execute if entity @s[tag=aj.ecual.bone.wing_right_1] run data modify entity @s {} merge value {transformation:[-0.7900939730401133f,-0.13403133074256812f,-0.15726271201244524f,0.13890437642496306f,-0.13366444521538784f,0.8055145467876679f,-0.014985841423318175f,1.086850482799442f,0.15757466260600259f,0.011241073671076188f,-0.8012417290754209f,0.23771470157339236f,0f,0f,0f,1f],start_interpolation:0}
execute if entity @s[tag=aj.ecual.bone.wing_right_2] run data modify entity @s {} merge value {transformation:[-0.7652994809586728f,0.17488366070757727f,-0.15405326891015045f,0.13890437642496306f,0.18099646670276717f,0.7791179476872803f,-0.014680007924883111f,1.086850482799442f,0.1468229664783416f,-0.04889712475266342f,-0.7848898570534736f,0.23771470157339236f,0f,0f,0f,1f],start_interpolation:0}
execute if entity @s[tag=aj.ecual.bone.wing_left_1] run data modify entity @s {} merge value {transformation:[-0.5525017867783641f,0.10270452589821143f,0.5925689836729418f,0.06769054930738122f,0.13366444521538784f,0.8055145467876679f,-0.014985841423318175f,1.086850482799442f,-0.5863616939538445f,0.08684779627558706f,-0.5617667385936057f,0.21497102366635437f,0f,0f,0f,1f],start_interpolation:0}
execute if entity @s[tag=aj.ecual.bone.wing_left_2] run data modify entity @s {} merge value {transformation:[-0.5385290576038556f,-0.1141681672932798f,0.5804757391081878f,0.06769054930738122f,-0.18099646670276717f,0.7791179476872803f,-0.014680007924883111f,1.086850482799442f,-0.5632288461694921f,-0.14121208577332964f,-0.5503021112753689f,0.21497102366635437f,0f,0f,0f,1f],start_interpolation:0}
execute if entity @s[tag=aj.ecual.bone.staff] run data modify entity @s {} merge value {transformation:[-1.1684854634283663f,-0.20695387000567167f,1.0164733481239294f,-0.7472669841804478f,0.8581256011359115f,0.6673764130401871f,1.1223348101136061f,0.9499808285531586f,-0.5828107964268727f,1.3975639767135133f,-0.38542542282649833f,0.4893493415203966f,0f,0f,0f,1f],start_interpolation:0}
execute if entity @s[tag=aj.ecual.bone.arm_right_2] run data modify entity @s {} merge value {transformation:[-0.8145109714623342f,-0.5801391469477799f,0.003232266416434315f,-0.5588898706018446f,-0.562883820351528f,0.7889110256551501f,-0.24653843186450278f,1.1052082108966492f,0.14047662493793617f,-0.2026276481096331f,-0.9691276252731655f,0.4369255862167474f,0f,0f,0f,1f],start_interpolation:0}
execute if entity @s[tag=aj.ecual.bone.arm_right_1] run data modify entity @s {} merge value {transformation:[-0.7994780765158869f,-0.5801391469477799f,0.15579915066892963f,-0.28089449957936585f,-0.599110295831437f,0.7889110256551501f,-0.13669764821864047f,1.314089694716143f,-0.043608010723096724f,-0.2026276481096331f,-0.9782844052842369f,0.4483534849344042f,0f,0f,0f,1f],start_interpolation:0}
execute if entity @s[tag=aj.ecual.bone.arm_left_2] run data modify entity @s {} merge value {transformation:[-0.3181306913895199f,0.8025574411409088f,0.5046725838257744f,0.4847293934276382f,0.8046610152627216f,0.5100651121280719f,-0.30389839075938424f,1.0480361114319765f,-0.5013117929117488f,0.30941094851206324f,-0.8080540521700719f,0.664147094315642f,0f,0f,0f,1f],start_interpolation:0}
execute if entity @s[tag=aj.ecual.bone.arm_left_1] run data modify entity @s {} merge value {transformation:[-0.5613973942008048f,0.7637567738427986f,0.3186040743521443f,0.28768727623509616f,0.8177554275371447f,0.5710407342978778f,0.07203152439093696f,1.314089694716143f,-0.12692133988454324f,0.30097852113029766f,-0.9451470273455508f,0.62994238833071f,0f,0f,0f,1f],start_interpolation:0}
execute if entity @s[tag=aj.ecual.bone.himo_right_2] run data modify entity @s {} merge value {transformation:[-0.5075292667096072f,-0.7017422911093806f,0.49997179950649806f,-0.1309806994244755f,-0.8592703858353997f,0.4551686829433315f,-0.23340067286517463f,1.0015659732718032f,-0.06378438256730151f,-0.5480686334175587f,-0.8339977971219813f,0.7493683308972976f,0f,0f,0f,1f],start_interpolation:0}
execute if entity @s[tag=aj.ecual.bone.himo_right_1] run data modify entity @s {} merge value {transformation:[-0.8281595267262568f,-0.41935584364285833f,0.3718769617697888f,-0.20728568909645023f,-0.49989034173742275f,0.8527053015686145f,-0.15166843743647218f,1.1605002895819405f,-0.253498411297162f,-0.3115033628700739f,-0.9158079549722473f,0.6852376506405822f,0f,0f,0f,1f],start_interpolation:0}
execute if entity @s[tag=aj.ecual.bone.himo_left_2] run data modify entity @s {} merge value {transformation:[-0.49992689443109367f,-0.7074827709172509f,0.49954101841563614f,0.16966877754620113f,-0.862072009606729f,0.46184276712943917f,-0.20864589308883696f,1.0002913604142434f,-0.08309603165674068f,-0.5349480229942637f,-0.8407887143732546f,0.837275693578678f,0f,0f,0f,1f],start_interpolation:0}
execute if entity @s[tag=aj.ecual.bone.himo_left_1] run data modify entity @s {} merge value {transformation:[-0.8281595267262569f,-0.4345605881998853f,0.3539899623942916f,0.09040110452368696f,-0.49989034173742275f,0.8583085491112731f,-0.11582780650665966f,1.1605002895819405f,-0.253498411297162f,-0.2728800646911956f,-0.9280490427579481f,0.7803103749318417f,0f,0f,0f,1f],start_interpolation:0}
execute if entity @s[tag=aj.ecual.bone.ponpon1] run data modify entity @s {} merge value {transformation:[-0.9999780507110858f,-0.0011501592949193055f,0.00652496970514943f,0.29660049464769533f,-0.000757804532487848f,0.9982090048798572f,0.05981812692701009f,1.8511474791723699f,-0.006582083890938228f,0.05981186931004294f,-0.9981879664979392f,0.5927911996990219f,0f,0f,0f,1f],start_interpolation:0}
execute if entity @s[tag=aj.ecual.bone.ponpon2] run data modify entity @s {} merge value {transformation:[-0.9999780507110858f,-0.0011501592949193055f,0.00652496970514943f,0.3348551573710837f,-0.000757804532487848f,0.9982090048798572f,0.05981812692701009f,1.732007720631763f,-0.006582083890938228f,0.05981186931004294f,-0.9981879664979392f,0.49198142232199504f,0f,0f,0f,1f],start_interpolation:0}
execute if entity @s[tag=aj.ecual.bone.ponpon3] run data modify entity @s {} merge value {transformation:[-0.9999780507110858f,-0.0011501592949193055f,0.00652496970514943f,-0.29088661014506756f,-0.000757804532487848f,0.9982090048798572f,0.05981812692701009f,1.850702269009533f,-0.006582083890938228f,0.05981186931004294f,-0.9981879664979392f,0.5889242254130957f,0f,0f,0f,1f],start_interpolation:0}
execute if entity @s[tag=aj.ecual.bone.ponpon4] run data modify entity @s {} merge value {transformation:[-0.9999780507110858f,-0.0011501592949193055f,0.00652496970514943f,-0.32763030122501063f,-0.000757804532487848f,0.9982090048798572f,0.05981812692701009f,1.73150567512899f,-0.006582083890938228f,0.05981186931004294f,-0.9981879664979392f,0.48762079174424844f,0f,0f,0f,1f],start_interpolation:0}
execute if entity @s[tag=aj.ecual.bone.ear_edge_a1] run data modify entity @s {} merge value {transformation:[-0.9878465860924045f,0.15529503248954263f,0.00652496970514943f,0.19811085873863674f,0.1554058169755333f,0.9860379423435547f,0.05981812692701009f,1.958962860636423f,0.002855590262674004f,0.06010515071905839f,-0.9981879664979392f,0.5766937027778245f,0f,0f,0f,1f],start_interpolation:0}
execute if entity @s[tag=aj.ecual.bone.ear_edge_a2] run data modify entity @s {} merge value {transformation:[-0.9999780507110858f,-0.0011501592949192951f,0.00652496970514943f,0.08291678440544054f,-0.0007578045324878602f,0.9982090048798572f,0.05981812692701009f,1.9689349071241395f,-0.006582083890938228f,0.05981186931004294f,-0.9981879664979392f,0.5765382924664211f,0f,0f,0f,1f],start_interpolation:0}
execute if entity @s[tag=aj.ecual.bone.ear_edge_b1] run data modify entity @s {} merge value {transformation:[-0.9705526776916367f,0.24080059093768974f,0.00652496970514943f,0.060585760588259444f,0.2407533201659675f,0.9687412608741343f,0.05981812692701009f,1.9646060319807974f,0.008083232933477734f,0.05962755138400491f,-0.9981879664979392f,0.5761329034312402f,0f,0f,0f,1f],start_interpolation:0}
execute if entity @s[tag=aj.ecual.bone.ear_edge_b2] run data modify entity @s {} merge value {transformation:[-0.9974619233816171f,-0.07090230020381312f,0.00652496970514943f,0.08968104142083833f,-0.07038749879878504f,0.9957245561418054f,0.05981812692701009f,1.9746113561171732f,-0.010738315356507344f,0.05920702764041785f,-0.9981879664979392f,0.5769226801081689f,0f,0f,0f,1f],start_interpolation:0}
execute if entity @s[tag=aj.ecual.bone.ear_right_2] run data modify entity @s {} merge value {transformation:[-0.9962730753141291f,0.08600804714952053f,0.00652496970514943f,0.14754905396663118f,0.08624472638025041f,0.9944765652656377f,0.05981812692701009f,2.081074067975528f,-0.001344089179705096f,0.06015793349996328f,-0.9981879664979392f,0.5523741844513088f,0f,0f,0f,1f],start_interpolation:0}
execute if entity @s[tag=aj.ecual.bone.ear_right_1] run data modify entity @s {} merge value {transformation:[-0.9962730753141291f,0.08600804714952053f,0.00652496970514943f,0.1281972433579891f,0.08624472638025041f,0.9944765652656377f,0.05981812692701009f,1.8573168407907596f,-0.001344089179705096f,0.06015793349996328f,-0.9981879664979392f,0.5388386494138171f,0f,0f,0f,1f],start_interpolation:0}
execute if entity @s[tag=aj.ecual.bone.ear_edge_a3] run data modify entity @s {} merge value {transformation:[-0.9875057631187079f,-0.15729494394321752f,-0.009521996494337309f,-0.19182581832182172f,-0.15500999880160243f,0.9587330114399644f,0.23833361711429746f,1.9501205726052877f,-0.028359620569840926f,0.23683182511047232f,-0.9711366631612552f,0.5928806699668482f,0f,0f,0f,1f],start_interpolation:0}
execute if entity @s[tag=aj.ecual.bone.ear_edge_a4] run data modify entity @s {} merge value {transformation:[-0.9999542789121421f,-0.0008784463896616967f,-0.009521996494337309f,-0.07665492517951422f,-0.0031226827309886324f,0.9711783233813333f,0.23833361711429746f,1.9602671945412904f,0.009038193285124339f,0.23835245441606728f,-0.9711366631612552f,0.594241574478934f,0f,0f,0f,1f],start_interpolation:0}
execute if entity @s[tag=aj.ecual.bone.ear_edge_b3] run data modify entity @s {} merge value {transformation:[-0.9707268632291404f,-0.23841922951806632f,-0.029079683652427968f,-0.0542405108371424f,-0.2257143043993241f,0.8641370597638459f,0.44980017200110656f,1.959088788561074f,-0.08211217811532567f,0.44319681061432215f,-0.8926556879707034f,0.564677116615049f,0f,0f,0f,1f],start_interpolation:0}
execute if entity @s[tag=aj.ecual.bone.ear_edge_b4] run data modify entity @s {} merge value {transformation:[-0.9968917025236919f,0.07322093579086282f,-0.029079683652427968f,-0.08330041185753875f,0.05236597691622291f,0.8915927375934513f,0.44980017200110656f,1.9677307862717166f,0.05886202426883183f,0.4468792732187584f,-0.8926556879707034f,0.5699784045014032f,0f,0f,0f,1f],start_interpolation:0}
execute if entity @s[tag=aj.ecual.bone.ear_left_2] run data modify entity @s {} merge value {transformation:[-0.9960725893388755f,-0.08362875561923826f,-0.029079683652427968f,-0.1416033131636331f,-0.08775456809515898f,0.8888075950655504f,0.44980017200110656f,2.0747497604649365f,-0.011769984969390402f,0.4505854970894765f,-0.8926556879707034f,0.5907955943495254f,0f,0f,0f,1f],start_interpolation:0}
execute if entity @s[tag=aj.ecual.bone.ear_left_1] run data modify entity @s {} merge value {transformation:[-0.9960725893388755f,-0.08802686152822552f,-0.009521996494337309f,-0.12179726931978237f,-0.08775456809515898f,0.9672105369213302f,0.23833361711429746f,1.8571273896576377f,-0.011769984969390402f,0.2382331818153026f,-0.9711366631612552f,0.5371931284410825f,0f,0f,0f,1f],start_interpolation:0}
execute if entity @s[tag=aj.ecual.bone.head] run data modify entity @s {} merge value {transformation:[-0.9999780507110858f,-0.0011501592949193055f,0.00652496970514943f,0.003585538354463584f,-0.000757804532487848f,0.9982090048798572f,0.05981812692701009f,1.3437706837568026f,-0.006582083890938228f,0.05981186931004294f,-0.9981879664979392f,0.5385556798591133f,0f,0f,0f,1f],start_interpolation:0}
execute if entity @s[tag=aj.ecual.bone.body_1] run data modify entity @s {} merge value {transformation:[-0.9525977395844389f,0.00637136931699904f,0.3041659944695394f,0.001196274860588944f,0f,0.9997806834748455f,-0.02094241988335699f,0.9688529274537355f,-0.3042327177320307f,-0.019949701842314094f,-0.9523888191583232f,0.5460368180499812f,0f,0f,0f,1f],start_interpolation:0}
execute if entity @s[tag=aj.ecual.bone.leg_left_2] run data modify entity @s {} merge value {transformation:[-0.9604730540621796f,0.05221547448897042f,0.273431996380016f,0.028595492171829856f,-0.11942620147936077f,0.809973094658174f,-0.5741785160819515f,0.5439227202636843f,-0.25145356394507623f,-0.5841379376087058f,-0.771721436157871f,0.980884049685964f,0f,0f,0f,1f],start_interpolation:0}
execute if entity @s[tag=aj.ecual.bone.leg_left_1] run data modify entity @s {} merge value {transformation:[-0.9604730540621796f,0.17729642286843747f,0.21461009029988687f,0.09430227026905307f,-0.11942620147936077f,0.4339516658998124f,-0.892985629258942f,0.6797854900875313f,-0.25145356394507623f,-0.8833187024516314f,-0.3956250435431074f,0.6653778261532505f,0f,0f,0f,1f],start_interpolation:0}
execute if entity @s[tag=aj.ecual.bone.leg_right_2] run data modify entity @s {} merge value {transformation:[-0.9389835756412177f,0.10013183171138977f,0.3290645239981906f,-0.25141944195553534f,0.07656185174172501f,0.9935323480261955f,-0.08385556799302663f,0.6570331113920438f,-0.33533286080238534f,-0.053545211771706624f,-0.9405768351189663f,0.8827020884817821f,0f,0f,0f,1f],start_interpolation:0}
execute if entity @s[tag=aj.ecual.bone.leg_right_1] run data modify entity @s {} merge value {transformation:[-0.9389835756412177f,0.3423054787734616f,0.033716522325189735f,-0.13724081786443174f,0.07656185174172501f,0.30356483722753946f,-0.949729789180531f,0.6817786952865874f,-0.33533286080238534f,-0.889199273954207f,-0.3112499376150932f,0.5686341956619165f,0f,0f,0f,1f],start_interpolation:0}
execute if entity @s[tag=aj.ecual.bone.skirt_forward_right] run data modify entity @s {} merge value {transformation:[-0.9016914979512228f,0.3754953440665205f,0.21437278070418672f,-0.012662842037007495f,0.12042015592996579f,0.6942682161073067f,-0.7095707365365209f,0.8369469647399246f,-0.41527271589677395f,-0.6139990966504294f,-0.6712329556451871f,0.5787491558402011f,0f,0f,0f,1f],start_interpolation:0}
execute if entity @s[tag=aj.ecual.bone.skirt_forward_left] run data modify entity @s {} merge value {transformation:[-0.9754763260842029f,0.06414700139146277f,0.2105495178378463f,-0.013396542510799875f,-0.12042015592996579f,0.6451892607161629f,-0.7544731962782599f,0.8191092426145616f,-0.1842414809294276f,-0.7613251474035353f,-0.6216422577623859f,0.5810464807895915f,0f,0f,0f,1f],start_interpolation:0}
execute if entity @s[tag=aj.ecual.bone.skirt_forward] run data modify entity @s {} merge value {transformation:[-0.9525977395844389f,0.2158746335996245f,0.21437278070418672f,-0.012662842037007495f,0f,0.7046342099635946f,-0.7095707365365209f,0.8369469647399246f,-0.3042327177320307f,-0.6759354796999553f,-0.6712329556451871f,0.5787491558402011f,0f,0f,0f,1f],start_interpolation:0}
execute if entity @s[tag=aj.ecual.bone.skirt_back_right] run data modify entity @s {} merge value {transformation:[-0.9292358280564728f,0.22570799756472265f,0.2925349136283129f,-0.012460672567526431f,0.1444493875143012f,0.9506379028245358f,-0.27463057397185753f,0.8619134587785335f,-0.3400810937158145f,-0.2129400797142046f,-0.9159701808183296f,0.5781161332610508f,0f,0f,0f,1f],start_interpolation:0}
execute if entity @s[tag=aj.ecual.bone.skirt_back_left] run data modify entity @s {} merge value {transformation:[-0.9543390064906243f,-0.06050111568362515f,0.2925349136283129f,-0.012460672567526431f,-0.1444493875143012f,0.9506379028245358f,-0.27463057397185753f,0.8619134587785335f,-0.26147932066844437f,-0.30434715821641123f,-0.9159701808183296f,0.5781161332610508f,0f,0f,0f,1f],start_interpolation:0}
execute if entity @s[tag=aj.ecual.bone.skirt_back] run data modify entity @s {} merge value {transformation:[-0.9525977395844389f,0.08355160589176572f,0.2925349136283129f,-0.012460672567526431f,0f,0.9615498155789373f,-0.27463057397185753f,0.8619134587785335f,-0.3042327177320307f,-0.2616124639863685f,-0.9159701808183296f,0.5781161332610508f,0f,0f,0f,1f],start_interpolation:0}
execute if entity @s[tag=aj.ecual.bone.skirt_right] run data modify entity @s {} merge value {transformation:[-0.9106502146961002f,0.31076447640070265f,0.27228960075872105f,-0.19476682822866268f,0.17637364564720184f,0.8883295845020703f,-0.42398453559003113f,0.891691940698498f,-0.3736422401108604f,-0.33807689880525144f,-0.8637681904881436f,0.5120957250860031f,0f,0f,0f,1f],start_interpolation:0}
execute if entity @s[tag=aj.ecual.bone.skirt_left] run data modify entity @s {} merge value {transformation:[-0.9575092870261839f,-0.06741139037275737f,0.280413390740565f,0.16989119034504116f,-0.19588848289048483f,0.8656199790991859f,-0.4607925282111131f,0.8988143436582837f,-0.21166876843189053f,-0.4961428788487616f,-0.8420442840125392f,0.6226282017901316f,0f,0f,0f,1f],start_interpolation:0}
execute if entity @s[tag=aj.ecual.bone.coat_downer] run data modify entity @s {} merge value {transformation:[-0.9525977395844389f,0.12020326892937581f,0.2794793743325429f,-0.029905103603068684f,0f,0.9186368133446756f,-0.3951030310791599f,0.7642986992148054f,-0.3042327177320307f,-0.37637425430896804f,-0.8750913518911901f,0.6177404894534453f,0f,0f,0f,1f],start_interpolation:0}
execute if entity @s[tag=aj.ecual.bone.body_2] run data modify entity @s {} merge value {transformation:[-0.9525977395844389f,0.12277168223726538f,0.2783606663651483f,0.004968863987323723f,0f,0.9149596678498247f,-0.4035452963523901f,0.9687350000000006f,-0.3042327177320307f,-0.38441633712521933f,-0.8715885114046721f,0.5342242822343106f,0f,0f,0f,1f],start_interpolation:0}
execute if entity @s[tag=aj.ecual.bone.book_left] run data modify entity @s {} merge value {transformation:[-0.4454333988782255f,-0.36524428372760853f,-0.8174262660130869f,1.285961813620761f,0.08134477931951233f,0.89271798427992f,-0.44321284663314586f,1.501831153846155f,0.8916120872000624f,-0.26391516392110337f,-0.3679356903199873f,0.9194778956502377f,0f,0f,0f,1f],start_interpolation:0}
execute if entity @s[tag=aj.ecual.bone.book_right] run data modify entity @s {} merge value {transformation:[-0.706676336712246f,-0.36524428372760853f,-0.6059745607987737f,1.231054625421064f,-0.08134477931951238f,0.89271798427992f,-0.44321284663314586f,1.501831153846155f,0.7028453471485887f,-0.26391516392110337f,-0.6605733905056099f,0.9954664683701083f,0f,0f,0f,1f],start_interpolation:0}
execute if entity @s[tag=aj.ecual.bone.book_loot_1] run data modify entity @s {} merge value {transformation:[-0.5856766741301012f,-0.36524428372760853f,-0.7235878983124369f,1.367046404267778f,-2.7755575615628914e-17f,0.89271798427992f,-0.4506158014797047f,1.5694235240681107f,0.8105447756786193f,-0.26391516392110337f,-0.5228440999691915f,1.0358987970055518f,0f,0f,0f,1f],start_interpolation:0}
execute if entity @s[tag=aj.ecual.bone.book_left2] run data modify entity @s {} merge value {transformation:[0.23564250313175975f,-0.3097489139917999f,0.9211559156834958f,0.6492627371911407f,-0.06777082806615348f,0.940302613293753f,0.3335237777073275f,2.0085603277566584f,-0.969473942703478f,-0.14101987701682162f,0.2005833211040591f,1.288236291095298f,0f,0f,0f,1f],start_interpolation:0}
execute if entity @s[tag=aj.ecual.bone.book_right2] run data modify entity @s {} merge value {transformation:[-0.5487709211910375f,-0.3097489139917999f,0.7764702739551855f,0.6654317818564149f,-0.2979147555796988f,0.940302613293753f,0.16455331610401308f,2.027443272243343f,-0.7810872387019447f,-0.14101987701682162f,-0.6082895032984968f,1.3786302007470281f,0f,0f,0f,1f],start_interpolation:0}
execute if entity @s[tag=aj.ecual.bone.book_loot_2] run data modify entity @s {} merge value {transformation:[-0.17246980976292542f,-0.3097489139917999f,0.9350453331262828f,0.5170904595548353f,-0.20141807452463445f,0.940302613293753f,0.2743387589964782f,1.976850986150529f,-0.9642017029517886f,-0.14101987701682162f,-0.22456284267668003f,1.367117672322665f,0f,0f,0f,1f],start_interpolation:0}
execute if entity @s[tag=aj.ecual.bone.air_staff_povit_1] run data modify entity @s {} merge value {transformation:[0.000013150374838901383f,-0.000005883027073809605f,0.000006049649497715772f,-0.6092760430578151f,8.673617379884036e-22f,0.000011201728244538791f,0.000010893204732102577f,1.1608575000000005f,-0.000008438499072488515f,-0.000009167982427138764f,0.000009427643216588409f,1.151879120291424f,0f,0f,0f,1f],start_interpolation:0}