execute if entity @s[tag=aj.ecual.bone.wing_right_1] run data modify entity @s {} merge value {transformation:[-0.7874312233686186f,-0.12436752088274146f,0.17728291699463342f,0.23654815785643865f,-0.1322366675304147f,0.8055831814214586f,-0.02221814609223975f,0.9618106952980816f,-0.17149337208503357f,-0.050128854014493615f,-0.7968824039784932f,0.05363608435299692f,0f,0f,0f,1f],start_interpolation:0}
execute if entity @s[tag=aj.ecual.bone.wing_right_2] run data modify entity @s {} merge value {transformation:[-0.7592669194743522f,0.18263145429297284f,0.17366489828045722f,0.23654815785643865f,0.18231437029528422f,0.7786448276235162f,-0.021764714539336903f,0.9618106952980816f,-0.17399774531804074f,0.018920473513594004f,-0.7806194977748505f,0.05363608435299692f,0f,0f,0f,1f],start_interpolation:0}
execute if entity @s[tag=aj.ecual.bone.wing_left_1] run data modify entity @s {} merge value {transformation:[-0.4051950263368036f,0.08592466484147543f,0.7038312205694215f,0.1827129656094542f,0.1322366675304147f,0.8055831814214586f,-0.02221814609223975f,0.9618106952980816f,-0.6966167517629849f,0.10294238304607906f,-0.4136090078569697f,0.01444956181883747f,0f,0f,0f,1f],start_interpolation:0}
execute if entity @s[tag=aj.ecual.bone.wing_left_2] run data modify entity @s {} merge value {transformation:[-0.39892245274217186f,-0.07413294785720781f,0.6894673181088211f,0.1827129656094542f,-0.18231437029528422f,0.7786448276235162f,-0.021764714539336903f,0.9618106952980816f,-0.6690458482660241f,-0.167977791559317f,-0.4051680076966234f,0.01444956181883747f,0f,0f,0f,1f],start_interpolation:0}
execute if entity @s[tag=aj.ecual.bone.staff] run data modify entity @s {} merge value {transformation:[-0.5396653791555571f,-0.5398309381499475f,1.3633598522609633f,-0.6103313586410058f,1.2655110563535366f,0.5623820051868211f,0.7236121174282572f,0.7513314394352204f,-0.7407086436567648f,1.3541474397044797f,0.24298491054787377f,-0.0054165164349758155f,0f,0f,0f,1f],start_interpolation:0}
execute if entity @s[tag=aj.ecual.bone.arm_right_2] run data modify entity @s {} merge value {transformation:[-0.7186455147534913f,-0.5734499315862749f,0.3933240395505798f,-0.44043041665945787f,-0.6827086800188595f,0.6893160146720195f,-0.24238871703029113f,0.9339631780374389f,-0.13212676621940017f,-0.442717300181934f,-0.8868731080419697f,0.005189225875361594f,0f,0f,0f,1f],start_interpolation:0}
execute if entity @s[tag=aj.ecual.bone.arm_right_1] run data modify entity @s {} merge value {transformation:[-0.5893872485559906f,-0.5734499315862749f,0.5690148040282392f,-0.22862081590119598f,-0.7224715719976987f,0.6893160146720195f,-0.05364941352762514f,1.1921535818038147f,-0.3614657644850658f,-0.442717300181934f,-0.8205753428082313f,0.12900730134729257f,0f,0f,0f,1f],start_interpolation:0}
execute if entity @s[tag=aj.ecual.bone.arm_left_2] run data modify entity @s {} merge value {transformation:[-0.14589859630824714f,0.6192134455967984f,0.7715492909642417f,0.4430124005921332f,0.8096404096276971f,0.522903898389707f,-0.26655941203930844f,0.9439035762090322f,-0.5685033040301333f,0.5857868399349613f,-0.577631172519138f,0.5965822757401066f,0f,0f,0f,1f],start_interpolation:0}
execute if entity @s[tag=aj.ecual.bone.arm_left_1] run data modify entity @s {} merge value {transformation:[-0.5234135151097227f,0.5580519586333517f,0.6439070613574323f,0.2539499910614639f,0.775584476595597f,0.6249644578570251f,0.08881523562660021f,1.1921535818038147f,-0.3528555113136511f,0.5458914158337302f,-0.7599312799553835f,0.48026957073073684f,0f,0f,0f,1f],start_interpolation:0}
execute if entity @s[tag=aj.ecual.bone.himo_right_2] run data modify entity @s {} merge value {transformation:[-0.7547668338716641f,-0.14219824045852922f,0.6403957267954261f,-0.22398444005286555f,-0.43464790621150595f,0.8395867482558792f,-0.3258454998600915f,0.8617763928317845f,-0.49133310911569733f,-0.5242840380591586f,-0.6954983992239558f,0.4347314784700346f,0f,0f,0f,1f],start_interpolation:0}
execute if entity @s[tag=aj.ecual.bone.himo_right_1] run data modify entity @s {} merge value {transformation:[-0.7917012450660655f,-0.07398569267636423f,0.6064117873524888f,-0.2340666837587308f,-0.22485204441366272f,0.958247587493251f,-0.1766440465635917f,1.0403437901957466f,-0.5680235001158296f,-0.276202241740654f,-0.7752816423556019f,0.3780980478789395f,0f,0f,0f,1f],start_interpolation:0}
execute if entity @s[tag=aj.ecual.bone.himo_left_2] run data modify entity @s {} merge value {transformation:[-0.7490690504154037f,-0.15367261476601668f,0.6444224431075789f,0.033442306986625064f,-0.4361228065691702f,0.8466028099478401f,-0.30505832192984256f,0.8602952780782189f,-0.4986907411412361f,-0.5095570720335423f,-0.7011840949712193f,0.6125737697848573f,0f,0f,0f,1f],start_interpolation:0}
execute if entity @s[tag=aj.ecual.bone.himo_left_1] run data modify entity @s {} merge value {transformation:[-0.7917012450660655f,-0.09931468467811129f,0.6027816619374954f,0.018588188996588526f,-0.22485204441366266f,0.9648041264788819f,-0.1363618555620219f,1.0403437901957466f,-0.5680235001158296f,-0.24349453984968283f,-0.7861677380683803f,0.5620049952001145f,0f,0f,0f,1f],start_interpolation:0}
execute if entity @s[tag=aj.ecual.bone.ponpon1] run data modify entity @s {} merge value {transformation:[-0.9034601155512662f,-0.022203769435222953f,0.4280967323292252f,0.25789963914442676f,0.0010589061420849272f,0.9985390112673587f,0.054025195001851684f,1.7289659691955168f,-0.42867085080032585f,0.04926292317832256f,-0.9021166587942224f,0.47467554635986914f,0f,0f,0f,1f],start_interpolation:0}
execute if entity @s[tag=aj.ecual.bone.ponpon2] run data modify entity @s {} merge value {transformation:[-0.9034601155512662f,-0.022203769435222953f,0.4280967323292252f,0.3346889333128669f,0.0010589061420849272f,0.9985390112673587f,0.054025195001851684f,1.6091737458381923f,-0.42867085080032585f,0.04926292317832256f,-0.9021166587942224f,0.40001940110563267f,0f,0f,0f,1f],start_interpolation:0}
execute if entity @s[tag=aj.ecual.bone.ponpon3] run data modify entity @s {} merge value {transformation:[-0.9034601155512662f,-0.022203769435222953f,0.4280967323292252f,-0.27288317874194207f,0.0010589061420849272f,0.9985390112673587f,0.054025195001851684f,1.7295880765539917f,-0.42867085080032585f,0.04926292317832256f,-0.9021166587942224f,0.22283142151467766f,0f,0f,0f,1f],start_interpolation:0}
execute if entity @s[tag=aj.ecual.bone.ponpon4] run data modify entity @s {} merge value {transformation:[-0.9034601155512662f,-0.022203769435222953f,0.4280967323292252f,-0.26385339323984686f,0.0010589061420849272f,0.9985390112673587f,0.054025195001851684f,1.6098752711573234f,-0.42867085080032585f,0.04926292317832256f,-0.9021166587942224f,0.11602496245041682f,0f,0f,0f,1f],start_interpolation:0}
execute if entity @s[tag=aj.ecual.bone.ear_edge_a1] run data modify entity @s {} merge value {transformation:[-0.8958104571161972f,0.1194018956730151f,0.4280967323292252f,0.17589208226243463f,0.15725178529973216f,0.9860796896423021f,0.054025195001851684f,1.8368688332651864f,-0.41568678225476086f,0.11571531007015276f,-0.9021166587942224f,0.4179725763435157f,0f,0f,0f,1f],start_interpolation:0}
execute if entity @s[tag=aj.ecual.bone.ear_edge_a2] run data modify entity @s {} merge value {transformation:[-0.9034601155512663f,-0.022203769435222946f,0.4280967323292252f,0.07160326215787616f,0.0010589061420849255f,0.9985390112673587f,0.054025195001851684f,1.8470534631943722f,-0.42867085080032585f,0.04926292317832256f,-0.9021166587942224f,0.36909256059674483f,0f,0f,0f,1f],start_interpolation:0}
execute if entity @s[tag=aj.ecual.bone.ear_edge_b1] run data modify entity @s {} merge value {transformation:[-0.8819950669714387f,0.19702256116264275f,0.4280967323292252f,0.05151905446564292f,0.24259590254020977f,0.968621962571422f,0.054025195001851684f,1.8427637414534233f,-0.404019714752571f,0.1515044686377263f,-0.9021166587942224f,0.3593047613670677f,0f,0f,0f,1f],start_interpolation:0}
execute if entity @s[tag=aj.ecual.bone.ear_edge_b2] run data modify entity @s {} merge value {transformation:[-0.8997104754579013f,-0.0851718739981526f,0.4280967323292252f,0.07759438605219607f,-0.06859823362201309f,0.9961804859808044f,0.054025195001851684f,1.852719486277103f,-0.43106303795994544f,0.019240354224681233f,-0.9021166587942224f,0.3722749522930745f,0f,0f,0f,1f],start_interpolation:0}
execute if entity @s[tag=aj.ecual.bone.ear_right_2] run data modify entity @s {} merge value {transformation:[-0.9019573630664518f,0.05662246002473503f,0.4280967323292252f,0.140854050276221f,0.08808328587404064f,0.994646979111003f,0.054025195001851684f,1.958930752801653f,-0.4227460821342348f,0.08643658927851885f,-0.9021166587942224f,0.37401457201147004f,0f,0f,0f,1f],start_interpolation:0}
execute if entity @s[tag=aj.ecual.bone.ear_right_1] run data modify entity @s {} merge value {transformation:[-0.9019573630664518f,0.05662246002473503f,0.4280967323292252f,0.12811399677065563f,0.08808328587404064f,0.994646979111003f,0.054025195001851684f,1.7351351825016776f,-0.4227460821342348f,0.08643658927851885f,-0.9021166587942224f,0.35456633942380333f,0f,0f,0f,1f],start_interpolation:0}
execute if entity @s[tag=aj.ecual.bone.ear_edge_a3] run data modify entity @s {} merge value {transformation:[-0.8855786915881247f,-0.21023890459187633f,0.414185929264953f,-0.18160376037697679f,-0.15430748307277403f,0.9742187591614305f,0.16458131718305152f,1.8324906510481687f,-0.4381090979114797f,0.08183771926178404f,-0.8951888102703357f,0.2613607114675843f,0f,0f,0f,1f],start_interpolation:0}
execute if entity @s[tag=aj.ecual.bone.ear_edge_a4] run data modify entity @s {} merge value {transformation:[-0.9075643589315626f,-0.0691154859352739f,0.414185929264953f,-0.07776245203883211f,-0.0000063114759845800394f,0.9863635181790014f,0.16458131718305152f,1.842431340744059f,-0.4199130080829923f,0.14936552349680268f,-0.8951888102703357f,0.31123360987937093f,0f,0f,0f,1f],start_interpolation:0}
execute if entity @s[tag=aj.ecual.bone.ear_edge_b3] run data modify entity @s {} merge value {transformation:[-0.8550930764650606f,-0.34213387229387876f,0.3895641718776431f,-0.049572845886664454f,-0.23354994483770136f,0.9249945331460353f,0.2997324422151447f,1.837904264554957f,-0.4628933504035513f,0.16531644527736572f,-0.8708617680625502f,0.3041566911320705f,0f,0f,0f,1f],start_interpolation:0}
execute if entity @s[tag=aj.ecual.bone.ear_edge_b4] run data modify entity @s {} merge value {transformation:[-0.9189670233010825f,-0.06115035629032717f,0.3895641718776431f,-0.07738348761709277f,0.06371983352777595f,0.9518929802761115f,0.2997324422151447f,1.8473630286555467f,-0.3891521462106313f,0.3002671943896446f,-0.8708617680625502f,0.2949716155618235f,0f,0f,0f,1f],start_interpolation:0}
execute if entity @s[tag=aj.ecual.bone.ear_left_2] run data modify entity @s {} merge value {transformation:[-0.8980869910326025f,-0.2041556086109129f,0.3895641718776431f,-0.1310402155658767f,-0.08597353250499708f,0.9501415761834429f,0.2997324422151447f,1.9564870593891233f,-0.43133317545328986f,0.23569359915014793f,-0.8708617680625502f,0.2726434720308975f,0f,0f,0f,1f],start_interpolation:0}
execute if entity @s[tag=aj.ecual.bone.ear_left_1] run data modify entity @s {} merge value {transformation:[-0.8980869910326025f,-0.14795192643873706f,0.414185929264953f,-0.09775103211716092f,-0.08597353250499708f,0.9826095571196649f,0.16458131718305152f,1.735399909037199f,-0.43133317545328986f,0.11219931247633627f,-0.8951888102703357f,0.24739862672372187f,0f,0f,0f,1f],start_interpolation:0}
execute if entity @s[tag=aj.ecual.bone.head] run data modify entity @s {} merge value {transformation:[-0.9034601155512662f,-0.022203769435222953f,0.4280967323292252f,0.013182891277010823f,0.0010589061420849272f,0.9985390112673587f,0.054025195001851684f,1.221828015151109f,-0.42867085080032585f,0.04926292317832256f,-0.9021166587942224f,0.30392638053219173f,0f,0f,0f,1f],start_interpolation:0}
execute if entity @s[tag=aj.ecual.bone.body_1] run data modify entity @s {} merge value {transformation:[-0.8084955928170217f,0.017458650842168216f,0.588243208125877f,0.006635897211197741f,0f,0.999559860119384f,-0.029666244085110705f,0.84699306760634f,-0.5885022314277599f,-0.023985027598246f,-0.8081397416633207f,0.312920765881534f,0f,0f,0f,1f],start_interpolation:0}
execute if entity @s[tag=aj.ecual.bone.leg_left_2] run data modify entity @s {} merge value {transformation:[-0.8319626110724445f,0.27445443968493977f,0.48219599159962556f,-0.11494137390087031f,-0.11988130891499858f,0.7596351934106867f,-0.6392048534740137f,0.4921715253876718f,-0.5417256552447438f,-0.5896008255329486f,-0.5990861215055132f,0.7348809772299767f,0f,0f,0f,1f],start_interpolation:0}
execute if entity @s[tag=aj.ecual.bone.leg_left_1] run data modify entity @s {} merge value {transformation:[-0.8319626110724445f,0.5013961738165803f,0.23757123281158005f,0.05973340724066097f,-0.11988130891499858f,0.2556238796423106f,-0.959314809606023f,0.5565370225614361f,-0.5417256552447438f,-0.8265944041902941f,-0.1525614807575812f,0.45237800626023217f,0f,0f,0f,1f],start_interpolation:0}
execute if entity @s[tag=aj.ecual.bone.leg_right_2] run data modify entity @s {} merge value {transformation:[-0.7752462311340811f,0.2301017250112456f,0.5882571523230736f,-0.34353069421069315f,0.10874769622776732f,0.9660033934758999f,-0.23454505400497985f,0.5386302414603196f,-0.6222276268999603f,-0.11785855904385914f,-0.7739135225479324f,0.5507160950093122f,0f,0f,0f,1f],start_interpolation:0}
execute if entity @s[tag=aj.ecual.bone.leg_right_1] run data modify entity @s {} merge value {transformation:[-0.7752462311340811f,0.6270356153694894f,0.07628642192820823f,-0.1303996133399607f,0.10874769622776732f,0.251459210317458f,-0.9617391559626101f,0.5592712738015961f,-0.6222276268999603f,-0.7372886833559337f,-0.2631314837067539f,0.28877915196532256f,0f,0f,0f,1f],start_interpolation:0}
execute if entity @s[tag=aj.ecual.bone.skirt_forward_right] run data modify entity @s {} merge value {transformation:[-0.7360695930640611f,0.5236037075487392f,0.428999663878332f,-0.012459927817524738f,0.11328177911359698f,0.7201128371897803f,-0.6845471059286887f,0.7250425516008138f,-0.6673595677649087f,-0.45527646453083814f,-0.5893679225720847f,0.3357565168086344f,0f,0f,0f,1f],start_interpolation:0}
execute if entity @s[tag=aj.ecual.bone.skirt_forward_left] run data modify entity @s {} merge value {transformation:[-0.8612777640049243f,0.3117672130980327f,0.40125031846437703f,-0.013950308511744435f,-0.11328177911359698f,0.6519721239444297f,-0.7497330112248277f,0.6996686052301727f,-0.4953461938397592f,-0.6911827214539404f,-0.5262115485353666f,0.33780403023942096f,0f,0f,0f,1f],start_interpolation:0}
execute if entity @s[tag=aj.ecual.bone.skirt_forward] run data modify entity @s {} merge value {transformation:[-0.8084955928170217f,0.40285749935644843f,0.428999663878332f,-0.012459927817524738f,0f,0.7289686274214116f,-0.6845471059286887f,0.7250425516008138f,-0.5885022314277599f,-0.5534533182189918f,-0.5893679225720847f,0.3357565168086344f,0f,0f,0f,1f],start_interpolation:0}
execute if entity @s[tag=aj.ecual.bone.skirt_back_right] run data modify entity @s {} merge value {transformation:[-0.780935365924051f,0.268093100741346f,0.5641507277172999f,-0.012219138703079013f,0.12081103474779553f,0.9509780961966434f,-0.28468465788899533f,0.7500239067683042f,-0.6128169776794989f,-0.154164684312257f,-0.7750410324483903f,0.33542571612950123f,0f,0f,0f,1f],start_interpolation:0}
execute if entity @s[tag=aj.ecual.bone.skirt_back_left] run data modify entity @s {} merge value {transformation:[-0.8231634850280491f,0.0643104449721636f,0.5641507277172999f,-0.012219138703079013f,-0.12081103474779553f,0.9509780961966434f,-0.28468465788899533f,0.7500239067683042f,-0.5548031820381383f,-0.30249764829117215f,-0.7750410324483903f,0.33542571612950123f,0f,0f,0f,1f],start_interpolation:0}
execute if entity @s[tag=aj.ecual.bone.skirt_back] run data modify entity @s {} merge value {transformation:[-0.8084955928170217f,0.16753755642092216f,0.5641507277172999f,-0.012219138703079013f,0f,0.9586212211101033f,-0.28468465788899533f,0.7500239067683042f,-0.5885022314277599f,-0.2301662912458743f,-0.7750410324483903f,0.33542571612950123f,0f,0f,0f,1f],start_interpolation:0}
execute if entity @s[tag=aj.ecual.bone.skirt_right] run data modify entity @s {} merge value {transformation:[-0.7571283715053068f,0.37372075656286974f,0.5358072649524251f,-0.16623001974465573f,0.1551374178223494f,0.8995952834327425f,-0.40824099208308035f,0.7731956606115391f,-0.6345778208014649f,-0.22596708198239882f,-0.7390871851190657f,0.2177832030942433f,0f,0f,0f,1f],start_interpolation:0}
execute if entity @s[tag=aj.ecual.bone.skirt_left] run data modify entity @s {} merge value {transformation:[-0.8384294321017873f,0.12015616504326955f,0.5316000219973368f,0.1486799515045028f,-0.16727467567119025f,0.8715847626477894f,-0.46082446158954576f,0.777541528795063f,-0.5187053790588377f,-0.4752920128955369f,-0.7106632340378503f,0.436808160396793f,0f,0f,0f,1f],start_interpolation:0}
execute if entity @s[tag=aj.ecual.bone.coat_downer] run data modify entity @s {} merge value {transformation:[-0.8084955928170217f,0.24776560914495266f,0.5338043455428995f,-0.04437194110811067f,0f,0.9070557714757369f,-0.4210104837561121f,0.6417046366686538f,-0.5885022314277599f,-0.34038512064657894f,-0.7333505936773769f,0.3697210814881322f,0f,0f,0f,1f],start_interpolation:0}
execute if entity @s[tag=aj.ecual.bone.body_2] run data modify entity @s {} merge value {transformation:[-0.8084955928170217f,0.23277941088951956f,0.5405077448671581f,0.013956080331399327f,0f,0.9184463813430872f,-0.3955455025629649f,0.8469199999999999f,-0.5885022314277599f,-0.3197967955807511f,-0.7425598515546277f,0.3028641586585875f,0f,0f,0f,1f],start_interpolation:0}
execute if entity @s[tag=aj.ecual.bone.book_left] run data modify entity @s {} merge value {transformation:[-0.46635129174165957f,-0.3148450841006745f,-0.8266734819192669f,0.4798771295389759f,0.042209717815148144f,0.9255325734164761f,-0.37630811214620513f,1.2038783333333336f,0.8835919943123359f,-0.2103854285893263f,-0.41833378900638f,1.136490612016059f,0f,0f,0f,1f],start_interpolation:0}
execute if entity @s[tag=aj.ecual.bone.book_right] run data modify entity @s {} merge value {transformation:[-0.6379104289625123f,-0.3148450841006745f,-0.7028106840668422f,0.42779025174790175f,-0.04220971781514809f,0.9255325734164761f,-0.37630811214620513f,1.2038783333333336f,0.7689529402654164f,-0.2103854285893263f,-0.6036964030822582f,1.2144394392168432f,0f,0f,0f,1f],start_interpolation:0}
execute if entity @s[tag=aj.ecual.bone.book_loot_1] run data modify entity @s {} merge value {transformation:[-0.5555933631047911f,-0.3148450841006745f,-0.7695379054286714f,0.5692643764577395f,2.7755575615628914e-17f,0.9255325734164761f,-0.3786680017443715f,1.2606785335949893f,0.8314541568083641f,-0.2103854285893263f,-0.5142197551274921f,1.252597988885575f,0f,0f,0f,1f],start_interpolation:0}
execute if entity @s[tag=aj.ecual.bone.book_left2] run data modify entity @s {} merge value {transformation:[-0.19966787061828023f,-0.4966505748660172f,0.8446720949149535f,0.48354042661100133f,-0.4206515332395868f,0.8220006178846677f,0.38388445107923985f,1.8318866529550946f,-0.8849774172406584f,-0.27866322090020984f,-0.37304393882165454f,0.8574679577202791f,0f,0f,0f,1f],start_interpolation:0}
execute if entity @s[tag=aj.ecual.bone.book_right2] run data modify entity @s {} merge value {transformation:[-0.7983580154695038f,-0.4966505748660172f,0.3405329435177307f,0.5359527128508752f,-0.5586087780782355f,0.8220006178846677f,-0.11077552640888297f,1.8833134470449056f,-0.22490156110960197f,-0.27866322090020984f,-0.9336841527668683f,0.9157543163366285f,0f,0f,0f,1f],start_interpolation:0}
execute if entity @s[tag=aj.ecual.bone.book_loot_2] run data modify entity @s {} merge value {transformation:[-0.5590643865586544f,-0.4966505748660172f,0.6639165747042696f,0.4101590835252978f,-0.5485524702913178f,0.8220006178846677f,0.15298748816330499f,1.8346519267755044f,-0.6217211585743951f,-0.27866322090020984f,-0.7319901709028834f,0.9964096626638863f,0f,0f,0f,1f],start_interpolation:0}
execute if entity @s[tag=aj.ecual.bone.air_staff_povit_1] run data modify entity @s {} merge value {transformation:[-0.000009970418984604941f,0.000005499086975766549f,-0.00001070006601401992f,-0.622292583489527f,0f,0.000013897130832676523f,0.000007142155110292103f,1.0290424999999999f,0.000012030435165505422f,0.000004557457849769573f,-0.000008867853893482025f,0.7568755903344168f,0f,0f,0f,1f],start_interpolation:0}