execute if entity @s[tag=aj.ecual.bone.book_left] run data modify entity @s {} merge value {transformation:[0.6138823854669759f,-0.5631935587025281f,-0.5531378058398804f,-1.7425473348135108f,0.2089655904958672f,0.79165026652909f,-0.5741282413303967f,1.9912499999999997f,0.7612370188069473f,0.23686044612894466f,0.6036682286301877f,-0.36070916421808813f,0f,0f,0f,1f],start_interpolation:0}
execute if entity @s[tag=aj.ecual.bone.book_right] run data modify entity @s {} merge value {transformation:[0.11471106207252577f,-0.5631935587025281f,-0.8183241336256528f,-1.706202665186489f,-0.2089655904958672f,0.79165026652909f,-0.5741282413303967f,1.9912499999999997f,0.9711718458784246f,0.23686044612894466f,-0.026877031694192643f,-0.274290835781913f,0f,0f,0f,1f],start_interpolation:0}
execute if entity @s[tag=aj.ecual.bone.book_loot_1] run data modify entity @s {} merge value {transformation:[0.38767647602156613f,-0.5631935587025281f,-0.7297396558879626f,-1.6149140516168055f,-1.3877787807814457e-17f,0.79165026652909f,-0.6109745129744945f,2.082896176946174f,0.9217955033192015f,0.23686044612894466f,0.30690418556953114f,-0.36353562783543025f,0f,0f,0f,1f],start_interpolation:0}
execute if entity @s[tag=aj.ecual.bone.book_left2] run data modify entity @s {} merge value {transformation:[0.3099755192194448f,0.42261826174069944f,0.8516507396391463f,1.3437500000000002f,-0.15224735203951148f,0.9062772944875664f,-0.3943123245515587f,2.1589904864615224f,-0.9384753173534146f,-0.007434402435055841f,0.34526628618913974f,-0.05499842289974863f,0f,0f,0f,1f],start_interpolation:0}
execute if entity @s[tag=aj.ecual.bone.book_right2] run data modify entity @s {} merge value {transformation:[-0.30997551921944433f,0.42261826174069944f,0.8516507396391465f,1.3437500000000002f,0.13683083855899267f,0.9062772944875664f,-0.3999234765746312f,2.1597595135384773f,-0.9408466926677685f,-0.007434402435055841f,-0.33875098605990045f,0.03874842289974964f,0f,0f,0f,1f],start_interpolation:0}
execute if entity @s[tag=aj.ecual.bone.book_loot_2] run data modify entity @s {} merge value {transformation:[2.2198284840107434e-16f,0.42261826174069944f,0.9063077870366498f,1.2078038319445028f,-0.008202955487521698f,0.9062772944875664f,-0.4226040428315451f,2.2227656064247316f,-0.9999663551946483f,-0.007434402435055841f,0.003466718789272954f,-0.008645007818390437f,0f,0f,0f,1f],start_interpolation:0}
execute if entity @s[tag=aj.ecual.bone.air_staff_povit_1] run data modify entity @s {} merge value {transformation:[-1.2650501217907988f,-0.9170902024103647f,-6.727992478920807e-17f,0.718749999999999f,0.11462427295085434f,-0.15811470897360463f,1.5502474850347858f,0.9961224999999999f,-0.9098987390954947f,1.2551300926394469f,0.19529205089639418f,3.6059675f,0f,0f,0f,1f],start_interpolation:0}