execute if entity @s[tag=aj.ecual.bone.wing_right_1] run data modify entity @s {} merge value {transformation:[-0.6853093761238432f,-0.4421344613303042f,0.042574893368685536f,-0.051330965772220474f,-0.414499643508763f,0.6647064945805482f,0.23086742091077375f,1.2135250008181964f,-0.15964193989143838f,0.17212448579747666f,-0.7821969425030356f,-0.2681240824388894f,0f,0f,0f,1f],start_interpolation:0}
execute if entity @s[tag=aj.ecual.bone.wing_right_2] run data modify entity @s {} merge value {transformation:[-0.7859665364254715f,-0.1432383038242486f,0.041706017993814404f,-0.051330965772220474f,-0.12595158270320317f,0.7569608539712646f,0.22615584089218654f,1.2135250008181964f,-0.07995500255710286f,0.21562247997981585f,-0.7662337395948104f,-0.2681240824388894f,0f,0f,0f,1f],start_interpolation:0}
execute if entity @s[tag=aj.ecual.bone.wing_left_1] run data modify entity @s {} merge value {transformation:[-0.10193654177417565f,-0.30332176555228246f,0.7513649528942725f,-0.11697201023463509f,0.3173783026244872f,0.6818316073810301f,0.31830978094278617f,1.2054269642195998f,-0.7455363162977143f,0.3317318347142633f,0.03277247874036313f,-0.3435983971480323f,0f,0f,0f,1f],start_interpolation:0}
execute if entity @s[tag=aj.ecual.bone.wing_left_2] run data modify entity @s {} merge value {transformation:[0.021452208776271527f,-0.312727049778132f,0.7360309742637772f,-0.11697201023463509f,0.03163460380443242f,0.7360512831528003f,0.31181366296436197f,1.2054269642195998f,-0.7990863874330209f,0.020743695576774385f,0.03210365264362103f,-0.3435983971480323f,0f,0f,0f,1f],start_interpolation:0}
execute if entity @s[tag=aj.ecual.bone.staff] run data modify entity @s {} merge value {transformation:[0.6912585487987322f,-1.366386102521084f,-0.31073604160108576f,-0.8721874114140156f,0.6366250527041141f,-0.002432587680229986f,1.4269228692493021f,1.261838519046223f,-1.2483094211701495f,-0.7578847876520675f,0.5556442096012757f,-0.801315903044368f,0f,0f,0f,1f],start_interpolation:0}
execute if entity @s[tag=aj.ecual.bone.arm_right_2] run data modify entity @s {} merge value {transformation:[-0.5882128455776848f,-0.3438367031695037f,0.731971290318773f,-0.7248193409538548f,0.036041422347401514f,0.8930690224869011f,0.44847378624560313f,1.2801027332499626f,-0.8079026328540955f,0.2901793283950759f,-0.5129223071768312f,-0.6006363309368741f,0f,0f,0f,1f],start_interpolation:0}
execute if entity @s[tag=aj.ecual.bone.arm_right_1] run data modify entity @s {} merge value {transformation:[-0.4272650968202013f,-0.3438367031695037f,0.8361942708442522f,-0.5692962305671082f,0.12638810439388187f,0.8930690224869011f,0.431802927435667f,1.2398965202131773f,-0.8952488950604439f,0.2901793283950759f,-0.33812035322535283f,-0.28399945185632147f,0f,0f,0f,1f],start_interpolation:0}
execute if entity @s[tag=aj.ecual.bone.arm_left_2] run data modify entity @s {} merge value {transformation:[-0.6529765178761697f,-0.23466300153755543f,0.7201075911360034f,0.06475870034046732f,-0.027191359264921368f,0.9574405908417527f,0.2873467330420183f,1.3068782313233518f,-0.7568898843845375f,0.16804996494489416f,-0.6315670290621428f,0.391297853033115f,0f,0f,0f,1f],start_interpolation:0}
execute if entity @s[tag=aj.ecual.bone.arm_left_1] run data modify entity @s {} merge value {transformation:[-0.7201767919932401f,-0.19604479413394438f,0.665516210897454f,-0.1788788844688711f,0.001684714441426368f,0.9587495332193084f,0.2842472414800339f,1.2880617190353998f,-0.6937885484869122f,0.20582947127352091f,-0.6901388836630542f,0.16490385077468536f,0f,0f,0f,1f],start_interpolation:0}
execute if entity @s[tag=aj.ecual.bone.himo_right_2] run data modify entity @s {} merge value {transformation:[-0.6731514707250406f,0.4736025857725348f,0.5679504275993493f,-0.5747729910013337f,0.32881634482453137f,0.8796059751815629f,-0.3437632030935344f,0.8358749954954303f,-0.6623797316018585f,-0.04465332209881556f,-0.7478363270051739f,-0.09535035597581794f,0f,0f,0f,1f],start_interpolation:0}
execute if entity @s[tag=aj.ecual.bone.himo_right_1] run data modify entity @s {} merge value {transformation:[-0.7206057411593401f,0.13572162629828943f,0.6799316185934772f,-0.5450756134541952f,0.125918606740085f,0.9899638806371647f,-0.06415621178375025f,1.0210922467912502f,-0.6818151291111355f,0.0393847075494167f,-0.7304635340154995f,-0.09253112039789917f,0f,0f,0f,1f],start_interpolation:0}
execute if entity @s[tag=aj.ecual.bone.himo_left_2] run data modify entity @s {} merge value {transformation:[-0.680757403952494f,0.45041268086624386f,0.5776657977401329f,-0.3665078050052115f,0.33139895827013427f,0.8926676107927214f,-0.3054820241832313f,0.8606797036036701f,-0.6532565249741719f,-0.016521306137763203f,-0.7569563785464599f,0.1341793137681637f,0f,0f,0f,1f],start_interpolation:0}
execute if entity @s[tag=aj.ecual.bone.himo_left_1] run data modify entity @s {} merge value {transformation:[-0.7230695624250378f,0.11510503353976526f,0.68111763972773f,-0.34066862596820724f,0.13103869996483844f,0.9909715607485042f,-0.02835885927181364f,1.0463096283735658f,-0.6782324579419577f,0.06874734206849753f,-0.7316245867605377f,0.14249678673875363f,0f,0f,0f,1f],start_interpolation:0}
execute if entity @s[tag=aj.ecual.bone.ponpon1] run data modify entity @s {} merge value {transformation:[-0.9339569417495968f,-0.26678067446377457f,0.23780770107461574f,-0.252333476250988f,-0.18394007129360695f,0.9293350339648937f,0.32016003001307425f,1.8108009033039263f,-0.30641553669852195f,0.2552733170116363f,-0.9170305624632331f,0.18772140431580536f,0f,0f,0f,1f],start_interpolation:0}
execute if entity @s[tag=aj.ecual.bone.ponpon2] run data modify entity @s {} merge value {transformation:[-0.9339569417495968f,-0.26678067446377457f,0.23780770107461574f,-0.16166803465166105f,-0.18394007129360695f,0.9293350339648937f,0.32016003001307425f,1.7315467795455506f,-0.30641553669852195f,0.2552733170116363f,-0.9170305624632331f,0.08133120708461727f,0f,0f,0f,1f],start_interpolation:0}
execute if entity @s[tag=aj.ecual.bone.ponpon3] run data modify entity @s {} merge value {transformation:[-0.9339569417495968f,-0.26678067446377457f,0.23780770107461574f,-0.8010331795288761f,-0.18394007129360695f,0.9293350339648937f,0.32016003001307425f,1.702736111418932f,-0.30641553669852195f,0.2552733170116363f,-0.9170305624632331f,0.007702276505423718f,0f,0f,0f,1f],start_interpolation:0}
execute if entity @s[tag=aj.ecual.bone.ponpon4] run data modify entity @s {} merge value {transformation:[-0.9339569417495968f,-0.26678067446377457f,0.23780770107461574f,-0.7804145085607689f,-0.18394007129360695f,0.9293350339648937f,0.32016003001307425f,1.609686482313536f,-0.30641553669852195f,0.2552733170116363f,-0.9170305624632331f,-0.1216690859781535f,0f,0f,0f,1f],start_interpolation:0}
execute if entity @s[tag=aj.ecual.bone.ear_edge_a1] run data modify entity @s {} merge value {transformation:[-0.9678222008593114f,-0.169306338697282f,0.18616001504286483f,-0.3716999321091841f,-0.04364695321302932f,0.8415363343811749f,0.5384343426932524f,1.8805638789371817f,-0.24782076385778948f,0.5129833930969075f,-0.8218472530876559f,0.1851024695078111f,0f,0f,0f,1f],start_interpolation:0}
execute if entity @s[tag=aj.ecual.bone.ear_edge_a2] run data modify entity @s {} merge value {transformation:[-0.929421357035838f,-0.31862264496564213f,0.18616001504286483f,-0.48196622458940297f,-0.1747548730718465f,0.8243477378789416f,0.5384343426932524f,1.868742004469122f,-0.3250179616933568f,0.46790000766079315f,-0.8218472530876559f,0.15238047916907585f,0f,0f,0f,1f],start_interpolation:0}
execute if entity @s[tag=aj.ecual.bone.ear_edge_b1] run data modify entity @s {} merge value {transformation:[-0.9860832185161694f,-0.12969313590319964f,0.10401719406130194f,-0.493183001072218f,-0.002559366508379693f,0.6374259160690579f,0.7705073985151591f,1.8792856854436102f,-0.16623277596150604f,0.759518197295573f,-0.6288869311513916f,0.10907288764109929f,0f,0f,0f,1f],start_interpolation:0}
execute if entity @s[tag=aj.ecual.bone.ear_edge_b2] run data modify entity @s {} merge value {transformation:[-0.8977434875312325f,-0.4280619744089321f,0.10401719406130194f,-0.46989089295592823f,-0.1994095429157398f,0.6054371833869616f,0.7705073985151591f,1.8900259986824854f,-0.39280079530137896f,0.6709759779884742f,-0.6288869311513916f,0.12608432485345444f,0f,0f,0f,1f],start_interpolation:0}
execute if entity @s[tag=aj.ecual.bone.ear_right_2] run data modify entity @s {} merge value {transformation:[-0.9536544214505409f,-0.282353798960537f,0.10401719406130194f,-0.4513301663638107f,-0.10224323864267847f,0.629177772164003f,0.7705073985151591f,1.9878730805882767f,-0.28300099752419666f,0.7241627325589841f,-0.6288869311513916f,0.1993447679461906f,0f,0f,0f,1f],start_interpolation:0}
execute if entity @s[tag=aj.ecual.bone.ear_right_1] run data modify entity @s {} merge value {transformation:[-0.9536544214505409f,-0.23640578090874642f,0.18616001504286483f,-0.3981388656593428f,-0.10224323864267847f,0.836441736620275f,0.5384343426932524f,1.7996736898487151f,-0.28300099752419666f,0.4944466887264837f,-0.8218472530876559f,0.08809426298273196f,0f,0f,0f,1f],start_interpolation:0}
execute if entity @s[tag=aj.ecual.bone.ear_edge_a3] run data modify entity @s {} merge value {transformation:[-0.8796253647027253f,-0.4253202988445328f,0.2129832415059797f,-0.7332582575307347f,-0.3253409425981427f,0.8645996025951946f,0.3829109534364138f,1.8224382124416252f,-0.34700502711192727f,0.2675260185160103f,-0.8988978476868339f,0.05146091829655619f,0f,0f,0f,1f],start_interpolation:0}
execute if entity @s[tag=aj.ecual.bone.ear_edge_a4] run data modify entity @s {} merge value {transformation:[-0.9353304702291234f,-0.2824801768240959f,0.2129832415059797f,-0.6283688669870385f,-0.18608227941644206f,0.9048494830774884f,0.3829109534364138f,1.852990616599843f,-0.30088252981545527f,0.31851587507662754f,-0.8988978476868339f,0.08932788248072193f,0f,0f,0f,1f],start_interpolation:0}
execute if entity @s[tag=aj.ecual.bone.ear_edge_b3] run data modify entity @s {} merge value {transformation:[-0.8365190213582455f,-0.5173501995286686f,0.1805123207803003f,-0.6031462094599631f,-0.3937045721674379f,0.7966301198446705f,0.458668902380269f,1.8553531209315823f,-0.3810939999006781f,0.3126167353228436f,-0.8700793872031389f,0.0843506551762168f,0f,0f,0f,1f],start_interpolation:0}
execute if entity @s[tag=aj.ecual.bone.ear_edge_b4] run data modify entity @s {} merge value {transformation:[-0.9554468699652326f,-0.2335306847507406f,0.1805123207803003f,-0.6334113494285798f,-0.1282630535920832f,0.8793016701181192f,0.458668902380269f,1.8585265956211137f,-0.2658380479857509f,0.41508070565534183f,-0.8700793872031389f,0.07974457375325691f,0f,0f,0f,1f],start_interpolation:0}
execute if entity @s[tag=aj.ecual.bone.ear_left_2] run data modify entity @s {} merge value {transformation:[-0.9071514857833181f,-0.3801203544768794f,0.1805123207803003f,-0.7132861532677336f,-0.2642370089359394f,0.8484112452683944f,0.458668902380269f,1.9528559986513931f,-0.32749806861981184f,0.36838414055779317f,-0.8700793872031389f,0.07698342057789531f,0f,0f,0f,1f],start_interpolation:0}
execute if entity @s[tag=aj.ecual.bone.ear_left_1] run data modify entity @s {} merge value {transformation:[-0.9071514857833181f,-0.36292467631551867f,0.2129832415059797f,-0.6316281010967421f,-0.2642370089359394f,0.8851881183381332f,0.3829109534364138f,1.7536886720253135f,-0.32749806861981184f,0.29108018564352867f,-0.8988978476868339f,0.01149037880810147f,0f,0f,0f,1f],start_interpolation:0}
execute if entity @s[tag=aj.ecual.bone.head] run data modify entity @s {} merge value {transformation:[-0.9339569417495968f,-0.26678067446377457f,0.23780770107461574f,-0.38558987837393965f,-0.18394007129360695f,0.9293350339648937f,0.32016003001307425f,1.2903919750920976f,-0.30641553669852195f,0.2552733170116363f,-0.9170305624632331f,-0.0523780489960709f,0f,0f,0f,1f],start_interpolation:0}
execute if entity @s[tag=aj.ecual.bone.body_1] run data modify entity @s {} merge value {transformation:[-0.6541023599551615f,-0.38744659725305336f,0.6496423916110452f,-0.24029740440404468f,-0.08069562106340947f,0.8896961841788328f,0.4493650148807926f,0.9567559060250354f,-0.7520893028372889f,0.24150742045464074f,-0.6132176175087163f,-0.14294333166656117f,0f,0f,0f,1f],start_interpolation:0}
execute if entity @s[tag=aj.ecual.bone.leg_left_2] run data modify entity @s {} merge value {transformation:[-0.37808318943870295f,-0.585713994559967f,0.7169325061959911f,-0.012031303382432024f,-0.5415972306075293f,0.7680046545250071f,0.34182055296043756f,0.39289186989074637f,-0.7508165832359543f,-0.2590520550092808f,-0.6075907266683355f,0.1333266459210426f,0f,0f,0f,1f],start_interpolation:0}
execute if entity @s[tag=aj.ecual.bone.leg_left_1] run data modify entity @s {} merge value {transformation:[-0.37808318943870295f,-0.21608363645085085f,0.9002005131758337f,-0.07748848790778615f,-0.5415972306075293f,0.8402427582392437f,-0.025778809607167663f,0.6908558139455883f,-0.7508165832359543f,-0.49729263948371927f,-0.43471196101925125f,-0.048646140608418376f,0f,0f,0f,1f],start_interpolation:0}
execute if entity @s[tag=aj.ecual.bone.leg_right_2] run data modify entity @s {} merge value {transformation:[-0.4638463813989701f,-0.11597167648044934f,0.8782921522576614f,-0.4812010727292407f,0.33793007239247586f,0.8932744528237493f,0.29641865343673546f,0.5610679930806781f,-0.8189321099064911f,0.43429405036996005f,-0.3751518055099262f,-0.15179339785037504f,0f,0f,0f,1f],start_interpolation:0}
execute if entity @s[tag=aj.ecual.bone.leg_right_1] run data modify entity @s {} merge value {transformation:[-0.4638463813989701f,0.8139053398348247f,0.3498637338328163f,-0.1907275019258844f,0.33793007239247586f,0.5276093729925038f,-0.7793789936245865f,0.6688716963807937f,-0.8189321099064911f,-0.24328264902951002f,-0.5197727888657573f,-0.2718338752716526f,0f,0f,0f,1f],start_interpolation:0}
execute if entity @s[tag=aj.ecual.bone.skirt_forward_right] run data modify entity @s {} merge value {transformation:[-0.4601430076318788f,0.2937209923039622f,0.837852249031692f,-0.19941983302616598f,0.08605499839430283f,0.9540036431808291f,-0.2871786657275606f,0.845962376824115f,-0.8836645006895125f,-0.06004188103050448f,-0.4642542651860869f,-0.1562863746272658f,0f,0f,0f,1f],start_interpolation:0}
execute if entity @s[tag=aj.ecual.bone.skirt_forward_left] run data modify entity @s {} merge value {transformation:[-0.5451243508951016f,0.029035338016452722f,0.837852249031692f,-0.19941983302616598f,-0.39490925968810275f,0.8726826975273044f,-0.2871786657275606f,0.845962376824115f,-0.7395174904448095f,-0.4874236951387753f,-0.4642542651860869f,-0.1562863746272658f,0f,0f,0f,1f],start_interpolation:0}
execute if entity @s[tag=aj.ecual.bone.skirt_forward] run data modify entity @s {} merge value {transformation:[-0.5172351911411452f,0.17456049334748808f,0.837852249031692f,-0.19941983302616598f,-0.14568014174026714f,0.9467342342249347f,-0.2871786657275606f,0.845962376824115f,-0.8433534569489347f,-0.2705973464555924f,-0.4642542651860869f,-0.1562863746272658f,0f,0f,0f,1f],start_interpolation:0}
execute if entity @s[tag=aj.ecual.bone.skirt_back_right] run data modify entity @s {} merge value {transformation:[-0.5929710839419221f,-0.24292310501044964f,0.7677067530384398f,-0.21250876348222666f,0.08031441772321421f,0.9308108904294744f,0.3565679185844827f,0.8667381716999498f,-0.8012083923140866f,0.27309238603441743f,-0.5324337149124816f,-0.15184762516445066f,0f,0f,0f,1f],start_interpolation:0}
execute if entity @s[tag=aj.ecual.bone.skirt_back_left] run data modify entity @s {} merge value {transformation:[-0.39645517465075863f,-0.5034378172444065f,0.7677067530384398f,-0.21250876348222666f,-0.38848405634823924f,0.8496702050793284f,0.3565679185844827f,0.8667381716999498f,-0.8318073289265098f,-0.15687863706904043f,-0.5324337149124816f,-0.15184762516445066f,0f,0f,0f,1f],start_interpolation:0}
execute if entity @s[tag=aj.ecual.bone.skirt_back] run data modify entity @s {} merge value {transformation:[-0.5172351911411452f,-0.3782778058310571f,0.7677067530384398f,-0.21250876348222666f,-0.14568014174026714f,0.9228415984007577f,0.3565679185844827f,0.8667381716999498f,-0.8433534569489347f,0.07258984692624507f,-0.5324337149124816f,-0.15184762516445066f,0f,0f,0f,1f],start_interpolation:0}
execute if entity @s[tag=aj.ecual.bone.skirt_right] run data modify entity @s {} merge value {transformation:[-0.5601258542722354f,-0.040487643447042254f,0.8274175355308248f,-0.32837878723994995f,0.13517451772369007f,0.9809512938496584f,0.13950773760924084f,0.8836739908777205f,-0.8173046415712849f,0.1899876570274663f,-0.5439832837902719f,-0.31344672401145074f,0f,0f,0f,1f],start_interpolation:0}
execute if entity @s[tag=aj.ecual.bone.skirt_left] run data modify entity @s {} merge value {transformation:[-0.40732920837099523f,-0.36319924096396383f,0.8379553850719375f,-0.13488128950351705f,-0.47937762003552087f,0.8659910102838683f,0.14232592004482192f,0.9319971042615343f,-0.777354496621032f,-0.343723553849203f,-0.5268530204073391f,0.011596784741814803f,0f,0f,0f,1f],start_interpolation:0}
execute if entity @s[tag=aj.ecual.bone.coat_downer] run data modify entity @s {} merge value {transformation:[-0.5172351911411452f,-0.31176845388196f,0.7970371310103658f,-0.18438444780857519f,-0.14568014174026714f,0.9497702054384632f,0.2769726577911888f,0.7452684273700778f,-0.8433534569489347f,0.027147523375650573f,-0.5366730463017962f,-0.14996662999583682f,0f,0f,0f,1f],start_interpolation:0}
execute if entity @s[tag=aj.ecual.bone.body_2] run data modify entity @s {} merge value {transformation:[-0.5172351911411452f,-0.23204006544208128f,0.823787087222674f,-0.23219f,-0.14568014174026714f,0.9723678725485936f,0.18242263219748187f,0.96367f,-0.8433534569489347f,-0.0256540145972656f,-0.5367465120402038f,-0.1491099999999998f,0f,0f,0f,1f],start_interpolation:0}
execute if entity @s[tag=aj.ecual.bone.book_left] run data modify entity @s {} merge value {transformation:[0.28515541355354296f,-0.8216664477329292f,-0.49350849920853246f,-1.568773538541998f,0.5307527361587956f,0.5641026369702105f,-0.6325264800964516f,1.7793659336469603f,0.798115231768609f,-0.08156263625707899f,0.5969586360760147f,-0.17501007017885448f,0f,0f,0f,1f],start_interpolation:0}
execute if entity @s[tag=aj.ecual.bone.book_right] run data modify entity @s {} merge value {transformation:[-0.4364942782825492f,-0.8216664477329292f,-0.36652011363163506f,-1.5780341099721473f,-0.5307527361587956f,0.5641026369702105f,-0.6325264800964516f,1.7793659336469603f,0.7264807486000914f,-0.08156263625707899f,-0.682329288745725f,-0.08171856833229232f,0f,0f,0f,1f],start_interpolation:0}
execute if entity @s[tag=aj.ecual.bone.book_loot_1] run data modify entity @s {} merge value {transformation:[-0.09877942858825822f,-0.8216664477329292f,-0.5613438101179413f,-1.4892022527393816f,2.7755575615628914e-17f,0.5641026369702105f,-0.8257046778135964f,1.9032216353189997f,0.9951093530299964f,-0.08156263625707899f,-0.05572173614504694f,-0.12000605883381636f,0f,0f,0f,1f],start_interpolation:0}
execute if entity @s[tag=aj.ecual.bone.book_left2] run data modify entity @s {} merge value {transformation:[0.7530935489633813f,0.41331233286219304f,0.5118818438016248f,0.2500675908552982f,-0.2706995556886401f,0.9037889318417788f,-0.3314925598414985f,2.119876973868816f,-0.5996431080732205f,0.11107872066380842f,0.7925210790609796f,-0.15520462961904188f,0f,0f,0f,1f],start_interpolation:0}
execute if entity @s[tag=aj.ecual.bone.book_right2] run data modify entity @s {} merge value {transformation:[-0.37333188601181166f,0.41331233286219304f,0.8305397151195573f,0.22682960758845788f,0.2794499584571909f,0.9037889318417788f,-0.32415010010575496f,2.1193415282645036f,-0.8846078360523029f,0.11107872066380842f,-0.4529133407292764f,-0.06438187954123994f,0f,0f,0f,1f],start_interpolation:0}
execute if entity @s[tag=aj.ecual.bone.book_loot_2] run data modify entity @s {} merge value {transformation:[0.24787182151296344f,0.41331233286219304f,0.876203444186256f,0.10701808259393963f,0.005711419779329763f,0.9037889318417788f,-0.42794035374617445f,2.183800304128586f,-0.9687760008298874f,0.11107872066380842f,0.2216632085659272f,-0.14304273586503f,0f,0f,0f,1f],start_interpolation:0}
execute if entity @s[tag=aj.ecual.bone.air_staff_povit_1] run data modify entity @s {} merge value {transformation:[-0.000006662614387063787f,-0.000005736061832844446f,0.000012916957427315302f,-0.9712469927685936f,-6.775020074982321e-7f,0.000014393483635193936f,0.0000060422880495090786f,1.1157299999999999f,-0.000014117053005465645f,0.000002016394924906717f,-0.000006386203171500571f,-0.012244253180924952f,0f,0f,0f,1f],start_interpolation:0}