execute if entity @s[tag=aj.ecual.bone.wing_right_1] run data modify entity @s {} merge value {transformation:[0.558806842539527f,0.09548136080456388f,-0.5878457849762617f,-0.44702899507201743f,-0.13233862700867072f,0.8058566973853739f,0.005090729323195756f,1.1452693899706967f,0.5806598358565095f,0.09177547309870329f,0.5668825822029153f,1.110249161352036f,0f,0f,0f,1f],start_interpolation:0}
execute if entity @s[tag=aj.ecual.bone.wing_right_2] run data modify entity @s {} merge value {transformation:[0.5415275160774922f,-0.12306890992502449f,-0.5758489322216441f,-0.44702899507201743f,0.18232462833881546f,0.7789305882804738f,0.004986836888028496f,1.1452693899706967f,0.5599157786953806f,-0.13461493992459087f,0.5553135499130599f,1.110249161352036f,0f,0f,0f,1f],start_interpolation:0}
execute if entity @s[tag=aj.ecual.bone.wing_left_1] run data modify entity @s {} merge value {transformation:[-0.5109884400972413f,0.08704968627961336f,-0.6310765489622105f,-0.44302378384627367f,0.14787405565749148f,0.8031173821577156f,-0.008954249493240312f,1.146570618578158f,0.6196519363278369f,-0.11987187759938935f,-0.5182727614011795f,1.2107858154183753f,0f,0f,0f,1f],start_interpolation:0}
execute if entity @s[tag=aj.ecual.bone.wing_left_2] run data modify entity @s {} merge value {transformation:[-0.4950898617673447f,-0.11277392981880688f,-0.6181974357180838f,-0.44302378384627367f,-0.16723778251571159f,0.7822752614755728f,-0.00877150970766398f,1.146570618578158f,0.6057371978625873f,0.12380410347216653f,-0.5076957662705432f,1.2107858154183753f,0f,0f,0f,1f],start_interpolation:0}
execute if entity @s[tag=aj.ecual.bone.staff] run data modify entity @s {} merge value {transformation:[-0.05650303084614702f,0.08163175666779335f,-0.011985983836525457f,0.19392271749252118f,-0.025466742761990985f,-0.0034374074875695806f,0.09664175724219265f,1.2009936382250244f,0.07847835700557097f,0.05765796157595663f,0.022731188895690653f,1.8974172612220064f,0f,0f,0f,1f],start_interpolation:0}
execute if entity @s[tag=aj.ecual.bone.arm_right_2] run data modify entity @s {} merge value {transformation:[0.5004493635458549f,0.008896647714533518f,-0.8657200957503485f,0.058583087225277275f,-0.2630606372089363f,0.9542330064772873f,-0.14226197840795696f,1.2871894678511453f,0.8248330350305918f,0.2989317965837042f,0.47988565858281457f,1.7061656818316213f,0f,0f,0f,1f],start_interpolation:0}
execute if entity @s[tag=aj.ecual.bone.arm_right_1] run data modify entity @s {} merge value {transformation:[0.536591505884908f,0.008896647714533518f,-0.8437952390666887f,-0.11945612808956566f,-0.25681293371287284f,0.9542330064772873f,-0.15325301441441597f,1.3710690707456068f,0.8038138297453924f,0.2989317965837042f,0.51431810011051f,1.4433324567967112f,0f,0f,0f,1f],start_interpolation:0}
execute if entity @s[tag=aj.ecual.bone.arm_left_2] run data modify entity @s {} merge value {transformation:[-0.3718130726413448f,-0.12257987822568357f,-0.9201789024245115f,-0.18958771476560995f,0.8026764884574087f,0.4554953364307347f,-0.3850122769049513f,1.0590939764887488f,0.46633195675471933f,-0.8817585678313699f,-0.07096713440238608f,0.7206060051142247f,0f,0f,0f,1f],start_interpolation:0}
execute if entity @s[tag=aj.ecual.bone.arm_left_1] run data modify entity @s {} merge value {transformation:[0.1073681087009482f,-0.1286631036741074f,-0.9858589630301726f,-0.14321379076371044f,0.9126748390108114f,0.4060432959097828f,0.04640560400759515f,1.3633505888539879f,0.3943307336114833f,-0.9047511523063491f,0.16102367816493018f,0.8469804096579843f,0f,0f,0f,1f],start_interpolation:0}
execute if entity @s[tag=aj.ecual.bone.himo_right_2] run data modify entity @s {} merge value {transformation:[0.04247963819966233f,-0.23856137703470276f,-0.9701978920435419f,0.1035444575547036f,-0.02604641201415272f,0.9704799700130099f,-0.23977116637480914f,1.026615980476259f,0.9987577608006935f,0.03545556642974149f,0.03501197008926232f,1.292787014401386f,0f,0f,0f,1f],start_interpolation:0}
execute if entity @s[tag=aj.ecual.bone.himo_right_1] run data modify entity @s {} merge value {transformation:[0.0401105247076895f,-0.1175342964716827f,-0.9922584516952125f,0.07530516164316803f,-0.007535477750180791f,0.9929937930525488f,-0.11792600872660969f,1.2120652791190705f,0.999166834108674f,0.012207215571886f,0.03894382499487107f,1.2953192662273325f,0f,0f,0f,1f],start_interpolation:0}
execute if entity @s[tag=aj.ecual.bone.himo_left_2] run data modify entity @s {} merge value {transformation:[0.042433028180645524f,-0.24019899812273982f,-0.9697957926389724f,0.0914023621161352f,-0.026171577503034112f,0.9700697427911897f,-0.24141197702690206f,1.0226210317726048f,0.9987564701419579f,0.035624926973495154f,0.03487661003752969f,0.980506226104138f,0f,0f,0f,1f],start_interpolation:0}
execute if entity @s[tag=aj.ecual.bone.himo_left_1] run data modify entity @s {} merge value {transformation:[0.04005470891725098f,-0.11912171278068372f,-0.9920713874705543f,0.06286659479806606f,-0.0077759805187823374f,0.9928009481280679f,-0.11952326770541766f,1.2080241891234587f,0.9991672304577078f,0.01250179747899156f,0.038840064872093974f,0.9830930635368995f,0f,0f,0f,1f],start_interpolation:0}
execute if entity @s[tag=aj.ecual.bone.ponpon1] run data modify entity @s {} merge value {transformation:[-0.9855012306359834f,0.011334849840285733f,-0.16928923649795352f,0.1675236801763788f,-0.003848977154451885f,0.9960156771638286f,0.08909520873057386f,1.9034218634753053f,0.1696246143395067f,0.08845502825152561f,-0.981531047999601f,1.1614771201705747f,0f,0f,0f,1f],start_interpolation:0}
execute if entity @s[tag=aj.ecual.bone.ponpon2] run data modify entity @s {} merge value {transformation:[-0.9855012306359834f,0.011334849840285733f,-0.16928923649795352f,0.1871922541735092f,-0.003848977154451885f,0.9960156771638286f,0.08909520873057386f,1.78741691629161f,0.1696246143395067f,0.08845502825152561f,-0.981531047999601f,1.05204078285144f,0f,0f,0f,1f],start_interpolation:0}
execute if entity @s[tag=aj.ecual.bone.ponpon3] run data modify entity @s {} merge value {transformation:[-0.9855012306359834f,0.011334849840285733f,-0.16928923649795352f,-0.4114582928222615f,-0.003848977154451885f,0.9960156771638286f,0.08909520873057386f,1.901160589397065f,0.1696246143395067f,0.08845502825152561f,-0.981531047999601f,1.2611315810950348f,0f,0f,0f,1f],start_interpolation:0}
execute if entity @s[tag=aj.ecual.bone.ponpon4] run data modify entity @s {} merge value {transformation:[-0.9855012306359834f,0.011334849840285733f,-0.16928923649795352f,-0.4657023111228297f,-0.003848977154451885f,0.9960156771638286f,0.08909520873057386f,1.7848669689267855f,0.1696246143395067f,0.08845502825152561f,-0.981531047999601f,1.164417089851363f,0f,0f,0f,1f],start_interpolation:0}
execute if entity @s[tag=aj.ecual.bone.ear_edge_a1] run data modify entity @s {} merge value {transformation:[-0.9715949139702441f,0.1653616568406761f,-0.16928923649795352f,0.06794730370206768f,0.15200958977013762f,0.9843551840667929f,0.08909520873057386f,2.0113389767383607f,0.18137366888572348f,0.06083086426918915f,-0.981531047999601f,1.166160727976676f,0f,0f,0f,1f],start_interpolation:0}
execute if entity @s[tag=aj.ecual.bone.ear_edge_a2] run data modify entity @s {} merge value {transformation:[-0.9855012306359835f,0.011334849840285724f,-0.16928923649795352f,-0.04545344172177819f,-0.0038489771544518853f,0.9960156771638286f,0.08909520873057386f,2.020932863467723f,0.16962461433950668f,0.08845502825152561f,-0.981531047999601f,1.1865903363855583f,0f,0f,0f,1f],start_interpolation:0}
execute if entity @s[tag=aj.ecual.bone.ear_edge_b1] run data modify entity @s {} merge value {transformation:[-0.9534854839661304f,0.24941248218927187f,-0.16928923649795352f,-0.06751503560852382f,0.23722335458296148f,0.9673609067052803f,0.08909520873057386f,2.0165444168862887f,0.1859852464747687f,0.044791627638701786f,-0.981531047999601f,1.1899970557426829f,0f,0f,0f,1f],start_interpolation:0}
execute if entity @s[tag=aj.ecual.bone.ear_edge_b2] run data modify entity @s {} merge value {transformation:[-0.9838912783245504f,-0.057437852003899795f,-0.16928923649795352f,-0.03871627289230907f,-0.07331814267236833f,0.9933209419600141f,0.08909520873057386f,2.0266177812288f,0.16304110644851558f,0.10007197120497024f,-0.981531047999601f,1.1859443749215255f,0f,0f,0f,1f],start_interpolation:0}
execute if entity @s[tag=aj.ecual.bone.ear_right_2] run data modify entity @s {} merge value {transformation:[-0.9807632036656939f,0.09718380904936903f,-0.16928923649795352f,0.014128635259461664f,0.08297415549718398f,0.9925609972695807f,0.08909520873057386f,2.133944304921096f,0.17668850515790044f,0.0733346709126806f,-0.981531047999601f,1.1547341598340266f,0f,0f,0f,1f],start_interpolation:0}
execute if entity @s[tag=aj.ecual.bone.ear_right_1] run data modify entity @s {} merge value {transformation:[-0.9807632036656939f,0.09718380904936903f,-0.16928923649795352f,-0.0077377217766463335f,0.08297415549718398f,0.9925609972695807f,0.08909520873057386f,1.9106180805354405f,0.17668850515790044f,0.0733346709126806f,-0.981531047999601f,1.1382338588786736f,0f,0f,0f,1f],start_interpolation:0}
execute if entity @s[tag=aj.ecual.bone.ear_edge_a3] run data modify entity @s {} merge value {transformation:[-0.9795142178624057f,-0.08043450908795095f,-0.1846136147557374f,-0.3095322900811161f,-0.1532679887500893f,0.8924163669051937f,0.42438420293907864f,1.9894099307496886f,0.13061707633346414f,0.44398571804452774f,-0.8864625550707614f,1.2656154323847708f,0f,0f,0f,1f],start_interpolation:0}
execute if entity @s[tag=aj.ecual.bone.ear_edge_a4] run data modify entity @s {} merge value {transformation:[-0.9800375018298109f,0.07378555586294279f,-0.1846136147557374f,-0.19590309341664372f,-0.011776328524969543f,0.9054056363764447f,0.42438420293907864f,1.999890506438242f,0.19846363166498612f,0.41808650464199587f,-0.8864625550707614f,1.2469686143285135f,0f,0f,0f,1f],start_interpolation:0}
execute if entity @s[tag=aj.ecual.bone.ear_edge_b3] run data modify entity @s {} merge value {transformation:[-0.9812092240315551f,-0.08700185036175385f,-0.17221828215675697f,-0.18440464500682083f,-0.18896706124794715f,0.6136611031371517f,0.7666234409798649f,2.0178769256274407f,0.03898600311275777f,0.7847615743205861f,-0.6185704188135469f,1.191504492326291f,0f,0f,0f,1f],start_interpolation:0}
execute if entity @s[tag=aj.ecual.bone.ear_edge_b4] run data modify entity @s {} merge value {transformation:[-0.9600704766679697f,0.22046664854692372f,-0.17221828215675697f,-0.21119962649509383f,0.009913354691251694f,0.6420204242381677f,0.7666234409798649f,2.023273432378174f,0.2795825553021909f,0.7343052714910402f,-0.6185704188135469f,1.2056527186084929f,0f,0f,0f,1f],start_interpolation:0}
execute if entity @s[tag=aj.ecual.bone.ear_left_2] run data modify entity @s {} merge value {transformation:[-0.9827389981792205f,0.06756422684140921f,-0.17221828215675697f,-0.25679303072601933f,-0.09064281676586641f,0.6356668777818621f,0.7666234409798649f,2.112365968229089f,0.16126977778384685f,0.7690011025625265f,-0.6185704188135469f,1.278243393474751f,0f,0f,0f,1f],start_interpolation:0}
execute if entity @s[tag=aj.ecual.bone.ear_left_1] run data modify entity @s {} merge value {transformation:[-0.9827389981792205f,-0.011911116846120659f,-0.1846136147557374f,-0.2541130294356422f,-0.09064281676586641f,0.9009339199211629f,0.42438420293907864f,1.9096558362468277f,0.16126977778384685f,0.43379280449422575f,-0.8864625550707614f,1.1806400124635503f,0f,0f,0f,1f],start_interpolation:0}
execute if entity @s[tag=aj.ecual.bone.head] run data modify entity @s {} merge value {transformation:[-0.9855012306359834f,0.011334849840285733f,-0.16928923649795352f,-0.13144419750872965f,-0.003848977154451885f,0.9960156771638286f,0.08909520873057386f,1.3968946985718413f,0.1696246143395067f,0.08845502825152561f,-0.981531047999601f,1.1447765789421926f,0f,0f,0f,1f],start_interpolation:0}
execute if entity @s[tag=aj.ecual.bone.body_1] run data modify entity @s {} merge value {transformation:[0.03980341390432631f,-0.0036795985546649312f,-0.9992007550017351f,-0.1300643480507303f,0.012931487985958385f,0.9999113691635858f,-0.003167086337978131f,1.0219279351354966f,0.9991238486093854f,-0.012795091710484208f,0.03984746877896264f,1.1495747383336243f,0f,0f,0f,1f],start_interpolation:0}
execute if entity @s[tag=aj.ecual.bone.leg_left_2] run data modify entity @s {} merge value {transformation:[0.08203823825812927f,-0.42182041529014147f,-0.9029602785881309f,0.20145723929945794f,-0.08951416425100578f,0.8992337795540177f,-0.42821235865799145f,0.4438168643479555f,0.9926010990634387f,0.11595752219433171f,0.03601265311810141f,0.9771090005232316f,0f,0f,0f,1f],start_interpolation:0}
execute if entity @s[tag=aj.ecual.bone.leg_left_1] run data modify entity @s {} merge value {transformation:[0.08203823825812927f,-0.6117348144950363f,-0.7867974607217704f,-0.03399513018832612f,-0.08951416425100578f,0.7817450553287012f,-0.617140083666237f,0.7375640011059372f,0.9926010990634387f,0.12105860235377543f,0.009374056443403212f,1.0230596115768886f,0f,0f,0f,1f],start_interpolation:0}
execute if entity @s[tag=aj.ecual.bone.leg_right_2] run data modify entity @s {} merge value {transformation:[0.07382172801906892f,0.3039816175072344f,-0.9498134178300306f,0.27709158258826044f,0.024994883179023805f,0.9515489643698071f,0.30647972889183817f,0.7085766452752139f,0.9969581778024321f,-0.04636533861014221f,0.06264700382637059f,1.2503104001076326f,0f,0f,0f,1f],start_interpolation:0}
execute if entity @s[tag=aj.ecual.bone.leg_right_1] run data modify entity @s {} merge value {transformation:[0.07382172801906892f,-0.9038656089960859f,-0.4213992327311637f,-0.050093462575822076f,0.024994883179023805f,0.42409636852661187f,-0.9052720729247132f,0.7388658499518893f,0.9969581778024321f,0.056295924156861216f,0.05389954207764075f,1.273778074885227f,0f,0f,0f,1f],start_interpolation:0}
execute if entity @s[tag=aj.ecual.bone.skirt_forward_right] run data modify entity @s {} merge value {transformation:[-0.12370557665307122f,-0.7690703612887784f,-0.627078710922384f,-0.07679811249917337f,0.1342581790756838f,0.6131504078681451f,-0.7784737109770689f,0.86738729890726f,0.983194625522441f,-0.180491985191241f,0.027403861507314938f,1.15503996742424f,0f,0f,0f,1f],start_interpolation:0}
execute if entity @s[tag=aj.ecual.bone.skirt_forward_left] run data modify entity @s {} merge value {transformation:[0.19336768958069667f,-0.754179385683483f,-0.627552699648649f,-0.07683787160671823f,-0.12149034079995434f,0.6162964277754692f,-0.7780866341247012f,0.8675512980839925f,0.9735753867670107f,0.22669840608456016f,0.02754630574479262f,1.1550402441298224f,0f,0f,0f,1f],start_interpolation:0}
execute if entity @s[tag=aj.ecual.bone.skirt_forward] run data modify entity @s {} merge value {transformation:[0.03517848596567435f,-0.7781611429730245f,-0.627078710922384f,-0.07679811249917337f,0.0068423354081593064f,0.6276399156871345f,-0.7784737109770689f,0.86738729890726f,0.9993576219608901f,0.02309484364880613f,0.027403861507314938f,1.15503996742424f,0f,0f,0f,1f],start_interpolation:0}
execute if entity @s[tag=aj.ecual.bone.skirt_back_right] run data modify entity @s {} merge value {transformation:[-0.020488699812098415f,-0.2715401259203666f,-0.9622090070224666f,-0.07859618747277988f,0.20256904574959494f,0.941322374515791f,-0.26995919865796675f,0.8922750744119257f,0.9790536220678153f,-0.20044487334702407f,0.03571915263254779f,1.1549328616695136f,0f,0f,0f,1f],start_interpolation:0}
execute if entity @s[tag=aj.ecual.bone.skirt_back_left] run data modify entity @s {} merge value {transformation:[0.0896381033174272f,-0.25713583421704f,-0.9622090070224666f,-0.07859618747277988f,-0.19013807866411644f,0.9439118296228026f,-0.26995919865796675f,0.8922750744119257f,0.9776566480495965f,0.2071512024093518f,0.03571915263254779f,1.1549328616695136f,0f,0f,0f,1f],start_interpolation:0}
execute if entity @s[tag=aj.ecual.bone.skirt_back] run data modify entity @s {} merge value {transformation:[0.03517848596567435f,-0.2700301852201003f,-0.9622090070224666f,-0.07859618747277988f,0.0068423354081593064f,0.9628474507969115f,-0.26995919865796675f,0.8922750744119257f,0.9993576219608901f,0.0029129991224943466f,0.03571915263254779f,1.1549328616695136f,0f,0f,0f,1f],start_interpolation:0}
execute if entity @s[tag=aj.ecual.bone.skirt_right] run data modify entity @s {} merge value {transformation:[-0.07615144463007757f,-0.4752073148968849f,-0.8765722818736884f,-0.08776354118312182f,0.22647316262840259f,0.8479047073462633f,-0.4793407075026454f,0.9388534281045768f,0.9710359746630612f,-0.23502258429465975f,0.043052535135787655f,1.3488111937574228f,0f,0f,0f,1f],start_interpolation:0}
execute if entity @s[tag=aj.ecual.bone.skirt_left] run data modify entity @s {} merge value {transformation:[0.16645235407007447f,-0.4504221785209369f,-0.8771621713919175f,-0.10029790791025234f,-0.2503695031820726f,0.8411124971060666f,-0.479421400323723f,0.9492339483888803f,0.9537340959098048f,0.2994154777369577f,0.027233178122589696f,0.9732620497772259f,0f,0f,0f,1f],start_interpolation:0}
execute if entity @s[tag=aj.ecual.bone.coat_downer] run data modify entity @s {} merge value {transformation:[0.03517848596567435f,-0.3503652208582459f,-0.9359522883876695f,-0.04349222500789901f,0.0068423354081593064f,0.9365944470141647f,-0.3503484326615339f,0.821006107057648f,0.9993576219608901f,0.005920627938297094f,0.03534529096628226f,1.1557204845490754f,0f,0f,0f,1f],start_interpolation:0}
execute if entity @s[tag=aj.ecual.bone.body_2] run data modify entity @s {} merge value {transformation:[0.03517848596567435f,-0.4412445553386334f,-0.8966971152564139f,-0.14235763726298173f,0.0068423354081593064f,0.897337784336686f,-0.44129138134331325f,1.0214515625f,0.9993576219608901f,0.009388460243245526f,0.03458612789740847f,1.150010737213106f,0f,0f,0f,1f],start_interpolation:0}
execute if entity @s[tag=aj.ecual.bone.book_left] run data modify entity @s {} merge value {transformation:[0.6348304566678676f,-0.5578358928832221f,-0.5346114550755952f,-1.9667108732563576f,0.21035079277162277f,0.7905616545585391f,-0.5751215648208776f,2.1016321875f,0.7434667680987606f,0.2526487422348342f,0.6192138384919541f,-0.29323736926511224f,0f,0f,0f,1f],start_interpolation:0}
execute if entity @s[tag=aj.ecual.bone.book_right] run data modify entity @s {} merge value {transformation:[0.1400974668997609f,-0.5578358928832221f,-0.8180414515044141f,-1.9280327246288567f,-0.21035079277162277f,0.7905616545585391f,-0.5751215648208776f,2.1016321875f,0.9675356550270486f,0.2526487422348342f,-0.006585537072716585f,-0.20783793531646744f,0f,0f,0f,1f],start_interpolation:0}
execute if entity @s[tag=aj.ecual.bone.book_loot_1] run data modify entity @s {} merge value {transformation:[0.4125669186933426f,-0.5578358928832221f,-0.7201441898752355f,-1.8393501704613218f,1.3877787807814457e-17f,0.7905616545585391f,-0.6123824543058571f,2.1934895556458787f,0.9109272954522115f,0.2526487422348342f,0.3261595858583272f,-0.29946159016953894f,0f,0f,0f,1f],start_interpolation:0}
execute if entity @s[tag=aj.ecual.bone.book_left2] run data modify entity @s {} merge value {transformation:[0.2942333182201864f,0.42520230595028574f,0.8559379378574696f,1.4740463901624712f,-0.15661310039321735f,0.9049267640327778f,-0.39570176714590155f,2.2681905000035583f,-0.9428144521772893f,-0.017622450219105214f,0.33285185595683947f,-0.11032578803104925f,0f,0f,0f,1f],start_interpolation:0}
execute if entity @s[tag=aj.ecual.bone.book_right2] run data modify entity @s {} merge value {transformation:[-0.3234630686436878f,0.42520230595028574f,0.8453251695283703f,1.4755040512991775f,0.13374515396374614f,0.9049267640327778f,-0.4040046850327099f,2.269330903746442f,-0.9367410939073947f,-0.017622450219105214f,-0.34957913586690553f,-0.016594058060277084f,0f,0f,0f,1f],start_interpolation:0}
execute if entity @s[tag=aj.ecual.bone.book_loot_2] run data modify entity @s {} merge value {transformation:[-0.015548385458202044f,0.42520230595028574f,0.9049647765102254f,1.3390305042542905f,-0.012164306590762255f,0.9049267640327778f,-0.4253934430410643f,2.33256971833116f,-0.9998051196882365f,-0.017622450219105214f,-0.0088978589259467f,-0.062125244206771166f,0f,0f,0f,1f],start_interpolation:0}
execute if entity @s[tag=aj.ecual.bone.air_staff_povit_1] run data modify entity @s {} merge value {transformation:[0.6705174034160442f,-1.4113004403109364f,-0.00661278264895122f,0.7917297669787164f,0.022261121961028973f,0.003255910511255379f,1.562338020882734f,1.1262839863736296f,-1.411140355940982f,-0.6705421062281613f,0.021504176567793576f,3.2065773850816335f,0f,0f,0f,1f],start_interpolation:0}