execute if entity @s[tag=aj.ecual.bone.wing_right_1] run data modify entity @s {} merge value {transformation:[-0.4989933313191858f,-0.5086614151209896f,0.39901586999834715f,-0.0005099137453459107f,-0.4121736916228731f,0.6386322458001251f,0.29867398112776006f,1.1632787249283498f,-0.498059180898614f,-0.018890839998399876f,-0.6469347980524784f,-0.29844588408896133f,0f,0f,0f,1f],start_interpolation:0}
execute if entity @s[tag=aj.ecual.bone.wing_right_2] run data modify entity @s {} merge value {transformation:[-0.6422850826928357f,-0.27329181027134014f,0.3908726889779727f,-0.0005099137453459107f,-0.13362108508229262f,0.732491073048768f,0.2925785937578058f,1.1632787249283498f,-0.457837611137058f,0.16961254181951962f,-0.6337320470718156f,-0.29844588408896133f,0f,0f,0f,1f],start_interpolation:0}
execute if entity @s[tag=aj.ecual.bone.wing_left_1] run data modify entity @s {} merge value {transformation:[0.21933187803037346f,-0.459349555442032f,0.6386203548582845f,-0.02260791663313272f,0.3626911229249968f,0.6473573577363209f,0.34106897422735233f,1.1593687618886759f,-0.6980638373927693f,0.19201792037281573f,0.3778629931928037f,-0.3929599102499228f,0f,0f,0f,1f],start_interpolation:0}
execute if entity @s[tag=aj.ecual.bone.wing_left_2] run data modify entity @s {} merge value {transformation:[0.3706988056863271f,-0.33350103833075007f,0.625587286391789f,-0.02260791663313272f,0.08556731703047421f,0.7218378091517981f,0.33410838291659006f,1.1593687618886759f,-0.7037475610749476f,-0.08790469106506223f,0.3701515035358077f,-0.3929599102499228f,0f,0f,0f,1f],start_interpolation:0}
execute if entity @s[tag=aj.ecual.bone.staff] run data modify entity @s {} merge value {transformation:[1.0047634484511225f,-1.0499193918888086f,-0.5740434941643727f,-0.5015067028642994f,0.7762646154044511f,0.0014687956351323401f,1.3560299921131396f,1.179880513177356f,-0.9106425805592379f,-1.1571833749130758f,0.5225542816753066f,-1.1474887776209908f,0f,0f,0f,1f],start_interpolation:0}
execute if entity @s[tag=aj.ecual.bone.arm_right_2] run data modify entity @s {} merge value {transformation:[-0.17673534494673798f,-0.505787326354203f,0.8443599933357954f,-0.45864010306772174f,-0.0015278040198263981f,0.8580040798681462f,0.5136405988086346f,1.2074861847592573f,-0.9842572243379444f,0.08948843181709407f,-0.15241239093158665f,-0.903104947186776f,0f,0f,0f,1f],start_interpolation:0}
execute if entity @s[tag=aj.ecual.bone.arm_right_1] run data modify entity @s {} merge value {transformation:[-0.0015366779163272226f,-0.505787326354203f,0.8626568374043344f,-0.4545066060129117f,0.10283939831932432f,0.8580040798681462f,0.5032425429978422f,1.1759539478599303f,-0.9946967863496398f,0.08948843181709407f,0.05069638839815385f,-0.5494786997683716f,0f,0f,0f,1f],start_interpolation:0}
execute if entity @s[tag=aj.ecual.bone.arm_left_2] run data modify entity @s {} merge value {transformation:[-0.13500598482047702f,-0.34110395237488655f,0.9302803221270909f,-0.27096555635665615f,0.05084940290064564f,0.9352536350262199f,0.35030697451648035f,1.2054991846917857f,-0.989539146414785f,0.094597736994462f,-0.10891990574833259f,0.3611744551720052f,0f,0f,0f,1f],start_interpolation:0}
execute if entity @s[tag=aj.ecual.bone.arm_left_1] run data modify entity @s {} merge value {transformation:[-0.13455389588109729f,-0.3403832477059488f,0.9306097430095869f,-0.3187282028024112f,0.056754432894093564f,0.9349611527505677f,0.35018077787651236f,1.1999782246615425f,-0.989279628542956f,0.09993441613618512f,-0.10648440740986972f,0.031250862911854305f,0f,0f,0f,1f],start_interpolation:0}
execute if entity @s[tag=aj.ecual.bone.himo_right_2] run data modify entity @s {} merge value {transformation:[-0.22731397567468314f,0.2714296001022536f,0.9352295593335895f,-0.510228925215755f,-0.03735490733709164f,0.9572334165287136f,-0.2868950978643643f,0.756388147981f,-0.9731048080041569f,-0.10015067882494127f,-0.20745330599943834f,-0.373263533854578f,0f,0f,0f,1f],start_interpolation:0}
execute if entity @s[tag=aj.ecual.bone.himo_right_1] run data modify entity @s {} merge value {transformation:[-0.22774436164495196f,-0.022414239407980485f,0.9734629461929687f,-0.5083474516910453f,-0.03863453912341263f,0.9991557889835487f,0.013967166046958135f,0.9438171532032088f,-0.9729542014533136f,-0.0344283489645313f,-0.22841806115524582f,-0.3811464621676479f,0f,0f,0f,1f],start_interpolation:0}
execute if entity @s[tag=aj.ecual.bone.himo_left_2] run data modify entity @s {} merge value {transformation:[-0.22779275831450946f,0.23067355265519973f,0.9459916338767991f,-0.43132813227033345f,-0.037163786476402574f,0.9687660366902628f,-0.24517589426812805f,0.7689798346618827f,-0.9730001604492181f,-0.09100592431742406f,-0.21210518500245928f,-0.07113516905909023f,0f,0f,0f,1f],start_interpolation:0}
execute if entity @s[tag=aj.ecual.bone.himo_left_1] run data modify entity @s {} merge value {transformation:[-0.22817006784346414f,-0.06401661549529852f,0.9715144327702165f,-0.4372592824708881f,-0.03818207782391568f,0.9976568016204338f,0.05677178096144919f,0.9563953085967231f,-0.972872318998417f,-0.02414081856552161f,-0.23007970750509307f,-0.07709957071203236f,0f,0f,0f,1f],start_interpolation:0}
execute if entity @s[tag=aj.ecual.bone.ponpon1] run data modify entity @s {} merge value {transformation:[-0.8260164550755278f,-0.4414528333906413f,0.3504514400538728f,-0.3915663172293315f,-0.31570529264071984f,0.8774360381443507f,0.3611594760824958f,1.7452128551890056f,-0.46693359714535f,0.18768429571202846f,-0.8641456017361797f,-0.004979607391211616f,0f,0f,0f,1f],start_interpolation:0}
execute if entity @s[tag=aj.ecual.bone.ponpon2] run data modify entity @s {} merge value {transformation:[-0.8260164550755278f,-0.4414528333906413f,0.3504514400538728f,-0.2725542734851185f,-0.31570529264071984f,0.8774360381443507f,0.3611594760824958f,1.6812309997777226f,-0.46693359714535f,0.18768429571202846f,-0.8641456017361797f,-0.09194378462503139f,0f,0f,0f,1f],start_interpolation:0}
execute if entity @s[tag=aj.ecual.bone.ponpon3] run data modify entity @s {} merge value {transformation:[-0.8260164550755278f,-0.4414528333906413f,0.3504514400538728f,-0.876850984586204f,-0.31570529264071984f,0.8774360381443507f,0.3611594760824958f,1.5597359957625825f,-0.46693359714535f,0.18768429571202846f,-0.8641456017361797f,-0.2793030957141047f,0f,0f,0f,1f],start_interpolation:0}
execute if entity @s[tag=aj.ecual.bone.ponpon4] run data modify entity @s {} merge value {transformation:[-0.8260164550755278f,-0.4414528333906413f,0.3504514400538728f,-0.8197901749726555f,-0.31570529264071984f,0.8774360381443507f,0.3611594760824958f,1.4720762434032457f,-0.46693359714535f,0.18768429571202846f,-0.8641456017361797f,-0.4012872927338258f,0f,0f,0f,1f],start_interpolation:0}
execute if entity @s[tag=aj.ecual.bone.ear_edge_a1] run data modify entity @s {} merge value {transformation:[-0.8910689946302313f,-0.3949458910486359f,0.22363763089531158f,-0.5181091548568371f,-0.18504383879547542f,0.7660546024979445f,0.6155640695456078f,1.7913060766298032f,-0.4144331363833047f,0.5071272908605046f,-0.7556898082758445f,-0.02596190991113284f,0f,0f,0f,1f],start_interpolation:0}
execute if entity @s[tag=aj.ecual.bone.ear_edge_a2] run data modify entity @s {} merge value {transformation:[-0.8183153074760802f,-0.5294773532436119f,0.22363763089531158f,-0.6177025592899775f,-0.30260298401063f,0.7276759652155019f,0.6155640695456078f,1.7637838175185667f,-0.4886629632151292f,0.43605208639545223f,-0.7556898082758445f,-0.07785429540101818f,0f,0f,0f,1f],start_interpolation:0}
execute if entity @s[tag=aj.ecual.bone.ear_edge_b1] run data modify entity @s {} merge value {transformation:[-0.9300563770041131f,-0.3660157432915717f,0.03205637622534899f,-0.621508107332846f,-0.16337044798610523f,0.49011745830278725f,0.8562096552782119f,1.7820406190335514f,-0.32909760302804125f,0.7910861853992482f,-0.5156330235270663f,-0.1289746628011978f,0f,0f,0f,1f],start_interpolation:0}
execute if entity @s[tag=aj.ecual.bone.ear_edge_b2] run data modify entity @s {} merge value {transformation:[-0.7714310929857501f,-0.6355048839451275f,0.03205637622534899f,-0.6036202140568583f,-0.3068291529826597f,0.41564515766252913f,0.8562096552782119f,1.7944668042318206f,-0.5574494951605524f,0.6506709194313062f,-0.5156330235270663f,-0.10722888572689708f,0f,0f,0f,1f],start_interpolation:0}
execute if entity @s[tag=aj.ecual.bone.ear_right_2] run data modify entity @s {} merge value {transformation:[-0.8613483626649988f,-0.5070023539172421f,0.03205637622534899f,-0.6163502734429286f,-0.2380303490701547f,0.4585265304536973f,0.8562096552782119f,1.8829042902607234f,-0.4487990096422517f,0.7298643942490071f,-0.5156330235270663f,-0.02177479756158618f,0f,0f,0f,1f],start_interpolation:0}
execute if entity @s[tag=aj.ecual.bone.ear_right_1] run data modify entity @s {} merge value {transformation:[-0.8613483626649988f,-0.4561416536360804f,0.22363763089531158f,-0.5137184013748106f,-0.2380303490701547f,0.7512805263055806f,0.6155640695456078f,1.713866171841968f,-0.4487990096422517f,0.47698256007127937f,-0.7556898082758445f,-0.12909587357762387f,0f,0f,0f,1f],start_interpolation:0}
execute if entity @s[tag=aj.ecual.bone.ear_edge_a3] run data modify entity @s {} merge value {transformation:[-0.746788383985867f,-0.5652352587267924f,0.3504514400538728f,-0.8349476819558261f,-0.449079673839546f,0.817246155928545f,0.3611594760824958f,1.6924232844060485f,-0.4905451621287729f,0.11232908310883699f,-0.8641456017361797f,-0.23216827917708172f,0f,0f,0f,1f],start_interpolation:0}
execute if entity @s[tag=aj.ecual.bone.ear_edge_a4] run data modify entity @s {} merge value {transformation:[-0.8260164550755278f,-0.44145283339064123f,0.3504514400538728f,-0.7442516558635739f,-0.3157052926407199f,0.8774360381443506f,0.3611594760824958f,1.7376300611164552f,-0.46693359714535f,0.18768429571202844f,-0.8641456017361797f,-0.1764931607171366f,0f,0f,0f,1f],start_interpolation:0}
execute if entity @s[tag=aj.ecual.bone.ear_edge_b3] run data modify entity @s {} merge value {transformation:[-0.694683129921725f,-0.6281712641997581f,0.3504514400538728f,-0.7238944166635913f,-0.518598485827347f,0.7749964150455149f,0.3611594760824958f,1.7408915595491252f,-0.4984686143577535f,0.06914780907792688f,-0.8641456017361797f,-0.16687424367162734f,0f,0f,0f,1f],start_interpolation:0}
execute if entity @s[tag=aj.ecual.bone.ear_edge_b4] run data modify entity @s {} merge value {transformation:[-0.8547985134880897f,-0.3827574813151519f,0.3504514400538728f,-0.7523526753213599f,-0.2537294064581739f,0.8973211360121858f,0.3611594760824958f,1.7404775865635695f,-0.45270397572468374f,0.21979874741017325f,-0.8641456017361797f,-0.1785884131058966f,0f,0f,0f,1f],start_interpolation:0}
execute if entity @s[tag=aj.ecual.bone.ear_left_2] run data modify entity @s {} merge value {transformation:[-0.7843980635005597f,-0.5117650497452307f,0.3504514400538728f,-0.8353696513363693f,-0.3909775283062215f,0.8465815998445599f,0.3611594760824958f,1.8254207086468137f,-0.48151453803195765f,0.1462741558303673f,-0.8641456017361797f,-0.21291758780212874f,0f,0f,0f,1f],start_interpolation:0}
execute if entity @s[tag=aj.ecual.bone.ear_left_1] run data modify entity @s {} merge value {transformation:[-0.7843980635005597f,-0.5117650497452307f,0.3504514400538728f,-0.7202225151436926f,-0.3909775283062215f,0.8465815998445599f,0.3611594760824958f,1.634939848681788f,-0.48151453803195765f,0.1462741558303673f,-0.8641456017361797f,-0.24582927286396133f,0f,0f,0f,1f],start_interpolation:0}
execute if entity @s[tag=aj.ecual.bone.head] run data modify entity @s {} merge value {transformation:[-0.8260164550755278f,-0.4414528333906413f,0.3504514400538728f,-0.40167748864823144f,-0.31570529264071984f,0.8774360381443507f,0.3611594760824958f,1.2134308070853201f,-0.46693359714535f,0.18768429571202846f,-0.8641456017361797f,-0.2566462247189516f,0f,0f,0f,1f],start_interpolation:0}
execute if entity @s[tag=aj.ecual.bone.body_1] run data modify entity @s {} merge value {transformation:[-0.22748214150450344f,-0.5072870481034095f,0.8312109997606227f,-0.21144484560945287f,-0.040250097259245464f,0.8577590172491322f,0.5124738022557096f,0.8917711756168956f,-0.97295005265797f,0.0831223144187645f,-0.21554321116314873f,-0.28781709262598826f,0f,0f,0f,1f],start_interpolation:0}
execute if entity @s[tag=aj.ecual.bone.leg_left_2] run data modify entity @s {} merge value {transformation:[0.11512680019886876f,-0.3464597961595685f,0.930973377450204f,-0.164926617774598f,-0.703499008513139f,0.6332330965688329f,0.3226530496227766f,0.3694397056207986f,-0.7013094644285077f,-0.6920848611658237f,-0.17083202289992966f,0.12251766419638888f,0f,0f,0f,1f],start_interpolation:0}
execute if entity @s[tag=aj.ecual.bone.leg_left_1] run data modify entity @s {} merge value {transformation:[0.11512680019886876f,0.07728673908914199f,0.9903396285299991f,-0.12511844238626013f,-0.703499008513139f,0.71020734645073f,0.02635659440146726f,0.622954787486202f,-0.7013094644285077f,-0.6997372971397049f,0.13613504359502698f,-0.12525401106942746f,0f,0f,0f,1f],start_interpolation:0}
execute if entity @s[tag=aj.ecual.bone.leg_right_2] run data modify entity @s {} merge value {transformation:[-0.07983559774396352f,-0.4549055131347267f,0.8869539173218046f,-0.3927968299210185f,0.3760728671508622f,0.8102929889636501f,0.4494379496986029f,0.450103146822183f,-0.9231443418695661f,0.36944045008090926f,0.1063873954856551f,-0.41253328708263365f,0f,0f,0f,1f],start_interpolation:0}
execute if entity @s[tag=aj.ecual.bone.leg_right_1] run data modify entity @s {} merge value {transformation:[-0.07983559774396352f,0.7197258988540314f,0.6896527443950473f,-0.10295713707798734f,0.3760728671508622f,0.6624805480592921f,-0.6478338691639932f,0.6043385894284345f,-0.9231443418695661f,0.20763948073961416f,-0.3235589128928292f,-0.3747664521383198f,0f,0f,0f,1f],start_interpolation:0}
execute if entity @s[tag=aj.ecual.bone.skirt_forward_right] run data modify entity @s {} merge value {transformation:[0.07412649762609347f,0.28935773585374813f,0.9543465633884167f,-0.17250642961120685f,0.07663513555675552f,0.9524966721157856f,-0.29474929280076556f,0.7915179220866706f,-0.9942999136819266f,0.09498521100648379f,0.048430272992904866f,-0.2804564767446951f,0f,0f,0f,1f],start_interpolation:0}
execute if entity @s[tag=aj.ecual.bone.skirt_forward_left] run data modify entity @s {} merge value {transformation:[-0.06785952683939282f,0.29089125384901565f,0.9543465633884167f,-0.17250642961120685f,-0.3718378220195251f,0.8802610343013172f,-0.29474929280076556f,0.7915179220866706f,-0.9258140843241206f,-0.3748636951278731f,0.048430272992904866f,-0.2804564767446951f,0f,0f,0f,1f],start_interpolation:0}
execute if entity @s[tag=aj.ecual.bone.skirt_forward] run data modify entity @s {} merge value {transformation:[0.009740927015951474f,0.29854271267205407f,0.9543465633884167f,-0.17250642961120685f,-0.13133943514091312f,0.9465055769356642f,-0.29474929280076556f,0.7915179220866706f,-0.9912895980074319f,-0.12247220721493073f,0.048430272992904866f,-0.2804564767446951f,0f,0f,0f,1f],start_interpolation:0}
execute if entity @s[tag=aj.ecual.bone.skirt_back_right] run data modify entity @s {} merge value {transformation:[-0.06674154940042899f,-0.34605696176305334f,0.9358366015490924f,-0.18580158079132683f,0.07248312693306569f,0.9337681715096295f,0.3504614075551947f,0.8124338104896434f,-0.9951340421740357f,0.09122270052398057f,-0.03723784386181574f,-0.2833583412164f,0f,0f,0f,1f],start_interpolation:0}
execute if entity @s[tag=aj.ecual.bone.skirt_back_left] run data modify entity @s {} merge value {transformation:[0.10059084485313904f,-0.33777409186137547f,0.9358366015490924f,-0.18580158079132683f,-0.36687283946532334f,0.8617314671503432f,0.3504614075551947f,0.8124338104896434f,-0.9248166313353058f,-0.37858624036029126f,-0.03723784386181574f,-0.2833583412164f,0f,0f,0f,1f],start_interpolation:0}
execute if entity @s[tag=aj.ecual.bone.skirt_back] run data modify entity @s {} merge value {transformation:[0.009740927015951474f,-0.35229954519118406f,0.9358366015490924f,-0.18580158079132683f,-0.13133943514091312f,0.9273223574309517f,0.3504614075551947f,0.8124338104896434f,-0.9912895980074319f,-0.12632606962455237f,-0.03723784386181574f,-0.2833583412164f,0f,0f,0f,1f],start_interpolation:0}
execute if entity @s[tag=aj.ecual.bone.skirt_right] run data modify entity @s {} merge value {transformation:[-0.03422522742786393f,-0.1293204164612517f,0.991012040135638f,-0.19780457808089752f,0.12595310785441025f,0.9831286947167738f,0.13264156304231395f,0.8323429216199542f,-0.9914456356398602f,0.12936073403773374f,-0.017359494805219297f,-0.48156658644113204f,0f,0f,0f,1f],start_interpolation:0}
execute if entity @s[tag=aj.ecual.bone.skirt_left] run data modify entity @s {} merge value {transformation:[0.06366748737484221f,-0.1191882591893148f,0.9908282444111063f,-0.20443415403863238f,-0.4579959337105826f,0.8786251549154453f,0.1351205456412208f,0.8638458017707563f,-0.8866714023559946f,-0.46239809257957626f,0.001352117903048752f,-0.09490072000756017f,0f,0f,0f,1f],start_interpolation:0}
execute if entity @s[tag=aj.ecual.bone.coat_downer] run data modify entity @s {} merge value {transformation:[0.009740927015951474f,-0.26204290353751897f,0.9650070626925465f,-0.1618807205555494f,-0.13133943514091312f,0.9563569585445654f,0.2610197705543673f,0.6795997056661077f,-0.9912895980074319f,-0.1292860570557213f,-0.025100763598922576f,-0.2670998556223984f,0f,0f,0f,1f],start_interpolation:0}
execute if entity @s[tag=aj.ecual.bone.body_2] run data modify entity @s {} merge value {transformation:[0.009740927015951474f,-0.17585758188369668f,0.9843674238996782f,-0.20124999999999998f,-0.13133943514091312f,0.9756607776082974f,0.17560182178336992f,0.898625f,-0.9912895980074319f,-0.13099678595595945f,-0.013593195042842706f,-0.288625f,0f,0f,0f,1f],start_interpolation:0}
execute if entity @s[tag=aj.ecual.bone.book_left] run data modify entity @s {} merge value {transformation:[0.1007001989632314f,-0.8322930032691734f,-0.5451126733418925f,-1.4618694176290987f,0.4133133731516317f,0.5333783233514704f,-0.7380241322292884f,1.6669375f,0.9050036052429765f,-0.15098318081148565f,0.397709131915852f,-0.9275574779358502f,0f,0f,0f,1f],start_interpolation:0}
execute if entity @s[tag=aj.ecual.bone.book_right] run data modify entity @s {} merge value {transformation:[-0.4121692499648309f,-0.8322930032691734f,-0.37068162362411217f,-1.4786031466632097f,-0.4133133731516317f,0.5333783233514704f,-0.7380241322292884f,1.6669375f,0.8119658644040698f,-0.15098318081148565f,-0.5638399721149587f,-0.8353129940215643f,0f,0f,0f,1f],start_interpolation:0}
execute if entity @s[tag=aj.ecual.bone.book_loot_1] run data modify entity @s {} merge value {transformation:[-0.17849310969718393f,-0.8322930032691734f,-0.5248128871319837f,-1.3915143490763566f,0f,0.5333783233514704f,-0.8458768020100647f,1.7938190203015096f,0.9839411617523827f,-0.15098318081148565f,-0.09520435558007403f,-0.8671545826416962f,0f,0f,0f,1f],start_interpolation:0}
execute if entity @s[tag=aj.ecual.bone.book_left2] run data modify entity @s {} merge value {transformation:[0.5751964066636438f,0.3827649774309942f,0.7229384937970054f,0.42453415242046016f,-0.2196234171998896f,0.9235841054947601f,-0.314257783825456f,2.034278084714826f,-0.7879813756547013f,0.021985725589442968f,0.6153064110600753f,-0.15435586075522736f,0f,0f,0f,1f],start_interpolation:0}
execute if entity @s[tag=aj.ecual.bone.book_right2] run data modify entity @s {} merge value {transformation:[-0.31586709925745327f,0.3827649774309942f,0.8681698841004177f,0.4106016401956209f,0.1531958881855352f,0.9235841054947601f,-0.35145898753693694f,2.0378469152851735f,-0.9363540972568697f,0.021985725589442968f,-0.3503678530067771f,-0.06171563703213363f,0f,0f,0f,1f],start_interpolation:0}
execute if entity @s[tag=aj.ecual.bone.book_loot_2] run data modify entity @s {} merge value {transformation:[0.1486134637316187f,0.3827649774309942f,0.9118141315256862f,0.2807957765791876f,-0.038067526083710765f,0.9235841054947601f,-0.38150132835327033f,2.0932876992529903f,-0.9881623863796664f,0.021985725589442968f,0.15182794872733038f,-0.13080994120278006f,0f,0f,0f,1f],start_interpolation:0}
execute if entity @s[tag=aj.ecual.bone.air_staff_povit_1] run data modify entity @s {} merge value {transformation:[1.5353196191390304e-7f,0f,0.000015624245675765306f,-0.8886458902498262f,0f,0.000015625f,0f,1.0647475f,-0.000015624245675765306f,0f,1.5353196191390304e-7f,-0.30259755788676124f,0f,0f,0f,1f],start_interpolation:0}