execute if entity @s[tag=aj.louvert.bone.head] run data modify entity @s {} merge value {transformation:[-0.9998609081121523f,0.016452570581051224f,-0.0027344744316895875f,-0.0030643755484314906f,0.01641620943667601f,0.9997829705679075f,0.012826528374494332f,1.4685546541904329f,0.0029449103336478266f,0.012779854603478344f,-0.9999139977115236f,-0.16804220232886122f,0f,0f,0f,1f],start_interpolation:0}
execute if entity @s[tag=aj.louvert.bone.coat_0] run data modify entity @s {} merge value {transformation:[-0.9851129181160216f,0.07599682189012688f,-0.15419799487521443f,-0.23581796649075656f,0.10200744093874974f,0.980411041842618f,-0.16848937956500254f,0.6410785435908013f,0.1383727594364722f,-0.18171040722994475f,-0.9735678237032404f,-0.039477234312106105f,0f,0f,0f,1f],start_interpolation:0}
execute if entity @s[tag=aj.louvert.bone.coat_1] run data modify entity @s {} merge value {transformation:[-0.9374803956332438f,-0.31201520184087167f,-0.15419799487521443f,0.2580262038068123f,-0.28621692721534353f,0.9432344350951183f,-0.16848937956500254f,0.6410785435908013f,0.1980161063619404f,-0.1138214139386472f,-0.9735678237032404f,-0.1176944668322215f,0f,0f,0f,1f],start_interpolation:0}
execute if entity @s[tag=aj.louvert.bone.coat_2] run data modify entity @s {} merge value {transformation:[-0.9876883405951378f,0.01526532872089702f,-0.1556878659095375f,-0.008170630701373936f,4.336808689942018e-19f,0.9952273999818311f,0.0975828997591495f,0.620017371145176f,0.15643446504023079f,0.09638149233357604f,-0.9829744992028682f,-0.20028182853506885f,0f,0f,0f,1f],start_interpolation:0}
execute if entity @s[tag=aj.louvert.bone.right_leg_1] run data modify entity @s {} merge value {transformation:[-0.9894382267637155f,0.07713018353259113f,-0.1227311297385595f,-0.0769213861511118f,0.011149358510288894f,0.8846697064872858f,0.4660849731846205f,0.43512646961814405f,0.14452573204617705f,0.459793916023177f,-0.8761859777265261f,0.19945190289750078f,0f,0f,0f,1f],start_interpolation:0}
execute if entity @s[tag=aj.louvert.bone.right_leg_0] run data modify entity @s {} merge value {transformation:[-0.9894382267637155f,-0.08954752443021997f,-0.11398787780765757f,-0.11235692391636434f,0.011149358510288894f,0.7370232369602325f,-0.6757754360625058f,0.6410785435908013f,0.14452573204617705f,-0.6699089408636669f,-0.7282405672080049f,-0.05903154244213496f,0f,0f,0f,1f],start_interpolation:0}
execute if entity @s[tag=aj.louvert.bone.left_leg_1] run data modify entity @s {} merge value {transformation:[-0.9647363872449484f,-0.14771918276451568f,-0.21785946426297054f,0.22122761015108866f,-0.1870677243788881f,0.9670516459958772f,0.17267536150930307f,0.24791395864722604f,0.18517389022556416f,0.20734067864277805f,-0.9605834026042105f,-0.04382357197617187f,0f,0f,0f,1f],start_interpolation:0}
execute if entity @s[tag=aj.louvert.bone.left_leg_0] run data modify entity @s {} merge value {transformation:[-0.9647363872449484f,-0.2133229511844149f,-0.15419799487521443f,0.1345651612324201f,-0.1870677243788881f,0.967789747553416f,-0.16848937956500254f,0.6410785435908013f,0.18517389022556416f,-0.1337023673255896f,-0.9735678237032404f,-0.09814015870219264f,0f,0f,0f,1f],start_interpolation:0}
execute if entity @s[tag=aj.louvert.bone.body_1] run data modify entity @s {} merge value {transformation:[-0.9876883405951378f,-0.026357545957211563f,-0.15419799487521443f,0.002867385546399253f,4.336808689942018e-19f,0.9857034690888534f,-0.16848937956500254f,0.949110877681068f,0.15643446504023079f,-0.1664149957104617f,-0.9735678237032404f,-0.13059053673168308f,0f,0f,0f,1f],start_interpolation:0}
execute if entity @s[tag=aj.louvert.locator_origin.locator] at @s on origin run tp @s ^-1.09021 ^0.81224 ^0.67153 ~37.1415 ~-2.75327
execute if entity @s[tag=aj.louvert.bone.sword_0] run data modify entity @s {} merge value {transformation:[-0.7849967785056414f,-0.14164841514250642f,0.6030885376322295f,-0.564625876042967f,-0.21299462524910753f,0.9758718785414613f,-0.04803505269021249f,0.7954985786500419f,-0.5817330550611313f,-0.16616197868217453f,-0.796226631989704f,-0.0315720007908717f,0f,0f,0f,1f],start_interpolation:0}
execute if entity @s[tag=aj.louvert.bone.right_arm_1] run data modify entity @s {} merge value {transformation:[-0.36970319831067955f,-0.9100767418213271f,-0.187296206995048f,-0.4160192314574094f,-0.9139467237582709f,0.39250507945253293f,-0.10315594377195905f,1.1344085804709325f,0.1673945378152379f,0.1330416724182252f,-0.9768720397829925f,-0.09318668982434766f,0f,0f,0f,1f],start_interpolation:0}
execute if entity @s[tag=aj.louvert.bone.right_arm_0] run data modify entity @s {} merge value {transformation:[-0.3838068013358637f,-0.9100767418213271f,-0.15637347359514137f,-0.296079606039952f,-0.9193259186463478f,0.39250507945253293f,-0.027921638723568874f,1.4216979300479162f,0.08678821667358728f,0.1330416724182252f,-0.9873032557663224f,-0.12030800753484369f,0f,0f,0f,1f],start_interpolation:0}
execute if entity @s[tag=aj.louvert.locator_origin.locator2] at @s on origin run tp @s ^0.73922 ^1.11926 ^0.76149 ~-11.64158 ~-16.68837
execute if entity @s[tag=aj.louvert.bone.sword_1] run data modify entity @s {} merge value {transformation:[-0.9783428635903758f,-0.07405663383561446f,-0.19328956579888495f,0.5676587087888205f,-0.01576300525246664f,0.957751111548905f,-0.28716604254724787f,0.8921785857468373f,0.20638984695763132f,-0.2779000239506554f,-0.9381763201877517f,-0.06909283317895777f,0f,0f,0f,1f],start_interpolation:0}
execute if entity @s[tag=aj.louvert.bone.left_arm_1] run data modify entity @s {} merge value {transformation:[-0.4459683577115679f,0.8933036771448561f,0.05586380151337397f,0.3909696516170579f,0.7906986169350626f,0.422453489236775f,-0.44308999831710627f,1.1854438944211596f,-0.41941378267413465f,-0.15343268827454165f,-0.8947348708258894f,-0.22244448741788123f,0f,0f,0f,1f],start_interpolation:0}
execute if entity @s[tag=aj.louvert.bone.left_arm_0] run data modify entity @s {} merge value {transformation:[-0.4213737974236987f,0.8933036771448561f,-0.15637347359514137f,0.259290339922152f,0.9059544312616747f,0.422453489236775f,-0.027921638723568874f,1.4685546541904329f,0.0411180170006679f,-0.15343268827454165f,-0.9873032557663224f,-0.2095951071051725f,0f,0f,0f,1f],start_interpolation:0}
execute if entity @s[tag=aj.louvert.bone.wing_0] run data modify entity @s {} merge value {transformation:[-0.9735558578175585f,-0.0043679066167680875f,0.22840734029558912f,-0.07974964444648813f,-0.010549933944574241f,0.9996101150403544f,-0.02585182397384411f,1.1109778577835265f,-0.2282053693559443f,-0.02757787701757868f,-0.9732223641575035f,-0.6522139349872297f,0f,0f,0f,1f],start_interpolation:0}
execute if entity @s[tag=aj.louvert.bone.wing_1] run data modify entity @s {} merge value {transformation:[-0.8553873052161085f,-0.0043679066167680875f,-0.5179705391881968f,-0.040656276047702805f,0.010549933944574241f,0.9996101150403544f,-0.02585182397384411f,1.1179582674644188f,0.5178815086184186f,-0.02757787701757868f,-0.8550077214448499f,-0.40538812104564914f,0f,0f,0f,1f],start_interpolation:0}
execute if entity @s[tag=aj.louvert.bone.body_0] run data modify entity @s {} merge value {transformation:[-0.9876883405951378f,-0.0043679066167680875f,-0.15637347359514137f,-0.006078749999999979f,4.336808689942018e-19f,0.9996101150403544f,-0.027921638723568874f,1.322620625f,0.15643446504023079f,-0.02757787701757868f,-0.9873032557663224f,-0.16544375000000003f,0f,0f,0f,1f],start_interpolation:0}