execute if entity @s[tag=aj.louvert.bone.head] run data modify entity @s {} merge value {transformation:[-0.9997201398709976f,-0.022926180214202174f,0.005833712119966417f,-0.005158016063653747f,-0.02296368787309495f,0.9997155197287098f,-0.006445824448643944f,1.4619416211198952f,-0.005684274411021185f,-0.006577984063646625f,-0.9999622088609543f,0.053161198948168085f,0f,0f,0f,1f],start_interpolation:0}
execute if entity @s[tag=aj.louvert.bone.coat_0] run data modify entity @s {} merge value {transformation:[-0.9933047945269552f,0.102193367678303f,0.053871149721632205f,-0.2416345206592825f,0.11376628633581849f,0.9463452374526822f,0.3024697069856472f,0.6669786097849484f,-0.020070307997634193f,0.3065733307924776f,-0.9516354215684105f,-0.192802207123399f,0f,0f,0f,1f],start_interpolation:0}
execute if entity @s[tag=aj.louvert.bone.coat_1] run data modify entity @s {} merge value {transformation:[-0.9401565756011012f,-0.3364572968174124f,0.053871149721632205f,0.257566254395205f,-0.3057527280016314f,0.9027886495052856f,0.3024697069856472f,0.6669786097849484f,-0.15040240248603504f,0.26789763295472124f,-0.9516354215684105f,-0.16454293988238666f,0f,0f,0f,1f],start_interpolation:0}
execute if entity @s[tag=aj.louvert.bone.coat_2] run data modify entity @s {} merge value {transformation:[-0.998401550108975f,-0.026821691398111826f,0.04974878501571936f,0.014699760583165281f,0f,0.8802207182414052f,0.47456452372526203f,0.7047873231581543f,-0.05651853448202465f,0.4738059561140292f,-0.8788137295302544f,-0.29762700119894414f,0f,0f,0f,1f],start_interpolation:0}
execute if entity @s[tag=aj.louvert.bone.right_leg_1] run data modify entity @s {} merge value {transformation:[-0.9972558921362618f,-0.029568923347139113f,0.06787020238366423f,-0.13555738364131642f,0.03044052625988311f,0.671907520075099f,0.7400092288799862f,0.36854184970533943f,-0.06748377553553074f,0.7400445684137014f,-0.669163639777931f,-0.04367203385955837f,0f,0f,0f,1f],start_interpolation:0}
execute if entity @s[tag=aj.louvert.bone.right_leg_0] run data modify entity @s {} merge value {transformation:[-0.9972558921362618f,0.04971302896518361f,0.054857090249258986f,-0.11683432689566062f,0.03044052625988311f,0.9508120108128305f,-0.3082691915438246f,0.6669786097849484f,-0.06748377553553074f,-0.30575338893488757f,-0.9497161708606954f,-0.1857373903131459f,0f,0f,0f,1f],start_interpolation:0}
execute if entity @s[tag=aj.louvert.bone.left_leg_1] run data modify entity @s {} merge value {transformation:[-0.9735943283788714f,-0.22688430582481128f,-0.025250653830898327f,0.22288764258702842f,-0.19581279333522722f,0.773121534859085f,0.603274765180335f,0.28801694109484105f,-0.11735175207362677f,0.5922892908938386f,-0.7971335911738534f,-0.2869559973790816f,0f,0f,0f,1f],start_interpolation:0}
execute if entity @s[tag=aj.louvert.bone.left_leg_0] run data modify entity @s {} merge value {transformation:[-0.9735943283788714f,-0.22183774019801916f,0.053871149721632205f,0.13276606063158314f,-0.19581279333522722f,0.9328287229294949f,0.3024697069856472f,0.6669786097849484f,-0.11735175207362677f,0.2839341309204722f,-0.9516354215684105f,-0.17160775669263975f,0f,0f,0f,1f],start_interpolation:0}
execute if entity @s[tag=aj.louvert.bone.body_1] run data modify entity @s {} merge value {transformation:[-0.998401550108975f,-0.017095144564036192f,0.053871149721632205f,0.0026236341916999455f,0f,0.9531589984656373f,0.3024697069856472f,0.96484079680546f,-0.05651853448202465f,0.30198622431547767f,-0.9516354215684105f,-0.08430187840430606f,0f,0f,0f,1f],start_interpolation:0}
execute if entity @s[tag=aj.louvert.locator_origin.locator] at @s on origin run tp @s ^-1.19537 ^0.63927 ^0.45984 ~48.32119 ~8.46248
execute if entity @s[tag=aj.louvert.bone.sword_0] run data modify entity @s {} merge value {transformation:[-0.6562096766315892f,-0.1537327996503131f,0.7387523851783774f,-0.5510399889997516f,-0.06554108546941569f,0.9869385838140574f,0.14716180854621702f,0.7941252937241015f,-0.7517268296466182f,0.04815036958092231f,-0.6577144635011951f,-0.11611565614232643f,0f,0f,0f,1f],start_interpolation:0}
execute if entity @s[tag=aj.louvert.bone.right_arm_1] run data modify entity @s {} merge value {transformation:[-0.351690665460337f,-0.9361128240444293f,-0.0025409619494427133f,-0.40939800156038036f,-0.9273757163041998f,0.3480355719276953f,0.13727899140886152f,1.1379082183166016f,-0.12762427918439959f,0.05063616625027256f,-0.9905291626348702f,-0.0662043126745477f,0f,0f,0f,1f],start_interpolation:0}
execute if entity @s[tag=aj.louvert.bone.right_arm_0] run data modify entity @s {} merge value {transformation:[-0.3475022443208179f,-0.9361128240444293f,0.05417537126368214f,-0.3008035502101248f,-0.8931256362535778f,0.3480355719276953f,0.284952344330774f,1.4170099796458446f,-0.2856025000917124f,0.05063616625027256f,-0.9570095039281681f,0.023046468604112424f,0f,0f,0f,1f],start_interpolation:0}
execute if entity @s[tag=aj.louvert.locator_origin.locator2] at @s on origin run tp @s ^0.80547 ^0.795 ^0.91764 ~-17.00776 ~2.35185
execute if entity @s[tag=aj.louvert.bone.sword_1] run data modify entity @s {} merge value {transformation:[-0.9211413155011196f,-0.2570715711894358f,-0.2922548274418432f,0.5422905696273536f,-0.28063893888882574f,0.9589357776195738f,0.041036086320423285f,0.8559884803123031f,0.26970439903016175f,0.11981811919462798f,-0.9554596566346699f,0.08224772667865714f,0f,0f,0f,1f],start_interpolation:0}
execute if entity @s[tag=aj.louvert.bone.left_arm_1] run data modify entity @s {} merge value {transformation:[-0.362199326510324f,0.898052794777639f,0.24962537064076518f,0.3964608004047202f,0.9021526354739215f,0.405097220627618f,-0.1483808078803877f,1.1904623107714218f,-0.2343763430530591f,0.17145675732338658f,-0.9569066360858953f,-0.004937301854826867f,0f,0f,0f,1f],start_interpolation:0}
execute if entity @s[tag=aj.louvert.bone.left_arm_0] run data modify entity @s {} merge value {transformation:[-0.43653889510616795f,0.898052794777639f,0.05417537126368214f,0.26004239568404275f,0.8687337931151148f,0.405097220627618f,0.284952344330774f,1.4619416211198952f,0.2339559568793048f,0.17145675732338658f,-0.9570095039281681f,0.06817393466995587f,0f,0f,0f,1f],start_interpolation:0}
execute if entity @s[tag=aj.louvert.bone.wing_0] run data modify entity @s {} merge value {transformation:[-0.8669500414047906f,-0.01610508889879261f,0.4981347727470889f,0.02746579387714728f,0.12836762130908702f,0.9585416847797471f,0.2544004566408064f,1.2749190891422442f,-0.4815800862864647f,0.2844968622870312f,-0.8289403813551102f,-0.5231393494270828f,0f,0f,0f,1f],start_interpolation:0}
execute if entity @s[tag=aj.louvert.bone.wing_1] run data modify entity @s {} merge value {transformation:[-0.9157607543609394f,-0.01610508889879261f,-0.40140112964943836f,0.013921951061226748f,-0.12836762130908702f,0.9585416847797471f,0.2544004566408064f,1.2036810030595506f,0.38066257311657276f,0.2844968622870312f,-0.8798622282932165f,-0.2838869734450409f,0f,0f,0f,1f],start_interpolation:0}
execute if entity @s[tag=aj.louvert.bone.body_0] run data modify entity @s {} merge value {transformation:[-0.998401550108975f,-0.01610508889879261f,0.05417537126368214f,-0.006078750000000001f,0f,0.9585416847797471f,0.284952344330774f,1.322620625f,-0.05651853448202465f,0.2844968622870312f,-0.9570095039281681f,0.00955625f,0f,0f,0f,1f],start_interpolation:0}