execute if entity @s[tag=aj.louvert.bone.head] run data modify entity @s {} merge value {transformation:[-1f,0f,1.2246467991473532e-16f,-0.0026950000000000134f,0f,1f,0f,1.5003751134510062f,-1.2246467991473532e-16f,0f,-1f,0.11275568962784005f,0f,0f,0f,1f],start_interpolation:0}
execute if entity @s[tag=aj.louvert.bone.coat_0] run data modify entity @s {} merge value {transformation:[-0.9912126546288167f,0.13227801519411386f,7.392152789984628e-17f,-0.25269499999999995f,0.07984500508649468f,0.5983109085398302f,0.7972758819160284f,0.9458832824927331f,0.10546207122198888f,0.7902699433855175f,-0.6036150827431496f,-0.4945617233109644f,0f,0f,0f,1f],start_interpolation:0}
execute if entity @s[tag=aj.louvert.bone.coat_1] run data modify entity @s {} merge value {transformation:[-0.9384779553899972f,-0.3453391481529577f,7.392152789984628e-17f,0.24730500000000008f,-0.20845191848679628f,0.566479448695355f,0.7972758819160284f,0.9458832824927331f,-0.27533057390377935f,0.7482258395423111f,-0.6036150827431496f,-0.49456172331096426f,0f,0f,0f,1f],start_interpolation:0}
execute if entity @s[tag=aj.louvert.bone.coat_2] run data modify entity @s {} merge value {transformation:[-1f,-1.0591241777059613e-16f,6.148298617182876e-17f,-0.0026949999999999297f,0f,0.5020466816606683f,0.8648405225436141f,1.0455427677322366f,-1.2246467991473532e-16f,0.8648405225436141f,-0.5020466816606683f,-0.5700136086538581f,0f,0f,0f,1f],start_interpolation:0}
execute if entity @s[tag=aj.louvert.bone.right_leg_1] run data modify entity @s {} merge value {transformation:[-0.998969592158691f,0.021999457923104038f,0.03969606773205753f,-0.14257790462638575f,0.04376135665944368f,0.23509063563758345f,0.9709878149075002f,0.6199896602265033f,0.01202903178246232f,0.9717244552272042f,-0.23581112252769157f,-0.5449416822874107f,0f,0f,0f,1f],start_interpolation:0}
execute if entity @s[tag=aj.louvert.bone.right_leg_0] run data modify entity @s {} merge value {transformation:[-0.998969592158691f,0.045383873923532325f,-0.0002406865003412338f,-0.12769499999999995f,0.04376135665944368f,0.9646339916759579f,0.25993500296542027f,0.9458832824927331f,0.01202903178246232f,0.25965663113234955f,-0.9656260851402969f,-0.4945617233109644f,0f,0f,0f,1f],start_interpolation:0}
execute if entity @s[tag=aj.louvert.bone.left_leg_1] run data modify entity @s {} merge value {transformation:[-0.9759120025592426f,-0.2083514797541585f,-0.06469485408486007f,0.2109343413466209f,-0.13168740236408952f,0.32615312305873567f,0.9360996572895601f,0.7065714807967084f,-0.17393732008803414f,0.9220703884212343f,-0.34573401261274117f,-0.8106531087068126f,0f,0f,0f,1f],start_interpolation:0}
execute if entity @s[tag=aj.louvert.bone.left_leg_0] run data modify entity @s {} merge value {transformation:[-0.9759120025592426f,-0.21816453254552823f,7.392152789984628e-17f,0.12230500000000005f,-0.13168740236408952f,0.5890752041748301f,0.7972758819160284f,0.9458832824927331f,-0.17393732008803414f,0.7780711025128575f,-0.6036150827431496f,-0.49456172331096426f,0f,0f,0f,1f],start_interpolation:0}
execute if entity @s[tag=aj.louvert.bone.body_1] run data modify entity @s {} merge value {transformation:[-1f,-9.763813568258471e-17f,7.392152789984628e-17f,-0.0026949999999999696f,0f,0.6036150827431496f,0.7972758819160284f,1.1345129958499673f,-1.2246467991473532e-16f,0.7972758819160284f,-0.6036150827431496f,-0.24541301021220546f,0f,0f,0f,1f],start_interpolation:0}
execute if entity @s[tag=aj.louvert.locator_origin.locator] at @s on origin run tp @s ^-1.13809 ^0.54397 ^0.19172 ~49.87406 ~26.28084
execute if entity @s[tag=aj.louvert.bone.sword_0] run data modify entity @s {} merge value {transformation:[-0.705745816512738f,-0.1785623179020085f,0.6855934225911381f,-0.5410617759625348f,0.20955107401310366f,0.8718038225440992f,0.4427713206356664f,0.9552489911143828f,-0.676765239839284f,0.45615084525073435f,-0.5778539750856763f,-0.30352569684629627f,0f,0f,0f,1f],start_interpolation:0}
execute if entity @s[tag=aj.louvert.bone.right_arm_1] run data modify entity @s {} merge value {transformation:[-0.33274637076199254f,-0.9398790240580331f,-0.07685878531724147f,-0.40629111551904257f,-0.8132481387308272f,0.24474208009320095f,0.5279477048747334f,1.256292621678989f,-0.47739639461936445f,0.23817794685354987f,-0.8457919058710953f,-0.12478035946931168f,0f,0f,0f,1f],start_interpolation:0}
execute if entity @s[tag=aj.louvert.bone.right_arm_0] run data modify entity @s {} merge value {transformation:[-0.34150756966093626f,-0.9398790240580331f,8.776455681506018e-17f,-0.29957f,-0.6735661748649159f,0.24474208009320095f,0.6974309444737155f,1.466782051324275f,-0.655500715439828f,0.23817794685354987f,-0.7166519920369309f,0.08006361410563459f,0f,0f,0f,1f],start_interpolation:0}
execute if entity @s[tag=aj.louvert.locator_origin.locator2] at @s on origin run tp @s ^1.05477 ^0.65194 ^0.47631 ~-36.90771 ~19.65242
execute if entity @s[tag=aj.louvert.bone.sword_1] run data modify entity @s {} merge value {transformation:[-0.7404903095819735f,-0.36308464441814325f,-0.5655472061666847f,0.5489926789580094f,-0.6090578810097976f,0.7182909260805791f,0.33631331090243544f,0.9657980067204875f,0.28411722755765306f,0.5934877307055755f,-0.7530270343798414f,-0.1690896098494044f,0f,0f,0f,1f],start_interpolation:0}
execute if entity @s[tag=aj.louvert.bone.left_arm_1] run data modify entity @s {} merge value {transformation:[-0.37966579443382414f,0.9037653018933555f,0.19764150280380155f,0.39668886327730035f,0.8965415638181775f,0.30674737862487295f,0.31956105841173027f,1.2979734872210902f,0.228182183536291f,0.29852022511109827f,-0.9267246442801818f,-0.08421740039780226f,0f,0f,0f,1f],start_interpolation:0}
execute if entity @s[tag=aj.louvert.bone.left_arm_0] run data modify entity @s {} merge value {transformation:[-0.42802836248736126f,0.9037653018933555f,8.776455681506018e-17f,0.26293f,0.6476852039357314f,0.30674737862487295f,0.6974309444737155f,1.5003751134510062f,0.6303138880820555f,0.29852022511109827f,-0.7166519920369309f,0.11275568962784008f,0f,0f,0f,1f],start_interpolation:0}
execute if entity @s[tag=aj.louvert.bone.wing_0] run data modify entity @s {} merge value {transformation:[-0.8736024067325188f,-8.541065737760511e-17f,0.48664035483213985f,-0.00269499999999994f,0.3393980422896033f,0.7166519920369309f,0.6092773516219715f,1.6027414634251689f,-0.34875177969601195f,0.6974309444737155f,-0.6260689050331165f,-0.4853121935534651f,0f,0f,0f,1f],start_interpolation:0}
execute if entity @s[tag=aj.louvert.bone.wing_1] run data modify entity @s {} merge value {transformation:[-0.8736024067325188f,-8.541065737760511e-17f,-0.48664035483213974f,-0.002694999999999962f,-0.3393980422896033f,0.7166519920369309f,0.6092773516219715f,1.4283837273067401f,0.34875177969601173f,0.6974309444737155f,-0.6260689050331167f,-0.30614919554423237f,0f,0f,0f,1f],start_interpolation:0}
execute if entity @s[tag=aj.louvert.bone.body_0] run data modify entity @s {} merge value {transformation:[-1f,-8.541065737760511e-17f,8.776455681506018e-17f,-0.006078750000000001f,0f,0.7166519920369309f,0.6974309444737155f,1.39717140625f,-1.2246467991473532e-16f,0.6974309444737155f,-0.7166519920369309f,0.00955625f,0f,0f,0f,1f],start_interpolation:0}