execute if entity @s[tag=aj.louvert.bone.head] run data modify entity @s {} merge value {transformation:[-0.999956379268112f,-0.008598834947486273f,0.0036468614662159664f,-0.0037976049287037376f,-0.008603644912498926f,0.9999621360242448f,-0.0013053015165887527f,1.4392641264210102f,-0.003635499309243978f,-0.0013366208794817758f,-0.9999924982665604f,0.09731540471906179f,0f,0f,0f,1f],start_interpolation:0}
execute if entity @s[tag=aj.louvert.bone.coat_0] run data modify entity @s {} merge value {transformation:[-0.9928028218363393f,0.11939655721459849f,0.009328401744300973f,-0.24736456394606576f,0.0948404671730424f,0.7362669685304993f,0.6700121169331997f,0.7914813501264673f,0.07312894598037793f,0.6660746303352274f,-0.7422915492470524f,-0.4161536010859539f,0f,0f,0f,1f],start_interpolation:0}
execute if entity @s[tag=aj.louvert.bone.coat_1] run data modify entity @s {} merge value {transformation:[-0.9386784396601824f,-0.3446676193639639f,0.009328401744300973f,0.25259595815584235f,-0.2499987420850491f,0.698988120155547f,0.6700121169331997f,0.7914813501264673f,-0.23745192328768044f,0.6265938397745324f,-0.7422915492470524f,-0.40987058114427755f,0f,0f,0f,1f],start_interpolation:0}
execute if entity @s[tag=aj.louvert.bone.coat_2] run data modify entity @s {} merge value {transformation:[-0.9999210442038161f,-0.009677825060062402f,0.008015301644781628f,0.0037817473229259024f,-4.336808689942018e-19f,0.637854226087582f,0.7701571179066073f,0.8752328647431171f,-0.01256603988335271f,0.7700963095381763f,-0.6378038637993121f,-0.5057985347709972f,0f,0f,0f,1f],start_interpolation:0}
execute if entity @s[tag=aj.louvert.bone.right_leg_1] run data modify entity @s {} merge value {transformation:[-0.9991281039513032f,0.006358702667609581f,0.04126255924029067f,-0.13591031896974543f,0.040699953555016814f,0.3685753264493095f,0.9287064888937754f,0.4614613499282015f,-0.00930299281376894f,0.9295761376203512f,-0.36851276598177324f,-0.4046629218802227f,0f,0f,0f,1f],start_interpolation:0}
execute if entity @s[tag=aj.louvert.bone.right_leg_0] run data modify entity @s {} merge value {transformation:[-0.9991281039513032f,0.03971987574956468f,0.012859368768050225f,-0.12237443342058874f,0.040699953555016814f,0.9952877019268345f,0.08801081850443099f,0.7914813501264673f,-0.00930299281376894f,0.08845745793114096f,-0.9960365116104266f,-0.41458284610053475f,0f,0f,0f,1f],start_interpolation:0}
execute if entity @s[tag=aj.louvert.bone.left_leg_1] run data modify entity @s {} merge value {transformation:[-0.9750201511246782f,-0.21172750991916522f,-0.0671354335968676f,0.21776101016232788f,-0.1586494650651714f,0.4523068460544155f,0.8776382308484756f,0.49686911050380683f,-0.1554543409987144f,0.8663659611017374f,-0.47459874558295934f,-0.6762332050138234f,0f,0f,0f,1f],start_interpolation:0}
execute if entity @s[tag=aj.louvert.bone.left_leg_0] run data modify entity @s {} merge value {transformation:[-0.9750201511246782f,-0.22192044930944635f,0.009328401744300973f,0.1276058276303653f,-0.1586494650651714f,0.7251993590711641f,0.6700121169331997f,0.7914813501264673f,-0.1554543409987144f,0.6517953695609277f,-0.7422915492470524f,-0.4114413361296966f,0f,0f,0f,1f],start_interpolation:0}
execute if entity @s[tag=aj.louvert.bone.body_1] run data modify entity @s {} merge value {transformation:[-0.9999210442038161f,-0.008419398983712167f,0.009328401744300973f,-0.00001536507752177181f,-4.336808689942018e-19f,0.7423501620951478f,0.6700121169331997f,1.023465775781201f,-0.01256603988335271f,0.6699592155930545f,-0.7422915492470524f,-0.20364983624228616f,0f,0f,0f,1f],start_interpolation:0}
execute if entity @s[tag=aj.louvert.locator_origin.locator] at @s on origin run tp @s ^-1.15081 ^0.50226 ^0.27931 ~48.60018 ~21.36626
execute if entity @s[tag=aj.louvert.bone.sword_0] run data modify entity @s {} merge value {transformation:[-0.6938243752675788f,-0.17499743166782292f,0.6985582546890557f,-0.5423135277274433f,0.13438622822222718f,0.9215232625352585f,0.3643284483410219f,0.8459956924606126f,-0.7074942246751966f,0.3466565671035801f,-0.615858057132651f,-0.25213831401331754f,0f,0f,0f,1f],start_interpolation:0}
execute if entity @s[tag=aj.louvert.bone.right_arm_1] run data modify entity @s {} merge value {transformation:[-0.33526827224307826f,-0.9402690030875027f,-0.05907103740391803f,-0.4066394178317131f,-0.8609971157253763f,0.2803419745539143f,0.42437288322393485f,1.164844097423701f,-0.38246457658157595f,0.1931387561729815f,-0.9035586691102185f,-0.10837279446707203f,0f,0f,0f,1f],start_interpolation:0}
execute if entity @s[tag=aj.louvert.bone.right_arm_0] run data modify entity @s {} merge value {transformation:[-0.3402811957672144f,-0.9402690030875027f,0.010144438874016682f,-0.3003015441544586f,-0.7570505863862099f,0.2803419745539143f,0.5901548838699111f,1.4014224056693918f,-0.5577482563482656f,0.1931387561729815f,-0.8072263024731188f,0.06592353564176097f,0f,0f,0f,1f],start_interpolation:0}
execute if entity @s[tag=aj.louvert.locator_origin.locator2] at @s on origin run tp @s ^0.98146 ^0.59925 ^0.61266 ~-30.39648 ~16.45652
execute if entity @s[tag=aj.louvert.bone.sword_1] run data modify entity @s {} merge value {transformation:[-0.8089222315070458f,-0.3319248672095833f,-0.4852532389397953f,0.546954831576704f,-0.5045866798641442f,0.8155613716323403f,0.28328771876813796f,0.8691020931336891f,0.30172355870455536f,0.47401005435441607f,-0.8272105913814103f,-0.1009576353194437f,0f,0f,0f,1f],start_interpolation:0}
execute if entity @s[tag=aj.louvert.bone.left_arm_1] run data modify entity @s {} merge value {transformation:[-0.37611488363889284f,0.9031021298714268f,0.20722967289216723f,0.39596454443367624f,0.9214875599611421f,0.34117551456695244f,0.18563390072084346f,1.2106224851406229f,0.0969446808348084f,0.26077923859400265f,-0.9605185670127203f,-0.06481833419445569f,0f,0f,0f,1f],start_interpolation:0}
execute if entity @s[tag=aj.louvert.bone.left_arm_0] run data modify entity @s {} merge value {transformation:[-0.4293059903863722f,0.9031021298714268f,0.010144438874016682f,0.2618064224379349f,0.7316532520972396f,0.34117551456695244f,0.5901548838699111f,1.4392641264210102f,0.5295090984241058f,0.26077923859400265f,-0.8072263024731188f,0.10065325906307736f,0f,0f,0f,1f],start_interpolation:0}
execute if entity @s[tag=aj.louvert.bone.wing_0] run data modify entity @s {} merge value {transformation:[-0.8679040925209608f,-0.007415909808064691f,0.4966764444455627f,0.0038238335048268422f,0.28791276048383324f,0.8072900427011915f,0.515159227138646f,1.4568356161774312f,-0.4047823224103868f,0.5901082877211834f,-0.6985151968474463f,-0.5091474704216543f,0f,0f,0f,1f],start_interpolation:0}
execute if entity @s[tag=aj.louvert.bone.wing_1] run data modify entity @s {} merge value {transformation:[-0.8778022175034238f,-0.007415909808064691f,-0.4789658351362762f,0.0012877237863226712f,-0.28791276048383324f,0.8072900427011915f,0.515159227138646f,1.3092968952099535f,0.3828439751343238f,0.5901082877211834f,-0.7107761247158786f,-0.30734089480337473f,0f,0f,0f,1f],start_interpolation:0}
execute if entity @s[tag=aj.louvert.bone.body_0] run data modify entity @s {} merge value {transformation:[-0.9999210442038161f,-0.007415909808064691f,0.010144438874016682f,-0.006078750000000001f,-4.336808689942018e-19f,0.8072900427011915f,0.5901548838699111f,1.322620625f,-0.01256603988335271f,0.5901082877211834f,-0.8072263024731188f,0.00955625f,0f,0f,0f,1f],start_interpolation:0}