execute if entity @s[tag=aj.louvert.bone.head] run data modify entity @s {} merge value {transformation:[-1f,0f,1.2246467991473535e-16f,-0.002695000000000013f,0f,1f,0f,1.5304400630907622f,-1.2246467991473532e-16f,0f,-1f,0.1096091991174906f,0f,0f,0f,1f],start_interpolation:0}
execute if entity @s[tag=aj.louvert.bone.coat_0] run data modify entity @s {} merge value {transformation:[-0.9914448613738104f,0.1305261922200515f,7.686170188015641e-17f,-0.25269499999999995f,0.0819212958459091f,0.6222540198413379f,0.7785170750074933f,0.9564531075851391f,0.10161686937902026f,0.7718567535079486f,-0.6276234252493904f,-0.4799173682253769f,0f,0f,0f,1f],start_interpolation:0}
execute if entity @s[tag=aj.louvert.bone.coat_1] run data modify entity @s {} merge value {transformation:[-0.9396926207859084f,-0.34202014332566877f,7.686170188015641e-17f,0.24730500000000008f,-0.2146598538583436f,0.5897731013392283f,0.7785170750074933f,0.9564531075851391f,-0.2662685215755433f,0.731566750540371f,-0.6276234252493904f,-0.4799173682253769f,0f,0f,0f,1f],start_interpolation:0}
execute if entity @s[tag=aj.louvert.bone.coat_2] run data modify entity @s {} merge value {transformation:[-1f,-1.0455765553234727e-16f,6.375966198308761e-17f,-0.002694999999999931f,0f,0.5206371504623175f,0.8537780493538577f,1.0537677419610758f,-1.2246467991473532e-16f,0.8537780493538577f,-0.5206371504623175f,-0.5583702963815507f,0f,0f,0f,1f],start_interpolation:0}
execute if entity @s[tag=aj.louvert.bone.right_leg_1] run data modify entity @s {} merge value {transformation:[-0.9990482212727914f,0.023836572701936964f,0.03653038972550098f,-0.14200761403728057f,0.04239187191107048f,0.3333013253088344f,0.9418668460792377f,0.6298600468609056f,0.010275250242554101f,0.9425189888533811f,-0.3339945731344346f,-0.5241109778916802f,0f,0f,0f,1f],start_interpolation:0}
execute if entity @s[tag=aj.louvert.bone.right_leg_0] run data modify entity @s {} merge value {transformation:[-0.9990482212727914f,0.0436193944441193f,6.923887157383643e-9f,-0.12769499999999995f,0.04239187191107048f,0.9709333001493474f,0.23556624515616154f,0.9564531075851391f,0.010275250242554101f,0.2353420385086899f,-0.9718582942708405f,-0.4799173682253769f,0f,0f,0f,1f],start_interpolation:0}
execute if entity @s[tag=aj.louvert.bone.left_leg_1] run data modify entity @s {} merge value {transformation:[-0.9762960071199334f,-0.20906461293484907f,-0.05601869420181797f,0.21023359316235438f,-0.13584257185948784f,0.39037237613612735f,0.9105801467308817f,0.7075249459414858f,-0.16850193515884304f,0.8966054849086278f,-0.40951886681750016f,-0.7886930073959573f,0f,0f,0f,1f],start_interpolation:0}
execute if entity @s[tag=aj.louvert.bone.left_leg_0] run data modify entity @s {} merge value {transformation:[-0.9762960071199334f,-0.21643961393810296f,7.686170188015641e-17f,0.12230500000000005f,-0.13584257185948784f,0.6127462440459158f,0.7785170750074933f,0.9564531075851391f,-0.16850193515884304f,0.7600631118045054f,-0.6276234252493904f,-0.4799173682253769f,0f,0f,0f,1f],start_interpolation:0}
execute if entity @s[tag=aj.louvert.bone.body_1] run data modify entity @s {} merge value {transformation:[-1f,-9.534084439894865e-17f,7.686170188015641e-17f,-0.0026949999999999704f,0f,0.6276234252493904f,0.7785170750074933f,1.1525854279755736f,-1.2246467991473532e-16f,0.7785170750074933f,-0.6276234252493904f,-0.23663078228553522f,0f,0f,0f,1f],start_interpolation:0}
execute if entity @s[tag=aj.louvert.locator_origin.locator] at @s on origin run tp @s ^-1.15479 ^0.59124 ^0.22417 ~48.92803 ~24.58221
execute if entity @s[tag=aj.louvert.bone.sword_0] run data modify entity @s {} merge value {transformation:[-0.7115539942941183f,-0.15395693487638956f,0.6855568360154778f,-0.5571523323791262f,0.20932652195925566f,0.8849450463275319f,0.4159984040652124f,0.9793698123013092f,-0.6707259652112232f,0.4395105541210924f,-0.5974589127359669f,-0.2887150625491162f,0f,0f,0f,1f],start_interpolation:0}
execute if entity @s[tag=aj.louvert.bone.right_arm_1] run data modify entity @s {} merge value {transformation:[-0.3563269005191786f,-0.9310160084404183f,-0.07899577200120363f,-0.41362573268780584f,-0.8163706631899066f,0.2690902619007774f,0.5110081909647273f,1.2813748744182427f,-0.4544998132554815f,0.2465757956041951f,-0.8559382552339221f,-0.11861699762567021f,0f,0f,0f,1f],start_interpolation:0}
execute if entity @s[tag=aj.louvert.bone.right_arm_0] run data modify entity @s {} merge value {transformation:[-0.3649783446009787f,-0.9310160084404183f,9.029043306084037e-17f,-0.29957f,-0.6864170032305438f,0.2690902619007774f,0.6755902076156601f,1.4958801879277877f,-0.6289852984357654f,0.2465757956041951f,-0.7372773368101242f,0.0779409081355065f,0f,0f,0f,1f],start_interpolation:0}
execute if entity @s[tag=aj.louvert.locator_origin.locator2] at @s on origin run tp @s ^1.04593 ^0.69759 ^0.52952 ~-33.75208 ~18.63859
execute if entity @s[tag=aj.louvert.bone.sword_1] run data modify entity @s {} merge value {transformation:[-0.7547494635650742f,-0.39139756965412464f,-0.5264610049349121f,0.573708671843375f,-0.6022789884594124f,0.7315171608884182f,0.3195976586054018f,0.997124786113875f,0.2600255128031475f,0.5582925629046053f,-0.7878427171059385f,-0.14735917372391039f,0f,0f,0f,1f],start_interpolation:0}
execute if entity @s[tag=aj.louvert.bone.left_arm_1] run data modify entity @s {} merge value {transformation:[-0.4138611729303945f,0.8844792043836589f,0.2154424901302618f,0.40873612964708006f,0.8903783467725277f,0.34399857586173077f,0.2981465736910646f,1.3266567905057867f,0.18959253450307167f,0.3152166188797014f,-0.9298887858463241f,-0.07712376629541247f,0f,0f,0f,1f],start_interpolation:0}
execute if entity @s[tag=aj.louvert.bone.left_arm_0] run data modify entity @s {} merge value {transformation:[-0.4665796148706562f,0.8844792043836589f,9.029043306084037e-17f,0.26293f,0.6521064722719215f,0.34399857586173077f,0.6755902076156601f,1.5304400630907622f,0.5975454893212899f,0.3152166188797014f,-0.7372773368101242f,0.10960919911749063f,0f,0f,0f,1f],start_interpolation:0}
execute if entity @s[tag=aj.louvert.bone.wing_0] run data modify entity @s {} merge value {transformation:[-0.9396926207859084f,-8.27359385291814e-17f,0.34202014332566877f,-0.002694999999999939f,0.23106545963812633f,0.7372773368101242f,0.6348471327716556f,1.6147960823701122f,-0.25216370040656605f,0.6755902076156601f,-0.6928140728731605f,-0.49126360315545464f,0f,0f,0f,1f],start_interpolation:0}
execute if entity @s[tag=aj.louvert.bone.wing_1] run data modify entity @s {} merge value {transformation:[-0.9396926207859084f,-8.27359385291814e-17f,-0.34202014332566855f,-0.0026949999999999617f,-0.23106545963812633f,0.7372773368101242f,0.6348471327716556f,1.445898530466197f,0.2521637004065658f,0.6755902076156601f,-0.6928140728731605f,-0.30694426895292365f,0f,0f,0f,1f],start_interpolation:0}
execute if entity @s[tag=aj.louvert.bone.body_0] run data modify entity @s {} merge value {transformation:[-1f,-8.27359385291814e-17f,9.029043306084037e-17f,-0.006078750000000001f,0f,0.7372773368101242f,0.6755902076156601f,1.424183125f,-1.2246467991473532e-16f,0.6755902076156601f,-0.7372773368101242f,0.00955625f,0f,0f,0f,1f],start_interpolation:0}