# This file was generated by Animated Java via MC-Build. It is not recommended to edit this file directly.
$data merge entity $(bone_wing_right_1) { transformation: [0.6488708556037256f,0.046428069242540566f,0.4937160029601461f,0.009344123093617082f,-0.16729758818288418f,0.7859068060423948f,0.14596730335549798f,1.3178435144441776f,-0.4668217798911306f,-0.21711603129915516f,0.6339420314323899f,0.44407376700411727f,0f,0f,0f,1f], start_interpolation: 0, interpolation_duration: 1 }
$data merge entity $(bone_wing_right_2) { transformation: [0.6054303563642641f,-0.1988624481004178f,0.48364016616504113f,0.009344123093617082f,0.14018265312826877f,0.7745341485634197f,0.14298837879722254f,1.3178435144441776f,-0.5037885542115456f,-0.02346442934842327f,0.6210044389541779f,0.44407376700411727f,0f,0f,0f,1f], start_interpolation: 0, interpolation_duration: 1 }
$data merge entity $(bone_wing_left_1) { transformation: [0.7086899577382441f,-0.1929465301021769f,-0.35703588722555574f,0.08118530281359493f,0.2554457106794007f,0.7703639137474642f,0.09072691847312905f,1.3158403348671817f,0.31535769713280487f,-0.1904088269006025f,0.728861060794082f,0.39572495168035954f,0f,0f,0f,1f], start_interpolation: 0, interpolation_duration: 1 }
$data merge entity $(bone_wing_left_2) { transformation: [0.7140627972425456f,0.08825899631693973f,-0.3497494405474832f,0.08118530281359493f,-0.054506311417196376f,0.7931773032605365f,0.08887534870837133f,1.3158403348671817f,0.35657170893081613f,-0.05549878522516871f,0.7139863452676722f,0.39572495168035954f,0f,0f,0f,1f], start_interpolation: 0, interpolation_duration: 1 }
$data merge entity $(bone_blade) { transformation: [-1.1656774988961607f,-1.5835079001694656f,0.36564832649429635f,0.11178047271067011f,0.14827806582775602f,-0.5517307209315291f,-1.9166655490133775f,1.194171387137268f,1.618397226814717f,-1.0899981383843111f,0.43896978774987044f,-0.4304903137224249f,0f,0f,0f,1f], start_interpolation: 0, interpolation_duration: 1 }
$data merge entity $(bone_arm_right_2) { transformation: [-0.6972875514311627f,-0.03577261853604878f,0.7158983100847548f,0.36451561754764683f,-0.3713370688552212f,0.8723096567464341f,-0.3180953379742163f,1.3601354215811543f,-0.6131059059519377f,-0.48764349940298857f,-0.6215343639549313f,-0.23124384833926215f,0f,0f,0f,1f], start_interpolation: 0, interpolation_duration: 1 }
$data merge entity $(bone_arm_right_1) { transformation: [0.23184568317767615f,-0.03577261853604878f,0.9720945936249985f,0.23502277771568866f,-0.46739903237788616f,0.8723096567464341f,0.14357578932095044f,1.494666129594056f,-0.8531035832324773f,-0.48764349940298857f,0.1855211410214888f,0.04454109261800292f,0f,0f,0f,1f], start_interpolation: 0, interpolation_duration: 1 }
$data merge entity $(bone_arm_left_2) { transformation: [0.9485007958201777f,-0.2808609941403846f,-0.14650372793537997f,-0.7037129509392264f,0.13379294619475127f,0.7744003297250601f,-0.6183878854491303f,1.4428901756694799f,0.2871335714907217f,0.5669402360850679f,0.7720965489048564f,0.157818013523647f,0f,0f,0f,1f], start_interpolation: 0, interpolation_duration: 1 }
$data merge entity $(bone_arm_left_1) { transformation: [0.9817538859472319f,-0.02811664220921889f,-0.1880658444757788f,-0.3730790813423363f,-0.0972584876603935f,0.7756116387842038f,-0.6236724880580312f,1.4086807719729915f,0.163401634035655f,0.6305838883236395f,0.7587251582629357f,0.215591969616022f,0f,0f,0f,1f], start_interpolation: 0, interpolation_duration: 1 }
$data merge entity $(bone_ear_edge_a1) { transformation: [0.9841229309353421f,-0.07225095178150737f,0.16211679978921814f,-0.1857247780931414f,-0.0195965309943643f,0.8635787949237466f,0.5038329494297058f,2.106720185743242f,-0.17640304073404753f,-0.4990104857863367f,0.8484518267380097f,-0.08381000696851798f,0f,0f,0f,1f], start_interpolation: 0, interpolation_duration: 1 }
$data merge entity $(bone_ear_edge_a2) { transformation: [0.9833092835877391f,0.08258932156319802f,0.16211679978921814f,-0.07163000229108053f,-0.1544487519832284f,0.8498811340886364f,0.5038329494297058f,2.09749458188242f,-0.09616878818509661f,-0.5204623539545813f,0.8484518267380097f,-0.10013210833692822f,0f,0f,0f,1f], start_interpolation: 0, interpolation_duration: 1 }
$data merge entity $(bone_ear_edge_b1) { transformation: [0.9601404960190826f,-0.24576461010172343f,0.13315398726954286f,-0.0382572632133104f,-0.010323879520798177f,0.4448650808091641f,0.895538093767259f,2.1296048297964827f,-0.2793271297526786f,-0.8612170552759643f,0.4245957351245139f,-0.03996081919448062f,0f,0f,0f,1f], start_interpolation: 0, interpolation_duration: 1 }
$data merge entity $(bone_ear_edge_b2) { transformation: [0.9890933164351748f,0.06296369634550622f,0.13315398726954286f,-0.06716679370489156f,-0.14728946306571716f,0.41990157975591946f,0.895538093767259f,2.1373210586365055f,0.00047481899651458104f,-0.9053829224482829f,0.4245957351245139f,-0.047169458750231194f,0f,0f,0f,1f], start_interpolation: 0, interpolation_duration: 1 }
$data merge entity $(bone_ear_right_2) { transformation: [0.986765628558364f,-0.09253977507017516f,0.13315398726954286f,-0.12092372963431451f,-0.07978900636386194f,0.4377730428831493f,0.895538093767259f,2.2170528306278263f,-0.14116411994300743f,-0.8943104343318315f,0.4245957351245139f,-0.1248784087228948f,0f,0f,0f,1f], start_interpolation: 0, interpolation_duration: 1 }
$data merge entity $(bone_ear_right_1) { transformation: [0.986765628558364f,-0.003426006701504912f,0.16211679978921814f,-0.1201528781264759f,-0.07978900636386194f,0.8601081754828465f,0.5038329494297058f,2.023528491144186f,-0.14116411994300743f,-0.510100175402489f,0.8484518267380097f,-0.010105869257334962f,0f,0f,0f,1f], start_interpolation: 0, interpolation_duration: 1 }
$data merge entity $(bone_ear_edge_a3) { transformation: [0.9291988525112143f,0.3312811091586769f,0.16383625730112097f,0.20647709270257347f,-0.3545102987071802f,0.9242429132939585f,0.14176559997559995f,2.0645614712423974f,-0.10446023455070452f,-0.18981007333777813f,0.9762480194382567f,-0.09827014359118864f,0f,0f,0f,1f], start_interpolation: 0, interpolation_duration: 1 }
$data merge entity $(bone_ear_edge_a4) { transformation: [0.9695826558088794f,0.1818437635668621f,0.16383625730112097f,0.09662821209747866f,-0.20556224294561654f,0.9683215782676359f,0.14176559997559995f,2.097997307830343f,-0.13286699300340654f,-0.171132015453315f,0.9762480194382567f,-0.08469042023348232f,0f,0f,0f,1f], start_interpolation: 0, interpolation_duration: 1 }
$data merge entity $(bone_ear_edge_b3) { transformation: [0.9054743645315408f,0.35617407091778946f,0.23077306251391572f,0.07875354626711314f,-0.4218470486558632f,0.8149010418919561f,0.3974686899162526f,2.099568974617322f,-0.046489167733355125f,-0.4572486447538732f,0.888122983687623f,-0.04689621522909085f,0f,0f,0f,1f], start_interpolation: 0, interpolation_duration: 1 }
$data merge entity $(bone_ear_edge_b4) { transformation: [0.9712211355952398f,0.05893470447063359f,0.23077306251391572f,0.10810031399269457f,-0.149382113825572f,0.9053748530886317f,0.3974686899162526f,2.102321679225129f,-0.18551142779380578f,-0.4205033602763448f,0.888122983687623f,-0.05575372426961269f,0f,0f,0f,1f], start_interpolation: 0, interpolation_duration: 1 }
$data merge entity $(bone_ear_left_2) { transformation: [0.95004437280082f,0.2101415792446718f,0.23077306251391572f,0.18431398173368013f,-0.2891748029227709f,0.8708596752007951f,0.3974686899162526f,2.195985948243527f,-0.11744625606664927f,-0.4443466470917957f,0.888122983687623f,-0.08228909858326795f,0f,0f,0f,1f], start_interpolation: 0, interpolation_duration: 1 }
$data merge entity $(bone_ear_left_1) { transformation: [0.95004437280082f,0.2656564896686268f,0.16383625730112097f,0.12464746821817747f,-0.2891748029227709f,0.9467208923532503f,0.14176559997559995f,1.9830656381936047f,-0.11744625606664927f,-0.18206092793020684f,0.9762480194382567f,-0.040692597762315305f,0f,0f,0f,1f], start_interpolation: 0, interpolation_duration: 1 }
$data merge entity $(bone_head) { transformation: [0.9792013853786135f,0.12864405748070554f,0.1568928084633094f,-0.06858568467748925f,-0.16185141180232487f,0.9615901920425067f,0.2216944362523546f,1.5035541401142243f,-0.12234691401992133f,-0.2424768216604547f,0.9624116705377411f,0.06879477288685353f,0f,0f,0f,1f], start_interpolation: 0, interpolation_duration: 1 }
$data merge entity $(bone_body_1) { transformation: [0.9625500464492303f,-0.08198267641142115f,0.25841100760030433f,-0.03784218102320632f,0.03582790995522955f,0.9832873923081338f,0.1785000420059059f,1.134821367998674f,-0.26872619699021577f,-0.16255689741223048f,0.9494005930874937f,0.12975360941643996f,0f,0f,0f,1f], start_interpolation: 0, interpolation_duration: 1 }
$data merge entity $(bone_leg_left_2) { transformation: [0.9556131680528756f,-0.23566839956264118f,0.1768159452411734f,-0.11466939080496893f,0.1551615191641521f,0.9127314763972417f,0.37794993711387714f,0.4992055234375956f,-0.25045633554497826f,-0.3337389060947112f,0.9087848846366704f,0.07967061417489556f,0f,0f,0f,1f], start_interpolation: 0, interpolation_duration: 1 }
$data merge entity $(bone_leg_left_1) { transformation: [0.9556131680528756f,-0.10429640222714964f,0.27554624571280034f,-0.14545766881377054f,0.1551615191641521f,0.9731959508545586f,-0.16974847336858173f,0.8334399563371435f,-0.25045633554497826f,0.20496805049266636f,0.9461816539452752f,0.16926163382290701f,0f,0f,0f,1f], start_interpolation: 0, interpolation_duration: 1 }
$data merge entity $(bone_leg_right_2) { transformation: [0.9625500464492303f,0.05984124743215612f,0.2644171575112852f,0.019272238884408488f,0.03582790995522955f,0.9387014364331467f,-0.3428643669245709f,0.9307681877509159f,-0.26872619699021577f,0.33949762641896364f,0.9014031244160765f,-0.15803117784721143f,0f,0f,0f,1f], start_interpolation: 0, interpolation_duration: 1 }
$data merge entity $(bone_leg_right_1) { transformation: [0.9625500464492303f,0.2710948545307584f,-0.0022333668599915026f,0.11243507640543778f,0.03582790995522955f,-0.13536781762647604f,-0.9901474207507108f,0.872700282990069f,-0.26872619699021577f,0.9529864289684253f,-0.14001106118154946f,0.16792677824791968f,0f,0f,0f,1f], start_interpolation: 0, interpolation_duration: 1 }
$data merge entity $(bone_coat_downer) { transformation: [0.9625500464492303f,-0.04969316264704226f,0.2665107833966929f,-0.023990758767436938f,0.03582790995522955f,0.9977515857064192f,0.056640392729623706f,0.9251646567930566f,-0.26872619699021577f,-0.044970688303167555f,0.9621662373232156f,0.12234318699685648f,0f,0f,0f,1f], start_interpolation: 0, interpolation_duration: 1 }
$data merge entity $(bone_body_2) { transformation: [0.9625500464492303f,0.0020724955511161533f,0.27109613210589145f,-0.031047607780619033f,0.03582790995522955f,0.9902275752919052f,-0.13478022851944632f,1.1461387251008164f,-0.26872619699021577f,0.13944552303213179f,0.9530693454085439f,0.1555999694633345f,0f,0f,0f,1f], start_interpolation: 0, interpolation_duration: 1 }