# This file was generated by Animated Java via MC-Build. It is not recommended to edit this file directly.
$data merge entity $(bone_wing_right_1) { transformation: [-0.621925809676824f,0.12418882274357142f,0.5145190647661533f,0.39186537566841156f,-0.07527648859450764f,0.7650461574792438f,-0.2756488193981056f,1.1088141554782256f,-0.523914288760244f,-0.2573440453483513f,-0.5711674927733876f,-0.15003371935657447f,0f,0f,0f,1f], start_interpolation: 0, interpolation_duration: 1 }
$data merge entity $(bone_wing_right_2) { transformation: [-0.5182517780184683f,0.34260804009408097f,0.504018675689293f,0.39186537566841156f,0.21458404216451996f,0.7218317590189597f,-0.2700233332879402f,1.1088141554782256f,-0.5704110653108263f,-0.039732134783914644f,-0.5595110133290329f,-0.15003371935657447f,0f,0f,0f,1f], start_interpolation: 0, interpolation_duration: 1 }
$data merge entity $(bone_wing_left_1) { transformation: [-0.2916705817627847f,0.2852805160322665f,0.7074515837504125f,0.3613520013268487f,0.07789900439662835f,0.7645837371859955f,-0.27620264008360756f,1.1084880772330543f,-0.7588178050708994f,-0.031163768185258414f,-0.30028120604580405f,-0.1948276618183894f,0f,0f,0f,1f], start_interpolation: 0, interpolation_duration: 1 }
$data merge entity $(bone_wing_left_2) { transformation: [-0.37006435160645285f,0.15094453872408087f,0.6930137963269347f,0.3613520013268487f,-0.2120340943877461f,0.7223819369375049f,-0.27056585151047274f,1.1084880772330543f,-0.6768263577072515f,-0.308836661385583f,-0.29415301816731826f,-0.1948276618183894f,0f,0f,0f,1f], start_interpolation: 0, interpolation_duration: 1 }
$data merge entity $(bone_blade) { transformation: [-0.07663952510998047f,-1.9981737060816123f,-0.03779184455659165f,-0.6200836557570198f,0.10266454922676191f,0.03383341957883325f,-1.9970766860718363f,1.4462626075733316f,1.9958923752354438f,-0.078467445757305f,0.10127431280113385f,-0.4993704171371852f,0f,0f,0f,1f], start_interpolation: 0, interpolation_duration: 1 }
$data merge entity $(bone_arm_right_2) { transformation: [-0.9976331377272327f,0.0055207088855050435f,-0.06853936301073765f,-0.2593718208465295f,0.0010136339875512629f,0.9978441518318906f,0.06562028040959779f,1.4483421280727882f,0.06875387301567404f,0.06539549241573517f,-0.9954879881329799f,-0.5080688082637438f,0f,0f,0f,1f], start_interpolation: 0, interpolation_duration: 1 }
$data merge entity $(bone_arm_right_1) { transformation: [-0.8210386439229749f,0.0055207088855050435f,0.5708459222579451f,0.0336234046424849f,0.04185496933560551f,0.9978441518318906f,0.05054908700273908f,1.4202840630633102f,-0.5693361983284024f,0.06539549241573517f,-0.81949967836764f,-0.29582123241524205f,0f,0f,0f,1f], start_interpolation: 0, interpolation_duration: 1 }
$data merge entity $(bone_arm_left_2) { transformation: [0.08642988546034679f,0.027014541508160888f,0.995891605269577f,0.4003045196076655f,-0.09760477181672439f,0.9950529032784985f,-0.018521020372430367f,1.3878892534922556f,-0.9914651700478017f,-0.09560300321713056f,0.08863905661698376f,0.5648545902144539f,0f,0f,0f,1f], start_interpolation: 0, interpolation_duration: 1 }
$data merge entity $(bone_arm_left_1) { transformation: [-0.0665446895368419f,0.028808626503804696f,0.9973674685558024f,0.37147242434901906f,-0.06690466956612354f,0.9972046014127269f,-0.03326782396749181f,1.3662135822154537f,-0.9955378292584833f,-0.06894233793721014f,-0.06443123896882907f,0.2421836036310668f,0f,0f,0f,1f], start_interpolation: 0, interpolation_duration: 1 }
$data merge entity $(bone_ear_edge_a1) { transformation: [-0.9789735469365335f,0.028470445686745567f,0.2019906634498259f,0.338867085823602f,0.016209305047962044f,0.9979384066878338f,-0.06209826798880451f,2.091412957130186f,-0.20334220621495408f,-0.05751843339091685f,-0.9774167877583697f,-0.06621258324405077f,0f,0f,0f,1f], start_interpolation: 0, interpolation_duration: 1 }
$data merge entity $(bone_ear_edge_a2) { transformation: [-0.971374517000744f,-0.12502527584720827f,0.2019906634498259f,0.22571937289978378f,-0.14010221918828963f,0.9881878228815143f,-0.06209826798880451f,2.0852336282616024f,-0.19184086087194208f,-0.08862001527884328f,-0.9774167877583697f,-0.08920283291305417f,0f,0f,0f,1f], start_interpolation: 0, interpolation_duration: 1 }
$data merge entity $(bone_ear_edge_b1) { transformation: [-0.97101111403026f,0.12477083330238284f,0.20388637911038232f,0.20313521815563107f,0.10234857476069006f,0.9878343509325392f,-0.11708144328690374f,2.0801576760991534f,-0.2160143182156429f,-0.09281990236322171f,-0.9719682505365662f,-0.08670548898777894f,0f,0f,0f,1f], start_interpolation: 0, interpolation_duration: 1 }
$data merge entity $(bone_ear_edge_b2) { transformation: [-0.9620427552862552f,-0.18139482190649273f,0.20388637911038232f,0.23029932347687182f,-0.20791832310582434f,0.971113745425693f,-0.11708144328690374f,2.094056797536661f,-0.1767588977055832f,-0.15502906834137337f,-0.9719682505365662f,-0.08268163134094896f,0f,0f,0f,1f], start_interpolation: 0, interpolation_duration: 1 }
$data merge entity $(bone_ear_right_2) { transformation: [-0.9785748144762656f,-0.02866490687233928f,0.20388637911038232f,0.28093526621110326f,-0.05344284426883209f,0.9916833153957532f,-0.11708144328690374f,2.2014520028246274f,-0.1988345917319213f,-0.12546921965042745f,-0.9719682505365662f,-0.11714778453246721f,0f,0f,0f,1f], start_interpolation: 0, interpolation_duration: 1 }
$data merge entity $(bone_ear_right_1) { transformation: [-0.9785748144762656f,-0.03988864941109928f,0.2019906634498259f,0.2899102123286006f,-0.05344284426883209f,0.99663818284734f,-0.06209826798880451f,1.977208411683976f,-0.1988345917319213f,-0.07156275664694889f,-0.9774167877583697f,-0.10104616428690374f,0f,0f,0f,1f], start_interpolation: 0, interpolation_duration: 1 }
$data merge entity $(bone_ear_edge_a3) { transformation: [-0.9625974651682708f,-0.19584384443309874f,0.18721994725264607f,-0.03399937428850877f,-0.23151412999955345f,0.9535147649405457f,-0.19290101257102188f,2.0678662732531934f,-0.14073850809984184f,-0.22903008893601706f,-0.9631915129919859f,-0.1544291212573889f,0f,0f,0f,1f], start_interpolation: 0, interpolation_duration: 1 }
$data merge entity $(bone_ear_edge_a4) { transformation: [-0.9813830200684494f,-0.04284926221121886f,0.18721994725264607f,0.07860943220606659f,-0.07950123472215019f,0.977992204992825f,-0.19290101257102188f,2.086879225707357f,-0.1748339829637905f,-0.20419399526241258f,-0.9631915129919859f,-0.13634860788406364f,0f,0f,0f,1f], start_interpolation: 0, interpolation_duration: 1 }
$data merge entity $(bone_ear_edge_b3) { transformation: [-0.9307483292285137f,-0.34918602683744093f,0.10852034970369404f,0.11168082224395355f,-0.31092619215457623f,0.911959069828419f,0.26768555805261596f,2.0723868805124446f,-0.1924381736313918f,0.21540606681142216f,-0.9573754622457418f,-0.18719288410351573f,0f,0f,0f,1f], start_interpolation: 0, interpolation_duration: 1 }
$data merge entity $(bone_ear_edge_b4) { transformation: [-0.9930986800346406f,-0.04447859500526327f,0.10852034970369404f,0.08179841780401066f,-0.013897530384097967f,0.9634060933268394f,0.26768555805261596f,2.079629244705192f,-0.11645544367987856f,0.2643300095090892f,-0.9573754622457418f,-0.1885551215230907f,0f,0f,0f,1f], start_interpolation: 0, interpolation_duration: 1 }
$data merge entity $(bone_ear_left_2) { transformation: [-0.9739140021152464f,-0.19928585043613006f,0.10852034970369404f,0.016218829363342138f,-0.16443634554952305f,0.9493709129062136f,0.26768555805261596f,2.183866976505898f,-0.15637200755308328f,0.24285802342844473f,-0.9573754622457418f,-0.19948477752163646f,0f,0f,0f,1f], start_interpolation: 0, interpolation_duration: 1 }
$data merge entity $(bone_ear_left_1) { transformation: [-0.9739140021152464f,-0.12821937386596485f,0.18721994725264607f,0.04522312758362415f,-0.16443634554952305f,0.9673416602273429f,-0.19290101257102188f,1.9660554623299074f,-0.15637200755308328f,-0.21865476110532697f,-0.9631915129919859f,-0.1510845723322273f,0f,0f,0f,1f], start_interpolation: 0, interpolation_duration: 1 }
$data merge entity $(bone_head) { transformation: [-0.9787483389799058f,-0.01773210620815055f,0.20429699301139598f,0.1702700933561834f,-0.04461179741627469f,0.9908052686611529f,-0.1277290379067723f,1.4678357692526873f,-0.20015363218129423f,-0.1341286397557333f,-0.9705400720845647f,-0.026995063182109535f,0f,0f,0f,1f], start_interpolation: 0, interpolation_duration: 1 }
$data merge entity $(bone_body_1) { transformation: [-0.5764323161697934f,0.281998039554782f,0.7669438640229068f,0.06452082852314016f,0f,0.9385653212612567f,-0.345101633907685f,1.115873773779716f,-0.8171448983351285f,-0.19892773414738696f,-0.5410193820112724f,0.047602837123160574f,0f,0f,0f,1f], start_interpolation: 0, interpolation_duration: 1 }
$data merge entity $(bone_leg_left_2) { transformation: [-0.5127804983451856f,-0.29353189567827964f,0.8067807550607404f,-0.0944606547292541f,0.17894557569225814f,0.88255127082791f,0.4348352967506287f,0.41100375588442234f,-0.8396634096213967f,0.367344906837643f,-0.40002884641412295f,0.23555081062061153f,0f,0f,0f,1f], start_interpolation: 0, interpolation_duration: 1 }
$data merge entity $(bone_leg_left_1) { transformation: [-0.5127804983451856f,0.31240332332332743f,0.799662631422404f,0.03447215319393779f,0.17894557569225814f,0.9498781179522091f,-0.2563397003504051f,0.7158128541909974f,-0.8396634096213967f,0.01165009064813187f,-0.5429821672309882f,0.22177149167612265f,0f,0f,0f,1f], start_interpolation: 0, interpolation_duration: 1 }
$data merge entity $(bone_leg_right_2) { transformation: [-0.5764323161697934f,-0.5285862281788002f,0.6231551847291628f,-0.2743601495161531f,0f,0.7626005938466908f,0.6468696424046152f,0.8796005891064252f,-0.8171448983351285f,0.37287656623121845f,-0.4395876266235079f,0.13368542445912898f,0f,0f,0f,1f], start_interpolation: 0, interpolation_duration: 1 }
$data merge entity $(bone_leg_right_1) { transformation: [-0.5764323161697934f,0.796920390026316f,-0.18067561217671804f,0.00602232012949299f,0f,-0.22110596608365427f,-0.9752497894192101f,0.8383630682579639f,-0.8171448983351285f,-0.5621654949590187f,0.12745262414856062f,-0.06410265048392988f,0f,0f,0f,1f], start_interpolation: 0, interpolation_duration: 1 }
$data merge entity $(bone_coat_downer) { transformation: [-0.5764323161697934f,0.026864519372273576f,0.8167031789297897f,0.01212910351091237f,0f,0.9994594356444755f,-0.03287607794775202f,0.9020453245539117f,-0.8171448983351285f,-0.018950833758001343f,-0.5761207174062996f,0.07500040570927399f,0f,0f,0f,1f], start_interpolation: 0, interpolation_duration: 1 }
$data merge entity $(bone_body_2) { transformation: [-0.5764323161697934f,0.18220525557850378f,0.7965720492929057f,0.05734396777431081f,0f,0.9748234993767466f,-0.22297790263358844f,1.1198574501959035f,-0.8171448983351285f,-0.12853166886976206f,-0.5619197676024812f,0.052665555464429734f,0f,0f,0f,1f], start_interpolation: 0, interpolation_duration: 1 }