# This file was generated by Animated Java via MC-Build. It is not recommended to edit this file directly.
$data merge entity $(bone_wing_right_1) { transformation: [0.8102572690932789f,0.08536273396218806f,-0.05604289407629537f,-0.13885182686042868f,-0.09828211474022157f,0.7735543619138391f,-0.2426905839349921f,1.126412733112365f,0.027716930712762555f,0.24753039663649032f,0.7777563364816065f,0.359581613136278f,0f,0f,0f,1f], start_interpolation: 0, interpolation_duration: 1 }
$data merge entity $(bone_wing_right_2) { transformation: [0.7667445679269952f,-0.2215600361441512f,-0.05489916154412608f,-0.13885182686042868f,0.19629180854743722f,0.7382074944235832f,-0.23773771487509432f,1.126412733112365f,0.11650018648749834f,0.21438480720577613f,0.7618837581860636f,0.359581613136278f,0f,0f,0f,1f], start_interpolation: 0, interpolation_duration: 1 }
$data merge entity $(bone_wing_left_1) { transformation: [0.7471588132843154f,-0.1892517415502591f,-0.2699665358821564f,-0.08923653605119336f,0.10738892103381702f,0.7719485862561926f,-0.24394147712249045f,1.1252804114642254f,0.31171424705202416f,0.18767952190290724f,0.7311327305541245f,0.3750314031721635f,0f,0f,0f,1f], start_interpolation: 0, interpolation_duration: 1 }
$data merge entity $(bone_wing_left_2) { transformation: [0.7478273957015549f,0.104003238373312f,-0.26445701474170424f,-0.08923653605119336f,-0.18743552816960843f,0.7401111871559795f,-0.23896307963019475f,1.1252804114642254f,0.21359332624876154f,0.2853397221811763f,0.7162116544203669f,0.3750314031721635f,0f,0f,0f,1f], start_interpolation: 0, interpolation_duration: 1 }
$data merge entity $(bone_blade) { transformation: [-1.4064613139223394f,1.4219079785881594f,-0.006653785928336018f,0.8311089408139353f,-0.024055630958861846f,-0.03315129802021386f,-1.9995805355270755f,1.4299002290292773f,-1.4217200494679028f,-1.4060863031360868f,0.04041545588105938f,-0.09859267340372568f,0f,0f,0f,1f], start_interpolation: 0, interpolation_duration: 1 }
$data merge entity $(bone_arm_right_2) { transformation: [0.6492552938368338f,-0.036607677115048906f,0.7596890425701076f,0.5860751051628494f,-0.045498603673097764f,0.9951827265794123f,0.08684018529324475f,1.451130701321768f,-0.759208430201249f,-0.09094624068210311f,0.6444620553742073f,0.16558493178657357f,0f,0f,0f,1f], start_interpolation: 0, interpolation_duration: 1 }
$data merge entity $(bone_arm_right_1) { transformation: [0.9870761646659116f,-0.036607677115048906f,0.1560144965209141f,0.2298520232434642f,0.0218007791958343f,0.9951827265794123f,0.09558277430803724f,1.4296614775371719f,-0.15876199537322674f,-0.09094624068210311f,0.9831192247794283f,0.21148786157261037f,0f,0f,0f,1f], start_interpolation: 0, interpolation_duration: 1 }
$data merge entity $(bone_arm_left_2) { transformation: [-0.2844913118302911f,-0.014236788841641243f,-0.9585729014198963f,-0.5338066933098793f,-0.10227641620203895f,0.9946339728905911f,0.015581869616518675f,1.4012737130260202f,0.953207337457044f,0.10247230755358935f,-0.2844208114795668f,-0.2525622221804521f,0f,0f,0f,1f], start_interpolation: 0, interpolation_duration: 1 }
$data merge entity $(bone_arm_left_1) { transformation: [0.38036563501754966f,-0.014236788841641243f,-0.9247266069175117f,-0.38033981760575486f,-0.089390860359329f,0.9946339728905911f,-0.05208199358797459f,1.3738129906092111f,0.9205059792211645f,0.10247230755358935f,0.37705194390524954f,0.03530328649891472f,0f,0f,0f,1f], start_interpolation: 0, interpolation_duration: 1 }
$data merge entity $(bone_ear_edge_a1) { transformation: [0.5851059692766031f,-0.020855439738138516f,0.8106886303323956f,-0.11056142738692713f,0.015463681967710231f,0.9997744291041695f,0.014559033258887896f,2.1018619579050437f,-0.8108093976125882f,0.004017653887626961f,0.585296488286365f,0.2432334952203554f,0f,0f,0f,1f], start_interpolation: 0, interpolation_duration: 1 }
$data merge entity $(bone_ear_edge_a2) { transformation: [0.5811648534257323f,0.07093206462828726f,0.8106886303323956f,-0.042905137225491136f,-0.1411258795956343f,0.9898845996675194f,0.014559033258887896f,2.0955818177693124f,-0.8014554880035482f,-0.12287034446376122f,0.585296488286365f,0.14967962375333826f,0f,0f,0f,1f], start_interpolation: 0, interpolation_duration: 1 }
$data merge entity $(bone_ear_edge_b1) { transformation: [0.5810617930744774f,-0.0717714238318963f,0.8106886303323956f,-0.030230362872852096f,0.1025409209378997f,0.9946222368737662f,0.014559033258887896f,2.0881535723942357f,-0.8073738614559433f,0.0746690607773281f,0.585296488286365f,0.13230868852355473f,0f,0f,0f,1f], start_interpolation: 0, interpolation_duration: 1 }
$data merge entity $(bone_ear_edge_b2) { transformation: [0.5748011943481709f,0.11129928852288637f,0.8106886303323956f,-0.04643716966442263f,-0.20983296313232258f,0.9776288468195259f,0.014559033258887896f,2.102161395558479f,-0.7909321807582655f,-0.17847774718609405f,0.585296488286365f,0.1544081439200114f,0f,0f,0f,1f], start_interpolation: 0, interpolation_duration: 1 }
$data merge entity $(bone_ear_right_2) { transformation: [0.5851354824772842f,0.020010292248247213f,0.8106886303323956f,-0.04725702418437668f,-0.054314725498214034f,0.998417720768527f,0.014559033258887896f,2.2144491730731968f,-0.809114564039067f,-0.052551337371369286f,0.585296488286365f,0.2061423433496091f,0f,0f,0f,1f], start_interpolation: 0, interpolation_duration: 1 }
$data merge entity $(bone_ear_right_1) { transformation: [0.5851354824772842f,0.020010292248247213f,0.8106886303323956f,-0.051759339940232296f,-0.054314725498214034f,0.998417720768527f,0.014559033258887896f,1.9898051859002788f,-0.809114564039067f,-0.052551337371369286f,0.585296488286365f,0.21796639425816716f,0f,0f,0f,1f], start_interpolation: 0, interpolation_duration: 1 }
$data merge entity $(bone_ear_edge_a3) { transformation: [0.5317099563167148f,0.2515143554429581f,0.8087181532275571f,0.12602899920026275f,-0.24369589510269862f,0.9599373344449382f,-0.13832073108844312f,2.0764121641050743f,-0.8111083978506027f,-0.12353478435185872f,0.5717012541453517f,-0.0592998064471858f,0f,0f,0f,1f], start_interpolation: 0, interpolation_duration: 1 }
$data merge entity $(bone_ear_edge_a4) { transformation: [0.5645092380760268f,0.16524003379034108f,0.8087181532275571f,0.06267118292406076f,-0.09052831085779207f,0.9862413499161317f,-0.13832073108844312f,2.0967784002466767f,-0.8204474054197859f,0.004871442145132271f,0.5717012541453517f,0.03525252915133621f,0f,0f,0f,1f], start_interpolation: 0, interpolation_duration: 1 }
$data merge entity $(bone_ear_edge_b3) { transformation: [0.5666097471618093f,-0.07462772872826982f,0.8205998394626277f,0.09421287416679765f,-0.32048820404692807f,0.8975134840982207f,0.30291394310702785f,2.0854868580429757f,-0.7591052005407454f,-0.4346265615062347f,0.48462258154698273f,0.08557043762609873f,0f,0f,0f,1f], start_interpolation: 0, interpolation_duration: 1 }
$data merge entity $(bone_ear_edge_b4) { transformation: [0.5158166558059493f,-0.24606722875481923f,0.8205998394626277f,0.10759490700470753f,-0.02745547558754241f,0.952622349061586f,0.30291394310702785f,2.0922403962677656f,-0.85625894123999f,-0.178778015989968f,0.48462258154698273f,0.05868965371693058f,0f,0f,0f,1f], start_interpolation: 0, interpolation_duration: 1 }
$data merge entity $(bone_ear_left_2) { transformation: [0.5479594921185036f,-0.162346230233847f,0.8205998394626277f,0.14202382095557764f,-0.17614042068412736f,0.9365990045225177f,0.30291394310702785f,2.1956151714826233f,-0.8177499295007308f,-0.3105253713568148f,0.48462258154698273f,0.0002606346879305242f,0f,0f,0f,1f], start_interpolation: 0, interpolation_duration: 1 }
$data merge entity $(bone_ear_left_1) { transformation: [0.5479594921185036f,0.2138114675068694f,0.8087181532275571f,0.09452453067908875f,-0.17614042068412736f,0.9745983416527946f,-0.13832073108844312f,1.9762265045257252f,-0.8177499295007308f,-0.06665379816770903f,0.5717012541453517f,0.01568775324840041f,0f,0f,0f,1f], start_interpolation: 0, interpolation_duration: 1 }
$data merge entity $(bone_head) { transformation: [0.5851354824772842f,0.09059031675867187f,0.8058597034568978f,-0.05022805770241917f,-0.054314725498214034f,0.9958873432678177f,-0.07251420628415944f,1.4748896507346252f,-0.809114564039067f,-0.0013394135027945397f,0.5876494092835787f,0.09914947913335415f,0f,0f,0f,1f], start_interpolation: 0, interpolation_duration: 1 }
$data merge entity $(bone_body_1) { transformation: [0.9730448705798236f,-0.06934752978997977f,-0.21994226503862788f,-0.024222734031176755f,0f,0.9537169507482269f,-0.3007057995042731f,1.1172457942040401f,0.2306158707424408f,0.29260023576123784f,0.9280093869105924f,-0.01057560927711005f,0f,0f,0f,1f], start_interpolation: 0, interpolation_duration: 1 }
$data merge entity $(bone_leg_left_2) { transformation: [0.9405362638828193f,-0.026600118038341725f,-0.3386502178379541f,-0.032885632031403225f,0.17937714184873096f,0.885493100024202f,0.4286324891929087f,0.4185688475683695f,0.28847075640960174f,-0.46389050812651356f,0.8376098251373352f,-0.24137709369658045f,0f,0f,0f,1f], start_interpolation: 0, interpolation_duration: 1 }
$data merge entity $(bone_leg_left_1) { transformation: [0.9405362638828193f,-0.24016261148347093f,-0.2402362511503768f,-0.11994687993375225f,0.17937714184873096f,0.9517087693133112f,-0.24914706378828355f,0.7260365316600199f,0.28847075640960174f,0.19123895643299818f,0.9381962930212898f,-0.1487105552212345f,0f,0f,0f,1f], start_interpolation: 0, interpolation_duration: 1 }
$data merge entity $(bone_leg_right_2) { transformation: [0.9730448705798236f,0.13098690900665572f,-0.1898054517319676f,0.1713472082714153f,0f,0.823037248567981f,0.5679874008018557f,0.8835659407072325f,0.2306158707424408f,-0.5526772269042122f,0.8008521730152052f,-0.29372320439668675f,0f,0f,0f,1f], start_interpolation: 0, interpolation_duration: 1 }
$data merge entity $(bone_leg_right_1) { transformation: [0.9730448705798236f,-0.22524476757779469f,0.049482062579478424f,0.09237300496093967f,0f,-0.21456486242762352f,-0.9767097418432024f,0.840331448680337f,0.2306158707424408f,0.9503824043458717f,-0.20878123879186458f,0.03949516080945242f,0f,0f,0f,1f], start_interpolation: 0, interpolation_duration: 1 }
$data merge entity $(bone_coat_downer) { transformation: [0.9730448705798236f,-0.006036819727400035f,-0.23053684444329728f,-0.0042168690585564425f,0f,0.9996573249755574f,-0.02617694830787315f,0.9035083277225431f,0.2306158707424408f,0.02547134527840919f,0.9727114324050138f,-0.061110311228028416f,0f,0f,0f,1f], start_interpolation: 0, interpolation_duration: 1 }
$data merge entity $(bone_body_2) { transformation: [0.9730448705798236f,-0.04991441003149332f,-0.22514935378433162f,-0.0229715331013731f,0f,0.9762960071199334f,-0.21643961393810288f,1.1216494668134032f,0.2306158707424408f,0.21060545613274828f,0.949979821895614f,-0.015854841113542798f,0f,0f,0f,1f], start_interpolation: 0, interpolation_duration: 1 }