# This file was generated by Animated Java via MC-Build. It is not recommended to edit this file directly.
$data merge entity $(bone_wing_right_1) { transformation: [-0.8023314573930567f,-0.14147268340953995f,-0.05651687155958082f,0.09500997689003109f,-0.15208556593245737f,0.761451182784448f,0.2529951013668319f,0.918218285275692f,0.008868909571206472f,0.2590791781087656f,-0.7744312534744119f,0.4581163324922758f,0f,0f,0f,1f], start_interpolation: 0, interpolation_duration: 1 }
$data merge entity $(bone_wing_right_2) { transformation: [-0.7794411126919221f,0.17148305594461005f,-0.05536346601754857f,0.09500997689003109f,0.14660634263250538f,0.7463818806630739f,0.24783193603281492f,0.918218285275692f,0.10477658204722537f,0.2313172058921484f,-0.7586265340157504f,0.4581163324922758f,0f,0f,0f,1f], start_interpolation: 0, interpolation_duration: 1 }
$data merge entity $(bone_wing_left_1) { transformation: [-0.8024162999261075f,0.14148764343722875f,0.05526095196356111f,0.044541027275236816f,0.1517014847351771f,0.7615189066623114f,0.2530218543316467f,0.9182660411453464f,-0.007693216913763811f,0.2588718717722376f,-0.7745131457006398f,0.4579701492745087f,0f,0f,0f,1f], start_interpolation: 0, interpolation_duration: 1 }
$data merge entity $(bone_wing_left_2) { transformation: [-0.7795235346856697f,-0.1715011894188835f,0.05413317743369252f,0.044541027275236816f,-0.1469794660754586f,0.7462997906280471f,0.24785814301875594f,0.9182660411453464f,-0.10363443164958504f,0.23156848778804337f,-0.7587067549720553f,0.4579701492745087f,0f,0f,0f,1f], start_interpolation: 0, interpolation_duration: 1 }
$data merge entity $(bone_blade) { transformation: [-0.9903445124091479f,-1.7350056875232263f,0.09472597850191317f,-0.8701697257561198f,-0.3072591047987874f,0.06754956244075593f,-1.9751022502980218f,1.0203812070247456f,1.7102074696537068f,-0.9925685471926459f,-0.2999968164240166f,0.5324437907740882f,0f,0f,0f,1f], start_interpolation: 0, interpolation_duration: 1 }
$data merge entity $(bone_arm_right_2) { transformation: [-0.9043858071751816f,-0.10764752437341932f,0.4129144248828921f,-0.550478636223179f,-0.010273751098109836f,0.9728694144424446f,0.23112670222367018f,1.0261696990783566f,-0.42659203206162855f,0.20478552912422576f,-0.8809552345283167f,0.6998711208499078f,0f,0f,0f,1f], start_interpolation: 0, interpolation_duration: 1 }
$data merge entity $(bone_arm_right_1) { transformation: [-0.9195976262305956f,-0.1094090415475213f,0.37731931763256776f,-0.22866727249078708f,-0.021145675978843634f,0.9728306982503108f,0.23054997924356987f,1.0288856489836133f,-0.39229206749366163f,0.20403454160868328f,-0.8969263289769583f,0.8288201434238189f,0f,0f,0f,1f], start_interpolation: 0, interpolation_duration: 1 }
$data merge entity $(bone_arm_left_2) { transformation: [0.35591658971321566f,0.08129267699126674f,0.9309752315902438f,0.5190311121709074f,0.6650224387939986f,0.6778679838116886f,-0.31343285153850525f,0.7326260578474527f,-0.6565580987752697f,0.730675370592625f,0.1872030067652044f,1.0231765121035301f,0f,0f,0f,1f], start_interpolation: 0, interpolation_duration: 1 }
$data merge entity $(bone_arm_left_1) { transformation: [-0.29120082919163276f,0.08205985430472826f,0.9531360120096146f,0.405707727509213f,0.7190142262573453f,0.6759767660720079f,0.16147431427437908f,0.9653536985502771f,-0.6310472403217182f,0.7323398064029545f,-0.25584719744415174f,0.8210349338562345f,0f,0f,0f,1f], start_interpolation: 0, interpolation_duration: 1 }
$data merge entity $(bone_ear_edge_a1) { transformation: [-0.9956670695084894f,0.03904897889935616f,0.08439350652327732f,0.2403405959336356f,0.051861633829339025f,0.9864877885872205f,0.15540982563804134f,1.6592111416935373f,-0.07718456861917652f,0.15911323079873815f,-0.9842385494136364f,0.9592749293817334f,0f,0f,0f,1f], start_interpolation: 0, interpolation_duration: 1 }
$data merge entity $(bone_ear_edge_a2) { transformation: [-0.9895173617925517f,-0.11718842420569528f,0.08439350652327732f,0.12518207416894742f,-0.1030975584189097f,0.982455433871284f,0.15540982563804134f,1.6572364276403464f,-0.1011250916398494f,0.14507995619303496f,-0.9842385494136364f,0.9490888607397123f,0f,0f,0f,1f], start_interpolation: 0, interpolation_duration: 1 }
$data merge entity $(bone_ear_edge_b1) { transformation: [-0.9884369642086575f,0.12591808763712203f,0.08448078474886002f,0.1035536615386268f,0.13771156889704966f,0.9786508296167684f,0.15257154873148393f,1.6507244701704937f,-0.06346567243704508f,0.16244133986218073f,-0.9846750324477073f,0.9465617233964716f,0f,0f,0f,1f], start_interpolation: 0, interpolation_duration: 1 }
$data merge entity $(bone_ear_edge_b2) { transformation: [-0.9789702447367079f,-0.18568860204214765f,0.08448078474886002f,0.13118697160110782f,-0.17144825294195448f,0.9733074637959105f,0.15257154873148393f,1.663556616640476f,-0.11055657593875588f,0.13487892344916208f,-0.9846750324477073f,0.9509208307550603f,0f,0f,0f,1f], start_interpolation: 0, interpolation_duration: 1 }
$data merge entity $(bone_ear_right_2) { transformation: [-0.9959655936405465f,-0.030257780692748943f,0.08448078474886002f,0.17875963480320425f,-0.017078608027597322f,0.9881448495365017f,0.15257154873148393f,1.7772300655327264f,-0.0880957287958582f,0.15051319889642042f,-0.9846750324477073f,0.9408792539839148f,0f,0f,0f,1f], start_interpolation: 0, interpolation_duration: 1 }
$data merge entity $(bone_ear_right_1) { transformation: [-0.9959655936405465f,-0.03050036624270698f,0.08439350652327732f,0.1856222172078133f,-0.017078608027597322f,0.9877024386134687f,0.15540982563804134f,1.5549970168446963f,-0.0880957287958582f,0.1533415156311802f,-0.9842385494136364f,0.9063774129668993f,0f,0f,0f,1f], start_interpolation: 0, interpolation_duration: 1 }
$data merge entity $(bone_ear_edge_a3) { transformation: [-0.9739248577118107f,-0.22657980398700184f,-0.011487556582718023f,-0.14047385912972818f,-0.20154148832569418f,0.8408302263384992f,0.5023798950585225f,1.6198689289892914f,-0.10417005334784751f,0.49159548706305256f,-0.8645706894665968f,0.9615769119524279f,0f,0f,0f,1f], start_interpolation: 0, interpolation_duration: 1 }
$data merge entity $(bone_ear_edge_a4) { transformation: [-0.997379117003361f,-0.07143481650676332f,-0.011487556582718023f,-0.02631060959018769f,-0.06752535151855985f,0.8620062458841483f,0.5023798950585225f,1.636333604289169f,-0.025985070095942107f,0.5018389174300478f,-0.8645706894665968f,0.9696272254147854f,0f,0f,0f,1f], start_interpolation: 0, interpolation_duration: 1 }
$data merge entity $(bone_ear_edge_b3) { transformation: [-0.9630376025510808f,-0.23125864400651586f,-0.13812319010555094f,-0.009702095618933357f,-0.1488377809159535f,0.029457377354993874f,0.9884227728514656f,1.7228276178701787f,-0.22451256322237562f,0.9724462465821094f,-0.06278858545695798f,0.8713849765043732f,0f,0f,0f,1f], start_interpolation: 0, interpolation_duration: 1 }
$data merge entity $(bone_ear_edge_b4) { transformation: [-0.9873660384375872f,0.07765494507841213f,-0.13812319010555094f,-0.038443524623348525f,-0.13245031119861922f,0.07400903439451709f,0.9884227728514656f,1.719477422686207f,0.08697828006723445f,0.9942295370450728f,-0.06278858545695798f,0.8818717336777537f,0f,0f,0f,1f], start_interpolation: 0, interpolation_duration: 1 }
$data merge entity $(bone_ear_left_2) { transformation: [-0.9873578338554853f,-0.07775919417837254f,-0.13812319010555094f,-0.09908993125478155f,-0.14239719178272411f,0.05237806679340096f,0.9884227728514656f,1.749197121416368f,-0.06962433264741641f,0.9955953223271571f,-0.06278858545695798f,0.9854304001491474f,0f,0f,0f,1f], start_interpolation: 0, interpolation_duration: 1 }
$data merge entity $(bone_ear_left_1) { transformation: [-0.9873578338554853f,-0.15809030320662573f,-0.011487556582718023f,-0.06337460035914479f,-0.14239719178272411f,0.8528408297058613f,0.5023798950585225f,1.5509661638350514f,-0.06962433264741641f,0.49766452075535306f,-0.8645706894665968f,0.884369753719682f,0f,0f,0f,1f], start_interpolation: 0, interpolation_duration: 1 }
$data merge entity $(bone_head) { transformation: [-0.9959872702678323f,-0.022158168473903613f,0.08670855225589931f,0.06977022750921301f,-0.01612341203857938f,0.9974384080444452f,0.06968972479495786f,1.039616602317253f,-0.08803063698886945f,0.06801204104895603f,-0.9937932225688043f,0.8915734505109758f,0f,0f,0f,1f], start_interpolation: 0, interpolation_duration: 1 }
$data merge entity $(bone_body_1) { transformation: [-1f,1.901474944337204e-16f,-5.820514376118683e-16f,0.06977022750921294f,0f,0.9505621343510884f,0.31053442440074724f,0.6831558019355949f,6.123233995736765e-16f,0.31053442440074724f,-0.9505621343510884f,0.7751230413606955f,0f,0f,0f,1f], start_interpolation: 0, interpolation_duration: 1 }
$data merge entity $(bone_leg_left_2) { transformation: [-1f,6.11267127874699e-16f,3.5950577815672963e-17f,0.19477022750921272f,0f,-0.05871174911934307f,0.9982749774061992f,0.13503542641002877f,6.123233995736765e-16f,0.9982749774061992f,0.05871174911934307f,0.36439443943964595f,0f,0f,0f,1f], start_interpolation: 0, interpolation_duration: 1 }
$data merge entity $(bone_leg_left_1) { transformation: [-1f,4.88936912669978e-16f,-3.6861991413136473e-16f,0.19477022750921286f,0f,0.6020020048033642f,0.7984945749425794f,0.35934047061056656f,6.123233995736765e-16f,0.7984945749425794f,-0.6020020048033642f,0.6103439895439181f,0f,0f,0f,1f], start_interpolation: 0, interpolation_duration: 1 }
$data merge entity $(bone_leg_right_2) { transformation: [-0.9999991471441477f,-0.0011855941567493426f,0.0005477932755451573f,-0.05520408466622209f,-0.0012986703316657379f,0.9471314762348773f,-0.3208430771896316f,0.4144462215882705f,-0.00013844257618911824f,-0.3208435149596104f,-0.9471322081642115f,0.939319501216932f,0f,0f,0f,1f], start_interpolation: 0, interpolation_duration: 1 }
$data merge entity $(bone_leg_right_1) { transformation: [-0.9999991471441477f,-0.0002627022635881744f,0.0012793351781125724f,-0.05522977249078717f,-0.0012986703316657379f,0.30384854737971934f,-0.9527194622293618f,0.47077463903772376f,-0.00013844257618911824f,-0.9527203111316328f,-0.30384862940434326f,0.5964752460697296f,0f,0f,0f,1f], start_interpolation: 0, interpolation_duration: 1 }
$data merge entity $(bone_coat_downer) { transformation: [-1f,3.478118842005146e-16f,-5.039512266820592e-16f,0.061957727509212884f,0f,0.8230148105281125f,0.5680199130764476f,0.47806841464398275f,6.123233995736765e-16f,0.5680199130764476f,-0.8230148105281125f,0.6951378641231282f,0f,0f,0f,1f], start_interpolation: 0, interpolation_duration: 1 }
$data merge entity $(bone_body_2) { transformation: [-1f,2.391218301544522e-16f,-5.637026663135892e-16f,0.06977022750921294f,0f,0.9205963167601646f,0.39051558428264893f,0.683764154170082f,6.123233995736765e-16f,0.39051558428264893f,-0.9205963167601646f,0.7823936899862826f,0f,0f,0f,1f], start_interpolation: 0, interpolation_duration: 1 }