execute if entity @s[tag=aj.labyria.bone.wing_right_1] run data modify entity @s {} merge value {transformation:[-0.3675005728802288f,-0.06480026642460193f,-0.7264218463458052f,0.07930573123438686f,-0.20936073508281497f,0.7885728514923147f,0.03557224956771082f,1.5208879343450619f,0.6986099455223433f,0.2022331026440151f,-0.3714705380735978f,-0.26645356824490907f,0f,0f,0f,1f],start_interpolation:0}
execute if entity @s[tag=aj.labyria.bone.wing_right_2] run data modify entity @s {} merge value {transformation:[-0.35688905715306596f,0.07912039912650584f,-0.711596910706095f,0.07930573123438686f,0.10613844972193445f,0.7921618306205213f,0.03484628529081877f,1.5208879343450619f,0.7080712043114168f,-0.07886441878316959f,-0.3638895066843407f,-0.26645356824490907f,0f,0f,0f,1f],start_interpolation:0}
execute if entity @s[tag=aj.labyria.bone.wing_left_1] run data modify entity @s {} merge value {transformation:[-0.5686974629280153f,0.1002767065746611f,0.577470537969014f,-0.05428932188134522f,0.19537772887463642f,0.7910384327582307f,0.05504711984868771f,1.5226265527064433f,-0.5525895250214867f,0.1764857627753186f,-0.5748408795645855f,-0.2846094483496417f,0f,0f,0f,1f],start_interpolation:0}
execute if entity @s[tag=aj.labyria.bone.wing_left_2] run data modify entity @s {} merge value {transformation:[-0.5522764216638837f,-0.12243673498642474f,0.5656854249492382f,-0.05428932188134522f,-0.11971769903491097f,0.7891513835251366f,0.05392370923953082f,1.5226265527064433f,-0.566267098295427f,-0.047427205338571046f,-0.5631094330428593f,-0.2846094483496417f,0f,0f,0f,1f],start_interpolation:0}
execute if entity @s[tag=aj.labyria.bone.musket] run data modify entity @s {} merge value {transformation:[0.0000019103856452405238f,-5.011953877722382e-7f,-0.000016135826409956035f,0.071217987470301f,-0.000011425408389365812f,0.000011437159322532234f,-0.000001707950183618737f,1.5505023793095474f,0.000011405092454038598f,0.000011541484041352302f,9.918045677158014e-7f,0.4076057563130033f,0f,0f,0f,1f],start_interpolation:0}
execute if entity @s[tag=aj.labyria.bone.omega_blade] run data modify entity @s {} merge value {transformation:[0.21082867126014454f,-0.05531153246936701f,-1.7807372297686364f,0.071217987470301f,-1.2608991673151029f,1.2621959911431693f,-0.1884880514507438f,1.5505023793095474f,1.2586571165223144f,1.273709185823636f,0.10945477929140217f,0.4076057563130033f,0f,0f,0f,1f],start_interpolation:0}
execute if entity @s[tag=aj.labyria.bone.arm_right_2] run data modify entity @s {} merge value {transformation:[0.9531240581358553f,-0.1500611982555527f,-0.2627473436226256f,-0.2830308537903945f,-0.2686823881017462f,-0.02038165957668779f,-0.9630131682780056f,1.6359099143213196f,0.13915568305527837f,0.9884666027393173f,-0.05974505119598777f,0.36918183972232455f,0f,0f,0f,1f],start_interpolation:0}
execute if entity @s[tag=aj.labyria.bone.arm_right_1] run data modify entity @s {} merge value {transformation:[0.20269418125066296f,-0.9495743518598914f,-0.23921458813582092f,-0.2984375f,-0.10656200223093144f,0.22144562462665385f,-0.9693329536409282f,1.6594507005855013f,0.9734267350795631f,0.22196933487213547f,-0.05630280462608787f,0.040452827449850876f,0f,0f,0f,1f],start_interpolation:0}
execute if entity @s[tag=aj.labyria.bone.arm_left_2] run data modify entity @s {} merge value {transformation:[0.9251802856495254f,0.27279585005360996f,0.26386334197646877f,0.3054811733574846f,0.2749798039775865f,-0.0026225713135045597f,-0.9614464257170827f,1.6375479198233485f,-0.2615865945531436f,0.9620683688352061f,-0.07743970065060535f,0.37185602106077276f,0f,0f,0f,1f],start_interpolation:0}
execute if entity @s[tag=aj.labyria.bone.arm_left_1] run data modify entity @s {} merge value {transformation:[0.13012382353035135f,0.961757862371764f,0.24101785144660315f,0.2984375f,0.10470336859764637f,0.22839635723474497f,-0.9679216438360102f,1.6594507005855013f,-0.9859538504180342f,0.1511850461123511f,-0.07097948068180643f,0.04045282744985095f,0f,0f,0f,1f],start_interpolation:0}
execute if entity @s[tag=aj.labyria.bone.himo_right_2] run data modify entity @s {} merge value {transformation:[-1f,6.495076301894444e-17f,1.0382194474134793e-16f,-0.15625000000000003f,0f,0.8477705148425879f,-0.5303632285175258f,1.3522974649843216f,-1.2246467991473532e-16f,-0.5303632285175258f,-0.8477705148425879f,0.26676978208858215f,0f,0f,0f,1f],start_interpolation:0}
execute if entity @s[tag=aj.labyria.bone.himo_right_1] run data modify entity @s {} merge value {transformation:[-1f,2.027574240575606e-17f,1.2077455069887037e-16f,-0.15625000000000003f,0f,0.9861990476189403f,-0.16556400114606773f,1.53617501140571f,-1.2246467991473532e-16f,-0.16556400114606773f,-0.9861990476189403f,0.2295627878260761f,0f,0f,0f,1f],start_interpolation:0}
execute if entity @s[tag=aj.labyria.bone.himo_left_2] run data modify entity @s {} merge value {transformation:[-1f,5.0843617121471824e-17f,1.1141150939029487e-16f,0.15624999999999997f,0f,0.9097440132768393f,-0.4151696403964892f,1.3489330617164672f,-1.2246467991473532e-16f,-0.4151696403964892f,-0.9097440132768393f,0.21791097352224176f,0f,0f,0f,1f],start_interpolation:0}
execute if entity @s[tag=aj.labyria.bone.himo_left_1] run data modify entity @s {} merge value {transformation:[-1f,-1.1673890647663385e-17f,1.219070059666998e-16f,0.15624999999999997f,0f,0.995446246636795f,0.09532455117500982f,1.53617501140571f,-1.2246467991473532e-16f,0.09532455117500982f,-0.995446246636795f,0.22956278782607614f,0f,0f,0f,1f],start_interpolation:0}
execute if entity @s[tag=aj.labyria.bone.ribbon_left_himo_1] run data modify entity @s {} merge value {transformation:[-1f,-5.447124911785401e-17f,1.0968354865776032e-16f,0.30053125f,0f,0.8956341431188669f,0.4447915036056029f,1.9181703613582326f,-1.2246467991473532e-16f,0.4447915036056029f,-0.8956341431188669f,0.21003790814660428f,0f,0f,0f,1f],start_interpolation:0}
execute if entity @s[tag=aj.labyria.bone.ribbon_left_himo_2] run data modify entity @s {} merge value {transformation:[-1f,-5.447124911785401e-17f,1.0968354865776032e-16f,0.30053125f,0f,0.8956341431188669f,0.4447915036056029f,1.9772442329308517f,-1.2246467991473532e-16f,0.4447915036056029f,-0.8956341431188669f,0.09108649851362978f,0f,0f,0f,1f],start_interpolation:0}
execute if entity @s[tag=aj.labyria.bone.ribbon_left] run data modify entity @s {} merge value {transformation:[-1f,-5.447124911785401e-17f,1.0968354865776032e-16f,0.3f,0f,0.8956341431188669f,0.4447915036056029f,2.0434657008701143f,-1.2246467991473532e-16f,0.4447915036056029f,-0.8956341431188669f,0.19811792092217934f,0f,0f,0f,1f],start_interpolation:0}
execute if entity @s[tag=aj.labyria.bone.ribbon_right_himo_1] run data modify entity @s {} merge value {transformation:[-1f,-5.447124911785401e-17f,1.0968354865776032e-16f,-0.30053125f,0f,0.8956341431188669f,0.4447915036056029f,1.9181703613582326f,-1.2246467991473532e-16f,0.4447915036056029f,-0.8956341431188669f,0.21003790814660422f,0f,0f,0f,1f],start_interpolation:0}
execute if entity @s[tag=aj.labyria.bone.ribbon_right_himo_2] run data modify entity @s {} merge value {transformation:[-1f,-5.447124911785401e-17f,1.0968354865776032e-16f,-0.30053125f,0f,0.8956341431188669f,0.4447915036056029f,1.9772442329308517f,-1.2246467991473532e-16f,0.4447915036056029f,-0.8956341431188669f,0.09108649851362972f,0f,0f,0f,1f],start_interpolation:0}
execute if entity @s[tag=aj.labyria.bone.ribbon_right] run data modify entity @s {} merge value {transformation:[-1f,-5.447124911785401e-17f,1.0968354865776032e-16f,-0.3f,0f,0.8956341431188669f,0.4447915036056029f,2.0434657008701143f,-1.2246467991473532e-16f,0.4447915036056029f,-0.8956341431188669f,0.19811792092217928f,0f,0f,0f,1f],start_interpolation:0}
execute if entity @s[tag=aj.labyria.bone.crown] run data modify entity @s {} merge value {transformation:[-0.9762960071199334f,0.21643961393810282f,1.0968354865776032e-16f,0.16874999999999998f,0.19385070816643113f,0.8744040377672327f,0.4447915036056029f,2.2894361962277494f,0.09627050132334486f,0.43424816897102153f,-0.8956341431188669f,0.33905991430483234f,0f,0f,0f,1f],start_interpolation:0}
execute if entity @s[tag=aj.labyria.bone.ear_edge_a1] run data modify entity @s {} merge value {transformation:[-0.9883299495260058f,0.1472590298525594f,0.038970360491091705f,0.19301443618988248f,0.11966651587732739f,0.5922798712121042f,0.796796384991018f,2.2506774961856824f,0.09425410255105067f,0.7921611782231291f,-0.6029899102542595f,0.3519457881115285f,0f,0f,0f,1f],start_interpolation:0}
execute if entity @s[tag=aj.labyria.bone.ear_edge_a2] run data modify entity @s {} merge value {transformation:[-0.9991983553651456f,-0.00916284010461485f,0.038970360491091705f,0.0778294242230244f,0.02554023768451682f,0.6037078905598832f,0.796796384991018f,2.259703144254515f,-0.030827631998043024f,0.7971529497135121f,-0.6029899102542595f,0.3564281223396221f,0f,0f,0f,1f],start_interpolation:0}
execute if entity @s[tag=aj.labyria.bone.ear_edge_b1] run data modify entity @s {} merge value {transformation:[-0.9757474680267524f,0.20750095286321535f,0.06971537276841805f,0.05771600410131719f,0.10520602350155929f,0.16525197176039627f,0.980624025020951f,2.3030488809627956f,0.19195981678041674f,0.9641758866462897f,-0.18307454315515848f,0.31656250363887156f,0f,0f,0f,1f],start_interpolation:0}
execute if entity @s[tag=aj.labyria.bone.ear_edge_b2] run data modify entity @s {} merge value {transformation:[-0.9921123085090684f,-0.10417741648057766f,0.06971537276841805f,0.08638780171802571f,0.04899120657672769f,0.1896744137459395f,0.980624025020951f,2.3030993942263303f,-0.11538209992439735f,0.9763046054718612f,-0.18307454315515848f,0.32775138628356437f,0f,0f,0f,1f],start_interpolation:0}
execute if entity @s[tag=aj.labyria.bone.ear_right_2] run data modify entity @s {} merge value {transformation:[-0.9961946980917455f,0.052305738630254284f,0.06971537276841805f,0.14254052796854175f,0.07805965897368722f,0.17967529377357672f,0.980624025020951f,2.349614865533182f,0.03876613386459387f,0.9823344127707847f,-0.18307454315515848f,0.427595398597704f,0f,0f,0f,1f],start_interpolation:0}
execute if entity @s[tag=aj.labyria.bone.ear_right_1] run data modify entity @s {} merge value {transformation:[-0.9961946980917455f,0.07795790208240803f,0.038970360491091705f,0.12499999999999997f,0.07805965897368722f,0.5991846213865616f,0.796796384991018f,2.2147983257212056f,0.03876613386459387f,0.7968063472367376f,-0.6029899102542595f,0.24831397046943837f,0f,0f,0f,1f],start_interpolation:0}
execute if entity @s[tag=aj.labyria.bone.ear_edge_a3] run data modify entity @s {} merge value {transformation:[-0.9883299495260058f,-0.14725902985255962f,-0.03897036049109155f,-0.19301443618988257f,-0.11966651587732739f,0.5922798712121042f,0.796796384991018f,2.2506774961856824f,-0.09425410255105092f,0.792161178223129f,-0.6029899102542595f,0.35194578811152843f,0f,0f,0f,1f],start_interpolation:0}
execute if entity @s[tag=aj.labyria.bone.ear_edge_a4] run data modify entity @s {} merge value {transformation:[-0.9991983553651456f,0.009162840104614656f,-0.03897036049109155f,-0.07782942422302448f,-0.02554023768451682f,0.6037078905598832f,0.796796384991018f,2.259703144254515f,0.030827631998042775f,0.7971529497135122f,-0.6029899102542595f,0.35642812233962207f,0f,0f,0f,1f],start_interpolation:0}
execute if entity @s[tag=aj.labyria.bone.ear_edge_b3] run data modify entity @s {} merge value {transformation:[-0.9757474680267524f,-0.2075009528632156f,-0.069715372768418f,-0.057716004101317275f,-0.10520602350155929f,0.16525197176039627f,0.980624025020951f,2.3030488809627956f,-0.191959816780417f,0.9641758866462897f,-0.18307454315515848f,0.3165625036388716f,0f,0f,0f,1f],start_interpolation:0}
execute if entity @s[tag=aj.labyria.bone.ear_edge_b4] run data modify entity @s {} merge value {transformation:[-0.9921123085090684f,0.1041774164805774f,-0.069715372768418f,-0.08638780171802579f,-0.04899120657672769f,0.1896744137459395f,0.980624025020951f,2.3030993942263303f,0.1153820999243971f,0.9763046054718612f,-0.18307454315515848f,0.3277513862835644f,0f,0f,0f,1f],start_interpolation:0}
execute if entity @s[tag=aj.labyria.bone.ear_left_2] run data modify entity @s {} merge value {transformation:[-0.9961946980917455f,-0.052305738630254534f,-0.069715372768418f,-0.14254052796854186f,-0.07805965897368722f,0.17967529377357672f,0.980624025020951f,2.349614865533182f,-0.03876613386459412f,0.9823344127707847f,-0.18307454315515848f,0.427595398597704f,0f,0f,0f,1f],start_interpolation:0}
execute if entity @s[tag=aj.labyria.bone.ear_left_1] run data modify entity @s {} merge value {transformation:[-0.9961946980917455f,-0.07795790208240823f,-0.03897036049109155f,-0.12500000000000003f,-0.07805965897368722f,0.5991846213865616f,0.796796384991018f,2.2147983257212056f,-0.03876613386459412f,0.7968063472367376f,-0.6029899102542595f,0.24831397046943832f,0f,0f,0f,1f],start_interpolation:0}
execute if entity @s[tag=aj.labyria.bone.head] run data modify entity @s {} merge value {transformation:[-1f,-5.447124911785401e-17f,1.0968354865776032e-16f,-5.9207866345516356e-18f,0f,0.8956341431188669f,0.4447915036056029f,1.741886092885111f,-1.2246467991473532e-16f,0.4447915036056029f,-0.8956341431188669f,0.04834689184403142f,0f,0f,0f,1f],start_interpolation:0}
execute if entity @s[tag=aj.labyria.bone.back_musket] run data modify entity @s {} merge value {transformation:[0.021455443264204833f,1.0190085757155662f,1.2664192935980836f,-0.09891062499999997f,0.018632089137710875f,1.2662922287891758f,-1.0192219960281008f,1.7108158197910261f,-1.6253766178439077f,0.02796702614283565f,0.00503351169910993f,-0.17755858582223638f,0f,0f,0f,1f],start_interpolation:0}
execute if entity @s[tag=aj.labyria.bone.body_1] run data modify entity @s {} merge value {transformation:[-1f,-1.1673890647663385e-17f,1.219070059666998e-16f,-1.5430776416778664e-18f,0f,0.995446246636795f,0.09532455117500982f,1.3685937503963128f,-1.2246467991473532e-16f,0.09532455117500982f,-0.995446246636795f,0.012600185153402737f,0f,0f,0f,1f],start_interpolation:0}
execute if entity @s[tag=aj.labyria.bone.belt2] run data modify entity @s {} merge value {transformation:[-0.9232548245801009f,0.036280636214247f,0.38247123333063415f,0.2311565193893724f,-0.13485435987296862f,0.9015829927735435f,-0.41105037253936727f,0.7942043961817042f,-0.35974272822785286f,-0.43108215293304614f,-0.8274982458650839f,0.5350362982856618f,0f,0f,0f,1f],start_interpolation:0}
execute if entity @s[tag=aj.labyria.bone.leg_left_2] run data modify entity @s {} merge value {transformation:[-0.996434198259908f,-0.08435795712424696f,0.0016197555241573396f,0.15288775382475028f,-0.07936543703374792f,0.9306016644926124f,-0.3573257189848242f,0.8433131621655703f,0.028635920494660582f,-0.356180118919351f,-0.9339784295924721f,0.34848263081492536f,0f,0f,0f,1f],start_interpolation:0}
execute if entity @s[tag=aj.labyria.bone.leg_left_1] run data modify entity @s {} merge value {transformation:[-0.996434198259908f,-0.07812451034760572f,0.03186611713216994f,0.12499999999999999f,-0.07936543703374792f,0.7396886374961124f,-0.6682528316165874f,1.105752854728978f,0.028635920494660582f,-0.6683990428195508f,-0.7432514403721878f,0.10544274915178317f,0f,0f,0f,1f],start_interpolation:0}
execute if entity @s[tag=aj.labyria.bone.belt] run data modify entity @s {} merge value {transformation:[-0.8578489470009478f,-0.037697876001869385f,-0.5125173697293709f,-0.19251856712058482f,0.502071324312775f,0.15128143676281064f,-0.8514918156939596f,1.2052960932618162f,0.10963379694319333f,-0.9877716320263138f,-0.11084959869973011f,0.31172501543059006f,0f,0f,0f,1f],start_interpolation:0}
execute if entity @s[tag=aj.labyria.bone.leg_right_2] run data modify entity @s {} merge value {transformation:[-0.984807753012208f,0.14695604906832274f,0.09250734700160054f,-0.13714835259585298f,0.16334112615869295f,0.964765448694351f,0.206269982088519f,1.1418260435496528f,-0.058935270528400696f,0.21824653181165707f,-0.9741124602631503f,0.37711394158992284f,0f,0f,0f,1f],start_interpolation:0}
execute if entity @s[tag=aj.labyria.bone.leg_right_1] run data modify entity @s {} merge value {transformation:[-0.984807753012208f,0.09330109785058148f,-0.14645338762528518f,-0.125f,0.16334112615869295f,0.21148682089469417f,-0.9636353050262665f,1.0947471509883129f,-0.058935270528400696f,-0.9729173807306208f,-0.22351376727175531f,0.043634329537844595f,0f,0f,0f,1f],start_interpolation:0}
execute if entity @s[tag=aj.labyria.bone.skirt_forward_right] run data modify entity @s {} merge value {transformation:[-0.9914448613738104f,0.13052619222005166f,9.736557160545265e-17f,-3.518042891384781e-18f,0.10377487879637491f,0.7882484624151188f,-0.6065435977990359f,1.2833844260261817f,-0.07916982623615873f,-0.6013545332370374f,-0.7950502273246649f,0.028727000257006176f,0f,0f,0f,1f],start_interpolation:0}
execute if entity @s[tag=aj.labyria.bone.skirt_forward_left] run data modify entity @s {} merge value {transformation:[-0.9914448613738104f,-0.12925592028994135f,0.018165734927774232f,-3.494869074772416e-18f,-0.10377487879637491f,0.6961627291911655f,-0.7103437400413307f,1.245506598507339f,0.07916982623615848f,-0.706151797813408f,-0.7036204779983511f,0.028537771684094375f,0f,0f,0f,1f],start_interpolation:0}
execute if entity @s[tag=aj.labyria.bone.skirt_forward] run data modify entity @s {} merge value {transformation:[-1f,7.428016755879091e-17f,9.736557160545265e-17f,-3.518042891384781e-18f,0f,0.7950502273246649f,-0.6065435977990359f,1.2833844260261817f,-1.2246467991473532e-16f,-0.6065435977990359f,-0.7950502273246649f,0.028727000257006176f,0f,0f,0f,1f],start_interpolation:0}
execute if entity @s[tag=aj.labyria.bone.skirt_back_right] run data modify entity @s {} merge value {transformation:[-0.9961946980917455f,0.08715574274765821f,1.1837984825559192e-16f,-3.636837999500055e-18f,0.08424864710588076f,0.9629664428571001f,-0.25612066568703973f,1.3083186450994644f,-0.02232238685097872f,-0.25514604922915746f,-0.9666448182285093f,0.02969703592931581f,0f,0f,0f,1f],start_interpolation:0}
execute if entity @s[tag=aj.labyria.bone.skirt_back_left] run data modify entity @s {} merge value {transformation:[-0.9961946980917455f,-0.08715574274765815f,1.1837984825559192e-16f,-3.636837999500055e-18f,-0.08424864710588076f,0.9629664428571001f,-0.25612066568703973f,1.3083186450994644f,0.02232238685097848f,-0.25514604922915746f,-0.9666448182285093f,0.02969703592931581f,0f,0f,0f,1f],start_interpolation:0}
execute if entity @s[tag=aj.labyria.bone.skirt_back] run data modify entity @s {} merge value {transformation:[-1f,3.1365735342912254e-17f,1.1837984825559192e-16f,-3.636837999500055e-18f,0f,0.9666448182285093f,-0.25612066568703973f,1.3083186450994644f,-1.2246467991473532e-16f,-0.25612066568703973f,-0.9666448182285093f,0.02969703592931581f,0f,0f,0f,1f],start_interpolation:0}
execute if entity @s[tag=aj.labyria.bone.skirt_right] run data modify entity @s {} merge value {transformation:[-0.9914448613738104f,0.1305261922200516f,1.1519567323248804e-16f,-0.19375f,0.12277868686490397f,0.9325967157090878f,-0.33939469633503816f,1.3205978642112084f,-0.04429989737229334f,-0.3364911276588984f,-0.9406440560061214f,0.030582065875577213f,0f,0f,0f,1f],start_interpolation:0}
execute if entity @s[tag=aj.labyria.bone.skirt_left] run data modify entity @s {} merge value {transformation:[-0.9914448613738104f,-0.13002950065171942f,0.011376107230962308f,0.19375f,-0.122778686864904f,0.899467706803472f,-0.41938435649107514f,1.3212707724722605f,0.04429989737229312f,-0.41719320869109056f,-0.9077374872257048f,0.017714944228829375f,0f,0f,0f,1f],start_interpolation:0}
execute if entity @s[tag=aj.labyria.bone.coat_downer] run data modify entity @s {} merge value {transformation:[-1f,5.1445664266700295e-17f,1.1113478957903569e-16f,-9.546699748687656e-18f,0f,0.907484424541117f,-0.42008572841180625f,1.174570818386094f,-1.2246467991473532e-16f,-0.42008572841180625f,-0.907484424541117f,0.0779547193144541f,0f,0f,0f,1f],start_interpolation:0}
execute if entity @s[tag=aj.labyria.bone.body_2] run data modify entity @s {} merge value {transformation:[-1f,4.156386285142924e-17f,1.1519567323248804e-16f,0f,0f,0.9406440560061214f,-0.33939469633503816f,1.390625f,-1.2246467991473532e-16f,-0.33939469633503816f,-0.9406440560061214f,0f,0f,0f,0f,1f],start_interpolation:0}
execute if entity @s[tag=aj.labyria.bone.sphere] run data modify entity @s {} merge value {transformation:[-0.8660254037844388f,0f,-0.49999999999999983f,0.5656250000000002f,0f,1f,0f,2.359375f,0.49999999999999983f,0f,-0.8660254037844388f,-0.6028406249999999f,0f,0f,0f,1f],start_interpolation:0}