execute if entity @s[tag=aj.labyria.bone.wing_right_1] run data modify entity @s {} merge value {transformation:[-0.751633798451617f,-0.10281803542149177f,-0.302356625628914f,0.11082967045594071f,-0.06540181303969012f,0.8063545325617025f,-0.11162175017783825f,1.6733258484647977f,0.3125918750075886f,-0.07851919417382715f,-0.750376905474827f,-0.30612404105793983f,0f,0f,0f,1f],start_interpolation:0}
execute if entity @s[tag=aj.labyria.bone.wing_right_2] run data modify entity @s {} merge value {transformation:[-0.7187910279549008f,0.18871476575425777f,-0.2961860822487321f,0.11082967045594071f,0.24309073348639387f,0.7542882993094447f,-0.10934375527624972f,1.6733258484647977f,0.2534686438685941f,-0.1882442527972129f,-0.7350630910773817f,-0.30612404105793983f,0f,0f,0f,1f],start_interpolation:0}
execute if entity @s[tag=aj.labyria.bone.wing_left_1] run data modify entity @s {} merge value {transformation:[-0.5169808645961855f,0.12087295779621388f,0.6205360248683549f,0.0260164099382379f,0.05973320544482709f,0.8073540610237259f,-0.10749794770240134f,1.6729468735824162f,-0.6293704586752631f,-0.022662582962602245f,-0.5199266078253706f,-0.32730228006590484f,0f,0f,0f,1f],start_interpolation:0}
execute if entity @s[tag=aj.labyria.bone.wing_left_2] run data modify entity @s {} merge value {transformation:[-0.513192605260389f,-0.08440943019302931f,0.6078720243608375f,0.0260164099382379f,-0.24859566101357003f,0.7530678862584337f,-0.1053041120350054f,1.6729468735824162f,-0.5611003005089916f,-0.25644454913439463f,-0.5093158607268937f,-0.32730228006590484f,0f,0f,0f,1f],start_interpolation:0}
execute if entity @s[tag=aj.labyria.bone.musket] run data modify entity @s {} merge value {transformation:[-0.0000037679010336253f,0.000007566178930366052f,0.000013886018949180152f,-0.8705598673468105f,-0.000008202257478630492f,0.000011269333981279222f,-0.000008366047330438401f,1.6408695976584962f,-0.000013520042829723418f,-0.000008945429675234738f,0.0000012055678622019664f,-0.34411310987746113f,0f,0f,0f,1f],start_interpolation:0}
execute if entity @s[tag=aj.labyria.bone.omega_blade] run data modify entity @s {} merge value {transformation:[-0.41582262216953153f,0.8349976112832127f,1.5324502314192427f,-0.8705598673468105f,-0.9051947442452276f,1.2436749172498935f,-0.9232704646677447f,1.6408695976584962f,-1.4920613920400123f,-0.9872106487919923f,0.13304552990921f,-0.34411310987746113f,0f,0f,0f,1f],start_interpolation:0}
execute if entity @s[tag=aj.labyria.bone.arm_right_2] run data modify entity @s {} merge value {transformation:[-0.9092168496210908f,0.06980267944438028f,0.4104294169616547f,-0.558189000595219f,-0.30404782331182245f,0.5621056988748856f,-0.7691502482816468f,1.7400942084915925f,-0.28439346248541214f,-0.8241145364782505f,-0.4898526199386885f,-0.25246604583535404f,0f,0f,0f,1f],start_interpolation:0}
execute if entity @s[tag=aj.labyria.bone.arm_right_1] run data modify entity @s {} merge value {transformation:[-0.7700037749613664f,0.06980267944438028f,0.6342095651183689f,-0.2916468009557445f,-0.49486024507347137f,0.5621056988748856f,-0.6626843299325856f,1.914518234652436f,-0.4027499526890964f,-0.8241145364782505f,-0.39828093900432815f,-0.11092006686981351f,0f,0f,0f,1f],start_interpolation:0}
execute if entity @s[tag=aj.labyria.bone.arm_left_2] run data modify entity @s {} merge value {transformation:[-0.9047689031175846f,0.41332418421364076f,-0.10274410297204986f,0.5940848078588175f,0.32421148987530257f,0.5119612681926432f,-0.7954763162429267f,1.747519761215361f,-0.27618859821549363f,-0.7530330528035998f,-0.5972110846267442f,0.08669511589435525f,0f,0f,0f,1f],start_interpolation:0}
execute if entity @s[tag=aj.labyria.bone.arm_left_1] run data modify entity @s {} merge value {transformation:[-0.8652437347762452f,0.41332418421364076f,-0.2837541156962891f,0.28744182590117356f,0.47851497715286107f,0.5119612681926432f,-0.7133856436114882f,1.9171058022440115f,-0.14958842224868713f,-0.7530330528035998f,-0.6407530923175011f,0.03368087491110353f,0f,0f,0f,1f],start_interpolation:0}
execute if entity @s[tag=aj.labyria.bone.himo_right_2] run data modify entity @s {} merge value {transformation:[-0.970200840807402f,0.10587496186590432f,0.21794683054934194f,-0.22091562851813762f,-0.004335191776461509f,0.8917548507405435f,-0.45249805777812135f,1.6438997555019212f,-0.24226335795755732f,-0.43995883742755315f,-0.8647223177185406f,0.1975757810586449f,0f,0f,0f,1f],start_interpolation:0}
execute if entity @s[tag=aj.labyria.bone.himo_right_1] run data modify entity @s {} merge value {transformation:[-0.970200840807402f,0.0704112928086316f,0.23184602291526893f,-0.20626447347329877f,-0.004335191776461509f,0.9516493452086765f,-0.30715587228011504f,1.8204142835267973f,-0.24226335795755732f,-0.29900798251704624f,-0.9229857484177177f,0.135743123409088f,0f,0f,0f,1f],start_interpolation:0}
execute if entity @s[tag=aj.labyria.bone.himo_left_2] run data modify entity @s {} merge value {transformation:[-0.970200840807402f,0.10587496186590432f,0.21794683054934194f,0.08227213423417552f,-0.004335191776461509f,0.8917548507405435f,-0.45249805777812135f,1.6452545029320655f,-0.24226335795755732f,-0.43995883742755315f,-0.8647223177185406f,0.2732830804203816f,0f,0f,0f,1f],start_interpolation:0}
execute if entity @s[tag=aj.labyria.bone.himo_left_1] run data modify entity @s {} merge value {transformation:[-0.970200840807402f,0.0704112928086316f,0.23184602291526893f,0.09692328927901438f,-0.004335191776461509f,0.9516493452086765f,-0.30715587228011504f,1.8217690309569416f,-0.24226335795755732f,-0.29900798251704624f,-0.9229857484177177f,0.21145042277082468f,0f,0f,0f,1f],start_interpolation:0}
execute if entity @s[tag=aj.labyria.bone.ribbon_left_himo_1] run data modify entity @s {} merge value {transformation:[-0.9998214107237777f,0.002327093164450341f,-0.018754500679009634f,0.302233491350867f,0.0034305016787888956f,0.9982509836487247f,-0.05901868604590643f,2.2053041104285316f,0.01858435676978984f,-0.05907248328754608f,-0.9980806898250744f,-0.000847384191907552f,0f,0f,0f,1f],start_interpolation:0}
execute if entity @s[tag=aj.labyria.bone.ribbon_left_himo_2] run data modify entity @s {} merge value {transformation:[-0.9998214107237777f,0.002327093164450341f,-0.018754500679009634f,0.29974265922943605f,0.0034305016787888956f,0.9982509836487247f,-0.05901868604590643f,2.19746569118806f,0.01858435676978984f,-0.05907248328754608f,-0.9980806898250744f,-0.13340497580930025f,0f,0f,0f,1f],start_interpolation:0}
execute if entity @s[tag=aj.labyria.bone.ribbon_left] run data modify entity @s {} merge value {transformation:[-0.9998214107237777f,0.002327093164450341f,-0.018754500679009634f,0.3007057256946814f,0.0034305016787888956f,0.9982509836487247f,-0.05901868604590643f,2.3081165988997103f,0.01858435676978984f,-0.05907248328754608f,-0.9980806898250744f,-0.07343215237266411f,0f,0f,0f,1f],start_interpolation:0}
execute if entity @s[tag=aj.labyria.bone.ribbon_right_himo_1] run data modify entity @s {} merge value {transformation:[-0.9998214107237777f,0.002327093164450341f,-0.018754500679009634f,-0.2987216653322937f,0.0034305016787888956f,0.9982509836487247f,-0.05901868604590643f,2.2073660563438384f,0.01858435676978984f,-0.05907248328754608f,-0.9980806898250744f,0.010322975749034256f,0f,0f,0f,1f],start_interpolation:0}
execute if entity @s[tag=aj.labyria.bone.ribbon_right_himo_2] run data modify entity @s {} merge value {transformation:[-0.9998214107237777f,0.002327093164450341f,-0.018754500679009634f,-0.3012124974537247f,0.0034305016787888956f,0.9982509836487247f,-0.05901868604590643f,2.1995276371033667f,0.01858435676978984f,-0.05907248328754608f,-0.9980806898250744f,-0.12223461586835845f,0f,0f,0f,1f],start_interpolation:0}
execute if entity @s[tag=aj.labyria.bone.ribbon_right] run data modify entity @s {} merge value {transformation:[-0.9998214107237777f,0.002327093164450341f,-0.018754500679009634f,-0.29918712073958525f,0.0034305016787888956f,0.9982509836487247f,-0.05901868604590643f,2.3101748999069835f,0.01858435676978984f,-0.05907248328754608f,-0.9980806898250744f,-0.062281538310790203f,0f,0f,0f,1f],start_interpolation:0}
execute if entity @s[tag=aj.labyria.bone.crown] run data modify entity @s {} merge value {transformation:[-0.9756179759765315f,0.2186728919087528f,-0.018754500679009634f,0.1704532878159733f,0.21941024260568123f,0.9738459529808247f,-0.05901868604590643f,2.592054374253698f,0.0053582078321166154f,-0.061694620568831515f,-0.9980806898250744f,-0.0709152616642695f,0f,0f,0f,1f],start_interpolation:0}
execute if entity @s[tag=aj.labyria.bone.ear_edge_a1] run data modify entity @s {} merge value {transformation:[-0.9787032929678567f,0.20442145933867756f,-0.018754500679009634f,0.2013464391556719f,0.2051845743748641f,0.9769422117689563f,-0.05901868604590643f,2.58402566194077f,0.006257377444218699f,-0.061609916619200414f,-0.9980806898250744f,-0.08788023929488087f,0f,0f,0f,1f],start_interpolation:0}
execute if entity @s[tag=aj.labyria.bone.ear_edge_a2] run data modify entity @s {} merge value {transformation:[-0.9986323930008087f,0.048801765887715814f,-0.018754500679009634f,0.08681074909136172f,0.049830979506732515f,0.9970123711262635f,-0.05901868604590643f,2.5998127191870806f,0.01581825309185566f,-0.0598725268167817f,-0.9980806898250744f,-0.08666157199245425f,0f,0f,0f,1f],start_interpolation:0}
execute if entity @s[tag=aj.labyria.bone.ear_edge_b1] run data modify entity @s {} merge value {transformation:[-0.9571625273372887f,0.28894318639756034f,-0.018754500679009634f,0.06429400595250362f,0.28954990921071444f,0.9553416377262542f,-0.05901868604590643f,2.596618988609586f,0.0008639081903218451f,-0.0619208386647253f,-0.9980806898250744f,-0.08604961740503288f,0f,0f,0f,1f],start_interpolation:0}
execute if entity @s[tag=aj.labyria.bone.ear_edge_b2] run data modify entity @s {} merge value {transformation:[-0.9996040137833607f,-0.020978187063612402f,-0.018754500679009634f,0.09384969627558325f,-0.01983847354388693f,0.9980597325134719f,-0.05901868604590643f,2.60513983587894f,0.01995621696723579f,-0.05862325479415873f,-0.9980806898250744f,-0.08710884180927742f,0f,0f,0f,1f],start_interpolation:0}
execute if entity @s[tag=aj.labyria.bone.ear_right_2] run data modify entity @s {} merge value {transformation:[-0.9905789410967368f,0.13565260837871387f,-0.018754500679009634f,0.1560817896301592f,0.13653671131943868f,0.9888753820171108f,-0.05901868604590643f,2.704840249893592f,0.010539825318284277f,-0.0610233453734249f,-0.9980806898250744f,-0.12548381455538374f,0f,0f,0f,1f],start_interpolation:0}
execute if entity @s[tag=aj.labyria.bone.ear_right_1] run data modify entity @s {} merge value {transformation:[-0.9905789410967368f,0.13565260837871387f,-0.018754500679009634f,0.12555995274494863f,0.13653671131943868f,0.9888753820171108f,-0.05901868604590643f,2.4823432889397425f,0.010539825318284277f,-0.0610233453734249f,-0.9980806898250744f,-0.11175356184636315f,0f,0f,0f,1f],start_interpolation:0}
execute if entity @s[tag=aj.labyria.bone.ear_edge_a3] run data modify entity @s {} merge value {transformation:[-0.9796442695211199f,-0.19986338808974613f,-0.018754500679009634f,-0.1985430518373723f,-0.1984652597765627f,0.9783293593464503f,-0.05901868604590643f,2.5853977285473344f,0.03014375318789801f,-0.054095200730298915f,-0.9980806898250744f,-0.08044722286875279f,0f,0f,0f,1f],start_interpolation:0}
execute if entity @s[tag=aj.labyria.bone.ear_edge_a4] run data modify entity @s {} merge value {transformation:[-0.9988487451337983f,-0.04415261089581922f,-0.018754500679009634f,-0.08393558993569307f,-0.0429773931319824f,0.9973313082306168f,-0.05901868604590643f,2.600398569416328f,0.021310279777976157f,-0.058144720947723404f,-0.9980806898250744f,-0.08348779430818046f,0f,0f,0f,1f],start_interpolation:0}
execute if entity @s[tag=aj.labyria.bone.ear_edge_b3] run data modify entity @s {} merge value {transformation:[-0.9584971852758755f,-0.2844844714962583f,-0.018754500679009634f,-0.061434097136258276f,-0.2829770615104932f,0.9573091336429947f,-0.05901868604590643f,2.597050376119486f,0.03474375450510302f,-0.05126215096143917f,-0.9980806898250744f,-0.08371262411930297f,0f,0f,0f,1f],start_interpolation:0}
execute if entity @s[tag=aj.labyria.bone.ear_edge_b4] run data modify entity @s {} merge value {transformation:[-0.9994955302353037f,0.025631108909498823f,-0.018754500679009634f,-0.09094958788354948f,0.026697612854434033f,0.9978998106850655f,-0.05901868604590643f,2.6057739033711416f,0.01720239830733857f,-0.05948961330165056f,-0.9980806898250744f,-0.083673852529413f,0f,0f,0f,1f],start_interpolation:0}
execute if entity @s[tag=aj.labyria.bone.ear_left_2] run data modify entity @s {} merge value {transformation:[-0.9911996705010097f,-0.13104000115602546f,-0.018754500679009634f,-0.15387940019610147f,-0.1297370021102185f,0.9897904348804689f,-0.05901868604590643f,2.705903762207545f,0.026296834070725743f,-0.05606614946793619f,-0.9980806898250744f,-0.11972235628420132f,0f,0f,0f,1f],start_interpolation:0}
execute if entity @s[tag=aj.labyria.bone.ear_left_1] run data modify entity @s {} merge value {transformation:[-0.9911996705010097f,-0.13104000115602546f,-0.018754500679009634f,-0.1243953999359958f,-0.1297370021102185f,0.9897904348804689f,-0.05901868604590643f,2.48320091435944f,0.026296834070725743f,-0.05606614946793619f,-0.9980806898250744f,-0.1071074726539157f,0f,0f,0f,1f],start_interpolation:0}
execute if entity @s[tag=aj.labyria.bone.head] run data modify entity @s {} merge value {transformation:[-0.9998214107237777f,0.002327093164450341f,-0.018754500679009634f,-0.000024280696085324585f,0.0034305016787888956f,0.9982509836487247f,-0.05901868604590643f,1.973012806468554f,0.01858435676978984f,-0.05907248328754608f,-0.9980806898250744f,-0.04796584800823847f,0f,0f,0f,1f],start_interpolation:0}
execute if entity @s[tag=aj.labyria.bone.back_musket] run data modify entity @s {} merge value {transformation:[0.4040824534505254f,1.0561622199839944f,1.1678593136661983f,-0.044688141645369474f,-0.401735305881108f,1.2349507569975238f,-0.9778353708190635f,1.8842179441300806f,-1.5224922841995019f,-0.04554814480001198f,0.5679782140921084f,-0.27578720432728704f,0f,0f,0f,1f],start_interpolation:0}
execute if entity @s[tag=aj.labyria.bone.body_1] run data modify entity @s {} merge value {transformation:[-0.970200840807402f,0.035833274622155714f,0.2396378620470134f,-0.013461758679393717f,-0.004335191776461509f,0.9862788991760268f,-0.16503072184410345f,1.6031582192775438f,-0.24226335795755732f,-0.16115182118107668f,-0.9567332731337147f,0.012466084934665285f,0f,0f,0f,1f],start_interpolation:0}
execute if entity @s[tag=aj.labyria.bone.belt2] run data modify entity @s {} merge value {transformation:[-0.7534488269826504f,-0.05159439378803655f,0.6554791252573291f,0.18834203977532604f,-0.03501540975831607f,0.9986504066479556f,0.03835735107290707f,0.862663684147781f,-0.6565735192633992f,0.00594843101313558f,-0.7542385762943689f,0.2946172136677791f,0f,0f,0f,1f],start_interpolation:0}
execute if entity @s[tag=aj.labyria.bone.leg_left_2] run data modify entity @s {} merge value {transformation:[-0.9312096578885523f,-0.19041167485704436f,0.31079248242713475f,0.15036843743621234f,-0.16639098317140047f,0.9807372485257619f,0.10231563943685568f,0.9837056446165142f,-0.32428785634732044f,0.043564244883311676f,-0.9449547834650114f,0.12955119433755324f,0f,0f,0f,1f],start_interpolation:0}
execute if entity @s[tag=aj.labyria.bone.leg_left_1] run data modify entity @s {} merge value {transformation:[-0.9312096578885523f,-0.0778536644207848f,0.35607215559678557f,0.12245029501981701f,-0.16639098317140047f,0.9599870034014031f,-0.22525317760166957f,1.3376655722576556f,-0.32428785634732044f,-0.26900513050246905f,-0.9069033167813476f,0.02810398972870344f,0f,0f,0f,1f],start_interpolation:0}
execute if entity @s[tag=aj.labyria.bone.belt] run data modify entity @s {} merge value {transformation:[-0.947320273498083f,0.20515496719867268f,-0.24595881535986633f,-0.27296872055958155f,0.2921328768623249f,0.8682856677312847f,-0.4009219144279579f,1.22442646673995f,0.13131139202544054f,-0.45165411394799526f,-0.8824771270000104f,0.14128119585926388f,0f,0f,0f,1f],start_interpolation:0}
execute if entity @s[tag=aj.labyria.bone.leg_right_2] run data modify entity @s {} merge value {transformation:[-0.9387915228829657f,0.08746719555302213f,0.33319658801550095f,-0.22456675725687575f,0.22389116712419313f,0.8900097346975998f,0.3971843620124972f,1.0683886501614852f,-0.26180760463907204f,0.44747308505160094f,-0.8551167267148703f,0.09687896497387058f,0f,0f,0f,1f],start_interpolation:0}
execute if entity @s[tag=aj.labyria.bone.leg_right_1] run data modify entity @s {} merge value {transformation:[-0.9387915228829657f,0.30880719090342446f,0.15267152782826943f,-0.10925241450305449f,0.22389116712419313f,0.8837738512158866f,-0.4108728820338554f,1.3601265396406086f,-0.26180760463907204f,-0.3515421720837713f,-0.898818602054817f,-0.06712922315142647f,0f,0f,0f,1f],start_interpolation:0}
execute if entity @s[tag=aj.labyria.bone.skirt_forward_right] run data modify entity @s {} merge value {transformation:[-0.9283462398181922f,0.2079040447890989f,0.3081382273846529f,-0.0002428292415480517f,0.12282073789438766f,0.9539639162124518f,-0.27362001554652454f,1.5418347039053841f,-0.35083945809800504f,-0.21616834811075972f,-0.9111437427302916f,-0.010957824812062696f,0f,0f,0f,1f],start_interpolation:0}
execute if entity @s[tag=aj.labyria.bone.skirt_forward_left] run data modify entity @s {} merge value {transformation:[-0.950733007728697f,-0.03402323969567585f,0.3081382273846529f,-0.0002428292415480517f,-0.12282073789438766f,0.9539639162124518f,-0.27362001554652454f,1.5418347039053841f,-0.2846433107561525f,-0.29798534481617184f,-0.9111437427302916f,-0.010957824812062696f,0f,0f,0f,1f],start_interpolation:0}
execute if entity @s[tag=aj.labyria.bone.skirt_forward] run data modify entity @s {} merge value {transformation:[-0.9472945198748328f,0.08765800271141219f,0.3081382273846529f,-0.0002428292415480517f,0f,0.9618378694417888f,-0.27362001554652454f,1.5418347039053841f,-0.32036400018589795f,-0.2591987412552893f,-0.9111437427302916f,-0.010957824812062696f,0f,0f,0f,1f],start_interpolation:0}
execute if entity @s[tag=aj.labyria.bone.skirt_back_right] run data modify entity @s {} merge value {transformation:[-0.9459783431472888f,0.07095330966689717f,0.3163709881509741f,-0.0017671709676067777f,0.12610223192000652f,0.9794516876212098f,0.15739319782238667f,1.537245284388697f,-0.2987025299543063f,0.1887856442192506f,-0.9354874553598351f,-0.006450450192336189f,0f,0f,0f,1f],start_interpolation:0}
execute if entity @s[tag=aj.labyria.bone.skirt_back_left] run data modify entity @s {} merge value {transformation:[-0.9331009043996004f,-0.1709739748178776f,0.3163709881509741f,-0.0017671709676067777f,-0.12610223192000652f,0.9794516876212098f,0.15739319782238667f,1.537245284388697f,-0.33678023889985126f,0.10696864751383844f,-0.9354874553598351f,-0.006450450192336189f,0f,0f,0f,1f],start_interpolation:0}
execute if entity @s[tag=aj.labyria.bone.skirt_back] run data modify entity @s {} merge value {transformation:[-0.9472945198748328f,-0.050423114456430156f,0.3163709881509741f,-0.0017671709676067777f,0f,0.9875360151808353f,0.15739319782238667f,1.537245284388697f,-0.32036400018589795f,0.14909771376272238f,-0.9354874553598351f,-0.006450450192336189f,0f,0f,0f,1f],start_interpolation:0}
execute if entity @s[tag=aj.labyria.bone.skirt_right] run data modify entity @s {} merge value {transformation:[-0.9350014532466971f,0.16956049142903973f,0.3114827798978732f,-0.18983052828217062f,0.17904192816229372f,0.9838396572442718f,0.001875311547913372f,1.583231755132118f,-0.30613113266456976f,0.057521896524855856f,-0.950249946610728f,-0.05514072818112311f,0f,0f,0f,1f],start_interpolation:0}
execute if entity @s[tag=aj.labyria.bone.skirt_left] run data modify entity @s {} merge value {transformation:[-0.9288860495757142f,-0.16966883856152393f,0.3292160265309198f,0.17724609816932713f,-0.17904192816229372f,0.9838396572442718f,0.001875311547913372f,1.583231755132118f,-0.32421396463377666f,-0.05720152143655976f,-0.9442527686386687f,0.06900032189091236f,0f,0f,0f,1f],start_interpolation:0}
execute if entity @s[tag=aj.labyria.bone.coat_downer] run data modify entity @s {} merge value {transformation:[-0.9472945198748328f,0.003059371634332484f,0.32034939185257255f,0.003917071822933303f,0f,0.9999544008274432f,-0.009549673598023556f,1.4118881689058813f,-0.32036400018589795f,-0.009046353466001106f,-0.947251324028559f,-0.011582514482487651f,0f,0f,0f,1f],start_interpolation:0}
execute if entity @s[tag=aj.labyria.bone.body_2] run data modify entity @s {} merge value {transformation:[-0.9472945198748328f,-0.017053918140661997f,0.31990976304445856f,0f,0f,0.9985821217703118f,0.05323294168747457f,1.6412499999999999f,-0.32036400018589795f,0.05042727393736119f,-0.9459513715979995f,0f,0f,0f,0f,1f],start_interpolation:0}
execute if entity @s[tag=aj.labyria.bone.sphere] run data modify entity @s {} merge value {transformation:[-0.9613275983513279f,0f,-0.2754074230082922f,0.6947710276201982f,0f,1f,0f,2.61f,0.2754074230082922f,0f,-0.9613275983513279f,-0.4479304398619999f,0f,0f,0f,1f],start_interpolation:0}