execute if entity @s[tag=aj.labyria.bone.wing_right_1] run data modify entity @s {} merge value {transformation:[-0.5307821282933026f,-0.0911922564217202f,-0.6139208003460964f,0.06480327572099351f,0.018151444465246122f,0.8051771520393853f,-0.13529494943276385f,1.3913756878280132f,0.6203912489652812f,-0.10157839655608011f,-0.5212878015116396f,-0.3232621699872176f,0f,0f,0f,1f],start_interpolation:0}
execute if entity @s[tag=aj.labyria.bone.wing_right_2] run data modify entity @s {} merge value {transformation:[-0.5145565814650224f,0.11644493139113166f,-0.601391804420666f,0.06480327572099351f,0.3182671388388597f,0.7219008330559072f,-0.13253382801576868f,1.3913756878280132f,0.5233904401174673f,-0.32449925298296445f,-0.5106492749501775f,-0.3232621699872176f,0f,0f,0f,1f],start_interpolation:0}
execute if entity @s[tag=aj.labyria.bone.wing_left_1] run data modify entity @s {} merge value {transformation:[-0.5105878023247845f,0.09242935924475074f,0.6306356746261632f,-0.0556826465625649f,-0.01942580703088632f,0.8054018565429125f,-0.13377194004301854f,1.3912282447873314f,-0.6370770585908663f,-0.09863623812412446f,-0.5013463457435143f,-0.3251927088885984f,0f,0f,0f,1f],start_interpolation:0}
execute if entity @s[tag=aj.labyria.bone.wing_left_2] run data modify entity @s {} merge value {transformation:[-0.49674397181865243f,-0.10775500359971107f,0.6177655588174661f,-0.0556826465625649f,-0.3195047044049703f,0.7216264713752298f,-0.1310419004503039f,1.3912282447873314f,-0.5395944498648244f,-0.32809159545736766f,-0.4911147876671161f,-0.3251927088885984f,0f,0f,0f,1f],start_interpolation:0}
execute if entity @s[tag=aj.labyria.bone.musket] run data modify entity @s {} merge value {transformation:[-5.625167299806762e-7f,0.000002106226954969547f,0.000016109408648524363f,-0.989689922176588f,-0.000015917538988316063f,-0.0000032988047572565454f,-1.2451422183741733e-7f,1.6156841500869845f,0.000003252874351466721f,-0.000015778065763906596f,0.0000021764910442978316f,-0.13110248260585425f,0f,0f,0f,1f],start_interpolation:0}
execute if entity @s[tag=aj.labyria.bone.omega_blade] run data modify entity @s {} merge value {transformation:[-0.06207890801466739f,0.23244156560474055f,1.7778217862014263f,-0.989689922176588f,-1.7566472000032776f,-0.36405352262342694f,-0.013741292502053143f,1.6156841500869845f,0.35898467882885965f,-1.7412550436332406f,0.2401958557541105f,-0.13110248260585425f,0f,0f,0f,1f],start_interpolation:0}
execute if entity @s[tag=aj.labyria.bone.arm_right_2] run data modify entity @s {} merge value {transformation:[-0.9949172025179147f,0.09933319284025338f,0.01651293232855882f,-0.6258002875002847f,-0.03664960991656301f,-0.20446939490519297f,-0.9781866246479086f,1.6139887062931872f,-0.09379001133857642f,-0.973819892663559f,0.20707064114896742f,-0.10666812815636262f,0f,0f,0f,1f],start_interpolation:0}
execute if entity @s[tag=aj.labyria.bone.arm_right_1] run data modify entity @s {} merge value {transformation:[-0.9944859832009403f,0.09933319284025338f,0.03362359316045797f,-0.29817153857563844f,-0.05346951691088681f,-0.20446939490519297f,-0.9774115189153548f,1.631789581583294f,-0.09021441114464666f,-0.973819892663559f,0.2086532450611765f,-0.07698638134121712f,0f,0f,0f,1f],start_interpolation:0}
execute if entity @s[tag=aj.labyria.bone.arm_left_2] run data modify entity @s {} merge value {transformation:[-0.9980011007519687f,-0.058355940051180874f,-0.02425669306813845f,0.6276632246654243f,0.03576732740523203f,-0.20513503644683162f,-0.9780799124367316f,1.6164552967996033f,0.05210087511880994f,-0.9769924263179833f,0.20681222819058379f,-0.08370433400944748f,0f,0f,0f,1f],start_interpolation:0}
execute if entity @s[tag=aj.labyria.bone.arm_left_1] run data modify entity @s {} merge value {transformation:[-0.9975927852803321f,-0.058355940051180874f,-0.037459565098545f,0.2986264101775898f,0.048705605718790845f,-0.20513503644683162f,-0.9775210385426614f,1.6325199051146162f,0.0493598898721911f,-0.9769924263179833f,0.20748349377505934f,-0.06742392263653225f,0f,0f,0f,1f],start_interpolation:0}
execute if entity @s[tag=aj.labyria.bone.himo_right_2] run data modify entity @s {} merge value {transformation:[-0.999870908905932f,0.008898103933210376f,0.013378687156036304f,-0.16067776674378323f,-0.0012235786912207867f,0.7880685347591594f,-0.6155862956383436f,1.4143542812177166f,-0.016020873222508666f,-0.6155231988064669f,-0.7879559145994417f,0.2337037115578052f,0f,0f,0f,1f],start_interpolation:0}
execute if entity @s[tag=aj.labyria.bone.himo_right_1] run data modify entity @s {} merge value {transformation:[-0.999870908905932f,0.00593900175699094f,0.014929627649602092f,-0.15947089374153742f,-0.0012235786912207867f,0.8983375110030969f,-0.4393042444365264f,1.580046913003069f,-0.016020873222508666f,-0.4392658017452432f,-0.8982142767949621f,0.1457275345006036f,0f,0f,0f,1f],start_interpolation:0}
execute if entity @s[tag=aj.labyria.bone.himo_left_2] run data modify entity @s {} merge value {transformation:[-0.999870908905932f,0.008898103933210376f,0.013378687156036304f,0.1517818922893205f,-0.0012235786912207867f,0.7880685347591594f,-0.6155862956383436f,1.4147366495587232f,-0.016020873222508666f,-0.6155231988064669f,-0.7879559145994417f,0.23871023443983916f,0f,0f,0f,1f],start_interpolation:0}
execute if entity @s[tag=aj.labyria.bone.himo_left_1] run data modify entity @s {} merge value {transformation:[-0.999870908905932f,0.00593900175699094f,0.014929627649602092f,0.15298876529156633f,-0.0012235786912207867f,0.8983375110030969f,-0.4393042444365264f,1.5804292813440757f,-0.016020873222508666f,-0.4392658017452432f,-0.8982142767949621f,0.15073405738263757f,0f,0f,0f,1f],start_interpolation:0}
execute if entity @s[tag=aj.labyria.bone.ribbon_left_himo_1] run data modify entity @s {} merge value {transformation:[-0.9999992294994355f,0.0006101930081137824f,-0.001081048115465607f,0.30120537308581885f,0.000782412326974488f,0.9859127378893531f,-0.16725866524180608f,1.9481236943400935f,0.0009637590392318277f,-0.16725938219428169f,-0.9859124556655634f,-0.06611923839279851f,0f,0f,0f,1f],start_interpolation:0}
execute if entity @s[tag=aj.labyria.bone.ribbon_left_himo_2] run data modify entity @s {} merge value {transformation:[-0.9999992294994355f,0.0006101930081137824f,-0.001081048115465607f,0.3010617963829836f,0.000782412326974488f,0.9859127378893531f,-0.16725866524180608f,1.925909652862666f,0.0009637590392318277f,-0.16725938219428169f,-0.9859124556655634f,-0.19706073641088115f,0f,0f,0f,1f],start_interpolation:0}
execute if entity @s[tag=aj.labyria.bone.ribbon_left] run data modify entity @s {} merge value {transformation:[-0.9999992294994355f,0.0006101930081137824f,-0.001081048115465607f,0.300667575073304f,0.000782412326974488f,0.9859127378893531f,-0.16725866524180608f,2.042427798215752f,0.0009637590392318277f,-0.16725938219428169f,-0.9859124556655634f,-0.1494723258634935f,0f,0f,0f,1f],start_interpolation:0}
execute if entity @s[tag=aj.labyria.bone.ribbon_right_himo_1] run data modify entity @s {} merge value {transformation:[-0.9999992294994355f,0.0006101930081137824f,-0.001081048115465607f,-0.29985666379518566f,0.000782412326974488f,0.9859127378893531f,-0.16725866524180608f,1.948593973049375f,0.0009637590392318277f,-0.16725938219428169f,-0.9859124556655634f,-0.06553995897528024f,0f,0f,0f,1f],start_interpolation:0}
execute if entity @s[tag=aj.labyria.bone.ribbon_right_himo_2] run data modify entity @s {} merge value {transformation:[-0.9999992294994355f,0.0006101930081137824f,-0.001081048115465607f,-0.30000024049802093f,0.000782412326974488f,0.9859127378893531f,-0.16725866524180608f,1.9263799315719479f,0.0009637590392318277f,-0.16725938219428169f,-0.9859124556655634f,-0.1964814569933629f,0f,0f,0f,1f],start_interpolation:0}
execute if entity @s[tag=aj.labyria.bone.ribbon_right] run data modify entity @s {} merge value {transformation:[-0.9999992294994355f,0.0006101930081137824f,-0.001081048115465607f,-0.2993319626263573f,0.000782412326974488f,0.9859127378893531f,-0.16725866524180608f,2.0428972456119365f,0.0009637590392318277f,-0.16725938219428169f,-0.9859124556655634f,-0.1488940704399544f,0f,0f,0f,1f],start_interpolation:0}
execute if entity @s[tag=aj.labyria.bone.crown] run data modify entity @s {} merge value {transformation:[-0.976163184944205f,0.21703517616865214f,-0.001081048115465607f,0.16960854500100658f,0.2141544383961762f,0.9623733243480661f,-0.16725866524180608f,2.324347759986205f,-0.03526064200782815f,-0.16350326262400477f,-0.9859124556655634f,-0.18008863486721272f,0f,0f,0f,1f],start_interpolation:0}
execute if entity @s[tag=aj.labyria.bone.ear_edge_a1] run data modify entity @s {} merge value {transformation:[-0.9707857419801428f,0.23994556570821562f,-0.001081048115465607f,0.20458147386009262f,0.2367411308831121f,0.9570674876150138f,-0.16725866524180608f,2.3117741370114304f,-0.0390983390471866f,-0.1626282559927694f,-0.9859124556655634f,-0.19506119651606196f,0f,0f,0f,1f],start_interpolation:0}
execute if entity @s[tag=aj.labyria.bone.ear_edge_a2] run data modify entity @s {} merge value {transformation:[-0.9963695147801271f,0.08512708941216182f,-0.001081048115465607f,0.0906724976395734f,0.08410811428010483f,0.9823188708427495f,-0.16725866524180608f,2.3313613344104307f,-0.013176309386887214f,-0.16674236004818788f,-0.9859124556655634f,-0.1982592364541802f,0f,0f,0f,1f],start_interpolation:0}
execute if entity @s[tag=aj.labyria.bone.ear_edge_b1] run data modify entity @s {} merge value {transformation:[-0.9461789751453731f,0.32364205278026476f,-0.001081048115465607f,0.06804938528549172f,0.319254187148722f,0.932792207777026f,-0.16725866524180608f,2.328996705743599f,-0.05312354450580688f,-0.15860176160004674f,-0.9859124556655634f,-0.19783327438709228f,0f,0f,0f,1f],start_interpolation:0}
execute if entity @s[tag=aj.labyria.bone.ear_edge_b2] run data modify entity @s {} merge value {transformation:[-0.9998805742969727f,0.015416500203619565f,-0.001081048115465607f,0.09790250509899028f,0.015380130618676463f,0.9857930769099984f,-0.16725866524180608f,2.3363728816446936f,-0.0015128534987248442f,-0.1672553169193431f,-0.9859124556655634f,-0.19911736608047323f,0f,0f,0f,1f],start_interpolation:0}
execute if entity @s[tag=aj.labyria.bone.ear_right_2] run data modify entity @s {} merge value {transformation:[-0.9851587132585444f,0.17164248024816334f,-0.001081048115465607f,0.1643607437959856f,0.1694027883156758f,0.9712503457978298f,-0.16725866524180608f,2.429171107368484f,-0.0276587237891308f,-0.16495946399602257f,-0.9859124556655634f,-0.24662985226105102f,0f,0f,0f,1f],start_interpolation:0}
execute if entity @s[tag=aj.labyria.bone.ear_right_1] run data modify entity @s {} merge value {transformation:[-0.9851587132585444f,0.17164248024816334f,-0.001081048115465607f,0.1257411857401489f,0.1694027883156758f,0.9712503457978298f,-0.16725866524180608f,2.210639779563973f,-0.0276587237891308f,-0.16495946399602257f,-0.9859124556655634f,-0.209513972861946f,0f,0f,0f,1f],start_interpolation:0}
execute if entity @s[tag=aj.labyria.bone.ear_edge_a3] run data modify entity @s {} merge value {transformation:[-0.971077845392934f,-0.23876065321151407f,-0.001081048115465607f,-0.20291255138861775f,-0.23522179170439683f,0.9574420335502838f,-0.16725866524180608f,2.3120929656056113f,0.04096982907445667f,-0.16216689819167257f,-0.9859124556655634f,-0.19466847016319966f,0f,0f,0f,1f],start_interpolation:0}
execute if entity @s[tag=aj.labyria.bone.ear_edge_a4] run data modify entity @s {} merge value {transformation:[-0.9964726607626481f,-0.08391107011342783f,-0.001081048115465607f,-0.08897944000495647f,-0.0825488887948614f,0.982451128484396f,-0.16725866524180608f,2.331501896409312f,0.01509693052716865f,-0.16657944786844606f,-0.9859124556655634f,-0.1980860951419543f,0f,0f,0f,1f],start_interpolation:0}
execute if entity @s[tag=aj.labyria.bone.ear_edge_b3] run data modify entity @s {} merge value {transformation:[-0.9465732389452312f,-0.32248710772324896f,-0.001081048115465607f,-0.06635927655276308f,-0.3177732733434643f,0.9332977475865403f,-0.16725866524180608f,2.329101868818502f,0.05494770296667788f,-0.15797904830129925f,-0.9859124556655634f,-0.19770373672448577f,0f,0f,0f,1f],start_interpolation:0}
execute if entity @s[tag=aj.labyria.bone.ear_edge_b4] run data modify entity @s {} merge value {transformation:[-0.9998986438027798f,-0.014196247966758835f,-0.001081048115465607f,-0.09620323705395231f,-0.01381547750164172f,0.9858162463070546f,-0.16725866524180608f,2.336524752487107f,0.003440160281627396f,-0.16722677734362765f,-0.9859124556655634f,-0.19893029477276797f,0f,0f,0f,1f],start_interpolation:0}
execute if entity @s[tag=aj.labyria.bone.ear_left_2] run data modify entity @s {} merge value {transformation:[-0.9853674498046379f,-0.17044007803470532f,-0.001081048115465607f,-0.16260763919251864f,-0.16786102316713852f,0.9715179956144976f,-0.16725866524180608f,2.4294269316589783f,0.029557837654094053f,-0.16462977858429112f,-0.9859124556655634f,-0.24631473328360348f,0f,0f,0f,1f],start_interpolation:0}
execute if entity @s[tag=aj.labyria.bone.ear_left_1] run data modify entity @s {} merge value {transformation:[-0.9853674498046379f,-0.17044007803470532f,-0.001081048115465607f,-0.12425862163471f,-0.16786102316713852f,0.9715179956144976f,-0.16725866524180608f,2.2108353826457168f,0.029557837654094053f,-0.16462977858429112f,-0.9859124556655634f,-0.20927303310213805f,0f,0f,0f,1f],start_interpolation:0}
execute if entity @s[tag=aj.labyria.bone.head] run data modify entity @s {} merge value {transformation:[-0.9999992294994355f,0.0006101930081137824f,-0.001081048115465607f,0.00046234088966941496f,0.000782412326974488f,0.9859127378893531f,-0.16725866524180608f,1.7106841362253578f,0.0009637590392318277f,-0.16725938219428169f,-0.9859124556655634f,-0.09286330536792378f,0f,0f,0f,1f],start_interpolation:0}
execute if entity @s[tag=aj.labyria.bone.back_musket] run data modify entity @s {} merge value {transformation:[0.04665821871556848f,1.02399906896087f,1.2617073979408064f,-0.09507992620218382f,-0.5439730885730495f,1.1992432472812904f,-0.9531870505748194f,1.6033668504610237f,-1.5311998335160526f,-0.3948394372938152f,0.3770749649909363f,-0.2956849852317429f,0f,0f,0f,1f],start_interpolation:0}
execute if entity @s[tag=aj.labyria.bone.body_1] run data modify entity @s {} merge value {transformation:[-0.999870908905932f,0.00289286715614627f,0.015804962614387765f,-0.0006224842938854362f,-0.0012235786912207867f,0.967093146885629f,-0.2544196299463503f,1.3480242061432468f,-0.016020873222508666f,-0.25440612525343864f,-0.966964764122623f,0.0025389916021157106f,0f,0f,0f,1f],start_interpolation:0}
execute if entity @s[tag=aj.labyria.bone.belt2] run data modify entity @s {} merge value {transformation:[-0.9031553919434158f,-0.18811246599637832f,0.38590677389791495f,0.3284313527768072f,-0.07711609538714856f,0.9553560893068621f,0.28521544568367796f,0.6312151764992722f,-0.4223309671759522f,0.22783424404829983f,-0.8773415021547563f,0.1327202256342254f,0f,0f,0f,1f],start_interpolation:0}
execute if entity @s[tag=aj.labyria.bone.leg_left_2] run data modify entity @s {} merge value {transformation:[-0.9522756037263644f,-0.30518825376866987f,-0.005595025399231679f,0.22584532872152288f,-0.29181718529885103f,0.9048722756113529f,0.30991756193250436f,0.767127796028882f,-0.08952041617331855f,0.2967596579583579f,-0.950746969754095f,0.012954583952739275f,0f,0f,0f,1f],start_interpolation:0}
execute if entity @s[tag=aj.labyria.bone.leg_left_1] run data modify entity @s {} merge value {transformation:[-0.9522756037263644f,-0.2797727000394037f,0.12205904661371866f,0.12580379387697238f,-0.29181718529885103f,0.9517205377476887f,-0.09524047665518179f,1.1088028710382822f,-0.08952041617331855f,-0.12631410982907654f,-0.987942731511419f,-0.036637965702248726f,0f,0f,0f,1f],start_interpolation:0}
execute if entity @s[tag=aj.labyria.bone.belt] run data modify entity @s {} merge value {transformation:[-0.8617549476126992f,0.15593830655367794f,-0.482764595651136f,-0.2421837115935708f,0.25466086609466865f,0.9559777429282755f,-0.14578888265458845f,0.9575530583378605f,0.4387781370407452f,-0.24857554098287965f,-0.8635299339803583f,0.14777606879852873f,0f,0f,0f,1f],start_interpolation:0}
execute if entity @s[tag=aj.labyria.bone.leg_right_2] run data modify entity @s {} merge value {transformation:[-0.9540832275419716f,0.2954205441147223f,0.04951663395320349f,-0.2292413096161125f,0.29488624855198314f,0.8973016841618366f,0.32846885395006586f,0.7875197391489313f,0.052605088518433034f,0.3279883987510733f,-0.9432159429031481f,0.028749869982387863f,0f,0f,0f,1f],start_interpolation:0}
execute if entity @s[tag=aj.labyria.bone.leg_right_1] run data modify entity @s {} merge value {transformation:[-0.9540832275419716f,0.28164620229497606f,-0.10198338911759881f,-0.12390600224938389f,0.29488624855198314f,0.9429334136506767f,-0.15465664497854542f,1.1429062173478106f,0.052605088518433034f,-0.17762881003344938f,-0.9826905466666852f,-0.05299004219526972f,0f,0f,0f,1f],start_interpolation:0}
execute if entity @s[tag=aj.labyria.bone.skirt_forward_right] run data modify entity @s {} merge value {transformation:[-0.9847282834843859f,0.17285124837825852f,0.020800327881371997f,-0.0054814983929537976f,0.16606416688227174f,0.9684333152398809f,-0.18590214202959224f,1.3068343213562597f,-0.05227714781424095f,-0.17960890809637275f,-0.982348074741757f,-0.0343805729600652f,0f,0f,0f,1f],start_interpolation:0}
execute if entity @s[tag=aj.labyria.bone.skirt_forward_left] run data modify entity @s {} merge value {transformation:[-0.986058538900961f,-0.16509362259193913f,0.020800327881371997f,-0.0054814983929537976f,-0.16606416688227174f,0.9684333152398809f,-0.18590214202959224f,1.3068343213562597f,0.010547527587032961f,-0.18676458366875676f,-0.982348074741757f,-0.0343805729600652f,0f,0f,0f,1f],start_interpolation:0}
execute if entity @s[tag=aj.labyria.bone.skirt_forward] run data modify entity @s {} merge value {transformation:[-0.9997759042784032f,0.0039354268292617995f,0.020800327881371997f,-0.0054814983929537976f,1.0842021724855044e-19f,0.9825682640859155f,-0.18590214202959224f,1.3068343213562597f,-0.021169346336178046f,-0.18586048215492773f,-0.982348074741757f,-0.0343805729600652f,0f,0f,0f,1f],start_interpolation:0}
execute if entity @s[tag=aj.labyria.bone.skirt_back_right] run data modify entity @s {} merge value {transformation:[-0.9866564958426673f,0.1616065282096939f,0.019806293229126474f,-0.005630171709066056f,0.1581280642727982f,0.9221524931668993f,0.35303016108458696f,1.2970675336187938f,0.038787556004555426f,0.3514514324712322f,-0.9354022750202783f,-0.027359099708235097f,0f,0f,0f,1f],start_interpolation:0}
execute if entity @s[tag=aj.labyria.bone.skirt_back_left] run data modify entity @s {} merge value {transformation:[-0.9841303265426795f,-0.17633834276050375f,0.019806293229126474f,-0.005630171709066056f,-0.1581280642727982f,0.9221524931668993f,0.35303016108458696f,1.2970675336187938f,-0.08051717623176342f,0.3442957568988481f,-0.9354022750202783f,-0.027359099708235097f,0f,0f,0f,1f],start_interpolation:0}
execute if entity @s[tag=aj.labyria.bone.skirt_back] run data modify entity @s {} merge value {transformation:[-0.9997759042784032f,-0.007473417747116346f,0.019806293229126474f,-0.005630171709066056f,1.0842021724855044e-19f,0.9356119416534776f,0.35303016108458696f,1.2970675336187938f,-0.021169346336178046f,0.3529510485358933f,-0.9354022750202783f,-0.027359099708235097f,0f,0f,0f,1f],start_interpolation:0}
execute if entity @s[tag=aj.labyria.bone.skirt_right] run data modify entity @s {} merge value {transformation:[-0.968307002378581f,0.24976086021238944f,-0.001030461340261933f,-0.20010070341415115f,0.24683037330605667f,0.9575597829841871f,0.14884229514781494f,1.3571861293113543f,0.03816170800945944f,0.14387068748443443f,-0.9888604094231688f,0.004618821584329618f,0f,0f,0f,1f],start_interpolation:0}
execute if entity @s[tag=aj.labyria.bone.skirt_left] run data modify entity @s {} merge value {transformation:[-0.9658237710554541f,-0.2556269357254406f,0.042887212497933536f,0.1873124594937301f,-0.24683037330605667f,0.9575597829841871f,0.14884229514781494f,1.3571861293113543f,-0.07911516970729551f,0.1331695601212905f,-0.9879304925850239f,0.012821943289598608f,0f,0f,0f,1f],start_interpolation:0}
execute if entity @s[tag=aj.labyria.bone.coat_downer] run data modify entity @s {} merge value {transformation:[-0.9997759042784032f,-0.0031135512391341344f,0.02093912660505068f,0.0011240841960939573f,1.0842021724855044e-19f,0.9891248540473861f,0.1470782890359316f,1.1882132844777957f,-0.021169346336178046f,0.14704532942061888f,-0.9889031953994691f,-0.05308771824070393f,0f,0f,0f,1f],start_interpolation:0}
execute if entity @s[tag=aj.labyria.bone.body_2] run data modify entity @s {} merge value {transformation:[-0.9997759042784032f,-0.0048939720102049835f,0.020595879739996176f,0f,1.0842021724855044e-19f,0.9729105194333836f,0.23118200876336317f,1.411678669410151f,-0.021169346336178046f,0.23113020186428918f,-0.972692494348482f,0f,0f,0f,0f,1f],start_interpolation:0}
execute if entity @s[tag=aj.labyria.bone.sphere] run data modify entity @s {} merge value {transformation:[-0.8738550005012787f,0f,-0.48618662887713204f,0.57512531893221f,0f,1f,0f,2.380428669410151f,0.48618662887713204f,0f,-0.8738550005012787f,-0.5937839062306375f,0f,0f,0f,1f],start_interpolation:0}