execute if entity @s[tag=aj.labyria.bone.wing_right_1] run data modify entity @s {} merge value {transformation:[-0.7089173867641909f,-0.12500126237986486f,-0.3856880443976907f,0.03685466365524184f,-0.06419305968970564f,0.8016895367410346f,-0.14183646291438448f,1.3876849435503855f,0.40032466108840803f,-0.09280633344675274f,-0.7057418753631286f,-0.35299085791407675f,0f,0f,0f,1f],start_interpolation:0}
execute if entity @s[tag=aj.labyria.bone.wing_right_2] run data modify entity @s {} merge value {transformation:[-0.6884475193570478f,0.15262514055122958f,-0.37781685981814606f,0.03685466365524184f,0.24243590168291607f,0.7496132324959061f,-0.1389418412222542f,1.3876849435503855f,0.3275131244184249f,-0.23406317125672732f,-0.6913389799475546f,-0.35299085791407675f,0f,0f,0f,1f],start_interpolation:0}
execute if entity @s[tag=aj.labyria.bone.wing_left_1] run data modify entity @s {} merge value {transformation:[-0.7089173867641909f,0.1250012623798649f,0.38568804439769094f,-0.036854663655241746f,0.06419305968970564f,0.8016895367410346f,-0.14183646291438448f,1.3876849435503855f,-0.40032466108840825f,-0.0928063334467527f,-0.7057418753631286f,-0.35299085791407675f,0f,0f,0f,1f],start_interpolation:0}
execute if entity @s[tag=aj.labyria.bone.wing_left_2] run data modify entity @s {} merge value {transformation:[-0.6884475193570478f,-0.15262514055122953f,0.3778168598181463f,-0.036854663655241746f,-0.24243590168291607f,0.7496132324959061f,-0.1389418412222542f,1.3876849435503855f,-0.3275131244184251f,-0.23406317125672738f,-0.6913389799475546f,-0.35299085791407675f,0f,0f,0f,1f],start_interpolation:0}
execute if entity @s[tag=aj.labyria.bone.musket] run data modify entity @s {} merge value {transformation:[-3.9448189849652594e-21f,3.0949957546128134e-7f,0.000016253303481916818f,-0.9926300320084983f,-0.00001593756935820117f,-0.0000032024721972938074f,6.098229732753597e-8f,1.6303204602755237f,0.0000032030527649458373f,-0.00001593468060241088f,3.0343227683186466e-7f,-0.06082729798574187f,0f,0f,0f,1f],start_interpolation:0}
execute if entity @s[tag=aj.labyria.bone.omega_blade] run data modify entity @s {} merge value {transformation:[-4.3534714942715473e-16f,0.03415613198970903f,1.7937019078935632f,-0.9926300320084983f,-1.7588577360163844f,-0.353422336367065f,0.006729958816423558f,1.6303204602755237f,0.3534864073607719f,-1.7585389351782499f,0.03348654964052981f,-0.06082729798574187f,0f,0f,0f,1f],start_interpolation:0}
execute if entity @s[tag=aj.labyria.bone.arm_right_2] run data modify entity @s {} merge value {transformation:[-0.9998187455235258f,0.019038805103346792f,-2.0660400436533877e-17f,-0.6265030258749069f,-0.00375131394556183f,-0.196999443124571f,-0.980396423418757f,1.6161783236481202f,-0.018665576429487976f,-0.980218722178293f,0.19703515662873275f,-0.06458246625959477f,0f,0f,0f,1f],start_interpolation:0}
execute if entity @s[tag=aj.labyria.bone.arm_right_1] run data modify entity @s {} merge value {transformation:[-0.9998187455235258f,0.019038805103346792f,-2.0660400436533877e-17f,-0.2984375f,-0.00375131394556183f,-0.196999443124571f,-0.980396423418757f,1.6174092235365076f,-0.018665576429487976f,-0.980218722178293f,0.19703515662873275f,-0.05845782399366902f,0f,0f,0f,1f],start_interpolation:0}
execute if entity @s[tag=aj.labyria.bone.arm_left_2] run data modify entity @s {} merge value {transformation:[-0.9998187455235258f,-0.01903880510334655f,-2.7599294340441106e-17f,0.6265030258749069f,0.00375131394556183f,-0.196999443124571f,-0.980396423418757f,1.6161783236481202f,0.018665576429487733f,-0.980218722178293f,0.19703515662873275f,-0.06458246625959461f,0f,0f,0f,1f],start_interpolation:0}
execute if entity @s[tag=aj.labyria.bone.arm_left_1] run data modify entity @s {} merge value {transformation:[-0.9998187455235258f,-0.01903880510334655f,-2.7599294340441106e-17f,0.2984375f,0.00375131394556183f,-0.196999443124571f,-0.980396423418757f,1.6174092235365076f,0.018665576429487733f,-0.980218722178293f,0.19703515662873275f,-0.05845782399366895f,0f,0f,0f,1f],start_interpolation:0}
execute if entity @s[tag=aj.labyria.bone.himo_right_2] run data modify entity @s {} merge value {transformation:[-1f,1.1127639672302931e-16f,5.113864838805934e-17f,-0.15625000000000006f,0f,0.41757875351214785f,-0.9086407346224583f,1.4147640948756917f,-1.2246467991473532e-16f,-0.9086407346224583f,-0.41757875351214785f,0.2837803988013121f,0f,0f,0f,1f],start_interpolation:0}
execute if entity @s[tag=aj.labyria.bone.himo_right_1] run data modify entity @s {} merge value {transformation:[-1f,7.886752995054841e-17f,9.36883693214794e-17f,-0.15625000000000003f,0f,0.7650235919998231f,-0.6440022544088554f,1.5541810042856032f,-1.2246467991473532e-16f,-0.6440022544088554f,-0.7650235919998231f,0.15824857864965286f,0f,0f,0f,1f],start_interpolation:0}
execute if entity @s[tag=aj.labyria.bone.himo_left_2] run data modify entity @s {} merge value {transformation:[-1f,1.0746138733168385e-16f,5.873370462833407e-17f,0.15624999999999994f,0f,0.4795970941926012f,-0.8774888188700829f,1.4147640948756917f,-1.2246467991473532e-16f,-0.8774888188700829f,-0.4795970941926012f,0.2837803988013122f,0f,0f,0f,1f],start_interpolation:0}
execute if entity @s[tag=aj.labyria.bone.himo_left_1] run data modify entity @s {} merge value {transformation:[-1f,7.886752995054841e-17f,9.36883693214794e-17f,0.15624999999999997f,0f,0.7650235919998231f,-0.6440022544088554f,1.5541810042856032f,-1.2246467991473532e-16f,-0.6440022544088554f,-0.7650235919998231f,0.15824857864965292f,0f,0f,0f,1f],start_interpolation:0}
execute if entity @s[tag=aj.labyria.bone.ribbon_left_himo_1] run data modify entity @s {} merge value {transformation:[-1f,1.985978918923462e-17f,1.2084364526104686e-16f,0.30053125f,0f,0.9867632475353948f,-0.16216748537669626f,1.9361303650265413f,-1.2246467991473532e-16f,-0.16216748537669626f,-0.9867632475353948f,-0.046514449972330285f,0f,0f,0f,1f],start_interpolation:0}
execute if entity @s[tag=aj.labyria.bone.ribbon_left_himo_2] run data modify entity @s {} merge value {transformation:[-1f,1.985978918923462e-17f,1.2084364526104686e-16f,0.30053125f,0f,0.9867632475353948f,-0.16216748537669626f,1.9145924958749487f,-1.2246467991473532e-16f,-0.16216748537669626f,-0.9867632475353948f,-0.1775689437856249f,0f,0f,0f,1f],start_interpolation:0}
execute if entity @s[tag=aj.labyria.bone.ribbon_left] run data modify entity @s {} merge value {transformation:[-1f,1.985978918923462e-17f,1.2084364526104686e-16f,0.3f,0f,0.9867632475353948f,-0.16216748537669626f,2.030863073242081f,-1.2246467991473532e-16f,-0.16216748537669626f,-0.9867632475353948f,-0.12938013764206216f,0f,0f,0f,1f],start_interpolation:0}
execute if entity @s[tag=aj.labyria.bone.ribbon_right_himo_1] run data modify entity @s {} merge value {transformation:[-1f,1.985978918923462e-17f,1.2084364526104686e-16f,-0.30053125f,0f,0.9867632475353948f,-0.16216748537669626f,1.9361303650265413f,-1.2246467991473532e-16f,-0.16216748537669626f,-0.9867632475353948f,-0.04651444997233037f,0f,0f,0f,1f],start_interpolation:0}
execute if entity @s[tag=aj.labyria.bone.ribbon_right_himo_2] run data modify entity @s {} merge value {transformation:[-1f,1.985978918923462e-17f,1.2084364526104686e-16f,-0.30053125f,0f,0.9867632475353948f,-0.16216748537669626f,1.9145924958749487f,-1.2246467991473532e-16f,-0.16216748537669626f,-0.9867632475353948f,-0.177568943785625f,0f,0f,0f,1f],start_interpolation:0}
execute if entity @s[tag=aj.labyria.bone.ribbon_right] run data modify entity @s {} merge value {transformation:[-1f,1.985978918923462e-17f,1.2084364526104686e-16f,-0.3f,0f,0.9867632475353948f,-0.16216748537669626f,2.030863073242081f,-1.2246467991473532e-16f,-0.16216748537669626f,-0.9867632475353948f,-0.12938013764206224f,0f,0f,0f,1f],start_interpolation:0}
execute if entity @s[tag=aj.labyria.bone.crown] run data modify entity @s {} merge value {transformation:[-0.9762960071199334f,0.2164396139381029f,1.2084364526104686e-16f,0.16875f,0.2135746563448695f,0.9633730185415044f,-0.16216748537669626f,2.312835359940591f,-0.0350994679282452f,-0.1583234684579487f,-0.9867632475353948f,-0.1586676711532629f,0f,0f,0f,1f],start_interpolation:0}
execute if entity @s[tag=aj.labyria.bone.ear_edge_a1] run data modify entity @s {} merge value {transformation:[-0.9702957262759964f,0.2419218955996677f,1.2084364526104686e-16f,0.20400449188150194f,0.23871963535184682f,0.9574521619298166f,-0.16216748537669626f,2.3001604211034192f,-0.03923186546696187f,-0.15735041800193347f,-0.9867632475353948f,-0.173637231560348f,0f,0f,0f,1f],start_interpolation:0}
execute if entity @s[tag=aj.labyria.bone.ear_edge_a2] run data modify entity @s {} merge value {transformation:[-0.9961946980917455f,0.08715574274765817f,1.2084364526104686e-16f,0.09013609543946538f,0.08600208375503861f,0.9830083154665529f,-0.16216748537669626f,2.319972723196417f,-0.01413382763752608f,-0.16155038913513545f,-0.9867632475353948f,-0.17689324177147986f,0f,0f,0f,1f],start_interpolation:0}
execute if entity @s[tag=aj.labyria.bone.ear_edge_b1] run data modify entity @s {} merge value {transformation:[-0.9455185755993167f,0.3255681544571567f,1.2084364526104686e-16f,0.06750812473190501f,0.3212586893862489f,0.9330029802634225f,-0.16216748537669626f,2.31764742096186f,-0.05279656892704906f,-0.15333236978189685f,-0.9867632475353948f,-0.17651109497278147f,0f,0f,0f,1f],start_interpolation:0}
execute if entity @s[tag=aj.labyria.bone.ear_edge_b2] run data modify entity @s {} merge value {transformation:[-0.9998476951563913f,0.017452406437283546f,1.2084364526104686e-16f,0.09737644500620996f,0.017221393253361528f,0.9866129587133001f,-0.16216748537669626f,2.3249753635516486f,-0.0028302128657064565f,-0.16214278648319752f,-0.9867632475353948f,-0.1777153899500609f,0f,0f,0f,1f],start_interpolation:0}
execute if entity @s[tag=aj.labyria.bone.ear_right_2] run data modify entity @s {} merge value {transformation:[-0.984807753012208f,0.17364817766693036f,1.2084364526104686e-16f,0.16407083997505928f,0.1713496397232234f,0.9717720965603613f,-0.16216748537669626f,2.417895454520823f,-0.028160088312492f,-0.15970379688546432f,-0.9867632475353948f,-0.2246553399422533f,0f,0f,0f,1f],start_interpolation:0}
execute if entity @s[tag=aj.labyria.bone.ear_right_1] run data modify entity @s {} merge value {transformation:[-0.984807753012208f,0.17364817766693036f,1.2084364526104686e-16f,0.125f,0.1713496397232234f,0.9717720965603613f,-0.16216748537669626f,2.199246732794742f,-0.028160088312492f,-0.15970379688546432f,-0.9867632475353948f,-0.1887219856430239f,0f,0f,0f,1f],start_interpolation:0}
execute if entity @s[tag=aj.labyria.bone.ear_edge_a3] run data modify entity @s {} merge value {transformation:[-0.9702957262759964f,-0.24192189559966765f,1.2084364526104686e-16f,-0.2040044918815019f,-0.23871963535184682f,0.9574521619298166f,-0.16216748537669626f,2.3001604211034192f,0.039231865466961634f,-0.15735041800193356f,-0.9867632475353948f,-0.173637231560348f,0f,0f,0f,1f],start_interpolation:0}
execute if entity @s[tag=aj.labyria.bone.ear_edge_a4] run data modify entity @s {} merge value {transformation:[-0.9961946980917455f,-0.08715574274765814f,1.2084364526104686e-16f,-0.09013609543946535f,-0.08600208375503861f,0.9830083154665529f,-0.16216748537669626f,2.319972723196417f,0.014133827637525832f,-0.1615503891351355f,-0.9867632475353948f,-0.17689324177147986f,0f,0f,0f,1f],start_interpolation:0}
execute if entity @s[tag=aj.labyria.bone.ear_edge_b3] run data modify entity @s {} merge value {transformation:[-0.9455185755993168f,-0.3255681544571566f,1.2084364526104686e-16f,-0.06750812473190496f,-0.3212586893862489f,0.9330029802634225f,-0.16216748537669626f,2.31764742096186f,0.05279656892704883f,-0.15333236978189693f,-0.9867632475353948f,-0.17651109497278145f,0f,0f,0f,1f],start_interpolation:0}
execute if entity @s[tag=aj.labyria.bone.ear_edge_b4] run data modify entity @s {} merge value {transformation:[-0.9998476951563912f,-0.01745240643728349f,1.2084364526104686e-16f,-0.0973764450062099f,-0.017221393253361528f,0.9866129587133001f,-0.16216748537669626f,2.3249753635516486f,0.00283021286570621f,-0.16214278648319755f,-0.9867632475353948f,-0.17771538995006086f,0f,0f,0f,1f],start_interpolation:0}
execute if entity @s[tag=aj.labyria.bone.ear_left_2] run data modify entity @s {} merge value {transformation:[-0.984807753012208f,-0.1736481776669303f,1.2084364526104686e-16f,-0.16407083997505922f,-0.1713496397232234f,0.9717720965603613f,-0.16216748537669626f,2.417895454520823f,0.028160088312491758f,-0.15970379688546438f,-0.9867632475353948f,-0.2246553399422533f,0f,0f,0f,1f],start_interpolation:0}
execute if entity @s[tag=aj.labyria.bone.ear_left_1] run data modify entity @s {} merge value {transformation:[-0.984807753012208f,-0.1736481776669303f,1.2084364526104686e-16f,-0.12499999999999997f,-0.1713496397232234f,0.9717720965603613f,-0.16216748537669626f,2.199246732794742f,0.028160088312491758f,-0.15970379688546438f,-0.9867632475353948f,-0.1887219856430239f,0f,0f,0f,1f],start_interpolation:0}
execute if entity @s[tag=aj.labyria.bone.head] run data modify entity @s {} merge value {transformation:[-1f,1.985978918923462e-17f,1.2084364526104686e-16f,9.157271690755729e-18f,0f,0.9867632475353948f,-0.16216748537669626f,1.6985983023508737f,-1.2246467991473532e-16f,-0.16216748537669626f,-0.9867632475353948f,-0.07477479790198595f,0f,0f,0f,1f],start_interpolation:0}
execute if entity @s[tag=aj.labyria.bone.back_musket] run data modify entity @s {} merge value {transformation:[0.021455443264204826f,1.0190085757155662f,1.2664192935980836f,-0.09891062499999996f,-0.4528652222971782f,1.220130242311987f,-0.9740903052871533f,1.603438585456237f,-1.561124400876837f,-0.33994169358703924f,0.2999781501594934f,-0.2820023901533516f,0f,0f,0f,1f],start_interpolation:0}
execute if entity @s[tag=aj.labyria.bone.body_1] run data modify entity @s {} merge value {transformation:[-1f,2.4129847388487504e-17f,1.2006393418352939e-16f,1.0857892007291448e-19f,0f,0.980396423418757f,-0.19703515662873286f,1.3309496435688397f,-1.2246467991473532e-16f,-0.19703515662873286f,-0.980396423418757f,-0.0008866141662111178f,0f,0f,0f,1f],start_interpolation:0}
execute if entity @s[tag=aj.labyria.bone.belt2] run data modify entity @s {} merge value {transformation:[-0.9059847109425773f,-0.1924504113653527f,0.3770338747428422f,0.3315599662307205f,-0.11371203432584434f,0.9685862927381117f,0.221156430540283f,0.6100476678118125f,-0.4077514890074256f,0.15749105588936632f,-0.8994083002324803f,0.17980764712141425f,0f,0f,0f,1f],start_interpolation:0}
execute if entity @s[tag=aj.labyria.bone.leg_left_2] run data modify entity @s {} merge value {transformation:[-0.9510565162951535f,-0.30864326471888875f,-0.015193352368461449f,0.2271447338198734f,-0.30324554527607106f,0.9227070647235849f,0.23802061250951428f,0.7360361026560293f,-0.059444445348111885f,0.2309783709632829f,-0.9711412616424056f,0.05110521927973231f,0f,0f,0f,1f],start_interpolation:0}
execute if entity @s[tag=aj.labyria.bone.leg_left_1] run data modify entity @s {} merge value {transformation:[-0.9510565162951535f,-0.2861467823991161f,0.11666842647074298f,0.125f,-0.30324554527607106f,0.9368484554299427f,-0.17423292119673864f,1.0713682170112855f,-0.059444445348111885f,-0.20108453565891993f,-0.97776856537531f,-0.025311595361422197f,0f,0f,0f,1f],start_interpolation:0}
execute if entity @s[tag=aj.labyria.bone.belt] run data modify entity @s {} merge value {transformation:[-0.852016346418106f,0.15756712437294612f,-0.49924016941065813f,-0.24081646662295847f,0.2756566017813297f,0.945751820118774f,-0.17195037841306282f,0.9281324846877432f,0.4450635722351488f,-0.28412338175318586f,-0.849230428452974f,0.17141618098772243f,0f,0f,0f,1f],start_interpolation:0}
execute if entity @s[tag=aj.labyria.bone.leg_right_2] run data modify entity @s {} merge value {transformation:[-0.9510565162951535f,0.30864326471888875f,0.015193352368461713f,-0.23193790695336203f,0.30324554527607106f,0.9227070647235848f,0.2380206125095142f,0.7517978211105563f,0.05944444534811166f,0.23097837096328294f,-0.9711412616424056f,0.05646369512698207f,0f,0f,0f,1f],start_interpolation:0}
execute if entity @s[tag=aj.labyria.bone.leg_right_1] run data modify entity @s {} merge value {transformation:[-0.9510565162951535f,0.2844516431214246f,-0.12074255893448664f,-0.125f,0.30324554527607106f,0.9342649814425161f,-0.1875928669231138f,1.1056414344489767f,0.05944444534811166f,-0.21502606161983345f,-0.9747974921703065f,-0.037699959517708256f,0f,0f,0f,1f],start_interpolation:0}
execute if entity @s[tag=aj.labyria.bone.skirt_forward_right] run data modify entity @s {} merge value {transformation:[-0.9718115683235417f,0.23575893550942728f,1.179586193496053e-16f,-0.0017045454545454503f,0.2270842380953181f,0.9360539785612632f,-0.2687669957943106f,1.269182054922442f,-0.0633642208285335f,-0.2611908756964757f,-0.9632052231854336f,-0.030480423164589675f,0f,0f,0f,1f],start_interpolation:0}
execute if entity @s[tag=aj.labyria.bone.skirt_forward_left] run data modify entity @s {} merge value {transformation:[-0.9718115683235417f,-0.23575893550942723f,1.179586193496053e-16f,-0.0017045454545454503f,-0.2270842380953181f,0.9360539785612632f,-0.2687669957943106f,1.269182054922442f,0.06336422082853325f,-0.2611908756964758f,-0.9632052231854336f,-0.030480423164589675f,0f,0f,0f,1f],start_interpolation:0}
execute if entity @s[tag=aj.labyria.bone.skirt_forward] run data modify entity @s {} merge value {transformation:[-1f,3.291446411159527e-17f,1.179586193496053e-16f,-0.0017045454545454503f,0f,0.9632052231854336f,-0.2687669957943106f,1.269182054922442f,-1.2246467991473532e-16f,-0.2687669957943106f,-0.9632052231854336f,-0.030480423164589675f,0f,0f,0f,1f],start_interpolation:0}
execute if entity @s[tag=aj.labyria.bone.skirt_back_right] run data modify entity @s {} merge value {transformation:[-0.9718115683235417f,0.2357589355094272f,1.1336440647441466e-16f,-0.0017045454545454514f,0.21823983709975947f,0.899596861108625f,0.37828145736498864f,1.2594053701915016f,0.08918323371132439f,0.3676182963495846f,-0.9256906281332983f,-0.022843494091212207f,0f,0f,0f,1f],start_interpolation:0}
execute if entity @s[tag=aj.labyria.bone.skirt_back_left] run data modify entity @s {} merge value {transformation:[-0.9718115683235417f,-0.2357589355094273f,1.1336440647441466e-16f,-0.0017045454545454514f,-0.21823983709975947f,0.899596861108625f,0.37828145736498864f,1.2594053701915016f,-0.08918323371132464f,0.3676182963495845f,-0.9256906281332983f,-0.022843494091212207f,0f,0f,0f,1f],start_interpolation:0}
execute if entity @s[tag=aj.labyria.bone.skirt_back] run data modify entity @s {} merge value {transformation:[-1f,-4.632611759388293e-17f,1.1336440647441466e-16f,-0.0017045454545454514f,0f,0.9256906281332983f,0.37828145736498864f,1.2594053701915016f,-1.2246467991473532e-16f,0.37828145736498864f,-0.9256906281332983f,-0.022843494091212207f,0f,0f,0f,1f],start_interpolation:0}
execute if entity @s[tag=aj.labyria.bone.skirt_right] run data modify entity @s {} merge value {transformation:[-0.9659258262890683f,0.25874574617542845f,-0.006159297354522026f,-0.19545454545454546f,0.253985133143567f,0.952194849294418f,0.16975429632037295f,1.3405055679818778f,0.04978805328414828f,0.16240568898071647f,-0.9854671693856035f,0.015345700136456013f,0f,0f,0f,1f],start_interpolation:0}
execute if entity @s[tag=aj.labyria.bone.skirt_left] run data modify entity @s {} merge value {transformation:[-0.9659258262890683f,-0.25874574617542845f,0.0061592973545222685f,0.19204545454545455f,-0.253985133143567f,0.952194849294418f,0.16975429632037295f,1.3405055679818778f,-0.049788053284148516f,0.16240568898071642f,-0.9854671693856035f,0.015345700136456062f,0f,0f,0f,1f],start_interpolation:0}
execute if entity @s[tag=aj.labyria.bone.coat_downer] run data modify entity @s {} merge value {transformation:[-1f,-1.2994274321296995e-17f,1.2177334134153278e-16f,5.4109949371858504e-18f,0f,0.9943547921434663f,0.10610630208109077f,1.1505398278704042f,-1.2246467991473532e-16f,0.10610630208109077f,-0.9943547921434663f,-0.04418412672905523f,0f,0f,0f,1f],start_interpolation:0}
execute if entity @s[tag=aj.labyria.bone.body_2] run data modify entity @s {} merge value {transformation:[-1f,-2.355807319591118e-17f,1.2017743138341187e-16f,0f,0f,0.981323198387356f,0.19236626603126084f,1.3759375f,-1.2246467991473532e-16f,0.19236626603126084f,-0.981323198387356f,0f,0f,0f,0f,1f],start_interpolation:0}
execute if entity @s[tag=aj.labyria.bone.sphere] run data modify entity @s {} merge value {transformation:[-0.8660254037844388f,0f,-0.49999999999999983f,0.5656250000000002f,0f,1f,0f,2.3446875f,0.49999999999999983f,0f,-0.8660254037844388f,-0.6028406249999999f,0f,0f,0f,1f],start_interpolation:0}