# This file was generated by Animated Java via MC-Build. It is not recommended to edit this file directly.
$data merge entity $(bone_wing_right_1) { transformation: [-0.19936884862640925f,0.0487058551044528f,-0.7904582508395801f,-0.12137784331202983f,-0.6245764263071005f,0.491501951070403f,0.18781523963694347f,1.1653320645121021f,0.48692996862308174f,0.6503829765737841f,-0.08273834591163602f,0.5729729652114478f,0f,0f,0f,1f], start_interpolation: 0, interpolation_duration: 1 }
$data merge entity $(bone_wing_right_2) { transformation: [-0.16217522435131274f,0.11881812043444373f,-0.7743264498020377f,-0.12137784331202983f,-0.3810060961022831f,0.6789586710630192f,0.18398227556272015f,1.1653320645121021f,0.6844951068776893f,0.40607558070482985f,-0.08104980823996999f,0.5729729652114478f,0f,0f,0f,1f], start_interpolation: 0, interpolation_duration: 1 }
$data merge entity $(bone_wing_left_1) { transformation: [-0.493210884406762f,0.17082634833006663f,-0.6280969882616527f,-0.19303377092701662f,-0.2849260576441529f,0.6518717780123767f,0.4010296387435571f,1.1578686379971839f,0.5852389337890165f,0.4613306712019501f,-0.3340865855288084f,0.5915714574438083f,0f,0f,0f,1f], start_interpolation: 0, interpolation_duration: 1 }
$data merge entity $(bone_wing_left_2) { transformation: [-0.5104063882114697f,-0.030289633262506832f,-0.6152786823787619f,-0.19303377092701662f,-0.5022346603183093f,0.483148909535861f,0.3928453604018519f,1.1578686379971839f,0.35671510319563837f,0.6369063269674209f,-0.3272684919465878f,0.5915714574438083f,0f,0f,0f,1f], start_interpolation: 0, interpolation_duration: 1 }
$data merge entity $(bone_blade) { transformation: [1.5412535826555303f,1.226726069756547f,-0.3459487588229632f,0.5590785842477445f,-1.0320717566645323f,1.519699751102061f,0.7907847719801623f,1.2306009729677199f,0.7479072690159376f,-0.430877959844766f,1.8041560078532928f,1.0855917001657183f,0f,0f,0f,1f], start_interpolation: 0, interpolation_duration: 1 }
$data merge entity $(bone_arm_right_2) { transformation: [0.7922688643900969f,0.1666980306876374f,-0.586959805338398f,0.3021001312105387f,0.6000729601177907f,-0.3871584697347963f,0.7000148297344015f,1.0187860847236356f,-0.1105553664617816f,-0.9068186620694758f,-0.4067645818763317f,1.147356163406573f,0f,0f,0f,1f], start_interpolation: 0, interpolation_duration: 1 }
$data merge entity $(bone_arm_right_1) { transformation: [0.9856549733189679f,0.1666980306876374f,-0.026382572589655373f,-0.035991865301203685f,0.09003898057109255f,-0.3871584697347963f,0.9176062888245313f,1.0067423713039847f,0.1427489248621626f,-0.9068186620694758f,-0.39661399190298674f,1.0903475832850473f,0f,0f,0f,1f], start_interpolation: 0, interpolation_duration: 1 }
$data merge entity $(bone_arm_left_2) { transformation: [-0.14832613366362496f,0.5757552289871675f,-0.8040555169677867f,0.4227941305655139f,0.3367122942463302f,0.7938731886768308f,0.5063498703499919f,1.2450257580772703f,0.9298517026793967f,-0.19563045926955053f,-0.31161600477223816f,0.38540715369176676f,0f,0f,0f,1f], start_interpolation: 0, interpolation_duration: 1 }
$data merge entity $(bone_arm_left_1) { transformation: [-0.29228846179854157f,0.5177472170211131f,-0.8040555169677867f,0.3265789930494134f,0.11976960041574379f,0.8539701702125193f,0.5063498703499919f,1.2864503442846535f,0.9488006628980059f,0.05169881675718396f,-0.31161600477223816f,0.7009803093867735f,0f,0f,0f,1f], start_interpolation: 0, interpolation_duration: 1 }
$data merge entity $(bone_ear_edge_a1) { transformation: [-0.7882874353147349f,0.07359540336679563f,-0.6108900358724115f,0.23100180797626574f,-0.07371489466043152f,0.9743752504018315f,0.21250643686620235f,1.79954615214316f,0.6108756286103736f,0.2125478487485733f,-0.7626626897667372f,0.9364568413829931f,0f,0f,0f,1f], start_interpolation: 0, interpolation_duration: 1 }
$data merge entity $(bone_ear_edge_a2) { transformation: [-0.7900951664531122f,-0.05062600141461597f,-0.6108900358724115f,0.139484509179787f,-0.22523321302935853f,0.9508475240746552f,0.21250643686620235f,1.783184716246972f,0.5701049269177566f,0.3054930341953232f,-0.7626626897667372f,1.0052029544470127f,0f,0f,0f,1f], start_interpolation: 0, interpolation_duration: 1 }
$data merge entity $(bone_ear_edge_b1) { transformation: [-0.7590675710076592f,0.2670688517729088f,-0.5937092310695805f,0.10608794153877917f,0.0012711552417262462f,0.9125854435475109f,0.40888408184905456f,1.7758693860977928f,0.6510106042215318f,0.30961595023172334f,-0.6930535019413893f,0.995795061243336f,0f,0f,0f,1f], start_interpolation: 0, interpolation_duration: 1 }
$data merge entity $(bone_ear_edge_b2) { transformation: [-0.804444973581201f,0.0194327924578106f,-0.5937092310695805f,0.13016186188129886f,-0.2807954703995136f,0.8683131413341454f,0.40888408184905456f,1.7911185555152844f,0.5234712869709826f,0.49563560723955263f,-0.6930535019413893f,0.9841685907376906f,0f,0f,0f,1f], start_interpolation: 0, interpolation_duration: 1 }
$data merge entity $(bone_ear_right_2) { transformation: [-0.7915009625641404f,0.14503646163226247f,-0.5937092310695805f,0.16581013927560373f,-0.14150431045351725f,0.9015488548789412f,0.40888408184905456f,1.9093572041130438f,0.5945609778509803f,0.40764455971307034f,-0.6930535019413893f,0.9782977451559823f,0f,0f,0f,1f], start_interpolation: 0, interpolation_duration: 1 }
$data merge entity $(bone_ear_right_1) { transformation: [-0.7915009625641404f,0.018427976878729976f,-0.6108900358724115f,0.16166384447788948f,-0.14150431045351725f,0.9668596301498502f,0.21250643686620235f,1.6918137873293277f,0.5945609778509803f,0.25464262261972487f,-0.7626626897667372f,0.9210031550665443f,0f,0f,0f,1f], start_interpolation: 0, interpolation_duration: 1 }
$data merge entity $(bone_ear_edge_a3) { transformation: [-0.7569756917013233f,-0.23565739624441134f,-0.6094697644416887f,-0.08237485390598515f,-0.37529799290202026f,0.9203206993206862f,0.11027795303503823f,1.716067033526457f,0.5349198245503883f,0.3122105091075369f,-0.7851021457783658f,1.1536592589199595f,0f,0f,0f,1f], start_interpolation: 0, interpolation_duration: 1 }
$data merge entity $(bone_ear_edge_a4) { transformation: [-0.7845210035216048f,-0.11433897526585825f,-0.6094697644416887f,0.006837969655311249f,-0.2267075755743994f,0.9676995650777053f,0.11027795303503823f,1.7519322272412983f,0.577174557833791f,0.2246867830638321f,-0.7851021457783658f,1.0894416552818766f,0f,0f,0f,1f], start_interpolation: 0, interpolation_duration: 1 }
$data merge entity $(bone_ear_edge_b3) { transformation: [-0.7799485971259378f,-0.007825834865727133f,-0.6257946485468981f,-0.010777870853506871f,-0.4301492694699345f,0.7330095640119787f,0.5269426771874246f,1.7584399670634274f,0.45458969611701855f,0.6801733127487605f,-0.5750760582815231f,1.0292174460661785f,0f,0f,0f,1f], start_interpolation: 0, interpolation_duration: 1 }
$data merge entity $(bone_ear_edge_b4) { transformation: [-0.7441935116405684f,0.23357456000631446f,-0.6257946485468981f,-0.031049770449219194f,-0.1825838533899089f,0.8300569567444402f,0.5269426771874246f,1.7596069406593862f,0.6425256054923972f,0.5064073197318683f,-0.5750760582815231f,1.0523465161816778f,0f,0f,0f,1f], start_interpolation: 0, interpolation_duration: 1 }
$data merge entity $(bone_ear_left_2) { transformation: [-0.7715703659355363f,0.11428135569797301f,-0.6257946485468981f,-0.0754792695368465f,-0.3101854591553836f,0.7912751707763319f,0.5269426771874246f,1.8475950129473155f,0.5553954909239599f,0.6006857546610539f,-0.5750760582815231f,1.1269773628680624f,0f,0f,0f,1f], start_interpolation: 0, interpolation_duration: 1 }
$data merge entity $(bone_ear_left_1) { transformation: [-0.7715703659355363f,-0.18227939170815483f,-0.6094697644416887f,-0.03446640640251172f,-0.3101854591553836f,0.9442583089403903f,0.11027795303503823f,1.635136893435728f,0.5553954909239599f,0.274135859302535f,-0.7851021457783658f,1.065296794524992f,0f,0f,0f,1f], start_interpolation: 0, interpolation_duration: 1 }
$data merge entity $(bone_head) { transformation: [-0.7845210035216048f,-0.11433897526585823f,-0.6094697644416887f,0.141243374000244f,-0.2267075755743994f,0.9676995650777052f,0.11027795303503823f,1.164083127247859f,0.5771745578337909f,0.2246867830638321f,-0.7851021457783658f,0.9025324405311281f,0f,0f,0f,1f], start_interpolation: 0, interpolation_duration: 1 }
$data merge entity $(bone_body_1) { transformation: [-0.6310794941862852f,0.10112564200589927f,-0.7690983529734523f,0.10332125824803179f,-0.48219641256430534f,0.7254997840123001f,0.49105670050231487f,0.8920207082432464f,0.6076391130660506f,0.6807522808827016f,-0.4090856149332347f,0.6472503352001151f,0f,0f,0f,1f], start_interpolation: 0, interpolation_duration: 1 }
$data merge entity $(bone_leg_left_2) { transformation: [-0.9960292034737077f,-0.0393533264525809f,-0.07985700673483855f,0.2675967210890195f,-0.02851661356146619f,0.9907636397768105f,-0.13256776699934686f,0.42156783754471444f,0.08433640126610484f,-0.12976411596941462f,-0.9879517425604144f,0.8737789374210445f,0f,0f,0f,1f], start_interpolation: 0, interpolation_duration: 1 }
$data merge entity $(bone_leg_left_1) { transformation: [-0.9960292034737077f,-0.08378175216121742f,-0.03010720565459029f,0.2391878879034498f,-0.02851661356146619f,0.6206064098206918f,-0.783603526562035f,0.6030635933846084f,0.08433640126610484f,-0.7796334408517045f,-0.6205312798942652f,0.5996341694440865f,0f,0f,0f,1f], start_interpolation: 0, interpolation_duration: 1 }
$data merge entity $(bone_leg_right_2) { transformation: [-0.9848294287533524f,0.11097963499222162f,-0.1333960901913499f,-0.02710250574288908f,-0.07946706687655283f,0.39494461068771114f,0.9152615690450299f,0.3224153088015717f,0.15425946176291094f,0.9119771242228204f,-0.38013384925693144f,0.26219676585076923f,0f,0f,0f,1f], start_interpolation: 0, interpolation_duration: 1 }
$data merge entity $(bone_leg_right_1) { transformation: [-0.9848294287533524f,0.047127863514111565f,-0.16700287644810424f,-0.009158727409882828f,-0.07946706687655283f,0.7330702732438491f,0.6754946038039282f,0.6158496934660891f,0.15425946176291094f,0.678518193541473f,-0.7182040653531789f,0.5279174572556578f,0f,0f,0f,1f], start_interpolation: 0, interpolation_duration: 1 }
$data merge entity $(bone_coat_downer) { transformation: [-0.9848294287533524f,0.005326312115338444f,-0.1734434393702901f,0.10726416018462906f,-0.07946706687655283f,0.8747118882080765f,0.4780837770825308f,0.7015328134703726f,0.15425946176291094f,0.48461401447617214f,-0.8610187427866512f,0.5556510695877579f,0f,0f,0f,1f], start_interpolation: 0, interpolation_duration: 1 }
$data merge entity $(bone_body_2) { transformation: [-0.9848294287533524f,0.011376156210283782f,-0.17315189670120487f,0.11749999999999991f,-0.07946706687655283f,0.8574941541578934f,0.5083195460210795f,0.8937499999999999f,0.15425946176291094f,0.5143679214870599f,-0.8435814482322965f,0.669375f,0f,0f,0f,1f], start_interpolation: 0, interpolation_duration: 1 }