# This file was generated by Animated Java via MC-Build. It is not recommended to edit this file directly.
$data merge entity $(bone_wing_right_1) { transformation: [-0.2991127167495171f,-0.1573005555678906f,-0.7434598592669281f,-0.27429820370036107f,-0.1695860784613555f,0.7926468262440338f,-0.09947871773301113f,1.202671029774189f,0.7407540679032864f,0.11794909286526147f,-0.32297966936239164f,-0.41571268281529705f,0f,0f,0f,1f], start_interpolation: 0, interpolation_duration: 1 }
$data merge entity $(bone_wing_right_2) { transformation: [-0.32967226132543415f,-0.03023146053754419f,-0.7282872090778072f,-0.27429820370036107f,0.14366272773655075f,0.7809384116217013f,-0.09744853982009255f,1.202671029774189f,0.7146168349345461f,-0.17094225939638621f,-0.3163882475386694f,-0.41571268281529705f,0f,0f,0f,1f], start_interpolation: 0, interpolation_duration: 1 }
$data merge entity $(bone_wing_left_1) { transformation: [-0.7750443133287519f,0.03210231035258235f,-0.2553824553316741f,-0.3566301910207958f,0.048343087629823756f,0.8140252367494218f,-0.044388109420288056f,1.1922039284841168f,0.25281159526339597f,-0.05724334065652331f,-0.7744378230014999f,-0.41580466619223433f,0f,0f,0f,1f], start_interpolation: 0, interpolation_duration: 1 }
$data merge entity $(bone_wing_left_2) { transformation: [-0.7134686695702277f,-0.26149023730150023f,-0.25017056848817054f,-0.3566301910207958f,-0.2614048480961435f,0.7548356119697169f,-0.04348222963620055f,1.1922039284841168f,0.2502597908844356f,0.04296573865661109f,-0.7586329694708571f,-0.41580466619223433f,0f,0f,0f,1f], start_interpolation: 0, interpolation_duration: 1 }
$data merge entity $(bone_blade) { transformation: [1.0805554514426954f,1.3564168523828792f,-0.9962596242592565f,-0.1377053357188182f,-0.3248390413377905f,-0.9935704137562779f,-1.7050798896623365f,1.1661650536561334f,-1.6513265920405384f,1.0830286955939357f,-0.3164953884970216f,0.6422107375715291f,0f,0f,0f,1f], start_interpolation: 0, interpolation_duration: 1 }
$data merge entity $(bone_arm_right_2) { transformation: [0.5735602352215183f,0.4910234059244588f,-0.655686412400761f,-0.4053837818568402f,-0.46137972935469096f,0.8550389841826506f,0.23672152599308222f,1.3521903676904266f,0.6768732539502715f,0.1667463653644223f,0.7169646070236143f,0.3787633529267079f,0f,0f,0f,1f], start_interpolation: 0, interpolation_duration: 1 }
$data merge entity $(bone_arm_right_1) { transformation: [0.1460424653290679f,0.4910234059244588f,-0.8588175668644373f,-0.4395768530014326f,-0.26949645158626656f,0.8550389841826506f,0.4430349851990387f,1.4367168374200645f,0.951863047346108f,0.1667463653644223f,0.2572010667449407f,0.04601949706825598f,0f,0f,0f,1f], start_interpolation: 0, interpolation_duration: 1 }
$data merge entity $(bone_arm_left_2) { transformation: [-0.4518671885635166f,0.8824799938406975f,0.1305569008923928f,0.35217411357276085f,0.6289902901556337f,0.41895271085090136f,-0.6548662771594005f,1.362475447803569f,-0.6326035557832687f,-0.2137935605709485f,-0.7443823309756629f,-0.12043343094586373f,0f,0f,0f,1f], start_interpolation: 0, interpolation_duration: 1 }
$data merge entity $(bone_arm_left_1) { transformation: [-0.8418308626946212f,0.5237133703126207f,0.1305569008923928f,0.07324731429613549f,0.3233807625860896f,0.68306298496451f,-0.6548662771594005f,1.4712802944602523f,-0.43214081154650186f,-0.5090670528792545f,-0.7443823309756629f,-0.2650747515092242f,0f,0f,0f,1f], start_interpolation: 0, interpolation_duration: 1 }
$data merge entity $(bone_ear_edge_a1) { transformation: [-0.9486457561593322f,0.31487790458574766f,-0.03038312894647159f,0.08595857064306822f,0.21518788672777878f,0.7127253551493201f,0.6676202075528483f,1.998626686598302f,0.23187367838226425f,0.6267969953110532f,-0.7438817943346334f,0.08191275400495297f,0f,0f,0f,1f], start_interpolation: 0, interpolation_duration: 1 }
$data merge entity $(bone_ear_edge_a2) { transformation: [-0.9862241092704909f,0.16260034369290077f,-0.03038312894647159f,-0.026001079285737118f,0.10104375710494186f,0.7376133252709101f,0.6676202075528483f,2.0176986247737005f,0.13096627597876054f,0.6553531190234325f,-0.7438817943346334f,0.10360235029103328f,0f,0f,0f,1f], start_interpolation: 0, interpolation_duration: 1 }
$data merge entity $(bone_ear_edge_b1) { transformation: [-0.9174812246691633f,0.39706190527313334f,0.023875631100394448f,-0.050514482628909f,0.2512538345664713f,0.5319415423062523f,0.8086468365018749f,2.0320210167274064f,0.3083824135634473f,0.7479171337452531f,-0.5878097039476875f,0.08108598118537838f,0f,0f,0f,1f], start_interpolation: 0, interpolation_duration: 1 }
$data merge entity $(bone_ear_edge_b2) { transformation: [-0.9952753738483593f,0.09411102193987181f,0.023875631100394448f,-0.020172957645758445f,0.07457762002193498f,0.5835481748813667f,0.8086468365018749f,2.03444061186086f,0.06216999921885984f,0.8066068702546855f,-0.5878097039476875f,0.08564701682292955f,0f,0f,0f,1f], start_interpolation: 0, interpolation_duration: 1 }
$data merge entity $(bone_ear_right_2) { transformation: [-0.968299675059938f,0.24864772976718844f,0.023875631100394448f,0.05467101678013086f,0.16494649232776937f,0.5646972184137933f,0.8086468365018749f,2.113484988043426f,0.1875856976093433f,0.7869506706251339f,-0.5878097039476875f,0.14426451094623577f,0f,0f,0f,1f], start_interpolation: 0, interpolation_duration: 1 }
$data merge entity $(bone_ear_right_1) { transformation: [-0.968299675059938f,0.24793669505388058f,-0.03038312894647159f,-0.0011147396069921822f,0.16494649232776937f,0.7259999401762075f,0.6676202075528483f,1.9501350015037793f,0.1875856976093433f,0.6414448394912085f,-0.7438817943346334f,-0.00006057793928589128f,0f,0f,0f,1f], start_interpolation: 0, interpolation_duration: 1 }
$data merge entity $(bone_ear_edge_a3) { transformation: [-0.9946682447341537f,0.011866208900120245f,-0.10244157361060285f,-0.29534468331757535f,-0.05345067824394565f,0.7901973290014911f,0.6105171629316999f,2.038714232877581f,0.0881935820382642f,0.6127376064232128f,-0.7853499333176338f,0.13856981051431272f,0f,0f,0f,1f], start_interpolation: 0, interpolation_duration: 1 }
$data merge entity $(bone_ear_edge_a4) { transformation: [-0.9805659440428087f,0.1673205109352078f,-0.10244157361060285f,-0.18071203048722156f,0.07082148474012029f,0.788830216881322f,0.6105171629316999f,2.0385060033346583f,0.18296105236536117f,0.5913972738822422f,-0.7853499333176338f,0.12345517619743165f,0f,0f,0f,1f], start_interpolation: 0, interpolation_duration: 1 }
$data merge entity $(bone_ear_edge_b3) { transformation: [-0.9978079561990203f,-0.037678739783442425f,-0.05440216093379129f,-0.1656228248104682f,-0.06525485156255816f,0.4235151134602728f,0.9035356954865044f,2.0686603524391973f,-0.011003948994929097f,0.905105110602666f,-0.4250454703528237f,0.07013862161813547f,0f,0f,0f,1f], start_interpolation: 0, interpolation_duration: 1 }
$data merge entity $(bone_ear_edge_b4) { transformation: [-0.9606151296739425f,0.27250500459119803f,-0.05440216093379129f,-0.19202048429314456f,0.06881231563541444f,0.42295166650411886f,0.9035356954865044f,2.074067365961382f,0.2692274834752334f,0.8642065206153793f,-0.4250454703528237f,0.08501119381017998f,0f,0f,0f,1f], start_interpolation: 0, interpolation_duration: 1 }
$data merge entity $(bone_ear_left_2) { transformation: [-0.991417537992249f,0.11887670186845559f,-0.05440216093379129f,-0.22874019955196276f,0.001800904155005375f,0.4285090474260068f,0.9035356954865044f,2.1492582648025627f,0.13072116165951198f,0.8956831616296774f,-0.4250454703528237f,0.17602567493278282f,0f,0f,0f,1f], start_interpolation: 0, interpolation_duration: 1 }
$data merge entity $(bone_ear_left_1) { transformation: [-0.991417537992249f,0.08122185270954632f,-0.10244157361060285f,-0.24701511641161064f,0.001800904155005375f,0.7920009788567519f,0.6105171629316999f,1.9710580445597936f,0.13072116165951198f,0.6050929351201978f,-0.7853499333176338f,0.039879764530738535f,0f,0f,0f,1f], start_interpolation: 0, interpolation_duration: 1 }
$data merge entity $(bone_head) { transformation: [-0.9836015072184738f,0.1326238650690188f,-0.12222514230591602f,-0.18821512316011368f,0.08369217222405753f,0.9359428479952207f,0.34206228321025717f,1.4702363670839151f,0.1597613698800977f,0.3262236896682246f,-0.9316943753148264f,-0.11816459843065054f,0f,0f,0f,1f], start_interpolation: 0, interpolation_duration: 1 }
$data merge entity $(bone_body_1) { transformation: [-0.8635618923114359f,-0.1260862389744832f,-0.48822445502940715f,-0.14093278354468247f,-0.10216882608843064f,0.9919016980018046f,-0.07544900580424493f,1.0982732303332383f,0.4937837473258957f,-0.015273566787312037f,-0.869450590335293f,-0.11243701088540853f,0f,0f,0f,1f], start_interpolation: 0, interpolation_duration: 1 }
$data merge entity $(bone_leg_left_2) { transformation: [-0.820351542489076f,0.17195553434701608f,-0.5453940235675725f,0.05905061009370828f,0f,0.9537202308829106f,0.3006953960483063f,0.4249131285104233f,0.5718595515821989f,0.24667593196759166f,-0.7823858625078335f,-0.04306210762692649f,0f,0f,0f,1f], start_interpolation: 0, interpolation_duration: 1 }
$data merge entity $(bone_leg_left_1) { transformation: [-0.820351542489076f,-0.0894708654479038f,-0.5648170597386349f,0.01871795333923995f,0f,0.9876849274894876f,-0.15645601301990894f,0.7749755481292024f,0.5718595515821989f,-0.1283489316125733f,-0.8102488537592124f,-0.10092064490179904f,0f,0f,0f,1f], start_interpolation: 0, interpolation_duration: 1 }
$data merge entity $(bone_leg_right_2) { transformation: [-0.9085807206504818f,0.009625756576300222f,-0.4175983942409083f,-0.055697174057906446f,0.0972420866610402f,0.9771409557097028f,-0.18904901284200365f,0.8288319542151044f,0.40623275427279115f,-0.21237442756853545f,-0.8887474623709929f,0.3463342466526629f,0f,0f,0f,1f], start_interpolation: 0, interpolation_duration: 1 }
$data merge entity $(bone_leg_right_1) { transformation: [-0.9085807206504818f,-0.4137263981749667f,-0.05754599478174037f,-0.2002528794198978f,0.0972420866610402f,-0.07551881961797871f,-0.9923914975781052f,0.8325586099633315f,0.40623275427279115f,-0.9072636746484875f,0.10884656181646693f,0.022128693683584902f,0f,0f,0f,1f], start_interpolation: 0, interpolation_duration: 1 }
$data merge entity $(bone_coat_downer) { transformation: [-0.820351542489076f,-0.21652228139446233f,-0.5292839015080005f,-0.11263325872305227f,0f,0.9255487646286547f,-0.37862842510087813f,0.8887341062839816f,0.5718595515821989f,-0.31060841256171506f,-0.7592753567119755f,-0.05710161537338003f,0f,0f,0f,1f], start_interpolation: 0, interpolation_duration: 1 }
$data merge entity $(bone_body_2) { transformation: [-0.820351542489076f,-0.1861674624453969f,-0.5407078903275181f,-0.14782105468749973f,0f,0.9455256781695933f,-0.3255475263643249f,1.1f,0.5718595515821989f,-0.2670634154064771f,-0.7756634485494556f,-0.12124125000000067f,0f,0f,0f,1f], start_interpolation: 0, interpolation_duration: 1 }