# This file was generated by Animated Java via MC-Build. It is not recommended to edit this file directly.
$data merge entity $(bone_wing_right_1) { transformation: [0.024172171948505086f,-0.6996567761920166f,0.4205241325730674f,-0.1072200143147638f,0.787803073957766f,-0.09021290429361539f,-0.19537756525776098f,1.700592683162879f,0.2138374784981144f,0.4114443727552364f,0.6722585108141536f,0.05477182801995431f,0f,0f,0f,1f], start_interpolation: 0, interpolation_duration: 1 }
$data merge entity $(bone_wing_right_2) { transformation: [-0.2954689643435632f,-0.6188714516228282f,0.41194200741851505f,-0.1072200143147638f,0.6437232759753408f,-0.4347299268276267f,-0.19139026800760262f,1.700592683162879f,0.37191186466327963f,0.2607834678170766f,0.6585389493689668f,0.05477182801995431f,0f,0f,0f,1f], start_interpolation: 0, interpolation_duration: 1 }
$data merge entity $(bone_wing_left_1) { transformation: [0.15147099122583244f,-0.7306274048366319f,0.33194062505694727f,-0.09857851380174264f,0.25986251944056327f,-0.2749446151696851f,-0.7237550511213319f,1.752136976713549f,0.7592578312085503f,0.23986141485309156f,0.18148964669535955f,0.10264732437333149f,0f,0f,0f,1f], start_interpolation: 0, interpolation_duration: 1 }
$data merge entity $(bone_wing_left_2) { transformation: [0.46209560924511006f,-0.566334272290402f,0.3251663265863973f,-0.09857851380174264f,0.3501611408834038f,-0.12135937390636978f,-0.7089845398739578f,1.752136976713549f,0.5512302815807781f,0.5518490684909735f,0.17778577635463794f,0.10264732437333149f,0f,0f,0f,1f], start_interpolation: 0, interpolation_duration: 1 }
$data merge entity $(bone_blade) { transformation: [0.1658046241865623f,-0.5626193422304195f,1.9120586555716759f,-0.636920499929253f,-1.7636967730507553f,-0.9351133570737805f,-0.12221580156657326f,2.281993059279877f,0.9283762811105795f,-1.676013867833562f,-0.5736680185445908f,-0.44702302305709957f,0f,0f,0f,1f], start_interpolation: 0, interpolation_duration: 1 }
$data merge entity $(bone_arm_right_2) { transformation: [-0.2891769977552449f,-0.9560293277858377f,0.04883224736403835f,-0.5529507764498621f,-0.03356951463196478f,0.06110790078328649f,0.9975664951015724f,2.3235298373769906f,-0.9566868618605768f,0.2868340092722959f,-0.04976443979533057f,-0.10518143590950702f,0f,0f,0f,1f], start_interpolation: 0, interpolation_duration: 1 }
$data merge entity $(bone_arm_right_1) { transformation: [-0.30648193359892545f,-0.9282110474839642f,0.21093381830845948f,-0.4460426800121694f,0.5683539174315939f,-0.0006865432219793632f,0.8227839043142291f,2.117687460881995f,-0.7635722944932103f,0.37205346388271493f,0.5277627981349654f,0.16115651309506435f,0f,0f,0f,1f], start_interpolation: 0, interpolation_duration: 1 }
$data merge entity $(bone_arm_left_2) { transformation: [0.05757180517650223f,-0.9139476168606027f,-0.4017278194045618f,-0.6504338994803254f,-0.9399289037495254f,0.08600182501611298f,-0.33035941335175323f,1.927004782758981f,0.3364805241688372f,0.39661497668232737f,-0.8540945012856259f,-0.4315694724759013f,0f,0f,0f,1f], start_interpolation: 0, interpolation_duration: 1 }
$data merge entity $(bone_arm_left_1) { transformation: [0.2069239932585784f,-0.9139476168606027f,-0.3491163339758671f,-0.5689575771347601f,-0.7419580019743914f,0.08600182501611298f,-0.6649075194341452f,1.6348588194815643f,0.637715284684391f,0.39661497668232737f,-0.6603149066552896f,-0.18046907913142238f,0f,0f,0f,1f], start_interpolation: 0, interpolation_duration: 1 }
$data merge entity $(bone_ear_edge_a1) { transformation: [0.3724920542484584f,-0.8993824857733533f,0.22882485399516314f,-1.0987588375336035f,-0.3701075825517933f,-0.3700785420398283f,-0.8520928646921905f,1.672051378258276f,0.851040567105606f,0.2327080080397306f,-0.47071959395668833f,0.07390650456528701f,0f,0f,0f,1f], start_interpolation: 0, interpolation_duration: 1 }
$data merge entity $(bone_ear_edge_a2) { transformation: [0.5086004769740415f,-0.8300389996957193f,0.22882485399516314f,-1.048540306208674f,-0.30765790530538956f,-0.42341984276100886f,-0.8520928646921905f,1.6323468349323278f,0.8041592927554081f,0.3629750621466617f,-0.47071959395668833f,0.1701914409564225f,0f,0f,0f,1f], start_interpolation: 0, interpolation_duration: 1 }
$data merge entity $(bone_ear_edge_b1) { transformation: [0.28834702048098093f,-0.9558343992009892f,0.05689109845859283f,-1.0248393490705878f,-0.3741468843004099f,-0.16716182271990995f,-0.9121792773316297f,1.608296934246148f,0.8814023512267467f,0.24173854953035923f,-0.40582307588766f,0.17418146584661293f,0f,0f,0f,1f], start_interpolation: 0, interpolation_duration: 1 }
$data merge entity $(bone_ear_edge_b2) { transformation: [0.5696033859440023f,-0.8199484042531597f,0.05689109845859283f,-1.0482916559976718f,-0.30417898833428936f,-0.2745980864148095f,-0.9121792773316297f,1.61515938049893f,0.763562129611636f,0.5022753281816879f,-0.40582307588766f,0.15546885629514956f,0f,0f,0f,1f], start_interpolation: 0, interpolation_duration: 1 }
$data merge entity $(bone_ear_right_2) { transformation: [0.4343224330804694f,-0.8989590797356887f,0.05689109845859283f,-1.165874951369267f,-0.3433906449811738f,-0.2236332509850902f,-0.9121792773316297f,1.5788268756220978f,0.832734585004415f,0.3766440521428738f,-0.40582307588766f,0.14364674691563567f,0f,0f,0f,1f], start_interpolation: 0, interpolation_duration: 1 }
$data merge entity $(bone_ear_right_1) { transformation: [0.4343224330804694f,-0.8712079030387373f,0.22882485399516314f,-0.9698531731855515f,-0.3433906449811738f,-0.3949944491762777f,-0.8520928646921905f,1.6677006266867602f,0.832734585004415f,0.29150673200249716f,-0.47071959395668833f,0.07805773221507392f,0f,0f,0f,1f], start_interpolation: 0, interpolation_duration: 1 }
$data merge entity $(bone_ear_edge_a3) { transformation: [0.6587045123090041f,-0.7214732667655441f,0.21350571609774635f,-0.8924409051690733f,-0.22535019092352132f,-0.45991639231284315f,-0.8588912640914871f,1.5549780982480286f,0.7178618647863182f,0.5176419973539563f,-0.4655331413131797f,0.3886572230527542f,0f,0f,0f,1f], start_interpolation: 0, interpolation_duration: 1 }
$data merge entity $(bone_ear_edge_a4) { transformation: [0.5377314821777139f,-0.8156348216380587f,0.21350571609774635f,-0.962598976664784f,-0.2945225309207428f,-0.4190015217721395f,-0.8588912640914871f,1.5846802407867355f,0.7900008429457526f,0.39897062859825155f,-0.4655331413131797f,0.30168154623668625f,0f,0f,0f,1f], start_interpolation: 0, interpolation_duration: 1 }
$data merge entity $(bone_ear_edge_b3) { transformation: [0.7234052588615772f,-0.6886361611036896f,0.049649461948626045f,-0.9625953060640382f,-0.21385800879853908f,-0.29186875848876875f,-0.9322431978249829f,1.5724173628287643f,0.6564675037838043f,0.6637716967742738f,-0.3584097529884797f,0.2684103116542682f,0f,0f,0f,1f], start_interpolation: 0, interpolation_duration: 1 }
$data merge entity $(bone_ear_edge_b4) { transformation: [0.47519900864032116f,-0.8784764271825786f,0.049649461948626045f,-0.9554463719876252f,-0.2935834593299036f,-0.21149792556178432f,-0.9322431978249829f,1.5620072597645969f,0.8294544318979454f,0.4284247826253683f,-0.3584097529884797f,0.2964778751531632f,0f,0f,0f,1f], start_interpolation: 0, interpolation_duration: 1 }
$data merge entity $(bone_ear_left_2) { transformation: [0.6067725102331734f,-0.7933234219116096f,0.049649461948626045f,-1.0112740321088936f,-0.2568833949293563f,-0.25482060654236655f,-0.9322431978249829f,1.492560866550104f,0.7522220697605877f,0.5529054229502863f,-0.3584097529884797f,0.38218735751148925f,0f,0f,0f,1f], start_interpolation: 0, interpolation_duration: 1 }
$data merge entity $(bone_ear_left_1) { transformation: [0.6067725102331734f,-0.7656646981668428f,0.21350571609774635f,-0.8389994750213543f,-0.2568833949293563f,-0.4430764244200959f,-0.8588912640914871f,1.5922530620446254f,0.7522220697605877f,0.46630553514212225f,-0.4655331413131797f,0.2772686121045119f,0f,0f,0f,1f], start_interpolation: 0, interpolation_duration: 1 }
$data merge entity $(bone_head) { transformation: [0.5234147926567888f,-0.8248953048851956f,0.21350571609774635f,-0.4883395339778445f,-0.30179025856853936f,-0.41379757889632796f,-0.8588912640914871f,1.86888845555292f,0.7968435195577521f,0.38512244764217257f,-0.4655331413131797f,-0.005164171590783723f,0f,0f,0f,1f], start_interpolation: 0, interpolation_duration: 1 }
$data merge entity $(bone_body_1) { transformation: [0.12192244715396841f,-0.848846781123104f,0.5143870712381224f,-0.17002199105668053f,0.7272355532526722f,-0.27629747231421153f,-0.6283216985574016f,1.9725000076707493f,0.6754726989044548f,0.45068708542593394f,0.5836246945298058f,-0.17417182862550895f,0f,0f,0f,1f], start_interpolation: 0, interpolation_duration: 1 }
$data merge entity $(bone_leg_left_2) { transformation: [0.24817035798396958f,0.06590056738515015f,0.9664722389372722f,-0.26606803308663696f,0.5197125654992325f,-0.8510052994342884f,-0.07542433027189505f,2.1477842663803406f,0.8175024909321774f,0.5210058498261542f,-0.24544364275045383f,-0.4087494918359459f,0f,0f,0f,1f], start_interpolation: 0, interpolation_duration: 1 }
$data merge entity $(bone_leg_left_1) { transformation: [0.24817035798396958f,0.8538655069269039f,0.4575206765803814f,0.020983780634712262f,0.5197125654992325f,-0.5159288162525157f,0.680967184101029f,2.028699883046043f,0.8175024909321774f,0.0687833747408467f,-0.5718028722199162f,-0.42018444292331647f,0f,0f,0f,1f], start_interpolation: 0, interpolation_duration: 1 }
$data merge entity $(bone_leg_right_2) { transformation: [0.1097256243428659f,-0.6683737618802523f,-0.7356879785565401f,0.36049482570307567f,0.4416055735449002f,0.6958758673643541f,-0.5663402640056492f,2.311501321229232f,0.8904744829452714f,-0.26274187266202587f,0.37151299246917824f,-0.3249512432463623f,0f,0f,0f,1f], start_interpolation: 0, interpolation_duration: 1 }
$data merge entity $(bone_leg_right_1) { transformation: [0.1097256243428659f,-0.9330819376577759f,0.3425177148402385f,0.07758436989465364f,0.4416055735449002f,-0.26295630068922193f,-0.8578102944951874f,2.1594907869874804f,0.8904744829452714f,0.24538150204253395f,0.3832011399757337f,-0.2147052705255103f,0f,0f,0f,1f], start_interpolation: 0, interpolation_duration: 1 }
$data merge entity $(bone_coat_downer) { transformation: [0.24817035798396958f,-0.879456904498732f,0.40616133068968635f,0.003945762444424433f,0.5197125654992325f,-0.23295533963551893f,-0.821967553494362f,2.0751532688567242f,0.8175024909321774f,0.41507512918122236f,0.39925219405142554f,-0.28208281753366016f,0f,0f,0f,1f], start_interpolation: 0, interpolation_duration: 1 }
$data merge entity $(bone_body_2) { transformation: [0.24817035798396958f,-0.7707008626851067f,0.5868829982837642f,-0.17019654248352883f,0.5197125654992325f,-0.40533970787139173f,-0.7520628766831545f,1.9805249234612474f,0.8175024909321774f,0.491650182018849f,0.29994962217098764f,-0.17861646819923122f,0f,0f,0f,1f], start_interpolation: 0, interpolation_duration: 1 }