# This file was generated by Animated Java via MC-Build. It is not recommended to edit this file directly.
$data merge entity $(bone_wing_right_1) { transformation: [-0.1732158617119794f,-0.7679733328113272f,0.2171581676715922f,-0.27910090809271937f,-0.59338003700884f,0.27252898476697823f,0.4904819350248407f,0.8970399641957663f,-0.5337048260744964f,-0.05375273943704612f,-0.6158037398979069f,-0.132105263389936f,0f,0f,0f,1f], start_interpolation: 0, interpolation_duration: 1 }
$data merge entity $(bone_wing_right_2) { transformation: [-0.4969060441211085f,-0.589772732103192f,0.21272636833135566f,-0.27910090809271937f,-0.393157693800285f,0.5045528607550154f,0.48047209961617054f,0.8970399641957663f,-0.4883763007369957f,0.193893102433961f,-0.6032363166346844f,-0.132105263389936f,0f,0f,0f,1f], start_interpolation: 0, interpolation_duration: 1 }
$data merge entity $(bone_wing_left_1) { transformation: [0.15793463556481618f,-0.7652788403432746f,0.2373802684645586f,-0.28110231052882295f,0.6679541447163494f,0.25937955751588526f,0.39179580159000943f,0.9068070338928381f,-0.4425362763544965f,0.11838490659776148f,0.6760851295839753f,-0.25996485409356224f,0f,0f,0f,1f], start_interpolation: 0, interpolation_duration: 1 }
$data merge entity $(bone_wing_left_2) { transformation: [0.4824017165650805f,-0.5943195252068528f,0.2325357731897717f,-0.28110231052882295f,0.4639404487292159f,0.5267417240943033f,0.3837999689044991f,0.9068070338928381f,-0.4382326367216363f,-0.0965787660723712f,0.6622874738781799f,-0.25996485409356224f,0f,0f,0f,1f], start_interpolation: 0, interpolation_duration: 1 }
$data merge entity $(bone_blade) { transformation: [-0.7878648625734533f,0.4649181273833331f,1.7785162617059451f,-0.4449585207321008f,-1.4148877057811136f,1.0819819280339873f,-0.9096196388806216f,1.1114804303630996f,-1.17361055650994f,-1.6165290725001613f,-0.09732430020400094f,-1.07432439701978f,0f,0f,0f,1f], start_interpolation: 0, interpolation_duration: 1 }
$data merge entity $(bone_arm_right_2) { transformation: [0.23245906369166625f,-0.8892581308529727f,0.3939324312867264f,-0.550460407468027f,0.540990964016994f,0.4548098194403104f,0.7074438528905568f,0.920809380933153f,-0.8082645362500805f,0.0486621501020007f,0.5868052782549702f,-0.7857283620723163f,0f,0f,0f,1f], start_interpolation: 0, interpolation_duration: 1 }
$data merge entity $(bone_arm_right_1) { transformation: [0.23245906369166625f,-0.8892581308529727f,0.3939324312867264f,-0.635128339355135f,0.540990964016994f,0.4548098194403104f,0.7074438528905568f,0.7250492299347546f,-0.8082645362500805f,0.0486621501020007f,0.5868052782549702f,-0.5033324538095607f,0f,0f,0f,1f], start_interpolation: 0, interpolation_duration: 1 }
$data merge entity $(bone_arm_left_2) { transformation: [0.1945023960401363f,-0.9724241444501855f,0.12868605683978018f,-0.7185021039635471f,0.9494256996753461f,0.21960148255261477f,0.22442377248561063f,0.3357711463093497f,-0.2464947438194689f,0.07852688807675211f,0.9659574882562669f,0.32283167389977474f,0f,0f,0f,1f], start_interpolation: 0, interpolation_duration: 1 }
$data merge entity $(bone_arm_left_1) { transformation: [0.14074313646715936f,-0.971182074454022f,0.1923453867306658f,-0.6631922066950663f,0.79347009568618f,0.22684062114030257f,0.5647552920092437f,0.6479310185758866f,-0.5921119630518802f,0.07313488128016944f,0.8025301940431804f,0.08990268906766294f,0f,0f,0f,1f], start_interpolation: 0, interpolation_duration: 1 }
$data merge entity $(bone_ear_edge_a1) { transformation: [-0.2610634187278885f,-0.8591856870432357f,-0.44005209530480616f,-1.2088407541951542f,0.13073555493421127f,-0.4831295547867829f,0.8657332429608836f,0.6453566494478618f,-0.9564277840371174f,0.16848082523411384f,0.23845357084824945f,0.03476047143119859f,0f,0f,0f,1f], start_interpolation: 0, interpolation_duration: 1 }
$data merge entity $(bone_ear_edge_a2) { transformation: [-0.12344304151061f,-0.8894470017490979f,-0.44005209530480616f,-1.2320228402858682f,0.20470409675795093f,-0.4567298816619543f,0.8657332429608836f,0.6643328514493474f,-0.9710087786797406f,0.016788277952121344f,0.23845357084824945f,-0.0769160044582274f,0f,0f,0f,1f], start_interpolation: 0, interpolation_duration: 1 }
$data merge entity $(bone_ear_edge_b1) { transformation: [-0.2718799552121032f,-0.4349357684428142f,-0.8584358842004006f,-1.2670024310693302f,0.024430787388232122f,-0.894869937425335f,0.4456578639718676f,0.7336327329849648f,-0.9620210115072623f,0.10019317552326389f,0.25392302179422155f,-0.08052776276389154f,0f,0f,0f,1f], start_interpolation: 0, interpolation_duration: 1 }
$data merge entity $(bone_ear_edge_b2) { transformation: [-0.12417065914414871f,-0.49766402333781784f,-0.8584358842004006f,-1.2672649500478248f,0.2997650779634739f,-0.8435223567360763f,0.4456578639718676f,0.7180165152358283f,-0.9458977457639173f,-0.20199146903181664f,0.25392302179422155f,-0.05400738471233508f,0f,0f,0f,1f], start_interpolation: 0, interpolation_duration: 1 }
$data merge entity $(bone_ear_right_2) { transformation: [-0.20049371754130918f,-0.47211238274752143f,-0.8584358842004006f,-1.3360169488486904f,0.16411850379663273f,-0.8800307863885142f,0.4456578639718676f,0.6277404661960561f,-0.9658506022869274f,-0.05153361102107046f,0.25392302179422155f,-0.004925390438422196f,0f,0f,0f,1f], start_interpolation: 0, interpolation_duration: 1 }
$data merge entity $(bone_ear_right_1) { transformation: [-0.20049371754130918f,-0.8753036174061636f,-0.44005209530480616f,-1.1390736349323038f,0.16411850379663273f,-0.4728330241681369f,0.8657332429608836f,0.7341278966338867f,-0.9658506022869274f,0.10135338480632305f,0.23845357084824945f,-0.02772990201984485f,0f,0f,0f,1f], start_interpolation: 0, interpolation_duration: 1 }
$data merge entity $(bone_ear_edge_a3) { transformation: [0.07686062403159696f,-0.9965476864307107f,-0.031387149330123314f,-1.2712334086773047f,0.17519726460333104f,-0.017491432854640096f,0.9843779600601599f,0.7531388935525568f,-0.9815285848863414f,-0.08115884699950814f,0.1732480262650243f,-0.33969531180770746f,0f,0f,0f,1f], start_interpolation: 0, interpolation_duration: 1 }
$data merge entity $(bone_ear_edge_a4) { transformation: [-0.0799800620069932f,-0.9963021813377135f,-0.031387149330123314f,-1.2720610226990978f,0.17030403261146854f,-0.04468297465556462f,0.9843779600601599f,0.7330721340799558f,-0.9821403800667344f,0.0733852521808308f,0.1732480262650243f,-0.22582792910177313f,0f,0f,0f,1f], start_interpolation: 0, interpolation_duration: 1 }
$data merge entity $(bone_ear_edge_b3) { transformation: [0.159132595250229f,-0.9589681276918837f,-0.23464216841831775f,-1.2629616880304875f,0.20737475656712112f,-0.19990017539670119f,0.9576197732999748f,0.7546979035176432f,-0.9652318516644871f,-0.201047382344291f,0.16705514833387936f,-0.19973804580877713f,0f,0f,0f,1f], start_interpolation: 0, interpolation_duration: 1 }
$data merge entity $(bone_ear_edge_b4) { transformation: [-0.14499335685302717f,-0.9612075630520397f,-0.23464216841831775f,-1.2749110697758232f,0.13545256217216833f,-0.25419868840318494f,0.9576197732999748f,0.7567055117777826f,-0.9801171000801312f,0.1070656226137037f,0.16705514833387936f,-0.22803022511645948f,0f,0f,0f,1f], start_interpolation: 0, interpolation_duration: 1 }
$data merge entity $(bone_ear_left_2) { transformation: [0.00715774289118476f,-0.9720554611320559f,-0.23464216841831775f,-1.3882155004289225f,0.17355035219546922f,-0.22987963162867045f,0.9576197732999748f,0.7698943901684889f,-0.9847989855648372f,-0.047576627093703465f,0.16705514833387936f,-0.27571464618269637f,0f,0f,0f,1f], start_interpolation: 0, interpolation_duration: 1 }
$data merge entity $(bone_ear_left_1) { transformation: [0.00715774289118476f,-0.9994816724550942f,-0.031387149330123314f,-1.1633321241265266f,0.17355035219546922f,-0.02966996799166737f,0.9843779600601599f,0.776570132966614f,-0.9847989855648372f,-0.012493175166514176f,0.1732480262650243f,-0.27290368177023067f,0f,0f,0f,1f], start_interpolation: 0, interpolation_duration: 1 }
$data merge entity $(bone_head) { transformation: [-0.09703395677689151f,-0.9948613007558893f,-0.028903347393000822f,-0.6404332332859906f,0.1697689453309096f,-0.045159273761149865f,0.984448650359477f,0.747729122279106f,-0.9806951190015433f,0.09061805698460815f,0.17327853679807953f,-0.20217350037458945f,0f,0f,0f,1f], start_interpolation: 0, interpolation_duration: 1 }
$data merge entity $(bone_body_1) { transformation: [-0.015605755226246437f,-0.8892581308529726f,0.45713940665369923f,-0.3069614342161259f,0.0761578462285352f,0.4548098194403105f,0.8873263270063065f,0.5771754399889896f,-0.9969736420094814f,0.04866215010200109f,0.06062633327029651f,-0.22042180666283986f,0f,0f,0f,1f], start_interpolation: 0, interpolation_duration: 1 }
$data merge entity $(bone_leg_left_2) { transformation: [-0.2122973161285237f,0.6084182116368115f,0.764694141021945f,-0.45768630561604695f,-0.04214209352062131f,0.776103637407505f,-0.6291956674648511f,0.34776788108267204f,-0.9762960071199334f,-0.165802363528101f,-0.13912470208475064f,-0.036905537859972665f,0f,0f,0f,1f], start_interpolation: 0, interpolation_duration: 1 }
$data merge entity $(bone_leg_left_1) { transformation: [-0.2122973161285237f,0.9748330456838272f,0.06804691475312802f,-0.1439812197838777f,-0.04214209352062131f,0.06043631148645162f,-0.9972820544899081f,0.323400865485045f,-0.9762960071199334f,-0.2145879430366638f,0.028251038652918767f,-0.10406946176184405f,0f,0f,0f,1f], start_interpolation: 0, interpolation_duration: 1 }
$data merge entity $(bone_leg_right_2) { transformation: [-0.3214963888183958f,-0.9342608602433844f,-0.15426184555496025f,0.05886763976955961f,0.08949932394112083f,-0.1921623100044761f,0.9772735121898198f,0.06698316396573262f,-0.9426717047789295f,0.3003835741698191f,0.14539520410987303f,-0.4535893087464449f,0f,0f,0f,1f], start_interpolation: 0, interpolation_duration: 1 }
$data merge entity $(bone_leg_right_1) { transformation: [-0.3214963888183958f,-0.6320811152588992f,0.70506278848752f,-0.1147999547778959f,0.08949932394112083f,0.720975386495983f,0.6871567238127343f,0.3489649226225932f,-0.9426717047789295f,0.2840210481637484f,-0.17522015069378466f,-0.36758833846770517f,0f,0f,0f,1f], start_interpolation: 0, interpolation_duration: 1 }
$data merge entity $(bone_coat_downer) { transformation: [-0.2122973161285237f,-0.7881190626424097f,0.5777527089198935f,-0.1273506789611138f,-0.04214209352062131f,0.5980635029200875f,0.8003399842745917f,0.39751753184846284f,-0.9762960071199334f,0.1455623219607463f,-0.16018026378761893f,-0.2469221925429397f,0f,0f,0f,1f], start_interpolation: 0, interpolation_duration: 1 }
$data merge entity $(bone_body_2) { transformation: [-0.2122973161285237f,-0.6474260050513168f,0.7319627159547939f,-0.27035135418251327f,-0.04214209352062131f,0.7544057537975659f,0.6550541982086868f,0.5664093025682363f,-0.9762960071199334f,0.1082198069690514f,-0.18744220405569395f,-0.2151145168676678f,0f,0f,0f,1f], start_interpolation: 0, interpolation_duration: 1 }