# This file was generated by Animated Java via MC-Build. It is not recommended to edit this file directly.
$data merge entity $(bone_wing_right_1) { transformation: [-0.32648296252336456f,-0.6765570588160911f,0.32034959933255985f,-0.10663787798667454f,-0.40949908976824656f,0.45398120400936715f,0.5414388297209827f,1.15992762152215f,-0.6266289293556349f,0.05582165365491934f,-0.5207346467465799f,-0.10154996691279682f,0f,0f,0f,1f], start_interpolation: 0, interpolation_duration: 1 }
$data merge entity $(bone_wing_right_2) { transformation: [-0.5759540381814074f,-0.45803828135993424f,0.3138118524074056f,-0.10663787798667454f,-0.16814792324947753f,0.5748162518527054f,0.5303890576858606f,1.15992762152215f,-0.5291533065279074f,0.31589113538503255f,-0.5101074090578742f,-0.10154996691279682f,0f,0f,0f,1f], start_interpolation: 0, interpolation_duration: 1 }
$data merge entity $(bone_wing_left_1) { transformation: [-0.04271133477456255f,-0.6114581430787642f,0.5396657535816859f,-0.1272119776197541f,0.398207451284608f,0.4559722245304387f,0.5481465138470043f,1.1592983721082684f,-0.711723971823091f,0.29180937984217864f,0.27430041599117433f,-0.17613239176225776f,0f,0f,0f,1f], start_interpolation: 0, interpolation_duration: 1 }
$data merge entity $(bone_wing_left_2) { transformation: [0.22249523972094926f,-0.5576941409650827f,0.5286521667738964f,-0.1272119776197541f,0.15733754779057374f,0.5717683230312871f,0.5369598502991063f,1.1592983721082684f,-0.7521574066355833f,-0.04536771882305807f,0.2687024483178851f,-0.17613239176225776f,0f,0f,0f,1f], start_interpolation: 0, interpolation_duration: 1 }
$data merge entity $(bone_blade) { transformation: [-1.7277569056272812f,-0.49619308027759507f,0.876726013154551f,-0.7644267354414465f,-0.8594528584695642f,-0.18200313235684837f,-1.796723585830829f,1.045046767241719f,0.5255443455368324f,-1.9289031305114643f,-0.055998696211028216f,-1.0224593258148091f,0f,0f,0f,1f], start_interpolation: 0, interpolation_duration: 1 }
$data merge entity $(bone_arm_right_2) { transformation: [-0.299463136489621f,-0.3988733505218091f,0.8667305695124088f,-0.6808919246788371f,0.04628926823491607f,0.9012763069468749f,0.43076481075231593f,1.068579035857111f,-0.9529843301597747f,0.16911850513680793f,-0.2514354742080298f,-0.6697425612279913f,0f,0f,0f,1f], start_interpolation: 0, interpolation_duration: 1 }
$data merge entity $(bone_arm_right_1) { transformation: [-0.31785115503741945f,-0.38438101294688537f,0.8667305695124088f,-0.5679845004033848f,0.08853246777309054f,0.8981111735011029f,0.43076481075231593f,1.034403475149032f,-0.9439982231929173f,0.21365288886040873f,-0.2514354742080298f,-0.32295144859659525f,0f,0f,0f,1f], start_interpolation: 0, interpolation_duration: 1 }
$data merge entity $(bone_arm_left_2) { transformation: [0.0700047164490882f,-0.7657039233366905f,0.6393722244996901f,-0.4699949425097109f,0.913703799132301f,0.3064232255134567f,0.26692728282648187f,0.7092707396595428f,-0.4003057670407486f,0.5655106618382439f,0.7210776547787268f,0.5245324239200576f,0f,0f,0f,1f], start_interpolation: 0, interpolation_duration: 1 }
$data merge entity $(bone_arm_left_1) { transformation: [0.03619634680252731f,-0.7705387942547703f,0.6363645111306535f,-0.45682571157361096f,0.753952717310455f,0.43901448640342655f,0.4886937494874643f,1.001660543654076f,-0.655930731509305f,0.46209982393021987f,0.5968405383226973f,0.27108197757852026f,0f,0f,0f,1f], start_interpolation: 0, interpolation_duration: 1 }
$data merge entity $(bone_ear_edge_a1) { transformation: [-0.4789180721516641f,-0.8661480055546229f,-0.14291645335748387f,-0.9991940930528718f,0.09585246388453501f,-0.2134225196191627f,0.9722464364998579f,1.1313957840519386f,-0.8726109014525301f,0.45192749484088324f,0.1852343220708466f,0.3465913191811f,0f,0f,0f,1f], start_interpolation: 0, interpolation_duration: 1 }
$data merge entity $(bone_ear_edge_a2) { transformation: [-0.33752639606989926f,-0.930403578731178f,-0.14291645335748387f,-1.0474481080029936f,0.12805899868023365f,-0.19580030533771875f,0.9722464364998579f,1.1441731067269123f,-0.9325646491332821f,0.30985709789170945f,0.1852343220708466f,0.24229639748568366f,0f,0f,0f,1f], start_interpolation: 0, interpolation_duration: 1 }
$data merge entity $(bone_ear_edge_b1) { transformation: [-0.5162598190770232f,-0.5917607913708832f,-0.6191082013692477f,-1.0643877733693272f,-0.002448840258125834f,-0.721869476960521f,0.6920248994177409f,1.2184449785342446f,-0.8564285156321859f,0.3587807464578471f,0.3712230779237744f,0.234981618156022f,0f,0f,0f,1f], start_interpolation: 0, interpolation_duration: 1 }
$data merge entity $(bone_ear_edge_b2) { transformation: [-0.30812812389618927f,-0.7223310143289913f,-0.6191082013692477f,-1.0609657610568197f,0.22074095061649904f,-0.6872954032341481f,0.6920248994177409f,1.2064199167663041f,-0.9253812684429802f,0.076569801042319f,0.3712230779237744f,0.2631055109557441f,0f,0f,0f,1f], start_interpolation: 0, interpolation_duration: 1 }
$data merge entity $(bone_ear_right_2) { transformation: [-0.41733202119024326f,-0.6652360626774536f,-0.6191082013692477f,-1.1328585669285527f,0.11050657448625947f,-0.7133651488411658f,0.6920248994177409f,1.1446687195169278f,-0.9020101335819787f,0.22038862341831578f,0.3712230779237744f,0.3425023536726174f,0f,0f,0f,1f], start_interpolation: 0, interpolation_duration: 1 }
$data merge entity $(bone_ear_right_1) { transformation: [-0.41733202119024326f,-0.8974457484711731f,-0.14291645335748387f,-0.9309332735225391f,0.11050657448625947f,-0.20621630320767748f,0.9722464364998579f,1.1910673877386553f,-0.9020101335819787f,0.3899563627412364f,0.1852343220708466f,0.25476217205583934f,0f,0f,0f,1f], start_interpolation: 0, interpolation_duration: 1 }
$data merge entity $(bone_ear_edge_a3) { transformation: [-0.15497445426160472f,-0.9703619565900102f,0.18542004133621776f,-1.1335882415629277f,0.053168367409665275f,0.17922329947909976f,0.9823706701804649f,1.2052309390592024f,-0.9864867172107834f,0.1621008393767038f,0.02381752800060162f,-0.01636671619365855f,0f,0f,0f,1f], start_interpolation: 0, interpolation_duration: 1 }
$data merge entity $(bone_ear_edge_a4) { transformation: [-0.30486451513883145f,-0.9341718448337224f,0.18542004133621776f,-1.10788642597791f,0.08055047755576296f,0.168699398145704f,0.9823706701804649f,1.1976527797436916f,-0.9489832706505967f,0.314425630929218f,0.02381752800060162f,0.09611052062349688f,0f,0f,0f,1f], start_interpolation: 0, interpolation_duration: 1 }
$data merge entity $(bone_ear_edge_b3) { transformation: [-0.06726250902979758f,-0.9962739135470832f,0.05398188644902327f,-1.090947708896972f,0.05842615210889594f,0.05007853031317754f,0.9970348667681688f,1.2110899400042137f,-0.9960231621949183f,0.0702170206378128f,0.054840043617637765f,0.11563242652798403f,0f,0f,0f,1f], start_interpolation: 0, interpolation_duration: 1 }
$data merge entity $(bone_ear_edge_b4) { transformation: [-0.37183601785363646f,-0.926727539119322f,0.05398188644902327f,-1.1093680763000136f,0.07104168960531014f,0.029572838663247357f,0.9970348667681688f,1.2134373025121192f,-0.925576066114921f,0.37456843894172753f,0.054840043617637765f,0.09108765969280246f,0f,0f,0f,1f], start_interpolation: 0, interpolation_duration: 1 }
$data merge entity $(bone_ear_left_2) { transformation: [-0.22228597262718142f,-0.9734859538322022f,0.05398188644902327f,-1.2249231453480078f,0.06554083732333746f,0.040322116654951334f,0.9970348667681688f,1.252179507915609f,-0.9727761022024254f,0.22516488314093697f,0.054840043617637765f,0.07030997769896365f,0f,0f,0f,1f], start_interpolation: 0, interpolation_duration: 1 }
$data merge entity $(bone_ear_left_1) { transformation: [-0.22228597262718142f,-0.9571877321842686f,0.18542004133621776f,-1.0095559056065477f,0.06554083732333746f,0.17507788270406988f,0.9823706701804649f,1.2127869843071934f,-0.9727761022024254f,0.23051980466718425f,0.02381752800060162f,0.01844302164884727f,0f,0f,0f,1f], start_interpolation: 0, interpolation_duration: 1 }
$data merge entity $(bone_head) { transformation: [-0.31449052833603425f,-0.9211811180283815f,0.22917472673683414f,-0.5053009767855237f,0.08687838627415279f,0.2124797610400898f,0.9732956884455748f,1.0626158182259542f,-0.9452766016279684f,0.3260026057201491f,0.013207856690313435f,-0.030886484100805453f,0f,0f,0f,1f], start_interpolation: 0, interpolation_duration: 1 }
$data merge entity $(bone_body_1) { transformation: [-0.26591585049939054f,-0.7464311821172327f,0.6100239756077264f,-0.22538928349156145f,-0.008132914492136267f,0.6345220164793035f,0.7728619969340594f,0.8246700620462154f,-0.9639619370883111f,0.20055498240160707f,-0.17480012265110598f,-0.1060946025014081f,0f,0f,0f,1f], start_interpolation: 0, interpolation_duration: 1 }
$data merge entity $(bone_leg_left_2) { transformation: [-0.4446423162973232f,0.5305184601324364f,0.721694792842833f,-0.36166188517883047f,-0.10036891013863566f,0.7711402815190451f,-0.6287040226500149f,0.5928679433768409f,-0.8900670156990055f,-0.351984132706911f,-0.2896340413128783f,0.13189210891589828f,0f,0f,0f,1f], start_interpolation: 0, interpolation_duration: 1 }
$data merge entity $(bone_leg_left_1) { transformation: [-0.4446423162973232f,0.8933448561693011f,0.06502444550783854f,-0.07609743055990875f,-0.10036891013863566f,0.022445264679589794f,-0.9946970855346093f,0.5531034713887378f,-0.8900670156990055f,-0.4488108488542962f,0.07968393511462969f,-0.006280547377483764f,0f,0f,0f,1f], start_interpolation: 0, interpolation_duration: 1 }
$data merge entity $(bone_leg_right_2) { transformation: [-0.5094691547714607f,-0.8477985555349077f,0.14723718813322018f,-0.040972793032119426f,0.09266212376839215f,0.1160604559868379f,0.9889103606368266f,0.22600682381806403f,-0.8554851904943677f,0.5174626361284949f,0.019429592269635032f,-0.34580852738683576f,0f,0f,0f,1f], start_interpolation: 0, interpolation_duration: 1 }
$data merge entity $(bone_leg_right_1) { transformation: [-0.5094691547714607f,-0.34989033343501247f,0.7861411672881589f,-0.11711676823348041f,0.09266212376839215f,0.8859776414539542f,0.4543757802330796f,0.55018185517188f,-0.8554851904943677f,0.30433595484665366f,-0.4189566987558392f,-0.2653492110485487f,0f,0f,0f,1f], start_interpolation: 0, interpolation_duration: 1 }
$data merge entity $(bone_coat_downer) { transformation: [-0.4418764334093718f,-0.5589255555702031f,0.7016747401239072f,-0.09159838272946952f,-0.07145896963810278f,0.8016250639801371f,0.5935409610609044f,0.6092790648631349f,-0.8942252698597114f,0.21213080900562525f,-0.39415946850855327f,-0.15163233841974066f,0f,0f,0f,1f], start_interpolation: 0, interpolation_duration: 1 }
$data merge entity $(bone_body_2) { transformation: [-0.4418764334093718f,-0.45429637251718696f,0.7735373446157193f,-0.18965306882776775f,-0.07145896963810278f,0.8773727426904152f,0.47445830801257893f,0.8058753102583222f,-0.8942252698597114f,0.15437576332321018f,-0.42015388900104506f,-0.11015286888143191f,0f,0f,0f,1f], start_interpolation: 0, interpolation_duration: 1 }