# This file was generated by Animated Java via MC-Build. It is not recommended to edit this file directly.
$data merge entity $(bone_wing_right_1) { transformation: [-0.6677823669012029f,-0.454651199422351f,0.11959699730381722f,0.029924143975457063f,-0.4019053424958747f,0.6598890184012037f,0.2645052428803894f,1.7446671020994333f,-0.24389188295953082f,0.15742685508437768f,-0.7633334652490622f,-0.17914085323656528f,0f,0f,0f,1f], start_interpolation: 0, interpolation_duration: 1 }
$data merge entity $(bone_wing_right_2) { transformation: [-0.779864570772524f,-0.1344829586009052f,0.11715624225680055f,0.029924143975457063f,-0.09065464007786755f,0.7514287772073572f,0.259107176699157f,1.7446671020994333f,-0.15360008947308354f,0.23930968770737865f,-0.7477552312643875f,-0.17914085323656528f,0f,0f,0f,1f], start_interpolation: 0, interpolation_duration: 1 }
$data merge entity $(bone_wing_left_1) { transformation: [-0.16793555596873594f,-0.30729158135874496f,0.7377763736471625f,-0.026863018322463107f,0.28798775146607614f,0.6799757632770698f,0.34876992531714107f,1.7369263841450047f,-0.7455234057301148f,0.3318874656058171f,-0.031464362805600554f,-0.2463717753471188f,0f,0f,0f,1f], start_interpolation: 0, interpolation_duration: 1 }
$data merge entity $(bone_wing_left_2) { transformation: [-0.02507760399314579f,-0.3421218061981373f,0.7227197129604858f,-0.026863018322463107f,-0.019067876285901814f,0.7231253070110368f,0.3416521717392403f,1.7369263841450047f,-0.7993794655055311f,-0.006516140262297632f,-0.030822232952425033f,-0.2463717753471188f,0f,0f,0f,1f], start_interpolation: 0, interpolation_duration: 1 }
$data merge entity $(bone_blade) { transformation: [-0.2936632663762918f,-1.157184092180377f,1.6045830806741928f,-1.104648998691674f,1.473536921407832f,-1.2103194312154864f,-0.6031714645688653f,1.4410429520712376f,1.3200192525979064f,1.0936415551847392f,1.030289921111513f,-0.025132623781320453f,0f,0f,0f,1f], start_interpolation: 0, interpolation_duration: 1 }
$data merge entity $(bone_arm_right_2) { transformation: [-0.8798463127300508f,-0.4441580250947093f,0.16909794416048107f,-0.8335760368244653f,-0.42039547644193287f,0.56139497691757f,-0.712813666590983f,1.6391676721569493f,0.22167117395478741f,-0.698254487014361f,-0.6806633250012942f,-0.15945801917889318f,0f,0f,0f,1f], start_interpolation: 0, interpolation_duration: 1 }
$data merge entity $(bone_arm_right_1) { transformation: [-0.9377863514842533f,-0.3032534323804945f,0.16909794416048107f,-0.4814849433816319f,-0.32885313714142717f,0.6194774337402134f,-0.712813666590983f,1.7645312334964955f,0.11141083054215994f,-0.7240753171018111f,-0.6806633250012942f,-0.1996650731225522f,0f,0f,0f,1f], start_interpolation: 0, interpolation_duration: 1 }
$data merge entity $(bone_arm_left_2) { transformation: [0.08730227858099922f,0.05301624647690096f,0.9947701190546818f,-0.09714788703320881f,0.9136466147758903f,0.3937198124635105f,-0.10116606438057309f,1.5042298180659879f,-0.3970241497228119f,0.9177003796900156f,-0.014065477371196414f,0.5456647614670186f,0f,0f,0f,1f], start_interpolation: 0, interpolation_duration: 1 }
$data merge entity $(bone_arm_left_1) { transformation: [-0.079027313285367f,0.031646640288314515f,0.9963699985012386f,-0.1273052458500257f,0.7665153578203296f,0.6409515861769572f,0.04043847676179857f,1.7985356832247084f,-0.6373451890306137f,0.766928650094456f,-0.07491031760596778f,0.30342033840258437f,0f,0f,0f,1f], start_interpolation: 0, interpolation_duration: 1 }
$data merge entity $(bone_ear_edge_a1) { transformation: [-0.7660778606516556f,-0.5789319140708382f,0.27921774708935965f,-0.5469450901545955f,0.09272065157909123f,0.33032923778883744f,0.9393005245567545f,2.172714419957688f,-0.636024836142529f,0.745466587803988f,-0.19937897150338607f,0.4969935859446498f,0f,0f,0f,1f], start_interpolation: 0, interpolation_duration: 1 }
$data merge entity $(bone_ear_edge_a2) { transformation: [-0.6660812666813185f,-0.6916452818363993f,0.27921774708935965f,-0.6306376430640753f,0.03990422889640857f,0.3407670422496703f,0.9393005245567545f,2.180744828955756f,-0.7448109818553921f,0.6367924520829834f,-0.19937897150338607f,0.41761972536185044f,0f,0f,0f,1f], start_interpolation: 0, interpolation_duration: 1 }
$data merge entity $(bone_ear_edge_b1) { transformation: [-0.8216294294201376f,-0.5605307186177075f,-0.10358761603905836f,-0.6243251664887426f,0.03396221993194766f,-0.2295408321464657f,0.9727063143594792f,2.2470526519113667f,-0.5690093569775746f,0.7956860686623995f,0.20763437048943148f,0.3858066675349383f,0f,0f,0f,1f], start_interpolation: 0, interpolation_duration: 1 }
$data merge entity $(bone_ear_edge_b2) { transformation: [-0.6082025049078175f,-0.7869938492943898f,-0.10358761603905836f,-0.6124945286784435f,0.1032320086103531f,-0.20781140104303686f,0.9727063143594792f,2.2423317849084206f,-0.7870405741905103f,0.5809088592622164f,0.20763437048943148f,0.4138247875422123f,0f,0f,0f,1f], start_interpolation: 0, interpolation_duration: 1 }
$data merge entity $(bone_ear_right_2) { transformation: [-0.7238274846225282f,-0.6821608155767729f,-0.10358761603905836f,-0.6552825870969698f,0.06945218592923427f,-0.22140194189493684f,0.9727063143594792f,2.245148929581448f,-0.6864766320674539f,0.6968771784301615f,0.20763437048943148f,0.5297855148765732f,0f,0f,0f,1f], start_interpolation: 0, interpolation_duration: 1 }
$data merge entity $(bone_ear_right_1) { transformation: [-0.7238274846225282f,-0.6309605551976808f,0.27921774708935965f,-0.5133164621774919f,0.06945218592923427f,0.33599243806528833f,0.9393005245567545f,2.1695506310167585f,-0.6864766320674539f,0.6992838188801292f,-0.19937897150338607f,0.3724466556285444f,0f,0f,0f,1f], start_interpolation: 0, interpolation_duration: 1 }
$data merge entity $(bone_ear_edge_a3) { transformation: [-0.543648494861085f,-0.7205656785121483f,0.43038519605767567f,-0.7999851809699472f,-0.11951916189810383f,0.5740201779619535f,0.8100716050027317f,2.1983621649567926f,-0.8307595825354358f,0.38895493086327404f,-0.39818661175721864f,0.19500754435455162f,0f,0f,0f,1f], start_interpolation: 0, interpolation_duration: 1 }
$data merge entity $(bone_ear_edge_a4) { transformation: [-0.6496765862007883f,-0.6266489578359528f,0.43038519605767567f,-0.7314671570150807f,-0.02825114322268346f,0.5856499531929542f,0.8100716050027317f,2.2075180919658637f,-0.7596855969735777f,0.5141256811016202f,-0.39818661175721864f,0.28769298020574074f,0f,0f,0f,1f], start_interpolation: 0, interpolation_duration: 1 }
$data merge entity $(bone_ear_edge_b3) { transformation: [-0.4736049421478151f,-0.7978691642254219f,0.37296535435800354f,-0.7084239015631859f,-0.15837035933378601f,0.49371576548588064f,0.8550810325315243f,2.2125669502474112f,-0.866381664197513f,0.34590394575505684f,-0.36018505279013235f,0.2974484672435931f,0f,0f,0f,1f], start_interpolation: 0, interpolation_duration: 1 }
$data merge entity $(bone_ear_edge_b4) { transformation: [-0.69698019741266f,-0.6124666920439168f,0.37296535435800354f,-0.7340149221188423f,0.0019473996935710502f,0.5184907284024036f,0.8550810325315243f,2.216744981461564f,-0.7170877296740218f,0.5967008594744325f,-0.36018505279013235f,0.2808680768050802f,0f,0f,0f,1f], start_interpolation: 0, interpolation_duration: 1 }
$data merge entity $(bone_ear_left_2) { transformation: [-0.5925883152853317f,-0.7139579350605334f,0.37296535435800354f,-0.8291524004640338f,-0.07918639575413097f,0.5124118875790176f,0.8550810325315243f,2.2956757228877884f,-0.8016037695237981f,0.4771772463475255f,-0.36018505279013235f,0.2829758726383402f,0f,0f,0f,1f], start_interpolation: 0, interpolation_duration: 1 }
$data merge entity $(bone_ear_left_1) { transformation: [-0.5925883152853317f,-0.6808874147769866f,0.43038519605767567f,-0.675952732139212f,-0.07918639575413097f,0.5809591289374564f,0.8100716050027317f,2.164959918876861f,-0.8016037695237981f,0.4459583152073112f,-0.39818661175721864f,0.1826352517166953f,0f,0f,0f,1f], start_interpolation: 0, interpolation_duration: 1 }
$data merge entity $(bone_head) { transformation: [-0.65054507984688f,-0.5860237143002526f,0.48308105465310075f,-0.30939372653738184f,-0.018362848559591013f,0.6480296437402591f,0.7613937132828522f,1.8113465289898378f,-0.7592456156473965f,0.48645018975390325f,-0.4323335610481766f,0.04174565520649986f,0f,0f,0f,1f], start_interpolation: 0, interpolation_duration: 1 }
$data merge entity $(bone_body_1) { transformation: [-0.6427944706996059f,-0.40626714491868676f,0.6494322716016135f,-0.15704354719287428f,-0.08761999189620048f,0.8812089205324081f,0.46453587094455673f,1.4808931837901849f,-0.7610111730179283f,0.24169783890992236f,-0.6020333455948681f,-0.048891034384721026f,0f,0f,0f,1f], start_interpolation: 0, interpolation_duration: 1 }
$data merge entity $(bone_leg_left_2) { transformation: [-0.7608565633165618f,0.24672205694320287f,0.6001879011408221f,-0.24087646496344928f,-0.16118457511197454f,0.8240623908976804f,-0.5430844397089375f,1.2271315379049348f,-0.6285831868608026f,-0.509950392220374f,-0.587225488777696f,0.2868935671783537f,0f,0f,0f,1f], start_interpolation: 0, interpolation_duration: 1 }
$data merge entity $(bone_leg_left_1) { transformation: [-0.7608565633165618f,0.6309783741756843f,0.15153739268154445f,-0.03668735231567012f,-0.16118457511197454f,0.042440823229353705f,-0.9860113129521318f,1.1862419396854276f,-0.6285831868608026f,-0.7746386692169613f,0.06941260223974023f,0.0502218630825184f,0f,0f,0f,1f], start_interpolation: 0, interpolation_duration: 1 }
$data merge entity $(bone_leg_right_2) { transformation: [-0.7260776485590323f,-0.45753043616105016f,0.5133002515577654f,-0.26477225199826915f,0.12089604600345294f,0.6499245403372609f,0.7503214230768911f,0.8238326946788299f,-0.6769013180100311f,0.6068475853570476f,-0.4165820613307821f,-0.12984418636384407f,0f,0f,0f,1f], start_interpolation: 0, interpolation_duration: 1 }
$data merge entity $(bone_leg_right_1) { transformation: [-0.7260776485590323f,0.13538240179592484f,0.6741534347216165f,-0.18638765968603738f,0.12089604600345294f,0.9902877864905567f,-0.06866036694021108f,1.1575069080248062f,-0.6769013180100311f,0.03164972688034162f,-0.7353930244873707f,-0.15432841616443804f,0f,0f,0f,1f], start_interpolation: 0, interpolation_duration: 1 }
$data merge entity $(bone_coat_downer) { transformation: [-0.735728554487076f,-0.1858986387142071f,0.6512643013681635f,-0.10765400998511543f,-0.07893995037019776f,0.9785763244811202f,0.19014957638809565f,1.224065033063797f,-0.6726603737012522f,0.08848770134445914f,-0.7346413739797572f,-0.07404003774908707f,0f,0f,0f,1f], start_interpolation: 0, interpolation_duration: 1 }
$data merge entity $(bone_body_2) { transformation: [-0.735728554487076f,-0.12946231832271993f,0.6647879378018708f,-0.13083286740341787f,-0.07893995037019776f,0.9912622634375456f,0.10567691006187f,1.4461669134128907f,-0.6726603737012522f,0.02527119346569459f,-0.7395197011796988f,-0.0631383462895549f,0f,0f,0f,1f], start_interpolation: 0, interpolation_duration: 1 }