# This file was generated by Animated Java via MC-Build. It is not recommended to edit this file directly.
$data merge entity $(bone_wing_right_1) { transformation: [-0.7907986568655514f,-0.13943913951341216f,-0.1487906418960664f,0.02667371418472024f,-0.18138576897932834f,0.20873193488002126f,0.7684234682891099f,1.0458849007375872f,-0.09317259015323139f,0.7771307162745829f,-0.23309046036064243f,0.03444335070099564f,0f,0f,0f,1f], start_interpolation: 0, interpolation_duration: 1 }
$data merge entity $(bone_wing_right_2) { transformation: [-0.7679644818911278f,0.1702536267346136f,-0.14575409818390178f,0.02667371418472024f,-0.08591054318177552f,0.2569043177851308f,0.752741356691373f,1.0458849007375872f,0.2070022539102024f,0.7382505496693298f,-0.2283335121900171f,0.03444335070099564f,0f,0f,0f,1f], start_interpolation: 0, interpolation_duration: 1 }
$data merge entity $(bone_wing_left_1) { transformation: [-0.7907986568655514f,0.139439139513412f,0.14879064189606644f,-0.026673714184720268f,0.18138576897932834f,0.20873193488002126f,0.7684234682891099f,1.0458849007375872f,0.09317259015323119f,0.7771307162745829f,-0.23309046036064238f,0.034443350700995634f,0f,0f,0f,1f], start_interpolation: 0, interpolation_duration: 1 }
$data merge entity $(bone_wing_left_2) { transformation: [-0.7679644818911278f,-0.17025362673461378f,0.14575409818390184f,-0.026673714184720268f,0.08591054318177552f,0.2569043177851308f,0.752741356691373f,1.0458849007375872f,-0.2070022539102026f,0.7382505496693297f,-0.22833351219001705f,0.034443350700995634f,0f,0f,0f,1f], start_interpolation: 0, interpolation_duration: 1 }
$data merge entity $(bone_blade) { transformation: [0.10364651304143002f,0.07052592332856716f,1.9960670065088002f,0.006149731500296001f,1.982359205965344f,-0.24775374979734102f,-0.09418098526668145f,0.16824342729500383f,0.24394544238169116f,1.983341668397054f,-0.08274326281451255f,0.6437975023788026f,0f,0f,0f,1f], start_interpolation: 0, interpolation_duration: 1 }
$data merge entity $(bone_arm_right_2) { transformation: [0.5846294145476864f,-0.7646616976673656f,-0.2711105600416402f,-0.28895458915800276f,-0.7936555239162862f,-0.46972242436326267f,-0.3866157697345825f,0.3784451435160293f,0.1682835612969802f,0.4411953446839181f,-0.8814915262363243f,0.5511448472495428f,0f,0f,0f,1f], start_interpolation: 0, interpolation_duration: 1 }
$data merge entity $(bone_arm_right_1) { transformation: [0.04030844851602517f,-0.9617038490159738f,-0.2711105600416402f,-0.2984375000000001f,-0.9195462591177307f,0.07044802293267795f,-0.3866157697345825f,0.7314554367210778f,0.3909090767951263f,0.26488258314343316f,-0.8814915262363243f,0.39923365471176975f,0f,0f,0f,1f], start_interpolation: 0, interpolation_duration: 1 }
$data merge entity $(bone_arm_left_2) { transformation: [0.4797431740342749f,0.8343554599256493f,0.2714727490187132f,0.28032939690465664f,0.8482836127579048f,-0.36200234566314415f,-0.3864831355451081f,0.3863882679517819f,-0.2241905423828497f,0.41569853046004324f,-0.8814382181863026f,0.5449577476574137f,0f,0f,0f,1f], start_interpolation: 0, interpolation_duration: 1 }
$data merge entity $(bone_arm_left_1) { transformation: [0.04027491594595927f,0.9616030769947486f,0.2714727490187132f,0.29843749999999997f,0.9195908352216072f,0.07059377958183094f,-0.3864831355451081f,0.7314554367210778f,-0.3908076597534554f,0.2652094278086344f,-0.8814382181863026f,0.39923365471176986f,0f,0f,0f,1f], start_interpolation: 0, interpolation_duration: 1 }
$data merge entity $(bone_ear_edge_a1) { transformation: [-0.9975640502598242f,0.0697564737441252f,-6.720049523082951e-17f,0.1859374999999999f,-0.038277726969321406f,-0.5473969984538067f,0.8359972139318559f,0.5975976222595774f,0.058316217703799286f,0.8339607667357909f,0.5487336861339704f,0.9593207185610396f,0f,0f,0f,1f], start_interpolation: 0, interpolation_duration: 1 }
$data merge entity $(bone_ear_edge_a2) { transformation: [-0.9961946980917455f,-0.08715574274765828f,-6.720049523082951e-17f,0.07031249999999989f,0.04782529198566653f,-0.5466455887910013f,0.8359972139318559f,0.5975976222595774f,-0.07286195811520392f,0.8328159921383856f,0.5487336861339704f,0.9593207185610396f,0f,0f,0f,1f], start_interpolation: 0, interpolation_duration: 1 }
$data merge entity $(bone_ear_edge_b1) { transformation: [-0.9876883405951378f,0.1564344650402308f,-1.09387401623681e-16f,0.04843749999999987f,-0.1397297544651685f,-0.8822189488996296f,0.4496279816910161f,0.6550850184445467f,0.0703373127829527f,0.4440923151215407f,0.8932159190702231f,0.9904194163740596f,0f,0f,0f,1f], start_interpolation: 0, interpolation_duration: 1 }
$data merge entity $(bone_ear_edge_b2) { transformation: [-0.9876883405951378f,-0.15643446504023092f,-1.09387401623681e-16f,0.0765624999999999f,0.1397297544651685f,-0.8822189488996296f,0.4496279816910161f,0.6439198194561692f,-0.07033731278295295f,0.4440923151215407f,0.8932159190702231f,0.9960397661451973f,0f,0f,0f,1f], start_interpolation: 0, interpolation_duration: 1 }
$data merge entity $(bone_ear_right_2) { transformation: [-1f,-5.506354685849877e-17f,-1.09387401623681e-16f,0.12499999999999988f,0f,-0.8932159190702231f,0.4496279816910161f,0.5602752027357077f,-1.2246467991473532e-16f,0.4496279816910161f,0.8932159190702231f,1.0731308241135966f,0f,0f,0f,1f], start_interpolation: 0, interpolation_duration: 1 }
$data merge entity $(bone_ear_right_1) { transformation: [-1f,-1.0238013121377525e-16f,-6.720049523082951e-17f,0.1249999999999999f,0f,-0.5487336861339704f,0.8359972139318559f,0.6837402821158509f,-1.2246467991473532e-16f,0.8359972139318559f,0.5487336861339704f,0.8850314509789294f,0f,0f,0f,1f], start_interpolation: 0, interpolation_duration: 1 }
$data merge entity $(bone_ear_edge_a3) { transformation: [-0.9878955005749042f,-0.1534719393078433f,-0.022557566113149897f,-0.1942085323458922f,0.05296262393995519f,-0.47039065022092835f,0.8808675250286657f,0.605705455832099f,-0.1457993155308157f,0.8690103566873193f,0.4728250834726556f,0.9610155083109927f,0f,0f,0f,1f], start_interpolation: 0, interpolation_duration: 1 }
$data merge entity $(bone_ear_edge_a4) { transformation: [-0.9997411683685393f,0.0029584590852047704f,-0.022557566113149897f,-0.07902352037903411f,-0.02127474357441863f,-0.4728845404913504f,0.8808675250286657f,0.603390548911763f,-0.008061113753737262f,0.8811194350847822f,0.4728250834726556f,0.9708234055955763f,0f,0f,0f,1f], start_interpolation: 0, interpolation_duration: 1 }
$data merge entity $(bone_ear_edge_b3) { transformation: [-0.9731131803095537f,-0.22413319092776868f,-0.053057054501380915f,-0.05758557321784605f,0.14085966159492672f,-0.7613707681267283f,0.6328294471478696f,0.6503553692861723f,-0.1822341736425659f,0.608341077165312f,0.772471254992805f,0.9880223889756211f,0f,0f,0f,1f], start_interpolation: 0, interpolation_duration: 1 }
$data merge entity $(bone_ear_edge_b4) { transformation: [-0.994746596226267f,0.08754517841602433f,-0.053057054501380915f,-0.08646786534710661f,-0.10131100732848136f,-0.7676346595983079f,0.6328294471478696f,0.6412430505488302f,0.014672732886017892f,0.6348802021795109f,0.772471254992805f,0.9935036729118109f,0f,0f,0f,1f], start_interpolation: 0, interpolation_duration: 1 }
$data merge entity $(bone_ear_left_2) { transformation: [-0.9961946980917455f,-0.06914529963441828f,-0.053057054501380915f,-0.14394184613660818f,0.020020816608311412f,-0.7740323363560839f,0.6328294471478696f,0.5773289422877196f,-0.08482505759639868f,0.629359094487089f,0.772471254992805f,1.0823708368625358f,0f,0f,0f,1f], start_interpolation: 0, interpolation_duration: 1 }
$data merge entity $(bone_ear_left_1) { transformation: [-0.9961946980917455f,-0.08418598282936929f,-0.022557566113149897f,-0.1250000000000001f,0.020020816608311412f,-0.47293928812502906f,0.8808675250286657f,0.6837402821158509f,-0.08482505759639868f,0.8770639372604736f,0.4728250834726556f,0.8850314509789294f,0f,0f,0f,1f], start_interpolation: 0, interpolation_duration: 1 }
$data merge entity $(bone_head) { transformation: [-1f,-1.1918977682708186e-16f,-2.8131742330132955e-17f,-4.6421215786912235e-17f,0f,-0.22971310870790967f,0.9732583869085064f,0.7710539257377639f,-1.2246467991473532e-16f,0.9732583869085064f,0.22971310870790967f,0.37905799304119764f,0f,0f,0f,1f], start_interpolation: 0, interpolation_duration: 1 }
$data merge entity $(bone_body_1) { transformation: [-1f,-1.1719174143190725e-16f,3.554846785412236e-17f,-2.4743127499470172e-18f,0f,0.2902752685825218f,0.95694318977113f,0.6622007000193182f,-1.2246467991473532e-16f,0.95694318977113f,-0.2902752685825218f,0.020204296877023895f,0f,0f,0f,1f], start_interpolation: 0, interpolation_duration: 1 }
$data merge entity $(bone_leg_left_2) { transformation: [-1f,-1.2246307961274733e-16f,-6.260657956535186e-19f,0.12500000000000003f,0f,-0.005112215179833235f,0.9999869325425983f,0.13616105064105333f,-1.2246467991473532e-16f,0.9999869325425983f,0.005112215179833235f,-0.2607409228273637f,0f,0f,0f,1f], start_interpolation: 0, interpolation_duration: 1 }
$data merge entity $(bone_leg_left_1) { transformation: [-1f,-4.7536944035292033e-17f,1.1286202540449151e-16f,0.12500000000000003f,0f,0.9215883753835836f,0.3881686055799036f,0.43205241449923415f,-1.2246467991473532e-16f,0.3881686055799036f,-0.9215883753835836f,-0.21527901663531251f,0f,0f,0f,1f], start_interpolation: 0, interpolation_duration: 1 }
$data merge entity $(bone_leg_right_2) { transformation: [-1f,9.257350859756745e-18f,1.2211428778680213e-16f,-0.125f,0f,0.997138831145624f,-0.0755920063335982f,0.44494527328373146f,-1.2246467991473532e-16f,-0.0755920063335982f,-0.997138831145624f,0.15652904546531204f,0f,0f,0f,1f], start_interpolation: 0, interpolation_duration: 1 }
$data merge entity $(bone_leg_right_1) { transformation: [-1f,1.166689794707155e-16f,3.722830987139141e-17f,-0.12499999999999997f,0f,0.30399221961230954f,-0.9526745144146458f,0.47740186721124556f,-1.2246467991473532e-16f,-0.9526745144146458f,-0.30399221961230954f,-0.17970823002528152f,0f,0f,0f,1f], start_interpolation: 0, interpolation_duration: 1 }
$data merge entity $(bone_coat_downer) { transformation: [-1f,-9.582226999713928e-17f,7.626067400183345e-17f,-0.007812499999999983f,0f,0.6227156601799728f,0.7824482133448964f,0.5218734278400451f,-1.2246467991473532e-16f,0.7824482133448964f,-0.6227156601799728f,-0.14276820496452916f,0f,0f,0f,1f], start_interpolation: 0, interpolation_duration: 1 }
$data merge entity $(bone_body_2) { transformation: [-1f,-7.825034975320791e-17f,9.420446162533497e-17f,0f,0f,0.7692378054711267f,0.6389625956454453f,0.69375f,-1.2246467991473532e-16f,0.6389625956454453f,-0.7692378054711267f,0f,0f,0f,0f,1f], start_interpolation: 0, interpolation_duration: 1 }