# This file was generated by Animated Java via MC-Build. It is not recommended to edit this file directly.
$data merge entity $(bone_wing_right_1) { transformation: [-0.7816270829682926f,-0.13782194357976396f,-0.19237634855360627f,0.027814088904085932f,-0.22222544576182848f,0.19922151945523364f,0.7601783224259616f,1.0407006063261912f,-0.08135968824226703f,0.7799104708223173f,-0.22817691179275087f,0.037058703737977594f,0f,0f,0f,1f], start_interpolation: 0, interpolation_duration: 1 }
$data merge entity $(bone_wing_right_2) { transformation: [-0.7590577356100299f,0.16827904862257936f,-0.18845030062394086f,0.027814088904085932f,-0.1264366688095671f,0.2636068707952537f,0.7446644791111461f,1.0407006063261912f,0.21873528016969265f,0.7363379519379767f,-0.22352024012351107f,0.037058703737977594f,0f,0f,0f,1f], start_interpolation: 0, interpolation_duration: 1 }
$data merge entity $(bone_wing_left_1) { transformation: [-0.7816270829682926f,0.1378219435797638f,0.19237634855360633f,-0.02781408890408596f,0.22222544576182848f,0.19922151945523364f,0.7601783224259616f,1.0407006063261912f,0.08135968824226682f,0.7799104708223173f,-0.22817691179275082f,0.037058703737977594f,0f,0f,0f,1f], start_interpolation: 0, interpolation_duration: 1 }
$data merge entity $(bone_wing_left_2) { transformation: [-0.7590577356100299f,-0.16827904862257953f,0.18845030062394091f,-0.02781408890408596f,0.1264366688095671f,0.2636068707952537f,0.7446644791111461f,1.0407006063261912f,-0.21873528016969285f,0.7363379519379767f,-0.22352024012351102f,0.037058703737977594f,0f,0f,0f,1f], start_interpolation: 0, interpolation_duration: 1 }
$data merge entity $(bone_blade) { transformation: [0.10342471450492513f,0.07085244609608055f,1.9960669476026536f,0.0062260404478853785f,1.9822436629410056f,-0.24879127845789398f,-0.09387736944285063f,0.16665119976335777f,0.24497630326175948f,1.9832001489122293f,-0.08308898961182387f,0.6423969778199813f,0f,0f,0f,1f], start_interpolation: 0, interpolation_duration: 1 }
$data merge entity $(bone_arm_right_2) { transformation: [0.5847330783793285f,-0.7645491810169275f,-0.2712043083274666f,-0.28889693859886895f,-0.7940553913577854f,-0.4710049317915697f,-0.38422700280388056f,0.37689902506536954f,0.1660218735729374f,0.44002148133286f,-0.8825065628430008f,0.5503408981537631f,0f,0f,0f,1f], start_interpolation: 0, interpolation_duration: 1 }
$data merge entity $(bone_arm_right_1) { transformation: [0.040457901855022134f,-0.9616711399028828f,-0.2712043083274666f,-0.2984375000000001f,-0.9206094273902015f,0.06962680889307236f,-0.38422700280388056f,0.7303231061628965f,0.38838311031477035f,0.26521826136459337f,-0.8825065628430008f,0.39939852599299447f,0f,0f,0f,1f], start_interpolation: 0, interpolation_duration: 1 }
$data merge entity $(bone_arm_left_2) { transformation: [0.47986000688507513f,0.8342568985636238f,0.27156914587496644f,0.28027357305591055f,0.8488476032994274f,-0.36322150978463597f,-0.3840935839122902f,0.3848597980886859f,-0.22179296689722486f,0.4148319684267026f,-0.8824524450678086f,0.5441740078861412f,0f,0f,0f,1f], start_interpolation: 0, interpolation_duration: 1 }
$data merge entity $(bone_arm_left_1) { transformation: [0.040424058522524f,0.9615695994057365f,0.27156914587496644f,0.29843749999999997f,0.9206540482841526f,0.06977278964907127f,-0.3840935839122902f,0.7303231061628965f,-0.3882808505071665f,0.2655478550530539f,-0.8824524450678086f,0.3993985259929946f,0f,0f,0f,1f], start_interpolation: 0, interpolation_duration: 1 }
$data merge entity $(bone_ear_edge_a1) { transformation: [-0.9975640502598242f,0.0697564737441252f,-6.770430825780267e-17f,0.1859374999999999f,-0.03856470130520723f,-0.5515009226555514f,0.8332823627818576f,0.5936658152323503f,0.05812683926083522f,0.831252528826746f,0.5528476317003487f,0.958738846075408f,0f,0f,0f,1f], start_interpolation: 0, interpolation_duration: 1 }
$data merge entity $(bone_ear_edge_a2) { transformation: [-0.9961946980917455f,-0.08715574274765828f,-6.770430825780267e-17f,0.07031249999999989f,0.048183845967127666f,-0.5507438795524654f,0.8332823627818576f,0.5936658152323503f,-0.07262534324677648f,0.830111471816649f,0.5528476317003487f,0.958738846075408f,0f,0f,0f,1f], start_interpolation: 0, interpolation_duration: 1 }
$data merge entity $(bone_ear_edge_b1) { transformation: [-0.9876883405951378f,0.1564344650402308f,-1.0965747981524693e-16f,0.04843749999999987f,-0.14007474811922507f,-0.8843971531054825f,0.44521987884443515f,0.650999228314274f,0.06964773357230548f,0.43973848333582843f,0.8954212748654939f,0.9901205201889838f,0f,0f,0f,1f], start_interpolation: 0, interpolation_duration: 1 }
$data merge entity $(bone_ear_edge_b2) { transformation: [-0.9876883405951378f,-0.15643446504023092f,-1.0965747981524693e-16f,0.0765624999999999f,0.14007474811922507f,-0.8843971531054825f,0.44521987884443515f,0.6398064623784555f,-0.06964773357230573f,0.43973848333582843f,0.8954212748654939f,0.9956857686745391f,0f,0f,0f,1f], start_interpolation: 0, interpolation_duration: 1 }
$data merge entity $(bone_ear_right_2) { transformation: [-1f,-5.452370995436098e-17f,-1.0965747981524693e-16f,0.12499999999999988f,0f,-0.8954212748654939f,0.44521987884443515f,0.5557828816539307f,-1.2246467991473532e-16f,0.44521987884443515f,0.8954212748654939f,1.072363607762696f,0f,0f,0f,1f], start_interpolation: 0, interpolation_duration: 1 }
$data merge entity $(bone_ear_right_1) { transformation: [-1f,-1.0204765783667455e-16f,-6.770430825780267e-17f,0.1249999999999999f,0f,-0.5528476317003487f,0.8332823627818576f,0.680173598786509f,-1.2246467991473532e-16f,0.8332823627818576f,0.5528476317003487f,0.8848750761367783f,0f,0f,0f,1f], start_interpolation: 0, interpolation_duration: 1 }
$data merge entity $(bone_ear_edge_a3) { transformation: [-0.9878955005749042f,-0.1534719393078433f,-0.022557566113149897f,-0.1942085323458922f,0.0536806220955635f,-0.47466826848955346f,0.8785262805975484f,0.6017651967348822f,-0.14553649286447978f,0.8666812555572082f,0.47716111588276805f,0.9604735785656495f,0f,0f,0f,1f], start_interpolation: 0, interpolation_duration: 1 }
$data merge entity $(bone_ear_edge_a4) { transformation: [-0.9997411683685393f,0.0029584590852047704f,-0.022557566113149897f,-0.07902352037903411f,-0.021234752093054178f,-0.4772218138381607f,0.8785262805975484f,0.5994019750316568f,-0.008165878559866668f,0.8787778945312957f,0.47716111588276805f,0.9702699465852865f,0f,0f,0f,1f], start_interpolation: 0, interpolation_duration: 1 }
$data merge entity $(bone_ear_edge_b3) { transformation: [-0.9731131803095537f,-0.22413319092776868f,-0.053057054501380915f,-0.05758557321784605f,0.141756178611761f,-0.7643600187551441f,0.6290142665743171f,0.6462814515028894f,-0.18153766588016007f,0.6045809081117036f,0.7755810733982691f,0.9877002095750045f,0f,0f,0f,1f], start_interpolation: 0, interpolation_duration: 1 }
$data merge entity $(bone_ear_edge_b4) { transformation: [-0.994746596226267f,0.08754517841602433f,-0.053057054501380915f,-0.08646786534710661f,-0.10138209822227809f,-0.7707546448812502f,0.6290142665743171f,0.6371422263331248f,0.014173194992816288f,0.6310888361634076f,0.7755810733982691f,0.9931365125150905f,0f,0f,0f,1f], start_interpolation: 0, interpolation_duration: 1 }
$data merge entity $(bone_ear_left_2) { transformation: [-0.9961946980917455f,-0.06914529963441828f,-0.053057054501380915f,-0.14394184613660818f,0.020438674190056388f,-0.7771250305088149f,0.6290142665743171f,0.5727908702327514f,-0.08472534503469853f,0.6255362615349649f,0.7755810733982691f,1.081687565764055f,0f,0f,0f,1f], start_interpolation: 0, interpolation_duration: 1 }
$data merge entity $(bone_ear_left_1) { transformation: [-0.9961946980917455f,-0.08418598282936929f,-0.022557566113149897f,-0.1250000000000001f,0.020438674190056388f,-0.4772565713500342f,0.8785262805975484f,0.680173598786509f,-0.08472534503469853f,0.8747221761212316f,0.47716111588276805f,0.8848750761367783f,0f,0f,0f,1f], start_interpolation: 0, interpolation_duration: 1 }
$data merge entity $(bone_head) { transformation: [-1f,-1.1904966825170727e-16f,-2.8718884305923394e-17f,-4.6455522850057495e-17f,0f,-0.23450748677838054f,0.9721143135685677f,0.7699801134614113f,-1.2246467991473532e-16f,0.9721143135685677f,0.23450748677838054f,0.37933813147106277f,0f,0f,0f,1f], start_interpolation: 0, interpolation_duration: 1 }
$data merge entity $(bone_body_1) { transformation: [-1f,-1.172946469939171e-16f,3.52074369017535e-17f,-2.4700302273385806e-18f,0f,0.2874905395275298f,0.9577834774531089f,0.6621711611385875f,-1.2246467991473532e-16f,0.9577834774531089f,-0.2874905395275298f,0.020169327426146966f,0f,0f,0f,1f], start_interpolation: 0, interpolation_duration: 1 }
$data merge entity $(bone_leg_left_2) { transformation: [-1f,-1.2246346880296867e-16f,-5.446424174558084e-19f,0.12500000000000003f,0f,-0.004447342840686874f,0.9999901105219278f,0.13647455856536345f,-1.2246467991473532e-16f,0.9999901105219278f,0.004447342840686874f,-0.2608942150329787f,0f,0f,0f,1f], start_interpolation: 0, interpolation_duration: 1 }
$data merge entity $(bone_leg_left_1) { transformation: [-1f,-4.7449674375260666e-17f,1.1289874325385695e-16f,0.12500000000000003f,0f,0.9218881993768444f,0.3874559947267814f,0.43240505737783286f,-1.2246467991473532e-16f,0.3874559947267814f,-0.9218881993768444f,-0.21567467471304452f,0f,0f,0f,1f], start_interpolation: 0, interpolation_duration: 1 }
$data merge entity $(bone_leg_right_2) { transformation: [-1f,9.303020340651842e-18f,1.2211081704402765e-16f,-0.125f,0f,0.9971104903801321f,-0.07596492594541526f,0.44538671997139506f,-1.2246467991473532e-16f,-0.07596492594541526f,-0.9971104903801321f,0.15620595966472625f,0f,0f,0f,1f], start_interpolation: 0, interpolation_duration: 1 }
$data merge entity $(bone_leg_right_1) { transformation: [-1f,1.166856611907369e-16f,3.717599089599546e-17f,-0.12499999999999997f,0f,0.3035650027573568f,-0.952810730995892f,0.4776818969635046f,-1.2246467991473532e-16f,-0.952810730995892f,-0.3035650027573568f,-0.18004482039261901f,0f,0f,0f,1f], start_interpolation: 0, interpolation_duration: 1 }
$data merge entity $(bone_coat_downer) { transformation: [-1f,-9.487680538876194e-17f,7.743377574315727e-17f,-0.007812499999999983f,0f,0.6322947628415775f,0.7747279089352037f,0.5220958959210065f,-1.2246467991473532e-16f,0.7747279089352037f,-0.6322947628415775f,-0.14303560731191395f,0f,0f,0f,1f], start_interpolation: 0, interpolation_duration: 1 }
$data merge entity $(bone_body_2) { transformation: [-1f,-7.83969112877799e-17f,9.408252827786117e-17f,0f,0f,0.7682421441297612f,0.6401593613959786f,0.69375f,-1.2246467991473532e-16f,0.6401593613959786f,-0.7682421441297612f,0f,0f,0f,0f,1f], start_interpolation: 0, interpolation_duration: 1 }