execute if entity @s[tag=aj.frestchika_v2.bone.hair] run data modify entity @s {} merge value {transformation:[-0.9999999882459841f,-0.00009550595217991829f,-0.00011994433978722481f,-0.00005253707990060363f,-0.000048887835999119765f,0.940080224025609f,-0.34095332526013034f,1.4869632831646213f,0.00014532037379565632f,-0.34095331538874035f,-0.9400802176449705f,-0.1252727451798062f,0f,0f,0f,1f],start_interpolation:0}
execute if entity @s[tag=aj.frestchika_v2.bone.side_hair_2] run data modify entity @s {} merge value {transformation:[-0.9999999882459841f,-0.00009550595217991829f,-0.00011994433978722481f,0.4873295009757175f,-0.000048887835999119765f,0.940080224025609f,-0.34095332526013034f,1.8943694178613832f,0.00014532037379565632f,-0.34095331538874035f,-0.9400802176449705f,0.030070450204967958f,0f,0f,0f,1f],start_interpolation:0}
execute if entity @s[tag=aj.frestchika_v2.bone.side_hair_1] run data modify entity @s {} merge value {transformation:[-0.9999999882459841f,-0.00009550595217991829f,-0.00011994433978722481f,0.3290231398133282f,-0.000048887835999119765f,0.940080224025609f,-0.34095332526013034f,2.2584406499758924f,0.00014532037379565632f,-0.34095331538874035f,-0.9400802176449705f,-0.1019526547806249f,0f,0f,0f,1f],start_interpolation:0}
execute if entity @s[tag=aj.frestchika_v2.bone.head] run data modify entity @s {} merge value {transformation:[-0.9999999882459841f,-0.00009550595217991829f,-0.00011994433978722481f,-0.00003581473206749461f,-0.000048887835999119765f,0.940080224025609f,-0.34095332526013034f,1.7503081957985946f,0.00014532037379565632f,-0.34095331538874035f,-0.9400802176449705f,0.07839250672922238f,0f,0f,0f,1f],start_interpolation:0}
execute if entity @s[tag=aj.frestchika_v2.bone.group] run data modify entity @s {} merge value {transformation:[-0.000002767563818576738f,-0.000009582904950264268f,-7.131081434856675e-7f,-0.4376947706838902f,-0.00000778437633197008f,0.0000026708692329554454f,-0.000005680663927985538f,1.0922588955714132f,0.000005634188107648612f,-0.000001017049779830184f,-0.000008198873953963335f,0.31691642136304365f,0f,0f,0f,1f],start_interpolation:0}
execute if entity @s[tag=aj.frestchika_v2.bone.group2] run data modify entity @s {} merge value {transformation:[-0.000002767563818576738f,-0.000009582904950264268f,-7.131081434856675e-7f,-0.4376947706838902f,-0.00000778437633197008f,0.0000026708692329554454f,-0.000005680663927985538f,1.0922588955714132f,0.000005634188107648612f,-0.000001017049779830184f,-0.000008198873953963335f,0.31691642136304365f,0f,0f,0f,1f],start_interpolation:0}
execute if entity @s[tag=aj.frestchika_v2.bone.group3] run data modify entity @s {} merge value {transformation:[-0.000002767563818576738f,-0.000009582904950264268f,-7.131081434856675e-7f,-0.4376947706838902f,-0.00000778437633197008f,0.0000026708692329554454f,-0.000005680663927985538f,1.0922588955714132f,0.000005634188107648612f,-0.000001017049779830184f,-0.000008198873953963335f,0.31691642136304365f,0f,0f,0f,1f],start_interpolation:0}
execute if entity @s[tag=aj.frestchika_v2.locator_origin.muzzle] at @s on origin run tp @s ^-0.4377 ^1.09225 ^0.31692 ~-4.97087 ~-34.6155
execute if entity @s[tag=aj.frestchika_v2.bone.gun] run data modify entity @s {} merge value {transformation:[-0.000002767563818576738f,-0.000009582904950264268f,-7.131081434856675e-7f,-0.4376970314775646f,-0.00000778437633197008f,0.0000026708692329554454f,-0.000005680663927985538f,1.0922563686555375f,0.000005634188107648612f,-0.000001017049779830184f,-0.000008198873953963335f,0.3169126515466116f,0f,0f,0f,1f],start_interpolation:0}
execute if entity @s[tag=aj.frestchika_v2.bone.sword] run data modify entity @s {} merge value {transformation:[-0.000010084953340608615f,0.0000015915565643458712f,0.0000025520844481001773f,-0.43693839322285705f,0.000002810796072069981f,0.0000081650231582653f,0.000006015338184693146f,1.0760153237628909f,-0.000001070333017795488f,0.0000064460697899944425f,-0.000008249548030258254f,0.2671169604647338f,0f,0f,0f,1f],start_interpolation:0}
execute if entity @s[tag=aj.frestchika_v2.bone.arm_right_1] run data modify entity @s {} merge value {transformation:[-0.2767563818576738f,-0.9582904950264267f,-0.07131081434856675f,-0.3547790439370837f,-0.7784376331970079f,0.2670869232955445f,-0.5680663927985538f,1.307113622717925f,0.5634188107648611f,-0.10170497798301839f,-0.8198873953963334f,0.09985097271515442f,0f,0f,0f,1f],start_interpolation:0}
execute if entity @s[tag=aj.frestchika_v2.bone.arm_right_0] run data modify entity @s {} merge value {transformation:[-0.2876116539430953f,-0.9533438057225045f,0.09173398828487105f,-0.2500265712045887f,-0.9575122917125476f,0.2840982807405739f,-0.049582034040923595f,1.660709514838209f,0.021207256670829122f,-0.10209679216695179f,-0.9945483886135034f,0.11116304717067631f,0f,0f,0f,1f],start_interpolation:0}
execute if entity @s[tag=aj.frestchika_v2.bone.arm_left_1] run data modify entity @s {} merge value {transformation:[-0.2784358628990958f,0.9579351170980066f,0.06952540314205014f,0.35814504782638756f,0.7792526727945225f,0.26762917455186885f,-0.5666920652976165f,1.2946696589986142f,-0.5614612561826762f,-0.10360953797365331f,-0.8209910605156778f,0.09871884958534208f,0f,0f,0f,1f],start_interpolation:0}
execute if entity @s[tag=aj.frestchika_v2.bone.arm_left_0] run data modify entity @s {} merge value {transformation:[-0.2870754008859916f,0.9532643266957399f,-0.09420635676781638f,0.24997316457458577f,0.9577231432790244f,0.28369667933759446f,-0.047776301244102926f,1.6605366322641943f,-0.018817413049950382f,-0.10393900895303902f,-0.9944056452896713f,0.11067692434305064f,0f,0f,0f,1f],start_interpolation:0}
execute if entity @s[tag=aj.frestchika_v2.bone.right_wing_0] run data modify entity @s {} merge value {transformation:[-0.9999994630523501f,-0.00009550595217991829f,-0.0010318786869630732f,-0.20132926375671303f,0.0002620392530770335f,0.940080224025609f,-0.34095322807005446f,1.2390816962866718f,0.0010026118099031446f,-0.34095331538874035f,-0.9400796942254337f,-0.33366081883031384f,0f,0f,0f,1f],start_interpolation:0}
execute if entity @s[tag=aj.frestchika_v2.bone.right_wing_1] run data modify entity @s {} merge value {transformation:[-0.9999994630523501f,-0.00009550595217991829f,-0.0010318786869630732f,0.19920858540947076f,0.0002620392530770335f,0.940080224025609f,-0.34095322807005446f,2.175855534772043f,0.0010026118099031446f,-0.34095331538874035f,-0.9400796942254337f,-0.04225932275537736f,0f,0f,0f,1f],start_interpolation:0}
execute if entity @s[tag=aj.frestchika_v2.bone.right_wing_2] run data modify entity @s {} merge value {transformation:[-0.9999994630523501f,-0.00009550595217991829f,-0.0010318786869630732f,0.20546037279015134f,0.0002620392530770335f,0.940080224025609f,-0.34095322807005446f,2.1582273928262308f,0.0010026118099031446f,-0.34095331538874035f,-0.9400796942254337f,-0.03587271441565032f,0f,0f,0f,1f],start_interpolation:0}
execute if entity @s[tag=aj.frestchika_v2.bone.left_wing_0] run data modify entity @s {} merge value {transformation:[-0.9999994630523501f,-0.00009550595217991829f,-0.0010318786869630732f,-0.20132926375671303f,0.0002620392530770335f,0.940080224025609f,-0.34095322807005446f,1.2390816962866718f,0.0010026118099031446f,-0.34095331538874035f,-0.9400796942254337f,-0.33366081883031384f,0f,0f,0f,1f],start_interpolation:0}
execute if entity @s[tag=aj.frestchika_v2.bone.left_wing_1] run data modify entity @s {} merge value {transformation:[-0.9999994630523501f,-0.00009550595217991829f,-0.0010318786869630732f,0.19920858540947076f,0.0002620392530770335f,0.940080224025609f,-0.34095322807005446f,2.175855534772043f,0.0010026118099031446f,-0.34095331538874035f,-0.9400796942254337f,-0.04225932275537736f,0f,0f,0f,1f],start_interpolation:0}
execute if entity @s[tag=aj.frestchika_v2.bone.left_wing_2] run data modify entity @s {} merge value {transformation:[-0.9999994630523501f,-0.00009550595217991829f,-0.0010318786869630732f,0.20546037279015134f,0.0002620392530770335f,0.940080224025609f,-0.34095322807005446f,2.1582273928262308f,0.0010026118099031446f,-0.34095331538874035f,-0.9400796942254337f,-0.03587271441565032f,0f,0f,0f,1f],start_interpolation:0}
execute if entity @s[tag=aj.frestchika_v2.bone.leg_right_1] run data modify entity @s {} merge value {transformation:[-0.9999919431062716f,-0.001873655181798878f,-0.003550089971095058f,-0.12388408447252833f,-0.003531389330548391f,0.8311235479328333f,0.5560765930705365f,0.6374606537974026f,0.001908667582173618f,0.556084649570368f,-0.8311234682646506f,0.15787900780723713f,0f,0f,0f,1f],start_interpolation:0}
execute if entity @s[tag=aj.frestchika_v2.bone.leg_right_0] run data modify entity @s {} merge value {transformation:[-0.9999919431062716f,-0.0028716721111168558f,-0.002804856828678633f,-0.12505079048759274f,-0.003531389330548391f,0.9615686139052367f,0.2745420369301529f,1.0281672419676382f,0.001908667582173618f,0.274549730015616f,-0.9615710076413562f,0.26949638098998935f,0f,0f,0f,1f],start_interpolation:0}
execute if entity @s[tag=aj.frestchika_v2.bone.leg_left_1] run data modify entity @s {} merge value {transformation:[-0.999990874201131f,0.004218729515742296f,0.0006736733116133309f,0.12335991896953417f,0.0042321254652993995f,0.9566795760393514f,0.2911121397386451f,0.6531004000398795f,0.0005836338781630506f,0.291112334177787f,-0.9566886997665733f,0.265574097631406f,0f,0f,0f,1f],start_interpolation:0}
execute if entity @s[tag=aj.frestchika_v2.bone.leg_left_0] run data modify entity @s {} merge value {transformation:[-0.999990874201131f,0.004237549555624357f,-0.0005428519332222364f,0.1249490000528933f,0.0042321254652993995f,0.9999446646180364f,0.00963103400306442f,1.028079649271643f,0.0005836338781630506f,0.009628648694694764f,-0.9999534731655321f,0.2691848408919165f,0f,0f,0f,1f],start_interpolation:0}
execute if entity @s[tag=aj.frestchika_v2.bone.body_0] run data modify entity @s {} merge value {transformation:[-0.9999991621619442f,0.00013572057959918663f,-0.0012873442949949386f,-2.5258340232414163e-17f,0.0003503707839805419f,0.9857457764516019f,-0.16824131908702428f,1.3977781117889914f,0.0012461603922913032f,-0.16824162917587449f,-0.9857449981088031f,0.20625000000000002f,0f,0f,0f,1f],start_interpolation:0}
execute if entity @s[tag=aj.frestchika_v2.bone.body_1] run data modify entity @s {} merge value {transformation:[-0.9999994630523501f,-0.00009550595217991829f,-0.0010318786869630732f,-2.5258340232414163e-17f,0.0002620392530770335f,0.940080224025609f,-0.34095322807005446f,1.3977781117889914f,0.0010026118099031446f,-0.34095331538874035f,-0.9400796942254337f,0.20625000000000002f,0f,0f,0f,1f],start_interpolation:0}