execute if entity @s[tag=aj.frestchika_v2.bone.hair] run data modify entity @s {} merge value {transformation:[-0.9999976937332203f,-0.0014303599454368243f,-0.001602060756388633f,-0.0007321817019922029f,-0.0006326429136278202f,0.9090357768620669f,-0.4167175975978484f,1.5019325860747987f,0.0020523867044265967f,-0.4167156230035117f,-0.9090345852901366f,-0.1314568653916673f,0f,0f,0f,1f],start_interpolation:0}
execute if entity @s[tag=aj.frestchika_v2.bone.side_hair_2] run data modify entity @s {} merge value {transformation:[-0.9999976937332203f,-0.0014303599454368243f,-0.001602060756388633f,0.4866306619420468f,-0.0006326429136278202f,0.9090357768620669f,-0.4167175975978484f,1.9209719048837752f,0.0020523867044265967f,-0.4167156230035117f,-0.9090345852901366f,-0.010891423048260768f,0f,0f,0f,1f],start_interpolation:0}
execute if entity @s[tag=aj.frestchika_v2.bone.side_hair_1] run data modify entity @s {} merge value {transformation:[-0.9999976937332203f,-0.0014303599454368243f,-0.001602060756388633f,0.3278076950019801f,-0.0006326429136278202f,0.9090357768620669f,-0.4167175975978484f,2.2729276977272628f,0.0020523867044265967f,-0.4167156230035117f,-0.9090345852901366f,-0.17195430314220783f,0f,0f,0f,1f],start_interpolation:0}
execute if entity @s[tag=aj.frestchika_v2.bone.head] run data modify entity @s {} merge value {transformation:[-0.9999976937332203f,-0.0014303599454368243f,-0.001602060756388633f,-0.0005363849795388344f,-0.0006326429136278202f,0.9090357768620669f,-0.4167175975978484f,1.7810564081527493f,0.0020523867044265967f,-0.4167156230035117f,-0.9090345852901366f,0.049981641373683106f,0f,0f,0f,1f],start_interpolation:0}
execute if entity @s[tag=aj.frestchika_v2.bone.group] run data modify entity @s {} merge value {transformation:[-0.0000017381599051638889f,-0.00000983762862376868f,-4.470606277539996e-7f,-0.3829652901857325f,-0.000007485497107758029f,0.0000016148305944371448f,-0.000006431147269423704f,1.1337527129250387f,0.000006398916564061987f,-7.831891291871452e-7f,-0.000007644637440330068f,0.3458796048234235f,0f,0f,0f,1f],start_interpolation:0}
execute if entity @s[tag=aj.frestchika_v2.bone.group2] run data modify entity @s {} merge value {transformation:[-0.0000017381599051638889f,-0.00000983762862376868f,-4.470606277539996e-7f,-0.3829652901857325f,-0.000007485497107758029f,0.0000016148305944371448f,-0.000006431147269423704f,1.1337527129250387f,0.000006398916564061987f,-7.831891291871452e-7f,-0.000007644637440330068f,0.3458796048234235f,0f,0f,0f,1f],start_interpolation:0}
execute if entity @s[tag=aj.frestchika_v2.bone.group3] run data modify entity @s {} merge value {transformation:[-0.0000017381599051638889f,-0.00000983762862376868f,-4.470606277539996e-7f,-0.3829652901857325f,-0.000007485497107758029f,0.0000016148305944371448f,-0.000006431147269423704f,1.1337527129250387f,0.000006398916564061987f,-7.831891291871452e-7f,-0.000007644637440330068f,0.3458796048234235f,0f,0f,0f,1f],start_interpolation:0}
execute if entity @s[tag=aj.frestchika_v2.locator_origin.muzzle] at @s on origin run tp @s ^-0.38297 ^1.13375 ^0.34588 ~-3.34686 ~-40.02447
execute if entity @s[tag=aj.frestchika_v2.bone.gun] run data modify entity @s {} merge value {transformation:[-0.0000017381599051638889f,-0.00000983762862376868f,-4.470606277539996e-7f,-0.38296742577701426f,-0.000007485497107758029f,0.0000016148305944371448f,-0.000006431147269423704f,1.1337496502228157f,0.000006398916564061987f,-7.831891291871452e-7f,-0.000007644637440330068f,0.34587617450087554f,0f,0f,0f,1f],start_interpolation:0}
execute if entity @s[tag=aj.frestchika_v2.bone.sword] run data modify entity @s {} merge value {transformation:[-0.000010353021987367922f,9.987644810919305e-7f,0.0000016030834196589817f,-0.3824868283934366f,0.0000016994315692797064f,0.000008823686663356046f,0.000005477860642463278f,1.1132893702339952f,-8.242204076652602e-7f,0.000005647786680481289f,-0.00000884169879273018f,0.2976568434140359f,0f,0f,0f,1f],start_interpolation:0}
execute if entity @s[tag=aj.frestchika_v2.bone.arm_right_1] run data modify entity @s {} merge value {transformation:[-0.17381599051638888f,-0.9837628623768679f,-0.04470606277539996f,-0.3308878934092153f,-0.7485497107758028f,0.16148305944371447f,-0.6431147269423704f,1.3355143383783314f,0.6398916564061986f,-0.07831891291871451f,-0.7644637440330068f,0.10768814453299044f,0f,0f,0f,1f],start_interpolation:0}
execute if entity @s[tag=aj.frestchika_v2.bone.arm_right_0] run data modify entity @s {} merge value {transformation:[-0.21795485332803893f,-0.9740421268512091f,0.061136053437608015f,-0.2503743974756145f,-0.9715112314561206f,0.21056192772405163f,-0.1087639726552102f,1.6947176870395784f,0.09306776598460431f,-0.0830999982689789f,-0.9921858602209219f,0.0933802347241915f,0f,0f,0f,1f],start_interpolation:0}
execute if entity @s[tag=aj.frestchika_v2.bone.arm_left_1] run data modify entity @s {} merge value {transformation:[-0.18686845990189882f,0.9821495582381747f,0.02150404488581037f,0.33035429425117413f,0.7500829783569685f,0.15678163371050263f,-0.6424912800265897f,1.3192874242470618f,-0.6343939661385756f,-0.10393153796429787f,-0.765991208267656f,0.09890403832186129f,0f,0f,0f,1f],start_interpolation:0}
execute if entity @s[tag=aj.frestchika_v2.bone.arm_left_0] run data modify entity @s {} merge value {transformation:[-0.21259172930300385f,0.9731573783669702f,-0.08814461731656655f,0.24957772274500484f,0.9735421535575753f,0.20321014191436523f,-0.10450508824752103f,1.69192849843712f,-0.08378801751107956f,-0.10802941799838207f,-0.990610525367308f,0.08701958115342746f,0f,0f,0f,1f],start_interpolation:0}
execute if entity @s[tag=aj.frestchika_v2.bone.right_wing_0] run data modify entity @s {} merge value {transformation:[-0.9999025240093042f,-0.0014303599454368243f,-0.013888720252395532f,-0.2085803495576624f,0.004487534272682478f,0.9090357768620669f,-0.4166939145475128f,1.238679074713938f,0.013221365889132333f,-0.4167156230035117f,-0.908940748909862f,-0.3163570905433039f,0f,0f,0f,1f],start_interpolation:0}
execute if entity @s[tag=aj.frestchika_v2.bone.right_wing_1] run data modify entity @s {} merge value {transformation:[-0.9999025240093042f,-0.0014303599454368243f,-0.013888720252395532f,0.1985096189885466f,0.004487534272682478f,0.9090357768620669f,-0.4166939145475128f,2.194480273440941f,0.013221365889132333f,-0.4167156230035117f,-0.908940748909862f,-0.10752114770521987f,0f,0f,0f,1f],start_interpolation:0}
execute if entity @s[tag=aj.frestchika_v2.bone.right_wing_2] run data modify entity @s {} merge value {transformation:[-0.9999025240093042f,-0.0014303599454368243f,-0.013888720252395532f,0.2047858290125817f,0.004487534272682478f,0.9090357768620669f,-0.4166939145475128f,2.1774078055355726f,0.013221365889132333f,-0.4167156230035117f,-0.908940748909862f,-0.09979036331071095f,0f,0f,0f,1f],start_interpolation:0}
execute if entity @s[tag=aj.frestchika_v2.bone.left_wing_0] run data modify entity @s {} merge value {transformation:[-0.9999025240093042f,-0.0014303599454368243f,-0.013888720252395532f,-0.2085803495576624f,0.004487534272682478f,0.9090357768620669f,-0.4166939145475128f,1.238679074713938f,0.013221365889132333f,-0.4167156230035117f,-0.908940748909862f,-0.3163570905433039f,0f,0f,0f,1f],start_interpolation:0}
execute if entity @s[tag=aj.frestchika_v2.bone.left_wing_1] run data modify entity @s {} merge value {transformation:[-0.9999025240093042f,-0.0014303599454368243f,-0.013888720252395532f,0.1985096189885466f,0.004487534272682478f,0.9090357768620669f,-0.4166939145475128f,2.194480273440941f,0.013221365889132333f,-0.4167156230035117f,-0.908940748909862f,-0.10752114770521987f,0f,0f,0f,1f],start_interpolation:0}
execute if entity @s[tag=aj.frestchika_v2.bone.left_wing_2] run data modify entity @s {} merge value {transformation:[-0.9999025240093042f,-0.0014303599454368243f,-0.013888720252395532f,0.2047858290125817f,0.004487534272682478f,0.9090357768620669f,-0.4166939145475128f,2.1774078055355726f,0.013221365889132333f,-0.4167156230035117f,-0.908940748909862f,-0.09979036331071095f,0f,0f,0f,1f],start_interpolation:0}
execute if entity @s[tag=aj.frestchika_v2.bone.leg_right_1] run data modify entity @s {} merge value {transformation:[-0.9998067974694731f,0.005827790606803828f,-0.018772442315248834f,-0.12560107286184916f,-0.004911818879932052f,0.8506657660066844f,0.5256839626425288f,0.6808602203138072f,0.019032650081552988f,0.5256746060072752f,-0.8504727901761285f,0.1996569249243645f,0f,0f,0f,1f],start_interpolation:0}
execute if entity @s[tag=aj.frestchika_v2.bone.leg_right_0] run data modify entity @s {} merge value {transformation:[-0.9998067974694731f,-0.0002653061819401954f,-0.019654448515944688f,-0.12569344830686793f,-0.004911818879932052f,0.9715591971595035f,0.23674585624688732f,1.0765326185114494f,0.019032650081552988f,0.23679665543966377f,-0.9713727925999689f,0.29691682041733547f,0f,0f,0f,1f],start_interpolation:0}
execute if entity @s[tag=aj.frestchika_v2.bone.leg_left_1] run data modify entity @s {} merge value {transformation:[-0.999764354663675f,0.019673515847661156f,-0.00917539743647654f,0.11823684581210539f,0.01679515776283405f,0.9688060422330833f,0.24725043014803996f,0.7005693347137901f,0.013753465732206916f,0.2470380644897888f,-0.9689081674098386f,0.3116601586323852f,0f,0f,0f,1f],start_interpolation:0}
execute if entity @s[tag=aj.frestchika_v2.bone.leg_left_0] run data modify entity @s {} merge value {transformation:[-0.999764354663675f,0.016084516736035805f,-0.014578184567828018f,0.12426853958811881f,0.01679515776283405f,0.9986073967033459f,-0.05001189783529478f,1.0750471084775448f,0.013753465732206916f,-0.050244955674521585f,-0.9986422215236137f,0.2928183002544396f,0f,0f,0f,1f],start_interpolation:0}
execute if entity @s[tag=aj.frestchika_v2.bone.body_0] run data modify entity @s {} merge value {transformation:[-0.999847951579947f,0.0018998782916654303f,-0.01733390273022166f,-2.525834023241416e-17f,0.0059420401356184045f,0.9716750088932726f,-0.23624641637765695f,1.4401679918294743f,0.01639408065158359f,-0.23631349422903347f,-0.9715385563964273f,0.20625f,0f,0f,0f,1f],start_interpolation:0}
execute if entity @s[tag=aj.frestchika_v2.bone.body_1] run data modify entity @s {} merge value {transformation:[-0.9999025240093042f,-0.0014303599454368243f,-0.013888720252395532f,-2.525834023241416e-17f,0.004487534272682478f,0.9090357768620669f,-0.4166939145475128f,1.4401679918294743f,0.013221365889132333f,-0.4167156230035117f,-0.908940748909862f,0.20625f,0f,0f,0f,1f],start_interpolation:0}