execute if entity @s[tag=aj.frestchika_v2.bone.hair] run data modify entity @s {} merge value {transformation:[-0.9999785141391294f,-0.004478945561095974f,-0.004786471222079938f,-0.0022279874385507776f,-0.001923104023583722f,0.8984890771816717f,-0.4389916626271419f,1.5160273549310217f,0.006266811869965201f,-0.43897302563128937f,-0.8984783858485956f,-0.13286986044107757f,0f,0f,0f,1f],start_interpolation:0}
execute if entity @s[tag=aj.frestchika_v2.bone.side_hair_2] run data modify entity @s {} merge value {transformation:[-0.9999785141391294f,-0.004478945561095974f,-0.004786471222079938f,0.4850270836413443f,-0.001923104023583722f,0.8984890771816717f,-0.4389916626271419f,1.9385634934836053f,0.006266811869965201f,-0.43897302563128937f,-0.8984783858485956f,-0.02471152611517205f,0f,0f,0f,1f],start_interpolation:0}
execute if entity @s[tag=aj.frestchika_v2.bone.side_hair_1] run data modify entity @s {} merge value {transformation:[-0.9999785141391294f,-0.004478945561095974f,-0.004786471222079938f,0.32502648076348656f,-0.001923104023583722f,0.8984890771816717f,-0.4389916626271419f,2.2862304672680365f,0.006266811869965201f,-0.43897302563128937f,-0.8984783858485956f,-0.1937273499488839f,0f,0f,0f,1f],start_interpolation:0}
execute if entity @s[tag=aj.frestchika_v2.bone.head] run data modify entity @s {} merge value {transformation:[-0.9999785141391294f,-0.004478945561095974f,-0.004786471222079938f,-0.0016796045854110156f,-0.001923104023583722f,0.8984890771816717f,-0.4389916626271419f,1.7995371269178906f,0.006266811869965201f,-0.43897302563128937f,-0.8984783858485956f,0.041635115388266475f,0f,0f,0f,1f],start_interpolation:0}
execute if entity @s[tag=aj.frestchika_v2.bone.group] run data modify entity @s {} merge value {transformation:[-0.000001469955787880731f,-0.00000987434222616957f,-5.801685808112622e-7f,-0.37214667851280797f,-0.00000743424086125277f,0.0000014898005522932318f,-0.000006520165422078376f,1.1561308868914284f,0.000006524668022095504f,-5.271241930241802e-7f,-0.000007559817940041477f,0.3557505800472277f,0f,0f,0f,1f],start_interpolation:0}
execute if entity @s[tag=aj.frestchika_v2.bone.group2] run data modify entity @s {} merge value {transformation:[-0.000001469955787880731f,-0.00000987434222616957f,-5.801685808112622e-7f,-0.37214667851280797f,-0.00000743424086125277f,0.0000014898005522932318f,-0.000006520165422078376f,1.1561308868914284f,0.000006524668022095504f,-5.271241930241802e-7f,-0.000007559817940041477f,0.3557505800472277f,0f,0f,0f,1f],start_interpolation:0}
execute if entity @s[tag=aj.frestchika_v2.bone.group3] run data modify entity @s {} merge value {transformation:[-0.000001469955787880731f,-0.00000987434222616957f,-5.801685808112622e-7f,-0.37214667851280797f,-0.00000743424086125277f,0.0000014898005522932318f,-0.000006520165422078376f,1.1561308868914284f,0.000006524668022095504f,-5.271241930241802e-7f,-0.000007559817940041477f,0.3557505800472277f,0f,0f,0f,1f],start_interpolation:0}
execute if entity @s[tag=aj.frestchika_v2.locator_origin.muzzle] at @s on origin run tp @s ^-0.37215 ^1.15612 ^0.35575 ~-4.38849 ~-40.69381
execute if entity @s[tag=aj.frestchika_v2.bone.gun] run data modify entity @s {} merge value {transformation:[-0.000001469955787880731f,-0.00000987434222616957f,-5.801685808112622e-7f,-0.37214887081017517f,-0.00000743424086125277f,0.0000014898005522932318f,-0.000006520165422078376f,1.15612776142145f,0.000006524668022095504f,-5.271241930241802e-7f,-0.000007559817940041477f,0.35574724339059566f,0f,0f,0f,1f],start_interpolation:0}
execute if entity @s[tag=aj.frestchika_v2.bone.sword] run data modify entity @s {} merge value {transformation:[-0.000010391659015398595f,0.0000010474867468621234f,0.0000012917684130034181f,-0.37275281471306804f,0.0000015678512032278739f,0.000008896812056727012f,0.000005398244996460783f,1.1351423271046877f,-5.547402294967176e-7f,0.0000055228595810888715f,-0.000008941071330402906f,0.30775552827405406f,0f,0f,0f,1f],start_interpolation:0}
execute if entity @s[tag=aj.frestchika_v2.bone.arm_right_1] run data modify entity @s {} merge value {transformation:[-0.1469955787880731f,-0.9874342226169569f,-0.05801685808112622f,-0.32911620328321467f,-0.7434240861252769f,0.14898005522932317f,-0.6520165422078376f,1.3558455842455723f,0.6524668022095503f,-0.05271241930241802f,-0.7559817940041477f,0.11405366575554585f,0f,0f,0f,1f],start_interpolation:0}
execute if entity @s[tag=aj.frestchika_v2.bone.arm_right_0] run data modify entity @s {} merge value {transformation:[-0.20961544675875352f,-0.9771489884554692f,0.035230935845955234f,-0.2510213194583187f,-0.9718286809816428f,0.20423284401326128f,-0.11763485983217425f,1.715038057503778f,0.10775147006704178f,-0.05889651761104808f,-0.9924317714138755f,0.09450350526952343f,0f,0f,0f,1f],start_interpolation:0}
execute if entity @s[tag=aj.frestchika_v2.bone.arm_left_1] run data modify entity @s {} merge value {transformation:[-0.18096077743265798f,0.9834109881275078f,-0.012491015212817161f,0.3215835907343543f,0.7418420012854512f,0.1281483727930482f,-0.6582161040868647f,1.3327378103125467f,-0.6456962460474465f,-0.1283776576378177f,-0.7527254046859736f,0.0900347009681069f,0f,0f,0f,1f],start_interpolation:0}
execute if entity @s[tag=aj.frestchika_v2.bone.arm_left_0] run data modify entity @s {} merge value {transformation:[-0.19351575036334662f,0.9744702083997896f,-0.11383965610709502f,0.24854815769312047f,0.9768216832237515f,0.18055019671588243f,-0.11498271891798778f,1.706292594638539f,-0.09149346176218148f,-0.13345201162637776f,-0.9868229360162062f,0.07560656430251925f,0f,0f,0f,1f],start_interpolation:0}
execute if entity @s[tag=aj.frestchika_v2.bone.right_wing_0] run data modify entity @s {} merge value {transformation:[-0.9991228300988584f,-0.004478945561095974f,-0.04163543469100042f,-0.22412045928168645f,0.0142563650526241f,0.8984890771816717f,-0.43876432653614195f,1.250306798066359f,0.039374184826281036f,-0.43897302563128937f,-0.8976370961236937f,-0.3055329153400161f,0f,0f,0f,1f],start_interpolation:0}
execute if entity @s[tag=aj.frestchika_v2.bone.right_wing_1] run data modify entity @s {} merge value {transformation:[-0.9991228300988584f,-0.004478945561095974f,-0.04163543469100042f,0.1967505358860322f,0.0142563650526241f,0.8984890771816717f,-0.43876432653614195f,2.2070651624743247f,0.039374184826281036f,-0.43897302563128937f,-0.8976370961236937f,-0.13125823972153028f,0f,0f,0f,1f],start_interpolation:0}
execute if entity @s[tag=aj.frestchika_v2.bone.right_wing_2] run data modify entity @s {} merge value {transformation:[-0.9991228300988584f,-0.004478945561095974f,-0.04163543469100042f,0.2030790338034206f,0.0142563650526241f,0.8984890771816717f,-0.43876432653614195f,2.1901293899955894f,0.039374184826281036f,-0.43897302563128937f,-0.8976370961236937f,-0.12327358414610773f,0f,0f,0f,1f],start_interpolation:0}
execute if entity @s[tag=aj.frestchika_v2.bone.left_wing_0] run data modify entity @s {} merge value {transformation:[-0.9991228300988584f,-0.004478945561095974f,-0.04163543469100042f,-0.22412045928168645f,0.0142563650526241f,0.8984890771816717f,-0.43876432653614195f,1.250306798066359f,0.039374184826281036f,-0.43897302563128937f,-0.8976370961236937f,-0.3055329153400161f,0f,0f,0f,1f],start_interpolation:0}
execute if entity @s[tag=aj.frestchika_v2.bone.left_wing_1] run data modify entity @s {} merge value {transformation:[-0.9991228300988584f,-0.004478945561095974f,-0.04163543469100042f,0.1967505358860322f,0.0142563650526241f,0.8984890771816717f,-0.43876432653614195f,2.2070651624743247f,0.039374184826281036f,-0.43897302563128937f,-0.8976370961236937f,-0.13125823972153028f,0f,0f,0f,1f],start_interpolation:0}
execute if entity @s[tag=aj.frestchika_v2.bone.left_wing_2] run data modify entity @s {} merge value {transformation:[-0.9991228300988584f,-0.004478945561095974f,-0.04163543469100042f,0.2030790338034206f,0.0142563650526241f,0.8984890771816717f,-0.43876432653614195f,2.1901293899955894f,0.039374184826281036f,-0.43897302563128937f,-0.8976370961236937f,-0.12327358414610773f,0f,0f,0f,1f],start_interpolation:0}
execute if entity @s[tag=aj.frestchika_v2.bone.leg_right_1] run data modify entity @s {} merge value {transformation:[-0.9986306136441134f,0.03294105311742265f,-0.040642151915181654f,-0.13531024736663888f,0.00667632784302164f,0.8507619551966005f,0.5255088222252694f,0.7059703635760426f,0.05188761065335402f,0.5245178572837845f,-0.8498168586531534f,0.19909940066878112f,0f,0f,0f,1f],start_interpolation:0}
execute if entity @s[tag=aj.frestchika_v2.bone.leg_right_0] run data modify entity @s {} merge value {transformation:[-0.9986306136441134f,0.019652923252803635f,-0.048483606511902304f,-0.12713913611584876f,0.00667632784302164f,0.9670541871387232f,0.2544830559860437f,1.1017067628404817f,0.05188761065335402f,0.2538108779092866f,-0.965861125688162f,0.3054418556815538f,0f,0f,0f,1f],start_interpolation:0}
execute if entity @s[tag=aj.frestchika_v2.bone.leg_left_1] run data modify entity @s {} merge value {transformation:[-0.9984757913316031f,0.041429408761850466f,-0.036465027277827036f,0.1118547066832319f,0.031021152832310647f,0.9677316146400755f,0.25006641138518965f,0.7227386399819976f,0.045648463300352014f,0.2485540708090616f,-0.967541777745313f,0.3143213072490405f,0f,0f,0f,1f],start_interpolation:0}
execute if entity @s[tag=aj.frestchika_v2.bone.leg_left_0] run data modify entity @s {} merge value {transformation:[-0.9984757913316031f,0.028437786053439936f,-0.047301019535607676f,0.12251887645327188f,0.031021152832310647f,0.9980148418409712f,-0.05480933809211269f,1.0969942056723618f,0.045648463300352014f,-0.05619312938002177f,-0.9973758318752248f,0.29324888373153235f,0f,0f,0f,1f],start_interpolation:0}
execute if entity @s[tag=aj.frestchika_v2.bone.body_0] run data modify entity @s {} merge value {transformation:[-0.9986320502764826f,0.0061603462167691145f,-0.051923773890949446f,-2.525834023241416e-17f,0.01885022867247923f,0.9686753032489116f,-0.24761426807561876f,1.4626037229747637f,0.048771887800085664f,-0.2482543192174482f,-0.9674663280705419f,0.20625f,0f,0f,0f,1f],start_interpolation:0}
execute if entity @s[tag=aj.frestchika_v2.bone.body_1] run data modify entity @s {} merge value {transformation:[-0.9991228300988584f,-0.004478945561095974f,-0.04163543469100042f,-2.525834023241416e-17f,0.0142563650526241f,0.8984890771816717f,-0.43876432653614195f,1.4626037229747637f,0.039374184826281036f,-0.43897302563128937f,-0.8976370961236937f,0.20625f,0f,0f,0f,1f],start_interpolation:0}