execute if entity @s[tag=aj.frestchika_v2.bone.hair] run data modify entity @s {} merge value {transformation:[-1f,3.682583948479538e-17f,1.1679664110263902e-16f,1.484080222627215e-17f,0f,0.9537169507482269f,-0.3007057995042731f,1.47818951856798f,-1.2246467991473532e-16f,-0.3007057995042731f,-0.9537169507482269f,-0.1211843466753426f,0f,0f,0f,1f],start_interpolation:0}
execute if entity @s[tag=aj.frestchika_v2.bone.side_hair_2] run data modify entity @s {} merge value {transformation:[-1f,3.682583948479538e-17f,1.1679664110263902e-16f,0.48737937499999995f,0f,0.9537169507482269f,-0.3007057995042731f,1.8786011712000692f,-1.2246467991473532e-16f,-0.3007057995042731f,-0.9537169507482269f,0.05139714486185862f,0f,0f,0f,1f],start_interpolation:0}
execute if entity @s[tag=aj.frestchika_v2.bone.side_hair_1] run data modify entity @s {} merge value {transformation:[-1f,3.682583948479538e-17f,1.1679664110263902e-16f,0.32911f,0f,0.9537169507482269f,-0.3007057995042731f,2.247961440470596f,-1.2246467991473532e-16f,-0.3007057995042731f,-0.9537169507482269f,-0.06506170069915378f,0f,0f,0f,1f],start_interpolation:0}
execute if entity @s[tag=aj.frestchika_v2.bone.head] run data modify entity @s {} merge value {transformation:[-1f,3.682583948479538e-17f,1.1679664110263902e-16f,-1.1448650425615891e-17f,0f,0.9537169507482269f,-0.3007057995042731f,1.732643856530585f,-1.2246467991473532e-16f,-0.3007057995042731f,-0.9537169507482269f,0.09348532518589757f,0f,0f,0f,1f],start_interpolation:0}
execute if entity @s[tag=aj.frestchika_v2.bone.group] run data modify entity @s {} merge value {transformation:[-0.000003303660895493523f,-0.000009396926207859084f,-8.852132690137683e-7f,-0.46716240609141213f,-0.000007878350919625559f,0.000003261904081870284f,-0.000005224133281982102f,1.0728213657492f,0.000005197827572632826f,-0.0000010284744064531142f,-0.000008480850719146568f,0.3019602232334089f,0f,0f,0f,1f],start_interpolation:0}
execute if entity @s[tag=aj.frestchika_v2.bone.group2] run data modify entity @s {} merge value {transformation:[-0.000003303660895493523f,-0.000009396926207859084f,-8.852132690137683e-7f,-0.46716240609141213f,-0.000007878350919625559f,0.000003261904081870284f,-0.000005224133281982102f,1.0728213657492f,0.000005197827572632826f,-0.0000010284744064531142f,-0.000008480850719146568f,0.3019602232334089f,0f,0f,0f,1f],start_interpolation:0}
execute if entity @s[tag=aj.frestchika_v2.bone.group3] run data modify entity @s {} merge value {transformation:[-0.000003303660895493523f,-0.000009396926207859084f,-8.852132690137683e-7f,-0.46716240609141213f,-0.000007878350919625559f,0.000003261904081870284f,-0.000005224133281982102f,1.0728213657492f,0.000005197827572632826f,-0.0000010284744064531142f,-0.000008480850719146568f,0.3019602232334089f,0f,0f,0f,1f],start_interpolation:0}
execute if entity @s[tag=aj.frestchika_v2.locator_origin.muzzle] at @s on origin run tp @s ^-0.46717 ^1.07281 ^0.30196 ~-5.95883 ~-31.49427
execute if entity @s[tag=aj.frestchika_v2.bone.gun] run data modify entity @s {} merge value {transformation:[-0.000003303660895493523f,-0.000009396926207859084f,-8.852132690137683e-7f,-0.4671647378179004f,-0.000007878350919625559f,0.000003261904081870284f,-0.000005224133281982102f,1.07281915924604f,0.000005197827572632826f,-0.0000010284744064531142f,-0.000008480850719146568f,0.30195629864385054f,0f,0f,0f,1f],start_interpolation:0}
execute if entity @s[tag=aj.frestchika_v2.bone.sword] run data modify entity @s {} merge value {transformation:[-0.000009889231171888823f,0.000001933948573292297f,0.0000030356911823838643f,-0.46642905691961123f,0.000003432795236719468f,0.000007736550660418078f,0.0000062541323899915f,1.0590075109432295f,-0.0000010823561806071935f,0.000006867175402204702f,-0.000007900815040466149f,0.2514324917177722f,0f,0f,0f,1f],start_interpolation:0}
execute if entity @s[tag=aj.frestchika_v2.bone.arm_right_1] run data modify entity @s {} merge value {transformation:[-0.33036608954935226f,-0.9396926207859083f,-0.08852132690137682f,-0.36835432350686714f,-0.7878350919625559f,0.3261904081870284f,-0.5224133281982102f,1.292895886424372f,0.5197827572632826f,-0.10284744064531141f,-0.8480850719146568f,0.09712089917325283f,0f,0f,0f,1f],start_interpolation:0}
execute if entity @s[tag=aj.frestchika_v2.bone.arm_right_0] run data modify entity @s {} merge value {transformation:[-0.3261904081870284f,-0.9396926207859083f,0.10284744064531143f,-0.25f,-0.9451458539084867f,0.3261904081870284f,-0.017295445827644917f,1.6417427096623949f,-0.017295445827644917f,-0.10284744064531141f,-0.9945467668774215f,0.12214634670114854f,0f,0f,0f,1f],start_interpolation:0}
execute if entity @s[tag=aj.frestchika_v2.bone.arm_left_1] run data modify entity @s {} merge value {transformation:[-0.3303660895493521f,0.9396926207859083f,0.08852132690137704f,0.37243170360920497f,0.7878350919625559f,0.3261904081870284f,-0.5224133281982102f,1.281081563250516f,-0.5197827572632827f,-0.10284744064531119f,-0.8480850719146568f,0.09690470610040737f,0f,0f,0f,1f],start_interpolation:0}
execute if entity @s[tag=aj.frestchika_v2.bone.arm_left_0] run data modify entity @s {} merge value {transformation:[-0.3261904081870284f,0.9396926207859083f,-0.10284744064531118f,0.24999999999999997f,0.9451458539084867f,0.3261904081870284f,-0.017295445827644917f,1.6417427096623949f,0.017295445827644806f,-0.10284744064531119f,-0.9945467668774215f,0.1221463467011486f,0f,0f,0f,1f],start_interpolation:0}
execute if entity @s[tag=aj.frestchika_v2.bone.right_wing_0] run data modify entity @s {} merge value {transformation:[-1f,3.682583948479538e-17f,1.1679664110263902e-16f,-0.20074624999999996f,0f,0.9537169507482269f,-0.3007057995042731f,1.2393411483850993f,-1.2246467991473532e-16f,-0.3007057995042731f,-0.9537169507482269f,-0.3401192305736011f,0f,0f,0f,1f],start_interpolation:0}
execute if entity @s[tag=aj.frestchika_v2.bone.right_wing_1] run data modify entity @s {} merge value {transformation:[-1f,3.682583948479538e-17f,1.1679664110263902e-16f,0.19925375f,0f,0.9537169507482269f,-0.3007057995042731f,2.1629765846128137f,-1.2246467991473532e-16f,-0.3007057995042731f,-0.9537169507482269f,-0.00877619692955478f,0f,0f,0f,1f],start_interpolation:0}
execute if entity @s[tag=aj.frestchika_v2.bone.right_wing_2] run data modify entity @s {} merge value {transformation:[-1f,3.682583948479538e-17f,1.1679664110263902e-16f,0.20550375f,0f,0.9537169507482269f,-0.3007057995042731f,2.1450943917862846f,-1.2246467991473532e-16f,-0.3007057995042731f,-0.9537169507482269f,-0.0031379631888495685f,0f,0f,0f,1f],start_interpolation:0}
execute if entity @s[tag=aj.frestchika_v2.bone.left_wing_0] run data modify entity @s {} merge value {transformation:[-1f,3.682583948479538e-17f,1.1679664110263902e-16f,-0.20074624999999996f,0f,0.9537169507482269f,-0.3007057995042731f,1.2393411483850993f,-1.2246467991473532e-16f,-0.3007057995042731f,-0.9537169507482269f,-0.3401192305736011f,0f,0f,0f,1f],start_interpolation:0}
execute if entity @s[tag=aj.frestchika_v2.bone.left_wing_1] run data modify entity @s {} merge value {transformation:[-1f,3.682583948479538e-17f,1.1679664110263902e-16f,0.19925375f,0f,0.9537169507482269f,-0.3007057995042731f,2.1629765846128137f,-1.2246467991473532e-16f,-0.3007057995042731f,-0.9537169507482269f,-0.00877619692955478f,0f,0f,0f,1f],start_interpolation:0}
execute if entity @s[tag=aj.frestchika_v2.bone.left_wing_2] run data modify entity @s {} merge value {transformation:[-1f,3.682583948479538e-17f,1.1679664110263902e-16f,0.20550375f,0f,0.9537169507482269f,-0.3007057995042731f,2.1450943917862846f,-1.2246467991473532e-16f,-0.3007057995042731f,-0.9537169507482269f,-0.0031379631888495685f,0f,0f,0f,1f],start_interpolation:0}
execute if entity @s[tag=aj.frestchika_v2.bone.leg_right_1] run data modify entity @s {} merge value {transformation:[-1f,-7.02428546843654e-17f,1.0031719290535246e-16f,-0.125f,0f,0.8191520442889919f,0.573576436351046f,0.6157606657433539f,-1.2246467991473532e-16f,0.573576436351046f,-0.8191520442889919f,0.13303559103390838f,0f,0f,0f,1f],start_interpolation:0}
execute if entity @s[tag=aj.frestchika_v2.bone.leg_right_0] run data modify entity @s {} merge value {transformation:[-1f,-3.682583948479538e-17f,1.16796641102639e-16f,-0.12500000000000003f,0f,0.9537169507482269f,0.3007057995042731f,1.0032081769848211f,-1.2246467991473532e-16f,0.3007057995042731f,-0.9537169507482269f,0.25519732208251933f,0f,0f,0f,1f],start_interpolation:0}
execute if entity @s[tag=aj.frestchika_v2.bone.leg_left_1] run data modify entity @s {} merge value {transformation:[-1f,-3.885861318210468e-17f,1.1613615289039903e-16f,0.12499999999999997f,0f,0.9483236552061993f,0.3173046564050921f,0.6285650938916245f,-1.2246467991473532e-16f,0.3173046564050921f,-0.9483236552061993f,0.23884005182051835f,0f,0f,0f,1f],start_interpolation:0}
execute if entity @s[tag=aj.frestchika_v2.bone.leg_left_0] run data modify entity @s {} merge value {transformation:[-1f,-5.341834311772722e-18f,1.223481206754078e-16f,0.12499999999999997f,0f,0.9990482215818577f,0.043619387365335965f,1.0032081769848211f,-1.2246467991473532e-16f,0.043619387365335965f,-0.9990482215818577f,0.25519732208251933f,0f,0f,0f,1f],start_interpolation:0}
execute if entity @s[tag=aj.frestchika_v2.bone.body_0] run data modify entity @s {} merge value {transformation:[-1f,1.5984848350717833e-17f,1.2141697760125282e-16f,-2.525834023241416e-17f,0f,0.9914448613738104f,-0.1305261922200516f,1.375f,-1.2246467991473532e-16f,-0.1305261922200516f,-0.9914448613738104f,0.20625f,0f,0f,0f,1f],start_interpolation:0}
execute if entity @s[tag=aj.frestchika_v2.bone.body_1] run data modify entity @s {} merge value {transformation:[-1f,3.682583948479538e-17f,1.1679664110263902e-16f,-2.525834023241416e-17f,0f,0.9537169507482269f,-0.3007057995042731f,1.375f,-1.2246467991473532e-16f,-0.3007057995042731f,-0.9537169507482269f,0.20625f,0f,0f,0f,1f],start_interpolation:0}