execute if entity @s[tag=aj.frestchika_v2.bone.hair] run data modify entity @s {} merge value {transformation:[-0.9995429532434785f,0.014445728363216587f,0.026555706606329027f,0.010312795254538284f,0.00815124516552379f,0.9746921376963048f,-0.22340276165539916f,1.4284646118457869f,-0.029110854050625024f,-0.22308419407269475f,-0.974364408489647f,-0.16428443003656046f,0f,0f,0f,1f],start_interpolation:0}
execute if entity @s[tag=aj.frestchika_v2.bone.side_hair_2] run data modify entity @s {} merge value {transformation:[-0.9995429532434785f,0.014445728363216587f,0.026555706606329027f,0.4946678852973907f,0.00815124516552379f,0.9746921376963048f,-0.22340276165539916f,1.8097936076532881f,-0.029110854050625024f,-0.22308419407269475f,-0.974364408489647f,0.053983436737684506f,0f,0f,0f,1f],start_interpolation:0}
execute if entity @s[tag=aj.frestchika_v2.bone.side_hair_1] run data modify entity @s {} merge value {transformation:[-0.9995429532434785f,0.014445728363216587f,0.026555706606329027f,0.34206546071103944f,0.00815124516552379f,0.9746921376963048f,-0.22340276165539916f,2.1885673446788205f,-0.029110854050625024f,-0.22308419407269475f,-0.974364408489647f,-0.037021082040067696f,0f,0f,0f,1f],start_interpolation:0}
execute if entity @s[tag=aj.frestchika_v2.bone.head] run data modify entity @s {} merge value {transformation:[-0.9995429532434785f,0.014445728363216587f,0.026555706606329027f,0.005417148136206201f,0.00815124516552379f,0.9746921376963048f,-0.22340276165539916f,1.6649136755885223f,-0.029110854050625024f,-0.22308419407269475f,-0.974364408489647f,0.07001868778195401f,0f,0f,0f,1f],start_interpolation:0}
execute if entity @s[tag=aj.frestchika_v2.bone.group] run data modify entity @s {} merge value {transformation:[-0.000003946622191514264f,-0.000009172238713993667f,5.424115144085004e-7f,-0.4708241531924266f,-0.00000774534667875908f,0.0000030034633217860486f,-0.0000055667596409869864f,1.0092949362420156f,0.000004943053520171798f,-0.0000026171062355589775f,-0.000008289570365737631f,0.19221249427516685f,0f,0f,0f,1f],start_interpolation:0}
execute if entity @s[tag=aj.frestchika_v2.bone.group2] run data modify entity @s {} merge value {transformation:[-0.000003946622191514264f,-0.000009172238713993667f,5.424115144085004e-7f,-0.4708241531924266f,-0.00000774534667875908f,0.0000030034633217860486f,-0.0000055667596409869864f,1.0092949362420156f,0.000004943053520171798f,-0.0000026171062355589775f,-0.000008289570365737631f,0.19221249427516685f,0f,0f,0f,1f],start_interpolation:0}
execute if entity @s[tag=aj.frestchika_v2.bone.group3] run data modify entity @s {} merge value {transformation:[-0.000003946622191514264f,-0.000009172238713993667f,5.424115144085004e-7f,-0.4708241531924266f,-0.00000774534667875908f,0.0000030034633217860486f,-0.0000055667596409869864f,1.0092949362420156f,0.000004943053520171798f,-0.0000026171062355589775f,-0.000008289570365737631f,0.19221249427516685f,0f,0f,0f,1f],start_interpolation:0}
execute if entity @s[tag=aj.frestchika_v2.locator_origin.muzzle] at @s on origin run tp @s ^-0.47083 ^1.00929 ^0.19221 ~3.7437 ~-33.82623
execute if entity @s[tag=aj.frestchika_v2.bone.gun] run data modify entity @s {} merge value {transformation:[-0.000003946622191514264f,-0.000009172238713993667f,5.424115144085004e-7f,-0.47082580372970334f,-0.00000774534667875908f,0.0000030034633217860486f,-0.0000055667596409869864f,1.009292526909681f,0.000004943053520171798f,-0.0000026171062355589775f,-0.000008289570365737631f,0.1922083495372725f,0f,0f,0f,1f],start_interpolation:0}
execute if entity @s[tag=aj.frestchika_v2.bone.sword] run data modify entity @s {} merge value {transformation:[-0.000009652772300219797f,7.045384038124365e-7f,0.000004132805798445268f,-0.4619476758814604f,0.0000031608147652144196f,0.000008038348139648662f,0.000006012210942391278f,0.9935600027655395f,-0.000002754216431239913f,0.000006755816459419271f,-0.000007584570325768479f,0.14303900490575913f,0f,0f,0f,1f],start_interpolation:0}
execute if entity @s[tag=aj.frestchika_v2.bone.arm_right_1] run data modify entity @s {} merge value {transformation:[-0.3946622191514264f,-0.9172238713993667f,0.05424115144085004f,-0.3447848220778015f,-0.774534667875908f,0.30034633217860485f,-0.5566759640986986f,1.2234997111625296f,0.4943053520171798f,-0.26171062355589775f,-0.8289570365737631f,-0.003709382832246283f,0f,0f,0f,1f],start_interpolation:0}
execute if entity @s[tag=aj.frestchika_v2.bone.arm_right_0] run data modify entity @s {} merge value {transformation:[-0.2978302407866344f,-0.9172238713993667f,0.2645704394072269f,-0.23944036526334714f,-0.9532971275002713f,0.30034633217860485f,-0.0318852230130216f,1.5771630664778429f,-0.050216873386406596f,-0.26171062355589775f,-0.9638391023118313f,0.03296104710567356f,0f,0f,0f,1f],start_interpolation:0}
execute if entity @s[tag=aj.frestchika_v2.bone.arm_left_1] run data modify entity @s {} merge value {transformation:[-0.21501218918009754f,0.9278831384614586f,0.3046352570909926f,0.3824640024896318f,0.7980175124929054f,0.34674053897836077f,-0.4928884745899738f,1.2422963560731484f,-0.5629722979495683f,0.13712724013816147f,-0.815020436402348f,0.14773014813994115f,0f,0f,0f,1f],start_interpolation:0}
execute if entity @s[tag=aj.frestchika_v2.bone.arm_left_0] run data modify entity @s {} merge value {transformation:[-0.34141243340222793f,0.9278831384614586f,0.1499014065220285f,0.24807999425417784f,0.9379061382762569f,0.34674053897836077f,-0.010152556954508868f,1.6045841816796906f,-0.06139728090142088f,0.13712724013816147f,-0.9886488223378427f,0.1409683946427286f,0f,0f,0f,1f],start_interpolation:0}
execute if entity @s[tag=aj.frestchika_v2.bone.right_wing_0] run data modify entity @s {} merge value {transformation:[-0.9747611941912218f,0.014445728363216587f,0.22278225968635715f,-0.06999948155517548f,-0.03598193753927177f,0.9746921376963048f,-0.22063666260149856f,1.2022432544772865f,-0.22033137422941668f,-0.22308419407269475f,-0.9495722868139703f,-0.4318856287195778f,0f,0f,0f,1f],start_interpolation:0}
execute if entity @s[tag=aj.frestchika_v2.bone.right_wing_1] run data modify entity @s {} merge value {transformation:[-0.9747611941912218f,0.014445728363216587f,0.22278225968635715f,0.19891375471630163f,-0.03598193753927177f,0.9746921376963048f,-0.22063666260149856f,2.1091172804878733f,-0.22033137422941668f,-0.22308419407269475f,-0.9495722868139703f,0.04577093964869093f,0f,0f,0f,1f],start_interpolation:0}
execute if entity @s[tag=aj.frestchika_v2.bone.right_wing_2] run data modify entity @s {} merge value {transformation:[-0.9747611941912218f,0.014445728363216587f,0.22278225968635715f,0.20473515477318646f,-0.03598193753927177f,0.9746921376963048f,-0.22063666260149856f,2.091066690015688f,-0.22033137422941668f,-0.22308419407269475f,-0.9495722868139703f,0.05133083937648787f,0f,0f,0f,1f],start_interpolation:0}
execute if entity @s[tag=aj.frestchika_v2.bone.left_wing_0] run data modify entity @s {} merge value {transformation:[-0.9747611941912218f,0.014445728363216587f,0.22278225968635715f,-0.06999948155517548f,-0.03598193753927177f,0.9746921376963048f,-0.22063666260149856f,1.2022432544772865f,-0.22033137422941668f,-0.22308419407269475f,-0.9495722868139703f,-0.4318856287195778f,0f,0f,0f,1f],start_interpolation:0}
execute if entity @s[tag=aj.frestchika_v2.bone.left_wing_1] run data modify entity @s {} merge value {transformation:[-0.9747611941912218f,0.014445728363216587f,0.22278225968635715f,0.19891375471630163f,-0.03598193753927177f,0.9746921376963048f,-0.22063666260149856f,2.1091172804878733f,-0.22033137422941668f,-0.22308419407269475f,-0.9495722868139703f,0.04577093964869093f,0f,0f,0f,1f],start_interpolation:0}
execute if entity @s[tag=aj.frestchika_v2.bone.left_wing_2] run data modify entity @s {} merge value {transformation:[-0.9747611941912218f,0.014445728363216587f,0.22278225968635715f,0.20473515477318646f,-0.03598193753927177f,0.9746921376963048f,-0.22063666260149856f,2.091066690015688f,-0.22033137422941668f,-0.22308419407269475f,-0.9495722868139703f,0.05133083937648787f,0f,0f,0f,1f],start_interpolation:0}
execute if entity @s[tag=aj.frestchika_v2.bone.leg_right_1] run data modify entity @s {} merge value {transformation:[-0.9606843816221308f,-0.1849768554441793f,0.20704850121961166f,-0.09309460852237741f,-0.048337343575287184f,0.8457797458551028f,0.5313380493785117f,0.5361363079520665f,-0.2734026702930844f,0.5004399908593042f,-0.8214686819504141f,0.15853576569333594f,0f,0f,0f,1f],start_interpolation:0}
execute if entity @s[tag=aj.frestchika_v2.bone.leg_right_0] run data modify entity @s {} merge value {transformation:[-0.9606843816221308f,-0.06999724116301552f,0.2686743477462465f,-0.11671064204242153f,-0.048337343575287184f,0.9950862660070514f,0.08641078879531144f,0.9222498834456542f,-0.2734026702930844f,0.07002649094242788f,-0.9593473148150784f,0.17325343467784676f,0f,0f,0f,1f],start_interpolation:0}
execute if entity @s[tag=aj.frestchika_v2.bone.leg_left_1] run data modify entity @s {} merge value {transformation:[-0.9606843816221308f,-0.1071331192364785f,0.2561406130818907f,0.14024576046594617f,-0.048337343575287184f,0.9730032555846596f,0.22567269626106262f,0.5597800461419148f,-0.2734026702930844f,0.2044190778384339f,-0.9399275613004948f,0.24884459986901408f,0f,0f,0f,1f],start_interpolation:0}
execute if entity @s[tag=aj.frestchika_v2.bone.leg_left_0] run data modify entity @s {} merge value {transformation:[-0.9606843816221308f,-0.04476081894089333f,0.2740109267803839f,0.12346045336311116f,-0.048337343575287184f,0.99881112852683f,-0.006311160514881536f,0.934334219339476f,-0.2734026702930844f,-0.019307993647723218f,-0.9617058704499576f,0.24160410225111786f,0f,0f,0f,1f],start_interpolation:0}
execute if entity @s[tag=aj.frestchika_v2.bone.body_0] run data modify entity @s {} merge value {transformation:[-0.9606843816221308f,-0.008999748427586217f,0.27749688905561537f,-1.8819791595197758e-17f,-0.048337343575287184f,0.9896321934929142f,-0.13524652608657856f,1.299404123952408f,-0.2734026702930844f,-0.1433426877473807f,-0.9511592157709287f,0.15367526055921454f,0f,0f,0f,1f],start_interpolation:0}
execute if entity @s[tag=aj.frestchika_v2.bone.body_1] run data modify entity @s {} merge value {transformation:[-0.9747611941912218f,0.014445728363216587f,0.22278225968635715f,-1.8819791595197758e-17f,-0.03598193753927177f,0.9746921376963048f,-0.22063666260149856f,1.299404123952408f,-0.22033137422941668f,-0.22308419407269475f,-0.9495722868139703f,0.15367526055921454f,0f,0f,0f,1f],start_interpolation:0}