execute if entity @s[tag=aj.frestchika_v2.bone.hair] run data modify entity @s {} merge value {transformation:[-0.9951926244647664f,0.0040713076955115725f,0.09785225937391057f,0.028322486651466187f,0.00231081618820074f,0.9998335487771298f,-0.01809792441898357f,1.384745323195017f,-0.09790965396463697f,-0.017784802314879992f,-0.9950363814791628f,-0.27323998793188886f,0f,0f,0f,1f],start_interpolation:0}
execute if entity @s[tag=aj.frestchika_v2.bone.side_hair_2] run data modify entity @s {} merge value {transformation:[-0.9951926244647664f,0.0040713076955115725f,0.09785225937391057f,0.48681441488235067f,0.00231081618820074f,0.9998335487771298f,-0.01809792441898357f,1.7187051864101994f,-0.09790965396463697f,-0.017784802314879992f,-0.9950363814791628f,0.05219584210005224f,0f,0f,0f,1f],start_interpolation:0}
execute if entity @s[tag=aj.frestchika_v2.bone.side_hair_1] run data modify entity @s {} merge value {transformation:[-0.9951926244647664f,0.0040713076955115725f,0.09785225937391057f,0.33088265660455857f,0.00231081618820074f,0.9998335487771298f,-0.01809792441898357f,2.1062914537821964f,-0.09790965396463697f,-0.017784802314879992f,-0.9950363814791628f,0.02981195519608458f,0f,0f,0f,1f],start_interpolation:0}
execute if entity @s[tag=aj.frestchika_v2.bone.head] run data modify entity @s {} merge value {transformation:[-0.9951926244647664f,0.0040713076955115725f,0.09785225937391057f,0.0015267403858168385f,0.00231081618820074f,0.9998335487771298f,-0.01809792441898357f,1.5679307153137825f,-0.09790965396463697f,-0.017784802314879992f,-0.9950363814791628f,0.003446076446787673f,0f,0f,0f,1f],start_interpolation:0}
execute if entity @s[tag=aj.frestchika_v2.bone.group] run data modify entity @s {} merge value {transformation:[-0.0000063863344618347f,-0.00000696896658749972f,0.0000032631636250569787f,-0.49029310373404056f,-0.000006950534130217925f,0.0000034042869407437036f,-0.000006332527594077872f,0.9848083556363096f,0.000003302242790325732f,-0.000006312236935302286f,-0.00000701789551264105f,-0.11426746079570708f,0f,0f,0f,1f],start_interpolation:0}
execute if entity @s[tag=aj.frestchika_v2.bone.group2] run data modify entity @s {} merge value {transformation:[-0.0000063863344618347f,-0.00000696896658749972f,0.0000032631636250569787f,-0.49029310373404056f,-0.000006950534130217925f,0.0000034042869407437036f,-0.000006332527594077872f,0.9848083556363096f,0.000003302242790325732f,-0.000006312236935302286f,-0.00000701789551264105f,-0.11426746079570708f,0f,0f,0f,1f],start_interpolation:0}
execute if entity @s[tag=aj.frestchika_v2.bone.group3] run data modify entity @s {} merge value {transformation:[-0.0000063863344618347f,-0.00000696896658749972f,0.0000032631636250569787f,-0.49029310373404056f,-0.000006950534130217925f,0.0000034042869407437036f,-0.000006332527594077872f,0.9848083556363096f,0.000003302242790325732f,-0.000006312236935302286f,-0.00000701789551264105f,-0.11426746079570708f,0f,0f,0f,1f],start_interpolation:0}
execute if entity @s[tag=aj.frestchika_v2.locator_origin.muzzle] at @s on origin run tp @s ^-0.4903 ^0.9848 ^-0.11427 ~24.93737 ~-39.29052
execute if entity @s[tag=aj.frestchika_v2.bone.gun] run data modify entity @s {} merge value {transformation:[-0.0000063863344618347f,-0.00000696896658749972f,0.0000032631636250569787f,-0.4902931801667544f,-0.000006950534130217925f,0.0000034042869407437036f,-0.000006332527594077872f,0.984805699761514f,0.000003302242790325732f,-0.000006312236935302286f,-0.00000701789551264105f,-0.11427177918602321f,0f,0f,0f,1f],start_interpolation:0}
execute if entity @s[tag=aj.frestchika_v2.bone.sword] run data modify entity @s {} merge value {transformation:[-0.000007334070747018831f,-0.0000012541612113342462f,0.000007442510137292879f,-0.46400009846964957f,0.000003582637533569266f,0.000008555409588214055f,0.000004972136994387409f,0.9640026722225046f,-0.000006642935028342774f,0.000005998709664909591f,-0.0000055352838929306f,-0.1545193359020385f,0f,0f,0f,1f],start_interpolation:0}
execute if entity @s[tag=aj.frestchika_v2.bone.arm_right_1] run data modify entity @s {} merge value {transformation:[-0.63863344618347f,-0.696896658749972f,0.32631636250569784f,-0.27440748763349243f,-0.6950534130217925f,0.3404286940743703f,-0.6332527594077871f,1.1703464279715738f,0.3302242790325732f,-0.6312236935302286f,-0.7017895512641049f,-0.2525570301451834f,0f,0f,0f,1f],start_interpolation:0}
execute if entity @s[tag=aj.frestchika_v2.bone.arm_right_0] run data modify entity @s {} merge value {transformation:[-0.3116255534143303f,-0.696896658749972f,0.6459292232763102f,-0.1697837282609151f,-0.9364654558663317f,0.3404286940743703f,-0.08450298349693107f,1.522730818679669f,-0.16100299509101143f,-0.6312236935302286f,-0.7587059274170593f,-0.17801957204502067f,0f,0f,0f,1f],start_interpolation:0}
execute if entity @s[tag=aj.frestchika_v2.bone.arm_left_1] run data modify entity @s {} merge value {transformation:[0.16348926198261982f,0.661297575182637f,0.732090689924372f,0.25822131748223565f,0.8558874700801313f,0.27398206896845145f,-0.4386233742558636f,1.1794240811268228f,-0.49064029571184936f,0.6982974602140062f,-0.5212031823410692f,0.2552163987689233f,0f,0f,0f,1f],start_interpolation:0}
execute if entity @s[tag=aj.frestchika_v2.bone.arm_left_0] run data modify entity @s {} merge value {transformation:[-0.19115208725342456f,0.661297575182637f,0.7253594947308706f,0.17263272760354167f,0.9617278474488453f,0.27398206896845145f,0.0036569557254022347f,1.5629139719605647f,-0.1963171591585157f,0.6982974602140062f,-0.6883605378568697f,0.18580496663486087f,0f,0f,0f,1f],start_interpolation:0}
execute if entity @s[tag=aj.frestchika_v2.bone.right_wing_0] run data modify entity @s {} merge value {transformation:[-0.6845471059286886f,0.0040713076955115725f,0.7289572581559945f,0.2723047497601858f,-0.010177991437636947f,0.9998335487771298f,-0.015142101242109084f,1.2173524109208005f,-0.7288975704822677f,-0.017784802314879992f,-0.6843917244909297f,-0.5213716553957263f,0f,0f,0f,1f],start_interpolation:0}
execute if entity @s[tag=aj.frestchika_v2.bone.right_wing_1] run data modify entity @s {} merge value {transformation:[-0.6845471059286886f,0.0040713076955115725f,0.7289572581559945f,0.11648592923865793f,-0.010177991437636947f,0.9998335487771298f,-0.015142101242109084f,2.01153419009049f,-0.7288975704822677f,-0.017784802314879992f,-0.6843917244909297f,0.16265058240517027f,0f,0f,0f,1f],start_interpolation:0}
execute if entity @s[tag=aj.frestchika_v2.bone.right_wing_2] run data modify entity @s {} merge value {transformation:[-0.6845471059286886f,0.0040713076955115725f,0.7289572581559945f,0.12068801163142141f,-0.010177991437636947f,0.9998335487771298f,-0.015142101242109084f,1.9928509234974041f,-0.7288975704822677f,-0.017784802314879992f,-0.6843917244909297f,0.16753965726408843f,0f,0f,0f,1f],start_interpolation:0}
execute if entity @s[tag=aj.frestchika_v2.bone.left_wing_0] run data modify entity @s {} merge value {transformation:[-0.6845471059286886f,0.0040713076955115725f,0.7289572581559945f,0.2723047497601858f,-0.010177991437636947f,0.9998335487771298f,-0.015142101242109084f,1.2173524109208005f,-0.7288975704822677f,-0.017784802314879992f,-0.6843917244909297f,-0.5213716553957263f,0f,0f,0f,1f],start_interpolation:0}
execute if entity @s[tag=aj.frestchika_v2.bone.left_wing_1] run data modify entity @s {} merge value {transformation:[-0.6845471059286886f,0.0040713076955115725f,0.7289572581559945f,0.11648592923865793f,-0.010177991437636947f,0.9998335487771298f,-0.015142101242109084f,2.01153419009049f,-0.7288975704822677f,-0.017784802314879992f,-0.6843917244909297f,0.16265058240517027f,0f,0f,0f,1f],start_interpolation:0}
execute if entity @s[tag=aj.frestchika_v2.bone.left_wing_2] run data modify entity @s {} merge value {transformation:[-0.6845471059286886f,0.0040713076955115725f,0.7289572581559945f,0.12068801163142141f,-0.010177991437636947f,0.9998335487771298f,-0.015142101242109084f,1.9928509234974041f,-0.7288975704822677f,-0.017784802314879992f,-0.6843917244909297f,0.16753965726408843f,0f,0f,0f,1f],start_interpolation:0}
execute if entity @s[tag=aj.frestchika_v2.bone.leg_right_1] run data modify entity @s {} merge value {transformation:[-0.522500870258533f,-0.3487887633021146f,0.7780354999440945f,-0.2868947347016442f,-0.013037147138948907f,0.9156645694690781f,0.40173178740732624f,0.5499666702700173f,-0.8525390743969179f,0.19976184523874704f,-0.48298274484007997f,0.04915872463175423f,0f,0f,0f,1f],start_interpolation:0}
execute if entity @s[tag=aj.frestchika_v2.bone.leg_right_0] run data modify entity @s {} merge value {transformation:[-0.522500870258533f,0.40623690845450355f,0.7496428581587388f,-0.11529553585367931f,-0.013037147138948907f,0.8752941422363495f,-0.4834151397724431f,0.8214854382271922f,-0.8525390743969179f,-0.26235803547072956f,-0.45204578070189566f,-0.060162435725033145f,0f,0f,0f,1f],start_interpolation:0}
execute if entity @s[tag=aj.frestchika_v2.bone.leg_left_1] run data modify entity @s {} merge value {transformation:[-0.522500870258533f,0.025496670867492452f,0.852257449573631f,-0.0311225845522567f,-0.013037147138948907f,0.9991970420617204f,-0.03788540523190756f,0.45420197607745993f,-0.8525390743969179f,-0.030906162974125642f,-0.5217489201873481f,0.18710821093670585f,0f,0f,0f,1f],start_interpolation:0}
execute if entity @s[tag=aj.frestchika_v2.bone.leg_left_0] run data modify entity @s {} merge value {transformation:[-0.522500870258533f,0.12387271003522836f,0.8435925511096004f,0.01532968171095393f,-0.013037147138948907f,0.9881139971585853f,-0.15316906154233909f,0.8247447250119294f,-0.8525390743969179f,-0.09102900816669211f,-0.5146754766827687f,0.15297233287419632f,0f,0f,0f,1f],start_interpolation:0}
execute if entity @s[tag=aj.frestchika_v2.bone.body_0] run data modify entity @s {} merge value {transformation:[-0.522500870258533f,0.13328780552363384f,0.842156280910954f,-1.2387764450820441e-18f,-0.013037147138948907f,0.9863414744074612f,-0.16419661585487402f,1.1929931345223588f,-0.8525390743969179f,-0.0967721900259038f,-0.5136265860175437f,0.01011537731486767f,0f,0f,0f,1f],start_interpolation:0}
execute if entity @s[tag=aj.frestchika_v2.bone.body_1] run data modify entity @s {} merge value {transformation:[-0.6845471059286886f,0.0040713076955115725f,0.7289572581559945f,-1.2387764450820441e-18f,-0.010177991437636947f,0.9998335487771298f,-0.015142101242109084f,1.1929931345223588f,-0.7288975704822677f,-0.017784802314879992f,-0.6843917244909297f,0.01011537731486767f,0f,0f,0f,1f],start_interpolation:0}