execute if entity @s[tag=aj.frestchika_v2.bone.hair] run data modify entity @s {} merge value {transformation:[-0.9999998258360359f,-0.0003783457922689945f,-0.00045297059432885655f,-0.0002018848075079744f,-0.00018197077879620206f,0.9277566963892527f,-0.3731855827755616f,1.4931104071557697f,0.000561439697134603f,-0.3731854353526693f,-0.9277566036553473f,-0.1281524273631231f,0f,0f,0f,1f],start_interpolation:0}
execute if entity @s[tag=aj.frestchika_v2.bone.side_hair_2] run data modify entity @s {} merge value {transformation:[-0.9999998258360359f,-0.0003783457922689945f,-0.00045297059432885655f,0.4871816542010883f,-0.00018197077879620206f,0.9277566963892527f,-0.3731855827755616f,1.9057010409654447f,0.000561439697134603f,-0.3731854353526693f,-0.9277566036553473f,0.01283967438780187f,0f,0f,0f,1f],start_interpolation:0}
execute if entity @s[tag=aj.frestchika_v2.bone.side_hair_1] run data modify entity @s {} merge value {transformation:[-0.9999998258360359f,-0.0003783457922689945f,-0.00045297059432885655f,0.3287657791157511f,-0.00018197077879620206f,0.9277566963892527f,-0.3731855827755616f,2.264978492725128f,0.000561439697134603f,-0.3731854353526693f,-0.9277566036553473f,-0.13160058823279092f,0f,0f,0f,1f],start_interpolation:0}
execute if entity @s[tag=aj.frestchika_v2.bone.head] run data modify entity @s {} merge value {transformation:[-0.9999998258360359f,-0.0003783457922689945f,-0.00045297059432885655f,-0.00014187967210089818f,-0.00018197077879620206f,0.9277566963892527f,-0.3731855827755616f,1.7633255138557322f,0.000561439697134603f,-0.3731854353526693f,-0.9277566036553473f,0.06630546174274904f,0f,0f,0f,1f],start_interpolation:0}
execute if entity @s[tag=aj.frestchika_v2.bone.group] run data modify entity @s {} merge value {transformation:[-0.0000023314641841570214f,-0.000009706959778931949f,-5.824144642696293e-7f,-0.41409184574954344f,-0.000007673446640066431f,0.000002204336564416725f,-0.000006021554365180864f,1.1087191471355569f,0.000005973482352869744f,-9.569912021397665e-7f,-0.000007962516965067067f,0.3291405205317548f,0f,0f,0f,1f],start_interpolation:0}
execute if entity @s[tag=aj.frestchika_v2.bone.group2] run data modify entity @s {} merge value {transformation:[-0.0000023314641841570214f,-0.000009706959778931949f,-5.824144642696293e-7f,-0.41409184574954344f,-0.000007673446640066431f,0.000002204336564416725f,-0.000006021554365180864f,1.1087191471355569f,0.000005973482352869744f,-9.569912021397665e-7f,-0.000007962516965067067f,0.3291405205317548f,0f,0f,0f,1f],start_interpolation:0}
execute if entity @s[tag=aj.frestchika_v2.bone.group3] run data modify entity @s {} merge value {transformation:[-0.0000023314641841570214f,-0.000009706959778931949f,-5.824144642696293e-7f,-0.41409184574954344f,-0.000007673446640066431f,0.000002204336564416725f,-0.000006021554365180864f,1.1087191471355569f,0.000005973482352869744f,-9.569912021397665e-7f,-0.000007962516965067067f,0.3291405205317548f,0f,0f,0f,1f],start_interpolation:0}
execute if entity @s[tag=aj.frestchika_v2.locator_origin.muzzle] at @s on origin run tp @s ^-0.4141 ^1.10871 ^0.32914 ~-4.18342 ~-37.02443
execute if entity @s[tag=aj.frestchika_v2.bone.gun] run data modify entity @s {} merge value {transformation:[-0.0000023314641841570214f,-0.000009706959778931949f,-5.824144642696293e-7f,-0.41409404809866573f,-0.000007673446640066431f,0.000002204336564416725f,-0.000006021554365180864f,1.1087163781522427f,0.000005973482352869744f,-9.569912021397665e-7f,-0.000007962516965067067f,0.3291368886730623f,0f,0f,0f,1f],start_interpolation:0}
execute if entity @s[tag=aj.frestchika_v2.bone.sword] run data modify entity @s {} merge value {transformation:[-0.000010215507401750195f,0.0000013223736544725685f,0.000002155738308038317f,-0.4133632789206948f,0.000002319821757026517f,0.000008472064030534224f,0.000005796121917985739f,1.0905976303796197f,-0.0000010071279712198694f,0.000006101469510739618f,-0.000008515294138730702f,0.2799928668892392f,0f,0f,0f,1f],start_interpolation:0}
execute if entity @s[tag=aj.frestchika_v2.bone.arm_right_1] run data modify entity @s {} merge value {transformation:[-0.23314641841570213f,-0.9706959778931947f,-0.058241446426962926f,-0.34415063338352375f,-0.767344664006643f,0.22043365644167245f,-0.6021554365180863f,1.3184025456524333f,0.5973482352869743f,-0.09569912021397664f,-0.7962516965067067f,0.10265414187942483f,0f,0f,0f,1f],start_interpolation:0}
execute if entity @s[tag=aj.frestchika_v2.bone.arm_right_0] run data modify entity @s {} merge value {transformation:[-0.2570494824045489f,-0.9630081051353464f,0.08087615865743804f,-0.2501037951653642f,-0.9649858474318893f,0.2512504495915483f,-0.07533608588321627f,1.6749407814510375f,0.05222909009079102f,-0.09740945038174909f,-0.9938729904392279f,0.10291104276982474f,0f,0f,0f,1f],start_interpolation:0}
execute if entity @s[tag=aj.frestchika_v2.bone.arm_left_1] run data modify entity @s {} merge value {transformation:[-0.2376809739311896f,0.969966494171753f,0.051698692587719f,0.3464758552463826f,0.7687746765696171f,0.2203791133347553f,-0.6003486845751125f,1.3049886752463316f,-0.5937114208909928f,-0.10294681437492549f,-0.7980656001317515f,0.09961804277335184f,0f,0f,0f,1f],start_interpolation:0}
execute if entity @s[tag=aj.frestchika_v2.bone.arm_left_0] run data modify entity @s {} merge value {transformation:[-0.2553953998767946f,0.9627295869237217f,-0.08902208817732873f,0.2498924133712235f,0.9656773051655421f,0.24949770132808854f,-0.0722373817369959f,1.674230390241163f,-0.04733425831243926f,-0.10441570520606477f,-0.9934066783026634f,0.10109025449863891f,0f,0f,0f,1f],start_interpolation:0}
execute if entity @s[tag=aj.frestchika_v2.bone.right_wing_0] run data modify entity @s {} merge value {transformation:[-0.9999922893814706f,-0.0003783457922689945f,-0.003908712328454861f,-0.20295412027806492f,0.0011076645347178789f,0.9277566963892527f,-0.3731839832899831f,1.238350146350607f,0.0037675266268031747f,-0.3731854353526693f,-0.9277491237310629f,-0.3273029580114176f,0f,0f,0f,1f],start_interpolation:0}
execute if entity @s[tag=aj.frestchika_v2.bone.right_wing_1] run data modify entity @s {} merge value {transformation:[-0.9999922893814706f,-0.0003783457922689945f,-0.003908712328454861f,0.19906801076933323f,0.0011076645347178789f,0.9277566963892527f,-0.3731839832899831f,2.1842949896692514f,0.0037675266268031747f,-0.3731854353526693f,-0.9277491237310629f,-0.06951004781609335f,0f,0f,0f,1f],start_interpolation:0}
execute if entity @s[tag=aj.frestchika_v2.bone.right_wing_2] run data modify entity @s {} merge value {transformation:[-0.9999922893814706f,-0.0003783457922689945f,-0.003908712328454861f,0.20532505656157246f,0.0011076645347178789f,0.9277566963892527f,-0.3731839832899831f,2.1668926287086103f,0.0037675266268031747f,-0.3731854353526693f,-0.9277491237310629f,-0.0625363679446482f,0f,0f,0f,1f],start_interpolation:0}
execute if entity @s[tag=aj.frestchika_v2.bone.left_wing_0] run data modify entity @s {} merge value {transformation:[-0.9999922893814706f,-0.0003783457922689945f,-0.003908712328454861f,-0.20295412027806492f,0.0011076645347178789f,0.9277566963892527f,-0.3731839832899831f,1.238350146350607f,0.0037675266268031747f,-0.3731854353526693f,-0.9277491237310629f,-0.3273029580114176f,0f,0f,0f,1f],start_interpolation:0}
execute if entity @s[tag=aj.frestchika_v2.bone.left_wing_1] run data modify entity @s {} merge value {transformation:[-0.9999922893814706f,-0.0003783457922689945f,-0.003908712328454861f,0.19906801076933323f,0.0011076645347178789f,0.9277566963892527f,-0.3731839832899831f,2.1842949896692514f,0.0037675266268031747f,-0.3731854353526693f,-0.9277491237310629f,-0.06951004781609335f,0f,0f,0f,1f],start_interpolation:0}
execute if entity @s[tag=aj.frestchika_v2.bone.left_wing_2] run data modify entity @s {} merge value {transformation:[-0.9999922893814706f,-0.0003783457922689945f,-0.003908712328454861f,0.20532505656157246f,0.0011076645347178789f,0.9277566963892527f,-0.3731839832899831f,2.1668926287086103f,0.0037675266268031747f,-0.3731854353526693f,-0.9277491237310629f,-0.0625363679446482f,0f,0f,0f,1f],start_interpolation:0}
execute if entity @s[tag=aj.frestchika_v2.bone.leg_right_1] run data modify entity @s {} merge value {transformation:[-0.9999666550642734f,-0.001285747830652959f,-0.008064466013574492f,-0.1236821876215809f,-0.0054546473692864885f,0.8400902642530774f,0.5424192057157187f,0.6550032271997976f,0.00607746506735027f,0.5424451076004928f,-0.8400692647982336f,0.1769158705070085f,0f,0f,0f,1f],start_interpolation:0}
execute if entity @s[tag=aj.frestchika_v2.bone.leg_right_0] run data modify entity @s {} merge value {transformation:[-0.9999666550642734f,-0.003719952120115958f,-0.007269849777827023f,-0.12519303793801853f,-0.0054546473692864885f,0.9667687467875977f,0.25559428212856106f,1.048021806320821f,0.00607746506735027f,0.2556254138206171f,-0.9667568009729196f,0.28106748872901754f,0f,0f,0f,1f],start_interpolation:0}
execute if entity @s[tag=aj.frestchika_v2.bone.leg_left_1] run data modify entity @s {} merge value {transformation:[-0.9999593210769744f,0.008976833036325993f,-0.0008790107588974253f,0.12167419049438719f,0.008402646641393252f,0.9625370424915366f,0.27101999439352387f,0.6727199916591424f,0.0032789816553640393f,0.2710015835752325f,-0.9625733166772388f,0.2862399040430258f,0f,0f,0f,1f],start_interpolation:0}
execute if entity @s[tag=aj.frestchika_v2.bone.leg_left_0] run data modify entity @s {} merge value {transformation:[-0.9999593210769744f,0.008346037581724185f,-0.0034205040506888294f,0.12480395458753375f,0.008402646641393252f,0.9998221481238616f,-0.016883946529381105f,1.0476532972055905f,0.0032789816553640393f,-0.016912000995493226f,-0.9998516052403137f,0.27989790366971584f,0f,0f,0f,1f],start_interpolation:0}
execute if entity @s[tag=aj.frestchika_v2.bone.body_0] run data modify entity @s {} merge value {transformation:[-0.9999879701022091f,0.0005187778006462844f,-0.00487755271183726f,-2.5258340232414163e-17f,0.0014740364609218055f,0.9802112025241513f,-0.19794904814792416f,1.4154167527097625f,0.004678340237206731f,-0.19795385653164443f,-0.9802001753809647f,0.20625000000000002f,0f,0f,0f,1f],start_interpolation:0}
execute if entity @s[tag=aj.frestchika_v2.bone.body_1] run data modify entity @s {} merge value {transformation:[-0.9999922893814706f,-0.0003783457922689945f,-0.003908712328454861f,-2.5258340232414163e-17f,0.0011076645347178789f,0.9277566963892527f,-0.3731839832899831f,1.4154167527097625f,0.0037675266268031747f,-0.3731854353526693f,-0.9277491237310629f,0.20625000000000002f,0f,0f,0f,1f],start_interpolation:0}