execute if entity @s[tag=aj.louvert.bone.head] run data modify entity @s {} merge value {transformation:[-0.3933110108508373f,-0.6065177385515335f,0.6909722726461798f,-0.12244742114442592f,-0.07948346942978907f,0.7711594494327184f,0.6316608913317576f,1.4097389456602112f,-0.9159633326890858f,0.19351831017492993f,-0.3515136367143432f,0.0861611967775271f,0f,0f,0f,1f],start_interpolation:0}
execute if entity @s[tag=aj.louvert.bone.coat_0] run data modify entity @s {} merge value {transformation:[0.08482104371801344f,-0.014381736254856295f,0.9962924049719957f,0.09147569344062123f,0.7161067513596374f,0.6961310684379755f,-0.05091813245347371f,0.6831171583880373f,-0.6928178051982596f,0.7177706466676517f,0.06934542221782117f,-0.25057907591746065f,0f,0f,0f,1f],start_interpolation:0}
execute if entity @s[tag=aj.louvert.bone.coat_1] run data modify entity @s {} merge value {transformation:[0.0005228316018182286f,0.08603005545873799f,0.9962924049719957f,0.05612408826269339f,-0.8024471680131916f,0.5945467907028509f,-0.05091813245347371f,0.6704344309649393f,-0.5967229417365526f,-0.7994453972740773f,0.06934542221782117f,0.24800834112839237f,0f,0f,0f,1f],start_interpolation:0}
execute if entity @s[tag=aj.louvert.bone.coat_2] run data modify entity @s {} merge value {transformation:[0.07070321035585567f,0.04901530210549576f,0.9962924049719957f,0.19833644147315677f,0.02536545484619621f,0.9983806576090586f,-0.05091813245347371f,0.6704110281198041f,-0.997174834091706f,0.028871485441710594f,0.06934542221782117f,0.007382810382693514f,0f,0f,0f,1f],start_interpolation:0}
execute if entity @s[tag=aj.louvert.bone.right_leg_1] run data modify entity @s {} merge value {transformation:[0.08592322374440253f,-0.29547294295741056f,0.9514793427087403f,0.08708352623874144f,0.5484618223210065f,0.8113062922607864f,0.20241474648447988f,0.3353458995221917f,-0.8317492585375057f,0.5044579666514765f,0.23176568081613733f,-0.35270521447635933f,0f,0f,0f,1f],start_interpolation:0}
execute if entity @s[tag=aj.louvert.bone.right_leg_0] run data modify entity @s {} merge value {transformation:[0.08592322374440253f,0.004317802275085596f,0.9962924049719957f,0.08263779214613927f,0.5484618223210065f,0.8346238513508774f,-0.05091813245347371f,0.6799464765322628f,-0.8317492585375057f,0.5508033980829656f,0.06934542221782117f,-0.12593222165599738f,0f,0f,0f,1f],start_interpolation:0}
execute if entity @s[tag=aj.louvert.bone.left_leg_1] run data modify entity @s {} merge value {transformation:[-0.45915262993679457f,-0.23391252943739937f,0.8570086294748281f,-0.08070995081524053f,-0.3020994678089641f,0.9483300721274113f,0.09698446189137688f,0.3685689578655088f,-0.8354129362008145f,-0.2143711801316048f,-0.5060930973223379f,0.31373071352470483f,0f,0f,0f,1f],start_interpolation:0}
execute if entity @s[tag=aj.louvert.bone.left_leg_0] run data modify entity @s {} merge value {transformation:[-0.45915262993679457f,0.33613851138676887f,0.822307584535624f,0.06496198955717535f,-0.3020994678089641f,0.8114012300335461f,-0.5003638230823542f,0.6736051128207138f,-0.8354129362008145f,-0.4781620489569786f,-0.2710097433038123f,0.12336148686692912f,0f,0f,0f,1f],start_interpolation:0}
execute if entity @s[tag=aj.louvert.bone.body_1] run data modify entity @s {} merge value {transformation:[0.07070321035585567f,0.04901530210549576f,0.9962924049719957f,0.08911717275962473f,0.02536545484619621f,0.9983806576090586f,-0.05091813245347371f,0.9887697501793191f,-0.997174834091706f,0.028871485441710594f,0.06934542221782117f,0.007736971806000428f,0f,0f,0f,1f],start_interpolation:0}
execute if entity @s[tag=aj.louvert.locator_origin.locator] at @s on origin run tp @s ^-0.00846 ^1.38065 ^-1.62455 ~176.54225 ~9.39935
execute if entity @s[tag=aj.louvert.bone.sword_0] run data modify entity @s {} merge value {transformation:[-0.08284324371492396f,-0.9947846102614992f,0.05950274075760684f,0.017856585268476582f,0.983930720136229f,-0.0721707328506816f,0.1633147981414958f,1.5220924121207515f,-0.15816869141202264f,0.07207610218840106f,0.9847779955656686f,-0.7584304804070575f,0f,0f,0f,1f],start_interpolation:0}
execute if entity @s[tag=aj.louvert.bone.right_arm_1] run data modify entity @s {} merge value {transformation:[-0.20477864057544803f,-0.5343433548014357f,0.8200871219227983f,0.09807894902015911f,0.053452476076260025f,0.8304872818671896f,0.5544670481265448f,1.4919526112693893f,-0.9773477074027384f,0.15737869562426265f,-0.1415040812069298f,-0.3931959546395183f,0f,0f,0f,1f],start_interpolation:0}
execute if entity @s[tag=aj.louvert.bone.right_arm_0] run data modify entity @s {} merge value {transformation:[0.44099358589282195f,-0.5343433548014357f,0.7211115283927567f,-0.061260809062415836f,0.43274337975706284f,0.8304872818671896f,0.3507478323999762f,1.3489765536272713f,-0.7862937265919302f,0.15737869562426265f,0.5974731137764953f,-0.17971307842855783f,0f,0f,0f,1f],start_interpolation:0}
execute if entity @s[tag=aj.louvert.locator_origin.locator2] at @s on origin run tp @s ^-0.65134 ^0.7783 ^-0.65863 ~166.97863 ~0.42402
execute if entity @s[tag=aj.louvert.bone.sword_1] run data modify entity @s {} merge value {transformation:[0.7831092344103481f,0.5796344497355193f,0.2253083035776557f,-0.4385119870017005f,-0.5962900210295301f,0.8027349778703732f,0.007400413775887182f,0.8057004074564754f,-0.17657332131961914f,-0.14014442544480293f,0.9742594121767083f,0.19273288493141308f,0f,0f,0f,1f],start_interpolation:0}
execute if entity @s[tag=aj.louvert.bone.left_arm_1] run data modify entity @s {} merge value {transformation:[0.5888511351594317f,-0.783109234410348f,-0.19998566849323987f,-0.20901442263533326f,0.619687563376529f,0.5962900210295302f,-0.5103190517872747f,1.0332008272903603f,0.5188850204215859f,0.17657332131961925f,0.8364091090968877f,0.3832971023994823f,0f,0f,0f,1f],start_interpolation:0}
execute if entity @s[tag=aj.louvert.bone.left_arm_0] run data modify entity @s {} merge value {transformation:[0.5692549560054687f,-0.783109234410348f,0.25037715959018925f,-0.050048194526077054f,0.8016481505277939f,0.5962900210295302f,0.04240817817320208f,1.2628795172263536f,-0.1825076376993019f,0.17657332131961925f,0.9672191191139572f,0.3126907980775463f,0f,0f,0f,1f],start_interpolation:0}
execute if entity @s[tag=aj.louvert.bone.wing_0] run data modify entity @s {} merge value {transformation:[0.3256186735860623f,-0.5343433548014357f,0.7800318317809862f,0.48371810333488036f,0.3740618847287801f,0.8304872818671896f,0.4127572907290678f,1.389136308458135f,-0.8683606311925978f,0.15737869562426265f,0.4702996495410127f,0.06875571565670593f,0f,0f,0f,1f],start_interpolation:0}
execute if entity @s[tag=aj.louvert.bone.wing_1] run data modify entity @s {} merge value {transformation:[-0.36653473508789763f,-0.5343433548014357f,0.7616623051941012f,0.272475605201724f,-0.05988434611021118f,0.8304872818671896f,0.5538092990802879f,1.2566976254882498f,-0.9284751763321395f,0.15737869562426265f,-0.336401238253679f,0.05040899290669637f,0f,0f,0f,1f],start_interpolation:0}
execute if entity @s[tag=aj.louvert.bone.body_0] run data modify entity @s {} merge value {transformation:[-0.02242522907267755f,-0.5343433548014357f,0.8449699925326256f,-0.04287000237429643f,0.1721940728018353f,0.8304872818671896f,0.5297547318795403f,1.290173172286044f,-0.9848077530122082f,0.15737869562426265f,0.07338689100003824f,0.060007047146647466f,0f,0f,0f,1f],start_interpolation:0}