execute if entity @s[tag=aj.ecual.bone.wing_right_1] run data modify entity @s {} merge value {transformation:[-0.10970133483066646f,0.07254767231552195f,-0.8060067597870467f,-0.0784791988702048f,-0.3781128521315832f,0.714542208637156f,0.11577800988658964f,1.5635900568605596f,0.7155003372701746f,0.3887296126640977f,-0.0623939103497378f,-0.1936864100739823f,0f,0f,0f,1f],start_interpolation:0}
execute if entity @s[tag=aj.ecual.bone.wing_right_2] run data modify entity @s {} merge value {transformation:[-0.07208622924481817f,0.10678157674939873f,-0.7895576422403724f,-0.0784791988702048f,-0.0743385404991061f,0.788422967265645f,0.1134151933582919f,1.5635900568605596f,0.7932700403706964f,0.08358779549041997f,-0.06112056524055948f,-0.1936864100739823f,0f,0f,0f,1f],start_interpolation:0}
execute if entity @s[tag=aj.ecual.bone.wing_left_1] run data modify entity @s {} merge value {transformation:[-0.7496677191527197f,0.22407762291870226f,0.23394865721330282f,-0.17941762996043947f,0.28834229550456003f,0.7303711798437172f,0.22441279981610252f,1.5530459267199321f,-0.1476532286405027f,0.28860284649539597f,-0.7495674522758008f,-0.12698910932929752f,0f,0f,0f,1f],start_interpolation:0}
execute if entity @s[tag=aj.ecual.bone.wing_left_2] run data modify entity @s {} merge value {transformation:[-0.7624686913610024f,-0.07823479483131414f,0.2291741948211946f,-0.17941762996043947f,-0.012839906771411946f,0.7690959708082722f,0.21983294675863105f,1.5530459267199321f,-0.2418194191712944f,0.20584145492146103f,-0.7342701573313968f,-0.12698910932929752f,0f,0f,0f,1f],start_interpolation:0}
execute if entity @s[tag=aj.ecual.bone.staff] run data modify entity @s {} merge value {transformation:[0.8652185925165472f,-0.0787639181391905f,1.298691373022493f,-0.6503968920149865f,-0.3418722293560404f,-1.5185931928850542f,0.1356626084015311f,2.0114908670617395f,1.2553590784946018f,-0.35927316866493f,-0.8581390471937779f,0.7148398367353223f,0f,0f,0f,1f],start_interpolation:0}
execute if entity @s[tag=aj.ecual.bone.arm_right_2] run data modify entity @s {} merge value {transformation:[-0.8311624787343954f,-0.5448761758301213f,-0.11081013923300846f,-0.46520347947734786f,-0.08682406937697974f,0.32402629489800916f,-0.942055487320938f,1.5627040169409405f,0.549208990204018f,-0.7733801867305701f,-0.31662686533468937f,0.47231888901591124f,0f,0f,0f,1f],start_interpolation:0}
execute if entity @s[tag=aj.ecual.bone.arm_right_1] run data modify entity @s {} merge value {transformation:[-0.8311624787343954f,-0.5448761758301213f,-0.11081013923300846f,-0.19247829114262435f,-0.08682406937697974f,0.32402629489800916f,-0.942055487320938f,1.591193164705262f,0.549208990204018f,-0.7733801867305701f,-0.31662686533468937f,0.29210968910521784f,0f,0f,0f,1f],start_interpolation:0}
execute if entity @s[tag=aj.ecual.bone.arm_left_2] run data modify entity @s {} merge value {transformation:[0.7764686357552767f,0.6293567912212013f,-0.03172517978031166f,0.40968606171349237f,0.2064717825862176f,-0.3016546601352302f,-0.9307920654014886f,1.5232823743035655f,-0.5953703558995942f,0.7161804907720208f,-0.36416980099060714f,0.25631287511632117f,0f,0f,0f,1f],start_interpolation:0}
execute if entity @s[tag=aj.ecual.bone.arm_left_1] run data modify entity @s {} merge value {transformation:[-0.12225914043866037f,0.9919910360215496f,-0.03172517978031166f,0.3192061098282378f,0.36523103533740237f,0.015245386580886672f,-0.9307920654014886f,1.644644232415465f,-0.9228537226481615f,-0.12538485810053973f,-0.36416980099060714f,-0.04599709548913078f,0f,0f,0f,1f],start_interpolation:0}
execute if entity @s[tag=aj.ecual.bone.himo_right_2] run data modify entity @s {} merge value {transformation:[-0.5979497396551146f,-0.7284048081694972f,-0.33448848153851146f,0.09035161728917204f,-0.7747985704706681f,0.6321516250379774f,0.008455658369035973f,1.2749657874083251f,0.2052882949488108f,0.26421725605532065f,-0.9423619037077037f,0.2772704160134911f,0f,0f,0f,1f],start_interpolation:0}
execute if entity @s[tag=aj.ecual.bone.himo_right_1] run data modify entity @s {} merge value {transformation:[-0.8050607695221064f,-0.34265519130148026f,-0.48421542442452215f,0.023077422517491227f,-0.4600835787042237f,0.8759426405765789f,0.14507787917682427f,1.4401117692612888f,0.3744332490353767f,0.33957607438374793f,-0.8628370829553718f,0.3355481981919728f,0f,0f,0f,1f],start_interpolation:0}
execute if entity @s[tag=aj.ecual.bone.himo_left_2] run data modify entity @s {} merge value {transformation:[-0.5979497396551146f,-0.7284048081694972f,-0.33448848153851146f,0.35008989189367057f,-0.7747985704706681f,0.6321516250379774f,0.008455658369035973f,1.3020983090886311f,0.2052882949488108f,0.26421725605532065f,-0.9423619037077037f,0.10564260657473551f,0f,0f,0f,1f],start_interpolation:0}
execute if entity @s[tag=aj.ecual.bone.himo_left_1] run data modify entity @s {} merge value {transformation:[-0.8050607695221064f,-0.34265519130148026f,-0.48421542442452215f,0.2828156971219898f,-0.4600835787042237f,0.8759426405765789f,0.14507787917682427f,1.4672442909415948f,0.3744332490353767f,0.33957607438374793f,-0.8628370829553718f,0.16392038875321718f,0f,0f,0f,1f],start_interpolation:0}
execute if entity @s[tag=aj.ecual.bone.ponpon1] run data modify entity @s {} merge value {transformation:[-0.8670991926306395f,0.06857762845959531f,0.49339243915381475f,0.3435973834852723f,0.24732394017889223f,0.9190402536244263f,0.30691347450435924f,2.0838896824613293f,-0.4324001141924929f,0.3881521880561901f,-0.8138599511915494f,0.4969615341442169f,0f,0f,0f,1f],start_interpolation:0}
execute if entity @s[tag=aj.ecual.bone.ponpon2] run data modify entity @s {} merge value {transformation:[-0.8670991926306395f,0.06857762845959531f,0.49339243915381475f,0.413796940822142f,0.24732394017889223f,0.9190402536244263f,0.30691347450435924f,1.9885081412363512f,-0.4324001141924929f,0.3881521880561901f,-0.8138599511915494f,0.3883581444952039f,0f,0f,0f,1f],start_interpolation:0}
execute if entity @s[tag=aj.ecual.bone.ponpon3] run data modify entity @s {} merge value {transformation:[-0.8670991926306395f,0.06857762845959531f,0.49339243915381475f,-0.1658233921852284f,0.24732394017889223f,0.9190402536244263f,0.30691347450435924f,2.2291924973164283f,-0.4324001141924929f,0.3881521880561901f,-0.8138599511915494f,0.2429264670561273f,0f,0f,0f,1f],start_interpolation:0}
execute if entity @s[tag=aj.ecual.bone.ponpon4] run data modify entity @s {} merge value {transformation:[-0.8670991926306395f,0.06857762845959531f,0.49339243915381475f,-0.16065627429565665f,0.24732394017889223f,0.9190402536244263f,0.30691347450435924f,2.1523602516048674f,-0.4324001141924929f,0.3881521880561901f,-0.8138599511915494f,0.10189306884267735f,0f,0f,0f,1f],start_interpolation:0}
execute if entity @s[tag=aj.ecual.bone.ear_edge_a1] run data modify entity @s {} merge value {transformation:[-0.8247522109942014f,0.2763108601666342f,0.49339243915381475f,0.28344744958813395f,0.4623133224505399f,0.8319077539321321f,0.30691347450435924f,2.204939535615603f,-0.3256534697265165f,0.4812294644985588f,-0.8138599511915494f,0.4792672225374772f,0f,0f,0f,1f],start_interpolation:0}
execute if entity @s[tag=aj.ecual.bone.ear_edge_a2] run data modify entity @s {} merge value {transformation:[-0.8578226842740072f,0.14388934404877257f,0.49339243915381475f,0.18608916142896398f,0.3264824338370055f,0.8939873262879778f,0.30691347450435924f,2.2515544711293876f,-0.3969250089636609f,0.4243613049109056f,-0.8138599511915494f,0.4378238619261352f,0f,0f,0f,1f],start_interpolation:0}
execute if entity @s[tag=aj.ecual.bone.ear_edge_b1] run data modify entity @s {} merge value {transformation:[-0.7975317015848009f,0.3471413054551436f,0.49339243915381475f,0.16630686348848953f,0.5330596188738985f,0.7884488327682883f,0.30691347450435924f,2.254985196635883f,-0.2824723485463069f,0.5077808111313608f,-0.8138599511915494f,0.42712484628480707f,0f,0f,0f,1f],start_interpolation:0}
execute if entity @s[tag=aj.ecual.bone.ear_edge_b2] run data modify entity @s {} merge value {transformation:[-0.8657702845793307f,0.08370015128584801f,0.49339243915381475f,0.19271493394252343f,0.2633257355833402f,0.9145838814166555f,0.30691347450435924f,2.254423061232863f,-0.4255600678152469f,0.395639493134307f,-0.8138599511915494f,0.4429224234307952f,0f,0f,0f,1f],start_interpolation:0}
execute if entity @s[tag=aj.ecual.bone.ear_right_2] run data modify entity @s {} merge value {transformation:[-0.8420176273225513f,0.21810597484697725f,0.49339243915381475f,0.27277401748840435f,0.4031561990381357f,0.8621306155941715f,0.30691347450435924f,2.3387817650008267f,-0.3584290647467421f,0.45734077599888756f,-0.8138599511915494f,0.4848723551546079f,0f,0f,0f,1f],start_interpolation:0}
execute if entity @s[tag=aj.ecual.bone.ear_right_1] run data modify entity @s {} merge value {transformation:[-0.8420176273225513f,0.21810597484697725f,0.49339243915381475f,0.22370017314783458f,0.4031561990381357f,0.8621306155941715f,0.30691347450435924f,2.1448023764921382f,-0.3584290647467421f,0.45734077599888756f,-0.8138599511915494f,0.3819706805548584f,0f,0f,0f,1f],start_interpolation:0}
execute if entity @s[tag=aj.ecual.bone.ear_edge_a3] run data modify entity @s {} merge value {transformation:[-0.8381780721187535f,-0.4257393427194939f,0.3408863908695431f,-0.09654594233363221f,0.04434022836806161f,0.5697628996380218f,0.8206120778689171f,2.2479342897669756f,-0.5435912651685619f,0.7029340298042532f,-0.45868538910193724f,0.33899170735642187f,0f,0f,0f,1f],start_interpolation:0}
execute if entity @s[tag=aj.ecual.bone.ear_edge_a4] run data modify entity @s {} merge value {transformation:[-0.894459015499107f,-0.2893778466163323f,0.3408863908695431f,0.0035661587492687614f,0.13292488098310495f,0.5558118329716324f,0.8206120778689171f,2.2382244643409672f,-0.42693564574534637f,0.7793161542124023f,-0.45868538910193724f,0.39602176199398514f,0f,0f,0f,1f],start_interpolation:0}
execute if entity @s[tag=aj.ecual.bone.ear_edge_b3] run data modify entity @s {} merge value {transformation:[-0.7797328716831041f,-0.611766221588254f,0.13326191856810152f,0.04542385888677293f,0.06378057476964269f,0.13412350333052936f,0.9889099676595436f,2.281559842341427f,-0.622855269784943f,0.7795851306804005f,-0.06556170317456061f,0.37427206378675226f,0f,0f,0f,1f],start_interpolation:0}
execute if entity @s[tag=aj.ecual.bone.ear_edge_b4] run data modify entity @s {} merge value {transformation:[-0.9306161876390694f,-0.3408735430679144f,0.13326191856810152f,0.015044050861764927f,0.10210537312195739f,0.10784975031601308f,0.9889099676595436f,2.285452876023691f,-0.3514655090954879f,0.9339023819399437f,-0.06556170317456061f,0.3712426780218801f,0f,0f,0f,1f],start_interpolation:0}
execute if entity @s[tag=aj.ecual.bone.ear_left_2] run data modify entity @s {} merge value {transformation:[-0.8658343877440084f,-0.4822572695766305f,0.13326191856810152f,-0.07547725619927627f,0.08397686854926548f,0.12249474034528945f,0.9889099676595436f,2.333821804308673f,-0.4932329049735202f,0.8674231750006645f,-0.06556170317456061f,0.4401773157287179f,0f,0f,0f,1f],start_interpolation:0}
execute if entity @s[tag=aj.ecual.bone.ear_left_1] run data modify entity @s {} merge value {transformation:[-0.8658343877440084f,-0.36623391639756037f,0.3408863908695431f,0.00692537499017469f,0.08397686854926548f,0.5652819678747216f,0.8206120778689171f,2.206633361536861f,-0.4932329049735202f,0.7391407276532576f,-0.45868538910193724f,0.27387065200673516f,0f,0f,0f,1f],start_interpolation:0}
execute if entity @s[tag=aj.ecual.bone.head] run data modify entity @s {} merge value {transformation:[-0.8670991926306395f,0.06857762845959531f,0.49339243915381475f,0.06474822575990531f,0.24732394017889223f,0.9190402536244263f,0.30691347450435924f,1.6951186929537196f,-0.4324001141924929f,0.3881521880561901f,-0.8138599511915494f,0.15442579337673518f,0f,0f,0f,1f],start_interpolation:0}
execute if entity @s[tag=aj.ecual.bone.body_1] run data modify entity @s {} merge value {transformation:[-0.8311624787343954f,0.11081013923300834f,-0.5448761758301213f,0.02319442354752718f,-0.08682406937697974f,0.9420554873209381f,0.32402629489800894f,1.3418478852083677f,0.549208990204018f,0.3166268653346892f,-0.7733801867305702f,0.035690718876226726f,0f,0f,0f,1f],start_interpolation:0}
execute if entity @s[tag=aj.ecual.bone.leg_left_2] run data modify entity @s {} merge value {transformation:[-0.8117370532123576f,-0.41660378786833385f,-0.4092972518547793f,0.3883750094599475f,-0.08614559172824067f,0.7785683713836092f,-0.6216190377609632f,1.0606563704474727f,0.5776347405306486f,-0.4693320519790126f,-0.6678813753334195f,0.3315618884555974f,0f,0f,0f,1f],start_interpolation:0}
execute if entity @s[tag=aj.ecual.bone.leg_left_1] run data modify entity @s {} merge value {transformation:[-0.8117370532123576f,-0.5760251036180241f,-0.09632256456284269f,0.19389917182191624f,-0.08614559172824067f,0.28121984059073496f,-0.9557689774646974f,1.1324113346407594f,0.5776347405306486f,-0.7675353289979338f,-0.2778985881074681f,0.06897056755255183f,0f,0f,0f,1f],start_interpolation:0}
execute if entity @s[tag=aj.ecual.bone.leg_right_2] run data modify entity @s {} merge value {transformation:[-0.8575272217579084f,-0.16167656382982756f,-0.4883725551792842f,0.12240151276084836f,0.0861455917282407f,0.8907966496614942f,-0.4461617038447474f,1.0726745829023225f,0.5071745271304096f,-0.4246669491025134f,-0.7499546528757649f,0.4524303352217216f,0f,0f,0f,1f],start_interpolation:0}
execute if entity @s[tag=aj.ecual.bone.leg_right_1] run data modify entity @s {} merge value {transformation:[-0.8575272217579084f,-0.4728995515981426f,-0.20251685866228264f,-0.047752090300848773f,0.0861455917282407f,0.2561043584576247f,-0.9628029365372748f,1.1246053460019831f,0.5071745271304096f,-0.843075661893572f,-0.1788782472878166f,0.15591514217251315f,0f,0f,0f,1f],start_interpolation:0}
execute if entity @s[tag=aj.ecual.bone.skirt_forward_right] run data modify entity @s {} merge value {transformation:[-0.8987673959768286f,-0.268477966305647f,-0.3466074862685664f,0.01659334346899465f,0.110453823804858f,0.626414762851749f,-0.77162458338772f,1.287086179127007f,0.42428424521294206f,-0.7317951397008392f,-0.5333467472238986f,0.037002936028783566f,0f,0f,0f,1f],start_interpolation:0}
execute if entity @s[tag=aj.ecual.bone.skirt_forward_left] run data modify entity @s {} merge value {transformation:[-0.7527402172867509f,-0.5596833173694572f,-0.3466074862685664f,0.01659334346899465f,-0.110453823804858f,0.626414762851749f,-0.77162458338772f,1.287086179127007f,0.6489854529078294f,-0.542548734345318f,-0.5333467472238986f,0.037002936028783566f,0f,0f,0f,1f],start_interpolation:0}
execute if entity @s[tag=aj.ecual.bone.skirt_forward] run data modify entity @s {} merge value {transformation:[-0.838492390119875f,-0.4204685031885802f,-0.3466074862685664f,0.01659334346899465f,0f,0.636078220277764f,-0.77162458338772f,1.287086179127007f,0.5449133066012056f,-0.6470013412000221f,-0.5333467472238986f,0.037002936028783566f,0f,0f,0f,1f],start_interpolation:0}
execute if entity @s[tag=aj.ecual.bone.skirt_back_right] run data modify entity @s {} merge value {transformation:[-0.855778189445406f,-0.024674060864199043f,-0.5167541786865517f,0.02312574225670435f,0.1646746745649989f,0.9339164880119412f,-0.3173046564050921f,1.283893207001974f,0.49043444212907245f,-0.35663873056625756f,-0.7951621682610622f,0.047054749053660735f,0f,0f,0f,1f],start_interpolation:0}
execute if entity @s[tag=aj.ecual.bone.skirt_back_left] run data modify entity @s {} merge value {transformation:[-0.7957294238181736f,-0.3158794119280093f,-0.5167541786865517f,0.02312574225670435f,-0.1646746745649989f,0.9339164880119412f,-0.3173046564050921f,1.283893207001974f,0.5828352559916989f,-0.16739232521073627f,-0.7951621682610622f,0.047054749053660735f,0f,0f,0f,1f],start_interpolation:0}
execute if entity @s[tag=aj.ecual.bone.skirt_back] run data modify entity @s {} merge value {transformation:[-0.838492390119875f,-0.17290352952165816f,-0.5167541786865517f,0.02312574225670435f,0f,0.9483236552061994f,-0.3173046564050921f,1.283893207001974f,0.5449133066012056f,-0.26605753974527135f,-0.7951621682610622f,0.047054749053660735f,0f,0f,0f,1f],start_interpolation:0}
execute if entity @s[tag=aj.ecual.bone.skirt_right] run data modify entity @s {} merge value {transformation:[-0.8717466655132842f,-0.05635064856614182f,-0.4867056148973891f,-0.14504115868677853f,0.23262501680698122f,0.8266581761375895f,-0.5123688723765581f,1.3552746665210527f,0.43121149419052146f,-0.5598757578526232f,-0.7075279379974538f,0.14384690415411777f,0f,0f,0f,1f],start_interpolation:0}
execute if entity @s[tag=aj.ecual.bone.skirt_left] run data modify entity @s {} merge value {transformation:[-0.748096244013988f,-0.488734611544329f,-0.4488769198463849f,0.17987464248467305f,-0.23262501680698122f,0.8266581761375895f,-0.5123688723765581f,1.3552746665210527f,0.6214801776788346f,-0.2788812279510543f,-0.7321117738766374f,-0.06730700215384941f,0f,0f,0f,1f],start_interpolation:0}
execute if entity @s[tag=aj.ecual.bone.coat_downer] run data modify entity @s {} merge value {transformation:[-0.838492390119875f,-0.2806511004247571f,-0.467081868136018f,0.046822748154535354f,0f,0.8571673007021123f,-0.5150380749100542f,1.18980070528003f,0.5449133066012056f,-0.4318555064340705f,-0.7187282586983158f,0.08638625161438325f,0f,0f,0f,1f],start_interpolation:0}
execute if entity @s[tag=aj.ecual.bone.body_2] run data modify entity @s {} merge value {transformation:[-0.838492390119875f,-0.23887427111539866f,-0.48976483572235624f,0f,0f,0.898794046299167f,-0.4383711467890774f,1.390625f,0.5449133066012056f,-0.36757087063076405f,-0.7536319681069021f,0f,0f,0f,0f,1f],start_interpolation:0}
execute if entity @s[tag=aj.ecual.bone.book_left] run data modify entity @s {} merge value {transformation:[-0.8623324714222085f,-0.3105304777398215f,-0.39994190968882515f,-0.8076616971265066f,0.12187963703783213f,0.6393429524732885f,-0.7592008582702372f,0.783374868953573f,0.491455046577398f,-0.7034283272071269f,-0.5134788463765484f,-1.1263302087752562f,0f,0f,0f,1f],start_interpolation:0}
execute if entity @s[tag=aj.ecual.bone.book_right] run data modify entity @s {} merge value {transformation:[-0.9505613885344542f,-0.3105304777398215f,0.001966983001724293f,-0.8947043553630769f,-0.21039168290562704f,0.6393429524732885f,-0.7395782101217401f,0.7791251310464269f,0.22840399819527882f,-0.7034283272071269f,-0.6730677544578959f,-1.0917675428648814f,0f,0f,0f,1f],start_interpolation:0}
execute if entity @s[tag=aj.ecual.bone.book_loot_1] run data modify entity @s {} merge value {transformation:[-0.9284550211900832f,-0.3105304777398215f,-0.20381878230820805f,-0.8206102088985605f,-0.04533053767622426f,0.6393429524732885f,-0.7675843481186435f,0.8963876522177965f,0.368668436377332f,-0.7034283272071269f,-0.6076776880071182f,-1.017897222619001f,0f,0f,0f,1f],start_interpolation:0}
execute if entity @s[tag=aj.ecual.bone.book_left2] run data modify entity @s {} merge value {transformation:[0.8049854308408735f,0.45639621628090327f,0.37907908132526713f,0.8172102350612154f,-0.24097798202059412f,0.8353777708481521f,-0.49403804727374434f,0.775234229495569f,-0.54215133340721f,0.3063437182924553f,0.7824483739822947f,1.3173460632627383f,0f,0f,0f,1f],start_interpolation:0}
execute if entity @s[tag=aj.ecual.bone.book_right2] run data modify entity @s {} merge value {transformation:[0.5693588220101906f,0.45639621628090327f,0.683763866816347f,0.7512237039450642f,-0.00961072083704291f,0.8353777708481521f,-0.5495922252159001f,0.787265770504431f,-0.8220329469334916f,0.3063437182924553f,0.4800160001693612f,1.3828447825800598f,0f,0f,0f,1f],start_interpolation:0}
execute if entity @s[tag=aj.ecual.bone.book_loot_2] run data modify entity @s {} merge value {transformation:[0.7038563319056125f,0.45639621628090327f,0.5443241293575468f,0.7025683500995078f,-0.12833643742786166f,0.8353777708481521f,-0.534484554314806f,0.8614226831472209f,-0.6986530060514311f,0.3063437182924553f,0.6465581979977145f,1.2531116932217419f,0f,0f,0f,1f],start_interpolation:0}
execute if entity @s[tag=aj.ecual.bone.air_staff_povit_1] run data modify entity @s {} merge value {transformation:[-0.000013101443595623047f,0f,-0.00000851427041564384f,0.3685760794626387f,0f,0.000015625f,0f,1.5567475f,0.00000851427041564384f,0f,-0.000013101443595623047f,0.5803964299978083f,0f,0f,0f,1f],start_interpolation:0}