execute if entity @s[tag=aj.ecual.bone.wing_right_1] run data modify entity @s {} merge value {transformation:[-0.3382509388782995f,-0.06575640508208513f,-0.7404099148330432f,-0.22150671551508894f,0.0300698492448567f,0.8115885832526433f,-0.08581503449165115f,1.4809438005112363f,0.7427156595621133f,-0.06280534347563442f,-0.3337265082617308f,-0.2854831950265063f,0f,0f,0f,1f],start_interpolation:0}
execute if entity @s[tag=aj.ecual.bone.wing_right_2] run data modify entity @s {} merge value {transformation:[-0.3307758426898175f,0.06729015526903075f,-0.725299508407879f,-0.22150671551508894f,0.3314570673996392f,0.7232354427107531f,-0.08406370725712767f,1.4809438005112363f,0.6486320639343018f,-0.3352648645636026f,-0.32691576319516485f,-0.2854831950265063f,0f,0f,0f,1f],start_interpolation:0}
execute if entity @s[tag=aj.ecual.bone.wing_left_1] run data modify entity @s {} merge value {transformation:[-0.7296575696433997f,0.12254467789842612f,-0.34572688270555835f,-0.265354135583609f,0.212219708319385f,0.7688663971101507f,-0.17536163559951062f,1.490892004803982f,0.2991773235179548f,-0.24651918740347858f,-0.7187945908108978f,-0.2427039504273638f,0f,0f,0f,1f],start_interpolation:0}
execute if entity @s[tag=aj.ecual.bone.wing_left_2] run data modify entity @s {} merge value {transformation:[-0.7062969916326954f,-0.16262335687225626f,-0.338671232038098f,-0.265354135583609f,-0.09616357906726289f,0.7753987532286798f,-0.1717828267097247f,1.490892004803982f,0.3631764387616282f,-0.11095231989917022f,-0.7041253134474101f,-0.2427039504273638f,0f,0f,0f,1f],start_interpolation:0}
execute if entity @s[tag=aj.ecual.bone.staff] run data modify entity @s {} merge value {transformation:[0.829943851268283f,1.007206492463825f,0.8591475631582088f,-0.8286735006365609f,1.038750597129146f,0.13319898796243682f,-1.159595393475511f,2.1928780481050607f,-0.8207293407121573f,1.1870970310570657f,-0.5988407452317243f,-0.018118817432773604f,0f,0f,0f,1f],start_interpolation:0}
execute if entity @s[tag=aj.ecual.bone.arm_right_2] run data modify entity @s {} merge value {transformation:[-0.5498544404212536f,-0.7076587578420915f,-0.44371069042611333f,-0.3906658157972722f,0.7421410518243271f,-0.17016637163282972f,-0.6482823961534041f,2.04141966432056f,0.3832580769483032f,-0.6857568726704135f,0.6187493499303113f,0.2560801127860746f,0f,0f,0f,1f],start_interpolation:0}
execute if entity @s[tag=aj.ecual.bone.arm_right_1] run data modify entity @s {} merge value {transformation:[-0.5498544404212536f,-0.7076587578420915f,-0.44371069042611333f,-0.21024482753404836f,0.7421410518243271f,-0.17016637163282972f,-0.6482823961534041f,1.7979046316907028f,0.3832580769483032f,-0.6857568726704135f,0.6187493499303113f,0.13032355628741263f,0f,0f,0f,1f],start_interpolation:0}
execute if entity @s[tag=aj.ecual.bone.arm_left_2] run data modify entity @s {} merge value {transformation:[0.4764508910905695f,0.5217409614247193f,-0.7076587578420915f,0.4132568629922317f,0.6017665914622851f,-0.7803335026545899f,-0.17016637163282983f,1.421445422219392f,-0.6409926035289844f,-0.34476947922695916f,-0.6857568726704134f,-0.4196756476841783f,0f,0f,0f,1f],start_interpolation:0}
execute if entity @s[tag=aj.ecual.bone.arm_left_1] run data modify entity @s {} merge value {transformation:[-0.4597872261537434f,0.5364837267944242f,-0.7076587578420915f,0.2250265700644137f,0.8478539144412688f,0.5021823829366528f,-0.17016637163282983f,1.6566847222099264f,0.26408227209046775f,-0.6782315719227692f,-0.6857568726704134f,-0.2838067984608513f,0f,0f,0f,1f],start_interpolation:0}
execute if entity @s[tag=aj.ecual.bone.himo_right_2] run data modify entity @s {} merge value {transformation:[-0.5254238092554339f,-0.680745768927216f,-0.5104067189557782f,0.10552062196377782f,-0.42057208959729986f,0.7292711316519469f,-0.5397061552278696f,1.4950253051008375f,0.7396275671709851f,-0.06891164362269836f,-0.669479086494827f,0.23704148757878427f,0f,0f,0f,1f],start_interpolation:0}
execute if entity @s[tag=aj.ecual.bone.himo_right_1] run data modify entity @s {} merge value {transformation:[-0.6701483911149059f,-0.3661137614477654f,-0.6456483931403159f,0.03283898923519483f,-0.14587792431131213f,0.9178818618538772f,-0.3690698021760692f,1.664821467934839f,0.7277504827100606f,-0.1531456867111461f,-0.668524968536737f,0.20414839026708978f,0f,0f,0f,1f],start_interpolation:0}
execute if entity @s[tag=aj.ecual.bone.himo_left_2] run data modify entity @s {} merge value {transformation:[-0.5254238092554339f,-0.680745768927216f,-0.5104067189557782f,0.32630684377577707f,-0.42057208959729986f,0.7292711316519469f,-0.5397061552278696f,1.4449328153676468f,0.7396275671709851f,-0.06891164362269836f,-0.669479086494827f,0.02163388156100024f,0f,0f,0f,1f],start_interpolation:0}
execute if entity @s[tag=aj.ecual.bone.himo_left_1] run data modify entity @s {} merge value {transformation:[-0.6701483911149059f,-0.3661137614477654f,-0.6456483931403159f,0.2536252110471941f,-0.14587792431131213f,0.9178818618538772f,-0.3690698021760692f,1.6147289782016485f,0.7277504827100606f,-0.1531456867111461f,-0.668524968536737f,-0.011259215750694246f,0f,0f,0f,1f],start_interpolation:0}
execute if entity @s[tag=aj.ecual.bone.ponpon1] run data modify entity @s {} merge value {transformation:[-0.7044699467288332f,0.054232615696303804f,-0.7076587578420915f,0.2503608523917996f,0.24442668399005324f,0.9546198207239069f,-0.17016637163282983f,2.206227919621986f,0.6663165091077224f,-0.29284777833508097f,-0.6857568726704134f,-0.4144169349264907f,0f,0f,0f,1f],start_interpolation:0}
execute if entity @s[tag=aj.ecual.bone.ponpon2] run data modify entity @s {} merge value {transformation:[-0.7044699467288332f,0.054232615696303804f,-0.7076587578420915f,0.2036563898843968f,0.24442668399005324f,0.9546198207239069f,-0.17016637163282983f,2.0617813440412927f,0.6663165091077224f,-0.29284777833508097f,-0.6857568726704134f,-0.4670875385389964f,0f,0f,0f,1f],start_interpolation:0}
execute if entity @s[tag=aj.ecual.bone.ponpon3] run data modify entity @s {} merge value {transformation:[-0.7044699467288332f,0.054232615696303804f,-0.7076587578420915f,-0.16351524131138995f,0.24442668399005324f,0.9546198207239069f,-0.17016637163282983f,2.349828596466142f,0.6663165091077224f,-0.29284777833508097f,-0.6857568726704134f,-0.022955985825703774f,0f,0f,0f,1f],start_interpolation:0}
execute if entity @s[tag=aj.ecual.bone.ponpon4] run data modify entity @s {} merge value {transformation:[-0.7044699467288332f,0.054232615696303804f,-0.7076587578420915f,-0.2630549498234552f,0.24442668399005324f,0.9546198207239069f,-0.17016637163282983f,2.223714022184703f,0.6663165091077224f,-0.29284777833508097f,-0.6857568726704134f,-0.025652851255130338f,0f,0f,0f,1f],start_interpolation:0}
execute if entity @s[tag=aj.ecual.bone.ear_edge_a1] run data modify entity @s {} merge value {transformation:[-0.6704241214082876f,0.22304838014052836f,-0.7076587578420915f,0.1770949847704838f,0.46810960346990466f,0.8671313655407501f,-0.17016637163282983f,2.320148724051652f,0.5756777714773901f,-0.4453455007206429f,-0.6857568726704134f,-0.39897889361513217f,0f,0f,0f,1f],start_interpolation:0}
execute if entity @s[tag=aj.ecual.bone.ear_edge_a2] run data modify entity @s {} merge value {transformation:[-0.6970625419940784f,0.11542484567085964f,-0.7076587578420915f,0.0979670078785323f,0.326697166179866f,0.9296840149079485f,-0.17016637163282983f,2.3671481227072353f,0.6382576079913178f,-0.34980671438166466f,-0.6857568726704134f,-0.3289863195518763f,0f,0f,0f,1f],start_interpolation:0}
execute if entity @s[tag=aj.ecual.bone.ear_edge_b1] run data modify entity @s {} merge value {transformation:[-0.6484330079799431f,0.280630925971232f,-0.7076587578420915f,0.08189848369519787f,0.5419037833260436f,0.8230332287230194f,-0.17016637163282983f,2.3704294461288895f,0.534672725860412f,-0.49382445039334666f,-0.6857568726704134f,-0.31321883490238f,0f,0f,0f,1f],start_interpolation:0}
execute if entity @s[tag=aj.ecual.bone.ear_edge_b2] run data modify entity @s {} merge value {transformation:[-0.7034161628924808f,0.06651905163941474f,-0.7076587578420915f,0.10334256221160293f,0.26104986972653466f,0.9502085936682939f,-0.17016637163282983f,2.370218069374173f,0.6611041274242495f,-0.30443200273282034f,-0.6857568726704134f,-0.33529534824687834f,0f,0f,0f,1f],start_interpolation:0}
execute if entity @s[tag=aj.ecual.bone.ear_right_2] run data modify entity @s {} merge value {transformation:[-0.684350070416878f,0.17573862287443293f,-0.7076587578420915f,0.1335978444417462f,0.40648128566990754f,0.8976727523799842f,-0.17016637163282983f,2.4433943902775717f,0.6053411810876186f,-0.4041034101127349f,-0.6857568726704134f,-0.43024527445784067f,0f,0f,0f,1f],start_interpolation:0}
execute if entity @s[tag=aj.ecual.bone.ear_right_1] run data modify entity @s {} merge value {transformation:[-0.684350070416878f,0.17573862287443293f,-0.7076587578420915f,0.09405665429499885f,0.40648128566990754f,0.8976727523799842f,-0.17016637163282983f,2.2414180209920755f,0.6053411810876186f,-0.4041034101127349f,-0.6857568726704134f,-0.33932200718247546f,0f,0f,0f,1f],start_interpolation:0}
execute if entity @s[tag=aj.ecual.bone.ear_edge_a3] run data modify entity @s {} merge value {transformation:[-0.7277084962192044f,0.3261485778645097f,-0.6033800209547395f,-0.06491779470453957f,0.013160170369547204f,0.8861856832647369f,0.46314333061424506f,2.389208486056312f,0.6857602747653354f,0.32909275278190087f,-0.6491770217900524f,-0.07869572079662462f,0f,0f,0f,1f],start_interpolation:0}
execute if entity @s[tag=aj.ecual.bone.ear_edge_a4] run data modify entity @s {} merge value {transformation:[-0.6677283187658626f,0.4359718369697438f,-0.6033800209547395f,0.01638795475474722f,0.151628130122078f,0.8732165627513179f,0.46314333061424506f,2.3805429356047116f,0.7287988765590935f,0.2177645331682846f,-0.6491770217900524f,-0.16044793156327272f,0f,0f,0f,1f],start_interpolation:0}
execute if entity @s[tag=aj.ecual.bone.ear_edge_b3] run data modify entity @s {} merge value {transformation:[-0.7903012469219344f,0.49468936998164414f,-0.3615333543959668f,-0.006914560324312025f,-0.015062359071182724f,0.5741843245118385f,0.8185874949106506f,2.4005010208295627f,0.6125333170145493f,0.652376263142711f,-0.4463273987053738f,-0.21667727483257898f,0f,0f,0f,1f],start_interpolation:0}
execute if entity @s[tag=aj.ecual.bone.ear_edge_b4] run data modify entity @s {} merge value {transformation:[-0.5987537284603268f,0.7146940648375761f,-0.3615333543959668f,-0.019038768570485632f,0.16310755943243205f,0.5507362683098882f,0.8185874949106506f,2.4097272503603526f,0.7841491546324926f,0.4311634915598043f,-0.4463273987053738f,-0.18993506310563707f,0f,0f,0f,1f],start_interpolation:0}
execute if entity @s[tag=aj.ecual.bone.ear_left_2] run data modify entity @s {} merge value {transformation:[-0.7031848601884262f,0.6122292757300845f,-0.3615333543959668f,0.002565374472241505f,0.0749453012030312f,0.5694714347563822f,0.8185874949106506f,2.5012242107798115f,0.7070461471710106f,0.548523107020592f,-0.4463273987053738f,-0.10964053173120691f,0f,0f,0f,1f],start_interpolation:0}
execute if entity @s[tag=aj.ecual.bone.ear_left_1] run data modify entity @s {} merge value {transformation:[-0.7031848601884262f,0.3761164749308938f,-0.6033800209547395f,-0.08206083238720946f,0.0749453012030312f,0.8831089724009892f,0.46314333061424506f,2.302524691989589f,0.7070461471710106f,0.2804548807748358f,-0.6491770217900524f,-0.17274287990554488f,0f,0f,0f,1f],start_interpolation:0}
execute if entity @s[tag=aj.ecual.bone.head] run data modify entity @s {} merge value {transformation:[-0.7044699467288332f,0.054232615696303804f,-0.7076587578420915f,0.00031803159210434893f,0.24442668399005324f,0.9546198207239069f,-0.17016637163282983f,1.7880463974833558f,0.6663165091077224f,-0.29284777833508097f,-0.6857568726704134f,-0.0845180548763307f,0f,0f,0f,1f],start_interpolation:0}
execute if entity @s[tag=aj.ecual.bone.body_1] run data modify entity @s {} merge value {transformation:[-0.7065159097983977f,-0.007372357230249621f,-0.7076587578420915f,0.003082665553447957f,0.16029596714620917f,0.972290393288949f,-0.17016637163282983f,1.4234375f,0.6893043392569089f,-0.2336600938690441f,-0.6857568726704134f,0.003104480324560844f,0f,0f,0f,1f],start_interpolation:0}
execute if entity @s[tag=aj.ecual.bone.leg_left_2] run data modify entity @s {} merge value {transformation:[-0.6543687051521101f,0.0570640969498126f,-0.7540194205435646f,0.19932865513301384f,-0.1365948529592911f,0.9718246882283927f,0.1920901389838039f,0.809233292953322f,0.7437361386019778f,0.22869294739691864f,-0.6281370009387519f,-0.07825650519789962f,0f,0f,0f,1f],start_interpolation:0}
execute if entity @s[tag=aj.ecual.bone.leg_left_1] run data modify entity @s {} merge value {transformation:[-0.6950398679259308f,-0.22183216143475654f,-0.6838933207355433f,0.11248000068547978f,-0.20150532232561705f,0.973191133063159f,-0.1108811237393186f,1.1571875f,0.6901559150423575f,0.060741342431897466f,-0.7211069977830038f,-0.06412731045190082f,0f,0f,0f,1f],start_interpolation:0}
execute if entity @s[tag=aj.ecual.bone.leg_right_2] run data modify entity @s {} merge value {transformation:[-0.7026897681026446f,0.4242466024097822f,-0.5711759012314925f,0.10856450090537469f,0.1391731009600654f,0.869231586677688f,0.4744125806626004f,1.0732149591636864f,0.6977520603860736f,0.2538725449227329f,-0.6698438572991797f,0.30722501483714515f,0f,0f,0f,1f],start_interpolation:0}
execute if entity @s[tag=aj.ecual.bone.leg_right_1] run data modify entity @s {} merge value {transformation:[-0.7026897681026446f,-0.6929705521759425f,-0.16130376195495483f,-0.10455314640518502f,0.1391731009600654f,0.08845955064354027f,-0.986309158362175f,1.1759375f,0.6977520603860736f,-0.7155184985148266f,0.03428323949216133f,0.07211025985791442f,0f,0f,0f,1f],start_interpolation:0}
execute if entity @s[tag=aj.ecual.bone.skirt_forward_right] run data modify entity @s {} merge value {transformation:[-0.7495545775644367f,-0.1645376123053015f,-0.6411671462177931f,-0.011040683792475399f,0.1580131164351957f,0.8961369145000617f,-0.414693242656239f,1.3503125f,0.6428061840762236f,-0.412148037247758f,-0.6457044254968248f,-0.002248649904847584f,0f,0f,0f,1f],start_interpolation:0}
execute if entity @s[tag=aj.ecual.bone.skirt_forward_left] run data modify entity @s {} merge value {transformation:[-0.6480757276704775f,-0.4109775441740242f,-0.6411671462177931f,-0.011040683792475399f,-0.1580131164351957f,0.8961369145000617f,-0.414693242656239f,1.3503125f,0.7450031585428469f,-0.16743980606473768f,-0.6457044254968248f,-0.002248649904847584f,0f,0f,0f,1f],start_interpolation:0}
execute if entity @s[tag=aj.ecual.bone.skirt_forward] run data modify entity @s {} merge value {transformation:[-0.7095955027567643f,-0.29219670271634807f,-0.6411671462177931f,-0.011040683792475399f,0f,0.9099612708765432f,-0.414693242656239f,1.3503125f,0.7046092693595329f,-0.2942644600124868f,-0.6457044254968248f,-0.002248649904847584f,0f,0f,0f,1f],start_interpolation:0}
execute if entity @s[tag=aj.ecual.bone.skirt_back_right] run data modify entity @s {} merge value {transformation:[-0.6828447358068452f,0.21379270044410148f,-0.698581239382864f,-0.004434971892229777f,0.17216259343480453f,0.9763825861650423f,0.13052619222005157f,1.3421875f,0.709988104268432f,-0.031140434654679264f,-0.7035248148621595f,0.004403807933497081f,0f,0f,0f,1f],start_interpolation:0}
execute if entity @s[tag=aj.ecual.bone.skirt_back_left] run data modify entity @s {} merge value {transformation:[-0.7147855694280689f,-0.03264723142462127f,-0.698581239382864f,-0.004434971892229777f,-0.17216259343480453f,0.9763825861650423f,0.13052619222005157f,1.3421875f,0.6778212383506386f,0.21356779652834101f,-0.7035248148621595f,0.004403807933497081f,0f,0f,0f,1f],start_interpolation:0}
execute if entity @s[tag=aj.ecual.bone.skirt_back] run data modify entity @s {} merge value {transformation:[-0.7095955027567643f,0.09196996493245249f,-0.698581239382864f,-0.004434971892229777f,0f,0.9914448613738104f,0.13052619222005157f,1.3421875f,0.7046092693595329f,0.09262079899131355f,-0.7035248148621595f,0.004403807933497081f,0f,0f,0f,1f],start_interpolation:0}
execute if entity @s[tag=aj.ecual.bone.skirt_right] run data modify entity @s {} merge value {transformation:[-0.6854166223313344f,0.12154721652732506f,-0.7179347658292948f,-0.1265057727841131f,0.25881904510252074f,0.9622501868990583f,-0.08418598282936919f,1.4109375000000002f,0.6806002907170435f,-0.24351766253638985f,-0.6910010074585193f,0.1564442554947108f,0f,0f,0f,1f],start_interpolation:0}
execute if entity @s[tag=aj.ecual.bone.skirt_left] run data modify entity @s {} merge value {transformation:[-0.6854166223313344f,-0.24436870496315474f,-0.6859212708952359f,0.1484624845341331f,-0.25881904510252074f,0.9622501868990583f,-0.08418598282936919f,1.4109375000000002f,0.6806002907170435f,0.11982701635006242f,-0.7227895478135511f,-0.11659183638210822f,0f,0f,0f,1f],start_interpolation:0}
execute if entity @s[tag=aj.ecual.bone.coat_downer] run data modify entity @s {} merge value {transformation:[-0.7095955027567643f,-0.06141074421791484f,-0.7019280183622654f,-0.005543714865287221f,0f,0.9961946980917455f,-0.08715574274765818f,1.2375f,0.7046092693595329f,-0.06184532309316372f,-0.7068952776360352f,0.005504759916871351f,0f,0f,0f,1f],start_interpolation:0}
execute if entity @s[tag=aj.ecual.bone.body_2] run data modify entity @s {} merge value {transformation:[-0.7095955027567643f,0f,-0.7046092693595329f,0f,0f,1f,0f,1.4609375f,0.7046092693595329f,0f,-0.7095955027567643f,0f,0f,0f,0f,1f],start_interpolation:0}
execute if entity @s[tag=aj.ecual.bone.book_left] run data modify entity @s {} merge value {transformation:[0.977473207861942f,-0.07502883841151703f,0.19727341766873416f,0.9972963285817689f,0.20185462742074683f,0.605346478711893f,-0.7699417835784361f,0.6001363766698269f,-0.061650931062846956f,0.7924180172848988f,0.6068548826378127f,-0.9255281561673648f,0f,0f,0f,1f],start_interpolation:0}
execute if entity @s[tag=aj.ecual.bone.book_right] run data modify entity @s {} merge value {transformation:[0.9692629287677795f,-0.07502883841151703f,-0.23430759339621207f,1.090765169731406f,-0.14244903753664795f,0.605346478711893f,-0.7831116857868963f,0.6029886233301731f,0.2005932367289307f,0.7924180172848988f,0.5760521150563381f,-0.918857105040862f,0f,0f,0f,1f],start_interpolation:0}
execute if entity @s[tag=aj.ecual.bone.book_loot_1] run data modify entity @s {} merge value {transformation:[0.9970009722627976f,-0.07502883841151703f,-0.018966673763589625f,1.046875750221126f,0.03042396437702588f,0.605346478711893f,-0.7953804266529931f,0.720869563997949f,0.07115787868269718f,0.7924180172848988f,0.6058137025386996f,-1.0130646859849184f,0f,0f,0f,1f],start_interpolation:0}
execute if entity @s[tag=aj.ecual.bone.book_left2] run data modify entity @s {} merge value {transformation:[-0.027059488671104776f,0.5829291911148157f,0.8120722518465241f,-0.7332970681265595f,-0.2013636754618549f,0.7925386745691951f,-0.5756171640218837f,0.5981873033324049f,-0.9791427139479468f,-0.17909775950114487f,0.0959350731709677f,0.9327820133832695f,0f,0f,0f,1f],start_interpolation:0}
execute if entity @s[tag=aj.ecual.bone.book_right2] run data modify entity @s {} merge value {transformation:[-0.36772078877908576f,0.5829291911148157f,0.7245515714191179f,-0.714342442305577f,0.060768858189639605f,0.7925386745691951f,-0.6067862846063932f,0.604937696667595f,-0.9279485801347044f,-0.17909775950114487f,-0.32685688789997336f,1.0243473826546636f,0f,0f,0f,1f],start_interpolation:0}
execute if entity @s[tag=aj.ecual.bone.book_loot_2] run data modify entity @s {} merge value {transformation:[-0.20218267542381418f,0.5829291911148157f,0.786966151689318f,-0.841864677969466f,-0.07200419557536095f,0.7925386745691951f,-0.6055558150423861f,0.6923958722563579f,-0.9766972722282035f,-0.17909775950114487f,-0.11826424211762548f,0.9963043343366104f,0f,0f,0f,1f],start_interpolation:0}
execute if entity @s[tag=aj.ecual.bone.air_staff_povit_1] run data modify entity @s {} merge value {transformation:[-0.000011087429730574442f,0f,-0.000011009519833742703f,0.47929736714353194f,0f,0.000015625f,0f,1.62706f,0.000011009519833742703f,0f,-0.000011087429730574442f,0.4929324255468779f,0f,0f,0f,1f],start_interpolation:0}