execute if entity @s[tag=aj.ecual.bone.wing_right_1] run data modify entity @s {} merge value {transformation:[0.7495081186039572f,0.16340136351277756f,-0.28014642420235547f,-0.29619996805946625f,-0.2126936816315136f,0.7802023341277523f,-0.1139743833503121f,1.4167437184596903f,0.24483345846765583f,0.177563387747071f,0.758598883067326f,0.010344244239268878f,0f,0f,0f,1f],start_interpolation:0}
execute if entity @s[tag=aj.ecual.bone.wing_right_2] run data modify entity @s {} merge value {transformation:[0.7395783231393732f,-0.13308848726103317f,-0.27442915023904213f,-0.29619996805946625f,0.09998416458067162f,0.7858357379728437f,-0.11164837552683635f,1.4167437184596903f,0.2881441840042206f,0.06891768628767299f,0.7431172732088093f,0.010344244239268878f,0f,0f,0f,1f],start_interpolation:0}
execute if entity @s[tag=aj.ecual.bone.wing_left_1] run data modify entity @s {} merge value {transformation:[-0.1745848687405534f,0.062026882725265194f,-0.7953723869173951f,-0.24850603349087805f,0.019407731182700574f,0.8142838621837575f,0.059241676224495166f,1.4007092869491828f,0.7975511946086147f,-0.006237150866708461f,-0.17554952113828798f,0.09681739600506023f,0f,0f,0f,1f],start_interpolation:0}
execute if entity @s[tag=aj.ecual.bone.wing_left_2] run data modify entity @s {} merge value {transformation:[-0.18125588306525214f,-0.009311382262817861f,-0.7791402973884687f,-0.24850603349087805f,-0.28768901651050177f,0.744222574147817f,0.05803266242399527f,1.4007092869491828f,0.7241417918014786f,0.2933360841920967f,-0.1719668778497515f,0.09681739600506023f,0f,0f,0f,1f],start_interpolation:0}
execute if entity @s[tag=aj.ecual.bone.staff] run data modify entity @s {} merge value {transformation:[-1.3814575561390505f,0.6562560936456693f,0.31985810938484543f,0.5559260605197688f,0.4878231601600731f,1.3390886876874282f,-0.6405281421756592f,1.8073726105698944f,-0.5431480783338563f,-0.466450078851412f,-1.3888199087505018f,0.3435672068326354f,0f,0f,0f,1f],start_interpolation:0}
execute if entity @s[tag=aj.ecual.bone.arm_right_2] run data modify entity @s {} merge value {transformation:[0.6569063976138033f,-0.583070967086849f,0.47801907086900036f,0.4281817701802021f,0.7518966860530961f,0.4595991332496204f,-0.47267325947060906f,1.600964837444957f,0.055904903867439626f,0.6699230433837938f,0.7403227388558102f,0.34819299036122164f,0f,0f,0f,1f],start_interpolation:0}
execute if entity @s[tag=aj.ecual.bone.arm_right_1] run data modify entity @s {} merge value {transformation:[0.8124172431132746f,-0.583070967086849f,0.0025437045097951305f,0.15134176310230887f,0.33243240015260606f,0.4595991332496204f,-0.8235638020487396f,1.4981594903055941f,0.47902705813033586f,0.6699230433837938f,0.5672179418198896f,0.18176095678117365f,0f,0f,0f,1f],start_interpolation:0}
execute if entity @s[tag=aj.ecual.bone.arm_left_2] run data modify entity @s {} merge value {transformation:[-0.7730439280477599f,-0.49737086995747465f,-0.39373252726468333f,0.04197867602662654f,0.12974111429626173f,0.4835981666734527f,-0.8656211968587876f,1.365696316681278f,0.6209430960801916f,-0.7202465070431241f,-0.30931317547515746f,-0.5689993657127806f,0f,0f,0f,1f],start_interpolation:0}
execute if entity @s[tag=aj.ecual.bone.arm_left_1] run data modify entity @s {} merge value {transformation:[-0.5076997901680601f,-0.44836343464318024f,-0.7356705468742638f,-0.11018329087750849f,0.6030955952067292f,0.42483065873227965f,-0.6751256286376177f,1.5670359749122245f,0.6152370487101283f,-0.7864408063395927f,0.054719576189724894f,-0.3503046713814755f,0f,0f,0f,1f],start_interpolation:0}
execute if entity @s[tag=aj.ecual.bone.himo_right_2] run data modify entity @s {} merge value {transformation:[0.47553998607777614f,-0.2926073146579278f,-0.8296039302280485f,0.2829732631958525f,-0.4167416694444462f,0.7555885133980785f,-0.5053833983912981f,1.2991818196366474f,0.7747180794261902f,0.586060541095848f,0.2373708903396487f,-0.123289428091336f,0f,0f,0f,1f],start_interpolation:0}
execute if entity @s[tag=aj.ecual.bone.himo_right_1] run data modify entity @s {} merge value {transformation:[0.4656541649874682f,-0.1100159653013083f,-0.8781017515121154f,0.2568571337549065f,-0.30531608282626754f,0.9113488389626005f,-0.276089447985872f,1.4683341678922233f,0.8306312588612639f,0.39666078845827596f,0.3907837390452824f,-0.04647313188637625f,0f,0f,0f,1f],start_interpolation:0}
execute if entity @s[tag=aj.ecual.bone.himo_left_2] run data modify entity @s {} merge value {transformation:[0.4587641900027844f,-0.2804338892880526f,-0.8431442650637347f,0.10478474672383589f,-0.4001053025947963f,0.7820531853973156f,-0.47781645225487823f,1.3401793537568263f,0.7933795843142271f,0.5565515689931062f,0.24657491000646495f,-0.3750264763124953f,0f,0f,0f,1f],start_interpolation:0}
execute if entity @s[tag=aj.ecual.bone.himo_left_1] run data modify entity @s {} merge value {transformation:[0.46822442356197125f,0.045941783541601f,-0.8824144387446731f,0.1078837408957319f,-0.2826842017456135f,0.9539514435816034f,-0.10033087945403535f,1.5184181814317892f,0.8371711481313157f,0.2964219894231728f,0.4596503811843338f,-0.31657453841324834f,0f,0f,0f,1f],start_interpolation:0}
execute if entity @s[tag=aj.ecual.bone.ponpon1] run data modify entity @s {} merge value {transformation:[-0.7973057313688896f,0.017339147285877817f,-0.603326548974698f,0.2700229711234304f,-0.041572280188613156f,0.9956358601865223f,0.08355225568806256f,2.1868600281337733f,0.602142272429232f,0.09169835266809635f,-0.7931053497939087f,-0.16873678335925796f,0f,0f,0f,1f],start_interpolation:0}
execute if entity @s[tag=aj.ecual.bone.ponpon2] run data modify entity @s {} merge value {transformation:[-0.7973057313688896f,0.017339147285877817f,-0.603326548974698f,0.24119267867265107f,-0.041572280188613156f,0.9956358601865223f,0.08355225568806256f,2.071797530088287f,0.602142272429232f,0.09169835266809635f,-0.7931053497939087f,-0.27713303920204513f,0f,0f,0f,1f],start_interpolation:0}
execute if entity @s[tag=aj.ecual.bone.ponpon3] run data modify entity @s {} merge value {transformation:[-0.7973057313688896f,0.017339147285877817f,-0.603326548974698f,-0.19839414605579228f,-0.041572280188613156f,0.9956358601865223f,0.08355225568806256f,2.162436313522963f,0.602142272429232f,0.09169835266809635f,-0.7931053497939087f,0.18502180169291588f,0f,0f,0f,1f],start_interpolation:0}
execute if entity @s[tag=aj.ecual.bone.ponpon4] run data modify entity @s {} merge value {transformation:[-0.7973057313688896f,0.017339147285877817f,-0.603326548974698f,-0.2870223683592383f,-0.041572280188613156f,0.9956358601865223f,0.08355225568806256f,2.0442558944633307f,0.602142272429232f,0.09169835266809635f,-0.7931053497939087f,0.12178621628232104f,0f,0f,0f,1f],start_interpolation:0}
execute if entity @s[tag=aj.ecual.bone.ear_edge_a1] run data modify entity @s {} merge value {transformation:[-0.7598213528338119f,0.5059770331560859f,-0.4082385989790295f,0.21398645767758728f,0.08863533044335807f,0.7026894960947572f,0.7059541417650957f,2.240278336313483f,0.6440615575975579f,0.500214667914348f,-0.5787659250753678f,-0.06841994785580638f,0f,0f,0f,1f],start_interpolation:0}
execute if entity @s[tag=aj.ecual.bone.ear_edge_a2] run data modify entity @s {} merge value {transformation:[-0.829618937633596f,0.38088536940048356f,-0.4082385989790295f,0.12226511807163311f,-0.022380772967270715f,0.7079038428530351f,0.7059541417650957f,2.2448342246897255f,0.557881277084194f,0.5948096205094222f,-0.5787659250753678f,0.0018337379335700982f,0f,0f,0f,1f],start_interpolation:0}
execute if entity @s[tag=aj.ecual.bone.ear_edge_b1] run data modify entity @s {} merge value {transformation:[-0.689022580495906f,0.7205961336186886f,-0.07738924848168488f,0.07320117807311177f,0.06672400021077243f,0.16940153942831368f,0.9832858314016278f,2.2971312349194486f,0.7216618261780484f,0.6723424206854088f,-0.16480254240833075f,-0.029611911418573257f,0f,0f,0f,1f],start_interpolation:0}
execute if entity @s[tag=aj.ecual.bone.ear_edge_b2] run data modify entity @s {} merge value {transformation:[-0.8779758664241886f,0.47240796161383175f,-0.07738924848168488f,0.10306099320188634f,0.011110340637107686f,0.18172928794153434f,0.9832858314016278f,2.2982449690880884f,0.47857594831711187f,0.8624414088551918f,-0.16480254240833075f,-0.03698867640581554f,0f,0f,0f,1f],start_interpolation:0}
execute if entity @s[tag=aj.ecual.bone.ear_right_2] run data modify entity @s {} merge value {transformation:[-0.7932656398352794f,0.6039375206725981f,-0.07738924848168488f,0.20512204993992045f,0.039402277848587616f,0.17775385865052934f,0.9832858314016278f,2.346505931776f,0.6075994446648775f,0.7769575515166085f,-0.16480254240833075f,0.013410378240098178f,0f,0f,0f,1f],start_interpolation:0}
execute if entity @s[tag=aj.ecual.bone.ear_right_1] run data modify entity @s {} merge value {transformation:[-0.7932656398352794f,0.45174204028445686f,-0.4082385989790295f,0.10348009087591781f,0.039402277848587616f,0.7071606679001949f,0.7059541417650957f,2.1873947814984565f,0.6075994446648775f,0.5439236332561646f,-0.5787659250753678f,-0.10897243924253865f,0f,0f,0f,1f],start_interpolation:0}
execute if entity @s[tag=aj.ecual.bone.ear_edge_a3] run data modify entity @s {} merge value {transformation:[-0.7889466085206398f,-0.12982957272935652f,-0.6005893197091444f,-0.1337352859464927f,-0.19115383736400693f,0.9807815009595865f,0.03908782209941403f,2.2767993416042596f,0.5839721392025436f,0.1456431578220322f,-0.7986016599123946f,0.11407307970718715f,0f,0f,0f,1f],start_interpolation:0}
execute if entity @s[tag=aj.ecual.bone.ear_edge_a4] run data modify entity @s {} merge value {transformation:[-0.7995431863442312f,-0.00481271460000314f,-0.6005893197091444f,-0.041688394026528366f,-0.03537238700048126f,0.9986095014576083f,0.03908782209941403f,2.290937080593372f,0.5995660826034127f,0.05249667967372955f,-0.7986016599123946f,0.04554108244204003f,0f,0f,0f,1f],start_interpolation:0}
execute if entity @s[tag=aj.ecual.bone.ear_edge_b3] run data modify entity @s {} merge value {transformation:[-0.7715430302248686f,-0.2175810310509883f,-0.5978125520915535f,-0.021491150452112293f,-0.27602438074573377f,0.9611291561661421f,0.006425449501305282f,2.2883428867813405f,0.5731770178098228f,0.16996835027189172f,-0.8016101709437636f,0.03522649302636438f,0f,0f,0f,1f],start_interpolation:0}
execute if entity @s[tag=aj.ecual.bone.ear_edge_b4] run data modify entity @s {} merge value {transformation:[-0.8010172627458484f,0.031488050827767525f,-0.5978125520915535f,-0.04505851405212198f,0.034490457080026085f,0.9993843714853246f,0.006425449501305282f,2.297309924643644f,0.5976468465185436f,-0.015471932198367386f,-0.8016101709437636f,0.052874077278067116f,0f,0f,0f,1f],start_interpolation:0}
execute if entity @s[tag=aj.ecual.bone.ear_left_2] run data modify entity @s {} merge value {transformation:[-0.7960812274159078f,-0.09420632631498377f,-0.5978125520915535f,-0.1126041576986424f,-0.1222723372031353f,0.9924757876913618f,0.006425449501305282f,2.4001401928860258f,0.5927091655364075f,0.07821111767930335f,-0.8016101709437636f,0.06508745063791804f,0f,0f,0f,1f],start_interpolation:0}
execute if entity @s[tag=aj.ecual.bone.ear_left_1] run data modify entity @s {} merge value {transformation:[-0.7960812274159078f,-0.0744791810326126f,-0.6005893197091444f,-0.0958463419663046f,-0.1222723372031353f,0.991726584154326f,0.03908782209941403f,2.177001711451303f,0.5927091655364075f,0.1045525412139943f,-0.7986016599123946f,0.04156312886476936f,0f,0f,0f,1f],start_interpolation:0}
execute if entity @s[tag=aj.ecual.bone.head] run data modify entity @s {} merge value {transformation:[-0.7973057313688896f,0.017339147285877817f,-0.603326548974698f,0.013784516126253525f,-0.041572280188613156f,0.9956358601865223f,0.08355225568806256f,1.669323860139035f,0.602142272429232f,0.09169835266809635f,-0.7931053497939087f,-0.055915518750224394f,0f,0f,0f,1f],start_interpolation:0}
execute if entity @s[tag=aj.ecual.bone.body_1] run data modify entity @s {} merge value {transformation:[0.47671485714935874f,0.03767536003837081f,-0.8782502560313009f,-0.00034374388813552853f,-0.1602688433266111f,0.9860610340209971f,-0.044693792009540996f,1.2995509723811611f,0.8643245008859908f,0.16206234735872813f,0.47610813134913194f,-0.11668889900974744f,0f,0f,0f,1f],start_interpolation:0}
execute if entity @s[tag=aj.ecual.bone.leg_left_2] run data modify entity @s {} merge value {transformation:[0.4723363913060346f,-0.22935095632906013f,-0.8510560923223205f,0.07940923727409406f,-0.12345425113292896f,0.9388205914079348f,-0.32151974282408136f,0.6743056906269038f,0.8727298444107434f,0.2569319676089399f,0.4151247796691959f,-0.38350643789975947f,0f,0f,0f,1f],start_interpolation:0}
execute if entity @s[tag=aj.ecual.bone.leg_left_1] run data modify entity @s {} merge value {transformation:[0.47489968196964233f,-0.37350086353373396f,-0.7968484153241994f,-0.0630970201949065f,-0.11760151291698573f,0.8704132928708049f,-0.4780696432042497f,1.0081065450818811f,0.8721468776672705f,0.320745700724667f,0.36943472933912663f,-0.26089903702983935f,0f,0f,0f,1f],start_interpolation:0}
execute if entity @s[tag=aj.ecual.bone.leg_right_2] run data modify entity @s {} merge value {transformation:[0.45651169167525624f,0.040425630939707094f,-0.8887985394491389f,0.31435479597580607f,0.11177261881389014f,0.9884471515613898f,0.10236752538603207f,1.099603917084805f,0.8826686564318917f,-0.1460753125387782f,0.4467192026535436f,-0.17560739861601068f,0f,0f,0f,1f],start_interpolation:0}
execute if entity @s[tag=aj.ecual.bone.leg_right_1] run data modify entity @s {} merge value {transformation:[0.45651169167525624f,-0.878915427710187f,-0.13821992004343994f,0.024654413762183705f,0.11177261881389014f,0.2107757871779361f,-0.9711232924932891f,1.0415363416912258f,0.8826686564318917f,0.4278799346458543f,0.1944602902398814f,-0.01842273422102203f,0f,0f,0f,1f],start_interpolation:0}
execute if entity @s[tag=aj.ecual.bone.skirt_forward_right] run data modify entity @s {} merge value {transformation:[0.4061575487654573f,-0.6393469453946882f,-0.6528947304085987f,-0.0050189476601248326f,-0.0053557430275307655f,0.7128030070731844f,-0.701343845145909f,1.186680889139425f,0.9137873722028875f,0.28835283338630024f,0.2860861441605208f,-0.1282901684211657f,0f,0f,0f,1f],start_interpolation:0}
execute if entity @s[tag=aj.ecual.bone.skirt_forward_left] run data modify entity @s {} merge value {transformation:[0.5352098289562711f,-0.46756616668540835f,-0.7035142633662178f,-0.006603045803020846f,-0.20427288864475457f,0.7364800487912315f,-0.6448796203146698f,1.1464345981281974f,0.8196481110533513f,0.4888548020666034f,0.2986602694418782f,-0.13229698417336733f,0f,0f,0f,1f],start_interpolation:0}
execute if entity @s[tag=aj.ecual.bone.skirt_forward] run data modify entity @s {} merge value {transformation:[0.47456035159413074f,-0.5058551248201056f,-0.720349266250817f,-0.0050189476601248326f,-0.10567759145357099f,0.7797092571807375f,-0.6171593966968619f,1.186680889139425f,0.8738562349491061f,0.36900415574881784f,0.31656154801345504f,-0.1282901684211657f,0f,0f,0f,1f],start_interpolation:0}
execute if entity @s[tag=aj.ecual.bone.skirt_back_right] run data modify entity @s {} merge value {transformation:[0.48048827875710237f,-0.01206716802035647f,-0.8769181247032163f,0.0024442252476636825f,-0.02468366624952288f,0.9993231269002609f,-0.02727644886650815f,1.2125619416254219f,0.876653711905402f,0.03475156828480627f,0.47986518721848026f,-0.12921329357134706f,0f,0f,0f,1f],start_interpolation:0}
execute if entity @s[tag=aj.ecual.bone.skirt_back_left] run data modify entity @s {} merge value {transformation:[0.4654989109157997f,0.06477818661399715f,-0.8826746572068366f,0.0024442252476636825f,-0.18597372941100643f,0.9822107997433993f,-0.02599455397566175f,1.2125619416254219f,0.8652887008999751f,0.1762547344227496f,0.46926509851937614f,-0.12921329357134706f,0f,0f,0f,1f],start_interpolation:0}
execute if entity @s[tag=aj.ecual.bone.skirt_back] run data modify entity @s {} merge value {transformation:[0.47456035159413074f,0.092308567671883f,-0.8753694083238347f,0.0024442252476636825f,-0.10567759145357099f,0.9932676859873613f,0.04745050724581101f,1.2125619416254219f,0.8738562349491061f,0.06998880130190843f,0.4811204093913444f,-0.12921329357134706f,0f,0f,0f,1f],start_interpolation:0}
execute if entity @s[tag=aj.ecual.bone.skirt_right] run data modify entity @s {} merge value {transformation:[0.46157483977293795f,-0.3406862270828599f,-0.8190735998459678f,0.09712957286142791f,0.07126608142525903f,0.9345711160928082f,-0.34856559584005326f,1.2129000243286912f,0.8842340261078372f,0.10251694319032843f,0.45565388556670505f,0.04112572783537491f,0f,0f,0f,1f],start_interpolation:0}
execute if entity @s[tag=aj.ecual.bone.skirt_left] run data modify entity @s {} merge value {transformation:[0.47481006680745835f,-0.17186375651517616f,-0.8631443967580333f,-0.09767659387353955f,-0.22531408535953407f,0.9243246752553106f,-0.3079893791233089f,1.2447482225225663f,0.8507578758947189f,0.340715047966269f,0.4001553357040857f,-0.29266725146547357f,0f,0f,0f,1f],start_interpolation:0}
execute if entity @s[tag=aj.ecual.bone.coat_downer] run data modify entity @s {} merge value {transformation:[0.47456035159413074f,-0.10756952908941583f,-0.8736253596973569f,0.010638249660877406f,-0.10567759145357099f,0.9783630325880655f,-0.1778708046017001f,1.074971315729514f,0.8738562349491061f,0.17673305541569004f,0.452924615983728f,-0.14087154494059764f,0f,0f,0f,1f],start_interpolation:0}
execute if entity @s[tag=aj.ecual.bone.body_2] run data modify entity @s {} merge value {transformation:[0.47456035159413074f,-0.031018727447488653f,-0.879676253653805f,1.4350437230852285e-17f,-0.10567759145357099f,0.9901425279613771f,-0.09192399570746235f,1.2970318930041151f,0.8738562349491061f,0.13658555146790538f,0.46660440179104723f,-0.11718021262002742f,0f,0f,0f,1f],start_interpolation:0}
execute if entity @s[tag=aj.ecual.bone.book_left] run data modify entity @s {} merge value {transformation:[-0.935134938035174f,0.10713211668843181f,0.3377060219181886f,0.593960040728516f,0.12387125547041383f,0.9918933416081962f,0.028346268564129487f,1.7962083346846578f,-0.3319315588101491f,0.06833965501217071f,-0.9408247083376812f,-0.8370768501525473f,0f,0f,0f,1f],start_interpolation:0}
execute if entity @s[tag=aj.ecual.bone.book_right] run data modify entity @s {} merge value {transformation:[-0.9448211525297762f,0.10713211668843181f,0.30957341505071473f,0.5058272325718358f,0.12296760369290557f,0.9918933416081962f,0.03204008919074348f,1.807780201671039f,-0.30363128655382415f,0.06833965501217071f,-0.9503355898725921f,-0.8668721940986626f,0f,0f,0f,1f],start_interpolation:0}
execute if entity @s[tag=aj.ecual.bone.book_loot_1] run data modify entity @s {} merge value {transformation:[-0.9400832870045892f,0.10713211668843181f,0.3236759538002537f,0.5013422435801379f,0.12343324785473182f,0.9918933416081962f,0.03019655936292453f,1.7974647842734097f,-0.317817002091896f,0.06833965501217071f,-0.9456860180494042f,-0.7101216194181943f,0f,0f,0f,1f],start_interpolation:0}
execute if entity @s[tag=aj.ecual.bone.book_left2] run data modify entity @s {} merge value {transformation:[0.30118443419139534f,-0.8917412841897316f,-0.3377653307733897f,-1.0212784271332243f,0.23097157922617784f,0.4118876497812847f,-0.8814764282426474f,2.4804547819124463f,0.9251702903739262f,0.18747278743673168f,0.3300210414202821f,-0.040495455689812346f,0f,0f,0f,1f],start_interpolation:0}
execute if entity @s[tag=aj.ecual.bone.book_right2] run data modify entity @s {} merge value {transformation:[0.415255554066216f,-0.8917412841897316f,-0.17988970756774342f,-1.0556672692418336f,0.5800744482667735f,0.4118876497812847f,-0.702753298409654f,2.4415248865417247f,0.700768477662315f,0.18747278743673168f,0.6883149676460217f,-0.11853988716864243f,0f,0f,0f,1f],start_interpolation:0}
execute if entity @s[tag=aj.ecual.bone.book_loot_2] run data modify entity @s {} merge value {transformation:[0.36681431582516566f,-0.8917412841897316f,-0.2650372422459982f,-0.9987172618506293f,0.41525221728769796f,0.4118876497812847f,-0.8111190788011956f,2.582657696047265f,0.8324739357741876f,0.18747278743673168f,0.5213838319581228f,-0.15772524622294581f,0f,0f,0f,1f],start_interpolation:0}
execute if entity @s[tag=aj.ecual.bone.air_staff_povit_1] run data modify entity @s {} merge value {transformation:[0.000007415005493658293f,7.880124395274972e-7f,-0.000013730890536457106f,0.6159623451168093f,-0.0000016512123664620467f,0.00001553750696607544f,0f,1.4614614530499985f,0.000013654003671079784f,0.0000014510474404054182f,0.000007456760025361736f,-0.42354329214139863f,0f,0f,0f,1f],start_interpolation:0}