execute if entity @s[tag=aj.ecual.bone.wing_right_1] run data modify entity @s {} merge value {transformation:[-0.37102940953091146f,-0.0791563017661197f,-0.7231983832934767f,0.00022333873398047016f,-0.3781128521315832f,0.714542208637156f,0.11577800988658964f,1.5635900568605596f,0.6215402583586256f,0.3874379387864471f,-0.3612810474863671f,-0.20898172222102557f,0f,0f,0f,1f],start_interpolation:0}
execute if entity @s[tag=aj.ecual.bone.wing_right_2] run data modify entity @s {} merge value {transformation:[-0.36546444017489904f,0.06745069800164252f,-0.7084392326140181f,0.00022333873398047016f,-0.0743385404991061f,0.788422967265645f,0.1134151933582919f,1.5635900568605596f,0.7077496198261858f,0.11764194841606121f,-0.3539079648846045f,-0.20898172222102557f,0f,0f,0f,1f],start_interpolation:0}
execute if entity @s[tag=aj.ecual.bone.wing_left_1] run data modify entity @s {} merge value {transformation:[-0.6389034886390118f,0.09892211688633247f,0.4989601100690026f,-0.11839978572595217f,0.28834229550456003f,0.7303711798437172f,0.22441279981610252f,1.5530459267199321f,-0.41905309600634777f,0.35173398881664525f,-0.6063185204849603f,-0.18519830066422877f,0f,0f,0f,1f],start_interpolation:0}
execute if entity @s[tag=aj.ecual.bone.wing_left_2] run data modify entity @s {} merge value {transformation:[-0.6153068195564305f,-0.14998105555438576f,0.4887772506798393f,-0.11839978572595217f,-0.012839906771411946f,0.7690959708082722f,0.21983294675863105f,1.5530459267199321f,-0.5111092394013746f,0.16123607121631905f,-0.5939446731281244f,-0.18519830066422877f,0f,0f,0f,1f],start_interpolation:0}
execute if entity @s[tag=aj.ecual.bone.staff] run data modify entity @s {} merge value {transformation:[0.25941625520537737f,-0.2115290692418793f,1.5262257072271068f,-0.7895345583946259f,-1.3820833124562997f,-0.7161338032180272f,0.1356626084015307f,1.7707547144993645f,0.6811425503997247f,-1.372521066779723f,-0.3060016295394686f,0.7203555591034471f,0f,0f,0f,1f],start_interpolation:0}
execute if entity @s[tag=aj.ecual.bone.arm_right_2] run data modify entity @s {} merge value {transformation:[-0.9767844526253484f,-0.2135833619689897f,0.016561419003879925f,-0.6088063723409909f,-0.08682406937697974f,0.32402629489800916f,-0.942055487320938f,1.5627040169409405f,0.19584104290526017f,-0.9216230833180623f,-0.33504802373553577f,0.262400859823398f,0f,0f,0f,1f],start_interpolation:0}
execute if entity @s[tag=aj.ecual.bone.arm_right_1] run data modify entity @s {} merge value {transformation:[-0.9767844526253484f,-0.2135833619689897f,0.016561419003879925f,-0.2882989738232985f,-0.08682406937697974f,0.32402629489800916f,-0.942055487320938f,1.591193164705262f,0.19584104290526017f,-0.9216230833180623f,-0.33504802373553577f,0.19814051762010948f,0f,0f,0f,1f],start_interpolation:0}
execute if entity @s[tag=aj.ecual.bone.arm_left_2] run data modify entity @s {} merge value {transformation:[0.9434963889232073f,0.3133837840107991f,0.10772728534564027f,0.2830291076711171f,0.2064717825862176f,-0.3016546601352302f,-0.9307920654014886f,1.5232823743035655f,-0.2591987019345156f,0.9004415971831665f,-0.3493149910577708f,0.39170586327446966f,0f,0f,0f,1f],start_interpolation:0}
execute if entity @s[tag=aj.ecual.bone.arm_left_1] run data modify entity @s {} merge value {transformation:[0.23421239082821696f,0.9661984206024091f,0.10772728534564027f,0.31303395482418167f,0.36523103533740237f,0.015245386580886672f,-0.9307920654014886f,1.644644232415465f,-0.9009721676105762f,0.25734838296249263f,-0.3493149910577708f,0.07757587558155868f,0f,0f,0f,1f],start_interpolation:0}
execute if entity @s[tag=aj.ecual.bone.himo_right_2] run data modify entity @s {} merge value {transformation:[-0.5730959244796232f,-0.81717486509001f,0.06153292785143584f,-0.014643855353710655f,-0.8175901940724214f,0.5752620009663908f,0.024897887475948066f,1.2782409337371865f,-0.055743483040321715f,-0.03603984058328161f,-0.9977944648018775f,0.2906337873444414f,0f,0f,0f,1f],start_interpolation:0}
execute if entity @s[tag=aj.ecual.bone.himo_right_1] run data modify entity @s {} merge value {transformation:[-0.8706680022960688f,-0.47780355486774917f,-0.1167946605522473f,-0.10496198851986516f,-0.49100690094731775f,0.8583505496775157f,0.1488171935309157f,1.4401117692612888f,0.029145376989906956f,0.18691735292382272f,-0.9819432010946801f,0.3195436460108164f,0f,0f,0f,1f],start_interpolation:0}
execute if entity @s[tag=aj.ecual.bone.himo_left_2] run data modify entity @s {} merge value {transformation:[-0.5730959244796232f,-0.81717486509001f,0.06153292785143584f,0.2906012860917107f,-0.8175901940724214f,0.5752620009663908f,0.024897887475948066f,1.3053734554174925f,-0.055743483040321715f,-0.03603984058328161f,-0.9977944648018775f,0.22943346143654764f,0f,0f,0f,1f],start_interpolation:0}
execute if entity @s[tag=aj.ecual.bone.himo_left_1] run data modify entity @s {} merge value {transformation:[-0.8706680022960688f,-0.47780355486774917f,-0.1167946605522473f,0.2002831529255562f,-0.49100690094731775f,0.8583505496775157f,0.1488171935309157f,1.4672442909415948f,0.029145376989906956f,0.18691735292382272f,-0.9819432010946801f,0.25834332010292266f,0f,0f,0f,1f],start_interpolation:0}
execute if entity @s[tag=aj.ecual.bone.ponpon1] run data modify entity @s {} merge value {transformation:[-0.6404796222824156f,-0.08261676900214225f,0.7635183841405659f,0.1311946514277386f,0.24732394017889223f,0.9190402536244263f,0.30691347450435924f,2.0838896824613293f,-0.7270603290342293f,0.3854082013886016f,-0.5681934496692489f,0.5897608767913086f,0f,0f,0f,1f],start_interpolation:0}
execute if entity @s[tag=aj.ecual.bone.ponpon2] run data modify entity @s {} merge value {transformation:[-0.6404796222824156f,-0.08261676900214225f,0.7635183841405659f,0.237119581901775f,0.24732394017889223f,0.9190402536244263f,0.30691347450435924f,1.9885081412363512f,-0.7270603290342293f,0.3854082013886016f,-0.5681934496692489f,0.5155814780500249f,0f,0f,0f,1f],start_interpolation:0}
execute if entity @s[tag=aj.ecual.bone.ponpon3] run data modify entity @s {} merge value {transformation:[-0.6404796222824156f,-0.08261676900214225f,0.7635183841405659f,-0.24508712666318058f,0.24732394017889223f,0.9190402536244263f,0.30691347450435924f,2.2291924973164283f,-0.7270603290342293f,0.3854082013886016f,-0.5681934496692489f,0.16261293348369882f,0f,0f,0f,1f],start_interpolation:0}
execute if entity @s[tag=aj.ecual.bone.ponpon4] run data modify entity @s {} merge value {transformation:[-0.6404796222824156f,-0.08261676900214225f,0.7635183841405659f,-0.18719816786032534f,0.24732394017889223f,0.9190402536244263f,0.30691347450435924f,2.1523602516048674f,-0.7270603290342293f,0.3854082013886016f,-0.5681934496692489f,0.033904010064847945f,0f,0f,0f,1f],start_interpolation:0}
execute if entity @s[tag=aj.ecual.bone.ear_edge_a1] run data modify entity @s {} merge value {transformation:[-0.6414414456328104f,0.0747833464340113f,0.7635183841405659f,0.08213356544100756f,0.4623133224505399f,0.8319077539321321f,0.30691347450435924f,2.204939535615603f,-0.6122248473471434f,0.5498517436943576f,-0.5681934496692489f,0.5507209862577902f,0f,0f,0f,1f],start_interpolation:0}
execute if entity @s[tag=aj.ecual.bone.ear_edge_a2] run data modify entity @s {} merge value {transformation:[-0.6452429298193396f,-0.026480910058641102f,0.7635183841405659f,0.0075443925818694454f,0.3264824338370055f,0.8939873262879778f,0.30691347450435924f,2.2515544711293876f,-0.6907031069236765f,0.44730908982373563f,-0.5681934496692489f,0.47567004552927344f,0f,0f,0f,1f],start_interpolation:0}
execute if entity @s[tag=aj.ecual.bone.ear_edge_b1] run data modify entity @s {} merge value {transformation:[-0.6324827691720987f,0.1304040788463795f,0.7635183841405659f,-0.006753675582393287f,0.5330596188738985f,0.7884488327682883f,0.30691347450435924f,2.254985196635883f,-0.5619724098444758f,0.6011183031039324f,-0.5681934496692489f,0.4583099333675051f,0f,0f,0f,1f],start_interpolation:0}
execute if entity @s[tag=aj.ecual.bone.ear_edge_b2] run data modify entity @s {} merge value {transformation:[-0.6418239355648698f,-0.07142627538518939f,0.7635183841405659f,0.01176284279219457f,0.2633257355833402f,0.9145838814166555f,0.30691347450435924f,2.254423061232863f,-0.7202232936496253f,0.3980384542194941f,-0.5681934496692489f,0.48288813867367447f,0f,0f,0f,1f],start_interpolation:0}
execute if entity @s[tag=aj.ecual.bone.ear_right_2] run data modify entity @s {} merge value {transformation:[-0.6450955490520052f,0.029856484600016983f,0.7635183841405659f,0.07013516095692061f,0.4031561990381357f,0.8621306155941715f,0.30691347450435924f,2.3387817650008267f,-0.649089217111496f,0.505805685992698f,-0.5681934496692489f,0.5518948492307999f,0f,0f,0f,1f],start_interpolation:0}
execute if entity @s[tag=aj.ecual.bone.ear_right_1] run data modify entity @s {} merge value {transformation:[-0.6450955490520052f,0.029856484600016983f,0.7635183841405659f,0.0634174519219168f,0.4031561990381357f,0.8621306155941715f,0.30691347450435924f,2.1448023764921382f,-0.649089217111496f,0.505805685992698f,-0.5681934496692489f,0.438088569882443f,0f,0f,0f,1f],start_interpolation:0}
execute if entity @s[tag=aj.ecual.bone.ear_edge_a3] run data modify entity @s {} merge value {transformation:[-0.5718210140946786f,-0.6590780321375684f,0.4885047342589462f,-0.21707857371719086f,0.04434022836806161f,0.5697628996380218f,0.8206120778689171f,2.2479342897669756f,-0.8191792673084453f,0.49090364202126663f,-0.29657872860718587f,0.2776929769915349f,0f,0f,0f,1f],start_interpolation:0}
execute if entity @s[tag=aj.ecual.bone.ear_edge_a4] run data modify entity @s {} merge value {transformation:[-0.6678834679058105f,-0.5615111734460004f,0.4885047342589462f,-0.14580697149012908f,0.13292488098310495f,0.5558118329716324f,0.8206120778689171f,2.2382244643409672f,-0.7322995625519213f,0.6130076740335394f,-0.29657872860718587f,0.3682204238305125f,0f,0f,0f,1f],start_interpolation:0}
execute if entity @s[tag=aj.ecual.bone.ear_edge_b3] run data modify entity @s {} merge value {transformation:[-0.48783232057738396f,-0.8602755860336813f,0.14814028174163474f,-0.0988404394766279f,0.06378057476964269f,0.13412350333052936f,0.9889099676595436f,2.281559842341427f,-0.8706041955344223f,0.4918707166814794f,-0.010560908536181246f,0.3638316536688737f,0f,0f,0f,1f],start_interpolation:0}
execute if entity @s[tag=aj.ecual.bone.ear_edge_b4] run data modify entity @s {} merge value {transformation:[-0.729795883274782f,-0.6674222244431856f,0.14814028174163474f,-0.12584390487754626f,0.10210537312195739f,0.10784975031601308f,0.9889099676595436f,2.285452876023691f,-0.6759973827869502f,0.7368283420689544f,-0.010560908536181246f,0.34958655731643884f,0f,0f,0f,1f],start_interpolation:0}
execute if entity @s[tag=aj.ecual.bone.ear_left_2] run data modify entity @s {} merge value {transformation:[-0.6164030462881016f,-0.7733703779252588f,0.14814028174163474f,-0.2356589287132753f,0.08397686854926548f,0.12249474034528945f,0.9889099676595436f,2.333821804308673f,-0.782940080769536f,0.6220074735366794f,-0.010560908536181246f,0.37936493618048306f,0f,0f,0f,1f],start_interpolation:0}
execute if entity @s[tag=aj.ecual.bone.ear_left_1] run data modify entity @s {} merge value {transformation:[-0.6164030462881016f,-0.6175843336203929f,0.4885047342589462f,-0.0967024536486871f,0.08397686854926548f,0.5652819678747216f,0.8206120778689171f,2.206633361536861f,-0.782940080769536f,0.546850882473767f,-0.29657872860718587f,0.2563234876238857f,0f,0f,0f,1f],start_interpolation:0}
execute if entity @s[tag=aj.ecual.bone.head] run data modify entity @s {} merge value {transformation:[-0.6404796222824156f,-0.08261676900214225f,0.7635183841405659f,0.0018386437458200906f,0.24732394017889223f,0.9190402536244263f,0.30691347450435924f,1.6951186929537196f,-0.7270603290342293f,0.3854082013886016f,-0.5681934496692489f,0.16744037084366997f,0f,0f,0f,1f],start_interpolation:0}
execute if entity @s[tag=aj.ecual.bone.body_1] run data modify entity @s {} merge value {transformation:[-0.9767844526253484f,-0.016561419003879974f,-0.2135833619689897f,0.00804917587227508f,-0.08682406937697974f,0.9420554873209381f,0.32402629489800894f,1.3418478852083677f,0.19584104290526017f,0.33504802373553555f,-0.9216230833180624f,0.04179736194284413f,0f,0f,0f,1f],start_interpolation:0}
execute if entity @s[tag=aj.ecual.bone.leg_left_2] run data modify entity @s {} merge value {transformation:[-0.9694914897837894f,-0.20923145390088307f,-0.127704541561102f,0.23495351270719456f,-0.08614559172824067f,0.7785683713836092f,-0.6216190377609632f,1.0606563704474727f,0.22948897198471185f,-0.5916531836976767f,-0.7728397776756857f,0.45339307528435685f,0f,0f,0f,1f],start_interpolation:0}
execute if entity @s[tag=aj.ecual.bone.leg_left_1] run data modify entity @s {} merge value {transformation:[-0.9694914897837894f,-0.24464068904692726f,0.015400795416251473f,0.15366082613178342f,-0.08614559172824067f,0.28121984059073496f,-0.9557689774646974f,1.1324113346407594f,0.22948897198471185f,-0.9279366004855969f,-0.2937149591298236f,0.1369020764424117f,0f,0f,0f,1f],start_interpolation:0}
execute if entity @s[tag=aj.ecual.bone.leg_right_2] run data modify entity @s {} merge value {transformation:[-0.9853820817223655f,0.010117770744085292f,-0.17005817750307517f,-0.05695599876837668f,0.0861455917282407f,0.8907966496614942f,-0.4461617038447474f,1.0726745829023225f,0.14697309293298744f,-0.4542895108485634f,-0.8786466583824719f,0.46522183177413345f,0f,0f,0f,1f],start_interpolation:0}
execute if entity @s[tag=aj.ecual.bone.leg_right_1] run data modify entity @s {} merge value {transformation:[-0.9853820817223655f,-0.12066180716959815f,-0.12026172005698241f,-0.10294330948506289f,0.0861455917282407f,0.2561043584576247f,-0.9628029365372748f,1.1246053460019831f,0.14697309293298744f,-0.9590887789300713f,-0.24196616309752117f,0.12646133290076442f,0f,0f,0f,1f],start_interpolation:0}
execute if entity @s[tag=aj.ecual.bone.skirt_forward_right] run data modify entity @s {} merge value {transformation:[-0.9923773355203185f,0.02681646033512941f,-0.12028342113810805f,0.0014398052358815358f,0.110453823804858f,0.626414762851749f,-0.77162458338772f,1.287086179127007f,0.054655070693197444f,-0.7790285118893154f,-0.6246017938743373f,0.0405275620178787f,0f,0f,0f,1f],start_interpolation:0}
execute if entity @s[tag=aj.ecual.bone.skirt_forward_left] run data modify entity @s {} merge value {transformation:[-0.9417014288309329f,-0.3142138086352854f,-0.12028342113810805f,0.0014398052358815358f,-0.110453823804858f,0.626414762851749f,-0.77162458338772f,1.287086179127007f,0.3178024099100959f,-0.7133542088922551f,-0.6246017938743373f,0.0405275620178787f,0f,0f,0f,1f],start_interpolation:0}
execute if entity @s[tag=aj.ecual.bone.skirt_forward] run data modify entity @s {} merge value {transformation:[-0.9819575234026797f,-0.1459154578246874f,-0.12028342113810805f,0.0014398052358815358f,0f,0.636078220277764f,-0.77162458338772f,1.287086179127007f,0.18910161880025136f,-0.75770256490003f,-0.6246017938743373f,0.0405275620178787f,0f,0f,0f,1f],start_interpolation:0}
execute if entity @s[tag=aj.ecual.bone.skirt_back_right] run data modify entity @s {} merge value {transformation:[-0.9774587632491888f,0.11142388803104028f,-0.17932953834606372f,0.0037067478310432805f,0.1646746745649989f,0.9339164880119412f,-0.3173046564050921f,1.283893207001974f,0.13212349414194985f,-0.3396832503899596f,-0.9312135478504563f,0.05229922928632469f,0f,0f,0f,1f],start_interpolation:0}
execute if entity @s[tag=aj.ecual.bone.skirt_back_left] run data modify entity @s {} merge value {transformation:[-0.9566200011020626f,-0.22960638093937455f,-0.17932953834606372f,0.0037067478310432805f,-0.1646746745649989f,0.9339164880119412f,-0.3173046564050921f,1.283893207001974f,0.24033398646134346f,-0.27400894739289927f,-0.9312135478504563f,0.05229922928632469f,0f,0f,0f,1f],start_interpolation:0}
execute if entity @s[tag=aj.ecual.bone.skirt_back] run data modify entity @s {} merge value {transformation:[-0.9819575234026797f,-0.06000282417906047f,-0.17932953834606372f,0.0037067478310432805f,0f,0.9483236552061994f,-0.3173046564050921f,1.283893207001974f,0.18910161880025136f,-0.3115796945676825f,-0.9312135478504563f,0.05229922928632469f,0f,0f,0f,1f],start_interpolation:0}
execute if entity @s[tag=aj.ecual.bone.skirt_right] run data modify entity @s {} merge value {transformation:[-0.9699533752255507f,0.15860154772041346f,-0.18448847917756672f,-0.1885287204313091f,0.23262501680698122f,0.8266581761375895f,-0.5123688723765581f,1.3552746665210527f,0.07124641355263982f,-0.5398905526915279f,-0.8387145758065272f,0.07864980051125695f,0f,0f,0f,1f],start_interpolation:0}
execute if entity @s[tag=aj.ecual.bone.skirt_left] run data modify entity @s {} merge value {transformation:[-0.9270428891214504f,-0.34776283965869714f,-0.14018733566864508f,0.1919798198872293f,-0.23262501680698122f,0.8266581761375895f,-0.5123688723765581f,1.3552746665210527f,0.2940698612318266f,-0.4423768384278198f,-0.8472459203429079f,0.00537292322615953f,0f,0f,0f,1f],start_interpolation:0}
execute if entity @s[tag=aj.ecual.bone.coat_downer] run data modify entity @s {} merge value {transformation:[-0.9819575234026797f,-0.09739453370925638f,-0.1620917241454113f,0.010850686800789391f,0f,0.8571673007021123f,-0.5150380749100542f,1.18980070528003f,0.18910161880025136f,-0.5057455124967607f,-0.8417018797392064f,0.09765867503032052f,0f,0f,0f,1f],start_interpolation:0}
execute if entity @s[tag=aj.ecual.bone.body_2] run data modify entity @s {} merge value {transformation:[-0.9819575234026797f,-0.08289669349313715f,-0.16996340912320057f,0f,0f,0.898794046299167f,-0.4383711467890774f,1.390625f,0.18910161880025136f,-0.43046184563219503f,-0.8825775757530036f,0f,0f,0f,0f,1f],start_interpolation:0}
execute if entity @s[tag=aj.ecual.bone.book_left] run data modify entity @s {} merge value {transformation:[-0.9839149813154513f,-0.022822031886256602f,-0.17717354318181305f,-0.3241366896582961f,0.12187963703783213f,0.6393429524732885f,-0.7592008582702372f,0.783374868953573f,0.13060116239353076f,-0.768582945415341f,-0.6262775681741583f,-1.3475431579813475f,0f,0f,0f,1f],start_interpolation:0}
execute if entity @s[tag=aj.ecual.bone.book_right] run data modify entity @s {} merge value {transformation:[-0.966606584194152f,-0.022822031886256602f,0.2552466772616174f,-0.4177872809917408f,-0.21039168290562704f,0.6393429524732885f,-0.7395782101217401f,0.7791251310464269f,-0.14631148675566014f,-0.768582945415341f,-0.6227946731146848f,-1.3482974593910677f,0f,0f,0f,1f],start_interpolation:0}
execute if entity @s[tag=aj.ecual.bone.book_loot_1] run data modify entity @s {} merge value {transformation:[-0.9989396408900764f,-0.022822031886256602f,0.0399843559281368f,-0.376959638714239f,-0.04533053767622426f,0.6393429524732885f,-0.7675843481186435f,0.8963876522177965f,-0.008045881703682645f,-0.768582945415341f,-0.6396995543255358f,-1.2519653755373772f,0f,0f,0f,1f],start_interpolation:0}
execute if entity @s[tag=aj.ecual.bone.book_left2] run data modify entity @s {} merge value {transformation:[0.9498764694898603f,0.3074640780819208f,0.05657325692156173f,0.2610609636070329f,-0.24097798202059412f,0.8353777708481521f,-0.49403804727374434f,0.775234229495569f,-0.19915899399916834f,0.45564220684875834f,0.8675977607435558f,1.5280969838211214f,0f,0f,0f,1f],start_interpolation:0}
execute if entity @s[tag=aj.ecual.bone.book_right2] run data modify entity @s {} merge value {transformation:[0.8369715495203407f,0.3074640780819208f,0.4527079256902337f,0.1752688469945823f,-0.00961072083704291f,0.8353777708481521f,-0.5495922252159001f,0.787265770504431f,-0.5471620046553964f,0.45564220684875834f,0.7021423787234901f,1.5639301702285253f,0f,0f,0f,1f],start_interpolation:0}
execute if entity @s[tag=aj.ecual.bone.book_loot_2] run data modify entity @s {} merge value {transformation:[0.9151159105328058f,0.3074640780819208f,0.2608231411875644f,0.17904143412267293f,-0.12833643742786166f,0.8353777708481521f,-0.534484554314806f,0.8614226831472209f,-0.38222065501230856f,0.45564220684875834f,0.8039263338266478f,1.4254246269508262f,0f,0f,0f,1f],start_interpolation:0}
execute if entity @s[tag=aj.ecual.bone.air_staff_povit_1] run data modify entity @s {} merge value {transformation:[-0.000015343086303166872f,0f,-0.000002954712793753928f,0.12292008450001397f,0f,0.000015625f,0f,1.5567475f,0.000002954712793753928f,0f,-0.000015343086303166872f,0.6764606382730332f,0f,0f,0f,1f],start_interpolation:0}