execute if entity @s[tag=aj.ecual.bone.wing_right_1] run data modify entity @s {} merge value {transformation:[-0.10685187913502496f,-0.06628667077414081f,-0.8069282481407124f,-0.10748757954730173f,-0.13556038141341734f,0.8039001437790827f,-0.04808727760503147f,1.4416597700774703f,0.7982170778433693f,0.1276521858570985f,-0.11618459678262842f,-0.2800087974938249f,0f,0f,0f,1f],start_interpolation:0}
execute if entity @s[tag=aj.ecual.bone.wing_right_2] run data modify entity @s {} merge value {transformation:[-0.12155272636909936f,-0.019935139145624545f,-0.7904603247092693f,-0.10748757954730173f,0.17867540031956455f,0.7783676092137625f,-0.04710590459268389f,1.4416597700774703f,0.770259719856155f,-0.18370208260685636f,-0.11381348256257479f,-0.2800087974938249f,0f,0f,0f,1f],start_interpolation:0}
execute if entity @s[tag=aj.ecual.bone.wing_left_1] run data modify entity @s {} merge value {transformation:[-0.7707465290989701f,0.08845760682431439f,0.2550872088546378f,-0.21056716572022824f,0.09388311216958559f,0.8112489708290213f,0.0023479826769181563f,1.4367645063370573f,-0.2531406596651112f,0.031540506784341615f,-0.7758024537861063f,-0.21598606102202533f,0f,0f,0f,1f],start_interpolation:0}
execute if entity @s[tag=aj.ecual.bone.wing_left_2] run data modify entity @s {} merge value {transformation:[-0.730705179023984f,-0.20887616796652275f,0.24988134744944113f,-0.21056716572022824f,-0.21914924559433965f,0.7693947737397087f,0.0023000646631035f,1.4367645063370573f,-0.24092228934442575f,-0.0663507995252779f,-0.7599697506476144f,-0.21598606102202533f,0f,0f,0f,1f],start_interpolation:0}
execute if entity @s[tag=aj.ecual.bone.staff] run data modify entity @s {} merge value {transformation:[-1.11955756831787f,0.9931304979254308f,0.4490978905679302f,-0.29013774124064456f,1.0373457668629624f,1.1684672617002445f,0.0020659879538352252f,1.6274687270253745f,-0.3345308075404578f,0.29963698440799874f,-1.4965670938455151f,0.7092085158557371f,0f,0f,0f,1f],start_interpolation:0}
execute if entity @s[tag=aj.ecual.bone.arm_right_2] run data modify entity @s {} merge value {transformation:[0.26290420759260824f,-0.9631240335969335f,0.05721427739713153f,-0.3776248629877589f,0.0303234228040634f,-0.051022768778240295f,-0.9982370295153595f,1.6056254086186208f,0.964345305199102f,0.26417564795827664f,0.015791116688690734f,0.47641531521834835f,0f,0f,0f,1f],start_interpolation:0}
execute if entity @s[tag=aj.ecual.bone.arm_right_1] run data modify entity @s {} merge value {transformation:[-0.29575500628922474f,-0.9535488989646965f,0.05721427739713153f,-0.2617769752988651f,-0.0018399982806046045f,-0.059324929925615055f,-0.9982370295153595f,1.6073472504851765f,0.9552620533974896f,-0.29533887311448903f,0.015791116688690734f,0.16552236390132666f,0f,0f,0f,1f],start_interpolation:0}
execute if entity @s[tag=aj.ecual.bone.arm_left_2] run data modify entity @s {} merge value {transformation:[-0.862763344627077f,-0.40044975707980707f,-0.30867361925280096f,0.5187658622353413f,0.3880779814406121f,-0.1331565763093788f,-0.911956581481018f,1.483615864643785f,0.3240908691846771f,-0.9065921454768339f,0.2702883465316853f,-0.3349703590898338f,0f,0f,0f,1f],start_interpolation:0}
execute if entity @s[tag=aj.ecual.bone.arm_left_1] run data modify entity @s {} merge value {transformation:[-0.7556392176248938f,-0.5776936641201939f,-0.30867361925280096f,0.2448466458463173f,0.4076993417013547f,-0.046004785291722895f,-0.911956581481018f,1.631406876010526f,0.5126310754953513f,-0.814956189108131f,0.2702883465316853f,-0.149141594222769f,0f,0f,0f,1f],start_interpolation:0}
execute if entity @s[tag=aj.ecual.bone.himo_right_2] run data modify entity @s {} merge value {transformation:[-0.8567009768803756f,0.13216795390715458f,-0.49859308877300557f,-0.03392264797037471f,0.38554100398398106f,0.806222196056581f,-0.44873589652793344f,1.3406866596195335f,0.3426683096804168f,-0.5766605609417906f,-0.7416475085881875f,0.3253141104093852f,0f,0f,0f,1f],start_interpolation:0}
execute if entity @s[tag=aj.ecual.bone.himo_right_1] run data modify entity @s {} merge value {transformation:[-0.8638623596368828f,0.03779462991468162f,-0.5023080624001658f,-0.02997558025137293f,0.18667814794677437f,0.9501974450720047f,-0.24955176709011107f,1.5172889820262212f,0.4678601208499811f,-0.30934831715761296f,-0.8278952385356461f,0.262136955701485f,0f,0f,0f,1f],start_interpolation:0}
execute if entity @s[tag=aj.ecual.bone.himo_left_2] run data modify entity @s {} merge value {transformation:[-0.8567009768803756f,0.13216795390715458f,-0.49859308877300557f,0.2313253212155847f,0.38554100398398106f,0.806222196056581f,-0.44873589652793344f,1.3532833221982505f,0.3426683096804168f,-0.5766605609417906f,-0.7416475085881875f,0.16056858259572254f,0f,0f,0f,1f],start_interpolation:0}
execute if entity @s[tag=aj.ecual.bone.himo_left_1] run data modify entity @s {} merge value {transformation:[-0.8638623596368828f,0.03779462991468162f,-0.5023080624001658f,0.23527238893458646f,0.18667814794677437f,0.9501974450720047f,-0.24955176709011107f,1.5298856446049383f,0.4678601208499811f,-0.30934831715761296f,-0.8278952385356461f,0.09739142788782235f,0f,0f,0f,1f],start_interpolation:0}
execute if entity @s[tag=aj.ecual.bone.ponpon1] run data modify entity @s {} merge value {transformation:[-0.995669150102545f,-0.06331178619685202f,0.06807761205153817f,0.24553595191174984f,-0.05821374225904266f,0.9955257977883545f,0.07442812741200888f,2.224611692004491f,-0.07248519673887477f,0.07014273780245948f,-0.9948999409927122f,0.08566760280788446f,0f,0f,0f,1f],start_interpolation:0}
execute if entity @s[tag=aj.ecual.bone.ponpon2] run data modify entity @s {} merge value {transformation:[-0.995669150102545f,-0.06331178619685202f,0.06807761205153817f,0.29716979444503344f,-0.05821374225904266f,0.9955257977883545f,0.07442812741200888f,2.1093316195605367f,-0.07248519673887477f,0.07014273780245948f,-0.9948999409927122f,-0.013653914007781931f,0f,0f,0f,1f],start_interpolation:0}
execute if entity @s[tag=aj.ecual.bone.ponpon3] run data modify entity @s {} merge value {transformation:[-0.995669150102545f,-0.06331178619685202f,0.06807761205153817f,-0.33941967377349536f,-0.05821374225904266f,0.9955257977883545f,0.07442812741200888f,2.1904111184273036f,-0.07248519673887477f,0.07014273780245948f,-0.9948999409927122f,0.043082549723795535f,0f,0f,0f,1f],start_interpolation:0}
execute if entity @s[tag=aj.ecual.bone.ponpon4] run data modify entity @s {} merge value {transformation:[-0.995669150102545f,-0.06331178619685202f,0.06807761205153817f,-0.3624610174979026f,-0.05821374225904266f,0.9955257977883545f,0.07442812741200888f,2.070765015313921f,-0.07248519673887477f,0.07014273780245948f,-0.9948999409927122f,-0.061675356847286464f,0f,0f,0f,1f],start_interpolation:0}
execute if entity @s[tag=aj.ecual.bone.ear_edge_a1] run data modify entity @s {} merge value {transformation:[-0.9814100284598963f,0.17944301261321263f,0.06807761205153817f,0.15132088752208223f,0.1843549427948487f,0.9800376058688003f,0.07442812741200888f,2.3208234789926787f,-0.05336301252228351f,0.08559495491700764f,-0.9948999409927122f,0.06443122255304704f,0f,0f,0f,1f],start_interpolation:0}
execute if entity @s[tag=aj.ecual.bone.ear_edge_a2] run data modify entity @s {} merge value {transformation:[-0.9973983141363373f,0.023707418572094713f,0.06807761205153817f,0.03667445950365282f,0.028773568936161287f,0.9968111835150215f,0.07442812741200888f,2.3341830107058623f,-0.06609602626987653f,0.07619332466843634f,-0.9948999409927122f,0.057585780272264436f,0f,0f,0f,1f],start_interpolation:0}
execute if entity @s[tag=aj.ecual.bone.ear_edge_b1] run data modify entity @s {} merge value {transformation:[-0.9620359779606359f,0.26429569774531525f,0.06807761205153817f,0.014293681021092047f,0.26906932203936734f,0.9602406749285396f,0.07442812741200888f,2.330519800714601f,-0.04569985827765814f,0.08992013326335721f,-0.9948999409927122f,0.055780296382978656f,0f,0f,0f,1f],start_interpolation:0}
execute if entity @s[tag=aj.ecual.bone.ear_edge_b2] run data modify entity @s {} merge value {transformation:[-0.9966224478933304f,-0.04592532082050246f,0.06807761205153817f,0.04356247744318255f,-0.040830555182328754f,0.9963901442775539f,0.07442812741200888f,2.339651562820526f,-0.07124999732356917f,0.07139709583792148f,-0.9948999409927122f,0.058466204393876856f,0f,0f,0f,1f],start_interpolation:0}
execute if entity @s[tag=aj.ecual.bone.ear_right_2] run data modify entity @s {} merge value {transformation:[-0.9915366747539839f,0.1105461955707771f,0.06807761205153817f,0.10580845064374295f,0.11554189589780511f,0.9905102342440903f,0.07442812741200888f,2.444717938090049f,-0.059203825131092694f,0.0816640343268991f,-0.9948999409927122f,0.03917527027214649f,0f,0f,0f,1f],start_interpolation:0}
execute if entity @s[tag=aj.ecual.bone.ear_right_1] run data modify entity @s {} merge value {transformation:[-0.9915366747539839f,0.1105461955707771f,0.06807761205153817f,0.08093555664031814f,0.11554189589780511f,0.9905102342440903f,0.07442812741200888f,2.221853135385129f,-0.059203825131092694f,0.0816640343268991f,-0.9948999409927122f,0.020800862548594222f,0f,0f,0f,1f],start_interpolation:0}
execute if entity @s[tag=aj.ecual.bone.ear_edge_a3] run data modify entity @s {} merge value {transformation:[-0.9501214178573978f,-0.3116807825100094f,-0.011152629402797196f,-0.25347307035349786f,-0.29206317797153075f,0.8766375097803983f,0.38236863956029676f,2.279199824414983f,-0.10940014351826921f,0.3665539063493531f,-0.9239425535920575f,0.06728943095749759f,0f,0f,0f,1f],start_interpolation:0}
execute if entity @s[tag=aj.ecual.bone.ear_edge_a4] run data modify entity @s {} merge value {transformation:[-0.9871814630427467f,-0.15921173914691752f,-0.011152629402797196f,-0.14136899935396283f,-0.1513310757229468f,0.9115333943423817f,0.38236863956029676f,2.305816767092021f,-0.050711581964261294f,0.379154972427463f,-0.9239425535920575f,0.07695153491359741f,0f,0f,0f,1f],start_interpolation:0}
execute if entity @s[tag=aj.ecual.bone.ear_edge_b3] run data modify entity @s {} merge value {transformation:[-0.9208525914159613f,-0.3837604085157219f,-0.06898154636099998f,-0.11800147473386836f,-0.3491266454681029f,0.7327524134501557f,0.5841099947845114f,2.313156977065269f,-0.17361189563707374f,0.5619624982494993f,-0.8087379428804385f,0.04738533344363012f,0f,0f,0f,1f],start_interpolation:0}
execute if entity @s[tag=aj.ecual.bone.ear_edge_b4] run data modify entity @s {} merge value {transformation:[-0.994371345613059f,-0.08041873715322564f,-0.06898154636099998f,-0.14820731502649026f,-0.1056062227593512f,0.8047750242815321f,0.5841099947845114f,2.316411916294821f,0.008541237508503802f,0.5881071220511958f,-0.8087379428804385f,0.05231262558318678f,0f,0f,0f,1f],start_interpolation:0}
execute if entity @s[tag=aj.ecual.bone.ear_left_2] run data modify entity @s {} merge value {transformation:[-0.9695487221581406f,-0.23498259855393935f,-0.06898154636099998f,-0.22302672629664355f,-0.23020058531492435f,0.7783464553227596f,0.5841099947845114f,2.4086466563315723f,-0.08356414232302549f,0.582202691391352f,-0.8087379428804385f,0.08667034609533064f,0f,0f,0f,1f],start_interpolation:0}
execute if entity @s[tag=aj.ecual.bone.ear_left_1] run data modify entity @s {} merge value {transformation:[-0.9695487221581406f,-0.2446444240503357f,-0.011152629402797196f,-0.1679817308853181f,-0.23020058531492435f,0.8948753622720174f,0.38236863956029676f,2.2072996998203687f,-0.08356414232302549f,0.3732923676953567f,-0.9239425535920575f,0.002679563363875529f,0f,0f,0f,1f],start_interpolation:0}
execute if entity @s[tag=aj.ecual.bone.head] run data modify entity @s {} merge value {transformation:[-0.995669150102545f,-0.06331178619685202f,0.06807761205153817f,-0.01320322207322387f,-0.05821374225904266f,0.9955257977883545f,0.07442812741200888f,1.702043567254592f,-0.07248519673887477f,0.07014273780245948f,-0.9948999409927122f,0.006882682988496632f,0f,0f,0f,1f],start_interpolation:0}
execute if entity @s[tag=aj.ecual.bone.body_1] run data modify entity @s {} merge value {transformation:[-0.84879350139507f,-0.057214277397131565f,-0.5256197470143423f,0.008252131950700467f,-0.04030932025189457f,0.9982370295153593f,-0.043565945475588674f,1.3277046811863322f,0.5271856890037204f,-0.015791116688690703f,-0.8496033721351375f,0.012804351746755645f,0f,0f,0f,1f],start_interpolation:0}
execute if entity @s[tag=aj.ecual.bone.leg_left_2] run data modify entity @s {} merge value {transformation:[-0.8258321966554877f,-0.2266282220987114f,-0.5163727644982347f,0.2596617367660994f,-0.20357196819812798f,0.973753755902856f,-0.1017942858367879f,0.7592131562026064f,0.5258893768950961f,0.0210540213132428f,-0.8502923564606643f,0.0482511525019836f,0f,0f,0f,1f],start_interpolation:0}
execute if entity @s[tag=aj.ecual.bone.leg_left_1] run data modify entity @s {} merge value {transformation:[-0.8258321966554877f,-0.3805836770166062f,-0.4161216742200431f,0.11903921857158617f,-0.20357196819812798f,0.8893560693631426f,-0.40939496290365074f,1.0860956155332837f,0.5258893768950961f,-0.25338083328353944f,-0.8119350445654054f,-0.0460395855562261f,0f,0f,0f,1f],start_interpolation:0}
execute if entity @s[tag=aj.ecual.bone.leg_right_2] run data modify entity @s {} merge value {transformation:[-0.8200566639374683f,0.37065312615474844f,-0.43603133832726093f,-0.017222614532673527f,0.20357196819812792f,0.9010150738734228f,0.38305390014567264f,0.8712158547086271f,0.5348509340888268f,0.22536214572235214f,-0.8143380020481219f,0.29991734193045283f,0f,0f,0f,1f],start_interpolation:0}
execute if entity @s[tag=aj.ecual.bone.leg_right_1] run data modify entity @s {} merge value {transformation:[-0.8200566639374683f,-0.2786129675856147f,-0.4998818682697816f,-0.10067797564255107f,0.20357196819812792f,0.6743380647461013f,-0.709807458539584f,1.1271975121411884f,0.5348509340888268f,-0.6838442722781409f,-0.4962776335648116f,0.07452965507711383f,0f,0f,0f,1f],start_interpolation:0}
execute if entity @s[tag=aj.ecual.bone.skirt_forward_right] run data modify entity @s {} merge value {transformation:[-0.8667322370521656f,0.010770032879424102f,-0.4986574331606067f,-0.01189911855453808f,0.23585588346786507f,0.8897759198040208f,-0.3907311284892737f,1.2802833173149653f,0.4394851891567469f,-0.4562705545273381f,-0.7737376490666419f,-0.006925878273559106f,0f,0f,0f,1f],start_interpolation:0}
execute if entity @s[tag=aj.ecual.bone.skirt_forward_left] run data modify entity @s {} merge value {transformation:[-0.7910322813395422f,-0.3544131688191544f,-0.4986574331606067f,-0.01189911855453808f,-0.15984399033558103f,0.9065203163653295f,-0.3907311284892737f,1.2802833173149653f,0.590523351470844f,-0.22937354203235433f,-0.7737376490666419f,-0.006925878273559106f,0f,0f,0f,1f],start_interpolation:0}
execute if entity @s[tag=aj.ecual.bone.skirt_forward] run data modify entity @s {} merge value {transformation:[-0.8405579244527237f,-0.21166752229240177f,-0.4986574331606067f,-0.01189911855453808f,0f,0.9205048534524403f,-0.3907311284892737f,1.2802833173149653f,0.541721677284313f,-0.3284321463820144f,-0.7737376490666419f,-0.006925878273559106f,0f,0f,0f,1f],start_interpolation:0}
execute if entity @s[tag=aj.ecual.bone.skirt_back_right] run data modify entity @s {} merge value {transformation:[-0.787134595902303f,0.3068196339774287f,-0.5350521845013577f,-0.006937435693623211f,0.26458707101115475f,0.9515891655548181f,0.15643446504023084f,1.2719156926591526f,0.5571470270830281f,-0.01843291091069918f,-0.8302092615768037f,0.0007728755741190225f,0f,0f,0f,1f],start_interpolation:0}
execute if entity @s[tag=aj.ecual.bone.skirt_back_left] run data modify entity @s {} merge value {transformation:[-0.8425035917428113f,-0.06250486189719455f,-0.5350521845013577f,-0.006937435693623211f,-0.17151028044722008f,0.972683135377854f,0.15643446504023084f,1.2719156926591526f,0.5106583217782495f,0.22356354888648533f,-0.8302092615768037f,0.0007728755741190225f,0f,0f,0f,1f],start_interpolation:0}
execute if entity @s[tag=aj.ecual.bone.skirt_back] run data modify entity @s {} merge value {transformation:[-0.8405579244527237f,0.08474394078666808f,-0.5350521845013577f,-0.006937435693623211f,0f,0.9876883405951378f,0.15643446504023084f,1.2719156926591526f,0.541721677284313f,0.13149222924708862f,-0.8302092615768037f,0.0007728755741190225f,0f,0f,0f,1f],start_interpolation:0}
execute if entity @s[tag=aj.ecual.bone.skirt_right] run data modify entity @s {} merge value {transformation:[-0.7802581539183819f,0.279418288284789f,-0.5595736175123673f,-0.15697451497157364f,0.3730694382822133f,0.9260006463969407f,-0.05781000858192026f,1.3400695130069875f,0.5020123578794374f,-0.25386654573701994f,-0.8267619787410893f,0.12562507715157248f,0f,0f,0f,1f],start_interpolation:0}
execute if entity @s[tag=aj.ecual.bone.skirt_left] run data modify entity @s {} merge value {transformation:[-0.8155868223370941f,-0.2502772182583303f,-0.5217082031662464f,0.1687416807538568f,-0.258730354279914f,0.9642019191653824f,-0.05807979727912048f,1.3400695130069875f,0.5175681008372439f,0.08761263093107977f,-0.851144692691591f,-0.08429207279609881f,0f,0f,0f,1f],start_interpolation:0}
execute if entity @s[tag=aj.ecual.bone.coat_downer] run data modify entity @s {} merge value {transformation:[-0.8405579244527237f,-0.03307131723258036f,-0.5407112571569335f,-0.009735341142793449f,0f,0.998134798421867f,-0.06104853953485688f,1.167264066450774f,0.541721677284313f,-0.05131483368228934f,-0.8389901144855223f,-0.0006841486327141301f,0f,0f,0f,1f],start_interpolation:0}
execute if entity @s[tag=aj.ecual.bone.body_2] run data modify entity @s {} merge value {transformation:[-0.8405579244527237f,0.014180620343525801f,-0.5415360427953084f,0f,0f,0.9996573249755573f,0.02617694830787315f,1.390625f,0.541721677284313f,0.02200324133817209f,-0.8402698862454163f,0f,0f,0f,0f,1f],start_interpolation:0}
execute if entity @s[tag=aj.ecual.bone.book_left] run data modify entity @s {} merge value {transformation:[0.3024106936432521f,-0.32838169221480845f,-0.8948258135460478f,-1.3878282580477954f,0.1387561700473044f,0.9439477963096558f,-0.2995150799474849f,1.5382135521940525f,0.9430241235747953f,-0.033586039663579925f,0.33102489377040173f,-0.22014633134244627f,0f,0f,0f,1f],start_interpolation:0}
execute if entity @s[tag=aj.ecual.bone.book_right] run data modify entity @s {} merge value {transformation:[-0.5595427464744608f,-0.32838169221480845f,-0.7609713392013897f,-1.401416665906667f,-0.16576112049691044f,0.9439477963096558f,-0.28545719254163743f,1.5367864478059474f,0.8120561346356706f,-0.033586039663579925f,-0.5826120597278177f,-0.12739730954207137f,0f,0f,0f,1f],start_interpolation:0}
execute if entity @s[tag=aj.ecual.bone.book_loot_1] run data modify entity @s {} merge value {transformation:[-0.1449430171612936f,-0.32838169221480845f,-0.9333579088400763f,-1.2546187756512197f,-0.015222446806452988f,0.9439477963096558f,-0.32974358971080764f,1.5869615384566211f,0.9893228992039989f,-0.033586039663579925f,-0.14181741448182855f,-0.15249920826998453f,0f,0f,0f,1f],start_interpolation:0}
execute if entity @s[tag=aj.ecual.bone.book_left2] run data modify entity @s {} merge value {transformation:[0.6810591155790804f,0.16139571794894503f,0.7142197864203885f,1.1517727721479791f,-0.16422179086705246f,0.9842255007999637f,-0.06581312163602755f,1.5320963723486767f,-0.713575282987758f,-0.07246782598370857f,0.6968204429450502f,-0.09468826074308828f,0f,0f,0f,1f],start_interpolation:0}
execute if entity @s[tag=aj.ecual.bone.book_right2] run data modify entity @s {} merge value {transformation:[-0.19441513765966417f,0.16139571794894503f,0.9675506066746682f,1.1260555704952804f,-0.040282796447518684f,0.9842255007999637f,-0.17227147147867594f,1.5429036276513235f,-0.9800918582251061f,-0.07246782598370857f,-0.18484686537253842f,-0.005184678289770581f,0f,0f,0f,1f],start_interpolation:0}
execute if entity @s[tag=aj.ecual.bone.book_loot_2] run data modify entity @s {} merge value {transformation:[0.27431681762878635f,0.16139571794894503f,0.9479987899748394f,0.9967143528254039f,-0.11527738989489957f,0.9842255007999637f,-0.1342061360522677f,1.5576309204078402f,-0.9547048795020555f,-0.07246782598370857f,0.2885948843139123f,-0.09322570216351628f,0f,0f,0f,1f],start_interpolation:0}
execute if entity @s[tag=aj.ecual.bone.air_staff_povit_1] run data modify entity @s {} merge value {transformation:[-0.00001313371756957381f,0f,-0.000008464401207567391f,0.36636692631322765f,0f,0.000015625f,0f,1.5567475f,0.000008464401207567391f,0f,-0.00001313371756957381f,0.581793449267047f,0f,0f,0f,1f],start_interpolation:0}