execute if entity @s[tag=aj.ecual.bone.wing_right_1] run data modify entity @s {} merge value {transformation:[0.4537853816171448f,0.03716036733378439f,-0.677969305333689f,-0.3330140181115881f,-0.27168904468517485f,0.7572536996106811f,-0.1403436563170486f,1.4570712580264193f,0.6222606647322998f,0.3035298765690109f,0.433134763787625f,-0.1207722497342734f,0f,0f,0f,1f],start_interpolation:0}
execute if entity @s[tag=aj.ecual.bone.wing_right_2] run data modify entity @s {} merge value {transformation:[0.4246174855328756f,-0.1364810885819429f,-0.664133197061573f,-0.3330140181115881f,0.03798905862465371f,0.7871824556521209f,-0.13747950006568027f,1.4570712580264193f,0.6769466909621102f,0.04143300584056897f,0.4242952788123674f,-0.1207722497342734f,0f,0f,0f,1f],start_interpolation:0}
execute if entity @s[tag=aj.ecual.bone.wing_left_1] run data modify entity @s {} merge value {transformation:[-0.43926822511526203f,0.03460060095933513f,-0.6875977525136225f,-0.3321240992443082f,-0.042721937927078235f,0.8126928388762813f,0.06818819621759979f,1.4377974928458652f,0.6871409657910716f,0.07264704052408383f,-0.43532073816813477f,-0.04050438076842919f,0f,0f,0f,1f],start_interpolation:0}
execute if entity @s[tag=aj.ecual.bone.wing_left_2] run data modify entity @s {} merge value {transformation:[-0.4105195094238996f,-0.13335564252451523f,-0.673565145319467f,-0.3321240992443082f,-0.3433214782822036f,0.7194918878821878f,0.06679660037642429f,1.4377974928458652f,0.5946461930698651f,0.32333836128520077f,-0.42643664147082594f,-0.04050438076842919f,0f,0f,0f,1f],start_interpolation:0}
execute if entity @s[tag=aj.ecual.bone.staff] run data modify entity @s {} merge value {transformation:[-0.08244401621320199f,0.002566185337085201f,1.5603213287279811f,-0.0037253478896732773f,1.5573787927830591f,-0.0958132733245754f,0.0824461184314388f,1.4253705264338563f,0.09581508221683019f,1.5595574633041402f,0.0024977333997336965f,0.760752859356241f,0f,0f,0f,1f],start_interpolation:0}
execute if entity @s[tag=aj.ecual.bone.arm_right_2] run data modify entity @s {} merge value {transformation:[0.0016423586157342258f,-0.998605650385908f,0.052764170376449045f,-0.003544657063339625f,-0.06132049492773095f,-0.052765515796120585f,-0.9967224273811578f,1.437243771889314f,0.9981167765146497f,-0.0015985493758299953f,-0.06132165261877398f,0.567961316323216f,0f,0f,0f,1f],start_interpolation:0}
execute if entity @s[tag=aj.ecual.bone.arm_right_1] run data modify entity @s {} merge value {transformation:[0.01077980952997927f,-0.998605650385908f,0.05167737148728627f,-0.00897553042867845f,-0.23346793197787258f,-0.052765515796120585f,-0.970931781888277f,1.5027028905988782f,0.9723047466944058f,-0.0015985493758299953f,-0.2337111982670497f,0.23598324849755858f,0f,0f,0f,1f],start_interpolation:0}
execute if entity @s[tag=aj.ecual.bone.arm_left_2] run data modify entity @s {} merge value {transformation:[-0.96729857167699f,-0.02576878830196617f,-0.2523280459661657f,0.24234370636771094f,0.2035510546567183f,0.5146744310173232f,-0.8328728583674294f,1.4449910447925185f,0.1513289178570729f,-0.8569983661632286f,-0.49259857796563333f,-0.49269522862781256f,0f,0f,0f,1f],start_interpolation:0}
execute if entity @s[tag=aj.ecual.bone.arm_left_1] run data modify entity @s {} merge value {transformation:[-0.7236873293341277f,-0.02576878830196617f,-0.6896467348655296f,0.010039887375456188f,0.5818145379903689f,0.5146744310173232f,-0.6297635059608077f,1.6342707149378712f,0.37117178333527917f,-0.8569983661632286f,-0.3574707087990084f,-0.34651222593502273f,0f,0f,0f,1f],start_interpolation:0}
execute if entity @s[tag=aj.ecual.bone.himo_right_2] run data modify entity @s {} merge value {transformation:[0.01077980952997927f,-0.5801346778997457f,-0.8144492318153758f,0.2554812429041196f,-0.23346793197787258f,0.7905246683409616f,-0.566183250796408f,1.328025971605688f,0.9723047466944058f,0.19625112545555248f,-0.12692113816443726f,0.04487058210485827f,0f,0f,0f,1f],start_interpolation:0}
execute if entity @s[tag=aj.ecual.bone.himo_right_1] run data modify entity @s {} merge value {transformation:[0.01077980952997927f,-0.3083746686211667f,-0.951203900044193f,0.19171596816237466f,-0.23346793197787258f,0.9241913632780575f,-0.3022632110929497f,1.4994227071509927f,0.9723047466944058f,0.22533394727610667f,-0.06203298929195621f,0.08673299103605354f,0f,0f,0f,1f],start_interpolation:0}
execute if entity @s[tag=aj.ecual.bone.himo_left_2] run data modify entity @s {} merge value {transformation:[0.01077980952997927f,-0.5440567417017497f,-0.8389791758532348f,0.20427807015303426f,-0.23346793197787258f,0.8144688305588792f,-0.5311621680673682f,1.3906615112637517f,0.9723047466944058f,0.2016005601602517f,-0.11823998350219742f,-0.2609231010474211f,0f,0f,0f,1f],start_interpolation:0}
execute if entity @s[tag=aj.ecual.bone.himo_left_1] run data modify entity @s {} merge value {transformation:[0.01077980952997927f,-0.05167737148728649f,-0.998605650385908f,0.18834727768425613f,-0.23346793197787258f,0.970931781888277f,-0.0527655157961208f,1.572381435894078f,0.9723047466944058f,0.2337111982670497f,-0.001598549375830047f,-0.21711224230594825f,0f,0f,0f,1f],start_interpolation:0}
execute if entity @s[tag=aj.ecual.bone.ponpon1] run data modify entity @s {} merge value {transformation:[-0.9689019090760624f,-0.028145793936357622f,-0.24583918498167456f,0.25627688986850294f,-0.06641942384577638f,0.9866320442438118f,0.14881421103937678f,2.226219769892265f,0.23836432351498615f,0.16051487019889826f,-0.9578190986403821f,0.011006548922753406f,0f,0f,0f,1f],start_interpolation:0}
execute if entity @s[tag=aj.ecual.bone.ponpon2] run data modify entity @s {} merge value {transformation:[-0.9689019090760624f,-0.028145793936357622f,-0.24583918498167456f,0.27308151210886794f,-0.06641942384577638f,0.9866320442438118f,0.14881421103937678f,2.1193328250409467f,0.23836432351498615f,0.16051487019889826f,-0.9578190986403821f,-0.10779201248145664f,0f,0f,0f,1f],start_interpolation:0}
execute if entity @s[tag=aj.ecual.bone.ponpon3] run data modify entity @s {} merge value {transformation:[-0.9689019090760624f,-0.028145793936357622f,-0.24583918498167456f,-0.3129529817136838f,-0.06641942384577638f,0.9866320442438118f,0.14881421103937678f,2.1871983583828714f,0.23836432351498615f,0.16051487019889826f,-0.9578190986403821f,0.15104558898780776f,0f,0f,0f,1f],start_interpolation:0}
execute if entity @s[tag=aj.ecual.bone.ponpon4] run data modify entity @s {} merge value {transformation:[-0.9689019090760624f,-0.028145793936357622f,-0.24583918498167456f,-0.3688160026540234f,-0.06641942384577638f,0.9866320442438118f,0.14881421103937678f,2.07532995674312f,0.23836432351498615f,0.16051487019889826f,-0.9578190986403821f,0.050124351847221665f,0f,0f,0f,1f],start_interpolation:0}
execute if entity @s[tag=aj.ecual.bone.ear_edge_a1] run data modify entity @s {} merge value {transformation:[-0.9517496165157956f,0.2614353780331955f,-0.1606991305971392f,0.1648790049603768f,0.0681705927431816f,0.6906966374618382f,0.7199242496846132f,2.2781758525620712f,0.2992080175180462f,0.6742326735716315f,-0.6751924645176147f,0.082472609962007f,0f,0f,0f,1f],start_interpolation:0}
execute if entity @s[tag=aj.ecual.bone.ear_edge_a2] run data modify entity @s {} merge value {transformation:[-0.9809295029037585f,0.10933023259057603f,-0.1606991305971392f,0.0529923910302933f,-0.04071745936252897f,0.6928572459165795f,0.7199242496846132f,2.280467999179952f,0.1900510427123372f,0.7127381966911717f,-0.6751924645176147f,0.11154617720344792f,0f,0f,0f,1f],start_interpolation:0}
execute if entity @s[tag=aj.ecual.bone.ear_edge_b1] run data modify entity @s {} merge value {transformation:[-0.9165980084210843f,0.39860043898909925f,-0.031077017170244428f,0.019746387187894898f,0.05060151988621959f,0.19276161714759113f,0.9799400211950985f,2.328824924030686f,0.39659497871721316f,0.8966385274971977f,-0.1968547024176724f,0.06678637622775838f,0f,0f,0f,1f],start_interpolation:0}
execute if entity @s[tag=aj.ecual.bone.ear_edge_b2] run data modify entity @s {} merge value {transformation:[-0.9949108183449784f,0.09584718328634545f,-0.031077017170244428f,0.05009086862376977f,-0.011441710339575f,0.1989639216658519f,0.9799400211950985f,2.3307461776466707f,0.1001076960309806f,0.9753085026448907f,-0.1968547024176724f,0.07155993422268256f,0f,0f,0f,1f],start_interpolation:0}
execute if entity @s[tag=aj.ecual.bone.ear_right_2] run data modify entity @s {} merge value {transformation:[-0.9676680123682897f,0.25030548704134353f,-0.031077017170244428f,0.1233682938314356f,0.019823970749238876f,0.1983042234645629f,0.9799400211950985f,2.382098604167288f,0.25144706803408373f,0.947640542670644f,-0.1968547024176724f,0.15687694176883105f,0f,0f,0f,1f],start_interpolation:0}
execute if entity @s[tag=aj.ecual.bone.ear_right_1] run data modify entity @s {} merge value {transformation:[-0.9676680123682897f,0.1944078374565374f,-0.1606991305971392f,0.07962653040371477f,0.019823970749238876f,0.6937694753300839f,0.7199242496846132f,2.2260004722180193f,0.25144706803408373f,0.6934619728836562f,-0.6751924645176147f,0.0008479978700086307f,0f,0f,0f,1f],start_interpolation:0}
execute if entity @s[tag=aj.ecual.bone.ear_edge_a3] run data modify entity @s {} merge value {transformation:[-0.9525701465572304f,-0.179368924330506f,-0.24583918498167456f,-0.22588771787747391f,-0.2199449465543501f,0.9640946795195646f,0.14881421103937678f,2.3023421700857507f,0.21031960529903249f,0.19582706122133714f,-0.9578190986403821f,0.12375022805358857f,0f,0f,0f,1f],start_interpolation:0}
execute if entity @s[tag=aj.ecual.bone.ear_edge_a4] run data modify entity @s {} merge value {transformation:[-0.9689019090760623f,-0.028145793936357633f,-0.24583918498167456f,-0.11456837582428164f,-0.0664194238457764f,0.9866320442438118f,0.14881421103937678f,2.3199353609646467f,0.23836432351498615f,0.1605148701988983f,-0.9578190986403821f,0.09791180038193809f,0f,0f,0f,1f],start_interpolation:0}
execute if entity @s[tag=aj.ecual.bone.ear_edge_b3] run data modify entity @s {} merge value {transformation:[-0.9333122977349162f,-0.2617083300629106f,-0.24583918498167456f,-0.09280493440873835f,-0.30313437750210903f,0.9412565430153125f,0.14881421103937678f,2.3171569976246196f,0.19245182273280803f,0.2134124415458152f,-0.9578190986403821f,0.09189420618633051f,0f,0f,0f,1f],start_interpolation:0}
execute if entity @s[tag=aj.ecual.bone.ear_edge_b4] run data modify entity @s {} merge value {transformation:[-0.9685050640581219f,0.0395099483841659f,-0.24583918498167456f,-0.12128866290831242f,0.0025663428218894724f,0.988861842967585f,0.14881421103937678f,2.3250911825315512f,0.2489806313316238f,0.14349640936773359f,-0.9578190986403821f,0.10043771516245767f,0f,0f,0f,1f],start_interpolation:0}
execute if entity @s[tag=aj.ecual.bone.ear_left_2] run data modify entity @s {} merge value {transformation:[-0.9627618772167981f,-0.11248405622813046f,-0.24583918498167456f,-0.18790785951663017f,-0.15215732652018066f,0.9770887772249557f,0.14881421103937678f,2.42924059113219f,0.22346748256562587f,0.18067888231751889f,-0.9578190986403821f,0.10109182727019686f,0f,0f,0f,1f],start_interpolation:0}
execute if entity @s[tag=aj.ecual.bone.ear_left_1] run data modify entity @s {} merge value {transformation:[-0.9627618772167981f,-0.11248405622813046f,-0.24583918498167456f,-0.16259894686530085f,-0.15215732652018066f,0.9770887772249557f,0.14881421103937678f,2.2093956162565753f,0.22346748256562587f,0.18067888231751889f,-0.9578190986403821f,0.060439078748755176f,0f,0f,0f,1f],start_interpolation:0}
execute if entity @s[tag=aj.ecual.bone.head] run data modify entity @s {} merge value {transformation:[-0.9689019090760624f,-0.028145793936357622f,-0.24583918498167456f,-0.01937901430773242f,-0.06641942384577638f,0.9866320442438118f,0.14881421103937678f,1.707398677467363f,0.23836432351498615f,0.16051487019889826f,-0.9578190986403821f,-0.021688485835041543f,0f,0f,0f,1f],start_interpolation:0}
execute if entity @s[tag=aj.ecual.bone.body_1] run data modify entity @s {} merge value {transformation:[0.01077980952997927f,-0.05167737148728649f,-0.998605650385908f,1.338908613372244e-17f,-0.23346793197787258f,0.970931781888277f,-0.0527655157961208f,1.3432992592592592f,0.9723047466944058f,0.2337111982670497f,-0.001598549375830047f,-0.10933018518518518f,0f,0f,0f,1f],start_interpolation:0}
execute if entity @s[tag=aj.ecual.bone.leg_left_2] run data modify entity @s {} merge value {transformation:[0.007288761125152318f,-0.3172234441967153f,-0.9483228144536195f,0.20336134888206098f,-0.19945822549576828f,0.9288299864398102f,-0.31223592453832294f,0.7323049830054997f,0.9798792222735103f,0.19142659883672258f,-0.05650280536809448f,-0.34070260795668134f,0f,0f,0f,1f],start_interpolation:0}
execute if entity @s[tag=aj.ecual.bone.leg_left_1] run data modify entity @s {} merge value {transformation:[0.007288761125152318f,-0.48472961472890813f,-0.8746336802147655f,0.01855818326666476f,-0.19945822549576828f,0.8563761646737369f,-0.4762733257917976f,1.058798395787362f,0.9798792222735103f,0.17792432431644867f,-0.0904413875014945f,-0.2728689593110353f,0f,0f,0f,1f],start_interpolation:0}
execute if entity @s[tag=aj.ecual.bone.leg_right_2] run data modify entity @s {} merge value {transformation:[-0.02739460258883199f,0.09985393082656077f,-0.994624918372491f,0.30412204626977024f,0.14698874113104435f,0.9845850584904927f,0.09479753466195188f,1.1400121863189223f,0.9887587399005435f,-0.1436017238606749f,-0.041649719981431514f,-0.017088342739898506f,0f,0f,0f,1f],start_interpolation:0}
execute if entity @s[tag=aj.ecual.bone.leg_right_1] run data modify entity @s {} merge value {transformation:[-0.02739460258883199f,-0.9837243725709112f,-0.17758348616627462f,-0.021647458511482826f,0.14698874113104435f,0.17175495885597847f,-0.9741121824970121f,1.0825583096545255f,0.9887587399005435f,-0.05278818919368837f,0.13989124830360386f,-0.01757304451365302f,0f,0f,0f,1f],start_interpolation:0}
execute if entity @s[tag=aj.ecual.bone.skirt_forward_right] run data modify entity @s {} merge value {transformation:[-0.08359476571975147f,-0.7135856570665492f,-0.6955626680416086f,0.0017459719372609223f,-0.030240390765944827f,0.6995009241049026f,-0.7139915797421635f,1.2332412008597233f,0.9960408796382719f,-0.038651871950639974f,-0.08005372498596494f,-0.12382006487131911f,0f,0f,0f,1f],start_interpolation:0}
execute if entity @s[tag=aj.ecual.bone.skirt_forward_left] run data modify entity @s {} merge value {transformation:[0.08411374393837584f,-0.6632591161229203f,-0.743647915992852f,0.003297277876934913f,-0.22857865433657593f,0.7135490932514268f,-0.6622684427796229f,1.1957185161216939f,0.9698848781491282f,0.22568791815227726f,-0.0915875905226331f,-0.12876042972950372f,0f,0f,0f,1f],start_interpolation:0}
execute if entity @s[tag=aj.ecual.bone.skirt_forward] run data modify entity @s {} merge value {transformation:[0.0002617282306074155f,-0.6424323992206514f,-0.7663423151111589f,0.0017459719372609223f,-0.13052619222005157f,0.7597642289152834f,-0.6369625025111753f,1.2332412008597233f,0.9914448268274273f,0.100194455397304f,-0.08365540308175087f,-0.12382006487131911f,0f,0f,0f,1f],start_interpolation:0}
execute if entity @s[tag=aj.ecual.bone.skirt_back_right] run data modify entity @s {} merge value {transformation:[0.0036899054837601776f,-0.030625061967343145f,-0.9995241318632668f,0.008759002589105266f,-0.04368618004932942f,0.9985717375602561f,-0.030757155567259928f,1.2569838776942015f,0.9990384888832954f,0.04377888218522089f,0.0023467433592242893f,-0.12069613340442865f,0f,0f,0f,1f],start_interpolation:0}
execute if entity @s[tag=aj.ecual.bone.skirt_back_left] run data modify entity @s {} merge value {transformation:[-0.003168440932416096f,-0.030579550864145474f,-0.9995273143096215f,0.008759002589105266f,-0.21637282125410942f,0.9758749463492387f,-0.029170041316525994f,1.2569838776942015f,0.9763056709886483f,0.21617812136480824f,-0.009708585818090988f,-0.12069613340442865f,0f,0f,0f,1f],start_interpolation:0}
execute if entity @s[tag=aj.ecual.bone.skirt_back] run data modify entity @s {} merge value {transformation:[0.0002617282306074155f,0.039345350059337036f,-0.9992256376449923f,0.008759002589105266f,-0.13052619222005157f,0.990678501270761f,0.03897461051060028f,1.2569838776942015f,0.9914448268274273f,0.13041491689460635f,0.005394887256048647f,-0.12069613340442865f,0f,0f,0f,1f],start_interpolation:0}
execute if entity @s[tag=aj.ecual.bone.skirt_right] run data modify entity @s {} merge value {transformation:[-0.0179837242256618f,-0.35654068770387265f,-0.9341066982281119f,0.011407154157904893f,0.05141537523086537f,0.9326919166970508f,-0.35699054289693855f,1.2556192910960624f,0.9985154204381846f,-0.0544474658696909f,0.0015583990259817014f,0.07454538420052352f,0f,0f,0f,1f],start_interpolation:0}
execute if entity @s[tag=aj.ecual.bone.skirt_left] run data modify entity @s {} merge value {transformation:[0.013325537744757704f,-0.3285534062172932f,-0.9443913856589478f,0.00024115356949308726f,-0.2581685863879213f,0.9113211339191885f,-0.3206910848070259f,1.2976207735236245f,0.9660079766990929f,0.24808557018750405f,-0.07267832426841953f,-0.3107658037109447f,0f,0f,0f,1f],start_interpolation:0}
execute if entity @s[tag=aj.ecual.bone.coat_downer] run data modify entity @s {} merge value {transformation:[0.0002617282306074155f,-0.18643992942934784f,-0.9824663272665956f,0.022368783506123997f,-0.13052619222005157f,0.9740548551915321f,-0.18487847960846476f,1.1218670311717673f,0.9914448268274273f,0.12828597659987306f,-0.024080356412424064f,-0.1306082831068784f,0f,0f,0f,1f],start_interpolation:0}
execute if entity @s[tag=aj.ecual.bone.body_2] run data modify entity @s {} merge value {transformation:[0.0002617282306074155f,-0.10010288673263157f,-0.9949770568038879f,1.338908613372244e-17f,-0.13052619222005157f,0.9864615036006608f,-0.09928048679603488f,1.3432992592592592f,0.9914448268274273f,0.12989655107706843f,-0.012807863811545786f,-0.10933018518518518f,0f,0f,0f,1f],start_interpolation:0}
execute if entity @s[tag=aj.ecual.bone.book_left] run data modify entity @s {} merge value {transformation:[-0.9864650073995931f,-0.0005630248596731526f,0.16397094919261926f,0.764489208664183f,0.021436328611168395f,0.9909691252222118f,0.13236569295704223f,1.804498171616146f,-0.16256467325896828f,0.13408905943189905f,-0.9775442962591893f,-0.6158037455780481f,0f,0f,0f,1f],start_interpolation:0}
execute if entity @s[tag=aj.ecual.bone.book_right] run data modify entity @s {} merge value {transformation:[-0.9864650073995931f,-0.0005630248596731526f,0.16397094919261926f,0.6720081142204712f,0.021436328611168395f,0.9909691252222118f,0.13236569295704223f,1.806507827423443f,-0.16256467325896828f,0.13408905943189905f,-0.9775442962591893f,-0.6310441836960764f,0f,0f,0f,1f],start_interpolation:0}
execute if entity @s[tag=aj.ecual.bone.book_loot_1] run data modify entity @s {} merge value {transformation:[-0.9864650073995931f,-0.0005630248596731526f,0.16397094919261926f,0.6936530190634342f,0.021436328611168395f,0.9909691252222118f,0.13236569295704223f,1.785648145576238f,-0.16256467325896828f,0.13408905943189905f,-0.9775442962591893f,-0.47679232019818385f,0f,0f,0f,1f],start_interpolation:0}
execute if entity @s[tag=aj.ecual.bone.book_left2] run data modify entity @s {} merge value {transformation:[-0.27215170838931135f,-0.7310257896593315f,-0.6257273707244473f,-0.9380887433271998f,0.007615677906130158f,0.6486156150018105f,-0.7610780416132455f,2.4879674430580856f,0.9622242197486036f,-0.21189402735512317f,-0.1709545907556067f,-0.4703157550849355f,0f,0f,0f,1f],start_interpolation:0}
execute if entity @s[tag=aj.ecual.bone.book_right2] run data modify entity @s {} merge value {transformation:[0.017790601170583675f,-0.7310257896593315f,-0.6821178705787878f,-0.9258760774820827f,0.32854762718549424f,0.6486156150018105f,-0.6865524310980221f,2.4718271999235726f,0.9443198352151513f,-0.21189402735512317f,0.2517160503234856f,-0.5618548497085678f,0f,0f,0f,1f],start_interpolation:0}
execute if entity @s[tag=aj.ecual.bone.book_loot_2] run data modify entity @s {} merge value {transformation:[-0.1302684356812496f,-0.7310257896593315f,-0.6697995442803099f,-0.8315124787625947f,0.1721625934348046f,0.6486156150018105f,-0.7413891187477903f,2.5911056893029976f,0.976417009318745f,-0.21189402735512317f,0.041361154290758935f,-0.5222894755403655f,0f,0f,0f,1f],start_interpolation:0}
execute if entity @s[tag=aj.ecual.bone.air_staff_povit_1] run data modify entity @s {} merge value {transformation:[4.0895036032408675e-9f,5.38393363259315e-10f,-0.000015624999455554964f,0.687507589180018f,-0.0000020394717534383057f,0.000015491325958965787f,0f,1.5070584854504818f,0.00001549132541917855f,0.0000020394716823739685f,4.124791768625626e-9f,-0.08067258637384692f,0f,0f,0f,1f],start_interpolation:0}