execute if entity @s[tag=aj.ecual.bone.wing_right_1] run data modify entity @s {} merge value {transformation:[-0.5103778943414041f,-0.043504874241785f,-0.6360551668914305f,-0.14412249868430135f,0.03509370281381009f,0.8116106558198698f,-0.08367209706288845f,1.4963700473665742f,0.6365746471820056f,-0.07962357516019941f,-0.5053486413242422f,-0.3313884755476454f,0f,0f,0f,1f],start_interpolation:0}
execute if entity @s[tag=aj.ecual.bone.wing_right_2] run data modify entity @s {} merge value {transformation:[-0.47821350370059357f,0.15195418925718174f,-0.6230744491997687f,-0.14412249868430135f,0.336012054135127f,0.7213721090280988f,-0.08196450324527849f,1.4963700473665742f,0.5462670998278176f,-0.31069632228841304f,-0.4950354037461964f,-0.3313884755476454f,0f,0f,0f,1f],start_interpolation:0}
execute if entity @s[tag=aj.ecual.bone.wing_left_1] run data modify entity @s {} merge value {transformation:[-0.7795691425724711f,0.18394759205106942f,-0.15931001152432364f,-0.19708663291711342f,0.2171638625592446f,0.7671308409567708f,-0.17690272495287254f,1.5067275296285014f,0.10980097081363306f,-0.21122973435578501f,-0.7811979202332868f,-0.3007429239952381f,0f,0f,0f,1f],start_interpolation:0}
execute if entity @s[tag=aj.ecual.bone.wing_left_2] run data modify entity @s {} merge value {transformation:[-0.7744865347606295f,-0.12576272316227696f,-0.15605878679933746f,-0.19708663291711342f,-0.09103838250208121f,0.7756814645171892f,-0.17329246525995678f,1.5067275296285014f,0.17855705078735284f,-0.15000667674232732f,-0.7652551055346484f,-0.3007429239952381f,0f,0f,0f,1f],start_interpolation:0}
execute if entity @s[tag=aj.ecual.bone.staff] run data modify entity @s {} merge value {transformation:[0.7961852645636875f,-0.944186098799496f,0.9570830085867366f,-0.29935021581947113f,0.2510615695919078f,-0.9883386092352502f,-1.1838754713942592f,2.555303733019005f,1.3207813455548567f,0.7570374193715391f,-0.3519051475974482f,-0.036621331877048774f,0f,0f,0f,1f],start_interpolation:0}
execute if entity @s[tag=aj.ecual.bone.arm_right_2] run data modify entity @s {} merge value {transformation:[-0.6125331254955112f,-0.5182101697171736f,-0.5968763608758506f,-0.43461381604038946f,0.757680301692326f,-0.16977424509553435f,-0.630156540971898f,2.063761677137806f,0.2252192944623669f,-0.8382332167743889f,0.4966299867083482f,0.14730295171651564f,0f,0f,0f,1f],start_interpolation:0}
execute if entity @s[tag=aj.ecual.bone.arm_right_1] run data modify entity @s {} merge value {transformation:[-0.6125331254955112f,-0.5182101697171736f,-0.5968763608758506f,-0.23362638423717486f,0.757680301692326f,-0.16977424509553435f,-0.630156540971898f,1.815147828145011f,0.2252192944623669f,-0.8382332167743889f,0.4966299867083482f,0.0734028707210515f,0f,0f,0f,1f],start_interpolation:0}
execute if entity @s[tag=aj.ecual.bone.arm_left_2] run data modify entity @s {} merge value {transformation:[0.6230265865123583f,0.5859147484920114f,-0.5182101697171737f,0.5037843888047414f,0.5965072209975474f,-0.7844462001947772f,-0.16977424509553454f,1.4331376122839943f,-0.5059812326524987f,-0.20334223983107524f,-0.8382332167743888f,-0.30510547216430683f,0f,0f,0f,1f],start_interpolation:0}
execute if entity @s[tag=aj.ecual.bone.arm_left_1] run data modify entity @s {} merge value {transformation:[-0.5056195877834276f,0.689787686503184f,-0.5182101697171737f,0.2893040074992118f,0.8512950005323845f,0.49646100327297493f,-0.16977424509553454f,1.6699136153348824f,0.14016295701177328f,-0.5269909105267152f,-0.8382332167743888f,-0.22046620208663867f,0f,0f,0f,1f],start_interpolation:0}
execute if entity @s[tag=aj.ecual.bone.himo_right_2] run data modify entity @s {} merge value {transformation:[-0.7456780866940731f,-0.5602650697554226f,-0.36064836425002406f,0.035770377647933824f,-0.31463109226651986f,0.7731928655554775f,-0.5506178969424134f,1.5100490272726745f,0.5873427166513969f,-0.29711251112341436f,-0.7528297874888427f,0.2610483114948041f,0f,0f,0f,1f],start_interpolation:0}
execute if entity @s[tag=aj.ecual.bone.himo_right_1] run data modify entity @s {} merge value {transformation:[-0.8399172944677255f,-0.26545489510154774f,-0.47336311339250176f,-0.016960934642309498f,-0.08374886165109263f,0.9251626232771082f,-0.37021648891313014f,1.6812031660814253f,0.5362136389781244f,-0.27130760984101787f,-0.7992916327700371f,0.20518256194480058f,0f,0f,0f,1f],start_interpolation:0}
execute if entity @s[tag=aj.ecual.bone.himo_left_2] run data modify entity @s {} merge value {transformation:[-0.7456780866940731f,-0.5602650697554226f,-0.36064836425002406f,0.3024622621540784f,-0.31463109226651986f,0.7731928655554775f,-0.5506178969424134f,1.4578956879764942f,0.5873427166513969f,-0.29711251112341436f,-0.7528297874888427f,0.10673785190499302f,0f,0f,0f,1f],start_interpolation:0}
execute if entity @s[tag=aj.ecual.bone.himo_left_1] run data modify entity @s {} merge value {transformation:[-0.8399172944677255f,-0.26545489510154774f,-0.47336311339250176f,0.24973094986383507f,-0.08374886165109263f,0.9251626232771082f,-0.37021648891313014f,1.629049826785245f,0.5362136389781244f,-0.27130760984101787f,-0.7992916327700371f,0.05087210235498946f,0f,0f,0f,1f],start_interpolation:0}
execute if entity @s[tag=aj.ecual.bone.ponpon1] run data modify entity @s {} merge value {transformation:[-0.8452805899277902f,0.1302265114829732f,-0.5182101697171737f,0.349225355453754f,0.2509055256576573f,0.953007409675652f,-0.16977424509553454f,2.2187292575815194f,0.4717490238312969f,-0.27352866908292994f,-0.8382332167743888f,-0.34257018365648023f,0f,0f,0f,1f],start_interpolation:0}
execute if entity @s[tag=aj.ecual.bone.ponpon2] run data modify entity @s {} merge value {transformation:[-0.8452805899277902f,0.1302265114829732f,-0.5182101697171737f,0.31606286022968944f,0.2509055256576573f,0.953007409675652f,-0.16977424509553454f,2.0742780386821944f,0.4717490238312969f,-0.27352866908292994f,-0.8382332167743888f,-0.4046540524873865f,0f,0f,0f,1f],start_interpolation:0}
execute if entity @s[tag=aj.ecual.bone.ponpon3] run data modify entity @s {} merge value {transformation:[-0.8452805899277902f,0.1302265114829732f,-0.5182101697171737f,-0.14737699112882274f,0.2509055256576573f,0.953007409675652f,-0.16977424509553454f,2.366136253905393f,0.4717490238312969f,-0.27352866908292994f,-0.8382332167743888f,-0.06541763215559322f,0f,0f,0f,1f],start_interpolation:0}
execute if entity @s[tag=aj.ecual.bone.ponpon4] run data modify entity @s {} merge value {transformation:[-0.8452805899277902f,0.1302265114829732f,-0.5182101697171737f,-0.24393553059747153f,0.2509055256576573f,0.953007409675652f,-0.16977424509553454f,2.2405029494303923f,0.4717490238312969f,-0.27352866908292994f,-0.8382332167743888f,-0.09212032419915234f,0f,0f,0f,1f],start_interpolation:0}
execute if entity @s[tag=aj.ecual.bone.ear_edge_a1] run data modify entity @s {} merge value {transformation:[-0.788667499395695f,0.3308501101686972f,-0.5182101697171737f,0.2750854473113282f,0.47400591831392f,0.8639994763341113f,-0.16977424509553454f,2.3330784317669413f,0.3915634875729839f,-0.3795301167176883f,-0.8382332167743888f,-0.34599225079235907f,0f,0f,0f,1f],start_interpolation:0}
execute if entity @s[tag=aj.ecual.bone.ear_edge_a2] run data modify entity @s {} merge value {transformation:[-0.8307140537521925f,0.20340201793565688f,-0.5182101697171737f,0.18144939907676205f,0.33301082301638374f,0.9275130713128479f,-0.16977424509553454f,2.380783191631245f,0.4461142820539933f,-0.3136034464790057f,-0.8382332167743888f,-0.2977668738389017f,0f,0f,0f,1f],start_interpolation:0}
execute if entity @s[tag=aj.ecual.bone.ear_edge_b1] run data modify entity @s {} merge value {transformation:[-0.7568308943653691f,0.39832802730389616f,-0.5182101697171737f,0.16201553658104492f,0.5475046987819233f,0.8193993596006508f,-0.16977424509553454f,2.3842149177302527f,0.35699524106888414f,-0.4122128966325893f,-0.8382332167743888f,-0.28644758192293135f,0f,0f,0f,1f],start_interpolation:0}
execute if entity @s[tag=aj.ecual.bone.ear_edge_b2] run data modify entity @s {} merge value {transformation:[-0.8428790835924252f,0.1449588577634746f,-0.5182101697171737f,0.18822974154078093f,0.26749958418221365f,0.9484833568200257f,-0.16977424509553454f,2.3837980547030897f,0.4669034406649152f,-0.2817201650420583f,-0.8382332167743888f,-0.30256922292332367f,0f,0f,0f,1f],start_interpolation:0}
execute if entity @s[tag=aj.ecual.bone.ear_right_2] run data modify entity @s {} merge value {transformation:[-0.8098252820286808f,0.2750295122143539f,-0.5182101697171737f,0.24134293873382842f,0.412581706934523f,0.8949597984296482f,-0.16977424509553454f,2.456394411067456f,0.41708434121909044f,-0.351291512288438f,-0.8382332167743888f,-0.3873890428818709f,0f,0f,0f,1f],start_interpolation:0}
execute if entity @s[tag=aj.ecual.bone.ear_right_1] run data modify entity @s {} merge value {transformation:[-0.8098252820286808f,0.2750295122143539f,-0.5182101697171737f,0.17946129848559889f,0.412581706934523f,0.8949597984296482f,-0.16977424509553454f,2.2550284564207854f,0.41708434121909044f,-0.351291512288438f,-0.8382332167743888f,-0.30834845261697247f,0f,0f,0f,1f],start_interpolation:0}
execute if entity @s[tag=aj.ecual.bone.ear_edge_a3] run data modify entity @s {} merge value {transformation:[-0.8739497667808183f,0.2403847749020362f,-0.42240616134125053f,-0.03786747842989352f,0.019846619632684352f,0.8860458300970835f,0.4631726445470694f,2.404777310108734f,0.48561086976395873f,0.39640629026652413f,-0.7791303717634319f,-0.09531220758469848f,0f,0f,0f,1f],start_interpolation:0}
execute if entity @s[tag=aj.ecual.bone.ear_edge_a4] run data modify entity @s {} merge value {transformation:[-0.8255855312496377f,0.3741411036657197f,-0.42240616134125053f,0.06099796397285255f,0.15821038024379347f,0.8720324402947338f,0.4631726445470694f,2.395341650242871f,0.5416438000885522f,0.31555959440557163f,-0.7791303717634319f,-0.1545214403647729f,0f,0f,0f,1f],start_interpolation:0}
execute if entity @s[tag=aj.ecual.bone.ear_edge_b3] run data modify entity @s {} merge value {transformation:[-0.9167707658593127f,0.32237986424658926f,-0.2358020059161501f,0.05236159522983433f,-0.008397757468813466f,0.5746820182111309f,0.8183337067567709f,2.4151599787198372f,0.3993254819507819f,0.7522046271282385f,-0.5241444060482221f,-0.21481835911410344f,0f,0f,0f,1f],start_interpolation:0}
execute if entity @s[tag=aj.ecual.bone.ear_edge_b4] run data modify entity @s {} merge value {transformation:[-0.7722799541229133f,0.5898992172107291f,-0.2358020059161501f,0.03408606159362123f,0.16959976802595111f,0.5491501279898486f,0.8183337067567709f,2.4245666445731744f,0.6122251147620901f,0.5919907520079195f,-0.5241444060482221f,-0.19191016990510454f,0f,0f,0f,1f],start_interpolation:0}
execute if entity @s[tag=aj.ecual.bone.ear_left_2] run data modify entity @s {} merge value {transformation:[-0.8550524748345606f,0.4618253774807238f,-0.2358020059161501f,0.03581279532089668f,0.08160570694800567f,0.568920427633988f,0.8183337067567709f,2.516318021112085f,0.5120798510709137f,0.6804754718103713f,-0.5241444060482221f,-0.10905881007860474f,0f,0f,0f,1f],start_interpolation:0}
execute if entity @s[tag=aj.ecual.bone.ear_left_1] run data modify entity @s {} merge value {transformation:[-0.8550524748345606f,0.30076286363220195f,-0.42240616134125053f,-0.03185884899634865f,0.08160570694800567f,0.8825030367861577f,0.4631726445470694f,2.3177548378351998f,0.5120798510709137f,0.3615661625801939f,-0.7791303717634319f,-0.19041119665914824f,0f,0f,0f,1f],start_interpolation:0}
execute if entity @s[tag=aj.ecual.bone.head] run data modify entity @s {} merge value {transformation:[-0.8452805899277902f,0.1302265114829732f,-0.5182101697171737f,0.02325420541326301f,0.2509055256576573f,0.953007409675652f,-0.16977424509553454f,1.8032807948284564f,0.4717490238312969f,-0.27352866908292994f,-0.8382332167743888f,-0.08300159370885905f,0f,0f,0f,1f],start_interpolation:0}
execute if entity @s[tag=aj.ecual.bone.body_1] run data modify entity @s {} merge value {transformation:[-0.8534140304196626f,0.05605990264498649f,-0.5182101697171737f,0.0022317419213930796f,0.16689068574777738f,0.9712487862092174f,-0.16977424509553454f,1.4390625f,0.49379347068739565f,-0.231372173354007f,-0.8382332167743888f,0.0037629712988935657f,0f,0f,0f,1f],start_interpolation:0}
execute if entity @s[tag=aj.ecual.bone.leg_left_2] run data modify entity @s {} merge value {transformation:[-0.815579899551719f,-0.004124054588802578f,-0.5786297776825495f,0.21370570199430705f,-0.14090616234560738f,0.9712890180994813f,0.19168488916025403f,0.8251739438912871f,0.5612262296616594f,0.23786684403904232f,-0.7927449045226745f,-0.02801461060161467f,0f,0f,0f,1f],start_interpolation:0}
execute if entity @s[tag=aj.ecual.bone.leg_left_1] run data modify entity @s {} merge value {transformation:[-0.8417004443451053f,-0.23359921521884333f,-0.48679746161868276f,0.12472976050484848f,-0.20577721069223487f,0.9723082907587706f,-0.11078053656433372f,1.1728125f,0.49919545425512046f,0.0069277969729639455f,-0.8664617152997156f,-0.034735419162623335f,0f,0f,0f,1f],start_interpolation:0}
execute if entity @s[tag=aj.ecual.bone.leg_right_2] run data modify entity @s {} merge value {transformation:[-0.8517372162023519f,0.34431467579704583f,-0.3949571097811045f,0.03147459943680163f,0.1391731009600654f,0.8753669863137388f,0.46299404665844446f,1.092957793269452f,0.5051480599834346f,0.3393818547046639f,-0.7935019812150405f,0.3252803130797304f,0f,0f,0f,1f],start_interpolation:0}
execute if entity @s[tag=aj.ecual.bone.leg_right_1] run data modify entity @s {} merge value {transformation:[-0.8517372162023519f,-0.4994945528661633f,-0.15826846240770695f,-0.11899099556412342f,0.1391731009600654f,0.07554158410796041f,-0.9873825586061458f,1.1915625f,0.5051480599834346f,-0.8630171844914162f,0.005174627279415311f,0.04441163107406394f,0f,0f,0f,1f],start_interpolation:0}
execute if entity @s[tag=aj.ecual.bone.skirt_forward_right] run data modify entity @s {} merge value {transformation:[-0.8837743234845218f,-0.05897027171186944f,-0.4641825634421269f,-0.01015797740140455f,0.1580131164351957f,0.8961369145000617f,-0.414693242656239f,1.3659375f,0.44042570336427134f,-0.4398421734264887f,-0.7826647189515761f,-0.00487530718135324f,0f,0f,0f,1f],start_interpolation:0}
execute if entity @s[tag=aj.ecual.bone.skirt_forward_left] run data modify entity @s {} merge value {transformation:[-0.8103071894356163f,-0.35768254995910576f,-0.4641825634421269f,-0.01015797740140455f,-0.1580131164351957f,0.8961369145000617f,-0.414693242656239f,1.3659375f,0.5642996666518505f,-0.2626819824903507f,-0.7826647189515761f,-0.00487530718135324f,0f,0f,0f,1f],start_interpolation:0}
execute if entity @s[tag=aj.ecual.bone.skirt_forward] run data modify entity @s {} merge value {transformation:[-0.8601077254613864f,-0.2115401815209969f,-0.4641825634421269f,-0.01015797740140455f,0f,0.9099612708765432f,-0.414693242656239f,1.3659375f,0.510112439175561f,-0.35668086170526453f,-0.7826647189515761f,-0.00487530718135324f,0f,0f,0f,1f],start_interpolation:0}
execute if entity @s[tag=aj.ecual.bone.skirt_back_right] run data modify entity @s {} merge value {transformation:[-0.8354787338921333f,0.2149276275111615f,-0.5057483565434704f,-0.0053756732841336655f,0.17216259343480453f,0.9763825861650423f,0.13052619222005157f,1.3578125f,0.5218575731325551f,0.021980909127855844f,-0.8527493846366075f,0.0031882027448472566f,0f,0f,0f,1f],start_interpolation:0}
execute if entity @s[tag=aj.ecual.bone.skirt_back_left] run data modify entity @s {} merge value {transformation:[-0.8586027790280047f,-0.08378465073607476f,-0.5057483565434704f,-0.0053756732841336655f,-0.17216259343480453f,0.9763825861650423f,0.13052619222005157f,1.3578125f,0.4828677968835668f,0.19914110006399388f,-0.8527493846366075f,0.0031882027448472566f,0f,0f,0f,1f],start_interpolation:0}
execute if entity @s[tag=aj.ecual.bone.skirt_back] run data modify entity @s {} merge value {transformation:[-0.8601077254613864f,0.06658303428966865f,-0.5057483565434704f,-0.0053756732841336655f,0f,0.9914448613738104f,0.13052619222005157f,1.3578125f,0.510112439175561f,0.11226658630352426f,-0.8527493846366075f,0.0031882027448472566f,0f,0f,0f,1f],start_interpolation:0}
execute if entity @s[tag=aj.ecual.bone.skirt_right] run data modify entity @s {} merge value {transformation:[-0.8308002654139007f,0.17730592480955257f,-0.5275732442188681f,-0.16086283548531186f,0.25881904510252074f,0.9622501868990583f,-0.08418598282936919f,1.4265625000000002f,0.4927307793109859f,-0.2064877401691364f,-0.8453278608205409f,0.12083734432958003f,0f,0f,0f,1f],start_interpolation:0}
execute if entity @s[tag=aj.ecual.bone.skirt_left] run data modify entity @s {} merge value {transformation:[-0.8308002654139007f,-0.2662243818518838f,-0.4887693704558158f,0.17242890813097536f,-0.25881904510252074f,0.9622501868990583f,-0.08418598282936919f,1.4265625000000002f,0.4927307793109859f,0.056561084857964405f,-0.8683416509642267f,-0.07683122585094988f,0f,0f,0f,1f],start_interpolation:0}
execute if entity @s[tag=aj.ecual.bone.coat_downer] run data modify entity @s {} merge value {transformation:[-0.8601077254613864f,-0.04445922852116563f,-0.508171307337342f,-0.006719591605167081f,0f,0.9961946980917455f,-0.08715574274765818f,1.253125f,0.510112439175561f,-0.074963327655586f,-0.8568347558923838f,0.003985253431059071f,0f,0f,0f,1f],start_interpolation:0}
execute if entity @s[tag=aj.ecual.bone.body_2] run data modify entity @s {} merge value {transformation:[-0.8601077254613864f,0f,-0.510112439175561f,0f,0f,1f,0f,1.4765625f,0.510112439175561f,0f,-0.8601077254613864f,0f,0f,0f,0f,1f],start_interpolation:0}
execute if entity @s[tag=aj.ecual.bone.book_left] run data modify entity @s {} merge value {transformation:[0.9629598979417836f,-0.26616245533098654f,0.043194702547074915f,1.1930269282095995f,0.20185462742074683f,0.605346478711893f,-0.7699417835784361f,0.6157613766698269f,0.17878183449327625f,0.7501421119249954f,0.6366505066140498f,-0.6541323133953898f,0f,0f,0f,1f],start_interpolation:0}
execute if entity @s[tag=aj.ecual.bone.book_right] run data modify entity @s {} merge value {transformation:[0.8909929242155076f,-0.26616245533098654f,-0.3678167429170121f,1.2820409545959097f,-0.14244903753664795f,0.605346478711893f,-0.7831116857868963f,0.6186136233301731f,0.4310914992235192f,0.7501421119249954f,0.5014448436407797f,-0.6248504026741643f,0f,0f,0f,1f],start_interpolation:0}
execute if entity @s[tag=aj.ecual.bone.book_loot_1] run data modify entity @s {} merge value {transformation:[0.9494829481206419f,-0.26616245533098654f,-0.16625185292295214f,1.2624717193411974f,0.03042396437702588f,0.605346478711893f,-0.7953804266529931f,0.736494563997949f,0.31234038102640493f,0.7501421119249954f,0.582863876301309f,-0.7269209394799734f,0f,0f,0f,1f],start_interpolation:0}
execute if entity @s[tag=aj.ecual.bone.book_left2] run data modify entity @s {} merge value {transformation:[0.21273465102381692f,0.6090122960943783f,0.7640994643759591f,-0.9387818169747318f,-0.2013636754618549f,0.7925386745691951f,-0.5756171640218837f,0.6138123033324049f,-0.9561363074678565f,-0.031408160053663176f,0.2912333927003835f,0.7256001479685452f,0f,0f,0f,1f],start_interpolation:0}
execute if entity @s[tag=aj.ecual.bone.book_right2] run data modify entity @s {} merge value {transformation:[-0.13011931663615786f,0.6090122960943783f,0.7824148430621649f,-0.9427484354707407f,0.060768858189639605f,0.7925386745691951f,-0.6067862846063932f,0.620562696667595f,-0.9896343311104695f,-0.031408160053663176f,-0.1401335725997762f,0.8190226325615346f,0f,0f,0f,1f],start_interpolation:0}
execute if entity @s[tag=aj.ecual.bone.book_loot_2] run data modify entity @s {} merge value {transformation:[0.04231059729076109f,0.6090122960943783f,0.7920314618515807f,-1.0595698455004734f,-0.07200419557536095f,0.7925386745691951f,-0.6055558150423861f,0.7080208722563579f,-0.9965065023252201f,-0.031408160053663176f,0.07738422517282989f,0.7607037564891155f,0f,0f,0f,1f],start_interpolation:0}
execute if entity @s[tag=aj.ecual.bone.air_staff_povit_1] run data modify entity @s {} merge value {transformation:[-0.000013439183210334163f,0f,-0.000007970506862118142f,0.3444944744246807f,0f,0.000015625f,0f,1.642685f,0.000007970506862118142f,0f,-0.000013439183210334163f,0.5950057977844527f,0f,0f,0f,1f],start_interpolation:0}