execute if entity @s[tag=aj.ecual.bone.wing_right_1] run data modify entity @s {} merge value {transformation:[-0.40594301666426236f,-0.10790130303366326f,-0.7003656334155753f,0.007659849027379803f,-0.06504296970924649f,0.8094100599703279f,-0.08700121467357116f,1.408839208693996f,0.7056373882932824f,0.012534275683594236f,-0.4109296930378324f,-0.3155816202871313f,0f,0f,0f,1f],start_interpolation:0}
execute if entity @s[tag=aj.ecual.bone.wing_right_2] run data modify entity @s {} merge value {transformation:[-0.4078378633112701f,0.05452394601562703f,-0.6860724572234208f,0.007659849027379803f,0.24456093207394658f,0.7569191066594666f,-0.08522567968023298f,1.408839208693996f,0.6433181388339834f,-0.2531809733860745f,-0.4025433727717542f,-0.3155816202871313f,0f,0f,0f,1f],start_interpolation:0}
execute if entity @s[tag=aj.ecual.bone.wing_left_1] run data modify entity @s {} merge value {transformation:[-0.613888669417885f,0.07192253900402482f,0.5337717624490804f,-0.11212595183673967f,0.04291886322971306f,0.8133111368667365f,-0.060227985787756386f,1.4062405898736345f,-0.5368827778797268f,-0.017221715251261312f,-0.6151461125492029f,-0.29576030424668037f,0f,0f,0f,1f],start_interpolation:0}
execute if entity @s[tag=aj.ecual.bone.wing_left_2] run data modify entity @s {} merge value {transformation:[-0.5825463585367285f,-0.16503894993385554f,0.5228784611746095f,-0.11212595183673967f,-0.2660462087905302f,0.7521559354859934f,-0.05899884322065932f,1.4062405898736345f,-0.4794362887222689f,-0.21684924191225707f,-0.6025921102522804f,-0.29576030424668037f,0f,0f,0f,1f],start_interpolation:0}
execute if entity @s[tag=aj.ecual.bone.staff] run data modify entity @s {} merge value {transformation:[-1.1041114250512534f,-0.49773370963977154f,0.9872210316638936f,-0.7438559378567393f,0.3178275133845405f,1.1934191786182655f,0.9571533763414846f,1.651633619346682f,-1.058928648591155f,0.8771647897597896f,-0.7420635409441523f,0.37327260622492475f,0f,0f,0f,1f],start_interpolation:0}
execute if entity @s[tag=aj.ecual.bone.arm_right_2] run data modify entity @s {} merge value {transformation:[-0.6659633370059844f,-0.7446974625065789f,0.04380094862119064f,-0.5958002943296449f,0.07174114508379653f,-0.1223785177107179f,-0.9898872190835647f,1.6179162917524863f,0.742526795385809f,-0.6560862654706238f,0.13492505473369526f,0.17511567227772878f,0f,0f,0f,1f],start_interpolation:0}
execute if entity @s[tag=aj.ecual.bone.arm_right_1] run data modify entity @s {} merge value {transformation:[-0.8639797313513237f,-0.5016178831680329f,0.04380094862119064f,-0.3055817938856176f,0.030278477779548698f,-0.13858754373449372f,-0.9898872190835647f,1.6093722196766056f,0.5026153972944402f,-0.853916267562377f,0.13492505473369526f,0.01821735998507363f,0f,0f,0f,1f],start_interpolation:0}
execute if entity @s[tag=aj.ecual.bone.arm_left_2] run data modify entity @s {} merge value {transformation:[-0.9735970662885962f,-0.10461057771204417f,-0.20289253200892152f,0.6143336433830509f,0.21839239730448207f,-0.16818538169065322f,-0.9612587779496063f,1.539809042222221f,0.06643427815397838f,-0.9801889126165025f,0.18659094905658782f,-0.14325008496224662f,0f,0f,0f,1f],start_interpolation:0}
execute if entity @s[tag=aj.ecual.bone.arm_left_1] run data modify entity @s {} merge value {transformation:[-0.953806475751219f,-0.22155772897835913f,-0.20289253200892152f,0.28315083930276647f,0.23712500938118317f,-0.14054640422580453f,-0.9612587779496063f,1.6221441149240208f,0.1844584959849047f,-0.964965740837025f,0.18659094905658782f,-0.07920199607859915f,0f,0f,0f,1f],start_interpolation:0}
execute if entity @s[tag=aj.ecual.bone.himo_right_2] run data modify entity @s {} merge value {transformation:[-0.9765535389284805f,0.15000487643328347f,-0.154407650887176f,-0.13819713788512933f,0.2102253623498473f,0.8189447961542486f,-0.5339800725464869f,1.3637576055212857f,0.046351727380283286f,-0.5539205339199038f,-0.8312782683739257f,0.27640458112476535f,0f,0f,0f,1f],start_interpolation:0}
execute if entity @s[tag=aj.ecual.bone.himo_right_1] run data modify entity @s {} merge value {transformation:[-0.987781243894315f,0.05385713225443079f,-0.14624508031359043f,-0.12901295733938348f,0.10148597956403199f,0.9344447316639477f,-0.3413409430722041f,1.5368326118140747f,0.1182743005159137f,-0.3520120065719655f,-0.928492723216854f,0.20459925037241647f,0f,0f,0f,1f],start_interpolation:0}
execute if entity @s[tag=aj.ecual.bone.himo_left_2] run data modify entity @s {} merge value {transformation:[-0.9765535389284805f,0.15000487643328347f,-0.154407650887176f,0.17003984284177331f,0.2102253623498473f,0.8189447961542486f,-0.5339800725464869f,1.3704444616717648f,0.046351727380283286f,-0.5539205339199038f,-0.8312782683739257f,0.22539968266210947f,0f,0f,0f,1f],start_interpolation:0}
execute if entity @s[tag=aj.ecual.bone.himo_left_1] run data modify entity @s {} merge value {transformation:[-0.987781243894315f,0.05385713225443079f,-0.14624508031359043f,0.17922402338751917f,0.10148597956403199f,0.9344447316639477f,-0.3413409430722041f,1.5435194679645539f,0.1182743005159137f,-0.3520120065719655f,-0.928492723216854f,0.1535943519097606f,0f,0f,0f,1f],start_interpolation:0}
execute if entity @s[tag=aj.ecual.bone.ponpon1] run data modify entity @s {} merge value {transformation:[-0.9969721598429746f,-0.04917092455514729f,0.060238963108822985f,0.25165366159147223f,-0.0519953303841974f,0.9975756757590706f,-0.046252099974724015f,2.2221587054577525f,-0.05781866581193548f,-0.04924420079791848f,-0.9971118345358768f,-0.0279535094606083f,0f,0f,0f,1f],start_interpolation:0}
execute if entity @s[tag=aj.ecual.bone.ponpon2] run data modify entity @s {} merge value {transformation:[-0.9969721598429746f,-0.04917092455514729f,0.060238963108822985f,0.3008338859464293f,-0.0519953303841974f,0.9975756757590706f,-0.046252099974724015f,2.095075436504646f,-0.05781866581193548f,-0.04924420079791848f,-0.9971118345358768f,-0.11310901888065934f,0f,0f,0f,1f],start_interpolation:0}
execute if entity @s[tag=aj.ecual.bone.ponpon3] run data modify entity @s {} merge value {transformation:[-0.9969721598429746f,-0.04917092455514729f,0.060238963108822985f,-0.3340674823162754f,-0.0519953303841974f,0.9975756757590706f,-0.046252099974724015f,2.1916114488570364f,-0.05781866581193548f,-0.04924420079791848f,-0.9971118345358768f,-0.06192197562512039f,0f,0f,0f,1f],start_interpolation:0}
execute if entity @s[tag=aj.ecual.bone.ponpon4] run data modify entity @s {} merge value {transformation:[-0.9969721598429746f,-0.04917092455514729f,0.060238963108822985f,-0.35966016994954136f,-0.0519953303841974f,0.9975756757590706f,-0.046252099974724015f,2.060628530125115f,-0.05781866581193548f,-0.04924420079791848f,-0.9971118345358768f,-0.15141388498106662f,0f,0f,0f,1f],start_interpolation:0}
execute if entity @s[tag=aj.ecual.bone.ear_edge_a1] run data modify entity @s {} merge value {transformation:[-0.9792533491885573f,0.19347905681640848f,0.060238963108822985f,0.1585679030731959f,0.19088455162565865f,0.9805222237147913f,-0.046252099974724015f,2.3164942009284313f,-0.06801445474062418f,-0.03379383634383018f,-0.9971118345358768f,-0.05989135558579975f,0f,0f,0f,1f],start_interpolation:0}
execute if entity @s[tag=aj.ecual.bone.ear_edge_a2] run data modify entity @s {} merge value {transformation:[-0.9974639082318405f,0.03790803474774447f,0.060238963108822985f,0.04405702464265271f,0.035146976513512715f,0.9983112907755208f,-0.046252099974724015f,2.33060297082472f,-0.061890563229145996f,-0.044017582983133824f,-0.9971118345358768f,-0.06746380288366424f,0f,0f,0f,1f],start_interpolation:0}
execute if entity @s[tag=aj.ecual.bone.ear_edge_b1] run data modify entity @s {} merge value {transformation:[-0.9586641836472752f,0.27809036357895833f,0.060238963108822985f,0.021613438830181977f,0.27561632096554933f,0.9601543557498156f,-0.046252099974724015f,2.3270756403489035f,-0.0707009661130501f,-0.02773739027340769f,-0.9971118345358768f,-0.06865607826822945f,0f,0f,0f,1f],start_interpolation:0}
execute if entity @s[tag=aj.ecual.bone.ear_edge_b2] run data modify entity @s {} merge value {transformation:[-0.997678467114321f,-0.03176387224493685f,0.060238963108822985f,0.051026167423968885f,-0.034577315098239816f,0.998331183790492f,-0.046252099974724015f,2.336036891827061f,-0.058669289556085795f,-0.04822762581220595f,-0.9971118345358768f,-0.06729483118799964f,0f,0f,0f,1f],start_interpolation:0}
execute if entity @s[tag=aj.ecual.bone.ear_right_2] run data modify entity @s {} merge value {transformation:[-0.9903643539938872f,0.12469849101670871f,0.060238963108822985f,0.11451830587265104f,0.12202179369763035f,0.9914491540723311f,-0.046252099974724015f,2.4371208342972834f,-0.0654914360896389f,-0.038455964783304236f,-0.9971118345358768f,-0.09948845572982781f,0f,0f,0f,1f],start_interpolation:0}
execute if entity @s[tag=aj.ecual.bone.ear_right_1] run data modify entity @s {} merge value {transformation:[-0.9903643539938872f,0.12469849101670871f,0.060238963108822985f,0.08646114539389162f,0.12202179369763035f,0.9914491540723311f,-0.046252099974724015f,2.2140447746310095f,-0.0654914360896389f,-0.038455964783304236f,-0.9971118345358768f,-0.09083586365358437f,0f,0f,0f,1f],start_interpolation:0}
execute if entity @s[tag=aj.ecual.bone.ear_edge_a3] run data modify entity @s {} merge value {transformation:[-0.954957251965456f,-0.29612229379034516f,0.01918942518494611f,-0.2477147932814575f,-0.29125052118657063f,0.9477033935867437f,0.13050445085406276f,2.288916005527206f,-0.05683116070550675f,0.11903724167047045f,-0.9912620008193347f,-0.06384072083012929f,0f,0f,0f,1f],start_interpolation:0}
execute if entity @s[tag=aj.ecual.bone.ear_edge_a4] run data modify entity @s {} merge value {transformation:[-0.9895238761486328f,-0.14308831011950682f,0.01918942518494611f,-0.13517842943465416f,-0.13941127057567934f,0.9815972116625812f,0.13050445085406276f,2.3148660252101396f,-0.03750994759073284f,0.1264620479171107f,-0.9912620008193347f,-0.05824573060714759f,0f,0f,0f,1f],start_interpolation:0}
execute if entity @s[tag=aj.ecual.bone.ear_edge_b3] run data modify entity @s {} merge value {transformation:[-0.9254331721499368f,-0.3787395377341287f,-0.011393262984925004f,-0.11143870808660086f,-0.368685548579039f,0.8931140268757293f,0.2577174834325216f,2.3129231417403324f,-0.08743231755751563f,0.24270083962515962f,-0.966153141221289f,-0.07466527314464125f,0f,0f,0f,1f],start_interpolation:0}
execute if entity @s[tag=aj.ecual.bone.ear_edge_b4] run data modify entity @s {} merge value {transformation:[-0.9971762023704495f,-0.07422812798801057f,-0.011393262984925004f,-0.14167875549058184f,-0.07465338122070461f,0.9633320151461405f,0.2577174834325216f,2.318358392762019f,-0.008154391354619435f,0.2578402870186725f,-0.966153141221289f,-0.07285883899520913f,0f,0f,0f,1f],start_interpolation:0}
execute if entity @s[tag=aj.ecual.bone.ear_left_2] run data modify entity @s {} merge value {transformation:[-0.9732874711074883f,-0.2293069823266319f,-0.011393262984925004f,-0.21425885803260505f,-0.22443260266320803f,0.9397934377271563f,0.2577174834325216f,2.418331017179194f,-0.04838910463119302f,0.2533902173747581f,-0.966153141221289f,-0.07768041688858367f,0f,0f,0f,1f],start_interpolation:0}
execute if entity @s[tag=aj.ecual.bone.ear_left_1] run data modify entity @s {} merge value {transformation:[-0.9732874711074883f,-0.22878650429223596f,0.01918942518494611f,-0.16278189456685205f,-0.22443260266320803f,0.9657114450854862f,0.13050445085406276f,2.20104594203496f,-0.04838910463119302f,0.12271161430215388f,-0.9912620008193347f,-0.10529053010656825f,0f,0f,0f,1f],start_interpolation:0}
execute if entity @s[tag=aj.ecual.bone.head] run data modify entity @s {} merge value {transformation:[-0.9969721598429746f,-0.04917092455514729f,0.060238963108822985f,-0.014842743349117936f,-0.0519953303841974f,0.9975756757590706f,-0.046252099974724015f,1.6977332026306708f,-0.05781866581193548f,-0.04924420079791848f,-0.9971118345358768f,-0.04166579914189693f,0f,0f,0f,1f],start_interpolation:0}
execute if entity @s[tag=aj.ecual.bone.body_1] run data modify entity @s {} merge value {transformation:[-0.9863583383260884f,-0.04380094862119073f,-0.1586779925335625f,0.00158261238382859f,-0.02139793968153314f,0.9898872190835647f,-0.14023345418405836f,1.3265254954743342f,0.1632156750804989f,-0.13492505473369548f,-0.9773207626020877f,0.008931096383238878f,0f,0f,0f,1f],start_interpolation:0}
execute if entity @s[tag=aj.ecual.bone.leg_left_2] run data modify entity @s {} merge value {transformation:[-0.9585528451700047f,-0.23199961036185582f,-0.16538628663960098f,0.2232340376086709f,-0.24894979348187554f,0.9643103395176614f,0.09016412493150411f,0.7472150016470531f,0.13856566436827228f,0.12759996038901997f,-0.982098674658967f,0.06492991711131157f,0f,0f,0f,1f],start_interpolation:0}
execute if entity @s[tag=aj.ecual.bone.leg_left_1] run data modify entity @s {} merge value {transformation:[-0.9585528451700047f,-0.2765041371915354f,-0.06871611988794013f,0.12241671847140849f,-0.24894979348187554f,0.9301257618071597f,-0.2699816059437794f,1.0850295722446546f,0.13856566436827228f,-0.2416847726659983f,-0.9604103431968879f,-0.025567686123686963f,0f,0f,0f,1f],start_interpolation:0}
execute if entity @s[tag=aj.ecual.bone.leg_right_2] run data modify entity @s {} merge value {transformation:[-0.9478003451993733f,0.30198591064290503f,-0.10236706214952272f,-0.16932779722707914f,0.24894979348187554f,0.9014167639683028f,0.3542200134976061f,0.8122676047586717f,0.19924483924378167f,0.3102455920880878f,-0.9295424501466469f,0.18794131492603772f,0f,0f,0f,1f],start_interpolation:0}
execute if entity @s[tag=aj.ecual.bone.leg_right_1] run data modify entity @s {} merge value {transformation:[-0.9478003451993733f,0.11020166645925941f,-0.2992158056479487f,-0.1262136983336436f,0.24894979348187554f,0.8420970992432927f,-0.4784312654617832f,1.1235149195869225f,0.19924483924378167f,-0.5279470315814211f,-0.825574603460575f,0.004140333815977778f,0f,0f,0f,1f],start_interpolation:0}
execute if entity @s[tag=aj.ecual.bone.skirt_forward_right] run data modify entity @s {} merge value {transformation:[-0.9720915259409542f,0.16531593853887752f,-0.16645932133346383f,-0.010148462741635122f,0.20961010447806153f,0.9306959821315233f,-0.2997809082395598f,1.2819892529620054f,0.10536445935173502f,-0.32630603627461346f,-0.9393735686063703f,-0.02145056921105888f,0f,0f,0f,1f],start_interpolation:0}
execute if entity @s[tag=aj.ecual.bone.skirt_forward_left] run data modify entity @s {} merge value {transformation:[-0.9606177588988538f,-0.222496776671812f,-0.16645932133346383f,-0.010148462741635122f,-0.16566176369326227f,0.9395145486394035f,-0.2997809082395598f,1.2819892529620054f,0.22309123994048108f,-0.26039891947846383f,-0.9393735686063703f,-0.02145056921105888f,0f,0f,0f,1f],start_interpolation:0}
execute if entity @s[tag=aj.ecual.bone.skirt_forward] run data modify entity @s {} merge value {transformation:[-0.9846599764506294f,-0.05230702741934964f,-0.16645932133346383f,-0.010148462741635122f,0f,0.9540080749422746f,-0.2997809082395598f,1.2819892529620054f,0.17448418488861955f,-0.2951822620475133f,-0.9393735686063703f,-0.02145056921105888f,0f,0f,0f,1f],start_interpolation:0}
execute if entity @s[tag=aj.ecual.bone.skirt_back_right] run data modify entity @s {} merge value {transformation:[-0.9492032507740462f,0.26550212654722605f,-0.1688840120286226f,-0.008699197010123073f,0.21899708625350386f,0.9428039155128115f,0.2513186286493434f,1.2727742323295015f,0.22595013815543147f,0.20156735274496204f,-0.9530567335552115f,-0.013271982928455146f,0f,0f,0f,1f],start_interpolation:0}
execute if entity @s[tag=aj.ecual.bone.skirt_back_left] run data modify entity @s {} merge value {transformation:[-0.9773154470196111f,-0.12779948160291377f,-0.1688840120286226f,-0.008699197010123073f,-0.16807483695195932f,0.9531997671408577f,0.2513186286493434f,1.2727742323295015f,0.12886181048095563f,0.2740027306882922f,-0.9530567335552115f,-0.013271982928455146f,0f,0f,0f,1f],start_interpolation:0}
execute if entity @s[tag=aj.ecual.bone.skirt_back] run data modify entity @s {} merge value {transformation:[-0.9846599764506294f,0.043851126067206356f,-0.1688840120286226f,-0.008699197010123073f,0f,0.9679044099981223f,0.2513186286493434f,1.2727742323295015f,0.17448418488861955f,0.24746339496746694f,-0.9530567335552115f,-0.013271982928455146f,0f,0f,0f,1f],start_interpolation:0}
execute if entity @s[tag=aj.ecual.bone.skirt_right] run data modify entity @s {} merge value {transformation:[-0.9260255177470458f,0.3223150056241809f,-0.19644281007662281f,-0.1942156660419288f,0.32105649851035406f,0.9462517804634377f,0.03911895619830752f,1.3383166810102907f,0.19849298538131485f,-0.0268440890934733f,-0.9797346220457634f,0.0502257947011373f,0f,0f,0f,1f],start_interpolation:0}
execute if entity @s[tag=aj.ecual.bone.skirt_left] run data modify entity @s {} merge value {transformation:[-0.956655559433974f,-0.24834799457663553f,-0.15209672644022876f,0.1873400748326901f,-0.2568591423417052f,0.9656690507488757f,0.03881578829869303f,1.3383166810102907f,0.1372352782616555f,0.076200774376175f,-0.9876031188614773f,-0.01738682694320278f,0f,0f,0f,1f],start_interpolation:0}
execute if entity @s[tag=aj.ecual.bone.coat_downer] run data modify entity @s {} merge value {transformation:[-0.9846599764506294f,0.006258488923333395f,-0.17437190740667627f,-0.012481410256742247f,0f,0.999356517715259f,0.035868516836230435f,1.1688794766199828f,0.17448418488861955f,0.03531829294328166f,-0.9840263651992901f,-0.025661037029416744f,0f,0f,0f,1f],start_interpolation:0}
execute if entity @s[tag=aj.ecual.bone.body_2] run data modify entity @s {} merge value {transformation:[-0.9846599764506294f,0.021432186587845393f,-0.17316290640408455f,0f,0f,0.9924275172252521f,0.12283168587185389f,1.390625f,0.17448418488861955f,0.12094744491797076f,-0.9772036557399734f,0f,0f,0f,0f,1f],start_interpolation:0}
execute if entity @s[tag=aj.ecual.bone.book_left] run data modify entity @s {} merge value {transformation:[0.495664808327511f,-0.07910419548806037f,-0.8649039970088235f,-1.6011328823539543f,0.041774270125530436f,0.9968624046914791f,-0.06723285259603999f,1.8737608190664026f,0.8675086790004647f,-0.0028057742083696033f,0.4974141327806847f,-0.455837803856775f,0f,0f,0f,1f],start_interpolation:0}
execute if entity @s[tag=aj.ecual.bone.book_right] run data modify entity @s {} merge value {transformation:[-0.6207938940729524f,-0.07910419548806037f,-0.7799727349965042f,-1.6082218032442783f,-0.04705936777699017f,0.9968624046914791f,-0.06364559699736978f,1.8734614031558199f,0.7825601299492393f,-0.0028057742083696033f,-0.6225686874915262f,-0.3623566824967741f,0f,0f,0f,1f],start_interpolation:0}
execute if entity @s[tag=aj.ecual.bone.book_loot_1] run data modify entity @s {} merge value {transformation:[-0.0756151561634558f,-0.07910419548806037f,-0.9939944036133016f,-1.455578182257121f,-0.003193769712880691f,0.9968624046914791f,-0.07908948063897443f,1.8854745332069573f,0.9971319611733431f,-0.0028057742083696033f,-0.07563054698793581f,-0.3977526611285842f,0f,0f,0f,1f],start_interpolation:0}
execute if entity @s[tag=aj.ecual.bone.book_left2] run data modify entity @s {} merge value {transformation:[0.8645194297155745f,-0.011448283553880837f,0.5024689965041899f,1.4785471633033178f,-0.04620180179339532f,0.9936972969244693f,0.10213263727157437f,1.8691305352269985f,-0.5004713270061547f,-0.11151062231318193f,0.8585416891194193f,-0.16077426920978147f,0f,0f,0f,1f],start_interpolation:0}
execute if entity @s[tag=aj.ecual.bone.book_right2] run data modify entity @s {} merge value {transformation:[-0.1477824299796579f,-0.011448283553880837f,0.9889536339955364f,1.4379419606038233f,-0.11197470283013748f,0.9936972969244693f,-0.005229532589588422f,1.8780916869952238f,-0.9826606837130556f,-0.11151062231318193f,-0.14813291935257672f,-0.07675059532723932f,0f,0f,0f,1f],start_interpolation:0}
execute if entity @s[tag=aj.ecual.bone.book_loot_2] run data modify entity @s {} merge value {transformation:[0.4331221621279412f,-0.011448283553880837f,0.9012625197340047f,1.3230551839934699f,-0.09558561886107092f,0.9936972969244693f,0.05855827483754325f,1.8648273698854796f,-0.896252521413783f,-0.11151062231318193f,0.42929803047622217f,-0.18315713683994372f,0f,0f,0f,1f],start_interpolation:0}
execute if entity @s[tag=aj.ecual.bone.air_staff_povit_1] run data modify entity @s {} merge value {transformation:[-0.000015385312132041086f,0f,-0.000002726315388884681f,0.11285109373089353f,0f,0.000015625f,0f,1.5567475f,0.000002726315388884681f,0f,-0.000015385312132041086f,0.6782130734142413f,0f,0f,0f,1f],start_interpolation:0}