execute if entity @s[tag=aj.ecual.bone.wing_right_1] run data modify entity @s {} merge value {transformation:[0.499288444037862f,0.2865341586358211f,-0.5792699457330384f,-0.22675350875799816f,-0.33534305441633844f,0.7406171445522834f,0.07730281685933003f,1.5352008966174804f,0.5524495723135423f,0.19060132626644696f,0.5704516183871335f,-0.07102899236282506f,0f,0f,0f,1f],start_interpolation:0}
execute if entity @s[tag=aj.ecual.bone.wing_right_2] run data modify entity @s {} merge value {transformation:[0.5592825302033505f,0.07215049373813211f,-0.5674481101058335f,-0.22675350875799816f,-0.02585600659530521f,0.7959881655797341f,0.07572520835199677f,1.5352008966174804f,0.5714319892448111f,-0.034599805062363376f,0.5588097486241309f,-0.07102899236282506f,0f,0f,0f,1f],start_interpolation:0}
execute if entity @s[tag=aj.ecual.bone.wing_left_1] run data modify entity @s {} merge value {transformation:[-0.620452969092712f,0.3078987335077179f,-0.43264411182035734f,-0.24098506271742948f,0.24621942135149869f,0.7563320456803758f,0.1851547398008366f,1.5247327518164453f,0.4704875706517821f,0.010229908392827933f,-0.6674438098303878f,0.049121564416291924f,0f,0f,0f,1f],start_interpolation:0}
execute if entity @s[tag=aj.ecual.bone.wing_left_2] run data modify entity @s {} merge value {transformation:[-0.6769484504720445f,0.04606458723959289f,-0.42381464015055414f,-0.24098506271742948f,-0.06069419691943244f,0.7768004474098565f,0.18137607164163588f,1.5247327518164453f,0.42196801995388566f,0.1856316748464351f,-0.6538225075889513f,0.049121564416291924f,0f,0f,0f,1f],start_interpolation:0}
execute if entity @s[tag=aj.ecual.bone.staff] run data modify entity @s {} merge value {transformation:[-1.2734857558588089f,0.3881709444137591f,-0.8179019486085414f,0.371244528389336f,0.846025655649575f,0.00770899000230907f,-1.3136161583414887f,1.5010746303656781f,-0.32230555317497467f,-1.5134959991311754f,-0.21646071469552908f,0.24553187405093346f,0f,0f,0f,1f],start_interpolation:0}
execute if entity @s[tag=aj.ecual.bone.arm_right_2] run data modify entity @s {} merge value {transformation:[0.5961897091224566f,0.7044070497962771f,-0.3851863690913603f,0.3644867822754024f,-0.14127481492839322f,-0.3802437959698367f,-0.9140328671844341f,1.4538396516073084f,-0.7903159225293571f,0.5993541222213746f,-0.12718246252065124f,0.3972919124779206f,0f,0f,0f,1f],start_interpolation:0}
execute if entity @s[tag=aj.ecual.bone.arm_right_1] run data modify entity @s {} merge value {transformation:[0.9121140100253815f,-0.14028361907803946f,-0.3851863690913603f,0.06480330357331515f,-0.3980270207209422f,-0.07822025621674446f,-0.9140328671844341f,1.5893211034202381f,0.09809446208338574f,0.9870167666943426f,-0.12718246252065124f,0.3312410698816566f,0f,0f,0f,1f],start_interpolation:0}
execute if entity @s[tag=aj.ecual.bone.arm_left_2] run data modify entity @s {} merge value {transformation:[-0.36881446663321815f,-0.9026108316750366f,-0.2219675105616881f,0.08981509771585178f,0.5689251755714417f,-0.03036592491060891f,-0.8218284828389236f,1.4408497026171903f,0.7350510416311637f,-0.4293851384796889f,0.5247174182831358f,-0.5936162669998698f,0f,0f,0f,1f],start_interpolation:0}
execute if entity @s[tag=aj.ecual.bone.arm_left_1] run data modify entity @s {} merge value {transformation:[0.10318436713823695f,-0.9695789862787497f,-0.2219675105616881f,0.1349693860606193f,0.5153218598888082f,0.24298420836633f,-0.8218284828389236f,1.6409323830944242f,0.8507622271228436f,-0.029584858479626025f,0.5247174182831358f,-0.26113934773761094f,0f,0f,0f,1f],start_interpolation:0}
execute if entity @s[tag=aj.ecual.bone.himo_right_2] run data modify entity @s {} merge value {transformation:[-0.11718761166981906f,-0.1818826917403298f,-0.9763123220140243f,0.24905074786066553f,-0.08619837941408932f,0.9812387369656116f,-0.17245399521181326f,1.263724158727741f,0.989361866587503f,0.06394706813782461f,-0.13066701733439862f,0.18098066866452392f,0f,0f,0f,1f],start_interpolation:0}
execute if entity @s[tag=aj.ecual.bone.himo_right_1] run data modify entity @s {} merge value {transformation:[-0.11718761166981906f,0.033741316349418515f,-0.9925364412665825f,0.2491738919182654f,-0.08619837941408932f,0.9953053370766615f,0.044012786472775234f,1.4506189893450698f,0.989361866587503f,0.0907127860762851f,-0.11372900854562018f,0.19727850975041725f,0f,0f,0f,1f],start_interpolation:0}
execute if entity @s[tag=aj.ecual.bone.himo_left_2] run data modify entity @s {} merge value {transformation:[-0.11718761166981906f,-0.1818826917403298f,-0.9763123220140243f,0.28567187650748405f,-0.08619837941408932f,0.9812387369656116f,-0.17245399521181326f,1.290661152294644f,0.989361866587503f,0.06394706813782461f,-0.13066701733439862f,-0.12819491464407076f,0f,0f,0f,1f],start_interpolation:0}
execute if entity @s[tag=aj.ecual.bone.himo_left_1] run data modify entity @s {} merge value {transformation:[-0.11718761166981906f,0.033741316349418515f,-0.9925364412665825f,0.2857950205650839f,-0.08619837941408932f,0.9953053370766615f,0.044012786472775234f,1.4775559829119729f,0.989361866587503f,0.0907127860762851f,-0.11372900854562018f,-0.11189707355817743f,0f,0f,0f,1f],start_interpolation:0}
execute if entity @s[tag=aj.ecual.bone.ponpon1] run data modify entity @s {} merge value {transformation:[-0.9090405756007854f,0.26784786724032017f,-0.3192221043822066f,0.5300474658269412f,0.181938855272345f,0.9442982840042937f,0.27422436756921276f,2.1164694426552932f,0.37489129738309634f,0.19120217268995088f,-0.9071373899829399f,0.05239745083464342f,0f,0f,0f,1f],start_interpolation:0}
execute if entity @s[tag=aj.ecual.bone.ponpon2] run data modify entity @s {} merge value {transformation:[-0.9090405756007854f,0.26784786724032017f,-0.3192221043822066f,0.5007284317210987f,0.181938855272345f,0.9442982840042937f,0.27422436756921276f,2.0173179845416573f,0.37489129738309634f,0.19120217268995088f,-0.9071373899829399f,-0.07060537471436716f,0f,0f,0f,1f],start_interpolation:0}
execute if entity @s[tag=aj.ecual.bone.ponpon3] run data modify entity @s {} merge value {transformation:[-0.9090405756007854f,0.26784786724032017f,-0.3192221043822066f,-0.004013872338520186f,0.181938855272345f,0.9442982840042937f,0.27422436756921276f,2.223358520127796f,0.37489129738309634f,0.19120217268995088f,-0.9071373899829399f,0.2726460880472125f,0f,0f,0f,1f],start_interpolation:0}
execute if entity @s[tag=aj.ecual.bone.ponpon4] run data modify entity @s {} merge value {transformation:[-0.9090405756007854f,0.26784786724032017f,-0.3192221043822066f,-0.10151094961442156f,0.181938855272345f,0.9442982840042937f,0.27422436756921276f,2.137852476159586f,0.37489129738309634f,0.19120217268995088f,-0.9071373899829399f,0.17776010980193419f,0f,0f,0f,1f],start_interpolation:0}
execute if entity @s[tag=aj.ecual.bone.ear_edge_a1] run data modify entity @s {} merge value {transformation:[-0.8172399217418075f,0.47980846010177813f,-0.3192221043822066f,0.46833570707191285f,0.40498092459213547f,0.872233596548404f,0.27422436756921276f,2.233468489745651f,0.41001141572880995f,0.09482823770900695f,-0.9071373899829399f,0.08536792203308396f,0f,0f,0f,1f],start_interpolation:0}
execute if entity @s[tag=aj.ecual.bone.ear_edge_a2] run data modify entity @s {} merge value {transformation:[-0.8822369219510648f,0.34605673179423385f,-0.3192221043822066f,0.3702025828006788f,0.26354754131692476f,0.924847927876291f,0.27422436756921276f,2.273145263005638f,0.3901290901895351f,0.15780066122429443f,-0.9071373899829399f,0.13189516361736559f,0f,0f,0f,1f],start_interpolation:0}
execute if entity @s[tag=aj.ecual.bone.ear_edge_b1] run data modify entity @s {} merge value {transformation:[-0.7723120143913211f,0.5492097964354015f,-0.3192221043822066f,0.3490016572392993f,0.4794600168636158f,0.8336180710975539f,0.27422436756921276f,2.2750369363147214f,0.41671602399711105f,0.058732538162233186f,-0.9071373899829399f,0.13992762603137984f,0f,0f,0f,1f],start_interpolation:0}
execute if entity @s[tag=aj.ecual.bone.ear_edge_b2] run data modify entity @s {} merge value {transformation:[-0.904227534475647f,0.28367201830615624f,-0.3192221043822066f,0.3781422753524318f,0.19839142255391867f,0.9409791919528815f,0.27422436756921276f,2.276615315812769f,0.3781711376521548f,0.18463029638121137f,-0.9071373899829399f,0.13015016628230822f,0f,0f,0f,1f],start_interpolation:0}
execute if entity @s[tag=aj.ecual.bone.ear_right_2] run data modify entity @s {} merge value {transformation:[-0.8487189126160782f,0.4216318956644257f,-0.3192221043822066f,0.45539239550862565f,0.3431504714377264f,0.8983589205787024f,0.27422436756921276f,2.3668214832773375f,0.40239776505324626f,0.12319819144407676f,-0.9071373899829399f,0.09578578328977062f,0f,0f,0f,1f],start_interpolation:0}
execute if entity @s[tag=aj.ecual.bone.ear_right_1] run data modify entity @s {} merge value {transformation:[-0.8487189126160782f,0.4216318956644257f,-0.3192221043822066f,0.36052521898413004f,0.3431504714377264f,0.8983589205787024f,0.27422436756921276f,2.1646907261471298f,0.40239776505324626f,0.12319819144407676f,-0.9071373899829399f,0.0680661902148534f,0f,0f,0f,1f],start_interpolation:0}
execute if entity @s[tag=aj.ecual.bone.ear_edge_a3] run data modify entity @s {} merge value {transformation:[-0.9588653233477149f,0.211995734963577f,-0.1887726146413583f,0.11222317025430771f,-0.026406360857022065f,0.5955168476053914f,0.8029087048503245f,2.2511882000652923f,0.2826304933788471f,0.7748661126771448f,-0.5654224187605577f,0.2823212665986797f,0f,0f,0f,1f],start_interpolation:0}
execute if entity @s[tag=aj.ecual.bone.ear_edge_a4] run data modify entity @s {} merge value {transformation:[-0.913896660681687f,0.35938529958294974f,-0.1887726146413583f,0.22111203127188836f,0.06707810474156557f,0.5923159119421441f,0.8029087048503245f,2.249430801924556f,0.400366608821391f,0.7211130749777177f,-0.5654224187605577f,0.2434719664367856f,0f,0f,0f,1f],start_interpolation:0}
execute if entity @s[tag=aj.ecual.bone.ear_edge_b3] run data modify entity @s {} merge value {transformation:[-0.9824086471015904f,0.18264559374525816f,-0.03890806067468394f,0.22849953447294166f,-0.009678850433930906f,0.15826951415474055f,0.9873485102756269f,2.293000316529086f,0.18649281475247326f,0.9703562994975939f,-0.15371753989390768f,0.1971017862243931f,0f,0f,0f,1f],start_interpolation:0}
execute if entity @s[tag=aj.ecual.bone.ear_edge_b4] run data modify entity @s {} merge value {transformation:[-0.877885553075686f,0.477287249479317f,-0.03890806067468394f,0.20618904844800626f,0.03970283578984495f,0.15351418203783201f,0.9873485102756269f,2.29540072999741f,0.4772217938561074f,0.8652342326779053f,-0.15371753989390768f,0.2181670622375918f,0f,0f,0f,1f],start_interpolation:0}
execute if entity @s[tag=aj.ecual.bone.ear_left_2] run data modify entity @s {} merge value {transformation:[-0.9417415006925892f,0.33407949456350194f,-0.03890806067468394f,0.19589751233000813f,0.015199119055016336f,0.15783505959213073f,0.9873485102756269f,2.34425478791564f,0.3359939473461109f,0.929235699527167f,-0.15371753989390768f,0.33127325057626833f,0f,0f,0f,1f],start_interpolation:0}
execute if entity @s[tag=aj.ecual.bone.ear_left_1] run data modify entity @s {} merge value {transformation:[-0.9417415006925892f,0.2783663877603312f,-0.1887726146413583f,0.1332650750839337f,0.015199119055016336f,0.5959082131129975f,0.8029087048503245f,2.210175439965216f,0.3359939473461109f,0.7532632711806272f,-0.5654224187605577f,0.1617890145606275f,0f,0f,0f,1f],start_interpolation:0}
execute if entity @s[tag=aj.ecual.bone.head] run data modify entity @s {} merge value {transformation:[-0.9090405756007854f,0.26784786724032017f,-0.3192221043822066f,0.11959880583531168f,0.181938855272345f,0.9442982840042937f,0.27422436756921276f,1.6949107010174342f,0.37489129738309634f,0.19120217268995088f,-0.9071373899829399f,0.04528453232110745f,0f,0f,0f,1f],start_interpolation:0}
execute if entity @s[tag=aj.ecual.bone.body_1] run data modify entity @s {} merge value {transformation:[-0.11718761166981906f,0.2393639173347608f,-0.9638319245331529f,0.02983733683477638f,-0.08619837941408932f,0.9644047546059323f,0.24998661700150288f,1.3332589180402097f,0.989361866587503f,0.11237608451814454f,-0.09238350811082273f,0.003143500626803241f,0f,0f,0f,1f],start_interpolation:0}
execute if entity @s[tag=aj.ecual.bone.leg_left_2] run data modify entity @s {} merge value {transformation:[-0.08366172445351114f,-0.5318628198129725f,-0.8426877575721972f,0.3836373288762682f,-0.09357382548489997f,0.8461088534227929f,-0.5247320719602417f,0.8463797699859936f,0.9920910517919139f,0.03495352714906475f,-0.12055536443581985f,-0.11505267075789796f,0f,0f,0f,1f],start_interpolation:0}
execute if entity @s[tag=aj.ecual.bone.leg_left_1] run data modify entity @s {} merge value {transformation:[-0.08366172445351114f,-0.7288857247662819f,-0.6795044636302225f,0.11124715253308039f,-0.09357382548489997f,0.684628322774644f,-0.7228609816824388f,1.1013799248077312f,0.9920910517919139f,0.0031080358282342263f,-0.12548181170075667f,-0.11397141102180104f,0f,0f,0f,1f],start_interpolation:0}
execute if entity @s[tag=aj.ecual.bone.leg_right_2] run data modify entity @s {} merge value {transformation:[-0.12492300007762416f,0.3760358973839427f,-0.918145548336569f,0.36155916195886373f,0.09357382548489997f,0.9257352225022287f,0.3664126594467923f,1.0467019605111139f,0.9877439866866957f,-0.04014102262526977f,-0.15083273871036812f,0.17935153157078004f,0f,0f,0f,1f],start_interpolation:0}
execute if entity @s[tag=aj.ecual.bone.leg_right_1] run data modify entity @s {} merge value {transformation:[-0.12492300007762416f,-0.9836283959199602f,-0.12988234210827856f,0.05311795090462024f,0.09357382548489997f,0.11864388311313256f,-0.9885178643726976f,1.1422739088278708f,0.9877439866866957f,-0.1356422048617735f,0.07722052204245494f,0.1312880304152176f,0f,0f,0f,1f],start_interpolation:0}
execute if entity @s[tag=aj.ecual.bone.skirt_forward_right] run data modify entity @s {} merge value {transformation:[-0.2071118504806292f,-0.5712160825082079f,-0.7942398053953639f,0.014054606045849169f,0.13868160093981186f,0.7865024421254332f,-0.6018150231520482f,1.2805931328316877f,0.9684379664961819f,-0.2347894708344171f,-0.08367681539132654f,0.007765307872251254f,0f,0f,0f,1f],start_interpolation:0}
execute if entity @s[tag=aj.ecual.bone.skirt_forward_left] run data modify entity @s {} merge value {transformation:[0.0007459288354226129f,-0.6076039623930268f,-0.7942398053953639f,0.014054606045849169f,-0.13868160093981186f,0.7865024421254332f,-0.6018150231520482f,1.2805931328316877f,0.9903367392715182f,0.11059535892171331f,-0.08367681539132654f,0.007765307872251254f,0f,0f,0f,1f],start_interpolation:0}
execute if entity @s[tag=aj.ecual.bone.skirt_forward] run data modify entity @s {} merge value {transformation:[-0.10477472431243563f,-0.5985026221085313f,-0.7942398053953639f,0.014054606045849169f,0f,0.7986355100472929f,-0.6018150231520482f,1.2805931328316877f,0.9944959814625964f,-0.06305500313783792f,-0.08367681539132654f,0.007765307872251254f,0f,0f,0f,1f],start_interpolation:0}
execute if entity @s[tag=aj.ecual.bone.skirt_back_right] run data modify entity @s {} merge value {transformation:[-0.11823409650818778f,-0.06716529223584519f,-0.9907116240065853f,0.024905896720074885f,0.17298739392508944f,0.9810602621904068f,-0.08715574274765811f,1.274689849154508f,0.9778016465346631f,-0.18168540246746168f,-0.10437602485407269f,0.008908541238718974f,0f,0f,0f,1f],start_interpolation:0}
execute if entity @s[tag=aj.ecual.bone.skirt_back_left] run data modify entity @s {} merge value {transformation:[-0.08813182513701881f,-0.10355317212066414f,-0.9907116240065853f,0.024905896720074885f,-0.17298739392508944f,0.9810602621904068f,-0.08715574274765811f,1.274689849154508f,0.980973059233037f,0.1636994272886687f,-0.10437602485407269f,0.008908541238718974f,0f,0f,0f,1f],start_interpolation:0}
execute if entity @s[tag=aj.ecual.bone.skirt_back] run data modify entity @s {} merge value {transformation:[-0.10477472431243563f,-0.0866760359239338f,-0.9907116240065853f,0.024905896720074885f,0f,0.9961946980917454f,-0.08715574274765811f,1.274689849154508f,0.9944959814625964f,-0.009131718918631439f,-0.10437602485407269f,0.008908541238718974f,0f,0f,0f,1f],start_interpolation:0}
execute if entity @s[tag=aj.ecual.bone.skirt_right] run data modify entity @s {} merge value {transformation:[-0.15691497842618876f,-0.2647297069041848f,-0.9514703735944345f,0.011046400172648501f,0.25268400030018495f,0.9205770600071684f,-0.2978064347539427f,1.3465448161988995f,0.9547400093940783f,-0.2871516304515483f,-0.07755936817182423f,0.20227068513328098f,0f,0f,0f,1f],start_interpolation:0}
execute if entity @s[tag=aj.ecual.bone.skirt_left] run data modify entity @s {} merge value {transformation:[-0.045494245885208666f,-0.3187587130728409f,-0.946743448053105f,0.05164660584371731f,-0.25268400030018495f,0.9205770600071684f,-0.2978064347539427f,1.3465448161988995f,0.9664786958767546f,0.22567844254315567f,-0.12242618587403294f,-0.18309650768347516f,0f,0f,0f,1f],start_interpolation:0}
execute if entity @s[tag=aj.ecual.bone.coat_downer] run data modify entity @s {} merge value {transformation:[-0.10477472431243563f,-0.2990507092094967f,-0.9484676749718727f,0.047275995371900546f,0f,0.9537169507482269f,-0.300705799504273f,1.17248386090914f,0.9944959814625964f,-0.031506367242210745f,-0.09992543058674223f,0.012836481614447823f,0f,0f,0f,1f],start_interpolation:0}
execute if entity @s[tag=aj.ecual.bone.body_2] run data modify entity @s {} merge value {transformation:[-0.10477472431243563f,-0.215248326290759f,-0.9709224557987521f,0f,0f,0.9762960071199334f,-0.2164396139381028f,1.390625f,0.9944959814625964f,-0.02267740088065472f,-0.10229114499332272f,0f,0f,0f,0f,1f],start_interpolation:0}
execute if entity @s[tag=aj.ecual.bone.book_left] run data modify entity @s {} merge value {transformation:[-0.16127805738385365f,-0.7420259585964816f,-0.6506818462009394f,-1.383556238492283f,0.12186589177455534f,0.6392935630231662f,-0.7592446540471244f,0.7833759423248244f,0.9793559580808617f,-0.20174542633258774f,-0.012676368778148955f,-0.08194728855637548f,0f,0f,0f,1f],start_interpolation:0}
execute if entity @s[tag=aj.ecual.bone.book_right] run data modify entity @s {} merge value {transformation:[-0.42115759007280035f,-0.7420259585964816f,-0.5215589718268141f,-1.4115207807780497f,-0.21042264923986922f,0.6392935630231662f,-0.7396120935760989f,0.7791240576751757f,0.8822406661512185f,-0.20174542633258774f,-0.4253824043645157f,0.007433740480404127f,0f,0f,0f,1f],start_interpolation:0}
execute if entity @s[tag=aj.ecual.bone.book_loot_1] run data modify entity @s {} merge value {transformation:[-0.29828845104817914f,-0.7420259585964816f,-0.6003511278745551f,-1.307485840453983f,-0.04535343626291974f,0.6392935630231662f,-0.76762413074127f,0.8963936196111906f,0.9533976430589826f,-0.20174542633258774f,-0.22434731369788918f,-0.003604676983302295f,0f,0f,0f,1f],start_interpolation:0}
execute if entity @s[tag=aj.ecual.bone.book_left2] run data modify entity @s {} merge value {transformation:[0.08582811856834033f,0.525345750667665f,0.8465490985869907f,1.537945718695971f,-0.24093611217375982f,0.8354092920609234f,-0.49400516656089755f,0.7752358120272325f,-0.9667384982060103f,-0.16156471456878901f,0.1982763704849708f,0.19482475005107291f,0f,0f,0f,1f],start_interpolation:0}
execute if entity @s[tag=aj.ecual.bone.book_right2] run data modify entity @s {} merge value {transformation:[-0.27998041631779824f,0.525345750667665f,0.803506570436073f,1.5472675728166834f,-0.00958666985852312f,0.8354092920609234f,-0.5495447302079153f,0.7872641879727674f,-0.959957843990837f,-0.16156471456878901f,-0.22886192511374556f,0.2873314185018664f,0f,0f,0f,1f],start_interpolation:0}
execute if entity @s[tag=aj.ecual.bone.book_loot_2] run data modify entity @s {} merge value {transformation:[-0.09943311062093037f,0.525345750667665f,0.8450591096294231f,1.4158477793119137f,-0.12830267675237322f,0.8354092920609234f,-0.5344433907126579f,0.8614165086068987f,-0.9867377968084641f,-0.16156471456878901f,-0.015664078520100655f,0.24342769605448475f,0f,0f,0f,1f],start_interpolation:0}
execute if entity @s[tag=aj.ecual.bone.air_staff_povit_1] run data modify entity @s {} merge value {transformation:[-0.000001637105067381807f,0f,-0.00001553899971035307f,0.6829597756828101f,0f,0.000015625f,0f,1.5567475f,0.00001553899971035307f,0f,-0.000001637105067381807f,0.07921039771100578f,0f,0f,0f,1f],start_interpolation:0}