execute if entity @s[tag=aj.ecual.bone.wing_right_1] run data modify entity @s {} merge value {transformation:[0.7500083136718054f,-0.044724057952804895f,-0.3200495782028989f,-0.2795733275572792f,0.00753991915491439f,0.8110094613013172f,-0.0956621541850755f,1.4113738179491402f,0.32307139069678814f,0.0848990975477711f,0.745225780682111f,0.2287241082017594f,0f,0f,0f,1f],start_interpolation:0}
execute if entity @s[tag=aj.ecual.bone.wing_right_2] run data modify entity @s {} merge value {transformation:[0.6620102931017257f,-0.3216346751331179f,-0.3135179541579418f,-0.2795733275572792f,0.31084982332933786f,0.7311571981982042f,-0.0937098653241556f,1.4113738179491402f,0.324214063796571f,-0.044275131563505224f,0.7300170912804353f,0.2287241082017594f,0f,0f,0f,1f],start_interpolation:0}
execute if entity @s[tag=aj.ecual.bone.wing_left_1] run data modify entity @s {} merge value {transformation:[0.3184940215100214f,-0.23312984859536065f,-0.7149520797932704f,-0.2357015254683831f,0.18975221443130086f,0.7762215350685286f,-0.16857837957080668f,1.41947446607446f,0.7276675750816689f,-0.10037453180067932f,0.35688835507060573f,0.27186656136811527f,0f,0f,0f,1f],start_interpolation:0}
execute if entity @s[tag=aj.ecual.bone.wing_left_2] run data modify entity @s {} merge value {transformation:[0.3756392212384111f,-0.09159331610987084f,-0.7003612210219792f,-0.2357015254683831f,-0.11925446610999359f,0.7736328662809003f,-0.1651380044775249f,1.41947446607446f,0.6961849953713601f,0.18194189361990254f,0.3496049192528383f,0.27186656136811527f,0f,0f,0f,1f],start_interpolation:0}
execute if entity @s[tag=aj.ecual.bone.staff] run data modify entity @s {} merge value {transformation:[-1.3403218804152996f,0.3685310339615406f,-0.7135323285508747f,0.2823621372875369f,0.7899292976411676f,0.8552328717448312f,-1.042110689809494f,1.856106866863635f,0.14475915034334322f,-1.254658464321796f,-0.9199365066663823f,0.9317693025806367f,0f,0f,0f,1f],start_interpolation:0}
execute if entity @s[tag=aj.ecual.bone.arm_right_2] run data modify entity @s {} merge value {transformation:[0.45666069027255957f,-0.6743423013766772f,0.58027879035322f,0.2921861029624425f,0.6669508414780763f,-0.17216259343480442f,-0.7249390432812182f,1.9389256803904842f,0.5887593642664849f,0.7180685914282905f,0.37113327659038564f,0.40884378325265414f,0f,0f,0f,1f],start_interpolation:0}
execute if entity @s[tag=aj.ecual.bone.arm_right_1] run data modify entity @s {} merge value {transformation:[0.45666069027255957f,-0.6743423013766772f,0.58027879035322f,0.14234431396675895f,0.6669508414780763f,-0.17216259343480442f,-0.7249390432812182f,1.7200824355304905f,0.5887593642664849f,0.7180685914282905f,0.37113327659038564f,0.21565711685271374f,0f,0f,0f,1f],start_interpolation:0}
execute if entity @s[tag=aj.ecual.bone.arm_left_2] run data modify entity @s {} merge value {transformation:[-0.6381864414065741f,-0.3714573011515865f,-0.6743423013766771f,-0.42804993514109346f,0.6250623695490246f,-0.7613521363965301f,-0.17216259343480453f,1.3688291345741788f,-0.44946089949913554f,-0.5313778296331331f,0.7180685914282905f,-0.40421911112046915f,0f,0f,0f,1f],start_interpolation:0}
execute if entity @s[tag=aj.ecual.bone.arm_left_1] run data modify entity @s {} merge value {transformation:[0.290913152172792f,-0.678698753842157f,-0.6743423013766771f,-0.28350985774731424f,0.8318530735884802f,0.5276177644689389f,-0.17216259343480453f,1.5970105103003005f,0.47264151516163766f,-0.5108693533085562f,0.7180685914282905f,-0.21377242192967527f,0f,0f,0f,1f],start_interpolation:0}
execute if entity @s[tag=aj.ecual.bone.himo_right_2] run data modify entity @s {} merge value {transformation:[0.5698424562394749f,0.2666416086050821f,-0.7772913402498812f,0.20239661881145676f,-0.800015891036575f,0.3961356156767255f,-0.4506119706370174f,1.4360597205971093f,0.18776088292271365f,0.8786232563237306f,0.4390524163367825f,-0.13737203009001184f,0f,0f,0f,1f],start_interpolation:0}
execute if entity @s[tag=aj.ecual.bone.himo_right_1] run data modify entity @s {} merge value {transformation:[0.7108641779374623f,0.055265833264152214f,-0.7011546250285419f,0.20837674614205692f,-0.41452530717021624f,0.838282377093265f,-0.3541912279691616f,1.5910239711272893f,0.5681908924302941f,0.5424281924167325f,0.6188139993817063f,-0.03179915651573885f,0f,0f,0f,1f],start_interpolation:0}
execute if entity @s[tag=aj.ecual.bone.himo_left_2] run data modify entity @s {} merge value {transformation:[0.5698424562394749f,0.2666416086050821f,-0.7772913402498812f,-0.018512374514819838f,-0.800015891036575f,0.3961356156767255f,-0.4506119706370174f,1.3952702855283432f,0.18776088292271365f,0.8786232563237306f,0.4390524163367825f,-0.35460851103725516f,0f,0f,0f,1f],start_interpolation:0}
execute if entity @s[tag=aj.ecual.bone.himo_left_1] run data modify entity @s {} merge value {transformation:[0.7108641779374623f,0.055265833264152214f,-0.7011546250285419f,-0.01253224718421967f,-0.41452530717021624f,0.838282377093265f,-0.3541912279691616f,1.5502345360585232f,0.5681908924302941f,0.5424281924167325f,0.6188139993817063f,-0.24903563746298218f,0f,0f,0f,1f],start_interpolation:0}
execute if entity @s[tag=aj.ecual.bone.ponpon1] run data modify entity @s {} merge value {transformation:[0.6856191538623839f,-0.2742058285869134f,-0.6743423013766771f,-0.4032829582174438f,0.21512685015481303f,0.96129104841576f,-0.17216259343480453f,2.1494986420970785f,0.6954472044659448f,-0.02703116358378789f,0.7180685914282905f,-0.22425231019076106f,0f,0f,0f,1f],start_interpolation:0}
execute if entity @s[tag=aj.ecual.bone.ponpon2] run data modify entity @s {} merge value {transformation:[0.6856191538623839f,-0.2742058285869134f,-0.6743423013766771f,-0.4579375386679824f,0.21512685015481303f,0.96129104841576f,-0.17216259343480453f,2.00512976102979f,0.6954472044659448f,-0.02703116358378789f,0.7180685914282905f,-0.17963375446385824f,0f,0f,0f,1f],start_interpolation:0}
execute if entity @s[tag=aj.ecual.bone.ponpon3] run data modify entity @s {} merge value {transformation:[0.6856191538623839f,-0.2742058285869134f,-0.6743423013766771f,-0.00048170532329318283f,0.21512685015481303f,0.96129104841576f,-0.17216259343480453f,2.275885666563031f,0.6954472044659448f,-0.02703116358378789f,0.7180685914282905f,0.1843229224329815f,0f,0f,0f,1f],start_interpolation:0}
execute if entity @s[tag=aj.ecual.bone.ponpon4] run data modify entity @s {} merge value {transformation:[0.6856191538623839f,-0.2742058285869134f,-0.6743423013766771f,-0.0037148492341531197f,0.21512685015481303f,0.96129104841576f,-0.17216259343480453f,2.1476512992573538f,0.6954472044659448f,-0.02703116358378789f,0.7180685914282905f,0.2811000184948302f,0f,0f,0f,1f],start_interpolation:0}
execute if entity @s[tag=aj.ecual.bone.ear_edge_a1] run data modify entity @s {} merge value {transformation:[0.5989169410094123f,-0.43192702895967855f,-0.6743423013766771f,-0.38399391783960724f,0.4412940159681643f,0.8806927006013459f,-0.17216259343480453f,2.2614150857203845f,0.6682500200094406f,-0.1944721284955078f,0.7180685914282905f,-0.14884135125407f,0f,0f,0f,1f],start_interpolation:0}
execute if entity @s[tag=aj.ecual.bone.ear_edge_a2] run data modify entity @s {} merge value {transformation:[0.6591115533316261f,-0.332918039221034f,-0.6743423013766771f,-0.3114290881889499f,0.29809026286275264f,0.9388835053446287f,-0.17216259343480453f,2.3052121046613343f,0.6904448967522218f,-0.08754051949243208f,0.7180685914282905f,-0.07019462688072335f,0f,0f,0f,1f],start_interpolation:0}
execute if entity @s[tag=aj.ecual.bone.ear_edge_b1] run data modify entity @s {} merge value {transformation:[0.5589929602091332f,-0.4824824670499824f,-0.6743423013766771f,-0.29526875351271986f,0.5163721854604506f,0.8388800912553596f,-0.17216259343480453f,2.307814711589398f,0.6487577641303636f,-0.25197393016890174f,0.7180685914282905f,-0.05439436911921093f,0f,0f,0f,1f],start_interpolation:0}
execute if entity @s[tag=aj.ecual.bone.ear_edge_b2] run data modify entity @s {} merge value {transformation:[0.6807291791764087f,-0.2861297698454665f,-0.6743423013766771f,-0.31778336480428004f,0.23187092737501833f,0.9573901579084942f,-0.17216259343480453f,2.308528013806371f,0.6948695256348935f,-0.03916427387465797f,0.7180685914282905f,-0.07536694891610776f,0f,0f,0f,1f],start_interpolation:0}
execute if entity @s[tag=aj.ecual.bone.ear_right_2] run data modify entity @s {} merge value {transformation:[0.6275877158975774f,-0.3890965425552745f,-0.6743423013766771f,-0.41181277605307326f,0.37878502867848496f,0.9093304918844642f,-0.17216259343480453f,2.3842585554847826f,0.6801878864721872f,-0.14738363918932798f,0.7180685914282905f,-0.101993991721303f,0f,0f,0f,1f],start_interpolation:0}
execute if entity @s[tag=aj.ecual.bone.ear_right_1] run data modify entity @s {} merge value {transformation:[0.6275877158975774f,-0.3890965425552745f,-0.6743423013766771f,-0.3242660539781366f,0.37878502867848496f,0.9093304918844642f,-0.17216259343480453f,2.1796591948107786f,0.6801878864721872f,-0.14738363918932798f,0.7180685914282905f,-0.06883267290370426f,0f,0f,0f,1f],start_interpolation:0}
execute if entity @s[tag=aj.ecual.bone.ear_edge_a3] run data modify entity @s {} merge value {transformation:[0.7007773301325836f,0.34044336998596725f,-0.6269046541579077f,-0.05742512093959384f,-0.016946655744171403f,0.8864772310304472f,0.4624618143411193f,2.3185785862990382f,0.7131787605021175f,-0.3134588181838073f,0.62699252377638f,0.08781431007886445f,0f,0f,0f,1f],start_interpolation:0}
execute if entity @s[tag=aj.ecual.bone.ear_edge_a4] run data modify entity @s {} merge value {transformation:[0.7454066747855908f,0.22662622041644453f,-0.6269046541579077f,-0.14100099852944764f,0.12193757711599545f,0.8782142663173954f,0.4624618143411193f,2.3133833063224785f,0.6553625839733067f,-0.4211653578540813f,0.62699252377638f,0.008082118486942569f,0f,0f,0f,1f],start_interpolation:0}
execute if entity @s[tag=aj.ecual.bone.ear_edge_b3] run data modify entity @s {} merge value {transformation:[0.6282943876080989f,0.653688173184432f,-0.42182690139317147f,-0.19631432083461642f,-0.045086996328702465f,0.5718947657214357f,0.8190870159528107f,2.333940650566077f,0.7766680920845274f,-0.49560886713135444f,0.3887911078697093f,0.033000051638878966f,0f,0f,0f,1f],start_interpolation:0}
execute if entity @s[tag=aj.ecual.bone.ear_edge_b4] run data modify entity @s {} merge value {transformation:[0.7995442260222587f,0.427540753490826f,-0.42182690139317147f,-0.1691431371799359f,0.13384491994341463f,0.5578368916653516f,0.8190870159528107f,2.3423532042209f,0.5855036874690104f,-0.7113556820618191f,0.3887911078697093f,0.04475680904933657f,0f,0f,0f,1f],start_interpolation:0}
execute if entity @s[tag=aj.ecual.bone.ear_left_2] run data modify entity @s {} merge value {transformation:[0.7228184007771138f,0.5473532906259462f,-0.42182690139317147f,-0.08744694539861819f,0.044932151148625754f,0.5719069523014013f,0.8190870159528107f,2.4326783974486523f,0.6895757110652702f,-0.6110047570602634f,0.3887911078697093f,0.023479209371522702f,0f,0f,0f,1f],start_interpolation:0}
execute if entity @s[tag=aj.ecual.bone.ear_left_1] run data modify entity @s {} merge value {transformation:[0.7228184007771138f,0.29073031161743357f,-0.6269046541579077f,-0.15286126551254064f,0.044932151148625754f,0.8854999559963159f,0.4624618143411193f,2.2334409073494816f,0.6895757110652702f,-0.36244408373893044f,0.62699252377638f,0.10502912821278193f,0f,0f,0f,1f],start_interpolation:0}
execute if entity @s[tag=aj.ecual.bone.head] run data modify entity @s {} merge value {transformation:[0.6856191538623839f,-0.2742058285869134f,-0.6743423013766771f,-0.07695997567652431f,0.21512685015481303f,0.96129104841576f,-0.17216259343480453f,1.7192684698118907f,0.6954472044659448f,-0.02703116358378789f,0.7180685914282905f,0.009512055509096042f,0f,0f,0f,1f],start_interpolation:0}
execute if entity @s[tag=aj.ecual.bone.body_1] run data modify entity @s {} merge value {transformation:[0.7069087786440851f,-0.21340674602724008f,-0.6743423013766771f,0.003067554083690715f,0.13052619222005157f,0.9763825861650424f,-0.17216259343480453f,1.353125f,0.6951567390311787f,0.033683915801591746f,0.7180685914282905f,-0.0031194129165008637f,0f,0f,0f,1f],start_interpolation:0}
execute if entity @s[tag=aj.ecual.bone.leg_left_2] run data modify entity @s {} merge value {transformation:[0.7532515093973667f,0.2143761079361444f,-0.621815927696243f,-0.07574357192823464f,-0.11716296486756245f,0.9740061008382124f,0.19386839658228017f,0.7375824262983484f,0.6472132594856438f,-0.07317786465928411f,0.7587885060211945f,-0.19358299714839522f,0f,0f,0f,1f],start_interpolation:0}
execute if entity @s[tag=aj.ecual.bone.leg_left_1] run data modify entity @s {} merge value {transformation:[0.7010692705983687f,0.049727240683102705f,-0.7113572093939278f,-0.06546209468298202f,-0.18223552549214744f,0.9769344031114299f,-0.1113076154893057f,1.086875f,0.6894143101729704f,0.20766890366966123f,0.6939607592489424f,-0.11170844488988423f,0f,0f,0f,1f],start_interpolation:0}
execute if entity @s[tag=aj.ecual.bone.leg_right_2] run data modify entity @s {} merge value {transformation:[0.7060697152984731f,0.2874024653544962f,-0.6471980995386892f,0.30307724029987587f,0.13917310096006547f,0.8397949503807893f,0.5247621263811701f,0.9846001322946631f,0.6943316247352507f,-0.4605912116216346f,0.5529550891975062f,-0.10566528073011995f,0f,0f,0f,1f],start_interpolation:0}
execute if entity @s[tag=aj.ecual.bone.leg_right_1] run data modify entity @s {} merge value {transformation:[0.7060697152984731f,-0.7081210027717869f,-0.00549568665522103f,0.07335009089818671f,0.13917310096006547f,0.14637094010114848f,-0.9793908289661821f,1.105625f,0.6943316247352507f,0.6907533520203758f,0.2018994838158884f,0.10368709739031058f,0f,0f,0f,1f],start_interpolation:0}
execute if entity @s[tag=aj.ecual.bone.skirt_forward_right] run data modify entity @s {} merge value {transformation:[0.6516857665782265f,-0.4101596235086262f,-0.6380240942806247f,-0.002117026012907441f,0.1580131164351957f,0.8961369145000617f,-0.414693242656239f,1.28f,0.7418473675047899f,0.16943350823721706f,0.648810272431504f,0.01106667636920287f,0f,0f,0f,1f],start_interpolation:0}
execute if entity @s[tag=aj.ecual.bone.skirt_forward_left] run data modify entity @s {} merge value {transformation:[0.7526671591435901f,-0.1625343122669991f,-0.6380240942806247f,-0.002117026012907441f,-0.1580131164351957f,0.8961369145000617f,-0.414693242656239f,1.28f,0.639158824222239f,0.41294216036413955f,0.648810272431504f,0.01106667636920287f,0f,0f,0f,1f],start_interpolation:0}
execute if entity @s[tag=aj.ecual.bone.skirt_forward] run data modify entity @s {} merge value {transformation:[0.7130086666287688f,-0.2907643314260778f,-0.6380240942806247f,-0.002117026012907441f,0f,0.9099612708765432f,-0.414693242656239f,1.28f,0.7011552191293062f,0.2956798760062855f,0.648810272431504f,0.01106667636920287f,0f,0f,0f,1f],start_interpolation:0}
execute if entity @s[tag=aj.ecual.bone.skirt_back_right] run data modify entity @s {} merge value {transformation:[0.7180685914282905f,-0.033683915801591774f,-0.6951567390311787f,0.004456304166429805f,0.17216259343480453f,0.9763825861650423f,0.13052619222005157f,1.271875f,0.6743423013766771f,-0.21340674602724008f,0.7069087786440851f,0.004382220119558164f,0f,0f,0f,1f],start_interpolation:0}
execute if entity @s[tag=aj.ecual.bone.skirt_back_left] run data modify entity @s {} merge value {transformation:[0.6862843342935261f,0.21394139544003532f,-0.6951567390311787f,0.004456304166429805f,-0.17216259343480453f,0.9763825861650423f,0.13052619222005157f,1.271875f,0.7066638903503518f,0.0301019060996824f,0.7069087786440851f,0.004382220119558164f,0f,0f,0f,1f],start_interpolation:0}
execute if entity @s[tag=aj.ecual.bone.skirt_back] run data modify entity @s {} merge value {transformation:[0.7130086666287688f,0.0915191209081642f,-0.6951567390311787f,0.004456304166429805f,0f,0.9914448613738104f,0.13052619222005157f,1.271875f,0.7011552191293062f,-0.09306630627494936f,0.7069087786440851f,0.004382220119558164f,0f,0f,0f,1f],start_interpolation:0}
execute if entity @s[tag=aj.ecual.bone.skirt_right] run data modify entity @s {} merge value {transformation:[0.6887134854646604f,-0.24494769489142618f,-0.6824033716992436f,0.15793950374420734f,0.25881904510252074f,0.9622501868990583f,-0.08418598282936919f,1.3406250000000002f,0.6772639343943678f,-0.11863896737625582f,0.7261118086001338f,0.12463397924335692f,0f,0f,0f,1f],start_interpolation:0}
execute if entity @s[tag=aj.ecual.bone.skirt_left] run data modify entity @s {} merge value {transformation:[0.6887134854646604f,0.12272828708220276f,-0.7145708519726982f,-0.11835135457444057f,-0.25881904510252074f,0.9622501868990583f,-0.08418598282936919f,1.3406250000000002f,0.6772639343943678f,0.2429245672273513f,0.6944790981779551f,-0.14706366816924923f,0f,0f,0f,1f],start_interpolation:0}
execute if entity @s[tag=aj.ecual.bone.coat_downer] run data modify entity @s {} merge value {transformation:[0.7130086666287688f,-0.06110970390461171f,-0.6984871118359709f,0.0055703802080372565f,0f,0.9961946980917455f,-0.08715574274765818f,1.1671875f,0.7011552191293062f,0.06214279992554775f,0.7102954533890444f,0.005477775149447705f,0f,0f,0f,1f],start_interpolation:0}
execute if entity @s[tag=aj.ecual.bone.body_2] run data modify entity @s {} merge value {transformation:[0.7130086666287688f,0f,-0.7011552191293062f,0f,0f,1f,0f,1.390625f,0.7011552191293062f,0f,0.7130086666287688f,0f,0f,0f,0f,1f],start_interpolation:0}
execute if entity @s[tag=aj.ecual.bone.book_left] run data modify entity @s {} merge value {transformation:[-0.0732856042366257f,0.7932552286306426f,0.6044628710366085f,-0.9373376248975392f,0.20185462742074683f,0.605346478711893f,-0.7699417835784361f,0.5298238766698269f,-0.9766698160588891f,0.06558797878619849f,-0.20448542108971243f,-0.9862051063610844f,0f,0f,0f,1f],start_interpolation:0}
execute if entity @s[tag=aj.ecual.bone.book_right] run data modify entity @s {} merge value {transformation:[0.18903773404694404f,0.7932552286306426f,0.5788012416681081f,-0.9317800060552119f,-0.14244903753664795f,0.605346478711893f,-0.7831116857868963f,0.5326761233301731f,-0.971582732870073f,0.06558797878619849f,0.2274317704883416f,-1.0797467551694733f,0f,0f,0f,1f],start_interpolation:0}
execute if entity @s[tag=aj.ecual.bone.book_loot_1] run data modify entity @s {} merge value {transformation:[0.05928126765149144f,0.7932552286306426f,0.6059965953334879f,-1.0254583047763988f,0.03042396437702588f,0.605346478711893f,-0.7953804266529931f,0.650557063997949f,-0.997777587289481f,0.06558797878619849f,0.011751737808659457f,-1.0347386914365777f,0f,0f,0f,1f],start_interpolation:0}
execute if entity @s[tag=aj.ecual.bone.book_left2] run data modify entity @s {} merge value {transformation:[-0.9787510936595403f,-0.18602616164261282f,0.0862587030088566f,0.9414474556389791f,-0.2013636754618549f,0.7925386745691951f,-0.5756171640218837f,0.5278748033324049f,0.038716493445900224f,-0.5807552982940576f,-0.8131570061424997f,0.722138188219711f,0f,0f,0f,1f],start_interpolation:0}
execute if entity @s[tag=aj.ecual.bone.book_right2] run data modify entity @s {} merge value {transformation:[-0.923504240879889f,-0.18602616164261282f,-0.33546115164259493f,1.0327806354904274f,0.060768858189639605f,0.7925386745691951f,-0.6067862846063932f,0.534625196667595f,0.37874405995498733f,-0.5807552982940576f,-0.7206082295895551f,0.7020946119908238f,0f,0f,0f,1f],start_interpolation:0}
execute if entity @s[tag=aj.ecual.bone.book_loot_2] run data modify entity @s {} merge value {transformation:[-0.9742205850821155f,-0.18602616164261282f,-0.12762648152627598f,1.0062580177936447f,-0.07200419557536095f,0.7925386745691951f,-0.6055558150423861f,0.6220833722563579f,0.21379814644146367f,-0.5807552982940576f,-0.785502155364054f,0.8299417234098755f,0f,0f,0f,1f],start_interpolation:0}
execute if entity @s[tag=aj.ecual.bone.air_staff_povit_1] run data modify entity @s {} merge value {transformation:[0.000011140760416074514f,0f,-0.000010955550298895412f,0.48719035320279114f,0f,0.000015625f,0f,1.5567475f,0.000010955550298895412f,0f,0.000011140760416074514f,-0.4851328705132128f,0f,0f,0f,1f],start_interpolation:0}