execute if entity @s[tag=aj.ecual.bone.wing_right_1] run data modify entity @s {} merge value {transformation:[-0.7714665776072667f,-0.17051710979986112f,-0.20665836383964192f,0.056916656284271644f,-0.16372185314021437f,0.7986579160404699f,-0.04780305842383405f,1.288313584439299f,0.2120823398675849f,-0.0037273121469117037f,-0.7886391016839669f,-0.37006591062058913f,0f,0f,0f,1f],start_interpolation:0}
execute if entity @s[tag=aj.ecual.bone.wing_right_2] run data modify entity @s {} merge value {transformation:[-0.7621187793532112f,0.13488020589710328f,-0.20244084621026148f,0.056916656284271644f,0.1512233960374079f,0.7841802541917827f,-0.04682748580293948f,1.288313584439299f,0.19054251664152289f,-0.08287737322614794f,-0.7725444261393962f,-0.37006591062058913f,0f,0f,0f,1f],start_interpolation:0}
execute if entity @s[tag=aj.ecual.bone.wing_left_1] run data modify entity @s {} merge value {transformation:[-0.7322124088132584f,0.09462206583043496f,0.34907892729626483f,-0.004823131009920045f,0.09424381062047728f,0.8109087695035093f,-0.022125011784864947f,1.285460874781504f,-0.34918123801839884f,0.02044692262247867f,-0.7379693969370636f,-0.37569507541343417f,0f,0f,0f,1f],start_interpolation:0}
execute if entity @s[tag=aj.ecual.bone.wing_left_2] run data modify entity @s {} merge value {transformation:[-0.6981417353954182f,-0.18885175629089984f,0.34195486755552473f,-0.004823131009920045f,-0.21869527204939654f,0.7692220994014186f,-0.021673480932112604f,1.285460874781504f,-0.32368270772828495f,-0.1123938429733442f,-0.7229087969995726f,-0.37569507541343417f,0f,0f,0f,1f],start_interpolation:0}
execute if entity @s[tag=aj.ecual.bone.staff] run data modify entity @s {} merge value {transformation:[0.688088331338816f,-0.39682081643031675f,1.345538530820631f,-0.7529154574273527f,1.3840283700415315f,-0.0525344726712296f,-0.723264716477542f,1.094676278631047f,0.22892393757653948f,1.5103574473708974f,0.3283602624796736f,-0.08904811898784581f,0f,0f,0f,1f],start_interpolation:0}
execute if entity @s[tag=aj.ecual.bone.arm_right_2] run data modify entity @s {} merge value {transformation:[-0.8075677012583247f,-0.570759546564011f,0.14855284544696493f,-0.5705734696834068f,-0.5795738967256197f,0.7213680910224716f,-0.37910707654813847f,1.2417664374543387f,0.10921770057378993f,-0.39225198184412f,-0.913350905523575f,-0.13197395274882812f,0f,0f,0f,1f],start_interpolation:0}
execute if entity @s[tag=aj.ecual.bone.arm_right_1] run data modify entity @s {} merge value {transformation:[-0.7080573441662797f,-0.570759546564011f,0.4157984335928156f,-0.311299652476951f,-0.6742835706099686f,0.7213680910224716f,-0.15801817509409138f,1.487002530421735f,-0.20975334032540727f,-0.39225198184412f,-0.8956237597125785f,-0.06460148017448973f,0f,0f,0f,1f],start_interpolation:0}
execute if entity @s[tag=aj.ecual.bone.arm_left_2] run data modify entity @s {} merge value {transformation:[0.27479495837761936f,0.9067231056304487f,0.319907706324991f,0.46448433412378687f,0.523272911821024f,0.138099342323384f,-0.8409007262478705f,1.339848354083112f,-0.8066431618780325f,0.39847431707165654f,-0.4365146366729158f,0.21372683498374972f,0f,0f,0f,1f],start_interpolation:0}
execute if entity @s[tag=aj.ecual.bone.arm_left_1] run data modify entity @s {} merge value {transformation:[-0.48371090374416914f,0.7766176338840969f,0.40359486163635216f,0.28209552855895526f,0.5423407175469769f,0.6278935902028697f,-0.5582259269084349f,1.512795143121005f,-0.6869427251886651f,-0.05113404074017347f,-0.7249103407925375f,-0.005396906841769269f,0f,0f,0f,1f],start_interpolation:0}
execute if entity @s[tag=aj.ecual.bone.himo_right_2] run data modify entity @s {} merge value {transformation:[-0.9721909502787782f,-0.187395518770305f,0.14045524461854192f,-0.161347013674765f,-0.23392316019252662f,0.7484505363629479f,-0.6205656691628674f,1.1920090286507217f,0.011167422334080267f,-0.6361640623006175f,-0.7714729901400234f,0.21812038900640224f,0f,0f,0f,1f],start_interpolation:0}
execute if entity @s[tag=aj.ecual.bone.himo_right_1] run data modify entity @s {} merge value {transformation:[-0.9879757960075889f,-0.11752135716901226f,0.10046171963650898f,-0.18275438239622663f,-0.14268918458242788f,0.9432678779185408f,-0.29980911775704033f,1.3669979487744666f,-0.05952833868312561f,-0.3105389526230267f,-0.9486948591604262f,0.1539649925198321f,0f,0f,0f,1f],start_interpolation:0}
execute if entity @s[tag=aj.ecual.bone.himo_left_2] run data modify entity @s {} merge value {transformation:[-0.9652765390098681f,-0.20192504764308247f,0.1657331541106653f,0.1596235359547158f,-0.2597685189338651f,0.8089820420587063f,-0.5273218867043469f,1.1972658134634624f,-0.027595648353260928f,-0.5520637017236911f,-0.8333451562414572f,0.1999646003358736f,0f,0f,0f,1f],start_interpolation:0}
execute if entity @s[tag=aj.ecual.bone.himo_left_1] run data modify entity @s {} merge value {transformation:[-0.9808776134401328f,-0.17108095107060473f,0.09279232529022444f,0.12812580966204132f,-0.17582516597392778f,0.983366528165875f,-0.045560753870346415f,1.3813622827828742f,-0.08345428965745393f,-0.06100474951813899f,-0.9946425499012191f,0.18230969386433993f,0f,0f,0f,1f],start_interpolation:0}
execute if entity @s[tag=aj.ecual.bone.ponpon1] run data modify entity @s {} merge value {transformation:[-0.9998706043712225f,-0.01043114429078847f,0.012246050102410658f,0.27157733914932636f,-0.009891989441723818f,0.9990135286594151f,0.04329108569150569f,2.063006163178513f,-0.012685545286302224f,0.04316434621593642f,-0.9989874454449067f,0.007476799842092395f,0f,0f,0f,1f],start_interpolation:0}
execute if entity @s[tag=aj.ecual.bone.ponpon2] run data modify entity @s {} merge value {transformation:[-0.9998706043712225f,-0.01043114429078847f,0.012246050102410658f,0.31152444704669674f,-0.009891989441723818f,0.9990135286594151f,0.04329108569150569f,1.9425589609837297f,-0.012685545286302224f,0.04316434621593642f,-0.9989874454449067f,-0.09109810849712333f,0f,0f,0f,1f],start_interpolation:0}
execute if entity @s[tag=aj.ecual.bone.ponpon3] run data modify entity @s {} merge value {transformation:[-0.9998706043712225f,-0.01043114429078847f,0.012246050102410658f,-0.3158466409187669f,-0.009891989441723818f,0.9990135286594151f,0.04329108569150569f,2.0571946193815007f,-0.012685545286302224f,0.04316434621593642f,-0.9989874454449067f,0.000024041986389840286f,0f,0f,0f,1f],start_interpolation:0}
execute if entity @s[tag=aj.ecual.bone.ponpon4] run data modify entity @s {} merge value {transformation:[-0.9998706043712225f,-0.01043114429078847f,0.012246050102410658f,-0.35088982834923815f,-0.009891989441723818f,0.9990135286594151f,0.04329108569150569f,1.9360055179785878f,-0.012685545286302224f,0.04316434621593642f,-0.9989874454449067f,-0.09950228224929855f,0f,0f,0f,1f],start_interpolation:0}
execute if entity @s[tag=aj.ecual.bone.ear_edge_a1] run data modify entity @s {} merge value {transformation:[-0.9893496337589425f,0.14386193376028628f,0.022159562175217987f,0.1716760356171202f,0.14552134348796772f,0.9741238123434451f,0.17293448706064868f,2.1640446548110663f,0.0032925325364032126f,0.17431736069658632f,-0.9846840188554263f,0.0027566442501004568f,0f,0f,0f,1f],start_interpolation:0}
execute if entity @s[tag=aj.ecual.bone.ear_edge_a2] run data modify entity @s {} merge value {transformation:[-0.9996740626832207f,-0.012677626064323738f,0.022159562175217987f,0.05640080945371833f,-0.008656803196091203f,0.9848952852681827f,0.17293448706064868f,2.172972687594767f,-0.024017247070559862f,0.17268629028929522f,-0.9846840188554263f,0.001730443202687483f,0f,0f,0f,1f],start_interpolation:0}
execute if entity @s[tag=aj.ecual.bone.ear_edge_b1] run data modify entity @s {} merge value {transformation:[-0.9735138010372191f,0.2265913606617379f,0.030450524848155042f,0.034231369577359116f,0.22581821420890694f,0.9321641401772011f,0.28297729573094765f,2.1682412165959f,0.035735323163029534f,0.28235858591720253f,-0.9586431117142982f,-0.013814666179126259f,0f,0f,0f,1f],start_interpolation:0}
execute if entity @s[tag=aj.ecual.bone.ear_edge_b2] run data modify entity @s {} merge value {transformation:[-0.9958872254027307f,-0.08533111868552085f,0.030450524848155042f,0.06316517113407644f,-0.07328867674015008f,0.9563224456021505f,0.28297729573094765f,2.1780197004996857f,-0.05326728959998189f,0.27958179522529725f,-0.9586431117142982f,-0.0100091432163915f,0f,0f,0f,1f],start_interpolation:0}
execute if entity @s[tag=aj.ecual.bone.ear_right_2] run data modify entity @s {} merge value {transformation:[-0.9969749289807729f,0.07151053433064716f,0.030450524848155042f,0.12022918785050199f,0.07721541866984541f,0.9560134043100237f,0.28297729573094765f,2.287686585245866f,-0.008875252301950003f,0.28447251933939965f,-0.9586431117142982f,-0.008422663621340774f,0f,0f,0f,1f],start_interpolation:0}
execute if entity @s[tag=aj.ecual.bone.ear_right_1] run data modify entity @s {} merge value {transformation:[-0.9969749289807729f,0.07449795156905606f,0.022159562175217987f,0.1034671487474644f,0.07721541866984541f,0.9819019514720965f,0.17293448706064868f,2.0667586461646446f,-0.008875252301950003f,0.17412240782651664f,-0.9846840188554263f,-0.047600205382306957f,0f,0f,0f,1f],start_interpolation:0}
execute if entity @s[tag=aj.ecual.bone.ear_edge_a3] run data modify entity @s {} merge value {transformation:[-0.9859287475643833f,-0.16671694269934184f,0.012246050102410658f,-0.21819354121596307f,-0.16605034956066977f,0.9851665662772111f,0.04329108569150569f,2.1657835026168075f,-0.019281756582473643f,0.040648464996285945f,-0.9989874454449067f,-0.01597035781508431f,0f,0f,0f,1f],start_interpolation:0}
execute if entity @s[tag=aj.ecual.bone.ear_edge_a4] run data modify entity @s {} merge value {transformation:[-0.9998706043712225f,-0.010431144290788466f,0.012246050102410658f,-0.10312855231974716f,-0.009891989441723814f,0.9990135286594152f,0.04329108569150569f,2.1769903532449506f,-0.012685545286302224f,0.04316434621593643f,-0.9989874454449067f,-0.014074189491279594f,0f,0f,0f,1f],start_interpolation:0}
execute if entity @s[tag=aj.ecual.bone.ear_edge_b3] run data modify entity @s {} merge value {transformation:[-0.9676466520502938f,-0.2520118866893919f,0.012246050102410658f,-0.08074990089257751f,-0.2512814016626706f,0.9669454685131396f,0.04329108569150569f,2.1728958817481194f,-0.022751130835659345f,0.03881326949844293f,-0.9989874454449067f,-0.013977295410566044f,0f,0f,0f,1f],start_interpolation:0}
execute if entity @s[tag=aj.ecual.bone.ear_edge_b4] run data modify entity @s {} merge value {transformation:[-0.9981626096751368f,0.05934171301378027f,0.012246050102410658f,-0.1099578809231038f,0.05981976792934303f,0.997270012215614f,0.04329108569150569f,2.1825992640158547f,-0.009643651352063767f,0.043944098944680716f,-0.9989874454449067f,-0.01391484460931685f,0f,0f,0f,1f],start_interpolation:0}
execute if entity @s[tag=aj.ecual.bone.ear_left_2] run data modify entity @s {} merge value {transformation:[-0.9951566607240295f,-0.09753591581303724f,0.012246050102410658f,-0.16844608340327458f,-0.09692411354069501f,0.99434983688539f,0.04329108569150569f,2.2880143621034263f,-0.01639929361128402f,0.04189447472532564f,-0.9989874454449067f,-0.04134533489068426f,0f,0f,0f,1f],start_interpolation:0}
execute if entity @s[tag=aj.ecual.bone.ear_left_1] run data modify entity @s {} merge value {transformation:[-0.9951566607240295f,-0.09753591581303724f,0.012246050102410658f,-0.14650050234534123f,-0.09692411354069501f,0.99434983688539f,0.04329108569150569f,2.064285648804214f,-0.01639929361128402f,0.04189447472532564f,-0.9989874454449067f,-0.05077159170388251f,0f,0f,0f,1f],start_interpolation:0}
execute if entity @s[tag=aj.ecual.bone.head] run data modify entity @s {} merge value {transformation:[-0.9998706043712225f,-0.01043114429078847f,0.012246050102410658f,-0.016553404415609665f,-0.009891989441723818f,0.9990135286594151f,0.04329108569150569f,1.5521748676186191f,-0.012685545286302224f,0.04316434621593642f,-0.9989874454449067f,-0.04008926830860882f,0f,0f,0f,1f],start_interpolation:0}
execute if entity @s[tag=aj.ecual.bone.body_1] run data modify entity @s {} merge value {transformation:[-0.9948166145864574f,-0.041587109901663484f,0.09279232529022444f,-0.0009582382024858584f,-0.04596586882690464f,0.9979034806080965f,-0.045560753870346415f,1.177961062390583f,-0.09070304430242492f,-0.049589874775738674f,-0.9946425499012191f,-0.02149306526770682f,0f,0f,0f,1f],start_interpolation:0}
execute if entity @s[tag=aj.ecual.bone.leg_left_2] run data modify entity @s {} merge value {transformation:[-0.9887322598006927f,-0.06395819406875039f,0.13534351791230886f,0.11027648499746774f,-0.13790759468676272f,0.740841164014649f,-0.6573704169105358f,0.8514194786112752f,-0.05822382465217299f,-0.6686282368498089f,-0.7413138789541102f,0.3846053919302994f,0f,0f,0f,1f],start_interpolation:0}
execute if entity @s[tag=aj.ecual.bone.leg_left_1] run data modify entity @s {} merge value {transformation:[-0.9887322598006927f,0.03318086316554958f,0.14597105449028067f,0.12491692228331305f,-0.13790759468676272f,0.17737272718369895f,-0.9744333794462958f,0.8858133600047181f,-0.05822382465217299f,-0.983584234303807f,-0.170798244346559f,0.054523158208499414f,0f,0f,0f,1f],start_interpolation:0}
execute if entity @s[tag=aj.ecual.bone.leg_right_2] run data modify entity @s {} merge value {transformation:[-0.9745508192476052f,0.20298106802528565f,0.09512826460698079f,-0.17673053307595954f,0.15791084168634512f,0.9228271863321039f,-0.35136042782914867f,0.8916709202107971f,-0.15910646367049783f,-0.3273968084598362f,-0.9313949017621805f,0.34152159070801014f,0f,0f,0f,1f],start_interpolation:0}
execute if entity @s[tag=aj.ecual.bone.leg_right_1] run data modify entity @s {} merge value {transformation:[-0.9745508192476052f,0.18586537721945273f,-0.12531864288641148f,-0.1217282408490702f,0.15791084168634512f,0.17241977632206962f,-0.9722836966703482f,0.8924714256888531f,-0.15910646367049783f,-0.9673290455083616f,-0.1973819924262356f,0.005418837729077398f,0f,0f,0f,1f],start_interpolation:0}
execute if entity @s[tag=aj.ecual.bone.skirt_forward_right] run data modify entity @s {} merge value {transformation:[-0.9808950261652826f,0.17336113639049797f,0.08826587128445873f,0.00017027874221930495f,0.0747297045313167f,0.7546929246577933f,-0.6518083006008196f,1.0709294330217365f,-0.17961185624805387f,-0.6327594375913026f,-0.753229762578635f,-0.004283090815216215f,0f,0f,0f,1f],start_interpolation:0}
execute if entity @s[tag=aj.ecual.bone.skirt_forward_left] run data modify entity @s {} merge value {transformation:[-0.9918527346333329f,-0.0767431987958786f,0.10167907473494914f,0.0010222822056182648f,-0.12663570630389392f,0.6807002489446677f,-0.7215334843065713f,1.0333889449161995f,-0.013840183860521202f,-0.7285311609843765f,-0.6848728325648955f,-0.0028988266979385587f,0f,0f,0f,1f],start_interpolation:0}
execute if entity @s[tag=aj.ecual.bone.skirt_forward] run data modify entity @s {} merge value {transformation:[-0.9948852617305657f,0.04197513265987627f,0.0918771148300246f,0.00017027874221930495f,-0.02617694830787306f,0.7713601669147468f,-0.6358602521580828f,1.0709294330217365f,-0.09756066506841105f,-0.6350130558779399f,-0.7663160806716572f,-0.004283090815216215f,0f,0f,0f,1f],start_interpolation:0}
execute if entity @s[tag=aj.ecual.bone.skirt_back_right] run data modify entity @s {} merge value {transformation:[-0.9913369672300034f,0.08539645966121533f,0.0997920942788036f,-0.0006248283667692402f,0.058676614057786645f,0.9676943174504365f,-0.24520351330445375f,1.0958669036965762f,-0.1175077544927685f,-0.23722384503136332f,-0.9643219249724664f,-0.0028659883041931636f,0f,0f,0f,1f],start_interpolation:0}
execute if entity @s[tag=aj.ecual.bone.skirt_back_left] run data modify entity @s {} merge value {transformation:[-0.9908618786612129f,-0.08800656392916069f,0.10221341458612124f,-0.0006248283667692402f,-0.1108312882908363f,0.9631318194825217f,-0.24513980467496696f,1.0958669036965762f,-0.0768710800741428f,-0.25422813181406567f,-0.9640844849091624f,-0.0028659883041931636f,0f,0f,0f,1f],start_interpolation:0}
execute if entity @s[tag=aj.ecual.bone.skirt_back] run data modify entity @s {} merge value {transformation:[-0.9948852617305657f,-0.002725515002298667f,0.10097468771566459f,-0.0006248283667692402f,-0.02617694830787306f,0.9724425322115539f,-0.23166848927566325f,1.0958669036965762f,-0.09756066506841105f,-0.23312677476847954f,-0.9675400888425534f,-0.0028659883041931636f,0f,0f,0f,1f],start_interpolation:0}
execute if entity @s[tag=aj.ecual.bone.skirt_right] run data modify entity @s {} merge value {transformation:[-0.9839537848367627f,0.15215932055980766f,0.09317988233619608f,-0.19377031627417085f,0.1072632812218581f,0.921784439750646f,-0.37256950376420855f,1.1055884257634054f,-0.14258168818936826f,-0.3565963934203005f,-0.9233143962880165f,-0.021796573601957407f,0f,0f,0f,1f],start_interpolation:0}
execute if entity @s[tag=aj.ecual.bone.skirt_left] run data modify entity @s {} merge value {transformation:[-0.9873059543136559f,-0.11058332778418836f,0.1140100004077529f,0.19293454794152526f,-0.1493256490152373f,0.8908468862063157f,-0.42906138941029137f,1.1141511355591123f,-0.054118417594929906f,-0.44063948183598606f,-0.8960513623249141f,0.004329574049859312f,0f,0f,0f,1f],start_interpolation:0}
execute if entity @s[tag=aj.ecual.bone.coat_downer] run data modify entity @s {} merge value {transformation:[-0.9948852617305657f,0.015895425142597355f,0.09975295209085205f,-0.009368084972412934f,-0.02617694830787306f,0.9132324084305736f,-0.40659726458669276f,0.9671750094287752f,-0.09756066506841105f,-0.4071288538677039f,-0.9081453699599967f,0.04074583206819034f,0f,0f,0f,1f],start_interpolation:0}
execute if entity @s[tag=aj.ecual.bone.body_2] run data modify entity @s {} merge value {transformation:[-0.9948852617305657f,0.007140895620219939f,0.10075873957649958f,3.848889940177386e-18f,-0.02617694830787306f,0.9451945699983122f,-0.3254565903818706f,1.1785714285714284f,-0.09756066506841105f,-0.3264295214214653f,-0.940173220303558f,-0.03142857142857135f,0f,0f,0f,1f],start_interpolation:0}
execute if entity @s[tag=aj.ecual.bone.book_left] run data modify entity @s {} merge value {transformation:[0.076648578350694f,-0.22757827627289876f,-0.970738442426936f,0.0206903753859507f,0.004545579370544069f,0.973672256994288f,-0.22790716019430995f,1.3715718813823201f,0.9970478088562271f,0.013056191186747775f,0.0756650693959338f,0.3574374539592136f,0f,0f,0f,1f],start_interpolation:0}
execute if entity @s[tag=aj.ecual.bone.book_right] run data modify entity @s {} merge value {transformation:[0.076648578350694f,-0.22757827627289876f,-0.970738442426936f,0.027876179606328266f,0.004545579370544069f,0.973672256994288f,-0.22790716019430995f,1.3719980294483087f,0.9970478088562271f,0.013056191186747775f,0.0756650693959338f,0.4509106860394849f,0f,0f,0f,1f],start_interpolation:0}
execute if entity @s[tag=aj.ecual.bone.book_loot_1] run data modify entity @s {} merge value {transformation:[0.076648578350694f,-0.22757827627289876f,-0.970738442426936f,0.1698940438601799f,0.004545579370544069f,0.973672256994288f,-0.22790716019430995f,1.405971029444461f,0.9970478088562271f,0.013056191186747775f,0.0756650693959338f,0.3928243095899592f,0f,0f,0f,1f],start_interpolation:0}
execute if entity @s[tag=aj.ecual.bone.book_left2] run data modify entity @s {} merge value {transformation:[-0.7589185598089665f,-0.5651864765610148f,-0.32342984755589455f,0.5506562568797551f,-0.5153205020127881f,0.8249068129649748f,-0.23232203969760631f,2.149831775662744f,0.3981047598092391f,-0.009643476370765736f,-0.9172892693042445f,-0.4736792719872853f,0f,0f,0f,1f],start_interpolation:0}
execute if entity @s[tag=aj.ecual.bone.book_right2] run data modify entity @s {} merge value {transformation:[-0.198426029374632f,-0.5651864765610148f,-0.8007442522923052f,0.6008001887069445f,-0.12458698918042577f,0.8249068129649748f,-0.5513681456621561f,2.183348941766397f,0.9721652086932417f,-0.009643476370765736f,-0.23409786494095225f,-0.5454514683957157f,0f,0f,0f,1f],start_interpolation:0}
execute if entity @s[tag=aj.ecual.bone.book_loot_2] run data modify entity @s {} merge value {transformation:[-0.5348686061566866f,-0.5651864765610148f,-0.6280762858606814f,0.669939665672452f,-0.35751643843896735f,0.8249068129649748f,-0.4378478573316126f,2.2322675373143124f,0.7655700950232573f,-0.009643476370765736f,-0.6432802134136937f,-0.4130733381794464f,0f,0f,0f,1f],start_interpolation:0}
execute if entity @s[tag=aj.ecual.bone.air_staff_povit_1] run data modify entity @s {} merge value {transformation:[-0.00001554508221454009f,-4.07062303656508e-7f,0.0000015249079395593843f,-0.07860435499966066f,-4.090148173105166e-7f,0.000015619645702743085f,0f,1.3444480704152684f,-0.0000015243853916939229f,-3.991743630811121e-8f,-0.00001555041095199316f,0.6516609705629584f,0f,0f,0f,1f],start_interpolation:0}