execute if entity @s[tag=aj.ecual.bone.wing_right_1] run data modify entity @s {} merge value {transformation:[-0.28061857941329976f,-0.0984265602853779f,-0.7605983628452632f,-0.04440389910616249f,-0.10031610413525162f,0.8076657844710667f,-0.06750632777974208f,1.4252806397693059f,0.7603514559620645f,0.07023273645223778f,-0.2896160744697083f,-0.3049690599078695f,0f,0f,0f,1f],start_interpolation:0}
execute if entity @s[tag=aj.ecual.bone.wing_right_2] run data modify entity @s {} merge value {transformation:[-0.2908643029109277f,0.016118004883736964f,-0.7450759472769926f,-0.04440389910616249f,0.21198398616822942f,0.7685634596909023f,-0.06612864762097184f,1.4252806397693059f,0.7144653573829651f,-0.2214732903682035f,-0.2837055423376734f,-0.3049690599078695f,0f,0f,0f,1f],start_interpolation:0}
execute if entity @s[tag=aj.ecual.bone.wing_left_1] run data modify entity @s {} merge value {transformation:[-0.6958513803081403f,0.07375143946482002f,0.4210653466441605f,-0.1590965858909164f,0.0685834517910876f,0.8132611072487845f,-0.029105429413508604f,1.4215534353428665f,-0.4219379232874424f,0.010561300004836202f,-0.6991432559057782f,-0.26522021057527456f,0f,0f,0f,1f],start_interpolation:0}
execute if entity @s[tag=aj.ecual.bone.wing_left_2] run data modify entity @s {} merge value {transformation:[-0.6574102549544638f,-0.194109403315114f,0.4124721763044838f,-0.1590965858909164f,-0.24280036364300858f,0.7617316332827537f,-0.02851144105813088f,1.4215534353428665f,-0.3858234571608231f,-0.14861513516812103f,-0.6848750261934154f,-0.26522021057527456f,0f,0f,0f,1f],start_interpolation:0}
execute if entity @s[tag=aj.ecual.bone.staff] run data modify entity @s {} merge value {transformation:[-1.2281361953068575f,0.33808390695243334f,0.904868502953316f,-0.5597094731707515f,0.7238503959801085f,1.2913035689517949f,0.499981946725877f,1.6439366555269992f,-0.6396314094981864f,0.8121826239659008f,-1.1715960461316124f,0.5748346935039007f,0f,0f,0f,1f],start_interpolation:0}
execute if entity @s[tag=aj.ecual.bone.arm_right_2] run data modify entity @s {} merge value {transformation:[-0.2553266446702129f,-0.9650515833214269f,0.05902326702460559f,-0.5186171855891248f,0.05949887394133965f,-0.07661410036122794f,-0.9952839613022769f,1.6142801326273533f,0.9650223772126547f,-0.25061069640908523f,0.07698110368259109f,0.3303853196843717f,0f,0f,0f,1f],start_interpolation:0}
execute if entity @s[tag=aj.ecual.bone.arm_right_1] run data modify entity @s {} merge value {transformation:[-0.6429626242926547f,-0.7636198777614714f,0.05902326702460559f,-0.2949461948972536f,0.021086980520223893f,-0.09468461135257107f,-0.9952839613022769f,1.6086905313153932f,0.7656072119665815f,-0.6386857651933131f,0.07698110368259109f,0.08662376980448747f,0f,0f,0f,1f],start_interpolation:0}
execute if entity @s[tag=aj.ecual.bone.arm_left_2] run data modify entity @s {} merge value {transformation:[-0.9366811837426274f,-0.22731067243480163f,-0.26637983823808553f,0.5827505164713861f,0.3033456256247341f,-0.14664418861697032f,-0.9415290294830051f,1.5121219242457271f,0.17495654156632406f,-0.9627176845483357f,0.20631255032363488f,-0.22762240394348088f,0f,0f,0f,1f],start_interpolation:0}
execute if entity @s[tag=aj.ecual.bone.arm_left_1] run data modify entity @s {} merge value {transformation:[-0.8848422783206772f,-0.3822249655327666f,-0.26637983823808553f,0.2687544024284235f,0.32375303921346904f,-0.09331160828553361f,-0.9415290294830051f,1.6270092874666178f,0.3350195697214046f,-0.9193459737675707f,0.20631255032363488f,-0.10873698718817687f,0f,0f,0f,1f],start_interpolation:0}
execute if entity @s[tag=aj.ecual.bone.himo_right_2] run data modify entity @s {} merge value {transformation:[-0.9384543996933697f,0.15684778483255737f,-0.30773708273342165f,-0.09722168811054037f,0.2979750128385069f,0.8182234422500307f,-0.491651594400346f,1.352030242398198f,0.17468323165103364f,-0.5530905630596408f,-0.8146021100109677f,0.3030808946758197f,0f,0f,0f,1f],start_interpolation:0}
execute if entity @s[tag=aj.ecual.bone.himo_right_1] run data modify entity @s {} merge value {transformation:[-0.9513091072562662f,0.0497088774417508f,-0.3042038953642226f,-0.08980254793623847f,0.1438567319179518f,0.9444360846357729f,-0.29554309790576705f,1.5272648639054944f,0.2726100202361837f,-0.3249146188482942f,-0.9056016051915408f,0.23649939360931743f,0f,0f,0f,1f],start_interpolation:0}
execute if entity @s[tag=aj.ecual.bone.himo_left_2] run data modify entity @s {} merge value {transformation:[-0.9384543996933697f,0.15684778483255737f,-0.30773708273342165f,0.19790951467777224f,0.2979750128385069f,0.8182234422500307f,-0.491651594400346f,1.3616212142051218f,0.17468323165103364f,-0.5530905630596408f,-0.8146021100109677f,0.2007977758314929f,0f,0f,0f,1f],start_interpolation:0}
execute if entity @s[tag=aj.ecual.bone.himo_left_1] run data modify entity @s {} merge value {transformation:[-0.9513091072562662f,0.0497088774417508f,-0.3042038953642226f,0.20532865485207413f,0.1438567319179518f,0.9444360846357729f,-0.29554309790576705f,1.5368558357124182f,0.2726100202361837f,-0.3249146188482942f,-0.9056016051915408f,0.1342162747649906f,0f,0f,0f,1f],start_interpolation:0}
execute if entity @s[tag=aj.ecual.bone.ponpon1] run data modify entity @s {} merge value {transformation:[-0.9942983455982298f,-0.06645159137333052f,0.08339655834970072f,0.2384182994148999f,-0.06547468652886794f,0.9977503540469842f,0.014397792298274772f,2.227419186490363f,-0.08416570183019678f,0.008855337546908412f,-0.9964124234634776f,0.03359927789828106f,0f,0f,0f,1f],start_interpolation:0}
execute if entity @s[tag=aj.ecual.bone.ponpon2] run data modify entity @s {} merge value {transformation:[-0.9942983455982298f,-0.06645159137333052f,0.08339655834970072f,0.29182936364178425f,-0.06547468652886794f,0.9977503540469842f,0.014397792298274772f,2.106505486007286f,-0.08416570183019678f,0.008855337546908412f,-0.9964124234634776f,-0.05776509017615114f,0f,0f,0f,1f],start_interpolation:0}
execute if entity @s[tag=aj.ecual.bone.ponpon3] run data modify entity @s {} merge value {transformation:[-0.9942983455982298f,-0.06645159137333052f,0.08339655834970072f,-0.34573197862406013f,-0.06547468652886794f,0.9977503540469842f,0.014397792298274772f,2.1889528081546534f,-0.08416570183019678f,0.008855337546908412f,-0.9964124234634776f,-0.015848071926959556f,0f,0f,0f,1f],start_interpolation:0}
execute if entity @s[tag=aj.ecual.bone.ponpon4] run data modify entity @s {} merge value {transformation:[-0.9942983455982298f,-0.06645159137333052f,0.08339655834970072f,-0.366893290317043f,-0.06547468652886794f,0.9977503540469842f,0.014397792298274772f,2.063128506181911f,-0.08416570183019678f,0.008855337546908412f,-0.9964124234634776f,-0.1135248676386565f,0f,0f,0f,1f],start_interpolation:0}
execute if entity @s[tag=aj.ecual.bone.ear_edge_a1] run data modify entity @s {} merge value {transformation:[-0.9808395303279066f,0.17606484544495576f,0.08339655834970072f,0.14434657413545177f,0.17784784846806487f,0.9839526647010088f,0.014397792298274772f,2.321889199350298f,-0.07952332073933675f,0.02895382230773422f,-0.9964124234634776f,0.005137069042861951f,0f,0f,0f,1f],start_interpolation:0}
execute if entity @s[tag=aj.ecual.bone.ear_edge_a2] run data modify entity @s {} merge value {transformation:[-0.996306378009257f,0.02046008781751038f,0.08339655834970072f,0.02979319619794049f,0.021734137604426523f,0.9996601076563612f,0.014397792298274772f,2.334466603780309f,-0.08307363240323073f,0.016157164570931654f,-0.9964124234634776f,-0.0042689463680145485f,0f,0f,0f,1f],start_interpolation:0}
execute if entity @s[tag=aj.ecual.bone.ear_edge_b1] run data modify entity @s {} merge value {transformation:[-0.9617620774149518f,0.26088066333460047f,0.08339655834970072f,0.007450835173397952f,0.2629282090314643f,0.9647079664190829f,0.014397792298274772f,2.330633851200057f,-0.07669721860656234f,0.03577455835725249f,-0.9964124234634776f,-0.006194312958453088f,0f,0f,0f,1f],start_interpolation:0}
execute if entity @s[tag=aj.ecual.bone.ear_edge_b2] run data modify entity @s {} merge value {transformation:[-0.9953066493252547f,-0.04908857162679997f,0.08339655834970072f,0.03665537101471118f,-0.048051569715204356f,0.998741082676006f,0.014397792298274772f,2.339999005607859f,-0.08399833603613432f,0.010322882872528036f,-0.9964124234634776f,-0.0036146629412079773f,0f,0f,0f,1f],start_interpolation:0}
execute if entity @s[tag=aj.ecual.bone.ear_right_2] run data modify entity @s {} merge value {transformation:[-0.9907319172973948f,0.10721605338592125f,0.08339655834970072f,0.09897684654631703f,0.10877755182712022f,0.993961844235197f,0.014397792298274772f,2.4438946006637785f,-0.08134932247244539f,0.023336025816607403f,-0.9964124234634776f,-0.02825981554349114f,0f,0f,0f,1f],start_interpolation:0}
execute if entity @s[tag=aj.ecual.bone.ear_right_1] run data modify entity @s {} merge value {transformation:[-0.9907319172973948f,0.10721605338592125f,0.08339655834970072f,0.07485323453448478f,0.10877755182712022f,0.993961844235197f,0.014397792298274772f,2.2202531857108596f,-0.08134932247244539f,0.023336025816607403f,-0.9964124234634776f,-0.0335104213522278f,0f,0f,0f,1f],start_interpolation:0}
execute if entity @s[tag=aj.ecual.bone.ear_edge_a3] run data modify entity @s {} merge value {transformation:[-0.947757679294675f,-0.31831500925209283f,0.020759003415672272f,-0.2608363264806245f,-0.30247187619963917f,0.9174425943559595f,0.25847601468932513f,2.2837286005708552f,-0.10132198895719507f,0.238693613124118f,-0.9657946021838761f,-0.002698832613822817f,0f,0f,0f,1f],start_interpolation:0}
execute if entity @s[tag=aj.ecual.bone.ear_edge_a4] run data modify entity @s {} merge value {transformation:[-0.9858846477354837f,-0.1661340577264923f,0.020759003415672272f,-0.1489513880216552f,-0.15522830402712345f,0.9534643797537414f,0.25847601468932513f,2.3112170001260406f,-0.06273463946133964f,0.2516051497965489f,-0.9657946021838761f,0.007062778980946864f,0f,0f,0f,1f],start_interpolation:0}
execute if entity @s[tag=aj.ecual.bone.ear_edge_b3] run data modify entity @s {} merge value {transformation:[-0.9164887293600539f,-0.3991977695929363f,-0.026259278512914253f,-0.12480596822656675f,-0.37123369555659325f,0.8241513980801436f,0.4277382567948995f,2.3131040103476326f,-0.14911053698310028f,0.40176562047364095f,-0.9035211308907177f,-0.01589273626362198f,0f,0f,0f,1f],start_interpolation:0}
execute if entity @s[tag=aj.ecual.bone.ear_edge_b4] run data modify entity @s {} merge value {transformation:[-0.9949914730897367f,-0.09644904753649494f,-0.026259278512914253f,-0.15515763050896816f,-0.09838743728279242f,0.8985320783694843f,0.4277382567948995f,2.317318623779991f,-0.017660143364096645f,0.4281795013429739f,-0.9035211308907177f,-0.013015366751232233f,0f,0f,0f,1f],start_interpolation:0}
execute if entity @s[tag=aj.ecual.bone.ear_left_2] run data modify entity @s {} merge value {transformation:[-0.9676535218073022f,-0.25091255852568645f,-0.026259278512914253f,-0.23029251151378488f,-0.2377375096664665f,0.8720784713382433f,0.4277382567948995f,2.4145536164829826f,-0.08442474892773777f,0.42014524607859915f,-0.9035211308907177f,0.0006136604220923214f,0f,0f,0f,1f],start_interpolation:0}
execute if entity @s[tag=aj.ecual.bone.ear_left_1] run data modify entity @s {} merge value {transformation:[-0.9676535218073022f,-0.251427376216499f,0.020759003415672272f,-0.1737213518650727f,-0.2377375096664665f,0.9363071217970685f,0.25847601468932513f,2.2038845140786427f,-0.08442474892773777f,0.24518003214164183f,-0.9657946021838761f,-0.054551846809777f,0f,0f,0f,1f],start_interpolation:0}
execute if entity @s[tag=aj.ecual.bone.head] run data modify entity @s {} merge value {transformation:[-0.9942983455982298f,-0.06645159137333052f,0.08339655834970072f,-0.01798376053489019f,-0.06547468652886794f,0.9977503540469842f,0.014397792298274772f,1.7002718624363504f,-0.08416570183019678f,0.008855337546908412f,-0.9964124234634776f,-0.01743160634055929f,0f,0f,0f,1f],start_interpolation:0}
execute if entity @s[tag=aj.ecual.bone.body_1] run data modify entity @s {} merge value {transformation:[-0.9444198489226003f,-0.059023267024605766f,-0.32339975712847224f,0.004149964599336974f,-0.03069110978215663f,0.9952839613022769f,-0.09202115058391405f,1.3270403769479966f,0.327305980301846f,-0.07698110368259126f,-0.9417774179361372f,0.01143630754041243f,0f,0f,0f,1f],start_interpolation:0}
execute if entity @s[tag=aj.ecual.bone.leg_left_2] run data modify entity @s {} merge value {transformation:[-0.9211984680813494f,-0.2162632276019377f,-0.3234557138029369f,0.23678598028478637f,-0.22667907026578024f,0.9739533619855876f,-0.005607832059894902f,0.7518618107438136f,0.31624354777294106f,0.06815471417417146f,-0.9462266924092876f,0.06530099614451755f,0f,0f,0f,1f],start_interpolation:0}
execute if entity @s[tag=aj.ecual.bone.leg_left_1] run data modify entity @s {} merge value {transformation:[-0.9211984680813494f,-0.3144058995427684f,-0.229221100113575f,0.12125461311165359f,-0.22667907026578024f,0.9124758537712373f,-0.34059420926946593f,1.085203726533303f,0.31624354777294106f,-0.26179523795736603f,-0.9118405956497164f,-0.032299992463223307f,0f,0f,0f,1f],start_interpolation:0}
execute if entity @s[tag=aj.ecual.bone.leg_right_2] run data modify entity @s {} merge value {transformation:[-0.9096309037463557f,0.3311735741863137f,-0.2507901168512234f,-0.10788263056024257f,0.22667907026578024f,0.9016048053825819f,0.3684092480034641f,0.8398124166061409f,0.34812098192012153f,0.2782675666902245f,-0.8951977118353642f,0.2532651806940823f,0f,0f,0f,1f],start_interpolation:0}
execute if entity @s[tag=aj.ecual.bone.leg_right_1] run data modify entity @s {} merge value {transformation:[-0.9096309037463557f,-0.05360161179104597f,-0.4119447610578269f,-0.1191484274571227f,0.22667907026578024f,0.7669526968995922f,-0.6003333739031035f,1.1250366207649782f,0.34812098192012153f,-0.6394610448900262f,-0.6854935112859393f,0.03810413519886696f,0f,0f,0f,1f],start_interpolation:0}
execute if entity @s[tag=aj.ecual.bone.skirt_forward_right] run data modify entity @s {} merge value {transformation:[-0.9410724014589104f,0.10921555362177392f,-0.3200854543078282f,-0.011878922607978638f,0.22334061551495782f,0.9113926896689484f,-0.34566216842373665f,1.2810074855067033f,0.25397185803501765f,-0.3967812093145155f,-0.8820787761085466f,-0.014413031047823105f,0f,0f,0f,1f],start_interpolation:0}
execute if entity @s[tag=aj.ecual.bone.skirt_forward_left] run data modify entity @s {} merge value {transformation:[-0.9052668638603691f,-0.2793514043941125f,-0.3200854543078282f,-0.011878922607978638f,-0.16294433519947238f,0.9241032458264617f,-0.34566216842373665f,1.2810074855067033f,0.3923532194627868f,-0.26076039560492065f,-0.8820787761085466f,-0.014413031047823105f,0f,0f,0f,1f],start_interpolation:0}
execute if entity @s[tag=aj.ecual.bone.skirt_forward] run data modify entity @s {} merge value {transformation:[-0.940022688376474f,-0.11790948765056036f,-0.3200854543078282f,-0.011878922607978638f,0f,0.9383590279421838f,-0.34566216842373665f,1.2810074855067033f,0.3411119249417505f,-0.3249302808317225f,-0.8820787761085466f,-0.014413031047823105f,0f,0f,0f,1f],start_interpolation:0}
execute if entity @s[tag=aj.ecual.bone.skirt_back_right] run data modify entity @s {} merge value {transformation:[-0.8936588498587194f,0.2997738625674579f,-0.3339303690750175f,-0.008896641471846406f,0.24192620602616433f,0.9485822123079074f,0.2041163818286557f,1.2722058209828282f,0.37794916444804644f,0.10162390375508391f,-0.9202320420842783f,-0.006194579196395789f,0f,0f,0f,1f],start_interpolation:0}
execute if entity @s[tag=aj.ecual.bone.skirt_back_left] run data modify entity @s {} merge value {transformation:[-0.9378321519053104f,-0.0946644783542227f,-0.3339303690750175f,-0.008896641471846406f,-0.16999229818020645f,0.9640742301444375f,0.2041163818286557f,1.2722058209828282f,0.3026110926784844f,0.24819249648072098f,-0.9202320420842783f,-0.006194579196395789f,0f,0f,0f,1f],start_interpolation:0}
execute if entity @s[tag=aj.ecual.bone.skirt_back] run data modify entity @s {} merge value {transformation:[-0.940022688376474f,0.0696265319177181f,-0.3339303690750175f,-0.008896641471846406f,0f,0.9789466291219242f,0.2041163818286557f,1.2722058209828282f,0.3411119249417505f,0.19187402998825182f,-0.9202320420842783f,-0.006194579196395789f,0f,0f,0f,1f],start_interpolation:0}
execute if entity @s[tag=aj.ecual.bone.skirt_right] run data modify entity @s {} merge value {transformation:[-0.8751577819287741f,0.3208694488604055f,-0.3621348554303047f,-0.18183571230634507f,0.3476187469213681f,0.9375895828457926f,-0.009326356623596072f,1.339132593876645f,0.336541325127132f,-0.1340468982374164f,-0.9320790554210526f,0.08522218881647879f,0f,0f,0f,1f],start_interpolation:0}
execute if entity @s[tag=aj.ecual.bone.skirt_left] run data modify entity @s {} merge value {transformation:[-0.914577637551977f,-0.24753330696347572f,-0.31980463854292396f,0.1824230794395386f,-0.25809801124251697f,0.9660706095707761f,-0.009643335325845742f,1.339132593876645f,0.3113409087840886f,0.0737213623536271f,-0.9474344300531953f,-0.04695868209844954f,0f,0f,0f,1f],start_interpolation:0}
execute if entity @s[tag=aj.ecual.bone.coat_downer] run data modify entity @s {} merge value {transformation:[-0.940022688376474f,-0.004299655063928209f,-0.3410848256721452f,-0.013029117420540713f,0f,0.9999205560766896f,-0.01260482190607215f,1.1678099657966372f,0.3411119249417505f,-0.011848818574652628f,-0.9399480092861086f,-0.013002084244304258f,0f,0f,0f,1f],start_interpolation:0}
execute if entity @s[tag=aj.ecual.bone.body_2] run data modify entity @s {} merge value {transformation:[-0.940022688376474f,0.02544420774310271f,-0.3401616345647937f,0f,0f,0.9972141390919738f,0.07459196200029551f,1.390625f,0.3411119249417505f,0.07011813665079357f,-0.9374039159162683f,0f,0f,0f,0f,1f],start_interpolation:0}
execute if entity @s[tag=aj.ecual.bone.book_left] run data modify entity @s {} merge value {transformation:[0.3798765598073172f,-0.20629002813739175f,-0.901741772127715f,-1.4796777716737481f,0.09894495480802358f,0.978285648512342f,-0.18211832920610876f,1.7059485145513973f,0.9197302295928931f,-0.020040314515010774f,0.39203914417713887f,-0.3499169554935867f,0f,0f,0f,1f],start_interpolation:0}
execute if entity @s[tag=aj.ecual.bone.book_right] run data modify entity @s {} merge value {transformation:[-0.6134248065690191f,-0.20629002813739175f,-0.7623348548878213f,-1.49242734704637f,-0.11334149459006283f,0.978285648512342f,-0.1735249132513173f,1.7051625965597144f,0.781577707134647f,-0.020040314515010774f,-0.6234859048160488f,-0.2570412688973188f,0f,0f,0f,1f],start_interpolation:0}
execute if entity @s[tag=aj.ecual.bone.book_loot_1] run data modify entity @s {} merge value {transformation:[-0.13599547064130058f,-0.20629002813739175f,-0.9689941466573084f,-1.3407034373614628f,-0.008383125244619441f,0.978285648512342f,-0.2070915573506546f,1.736619289158154f,0.9906739903601911f,-0.020040314515010774f,-0.13477177233365772f,-0.2832633463454041f,0f,0f,0f,1f],start_interpolation:0}
execute if entity @s[tag=aj.ecual.bone.book_left2] run data modify entity @s {} merge value {transformation:[0.7978797259769017f,0.07632163668658687f,0.5979656768147361f,1.286553855297646f,-0.11118146248939585f,0.9935667116316331f,0.02153768641758369f,1.7005630745844724f,-0.5924749997035686f,-0.08366718180376188f,0.8012322868028177f,-0.12453621915771909f,0f,0f,0f,1f],start_interpolation:0}
execute if entity @s[tag=aj.ecual.bone.book_right2] run data modify entity @s {} merge value {transformation:[-0.14765620764750403f,0.07632163668658687f,0.9860895761119466f,1.2510576618089801f,-0.07172426475410883f,0.9935667116316331f,-0.08764028401931162f,1.710548036526639f,-0.9864346274278087f,-0.08366718180376188f,-0.14123217940815241f,-0.03834234882560858f,0f,0f,0f,1f],start_interpolation:0}
execute if entity @s[tag=aj.ecual.bone.book_loot_2] run data modify entity @s {} merge value {transformation:[0.3786260638791034f,0.07632163668658687f,0.922397588637838f,1.1304461202576375f,-0.10650626071644206f,0.9935667116316331f,-0.038491635009497545f,1.7113293008069803f,-0.919401283542512f,-0.08366718180376188f,0.38431898536163667f,-0.13908713179590934f,0f,0f,0f,1f],start_interpolation:0}
execute if entity @s[tag=aj.ecual.bone.air_staff_povit_1] run data modify entity @s {} merge value {transformation:[-0.000014687854505882408f,0f,-0.000005329873827214853f,0.22772983464409627f,0f,0.000015625f,0f,1.5567475f,0.000005329873827214853f,0f,-0.000014687854505882408f,0.648727573577093f,0f,0f,0f,1f],start_interpolation:0}