execute if entity @s[tag=aj.ecual.bone.wing_right_1] run data modify entity @s {} merge value {transformation:[0.7729738132773718f,0.26340424054974015f,0.00861013892441737f,-0.20328630989799618f,-0.2623942939401508f,0.7666977199664616f,0.10133254733955555f,1.5276398356326732f,0.024600059746531924f,-0.09867753899995724f,0.8103098325960406f,0.15714545794065893f,0f,0f,0f,1f],start_interpolation:0}
execute if entity @s[tag=aj.ecual.bone.wing_right_2] run data modify entity @s {} merge value {transformation:[0.7983037950634376f,-0.05138006730390089f,0.008434421803510894f,-0.20328630989799618f,0.04994135259839835f,0.7922451723801947f,0.09926453616936054f,1.5276398356326732f,-0.014727935631152335f,-0.09852753688244953f,0.7937728972369378f,0.15714545794065893f,0f,0f,0f,1f],start_interpolation:0}
execute if entity @s[tag=aj.ecual.bone.wing_left_1] run data modify entity @s {} merge value {transformation:[0.11323952206844473f,0.10714091886463399f,-0.8016495983851027f,-0.12813225483258778f,0.22537600641249936f,0.7732250428372103f,0.1351781539576265f,1.524500552676392f,0.7767412122577941f,-0.23997562600956082f,0.07764813292060588f,0.22510205899868416f,0f,0f,0f,1f],start_interpolation:0}
execute if entity @s[tag=aj.ecual.bone.wing_left_2] run data modify entity @s {} merge value {transformation:[0.06232028290533406f,0.13941569732377718f,-0.7852894024996926f,-0.12813225483258778f,-0.0858907434513762f,0.7842753843028245f,0.1324194161217566f,1.524500552676392f,0.7929306164652549f,0.07399584391289826f,0.07606347714671596f,0.22510205899868416f,0f,0f,0f,1f],start_interpolation:0}
execute if entity @s[tag=aj.ecual.bone.staff] run data modify entity @s {} merge value {transformation:[-0.5010845758213485f,0.8907409236985986f,-1.1819057088966558f,0.45260850720234397f,1.4490815140057374f,0.5489067760567408f,-0.2006747790975091f,1.554455821228854f,0.3008043610734032f,-1.160468960398149f,-1.0021151522213705f,0.8591163133580335f,0f,0f,0f,1f],start_interpolation:0}
execute if entity @s[tag=aj.ecual.bone.arm_right_2] run data modify entity @s {} merge value {transformation:[0.7564196536938594f,-0.6533509301140694f,-0.031014023033816472f,0.5365320674714751f,0.12843185862240594f,0.194850943204681f,-0.97238797175975f,1.6730595468643745f,0.6413536974216772f,0.7315501842329932f,0.2313001572680342f,0.3494616116973148f,0f,0f,0f,1f],start_interpolation:0}
execute if entity @s[tag=aj.ecual.bone.arm_right_1] run data modify entity @s {} merge value {transformation:[0.7564196536938594f,-0.6533509301140694f,-0.031014023033816472f,0.28833186860317744f,0.12843185862240594f,0.194850943204681f,-0.97238797175975f,1.6309178432538975f,0.6413536974216772f,0.7315501842329932f,0.2313001572680342f,0.139017429730827f,0f,0f,0f,1f],start_interpolation:0}
execute if entity @s[tag=aj.ecual.bone.arm_left_2] run data modify entity @s {} merge value {transformation:[-0.9081772933143311f,0.21843703152087612f,-0.35707039525645823f,-0.017085223672940186f,0.3525790634936914f,-0.060587995771792275f,-0.9338185577264295f,1.5870641685759268f,-0.2256147333268979f,-0.9739683557635253f,-0.021991681998605895f,-0.5668638485698336f,0f,0f,0f,1f],start_interpolation:0}
execute if entity @s[tag=aj.ecual.bone.arm_left_1] run data modify entity @s {} merge value {transformation:[-0.5860250851937343f,-0.7273756473481039f,-0.35707039525645823f,-0.16986599123422344f,0.2056243337593273f,0.29274824442131836f,-0.9338185577264295f,1.6385453235469627f,0.7837686092780886f,-0.62066346197691f,-0.021991681998605895f,-0.27223285236137484f,0f,0f,0f,1f],start_interpolation:0}
execute if entity @s[tag=aj.ecual.bone.himo_right_2] run data modify entity @s {} merge value {transformation:[0.2535832629406076f,0.4358231763946957f,-0.8635703142614576f,0.2291369062972914f,-0.9138354964315241f,0.4006623967882308f,-0.06613871227700016f,1.3259613204544287f,0.31717536823994424f,0.8059328773025383f,0.4998719666721744f,-0.167661301195695f,0f,0f,0f,1f],start_interpolation:0}
execute if entity @s[tag=aj.ecual.bone.himo_right_1] run data modify entity @s {} merge value {transformation:[0.5429139824042768f,0.38024547656005137f,-0.7487708496366214f,0.29575311534207216f,-0.552856722552971f,0.832981932086767f,0.022148253768270315f,1.482283859306749f,0.6321343623296519f,0.401938401216674f,0.662458805956618f,-0.08815748343033977f,0f,0f,0f,1f],start_interpolation:0}
execute if entity @s[tag=aj.ecual.bone.himo_left_2] run data modify entity @s {} merge value {transformation:[0.2535832629406076f,0.4358231763946957f,-0.8635703142614576f,-0.0025431020015356937f,-0.9138354964315241f,0.4006623967882308f,-0.06613871227700016f,1.335638896743966f,0.31717536823994424f,0.8059328773025383f,0.4998719666721744f,-0.3771534687624458f,0f,0f,0f,1f],start_interpolation:0}
execute if entity @s[tag=aj.ecual.bone.himo_left_1] run data modify entity @s {} merge value {transformation:[0.5429139824042768f,0.38024547656005137f,-0.7487708496366214f,0.06407310704324506f,-0.552856722552971f,0.832981932086767f,0.022148253768270315f,1.4919614355962865f,0.6321343623296519f,0.401938401216674f,0.662458805956618f,-0.29764965099709056f,0f,0f,0f,1f],start_interpolation:0}
execute if entity @s[tag=aj.ecual.bone.ponpon1] run data modify entity @s {} merge value {transformation:[0.05023823713039044f,0.1982316078436452f,-0.9788668699990584f,0.18561200853652737f,0.1340924173285559f,0.9698917169350205f,0.2032960428434905f,2.1601091540500397f,0.9896945706353123f,-0.14147185964905223f,0.022144294579502066f,-0.4331550742451074f,0f,0f,0f,1f],start_interpolation:0}
execute if entity @s[tag=aj.ecual.bone.ponpon2] run data modify entity @s {} merge value {transformation:[0.05023823713039044f,0.1982316078436452f,-0.9788668699990584f,0.06718035460127038f,0.1340924173285559f,0.9698917169350205f,0.2032960428434905f,2.0529032277999186f,0.9896945706353123f,-0.14147185964905223f,0.022144294579502066f,-0.4505086105709717f,0f,0f,0f,1f],start_interpolation:0}
execute if entity @s[tag=aj.ecual.bone.ponpon3] run data modify entity @s {} merge value {transformation:[0.05023823713039044f,0.1982316078436452f,-0.9788668699990584f,0.2151269728506318f,0.1340924173285559f,0.9698917169350205f,0.2032960428434905f,2.2388884492305663f,0.9896945706353123f,-0.14147185964905223f,0.022144294579502066f,0.1482904860031386f,0f,0f,0f,1f],start_interpolation:0}
execute if entity @s[tag=aj.ecual.bone.ponpon4] run data modify entity @s {} merge value {transformation:[0.05023823713039044f,0.1982316078436452f,-0.9788668699990584f,0.10046318670015404f,0.1340924173285559f,0.9698917169350205f,0.2032960428434905f,2.1417394542800867f,0.9896945706353123f,-0.14147185964905223f,0.022144294579502066f,0.2051640424749227f,0f,0f,0f,1f],start_interpolation:0}
execute if entity @s[tag=aj.ecual.bone.ear_edge_a1] run data modify entity @s {} merge value {transformation:[0.09670251312056254f,0.18018955234533857f,-0.9788668699990584f,0.18858199121038435f,0.3647473421472516f,0.9086418961068728f,0.2032960428434905f,2.273828553310925f,0.9260712717456919f,-0.37669832739858694f,0.022144294579502066f,-0.3580335221152551f,0f,0f,0f,1f],start_interpolation:0}
execute if entity @s[tag=aj.ecual.bone.ear_edge_a2] run data modify entity @s {} merge value {transformation:[0.06732408848844623f,0.19309872585660925f,-0.9788668699990584f,0.19828264691858194f,0.21811378817128618f,0.9545140619046681f,0.2032960428434905f,2.3085709961586036f,0.973598398991479f,-0.22719108190861065f,0.022144294579502066f,-0.24817907036746828f,0f,0f,0f,1f],start_interpolation:0}
execute if entity @s[tag=aj.ecual.bone.ear_edge_b1] run data modify entity @s {} merge value {transformation:[0.11203908513287787f,0.17107569734136358f,-0.9788668699990584f,0.19895230456930926f,0.4425527277369829f,0.8733944138456196f,0.2032960428434905f,2.309319690885708f,0.8897158684519141f,-0.45597730606076503f,0.022144294579502066f,-0.22545091294464958f,0f,0f,0f,1f],start_interpolation:0}
execute if entity @s[tag=aj.ecual.bone.ear_edge_b2] run data modify entity @s {} merge value {transformation:[0.05369020419234462f,0.19732463807652206f,-0.9788668699990584f,0.19892388868788125f,0.15099893884801024f,0.9674037623613794f,0.2032960428434905f,2.3125172261406437f,0.9870748109644777f,-0.15872286469509364f,0.022144294579502066f,-0.25606203160815355f,0f,0f,0f,1f],start_interpolation:0}
execute if entity @s[tag=aj.ecual.bone.ear_right_2] run data modify entity @s {} merge value {transformation:[0.08389756288170885f,0.186496245969606f,-0.9788668699990584f,0.18466853770125355f,0.3004751813853269f,0.9318719785118728f,0.2032960428434905f,2.4062394585308873f,0.9500925556565343f,-0.31118124285311866f,0.022144294579502066f,-0.3354255790042173f,0f,0f,0f,1f],start_interpolation:0}
execute if entity @s[tag=aj.ecual.bone.ear_right_1] run data modify entity @s {} merge value {transformation:[0.08389756288170885f,0.186496245969606f,-0.9788668699990584f,0.14270688235809226f,0.3004751813853269f,0.9318719785118728f,0.2032960428434905f,2.1965682633657164f,0.9500925556565343f,-0.31118124285311866f,0.022144294579502066f,-0.2654097993622657f,0f,0f,0f,1f],start_interpolation:0}
execute if entity @s[tag=aj.ecual.bone.ear_edge_a3] run data modify entity @s {} merge value {transformation:[-0.037838412611791966f,0.756900188213827f,-0.6524341802916924f,0.25944525647005795f,-0.08179158458706853f,0.6483651623366049f,0.7569232147047442f,2.275587777381659f,0.995930916892209f,0.0820043983582651f,0.0373749572326552f,0.04308497623088532f,0f,0f,0f,1f],start_interpolation:0}
execute if entity @s[tag=aj.ecual.bone.ear_edge_a4] run data modify entity @s {} merge value {transformation:[0.08103271706878516f,0.7535007227279595f,-0.6524341802916924f,0.2577048171740308f,0.02064206286540067f,0.6531777340676094f,0.7569232147047442f,2.2797924431568592f,0.9964976688407812f,-0.07480313206508188f,0.0373749572326552f,-0.07245043947259369f,0f,0f,0f,1f],start_interpolation:0}
execute if entity @s[tag=aj.ecual.bone.ear_edge_b3] run data modify entity @s {} merge value {transformation:[-0.13739758360893392f,0.9637162711130071f,-0.22885115863911826f,0.21312073591105676f,-0.07178091081465587f,0.2207473379050326f,0.9726860303563838f,2.32134874609206f,0.9879116381848351f,0.15007185478923882f,0.03884628089113913f,-0.09215842779317054f,0f,0f,0f,1f],start_interpolation:0}
execute if entity @s[tag=aj.ecual.bone.ear_edge_b4] run data modify entity @s {} merge value {transformation:[0.16713183831508863f,0.9590068278229055f,-0.22885115863911826f,0.2257108990364629f,-0.000053024100195663004f,0.23212471548283053f,0.9726860303563838f,2.3231917218052667f,0.9859345545267516f,-0.1625546697301026f,0.03884628089113913f,-0.06413420866049553f,0f,0f,0f,1f],start_interpolation:0}
execute if entity @s[tag=aj.ecual.bone.ear_left_2] run data modify entity @s {} merge value {transformation:[0.015052447965639718f,0.9733450421098238f,-0.22885115863911826f,0.3257480172580881f,-0.03636467697470619f,0.229258580249607f,0.9726860303563838f,2.376901903427742f,0.9992252168949536f,-0.006319207399645003f,0.03884628089113913f,-0.015211454248634298f,0f,0f,0f,1f],start_interpolation:0}
execute if entity @s[tag=aj.ecual.bone.ear_left_1] run data modify entity @s {} merge value {transformation:[0.015052447965639718f,0.7576958916328824f,-0.6524341802916924f,0.15526644164068987f,-0.03636467697470619f,0.6524912699106103f,0.7569232147047442f,2.230091367697855f,0.9992252168949536f,0.012332010910236993f,0.0373749572326552f,-0.017986156703437617f,0f,0f,0f,1f],start_interpolation:0}
execute if entity @s[tag=aj.ecual.bone.head] run data modify entity @s {} merge value {transformation:[0.05023823713039044f,0.1982316078436452f,-0.9788668699990584f,0.07798255266699342f,0.1340924173285559f,0.9698917169350205f,0.2032960428434905f,1.7099073092637285f,0.9896945706353123f,-0.14147185964905223f,0.022144294579502066f,-0.0698856591683218f,0f,0f,0f,1f],start_interpolation:0}
execute if entity @s[tag=aj.ecual.bone.body_1] run data modify entity @s {} merge value {transformation:[0.7413760265562467f,0.1532780133181262f,-0.6533509301140694f,0.020503297672696076f,-0.030968244126520106f,0.980343856913464f,0.19485094320468077f,1.3422783629211794f,0.6703749362136026f,-0.1242246869397616f,0.7315501842329932f,-0.023301401565911206f,0f,0f,0f,1f],start_interpolation:0}
execute if entity @s[tag=aj.ecual.bone.leg_left_2] run data modify entity @s {} merge value {transformation:[0.7719891408804345f,-0.20779355612951378f,-0.6007117481735637f,0.16200926645975075f,-0.08768836392055239f,0.9012054439393709f,-0.4244284376040068f,0.9404966440348931f,0.629558192064582f,0.38032957529633693f,0.677499739453295f,-0.42046399550175045f,0f,0f,0f,1f],start_interpolation:0}
execute if entity @s[tag=aj.ecual.bone.leg_left_1] run data modify entity @s {} merge value {transformation:[0.771087090107218f,-0.4723073687623268f,-0.42702511504920904f,-0.007223572391773594f,-0.112454195095033f,0.5590945619927923f,-0.821442222408622f,1.114564040528102f,0.6267206343144536f,0.6814242585664931f,0.3779976539101714f,-0.18101461724776793f,0f,0f,0f,1f],start_interpolation:0}
execute if entity @s[tag=aj.ecual.bone.leg_right_2] run data modify entity @s {} merge value {transformation:[0.7232194977831201f,-0.2035069402699666f,-0.6599533947850313f,0.3741192156410059f,0.1015277552549391f,0.976545245570005f,-0.18987232096203852f,1.0444288126767616f,0.6831146850560486f,0.0703157778636801f,0.7269181648880435f,-0.20752014833710342f,0f,0f,0f,1f],start_interpolation:0}
execute if entity @s[tag=aj.ecual.bone.leg_right_1] run data modify entity @s {} merge value {transformation:[0.7232194977831201f,-0.6854282305707602f,-0.08450857212714052f,0.14129658824420735f,0.1015277552549391f,0.22655850275486167f,-0.9686915710082175f,1.1139103187024093f,0.6831146850560486f,0.6919966658634361f,0.2334415162190808f,0.028644533595778635f,0f,0f,0f,1f],start_interpolation:0}
execute if entity @s[tag=aj.ecual.bone.skirt_forward_right] run data modify entity @s {} merge value {transformation:[0.6602805338695039f,-0.5787279692274214f,-0.47864763054558956f,0.022711127074930476f,0.12582077118201118f,0.7135650521348199f,-0.6891981209427342f,1.2830064714750962f,0.7404044503730149f,0.394840289238239f,0.5439691129669928f,-0.016349335617105665f,0f,0f,0f,1f],start_interpolation:0}
execute if entity @s[tag=aj.ecual.bone.skirt_forward_left] run data modify entity @s {} merge value {transformation:[0.8183973683074888f,-0.3179971592962254f,-0.47864763054558956f,0.022711127074930476f,-0.12582077118201118f,0.7135650521348199f,-0.6891981209427342f,1.2830064714750962f,0.5607092660965576f,0.6242617424216885f,0.5439691129669928f,-0.016349335617105665f,0f,0f,0f,1f],start_interpolation:0}
execute if entity @s[tag=aj.ecual.bone.skirt_forward] run data modify entity @s {} merge value {transformation:[0.7507444461389524f,-0.45527927952478797f,-0.47864763054558956f,0.022711127074930476f,0f,0.7245729432493352f,-0.6891981209427342f,1.2830064714750962f,0.660592746396384f,0.5174116615871597f,0.5439691129669928f,-0.016349335617105665f,0f,0f,0f,1f],start_interpolation:0}
execute if entity @s[tag=aj.ecual.bone.skirt_back_right] run data modify entity @s {} merge value {transformation:[0.7163385334815638f,-0.2608072551834093f,-0.647177472640371f,0.03031775842705395f,0.17012174197210536f,0.9648083423680962f,-0.2005079933700965f,1.2783897295132702f,0.6766961639893183f,0.03353264291138158f,0.7354983776335057f,-0.0249940509467628f,0f,0f,0f,1f],start_interpolation:0}
execute if entity @s[tag=aj.ecual.bone.skirt_back_left] run data modify entity @s {} merge value {transformation:[0.7623393686954288f,-0.00007644525221328635f,-0.647177472640371f,0.03031775842705395f,-0.17012174197210536f,0.9648083423680962f,-0.2005079933700965f,1.2783897295132702f,0.6244175524802542f,0.26295409609483106f,0.7354983776335057f,-0.0249940509467628f,0f,0f,0f,1f],start_interpolation:0}
execute if entity @s[tag=aj.ecual.bone.skirt_back] run data modify entity @s {} merge value {transformation:[0.7507444461389524f,-0.13245412601477996f,-0.647177472640371f,0.03031775842705395f,0f,0.9796920662099379f,-0.2005079933700965f,1.2783897295132702f,0.660592746396384f,0.15053026242906584f,0.7354983776335057f,-0.0249940509467628f,0f,0f,0f,1f],start_interpolation:0}
execute if entity @s[tag=aj.ecual.bone.skirt_right] run data modify entity @s {} merge value {transformation:[0.6693117039396157f,-0.45563179937434845f,-0.5868743531356106f,0.17459631894443672f,0.24462000449851418f,0.8809892943376191f,-0.40499248963610546f,1.3505139085758755f,0.7015574790197843f,0.12750500641699328f,0.7011130985582906f,0.10433475634139387f,0f,0f,0f,1f],start_interpolation:0}
execute if entity @s[tag=aj.ecual.bone.skirt_left] run data modify entity @s {} merge value {transformation:[0.7810151949977775f,-0.06849667133935627f,-0.6207442880913296f,-0.11631715393440734f,-0.24462000449851418f,0.8809892943376191f,-0.40499248963610546f,1.3505139085758755f,0.5746097097872f,0.4681517588111064f,0.6713103694568833f,-0.15164493288720493f,0f,0f,0f,1f],start_interpolation:0}
execute if entity @s[tag=aj.ecual.bone.coat_downer] run data modify entity @s {} merge value {transformation:[0.7507444461389524f,-0.2693892766825092f,-0.6031684625376162f,0.05408179106877673f,0f,0.9130715797713125f,-0.40779932591155654f,1.1794454778999688f,0.660592746396384f,0.30615307906730965f,0.6854834174406322f,-0.049635883017184176f,0f,0f,0f,1f],start_interpolation:0}
execute if entity @s[tag=aj.ecual.bone.body_2] run data modify entity @s {} merge value {transformation:[0.7507444461389524f,-0.215794573799457f,-0.6243520469336414f,0f,0f,0.9451391198882517f,-0.3266680946417341f,1.390625f,0.660592746396384f,0.24524425778307554f,0.7095579450847624f,0f,0f,0f,0f,1f],start_interpolation:0}
execute if entity @s[tag=aj.ecual.bone.book_left] run data modify entity @s {} merge value {transformation:[0.9842795251058567f,-0.17469602130249828f,0.025983005955157568f,-0.9243611568782746f,0.12987999584781879f,0.6162438564022581f,-0.7767719717684486f,0.7165203444741078f,0.11968710513651554f,0.7679354201933584f,0.6292457288504153f,0.5472110638343421f,0f,0f,0f,1f],start_interpolation:0}
execute if entity @s[tag=aj.ecual.bone.book_right] run data modify entity @s {} merge value {transformation:[0.9030410910357407f,-0.17469602130249828f,-0.39242590133941935f,-0.8337450391880897f,-0.21056676886051146f,0.6162438564022581f,-0.7588841448456521f,0.7126463221925587f,0.3744040915276202f,0.7679354201933584f,0.5197083476911132f,0.5709339149724459f,0f,0f,0f,1f],start_interpolation:0}
execute if entity @s[tag=aj.ecual.bone.book_loot_1] run data modify entity @s {} merge value {transformation:[0.9665719220286378f,-0.17469602130249828f,-0.18766997545409708f,-0.8509026017150676f,-0.04132290433652294f,0.6162438564022581f,-0.7864705506397982f,0.8325539159293031f,0.2530437454731078f,0.7679354201933584f,0.5884250617448161f,0.4708087301416716f,0f,0f,0f,1f],start_interpolation:0}
execute if entity @s[tag=aj.ecual.bone.book_left2] run data modify entity @s {} merge value {transformation:[-0.8566637052720026f,0.07382171617914149f,0.5105660097284277f,1.0273854642188824f,-0.23769825901854566f,0.8219022970068405f,-0.5176641303339762f,0.7089573566148923f,-0.4578502306750486f,-0.5648247236048061f,-0.6865465737119069f,-0.6596200941029318f,0f,0f,0f,1f],start_interpolation:0}
execute if entity @s[tag=aj.ecual.bone.book_right2] run data modify entity @s {} merge value {transformation:[-0.9921755064949987f,0.07382171617914149f,0.10068822439470346f,1.1161539703067413f,0.003346531813693321f,0.8219022970068405f,-0.5696186574364461f,0.7202093100517745f,-0.12480610977116394f,-0.5648247236048061f,-0.8157183745439f,-0.631644955662095f,0f,0f,0f,1f],start_interpolation:0}
execute if entity @s[tag=aj.ecual.bone.book_loot_2] run data modify entity @s {} merge value {transformation:[-0.9468640649371621f,0.07382171617914149f,0.31304759502516405f,1.0248125780090374f,-0.12002083666007626f,0.8219022970068405f,-0.5568407428900068f,0.7981094447668344f,-0.298401476702258f,-0.5648247236048061f,-0.7693696057855846f,-0.5302270840146757f,0f,0f,0f,1f],start_interpolation:0}
execute if entity @s[tag=aj.ecual.bone.air_staff_povit_1] run data modify entity @s {} merge value {transformation:[0.000011730381970921133f,0f,-0.0000103217616624435f,0.4595760111875219f,0f,0.000015625f,0f,1.5567475f,0.0000103217616624435f,0f,0.000011730381970921133f,-0.5113689785734139f,0f,0f,0f,1f],start_interpolation:0}