execute if entity @s[tag=aj.ecual.bone.wing_right_1] run data modify entity @s {} merge value {transformation:[-0.19922281316293636f,-0.08559889119319973f,-0.7873547770772618f,-0.07513920605755445f,-0.1179495351863027f,0.8060354920775026f,-0.057785267198116934f,1.4334811733010384f,0.7831619387516384f,0.09961957529681292f,-0.20899225428924817f,-0.29472487524622576f,0f,0f,0f,1f],start_interpolation:0}
execute if entity @s[tag=aj.ecual.bone.wing_right_2] run data modify entity @s {} merge value {transformation:[-0.21239035785699587f,-0.0027857570276927993f,-0.7712863122389504f,-0.07513920605755445f,0.1954141393846118f,0.7736983117508859f,-0.05660597603080843f,1.4334811733010384f,0.7461257601892248f,-0.20342851803916678f,-0.20472710624252882f,-0.29472487524622576f,0f,0f,0f,1f],start_interpolation:0}
execute if entity @s[tag=aj.ecual.bone.wing_left_1] run data modify entity @s {} merge value {transformation:[-0.7361506645590719f,0.0793326899682986f,0.3445765050262057f,-0.18500484630494152f,0.08128239778034692f,0.8125008977075172f,-0.013412959405012395f,1.4291743818181808f,-0.3441218030360159f,0.02220495375624252f,-0.7402915433451669f,-0.24315678319152234f,0f,0f,0f,1f],start_interpolation:0}
execute if entity @s[tag=aj.ecual.bone.wing_left_2] run data modify entity @s {} merge value {transformation:[-0.6959743718463992f,-0.20416536933603227f,0.33754433145424234f,-0.18500484630494152f,-0.23102251951516017f,0.7658041239305824f,-0.01313922553960398f,1.4291743818181808f,-0.3197628327524596f,-0.10890613267761685f,-0.7251835526646533f,-0.24315678319152234f,0f,0f,0f,1f],start_interpolation:0}
execute if entity @s[tag=aj.ecual.bone.staff] run data modify entity @s {} merge value {transformation:[-1.192758707310335f,0.7095639683366299f,0.7178104840232911f,-0.4339337652942523f,0.897734404745785f,1.2536961591400764f,0.25243836691982946f,1.636577834508787f,-0.4613088495477933f,0.6051207857905669f,-1.3647084780029388f,0.6542492442238792f,0f,0f,0f,1f],start_interpolation:0}
execute if entity @s[tag=aj.ecual.bone.arm_right_2] run data modify entity @s {} merge value {transformation:[-0.0020411442467084817f,-0.9981441176083643f,0.06086176315210795f,-0.45646160542112724f,0.04635584188182962f,-0.06089090628294439f,-0.9970674167053442f,1.6105352968143904f,0.998922904759717f,0.0007861398481400217f,0.04639409801416797f,0.40698832743753416f,0f,0f,0f,1f],start_interpolation:0}
execute if entity @s[tag=aj.ecual.bone.arm_right_1] run data modify entity @s {} merge value {transformation:[-0.48400313977690695f,-0.8729471956951991f,0.06086176315210795f,-0.28175450208752933f,0.011170074920692854f,-0.07570862547159085f,-0.9970674167053442f,1.6081008984196739f,0.8749949657640105f,-0.4819039298004217f,0.04639409801416797f,0.12548179488799188f,0f,0f,0f,1f],start_interpolation:0}
execute if entity @s[tag=aj.ecual.bone.arm_left_2] run data modify entity @s {} merge value {transformation:[-0.9054097217894035f,-0.30891651018436167f,-0.2912109637784091f,0.555534248985087f,0.3458578245902837f,-0.13892126043611203f,-0.9279457142357619f,1.4979385679838721f,0.2462023575413349f,-0.9408886613911112f,0.23262185195447901f,-0.2796580324656107f,0f,0f,0f,1f],start_interpolation:0}
execute if entity @s[tag=aj.ecual.bone.arm_left_1] run data modify entity @s {} merge value {transformation:[-0.8289060988012598f,-0.47760952036713633f,-0.2912109637784091f,0.25822174896366296f,0.3661466572380834f,-0.06966618135694666f,-0.9279457142357619f,1.6292682544168375f,0.4229081516871641f,-0.8758057828250593f,0.23262185195447901f,-0.1279691016694855f,0f,0f,0f,1f],start_interpolation:0}
execute if entity @s[tag=aj.ecual.bone.himo_right_2] run data modify entity @s {} merge value {transformation:[-0.904304443915686f,0.14869861781518742f,-0.40015271306614236f,-0.06825812433671746f,0.34187510489244727f,0.8136210479156945f,-0.47025759222297026f,1.3463087823056503f,0.25564601575052925f,-0.5620582811848074f,-0.786597484856429f,0.3154422286252624f,0f,0f,0f,1f],start_interpolation:0}
execute if entity @s[tag=aj.ecual.bone.himo_right_1] run data modify entity @s {} merge value {transformation:[-0.9154367613926016f,0.04456498023862045f,-0.3999868728187916f,-0.06240210849709357f,0.16523474545236028f,0.9478434906140787f,-0.27256227948087863f,1.5223259225490346f,0.3669782211335143f,-0.31560525952025936f,-0.875054458520629f,0.25079715209945985f,0f,0f,0f,1f],start_interpolation:0}
execute if entity @s[tag=aj.ecual.bone.himo_left_2] run data modify entity @s {} merge value {transformation:[-0.904304443915686f,0.14869861781518742f,-0.40015271306614236f,0.21445195474767634f,0.34187510489244727f,0.8136210479156945f,-0.47025759222297026f,1.3573911676444794f,0.25564601575052925f,-0.5620582811848074f,-0.786597484856429f,0.18274542414490774f,0f,0f,0f,1f],start_interpolation:0}
execute if entity @s[tag=aj.ecual.bone.himo_left_1] run data modify entity @s {} merge value {transformation:[-0.9154367613926016f,0.04456498023862045f,-0.3999868728187916f,0.22030797058730023f,0.16523474545236028f,0.9478434906140787f,-0.27256227948087863f,1.5334083078878638f,0.3669782211335143f,-0.31560525952025936f,-0.875054458520629f,0.11810034761910522f,0f,0f,0f,1f],start_interpolation:0}
execute if entity @s[tag=aj.ecual.bone.ponpon1] run data modify entity @s {} merge value {transformation:[-0.9942704406521143f,-0.06820288102205097f,0.0823083098219271f,0.23871911382062955f,-0.06465198673751432f,0.9968898108783677f,0.045064682155592437f,2.2270507004623266f,-0.08512585656745347f,0.039485085629693925f,-0.9955875233029354f,0.061811248299021404f,0f,0f,0f,1f],start_interpolation:0}
execute if entity @s[tag=aj.ecual.bone.ponpon2] run data modify entity @s {} merge value {transformation:[-0.9942704406521143f,-0.06820288102205097f,0.0823083098219271f,0.2922460195186459f,-0.06465198673751432f,0.9968898108783677f,0.045064682155592437f,2.109088737557274f,-0.08512585656745347f,0.039485085629693925f,-0.9955875233029354f,-0.033268498093061025f,0f,0f,0f,1f],start_interpolation:0}
execute if entity @s[tag=aj.ecual.bone.ponpon3] run data modify entity @s {} merge value {transformation:[-0.9942704406521143f,-0.06820288102205097f,0.0823083098219271f,-0.3454147700624876f,-0.06465198673751432f,0.9968898108783677f,0.045064682155592437f,2.189067658254037f,-0.08512585656745347f,0.039485085629693925f,-0.9955875233029354f,0.011799807565642494f,0f,0f,0f,1f],start_interpolation:0}
execute if entity @s[tag=aj.ecual.bone.ponpon4] run data modify entity @s {} merge value {transformation:[-0.9942704406521143f,-0.06820288102205097f,0.0823083098219271f,-0.3664581474133798f,-0.06465198673751432f,0.9968898108783677f,0.045064682155592437f,2.066256796343671f,-0.08512585656745347f,0.039485085629693925f,-0.9955875233029354f,-0.08966437806899895f,0f,0f,0f,1f],start_interpolation:0}
execute if entity @s[tag=aj.ecual.bone.ear_edge_a1] run data modify entity @s {} merge value {transformation:[-0.9812361295895113f,0.17435882576587008f,0.0823083098219271f,0.14445050899355005f,0.1784379263250264f,0.9829186542491906f,0.045064682155592437f,2.3221791099629647f,-0.07304494805953281f,0.058906018423477535f,-0.9955875233029354f,0.036351750865401815f,0f,0f,0f,1f],start_interpolation:0}
execute if entity @s[tag=aj.ecual.bone.ear_edge_a2] run data modify entity @s {} merge value {transformation:[-0.9964312141999868f,0.01871303027832709f,0.0823083098219271f,0.02986514603039795f,0.02247870549566698f,0.9987311361029327f,0.045064682155592437f,2.334832915852526f,-0.08136057501750468f,0.046754040214166674f,-0.9955875233029354f,0.027451390416970166f,0f,0f,0f,1f],start_interpolation:0}
execute if entity @s[tag=aj.ecual.bone.ear_edge_b1] run data modify entity @s {} merge value {transformation:[-0.9623058569089024f,0.25921570147867345f,0.0823083098219271f,0.0075275433427061805f,0.26342592151509364f,0.9636264620153077f,0.045064682155592437f,2.331020807164358f,-0.06763299219128811f,0.0650481499412557f,-0.9955875233029354f,0.025432118638228918f,0f,0f,0f,1f],start_interpolation:0}
execute if entity @s[tag=aj.ecual.bone.ear_edge_b2] run data modify entity @s {} merge value {transformation:[-0.9953093128479366f,-0.05084008155408558f,0.0823083098219271f,0.036718240209555615f,-0.04724401377414933f,0.9978663124811478f,0.045064682155592437f,2.3403549983095533f,-0.08442378172456154f,0.04096472290703931f,-0.9955875233029354f,0.02826791078376116f,0f,0f,0f,1f],start_interpolation:0}
execute if entity @s[tag=aj.ecual.bone.ear_right_2] run data modify entity @s {} merge value {transformation:[-0.9910085445461803f,0.10548652411905048f,0.0823083098219271f,0.09882993984346758f,0.10943832120701281f,0.9929715143314063f,0.045064682155592437f,2.4450686103234482f,-0.07697609036481431f,0.05366716832174828f,-0.9955875233029354f,0.0067541765927813385f,0f,0f,0f,1f],start_interpolation:0}
execute if entity @s[tag=aj.ecual.bone.ear_right_1] run data modify entity @s {} merge value {transformation:[-0.9910085445461803f,0.10548652411905048f,0.0823083098219271f,0.07509547191668126f,0.10943832120701281f,0.9929715143314063f,0.045064682155592437f,2.221650019598882f,-0.07697609036481431f,0.05366716832174828f,-0.9955875233029354f,-0.0053209362796120055f,0f,0f,0f,1f],start_interpolation:0}
execute if entity @s[tag=aj.ecual.bone.ear_edge_a3] run data modify entity @s {} merge value {transformation:[-0.947292690837741f,-0.3202111272462314f,0.010069353161427666f,-0.2604432854724005f,-0.3001553312102332f,0.8980713583437016f,0.32151922565963903f,2.2812882445264355f,-0.1119970313511343f,0.3015504423979452f,-0.946849510565505f,0.031216509837824875f,0f,0f,0f,1f],start_interpolation:0}
execute if entity @s[tag=aj.ecual.bone.ear_edge_a4] run data modify entity @s {} merge value {transformation:[-0.9857220022621249f,-0.16807957158220593f,0.010069353161427666f,-0.1485966870220059f,-0.15597060849336875f,0.9339692483253581f,0.32151922565963903f,2.3086656865291815f,-0.06344527990761593f,0.31535805174326487f,-0.946849510565505f,0.04170243895557469f,0f,0f,0f,1f],start_interpolation:0}
execute if entity @s[tag=aj.ecual.bone.ear_edge_b3] run data modify entity @s {} merge value {transformation:[-0.9163445672842279f,-0.3979883042628304f,-0.04379433386498635f,-0.1246098971182468f,-0.3633863880006133f,0.7807398564457703f,0.508326282591119f,2.3131056576733675f,-0.16811593328578023f,0.4817162922582494f,-0.8600502582689084f,0.01546737357563793f,0f,0f,0f,1f],start_interpolation:0}
execute if entity @s[tag=aj.ecual.bone.ear_edge_b4] run data modify entity @s {} merge value {transformation:[-0.9944806214670097f,-0.09534332618443922f,-0.04379433386498635f,-0.1549375831665204f,-0.10433910841334246f,0.8548202974208104f,0.508326282591119f,2.3167959524946555f,-0.011029233069394614f,0.5100900991682598f,-0.8600502582689084f,0.019192800811448727f,0f,0f,0f,1f],start_interpolation:0}
execute if entity @s[tag=aj.ecual.bone.ear_left_2] run data modify entity @s {} merge value {transformation:[-0.967321932543953f,-0.2497405356379977f,-0.04379433386498635f,-0.23047618329280495f,-0.23677787678050588f,0.8279738084591864f,0.508326282591119f,2.4117718557192958f,-0.09068911669405241f,0.5020846914264929f,-0.8600502582689084f,0.042838989275449844f,0f,0f,0f,1f],start_interpolation:0}
execute if entity @s[tag=aj.ecual.bone.ear_left_1] run data modify entity @s {} merge value {transformation:[-0.967321932543953f,-0.25335131131758987f,0.010069353161427666f,-0.17347213824634733f,-0.23677787678050588f,0.9168214791324109f,0.32151922565963903f,2.205487022914504f,-0.09068911669405241f,0.30862839865300146f,-0.946849510565505f,-0.026602400421475374f,0f,0f,0f,1f],start_interpolation:0}
execute if entity @s[tag=aj.ecual.bone.head] run data modify entity @s {} merge value {transformation:[-0.9942704406521143f,-0.06820288102205097f,0.0823083098219271f,-0.01680649132296712f,-0.06465198673751432f,0.9968898108783677f,0.045064682155592437f,1.701254221864167f,-0.08512585656745347f,0.039485085629693925f,-0.9955875233029354f,-0.0050856646325451f,0f,0f,0f,1f],start_interpolation:0}
execute if entity @s[tag=aj.ecual.bone.body_1] run data modify entity @s {} merge value {transformation:[-0.9046722530700603f,-0.06086176315210809f,-0.42173920888525096f,0.006016669859073411f,-0.03546363308425355f,0.9970674167053442f,-0.06781516993267052f,1.327353940599663f,0.42462977433713484f,-0.04639409801416815f,-0.9041776055708556f,0.012312122122767954f,0f,0f,0f,1f],start_interpolation:0}
execute if entity @s[tag=aj.ecual.bone.leg_left_2] run data modify entity @s {} merge value {transformation:[-0.8821184638801385f,-0.2177070729319734f,-0.41769683512942385f,0.24729949573940516f,-0.21521900983362313f,0.9750876532625639f,-0.053710764853433124f,0.7551995130945551f,0.4189842401427284f,0.04251704188085498f,-0.9069975235146577f,0.059153989662946965f,0f,0f,0f,1f],start_interpolation:0}
execute if entity @s[tag=aj.ecual.bone.leg_left_1] run data modify entity @s {} merge value {transformation:[-0.8821184638801385f,-0.34433831190497344f,-0.32140028412585125f,0.12038529273492016f,-0.21521900983362313f,0.9015933311369334f,-0.3752469094551516f,1.0855600456968024f,0.4189842401427284f,-0.2618407764345369f,-0.8694202748430585f,-0.03835205273666084f,0f,0f,0f,1f],start_interpolation:0}
execute if entity @s[tag=aj.ecual.bone.leg_right_2] run data modify entity @s {} merge value {transformation:[-0.8725815344719379f,0.3502411927135461f,-0.3404887261352286f,-0.06603463769965608f,0.21521900983362316f,0.9014120896736442f,0.3756820762246037f,0.8550720452932584f,0.4384999925938802f,0.25453359604733267f,-0.8619341070977411f,0.27999479372173725f,0f,0f,0f,1f],start_interpolation:0}
execute if entity @s[tag=aj.ecual.bone.leg_right_1] run data modify entity @s {} merge value {transformation:[-0.8725815344719379f,-0.15967433552315624f,-0.4616335909288194f,-0.11157539790084127f,0.21521900983362316f,0.7227118358743808f,-0.656786403706195f,1.1260380607002518f,0.4384999925938802f,-0.6724520123118977f,-0.5962600503411631f,0.05638004889176756f,0f,0f,0f,1f],start_interpolation:0}
execute if entity @s[tag=aj.ecual.bone.skirt_forward_right] run data modify entity @s {} merge value {transformation:[-0.910553542269724f,0.06534404628368198f,-0.40819407427758386f,-0.01217423191376022f,0.22975718589628236f,0.9008680095928262f,-0.36830485310579447f,1.2806130808996503f,0.3436624538541835f,-0.4291468104361672f,-0.8353018214414389f,-0.010677522332830824f,0f,0f,0f,1f],start_interpolation:0}
execute if entity @s[tag=aj.ecual.bone.skirt_forward_left] run data modify entity @s {} merge value {transformation:[-0.8567291765967149f,-0.3152661029869545f,-0.40819407427758386f,-0.01217423191376022f,-0.16144159285373963f,0.915580770481538f,-0.36830485310579447f,1.2806130808996503f,0.48984868078291494f,-0.24963801199307045f,-0.8353018214414389f,-0.010677522332830824f,0f,0f,0f,1f],start_interpolation:0}
execute if entity @s[tag=aj.ecual.bone.skirt_forward] run data modify entity @s {} merge value {transformation:[-0.8984589196080495f,-0.16170704221338877f,-0.40819407427758386f,-0.01217423191376022f,0f,0.929705079677808f,-0.36830485310579447f,1.2806130808996503f,0.43905759277882483f,-0.33090678040783345f,-0.8353018214414389f,-0.010677522332830824f,0f,0f,0f,1f],start_interpolation:0}
execute if entity @s[tag=aj.ecual.bone.skirt_back_right] run data modify entity @s {} merge value {transformation:[-0.8477668995120806f,0.30787712541059553f,-0.4318598843844865f,-0.008243089462600096f,0.2533003006454515f,0.9504318097678475f,0.18032840229519603f,1.2720259134773444f,0.46597236161021127f,0.043486211956465126f,-0.8837299969929049f,-0.002633087940657832f,0f,0f,0f,1f],start_interpolation:0}
execute if entity @s[tag=aj.ecual.bone.skirt_back_left] run data modify entity @s {} merge value {transformation:[-0.8985578268511135f,-0.0780440392600361f,-0.4318598843844865f,-0.008243089462600096f,-0.17080146924732573f,0.9686632673063518f,0.18032840229519603f,1.2720259134773444f,0.4042532497179942f,0.23579780004775522f,-0.8837299969929049f,-0.002633087940657832f,0f,0f,0f,1f],start_interpolation:0}
execute if entity @s[tag=aj.ecual.bone.skirt_back] run data modify entity @s {} merge value {transformation:[-0.8984589196080495f,0.07917455422138028f,-0.4318598843844865f,-0.008243089462600096f,0f,0.9836064595790646f,0.18032840229519603f,1.2720259134773444f,0.43905759277882483f,0.16201766150078753f,-0.8837299969929049f,-0.002633087940657832f,0f,0f,0f,1f],start_interpolation:0}
execute if entity @s[tag=aj.ecual.bone.skirt_right] run data modify entity @s {} merge value {transformation:[-0.8341167197740523f,0.3060538488638811f,-0.4588903348175679f,-0.17120601374792474f,0.36049552451049804f,0.9321566351283418f,-0.03357058823000478f,1.3395860586604518f,0.4174832626600448f,-0.1934297008781542f,-0.887858477583512f,0.10517624707358389f,0f,0f,0f,1f],start_interpolation:0}
execute if entity @s[tag=aj.ecual.bone.skirt_left] run data modify entity @s {} merge value {transformation:[-0.8735718683780294f,-0.2485783169852137f,-0.4184268288522109f,0.17694681760019446f,-0.25849012483221007f,0.9654198960400134f,-0.033871517449299636f,1.3395860586604518f,0.41237731041213616f,0.07856999844017007f,-0.907618702541086f,-0.06495857012821074f,0f,0f,0f,1f],start_interpolation:0}
execute if entity @s[tag=aj.ecual.bone.coat_downer] run data modify entity @s {} merge value {transformation:[-0.8984589196080495f,-0.016173785499697783f,-0.4387595907092472f,-0.011963475227228938f,0f,0.999321268839262f,-0.03683750324720001f,1.1674714556218455f,0.43905759277882483f,-0.03309698336853734f,-0.8978491075426686f,-0.0066874849124699725f,0f,0f,0f,1f],start_interpolation:0}
execute if entity @s[tag=aj.ecual.bone.body_2] run data modify entity @s {} merge value {transformation:[-0.8984589196080495f,0.022128178653050862f,-0.43849961628972384f,0f,0f,0.9987291496644677f,0.050399262003419966f,1.390625f,0.43905759277882483f,0.04528166648863572f,-0.8973171127886036f,0f,0f,0f,0f,1f],start_interpolation:0}
execute if entity @s[tag=aj.ecual.bone.book_left] run data modify entity @s {} merge value {transformation:[0.33646470049663657f,-0.26800671796435027f,-0.9027535125634714f,-1.4303359988569662f,0.12105590635210714f,0.9630021389132141f,-0.24077447536199634f,1.6220731751201107f,0.933882740421397f,-0.02827153293601052f,0.3564600223986829f,-0.2866321897683931f,0f,0f,0f,1f],start_interpolation:0}
execute if entity @s[tag=aj.ecual.bone.book_right] run data modify entity @s {} merge value {transformation:[-0.5917124777738187f,-0.26800671796435027f,-0.7602951681897927f,-1.44403808395487f,-0.14137565453183673f,0.9630021389132141f,-0.22943366090063913f,1.6209823804354453f,0.7936556356206781f,-0.02827153293601052f,-0.6077100068889645f,-0.19389532799851378f,0f,0f,0f,1f],start_interpolation:0}
execute if entity @s[tag=aj.ecual.bone.book_loot_1] run data modify entity @s {} merge value {transformation:[-0.1461555743776402f,-0.26800671796435027f,-0.9522662165614819f,-1.2943471089216958f,-0.011635143303098505f,0.9630021389132141f,-0.2692424630122282f,1.6619141472296122f,0.9891931922120463f,-0.02827153293601052f,-0.1438664273094652f,-0.21868379478703365f,0f,0f,0f,1f],start_interpolation:0}
execute if entity @s[tag=aj.ecual.bone.book_left2] run data modify entity @s {} merge value {transformation:[0.74613703174198f,0.11910578363941933f,0.6550521675156162f,1.2105008673131907f,-0.13924898252790652f,0.9900261119054189f,-0.02140136935763233f,1.616317011286312f,-0.651067777369f,-0.07524699362153178f,0.7552805036691406f,-0.10958885543375772f,0f,0f,0f,1f],start_interpolation:0}
execute if entity @s[tag=aj.ecual.bone.book_right2] run data modify entity @s {} merge value {transformation:[-0.16582135370365164f,0.11910578363941933f,0.9789367144813437f,1.1793486477367827f,-0.05488739238930408f,0.9900261119054189f,-0.12975234834923638f,1.6267385442692437f,-0.9846271643686205f,-0.07524699362153178f,-0.157630064195667f,-0.021782287537336034f,0f,0f,0f,1f],start_interpolation:0}
execute if entity @s[tag=aj.ecual.bone.book_loot_2] run data modify entity @s {} merge value {transformation:[0.33229034214835346f,0.11910578363941933f,0.9356264964282326f,1.0545807830607519f,-0.11116301848460527f,0.9900261119054189f,-0.08655103157577224f,1.6345104325141437f,-0.9366033908951648f,-0.07524699362153178f,0.34221627388918796f,-0.11701801256892508f,0f,0f,0f,1f],start_interpolation:0}
execute if entity @s[tag=aj.ecual.bone.air_staff_povit_1] run data modify entity @s {} merge value {transformation:[-0.000014038420618875775f,0f,-0.000006860274887169138f,0.29536746778317097f,0f,0.000015625f,0f,1.5567475f,0.000006860274887169138f,0f,-0.000014038420618875775f,0.6208594054064152f,0f,0f,0f,1f],start_interpolation:0}