execute if entity @s[tag=aj.ecual.bone.wing_right_1] run data modify entity @s {} merge value {transformation:[0.20246864856727226f,0.028855476351029318f,-0.7906442008111751f,-0.19747601353425698f,-0.188102150895399f,0.7944774290935328f,-0.019173938924993198f,1.4660001952655601f,0.7684845292003679f,0.18686203624580894f,0.20361373292143883f,-0.20709377684898553f,0f,0f,0f,1f],start_interpolation:0}
execute if entity @s[tag=aj.ecual.bone.wing_right_2] run data modify entity @s {} merge value {transformation:[0.19405631325949232f,-0.04978522126870081f,-0.7745086048762533f,-0.19747601353425698f,0.12759146671199673f,0.7895363387966787f,-0.01878263404897293f,1.4660001952655601f,0.765547232315822f,-0.11896975020047199f,0.1994583506169197f,-0.20709377684898553f,0f,0f,0f,1f],start_interpolation:0}
execute if entity @s[tag=aj.ecual.bone.wing_left_1] run data modify entity @s {} merge value {transformation:[-0.8029290000484778f,0.13473283716285395f,-0.06400412420808417f,-0.26800394973287117f,0.13102603596663928f,0.8045414881094904f,0.049896054492114095f,1.4592962379064596f,0.0712856452903733f,0.038787896888835736f,-0.8126243291182713f,-0.10845736040303475f,0f,0f,0f,1f],start_interpolation:0}
execute if entity @s[tag=aj.ecual.bone.wing_left_2] run data modify entity @s {} merge value {transformation:[-0.777178475541855f,-0.17906029231551085f,-0.06269791759159266f,-0.26800394973287117f,-0.18301951865553415f,0.7772482355201008f,0.04887776766574442f,1.4592962379064596f,0.04997472306611526f,0.06182711457583731f,-0.7960401591362658f,-0.10845736040303475f,0f,0f,0f,1f],start_interpolation:0}
execute if entity @s[tag=aj.ecual.bone.staff] run data modify entity @s {} merge value {transformation:[-0.982454826373608f,1.1152732226981728f,-0.482031537212696f,0.16660915665607756f,1.1831806513385774f,0.7373109562395962f,-0.7055936154097988f,1.594632957887995f,-0.27617442030937994f,-0.8086683142930006f,-1.3081244195508677f,0.6799196050303082f,0f,0f,0f,1f],start_interpolation:0}
execute if entity @s[tag=aj.ecual.bone.arm_right_2] run data modify entity @s {} merge value {transformation:[0.8974473261277549f,-0.4410443960041429f,0.008254549017598596f,-0.06652078666954846f,-0.0199222689753094f,-0.05921764155046454f,-0.9980462785502864f,1.585066072414344f,0.4406715330322787f,0.8955295146909126f,-0.061931319156303705f,0.5911327331310489f,0f,0f,0f,1f],start_interpolation:0}
execute if entity @s[tag=aj.ecual.bone.arm_right_1] run data modify entity @s {} merge value {transformation:[0.35011650103883113f,-0.9366697913997452f,0.008254549017598596f,-0.15944483754224975f,-0.055128544661282926f,-0.029401861088251092f,-0.9980462785502864f,1.6041198749279557f,0.9350824986405505f,0.3489774096466774f,-0.061931319156303705f,0.2716881759457823f,0f,0f,0f,1f],start_interpolation:0}
execute if entity @s[tag=aj.ecual.bone.arm_left_2] run data modify entity @s {} merge value {transformation:[-0.662760490913584f,-0.688037975003205f,-0.2955541856199541f,0.3508303482169459f,0.5107926021515409f,-0.12676858047749606f,-0.8503062063697865f,1.4404822569364353f,0.5475759757981012f,-0.714516250310103f,0.43546191426064734f,-0.4858995180425156f,0f,0f,0f,1f],start_interpolation:0}
execute if entity @s[tag=aj.ecual.bone.arm_left_1] run data modify entity @s {} merge value {transformation:[-0.4375860840133668f,-0.8492150154350618f,-0.2955541856199541f,0.1871913855494473f,0.525691594516656f,0.025053998953408478f,-0.8503062063697865f,1.6370690094692264f,0.729497612424045f,-0.5274525141622421f,0.43546191426064734f,-0.21309780672977374f,0f,0f,0f,1f],start_interpolation:0}
execute if entity @s[tag=aj.ecual.bone.himo_right_2] run data modify entity @s {} merge value {transformation:[-0.6359871016740422f,-0.028818551147114208f,-0.7711613953084224f,0.09570054581586465f,0.4274236222873797f,0.8188656491874414f,-0.3831032441673725f,1.322163534227507f,0.6425180570341873f,-0.573261318850846f,-0.5084702613667802f,0.3196469417160219f,0f,0f,0f,1f],start_interpolation:0}
execute if entity @s[tag=aj.ecual.bone.himo_right_1] run data modify entity @s {} merge value {transformation:[-0.6068575293398475f,-0.02097059478863242f,-0.794533934604273f,0.08680272220171939f,0.20092148679931857f,0.9631363290499829f,-0.17888255310810608f,1.5016335799674532f,0.7689957706163848f,-0.26819516367439244f,-0.5802730899807251f,0.2657336417146938f,0f,0f,0f,1f],start_interpolation:0}
execute if entity @s[tag=aj.ecual.bone.himo_left_2] run data modify entity @s {} merge value {transformation:[-0.6359871016740422f,-0.028818551147114208f,-0.7711613953084224f,0.277185479371727f,0.4274236222873797f,0.8188656491874414f,-0.3831032441673725f,1.3394143900082771f,0.6425180570341873f,-0.573261318850846f,-0.5084702613667802f,0.06583229110054754f,0f,0f,0f,1f],start_interpolation:0}
execute if entity @s[tag=aj.ecual.bone.himo_left_1] run data modify entity @s {} merge value {transformation:[-0.6068575293398475f,-0.02097059478863242f,-0.794533934604273f,0.26828765575758173f,0.20092148679931857f,0.9631363290499829f,-0.17888255310810608f,1.5188844357482232f,0.7689957706163848f,-0.26819516367439244f,-0.5802730899807251f,0.011918991099219437f,0f,0f,0f,1f],start_interpolation:0}
execute if entity @s[tag=aj.ecual.bone.ponpon1] run data modify entity @s {} merge value {transformation:[-0.9980369438699213f,-0.002877888902039334f,-0.06256178087503123f,0.3062656607220333f,-0.01206786512308328f,0.9890600492862838f,0.14701899719827025f,2.207376507062431f,0.06145425373526997f,0.14748537778804194f,-0.9871531988686253f,0.11309102547693514f,0f,0f,0f,1f],start_interpolation:0}
execute if entity @s[tag=aj.ecual.bone.ponpon2] run data modify entity @s {} merge value {transformation:[-0.9980369438699213f,-0.002877888902039334f,-0.06256178087503123f,0.33818661527287613f,-0.01206786512308328f,0.9890600492862838f,0.14701899719827025f,2.097979576831099f,0.06145425373526997f,0.14748537778804194f,-0.9871531988686253f,-0.00019479365557632106f,0f,0f,0f,1f],start_interpolation:0}
execute if entity @s[tag=aj.ecual.bone.ponpon3] run data modify entity @s {} merge value {transformation:[-0.9980369438699213f,-0.002877888902039334f,-0.06256178087503123f,-0.2800810438015454f,-0.01206786512308328f,0.9890600492862838f,0.14701899719827025f,2.2002866363026197f,0.06145425373526997f,0.14748537778804194f,-0.9871531988686253f,0.14919539954640626f,0f,0f,0f,1f],start_interpolation:0}
execute if entity @s[tag=aj.ecual.bone.ponpon4] run data modify entity @s {} merge value {transformation:[-0.9980369438699213f,-0.002877888902039334f,-0.06256178087503123f,-0.3230128600409467f,-0.01206786512308328f,0.9890600492862838f,0.14701899719827025f,2.0899846161870563f,0.06145425373526997f,0.14748537778804194f,-0.9871531988686253f,0.040518649444040024f,0f,0f,0f,1f],start_interpolation:0}
execute if entity @s[tag=aj.ecual.bone.ear_edge_a1] run data modify entity @s {} merge value {transformation:[-0.9690872056410478f,0.23865458603716463f,-0.06256178087503123f,0.2150392615813697f,0.22756588403103567f,0.9626002196592249f,0.14701899719827025f,2.308669370155156f,0.09530874192852937f,0.12823730219963836f,-0.9871531988686253f,0.11179868417350655f,0f,0f,0f,1f],start_interpolation:0}
execute if entity @s[tag=aj.ecual.bone.ear_edge_a2] run data modify entity @s {} merge value {transformation:[-0.994489936527707f,0.08411771346667717f,-0.06256178087503123f,0.1013366127366016f,0.07418031996467958f,0.9863481609415372f,0.14701899719827025f,2.327153639145686f,0.07407459939179654f,0.14156806026920496f,-0.9871531988686253f,0.12175760332013456f,0f,0f,0f,1f],start_interpolation:0}
execute if entity @s[tag=aj.ecual.bone.ear_edge_b1] run data modify entity @s {} merge value {transformation:[-0.944599418541953f,0.3222079484804018f,-0.06256178087503123f,0.07875984373522026f,0.3105960642517374f,0.9391035615597172f,0.14701899719827025f,2.324549853211767f,0.1061226807121608f,0.11944261635574287f,-0.9871531988686253f,0.12280063988161963f,0f,0f,0f,1f],start_interpolation:0}
execute if entity @s[tag=aj.ecual.bone.ear_edge_b2] run data modify entity @s {} merge value {transformation:[-0.9979351640960691f,0.014540695798222009f,-0.06256178087503123f,0.10854815892112232f,0.0051954508422508705f,0.9891200239371158f,0.14701899719827025f,2.332255299267514f,0.06401886871147894f,0.1463903904371555f,-0.9871531988686253f,0.12206036664332891f,0f,0f,0f,1f],start_interpolation:0}
execute if entity @s[tag=aj.ecual.bone.ear_right_2] run data modify entity @s {} merge value {transformation:[-0.9833742602790754f,0.17047312924424815f,-0.06256178087503123f,0.17287079251213494f,0.15986394802620943f,0.9761295675187225f,0.14701899719827025f,2.4358704043948007f,0.08613119261948556f,0.1345733243305874f,-0.9871531988686253f,0.10175880688483603f,0f,0f,0f,1f],start_interpolation:0}
execute if entity @s[tag=aj.ecual.bone.ear_right_1] run data modify entity @s {} merge value {transformation:[-0.9833742602790754f,0.17047312924424815f,-0.06256178087503123f,0.13451433843217916f,0.15986394802620943f,0.9761295675187225f,0.14701899719827025f,2.2162412517030887f,0.08613119261948556f,0.1345733243305874f,-0.9871531988686253f,0.07147980891045391f,0f,0f,0f,1f],start_interpolation:0}
execute if entity @s[tag=aj.ecual.bone.ear_edge_a3] run data modify entity @s {} merge value {transformation:[-0.9706902976802293f,-0.20140116460116111f,-0.13114082845080602f,-0.18532880987079992f,-0.24029826882500777f,0.8039384592168571f,0.5440033968567934f,2.2745840003479367f,-0.004133762108782857f,0.5595717332829827f,-0.8287716134867957f,0.17595542647321183f,0f,0f,0f,1f],start_interpolation:0}
execute if entity @s[tag=aj.ecual.bone.ear_edge_a4] run data modify entity @s {} merge value {transformation:[-0.9902455727904481f,-0.047072164621499865f,-0.13114082845080602f,-0.07174172593881045f,-0.1115761155907997f,0.8316315738582432f,0.5440033968567934f,2.2958165662385555f,0.08345343611011936f,0.5533291395543052f,-0.8287716134867957f,0.1719189509650854f,0f,0f,0f,1f],start_interpolation:0}
execute if entity @s[tag=aj.ecual.bone.ear_edge_b3] run data modify entity @s {} merge value {transformation:[-0.9569537521700318f,-0.23781662458886146f,-0.1663813970276068f,-0.0541697944829959f,-0.2761827003954914f,0.5698835658403956f,0.7739223716803189f,2.31345066147613f,-0.08923358229922071f,0.7865595809944698f,-0.6110330542088968f,0.13254417152990608f,0f,0f,0f,1f],start_interpolation:0}
execute if entity @s[tag=aj.ecual.bone.ear_edge_b4] run data modify entity @s {} merge value {transformation:[-0.9836064803372513f,0.06953792175285659f,-0.1663813970276068f,-0.08286393715686984f,-0.0865616502394477f,0.6273366267965979f,0.7739223716803189f,2.315861881367358f,0.15819409769769532f,0.7756373083585909f,-0.6110330542088968f,0.1434114536118024f,0f,0f,0f,1f],start_interpolation:0}
execute if entity @s[tag=aj.ecual.bone.ear_left_2] run data modify entity @s {} merge value {transformation:[-0.9823747799523412f,-0.08518815901714882f,-0.1663813970276068f,-0.14496458911042473f,-0.18363300229724555f,0.6060718464670753f,0.7739223716803189f,2.3974413401409316f,0.034910058448661054f,0.7908349350422367f,-0.6110330542088968f,0.21250519764412604f,0f,0f,0f,1f],start_interpolation:0}
execute if entity @s[tag=aj.ecual.bone.ear_left_1] run data modify entity @s {} merge value {transformation:[-0.9823747799523412f,-0.13319862922277173f,-0.13114082845080602f,-0.11499489753530115f,-0.18363300229724555f,0.818742465416061f,0.5440033968567934f,2.213224285422318f,0.034910058448661054f,0.5584970013326881f,-0.8287716134867957f,0.08684337234427142f,0f,0f,0f,1f],start_interpolation:0}
execute if entity @s[tag=aj.ecual.bone.head] run data modify entity @s {} merge value {transformation:[-0.9980369438699213f,-0.002877888902039334f,-0.06256178087503123f,0.01318969416307889f,-0.01206786512308328f,0.9890600492862838f,0.14701899719827025f,1.7032451496410368f,0.06145425373526997f,0.14748537778804194f,-0.9871531988686253f,0.034423871975635685f,0f,0f,0f,1f],start_interpolation:0}
execute if entity @s[tag=aj.ecual.bone.body_1] run data modify entity @s {} merge value {transformation:[-0.5807517873787594f,-0.00825454901759863f,-0.8140388343788596f,0.016285150044678377f,-0.05520273849846389f,0.9980462785502865f,0.029262322775099492f,1.3289777951846793f,0.812206881969518f,0.06193131915630375f,-0.5800728338656395f,0.01119962729202178f,0f,0f,0f,1f],start_interpolation:0}
execute if entity @s[tag=aj.ecual.bone.leg_left_2] run data modify entity @s {} merge value {transformation:[-0.5521693004200506f,-0.2966321725166199f,-0.7791780399252164f,0.29885377711498384f,-0.1677340578351937f,0.9549815883666811f,-0.24469460910038598f,0.7752914377739656f,0.8166849756887731f,-0.004418156710788795f,-0.577066833543141f,-0.012753054181004184f,0f,0f,0f,1f],start_interpolation:0}
execute if entity @s[tag=aj.ecual.bone.leg_left_1] run data modify entity @s {} merge value {transformation:[-0.5521693004200506f,-0.5076412909943236f,-0.6613693244710163f,0.11025416255740968f,-0.1677340578351937f,0.8446831411927005f,-0.5083066759614437f,1.088774156717597f,0.8166849756887731f,-0.16973718114322736f,-0.5515568328121586f,-0.07588289035392988f,0f,0f,0f,1f],start_interpolation:0}
execute if entity @s[tag=aj.ecual.bone.leg_right_2] run data modify entity @s {} merge value {transformation:[-0.5650433668167903f,0.4247711948387714f,-0.7073156478203976f,0.15230363784099185f,0.1677340578351937f,0.898526301119638f,0.4056054388668888f,0.9241526592146657f,0.8078312196606949f,0.1105437389973047f,-0.5789549225198883f,0.3018805001599958f,0f,0f,0f,1f],start_interpolation:0}
execute if entity @s[tag=aj.ecual.bone.leg_right_1] run data modify entity @s {} merge value {transformation:[-0.5650433668167903f,-0.6532201066010214f,-0.5040133787395891f,-0.04851846591145545f,0.1677340578351937f,0.5071754167064915f,-0.8453628703289119f,1.1316044307349498f,0.8078312196606949f,-0.5622068916517717f,-0.1770088458828175f,0.1183397784483657f,0f,0f,0f,1f],start_interpolation:0}
execute if entity @s[tag=aj.ecual.bone.skirt_forward_right] run data modify entity @s {} merge value {transformation:[-0.6500302536759491f,-0.20020910905088662f,-0.7330600125221887f,-0.007017014572370443f,0.25211069373425055f,0.8532142338808597f,-0.4565804082611657f,1.279683619756322f,0.7168687937208705f,-0.48160334691128126f,-0.5041402075147706f,0.0027596025291262713f,0f,0f,0f,1f],start_interpolation:0}
execute if entity @s[tag=aj.ecual.bone.skirt_forward_left] run data modify entity @s {} merge value {transformation:[-0.4927164081083567f,-0.4688854436019185f,-0.7330600125221887f,-0.007017014572370443f,-0.1544916843199812f,0.8761658805660277f,-0.4565804082611657f,1.279683619756322f,0.8563660786467283f,-0.11171298272890925f,-0.5041402075147706f,0.0027596025291262713f,0f,0f,0f,1f],start_interpolation:0}
execute if entity @s[tag=aj.ecual.bone.skirt_forward] run data modify entity @s {} merge value {transformation:[-0.5666520415574603f,-0.37620271375912606f,-0.7330600125221887f,-0.007017014572370443f,0f,0.8896821515530519f,-0.4565804082611657f,1.279683619756322f,0.823957197795348f,-0.25872222047632826f,-0.5041402075147706f,0.0027596025291262713f,0f,0f,0f,1f],start_interpolation:0}
execute if entity @s[tag=aj.ecual.bone.skirt_back_right] run data modify entity @s {} merge value {transformation:[-0.5200247042793675f,0.23556023012479896f,-0.821027213265619f,0.001010690061735703f,0.2977220810684477f,0.9509270346107016f,0.08425756518420266f,1.2720035930285505f,0.800584704689909f,-0.20062191512905378f,-0.5646370318944036f,0.0082804174842089f,0f,0f,0f,1f],start_interpolation:0}
execute if entity @s[tag=aj.ecual.bone.skirt_back_left] run data modify entity @s {} merge value {transformation:[-0.5700987838022216f,-0.030028183170475106f,-0.821027213265619f,0.001010690061735703f,-0.17303068627837143f,0.9813057853265034f,0.08425756518420266f,1.2720035930285505f,0.8031486526871993f,0.19009803760221922f,-0.5646370318944036f,0.0082804174842089f,0f,0f,0f,1f],start_interpolation:0}
execute if entity @s[tag=aj.ecual.bone.skirt_back] run data modify entity @s {} merge value {transformation:[-0.5666520415574603f,0.0694246273022345f,-0.821027213265619f,0.001010690061735703f,0f,0.9964440088179716f,0.08425756518420266f,1.2720035930285505f,0.823957197795348f,0.04774472132828924f,-0.5646370318944036f,0.0082804174842089f,0f,0f,0f,1f],start_interpolation:0}
execute if entity @s[tag=aj.ecual.bone.skirt_right] run data modify entity @s {} merge value {transformation:[-0.5440281279634978f,0.12646379051410941f,-0.8294819501793488f,-0.09340911937068473f,0.40873112492689967f,0.9032975948144956f,-0.13035460374815572f,1.3416968856373996f,0.7327839132380864f,-0.40995166165189645f,-0.5431089868602118f,0.17849171316426277f,0f,0f,0f,1f],start_interpolation:0}
execute if entity @s[tag=aj.ecual.bone.skirt_left] run data modify entity @s {} merge value {transformation:[-0.5374220480824624f,-0.254724821785983f,-0.8039233840366573f,0.12616854673283115f,-0.2585387728932053f,0.9571532289410014f,-0.13044308812156663f,1.3416968856373996f,0.8027049552268424f,0.13774237363249692f,-0.5802514914762035f,-0.14079170098143462f,0f,0f,0f,1f],start_interpolation:0}
execute if entity @s[tag=aj.ecual.bone.coat_downer] run data modify entity @s {} merge value {transformation:[-0.5666520415574603f,-0.10992382664092595f,-0.8165918295791221f,0.004138477517045316f,0f,0.9910609820073988f,-0.13340963212051277f,1.1674294579352984f,0.823957197795348f,-0.0755968404045183f,-0.561586728762434f,0.012327796590832482f,0f,0f,0f,1f],start_interpolation:0}
execute if entity @s[tag=aj.ecual.bone.body_2] run data modify entity @s {} merge value {transformation:[-0.5666520415574603f,-0.03833486586500912f,-0.8230649438883144f,0f,0f,0.9989171113385246f,-0.04652531219774673f,1.390625f,0.823957197795348f,-0.026363663140951392f,-0.5660384204866559f,0f,0f,0f,0f,1f],start_interpolation:0}
execute if entity @s[tag=aj.ecual.bone.book_left] run data modify entity @s {} merge value {transformation:[0.23747263179015435f,-0.49885779756244797f,-0.8335152349908197f,-1.3013020905815034f,0.16591567531838386f,0.8662817790670991f,-0.4711983318518714f,1.286683871279557f,0.9571200226901024f,-0.02639653514166887f,0.2884865423173363f,-0.02820404998051207f,0f,0f,0f,1f],start_interpolation:0}
execute if entity @s[tag=aj.ecual.bone.book_right] run data modify entity @s {} merge value {transformation:[-0.4214657665992728f,-0.49885779756244797f,-0.7573027831693417f,-1.310637374988913f,-0.21586743661347252f,0.8662817790670991f,-0.4505076348590222f,1.2841494620537757f,0.8807768488072423f,-0.02639653514166887f,-0.472795268099945f,0.06504557058123096f,0f,0f,0f,1f],start_interpolation:0}
execute if entity @s[tag=aj.ecual.bone.book_loot_1] run data modify entity @s {} merge value {transformation:[-0.09957636701236838f,-0.49885779756244797f,-0.8609445074705813f,-1.176828056664621f,-0.02703369840833572f,0.8662817790670991f,-0.498823674665416f,1.3602402178664788f,0.994662619325259f,-0.02639653514166887f,-0.09974716361646269f,0.03338283484282885f,0f,0f,0f,1f],start_interpolation:0}
execute if entity @s[tag=aj.ecual.bone.book_left2] run data modify entity @s {} merge value {transformation:[0.41662535145400015f,0.28236532898882205f,0.8641140766767227f,1.1037871904854708f,-0.21978506080590104f,0.9536265333871694f,-0.20564766438381016f,1.2795874339245075f,-0.8821098818017952f,-0.10424133443602933f,0.4593646706295758f,-0.053948685176828826f,0f,0f,0f,1f],start_interpolation:0}
execute if entity @s[tag=aj.ecual.bone.book_right2] run data modify entity @s {} merge value {transformation:[-0.31642231210951044f,0.28236532898882205f,0.9056195345642152f,1.0987031754120926f,-0.00999664887838303f,0.9536265333871694f,-0.3008263649203177f,1.2912458994088256f,-0.9485657528134113f,-0.10424133443602933f,-0.298926005534015f,0.03893455051877248f,0f,0f,0f,1f],start_interpolation:0}
execute if entity @s[tag=aj.ecual.bone.book_loot_2] run data modify entity @s {} merge value {transformation:[0.05422949411603378f,0.28236532898882205f,0.9577729287012413f,0.9575792436435955f,-0.12435696516606015f,0.9536265333871694f,-0.27410176948472464f,1.3265319320893751f,-0.9907545140864139f,-0.10424133443602933f,0.0868287798623793f,-0.020531384308385067f,0f,0f,0f,1f],start_interpolation:0}
execute if entity @s[tag=aj.ecual.bone.air_staff_povit_1] run data modify entity @s {} merge value {transformation:[-0.000008853938149335318f,0f,-0.000012874331215552314f,0.5623807623743607f,0f,0.000015625f,0f,1.5567475f,0.000012874331215552314f,0f,-0.000008853938149335318f,0.3955201896458419f,0f,0f,0f,1f],start_interpolation:0}