execute if entity @s[tag=aj.ecual.bone.wing_right_1] run data modify entity @s {} merge value {transformation:[0.5633649141569385f,0.2807832024845582f,-0.5203126090571946f,-0.24060664946670435f,-0.3171924760066326f,0.7500487573208682f,0.06132078970991445f,1.5259440053643984f,0.49895225333309307f,0.1597876693877889f,0.6264654771413121f,-0.047857585879401546f,0f,0f,0f,1f],start_interpolation:0}
execute if entity @s[tag=aj.ecual.bone.wing_right_2] run data modify entity @s {} merge value {transformation:[0.615117446401789f,0.042925160644715965f,-0.509693984382558f,-0.24060664946670435f,-0.005893619810336481f,0.7977198374330203f,0.060069345021957016f,1.5259440053643984f,0.5114643608089161f,-0.042432199441709784f,0.6136804674037343f,-0.047857585879401546f,0f,0f,0f,1f],start_interpolation:0}
execute if entity @s[tag=aj.ecual.bone.wing_left_1] run data modify entity @s {} merge value {transformation:[-0.5768094983729658f,0.28315384542625094f,-0.5040428025986468f,-0.24218580248732563f,0.22844805185819556f,0.7656967936856736f,0.16871381741315303f,1.5155204010933017f,0.5310807232741241f,-0.021834935407514626f,-0.6200168912270271f,0.07312642226938022f,0f,0f,0f,1f],start_interpolation:0}
execute if entity @s[tag=aj.ecual.bone.wing_left_2] run data modify entity @s {} merge value {transformation:[-0.6281738205648757f,0.04003063217929048f,-0.4937562147905112f,-0.24218580248732563f,-0.08028832438012762f,0.7786137603898027f,0.16527067828227238f,1.5155204010933017f,0.4888265910577681f,0.17932696567716f,-0.6073634852836184f,0.07312642226938022f,0f,0f,0f,1f],start_interpolation:0}
execute if entity @s[tag=aj.ecual.bone.staff] run data modify entity @s {} merge value {transformation:[-1.5153553623645086f,0.035224095361273224f,-0.37929360508596766f,0.5085183594059905f,0.3809191935861764f,0.1310409505084672f,-1.509680458655902f,1.5155438655077282f,-0.0022234457014383016f,-1.5565968593042379f,-0.13567433026698683f,0.13766189210333124f,0f,0f,0f,1f],start_interpolation:0}
execute if entity @s[tag=aj.ecual.bone.arm_right_2] run data modify entity @s {} merge value {transformation:[0.45117000127598245f,0.8587893126209353f,-0.24274790725501888f,0.4108276264364812f,-0.03320490986005842f,-0.2556632594343807f,-0.9661954935397774f,1.505766906550493f,-0.8918200849441636f,0.44397884443231045f,-0.08683157137087169f,0.3684181061764427f,0f,0f,0f,1f],start_interpolation:0}
execute if entity @s[tag=aj.ecual.bone.arm_right_1] run data modify entity @s {} merge value {transformation:[0.9690001231410105f,-0.04595883893240861f,-0.24274790725501888f,0.08854166672117117f,-0.245742604170865f,-0.07795409391909841f,-0.9661954935397774f,1.5908603683420923f,0.025482029903991222f,0.9958970551042096f,-0.08683157137087169f,0.3225514128608878f,0f,0f,0f,1f],start_interpolation:0}
execute if entity @s[tag=aj.ecual.bone.arm_left_2] run data modify entity @s {} merge value {transformation:[-0.22400106809305306f,-0.9704711029272222f,-0.08949502710425583f,0.014100317631460316f,0.7330002908184879f,-0.10724394030053672f,-0.6717211556358981f,1.3604499143776654f,0.642288171425555f,-0.21606613721736917f,0.7353783578504208f,-0.5393355191218778f,0f,0f,0f,1f],start_interpolation:0}
execute if entity @s[tag=aj.ecual.bone.arm_left_1] run data modify entity @s {} merge value {transformation:[0.20712489827142122f,-0.9742124597025339f,-0.08949502710425583f,0.0963030116329306f,0.7096471191009609f,0.21258329055426656f,-0.6717211556358981f,1.6420911147708592f,0.6734242666163432f,0.07562028786944942f,0.7353783578504208f,-0.27207026330851664f,0f,0f,0f,1f],start_interpolation:0}
execute if entity @s[tag=aj.ecual.bone.himo_right_2] run data modify entity @s {} merge value {transformation:[-0.042086718287077406f,-0.19616018461715895f,-0.9796682551327188f,0.26610991974721787f,0.22313359921869247f,0.9539257875915171f,-0.20059159670239318f,1.2704018988648988f,0.9738788964976786f,-0.22703914582922852f,0.003622322127887259f,0.18398455383209109f,0f,0f,0f,1f],start_interpolation:0}
execute if entity @s[tag=aj.ecual.bone.himo_right_1] run data modify entity @s {} merge value {transformation:[-0.010853137671010989f,0.01471976304090275f,-0.9998327550039123f,0.2626209205986127f,0.07111405231356005f,0.9973711743433586f,0.013911583392768656f,1.4574959414504833f,0.9974091442162731f,-0.07095117451437565f,-0.01187138866318034f,0.17060701243150078f,0f,0f,0f,1f],start_interpolation:0}
execute if entity @s[tag=aj.ecual.bone.himo_left_2] run data modify entity @s {} merge value {transformation:[-0.042086718287077406f,-0.19616018461715895f,-0.9796682551327188f,0.27017345111463115f,0.22313359921869247f,0.9539257875915171f,-0.20059159670239318f,1.297224279194096f,0.9738788964976786f,-0.22703914582922852f,0.003622322127887259f,-0.12733569547126203f,0f,0f,0f,1f],start_interpolation:0}
execute if entity @s[tag=aj.ecual.bone.himo_left_1] run data modify entity @s {} merge value {transformation:[-0.010853137671010989f,0.01471976304090275f,-0.9998327550039123f,0.26668445196602597f,0.07111405231356005f,0.9973711743433586f,0.013911583392768656f,1.4843183217796805f,0.9974091442162731f,-0.07095117451437565f,-0.01187138866318034f,-0.14071323687185233f,0f,0f,0f,1f],start_interpolation:0}
execute if entity @s[tag=aj.ecual.bone.ponpon1] run data modify entity @s {} merge value {transformation:[-0.8725298359525514f,0.2556076538727026f,-0.4163609163385848f,0.5061557538945743f,0.15515405966611462f,0.9530734908328005f,0.2599579559099963f,2.131171495329087f,0.46326979519685624f,0.16222098616847475f,-0.8712436217871496f,-0.001984138231064067f,0f,0f,0f,1f],start_interpolation:0}
execute if entity @s[tag=aj.ecual.bone.ponpon2] run data modify entity @s {} merge value {transformation:[-0.8725298359525514f,0.2556076538727026f,-0.4163609163385848f,0.46789083010196486f,0.15515405966611462f,0.9530734908328005f,0.2599579559099963f,2.030590090104069f,0.46326979519685624f,0.16222098616847475f,-0.8712436217871496f,-0.12131346836455079f,0f,0f,0f,1f],start_interpolation:0}
execute if entity @s[tag=aj.ecual.bone.ponpon3] run data modify entity @s {} merge value {transformation:[-0.8725298359525514f,0.2556076538727026f,-0.4163609163385848f,-0.006455524727549636f,0.15515405966611462f,0.9530734908328005f,0.2599579559099963f,2.222324505382929f,0.46326979519685624f,0.16222098616847475f,-0.8712436217871496f,0.270186866447089f,0f,0f,0f,1f],start_interpolation:0}
execute if entity @s[tag=aj.ecual.bone.ponpon4] run data modify entity @s {} merge value {transformation:[-0.8725298359525514f,0.2556076538727026f,-0.4163609163385848f,-0.11016018621660043f,0.15515405966611462f,0.9530734908328005f,0.2599579559099963f,2.1333796546328703f,0.46326979519685624f,0.16222098616847475f,-0.8712436217871496f,0.18560277095336644f,0f,0f,0f,1f],start_interpolation:0}
execute if entity @s[tag=aj.ecual.bone.ear_edge_a1] run data modify entity @s {} merge value {transformation:[-0.7847748827183888f,0.4590990860370258f,-0.4163609163385848f,0.4443685955731602f,0.38111466655646553f,0.887227970757601f,0.2599579559099963f,2.24633442251925f,0.48875351087219066f,0.04532722256345526f,-0.8712436217871496f,0.03679752531365041f,0f,0f,0f,1f],start_interpolation:0}
execute if entity @s[tag=aj.ecual.bone.ear_edge_a2] run data modify entity @s {} merge value {transformation:[-0.8469319215775304f,0.33068097550159337f,-0.4163609163385848f,0.3501471308111301f,0.23762947961342978f,0.935924191148913f,0.2599579559099963f,2.2831374432762575f,0.475645404299928f,0.12122706324731142f,-0.8712436217871496f,0.09280639841655042f,0f,0f,0f,1f],start_interpolation:0}
execute if entity @s[tag=aj.ecual.bone.ear_edge_b1] run data modify entity @s {} merge value {transformation:[-0.7417754555213024f,0.5257497132018788f,-0.4163609163385848f,0.329801213193357f,0.45699142296643075f,0.8506354686316656f,0.2599579559099963f,2.284402352287714f,0.490844183953809f,0.0025570635363472705f,-0.8712436217871496f,0.10290698089893867f,0f,0f,0f,1f],start_interpolation:0}
execute if entity @s[tag=aj.ecual.bone.ear_edge_b2] run data modify entity @s {} merge value {transformation:[-0.8679359767684757f,0.2707964689146546f,-0.4163609163385848f,0.3577604180556556f,0.1717638548779365f,0.950220521414144f,0.2599579559099963f,2.28684591544818f,0.46603038354641935f,0.15411110637065367f,-0.8712436217871496f,0.09027458256968916f,0f,0f,0f,1f],start_interpolation:0}
execute if entity @s[tag=aj.ecual.bone.ear_right_2] run data modify entity @s {} merge value {transformation:[-0.8148883438878283f,0.4032376152362847f,-0.4163609163385848f,0.4283244077436102f,0.318296395736284f,0.9116519432439045f,0.2599579559099963f,2.379264051194193f,0.4844010646737298f,0.07931052917593395f,-0.8712436217871496f,0.04825963194732473f,0f,0f,0f,1f],start_interpolation:0}
execute if entity @s[tag=aj.ecual.bone.ear_right_1] run data modify entity @s {} merge value {transformation:[-0.8148883438878283f,0.4032376152362847f,-0.4163609163385848f,0.33759594431544626f,0.318296395736284f,0.9116519432439045f,0.2599579559099963f,2.174142363964315f,0.4844010646737298f,0.07931052917593395f,-0.8712436217871496f,0.03041476288273962f,0f,0f,0f,1f],start_interpolation:0}
execute if entity @s[tag=aj.ecual.bone.ear_edge_a3] run data modify entity @s {} merge value {transformation:[-0.9246853080000121f,0.2691201200887714f,-0.2693166206017139f,0.10923115467475292f,-0.05506674554045944f,0.6053925815631854f,0.7940198207373945f,2.2538173532792793f,0.37672899371365687f,0.7490488523131633f,-0.5449780565709301f,0.26820117352033623f,0f,0f,0f,1f],start_interpolation:0}
execute if entity @s[tag=aj.ecual.bone.ear_edge_a4] run data modify entity @s {} merge value {transformation:[-0.8712012354135863f,0.4104594563187859f,-0.2693166206017139f,0.21371683644822326f,0.04031548211133016f,0.6065535311728776f,0.7940198207373945f,2.255286086084982f,0.48926789115572644f,0.6808934193691402f,-0.5449780565709301f,0.21870646922504283f,0f,0f,0f,1f],start_interpolation:0}
execute if entity @s[tag=aj.ecual.bone.ear_edge_b3] run data modify entity @s {} merge value {transformation:[-0.9581902887040721f,0.27317142510925596f,-0.08513955095597298f,0.2150770058497308f,-0.03952350509674272f,0.16834110796150653f,0.984936121743517f,2.298852457431327f,0.2833888903575339f,0.9471212403246325f,-0.15050612262580892f,0.17176829024181803f,0f,0f,0f,1f],start_interpolation:0}
execute if entity @s[tag=aj.ecual.bone.ear_edge_b4] run data modify entity @s {} merge value {transformation:[-0.826878505186359f,0.555898546970387f,-0.08513955095597298f,0.19490784745247453f,0.014431176142931398f,0.17231534243929508f,0.984936121743517f,2.3006508404496198f,0.5621954098139755f,0.8131938441947533f,-0.15050612262580892f,0.1949466528471855f,0f,0f,0f,1f],start_interpolation:0}
execute if entity @s[tag=aj.ecual.bone.ear_left_2] run data modify entity @s {} merge value {transformation:[-0.903659950473257f,0.4197022167843359f,-0.08513955095597298f,0.19438113759483872f,-0.012702553995267263f,0.1724513879527711f,0.984936121743517f,2.349676684852293f,0.42806230741875384f,0.8911288167372194f,-0.15050612262580892f,0.3084448188613582f,0f,0f,0f,1f],start_interpolation:0}
execute if entity @s[tag=aj.ecual.bone.ear_left_1] run data modify entity @s {} merge value {transformation:[-0.903659950473257f,0.3329673434112464f,-0.2693166206017139f,0.1194634853273084f,-0.012702553995267263f,0.6077591376508897f,0.7940198207373945f,2.2129308788808433f,0.42806230741875384f,0.7209449207973546f,-0.5449780565709301f,0.1462322116819537f,0f,0f,0f,1f],start_interpolation:0}
execute if entity @s[tag=aj.ecual.bone.head] run data modify entity @s {} merge value {transformation:[-0.8725298359525514f,0.2556076538727026f,-0.4163609163385848f,0.11054207084719794f,0.15515405966611462f,0.9530734908328005f,0.2599579559099963f,1.6969627712485813f,0.46326979519685624f,0.16222098616847475f,-0.8712436217871496f,0.03241159505185173f,0f,0f,0f,1f],start_interpolation:0}
execute if entity @s[tag=aj.ecual.bone.body_1] run data modify entity @s {} merge value {transformation:[-0.013003300375722612f,0.218804306960266f,-0.9756821149508563f,0.028490455737098186f,-0.08583161705343122f,0.9719188491122162f,0.21910427712479394f,1.3324932028315002f,0.9962247977707299f,0.08659345238540303f,0.0061421747488222f,-0.000060949592674402545f,0f,0f,0f,1f],start_interpolation:0}
execute if entity @s[tag=aj.ecual.bone.leg_left_2] run data modify entity @s {} merge value {transformation:[0.020417634742555254f,-0.5140187516411481f,-0.8575359136227444f,0.3489676610847262f,-0.0940847960918493f,0.8529206259952505f,-0.5134924117221455f,0.8252194390384594f,0.9953547967111399f,0.09116539208025018f,-0.03094672762958176f,-0.1563588572993044f,0f,0f,0f,1f],start_interpolation:0}
execute if entity @s[tag=aj.ecual.bone.leg_left_1] run data modify entity @s {} merge value {transformation:[0.020417634742555254f,-0.6874391968945908f,-0.7259548682696738f,0.0908205296350238f,-0.0940847960918493f,0.7215629021961106f,-0.6859264022609726f,1.0988955466217305f,0.9953547967111399f,0.08230631049467715f,-0.04994496888455392f,-0.12519457827090524f,0f,0f,0f,1f],start_interpolation:0}
execute if entity @s[tag=aj.ecual.bone.leg_right_2] run data modify entity @s {} merge value {transformation:[-0.016158745058822126f,0.45452010931788367f,-0.8905898973061521f,0.37311924068534486f,0.09408479609184928f,0.8874453327284646f,0.45120819203868606f,1.0434256909175657f,0.9954330445100158f,-0.07650001074590516f,-0.05710343469001895f,0.1394357769660333f,0f,0f,0f,1f],start_interpolation:0}
execute if entity @s[tag=aj.ecual.bone.leg_right_1] run data modify entity @s {} merge value {transformation:[-0.016158745058822126f,-0.9943227357645322f,-0.10517220212517961f,0.06340945755650634f,0.09408479609184928f,0.10320717213906147f,-0.990200146820537f,1.1443992371308034f,0.9954330445100158f,-0.025895496921159552f,0.09188295346105871f,0.12486463427196591f,0f,0f,0f,1f],start_interpolation:0}
execute if entity @s[tag=aj.ecual.bone.skirt_forward_right] run data modify entity @s {} merge value {transformation:[-0.11963407496168815f,-0.5682487520111894f,-0.8141136554227467f,0.011918833611263262f,0.17065372499555156f,0.7960285066338524f,-0.5807029557109398f,1.2802436584994472f,0.9780414072283462f,-0.2084033888016331f,0.001741632220507934f,0.006224516357543901f,0f,0f,0f,1f],start_interpolation:0}
execute if entity @s[tag=aj.ecual.bone.skirt_forward_left] run data modify entity @s {} merge value {transformation:[0.10294457232540212f,-0.5715079798943783f,-0.8141136554227467f,0.011918833611263262f,-0.14136967617294321f,0.8017472743248557f,-0.5807029557109398f,1.2802436584994472f,0.9845897773628858f,0.1748712012588444f,0.001741632220507934f,0.006224516357543901f,0f,0f,0f,1f],start_interpolation:0}
execute if entity @s[tag=aj.ecual.bone.skirt_forward] run data modify entity @s {} merge value {transformation:[0.0021392937258145504f,-0.5807016268933365f,-0.8141136554227467f,0.011918833611263262f,0f,0.8141155183563192f,-0.5807029557109398f,1.2802436584994472f,0.9999977117085591f,0.001242294189714378f,0.001741632220507934f,0.006224516357543901f,0f,0f,0f,1f],start_interpolation:0}
execute if entity @s[tag=aj.ecual.bone.skirt_back_right] run data modify entity @s {} merge value {transformation:[-0.011019859235022699f,-0.06008366169656018f,-0.9981325143985509f,0.022671886937343344f,0.21433480249595022f,0.9748505876593002f,-0.061048539534856866f,1.27405677196559f,0.9766980880197638f,-0.21460728165057744f,0.002135303511781071f,0.00620151236539023f,0f,0f,0f,1f],start_interpolation:0}
execute if entity @s[tag=aj.ecual.bone.skirt_back_left] run data modify entity @s {} merge value {transformation:[0.012707736428504476f,-0.059749453012475924f,-0.9981325143985509f,0.022671886937343344f,-0.17332428881190604f,0.982970888037132f,-0.061048539534856866f,1.27405677196559f,0.9847828209014973f,0.1737763969479225f,0.002135303511781071f,0.00620151236539023f,0f,0f,0f,1f],start_interpolation:0}
execute if entity @s[tag=aj.ecual.bone.skirt_back] run data modify entity @s {} merge value {transformation:[0.0021392937258145504f,-0.06104839983800639f,-0.9981325143985509f,0.022671886937343344f,0f,0.9981347984218669f,-0.061048539534856866f,1.27405677196559f,0.9999977117085591f,0.0001306007575970609f,0.002135303511781071f,0.00620151236539023f,0f,0f,0f,1f],start_interpolation:0}
execute if entity @s[tag=aj.ecual.bone.skirt_right] run data modify entity @s {} merge value {transformation:[-0.06134939388507814f,-0.26659904364485343f,-0.9618530042566705f,0.03144133218387957f,0.30228770539958955f,0.9134473470927313f,-0.27246300162315995f,1.3457175876014789f,0.9512404506927702f,-0.3074717775941405f,0.0245501720750561f,0.1999331952607472f,0f,0f,0f,1f],start_interpolation:0}
execute if entity @s[tag=aj.ecual.bone.skirt_left] run data modify entity @s {} merge value {transformation:[0.05145128803283372f,-0.26860823881839835f,-0.9618744091609052f,0.03061235586512643f,-0.25406381026660135f,0.9279408410227337f,-0.2727221587528934f,1.3457175876014789f,0.9658179669443816f,0.2584093837322867f,-0.02049988113431287f,-0.18756591802631944f,0f,0f,0f,1f],start_interpolation:0}
execute if entity @s[tag=aj.ecual.bone.coat_downer] run data modify entity @s {} merge value {transformation:[0.0021392937258145504f,-0.2756367250783971f,-0.9612594962914075f,0.04265050057792573f,0f,0.9612616959383189f,-0.27563735581699916f,1.1712926761984126f,0.9999977117085591f,0.0005896692658994192f,0.0020564211149866995f,0.007721275720239936f,0f,0f,0f,1f],start_interpolation:0}
execute if entity @s[tag=aj.ecual.bone.body_2] run data modify entity @s {} merge value {transformation:[0.0021392937258145504f,-0.19080855874995384f,-0.9816249371985819f,0f,0f,0.981627183447664f,-0.1908089953765448f,1.390625f,0.9999977117085591f,0.00040819648663801986f,0.002099988874638596f,0f,0f,0f,0f,1f],start_interpolation:0}
execute if entity @s[tag=aj.ecual.bone.book_left] run data modify entity @s {} merge value {transformation:[-0.05565469376669985f,-0.7593461569537305f,-0.6483023746534753f,-1.3843884299275244f,0.12186436447532278f,0.6392880750292325f,-0.7592495201160447f,0.7833760615891785f,0.9909851823981831f,-0.12126075640956063f,0.056957854789490114f,0.06642719599886465f,0f,0f,0f,1f],start_interpolation:0}
execute if entity @s[tag=aj.ecual.bone.book_right] run data modify entity @s {} merge value {transformation:[-0.3244247050043196f,-0.7593461569537305f,-0.5640408005654027f,-1.402637220957562f,-0.2104260899326455f,0.6392880750292325f,-0.7396158582677068f,0.7791239384108215f,0.9222090172290217f,-0.12126075640956063f,-0.3671870878672925f,0.15828558469809073f,0f,0f,0f,1f],start_interpolation:0}
execute if entity @s[tag=aj.ecual.bone.book_loot_1] run data modify entity @s {} merge value {transformation:[-0.19465377098706524f,-0.7593461569537305f,-0.6208891393478512f,-1.3003794545403655f,-0.04535598056914072f,0.6392880750292325f,-0.7676285508968711f,0.8963942826345307f,0.9798228127917448f,-0.12126075640956063f,-0.15888072409154705f,0.13618849896220975f,0f,0f,0f,1f],start_interpolation:0}
execute if entity @s[tag=aj.ecual.bone.book_left2] run data modify entity @s {} merge value {transformation:[-0.018009059754503787f,0.5050596051118624f,0.8628965575612222f,1.5499597903811118f,-0.24093145992678747f,0.8354127942233975f,-0.49400151301934486f,0.7752359878646865f,-0.9703750333681844f,-0.21679543014580516f,0.10663974907880168f,0.0292988130450718f,0f,0f,0f,1f],start_interpolation:0}
execute if entity @s[tag=aj.ecual.bone.book_right2] run data modify entity @s {} merge value {transformation:[-0.3809975943112722f,0.5050596051118624f,0.7744389119958217f,1.5691173376546157f,-0.009583997544245021f,0.8354127942233975f,-0.5495394528502272f,0.7872640121353134f,-0.9245263544756821f,-0.21679543014580516f,-0.3134497748408829f,0.12027890710200641f,0f,0f,0f,1f],start_interpolation:0}
execute if entity @s[tag=aj.ecual.bone.book_loot_2] run data modify entity @s {} merge value {transformation:[-0.20434717091737523f,0.5050596051118624f,0.8385445897639039f,1.4337568755532781f,-0.12829892555335312f,0.8354127942233975f,-0.5344388168440896f,0.8614158225266134f,-0.9704543366073025f,-0.21679543014580516f,-0.10591563637147784f,0.09067620552926078f,0f,0f,0f,1f],start_interpolation:0}
execute if entity @s[tag=aj.ecual.bone.air_staff_povit_1] run data modify entity @s {} merge value {transformation:[3.342646446585235e-8f,0f,-0.00001562496424544624f,0.6875138671521004f,0f,0.000015625f,0f,1.5567475f,0.00001562496424544624f,0f,3.342646446585235e-8f,0.005746719047759022f,0f,0f,0f,1f],start_interpolation:0}