# This file was generated by Animated Java via MC-Build. It is not recommended to edit this file directly.
$data merge entity $(bone_wing_right_1) { transformation: [-0.4236935209975951f,-0.4943665568856451f,0.4929806813072262f,0.18642378520684444f,-0.11431324289819958f,0.6180002474415267f,0.5214907679957081f,1.555963779401298f,-0.6887385042287109f,0.20154861954299846f,-0.38982287156804185f,-0.05916721798042736f,0f,0f,0f,1f], start_interpolation: 0, interpolation_duration: 1 }
$data merge entity $(bone_wing_right_2) { transformation: [-0.5917653699369957f,-0.23791209380696482f,0.4829198510764665f,0.18642378520684444f,0.18020931174719637f,0.5886924693258113f,0.5108480992611019f,1.555963779401298f,-0.5072852756614689f,0.486661085540507f,-0.3818673027605308f,-0.05916721798042736f,0f,0f,0f,1f], start_interpolation: 0, interpolation_duration: 1 }
$data merge entity $(bone_wing_left_1) { transformation: [0.21154047141905047f,-0.45695825020536707f,0.6429496333038066f,0.17204843073129142f,0.5889633514376251f,0.5343066269098246f,0.18596516756653753f,1.5864734109380147f,-0.5247068172414103f,0.41551176933263756f,0.467949965200228f,-0.13812482421341093f,0f,0f,0f,1f], start_interpolation: 0, interpolation_duration: 1 }
$data merge entity $(bone_wing_left_2) { transformation: [0.39050304797677876f,-0.3013698601679933f,0.6298282122159738f,0.17204843073129142f,0.27007496723483326f,0.7306665571400917f,0.18216996006517963f,1.5864734109380147f,-0.6438686835014957f,0.12370363640317752f,0.4583999659104275f,-0.13812482421341093f,0f,0f,0f,1f], start_interpolation: 0, interpolation_duration: 1 }
$data merge entity $(bone_blade) { transformation: [-0.5247845081545011f,-1.7980944614656025f,-0.7010403181328189f,-0.19350326297066828f,1.87948427168553f,-0.31115252847127656f,-0.6088702460398613f,2.241060609832019f,0.4383378748040695f,-0.8185599621729963f,1.7713891429721458f,-0.6994259833045725f,0f,0f,0f,1f], start_interpolation: 0, interpolation_duration: 1 }
$data merge entity $(bone_arm_right_2) { transformation: [0.16767145550050552f,-0.3194818727046638f,0.9326401321106995f,-0.17870992820174297f,0.7701222918661393f,0.6330595035140073f,0.0784048504969116f,2.042987535986152f,-0.61546562745712f,0.7051007006263144f,0.3521861203896229f,-0.4841385219779243f,0f,0f,0f,1f], start_interpolation: 0, interpolation_duration: 1 }
$data merge entity $(bone_arm_right_1) { transformation: [0.10144498230447685f,-0.3462532303701749f,0.9326401321106995f,-0.21833687441442923f,0.8797470532292537f,0.46893261962994337f,0.0784048504969116f,1.699336343318475f,-0.4644933130839329f,0.8125336292764855f,0.3521861203896229f,-0.302695821554513f,0f,0f,0f,1f], start_interpolation: 0, interpolation_duration: 1 }
$data merge entity $(bone_arm_left_2) { transformation: [0.25909171000457903f,-0.08106642987834035f,0.9624446580212718f,-0.2896680907983272f,0.26744461091127353f,0.963529683481f,0.009161285145712794f,1.4088853429593033f,-0.928086669391076f,0.25502702405389066f,0.27132333313004187f,0.6000427153198591f,0f,0f,0f,1f], start_interpolation: 0, interpolation_duration: 1 }
$data merge entity $(bone_arm_left_1) { transformation: [0.2491986291701831f,-0.10770479778551345f,0.9624446580212718f,-0.19920819169105086f,0.36669579847654765f,0.9302957928713458f,0.009161285145712794f,1.5249848494029588f,-0.8963449305927649f,0.35064143266284953f,0.27132333313004187f,0.2752410614108296f,0f,0f,0f,1f], start_interpolation: 0, interpolation_duration: 1 }
$data merge entity $(bone_ear_edge_a1) { transformation: [-0.9352844646844614f,-0.2812118389589018f,0.21485546711511197f,-0.320059843824008f,-0.25494082044077526f,0.956461756620229f,0.14207774701173215f,2.226349705354033f,-0.24545498200868657f,0.07810768049492954f,-0.9662561989735522f,0.0521839594734705f,0f,0f,0f,1f], start_interpolation: 0, interpolation_duration: 1 }
$data merge entity $(bone_ear_edge_a2) { transformation: [-0.8797783373180921f,-0.4240603794703772f,0.21485546711511197f,-0.42567054089141243f,-0.4014256591194374f,0.9048045943763744f,0.14207774701173215f,2.1892295482207493f,-0.2546517570847266f,0.03874842653378379f,-0.9662561989735522f,0.02324237651162744f,0f,0f,0f,1f], start_interpolation: 0, interpolation_duration: 1 }
$data merge entity $(bone_ear_edge_b1) { transformation: [-0.9620407296056813f,-0.23528446448713314f,0.13827094904849418f,-0.43657322019499845f,-0.17843145056639415f,0.9256562067141423f,0.33365072219366987f,2.176461865998933f,-0.20649419369207628f,0.2963136982027458f,-0.9325011207654771f,-0.007990156440561681f,0f,0f,0f,1f], start_interpolation: 0, interpolation_duration: 1 }
$data merge entity $(bone_ear_edge_b2) { transformation: [-0.8422482067938942f,-0.5210557578625328f,0.13827094904849418f,-0.41567018233389186f,-0.45574189259648495f,0.8252130166885496f,0.33365072219366987f,2.196570431087924f,-0.2879536168987005f,0.21800085845263328f,-0.9325011207654771f,0.002304222765537144f,0f,0f,0f,1f], start_interpolation: 0, interpolation_duration: 1 }
$data merge entity $(bone_ear_right_2) { transformation: [-0.9133898124748491f,-0.3828840491798903f,0.13827094904849418f,-0.4089848390134264f,-0.3210391968284014f,0.8863470142553747f,0.33365072219366987f,2.3194915569370336f,-0.25030558237269673f,0.26036277614934467f,-0.9325011207654771f,0.01376491802912806f,0f,0f,0f,1f], start_interpolation: 0, interpolation_duration: 1 }
$data merge entity $(bone_ear_right_1) { transformation: [-0.9133898124748491f,-0.3457689672569054f,0.21485546711511197f,-0.33118682138062283f,-0.3210391968284014f,0.9363480912053194f,0.14207774701173215f,2.108813236415837f,-0.25030558237269673f,0.060795340103068495f,-0.9662561989735522f,0.00008596650593767005f,0f,0f,0f,1f], start_interpolation: 0, interpolation_duration: 1 }
$data merge entity $(bone_ear_edge_a3) { transformation: [-0.7826997963340885f,-0.584138816608966f,0.21485546711511197f,-0.6637874070609087f,-0.5666951947900734f,0.8115851588132392f,0.14207774701173215f,2.0619599889921747f,-0.25736663540641197f,-0.0105533371388217f,-0.9662561989735522f,-0.04841862066568646f,0f,0f,0f,1f], start_interpolation: 0, interpolation_duration: 1 }
$data merge entity $(bone_ear_edge_a4) { transformation: [-0.8644429063108253f,-0.45450587452709645f,0.21485546711511197f,-0.5687967702149263f,-0.432758346411906f,0.8902438583977441f,0.14207774701173215f,2.120778592408926f,-0.2558489306988137f,0.02983760388262237f,-0.9662561989735522f,-0.018647973566612602f,0f,0f,0f,1f], start_interpolation: 0, interpolation_duration: 1 }
$data merge entity $(bone_ear_edge_b3) { transformation: [-0.7236276096062134f,-0.6828552136769969f,0.10035855603654606f,-0.5399090469372576f,-0.6277492861591731f,0.7116028796596666f,0.31551889862053956f,2.1270409028145814f,-0.28686916241075133f,0.1653181744824591f,-0.9435973637328269f,-0.03823460554201251f,0f,0f,0f,1f], start_interpolation: 0, interpolation_duration: 1 }
$data merge entity $(bone_ear_edge_b4) { transformation: [-0.8992246192108028f,-0.4258206716863874f,0.10035855603654606f,-0.5700304754572438f,-0.3771276661403251f,0.8707597533446484f,0.31551889862053956f,2.1227467185956206f,-0.2217426608407551f,0.24587437345059093f,-0.9435973637328269f,-0.042874126078553065f,0f,0f,0f,1f], start_interpolation: 0, interpolation_duration: 1 }
$data merge entity $(bone_ear_left_2) { transformation: [-0.8215406429922806f,-0.5612478348662822f,0.10035855603654606f,-0.66807412741454f,-0.5087014349556882f,0.8010434911334746f,0.31551889862053956f,2.19558059026457f,-0.257475866802801f,0.20815905738306245f,-0.9435973637328269f,-0.06206563409219212f,0f,0f,0f,1f], start_interpolation: 0, interpolation_duration: 1 }
$data merge entity $(bone_ear_left_1) { transformation: [-0.8215406429922806f,-0.5281175060179099f,0.21485546711511197f,-0.5492476885605104f,-0.5087014349556882f,0.8491388366327933f,0.14207774701173215f,2.004524352022192f,-0.257475866802801f,0.007425359205380851f,-0.9662561989735522f,-0.06373633991340281f,0f,0f,0f,1f], start_interpolation: 0, interpolation_duration: 1 }
$data merge entity $(bone_head) { transformation: [-0.8722434687195507f,-0.43935004213819423f,0.21485546711511197f,-0.2217645917220893f,-0.41715553757458257f,0.8976609444968245f,0.14207774701173215f,1.592177630570275f,-0.25528922567736195f,0.03429823899612944f,-0.9662561989735522f,-0.01920752797132541f,0f,0f,0f,1f], start_interpolation: 0, interpolation_duration: 1 }
$data merge entity $(bone_body_1) { transformation: [-0.16301612108658925f,-0.5060600941719385f,0.8469527291133615f,-0.03199205640761234f,0.3581066166997119f,0.7695449649261403f,0.5287345250999891f,1.3035982687229724f,-0.9193396517836963f,0.3894916276937336f,0.055775232986675735f,-0.16526688835647552f,0f,0f,0f,1f], start_interpolation: 0, interpolation_duration: 1 }
$data merge entity $(bone_leg_left_2) { transformation: [-0.17894602310043073f,-0.022745372087019655f,0.9835959378043218f,-0.16603195596845707f,-0.23791574426754428f,0.9710624435027398f,-0.020828572877383655f,0.7335247082310532f,-0.9546593211434959f,-0.23774014988451367f,-0.17917924457572745f,0.00834745180549716f,0f,0f,0f,1f], start_interpolation: 0, interpolation_duration: 1 }
$data merge entity $(bone_leg_left_1) { transformation: [-0.17894602310043073f,0.45610239606479364f,0.87175049476355f,0.005239041994917863f,-0.23791574426754428f,0.8396950426069432f,-0.48816834601492176f,1.0212700062115876f,-0.9546593211434959f,-0.29475895190015516f,-0.04174614746969353f,-0.09546696501473739f,0f,0f,0f,1f], start_interpolation: 0, interpolation_duration: 1 }
$data merge entity $(bone_leg_right_2) { transformation: [-0.16483377866967502f,-0.6106449519724554f,0.7745595961835562f,-0.3590827028879538f,0.39405121235905766f,0.6791354714971725f,0.6192726809674958f,0.9797257254391735f,-0.9041866330840296f,0.407293203951245f,0.1286809176501943f,-0.31762613514866833f,0f,0f,0f,1f], start_interpolation: 0, interpolation_duration: 1 }
$data merge entity $(bone_leg_right_1) { transformation: [-0.1647105599507452f,0.9859831598486406f,0.026601502506470087f,-0.03293811513220936f,0.39406252600500097f,0.09050503021595581f,-0.9146166219264588f,1.0699686951493041f,-0.9042041567252773f,-0.14016436066453808f,-0.4034461487735772f,-0.3377079772204292f,0f,0f,0f,1f], start_interpolation: 0, interpolation_duration: 1 }
$data merge entity $(bone_coat_downer) { transformation: [-0.15176389583503105f,-0.29790912744851206f,0.9424531137960339f,-0.01952267220387662f,0.1825726074972274f,0.9286414883724515f,0.3229430740317266f,1.1051009033813064f,-0.9714087517171323f,0.2210772214776188f,-0.08654420391394624f,-0.21256426324213987f,0f,0f,0f,1f], start_interpolation: 0, interpolation_duration: 1 }
$data merge entity $(bone_body_2) { transformation: [-0.15176389583503105f,-0.07557861387822637f,0.9855230048280049f,-0.03522411330608164f,0.1825726074972274f,0.977771860291173f,0.10309913779659914f,1.3221454549190432f,-0.9714087517171323f,0.1955762315491961f,-0.1345918821488802f,-0.16127606813257628f,0f,0f,0f,1f], start_interpolation: 0, interpolation_duration: 1 }