# This file was generated by Animated Java via MC-Build. It is not recommended to edit this file directly.
$data merge entity $(bone_wing_right_1) { transformation: [-0.45255678403411365f,-0.49397513878130334f,0.4670389319265979f,0.18113131755711087f,-0.13514695698778353f,0.6152405920543219f,0.519767985114545f,1.558670320793972f,-0.6662372713126212f,0.2107415967460716f,-0.422682294589297f,-0.07461641231569743f,0f,0f,0f,1f], start_interpolation: 0, interpolation_duration: 1 }
$data merge entity $(bone_wing_right_2) { transformation: [-0.6166678583230099f,-0.22451640683938573f,0.45750752515258575f,0.18113131755711087f,0.160858457405142f,0.5957181944181652f,0.5091604752142482f,1.558670320793972f,-0.4835755465204486f,0.4844710681754819f,-0.41405612531196445f,-0.07461641231569743f,0f,0f,0f,1f], start_interpolation: 0, interpolation_duration: 1 }
$data merge entity $(bone_wing_left_1) { transformation: [0.23952351042526626f,-0.456411624855415f,0.6334519406354691f,0.16516641297579038f,0.5974122031354112f,0.5337307569146553f,0.15866500279723783f,1.5914204660797702f,-0.5026644924230234f,0.41685051549037727f,0.4904166598281049f,-0.15853022067750594f,0f,0f,0f,1f], start_interpolation: 0, interpolation_duration: 1 }
$data merge entity $(bone_wing_left_2) { transformation: [0.41457049801412993f,-0.2882374597804151f,0.6205243500102554f,0.16516641297579038f,0.27767672738718474f,0.7339878070640071f,0.15542694151566155f,1.5914204660797702f,-0.6253214671221989f,0.13483718278243353f,0.48040815656630687f,-0.15853022067750594f,0f,0f,0f,1f], start_interpolation: 0, interpolation_duration: 1 }
$data merge entity $(bone_blade) { transformation: [-1.6513872116035648f,-0.897590751566137f,-0.6835576932894109f,-0.20129783853579203f,1.0975177439490622f,-1.5588560159739837f,-0.6045020456364691f,2.2475394425427333f,-0.26148628849169686f,-0.8742418224751396f,1.779698333079565f,-0.7154837738217601f,0f,0f,0f,1f], start_interpolation: 0, interpolation_duration: 1 }
$data merge entity $(bone_arm_right_2) { transformation: [0.16206264662952724f,-0.31331985131976486f,0.9357170348649178f,-0.18451367703694982f,0.7676945515258482f,0.6358107458352915f,0.0799360434215815f,2.05018763167083f,-0.6199844950681912f,0.7053902226777251f,0.3435751149686334f,-0.49963728644958905f,0f,0f,0f,1f], start_interpolation: 0, interpolation_duration: 1 }
$data merge entity $(bone_arm_right_1) { transformation: [0.09711894525594156f,-0.3391187714296866f,0.9357170348649178f,-0.22245076502755198f,0.877966143792045f,0.4720017789341785f,0.0799360434215815f,1.7072321067520624f,-0.46876791787333283f,0.8137645725558411f,0.3435751149686334f,-0.31652481853031844f,0f,0f,0f,1f], start_interpolation: 0, interpolation_duration: 1 }
$data merge entity $(bone_arm_left_2) { transformation: [0.2410618784938401f,-0.07590818152554009f,0.9675366239654741f,-0.28299622157175924f,0.2544489689762942f,0.967005795121149f,0.012470540846926892f,1.4199021877660256f,-0.9365601384448955f,0.2431825244124249f,0.25242299201237267f,0.5888878583709594f,0f,0f,0f,1f], start_interpolation: 0, interpolation_duration: 1 }
$data merge entity $(bone_arm_left_1) { transformation: [0.23180675073642348f,-0.10069017627611399f,0.9675366239654741f,-0.1988417826175941f,0.35413470063573615f,0.9351112764888585f,0.012470540846926892f,1.5314515611723682f,-0.9060100684422107f,0.33974753712847194f,0.25242299201237267f,0.26081321622078946f,0f,0f,0f,1f], start_interpolation: 0, interpolation_duration: 1 }
$data merge entity $(bone_ear_edge_a1) { transformation: [-0.9380653053654846f,-0.2742484935678119f,0.21171028941774658f,-0.31736472139578586f,-0.24711353513501427f,0.9579297064839474f,0.14596430450166287f,2.2338520506294772f,-0.2428340660258279f,0.08460757183233653f,-0.9663711373825274f,0.042056050516483756f,0f,0f,0f,1f], start_interpolation: 0, interpolation_duration: 1 }
$data merge entity $(bone_ear_edge_a2) { transformation: [-0.8836142484469368f,-0.4176177837403589f,0.21171028941774658f,-0.4233523334293617f,-0.3939243786360622f,0.9074789285308711f,0.14596430450166287f,2.1976228788673278f,-0.2530799159509646f,0.04557829501256989f,-0.9663711373825274f,0.013364347293271461f,0f,0f,0f,1f], start_interpolation: 0, interpolation_duration: 1 }
$data merge entity $(bone_ear_edge_b1) { transformation: [-0.9641248801772312f,-0.22760512162007218f,0.1365984042203719f,-0.4344762562513681f,-0.17063929114618448f,0.9255948748418732f,0.33787033013211515f,2.185104625321272f,-0.2033358004394887f,0.30244013668620273f,-0.9312274244140706f,-0.017891130772667543f,0f,0f,0f,1f], start_interpolation: 0, interpolation_duration: 1 }
$data merge entity $(bone_ear_edge_b2) { transformation: [-0.8466033992274608f,-0.5143963067333949f,0.1365984042203719f,-0.41339080181604426f,-0.44831215601305596f,0.8275625962954951f,0.33787033013211515f,2.2050109440578467f,-0.2868429800211853f,0.2248034448839751f,-0.9312274244140706f,-0.007575719456884792f,0f,0f,0f,1f], start_interpolation: 0, interpolation_duration: 1 }
$data merge entity $(bone_ear_right_2) { transformation: [-0.9166496175876827f,-0.3756252847463854f,0.1365984042203719f,-0.40580590135139016f,-0.3133333774023734f,0.8875053997706364f,0.33787033013211515f,2.327817380442316f,-0.24814446030886309f,0.26690786956768364f,-0.9312274244140706f,0.004535969060351457f,0f,0f,0f,1f], start_interpolation: 0, interpolation_duration: 1 }
$data merge entity $(bone_ear_right_1) { transformation: [-0.9166496175876827f,-0.33901656586516415f,0.21171028941774658f,-0.3295271740317284f,-0.3133333774023734f,0.9383584690388675f,0.14596430450166287f,2.116686724908571f,-0.24814446030886309f,0.0674622238888048f,-0.9663711373825274f,-0.010643031314629597f,0f,0f,0f,1f], start_interpolation: 0, interpolation_duration: 1 }
$data merge entity $(bone_ear_edge_a3) { transformation: [-0.787694536190314f,-0.5785465158572648f,0.21171028941774658f,-0.6626479923370379f,-0.5598420209702476f,0.8156416697099862f,0.14596430450166287f,2.072399543040093f,-0.2571268737644411f,-0.003549031153048259f,-0.9663711373825274f,-0.05797417644604633f,0f,0f,0f,1f], start_interpolation: 0, interpolation_duration: 1 }
$data merge entity $(bone_ear_edge_a4) { transformation: [-0.8685013240546886f,-0.4482010748201158f,0.21171028941774658f,-0.5671263507148199f,-0.4253549684219299f,0.8931783543336261f,0.14596430450166287f,2.1303949603132133f,-0.25451640606065457f,0.03671816825453264f,-0.9663711373825274f,-0.028287678132617435f,0f,0f,0f,1f], start_interpolation: 0, interpolation_duration: 1 }
$data merge entity $(bone_ear_edge_b3) { transformation: [-0.7291727780150725f,-0.6772015717930049f,0.09851442007577309f,-0.53827977996935f,-0.6211371313405408f,0.7153661137268984f,0.32006247421607803f,2.1365666838357322f,-0.287220688446751f,0.17218987918097237f,-0.9422605380869012f,-0.047963511657830075f,0f,0f,0f,1f], start_interpolation: 0, interpolation_duration: 1 }
$data merge entity $(bone_ear_edge_b4) { transformation: [-0.9027513163377388f,-0.4187301874568092f,0.09851442007577309f,-0.5684497281679814f,-0.3696762299327271f,0.8722955334182375f,0.32006247421607803f,2.132506265753008f,-0.21995350843577327f,0.25251838050125713f,-0.9422605380869012f,-0.05249703740335882f,0f,0f,0f,1f], start_interpolation: 0, interpolation_duration: 1 }
$data merge entity $(bone_ear_left_2) { transformation: [-0.8261331167326958f,-0.5547963432419651f,0.09851442007577309f,-0.6660678254244434f,-0.5015819872269865f,0.803726024642794f,0.32006247421607803f,2.2061203745112588f,-0.25674809352154715f,0.21500115078118615f,-0.9422605380869012f,-0.07086316413183219f,0f,0f,0f,1f], start_interpolation: 0, interpolation_duration: 1 }
$data merge entity $(bone_ear_left_1) { transformation: [-0.8261331167326958f,-0.5221904123901321f,0.21171028941774658f,-0.5485749826366639f,-0.5015819872269865f,0.8527074128332488f,0.14596430450166287f,2.014261206623778f,-0.25674809352154715f,0.014395878127125145f,-0.9663711373825274f,-0.07410223671043534f,0f,0f,0f,1f], start_interpolation: 0, interpolation_duration: 1 }
$data merge entity $(bone_head) { transformation: [-0.8761912344197424f,-0.43297537352678883f,0.21171028941774658f,-0.22376714594602143f,-0.40970207313917173f,0.9004657867330721f,0.14596430450166287f,1.5994238655497979f,-0.25383682158322296f,0.04115449966318627f,-0.9663711373825274f,-0.033265217046711454f,0f,0f,0f,1f], start_interpolation: 0, interpolation_duration: 1 }
$data merge entity $(bone_body_1) { transformation: [-0.16981210252425052f,-0.49945088036176977f,0.8495367372528082f,-0.03647306581035776f,0.36090903797007357f,0.7706470136584616f,0.5252121920241483f,1.3104312354278747f,-0.9170106412402255f,0.3957928731611371f,0.04939114705129442f,-0.18168754448213786f,0f,0f,0f,1f], start_interpolation: 0, interpolation_duration: 1 }
$data merge entity $(bone_leg_left_2) { transformation: [-0.19165111436776713f,-0.026504120115713403f,0.9811051839525085f,-0.1674458369143132f,-0.2442334792539291f,0.9694776621771262f,-0.02151906482853816f,0.7401558855781486f,-0.9505892162091434f,-0.24374288534532873f,-0.19227466778132862f,-0.005391118630599323f,0f,0f,0f,1f], start_interpolation: 0, interpolation_duration: 1 }
$data merge entity $(bone_leg_left_1) { transformation: [-0.19165111436776713f,0.44930813507350686f,0.8725778189470328f,0.001378681456098159f,-0.2442334792539291f,0.8392580967121132f,-0.4857940455735147f,1.0277840279711283f,-0.9505892162091434f,-0.3062156868286287f,-0.051108660390950855f,-0.11332820362662618f,0f,0f,0f,1f], start_interpolation: 0, interpolation_duration: 1 }
$data merge entity $(bone_leg_right_2) { transformation: [-0.17155030571413318f,-0.6044230388640975f,0.7779738316291093f,-0.36452094127649076f,0.397242949807263f,0.6802002597011533f,0.6160565278697304f,0.9883461244953979f,-0.9015367610019083f,0.41472930544244596f,0.12341422839127839f,-0.33236772578423934f,0f,0f,0f,1f], start_interpolation: 0, interpolation_duration: 1 }
$data merge entity $(bone_leg_right_1) { transformation: [-0.17144010320045794f,0.984934315061168f,0.02264257117918922f,-0.03857685405329296f,0.39725303821277425f,0.09014196247763544f,-0.9132712905984731f,1.077458387885293f,-0.9015532788722674f,-0.1475764941163357f,-0.4067220964479244f,-0.3550838215019422f,0f,0f,0f,1f], start_interpolation: 0, interpolation_duration: 1 }
$data merge entity $(bone_coat_downer) { transformation: [-0.15888879476243964f,-0.29565284241712375f,0.9419892502940864f,-0.02427380456452194f,0.18648597730282346f,0.9279477424966673f,0.32270104968027213f,1.1120825758066069f,-0.9695242808554875f,0.22694136680211927f,-0.09230538914730718f,-0.22989682657590635f,0f,0f,0f,1f], start_interpolation: 0, interpolation_duration: 1 }
$data merge entity $(bone_body_2) { transformation: [-0.15888879476243964f,-0.074667782009987f,0.9844689295394998f,-0.03971606839829685f,0.18648597730282346f,0.9769169883068253f,0.1041929854977437f,1.3289055436837347f,-0.9695242808554875f,0.2001447483378749f,-0.1412966685538572f,-0.17760257592497894f,0f,0f,0f,1f], start_interpolation: 0, interpolation_duration: 1 }