# This file was generated by Animated Java via MC-Build. It is not recommended to edit this file directly.
$data merge entity $(bone_wing_right_1) { transformation: [-0.003727719788770859f,0.8060726760382789f,-0.13106254039239573f,0.02369306597446113f,-0.528517575691227f,0.09753468021990891f,0.6148988557350815f,1.0812120013229654f,0.622575072368858f,0.08762574703437406f,0.5212163199344619f,-0.37043339359546956f,0f,0f,0f,1f], start_interpolation: 0, interpolation_duration: 1 }
$data merge entity $(bone_wing_right_2) { transformation: [0.36136791427752046f,0.7020895987767246f,-0.12838779467010195f,0.02369306597446113f,-0.4151160605675205f,0.3238105230479011f,0.6023498994955901f,1.0812120013229654f,0.5805961477564394f,-0.20546761412198872f,0.5105792521806974f,-0.37043339359546956f,0f,0f,0f,1f], start_interpolation: 0, interpolation_duration: 1 }
$data merge entity $(bone_wing_left_1) { transformation: [0.021077722980810322f,0.8030134023601444f,-0.14720614684303512f,0.02519328580031188f,0.5926483446580623f,0.08622669535747474f,0.5552272877175909f,1.0867572597293294f,0.5614874118023016f,-0.12115641576969108f,-0.5805148178555295f,-0.26804989578639127f,0f,0f,0f,1f], start_interpolation: 0, interpolation_duration: 1 }
$data merge entity $(bone_wing_left_2) { transformation: [-0.3449085612991687f,0.7072792128365306f,-0.14420193976460585f,0.02519328580031188f,0.4759547216049189f,0.3429928791900118f,0.5438961185804972f,1.0867572597293294f,0.5426833213988815f,0.14870104207531143f,-0.5686675766748045f,-0.26804989578639127f,0f,0f,0f,1f], start_interpolation: 0, interpolation_duration: 1 }
$data merge entity $(bone_blade) { transformation: [0.11552327112736895f,0.2934579843505348f,-1.974977667025365f,0.3893770848778037f,1.8390951841389587f,-0.7859034604512108f,-0.009200789515340878f,0.21524010816325573f,-0.777420913987349f,-1.8155545054532882f,-0.31524365215391914f,-0.2949911256832365f,0f,0f,0f,1f], start_interpolation: 0, interpolation_duration: 1 }
$data merge entity $(bone_arm_right_2) { transformation: [0.10857050617526082f,0.9874888335126822f,-0.11436017172341653f,0.36795977326201235f,-0.7447528179812403f,0.004600394757670767f,-0.6673245660674239f,0.46029718555563964f,-0.6584494553857946f,0.15762182607695963f,0.7359345586710243f,-0.03909701650957534f,0f,0f,0f,1f], start_interpolation: 0, interpolation_duration: 1 }
$data merge entity $(bone_arm_right_1) { transformation: [0.12643427566829823f,0.9796394202180346f,-0.15595185247731216f,0.3242873687446277f,-0.986907755042679f,0.10835391988962487f,-0.11946761519831554f,0.8095456591500751f,-0.10013719075774383f,0.16901489401654932f,0.9805133903357577f,-0.009864279712845536f,0f,0f,0f,1f], start_interpolation: 0, interpolation_duration: 1 }
$data merge entity $(bone_arm_left_2) { transformation: [-0.10740646519125836f,0.9605862840376029f,0.2563939198849071f,0.4636376591764475f,0.8029270183002746f,0.23589088649921697f,-0.5474154664877896f,0.45782180278840473f,-0.5863207778328767f,0.14706964535703088f,-0.7966168871521664f,-0.5165640226624163f,0f,0f,0f,1f], start_interpolation: 0, interpolation_duration: 1 }
$data merge entity $(bone_arm_left_1) { transformation: [-0.19734834014868569f,0.9605862840376029f,0.19577442008441204f,0.3859317502429025f,0.9512946679532231f,0.23589088649921697f,-0.19847907796637074f,0.8323940782949864f,-0.23683768147050777f,0.14706964535703088f,-0.9603532850207945f,-0.6098188597414287f,0f,0f,0f,1f], start_interpolation: 0, interpolation_duration: 1 }
$data merge entity $(bone_ear_edge_a1) { transformation: [-0.03106340937514028f,0.9942715401682275f,0.10227007875958954f,0.9789617401387647f,0.9151755416957065f,-0.012844687623636095f,0.4028507687492004f,0.7485922357905059f,0.4018566815171335f,0.10610899307481637f,-0.9095339955761332f,-0.2776546748730643f,0f,0f,0f,1f], start_interpolation: 0, interpolation_duration: 1 }
$data merge entity $(bone_ear_edge_a2) { transformation: [-0.18621930374990286f,0.9771710197818029f,0.10227007875958954f,0.9673593937915005f,0.9059175639677011f,0.13047844807861933f,0.4028507687492004f,0.8542552424997051f,0.3803100553571099f,0.1676668502882616f,-0.9095339955761332f,-0.23215901356992585f,0f,0f,0f,1f], start_interpolation: 0, interpolation_duration: 1 }
$data merge entity $(bone_ear_edge_b1) { transformation: [0.04900178321447754f,0.9508333535610397f,0.30580182961792113f,0.9578457006013522f,0.8972965616998281f,-0.1763861188360596f,0.40465641900706156f,0.8842140287211111f,0.4387000177837566f,0.2545660441571465f,-0.8618227332570854f,-0.2485698030069856f,0f,0f,0f,1f], start_interpolation: 0, interpolation_duration: 1 }
$data merge entity $(bone_ear_edge_b2) { transformation: [-0.24722019983267282f,0.919438640582951f,0.30580182961792113f,0.9725028002673968f,0.9078860503460393f,0.10952671885640962f,0.40465641900706156f,0.8580891362107672f,0.3385632767766799f,0.37767245605090644f,-0.8618227332570854f,-0.2556355687618499f,0f,0f,0f,1f], start_interpolation: 0, interpolation_duration: 1 }
$data merge entity $(bone_ear_right_2) { transformation: [-0.10034461705741993f,0.9467925849043872f,0.30580182961792113f,1.090474988805593f,0.9138422201876674f,-0.03384640540525336f,0.40465641900706156f,0.8227684661731982f,0.39347598964876496f,0.32005971632058233f,-0.8618227332570854f,-0.2666199909521822f,0f,0f,0f,1f], start_interpolation: 0, interpolation_duration: 1 }
$data merge entity $(bone_ear_right_1) { transformation: [-0.10034461705741993f,0.9896826707678107f,0.10227007875958954f,0.867796387882836f,0.9138422201876674f,0.051026020035405545f,0.4028507687492004f,0.811287611665232f,0.39347598964876496f,0.13388262195385672f,-0.9095339955761332f,-0.2967435808917999f,0f,0f,0f,1f], start_interpolation: 0, interpolation_duration: 1 }
$data merge entity $(bone_ear_edge_a3) { transformation: [-0.3692509512392417f,0.923685317626854f,0.10227007875958954f,0.898868410517025f,0.8643768451572112f,0.3009384117626811f,0.4028507687492004f,1.104638108540652f,0.3413303452155722f,0.23715291760029564f,-0.9095339955761332f,-0.1289607249199616f,0f,0f,0f,1f], start_interpolation: 0, interpolation_duration: 1 }
$data merge entity $(bone_ear_edge_a4) { transformation: [-0.2202086407641901f,0.9700767936216673f,0.10227007875958954f,0.9340089805899147f,0.9008120712963381f,0.16201503116988797f,0.4028507687492004f,1.0025107468096872f,0.37422689205826626f,0.18083734169613608f,-0.9095339955761332f,-0.1702436868513086f,0f,0f,0f,1f], start_interpolation: 0, interpolation_duration: 1 }
$data merge entity $(bone_ear_edge_b3) { transformation: [-0.44178608207612513f,0.8465431092572793f,0.29696771180188186f,0.9337670077113718f,0.8487817840403439f,0.2872244118763464f,0.4439274944217564f,0.9912531450268579f,0.2905073850440271f,0.4481817727120386f,-0.8454221181419231f,-0.20386750417101485f,0f,0f,0f,1f], start_interpolation: 0, interpolation_duration: 1 }
$data merge entity $(bone_ear_edge_b4) { transformation: [-0.1585673249354972f,0.9416297476237436f,0.29696771180188186f,0.9365346930803801f,0.8959966710933353f,0.010878652769689579f,0.4439274944217564f,1.0179813041984525f,0.41478472591509724f,0.3364744764524669f,-0.8454221181419231f,-0.18886047082008f,0f,0f,0f,1f], start_interpolation: 0, interpolation_duration: 1 }
$data merge entity $(bone_ear_left_2) { transformation: [-0.30391844387363914f,0.9052313282363686f,0.29696771180188186f,1.0301035609749123f,0.8832636690245589f,0.15090947842231897f,0.4439274944217564f,1.0911428465699506f,0.357041832919758f,0.3972185440053418f,-0.8454221181419231f,-0.15453991997938005f,0f,0f,0f,1f], start_interpolation: 0, interpolation_duration: 1 }
$data merge entity $(bone_ear_left_1) { transformation: [-0.30391844387363914f,0.9471929109024902f,0.10227007875958954f,0.8169851560218523f,0.8832636690245589f,0.23990946021250006f,0.4028507687492004f,1.0371632180221382f,0.357041832919758f,0.212765223748182f,-0.9095339955761332f,-0.20241209532272092f,0f,0f,0f,1f], start_interpolation: 0, interpolation_duration: 1 }
$data merge entity $(bone_head) { transformation: [-0.2032449274439351f,0.9737722169269447f,0.10227007875958954f,0.34013657081604765f,0.9035024254276245f,0.1462690171040285f,0.4028507687492004f,0.836673457054458f,0.377325942276316f,0.17427863947312813f,-0.9095339955761332f,-0.31047270347548445f,0f,0f,0f,1f], start_interpolation: 0, interpolation_duration: 1 }
$data merge entity $(bone_body_1) { transformation: [0.014629934792790539f,0.9728252235942466f,-0.23107801571495817f,-0.024672888031794862f,0.054076587641597215f,0.2299947222267652f,0.9716882990017293f,0.750425436219421f,0.9984296107773443f,-0.02671164702216905f,-0.049242260674787104f,-0.30045583584217106f,0f,0f,0f,1f], start_interpolation: 0, interpolation_duration: 1 }
$data merge entity $(bone_leg_left_2) { transformation: [0.014629934792790539f,-0.30669266665534123f,-0.9516961559383299f,0.08982269000055054f,0.054076587641597215f,0.9506477303323934f,-0.3055235105240016f,0.496946302864734f,0.9984296107773443f,-0.04699469154813965f,0.030492807173099837f,-0.41360129452157884f,0f,0f,0f,1f], start_interpolation: 0, interpolation_duration: 1 }
$data merge entity $(bone_leg_left_1) { transformation: [0.014629934792790539f,-0.9554955384740279f,-0.2946425647529318f,-0.21752994689476712f,0.054076587641597215f,0.29499892916517934f,-0.9539661180882884f,0.5395914190171558f,0.9984296107773443f,-0.001976802373643817f,0.05598575332507542f,-0.4114074025822535f,0f,0f,0f,1f], start_interpolation: 0, interpolation_duration: 1 }
$data merge entity $(bone_leg_right_2) { transformation: [-0.03724846130733267f,0.36974986595223713f,-0.9283843970891248f,0.07750560492490427f,0.1733048648294751f,0.9173417478491501f,0.3583985790701505f,0.3829216451075437f,0.9841635920702785f,-0.14754373684222696f,-0.09824901913992909f,-0.12059557009271887f,0f,0f,0f,1f], start_interpolation: 0, interpolation_duration: 1 }
$data merge entity $(bone_leg_right_1) { transformation: [-0.03724846130733267f,-0.7162181949543395f,-0.6968816609343247f,-0.21200779672379505f,0.1733048648294751f,0.6821686004027437f,-0.7103600667626233f,0.5556129889837558f,0.9841635920702785f,-0.14723280151144513f,0.09871436674779349f,-0.16196285808730057f,0f,0f,0f,1f], start_interpolation: 0, interpolation_duration: 1 }
$data merge entity $(bone_coat_downer) { transformation: [0.014629934792790539f,0.7562065588116371f,-0.6541694011632003f,-0.17922591246099787f,0.054076587641597215f,0.6526835347497142f,0.7556983036474672f,0.5955707154092181f,0.9984296107773443f,-0.046431065859837715f,-0.03134435269901181f,-0.2819792047888582f,0f,0f,0f,1f], start_interpolation: 0, interpolation_duration: 1 }
$data merge entity $(bone_body_2) { transformation: [0.014629934792790539f,0.5966932712878233f,-0.8023360299823225f,-0.046016556023193544f,0.054076587641597215f,0.8007753779842072f,0.5965186641533446f,0.7740714905866144f,0.9984296107773443f,-0.05211462380259607f,-0.020551844416366233f,-0.30142379737894875f,0f,0f,0f,1f], start_interpolation: 0, interpolation_duration: 1 }