# This file was generated by Animated Java via MC-Build. It is not recommended to edit this file directly.
$data merge entity $(bone_wing_right_1) { transformation: [0.6797189741531943f,-0.17714328019746342f,-0.4165895088710899f,-0.349700103554809f,0.08460909353814482f,0.7880131579632141f,-0.1970304763531267f,1.5931016284825177f,0.44471098694683325f,0.12083031739662696f,0.6742229727108442f,-0.13513910986467487f,0f,0f,0f,1f], start_interpolation: 0, interpolation_duration: 1 }
$data merge entity $(bone_wing_right_2) { transformation: [0.5104872779907794f,-0.4613753165041494f,-0.40808768215943503f,-0.349700103554809f,0.4299557539143163f,0.6464405644330196f,-0.19300944622347108f,1.5931016284825177f,0.4410677824161907f,-0.09616347527109789f,0.6604633202065413f,-0.13513910986467487f,0f,0f,0f,1f], start_interpolation: 0, interpolation_duration: 1 }
$data merge entity $(bone_wing_left_1) { transformation: [-0.17339411658325823f,-0.26642201359041384f,-0.7522620789679515f,-0.31867395990700453f,0.04177959977843321f,0.7657274212750138f,-0.28082098531683053f,1.6008463672518496f,0.7969525643481606f,-0.09810846765896951f,-0.1489489281496969f,-0.05905350764949946f,0f,0f,0f,1f], start_interpolation: 0, interpolation_duration: 1 }
$data merge entity $(bone_wing_left_2) { transformation: [-0.030154250946669722f,-0.30992689481856567f,-0.736909791642075f,-0.31867395990700453f,-0.31005513529514017f,0.6842450842694866f,-0.2750899448001605f,1.6008463672518496f,0.7368558435860824f,0.2752344173993595f,-0.14590915410582556f,-0.05905350764949946f,0f,0f,0f,1f], start_interpolation: 0, interpolation_duration: 1 }
$data merge entity $(bone_blade) { transformation: [-1.9171542259207028f,0.39625099551359855f,0.4092735302812404f,0.5203146955595034f,-0.31678578827423076f,0.4526599679413349f,-1.9221721353122423f,2.1555386814564925f,-0.47346218263115925f,-1.9073762350354027f,-0.37114614323781847f,-0.3238813484235292f,0f,0f,0f,1f], start_interpolation: 0, interpolation_duration: 1 }
$data merge entity $(bone_arm_right_2) { transformation: [0.5846748746512214f,-0.20463676514062049f,0.7850344484825873f,0.33096019215816863f,0.2720643565048028f,0.9610860676561209f,0.047901528962255455f,2.080238188986332f,-0.7642880849988472f,0.18557307161890935f,0.6175972459610852f,-0.03324725647609214f,0f,0f,0f,1f], start_interpolation: 0, interpolation_duration: 1 }
$data merge entity $(bone_arm_right_1) { transformation: [0.9027341772611672f,-0.30064514700121325f,0.30770684228535045f,0.010259018048535544f,0.34942673809212893f,0.9296537683128184f,-0.11681106868816546f,1.95757694127685f,-0.2509421445490917f,0.2129703421756079f,0.9442836827154784f,0.049464915300834134f,0f,0f,0f,1f], start_interpolation: 0, interpolation_duration: 1 }
$data merge entity $(bone_arm_left_2) { transformation: [-0.9440890207379395f,-0.32227278641007684f,-0.06954259170869409f,0.05768946434434191f,-0.32967327311848343f,0.9206336311937063f,0.20916321403735433f,2.115655954932399f,-0.0033843630749091913f,0.2203950277446735f,-0.9754048276649039f,-0.6279717495416376f,0f,0f,0f,1f], start_interpolation: 0, interpolation_duration: 1 }
$data merge entity $(bone_arm_left_1) { transformation: [-0.8456117254377591f,-0.32227278641007684f,-0.4255362040316427f,-0.2752701525467757f,-0.3846216861224989f,0.9206336311937063f,0.06708111268737424f,1.9642111660216655f,0.3701445236207887f,0.2203950277446735f,-0.9024516958701796f,-0.4822273433659521f,0f,0f,0f,1f], start_interpolation: 0, interpolation_duration: 1 }
$data merge entity $(bone_ear_edge_a1) { transformation: [-0.6684899161890524f,-0.24554704595703375f,-0.7020170084658399f,-0.24337257725246791f,-0.11089383049338797f,0.9662820718413051f,-0.23238226265482956f,2.572030785616591f,0.7354072275359118f,-0.07749584414566323f,-0.6731794737126898f,-0.3234954186375752f,0f,0f,0f,1f], start_interpolation: 0, interpolation_duration: 1 }
$data merge entity $(bone_ear_edge_a2) { transformation: [-0.6218476752488503f,-0.3470988167831639f,-0.7020170084658399f,-0.3184979567981699f,-0.2606883624087134f,0.9370379190342751f,-0.23238226265482956f,2.5514462832391653f,0.7384761651483835f,0.03850129451905018f,-0.6731794737126898f,-0.23804604043628008f,0f,0f,0f,1f], start_interpolation: 0, interpolation_duration: 1 }
$data merge entity $(bone_ear_edge_b1) { transformation: [-0.6635173968168075f,-0.03589608165567451f,-0.74729922751413f,-0.34803854991240835f,-0.021965399333948976f,0.9993524113165543f,-0.028500512765360475f,2.531862610462393f,0.7478383417246981f,-0.0024958600837166334f,-0.6638761822274508f,-0.23913524149898724f,0f,0f,0f,1f], start_interpolation: 0, interpolation_duration: 1 }
$data merge entity $(bone_ear_edge_b2) { transformation: [-0.6199500446547477f,-0.23917735404791132f,-0.74729922751413f,-0.33150544807108573f,-0.3297072146359752f,0.9436529411754612f,-0.028500512765360475f,2.549164808822586f,0.7120077912140865f,0.22872105264173137f,-0.6638761822274508f,-0.25848869339804087f,0f,0f,0f,1f], start_interpolation: 0, interpolation_duration: 1 }
$data merge entity $(bone_ear_right_2) { transformation: [-0.6497330122871522f,-0.13925113034028458f,-0.74729922751413f,-0.338617698529212f,-0.17802812866962753f,0.9836125793087956f,-0.028500512765360475f,2.664480031143003f,0.7390216493084981f,0.11452255901983278f,-0.6638761822274508f,-0.30250528033823487f,0f,0f,0f,1f], start_interpolation: 0, interpolation_duration: 1 }
$data merge entity $(bone_ear_right_1) { transformation: [-0.6497330122871522f,-0.29158040498108795f,-0.7020170084658399f,-0.27301210740846726f,-0.17802812866962753f,0.9561926947042693f,-0.23238226265482956f,2.4493366748345426f,0.7390216493084981f,-0.02600765320540309f,-0.6731794737126898f,-0.2966535583670192f,0f,0f,0f,1f], start_interpolation: 0, interpolation_duration: 1 }
$data merge entity $(bone_ear_edge_a3) { transformation: [-0.5441930054612236f,-0.4593757640883469f,-0.7020170084658399f,-0.48600142729252893f,-0.4346940469095073f,0.8700802087077123f,-0.23238226265482956f,2.4628716996537743f,0.7175618847099631f,0.17870181247931063f,-0.6731794737126898f,-0.03279104855524356f,0f,0f,0f,1f], start_interpolation: 0, interpolation_duration: 1 }
$data merge entity $(bone_ear_edge_a4) { transformation: [-0.6093552884350846f,-0.36858954445408093f,-0.7020170084658399f,-0.4195272490210933f,-0.29323170986735286f,0.9273692082076533f,-0.23238226265482956f,2.505993052130401f,0.7366826296204236f,0.0642502870611709f,-0.6731794737126898f,-0.11699837132900179f,0f,0f,0f,1f], start_interpolation: 0, interpolation_duration: 1 }
$data merge entity $(bone_ear_edge_b3) { transformation: [-0.5263545088297001f,-0.3518252878120669f,-0.7740606551754201f,-0.42098077361511804f,-0.5133597675279559f,0.8572153844654773f,-0.04054051947554407f,2.4990457938877424f,0.677799882058331f,0.37603291277714f,-0.6318121306132479f,-0.15173993302516142f,0f,0f,0f,1f], start_interpolation: 0, interpolation_duration: 1 }
$data merge entity $(bone_ear_edge_b4) { transformation: [-0.609312878488607f,-0.17195324427682845f,-0.7740606551754201f,-0.44046459018839423f,-0.2233400304717408f,0.9738971696588581f,-0.04054051947554407f,2.5001439262735645f,0.7608265550681107f,0.1481768696967869f,-0.6318121306132479f,-0.1279399199578934f,0f,0f,0f,1f], start_interpolation: 0, interpolation_duration: 1 }
$data merge entity $(bone_ear_left_2) { transformation: [-0.5749118120772813f,-0.26515374868821945f,-0.7740606551754201f,-0.5215024678228934f,-0.3729414268248796f,0.9269688012217432f,-0.04054051947554407f,2.5821998973117517f,0.7282795483135845f,0.265372061675883f,-0.6318121306132479f,-0.08338293917231844f,0f,0f,0f,1f], start_interpolation: 0, interpolation_duration: 1 }
$data merge entity $(bone_ear_left_1) { transformation: [-0.5749118120772813f,-0.4202957627179804f,-0.7020170084658399f,-0.426935921211348f,-0.3729414268248796f,0.8982834609193494f,-0.23238226265482956f,2.3800861186048983f,0.7282795483135845f,0.12821191707507712f,-0.6731794737126898f,-0.11223062051421075f,0f,0f,0f,1f], start_interpolation: 0, interpolation_duration: 1 }
$data merge entity $(bone_head) { transformation: [-0.6156952552115231f,-0.3578986903226798f,-0.7020170084658399f,-0.14461290400497667f,-0.2770022249185786f,0.9323455643663344f,-0.23238226265482956f,1.9441462406899375f,0.7376917514112338f,0.051383616763825794f,-0.6731794737126898f,-0.20973933447855414f,0f,0f,0f,1f], start_interpolation: 0, interpolation_duration: 1 }
$data merge entity $(bone_body_1) { transformation: [0.37592615890261666f,-0.3581437186773226f,-0.8546417962074535f,-0.010309009500980704f,0.09383860044963188f,0.9322643908541113f,-0.34939579649885166f,1.5945470941196458f,0.9218860233881291f,0.051148629672666715f,0.38407027685598033f,-0.22892007060580416f,0f,0f,0f,1f], start_interpolation: 0, interpolation_duration: 1 }
$data merge entity $(bone_leg_left_2) { transformation: [0.24187837723362243f,-0.959315116169499f,0.14563433151399807f,0.21759975228534348f,0.0142007925184528f,-0.14657509507103034f,-0.9890976084273817f,1.6755339920360084f,0.9702026531187575f,0.24130944737746582f,-0.021830311214106307f,-0.41576379754213366f,0f,0f,0f,1f], start_interpolation: 0, interpolation_duration: 1 }
$data merge entity $(bone_leg_left_1) { transformation: [0.24187837723362243f,-0.4071169752110809f,0.8807670629183455f,0.14039352331824878f,0.0142007925184528f,-0.9061378816342088f,-0.42274398512494066f,1.3752433649872977f,0.9702026531187575f,0.11476021942488569f,-0.21339377666388204f,-0.39212040490544564f,0f,0f,0f,1f], start_interpolation: 0, interpolation_duration: 1 }
$data merge entity $(bone_leg_right_2) { transformation: [0.12207127425699453f,0.047777138389654306f,-0.9913707424816249f,0.5279258965581803f,0.08435794490027165f,0.9947269932955785f,0.05832620287092766f,1.3044197949905085f,0.9889298969762594f,-0.09074995237703234f,0.11739721040165306f,-0.18317677245006095f,0f,0f,0f,1f], start_interpolation: 0, interpolation_duration: 1 }
$data merge entity $(bone_leg_right_1) { transformation: [0.12207127425699453f,-0.8976236188017561f,-0.42352147875935675f,0.19882396192314683f,0.08435794490027165f,0.4345519251021088f,-0.8966874380308077f,1.3811135623282715f,0.9889298969762594f,0.07373237660139723f,0.1287679910041054f,-0.1490953233755402f,0f,0f,0f,1f], start_interpolation: 0, interpolation_duration: 1 }
$data merge entity $(bone_coat_downer) { transformation: [0.24187837723362243f,-0.4816321433639785f,-0.8423332648693441f,0.13275445907619232f,0.0142007925184528f,0.8697746026594508f,-0.4932448459542604f,1.4223693923651899f,0.9702026531187575f,0.10734346299246413f,0.21721922758841627f,-0.2540142091588975f,0f,0f,0f,1f], start_interpolation: 0, interpolation_duration: 1 }
$data merge entity $(bone_body_2) { transformation: [0.24187837723362243f,-0.6525298251224101f,-0.7181223279863574f,-0.014934848546733812f,0.0142007925184528f,0.7423997476354492f,-0.6698066528504094f,1.5881383922859351f,0.9702026531187575f,0.15181384006913878f,0.1888368868753789f,-0.22767301249593963f,0f,0f,0f,1f], start_interpolation: 0, interpolation_duration: 1 }