# This file was generated by Animated Java via MC-Build. It is not recommended to edit this file directly.
$data merge entity $(bone_wing_right_1) { transformation: [-0.17654418121220591f,-0.7685491640248784f,0.21238827416130285f,-0.23201235892853606f,-0.594173134427312f,0.27186846311389623f,0.48988801734004056f,0.8081668811234867f,-0.5317282039250688f,-0.04862268693925737f,-0.6179364011853257f,-0.07209046425727195f,0f,0f,0f,1f], start_interpolation: 0, interpolation_duration: 1 }
$data merge entity $(bone_wing_right_2) { transformation: [-0.4910087162692248f,-0.5963422244844665f,0.2080538195865824f,-0.23201235892853606f,-0.40180265818548655f,0.4982568827915471f,0.4798903027004479f,0.8081668811234867f,-0.4873038727762431f,0.19004217965433023f,-0.6053254542223598f,-0.07209046425727195f,0f,0f,0f,1f], start_interpolation: 0, interpolation_duration: 1 }
$data merge entity $(bone_wing_left_1) { transformation: [0.15426010039121052f,-0.7646198793358489f,0.2418774607030799f,-0.234930934520047f,0.6675284529728057f,0.2589339412758616f,0.39281474383165105f,0.817774324389115f,-0.4444705055945452f,0.12350748408183598f,0.6738963684994516f,-0.19994450270538625f,0f,0f,0f,1f], start_interpolation: 0, interpolation_duration: 1 }
$data merge entity $(bone_wing_left_2) { transformation: [0.46975875164882186f,-0.6026488111899772f,0.23694118599485378f,-0.234930934520047f,0.4717538460460814f,0.5190170694213515f,0.38479811640651534f,0.817774324389115f,-0.44359330922599655f,-0.08623045877518816f,0.660143381387218f,-0.19994450270538625f,0f,0f,0f,1f], start_interpolation: 0, interpolation_duration: 1 }
$data merge entity $(bone_blade) { transformation: [-0.7950873195468464f,0.45256025147062795f,1.778489632549106f,-0.3903787153186685f,-1.4169462566637836f,1.0803417799549018f,-0.9083638831494599f,1.0332320274793887f,-1.1662330213221976f,-1.6211264161911363f,-0.1088562478913425f,-1.018943686825305f,0f,0f,0f,1f], start_interpolation: 0, interpolation_duration: 1 }
$data merge entity $(bone_arm_right_2) { transformation: [0.22628012573531384f,-0.8892448162745531f,0.3975436597734228f,-0.5004855021371408f,0.5401708899774516f,0.4541819415747296f,0.7084731283318916f,0.8463144750435803f,-0.8105632080955678f,0.05442812394567148f,0.5831165106610994f,-0.7289530674200466f,0f,0f,0f,1f], start_interpolation: 0, interpolation_duration: 1 }
$data merge entity $(bone_arm_right_1) { transformation: [0.22628012573531384f,-0.8892448162745531f,0.3975436597734228f,-0.5840396170277171f,0.5401708899774516f,0.4541819415747296f,0.7084731283318916f,0.6480676063459467f,-0.8105632080955678f,0.05442812394567148f,0.5831165106610994f,-0.43976279132198437f,0f,0f,0f,1f], start_interpolation: 0, interpolation_duration: 1 }
$data merge entity $(bone_arm_left_2) { transformation: [0.10431054707363342f,-0.9792457488265501f,0.17377305077119556f,-0.6667499463328379f,0.9463214238618356f,0.1514736957613707f,0.2855371818739194f,0.2495997196933833f,-0.30593311770599063f,0.13466062118348077f,0.942481535412324f,0.3846583277902528f,0f,0f,0f,1f], start_interpolation: 0, interpolation_duration: 1 }
$data merge entity $(bone_arm_left_1) { transformation: [0.13590681974984986f,-0.9708143028356875f,0.19760801035165565f,-0.6143196755038514f,0.7928460629342321f,0.22617989876246666f,0.5658955503319387f,0.5590356909693545f,-0.5940744539493089f,0.0797636684553723f,0.8004456885756659f,0.15295106344299045f,0f,0f,0f,1f], start_interpolation: 0, interpolation_duration: 1 }
$data merge entity $(bone_ear_edge_a1) { transformation: [-0.2679629434564065f,-0.8575873341517061f,-0.4390214405205614f,-1.1603445148992502f,0.12935116752577527f,-0.48358505634039034f,0.8656868768463457f,0.5559712712518027f,-0.9547063089735489f,0.17518406773114825f,0.24051279803634346f,0.10169569273655751f,0f,0f,0f,1f], start_interpolation: 0, interpolation_duration: 1 }
$data merge entity $(bone_ear_edge_a2) { transformation: [-0.13050765912014695f,-0.888947650693915f,-0.4390214405205614f,-1.1843353069021476f,0.20340800959763553f,-0.4573963411392224f,0.8656868768463457f,0.5747914672709741f,-0.9703571159848872f,0.023678290441273536f,0.24051279803634346f,-0.009836288084522152f,0f,0f,0f,1f], start_interpolation: 0, interpolation_duration: 1 }
$data merge entity $(bone_ear_edge_b1) { transformation: [-0.27873586759007507f,-0.4335121142970476f,-0.8569559865456988f,-1.2193938849500943f,0.0230312351715507f,-0.8950814028357118f,0.445307584152939f,0.6440597646280245f,-0.9600915989244364f,0.10438644095550773f,0.2594756108372451f,-0.013284365345674343f,0f,0f,0f,1f], start_interpolation: 0, interpolation_duration: 1 }
$data merge entity $(bone_ear_edge_b2) { transformation: [-0.13113095261152166f,-0.4984286412222748f,-0.8569559865456988f,-1.2194555213594842f,0.2984993711134326f,-0.844155957712056f,0.445307584152939f,0.6284761467784592f,-0.9453585556348872f,-0.19740721534067193f,0.2594756108372451f,0.01325640858184595f,0f,0f,0f,1f], start_interpolation: 0, interpolation_duration: 1 }
$data merge entity $(bone_ear_right_2) { transformation: [-0.2074879308358692f,-0.47177875713191864f,-0.8569559865456988f,-1.2877860008504785f,0.16276926286850923f,-0.8804585865110949f,0.445307584152939f,0.5382077147133941f,-0.9646009152093376f,-0.047090145019386354f,0.2594756108372451f,0.06293739363946677f,0f,0f,0f,1f], start_interpolation: 0, interpolation_duration: 1 }
$data merge entity $(bone_ear_right_1) { transformation: [-0.2074879308358692f,-0.8741904445375166f,-0.4390214405205614f,-1.0910931508295376f,0.16276926286850923f,-0.4733839861267614f,0.8656868768463457f,0.6447191115919153f,-0.9646009152093376f,0.10816038257161148f,0.24051279803634346f,0.038601307560854226f,0f,0f,0f,1f], start_interpolation: 0, interpolation_duration: 1 }
$data merge entity $(bone_ear_edge_a3) { transformation: [0.06662476000628363f,-0.9963258034059354f,-0.05381481972117545f,-1.224847761329771f,0.17556653757616567f,-0.041387093182798235f,0.9835972241732868f,0.6607434387479492f,-0.9822105335607136f,-0.07498001057212421f,0.1721640664511099f,-0.27253929838925695f,0f,0f,0f,1f], start_interpolation: 0, interpolation_duration: 1 }
$data merge entity $(bone_ear_edge_a4) { transformation: [-0.09005519540843017f,-0.9944817881481426f,-0.05381481972117545f,-1.2244965261912157f,0.16693065438101573f,-0.0683422067724674f,0.9835972241732868f,0.6408268187494554f,-0.9818473498502073f,0.07959469715466275f,0.1721640664511099f,-0.15864309341862137f,0f,0f,0f,1f], start_interpolation: 0, interpolation_duration: 1 }
$data merge entity $(bone_ear_edge_b3) { transformation: [0.1495721598962534f,-0.9637798657400148f,-0.22080882993695905f,-1.2158022348624993f,0.20423693745916813f,-0.18838938851536133f,0.9606230851234567f,0.6581581283633052f,-0.96742722845766f,-0.18877978887838456f,0.16866164042177179f,-0.13343220739501668f,0f,0f,0f,1f], start_interpolation: 0, interpolation_duration: 1 }
$data merge entity $(bone_ear_edge_b4) { transformation: [-0.15557278002439734f,-0.9628294608794187f,-0.22080882993695905f,-1.2280790751506176f,0.1360253476275564f,-0.24228164010237f,0.9606230851234567f,0.6602774653739153f,-0.9784141326239534f,0.1194112060568607f,0.16866164042177179f,-0.1615756476284971f,0f,0f,0f,1f], start_interpolation: 0, interpolation_duration: 1 }
$data merge entity $(bone_ear_left_2) { transformation: [-0.003037709306423636f,-0.9753123771100422f,-0.22080882993695905f,-1.3418012813770883f,0.17225184863562193f,-0.21801969858134998f,0.9606230851234567f,0.6747944811699761f,-0.9850482592054972f,-0.035116635466064826f,0.16866164042177179f,-0.20785912842468385f,0f,0f,0f,1f], start_interpolation: 0, interpolation_duration: 1 }
$data merge entity $(bone_ear_left_1) { transformation: [-0.003037709306423636f,-0.9985463121460854f,-0.05381481972117545f,-1.1171283611442195f,0.17225184863562193f,-0.05353317887269175f,0.9835972241732868f,0.6868394464163318f,-0.9850482592054972f,-0.0062818197393214445f,0.1721640664511099f,-0.20644571898333652f,0f,0f,0f,1f], start_interpolation: 0, interpolation_duration: 1 }
$data merge entity $(bone_head) { transformation: [-0.10414084125872725f,-0.9941558572032583f,-0.028439704119057774f,-0.5937171384164881f,0.1684813392976661f,-0.04581640133489645f,0.9846394749740558f,0.6584902010953188f,-0.980188106176763f,0.09774962382114157f,0.1722680688706877f,-0.13940226507178521f,0f,0f,0f,1f], start_interpolation: 0, interpolation_duration: 1 }
$data merge entity $(bone_body_1) { transformation: [-0.022757330294395528f,-0.889244816274553f,0.45686514492430735f,-0.26025033231353073f,0.07491317350714184f,0.4541819415747297f,0.887753783648652f,0.4881719730047951f,-0.996930348797227f,0.05442812394567187f,0.056280182753735974f,-0.15981281155141216f,0f,0f,0f,1f], start_interpolation: 0, interpolation_duration: 1 }
$data merge entity $(bone_leg_left_2) { transformation: [-0.2192042492302519f,0.6066162435545918f,0.7641768317445367f,-0.4094864318011314f,-0.04351315475691824f,0.7763682511985057f,-0.6287757500843003f,0.2588749961310896f,-0.9747082140222796f,-0.17108206097276912f,-0.14378743314632064f,0.0250534072759086f,0f,0f,0f,1f], start_interpolation: 0, interpolation_duration: 1 }
$data merge entity $(bone_leg_left_1) { transformation: [-0.2192042492302519f,0.9732342532866889f,0.06902597589967802f,-0.09624812712038844f,-0.04351315475691824f,0.06092467754046449f,-0.9971934561707128f,0.234667523389644f,-0.9747082140222796f,-0.2215925808687912f,0.02899354447814484f,-0.044310760305099756f,0f,0f,0f,1f], start_interpolation: 0, interpolation_duration: 1 }
$data merge entity $(bone_leg_right_2) { transformation: [-0.328264260976146f,-0.9319497573953639f,-0.15398774190339676f,0.10430957641034203f,0.08808526118654024f,-0.19251310023009705f,0.9773329488979154f,-0.022025167399705947f,-0.9404698622111628f,0.3072594277325255f,0.14528620836816292f,-0.39494916516189643f,0f,0f,0f,1f], start_interpolation: 0, interpolation_duration: 1 }
$data merge entity $(bone_leg_right_1) { transformation: [-0.328264260976146f,-0.6306081839288138f,0.7032608998997372f,-0.06896226004627243f,0.08808526118654024f,0.7208370354563202f,0.6874845126082789f,0.2599283359010178f,-0.9404698622111628f,0.2876235155138523f,-0.18107775014056562f,-0.3080618521213781f,0f,0f,0f,1f], start_interpolation: 0, interpolation_duration: 1 }
$data merge entity $(bone_coat_downer) { transformation: [-0.2192042492302519f,-0.7649673427292634f,0.6056190730790529f,-0.08069221543882532f,-0.04351315475691824f,0.6277626604716211f,0.7771876526815725f,0.3086203651733165f,-0.9747082140222796f,0.14401043946645561f,-0.1708943850516343f,-0.18736930991460238f,0f,0f,0f,1f], start_interpolation: 0, interpolation_duration: 1 }
$data merge entity $(bone_body_2) { transformation: [-0.2192042492302519f,-0.6472294633379114f,0.7300982940034313f,-0.22359501545627852f,-0.04351315475691824f,0.7540381656081678f,0.6553877098095217f,0.47744071432292984f,-0.9747082140222796f,0.11189489082879703f,-0.19345136578455452f,-0.15475288732299397f,0f,0f,0f,1f], start_interpolation: 0, interpolation_duration: 1 }