# This file was generated by Animated Java via MC-Build. It is not recommended to edit this file directly.
$data merge entity $(bone_wing_right_1) { transformation: [-0.26533571055325395f,-0.7342972813958585f,0.23947631967335647f,-0.17230763964182055f,-0.5221663351322343f,0.35712219011864654f,0.5164789484808427f,0.9478066383003549f,-0.5691078312624204f,0.014686330513677473f,-0.5855297025226575f,-0.07764324892576208f,0f,0f,0f,1f], start_interpolation: 0, interpolation_duration: 1 }
$data merge entity $(bone_wing_right_2) { transformation: [-0.5503444801359352f,-0.5311204494423903f,0.234589047843288f,-0.17230763964182055f,-0.30496201414730445f,0.5394667196723875f,0.5059385617771521f,0.9478066383003549f,-0.4940841255405061f,0.2586246827934776f,-0.573580116756889f,-0.07764324892576208f,0f,0f,0f,1f], start_interpolation: 0, interpolation_duration: 1 }
$data merge entity $(bone_wing_left_1) { transformation: [0.09619649325472818f,-0.7044734738902165f,0.40175590065982586f,-0.18744380387356954f,0.5594035245234085f,0.3505562689432315f,0.48075195631409934f,0.951138971411243f,-0.5871612860881802f,0.21856777286255066f,0.5238455852917185f,-0.1811170590559612f,0f,0f,0f,1f], start_interpolation: 0, interpolation_duration: 1 }
$data merge entity $(bone_wing_left_2) { transformation: [0.3887415232030941f,-0.5779213379022611f,0.39355680064636006f,-0.18744380387356954f,0.34054004276535704f,0.5497702647347934f,0.4709406918995259f,0.951138971411243f,-0.6106656265183976f,-0.06131544023079012f,0.5131548590612753f,-0.1811170590559612f,0f,0f,0f,1f], start_interpolation: 0, interpolation_duration: 1 }
$data merge entity $(bone_blade) { transformation: [-1.4010426914169112f,0.15784477898609584f,1.4185078084290161f,-0.5261346206718536f,-1.3342367668499784f,0.5610305290995553f,-1.380238021286181f,1.0262628094192374f,-0.5068447758564522f,-1.9131988321042608f,-0.2877127074390686f,-1.063865887260064f,0f,0f,0f,1f], start_interpolation: 0, interpolation_duration: 1 }
$data merge entity $(bone_arm_right_2) { transformation: [0.03810393637711971f,-0.7130083682528708f,0.7001193875575416f,-0.5710728378172504f,0.3262427620700471f,0.6711130755494452f,0.6657123252753187f,0.9290504370396581f,-0.944517734205915f,0.20304262268780693f,0.258185869370463f,-0.7172843547486293f,0f,0f,0f,1f], start_interpolation: 0, interpolation_duration: 1 }
$data merge entity $(bone_arm_right_1) { transformation: [0.023885887079931556f,-0.7136261679370073f,0.7001193875575416f,-0.582944541415329f,0.33955345540669346f,0.6644776526700528f,0.6657123252753187f,0.8026724513793682f,-0.9402834228676903f,0.22182682781313628f,0.258185869370463f,-0.3769134913166321f,0f,0f,0f,1f], start_interpolation: 0, interpolation_duration: 1 }
$data merge entity $(bone_arm_left_2) { transformation: [0.0903411427496094f,-0.9085547244892694f,0.4078808533566172f,-0.5773742460470277f,0.9273593344861546f,0.22606496845591492f,0.2981598476965378f,0.44244574195714886f,-0.36310211052552577f,0.3513160153554827f,0.8629796722325822f,0.4667921389825177f,0f,0f,0f,1f], start_interpolation: 0, interpolation_duration: 1 }
$data merge entity $(bone_arm_left_1) { transformation: [0.08882594445292102f,-0.904658161906815f,0.41677759259277525f,-0.5436109063384847f,0.7692271655432423f,0.32812671142777744f,0.5482904604658935f,0.7417148952378967f,-0.6327713010103697f,0.2718942282266668f,0.7250337987119422f,0.22106811120110323f,0f,0f,0f,1f], start_interpolation: 0, interpolation_duration: 1 }
$data merge entity $(bone_ear_edge_a1) { transformation: [-0.3766838937363687f,-0.8765743245486491f,-0.2995441499039628f,-1.094955017871604f,0.11004283543459624f,-0.3634160401490086f,0.9251050514033143f,0.7991348817991109f,-0.9197824843783026f,0.31550948528450606f,0.23335369319208046f,0.23662521208517023f,0f,0f,0f,1f], start_interpolation: 0, interpolation_duration: 1 }
$data merge entity $(bone_ear_edge_a2) { transformation: [-0.23491985440461952f,-0.9247085834276791f,-0.2995441499039628f,-1.1313329064446704f,0.16553881935252943f,-0.3417272935477091f,0.9251050514033143f,0.8147587559522333f,-0.9578149932496792f,0.16773935906558557f,0.23335369319208046f,0.12798965435008533f,0f,0f,0f,1f], start_interpolation: 0, interpolation_duration: 1 }
$data merge entity $(bone_ear_edge_b1) { transformation: [-0.40085680139447244f,-0.5197193094023845f,-0.7544571983950455f,-1.1579408928157569f,0.006139095872288836f,-0.8250220604072939f,0.5650671741865518f,0.8871303342617468f,-0.9161201538431863f,0.22187933494494871f,0.333906310881846f,0.12402566604969485f,0f,0f,0f,1f], start_interpolation: 0, interpolation_duration: 1 }
$data merge entity $(bone_ear_edge_b2) { transformation: [-0.22063537415729703f,-0.61815399979323f,-0.7544571983950455f,-1.1562925737364373f,0.2607844645335892f,-0.7827455216829763f,0.5650671741865518f,0.8731561286454741f,-0.9398465272204813f,-0.07207690909630743f,0.333906310881846f,0.1513984672692792f,0f,0f,0f,1f], start_interpolation: 0, interpolation_duration: 1 }
$data merge entity $(bone_ear_right_2) { transformation: [-0.31461957684814096f,-0.5760285215627745f,-0.7544571983950455f,-1.2276330949786292f,0.13512539808105944f,-0.8139043036194493f,0.5650671741865518f,0.7952485581608753f,-0.9395507696007342f,0.07583486596509628f,0.333906310881846f,0.21563696835180485f,0f,0f,0f,1f], start_interpolation: 0, interpolation_duration: 1 }
$data merge entity $(bone_ear_right_1) { transformation: [-0.31461957684814096f,-0.9007151736937761f,-0.2995441499039628f,-1.0249721808975298f,0.13512539808105944f,-0.35485457677970944f,0.9251050514033143f,0.8750908379363097f,-0.9395507696007342f,0.2505801373139629f,0.23335369319208046f,0.1592564374561633f,0f,0f,0f,1f], start_interpolation: 0, interpolation_duration: 1 }
$data merge entity $(bone_ear_edge_a3) { transformation: [-0.04275608582613226f,-0.9969810999779842f,0.0648120622378045f,-1.194875166585442f,0.11599649522385666f,0.05947903408722701f,0.9914671238118956f,0.8889842879135453f,-0.9923289425490975f,0.04990922550730571f,0.11310322271558279f,-0.13367883404376005f,0f,0f,0f,1f], start_interpolation: 0, interpolation_duration: 1 }
$data merge entity $(bone_ear_edge_a4) { transformation: [-0.19819189249023278f,-0.9780180828285452f,0.0648120622378045f,-1.1819022936393884f,0.12387295676104784f,0.04060089880092917f,0.9914671238118956f,0.875125130704076f,-0.9723042035980384f,0.2045292073933054f,0.11310322271558279f,-0.01962284360937397f,0f,0f,0f,1f], start_interpolation: 0, interpolation_duration: 1 }
$data merge entity $(bone_ear_edge_b3) { transformation: [0.04403320788683324f,-0.9952340493686255f,-0.08700726165397574f,-1.1687135621384943f,0.13409369886037084f,-0.08041579352313545f,0.9877004505810398f,0.8907823357730684f,-0.9899898769831635f,-0.055158744813247465f,0.12991364955803508f,0.0029555128068355294f,0f,0f,0f,1f], start_interpolation: 0, interpolation_duration: 1 }
$data merge entity $(bone_ear_edge_b4) { transformation: [-0.2656661653413488f,-0.9601308374447203f,-0.08700726165397574f,-1.1842424930536304f,0.10268083928048001f,-0.11791719622967468f,0.9877004505810398f,0.8928984493999552f,-0.9585813131067596f,0.25346461256166064f,0.12991364955803508f,-0.023532975121904928f,0f,0f,0f,1f], start_interpolation: 0, interpolation_duration: 1 }
$data merge entity $(bone_ear_left_2) { transformation: [-0.11219782007397659f,-0.9898693780444591f,-0.08700726165397574f,-1.300663015113763f,0.11986298127108641f,-0.1004026177089948f,0.9877004505810398f,0.9185884153240097f,-0.9864301875406363f,0.1003888876671981f,0.12991364955803508f,-0.0562733511936161f,0f,0f,0f,1f], start_interpolation: 0, interpolation_duration: 1 }
$data merge entity $(bone_ear_left_1) { transformation: [-0.11219782007397659f,-0.9915699903482006f,0.0648120622378045f,-1.0775597672854182f,0.11986298127108641f,0.05124263967610281f,0.9914671238118956f,0.9070588213968865f,-0.9864301875406363f,0.11900901696886058f,0.11310322271558279f,-0.08305038001160969f,0f,0f,0f,1f], start_interpolation: 0, interpolation_duration: 1 }
$data merge entity $(bone_head) { transformation: [-0.21035034555155463f,-0.9725210683063509f,0.09977727109224732f,-0.5559669663061018f,0.12787193384230713f,0.07381414661092517f,0.9890400600054225f,0.8223375776533295f,-0.9692272698710919f,0.22080363099454475f,0.10883131846051841f,-0.07845981086431864f,0f,0f,0f,1f], start_interpolation: 0, interpolation_duration: 1 }
$data merge entity $(bone_body_1) { transformation: [-0.14466635277603213f,-0.829061134441097f,0.5401196920440153f,-0.24506904089069037f,0.03184931598296144f,0.5416774703709489f,0.8399828207552507f,0.6192085262642236f,-0.9889677787703188f,0.13871969381371535f,-0.05195747397950534f,-0.13047969604446188f,0f,0f,0f,1f], start_interpolation: 0, interpolation_duration: 1 }
$data merge entity $(bone_leg_left_2) { transformation: [-0.33543008103427707f,0.5821446893478076f,0.7406714665771071f,-0.3882695496492363f,-0.07280181226213009f,0.7678517326506997f,-0.6364775037632271f,0.39083581251822075f,-0.9392478676412781f,-0.26741592572145667f,-0.21517938052203908f,0.0804375652125274f,0f,0f,0f,1f], start_interpolation: 0, interpolation_duration: 1 }
$data merge entity $(bone_leg_left_1) { transformation: [-0.33543008103427707f,0.940330716546387f,0.057138465648776005f,-0.08696450107429457f,-0.07280181226213009f,0.03459700814566341f,-0.9967461779002311f,0.35679606991163004f,-0.9392478676412781f,-0.33849843507278876f,0.056852903044480874f,-0.02452793463621615f,0f,0f,0f,1f], start_interpolation: 0, interpolation_duration: 1 }
$data merge entity $(bone_leg_right_2) { transformation: [-0.42558072897570015f,-0.904870733854434f,-0.009486734857136192f,0.03448697687943758f,0.08714966371898908f,-0.0514186816918612f,0.9948673556242251f,0.06297239994066695f,-0.9007141495714269f,0.42256960868809423f,0.10074198020196065f,-0.3787293966125959f,0f,0f,0f,1f], start_interpolation: 0, interpolation_duration: 1 }
$data merge entity $(bone_leg_right_1) { transformation: [-0.42558072897570015f,-0.5017177735805249f,0.7531004705867024f,-0.0934662076587594f,0.08714966371898908f,0.8056358562210312f,0.5859657014575796f,0.3674952343364747f,-0.9007141495714269f,0.31500816313931784f,-0.2991385597301261f,-0.2888080023484843f,0f,0f,0f,1f], start_interpolation: 0, interpolation_duration: 1 }
$data merge entity $(bone_coat_downer) { transformation: [-0.33533918611447605f,-0.6711228109292131f,0.6611670007695124f,-0.08641269316443137f,-0.06037851568728068f,0.7156704549093879f,0.6958234221504699f,0.4218033207667632f,-0.9401606591958003f,0.19341657793545378f,-0.2805137470432723f,-0.17016536669814725f,0f,0f,0f,1f], start_interpolation: 0, interpolation_duration: 1 }
$data merge entity $(bone_body_2) { transformation: [-0.33533918611447605f,-0.5577348562761013f,0.759262444975884f,-0.2084117377221034f,-0.06037851568728068f,0.8169942334821234f,0.5734761174629321f,0.604822176964232f,-0.9401606591958003f,0.14646587504136988f,-0.30764538408512526f,-0.130094392593624f,0f,0f,0f,1f], start_interpolation: 0, interpolation_duration: 1 }