# This file was generated by Animated Java via MC-Build. It is not recommended to edit this file directly.
$data merge entity $(bone_wing_right_1) { transformation: [-0.3589513923141646f,-0.6406671542663973f,0.35727292067040733f,-0.07626177219650823f,-0.36118406413743387f,0.5005576683227577f,0.5347266001807788f,1.2770344009034094f,-0.638470370662048f,0.07701988426325068f,-0.503356700222801f,-0.11740577342057343f,0f,0f,0f,1f], start_interpolation: 0, interpolation_duration: 1 }
$data merge entity $(bone_wing_right_2) { transformation: [-0.5878154922388273f,-0.4147117084725782f,0.3499816365750929f,-0.07626177219650823f,-0.10787906485620896f,0.5949631898543749f,0.5238138124219874f,1.2770344009034094f,-0.5318223899477861f,0.3376877278997008f,-0.4930841145039684f,-0.11740577342057343f,0f,0f,0f,1f], start_interpolation: 0, interpolation_duration: 1 }
$data merge entity $(bone_wing_left_1) { transformation: [-0.13266002245792988f,-0.553982797817817f,0.5851912701056377f,-0.09913041782405507f,0.3210324564520531f,0.5076374800765118f,0.5533414815196619f,1.2751666393748067f,-0.7391102250613684f,0.3199245113897292f,0.13531011294881384f,-0.1814876916192961f,0f,0f,0f,1f], start_interpolation: 0, interpolation_duration: 1 }
$data merge entity $(bone_wing_left_2) { transformation: [0.11667409019457989f,-0.5456859989515418f,0.57324859112389f,-0.09913041782405507f,0.0693993140392132f,0.5842660657230722f,0.5420487982233423f,1.2751666393748067f,-0.7883976736952956f,-0.029324989219788183f,0.13254868207230744f,-0.1814876916192961f,0f,0f,0f,1f], start_interpolation: 0, interpolation_duration: 1 }
$data merge entity $(bone_blade) { transformation: [-1.6426417679371164f,-0.9082737086327984f,0.6904830862771706f,-0.9079617470608157f,-0.467817206582399f,-0.5677704266205736f,-1.859780579498703f,1.0696476542423037f,1.0406128403272106f,-1.6889865638487225f,0.25386867409079944f,-0.926129300949704f,0f,0f,0f,1f], start_interpolation: 0, interpolation_duration: 1 }
$data merge entity $(bone_arm_right_2) { transformation: [-0.4999285299433488f,-0.2528691916849529f,0.8283288216917728f,-0.746603087820141f,-0.09405028222827877f,0.9666211347928098f,0.23832357454654307f,1.1535754415027148f,-0.8609448352603456f,0.041240194815968495f,-0.5070239017739475f,-0.6115717634495363f,0f,0f,0f,1f], start_interpolation: 0, interpolation_duration: 1 }
$data merge entity $(bone_arm_right_1) { transformation: [-0.51477170933802f,-0.22109149784632687f,0.8283288216917728f,-0.5603832402129942f,-0.033381330423221056f,0.9706119516029741f,0.23832357454654307f,1.1649507177299525f,-0.8566771702598296f,0.09503151574890054f,-0.5070239017739475f,-0.2945122517729021f,0f,0f,0f,1f], start_interpolation: 0, interpolation_duration: 1 }
$data merge entity $(bone_arm_left_2) { transformation: [0.056101335629951815f,-0.6594433124734881f,0.7496580272194308f,-0.4067099889264933f,0.9096930501950731f,0.3431999585485399f,0.23382117713984968f,0.8561954172772228f,-0.4114744154468416f,0.6688410170483517f,0.6191449744174675f,0.5471654055928264f,0f,0f,0f,1f], start_interpolation: 0, interpolation_duration: 1 }
$data merge entity $(bone_arm_left_1) { transformation: [0.0032608267033188976f,-0.6707217197765405f,0.7417019223577695f,-0.4062735422774985f,0.7497161973405939f,0.49246727372681187f,0.4420425406601056f,1.146477986808281f,-0.6617514567074037f,0.5546245206696877f,0.5044567876612905f,0.2921565306804471f,0f,0f,0f,1f], start_interpolation: 0, interpolation_duration: 1 }
$data merge entity $(bone_ear_edge_a1) { transformation: [-0.5364730154630603f,-0.8416605361228275f,-0.06167856688838963f,-0.9373860153035891f,0.0897184629074135f,-0.12955275931862992f,0.9875052809815552f,1.3152232183472097f,-0.8391348527462688f,0.524236229658313f,0.14501404904399512f,0.399314503672886f,0f,0f,0f,1f], start_interpolation: 0, interpolation_duration: 1 }
$data merge entity $(bone_ear_edge_a2) { transformation: [-0.3982034267029313f,-0.9152211674500529f,-0.06167856688838963f,-0.9924761157836635f,0.10888039634826532f,-0.11392269012178582f,0.9875052809815552f,1.3266165655506819f,-0.9108123243858133f,0.38651239996509523f,0.14501404904399512f,0.29829760858302273f,0f,0f,0f,1f], start_interpolation: 0, interpolation_duration: 1 }
$data merge entity $(bone_ear_edge_b1) { transformation: [-0.579388602309987f,-0.6123998575361032f,-0.5378431574381516f,-1.0046616951139964f,-0.004378817032537882f,-0.6575402894565331f,0.7534066589185514f,1.4011028083044712f,-0.8150396760125703f,0.4388703478604806f,0.37828976234382194f,0.28830577049682826f,0f,0f,0f,1f], start_interpolation: 0, interpolation_duration: 1 }
$data merge entity $(bone_ear_edge_b2) { transformation: [-0.3617893423626018f,-0.7614677995488686f,-0.5378431574381516f,-0.9999551072166679f,0.1990266214558314f,-0.62671110589255f,0.7534066589185514f,1.3902048301384555f,-0.9107671907269791f,0.16552939316369553f,0.37828976234382194f,0.3167020330547382f,0f,0f,0f,1f], start_interpolation: 0, interpolation_duration: 1 }
$data merge entity $(bone_ear_right_2) { transformation: [-0.4764549230709133f,-0.6954965451233024f,-0.5378431574381516f,-1.069754355173224f,0.09853705689489423f,-0.6501298752677638f,0.7534066589185514f,1.3378679444289021f,-0.8736596332096285f,0.30596682991113944f,0.37828976234382194f,0.4043065986331049f,0f,0f,0f,1f], start_interpolation: 0, interpolation_duration: 1 }
$data merge entity $(bone_ear_right_1) { transformation: [-0.4764549230709133f,-0.8770327591761237f,-0.06167856688838963f,-0.8724219843585965f,0.09853705689489423f,-0.12297873170606438f,0.9875052809815552f,1.3655381590627667f,-0.8736596332096285f,0.46442412822751056f,0.14501404904399512f,0.2998111697819152f,0f,0f,0f,1f], start_interpolation: 0, interpolation_duration: 1 }
$data merge entity $(bone_ear_edge_a3) { transformation: [-0.22289268956054298f,-0.9444333935612231f,0.24158728043276453f,-1.092893607348826f,0.020416581402953427f,0.24324485472099455f,0.9697500213228041f,1.3802841927780192f,-0.9746291664752723f,0.2210825768309073f,-0.034935398631215725f,0.04308486026912398f,0f,0f,0f,1f], start_interpolation: 0, interpolation_duration: 1 }
$data merge entity $(bone_ear_edge_a4) { transformation: [-0.3678904433707197f,-0.8979377526363372f,0.24158728043276453f,-1.0595670046503354f,0.05821709812857608f,0.23705624992796312f,0.9697500213228041f,1.3759673621984392f,-0.9280449294953252f,0.3708262757147812f,-0.034935398631215725f,0.15371868489488738f,0f,0f,0f,1f], start_interpolation: 0, interpolation_duration: 1 }
$data merge entity $(bone_ear_edge_b3) { transformation: [-0.13610937990771693f,-0.9831364832059932f,0.12213472925621299f,-1.0409158308818018f,0.01868105306599845f,0.12071312194755898f,0.9925116424737894f,1.3881567458260584f,-0.9905176701894228f,0.13737174956673365f,0.0019358366388834147f,0.17143782393375429f,0f,0f,0f,1f], start_interpolation: 0, interpolation_duration: 1 }
$data merge entity $(bone_ear_edge_b4) { transformation: [-0.4332535937907988f,-0.8929582472752402f,0.12213472925621299f,-1.0608940548540045f,0.05506914337552456f,0.10903223836034376f,0.9925116424737894f,1.390660592978788f,-0.8995880795760044f,0.4367350908975189f,0.0019358366388834147f,0.14815978833466925f,0f,0f,0f,1f], start_interpolation: 0, interpolation_duration: 1 }
$data merge entity $(bone_ear_left_2) { transformation: [-0.28823007739234957f,-0.9497402436434457f,0.12213472925621299f,-1.1749163280869417f,0.03733475095852826f,0.11630458256167539f,0.9925116424737894f,1.4362057975233309f,-0.9568330778444404f,0.29063157722319616f,0.0019358366388834147f,0.13366150978033137f,0f,0f,0f,1f], start_interpolation: 0, interpolation_duration: 1 }
$data merge entity $(bone_ear_left_1) { transformation: [-0.28823007739234957f,-0.9265845932344768f,0.24158728043276453f,-0.9664347946091848f,0.03733475095852826f,0.24122813375575794f,0.9697500213228041f,1.3819294674282854f,-0.9568330778444404f,0.28853072464680973f,-0.034935398631215725f,0.06874209673479927f,0f,0f,0f,1f], start_interpolation: 0, interpolation_duration: 1 }
$data merge entity $(bone_head) { transformation: [-0.3760512410023531f,-0.8804104771249793f,0.2888993871733829f,-0.4772461258065068f,0.06556523346207441f,0.28572059863497395f,0.9560674346910556f,1.1974248991110064f,-0.9242762921884635f,0.37847210106458057f,-0.04972126722146156f,-0.008136528936569729f,0f,0f,0f,1f], start_interpolation: 0, interpolation_duration: 1 }
$data merge entity $(bone_body_1) { transformation: [-0.3359784094161722f,-0.6962482352760666f,0.6343160909839367f,-0.21615303757798188f,-0.027440520867259094f,0.680414727102571f,0.732313332499462f,0.9422693764475423f,-0.9414698753654908f,0.22863550471634259f,-0.24771007198414582f,-0.09387484320519819f,0f,0f,0f,1f], start_interpolation: 0, interpolation_duration: 1 }
$data merge entity $(bone_leg_left_2) { transformation: [-0.5059181415949707f,0.491231716851216f,0.7090403615905781f,-0.3454104599926535f,-0.11450428795510363f,0.7764773128763878f,-0.6196545413600705f,0.7077029507003719f,-0.8549477188957147f,-0.39468263573112905f,-0.336585821162067f,0.16000224422731865f,0f,0f,0f,1f], start_interpolation: 0, interpolation_duration: 1 }
$data merge entity $(bone_leg_left_1) { transformation: [-0.5059181415949707f,0.859173720299278f,0.07659864458454413f,-0.07074381175991803f,-0.11450428795510363f,0.02112243061488117f,-0.9931981730575297f,0.6664583561192012f,-0.8549477188957147f,-0.5112478472052646f,0.08769285422995678f,0.0029912898371530217f,0f,0f,0f,1f], start_interpolation: 0, interpolation_duration: 1 }
$data merge entity $(bone_leg_right_2) { transformation: [-0.5556683998238614f,-0.8006762260508428f,0.22394242669527575f,-0.08332489511173932f,0.09564694055593811f,0.2060031934081401f,0.9738656719835325f,0.32534506705249105f,-0.825883945963038f,0.5625657875685544f,-0.037887233442068846f,-0.3217064155722259f,0f,0f,0f,1f], start_interpolation: 0, interpolation_duration: 1 }
$data merge entity $(bone_leg_right_1) { transformation: [-0.5556683998238614f,-0.26611772785071874f,0.787663623865391f,-0.13178104978574845f,0.09564694055593811f,0.9206381388125465f,0.37851959014832937f,0.6571112177784375f,-0.825883945963038f,0.2856689907696338f,-0.4861161749141666f,-0.25068194353471474f,0f,0f,0f,1f], start_interpolation: 0, interpolation_duration: 1 }
$data merge entity $(bone_coat_downer) { transformation: [-0.5007379280240708f,-0.49663883707762385f,0.7089509101089763f,-0.09614839571354224f,-0.07640754036543247f,0.8411924867872188f,0.5353102725971542f,0.7183578210656986f,-0.8622200503429884f,0.21388096146903776f,-0.45916393489429747f,-0.1408895810405806f,0f,0f,0f,1f], start_interpolation: 0, interpolation_duration: 1 }
$data merge entity $(bone_body_2) { transformation: [-0.5007379280240708f,-0.39866070258360303f,0.7683301189291674f,-0.18131213138437796f,-0.07640754036543247f,0.9045205561199898f,0.41952884445731414f,0.9210585667328637f,-0.8622200503429884f,0.1513677897438302f,-0.4833884328514722f,-0.10033224637638896f,0f,0f,0f,1f], start_interpolation: 0, interpolation_duration: 1 }