# This file was generated by Animated Java via MC-Build. It is not recommended to edit this file directly.
$data merge entity $(bone_wing_right_1) { transformation: [-0.7392387385728518f,-0.2133759137954612f,-0.2737539976870016f,0.07986503340114956f,-0.22949872429815912f,0.7837065588759949f,0.00887747513140112f,1.600535175762775f,0.2603859969030221f,0.08496583684718798f,-0.7693662220491103f,-0.27413007905022124f,0f,0f,0f,1f], start_interpolation: 0, interpolation_duration: 1 }
$data merge entity $(bone_wing_right_2) { transformation: [-0.7477823137597228f,0.09438206420723329f,-0.26816718140767504f,0.07986503340114956f,0.09710157685127735f,0.7940375671853138f,0.008696302169535791f,1.600535175762775f,0.2671944890920297f,-0.02442064402119839f,-0.7536648705787203f,-0.27413007905022124f,0f,0f,0f,1f], start_interpolation: 0, interpolation_duration: 1 }
$data merge entity $(bone_wing_left_1) { transformation: [-0.33209019988379246f,-0.02447171673179624f,0.7456954329119804f,-0.015123240477655023f,0.1439228131186236f,0.7987959009156582f,0.09030934054021275f,1.592947675979319f,-0.7320838527447582f,0.16813889557441808f,-0.32051051276026893f,-0.31595268227728135f,0f,0f,0f,1f], start_interpolation: 0, interpolation_duration: 1 }
$data merge entity $(bone_wing_left_2) { transformation: [-0.2893160403222494f,-0.15066303238093703f,0.7304771587709196f,-0.015123240477655023f,-0.17994320788312032f,0.7744637867450885f,0.08846629277408596f,1.592947675979319f,-0.723820883056704f,-0.13231210713399918f,-0.3139694818876104f,-0.31595268227728135f,0f,0f,0f,1f], start_interpolation: 0, interpolation_duration: 1 }
$data merge entity $(bone_blade) { transformation: [-0.3847589300469501f,0.6915101474681563f,1.8367836785255074f,-0.6750124777589791f,1.9029142455814139f,-0.32680551780702577f,0.5216469375872899f,1.5244716220415624f,0.4804975959486603f,1.8479750727429873f,-0.5950715846081949f,0.440820891161995f,0f,0f,0f,1f], start_interpolation: 0, interpolation_duration: 1 }
$data merge entity $(bone_arm_right_2) { transformation: [-0.44717315280901315f,-0.8784026603636381f,0.16865627077855755f,-0.6294039376605545f,-0.34582044783167754f,-0.004106502448574287f,-0.9382917214273703f,1.6408971833643233f,0.8248905316878994f,-0.47790365441553495f,-0.30193328373654327f,0.10988303782592299f,0f,0f,0f,1f], start_interpolation: 0, interpolation_duration: 1 }
$data merge entity $(bone_arm_right_1) { transformation: [-0.6649802439425501f,-0.7275687854032611f,0.16865627077855755f,-0.37377340713213597f,-0.3344221642211836f,0.08815022165872206f,-0.9382917214273703f,1.7704706044722816f,0.6678046804595836f,-0.6803478528872872f,-0.30193328373654327f,-0.14670169023042864f,0f,0f,0f,1f], start_interpolation: 0, interpolation_duration: 1 }
$data merge entity $(bone_arm_left_2) { transformation: [0.342815883885067f,0.7402434980967981f,0.578374302058378f,0.17941451703897326f,0.8200166856976003f,0.06457110316312775f,-0.5686855087074221f,1.5231984811496346f,-0.45831201700765306f,0.6692310035867379f,-0.5848760201142328f,0.3944321002595682f,0f,0f,0f,1f], start_interpolation: 0, interpolation_duration: 1 }
$data merge entity $(bone_arm_left_1) { transformation: [-0.009324082749572526f,0.8009829474897234f,0.5986145498662341f,0.17799580453208563f,0.759841346379977f,0.39483355867046005f,-0.5164761265335349f,1.8114393466679282f,-0.6500416831345073f,0.45003641939102584f,-0.6123014220213455f,0.14991398827151098f,0f,0f,0f,1f], start_interpolation: 0, interpolation_duration: 1 }
$data merge entity $(bone_ear_edge_a1) { transformation: [-0.9370095341821907f,-0.08303227012527628f,0.33929157809989496f,-0.057230714223277274f,0.15610000102114158f,0.7694099201456956f,0.6193877335422404f,2.3732179772181405f,-0.3124834756157093f,0.6333356273724359f,-0.7079830934195318f,0.2974169510363088f,0f,0f,0f,1f], start_interpolation: 0, interpolation_duration: 1 }
$data merge entity $(bone_ear_edge_a2) { transformation: [-0.9124842831801073f,-0.22859059031326828f,0.33929157809989496f,-0.16463882217377132f,0.03381592172083196f,0.7843566274186613f,0.6193877335422404f,2.385017326517299f,-0.4077118055532072f,0.5766550294974062f,-0.7079830934195318f,0.25626583528458863f,0f,0f,0f,1f], start_interpolation: 0, interpolation_duration: 1 }
$data merge entity $(bone_ear_edge_b1) { transformation: [-0.9647203814576963f,-0.1528313151079803f,0.21437624570479413f,-0.16140060312086016f,0.15520538359783353f,0.32758843387163394f,0.9319855722573065f,2.4250939450248925f,-0.212663759259462f,0.9323778242300141f,-0.2923109959986769f,0.1978414209720383f,0f,0f,0f,1f], start_interpolation: 0, interpolation_duration: 1 }
$data merge entity $(bone_ear_edge_b2) { transformation: [-0.8702761315470497f,-0.44346621081771265f,0.21437624570479413f,-0.13904762190232045f,0.04637869820780001f,0.35951621584675475f,0.9319855722573065f,2.426571767380747f,-0.4903758468889471f,0.821027289684216f,-0.2923109959986769f,0.2189465363881677f,0f,0f,0f,1f], start_interpolation: 0, interpolation_duration: 1 }
$data merge entity $(bone_ear_right_2) { transformation: [-0.9289349876799484f,-0.3018652247967158f,0.21437624570479413f,-0.12036958472043893f,0.10204842637109993f,0.347834747803325f,0.9319855722573065f,2.4887977714024263f,-0.3559015416364985f,0.8876307646082493f,-0.2923109959986769f,0.3241354135652542f,0f,0f,0f,1f], start_interpolation: 0, interpolation_duration: 1 }
$data merge entity $(bone_ear_right_1) { transformation: [-0.9289349876799484f,-0.14819248865761347f,0.33929157809989496f,-0.08702627477247595f,0.10204842637109993f,0.7784246618733173f,0.6193877335422404f,2.3136522224809304f,-0.3559015416364985f,0.6099951082532338f,-0.7079830934195318f,0.18688651420827682f,0f,0f,0f,1f], start_interpolation: 0, interpolation_duration: 1 }
$data merge entity $(bone_ear_edge_a3) { transformation: [-0.8667523293526863f,-0.3682954922859446f,0.33630169479731425f,-0.4130700251642767f,-0.19028597377038325f,0.8674997694709055f,0.4596035227826072f,2.376084309099251f,-0.4610115483889197f,0.334368928475388f,-0.8219889122866998f,0.1234120624926803f,0f,0f,0f,1f], start_interpolation: 0, interpolation_duration: 1 }
$data merge entity $(bone_ear_edge_a4) { transformation: [-0.9136952781978054f,-0.22817122665991252f,0.33630169479731425f,-0.31012539239577575f,-0.05223637531209502f,0.8865866922868125f,0.4596035227826072f,2.391035630058519f,-0.4030289067713246f,0.4023703870620195f,-0.8219889122866998f,0.17388979234190619f,0f,0f,0f,1f], start_interpolation: 0, interpolation_duration: 1 }
$data merge entity $(bone_ear_edge_b3) { transformation: [-0.8296321444109335f,-0.45331419162055786f,0.32590911100415126f,-0.2870640089389864f,-0.2627026232103712f,0.8320391299019776f,0.4885675163888299f,2.3893893745416848f,-0.49264372189088723f,0.3197141379222382f,-0.8093732348515945f,0.17745304526666406f,0f,0f,0f,1f], start_interpolation: 0, interpolation_duration: 1 }
$data merge entity $(bone_ear_edge_b4) { transformation: [-0.9291088460720339f,-0.17475698416709248f,0.32590911100415126f,-0.3160789713005666f,0.0072691894726015505f,0.8724958113447088f,0.4885675163888299f,2.396538705388903f,-0.36973491995631824f,0.45630149645904156f,-0.8093732348515945f,0.1700852333395651f,0f,0f,0f,1f], start_interpolation: 0, interpolation_duration: 1 }
$data merge entity $(bone_ear_left_2) { transformation: [-0.8903319590789271f,-0.31795008099883115f,0.32590911100415126f,-0.38379555595881953f,-0.12930872180988623f,0.8628910918496863f,0.4885675163888299f,2.4999217622344467f,-0.436564150047359f,0.39284438343864964f,-0.8093732348515945f,0.16661359817113613f,0f,0f,0f,1f], start_interpolation: 0, interpolation_duration: 1 }
$data merge entity $(bone_ear_left_1) { transformation: [-0.8903319590789271f,-0.3069367568720527f,0.33630169479731425f,-0.31473478566260776f,-0.12930872180988623f,0.8786602621660494f,0.4596035227826072f,2.302223203247086f,-0.436564150047359f,0.3657129625418758f,-0.8219889122866998f,0.08432818159921421f,0f,0f,0f,1f], start_interpolation: 0, interpolation_duration: 1 }
$data merge entity $(bone_head) { transformation: [-0.9108340435605273f,-0.18697999435953488f,0.36799432984828384f,-0.11655310591603907f,-0.04571607693537793f,0.9317295938280459f,0.36026379820162757f,1.8191680523333336f,-0.41023333043625043f,0.31131727496933526f,-0.8571990252589241f,0.0028447140213025118f,0f,0f,0f,1f], start_interpolation: 0, interpolation_duration: 1 }
$data merge entity $(bone_body_1) { transformation: [-0.9127804820583281f,-0.10012260538513314f,0.3959889587655937f,-0.07900712889661414f,-0.0729113334430835f,0.9938599965537047f,0.08322406326190368f,1.4464705536256943f,-0.401890195238597f,0.047093217570715495f,-0.9144760794192048f,-0.014815242567715799f,0f,0f,0f,1f], start_interpolation: 0, interpolation_duration: 1 }
$data merge entity $(bone_leg_left_2) { transformation: [-0.962186147885861f,-0.032801706818221185f,0.2704105486965689f,-0.049812818049189175f,-0.15018739190808847f,0.8920790740856761f,-0.42619088785459625f,1.1763367756752516f,-0.22724780335223094f,-0.4506872237020419f,-0.8632725307012445f,0.409884505042673f,0f,0f,0f,1f], start_interpolation: 0, interpolation_duration: 1 }
$data merge entity $(bone_leg_left_1) { transformation: [-0.962186147885861f,0.21514184074616222f,0.16706826502038308f,0.026183169863037523f,-0.15018739190808847f,0.09267294293068529f,-0.984304563110632f,1.142465169294086f,-0.22724780335223094f,-0.972175762919915f,-0.05685703001975073f,0.11049679859048961f,0f,0f,0f,1f], start_interpolation: 0, interpolation_duration: 1 }
$data merge entity $(bone_leg_right_2) { transformation: [-0.8787340622707255f,0.008610825096009106f,0.4772340112527132f,-0.3391562341097636f,0.1421488260143631f,0.9591904766682177f,0.24443269161823628f,0.8688112174548754f,-0.45565355158050413f,0.28262958649115855f,-0.8440973627324693f,0.19403173697190296f,0f,0f,0f,1f], start_interpolation: 0, interpolation_duration: 1 }
$data merge entity $(bone_leg_right_1) { transformation: [-0.8787340622707255f,0.36994360613646526f,0.3016093103402756f,-0.19991673565917503f,0.1421488260143631f,0.8060494585812787f,-0.5745241349008463f,1.1207469117145925f,-0.45565355158050413f,-0.46198051755412317f,-0.7608901644340643f,0.004102070821585112f,0f,0f,0f,1f], start_interpolation: 0, interpolation_duration: 1 }
$data merge entity $(bone_coat_downer) { transformation: [-0.9321002493373542f,0.04063278876915169f,0.359914019818739f,-0.08761783104476728f,-0.049861725758988215f,0.9698318172010765f,-0.23862115297850925f,1.1821469967617124f,-0.3587519107817791f,-0.2403647703414525f,-0.9019544576579923f,0.030449383608861853f,0f,0f,0f,1f], start_interpolation: 0, interpolation_duration: 1 }
$data merge entity $(bone_body_2) { transformation: [-0.9321002493373542f,0.05307514197079449f,0.35829060061634627f,-0.0684768208127198f,-0.049861725758988215f,0.9609844594116919f,-0.2720710882720797f,1.3972565066440044f,-0.3587519107817791f,-0.27146251688584633f,-0.8930874360533934f,-0.027402773204836778f,0f,0f,0f,1f], start_interpolation: 0, interpolation_duration: 1 }