# This file was generated by Animated Java via MC-Build. It is not recommended to edit this file directly.
$data merge entity $(bone_wing_right_1) { transformation: [-0.8031046226066145f,-0.11390000289675035f,-0.09483775056617551f,0.1884950063944682f,-0.12467274764350493f,0.8017329623989246f,0.09287307167585182f,1.3812835997261654f,0.08015058070501285f,0.10580874627179569f,-0.8058069483874438f,-0.2615976603495545f,0f,0f,0f,1f], start_interpolation: 0, interpolation_duration: 1 }
$data merge entity $(bone_wing_right_2) { transformation: [-0.7493443286327661f,0.2642957478884583f,-0.09290228626890662f,0.1884950063944682f,0.2543147812022552f,0.753025264943514f,0.09097770286614057f,1.3812835997261654f,0.11750348593960261f,0.0556840013363914f,-0.7893619086244348f,-0.2615976603495545f,0f,0f,0f,1f], start_interpolation: 0, interpolation_duration: 1 }
$data merge entity $(bone_wing_left_1) { transformation: [-0.4151167113691764f,0.10090528675783939f,0.6960177321669347f,0.11523928155748735f,0.23067561526871763f,0.7830417968041318f,0.02405721144687839f,1.3876579068295718f,-0.6643879295312966f,0.20882555400745254f,-0.42652668325796683f,-0.296729806923796f,0f,0f,0f,1f], start_interpolation: 0, interpolation_duration: 1 }
$data merge entity $(bone_wing_left_2) { transformation: [-0.4063404697922864f,-0.10009026938081293f,0.6818132886533239f,0.11523928155748735f,-0.15375349624748363f,0.7847321162978678f,0.023566247947962506f,1.3876579068295718f,-0.6717494212879229f,-0.11906907082003337f,-0.41782205706902875f,-0.296729806923796f,0f,0f,0f,1f], start_interpolation: 0, interpolation_duration: 1 }
$data merge entity $(bone_blade) { transformation: [-0.22163703911943858f,-0.5968662466744035f,1.8959503438832939f,-0.7450119143366947f,1.819906074782781f,-0.8280367218108804f,-0.04792771955165472f,1.1725368549462496f,0.7992614727728963f,1.7199144952332661f,0.6348820577299371f,-0.27790417486864794f,0f,0f,0f,1f], start_interpolation: 0, interpolation_duration: 1 }
$data merge entity $(bone_arm_right_2) { transformation: [-0.6884485932166923f,-0.624915823250626f,0.3681287116606775f,-0.5435208871421204f,-0.6595615253167082f,0.7505516168108299f,0.040630835882944076f,1.4056043204250102f,-0.30169045198656036f,-0.21483129277095997f,-0.9288866383076586f,-0.26116585592321373f,0f,0f,0f,1f], start_interpolation: 0, interpolation_duration: 1 }
$data merge entity $(bone_arm_right_1) { transformation: [-0.7950652841434311f,-0.4820295069816528f,0.3681287116606775f,-0.23294851052359272f,-0.5041852279222904f,0.8626392010107132f,0.040630835882944076f,1.602551675082155f,-0.337147519484978f,-0.15330089131711974f,-0.9288866383076586f,-0.12946760612439423f,0f,0f,0f,1f], start_interpolation: 0, interpolation_duration: 1 }
$data merge entity $(bone_arm_left_2) { transformation: [-0.32016165252552164f,-0.7264194117205369f,0.6081211676366126f,0.41690719148403044f,-0.8358343516551076f,0.5187620418188919f,0.179629843180861f,1.9190975933406589f,-0.4459567836073511f,-0.4507779744436101f,-0.7732540106013693f,0.34451743300256515f,0f,0f,0f,1f], start_interpolation: 0, interpolation_duration: 1 }
$data merge entity $(bone_arm_left_1) { transformation: [-0.3943392782888609f,-0.6889740046408893f,0.6081211676366126f,0.28718904241613763f,-0.7770301645890305f,0.6032886893996637f,0.179629843180861f,1.632854211433947f,-0.49063291462901787f,-0.4016933882596684f,-0.7732540106013693f,0.17600591635753485f,0f,0f,0f,1f], start_interpolation: 0, interpolation_duration: 1 }
$data merge entity $(bone_ear_edge_a1) { transformation: [-0.9632295262403225f,0.24524251553518966f,0.10974966219909849f,0.2581564518150977f,0.2396211336230823f,0.968886251609128f,-0.061976961558325314f,2.2039426081338247f,-0.12153432478124397f,-0.033399700848741984f,-0.992025134703341f,0.030886542296115267f,0f,0f,0f,1f], start_interpolation: 0, interpolation_duration: 1 }
$data merge entity $(bone_ear_edge_a2) { transformation: [-0.9897349541074127f,0.09154087756396888f,0.10974966219909849f,0.14507631174317648f,0.08510379738439944f,0.9944426579279234f,-0.061976961558325314f,2.223766669346008f,-0.1148131712337607f,-0.05200065218884756f,-0.992025134703341f,0.017137755317974675f,0f,0f,0f,1f], start_interpolation: 0, interpolation_duration: 1 }
$data merge entity $(bone_ear_edge_b1) { transformation: [-0.9423660319171719f,0.3018929256566322f,0.14424605133993498f,0.12474925250699996f,0.32180789777898966f,0.9358204299584156f,0.14380472801515734f,2.2159894112091187f,-0.0915747717209895f,0.18193620945519678f,-0.9790369129268435f,-0.010856496924313504f,0f,0f,0f,1f], start_interpolation: 0, interpolation_duration: 1 }
$data merge entity $(bone_ear_edge_b2) { transformation: [-0.989533399899505f,-0.004089884614941808f,0.14424605133993498f,0.1541397024832963f,0.016873081637532206f,0.9894622273318672f,0.14380472801515734f,2.2233503519393074f,-0.143314163987304f,0.14473345683461275f,-0.9790369129268435f,-0.005445062109269927f,0f,0f,0f,1f], start_interpolation: 0, interpolation_duration: 1 }
$data merge entity $(bone_ear_right_2) { transformation: [-0.9779904006220216f,0.15075759670416244f,0.14424605133993498f,0.2225079137573162f,0.1714513402134764f,0.9746407738954334f,0.14380472801515734f,2.3261409100430037f,-0.11890842791905376f,0.16537082238561845f,-0.9790369129268435f,-0.012192904962477602f,0f,0f,0f,1f], start_interpolation: 0, interpolation_duration: 1 }
$data merge entity $(bone_ear_right_1) { transformation: [-0.9779904006220216f,0.17745362193644237f,0.10974966219909849f,0.18258084882161674f,0.1714513402134764f,0.983241218712377f,-0.061976961558325314f,2.1049116358327193f,-0.11890842791905376f,-0.04179614679175039f,-0.992025134703341f,-0.0027887719343337794f,0f,0f,0f,1f], start_interpolation: 0, interpolation_duration: 1 }
$data merge entity $(bone_ear_edge_a3) { transformation: [-0.9890175582440307f,-0.09899131846883988f,0.10974966219909849f,-0.13244149975653496f,-0.10620840359165937f,0.9924105154836425f,-0.061976961558325314f,2.230635304707946f,-0.10278153769781175f,-0.07295263960468912f,-0.992025134703341f,-0.013993697037158245f,0f,0f,0f,1f], start_interpolation: 0, interpolation_duration: 1 }
$data merge entity $(bone_ear_edge_a4) { transformation: [-0.9923267648698019f,0.05694386156748707f,0.10974966219909849f,-0.017566484381398698f,0.050346406189278665f,0.9968069500258423f,-0.061976961558325314f,2.234881358476997f,-0.11292843356240057f,-0.05597589668742102f,-0.992025134703341f,-0.0015501246018591562f,0f,0f,0f,1f], start_interpolation: 0, interpolation_duration: 1 }
$data merge entity $(bone_ear_edge_b3) { transformation: [-0.9731585600735289f,-0.20670817741072267f,0.10116395774757607f,0.007322643277907909f,-0.19090471073322351f,0.9705772300563558f,0.14674887364472763f,2.2240141149672112f,-0.1285216261003587f,0.1234972464780864f,-0.9839871044565831f,-0.024348975072473814f,0f,0f,0f,1f], start_interpolation: 0, interpolation_duration: 1 }
$data merge entity $(bone_ear_edge_b4) { transformation: [-0.9894051296425233f,0.10413137418621114f,0.10116395774757607f,-0.021269024504430398f,0.11836368930650336f,0.982066599135597f,0.14674887364472763f,2.235337439703329f,-0.0840685820673551f,0.1571682276172064f,-0.9839871044565831f,-0.025599764960829222f,0f,0f,0f,1f], start_interpolation: 0, interpolation_duration: 1 }
$data merge entity $(bone_ear_left_2) { transformation: [-0.9935136464876649f,-0.05192771798981815f,0.10116395774757607f,-0.07191056223170127f,-0.036722627191797225f,0.988491890070999f,0.14674887364472763f,2.34626089022664f,-0.10762008592691102f,0.14208200226712003f,-0.9839871044565831f,-0.04602199088921594f,0f,0f,0f,1f], start_interpolation: 0, interpolation_duration: 1 }
$data merge entity $(bone_ear_left_1) { transformation: [-0.9935136464876649f,-0.0297598032582074f,0.10974966219909849f,-0.06521460649860461f,-0.036722627191797225f,0.9974017770628495f,-0.061976961558325314f,2.121845490387499f,-0.10762008592691102f,-0.06560525300540071f,-0.992025134703341f,-0.031260808963000805f,0f,0f,0f,1f], start_interpolation: 0, interpolation_duration: 1 }
$data merge entity $(bone_head) { transformation: [-0.9911818212808854f,0.074253678760659f,0.10974966219909849f,0.01719843385294649f,0.06773541821911769f,0.9957764655557386f,-0.061976961558325314f,1.6049799045614908f,-0.11388814811466813f,-0.05399649836637341f,-0.992025134703341f,0.04164920042357849f,0f,0f,0f,1f], start_interpolation: 0, interpolation_duration: 1 }
$data merge entity $(bone_body_1) { transformation: [-0.8989074846635006f,0.033413936657992326f,0.4368624987944772f,0.004668207606199369f,0.07821794648195807f,0.9933086114068529f,0.08497032042504904f,1.2324891752839209f,-0.4311000891487781f,0.11055094455501337f,-0.8955061148835948f,0.0001925962154484778f,0f,0f,0f,1f], start_interpolation: 0, interpolation_duration: 1 }
$data merge entity $(bone_leg_left_2) { transformation: [-0.8834883956651702f,-0.0796870271173428f,0.46162564100598213f,0.12493854479100236f,-0.14107681144535916f,0.9849372955392387f,-0.09997928349543812f,0.6345544082139178f,-0.446705258528926f,-0.1534552102896819f,-0.881422662766028f,0.12426833617106457f,0f,0f,0f,1f], start_interpolation: 0, interpolation_duration: 1 }
$data merge entity $(bone_leg_left_1) { transformation: [-0.8834883956651702f,-0.021212091435956065f,0.46797254396160537f,0.1190372825145531f,-0.14107681144535916f,0.9646450173892829f,-0.22261474276974746f,0.9669406445498955f,-0.446705258528926f,-0.2626976162871352f,-0.8552452130235297f,0.030966784748013832f,0f,0f,0f,1f], start_interpolation: 0, interpolation_duration: 1 }
$data merge entity $(bone_leg_right_2) { transformation: [-0.8891595350718972f,-0.10717053343218302f,0.44487054066839404f,-0.24994339981748653f,0.18568536768730287f,0.8040480308340422f,0.5648253786248717f,0.9222201895965929f,-0.41822991932376047f,0.5848258209721593f,-0.6950269733662721f,0.2051967727339054f,0f,0f,0f,1f], start_interpolation: 0, interpolation_duration: 1 }
$data merge entity $(bone_leg_right_1) { transformation: [-0.8900311059908211f,0.45544900819487116f,0.020268973902597756f,-0.10586255967585999f,0.1849192068954325f,0.4012896040134333f,-0.8970905977836943f,0.9782591853641603f,-0.41671275153265985f,-0.7946904143407356f,-0.4413814994594016f,-0.07766892412141423f,0f,0f,0f,1f], start_interpolation: 0, interpolation_duration: 1 }
$data merge entity $(bone_coat_downer) { transformation: [-0.8995071196668613f,-0.03227083397537214f,0.4357126747561531f,-0.0008782211533085718f,0.03282554071372391f,0.9894580688939776f,0.1410503944604633f,1.0319873215746989f,-0.4356712356186474f,0.1411783381936996f,-0.888965270007432f,-0.02139485054552885f,0f,0f,0f,1f], start_interpolation: 0, interpolation_duration: 1 }
$data merge entity $(bone_body_2) { transformation: [-0.8995071196668613f,-0.007379927583288953f,0.4368437687978309f,0.004500225649697657f,0.03282554071372391f,0.9958898034668622f,0.08441553901732911f,1.2542499999999999f,-0.4356712356186474f,0.09027201127481303f,-0.8955677185087241f,0.0021789835019578635f,0f,0f,0f,1f], start_interpolation: 0, interpolation_duration: 1 }