# This file was generated by Animated Java via MC-Build. It is not recommended to edit this file directly.
$data merge entity $(bone_wing_right_1) { transformation: [-0.6961619376949182f,-0.18523074228248776f,0.3846980284103102f,0.24548410154484773f,-0.4102349627822982f,0.4941596342505727f,-0.5044382773271584f,0.5401340001503961f,-0.11836501282181178f,-0.6232497672965979f,-0.5142897002165933f,-0.947200084025584f,0f,0f,0f,1f], start_interpolation: 0, interpolation_duration: 1 }
$data merge entity $(bone_wing_right_2) { transformation: [-0.6994819609331545f,0.09333428396312785f,0.37684704823867127f,0.24548410154484773f,-0.18602545044617955f,0.6010129915210406f,-0.49414361860619604f,0.5401340001503961f,-0.34076314078169484f,-0.5196846115289734f,-0.5037939920489077f,-0.947200084025584f,0f,0f,0f,1f], start_interpolation: 0, interpolation_duration: 1 }
$data merge entity $(bone_wing_left_1) { transformation: [-0.4334046180123734f,0.013942317994639089f,0.6920335926087184f,0.2041790174525397f,-0.42288749095274825f,0.6410616010781012f,-0.27776003683632255f,0.5096690462821679f,-0.5479699366987959f,-0.5057569375071017f,-0.33299146097490206f,-0.9715660861743982f,0f,0f,0f,1f], start_interpolation: 0, interpolation_duration: 1 }
$data merge entity $(bone_wing_left_2) { transformation: [-0.3974685550852099f,-0.1498537906215623f,0.6779104580656834f,0.2041790174525397f,-0.6230407359715825f,0.4216473362673449f,-0.27209146465598943f,0.5096690462821679f,-0.30633150187087266f,-0.6631420400298881f,-0.32619571687337345f,-0.9715660861743982f,0f,0f,0f,1f], start_interpolation: 0, interpolation_duration: 1 }
$data merge entity $(bone_staff) { transformation: [0.3142333010915134f,-0.8431901803475031f,1.2773777836844804f,-0.5710523842969595f,1.421700629337509f,-0.32223286307803667f,-0.5624407102031846f,0.2842883805514782f,0.566948853977554f,1.275383296000883f,0.7024049368102858f,-1.3729057396635687f,0f,0f,0f,1f], start_interpolation: 0, interpolation_duration: 1 }
$data merge entity $(bone_arm_right_2) { transformation: [-0.6653113712004007f,-0.4757889362686162f,0.5753135384082504f,-0.4096311188666556f,-0.6319339492448849f,0.7692227060021899f,-0.09463568228967228f,0.4581287989176386f,-0.3975176262044313f,-0.4265223519290018f,-0.812439794792049f,-1.2950511464301047f,0f,0f,0f,1f], start_interpolation: 0, interpolation_duration: 1 }
$data merge entity $(bone_arm_right_1) { transformation: [-0.4163917523746585f,-0.4757889362686162f,0.7747533779718162f,-0.2512660155925378f,-0.6241317730947699f,0.7692227060021899f,0.13695239459113956f,0.6915649681035498f,-0.6611183240297759f,-0.4265223519290018f,-0.6172529829308343f,-1.0565603328747062f,0f,0f,0f,1f], start_interpolation: 0, interpolation_duration: 1 }
$data merge entity $(bone_arm_left_2) { transformation: [0.8875736860674428f,0.038627119922996445f,0.4590434591703783f,0.07317289192515988f,0.32632586854735823f,0.6506266404485159f,-0.6857086861455745f,1.0671941400410294f,-0.3251528553118741f,0.7584147416454483f,0.5648740570582111f,-0.4905467957741999f,0f,0f,0f,1f], start_interpolation: 0, interpolation_duration: 1 }
$data merge entity $(bone_arm_left_1) { transformation: [0.38909490460817464f,0.515048443723349f,0.7637606011219167f,0.18266945530112758f,-0.12851977771916268f,0.8513374336790321f,-0.5086327169498799f,1.01161816235489f,-0.9121884793961017f,0.09974805579536737f,0.3974449690486367f,-0.8005804008979851f,0f,0f,0f,1f], start_interpolation: 0, interpolation_duration: 1 }
$data merge entity $(bone_himo_right_2) { transformation: [-0.7270123072564026f,0.5417154636304313f,0.4218974538455866f,-0.33979898516989565f,-0.5362147757090518f,-0.06414562423675632f,-0.8416406912706681f,0.7148944844791653f,-0.42886690174110337f,-0.8381107894275933f,0.33711049410548327f,-0.6041066081825561f,0f,0f,0f,1f], start_interpolation: 0, interpolation_duration: 1 }
$data merge entity $(bone_himo_right_1) { transformation: [-0.7270123072564026f,0.3390266635492967f,0.5970879554139021f,-0.2724996860330656f,-0.5362147757090518f,0.26281911922108697f,-0.8021220760477443f,0.7591598063578207f,-0.42886690174110337f,-0.9033200052996081f,-0.009281627901543577f,-0.7735371193506173f,0f,0f,0f,1f], start_interpolation: 0, interpolation_duration: 1 }
$data merge entity $(bone_himo_left_2) { transformation: [-0.7270123072564026f,0.27599095081174885f,0.6287146412862904f,-0.03544717717621815f,-0.5362147757090518f,0.343711893361454f,-0.7709318054621794f,0.8017389022824382f,-0.42886690174110337f,-0.8976029909887284f,-0.10189235083692738f,-0.49995954144095667f,0f,0f,0f,1f], start_interpolation: 0, interpolation_duration: 1 }
$data merge entity $(bone_himo_left_1) { transformation: [-0.7270123072564026f,-0.0753421460255492f,0.6824783264910226f,-0.04530834001543974f,-0.5362147757090518f,0.6831291339649568f,-0.49579058143492327f,0.9267269237668994f,-0.42886690174110337f,-0.7264008172906697f,-0.5370428597704598f,-0.6395162125565226f,0f,0f,0f,1f], start_interpolation: 0, interpolation_duration: 1 }
$data merge entity $(bone_ponpon1) { transformation: [-0.802382473097888f,-0.4337217682814823f,0.4099607232212633f,-0.030730065172179112f,-0.5340427495873631f,0.8284385156108935f,-0.1687837891078059f,1.4544250333611246f,-0.2664220495351055f,-0.35436570597506106f,-0.8963505106543479f,-1.032771278159208f,0f,0f,0f,1f], start_interpolation: 0, interpolation_duration: 1 }
$data merge entity $(bone_ponpon2) { transformation: [-0.802382473097888f,-0.4337217682814823f,0.4099607232212633f,0.09200831640617041f,-0.5340427495873631f,0.8284385156108935f,-0.1687837891078059f,1.3550733417904324f,-0.2664220495351055f,-0.35436570597506106f,-0.8963505106543479f,-1.0625175984286042f,0f,0f,0f,1f], start_interpolation: 0, interpolation_duration: 1 }
$data merge entity $(bone_ponpon3) { transformation: [-0.802382473097888f,-0.4337217682814823f,0.4099607232212633f,-0.5021297681171882f,-0.5340427495873631f,0.8284385156108935f,-0.1687837891078059f,1.140674917978549f,-0.2664220495351055f,-0.35436570597506106f,-0.8963505106543479f,-1.1892942322610827f,0f,0f,0f,1f], start_interpolation: 0, interpolation_duration: 1 }
$data merge entity $(bone_ponpon4) { transformation: [-0.802382473097888f,-0.4337217682814823f,0.4099607232212633f,-0.4395700720211804f,-0.5340427495873631f,0.8284385156108935f,-0.1687837891078059f,1.0012700201888043f,-0.2664220495351055f,-0.35436570597506106f,-0.8963505106543479f,-1.2390222062456115f,0f,0f,0f,1f], start_interpolation: 0, interpolation_duration: 1 }
$data merge entity $(bone_ear_edge_a1) { transformation: [-0.8666937406358778f,-0.3935406761242263f,0.30654150808377767f,-0.15382630497554325f,-0.39685805887107534f,0.9162740822192891f,0.05427234435954942f,1.4811965315613946f,-0.30223441407568413f,-0.07461596671548365f,-0.9503088005798125f,-1.0891506667175708f,0f,0f,0f,1f], start_interpolation: 0, interpolation_duration: 1 }
$data merge entity $(bone_ear_edge_a2) { transformation: [-0.7944599773517788f,-0.5242763090279158f,0.30654150808377767f,-0.25061952000955445f,-0.5353089235003828f,0.8429109496611012f,0.05427234435954942f,1.4280313030703196f,-0.2868408980725599f,-0.12097719922979537f,-0.9503088005798125f,-1.1234095725359334f,0f,0f,0f,1f], start_interpolation: 0, interpolation_duration: 1 }
$data merge entity $(bone_ear_edge_b1) { transformation: [-0.9081986089908659f,-0.3828227278901765f,0.1691805119917196f,-0.253624598070622f,-0.3232554850834919f,0.8983423688501289f,0.29746744307936523f,1.4108838736173686f,-0.2658593199240775f,0.21547098955419228f,-0.9396228363923709f,-1.1621375666573697f,0f,0f,0f,1f], start_interpolation: 0, interpolation_duration: 1 }
$data merge entity $(bone_ear_edge_b2) { transformation: [-0.7454494764199165f,-0.6447348543917042f,0.1691805119917196f,-0.23658259137680482f,-0.5850372942585429f,0.754482925343223f,0.29746744307936523f,1.4342748810319996f,-0.319431436198624f,0.12277004071857353f,-0.9396228363923709f,-1.1516639615007602f,0f,0f,0f,1f], start_interpolation: 0, interpolation_duration: 1 }
$data merge entity $(bone_ear_right_2) { transformation: [-0.837130508402259f,-0.5201831083997203f,0.1691805119917196f,-0.24764221885754856f,-0.459807381544434f,0.8367139846955325f,0.29746744307936523f,1.5573582507478623f,-0.2962932395101632f,0.17122862363088975f,-0.9396228363923709f,-1.1479473406396197f,0f,0f,0f,1f], start_interpolation: 0, interpolation_duration: 1 }
$data merge entity $(bone_ear_right_1) { transformation: [-0.837130508402259f,-0.4530395299793372f,0.30654150808377767f,-0.14570832461219785f,-0.459807381544434f,0.8863586658429925f,0.05427234435954942f,1.3579275509331894f,-0.2962932395101632f,-0.09551701294079168f,-0.9503088005798125f,-1.1264560127279415f,0f,0f,0f,1f], start_interpolation: 0, interpolation_duration: 1 }
$data merge entity $(bone_ear_edge_a3) { transformation: [-0.7181078595266921f,-0.6475275395124545f,0.25500821096376397f,-0.46585046774356526f,-0.6582007340978153f,0.7509505216770542f,0.05333955029859977f,1.2728876822276927f,-0.2260373768187241f,-0.12954304136427627f,-0.9654665735876118f,-1.1895916315570807f,0f,0f,0f,1f], start_interpolation: 0, interpolation_duration: 1 }
$data merge entity $(bone_ear_edge_a4) { transformation: [-0.8105623843866926f,-0.5272185821444654f,0.25500821096376397f,-0.3777988132460216f,-0.5326226477093404f,0.8446703543519418f,0.05333955029859977f,1.342749894740686f,-0.24351947799806853f,-0.09258811543899513f,-0.9654665735876118f,-1.1624748834475713f,0f,0f,0f,1f], start_interpolation: 0, interpolation_duration: 1 }
$data merge entity $(bone_ear_edge_b3) { transformation: [-0.6515398452080289f,-0.7543702988083768f,0.08013290449034138f,-0.34618650551675834f,-0.7139780403532254f,0.6454719299214146f,0.2712956792447905f,1.3497711792211877f,-0.2563809431289033f,0.11954681074493156f,-0.9591545089510081f,-1.1899391497574738f,0f,0f,0f,1f], start_interpolation: 0, interpolation_duration: 1 }
$data merge entity $(bone_ear_edge_b4) { transformation: [-0.8527644577945271f,-0.5161119036995253f,0.08013290449034138f,-0.3756439687982591f,-0.47957167203186696f,0.8345116331170387f,0.2712956792447905f,1.3421428664713528f,-0.20689077047313126f,0.1929218418219787f,-0.9591545089510081f,-1.1945578429286787f,0f,0f,0f,1f], start_interpolation: 0, interpolation_duration: 1 }
$data merge entity $(bone_ear_left_2) { transformation: [-0.7615278226814585f,-0.643159461486791f,0.08013290449034138f,-0.48037188554418686f,-0.6042137298421036f,0.7492158721579522f,0.2712956792447905f,1.4032997399258016f,-0.2345232268930538f,0.15818180681298227f,-0.9591545089510081f,-1.21859000501586f,0f,0f,0f,1f], start_interpolation: 0, interpolation_duration: 1 }
$data merge entity $(bone_ear_left_1) { transformation: [-0.7615278226814585f,-0.5958575229222988f,0.25500821096376397f,-0.3463039428866698f,-0.6042137298421036f,0.7950350061753485f,0.05333955029859977f,1.2244168635363484f,-0.2345232268930538f,-0.1134599106850771f,-0.9654665735876118f,-1.1930615251117178f,0f,0f,0f,1f], start_interpolation: 0, interpolation_duration: 1 }
$data merge entity $(bone_head) { transformation: [-0.802382473097888f,-0.4337217682814823f,0.4099607232212633f,-0.03653500010583859f,-0.5340427495873631f,0.8284385156108935f,-0.1687837891078059f,0.8718719613938047f,-0.2664220495351055f,-0.35436570597506106f,-0.8963505106543479f,-0.9501353911496625f,0f,0f,0f,1f], start_interpolation: 0, interpolation_duration: 1 }
$data merge entity $(bone_body_1) { transformation: [-0.7270123072564026f,-0.0753421460255492f,0.6824783264910226f,-0.008281695346257644f,-0.5362147757090518f,0.6831291339649568f,-0.49579058143492327f,0.6156985361569459f,-0.42886690174110337f,-0.7264008172906697f,-0.5370428597704598f,-0.6777350846656613f,0f,0f,0f,1f], start_interpolation: 0, interpolation_duration: 1 }
$data merge entity $(bone_leg_left_2) { transformation: [-0.8291269449656785f,0.038706239661736155f,0.5577188683764688f,-0.07057477914708131f,-0.4959302378090561f,0.40958965052909696f,-0.7656954469017726f,0.7461668179270515f,-0.2580730678674814f,-0.9114483776883366f,-0.32040622099261107f,-0.35412195963933996f,0f,0f,0f,1f], start_interpolation: 0, interpolation_duration: 1 }
$data merge entity $(bone_leg_left_1) { transformation: [-0.8291269449656785f,0.5541636175288176f,0.07383220258975733f,0.09885911535565171f,-0.4959302378090561f,-0.668094528543028f,-0.5547097440621735f,0.4967426260690185f,-0.2580730678674814f,-0.49654041722526826f,0.8287616700253595f,-0.41916248741661755f,0f,0f,0f,1f], start_interpolation: 0, interpolation_duration: 1 }
$data merge entity $(bone_leg_right_2) { transformation: [-0.6100523337124386f,0.5472693253997778f,0.5730029979053157f,-0.3819545785623587f,-0.5635156279262696f,0.20872463353870316f,-0.7993022985310353f,0.4680034464250534f,-0.557033470461937f,-0.8105123767288235f,0.18106186775388233f,-0.3202570317076845f,0f,0f,0f,1f], start_interpolation: 0, interpolation_duration: 1 }
$data merge entity $(bone_leg_right_1) { transformation: [-0.6100523337124386f,0.7694365539540433f,0.18921823266095106f,-0.09025228046129266f,-0.5635156279262696f,-0.25342824149446974f,-0.7862723850523321f,0.35608267874089594f,-0.557033470461937f,-0.5862947346278553f,0.5881940130031785f,-0.526500591777849f,0f,0f,0f,1f], start_interpolation: 0, interpolation_duration: 1 }
$data merge entity $(bone_skirt_forward_right) { transformation: [-0.6715098712687486f,0.46923376054636756f,0.573492956148672f,-0.0056214723508381205f,-0.504284110589772f,0.27768285411448723f,-0.817673387323762f,0.5458264252177322f,-0.5429291193105332f,-0.8382791363825932f,0.05016035197586102f,-0.5948831711847695f,0f,0f,0f,1f], start_interpolation: 0, interpolation_duration: 1 }
$data merge entity $(bone_skirt_forward_left) { transformation: [-0.7700753611010076f,0.3565407132574814f,0.5290204703175473f,-0.0037622817899900353f,-0.5589706573491275f,0.022564454165555803f,-0.8288803590572615f,0.5209276555657494f,-0.3074666525785144f,-0.9340072618550975f,0.18191946667167366f,-0.5669037824364591f,0f,0f,0f,1f], start_interpolation: 0, interpolation_duration: 1 }
$data merge entity $(bone_skirt_forward) { transformation: [-0.7270123072564026f,0.3775697741419184f,0.573492956148672f,-0.0056214723508381205f,-0.5362147757090518f,0.2094849540510635f,-0.817673387323762f,0.5458264252177322f,-0.42886690174110337f,-0.9019740127523876f,0.05016035197586102f,-0.5948831711847695f,0f,0f,0f,1f], start_interpolation: 0, interpolation_duration: 1 }
$data merge entity $(bone_skirt_back_right) { transformation: [-0.7129711008117358f,0.1922337668973196f,0.6743281013510921f,-0.007606327853406534f,-0.4900343848281491f,0.5512559258396148f,-0.6752652855824935f,0.562977851280053f,-0.501536151332483f,-0.8118885903196177f,-0.2988283885701368f,-0.6129629849198144f,0f,0f,0f,1f], start_interpolation: 0, interpolation_duration: 1 }
$data merge entity $(bone_skirt_back_left) { transformation: [-0.7355205110608151f,0.0655071716460787f,0.6743281013510921f,-0.007606327853406534f,-0.5783142483714748f,0.4577875317412321f,-0.6752652855824935f,0.562977851280053f,-0.3529337160705586f,-0.8866450170418833f,-0.2988283885701368f,-0.6129629849198144f,0f,0f,0f,1f], start_interpolation: 0, interpolation_duration: 1 }
$data merge entity $(bone_skirt_back) { transformation: [-0.7270123072564026f,0.12936273352845198f,0.6743281013510921f,-0.007606327853406534f,-0.5362147757090518f,0.5064489198314917f,-0.6752652855824935f,0.562977851280053f,-0.42886690174110337f,-0.8525108649017689f,-0.2988283885701368f,-0.6129629849198144f,0f,0f,0f,1f], start_interpolation: 0, interpolation_duration: 1 }
$data merge entity $(bone_skirt_right) { transformation: [-0.6963004157514109f,0.2809308803354898f,0.6604873742156915f,-0.149457537899787f,-0.473455974116291f,0.5118457985205828f,-0.7168356290743513f,0.46766231480011905f,-0.5394489517998957f,-0.8118446397006964f,-0.22339003870190816f,-0.7050960577251053f,0f,0f,0f,1f], start_interpolation: 0, interpolation_duration: 1 }
$data merge entity $(bone_skirt_left) { transformation: [-0.7452848166183453f,0.14836102663527165f,0.6500304207449736f,0.14078505003753108f,-0.5897987938226086f,0.30797424999173695f,-0.7465180802548744f,0.6692986729705969f,-0.3109468200891518f,-0.9397557486484215f,-0.14202537786849698f,-0.5456767329162131f,0f,0f,0f,1f], start_interpolation: 0, interpolation_duration: 1 }
$data merge entity $(bone_coat_downer) { transformation: [-0.7270123072564026f,0.14596039122614493f,0.6709311956458968f,-0.025103085133246765f,-0.5362147757090518f,0.48963459846230234f,-0.6875548518481642f,0.4843362830383857f,-0.42886690174110337f,-0.8596240597969386f,-0.2777042606969079f,-0.5031931972199124f,0f,0f,0f,1f], start_interpolation: 0, interpolation_duration: 1 }
$data merge entity $(bone_body_2) { transformation: [-0.7270123072564026f,0.08692946118179001f,0.6810993861958514f,8.398334546815476e-17f,-0.5362147757090518f,0.5476957447830092f,-0.6422640309544634f,0.6109012289485662f,-0.42886690174110337f,-0.8321494096165835f,-0.3515686855591071f,-0.6857760582612654f,0f,0f,0f,1f], start_interpolation: 0, interpolation_duration: 1 }
$data merge entity $(bone_book_left) { transformation: [-0.1541227498417907f,-0.6064157526941428f,-0.7800680181020119f,-0.2498404045674516f,0.554004139007909f,0.6006816468584764f,-0.5764208298539306f,0.7595575113874787f,0.818123213179598f,-0.5210004740993861f,0.2433781297588278f,-0.5431190168837557f,0f,0f,0f,1f], start_interpolation: 0, interpolation_duration: 1 }
$data merge entity $(bone_book_right) { transformation: [-0.1541227498417907f,-0.6064157526941428f,-0.7800680181020119f,-0.2642894123651195f,0.554004139007909f,0.6006816468584764f,-0.5764208298539306f,0.8114953994194702f,0.818123213179598f,-0.5210004740993861f,0.2433781297588278f,-0.46641996564816846f,0f,0f,0f,1f], start_interpolation: 0, interpolation_duration: 1 }
$data merge entity $(bone_book_loot_1) { transformation: [-0.1541227498417907f,-0.6064157526941428f,-0.7800680181020119f,-0.14005470575098375f,0.554004139007909f,0.6006816468584764f,-0.5764208298539306f,0.8719895798815641f,0.818123213179598f,-0.5210004740993861f,0.2433781297588278f,-0.5412762107297863f,0f,0f,0f,1f], start_interpolation: 0, interpolation_duration: 1 }
$data merge entity $(bone_book_left2) { transformation: [-0.6201456972270813f,-0.7785025447931806f,-0.09671143655886387f,0.2513479491968142f,-0.3873649967932207f,0.41108311044274093f,-0.8252024209659768f,1.6390549156903533f,0.6821786228475099f,-0.47428310539092916f,-0.5564960579111153f,-1.1342110412812214f,0f,0f,0f,1f], start_interpolation: 0, interpolation_duration: 1 }
$data merge entity $(bone_book_right2) { transformation: [-0.5418907929287875f,-0.7785025447931806f,-0.3166830533665354f,0.30678576374349437f,-0.058952751680050625f,0.41108311044274093f,-0.9096896445371198f,1.6603476038101852f,0.8383787578465715f,-0.47428310539092916f,-0.268657019882929f,-1.2067529784687507f,0f,0f,0f,1f], start_interpolation: 0, interpolation_duration: 1 }
$data merge entity $(bone_book_loot_2) { transformation: [-0.5913366884979215f,-0.7785025447931806f,-0.21036803128530257f,0.31062206116294966f,-0.2271220066115405f,0.41108311044274093f,-0.8828512164693825f,1.7821289422206767f,0.7737806633336473f,-0.47428310539092916f,-0.4199035853522536f,-1.107496472072148f,0f,0f,0f,1f], start_interpolation: 0, interpolation_duration: 1 }
$data merge entity $(bone_air_staff_povit_1) { transformation: [-0.000011359567300881292f,-0.000006048027626208546f,0.000008861276294607158f,-0.45944503032776696f,-0.000008378355870453936f,0.000013061828055072152f,-0.0000018254932943618664f,0.8262240697458465f,-0.000006701045339704742f,-0.000006078703372623828f,-0.00001273915152837398f,-0.1929765395413236f,0f,0f,0f,1f], start_interpolation: 0, interpolation_duration: 1 }