# This file was generated by Animated Java via MC-Build. It is not recommended to edit this file directly.
$data merge entity $(bone_wing_right_1) { transformation: [-0.6029938579086186f,-0.03265987852201853f,0.5497964933535427f,0.31438870350403103f,-0.49461212487411393f,0.3907345241314224f,-0.5192589161716429f,0.3489732065002388f,-0.24228433233793525f,-0.7163827946225133f,-0.3082830490261233f,-1.0990598267936178f,0f,0f,0f,1f], start_interpolation: 0, interpolation_duration: 1 }
$data merge entity $(bone_wing_right_2) { transformation: [-0.5579677498434854f,0.19648845642978563f,0.5385761567544909f,0.31438870350403103f,-0.301160218643224f,0.5390414646139837f,-0.5086617954334461f,0.3489732065002388f,-0.4878263142157906f,-0.5575182381919462f,-0.30199155822967183f,-1.0990598267936178f,0f,0f,0f,1f], start_interpolation: 0, interpolation_duration: 1 }
$data merge entity $(bone_wing_left_1) { transformation: [-0.22797915279450945f,0.11386308350548696f,0.7758899074934308f,0.2840023487451128f,-0.5315141983267344f,0.5716682805269065f,-0.24006765392477053f,0.31145064188907023f,-0.5765957052499012f,-0.5719921500322158f,-0.08547992415378271f,-1.1290039754081265f,0f,0f,0f,1f], start_interpolation: 0, interpolation_duration: 1 }
$data merge entity $(bone_wing_left_2) { transformation: [-0.24901105833958848f,0.017585561789637348f,0.7600554195854017f,0.2840023487451128f,-0.6953368837611432f,0.31812337567178034f,-0.23516831404875482f,0.31145064188907023f,-0.3074087033672608f,-0.7338175971368732f,-0.08373543590574634f,-1.1290039754081265f,0f,0f,0f,1f], start_interpolation: 0, interpolation_duration: 1 }
$data merge entity $(bone_staff) { transformation: [-0.2335967737408018f,-1.2056613946863923f,0.9660328144844527f,-0.24170854720059298f,1.2622786488243265f,-0.7122706311255141f,-0.5837203189527458f,0.0696046042130602f,0.8907813480423367f,0.6931503440083727f,1.0804894449188074f,-1.838905238458617f,0f,0f,0f,1f], start_interpolation: 0, interpolation_duration: 1 }
$data merge entity $(bone_arm_right_2) { transformation: [-0.34282526586591183f,-0.38385149316410816f,0.857396564186988f,-0.15443483863371926f,-0.5920459500294429f,0.7969129808620814f,0.12004704905680355f,0.2370275097939907f,-0.7293506907775582f,-0.46646300188674844f,-0.5004596264766039f,-1.6755298839782469f,0f,0f,0f,1f], start_interpolation: 0, interpolation_duration: 1 }
$data merge entity $(bone_arm_right_1) { transformation: [-0.024522303291598102f,-0.38385149316410816f,0.9230691674175666f,-0.1394551339542503f,-0.513780295346774f,0.7969129808620814f,0.3177412611652662f,0.43112678854810615f,-0.8575712592867467f,-0.46646300188674844f,-0.21675747534086715f,-1.361601711294782f,0f,0f,0f,1f], start_interpolation: 0, interpolation_duration: 1 }
$data merge entity $(bone_arm_left_2) { transformation: [0.918741434620352f,-0.22529291046253397f,0.32427963366060797f,-0.01750524369419118f,0.37798184457946565f,0.7393353950629201f,-0.5572368426221121f,0.9064465172702205f,-0.11420990097203582f,0.6345283903045447f,0.7644146913930168f,-0.7907001580863193f,0f,0f,0f,1f], start_interpolation: 0, interpolation_duration: 1 }
$data merge entity $(bone_arm_left_1) { transformation: [0.6419755447577209f,0.4047577388467604f,0.6511824420058369f,0.17977232801110665f,-0.19690974462235045f,0.9078540648220528f,-0.3701723240044248f,0.8253245514021353f,-0.7410087397634307f,0.10941741099904435f,0.6625208508148842f,-1.0470198985448471f,0f,0f,0f,1f], start_interpolation: 0, interpolation_duration: 1 }
$data merge entity $(bone_himo_right_2) { transformation: [-0.5348313498896032f,0.8058478645034091f,0.25409574268483953f,-0.3702400782120355f,-0.6604360424779547f,-0.21110904001126202f,-0.7205950367727914f,0.5198665324344944f,-0.5270480632459643f,-0.5532108029502125f,0.6451187073150639f,-0.9688261516355376f,0f,0f,0f,1f], start_interpolation: 0, interpolation_duration: 1 }
$data merge entity $(bone_himo_right_1) { transformation: [-0.5348313498896032f,0.6472681173726372f,0.5431384827170201f,-0.24548269068768463f,-0.6604360424779547f,0.08072046082294859f,-0.7465309377384088f,0.5303358004779323f,-0.5270480632459643f,-0.7579763792080944f,0.38430736083409234f,-1.1085448017318422f,0f,0f,0f,1f], start_interpolation: 0, interpolation_duration: 1 }
$data merge entity $(bone_himo_left_2) { transformation: [-0.5348313498896032f,0.49706788550322023f,0.6832854047736001f,-0.1002553805800135f,-0.6604360424779547f,0.25848810612324946f,-0.7049880373374239f,0.6316642821411025f,-0.5270480632459643f,-0.8283160122768202f,0.1900340044163273f,-0.7899649378001636f,0f,0f,0f,1f], start_interpolation: 0, interpolation_duration: 1 }
$data merge entity $(bone_himo_left_1) { transformation: [-0.5348313498896032f,0.08883071386440344f,0.8402764613206807f,-0.07834789384718362f,-0.6604360424779547f,0.5763512851475738f,-0.4812934966367168f,0.7367220637522931f,-0.5270480632459643f,-0.8123597112013129f,-0.24958373073098636f,-0.9438422819674784f,0f,0f,0f,1f], start_interpolation: 0, interpolation_duration: 1 }
$data merge entity $(bone_ponpon1) { transformation: [-0.6942707667521993f,-0.47036240038752475f,0.5447451833059189f,-0.02476935200247611f,-0.634783543204443f,0.756883707379022f,-0.15548924972807657f,1.2207427303532354f,-0.33917245718089545f,-0.45374691823292074f,-0.8240605429724206f,-1.341896836646588f,0f,0f,0f,1f], start_interpolation: 0, interpolation_duration: 1 }
$data merge entity $(bone_ponpon2) { transformation: [-0.6942707667521993f,-0.47036240038752475f,0.5447451833059189f,0.11113096273410183f,-0.634783543204443f,0.756883707379022f,-0.15548924972807657f,1.1353595326390171f,-0.33917245718089545f,-0.45374691823292074f,-0.8240605429724206f,-1.3497151806268537f,0f,0f,0f,1f], start_interpolation: 0, interpolation_duration: 1 }
$data merge entity $(bone_ponpon3) { transformation: [-0.6942707667521993f,-0.47036240038752475f,0.5447451833059189f,-0.4326534274693933f,-0.634783543204443f,0.756883707379022f,-0.15548924972807657f,0.8478073987206252f,-0.33917245718089545f,-0.45374691823292074f,-0.8240605429724206f,-1.541160655240364f,0f,0f,0f,1f], start_interpolation: 0, interpolation_duration: 1 }
$data merge entity $(bone_ponpon4) { transformation: [-0.6942707667521993f,-0.47036240038752475f,0.5447451833059189f,-0.3488234202392302f,-0.634783543204443f,0.756883707379022f,-0.15548924972807657f,0.7148154352660736f,-0.33917245718089545f,-0.45374691823292074f,-0.8240605429724206f,-1.574416933509197f,0f,0f,0f,1f], start_interpolation: 0, interpolation_duration: 1 }
$data merge entity $(bone_ear_edge_a1) { transformation: [-0.7706076874919344f,-0.5176133871571149f,0.3718066344406348f,-0.14378803761110062f,-0.5082689858852816f,0.8511091102818795f,0.13143789553372645f,1.22712094376728f,-0.3844820281436839f,-0.08769072830650955f,-0.9189580546486293f,-1.4051126380606571f,0f,0f,0f,1f], start_interpolation: 0, interpolation_duration: 1 }
$data merge entity $(bone_ear_edge_a2) { transformation: [-0.68014765479118f,-0.6317903087797296f,0.3718066344406348f,-0.2284976461300512f,-0.6351541496028199f,0.761119757896209f,0.13143789553372645f,1.1616308005673435f,-0.3660305641942711f,-0.14675735031687567f,-0.9189580546486293f,-1.4487528029688919f,0f,0f,0f,1f], start_interpolation: 0, interpolation_duration: 1 }
$data merge entity $(bone_ear_edge_b1) { transformation: [-0.8281817476137583f,-0.5456714077993181f,0.12789725419152573f,-0.22134569623877332f,-0.44945365036375834f,0.7829547558604312f,0.4300851851089793f,1.1482995616760387f,-0.3348229518627926f,0.2987048124584585f,-0.8936828441455296f,-1.5005874147575913f,0f,0f,0f,1f], start_interpolation: 0, interpolation_duration: 1 }
$data merge entity $(bone_ear_edge_b2) { transformation: [-0.6190259093902815f,-0.7748865825872864f,0.12789725419152573f,-0.20909702452780268f,-0.6694021483386572f,0.6057454063790871f,0.4300851851089793f,1.1730171620362284f,-0.41074041352553264f,0.18061917610495085f,-0.8936828441455296f,-1.4869391218698045f,0f,0f,0f,1f], start_interpolation: 0, interpolation_duration: 1 }
$data merge entity $(bone_ear_right_2) { transformation: [-0.732623641244978f,-0.6685094559235629f,0.12789725419152573f,-0.24273199945315357f,-0.5664012384859387f,0.7030052422218269f,0.4300851851089793f,1.290783582428059f,-0.37742845326040875f,0.24264941118702976f,-0.8936828441455296f,-1.4700452406959699f,0f,0f,0f,1f], start_interpolation: 0, interpolation_duration: 1 }
$data merge entity $(bone_ear_right_1) { transformation: [-0.732623641244978f,-0.5701073818807103f,0.3718066344406348f,-0.11445783852999394f,-0.5664012384859387f,0.8135807990969673f,0.13143789553372645f,1.1077279026312414f,-0.37742845326040875f,-0.11429722860096841f,-0.9189580546486293f,-1.444328364260752f,0f,0f,0f,1f], start_interpolation: 0, interpolation_duration: 1 }
$data merge entity $(bone_ear_edge_a3) { transformation: [-0.6004906291807435f,-0.739805290516413f,0.30347839526075115f,-0.41329482780775517f,-0.745844541861947f,0.6550351203992253f,0.12101615767456328f,0.9798559375201044f,-0.2883174008638002f,-0.1536786360152192f,-0.9451221895562734f,-1.5323341139116504f,0f,0f,0f,1f], start_interpolation: 0, interpolation_duration: 1 }
$data merge entity $(bone_ear_edge_a4) { transformation: [-0.7088286379343264f,-0.6367596294160984f,0.30347839526075115f,-0.33806526317352215f,-0.6341918892513513f,0.7636463430079969f,0.12101615767456328f,1.0606008943609044f,-0.30880837043702314f,-0.10668381862487762f,-0.9451221895562734f,-1.497839111741465f,0f,0f,0f,1f], start_interpolation: 0, interpolation_duration: 1 }
$data merge entity $(bone_ear_edge_b3) { transformation: [-0.523858106839251f,-0.8516379573174848f,0.016895962680412102f,-0.30283732825872123f,-0.7846794519414204f,0.4901987800515959f,0.3794513325010722f,1.0754027784785793f,-0.33143753800634634f,0.1855207419455544f,-0.925057410493134f,-1.5359913872321227f,0f,0f,0f,1f], start_interpolation: 0, interpolation_duration: 1 }
$data merge entity $(bone_ear_edge_b4) { transformation: [-0.7613892679893813f,-0.6480747711766723f,0.016895962680412102f,-0.33062645427500853f,-0.5947947523139876f,0.7086860298347237f,0.3794513325010722f,1.0633485449251303f,-0.2578867681955328f,0.2788605423529847f,-0.925057410493134f,-1.5414435018393007f,0f,0f,0f,1f], start_interpolation: 0, interpolation_duration: 1 }
$data merge entity $(bone_ear_left_2) { transformation: [-0.6506340725122859f,-0.759203418150353f,0.016895962680412102f,-0.44465141718875434f,-0.6983347618663784f,0.6069145299234393f,0.3794513325010722f,1.1077620857482622f,-0.29833515390430654f,0.23508492771045736f,-0.925057410493134f,-1.5590897409661197f,0f,0f,0f,1f], start_interpolation: 0, interpolation_duration: 1 }
$data merge entity $(bone_ear_left_1) { transformation: [-0.6506340725122859f,-0.696115053203159f,0.30347839526075115f,-0.2880255302180438f,-0.6983347618663784f,0.7054669729694749f,0.12101615767456328f,0.9490320168301306f,-0.29833515390430654f,-0.1331922773784172f,-0.9451221895562734f,-1.529121478555976f,0f,0f,0f,1f], start_interpolation: 0, interpolation_duration: 1 }
$data merge entity $(bone_head) { transformation: [-0.6942707667521993f,-0.47036240038752475f,0.5447451833059189f,0.022795758846277686f,-0.634783543204443f,0.756883707379022f,-0.15548924972807657f,0.6453360987529394f,-0.33917245718089545f,-0.45374691823292074f,-0.8240605429724206f,-1.2284277338461038f,0f,0f,0f,1f], start_interpolation: 0, interpolation_duration: 1 }
$data merge entity $(bone_body_1) { transformation: [-0.5348313498896032f,0.08883071386440344f,0.8402764613206807f,-0.010515758852873607f,-0.6604360424779547f,0.5763512851475738f,-0.4812934966367168f,0.4292043668225992f,-0.5270480632459643f,-0.8123597112013129f,-0.24958373073098636f,-0.9237928421456114f,0f,0f,0f,1f], start_interpolation: 0, interpolation_duration: 1 }
$data merge entity $(bone_leg_left_2) { transformation: [-0.7163044129916409f,0.1558205669342348f,0.6801675814451865f,-0.13175633276516147f,-0.5817766950642727f,0.40484609218916606f,-0.7054328591150643f,0.5991854950297348f,-0.3852841354231874f,-0.901010317676471f,-0.1993402679634799f,-0.6920722723722801f,0f,0f,0f,1f], start_interpolation: 0, interpolation_duration: 1 }
$data merge entity $(bone_leg_left_1) { transformation: [-0.7163044129916409f,0.6814078569847504f,-0.15030409298535718f,0.043855188711551175f,-0.5817766950642727f,-0.7021292557956518f,-0.4105488828823397f,0.3509866761463002f,-0.3852841354231874f,-0.20663455808575398f,0.8993654954443785f,-0.6437832849669729f,0f,0f,0f,1f], start_interpolation: 0, interpolation_duration: 1 }
$data merge entity $(bone_leg_right_2) { transformation: [-0.3469026430134685f,0.8102645735272171f,0.47236625319451747f,-0.465855546545926f,-0.7241264276482602f,0.08869781449774969f,-0.6839397740186572f,0.2662498154377029f,-0.5960700236143729f,-0.5793134027364459f,0.555964484799417f,-0.6701470422945889f,0f,0f,0f,1f], start_interpolation: 0, interpolation_duration: 1 }
$data merge entity $(bone_leg_right_1) { transformation: [-0.3469026430134685f,0.9339796973776812f,0.08567660798937535f,-0.10444488562151742f,-0.7241264276482602f,-0.2086579184586489f,-0.6573452592404336f,0.17704941897657794f,-0.5960700236143729f,-0.29007550387924685f,0.7487033651570973f,-0.7721181977725261f,0f,0f,0f,1f], start_interpolation: 0, interpolation_duration: 1 }
$data merge entity $(bone_skirt_forward_right) { transformation: [-0.4509497615267491f,0.6721986184829803f,0.587191050586213f,-0.02396741730811102f,-0.6374426175550023f,0.21793966711614915f,-0.7390326182394991f,0.36892166978529845f,-0.6247489270927923f,-0.7075671832461385f,0.3302082059694009f,-0.8346031879391724f,0f,0f,0f,1f], start_interpolation: 0, interpolation_duration: 1 }
$data merge entity $(bone_skirt_forward_left) { transformation: [-0.6095618255725821f,0.6091177904421898f,0.507355790517311f,-0.02863867590215653f,-0.6721292236066452f,-0.05776530486000736f,-0.7381771307270084f,0.34809744774518336f,-0.4203292609116684f,-0.7909732529746216f,0.44461739226012714f,-0.8037684245377019f,0f,0f,0f,1f], start_interpolation: 0, interpolation_duration: 1 }
$data merge entity $(bone_skirt_forward) { transformation: [-0.5348313498896032f,0.6075871108628985f,0.587191050586213f,-0.02396741730811102f,-0.6604360424779547f,0.1328722054235878f,-0.7390326182394991f,0.36892166978529845f,-0.5270480632459643f,-0.7830599464531101f,0.3302082059694009f,-0.8346031879391724f,0f,0f,0f,1f], start_interpolation: 0, interpolation_duration: 1 }
$data merge entity $(bone_skirt_back_right) { transformation: [-0.503457003801551f,0.3819616577845856f,0.7750073143562042f,-0.021767316435453616f,-0.6225748286710439f,0.4615909144043752f,-0.6319291182122829f,0.3833421657023812f,-0.5991090284984741f,-0.8006491864242316f,0.005408534906101256f,-0.8549058869145988f,0f,0f,0f,1f], start_interpolation: 0, interpolation_duration: 1 }
$data merge entity $(bone_skirt_back_left) { transformation: [-0.5621353064649971f,0.2887344106958635f,0.7750073143562042f,-0.021767316435453616f,-0.6932709392194228f,0.34646932676539505f,-0.6319291182122829f,0.3833421657023812f,-0.45097594399183105f,-0.892519717256065f,0.005408534906101256f,-0.8549058869145988f,0f,0f,0f,1f], start_interpolation: 0, interpolation_duration: 1 }
$data merge entity $(bone_skirt_back) { transformation: [-0.5348313498896032f,0.3366290092515031f,0.7750073143562042f,-0.021767316435453616f,-0.6604360424779547f,0.40557345000813844f,-0.6319291182122829f,0.3833421657023812f,-0.5270480632459643f,-0.8498182669129014f,0.005408534906101256f,-0.8549058869145988f,0f,0f,0f,1f], start_interpolation: 0, interpolation_duration: 1 }
$data merge entity $(bone_skirt_right) { transformation: [-0.4776675252589134f,0.4692570547315746f,0.7427190262122503f,-0.12429094623543986f,-0.6092383008098208f,0.43217272202996526f,-0.6648724924070576f,0.2625932472515568f,-0.6329790108205703f,-0.7700808755694808f,0.07945449605122376f,-0.967173087896081f,0f,0f,0f,1f], start_interpolation: 0, interpolation_duration: 1 }
$data merge entity $(bone_skirt_left) { transformation: [-0.5828440618404178f,0.39311591163002846f,0.7111629065134478f,0.09346077234553404f,-0.7003335403518268f,0.20082838080629284f,-0.684982403949911f,0.5125028574893716f,-0.41209917718389033f,-0.897289162692838f,0.15826062895851975f,-0.7660714278404168f,0f,0f,0f,1f], start_interpolation: 0, interpolation_duration: 1 }
$data merge entity $(bone_coat_downer) { transformation: [-0.5348313498896032f,0.3182016519639659f,0.7827535601085874f,-0.05976276724726037f,-0.6604360424779547f,0.42040853574775355f,-0.6221582570909808f,0.31387952867793345f,-0.5270480632459643f,-0.8497084039585774f,-0.014695824946053454f,-0.7441298658734122f,0f,0f,0f,1f], start_interpolation: 0, interpolation_duration: 1 }
$data merge entity $(bone_body_2) { transformation: [-0.5348313498896032f,0.24876933069090001f,0.8075080478130645f,1.1375258885127438e-16f,-0.6604360424779547f,0.47303341934777904f,-0.5831497388974854f,0.4247325898953118f,-0.5270480632459643f,-0.8451941814090711f,-0.08869686996127985f,-0.9288603777878924f,0f,0f,0f,1f], start_interpolation: 0, interpolation_duration: 1 }
$data merge entity $(bone_book_left) { transformation: [-0.44534106818432956f,-0.5571692301279569f,-0.7008807188010383f,-0.2833194755876328f,0.5684440962910562f,0.4288521344608028f,-0.7021090771100015f,0.5549247665560368f,0.691767766219477f,-0.7110895131887639f,0.12573409184736623f,-0.8787774920285946f,0f,0f,0f,1f], start_interpolation: 0, interpolation_duration: 1 }
$data merge entity $(bone_book_right) { transformation: [-0.44534106818432956f,-0.5571692301279569f,-0.7008807188010383f,-0.3250702007299137f,0.5684440962910562f,0.4288521344608028f,-0.7021090771100015f,0.6082164005833234f,0.691767766219477f,-0.7110895131887639f,0.12573409184736623f,-0.8139242639455185f,0f,0f,0f,1f], start_interpolation: 0, interpolation_duration: 1 }
$data merge entity $(bone_book_loot_1) { transformation: [-0.44534106818432956f,-0.5571692301279569f,-0.7008807188010383f,-0.1990627303386175f,0.5684440962910562f,0.4288521344608028f,-0.7021090771100015f,0.6868869451361803f,0.691767766219477f,-0.7110895131887639f,0.12573409184736623f,-0.8652109917641615f,0f,0f,0f,1f], start_interpolation: 0, interpolation_duration: 1 }
$data merge entity $(bone_book_left2) { transformation: [-0.6802472633668928f,-0.7306031736586616f,0.05901409426352983f,0.1608228602987f,-0.36035109127253584f,0.26322872841461037f,-0.8949065468281701f,1.4714814635844513f,0.6382873582490457f,-0.6300235227173021f,-0.4423342730586625f,-1.3758755141738364f,0f,0f,0f,1f], start_interpolation: 0, interpolation_duration: 1 }
$data merge entity $(bone_book_right2) { transformation: [-0.6825463609114875f,-0.7306031736586616f,-0.01869405911986361f,0.22480757903878046f,-0.2562888123691389f,0.26322872841461037f,-0.930068105673796f,1.5004334120640423f,0.6844315231350041f,-0.6300235227173021f,-0.36691123035685275f,-1.4379786779176256f,0f,0f,0f,1f], start_interpolation: 0, interpolation_duration: 1 }
$data merge entity $(bone_book_loot_2) { transformation: [-0.6825036665608581f,-0.7306031736586616f,0.02019276531029146f,0.1897863048721965f,-0.3088207837823048f,0.26322872841461037f,-0.9139695618790102f,1.6230528721060984f,0.6624337466004186f,-0.6300235227173021f,-0.4052800170102312f,-1.3461350934941962f,0f,0f,0f,1f], start_interpolation: 0, interpolation_duration: 1 }
$data merge entity $(bone_air_staff_povit_1) { transformation: [-0.00000835673984202505f,-0.000006830890793290381f,0.000011297984562870135f,-0.5735964040058504f,-0.000010319313163718043f,0.000011719780800641332f,-5.469358408756891e-7f,0.568633904064748f,-0.000008235125988218193f,-0.000007754114646757527f,-0.000010779472668137054f,-0.5408080560523223f,0f,0f,0f,1f], start_interpolation: 0, interpolation_duration: 1 }