execute if entity @s[tag=aj.lexiel.bone.backhair] run data modify entity @s {} merge value {transformation:[-0.9995511321536914f,-0.01475448436320156f,-0.02607373010234327f,-0.013151492233126923f,-0.013254664415851132f,0.9982982992379713f,-0.0567874951886168f,1.4678489053768922f,0.026867230625745014f,-0.0564164065653782f,-0.998045760969282f,-0.3116659474844117f,0f,0f,0f,1f],start_interpolation:0}
execute if entity @s[tag=aj.lexiel.bone.head] run data modify entity @s {} merge value {transformation:[-0.9995511321536914f,-0.01475448436320156f,-0.02607373010234327f,-0.006456196492867016f,-0.013254664415851132f,0.9982982992379713f,-0.0567874951886168f,1.498531494711962f,0.026867230625745014f,-0.0564164065653782f,-0.998045760969282f,-0.047441548579530216f,0f,0f,0f,1f],start_interpolation:0}
execute if entity @s[tag=aj.lexiel.bone.ring] run data modify entity @s {} merge value {transformation:[-0.9855473555004443f,0.16538717356566712f,-0.03665368857347133f,-0.0018077350180027985f,0.1673960056257004f,0.9840014956641719f,-0.06098880086731473f,0.9370888185193493f,0.025980518983300067f,-0.06624303246857269f,-0.9974652240969236f,-0.013283633602268474f,0f,0f,0f,1f],start_interpolation:0}
execute if entity @s[tag=aj.lexiel.bone.bust] run data modify entity @s {} merge value {transformation:[-0.9992938579566787f,-0.025483618910283612f,-0.027611059691594685f,-0.0029178451176472553f,-0.006017182380152394f,0.8339031468579394f,-0.5518780075131006f,1.3937456555146257f,0.037088798393333705f,-0.5513221624673376f,-0.8334676323685746f,0.03089308120357037f,0f,0f,0f,1f],start_interpolation:0}
execute if entity @s[tag=aj.lexiel.bone.left_wing] run data modify entity @s {} merge value {transformation:[-0.768295950441304f,0.007249247850575645f,-0.6400537328545896f,0.11671455113689544f,0.05223641103953606f,0.997310720477188f,-0.05140704409884725f,1.1485561847278034f,0.6379597870533863f,-0.07292993368208361f,-0.766608462564773f,-0.15588652001581915f,0f,0f,0f,1f],start_interpolation:0}
execute if entity @s[tag=aj.lexiel.bone.right_wing] run data modify entity @s {} merge value {transformation:[-0.9633088650831186f,-0.027977140248260392f,0.26693315656883687f,-0.13310891335227426f,-0.04451045091085629f,0.9974331335128338f,-0.05608889311157368f,1.1470518891327655f,-0.26467876796597456f,-0.06591224312901552f,-0.9620814549681931f,-0.14661432041748568f,0f,0f,0f,1f],start_interpolation:0}
execute if entity @s[tag=aj.lexiel.bone.body] run data modify entity @s {} merge value {transformation:[-0.9992938579566787f,-0.008263931510869781f,-0.03665368857347133f,0.5221057390205099f,-0.006017182380152394f,0.9981203132313113f,-0.06098880086731473f,0.2531928350080779f,0.037088798393333705f,-0.060725182181798676f,-0.9974652240969236f,0.5105508039426943f,0f,0f,0f,1f],start_interpolation:0}
execute if entity @s[tag=aj.lexiel.locator_origin.locator_right_hand] at @s on origin run tp @s ^-1.1243 ^1.30848 ^-0.07525 ~6.06891 ~-4.2969
execute if entity @s[tag=aj.lexiel.bone.sword] run data modify entity @s {} merge value {transformation:[-8.260142786518576e-7f,0.000003709042047802106f,0.00001092026161541468f,-1.0423135797914447f,0.000011526580277366252f,-9.853124300608386e-8f,9.05342451000224e-7f,1.3559806835551542f,3.834759065373819e-7f,0.000010951013876887733f,-0.0000036904806661622954f,-0.14890726198651089f,0f,0f,0f,1f],start_interpolation:0}
execute if entity @s[tag=aj.lexiel.bone.rod] run data modify entity @s {} merge value {transformation:[-7.874514534430793e-7f,0.000006264096564130474f,0.000007755063793658904f,-1.051651821300174f,0.000009933972928531246f,0.0000011441309735143305f,8.453502619357074e-8f,1.3645195042269969f,-8.343273120776871e-7f,0.000007710516101448332f,-0.000006312831328780079f,-0.038425651340476576f,0f,0f,0f,1f],start_interpolation:0}
execute if entity @s[tag=aj.lexiel.bone.right_hand] run data modify entity @s {} merge value {transformation:[-0.07874514534430792f,0.9913043355534494f,0.10542730385264723f,-0.6302793609939308f,0.9933972928531245f,0.08687980602068053f,-0.07492474796682928f,1.411667031981904f,-0.0834327312077687f,0.09883123807148986f,-0.9916004062849454f,-0.06203520080561568f,0f,0f,0f,1f],start_interpolation:0}
execute if entity @s[tag=aj.lexiel.bone.right_arm] run data modify entity @s {} merge value {transformation:[-0.06377925575554988f,0.9930415223244312f,0.09899869430878822f,-0.31796078352518503f,0.9941146369547161f,0.07192446808211107f,-0.08101209467418258f,1.4030773458527288f,-0.08756880225092432f,0.09324915994625435f,-0.991784401491401f,-0.03015831325206981f,0f,0f,0f,1f],start_interpolation:0}
execute if entity @s[tag=aj.lexiel.locator_origin.locator_left_hand] at @s on origin run tp @s ^1.02279 ^1.47448 ^-0.06498 ~-3.03305 ~-3.84235
execute if entity @s[tag=aj.lexiel.bone.left_hand] run data modify entity @s {} merge value {transformation:[0.0912544642004515f,-0.9944272260725306f,-0.052793132216036445f,0.5860741433354568f,-0.9938950059100614f,-0.08764805413444926f,-0.06701146046374021f,1.4340397377871783f,0.06201080543362794f,0.05858592537577656f,-0.9963545299527357f,-0.07048587328247702f,0f,0f,0f,1f],start_interpolation:0}
execute if entity @s[tag=aj.lexiel.bone.left_arm] run data modify entity @s {} merge value {transformation:[0.0912544642004515f,-0.9944272260725306f,-0.052793132216036445f,0.27531563518779095f,-0.9938950059100614f,-0.08764805413444926f,-0.06701146046374021f,1.406649720870163f,0.06201080543362794f,0.05858592537577656f,-0.9963545299527357f,-0.052177771602546844f,0f,0f,0f,1f],start_interpolation:0}
execute if entity @s[tag=aj.lexiel.bone.skirt_right] run data modify entity @s {} merge value {transformation:[-0.984807753012208f,0.17364817766693033f,1.2181821377747608e-16f,-0.21875f,0.17273152425521518f,0.9796091531834573f,-0.1026144606167154f,0.6936816771340591f,-0.017818814088367742f,-0.10105551638650719f,-0.9947212033893419f,0.0871623792186333f,0f,0f,0f,1f],start_interpolation:0}
execute if entity @s[tag=aj.lexiel.bone.skirt_left] run data modify entity @s {} merge value {transformation:[-1f,7.241050555662737e-18f,1.2225041927727247e-16f,0.21875f,0f,0.9982504291228129f,-0.05912766489655823f,0.6936816771340591f,-1.2246467991473532e-16f,-0.05912766489655823f,-0.9982504291228129f,0.08716237921863335f,0f,0f,0f,1f],start_interpolation:0}
execute if entity @s[tag=aj.lexiel.bone.skirt_back_middle] run data modify entity @s {} merge value {transformation:[-1f,-8.77777936120737e-18f,1.2214969674994913e-16f,2.4372475195426515e-17f,0f,0.9974279672718249f,0.07167600786870797f,0.7269914352974418f,-1.2246467991473532e-16f,0.07167600786870797f,-0.9974279672718249f,-0.19901636302316378f,0f,0f,0f,1f],start_interpolation:0}
execute if entity @s[tag=aj.lexiel.bone.skirt_front_middle] run data modify entity @s {} merge value {transformation:[-1f,1.7868322265488818e-17f,1.2115412038405962e-16f,-2.130935497112701e-17f,0f,0.9892984693089619f,-0.14590592387886397f,0.7654718580287101f,-1.2246467991473532e-16f,-0.14590592387886397f,-0.9892984693089619f,0.17400408824783942f,0f,0f,0f,1f],start_interpolation:0}
execute if entity @s[tag=aj.lexiel.bone.skirt] run data modify entity @s {} merge value {transformation:[-1f,1.2566647074049266e-17f,1.2181821377747608e-16f,-1.0438688238978283e-17f,0f,0.9947212033893419f,-0.1026144606167154f,0.7123326996976094f,-1.2246467991473532e-16f,-0.1026144606167154f,-0.9947212033893419f,0.0852383580820699f,0f,0f,0f,1f],start_interpolation:0}
execute if entity @s[tag=aj.lexiel.bone.rightupper] run data modify entity @s {} merge value {transformation:[-0.9834611064978366f,0.17382151174454885f,-0.05089532454843635f,-0.1349020222186476f,0.1808566643343932f,0.9575961691256317f,-0.2242776044141529f,0.6681264795840159f,0.009752895564274403f,-0.22977305962787345f,-0.9731953668700637f,0.0007788504991528278f,0f,0f,0f,1f],start_interpolation:0}
execute if entity @s[tag=aj.lexiel.bone.rightfoot] run data modify entity @s {} merge value {transformation:[-0.974776525872679f,0.22201181946160514f,0.022835862736886092f,-0.15662476100320555f,0.22315883908796838f,0.9680442598607273f,0.11441347598778293f,0.38035282560751593f,0.0032950181335642884f,0.11662359525432389f,-0.993170720412888f,0.1541351306705985f,0f,0f,0f,1f],start_interpolation:0}
execute if entity @s[tag=aj.lexiel.bone.leftupper] run data modify entity @s {} merge value {transformation:[-0.9990466999447866f,-0.04365392906886321f,0.00016064333891127283f,0.13536095323455524f,-0.04320996747688075f,0.9883493198318895f,-0.1459401271017964f,0.6670355161982608f,0.006212088222054222f,-0.14580794376402215f,-0.9892934112260271f,0.001417915644115128f,0f,0f,0f,1f],start_interpolation:0}
execute if entity @s[tag=aj.lexiel.bone.leftfoot] run data modify entity @s {} merge value {transformation:[-0.9961946980917455f,-0.08715574274765817f,1.2181821377747608e-16f,0.15406446566391613f,-0.08669566530824245f,0.9909359888959033f,-0.1026144606167154f,0.3951120364791637f,0.008943439531700029f,-0.10222398161391613f,-0.9947212033893419f,0.16282434598468234f,0f,0f,0f,1f],start_interpolation:0}
execute if entity @s[tag=aj.lexiel.bone.lower] run data modify entity @s {} merge value {transformation:[-1f,1.2566647074049266e-17f,1.2181821377747608e-16f,0f,0f,0.9947212033893419f,-0.1026144606167154f,0.625f,-1.2246467991473532e-16f,-0.1026144606167154f,-0.9947212033893419f,0f,0f,0f,0f,1f],start_interpolation:0}