execute if entity @s[tag=aj.lexiel.bone.backhair] run data modify entity @s {} merge value {transformation:[-0.9815052491098966f,0.10106189252462257f,0.16258517721201265f,-0.007449440655578378f,0.09147224335886782f,0.9936548540313295f,-0.06544356159985124f,1.4589731593454611f,-0.168167400719093f,-0.04936116833421894f,-0.9845218130625979f,-0.15969202841463906f,0f,0f,0f,1f],start_interpolation:0}
execute if entity @s[tag=aj.lexiel.bone.head] run data modify entity @s {} merge value {transformation:[-0.9815052491098966f,0.10106189252462257f,0.16258517721201265f,-0.04905703628182201f,0.09147224335886782f,0.9936548540313295f,-0.06544356159985124f,1.4918824624896612f,-0.168167400719093f,-0.04936116833421894f,-0.9845218130625979f,0.10105030992489136f,0f,0f,0f,1f],start_interpolation:0}
execute if entity @s[tag=aj.lexiel.bone.ring] run data modify entity @s {} merge value {transformation:[-0.9165942861345857f,0.09785861322850989f,0.3876578471312326f,-0.013735970158910149f,0.16491608208384792f,0.9757967196395779f,0.1436086620324573f,0.9352270894971052f,-0.3642219110590997f,0.19556189239632532f,-0.9105481567423139f,0.028294086778969607f,0f,0f,0f,1f],start_interpolation:0}
execute if entity @s[tag=aj.lexiel.bone.bust] run data modify entity @s {} merge value {transformation:[-0.919662129208174f,0.1394485848079423f,0.367118046812398f,-0.07005195896492433f,-0.007034685906210099f,0.9288313428645054f,-0.3704360264697813f,1.3733220451575259f,-0.3926475280636425f,-0.3432585449884411f,-0.8532300334598693f,0.15234891530126038f,0f,0f,0f,1f],start_interpolation:0}
execute if entity @s[tag=aj.lexiel.bone.left_wing] run data modify entity @s {} merge value {transformation:[-0.9626431440532612f,-0.10005497219266324f,-0.2516091805693459f,0.13594305672460547f,-0.1310844188731935f,0.9852814704980608f,0.10971462537809745f,1.1705345974865438f,0.23692836963084318f,0.13859807514069059f,-0.9615901004229226f,-0.008149405026894763f,0f,0f,0f,1f],start_interpolation:0}
execute if entity @s[tag=aj.lexiel.bone.right_wing] run data modify entity @s {} merge value {transformation:[-0.7633166806352067f,-0.01858886914319597f,0.6457569968711351f,-0.09397247557743804f,0.09366772314079742f,0.9858387260714742f,0.13909839617835934f,1.1687759260099913f,-0.6391979370317687f,0.16666271365170443f,-0.7507659669781132f,-0.10631128704280535f,0f,0f,0f,1f],start_interpolation:0}
execute if entity @s[tag=aj.lexiel.bone.body] run data modify entity @s {} merge value {transformation:[-0.919662129208174f,-0.06279300644073217f,0.3876578471312326f,0.2973986442588368f,-0.007034685906210099f,0.9896095519867664f,0.1436086620324573f,0.15565823594349326f,-0.3926475280636425f,0.12934439670386094f,-0.9105481567423139f,0.5869256440510477f,0f,0f,0f,1f],start_interpolation:0}
execute if entity @s[tag=aj.lexiel.locator_origin.locator_right_hand] at @s on origin run tp @s ^-0.49838 ^0.79171 ^0.34109 ~-60.83276 ~-24.096
execute if entity @s[tag=aj.lexiel.bone.sword] run data modify entity @s {} merge value {transformation:[-0.5630367885486935f,0.517052683686608f,-0.8675022533303589f,-0.5819199905116178f,0.8025270965246457f,0.8320101901039333f,-0.0249672867356255f,0.8407020127354266f,0.6130692428955281f,-0.6142716242475256f,-0.7640226027807103f,0.27021253103282344f,0f,0f,0f,1f],start_interpolation:0}
execute if entity @s[tag=aj.lexiel.bone.rod] run data modify entity @s {} merge value {transformation:[-0.000005976278831360107f,0.000006246872350345307f,-0.000005026000116228447f,-0.4930911928801616f,0.000006387502037165048f,0.000007498370063848836f,0.0000017246054942473152f,0.8876599519821373f,0.000004846019918969532f,-0.0000021796862673483397f,-0.00000847142601460248f,0.31786436370414034f,0f,0f,0f,1f],start_interpolation:0}
execute if entity @s[tag=aj.lexiel.bone.right_hand] run data modify entity @s {} merge value {transformation:[-0.5976278831360107f,0.0863287035706401f,-0.7971124564565424f,-0.5174733579703538f,0.6387502037165047f,0.652162855984757f,-0.4082668080139863f,1.144951196162722f,0.48460199189695313f,-0.7531473721746746f,-0.44489318407443357f,-0.019095242476488496f,0f,0f,0f,1f],start_interpolation:0}
execute if entity @s[tag=aj.lexiel.bone.right_arm] run data modify entity @s {} merge value {transformation:[-0.6988514459489263f,0.5282228575324547f,-0.4822730235824341f,-0.33056460730555776f,0.42780338734674095f,0.8490428394786393f,0.31001696486596375f,1.3969082276452112f,0.5732285044114166f,0.010337771050756395f,-0.8193303437685883f,-0.03377807978598389f,0f,0f,0f,1f],start_interpolation:0}
execute if entity @s[tag=aj.lexiel.locator_origin.locator_left_hand] at @s on origin run tp @s ^0.23817 ^0.6594 ^0.33071 ~25.77892 ~-6.12157
execute if entity @s[tag=aj.lexiel.bone.left_hand] run data modify entity @s {} merge value {transformation:[-0.901438848705142f,0.020517235741320555f,0.4324199869139761f,0.26065675875911704f,-0.02853293692867972f,0.9938883944040692f,-0.10663831853102984f,1.0908895228794655f,-0.4319651300225195f,-0.10846613529778076f,-0.8953441929996484f,0.2552755564525967f,0f,0f,0f,1f],start_interpolation:0}
execute if entity @s[tag=aj.lexiel.bone.left_arm] run data modify entity @s {} merge value {transformation:[-0.901438848705142f,0.020517235741320555f,0.4324199869139761f,0.2670683949282797f,-0.02853293692867972f,0.9938883944040692f,-0.10663831853102984f,1.401479646130737f,-0.4319651300225195f,-0.10846613529778076f,-0.8953441929996484f,0.2213798891720402f,0f,0f,0f,1f],start_interpolation:0}
execute if entity @s[tag=aj.lexiel.bone.skirt_right] run data modify entity @s {} merge value {transformation:[-0.9832107816550664f,0.18247344693744752f,1.1882695554102554e-16f,-0.21875f,0.1770532057222551f,0.9540052194683928f,-0.24192189559966767f,0.7052914864601062f,-0.044144322179712786f,-0.2378602160720246f,-0.9702957262759965f,0.07660111178714439f,0f,0f,0f,1f],start_interpolation:0}
execute if entity @s[tag=aj.lexiel.bone.rightupper] run data modify entity @s {} merge value {transformation:[-0.9814230099681306f,0.18482648367211682f,-0.05145917253994334f,-0.13474314339349966f,0.19087092098396954f,0.9134553532180341f,-0.35939895547990675f,0.6678851522818984f,-0.019420788548001115f,-0.36254446432226417f,-0.9317641033874704f,-0.005349313271508657f,0f,0f,0f,1f],start_interpolation:0}
execute if entity @s[tag=aj.lexiel.bone.rightfoot] run data modify entity @s {} merge value {transformation:[-0.9722595809887598f,0.23245009386932441f,0.026043445158110877f,-0.1599402180923393f,0.2317358147869485f,0.9723825067569464f,-0.02776279341324356f,0.40500119835519005f,-0.03177765442241404f,-0.020957442907463597f,-0.999275220480419f,0.18716259847888883f,0f,0f,0f,1f],start_interpolation:0}
execute if entity @s[tag=aj.lexiel.bone.sucidesword] run data modify entity @s {} merge value {transformation:[-0.000008581920159087905f,-0.000005695023610159415f,-0.0000052544037447428285f,0.046874999999999875f,-0.000002974280102104176f,0.000009661028955649682f,-0.000005613339793948483f,0.28247608998602414f,0.000007155117784304309f,-0.0000028147170102561347f,-0.000008635569691393092f,1.039659794850931f,0f,0f,0f,1f],start_interpolation:0}