execute if entity @s[tag=aj.lexiel.bone.backhair] run data modify entity @s {} merge value {transformation:[-0.9946264146817191f,-0.027256918710109497f,0.09987670198709778f,-0.10274129506537716f,0.010618804536600315f,0.9327733563763123f,0.360306961665581f,1.493673221385302f,-0.10298318410110724f,0.3594313926424617f,-0.9274715832711523f,0.08296296178910373f,0f,0f,0f,1f],start_interpolation:0}
execute if entity @s[tag=aj.lexiel.bone.head] run data modify entity @s {} merge value {transformation:[-0.9946264146817191f,-0.027256918710109497f,0.09987670198709778f,-0.12969693338554547f,0.010618804536600315f,0.9327733563763123f,0.360306961665581f,1.4125412683862617f,-0.10298318410110724f,0.3594313926424617f,-0.9274715832711523f,0.33493871660554203f,0f,0f,0f,1f],start_interpolation:0}
execute if entity @s[tag=aj.lexiel.bone.ring] run data modify entity @s {} merge value {transformation:[-0.9518412657541572f,-0.0007377820746050368f,0.3065903789833175f,-0.03631514134795277f,0.14738821142782804f,0.8757639514640305f,0.4596892607492729f,0.9130115551481532f,-0.268839952275754f,0.48273901540451186f,-0.8334795276829856f,0.09378284064955172f,0f,0f,0f,1f],start_interpolation:0}
execute if entity @s[tag=aj.lexiel.bone.bust] run data modify entity @s {} merge value {transformation:[-0.9372525436388771f,0.009524515437488501f,0.3485210941222007f,-0.1335755462009951f,-0.006925760921391341f,0.998920935457939f,-0.045923834111448236f,1.282370325195831f,-0.3485824196343163f,-0.04545600410855677f,-0.9361752231352678f,0.34795363733298074f,0f,0f,0f,1f],start_interpolation:0}
execute if entity @s[tag=aj.lexiel.bone.left_wing] run data modify entity @s {} merge value {transformation:[-0.9252076529454697f,-0.19298230595428145f,-0.32672408622521754f,0.08285008263186888f,-0.3107883489072473f,0.8793949229845957f,0.3606593567515259f,1.1655999880051398f,0.21771862831334027f,0.43522683627906655f,-0.8735995649425841f,0.12695354279301985f,0f,0f,0f,1f],start_interpolation:0}
execute if entity @s[tag=aj.lexiel.bone.right_wing] run data modify entity @s {} merge value {transformation:[-0.808500222952386f,-0.13087761412180218f,0.5737581717132463f,-0.15146305327785048f,0.16995974724491028f,0.8814841054693462f,0.4405671981904155f,1.1638685477747917f,-0.5634190925078671f,0.45371447180654406f,-0.6904361695847925f,0.03980793788444076f,0f,0f,0f,1f],start_interpolation:0}
execute if entity @s[tag=aj.lexiel.bone.body] run data modify entity @s {} merge value {transformation:[-0.9372525436388771f,-0.16601207473349822f,0.3065903789833175f,0.3983371196945289f,-0.006925760921391341f,0.888052823534415f,0.4596892607492729f,0.04834183831885175f,-0.3485824196343163f,0.4287215572550938f,-0.8334795276829856f,0.37667019503110405f,0f,0f,0f,1f],start_interpolation:0}
execute if entity @s[tag=aj.lexiel.bone.sword] run data modify entity @s {} merge value {transformation:[-0.5087753789992735f,0.16590392211915905f,-1.024957347819716f,-0.47157027041834065f,0.44685966525573034f,1.0652659020762085f,-0.04938683975816457f,0.6755189692742647f,0.9372182860954448f,-0.41784986418478337f,-0.5328578025224702f,0.3082327006091324f,0f,0f,0f,1f],start_interpolation:0}
execute if entity @s[tag=aj.lexiel.bone.rod] run data modify entity @s {} merge value {transformation:[-0.000005370029806499863f,0.0000040011974006283636f,-0.000007426519995159775f,-0.3823139140174394f,0.0000031972237180260072f,0.000009112127149737521f,0.0000025974794135677707f,0.7287240061259412f,0.000007806442235371698f,-9.795703998290498e-7f,-0.000006172511762450012f,0.3478411264744733f,0f,0f,0f,1f],start_interpolation:0}
execute if entity @s[tag=aj.lexiel.bone.right_hand] run data modify entity @s {} merge value {transformation:[-0.5370029806499863f,-0.242206883434466f,-0.8080616464045265f,-0.5442640812646998f,0.3197223718026007f,0.8279942205939674f,-0.4606551591287221f,1.0514179037309193f,0.7806442235371697f,-0.505728579655087f,-0.3671964051813392f,0.1242883535527861f,0f,0f,0f,1f],start_interpolation:0}
execute if entity @s[tag=aj.lexiel.bone.right_arm] run data modify entity @s {} merge value {transformation:[-0.5988924626833938f,0.37927670572612693f,-0.7053204935591743f,-0.40702472126642913f,0.006062399546294173f,0.8828593988700095f,0.4695982635600634f,1.3271220158919754f,0.8008065093721212f,0.2769629258951867f,-0.5310371665211545f,0.18581406447715315f,0f,0f,0f,1f],start_interpolation:0}
execute if entity @s[tag=aj.lexiel.bone.left_hand] run data modify entity @s {} merge value {transformation:[-0.9214684478779728f,0.07609016083941796f,0.3809280601226319f,0.1567322850739356f,0.1692585491229708f,0.961290683289215f,0.2174207114562483f,1.0310602267451068f,-0.3496390182947934f,0.26482165629869814f,-0.8986779441162821f,0.32157303910649704f,0f,0f,0f,1f],start_interpolation:0}
execute if entity @s[tag=aj.lexiel.bone.left_arm] run data modify entity @s {} merge value {transformation:[-0.9214684478779728f,0.07609016083941796f,0.3809280601226319f,0.18051046033625373f,0.1692585491229708f,0.961290683289215f,0.2174207114562483f,1.3314635652729865f,-0.3496390182947934f,0.26482165629869814f,-0.8986779441162821f,0.4043298066998402f,0f,0f,0f,1f],start_interpolation:0}
execute if entity @s[tag=aj.lexiel.bone.skirt_right] run data modify entity @s {} merge value {transformation:[-0.9843189965876524f,0.1763975990672124f,1.1882695554102554e-16f,-0.21875f,0.17115783650026287f,0.9550805156812763f,-0.24192189559966767f,0.7052914864601062f,-0.042674441545570305f,-0.23812831752924765f,-0.9702957262759965f,0.07660111178714439f,0f,0f,0f,1f],start_interpolation:0}
execute if entity @s[tag=aj.lexiel.bone.rightupper] run data modify entity @s {} merge value {transformation:[-0.9828400882628396f,0.17724962402037783f,-0.05106791250999226f,-0.13485257593193042f,0.18367745716233316f,0.9149501525029956f,-0.3593449737579814f,0.6678304661450523f,-0.01696916715318769f,-0.36255867003752607f,-0.9318064488651855f,-0.00532446819202767f,0f,0f,0f,1f],start_interpolation:0}
execute if entity @s[tag=aj.lexiel.bone.rightfoot] run data modify entity @s {} merge value {transformation:[-0.9740063415287137f,0.22526294190515894f,0.023838071777801964f,-0.15765744116925054f,0.22461403822980663f,0.9740703779789471f,-0.027118860117085197f,0.40468171260227304f,-0.02932883379798192f,-0.02105957616344689f,-0.9993479442916099f,0.18712389787456368f,0f,0f,0f,1f],start_interpolation:0}
execute if entity @s[tag=aj.lexiel.bone.sucidesword] run data modify entity @s {} merge value {transformation:[4.803703855939245e-7f,-0.0000014990713208367882f,0.000011454843330124122f,0.04687499999999956f,0.000011512288756079324f,-8.938187007176714e-7f,-5.997515959937109e-7f,1.3527194528178825f,9.632539329242168e-7f,0.000011430016603456536f,0.0000014554272758932356f,3.584460679806683f,0f,0f,0f,1f],start_interpolation:0}