execute if entity @s[tag=aj.lexiel.bone.backhair] run data modify entity @s {} merge value {transformation:[-1f,-3.1696191514317643e-17f,1.1829179713786698e-16f,1.9428348833158824e-17f,0f,0.9659258262890682f,0.25881904510252074f,1.5469725157678795f,-1.2246467991473532e-16f,0.25881904510252074f,-0.9659258262890682f,-0.15864450751584536f,0f,0f,0f,1f],start_interpolation:0}
execute if entity @s[tag=aj.lexiel.bone.head] run data modify entity @s {} merge value {transformation:[-1f,-3.1696191514317643e-17f,1.1829179713786698e-16f,-1.2488162773998306e-17f,0f,0.9659258262890682f,0.25881904510252074f,1.4933162979482892f,-1.2246467991473532e-16f,0.25881904510252074f,-0.9659258262890682f,0.10197358767191529f,0f,0f,0f,1f],start_interpolation:0}
execute if entity @s[tag=aj.lexiel.bone.left_wing] run data modify entity @s {} merge value {transformation:[-0.797297458624246f,-0.06626546956632488f,-0.5999380384793694f,0.125f,-0.1594741991197565f,0.9817619181734937f,0.10349645326973483f,1.1688229008785485f,0.5821380783683807f,0.17819209737655772f,-0.7933239150221757f,-0.06682539857545372f,0f,0f,0f,1f],start_interpolation:0}
execute if entity @s[tag=aj.lexiel.bone.right_wing] run data modify entity @s {} merge value {transformation:[-0.9517243708918309f,0.0803148332387015f,0.29626044186220374f,-0.12499999999999994f,0.12177976813943919f,0.9847493392944245f,0.12425146611247212f,1.1688229008785485f,-0.281763038602392f,0.15433167633714712f,-0.9469906671960991f,-0.06682539857545378f,0f,0f,0f,1f],start_interpolation:0}
execute if entity @s[tag=aj.lexiel.locator_origin.locator_right_hand] at @s on origin run tp @s ^0.10573 ^1.28367 ^0.73672 ~-131.87044 ~-5.02175
execute if entity @s[tag=aj.lexiel.bone.sword] run data modify entity @s {} merge value {transformation:[8.394379635588561e-7f,0.000004573839541297797f,-0.000010586158038013459f,-0.004615308379839339f,0.000011523134562658282f,8.315443801302369e-8f,9.496638564822972e-7f,1.3308716335079667f,4.517964211968106e-7f,-0.000010619062267446193f,-0.0000045522305306184f,0.7373244425956613f,0f,0f,0f,1f],start_interpolation:0}
execute if entity @s[tag=aj.lexiel.bone.rod] run data modify entity @s {} merge value {transformation:[-2.3802945327574917e-21f,5.032758746004145e-7f,-0.000009987327640267201f,0.07624411315215701f,0.000009914448613738102f,0.0000013036078473381532f,6.569068354780844e-8f,1.3408362243134568f,0.0000013052619222005162f,-0.00000990188466779954f,-4.989702797259937e-7f,0.661635861003236f,0f,0f,0f,1f],start_interpolation:0}
execute if entity @s[tag=aj.lexiel.bone.right_hand] run data modify entity @s {} merge value {transformation:[-2.3802945327574914e-16f,-0.6706237316627234f,-0.741797688410232f,-0.25276292853082116f,0.9914448613738102f,0.09682402766582404f,-0.08753396210633707f,1.3913137506121864f,0.1305261922200516f,-0.7354515063532956f,0.6648864526723359f,0.3979287576372873f,0f,0f,0f,1f],start_interpolation:0}
execute if entity @s[tag=aj.lexiel.bone.right_arm] run data modify entity @s {} merge value {transformation:[-2.3802945327574914e-16f,-0.1911586287013723f,-0.9815591569910653f,-0.3125f,0.9914448613738102f,0.1281191792007678f,-0.024951207914396836f,1.4003683421944948f,0.1305261922200516f,-0.9731617823332009f,0.18952324013323954f,0.08973675715128542f,0f,0f,0f,1f],start_interpolation:0}
execute if entity @s[tag=aj.lexiel.locator_origin.locator_left_hand] at @s on origin run tp @s ^1.02843 ^1.39659 ^0.03469 ~-6.57372 ~7.42497
execute if entity @s[tag=aj.lexiel.bone.left_hand] run data modify entity @s {} merge value {transformation:[-0.014441666542207783f,-0.9934305572199008f,-0.11352165541975225f,0.5902568317399146f,-0.9916148864023021f,-0.00035188027497286105f,0.12922767987401698f,1.400478304780424f,-0.12841867205680416f,0.11443602650402263f,-0.9850954474085938f,0.053975498868778414f,0f,0f,0f,1f],start_interpolation:0}
execute if entity @s[tag=aj.lexiel.bone.left_arm] run data modify entity @s {} merge value {transformation:[-0.014441666542207783f,-0.9934305572199008f,-0.11352165541975225f,0.27980978260869566f,-0.9916148864023021f,-0.00035188027497286105f,0.12922767987401698f,1.4003683421944948f,-0.12841867205680416f,0.11443602650402263f,-0.9850954474085938f,0.08973675715128548f,0f,0f,0f,1f],start_interpolation:0}
execute if entity @s[tag=aj.lexiel.bone.skirt_right] run data modify entity @s {} merge value {transformation:[-0.984807753012208f,0.17354822947810145f,0.005890810815331791f,-0.21875f,0.17224580620489127f,0.9719895864317436f,0.15989879959860517f,0.672004882750748f,0.022024346797869698f,0.15848424500013902f,-0.987115835266998f,0.10052359982903727f,0f,0f,0f,1f],start_interpolation:0}
execute if entity @s[tag=aj.lexiel.bone.skirt_left] run data modify entity @s {} merge value {transformation:[-1f,-2.0816492554274843e-17f,1.2068252344211398e-16f,0.21875f,0f,0.9854475880403876f,0.16997956119893587f,0.672004882750748f,-1.2246467991473532e-16f,0.16997956119893587f,-0.9854475880403876f,0.10052359982903733f,0f,0f,0f,1f],start_interpolation:0}
execute if entity @s[tag=aj.lexiel.bone.skirt_back_middle] run data modify entity @s {} merge value {transformation:[-1f,-3.639063482716823e-17f,1.1693297021582178e-16f,2.0883653379408808e-17f,0f,0.9548301624373254f,0.2971520837886059f,0.7696719625472117f,-1.2246467991473532e-16f,0.2971520837886059f,-0.9548301624373254f,-0.1705279709541463f,0f,0f,0f,1f],start_interpolation:0}
execute if entity @s[tag=aj.lexiel.bone.skirt_front_middle] run data modify entity @s {} merge value {transformation:[-1f,-1.0219104548175782e-17f,1.2203756687533569e-16f,-2.4669720273028966e-17f,0f,0.9965123573613469f,0.08344532117579306f,0.7221095282034273f,-1.2246467991473532e-16f,0.08344532117579306f,-0.9965123573613469f,0.20144355327760616f,0f,0f,0f,1f],start_interpolation:0}
execute if entity @s[tag=aj.lexiel.bone.skirt] run data modify entity @s {} merge value {transformation:[-1f,-1.5532582127672453e-17f,1.214756630731674e-16f,-1.2601826391833854e-17f,0f,0.9919240646180065f,0.12683315825009173f,0.6906034589623357f,-1.2246467991473532e-16f,0.12683315825009173f,-0.9919240646180065f,0.10290172154622652f,0f,0f,0f,1f],start_interpolation:0}
execute if entity @s[tag=aj.lexiel.bone.rightupper] run data modify entity @s {} merge value {transformation:[-0.9835126958253821f,0.175675775977517f,-0.04290453221964402f,-0.13460309229140824f,0.1740381989969506f,0.9839527579510389f,0.03934050597593252f,0.6680302926955307f,0.049127206720788026f,0.03122485957121049f,-0.9983043251957647f,0.011105396698388087f,0f,0f,0f,1f],start_interpolation:0}
execute if entity @s[tag=aj.lexiel.bone.rightfoot] run data modify entity @s {} merge value {transformation:[-0.974776525872679f,0.22102264318294365f,0.030979280301766415f,-0.15757566820711685f,0.21653263520513258f,0.9029417408284212f,0.3712274647178754f,0.3501261157103571f,0.054077190188759186f,0.368571843566713f,-0.9280250285585638f,0.08330579131287692f,0f,0f,0f,1f],start_interpolation:0}
execute if entity @s[tag=aj.lexiel.bone.leftupper] run data modify entity @s {} merge value {transformation:[-0.9990466999447866f,-0.043653929068863236f,0.00016064333891127377f,0.13536095323455524f,-0.043488419620825995f,0.9955658616517048f,0.08341086543479606f,0.6656056334545544f,-0.003801143027384889f,0.0833243637272398f,-0.9965152290462681f,0.010962556206581056f,0f,0f,0f,1f],start_interpolation:0}
execute if entity @s[tag=aj.lexiel.bone.leftfoot] run data modify entity @s {} merge value {transformation:[-0.9961946980917455f,-0.0871557427476582f,1.214756630731674e-16f,0.15406446566391616f,-0.08645187860105845f,0.9881494940820721f,0.12683315825009173f,0.3640485913024816f,-0.011054238112318135f,0.12635051979097273f,-0.9919240646180065f,0.10613484685002189f,0f,0f,0f,1f],start_interpolation:0}
execute if entity @s[tag=aj.lexiel.bone.lower] run data modify entity @s {} merge value {transformation:[-1f,-1.5532582127672453e-17f,1.214756630731674e-16f,0f,0f,0.9919240646180065f,0.12683315825009173f,0.625f,-1.2246467991473532e-16f,0.12683315825009173f,-0.9919240646180065f,0f,0f,0f,0f,1f],start_interpolation:0}