execute if entity @s[tag=aj.lexiel.bone.backhair] run data modify entity @s {} merge value {transformation:[-0.9999398575244144f,-0.005035350188437491f,-0.009743027380318707f,-0.002440356591100304f,-0.009063395057257381f,0.8796229224152429f,0.47558529122724535f,1.5950325447481584f,0.0061754517316484564f,0.4756449932566803f,-0.8796156570831164f,-0.14388944543118543f,0f,0f,0f,1f],start_interpolation:0}
execute if entity @s[tag=aj.lexiel.bone.head] run data modify entity @s {} merge value {transformation:[-0.9999398575244144f,-0.005464985127786439f,-0.00950869452695324f,-1.2488162773998306e-17f,-0.009063395057257381f,0.89996361607319f,0.4358707888979301f,1.4933162979482892f,0.0061754517316484564f,0.4359307556046268f,-0.8999590213525775f,0.10197358767191529f,0f,0f,0f,1f],start_interpolation:0}
execute if entity @s[tag=aj.lexiel.bone.left_wing] run data modify entity @s {} merge value {transformation:[-0.7826912952618059f,-0.03345601491050628f,-0.6215102826081839f,0.125f,-0.12034797721784306f,0.9878447118953861f,0.09838287228931186f,1.1688229008785485f,0.6106641472208518f,0.15180092307568321f,-0.7772038207911748f,-0.06682539857545372f,0f,0f,0f,1f],start_interpolation:0}
execute if entity @s[tag=aj.lexiel.bone.right_wing] run data modify entity @s {} merge value {transformation:[-0.9506422498975614f,0.04211921168738385f,0.3074171184507067f,-0.12499999999999994f,0.08339007005647124f,0.9889748026465338f,0.12237212078830025f,1.1688229008785485f,-0.2988735667898372f,0.14196764327508882f,-0.9436735554932318f,-0.06682539857545378f,0f,0f,0f,1f],start_interpolation:0}
execute if entity @s[tag=aj.lexiel.bone.sword] run data modify entity @s {} merge value {transformation:[0.0000012055319134273378f,0.000003293241098643845f,0.00001101783382166891f,-1.031973684090648f,0.000011158213985585118f,-0.0000030138403398249247f,-3.200520394196525e-7f,1.5030100796992674f,0.000002780712086426949f,0.00001066596154700771f,-0.000003492321694825954f,-0.01910060852495346f,0f,0f,0f,1f],start_interpolation:0}
execute if entity @s[tag=aj.lexiel.bone.rod] run data modify entity @s {} merge value {transformation:[0.0000010006401984028378f,0.00000612618923719399f,0.000007840186517132667f,-1.0430743645179938f,0.000009869995321776968f,-0.0000016072266704255483f,-3.844212999271813e-9f,1.4901312846037833f,0.000001257740649514479f,0.000007738645092001658f,-0.000006207371472579805f,0.09079600208482196f,0f,0f,0f,1f],start_interpolation:0}
execute if entity @s[tag=aj.lexiel.bone.right_hand] run data modify entity @s {} merge value {transformation:[0.10006401984028378f,0.9875719004483762f,0.12119790995799354f,-0.6194594403082658f,0.9869995321776966f,-0.11391991466418919f,0.11337626084816708f,1.4650574711633313f,0.12577406495144788f,0.10827739601452602f,-0.986132288335547f,0.07476908869926985f,0f,0f,0f,1f],start_interpolation:0}
execute if entity @s[tag=aj.lexiel.bone.right_arm] run data modify entity @s {} merge value {transformation:[0.10006401984028378f,0.9922766109704789f,0.07330974869922964f,-0.3125f,0.9869995321776966f,-0.10830525948250709f,0.11875139683150923f,1.4003683421944948f,0.12577406495144788f,0.06047394554159458f,-0.9902140104523977f,0.08973675715128542f,0f,0f,0f,1f],start_interpolation:0}
execute if entity @s[tag=aj.lexiel.bone.left_hand] run data modify entity @s {} merge value {transformation:[0.05718621389984492f,-0.9971127864206782f,-0.0499582635426059f,0.5890977457564619f,-0.9902447583942744f,-0.06301879502778268f,0.12427368967690497f,1.420061715640677f,-0.1270631945626528f,0.04236416681155883f,-0.9909895165731553f,0.07649795502267336f,0f,0f,0f,1f],start_interpolation:0}
execute if entity @s[tag=aj.lexiel.bone.left_arm] run data modify entity @s {} merge value {transformation:[0.05718621389984492f,-0.9971127864206782f,-0.0499582635426059f,0.27749999999999997f,-0.9902447583942744f,-0.06301879502778268f,0.12427368967690497f,1.4003683421944948f,-0.1270631945626528f,0.04236416681155883f,-0.9909895165731553f,0.08973675715128548f,0f,0f,0f,1f],start_interpolation:0}
execute if entity @s[tag=aj.lexiel.bone.skirt_right] run data modify entity @s {} merge value {transformation:[-0.984807753012208f,0.1727076725513587f,-0.018048530381680587f,-0.21875f,0.16649491122938884f,0.9686500435054478f,0.1843815005677416f,0.6552983136840678f,0.049326809564005966f,0.17857534280741794f,-0.9826890214098505f,0.10675422854810869f,0f,0f,0f,1f],start_interpolation:0}
execute if entity @s[tag=aj.lexiel.bone.skirt_left] run data modify entity @s {} merge value {transformation:[-1f,-3.9876207004556844e-17f,1.1579069885594572e-16f,0.21875f,0f,0.9455028089451073f,0.32561394054449183f,0.6552983136840678f,-1.2246467991473532e-16f,0.32561394054449183f,-0.9455028089451073f,0.10675422854810875f,0f,0f,0f,1f],start_interpolation:0}
execute if entity @s[tag=aj.lexiel.bone.skirt_back_middle] run data modify entity @s {} merge value {transformation:[-1f,-5.46487795419115e-17f,1.0959520391512638e-16f,1.7776494405700173e-17f,0f,0.8949127535500914f,0.44624114952948163f,0.7951160616611446f,-1.2246467991473532e-16f,0.44624114952948163f,-0.8949127535500914f,-0.145156092500114f,0f,0f,0f,1f],start_interpolation:0}
execute if entity @s[tag=aj.lexiel.bone.skirt_front_middle] run data modify entity @s {} merge value {transformation:[-1f,-2.963264163588809e-17f,1.1882552072807258e-16f,-2.625595590220424e-17f,0f,0.9702840101391156f,0.24196888161157565f,0.6885928960568275f,-1.2246467991473532e-16f,0.24196888161157565f,-0.9702840101391156f,0.21439615014292007f,0f,0f,0f,1f],start_interpolation:0}
execute if entity @s[tag=aj.lexiel.bone.skirt] run data modify entity @s {} merge value {transformation:[-1f,-3.478753434463207e-17f,1.174198674877451e-16f,-1.3725888697650485e-17f,0f,0.9588059803814242f,0.2840617749448454f,0.6732759258162195f,-1.2246467991473532e-16f,0.2840617749448454f,-0.9588059803814242f,0.11208038682832458f,0f,0f,0f,1f],start_interpolation:0}
execute if entity @s[tag=aj.lexiel.bone.rightupper] run data modify entity @s {} merge value {transformation:[-0.9815902894632357f,0.176520279983792f,-0.07294583186121655f,-0.13559755969412085f,0.1719872249392905f,0.9829924215768511f,0.06439171981054599f,0.6614288167776354f,0.08307164431479051f,0.050660535695170705f,-0.9952550487357074f,0.015420384659007899f,0f,0f,0f,1f],start_interpolation:0}
execute if entity @s[tag=aj.lexiel.bone.rightfoot] run data modify entity @s {} merge value {transformation:[-0.9727097244045187f,0.23200581950367752f,0.0030152554306654006f,-0.15638028958292052f,0.21435053684596106f,0.8935613863473078f,0.39446406196626527f,0.34179211285155364f,0.08882364213841618f,0.38434535062298375f,-0.9189064218144098f,0.08026078616772282f,0f,0f,0f,1f],start_interpolation:0}
execute if entity @s[tag=aj.lexiel.bone.leftupper] run data modify entity @s {} merge value {transformation:[-0.9986777060076618f,-0.051406031495509645f,-0.0005093615187056865f,0.13524481605921934f,-0.04997147211435936f,0.968386524766591f,0.244398016819303f,0.6634825359227133f,-0.012070273319103948f,0.24410030433485166f,-0.9696748681520188f,0.017387835404474944f,0f,0f,0f,1f],start_interpolation:0}
execute if entity @s[tag=aj.lexiel.bone.leftfoot] run data modify entity @s {} merge value {transformation:[-0.9954912673401244f,-0.09484787968058113f,-0.0010081516011569277f,0.15629889786278225f,-0.09115965715035419f,0.9537357603208887f,0.2864926114114745f,0.35061314637654223f,-0.02621170650268289f,0.2852927955719076f,-0.9580819209425585f,0.062264223229039885f,0f,0f,0f,1f],start_interpolation:0}
execute if entity @s[tag=aj.lexiel.bone.lower] run data modify entity @s {} merge value {transformation:[-1f,-3.478753434463207e-17f,1.174198674877451e-16f,0f,0f,0.9588059803814242f,0.2840617749448454f,0.625f,-1.2246467991473532e-16f,0.2840617749448454f,-0.9588059803814242f,0f,0f,0f,0f,1f],start_interpolation:0}