execute if entity @s[tag=aj.lexiel.bone.backhair] run data modify entity @s {} merge value {transformation:[-0.9999047447757993f,-0.013799516154744432f,0.0002733655770679605f,-0.0027920872867292935f,-0.013772275451091815f,0.9962354175607904f,-0.08558806707933438f,1.4587801108033895f,0.0009087374444975808f,-0.08558367923484204f,-0.9963305716703089f,-0.3307187072438217f,0f,0f,0f,1f],start_interpolation:0}
execute if entity @s[tag=aj.lexiel.bone.head] run data modify entity @s {} merge value {transformation:[-0.9999047447757993f,-0.013799516154744432f,0.0002733655770679605f,-0.0030803174580558523f,-0.013772275451091815f,0.9962354175607904f,-0.08558806707933438f,1.4970806195207251f,0.0009087374444975808f,-0.08558367923484204f,-0.9963305716703089f,-0.06740564413194029f,0f,0f,0f,1f],start_interpolation:0}
execute if entity @s[tag=aj.lexiel.bone.ring] run data modify entity @s {} merge value {transformation:[-0.9853646715162286f,0.16974274693568828f,-0.015616145185076542f,-0.0008624888882556858f,0.17045823327031795f,0.98157577299133f,-0.08633071635770655f,0.9366825734658031f,0.0006744168417034766f,-0.08772913848431314f,-0.9961441378749984f,-0.01887358035694331f,0f,0f,0f,1f],start_interpolation:0}
execute if entity @s[tag=aj.lexiel.bone.bust] run data modify entity @s {} merge value {transformation:[-0.9998702867310709f,-0.011222643050646526f,-0.011552575266306585f,-0.0015266625787507815f,-0.0025802545325803146f,0.819623875802879f,-0.5728961899859467f,1.3943193530260338f,0.01589817596056234f,-0.5727920691636927f,-0.8195465169862554f,0.013629005956296791f,0f,0f,0f,1f],start_interpolation:0}
execute if entity @s[tag=aj.lexiel.bone.left_wing] run data modify entity @s {} merge value {transformation:[-0.7805870088323628f,0.017605567986357852f,-0.6247991402186963f,0.12130678991673793f,0.07771015141150933f,0.9945811607044359f,-0.06906118402849276f,1.1441463392034652f,0.6201975927152126f,-0.10246149885539826f,-0.7777252646292009f,-0.16425244994333177f,0f,0f,0f,1f],start_interpolation:0}
execute if entity @s[tag=aj.lexiel.bone.right_wing] run data modify entity @s {} merge value {transformation:[-0.9572257515275419f,-0.030750615726403203f,0.2877034241106276f,-0.1286607817660298f,-0.0563635108560463f,0.9951054237271353f,-0.08116865351118452f,1.1435012755703202f,-0.2837992516842019f,-0.09391270042590331f,-0.9542737497396655f,-0.16027790595319114f,0f,0f,0f,1f],start_interpolation:0}
execute if entity @s[tag=aj.lexiel.bone.body] run data modify entity @s {} merge value {transformation:[-0.9998702867310709f,-0.003942806346311491f,-0.015616145185076542f,0.5097146191312294f,-0.0025802545325803146f,0.9962631929865282f,-0.08633071635770655f,0.2650738889518793f,0.01589817596056234f,-0.08627922448888357f,-0.9961441378749984f,0.5332625932016598f,0f,0f,0f,1f],start_interpolation:0}
execute if entity @s[tag=aj.lexiel.bone.sword] run data modify entity @s {} merge value {transformation:[-0.0000014103876743852544f,0.0000025441650632437487f,0.000011190595917506452f,-1.0202596631023595f,0.000011475907131542904f,3.872809887501681e-7f,0.000001358298639458716f,1.3181743138549573f,-7.594976066361943e-8f,0.00001127247283504035f,-0.0000025723518552353067f,-0.24485630827972857f,0f,0f,0f,1f],start_interpolation:0}
execute if entity @s[tag=aj.lexiel.bone.rod] run data modify entity @s {} merge value {transformation:[-0.000001168792643128308f,0.000005361839560670887f,0.000008359700968515187f,-1.0414948870641751f,0.000009854843984364176f,0.000001669687561333761f,3.0690958174767757e-7f,1.3292237205760113f,-0.0000012312488786635942f,0.000008274226246190755f,-0.000005479161087761311f,-0.13625945575495496f,0f,0f,0f,1f],start_interpolation:0}
execute if entity @s[tag=aj.lexiel.bone.right_hand] run data modify entity @s {} merge value {transformation:[-0.11687926431283079f,0.970259435651352f,0.21198081305441543f,-0.6226943028037593f,0.9854843984364176f,0.13976652435468415f,-0.0963629550617022f,1.397053523561176f,-0.12312488786635942f,0.19764095273837115f,-0.9725113448122678f,-0.11781388842806506f,0f,0f,0f,1f],start_interpolation:0}
execute if entity @s[tag=aj.lexiel.bone.right_arm] run data modify entity @s {} merge value {transformation:[-0.09408660565339556f,0.9746686477137337f,0.20290080778672043f,-0.3151701439665488f,0.9874224420678237f,0.117369738848801f,-0.10593047391274879f,1.4028746156368068f,-0.12706152658235192f,0.19038217239659147f,-0.9734526166671478f,-0.05434878684843173f,0f,0f,0f,1f],start_interpolation:0}
execute if entity @s[tag=aj.lexiel.bone.left_hand] run data modify entity @s {} merge value {transformation:[0.12174051355041497f,-0.9912061850798008f,-0.05186083319836407f,0.5880917492881039f,-0.9883364874918557f,-0.11624059247688145f,-0.09838247889174283f,1.440731406220878f,0.09148898760365586f,0.0632330872263158f,-0.993796428765513f,-0.0835460764893327f,0f,0f,0f,1f],start_interpolation:0}
execute if entity @s[tag=aj.lexiel.bone.left_arm] run data modify entity @s {} merge value {transformation:[0.12174051355041497f,-0.9912061850798008f,-0.05186083319836407f,0.2783398164506662f,-0.9883364874918557f,-0.11624059247688145f,-0.09838247889174283f,1.4044062210718526f,0.09148898760365586f,0.0632330872263158f,-0.993796428765513f,-0.063785736731109f,0f,0f,0f,1f],start_interpolation:0}
execute if entity @s[tag=aj.lexiel.bone.skirt_right] run data modify entity @s {} merge value {transformation:[-0.984807753012208f,0.17364817766693033f,1.2201699973692047e-16f,-0.21875f,0.17301339180778072f,0.9812077035098624f,-0.08542721362697746f,0.6921667508546949f,-0.014834279969488315f,-0.08412938229807752f,-0.9963444139312122f,0.08833504799694934f,0f,0f,0f,1f],start_interpolation:0}
execute if entity @s[tag=aj.lexiel.bone.skirt_left] run data modify entity @s {} merge value {transformation:[-1f,5.129552265116444e-18f,1.2235720461083612e-16f,0.21875f,0f,0.9991223975437323f,-0.04188597290817107f,0.6921667508546949f,-1.2246467991473532e-16f,-0.04188597290817107f,-0.9991223975437323f,0.0883350479969494f,0f,0f,0f,1f],start_interpolation:0}
execute if entity @s[tag=aj.lexiel.bone.skirt_back_middle] run data modify entity @s {} merge value {transformation:[-1f,-1.088515177414409e-17f,1.2197996268843678e-16f,2.4153221321111917e-17f,0f,0.9960419834793506f,0.08888400950970317f,0.7304118728928082f,-1.2246467991473532e-16f,0.08888400950970317f,-0.9960419834793506f,-0.19722601927289016f,0f,0f,0f,1f],start_interpolation:0}
execute if entity @s[tag=aj.lexiel.bone.skirt_front_middle] run data modify entity @s {} merge value {transformation:[-1f,1.5774165818478112e-17f,1.2144452856901266e-16f,-2.1603153580233258e-17f,0f,0.9916698320982594f,-0.1288058387892795f,0.7624470780029248f,-1.2246467991473532e-16f,-0.1288058387892795f,-0.9916698320982594f,0.1764031359513144f,0f,0f,0f,1f],start_interpolation:0}
execute if entity @s[tag=aj.lexiel.bone.skirt] run data modify entity @s {} merge value {transformation:[-1f,1.046181637283551e-17f,1.2201699973692047e-16f,-1.062176432120852e-17f,0f,0.9963444139312122f,-0.08542721362697746f,0.7108482086159051f,-1.2246467991473532e-16f,-0.08542721362697746f,-0.9963444139312122f,0.08673328774144354f,0f,0f,0f,1f],start_interpolation:0}
execute if entity @s[tag=aj.lexiel.bone.rightupper] run data modify entity @s {} merge value {transformation:[-0.9834611064978366f,0.17382151174454885f,-0.050895324548436344f,-0.1349020222186476f,0.18066134835720535f,0.9614200615320478f,-0.20744382973101355f,0.6681066075949268f,0.012873585973127653f,-0.21320775628140948f,-0.9769220662087839f,0.0015232304709322658f,0f,0f,0f,1f],start_interpolation:0}
execute if entity @s[tag=aj.lexiel.bone.rightfoot] run data modify entity @s {} merge value {transformation:[-0.974776525872679f,0.22201181946160514f,0.0228358627368861f,-0.15662476100320555f,0.22306870219935074f,0.9658867208021858f,0.13154161576131565f,0.3777284347833132f,0.007146936874469299f,0.13331764548381375f,-0.9910475905303259f,0.14988879704754027f,0f,0f,0f,1f],start_interpolation:0}
execute if entity @s[tag=aj.lexiel.bone.leftupper] run data modify entity @s {} merge value {transformation:[-0.9990466999447866f,-0.04365392906886321f,0.00016064333891127301f,0.13536095323455524f,-0.04331076820814515f,0.9907191326227311f,-0.12884012423342137f,0.6670047745472976f,0.0054652252151215054f,-0.12872425852229172f,-0.9916653652221773f,0.0021433669911566783f,0f,0f,0f,1f],start_interpolation:0}
execute if entity @s[tag=aj.lexiel.bone.leftfoot] run data modify entity @s {} merge value {transformation:[-0.9961946980917455f,-0.08715574274765817f,1.2201699973692047e-16f,0.15406446566391613f,-0.08683713742865498f,0.9925530226316011f,-0.08542721362697746f,0.39233544361202854f,0.007445472254521964f,-0.08510213728794587f,-0.9963444139312122f,0.15883150700627796f,0f,0f,0f,1f],start_interpolation:0}
execute if entity @s[tag=aj.lexiel.bone.lower] run data modify entity @s {} merge value {transformation:[-1f,1.046181637283551e-17f,1.2201699973692047e-16f,0f,0f,0.9963444139312122f,-0.08542721362697746f,0.625f,-1.2246467991473532e-16f,-0.08542721362697746f,-0.9963444139312122f,0f,0f,0f,0f,1f],start_interpolation:0}