execute if entity @s[tag=aj.lexiel.bone.backhair] run data modify entity @s {} merge value {transformation:[-0.999976523039098f,-0.005374070266519039f,-0.004251204465411789f,-0.000984569197368966f,-0.0056627551242006925f,0.997453516377158f,0.07109441519026567f,1.4859542124819445f,0.0038583124600736996f,0.07111681963933046f,-0.9974605312438919f,-0.16400688448926015f,0f,0f,0f,1f],start_interpolation:0}
execute if entity @s[tag=aj.lexiel.bone.head] run data modify entity @s {} merge value {transformation:[-0.999976523039098f,-0.005540064757950908f,-0.004032499611150819f,-1.2488162773998306e-17f,-0.0056627551242006925f,0.999500918370888f,0.031078085207342496f,1.4933162979482892f,0.0038583124600736996f,0.031100190646187575f,-0.9995088251570023f,0.10197358767191529f,0f,0f,0f,1f],start_interpolation:0}
execute if entity @s[tag=aj.lexiel.bone.left_wing] run data modify entity @s {} merge value {transformation:[-0.7825362978293692f,-0.01476923814245642f,-0.6224297648604188f,0.125f,-0.09775938064970559f,0.9902327519885263f,0.0994092570348235f,1.1688229008785485f,0.6148821399865919f,0.1386397002806954f,-0.7763369033039638f,-0.06682539857545372f,0f,0f,0f,1f],start_interpolation:0}
execute if entity @s[tag=aj.lexiel.bone.right_wing] run data modify entity @s {} merge value {transformation:[-0.9512446812675803f,0.019008859820285596f,0.3078509698027152f,-0.12499999999999994f,0.059558053648969954f,0.9906349293967462f,0.12286282962983541f,1.1688229008785485f,-0.30263244142967544f,0.13520761778626336f,-0.9434683383595222f,-0.06682539857545378f,0f,0f,0f,1f],start_interpolation:0}
execute if entity @s[tag=aj.lexiel.locator_origin.locator_right_hand] at @s on origin run tp @s ^-1.11645 ^1.42338 ^-0.03479 ~13.63814 ~6.54575
execute if entity @s[tag=aj.lexiel.bone.sword] run data modify entity @s {} merge value {transformation:[4.4579908340450063e-7f,0.000002100761080182732f,0.000011361314726352103f,-1.0200677962032754f,0.000011206991761042232f,-0.0000028438231246988935f,8.609270212609556e-8f,1.4727966952493663f,0.0000028099831129683424f,0.000011008672906822936f,-0.0000021458149932870365f,-0.0864855482916f,0f,0f,0f,1f],start_interpolation:0}
execute if entity @s[tag=aj.lexiel.bone.rod] run data modify entity @s {} merge value {transformation:[4.7326475078895747e-7f,0.0000052097596380308f,0.000008522583234536688f,-1.0437772477943976f,0.000009905867369861992f,-0.0000013419275837167197f,2.702258513978078e-7f,1.4599406444013119f,0.0000012844501260711246f,0.000008429569079971135f,-0.000005224227502667786f,0.021398112963122183f,0f,0f,0f,1f],start_interpolation:0}
execute if entity @s[tag=aj.lexiel.bone.right_hand] run data modify entity @s {} merge value {transformation:[0.047326475078895744f,0.9710232766771224f,0.23425200299641194f,-0.6206584378224633f,0.9905867369861991f,-0.07578075623320726f,0.1139964626282669f,1.4509610222931912f,0.12844501260711244f,0.22665187653303812f,-0.965469215252569f,0.05639653490772577f,0f,0f,0f,1f],start_interpolation:0}
execute if entity @s[tag=aj.lexiel.bone.right_arm] run data modify entity @s {} merge value {transformation:[0.047326475078895744f,0.9908396485397722f,0.12647923006639075f,-0.3125f,0.9905867369861991f,-0.06283790261720835f,0.12161132554867113f,1.4003683421944948f,0.12844501260711244f,0.11953321244010212f,-0.984486510755789f,0.08973675715128542f,0f,0f,0f,1f],start_interpolation:0}
execute if entity @s[tag=aj.lexiel.locator_origin.locator_left_hand] at @s on origin run tp @s ^1.02773 ^1.41583 ^0.05054 ~-5.55026 ~7.27882
execute if entity @s[tag=aj.lexiel.bone.left_hand] run data modify entity @s {} merge value {transformation:[0.01373886450576746f,-0.9952923505708672f,-0.0959394626689678f,0.5892897291186134f,-0.9916031404919259f,-0.025900763007671867f,0.12669791727637286f,1.4084623306343922f,-0.12858637318410676f,0.09339318696103331f,-0.987290867607221f,0.060551386225962574f,0f,0f,0f,1f],start_interpolation:0}
execute if entity @s[tag=aj.lexiel.bone.left_arm] run data modify entity @s {} merge value {transformation:[0.01373886450576746f,-0.9952923505708672f,-0.0959394626689678f,0.2782608695652174f,-0.9916031404919259f,-0.025900763007671867f,0.12669791727637286f,1.4003683421944948f,-0.12858637318410676f,0.09339318696103331f,-0.987290867607221f,0.08973675715128548f,0f,0f,0f,1f],start_interpolation:0}
execute if entity @s[tag=aj.lexiel.bone.skirt_right] run data modify entity @s {} merge value {transformation:[-0.984807753012208f,0.17300684609324973f,-0.014910426282048205f,-0.21875000000000003f,0.16382682020145953f,0.9541445572792427f,0.2505372962196975f,0.6499349092749777f,0.057571369531429786f,0.24428834401023797f,-0.9679921189715396f,0.10813280457127071f,0f,0f,0f,1f],start_interpolation:0}
execute if entity @s[tag=aj.lexiel.bone.skirt_left] run data modify entity @s {} merge value {transformation:[-1f,-4.560303887213632e-17f,1.1365720686452313e-16f,0.21874999999999997f,0f,0.9280815247600834f,0.3723770715269654f,0.6499349092749777f,-1.2246467991473532e-16f,0.3723770715269654f,-0.9280815247600834f,0.10813280457127077f,0f,0f,0f,1f],start_interpolation:0}
execute if entity @s[tag=aj.lexiel.bone.skirt_back_middle] run data modify entity @s {} merge value {transformation:[-1f,-6.004814098320258e-17f,1.0673246268628868e-16f,1.671504784828324e-17f,0f,0.8715366974428869f,0.4903302815555509f,0.8021456856759985f,-1.2246467991473532e-16f,0.4903302815555509f,-0.8715366974428869f,-0.13648872360521339f,0f,0f,0f,1f],start_interpolation:0}
execute if entity @s[tag=aj.lexiel.bone.skirt_front_middle] run data modify entity @s {} merge value {transformation:[-1f,-3.552362725839223e-17f,1.1719927360280607e-16f,-2.661177977880301e-17f,0f,0.9570046946140286f,0.2900724297252495f,0.677818071851591f,-1.2246467991473532e-16f,0.2900724297252495f,-0.9570046946140286f,0.21730167259107824f,0f,0f,0f,1f],start_interpolation:0}
execute if entity @s[tag=aj.lexiel.bone.skirt] run data modify entity @s {} merge value {transformation:[-1f,-4.060197715085036e-17f,1.1553820700556334e-16f,-1.4003736371681747e-17f,0f,0.9434410565234443f,0.3315403035317533f,0.6676244290847922f,-1.2246467991473532e-16f,0.3315403035317533f,-0.9434410565234443f,0.11434918526249113f,0f,0f,0f,1f],start_interpolation:0}
execute if entity @s[tag=aj.lexiel.bone.rightupper] run data modify entity @s {} merge value {transformation:[-0.9823260704939776f,0.1742128317068826f,-0.0684498392732258f,-0.1354843392567458f,0.16402666459747572f,0.9773710074793271f,0.13357083154593455f,0.6612188466054041f,0.09017064116933095f,0.11998251125691035f,-0.9886725709068686f,0.01756492473291822f,0f,0f,0f,1f],start_interpolation:0}
execute if entity @s[tag=aj.lexiel.bone.rightfoot] run data modify entity @s {} merge value {transformation:[-0.9735615685580926f,0.22833339375226433f,0.006460148936344862f,-0.15589577168385424f,0.20590088935567202f,0.8649665451970182f,0.45764363805528646f,0.33779983909589434f,0.09890751229936802f,0.44687440851710014f,-0.8891122353354733f,0.059840461147596016f,0f,0f,0f,1f],start_interpolation:0}
execute if entity @s[tag=aj.lexiel.bone.leftupper] run data modify entity @s {} merge value {transformation:[-0.998718132413493f,-0.05061520625924415f,-0.00043918542659052964f,0.13525690571422516f,-0.048534073462416644f,0.9551185027733895f,0.2922209598455656f,0.662551416850278f,-0.01437135002877256f,0.29186768672679936f,-0.9563507294623127f,0.019278786362725082f,0f,0f,0f,1f],start_interpolation:0}
execute if entity @s[tag=aj.lexiel.bone.leftfoot] run data modify entity @s {} merge value {transformation:[-0.9955658017716457f,-0.09406337264222639f,-0.00090347659078342f,0.15607083615609446f,-0.0889721474508799f,0.938475252278601f,0.3336887139814517f,0.3478244003445033f,-0.030539995428279308f,0.33228945632954693f,-0.942682887238044f,0.048569080590620234f,0f,0f,0f,1f],start_interpolation:0}
execute if entity @s[tag=aj.lexiel.bone.lower] run data modify entity @s {} merge value {transformation:[-1f,-4.060197715085036e-17f,1.1553820700556334e-16f,0f,0f,0.9434410565234443f,0.3315403035317533f,0.625f,-1.2246467991473532e-16f,0.3315403035317533f,-0.9434410565234443f,0f,0f,0f,0f,1f],start_interpolation:0}