execute if entity @s[tag=aj.lexiel.bone.backhair] run data modify entity @s {} merge value {transformation:[-0.999933209773126f,-0.0052058563453052315f,-0.010318674940400114f,-0.0025839339295899515f,-0.009551146959823259f,0.8749367792282741f,0.4841429623008129f,1.596823557639699f,0.006507809505928622f,0.48420918146330766f,-0.8749280639012946f,-0.1431393490054918f,0f,0f,0f,1f],start_interpolation:0}
execute if entity @s[tag=aj.lexiel.bone.head] run data modify entity @s {} merge value {transformation:[-0.999933209773126f,-0.005685768087025811f,-0.01006220821063423f,-1.2488162773998306e-17f,-0.009551146959823259f,0.8967548076234767f,0.4424246722278643f,1.4933162979482892f,0.006507809505928622f,0.4424912282129916f,-0.8967492187730037f,0.10197358767191529f,0f,0f,0f,1f],start_interpolation:0}
execute if entity @s[tag=aj.lexiel.bone.left_wing] run data modify entity @s {} merge value {transformation:[-0.7819286937868842f,-0.033553687143044277f,-0.6224641900638491f,0.125f,-0.12048934092198196f,0.987854947566794f,0.09810668321777559f,1.1688229008785485f,0.6116124888823995f,0.15171273066856744f,-0.7764749904511821f,-0.06682539857545372f,0f,0f,0f,1f],start_interpolation:0}
execute if entity @s[tag=aj.lexiel.bone.right_wing] run data modify entity @s {} merge value {transformation:[-0.950471569163618f,0.04231447119635839f,0.30791765415289585f,-0.12499999999999994f,0.08363742092324253f,0.9889672391580581f,0.1222643925818001f,1.1688229008785485f,-0.29934691919737233f,0.1419622675201433f,-0.9435243168925648f,-0.06682539857545378f,0f,0f,0f,1f],start_interpolation:0}
execute if entity @s[tag=aj.lexiel.bone.sword] run data modify entity @s {} merge value {transformation:[0.0000011694686859701263f,0.00000299644546983514f,0.000011106082288045583f,-1.028831548089567f,0.000011161682464598653f,-0.0000029955768998904984f,-3.6711012831760427e-7f,1.5046738680590617f,0.000002782192265463739f,0.000010758217316690853f,-0.000003195555134064638f,-0.034510101062044496f,0f,0f,0f,1f],start_interpolation:0}
execute if entity @s[tag=aj.lexiel.bone.rod] run data modify entity @s {} merge value {transformation:[0.000001000896763509682f,0.000005911502739226896f,0.000008003270645986473f,-1.0429108358705357f,0.000009869971080061011f,-0.0000016066751687096911f,-4.7600220702654944e-8f,1.4921360520856624f,0.0000012577267380298088f,0.000007903969272863135f,-0.000005995447705224383f,0.07508428893477953f,0f,0f,0f,1f],start_interpolation:0}
execute if entity @s[tag=aj.lexiel.bone.right_hand] run data modify entity @s {} merge value {transformation:[0.1000896763509682f,0.9839230619358466f,0.14791032715380864f,-0.6191084017277326f,0.9869971080061011f,-0.11697493458034863f,0.11024324681138394f,1.4655792451512888f,0.12577267380298088f,0.1349528542518141f,-0.9828371999745114f,0.07045882610241638f,0f,0f,0f,1f],start_interpolation:0}
execute if entity @s[tag=aj.lexiel.bone.right_arm] run data modify entity @s {} merge value {transformation:[0.1000896763509682f,0.991155853163841f,0.08713283782258384f,-0.3125f,0.9869971080061011f,-0.10997517866113038f,0.11722699717234512f,1.4003683421944948f,0.12577267380298088f,0.07426664673667899f,-0.9892753406948634f,0.08973675715128542f,0f,0f,0f,1f],start_interpolation:0}
execute if entity @s[tag=aj.lexiel.bone.left_hand] run data modify entity @s {} merge value {transformation:[0.05862212691540793f,-0.9964860477788782f,-0.05982476759624737f,0.5890105855830734f,-0.990169514078179f,-0.06566499192246733f,0.12350077824048328f,1.420888652170266f,-0.1269951952874459f,0.05199678276445099f,-0.9905395272052752f,0.07348776253739456f,0f,0f,0f,1f],start_interpolation:0}
execute if entity @s[tag=aj.lexiel.bone.left_arm] run data modify entity @s {} merge value {transformation:[0.05862212691540793f,-0.9964860477788782f,-0.05982476759624737f,0.27760869565217394f,-0.990169514078179f,-0.06566499192246733f,0.12350077824048328f,1.4003683421944948f,-0.1269951952874459f,0.05199678276445099f,-0.9905395272052752f,0.08973675715128548f,0f,0f,0f,1f],start_interpolation:0}
execute if entity @s[tag=aj.lexiel.bone.skirt_right] run data modify entity @s {} merge value {transformation:[-0.984807753012208f,0.17276681529056445f,-0.01747332656942485f,-0.21875f,0.16596181037513405f,0.9660454173939238f,0.198022546769825f,0.6541631667312743f,0.05109175182016988f,0.1921142344194085f,-0.9800417102498193f,0.10706989694215588f,0f,0f,0f,1f],start_interpolation:0}
execute if entity @s[tag=aj.lexiel.bone.skirt_left] run data modify entity @s {} merge value {transformation:[-1f,-4.110334128589723e-17f,1.153607956012511e-16f,0.21875f,0f,0.9419923824695396f,0.3356342523780324f,0.6541631667312743f,-1.2246467991473532e-16f,0.3356342523780324f,-0.9419923824695396f,0.10706989694215593f,0f,0f,0f,1f],start_interpolation:0}
execute if entity @s[tag=aj.lexiel.bone.skirt_back_middle] run data modify entity @s {} merge value {transformation:[-1f,-5.580930188450378e-17f,1.0900880537728545e-16f,1.7554300489226067e-17f,0f,0.8901244461111697f,0.4557175336052843f,0.7966476355019513f,-1.2246467991473532e-16f,0.4557175336052843f,-0.8901244461111697f,-0.14334174148373274f,0f,0f,0f,1f],start_interpolation:0}
execute if entity @s[tag=aj.lexiel.bone.skirt_front_middle] run data modify entity @s {} merge value {transformation:[-1f,-3.0892574838278553e-17f,1.1850420518479477e-16f,-2.6337162104995407e-17f,0f,0.9676602696165294f,0.2522570169602139f,0.6863130083841655f,-1.2246467991473532e-16f,0.2522570169602139f,-0.9676602696165294f,0.2150592491102934f,0f,0f,0f,1f],start_interpolation:0}
execute if entity @s[tag=aj.lexiel.bone.skirt] run data modify entity @s {} merge value {transformation:[-1f,-3.6032252782643456e-17f,1.1704390025125726e-16f,-1.3787885397199388e-17f,0f,0.955735974917403f,0.2942256723140951f,0.6720832162609757f,-1.2246467991473532e-16f,0.2942256723140951f,-0.955735974917403f,0.11258662829804521f,0f,0f,0f,1f],start_interpolation:0}
execute if entity @s[tag=aj.lexiel.bone.rightupper] run data modify entity @s {} merge value {transformation:[-0.9815696255204703f,0.176965453051583f,-0.07214082534772862f,-0.1355634999627625f,0.17128501745600558f,0.9820849034266275f,0.07855370937522835f,0.6613836591366427f,0.0847497082632109f,0.06474929256571041f,-0.9942962416008323f,0.01586408390188742f,0f,0f,0f,1f],start_interpolation:0}
execute if entity @s[tag=aj.lexiel.bone.rightfoot] run data modify entity @s {} merge value {transformation:[-0.9726726482987291f,0.23214763477524272f,0.003923636042911946f,-0.15655417485556947f,0.2135579044750017f,0.8878969078449048f,0.4074703700586127f,0.34086901768695094f,0.09110949834008947f,0.39717320743942086f,-0.9132099991811851f,0.07614325285843469f,0f,0f,0f,1f],start_interpolation:0}
execute if entity @s[tag=aj.lexiel.bone.leftupper] run data modify entity @s {} merge value {transformation:[-0.9986556100069495f,-0.05183312567740093f,-0.0005474341592419053f,0.1352383675668953f,-0.050261425514949505f,0.9656828474865583f,0.25481449561486513f,0.6633043150212871f,-0.012679183997920692f,0.25449944037809547f,-0.9669897999153783f,0.017799023451498915f,0f,0f,0f,1f],start_interpolation:0}
execute if entity @s[tag=aj.lexiel.bone.leftfoot] run data modify entity @s {} merge value {transformation:[-0.9954507517937823f,-0.09527154262813184f,-0.0010648560700065597f,0.15642207070372474f,-0.09129375476436331f,0.9505714349265857f,0.2967817336741537f,0.3499792286332332f,-0.02726263182853158f,0.29552881461351294f,-0.9549447463800793f,0.059308786412697434f,0f,0f,0f,1f],start_interpolation:0}
execute if entity @s[tag=aj.lexiel.bone.lower] run data modify entity @s {} merge value {transformation:[-1f,-3.6032252782643456e-17f,1.1704390025125726e-16f,0f,0f,0.955735974917403f,0.2942256723140951f,0.625f,-1.2246467991473532e-16f,0.2942256723140951f,-0.955735974917403f,0f,0f,0f,0f,1f],start_interpolation:0}