execute if entity @s[tag=aj.lexiel.bone.backhair] run data modify entity @s {} merge value {transformation:[-0.9595140064234138f,-0.005956455360029568f,0.2815979263361733f,-0.050822220438425464f,0.09939785774717017f,0.928291346255265f,0.35832281861871584f,1.4990071157878968f,-0.26353925201487954f,0.3718059939096354f,-0.8901164898710202f,0.08199422930874034f,0f,0f,0f,1f],start_interpolation:0}
execute if entity @s[tag=aj.lexiel.bone.head] run data modify entity @s {} merge value {transformation:[-0.9595140064234138f,-0.005956455360029568f,0.2815979263361733f,-0.12571473923647197f,0.09939785774717017f,0.928291346255265f,0.35832281861871584f,1.418332169377539f,-0.26353925201487954f,0.3718059939096354f,-0.8901164898710202f,0.32424089058556815f,0f,0f,0f,1f],start_interpolation:0}
execute if entity @s[tag=aj.lexiel.bone.ring] run data modify entity @s {} merge value {transformation:[-0.875379464191675f,-0.009044219515436186f,0.48335183434518225f,-0.03520012698621211f,0.23294820541271766f,0.8682041168211136f,0.4381286855820607f,0.9146330074257109f,-0.4236105844599378f,0.4961247964254826f,-0.7579012198863935f,0.0907874493639591f,0f,0f,0f,1f],start_interpolation:0}
execute if entity @s[tag=aj.lexiel.bone.bust] run data modify entity @s {} merge value {transformation:[-0.860509970926359f,0.10231955517717212f,0.49905240062007766f,-0.14285558883692595f,0.07864713601181167f,0.9945599341069684f,-0.06830201656087531f,1.2889001663884727f,-0.5033261546288414f,-0.019525524256422067f,-0.8638758799555961f,0.33332131608292315f,0f,0f,0f,1f],start_interpolation:0}
execute if entity @s[tag=aj.lexiel.bone.left_wing] run data modify entity @s {} merge value {transformation:[-0.9779068533165054f,-0.15469171983936583f,-0.14060105991687932f,0.09758247168651835f,-0.19870676377675514f,0.8967452729865049f,0.3954282961621839f,1.155451208547703f,0.06491385265087551f,0.41463042241193326f,-0.9076716391650245f,0.14975301557072418f,0f,0f,0f,1f],start_interpolation:0}
execute if entity @s[tag=aj.lexiel.bone.right_wing] run data modify entity @s {} merge value {transformation:[-0.673615136647456f,-0.16736876458588756f,0.7198821739148865f,-0.11754502104507136f,0.1982696708633388f,0.8973971352505181f,0.39416686727819555f,1.1751129925506558f,-0.7119914222061756f,0.4082475698459908f,-0.5713161440215656f,0.02392147691351376f,0f,0f,0f,1f],start_interpolation:0}
execute if entity @s[tag=aj.lexiel.bone.body] run data modify entity @s {} merge value {transformation:[-0.860509970926359f,-0.16091486622268414f,0.48335183434518225f,0.2690365014019304f,0.07864713601181167f,0.8954651768032498f,0.4381286855820607f,0.012629500801438875f,-0.5033261546288414f,0.4150283399495272f,-0.7579012198863935f,0.4230995172828539f,0f,0f,0f,1f],start_interpolation:0}
execute if entity @s[tag=aj.lexiel.bone.sword] run data modify entity @s {} merge value {transformation:[-6.926367981624569e-7f,0.000004604571315132843f,0.000010583458013319046f,-1.0965082803909907f,0.000007786057192674661f,-0.00000764017672908006f,0.000003833590900294751f,1.3273272631764348f,0.000008519916308757412f,0.000007356427720183171f,-0.0000026429913998138934f,-0.037251740713667506f,0f,0f,0f,1f],start_interpolation:0}
execute if entity @s[tag=aj.lexiel.bone.rod] run data modify entity @s {} merge value {transformation:[-7.764650013039402e-7f,0.000006938437183852739f,0.000007159273115860282f,-1.0958481787961478f,0.000007531327188052216f,-0.000004297101109158076f,0.0000049813685714046445f,1.254501059168484f,0.000006532703336923821f,0.000005778668661846095f,-0.000004891909198701697f,0.046785523450838466f,0f,0f,0f,1f],start_interpolation:0}
execute if entity @s[tag=aj.lexiel.bone.right_hand] run data modify entity @s {} merge value {transformation:[-0.07764650013039401f,0.9968586552130511f,0.015615458505218463f,-0.6779037364049543f,0.7531327188052216f,0.04838501626998583f,0.6560868830159678f,1.328753318005293f,0.6532703336923821f,0.06270336296707454f,-0.7545237964372385f,0.03477689246000609f,0f,0f,0f,1f],start_interpolation:0}
execute if entity @s[tag=aj.lexiel.bone.right_arm] run data modify entity @s {} merge value {transformation:[-0.37575150567974613f,0.917194129311615f,0.1325357881317804f,-0.3795383364425825f,0.6560610316891636f,0.1622660105309393f,0.737057436381537f,1.3589595390559253f,0.6545187000218973f,0.36390200739028855f,-0.6627070245130681f,0.12804256039378697f,0f,0f,0f,1f],start_interpolation:0}
execute if entity @s[tag=aj.lexiel.bone.left_hand] run data modify entity @s {} merge value {transformation:[-0.8286265053674838f,0.15925189336680615f,0.5366721057233725f,0.09909085904901363f,0.2981970147732519f,0.9369146732380899f,0.18239911033632883f,1.0178804970207436f,-0.47376856690032987f,0.311174757218915f,-0.8238407707117662f,0.3398674438194215f,0f,0f,0f,1f],start_interpolation:0}
execute if entity @s[tag=aj.lexiel.bone.left_arm] run data modify entity @s {} merge value {transformation:[-0.8286265053674838f,0.15925189336680615f,0.5366721057233725f,0.14885707572614054f,0.2981970147732519f,0.9369146732380899f,0.18239911033632883f,1.3106663324076466f,-0.47376856690032987f,0.311174757218915f,-0.8238407707117662f,0.4371095554503325f,0f,0f,0f,1f],start_interpolation:0}
execute if entity @s[tag=aj.lexiel.bone.skirt_right] run data modify entity @s {} merge value {transformation:[-0.984807753012208f,0.17364817766693036f,1.187106038893344e-16f,-0.21875f,0.1683251044258305f,0.9546191045154652f,-0.24570108773492352f,0.7055893745246843f,-0.04266554613595216f,-0.24196833612488539f,-0.9693456429395427f,0.07628765194132103f,0f,0f,0f,1f],start_interpolation:0}
execute if entity @s[tag=aj.lexiel.bone.skirt_left] run data modify entity @s {} merge value {transformation:[-1f,2.4882982516849544e-17f,1.199101121994502e-16f,0.21875f,0f,0.9791403715988667f,-0.20318497165202276f,0.7055893745246843f,-1.2246467991473532e-16f,-0.20318497165202276f,-0.9791403715988667f,0.07628765194132109f,0f,0f,0f,1f],start_interpolation:0}
execute if entity @s[tag=aj.lexiel.bone.skirt_back_middle] run data modify entity @s {} merge value {transformation:[-1f,9.018694797911453e-18f,1.2213214552590443e-16f,2.5925421033944666e-17f,0f,0.9972846506514172f,-0.0736432316990549f,0.6970700462829585f,-1.2246467991473532e-16f,-0.0736432316990549f,-0.9972846506514172f,-0.21169712811885805f,0f,0f,0f,1f],start_interpolation:0}
execute if entity @s[tag=aj.lexiel.bone.skirt_front_middle] run data modify entity @s {} merge value {transformation:[-1f,3.5239150147693225e-17f,1.1728512319764563e-16f,-1.8591055424555736e-17f,0f,0.9577057097548787f,-0.28774949783258397f,0.7892079541835548f,-1.2246467991473532e-16f,-0.28774949783258397f,-0.9577057097548787f,0.1518074879834705f,0f,0f,0f,1f],start_interpolation:0}
execute if entity @s[tag=aj.lexiel.bone.skirt] run data modify entity @s {} merge value {transformation:[-1f,3.008970506415971e-17f,1.187106038893344e-16f,-8.778360906487622e-18f,0f,0.9693456429395427f,-0.24570108773492352f,0.7237646053298008f,-1.2246467991473532e-16f,-0.24570108773492352f,-0.9693456429395427f,0.07168075654629123f,0f,0f,0f,1f],start_interpolation:0}
execute if entity @s[tag=aj.lexiel.bone.rightupper] run data modify entity @s {} merge value {transformation:[-0.9834612640824515f,0.17382095942984888f,-0.05089416579760092f,-0.13490220087983412f,0.1803596985307532f,0.9141846291886933f,-0.36295570377255026f,0.6677844525221311f,-0.016562644572733053f,-0.3661321316383176f,-0.9304154668677531f,-0.005479840208083578f,0f,0f,0f,1f],start_interpolation:0}
execute if entity @s[tag=aj.lexiel.bone.rightfoot] run data modify entity @s {} merge value {transformation:[-0.9747767115570107f,0.22201091140730952f,0.022836764705099995f,-0.15662464944938204f,0.22127930064321752f,0.9747260106523192f,-0.03073557002340388f,0.4052749057860736f,-0.02908322047072688f,-0.024907014552345674f,-0.9992666345441242f,0.18796445442668946f,0f,0f,0f,1f],start_interpolation:0}
execute if entity @s[tag=aj.lexiel.bone.leftupper] run data modify entity @s {} merge value {transformation:[-0.9990466999447866f,-0.04365392906886326f,0.0001606433389096846f,0.13536078870301074f,-0.04185336961277169f,0.9567807829733515f,-0.2877826068145143f,0.6667972894206826f,0.012409141045551913f,-0.2875149871045877f,-0.9576957478284847f,-0.004689647607274236f,0f,0f,0f,1f],start_interpolation:0}
execute if entity @s[tag=aj.lexiel.bone.leftfoot] run data modify entity @s {} merge value {transformation:[-0.9961946980917455f,-0.08715574274765815f,1.187106038893344e-16f,0.1540644740461292f,-0.0844840394896021f,0.9656569901147067f,-0.24570108773492352f,0.42113827572456325f,0.021414260795444666f,-0.2447661209169056f,-0.9693456429395427f,0.19442398980664344f,0f,0f,0f,1f],start_interpolation:0}
execute if entity @s[tag=aj.lexiel.bone.lower] run data modify entity @s {} merge value {transformation:[-1f,3.008970506415971e-17f,1.187106038893344e-16f,0f,0f,0.9693456429395427f,-0.24570108773492352f,0.625f,-1.2246467991473532e-16f,-0.24570108773492352f,-0.9693456429395427f,0f,0f,0f,0f,1f],start_interpolation:0}
execute if entity @s[tag=aj.lexiel.bone.sucidesword] run data modify entity @s {} merge value {transformation:[-0.0000021278872758850496f,-0.0000011068316551866245f,0.000011310986945364376f,0.04687499999999939f,0.0000029459745055379104f,0.000011060488285869302f,0.0000016365327191561483f,1.9500648119469026f,-0.000010976553931168341f,0.000003183069087409946f,-0.0000017534940065275513f,5.00481435840708f,0f,0f,0f,1f],start_interpolation:0}