execute if entity @s[tag=aj.lexiel.bone.backhair] run data modify entity @s {} merge value {transformation:[-0.999998279562319f,-0.0009229642537180442f,-0.0016090398964962824f,-0.0003996823783462535f,-0.0015329578360921596f,0.8996128338908973f,0.4366856983450013f,1.5834716948496186f,0.001044467651448199f,0.436687413644789f,-0.8996127010283647f,-0.1483714260862185f,0f,0f,0f,1f],start_interpolation:0}
execute if entity @s[tag=aj.lexiel.bone.head] run data modify entity @s {} merge value {transformation:[-0.999998279562319f,-0.00099830838178372f,-0.0015634106232907733f,-1.2488162773998306e-17f,-0.0015329578360921596f,0.9193290177713407f,0.39348673055625993f,1.4933162979482892f,0.001044467651448199f,0.39348845022942774f,-0.9193289664877139f,0.10197358767191529f,0f,0f,0f,1f],start_interpolation:0}
execute if entity @s[tag=aj.lexiel.bone.left_wing] run data modify entity @s {} merge value {transformation:[-0.7813425825213657f,-0.027257662421198363f,-0.6235068472584522f,0.125f,-0.11289681960302166f,0.9887370565765343f,0.09825141767879882f,1.1688229008785485f,0.6138062209381441f,0.1471599564817243f,-0.7756196686172491f,-0.06682539857545372f,0f,0f,0f,1f],start_interpolation:0}
execute if entity @s[tag=aj.lexiel.bone.right_wing] run data modify entity @s {} merge value {transformation:[-0.9506126012494432f,0.03458080388176684f,0.3084474839395807f,-0.12499999999999994f,0.07569877286452843f,0.9895957070671191f,0.12235208351774443f,1.1688229008785485f,-0.3010072725576105f,0.13965852840846976f,-0.9433398736988747f,-0.06682539857545378f,0f,0f,0f,1f],start_interpolation:0}
execute if entity @s[tag=aj.lexiel.bone.sword] run data modify entity @s {} merge value {transformation:[8.639581193216848e-7f,0.0000022775244658866935f,0.000011303002473915758f,-1.0210524462581452f,0.000011186848997888355f,-0.0000029109634454953843f,-2.685285225707159e-7f,1.4954184917432316f,0.00000279273917802979f,0.000010955846858015f,-0.0000024210398090944985f,-0.0734493626029465f,0f,0f,0f,1f],start_interpolation:0}
execute if entity @s[tag=aj.lexiel.bone.rod] run data modify entity @s {} merge value {transformation:[8.136943724934541e-7f,0.0000053684080191899096f,0.000008397505391940513f,-1.0425258333096203f,0.000009885898744145723f,-0.000001506313553078029f,5.049783313952672e-9f,1.4832817671857073f,0.0000012676385481163612f,0.000008301277902787675f,-0.000005429721695632156f,0.03498470519002364f,0f,0f,0f,1f],start_interpolation:0}
execute if entity @s[tag=aj.lexiel.bone.right_hand] run data modify entity @s {} merge value {transformation:[0.08136943724934541f,0.9733970722237159f,0.21418952931463053f,-0.6191692931433672f,0.9885898744145721f,-0.10615537919498579f,0.10686952639994952f,1.461071398883077f,0.1267638548116361f,0.2030496866637989f,-0.9709282928512423f,0.05970517291717746f,0f,0f,0f,1f],start_interpolation:0}
execute if entity @s[tag=aj.lexiel.bone.right_arm] run data modify entity @s {} merge value {transformation:[0.08136943724934541f,0.9894786817837095f,0.11962839536371644f,-0.3125f,0.9885898744145721f,-0.09539079396200618f,0.11657897165560697f,1.4003683421944948f,0.1267638548116361f,0.10877745503030906f,-0.9859505009839102f,0.08973675715128542f,0f,0f,0f,1f],start_interpolation:0}
execute if entity @s[tag=aj.lexiel.bone.left_hand] run data modify entity @s {} merge value {transformation:[0.04452185996008763f,-0.9953916842838642f,-0.08493055306676207f,0.5889946839474032f,-0.9908378348799395f,-0.05484866444079679f,0.1234180253427121f,1.4175085498322437f,-0.12750760352280097f,0.07865760527496758f,-0.9887137058705516f,0.06515625550285811f,0f,0f,0f,1f],start_interpolation:0}
execute if entity @s[tag=aj.lexiel.bone.left_arm] run data modify entity @s {} merge value {transformation:[0.04452185996008763f,-0.9953916842838642f,-0.08493055306676207f,0.27793478260869564f,-0.9908378348799395f,-0.05484866444079679f,0.1234180253427121f,1.4003683421944948f,-0.12750760352280097f,0.07865760527496758f,-0.9887137058705516f,0.08973675715128548f,0f,0f,0f,1f],start_interpolation:0}
execute if entity @s[tag=aj.lexiel.bone.skirt_right] run data modify entity @s {} merge value {transformation:[-0.984807753012208f,0.17292343603864435f,-0.01584849758288375f,-0.21875000000000003f,0.16451384834645358f,0.9583215228538275f,0.23357023041766506f,0.651246161995757f,0.055577723138734894f,0.22741447646029475f,-0.9722107655169244f,0.10782203905274869f,0f,0f,0f,1f],start_interpolation:0}
execute if entity @s[tag=aj.lexiel.bone.skirt_left] run data modify entity @s {} merge value {transformation:[-1f,-4.421950060443127e-17f,1.1420259888861234e-16f,0.21874999999999997f,0f,0.9325349886034459f,0.36107962422486717f,0.651246161995757f,-1.2246467991473532e-16f,0.36107962422486717f,-0.9325349886034459f,0.10782203905274874f,0f,0f,0f,1f],start_interpolation:0}
execute if entity @s[tag=aj.lexiel.bone.skirt_back_middle] run data modify entity @s {} merge value {transformation:[-1f,-5.874762702134394e-17f,1.0745377678788046e-16f,1.6977253672552858e-17f,0f,0.8774266740638522f,0.4797107791589079f,0.8004751979844114f,-1.2246467991473532e-16f,0.4797107791589079f,-0.8774266740638522f,-0.13862979664318795f,0f,0f,0f,1f],start_interpolation:0}
execute if entity @s[tag=aj.lexiel.bone.skirt_front_middle] run data modify entity @s {} merge value {transformation:[-1f,-3.409781972454928e-17f,1.1762200694024361e-16f,-2.653127039456994e-17f,0f,0.9604565742721628f,0.2784298276718602f,0.6804529411600327f,-1.2246467991473532e-16f,0.2784298276718602f,-0.9604565742721628f,0.21664426357903394f,0f,0f,0f,1f],start_interpolation:0}
execute if entity @s[tag=aj.lexiel.bone.skirt] run data modify entity @s {} merge value {transformation:[-1f,-3.919596603904447e-17f,1.160227308456608e-16f,-1.3939315863581047e-17f,0f,0.947397493925925f,0.32005935153167614f,0.6690098650068682f,-1.2246467991473532e-16f,0.32005935153167614f,-0.947397493925925f,0.11382315189396766f,0f,0f,0f,1f],start_interpolation:0}
execute if entity @s[tag=aj.lexiel.bone.rightupper] run data modify entity @s {} merge value {transformation:[-0.9818137526805562f,0.1765424207908969f,-0.06981782514955479f,-0.13549272415313157f,0.16781301447145092f,0.9790096801036628f,0.11566692888344762f,0.661261217332341f,0.08877244629573143f,0.10184704180590513f,-0.9908312837481756f,0.0170208862151969f,0f,0f,0f,1f],start_interpolation:0}
execute if entity @s[tag=aj.lexiel.bone.rightfoot] run data modify entity @s {} merge value {transformation:[-0.972943411945543f,0.23096652938440515f,0.005964851707139243f,-0.15653739422366314f,0.209820168545551f,0.8724668913169321f,0.44133549645058584f,0.3387127133351128f,0.09672959228324099f,0.43064600991985413f,-0.8973223501712341f,0.06522261291605792f,0f,0f,0f,1f],start_interpolation:0}
execute if entity @s[tag=aj.lexiel.bone.leftupper] run data modify entity @s {} merge value {transformation:[-0.9986519587490732f,-0.051903359194120015f,-0.0005537066059492779f,0.135237306553374f,-0.04996758956299935f,0.9584089708501943f,0.2809901859267251f,0.662808463270152f,-0.014053657171816569f,0.28063906694941465f,-0.9597104817713827f,0.01883280929492898f,0f,0f,0f,1f],start_interpolation:0}
execute if entity @s[tag=aj.lexiel.bone.leftfoot] run data modify entity @s {} merge value {transformation:[-0.9954440715922188f,-0.09534121062001426f,-0.00107419244813984f,0.15644232656039586f,-0.0905883706460811f,0.9421855007056417f,0.322614676299371f,0.3484728094103286f,-0.029746385252561198f,0.3212421762744889f,-0.9465297759430692f,0.051815582052608736f,0f,0f,0f,1f],start_interpolation:0}
execute if entity @s[tag=aj.lexiel.bone.lower] run data modify entity @s {} merge value {transformation:[-1f,-3.919596603904447e-17f,1.160227308456608e-16f,0f,0f,0.947397493925925f,0.32005935153167614f,0.625f,-1.2246467991473532e-16f,0.32005935153167614f,-0.947397493925925f,0f,0f,0f,0f,1f],start_interpolation:0}