execute if entity @s[tag=aj.lexiel.bone.backhair] run data modify entity @s {} merge value {transformation:[-1f,-3.3169479874979326e-17f,1.1788716398082499e-16f,1.668718348256762e-17f,0f,0.9626217458201223f,0.270849357529642f,1.6118277748217187f,-1.2246467991473532e-16f,0.270849357529642f,-0.9626217458201223f,-0.13626119379225005f,0f,0f,0f,1f],start_interpolation:0}
execute if entity @s[tag=aj.lexiel.bone.head] run data modify entity @s {} merge value {transformation:[-1f,-6.088923313490237e-17f,1.0625487807560688e-16f,-1.2488162773998306e-17f,0f,0.8676369231486635f,0.49719832017930243f,1.4933162979482892f,-1.2246467991473532e-16f,0.49719832017930243f,-0.8676369231486635f,0.10197358767191529f,0f,0f,0f,1f],start_interpolation:0}
execute if entity @s[tag=aj.lexiel.bone.left_wing] run data modify entity @s {} merge value {transformation:[-0.7045876218547292f,0.4218982919545595f,-0.5705770012670704f,0.125f,0.44961075739030837f,0.8874933233628886f,0.10102360033778644f,1.1688229008785485f,0.5490049635185555f,-0.18535757937597486f,-0.8150068207075747f,-0.06682539857545372f,0f,0f,0f,1f],start_interpolation:0}
execute if entity @s[tag=aj.lexiel.bone.right_wing] run data modify entity @s {} merge value {transformation:[-0.8178515666897068f,-0.5017356684745945f,0.28174480269127233f,-0.12499999999999994f,-0.4878063170944792f,0.8642374664561565f,0.12303901241542886f,1.1688229008785485f,-0.305227475607804f,-0.03680924549342751f,-0.951567794526639f,-0.06682539857545378f,0f,0f,0f,1f],start_interpolation:0}
execute if entity @s[tag=aj.lexiel.locator_origin.locator_right_hand] at @s on origin run tp @s ^-0.99647 ^0.96501 ^0.15876 ~-6.46385 ~5.22306
execute if entity @s[tag=aj.lexiel.bone.sword] run data modify entity @s {} merge value {transformation:[-0.0000052778495671295745f,0.000005919363565583273f,0.000008414086116459437f,-0.9605852401294795f,0.000009884317770986312f,2.957483147318286e-7f,0.000005992011464149371f,1.0515172335354892f,0.000002852362599480365f,0.000009927994468309227f,-0.0000051952247004635964f,0.08369751972447831f,0f,0f,0f,1f],start_interpolation:0}
execute if entity @s[tag=aj.lexiel.bone.rod] run data modify entity @s {} merge value {transformation:[-0.000004892031816508768f,0.000006908741061030194f,0.00000532328109889956f,-0.9460420346598715f,0.000008617053771935852f,0.0000028860050126066682f,0.0000041734109980656485f,1.0425962807575258f,0.0000013469999991952687f,0.000006628745885825206f,-0.000007365142156355395f,0.19358479050724586f,0f,0f,0f,1f],start_interpolation:0}
execute if entity @s[tag=aj.lexiel.bone.right_hand] run data modify entity @s {} merge value {transformation:[-0.48920318165087673f,0.8649345816910449f,-0.11210894905223386f,-0.5980796562050414f,0.8617053771935851f,0.49917609323632794f,0.09103335024581943f,1.271304106095442f,0.13469999991952686f,-0.052071079653238095f,-0.989517312979124f,0.11021834454040753f,0f,0f,0f,1f],start_interpolation:0}
execute if entity @s[tag=aj.lexiel.bone.right_arm] run data modify entity @s {} merge value {transformation:[-0.48920318165087673f,0.8649345816910449f,-0.11210894905223386f,-0.3125f,0.8617053771935851f,0.49917609323632794f,0.09103335024581943f,1.4003683421944948f,0.13469999991952686f,-0.052071079653238095f,-0.989517312979124f,0.08973675715128542f,0f,0f,0f,1f],start_interpolation:0}
execute if entity @s[tag=aj.lexiel.locator_origin.locator_left_hand] at @s on origin run tp @s ^0.81368 ^0.84316 ^0.14133 ~5.8845 ~3.21185
execute if entity @s[tag=aj.lexiel.bone.left_hand] run data modify entity @s {} merge value {transformation:[-0.734020504718075f,-0.6713686386863407f,0.10236234484356053f,0.5231549723167541f,-0.6695881508630793f,0.740616346704564f,0.056027986022584964f,1.1689257338493186f,-0.11342665858247074f,-0.02741492262317352f,-0.9931680699359907f,0.09830392047102722f,0f,0f,0f,1f],start_interpolation:0}
execute if entity @s[tag=aj.lexiel.bone.left_arm] run data modify entity @s {} merge value {transformation:[-0.734020504718075f,-0.6713686386863407f,0.10236234484356053f,0.3133522727272727f,-0.6695881508630793f,0.740616346704564f,0.056027986022584964f,1.4003683421944948f,-0.11342665858247074f,-0.02741492262317352f,-0.9931680699359907f,0.0897367571512855f,0f,0f,0f,1f],start_interpolation:0}
execute if entity @s[tag=aj.lexiel.bone.skirt_right] run data modify entity @s {} merge value {transformation:[-0.984807753012208f,0.1724833947050139f,-0.02007904773838108f,-0.21875f,0.1730633458996736f,0.9843894931873645f,-0.032037540609940435f,0.6764872552688005f,0.014239659864467579f,-0.0350257655641963f,-0.9992849582744584f,0.09830318239958136f,0f,0f,0f,1f],start_interpolation:0}
execute if entity @s[tag=aj.lexiel.bone.skirt_left] run data modify entity @s {} merge value {transformation:[-1f,-1.535674821665327e-17f,1.2149801690080745e-16f,0.21875f,0f,0.9921065974728314f,0.12539736540646035f,0.6764872552688005f,-1.2246467991473532e-16f,0.12539736540646035f,-0.9921065974728314f,0.09830318239958141f,0f,0f,0f,1f],start_interpolation:0}
execute if entity @s[tag=aj.lexiel.bone.skirt_back_middle] run data modify entity @s {} merge value {transformation:[-1f,-3.1084042615162183e-17f,1.1845412665381208e-16f,2.1660867891362056e-17f,0f,0.9672513473785622f,0.25382047000656927f,0.7618400856569176f,-1.2246467991473532e-16f,0.25382047000656927f,-0.9672513473785622f,-0.17687440906588892f,0f,0f,0f,1f],start_interpolation:0}
execute if entity @s[tag=aj.lexiel.bone.skirt_front_middle] run data modify entity @s {} merge value {transformation:[-1f,-4.709061248002456e-18f,1.2237410906225689e-16f,-2.410871823099107e-17f,0f,0.9992604328648758f,0.03845240318499252f,0.7310889858128545f,-1.2246467991473532e-16f,0.03845240318499252f,-0.9992604328648758f,0.19686262396452997f,0f,0f,0f,1f],start_interpolation:0}
execute if entity @s[tag=aj.lexiel.bone.skirt] run data modify entity @s {} merge value {transformation:[-1f,-1.0042462931811355e-17f,1.2205222965960832e-16f,-1.2226963947136041e-17f,0f,0.9966320880811171f,0.08200293291750167f,0.6951741069203214f,-1.2246467991473532e-16f,0.08200293291750167f,-0.9966320880811171f,0.09984073739178455f,0f,0f,0f,1f],start_interpolation:0}
execute if entity @s[tag=aj.lexiel.bone.rightupper] run data modify entity @s {} merge value {transformation:[-0.9946277631874038f,0.07511546520167532f,-0.07122695826972986f,-0.13711813641698484f,0.08531171090631415f,0.9845324026723992f,-0.15302895173904257f,0.6624714961792368f,0.058630407461140954f,-0.1582833376437604f,-0.9856514903074473f,0.007742387163773054f,0f,0f,0f,1f],start_interpolation:0}
execute if entity @s[tag=aj.lexiel.bone.rightfoot] run data modify entity @s {} merge value {transformation:[-0.990152327570415f,0.1367696122977121f,-0.02987375702557521f,-0.12576391679793336f,0.12861706666970116f,0.9729961069450831f,0.19166696645743111f,0.3630564663086579f,0.05528126597836945f,0.18593721795715318f,-0.9810052663519103f,0.13822389372985322f,0f,0f,0f,1f],start_interpolation:0}
execute if entity @s[tag=aj.lexiel.bone.leftupper] run data modify entity @s {} merge value {transformation:[-0.9993202827983344f,0.036558100716953194f,0.004741061044332029f,0.13644145797089594f,0.03661086565868664f,0.9992626632044936f,0.01156609014249093f,0.6642734729152708f,-0.004314730997243759f,0.011731802821038737f,-0.9999218708974165f,0.008820170196991724f,0f,0f,0f,1f],start_interpolation:0}
execute if entity @s[tag=aj.lexiel.bone.leftfoot] run data modify entity @s {} merge value {transformation:[-0.9999406948546433f,-0.007307252068575619f,0.008075322954496337f,0.13108634192707871f,-0.006851619222913886f,0.9984585286473852f,0.05507832500469594f,0.36977833930599513f,-0.008465346279823115f,0.05501972953863926f,-0.9984493814279507f,0.12538849766047516f,0f,0f,0f,1f],start_interpolation:0}
execute if entity @s[tag=aj.lexiel.bone.lower] run data modify entity @s {} merge value {transformation:[-1f,-1.0042462931811355e-17f,1.2205222965960832e-16f,0f,0f,0.9966320880811171f,0.08200293291750167f,0.625f,-1.2246467991473532e-16f,0.08200293291750167f,-0.9966320880811171f,0f,0f,0f,0f,1f],start_interpolation:0}