execute if entity @s[tag=aj.lexiel.bone.backhair] run data modify entity @s {} merge value {transformation:[-0.9963696531007079f,-0.018195270473359056f,0.08316517607975413f,-0.09385774795135406f,0.0171462008853953f,0.9139840298156072f,0.40538771692938724f,1.5187337748785268f,-0.08338778192980587f,0.4053419857039543f,-0.9103539709642632f,0.0642333764781732f,0f,0f,0f,1f],start_interpolation:0}
execute if entity @s[tag=aj.lexiel.bone.head] run data modify entity @s {} merge value {transformation:[-0.9963696531007079f,-0.018195270473359056f,0.08316517607975413f,-0.11623279894868498f,0.0171462008853953f,0.9139840298156072f,0.40538771692938724f,1.425333663035027f,-0.08338778192980587f,0.4053419857039543f,-0.9103539709642632f,0.3123796185421799f,0f,0f,0f,1f],start_interpolation:0}
execute if entity @s[tag=aj.lexiel.bone.ring] run data modify entity @s {} merge value {transformation:[-0.955665877414348f,0.017436555880708998f,0.2939365531281934f,-0.03254518370563175f,0.14746678126331936f,0.8923769620659732f,0.4265171813628859f,0.9165934256498075f,-0.25486521765376424f,0.45095379374490635f,-0.8553855252091749f,0.08746629319181037f,0f,0f,0f,1f],start_interpolation:0}
execute if entity @s[tag=aj.lexiel.bone.bust] run data modify entity @s {} merge value {transformation:[-0.9441749915203371f,0.018122764061657776f,0.3289455134370082f,-0.12108689685195795f,-0.009733203754835329f,0.9965154253533113f,-0.08283883013162341f,1.295756027799666f,-0.32930054681436266f,-0.08141604544360143f,-0.9407085507276349f,0.3301273065706842f,0f,0f,0f,1f],start_interpolation:0}
execute if entity @s[tag=aj.lexiel.bone.left_wing] run data modify entity @s {} merge value {transformation:[-0.9117426318813845f,-0.2281842556536705f,-0.34155134120917574f,0.08967357566980283f,-0.34429149550707655f,0.8780270659668415f,0.3324632875238415f,1.1689681494393305f,0.224028434203132f,0.4207141748282797f,-0.8790966066178693f,0.10917196408426916f,0f,0f,0f,1f],start_interpolation:0}
execute if entity @s[tag=aj.lexiel.bone.right_wing] run data modify entity @s {} merge value {transformation:[-0.8245132383904625f,-0.04273950049765846f,0.564226244352461f,-0.14637017221028148f,0.23467507915261232f,0.8815138799188638f,0.40970829468672754f,1.1665348485006215f,-0.5148839936758449f,0.47021975140098266f,-0.7167899681558124f,0.026846827380678506f,0f,0f,0f,1f],start_interpolation:0}
execute if entity @s[tag=aj.lexiel.bone.body] run data modify entity @s {} merge value {transformation:[-0.9441749915203371f,-0.14877798265431677f,0.2939365531281934f,0.39950821052323027f,-0.009733203754835329f,0.9044270886848348f,0.4265171813628859f,0.05814446685355734f,-0.32930054681436266f,0.39984591173399026f,-0.8553855252091749f,0.39242008014477364f,0f,0f,0f,1f],start_interpolation:0}
execute if entity @s[tag=aj.lexiel.bone.sword] run data modify entity @s {} merge value {transformation:[-0.42825151332413786f,0.1291703431332517f,-1.0662221749196663f,-0.44655218738043306f,0.45212471984239977f,1.0628763077046275f,-0.052832326539816496f,0.6823592802684332f,0.9742165783556638f,-0.43648944944295737f,-0.44417685833681864f,0.30277600745729916f,0f,0f,0f,1f],start_interpolation:0}
execute if entity @s[tag=aj.lexiel.bone.rod] run data modify entity @s {} merge value {transformation:[-0.000004873649766978799f,0.000003937039694452535f,-0.000007794052629610131f,-0.35498423770425014f,0.0000032382740875179514f,0.000009104295301254969f,0.0000025739829062479243f,0.7356821391470993f,0.000008109322960823381f,-0.0000012694587475975011f,-0.000005712036029754266f,0.3365144694404577f,0f,0f,0f,1f],start_interpolation:0}
execute if entity @s[tag=aj.lexiel.bone.right_hand] run data modify entity @s {} merge value {transformation:[-0.48736497669787987f,-0.2727320001574166f,-0.8295134933070165f,-0.5303426327089812f,0.3238274087517951f,0.8257789713108373f,-0.46176281777760453f,1.0574397191352647f,0.810932296082338f,-0.49366622998839f,-0.314137652215835f,0.1219065862548509f,0f,0f,0f,1f],start_interpolation:0}
execute if entity @s[tag=aj.lexiel.bone.right_arm] run data modify entity @s {} merge value {transformation:[-0.5416972056942924f,0.3714401507394766f,-0.754053281778967f,-0.3973395479249481f,-0.004637465884930192f,0.8957355435304615f,0.4445630776013174f,1.337501997297438f,0.84056090276265f,0.24431547326115816f,-0.4834948999441614f,0.17198764343763f,0f,0f,0f,1f],start_interpolation:0}
execute if entity @s[tag=aj.lexiel.bone.left_hand] run data modify entity @s {} merge value {transformation:[-0.9188765816958087f,0.1520920754842762f,0.3640519580855335f,0.1611286081398935f,0.2275905009629287f,0.9580494997437348f,0.17419448875387175f,1.0443585608451673f,-0.3222861949920736f,0.24291800389362836f,-0.9149439610718606f,0.3074297239502818f,0f,0f,0f,1f],start_interpolation:0}
execute if entity @s[tag=aj.lexiel.bone.left_arm] run data modify entity @s {} merge value {transformation:[-0.9188765816958087f,0.1520920754842762f,0.3640519580855335f,0.2086573817287298f,0.2275905009629287f,0.9580494997437348f,0.17419448875387175f,1.3437490295150845f,-0.3222861949920736f,0.24291800389362836f,-0.9149439610718606f,0.38334160016704066f,0f,0f,0f,1f],start_interpolation:0}
execute if entity @s[tag=aj.lexiel.bone.skirt_right] run data modify entity @s {} merge value {transformation:[-0.9825007274238939f,0.18625874640273732f,1.1882695554102554e-16f,-0.21875f,0.18072606561610063f,0.953316256882462f,-0.24192189559966767f,0.7052914864601062f,-0.04506006900176811f,-0.2376884384064408f,-0.9702957262759965f,0.07660111178714439f,0f,0f,0f,1f],start_interpolation:0}
execute if entity @s[tag=aj.lexiel.bone.rightupper] run data modify entity @s {} merge value {transformation:[-0.980511255682029f,0.18954021192315587f,-0.051693186639786046f,-0.13467441585638684f,0.19534282445875073f,0.9125115233618353f,-0.35939379608493627f,0.6679202655144204f,-0.02094894778570747f,-0.3624875553670611f,-0.9317531399414136f,-0.005364645659173245f,0f,0f,0f,1f],start_interpolation:0}
execute if entity @s[tag=aj.lexiel.bone.rightfoot] run data modify entity @s {} merge value {transformation:[-0.9711427872484661f,0.23691689308998026f,0.027423941071101146f,-0.1613614016407659f,0.2361623780811183f,0.9713063053387865f,-0.028131697214834217f,0.4052022741445346f,-0.033301921181086436f,-0.02084339170353633f,-0.9992279695184386f,0.18717304875838325f,0f,0f,0f,1f],start_interpolation:0}
execute if entity @s[tag=aj.lexiel.bone.sucidesword] run data modify entity @s {} merge value {transformation:[-5.871896091238742e-7f,-0.000011477786811712634f,-0.0000012676847075722295f,0.046874999999999764f,-5.47732752948079e-7f,0.0000012955775024974504f,-0.00001147662293605442f,0.655816797950626f,0.000011534582933261388f,-5.227763287468254e-7f,-6.095143278193876e-7f,1.927381033788984f,0f,0f,0f,1f],start_interpolation:0}