execute if entity @s[tag=aj.lexiel.bone.backhair] run data modify entity @s {} merge value {transformation:[-0.9996002342347446f,-0.01633701947853681f,-0.02307538758941087f,-0.012507106089042791f,-0.014738160624972966f,0.997587628804135f,-0.06783590110211442f,1.464354388906712f,0.024127957626706095f,-0.06746869386242231f,-0.9974296050395048f,-0.3199094325950481f,0f,0f,0f,1f],start_interpolation:0}
execute if entity @s[tag=aj.lexiel.bone.head] run data modify entity @s {} merge value {transformation:[-0.9996002342347446f,-0.01633701947853681f,-0.02307538758941087f,-0.006632972189957668f,-0.014738160624972966f,0.997587628804135f,-0.06783590110211442f,1.497960606837026f,0.024127957626706095f,-0.06746869386242231f,-0.9974296050395048f,-0.056021392098030046f,0f,0f,0f,1f],start_interpolation:0}
execute if entity @s[tag=aj.lexiel.bone.ring] run data modify entity @s {} merge value {transformation:[-0.9856147383706557f,0.16516929146735757f,-0.03581469897562455f,-0.0018572322131881203f,0.16738988399949273f,0.9832605658040534f,-0.07196725970418036f,0.9369289699143672f,0.02332839988468767f,-0.0769270101515953f,-0.9967637738541447f,-0.015685989787448396f,0f,0f,0f,1f],start_interpolation:0}
execute if entity @s[tag=aj.lexiel.bone.bust] run data modify entity @s {} merge value {transformation:[-0.9993223823003656f,-0.025260082184259045f,-0.02677133694021047f,-0.003130174594490609f,-0.0058945498851141346f,0.8277810810844255f,-0.5610202635202688f,1.39404376867108f,0.036332224197999495f,-0.5604823012787687f,-0.8273690587869974f,0.023463999041460792f,0f,0f,0f,1f],start_interpolation:0}
execute if entity @s[tag=aj.lexiel.bone.left_wing] run data modify entity @s {} merge value {transformation:[-0.7685862781466029f,0.008608655422348831f,-0.6396882241346734f,0.11672399598921634f,0.061049874915399f,0.9963331352953019f,-0.0599432755648847f,1.146848851101351f,0.6368265429593579f,-0.08512446513460645f,-0.766293533587476f,-0.16050897933141484f,0f,0f,0f,1f],start_interpolation:0}
execute if entity @s[tag=aj.lexiel.bone.right_wing] run data modify entity @s {} merge value {transformation:[-0.9629759236629953f,-0.03020329224366743f,0.26789014835011093f,-0.13310659958587512f,-0.04977244337632135f,0.9965402250970206f,-0.06656037592990628f,1.1453752136300728f,-0.2649529662520344f,-0.07742958673028792f,-0.9611475353831094f,-0.15142592328191495f,0f,0f,0f,1f],start_interpolation:0}
execute if entity @s[tag=aj.lexiel.bone.body] run data modify entity @s {} merge value {transformation:[-0.9993223823003656f,-0.008490204403145815f,-0.03581469897562455f,0.521813642839568f,-0.0058945498851141346f,0.9973895767513931f,-0.07196725970418036f,0.25898611641895075f,0.036332224197999495f,-0.07170738188547846f,-0.9967637738541447f,0.5160694657708118f,0f,0f,0f,1f],start_interpolation:0}
execute if entity @s[tag=aj.lexiel.bone.sword] run data modify entity @s {} merge value {transformation:[-0.0000010542976375800617f,0.000003364576459526864f,0.000011011788591749788f,-1.037411628253881f,0.000011512587322187957f,1.1548631261531492e-7f,0.0000010669593762630475f,1.3410141680934853f,2.0048912786037184e-7f,0.00001106154123120265f,-0.000003360582680133551f,-0.17823371594248694f,0f,0f,0f,1f],start_interpolation:0}
execute if entity @s[tag=aj.lexiel.bone.rod] run data modify entity @s {} merge value {transformation:[-9.475703434029915e-7f,0.0000059962899015429026f,0.000007946484622835292f,-1.0503731818064874f,0.00000990528385251098f,0.000001364713783296674f,1.5135419011489345e-7f,1.3508106582840702f,-9.937113491796253e-7f,0.000007885560456069988f,-0.000006068811584501279f,-0.06822289646536998f,0f,0f,0f,1f],start_interpolation:0}
execute if entity @s[tag=aj.lexiel.bone.right_hand] run data modify entity @s {} merge value {transformation:[-0.09475703434029914f,0.9859030414742861f,0.13789959120600573f,-0.6294284046312654f,0.9905283852510979f,0.10720219447390657f,-0.08579747963565876f,1.4057388567646345f,-0.09937113491796253f,0.12846354467992416f,-0.9867231097087903f,-0.07933818624613757f,0f,0f,0f,1f],start_interpolation:0}
execute if entity @s[tag=aj.lexiel.bone.right_arm] run data modify entity @s {} merge value {transformation:[-0.07662365421718886f,0.9885076974110438f,0.13031250044996023f,-0.31812525999602703f,0.9916403337754803f,0.08916221069866842f,-0.09327137081109167f,1.4026132871774846f,-0.10381841861663355f,0.12207633817592375f,-0.987076037402134f,-0.0379450049843916f,0f,0f,0f,1f],start_interpolation:0}
execute if entity @s[tag=aj.lexiel.bone.left_hand] run data modify entity @s {} merge value {transformation:[0.1072947952419549f,-0.9925789771801485f,-0.05722587678661906f,0.5853218683650543f,-0.9915131842789932f,-0.10257447037550678f,-0.07987542443152207f,1.4381672176301588f,0.07341275308090896f,0.06531042862510238f,-0.9951608491082671f,-0.0799238101811952f,0f,0f,0f,1f],start_interpolation:0}
execute if entity @s[tag=aj.lexiel.bone.left_arm] run data modify entity @s {} merge value {transformation:[0.1072947952419549f,-0.9925789771801485f,-0.05722587678661906f,0.27514093799625794f,-0.9915131842789932f,-0.10257447037550678f,-0.07987542443152207f,1.406112695637813f,0.07341275308090896f,0.06531042862510238f,-0.9951608491082671f,-0.0595143012358507f,0f,0f,0f,1f],start_interpolation:0}
execute if entity @s[tag=aj.lexiel.bone.skirt_right] run data modify entity @s {} merge value {transformation:[-0.984807753012208f,0.17364817766693033f,1.2186995551291226e-16f,-0.21875f,0.17280489118904516f,0.9800252377414485f,-0.09843273322914266f,0.6933147263268699f,-0.017092664748015844f,-0.09693731883424206f,-0.9951437067223208f,0.0874502789697372f,0f,0f,0f,1f],start_interpolation:0}
execute if entity @s[tag=aj.lexiel.bone.skirt_left] run data modify entity @s {} merge value {transformation:[-1f,6.727167125815382e-18f,1.2227977367120012e-16f,0.21875f,0f,0.9984901259394632f,-0.054931488250319176f,0.6933147263268699f,-1.2246467991473532e-16f,-0.054931488250319176f,-0.9984901259394632f,0.08745027896973726f,0f,0f,0f,1f],start_interpolation:0}
execute if entity @s[tag=aj.lexiel.bone.skirt_back_middle] run data modify entity @s {} merge value {transformation:[-1f,-9.291097964338984e-18f,1.221117247656245e-16f,2.4319762888525862e-17f,0f,0.9971179024894642f,0.07586757235480307f,0.7278270017763185f,-1.2246467991473532e-16f,0.07586757235480307f,-0.9971179024894642f,-0.19858593437273692f,0f,0f,0f,1f],start_interpolation:0}
execute if entity @s[tag=aj.lexiel.bone.skirt_front_middle] run data modify entity @s {} merge value {transformation:[-1f,1.7358952721243354e-17f,1.2122815096767012e-16f,-2.1381470428816236e-17f,0f,0.9899029748991617f,-0.14174660590571364f,0.7647392767372471f,-1.2246467991473532e-16f,-0.14174660590571364f,-0.9899029748991617f,0.17459295564813337f,0f,0f,0f,1f],start_interpolation:0}
execute if entity @s[tag=aj.lexiel.bone.skirt] run data modify entity @s {} merge value {transformation:[-1f,1.2054533168039487e-17f,1.2186995551291226e-16f,-1.0483547925582439e-17f,0f,0.9951437067223208f,-0.09843273322914266f,0.7119736708279134f,-1.2246467991473532e-16f,-0.09843273322914266f,-0.9951437067223208f,0.0856046652216908f,0f,0f,0f,1f],start_interpolation:0}
execute if entity @s[tag=aj.lexiel.bone.rightupper] run data modify entity @s {} merge value {transformation:[-0.9834611064978367f,0.17382151174454893f,-0.050895324548434796f,-0.13490223095482354f,0.18081407538935806f,0.9585534489619735f,-0.220185275675275f,0.6681231121795022f,0.010512951400174608f,-0.22574624590000364f,-0.974129411482331f,0.0009602243255789761f,0f,0f,0f,1f],start_interpolation:0}
execute if entity @s[tag=aj.lexiel.bone.rightfoot] run data modify entity @s {} merge value {transformation:[-0.974776525872679f,0.22201181946160514f,0.022835862736886092f,-0.15662476100320566f,0.22314301901104944f,0.9675455395524906f,0.11858676974567642f,0.3797071553325673f,0.004232927382404977f,0.12069126277998449f,-0.9926810673193822f,0.153105515250195f,0f,0f,0f,1f],start_interpolation:0}
execute if entity @s[tag=aj.lexiel.bone.leftupper] run data modify entity @s {} merge value {transformation:[-0.9990466999447866f,-0.04365392906886328f,0.0001606433389096882f,0.13536078870301074f,-0.04323569527278346f,0.9889534219944275f,-0.14178083008570241f,0.667029322912899f,0.006030421520150464f,-0.1416526159390022f,-0.9898980606173178f,0.0015944318988251188f,0f,0f,0f,1f],start_interpolation:0}
execute if entity @s[tag=aj.lexiel.bone.leftfoot] run data modify entity @s {} merge value {transformation:[-0.9961946980917455f,-0.08715574274765817f,1.2186995551291226e-16f,0.1540644740461292f,-0.0867324889000416f,0.9913568844761429f,-0.09843273322914266f,0.3944296196568406f,0.008578977975267901f,-0.09805816696155112f,-0.9951437067223208f,0.16185669632517147f,0f,0f,0f,1f],start_interpolation:0}
execute if entity @s[tag=aj.lexiel.bone.lower] run data modify entity @s {} merge value {transformation:[-1f,1.2054533168039487e-17f,1.2186995551291226e-16f,0f,0f,0.9951437067223208f,-0.09843273322914266f,0.625f,-1.2246467991473532e-16f,-0.09843273322914266f,-0.9951437067223208f,0f,0f,0f,0f,1f],start_interpolation:0}