execute if entity @s[tag=aj.lexiel.bone.backhair] run data modify entity @s {} merge value {transformation:[-0.9999996155179117f,-0.0004553252864057818f,0.0007494283903282087f,0.00020618137378102105f,-0.00046413324748568904f,0.9999303288854896f,-0.011794997044726974f,1.4812401374648632f,-0.0007440056164094631f,-0.01179534034439444f,-0.9999301557617926f,-0.26755267166263696f,0f,0f,0f,1f],start_interpolation:0}
execute if entity @s[tag=aj.lexiel.bone.head] run data modify entity @s {} merge value {transformation:[-0.9999996155179117f,-0.0004553252864057818f,0.0007494283903282087f,2.6091421296512143e-19f,-0.00046413324748568904f,0.9999303288854896f,-0.011794997044726974f,1.4999970949437045f,-0.0007440056164094631f,-0.01179534034439444f,-0.9999301557617926f,-0.002130526231291994f,0f,0f,0f,1f],start_interpolation:0}
execute if entity @s[tag=aj.lexiel.bone.ring] run data modify entity @s {} merge value {transformation:[-0.984807753012208f,0.17364817766693033f,1.2246422453324496e-16f,0f,0.17364753196103372f,0.9848040910320958f,-0.0027270735760537524f,0.9374991865842373f,-0.00047355135684549364f,-0.0026856432007324417f,-0.9999962815279418f,-0.0005965473447616665f,0f,0f,0f,1f],start_interpolation:0}
execute if entity @s[tag=aj.lexiel.bone.bust] run data modify entity @s {} merge value {transformation:[-1f,6.152133893751683e-17f,1.0589014440425395e-16f,0f,0f,0.8646586467051461f,-0.5023598557588227f,1.390818510064865f,-1.2246467991473532e-16f,-0.5023598557588227f,-0.8646586467051461f,0.0700424801759098f,0f,0f,0f,1f],start_interpolation:0}
execute if entity @s[tag=aj.lexiel.bone.left_wing] run data modify entity @s {} merge value {transformation:[-0.7921335633382839f,0.009080040642872255f,-0.6102802394760268f,0.125f,0.012906222397994382f,0.9999149535651876f,-0.0018748493651939387f,1.1559074889714678f,0.6102113136089876f,-0.00936154360415247f,-0.7921833842267465f,-0.12619262988051627f,0f,0f,0f,1f],start_interpolation:0}
execute if entity @s[tag=aj.lexiel.bone.right_wing] run data modify entity @s {} merge value {transformation:[-0.9534083890182093f,-0.011097384327505441f,0.30147850969976364f,-0.12499999999999994f,-0.01242134449837187f,0.999919789395024f,-0.002474869100225715f,1.1559074889714678f,-0.3014268633525479f,-0.006104329389713654f,-0.9534697599882999f,-0.12619262988051627f,0f,0f,0f,1f],start_interpolation:0}
execute if entity @s[tag=aj.lexiel.bone.body] run data modify entity @s {} merge value {transformation:[-1f,3.339701925953554e-19f,1.2246422453324496e-16f,0.49999999999999994f,0f,0.9999962815279418f,-0.0027270735760537524f,0.22011539602405594f,-1.2246467991473532e-16f,-0.0027270735760537524f,-0.9999962815279418f,0.5013616775519979f,0f,0f,0f,1f],start_interpolation:0}
execute if entity @s[tag=aj.lexiel.bone.sword] run data modify entity @s {} merge value {transformation:[-4.505624096166414e-8f,0.000004377886863881553f,0.000010701564502081167f,-1.0447391780524788f,0.000011489214486202785f,-0.000001185317477385885f,5.332721798777794e-7f,1.4082035830582607f,0.0000012989713912086141f,0.000010635813806891175f,-0.000004345520019510285f,-0.07617192294896358f,0f,0f,0f,1f],start_interpolation:0}
execute if entity @s[tag=aj.lexiel.bone.rod] run data modify entity @s {} merge value {transformation:[-1.8754276631515838e-7f,0.000006799241591947904f,0.000007330425736962936f,-1.0465134411551835f,0.000009998182603005616f,1.526444300140879e-7f,1.142117110523612e-7f,1.4085510788829831f,-3.4239564230455597e-8f,0.00000733123546561638f,-0.00000680086863569132f,0.03501748630242291f,0f,0f,0f,1f],start_interpolation:0}
execute if entity @s[tag=aj.lexiel.bone.right_hand] run data modify entity @s {} merge value {transformation:[-0.018754276631515836f,0.9991183584182866f,0.03756039109989065f,-0.6252897994999391f,0.9998182603005614f,0.018869578694936006f,-0.0027176036197273778f,1.4319137345570578f,-0.0034239564230455592f,0.0375025981956422f,-0.9992906642468894f,-0.01356226376771416f,0f,0f,0f,1f],start_interpolation:0}
execute if entity @s[tag=aj.lexiel.bone.right_arm] run data modify entity @s {} merge value {transformation:[-0.0177238156155326f,0.9991549768382518f,0.03708367052192561f,-0.3125f,0.9998358025688361f,0.01785144903577046f,-0.003113465730368751f,1.40624744355046f,-0.0037728320340947264f,0.03702239898595746f,-0.9993073139489008f,-0.001874863083536993f,0f,0f,0f,1f],start_interpolation:0}
execute if entity @s[tag=aj.lexiel.bone.left_hand] run data modify entity @s {} merge value {transformation:[-0.004244006736190187f,-0.999738161340276f,-0.022485487915268963f,0.5931246971579667f,-0.9999807883136217f,0.004344479390141377f,-0.004421368848721387f,1.4048897937410407f,0.004517898902253054f,0.022466291611949917f,-0.9997373926840567f,-0.008895579212271269f,0f,0f,0f,1f],start_interpolation:0}
execute if entity @s[tag=aj.lexiel.bone.left_arm] run data modify entity @s {} merge value {transformation:[-0.004244006736190187f,-0.999738161340276f,-0.022485487915268963f,0.28070652173913047f,-0.9999807883136217f,0.004344479390141377f,-0.004421368848721387f,1.40624744355046f,0.004517898902253054f,0.022466291611949917f,-0.9997373926840567f,-0.0018748630835369203f,0f,0f,0f,1f],start_interpolation:0}
execute if entity @s[tag=aj.lexiel.bone.skirt_right] run data modify entity @s {} merge value {transformation:[-0.984807753012208f,0.17364817766693033f,1.2194187046006533e-16f,-0.21875f,0.17290686262708627f,0.9806035465041312f,-0.09230331218313993f,0.6927749598914408f,-0.01602830195322414f,-0.09090101746666238f,-0.9957309368298355f,0.08786926616692313f,0f,0f,0f,1f],start_interpolation:0}
execute if entity @s[tag=aj.lexiel.bone.skirt_left] run data modify entity @s {} merge value {transformation:[-1f,5.974107094071427e-18f,1.2231887781960373e-16f,0.21875f,0f,0.9988094355431042f,-0.04878228643745148f,0.6927749598914408f,-1.2246467991473532e-16f,-0.04878228643745148f,-0.9988094355431042f,0.08786926616692319f,0f,0f,0f,1f],start_interpolation:0}
execute if entity @s[tag=aj.lexiel.bone.skirt_back_middle] run data modify entity @s {} merge value {transformation:[-1f,-1.0042819578708651e-17f,1.2205220031416098e-16f,2.4241762985267078e-17f,0f,0.9966318484573552f,0.08200584516042386f,0.7290478368917974f,-1.2246467991473532e-16f,0.08200584516042386f,-0.9966318484573552f,-0.19794901682791433f,0f,0f,0f,1f],start_interpolation:0}
execute if entity @s[tag=aj.lexiel.bone.skirt_front_middle] run data modify entity @s {} merge value {transformation:[-1f,1.6612166461373854e-17f,1.2133273981938338e-16f,-2.1486438437257418e-17f,0f,0.9907570076846645f,-0.1356486333279105f,0.7636615789604748f,-1.2246467991473532e-16f,-0.1356486333279105f,-0.9907570076846645f,0.17545008448327398f,0f,0f,0f,1f],start_interpolation:0}
execute if entity @s[tag=aj.lexiel.bone.skirt] run data modify entity @s {} merge value {transformation:[-1f,1.130389558157812e-17f,1.2194187046006533e-16f,-1.0548933513320335e-17f,0f,0.9957309368298355f,-0.09230331218313993f,0.7114449149570002f,-1.2246467991473532e-16f,-0.09230331218313993f,-0.9957309368298355f,0.08613857906348928f,0f,0f,0f,1f],start_interpolation:0}
execute if entity @s[tag=aj.lexiel.bone.rightupper] run data modify entity @s {} merge value {transformation:[-0.9834611064978367f,0.17382151174454893f,-0.050895324548434796f,-0.13490223095482354f,0.18074591458806893f,0.959925300259097f,-0.21418294115593156f,0.6681163821404098f,0.011626107077322654f,-0.21983971428593696f,-0.9754667260634288f,0.001225734850409388f,0f,0f,0f,1f],start_interpolation:0}
execute if entity @s[tag=aj.lexiel.bone.rightfoot] run data modify entity @s {} merge value {transformation:[-0.974776525872679f,0.22201181946160514f,0.022835862736886092f,-0.15662476100320566f,0.22311272474703644f,0.9667840461668625f,0.12469691308602168f,0.3787690647330681f,0.005606840780995485f,0.12664659528221558f,-0.9919320557577919f,0.1515922325273988f,0f,0f,0f,1f],start_interpolation:0}
execute if entity @s[tag=aj.lexiel.bone.leftupper] run data modify entity @s {} merge value {transformation:[-0.9990466999447866f,-0.04365392906886328f,0.0001606433389096883f,0.13536078870301074f,-0.04327200770372056f,0.9898068940416891f,-0.1356828871185818f,0.6670187085029775f,0.0057640852457984705f,-0.13556049197459902f,-0.9907523042299139f,0.0018531954399169936f,0f,0f,0f,1f],start_interpolation:0}
execute if entity @s[tag=aj.lexiel.bone.leftfoot] run data modify entity @s {} merge value {transformation:[-0.9961946980917455f,-0.08715574274765817f,1.2194187046006533e-16f,0.1540644740461292f,-0.08678366937622582f,0.991941879995809f,-0.09230331218313993f,0.393437364933806f,0.008044763731390406f,-0.09195207021315124f,-0.9957309368298355f,0.16043390065098037f,0f,0f,0f,1f],start_interpolation:0}
execute if entity @s[tag=aj.lexiel.bone.lower] run data modify entity @s {} merge value {transformation:[-1f,1.130389558157812e-17f,1.2194187046006533e-16f,0f,0f,0.9957309368298355f,-0.09230331218313993f,0.625f,-1.2246467991473532e-16f,-0.09230331218313993f,-0.9957309368298355f,0f,0f,0f,0f,1f],start_interpolation:0}