execute if entity @s[tag=aj.lexiel.bone.backhair] run data modify entity @s {} merge value {transformation:[-0.9999383596176479f,-0.008499962359284473f,-0.007143360907737493f,-0.0016771314223961561f,-0.009175561566431203f,0.9948863808492068f,0.1005827931144676f,1.494794117378558f,0.006251882525133985f,0.10064213750044218f,-0.9949030476002343f,-0.16410118476982433f,0f,0f,0f,1f],start_interpolation:0}
execute if entity @s[tag=aj.lexiel.bone.head] run data modify entity @s {} merge value {transformation:[-0.9999383596176479f,-0.008754616434188595f,-0.006828883968678929f,-1.2488162773998306e-17f,-0.009175561566431203f,0.9978908126464047f,0.06426301506962351f,1.4933162979482892f,0.006251882525133985f,0.06432171271808816f,-0.9979096307972499f,0.10197358767191529f,0f,0f,0f,1f],start_interpolation:0}
execute if entity @s[tag=aj.lexiel.bone.left_wing] run data modify entity @s {} merge value {transformation:[-0.78316985908476f,-0.010046427970073364f,-0.6217266610868472f,0.125f,-0.09202528649150371f,0.9907314904721869f,0.09991226367626571f,1.1688229008785485f,0.6149604202445178f,0.13546284757010352f,-0.776835567196099f,-0.06682539857545372f,0f,0f,0f,1f],start_interpolation:0}
execute if entity @s[tag=aj.lexiel.bone.right_wing] run data modify entity @s {} merge value {transformation:[-0.9514668885712115f,0.01310754981120478f,0.3074718720315153f,-0.12499999999999994f,0.05342552081721877f,0.9909576519409335f,0.12307983500606658f,1.1688229008785485f,-0.3030783292781367f,0.1335332325590092f,-0.9435636714733748f,-0.06682539857545378f,0f,0f,0f,1f],start_interpolation:0}
execute if entity @s[tag=aj.lexiel.bone.sword] run data modify entity @s {} merge value {transformation:[3.2233296792441816e-7f,0.000002225975703858662f,0.000011341628625273359f,-1.0222183028284175f,0.00001120949096162222f,-0.000002825427855648469f,2.3595775858273802e-7f,1.4638474450162697f,0.000002816881269968391f,0.000010988785003282057f,-0.0000022367812393134557f,-0.08177832039505817f,0f,0f,0f,1f],start_interpolation:0}
execute if entity @s[tag=aj.lexiel.bone.rod] run data modify entity @s {} merge value {transformation:[3.5449146555776014e-7f,0.000005294332230126346f,0.000008476106537667643f,-1.0448911874639941f,0.000009910114117806372f,-0.0000012809786551683396f,3.8565769415108026e-7f,1.4505930372576787f,0.000001289951151362534f,0.000008386247070176774f,-0.000005292153257895122f,0.026280064147044667f,0f,0f,0f,1f],start_interpolation:0}
execute if entity @s[tag=aj.lexiel.bone.right_hand] run data modify entity @s {} merge value {transformation:[0.03544914655577601f,0.9737170632621254f,0.22498541890675822f,-0.6214237153610287f,0.9910114117806372f,-0.06330875228737606f,0.11784898643757534f,1.447099447214844f,0.1289951151362534f,0.21878547162916923f,-0.9672089627763933f,0.057875269252644995f,0f,0f,0f,1f],start_interpolation:0}
execute if entity @s[tag=aj.lexiel.bone.right_arm] run data modify entity @s {} merge value {transformation:[0.03544914655577601f,0.9921008038108695f,0.12033018360450441f,-0.3125f,0.9910114117806372f,-0.05043839488705356f,0.12390460056739544f,1.4003683421944948f,0.1289951151362534f,0.11485627278927468f,-0.984971216265704f,0.08973675715128542f,0f,0f,0f,1f],start_interpolation:0}
execute if entity @s[tag=aj.lexiel.bone.left_hand] run data modify entity @s {} merge value {transformation:[0.002205778307853084f,-0.9954907083635672f,-0.09483345456040264f,0.589460411581006f,-0.9916467450865692f,-0.014407717898551147f,0.12817624828402738f,1.404870754037792f,-0.12896459786030223f,0.09375855815209146f,-0.9872069009442607f,0.06043720772875691f,0f,0f,0f,1f],start_interpolation:0}
execute if entity @s[tag=aj.lexiel.bone.left_arm] run data modify entity @s {} merge value {transformation:[0.002205778307853084f,-0.9954907083635672f,-0.09483345456040264f,0.2783695652173913f,-0.9916467450865692f,-0.014407717898551147f,0.12817624828402738f,1.4003683421944948f,-0.12896459786030223f,0.09375855815209146f,-0.9872069009442607f,0.08973675715128548f,0f,0f,0f,1f],start_interpolation:0}
execute if entity @s[tag=aj.lexiel.bone.skirt_right] run data modify entity @s {} merge value {transformation:[-0.984807753012208f,0.17301037250274903f,-0.014869452360655983f,-0.21875000000000003f,0.16388728011847287f,0.9543418383504368f,0.24974510003056685f,0.6500486238595172f,0.05739903328815737f,0.24351399668267254f,-0.9681974408131929f,0.1081065195432006f,0f,0f,0f,1f],start_interpolation:0}
execute if entity @s[tag=aj.lexiel.bone.skirt_left] run data modify entity @s {} merge value {transformation:[-1f,-4.548347499931944e-17f,1.137051068712609e-16f,0.21874999999999997f,0f,0.9284726579976106f,0.37140075841448167f,0.6500486238595172f,-1.2246467991473532e-16f,0.37140075841448167f,-0.9284726579976106f,0.10810651954320065f,0f,0f,0f,1f],start_interpolation:0}
execute if entity @s[tag=aj.lexiel.bone.skirt_back_middle] run data modify entity @s {} merge value {transformation:[-1f,-5.993585220137913e-17f,1.0679555911887446e-16f,1.6737855301765523e-17f,0f,0.8720519189143325f,0.48941337406923213f,0.8020020360646826f,-1.2246467991473532e-16f,0.48941337406923213f,-0.8720519189143325f,-0.13667496059614145f,0f,0f,0f,1f],start_interpolation:0}
execute if entity @s[tag=aj.lexiel.bone.skirt_front_middle] run data modify entity @s {} merge value {transformation:[-1f,-3.540034360154389e-17f,1.1723657065741563e-16f,-2.660496199294391e-17f,0f,0.9573092481770278f,0.2890657422710858f,0.678046589066875f,-1.2246467991473532e-16f,0.2890657422710858f,-0.9573092481770278f,0.21724600114471634f,0f,0f,0f,1f],start_interpolation:0}
execute if entity @s[tag=aj.lexiel.bone.skirt] run data modify entity @s {} merge value {transformation:[-1f,-4.0480437707398516e-17f,1.1558084611922515e-16f,-1.3998238519567868e-17f,0f,0.9437892313089541f,0.3305478586608202f,0.6677446719465602f,-1.2246467991473532e-16f,0.3305478586608202f,-0.9437892313089541f,0.11430429189309102f,0f,0f,0f,1f],start_interpolation:0}
execute if entity @s[tag=aj.lexiel.bone.rightupper] run data modify entity @s {} merge value {transformation:[-0.9825143064534441f,0.17317759079979092f,-0.06837513918880257f,-0.13549871255931592f,0.1630754857332815f,0.9776347532575607f,0.13280314445028385f,0.6612374895977826f,0.08984444093633313f,0.11933068032911243f,-0.9887811512994314f,0.017531786404052806f,0f,0f,0f,1f],start_interpolation:0}
execute if entity @s[tag=aj.lexiel.bone.rightfoot] run data modify entity @s {} merge value {transformation:[-0.9737949321855641f,0.22734391000989312f,0.006178724069424317f,-0.15558501998766566f,0.2049648886273963f,0.8655166935450463f,0.4570232462630423f,0.3378272246280025f,0.09855366294395897f,0.4463133425926947f,-0.8894332890914666f,0.06003076041804964f,0f,0f,0f,1f],start_interpolation:0}
execute if entity @s[tag=aj.lexiel.bone.leftupper] run data modify entity @s {} merge value {transformation:[-0.9987498580023334f,-0.04998573770808058f,-0.00038362233752010845f,0.13526621600792274f,-0.04793373800037819f,0.9555160170009854f,0.2910180372689702f,0.6625594382126268f,-0.014180193991267343f,0.29067261185111953f,-0.956717489553744f,0.019233437474357084f,0f,0f,0f,1f],start_interpolation:0}
execute if entity @s[tag=aj.lexiel.bone.leftfoot] run data modify entity @s {} merge value {transformation:[-0.9956246776316211f,-0.09343890060348363f,-0.0008204541076891051f,0.155889341064704f,-0.08839406112061061f,0.9389505270343992f,0.33250322966917156f,0.3478564094597667f,-0.03029837041057279f,0.33112094412138354f,-0.9431017596816513f,0.04891693232308619f,0f,0f,0f,1f],start_interpolation:0}
execute if entity @s[tag=aj.lexiel.bone.lower] run data modify entity @s {} merge value {transformation:[-1f,-4.0480437707398516e-17f,1.1558084611922515e-16f,0f,0f,0.9437892313089541f,0.3305478586608202f,0.625f,-1.2246467991473532e-16f,0.3305478586608202f,-0.9437892313089541f,0f,0f,0f,0f,1f],start_interpolation:0}