execute if entity @s[tag=aj.lexiel.bone.backhair] run data modify entity @s {} merge value {transformation:[-1f,7.849225773263011e-17f,9.400299624295465e-17f,1.1201037367971138e-17f,0f,0.7675927157806086f,-0.6409379242021411f,1.3106063947015683f,-1.2246467991473532e-16f,-0.6409379242021411f,-0.7675927157806086f,-0.09146341113021104f,0f,0f,0f,1f],start_interpolation:0}
execute if entity @s[tag=aj.lexiel.bone.head] run data modify entity @s {} merge value {transformation:[-1f,7.871877887341986e-17f,9.381338752702731e-17f,-1.2488162773998306e-17f,0f,0.7660444431189779f,-0.6427876096865394f,1.4933162979482892f,-1.2246467991473532e-16f,-0.6427876096865394f,-0.7660444431189779f,0.10197358767191529f,0f,0f,0f,1f],start_interpolation:0}
execute if entity @s[tag=aj.lexiel.bone.left_wing] run data modify entity @s {} merge value {transformation:[-0.7911849313886024f,0.010442090694261216f,-0.6114878306929301f,0.125f,-0.06689735046515873f,0.9923769079989999f,0.10350273895451328f,1.1688229008785485f,0.6079071876893335f,0.12279672313330359f,-0.7844551076660591f,-0.06682539857545372f,0f,0f,0f,1f],start_interpolation:0}
execute if entity @s[tag=aj.lexiel.bone.right_wing] run data modify entity @s {} merge value {transformation:[-0.9531906465211614f,-0.012723702910320054f,0.3021021330093854f,-0.12499999999999994f,0.026224899237920374f,0.9918705351859957f,0.1245194606871039f,1.1688229008785485f,-0.3012305529731859f,0.12661338323453886f,-0.9451080388724732f,-0.06682539857545378f,0f,0f,0f,1f],start_interpolation:0}
execute if entity @s[tag=aj.lexiel.bone.sword] run data modify entity @s {} merge value {transformation:[9.51654346074136e-7f,0.000005717206818740905f,-0.000010004964090257428f,-0.25804671201991036f,0.000011510098189397548f,8.251586344548267e-9f,0.0000010995352799024033f,1.33208410923413f,5.508175070070538e-7f,-0.000010050118623830528f,-0.000005690617011441663f,0.7281147751120766f,0f,0f,0f,1f],start_interpolation:0}
execute if entity @s[tag=aj.lexiel.bone.rod] run data modify entity @s {} merge value {transformation:[-2.3802945327574917e-21f,0.0000016105370248125347f,-0.00000986945644357925f,-0.16920074103609484f,0.000009914448613738104f,0.0000012882225688620533f,2.1021726527818856e-7f,1.3408135180326617f,0.0000013052619222005155f,-0.000009785021875539288f,-0.0000015967586573026541f,0.6618083323289711f,0f,0f,0f,1f],start_interpolation:0}
execute if entity @s[tag=aj.lexiel.bone.right_hand] run data modify entity @s {} merge value {transformation:[-2.3802945327574914e-16f,-0.5839937926283203f,-0.8117581229477102f,-0.4663679312718091f,0.9914448613738103f,0.10595569679206104f,-0.07622648603192136f,1.3958486113099928f,0.13052619222005155f,-0.8048134196749572f,0.5789976447755507f,0.3634830708412884f,0f,0f,0f,1f],start_interpolation:0}
execute if entity @s[tag=aj.lexiel.bone.right_arm] run data modify entity @s {} merge value {transformation:[-2.3802945327574914e-16f,0.49237738006978904f,-0.8703818217286079f,-0.3125f,0.9914448613738103f,0.11360762496778719f,0.0642681445557945f,1.4003683421944948f,0.13052619222005155f,-0.8629355845860043f,-0.48816502332689204f,0.08973675715128542f,0f,0f,0f,1f],start_interpolation:0}
execute if entity @s[tag=aj.lexiel.bone.left_hand] run data modify entity @s {} merge value {transformation:[-0.01703327712312162f,-0.6950952382540013f,0.7187158529120252f,0.4965650880413319f,-0.9913010257374328f,0.10556501772166514f,0.07860218448197127f,1.3673792741564745f,-0.1305072558992804f,-0.7111249094146803f,-0.6908467408677572f,0.3119632913433731f,0f,0f,0f,1f],start_interpolation:0}
execute if entity @s[tag=aj.lexiel.bone.left_arm] run data modify entity @s {} merge value {transformation:[-0.01703327712312162f,-0.6950952382540013f,0.7187158529120252f,0.2793478260869565f,-0.9913010257374328f,0.10556501772166514f,0.07860218448197127f,1.4003683421944948f,-0.1305072558992804f,-0.7111249094146803f,-0.6908467408677572f,0.08973675715128548f,0f,0f,0f,1f],start_interpolation:0}
execute if entity @s[tag=aj.lexiel.bone.skirt_right] run data modify entity @s {} merge value {transformation:[-0.984807753012208f,0.159822596323925f,-0.06790012747650427f,-0.21875f,0.14229483876312435f,0.5186247613886034f,-0.8430780128410362f,0.7273882185609063f,-0.09952822950511205f,-0.8399316011312432f,-0.5334876164942199f,0.042791422328827516f,0f,0f,0f,1f],start_interpolation:0}
execute if entity @s[tag=aj.lexiel.bone.skirt_left] run data modify entity @s {} merge value {transformation:[-1f,6.57477465954562e-17f,1.0331907686501199e-16f,0.21875f,0f,0.8436642870168505f,-0.5368710932918156f,0.7273882185609063f,-1.2246467991473532e-16f,-0.5368710932918156f,-0.8436642870168505f,0.042791422328827565f,0f,0f,0f,1f],start_interpolation:0}
execute if entity @s[tag=aj.lexiel.bone.skirt_back_middle] run data modify entity @s {} merge value {transformation:[-1f,5.169941982209165e-17f,1.1101697084985561e-16f,2.737079779963316e-17f,0f,0.9065223616078527f,-0.4221577997679559f,0.6174021111210085f,-1.2246467991473532e-16f,-0.4221577997679559f,-0.9065223616078527f,-0.22349952507686116f,0f,0f,0f,1f],start_interpolation:0}
execute if entity @s[tag=aj.lexiel.bone.skirt_front_middle] run data modify entity @s {} merge value {transformation:[-1f,7.450240745404557e-17f,9.719562289614666e-17f,-1.0261526039238462e-17f,0f,0.7936624907999437f,-0.6083583242606526f,0.8323371974886025f,-1.2246467991473532e-16f,-0.6083583242606526f,-0.7936624907999437f,0.08379171893792511f,0f,0f,0f,1f],start_interpolation:0}
execute if entity @s[tag=aj.lexiel.bone.skirt] run data modify entity @s {} merge value {transformation:[-1f,7.019188414520904e-17f,1.0035286357032433e-16f,-3.92434001087345e-18f,0f,0.8194433173727633f,-0.573160230313584f,0.7427527807616456f,-1.2246467991473532e-16f,-0.573160230313584f,-0.8194433173727633f,0.032044668010447815f,0f,0f,0f,1f],start_interpolation:0}
execute if entity @s[tag=aj.lexiel.bone.rightupper] run data modify entity @s {} merge value {transformation:[-0.9819217414119996f,0.13130255730612414f,-0.13634270126155748f,-0.13840999736242934f,0.17692789786636565f,0.3806441063944745f,-0.9076379141616666f,0.6501754696946423f,-0.06727713355230885f,-0.9153522287688078f,-0.39699380925772737f,-0.01190684801870465f,0f,0f,0f,1f],start_interpolation:0}
execute if entity @s[tag=aj.lexiel.bone.rightfoot] run data modify entity @s {} merge value {transformation:[-0.9747768533836954f,0.21124575240524707f,-0.07200915357177072f,-0.13965837828827654f,0.1966259717875763f,0.6602195941852258f,-0.7248781378083401f,0.6011442093209148f,-0.10558557347466109f,-0.7207533000580966f,-0.6851031799148142f,0.311200253539586f,0f,0f,0f,1f],start_interpolation:0}
execute if entity @s[tag=aj.lexiel.bone.leftupper] run data modify entity @s {} merge value {transformation:[-0.9990283011598667f,-0.044073095506444844f,0.0001254356827315491f,0.13535456990289357f,-0.035058149654098356f,0.7929505223382531f,-0.6082765779366508f,0.6624333941037989f,0.026709167423593607f,-0.6076899138343266f,-0.7937251344133983f,-0.019196816919643266f,0f,0f,0f,1f],start_interpolation:0}
execute if entity @s[tag=aj.lexiel.bone.leftfoot] run data modify entity @s {} merge value {transformation:[-0.9961582106660061f,-0.0875717789103613f,-0.000053489960002288224f,0.15418523107107338f,-0.07173647503966778f,0.8163763691389654f,-0.5730475565434012f,0.5032101270300878f,0.05022646186607355f,-0.570842191371621f,-0.8195221138434652f,0.25400233549871354f,0f,0f,0f,1f],start_interpolation:0}
execute if entity @s[tag=aj.lexiel.bone.lower] run data modify entity @s {} merge value {transformation:[-1f,7.019188414520904e-17f,1.0035286357032433e-16f,0f,0f,0.8194433173727633f,-0.573160230313584f,0.625f,-1.2246467991473532e-16f,-0.573160230313584f,-0.8194433173727633f,0f,0f,0f,0f,1f],start_interpolation:0}