execute if entity @s[tag=aj.lexiel.bone.backhair] run data modify entity @s {} merge value {transformation:[-0.9603989850384499f,-0.007829733536656856f,0.2785183742769232f,-0.051101996485296716f,0.09513528636524116f,0.9303169933780724f,0.3542027231970234f,1.4997101730972289f,-0.26188368949844676f,0.36667286115109277f,-0.8927306122621496f,0.07760335405894314f,0f,0f,0f,1f],start_interpolation:0}
execute if entity @s[tag=aj.lexiel.bone.head] run data modify entity @s {} merge value {transformation:[-0.9603989850384499f,-0.007829733536656856f,0.2785183742769232f,-0.12520577923911472f,0.09513528636524116f,0.9303169933780724f,0.3542027231970234f,1.4201612777695518f,-0.26188368949844676f,0.36667286115109277f,-0.8927306122621496f,0.32046418639656243f,0f,0f,0f,1f],start_interpolation:0}
execute if entity @s[tag=aj.lexiel.bone.ring] run data modify entity @s {} merge value {transformation:[-0.8787868849687186f,-0.007781880544918435f,0.47715097520822564f,-0.03505761818695219f,0.22806654225249928f,0.8714422621787007f,0.434251120889581f,0.9151451577754744f,-0.41918881558548887f,0.4904363628688774f,-0.7640372444220123f,0.08972997219103751f,0f,0f,0f,1f],start_interpolation:0}
execute if entity @s[tag=aj.lexiel.bone.bust] run data modify entity @s {} merge value {transformation:[-0.8640848281871947f,0.09978331413633726f,0.4933565646838757f,-0.14197219648872994f,0.07327733824366894f,0.9946487413079395f,-0.07283071546026859f,1.290751899567876f,-0.49798377623837214f,-0.02678006039016173f,-0.866772742400723f,0.3305143772438759f,0f,0f,0f,1f],start_interpolation:0}
execute if entity @s[tag=aj.lexiel.bone.left_wing] run data modify entity @s {} merge value {transformation:[-0.9760002568954996f,-0.16023472092418056f,-0.14747315942322725f,0.0975392390505232f,-0.20619451929447846f,0.8978124822604127f,0.38912281725737324f,1.156662038381688f,0.07005225730008724f,0.4101921268232072f,-0.9093047345853953f,0.14620326085911994f,0f,0f,0f,1f],start_interpolation:0}
execute if entity @s[tag=aj.lexiel.bone.right_wing] run data modify entity @s {} merge value {transformation:[-0.6806025627179995f,-0.16029344465546633f,0.714902904751531f,-0.11848196799627542f,0.20042842774530797f,0.8978152609608548f,0.39211758764092164f,1.1749813729426053f,-0.7047046168241238f,0.4101631002251141f,-0.5789280043671128f,0.02170731679952692f,0f,0f,0f,1f],start_interpolation:0}
execute if entity @s[tag=aj.lexiel.bone.body] run data modify entity @s {} merge value {transformation:[-0.8640848281871947f,-0.16026339742606685f,0.47715097520822564f,0.2735986252025179f,0.07327733824366894f,0.8978064355450263f,0.434251120889581f,0.016082552660861893f,-0.49798377623837214f,0.41019415858759994f,-0.7640372444220123f,0.42591343103639223f,0f,0f,0f,1f],start_interpolation:0}
execute if entity @s[tag=aj.lexiel.bone.sword] run data modify entity @s {} merge value {transformation:[0.0000025861767165252177f,0.000007835878987661932f,-0.000008099512129234762f,-0.22186079165601674f,0.0000042747137697069415f,0.000007006931888091648f,0.000008143778849693931f,0.6530765318399796f,0.000010427363925172108f,-0.0000048159435478795425f,-0.0000013297276283723265f,0.2632568331658006f,0f,0f,0f,1f],start_interpolation:0}
execute if entity @s[tag=aj.lexiel.bone.rod] run data modify entity @s {} merge value {transformation:[0.000001247042519545431f,0.0000040312050559124364f,-0.000009066105600070618f,-0.11975232391734192f,0.000003199906852902635f,0.000008485786218009497f,0.000004213315605907877f,0.6888229531182486f,0.000009391777312478854f,-0.0000034264877147636377f,-2.3173444582394828e-7f,0.2375195513661495f,0f,0f,0f,1f],start_interpolation:0}
execute if entity @s[tag=aj.lexiel.bone.right_hand] run data modify entity @s {} merge value {transformation:[0.12470425195454309f,-0.35602123173740885f,-0.9261197180152445f,-0.32669688307648176f,0.3199906852902635f,0.8979621014670427f,-0.30210929422372945f,1.051065521020786f,0.9391777312478853f,-0.2586753696838385f,0.2259031700685144f,0.15821360253421782f,0f,0f,0f,1f],start_interpolation:0}
execute if entity @s[tag=aj.lexiel.bone.right_arm] run data modify entity @s {} merge value {transformation:[0.2886906579904055f,-0.1423652108807595f,-0.9467786703976508f,-0.3802075945389193f,0.04752850854526519f,0.9897946800307379f,-0.13434110412793085f,1.3588910926383522f,0.9562419907452973f,-0.006215956380619614f,0.29251088359537136f,0.12638855395448365f,0f,0f,0f,1f],start_interpolation:0}
execute if entity @s[tag=aj.lexiel.bone.left_hand] run data modify entity @s {} merge value {transformation:[-0.8335594915287443f,0.13110291417699896f,0.536647556573809f,0.09741211682580762f,0.2666888012852084f,0.9462349493237862f,0.18307513197392658f,1.0192145248652877f,-0.4837929901842314f,0.29572190749504923f,-0.8237068022519236f,0.33284552869764994f,0f,0f,0f,1f],start_interpolation:0}
execute if entity @s[tag=aj.lexiel.bone.left_arm] run data modify entity @s {} merge value {transformation:[-0.8335594915287443f,0.13110291417699896f,0.536647556573809f,0.1383817775061198f,0.2666888012852084f,0.9462349493237862f,0.18307513197392658f,1.3149129465289708f,-0.4837929901842314f,0.29572190749504923f,-0.8237068022519236f,0.4252586247898528f,0f,0f,0f,1f],start_interpolation:0}
execute if entity @s[tag=aj.lexiel.bone.skirt_right] run data modify entity @s {} merge value {transformation:[-0.984807753012208f,0.17364817766693036f,1.187784192089605e-16f,-0.21875f,0.16842126281761477f,0.9551644458545948f,-0.24350597447743397f,0.7054164618069759f,-0.04228436871901657f,-0.2398065715701698f,-0.9698993970478563f,0.07646990123863888f,0f,0f,0f,1f],start_interpolation:0}
execute if entity @s[tag=aj.lexiel.bone.skirt_left] run data modify entity @s {} merge value {transformation:[-1f,2.461145647242995e-17f,1.199661370426016e-16f,0.21875f,0f,0.9795978491604819f,-0.2009677932410014f,0.7054164618069759f,-1.2246467991473532e-16f,-0.2009677932410014f,-0.9795978491604819f,0.07646990123863893f,0f,0f,0f,1f],start_interpolation:0}
execute if entity @s[tag=aj.lexiel.bone.skirt_back_middle] run data modify entity @s {} merge value {transformation:[-1f,8.74217898699621e-18f,1.2215224980808948e-16f,2.5905373500575345e-17f,0f,0.9974488145736112f,-0.07138530875255505f,0.6975491188006886f,-1.2246467991473532e-16f,-0.07138530875255505f,-0.9974488145736112f,-0.21153342758591034f,0f,0f,0f,1f],start_interpolation:0}
execute if entity @s[tag=aj.lexiel.bone.skirt_front_middle] run data modify entity @s {} merge value {transformation:[-1f,3.4973540228665775e-17f,1.1736459990343116e-16f,-1.863653370278484e-17f,0f,0.9583546863074722f,-0.28558062825147396f,0.7888638592297263f,-1.2246467991473532e-16f,-0.28558062825147396f,-0.9583546863074722f,0.15217884630703582f,0f,0f,0f,1f],start_interpolation:0}
execute if entity @s[tag=aj.lexiel.bone.skirt] run data modify entity @s {} merge value {transformation:[-1f,2.982088122170466e-17f,1.187784192089605e-16f,-8.805720455394371e-18f,0f,0.9698993970478563f,-0.24350597447743397f,0.7236020755016233f,-1.2246467991473532e-16f,-0.24350597447743397f,-0.9698993970478563f,0.07190416421718701f,0f,0f,0f,1f],start_interpolation:0}
execute if entity @s[tag=aj.lexiel.bone.rightupper] run data modify entity @s {} merge value {transformation:[-0.9834611072249407f,0.1738215091961601f,-0.050895319201896376f,-0.13490223081605562f,0.18039759319212187f,0.915009403938579f,-0.36085246164389106f,0.6677965948376761f,-0.016154223793899684f,-0.36406575456191337f,-0.9312331434226776f,-0.005382969995020526f,0f,0f,0f,1f],start_interpolation:0}
execute if entity @s[tag=aj.lexiel.bone.rightfoot] run data modify entity @s {} merge value {transformation:[-0.9747765267294358f,0.2220118152718135f,0.022835866898622853f,-0.15662476048849658f,0.2213453727776523f,0.9747795893735399f,-0.028477677058965534f,0.4048506527173901f,-0.0285823177370138f,-0.022704757661484387f,-0.9993335504686679f,0.18746771124120704f,0f,0f,0f,1f],start_interpolation:0}
execute if entity @s[tag=aj.lexiel.bone.leftupper] run data modify entity @s {} merge value {transformation:[-0.9990466999447866f,-0.04365392906886326f,0.00016064333890968469f,0.13536078870301074f,-0.04188135518437275f,0.9574292309916577f,-0.28561375970118025f,0.6668077991179288f,0.012314358178650448f,-0.2853482120490222f,-0.9583447993614167f,-0.004595011481121819f,0f,0f,0f,1f],start_interpolation:0}
execute if entity @s[tag=aj.lexiel.bone.leftfoot] run data modify entity @s {} merge value {transformation:[-0.9961946980917455f,-0.08715574274765815f,1.187784192089605e-16f,0.1540644740461292f,-0.08453230234021175f,0.9662086370214553f,-0.24350597447743397f,0.42069864527149314f,0.021222944069072932f,-0.24257936072808362f,-0.9698993970478563f,0.19396197280133237f,0f,0f,0f,1f],start_interpolation:0}
execute if entity @s[tag=aj.lexiel.bone.lower] run data modify entity @s {} merge value {transformation:[-1f,2.982088122170466e-17f,1.187784192089605e-16f,0f,0f,0.9698993970478563f,-0.24350597447743397f,0.625f,-1.2246467991473532e-16f,-0.24350597447743397f,-0.9698993970478563f,0f,0f,0f,0f,1f],start_interpolation:0}
execute if entity @s[tag=aj.lexiel.bone.sucidesword] run data modify entity @s {} merge value {transformation:[0.00001018020261305531f,5.435236896980994e-7f,0.000005455223460673151f,0.0468749999999992f,-0.000002302305043709952f,0.00001086563605386837f,0.0000032138374073035397f,2.597188705752212f,-0.000004975366568691145f,-0.000003915857683013108f,0.000009674874281536565f,6.543531172566371f,0f,0f,0f,1f],start_interpolation:0}