execute if entity @s[tag=aj.lexiel.bone.backhair] run data modify entity @s {} merge value {transformation:[-0.9999642238347537f,-0.0039050786286142663f,-0.007503426648073752f,-0.0018738775335684508f,-0.006990391893611578f,0.8809839237318543f,0.4730945577230835f,1.5933897603250522f,0.004762926803176038f,0.47313008410682433f,-0.880979703535409f,-0.14456762989812066f,0f,0f,0f,1f],start_interpolation:0}
execute if entity @s[tag=aj.lexiel.bone.head] run data modify entity @s {} merge value {transformation:[-0.9999642238347537f,-0.004264018550943356f,-0.007305422394077847f,-1.2488162773998306e-17f,-0.006990391893611578f,0.9028698523875509f,0.42985714379413964f,1.4933162979482892f,0.004762926803176038f,0.42989283291941394f,-0.9028673583272288f,0.10197358767191529f,0f,0f,0f,1f],start_interpolation:0}
execute if entity @s[tag=aj.lexiel.bone.left_wing] run data modify entity @s {} merge value {transformation:[-0.7813121605088797f,-0.030904756360355837f,-0.6233748502107328f,0.125f,-0.11730610355112608f,0.9882453345730053f,0.09803283513364855f,1.1688229008785485f,0.6130176065257823f,0.14971992094906972f,-0.7757534140178858f,-0.06682539857545372f,0f,0f,0f,1f],start_interpolation:0}
execute if entity @s[tag=aj.lexiel.bone.right_wing] run data modify entity @s {} merge value {transformation:[-0.9504567733229212f,0.03909790200641744f,0.3083881906028145f,-0.12499999999999994f,0.08035856820687487f,0.9892409826391034f,0.12224883959760918f,1.1688229008785485f,-0.30029056355523787f,0.14097387107516599f,-0.9433726438230865f,-0.06682539857545378f,0f,0f,0f,1f],start_interpolation:0}
execute if entity @s[tag=aj.lexiel.bone.sword] run data modify entity @s {} merge value {transformation:[0.0000010184854792834742f,0.0000025324339413147903f,0.000011235696325166749f,-1.0238131433525743f,0.000011175160931325453f,-0.000002947128288832646f,-3.487395276415193e-7f,1.501469317270501f,0.000002787448965894439f,0.0000108900238490115f,-0.000002707196904640448f,-0.0592820980437454f,0f,0f,0f,1f],start_interpolation:0}
execute if entity @s[tag=aj.lexiel.bone.rod] run data modify entity @s {} merge value {transformation:[9.198218949356773e-7f,0.0000055655370234412665f,0.000008257040954379574f,-1.0426229147856305f,0.000009877301595042947f,-0.0000015609587931752501f,-4.81751655003676e-8f,1.489303092339095f,0.0000012620780016144242f,0.000008160159636104764f,-0.000005640829179396192f,0.04964232053231468f,0f,0f,0f,1f],start_interpolation:0}
execute if entity @s[tag=aj.lexiel.bone.right_hand] run data modify entity @s {} merge value {transformation:[0.09198218949356772f,0.977403862159695f,0.19031806811567253f,-0.6189548267360381f,0.9877301595042945f,-0.11378295340170828f,0.10696995615968947f,1.4638862008514244f,0.12620780016144242f,0.17814356499884315f,-0.9758772778520424f,0.06358846271697859f,0f,0f,0f,1f],start_interpolation:0}
execute if entity @s[tag=aj.lexiel.bone.right_arm] run data modify entity @s {} merge value {transformation:[0.09198218949356772f,0.9898536645046788f,0.10830050638214289f,-0.3125f,0.9877301595042945f,-0.1044841317517453f,0.11606979890438829f,1.4003683421944948f,0.12620780016144242f,0.09629532220592608f,-0.9873189971329763f,0.08973675715128542f,0f,0f,0f,1f],start_interpolation:0}
execute if entity @s[tag=aj.lexiel.bone.left_hand] run data modify entity @s {} merge value {transformation:[0.05323090169618784f,-0.9957135573306302f,-0.07563717903645312f,0.5889593997093001f,-0.9904493712429326f,-0.06229309064032308f,0.12300249535255708f,1.4198349330195958f,-0.12718692585753505f,0.06836726268074635f,-0.9895197841804133f,0.06837198756355226f,0f,0f,0f,1f],start_interpolation:0}
execute if entity @s[tag=aj.lexiel.bone.left_arm] run data modify entity @s {} merge value {transformation:[0.05323090169618784f,-0.9957135573306302f,-0.07563717903645312f,0.27779891304347826f,-0.9904493712429326f,-0.06229309064032308f,0.12300249535255708f,1.4003683421944948f,-0.12718692585753505f,0.06836726268074635f,-0.9895197841804133f,0.08973675715128548f,0f,0f,0f,1f],start_interpolation:0}
execute if entity @s[tag=aj.lexiel.bone.skirt_right] run data modify entity @s {} merge value {transformation:[-0.984807753012208f,0.1728642437496232f,-0.016481590940095804f,-0.21875000000000003f,0.16506538721999015f,0.9613767808617979f,0.22024555196807358f,0.6523310233681828f,0.053917599621649666f,0.2141789869540837f,-0.9753052106896394f,0.10755216542054294f,0f,0f,0f,1f],start_interpolation:0}
execute if entity @s[tag=aj.lexiel.bone.skirt_left] run data modify entity @s {} merge value {transformation:[-1f,-4.3066786157237774e-17f,1.146422686303151e-16f,0.21874999999999997f,0f,0.9361251644974985f,0.3516669964533656f,0.6523310233681828f,-1.2246467991473532e-16f,0.3516669964533656f,-0.9361251644974985f,0.107552165420543f,0f,0f,0f,1f],start_interpolation:0}
execute if entity @s[tag=aj.lexiel.bone.skirt_back_middle] run data modify entity @s {} merge value {transformation:[-1f,-5.766216262326144e-17f,1.080401445215024e-16f,1.7192876350110632e-17f,0f,0.8822147299672376f,0.4708472897116792f,0.7990697449441304f,-1.2246467991473532e-16f,0.4708472897116792f,-0.8822147299672376f,-0.1403904894217744f,0f,0f,0f,1f],start_interpolation:0}
execute if entity @s[tag=aj.lexiel.bone.skirt_front_middle] run data modify entity @s {} merge value {transformation:[-1f,-3.291117196093959e-17f,1.1795953792201816e-16f,-2.6461511682838816e-17f,0f,0.9632127238984022f,0.26874011334413833f,0.682632589485463f,-1.2246467991473532e-16f,0.26874011334413833f,-0.9632127238984022f,0.21607464046990815f,0f,0f,0f,1f],start_interpolation:0}
execute if entity @s[tag=aj.lexiel.bone.skirt] run data modify entity @s {} merge value {transformation:[-1f,-3.802517059580795e-17f,1.1641170142119854e-16f,-1.3884313461034858e-17f,0f,0.9505736797111535f,0.3104990812231131f,0.670154279862767f,-1.2246467991473532e-16f,0.3104990812231131f,-0.9505736797111535f,0.11337402319347635f,0f,0f,0f,1f],start_interpolation:0}
execute if entity @s[tag=aj.lexiel.bone.rightupper] run data modify entity @s {} merge value {transformation:[-0.9816652960082627f,0.17700479205118982f,-0.07072870848478127f,-0.13551570006692626f,0.16942624278190263f,0.980279709997467f,0.10171744405012127f,0.6613074242000435f,0.087338392874027f,0.08786918548727324f,-0.9922958285571825f,0.01658728479884486f,0f,0f,0f,1f],start_interpolation:0}
execute if entity @s[tag=aj.lexiel.bone.rightfoot] run data modify entity @s {} merge value {transformation:[-0.9727716629498343f,0.23170578252049542f,0.0052651788553431875f,-0.15663400916776515f,0.21153794867860778f,0.8783606578232975f,0.42864233465334545f,0.339478462272755f,0.0946941816093289f,0.4180849018259195f,-0.9034589237118368f,0.06935051358269757f,0f,0f,0f,1f],start_interpolation:0}
execute if entity @s[tag=aj.lexiel.bone.leftupper] run data modify entity @s {} merge value {transformation:[-0.9986431202976483f,-0.052072974479731825f,-0.0005688681834484467f,0.1352347434970986f,-0.050273237623446376f,0.9611637253572197f,0.2713611885223963f,0.6629996387484516f,-0.013583808782275929f,0.27102158287904715f,-0.962477418827425f,0.018452456125415267f,0f,0f,0f,1f],start_interpolation:0}
execute if entity @s[tag=aj.lexiel.bone.leftfoot] run data modify entity @s {} merge value {transformation:[-0.9954279182527116f,-0.09550945866682246f,-0.0010967535016839277f,0.1564912456507145f,-0.09104865855741456f,0.9453405697143855f,0.31311555219595255f,0.34901375399646956f,-0.028868691310280487f,0.3117838202300618f,-0.9497144034417823f,0.054583395117835595f,0f,0f,0f,1f],start_interpolation:0}
execute if entity @s[tag=aj.lexiel.bone.lower] run data modify entity @s {} merge value {transformation:[-1f,-3.802517059580795e-17f,1.1641170142119854e-16f,0f,0f,0.9505736797111535f,0.3104990812231131f,0.625f,-1.2246467991473532e-16f,0.3104990812231131f,-0.9505736797111535f,0f,0f,0f,0f,1f],start_interpolation:0}