execute if entity @s[tag=aj.lexiel.bone.backhair] run data modify entity @s {} merge value {transformation:[-0.9998632869070064f,-0.008605484767545923f,0.014119246702035019f,0.003884885604720965f,-0.009871310017595756f,0.9956932645771901f,-0.09218177756017809f,1.4571523256708638f,-0.013265169959480553f,-0.0923085505656609f,-0.9956420876793091f,-0.32915884846404403f,0f,0f,0f,1f],start_interpolation:0}
execute if entity @s[tag=aj.lexiel.bone.head] run data modify entity @s {} merge value {transformation:[-0.9998632869070064f,-0.008605484767545923f,0.014119246702035019f,8.099047303948349e-18f,-0.009871310017595756f,0.9956932645771901f,-0.09218177756017809f,1.4971958175943048f,-0.013265169959480553f,-0.0923085505656609f,-0.9956420876793091f,-0.06613374002681606f,0f,0f,0f,1f],start_interpolation:0}
execute if entity @s[tag=aj.lexiel.bone.ring] run data modify entity @s {} merge value {transformation:[-0.984807753012208f,0.17364817766693033f,1.2202511088979322e-16f,0f,0.17302489297624915f,0.9812729298775019f,-0.08465118723432456f,0.9367148289264053f,-0.014699524400582697f,-0.08336514549005085f,-0.99641064652071f,-0.018517447207508475f,0f,0f,0f,1f],start_interpolation:0}
execute if entity @s[tag=aj.lexiel.bone.bust] run data modify entity @s {} merge value {transformation:[-1f,6.999045075583566e-17f,1.0049345565564714e-16f,0f,0f,0.8205913388710492f,-0.571515401865793f,1.394297707213569f,-1.2246467991473532e-16f,-0.571515401865793f,-0.8205913388710492f,0.01474199879561422f,0f,0f,0f,1f],start_interpolation:0}
execute if entity @s[tag=aj.lexiel.bone.left_wing] run data modify entity @s {} merge value {transformation:[-0.789604627341842f,0.024933796264165f,-0.613109156907812f,0.125f,0.08263531904434447f,0.9943930560078349f,-0.06598374201148485f,1.14409825944852f,0.6080262630238848f,-0.10276553881168483f,-0.7872377706296578f,-0.1615862252301058f,0f,0f,0f,1f],start_interpolation:0}
execute if entity @s[tag=aj.lexiel.bone.right_wing] run data modify entity @s {} merge value {transformation:[-0.9525255746243988f,-0.03053711012201046f,0.30292328169332755f,-0.12499999999999994f,-0.05743424983413793f,0.9951160378827365f,-0.0802831121379448f,1.14409825944852f,-0.2989922016248061f,-0.09386988896318244f,-0.9496273518141688f,-0.1615862252301058f,0f,0f,0f,1f],start_interpolation:0}
execute if entity @s[tag=aj.lexiel.bone.body] run data modify entity @s {} merge value {transformation:[-1f,1.0366780549053886e-17f,1.2202511088979322e-16f,0.49999999999999994f,0f,0.99641064652071f,-0.08465118723432456f,0.26287027035680727f,-1.2246467991473532e-16f,-0.08465118723432456f,-0.99641064652071f,0.5405309168775173f,0f,0f,0f,1f],start_interpolation:0}
execute if entity @s[tag=aj.lexiel.bone.sword] run data modify entity @s {} merge value {transformation:[-0.0000013653572143585117f,0.000002393922766427299f,0.000011229262652355242f,-1.0152172581072905f,0.000011481591898344988f,3.003563233028612e-7f,0.00000133200593426259f,1.3223279790529867f,-1.5918764334362884e-8f,0.000011307976216699124f,-0.0000024126389546529778f,-0.25897135008121336f,0f,0f,0f,1f],start_interpolation:0}
execute if entity @s[tag=aj.lexiel.bone.rod] run data modify entity @s {} merge value {transformation:[-0.0000011144586587066396f,0.000005256514018955169f,0.000008433684975534811f,-1.0378675920063984f,0.000009867519836278226f,0.0000015921597778630877f,3.115758694294003e-7f,1.3327188440762596f,-0.0000011789971071590974f,0.000008356679221454104f,-0.000005364315260219866f,-0.15059540352984446f,0f,0f,0f,1f],start_interpolation:0}
execute if entity @s[tag=aj.lexiel.bone.right_hand] run data modify entity @s {} merge value {transformation:[-0.11144586587066395f,0.9680432544797118f,0.22465991283864142f,-0.6190962851922026f,0.9867519836278226f,0.13461443857870795f,-0.09055095655318332f,1.3987810211609943f,-0.11789971071590973f,0.21159208487669676f,-0.970220824261486f,-0.12606902111653584f,0f,0f,0f,1f],start_interpolation:0}
execute if entity @s[tag=aj.lexiel.bone.right_arm] run data modify entity @s {} merge value {transformation:[-0.09124658252958372f,0.9719834543620901f,0.21661538639489744f,-0.3125f,0.9884404609306264f,0.1148482007234428f,-0.09897144025343084f,1.4037823194829882f,-0.12107648975718821f,0.20508060668168174f,-0.9712272794722926f,-0.05819769122359818f,0f,0f,0f,1f],start_interpolation:0}
execute if entity @s[tag=aj.lexiel.bone.left_hand] run data modify entity @s {} merge value {transformation:[0.09537506832670338f,-0.9941488274690196f,-0.050711982643648915f,0.5916497694536338f,-0.9911497526439941f,-0.09011508734504849f,-0.09747532439824426f,1.4319432842783157f,0.09233506471230382f,0.05955988477798928f,-0.993945097050037f,-0.07681015521671974f,0f,0f,0f,1f],start_interpolation:0}
execute if entity @s[tag=aj.lexiel.bone.left_arm] run data modify entity @s {} merge value {transformation:[0.09537506832670338f,-0.9941488274690196f,-0.050711982643648915f,0.28097826086956523f,-0.9911497526439941f,-0.09011508734504849f,-0.09747532439824426f,1.4037823194829882f,0.09233506471230382f,0.05955988477798928f,-0.993945097050037f,-0.0581976912235981f,0f,0f,0f,1f],start_interpolation:0}
execute if entity @s[tag=aj.lexiel.bone.skirt_right] run data modify entity @s {} merge value {transformation:[-0.984807753012208f,0.17364817766693033f,1.221554497845954e-16f,-0.21875f,0.17320970635735852f,0.9823210586458094f,-0.07101926051835446f,0.6908831304952516f,-0.012332365168265347f,-0.06994031837166924f,-0.9974749443647325f,0.08929650744091634f,0f,0f,0f,1f],start_interpolation:0}
execute if entity @s[tag=aj.lexiel.bone.skirt_left] run data modify entity @s {} merge value {transformation:[-1f,3.3607271732367384e-18f,1.2241855798646564e-16f,0.21875f,0f,0.9996233858749983f,-0.02744241993345843f,0.6908831304952516f,-1.2246467991473532e-16f,-0.02744241993345843f,-0.9996233858749983f,0.0892965074409164f,0f,0f,0f,1f],start_interpolation:0}
execute if entity @s[tag=aj.lexiel.bone.skirt_back_middle] run data modify entity @s {} merge value {transformation:[-1f,-1.2646852544658047e-17f,1.2180991317348622e-16f,2.396413648860944e-17f,0f,0.9946534238140746f,0.10326938798568926f,0.7332511474972602f,-1.2246467991473532e-16f,0.10326938798568926f,-0.9946534238140746f,-0.19568202444406177f,0f,0f,0f,1f],start_interpolation:0}
execute if entity @s[tag=aj.lexiel.bone.skirt_front_middle] run data modify entity @s {} merge value {transformation:[-1f,1.401741893911897e-17f,1.216598117411983e-16f,-2.184415718061383e-17f,0f,0.9934277526050987f,-0.11446091190438291f,0.7598833701916431f,-1.2246467991473532e-16f,-0.11446091190438291f,-0.9934277526050987f,0.17837107969271287f,0f,0f,0f,1f],start_interpolation:0}
execute if entity @s[tag=aj.lexiel.bone.skirt] run data modify entity @s {} merge value {transformation:[-1f,8.697351007161479e-18f,1.221554497845954e-16f,-1.0772592869871327e-17f,0f,0.9974749443647325f,-0.07101926051835446f,0.7095857857020904f,-1.2246467991473532e-16f,-0.07101926051835446f,-0.9974749443647325f,0.08796489630619722f,0f,0f,0f,1f],start_interpolation:0}
execute if entity @s[tag=aj.lexiel.bone.rightupper] run data modify entity @s {} merge value {transformation:[-0.9834611064978367f,0.17382151174454893f,-0.05089532454843479f,-0.13490223095482354f,0.1804564339575834f,0.9644009059670094f,-0.19330382306960164f,0.6680803759293261f,0.015483134352036512f,-0.19929118049941688f,-0.9798179922443686f,0.0021461697484811f,0f,0f,0f,1f],start_interpolation:0}
execute if entity @s[tag=aj.lexiel.bone.rightfoot] run data modify entity @s {} merge value {transformation:[-0.974776525872679f,0.22201181946160514f,0.0228358627368861f,-0.15662476100320566f,0.2229421197874036f,0.9638591615995439f,0.14585036107368188f,0.3755880860850732f,0.010369948519122877f,0.14726258391041497f,-0.9890430706231851f,0.14629960916681262f,0f,0f,0f,1f],start_interpolation:0}
execute if entity @s[tag=aj.lexiel.bone.leftupper] run data modify entity @s {} merge value {transformation:[-0.9990466999447866f,-0.04365392906886328f,0.00016064333890968848f,0.13536078870301074f,-0.04338522778720001f,0.9924759734278121f,-0.1144952583226475f,0.6669695536924294f,0.004838733231378946f,-0.11439307953441792f,-0.9934237816840042f,0.002750047355049426f,0f,0f,0f,1f],start_interpolation:0}
execute if entity @s[tag=aj.lexiel.bone.leftfoot] run data modify entity @s {} merge value {transformation:[-0.9961946980917455f,-0.08715574274765817f,1.221554497845954e-16f,0.1540644740461292f,-0.08693566964828728f,0.9936792510555054f,-0.07101926051835446f,0.39006423507677784f,0.006189736399866496f,-0.07074901079078115f,-0.9974749443647325f,0.1554524904812673f,0f,0f,0f,1f],start_interpolation:0}
execute if entity @s[tag=aj.lexiel.bone.lower] run data modify entity @s {} merge value {transformation:[-1f,8.697351007161479e-18f,1.221554497845954e-16f,0f,0f,0.9974749443647325f,-0.07101926051835446f,0.625f,-1.2246467991473532e-16f,-0.07101926051835446f,-0.9974749443647325f,0f,0f,0f,0f,1f],start_interpolation:0}