execute if entity @s[tag=aj.lexiel.bone.backhair] run data modify entity @s {} merge value {transformation:[-0.9999949642507054f,-0.0016344114433949582f,0.0027203258010843013f,0.0007481242197160637f,-0.0016723648438346395f,0.9999004778411881f,-0.0140084834579897f,1.480655551615203f,-0.0026971594427195583f,-0.014012962292012519f,-0.9998981759253005f,-0.2653790004443452f,0f,0f,0f,1f],start_interpolation:0}
execute if entity @s[tag=aj.lexiel.bone.head] run data modify entity @s {} merge value {transformation:[-0.9999949642507054f,-0.0016344114433949582f,0.0027203258010843013f,0f,-0.0016723648438346395f,0.9999004778411881f,-0.0140084834579897f,1.5f,-0.0026971594427195583f,-0.014012962292012519f,-0.9998981759253005f,0f,0f,0f,0f,1f],start_interpolation:0}
execute if entity @s[tag=aj.lexiel.bone.ring] run data modify entity @s {} merge value {transformation:[-0.984807753012208f,0.17364817766693033f,1.2246467991473532e-16f,0f,0.17364817766693033f,0.984807753012208f,0f,0.9375f,-1.2060416625018976e-16f,2.1265768495757713e-17f,-1f,0f,0f,0f,0f,1f],start_interpolation:0}
execute if entity @s[tag=aj.lexiel.bone.bust] run data modify entity @s {} merge value {transformation:[-1f,6.123233995736765e-17f,1.0605752387249069e-16f,0f,0f,0.8660254037844387f,-0.49999999999999994f,1.390625f,-1.2246467991473532e-16f,-0.49999999999999994f,-0.8660254037844387f,0.07187500000000008f,0f,0f,0f,1f],start_interpolation:0}
execute if entity @s[tag=aj.lexiel.bone.left_wing] run data modify entity @s {} merge value {transformation:[-0.7911121138043237f,0.01587471086065051f,-0.6114651396008979f,0.125f,0.01965392185040408f,0.9998067033163837f,0.0005285447217490934f,1.15625f,0.6113553359119008f,-0.011599549935899425f,-0.7912711947830097f,-0.12499999999999989f,0f,0f,0f,1f],start_interpolation:0}
execute if entity @s[tag=aj.lexiel.bone.right_wing] run data modify entity @s {} merge value {transformation:[-0.9530838897501126f,-0.019418735445875947f,0.30208278966614177f,-0.12499999999999994f,-0.020296920451467852f,0.999793969386464f,0.0002319453489614113f,1.15625f,-0.3020250554490176f,-0.0059102869762135855f,-0.9532816658201692f,-0.125f,0f,0f,0f,1f],start_interpolation:0}
execute if entity @s[tag=aj.lexiel.bone.body] run data modify entity @s {} merge value {transformation:[-1f,0f,1.2246467991473532e-16f,0.49999999999999994f,0f,1f,0f,0.21875f,-1.2246467991473532e-16f,0f,-1f,0.5000000000000001f,0f,0f,0f,1f],start_interpolation:0}
execute if entity @s[tag=aj.lexiel.locator_origin.locator_right_hand] at @s on origin run tp @s ^-1.12296 ^1.34356 ^-0.03335 ~4.60598 ~-0.08269
execute if entity @s[tag=aj.lexiel.bone.sword] run data modify entity @s {} merge value {transformation:[-3.4610642437013176e-7f,0.0000039434531298200026f,0.000010863737570740677f,-1.0407443337051825f,0.000011485013680763681f,-0.0000010964927230440033f,7.639180001692626e-7f,1.3934263152579636f,0.0000012907661855195864f,0.000010813800782852644f,-0.000003884204105488647f,-0.10517413744611268f,0f,0f,0f,1f],start_interpolation:0}
execute if entity @s[tag=aj.lexiel.bone.rod] run data modify entity @s {} merge value {transformation:[-3.995569767834586e-7f,0.000006474739581789837f,0.000007610394311092404f,-1.0472780848995529f,0.000009991905590608271f,2.944713831018818e-7f,2.740607102545315e-7f,1.3936834107358627f,-4.6657161023962066e-8f,0.000007615184433258203f,-0.0000064812644720599996f,0.005837323678982334f,0f,0f,0f,1f],start_interpolation:0}
execute if entity @s[tag=aj.lexiel.bone.right_hand] run data modify entity @s {} merge value {transformation:[-0.03995569767834586f,0.9959693689577506f,0.08030291601764171f,-0.6249582631406825f,0.9991905590608271f,0.04020128985345031f,-0.0014432525178941576f,1.4260662393619896f,-0.004665716102396206f,0.08018024938860362f,-0.9967694611600184f,-0.024697428057519587f,0f,0f,0f,1f],start_interpolation:0}
execute if entity @s[tag=aj.lexiel.bone.right_arm] run data modify entity @s {} merge value {transformation:[-0.03617922784841621f,0.9962485192653422f,0.07861266649786909f,-0.3125f,0.9993286455558089f,0.0365208985972143f,-0.0029124108989212263f,1.40625f,-0.005772490267167804f,0.07845452075734578f,-0.9969009813059925f,-3.827021247335479e-17f,0f,0f,0f,1f],start_interpolation:0}
execute if entity @s[tag=aj.lexiel.locator_origin.locator_left_hand] at @s on origin run tp @s ^1.0314 ^1.4099 ^0.00236 ~-2.20493 ~-0.21255
execute if entity @s[tag=aj.lexiel.bone.left_hand] run data modify entity @s {} merge value {transformation:[0.004855881494856051f,-0.9992478179420157f,-0.038473611125395685f,0.5930258126720973f,-0.9999819958136713f,-0.004716617875107909f,-0.0037096582493361292f,1.4077239430859712f,0.0035254025890057374f,0.03849093210017744f,-0.999252730635571f,-0.012028416281305417f,0f,0f,0f,1f],start_interpolation:0}
execute if entity @s[tag=aj.lexiel.bone.left_arm] run data modify entity @s {} merge value {transformation:[0.004855881494856051f,-0.9992478179420157f,-0.038473611125395685f,0.2807608695652174f,-0.9999819958136713f,-0.004716617875107909f,-0.0037096582493361292f,1.40625f,0.0035254025890057374f,0.03849093210017744f,-0.999252730635571f,3.43832900238871e-17f,0f,0f,0f,1f],start_interpolation:0}
execute if entity @s[tag=aj.lexiel.bone.skirt_right] run data modify entity @s {} merge value {transformation:[-0.984807753012208f,0.17364817766693033f,1.2209088818156938e-16f,-0.21875f,0.17311816155668186f,0.9818018822820515f,-0.07807154466676897f,0.6915129804953393f,-0.013556981459026906f,-0.07688546247747295f,-0.9969477588687106f,0.08882835442935218f,0f,0f,0f,1f],start_interpolation:0}
execute if entity @s[tag=aj.lexiel.bone.skirt_left] run data modify entity @s {} merge value {transformation:[-1f,4.226377022835541e-18f,1.223917299652204e-16f,0.21875f,0f,0.9994043184568341f,-0.03451098737838624f,0.6915129804953393f,-1.2246467991473532e-16f,-0.03451098737838624f,-0.9994043184568341f,0.08882835442935223f,0f,0f,0f,1f],start_interpolation:0}
execute if entity @s[tag=aj.lexiel.bone.skirt_back_middle] run data modify entity @s {} merge value {transformation:[-1f,-1.1785106690066365e-17f,1.218963046483458e-16f,2.4057289229027158e-17f,0f,0.9953588637410782f,0.09623269907920888f,0.7318645934871049f,-1.2246467991473532e-16f,0.09623269907920888f,-0.9953588637410782f,-0.1964426742941457f,0f,0f,0f,1f],start_interpolation:0}
execute if entity @s[tag=aj.lexiel.bone.skirt_front_middle] run data modify entity @s {} merge value {transformation:[-1f,1.4877436513575137e-17f,1.215576394530723e-16f,-2.1726793839061356e-17f,0f,0.9925934525587742f,-0.12148348833258199f,0.7611414227371432f,-1.2246467991473532e-16f,-0.12148348833258199f,-0.9925934525587742f,0.17741273528162077f,0f,0f,0f,1f],start_interpolation:0}
execute if entity @s[tag=aj.lexiel.bone.skirt] run data modify entity @s {} merge value {transformation:[-1f,9.561006728064822e-18f,1.2209088818156938e-16f,-1.0699067116392064e-17f,0f,0.9969477588687106f,-0.07807154466676897f,0.7102057509741276f,-1.2246467991473532e-16f,-0.07807154466676897f,-0.9969477588687106f,0.08736451296685029f,0f,0f,0f,1f],start_interpolation:0}
execute if entity @s[tag=aj.lexiel.bone.rightupper] run data modify entity @s {} merge value {transformation:[-0.9834611064978366f,0.17382151174454885f,-0.050895324548436344f,-0.1349020222186476f,0.18056141684859547f,0.9629674191513383f,-0.2002281808303678f,0.6680941916578348f,0.014206574241482074f,-0.2061063601829172f,-0.9784264619993017f,0.0018413296196978304f,0f,0f,0f,1f],start_interpolation:0}
execute if entity @s[tag=aj.lexiel.bone.rightfoot] run data modify entity @s {} merge value {transformation:[-0.974776525872679f,0.22201181946160514f,0.0228358627368861f,-0.15662476100320555f,0.2230098802417033f,0.9648764878105663f,0.1388522833263005f,0.376628941661066f,0.008793061023979427f,0.14044256936446906f,-0.9900497799545914f,0.14805977112189125f,0f,0f,0f,1f],start_interpolation:0}
execute if entity @s[tag=aj.lexiel.bone.leftupper] run data modify entity @s {} merge value {transformation:[-0.9990466999447866f,-0.04365392906886321f,0.0001606433389112731f,0.13536095323455524f,-0.043349923762291326f,0.991642176886875f,-0.1215178058099444f,0.6669878118115166f,0.005145428965130856f,-0.12140892675545109f,-0.9925892388419564f,0.002453317368124902f,0f,0f,0f,1f],start_interpolation:0}
execute if entity @s[tag=aj.lexiel.bone.leftfoot] run data modify entity @s {} merge value {transformation:[-0.9961946980917455f,-0.08715574274765817f,1.2209088818156938e-16f,0.15406446566391613f,-0.0868897224048157f,0.9931540716594575f,-0.07807154466676897f,0.39116955259182534f,0.006804383462889098f,-0.07777445886886815f,-0.9969477588687106f,0.15711004195146078f,0f,0f,0f,1f],start_interpolation:0}
execute if entity @s[tag=aj.lexiel.bone.lower] run data modify entity @s {} merge value {transformation:[-1f,9.561006728064822e-18f,1.2209088818156938e-16f,0f,0f,0.9969477588687106f,-0.07807154466676897f,0.625f,-1.2246467991473532e-16f,-0.07807154466676897f,-0.9969477588687106f,0f,0f,0f,0f,1f],start_interpolation:0}