execute if entity @s[tag=aj.lexiel.bone.backhair] run data modify entity @s {} merge value {transformation:[-0.9999346397709933f,-0.005187220083802926f,-0.0101886669322353f,-0.0025518255610259303f,-0.009448353099141767f,0.8767064261039399f,0.48093302137799887f,1.5961861568727054f,0.006437764345467426f,0.4809978536083701f,-0.8766981350581129f,-0.1434078736514226f,0f,0f,0f,1f],start_interpolation:0}
execute if entity @s[tag=aj.lexiel.bone.head] run data modify entity @s {} merge value {transformation:[-0.9999346397709933f,-0.0056504394391137785f,-0.009939251490868972f,-1.2488162773998306e-17f,-0.009448353099141767f,0.8979027004127205f,0.4400925689161977f,1.4933162979482892f,0.006437764345467426f,0.4401577139227361f,-0.8978974006335818f,0.10197358767191529f,0f,0f,0f,1f],start_interpolation:0}
execute if entity @s[tag=aj.lexiel.bone.left_wing] run data modify entity @s {} merge value {transformation:[-0.7822698069796669f,-0.03366809104328044f,-0.6220292667821156f,0.125f,-0.12061727313999504f,0.9878278735975565f,0.0982220217873865f,1.1688229008785485f,0.6111508999488316f,0.15186359599730073f,-0.7768088733417647f,-0.06682539857545372f,0f,0f,0f,1f],start_interpolation:0}
execute if entity @s[tag=aj.lexiel.bone.right_wing] run data modify entity @s {} merge value {transformation:[-0.9505405287929368f,0.042422480253491726f,0.3076898378094185f,-0.12499999999999994f,0.08372816469509453f,0.988954088208569f,0.12230864994900839f,1.1688229008785485f,-0.29910248671456297f,0.14202163421359457f,-0.9435928983711485f,-0.06682539857545378f,0f,0f,0f,1f],start_interpolation:0}
execute if entity @s[tag=aj.lexiel.bone.sword] run data modify entity @s {} merge value {transformation:[0.0000011928829525500582f,0.0000031431886783228674f,0.000011062947231365539f,-1.0303914794890425f,0.000011159431223059215f,-0.0000030060870618739617f,-3.4920138064603654e-7f,1.5041981273736063f,0.000002781282310253057f,0.000010713319362312361f,-0.0000033437498712936803f,-0.02684972931933198f,0f,0f,0f,1f],start_interpolation:0}
execute if entity @s[tag=aj.lexiel.bone.rod] run data modify entity @s {} merge value {transformation:[0.0000010055789919930236f,0.0000060182597483021525f,0.000007922711688104553f,-1.0429936063666512f,0.000009869527504494995f,-0.0000016098253641238455f,-2.9818367500335523e-8f,1.491498257168807f,0.0000012574727547263802f,0.000007822340563986567f,-0.000006101618668200364f,0.08290545369643756f,0f,0f,0f,1f],start_interpolation:0}
execute if entity @s[tag=aj.lexiel.bone.right_hand] run data modify entity @s {} merge value {transformation:[0.10055789919930234f,0.9857755439011143f,0.13466508810781508f,-0.6192586307358247f,0.9869527504494994f,-0.11594032013614738f,0.11172336616346744f,1.46546990875303f,0.125747275472638f,0.12167341210465951f,-0.9845725994044412f,0.0725978831886644f,0f,0f,0f,1f],start_interpolation:0}
execute if entity @s[tag=aj.lexiel.bone.right_arm] run data modify entity @s {} merge value {transformation:[0.10055789919930234f,0.9916834082745691f,0.0803251309464081f,-0.3125f,0.9869527504494994f,-0.10962973794236315f,0.1179219612237574f,1.4003683421944948f,0.125747275472638f,0.06741912422765102f,-0.9897688035089734f,0.08973675715128542f,0f,0f,0f,1f],start_interpolation:0}
execute if entity @s[tag=aj.lexiel.bone.left_hand] run data modify entity @s {} merge value {transformation:[0.05836365550103008f,-0.9967827460879055f,-0.05493487797393266f,0.5890489559785574f,-0.9901827411050631f,-0.06480283605266154f,0.12384963325418119f,1.4206192284609516f,-0.12701111342800042f,0.04716725072532485f,-0.990779202206422f,0.07499699129962147f,0f,0f,0f,1f],start_interpolation:0}
execute if entity @s[tag=aj.lexiel.bone.left_arm] run data modify entity @s {} merge value {transformation:[0.05836365550103008f,-0.9967827460879055f,-0.05493487797393266f,0.27755434782608696f,-0.9901827411050631f,-0.06480283605266154f,0.12384963325418119f,1.4003683421944948f,-0.12701111342800042f,0.04716725072532485f,-0.990779202206422f,0.08973675715128548f,0f,0f,0f,1f],start_interpolation:0}
execute if entity @s[tag=aj.lexiel.bone.skirt_right] run data modify entity @s {} merge value {transformation:[-0.984807753012208f,0.1727373195597122f,-0.017762545942844227f,-0.21875f,0.16622855115491658f,0.9673651960202333f,0.1912397613198491f,0.6547265770200794f,0.050217112501447767f,0.18538175735508994f,-0.9813826193956948f,0.10691484342068354f,0f,0f,0f,1f],start_interpolation:0}
execute if entity @s[tag=aj.lexiel.bone.skirt_left] run data modify entity @s {} merge value {transformation:[-1f,-4.049529809602167e-17f,1.1557564042103734e-16f,0.21875f,0f,0.9437467235574012f,0.3306692029425633f,0.6547265770200794f,-1.2246467991473532e-16f,0.3306692029425633f,-0.9437467235574012f,0.1069148434206836f,0f,0f,0f,1f],start_interpolation:0}
execute if entity @s[tag=aj.lexiel.bone.skirt_back_middle] run data modify entity @s {} merge value {transformation:[-1f,-5.523450346465322e-17f,1.093011777321351e-16f,1.766474945994724e-17f,0f,0.892511847564823f,0.45102394831807524f,0.7958904387291951f,-1.2246467991473532e-16f,0.45102394831807524f,-0.892511847564823f,-0.14424362577231348f,0f,0f,0f,1f],start_interpolation:0}
execute if entity @s[tag=aj.lexiel.bone.skirt_front_middle] run data modify entity @s {} merge value {transformation:[-1f,-3.0268120476469777e-17f,1.1866523799934203e-16f,-2.6297257333157796e-17f,0f,0.9689752023355745f,0.24715796013629088f,0.6874446292709296f,-1.2246467991473532e-16f,0.24715796013629088f,-0.9689752023355745f,0.21473340192018603f,0f,0f,0f,1f],start_interpolation:0}
execute if entity @s[tag=aj.lexiel.bone.skirt] run data modify entity @s {} merge value {transformation:[-1f,-3.541541691573563e-17f,1.1723201811494675e-16f,-1.3757331144818104e-17f,0f,0.9572720738466654f,0.2891888252220413f,0.6726754284047044f,-1.2246467991473532e-16f,0.2891888252220413f,-0.9572720738466654f,0.11233713389359685f,0f,0f,0f,1f],start_interpolation:0}
execute if entity @s[tag=aj.lexiel.bone.rightupper] run data modify entity @s {} merge value {transformation:[-0.9815722781382246f,0.17678446745984563f,-0.07254732838275124f,-0.1355797894111225f,0.1716764248183386f,0.9825548373607281f,0.07150662025733127f,0.6614060237448647f,0.08392298822211522f,0.0577342501810808f,-0.9947983154408231f,0.01564326018447306f,0f,0f,0f,1f],start_interpolation:0}
execute if entity @s[tag=aj.lexiel.bone.rightfoot] run data modify entity @s {} merge value {transformation:[-0.972681690024463f,0.23211682570324882f,0.00347981559886118f,-0.15647967251643088f,0.21399506592085982f,0.8907310414693548f,0.40100414402403023f,0.3413214922809284f,0.08998022923221138f,0.39079405188457755f,-0.9160696301913697f,0.07819555490663549f,0f,0f,0f,1f],start_interpolation:0}
execute if entity @s[tag=aj.lexiel.bone.leftupper] run data modify entity @s {} merge value {transformation:[-0.9986652109111652f,-0.05164798779314401f,-0.0005309168270250374f,0.1352413294563766f,-0.050144853619965735f,0.9670342265248146f,0.24966036606755523f,0.6633936109615004f,-0.012381040795917786f,0.2493537448815892f,-0.9683333205783724f,0.017595618758843964f,0f,0f,0f,1f],start_interpolation:0}
execute if entity @s[tag=aj.lexiel.bone.leftfoot] run data modify entity @s {} merge value {transformation:[-0.9954683371791649f,-0.09508789370068106f,-0.001040262138244965f,0.15636866750390072f,-0.09125486647892771f,0.9521495460199605f,0.29169126033855747f,0.3502904572066203f,-0.026745822433818733f,0.2904643428814473f,-0.9565119583658049f,0.06077300463148995f,0f,0f,0f,1f],start_interpolation:0}
execute if entity @s[tag=aj.lexiel.bone.lower] run data modify entity @s {} merge value {transformation:[-1f,-3.541541691573563e-17f,1.1723201811494675e-16f,0f,0f,0.9572720738466654f,0.2891888252220413f,0.625f,-1.2246467991473532e-16f,0.2891888252220413f,-0.9572720738466654f,0f,0f,0f,0f,1f],start_interpolation:0}