execute if entity @s[tag=aj.lexiel.bone.backhair] run data modify entity @s {} merge value {transformation:[-1f,-5.073639322492353e-17f,1.1146037963843704e-16f,1.7006827586532466e-17f,0f,0.9101430691366694f,0.414294090837033f,1.5881340332774787f,-1.2246467991473532e-16f,0.414294090837033f,-0.9101430691366694f,-0.1388712859770938f,0f,0f,0f,1f],start_interpolation:0}
execute if entity @s[tag=aj.lexiel.bone.head] run data modify entity @s {} merge value {transformation:[-1f,-5.073639322492353e-17f,1.1146037963843704e-16f,-1.3392591899066806e-17f,0f,0.9101430691366694f,0.414294090837033f,1.4923081508541522f,-1.2246467991473532e-16f,0.414294090837033f,-0.9101430691366694f,0.10935881193166266f,0f,0f,0f,1f],start_interpolation:0}
execute if entity @s[tag=aj.lexiel.bone.ring] run data modify entity @s {} merge value {transformation:[-0.984807753012208f,0.1736481776669303f,1.21258945714929e-16f,0f,0.1719385129154866f,0.975111762389704f,0.1399792792725282f,0.9353462822391626f,0.024307146756804714f,0.13785267948864688f,-0.9901544330933147f,0.030620467340865543f,0f,0f,0f,1f],start_interpolation:0}
execute if entity @s[tag=aj.lexiel.bone.bust] run data modify entity @s {} merge value {transformation:[-1f,4.578361710436428e-17f,1.1358458624064949e-16f,0f,0f,0.9274885323648541f,-0.3738516046932114f,1.3739489990368579f,-1.2246467991473532e-16f,-0.3738516046932114f,-0.9274885323648541f,0.1652159281398119f,0f,0f,0f,1f],start_interpolation:0}
execute if entity @s[tag=aj.lexiel.bone.left_wing] run data modify entity @s {} merge value {transformation:[-0.7206715858725993f,-0.33259170915314923f,-0.6082887639258676f,0.125f,-0.49227119078414666f,0.8633109505790936f,0.11119027535796458f,1.1694399743873911f,0.488161387288908f,0.37957470623423883f,-0.785888988564772f,-0.06252836945493323f,0f,0f,0f,1f],start_interpolation:0}
execute if entity @s[tag=aj.lexiel.bone.right_wing] run data modify entity @s {} merge value {transformation:[-0.8656992856847745f,0.4004320009846368f,0.30036471056419217f,-0.12499999999999994f,0.4538521830581899f,0.8810120630659688f,0.13355126605749754f,1.1694399743873911f,-0.21114673262493622f,0.2519364152314729f,-0.9444284514891155f,-0.06252836945493323f,0f,0f,0f,1f],start_interpolation:0}
execute if entity @s[tag=aj.lexiel.bone.body] run data modify entity @s {} merge value {transformation:[-1f,-1.7142517630805513e-17f,1.21258945714929e-16f,0.49999999999999994f,0f,0.9901544330933147f,0.1399792792725282f,0.15368314381707848f,-1.2246467991473532e-16f,0.1399792792725282f,-0.9901544330933147f,0.42508757691039334f,0f,0f,0f,1f],start_interpolation:0}
execute if entity @s[tag=aj.lexiel.bone.sword] run data modify entity @s {} merge value {transformation:[0.000005864840706141894f,0.000009379007821415713f,0.0000033658969127713743f,-0.7746950967263119f,0.000009804397303537366f,-0.0000061290435314615505f,-5.015360254928228e-9f,1.5744899166414872f,0.000001780124505749585f,0.0000028566490728250393f,-0.000011061741231323287f,0.6402432187220531f,0f,0f,0f,1f],start_interpolation:0}
execute if entity @s[tag=aj.lexiel.bone.rod] run data modify entity @s {} merge value {transformation:[0.000004210555462071287f,0.0000090588577794437f,-4.564191413974383e-7f,-0.6984288716441109f,0.00000901907247620845f,-0.000004128018513311179f,0.0000012711391830398772f,1.5315590294028958f,9.63096241151826e-7f,-9.4686793459937e-7f,-0.000009908374576322129f,0.7088486291245978f,0f,0f,0f,1f],start_interpolation:0}
execute if entity @s[tag=aj.lexiel.bone.right_hand] run data modify entity @s {} merge value {transformation:[0.4210555462071286f,0.608284269570368f,-0.6728316835594621f,-0.47995719242497675f,0.901907247620845f,-0.20201187474665194f,0.381778101978537f,1.4854626091965752f,0.09630962411518258f,-0.7675815590897077f,-0.6336742116010446f,0.34762806502668137f,0f,0f,0f,1f],start_interpolation:0}
execute if entity @s[tag=aj.lexiel.bone.right_arm] run data modify entity @s {} merge value {transformation:[0.4210555462071286f,0.5779685703806384f,-0.6990454625132597f,-0.3125f,0.901907247620845f,-0.18494987186166373f,0.3903291708127198f,1.3994811727516538f,0.09630962411518258f,-0.7948244312743001f,-0.5991482118410079f,0.0962357544998631f,0f,0f,0f,1f],start_interpolation:0}
execute if entity @s[tag=aj.lexiel.bone.left_hand] run data modify entity @s {} merge value {transformation:[0.3048723965081981f,-0.7622332078785222f,0.5710108218366496f,0.5187141818098643f,-0.9356021502664369f,-0.12761213903048857f,0.3291865100347875f,1.4393599661986816f,-0.1780489771500194f,-0.63459883294825f,-0.7520524469453914f,0.2945478897961913f,0f,0f,0f,1f],start_interpolation:0}
execute if entity @s[tag=aj.lexiel.bone.left_arm] run data modify entity @s {} merge value {transformation:[0.3048723965081981f,-0.7622332078785222f,0.5710108218366496f,0.2805163043478261f,-0.9356021502664369f,-0.12761213903048857f,0.3291865100347875f,1.3994811727516538f,-0.1780489771500194f,-0.63459883294825f,-0.7520524469453914f,0.09623575449986317f,0f,0f,0f,1f],start_interpolation:0}
execute if entity @s[tag=aj.lexiel.bone.skirt_right] run data modify entity @s {} merge value {transformation:[-0.984807753012208f,0.17364695579078104f,0.0006514227815753661f,-0.21875f,0.12671224923709204f,0.7211808730383051f,-0.6810595820168639f,0.7324288598774176f,-0.11873371677970376f,-0.6706302133876036f,-0.7322277114336595f,0.02781174554820682f,0f,0f,0f,1f],start_interpolation:0}
execute if entity @s[tag=aj.lexiel.bone.skirt_left] run data modify entity @s {} merge value {transformation:[-1f,7.975880573115782e-17f,9.293078464619788e-17f,0.21875f,0f,0.7588374436686554f,-0.6512800734602745f,0.7324288598774176f,-1.2246467991473532e-16f,-0.6512800734602745f,-0.7588374436686554f,0.027811745548206868f,0f,0f,0f,1f],start_interpolation:0}
execute if entity @s[tag=aj.lexiel.bone.skirt_back_middle] run data modify entity @s {} merge value {transformation:[-1f,6.694655663157859e-17f,1.0254636210901594e-16f,2.696100279049898e-17f,0f,0.8373545922008918f,-0.5466601201112794f,0.5857279695528729f,-1.2246467991473532e-16f,-0.5466601201112794f,-0.8373545922008918f,-0.22015329488690352f,0f,0f,0f,1f],start_interpolation:0}
execute if entity @s[tag=aj.lexiel.bone.skirt_front_middle] run data modify entity @s {} merge value {transformation:[-1f,8.7554750955471e-17f,8.562571699988287e-17f,-6.550236542503513e-18f,0f,0.6991870395570285f,-0.7149387971816038f,0.8421380533822078f,-1.2246467991473532e-16f,-0.7149387971816038f,-0.6991870395570285f,0.05348674039783586f,0f,0f,0f,1f],start_interpolation:0}
execute if entity @s[tag=aj.lexiel.bone.skirt] run data modify entity @s {} merge value {transformation:[-1f,8.373647691485323e-17f,8.936330488800665e-17f,-1.8358975742777146e-18f,0f,0.7297067607593051f,-0.6837602235448933f,0.7461108616416545f,-1.2246467991473532e-16f,-0.6837602235448933f,-0.7297067607593051f,0.014991241356740063f,0f,0f,0f,1f],start_interpolation:0}
execute if entity @s[tag=aj.lexiel.bone.rightupper] run data modify entity @s {} merge value {transformation:[-0.9834674503482563f,0.17404093494428968f,-0.05001526836094925f,-0.13486889135899516f,0.14974217736312828f,0.6262981322051175f,-0.76506727149639f,0.6599294488819736f,-0.10182855407030822f,-0.7599081540292214f,-0.6420050957865144f,-0.025552760866051065f,0f,0f,0f,1f],start_interpolation:0}
execute if entity @s[tag=aj.lexiel.bone.rightfoot] run data modify entity @s {} merge value {transformation:[-0.974776525872679f,0.2219171809141872f,0.023737932148572144f,-0.15673404369404675f,0.17963294177892797f,0.8432361052046781f,-0.5066407771854666f,0.5224943681642358f,-0.1324489744597465f,-0.48959742206668655f,-0.8618303971607268f,0.2701450843624614f,0f,0f,0f,1f],start_interpolation:0}
execute if entity @s[tag=aj.lexiel.bone.leftupper] run data modify entity @s {} merge value {transformation:[-0.9990466999447866f,-0.04365392906886314f,0.00016064333891123737f,0.13536095323455527f,-0.030635927268161795f,0.6984908036910463f,-0.714962962061292f,0.6593192725469436f,0.0310987345377842f,-0.7142863092877303f,-0.6991623109652448f,-0.024314247647761654f,0f,0f,0f,1f],start_interpolation:0}
execute if entity @s[tag=aj.lexiel.bone.leftfoot] run data modify entity @s {} merge value {transformation:[-0.9961946980917455f,-0.0871557427476581f,8.936330488800665e-17f,0.15406446566391613f,-0.06359813472196495f,0.7269300062301215f,-0.6837602235448933f,0.5405580048954566f,0.059593630144359845f,-0.6811583094614494f,-0.7297067607593051f,0.2687560099418451f,0f,0f,0f,1f],start_interpolation:0}
execute if entity @s[tag=aj.lexiel.bone.lower] run data modify entity @s {} merge value {transformation:[-1f,8.373647691485323e-17f,8.936330488800665e-17f,0f,0f,0.7297067607593051f,-0.6837602235448933f,0.625f,-1.2246467991473532e-16f,-0.6837602235448933f,-0.7297067607593051f,0f,0f,0f,0f,1f],start_interpolation:0}