execute if entity @s[tag=aj.lexiel.bone.backhair] run data modify entity @s {} merge value {transformation:[-1f,-4.4742982926448986e-17f,1.1399852326000575e-16f,1.8491804075166488e-17f,0f,0.9308685846349817f,0.36535418177388607f,1.5758186808470562f,-1.2246467991473532e-16f,0.36535418177388607f,-0.9308685846349817f,-0.15099703921196872f,0f,0f,0f,1f],start_interpolation:0}
execute if entity @s[tag=aj.lexiel.bone.head] run data modify entity @s {} merge value {transformation:[-1f,-4.4742982926448986e-17f,1.1399852326000575e-16f,-1.2488162773998306e-17f,0f,0.9308685846349817f,0.36535418177388607f,1.4933162979482892f,-1.2246467991473532e-16f,0.36535418177388607f,-0.9308685846349817f,0.10197358767191529f,0f,0f,0f,1f],start_interpolation:0}
execute if entity @s[tag=aj.lexiel.bone.left_wing] run data modify entity @s {} merge value {transformation:[-0.75144726150168f,-0.2747929769024963f,-0.5998465078890515f,0.125f,-0.4147279750623516f,0.9038084357150217f,0.10550364084261246f,1.1688229008785485f,0.5131546744231288f,0.32805354955468724f,-0.793128708812298f,-0.06682539857545372f,0f,0f,0f,1f],start_interpolation:0}
execute if entity @s[tag=aj.lexiel.bone.right_wing] run data modify entity @s {} merge value {transformation:[-0.8962474430902844f,0.33014994387009794f,0.296211976997384f,-0.12499999999999994f,0.3790854229241298f,0.9168693592948877f,0.12507925532483705f,1.1688229008785485f,-0.2302927764402549f,0.22439160534376795f,-0.9468968500162441f,-0.06682539857545378f,0f,0f,0f,1f],start_interpolation:0}
execute if entity @s[tag=aj.lexiel.bone.sword] run data modify entity @s {} merge value {transformation:[0.000003580016287136196f,0.00000867584295090145f,0.000006753120665672515f,-0.9660506402586452f,0.000010754973171872093f,-0.000004237401851206628f,-2.576506815481083e-7f,1.5444066751924297f,0.000002281543711207641f,0.000006361256235421133f,-0.000009381917908997318f,0.39872997480026307f,0f,0f,0f,1f],start_interpolation:0}
execute if entity @s[tag=aj.lexiel.bone.rod] run data modify entity @s {} merge value {transformation:[0.000002404559940569062f,0.000009344074559188814f,0.0000026279958379972607f,-0.9112174153183846f,0.000009644559175929003f,-0.000002605580028402449f,4.3980793261833064e-7f,1.5200972987852186f,0.0000010957051584318799f,0.0000024288316837341165f,-0.000009638475338863253f,0.4923714461359989f,0f,0f,0f,1f],start_interpolation:0}
execute if entity @s[tag=aj.lexiel.bone.right_hand] run data modify entity @s {} merge value {transformation:[0.24045599405690618f,0.8465532162692996f,-0.4748984806737223f,-0.5828930109563145f,0.9644559175929002f,-0.15314321354335508f,0.21534144785816667f,1.4847748753228642f,0.10957051584318797f,-0.5097987918480378f,-0.8532874626338645f,0.22536849861038433f,0f,0f,0f,1f],start_interpolation:0}
execute if entity @s[tag=aj.lexiel.bone.right_arm] run data modify entity @s {} merge value {transformation:[0.24045599405690618f,0.8893032344658971f,-0.38899957852239253f,-0.3125f,0.9644559175929002f,-0.17365531425149247f,0.1991698141090978f,1.4003683421944948f,0.10957051584318797f,-0.42306452108479775f,-0.8994502282267476f,0.08973675715128542f,0f,0f,0f,1f],start_interpolation:0}
execute if entity @s[tag=aj.lexiel.bone.left_hand] run data modify entity @s {} merge value {transformation:[0.17464596779375288f,-0.9188085477206271f,0.35396276438192686f,0.5673994102931308f,-0.9725246783668573f,-0.10476728375626637f,0.20789316059402796f,1.433108118368328f,-0.15393029559129603f,-0.38054522581402334f,-0.9118611710174582f,0.20865714021816778f,0f,0f,0f,1f],start_interpolation:0}
execute if entity @s[tag=aj.lexiel.bone.left_arm] run data modify entity @s {} merge value {transformation:[0.17464596779375288f,-0.9188085477206271f,0.35396276438192686f,0.2802717391304348f,-0.9725246783668573f,-0.10476728375626637f,0.20789316059402796f,1.4003683421944948f,-0.15393029559129603f,-0.38054522581402334f,-0.9118611710174582f,0.08973675715128548f,0f,0f,0f,1f],start_interpolation:0}
execute if entity @s[tag=aj.lexiel.bone.skirt_right] run data modify entity @s {} merge value {transformation:[-0.984807753012208f,0.1736075740165279f,0.0037549768496767336f,-0.21875f,0.15868477367057982f,0.9085171402076542f,-0.3865433333457229f,0.7173303677904954f,-0.07051831118342726f,-0.380075013902521f,-0.9222636020112883f,0.06155937222447811f,0f,0f,0f,1f],start_interpolation:0}
execute if entity @s[tag=aj.lexiel.bone.skirt_left] run data modify entity @s {} merge value {transformation:[-1f,4.4803897065187335e-17f,1.1397459644320164e-16f,0.21875f,0f,0.9306732073488879f,-0.36585158346375096f,0.7173303677904954f,-1.2246467991473532e-16f,-0.36585158346375096f,-0.9306732073488879f,0.061559372224478166f,0f,0f,0f,1f],start_interpolation:0}
execute if entity @s[tag=aj.lexiel.bone.skirt_back_middle] run data modify entity @s {} merge value {transformation:[-1f,2.954392343125298e-17f,1.188476100513041e-16f,2.704464198398659e-17f,0f,0.9704643831515375f,-0.24124444249413468f,0.6602294134404518f,-1.2246467991473532e-16f,-0.24124444249413468f,-0.9704643831515375f,-0.22083626073098075f,0f,0f,0f,1f],start_interpolation:0}
execute if entity @s[tag=aj.lexiel.bone.skirt_front_middle] run data modify entity @s {} merge value {transformation:[-1f,5.456694531755978e-17f,1.0963597176715777e-16f,-1.492228276871122e-17f,0f,0.8952456483248119f,-0.445572922376896f,0.8125164518020485f,-1.2246467991473532e-16f,-0.445572922376896f,-0.8952456483248119f,0.12184968579594294f,0f,0f,0f,1f],start_interpolation:0}
execute if entity @s[tag=aj.lexiel.bone.skirt] run data modify entity @s {} merge value {transformation:[-1f,4.973275575497588e-17f,1.119117993405275e-16f,-6.606359644816961e-18f,0f,0.9138291907384631f,-0.4060987689642578f,0.7344646651168416f,-1.2246467991473532e-16f,-0.4060987689642578f,-0.9138291907384631f,0.053945020306398285f,0f,0f,0f,1f],start_interpolation:0}
execute if entity @s[tag=aj.lexiel.bone.rightupper] run data modify entity @s {} merge value {transformation:[-0.9834954930861808f,0.1750372655865211f,-0.04581015973737533f,-0.13471150888061406f,0.17451859974496073f,0.8509049136463782f,-0.49548368921237756f,0.6670741166479512f,-0.047748020086998064f,-0.49530070016954686f,-0.8674084061094454f,-0.01276320679380296f,0f,0f,0f,1f],start_interpolation:0}
execute if entity @s[tag=aj.lexiel.bone.rightfoot] run data modify entity @s {} merge value {transformation:[-0.974776525872679f,0.22141594801273612f,0.02803038660474813f,-0.15724060528656764f,0.2131740070398624f,0.960878090723002f,-0.17683364354976966f,0.43572101573865296f,-0.06608757319011647f,-0.1663979348854414f,-0.9838415319225458f,0.21695837369213047f,0f,0f,0f,1f],start_interpolation:0}
execute if entity @s[tag=aj.lexiel.bone.leftupper] run data modify entity @s {} merge value {transformation:[-0.9990466999447866f,-0.043653929068863236f,0.00016064333890967653f,0.13536078870301074f,-0.03915183304448685f,0.8943737056254724f,-0.44560386965893567f,0.6654020910231134f,0.01930868454059747f,-0.4451853649465711f,-0.8952302304651581f,-0.011690904094927117f,0f,0f,0f,1f],start_interpolation:0}
execute if entity @s[tag=aj.lexiel.bone.leftfoot] run data modify entity @s {} merge value {transformation:[-0.9961946980917455f,-0.08715574274765812f,1.119117993405275e-16f,0.1540644740461292f,-0.07964546186330215f,0.9103517947751274f,-0.4060987689642578f,0.4569560795776372f,0.0353938398379894f,-0.4045534405437783f,-0.9138291907384631f,0.22610071040571844f,0f,0f,0f,1f],start_interpolation:0}
execute if entity @s[tag=aj.lexiel.bone.lower] run data modify entity @s {} merge value {transformation:[-1f,4.973275575497588e-17f,1.119117993405275e-16f,0f,0f,0.9138291907384631f,-0.4060987689642578f,0.625f,-1.2246467991473532e-16f,-0.4060987689642578f,-0.9138291907384631f,0f,0f,0f,0f,1f],start_interpolation:0}