execute if entity @s[tag=aj.lexiel.bone.backhair] run data modify entity @s {} merge value {transformation:[-0.9946390767820007f,0.0038811803023868358f,0.10333461848630104f,-0.07367594692885034f,0.03636165840160502f,0.9486047967511178f,0.31436725239607194f,1.5171471608649487f,-0.09680359877883682f,0.31643937179218234f,-0.9436605254238597f,0.004498261150384153f,0f,0f,0f,1f],start_interpolation:0}
execute if entity @s[tag=aj.lexiel.bone.head] run data modify entity @s {} merge value {transformation:[-0.9946390767820007f,0.0038811803023868358f,0.10333461848630104f,-0.10106356152204926f,0.03636165840160502f,0.9486047967511178f,0.31436725239607194f,1.4484653093964783f,-0.09680359877883682f,0.31643937179218234f,-0.9436605254238597f,0.2601024534003497f,0f,0f,0f,1f],start_interpolation:0}
execute if entity @s[tag=aj.lexiel.bone.ring] run data modify entity @s {} merge value {transformation:[-0.9487254000560521f,0.035928919090669725f,0.31405290646873474f,-0.02829779722617376f,0.15309230180717712f,0.92145029730751f,0.3570603544490504f,0.923070286631014f,-0.2765553514504175f,0.3868313099593638f,-0.8797037428698702f,0.07282868695209793f,0f,0f,0f,1f],start_interpolation:0}
execute if entity @s[tag=aj.lexiel.bone.bust] run data modify entity @s {} merge value {transformation:[-0.9405511207804463f,0.04499623029033384f,0.33665847450837405f,-0.10948721556140262f,-0.00924167919190741f,0.9874287314232728f,-0.15779446037659234f,1.3206414531049457f,-0.33952640628434216f,-0.15152504617879292f,-0.9283113593057851f,0.2869168164430727f,0f,0f,0f,1f],start_interpolation:0}
execute if entity @s[tag=aj.lexiel.bone.left_wing] run data modify entity @s {} merge value {transformation:[-0.9282889379289804f,-0.18457302195813058f,-0.3228195274203983f,0.10022990895380002f,-0.27935711605760283f,0.9191232983224904f,0.277798423661412f,1.1731783274671477f,0.24543685425515221f,0.34805913584623777f,-0.9047737775418259f,0.07813520683100489f,0f,0f,0f,1f],start_interpolation:0}
execute if entity @s[tag=aj.lexiel.bone.right_wing] run data modify entity @s {} merge value {transformation:[-0.8112320123191473f,-0.057679828438895284f,0.5818725458207206f,-0.13490787124131154f,0.18076660074781817f,0.9216363236466549f,0.34338014355689966f,1.1708679076691708f,-0.5560809817308139f,0.3837440870245921f,-0.7372343029396805f,-0.006746394740080597f,0f,0f,0f,1f],start_interpolation:0}
execute if entity @s[tag=aj.lexiel.bone.body] run data modify entity @s {} merge value {transformation:[-0.9405511207804463f,-0.12936135874822305f,0.31405290646873474f,0.37792978652996734f,-0.00924167919190741f,0.9340355960274921f,0.3570603544490504f,0.07782286435768249f,-0.33952640628434216f,0.33293114035244764f,-0.8797037428698702f,0.44314950440088235f,0f,0f,0f,1f],start_interpolation:0}
execute if entity @s[tag=aj.lexiel.bone.sword] run data modify entity @s {} merge value {transformation:[-0.45427234994213084f,0.22965146566580202f,-1.0381767185289812f,-0.4774247803847893f,0.546225003126969f,1.0190031130595782f,-0.013600148301818113f,0.7154733894884765f,0.912243904083221f,-0.49578919148407985f,-0.5088400530329402f,0.3048163886444586f,0f,0f,0f,1f],start_interpolation:0}
execute if entity @s[tag=aj.lexiel.bone.rod] run data modify entity @s {} merge value {transformation:[-0.000005097195051586884f,0.000004566398916971776f,-0.000007291543289123174f,-0.38466699259733445f,0.00000410093935212846f,0.000008739984957244635f,0.000002606714287623742f,0.765618585401165f,0.00000756312759618945f,-0.0000016615245644336828f,-0.000006327593309113747f,0.34014068091243926f,0f,0f,0f,1f],start_interpolation:0}
execute if entity @s[tag=aj.lexiel.bone.right_hand] run data modify entity @s {} merge value {transformation:[-0.5097195051586884f,-0.19269680652606108f,-0.8384831344847907f,-0.5273792159771012f,0.41009393521284593f,0.8023327980130706f,-0.433687728134149f,1.0806943686442296f,0.756312759618945f,-0.5649159424084038f,-0.32994088508458735f,0.09377584129829929f,0f,0f,0f,1f],start_interpolation:0}
execute if entity @s[tag=aj.lexiel.bone.right_arm] run data modify entity @s {} merge value {transformation:[-0.5770384029673596f,0.4047635408034509f,-0.7093610910792416f,-0.3828581593832928f,0.10327364657667343f,0.8977420170647078f,0.4282450521831471f,1.3580114475214298f,0.8101612403859094f,0.17385553437507584f,-0.5598330266637737f,0.12278815702845082f,0f,0f,0f,1f],start_interpolation:0}
execute if entity @s[tag=aj.lexiel.bone.left_hand] run data modify entity @s {} merge value {transformation:[-0.9158900594318568f,0.13298079571839413f,0.3787631278305911f,0.18428068534440487f,0.18507464492199652f,0.9771570313392333f,0.10445818259616416f,1.0586308016921266f,-0.35622012133076764f,0.16577166245893601f,-0.9195797850565736f,0.2907154105941575f,0f,0f,0f,1f],start_interpolation:0}
execute if entity @s[tag=aj.lexiel.bone.left_arm] run data modify entity @s {} merge value {transformation:[-0.9158900594318568f,0.13298079571839413f,0.3787631278305911f,0.22583718400640304f,0.18507464492199652f,0.9771570313392333f,0.10445818259616416f,1.363992373985637f,-0.35622012133076764f,0.16577166245893601f,-0.9195797850565736f,0.342519055112575f,0f,0f,0f,1f],start_interpolation:0}
execute if entity @s[tag=aj.lexiel.bone.skirt_right] run data modify entity @s {} merge value {transformation:[-0.9827325648847449f,0.18503163490346872f,1.1882695554102554e-16f,-0.21875f,0.17953540457269618f,0.9535412077799164f,-0.24192189559966767f,0.7052914864601062f,-0.04476320386175289f,-0.23774452496444087f,-0.9702957262759965f,0.07660111178714439f,0f,0f,0f,1f],start_interpolation:0}
execute if entity @s[tag=aj.lexiel.bone.rightupper] run data modify entity @s {} merge value {transformation:[-0.9808091736213993f,0.18801296740664677f,-0.05161868873823877f,-0.1346969607902932f,0.19389434904022299f,0.9128177252097517f,-0.35940058702395405f,0.6679090283437118f,-0.020453516821715055f,-0.36251196480922077f,-0.9317546506563743f,-0.005359613934690852f,0f,0f,0f,1f],start_interpolation:0}
execute if entity @s[tag=aj.lexiel.bone.rightfoot] run data modify entity @s {} merge value {transformation:[-0.9715071306084626f,0.23547021131432994f,0.026975447364157107f,-0.1609008277229227f,0.2347286285806778f,0.9716571036066486f,-0.02801685091820555f,0.40513725034799974f,-0.03280801886042245f,-0.02088666067909206f,-0.9992434044336398f,0.18717134999818189f,0f,0f,0f,1f],start_interpolation:0}
execute if entity @s[tag=aj.lexiel.bone.sucidesword] run data modify entity @s {} merge value {transformation:[-0.000006028044519608329f,-0.000008350605138785388f,-0.00000525561407788957f,0.04687499999999983f,-0.0000030820045298804824f,0.000007444241795835562f,-0.000008293124767717601f,0.4069232190265486f,0.000009373117602879856f,-0.0000029226809869067143f,-0.000006106882060541028f,1.33556657079646f,0f,0f,0f,1f],start_interpolation:0}