execute if entity @s[tag=aj.lexiel.bone.backhair] run data modify entity @s {} merge value {transformation:[-0.9999924489178781f,-0.002977601842508446f,-0.0024971973275092134f,-0.000597722566582522f,-0.0032115470431621357f,0.9950213967234305f,0.09960976873852696f,1.4981674917872838f,0.0021881665417845574f,0.0996170364436764f,-0.9950234459435439f,-0.16406567615218626f,0f,0f,0f,1f],start_interpolation:0}
execute if entity @s[tag=aj.lexiel.bone.head] run data modify entity @s {} merge value {transformation:[-0.9999924489178781f,-0.00303372757656731f,-0.00242870422575576f,-1.2488162773998306e-17f,-0.0032115470431621357f,0.9970326895929393f,0.07691229972285826f,1.4933162979482892f,0.0021881665417845574f,0.0769195188496418f,-0.9970349038760503f,0.10197358767191529f,0f,0f,0f,1f],start_interpolation:0}
execute if entity @s[tag=aj.lexiel.bone.left_wing] run data modify entity @s {} merge value {transformation:[-0.7856768164843756f,0.004296945722561037f,-0.6186222403829612f,0.125f,-0.07457196876630307f,0.9920264202219483f,0.10160021188926635f,1.1688229008785485f,0.6141261771926796f,0.1259568094192754f,-0.7790917280061584f,-0.06682539857545372f,0f,0f,0f,1f],start_interpolation:0}
execute if entity @s[tag=aj.lexiel.bone.right_wing] run data modify entity @s {} merge value {transformation:[-0.9520768076064439f,-0.004827379746295956f,0.30582094242008256f,-0.12499999999999994f,0.03473563428870041f,0.9916999953503947f,0.12379238640800497f,1.1688229008785485f,-0.30388022003494086f,0.12848274447104643f,-0.9440068835790889f,-0.06682539857545378f,0f,0f,0f,1f],start_interpolation:0}
execute if entity @s[tag=aj.lexiel.bone.sword] run data modify entity @s {} merge value {transformation:[1.2340067003242561e-7f,0.0000034745910557966963f,0.000011027392961149663f,-1.0376995825354305f,0.000011209505847967267f,-0.0000027376924950683607f,7.371734509828519e-7f,1.4347827074673578f,0.000002832517814422911f,0.000010682867735183467f,-0.0000033977324841065544f,-0.022316594428031064f,0f,0f,0f,1f],start_interpolation:0}
execute if entity @s[tag=aj.lexiel.bone.rod] run data modify entity @s {} merge value {transformation:[5.3700392814599444e-8f,0.000006186223875968235f,0.000007856700988596428f,-1.0484451188983555f,0.000009914594318296293f,-0.0000010567333764296095f,7.642866443596447e-7f,1.4204170864793852f,0.0000013030486450698635f,0.000007785496048906597f,-0.000006139064708979813f,0.08743091522244395f,0f,0f,0f,1f],start_interpolation:0}
execute if entity @s[tag=aj.lexiel.bone.right_hand] run data modify entity @s {} merge value {transformation:[0.005370039281459944f,0.9929847399426852f,0.11812056941563183f,-0.6242371401996951f,0.9914594318296293f,-0.02067910673825174f,0.12876556053765492f,1.4355143772842933f,0.13030486450698633f,0.11642027652202822f,-0.984615133694557f,0.07498805762955361f,0f,0f,0f,1f],start_interpolation:0}
execute if entity @s[tag=aj.lexiel.bone.right_arm] run data modify entity @s {} merge value {transformation:[0.005370039281459944f,0.99809585256717f,0.0614477970828036f,-0.3125f,0.9914594318296293f,-0.013321369104392404f,0.12973332710315041f,1.4003683421944948f,0.13030486450698633f,0.0602263249202404f,-0.9896430831731294f,0.08973675715128542f,0f,0f,0f,1f],start_interpolation:0}
execute if entity @s[tag=aj.lexiel.bone.left_hand] run data modify entity @s {} merge value {transformation:[-0.030929608489267384f,-0.997139330336744f,-0.06896749389596925f,0.590328866817189f,-0.9910339280197351f,0.02162081091574017f,0.1318495128892035f,1.393611838783326f,-0.12998120184270903f,0.0724271801945632f,-0.9888676305434358f,0.06710326334048448f,0f,0f,0f,1f],start_interpolation:0}
execute if entity @s[tag=aj.lexiel.bone.left_arm] run data modify entity @s {} merge value {transformation:[-0.030929608489267384f,-0.997139330336744f,-0.06896749389596925f,0.27872282608695653f,-0.9910339280197351f,0.02162081091574017f,0.1318495128892035f,1.4003683421944948f,-0.12998120184270903f,0.0724271801945632f,-0.9888676305434358f,0.08973675715128548f,0f,0f,0f,1f],start_interpolation:0}
execute if entity @s[tag=aj.lexiel.bone.skirt_right] run data modify entity @s {} merge value {transformation:[-0.984807753012208f,0.17290022025697369f,-0.0160997963383323f,-0.21875f,0.1653952451261472f,0.9622058309902204f,0.21634313415979062f,0.6529947663870362f,0.052897093461810145f,0.21039356606966256f,-0.9761846366644904f,0.10738131206096922f,0f,0f,0f,1f],start_interpolation:0}
execute if entity @s[tag=aj.lexiel.bone.skirt_left] run data modify entity @s {} merge value {transformation:[-1f,-4.235791050897714e-17f,1.149060713971723e-16f,0.21875f,0f,0.9382792775612886f,0.3458785875116676f,0.6529947663870362f,-1.2246467991473532e-16f,0.3458785875116676f,-0.9382792775612886f,0.10738131206096928f,0f,0f,0f,1f],start_interpolation:0}
execute if entity @s[tag=aj.lexiel.bone.skirt_back_middle] run data modify entity @s {} merge value {transformation:[-1f,-5.699378467509538e-17f,1.0839421725824416e-16f,1.7324209052535113e-17f,0f,0.8851059532733229f,0.4653895695867305f,0.7981993443750734f,-1.2246467991473532e-16f,0.4653895695867305f,-0.8851059532733229f,-0.14146290232087247f,0f,0f,0f,1f],start_interpolation:0}
execute if entity @s[tag=aj.lexiel.bone.skirt_front_middle] run data modify entity @s {} merge value {transformation:[-1f,-3.218200187245167e-17f,1.1816055425606337e-16f,-2.641741559175749e-17f,0f,0.9648541468309993f,0.26278598772199485f,0.6839660116980874f,-1.2246467991473532e-16f,0.26278598772199485f,-0.9648541468309993f,0.21571456856091342f,0f,0f,0f,1f],start_interpolation:0}
execute if entity @s[tag=aj.lexiel.bone.skirt] run data modify entity @s {} merge value {transformation:[-1f,-3.730546272501488e-17f,1.1664433238478027e-16f,-1.3849895436464938e-17f,0f,0.9524732556847624f,0.304622220471963f,0.6708536399311256f,-1.2246467991473532e-16f,0.304622220471963f,-0.9524732556847624f,0.11309297869481857f,0f,0f,0f,1f],start_interpolation:0}
execute if entity @s[tag=aj.lexiel.bone.rightupper] run data modify entity @s {} merge value {transformation:[-0.9830415319055738f,0.1694972691124467f,-0.07000015937243079f,-0.13561217872646394f,0.16230772355262346f,0.9818528573834542f,0.09808755947168571f,0.661426827771884f,0.08535542996147376f,0.08506257820786486f,-0.9927128529261233f,0.016405297910752466f,0f,0f,0f,1f],start_interpolation:0}
execute if entity @s[tag=aj.lexiel.bone.rightfoot] run data modify entity @s {} merge value {transformation:[-0.9744758330582245f,0.22446668091197441f,0.003399992035454699f,-0.15438947754695942f,0.20450787998851191f,0.8813784660267966f,0.4258503571054687f,0.3396141996681429f,0.09259253645993118f,0.41567620666164273f,-0.9047872199624084f,0.07014418018551585f,0f,0f,0f,1f],start_interpolation:0}
execute if entity @s[tag=aj.lexiel.bone.leftupper] run data modify entity @s {} merge value {transformation:[-0.9988658403588764f,-0.047613042257948525f,-0.00017655338757824595f,0.13530181379363543f,-0.045970354835322844f,0.9634252295302522f,0.26400483628315474f,0.6630237600359021f,-0.012399977438300711f,0.2637135288746554f,-0.9645213399650657f,0.01817895707061333f,0f,0f,0f,1f],start_interpolation:0}
execute if entity @s[tag=aj.lexiel.bone.leftfoot] run data modify entity @s {} merge value {transformation:[-0.9958430112819424f,-0.0910847786319948f,-0.0005098847649852109f,0.15520532824695152f,-0.08687506863308747f,0.94810548203396f,0.30585734810062787f,0.34923217843223453f,-0.027375524303826587f,0.3046301988291917f,-0.9520772146367004f,0.05669016176276861f,0f,0f,0f,1f],start_interpolation:0}
execute if entity @s[tag=aj.lexiel.bone.lower] run data modify entity @s {} merge value {transformation:[-1f,-3.730546272501488e-17f,1.1664433238478027e-16f,0f,0f,0.9524732556847624f,0.304622220471963f,0.625f,-1.2246467991473532e-16f,0.304622220471963f,-0.9524732556847624f,0f,0f,0f,0f,1f],start_interpolation:0}