execute if entity @s[tag=aj.lexiel.bone.backhair] run data modify entity @s {} merge value {transformation:[-1f,2.3643035981010094e-17f,1.2016074515505983e-16f,1.898060778439342e-17f,0f,0.9811869449927965f,-0.1930600398210431f,1.4242416600341656f,-1.2246467991473532e-16f,-0.1930600398210431f,-0.9811869449927965f,-0.15498842439802613f,0f,0f,0f,1f],start_interpolation:0}
execute if entity @s[tag=aj.lexiel.bone.head] run data modify entity @s {} merge value {transformation:[-1f,2.4791765544178286e-17f,1.1992900478124992e-16f,-1.2488162773998306e-17f,0f,0.9792946412365522f,-0.20244012854513876f,1.4933162979482892f,-1.2246467991473532e-16f,-0.20244012854513876f,-0.9792946412365522f,0.10197358767191529f,0f,0f,0f,1f],start_interpolation:0}
execute if entity @s[tag=aj.lexiel.bone.left_wing] run data modify entity @s {} merge value {transformation:[-0.7886565300478919f,0.012385340584553008f,-0.6147092653860222f,0.125f,-0.06465025672734122f,0.9925839889953422f,0.10294352381370624f,1.1688229008785485f,0.6114255653126611f,0.12092819410170177f,-0.7820071290937146f,-0.06682539857545372f,0f,0f,0f,1f],start_interpolation:0}
execute if entity @s[tag=aj.lexiel.bone.right_wing] run data modify entity @s {} merge value {transformation:[-0.9526271674814881f,-0.01499229544766477f,0.30377081962131725f,-0.12499999999999994f,0.02403460257935494f,0.9919498761522588f,0.12432932510220922f,1.1688229008785485f,-0.30318940887677687f,0.1257405037318059f,-0.9445980669397023f,-0.06682539857545378f,0f,0f,0f,1f],start_interpolation:0}
execute if entity @s[tag=aj.lexiel.locator_origin.locator_right_hand] at @s on origin run tp @s ^-0.99434 ^1.31516 ^0.49751 ~-36.70239 ~6.0254
execute if entity @s[tag=aj.lexiel.bone.sword] run data modify entity @s {} merge value {transformation:[9.683907311989266e-7f,0.000010037720954040302f,0.000005656658350170025f,-0.9779440223862552f,0.000011262675901467086f,-0.0000020219717255253155f,0.0000016598699134838204f,1.3759000167060285f,0.000002430176368134753f,0.000005370958447055464f,-0.000009946781108970024f,0.3952999157296183f,0f,0f,0f,1f],start_interpolation:0}
execute if entity @s[tag=aj.lexiel.bone.rod] run data modify entity @s {} merge value {transformation:[-2.3802945327574917e-21f,0.000009889300368549555f,0.0000014838255357708416f,-0.9099315112882496f,0.000009914448613738104f,-1.9367809710304336e-7f,0.0000012908127208271266f,1.3644162344581459f,0.0000013052619222005157f,0.000001471131202615243f,-0.000009804696032980587f,0.4825279019686117f,0f,0f,0f,1f],start_interpolation:0}
execute if entity @s[tag=aj.lexiel.bone.right_hand] run data modify entity @s {} merge value {transformation:[-2.3802945327574914e-16f,0.8042014450233337f,-0.5943568253350691f,-0.610811061579455f,0.9914448613738104f,0.07757913323098505f,0.10496935239675875f,1.419199601103218f,0.13052619222005157f,-0.5892720203009055f,-0.7973213901777771f,0.18611469408319536f,0f,0f,0f,1f],start_interpolation:0}
execute if entity @s[tag=aj.lexiel.bone.right_arm] run data modify entity @s {} merge value {transformation:[-2.3802945327574914e-16f,0.954595397054256f,-0.29790540096283435f,-0.3125f,0.9914448613738104f,0.03888445762946669f,0.12459970228828023f,1.4003683421944948f,0.13052619222005157f,-0.29535677896010665f,-0.9464287011005345f,0.08973675715128542f,0f,0f,0f,1f],start_interpolation:0}
execute if entity @s[tag=aj.lexiel.locator_origin.locator_left_hand] at @s on origin run tp @s ^1.02836 ^1.36385 ^0.11645 ~0 ~7.5
execute if entity @s[tag=aj.lexiel.bone.left_hand] run data modify entity @s {} merge value {transformation:[-0.04361938736533587f,-0.9990482215818578f,1.2141697760125282e-16f,0.5912786562008523f,-0.9905012255519768f,0.04324621745963597f,0.13052619222005157f,1.3868538992383586f,-0.13040196020729425f,0.005693472539768598f,-0.9914448613738104f,0.0879575469826078f,0f,0f,0f,1f],start_interpolation:0}
execute if entity @s[tag=aj.lexiel.bone.left_arm] run data modify entity @s {} merge value {transformation:[-0.04361938736533587f,-0.9990482215818578f,1.2141697760125282e-16f,0.27907608695652175f,-0.9905012255519768f,0.04324621745963597f,0.13052619222005157f,1.4003683421944948f,-0.13040196020729425f,0.005693472539768598f,-0.9914448613738104f,0.08973675715128548f,0f,0f,0f,1f],start_interpolation:0}
execute if entity @s[tag=aj.lexiel.bone.skirt_right] run data modify entity @s {} merge value {transformation:[-0.984807753012208f,0.17248303577170904f,-0.02008213081376381f,-0.21875f,0.16885026469519465f,0.9781697423781821f,0.1211344014232271f,0.6608489611621209f,0.04053736201837134f,0.11590322457453953f,-0.9924329523014717f,0.10502049851622652f,0f,0f,0f,1f],start_interpolation:0}
execute if entity @s[tag=aj.lexiel.bone.skirt_left] run data modify entity @s {} merge value {transformation:[-1f,-3.375584055267281e-17f,1.1772060590738184e-16f,0.21875f,0f,0.9612616959383189f,0.2756373558169992f,0.6608489611621209f,-1.2246467991473532e-16f,0.2756373558169992f,-0.9612616959383189f,0.10502049851622658f,0f,0f,0f,1f],start_interpolation:0}
execute if entity @s[tag=aj.lexiel.bone.skirt_back_middle] run data modify entity @s {} merge value {transformation:[-1f,-4.8832677092229005e-17f,1.1230746847215758e-16f,1.8843420640273705e-17f,0f,0.917060074385124f,0.3987490689252462f,0.787278589771449f,-1.2246467991473532e-16f,0.3987490689252462f,-0.917060074385124f,-0.15386820635462592f,0f,0f,0f,1f],start_interpolation:0}
execute if entity @s[tag=aj.lexiel.bone.skirt_front_middle] run data modify entity @s {} merge value {transformation:[-1f,-2.3367362543640773e-17f,1.2021465881652132e-16f,-2.581194350730809e-17f,0f,0.981627183447664f,0.19080899537654483f,0.6997365783254845f,-1.2246467991473532e-16f,0.19080899537654483f,-0.981627183447664f,0.2107705137945028f,0f,0f,0f,1f],start_interpolation:0}
execute if entity @s[tag=aj.lexiel.bone.skirt] run data modify entity @s {} merge value {transformation:[-1f,-2.8588811762192377e-17f,1.1908097106021811e-16f,-1.3397341955816728e-17f,0f,0.9723699203976766f,0.23344536385590542f,0.6790808971695773f,-1.2246467991473532e-16f,0.23344536385590542f,-0.9723699203976766f,0.10939759908852478f,0f,0f,0f,1f],start_interpolation:0}
execute if entity @s[tag=aj.lexiel.bone.rightupper] run data modify entity @s {} merge value {transformation:[-0.9832173253463666f,0.16615817032924443f,-0.0753336151500433f,-0.1358435790965258f,0.1666684580485968f,0.986012870592413f,-0.0004940827988794208f,0.6616758662411707f,0.07419781823234534f,-0.01304152824429805f,-0.9971582634219168f,0.013324739602673767f,0f,0f,0f,1f],start_interpolation:0}
execute if entity @s[tag=aj.lexiel.bone.rightfoot] run data modify entity @s {} merge value {transformation:[-0.9747772771429386f,0.22316292606167815f,-0.0027510720435205693f,-0.15311965568761032f,0.20940472194284854f,0.9188059512701582f,0.334582256461065f,0.34666883467110293f,0.07719405672612971f,0.3255670934571391f,-0.9423625338817505f,0.09862309369198052f,0f,0f,0f,1f],start_interpolation:0}
execute if entity @s[tag=aj.lexiel.bone.leftupper] run data modify entity @s {} merge value {transformation:[-0.9989726713245293f,-0.04531668053668605f,0.000020294583203777473f,0.13533624976173608f,-0.04447578319976228f,0.9805213884415812f,0.19131051073415029f,0.6642149756512368f,-0.008689456571150543f,0.19111306934307148f,-0.9815295655612053f,0.015304802911763872f,0f,0f,0f,1f],start_interpolation:0}
execute if entity @s[tag=aj.lexiel.bone.leftfoot] run data modify entity @s {} merge value {transformation:[-0.9960489188617238f,-0.08880600159783154f,-0.00021287225538213885f,0.15454352629590112f,-0.0863905816888886f,0.9683966968996675f,0.2339754363801228f,0.3541264591008935f,-0.020572278188052875f,0.2330693706045893f,-0.9722424851116792f,0.07711441694363945f,0f,0f,0f,1f],start_interpolation:0}
execute if entity @s[tag=aj.lexiel.bone.lower] run data modify entity @s {} merge value {transformation:[-1f,-2.8588811762192377e-17f,1.1908097106021811e-16f,0f,0f,0.9723699203976766f,0.23344536385590542f,0.625f,-1.2246467991473532e-16f,0.23344536385590542f,-0.9723699203976766f,0f,0f,0f,0f,1f],start_interpolation:0}