execute if entity @s[tag=aj.lexiel.bone.backhair] run data modify entity @s {} merge value {transformation:[-0.8847806050058107f,-0.09065122598878995f,-0.4571057166917526f,-0.24780341799561878f,-0.21476500164780393f,0.9498395273416863f,0.22733426131258924f,1.4581182170841136f,0.413568948390435f,0.29931125526122665f,-0.8598683023586685f,0.10252016446553602f,0f,0f,0f,1f],start_interpolation:0}
execute if entity @s[tag=aj.lexiel.bone.head] run data modify entity @s {} merge value {transformation:[-0.8847806050058107f,-0.09065122598878995f,-0.4571057166917526f,-0.12780113740544685f,-0.21476500164780393f,0.9498395273416863f,0.22733426131258924f,1.412573796537671f,0.413568948390435f,0.29931125526122665f,-0.8598683023586685f,0.335599420643014f,0f,0f,0f,1f],start_interpolation:0}
execute if entity @s[tag=aj.lexiel.bone.ring] run data modify entity @s {} merge value {transformation:[-0.9649882895567383f,0.004044446299596077f,-0.26226178423950774f,-0.035784318473525145f,-0.0995894390361163f,0.9193550532095462f,0.38061559317839816f,0.913020663030548f,0.24265107593174218f,0.3934080942128694f,-0.8867640761538358f,0.09396783778004397f,0f,0f,0f,1f],start_interpolation:0}
execute if entity @s[tag=aj.lexiel.bone.bust] run data modify entity @s {} merge value {transformation:[-0.9510302598510622f,-0.272800052600602f,-0.14533263965376106f,-0.0910589124264698f,-0.2577207812996255f,0.9594201595354886f,-0.11442445701513343f,1.2880817192626999f,0.17065006221484888f,-0.07136587964851476f,-0.9827438463241893f,0.352351669726549f,0f,0f,0f,1f],start_interpolation:0}
execute if entity @s[tag=aj.lexiel.bone.left_wing] run data modify entity @s {} merge value {transformation:[-0.595503300252743f,-0.1606783557968676f,-0.7871202483525035f,0.014527422504394094f,-0.43185578470351876f,0.8902106603495495f,0.1450019359116531f,1.1870833728708488f,0.6774041634107362f,0.42627156388672516f,-0.5995132635858579f,0.055758908264002316f,0f,0f,0f,1f],start_interpolation:0}
execute if entity @s[tag=aj.lexiel.bone.right_wing] run data modify entity @s {} merge value {transformation:[-0.984647122176495f,-0.1708014479614578f,0.036012638945460584f,-0.22323014245837158f,-0.13776964443360734f,0.8871058780598863f,0.44052546598833053f,1.1226531775459425f,-0.1071894111476692f,0.4288006838682371f,-0.8970175046519149f,0.09842142381771452f,0f,0f,0f,1f],start_interpolation:0}
execute if entity @s[tag=aj.lexiel.bone.body] run data modify entity @s {} merge value {transformation:[-0.9510302598510622f,-0.16358545587897197f,-0.26226178423950774f,0.6884387499847708f,-0.2577207812996255f,0.8880944595682189f,0.38061559317839816f,0.21325536427650427f,0.17065006221484888f,0.42956725842305793f,-0.8867640761538358f,0.1432733777579645f,0f,0f,0f,1f],start_interpolation:0}
execute if entity @s[tag=aj.lexiel.bone.sword] run data modify entity @s {} merge value {transformation:[-0.3565617195575395f,-0.6269895719364342f,-0.9036934653571075f,0.20868833648361632f,0.8599770447166546f,0.4333465176457033f,-0.6399721405692215f,1.0840279078168271f,0.6857239132526874f,-0.8694877427700228f,0.33269782455873f,0.6914021500261633f,0f,0f,0f,1f],start_interpolation:0}
execute if entity @s[tag=aj.lexiel.bone.rod] run data modify entity @s {} merge value {transformation:[-0.0000032134094202471696f,-0.000004734870627974423f,-0.000008200914585228399f,0.2337378681847825f,0.000006627935292143487f,0.000005060792722276755f,-0.000005518953776333836f,1.1671225057844237f,0.0000067634660981648734f,-0.000007208978926206941f,0.000001512001713120284f,0.6218740100917894f,0f,0f,0f,1f],start_interpolation:0}
execute if entity @s[tag=aj.lexiel.bone.right_hand] run data modify entity @s {} merge value {transformation:[-0.3213409420247169f,-0.9146981444228384f,-0.24508631860649416f,-0.1707324742292254f,0.6627935292143486f,-0.03239687881993386f,-0.748101049240218f,1.1157838601417769f,0.6763466098164873f,-0.40283712196388133f,0.6166664548664873f,0.5031169149041669f,0f,0f,0f,1f],start_interpolation:0}
execute if entity @s[tag=aj.lexiel.bone.right_arm] run data modify entity @s {} merge value {transformation:[-0.029729939028069502f,-0.7675473391540861f,-0.6403024386045f,-0.40966195712025016f,0.6211528131687747f,0.48769395861364784f,-0.6134523497585342f,1.2487771967970176f,0.7831253497479854f,-0.41596356197295914f,0.46226507730182687f,0.3486556346079926f,0f,0f,0f,1f],start_interpolation:0}
execute if entity @s[tag=aj.lexiel.bone.left_hand] run data modify entity @s {} merge value {transformation:[-0.9842471399028189f,-0.041589762786720774f,-0.17183672257251964f,0.18985430689058475f,-0.06752057866743547f,0.9866894396394671f,0.14793553041906163f,1.0993783291802064f,0.16339687588670548f,0.15720763764937998f,-0.9739544237874612f,0.19428492688794433f,0f,0f,0f,1f],start_interpolation:0}
execute if entity @s[tag=aj.lexiel.bone.left_arm] run data modify entity @s {} merge value {transformation:[-0.9842471399028189f,-0.041589762786720774f,-0.17183672257251964f,0.1768575060197345f,-0.06752057866743547f,0.9866894396394671f,0.14793553041906163f,1.4077187790675398f,0.16339687588670548f,0.15720763764937998f,-0.9739544237874612f,0.24341231365337557f,0f,0f,0f,1f],start_interpolation:0}
execute if entity @s[tag=aj.lexiel.bone.skirt_right] run data modify entity @s {} merge value {transformation:[-0.984807753012208f,0.17364817766693036f,1.1878613382157826e-16f,-0.21875f,0.1684322017138207f,0.9552264834177743f,-0.24325492554755687f,0.7053966662737349f,-0.04224077452983818f,-0.23955933663764142f,-0.9699623916404453f,0.07649071301190553f,0f,0f,0f,1f],start_interpolation:0}
execute if entity @s[tag=aj.lexiel.bone.skirt_left] run data modify entity @s {} merge value {transformation:[-1f,2.4580404600985764e-17f,1.1997250325083e-16f,0.21875f,0f,0.9796498331956572f,-0.20071423546854159f,0.7053966662737349f,-1.2246467991473532e-16f,-0.20071423546854159f,-0.9796498331956572f,0.07649071301190559f,0f,0f,0f,1f],start_interpolation:0}
execute if entity @s[tag=aj.lexiel.bone.skirt_back_middle] run data modify entity @s {} merge value {transformation:[-1f,8.710561811697904e-18f,1.2215450846998305e-16f,2.5903072989045016e-17f,0f,0.9974672579476124f,-0.07112713492382075f,0.6976038679410123f,-1.2246467991473532e-16f,-0.07112713492382075f,-0.9974672579476124f,-0.21151464248369198f,0f,0f,0f,1f],start_interpolation:0}
execute if entity @s[tag=aj.lexiel.bone.skirt_front_middle] run data modify entity @s {} merge value {transformation:[-1f,3.494316137057389e-17f,1.1737364823523466e-16f,-1.8641727194046833e-17f,0f,0.9584285715436874f,-0.2853325660500862f,0.7888244650213461f,-1.2246467991473532e-16f,-0.2853325660500862f,-0.9584285715436874f,0.152221254381475f,0f,0f,0f,1f],start_interpolation:0}
execute if entity @s[tag=aj.lexiel.bone.skirt] run data modify entity @s {} merge value {transformation:[-1f,2.9790136594864325e-17f,1.1878613382157826e-16f,-8.808845624299186e-18f,0f,0.9699623916404453f,-0.24325492554755687f,0.7235834611169932f,-1.2246467991473532e-16f,-0.24325492554755687f,-0.9699623916404453f,0.07192968315788886f,0f,0f,0f,1f],start_interpolation:0}
execute if entity @s[tag=aj.lexiel.bone.rightupper] run data modify entity @s {} merge value {transformation:[-0.98346122723615f,0.17382108857244663f,-0.050894436735809956f,-0.13490220791193314f,0.18040110965263012f,0.9151049525921362f,-0.3606083268276593f,0.6677981043241346f,-0.016107580801145504f,-0.3638257205157902f,-0.9313277569856386f,-0.005371890555792853f,0f,0f,0f,1f],start_interpolation:0}
execute if entity @s[tag=aj.lexiel.bone.rightfoot] run data modify entity @s {} merge value {transformation:[-0.9747766681404204f,0.22201112372861076f,0.02283655380787778f,-0.15662467553305215f,0.22135215263759275f,0.9747856697233557f,-0.028215645034142478f,0.40480159212577554f,-0.028524932458543147f,-0.022449032111616196f,-0.9993409674307799f,0.18740982797093825f,0f,0f,0f,1f],start_interpolation:0}
execute if entity @s[tag=aj.lexiel.bone.leftupper] run data modify entity @s {} merge value {transformation:[-0.9990466999447866f,-0.04365392906886326f,0.00016064333890968469f,0.13536078870301074f,-0.04188454112854224f,0.9575030561021768f,-0.2853657000577385f,0.666808987052429f,0.012303517541058547f,-0.285100389392653f,-0.9584186931734349f,-0.004584190140750961f,0f,0f,0f,1f],start_interpolation:0}
execute if entity @s[tag=aj.lexiel.bone.leftfoot] run data modify entity @s {} merge value {transformation:[-0.9961946980917455f,-0.08715574274765815f,1.1878613382157826e-16f,0.1540644740461292f,-0.08453779268071793f,0.9662713919006009f,-0.24325492554755687f,0.4206484485951285f,0.02120106371312349f,-0.24232926711517846f,-0.9699623916404453f,0.19390908662388706f,0f,0f,0f,1f],start_interpolation:0}
execute if entity @s[tag=aj.lexiel.bone.lower] run data modify entity @s {} merge value {transformation:[-1f,2.9790136594864325e-17f,1.1878613382157826e-16f,0f,0f,0.9699623916404453f,-0.24325492554755687f,0.625f,-1.2246467991473532e-16f,-0.24325492554755687f,-0.9699623916404453f,0f,0f,0f,0f,1f],start_interpolation:0}
execute if entity @s[tag=aj.lexiel.bone.sucidesword] run data modify entity @s {} merge value {transformation:[-0.0000030424502846887396f,-4.4549554731315094e-7f,0.000011146139970075811f,0.046874999999999424f,0.000005751987846049491f,0.000009836252997946557f,0.0000019632037666239224f,1.8256179092920355f,-0.00000955769524174612f,0.000006061440994327303f,-0.0000023666011468331717f,4.708907278761062f,0f,0f,0f,1f],start_interpolation:0}