execute if entity @s[tag=aj.lexiel.bone.backhair] run data modify entity @s {} merge value {transformation:[-0.9998443781060052f,-0.009213948292366441f,0.015044026278935129f,0.004140037422410378f,-0.010567286291682187f,0.9956556863624887f,-0.09250992743739155f,1.4568970383092053f,-0.014126288622469773f,-0.09265450539993951f,-0.9955981069682923f,-0.3310984445381866f,0f,0f,0f,1f],start_interpolation:0}
execute if entity @s[tag=aj.lexiel.bone.head] run data modify entity @s {} merge value {transformation:[-0.9998443781060052f,-0.009213948292366441f,0.015044026278935129f,8.338671983064823e-18f,-0.010567286291682187f,0.9956556863624887f,-0.09250992743739155f,1.4970271078841764f,-0.014126288622469773f,-0.09265450539993951f,-0.9955981069682923f,-0.06809042402160795f,0f,0f,0f,1f],start_interpolation:0}
execute if entity @s[tag=aj.lexiel.bone.ring] run data modify entity @s {} merge value {transformation:[-0.984807753012208f,0.17364817766693033f,1.2199866483456202e-16f,0f,0.17298739392508944f,0.9810602621904069f,-0.08715574274765818f,0.9366675902075693f,-0.015134435901338743f,-0.08583165117743127f,-0.9961946980917455f,-0.019065318726050218f,0f,0f,0f,1f],start_interpolation:0}
execute if entity @s[tag=aj.lexiel.bone.bust] run data modify entity @s {} merge value {transformation:[-1f,7.024285468436541e-17f,1.0031719290535249e-16f,0f,0f,0.8191520442889919f,-0.573576436351046f,1.3943326317903795f,-1.2246467991473532e-16f,-0.573576436351046f,-0.8191520442889919f,0.01304372926676134f,0f,0f,0f,1f],start_interpolation:0}
execute if entity @s[tag=aj.lexiel.bone.left_wing] run data modify entity @s {} merge value {transformation:[-0.7896802348753721f,0.02450221431881583f,-0.6130291739718854f,0.125f,0.08362514213297327f,0.9941753819758722f,-0.06798636242930374f,1.1436907125716815f,0.607792696772853f,-0.10495213845655287f,-0.7871296503010029f,-0.1626549747135686f,0f,0f,0f,1f],start_interpolation:0}
execute if entity @s[tag=aj.lexiel.bone.right_wing] run data modify entity @s {} merge value {transformation:[-0.9525554479247912f,-0.03000677922767662f,0.30288233990971136f,-0.12499999999999994f,-0.05763034411884717f,0.9949084767544204f,-0.0826792980070723f,1.1436907125716815f,-0.298859267993388f,-0.09621182922375235f,-0.949434790731768f,-0.1626549747135686f,0f,0f,0f,1f],start_interpolation:0}
execute if entity @s[tag=aj.lexiel.bone.body] run data modify entity @s {} merge value {transformation:[-1f,1.0673500138322974e-17f,1.2199866483456202e-16f,0.49999999999999994f,0f,0.9961946980917455f,-0.08715574274765818f,0.2642305223279563f,-1.2246467991473532e-16f,-0.08715574274765818f,-0.9961946980917455f,0.541675220419702f,0f,0f,0f,1f],start_interpolation:0}
execute if entity @s[tag=aj.lexiel.locator_origin.locator_right_hand] at @s on origin run tp @s ^-1.10167 ^1.26884 ^-0.20065 ~13.46138 ~-5.3832
execute if entity @s[tag=aj.lexiel.bone.sword] run data modify entity @s {} merge value {transformation:[-0.0000014152255805544615f,0.0000023142563422910323f,0.000011239784712720705f,-1.013486360282735f,0.000011475311067198368f,3.6041983285183924e-7f,0.0000013706712607776298f,1.3186350547657064f,-7.601787407556961e-8f,0.000011322796535143285f,-0.000002340919938094477f,-0.26505288047104525f,0f,0f,0f,1f],start_interpolation:0}
execute if entity @s[tag=aj.lexiel.bone.rod] run data modify entity @s {} merge value {transformation:[-0.0000011492518247803851f,0.000005191553466960124f,0.000008469178994621218f,-1.036931275701583f,0.000009857272680038208f,0.0000016518210714863999f,3.250576243774239e-7f,1.329401382407818f,-0.0000012302014284706894f,0.000008385657979400774f,-0.00000530729165374401f,-0.15688300188190688f,0f,0f,0f,1f],start_interpolation:0}
execute if entity @s[tag=aj.lexiel.bone.right_hand] run data modify entity @s {} merge value {transformation:[-0.1149251824780385f,0.9659596559559365f,0.23176312367992957f,-0.6186317328250404f,0.9857272680038207f,0.1397864331428528f,-0.09381634304811962f,1.3974070858907877f,-0.12302014284706893f,0.21767337038482124f,-0.9682377540042524f,-0.12975797235298492f,0f,0f,0f,1f],start_interpolation:0}
execute if entity @s[tag=aj.lexiel.bone.right_arm] run data modify entity @s {} merge value {transformation:[-0.0933595938835292f,0.9702855856517763f,0.22322604800132945f,-0.3125f,0.9875917305497932f,0.11868483400629892f,-0.10284203385076413f,1.4036338549380751f,-0.12627968949742835f,0.21085490853496072f,-0.9693263885643196f,-0.05991957313901504f,0f,0f,0f,1f],start_interpolation:0}
execute if entity @s[tag=aj.lexiel.locator_origin.locator_left_hand] at @s on origin run tp @s ^1.02752 ^1.48132 ^-0.07233 ~-2.76223 ~-5.75635
execute if entity @s[tag=aj.lexiel.bone.left_hand] run data modify entity @s {} merge value {transformation:[0.10460206002903137f,-0.9933576254094026f,-0.04794827503337797f,0.591429692723047f,-0.9899792337443112f,-0.09940501979418448f,-0.10029834891335483f,1.4346979236237578f,0.09486583048026398f,0.05795921049075248f,-0.9938013906845665f,-0.0780318264173751f,0f,0f,0f,1f],start_interpolation:0}
execute if entity @s[tag=aj.lexiel.bone.left_arm] run data modify entity @s {} merge value {transformation:[0.10460206002903137f,-0.9933576254094026f,-0.04794827503337797f,0.2810054347826087f,-0.9899792337443112f,-0.09940501979418448f,-0.10029834891335483f,1.4036338549380751f,0.09486583048026398f,0.05795921049075248f,-0.9938013906845665f,-0.05991957313901496f,0f,0f,0f,1f],start_interpolation:0}
execute if entity @s[tag=aj.lexiel.bone.skirt_right] run data modify entity @s {} merge value {transformation:[-0.984807753012208f,0.17364817766693033f,1.2212905315288384e-16f,-0.21875f,0.17317227738603025f,0.9821087884011884f,-0.07398439085432451f,0.6911483134884654f,-0.01284725464765148f,-0.07286040171522425f,-0.9972593995094329f,0.0891002454970338f,0f,0f,0f,1f],start_interpolation:0}
execute if entity @s[tag=aj.lexiel.bone.skirt_left] run data modify entity @s {} merge value {transformation:[-1f,3.724656702304081e-18f,1.22408025713466e-16f,0.21875f,0f,0.9995373833393536f,-0.03041413005690565f,0.6911483134884654f,-1.2246467991473532e-16f,-0.03041413005690565f,-0.9995373833393536f,0.08910024549703385f,0f,0f,0f,1f],start_interpolation:0}
execute if entity @s[tag=aj.lexiel.bone.skirt_back_middle] run data modify entity @s {} merge value {transformation:[-1f,-1.2284661745671978e-17f,1.2184697334120777e-16f,2.400344282567134e-17f,0f,0.9949560430488398f,0.10031187567080598f,0.7326689160300263f,-1.2246467991473532e-16f,0.10031187567080598f,-0.9949560430488398f,-0.19600298504338948f,0f,0f,0f,1f],start_interpolation:0}
execute if entity @s[tag=aj.lexiel.bone.skirt_front_middle] run data modify entity @s {} merge value {transformation:[-1f,1.437904565837878e-17f,1.2161760099826354e-16f,-2.17949521066601e-17f,0f,0.9930830757320271f,-0.11741381815875429f,0.7604130626003979f,-1.2246467991473532e-16f,-0.11741381815875429f,-0.9930830757320271f,0.17796928977264787f,0f,0f,0f,1f],start_interpolation:0}
execute if entity @s[tag=aj.lexiel.bone.skirt] run data modify entity @s {} merge value {transformation:[-1f,9.060474744661523e-18f,1.2212905315288384e-16f,-1.0741749143656179e-17f,0f,0.9972593995094329f,-0.07398439085432451f,0.7098469272292673f,-1.2246467991473532e-16f,-0.07398439085432451f,-0.9972593995094329f,0.08771303816851524f,0f,0f,0f,1f],start_interpolation:0}
execute if entity @s[tag=aj.lexiel.bone.rightupper] run data modify entity @s {} merge value {transformation:[-0.9834611064978366f,0.17382151174454885f,-0.050895324548436344f,-0.1349020222186476f,0.18050166707990092f,0.9638041611338554f,-0.19621591974771588f,0.6680862819978237f,0.014946577783145964f,-0.2021574164751447f,-0.9792389794001602f,0.0020179576344856523f,0f,0f,0f,1f],start_interpolation:0}
execute if entity @s[tag=aj.lexiel.bone.rightfoot] run data modify entity @s {} merge value {transformation:[-0.974776525872679f,0.22201181946160514f,0.0228358627368861f,-0.15662476100320555f,0.22297196390454985f,0.9642927065393532f,0.14290933988916557f,0.37602412987051914f,0.009707106682137541f,0.14439642701381689f,-0.98947230580017f,0.14704045204751265f,0f,0f,0f,1f],start_interpolation:0}
execute if entity @s[tag=aj.lexiel.bone.leftupper] run data modify entity @s {} merge value {transformation:[-0.9990466999447866f,-0.04365392906886321f,0.00016064333891127312f,0.13536095323455524f,-0.043370650740898214f,0.9921315024231862f,-0.11744815261988008f,0.6669774029028231f,0.004967694006548948f,-0.11734315649564861f,-0.9930790027182607f,0.002625405180562368f,0f,0f,0f,1f],start_interpolation:0}
execute if entity @s[tag=aj.lexiel.bone.leftfoot] run data modify entity @s {} merge value {transformation:[-0.9961946980917455f,-0.08715574274765817f,1.2212905315288384e-16f,0.15406446566391613f,-0.0869168836763282f,0.993464526413455f,-0.07398439085432451f,0.3905275215035125f,0.006448164536641579f,-0.07370285791062552f,-0.9972593995094329f,0.15615024894252044f,0f,0f,0f,1f],start_interpolation:0}
execute if entity @s[tag=aj.lexiel.bone.lower] run data modify entity @s {} merge value {transformation:[-1f,9.060474744661523e-18f,1.2212905315288384e-16f,0f,0f,0.9972593995094329f,-0.07398439085432451f,0.625f,-1.2246467991473532e-16f,-0.07398439085432451f,-0.9972593995094329f,0f,0f,0f,0f,1f],start_interpolation:0}