execute if entity @s[tag=aj.lexiel.bone.backhair] run data modify entity @s {} merge value {transformation:[-0.977774865151424f,0.03542530670691415f,0.20664307567115756f,-0.004936994663548633f,0.09292899332513305f,0.9567422388419397f,0.2756963739610843f,1.5099872174802642f,-0.18793753025325208f,0.28877211787226575f,-0.9387705516588568f,0.009975487875603872f,0f,0f,0f,1f],start_interpolation:0}
execute if entity @s[tag=aj.lexiel.bone.head] run data modify entity @s {} merge value {transformation:[-0.977774865151424f,0.03542530670691415f,0.20664307567115756f,-0.059273041221404324f,0.09292899332513305f,0.9567422388419397f,0.2756963739610843f,1.4517044656287565f,-0.18793753025325208f,0.28877211787226575f,-0.9387705516588568f,0.2638484800017419f,0f,0f,0f,1f],start_interpolation:0}
execute if entity @s[tag=aj.lexiel.bone.ring] run data modify entity @s {} merge value {transformation:[-0.9280347850373459f,0.08659766965583772f,0.3622875672319787f,-0.016596451541993185f,0.21861009134310344f,0.9141078238569856f,0.3414916021315986f,0.9239772503760518f,-0.3015975227412304f,0.3961158037413106f,-0.8672549822876364f,0.07387757440048776f,0f,0f,0f,1f],start_interpolation:0}
execute if entity @s[tag=aj.lexiel.bone.bust] run data modify entity @s {} merge value {transformation:[-0.9289733788957353f,0.11543887551064741f,0.3516849830798551f,-0.07701423434520621f,0.05655575503754639f,0.983235000492041f,-0.17335045537739152f,1.3245461315375218f,-0.3658003661495895f,-0.1411481485116019f,-0.9199278734208314f,0.2892436446534219f,0f,0f,0f,1f],start_interpolation:0}
execute if entity @s[tag=aj.lexiel.bone.left_wing] run data modify entity @s {} merge value {transformation:[-0.957596232892544f,-0.07434491572292931f,-0.27835640509274967f,0.12821471518197786f,-0.16161500651364621f,0.9384269922229137f,0.30534467399489645f,1.1648214816388602f,0.23851633994257632f,0.3373834817734947f,-0.9106494066361607f,0.08507332178371957f,0f,0f,0f,1f],start_interpolation:0}
execute if entity @s[tag=aj.lexiel.bone.right_wing] run data modify entity @s {} merge value {transformation:[-0.7768413413943269f,-0.07714601986663017f,0.624952815754438f,-0.10402862954195596f,0.15513179910764902f,0.9384307169217481f,0.30867768698653564f,1.1789604203982469f,-0.6102881739033511f,0.33674364308249555f,-0.717043976083226f,-0.006376769753677791f,0f,0f,0f,1f],start_interpolation:0}
execute if entity @s[tag=aj.lexiel.bone.body] run data modify entity @s {} merge value {transformation:[-0.9289733788957353f,-0.07586949276339754f,0.3622875672319787f,0.32127765221357707f,0.05655575503754639f,0.9381817160048084f,0.3414916021315986f,0.050635463413023274f,-0.3658003661495895f,0.33772605440222964f,-0.8672549822876364f,0.44766464701749814f,0f,0f,0f,1f],start_interpolation:0}
execute if entity @s[tag=aj.lexiel.bone.sword] run data modify entity @s {} merge value {transformation:[0.000005454424673427031f,0.00000969275682493023f,-0.0000031608737501961304f,-0.5142054112266603f,0.000006835565159542946f,-8.171539272145938e-7f,0.000009289710149346985f,0.852704529650681f,0.0000075641064694749676f,-0.000006250930398109251f,-0.000006115682196324519f,0.6035901474403571f,0f,0f,0f,1f],start_interpolation:0}
execute if entity @s[tag=aj.lexiel.bone.rod] run data modify entity @s {} merge value {transformation:[0.0000036578548108182367f,0.0000072766830490188685f,-0.000005802584078416736f,-0.4111326648274045f,0.000006192503792153756f,0.0000027514425242167906f,0.000007354077836145936f,0.8182387916353012f,0.000006947877011514759f,-0.000006283267290196483f,-0.0000034996510101454013f,0.5800439724504975f,0f,0f,0f,1f],start_interpolation:0}
execute if entity @s[tag=aj.lexiel.bone.right_hand] run data modify entity @s {} merge value {transformation:[0.3657854810818236f,0.10423453782528763f,-0.9248438478760012f,-0.421164012070526f,0.6192503792153755f,0.7145681974231207f,0.32545546403937586f,1.1485830502369545f,0.6947877011514758f,-0.691756786996572f,0.19683139478453915f,0.31338483912614495f,0f,0f,0f,1f],start_interpolation:0}
execute if entity @s[tag=aj.lexiel.bone.right_arm] run data modify entity @s {} merge value {transformation:[0.3862111211247864f,0.2904596877629519f,-0.8754850882249134f,-0.3424644571797531f,0.4233728738356493f,0.7874270568734347f,0.4480112049980265f,1.3814236032025389f,0.8195098410755535f,-0.5436835475607928f,0.181140333697474f,0.11787404797978616f,0f,0f,0f,1f],start_interpolation:0}
execute if entity @s[tag=aj.lexiel.bone.left_hand] run data modify entity @s {} merge value {transformation:[-0.8432102984512714f,-0.25670278066541863f,0.4723347065210855f,0.2933030772022157f,-0.19215316827988377f,0.9645004329832539f,0.18115207615458934f,1.0461955470808848f,-0.5020692706248019f,0.06198868585280301f,-0.8626029505633064f,0.31725980048009367f,0f,0f,0f,1f],start_interpolation:0}
execute if entity @s[tag=aj.lexiel.bone.left_arm] run data modify entity @s {} merge value {transformation:[-0.8432102984512714f,-0.25670278066541863f,0.4723347065210855f,0.21308345824427236f,-0.19215316827988377f,0.9645004329832539f,0.18115207615458934f,1.3476019323881516f,-0.5020692706248019f,0.06198868585280301f,-0.8626029505633064f,0.3366312648090946f,0f,0f,0f,1f],start_interpolation:0}
execute if entity @s[tag=aj.lexiel.bone.skirt_right] run data modify entity @s {} merge value {transformation:[-0.984807753012208f,0.17364817766693036f,1.1975957021530795e-16f,-0.21875f,0.16981248095811804f,0.9630544360019534f,-0.2090212300408939f,0.702659212057612f,-0.036296155690301576f,-0.20584572788842054f,-0.9779111030110006f,0.07926853037360321f,0f,0f,0f,1f],start_interpolation:0}
execute if entity @s[tag=aj.lexiel.bone.skirt_left] run data modify entity @s {} merge value {transformation:[-1f,2.0349515592837785e-17f,1.2076214241953241e-16f,0.21875f,0f,0.9860977263290258f,-0.16616640493410761f,0.702659212057612f,-1.2246467991473532e-16f,-0.16616640493410761f,-0.9860977263290258f,0.07926853037360326f,0f,0f,0f,1f],start_interpolation:0}
execute if entity @s[tag=aj.lexiel.bone.skirt_back_middle] run data modify entity @s {} merge value {transformation:[-1f,4.412800051608117e-18f,1.2238515033419334e-16f,2.5574641300561958e-17f,0f,0.9993505916922548f,-0.03603324693030252f,0.7049914350467981f,-1.2246467991473532e-16f,-0.03603324693030252f,-0.9993505916922548f,-0.20883279422579656f,0f,0f,0f,1f],start_interpolation:0}
execute if entity @s[tag=aj.lexiel.bone.skirt_front_middle] run data modify entity @s {} merge value {transformation:[-1f,3.079719376069313e-17f,1.1852902886248964e-16f,-1.933519753017852e-17f,0f,0.9678629703275603f,-0.2514781713563073f,0.7833743963121332f,-1.2246467991473532e-16f,-0.2514781713563073f,-0.9678629703275603f,0.15788386940332869f,0f,0f,0f,1f],start_interpolation:0}
execute if entity @s[tag=aj.lexiel.bone.skirt] run data modify entity @s {} merge value {transformation:[-1f,2.559771803234233e-17f,1.1975957021530795e-16f,-9.227637986408377e-18f,0f,0.9779111030110006f,-0.2090212300408939f,0.7209950452390682f,-1.2246467991473532e-16f,-0.2090212300408939f,-0.9779111030110006f,0.07534938231033647f,0f,0f,0f,1f],start_interpolation:0}
execute if entity @s[tag=aj.lexiel.bone.rightupper] run data modify entity @s {} merge value {transformation:[-0.9834611064978366f,0.17382151174454888f,-0.05089532454843636f,-0.1349020222186476f,0.18085636460306578f,0.9273230321906796f,-0.32766288979871816f,0.6679600195871988f,-0.009758452162815979f,-0.3314484515328494f,-0.9434228620231029f,-0.0038647854375218962f,0f,0f,0f,1f],start_interpolation:0}
execute if entity @s[tag=aj.lexiel.bone.rightfoot] run data modify entity @s {} merge value {transformation:[-0.974776525872679f,0.22201181946160517f,0.022835862736886092f,-0.15662476100320555f,0.22221840734627876f,0.9749723962340247f,0.006914189624791567f,0.3983527088907336f,-0.020729303993950583f,0.011814338789448264f,-0.999715318155571f,0.17955746678403667f,0f,0f,0f,1f],start_interpolation:0}
execute if entity @s[tag=aj.lexiel.bone.leftupper] run data modify entity @s {} merge value {transformation:[-0.9990466999447866f,-0.043653929068863194f,0.00016064333891127033f,0.13536095323455524f,-0.04229100756062592f,0.9669298680046687f,-0.2515116320172512f,0.6669441307618583f,0.010824140101585803f,-0.2512786597332227f,-0.9678542623524147f,-0.003112073498522258f,0f,0f,0f,1f],start_interpolation:0}
execute if entity @s[tag=aj.lexiel.bone.leftfoot] run data modify entity @s {} merge value {transformation:[-0.9961946980917455f,-0.08715574274765815f,1.1975957021530795e-16f,0.15406446566391613f,-0.08523056852410543f,0.9741898560246096f,-0.2090212300408939f,0.41396097873280274f,0.018217400554243108f,-0.20822584115535359f,-0.9779111030110006f,0.1866086142697607f,0f,0f,0f,1f],start_interpolation:0}
execute if entity @s[tag=aj.lexiel.bone.lower] run data modify entity @s {} merge value {transformation:[-1f,2.559771803234233e-17f,1.1975957021530795e-16f,0f,0f,0.9779111030110006f,-0.2090212300408939f,0.625f,-1.2246467991473532e-16f,-0.2090212300408939f,-0.9779111030110006f,0f,0f,0f,0f,1f],start_interpolation:0}
execute if entity @s[tag=aj.lexiel.bone.sucidesword] run data modify entity @s {} merge value {transformation:[0.000011208027587754228f,5.339374141176353e-7f,0.0000027904183700559274f,0.04687499999999917f,-0.0000012515727427015845f,0.000011123056477107101f,0.000002898721533161167f,2.696746001490449f,-0.000002550507696884415f,-0.0000031119016203747775f,0.000010839851707622307f,6.780257139983674f,0f,0f,0f,1f],start_interpolation:0}