execute if entity @s[tag=aj.lexiel.bone.backhair] run data modify entity @s {} merge value {transformation:[-0.9999999988688776f,-0.000026029365051196538f,-0.000039808505201587164f,-0.000010143202185056245f,-0.00003930663512988698f,0.9235281197596855f,0.3835307164597486f,1.5799550417435855f,0.00002678121293218771f,0.38353071759066687f,-0.923528119738189f,-0.14961041265538788f,0f,0f,0f,1f],start_interpolation:0}
execute if entity @s[tag=aj.lexiel.bone.head] run data modify entity @s {} merge value {transformation:[-0.9999999988688776f,-0.000026156911542854018f,-0.00003972481478739144f,-1.2488162773998306e-17f,-0.00003930663512988698f,0.9247534922039462f,0.38056665265311174f,1.4933162979482892f,0.00002678121293218771f,0.38056665378409316f,-0.924753492186077f,0.10197358767191529f,0f,0f,0f,1f],start_interpolation:0}
execute if entity @s[tag=aj.lexiel.bone.left_wing] run data modify entity @s {} merge value {transformation:[-0.7927182128111291f,-0.002909167949029904f,-0.6095813086204119f,0.125f,-0.08301211669456347f,0.9911883689743574f,0.10322114944061275f,1.1688229008785485f,0.6039096153891058f,0.13242791983489535f,-0.7859745686017994f,-0.06682539857545372f,0f,0f,0f,1f],start_interpolation:0}
execute if entity @s[tag=aj.lexiel.bone.right_wing] run data modify entity @s {} merge value {transformation:[-0.9535746617709269f,0.0036206452274408075f,0.3011349454257999f,-0.12499999999999994f,0.04303300056868391f,0.9913048638592792f,0.12434961902230192f,1.1688229008785485f,-0.29806631022394686f,0.13153538617829422f,-0.9454390074946183f,-0.06682539857545378f,0f,0f,0f,1f],start_interpolation:0}
execute if entity @s[tag=aj.lexiel.locator_origin.locator_right_hand] at @s on origin run tp @s ^-1.12531 ^1.37266 ^0.11579 ~0.13207 ~7.47798
execute if entity @s[tag=aj.lexiel.bone.sword] run data modify entity @s {} merge value {transformation:[3.1879021707913565e-7f,0.0000047149225678991235f,0.000010552690852394479f,-1.0465995495255265f,0.000011210168039102225f,-0.000002696861548248493f,8.663005106022645e-7f,1.4285995041759552f,0.000002814589061050589f,0.000010207244937704505f,-0.000004645604960510535f,0.04451413366256424f,0f,0f,0f,1f],start_interpolation:0}
execute if entity @s[tag=aj.lexiel.bone.rod] run data modify entity @s {} merge value {transformation:[8.825358476308262e-8f,0.000007054613922586365f,0.000007086934013240639f,-1.0444498864821006f,0.000009914536643877048f,-9.842426317872851e-7f,8.562882569507091e-7f,1.4141084881891548f,0.0000013016045643726475f,0.000007018809645874651f,-0.00000700300911844196f,0.15474883740123807f,0f,0f,0f,1f],start_interpolation:0}
execute if entity @s[tag=aj.lexiel.bone.right_hand] run data modify entity @s {} merge value {transformation:[0.00882535847630826f,0.9999584441897897f,0.0022853755270200397f,-0.6247113116345957f,0.9914536643877047f,-0.009047740612942825f,0.13014518724099386f,1.4341733964590062f,0.13016045643726473f,0.0011172660093979494f,-0.9914923132817051f,0.09349543957719118f,0f,0f,0f,1f],start_interpolation:0}
execute if entity @s[tag=aj.lexiel.bone.right_arm] run data modify entity @s {} merge value {transformation:[0.00882535847630826f,0.9999587330783369f,0.0021552698512684095f,-0.3125f,0.9914536643877047f,-0.009030807207666308f,0.13014636335053856f,1.4003683421944948f,0.13016045643726473f,0.0009882618808280176f,-0.991492450257942f,0.08973675715128542f,0f,0f,0f,1f],start_interpolation:0}
execute if entity @s[tag=aj.lexiel.locator_origin.locator_left_hand] at @s on origin run tp @s ^1.02648 ^1.37027 ^0.11621 ~-0.08326 ~7.48736
execute if entity @s[tag=aj.lexiel.bone.left_hand] run data modify entity @s {} merge value {transformation:[-0.03518294897403061f,-0.9993798499200404f,-0.0014407204058489282f,0.5892083770130561f,-0.9908663880920989f,0.03469538131390877f,0.13030744976707975f,1.3895260355338983f,-0.1301766532478397f,0.006012161780885329f,-0.9914725880526966f,0.08785795659475881f,0f,0f,0f,1f],start_interpolation:0}
execute if entity @s[tag=aj.lexiel.bone.left_arm] run data modify entity @s {} merge value {transformation:[-0.03518294897403061f,-0.9993798499200404f,-0.0014407204058489282f,0.2769021739130435f,-0.9908663880920989f,0.03469538131390877f,0.13030744976707975f,1.4003683421944948f,-0.1301766532478397f,0.006012161780885329f,-0.9914725880526966f,0.08973675715128548f,0f,0f,0f,1f],start_interpolation:0}
execute if entity @s[tag=aj.lexiel.bone.skirt_right] run data modify entity @s {} merge value {transformation:[-0.984807753012208f,0.172484008467293f,-0.020073774684911165f,-0.21875f,0.16879298411581714f,0.9779995384090642f,0.12257989796428637f,0.6607009624435625f,0.040775214534362565f,0.11732932154713989f,-0.9922556183690595f,0.10507090180256061f,0f,0f,0f,1f],start_interpolation:0}
execute if entity @s[tag=aj.lexiel.bone.skirt_left] run data modify entity @s {} merge value {transformation:[-1f,-3.392166334074927e-17f,1.176729305440102e-16f,0.21875f,0f,0.9608723970530823f,0.2769914016381446f,0.6607009624435625f,-1.2246467991473532e-16f,0.2769914016381446f,-0.9608723970530823f,0.10507090180256067f,0f,0f,0f,1f],start_interpolation:0}
execute if entity @s[tag=aj.lexiel.bone.skirt_back_middle] run data modify entity @s {} merge value {transformation:[-1f,-4.899085835972248e-17f,1.1223855676101767e-16f,1.8815402356996147e-17f,0f,0.916497367560692f,0.40004071699556f,0.787495213272151f,-1.2246467991473532e-16f,0.40004071699556f,-0.916497367560692f,-0.15363941970939016f,0f,0f,0f,1f],start_interpolation:0}
execute if entity @s[tag=aj.lexiel.bone.skirt_front_middle] run data modify entity @s {} merge value {transformation:[-1f,-2.3536709507650752e-17f,1.2018161728056019e-16f,-2.5824812953624667e-17f,0f,0.9813573788314746f,0.1921918182780368f,0.6994395500580246f,-1.2246467991473532e-16f,0.1921918182780368f,-0.9813573788314746f,0.21087560079857234f,0f,0f,0f,1f],start_interpolation:0}
execute if entity @s[tag=aj.lexiel.bone.skirt] run data modify entity @s {} merge value {transformation:[-1f,-2.87565562938606e-17f,1.190405741616555e-16f,-1.3406659788113063e-17f,0f,0.9720400546879001f,0.2348151019043371f,0.6789267134689606f,-1.2246467991473532e-16f,0.2348151019043371f,-0.9720400546879001f,0.10947368496326697f,0f,0f,0f,1f],start_interpolation:0}
execute if entity @s[tag=aj.lexiel.bone.rightupper] run data modify entity @s {} merge value {transformation:[-0.9830828129123981f,0.16693611002279127f,-0.07536921206106198f,-0.1358323056097854f,0.16734350063285525f,0.9858982212223538f,0.000922055605911791f,0.6616639942749969f,0.074460296482007f,-0.011706090767516712f,-0.9971552695978467f,0.013376028142976233f,0f,0f,0f,1f],start_interpolation:0}
execute if entity @s[tag=aj.lexiel.bone.rightfoot] run data modify entity @s {} merge value {transformation:[-0.9746089214134921f,0.2238997517194829f,-0.002520214511425478f,-0.1533540596638572f,0.210068972212467f,0.918185694909051f,0.33586612895316054f,0.34655493978774354f,0.07751436779608954f,0.32680870680619456f,-0.9419063604949461f,0.09824636386947855f,0f,0f,0f,1f],start_interpolation:0}
execute if entity @s[tag=aj.lexiel.bone.leftupper] run data modify entity @s {} merge value {transformation:[-0.9990221969074656f,-0.0442112783683267f,0.00011380342371763572f,0.13535268312564475f,-0.04336393642724039f,0.980370287588105f,0.1923373812651891f,0.6641705465299508f,-0.008615050998988828f,0.19214437821454677f,-0.9813288535536037f,0.01535213274748036f,0f,0f,0f,1f],start_interpolation:0}
execute if entity @s[tag=aj.lexiel.bone.leftfoot] run data modify entity @s {} merge value {transformation:[-0.9961461434232906f,-0.08770892702965119f,-0.00007114922650883951f,0.15422503307029545f,-0.08526947908630116f,0.9682497103072872f,0.23499279654109662f,0.3539965067791826f,-0.02054207582636094f,0.23409323486414918f,-0.9719971093123592f,0.07683493869578853f,0f,0f,0f,1f],start_interpolation:0}
execute if entity @s[tag=aj.lexiel.bone.lower] run data modify entity @s {} merge value {transformation:[-1f,-2.87565562938606e-17f,1.190405741616555e-16f,0f,0f,0.9720400546879001f,0.2348151019043371f,0.625f,-1.2246467991473532e-16f,0.2348151019043371f,-0.9720400546879001f,0f,0f,0f,0f,1f],start_interpolation:0}