execute if entity @s[tag=aj.lexiel.bone.backhair] run data modify entity @s {} merge value {transformation:[-0.9999647966177775f,-0.006536701209638622f,-0.005260899396753091f,-0.0012230147111251526f,-0.006934209011412904f,0.9968129452454693f,0.0794724413645331f,1.4884195073454956f,0.004724645018717083f,0.07950612384180875f,-0.9968231809107863f,-0.16406270106856607f,0f,0f,0f,1f],start_interpolation:0}
execute if entity @s[tag=aj.lexiel.bone.head] run data modify entity @s {} merge value {transformation:[-0.9999647966177775f,-0.006737889404948222f,-0.005000637112762187f,-1.2488162773998306e-17f,-0.006934209011412904f,0.9991619793777576f,0.040339257694056496f,1.4933162979482892f,0.004724645018717083f,0.04037251307867948f,-0.9991735274301251f,0.10197358767191529f,0f,0f,0f,1f],start_interpolation:0}
execute if entity @s[tag=aj.lexiel.bone.left_wing] run data modify entity @s {} merge value {transformation:[-0.7826864680897344f,-0.013596984527418287f,-0.6222676391079472f,0.125f,-0.09633657612776478f,0.9903598750939826f,0.09953181352618122f,1.1688229008785485f,0.6149155688134728f,0.13784933737814004f,-0.7764511597101333f,-0.06682539857545372f,0f,0f,0f,1f],start_interpolation:0}
execute if entity @s[tag=aj.lexiel.bone.right_wing] run data modify entity @s {} merge value {transformation:[-0.9513011969711657f,0.01754436672765239f,0.30776326589986847f,-0.12499999999999994f,0.058036854048777155f,0.990718631075429f,0.12291589649898384f,1.1688229008785485f,-0.3027503199227846f,0.1347916512108729f,-0.9434900394548412f,-0.06682539857545378f,0f,0f,0f,1f],start_interpolation:0}
execute if entity @s[tag=aj.lexiel.bone.sword] run data modify entity @s {} merge value {transformation:[4.132902876412421e-7f,0.00000212208600129729f,0.000011358580386264805f,-1.0204749422408432f,0.000011207812607719454f,-0.00000283924316680392f,1.2264191780203439e-7f,1.470595209484175f,0.0000028116781356311633f,0.000011005764648258447f,-0.000002158475577521865f,-0.08580714146452595f,0f,0f,0f,1f],start_interpolation:0}
execute if entity @s[tag=aj.lexiel.bone.rod] run data modify entity @s {} merge value {transformation:[4.431906437526e-7f,0.00000522341033891763f,0.000008515842088987947f,-1.0440230589821993f,0.000009907075464915973f,-0.0000013269705776669474f,2.9833675346195587e-7f,1.4576430497077384f,0.0000012858607178657134f,0.00000842348701650894f,-0.000005233682135643625f,0.02210060268592532f,0f,0f,0f,1f],start_interpolation:0}
execute if entity @s[tag=aj.lexiel.bone.right_hand] run data modify entity @s {} merge value {transformation:[0.044319064375259995f,0.971511856020577f,0.2328100817068613f,-0.6208388651813079f,0.9907075464915973f,-0.07273539524532004f,0.11492658353534568f,1.4500025864257675f,0.12858607178657133f,0.22555326619218113f,-0.965707691929881f,0.056624848141178824f,0f,0f,0f,1f],start_interpolation:0}
execute if entity @s[tag=aj.lexiel.bone.right_arm] run data modify entity @s {} merge value {transformation:[0.044319064375259995f,0.9911162750177115f,0.12539677000592117f,-0.3125f,0.9907075464915973f,-0.05975882689091311f,0.12217790280251824f,1.4003683421944948f,0.12858607178657133f,0.11881671601099822f,-0.9845548284066564f,0.08973675715128542f,0f,0f,0f,1f],start_interpolation:0}
execute if entity @s[tag=aj.lexiel.bone.left_hand] run data modify entity @s {} merge value {transformation:[0.010862058994143513f,-0.9953295566821871f,-0.09592230850667045f,0.5893285299414444f,-0.9916264146601342f,-0.02306699941408806f,0.12706284778139662f,1.4075767795113974f,-0.12868204778715506f,0.09373893072182751f,-0.9872456348064714f,0.06044334130071439f,0f,0f,0f,1f],start_interpolation:0}
execute if entity @s[tag=aj.lexiel.bone.left_arm] run data modify entity @s {} merge value {transformation:[0.010862058994143513f,-0.9953295566821871f,-0.09592230850667045f,0.27828804347826086f,-0.9916264146601342f,-0.02306699941408806f,0.12706284778139662f,1.4003683421944948f,-0.12868204778715506f,0.09373893072182751f,-0.9872456348064714f,0.08973675715128548f,0f,0f,0f,1f],start_interpolation:0}
execute if entity @s[tag=aj.lexiel.bone.skirt_right] run data modify entity @s {} merge value {transformation:[-0.984807753012208f,0.17300904869385586f,-0.014884847231087336f,-0.21875000000000003f,0.16382598353737493f,0.9541039529016876f,0.25069242943373066f,0.6499333378495337f,0.057573750312599495f,0.24444532339036734f,-0.9679523475603131f,0.10813316692246187f,0f,0f,0f,1f],start_interpolation:0}
execute if entity @s[tag=aj.lexiel.bone.skirt_left] run data modify entity @s {} merge value {transformation:[-1f,-4.560469057263092e-17f,1.136565441336009e-16f,0.21874999999999997f,0f,0.9280761131514246f,0.372390558685024f,0.6499333378495337f,-1.2246467991473532e-16f,0.372390558685024f,-0.9280761131514246f,0.10813316692246192f,0f,0f,0f,1f],start_interpolation:0}
execute if entity @s[tag=aj.lexiel.bone.skirt_back_middle] run data modify entity @s {} merge value {transformation:[-1f,-6.004969204942674e-17f,1.0673159003494509e-16f,1.671473258060475e-17f,0f,0.871529571703905f,0.4903429469724306f,0.8021476691579943f,-1.2246467991473532e-16f,0.4903429469724306f,-0.871529571703905f,-0.13648614924925456f,0f,0f,0f,1f],start_interpolation:0}
execute if entity @s[tag=aj.lexiel.bone.skirt_front_middle] run data modify entity @s {} merge value {transformation:[-1f,-3.5525330434473554e-17f,1.1719875734895847e-16f,-2.6611873776236914e-17f,0f,0.9570004790814528f,0.29008633721337185f,0.6778149139439642f,-1.2246467991473532e-16f,0.29008633721337185f,-0.9570004790814528f,0.21730244013837405f,0f,0f,0f,1f],start_interpolation:0}
execute if entity @s[tag=aj.lexiel.bone.skirt] run data modify entity @s {} merge value {transformation:[-1f,-4.060365618720889e-17f,1.1553761695157777e-16f,-1.400381222883611e-17f,0f,0.9434362383670096f,0.33155401390408024f,0.6676227673189151f,-1.2246467991473532e-16f,0.33155401390408024f,-0.9434362383670096f,0.11434980468316341f,0f,0f,0f,1f],start_interpolation:0}
execute if entity @s[tag=aj.lexiel.bone.rightupper] run data modify entity @s {} merge value {transformation:[-0.9823732050900358f,0.17396258320957045f,-0.06840983528838344f,-0.13548723680422736f,0.16376631358040686f,0.9773903657118902f,0.1337485235427357f,0.6612219015774691f,0.09013035258676359f,0.120187739210916f,-0.9886513171416678f,0.017568576343701698f,0f,0f,0f,1f],start_interpolation:0}
execute if entity @s[tag=aj.lexiel.bone.rightfoot] run data modify entity @s {} merge value {transformation:[-0.9736196902851073f,0.22808677112475573f,0.006412762822289378f,-0.15582170819120075f,0.2056409810228091f,0.8649349316246828f,0.4578202168749018f,0.33778932149217483f,0.09887611244940958f,0.44706150459784477f,-0.8890216676176137f,0.059778734350441926f,0f,0f,0f,1f],start_interpolation:0}
execute if entity @s[tag=aj.lexiel.bone.leftupper] run data modify entity @s {} merge value {transformation:[-0.9987257389632097f,-0.05046500707797636f,-0.0004259025834697759f,0.13525900235777827f,-0.04838705033345458f,0.9551360797235313f,0.2921878891576306f,0.6625483609000785f,-0.014338468970519356f,0.29183617368479847f,-0.9563608398698672f,0.019277877691227893f,0f,0f,0f,1f],start_interpolation:0}
execute if entity @s[tag=aj.lexiel.bone.leftfoot] run data modify entity @s {} merge value {transformation:[-0.9955798865954083f,-0.09391436835909994f,-0.000883641547978147f,0.15602753450376178f,-0.08882614963965055f,0.9385006475282617f,0.33365618491079724f,0.34781901232279405f,-0.030505811690044207f,0.33225987721171657f,-0.9426944199730827f,0.048578469432437994f,0f,0f,0f,1f],start_interpolation:0}
execute if entity @s[tag=aj.lexiel.bone.lower] run data modify entity @s {} merge value {transformation:[-1f,-4.060365618720889e-17f,1.1553761695157777e-16f,0f,0f,0.9434362383670096f,0.33155401390408024f,0.625f,-1.2246467991473532e-16f,0.33155401390408024f,-0.9434362383670096f,0f,0f,0f,0f,1f],start_interpolation:0}