execute if entity @s[tag=aj.lexiel.bone.backhair] run data modify entity @s {} merge value {transformation:[-0.99639762188157f,-0.01930038951715341f,0.08257889605243013f,-0.09493054499208023f,0.016121380682371345f,0.9128921301727497f,0.4078824092229932f,1.518039723196583f,-0.08325791369981572f,0.4077443483767069f,-0.9092923986118046f,0.06722107491463883f,0f,0f,0f,1f],start_interpolation:0}
execute if entity @s[tag=aj.lexiel.bone.head] run data modify entity @s {} merge value {transformation:[-0.99639762188157f,-0.01930038951715341f,0.08257889605243013f,-0.1171671328422125f,0.016121380682371345f,0.9128921301727497f,0.4078824092229932f,1.4239598977806747f,-0.08325791369981572f,0.4077443483767069f,-0.9092923986118046f,0.31512287373928544f,0f,0f,0f,1f],start_interpolation:0}
execute if entity @s[tag=aj.lexiel.bone.ring] run data modify entity @s {} merge value {transformation:[-0.9558818427231307f,0.016260239591704834f,0.2933010524370006f,-0.03280679719581947f,0.14716032536002216f,0.8906454525289974f,0.4302261225557436f,0.9162087713785888f,-0.254231668743617f,0.4544076171212776f,-0.8537446785251421f,0.08823440464699994f,0f,0f,0f,1f],start_interpolation:0}
execute if entity @s[tag=aj.lexiel.bone.bust] run data modify entity @s {} merge value {transformation:[-0.9441834106508625f,0.016769292900174454f,0.32899312738617026f,-0.12184474738821216f,-0.009734330428650032f,0.9968470599700849f,-0.07874758307468044f,1.294308009532686f,-0.3292763730710276f,-0.07755468937869597f,-0.9410432191416946f,0.33236857018478005f,0f,0f,0f,1f],start_interpolation:0}
execute if entity @s[tag=aj.lexiel.bone.left_wing] run data modify entity @s {} merge value {transformation:[-0.9110822467835287f,-0.23001792041028332f,-0.3420831710067098f,0.08907196349434388f,-0.34704770444675f,0.8758231028057184f,0.33539794786194665f,1.168662599380227f,0.2224568057716343f,0.4242942951323908f,-0.8777740715491598f,0.1109102711122355f,0f,0f,0f,1f],start_interpolation:0}
execute if entity @s[tag=aj.lexiel.bone.right_wing] run data modify entity @s {} merge value {transformation:[-0.8249006290587014f,-0.042984167158104755f,0.5636411212396438f,-0.14697388916837173f,0.23653965676087105f,0.879363242188294f,0.4132423974709529f,1.1662290167730645f,-0.5134081640936459f,0.4742073909818528f,-0.715219831506493f,0.02859117784447862f,0f,0f,0f,1f],start_interpolation:0}
execute if entity @s[tag=aj.lexiel.bone.body] run data modify entity @s {} merge value {transformation:[-0.9441834106508625f,-0.149973930038032f,0.2933010524370006f,0.40042814412594696f,-0.009734330428650032f,0.9026686691592636f,0.4302261225557436f,0.05716976935682139f,-0.3292763730710276f,0.4033572783862854f,-0.8537446785251421f,0.38983188660494217f,0f,0f,0f,1f],start_interpolation:0}
execute if entity @s[tag=aj.lexiel.bone.sword] run data modify entity @s {} merge value {transformation:[-0.42891291160407136f,0.12451952916240798f,-1.0665095703351612f,-0.44554019020629504f,0.4487286977996599f,1.0641409333578222f,-0.05622003400358751f,0.6810811223294209f,0.9754949167116863f,-0.43475628035661024f,-0.4430696408694068f,0.30326471482196404f,0f,0f,0f,1f],start_interpolation:0}
execute if entity @s[tag=aj.lexiel.bone.rod] run data modify entity @s {} merge value {transformation:[-0.000004875472991861051f,0.000003905254950127667f,-0.000007808888965796405f,-0.3541131787075662f,0.000003205673183522307f,0.000009119917509888867f,0.00000255944604421903f,0.7346412922334152f,0.000008121171254571563f,-0.0000012554235888041306f,-0.000005698288257590586f,0.3370102813580987f,0f,0f,0f,1f],start_interpolation:0}
execute if entity @s[tag=aj.lexiel.bone.right_hand] run data modify entity @s {} merge value {transformation:[-0.487547299186105f,-0.2760286083749838f,-0.8283150598745049f,-0.5307804174826568f,0.3205673183522307f,0.8258557169052709f,-0.463895386115599f,1.0562429634722543f,0.8121171254571562f,-0.49170168010029325f,-0.3141579735193027f,0.12324355362363823f,0f,0f,0f,1f],start_interpolation:0}
execute if entity @s[tag=aj.lexiel.bone.right_arm] run data modify entity @s {} merge value {transformation:[-0.5415684200078621f,0.37021443720918257f,-0.7547482473858924f,-0.39816439272954157f,-0.008712143201743239f,0.8952880442903419f,0.44540253289761056f,1.3362927317880406f,0.8406115303819123f,0.24779142082134922f,-0.48163437040593016f,0.1744092623058751f,0f,0f,0f,1f],start_interpolation:0}
execute if entity @s[tag=aj.lexiel.bone.left_hand] run data modify entity @s {} merge value {transformation:[-0.9191898373436781f,0.15091064375652674f,0.3637526914334703f,0.1601739928948133f,0.22769203695334653f,0.9572848214964069f,0.17821926618810915f,1.043383780454812f,-0.3213197460974639f,0.24664092955870653f,-0.9142876312377187f,0.3084965176904506f,0f,0f,0f,1f],start_interpolation:0}
execute if entity @s[tag=aj.lexiel.bone.left_arm] run data modify entity @s {} merge value {transformation:[-0.9191898373436781f,0.15091064375652674f,0.3637526914334703f,0.2073335690687279f,0.22769203695334653f,0.9572848214964069f,0.17821926618810915f,1.3425352871724392f,-0.3213197460974639f,0.24664092955870653f,-0.9142876312377187f,0.3855718081775464f,0f,0f,0f,1f],start_interpolation:0}
execute if entity @s[tag=aj.lexiel.bone.skirt_right] run data modify entity @s {} merge value {transformation:[-0.9825210817717384f,0.18615134668890518f,1.1882695554102554e-16f,-0.21875f,0.18062185613276605f,0.9533360066191866f,-0.24192189559966767f,0.7052914864601062f,-0.04503408665941097f,-0.237693362568855f,-0.9702957262759965f,0.07660111178714439f,0f,0f,0f,1f],start_interpolation:0}
execute if entity @s[tag=aj.lexiel.bone.rightupper] run data modify entity @s {} merge value {transformation:[-0.9805375028396196f,0.18940632489497114f,-0.051686067898649955f,-0.13467656016424928f,0.19521567240059584f,0.9125392133949951f,-0.3593925782005343f,0.6679196304510853f,-0.02090566368777737f,-0.3624878316664223f,-0.9317540046168565f,-0.005364135857757975f,0f,0f,0f,1f],start_interpolation:0}
execute if entity @s[tag=aj.lexiel.bone.rightfoot] run data modify entity @s {} merge value {transformation:[-0.9711748596585748f,0.2367898731465433f,0.027385177421219174f,-0.16132105174221284f,0.23603654736491844f,0.9713372403525589f,-0.028119633929409527f,0.4051962330000726f,-0.03325868721396435f,-0.020845178807564535f,-0.9992293721890306f,0.18717237892975183f,0f,0f,0f,1f],start_interpolation:0}
execute if entity @s[tag=aj.lexiel.bone.sucidesword] run data modify entity @s {} merge value {transformation:[-1.1443578230109516e-7f,-0.000011543090725738961f,-6.598236121027265e-7f,0.04687499999999976f,-1.1285598222098362e-7f,6.60939681922199e-7f,-0.000011543042428845936f,0.6807064048672565f,0.00001156138288566753f,-1.0780298799076496e-7f,-1.1920795600206166e-7f,1.986562146017699f,0f,0f,0f,1f],start_interpolation:0}