execute if entity @s[tag=aj.lexiel.bone.backhair] run data modify entity @s {} merge value {transformation:[-1f,8.582295264632639e-19f,1.2246167265188924e-16f,1.9993296391019343e-17f,0f,0.9999754438353314f,-0.007007975908325539f,1.4720285203895835f,-1.2246467991473532e-16f,-0.007007975908325539f,-0.9999754438353314f,-0.16325765441055706f,0f,0f,0f,1f],start_interpolation:0}
execute if entity @s[tag=aj.lexiel.bone.head] run data modify entity @s {} merge value {transformation:[-1f,2.612426049538893e-18f,1.224368125065099e-16f,-1.2488162773998306e-17f,0f,0.9997724453430589f,-0.021332077553771145f,1.4933162979482892f,-1.2246467991473532e-16f,-0.021332077553771145f,-0.9997724453430589f,0.10197358767191529f,0f,0f,0f,1f],start_interpolation:0}
execute if entity @s[tag=aj.lexiel.bone.left_wing] run data modify entity @s {} merge value {transformation:[-0.7874605324226503f,0.010408983706351934f,-0.6162771802807864f,0.125f,-0.06709574147629112f,0.992468019343631f,0.10249581482127332f,1.1688229008785485f,0.6127022697463936f,0.12206098327611056f,-0.7808309964449967f,-0.06682539857545372f,0f,0f,0f,1f],start_interpolation:0}
execute if entity @s[tag=aj.lexiel.bone.right_wing] run data modify entity @s {} merge value {transformation:[-0.9524019870595191f,-0.012488828238652902f,0.3045890415203824f,-0.12499999999999994f,0.026699656619498892f,0.99190344691038f,0.12415587116084242f,1.1688229008785485f,-0.3036734815249443f,0.12637872121734844f,-0.9443573663830801f,-0.06682539857545378f,0f,0f,0f,1f],start_interpolation:0}
execute if entity @s[tag=aj.lexiel.bone.sword] run data modify entity @s {} merge value {transformation:[3.1563484396513175e-7f,0.000005490463433953673f,0.000010170869784619838f,-1.0489612917352664f,0.000011214074208678092f,-0.0000026097295255206072f,0.0000010607816438300727f,1.416571606658494f,0.0000027993428760221488f,0.000009835422173655975f,-0.000005396253920862178f,0.0863685190771091f,0f,0f,0f,1f],start_interpolation:0}
execute if entity @s[tag=aj.lexiel.bone.rod] run data modify entity @s {} merge value {transformation:[-1.270071508132335e-21f,0.000007561247330627613f,0.0000065442752696594915f,-1.0385687801222783f,0.000009914448613738104f,-8.541993317885037e-7f,9.869408225008526e-7f,1.4021201134081052f,0.0000013052619222005157f,0.00000648828808751961f,-0.000007496559811527188f,0.19613850836876862f,0f,0f,0f,1f],start_interpolation:0}
execute if entity @s[tag=aj.lexiel.bone.right_hand] run data modify entity @s {} merge value {transformation:[-1.270071508132335e-16f,0.9974110682843114f,-0.0719107840587819f,-0.6248076793000671f,0.9914448613738104f,0.009386240822751312f,0.130188268821285f,1.4299201778635602f,0.13052619222005157f,-0.07129557733244102f,-0.9888780783278431f,0.1046838290650415f,0f,0f,0f,1f],start_interpolation:0}
execute if entity @s[tag=aj.lexiel.bone.right_arm] run data modify entity @s {} merge value {transformation:[-1.270071508132335e-16f,0.9993845737602147f,-0.03507810898714398f,-0.3125f,0.9914448613738104f,0.0045786119963719995f,0.13044586297638008f,1.4003683421944948f,0.13052619222005157f,-0.03477801090201436f,-0.9908347001908206f,0.08973675715128542f,0f,0f,0f,1f],start_interpolation:0}
execute if entity @s[tag=aj.lexiel.bone.left_hand] run data modify entity @s {} merge value {transformation:[-0.04229868788559753f,-0.9985802316399484f,-0.032378109596821726f,0.5909965397787882f,-0.9905680278177399f,0.03768784432712581f,0.131736891777693f,1.388590890842268f,-0.13032959475280387f,0.03764501783611369f,-0.9907557970376396f,0.07797268907749996f,0f,0f,0f,1f],start_interpolation:0}
execute if entity @s[tag=aj.lexiel.bone.left_arm] run data modify entity @s {} merge value {transformation:[-0.04229868788559753f,-0.9985802316399484f,-0.032378109596821726f,0.27894021739130437f,-0.9905680278177399f,0.03768784432712581f,0.131736891777693f,1.4003683421944948f,-0.13032959475280387f,0.03764501783611369f,-0.9907557970376396f,0.08973675715128548f,0f,0f,0f,1f],start_interpolation:0}
execute if entity @s[tag=aj.lexiel.bone.skirt_right] run data modify entity @s {} merge value {transformation:[-0.984807753012208f,0.17269492087036722f,-0.018170137936278686f,-0.21875f,0.1673389297821197f,0.9717660643100638f,0.16633820617856737f,0.6571762853770167f,0.04638288678403505f,0.16077058363054592f,-0.9859013374839659f,0.1062032946020827f,0f,0f,0f,1f],start_interpolation:0}
execute if entity @s[tag=aj.lexiel.bone.skirt_left] run data modify entity @s {} merge value {transformation:[-1f,-3.782795739401141e-17f,1.1647593513690041e-16f,0.21875f,0f,0.9510981878039897f,0.3088887132220384f,0.6571762853770167f,-1.2246467991473532e-16f,0.3088887132220384f,-0.9510981878039897f,0.10620329460208276f,0f,0f,0f,1f],start_interpolation:0}
execute if entity @s[tag=aj.lexiel.bone.skirt_back_middle] run data modify entity @s {} merge value {transformation:[-1f,-5.270749427324937e-17f,1.105419281270865e-16f,1.814113765777643e-17f,0f,0.9026433434035847f,0.43038935234180486f,0.7925296782843381f,-1.2246467991473532e-16f,0.43038935234180486f,-0.9026433434035847f,-0.14813363061420645f,0f,0f,0f,1f],start_interpolation:0}
execute if entity @s[tag=aj.lexiel.bone.skirt_front_middle] run data modify entity @s {} merge value {transformation:[-1f,-2.7532463956469995e-17f,1.1932963276196007e-16f,-2.611452791062844e-17f,0f,0.974400397282237f,0.22481962942816794f,0.6923640285337526f,-1.2246467991473532e-16f,0.22481962942816794f,-0.974400397282237f,0.21324130295208701f,0f,0f,0f,1f],start_interpolation:0}
execute if entity @s[tag=aj.lexiel.bone.skirt] run data modify entity @s {} merge value {transformation:[-1f,-3.271134462708518e-17f,1.1801510818241299e-16f,-1.3619490191092248e-17f,0f,0.9636664895101159f,0.26710839933489466f,0.6752450320553314f,-1.2246467991473532e-16f,0.26710839933489466f,-0.9636664895101159f,0.11121157708961202f,0f,0f,0f,1f],start_interpolation:0}
execute if entity @s[tag=aj.lexiel.bone.rightupper] run data modify entity @s {} merge value {transformation:[-0.9832097433786597f,0.16734135105718323f,-0.07276999898053138f,-0.13573906898459523f,0.16428407271253154f,0.9853312117146792f,0.046186000842954884f,0.6615967333489294f,0.07943137905295121f,0.03345557423267967f,-0.9962787664978653f,0.01476942154971389f,0f,0f,0f,1f],start_interpolation:0}
execute if entity @s[tag=aj.lexiel.bone.rightfoot] run data modify entity @s {} merge value {transformation:[-0.9747275754011876f,0.22339684392244896f,0.00006227367946877449f,-0.1536018919211089f,0.20682282327710125f,0.902306187231305f,0.3782431284977875f,0.3429713316469203f,0.08444213121547271f,0.36869688717101184f,-0.9257062881206949f,0.08521425754415309f,0f,0f,0f,1f],start_interpolation:0}
execute if entity @s[tag=aj.lexiel.bone.leftupper] run data modify entity @s {} merge value {transformation:[-0.998934838644096f,-0.046143099469303596f,-0.000050144391814528155f,0.13532393687276933f,-0.04496502938968384f,0.9731860939523659f,0.22558141029287387f,0.6636760487601244f,-0.010360225628766262f,0.22534338443607124f,-0.9742243195567528f,0.016665323730727145f,0f,0f,0f,1f],start_interpolation:0}
execute if entity @s[tag=aj.lexiel.bone.leftfoot] run data modify entity @s {} merge value {transformation:[-0.9959754282507735f,-0.08962613642901328f,-0.00031935794401582264f,0.15478166948376304f,-0.08643535713848555f,0.9595631476830467f,0.26789455881922253f,0.35162826385989343f,-0.02370391016332455f,0.2668440017639732f,-0.963448184058467f,0.06757517086779964f,0f,0f,0f,1f],start_interpolation:0}
execute if entity @s[tag=aj.lexiel.bone.lower] run data modify entity @s {} merge value {transformation:[-1f,-3.271134462708518e-17f,1.1801510818241299e-16f,0f,0f,0.9636664895101159f,0.26710839933489466f,0.625f,-1.2246467991473532e-16f,0.26710839933489466f,-0.9636664895101159f,0f,0f,0f,0f,1f],start_interpolation:0}