execute if entity @s[tag=aj.lexiel.bone.backhair] run data modify entity @s {} merge value {transformation:[-0.9963866318743436f,0.040031133712617045f,0.07490786444548958f,0.02195052668312146f,0.047724630241929904f,0.9934411191051287f,0.10390910710529964f,1.5050470464122543f,-0.07025695332401154f,0.10710859538259351f,-0.9917619216852377f,-0.16056474042545116f,0f,0f,0f,1f],start_interpolation:0}
execute if entity @s[tag=aj.lexiel.bone.head] run data modify entity @s {} merge value {transformation:[-0.9963866318743436f,0.040031133712617045f,0.07490786444548958f,0.002678611654047935f,0.047724630241929904f,0.9934411191051287f,0.10390910710529964f,1.4929687073234268f,-0.07025695332401154f,0.10710859538259351f,-0.9917619216852377f,0.10454559182504315f,0f,0f,0f,1f],start_interpolation:0}
execute if entity @s[tag=aj.lexiel.bone.ring] run data modify entity @s {} merge value {transformation:[-0.9756569477533145f,0.17551615875680576f,0.1314823117987431f,0.0007500112631334543f,0.1927300966296157f,0.9723042008797146f,0.13221063045307094f,0.9355312380505595f,-0.1046357020993558f,0.15433281882644162f,-0.9824625951552861f,0.02927276571101206f,0f,0f,0f,1f],start_interpolation:0}
execute if entity @s[tag=aj.lexiel.bone.bust] run data modify entity @s {} merge value {transformation:[-0.9913125875469099f,0.06871043044564809f,0.11215271070742727f,-0.0071466851380534435f,0.020963240778974185f,0.9243364430693988f,-0.3810022080642772f,1.3750754492343327f,-0.12984566341273346f,-0.3753412004587104f,-0.9177467444404918f,0.16052370799632332f,0f,0f,0f,1f],start_interpolation:0}
execute if entity @s[tag=aj.lexiel.bone.left_wing] run data modify entity @s {} merge value {transformation:[-0.8658226685349433f,0.009976371050742706f,-0.5002515154116851f,0.14184938494447352f,-0.05661153727015396f,0.9914278739752219f,0.11775357554181219f,1.166218399810381f,0.49713804973964687f,0.13027372231432247f,-0.8578359498035922f,-0.048031585045794856f,0f,0f,0f,1f],start_interpolation:0}
execute if entity @s[tag=aj.lexiel.bone.right_wing] run data modify entity @s {} merge value {transformation:[-0.905667727955406f,-0.0035698069984802312f,0.4239731395007077f,-0.10597876194225397f,0.05219146169729171f,0.9914208749678913f,0.11983613813788017f,1.1714592100051249f,-0.42076361281127084f,0.13065950082521577f,-0.8977115778345026f,-0.08049300089897826f,0f,0f,0f,1f],start_interpolation:0}
execute if entity @s[tag=aj.lexiel.bone.body] run data modify entity @s {} merge value {transformation:[-0.9913125875469099f,0.003428622917181357f,0.1314823117987431f,0.42820082641549273f,0.020963240778974185f,0.9909999453739865f,0.13221063045307094f,0.1466630916969841f,-0.12984566341273346f,0.13381835753605523f,-0.9824625951552861f,0.48924495051598216f,0f,0f,0f,1f],start_interpolation:0}
execute if entity @s[tag=aj.lexiel.locator_origin.locator_right_hand] at @s on origin run tp @s ^-0.97643 ^1.43585 ^0.51752 ~-32.52422 ~21.74983
execute if entity @s[tag=aj.lexiel.bone.sword] run data modify entity @s {} merge value {transformation:[0.000004237522657318088f,0.000008707614792293749f,0.000006317614471281306f,-0.937964029935132f,0.000010077418968837295f,-0.000005589656937284313f,9.44864275961184e-7f,1.4996435117001143f,0.0000037656918229236627f,0.00000515990176287267f,-0.000009637758304827396f,0.4234199207744649f,0f,0f,0f,1f],start_interpolation:0}
execute if entity @s[tag=aj.lexiel.bone.rod] run data modify entity @s {} merge value {transformation:[0.00000295491668673217f,0.000009290076321869632f,0.0000022277677859931982f,-0.8804861729546629f,0.00000922567054975151f,-0.0000033804555402396516f,0.0000018599793676035078f,1.4581875764781072f,0.000002481022023666753f,0.0000015056567584613406f,-0.000009569614801222684f,0.5091170729773512f,0f,0f,0f,1f],start_interpolation:0}
execute if entity @s[tag=aj.lexiel.bone.right_hand] run data modify entity @s {} merge value {transformation:[0.29549166867321697f,0.8144345673319326f,-0.49938062565498637f,-0.5663489226913764f,0.9225670549751509f,-0.10751390123035846f,0.3705547059702598f,1.4513314430101876f,0.24810220236667527f,-0.5702079415240345f,-0.7831399623335082f,0.22344972809037533f,0f,0f,0f,1f],start_interpolation:0}
execute if entity @s[tag=aj.lexiel.bone.right_arm] run data modify entity @s {} merge value {transformation:[0.24487171057786786f,0.8530341065410804f,-0.4608369108874959f,-0.30742800535284714f,0.9181355392954496f,-0.05128394310131147f,0.3929339494910508f,1.406613475188045f,0.3115525266168181f,-0.5193291540609313f,-0.7957589163189028f,0.05142335098955876f,0f,0f,0f,1f],start_interpolation:0}
execute if entity @s[tag=aj.lexiel.locator_origin.locator_left_hand] at @s on origin run tp @s ^0.93888 ^1.04943 ^0.25069 ~11.50285 ~7.07586
execute if entity @s[tag=aj.lexiel.bone.left_hand] run data modify entity @s {} merge value {transformation:[-0.42690741257509013f,-0.8823754911923917f,0.1978978363485242f,0.5590243737903832f,-0.8822110332239447f,0.4544552240661507f,0.12318336810188542f,1.2521045002053295f,-0.1986296904956093f,-0.12199976172915385f,-0.972451697613639f,0.16692158717997496f,0f,0f,0f,1f],start_interpolation:0}
execute if entity @s[tag=aj.lexiel.bone.left_arm] run data modify entity @s {} merge value {transformation:[-0.42690741257509013f,-0.8823754911923917f,0.1978978363485242f,0.28328203279276076f,-0.8822110332239447f,0.4544552240661507f,0.12318336810188542f,1.3941217577260017f,-0.1986296904956093f,-0.12199976172915385f,-0.972451697613639f,0.1287966616396144f,0f,0f,0f,1f],start_interpolation:0}
execute if entity @s[tag=aj.lexiel.bone.skirt_right] run data modify entity @s {} merge value {transformation:[-0.984807753012208f,0.17364817766693036f,1.2113996861534454e-16f,-0.21875f,0.17176980993482865f,0.9741550002425832f,-0.14668731334824256f,0.6974846709876783f,-0.025471984649780427f,-0.1444588034538804f,-0.9891829113478834f,0.08402633870881215f,0f,0f,0f,1f],start_interpolation:0}
execute if entity @s[tag=aj.lexiel.bone.skirt_left] run data modify entity @s {} merge value {transformation:[-1f,1.2662865898624773e-17f,1.2180824953118743e-16f,0.21875f,0f,0.9946398391437848f,-0.10340014694392831f,0.6974846709876783f,-1.2246467991473532e-16f,-0.10340014694392831f,-0.9946398391437848f,0.08402633870881221f,0f,0f,0f,1f],start_interpolation:0}
execute if entity @s[tag=aj.lexiel.bone.skirt_back_middle] run data modify entity @s {} merge value {transformation:[-1f,-3.3446336668385854e-18f,1.2241899873897523e-16f,2.49031084284804e-17f,0f,0.9996269848923635f,0.027311006480948224f,0.7180527960677278f,-1.2246467991473532e-16f,0.027311006480948224f,-0.9996269848923635f,-0.20334931219204522f,0f,0f,0f,1f],start_interpolation:0}
execute if entity @s[tag=aj.lexiel.bone.skirt_front_middle] run data modify entity @s {} merge value {transformation:[-1f,2.323096833153949e-17f,1.2024109088409664e-16f,-2.0524379802273803e-17f,0f,0.9818430176587499f,-0.1896952521144366f,0.7730605385733188f,-1.2246467991473532e-16f,-0.1896952521144366f,-0.9818430176587499f,0.16759427956341108f,0f,0f,0f,1f],start_interpolation:0}
execute if entity @s[tag=aj.lexiel.bone.skirt] run data modify entity @s {} merge value {transformation:[-1f,1.7964014876745005e-17f,1.2113996861534454e-16f,-9.953433395442847e-18f,0f,0.9891829113478834f,-0.14668731334824256f,0.7160318505754512f,-1.2246467991473532e-16f,-0.14668731334824256f,-0.9891829113478834f,0.08127595158353262f,0f,0f,0f,1f],start_interpolation:0}
execute if entity @s[tag=aj.lexiel.bone.rightupper] run data modify entity @s {} merge value {transformation:[-0.9834611064978366f,0.17382151174454888f,-0.05089532454843636f,-0.1349020222186476f,0.1811113527442681f,0.9464475786727939f,-0.26727450071330605f,0.6681185209823499f,0.0017116989198772187f,-0.2720717972874907f,-0.9622754320918531f,-0.0011371005695284264f,0f,0f,0f,1f],start_interpolation:0}
execute if entity @s[tag=aj.lexiel.bone.rightfoot] run data modify entity @s {} merge value {transformation:[-0.974776525872679f,0.22201181946160517f,0.022835862736886092f,-0.15662476100320555f,0.22308500980525942f,0.9722683211985268f,0.0701953701748596f,0.38743909242013935f,-0.0066183840760107825f,0.07351913773396604f,-0.9972718452754377f,0.1648474859829591f,0f,0f,0f,1f],start_interpolation:0}
execute if entity @s[tag=aj.lexiel.bone.leftupper] run data modify entity @s {} merge value {transformation:[-0.9990466999447866f,-0.04365392906886321f,0.00016064333891127215f,0.13536095323455524f,-0.04289146933888626f,0.9808991557107919f,-0.1897291969724407f,0.6670570138113902f,0.008124849991418675f,-0.18955521834733668f,-0.9818364456516729f,-0.00045021783240007524f,0f,0f,0f,1f],start_interpolation:0}
execute if entity @s[tag=aj.lexiel.bone.leftfoot] run data modify entity @s {} merge value {transformation:[-0.9961946980917455f,-0.08715574274765817f,1.2113996861534454e-16f,0.15406446566391613f,-0.08621297135181569f,0.9854187717277186f,-0.14668731334824256f,0.4025696177780703f,0.012784641746524434f,-0.14612912383484178f,-0.9891829113478834f,0.17287269443640646f,0f,0f,0f,1f],start_interpolation:0}
execute if entity @s[tag=aj.lexiel.bone.lower] run data modify entity @s {} merge value {transformation:[-1f,1.7964014876745005e-17f,1.2113996861534454e-16f,0f,0f,0.9891829113478834f,-0.14668731334824256f,0.625f,-1.2246467991473532e-16f,-0.14668731334824256f,-0.9891829113478834f,0f,0f,0f,0f,1f],start_interpolation:0}
execute if entity @s[tag=aj.lexiel.bone.sucidesword] run data modify entity @s {} merge value {transformation:[1.15625f,1.1486002240356203e-16f,1.6403711205000184e-16f,0.04687499999999914f,-1.4159978615141274e-16f,1.1386839644203655f,0.20078070542738866f,2.796303523614343f,-1.4159978615141276e-16f,-0.20078070542738866f,1.1386839644203657f,7.016982803700489f,0f,0f,0f,1f],start_interpolation:0}