execute if entity @s[tag=aj.lexiel.bone.backhair] run data modify entity @s {} merge value {transformation:[-0.9963696570689022f,-0.01819523196588565f,0.08316513696318822f,-0.09385773103340572f,0.01714623073217926f,0.9139839784121838f,0.40538783156073577f,1.5187337965164882f,-0.08338772837820385f,0.4053421033393204f,-0.910353923491506f,0.06423341938170457f,0f,0f,0f,1f],start_interpolation:0}
execute if entity @s[tag=aj.lexiel.bone.head] run data modify entity @s {} merge value {transformation:[-0.9963696570689022f,-0.01819523196588565f,0.08316513696318822f,-0.11623277103871955f,0.01714623073217926f,0.9139839784121838f,0.40538783156073577f,1.425333653420858f,-0.08338772837820385f,0.4053421033393204f,-0.910353923491506f,0.31237965067381274f,0f,0f,0f,1f],start_interpolation:0}
execute if entity @s[tag=aj.lexiel.bone.ring] run data modify entity @s {} merge value {transformation:[-0.9556658856896828f,0.017436593615741458f,0.2939365239844032f,-0.03254517589084149f,0.14746681014170016f,0.8923769444779572f,0.4265172081766651f,0.9165934229578402f,-0.2548651699145763f,0.4509538270901628f,-0.8553855218538304f,0.08746630218866752f,0f,0f,0f,1f],start_interpolation:0}
execute if entity @s[tag=aj.lexiel.bone.bust] run data modify entity @s {} merge value {transformation:[-0.9441750062225706f,0.01812278042830867f,0.32894547033536764f,-0.12108687075467772f,-0.00973317226105512f,0.9965154281027743f,-0.08283880075714128f,1.2957560176042404f,-0.3293005055907833f,-0.08141600814761202f,-0.9407085683860664f,0.33012733396272304f,0f,0f,0f,1f],start_interpolation:0}
execute if entity @s[tag=aj.lexiel.bone.left_wing] run data modify entity @s {} merge value {transformation:[-0.9117426359950006f,-0.22818426436534206f,-0.3415513244081122f,0.08967358949418869f,-0.34429150286152715f,0.8780270531158072f,0.3324633138469907f,1.1689681434703956f,0.22402840615921638f,0.4207141969233025f,-0.8790966031904242f,0.10917197734445422f,0f,0f,0f,1f],start_interpolation:0}
execute if entity @s[tag=aj.lexiel.bone.right_wing] run data modify entity @s {} merge value {transformation:[-0.8245132820136905f,-0.04273943351231594f,0.5642261856791644f,-0.14637016206145392f,0.23467514034589237f,0.8815138437458963f,0.40970833746455726f,1.1665348504051318f,-0.5148838959286337f,0.47021982530236023f,-0.7167899898896257f,0.02684685094675837f,0f,0f,0f,1f],start_interpolation:0}
execute if entity @s[tag=aj.lexiel.bone.body] run data modify entity @s {} merge value {transformation:[-0.9441750062225706f,-0.14877794692956103f,0.2939365239844032f,0.3995082145838642f,-0.00973317226105512f,0.9044270763786985f,0.4265172081766651f,0.058144443852845784f,-0.3293005055907833f,0.3998459528624803f,-0.8553855218538304f,0.39242003729106667f,0f,0f,0f,1f],start_interpolation:0}
execute if entity @s[tag=aj.lexiel.bone.sword] run data modify entity @s {} merge value {transformation:[-0.42825151997032523f,0.12917044226863258f,-1.066222160240178f,-0.4465522091640609f,0.45212465289708637f,1.062876342463597f,-0.05283220016141326f,0.6823592753945988f,0.9742166065027815f,-0.43648933546575014f,-0.44417690860610076f,0.30277602924602803f,0f,0f,0f,1f],start_interpolation:0}
execute if entity @s[tag=aj.lexiel.bone.rod] run data modify entity @s {} merge value {transformation:[-0.000004873649742651871f,0.000003937040435305182f,-0.000007794052270592067f,-0.3549840306726341f,0.000003238274227280329f,0.000009104295033452124f,0.000002573983677646574f,0.7356821577880521f,0.000008109322919632772f,-0.0000012694583705781667f,-0.000005712036172021996f,0.33651461833321816f,0f,0f,0f,1f],start_interpolation:0}
execute if entity @s[tag=aj.lexiel.bone.right_hand] run data modify entity @s {} merge value {transformation:[-0.4873649742651871f,-0.2727319223848128f,-0.8295135203067989f,-0.5303426203786662f,0.3238274227280329f,0.8257790069204383f,-0.4617627442949622f,1.0574397260581105f,0.8109322919632771f,-0.4936662133889448f,-0.3141376889349754f,0.12190661670332016f,0f,0f,0f,1f],start_interpolation:0}
execute if entity @s[tag=aj.lexiel.bone.right_arm] run data modify entity @s {} merge value {transformation:[-0.5416972043107102f,0.37144017531305584f,-0.7540532706681717f,-0.39733952795862654f,-0.004637484149116355f,0.8957355239712164f,0.44456311682007243f,1.3375019986787755f,0.8405609035535305f,0.24431550761140194f,-0.48349488121163753f,0.17198768459583544f,0f,0f,0f,1f],start_interpolation:0}
execute if entity @s[tag=aj.lexiel.bone.left_hand] run data modify entity @s {} merge value {transformation:[-0.9188765712872317f,0.15209205185537888f,0.364051994228629f,0.16112864492653473f,0.2275904948808938f,0.9580494967757065f,0.17419451302404818f,1.0443585429404578f,-0.3222862289631543f,0.24291803039345636f,-0.9149439420699353f,0.3074297303688879f,0f,0f,0f,1f],start_interpolation:0}
execute if entity @s[tag=aj.lexiel.bone.left_arm] run data modify entity @s {} merge value {transformation:[-0.9188765712872317f,0.15209205185537888f,0.364051994228629f,0.20865741113134062f,0.2275904948808938f,0.9580494967757065f,0.17419451302404818f,1.3437490106828662f,-0.3222862289631543f,0.24291803039345636f,-0.9149439420699353f,0.383341614866843f,0f,0f,0f,1f],start_interpolation:0}
execute if entity @s[tag=aj.lexiel.bone.skirt_right] run data modify entity @s {} merge value {transformation:[-0.9825007274238939f,0.18625874640273732f,1.1882695554102554e-16f,-0.21875f,0.18072606561610063f,0.953316256882462f,-0.24192189559966767f,0.7052914864601062f,-0.04506006900176811f,-0.2376884384064408f,-0.9702957262759965f,0.07660111178714439f,0f,0f,0f,1f],start_interpolation:0}
execute if entity @s[tag=aj.lexiel.bone.rightupper] run data modify entity @s {} merge value {transformation:[-0.9805112516179212f,0.18954024178073806f,-0.051693154250413306f,-0.13467461879089357f,0.19534283940869202f,0.9125115007145028f,-0.35939384546137654f,0.6679205682628925f,-0.020948998601547586f,-0.36248759676637926f,-0.9317531226929842f,-0.005364570699702663f,0f,0f,0f,1f],start_interpolation:0}
execute if entity @s[tag=aj.lexiel.bone.rightfoot] run data modify entity @s {} merge value {transformation:[-0.9711427820074218f,0.23691690987457575f,0.027423981665095236f,-0.161361412285006f,0.23616239221156857f,0.9713063003301281f,-0.028131751525781123f,0.405202283112728f,-0.033301973812292364f,-0.02084343432549357f,-0.9992279668752893f,0.1871730612763121f,0f,0f,0f,1f],start_interpolation:0}
execute if entity @s[tag=aj.lexiel.bone.sucidesword] run data modify entity @s {} merge value {transformation:[-5.871896091238742e-7f,-0.000011477786811712634f,-0.0000012676847075722295f,0.046874999999999764f,-5.47732752948079e-7f,0.0000012955775024974504f,-0.00001147662293605442f,0.6558170243362832f,0.000011534582933261388f,-5.227763287468254e-7f,-6.095143278193876e-7f,1.9273807300884958f,0f,0f,0f,1f],start_interpolation:0}