execute if entity @s[tag=aj.lexiel.bone.backhair] run data modify entity @s {} merge value {transformation:[-0.9616006762259716f,0.06880660933369008f,0.26568739148434417f,-0.0021285822128608856f,0.13157619933638753f,0.9651381493902703f,0.22626545551567462f,1.5041723414959576f,-0.2408564785301517f,0.25253515221355904f,-0.9371308092505171f,-0.014066415507302865f,0f,0f,0f,1f],start_interpolation:0}
execute if entity @s[tag=aj.lexiel.bone.head] run data modify entity @s {} merge value {transformation:[-0.9616006762259716f,0.06880660933369008f,0.26568739148434417f,-0.0716266923050509f,0.13157619933638753f,0.9651381493902703f,0.22626545551567462f,1.4591508634588295f,-0.2408564785301517f,0.25253515221355904f,-0.9371308092505171f,0.2388048174532026f,0f,0f,0f,1f],start_interpolation:0}
execute if entity @s[tag=aj.lexiel.bone.ring] run data modify entity @s {} merge value {transformation:[-0.8719882592597763f,0.06065854562399377f,0.4857540700353284f,-0.020055473845414257f,0.23702007250739093f,0.9205400737281477f,0.31052770873010266f,0.9260622417684722f,-0.42831992825654985f,0.3859099810880229f,-0.8170774293510656f,0.06686534888689671f,0f,0f,0f,1f],start_interpolation:0}
execute if entity @s[tag=aj.lexiel.bone.bust] run data modify entity @s {} merge value {transformation:[-0.86927404416218f,0.1634779500573756f,0.46651644771751233f,-0.09651252916613293f,0.07356909875251974f,0.9760074789913294f,-0.20493166827440706f,1.3331755635096174f,-0.48882535107609776f,-0.14382058544599174f,-0.8604448938469575f,0.2640995832443621f,0f,0f,0f,1f],start_interpolation:0}
execute if entity @s[tag=aj.lexiel.bone.left_wing] run data modify entity @s {} merge value {transformation:[-0.9856974412986097f,-0.08763258986791012f,-0.14394819696827243f,0.12926756658386004f,-0.12681822400298243f,0.9482407968957784f,0.29112974626992083f,1.1629943097841422f,0.11098509935168427f,0.30522110067212227f,-0.9457919366469536f,0.09269918798942245f,0f,0f,0f,1f],start_interpolation:0}
execute if entity @s[tag=aj.lexiel.bone.right_wing] run data modify entity @s {} merge value {transformation:[-0.6822972929939726f,-0.09589741513965536f,0.7247579525211364f,-0.08805094445668496f,0.15772888849638955f,0.9487023801011394f,0.27401713764676633f,1.1813865844722722f,-0.7138571297583226f,0.3012764175304233f,-0.6321712731002914f,-0.029507149779602004f,0f,0f,0f,1f],start_interpolation:0}
execute if entity @s[tag=aj.lexiel.bone.body] run data modify entity @s {} merge value {transformation:[-0.86927404416218f,-0.09168216615046516f,0.4857540700353284f,0.23760107013865842f,0.07356909875251974f,0.9477131052273017f,0.31052770873010266f,0.05284504364503795f,-0.48882535107609776f,0.3056701663400993f,-0.8170774293510656f,0.500116307043532f,0f,0f,0f,1f],start_interpolation:0}
execute if entity @s[tag=aj.lexiel.bone.sword] run data modify entity @s {} merge value {transformation:[0.000003107807396255139f,0.00000843043197418081f,-0.0000072774141126152605f,-0.21445643137378476f,0.0000051095731483835574f,0.000005634022880534437f,0.000008708699941606226f,0.6954099544051382f,0.000009895716329761058f,-0.000005556708482575309f,-0.0000022111525073083533f,0.2582099836034961f,0f,0f,0f,1f],start_interpolation:0}
execute if entity @s[tag=aj.lexiel.bone.rod] run data modify entity @s {} merge value {transformation:[0.0000016715238072480484f,0.000004584200930386994f,-0.00000872875191488692f,-0.11050136332486687f,0.000004039868014545121f,0.000007757506193817887f,0.000004847738037263612f,0.7204275637015152f,0.000008993635226473124f,-0.000004336611520843918f,-5.552710423077618e-7f,0.2276515715927777f,0f,0f,0f,1f],start_interpolation:0}
execute if entity @s[tag=aj.lexiel.bone.right_hand] run data modify entity @s {} merge value {transformation:[0.16715238072480482f,-0.29306401061132786f,-0.9413679234509925f,-0.29135443348984835f,0.4039868014545121f,0.8913253674310334f,-0.20575167951802073f,1.0873947475402395f,0.8993635226473123f,-0.34590833331727816f,0.26738114943481006f,0.11379896914687695f,0f,0f,0f,1f],start_interpolation:0}
execute if entity @s[tag=aj.lexiel.bone.right_arm] run data modify entity @s {} merge value {transformation:[0.3283556182735539f,-0.10580506069833337f,-0.9386095445278694f,-0.3346796280291261f,0.11718104899688667f,0.9905928430235063f,-0.07067121837492751f,1.3932931032039324f,0.9372572697526446f,-0.08678195942262107f,0.33766507343015084f,0.05739031714753773f,0f,0f,0f,1f],start_interpolation:0}
execute if entity @s[tag=aj.lexiel.bone.left_hand] run data modify entity @s {} merge value {transformation:[-0.8120129971162766f,0.2943961994120663f,0.5039501664708251f,0.10152627398926123f,0.35947717526804435f,0.9325170496188308f,0.03446900972611611f,1.0571780797755097f,-0.45979457693142634f,0.20914786621412657f,-0.8630446784973119f,0.2890609021442242f,0f,0f,0f,1f],start_interpolation:0}
execute if entity @s[tag=aj.lexiel.bone.left_arm] run data modify entity @s {} merge value {transformation:[-0.8120129971162766f,0.2943961994120663f,0.5039501664708251f,0.19352508630553195f,0.35947717526804435f,0.9325170496188308f,0.03446900972611611f,1.3485896577813943f,-0.45979457693142634f,0.20914786621412657f,-0.8630446784973119f,0.3544196103361388f,0f,0f,0f,1f],start_interpolation:0}
execute if entity @s[tag=aj.lexiel.bone.skirt_right] run data modify entity @s {} merge value {transformation:[-0.984807753012208f,0.17364817766693036f,1.1854122926467677e-16f,-0.21875f,0.16808494052767392f,0.9532570673661211f,-0.25109443698407713f,0.7060128824962032f,-0.04360209140458898f,-0.24727974828015442f,-0.9679625941717218f,0.07583776100766933f,0f,0f,0f,1f],start_interpolation:0}
execute if entity @s[tag=aj.lexiel.bone.skirt_left] run data modify entity @s {} merge value {transformation:[-1f,2.55502366789924e-17f,1.197697091599794e-16f,0.21875f,0f,0.9779938937771097f,-0.20863351536770824f,0.7060128824962032f,-1.2246467991473532e-16f,-0.20863351536770824f,-0.9779938937771097f,0.07583776100766938f,0f,0f,0f,1f],start_interpolation:0}
execute if entity @s[tag=aj.lexiel.bone.skirt_back_middle] run data modify entity @s {} merge value {transformation:[-1f,9.698566782316527e-18f,1.2208003779892732e-16f,2.5974161094287525e-17f,0f,0.99685915877071f,-0.07919480775248053f,0.695890234230164f,-1.2246467991473532e-16f,-0.07919480775248053f,-0.99685915877071f,-0.2120951209146322f,0f,0f,0f,1f],start_interpolation:0}
execute if entity @s[tag=aj.lexiel.bone.skirt_front_middle] run data modify entity @s {} merge value {transformation:[-1f,3.589162827511048e-17f,1.1708709940202578e-16f,-1.8478799879966266e-17f,0f,0.9560887227529308f,-0.29307738606837197f,0.790050648099193f,-1.2246467991473532e-16f,-0.29307738606837197f,-0.9560887227529308f,0.15089085189976348f,0f,0f,0f,1f],start_interpolation:0}
execute if entity @s[tag=aj.lexiel.bone.skirt] run data modify entity @s {} merge value {transformation:[-1f,3.0750199853625683e-17f,1.1854122926467677e-16f,-8.710880879998942e-18f,0f,0.9679625941717218f,-0.25109443698407713f,0.724162181136923f,-1.2246467991473532e-16f,-0.25109443698407713f,-0.9679625941717218f,0.0711297403142179f,0f,0f,0f,1f],start_interpolation:0}
execute if entity @s[tag=aj.lexiel.bone.rightupper] run data modify entity @s {} merge value {transformation:[-0.9834612081939619f,0.173821155313209f,-0.05089457675680513f,-0.13490221154612797f,0.1802649917128829f,0.9121312555980289f,-0.36813191293871467f,0.6677532236993142f,-0.017566580214354144f,-0.3712179663307588f,-0.9283795757839723f,-0.00571797264428478f,0f,0f,0f,1f],start_interpolation:0}
execute if entity @s[tag=aj.lexiel.bone.rightfoot] run data modify entity @s {} merge value {transformation:[-0.9747766457027122f,0.22201123345617835f,0.02283644481602698f,-0.15662468901304719f,0.22111422414910203f,0.9745721007946481f,-0.036300416411479186f,0.4063251242687784f,-0.03031486222152187f,-0.030335335369373717f,-0.9990799650461006f,0.18918534910013543f,0f,0f,0f,1f],start_interpolation:0}
execute if entity @s[tag=aj.lexiel.bone.leftupper] run data modify entity @s {} merge value {transformation:[-0.9990466999447866f,-0.04365392906886326f,0.00016064333890968444f,0.13536078870301074f,-0.04178362879927558f,0.9551651160255661f,-0.2931104390707217f,0.6667705303513323f,0.012641981403088249f,-0.292837729134614f,-0.9560785766355643f,-0.004922295375650448f,0f,0f,0f,1f],start_interpolation:0}
execute if entity @s[tag=aj.lexiel.bone.leftfoot] run data modify entity @s {} merge value {transformation:[-0.9961946980917455f,-0.08715574274765815f,1.1854122926467677e-16f,0.1540644740461292f,-0.08436349884698643f,0.9642792042650012f,-0.25109443698407713f,0.4222239566124252f,0.021884322155152174f,-0.25013894684386956f,-0.9679625941717218f,0.19555604481827807f,0f,0f,0f,1f],start_interpolation:0}
execute if entity @s[tag=aj.lexiel.bone.lower] run data modify entity @s {} merge value {transformation:[-1f,3.0750199853625683e-17f,1.1854122926467677e-16f,0f,0f,0.9679625941717218f,-0.25109443698407713f,0.625f,-1.2246467991473532e-16f,-0.25109443698407713f,-0.9679625941717218f,0f,0f,0f,0f,1f],start_interpolation:0}
execute if entity @s[tag=aj.lexiel.bone.sucidesword] run data modify entity @s {} merge value {transformation:[0.000003223929270354878f,-0.0000012331545093071847f,0.000011035262401317174f,0.0468749999999993f,-0.0000022611320258414424f,0.000011177301561966108f,0.0000019096120036761876f,2.248737378318584f,-0.000010871291012178053f,-0.000002690476909219881f,0.0000028753733634941015f,5.714991349557522f,0f,0f,0f,1f],start_interpolation:0}