execute if entity @s[tag=aj.lexiel.bone.backhair] run data modify entity @s {} merge value {transformation:[-0.9896413291899562f,-0.02314141392888354f,0.1416845599227704f,-0.09096496611893837f,0.029308416799696493f,0.9335700688921168f,0.35719454527394967f,1.4959494768946267f,-0.14053845119337377f,0.3576470347006116f,-0.9232212856655913f,0.07787782706019125f,0f,0f,0f,1f],start_interpolation:0}
execute if entity @s[tag=aj.lexiel.bone.head] run data modify entity @s {} merge value {transformation:[-0.9896413291899562f,-0.02314141392888354f,0.1416845599227704f,-0.12896151194106306f,0.029308416799696493f,0.9335700688921168f,0.35719454527394967f,1.4156567081326732f,-0.14053845119337377f,0.3576470347006116f,-0.9232212856655913f,0.328696715982311f,0f,0f,0f,1f],start_interpolation:0}
execute if entity @s[tag=aj.lexiel.bone.ring] run data modify entity @s {} merge value {transformation:[-0.9380166029248961f,-0.0022195820033321934f,0.34658321669256914f,-0.03610922334349764f,0.1648742887213792f,0.876729964796002f,0.45184182824017133f,0.9138838782771485f,-0.3048627913600758f,0.4809777981201748f,-0.8220213112563514f,0.0920350804750471f,0f,0f,0f,1f],start_interpolation:0}
execute if entity @s[tag=aj.lexiel.bone.bust] run data modify entity @s {} merge value {transformation:[-0.9233805966445506f,0.03033615816847865f,0.38268523782337216f,-0.1358175689690927f,0.01012691711236978f,0.998450723157759f,-0.05471379145651745f,1.2856136375893366f,-0.383752158678167f,-0.04664623171623983f,-0.9222572362288745f,0.3417619574913378f,0f,0f,0f,1f],start_interpolation:0}
execute if entity @s[tag=aj.lexiel.bone.left_wing] run data modify entity @s {} merge value {transformation:[-0.9425735837132789f,-0.1708830891233264f,-0.28697388232655585f,0.08652702998014472f,-0.27245107273167596f,0.8903805045154857f,0.3646820123698292f,1.1642321204452721f,0.19319796130721895f,0.4219259734010441f,-0.8858064239529515f,0.12928651687782117f,0f,0f,0f,1f],start_interpolation:0}
execute if entity @s[tag=aj.lexiel.bone.right_wing] run data modify entity @s {} merge value {transformation:[-0.7780255212136054f,-0.1578768910123449f,0.6080716862546507f,-0.14431811918099302f,0.15369882507245033f,0.8906598483107223f,0.42790385109095413f,1.1667638497233646f,-0.6091411655040615f,0.42638002051151186f,-0.6686906000512916f,0.03334847720827944f,0f,0f,0f,1f],start_interpolation:0}
execute if entity @s[tag=aj.lexiel.bone.body] run data modify entity @s {} merge value {transformation:[-0.9233805966445506f,-0.16507073528456073f,0.34658321669256914f,0.37093405761827114f,0.01012691711236978f,0.8920405864098218f,0.45184182824017133f,0.04174533411881853f,-0.383752158678167f,0.4207317964573581f,-0.8220213112563514f,0.3925208367385801f,0f,0f,0f,1f],start_interpolation:0}
execute if entity @s[tag=aj.lexiel.bone.sword] run data modify entity @s {} merge value {transformation:[-0.5279242445769876f,0.27484153394149397f,-0.9912982324752243f,-0.5122351147735251f,0.38412573952398404f,1.086290996371058f,0.0966092642468958f,0.6752022060222342f,0.9542837474896917f,-0.2852158216576716f,-0.5872891339478108f,0.22636557585716727f,0f,0f,0f,1f],start_interpolation:0}
execute if entity @s[tag=aj.lexiel.bone.rod] run data modify entity @s {} merge value {transformation:[-0.00000552066787537598f,0.000004663068076437781f,-0.0000069121648073739206f,-0.4216189266468089f,0.0000027580288225546544f,0.000008844567534917247f,0.0000037638945434543805f,0.7172868885259969f,0.000007868640493995738f,1.7152619273663205e-7f,-0.000006168879601796083f,0.27519117816291644f,0f,0f,0f,1f],start_interpolation:0}
execute if entity @s[tag=aj.lexiel.bone.right_hand] run data modify entity @s {} merge value {transformation:[-0.552066787537598f,-0.1590351549989441f,-0.8184925665956769f,-0.5495872752848073f,0.2758028822554654f,0.8915529035950007f,-0.3592578325254735f,1.0724757181612483f,0.7868640493995737f,-0.4240769264718196f,-0.44833439327885616f,0.0807685479586831f,0f,0f,0f,1f],start_interpolation:0}
execute if entity @s[tag=aj.lexiel.bone.right_arm] run data modify entity @s {} merge value {transformation:[-0.6271639867906061f,0.40942666796173854f,-0.6625972662444819f,-0.4020425669595576f,-0.029107046176356732f,0.837783204480347f,0.5452266337529086f,1.3351925647543679f,0.7783431849356683f,0.3612327585538017f,-0.5135102536579098f,0.1693305604775065f,0f,0f,0f,1f],start_interpolation:0}
execute if entity @s[tag=aj.lexiel.bone.left_hand] run data modify entity @s {} merge value {transformation:[-0.9042267797600694f,0.08444603107130079f,0.4186201125137685f,0.14596799747199599f,0.1859860921883471f,0.9602793262509849f,0.20802112654118088f,1.0288057053343995f,-0.38442568108444963f,0.26595579221227583f,-0.884016070165864f,0.32493699762309625f,0f,0f,0f,1f],start_interpolation:0}
execute if entity @s[tag=aj.lexiel.bone.left_arm] run data modify entity @s {} merge value {transformation:[-0.9042267797600694f,0.08444603107130079f,0.4186201125137685f,0.17235738218177749f,0.1859860921883471f,0.9602793262509849f,0.20802112654118088f,1.3288929947878323f,-0.38442568108444963f,0.26595579221227583f,-0.884016070165864f,0.40804818268943244f,0f,0f,0f,1f],start_interpolation:0}
execute if entity @s[tag=aj.lexiel.bone.skirt_right] run data modify entity @s {} merge value {transformation:[-0.984753850486834f,0.17395359712105501f,1.1882695554102554e-16f,-0.21875f,0.16878643185689612f,0.9555024525612066f,-0.24192189559966767f,0.7052914864601062f,-0.042083183961906634f,-0.23823351820884656f,-0.9702957262759965f,0.07660111178714439f,0f,0f,0f,1f],start_interpolation:0}
execute if entity @s[tag=aj.lexiel.bone.rightupper] run data modify entity @s {} merge value {transformation:[-0.9833926872512919f,0.17420249620049083f,-0.050914761888875074f,-0.13489675085983807f,0.18078542723396945f,0.9155303040834536f,-0.3593339555409288f,0.6678081213052471f,-0.015982864590367574f,-0.3625710311406263f,-0.9318190786934495f,-0.005314339739043612f,0f,0f,0f,1f],start_interpolation:0}
execute if entity @s[tag=aj.lexiel.bone.rightfoot] run data modify entity @s {} merge value {transformation:[-0.9746915274929195f,0.2223732470480266f,0.02294700919154078f,-0.1567395046014751f,0.22174996276205314f,0.9747330783321511f,-0.026877128197721034f,0.4045600474573328f,-0.02834396317644001f,-0.021108410703935043f,-0.9993753322696166f,0.18711010712391907f,0f,0f,0f,1f],start_interpolation:0}
execute if entity @s[tag=aj.lexiel.bone.sucidesword] run data modify entity @s {} merge value {transformation:[-0.000002188368752700192f,2.7437583612929294e-7f,0.000011350205564339078f,0.04687499999999949f,0.000010342586101633281f,0.000004816293375701269f,0.0000018776679950082047f,1.576724103982301f,-0.0000046833066504882475f,0.000010508065581719805f,-0.0000011569800334353665f,4.117093119469026f,0f,0f,0f,1f],start_interpolation:0}