execute if entity @s[tag=aj.lexiel.bone.backhair] run data modify entity @s {} merge value {transformation:[-0.9998445659828444f,-0.015467771276366558f,-0.00846120123383874f,-0.006653983728783559f,-0.014725995495851178f,0.996553287773022f,-0.0816375507069911f,1.459980413033209f,0.009694788869989661f,-0.08150026184327494f,-0.9966261678223405f,-0.32894336572493893f,0f,0f,0f,1f],start_interpolation:0}
execute if entity @s[tag=aj.lexiel.bone.head] run data modify entity @s {} merge value {transformation:[-0.9998445659828444f,-0.015467771276366558f,-0.00846120123383874f,-0.0046481610772383716f,-0.014725995495851178f,0.996553287773022f,-0.0816375507069911f,1.497236532561207f,0.009694788869989661f,-0.08150026184327494f,-0.9966261678223405f,-0.06548798148843087f,0f,0f,0f,1f],start_interpolation:0}
execute if entity @s[tag=aj.lexiel.bone.ring] run data modify entity @s {} merge value {transformation:[-0.9855442896821872f,0.16773661989280483f,-0.023809229760109796f,-0.0013014851016267537f,0.16916251088569034f,0.9820068911678176f,-0.08394349653050419f,0.9367262291171379f,0.009300429327815543f,-0.08675766275006937f,-0.9961860318075453f,-0.018336634816760622f,0f,0f,0f,1f],start_interpolation:0}
execute if entity @s[tag=aj.lexiel.bone.bust] run data modify entity @s {} merge value {transformation:[-0.9996988157883236f,-0.0170571596144811f,-0.017644574727363003f,-0.002286130137417075f,-0.003931154868419213f,0.8209903172733934f,-0.5709285813170799f,1.3942818568157678f,0.024224444943566535f,-0.5706872630865517f,-0.8208101022879514f,0.015281206956116788f,0f,0f,0f,1f],start_interpolation:0}
execute if entity @s[tag=aj.lexiel.bone.left_wing] run data modify entity @s {} merge value {transformation:[-0.7756989331858792f,0.01420988228199614f,-0.6309431387215655f,0.11938322805027324f,0.07359183701307236f,0.9949628330440987f,-0.06806763097025081f,1.1447009155265153f,0.6267977397688431f,-0.09923225335742741f,-0.772837339492779f,-0.16422457922741018f,0f,0f,0f,1f],start_interpolation:0}
execute if entity @s[tag=aj.lexiel.bone.right_wing] run data modify entity @s {} merge value {transformation:[-0.9595725990474577f,-0.031239553380562037f,0.27972221481657505f,-0.13054147589680765f,-0.05529172459580131f,0.9953787558278666f,-0.07851087592041302f,1.1437181268094103f,-0.27597690546226733f,-0.09080320892540882f,-0.9568654685483845f,-0.1581684679915185f,0f,0f,0f,1f],start_interpolation:0}
execute if entity @s[tag=aj.lexiel.bone.body] run data modify entity @s {} merge value {transformation:[-0.9996988157883236f,-0.005949646178865116f,-0.023809229760109796f,0.5147288458636493f,-0.003931154868419213f,0.9964627616783448f,-0.08394349653050419f,0.2644559448602893f,0.024224444943566535f,-0.08382461630519152f,-0.9961860318075453f,0.5278931015845851f,0f,0f,0f,1f],start_interpolation:0}
execute if entity @s[tag=aj.lexiel.bone.sword] run data modify entity @s {} merge value {transformation:[-0.000001340261987918891f,0.000002768725730088765f,0.000011145818134407371f,-1.0257089492394817f,0.000011484537298814074f,3.45115715025208e-7f,0.00000129526229984162f,1.322460389882018f,-2.251856762910155e-8f,0.00001122080474942805f,-0.000002790060920360854f,-0.2268466987187195f,0f,0f,0f,1f],start_interpolation:0}
execute if entity @s[tag=aj.lexiel.bone.rod] run data modify entity @s {} merge value {transformation:[-0.0000011316179381017648f,0.000005534532661165959f,0.000008251568885045658f,-1.044725642226433f,0.000009864730664235071f,0.0000016171473130363044f,2.681855515119421e-7f,1.3333856781359976f,-0.0000011859720756689908f,0.00000817029881891885f,-0.000005642666696279929f,-0.11782671450946722f,0f,0f,0f,1f],start_interpolation:0}
execute if entity @s[tag=aj.lexiel.bone.right_hand] run data modify entity @s {} merge value {transformation:[-0.11316179381017648f,0.9748245889452581f,0.19212347386348247f,-0.6252287666438356f,0.9864730664235071f,0.13331316533159238f,-0.0953860009135227f,1.3985867419619722f,-0.11859720756689907f,0.17873058142629272f,-0.9767241584092989f,-0.10751387112229918f,0f,0f,0f,1f],start_interpolation:0}
execute if entity @s[tag=aj.lexiel.bone.right_arm] run data modify entity @s {} merge value {transformation:[-0.09117467521020628f,0.9788265483574266f,0.18326419953444387f,-0.31649626168182093f,0.9882305626536823f,0.11163240281099616f,-0.10458757899401916f,1.402589662757481f,-0.12283132189103925f,0.17157154447439865f,-0.9774843586928486f,-0.05005928466495463f,0f,0f,0f,1f],start_interpolation:0}
execute if entity @s[tag=aj.lexiel.bone.left_hand] run data modify entity @s {} merge value {transformation:[0.12165821230550103f,-0.9910281497308401f,-0.05533973093264284f,0.5866353783399343f,-0.9886946357517162f,-0.11607117492816195f,-0.09492312461448411f,1.4411954940013527f,0.08764814096380193f,0.06626227276409774f,-0.9939452271597897f,-0.08514621772417569f,0f,0f,0f,1f],start_interpolation:0}
execute if entity @s[tag=aj.lexiel.bone.left_arm] run data modify entity @s {} merge value {transformation:[0.12165821230550103f,-0.9910281497308401f,-0.05533973093264284f,0.2769390815490468f,-0.9886946357517162f,-0.11607117492816195f,-0.09492312461448411f,1.4049232518363022f,0.08764814096380193f,0.06626227276409774f,-0.9939452271597897f,-0.06443925748539514f,0f,0f,0f,1f],start_interpolation:0}
execute if entity @s[tag=aj.lexiel.bone.skirt_right] run data modify entity @s {} merge value {transformation:[-0.984807753012208f,0.17364817766693033f,1.2197065127146805e-16f,-0.21875f,0.17294767223403038f,0.9808349892860591f,-0.08973197011682489f,0.6925478504790928f,-0.015581793089250213f,-0.0883687398641089f,-0.995965949989734f,0.08804397208585106f,0f,0f,0f,1f],start_interpolation:0}
execute if entity @s[tag=aj.lexiel.bone.skirt_left] run data modify entity @s {} merge value {transformation:[-1f,5.658252823282899e-18f,1.2233389555477412e-16f,0.21875f,0f,0.9989320646569098f,-0.04620314058896325f,0.6925478504790928f,-1.2246467991473532e-16f,-0.04620314058896325f,-0.9989320646569098f,0.08804397208585112f,0f,0f,0f,1f],start_interpolation:0}
execute if entity @s[tag=aj.lexiel.bone.skirt_back_middle] run data modify entity @s {} merge value {transformation:[-1f,-1.0357931880212477e-17f,1.2202586231526272e-16f,2.4208781122589467e-17f,0f,0.9964167823753092f,0.08457893236992145f,0.7295586057580942f,-1.2246467991473532e-16f,0.08457893236992145f,-0.9964167823753092f,-0.19767969948106318f,0f,0f,0f,1f],start_interpolation:0}
execute if entity @s[tag=aj.lexiel.bone.skirt_front_middle] run data modify entity @s {} merge value {transformation:[-1f,1.6298822993307854e-17f,1.213752289211081e-16f,-2.1530213104211053e-17f,0f,0.9911039575297487f,-0.1330899897395374f,0.7632080945519035f,-1.2246467991473532e-16f,-0.1330899897395374f,-0.9911039575297487f,0.1758075317650871f,0f,0f,0f,1f],start_interpolation:0}
execute if entity @s[tag=aj.lexiel.bone.skirt] run data modify entity @s {} merge value {transformation:[-1f,1.0988996998475555e-17f,1.2197065127146805e-16f,-1.0576233166194228e-17f,0f,0.995965949989734f,-0.08973197011682489f,0.7112222120414003f,-1.2246467991473532e-16f,-0.08973197011682489f,-0.995965949989734f,0.08636149764616062f,0f,0f,0f,1f],start_interpolation:0}
execute if entity @s[tag=aj.lexiel.bone.rightupper] run data modify entity @s {} merge value {transformation:[-0.9834611064978367f,0.17382151174454893f,-0.05089532454843479f,-0.13490223095482354f,0.18071529279365486f,0.9604897390805128f,-0.211663516156073f,0.6681130734936127f,0.012092764636528777f,-0.21736039928167278f,-0.9760165069646913f,0.0013370597352824407f,0f,0f,0f,1f],start_interpolation:0}
execute if entity @s[tag=aj.lexiel.bone.rightfoot] run data modify entity @s {} merge value {transformation:[-0.974776525872679f,0.22201181946160514f,0.0228358627368861f,-0.15662476100320566f,0.2230975038129074f,0.9664538146065204f,0.1272577228499528f,0.3783784657114022f,0.0061829119385642395f,0.12914246494415874f,-0.9916067745573881f,0.1509559447991597f,0f,0f,0f,1f],start_interpolation:0}
execute if entity @s[tag=aj.lexiel.bone.leftupper] run data modify entity @s {} merge value {transformation:[-0.9990466999447866f,-0.04365392906886328f,0.00016064333890968832f,0.13536078870301074f,-0.04328674665441154f,0.990153619467964f,-0.13312425556061303f,0.6670137833760733f,0.005652335226123382f,-0.13300430192794993f,-0.9910993425359288f,0.001961683976870486f,0f,0f,0f,1f],start_interpolation:0}
execute if entity @s[tag=aj.lexiel.bone.leftfoot] run data modify entity @s {} merge value {transformation:[-0.9961946980917455f,-0.08715574274765817f,1.2197065127146805e-16f,0.1540644740461292f,-0.08680415212273225f,0.9921759988596816f,-0.08973197011682489f,0.3930238873210769f,0.00782065650374242f,-0.08939051287970792f,-0.995965949989734f,0.159835457841067f,0f,0f,0f,1f],start_interpolation:0}
execute if entity @s[tag=aj.lexiel.bone.lower] run data modify entity @s {} merge value {transformation:[-1f,1.0988996998475555e-17f,1.2197065127146805e-16f,0f,0f,0.995965949989734f,-0.08973197011682489f,0.625f,-1.2246467991473532e-16f,-0.08973197011682489f,-0.995965949989734f,0f,0f,0f,0f,1f],start_interpolation:0}