execute if entity @s[tag=aj.lexiel.bone.backhair] run data modify entity @s {} merge value {transformation:[-1f,-3.262983848745079e-17f,1.1803766969447276e-16f,1.937543446496244e-17f,0f,0.9638507182369248f,0.2664428511973326f,1.5490300128251286f,-1.2246467991473532e-16f,0.2664428511973326f,-0.9638507182369248f,-0.1582124289097262f,0f,0f,0f,1f],start_interpolation:0}
execute if entity @s[tag=aj.lexiel.bone.head] run data modify entity @s {} merge value {transformation:[-1f,-3.262983848745079e-17f,1.1803766969447276e-16f,-1.2488162773998306e-17f,0f,0.9638507182369248f,0.2664428511973326f,1.4933162979482892f,-1.2246467991473532e-16f,0.2664428511973326f,-0.9638507182369248f,0.10197358767191529f,0f,0f,0f,1f],start_interpolation:0}
execute if entity @s[tag=aj.lexiel.bone.left_wing] run data modify entity @s {} merge value {transformation:[-0.7966294874098042f,-0.08957607306947654f,-0.5977939334943475f,0.125f,-0.18768225044431386f,0.9767350245242638f,0.10375001077466817f,1.1688229008785485f,0.5745927537459471f,0.1948456286423632f,-0.7949077609016104f,-0.06682539857545372f,0f,0f,0f,1f],start_interpolation:0}
execute if entity @s[tag=aj.lexiel.bone.right_wing] run data modify entity @s {} merge value {transformation:[-0.9492747277340787f,0.10834488553760814f,0.29519294887112957f,-0.12499999999999994f,0.15059290538743092f,0.9807493474383326f,0.12430806227376034f,1.1688229008785485f,-0.27604214919530495f,0.1624564657904615f,-0.9473165408618756f,-0.06682539857545378f,0f,0f,0f,1f],start_interpolation:0}
execute if entity @s[tag=aj.lexiel.locator_origin.locator_right_hand] at @s on origin run tp @s ^0.0669 ^1.27987 ^0.76563 ~-127.31597 ~-4.56305
execute if entity @s[tag=aj.lexiel.bone.sword] run data modify entity @s {} merge value {transformation:[9.207753803895678e-7f,0.000005397540091939817f,-0.000010183817550642331f,-0.042652658172348534f,0.000011513983720878247f,3.1316109627348334e-8f,0.0000010576409724611366f,1.328208668838909f,5.213039652824248e-7f,-0.00001022531107141392f,-0.000005372398153394879f,0.7575516674326976f,0f,0f,0f,1f],start_interpolation:0}
execute if entity @s[tag=aj.lexiel.bone.rod] run data modify entity @s {} merge value {transformation:[-1.598484835071784e-22f,0.0000012959897301119792f,-0.000009915664910607068f,0.04402220519881661f,0.000009914448613738104f,0.000001294253984111519f,1.6916060462780847e-7f,1.3373022971902448f,0.0000013052619222005164f,-0.000009830835022725982f,-0.0000012849023583127547f,0.6884787024834441f,0f,0f,0f,1f],start_interpolation:0}
execute if entity @s[tag=aj.lexiel.bone.right_hand] run data modify entity @s {} merge value {transformation:[-1.598484835071784e-17f,-0.6095030771753455f,-0.7927837024774063f,-0.26262503280206895f,0.9914448613738104f,0.10347903793849009f,-0.07955611581010213f,1.3910844068567738f,0.13052619222005163f,-0.7860013280021283f,0.6042886938570212f,0.39967079641069025f,0f,0f,0f,1f],start_interpolation:0}
execute if entity @s[tag=aj.lexiel.bone.right_arm] run data modify entity @s {} merge value {transformation:[-1.598484835071784e-17f,-0.15959989503337935f,-0.9871817834144501f,-0.3125f,0.9914448613738104f,0.12885307921808783f,-0.020831966577426995f,1.4003683421944948f,0.13052619222005163f,-0.9787363064080904f,0.15823449580664345f,0.08973675715128542f,0f,0f,0f,1f],start_interpolation:0}
execute if entity @s[tag=aj.lexiel.locator_origin.locator_left_hand] at @s on origin run tp @s ^1.0287 ^1.39309 ^0.03804 ~-6.2828 ~7.41648
execute if entity @s[tag=aj.lexiel.bone.left_hand] run data modify entity @s {} merge value {transformation:[-0.018461924565964388f,-0.993922769465538f,-0.10852043899319087f,0.5904649958927632f,-0.991624637888296f,0.004325676798985019f,0.12908085083828652f,1.399016568194812f,-0.12782697240498928f,0.1099946219511888f,-0.9856781666789567f,0.05536343779153899f,0f,0f,0f,1f],start_interpolation:0}
execute if entity @s[tag=aj.lexiel.bone.left_arm] run data modify entity @s {} merge value {transformation:[-0.018461924565964388f,-0.993922769465538f,-0.10852043899319087f,0.2798641304347826f,-0.991624637888296f,0.004325676798985019f,0.12908085083828652f,1.4003683421944948f,-0.12782697240498928f,0.1099946219511888f,-0.9856781666789567f,0.08973675715128548f,0f,0f,0f,1f],start_interpolation:0}
execute if entity @s[tag=aj.lexiel.bone.skirt_right] run data modify entity @s {} merge value {transformation:[-0.984807753012208f,0.17352857744724504f,0.006443788961572138f,-0.21875f,0.1722913862887145f,0.9718102703414008f,0.1609362503281551f,0.672214528575537f,0.02166489828637012f,0.15960147639702185f,-0.9869437678581957f,0.10042530267014281f,0f,0f,0f,1f],start_interpolation:0}
execute if entity @s[tag=aj.lexiel.bone.skirt_left] run data modify entity @s {} merge value {transformation:[-1f,-2.056463636324858e-17f,1.2072569551618219e-16f,0.21875f,0f,0.9858001147778782f,0.16792299932981886f,0.672214528575537f,-1.2246467991473532e-16f,0.16792299932981886f,-0.9858001147778782f,0.10042530267014287f,0f,0f,0f,1f],start_interpolation:0}
execute if entity @s[tag=aj.lexiel.bone.skirt_back_middle] run data modify entity @s {} merge value {transformation:[-1f,-3.6146568387208423e-17f,1.1700864677641324e-16f,2.092057586506843e-17f,0f,0.9554481084495483f,0.2951591300640729f,0.7693158314088313f,-1.2246467991473532e-16f,0.2951591300640729f,-0.9554481084495483f,-0.17082946592955733f,0f,0f,0f,1f],start_interpolation:0}
execute if entity @s[tag=aj.lexiel.bone.skirt_front_middle] run data modify entity @s {} merge value {transformation:[-1f,-9.964444051812465e-18f,1.2205862395323355e-16f,-2.464485222651801e-17f,0f,0.9966843014509613f,0.08136586041583663f,0.7225296401193845f,-1.2246467991473532e-16f,0.08136586041583663f,-0.9966843014509613f,0.20124049026769775f,0f,0f,0f,1f],start_interpolation:0}
execute if entity @s[tag=aj.lexiel.bone.skirt] run data modify entity @s {} merge value {transformation:[-1f,-1.5279082508511138e-17f,1.2150780824423048e-16f,-1.258503534387404e-17f,0f,0.9921865498593468f,0.12476317677185805f,0.6908180263853998f,-1.2246467991473532e-16f,0.12476317677185805f,-0.9921865498593468f,0.10276461223461518f,0f,0f,0f,1f],start_interpolation:0}
execute if entity @s[tag=aj.lexiel.bone.rightupper] run data modify entity @s {} merge value {transformation:[-0.9835168709190248f,0.17583481669535542f,-0.04215070409092875f,-0.13457511000183503f,0.17415855408285807f,0.98387927999455f,0.04062462845582974f,0.6681667467712018f,0.04861442849009406f,0.032614101783075104f,-0.9982850082553903f,0.01106620156343193f,0f,0f,0f,1f],start_interpolation:0}
execute if entity @s[tag=aj.lexiel.bone.rightfoot] run data modify entity @s {} merge value {transformation:[-0.974776525872679f,0.2209143851962939f,0.03174207020554489f,-0.15766061488539954f,0.2166449989441569f,0.902428639363353f,0.3724077003625109f,0.3501748208496072f,0.05362526494178383f,0.3698910451337677f,-0.9275262506742181f,0.08284291425116552f,0f,0f,0f,1f],start_interpolation:0}
execute if entity @s[tag=aj.lexiel.bone.leftupper] run data modify entity @s {} merge value {transformation:[-0.9990466999447866f,-0.043653929068863236f,0.00016064333891127383f,0.13536095323455524f,-0.04349625625141635f,0.9957375554171857f,0.08133139875791279f,0.6656284190521671f,-0.0037103937180309205f,0.0812468781471519f,-0.9966871012357886f,0.010877806403387702f,0f,0f,0f,1f],start_interpolation:0}
execute if entity @s[tag=aj.lexiel.bone.leftfoot] run data modify entity @s {} merge value {transformation:[-0.9961946980917455f,-0.0871557427476582f,1.2150780824423048e-16f,0.15406446566391616f,-0.08647475569722776f,0.9884109804878227f,0.12476317677185805f,0.3642706156879588f,-0.010873827339108784f,0.1242884152172082f,-0.9921865498593468f,0.10667910560817813f,0f,0f,0f,1f],start_interpolation:0}
execute if entity @s[tag=aj.lexiel.bone.lower] run data modify entity @s {} merge value {transformation:[-1f,-1.5279082508511138e-17f,1.2150780824423048e-16f,0f,0f,0.9921865498593468f,0.12476317677185805f,0.625f,-1.2246467991473532e-16f,0.12476317677185805f,-0.9921865498593468f,0f,0f,0f,0f,1f],start_interpolation:0}