execute if entity @s[tag=aj.lexiel.bone.backhair] run data modify entity @s {} merge value {transformation:[-0.8847805907507036f,-0.09065128598018438f,-0.4571057323869116f,-0.24780346698883746f,-0.21476507537340467f,0.9498395089511017f,0.22733426850210206f,1.4581181980443665f,0.4135689406020378f,0.2993112954528592f,-0.8598682921143443f,0.10252019303736096f,0f,0f,0f,1f],start_interpolation:0}
execute if entity @s[tag=aj.lexiel.bone.head] run data modify entity @s {} merge value {transformation:[-0.8847805907507036f,-0.09065128598018438f,-0.4571057323869116f,-0.12780118316700445f,-0.21476507537340467f,0.9498395089511017f,0.22733426850210206f,1.4125737753008565f,0.4135689406020378f,0.2993112954528592f,-0.8598682921143443f,0.3355994471216846f,0f,0f,0f,1f],start_interpolation:0}
execute if entity @s[tag=aj.lexiel.bone.ring] run data modify entity @s {} merge value {transformation:[-0.9649882830000587f,0.004044385665072259f,-0.2622618092997735f,-0.035784331286761284f,-0.09958951192574775f,0.919355038459489f,0.38061560973447073f,0.9130206570842399f,0.24265107209116132f,0.3934081293056153f,-0.8867640616360511f,0.0939678451940717f,0f,0f,0f,1f],start_interpolation:0}
execute if entity @s[tag=aj.lexiel.bone.bust] run data modify entity @s {} merge value {transformation:[-0.9510302428649187f,-0.27280011585799424f,-0.145332632069191f,-0.09105894998020259f,-0.2577208505205791f,0.9594201442722503f,-0.11442442908559275f,1.2880816998090714f,0.1706500523388237f,-0.07136584303768467f,-0.9827438506977683f,0.35235169145474f,0f,0f,0f,1f],start_interpolation:0}
execute if entity @s[tag=aj.lexiel.bone.left_wing] run data modify entity @s {} merge value {transformation:[-0.5955032736243215f,-0.16067841714112663f,-0.7871202559760093f,0.014527391622120689f,-0.4318558511085011f,0.8902106329503325f,0.14500190635133256f,1.1870833717003608f,0.677404144485453f,0.4262715979832466f,-0.5995132607263502f,0.05575892614128408f,0f,0f,0f,1f],start_interpolation:0}
execute if entity @s[tag=aj.lexiel.bone.right_wing] run data modify entity @s {} merge value {transformation:[-0.9846471136217061f,-0.17080150394936935f,0.03601260730739703f,-0.22323016909410898f,-0.1377697040525212f,0.8871058503145661f,0.44052550321513895f,1.122653159070216f,-0.10718941310467145f,0.4288007189666363f,-0.8970174876399969f,0.09842143922598995f,0f,0f,0f,1f],start_interpolation:0}
execute if entity @s[tag=aj.lexiel.bone.body] run data modify entity @s {} merge value {transformation:[-0.9510302428649187f,-0.16358551445376568f,-0.2622618092997735f,0.6884387833092289f,-0.2577208505205791f,0.8880944323850963f,0.38061560973447073f,0.21325540420050593f,0.1706500523388237f,0.4295672923157563f,-0.8867640616360511f,0.14327335849073558f,0f,0f,0f,1f],start_interpolation:0}
execute if entity @s[tag=aj.lexiel.bone.sword] run data modify entity @s {} merge value {transformation:[-0.35656177251199844f,-0.6269896169894867f,-0.9036934132052077f,0.20868831938466187f,0.8599770341489665f,0.433346451589303f,-0.6399721994987805f,1.0840279225198186f,0.6857238989706052f,-0.8694877432042021f,0.33269785286084214f,0.6914021646725506f,0f,0f,0f,1f],start_interpolation:0}
execute if entity @s[tag=aj.lexiel.bone.rod] run data modify entity @s {} merge value {transformation:[-0.000003213409818198465f,-0.000004734871113055088f,-0.000008200914149231303f,0.23373769696974045f,0.000006627935217582574f,0.0000050607921898559745f,-0.0000055189543540983755f,1.1671223377081097f,0.000006763465982159913f,-0.000007208978981371026f,0.0000015120019690186935f,0.6218741318296803f,0f,0f,0f,1f],start_interpolation:0}
execute if entity @s[tag=aj.lexiel.bone.right_hand] run data modify entity @s {} merge value {transformation:[-0.3213409818198465f,-0.9146981478935708f,-0.245086253476461f,-0.17073249646716437f,0.6627935217582573f,-0.03239695732189066f,-0.748101052446506f,1.1157838417605488f,0.6763465982159913f,-0.40283710776982107f,0.6166664768619272f,0.5031169343263794f,0f,0f,0f,1f],start_interpolation:0}
execute if entity @s[tag=aj.lexiel.bone.right_arm] run data modify entity @s {} merge value {transformation:[-0.029729971904618735f,-0.7675473831587389f,-0.6403023843284692f,-0.40966199208225096f,0.621152831094735f,0.4876938902023502f,-0.6134523859944581f,1.2487771564770729f,0.7831253342815223f,-0.4159635609827741f,0.46226510439463586f,0.3486556548229649f,0f,0f,0f,1f],start_interpolation:0}
execute if entity @s[tag=aj.lexiel.bone.left_hand] run data modify entity @s {} merge value {transformation:[-0.9842471360425129f,-0.041589830493187f,-0.17183672829654043f,0.1898542826111587f,-0.06752065200543217f,0.9866894305658925f,0.1479355574644454f,1.0993783343857062f,0.16339686883435814f,0.15720767668629565f,-0.973954418669593f,0.1942849409946236f,0f,0f,0f,1f],start_interpolation:0}
execute if entity @s[tag=aj.lexiel.bone.left_arm] run data modify entity @s {} merge value {transformation:[-0.9842471360425129f,-0.041589830493187f,-0.17183672829654043f,0.17685746058203775f,-0.06752065200543217f,0.9866894305658925f,0.1479355574644454f,1.4077187814375476f,0.16339686883435814f,0.15720767668629565f,-0.973954418669593f,0.24341233995909098f,0f,0f,0f,1f],start_interpolation:0}
execute if entity @s[tag=aj.lexiel.bone.skirt_right] run data modify entity @s {} merge value {transformation:[-0.984807753012208f,0.17364817766693036f,1.1878613382157826e-16f,-0.21875f,0.1684322017138207f,0.9552264834177743f,-0.24325492554755687f,0.7053966662737349f,-0.04224077452983818f,-0.23955933663764142f,-0.9699623916404453f,0.07649071301190553f,0f,0f,0f,1f],start_interpolation:0}
execute if entity @s[tag=aj.lexiel.bone.skirt_left] run data modify entity @s {} merge value {transformation:[-1f,2.4580404600985764e-17f,1.1997250325083e-16f,0.21875f,0f,0.9796498331956572f,-0.20071423546854159f,0.7053966662737349f,-1.2246467991473532e-16f,-0.20071423546854159f,-0.9796498331956572f,0.07649071301190559f,0f,0f,0f,1f],start_interpolation:0}
execute if entity @s[tag=aj.lexiel.bone.skirt_back_middle] run data modify entity @s {} merge value {transformation:[-1f,8.710561811697904e-18f,1.2215450846998305e-16f,2.5903072989045016e-17f,0f,0.9974672579476124f,-0.07112713492382075f,0.6976038679410123f,-1.2246467991473532e-16f,-0.07112713492382075f,-0.9974672579476124f,-0.21151464248369198f,0f,0f,0f,1f],start_interpolation:0}
execute if entity @s[tag=aj.lexiel.bone.skirt_front_middle] run data modify entity @s {} merge value {transformation:[-1f,3.494316137057389e-17f,1.1737364823523466e-16f,-1.8641727194046833e-17f,0f,0.9584285715436874f,-0.2853325660500862f,0.7888244650213461f,-1.2246467991473532e-16f,-0.2853325660500862f,-0.9584285715436874f,0.152221254381475f,0f,0f,0f,1f],start_interpolation:0}
execute if entity @s[tag=aj.lexiel.bone.skirt] run data modify entity @s {} merge value {transformation:[-1f,2.9790136594864325e-17f,1.1878613382157826e-16f,-8.808845624299186e-18f,0f,0.9699623916404453f,-0.24325492554755687f,0.7235834611169932f,-1.2246467991473532e-16f,-0.24325492554755687f,-0.9699623916404453f,0.07192968315788886f,0f,0f,0f,1f],start_interpolation:0}
execute if entity @s[tag=aj.lexiel.bone.rightupper] run data modify entity @s {} merge value {transformation:[-0.9834612270345995f,0.17382109055382616f,-0.050894433863426514f,-0.13490199904699976f,0.18040111038496692f,0.9151049509163443f,-0.36060833071390086f,0.6677978026858693f,-0.016107584904978982f,-0.36382572378416794f,-0.931327755637861f,-0.005371967002534131f,0f,0f,0f,1f],start_interpolation:0}
execute if entity @s[tag=aj.lexiel.bone.rightfoot] run data modify entity @s {} merge value {transformation:[-0.9747766678633373f,0.22201112459812747f,0.02283655718193304f,-0.1566246762738866f,0.22135215331049496f,0.9747856694480262f,-0.028215649267210763f,0.4048015928077445f,-0.02852493670555849f,-0.022449035467873135f,-0.9993409672341598f,0.1874098289615798f,0f,0f,0f,1f],start_interpolation:0}
execute if entity @s[tag=aj.lexiel.bone.leftupper] run data modify entity @s {} merge value {transformation:[-0.9990466999447866f,-0.043653929068863194f,0.00016064333891126936f,0.13536095323455524f,-0.041884541128542625f,0.9575030561021768f,-0.28536570005773837f,0.6668088725510509f,0.012303517541057008f,-0.285100389392653f,-0.9584186931734349f,-0.0045840247423045155f,0f,0f,0f,1f],start_interpolation:0}
execute if entity @s[tag=aj.lexiel.bone.leftfoot] run data modify entity @s {} merge value {transformation:[-0.9961946980917455f,-0.08715574274765815f,1.1878613382157826e-16f,0.15406446566391613f,-0.08453779268071793f,0.9662713919006009f,-0.24325492554755687f,0.42064854152638526f,0.02120106371312349f,-0.24232926711517846f,-0.9699623916404453f,0.19390906331784333f,0f,0f,0f,1f],start_interpolation:0}
execute if entity @s[tag=aj.lexiel.bone.lower] run data modify entity @s {} merge value {transformation:[-1f,2.9790136594864325e-17f,1.1878613382157826e-16f,0f,0f,0.9699623916404453f,-0.24325492554755687f,0.625f,-1.2246467991473532e-16f,-0.24325492554755687f,-0.9699623916404453f,0f,0f,0f,0f,1f],start_interpolation:0}
execute if entity @s[tag=aj.lexiel.bone.sucidesword] run data modify entity @s {} merge value {transformation:[-0.0000030424502846887396f,-4.4549554731315094e-7f,0.000011146139970075811f,0.046874999999999424f,0.000005751987846049491f,0.000009836252997946557f,0.0000019632037666239224f,1.8256176829063782f,-0.00000955769524174612f,0.000006061440994327303f,-0.0000023666011468331717f,4.708907582461551f,0f,0f,0f,1f],start_interpolation:0}