execute if entity @s[tag=aj.lexiel.bone.backhair] run data modify entity @s {} merge value {transformation:[-1f,-5.32790545821396e-17f,1.102675844001852e-16f,7.737551640682389e-18f,0f,0.9004031568690481f,0.43505649644644107f,1.7019414278945675f,-1.2246467991473532e-16f,0.43505649644644107f,-0.9004031568690481f,-0.06318190392584684f,0f,0f,0f,1f],start_interpolation:0}
execute if entity @s[tag=aj.lexiel.bone.head] run data modify entity @s {} merge value {transformation:[-1f,-1.0031719290535246e-16f,7.024285468436542e-17f,-1.2488162773998306e-17f,0f,0.5735764363510462f,0.8191520442889917f,1.4933162979482892f,-1.2246467991473532e-16f,0.8191520442889917f,-0.5735764363510462f,0.10197358767191529f,0f,0f,0f,1f],start_interpolation:0}
execute if entity @s[tag=aj.lexiel.bone.sword] run data modify entity @s {} merge value {transformation:[-0.000009695640429173343f,0.000004965918743904757f,0.0000038762886821178315f,-0.675605296414771f,0.00000577608556198583f,0.000004167870543191813f,0.000009108078664889364f,0.7619731015059548f,0.000002514517547920118f,0.000009573918341730798f,-0.000005975675303852479f,0.13825590035025848f,0f,0f,0f,1f],start_interpolation:0}
execute if entity @s[tag=aj.lexiel.bone.rod] run data modify entity @s {} merge value {transformation:[-0.00000871165627224291f,0.000004387991328041114f,0.0000022028565771122683f,-0.6573066502966854f,0.000004791647797271597f,0.000006619432993981964f,0.000005763958555115159f,0.7708032120958458f,0.0000010710538647486585f,0.0000060768938565042395f,-0.00000786919339421697f,0.24758815629420894f,0f,0f,0f,1f],start_interpolation:0}
execute if entity @s[tag=aj.lexiel.bone.right_hand] run data modify entity @s {} merge value {transformation:[-0.8711656272242909f,0.46604332475031074f,-0.15451236001881646f,-0.48536246483523116f,0.4791647797271597f,0.875638013845476f,-0.060491177685447484f,1.1417053622342572f,0.10710538647486584f,-0.12673471570341865f,-0.9861372866004221f,0.1326883991359433f,0f,0f,0f,1f],start_interpolation:0}
execute if entity @s[tag=aj.lexiel.bone.right_arm] run data modify entity @s {} merge value {transformation:[-0.8711656272242909f,0.46604332475031074f,-0.15451236001881646f,-0.3125f,0.4791647797271597f,0.875638013845476f,-0.060491177685447484f,1.4003683421944948f,0.10710538647486584f,-0.12673471570341865f,-0.9861372866004221f,0.08973675715128542f,0f,0f,0f,1f],start_interpolation:0}
execute if entity @s[tag=aj.lexiel.bone.left_hand] run data modify entity @s {} merge value {transformation:[-0.9912621349656149f,-0.11116424434152312f,0.07100627129619805f,0.378488826356726f,-0.11705987067147904f,0.9894714135918421f,-0.08510762811251621f,1.0911585254470442f,-0.060797750466507684f,-0.09267595407946924f,-0.9938384179904056f,0.11869799280111965f,0f,0f,0f,1f],start_interpolation:0}
execute if entity @s[tag=aj.lexiel.bone.left_arm] run data modify entity @s {} merge value {transformation:[-0.9912621349656149f,-0.11116424434152312f,0.07100627129619805f,0.34375f,-0.11705987067147904f,0.9894714135918421f,-0.08510762811251621f,1.4003683421944948f,-0.060797750466507684f,-0.09267595407946924f,-0.9938384179904056f,0.0897367571512855f,0f,0f,0f,1f],start_interpolation:0}