execute if entity @s[tag=aj.lexiel.bone.backhair] run data modify entity @s {} merge value {transformation:[-0.9999772776783924f,-0.005094224448810271f,-0.004415088241073452f,-0.0010557366625304435f,-0.005571002097129516f,0.9932650230636229f,0.11573054002317099f,1.5016111204614877f,0.003795795377137699f,0.1157525068224708f,-0.9932708337114147f,-0.1639791573591784f,0f,0f,0f,1f],start_interpolation:0}
execute if entity @s[tag=aj.lexiel.bone.head] run data modify entity @s {} merge value {transformation:[-0.9999772776783924f,-0.005207527020252277f,-0.004280863142482345f,-1.2488162773998306e-17f,-0.005571002097129516f,0.9959431141642023f,0.08981245617699425f,1.4933162979482892f,0.003795795377137699f,0.08983426412702494f,-0.99594949516841f,0.10197358767191529f,0f,0f,0f,1f],start_interpolation:0}
execute if entity @s[tag=aj.lexiel.bone.left_wing] run data modify entity @s {} merge value {transformation:[-0.7850509972674433f,0.0013177007294328158f,-0.61942973399263f,0.125f,-0.0782037096829425f,0.9917852617723824f,0.10122338822086932f,1.1688229008785485f,0.6144746630099721f,0.12790722495572496f,-0.7784989597442676f,-0.06682539857545372f,0f,0f,0f,1f],start_interpolation:0}
execute if entity @s[tag=aj.lexiel.bone.right_wing] run data modify entity @s {} merge value {transformation:[-0.9519512038075088f,-0.0011002795197312624f,0.30624776726437286f,-0.12499999999999994f,0.03862818840707944f,0.991575551232034f,0.12363571190912043f,1.1688229008785485f,-0.3038038324804712f,0.12952496123862114f,-0.9438890378568402f,-0.06682539857545378f,0f,0f,0f,1f],start_interpolation:0}
execute if entity @s[tag=aj.lexiel.bone.sword] run data modify entity @s {} merge value {transformation:[1.3221913023606098e-7f,0.0000030611170942760656f,0.00001114914734348463f,-1.0333141360250118f,0.000011209669014616572f,-0.000002764548162676582f,6.260992644833362e-7f,1.4411565090824145f,0.0000028314739861677458f,0.000010801770310526529f,-0.000002999319835276485f,-0.04296515731782366f,0f,0f,0f,1f],start_interpolation:0}
execute if entity @s[tag=aj.lexiel.bone.rod] run data modify entity @s {} merge value {transformation:[1.0475624928758295e-7f,0.000005891620759469218f,0.000008079469719902817f,-1.0481391908853686f,0.000009914467258517592f,-0.0000011123783469894005f,6.826077885079702e-7f,1.4269722119392774f,0.0000013009093388925342f,0.000008003213057250224f,-0.000005852880970277948f,0.06632975086879195f,0f,0f,0f,1f],start_interpolation:0}
execute if entity @s[tag=aj.lexiel.bone.right_hand] run data modify entity @s {} merge value {transformation:[0.010475624928758294f,0.9879052818534778f,0.15470428361345356f,-0.6236296768979447f,0.9914467258517592f,-0.03038936762565489f,0.12692468685460256f,1.4378777550104656f,0.1300909338892534f,0.15205144005011167f,-0.979773804762359f,0.06914111189357236f,0f,0f,0f,1f],start_interpolation:0}
execute if entity @s[tag=aj.lexiel.bone.right_arm] run data modify entity @s {} merge value {transformation:[0.010475624928758294f,0.9966625285662989f,0.08095718272137951f,-0.3125f,0.9914467258517592f,-0.020885448425930514f,0.12883007351497522f,1.4003683421944948f,0.1300909338892534f,0.07891515821360713f,-0.9883565888503719f,0.08973675715128542f,0f,0f,0f,1f],start_interpolation:0}
execute if entity @s[tag=aj.lexiel.bone.left_hand] run data modify entity @s {} merge value {transformation:[-0.02444550558954915f,-0.9966274126336921f,-0.07833401332463134f,0.5900873707958549f,-0.9912403187856099f,0.01399115725547518f,0.13132736931978364f,1.3959961055521588f,-0.12978847279428787f,0.08085819628043135f,-0.9882392951223917f,0.06446857081365069f,0f,0f,0f,1f],start_interpolation:0}
execute if entity @s[tag=aj.lexiel.bone.left_arm] run data modify entity @s {} merge value {transformation:[-0.02444550558954915f,-0.9966274126336921f,-0.07833401332463134f,0.2786413043478261f,-0.9912403187856099f,0.01399115725547518f,0.13132736931978364f,1.4003683421944948f,-0.12978847279428787f,0.08085819628043135f,-0.9882392951223917f,0.08973675715128548f,0f,0f,0f,1f],start_interpolation:0}
execute if entity @s[tag=aj.lexiel.bone.skirt_right] run data modify entity @s {} merge value {transformation:[-0.984807753012208f,0.17294575825854577f,-0.015603022381014447f,-0.21875000000000003f,0.16485958660899655f,0.9594067622852339f,0.22882303464571807f,0.6519226765924637f,0.05454361841825832f,0.2227743907672992f,-0.9733429840031221f,0.10765510954013098f,0f,0f,0f,1f],start_interpolation:0}
execute if entity @s[tag=aj.lexiel.bone.skirt_left] run data modify entity @s {} merge value {transformation:[-1f,-4.3501532271603345e-17f,1.1447800887786802e-16f,0.21874999999999997f,0f,0.9347838818308437f,0.35521696787915347f,0.6519226765924637f,-1.2246467991473532e-16f,0.35521696787915347f,-0.9347838818308437f,0.10765510954013102f,0f,0f,0f,1f],start_interpolation:0}
execute if entity @s[tag=aj.lexiel.bone.skirt_back_middle] run data modify entity @s {} merge value {transformation:[-1f,-5.807174922432948e-17f,1.0782054427911761e-16f,1.7111855113523088e-17f,0f,0.8804215579070348f,0.4741918181206312f,0.7996012597353558f,-1.2246467991473532e-16f,0.4741918181206312f,-0.8804215579070348f,-0.13972890081807288f,0f,0f,0f,1f],start_interpolation:0}
execute if entity @s[tag=aj.lexiel.bone.skirt_front_middle] run data modify entity @s {} merge value {transformation:[-1f,-3.3358579915814623e-17f,1.178337938480247e-16f,-2.64881053990295e-17f,0f,0.9621859456135858f,0.2723934765439322f,0.6818121923137622f,-1.2246467991473532e-16f,0.2723934765439322f,-0.9621859456135858f,0.21629179464210863f,0f,0f,0f,1f],start_interpolation:0}
execute if entity @s[tag=aj.lexiel.bone.skirt] run data modify entity @s {} merge value {transformation:[-1f,-3.8466667837975013e-17f,1.162665613668069e-16f,-1.3905198552979945e-17f,0f,0.9493885212271507f,0.3141041797909161f,0.6697237113654728f,-1.2246467991473532e-16f,0.3141041797909161f,-0.9493885212271507f,0.11354456291121069f,0f,0f,0f,1f],start_interpolation:0}
execute if entity @s[tag=aj.lexiel.bone.rightupper] run data modify entity @s {} merge value {transformation:[-0.9829405834176096f,0.17035321491711264f,-0.06933679858526275f,-0.13557626596078592f,0.16209580523894354f,0.9805038364403427f,0.11107284388953143f,0.6613677206727764f,0.0869066130659097f,0.09793880177526045f,-0.9913905545809071f,0.01682094089446636f,0f,0f,0f,1f],start_interpolation:0}
execute if entity @s[tag=aj.lexiel.bone.rightfoot] run data modify entity @s {} merge value {transformation:[-0.9743401633331233f,0.22503917281958494f,0.0043147204613337015f,-0.1546812342520545f,0.20419015191072723f,0.8756811803754119f,0.4375943923303855f,0.33890010581431695f,0.09469756057394825f,0.42724681512329876f,-0.8991621271986165f,0.06635335028728448f,0f,0f,0f,1f],start_interpolation:0}
execute if entity @s[tag=aj.lexiel.bone.leftupper] run data modify entity @s {} merge value {transformation:[-0.9988385908885808f,-0.04818109973111443f,-0.00022578842936818292f,0.13529330851329388f,-0.04640185256773585f,0.9606701209195713f,0.2737878500785938f,0.6628519302053429f,-0.012974491512060754f,0.27348034737632765f,-0.9617900821743416f,0.01856220030158662f,0f,0f,0f,1f],start_interpolation:0}
execute if entity @s[tag=aj.lexiel.bone.leftfoot] run data modify entity @s {} merge value {transformation:[-0.9957912557031289f,-0.09164842675944024f,-0.0005838987115088233f,0.15536907036126357f,-0.08715064705217809f,0.9449112058028605f,0.31551161288702356f,0.34869657647794317f,-0.028364410509870697f,0.31423459233620965f,-0.9489215358477875f,0.05388637007812323f,0f,0f,0f,1f],start_interpolation:0}
execute if entity @s[tag=aj.lexiel.bone.lower] run data modify entity @s {} merge value {transformation:[-1f,-3.8466667837975013e-17f,1.162665613668069e-16f,0f,0f,0.9493885212271507f,0.3141041797909161f,0.625f,-1.2246467991473532e-16f,0.3141041797909161f,-0.9493885212271507f,0f,0f,0f,0f,1f],start_interpolation:0}