execute if entity @s[tag=aj.lexiel.bone.backhair] run data modify entity @s {} merge value {transformation:[-1f,-3.607708528587097e-17f,1.1703008905360435e-16f,1.7074028787125114e-17f,0f,0.955623197930091f,0.29459175748460087f,1.6052533552930726f,-1.2246467991473532e-16f,0.29459175748460087f,-0.955623197930091f,-0.13942002542294413f,0f,0f,0f,1f],start_interpolation:0}
execute if entity @s[tag=aj.lexiel.bone.head] run data modify entity @s {} merge value {transformation:[-1f,-5.79539645423823e-17f,1.0788389972761862e-16f,-1.2488162773998306e-17f,0f,0.8809388944039341f,0.4732300332041215f,1.4933162979482892f,-1.2246467991473532e-16f,0.4732300332041215f,-0.8809388944039341f,0.10197358767191529f,0f,0f,0f,1f],start_interpolation:0}
execute if entity @s[tag=aj.lexiel.bone.left_wing] run data modify entity @s {} merge value {transformation:[-0.7496728299004859f,0.3466479041878863f,-0.5637604798415222f,0.125f,0.3515338721308658f,0.930315803711096f,0.1045774455131582f,1.1688229008785485f,0.5607268362167781f,-0.11978203491143202f,-0.8192909612944592f,-0.06682539857545372f,0f,0f,0f,1f],start_interpolation:0}
execute if entity @s[tag=aj.lexiel.bone.right_wing] run data modify entity @s {} merge value {transformation:[-0.867153995421828f,-0.41302945076738584f,0.278299516749045f,-0.12499999999999994f,-0.3938466129854041f,0.9107160574460988f,0.12442310135083086f,1.1688229008785485f,-0.3048422438965533f,-0.0017133326079380728f,-0.9524013181571562f,-0.06682539857545378f,0f,0f,0f,1f],start_interpolation:0}
execute if entity @s[tag=aj.lexiel.bone.sword] run data modify entity @s {} merge value {transformation:[-0.000004178827483054804f,0.000005814114029862059f,0.000009078815185068316f,-0.995156155701112f,0.000010390172095937499f,-4.258427081401828e-7f,0.000005055134820627995f,1.1255759986143943f,0.0000028763050835521f,0.000009985296304350966f,-0.000005070713266459399f,0.07497911953088753f,0f,0f,0f,1f],start_interpolation:0}
execute if entity @s[tag=aj.lexiel.bone.rod] run data modify entity @s {} merge value {transformation:[-0.000003920484830059639f,0.000007118034824220482f,0.000005827810818691421f,-0.9828126690543048f,0.000009097581648851534f,0.0000020597522515586088f,0.0000036043624685482272f,1.1143958094103694f,0.000001365213111478231f,0.0000067149833137085126f,-0.000007283213044863112f,0.18492908633097538f,0f,0f,0f,1f],start_interpolation:0}
execute if entity @s[tag=aj.lexiel.bone.right_hand] run data modify entity @s {} merge value {transformation:[-0.39204848300596384f,0.9154095242297325f,-0.09123261435592694f,-0.6108169914157278f,0.9097581648851534f,0.4005133928006087f,0.10922043587233835f,1.3036378495969656f,0.1365213111478231f,-0.04017990961712258f,-0.989821956952683f,0.10655926988000569f,0f,0f,0f,1f],start_interpolation:0}
execute if entity @s[tag=aj.lexiel.bone.right_arm] run data modify entity @s {} merge value {transformation:[-0.39204848300596384f,0.9154095242297325f,-0.09123261435592694f,-0.3125f,0.9097581648851534f,0.4005133928006087f,0.10922043587233835f,1.4003683421944948f,0.1365213111478231f,-0.04017990961712258f,-0.989821956952683f,0.08973675715128542f,0f,0f,0f,1f],start_interpolation:0}
execute if entity @s[tag=aj.lexiel.bone.left_hand] run data modify entity @s {} merge value {transformation:[-0.6172714074421521f,-0.7815937221665604f,0.08992921118416444f,0.5515207654497775f,-0.7771643939826006f,0.6235429403214408f,0.08490998940613252f,1.2055111733440445f,-0.12243983943162402f,-0.017477272244652786f,-0.9923220398010135f,0.0951984047277395f,0f,0f,0f,1f],start_interpolation:0}
execute if entity @s[tag=aj.lexiel.bone.left_arm] run data modify entity @s {} merge value {transformation:[-0.6172714074421521f,-0.7815937221665604f,0.08992921118416444f,0.3072727272727273f,-0.7771643939826006f,0.6235429403214408f,0.08490998940613252f,1.4003683421944948f,-0.12243983943162402f,-0.017477272244652786f,-0.9923220398010135f,0.0897367571512855f,0f,0f,0f,1f],start_interpolation:0}
execute if entity @s[tag=aj.lexiel.bone.skirt_right] run data modify entity @s {} merge value {transformation:[-0.984807753012208f,0.1724833947050139f,-0.02007904773838108f,-0.21875f,0.17257135719245792f,0.9849932611276728f,-0.002720700245361349f,0.673582468046731f,0.019308451097871514f,-0.006144435214598648f,-0.9997946937407173f,0.09977072177491925f,0f,0f,0f,1f],start_interpolation:0}
execute if entity @s[tag=aj.lexiel.bone.skirt_left] run data modify entity @s {} merge value {transformation:[-1f,-1.8912955760219948e-17f,1.209954459102926e-16f,0.21875f,0f,0.9880027939037961f,0.15443600369827354f,0.673582468046731f,-1.2246467991473532e-16f,0.15443600369827354f,-0.9880027939037961f,0.0997707217749193f,0f,0f,0f,1f],start_interpolation:0}
execute if entity @s[tag=aj.lexiel.bone.skirt_back_middle] run data modify entity @s {} merge value {transformation:[-1f,-3.454422763249798e-17f,1.174916769983846e-16f,2.1160138437109537e-17f,0f,0.959392349534469f,0.28207502486879493f,0.7669679093089415f,-1.2246467991473532e-16f,0.28207502486879493f,-0.959392349534469f,-0.17278564278159264f,0f,0f,0f,1f],start_interpolation:0}
execute if entity @s[tag=aj.lexiel.bone.skirt_front_middle] run data modify entity @s {} merge value {transformation:[-1f,-8.295538296179198e-18f,1.2218339441591563e-16f,-2.4479332787781776e-17f,0f,0.9977031295960963f,0.06773821073925052f,0.7252705574623245f,-1.2246467991473532e-16f,0.06773821073925052f,-0.9977031295960963f,0.1998889214818937f,0f,0f,0f,1f],start_interpolation:0}
execute if entity @s[tag=aj.lexiel.bone.skirt] run data modify entity @s {} merge value {transformation:[-1f,-1.3617207592501479e-17f,1.2170525659971018e-16f,-1.2473712149387008e-17f,0f,0.9937988380359636f,0.11119293825764547f,0.6922161962599054f,-1.2246467991473532e-16f,0.11119293825764547f,-0.9937988380359636f,0.10185558936725013f,0f,0f,0f,1f],start_interpolation:0}
execute if entity @s[tag=aj.lexiel.bone.rightupper] run data modify entity @s {} merge value {transformation:[-0.9931001380728061f,0.09258934810442321f,-0.07196755086406122f,-0.13687926570145925f,0.10101615942873883f,0.987131716941755f,-0.12396253039483551f,0.6623976534062314f,0.05956384216990127f,-0.13037709164274547f,-0.9896736647404225f,0.008808122350219057f,0f,0f,0f,1f],start_interpolation:0}
execute if entity @s[tag=aj.lexiel.bone.rightfoot] run data modify entity @s {} merge value {transformation:[-0.9878633139354976f,0.15336276289681777f,-0.024615766025674772f,-0.1310044982291338f,0.1443136818438883f,0.9648367305683766f,0.21968988274107432f,0.35927638517663407f,0.057442442610297254f,0.21347118377612567f,-0.9752591550373584f,0.1308196213173185f,0f,0f,0f,1f],start_interpolation:0}
execute if entity @s[tag=aj.lexiel.bone.leftupper] run data modify entity @s {} merge value {transformation:[-0.9997659675282665f,0.02122219341003735f,0.004198652061817644f,0.1362516033611351f,0.021393300747085335f,0.9987081865269313f,0.046089964712864584f,0.6643463937980221f,-0.0032150980411172502f,0.046169001190791564f,-0.9989284691476316f,0.010034314205426845f,0f,0f,0f,1f],start_interpolation:0}
execute if entity @s[tag=aj.lexiel.bone.leftfoot] run data modify entity @s {} merge value {transformation:[-0.9997207918265832f,-0.02260987611431931f,0.006865267054136681f,0.13545942103288436f,-0.021904728752628198f,0.9957394740974526f,0.08957166171508917f,0.36596125484205355f,-0.00886122158075651f,0.08939627076239658f,-0.9959567187011055f,0.11638327168575106f,0f,0f,0f,1f],start_interpolation:0}
execute if entity @s[tag=aj.lexiel.bone.lower] run data modify entity @s {} merge value {transformation:[-1f,-1.3617207592501479e-17f,1.2170525659971018e-16f,0f,0f,0.9937988380359636f,0.11119293825764547f,0.625f,-1.2246467991473532e-16f,0.11119293825764547f,-0.9937988380359636f,0f,0f,0f,0f,1f],start_interpolation:0}