execute if entity @s[tag=aj.lexiel.bone.backhair] run data modify entity @s {} merge value {transformation:[-0.9999539550626984f,-0.0074288117560306005f,-0.006074579027427505f,-0.0014171658642318256f,-0.007930375278270318f,0.9961588196447694f,0.08720501815770382f,1.4907219664310773f,0.005403415809726244f,0.08724917649945538f,-0.9961718648394733f,-0.1640941524524599f,0f,0f,0f,1f],start_interpolation:0}
execute if entity @s[tag=aj.lexiel.bone.head] run data modify entity @s {} merge value {transformation:[-0.9999539550626984f,-0.007656040586007279f,-0.0057855679939319594f,-1.2488162773998306e-17f,-0.007930375278270318f,0.998768071397516f,0.0489841678997624f,1.4933162979482892f,0.005403415809726244f,0.049027794152212506f,-0.9987827984592823f,0.10197358767191529f,0f,0f,0f,1f],start_interpolation:0}
execute if entity @s[tag=aj.lexiel.bone.left_wing] run data modify entity @s {} merge value {transformation:[-0.7828423571539448f,-0.012417260011108322f,-0.6220961786568633f,0.125f,-0.09490439977065049f,0.9904855841088038f,0.09965672369094986f,1.1688229008785485f,0.6149398334388724f,0.13705516891550754f,-0.7765725219988883f,-0.06682539857545372f,0f,0f,0f,1f],start_interpolation:0}
execute if entity @s[tag=aj.lexiel.bone.right_wing] run data modify entity @s {} merge value {transformation:[-0.9513571698045197f,0.01607034563301634f,0.3076707322004642f,-0.12499999999999994f,0.056505307436845606f,0.9908004675699236f,0.12296984872190504f,1.1688229008785485f,-0.3028641373503999f,0.1343732765636681f,-0.9435131884889273f,-0.06682539857545378f,0f,0f,0f,1f],start_interpolation:0}
execute if entity @s[tag=aj.lexiel.locator_origin.locator_right_hand] at @s on origin run tp @s ^-1.11688 ^1.41831 ^-0.03286 ~13.43628 ~6.65457
execute if entity @s[tag=aj.lexiel.bone.sword] run data modify entity @s {} merge value {transformation:[3.817842258179549e-7f,0.0000021499303438260727f,0.000011354446114699415f,-1.0209685074808519f,0.00001120849854261969f,-0.000002834680057570487f,1.5986131897564216e-7f,1.4683668889899133f,0.000002813397852243624f,0.000011001536017207237f,-0.000002177706141122551f,-0.08480438340258951f,0f,0f,0f,1f],start_interpolation:0}
execute if entity @s[tag=aj.lexiel.bone.rod] run data modify entity @s {} merge value {transformation:[4.133057621431634e-7f,0.000005241959228240467f,0.000008505941558489805f,-1.0442913507377074f,0.000009908186732005715f,-0.000001311832738167393f,3.270023712119142e-7f,1.45531584731596f,0.000001287250570279631f,0.000008414330532878827f,-0.000005248049890461969f,0.02314011991983094f,0f,0f,0f,1f],start_interpolation:0}
execute if entity @s[tag=aj.lexiel.bone.right_hand] run data modify entity @s {} merge value {transformation:[0.041330576214316336f,0.9721233873376846f,0.23079840393923756f,-0.6210268383790691f,0.9908186732005715f,-0.06963802307926549f,0.11588314190887054f,1.4490378674951288f,0.12872505702796308f,0.22388985133926578f,-0.966076184449461f,0.056945297793293645f,0f,0f,0f,1f],start_interpolation:0}
execute if entity @s[tag=aj.lexiel.bone.right_arm] run data modify entity @s {} merge value {transformation:[0.041330576214316336f,0.9914189404344526f,0.12401720855438034f,-0.3125f,0.9908186732005715f,-0.05666061364197153f,0.1227515038554517f,1.4003683421944948f,0.12872505702796308f,0.11780517564836997f,-0.9846582149576594f,0.08973675715128542f,0f,0f,0f,1f],start_interpolation:0}
execute if entity @s[tag=aj.lexiel.locator_origin.locator_left_hand] at @s on origin run tp @s ^1.02784 ^1.41154 ^0.05015 ~-5.53897 ~7.32125
execute if entity @s[tag=aj.lexiel.bone.left_hand] run data modify entity @s {} merge value {transformation:[0.007975484722973618f,-0.9953748213661515f,-0.09573586910732812f,0.5893698490682266f,-0.9916414862960694f,-0.02020211918919404f,0.12743248030540696f,1.4066815044411178f,-0.12877714975862742f,0.0939193237335504f,-0.9872160889741802f,0.06038696848455098f,0f,0f,0f,1f],start_interpolation:0}
execute if entity @s[tag=aj.lexiel.bone.left_arm] run data modify entity @s {} merge value {transformation:[0.007975484722973618f,-0.9953748213661515f,-0.09573586910732812f,0.2783152173913043f,-0.9916414862960694f,-0.02020211918919404f,0.12743248030540696f,1.4003683421944948f,-0.12877714975862742f,0.0939193237335504f,-0.9872160889741802f,0.08973675715128548f,0f,0f,0f,1f],start_interpolation:0}
execute if entity @s[tag=aj.lexiel.bone.skirt_right] run data modify entity @s {} merge value {transformation:[-0.984807753012208f,0.17301039071373922f,-0.014869240469005063f,-0.21875000000000003f,0.16383556764966267f,0.9541220376617652f,0.25061732585971386f,0.6499513423407689f,0.05754647148139149f,0.24437377509307434f,-0.9679720355809878f,0.10812901386951487f,0f,0f,0f,1f],start_interpolation:0}
execute if entity @s[tag=aj.lexiel.bone.skirt_left] run data modify entity @s {} merge value {transformation:[-1f,-4.5585765427335366e-17f,1.1366413601933784e-16f,0.21874999999999997f,0f,0.9281381056029807f,0.3722360231462161f,0.6499513423407689f,-1.2246467991473532e-16f,0.3722360231462161f,-0.9281381056029807f,0.10812901386951493f,0f,0f,0f,1f],start_interpolation:0}
execute if entity @s[tag=aj.lexiel.bone.skirt_back_middle] run data modify entity @s {} merge value {transformation:[-1f,-6.003191975130972e-17f,1.0674158719819977e-16f,1.6718344588611268e-17f,0f,0.8716112047368877f,0.4901978251452278f,0.8021249409196709f,-1.2246467991473532e-16f,0.4901978251452278f,-0.8716112047368877f,-0.13651564353290463f,0f,0f,0f,1f],start_interpolation:0}
execute if entity @s[tag=aj.lexiel.bone.skirt_front_middle] run data modify entity @s {} merge value {transformation:[-1f,-3.5505815628629245e-17f,1.172046709101833e-16f,-2.661079645199303e-17f,0f,0.957048766973349f,0.2899269867307846f,0.6778510954036315f,-1.2246467991473532e-16f,0.2899269867307846f,-0.957048766973349f,0.21729364311833016f,0f,0f,0f,1f],start_interpolation:0}
execute if entity @s[tag=aj.lexiel.bone.skirt] run data modify entity @s {} merge value {transformation:[-1f,-4.0584417901053394e-17f,1.1554437610827813e-16f,-1.400294290867087e-17f,0f,0.9434914310699594f,0.3313969213761049f,0.6676418066733307f,-1.2246467991473532e-16f,0.3313969213761049f,-0.9434914310699594f,0.11434270614531689f,0f,0f,0f,1f],start_interpolation:0}
execute if entity @s[tag=aj.lexiel.bone.rightupper] run data modify entity @s {} merge value {transformation:[-0.9824203860556617f,0.17370622754207687f,-0.06838370840591128f,-0.13549028499036425f,0.16352016808758613f,0.9774402094846257f,0.1336854199651496f,0.6612256712915044f,0.09006297624913384f,0.12015316639918844f,-0.988661659473754f,0.01756412113491661f,0f,0f,0f,1f],start_interpolation:0}
execute if entity @s[tag=aj.lexiel.bone.rightfoot] run data modify entity @s {} merge value {transformation:[-0.9736780734331651f,0.22783916179285435f,0.0063502495233884945f,-0.15574512357775003f,0.20539746846600998f,0.865013668954022f,0.4577807690046144f,0.33779009741507415f,0.0988073340558998f,0.44703542239539723f,-0.8890424297301759f,0.05978820237222252f,0f,0f,0f,1f],start_interpolation:0}
execute if entity @s[tag=aj.lexiel.bone.leftupper] run data modify entity @s {} merge value {transformation:[-0.9987335753836899f,-0.05030979523900278f,-0.0004121945184511408f,0.13526150496313455f,-0.048237719164230856f,0.9552071698926297f,0.29198011068486446f,0.6625483237519725f,-0.01429572842300193f,0.2916302232086423f,-0.9564243017929508f,0.019270275118862056f,0f,0f,0f,1f],start_interpolation:0}
execute if entity @s[tag=aj.lexiel.bone.leftfoot] run data modify entity @s {} merge value {transformation:[-0.9955944175807115f,-0.09376038946369025f,-0.0008631626387170822f,0.15598277050563947f,-0.08868081066072103f,0.9385871551382585f,0.33345144478623584f,0.34782245970717657f,-0.03045438396489258f,0.33205894292593274f,-0.9427668794141164f,0.04863855069975757f,0f,0f,0f,1f],start_interpolation:0}
execute if entity @s[tag=aj.lexiel.bone.lower] run data modify entity @s {} merge value {transformation:[-1f,-4.0584417901053394e-17f,1.1554437610827813e-16f,0f,0f,0.9434914310699594f,0.3313969213761049f,0.625f,-1.2246467991473532e-16f,0.3313969213761049f,-0.9434914310699594f,0f,0f,0f,0f,1f],start_interpolation:0}