execute if entity @s[tag=aj.lexiel.bone.backhair] run data modify entity @s {} merge value {transformation:[-0.9997247627660684f,-0.016455289537092237f,-0.016721906547365682f,-0.010124371571778581f,-0.015140584417722211f,0.9969991153067166f,-0.07591789499923104f,1.4617802722699391f,0.017920976977224085f,-0.07564382013009988f,-0.9969738467283416f,-0.32550379950111846f,0f,0f,0f,1f],start_interpolation:0}
execute if entity @s[tag=aj.lexiel.bone.head] run data modify entity @s {} merge value {transformation:[-0.9997247627660684f,-0.016455289537092237f,-0.016721906547365682f,-0.0059397290441516384f,-0.015140584417722211f,0.9969991153067166f,-0.07591789499923104f,1.4975240743057774f,0.017920976977224085f,-0.07564382013009988f,-0.9969738467283416f,-0.061864556153435536f,0f,0f,0f,1f],start_interpolation:0}
execute if entity @s[tag=aj.lexiel.bone.ring] run data modify entity @s {} merge value {transformation:[-0.985625117660388f,0.16607216166578925f,-0.031034892566245528f,-0.0016631241323624701f,0.16805796716187008f,0.9825753832782144f,-0.07938599277636924f,0.9368067408056178f,0.01731031803192054f,-0.08346048942656588f,-0.9963607276455209f,-0.01732207572296196f,0f,0f,0f,1f],start_interpolation:0}
execute if entity @s[tag=aj.lexiel.bone.bust] run data modify entity @s {} merge value {transformation:[-0.999489385669992f,-0.022101710275227185f,-0.023075578777832412f,-0.0028775340747715372f,-0.0051176357101668166f,0.8235878127734325f,-0.5671656940046812f,1.39420157213377f,0.03154009730105565f,-0.5667579986678473f,-0.8232803855359707f,0.018409909007567338f,0f,0f,0f,1f],start_interpolation:0}
execute if entity @s[tag=aj.lexiel.bone.left_wing] run data modify entity @s {} merge value {transformation:[-0.771380664045331f,0.011057821933039398f,-0.636277923325241f,0.11773056337324334f,0.06810258322523892f,0.9955415440569181f,-0.06526156767054289f,1.14557993697796f,0.632719455442168f,-0.0936736816339821f,-0.7686945635778243f,-0.163131754564246f,0f,0f,0f,1f],start_interpolation:0}
execute if entity @s[tag=aj.lexiel.bone.right_wing] run data modify entity @s {} merge value {transformation:[-0.9616108859092861f,-0.031185273748371333f,0.2726389238571727f,-0.1321417830442546f,-0.05323001332942779f,0.9958487409558675f,-0.07383664955536719f,1.1443005280504184f,-0.2692045129296814f,-0.08551469954254826f,-0.9592789825595267f,-0.15524673023898206f,0f,0f,0f,1f],start_interpolation:0}
execute if entity @s[tag=aj.lexiel.bone.body] run data modify entity @s {} merge value {transformation:[-0.999489385669992f,-0.007602853176514097f,-0.031034892566245528f,0.5190635657063758f,-0.0051176357101668166f,0.996830815111395f,-0.07938599277636924f,0.2625864066875705f,0.03154009730105565f,-0.07918663187639749f,-0.9963607276455209f,0.5220036311104314f,0f,0f,0f,1f],start_interpolation:0}
execute if entity @s[tag=aj.lexiel.locator_origin.locator_right_hand] at @s on origin run tp @s ^-1.11632 ^1.28123 ^-0.13467 ~9.6622 ~-5.29048
execute if entity @s[tag=aj.lexiel.bone.sword] run data modify entity @s {} merge value {transformation:[-0.0000012238546397204116f,0.0000030465549897057625f,0.000011086572453447176f,-1.0316568144867366f,0.000011497348486308326f,2.587749390623336e-7f,0.0000011980899654437122f,1.329927105676538f,6.755631146274809e-8f,0.000011150916754940477f,-0.000003056779010522244f,-0.20441638050456568f,0f,0f,0f,1f],start_interpolation:0}
execute if entity @s[tag=aj.lexiel.bone.rod] run data modify entity @s {} merge value {transformation:[-0.0000010602593653952384f,0.00000574944441223157f,0.000008112936523155526f,-1.047881027590589f,0.000009881629295057845f,0.0000015189444381633285f,2.1496573872888273e-7f,1.340473012650179f,-0.0000011087166243663202f,0.00000803969506538848f,-0.00000584243534002918f,-0.09490903253582314f,0f,0f,0f,1f],start_interpolation:0}
execute if entity @s[tag=aj.lexiel.bone.right_hand] run data modify entity @s {} merge value {transformation:[-0.10602593653952383f,0.9802183562803329f,0.16712412989152362f,-0.6276177942780665f,0.9881629295057844f,0.12260596440488485f,-0.09220521808929115f,1.4014136622813123f,-0.11087166243663202f,0.15536972518296513f,-0.9816148546986784f,-0.09458895110457412f,0f,0f,0f,1f],start_interpolation:0}
execute if entity @s[tag=aj.lexiel.bone.right_arm] run data modify entity @s {} merge value {transformation:[-0.08557062617148699f,0.9836042164143411f,0.15874638071007882f,-0.31756739458072597f,0.9896367572708726f,0.1023501139617907f,-0.1007151569050046f,1.402471924229657f,-0.11531156314529278f,0.14848299439308907f,-0.9821690505106802f,-0.04458452900844338f,0f,0f,0f,1f],start_interpolation:0}
execute if entity @s[tag=aj.lexiel.locator_origin.locator_left_hand] at @s on origin run tp @s ^1.02115 ^1.49212 ^-0.0828 ~-3.31501 ~-5.10427
execute if entity @s[tag=aj.lexiel.bone.left_hand] run data modify entity @s {} merge value {transformation:[0.11714591387873834f,-0.9914431473339843f,-0.0575961844743092f,0.5855967715520856f,-0.9897426987996204f,-0.1117765201815735f,-0.08896853212761296f,1.4404401267245592f,0.08176934043001102f,0.0674277030647027f,-0.9943677789555829f,-0.084379190717219f,0f,0f,0f,1f],start_interpolation:0}
execute if entity @s[tag=aj.lexiel.bone.left_arm] run data modify entity @s {} merge value {transformation:[0.11714591387873834f,-0.9914431473339843f,-0.0575961844743092f,0.2757707880102155f,-0.9897426987996204f,-0.1117765201815735f,-0.08896853212761296f,1.4055099641678175f,0.08176934043001102f,0.0674277030647027f,-0.9943677789555829f,-0.0633080335094994f,0f,0f,0f,1f],start_interpolation:0}
execute if entity @s[tag=aj.lexiel.bone.skirt_right] run data modify entity @s {} merge value {transformation:[-0.984807753012208f,0.17364817766693033f,1.219212401512465e-16f,-0.21875f,0.17287760998433577f,0.9804376465231245f,-0.09410288649292604f,0.6929336677146805f,-0.01634079475269472f,-0.09267325219906133f,-0.99556247757421f,0.08774662338706468f,0f,0f,0f,1f],start_interpolation:0}
execute if entity @s[tag=aj.lexiel.bone.skirt_left] run data modify entity @s {} merge value {transformation:[-1f,6.1951815103213395e-18f,1.2230788017406216e-16f,0.21875f,0f,0.998719632952274f,-0.050587496040774095f,0.6929336677146805f,-1.2246467991473532e-16f,-0.050587496040774095f,-0.998719632952274f,0.08774662338706474f,0f,0f,0f,1f],start_interpolation:0}
execute if entity @s[tag=aj.lexiel.bone.skirt_back_middle] run data modify entity @s {} merge value {transformation:[-1f,-9.82220100394054e-18f,1.22070152756752e-16f,2.4264754137930423e-17f,0f,0.996778441275819f,0.0802043577852744f,0.7286898857369332f,-1.2246467991473532e-16f,0.0802043577852744f,-0.996778441275819f,-0.19813675383648977f,0f,0f,0f,1f],start_interpolation:0}
execute if entity @s[tag=aj.lexiel.bone.skirt_front_middle] run data modify entity @s {} merge value {transformation:[-1f,1.6831441114760093e-17f,1.2130251611825265e-16f,-2.145571091878701e-17f,0f,0.9905102124360116f,-0.1374391467521803f,0.7639784681717805f,-1.2246467991473532e-16f,-0.1374391467521803f,-0.9905102124360116f,0.17519917525383902f,0f,0f,0f,1f],start_interpolation:0}
execute if entity @s[tag=aj.lexiel.bone.skirt] run data modify entity @s {} merge value {transformation:[-1f,1.1524279873408858e-17f,1.219212401512465e-16f,-1.052978189906929e-17f,0f,0.99556247757421f,-0.09410288649292604f,0.711600464169197f,-1.2246467991473532e-16f,-0.09410288649292604f,-0.99556247757421f,0.08598219426532235f,0f,0f,0f,1f],start_interpolation:0}
execute if entity @s[tag=aj.lexiel.bone.rightupper] run data modify entity @s {} merge value {transformation:[-0.9834611064978366f,0.17382151174454885f,-0.05089532454843635f,-0.1349020222186476f,0.1807666328579851f,0.959526384946585f,-0.2159456900160879f,0.6681182406479791f,0.011299400481328187f,-0.22157436369349578f,-0.9750780096497844f,0.001147681503527398f,0f,0f,0f,1f],start_interpolation:0}
execute if entity @s[tag=aj.lexiel.bone.rightfoot] run data modify entity @s {} merge value {transformation:[-0.974776525872679f,0.22201181946160514f,0.022835862736886092f,-0.15662476100320555f,0.22312249434436474f,0.9670113732686286f,0.12290385057706704f,0.3790434609730711f,0.005203568500481769f,0.12489898313624778f,-0.9921558178463663f,0.15203703284056755f,0f,0f,0f,1f],start_interpolation:0}
execute if entity @s[tag=aj.lexiel.bone.leftupper] run data modify entity @s {} merge value {transformation:[-0.9990466999447866f,-0.04365392906886321f,0.00016064333891127293f,0.13536095323455524f,-0.04326151877729666f,0.9895602596552836f,-0.1374733919856829f,0.6670218512616288f,0.0058422874384341f,-0.13734928826833534f,-0.9905054470772326f,0.0017773922959254257f,0f,0f,0f,1f],start_interpolation:0}
execute if entity @s[tag=aj.lexiel.bone.leftfoot] run data modify entity @s {} merge value {transformation:[-0.9961946980917455f,-0.08715574274765817f,1.219212401512465e-16f,0.15406446566391613f,-0.08676898718467907f,0.9917740617785104f,-0.09410288649292604f,0.39372781339314267f,0.00820160696698942f,-0.09374479659938227f,-0.99556247757421f,0.1608521654165086f,0f,0f,0f,1f],start_interpolation:0}
execute if entity @s[tag=aj.lexiel.bone.lower] run data modify entity @s {} merge value {transformation:[-1f,1.1524279873408858e-17f,1.219212401512465e-16f,0f,0f,0.99556247757421f,-0.09410288649292604f,0.625f,-1.2246467991473532e-16f,-0.09410288649292604f,-0.99556247757421f,0f,0f,0f,0f,1f],start_interpolation:0}