execute if entity @s[tag=aj.lexiel.bone.backhair] run data modify entity @s {} merge value {transformation:[-0.9998632869070064f,-0.008605484767545923f,0.014119246702035019f,0.003884885604720965f,-0.009871310017595756f,0.9956932645771901f,-0.09218177756017809f,1.4571523256708638f,-0.013265169959480553f,-0.0923085505656609f,-0.9956420876793091f,-0.32915884846404403f,0f,0f,0f,1f],start_interpolation:0}
execute if entity @s[tag=aj.lexiel.bone.head] run data modify entity @s {} merge value {transformation:[-0.9998632869070064f,-0.008605484767545923f,0.014119246702035019f,8.099047303948349e-18f,-0.009871310017595756f,0.9956932645771901f,-0.09218177756017809f,1.4971958175943048f,-0.013265169959480553f,-0.0923085505656609f,-0.9956420876793091f,-0.06613374002681606f,0f,0f,0f,1f],start_interpolation:0}
execute if entity @s[tag=aj.lexiel.bone.ring] run data modify entity @s {} merge value {transformation:[-0.984807753012208f,0.17364817766693033f,1.2202511088979322e-16f,0f,0.17302489297624915f,0.9812729298775019f,-0.08465118723432456f,0.9367148289264053f,-0.014699524400582697f,-0.08336514549005085f,-0.99641064652071f,-0.018517447207508475f,0f,0f,0f,1f],start_interpolation:0}
execute if entity @s[tag=aj.lexiel.bone.bust] run data modify entity @s {} merge value {transformation:[-1f,6.999045075583566e-17f,1.0049345565564714e-16f,0f,0f,0.8205913388710492f,-0.571515401865793f,1.394297707213569f,-1.2246467991473532e-16f,-0.571515401865793f,-0.8205913388710492f,0.01474199879561422f,0f,0f,0f,1f],start_interpolation:0}
execute if entity @s[tag=aj.lexiel.bone.left_wing] run data modify entity @s {} merge value {transformation:[-0.7896046248437211f,0.0249337992711084f,-0.6131091600027802f,0.125f,0.08263532172963305f,0.9943930559230328f,-0.06598373992653228f,1.14409825944852f,0.6080262659030831f,-0.10276553890269f,-0.7872377683940177f,-0.1615862252301058f,0f,0f,0f,1f],start_interpolation:0}
execute if entity @s[tag=aj.lexiel.bone.right_wing] run data modify entity @s {} merge value {transformation:[-0.9525255728084707f,-0.03053710480680242f,0.30292328793922907f,-0.12499999999999994f,-0.057434246538547076f,0.9951160376598206f,-0.08028311725866212f,1.14409825944852f,-0.29899220804302595f,-0.09386989305542573f,-0.9496273493888635f,-0.1615862252301058f,0f,0f,0f,1f],start_interpolation:0}
execute if entity @s[tag=aj.lexiel.bone.body] run data modify entity @s {} merge value {transformation:[-1f,1.0366780549053886e-17f,1.2202511088979322e-16f,0.49999999999999994f,0f,0.99641064652071f,-0.08465118723432456f,0.26287027035680727f,-1.2246467991473532e-16f,-0.08465118723432456f,-0.99641064652071f,0.5405309168775173f,0f,0f,0f,1f],start_interpolation:0}
execute if entity @s[tag=aj.lexiel.bone.sword] run data modify entity @s {} merge value {transformation:[-0.0000013653572480120546f,0.0000023939227360684648f,0.000011229262654735418f,-1.0152172573448743f,0.00001148159189435164f,3.003563206906683e-7f,0.00000133200596927338f,1.3223279771618384f,-1.5918758107935947e-8f,0.00001130797622319554f,-0.0000024126389242455355f,-0.25897135198246346f,0f,0f,0f,1f],start_interpolation:0}
execute if entity @s[tag=aj.lexiel.bone.rod] run data modify entity @s {} merge value {transformation:[-0.000001114458684591477f,0.000005256513992498653f,0.000008433684988604008f,-1.0378674444711187f,0.000009867519834012469f,0.0000015921597861670965f,3.115758987516806e-7f,1.3327188332029118f,-0.000001178997101654286f,0.000008356679236513644f,-0.000005364315237969573f,-0.1505956183620493f,0f,0f,0f,1f],start_interpolation:0}
execute if entity @s[tag=aj.lexiel.bone.right_hand] run data modify entity @s {} merge value {transformation:[-0.1114458684591477f,0.9680432535330854f,0.22465991563353133f,-0.6190962850005999f,0.9867519834012468f,0.13461444123928837f,-0.0905509550669671f,1.3987810203190718f,-0.11789971016542858f,0.21159208751490038f,-0.9702208237530231f,-0.12606902192002672f,0f,0f,0f,1f],start_interpolation:0}
execute if entity @s[tag=aj.lexiel.bone.right_arm] run data modify entity @s {} merge value {transformation:[-0.09124658511474147f,0.9719834534904456f,0.21661538921712256f,-0.3125f,0.9884404607660371f,0.11484820340113619f,-0.09897143878996512f,1.4037823194829882f,-0.12107648915261296f,0.20508060931331007f,-0.9712272789919766f,-0.05819769122359818f,0f,0f,0f,1f],start_interpolation:0}
execute if entity @s[tag=aj.lexiel.bone.left_hand] run data modify entity @s {} merge value {transformation:[0.09537506778055203f,-0.994148827715948f,-0.050711978830064244f,0.591649769530799f,-0.9911497528822304f,-0.09011508729620195f,-0.09747532202096447f,1.4319432842630513f,0.09233506271914199f,0.059559880730267745f,-0.9939450974777473f,-0.07681015395180676f,0f,0f,0f,1f],start_interpolation:0}
execute if entity @s[tag=aj.lexiel.bone.left_arm] run data modify entity @s {} merge value {transformation:[0.09537506778055203f,-0.994148827715948f,-0.050711978830064244f,0.28097826086956523f,-0.9911497528822304f,-0.09011508729620195f,-0.09747532202096447f,1.4037823194829882f,0.09233506271914199f,0.059559880730267745f,-0.9939450974777473f,-0.0581976912235981f,0f,0f,0f,1f],start_interpolation:0}
execute if entity @s[tag=aj.lexiel.bone.skirt_right] run data modify entity @s {} merge value {transformation:[-0.984807753012208f,0.17364817766693033f,1.221554497845954e-16f,-0.21875f,0.17320970635735852f,0.9823210586458094f,-0.07101926051835446f,0.6908831304952516f,-0.012332365168265347f,-0.06994031837166924f,-0.9974749443647325f,0.08929650744091634f,0f,0f,0f,1f],start_interpolation:0}
execute if entity @s[tag=aj.lexiel.bone.skirt_left] run data modify entity @s {} merge value {transformation:[-1f,3.3607271732367384e-18f,1.2241855798646564e-16f,0.21875f,0f,0.9996233858749983f,-0.02744241993345843f,0.6908831304952516f,-1.2246467991473532e-16f,-0.02744241993345843f,-0.9996233858749983f,0.0892965074409164f,0f,0f,0f,1f],start_interpolation:0}
execute if entity @s[tag=aj.lexiel.bone.skirt_back_middle] run data modify entity @s {} merge value {transformation:[-1f,-1.2646852544658047e-17f,1.2180991317348622e-16f,2.396413648860944e-17f,0f,0.9946534238140746f,0.10326938798568926f,0.7332511474972602f,-1.2246467991473532e-16f,0.10326938798568926f,-0.9946534238140746f,-0.19568202444406177f,0f,0f,0f,1f],start_interpolation:0}
execute if entity @s[tag=aj.lexiel.bone.skirt_front_middle] run data modify entity @s {} merge value {transformation:[-1f,1.401741893911897e-17f,1.216598117411983e-16f,-2.184415718061383e-17f,0f,0.9934277526050987f,-0.11446091190438291f,0.7598833701916431f,-1.2246467991473532e-16f,-0.11446091190438291f,-0.9934277526050987f,0.17837107969271287f,0f,0f,0f,1f],start_interpolation:0}
execute if entity @s[tag=aj.lexiel.bone.skirt] run data modify entity @s {} merge value {transformation:[-1f,8.697351007161479e-18f,1.221554497845954e-16f,-1.0772592869871327e-17f,0f,0.9974749443647325f,-0.07101926051835446f,0.7095857857020904f,-1.2246467991473532e-16f,-0.07101926051835446f,-0.9974749443647325f,0.08796489630619722f,0f,0f,0f,1f],start_interpolation:0}
execute if entity @s[tag=aj.lexiel.bone.rightupper] run data modify entity @s {} merge value {transformation:[-0.9834611064978366f,0.17382151174454885f,-0.050895324548436344f,-0.1349020222186476f,0.18045643395758365f,0.9644009059670094f,-0.19330382306960137f,0.6680800923004131f,0.015483134352038078f,-0.19929118049941688f,-0.9798179922443686f,0.0021460421241104866f,0f,0f,0f,1f],start_interpolation:0}
execute if entity @s[tag=aj.lexiel.bone.rightfoot] run data modify entity @s {} merge value {transformation:[-0.974776525872679f,0.22201181946160514f,0.0228358627368861f,-0.15662476100320555f,0.2229421197874036f,0.9638591615995439f,0.14585036107368188f,0.37558808608507316f,0.010369948519122877f,0.14726258391041497f,-0.9890430706231851f,0.14629960916681262f,0f,0f,0f,1f],start_interpolation:0}
execute if entity @s[tag=aj.lexiel.bone.leftupper] run data modify entity @s {} merge value {transformation:[-0.9990466999447866f,-0.04365392906886321f,0.00016064333891127315f,0.13536095323455524f,-0.04338522778720012f,0.9924759734278121f,-0.11449525832264743f,0.6669694121939811f,0.004838733231377362f,-0.11439307953441792f,-0.9934237816840042f,0.002750190342464265f,0f,0f,0f,1f],start_interpolation:0}
execute if entity @s[tag=aj.lexiel.bone.leftfoot] run data modify entity @s {} merge value {transformation:[-0.9961946980917455f,-0.08715574274765817f,1.221554497845954e-16f,0.15406446566391613f,-0.08693566964828728f,0.9936792510555054f,-0.07101926051835446f,0.39006433064398843f,0.006189736399866496f,-0.07074901079078115f,-0.9974749443647325f,0.1554524836769735f,0f,0f,0f,1f],start_interpolation:0}
execute if entity @s[tag=aj.lexiel.bone.lower] run data modify entity @s {} merge value {transformation:[-1f,8.697351007161479e-18f,1.221554497845954e-16f,0f,0f,0.9974749443647325f,-0.07101926051835446f,0.625f,-1.2246467991473532e-16f,-0.07101926051835446f,-0.9974749443647325f,0f,0f,0f,0f,1f],start_interpolation:0}