execute if entity @s[tag=aj.lexiel.bone.backhair] run data modify entity @s {} merge value {transformation:[-0.99998791017337f,-0.002504384135772748f,-0.004231733356040333f,-0.0010621842257392715f,-0.0040636745016531094f,0.9054589803867653f,0.4244143274990889f,1.584343330026076f,0.002768764461045567f,0.42442639279038685f,-0.9054582105466268f,-0.14805387571117024f,0f,0f,0f,1f],start_interpolation:0}
execute if entity @s[tag=aj.lexiel.bone.head] run data modify entity @s {} merge value {transformation:[-0.99998791017337f,-0.002631895978049078f,-0.004153628613256568f,-1.2488162773998306e-17f,-0.0040636745016531094f,0.9179450381179413f,0.396686770064488f,1.4933162979482892f,0.002768764461045567f,0.3966988531848965f,-0.9179446354901516f,0.10197358767191529f,0f,0f,0f,1f],start_interpolation:0}
execute if entity @s[tag=aj.lexiel.bone.left_wing] run data modify entity @s {} merge value {transformation:[-0.7865347629628772f,-0.02542996362567488f,-0.6170221905255333f,0.125f,-0.11051583136633301f,0.9888181681371383f,0.1001243296073541f,1.1688229008785485f,0.6075765940754622f,0.1469419862119425f,-0.7805502770608377f,-0.06682539857545372f,0f,0f,0f,1f],start_interpolation:0}
execute if entity @s[tag=aj.lexiel.bone.right_wing] run data modify entity @s {} merge value {transformation:[-0.95180386390078f,0.03185208329425405f,0.30504892960533625f,-0.12499999999999994f,0.07256860238576061f,0.9897397660810349f,0.12308124709164979f,1.1688229008785485f,-0.2979986620965317f,0.13928618103629042f,-0.944349594779922f,-0.06682539857545378f,0f,0f,0f,1f],start_interpolation:0}
execute if entity @s[tag=aj.lexiel.bone.sword] run data modify entity @s {} merge value {transformation:[0.00000103362464687774f,0.000004107540566258821f,0.000010758770228790329f,-1.0404586614261155f,0.000011174034947341394f,-0.0000029713032340077863f,6.087969421867522e-8f,1.4814642884881482f,0.0000027863900184576025f,0.000010391865753468577f,-0.000004235157975439265f,0.020839391364580753f,0f,0f,0f,1f],start_interpolation:0}
execute if entity @s[tag=aj.lexiel.bone.rod] run data modify entity @s {} merge value {transformation:[7.668460189646509e-7f,0.00000668779157070198f,0.000007394957139162176f,-1.043624373871943f,0.000009889334352964987f,-0.0000014549233817147188f,2.9028263573013267e-7f,1.4675464303097048f,0.000001270044581290237f,0.000007290860159143597f,-0.000006725350912877927f,0.13112368299767418f,0f,0f,0f,1f],start_interpolation:0}
execute if entity @s[tag=aj.lexiel.bone.right_hand] run data modify entity @s {} merge value {transformation:[0.07668460189646507f,0.9958007110491047f,0.0500041568879844f,-0.6215009844017665f,0.9889334352964987f,-0.082352536913186f,0.12340470095028226f,1.456389301547361f,0.1270044581290237f,0.03998754228581476f,-0.9910957895568386f,0.08615119556015166f,0f,0f,0f,1f],start_interpolation:0}
execute if entity @s[tag=aj.lexiel.bone.right_arm] run data modify entity @s {} merge value {transformation:[0.07668460189646507f,0.9964716102752992f,0.03411453865045093f,-0.3125f,0.9889334352964987f,-0.0803737263995219f,0.12470254471068767f,1.4003683421944948f,0.1270044581290237f,0.024174242904530394f,-0.9916075199368679f,0.08973675715128542f,0f,0f,0f,1f],start_interpolation:0}
execute if entity @s[tag=aj.lexiel.bone.left_hand] run data modify entity @s {} merge value {transformation:[0.0313527346227145f,-0.9992456416892486f,-0.022916229984869866f,0.5894653499844119f,-0.9912703616449391f,-0.03402375316944013f,0.1273791754745521f,1.4110007650599448f,-0.12806278208749555f,0.018722494099526747f,-0.9915893263134207f,0.08388597774518337f,0f,0f,0f,1f],start_interpolation:0}
execute if entity @s[tag=aj.lexiel.bone.left_arm] run data modify entity @s {} merge value {transformation:[0.0313527346227145f,-0.9992456416892486f,-0.022916229984869866f,0.27720108695652174f,-0.9912703616449391f,-0.03402375316944013f,0.1273791754745521f,1.4003683421944948f,-0.12806278208749555f,0.018722494099526747f,-0.9915893263134207f,0.08973675715128548f,0f,0f,0f,1f],start_interpolation:0}
execute if entity @s[tag=aj.lexiel.bone.skirt_right] run data modify entity @s {} merge value {transformation:[-0.984807753012208f,0.17255863056027776f,-0.019421859494069185f,-0.21875f,0.16784862445672938f,0.974608369380546f,0.14820717122115618f,0.658365413944992f,0.044503133316988165f,0.14269563887013104f,-0.988765607094227f,0.10583573251638277f,0f,0f,0f,1f],start_interpolation:0}
execute if entity @s[tag=aj.lexiel.bone.skirt_left] run data modify entity @s {} merge value {transformation:[-1f,-3.651921000271535e-17f,1.1689287885665297e-16f,0.21875f,0f,0.9545027916460351f,0.29820197977197543f,0.658365413944992f,-1.2246467991473532e-16f,0.29820197977197543f,-0.9545027916460351f,0.10583573251638283f,0f,0f,0f,1f],start_interpolation:0}
execute if entity @s[tag=aj.lexiel.bone.skirt_back_middle] run data modify entity @s {} merge value {transformation:[-1f,-5.146436547342188e-17f,1.111261306490811e-16f,1.8370104726807943e-17f,0f,0.9074137190123015f,0.42023843535338823f,0.7908577071729561f,-1.2246467991473532e-16f,0.42023843535338823f,-0.9074137190123015f,-0.15000328861838305f,0f,0f,0f,1f],start_interpolation:0}
execute if entity @s[tag=aj.lexiel.bone.skirt_front_middle] run data modify entity @s {} merge value {transformation:[-1f,-2.619235770454045e-17f,1.1963092503402277e-16f,-2.6020358387457258e-17f,0f,0.976860635387399f,0.21387683144868047f,0.6947514582154768f,-1.2246467991473532e-16f,0.21387683144868047f,-0.976860635387399f,0.2124723504407446f,0f,0f,0f,1f],start_interpolation:0}
execute if entity @s[tag=aj.lexiel.bone.skirt] run data modify entity @s {} merge value {transformation:[-1f,-3.138565604368952e-17f,1.183745683047072e-16f,-1.3549620156979544e-17f,0f,0.9666017041576738f,0.2562833305532782f,0.6764891958979484f,-1.2246467991473532e-16f,0.2562833305532782f,-0.9666017041576738f,0.11064104496425678f,0f,0f,0f,1f],start_interpolation:0}
execute if entity @s[tag=aj.lexiel.bone.rightupper] run data modify entity @s {} merge value {transformation:[-0.9820104832584895f,0.1733938243474581f,-0.07476625206997253f,-0.13570869133057367f,0.17181876593194176f,0.9847569425364884f,0.02705689930150757f,0.6615477893862782f,0.07831808503821099f,0.01372391359453061f,-0.9968339539520098f,0.01423962486664336f,0f,0f,0f,1f],start_interpolation:0}
execute if entity @s[tag=aj.lexiel.bone.rightfoot] run data modify entity @s {} merge value {transformation:[-0.9732588893094576f,0.22971085373342962f,0.00024095057565126643f,-0.15534343884833862f,0.214395070966115f,0.907990052655274f,0.3599844688656822f,0.3444820536076827f,0.08247355894803815f,0.350409742952635f,-0.9329582649391733f,0.09097043948022154f,0f,0f,0f,1f],start_interpolation:0}
execute if entity @s[tag=aj.lexiel.bone.leftupper] run data modify entity @s {} merge value {transformation:[-0.9988018115614093f,-0.0489372675593826f,-0.00029165985091936545f,0.13528196979798657f,-0.047849849215535645f,0.9753232204451332f,0.21553423762962692f,0.6639178084640588f,-0.010263194030015377f,0.21528994287786735f,-0.9764962403122436f,0.01625165615634887f,0f,0f,0f,1f],start_interpolation:0}
execute if entity @s[tag=aj.lexiel.bone.leftfoot] run data modify entity @s {} merge value {transformation:[-0.9957218568445578f,-0.09239868855973077f,-0.0006827550570107799f,0.1555870550721621f,-0.08944701425787883f,0.9620074514183062f,0.2579552190904572f,0.3524660306731889f,-0.023177908498758372f,0.2569127201368139f,-0.9661566326375481f,0.07038032769630691f,0f,0f,0f,1f],start_interpolation:0}
execute if entity @s[tag=aj.lexiel.bone.lower] run data modify entity @s {} merge value {transformation:[-1f,-3.138565604368952e-17f,1.183745683047072e-16f,0f,0f,0.9666017041576738f,0.2562833305532782f,0.625f,-1.2246467991473532e-16f,0.2562833305532782f,-0.9666017041576738f,0f,0f,0f,0f,1f],start_interpolation:0}