execute if entity @s[tag=aj.lexiel.bone.backhair] run data modify entity @s {} merge value {transformation:[-1f,-4.071209565551169e-17f,1.1549945062187542e-16f,1.8827505292054724e-17f,0f,0.9431245866342087f,0.3324394893601733f,1.5668842156434257f,-1.2246467991473532e-16f,0.3324394893601733f,-0.9431245866342087f,-0.1537382476740491f,0f,0f,0f,1f],start_interpolation:0}
execute if entity @s[tag=aj.lexiel.bone.head] run data modify entity @s {} merge value {transformation:[-1f,-4.071209565551169e-17f,1.1549945062187542e-16f,-1.2488162773998306e-17f,0f,0.9431245866342087f,0.3324394893601733f,1.4933162979482892f,-1.2246467991473532e-16f,0.3324394893601733f,-0.9431245866342087f,0.10197358767191529f,0f,0f,0f,1f],start_interpolation:0}
execute if entity @s[tag=aj.lexiel.bone.left_wing] run data modify entity @s {} merge value {transformation:[-0.77319784990586f,-0.21825965716945114f,-0.5954223769335755f,0.125f,-0.3446403810837127f,0.932774097618832f,0.10561955566014644f,1.1688229008785485f,0.5323420823375026f,0.286871408236595f,-0.7964400181488398f,-0.06682539857545372f,0f,0f,0f,1f],start_interpolation:0}
execute if entity @s[tag=aj.lexiel.bone.right_wing] run data modify entity @s {} merge value {transformation:[-0.9191132202622767f,0.26225056547741754f,0.2940332111273869f,-0.12499999999999994f,0.30900797897816834f,0.9428055886981512f,0.12502676052493866f,1.1688229008785485f,-0.244427816066289f,0.20577235680797176f,-0.9475825979336878f,-0.06682539857545378f,0f,0f,0f,1f],start_interpolation:0}
execute if entity @s[tag=aj.lexiel.bone.sword] run data modify entity @s {} merge value {transformation:[0.0000011074444833669873f,0.000009084107661026674f,0.000007067104143079862f,-1.0185472867118337f,0.000011226300810281924f,-0.000002417434110776411f,0.0000013481797681014444f,1.4135996874490362f,0.0000025367583809506634f,0.000006732488883981255f,-0.000009051511287831741f,0.24582723864059558f,0f,0f,0f,1f],start_interpolation:0}
execute if entity @s[tag=aj.lexiel.bone.rod] run data modify entity @s {} merge value {transformation:[2.4907383055889893e-7f,0.000009565899945228394f,0.000002903708054335031f,-0.9640531251825466f,0.000009913667164574356f,-6.103802981512913e-7f,0.0000011604478625379887f,1.3997718516187398f,0.0000012873094332641872f,0.000002849735799948506f,-0.00000949851779455726f,0.34177269610497196f,0f,0f,0f,1f],start_interpolation:0}
execute if entity @s[tag=aj.lexiel.bone.right_hand] run data modify entity @s {} merge value {transformation:[0.02490738305588989f,0.8817344375229317f,-0.4710881063616725f,-0.6240941380358952f,0.9913667164574355f,0.03889565048886016f,0.1252164600739491f,1.4396293733777052f,0.1287309433264187f,-0.47013988350188685f,-0.8731533852486186f,0.09042746121124134f,0f,0f,0f,1f],start_interpolation:0}
execute if entity @s[tag=aj.lexiel.bone.right_arm] run data modify entity @s {} merge value {transformation:[0.02490738305588989f,0.9995919800204537f,0.013981979405504929f,-0.3125f,0.9913667164574355f,-0.02649862814052983f,0.12841283505581666f,1.4003683421944948f,0.1287309433264187f,0.010662841340782894f,-0.9916222305116156f,0.08973675715128542f,0f,0f,0f,1f],start_interpolation:0}
execute if entity @s[tag=aj.lexiel.bone.left_hand] run data modify entity @s {} merge value {transformation:[0.01800970054576913f,-0.9991108975953226f,0.03811908960771067f,0.5923580250637557f,-0.9909368869527889f,-0.012760506376865554f,0.133720811967777f,1.4043560004372653f,-0.13311550158628152f,-0.040181883769616f,-0.9902856554823753f,0.10229359582929048f,0f,0f,0f,1f],start_interpolation:0}
execute if entity @s[tag=aj.lexiel.bone.left_arm] run data modify entity @s {} merge value {transformation:[0.01800970054576913f,-0.9991108975953226f,0.03811908960771067f,0.2801358695652174f,-0.9909368869527889f,-0.012760506376865554f,0.133720811967777f,1.4003683421944948f,-0.13311550158628152f,-0.040181883769616f,-0.9902856554823753f,0.08973675715128548f,0f,0f,0f,1f],start_interpolation:0}
execute if entity @s[tag=aj.lexiel.bone.skirt_right] run data modify entity @s {} merge value {transformation:[-0.984807753012208f,0.17356002661628855f,0.005532338384356118f,-0.21875f,0.17358381747405652f,0.9848103389414575f,0.004153868696159354f,0.6869052221812001f,-0.004727358477970601f,0.005051086513287218f,-0.999976069017082f,0.09209884142428852f,0f,0f,0f,1f],start_interpolation:0}
execute if entity @s[tag=aj.lexiel.bone.skirt_left] run data modify entity @s {} merge value {transformation:[-1f,-2.009077038988148e-18f,1.22448198990716e-16f,0.21875f,0f,0.9998654230425394f,0.016405359001362238f,0.6869052221812001f,-1.2246467991473532e-16f,0.016405359001362238f,-0.9998654230425394f,0.09209884142428858f,0f,0f,0f,1f],start_interpolation:0}
execute if entity @s[tag=aj.lexiel.bone.skirt_back_middle] run data modify entity @s {} merge value {transformation:[-1f,-1.7974586264870234e-17f,1.2113840049804733e-16f,2.335994212967415e-17f,0f,0.989170106698426f,0.14677363528312687f,0.7417253714514002f,-1.2246467991473532e-16f,0.14677363528312687f,-0.989170106698426f,-0.19074840309825047f,0f,0f,0f,1f],start_interpolation:0}
execute if entity @s[tag=aj.lexiel.bone.skirt_front_middle] run data modify entity @s {} merge value {transformation:[-1f,8.670631836851045e-18f,1.221573492270046e-16f,-2.2547291675520852e-17f,0f,0.9974904544890437f,-0.07080108193552523f,0.7519342861262158f,-1.2246467991473532e-16f,-0.07080108193552523f,-0.9974904544890437f,0.1841126085596203f,0f,0f,0f,1f],start_interpolation:0}
execute if entity @s[tag=aj.lexiel.bone.skirt] run data modify entity @s {} merge value {transformation:[-1f,3.333950581141732e-18f,1.2241929014718668e-16f,-1.1216343562147053e-17f,0f,0.9996293644209887f,-0.027223772466175213f,0.7056482727640937f,-1.2246467991473532e-16f,-0.027223772466175213f,-0.9996293644209887f,0.09158839569054776f,0f,0f,0f,1f],start_interpolation:0}
execute if entity @s[tag=aj.lexiel.bone.rightupper] run data modify entity @s {} merge value {transformation:[-0.9835099280030407f,0.1755712975502366f,-0.04339286803127969f,-0.13462144898469122f,0.17952633674545118f,0.9767920124906667f,-0.11682319439731162f,0.6691488806255559f,0.02187500706771607f,-0.12268693414931961f,-0.9922043137654804f,0.0043347470170015945f,0f,0f,0f,1f],start_interpolation:0}
execute if entity @s[tag=aj.lexiel.bone.rightfoot] run data modify entity @s {} merge value {transformation:[-0.974776525872679f,0.22109140909783806f,0.03048464253886953f,-0.1575202044853362f,0.22227319906558193f,0.9493816713958965f,0.22196636455707924f,0.3663920116948154f,0.020133295426790675f,0.22314352072302346f,-0.9745776621565831f,0.12523862345588171f,0f,0f,0f,1f],start_interpolation:0}
execute if entity @s[tag=aj.lexiel.bone.leftupper] run data modify entity @s {} merge value {transformation:[-0.9990466999447866f,-0.04365392906886329f,0.00016064333890968962f,0.13536078870301074f,-0.04355563963464605f,0.9965366166690011f,-0.07083556941196684f,0.666808650228392f,0.0029321639532150696f,-0.07077503878311459f,-0.997487993060468f,0.004587261021209037f,0f,0f,0f,1f],start_interpolation:0}
execute if entity @s[tag=aj.lexiel.bone.leftfoot] run data modify entity @s {} merge value {transformation:[-0.9961946980917455f,-0.08715574274765818f,1.2241929014718668e-16f,0.1540644740461292f,-0.08712343972848074f,0.9958254728930104f,-0.027223772466175213f,0.38347537709346974f,0.002372708109682625f,-0.0271201777928598f,-0.9996293644209887f,0.14500395500380792f,0f,0f,0f,1f],start_interpolation:0}
execute if entity @s[tag=aj.lexiel.bone.lower] run data modify entity @s {} merge value {transformation:[-1f,3.333950581141732e-18f,1.2241929014718668e-16f,0f,0f,0.9996293644209887f,-0.027223772466175213f,0.625f,-1.2246467991473532e-16f,-0.027223772466175213f,-0.9996293644209887f,0f,0f,0f,0f,1f],start_interpolation:0}