execute if entity @s[tag=aj.lexiel.bone.backhair] run data modify entity @s {} merge value {transformation:[-0.9622158218570313f,0.06595394688767106f,0.26417946373239587f,-0.004715032293913193f,0.12912962591359667f,0.9647092722366787f,0.2294810662603617f,1.5041829224655185f,-0.2397211961412937f,0.25492370809816056f,-0.9367751337274444f,-0.012061932059682784f,0f,0f,0f,1f],start_interpolation:0}
execute if entity @s[tag=aj.lexiel.bone.head] run data modify entity @s {} merge value {transformation:[-0.9622158218570313f,0.06595394688767106f,0.26417946373239587f,-0.07385717192771099f,0.12912962591359667f,0.9647092722366787f,0.2294810662603617f,1.458300596618808f,-0.2397211961412937f,0.25492370809816056f,-0.9367751337274444f,0.2407521457757034f,0f,0f,0f,1f],start_interpolation:0}
execute if entity @s[tag=aj.lexiel.bone.ring] run data modify entity @s {} merge value {transformation:[-0.8730224417509258f,0.05794184279152874f,0.4842257315066737f,-0.02068000813975912f,0.23530816182286002f,0.9197367987923948f,0.3141883032938444f,0.9258241670532663f,-0.4271555749124646f,0.3882357064993376f,-0.8165850543698201f,0.06741060081719696f,0f,0f,0f,1f],start_interpolation:0}
execute if entity @s[tag=aj.lexiel.bone.bust] run data modify entity @s {} merge value {transformation:[-0.8698207646013733f,0.16024126621276386f,0.4666203746846173f,-0.09832089230987368f,0.07202268306668833f,0.9768952448383793f,-0.20121732961163785f,1.3321812287929298f,-0.48808254485502534f,-0.1414157601354718f,-0.8612647747314114f,0.26573889614993573f,0f,0f,0f,1f],start_interpolation:0}
execute if entity @s[tag=aj.lexiel.bone.left_wing] run data modify entity @s {} merge value {transformation:[-0.9850820528905686f,-0.09198201419457015f,-0.14543953430072842f,0.12789579573398768f,-0.13169671226059973f,0.9469687333339504f,0.2930975845476082f,1.163169036634927f,0.11076698539118812f,0.30787907878354354f,-0.944955632712322f,0.09375838794504449f,0f,0f,0f,1f],start_interpolation:0}
execute if entity @s[tag=aj.lexiel.bone.right_wing] run data modify entity @s {} merge value {transformation:[-0.6835201841618811f,-0.09720253843261013f,0.7234305940209919f,-0.08955939541635566f,0.15950276256563817f,0.9472520419061292f,0.27797920396784803f,1.181174707401599f,-0.7122913916208996f,0.30539357496012537f,-0.6319618167230014f,-0.02826224826871193f,0f,0f,0f,1f],start_interpolation:0}
execute if entity @s[tag=aj.lexiel.bone.body] run data modify entity @s {} merge value {transformation:[-0.8698207646013733f,-0.09453718006747007f,0.4842257315066737f,0.2400661065810848f,0.07202268306668833f,0.9466247636720744f,0.3141883032938444f,0.05233212498369644f,-0.48808254485502534f,0.3081627465929003f,-0.8165850543698201f,0.49825242631597255f,0f,0f,0f,1f],start_interpolation:0}
execute if entity @s[tag=aj.lexiel.bone.sword] run data modify entity @s {} merge value {transformation:[0.0000027451882132754923f,0.000007573965396341365f,-0.000008293997594569028f,-0.14209368638083505f,0.000004441778938226471f,0.000007110064715613501f,0.000007962975942053049f,0.6943463129795372f,0.000010316295254965367f,-0.000005076754294311616f,-0.000001221484464726228f,0.18897290073968637f,0f,0f,0f,1f],start_interpolation:0}
execute if entity @s[tag=aj.lexiel.bone.rod] run data modify entity @s {} merge value {transformation:[0.0000014153913246110412f,0.0000036099813457670313f,-0.000009217629960105245f,-0.04220306146481642f,0.0000033112887795517234f,0.000008602357908926087f,0.000003877474052157109f,0.7336121072756574f,0.000009329096098584826f,-0.000003601037779578388f,2.220120308637724e-8f,0.15988061729432576f,0f,0f,0f,1f],start_interpolation:0}
execute if entity @s[tag=aj.lexiel.bone.right_hand] run data modify entity @s {} merge value {transformation:[0.1415391324611041f,-0.39652063617098976f,-0.907049094080751f,-0.26464635453573143f,0.3311288779551723f,0.8824573807750536f,-0.3340997415440192f,1.0874678345969384f,0.9329096098584825f,-0.25306196119959484f,0.2562016854501703f,0.08477964450716934f,0f,0f,0f,1f],start_interpolation:0}
execute if entity @s[tag=aj.lexiel.bone.right_arm] run data modify entity @s {} merge value {transformation:[0.3318089089931725f,-0.19775333533614958f,-0.9223862890764305f,-0.3368133002343148f,0.054687125456374136f,0.9801688049806858f,-0.19046897923822953f,1.3920616134828911f,0.9417601426170459f,0.01275664948811811f,0.3360433032687275f,0.05933609301542356f,0f,0f,0f,1f],start_interpolation:0}
execute if entity @s[tag=aj.lexiel.bone.left_hand] run data modify entity @s {} merge value {transformation:[-0.8132274532322867f,0.29272822291558914f,0.5029625202915323f,0.09838746166207243f,0.35922662564037433f,0.9324715577844912f,0.03811856967404198f,1.057054363183736f,-0.45783986364269247f,0.21167659632478406f,-0.8634672418962952f,0.28872218048506704f,0f,0f,0f,1f],start_interpolation:0}
execute if entity @s[tag=aj.lexiel.bone.left_arm] run data modify entity @s {} merge value {transformation:[-0.8132274532322867f,0.29272822291558914f,0.5029625202915323f,0.18986503132319404f,0.35922662564037433f,0.9324715577844912f,0.03811856967404198f,1.3484517249913894f,-0.45783986364269247f,0.21167659632478406f,-0.8634672418962952f,0.35487111683656203f,0f,0f,0f,1f],start_interpolation:0}
execute if entity @s[tag=aj.lexiel.bone.skirt_right] run data modify entity @s {} merge value {transformation:[-0.984807753012208f,0.17364817766693036f,1.1853814771667895e-16f,-0.21875f,0.16808057106217103f,0.953232286895853f,-0.2511914187441848f,0.7060204804979935f,-0.043618932110498616f,-0.24737525666940927f,-0.9679374314227566f,0.07582964370794744f,0f,0f,0f,1f],start_interpolation:0}
execute if entity @s[tag=aj.lexiel.bone.skirt_left] run data modify entity @s {} merge value {transformation:[-1f,2.5562236630317177e-17f,1.1976714860542622e-16f,0.21875f,0f,0.9779729852624672f,-0.20873150240636404f,0.7060204804979935f,-1.2246467991473532e-16f,-0.20873150240636404f,-0.9779729852624672f,0.0758296437079475f,0f,0f,0f,1f],start_interpolation:0}
execute if entity @s[tag=aj.lexiel.bone.skirt_back_middle] run data modify entity @s {} merge value {transformation:[-1f,9.710798291830005e-18f,1.2207906545822657e-16f,2.5975030793938424e-17f,0f,0.9968512190063515f,-0.07929468560723826f,0.6958689834401138f,-1.2246467991473532e-16f,-0.07929468560723826f,-0.9968512190063515f,-0.21210222255121441f,0f,0f,0f,1f],start_interpolation:0}
execute if entity @s[tag=aj.lexiel.bone.skirt_front_middle] run data modify entity @s {} merge value {transformation:[-1f,3.590335939596365e-17f,1.1708350272648513e-16f,-1.8476774599816183e-17f,0f,0.9560593536683655f,-0.29317317793963915f,0.7900657654691832f,-1.2246467991473532e-16f,-0.29317317793963915f,-0.9560593536683655f,0.15087431423231934f,0f,0f,0f,1f],start_interpolation:0}
execute if entity @s[tag=aj.lexiel.bone.skirt] run data modify entity @s {} merge value {transformation:[-1f,3.076207669383484e-17f,1.1853814771667895e-16f,-8.709664106732805e-18f,0f,0.9679374314227566f,-0.2511914187441848f,0.7241693073371702f,-1.2246467991473532e-16f,-0.2511914187441848f,-0.9679374314227566f,0.07111980460649399f,0f,0f,0f,1f],start_interpolation:0}
execute if entity @s[tag=aj.lexiel.bone.rightupper] run data modify entity @s {} merge value {transformation:[-0.983461170591915f,0.1738212877817707f,-0.05089485093668336f,-0.13490200989737477f,0.18026343705745884f,0.9120936275459384f,-0.3682258924224675f,0.6677523116423497f,-0.01758462960121575f,-0.37131034796242607f,-0.9283422894050504f,-0.005722330507464096f,0f,0f,0f,1f],start_interpolation:0}
execute if entity @s[tag=aj.lexiel.bone.rightfoot] run data modify entity @s {} merge value {transformation:[-0.9747766013745968f,0.22201144997637245f,0.0228362320004677f,-0.15662471594953947f,0.22111137661035024f,0.9745689737810832f,-0.036401572449031805f,0.4063442534436055f,-0.03033704906655207f,-0.030434050382341704f,-0.9990762893949885f,0.1892075366803135f,0f,0f,0f,1f],start_interpolation:0}
execute if entity @s[tag=aj.lexiel.bone.leftupper] run data modify entity @s {} merge value {transformation:[-0.9990466999447866f,-0.043653929068863194f,0.0001606433389112691f,0.13536095323455524f,-0.041782361952236516f,0.9551357709575701f,-0.2932062299252536f,0.6667699238196049f,0.012646167764345599f,-0.2929334284682084f,-0.9560492042393723f,-0.004926314132542221f,0f,0f,0f,1f],start_interpolation:0}
execute if entity @s[tag=aj.lexiel.bone.leftfoot] run data modify entity @s {} merge value {transformation:[-0.9961946980917455f,-0.08715574274765815f,1.1853814771667895e-16f,0.15406446566391613f,-0.08436130576891081f,0.9642541372678927f,-0.2511914187441848f,0.4222436437030003f,0.021892774672487333f,-0.25023555955910043f,-0.9679374314227566f,0.1955763364987211f,0f,0f,0f,1f],start_interpolation:0}
execute if entity @s[tag=aj.lexiel.bone.lower] run data modify entity @s {} merge value {transformation:[-1f,3.076207669383484e-17f,1.1853814771667895e-16f,0f,0f,0.9679374314227566f,-0.2511914187441848f,0.625f,-1.2246467991473532e-16f,-0.2511914187441848f,-0.9679374314227566f,0f,0f,0f,0f,1f],start_interpolation:0}
execute if entity @s[tag=aj.lexiel.bone.sucidesword] run data modify entity @s {} merge value {transformation:[0.000005473828057583285f,-7.237058900569143e-7f,0.000010158979399069132f,0.04687499999999927f,-0.000002993427721795025f,0.000010909550628855239f,0.0000023900840572735796f,2.3482946740568207f,-0.00000973488588122137f,-0.000003761563652411218f,0.000004977352912789662f,5.951717316974825f,0f,0f,0f,1f],start_interpolation:0}