execute if entity @s[tag=aj.lexiel.bone.backhair] run data modify entity @s {} merge value {transformation:[-1f,6.951512669491493e-17f,1.0082283961091605e-16f,1.3135945722101007e-17f,0f,0.8232809629773485f,-0.5676340863611783f,1.328936328494803f,-1.2246467991473532e-16f,-0.5676340863611783f,-0.8232809629773485f,-0.10726313685910717f,0f,0f,0f,1f],start_interpolation:0}
execute if entity @s[tag=aj.lexiel.bone.head] run data modify entity @s {} merge value {transformation:[-1f,6.987000879308318e-17f,1.0057723250255525e-16f,-1.2488162773998306e-17f,0f,0.8212754287406053f,-0.5705319186048532f,1.4933162979482892f,-1.2246467991473532e-16f,-0.5705319186048532f,-0.8212754287406053f,0.10197358767191529f,0f,0f,0f,1f],start_interpolation:0}
execute if entity @s[tag=aj.lexiel.bone.left_wing] run data modify entity @s {} merge value {transformation:[-0.7906727253508142f,0.011559330497990284f,-0.6121299071804565f,0.125f,-0.06556509790039246f,0.9924733564112593f,0.10343043435605084f,1.1688229008785485f,0.6087182101133726f,0.12191398070856198f,-0.7839637249159966f,-0.06682539857545372f,0f,0f,0f,1f],start_interpolation:0}
execute if entity @s[tag=aj.lexiel.bone.right_wing] run data modify entity @s {} merge value {transformation:[-0.953066618676123f,-0.014074415564660825f,0.30243334999926014f,-0.12499999999999994f,0.024859031696040416f,0.9919081961722014f,0.12449963417434148f,1.1688229008785485f,-0.30173837824910016f,0.12617464560252523f,-0.9450047142203472f,-0.06682539857545378f,0f,0f,0f,1f],start_interpolation:0}
execute if entity @s[tag=aj.lexiel.bone.sword] run data modify entity @s {} merge value {transformation:[0.0000011954298025568896f,0.000008452513968654332f,-0.000007798548675674353f,-0.4187593417294101f,0.000011466902308647367f,-2.7682041224757383e-7f,0.000001457713330288495f,1.3296151899328574f,8.789227958680387e-7f,-0.000007884781818101657f,-0.000008411249410749689f,0.7468680790487039f,0f,0f,0f,1f],start_interpolation:0}
execute if entity @s[tag=aj.lexiel.bone.rod] run data modify entity @s {} merge value {transformation:[-1.270071508132335e-21f,0.0000045076060667687455f,-0.00000892644876458884f,-0.31389885434487375f,0.000009914448613738104f,0.0000011651353672891647f,5.883606559233265e-7f,1.3344475362517678f,0.0000013052619222005157f,-0.000008850081757968202f,-0.000004469042871995283f,0.7101627646227284f,0f,0f,0f,1f],start_interpolation:0}
execute if entity @s[tag=aj.lexiel.bone.right_hand] run data modify entity @s {} merge value {transformation:[-1.270071508132335e-16f,-0.3124593636625247f,-0.9499311270084848f,-0.506050114196015f,0.9914448613738104f,0.12399089287971961f,-0.04078413096236978f,1.399326929964316f,0.13052619222005157f,-0.9418043345315945f,0.3097862304913409f,0.33706261761734424f,0f,0f,0f,1f],start_interpolation:0}
execute if entity @s[tag=aj.lexiel.bone.right_arm] run data modify entity @s {} merge value {transformation:[-1.270071508132335e-16f,0.619360365427248f,-0.7851068320539734f,-0.3125f,0.9914448613738104f,0.10247700527395269f,0.08084275011123822f,1.4003683421944948f,0.13052619222005157f,-0.7783901342693831f,-0.6140616516414503f,0.08973675715128542f,0f,0f,0f,1f],start_interpolation:0}
execute if entity @s[tag=aj.lexiel.bone.left_hand] run data modify entity @s {} merge value {transformation:[-0.023417527603382653f,-0.8166496750611097f,0.5766584150288007f,0.5344965017174663f,-0.991172979531512f,0.09425518307922537f,0.0932313526091239f,1.3709135974822368f,-0.13049039829646428f,-0.5693849916227908f,-0.8116483150152809f,0.2676695670334076f,0f,0f,0f,1f],start_interpolation:0}
execute if entity @s[tag=aj.lexiel.bone.left_arm] run data modify entity @s {} merge value {transformation:[-0.023417527603382653f,-0.8166496750611097f,0.5766584150288007f,0.2792934782608696f,-0.991172979531512f,0.09425518307922537f,0.0932313526091239f,1.4003683421944948f,-0.13049039829646428f,-0.5693849916227908f,-0.8116483150152809f,0.08973675715128548f,0f,0f,0f,1f],start_interpolation:0}
execute if entity @s[tag=aj.lexiel.bone.skirt_right] run data modify entity @s {} merge value {transformation:[-0.984807753012208f,0.1639683086464628f,-0.05716715286477128f,-0.21875f,0.15912034643296f,0.7202930223596484f,-0.6751730721015595f,0.716945665865445f,-0.06952988535946686f,-0.6740121331991148f,-0.7354408469362291f,0.06213250078308402f,0f,0f,0f,1f],start_interpolation:0}
execute if entity @s[tag=aj.lexiel.bone.skirt_left] run data modify entity @s {} merge value {transformation:[-1f,4.409407792874716e-17f,1.1425108366327274e-16f,0.21875f,0f,0.9329308968334282f,-0.36005547035640945f,0.716945665865445f,-1.2246467991473532e-16f,-0.36005547035640945f,-0.9329308968334282f,0.06213250078308408f,0f,0f,0f,1f],start_interpolation:0}
execute if entity @s[tag=aj.lexiel.bone.skirt_back_middle] run data modify entity @s {} merge value {transformation:[-1f,2.880408807189118e-17f,1.1902908189583466e-16f,2.701728231559635e-17f,0f,0.9719462132159846f,-0.23520322832628732f,0.6616023922739237f,-1.2246467991473532e-16f,-0.23520322832628732f,-0.9719462132159846f,-0.22061285208442818f,0f,0f,0f,1f],start_interpolation:0}
execute if entity @s[tag=aj.lexiel.bone.skirt_front_middle] run data modify entity @s {} merge value {transformation:[-1f,5.388392470625954e-17f,1.0997327168393568e-16f,-1.5064837165116657e-17f,0f,0.8979999111621682f,-0.43999563583374107f,0.8117548865880954f,-1.2246467991473532e-16f,-0.43999563583374107f,-0.8979999111621682f,0.12301373078021666f,0f,0f,0f,1f],start_interpolation:0}
execute if entity @s[tag=aj.lexiel.bone.skirt] run data modify entity @s {} merge value {transformation:[-1f,4.9035672412224397e-17f,1.1221898528190136e-16f,-6.68961796297322e-18f,0f,0.9163375543057196f,-0.4004066515044578f,0.7341269950086773f,-1.2246467991473532e-16f,-0.4004066515044578f,-0.9163375543057196f,0.05462487606737545f,0f,0f,0f,1f],start_interpolation:0}
execute if entity @s[tag=aj.lexiel.bone.rightupper] run data modify entity @s {} merge value {transformation:[-0.982299801882291f,0.1410816558377407f,-0.12321958289206002f,-0.1378267061836394f,0.18434860151033594f,0.6115103996471585f,-0.7694612558436947f,0.6542647025568727f,-0.033206811698736086f,-0.7785569969561983f,-0.6266947503748144f,-0.008115730058897753f,0f,0f,0f,1f],start_interpolation:0}
execute if entity @s[tag=aj.lexiel.bone.rightfoot] run data modify entity @s {} merge value {transformation:[-0.9747769742124724f,0.21595529461216237f,-0.05633081993146353f,-0.14323747778127288f,0.2135790970063233f,0.8293980752467569f,-0.5162197226946472f,0.5208385846105206f,-0.06475970867090379f,-0.5152301849716776f,-0.8546016830236823f,0.2901660438171744f,0f,0f,0f,1f],start_interpolation:0}
execute if entity @s[tag=aj.lexiel.bone.leftupper] run data modify entity @s {} merge value {transformation:[-0.9990197598817068f,-0.04426632409207583f,0.00010916626097872135f,0.13535170114048833f,-0.03980236491558592f,0.8971906633202853f,-0.4398462065290926f,0.6654867593094714f,0.019372431778787242f,-0.43941939670692953f,-0.8980731054233249f,-0.011443525972406658f,0f,0f,0f,1f],start_interpolation:0}
execute if entity @s[tag=aj.lexiel.bone.leftfoot] run data modify entity @s {} merge value {transformation:[-0.9961413310328049f,-0.08776356017699648f,-0.00007818727913885328f,0.15424090036067603f,-0.0803969316348478f,0.9128845575899489f,-0.40022258544153266f,0.45552807207835533f,0.0351963349213169f,-0.39867197295378315f,-0.9164179592245257f,0.22499878679916996f,0f,0f,0f,1f],start_interpolation:0}
execute if entity @s[tag=aj.lexiel.bone.lower] run data modify entity @s {} merge value {transformation:[-1f,4.9035672412224397e-17f,1.1221898528190136e-16f,0f,0f,0.9163375543057196f,-0.4004066515044578f,0.625f,-1.2246467991473532e-16f,-0.4004066515044578f,-0.9163375543057196f,0f,0f,0f,0f,1f],start_interpolation:0}