execute if entity @s[tag=aj.lexiel.bone.backhair] run data modify entity @s {} merge value {transformation:[-0.9959194751265119f,-0.024481687627773058f,0.08686222443979566f,-0.10019986517793555f,0.011505159199475395f,0.9202049853980436f,0.3912677039577647f,1.5067660924388295f,-0.08950994567939377f,0.39067049008017285f,-0.9161684003527897f,0.07796680235733591f,0f,0f,0f,1f],start_interpolation:0}
execute if entity @s[tag=aj.lexiel.bone.head] run data modify entity @s {} merge value {transformation:[-0.9959194751265119f,-0.024481687627773058f,0.08686222443979566f,-0.12365516991394024f,0.011505159199475395f,0.9202049853980436f,0.3912677039577647f,1.4172138114718926f,-0.08950994567939377f,0.39067049008017285f,-0.9161684003527897f,0.32742826010854836f,0f,0f,0f,1f],start_interpolation:0}
execute if entity @s[tag=aj.lexiel.bone.ring] run data modify entity @s {} merge value {transformation:[-0.9551252455892849f,0.007694030461518092f,0.29610229167175595f,-0.0346234475759033f,0.1459611560063581f,0.8820886993185473f,0.4479005106849077f,0.9143198672121299f,-0.25774232515304113f,0.47102051805602985f,-0.8436282151486716f,0.0916799128303935f,0f,0f,0f,1f],start_interpolation:0}
execute if entity @s[tag=aj.lexiel.bone.bust] run data modify entity @s {} merge value {transformation:[-0.9419508013225735f,0.010977842213793498f,0.33557141545145186f,-0.12762579833989607f,-0.009429417103572715f,0.9982061329216715f,-0.05912361872085764f,1.2872360286603497f,-0.3356184946942714f,-0.05885578287553017f,-0.9401575521375446f,0.3422240816571624f,0f,0f,0f,1f],start_interpolation:0}
execute if entity @s[tag=aj.lexiel.bone.left_wing] run data modify entity @s {} merge value {transformation:[-0.9131792348356419f,-0.22745055186738175f,-0.3381862379225613f,0.08550974147248452f,-0.34632932904411484f,0.8704944343004033f,0.3497076431762307f,1.1670559753978198f,0.21484804143590647f,0.43646957088352f,-0.8736902384620713f,0.11985861060398711f,0f,0f,0f,1f],start_interpolation:0}
execute if entity @s[tag=aj.lexiel.bone.right_wing] run data modify entity @s {} merge value {transformation:[-0.8221621029679337f,-0.06625499152816422f,0.5653846058577716f,-0.14997795885815868f,0.22528884334825594f,0.8742409175990775f,0.43005552555260596f,1.1646986211219268f,-0.5227756818236191f,0.4809501991819174f,-0.703841240906445f,0.035953986930419235f,0f,0f,0f,1f],start_interpolation:0}
execute if entity @s[tag=aj.lexiel.bone.body] run data modify entity @s {} merge value {transformation:[-0.9419508013225735f,-0.1582786174898435f,0.29610229167175595f,0.40206356357033046f,-0.009429417103572715f,0.8940336786840224f,0.4479005106849077f,0.052497613867321324f,-0.3356184946942714f,0.4191081729389419f,-0.8436282151486716f,0.3800692684520005f,0f,0f,0f,1f],start_interpolation:0}
execute if entity @s[tag=aj.lexiel.bone.sword] run data modify entity @s {} merge value {transformation:[-0.45930800376683695f,0.11743925408037922f,-1.0545891341071023f,-0.45017185560822953f,0.45290565426635276f,1.06091084858236f,-0.07911195986590176f,0.6794325614447455f,0.9595971490731361f,-0.4445112545946405f,-0.46743675350726144f,0.31345034208011013f,0f,0f,0f,1f],start_interpolation:0}
execute if entity @s[tag=aj.lexiel.bone.rod] run data modify entity @s {} merge value {transformation:[-0.000005067570276268315f,0.000003813491150957715f,-0.000007731559786786176f,-0.3600766187426999f,0.0000032259454856322525f,0.000009155658769526183f,0.0000024014970788504422f,0.7344946515565118f,0.00000799456110232518f,-0.0000012771835175751045f,-0.00000586990588030368f,0.3483411434358537f,0f,0f,0f,1f],start_interpolation:0}
execute if entity @s[tag=aj.lexiel.bone.right_hand] run data modify entity @s {} merge value {transformation:[-0.5067570276268315f,-0.27704929015486307f,-0.8163583807222814f,-0.5367033043526247f,0.3225945485632252f,0.8172143271616877f,-0.47759135327072133f,1.051622490221948f,0.7994561102325178f,-0.5053755378986566f,-0.3247545126792477f,0.1279594065333372f,0f,0f,0f,1f],start_interpolation:0}
execute if entity @s[tag=aj.lexiel.bone.right_arm] run data modify entity @s {} merge value {transformation:[-0.5641340253289675f,0.370873411595273f,-0.7377029985284181f,-0.40317617493757163f,-0.005663947196629493f,0.89168631257138f,0.45261842613288406f,1.3304514612503988f,0.825663806381441f,0.2595157655028659f,-0.500929981421727f,0.18325608930356277f,0f,0f,0f,1f],start_interpolation:0}
execute if entity @s[tag=aj.lexiel.bone.left_hand] run data modify entity @s {} merge value {transformation:[-0.9220569022746604f,0.11736464312660468f,0.3688314106897922f,0.15867861242574968f,0.2022590153406837f,0.9585641743932949f,0.20061409293247087f,1.0368917655370562f,-0.330003575254988f,0.25957708703478766f,-0.9075887704271466f,0.3153958347755099f,0f,0f,0f,1f],start_interpolation:0}
execute if entity @s[tag=aj.lexiel.bone.left_arm] run data modify entity @s {} merge value {transformation:[-0.9220569022746604f,0.11736464312660468f,0.3688314106897922f,0.19535506340281364f,0.2022590153406837f,0.9585641743932949f,0.20061409293247087f,1.3364430700349608f,-0.330003575254988f,0.25957708703478766f,-0.9075887704271466f,0.3965136744738811f,0f,0f,0f,1f],start_interpolation:0}
execute if entity @s[tag=aj.lexiel.bone.skirt_right] run data modify entity @s {} merge value {transformation:[-0.983091589803445f,0.1831145162397971f,1.1882695554102554e-16f,-0.21875f,0.17767523252657166f,0.9538895681241577f,-0.24192189559966767f,0.7052914864601062f,-0.04429941088054796f,-0.2378313809533403f,-0.9702957262759965f,0.07660111178714439f,0f,0f,0f,1f],start_interpolation:0}
execute if entity @s[tag=aj.lexiel.bone.rightupper] run data modify entity @s {} merge value {transformation:[-0.9812712251617202f,0.1856216726384087f,-0.051491526647947254f,-0.1347315332366015f,0.19162327150658628f,0.9133075377244616f,-0.35937426640313885f,0.6678923335705594f,-0.019680053016441504f,-0.36251060147615066f,-0.9317718386658128f,-0.005351823295261536f,0f,0f,0f,1f],start_interpolation:0}
execute if entity @s[tag=aj.lexiel.bone.rightfoot] run data modify entity @s {} merge value {transformation:[-0.9720732307968857f,0.23320127661068935f,0.026283046917157257f,-0.1601802813904935f,0.23248092786845556f,0.9722036048203109f,-0.027798722125568776f,0.4050305536610767f,-0.03203517044635009f,-0.020912086494115578f,-0.9992679482966198f,0.18715757363483723f,0f,0f,0f,1f],start_interpolation:0}
execute if entity @s[tag=aj.lexiel.bone.sucidesword] run data modify entity @s {} merge value {transformation:[0.000003042450284688742f,-0.00000913137964360724f,0.000006407246547426807f,0.046874999999999674f,0.000005751987846049487f,-0.0000044060779059898f,-0.00000901068918314507f,0.9544895907079646f,0.00000955769524174612f,0.0000055583981092275036f,0.0000033832053403894577f,2.637557721238938f,0f,0f,0f,1f],start_interpolation:0}