execute if entity @s[tag=aj.lexiel.bone.backhair] run data modify entity @s {} merge value {transformation:[-0.9999489554614486f,-0.007598092364788368f,-0.0066599897878429305f,-0.0015851503153007927f,-0.008349808992795974f,0.992584916628119f,0.12126608747763787f,1.5019492343036485f,0.0056892144749385995f,0.12131550714878307f,-0.9925976932090321f,-0.16396576811876534f,0f,0f,0f,1f],start_interpolation:0}
execute if entity @s[tag=aj.lexiel.bone.head] run data modify entity @s {} merge value {transformation:[-0.9999489554614486f,-0.007796773307910319f,-0.006426258440421191f,-1.2488162773998306e-17f,-0.008349808992795974f,0.9958088058988904f,0.09107745486128735f,1.4933162979482892f,0.0056892144749385995f,0.09112646388514736f,-0.995823076865789f,0.10197358767191529f,0f,0f,0f,1f],start_interpolation:0}
execute if entity @s[tag=aj.lexiel.bone.left_wing] run data modify entity @s {} merge value {transformation:[-0.7842568400609335f,-0.0030413035913798756f,-0.6204288511103464f,0.125f,-0.08351013736054173f,0.9914056826450871f,0.10070168507553492f,1.1688229008785485f,0.6147904242712818f,0.13078808390481844f,-0.77777066757036f,-0.06682539857545372f,0f,0f,0f,1f],start_interpolation:0}
execute if entity @s[tag=aj.lexiel.bone.right_wing] run data modify entity @s {} merge value {transformation:[-0.9517711019412419f,0.004350655344439168f,0.3067781630227745f,-0.12499999999999994f,0.04431161775800086f,0.9913651672175315f,0.12341631075115035f,1.1688229008785485f,-0.30359224305179955f,0.13105791477751197f,-0.9437455022054132f,-0.06682539857545378f,0f,0f,0f,1f],start_interpolation:0}
execute if entity @s[tag=aj.lexiel.bone.sword] run data modify entity @s {} merge value {transformation:[1.8242158605880447e-7f,0.000002630620107539994f,0.000011257795808449631f,-1.0280161249084254f,0.0000112101375956251f,-0.0000027932647552717254f,4.7105556371780757e-7f,1.4501051833149954f,0.000002826825728992239f,0.000010907287293674952f,-0.0000025945223917215356f,-0.06364513815983452f,0f,0f,0f,1f],start_interpolation:0}
execute if entity @s[tag=aj.lexiel.bone.rod] run data modify entity @s {} merge value {transformation:[1.9267859720668562e-7f,0.000005582700077112399f,0.000008294355599272778f,-1.0469749176239413f,0.000009913641589066226f,-0.0000011829752027462883f,5.659329582414066e-7f,1.436251322090341f,0.0000012971450966314278f,0.000008211822545494793f,-0.000005557282166634016f,0.04505138989797093f,0f,0f,0f,1f],start_interpolation:0}
execute if entity @s[tag=aj.lexiel.bone.right_hand] run data modify entity @s {} merge value {transformation:[0.01926785972066856f,0.981256017167523f,0.19174300079615514f,-0.6227356355200611f,0.9913641589066224f,-0.04363147553679694f,0.12366648203068932f,1.4413913532106366f,0.12971450966314277f,0.18770435028259624f,-0.9736227312813925f,0.06320798935793764f,0f,0f,0f,1f],start_interpolation:0}
execute if entity @s[tag=aj.lexiel.bone.right_arm] run data modify entity @s {} merge value {transformation:[0.01926785972066856f,0.9946808196362621f,0.10118703785326673f,-0.3125f,0.9913641589066224f,-0.03213721936099139f,0.12713891444836406f,1.4003683421944948f,0.12971450966314277f,0.09786350790502715f,-0.9867101295737127f,0.08973675715128542f,0f,0f,0f,1f],start_interpolation:0}
execute if entity @s[tag=aj.lexiel.bone.left_hand] run data modify entity @s {} merge value {transformation:[-0.01448626377985694f,-0.9960589679157743f,-0.08750246051548018f,0.5898010361693315f,-0.9914751775161976f,0.0029762800847546265f,0.13026171396877081f,1.399438254668009f,-0.1294879165440744f,0.08864352312165766f,-0.987610857209283f,0.062035656175767465f,0f,0f,0f,1f],start_interpolation:0}
execute if entity @s[tag=aj.lexiel.bone.left_arm] run data modify entity @s {} merge value {transformation:[-0.01448626377985694f,-0.9960589679157743f,-0.08750246051548018f,0.27853260869565216f,-0.9914751775161976f,0.0029762800847546265f,0.13026171396877081f,1.4003683421944948f,-0.1294879165440744f,0.08864352312165766f,-0.987610857209283f,0.08973675715128548f,0f,0f,0f,1f],start_interpolation:0}
execute if entity @s[tag=aj.lexiel.bone.skirt_right] run data modify entity @s {} merge value {transformation:[-0.984807753012208f,0.1729859958955931f,-0.015150406960066682f,-0.21875000000000003f,0.16432209024846714f,0.95657118969869f,0.24076920420769626f,0.6508758728533625f,0.05614214338106807f,0.23462183245052576f,-0.9704641443526583f,0.10791150230200953f,0f,0f,0f,1f],start_interpolation:0}
execute if entity @s[tag=aj.lexiel.bone.skirt_left] run data modify entity @s {} merge value {transformation:[-1f,-4.461127791443407e-17f,1.1405012805542878e-16f,0.21874999999999997f,0f,0.9312899697678949f,0.3642787287362706f,0.6508758728533625f,-1.2246467991473532e-16f,0.3642787287362706f,-0.9312899697678949f,0.10791150230200959f,0f,0f,0f,1f],start_interpolation:0}
execute if entity @s[tag=aj.lexiel.bone.skirt_back_middle] run data modify entity @s {} merge value {transformation:[-1f,-5.911615118486901e-17f,1.0725147316333834e-16f,1.69033838382836e-17f,0f,0.8757747396066442f,0.48272000731988984f,0.8009500562775029f,-1.2246467991473532e-16f,0.48272000731988984f,-0.8757747396066442f,-0.13802660367097191f,0f,0f,0f,1f],start_interpolation:0}
execute if entity @s[tag=aj.lexiel.bone.skirt_front_middle] run data modify entity @s {} merge value {transformation:[-1f,-3.450139491232018e-17f,1.175042619470575e-16f,-2.655442649315575e-17f,0f,0.9594951134389813f,0.2817252691661089f,0.6797089119662605f,-1.2246467991473532e-16f,0.2817252691661089f,-0.9594951134389813f,0.21683334747327948f,0f,0f,0f,1f],start_interpolation:0}
execute if entity @s[tag=aj.lexiel.bone.skirt] run data modify entity @s {} merge value {transformation:[-1f,-3.959402114819344e-17f,1.1588749421717162e-16f,-1.3957735485062452e-17f,0f,0.946293203051337f,0.3233097181633132f,0.6686188704105751f,-1.2246467991473532e-16f,0.3233097181633132f,-0.946293203051337f,0.1139735595175717f,0f,0f,0f,1f],start_interpolation:0}
execute if entity @s[tag=aj.lexiel.bone.rightupper] run data modify entity @s {} merge value {transformation:[-0.9827829863079601f,0.17150235818695372f,-0.06873531086655253f,-0.13553749048336258f,0.16220419865715188f,0.9789980015111344f,0.12350186628223937f,0.6613015041110306f,0.08847259327949536f,0.11022637694090613f,-0.9899609820921643f,0.017222777870246765f,0f,0f,0f,1f],start_interpolation:0}
execute if entity @s[tag=aj.lexiel.bone.rightfoot] run data modify entity @s {} merge value {transformation:[-0.9741349188617608f,0.2259056837944589f,0.005270852260172265f,-0.1550590504537548f,0.20418763590399067f,0.8700133764428212f,0.44875843630454576f,0.3382656159443162f,0.0967913694403068f,0.43822750580026315f,-0.8936375573810394f,0.06272470776311798f,0f,0f,0f,1f],start_interpolation:0}
execute if entity @s[tag=aj.lexiel.bone.leftupper] run data modify entity @s {} merge value {transformation:[-0.9988022212970485f,-0.04892890854629568f,-0.0002909304902694533f,0.1352822606312121f,-0.047005965298364455f,0.9578637384508518f,0.2833504857721742f,0.6626845172931709f,-0.013585358237856327f,0.2830247700633752f,-0.9590163802418198f,0.018935756990342396f,0f,0f,0f,1f],start_interpolation:0}
execute if entity @s[tag=aj.lexiel.bone.leftfoot] run data modify entity @s {} merge value {transformation:[-0.9957226271635553f,-0.09239039502407131f,-0.0006816610620642782f,0.15558463643861287f,-0.08759724861271595f,0.9416678105978311f,0.324943774397001f,0.34820816356836437f,-0.02937978539726777f,0.3236135803565467f,-0.9457330906861763f,0.05113315501482952f,0f,0f,0f,1f],start_interpolation:0}
execute if entity @s[tag=aj.lexiel.bone.lower] run data modify entity @s {} merge value {transformation:[-1f,-3.959402114819344e-17f,1.1588749421717162e-16f,0f,0f,0.946293203051337f,0.3233097181633132f,0.625f,-1.2246467991473532e-16f,0.3233097181633132f,-0.946293203051337f,0f,0f,0f,0f,1f],start_interpolation:0}