execute if entity @s[tag=aj.lexiel.bone.backhair] run data modify entity @s {} merge value {transformation:[-1f,0f,1.2246467991473532e-16f,3.2529680602351567e-17f,0f,1f,0f,1.484375f,-1.2246467991473532e-16f,0f,-1f,-0.265625f,0f,0f,0f,1f],start_interpolation:0}
execute if entity @s[tag=aj.lexiel.bone.head] run data modify entity @s {} merge value {transformation:[-1f,0f,1.2246467991473532e-16f,0f,0f,1f,0f,1.5f,-1.2246467991473532e-16f,0f,-1f,0f,0f,0f,0f,1f],start_interpolation:0}
execute if entity @s[tag=aj.lexiel.bone.ring] run data modify entity @s {} merge value {transformation:[-0.984807753012208f,0.17364817766693033f,1.2246467991473532e-16f,0f,0.17364817766693033f,0.984807753012208f,0f,0.9375f,-1.2060416625018976e-16f,2.1265768495757713e-17f,-1f,0f,0f,0f,0f,1f],start_interpolation:0}
execute if entity @s[tag=aj.lexiel.bone.bust] run data modify entity @s {} merge value {transformation:[-1f,6.123233995736765e-17f,1.0605752387249069e-16f,0f,0f,0.8660254037844387f,-0.49999999999999994f,1.390625f,-1.2246467991473532e-16f,-0.49999999999999994f,-0.8660254037844387f,0.07187500000000008f,0f,0f,0f,1f],start_interpolation:0}
execute if entity @s[tag=aj.lexiel.bone.left_wing] run data modify entity @s {} merge value {transformation:[-0.7918746026178493f,0.010862687177532453f,-0.6105871074270292f,0.125f,0.013449057358955999f,0.9999094972058077f,0.0003467762743546163f,1.15625f,0.610535614509898f,-0.007937217705973281f,-0.7919490286565855f,-0.12499999999999989f,0f,0f,0f,1f],start_interpolation:0}
execute if entity @s[tag=aj.lexiel.bone.right_wing] run data modify entity @s {} merge value {transformation:[-0.953331034094007f,-0.013279127549911193f,0.3016348855897882f,-0.12499999999999994f,-0.013879687681803256f,0.9999036609106813f,0.0001522079920264173f,1.15625f,-0.30160784754894393f,-0.0040414934034868006f,-0.9534235011934427f,-0.125f,0f,0f,0f,1f],start_interpolation:0}
execute if entity @s[tag=aj.lexiel.bone.body] run data modify entity @s {} merge value {transformation:[-1f,0f,1.2246467991473532e-16f,0.49999999999999994f,0f,1f,0f,0.21875f,-1.2246467991473532e-16f,0f,-1f,0.5000000000000001f,0f,0f,0f,1f],start_interpolation:0}
execute if entity @s[tag=aj.lexiel.bone.sword] run data modify entity @s {} merge value {transformation:[2.2049492153641328e-7f,0.000004750531347047805f,0.000010539223887947956f,-1.046875f,0.000011483523815583972f,-0.0000013036227224489412f,3.4735403327232645e-7f,1.421875f,0.000001330965445266102f,0.000010460613078028982f,-0.000004742943312467126f,-0.046875000000000125f,0f,0f,0f,1f],start_interpolation:0}
execute if entity @s[tag=aj.lexiel.bone.rod] run data modify entity @s {} merge value {transformation:[-2.2204460492503133e-21f,0.000007071067811865475f,0.000007071067811865477f,-1.04447125f,0.00001f,1.5700924586837751e-21f,1.5700924586837753e-21f,1.421875f,-2.719262146893782e-37f,0.000007071067811865477f,-0.000007071067811865475f,0.06430312499999986f,0f,0f,0f,1f],start_interpolation:0}
execute if entity @s[tag=aj.lexiel.bone.right_hand] run data modify entity @s {} merge value {transformation:[-2.220446049250313e-16f,1f,1.2246467991473532e-16f,-0.625f,1f,2.220446049250313e-16f,0f,1.4375f,-2.719262146893782e-32f,1.2246467991473532e-16f,-1f,-7.654042494670958e-17f,0f,0f,0f,1f],start_interpolation:0}
execute if entity @s[tag=aj.lexiel.bone.right_arm] run data modify entity @s {} merge value {transformation:[-2.220446049250313e-16f,1f,1.2246467991473532e-16f,-0.3125f,1f,2.220446049250313e-16f,0f,1.40625f,-2.719262146893782e-32f,1.2246467991473532e-16f,-1f,-3.827021247335479e-17f,0f,0f,0f,1f],start_interpolation:0}
execute if entity @s[tag=aj.lexiel.bone.left_hand] run data modify entity @s {} merge value {transformation:[-2.220446049250313e-16f,-1f,1.2246467991473532e-16f,0.594284188034188f,-1f,2.220446049250313e-16f,0f,1.40625f,-2.719262146893782e-32f,-1.2246467991473532e-16f,-1f,7.277882286599521e-17f,0f,0f,0f,1f],start_interpolation:0}
execute if entity @s[tag=aj.lexiel.bone.left_arm] run data modify entity @s {} merge value {transformation:[-2.220446049250313e-16f,-1f,1.2246467991473532e-16f,0.28178418803418803f,-1f,2.220446049250313e-16f,0f,1.40625f,-2.719262146893782e-32f,-1.2246467991473532e-16f,-1f,3.4508610392640425e-17f,0f,0f,0f,1f],start_interpolation:0}
execute if entity @s[tag=aj.lexiel.bone.skirt_right] run data modify entity @s {} merge value {transformation:[-0.984807753012208f,0.17364817766693033f,1.2167745927772288e-16f,-0.21875f,0.17253194211938971f,0.97847726664503f,-0.11320321376790671f,0.6946061302215386f,-0.01965753177683708f,-0.11148340258453283f,-0.9935718556765875f,0.0864259206522106f,0f,0f,0f,1f],start_interpolation:0}
execute if entity @s[tag=aj.lexiel.bone.skirt_left] run data modify entity @s {} merge value {transformation:[-1f,8.542704229054942e-18f,1.221663621095163e-16f,0.21875f,0f,0.9975640502598242f,-0.06975647374412529f,0.6946061302215386f,-1.2246467991473532e-16f,-0.06975647374412529f,-0.9975640502598242f,0.08642592065221064f,0f,0f,0f,1f],start_interpolation:0}
execute if entity @s[tag=aj.lexiel.bone.skirt_back_middle] run data modify entity @s {} merge value {transformation:[-1f,-7.47628985339831e-18f,1.2223625860049279e-16f,2.4504124921563148e-17f,0f,0.9981347984218669f,0.06104853953485685f,0.7248659673291016f,-1.2246467991473532e-16f,0.06104853953485685f,-0.9981347984218669f,-0.20009136461732377f,0f,0f,0f,1f],start_interpolation:0}
execute if entity @s[tag=aj.lexiel.bone.skirt_front_middle] run data modify entity @s {} merge value {transformation:[-1f,1.9157696688784726e-17f,1.2095693648649962e-16f,-2.1124922307582927e-17f,0f,0.9876883405951378f,-0.15643446504023084f,0.7673171724920667f,-1.2246467991473532e-16f,-0.15643446504023084f,-0.9876883405951378f,0.1724980812613965f,0f,0f,0f,1f],start_interpolation:0}
execute if entity @s[tag=aj.lexiel.bone.skirt] run data modify entity @s {} merge value {transformation:[-1f,1.3863395339406054e-17f,1.2167745927772288e-16f,-1.032418404639542e-17f,0f,0.9935718556765875f,-0.11320321376790671f,0.7132356025154747f,-1.2246467991473532e-16f,-0.11320321376790671f,-0.9935718556765875f,0.08430336039406236f,0f,0f,0f,1f],start_interpolation:0}
execute if entity @s[tag=aj.lexiel.bone.rightupper] run data modify entity @s {} merge value {transformation:[-0.9834611064978367f,0.17382151174454893f,-0.050895324548434796f,-0.13490223095482354f,0.18095028201137622f,0.9550945867734362f,-0.23463018935354962f,0.6681326175504315f,0.007826074753943478f,-0.2399591889695386f,-0.9707514306881173f,0.00031959044036109635f,0f,0f,0f,1f],start_interpolation:0}
execute if entity @s[tag=aj.lexiel.bone.rightfoot] run data modify entity @s {} merge value {transformation:[-0.974776525872679f,0.22201181946160514f,0.022835862736886092f,-0.15662476100320566f,0.2231812757872419f,0.9692314853218756f,0.10382892659914078f,0.38200836430783164f,0.0009180117479421074f,0.10630653733472042f,-0.9943329811357622f,0.15673207530277095f,0f,0f,0f,1f],start_interpolation:0}
execute if entity @s[tag=aj.lexiel.bone.leftupper] run data modify entity @s {} merge value {transformation:[-0.9990466999447866f,-0.04365392906886328f,0.00016064333890968802f,0.13536078870301074f,-0.04314135285890442f,0.9867402885214123f,-0.15646861245049606f,0.6670483691341152f,0.006671956454832624f,-0.15632638128457615f,-0.9876829185075209f,0.0009699746171479909f,0f,0f,0f,1f],start_interpolation:0}
execute if entity @s[tag=aj.lexiel.bone.leftfoot] run data modify entity @s {} merge value {transformation:[-0.9961946980917455f,-0.08715574274765817f,1.2167745927772288e-16f,0.1540644740461292f,-0.08659549305466202f,0.9897910147981934f,-0.11320321376790671f,0.3968591898920642f,0.009866310177363712f,-0.11277244136253517f,-0.9935718556765875f,0.16526361124029304f,0f,0f,0f,1f],start_interpolation:0}
execute if entity @s[tag=aj.lexiel.bone.lower] run data modify entity @s {} merge value {transformation:[-1f,1.3863395339406054e-17f,1.2167745927772288e-16f,0f,0f,0.9935718556765875f,-0.11320321376790671f,0.625f,-1.2246467991473532e-16f,-0.11320321376790671f,-0.9935718556765875f,0f,0f,0f,0f,1f],start_interpolation:0}