execute if entity @s[tag=aj.lexiel.bone.backhair] run data modify entity @s {} merge value {transformation:[-0.9613249554328662f,0.058913068682592065f,0.26904196773068334f,-0.008833250323651357f,0.12644278946112736f,0.9622293537727495f,0.24109519226099446f,1.504255960978501f,-0.2446764211265297f,0.26578924183735697f,-0.932464223371726f,-0.003607474972114305f,0f,0f,0f,1f],start_interpolation:0}
execute if entity @s[tag=aj.lexiel.bone.head] run data modify entity @s {} merge value {transformation:[-0.9613249554328662f,0.058913068682592065f,0.26904196773068334f,-0.07937700630394862f,0.12644278946112736f,0.9622293537727495f,0.24109519226099446f,1.4552498841868735f,-0.2446764211265297f,0.26578924183735697f,-0.932464223371726f,0.24823129126470908f,0f,0f,0f,1f],start_interpolation:0}
execute if entity @s[tag=aj.lexiel.bone.ring] run data modify entity @s {} merge value {transformation:[-0.8716551753497258f,0.050526373835074245f,0.48750829821975034f,-0.022225561765105678f,0.23518558682620774f,0.9157932605980604f,0.3255924501464755f,0.9249699675723246f,-0.43000580814129824f,0.3984592694244308f,-0.8101390100313018f,0.0695047615541185f,0f,0f,0f,1f],start_interpolation:0}
execute if entity @s[tag=aj.lexiel.bone.bust] run data modify entity @s {} merge value {transformation:[-0.8671865873782044f,0.15576374407233654f,0.47299585484855095f,-0.10330388435594037f,0.07258675848066579f,0.9792155653486034f,-0.18938859277233283f,1.328737943046433f,-0.4926647797078794f,-0.12990201157635195f,-0.8604689896932974f,0.27170765183364964f,0f,0f,0f,1f],start_interpolation:0}
execute if entity @s[tag=aj.lexiel.bone.left_wing] run data modify entity @s {} merge value {transformation:[-0.9849742824599488f,-0.09941286148930174f,-0.14121878721692038f,0.12488573716953313f,-0.1385482229552274f,0.9430294733881185f,0.3024893423532082f,1.1628156466028754f,0.10310214744833168f,0.31750983495292967f,-0.9426332541872824f,0.09932524431780926f,0f,0f,0f,1f],start_interpolation:0}
execute if entity @s[tag=aj.lexiel.bone.right_wing] run data modify entity @s {} merge value {transformation:[-0.680059871223148f,-0.10387531407773223f,0.7257606290487297f,-0.09191090967501794f,0.1640077011561352f,0.9432715765732006f,0.2886870395265229f,1.1809623362230417f,-0.7145768296785414f,0.31535480328411175f,-0.6244447954240662f,-0.023840950609160527f,0f,0f,0f,1f],start_interpolation:0}
execute if entity @s[tag=aj.lexiel.bone.body] run data modify entity @s {} merge value {transformation:[-0.8671865873782044f,-0.10160256806905422f,0.48750829821975034f,0.24064042861375415f,0.07258675848066579f,0.942719851759198f,0.3255924501464755f,0.04830046980683034f,-0.4926647797078794f,0.3177360528188276f,-0.8101390100313018f,0.4925338684601768f,0f,0f,0f,1f],start_interpolation:0}
execute if entity @s[tag=aj.lexiel.locator_origin.locator_right_hand] at @s on origin run tp @s ^-0.0367 ^0.63773 ^0.13509 ~-105.06361 ~-21.04868
execute if entity @s[tag=aj.lexiel.bone.sword] run data modify entity @s {} merge value {transformation:[0.0000025856373307868783f,0.000007430796778328623f,-0.000008472847519153305f,-0.13340793378694682f,0.000004263053239005644f,0.000007402128050060417f,0.000007792707081747158f,0.6930248623565307f,0.00001043227026706291f,-0.00000486653529933666f,-0.0000010844249652536777f,0.1797492408674236f,0f,0f,0f,1f],start_interpolation:0}
execute if entity @s[tag=aj.lexiel.bone.rod] run data modify entity @s {} merge value {transformation:[0.000001286552496741984f,0.000003446101298191936f,-0.000009298879960281606f,-0.03420856859704302f,0.0000031272073848773466f,0.000008757405171112538f,0.0000036781012276635333f,0.7350693829154564f,0.000009410916886525752f,-0.000003381159640060087f,4.901880591347506e-8f,0.15221662855450735f,0f,0f,0f,1f],start_interpolation:0}
execute if entity @s[tag=aj.lexiel.bone.right_hand] run data modify entity @s {} merge value {transformation:[0.1286552496741984f,-0.41385394807475345f,-0.9012062673962099f,-0.2637482860706267f,0.31272073848773463f,0.8793230902063262f,-0.35916102621203627f,1.0857112256798847f,0.9410916886525752f,-0.23561793796936678f,0.2425502439827839f,0.08368293823510048f,0f,0f,0f,1f],start_interpolation:0}
execute if entity @s[tag=aj.lexiel.bone.right_arm] run data modify entity @s {} merge value {transformation:[0.32375781801170445f,-0.21434193990294792f,-0.9215413219573723f,-0.3408475741031637f,0.03903088265493995f,0.9761975984407648f,-0.21334207038851874f,1.3895532601096567f,0.9453345785887007f,0.03310259200008986f,0.32441755952383206f,0.06448579265423166f,0f,0f,0f,1f],start_interpolation:0}
execute if entity @s[tag=aj.lexiel.locator_origin.locator_left_hand] at @s on origin run tp @s ^-0.04494 ^0.64457 ^0.22227 ~30.62193 ~2.89786
execute if entity @s[tag=aj.lexiel.bone.left_hand] run data modify entity @s {} merge value {transformation:[-0.8128272702532114f,0.28375392784082376f,0.5087195073590333f,0.09509941436848943f,0.35722424812088965f,0.9326494290887146f,0.050555701705739364f,1.0541876511372998f,-0.4601115791709419f,0.2228199965339718f,-0.8594466730736833f,0.29290094492282137f,0f,0f,0f,1f],start_interpolation:0}
execute if entity @s[tag=aj.lexiel.bone.left_arm] run data modify entity @s {} merge value {transformation:[-0.8128272702532114f,0.28375392784082376f,0.5087195073590333f,0.18377251681874684f,0.35722424812088965f,0.9326494290887146f,0.050555701705739364f,1.3456405977275232f,-0.4601115791709419f,0.2228199965339718f,-0.8594466730736833f,0.36253219383968754f,0f,0f,0f,1f],start_interpolation:0}
execute if entity @s[tag=aj.lexiel.bone.skirt_right] run data modify entity @s {} merge value {transformation:[-0.984807753012208f,0.17364817766693036f,1.1854471291477768e-16f,-0.21875f,0.16808988015183396f,0.9532850813668156f,-0.25098475219424343f,0.7060042885380138f,-0.04358304484071658f,-0.2471717298487387f,-0.9679910403335323f,0.07584694036973542f,0f,0f,0f,1f],start_interpolation:0}
execute if entity @s[tag=aj.lexiel.bone.skirt_left] run data modify entity @s {} merge value {transformation:[-1f,2.553666499640638e-17f,1.1977260357644352e-16f,0.21875f,0f,0.9780175284811414f,-0.20852269416933925f,0.7060042885380138f,-1.2246467991473532e-16f,-0.20852269416933925f,-0.9780175284811414f,0.07584694036973548f,0f,0f,0f,1f],start_interpolation:0}
execute if entity @s[tag=aj.lexiel.bone.skirt_back_middle] run data modify entity @s {} merge value {transformation:[-1f,9.684733410196651e-18f,1.2208113599320738e-16f,2.597317719119875e-17f,0f,0.9968681262075321f,-0.07908184969690477f,0.6959142670042285f,-1.2246467991473532e-16f,-0.07908184969690477f,-0.9968681262075321f,-0.21208708673621068f,0f,0f,0f,1f],start_interpolation:0}
execute if entity @s[tag=aj.lexiel.bone.skirt_front_middle] run data modify entity @s {} merge value {transformation:[-1f,3.587836050189085e-17f,1.1709116565443754e-16f,-1.848109015184288e-17f,0f,0.9561219262236342f,-0.29296904647830513f,0.7900335490770698f,-1.2246467991473532e-16f,-0.29296904647830513f,-0.9561219262236342f,0.1509095533888639f,0f,0f,0f,1f],start_interpolation:0}
execute if entity @s[tag=aj.lexiel.bone.skirt] run data modify entity @s {} merge value {transformation:[-1f,3.073676734094719e-17f,1.1854471291477768e-16f,-8.71225688724891e-18f,0f,0.9679910403335323f,-0.25098475219424343f,0.7241541205442675f,-1.2246467991473532e-16f,-0.25098475219424343f,-0.9679910403335323f,0.07114097626609338f,0f,0f,0f,1f],start_interpolation:0}
execute if entity @s[tag=aj.lexiel.bone.rightupper] run data modify entity @s {} merge value {transformation:[-0.9834611614300222f,0.17382131979610288f,-0.05089491863686403f,-0.1349020116586313f,0.1802672377276857f,0.912172779031444f,-0.36802791225134357f,0.6677535234367049f,-0.017546138057765396f,-0.3711158444184154f,-0.9284207898689388f,-0.005713202573971281f,0f,0f,0f,1f],start_interpolation:0}
execute if entity @s[tag=aj.lexiel.bone.rightfoot] run data modify entity @s {} merge value {transformation:[-0.9747765905820124f,0.22201150279232912f,0.022836179216312376f,-0.1566247223897394f,0.22111789532044554f,0.9745754293001885f,-0.03618851991184446f,0.40630390360604535f,-0.030289846852772386f,-0.030226234172405497f,-0.9990840304726076f,0.18916091602623586f,0f,0f,0f,1f],start_interpolation:0}
execute if entity @s[tag=aj.lexiel.bone.leftupper] run data modify entity @s {} merge value {transformation:[-0.9990466999447866f,-0.043653929068863194f,0.0001606433389112691f,0.13536095323455524f,-0.04178506103751221f,0.955198292345846f,-0.2930021006301341f,0.6667709746671001f,0.012637246674931008f,-0.2927294942031474f,-0.9561117838516825f,-0.004917395874703072f,0f,0f,0f,1f],start_interpolation:0}
execute if entity @s[tag=aj.lexiel.bone.leftfoot] run data modify entity @s {} merge value {transformation:[-0.9961946980917455f,-0.08715574274765815f,1.1854471291477768e-16f,0.15406446566391613f,-0.08436597809334735f,0.9643075421805779f,-0.25098475219424343f,0.42220189152716436f,0.021874762495826094f,-0.25002967943777593f,-0.9679910403335323f,0.19553304226379967f,0f,0f,0f,1f],start_interpolation:0}
execute if entity @s[tag=aj.lexiel.bone.lower] run data modify entity @s {} merge value {transformation:[-1f,3.073676734094719e-17f,1.1854471291477768e-16f,0f,0f,0.9679910403335323f,-0.25098475219424343f,0.625f,-1.2246467991473532e-16f,-0.25098475219424343f,-0.9679910403335323f,0f,0f,0f,0f,1f],start_interpolation:0}
execute if entity @s[tag=aj.lexiel.bone.sucidesword] run data modify entity @s {} merge value {transformation:[0.0000060280445196083145f,-5.74075466579171e-7f,0.000009850102683642038f,0.046874999999999264f,-0.000003082004529880481f,0.000010855794150518878f,0.0000025188067987355243f,2.373184054587794f,-0.000009373117602879864f,-0.000003938727836526917f,0.000005506586572673821f,6.010898732904028f,0f,0f,0f,1f],start_interpolation:0}