execute if entity @s[tag=aj.lexiel.bone.backhair] run data modify entity @s {} merge value {transformation:[-1f,1.3051004747014101e-17f,1.21767274346238e-16f,1.9589044571278972e-17f,0f,0.9943052513673094f,-0.10656954116158812f,1.4464834884790063f,-1.2246467991473532e-16f,-0.10656954116158812f,-0.9943052513673094f,-0.1599566877969847f,0f,0f,0f,1f],start_interpolation:0}
execute if entity @s[tag=aj.lexiel.bone.head] run data modify entity @s {} merge value {transformation:[-1f,1.4438399561821292e-17f,1.2161056880350396e-16f,-1.2488162773998306e-17f,0f,0.9930256535041285f,-0.11789847956058733f,1.4933162979482892f,-1.2246467991473532e-16f,-0.11789847956058733f,-0.9930256535041285f,0.10197358767191529f,0f,0f,0f,1f],start_interpolation:0}
execute if entity @s[tag=aj.lexiel.bone.left_wing] run data modify entity @s {} merge value {transformation:[-0.7881709694006729f,0.01179624407438822f,-0.6153432957461559f,0.125f,-0.06538481894462007f,0.9925531831305151f,0.10277647643824557f,1.1688229008785485f,0.6119733233120401f,0.12123954504706562f,-0.7815303092466712f,-0.06682539857545372f,0f,0f,0f,1f],start_interpolation:0}
execute if entity @s[tag=aj.lexiel.bone.right_wing] run data modify entity @s {} merge value {transformation:[-0.9525332940308144f,-0.01424010300730332f,0.3041012055700331f,-0.12499999999999994f,0.02484325736751749f,0.991937934331502f,0.12426563079759408f,1.1688229008785485f,-0.3034190770636834f,0.12592201515419796f,-0.9445001375189569f,-0.06682539857545378f,0f,0f,0f,1f],start_interpolation:0}
execute if entity @s[tag=aj.lexiel.bone.sword] run data modify entity @s {} merge value {transformation:[6.934605367460397e-7f,0.000008257310307608413f,0.000008063953448392406f,-1.0296273156583726f,0.000011234230823456158f,-0.0000023351186367368536f,0.0000014250210551678935f,1.3940628437768483f,0.0000026462381864230387f,0.000007749545385777675f,-0.000008162926927548014f,0.25733954730772324f,0f,0f,0f,1f],start_interpolation:0}
execute if entity @s[tag=aj.lexiel.bone.rod] run data modify entity @s {} merge value {transformation:[-2.3802945327574917e-21f,0.000009172349079562068f,0.000003983467379389079f,-0.986598916982916f,0.000009914448613738104f,-5.19946828864442e-7f,0.0000011972317990683327f,1.3806784297445005f,0.0000013052619222005157f,0.000003949388263745503f,-0.000009093878361658612f,0.35900426524034634f,0f,0f,0f,1f],start_interpolation:0}
execute if entity @s[tag=aj.lexiel.bone.right_hand] run data modify entity @s {} merge value {transformation:[-2.3802945327574914e-16f,0.9302567030169948f,-0.36690934369671024f,-0.6199763935872946f,0.9914448613738104f,0.04789127952268999f,0.12142286523198763f,1.4240666064766996f,0.13052619222005157f,-0.3637703833981406f,-0.9222982279647424f,0.14914611800091823f,0f,0f,0f,1f],start_interpolation:0}
execute if entity @s[tag=aj.lexiel.bone.right_arm] run data modify entity @s {} merge value {transformation:[-2.3802945327574914e-16f,0.9839244594793426f,-0.17858515626524885f,-0.3125f,0.9914448613738104f,0.02331004043432605f,0.128427913128011f,1.4003683421944948f,0.13052619222005157f,-0.17705733549681987f,-0.9755068493307982f,0.08973675715128542f,0f,0f,0f,1f],start_interpolation:0}
execute if entity @s[tag=aj.lexiel.bone.left_hand] run data modify entity @s {} merge value {transformation:[-0.04371466890446761f,-0.9989475187555945f,-0.013888214234147888f,0.591192838741558f,-0.9904988432552623f,0.04152224657560685f,0.13110280145481784f,1.3873926401396177f,-0.1303881483592725f,0.019487375691850266f,-0.9912714930613535f,0.08364695224758227f,0f,0f,0f,1f],start_interpolation:0}
execute if entity @s[tag=aj.lexiel.bone.left_arm] run data modify entity @s {} merge value {transformation:[-0.04371466890446761f,-0.9989475187555945f,-0.013888214234147888f,0.27902173913043476f,-0.9904988432552623f,0.04152224657560685f,0.13110280145481784f,1.4003683421944948f,-0.1303881483592725f,0.019487375691850266f,-0.9912714930613535f,0.08973675715128548f,0f,0f,0f,1f],start_interpolation:0}
execute if entity @s[tag=aj.lexiel.bone.skirt_right] run data modify entity @s {} merge value {transformation:[-0.984807753012208f,0.17257721106422994f,-0.01925605952260257f,-0.21875f,0.16822647350005143f,0.9756690157964396f,0.14060521053127162f,0.6592776258506281f,0.04305279573712106f,0.1352297224581156f,-0.9898784667539337f,0.10554381787221996f,0f,0f,0f,1f],start_interpolation:0}
execute if entity @s[tag=aj.lexiel.bone.skirt_left] run data modify entity @s {} merge value {transformation:[-1f,-3.5508962313310556e-17f,1.17203717611902e-16f,0.21875f,0f,0.9570409827021455f,0.28995268136113433f,0.6592776258506281f,-1.2246467991473532e-16f,0.28995268136113433f,-0.9570409827021455f,0.10554381787222002f,0f,0f,0f,1f],start_interpolation:0}
execute if entity @s[tag=aj.lexiel.bone.skirt_back_middle] run data modify entity @s {} merge value {transformation:[-1f,-5.05033331921638e-17f,1.1156617391978567e-16f,1.8544728278706556e-17f,0f,0.9110069450021212f,0.4123910112477017f,0.7895568703481467f,-1.2246467991473532e-16f,0.4123910112477017f,-0.9110069450021212f,-0.15142919812976374f,0f,0f,0f,1f],start_interpolation:0}
execute if entity @s[tag=aj.lexiel.bone.skirt_front_middle] run data modify entity @s {} merge value {transformation:[-1f,-2.5158862930007472e-17f,1.198525320662341e-16f,-2.5945663530682835e-17f,0f,0.9786701941300961f,0.20543770618209312f,0.6965826818577421f,-1.2246467991473532e-16f,0.20543770618209312f,-0.9786701941300961f,0.21186242064852667f,0f,0f,0f,1f],start_interpolation:0}
execute if entity @s[tag=aj.lexiel.bone.skirt] run data modify entity @s {} merge value {transformation:[-1f,-3.036281129015911e-17f,1.1864104482503837e-16f,-1.3494692584391028e-17f,0f,0.9687776500754411f,0.24793116930774559f,0.6774422067895427f,-1.2246467991473532e-16f,0.24793116930774559f,-0.9687776500754411f,0.11019252729674023f,0f,0f,0f,1f],start_interpolation:0}
execute if entity @s[tag=aj.lexiel.bone.rightupper] run data modify entity @s {} merge value {transformation:[-0.9832247856139903f,0.16661231064398666f,-0.07422505571701814f,-0.13579931850066043f,0.16560390281555304f,0.9859979032314883f,0.019582701431758262f,0.6616497686918721f,0.07644846843841682f,0.006962238503543237f,-0.9970492259203856f,0.01394333243583288f,0f,0f,0f,1f],start_interpolation:0}
execute if entity @s[tag=aj.lexiel.bone.rightfoot] run data modify entity @s {} merge value {transformation:[-0.97476901469197f,0.22321055739064688f,-0.0015540481983023907f,-0.15331071690803744f,0.20826735741932995f,0.9119723406195847f,0.3534560195815104f,0.34500012034215966f,0.0803123641167098f,0.3442143184328519f,-0.935449852827928f,0.09287401783215393f,0f,0f,0f,1f],start_interpolation:0}
execute if entity @s[tag=aj.lexiel.bone.leftupper] run data modify entity @s {} merge value {transformation:[-0.9989581818357272f,-0.04563497449844752f,-0.0000067811836272559534f,0.1353315102075357f,-0.04465720817109487f,0.9775240761448601f,0.20603983671974987f,0.6639887342392943f,-0.009395993924109678f,0.2058254835040203f,-0.978543604362378f,0.015890713728466975f,0f,0f,0f,1f],start_interpolation:0}
execute if entity @s[tag=aj.lexiel.bone.leftfoot] run data modify entity @s {} merge value {transformation:[-0.9960206955030582f,-0.08912188114763182f,-0.0002538312662668799f,0.15463524355066038f,-0.08638776182254282f,0.9647564114600318f,0.24856029681760003f,0.3530124418497559f,-0.02190727588943825f,0.24759312762568592f,-0.9686163917752139f,0.07303393209859127f,0f,0f,0f,1f],start_interpolation:0}
execute if entity @s[tag=aj.lexiel.bone.lower] run data modify entity @s {} merge value {transformation:[-1f,-3.036281129015911e-17f,1.1864104482503837e-16f,0f,0f,0.9687776500754411f,0.24793116930774559f,0.625f,-1.2246467991473532e-16f,0.24793116930774559f,-0.9687776500754411f,0f,0f,0f,0f,1f],start_interpolation:0}