execute if entity @s[tag=aj.lexiel.bone.backhair] run data modify entity @s {} merge value {transformation:[-0.9510043660571691f,0.0070705765685736f,0.3090965911930926f,-0.0357299686078065f,0.11605523917093363f,0.9347972537513869f,0.33568627591821876f,1.5011280106405878f,-0.2865691490743191f,0.35511139284153226f,-0.8898168471505625f,0.0671036685390421f,0f,0f,0f,1f],start_interpolation:0}
execute if entity @s[tag=aj.lexiel.bone.head] run data modify entity @s {} merge value {transformation:[-0.9510043660571691f,0.0070705765685736f,0.3090965911930926f,-0.11772327288458775f,0.11605523917093363f,0.9347972537513869f,0.33568627591821876f,1.4265675506896762f,-0.2865691490743191f,0.35511139284153226f,-0.8898168471505625f,0.3090098840765592f,0f,0f,0f,1f],start_interpolation:0}
execute if entity @s[tag=aj.lexiel.bone.ring] run data modify entity @s {} merge value {transformation:[-0.8594231253881456f,-0.0014708756296571424f,0.5112628757038337f,-0.03296251640768455f,0.24470115258741337f,0.876835659570888f,0.41386057075696037f,0.9169389141931094f,-0.4489022582594824f,0.4807879601547523f,-0.7532129180382989f,0.08652276754143656f,0f,0f,0f,1f],start_interpolation:0}
execute if entity @s[tag=aj.lexiel.bone.bust] run data modify entity @s {} merge value {transformation:[-0.8461111421275642f,0.12513371633549977f,0.518109533017542f,-0.13798903387195854f,0.08872267784124241f,0.9915548999599064f,-0.09458946454113787f,1.297726865069965f,-0.5255703774037003f,-0.03406513469174488f,-0.850067847288771f,0.31988567878984364f,0f,0f,0f,1f],start_interpolation:0}
execute if entity @s[tag=aj.lexiel.bone.left_wing] run data modify entity @s {} merge value {transformation:[-0.9834282912943415f,-0.14434484688364768f,-0.10969667752501866f,0.10374671941355568f,-0.17579507763010244f,0.9071562524321639f,0.38231351578810086f,1.1557700650006835f,0.04432704098987311f,0.39526206351149923f,-0.9174982368297573f,0.14459021750354828f,0f,0f,0f,1f],start_interpolation:0}
execute if entity @s[tag=aj.lexiel.bone.right_wing] run data modify entity @s {} merge value {transformation:[-0.651561741202988f,-0.1570112867413223f,0.7421689519485202f,-0.10778106611833543f,0.20036131067302854f,0.9079855312187665f,0.36799133180383575f,1.1779507344609939f,-0.7316574626052254f,0.3884710168509471f,-0.5601496465060694f,0.013197623152623184f,0f,0f,0f,1f],start_interpolation:0}
execute if entity @s[tag=aj.lexiel.bone.body] run data modify entity @s {} merge value {transformation:[-0.8461111421275642f,-0.15068578929227233f,0.5112628757038337f,0.24276702785800147f,0.08872267784124241f,0.9060064648827856f,0.41386057075696037f,0.01445514325950581f,-0.5255703774037003f,0.3955326516179958f,-0.7532129180382989f,0.4416253219120017f,0f,0f,0f,1f],start_interpolation:0}
execute if entity @s[tag=aj.lexiel.bone.sword] run data modify entity @s {} merge value {transformation:[8.962189547115675e-7f,0.000006754193237836741f,0.000009341791666547492f,-1.098625798730279f,0.000007763845832729864f,-0.000007279875633179804f,0.000004518574432388835f,1.279293286524263f,0.000008521202715627577f,0.000005922473361813915f,-0.00000509949211272905f,0.13106718331126568f,0f,0f,0f,1f],start_interpolation:0}
execute if entity @s[tag=aj.lexiel.bone.rod] run data modify entity @s {} merge value {transformation:[3.357694370963533e-7f,0.000008461577795963548f,0.000005318736700379957f,-1.0715761634185794f,0.000007491740428646942f,-0.0000037355215163423616f,0.000005469890707383487f,1.2072199089197813f,0.0000066152161139972535f,0.000003800997264376803f,-0.000006464621842096499f,0.2113174104932741f,0f,0f,0f,1f],start_interpolation:0}
execute if entity @s[tag=aj.lexiel.bone.right_hand] run data modify entity @s {} merge value {transformation:[0.03357694370963533f,0.9744153827247776f,-0.2222324250878916f,-0.6766025244718054f,0.7491740428646941f,0.1226384216066207f,0.6509209407014083f,1.3122252959639384f,0.6615216113997253f,-0.18834670014407515f,-0.7258888883265457f,0.09597073600641151f,0f,0f,0f,1f],start_interpolation:0}
execute if entity @s[tag=aj.lexiel.bone.right_arm] run data modify entity @s {} merge value {transformation:[-0.24523890751888364f,0.9629843089873252f,-0.11188877907613493f,-0.3680062120533011f,0.6258451341965778f,0.24540046691842532f,0.740335382673749f,1.3693552814323033f,0.7403889155311631f,0.11153399248848983f,-0.6628607864990699f,0.10768795504871573f,0f,0f,0f,1f],start_interpolation:0}
execute if entity @s[tag=aj.lexiel.bone.left_hand] run data modify entity @s {} merge value {transformation:[-0.8090901471617389f,0.18661531876078094f,0.5572682088273183f,0.09232635959003395f,0.3212968931126834f,0.9344443834842471f,0.15356432089154773f,1.0229561162821377f,-0.4920786931395551f,0.30329592311562237f,-0.816008665872802f,0.3350725133009096f,0f,0f,0f,1f],start_interpolation:0}
execute if entity @s[tag=aj.lexiel.bone.left_arm] run data modify entity @s {} merge value {transformation:[-0.8090901471617389f,0.18661531876078094f,0.5572682088273183f,0.150643646702778f,0.3212968931126834f,0.9344443834842471f,0.15356432089154773f,1.314969986120965f,-0.4920786931395551f,0.30329592311562237f,-0.816008665872802f,0.4298524892745416f,0f,0f,0f,1f],start_interpolation:0}
execute if entity @s[tag=aj.lexiel.bone.skirt_right] run data modify entity @s {} merge value {transformation:[-0.984807753012208f,0.17364817766693036f,1.1867614359250433e-16f,-0.21875f,0.16827624162105634f,0.9543419897790938f,-0.24680857572291057f,0.7056764940114354f,-0.04285785940685412f,-0.24305899888182292f,-0.9690642532616855f,0.0761955145597352f,0f,0f,0f,1f],start_interpolation:0}
execute if entity @s[tag=aj.lexiel.bone.skirt_left] run data modify entity @s {} merge value {transformation:[-1f,2.5019984727886493e-17f,1.1988160071852106e-16f,0.21875f,0f,0.9789075576891825f,-0.20430367960220353f,0.7056764940114354f,-1.2246467991473532e-16f,-0.20430367960220353f,-0.9789075576891825f,0.07619551455973525f,0f,0f,0f,1f],start_interpolation:0}
execute if entity @s[tag=aj.lexiel.bone.skirt_back_middle] run data modify entity @s {} merge value {transformation:[-1f,9.158246431081128e-18f,1.2212176034157944e-16f,2.593548941052769e-17f,0f,0.9971998491859478f,-0.07478275726076661f,0.6968280979182222f,-1.2246467991473532e-16f,-0.07478275726076661f,-0.9971998491859478f,-0.21177934265279574f,0f,0f,0f,1f],start_interpolation:0}
execute if entity @s[tag=aj.lexiel.bone.skirt_front_middle] run data modify entity @s {} merge value {transformation:[-1f,3.537314608465786e-17f,1.1724477968204824e-16f,-1.8568064436661438e-17f,0f,0.9573762799500934f,-0.2888436576920466f,0.7893813138143136f,-1.2246467991473532e-16f,-0.2888436576920466f,-0.9573762799500934f,0.1516197523203363f,0f,0f,0f,1f],start_interpolation:0}
execute if entity @s[tag=aj.lexiel.bone.skirt] run data modify entity @s {} merge value {transformation:[-1f,3.0225333226117956e-17f,1.1867614359250433e-16f,-8.764534303506816e-18f,0f,0.9690642532616855f,-0.24680857572291057f,0.7238464487600921f,-1.2246467991473532e-16f,-0.24680857572291057f,-0.9690642532616855f,0.07156785376493063f,0f,0f,0f,1f],start_interpolation:0}
execute if entity @s[tag=aj.lexiel.bone.rightupper] run data modify entity @s {} merge value {transformation:[-0.983461266165494f,0.17382095212897733f,-0.050894150480570624f,-0.13490220048228657f,0.1803406436022208f,0.9137656854022361f,-0.3640185770623779f,0.6677781649479323f,-0.01676872736077487f,-0.367176454558782f,-0.9300001403227544f,-0.005528725385291915f,0f,0f,0f,1f],start_interpolation:0}
execute if entity @s[tag=aj.lexiel.bone.rightfoot] run data modify entity @s {} merge value {transformation:[-0.9747767140114941f,0.22201089940407254f,0.022836776627810314f,-0.15662464797478173f,0.22124591287545306f,0.9746969179585507f,-0.03187732984441449f,0.4054898222589911f,-0.029336050464593325f,-0.026020735345046175f,-0.9992308629517215f,0.1882153908881997f,0f,0f,0f,1f],start_interpolation:0}
execute if entity @s[tag=aj.lexiel.bone.leftupper] run data modify entity @s {} merge value {transformation:[-0.9990466999447866f,-0.04365392906886326f,0.00016064333890968458f,0.13536078870301074f,-0.04183916265590674f,0.956451621742285f,-0.2888767552691034f,0.6667919033834458f,0.012456957802138551f,-0.28860809022514167f,-0.9573662801973507f,-0.004737405322057638f,0f,0f,0f,1f],start_interpolation:0}
execute if entity @s[tag=aj.lexiel.bone.leftfoot] run data modify entity @s {} merge value {transformation:[-0.9961946980917455f,-0.08715574274765815f,1.1867614359250433e-16f,0.1540644740461292f,-0.08445951476322694f,0.9653766712095276f,-0.24680857572291057f,0.4213605725225406f,0.021510784733621786f,-0.2458693945787386f,-0.9690642532616855f,0.19465681085834236f,0f,0f,0f,1f],start_interpolation:0}
execute if entity @s[tag=aj.lexiel.bone.lower] run data modify entity @s {} merge value {transformation:[-1f,3.0225333226117956e-17f,1.1867614359250433e-16f,0f,0f,0.9690642532616855f,-0.24680857572291057f,0.625f,-1.2246467991473532e-16f,-0.24680857572291057f,-0.9690642532616855f,0f,0f,0f,0f,1f],start_interpolation:0}
execute if entity @s[tag=aj.lexiel.bone.sucidesword] run data modify entity @s {} merge value {transformation:[-0.0000015071380826963282f,-0.0000013088430654729674f,0.000011388892434282176f,0.046874999999999375f,0.0000018593982272650152f,0.0000113068800799258f,0.0000015454796474301625f,1.9998435730088493f,-0.000011312054600386713f,0.0000020329286603667295f,-0.0000012633400293386496f,5.123177190265486f,0f,0f,0f,1f],start_interpolation:0}