execute if entity @s[tag=aj.lexiel.bone.backhair] run data modify entity @s {} merge value {transformation:[-0.9999435572221633f,-0.00491405462108886f,-0.009419895809786924f,-0.0023594506879715304f,-0.008780214249714252f,0.8814349506549599f,0.47222381939247576f,1.594296088985713f,0.005982491756400575f,0.47227987447176845f,-0.8814283464702705f,-0.14419362388252643f,0f,0f,0f,1f],start_interpolation:0}
execute if entity @s[tag=aj.lexiel.bone.head] run data modify entity @s {} merge value {transformation:[-0.9999435572221633f,-0.0053218164664098075f,-0.009195685911563937f,-1.2488162773998306e-17f,-0.008780214249714252f,0.9012671035476019f,0.43317492529074847f,1.4933162979482892f,0.005982491756400575f,0.4332312157871524f,-0.9012629602174774f,0.10197358767191529f,0f,0f,0f,1f],start_interpolation:0}
execute if entity @s[tag=aj.lexiel.bone.left_wing] run data modify entity @s {} merge value {transformation:[-0.7829331358102749f,-0.03322047928041193f,-0.6212182423324909f,0.125f,-0.12005574655067472f,0.9878705092975157f,0.09848083356890744f,1.1688229008785485f,0.6104116009468118f,0.15168472769743965f,-0.7774248650595784f,-0.06682539857545372f,0f,0f,0f,1f],start_interpolation:0}
execute if entity @s[tag=aj.lexiel.bone.right_wing] run data modify entity @s {} merge value {transformation:[-0.9507058296215279f,0.04180465415110951f,0.3072633990812254f,-0.12499999999999994f,0.08305117658429345f,0.9889984765311389f,0.12241125555703875f,1.1688229008785485f,-0.2987656733823462f,0.14189568108435247f,-0.9437185428389128f,-0.06682539857545378f,0f,0f,0f,1f],start_interpolation:0}
execute if entity @s[tag=aj.lexiel.bone.sword] run data modify entity @s {} merge value {transformation:[0.0000012074778461045459f,0.000003369010283594532f,0.00001099468840896371f,-1.0327683936056293f,0.000011158038636189848f,-0.0000030164399051789995f,-3.0111516358078536e-7f,1.5021328696848653f,0.0000027805713971163006f,0.00001064153495777174f,-0.0000035661691908910754f,-0.015222289148425133f,0f,0f,0f,1f],start_interpolation:0}
execute if entity @s[tag=aj.lexiel.bone.rod] run data modify entity @s {} merge value {transformation:[9.943220720740696e-7f,0.0000061802119521292385f,0.000007798480867691171f,-1.0431144138111486f,0.000009870590200979059f,-0.00000160352699835246f,1.2257646222395345e-8f,1.4891599407175495f,0.0000012580829469166525f,0.000007696342078696455f,-0.000006259676182228906f,0.09473686905358228f,0f,0f,0f,1f],start_interpolation:0}
execute if entity @s[tag=aj.lexiel.bone.right_hand] run data modify entity @s {} merge value {transformation:[0.09943220720740696f,0.9884428485018711f,0.11442889239772425f,-0.61957929298743f,0.9870590200979058f,-0.11251973495854926f,0.11425322791159756f,1.4647307836299008f,0.12580829469166524f,0.10158761976916536f,-0.986839515066361f,0.07585884481498445f,0f,0f,0f,1f],start_interpolation:0}
execute if entity @s[tag=aj.lexiel.bone.right_arm] run data modify entity @s {} merge value {transformation:[0.09943220720740696f,0.9925969582805165f,0.0697460721627343f,-0.3125f,0.9870590200979058f,-0.10725391058350842f,0.11921027433869283f,1.4003683421944948f,0.12580829469166524f,0.0569901489453296f,-0.990416274053473f,0.08973675715128542f,0f,0f,0f,1f],start_interpolation:0}
execute if entity @s[tag=aj.lexiel.bone.left_hand] run data modify entity @s {} merge value {transformation:[0.05623244823940078f,-0.9972894983255217f,-0.04745069329980348f,0.5891257943136821f,-0.990294211156273f,-0.061762173450356346f,0.12451027781296768f,1.4196690213977312f,-0.12710345044638802f,0.03998862913775604f,-0.9910830552604084f,0.07724031054573673f,0f,0f,0f,1f],start_interpolation:0}
execute if entity @s[tag=aj.lexiel.bone.left_arm] run data modify entity @s {} merge value {transformation:[0.05623244823940078f,-0.9972894983255217f,-0.04745069329980348f,0.2774728260869565f,-0.990294211156273f,-0.061762173450356346f,0.12451027781296768f,1.4003683421944948f,-0.12710345044638802f,0.03998862913775604f,-0.9910830552604084f,0.08973675715128548f,0f,0f,0f,1f],start_interpolation:0}
execute if entity @s[tag=aj.lexiel.bone.skirt_right] run data modify entity @s {} merge value {transformation:[-0.984807753012208f,0.1726929014481613f,-0.018189320945583513f,-0.21875f,0.16662715240462522f,0.9692752958628361f,0.18094417070338953f,0.6555857099992963f,0.048878233279974266f,0.1751643874177261f,-0.9833251525777225f,0.10667224319774538f,0f,0f,0f,1f],start_interpolation:0}
execute if entity @s[tag=aj.lexiel.bone.skirt_left] run data modify entity @s {} merge value {transformation:[-1f,-3.9564219538800404e-17f,1.1589767193047573e-16f,0.21875f,0f,0.9463763103873557f,0.32306636955525914f,0.6555857099992963f,-1.2246467991473532e-16f,0.32306636955525914f,-0.9463763103873557f,0.10667224319774543f,0f,0f,0f,1f],start_interpolation:0}
execute if entity @s[tag=aj.lexiel.bone.skirt_back_middle] run data modify entity @s {} merge value {transformation:[-1f,-5.435342396026271e-17f,1.097419843561001e-16f,1.7832537098680438e-17f,0f,0.896111306807046f,0.44382938818037726f,0.7947245161756836f,-1.2246467991473532e-16f,0.44382938818037726f,-0.896111306807046f,-0.14561371581664315f,0f,0f,0f,1f],start_interpolation:0}
execute if entity @s[tag=aj.lexiel.bone.skirt_front_middle] run data modify entity @s {} merge value {transformation:[-1f,-2.931251805886578e-17f,1.18904895238452e-16f,-2.6234886668378126e-17f,0f,0.97093215220289f,0.23935487423209942f,0.6891700685203366f,-1.2246467991473532e-16f,0.23935487423209942f,-0.97093215220289f,0.2142241067926187f,0f,0f,0f,1f],start_interpolation:0}
execute if entity @s[tag=aj.lexiel.bone.skirt] run data modify entity @s {} merge value {transformation:[-1f,-3.4471177721836684e-17f,1.175131300454895e-16f,-1.3709916701283133e-17f,0f,0.9595675269580316f,0.28147852708092536f,0.6735776011297595f,-1.2246467991473532e-16f,0.28147852708092536f,-0.9595675269580316f,0.11194996558051276f,0f,0f,0f,1f],start_interpolation:0}
execute if entity @s[tag=aj.lexiel.bone.rightupper] run data modify entity @s {} merge value {transformation:[-0.9816053935772604f,0.17635566870585484f,-0.07314047727040462f,-0.13560671262833612f,0.17210928151836333f,0.9831979063128867f,0.060829863037731045f,0.6614400255888886f,0.0826392552922917f,0.04712276665548325f,-0.9954648152232546f,0.01530856012073191f,0f,0f,0f,1f],start_interpolation:0}
execute if entity @s[tag=aj.lexiel.bone.rightfoot] run data modify entity @s {} merge value {transformation:[-0.9727312655928744f,0.23191847125708015f,0.0027762614905263994f,-0.1563209454712895f,0.21449439777900098f,0.8949669772097727f,0.39118571423995774f,0.34203288348795735f,0.08823853047001969f,0.38111406743097404f,-0.9203075732312053f,0.08129204410585722f,0f,0f,0f,1f],start_interpolation:0}
execute if entity @s[tag=aj.lexiel.bone.leftupper] run data modify entity @s {} merge value {transformation:[-0.9986850704176801f,-0.051262886041817134f,-0.0004966281277184173f,0.13524697596338447f,-0.04986238292228677f,0.969059025516336f,0.2417402486857334f,0.6635263391999177f,-0.011911040850606472f,0.24144714034337345f,-0.9703408707901892f,0.017282968302064015f,0f,0f,0f,1f],start_interpolation:0}
execute if entity @s[tag=aj.lexiel.bone.leftfoot] run data modify entity @s {} merge value {transformation:[-0.995504805407643f,-0.09470588126353857f,-0.000989173588114114f,0.1562576167135131f,-0.09108961361273203f,0.9545273599002748f,0.2838665205579803f,0.3507780960263049f,-0.025939635737112266f,0.28268058874975416f,-0.9588632958049433f,0.06301598511544984f,0f,0f,0f,1f],start_interpolation:0}
execute if entity @s[tag=aj.lexiel.bone.lower] run data modify entity @s {} merge value {transformation:[-1f,-3.4471177721836684e-17f,1.175131300454895e-16f,0f,0f,0.9595675269580316f,0.28147852708092536f,0.625f,-1.2246467991473532e-16f,0.28147852708092536f,-0.9595675269580316f,0f,0f,0f,0f,1f],start_interpolation:0}