execute if entity @s[tag=aj.lexiel.bone.backhair] run data modify entity @s {} merge value {transformation:[-1f,9.337802025469422e-17f,7.923473455456575e-17f,7.092091444447896e-18f,0f,0.6470007075487564f,-0.7624893995534682f,1.2806249791643958f,-1.2246467991473532e-16f,-0.7624893995534682f,-0.6470007075487564f,-0.05791132144701382f,0f,0f,0f,1f],start_interpolation:0}
execute if entity @s[tag=aj.lexiel.bone.head] run data modify entity @s {} merge value {transformation:[-1f,9.340065290267924e-17f,7.920805428724919e-17f,-1.2488162773998306e-17f,0f,0.6467828466329795f,-0.7626742091491882f,1.4933162979482892f,-1.2246467991473532e-16f,-0.7626742091491882f,-0.6467828466329795f,0.10197358767191529f,0f,0f,0f,1f],start_interpolation:0}
execute if entity @s[tag=aj.lexiel.bone.left_wing] run data modify entity @s {} merge value {transformation:[-0.7926763067070617f,0.004534583397652852f,-0.6096258773532027f,0.125f,-0.0739934193792432f,0.9918640520983104f,0.10358897645834511f,1.1688229008785485f,0.6051357258283631f,0.12722083048200036f,-0.7858916042417365f,-0.06682539857545372f,0f,0f,0f,1f],start_interpolation:0}
execute if entity @s[tag=aj.lexiel.bone.right_wing] run data modify entity @s {} merge value {transformation:[-0.9535618742850077f,-0.005533363086920229f,0.30114636607970463f,-0.12499999999999994f,0.03357050486208882f,0.9916490417649876f,0.12451987459793806f,1.1688229008785485f,-0.2993205190316355f,0.12884704055402302f,-0.9454129611059404f,-0.06682539857545378f,0f,0f,0f,1f],start_interpolation:0}
execute if entity @s[tag=aj.lexiel.locator_origin.locator_right_hand] at @s on origin run tp @s ^0.14176 ^1.31756 ^0.47928 ~-166.31306 ~-7.28935
execute if entity @s[tag=aj.lexiel.bone.sword] run data modify entity @s {} merge value {transformation:[9.804757688891836e-8f,-0.0000021626825023841713f,-0.000011358019075373466f,0.04748461853511643f,0.00001156090868677755f,1.8030723806096685e-7f,6.546667773935433e-8f,1.3565191668192422f,1.6487346256330757e-7f,-0.00001135701104797315f,0.0000021639138262782598f,0.5425120859652857f,0f,0f,0f,1f],start_interpolation:0}
execute if entity @s[tag=aj.lexiel.bone.rod] run data modify entity @s {} merge value {transformation:[-2.3802945327574917e-21f,-0.0000052139399623446425f,-0.000008533160614278016f,0.07124185186571852f,0.000009914448613738104f,0.0000011138009625838244f,-6.805557297488071e-7f,1.370699078645934f,0.0000013052619222005157f,-0.000008460158242303327f,0.000005169333983178154f,0.4348049623896107f,0f,0f,0f,1f],start_interpolation:0}
execute if entity @s[tag=aj.lexiel.bone.right_hand] run data modify entity @s {} merge value {transformation:[-2.3802945327574914e-16f,-0.9720668039383378f,-0.23470434312365204f,-0.35160429829244866f,0.9914448613738104f,0.030635064205438524f,-0.1268801785015867f,1.3908821688571393f,0.13052619222005157f,-0.2326964149320605f,0.9637506376767282f,0.40120694652816435f,0f,0f,0f,1f],start_interpolation:0}
execute if entity @s[tag=aj.lexiel.bone.right_arm] run data modify entity @s {} merge value {transformation:[-2.3802945327574914e-16f,0.1251337545358357f,-0.9921398810025556f,-0.3125f,0.9914448613738104f,0.12950024081691866f,0.016333232497761016f,1.4003683421944948f,0.13052619222005157f,-0.9836519867840074f,-0.12406321791896613f,0.08973675715128542f,0f,0f,0f,1f],start_interpolation:0}
execute if entity @s[tag=aj.lexiel.locator_origin.locator_left_hand] at @s on origin run tp @s ^0.54457 ^1.30831 ^0.78597 ~67.10406 ~2.85246
execute if entity @s[tag=aj.lexiel.bone.left_hand] run data modify entity @s {} merge value {transformation:[-0.0015009186486929344f,-0.39174743947730584f,0.9200715683609534f,0.4019319444018755f,-0.9914437446311097f,0.12067652509379725f,0.049764219305931785f,1.3626569281026832f,-0.13052604519808586f,-0.9121245090196078f,-0.38857667399200196f,0.37477566621991293f,0f,0f,0f,1f],start_interpolation:0}
execute if entity @s[tag=aj.lexiel.bone.left_arm] run data modify entity @s {} merge value {transformation:[-0.0015009186486929344f,-0.39174743947730584f,0.9200715683609534f,0.2795108695652174f,-0.9914437446311097f,0.12067652509379725f,0.049764219305931785f,1.4003683421944948f,-0.13052604519808586f,-0.9121245090196078f,-0.38857667399200196f,0.08973675715128548f,0f,0f,0f,1f],start_interpolation:0}
execute if entity @s[tag=aj.lexiel.bone.skirt_right] run data modify entity @s {} merge value {transformation:[-0.984807753012208f,0.1504169284499057f,-0.08676656754039416f,-0.21875f,0.0918413167079456f,0.027112712484519852f,-0.9954044772689554f,0.7359675701648956f,-0.1473732070370889f,-0.9882508024066703f,-0.040515298223950225f,-0.0008071534544179491f,0f,0f,0f,1f],start_interpolation:0}
execute if entity @s[tag=aj.lexiel.bone.skirt_left] run data modify entity @s {} merge value {transformation:[-1f,1.0101018080195537e-16f,6.924262560717104e-17f,0.21875f,0f,0.5654089461172027f,-0.8248107198931366f,0.7359675701648956f,-1.2246467991473532e-16f,-0.8248107198931366f,-0.5654089461172027f,-0.0008071534544178936f,0f,0f,0f,1f],start_interpolation:0}
execute if entity @s[tag=aj.lexiel.bone.skirt_back_middle] run data modify entity @s {} merge value {transformation:[-1f,9.110804844271549e-17f,8.183471962179855e-17f,2.4811510373723327e-17f,0f,0.6682311967726129f,-0.7439536730602527f,0.5303297531448613f,-1.2246467991473532e-16f,-0.7439536730602527f,-0.6682311967726129f,-0.20260135731378276f,0f,0f,0f,1f],start_interpolation:0}
execute if entity @s[tag=aj.lexiel.bone.skirt_front_middle] run data modify entity @s {} merge value {transformation:[-1f,1.0666069903278758e-16f,6.017551917894587e-17f,5.224904613760043e-19f,0f,0.49137040345708183f,-0.8709507027417939f,0.8485879311541373f,-1.2246467991473532e-16f,-0.8709507027417939f,-0.49137040345708183f,-0.004266458392246514f,0f,0f,0f,1f],start_interpolation:0}
execute if entity @s[tag=aj.lexiel.bone.skirt] run data modify entity @s {} merge value {transformation:[-1f,1.0393436240040755e-16f,6.477071976625952e-17f,2.047617084445009e-18f,0f,0.5288930637907634f,-0.8486884746914025f,0.7458843151109724f,-1.2246467991473532e-16f,-0.8486884746914025f,-0.5288930637907634f,-0.016720062354881757f,0f,0f,0f,1f],start_interpolation:0}
execute if entity @s[tag=aj.lexiel.bone.rightupper] run data modify entity @s {} merge value {transformation:[-0.9811114004794395f,0.1108397311625166f,-0.15854013323160213f,-0.13945020933877836f,0.14220082242850807f,-0.14238642930745077f,-0.9795432766599597f,0.6420349801552961f,-0.1311462769198158f,-0.983585613327531f,0.12393544813803511f,-0.016169858737376863f,0f,0f,0f,1f],start_interpolation:0}
execute if entity @s[tag=aj.lexiel.bone.rightfoot] run data modify entity @s {} merge value {transformation:[-0.9747765529387848f,0.19959081124339373f,-0.09987081609751831f,-0.13242948742277225f,0.13944129525583526f,0.19525218522197083f,-0.9707897348774451f,0.7645657943861988f,-0.17426071564800633f,-0.960229187347088f,-0.21815845330537958f,0.2867172671016089f,0f,0f,0f,1f],start_interpolation:0}
execute if entity @s[tag=aj.lexiel.bone.leftupper] run data modify entity @s {} merge value {transformation:[-0.9990445300735198f,-0.04370357473203038f,0.0001564794619714215f,0.13536021700428358f,-0.021610104668990247f,0.4908790572431027f,-0.8709596744604873f,0.6518964331881492f,0.037987238730598304f,-0.8701308802219149f,-0.49135447589073616f,-0.03233679421153515f,0f,0f,0f,1f],start_interpolation:0}
execute if entity @s[tag=aj.lexiel.bone.leftfoot] run data modify entity @s {} merge value {transformation:[-0.9961903857885378f,-0.08720501833280783f,-0.000006329204767918371f,0.15407876763819664f,-0.04611798368310298f,0.5268924232126946f,-0.8486798606907434f,0.6126520702092162f,0.07401247762025824f,-0.845446425942312f,-0.528906885961869f,0.28143658227468815f,0f,0f,0f,1f],start_interpolation:0}
execute if entity @s[tag=aj.lexiel.bone.lower] run data modify entity @s {} merge value {transformation:[-1f,1.0393436240040755e-16f,6.477071976625952e-17f,0f,0f,0.5288930637907634f,-0.8486884746914025f,0.625f,-1.2246467991473532e-16f,-0.8486884746914025f,-0.5288930637907634f,0f,0f,0f,0f,1f],start_interpolation:0}