execute if entity @s[tag=aj.lexiel.bone.backhair] run data modify entity @s {} merge value {transformation:[-1f,-4.790392584088442e-17f,1.1270675097637063e-16f,1.8089473656237525e-17f,0f,0.9203204634580474f,0.3911652394326021f,1.5827223007321747f,-1.2246467991473532e-16f,0.3911652394326021f,-0.9203204634580474f,-0.14771176202666858f,0f,0f,0f,1f],start_interpolation:0}
execute if entity @s[tag=aj.lexiel.bone.head] run data modify entity @s {} merge value {transformation:[-1f,-4.790392584088442e-17f,1.1270675097637063e-16f,-1.2596755913124744e-17f,0f,0.9203204634580474f,0.3911652394326021f,1.4931990412494218f,-1.2246467991473532e-16f,0.3911652394326021f,-0.9203204634580474f,0.10286031794550965f,0f,0f,0f,1f],start_interpolation:0}
execute if entity @s[tag=aj.lexiel.bone.ring] run data modify entity @s {} merge value {transformation:[-0.984807753012208f,0.1736481776669303f,1.2139859705201165e-16f,0f,0.17213653082734523f,0.9762347777731865f,0.13166120697025235f,0.9355957315498381f,0.022862728659812745f,0.1296609773952495f,-0.9912947727992599f,0.02880088902474276f,0f,0f,0f,1f],start_interpolation:0}
execute if entity @s[tag=aj.lexiel.bone.bust] run data modify entity @s {} merge value {transformation:[-1f,4.673563692467734e-17f,1.131961928152326e-16f,0f,0f,0.9243170593680087f,-0.38162543647047054f,1.3753130262235158f,-1.2246467991473532e-16f,-0.38162543647047054f,-0.9243170593680087f,0.15970918522808514f,0f,0f,0f,1f],start_interpolation:0}
execute if entity @s[tag=aj.lexiel.bone.left_wing] run data modify entity @s {} merge value {transformation:[-0.7307301438006358f,-0.3155529286310322f,-0.60535923729095f,0.125f,-0.4665270511849515f,0.8782087459551219f,0.10536559704479294f,1.1688991139709577f,0.49838335390919264f,0.3594102777610998f,-0.7889475805057732f,-0.06631006855042199f,0f,0f,0f,1f],start_interpolation:0}
execute if entity @s[tag=aj.lexiel.bone.right_wing] run data modify entity @s {} merge value {transformation:[-0.8755343374461431f,0.3795850776546341f,0.2989227204055737f,-0.12499999999999994f,0.4304703926781014f,0.8937859560133863f,0.12586463308172946f,1.1688991139709577f,-0.21939659290951755f,0.2388761889665075f,-0.9459404322495856f,-0.06631006855042204f,0f,0f,0f,1f],start_interpolation:0}
execute if entity @s[tag=aj.lexiel.bone.body] run data modify entity @s {} merge value {transformation:[-1f,-1.6123847568799673e-17f,1.2139859705201165e-16f,0.49999999999999994f,0f,0.9912947727992599f,0.13166120697025235f,0.15727201011524383f,-1.2246467991473532e-16f,0.13166120697025235f,-0.9912947727992599f,0.42981678291450387f,0f,0f,0f,1f],start_interpolation:0}
execute if entity @s[tag=aj.lexiel.bone.sword] run data modify entity @s {} merge value {transformation:[0.0000055744677236217735f,0.00000927906636618235f,0.000004063944293452184f,-0.8077029058871783f,0.000009966947017753627f,-0.00000585291745347503f,-3.07783492246533e-7f,1.582511168455327f,0.00000181016104078924f,0.0000036515326788611494f,-0.00001082039889983812f,0.6014141470009722f,0f,0f,0f,1f],start_interpolation:0}
execute if entity @s[tag=aj.lexiel.bone.rod] run data modify entity @s {} merge value {transformation:[0.00000398901919297243f,0.000009168625175072333f,1.5504282352755945e-7f,-0.7352580517584787f,0.00000912390431188235f,-0.000003985347559113949f,9.334746599020095e-7f,1.5433232136976278f,9.176578805373339e-7f,-2.3090524483930012e-7f,-0.00000995512866728469f,0.6761296126339862f,0f,0f,0f,1f],start_interpolation:0}
execute if entity @s[tag=aj.lexiel.bone.right_hand] run data modify entity @s {} merge value {transformation:[0.39890191929724295f,0.6592828867341989f,-0.6373565203560697f,-0.4934590086654779f,0.9123904311882348f,-0.21580000223522108f,0.3478132546517245f,1.4894228966878598f,0.09176578805373338f,-0.7202613652659011f,-0.6876064323784192f,0.3312192754854982f,0f,0f,0f,1f],start_interpolation:0}
execute if entity @s[tag=aj.lexiel.bone.right_arm] run data modify entity @s {} merge value {transformation:[0.39890191929724295f,0.6189590196592537f,-0.6765847993883926f,-0.3125f,0.9123904311882348f,-0.19406572612395556f,0.36039172440572037f,1.4002651562994912f,0.09176578805373338f,-0.7610704474136658f,-0.6421454774554128f,0.09051707979204845f,0f,0f,0f,1f],start_interpolation:0}
execute if entity @s[tag=aj.lexiel.bone.left_hand] run data modify entity @s {} merge value {transformation:[0.29394729280668663f,-0.778099742720673f,0.5551178068028829f,0.5235637782958624f,-0.9407648637208894f,-0.1328428705550591f,0.3119523087443147f,1.4417785533479472f,-0.16898656822314756f,-0.61393286450614f,-0.7710577005902016f,0.2823710999502173f,0f,0f,0f,1f],start_interpolation:0}
execute if entity @s[tag=aj.lexiel.bone.left_arm] run data modify entity @s {} merge value {transformation:[0.29394729280668663f,-0.778099742720673f,0.5551178068028829f,0.2804076086956522f,-0.9407648637208894f,-0.1328428705550591f,0.3119523087443147f,1.4002651562994912f,-0.16898656822314756f,-0.61393286450614f,-0.7710577005902016f,0.09051707979204852f,0f,0f,0f,1f],start_interpolation:0}
execute if entity @s[tag=aj.lexiel.bone.skirt_right] run data modify entity @s {} merge value {transformation:[-0.984807753012208f,0.17363819151359977f,0.0018622714443069103f,-0.21875f,0.13078270067815878f,0.7487179585867246f,-0.649859449183479f,0.7313917258477379f,-0.11423473556835922f,-0.6397430710352511f,-0.7600521220626997f,0.031547643273939954f,0f,0f,0f,1f],start_interpolation:0}
execute if entity @s[tag=aj.lexiel.bone.skirt_left] run data modify entity @s {} merge value {transformation:[-1f,7.64637203405598e-17f,9.5660322486908e-17f,0.21875f,0f,0.7811258115687759f,-0.6243736593587379f,0.7313917258477379f,-1.2246467991473532e-16f,-0.6243736593587379f,-0.7811258115687759f,0.03154764327394001f,0f,0f,0f,1f],start_interpolation:0}
execute if entity @s[tag=aj.lexiel.bone.skirt_back_middle] run data modify entity @s {} merge value {transformation:[-1f,6.332338497241385e-17f,1.0482245342603867e-16f,2.711255755013337e-17f,0f,0.8559402882449058f,-0.5170746783195127f,0.5934426790563416f,-1.2246467991473532e-16f,-0.5170746783195127f,-0.8559402882449058f,-0.2213908334142562f,0f,0f,0f,1f],start_interpolation:0}
execute if entity @s[tag=aj.lexiel.bone.skirt_front_middle] run data modify entity @s {} merge value {transformation:[-1f,8.451009925746262e-17f,8.863205373967362e-17f,-7.47518285720269e-18f,0f,0.7237356419939424f,-0.6900773293679603f,0.8401370378091358f,-1.2246467991473532e-16f,-0.6900773293679603f,-0.7237356419939424f,0.061039500224939994f,0f,0f,0f,1f],start_interpolation:0}
execute if entity @s[tag=aj.lexiel.bone.skirt] run data modify entity @s {} merge value {transformation:[-1f,8.05635884838182e-17f,9.223397441956284e-17f,-2.3529047515357177e-18f,0f,0.7531475563711898f,-0.6578516233407846f,0.7455132425296978f,-1.2246467991473532e-16f,-0.6578516233407846f,-0.7531475563711898f,0.019212925336300243f,0f,0f,0f,1f],start_interpolation:0}
execute if entity @s[tag=aj.lexiel.bone.rightupper] run data modify entity @s {} merge value {transformation:[-0.9834788201966035f,0.1744393027356747f,-0.04837705949919524f,-0.1348075662184276f,0.15298296179611678f,0.6580407513824614f,-0.7372778193599031f,0.6610451378907372f,-0.09677615214909571f,-0.7324979857863756f,-0.6738553829970626f,-0.02443629048745064f,0f,0f,0f,1f],start_interpolation:0}
execute if entity @s[tag=aj.lexiel.bone.rightfoot] run data modify entity @s {} merge value {transformation:[-0.974776525872679f,0.22173152716662411f,0.02541366695199552f,-0.15693445016733587f,0.18415021521220182f,0.8633977824913541f,-0.4697158368911063f,0.5112062804558692f,-0.12609291353954064f,-0.45318803939354935f,-0.882451799310161f,0.2651540060272924f,0f,0f,0f,1f],start_interpolation:0}
execute if entity @s[tag=aj.lexiel.bone.leftupper] run data modify entity @s {} merge value {transformation:[-0.9990466999447866f,-0.04365392906886321f,0.00016064333890965557f,0.13536078870301074f,-0.03170361786964887f,0.7230170373568867f,-0.6901023433561472f,0.6601477353924242f,0.030009530876155963f,-0.6894495617291531f,-0.7237117726609621f,-0.02310071198861312f,0f,0f,0f,1f],start_interpolation:0}
execute if entity @s[tag=aj.lexiel.bone.leftfoot] run data modify entity @s {} merge value {transformation:[-0.9961946980917455f,-0.0871557427476581f,9.223397441956284e-17f,0.15406447404612916f,-0.06564113467411481f,0.7502816025377333f,-0.6578516233407846f,0.5312208676506815f,0.057335546850018626f,-0.6553482993031376f,-0.7531475563711898f,0.26564217431104004f,0f,0f,0f,1f],start_interpolation:0}
execute if entity @s[tag=aj.lexiel.bone.lower] run data modify entity @s {} merge value {transformation:[-1f,8.05635884838182e-17f,9.223397441956284e-17f,0f,0f,0.7531475563711898f,-0.6578516233407846f,0.625f,-1.2246467991473532e-16f,-0.6578516233407846f,-0.7531475563711898f,0f,0f,0f,0f,1f],start_interpolation:0}