execute if entity @s[tag=aj.lexiel.bone.backhair] run data modify entity @s {} merge value {transformation:[-1f,-4.066698120846549e-17f,1.1551534298961715e-16f,1.8831021789001025e-17f,0f,0.9432543576649481f,0.3320711019436741f,1.5667843350635628f,-1.2246467991473532e-16f,0.3320711019436741f,-0.9432543576649481f,-0.1537669620507065f,0f,0f,0f,1f],start_interpolation:0}
execute if entity @s[tag=aj.lexiel.bone.head] run data modify entity @s {} merge value {transformation:[-1f,-4.066698120846549e-17f,1.1551534298961715e-16f,-1.2488162773998306e-17f,0f,0.9432543576649481f,0.3320711019436741f,1.4933162979482892f,-1.2246467991473532e-16f,0.3320711019436741f,-0.9432543576649481f,0.10197358767191529f,0f,0f,0f,1f],start_interpolation:0}
execute if entity @s[tag=aj.lexiel.bone.left_wing] run data modify entity @s {} merge value {transformation:[-0.7946587240431465f,-0.011475758067625925f,-0.6069479543411376f,0.125f,-0.09330398922019828f,0.9902500311047907f,0.1034371378788013f,1.1688229008785485f,0.5998432110957957f,0.13882788939451016f,-0.7879815602084546f,-0.06682539857545372f,0f,0f,0f,1f],start_interpolation:0}
execute if entity @s[tag=aj.lexiel.bone.right_wing] run data modify entity @s {} merge value {transformation:[-0.9539039105244661f,0.013989859385260487f,0.2997859458355445f,-0.12499999999999994f,0.05362375316830406f,0.9907830782059196f,0.12439206179233157f,1.1688229008785485f,-0.2952826147646965f,0.13473372174471793f,-0.9458620415486292f,-0.06682539857545378f,0f,0f,0f,1f],start_interpolation:0}
execute if entity @s[tag=aj.lexiel.bone.sword] run data modify entity @s {} merge value {transformation:[6.765093753285715e-7f,0.0000029886217565250717f,-0.000011149075356796074f,0.01320696329989135f,0.000011537634553369124f,1.5548915291811126e-7f,7.417670026548649e-7f,1.3355098092227118f,3.4165805712044093e-7f,-0.000011168498975679308f,-0.0000029730971481360786f,0.7020940003348427f,0f,0f,0f,1f],start_interpolation:0}
execute if entity @s[tag=aj.lexiel.bone.rod] run data modify entity @s {} merge value {transformation:[-4.600740582007804e-21f,-9.58026483646816e-7f,-0.000009954003478833595f,0.08207370853766804f,0.000009914448613738102f,0.000001299258171437298f,-1.2504754895638657e-7f,1.3469065263109827f,0.0000013052619222005155f,-0.0000098688455991866f,9.498304342716552e-7f,0.615527339640045f,0f,0f,0f,1f],start_interpolation:0}
execute if entity @s[tag=aj.lexiel.bone.right_hand] run data modify entity @s {} merge value {transformation:[-4.600740582007804e-16f,-0.7715970382980686f,-0.6361116336694751f,-0.2824928044038497f,0.9914448613738102f,0.08302922936975293f,-0.1007136233373165f,1.3907500424159789f,0.13052619222005155f,-0.6306696104617009f,0.7649959186718711f,0.40221054648700705f,0f,0f,0f,1f],start_interpolation:0}
execute if entity @s[tag=aj.lexiel.bone.right_arm] run data modify entity @s {} merge value {transformation:[-4.600740582007804e-16f,-0.0960230259076809f,-0.9953791129491981f,-0.3125f,0.9914448613738102f,0.12992304542863167f,-0.012533519937177164f,1.4003683421944948f,0.13052619222005155f,-0.986863506652304f,0.0952015356097343f,0.08973675715128542f,0f,0f,0f,1f],start_interpolation:0}
execute if entity @s[tag=aj.lexiel.bone.left_hand] run data modify entity @s {} merge value {transformation:[-0.0013949848219765144f,-0.9986161756554617f,-0.052571738953606f,0.5917142940227667f,-0.9914704994453628f,-0.0054701890851519925f,0.13021645733522016f,1.4020777762836047f,-0.13032383798411165f,0.05230497825859717f,-0.990090847600592f,0.07339145144547388f,0f,0f,0f,1f],start_interpolation:0}
execute if entity @s[tag=aj.lexiel.bone.left_arm] run data modify entity @s {} merge value {transformation:[-0.0013949848219765144f,-0.9986161756554617f,-0.052571738953606f,0.2796467391304348f,-0.9914704994453628f,-0.0054701890851519925f,0.13021645733522016f,1.4003683421944948f,-0.13032383798411165f,0.05230497825859717f,-0.990090847600592f,0.08973675715128548f,0f,0f,0f,1f],start_interpolation:0}
execute if entity @s[tag=aj.lexiel.bone.skirt_right] run data modify entity @s {} merge value {transformation:[-0.984807753012208f,0.17363549964646824f,0.0020983015910821436f,-0.21875f,0.17328105771109012f,0.9818686341922555f,0.07686130514088765f,0.6781565515484508f,0.011285594604258422f,0.07605720512848281f,-0.9970395864269745f,0.09741064701805897f,0f,0f,0f,1f],start_interpolation:0}
execute if entity @s[tag=aj.lexiel.bone.skirt_left] run data modify entity @s {} merge value {transformation:[-1f,-1.3282085773573654e-17f,1.2174228527558537e-16f,0.21875f,0f,0.9941012001202885f,0.1084564609389512f,0.6781565515484508f,-1.2246467991473532e-16f,0.1084564609389512f,-0.9941012001202885f,0.09741064701805903f,0f,0f,0f,1f],start_interpolation:0}
execute if entity @s[tag=aj.lexiel.bone.skirt_back_middle] run data modify entity @s {} merge value {transformation:[-1f,-2.90590126177252e-17f,1.1896710306761892e-16f,2.1943564099544204e-17f,0f,0.9714401176767737f,0.23728484521379728f,0.758803177257658f,-1.2246467991473532e-16f,0.23728484521379728f,-0.9714401176767737f,-0.17918279878592064f,0f,0f,0f,1f],start_interpolation:0}
execute if entity @s[tag=aj.lexiel.bone.skirt_front_middle] run data modify entity @s {} merge value {transformation:[-1f,-2.621004130242942e-18f,1.2243662917594484e-16f,-2.3883599665554005e-17f,0f,0.9997709483353894f,0.02140212289835556f,0.7344314963482595f,-1.2246467991473532e-16f,0.02140212289835556f,-0.9997709483353894f,0.19502439137702965f,0f,0f,0f,1f],start_interpolation:0}
execute if entity @s[tag=aj.lexiel.bone.skirt] run data modify entity @s {} merge value {transformation:[-1f,-7.959120270809452e-18f,1.2220577004026187e-16f,-1.207859721243154e-17f,0f,0.9978858404345342f,0.06499114909172915f,0.6968669110565984f,-1.2246467991473532e-16f,0.06499114909172915f,-0.9978858404345342f,0.09862923106352893f,0f,0f,0f,1f],start_interpolation:0}
execute if entity @s[tag=aj.lexiel.bone.rightupper] run data modify entity @s {} merge value {transformation:[-0.9834809726008577f,0.17451551868278656f,-0.04805736437788806f,-0.1347953697586198f,0.17670347854618265f,0.9831977577605988f,-0.04580447362659955f,0.6678361764791728f,0.03925630142728559f,-0.05353973172709267f,-0.9977937862729157f,0.008123239811484002f,0f,0f,0f,1f],start_interpolation:0}
execute if entity @s[tag=aj.lexiel.bone.rightfoot] run data modify entity @s {} merge value {transformation:[-0.974776525872679f,0.2216938623490117f,0.025740163254487712f,-0.15697310238179393f,0.21947285444515613f,0.9312323909423329f,0.2909259359725797f,0.35720974223750934f,0.04052642063253992f,0.28923704025695546f,-0.9563992596055847f,0.10723463419838562f,0f,0f,0f,1f],start_interpolation:0}
execute if entity @s[tag=aj.lexiel.bone.leftupper] run data modify entity @s {} merge value {transformation:[-0.9990466999447866f,-0.043653929068863236f,0.0001606433389112745f,0.13536095323455524f,-0.04364053362068709f,0.9988187680478289f,0.02136755532855949f,0.6662080258470837f,-0.0010932313265543947f,0.0213401750758523f,-0.9997716748203055f,0.008419840415005236f,0f,0f,0f,1f],start_interpolation:0}
execute if entity @s[tag=aj.lexiel.bone.leftfoot] run data modify entity @s {} merge value {transformation:[-0.9961946980917455f,-0.0871557427476582f,1.2220577004026187e-16f,0.15406446566391616f,-0.08697148160044295f,0.9940885835417086f,0.06499114909172915f,0.3711430634829833f,-0.0056643518711135665f,0.06474383814807073f,-0.9978858404345342f,0.12213475835851251f,0f,0f,0f,1f],start_interpolation:0}
execute if entity @s[tag=aj.lexiel.bone.lower] run data modify entity @s {} merge value {transformation:[-1f,-7.959120270809452e-18f,1.2220577004026187e-16f,0f,0f,0.9978858404345342f,0.06499114909172915f,0.625f,-1.2246467991473532e-16f,0.06499114909172915f,-0.9978858404345342f,0f,0f,0f,0f,1f],start_interpolation:0}