execute if entity @s[tag=aj.lexiel.bone.backhair] run data modify entity @s {} merge value {transformation:[-0.9490643464794793f,0.27476421308962606f,0.15421249445721724f,0.08124635947096871f,0.15329260090406355f,0.8302571466410068f,-0.5358866008397684f,1.3379058566158943f,-0.2752784858094547f,-0.484951232245854f,-0.8300867771466316f,-0.30540908407248285f,0f,0f,0f,1f],start_interpolation:0}
execute if entity @s[tag=aj.lexiel.bone.head] run data modify entity @s {} merge value {transformation:[-0.9490643464794793f,0.27476421308962606f,0.15421249445721724f,0.04457685646029579f,0.15329260090406355f,0.8302571466410068f,-0.5358866008397684f,1.4932235028802237f,-0.2752784858094547f,-0.484951232245854f,-0.8300867771466316f,-0.09249464689675028f,0f,0f,0f,1f],start_interpolation:0}
execute if entity @s[tag=aj.lexiel.bone.ring] run data modify entity @s {} merge value {transformation:[-0.8630609934734808f,0.2101195328411411f,0.4593206978388725f,0.01248151980888279f,0.16795221349968362f,0.9770043797222335f,-0.13135637016959023f,0.9356025808064626f,-0.47635887262139337f,-0.036224631429378845f,-0.8785044112312019f,-0.025898501131090046f,0f,0f,0f,1f],start_interpolation:0}
execute if entity @s[tag=aj.lexiel.bone.bust] run data modify entity @s {} merge value {transformation:[-0.8864360316651935f,0.2790743522672361f,0.3692542046778704f,0.005322421398685384f,-0.004254388121325416f,0.7928353868220136f,-0.6094209953591206f,1.3942384515829316f,-0.46283156973933526f,-0.5417836794417221f,-0.7016105634489921f,-0.01640289177396248f,0f,0f,0f,1f],start_interpolation:0}
execute if entity @s[tag=aj.lexiel.bone.left_wing] run data modify entity @s {} merge value {transformation:[-0.9841456179716334f,0.03107489821443521f,-0.17461888021687227f,0.19318263080577386f,0.05031418798661974f,0.993000631665031f,-0.10685610885717485f,1.1365674138568922f,0.1700761156496674f,-0.1139477784505332f,-0.9788207285666304f,-0.10375610744866348f,0f,0f,0f,1f],start_interpolation:0}
execute if entity @s[tag=aj.lexiel.bone.right_wing] run data modify entity @s {} merge value {transformation:[-0.7048725081999381f,0.08506823830345761f,0.7042145568048662f,-0.02842637711052448f,-0.004163178189471602f,0.9922694873115834f,-0.12403198175378026f,1.1355038168265608f,-0.7093217994191994f,-0.09035850475939446f,-0.6990693280972609f,-0.2194639998834973f,0f,0f,0f,1f],start_interpolation:0}
execute if entity @s[tag=aj.lexiel.bone.body] run data modify entity @s {} merge value {transformation:[-0.8864360316651935f,0.05705837626917862f,0.4593206978388725f,0.18502847877857115f,-0.004254388121325416f,0.9913260836866862f,-0.13135637016959023f,0.2908923373021147f,-0.46283156973933526f,-0.11839314802784036f,-0.8785044112312019f,0.7298645644991888f,0f,0f,0f,1f],start_interpolation:0}
execute if entity @s[tag=aj.lexiel.bone.sword] run data modify entity @s {} merge value {transformation:[-0.6414056647507537f,0.8024379302238054f,-0.5306658118475119f,-0.6655826030040315f,0.9550895386036067f,0.6076412942997537f,-0.23556335286217617f,0.9800110875931238f,0.1153984790870029f,-0.5690162459015168f,-0.9999088785607171f,0.1149886485935388f,0f,0f,0f,1f],start_interpolation:0}
execute if entity @s[tag=aj.lexiel.bone.rod] run data modify entity @s {} merge value {transformation:[-0.000006460060203609723f,0.0000074932391957879775f,-0.0000014556745929103335f,-0.5942046811267708f,0.000007624495751089909f,0.000006425859281428206f,-7.585492976036156e-7f,1.0374544535060561f,3.669968764851237e-7f,-0.0000015999058878539587f,-0.00000986436082281363f,0.17801091032425415f,0f,0f,0f,1f],start_interpolation:0}
execute if entity @s[tag=aj.lexiel.bone.right_hand] run data modify entity @s {} merge value {transformation:[-0.6460060203609722f,0.4269202872546646f,-0.6327837624242374f,-0.4659077120229739f,0.7624495751089908f,0.400739332064859f,-0.5080144025048209f,1.1847994430364777f,0.03669968764851237f,-0.8106460732444247f,-0.584385212732061f,-0.19903617409012953f,0f,0f,0f,1f],start_interpolation:0}
execute if entity @s[tag=aj.lexiel.bone.right_arm] run data modify entity @s {} merge value {transformation:[-0.7440641423748783f,0.6555906603630282f,-0.12872232936326677f,-0.23778362621031265f,0.6598599074781656f,0.7512907690204718f,0.012127773395592054f,1.3989571862466825f,0.10465875278658454f,-0.07591486303351114f,-0.9916065142160775f,-0.22603015481268252f,0f,0f,0f,1f],start_interpolation:0}
execute if entity @s[tag=aj.lexiel.bone.left_hand] run data modify entity @s {} merge value {transformation:[-0.8777108839853491f,-0.08559478156501953f,0.47148397374936657f,0.36642667711834115f,-0.2893470170277549f,0.878965184536928f,-0.3790758606256855f,1.1270520544944675f,-0.38197108250598877f,-0.4691414901080489f,-0.7962439038312333f,0.2220846267099286f,0f,0f,0f,1f],start_interpolation:0}
execute if entity @s[tag=aj.lexiel.bone.left_arm] run data modify entity @s {} merge value {transformation:[-0.8777108839853491f,-0.08559478156501953f,0.47148397374936657f,0.33967830787927256f,-0.2893470170277549f,0.878965184536928f,-0.3790758606256855f,1.4017286746622575f,-0.38197108250598877f,-0.4691414901080489f,-0.7962439038312333f,0.0754779110511633f,0f,0f,0f,1f],start_interpolation:0}
execute if entity @s[tag=aj.lexiel.bone.skirt_right] run data modify entity @s {} merge value {transformation:[-0.9836335937689629f,0.18018033524542815f,1.1882695554102554e-16f,-0.21875f,0.1748282092476152f,0.9544154722555243f,-0.24192189559966767f,0.7052914864601062f,-0.0435895682523577f,-0.23796250358010093f,-0.9702957262759965f,0.07660111178714439f,0f,0f,0f,1f],start_interpolation:0}
execute if entity @s[tag=aj.lexiel.bone.rightupper] run data modify entity @s {} merge value {transformation:[-0.9819642056355941f,0.18196962964458346f,-0.05131620345923858f,-0.13478484162959256f,0.18816010401630254f,0.9140186394580458f,-0.35939630212320933f,0.6678642421371485f,-0.01849524552502772f,-0.36256996650339923f,-0.9317730116732792f,-0.005339901300958148f,0f,0f,0f,1f],start_interpolation:0}
execute if entity @s[tag=aj.lexiel.bone.rightfoot] run data modify entity @s {} merge value {transformation:[-0.972925060139462f,0.22974202672196842f,0.025207707359190763f,-0.15907914565961465f,0.22905207634372854f,0.9730246004706815f,-0.02753676091150542f,0.4048816821688162f,-0.030854070643125973f,-0.02101732705538467f,-0.999302906174197f,0.18715368812573238f,0f,0f,0f,1f],start_interpolation:0}
execute if entity @s[tag=aj.lexiel.bone.sucidesword] run data modify entity @s {} merge value {transformation:[-0.000009828746356280246f,-0.0000040418433121207534f,-0.000004555288569802415f,0.046874999999999896f,-0.000002511945663077297f,0.000010569479961118951f,-0.0000039582355396378505f,0.20780817477876107f,0.000005547727489671331f,-0.000002375079417992106f,-0.000009862713810537915f,0.8621152433628319f,0f,0f,0f,1f],start_interpolation:0}