execute if entity @s[tag=aj.lexiel.bone.backhair] run data modify entity @s {} merge value {transformation:[-0.988966471734282f,0.14730068514905634f,0.015742488369509703f,0.00015046812081723082f,0.12220242390780046f,0.8712619561723458f,-0.4753621475441599f,1.343739915759416f,-0.08373700123902099f,-0.4681934556156846f,-0.8796493635205678f,-0.11808927721135563f,0f,0f,0f,1f],start_interpolation:0}
execute if entity @s[tag=aj.lexiel.bone.head] run data modify entity @s {} merge value {transformation:[-0.988966471734282f,0.1478496035983065f,0.009263503725330005f,-1.2488162773998306e-17f,0.12220242390780046f,0.8495629448082742f,-0.5131367950164474f,1.4933162979482892f,-0.08373700123902099f,-0.5063430630753392f,-0.8582568479767458f,0.10197358767191529f,0f,0f,0f,1f],start_interpolation:0}
execute if entity @s[tag=aj.lexiel.bone.left_wing] run data modify entity @s {} merge value {transformation:[-0.781885532565625f,-0.020422616016108057f,-0.62308741820039f,0.125f,-0.10461686898745635f,0.9895883895719451f,0.09884396768475849f,1.1688229008785485f,0.6145814223419306f,0.14247012311169943f,-0.7758813951453578f,-0.06682539857545372f,0f,0f,0f,1f],start_interpolation:0}
execute if entity @s[tag=aj.lexiel.bone.right_wing] run data modify entity @s {} merge value {transformation:[-0.9509612890970036f,0.026067259656457287f,0.30820954659609084f,-0.12499999999999994f,0.0668830854187013f,0.9901979216568589f,0.12261618503000267f,1.1688229008785485f,-0.3019921845409907f,0.1372172508121336f,-0.9433833507942146f,-0.06682539857545378f,0f,0f,0f,1f],start_interpolation:0}
execute if entity @s[tag=aj.lexiel.bone.sword] run data modify entity @s {} merge value {transformation:[6.185535395304937e-7f,0.0000020847361986617855f,0.00001135617333218913f,-1.0192627530880647f,0.000011200775594895831f,-0.000002868284129667521f,-8.353726284325056e-8f,1.4832427959774075f,0.0000028020392291187162f,0.000011005372659909642f,-0.0000021729599685666445f,-0.08541529638973086f,0f,0f,0f,1f],start_interpolation:0}
execute if entity @s[tag=aj.lexiel.bone.rod] run data modify entity @s {} merge value {transformation:[6.230824902404941e-7f,0.000005209466830543197f,0.000008513120670578208f,-1.0429019246229028f,0.000009898505847880192f,-0.0000014141209449760254f,1.4086849350277901e-7f,1.4708018609286817f,0.0000012772431991744303f,0.00000841794020497f,-0.0000052447051886366636f,0.022532682733724788f,0f,0f,0f,1f],start_interpolation:0}
execute if entity @s[tag=aj.lexiel.bone.right_hand] run data modify entity @s {} merge value {transformation:[0.0623082490240494f,0.9703334677468705f,0.2336036032981733f,-0.6198799238959547f,0.9898505847880192f,-0.09003254425991279f,0.10995435766218242f,1.4555726212396547f,0.127724319917443f,0.22438159983479067f,-0.9660949206766417f,0.05652708294599909f,0f,0f,0f,1f],start_interpolation:0}
execute if entity @s[tag=aj.lexiel.bone.right_arm] run data modify entity @s {} merge value {transformation:[0.0623082490240494f,0.9898465813694598f,0.12775534217695383f,-0.3125f,0.9898505847880192f,-0.07766863446570982f,0.11901009627358615f,1.4003683421944948f,0.127724319917443f,0.11904338944866054f,-0.9846396140366288f,0.08973675715128542f,0f,0f,0f,1f],start_interpolation:0}
execute if entity @s[tag=aj.lexiel.bone.left_hand] run data modify entity @s {} merge value {transformation:[0.027689907809467913f,-0.9952175566916204f,-0.09367648508705469f,0.5891304864661313f,-0.9913733714727556f,-0.03935079653444005f,0.1250214107537093f,1.4126654661115072f,-0.1281097472491682f,0.08940654151049081f,-0.9877218044545171f,0.061797212929257106f,0f,0f,0f,1f],start_interpolation:0}
execute if entity @s[tag=aj.lexiel.bone.left_arm] run data modify entity @s {} merge value {transformation:[0.027689907809467913f,-0.9952175566916204f,-0.09367648508705469f,0.278125f,-0.9913733714727556f,-0.03935079653444005f,0.1250214107537093f,1.4003683421944948f,-0.1281097472491682f,0.08940654151049081f,-0.9877218044545171f,0.08973675715128548f,0f,0f,0f,1f],start_interpolation:0}
execute if entity @s[tag=aj.lexiel.bone.skirt_right] run data modify entity @s {} merge value {transformation:[-0.984807753012208f,0.1729839613823898f,-0.015173618932267003f,-0.21875000000000003f,0.1639748853804786f,0.9551482242464929f,0.24658488737801887f,0.6502139531966757f,0.057148285814227956f,0.2403506164402896f,-0.9690024017541278f,0.10806807895579448f,0f,0f,0f,1f],start_interpolation:0}
execute if entity @s[tag=aj.lexiel.bone.skirt_left] run data modify entity @s {} merge value {transformation:[-1f,-4.53094996094778e-17f,1.137745449200185e-16f,0.21874999999999997f,0f,0.9290396626948502f,0.369980141547947f,0.6502139531966757f,-1.2246467991473532e-16f,0.369980141547947f,-0.9290396626948502f,0.10806807895579454f,0f,0f,0f,1f],start_interpolation:0}
execute if entity @s[tag=aj.lexiel.bone.skirt_back_middle] run data modify entity @s {} merge value {transformation:[-1f,-5.977242867921466e-17f,1.0688711146067504e-16f,1.677099187320835e-17f,0f,0.872799500517978f,0.48807891974102696f,0.80179277236527f,-1.2246467991473532e-16f,0.48807891974102696f,-0.872799500517978f,-0.13694554123592995f,0f,0f,0f,1f],start_interpolation:0}
execute if entity @s[tag=aj.lexiel.bone.skirt_front_middle] run data modify entity @s {} merge value {transformation:[-1f,-3.5220978315870786e-17f,1.1729058151911235e-16f,-2.6594994143701038e-17f,0f,0.9577502803320485f,0.2876011135650949f,0.6783788242993077f,-1.2246467991473532e-16f,0.2876011135650949f,-0.9577502803320485f,0.2171646074788054f,0f,0f,0f,1f],start_interpolation:0}
execute if entity @s[tag=aj.lexiel.bone.skirt] run data modify entity @s {} merge value {transformation:[-1f,-4.030359905843156e-17f,1.1564262937842502e-16f,-1.3990215180667314e-17f,0f,0.9442937299059608f,0.3291038615092327f,0.6679194606324126f,-1.2246467991473532e-16f,0.3291038615092327f,-0.9442937299059608f,0.11423877635909264f,0f,0f,0f,1f],start_interpolation:0}
execute if entity @s[tag=aj.lexiel.bone.rightupper] run data modify entity @s {} merge value {transformation:[-0.9820957517888058f,0.17535403965046747f,-0.06883963318207426f,-0.13547919057849275f,0.16549976060356322f,0.9776890020742861f,0.12936013475236466f,0.6612211812503729f,0.08998757446749804f,0.11565109597945436f,-0.9892052670908135f,0.017442000706139875f,0f,0f,0f,1f],start_interpolation:0}
execute if entity @s[tag=aj.lexiel.bone.rightfoot] run data modify entity @s {} merge value {transformation:[-0.9732804041347144f,0.22952831838672755f,0.006481202506327263f,-0.15622355961729842f,0.2074017609530277f,0.866642689412519f,0.45377853457542394f,0.3380109244482436f,0.09853813719037993f,0.4429979683321325f,-0.8910909244138068f,0.0611297916465776f,0f,0f,0f,1f],start_interpolation:0}
execute if entity @s[tag=aj.lexiel.bone.leftupper] run data modify entity @s {} merge value {transformation:[-0.9986842294814436f,-0.051279252121209984f,-0.0004980832709045671f,0.13524672905272878f,-0.04922048603682976f,0.9557725081392072f,0.2899590599370669f,0.6626143453487553f,-0.014392829442247252f,0.28960205625509405f,-0.9570389205635619f,0.0191877787124198f,0f,0f,0f,1f],start_interpolation:0}
execute if entity @s[tag=aj.lexiel.bone.leftfoot] run data modify entity @s {} merge value {transformation:[-0.9955032586224348f,-0.09472211627590718f,-0.0009913426890914413f,0.15626233642091703f,-0.08969459994060064f,0.9391964713702806f,0.3314586956275386f,0.34797083976485726f,-0.030465403552378832f,0.3300571296818586f,-0.9434692100607012f,0.04922489076713161f,0f,0f,0f,1f],start_interpolation:0}
execute if entity @s[tag=aj.lexiel.bone.lower] run data modify entity @s {} merge value {transformation:[-1f,-4.030359905843156e-17f,1.1564262937842502e-16f,0f,0f,0.9442937299059608f,0.3291038615092327f,0.625f,-1.2246467991473532e-16f,0.3291038615092327f,-0.9442937299059608f,0f,0f,0f,0f,1f],start_interpolation:0}