execute if entity @s[tag=aj.lexiel.bone.backhair] run data modify entity @s {} merge value {transformation:[-0.9957368961016302f,-0.007949432541557576f,0.09189581200554522f,-0.08414682443503987f,0.02649034744403886f,0.9296633738679189f,0.36745649100378147f,1.5202180441621453f,-0.0883532412205992f,0.3683243377931809f,-0.9254895390846023f,0.03556701776621296f,0f,0f,0f,1f],start_interpolation:0}
execute if entity @s[tag=aj.lexiel.bone.head] run data modify entity @s {} merge value {transformation:[-0.9957368961016302f,-0.007949432541557576f,0.09189581200554522f,-0.10868085938247467f,0.02649034744403886f,0.9296633738679189f,0.36745649100378147f,1.437138403955952f,-0.0883532412205992f,0.3683243377931809f,-0.9254895390846023f,0.28715524436357887f,0f,0f,0f,1f],start_interpolation:0}
execute if entity @s[tag=aj.lexiel.bone.ring] run data modify entity @s {} merge value {transformation:[-0.9527275063964392f,0.026734045511729893f,0.3026476323485774f,-0.030430640627092886f,0.15026344685742624f,0.9072270000049435f,0.39288683739794045f,0.9198987531076666f,-0.2640666489622428f,0.4197909733100594f,-0.868357267277268f,0.08040346842180207f,0f,0f,0f,1f],start_interpolation:0}
execute if entity @s[tag=aj.lexiel.bone.bust] run data modify entity @s {} merge value {transformation:[-0.942895753091978f,0.03084972320744396f,0.3316562880138648f,-0.11521833764398215f,-0.009557707821563385f,0.9927859564397853f,-0.11951859653266678f,1.3083252859641419f,-0.3329508207262887f,-0.11586345098418588f,-0.9357988094156382f,0.3093666887382315f,0f,0f,0f,1f],start_interpolation:0}
execute if entity @s[tag=aj.lexiel.bone.left_wing] run data modify entity @s {} merge value {transformation:[-0.9197077239868999f,-0.20711314201789785f,-0.33352938227734963f,0.09483164192588367f,-0.31340740811603945f,0.8989717071219697f,0.30598311445600707f,1.1713530743677711f,0.2364603539217992f,0.38594561300484514f,-0.8917020157123634f,0.09388113102473172f,0f,0f,0f,1f],start_interpolation:0}
execute if entity @s[tag=aj.lexiel.bone.right_wing] run data modify entity @s {} merge value {transformation:[-0.8188452259027712f,-0.04943742823976835f,0.5718814883393912f,-0.14089229634711076f,0.20927623668780312f,0.9019989000032345f,0.3776260599465371f,1.1689636474123803f,-0.5345053346544169f,0.4288985020747832f,-0.7282514141036576f,0.010643425843159582f,0f,0f,0f,1f],start_interpolation:0}
execute if entity @s[tag=aj.lexiel.bone.body] run data modify entity @s {} merge value {transformation:[-0.942895753091978f,-0.13911150000956757f,0.3026476323485774f,0.38967981037648414f,-0.009557707821563385f,0.9195371570636186f,0.39288683739794045f,0.0673168566800022f,-0.3329508207262887f,0.36755871278538094f,-0.868357267277268f,0.41687468760908786f,0f,0f,0f,1f],start_interpolation:0}
execute if entity @s[tag=aj.lexiel.bone.sword] run data modify entity @s {} merge value {transformation:[-0.4359873965804634f,0.17646432165297388f,-1.056261991982361f,-0.4600250997769848f,0.494084407780298f,1.044955671125695f,-0.029365045047484765f,0.6968953428812374f,0.9501103359670299f,-0.46243059053852f,-0.469427695095649f,0.3026521559682181f,0f,0f,0f,1f],start_interpolation:0}
execute if entity @s[tag=aj.lexiel.bone.rod] run data modify entity @s {} merge value {transformation:[-0.000004949889060032069f,0.000004240698915928565f,-0.000007583869131110924f,-0.3676349523579065f,0.000003627246877941672f,0.000008939730652384573f,0.000002631405698344164f,0.7484548438554348f,0.000007895674662740181f,-0.0000014483399349800497f,-0.0000059632736858964254f,0.33688633513255434f,0f,0f,0f,1f],start_interpolation:0}
execute if entity @s[tag=aj.lexiel.bone.right_hand] run data modify entity @s {} merge value {transformation:[-0.4949889060032069f,-0.23639783298163358f,-0.8361232250663393f,-0.5282963610474269f,0.36272468779416717f,0.818202897963445f,-0.4460659352930289f,1.0686516044232104f,0.7895674662740181f,-0.5240802250856337f,-0.31925402718809837f,0.10885783519519003f,0f,0f,0f,1f],start_interpolation:0}
execute if entity @s[tag=aj.lexiel.bone.right_arm] run data modify entity @s {} merge value {transformation:[-0.5547200441466433f,0.3861352978240752f,-0.7370109934025809f,-0.3902940790978208f,0.04382655316430928f,0.8981215588805549f,0.43755788041320653f,1.347945011786999f,0.8308820047754568f,0.21042147525448698f,-0.5151290099499768f,0.14864948356298419f,0f,0f,0f,1f],start_interpolation:0}
execute if entity @s[tag=aj.lexiel.bone.left_hand] run data modify entity @s {} merge value {transformation:[-0.9171064510071789f,0.14819272687934665f,0.37007387535609737f,0.17159367551443644f,0.21261480878079742f,0.9671088557412709f,0.13962594398575975f,1.0518885222495495f,-0.3372101727530204f,0.20673504020091257f,-0.918449738714648f,0.2988087343693195f,0f,0f,0f,1f],start_interpolation:0}
execute if entity @s[tag=aj.lexiel.bone.left_arm] run data modify entity @s {} merge value {transformation:[-0.9171064510071789f,0.14819272687934665f,0.37007387535609737f,0.21790390266423226f,0.21261480878079742f,0.9671088557412709f,0.13962594398575975f,1.3541100396686967f,-0.3372101727530204f,0.20673504020091257f,-0.918449738714648f,0.36341343443210467f,0f,0f,0f,1f],start_interpolation:0}
execute if entity @s[tag=aj.lexiel.bone.skirt_right] run data modify entity @s {} merge value {transformation:[-0.9825351572692174f,0.18607703977104328f,1.1882695554102554e-16f,-0.21875f,0.1805497564479319f,0.9533496640142357f,-0.24192189559966767f,0.7052914864601062f,-0.04501611018898565f,-0.23769676773988663f,-0.9702957262759965f,0.07660111178714439f,0f,0f,0f,1f],start_interpolation:0}
execute if entity @s[tag=aj.lexiel.bone.rightupper] run data modify entity @s {} merge value {transformation:[-0.9805553375712169f,0.1893146682121578f,-0.05168352116794511f,-0.13467776164192435f,0.19512929984705046f,0.9125550510055283f,-0.35939926992899923f,0.6679183883892927f,-0.02087549524674077f,-0.3624958417472101f,-0.9317515647500598f,-0.005363915578857147f,0f,0f,0f,1f],start_interpolation:0}
execute if entity @s[tag=aj.lexiel.bone.rightfoot] run data modify entity @s {} merge value {transformation:[-0.9711966739022236f,0.23670370741326321f,0.027356452585708617f,-0.1612933164101791f,0.23595097050418068f,0.971358034949867f,-0.028119520914622997f,0.40519339359492274f,-0.03322890487802917f,-0.020854803646856213f,-0.999230162197608f,0.18717411008357576f,0f,0f,0f,1f],start_interpolation:0}
execute if entity @s[tag=aj.lexiel.bone.sucidesword] run data modify entity @s {} merge value {transformation:[-0.0000037845523317410095f,-0.000010077824629488633f,-0.000004219718075367833f,0.046874999999999806f,-0.0000025003197252467524f,0.000005146084319110803f,-0.000010047767100313579f,0.5064805147647852f,0.000010635646250691855f,-0.000002376272957358694f,-0.000003863646193981803f,1.572292538213763f,0f,0f,0f,1f],start_interpolation:0}