execute if entity @s[tag=aj.lexiel.bone.backhair] run data modify entity @s {} merge value {transformation:[-0.9960768665273119f,-0.024251966584000025f,0.0851041602152337f,-0.09987734784282667f,0.011696609007382258f,0.91719348202947f,0.3982703928995784f,1.5090524993009318f,-0.08771582130300123f,0.39770335507695265f,-0.913311543808396f,0.07810466683673489f,0f,0f,0f,1f],start_interpolation:0}
execute if entity @s[tag=aj.lexiel.bone.head] run data modify entity @s {} merge value {transformation:[-0.9960768665273119f,-0.024251966584000025f,0.0851041602152337f,-0.12286207737787314f,0.011696609007382258f,0.91719348202947f,0.3982703928995784f,1.4175930743436918f,-0.08771582130300123f,0.39770335507695265f,-0.913311543808396f,0.32691716058391745f,0f,0f,0f,1f],start_interpolation:0}
execute if entity @s[tag=aj.lexiel.bone.ring] run data modify entity @s {} merge value {transformation:[-0.9555495416308013f,0.00879966420296266f,0.29469923549117116f,-0.03440138166580453f,0.14596405878271126f,0.8825811329053015f,0.44692844772208423f,0.9144260608162338f,-0.25616316486341845f,0.4700777698950565f,-0.8446344317026435f,0.09153680496349692f,0f,0f,0f,1f],start_interpolation:0}
execute if entity @s[tag=aj.lexiel.bone.bust] run data modify entity @s {} merge value {transformation:[-0.9425606426382002f,0.011155467126747115f,0.3338487539330457f,-0.12684289409589883f,-0.009512068621876701f,0.9981405190808235f,-0.06020817817869223f,1.2876320617555503f,-0.3338996188976501f,-0.059925451372922545f,-0.940701857539229f,0.34185685788079656f,0f,0f,0f,1f],start_interpolation:0}
execute if entity @s[tag=aj.lexiel.bone.left_wing] run data modify entity @s {} merge value {transformation:[-0.9119174447644626f,-0.23013964515507035f,-0.3397680350800408f,0.08585472143456241f,-0.3494372159339056f,0.8695939777607387f,0.34885519340066745f,1.1671571861754626f,0.21517482672146981f,0.4368547328004521f,-0.8734172750611424f,0.11923175832636967f,0f,0f,0f,1f],start_interpolation:0}
execute if entity @s[tag=aj.lexiel.bone.right_wing] run data modify entity @s {} merge value {transformation:[-0.823374024558639f,-0.06009095335218012f,0.564308685922285f,-0.14978543922498772f,0.2303759508982694f,0.8733650813538778f,0.4291390869164131f,1.1647791690199933f,-0.5186348782427076f,0.4833451272092859f,-0.7052626114244335f,0.03575685360195713f,0f,0f,0f,1f],start_interpolation:0}
execute if entity @s[tag=aj.lexiel.bone.body] run data modify entity @s {} merge value {transformation:[-0.9425606426382002f,-0.1572634590436776f,0.29469923549117116f,0.4025624330953533f,-0.009512068621876701f,0.8945191351599254f,0.44692844772208423f,0.05278224286993349f,-0.3338996188976501f,0.4184539655474144f,-0.8446344317026435f,0.38004004252643964f,0f,0f,0f,1f],start_interpolation:0}
execute if entity @s[tag=aj.lexiel.locator_origin.locator_right_hand] at @s on origin run tp @s ^-0.33841 ^0.6369 ^0.33789 ~-68.53957 ~-28.44946
execute if entity @s[tag=aj.lexiel.bone.sword] run data modify entity @s {} merge value {transformation:[-0.45172874282026926f,0.11402645403948077f,-1.0582311530044848f,-0.4477645721180903f,0.4486076737527539f,1.0628927398945038f,-0.07696909139191946f,0.6786411824882459f,0.9651975758673257f,-0.4406484469038069f,-0.45949608081147036f,0.31138320789603285f,0f,0f,0f,1f],start_interpolation:0}
execute if entity @s[tag=aj.lexiel.bone.rod] run data modify entity @s {} merge value {transformation:[-0.000005017612615420537f,0.0000038030315401345884f,-0.00000776920296724923f,-0.3574640318849299f,0.0000031892965529163735f,0.000009162254454871827f,0.0000024251764475470866f,0.7335740796984329f,0.00000804064370178958f,-0.0000012609696304522589f,-0.00000581016389200414f,0.3459445988052191f,0f,0f,0f,1f],start_interpolation:0}
execute if entity @s[tag=aj.lexiel.bone.right_hand] run data modify entity @s {} merge value {transformation:[-0.5017612615420537f,-0.280450671146109f,-0.8182805493652063f,-0.5355628179679556f,0.3189296552916373f,0.8193550967630969f,-0.4763833544362077f,1.0516203595383065f,0.8040643701789579f,-0.5000046464404437f,-0.3216766111278263f,0.12808584460963374f,0f,0f,0f,1f],start_interpolation:0}
execute if entity @s[tag=aj.lexiel.bone.right_arm] run data modify entity @s {} merge value {transformation:[-0.5579614637479199f,0.369464618588375f,-0.7430847196542434f,-0.4026688289169659f,-0.010579035212897714f,0.8921869746860889f,0.4515423415522054f,1.3307593839781122f,0.8297994269618671f,0.25980434525202034f,-0.49389737112271237f,0.18334347040833174f,0f,0f,0f,1f],start_interpolation:0}
execute if entity @s[tag=aj.lexiel.locator_origin.locator_left_hand] at @s on origin run tp @s ^0.09193 ^0.6125 ^0.22929 ~22.00237 ~11.46252
execute if entity @s[tag=aj.lexiel.bone.left_hand] run data modify entity @s {} merge value {transformation:[-0.9216962929000784f,0.1251406598467567f,0.3671726554461422f,0.1581504657908668f,0.20916446441293882f,0.9574747178551999f,0.19872692694990768f,1.037602824051656f,-0.32668971590960993f,0.2599653436926235f,-0.9086758770858147f,0.3146264137076722f,0f,0f,0f,1f],start_interpolation:0}
execute if entity @s[tag=aj.lexiel.bone.left_arm] run data modify entity @s {} merge value {transformation:[-0.9216962929000784f,0.1251406598467567f,0.3671726554461422f,0.19725692199297828f,0.20916446441293882f,0.9574747178551999f,0.19872692694990768f,1.336813673381406f,-0.32668971590960993f,0.2599653436926235f,-0.9086758770858147f,0.39586558361161706f,0f,0f,0f,1f],start_interpolation:0}
execute if entity @s[tag=aj.lexiel.bone.skirt_right] run data modify entity @s {} merge value {transformation:[-0.9829517706555283f,0.18386358139980213f,1.1882695554102554e-16f,-0.21875f,0.17840204725002679f,0.9537539022024826f,-0.24192189559966767f,0.7052914864601062f,-0.04448062614398404f,-0.23779755564003519f,-0.9702957262759965f,0.07660111178714439f,0f,0f,0f,1f],start_interpolation:0}
execute if entity @s[tag=aj.lexiel.bone.rightupper] run data modify entity @s {} merge value {transformation:[-0.9810916825277589f,0.18655513913066293f,-0.05153921360275385f,-0.13471777437840554f,0.19250926406335564f,0.9131197364344694f,-0.3593779767648962f,0.6678988133310293f,-0.019982335314884934f,-0.3625045199687641f,-0.9317677711090782f,-0.005354940507488477f,0f,0f,0f,1f],start_interpolation:0}
execute if entity @s[tag=aj.lexiel.bone.rightfoot] run data modify entity @s {} merge value {transformation:[-0.9718530780328374f,0.2340863458735905f,0.02655517640027026f,-0.1604616353696475f,0.233357919634747f,0.9719912449296767f,-0.02787653356858122f,0.40507086752739724f,-0.032336914847317516f,-0.020895034233210652f,-0.9992585858938368f,0.18716110167398298f,0f,0f,0f,1f],start_interpolation:0}
execute if entity @s[tag=aj.lexiel.bone.sucidesword] run data modify entity @s {} merge value {transformation:[0.0000027893953415527147f,-0.00000994125632420119f,0.000005204046749891264f,0.046874999999999695f,0.000004630984691802056f,-0.000003864532582527441f,-0.000009864622392817617f,0.9047106032603605f,0.000010220795500489138f,0.000004464103142302336f,0.0000030493489013340825f,2.5191951930810195f,0f,0f,0f,1f],start_interpolation:0}