execute if entity @s[tag=aj.lexiel.bone.backhair] run data modify entity @s {} merge value {transformation:[-0.9996402552225071f,-0.011474390682387021f,-0.024242493624808077f,-0.011502369898283231f,-0.010444959728500732f,0.9990557676266835f,-0.04217198107900684f,1.4723586729571132f,0.02470350086426837f,-0.04190359805942758f,-0.9988162120804422f,-0.30025602951987745f,0f,0f,0f,1f],start_interpolation:0}
execute if entity @s[tag=aj.lexiel.bone.head] run data modify entity @s {} merge value {transformation:[-0.9996402552225071f,-0.011474390682387021f,-0.024242493624808077f,-0.005242244883605884f,-0.010444959728500732f,0.9990557676266835f,-0.04217198107900684f,1.4991708518003912f,0.02470350086426837f,-0.04190359805942758f,-0.9988162120804422f,-0.03560021690568853f,0f,0f,0f,1f],start_interpolation:0}
execute if entity @s[tag=aj.lexiel.bone.ring] run data modify entity @s {} merge value {transformation:[-0.9854456636036766f,0.16694707136561673f,-0.03202373256123144f,-0.0014678285674095681f,0.16830316287152802f,0.9846725412246612f,-0.045760593588893145f,0.9372678385041096f,0.023893293036948766f,-0.05048427399311214f,-0.9984390059624267f,-0.009968060733592798f,0f,0f,0f,1f],start_interpolation:0}
execute if entity @s[tag=aj.lexiel.bone.bust] run data modify entity @s {} merge value {transformation:[-0.9994645843986313f,-0.021822960350454685f,-0.024378329196517574f,-0.002206624822062575f,-0.005240332729970529f,0.842225985832407f,-0.5390991816924872f,1.3932009752125383f,0.032296802407521676f,-0.5386827890235333f,-0.8418894044731036f,0.04114661701465733f,0f,0f,0f,1f],start_interpolation:0}
execute if entity @s[tag=aj.lexiel.bone.left_wing] run data modify entity @s {} merge value {transformation:[-0.771486529096768f,0.007223395683623848f,-0.6362046510180664f,0.1179944493448557f,0.04147060742969593f,0.9983800994781012f,-0.0389533783580921f,1.1507206444008538f,0.6348926871067535f,-0.056435799993394556f,-0.7705363562723511f,-0.14877809751342919f,0f,0f,0f,1f],start_interpolation:0}
execute if entity @s[tag=aj.lexiel.bone.right_wing] run data modify entity @s {} merge value {transformation:[-0.9622025055101591f,-0.024326856604472584f,0.2712462763573312f,-0.13187169675480215f,-0.03703687779061175f,0.9984377481340794f,-0.04183697867284374f,1.1494105612183612f,-0.2698047591750292f,-0.05030176089059031f,-0.9616002936656219f,-0.14070389691154872f,0f,0f,0f,1f],start_interpolation:0}
execute if entity @s[tag=aj.lexiel.bone.body] run data modify entity @s {} merge value {transformation:[-0.9994645843986313f,-0.006710073451015531f,-0.03202373256123144f,0.5190991952054391f,-0.005240332729970529f,0.9989386903045008f,-0.045760593588893145f,0.24478111800718144f,0.032296802407521676f,-0.04556827763928131f,-0.9984390059624267f,0.5058552405970932f,0f,0f,0f,1f],start_interpolation:0}
execute if entity @s[tag=aj.lexiel.bone.sword] run data modify entity @s {} merge value {transformation:[-5.358791373608165e-7f,0.000004065339407330597f,0.000010810978461885228f,-1.0457801180616348f,0.000011533136695823683f,-3.975749792873307e-7f,7.211784392851538e-7f,1.3748106926286747f,6.25298133362415e-7f,0.000010816947623477224f,-0.000004036589229208728f,-0.11696531121148883f,0f,0f,0f,1f],start_interpolation:0}
execute if entity @s[tag=aj.lexiel.bone.rod] run data modify entity @s {} merge value {transformation:[-5.758195613014393e-7f,0.000006541054188403966f,0.000007542084720896838f,-1.051255977901865f,0.000009963979411081077f,8.476193588891244e-7f,2.5606991013529994e-8f,1.3814213498952421f,-6.225320299992564e-7f,0.000007516392188197695f,-0.000006566300506740892f,-0.006093007807562646f,0f,0f,0f,1f],start_interpolation:0}
execute if entity @s[tag=aj.lexiel.bone.right_hand] run data modify entity @s {} merge value {transformation:[-0.05758195613014393f,0.9958283023158716f,0.070783547770049f,-0.6298827498883811f,0.9963979411081075f,0.06174642735269437f,-0.05812505195440438f,1.4191532963082696f,-0.062253202999925636f,0.0671816270707034f,-0.995796750195733f,-0.042917795922484694f,0f,0f,0f,1f],start_interpolation:0}
execute if entity @s[tag=aj.lexiel.bone.right_arm] run data modify entity @s {} merge value {transformation:[-0.04667398746979844f,0.9967306549049743f,0.0659510459838944f,-0.31694585812214543f,0.9967517666864157f,0.05080941442211063f,-0.06248455019915376f,1.4038827456062286f,-0.06563120066841262f,0.06282041848621253f,-0.9958645191591272f,-0.02123544012465538f,0f,0f,0f,1f],start_interpolation:0}
execute if entity @s[tag=aj.lexiel.bone.left_hand] run data modify entity @s {} merge value {transformation:[0.06829825422748673f,-0.9967458329812435f,-0.042814634227149456f,0.587942152307474f,-0.9965678121503938f,-0.0661482346601563f,-0.0497695372403844f,1.4276653740956016f,0.04677546638201172f,0.046066858866997844f,-0.9978426229916586f,-0.054806682319557994f,0f,0f,0f,1f],start_interpolation:0}
execute if entity @s[tag=aj.lexiel.bone.left_arm] run data modify entity @s {} merge value {transformation:[0.06829825422748673f,-0.9967458329812435f,-0.042814634227149456f,0.2764590795008354f,-0.9965678121503938f,-0.0661482346601563f,-0.0497695372403844f,1.4069940507643026f,0.04677546638201172f,0.046066858866997844f,-0.9978426229916586f,-0.04041078892362117f,0f,0f,0f,1f],start_interpolation:0}
execute if entity @s[tag=aj.lexiel.bone.skirt_right] run data modify entity @s {} merge value {transformation:[-0.984807753012208f,0.17364817766693033f,1.217676461885078e-16f,-0.21875f,0.17265982219647083f,0.9792025106012714f,-0.10654120813680441f,0.6940252928444111f,-0.01850068663938934f,-0.1049226077884123f,-0.9943082876898643f,0.086890517737802f,0f,0f,0f,1f],start_interpolation:0}
execute if entity @s[tag=aj.lexiel.bone.skirt_left] run data modify entity @s {} merge value {transformation:[-1f,7.723686462363782e-18f,1.2222087585208052e-16f,0.21875f,0f,0.9980091887487514f,-0.06306868615294886f,0.6940252928444111f,-1.2246467991473532e-16f,-0.06306868615294886f,-0.9980091887487514f,0.08689051773780206f,0f,0f,0f,1f],start_interpolation:0}
execute if entity @s[tag=aj.lexiel.bone.skirt_back_middle] run data modify entity @s {} merge value {transformation:[-1f,-8.295416280798686e-18f,1.2218340269998556e-16f,2.442160198264495e-17f,0f,0.9977031972406606f,0.06773721440805851f,0.7262048460365513f,-1.2246467991473532e-16f,0.06773721440805851f,-0.9977031972406606f,-0.19941751368352262f,0f,0f,0f,1f],start_interpolation:0}
execute if entity @s[tag=aj.lexiel.bone.skirt_front_middle] run data modify entity @s {} merge value {transformation:[-1f,1.8346546717687187e-17f,1.210826248895947e-16f,-2.124126533804548e-17f,0f,0.988714664292571f,-0.14981092287556516f,0.766157799087853f,-1.2246467991473532e-16f,-0.14981092287556516f,-0.988714664292571f,0.17344809420017654f,0f,0f,0f,1f],start_interpolation:0}
execute if entity @s[tag=aj.lexiel.bone.skirt] run data modify entity @s {} merge value {transformation:[-1f,1.3047534952202946e-17f,1.217676461885078e-16f,-1.039637816203175e-17f,0f,0.9943082876898643f,-0.10654120813680441f,0.712668573238596f,-1.2246467991473532e-16f,-0.10654120813680441f,-0.9943082876898643f,0.08489287008523694f,0f,0f,0f,1f],start_interpolation:0}
execute if entity @s[tag=aj.lexiel.bone.rightupper] run data modify entity @s {} merge value {transformation:[-0.9834611064978367f,0.17382151174454893f,-0.050895324548434796f,-0.13490223095482354f,0.1808937628073551f,0.9566814710543285f,-0.22811841117876117f,0.6681295066213407f,0.009038726870927195f,-0.23355223183726087f,-0.9723022454054023f,0.0006086816911092252f,0f,0f,0f,1f],start_interpolation:0}
execute if entity @s[tag=aj.lexiel.bone.rightfoot] run data modify entity @s {} merge value {transformation:[-0.974776525872679f,0.22201181946160514f,0.022835862736886092f,-0.15662476100320566f,0.2231701095991719f,0.9684971894841585f,0.11049115866339473f,0.3809633182435613f,0.0024138742891609416f,0.11280046977133332f,-0.9936147277643798f,0.15509989169040575f,0f,0f,0f,1f],start_interpolation:0}
execute if entity @s[tag=aj.lexiel.bone.leftupper] run data modify entity @s {} merge value {transformation:[-0.9990466999447866f,-0.04365392906886328f,0.0001606433389096881f,0.13536078870301074f,-0.04318510291063583f,0.9877659090777647f,-0.14984510586060135f,0.6670409233287529f,0.006382649608859587f,-0.14970919591203372f,-0.9887094712013953f,0.0012517840319522175f,0f,0f,0f,1f],start_interpolation:0}
execute if entity @s[tag=aj.lexiel.bone.leftfoot] run data modify entity @s {} merge value {transformation:[-0.9961946980917455f,-0.08715574274765817f,1.217676461885078e-16f,0.1540644740461292f,-0.08665967733376231f,0.9905246444653248f,-0.10654120813680441f,0.3957566272165586f,0.00928567812839591f,-0.10613578667417371f,-0.9943082876898643f,0.16373077435766326f,0f,0f,0f,1f],start_interpolation:0}
execute if entity @s[tag=aj.lexiel.bone.lower] run data modify entity @s {} merge value {transformation:[-1f,1.3047534952202946e-17f,1.217676461885078e-16f,0f,0f,0.9943082876898643f,-0.10654120813680441f,0.625f,-1.2246467991473532e-16f,-0.10654120813680441f,-0.9943082876898643f,0f,0f,0f,0f,1f],start_interpolation:0}