execute if entity @s[tag=aj.louvert.bone.head] run data modify entity @s {} merge value {transformation:[-0.9992196394329468f,0.03916044680497503f,-0.005154762606255081f,-0.012209739928889393f,0.03888270445611694f,0.9981853010072098f,0.04598086718760537f,1.778676510988015f,0.006946039567292395f,0.04574455442105278f,-0.9989290206391788f,-0.0013600850705693546f,0f,0f,0f,1f],start_interpolation:0}
execute if entity @s[tag=aj.louvert.bone.coat_0] run data modify entity @s {} merge value {transformation:[-0.7235067618634979f,-0.15657968809821052f,-0.6723248967670785f,-0.0584635058561079f,0.08286863781330137f,0.9471928644646209f,-0.3097716358453019f,0.96258249196846f,0.6853252909420194f,-0.2798365215306493f,-0.6723248967670785f,0.3059395395954859f,0f,0f,0f,1f],start_interpolation:0}
execute if entity @s[tag=aj.louvert.bone.coat_1] run data modify entity @s {} merge value {transformation:[-0.6086241222634254f,-0.4213738375673224f,-0.6723248967670785f,0.2950898847371659f,-0.28567449431840786f,0.9068801557657152f,-0.3097716358453019f,0.96258249196846f,0.7402477700709386f,0.003531584933158638f,-0.6723248967670785f,-0.04761385099778783f,0f,0f,0f,1f],start_interpolation:0}
execute if entity @s[tag=aj.louvert.bone.coat_2] run data modify entity @s {} merge value {transformation:[-0.7071067811865476f,-0.03719390037593942f,-0.7061279018526492f,0.03427257734464418f,6.938893903907228e-18f,0.9986156555700745f,-0.0526001183492073f,0.9238610374877972f,0.7071067811865476f,-0.037193900375939476f,-0.7061279018526492f,0.04512223220296425f,0f,0f,0f,1f],start_interpolation:0}
execute if entity @s[tag=aj.louvert.bone.right_leg_1] run data modify entity @s {} merge value {transformation:[-0.7071067811865476f,0.26471342490659455f,-0.6556880376171437f,0.23201761932947274f,6.938893903907228e-18f,0.9272829154839648f,0.37436131564513797f,0.7896973157399896f,0.7071067811865476f,0.26471342490659455f,-0.6556880376171437f,0.4196439694844297f,0f,0f,0f,1f],start_interpolation:0}
execute if entity @s[tag=aj.louvert.bone.right_leg_0] run data modify entity @s {} merge value {transformation:[-0.7071067811865476f,-0.5258580595355974f,-0.47272962803430885f,0.029924841792210548f,6.938893903907228e-18f,0.6685406513017083f,-0.7436755996784404f,0.96258249196846f,0.7071067811865476f,-0.5258580595355974f,-0.47272962803430885f,0.21755119194716752f,0f,0f,0f,1f],start_interpolation:0}
execute if entity @s[tag=aj.louvert.bone.left_leg_1] run data modify entity @s {} merge value {transformation:[-0.6430332735171778f,-0.21193074816574525f,-0.7359304091635906f,0.35568368837318093f,-0.20554760306116554f,0.9734494068645182f,-0.10072951479545292f,0.5854494955843208f,0.7377387017268324f,0.08649630198468178f,-0.6695222159998745f,0.06555521772585066f,0f,0f,0f,1f],start_interpolation:0}
execute if entity @s[tag=aj.louvert.bone.left_leg_0] run data modify entity @s {} merge value {transformation:[-0.6430332735171778f,-0.3667252954691286f,-0.6723248967670785f,0.20670153708884745f,-0.20554760306116554f,0.9283273757148043f,-0.3097716358453019f,0.96258249196846f,0.7377387017268324f,-0.060998698031557025f,-0.6723248967670785f,0.040774496650530616f,0f,0f,0f,1f],start_interpolation:0}
execute if entity @s[tag=aj.louvert.bone.body_1] run data modify entity @s {} merge value {transformation:[-0.7071067811865476f,-0.2190416243254627f,-0.6723248967670785f,0.0498626818388219f,6.938893903907228e-18f,0.9508109873290936f,-0.3097716358453019f,1.2597109255088017f,0.7071067811865476f,-0.21904162432546276f,-0.6723248967670785f,0.060712336697141954f,0f,0f,0f,1f],start_interpolation:0}
execute if entity @s[tag=aj.louvert.locator_origin.locator] at @s on origin run tp @s ^-0.31751 ^0.94457 ^1.34532 ~-2.92198 ~9.88688
execute if entity @s[tag=aj.louvert.bone.sword_0] run data modify entity @s {} merge value {transformation:[-0.9706340173284829f,-0.23526081002626056f,-0.05021907675931592f,-0.3677073781994047f,-0.24044150538576067f,0.955356368966333f,0.1717034966542413f,1.1201393053221487f,0.007582011118403509f,0.1787360051619468f,-0.9838678537111318f,0.4865304726042555f,0f,0f,0f,1f],start_interpolation:0}
execute if entity @s[tag=aj.louvert.bone.right_arm_1] run data modify entity @s {} merge value {transformation:[-0.17538008605425393f,-0.6695772513969862f,-0.721739655157772f,-0.29308526268401197f,-0.8903951749692764f,0.4206618814265228f,-0.17389656093819023f,1.450108405555436f,0.42004554253918014f,0.6121355127145911f,-0.6699640708773946f,0.3243816927101455f,0f,0f,0f,1f],start_interpolation:0}
execute if entity @s[tag=aj.louvert.bone.right_arm_0] run data modify entity @s {} merge value {transformation:[-0.23724413566487068f,-0.6695772513969862f,-0.703833449407092f,-0.21894647028873987f,-0.90211231591375f,0.4206618814265228f,-0.0961090578011709f,1.732018504278483f,0.3604283417953688f,0.6121355127145911f,-0.703833449407092f,0.21174783589909277f,0f,0f,0f,1f],start_interpolation:0}
execute if entity @s[tag=aj.louvert.locator_origin.locator2] at @s on origin run tp @s ^0.96004 ^1.49387 ^0.46754 ~-31.73671 ~-20.62865
execute if entity @s[tag=aj.louvert.bone.sword_1] run data modify entity @s {} merge value {transformation:[-0.8701769414957847f,-0.021031009920581156f,-0.49229034838270175f,0.5274518428468615f,0.1771038930233187f,0.9189733891589478f,-0.3523096948619242f,1.20860932055207f,0.45981115859124866f,-0.3937583099306447f,-0.7959447793632017f,-0.24123442040681845f,0f,0f,0f,1f],start_interpolation:0}
execute if entity @s[tag=aj.louvert.bone.left_arm_1] run data modify entity @s {} merge value {transformation:[-0.6242403050373989f,0.6121355127145911f,-0.48540102558653486f,0.28824935563484005f,0.7768500546636126f,0.4206618814265228f,-0.46855904012604477f,1.496766412264968f,-0.08263191959501753f,-0.6695772513969862f,-0.7381316076931672f,-0.26332411621851814f,0f,0f,0f,1f],start_interpolation:0}
execute if entity @s[tag=aj.louvert.bone.left_arm_0] run data modify entity @s {} merge value {transformation:[-0.36042834179536876f,0.6121355127145911f,-0.703833449407092f,0.17561549882378732f,0.90211231591375f,0.4206618814265228f,-0.0961090578011709f,1.778676510988015f,0.23724413566487065f,-0.6695772513969862f,-0.703833449407092f,-0.1891853238232461f,0f,0f,0f,1f],start_interpolation:0}
execute if entity @s[tag=aj.louvert.bone.wing_0] run data modify entity @s {} merge value {transformation:[-0.8893645981204132f,-0.0679593665046578f,-0.45211960377139315f,-0.3407654323964593f,-0.029571677605556887f,0.9953708098033472f,-0.09144652467437904f,1.388463266217529f,0.45624130401982343f,-0.06795936650465782f,-0.8872572327180978f,-0.3299157775381393f,0f,0f,0f,1f],start_interpolation:0}
execute if entity @s[tag=aj.louvert.bone.wing_1] run data modify entity @s {} merge value {transformation:[-0.45624130401982343f,-0.0679593665046578f,-0.8872572327180978f,-0.16480707004468625f,0.0295716776055569f,0.9953708098033472f,-0.09144652467437904f,1.4124905306678217f,0.8893645981204132f,-0.06795936650465782f,-0.45211960377139315f,-0.15395741518636624f,0f,0f,0f,1f],start_interpolation:0}
execute if entity @s[tag=aj.louvert.bone.body_0] run data modify entity @s {} merge value {transformation:[-0.7071067811865476f,-0.0679593665046578f,-0.703833449407092f,-0.006078750000000001f,6.938893903907228e-18f,0.9953708098033472f,-0.0961090578011709f,1.63322609375f,0.7071067811865476f,-0.06795936650465782f,-0.703833449407092f,0.00955625f,0f,0f,0f,1f],start_interpolation:0}