execute if entity @s[tag=aj.louvert.bone.head] run data modify entity @s {} merge value {transformation:[-0.9999461929878323f,0.004265496956693482f,-0.00945603853912036f,-0.014764511246354814f,0.0038298234369263245f,0.9989514162776957f,0.045622366984053794f,1.6002263317376997f,0.00964072515855835f,0.04558369722278073f,-0.9989140017869003f,-0.0039148563880347775f,0f,0f,0f,1f],start_interpolation:0}
execute if entity @s[tag=aj.louvert.bone.coat_0] run data modify entity @s {} merge value {transformation:[-0.7278212107616852f,-0.2058940646620814f,-0.6541283660737557f,-0.03644305954446671f,0.08062579106058622f,0.9215570087740083f,-0.37977909552180106f,0.7945173802320387f,0.6810108420438321f,-0.32915089809452025f,-0.6541283660737559f,0.32795998590712716f,0f,0f,0f,1f],start_interpolation:0}
execute if entity @s[tag=aj.louvert.bone.coat_1] run data modify entity @s {} merge value {transformation:[-0.6052190414107596f,-0.4536804961771224f,-0.6541283660737557f,0.3171103310488071f,-0.2559169065323883f,0.8889737766410973f,-0.37977909552180106f,0.7945173802320387f,0.7538013324906863f,-0.062447032218868576f,-0.6541283660737559f,-0.025593404686146584f,0f,0f,0f,1f],start_interpolation:0}
execute if entity @s[tag=aj.louvert.bone.coat_2] run data modify entity @s {} merge value {transformation:[-0.7071067811865476f,-0.0547407305146379f,-0.7049847178646668f,0.058567589992950725f,0f,0.9969989492699818f,-0.07741508350801174f,0.7470449932918135f,0.7071067811865475f,-0.05474073051463793f,-0.704984717864667f,0.06941724485127079f,0f,0f,0f,1f],start_interpolation:0}
execute if entity @s[tag=aj.louvert.bone.right_leg_1] run data modify entity @s {} merge value {transformation:[-0.7071067811865476f,0.24832746568423178f,-0.6620675719190955f,0.2625877485784906f,0f,0.9363049394154095f,0.3511880698803799f,0.6434155161952889f,0.7071067811865475f,0.2483274656842319f,-0.6620675719190957f,0.45021409873344764f,0f,0f,0f,1f],start_interpolation:0}
execute if entity @s[tag=aj.louvert.bone.right_leg_0] run data modify entity @s {} merge value {transformation:[-0.7071067811865476f,-0.5596304327879089f,-0.4322195954576999f,0.05194528810385174f,0f,0.6112508138196918f,-0.7914369479653858f,0.7945173802320387f,0.7071067811865475f,-0.5596304327879091f,-0.43221959545770006f,0.23957163825880873f,0f,0f,0f,1f],start_interpolation:0}
execute if entity @s[tag=aj.louvert.bone.left_leg_1] run data modify entity @s {} merge value {transformation:[-0.6424568608520104f,-0.1928447125105613f,-0.7416603662060548f,0.3908993355230298f,-0.17746389565326035f,0.9789496371030002f,-0.10081752702518032f,0.42568479634645706f,0.7454902733662923f,0.06684702590709012f,-0.6631558847236657f,0.1147573719162412f,0f,0f,0f,1f],start_interpolation:0}
execute if entity @s[tag=aj.louvert.bone.left_leg_0] run data modify entity @s {} merge value {transformation:[-0.6424568608520104f,-0.3992057898401013f,-0.6541283660737557f,0.22872198340048863f,-0.17746389565326035f,0.9078955911029701f,-0.37977909552180106f,0.7945173802320387f,0.7454902733662923f,-0.1279075174254015f,-0.6541283660737559f,0.06279494296217185f,0f,0f,0f,1f],start_interpolation:0}
execute if entity @s[tag=aj.louvert.bone.body_1] run data modify entity @s {} merge value {transformation:[-0.7071067811865476f,-0.26854437379635904f,-0.6541283660737557f,0.05641351894080798f,0f,0.9250772068344582f,-0.37977909552180106f,1.0836040073678068f,0.7071067811865475f,-0.26854437379635915f,-0.6541283660737559f,0.06726317379912805f,0f,0f,0f,1f],start_interpolation:0}
execute if entity @s[tag=aj.louvert.locator_origin.locator] at @s on origin run tp @s ^-0.37687 ^0.89857 ^1.3598 ~0.70639 ~1.11843
execute if entity @s[tag=aj.louvert.bone.sword_0] run data modify entity @s {} merge value {transformation:[-0.9735112355642642f,-0.22830668233965654f,0.012326111682062602f,-0.37200140720729147f,-0.22804626449906407f,0.9734546240305434f,0.019519123996119575f,0.9410494388427647f,-0.01645525685495136f,0.01619116279370183f,-0.9997334998734542f,0.48284834443037616f,0f,0f,0f,1f],start_interpolation:0}
execute if entity @s[tag=aj.louvert.bone.right_arm_1] run data modify entity @s {} merge value {transformation:[-0.19528407261588146f,-0.6769647303775281f,-0.7096357409315259f,-0.28986986541779597f,-0.8945818882785507f,0.41952183437776164f,-0.15402816510073933f,1.2725486875412215f,0.4019793230335832f,0.6047480337340491f,-0.6875263191676838f,0.32759708997636144f,0f,0f,0f,1f],start_interpolation:0}
execute if entity @s[tag=aj.louvert.bone.right_arm_0] run data modify entity @s {} merge value {transformation:[-0.22140163586597977f,-0.6769647303775281f,-0.7019259714961035f,-0.2206818542096773f,-0.8996674771279751f,0.41952183437776164f,-0.12082988487333038f,1.5536947741437137f,0.37627084159425966f,0.6047480337340491f,-0.7019259714961038f,0.2100124519781553f,0f,0f,0f,1f],start_interpolation:0}
execute if entity @s[tag=aj.louvert.locator_origin.locator2] at @s on origin run tp @s ^0.95067 ^1.42215 ^0.44809 ~-31.70094 ~-27.45741
execute if entity @s[tag=aj.louvert.bone.sword_1] run data modify entity @s {} merge value {transformation:[-0.8807243225962732f,-0.0830467388989012f,-0.46629165416678137f,0.5392893591641641f,0.1618512578757001f,0.8724683537355278f,-0.46108908255788417f,1.0402143623700109f,0.4451166565198264f,-0.48156226065616425f,-0.7549628806771468f,-0.22701235926166197f,0f,0f,0f,1f],start_interpolation:0}
execute if entity @s[tag=aj.louvert.bone.left_arm_1] run data modify entity @s {} merge value {transformation:[-0.6494531717416808f,0.6047480337340492f,-0.4609668029364717f,0.290645365504528f,0.751762511575966f,0.41952183437776164f,-0.5087775119532245f,1.3190802451352075f,-0.11429656120665355f,-0.676964730377528f,-0.7270866866620614f,-0.2609281063488301f,0f,0f,0f,1f],start_interpolation:0}
execute if entity @s[tag=aj.louvert.bone.left_arm_0] run data modify entity @s {} merge value {transformation:[-0.37627084159425966f,0.6047480337340492f,-0.7019259714961035f,0.1730607275063219f,0.8996674771279751f,0.41952183437776164f,-0.12082988487333038f,1.6002263317376997f,0.22140163586597966f,-0.676964730377528f,-0.7019259714961038f,-0.1917400951407115f,0f,0f,0f,1f],start_interpolation:0}
execute if entity @s[tag=aj.louvert.bone.wing_0] run data modify entity @s {} merge value {transformation:[-0.9683687045537706f,-0.08543963096392175f,-0.2344400168520745f,-0.33635762385055845f,-0.06255706289108486f,0.9926732286717003f,-0.10337540791185845f,1.1985799669451374f,0.2415546851611307f,-0.08543963096392178f,-0.9666185408616246f,-0.32550796899223855f,0f,0f,0f,1f],start_interpolation:0}
execute if entity @s[tag=aj.louvert.bone.wing_1] run data modify entity @s {} merge value {transformation:[-0.241554685161131f,-0.08543963096392175f,-0.9666185408616242f,-0.16087613097653256f,0.06255706289108486f,0.9926732286717003f,-0.10337540791185845f,1.22878743816347f,0.9683687045537706f,-0.08543963096392178f,-0.23444001685207488f,-0.1500264761182126f,0f,0f,0f,1f],start_interpolation:0}
execute if entity @s[tag=aj.louvert.bone.body_0] run data modify entity @s {} merge value {transformation:[-0.7071067811865476f,-0.08543963096392175f,-0.7019259714961035f,-0.006078750000000001f,0f,0.9926732286717003f,-0.12082988487333038f,1.455120625f,0.7071067811865475f,-0.08543963096392178f,-0.7019259714961038f,0.00955625f,0f,0f,0f,1f],start_interpolation:0}