execute if entity @s[tag=aj.louvert.bone.head] run data modify entity @s {} merge value {transformation:[-0.999488646201226f,0.031396326353062776f,-0.006059439443766801f,-0.012778414179647113f,0.0310856792191435f,0.9984614254253641f,0.04591799739791076f,1.7389982455832353f,0.0074917729760861085f,0.0457061552647125f,-0.9989268345122144f,-0.0019287593213270747f,0f,0f,0f,1f],start_interpolation:0}
execute if entity @s[tag=aj.louvert.bone.coat_0] run data modify entity @s {} merge value {transformation:[-0.7244763035237782f,-0.16766159998491934f,-0.6685982900987851f,-0.05352731450841127f,0.08240930807591931f,0.9419427015421304f,-0.3255036911525907f,0.9250445923791366f,0.684355749281739f,-0.2909184334173581f,-0.6685982900987854f,0.31087573094318255f,0f,0f,0f,1f],start_interpolation:0}
execute if entity @s[tag=aj.louvert.bone.coat_1] run data modify entity @s {} merge value {transformation:[-0.6076616288436024f,-0.42862999347703234f,-0.6685982900987851f,0.3000260760848626f,-0.2790990083532691f,0.9034108094229671f,-0.3255036911525907f,0.9250445923791366f,0.7435395674524401f,-0.011190983407125848f,-0.6685982900987854f,-0.04267765965009112f,0f,0f,0f,1f],start_interpolation:0}
execute if entity @s[tag=aj.louvert.bone.coat_2] run data modify entity @s {} merge value {transformation:[-0.7071067811865477f,-0.0410985605348167f,-0.705911402600897f,0.03967459452587751f,0f,0.998309479392003f,-0.05812214170234942f,0.8843566309850628f,0.7071067811865474f,-0.0410985605348167f,-0.7059114026008972f,0.05052424938419755f,0f,0f,0f,1f],start_interpolation:0}
execute if entity @s[tag=aj.louvert.bone.right_leg_1] run data modify entity @s {} merge value {transformation:[-0.7071067811865477f,0.2610831044614288f,-0.6571420033484258f,0.2389541890739235f,0f,0.9293391335403698f,0.3692272672358242f,0.7569248938700488f,0.7071067811865474f,0.26108310446142885f,-0.6571420033484261f,0.4265805392288805f,0f,0f,0f,1f],start_interpolation:0}
execute if entity @s[tag=aj.louvert.bone.right_leg_0] run data modify entity @s {} merge value {transformation:[-0.7071067811865477f,-0.5336286332284761f,-0.46394017049476144f,0.03486103313990719f,0f,0.6561104812433779f,-0.7546648503823291f,0.9250445923791366f,0.7071067811865474f,-0.5336286332284763f,-0.46394017049476166f,0.22248738329486414f,0f,0f,0f,1f],start_interpolation:0}
execute if entity @s[tag=aj.louvert.bone.left_leg_1] run data modify entity @s {} merge value {transformation:[-0.6427068583332054f,-0.2076721391459729f,-0.7374280825097432f,0.36359055476371416f,-0.19929951226266873f,0.9747401661582724f,-0.10080333769080099f,0.5495484730370037f,0.7397348164466259f,0.08218206069623098f,-0.6678611459251074f,0.0765662455233091f,0f,0f,0f,1f],start_interpolation:0}
execute if entity @s[tag=aj.louvert.bone.left_leg_0] run data modify entity @s {} merge value {transformation:[-0.6427068583332054f,-0.37403772634380317f,-0.6685982900987851f,0.2116377284365441f,-0.19929951226266873f,0.9242981399190963f,-0.3255036911525907f,0.9250445923791366f,0.7397348164466259f,-0.07595214160020136f,-0.6685982900987854f,0.0457106879982273f,0f,0f,0f,1f],start_interpolation:0}
execute if entity @s[tag=aj.louvert.bone.body_1] run data modify entity @s {} merge value {transformation:[-0.7071067811865477f,-0.23016586731524846f,-0.6685982900987851f,0.051322547252210506f,0f,0.9455407696371632f,-0.3255036911525907f,1.22052608289075f,0.7071067811865474f,-0.23016586731524852f,-0.6685982900987854f,0.06217220211053056f,0f,0f,0f,1f],start_interpolation:0}
execute if entity @s[tag=aj.louvert.locator_origin.locator] at @s on origin run tp @s ^-0.3309 ^0.93399 ^1.35063 ~-2.08785 ~7.94243
execute if entity @s[tag=aj.louvert.bone.sword_0] run data modify entity @s {} merge value {transformation:[-0.9713384344722963f,-0.2349461815746134f,-0.036082370770461225f,-0.3686835176093639f,-0.23769031162640036f,0.9614624992375644f,0.13817806743040342f,1.0802910541191821f,0.0022274370592511583f,0.1427940976489058f,-0.9897499099271398f,0.48573826869910736f,0f,0f,0f,1f],start_interpolation:0}
execute if entity @s[tag=aj.louvert.bone.right_arm_1] run data modify entity @s {} merge value {transformation:[-0.17986480140826927f,-0.671221870456744f,-0.7191035070383914f,-0.2923693675633058f,-0.8913539537605089f,0.42043081402898275f,-0.16948763887208923f,1.4106106209129723f,0.4160970828182681f,0.6104908936548332f,-0.6739169729533827f,0.3250975878308516f,0f,0f,0f,1f],start_interpolation:0}
execute if entity @s[tag=aj.louvert.bone.right_arm_0] run data modify entity @s {} merge value {transformation:[-0.23371723870961852f,-0.671221870456744f,-0.7034468373306552f,-0.21933273046655002f,-0.9016167902806212f,0.42043081402898275f,-0.10161247019434762f,1.6923658678756663f,0.36395523875062097f,0.6104908936548332f,-0.7034468373306554f,0.21136157572128253f,0f,0f,0f,1f],start_interpolation:0}
execute if entity @s[tag=aj.louvert.locator_origin.locator2] at @s on origin run tp @s ^0.95861 ^1.47824 ^0.46404 ~-31.73651 ~-22.14716
execute if entity @s[tag=aj.louvert.bone.sword_1] run data modify entity @s {} merge value {transformation:[-0.8725792451209454f,-0.035184630688565664f,-0.48720375896278784f,0.5301185309195657f,0.17380610412611508f,0.9097650531404136f,-0.376986718934398f,1.1710871107365408f,0.4565050921431908f,-0.41362977388932f,-0.7877267997215829f,-0.2380482712904257f,0f,0f,0f,1f],start_interpolation:0}
execute if entity @s[tag=aj.louvert.bone.left_arm_1] run data modify entity @s {} merge value {transformation:[-0.6299376066993293f,0.6104908936548336f,-0.480082784976137f,0.28878283668259874f,0.7714442304991274f,0.42043081402898275f,-0.4776104373278879f,1.4572429986205413f,-0.08973522661435965f,-0.6712218704567436f,-0.7358048584543457f,-0.26279063517075946f,0f,0f,0f,1f],start_interpolation:0}
execute if entity @s[tag=aj.louvert.bone.left_arm_0] run data modify entity @s {} merge value {transformation:[-0.363955238750621f,0.6104908936548336f,-0.7034468373306552f,0.17504682457302964f,0.9016167902806212f,0.42043081402898275f,-0.10161247019434762f,1.7389982455832353f,0.23371723870961839f,-0.6712218704567436f,-0.7034468373306554f,-0.18975399807400373f,0f,0f,0f,1f],start_interpolation:0}
execute if entity @s[tag=aj.louvert.bone.wing_0] run data modify entity @s {} merge value {transformation:[-0.9381458616754628f,-0.07185086672753914f,-0.33870310770895656f,-0.3398030974073831f,-0.04294328552471382f,0.9948240577614731f,-0.09209217299716675f,1.3462212406305551f,0.3435669024361143f,-0.07185086672753915f,-0.9363755851691964f,-0.32895344254906317f,0f,0f,0f,1f],start_interpolation:0}
execute if entity @s[tag=aj.louvert.bone.wing_1] run data modify entity @s {} merge value {transformation:[-0.34356690243611476f,-0.07185086672753914f,-0.9363755851691962f,-0.1639413880747193f,0.04294328552471382f,0.9948240577614731f,-0.09209217299716675f,1.371624358179142f,0.9381458616754625f,-0.07185086672753915f,-0.3387031077089569f,-0.15309173321639935f,0f,0f,0f,1f],start_interpolation:0}
execute if entity @s[tag=aj.louvert.bone.body_0] run data modify entity @s {} merge value {transformation:[-0.7071067811865477f,-0.07185086672753914f,-0.7034468373306552f,-0.006078750000000001f,0f,0.9948240577614731f,-0.10161247019434762f,1.59361671875f,0.7071067811865474f,-0.07185086672753915f,-0.7034468373306554f,0.00955625f,0f,0f,0f,1f],start_interpolation:0}