# This file was generated by Animated Java via MC-Build. It is not recommended to edit this file directly.
$data merge entity $(bone_head) { transformation: [-0.8645202479154501f,0.42264321644902914f,-0.27198796395029673f,0.13007847711478754f,0.025694261146897778f,0.5776222256825926f,0.815899729955589f,1.591359637290788f,0.5019407792641716f,0.6983733070408026f,-0.5102256149239953f,0.18577131781153366f,0f,0f,0f,1f], start_interpolation: 0, interpolation_duration: 1 }
$data merge entity $(bone_bust) { transformation: [-0.8191520442889919f,-0.13024559373116845f,-0.5585928872182144f,0.15131812730030048f,0f,0.9738769792773336f,-0.22707626303437312f,1.4658300768924135f,0.5735764363510459f,-0.18600998507411157f,-0.7977533184610162f,0.2161046818878738f,0f,0f,0f,1f], start_interpolation: 0, interpolation_duration: 1 }
$data merge entity $(bone_left_wing) { transformation: [-0.5467511271197938f,0.16650045070692807f,-0.8205734610061581f,0.07624370284447723f,-0.11108713665472995f,0.9569403357322088f,0.26818807191704247f,1.4183145235061754f,0.8298932781165832f,0.2377872867987631f,-0.5047121488272244f,-0.00007813248234017633f,0f,0f,0f,1f], start_interpolation: 0, interpolation_duration: 1 }
$data merge entity $(bone_right_wing) { transformation: [-0.9668444883469636f,0.16650045070692807f,-0.19362162913137526f,-0.026150302691646754f,0.11108713665472995f,0.9569403357322088f,0.26818807191704247f,1.4183145235061754f,0.22993778163440515f,0.2377872867987631f,-0.9437085476003337f,0.07161892206154047f,0f,0f,0f,1f], start_interpolation: 0, interpolation_duration: 1 }
$data merge entity $(bone_body) { transformation: [-0.8191520442889919f,0.16650045070692807f,-0.5488784275698538f,0.6007650105759588f,0f,0.9569403357322088f,0.2902846772544624f,0.22013749350666445f,0.5735764363510459f,0.2377872867987631f,-0.7838796322776331f,-0.013742045436087924f,0f,0f,0f,1f], start_interpolation: 0, interpolation_duration: 1 }
$data merge entity $(bone_right_ring) { transformation: [-0.7788257667224433f,0.0009675791894482796f,-0.6272395785341599f,-0.1897867379354335f,0.035362806086513585f,0.9984760190192832f,-0.04236875486831626f,0.9799064005550846f,0.6262426822206276f,-0.05517882958088163f,-0.777673067381916f,0.35926241651420354f,0f,0f,0f,1f], start_interpolation: 0, interpolation_duration: 1 }
$data merge entity $(bone_sword) { transformation: [-0.000007788257667224434f,9.675791894482798e-9f,-0.0000062723957853416f,-0.2241373195077979f,3.5362806086513587e-7f,0.000009984760190192832f,-4.236875486831626e-7f,0.7619328472900025f,0.000006262426822206277f,-5.517882958088164e-7f,-0.00000777673067381916f,0.3787517276265736f,0f,0f,0f,1f], start_interpolation: 0, interpolation_duration: 1 }
$data merge entity $(bone_right_hand) { transformation: [-0.7788257667224433f,0.0009675791894482796f,-0.6272395785341599f,-0.24843926417465967f,0.035362806086513585f,0.9984760190192832f,-0.04236875486831626f,1.131946207757943f,0.6262426822206276f,-0.05517882958088163f,-0.777673067381916f,0.2777338743251362f,0f,0f,0f,1f], start_interpolation: 0, interpolation_duration: 1 }
$data merge entity $(bone_right_arm) { transformation: [-0.7788257667224433f,0.0509444813869879f,-0.6251680453329402f,-0.17231759444791944f,0.035362806086513585f,0.998677209795575f,0.037326968543035466f,1.4717420953242621f,0.6262426822206276f,0.0069635085363606575f,-0.7795970834437351f,0.3532148069573603f,0f,0f,0f,1f], start_interpolation: 0, interpolation_duration: 1 }
$data merge entity $(bone_left_ring) { transformation: [-0.8548497276640324f,-0.05165128737373469f,-0.5162984482112699f,0.4079723522816223f,-0.035362806086513585f,0.9985190509704017f,-0.04134219146170002f,0.9784991591788716f,0.5176692139372566f,-0.01708359920520549f,-0.8554102732489122f,-0.04974151721924605f,0f,0f,0f,1f], start_interpolation: 0, interpolation_duration: 1 }
$data merge entity $(bone_left_hand) { transformation: [-0.8548497276640324f,-0.05165128737373469f,-0.5162984482112699f,0.3514988591096697f,-0.035362806086513585f,0.9985190509704017f,-0.04134219146170002f,1.1306419304434625f,0.5176692139372566f,-0.01708359920520549f,-0.8554102732489122f,-0.13260554271214492f,0f,0f,0f,1f], start_interpolation: 0, interpolation_duration: 1 }
$data merge entity $(bone_left_arm) { transformation: [-0.8548497276640324f,-0.010880481239231715f,-0.5187615620308932f,0.3960525750853541f,-0.035362806086513585f,0.998677209795575f,0.037326968543035466f,1.5016464808158936f,0.5176692139372566f,0.05025381341677318f,-0.8541037051662139f,-0.033688140321522425f,0f,0f,0f,1f], start_interpolation: 0, interpolation_duration: 1 }
$data merge entity $(bone_leftfoot) { transformation: [-0.8191520442889919f,0.04570396881141615f,-0.5717526349498099f,0.18305319189798983f,0f,0.9968202992911657f,0.07968243797143011f,0.4375f,0.5735764363510459f,0.06527203195822777f,-0.8165473859531232f,0.043496201684258745f,0f,0f,0f,1f], start_interpolation: 0, interpolation_duration: 1 }
$data merge entity $(bone_rightfoot) { transformation: [-0.8191520442889919f,0.04570396881141615f,-0.5717526349498099f,-0.003463949572321212f,0f,0.9968202992911658f,0.0796824379714301f,0.4517401495833213f,0.5735764363510459f,0.06527203195822776f,-0.8165473859531232f,0.2129838167754716f,0f,0f,0f,1f], start_interpolation: 0, interpolation_duration: 1 }
$data merge entity $(bone_rightleg) { transformation: [-0.8191520442889919f,-0.04570396881141615f,-0.5717526349498099f,-0.11494099008130312f,0f,0.9968202992911657f,-0.07968243797143011f,0.84375f,0.5735764363510459f,-0.06527203195822777f,-0.8165473859531232f,0.05377810357505905f,0f,0f,0f,1f], start_interpolation: 0, interpolation_duration: 1 }
$data merge entity $(bone_skirt_right_back) { transformation: [-0.8191520442889919f,-0.010166683600773288f,-0.5734863266737293f,-0.25024962687591834f,0f,0.9998428985718277f,-0.017725071945861773f,0.9168169148333569f,0.5735764363510459f,-0.014519528919622132f,-0.8190233543329438f,-0.05773858781342445f,0f,0f,0f,1f], start_interpolation: 0, interpolation_duration: 1 }
$data merge entity $(bone_skirt_right) { transformation: [-0.8191520442889919f,-0.03556243206292132f,-0.5724729179296918f,-0.11261746808829091f,0f,0.9980760743443812f,-0.062001208224593186f,0.871875f,0.5735764363510459f,-0.050788416465562966f,-0.8175760566551317f,0.1933032177858992f,0f,0f,0f,1f], start_interpolation: 0, interpolation_duration: 1 }
data modify entity @s data merge value {"locators":{"locator_right_hand":{"posx":-0.21439717479254217,"posy":0.7001901078961148,"posz":0.39435154615322116,"roty":321.11175921745263,"rotx":-2.4282777118607983},"locator_left_hand":{"posx":0.4492133308449862,"posy":0.6987707637836498,"posz":-0.06111391787832128,"roty":328.88615403633594,"rotx":-2.3694083700241597}},"cameras":{}}