# This file was generated by Animated Java via MC-Build. It is not recommended to edit this file directly.
$data merge entity $(bone_head) { transformation: [-0.9646309237068007f,0.12949948113919926f,-0.22960197171026808f,0.04392212660277325f,0.03339821520589104f,0.9240320165020108f,0.3808535042510288f,1.6212380677126539f,0.2614799041028308f,0.3597147715397655f,-0.8956749091531306f,0.06272729755962544f,0f,0f,0f,1f], start_interpolation: 0, interpolation_duration: 1 }
$data merge entity $(bone_bust) { transformation: [-0.8191520442889919f,-0.23671902741222955f,-0.522450026699371f,0.07880032171532081f,0f,0.9108638249211759f,-0.41270702980439467f,1.505344756271695f,0.5735764363510459f,-0.3380698071567078f,-0.7461359642530717f,0.11253852238837275f,0f,0f,0f,1f], start_interpolation: 0, interpolation_duration: 1 }
$data merge entity $(bone_left_wing) { transformation: [-0.5383565521718309f,0.056220322051549754f,-0.8408397576958875f,0.011469120292605162f,-0.037509535691926915f,0.9951847266721969f,0.09055602978576764f,1.4157935512943058f,0.8418819735959636f,0.08029094087632056f,-0.5336554200487057f,-0.09258582344134908f,0f,0f,0f,1f], start_interpolation: 0, interpolation_duration: 1 }
$data merge entity $(bone_right_wing) { transformation: [-0.9752390632949265f,0.056220322051549754f,-0.2138879258211046f,-0.09092488524351872f,0.037509535691926915f,0.9951847266721969f,0.09055602978576764f,1.4157935512943058f,0.21794908615502473f,0.08029094087632056f,-0.9726518188218151f,-0.020888768897468324f,0f,0f,0f,1f], start_interpolation: 0, interpolation_duration: 1 }
$data merge entity $(bone_body) { transformation: [-0.8191520442889919f,0.056220322051549754f,-0.5708145090356284f,0.6668731156365353f,0f,0.9951847266721969f,0.0980171403295606f,0.2971490664991212f,0.5735764363510459f,0.08029094087632056f,-0.8152076032987118f,0.08067011303567262f,0f,0f,0f,1f], start_interpolation: 0, interpolation_duration: 1 }
$data merge entity $(bone_right_ring) { transformation: [-0.654400840183408f,0.0887061512524571f,-0.7509266003393579f,-0.3610475829294582f,0.18134451833308776f,0.982523646310392f,-0.04196963320630806f,1.0460868523945188f,0.7340801768456835f,-0.16364138587444146f,-0.659050673917645f,0.2574815302571807f,0f,0f,0f,1f], start_interpolation: 0, interpolation_duration: 1 }
$data merge entity $(bone_sword) { transformation: [-0.000006544008401834081f,8.87061512524571e-7f,-0.00000750926600339358f,-0.4126353079019672f,0.0000018134451833308777f,0.000009825236463103921f,-4.196963320630806e-7f,0.8361710454431811f,0.000007340801768456836f,-0.0000016364138587444147f,-0.000006590506739176451f,0.3059204221636791f,0f,0f,0f,1f], start_interpolation: 0, interpolation_duration: 1 }
$data merge entity $(bone_right_hand) { transformation: [-0.654400840183408f,0.0887061512524571f,-0.7509266003393579f,-0.4175866155780766f,0.18134451833308776f,0.982523646310392f,-0.04196963320630806f,1.1956715190174263f,0.7340801768456835f,-0.16364138587444146f,-0.659050673917645f,0.17012656303451995f,0f,0f,0f,1f], start_interpolation: 0, interpolation_duration: 1 }
$data merge entity $(bone_right_arm) { transformation: [-0.654400840183408f,0.31557062248904644f,-0.6871497090075243f,-0.24468892887801147f,0.18134451833308776f,0.9477277425051116f,0.2625381719992453f,1.4968399768786291f,0.7340801768456835f,0.047194367333831255f,-0.6774208334958185f,0.24985782994575742f,0f,0f,0f,1f], start_interpolation: 0, interpolation_duration: 1 }
$data merge entity $(bone_left_ring) { transformation: [-0.9136279943990708f,-0.1826484202884105f,-0.36321266830395593f,0.3690235768444858f,-0.18134451833308776f,0.9826849321572089f,-0.038006443949970437f,1.0471731332433936f,0.36386543325915377f,0.03114287522580428f,-0.930930753494479f,-0.2590698492356953f,0f,0f,0f,1f], start_interpolation: 0, interpolation_duration: 1 }
$data merge entity $(bone_left_hand) { transformation: [-0.9136279943990708f,-0.1826484202884105f,-0.36321266830395593f,0.30643357352092576f,-0.18134451833308776f,0.9826849321572089f,-0.038006443949970437f,1.1971545497726477f,0.36386543325915377f,0.03114287522580428f,-0.930930753494479f,-0.3414785331217708f,0f,0f,0f,1f], start_interpolation: 0, interpolation_duration: 1 }
$data merge entity $(bone_left_arm) { transformation: [-0.9136279943990708f,-0.06358331080681355f,-0.40154831644171474f,0.32023498663478145f,-0.18134451833308776f,0.9477277425051116f,0.2625381719992453f,1.5279394995871354f,0.36386543325915377f,0.3126808095694538f,-0.8774010814935889f,-0.14196687814320166f,0f,0f,0f,1f], start_interpolation: 0, interpolation_duration: 1 }
$data merge entity $(bone_leftfoot) { transformation: [-0.8191520442889919f,0.17657529946697587f,-0.5457207087469864f,0.18305319189798983f,0f,0.9514350209690083f,0.3078496400415349f,0.4375f,0.5735764363510459f,0.25217566197365365f,-0.7793699424349031f,0.043496201684258745f,0f,0f,0f,1f], start_interpolation: 0, interpolation_duration: 1 }
$data merge entity $(bone_rightfoot) { transformation: [-0.8191520442889919f,0.1765752994669757f,-0.5457207087469864f,0.045472340498541125f,0f,0.9514350209690083f,0.3078496400415348f,0.5072550892380898f,0.5735764363510459f,0.2521756619736535f,-0.779369942434903f,0.2828720818975276f,0f,0f,0f,1f], start_interpolation: 0, interpolation_duration: 1 }
$data merge entity $(bone_rightleg) { transformation: [-0.8191520442889919f,-0.17657529946697587f,-0.5457207087469864f,-0.11494099008130312f,0f,0.9514350209690083f,-0.3078496400415349f,0.84375f,0.5735764363510459f,-0.25217566197365365f,-0.7793699424349031f,0.05377810357505905f,0f,0f,0f,1f], start_interpolation: 0, interpolation_duration: 1 }
$data merge entity $(bone_skirt_right_back) { transformation: [-0.8191520442889919f,-0.039854630456608336f,-0.5721901229209856f,-0.2522220123786814f,0f,0.9975830362926348f,-0.06948442776023686f,0.8647528575123576f,0.5735764363510459f,-0.05691831104604883f,-0.8171721835271315f,-0.06055544623772263f,0f,0f,0f,1f], start_interpolation: 0, interpolation_duration: 1 }
$data merge entity $(bone_skirt_right) { transformation: [-0.8191520442889919f,-0.1382294322123518f,-0.5566709552396427f,-0.11261746808829091f,0f,0.970526193127891f,-0.24099566065114858f,0.871875f,0.5735764363510459f,-0.19741208808716454f,-0.7950085151367249f,0.1933032177858992f,0f,0f,0f,1f], start_interpolation: 0, interpolation_duration: 1 }
data modify entity @s data merge value {"locators":{"locator_right_hand":{"posx":-0.40644621422494326,"posy":0.7754190930676301,"posz":0.32644567556079496,"roty":311.2718042376529,"rotx":-2.4053893654103513},"locator_left_hand":{"posx":0.4489443198755722,"posy":0.7764600122720875,"posz":-0.2791995776823013,"roty":338.68622100263326,"rotx":-2.1781334293218566}},"cameras":{}}