# This file was generated by Animated Java via MC-Build. It is not recommended to edit this file directly.
$data merge entity $(bone_wing_right_1) { transformation: [0.6954486320725988f,0.11598851216701307f,-0.41211929054350005f,-0.45056640872077647f,-0.1287005898034311f,0.806402527957677f,0.009775762484893969f,1.1327441915520813f,0.4083280577881515f,0.05662218993640885f,0.7049869284420848f,1.2252118652717043f,0f,0f,0f,1f], start_interpolation: 0, interpolation_duration: 1 }
$data merge entity $(bone_wing_right_2) { transformation: [0.6728793198718424f,-0.15573282333806582f,-0.4037086927773062f,-0.45056640872077647f,0.18582175986142857f,0.778060774529483f,0.0095762571280594f,1.1327441915520813f,0.3907732007837899f,-0.1018269064331029f,0.6905994401065321f,1.2252118652717043f,0f,0f,0f,1f], start_interpolation: 0, interpolation_duration: 1 }
$data merge entity $(bone_wing_left_1) { transformation: [-0.36309770619944454f,0.05738607687213693f,-0.7292539601389706f,-0.42100689983458467f,0.15220480351428628f,0.8022581009201155f,-0.012652341272332493f,1.1348346717041184f,0.715498566025344f,-0.1415387654804127f,-0.3673867503413825f,1.3251657407901156f,0f,0f,0f,1f], start_interpolation: 0, interpolation_duration: 1 }
$data merge entity $(bone_wing_left_2) { transformation: [-0.3501249697242707f,-0.08417990656555861f,-0.7143712262585835f,-0.42100689983458467f,-0.16299622627205612f,0.783121073498224f,-0.012394130225958361f,1.1348346717041184f,0.7006031228853088f,0.1401253994592099f,-0.3598890615589054f,1.3251657407901156f,0f,0f,0f,1f], start_interpolation: 0, interpolation_duration: 1 }
$data merge entity $(bone_staff) { transformation: [-0.000002559525161832721f,0.000015384671372905583f,9.493906959964146e-7f,0.3638364700786057f,-0.000004161808770546074f,-0.000001616414288150332f,0.0000149735492655038f,1.2113467691399327f,0.000014841455578997325f,0.0000021999355892304698f,0.000004362580050828431f,1.8353651144689955f,0f,0f,0f,1f], start_interpolation: 0, interpolation_duration: 1 }
$data merge entity $(bone_arm_right_2) { transformation: [0.6735300958719386f,0.07107520628360559f,-0.7357346838409073f,0.18874050232258627f,-0.23025614760491778f,0.9660142518477652f,-0.11746732191186048f,1.290017718244984f,0.702381176032558f,0.2485252105496447f,0.6670051748497721f,1.675755542054713f,0f,0f,0f,1f], start_interpolation: 0, interpolation_duration: 1 }
$data merge entity $(bone_arm_right_1) { transformation: [0.7349508574850077f,0.07107520628360559f,-0.6743853142927971f,-0.05300908793835246f,-0.21917040971146068f,0.9660142518477652f,-0.13704304701046602f,1.360797089178312f,0.6417254620076737f,0.2485252105496447f,0.7255505848197574f,1.4685185080925067f,0f,0f,0f,1f], start_interpolation: 0, interpolation_duration: 1 }
$data merge entity $(bone_arm_left_2) { transformation: [-0.2580020169507373f,-0.3505608372201349f,-0.9003010933331523f,-0.2924615987623216f,0.8045477470381431f,0.4379738820438885f,-0.4011007372010856f,1.0397486668642988f,0.5349185750983037f,-0.8278200154954725f,0.1690447868461972f,0.7950640379761466f,0f,0f,0f,1f], start_interpolation: 0, interpolation_duration: 1 }
$data merge entity $(bone_arm_left_1) { transformation: [0.18544011018924694f,-0.3638194837819147f,-0.912823832266479f,-0.22224306818741915f,0.9255456408488667f,0.37673745706526635f,0.03787024095061409f,1.3488286807002479f,0.3301169978032953f,-0.8518827804719719f,0.40659377282083564f,0.8962629858364426f,0f,0f,0f,1f], start_interpolation: 0, interpolation_duration: 1 }
$data merge entity $(bone_himo_right_2) { transformation: [0.28414767599523705f,-0.21935677938824427f,-0.9333502566362334f,0.12592780651321236f,0.017867526790480967f,0.9745188834861163f,-0.22359270385091878f,1.0149349252599036f,0.9586140254100692f,0.04685668645337968f,0.2808266390884462f,1.2740359479057344f,0f,0f,0f,1f], start_interpolation: 0, interpolation_duration: 1 }
$data merge entity $(bone_himo_right_1) { transformation: [0.28390811107286185f,-0.10798986990825803f,-0.9527509498626789f,0.09972501246877227f,0.01755512604909246f,0.9940565210515762f,-0.10744045096814159f,1.2006490201385231f,0.9586907749720134f,0.013777552468949617f,0.2841164849696781f,1.278394967024723f,0f,0f,0f,1f], start_interpolation: 0, interpolation_duration: 1 }
$data merge entity $(bone_himo_left_2) { transformation: [0.28403524269209945f,-0.2228309963870589f,-0.9325611657998583f,0.038160575140679595f,0.017669878683258897f,0.9736709584286137f,-0.2272721718557364f,1.0087965354944437f,0.9586510086033181f,0.04807506382580264f,0.2804942636525495f,0.9741061399137008f,0f,0f,0f,1f], start_interpolation: 0, interpolation_duration: 1 }
$data merge entity $(bone_himo_left_1) { transformation: [0.28382712336731347f,-0.11247006404619758f,-0.9522566086588635f,0.011120834327899676f,0.017184090229231015f,0.9935343949204168f,-0.1122234964395359f,1.194382837689275f,0.9587214773248951f,0.015488408684079986f,0.28392470500540357f,0.9787847459482495f,0f,0f,0f,1f], start_interpolation: 0, interpolation_duration: 1 }
$data merge entity $(bone_ponpon1) { transformation: [-0.9510308075585218f,0.024974565792734035f,-0.3080854980976069f,0.16096237803081132f,-0.0023881984690267417f,0.9961069759395159f,0.0881203097628766f,1.8906602217297044f,0.3090868803146757f,0.08454089867098166f,-0.9472687775226437f,1.1548305052744572f,0f,0f,0f,1f], start_interpolation: 0, interpolation_duration: 1 }
$data merge entity $(bone_ponpon2) { transformation: [-0.9510308075585218f,0.024974565792734035f,-0.3080854980976069f,0.16462119714351348f,-0.0023881984690267417f,0.9961069759395159f,0.0881203097628766f,1.7744976862201232f,0.3090868803146757f,0.08454089867098166f,-0.9472687775226437f,1.0438656870360363f,0f,0f,0f,1f], start_interpolation: 0, interpolation_duration: 1 }
$data merge entity $(bone_ponpon3) { transformation: [-0.9510308075585218f,0.024974565792734035f,-0.3080854980976069f,-0.3977682214098202f,-0.0023881984690267417f,0.9961069759395159f,0.0881203097628766f,1.8892571551291513f,0.3090868803146757f,0.08454089867098166f,-0.9472687775226437f,1.3364190474593292f,0f,0f,0f,1f], start_interpolation: 0, interpolation_duration: 1 }
$data merge entity $(bone_ponpon4) { transformation: [-0.9510308075585218f,0.024974565792734035f,-0.3080854980976069f,-0.4654367128640072f,-0.0023881984690267417f,0.9961069759395159f,0.0881203097628766f,1.772915504734393f,0.3090868803146757f,0.08454089867098166f,-0.9472687775226437f,1.248635745244509f,0f,0f,0f,1f], start_interpolation: 0, interpolation_duration: 1 }
$data merge entity $(bone_ear_edge_a1) { transformation: [-0.9354151573329317f,0.1734410830621057f,-0.3080854980976069f,0.06320192408772614f,0.15346666612105542f,0.9842168426708533f,0.0881203097628766f,1.9987096611283952f,0.3185066181753453f,0.035148219147783405f,-0.9472687775226437f,1.173584346463313f,0f,0f,0f,1f], start_interpolation: 0, interpolation_duration: 1 }
$data merge entity $(bone_ear_edge_a2) { transformation: [-0.9510308075585219f,0.02497456579273405f,-0.3080854980976069f,-0.04609089260311465f,-0.002388198469026742f,0.996106975939516f,0.0881203097628766f,2.0084727277208265f,0.3090868803146757f,0.08454089867098166f,-0.9472687775226437f,1.2100384734655338f,0f,0f,0f,1f], start_interpolation: 0, interpolation_duration: 1 }
$data merge entity $(bone_ear_edge_b1) { transformation: [-0.9167392338324866f,0.254307890192529f,-0.3080854980976069f,-0.06744145776729835f,0.23866282907134478f,0.9670960991685144f,0.0881203097628766f,2.0041165154148577f,0.3203579734794936f,0.007254788685271622f,-0.9472687775226437f,1.2165771970806802f,0f,0f,0f,1f], start_interpolation: 0, interpolation_duration: 1 }
$data merge entity $(bone_ear_edge_b2) { transformation: [-0.9504562819529424f,-0.041426826551630075f,-0.3080854980976069f,-0.03950962699174733f,-0.0718672910510515f,0.9935139171064885f,0.0881203097628766f,2.0141482733500964f,0.3024366852304343f,0.10589577214215415f,-0.9472687775226437f,1.2084259832290658f,0f,0f,0f,1f], start_interpolation: 0, interpolation_duration: 1 }
$data merge entity $(bone_ear_right_2) { transformation: [-0.9452351713802446f,0.10776732643853326f,-0.3080854980976069f,0.008434581135647629f,0.08443733269129693f,0.9925246333745446f,0.0881203097628766f,2.1213694815032924f,0.31527893623542175f,0.05728049840056135f,-0.9472687775226437f,1.1698175649701414f,0f,0f,0f,1f], start_interpolation: 0, interpolation_duration: 1 }
$data merge entity $(bone_ear_right_1) { transformation: [-0.9452351713802446f,0.10776732643853326f,-0.3080854980976069f,-0.015813067313022316f,0.08443733269129693f,0.9925246333745446f,0.0881203097628766f,1.8980514389940202f,0.31527893623542175f,0.05728049840056135f,-0.9472687775226437f,1.1569294528300151f,0f,0f,0f,1f], start_interpolation: 0, interpolation_duration: 1 }
$data merge entity $(bone_ear_edge_a3) { transformation: [-0.9512931905560673f,-0.008782509415862602f,-0.30816251090945207f,-0.29550648836218224f,-0.1512509028014388f,0.8843180553157756f,0.44170662372696523f,1.9758563660364366f,0.26863437978674204f,0.4668023613595859f,-0.842574106785692f,1.3277284819990196f,0f,0f,0f,1f], start_interpolation: 0, interpolation_duration: 1 }
$data merge entity $(bone_ear_edge_a4) { transformation: [-0.9409550799619576f,0.14014065920983831f,-0.30816251090945207f,-0.185710315154065f,-0.011050931292728897f,0.8970914866797527f,0.44170662372696523f,1.9861696019673358f,0.33835102247717463f,0.419031574183788f,-0.842574106785692f,1.2929782569855508f,0f,0f,0f,1f], start_interpolation: 0, interpolation_duration: 1 }
$data merge entity $(bone_ear_edge_b3) { transformation: [-0.9675137384325796f,0.03844110548624721f,-0.2498788653592163f,-0.1831731057846176f,-0.18210926588208726f,0.579614246808027f,0.7942817763092964f,2.0070801304541823f,0.17536641988733598f,0.813983787495893f,-0.5537842652782212f,1.2344155921080289f,0f,0f,0f,1f], start_interpolation: 0, interpolation_duration: 1 }
$data merge entity $(bone_ear_edge_b4) { transformation: [-0.9082812906635791f,0.3355378513331896f,-0.2498788653592163f,-0.20751377897921788f,0.005914448450629703f,0.6075207643549922f,0.7942817763092964f,2.0120835854880457f,0.4183181998551196f,0.719953381268699f,-0.5537842652782212f,1.252574961347013f,0f,0f,0f,1f], start_interpolation: 0, interpolation_duration: 1 }
$data merge entity $(bone_ear_left_2) { transformation: [-0.9495885250431765f,0.18932032577912858f,-0.2498788653592163f,-0.24061127707138005f,-0.08919555399696744f,0.6009663992022543f,0.7942817763092964f,2.0983151812637297f,0.30054248660297395f,0.7765289442620678f,-0.5537842652782212f,1.3347595830305639f,0f,0f,0f,1f], start_interpolation: 0, interpolation_duration: 1 }
$data merge entity $(bone_ear_left_1) { transformation: [-0.9495885250431765f,0.057597742805656556f,-0.30816251090945207f,-0.25357076920265276f,-0.08919555399696744f,0.8927146306087402f,0.44170662372696523f,1.8974543893767635f,0.30054248660297395f,0.4469262672083553f,-0.842574106785692f,1.2342011729086841f,0f,0f,0f,1f], start_interpolation: 0, interpolation_duration: 1 }
$data merge entity $(bone_head) { transformation: [-0.9510308075585218f,0.024974565792734035f,-0.3080854980976069f,-0.13786371141106352f,-0.0023881984690267417f,0.9961069759395159f,0.0881203097628766f,1.3844943293363f,0.3090868803146757f,0.08454089867098166f,-0.9472687775226437f,1.1818402515980542f,0f,0f,0f,1f], start_interpolation: 0, interpolation_duration: 1 }
$data merge entity $(bone_body_1) { transformation: [0.2835333700507923f,-0.008004491728091034f,-0.958928963051912f,-0.13486202701302938f,0.020051783837594275f,0.9997960217943542f,-0.002416768320202156f,1.0095708211634171f,0.9587527074447146f,-0.01854300181626646f,0.28363603976059015f,1.1887938772791542f,0f,0f,0f,1f], start_interpolation: 0, interpolation_duration: 1 }
$data merge entity $(bone_leg_left_2) { transformation: [0.31667905328690166f,-0.3791645999911736f,-0.8694530368702181f,0.13818243789293325f,-0.07390262375268072f,0.9039802116393627f,-0.42113914466233404f,0.41683282056171267f,0.9456493956069454f,0.1976208062881689f,0.258250338838563f,0.9493120487790884f,0f,0f,0f,1f], start_interpolation: 0, interpolation_duration: 1 }
$data merge entity $(bone_leg_left_1) { transformation: [0.31667905328690166f,-0.5324515416489677f,-0.7849902757391006f,-0.06803391684537871f,-0.07390262375268072f,0.8112178875943725f,-0.5800551189752517f,0.7263660663294869f,0.9456493956069454f,0.2417041469287637f,0.21754614670376765f,1.0425598416729125f,0f,0f,0f,1f], start_interpolation: 0, interpolation_duration: 1 }
$data merge entity $(bone_leg_right_2) { transformation: [0.33737205870435183f,0.3300540945534196f,-0.8816146486272274f,0.28557179469944277f,0.030738164305586603f,0.9321598843733552f,0.3607396779121694f,0.6983953984181411f,0.9408694166890057f,-0.14880270371728913f,0.30433944224453485f,1.1800660875358282f,0f,0f,0f,1f], start_interpolation: 0, interpolation_duration: 1 }
$data merge entity $(bone_leg_right_1) { transformation: [0.33737205870435183f,-0.8506495560273649f,-0.4032064320370326f,-0.02310643970898145f,0.030738164305586603f,0.43804414844443784f,-0.898427787453566f,0.7280723245903864f,0.9408694166890057f,0.2907106066933818f,0.17393126198373815f,1.289780778390689f,0f,0f,0f,1f], start_interpolation: 0, interpolation_duration: 1 }
$data merge entity $(bone_skirt_forward_right) { transformation: [0.1147845433080994f,-0.8025278657198404f,-0.5854686442165018f,-0.07812941841856019f,0.13570364772422258f,0.5965066583176075f,-0.7910526699133889f,0.8529173301769739f,0.9840777553688991f,0.011350388800326683f,0.17737570313374457f,1.1810809550608856f,0f,0f,0f,1f], start_interpolation: 0, interpolation_duration: 1 }
$data merge entity $(bone_skirt_forward_left) { transformation: [0.42822649040053884f,-0.683231249736914f,-0.5914534067043422f,-0.07871087753278075f,-0.11598411122158084f,0.6075327229362437f,-0.7857809341704678f,0.8551833251209718f,0.896197388337735f,0.4050914093690556f,0.18091763648692474f,1.181223581112497f,0f,0f,0f,1f], start_interpolation: 0, interpolation_duration: 1 }
$data merge entity $(bone_skirt_forward) { transformation: [0.27683837387107474f,-0.7619625852964896f,-0.5854686442165018f,-0.07812941841856019f,0.010559045753985643f,0.6116569136171552f,-0.7910526699133889f,0.8529173301769739f,0.9608584814139822f,0.21281174458338864f,0.17737570313374457f,1.1810809550608856f,0f,0f,0f,1f], start_interpolation: 0, interpolation_duration: 1 }
$data merge entity $(bone_skirt_back_right) { transformation: [0.21480276238175727f,-0.3213193624326762f,-0.9222871790277825f,-0.08026236119326585f,0.2097814501456457f,0.9374682889263098f,-0.2777497982580127f,0.8777738555992832f,0.9538613717139174f,-0.13381731795038804f,0.26877761991767185f,1.181422336467654f,0f,0f,0f,1f], start_interpolation: 0, interpolation_duration: 1 }
$data merge entity $(bone_skirt_back_left) { transformation: [0.3271334339658993f,-0.20583992757153274f,-0.9222871790277825f,-0.08026236119326585f,-0.19061309142695645f,0.9415528126155708f,-0.2777497982580127f,0.8777738555992832f,0.925554085809326f,0.2666612556654118f,0.26877761991767185f,1.181422336467654f,0f,0f,0f,1f], start_interpolation: 0, interpolation_duration: 1 }
$data merge entity $(bone_skirt_back) { transformation: [0.27683837387107474f,-0.2697162845535921f,-0.9222871790277825f,-0.08026236119326585f,0.010559045753985643f,0.9605954174991668f,-0.2777497982580127f,0.8777738555992832f,0.9608584814139822f,0.06715332997109859f,0.26877761991767185f,1.181422336467654f,0f,0f,0f,1f], start_interpolation: 0, interpolation_duration: 1 }
$data merge entity $(bone_skirt_right) { transformation: [0.1566464682252054f,-0.532828592813176f,-0.8315982050685897f,-0.043579788272360684f,0.23218920123341538f,0.8382618505966516f,-0.49336117060918505f,0.9267284609967873f,0.9599739886180031f,-0.11580483804663597f,0.25502780370350636f,1.3719581393837033f,0f,0f,0f,1f], start_interpolation: 0, interpolation_duration: 1 }
$data merge entity $(bone_skirt_left) { transformation: [0.3995084514446065f,-0.3710027399282094f,-0.8383018335838791f,-0.14606563745348822f,-0.2511310621049476f,0.8351756147480226f,-0.48930040075224057f,0.9360027395137452f,0.881661038534863f,0.4060032752281977f,0.24048940441026295f,1.0107421217154788f,0f,0f,0f,1f], start_interpolation: 0, interpolation_duration: 1 }
$data merge entity $(bone_coat_downer) { transformation: [0.27683837387107474f,-0.3420206310408815f,-0.8979879746938798f,-0.046543330470523f,0.010559045753985643f,0.9355383137742425f,-0.3530673731927268f,0.8099026559134777f,0.9608584814139822f,0.0882607013502848f,0.2626043169713163f,1.173672816975486f,0f,0f,0f,1f], start_interpolation: 0, interpolation_duration: 1 }
$data merge entity $(bone_body_2) { transformation: [0.27683837387107474f,-0.4384113001467097f,-0.8550766320372055f,-0.1466636551429212f,0.010559045753985643f,0.8911894786303796f,-0.45350834582318045f,1.0089453125f,0.9608584814139822f,0.1165197197138055f,0.25134465105235865f,1.1922009849629926f,0f,0f,0f,1f], start_interpolation: 0, interpolation_duration: 1 }
$data merge entity $(bone_book_left) { transformation: [0.7380187381782315f,-0.531660975032766f,-0.41552972183108583f,-2.2899735250023103f,0.22846429249714234f,0.7763077654097658f,-0.5874949535257953f,2.0637109375f,0.6349270896343857f,0.3386485803775128f,0.6943952259748796f,0.23110145198800192f,0f,0f,0f,1f], start_interpolation: 0, interpolation_duration: 1 }
$data merge entity $(bone_book_right) { transformation: [0.263396678757674f,-0.531660975032766f,-0.8049588792271536f,-2.2396076973993813f,-0.22846429249714234f,0.7763077654097658f,-0.5874949535257953f,2.0637109375f,0.937243968597935f,0.3386485803775128f,0.08301133859352205f,0.3101732289369996f,0f,0f,0f,1f], start_interpolation: 0, interpolation_duration: 1 }
$data merge entity $(bone_book_loot_1) { transformation: [0.5372354944312421f,-0.531660975032766f,-0.6547630343493953f,-2.1665761560484365f,1.3877787807814457e-17f,0.7763077654097658f,-0.6303540698405112f,2.1582640479760764f,0.8434322874559752f,0.3386485803775128f,0.4170600861807282f,0.20807832753539152f,0f,0f,0f,1f], start_interpolation: 0, interpolation_duration: 1 }
$data merge entity $(bone_book_left2) { transformation: [0.289623574048105f,0.44858067221993425f,0.8455137880994683f,1.1590122358613297f,-0.20610694581726233f,0.8918798035819976f,-0.402579610572142f,2.2151421565760385f,-0.9346861035885152f,-0.05766971885876736f,0.35076500863864507f,-0.46999816406488f,0f,0f,0f,1f], start_interpolation: 0, interpolation_duration: 1 }
$data merge entity $(bone_book_right2) { transformation: [-0.3033539946886965f,0.44858067221993425f,0.8406852766744051f,1.1596944869108825f,0.09124441877927317f,0.8918798035819976f,-0.44297276666198115f,2.220849562173961f,-0.9484992408790012f,-0.05766971885876736f,-0.31148578391109244f,-0.37642454302323075f,0f,0f,0f,1f], start_interpolation: 0, interpolation_duration: 1 }
$data merge entity $(bone_book_loot_2) { transformation: [-0.007277344528561658f,0.44858067221993425f,0.8937127171341601f,1.0252964538159821f,-0.06087899304450367f,0.8918798035819976f,-0.4481564059214424f,2.285219320263216f,-0.9981186244442584f,-0.05766971885876736f,0.020818623015244064f,-0.426334146996342f,0f,0f,0f,1f], start_interpolation: 0, interpolation_duration: 1 }
$data merge entity $(bone_air_staff_povit_1) { transformation: [0.8315232201343722f,1.3228663516687402f,-1.5468504924994985e-16f,1.0933535144991933f,0f,3.469446951953614e-16f,1.5625f,1.1554027320604008f,1.3228663516687404f,-0.8315232201343722f,8.969939732744477e-17f,2.3533528527892837f,0f,0f,0f,1f], start_interpolation: 0, interpolation_duration: 1 }