execute if entity @s[tag=aj.frestchika_v2.bone.hair] run data modify entity @s {} merge value {transformation:[-0.9847794731838869f,0.15583162492985447f,-0.07697982766535373f,-0.03755392977526085f,-0.06252790247081166f,0.09561360882239728f,0.9934527161473556f,0.9427389806222208f,0.16217167017783066f,0.9831452295971734f,-0.08441449467984874f,0.06515110705109772f,0f,0f,0f,1f],start_interpolation:0}
execute if entity @s[tag=aj.frestchika_v2.bone.side_hair_2] run data modify entity @s {} merge value {transformation:[-0.9538622032709115f,-0.16001892382138777f,-0.2540488952745268f,0.5343619897523355f,-0.19858792138702225f,-0.2983702476455511f,0.9335620133655368f,1.1158188766422799f,-0.2251882204964204f,0.9409405610021165f,0.2528262763453951f,0.3556715430783312f,0f,0f,0f,1f],start_interpolation:0}
execute if entity @s[tag=aj.frestchika_v2.bone.side_hair_1] run data modify entity @s {} merge value {transformation:[-0.9884608982238462f,0.0384846840718636f,-0.14650591037359648f,0.3928234420492805f,-0.13346820848712812f,0.23610535543024158f,0.9625177912435677f,1.1861350092804535f,0.07163302315094584f,0.9709650818793889f,-0.22824442986677235f,0.7430490686174509f,0f,0f,0f,1f],start_interpolation:0}
execute if entity @s[tag=aj.frestchika_v2.bone.head] run data modify entity @s {} merge value {transformation:[-0.9847794731838869f,0.08880139922924862f,-0.14941117993843034f,0.020285713820132605f,-0.06252790247081166f,0.6210720849084462f,0.781255225108976f,0.8336394136846383f,0.16217167017783066f,0.7787064766922152f,-0.6060664753550798f,0.37431439440551484f,0f,0f,0f,1f],start_interpolation:0}
execute if entity @s[tag=aj.frestchika_v2.bone.group] run data modify entity @s {} merge value {transformation:[0.000009749422210435397f,0.000002066678341852921f,8.231689947908556e-7f,0.0876138014424891f,0.000001045530051351823f,-9.90700691869989e-7f,-0.00000989572529180396f,0.6479475425175051f,-0.0000019635767044832195f,0.000009733825186967578f,-0.0000011819533642096164f,0.16353831604110672f,0f,0f,0f,1f],start_interpolation:0}
execute if entity @s[tag=aj.frestchika_v2.bone.group2] run data modify entity @s {} merge value {transformation:[0.000009749422210435397f,0.000002066678341852921f,8.231689947908556e-7f,0.0876138014424891f,0.000001045530051351823f,-9.90700691869989e-7f,-0.00000989572529180396f,0.6479475425175051f,-0.0000019635767044832195f,0.000009733825186967578f,-0.0000011819533642096164f,0.16353831604110672f,0f,0f,0f,1f],start_interpolation:0}
execute if entity @s[tag=aj.frestchika_v2.bone.group3] run data modify entity @s {} merge value {transformation:[0.000009749422210435397f,0.000002066678341852921f,8.231689947908556e-7f,0.0876138014424891f,0.000001045530051351823f,-9.90700691869989e-7f,-0.00000989572529180396f,0.6479475425175051f,-0.0000019635767044832195f,0.000009733825186967578f,-0.0000011819533642096164f,0.16353831604110672f,0f,0f,0f,1f],start_interpolation:0}
execute if entity @s[tag=aj.frestchika_v2.locator_origin.muzzle] at @s on origin run tp @s ^0.08762 ^0.64795 ^0.16354 ~34.8552 ~-81.71857
execute if entity @s[tag=aj.frestchika_v2.bone.gun] run data modify entity @s {} merge value {transformation:[0.000009749422210435397f,0.000002066678341852921f,8.231689947908556e-7f,0.08761503180931063f,0.000001045530051351823f,-9.90700691869989e-7f,-0.00000989572529180396f,0.647942767149116f,-0.0000019635767044832195f,0.000009733825186967578f,-0.0000011819533642096164f,0.1635394950500318f,0f,0f,0f,1f],start_interpolation:0}
execute if entity @s[tag=aj.frestchika_v2.bone.sword] run data modify entity @s {} merge value {transformation:[0.21749516201825955f,-0.3911500024841653f,-0.9524821479457177f,-0.03212445475872347f,-0.10426035011170585f,0.960129494514286f,-0.4180978895645447f,0.7412129342186025f,1.0243780288512812f,0.18076985761010944f,0.15967662536008592f,-0.06800988716676987f,0f,0f,0f,1f],start_interpolation:0}
execute if entity @s[tag=aj.frestchika_v2.bone.arm_right_1] run data modify entity @s {} merge value {transformation:[0.9749422210435397f,0.20666783418529205f,0.08231689947908555f,-0.21293583804877342f,0.10455300513518229f,-0.0990700691869989f,-0.989572529180396f,0.5657913408126111f,-0.19635767044832192f,0.9733825186967577f,-0.11819533642096164f,0.21899328190494402f,0f,0f,0f,1f],start_interpolation:0}
execute if entity @s[tag=aj.frestchika_v2.bone.arm_right_0] run data modify entity @s {} merge value {transformation:[0.5086853088224207f,0.20666783418529205f,-0.8357796736589127f,-0.3207987108520099f,-0.838951137415582f,-0.0990700691869989f,-0.5351131753380627f,0.875239491277167f,-0.19339143108560763f,0.9733825186967577f,0.12298872581751857f,0.2733900221078121f,0f,0f,0f,1f],start_interpolation:0}
execute if entity @s[tag=aj.frestchika_v2.bone.arm_left_1] run data modify entity @s {} merge value {transformation:[-0.4274156515142866f,0.8201629843267089f,0.38032688569298484f,0.32632166626935344f,0.3791175576040284f,-0.2193069611866136f,0.8989851691165153f,1.167561196959069f,0.8207226927269493f,0.5284289317546872f,-0.21720295975797815f,0.17410937382234992f,0f,0f,0f,1f],start_interpolation:0}
execute if entity @s[tag=aj.frestchika_v2.bone.arm_left_0] run data modify entity @s {} merge value {transformation:[-0.5272846311955472f,0.8201629843267089f,-0.22204413265223327f,0.16692416630566947f,-0.6481964689499451f,-0.2193069611866136f,0.7292090197027983f,0.9027129965148323f,0.5493744218161224f,0.5284289317546872f,0.6472639405519216f,0.31159025513599586f,0f,0f,0f,1f],start_interpolation:0}
execute if entity @s[tag=aj.frestchika_v2.bone.right_wing_0] run data modify entity @s {} merge value {transformation:[-0.000009664441805187892f,5.409523685368695e-7f,-0.000002511162107294341f,-0.3332171631632782f,-0.0000025280643697378028f,-2.6961563507631237e-7f,0.000009671411373309721f,1.3354710856476688f,4.554724323148579e-7f,0.000009981717184147063f,3.9732470235871207e-7f,0.06632053325343626f,0f,0f,0f,1f],start_interpolation:0}
execute if entity @s[tag=aj.frestchika_v2.bone.right_wing_1] run data modify entity @s {} merge value {transformation:[-0.000009664441805187892f,5.409523685368695e-7f,-0.000002511162107294341f,0.24472266295678188f,-0.0000025280643697378028f,-2.6961563507631237e-7f,0.000009671411373309721f,0.8412898886565794f,4.554724323148579e-7f,0.000009981717184147063f,3.9732470235871207e-7f,0.8043321367697828f,0f,0f,0f,1f],start_interpolation:0}
execute if entity @s[tag=aj.frestchika_v2.bone.right_wing_2] run data modify entity @s {} merge value {transformation:[-0.000009664441805187892f,5.409523685368695e-7f,-0.000002511162107294341f,0.24974865339401767f,-0.0000025280643697378028f,-2.6961563507631237e-7f,0.000009671411373309721f,0.8433754582034336f,4.554724323148579e-7f,0.000009981717184147063f,3.9732470235871207e-7f,0.7853317467793101f,0f,0f,0f,1f],start_interpolation:0}
execute if entity @s[tag=aj.frestchika_v2.bone.left_wing_0] run data modify entity @s {} merge value {transformation:[-0.000009664441805187892f,5.409523685368695e-7f,-0.000002511162107294341f,-0.3332171631632782f,-0.0000025280643697378028f,-2.6961563507631237e-7f,0.000009671411373309721f,1.3354710856476688f,4.554724323148579e-7f,0.000009981717184147063f,3.9732470235871207e-7f,0.06632053325343626f,0f,0f,0f,1f],start_interpolation:0}
execute if entity @s[tag=aj.frestchika_v2.bone.left_wing_1] run data modify entity @s {} merge value {transformation:[-0.000009664441805187892f,5.409523685368695e-7f,-0.000002511162107294341f,0.24472266295678188f,-0.0000025280643697378028f,-2.6961563507631237e-7f,0.000009671411373309721f,0.8412898886565794f,4.554724323148579e-7f,0.000009981717184147063f,3.9732470235871207e-7f,0.8043321367697828f,0f,0f,0f,1f],start_interpolation:0}
execute if entity @s[tag=aj.frestchika_v2.bone.left_wing_2] run data modify entity @s {} merge value {transformation:[-0.000009664441805187892f,5.409523685368695e-7f,-0.000002511162107294341f,0.24974865339401767f,-0.0000025280643697378028f,-2.6961563507631237e-7f,0.000009671411373309721f,0.8433754582034336f,4.554724323148579e-7f,0.000009981717184147063f,3.9732470235871207e-7f,0.7853317467793101f,0f,0f,0f,1f],start_interpolation:0}
execute if entity @s[tag=aj.frestchika_v2.bone.leg_right_1] run data modify entity @s {} merge value {transformation:[-0.9937632633625106f,0.010259637839668656f,-0.11103745414270022f,-0.17473537689129906f,-0.06926059816798093f,0.7236069064254358f,0.68672848675064f,0.5397786096826729f,0.08739305425780078f,0.6901360625302877f,-0.7183833720672297f,0.0988523570193546f,0f,0f,0f,1f],start_interpolation:0}
execute if entity @s[tag=aj.frestchika_v2.bone.leg_right_0] run data modify entity @s {} merge value {transformation:[-0.9937632633625106f,-0.11048425197308517f,-0.015093258662106063f,-0.21095969723237512f,-0.06926059816798093f,0.7176381633494306f,-0.6929635171102944f,0.6860821400544619f,0.08739305425780078f,-0.6875963180314476f,-0.7208146485034064f,-0.197113140322106f,0f,0f,0f,1f],start_interpolation:0}
execute if entity @s[tag=aj.frestchika_v2.bone.leg_left_1] run data modify entity @s {} merge value {transformation:[-0.9789797440411147f,-0.07857896477587575f,-0.1882126644302799f,0.1040958037673883f,-0.20300380122478262f,0.2862735534453293f,0.9363957012321624f,0.5374376827245368f,-0.019700696573534016f,0.9549203102314537f,-0.29620783862346f,-0.6797794943208465f,0f,0f,0f,1f],start_interpolation:0}
execute if entity @s[tag=aj.frestchika_v2.bone.leg_left_0] run data modify entity @s {} merge value {transformation:[-0.9789797440411147f,-0.09782208156538844f,-0.17896787732832942f,0.06741252318036764f,-0.20300380122478262f,0.3825853206264943f,0.9013422929883028f,0.6809071779594722f,-0.019700696573534016f,0.9187270066779016f,-0.3944015336623079f,-0.33525686681663336f,0f,0f,0f,1f],start_interpolation:0}
execute if entity @s[tag=aj.frestchika_v2.bone.body_0] run data modify entity @s {} merge value {transformation:[-0.970940035923869f,0.158889727562067f,-0.17896787732832942f,0.005628666525659143f,-0.09706624708307893f,0.42209029193739483f,0.9013422929883028f,0.8270577565506104f,0.21875463496201064f,0.8925210585344511f,-0.3944015336623079f,0.02678285950403716f,0f,0f,0f,1f],start_interpolation:0}
execute if entity @s[tag=aj.frestchika_v2.bone.body_1] run data modify entity @s {} merge value {transformation:[-0.9664441805187892f,0.054095236853686945f,-0.2511162107294341f,0f,-0.25280643697378025f,-0.026961563507631237f,0.9671411373309721f,0.84375f,0.04554724323148578f,0.9981717184147062f,0.0397324702358712f,0f,0f,0f,0f,1f],start_interpolation:0}