execute if entity @s[tag=aj.ecual.bone.wing_right_1] run data modify entity @s {} merge value {transformation:[-0.7416890445014364f,-0.13077978984148486f,-0.31581395200340345f,0.0327799028329548f,-0.3229482761101231f,0.02085139815494665f,0.7498093588352497f,1.1735303803354336f,-0.11200989540433749f,0.8058574999393164f,-0.07065350357560791f,-0.023266584607921387f,0f,0f,0f,1f],start_interpolation:0}
execute if entity @s[tag=aj.ecual.bone.wing_right_2] run data modify entity @s {} merge value {transformation:[-0.7202729011231882f,0.1596806578253565f,-0.30936876930945645f,0.0327799028329548f,-0.28445957656398413f,0.13993580547703785f,0.7345071270222855f,1.1735303803354336f,0.20072293642886238f,0.7713106104948604f,-0.06921159533937102f,-0.023266584607921387f,0f,0f,0f,1f],start_interpolation:0}
execute if entity @s[tag=aj.ecual.bone.wing_left_1] run data modify entity @s {} merge value {transformation:[-0.7416890445014364f,0.1307797898414843f,0.31581395200340345f,-0.03277990283295483f,0.3229482761101231f,0.02085139815494665f,0.7498093588352497f,1.1735303803354336f,0.11200989540433694f,0.8058574999393165f,-0.07065350357560768f,-0.023266584607921404f,0f,0f,0f,1f],start_interpolation:0}
execute if entity @s[tag=aj.ecual.bone.wing_left_2] run data modify entity @s {} merge value {transformation:[-0.720272901123188f,-0.15968065782535706f,0.30936876930945645f,-0.03277990283295483f,0.28445957656398413f,0.13993580547703785f,0.7345071270222855f,1.1735303803354336f,-0.2007229364288629f,0.7713106104948603f,-0.0692115953393708f,-0.023266584607921404f,0f,0f,0f,1f],start_interpolation:0}
execute if entity @s[tag=aj.ecual.bone.staff] run data modify entity @s {} merge value {transformation:[-0.7685890228326838f,-0.47621191924095185f,1.2743231034372522f,-0.7046702927910664f,-1.2860677425929021f,0.731523749197068f,-0.5023037087486663f,0.9238848126598833f,-0.443516544723079f,-1.2959558103320947f,-0.7517964233909248f,-0.3840177906637401f,0f,0f,0f,1f],start_interpolation:0}
execute if entity @s[tag=aj.ecual.bone.arm_right_2] run data modify entity @s {} merge value {transformation:[-0.6349265985924721f,-0.7520469099706525f,0.17690014020171677f,-0.49884680855738245f,0.19924570311704098f,0.061833086403251435f,0.9779968400844885f,0.9000120327694718f,-0.7464377832004417f,0.6562027999250243f,0.11058264412360982f,-0.12956463752076167f,0f,0f,0f,1f],start_interpolation:0}
execute if entity @s[tag=aj.ecual.bone.arm_right_1] run data modify entity @s {} merge value {transformation:[-0.646457723411622f,-0.7520469099706525f,0.12852181544413444f,-0.2984375000000001f,0.12493558672514686f,0.061833086403251435f,0.9902362185839759f,0.8419348467424121f,-0.7526509888461624f,0.6562027999250243f,0.053984945674257184f,0.10939898444110716f,0f,0f,0f,1f],start_interpolation:0}
execute if entity @s[tag=aj.ecual.bone.arm_left_2] run data modify entity @s {} merge value {transformation:[0.8905513641984925f,0.4047309662223665f,0.2076321572033433f,0.34160965419190426f,0.39892006290892335f,-0.9142271496990791f,0.07107392040571983f,0.5619474283313834f,0.2185887717449022f,0.01953365643722421f,-0.97562153785843f,0.14756118207734287f,0f,0f,0f,1f],start_interpolation:0}
execute if entity @s[tag=aj.ecual.bone.arm_left_1] run data modify entity @s {} merge value {transformation:[-0.08341861575995213f,0.8738291182645932f,0.4790240146564861f,0.2984374999999999f,0.948057656483482f,-0.0784827845642834f,0.30826471174963405f,0.8531304972046415f,0.3069658198036749f,0.4798574002763322f,-0.8218934607796183f,0.22821267477487145f,0f,0f,0f,1f],start_interpolation:0}
execute if entity @s[tag=aj.ecual.bone.himo_right_2] run data modify entity @s {} merge value {transformation:[-1f,-3.3436036658275376e-16f,1.5225480517282126e-16f,-0.15625f,0f,0.41441827765857886f,0.9100865294808497f,0.4608120884649327f,-3.6739403974420594e-16f,0.9100865294808497f,-0.41441827765857886f,0.03180419438235833f,0f,0f,0f,1f],start_interpolation:0}
execute if entity @s[tag=aj.ecual.bone.himo_right_1] run data modify entity @s {} merge value {transformation:[-1f,-1.2526678484912266e-16f,3.453789412415454e-16f,-0.15625000000000003f,0f,0.9400776928281461f,0.34096030772937486f,0.6392076577935187f,-3.6739403974420594e-16f,0.34096030772937486f,-0.9400776928281461f,0.08985876650144023f,0f,0f,0f,1f],start_interpolation:0}
execute if entity @s[tag=aj.ecual.bone.himo_left_2] run data modify entity @s {} merge value {transformation:[-1f,-2.995361971796082e-16f,2.127356270556159e-16f,0.15625000000000003f,0f,0.5790394073995614f,0.8152995551810175f,0.6153952727905522f,-3.6739403974420594e-16f,0.8152995551810175f,-0.5790394073995614f,-0.09622799503862864f,0f,0f,0f,1f],start_interpolation:0}
execute if entity @s[tag=aj.ecual.bone.himo_left_1] run data modify entity @s {} merge value {transformation:[-1f,-3.657737696383334e-16f,3.446635873037144e-17f,0.15624999999999997f,0f,0.0938130590097985f,0.9955898301806946f,0.6392076577935187f,-3.6739403974420594e-16f,0.9955898301806946f,-0.0938130590097985f,0.08985876650144034f,0f,0f,0f,1f],start_interpolation:0}
execute if entity @s[tag=aj.ecual.bone.ponpon1] run data modify entity @s {} merge value {transformation:[-1f,-6.897197178285809e-17f,3.6086181226052705e-16f,0.29374999999999984f,0f,0.9822201049090863f,0.18773296330794872f,1.3521272797596993f,-3.6739403974420594e-16f,0.18773296330794872f,-0.9822201049090863f,0.37488179083823353f,0f,0f,0f,1f],start_interpolation:0}
execute if entity @s[tag=aj.ecual.bone.ponpon2] run data modify entity @s {} merge value {transformation:[-1f,-6.897197178285809e-17f,3.6086181226052705e-16f,0.3312499999999999f,0f,0.9822201049090863f,0.18773296330794872f,1.2469497319561835f,-3.6739403974420594e-16f,0.18773296330794872f,-0.9822201049090863f,0.2593320355895131f,0f,0f,0f,1f],start_interpolation:0}
execute if entity @s[tag=aj.ecual.bone.ponpon3] run data modify entity @s {} merge value {transformation:[-1f,-6.897197178285809e-17f,3.6086181226052705e-16f,-0.2937500000000002f,0f,0.9822201049090863f,0.18773296330794872f,1.3521272797596993f,-3.6739403974420594e-16f,0.18773296330794872f,-0.9822201049090863f,0.3748817908382333f,0f,0f,0f,1f],start_interpolation:0}
execute if entity @s[tag=aj.ecual.bone.ponpon4] run data modify entity @s {} merge value {transformation:[-1f,-6.897197178285809e-17f,3.6086181226052705e-16f,-0.3312500000000001f,0f,0.9822201049090863f,0.18773296330794872f,1.2469497319561835f,-3.6739403974420594e-16f,0.18773296330794872f,-0.9822201049090863f,0.2593320355895129f,0f,0f,0f,1f],start_interpolation:0}
execute if entity @s[tag=aj.ecual.bone.ear_edge_a1] run data modify entity @s {} merge value {transformation:[-0.9876901035522085f,0.1564092535795349f,-0.0020987471787051607f,0.1953010953902691f,0.15394863158805988f,0.9743539778576099f,0.1641162535071276f,1.4623097111638093f,0.027714223373408363f,0.1617729001648444f,-0.9864387718429686f,0.37097942347669477f,0f,0f,0f,1f],start_interpolation:0}
execute if entity @s[tag=aj.ecual.bone.ear_edge_a2] run data modify entity @s {} merge value {transformation:[-0.9999977973107771f,-0.000025176853025069f,-0.0020987471787051607f,0.080116083423411f,-0.0003692748158730802f,0.9864409353686081f,0.1641162535071276f,1.4722079191108288f,0.0020661581992705725f,0.16411666702450267f,-0.9864387718429686f,0.3728712804037165f,0f,0f,0f,1f],start_interpolation:0}
execute if entity @s[tag=aj.ecual.bone.ear_edge_b1] run data modify entity @s {} merge value {transformation:[-0.9703157373049924f,0.2417955509350342f,-0.004720326926407186f,0.057874193381337716f,0.2389864456147495f,0.9616678976096423f,0.13446313070681754f,1.4683174529534342f,0.03705197364105264f,0.12934359765784156f,-0.9909073543950662f,0.3759757156763275f,0f,0f,0f,1f],start_interpolation:0}
execute if entity @s[tag=aj.ecual.bone.ear_edge_b2] run data modify entity @s {} merge value {transformation:[-0.9975440392308283f,-0.06988281840875882f,-0.004720326926407186f,0.08698001705492914f,-0.06988210689808153f,0.9884513936537326f,0.13446313070681754f,1.478249954334671f,-0.004730848816949306f,0.13446276092376666f,-0.9909073543950662f,0.37718487637430276f,0f,0f,0f,1f],start_interpolation:0}
execute if entity @s[tag=aj.ecual.bone.ear_right_2] run data modify entity @s {} merge value {transformation:[-0.9961946980917455f,0.08702782318088734f,-0.004720326926407186f,0.14460435568770738f,0.08560612278503414f,0.987213886765292f,0.13446313070681754f,1.5862818994618129f,0.016362005855322763f,0.13354736901250147f,-0.9909073543950662f,0.3600332303765821f,0f,0f,0f,1f],start_interpolation:0}
execute if entity @s[tag=aj.ecual.bone.ear_right_1] run data modify entity @s {} merge value {transformation:[-0.9961946980917455f,0.0871304697231447f,-0.0020987471787051607f,0.12499999999999986f,0.08560612278503414f,0.9827194142157251f,0.1641162535071276f,1.365170031263275f,0.016362005855322763f,0.16331207600580638f,-0.9864387718429686f,0.3232880132752757f,0f,0f,0f,1f],start_interpolation:0}
execute if entity @s[tag=aj.ecual.bone.ear_edge_a3] run data modify entity @s {} merge value {transformation:[-0.9876883405951377f,-0.15643446504023095f,3.6086181226052705e-16f,-0.19523827377799102f,-0.15365307666321237f,0.9701273455168374f,0.18773296330794872f,1.4611082722102957f,-0.02936790568549661f,0.1854216590046357f,-0.9822201049090863f,0.3734404893051728f,0f,0f,0f,1f],start_interpolation:0}
execute if entity @s[tag=aj.ecual.bone.ear_edge_a4] run data modify entity @s {} merge value {transformation:[-1f,-6.938893903907228e-17f,3.6086181226052705e-16f,-0.08005326181113294f,-1.3877787807814457e-17f,0.9822201049090863f,0.18773296330794872f,1.4710064801573153f,-3.642919299551295e-16f,0.18773296330794872f,-0.9822201049090863f,0.37533234623219464f,0f,0f,0f,1f],start_interpolation:0}
execute if entity @s[tag=aj.ecual.bone.ear_edge_b3] run data modify entity @s {} merge value {transformation:[-0.9702957262759965f,-0.24192189559966779f,3.6086181226052705e-16f,-0.05771677939820312f,-0.23762054967571067f,0.9530439700556473f,0.18773296330794872f,1.466763598712803f,-0.04541671435000218f,0.18215649197883102f,-0.9822201049090863f,0.3745213989683771f,0f,0f,0f,1f],start_interpolation:0}
execute if entity @s[tag=aj.ecual.bone.ear_edge_b4] run data modify entity @s {} merge value {transformation:[-0.9975640502598243f,0.06975647374412522f,3.6086181226052705e-16f,-0.08682420206637917f,0.06851621095904266f,0.9798274660997376f,0.18773296330794872f,1.4765869572703432f,0.013095589525897396f,0.18727565524475634f,-0.9822201049090863f,0.3763989498375015f,0f,0f,0f,1f],start_interpolation:0}
execute if entity @s[tag=aj.ecual.bone.ear_left_2] run data modify entity @s {} merge value {transformation:[-0.9961946980917455f,-0.08715574274765825f,3.6086181226052705e-16f,-0.1446100421182232f,-0.08560612278503416f,0.9784824608695498f,0.18773296330794872f,1.5853285849589234f,-0.016362005855323495f,0.1870185827044307f,-0.9822201049090863f,0.3653671943837724f,0f,0f,0f,1f],start_interpolation:0}
execute if entity @s[tag=aj.ecual.bone.ear_left_1] run data modify entity @s {} merge value {transformation:[-0.9961946980917455f,-0.08715574274765825f,3.6086181226052705e-16f,-0.12500000000000014f,-0.08560612278503416f,0.9784824608695498f,0.18773296330794872f,1.365170031263275f,-0.016362005855323495f,0.1870185827044307f,-0.9822201049090863f,0.32328801327527557f,0f,0f,0f,1f],start_interpolation:0}
execute if entity @s[tag=aj.ecual.bone.head] run data modify entity @s {} merge value {transformation:[-1f,-6.897197178285809e-17f,3.6086181226052705e-16f,-1.1460339577865318e-16f,0f,0.9822201049090863f,0.18773296330794872f,0.8559155723939949f,-3.6739403974420594e-16f,0.18773296330794872f,-0.9822201049090863f,0.2577692478583608f,0f,0f,0f,1f],start_interpolation:0}
execute if entity @s[tag=aj.ecual.bone.body_1] run data modify entity @s {} merge value {transformation:[-1f,-3.657737696383334e-16f,3.446635873037144e-17f,2.2561767835721833e-17f,0f,0.0938130590097985f,0.9955898301806946f,0.8207356752653204f,-3.6739403974420594e-16f,0.9955898301806946f,-0.0938130590097985f,-0.11557693845939965f,0f,0f,0f,1f],start_interpolation:0}
execute if entity @s[tag=aj.ecual.bone.leg_left_2] run data modify entity @s {} merge value {transformation:[-0.9848793994593379f,-0.17138796279966043f,-0.025273201775714266f,0.18805012088346518f,0.05220439261822212f,-0.4327107799830454f,0.9000200454866697f,0.9534263956684498f,-0.1651885889278563f,0.8850918297520585f,0.4351151376293142f,-0.7809040891362062f,0f,0f,0f,1f],start_interpolation:0}
execute if entity @s[tag=aj.ecual.bone.leg_left_1] run data modify entity @s {} merge value {transformation:[-0.9848793994593379f,-0.17063056805309057f,0.029962939884019744f,0.1250000000000001f,0.05220439261822212f,-0.12739463329742667f,0.9904773136212545f,0.9069167039395265f,-0.1651885889278563f,0.9770648988951011f,0.13437601510362596f,-0.41968812760247076f,0f,0f,0f,1f],start_interpolation:0}
execute if entity @s[tag=aj.ecual.bone.leg_right_2] run data modify entity @s {} merge value {transformation:[-0.9853098414798442f,0.16542433475700785f,0.0424182243047224f,-0.194534111302178f,-0.04842736433325076f,-0.5088390290787687f,0.8594984775262321f,1.0025670283392651f,0.1637660119398984f,0.8448181058407649f,0.5093751676092226f,-0.7743957817207916f,0f,0f,0f,1f],start_interpolation:0}
execute if entity @s[tag=aj.ecual.bone.leg_right_1] run data modify entity @s {} merge value {transformation:[-0.9853098414798442f,0.17070845999471423f,-0.004810194299338452f,-0.12499999999999988f,-0.04842736433325076f,-0.25228505126043843f,0.9664403982110086f,0.8944912931718628f,0.1637660119398984f,0.9524761805928541f,0.2568459046520891f,-0.3879980155879849f,0f,0f,0f,1f],start_interpolation:0}
execute if entity @s[tag=aj.ecual.bone.skirt_forward_right] run data modify entity @s {} merge value {transformation:[-0.9686153557640771f,0.24856446362670295f,1.9895931109693343e-16f,6.928477216658584e-17f,0.1346081021912593f,0.5245459181507343f,0.8406736813864646f,0.8699680520564148f,0.20896160269891223f,0.8142894369776468f,-0.5415420218451467f,-0.24275103296402029f,0f,0f,0f,1f],start_interpolation:0}
execute if entity @s[tag=aj.ecual.bone.skirt_forward_left] run data modify entity @s {} merge value {transformation:[-0.9686153557640769f,-0.24856446362670356f,1.9895931109693343e-16f,8.315883153075547e-17f,-0.1346081021912593f,0.5245459181507343f,0.8406736813864646f,0.8731685501326163f,-0.20896160269891295f,0.8142894369776466f,-0.5415420218451467f,-0.28051446367680294f,0f,0f,0f,1f],start_interpolation:0}
execute if entity @s[tag=aj.ecual.bone.skirt_forward] run data modify entity @s {} merge value {transformation:[-1f,-3.088584999112067e-16f,1.9895931109693343e-16f,6.928477216658584e-17f,0f,0.5415420218451467f,0.8406736813864646f,0.8699680520564148f,-3.6739403974420594e-16f,0.8406736813864646f,-0.5415420218451467f,-0.24275103296402029f,0f,0f,0f,1f],start_interpolation:0}
execute if entity @s[tag=aj.ecual.bone.skirt_back_right] run data modify entity @s {} merge value {transformation:[-0.9543849635093515f,0.2985788696931745f,-7.507418933145053e-17f,6.103738772204047e-17f,-0.06101233054657744f,-0.19502133865719717f,0.9788994703183929f,0.8590775005683897f,0.29227869739091294f,0.9342469352591429f,0.20434242586983747f,-0.22030269806373853f,0f,0f,0f,1f],start_interpolation:0}
execute if entity @s[tag=aj.ecual.bone.skirt_back_left] run data modify entity @s {} merge value {transformation:[-0.9531588110420598f,-0.3024702976043878f,-7.507418933145053e-17f,6.103738772204047e-17f,0.06180751436605223f,-0.19477078368754455f,0.9788994703183929f,0.8590775005683897f,-0.2960880141119819f,0.9330466552583815f,0.20434242586983747f,-0.22030269806373853f,0f,0f,0f,1f],start_interpolation:0}
execute if entity @s[tag=aj.ecual.bone.skirt_back] run data modify entity @s {} merge value {transformation:[-1f,-3.596418309037378e-16f,-7.507418933145053e-17f,6.103738772204047e-17f,0f,-0.20434242586983747f,0.9788994703183929f,0.8590775005683897f,-3.6739403974420594e-16f,0.9788994703183929f,0.20434242586983747f,-0.22030269806373853f,0f,0f,0f,1f],start_interpolation:0}
execute if entity @s[tag=aj.ecual.bone.skirt_right] run data modify entity @s {} merge value {transformation:[-0.9485484157978156f,0.31379789039139855f,-0.042270401859482144f,-0.19374999999999998f,-0.021179421343235638f,0.07032088846692656f,0.9972995561799816f,0.8502405177819762f,0.31592298903216903f,0.9468821767417158f,-0.06005670961558017f,-0.16341097967292986f,0f,0f,0f,1f],start_interpolation:0}
execute if entity @s[tag=aj.ecual.bone.skirt_left] run data modify entity @s {} merge value {transformation:[-0.9507347819148543f,-0.3071086088349176f,0.04228092757728936f,0.19375000000000006f,0.02073616465182153f,0.07308214763893049f,0.9971103304910717f,0.8508268596861992f,-0.30931114744355237f,0.9488642168803518f,-0.06311348501857501f,-0.19136661315828932f,0f,0f,0f,1f],start_interpolation:0}
execute if entity @s[tag=aj.ecual.bone.coat_downer] run data modify entity @s {} merge value {transformation:[-1f,-3.6230248242229226e-16f,-6.095319245299476e-17f,-0.007812499999999911f,0f,-0.16590686254853984f,0.9861414264492189f,0.8791194773821998f,-3.6739403974420594e-16f,0.9861414264492189f,0.16590686254853984f,-0.2975216638146777f,0f,0f,0f,1f],start_interpolation:0}
execute if entity @s[tag=aj.ecual.bone.body_2] run data modify entity @s {} merge value {transformation:[-1f,-3.556113913334837e-16f,-9.229798910827444e-17f,9.950255243072246e-18f,0f,-0.2512234253243082f,0.9679291247649913f,0.8229867432862996f,-3.6739403974420594e-16f,0.9679291247649913f,0.2512234253243082f,-0.08125f,0f,0f,0f,1f],start_interpolation:0}
execute if entity @s[tag=aj.ecual.bone.book_left] run data modify entity @s {} merge value {transformation:[0.30189962050841274f,-0.08620742009576884f,-0.949433989204783f,-0.09227654471133191f,-0.9374265334259206f,0.1543595100461599f,-0.3120971580892249f,0.6263036120406396f,0.17345925621291475f,0.9842466268058738f,-0.03421204547116842f,0.12624409736501954f,0f,0f,0f,1f],start_interpolation:0}
execute if entity @s[tag=aj.ecual.bone.book_right] run data modify entity @s {} merge value {transformation:[0.30189962050841274f,-0.08620742009576884f,-0.949433989204783f,-0.06397345528866823f,-0.9374265334259206f,0.1543595100461599f,-0.3120971580892249f,0.5384198745319595f,0.17345925621291475f,0.9842466268058738f,-0.03421204547116842f,0.14250590263498028f,0f,0f,0f,1f],start_interpolation:0}
execute if entity @s[tag=aj.ecual.bone.book_loot_1] run data modify entity @s {} merge value {transformation:[0.30189962050841274f,-0.08620742009576884f,-0.949433989204783f,0.0642900983807174f,-0.9374265334259206f,0.1543595100461599f,-0.3120971580892249f,0.6291763169996832f,0.17345925621291475f,0.9842466268058738f,-0.03421204547116842f,0.13950680682067518f,0f,0f,0f,1f],start_interpolation:0}
execute if entity @s[tag=aj.ecual.bone.book_left2] run data modify entity @s {} merge value {transformation:[-0.30282276105572536f,-0.15880536435279366f,0.9397229547262126f,0.5067014508651979f,0.9502418521795858f,0.025284415989056175f,0.310485298644562f,2.0906445406524776f,-0.07306707707919811f,0.986986096437467f,0.14324680689716518f,-0.5206378745279063f,0f,0f,0f,1f],start_interpolation:0}
execute if entity @s[tag=aj.ecual.bone.book_right2] run data modify entity @s {} merge value {transformation:[-0.6741829614063601f,-0.15880536435279366f,-0.7212892559868936f,0.5970316768948023f,-0.733097608587891f,0.025284415989056175f,0.6796532899874819f,2.070568211360121f,-0.08969521075322763f,0.986986096437467f,-0.13346615528689393f,-0.5055894936320932f,0f,0f,0f,1f],start_interpolation:0}
execute if entity @s[tag=aj.ecual.bone.book_loot_2] run data modify entity @s {} merge value {transformation:[-0.963522410982446f,-0.15880536435279366f,0.21541917228359875f,0.5195536880374603f,0.21414751245180008f,0.025284415989056175f,0.976474035097093f,1.9341352707417354f,-0.16051606288867318f,0.986986096437467f,0.009645672286094111f,-0.5145605349229139f,0f,0f,0f,1f],start_interpolation:0}
execute if entity @s[tag=aj.ecual.bone.air_staff_povit_1] run data modify entity @s {} merge value {transformation:[-0.000015625f,0f,5.740531871003218e-21f,-0.007217500000000243f,0f,0.000015625f,0f,0.9891092432862996f,-5.740531871003218e-21f,0f,-0.000015625f,0.60625f,0f,0f,0f,1f],start_interpolation:0}