execute if entity @s[tag=aj.ecual.bone.wing_right_1] run data modify entity @s {} merge value {transformation:[-0.6485908672369409f,-0.11436406933497496f,-0.4829028794969257f,0.04435553957325174f,-0.4885540447144391f,0.007644158323748966f,0.6543706569530207f,1.078078373058615f,-0.08711645524491379f,0.808583249228619f,-0.07448688969808334f,-0.027344899494313693f,0f,0f,0f,1f],start_interpolation:0}
execute if entity @s[tag=aj.ecual.bone.wing_right_2] run data modify entity @s {} merge value {transformation:[-0.6298629176878066f,0.1396372470480958f,-0.473047718690866f,0.04435553957325174f,-0.4392879572496978f,0.19006415034686358f,0.6410161537498978f,1.078078373058615f,0.22427392968687024f,0.764445588639083f,-0.07296674909200002f,-0.027344899494313693f,0f,0f,0f,1f],start_interpolation:0}
execute if entity @s[tag=aj.ecual.bone.wing_left_1] run data modify entity @s {} merge value {transformation:[-0.6485908672369409f,0.11436406933497437f,0.4829028794969257f,-0.04435553957325174f,0.4885540447144391f,0.007644158323748966f,0.6543706569530207f,1.078078373058615f,0.08711645524491334f,0.808583249228619f,-0.07448688969808298f,-0.027344899494313714f,0f,0f,0f,1f],start_interpolation:0}
execute if entity @s[tag=aj.ecual.bone.wing_left_2] run data modify entity @s {} merge value {transformation:[-0.6298629176878063f,-0.13963724704809635f,0.473047718690866f,-0.04435553957325174f,0.4392879572496978f,0.19006415034686358f,0.6410161537498978f,1.078078373058615f,-0.22427392968687068f,0.7644455886390829f,-0.07296674909199966f,-0.027344899494313714f,0f,0f,0f,1f],start_interpolation:0}
execute if entity @s[tag=aj.ecual.bone.staff] run data modify entity @s {} merge value {transformation:[-0.7460809762369123f,-0.4880958107615619f,1.2831725941643195f,-0.7031679265719292f,-1.3144546409172504f,0.6754378451899737f,-0.5073450150107188f,0.8420996986185035f,-0.396205027565877f,-1.3217232867745567f,-0.7331271235804773f,-0.38505680161069106f,0f,0f,0f,1f],start_interpolation:0}
execute if entity @s[tag=aj.ecual.bone.arm_right_2] run data modify entity @s {} merge value {transformation:[-0.6332985183205827f,-0.7537010561226594f,0.17569207350515906f,-0.49881149273753383f,0.18347110294313768f,0.07433092314572896f,0.9802108284696373f,0.8234317028142093f,-0.7518452906534582f,0.6530004838159705f,0.09120870056264083f,-0.13029694666223207f,0f,0f,0f,1f],start_interpolation:0}
execute if entity @s[tag=aj.ecual.bone.arm_right_1] run data modify entity @s {} merge value {transformation:[-0.6442679596453496f,-0.7537010561226594f,0.1298210852442928f,-0.2984375000000001f,0.11270040426117102f,0.07433092314572896f,0.9908448580598642f,0.7696191346336391f,-0.7564505370834148f,0.6530004838159705f,0.03705338152344122f,0.11093139475487888f,0f,0f,0f,1f],start_interpolation:0}
execute if entity @s[tag=aj.ecual.bone.arm_left_2] run data modify entity @s {} merge value {transformation:[0.8884336159876324f,0.40919288760875683f,0.20795886784060832f,0.3421699472003227f,0.40686778169282534f,-0.9117771947043796f,0.055865512056825745f,0.49027919785777935f,0.21247192332988313f,0.034978964356013414f,-0.9765409125321278f,0.15176085926740834f,0f,0f,0f,1f],start_interpolation:0}
execute if entity @s[tag=aj.ecual.bone.arm_left_1] run data modify entity @s {} merge value {transformation:[-0.08487348331760368f,0.873818485185466f,0.47878778887698686f,0.2984374999999999f,0.952728357469922f,-0.06951836956285712f,0.29576320455050986f,0.7829433801320894f,0.29172790182325925f,0.4812571570808061f,-0.8266113839382441f,0.22798548730143225f,0f,0f,0f,1f],start_interpolation:0}
execute if entity @s[tag=aj.ecual.bone.himo_right_2] run data modify entity @s {} merge value {transformation:[-1f,-3.3105762325742986e-16f,1.5930860153396868e-16f,-0.15625f,0f,0.43361781711234504f,0.9010968808528443f,0.3875810206282937f,-3.6739403974420594e-16f,0.9010968808528443f,-0.43361781711234504f,0.03699961852275635f,0f,0f,0f,1f],start_interpolation:0}
execute if entity @s[tag=aj.ecual.bone.himo_right_1] run data modify entity @s {} merge value {transformation:[-1f,-1.2284887767422306e-16f,3.4624634827496874e-16f,-0.15625000000000003f,0f,0.94243866480806f,0.3343790709281926f,0.5663781394731061f,-3.6739403974420594e-16f,0.3343790709281926f,-0.94243866480806f,0.0938054526667421f,0f,0f,0f,1f],start_interpolation:0}
execute if entity @s[tag=aj.ecual.bone.himo_left_2] run data modify entity @s {} merge value {transformation:[-1f,-2.953550416244526e-16f,2.185035007192907e-16f,0.15625000000000003f,0f,0.5947388282929722f,0.8039189798236528f,0.5389620957639524f,-3.6739403974420594e-16f,0.8039189798236528f,-0.5947388282929722f,-0.0917846145441346f,0f,0f,0f,1f],start_interpolation:0}
execute if entity @s[tag=aj.ecual.bone.himo_left_1] run data modify entity @s {} merge value {transformation:[-1f,-3.6503671954223157e-16f,4.1552061626510864e-17f,0.15624999999999997f,0f,0.11309944400687894f,0.9935836732582389f,0.5663781394731061f,-3.6739403974420594e-16f,0.9935836732582389f,-0.11309944400687894f,0.09380545266674221f,0f,0f,0f,1f],start_interpolation:0}
execute if entity @s[tag=aj.ecual.bone.ponpon1] run data modify entity @s {} merge value {transformation:[-1f,-6.824446255174076e-17f,3.6100010217531967e-16f,0.29374999999999984f,0f,0.9825965125255217f,0.1857527754104427f,1.282747776481628f,-3.6739403974420594e-16f,0.1857527754104427f,-0.9825965125255217f,0.37359462128747634f,0f,0f,0f,1f],start_interpolation:0}
execute if entity @s[tag=aj.ecual.bone.ponpon2] run data modify entity @s {} merge value {transformation:[-1f,-6.824446255174076e-17f,3.6100010217531967e-16f,0.3312499999999999f,0f,0.9825965125255217f,0.1857527754104427f,1.1773375351106665f,-3.6739403974420594e-16f,0.1857527754104427f,-0.9825965125255217f,0.2582571013119033f,0f,0f,0f,1f],start_interpolation:0}
execute if entity @s[tag=aj.ecual.bone.ponpon3] run data modify entity @s {} merge value {transformation:[-1f,-6.824446255174076e-17f,3.6100010217531967e-16f,-0.2937500000000002f,0f,0.9825965125255217f,0.1857527754104427f,1.282747776481628f,-3.6739403974420594e-16f,0.1857527754104427f,-0.9825965125255217f,0.3735946212874761f,0f,0f,0f,1f],start_interpolation:0}
execute if entity @s[tag=aj.ecual.bone.ponpon4] run data modify entity @s {} merge value {transformation:[-1f,-6.824446255174076e-17f,3.6100010217531967e-16f,-0.3312500000000001f,0f,0.9825965125255217f,0.1857527754104427f,1.1773375351106665f,-3.6739403974420594e-16f,0.1857527754104427f,-0.9825965125255217f,0.2582571013119031f,0f,0f,0f,1f],start_interpolation:0}
execute if entity @s[tag=aj.ecual.bone.ear_edge_a1] run data modify entity @s {} merge value {transformation:[-0.9876903678891427f,0.15640547338526176f,-0.0022505719588918395f,0.1953054254462772f,0.15402378388883403f,0.9749584113373606f,0.16041437017641394f,1.3930063936652357f,0.027283899566882236f,0.1580930866852248f,-0.9870471948021343f,0.3692908169006955f,0f,0f,0f,1f],start_interpolation:0}
execute if entity @s[tag=aj.ecual.bone.ear_edge_a2] run data modify entity @s {} merge value {transformation:[-0.999997467040616f,-0.000028951858240700012f,-0.0022505719588918395f,0.0801204134794191f,-0.00038960199268676943f,0.9870496836791914f,0.16041437017641394f,1.4029083948158783f,0.0022167820460163284f,0.16041484068064954f,-0.9870471948021343f,0.3711627187163468f,0f,0f,0f,1f],start_interpolation:0}
execute if entity @s[tag=aj.ecual.bone.ear_edge_b1] run data modify entity @s {} merge value {transformation:[-0.9703187370715092f,0.24177661115464566f,-0.00506150042247858f,0.057886339491244346f,0.23914070182847574f,0.9624321216464921f,0.1285929078604877f,1.399061796364508f,0.03596210807135099f,0.12356569718820475f,-0.9916845492703098f,0.37455703076758984f,0f,0f,0f,1f],start_interpolation:0}
execute if entity @s[tag=aj.ecual.bone.ear_edge_b2] run data modify entity @s {} merge value {transformation:[-0.9975410394643116f,-0.06990175818914736f,-0.00506150042247858f,0.08699192346649659f,-0.06997155873573452f,0.9892258816954173f,0.1285929078604877f,1.4090031119015816f,-0.00398190313197502f,0.12863086404899177f,-0.9916845492703098f,0.3756975796932699f,0f,0f,0f,1f],start_interpolation:0}
execute if entity @s[tag=aj.ecual.bone.ear_right_2] run data modify entity @s {} merge value {transformation:[-0.9961946980917455f,0.08700864731375386f,-0.00506150042247858f,0.14460350306705488f,0.08563892887042045f,0.9879928329243644f,0.1285929078604877f,1.5169352207561633f,0.0161894211083357f,0.12767011154815996f,-0.9916845492703098f,0.35788718089421767f,0f,0f,0f,1f],start_interpolation:0}
execute if entity @s[tag=aj.ecual.bone.ear_right_1] run data modify entity @s {} merge value {transformation:[-0.9961946980917455f,0.08712668029802242f,-0.0022505719588918395f,0.12499999999999986f,0.08563892887042045f,0.9833276176853936f,0.16041437017641394f,1.29568650677695f,0.0161894211083357f,0.1596112084955649f,-0.9870471948021343f,0.3219746589827156f,0f,0f,0f,1f],start_interpolation:0}
execute if entity @s[tag=aj.ecual.bone.ear_edge_a3] run data modify entity @s {} merge value {transformation:[-0.9876883405951377f,-0.15643446504023095f,3.6100010217531967e-16f,-0.19523827377799102f,-0.1537119597873265f,0.970499118930902f,0.1857527754104427f,1.3917256423952942f,-0.02905813605107111f,0.18346585050608136f,-0.9825965125255217f,0.37193365574625453f,0f,0f,0f,1f],start_interpolation:0}
execute if entity @s[tag=aj.ecual.bone.ear_edge_a4] run data modify entity @s {} merge value {transformation:[-1f,-6.938893903907228e-17f,3.6100010217531967e-16f,-0.08005326181113294f,0f,0.9825965125255218f,0.1857527754104427f,1.4016276435459365f,-3.642919299551295e-16f,0.1857527754104427f,-0.9825965125255217f,0.3738055575619059f,0f,0f,0f,1f],start_interpolation:0}
execute if entity @s[tag=aj.ecual.bone.ear_edge_b3] run data modify entity @s {} merge value {transformation:[-0.9702957262759965f,-0.24192189559966779f,3.6100010217531967e-16f,-0.05771677939820312f,-0.23771161091979687f,0.9534091967572125f,0.1857527754104427f,1.3973831361390934f,-0.044937663540193996f,0.18023512412465745f,-0.9825965125255217f,0.37300316408602757f,0f,0f,0f,1f],start_interpolation:0}
execute if entity @s[tag=aj.ecual.bone.ear_edge_b4] run data modify entity @s {} merge value {transformation:[-0.9975640502598243f,0.06975647374412522f,3.6100010217531967e-16f,-0.08682420206637917f,0.06854246782705563f,0.9802029568061377f,0.1857527754104427f,1.4072102592163795f,0.012957458600816582f,0.18530029098544473f,-0.9825965125255217f,0.37486091074260197f,0f,0f,0f,1f],start_interpolation:0}
execute if entity @s[tag=aj.ecual.bone.ear_left_2] run data modify entity @s {} merge value {transformation:[-0.9961946980917455f,-0.08715574274765825f,3.6100010217531967e-16f,-0.1446100421182232f,-0.08563892887042046f,0.9788574361413642f,0.1857527754104427f,1.5159294299087567f,-0.016189421108336433f,0.18504593001970973f,-0.9825965125255217f,0.3636099932371501f,0f,0f,0f,1f],start_interpolation:0}
execute if entity @s[tag=aj.ecual.bone.ear_left_1] run data modify entity @s {} merge value {transformation:[-0.9961946980917455f,-0.08715574274765825f,3.6100010217531967e-16f,-0.12500000000000014f,-0.08563892887042046f,0.9788574361413642f,0.1857527754104427f,1.29568650677695f,-0.016189421108336433f,0.18504593001970973f,-0.9825965125255217f,0.3219746589827155f,0f,0f,0f,1f],start_interpolation:0}
execute if entity @s[tag=aj.ecual.bone.head] run data modify entity @s {} merge value {transformation:[-1f,-6.824446255174076e-17f,3.6100010217531967e-16f,-1.1449804728027903e-16f,0f,0.9825965125255217f,0.1857527754104427f,0.7863010198760437f,-3.6739403974420594e-16f,0.1857527754104427f,-0.9825965125255217f,0.2574825026012862f,0f,0f,0f,1f],start_interpolation:0}
execute if entity @s[tag=aj.ecual.bone.body_1] run data modify entity @s {} merge value {transformation:[-1f,-3.6503671954223157e-16f,4.1552061626510864e-17f,2.2390722548057802e-17f,0f,0.11309944400687894f,0.9935836732582389f,0.7438887283734641f,-3.6739403974420594e-16f,0.9935836732582389f,-0.11309944400687894f,-0.11511137487055341f,0f,0f,0f,1f],start_interpolation:0}
execute if entity @s[tag=aj.ecual.bone.leg_left_2] run data modify entity @s {} merge value {transformation:[-0.9850568883305797f,-0.1706860972655121f,-0.0230039768897455f,0.18740068108304705f,0.04805979568579281f,-0.4006731982076987f,0.9149596954383588f,0.8539485302070877f,-0.16538797656152532f,0.9001817841071226f,0.40288903282492317f,-0.7836008987084249f,0f,0f,0f,1f],start_interpolation:0}
execute if entity @s[tag=aj.ecual.bone.leg_left_1] run data modify entity @s {} merge value {transformation:[-0.9850568883305797f,-0.16912397222535738f,0.032557775894436425f,0.1250000000000001f,0.04805979568579281f,-0.08839115353587049f,0.9949257560316941f,0.8220742727831816f,-0.16538797656152532f,0.9816231894140004f,0.09519837820871549f,-0.4212024240185244f,0f,0f,0f,1f],start_interpolation:0}
execute if entity @s[tag=aj.ecual.bone.leg_right_2] run data modify entity @s {} merge value {transformation:[-0.9853445674986553f,0.165431118835371f,0.04157677502843871f,-0.19428577593808097f,-0.04427792542306598f,-0.4834494368895035f,0.8742517413717008f,0.9031305380488319f,0.16472871219407215f,0.8595982706428039f,0.4836892230418032f,-0.7790436872964361f,0f,0f,0f,1f],start_interpolation:0}
execute if entity @s[tag=aj.ecual.bone.leg_right_1] run data modify entity @s {} merge value {transformation:[-0.9853445674986553f,0.17043150379478555f,-0.007013259950696884f,-0.12499999999999988f,-0.04427792542306598f,-0.2158528691562019f,0.9754214495269544f,0.8106507567412179f,0.16472871219407215f,0.9614367589141178f,0.22023580541682808f,-0.3894604190800854f,0f,0f,0f,1f],start_interpolation:0}
execute if entity @s[tag=aj.ecual.bone.skirt_forward_right] run data modify entity @s {} merge value {transformation:[-0.9705861857527313f,0.24075393252440289f,1.977354672928229e-16f,6.946541576531518e-17f,0.1295763844820196f,0.5223800394840281f,0.8428102128790521f,0.7895960791861506f,0.20290987312236083f,0.8180199498317267f,-0.5382108741625042f,-0.24324272193876553f,0f,0f,0f,1f],start_interpolation:0}
execute if entity @s[tag=aj.ecual.bone.skirt_forward_left] run data modify entity @s {} merge value {transformation:[-0.970586185752731f,-0.2407539325244035f,1.977354672928229e-16f,8.333207980168447e-17f,-0.1295763844820196f,0.5223800394840281f,0.8428102128790521f,0.7929437592049335f,-0.20290987312236156f,0.8180199498317264f,-0.5382108741625042f,-0.2809860235068144f,0f,0f,0f,1f],start_interpolation:0}
execute if entity @s[tag=aj.ecual.bone.skirt_forward] run data modify entity @s {} merge value {transformation:[-1f,-3.096434488473091e-16f,1.977354672928229e-16f,6.946541576531518e-17f,0f,0.5382108741625042f,0.8428102128790521f,0.7895960791861506f,-3.6739403974420594e-16f,0.8428102128790521f,-0.5382108741625042f,-0.24324272193876553f,0f,0f,0f,1f],start_interpolation:0}
execute if entity @s[tag=aj.ecual.bone.skirt_back_right] run data modify entity @s {} merge value {transformation:[-0.9578686870322665f,0.2872065082881687f,-6.587518048017813e-17f,6.112374891043292e-17f,-0.051497244162528065f,-0.17174958167120605f,0.9837937360236804f,0.7792490441503537f,0.2825519637991336f,0.9423452142355708f,0.17930388997612212f,-0.2205377622701491f,0f,0f,0f,1f],start_interpolation:0}
execute if entity @s[tag=aj.ecual.bone.skirt_back_left] run data modify entity @s {} merge value {transformation:[-0.9563029442823495f,-0.29237763039758946f,-6.587518048017813e-17f,6.112374891043292e-17f,0.05242444647228862f,-0.17146883790544407f,0.9837937360236804f,0.7792490441503537f,-0.28763928133859534f,0.940804846325978f,0.17930388997612212f,-0.2205377622701491f,0f,0f,0f,1f],start_interpolation:0}
execute if entity @s[tag=aj.ecual.bone.skirt_back] run data modify entity @s {} merge value {transformation:[-1f,-3.614399549527849e-16f,-6.587518048017813e-17f,6.112374891043292e-17f,0f,-0.17930388997612212f,0.9837937360236804f,0.7792490441503537f,-3.6739403974420594e-16f,0.9837937360236804f,0.17930388997612212f,-0.2205377622701491f,0f,0f,0f,1f],start_interpolation:0}
execute if entity @s[tag=aj.ecual.bone.skirt_right] run data modify entity @s {} merge value {transformation:[-0.950951343453563f,0.30708351479928325f,-0.03729956195965206f,-0.19374999999999998f,-0.013205851650840268f,0.08016752166585212f,0.9966939218998635f,0.7718335295744122f,0.3090584861576196f,0.9482999965245563f,-0.07218011308862676f,-0.16429025646743403f,0f,0f,0f,1f],start_interpolation:0}
execute if entity @s[tag=aj.ecual.bone.skirt_left] run data modify entity @s {} merge value {transformation:[-0.9529149954707179f,-0.30088174575815546f,0.03772514382432999f,0.19375000000000006f,0.012945314780062176f,0.08393024531000731f,0.9963875414453189f,0.771952390703224f,-0.3029611034972754f,0.9499609934053749f,-0.0760833804190279f,-0.19164056538542132f,0f,0f,0f,1f],start_interpolation:0}
execute if entity @s[tag=aj.ecual.bone.coat_downer] run data modify entity @s {} merge value {transformation:[-1f,-3.6383655468322476e-16f,-5.100335200560813e-17f,-0.007812499999999911f,0f,-0.13882465823647722f,0.9903169766622832f,0.7973294427424269f,-3.6739403974420594e-16f,0.9903169766622832f,0.13882465823647722f,-0.298978483155425f,0f,0f,0f,1f],start_interpolation:0}
execute if entity @s[tag=aj.ecual.bone.body_2] run data modify entity @s {} merge value {transformation:[-1f,-3.580068117207269e-16f,-8.251971401505921e-17f,9.950255243072246e-18f,0f,-0.22460820015619376f,0.9744491553809235f,0.7471435480200274f,-3.6739403974420594e-16f,0.9744491553809235f,0.22460820015619376f,-0.08125f,0f,0f,0f,1f],start_interpolation:0}
execute if entity @s[tag=aj.ecual.bone.book_left] run data modify entity @s {} merge value {transformation:[0.3019041369751169f,-0.08620977682221923f,-0.9494323390624386f,-0.09227675642070866f,-0.9374257544241379f,0.15435473122305532f,-0.3121018614032834f,0.5504603802586587f,0.17345560532783572f,0.9842471698355661f,-0.03421493315838266f,0.1262442685002576f,0f,0f,0f,1f],start_interpolation:0}
execute if entity @s[tag=aj.ecual.bone.book_right] run data modify entity @s {} merge value {transformation:[0.3019041369751169f,-0.08620977682221923f,-0.9494323390624386f,-0.06397324357929147f,-0.9374257544241379f,0.15435473122305532f,-0.3121018614032834f,0.46257671578139586f,0.17345560532783572f,0.9842471698355661f,-0.03421493315838266f,0.1425057314997422f,0f,0f,0f,1f],start_interpolation:0}
execute if entity @s[tag=aj.ecual.bone.book_loot_1] run data modify entity @s {} merge value {transformation:[0.3019041369751169f,-0.08620977682221923f,-0.9494323390624386f,0.06428985085936574f,-0.9374257544241379f,0.15435473122305532f,-0.3121018614032834f,0.5533338272305198f,0.17345560532783572f,0.9842471698355661f,-0.03421493315838266f,0.1395072399737573f,0f,0f,0f,1f],start_interpolation:0}
execute if entity @s[tag=aj.ecual.bone.book_left2] run data modify entity @s {} merge value {transformation:[-0.42842350829589204f,-0.13866632243876495f,0.8928745424530528f,0.5064449498758908f,0.8988543846975257f,0.03550492777223113f,0.4368068168125595f,2.0102377873943853f,-0.09227184104304044f,0.9897025063751211f,0.10942968621599324f,-0.5198204634946788f,0f,0f,0f,1f],start_interpolation:0}
execute if entity @s[tag=aj.ecual.bone.book_right2] run data modify entity @s {} merge value {transformation:[-0.7522863284748895f,-0.13866632243876495f,-0.6440783578192012f,0.5972942136441094f,-0.6537196747655545f,0.03550492777223113f,0.7559034243395818f,1.9913759915256695f,-0.08195039239801104f,0.9897025063751211f,-0.1173587749621428f,-0.5064150008253211f,0f,0f,0f,1f],start_interpolation:0}
execute if entity @s[tag=aj.ecual.bone.book_loot_2] run data modify entity @s {} merge value {transformation:[-0.9690588135276644f,-0.13866632243876495f,0.2041976173848848f,0.5212399391522674f,0.20119248926630323f,0.03550492777223113f,0.9789080561353639f,1.8539706810397227f,-0.142991601806483f,0.9897025063751211f,-0.0065077405924847485f,-0.5121415710711272f,0f,0f,0f,1f],start_interpolation:0}
execute if entity @s[tag=aj.ecual.bone.air_staff_povit_1] run data modify entity @s {} merge value {transformation:[-0.000015625f,0f,5.740531871003218e-21f,-0.007217500000000243f,0f,0.000015625f,0f,0.9132660480200273f,-5.740531871003218e-21f,0f,-0.000015625f,0.60625f,0f,0f,0f,1f],start_interpolation:0}