execute if entity @s[tag=aj.tultaria.bone.head] run data modify entity @s {} merge value {transformation:[-0.8589357133572263f,0.18974647879450085f,0.4756319103094334f,0f,-1.3877787807814457e-17f,0.9288172229419944f,-0.3705382117492356f,1.6977282453200968f,-0.5120834310144322f,-0.3182685032349407f,-0.7977942839661599f,0f,0f,0f,0f,1f],start_interpolation:0}
execute if entity @s[tag=aj.tultaria.bone.bust] run data modify entity @s {} merge value {transformation:[-0.29686074724750955f,0.47746039017484215f,0.8269856543844868f,-0.06863493108763358f,0f,0.8660254037844387f,-0.49999999999999994f,1.5883532453200968f,-0.9549207803496844f,-0.14843037362375475f,-0.25708894850277464f,0.021336866208414795f,0f,0f,0f,1f],start_interpolation:0}
execute if entity @s[tag=aj.tultaria.bone.left_wing] run data modify entity @s {} merge value {transformation:[-0.7150370161726307f,0f,0.6990865937084914f,0.13791889424667997f,0f,1f,0f,1.4789782453200968f,-0.6990865937084914f,0f,-0.7150370161726307f,0.022574955365916582f,0f,0f,0f,1f],start_interpolation:0}
execute if entity @s[tag=aj.tultaria.bone.right_wing] run data modify entity @s {} merge value {transformation:[0.1926578454199151f,0f,0.9812659958432046f,0.10081130084074125f,0f,1f,0f,1.4789782453200968f,-0.9812659958432046f,0f,0.1926578454199151f,-0.09679014217779403f,0f,0f,0f,1f],start_interpolation:0}
execute if entity @s[tag=aj.tultaria.bone.body] run data modify entity @s {} merge value {transformation:[-0.29686074724750955f,0f,0.9549207803496844f,-0.32903001655108743f,0f,1f,0f,0.4164782453200968f,-0.9549207803496844f,0f,-0.29686074724750955f,0.625890763798597f,0f,0f,0f,1f],start_interpolation:0}
execute if entity @s[tag=aj.tultaria.bone.right_ring] run data modify entity @s {} merge value {transformation:[-0.9159880399802084f,-0.03316248601711636f,0.39983266516679294f,-0.11218397842011925f,0.3917906938112957f,0.1406922486608932f,0.9092336022220058f,1.4924547621613304f,-0.08640580337037367f,0.9894978224775967f,-0.11587966368614624f,-0.8290675881058267f,0f,0f,0f,1f],start_interpolation:0}
execute if entity @s[tag=aj.tultaria.bone.sword] run data modify entity @s {} merge value {transformation:[-0.000003157820564338815f,-3.3162486017116366e-7f,0.000009482520457956068f,-0.09998143565187748f,0.00000937851391157165f,0.000001406922486608932f,0.000003172388048005974f,1.495943045065431f,-0.0000014393214004856271f,0.000009894978224775967f,-1.3326603961061266e-7f,-1.05022634433621f,0f,0f,0f,1f],start_interpolation:0}
execute if entity @s[tag=aj.tultaria.bone.right_hand] run data modify entity @s {} merge value {transformation:[-0.31578205643388146f,-0.03316248601711636f,0.9482520457956067f,-0.028466987566955537f,0.9378513911571649f,0.1406922486608932f,0.31723880480059735f,1.544179063964651f,-0.1439321400485627f,0.9894978224775967f,-0.013326603961061265f,-0.6757079224650517f,0f,0f,0f,1f],start_interpolation:0}
execute if entity @s[tag=aj.tultaria.bone.right_arm] run data modify entity @s {} merge value {transformation:[-0.31578205643388146f,0.044440610294388894f,0.9477904436061018f,-0.1020458818663314f,0.9378513911571649f,0.16614676264325512f,0.30468019523384837f,1.5727282453200968f,-0.1439321400485627f,0.98509912466707f,-0.09414485456578514f,-0.328254018245204f,0f,0f,0f,1f],start_interpolation:0}
execute if entity @s[tag=aj.tultaria.bone.left_ring] run data modify entity @s {} merge value {transformation:[0.2719939060499341f,0.09626463392113212f,-0.957471897931072f,0.050905295095729955f,0.27221145224857135f,-0.9620419612425404f,-0.019395619952183654f,2.1150630372301964f,-0.922995254774597f,-0.25535932539195855f,-0.28787388662214686f,0.46391365985968197f,0f,0f,0f,1f],start_interpolation:0}
execute if entity @s[tag=aj.tultaria.bone.left_hand] run data modify entity @s {} merge value {transformation:[-0.529540839206389f,0.09626463392113212f,-0.8428046154765783f,-0.013066288555022357f,0.1677312594965206f,-0.9620419612425404f,-0.21527073511352313f,1.9445623493691566f,-0.8315363637269896f,-0.25535932539195855f,0.49329391921557225f,0.47026007019364835f,0f,0f,0f,1f],start_interpolation:0}
execute if entity @s[tag=aj.tultaria.bone.left_arm] run data modify entity @s {} merge value {transformation:[-0.529540839206389f,0.09626463392113212f,-0.8428046154765783f,0.1020458818663314f,0.1677312594965206f,-0.9620419612425404f,-0.21527073511352313f,1.6039782453200968f,-0.8315363637269896f,-0.25535932539195855f,0.49329391921557225f,0.328254018245204f,0f,0f,0f,1f],start_interpolation:0}
execute if entity @s[tag=aj.tultaria.bone.leftfoot] run data modify entity @s {} merge value {transformation:[-0.29686074724750955f,-0.06574323976314222f,0.9526549864295553f,-0.23734047796143093f,0f,0.9976272440952647f,0.06884679977229902f,0.6069757411543384f,-0.9549207803496844f,0.020437912426004373f,-0.29615636915659393f,0.20468406978025616f,0f,0f,0f,1f],start_interpolation:0}
execute if entity @s[tag=aj.tultaria.bone.leftleg] run data modify entity @s {} merge value {transformation:[-0.29686074724750955f,0.37584469881858884f,0.8778464894921062f,0.05799648547608804f,0f,0.9192872409485588f,-0.39358730750519166f,0.9164782453200968f,-0.9549207803496844f,-0.11684062221312652f,-0.27290029728309056f,0.11287126869767128f,0f,0f,0f,1f],start_interpolation:0}
execute if entity @s[tag=aj.tultaria.bone.rightfoot] run data modify entity @s {} merge value {transformation:[-0.29686074724750955f,0.13983422769216092f,0.9446269557393475f,-0.28346592352442523f,0f,0.9892202318536126f,-0.14643542225665535f,0.5801422820570085f,-0.9549207803496844f,-0.0434709288746153f,-0.29366065722041806f,-0.0427785162538559f,0f,0f,0f,1f],start_interpolation:0}
execute if entity @s[tag=aj.tultaria.bone.rightleg] run data modify entity @s {} merge value {transformation:[-0.29686074724750955f,0.29448815276200624f,0.90837790848659f,-0.01621870133578935f,0f,0.9512599654119467f,-0.30839013960316897f,0.9164782453200968f,-0.9549207803496844f,-0.09154892728636052f,-0.28239174415883056f,-0.12585892638974983f,0f,0f,0f,1f],start_interpolation:0}
execute if entity @s[tag=aj.tultaria.bone.skirt_right_back] run data modify entity @s {} merge value {transformation:[-0.18704268772536653f,0.3615565357429607f,0.9133958092908137f,0.1280365550175684f,0.280966509365663f,0.9106525885305896f,-0.3029351145334785f,0.9005922530901628f,-0.9413144286492934f,0.1999718341769311f,-0.27191618552886504f,-0.20093827285760296f,0f,0f,0f,1f],start_interpolation:0}
execute if entity @s[tag=aj.tultaria.bone.skirt_right] run data modify entity @s {} merge value {transformation:[-0.18704268772536653f,0.38816740618295303f,0.9024084982676468f,-0.15587138199805955f,0.280966509365663f,0.9013842971830321f,-0.3294907728703887f,0.9457052178036971f,-0.9413144286492934f,0.1919177260417848f,-0.27765938278330266f,-0.16425750522270105f,0f,0f,0f,1f],start_interpolation:0}
execute if entity @s[tag=aj.tultaria.bone.skirt_left_back] run data modify entity @s {} merge value {transformation:[-0.3796088712932186f,0.04212303545010859f,0.9241876187874177f,0.2194099262558633f,-0.2809665093656629f,0.9465306879198183f,-0.1585480288143326f,0.9041987478029379f,-0.8814504668161243f,-0.3198520075136382f,-0.3474762838513329f,0.09177434069135498f,0f,0f,0f,1f],start_interpolation:0}
execute if entity @s[tag=aj.tultaria.bone.skirt_left] run data modify entity @s {} merge value {transformation:[-0.3796088712932186f,0.199083146741888f,0.90347274752415f,-0.03527170342875879f,-0.2809665093656629f,0.9056378201879602f,-0.31761290789272834f,0.9457052178036971f,-0.8814504668161243f,-0.37441426165218084f,-0.28785245390840214f,0.22367906179435826f,0f,0f,0f,1f],start_interpolation:0}
execute if entity @s[tag=aj.tultaria.bone.skirt_back_middle] run data modify entity @s {} merge value {transformation:[-0.29686074724750955f,0.17054505504497192f,0.9395680289065598f,0.12119965156059757f,0f,0.9839224868082747f,-0.1785960244602905f,0.9306444563043024f,-0.9549207803496844f,-0.05301814927671633f,-0.2920879646675323f,-0.03767790990498856f,0f,0f,0f,1f],start_interpolation:0}
execute if entity @s[tag=aj.tultaria.bone.skirt_front_middle] run data modify entity @s {} merge value {transformation:[-0.29686074724750955f,0.39965309549998373f,0.8672664527127354f,-0.15967481856595378f,0f,0.908207749333038f,-0.4185196340094662f,1.036198056143436f,-0.9549207803496844f,-0.12424205128980434f,-0.2696112311229845f,0.04963886736106173f,0f,0f,0f,1f],start_interpolation:0}
execute if entity @s[tag=aj.tultaria.bone.lower] run data modify entity @s {} merge value {transformation:[-0.29686074724750955f,0f,0.9549207803496844f,0f,0f,1f,0f,1.0102282453200968f,-0.9549207803496844f,0f,-0.29686074724750955f,0f,0f,0f,0f,1f],start_interpolation:0}