execute if entity @s[tag=aj.tultaria.bone.head] run data modify entity @s {} merge value {transformation:[-0.7509205222236247f,0.18088705465598282f,0.635136396974132f,0f,1.3877787807814457e-17f,0.9617557937963264f,-0.27390836624535253f,1.7211695192700975f,-0.6603925872565491f,-0.20568341342238f,-0.7222021629291342f,0f,0f,0f,0f,1f],start_interpolation:0}
execute if entity @s[tag=aj.tultaria.bone.bust] run data modify entity @s {} merge value {transformation:[-0.20689358755658738f,0.4891817258003319f,0.8472876032204022f,-0.07031987308379772f,0f,0.8660254037844387f,-0.49999999999999994f,1.6117945192700975f,-0.978363451600664f,-0.10344679377829367f,-0.1791751027041047f,0.014870476605629679f,0f,0f,0f,1f],start_interpolation:0}
execute if entity @s[tag=aj.tultaria.bone.left_wing] run data modify entity @s {} merge value {transformation:[-0.696696895967368f,0f,0.7173656216668279f,0.1352262806723697f,0f,1f,0f,1.5024195192700975f,-0.7173656216668279f,0f,-0.696696895967368f,0.035286017280468096f,0f,0f,0f,1f],start_interpolation:0}
execute if entity @s[tag=aj.tultaria.bone.right_wing] run data modify entity @s {} merge value {transformation:[0.34663856260190584f,0f,0.9379987776736624f,0.10936458222779627f,0f,1f,0f,1.5024195192700975f,-0.9379987776736624f,0f,0.34663856260190584f,-0.08700941416961494f,0f,0f,0f,1f],start_interpolation:0}
execute if entity @s[tag=aj.tultaria.bone.body] run data modify entity @s {} merge value {transformation:[-0.20689358755658738f,0f,0.978363451600664f,-0.3857349320220383f,0f,1f,0f,0.43991951927009754f,-0.978363451600664f,0f,-0.20689358755658738f,0.5926285195786256f,0f,0f,0f,1f],start_interpolation:0}
execute if entity @s[tag=aj.tultaria.bone.right_ring] run data modify entity @s {} merge value {transformation:[0.3749010358608632f,-0.060159446100604586f,0.9251108335520238f,-0.04103994767227462f,0.9233360477727024f,0.11364126041055123f,-0.36679177582899447f,1.539348889064822f,-0.0830647710761783f,0.9916987975071716f,0.09815161144317691f,-0.832161835241314f,0f,0f,0f,1f],start_interpolation:0}
execute if entity @s[tag=aj.tultaria.bone.sword] run data modify entity @s {} merge value {transformation:[-0.000003074589261532643f,-6.015944610060459e-7f,0.000009496577540217057f,-0.022649757873467742f,0.000009430856573655184f,0.0000011364126041055124f,0.0000031253016942968846f,1.5488445740400252f,-0.0000012672194600829806f,0.000009916987975071718f,2.1795490880002546e-7f,-1.052715453463767f,0f,0f,0f,1f],start_interpolation:0}
execute if entity @s[tag=aj.tultaria.bone.right_hand] run data modify entity @s {} merge value {transformation:[-0.3074589261532643f,-0.060159446100604586f,0.9496577540217055f,0.03859055331404079f,0.9430856573655183f,0.11364126041055123f,0.3125301694296884f,1.5864050393880038f,-0.12672194600829806f,0.9916987975071716f,0.021795490880002544f,-0.6751655708608182f,0f,0f,0f,1f],start_interpolation:0}
execute if entity @s[tag=aj.tultaria.bone.right_arm] run data modify entity @s {} merge value {transformation:[-0.3074589261532643f,-0.060159446100604586f,0.9496577540217055f,-0.07111967072257691f,0.9430856573655183f,0.11364126041055123f,0.3125301694296884f,1.5961695192700975f,-0.12672194600829806f,0.9916987975071716f,0.021795490880002544f,-0.33631243648772824f,0f,0f,0f,1f],start_interpolation:0}
execute if entity @s[tag=aj.tultaria.bone.left_ring] run data modify entity @s {} merge value {transformation:[-0.9199303900307096f,0.11390167089127168f,-0.37517260942947733f,-0.09199003716161715f,0.0027177055674635076f,-0.9549981123184216f,-0.2965994260694044f,2.0537092665138346f,-0.3920723040134248f,-0.27387043439631814f,0.8782222347385522f,0.5187354890042563f,0f,0f,0f,1f],start_interpolation:0}
execute if entity @s[tag=aj.tultaria.bone.left_hand] run data modify entity @s {} merge value {transformation:[-0.4635512585042639f,0.11390167089127168f,-0.8787187491497434f,-0.1565727838176444f,0.1927323193655408f,-0.9549981123184216f,-0.22546143470720376f,1.883353801960281f,-0.8648551808315035f,-0.27387043439631814f,0.4207380436239153f,0.5153874252195736f,0f,0f,0f,1f],start_interpolation:0}
execute if entity @s[tag=aj.tultaria.bone.left_arm] run data modify entity @s {} merge value {transformation:[-0.4635512585042639f,0.4109240407248558f,-0.7850233521962708f,0.07111967072257691f,0.1927323193655408f,-0.8179881199054868f,-0.5419867975933235f,1.6274195192700975f,-0.8648551808315035f,-0.4025380335419799f,0.2999810789717636f,0.33631243648772824f,0f,0f,0f,1f],start_interpolation:0}
execute if entity @s[tag=aj.tultaria.bone.leftfoot] run data modify entity @s {} merge value {transformation:[-0.20689358755658738f,-0.2107796865258914f,0.9553883855145047f,-0.2601320456162868f,0f,0.9765168393723512f,0.21544108805479462f,0.6354072004996942f,-0.978363451600664f,0.044573379614751094f,-0.20203507220716552f,0.18277425619633197f,0f,0f,0f,1f],start_interpolation:0}
execute if entity @s[tag=aj.tultaria.bone.leftleg] run data modify entity @s {} merge value {transformation:[-0.20689358755658738f,0.39941847271251213f,0.893118092462564f,0.04726339894833795f,0f,0.912869436201206f,-0.4082516288389948f,0.9399195192700975f,-0.978363451600664f,-0.08446464411631999f,-0.18886683262642676f,0.11776963422228265f,0f,0f,0f,1f],start_interpolation:0}
execute if entity @s[tag=aj.tultaria.bone.rightfoot] run data modify entity @s {} merge value {transformation:[-0.20689358755658738f,-0.09777699196842782f,0.9734653066594467f,-0.2913874107512083f,0f,0.9949935323798087f,0.09993933421006118f,0.615209859840883f,-0.978363451600664f,0.02067680739273635f,-0.2058577815096601f,-0.06614496189016643f,0f,0f,0f,1f],start_interpolation:0}
execute if entity @s[tag=aj.tultaria.bone.rightleg] run data modify entity @s {} merge value {transformation:[-0.20689358755658738f,0.33921228125942154f,0.9176764526077499f,-0.0044599979408089f,0f,0.9379709055018088f,-0.34671397495935585f,0.9399195192700975f,-0.978363451600664f,-0.07173289813534593f,-0.19406016566297002f,-0.12682122867788334f,0f,0f,0f,1f],start_interpolation:0}
execute if entity @s[tag=aj.tultaria.bone.skirt_right_back] run data modify entity @s {} merge value {transformation:[-0.17244790056334564f,0.195540510733222f,0.9654147452020221f,0.1493438281370953f,0.11178306122184073f,0.977651347214338f,-0.17805165125284406f,0.9496436791474977f,-0.9786553370902182f,0.07721238211699542f,-0.19045203919268078f,-0.19929158087325755f,0f,0f,0f,1f],start_interpolation:0}
execute if entity @s[tag=aj.tultaria.bone.skirt_right] run data modify entity @s {} merge value {transformation:[-0.17244790056334564f,0.28474107507310326f,0.9429656630850923f,-0.13905057869026044f,0.11178306122184073f,0.9567802603516355f,-0.26846988774410246f,0.9688452894667318f,-0.9786553370902182f,0.05911051994078694f,-0.19682397622536021f,-0.17821222434024347f,0f,0f,0f,1f],start_interpolation:0}
execute if entity @s[tag=aj.tultaria.bone.skirt_left_back] run data modify entity @s {} merge value {transformation:[-0.23850854752107015f,0.07741012031578462f,0.9680502807355025f,0.21718603637031153f,-0.11178306122184073f,0.9880042049296943f,-0.10654688294416209f,0.9478754542195268f,-0.9646855549780269f,-0.13362396609118632f,-0.22699430764404166f,0.12198863199101356f,0f,0f,0f,1f],start_interpolation:0}
execute if entity @s[tag=aj.tultaria.bone.skirt_left] run data modify entity @s {} merge value {transformation:[-0.23850854752107015f,0.24225700607904632f,0.940438842118405f,-0.055000058745396804f,-0.11178306122184073f,0.9551010934176157f,-0.2743837615026611f,0.9688452894667318f,-0.9646855549780269f,-0.17056800508328607f,-0.20071954478486753f,0.21924792787252628f,0f,0f,0f,1f],start_interpolation:0}
execute if entity @s[tag=aj.tultaria.bone.skirt_back_middle] run data modify entity @s {} merge value {transformation:[-0.20689358755658738f,0.14468999949192432f,0.967605212612557f,0.12553065332966007f,0f,0.9890038421094883f,-0.14788982484495147f,0.9654306159446777f,-0.978363451600664f,-0.03059745642528734f,-0.20461855300128073f,-0.026545847735015712f,0f,0f,0f,1f],start_interpolation:0}
execute if entity @s[tag=aj.tultaria.bone.skirt_front_middle] run data modify entity @s {} merge value {transformation:[-0.20689358755658738f,0.3634183191413264f,0.9083623554179565f,-0.16715052040357922f,0f,0.9284508266655083f,-0.3714553303751803f,1.0557812438493535f,-0.978363451600664f,-0.07685172591833847f,-0.19209052239870625f,0.03534716139658338f,0f,0f,0f,1f],start_interpolation:0}
execute if entity @s[tag=aj.tultaria.bone.lower] run data modify entity @s {} merge value {transformation:[-0.20689358755658738f,0f,0.978363451600664f,0f,0f,1f,0f,1.0336695192700975f,-0.978363451600664f,0f,-0.20689358755658738f,0f,0f,0f,0f,1f],start_interpolation:0}