execute if entity @s[tag=aj.tultaria.bone.head] run data modify entity @s {} merge value {transformation:[-0.9718360814843182f,0.017678185977482493f,-0.2349938562297983f,0f,0f,0.9971823061850967f,0.07501631976691513f,1.6638053879206613f,0.23565786794674515f,0.0729035662496534f,-0.9690977449684199f,0f,0f,0f,0f,1f],start_interpolation:0}
execute if entity @s[tag=aj.tultaria.bone.bust] run data modify entity @s {} merge value {transformation:[-0.9864835206629492f,-0.0819302500002785f,-0.14190735567730242f,0.011777473437540098f,0f,0.8660254037844387f,-0.49999999999999994f,1.5544303879206613f,0.16386050000055702f,-0.49324176033147454f,-0.8543197893088252f,0.07090350304764947f,0f,0f,0f,1f],start_interpolation:0}
execute if entity @s[tag=aj.tultaria.bone.left_wing] run data modify entity @s {} merge value {transformation:[-0.7712798191235574f,0f,-0.6364962219940763f,0.04117265754136468f,0f,1f,0f,1.4450553879206613f,0.6364962219940763f,0f,-0.7712798191235574f,-0.1335517213329035f,0f,0f,0f,1f],start_interpolation:0}
execute if entity @s[tag=aj.tultaria.bone.right_wing] run data modify entity @s {} merge value {transformation:[-0.9356354194167505f,0f,0.35296793329258835f,-0.08213778254150395f,0f,1f,0f,1.4450553879206613f,-0.35296793329258835f,0f,-0.9356354194167505f,-0.11306915883283386f,0f,0f,0f,1f],start_interpolation:0}
execute if entity @s[tag=aj.tultaria.bone.body] run data modify entity @s {} merge value {transformation:[-0.9864835206629492f,0f,-0.16386050000055702f,0.5751720103317531f,0f,1f,0f,0.38255538792066135f,0.16386050000055702f,0f,-0.9864835206629492f,0.41131151033119606f,0f,0f,0f,1f],start_interpolation:0}
execute if entity @s[tag=aj.tultaria.bone.right_ring] run data modify entity @s {} merge value {transformation:[0.8928993491147276f,0.19371815257611752f,-0.4064529858581335f,-0.4827586410616664f,-0.10248229976223674f,0.9664591819835378f,0.23548678900344683f,1.1132476756297285f,0.4384382859490478f,-0.16861176389032537f,0.8828034563207452f,0.011316586906863602f,0f,0f,0f,1f],start_interpolation:0}
execute if entity @s[tag=aj.tultaria.bone.sword] run data modify entity @s {} merge value {transformation:[-0.000008700130542850633f,0.0000019371815257611752f,-0.000004533768440669105f,-0.5594064080726457f,0.0000024866052593341826f,0.000009664591819835378f,-6.422298967057395e-7f,0.9086018867926463f,0.000004257290549352856f,-0.0000016861176389032538f,-0.00000889002162461769f,0.04761378443613479f,0f,0f,0f,1f],start_interpolation:0}
execute if entity @s[tag=aj.tultaria.bone.right_hand] run data modify entity @s {} merge value {transformation:[-0.8700130542850631f,0.19371815257611752f,-0.4533768440669105f,-0.49499425885292087f,0.24866052593341825f,0.9664591819835378f,-0.06422298967057394f,1.25823601753304f,0.4257290549352856f,-0.16861176389032537f,-0.8890021624617689f,-0.09837295393179057f,0f,0f,0f,1f],start_interpolation:0}
execute if entity @s[tag=aj.tultaria.bone.right_arm] run data modify entity @s {} merge value {transformation:[-0.8700130542850631f,0.3623039475363239f,-0.3343847110338215f,-0.33910371022788877f,0.24866052593341825f,0.9080953951217776f,0.3369431646452238f,1.5388053879206613f,0.4257290549352856f,0.2099966736837019f,-0.8801455384342348f,0.056327046875191474f,0f,0f,0f,1f],start_interpolation:0}
execute if entity @s[tag=aj.tultaria.bone.left_ring] run data modify entity @s {} merge value {transformation:[0.570847354240339f,-0.27554406206862264f,-0.7734395697244407f,0.47253306675154344f,-0.12677556309291876f,0.9011285087332784f,-0.41460266201582807f,1.1908019027528813f,0.8112097476973993f,0.33472806964289775f,0.4794745714152745f,-0.3351979670371321f,0f,0f,0f,1f],start_interpolation:0}
execute if entity @s[tag=aj.tultaria.bone.left_hand] run data modify entity @s {} merge value {transformation:[-0.960927422505171f,-0.27554406206862264f,0.02634309276245861f,0.43194897199980165f,-0.24866052593341822f,0.9011285087332784f,0.35515539358237735f,1.364899050390804f,-0.12159947170972546f,0.33472806964289775f,-0.934436026634812f,-0.37050008365244297f,0f,0f,0f,1f],start_interpolation:0}
execute if entity @s[tag=aj.tultaria.bone.left_arm] run data modify entity @s {} merge value {transformation:[-0.960927422505171f,-0.2663884407123132f,-0.07520430394884896f,0.33910371022788877f,-0.24866052593341822f,0.7114119349663571f,0.6573134728802836f,1.5700553879206613f,-0.12159947170972546f,0.6503308830451511f,-0.7498555267767449f,-0.056327046875191474f,0f,0f,0f,1f],start_interpolation:0}
execute if entity @s[tag=aj.tultaria.bone.leftfoot] run data modify entity @s {} merge value {transformation:[-0.9864835206629492f,0.06663065156222647f,-0.14970176930425946f,0.15980567390396483f,0f,0.9135927774158541f,0.406630344482044f,0.519763530309908f,0.16386050000055702f,0.4011341338330346f,-0.9012442195174338f,0.19922839131204567f,0f,0f,0f,1f],start_interpolation:0}
execute if entity @s[tag=aj.tultaria.bone.leftleg] run data modify entity @s {} merge value {transformation:[-0.9864835206629492f,-0.0345905149812558f,-0.16016791106137354f,0.11972599164535647f,0f,0.9774650453332504f,-0.21109733572848988f,0.8825553879206613f,0.16386050000055702f,-0.20824404295200927f,-0.9642531592453141f,-0.04206188951457164f,0f,0f,0f,1f],start_interpolation:0}
execute if entity @s[tag=aj.tultaria.bone.rightfoot] run data modify entity @s {} merge value {transformation:[-0.9864835206629492f,0.0692216388830211f,-0.1485214737698935f,-0.07637595602676005f,0f,0.906389726440409f,0.4224424976292992f,0.5720821417317304f,0.16386050000055702f,0.4167325623390007f,-0.8941385284316621f,0.3030405619692015f,0f,0f,0f,1f],start_interpolation:0}
execute if entity @s[tag=aj.tultaria.bone.rightleg] run data modify entity @s {} merge value {transformation:[-0.9864835206629492f,-0.06401954790598426f,-0.1508368686573211f,-0.12689488852038083f,0f,0.9205200073038246f,-0.39069542632767895f,0.8825553879206613f,0.16386050000055702f,-0.3854145996706406f,-0.9080778176457606f,-0.0010967645144323857f,0f,0f,0f,1f],start_interpolation:0}
execute if entity @s[tag=aj.tultaria.bone.skirt_right_back] run data modify entity @s {} merge value {transformation:[-0.985223967786195f,0.06313595883347477f,-0.1592092459683302f,-0.19955881148092336f,0.06948103571922183f,0.9969830043606098f,-0.0346016573515866f,0.9022408792478092f,0.15654430355337334f,-0.04515240545386448f,-0.9866383031824373f,-0.16167007324755406f,0f,0f,0f,1f],start_interpolation:0}
execute if entity @s[tag=aj.tultaria.bone.skirt_right] run data modify entity @s {} merge value {transformation:[-0.985223967786195f,0.02921570595616298f,-0.16876070580887456f,-0.18470909358775617f,0.06948103571922183f,0.9687982758561384f,-0.23791235019132104f,0.9107751178643353f,0.15654430355337334f,-0.24612261826913953f,-0.9565132188325117f,0.12762394267695398f,0f,0f,0f,1f],start_interpolation:0}
execute if entity @s[tag=aj.tultaria.bone.skirt_left_back] run data modify entity @s {} merge value {transformation:[-0.9829263432969323f,-0.05569420907914965f,-0.1753680664430365f,0.13414918313879798f,-0.06948103571922183f,0.9948733932046403f,0.07348004605925008f,0.9424003767411411f,0.1703766102735511f,0.08441022786684829f,-0.9817569577564301f,-0.2151263923753028f,0f,0f,0f,1f],start_interpolation:0}
execute if entity @s[tag=aj.tultaria.bone.skirt_left] run data modify entity @s {} merge value {transformation:[-0.9829263432969323f,-0.08530043405783594f,-0.16303263355066705f,0.21604983668156696f,-0.06948103571922183f,0.9925187069865636f,-0.1003942326884576f,0.9107751178643353f,0.1703766102735511f,-0.08735245978943426f,-0.9814995458177398f,0.0610556145517277f,0f,0f,0f,1f],start_interpolation:0}
execute if entity @s[tag=aj.tultaria.bone.skirt_back_middle] run data modify entity @s {} merge value {transformation:[-0.9864835206629492f,0.014623380682306675f,-0.1632066793910497f,-0.021021182615146947f,0f,0.996009894944144f,0.08924286623229492f,0.950998112984822f,0.16386050000055702f,0.08803661687488691f,-0.9825473477796333f,-0.12655307554058756f,0f,0f,0f,1f],start_interpolation:0}
execute if entity @s[tag=aj.tultaria.bone.skirt_front_middle] run data modify entity @s {} merge value {transformation:[-0.9864835206629492f,-0.03059727974805658f,-0.1609784766124084f,0.029926515369436503f,0f,0.9824117259001478f,-0.18672761127881682f,0.982371310699965f,0.16386050000055702f,-0.18420371137930985f,-0.969132978106542f,0.18016553252745615f,0f,0f,0f,1f],start_interpolation:0}
execute if entity @s[tag=aj.tultaria.bone.lower] run data modify entity @s {} merge value {transformation:[-0.9864835206629492f,0f,-0.16386050000055702f,0f,0f,1f,0f,0.9763053879206613f,0.16386050000055702f,0f,-0.9864835206629492f,0f,0f,0f,0f,1f],start_interpolation:0}