execute if entity @s[tag=aj.tultaria.bone.head] run data modify entity @s {} merge value {transformation:[-0.7667806185220652f,0.18634945957180754f,0.6142648956079243f,0f,0f,0.9569341729073908f,-0.2903049925889114f,1.718626699388423f,-0.641909248304555f,-0.22260024177736906f,-0.73375857698683f,0f,0f,0f,0f,1f],start_interpolation:0}
execute if entity @s[tag=aj.tultaria.bone.bust] run data modify entity @s {} merge value {transformation:[-0.21439762385341177f,0.4883732330108834f,0.8458872526315243f,-0.0702036522453145f,0f,0.8660254037844387f,-0.49999999999999994f,1.609251699388423f,-0.976746466021767f,-0.10719881192670587f,-0.18567378876807514f,0.015409829214463988f,0f,0f,0f,1f],start_interpolation:0}
execute if entity @s[tag=aj.tultaria.bone.left_wing] run data modify entity @s {} merge value {transformation:[-0.6959517288571021f,0f,0.718088567727415f,0.13549315974355908f,0f,1f,0f,1.499876699388423f,-0.718088567727415f,0f,-0.6959517288571021f,0.03424695114468401f,0f,0f,0f,1f],start_interpolation:0}
execute if entity @s[tag=aj.tultaria.bone.right_wing] run data modify entity @s {} merge value {transformation:[0.3312181190482951f,0f,0.9435542155139306f,0.10869345676188263f,0f,1f,0f,1.499876699388423f,-0.9435542155139306f,0f,0.3312181190482951f,-0.08784635710803679f,0f,0f,0f,1f],start_interpolation:0}
execute if entity @s[tag=aj.tultaria.bone.body] run data modify entity @s {} merge value {transformation:[-0.21439762385341177f,0f,0.976746466021767f,-0.3811744210841776f,0f,1f,0f,0.43737669938842294f,-0.976746466021767f,0f,-0.21439762385341177f,0.5955720449375894f,0f,0f,0f,1f],start_interpolation:0}
execute if entity @s[tag=aj.tultaria.bone.right_ring] run data modify entity @s {} merge value {transformation:[0.24222117419371775f,-0.052601129531324876f,0.9687941081283706f,-0.04839637007147886f,0.9636148257548434f,0.12936876602018502f,-0.23390209482575774f,1.5285719305855838f,-0.1130281839086152f,0.990200405751504f,0.0820230826772371f,-0.8311533158872133f,0f,0f,0f,1f],start_interpolation:0}
execute if entity @s[tag=aj.tultaria.bone.sword] run data modify entity @s {} merge value {transformation:[-0.0000030796745534909338f,-5.260112953132488e-7f,0.000009499416653762656f,-0.03167101744465657f,0.000009411409444021722f,0.0000012936876602018502f,0.000003122778332642305f,1.53456250867599f,-0.0000013931894779818034f,0.000009902004057515042f,9.663707050843352e-8f,-1.0519623763413786f,0f,0f,0f,1f],start_interpolation:0}
execute if entity @s[tag=aj.tultaria.bone.right_hand] run data modify entity @s {} merge value {transformation:[-0.30796745534909337f,-0.052601129531324876f,0.9499416653762655f,0.03244173456827651f,0.9411409444021721f,0.12936876602018502f,0.3122778332642305f,1.5780618471447594f,-0.13931894779818033f,0.990200405751504f,0.009663707050843351f,-0.6755285299525242f,0f,0f,0f,1f],start_interpolation:0}
execute if entity @s[tag=aj.tultaria.bone.right_arm] run data modify entity @s {} merge value {transformation:[-0.30796745534909337f,-0.04965534210866454f,0.950100201792356f,-0.0736991831996103f,0.9411409444021721f,0.13033644055501892f,0.31187519143599085f,1.593626699388423f,-0.13931894779818033f,0.9902256102846055f,0.006593293629773844f,-0.3357565976949824f,0f,0f,0f,1f],start_interpolation:0}
execute if entity @s[tag=aj.tultaria.bone.left_ring] run data modify entity @s {} merge value {transformation:[-0.8609552686546564f,0.11113980865908532f,-0.4963909430146866f,-0.0647148807707747f,0.0415346609325387f,-0.9572223228942275f,-0.28635693896638603f,2.0761491436047823f,-0.5069821469411f,-0.26715794482702804f,0.8195094479008715f,0.5081957460696891f,0f,0f,0f,1f],start_interpolation:0}
execute if entity @s[tag=aj.tultaria.bone.left_hand] run data modify entity @s {} merge value {transformation:[-0.4670843531640566f,0.11113980865908532f,-0.8772001766760746f,-0.1295868022311746f,0.18696944853348207f,-0.9572223228942275f,-0.22083443995007906f,1.9058799269072395f,-0.8642190881624869f,-0.26715794482702804f,0.42632382078814f,0.5064201753893541f,0f,0f,0f,1f],start_interpolation:0}
execute if entity @s[tag=aj.tultaria.bone.left_arm] run data modify entity @s {} merge value {transformation:[-0.4670843531640566f,0.3378112713159808f,-0.817138759331116f,0.0736991831996103f,0.18696944853348207f,-0.865512675034674f,-0.4646829399379847f,1.624876699388423f,-0.8642190881624869f,-0.3698261136347782f,0.34110704086751953f,0.3357565976949824f,0f,0f,0f,1f],start_interpolation:0}
execute if entity @s[tag=aj.tultaria.bone.leftfoot] run data modify entity @s {} merge value {transformation:[-0.21439762385341177f,-0.18871653252792875f,0.9583421775319324f,-0.2582943687020365f,0f,0.9811575581483349f,0.19320933230151366f,0.6324139658931469f,-0.976746466021767f,0.04142362175174877f,-0.21035784909281868f,0.18467197494873136f,0f,0f,0f,1f],start_interpolation:0}
execute if entity @s[tag=aj.tultaria.bone.leftleg] run data modify entity @s {} merge value {transformation:[-0.21439762385341177f,0.3974788153718824f,0.8922131192806884f,0.04816603192590262f,0f,0.9134541565475244f,-0.40694164678249733f,0.9373766993884229f,-0.976746466021767f,-0.08724732211716181f,-0.19584240066281164f,0.11740336023092748f,0f,0f,0f,1f],start_interpolation:0}
execute if entity @s[tag=aj.tultaria.bone.rightfoot] run data modify entity @s {} merge value {transformation:[-0.21439762385341177f,-0.06076715793475007f,0.9748543539434718f,-0.29026111182191966f,0f,0.9980628421559572f,0.06221384980510991f,0.6111717084086002f,-0.976746466021767f,0.013338501568988609f,-0.21398230181461997f,-0.06426305035326552f,0f,0f,0f,1f],start_interpolation:0}
execute if entity @s[tag=aj.tultaria.bone.rightleg] run data modify entity @s {} merge value {transformation:[-0.21439762385341177f,0.3339626714677723f,0.9178794000042269f,-0.005433374037450318f,0f,0.9397314778549419f,-0.3419133655307537f,0.9373766993884229f,-0.976746466021767f,-0.07330541313351661f,-0.20147619591235458f,-0.12678325627451426f,0f,0f,0f,1f],start_interpolation:0}
execute if entity @s[tag=aj.tultaria.bone.skirt_right_back] run data modify entity @s {} merge value {transformation:[-0.14596245587343962f,0.23184954453840462f,0.9617384000718325f,0.147552096116627f,0.2078189848690675f,0.9576440031231759f,-0.1993219325869808f,0.9401405449797525f,-0.9672157106888744f,0.17077397922269344f,-0.1879628075366575f,-0.19390843527524976f,0f,0f,0f,1f],start_interpolation:0}
execute if entity @s[tag=aj.tultaria.bone.skirt_right] run data modify entity @s {} merge value {transformation:[-0.14596245587343962f,0.3112352549120737f,0.939056748857709f,-0.1405711446776532f,0.2078189848690675f,0.9376888768227297f,-0.27847951416741185f,0.9663516968150748f,-0.9672157106888744f,0.1545062664837382f,-0.20154796603754543f,-0.17710520244145106f,0f,0f,0f,1f],start_interpolation:0}
execute if entity @s[tag=aj.tultaria.bone.skirt_left_back] run data modify entity @s {} merge value {transformation:[-0.27254965189622726f,0.057288000741571116f,0.9604346787899106f,0.21519082381639906f,-0.2078189848690675f,0.9711566409445042f,-0.11690187456742379f,0.9392524160304778f,-0.9394295911771331f,-0.23145812519853592f,-0.2527828702668423f,0.11448287946130076f,0f,0f,0f,1f],start_interpolation:0}
execute if entity @s[tag=aj.tultaria.bone.skirt_left] run data modify entity @s {} merge value {transformation:[-0.27254965189622726f,0.22087138974906892f,0.9364467504570454f,-0.053472109987204676f,-0.2078189848690675f,0.9368043433460218f,-0.2814407429922312f,0.9663516968150748f,-0.9394295911771331f,-0.27131798959586834f,-0.20942442966956035f,0.2196980493798918f,0f,0f,0f,1f],start_interpolation:0}
execute if entity @s[tag=aj.tultaria.bone.skirt_back_middle] run data modify entity @s {} merge value {transformation:[-0.21439762385341177f,0.11401212900110466f,0.9700695301506208f,0.12512777612234482f,0f,0.9931641054220129f,-0.11672643103124766f,0.9609016395744784f,-0.976746466021767f,-0.025025869453988644f,-0.2129320242989789f,-0.027465774192107037f,0f,0f,0f,1f],start_interpolation:0}
execute if entity @s[tag=aj.tultaria.bone.skirt_front_middle] run data modify entity @s {} merge value {transformation:[-0.21439762385341177f,0.3709179436326977f,0.9035781858684403f,-0.16626829479929262f,0f,0.9250897927981896f,-0.3797484368112694f,1.0539255431246068f,-0.976746466021767f,-0.08141716251438365f,-0.19833705342697688f,0.036496192786155936f,0f,0f,0f,1f],start_interpolation:0}
execute if entity @s[tag=aj.tultaria.bone.lower] run data modify entity @s {} merge value {transformation:[-0.21439762385341177f,0f,0.976746466021767f,0f,0f,1f,0f,1.031126699388423f,-0.976746466021767f,0f,-0.21439762385341177f,0f,0f,0f,0f,1f],start_interpolation:0}