execute if entity @s[tag=aj.tultaria.bone.head] run data modify entity @s {} merge value {transformation:[-0.9728625298402039f,0.04272214595526744f,-0.22740562059433594f,0f,0f,0.9828066873553447f,0.1846375240562269f,1.5831722090257434f,0.23138387591385495f,0.17962692875677244f,-0.9561358002043912f,0f,0f,0f,0f,1f],start_interpolation:0}
execute if entity @s[tag=aj.tultaria.bone.bust] run data modify entity @s {} merge value {transformation:[-0.7498968094699664f,-0.3307774082169022f,-0.5729232770276258f,0.0475492524311798f,0f,0.8660254037844387f,-0.49999999999999994f,1.4737972090257434f,0.6615548164338045f,-0.37494840473498314f,-0.64942968721789f,0.05389883318065386f,0f,0f,0f,1f],start_interpolation:0}
execute if entity @s[tag=aj.tultaria.bone.left_wing] run data modify entity @s {} merge value {transformation:[-0.3906114525269527f,0f,-0.9205556437037274f,-0.0358258014623527f,0f,1f,0f,1.3644222090257434f,0.9205556437037274f,0f,-0.3906114525269527f,-0.13508427721085858f,0f,0f,0f,1f],start_interpolation:0}
execute if entity @s[tag=aj.tultaria.bone.right_wing] run data modify entity @s {} merge value {transformation:[-0.9620768618504436f,0f,-0.2727785033539163f,-0.1295629026460985f,0f,1f,0f,1.3644222090257434f,0.2727785033539163f,0f,-0.9620768618504436f,-0.05238992515663299f,0f,0f,0f,1f],start_interpolation:0}
execute if entity @s[tag=aj.tultaria.bone.body] run data modify entity @s {} merge value {transformation:[-0.7498968094699664f,0f,-0.6615548164338045f,0.7057258129518855f,0f,1f,0f,0.3019222090257434f,0.6615548164338045f,0f,-0.7498968094699664f,0.04417099651808093f,0f,0f,0f,1f],start_interpolation:0}
execute if entity @s[tag=aj.tultaria.bone.right_ring] run data modify entity @s {} merge value {transformation:[0.5355124591552192f,0.08005237872970217f,-0.8407247009272689f,-0.40158417896290977f,0.16487776605667218f,0.9664311872043315f,0.19704335223241576f,1.0298978236628498f,0.8282763598882265f,-0.244135980671721f,0.5043370842916135f,0.2664787149213562f,0f,0f,0f,1f],start_interpolation:0}
execute if entity @s[tag=aj.tultaria.bone.sword] run data modify entity @s {} merge value {transformation:[-0.0000052088514493036645f,8.005237872970217e-7f,-0.00000849864861287127f,-0.4486524360467174f,0.000002493790472356095f,0.000009664311872043316f,-6.181303421355611e-7f,0.8253182680284283f,0.00000816387626431667f,-0.00000244135980671721f,-0.000005233630349487115f,0.3372180265982112f,0f,0f,0f,1f],start_interpolation:0}
execute if entity @s[tag=aj.tultaria.bone.right_hand] run data modify entity @s {} merge value {transformation:[-0.5208851449303664f,0.08005237872970217f,-0.8498648612871269f,-0.46875082553206193f,0.24937904723560947f,0.9664311872043315f,-0.061813034213556106f,1.1751077247060058f,0.8163876264316668f,-0.244135980671721f,-0.5233630349487115f,0.17926718341495815f,0f,0f,0f,1f],start_interpolation:0}
execute if entity @s[tag=aj.tultaria.bone.right_arm] run data modify entity @s {} merge value {transformation:[-0.5208851449303664f,0.409466528959493f,-0.7490098981006431f,-0.25777702825530097f,0.24937904723560947f,0.9121595872478437f,0.3252306538315586f,1.4581722090257434f,0.8163876264316668f,-0.017379558501530085f,-0.5772427516700067f,0.2274094681491203f,0f,0f,0f,1f],start_interpolation:0}
execute if entity @s[tag=aj.tultaria.bone.left_ring] run data modify entity @s {} merge value {transformation:[0.0243961226732497f,-0.16857248631088714f,-0.9853873076397308f,0.2769796558193389f,-0.22079733874304555f,0.9604305459733169f,-0.16976955429459414f,1.0545376682408012f,0.9750145457389342f,0.22171261403078119f,-0.013789574944040983f,-0.44823861415971167f,0f,0f,0f,1f],start_interpolation:0}
execute if entity @s[tag=aj.tultaria.bone.left_hand] run data modify entity @s {} merge value {transformation:[-0.8749656891318771f,-0.16857248631088714f,-0.4538924538929294f,0.20808778728080068f,-0.24937904723560944f,0.9604305459733169f,0.12402925929495845f,1.2162326841080342f,0.41502425669090603f,0.22171261403078119f,-0.882382220547195f,-0.49631935139370165f,0f,0f,0f,1f],start_interpolation:0}
execute if entity @s[tag=aj.tultaria.bone.left_arm] run data modify entity @s {} merge value {transformation:[-0.8749656891318771f,0.011492513824322814f,-0.4840485150973785f,0.25777702825530097f,-0.24937904723560944f,0.8462225953124907f,0.47086878212773065f,1.4894222090257434f,0.41502425669090603f,0.5327055859558734f,-0.7375497441187072f,-0.2274094681491203f,0f,0f,0f,1f],start_interpolation:0}
execute if entity @s[tag=aj.tultaria.bone.leftfoot] run data modify entity @s {} merge value {transformation:[-0.7498968094699664f,0.2594108948761365f,-0.6085727259468064f,0.20966258970155366f,0f,0.9199127734076449f,0.3921230538000221f,0.4112891411133503f,0.6615548164338045f,0.2940518269642566f,-0.6898396537690611f,0.04871146922657196f,0f,0f,0f,1f],start_interpolation:0}
execute if entity @s[tag=aj.tultaria.bone.leftleg] run data modify entity @s {} merge value {transformation:[-0.7498968094699664f,-0.05735156522651345f,-0.6590641646401614f,0.07926558957425632f,0f,0.9962351543186257f,-0.08669208325876057f,0.8019222090257434f,0.6615548164338045f,-0.06501011664204924f,-0.747073563705357f,-0.09909834476138107f,0f,0f,0f,1f],start_interpolation:0}
execute if entity @s[tag=aj.tultaria.bone.rightfoot] run data modify entity @s {} merge value {transformation:[-0.7498968094699664f,0.2635590437128342f,-0.6067877764292398f,0.09466548137243509f,0f,0.9172146606084838f,0.3983933563262116f,0.48982705325011044f,0.6615548164338045f,0.2987539068230576f,-0.68781634758938f,0.29625563532986293f,0f,0f,0f,1f],start_interpolation:0}
execute if entity @s[tag=aj.tultaria.bone.rightleg] run data modify entity @s {} merge value {transformation:[-0.7498968094699664f,-0.25525065839800315f,-0.6103293181014252f,-0.10820861279323528f,0f,0.9225680214853292f,-0.385834479709428f,0.8019222090257434f,0.6615548164338045f,-0.28933604531760454f,-0.6918308158308678f,0.06629035934707006f,0f,0f,0f,1f],start_interpolation:0}
execute if entity @s[tag=aj.tultaria.bone.skirt_right_back] run data modify entity @s {} merge value {transformation:[-0.7496933968142797f,-0.04877082984386877f,-0.6599857702476677f,-0.2565880288633789f,-0.006820334658863723f,0.9977971976131196f,-0.0659866309986078f,0.8128739550298182f,0.6617501747700624f,-0.04496841771449969f,-0.7483746037914744f,-0.031103508435562727f,0f,0f,0f,1f],start_interpolation:0}
execute if entity @s[tag=aj.tultaria.bone.skirt_right] run data modify entity @s {} merge value {transformation:[-0.7496933968142797f,-0.1872310134373596f,-0.6347474760724032f,-0.08979128152862673f,-0.006820334658863723f,0.9612790602513995f,-0.27549237985346775f,0.830063110139804f,0.6617501747700624f,-0.2022056278381132f,-0.7219415421364713f,0.20526009499176634f,0f,0f,0f,1f],start_interpolation:0}
execute if entity @s[tag=aj.tultaria.bone.skirt_left_back] run data modify entity @s {} merge value {transformation:[-0.7500652795541362f,0.09299627061108029f,-0.6547929215101567f,0.004127747759973377f,0.006820334658863723f,0.9910996564684427f,0.13294718493926835f,0.8811412533264087f,0.6613286319542778f,0.09525316058045341f,-0.7440237065826045f,-0.25577166353821423f,0f,0f,0f,1f],start_interpolation:0}
execute if entity @s[tag=aj.tultaria.bone.skirt_left] run data modify entity @s {} merge value {transformation:[-0.7500652795541362f,-0.022120149270430836f,-0.6609937786421514f,0.21485429731854713f,0.006820334658863723f,0.9991286620885107f,-0.04117523076272642f,0.830063110139804f,0.6613286319542778f,-0.03539230975051682f,-0.7492608524192405f,-0.06349654918446672f,0f,0f,0f,1f],start_interpolation:0}
execute if entity @s[tag=aj.tultaria.bone.skirt_back_middle] run data modify entity @s {} merge value {transformation:[-0.7498968094699664f,0.04677054946824513f,-0.6598994551060057f,-0.08376336069731385f,0f,0.9974977714821543f,0.07069791997036276f,0.8835030246969221f,0.6615548164338045f,0.053016144621938044f,-0.7480203962878692f,-0.0949488619491939f,0f,0f,0f,1f],start_interpolation:0}
execute if entity @s[tag=aj.tultaria.bone.skirt_front_middle] run data modify entity @s {} merge value {transformation:[-0.7498968094699664f,-0.0847454207812802f,-0.6561044038896314f,0.12279719512835846f,0f,0.9917612079773612f,-0.1281003760778452f,0.8963702843102741f,0.6615548164338045f,-0.0960620633126789f,-0.743718565618303f,0.13919515443181874f,0f,0f,0f,1f],start_interpolation:0}
execute if entity @s[tag=aj.tultaria.bone.lower] run data modify entity @s {} merge value {transformation:[-0.7498968094699664f,0f,-0.6615548164338045f,0f,0f,1f,0f,0.8956722090257434f,0.6615548164338045f,0f,-0.7498968094699664f,0f,0f,0f,0f,1f],start_interpolation:0}