execute if entity @s[tag=aj.tultaria.bone.head] run data modify entity @s {} merge value {transformation:[-0.9820791258552377f,0.003108232453629394f,-0.18844343833210603f,0f,-4.336808689942018e-19f,0.9998639976722661f,0.01649200287517291f,1.6870864707859803f,0.18846907056440865f,0.016196451767251877f,-0.9819455608081026f,0f,0f,0f,0f,1f],start_interpolation:0}
execute if entity @s[tag=aj.tultaria.bone.bust] run data modify entity @s {} merge value {transformation:[-0.9894027688551138f,0.07259848652319525f,0.12574426721077864f,-0.010436032437709353f,0f,0.8660254037844387f,-0.49999999999999994f,1.5777114707859803f,-0.14519697304639054f,-0.49470138442755685f,-0.8568479324031916f,0.07111332401146131f,0f,0f,0f,1f],start_interpolation:0}
execute if entity @s[tag=aj.tultaria.bone.left_wing] run data modify entity @s {} merge value {transformation:[-0.917933151379085f,0f,-0.39673508743147673f,0.07998729468424343f,0f,1f,0f,1.4683364707859803f,0.39673508743147673f,0f,-0.917933151379085f,-0.11460053529148972f,0f,0f,0f,1f],start_interpolation:0}
execute if entity @s[tag=aj.tultaria.bone.right_wing] run data modify entity @s {} merge value {transformation:[-0.7652405562086805f,0f,0.6437444299824497f,-0.04368805142264581f,0f,1f,0f,1.4683364707859803f,-0.6437444299824497f,0f,-0.7652405562086805f,-0.13275015692228853f,0f,0f,0f,1f],start_interpolation:0}
execute if entity @s[tag=aj.tultaria.bone.body] run data modify entity @s {} merge value {transformation:[-0.9894027688551138f,0f,0.14519697304639054f,0.4221028979043616f,0f,1f,0f,0.4058364707859803f,-0.14519697304639054f,0f,-0.9894027688551138f,0.5672998709507522f,0f,0f,0f,1f],start_interpolation:0}
execute if entity @s[tag=aj.tultaria.bone.right_ring] run data modify entity @s {} merge value {transformation:[0.9210541484907186f,0.23619991741964125f,-0.3096269603232124f,-0.46311631939876574f,-0.1896051079938501f,0.9664560303494852f,0.17324157821884292f,1.1362182104942606f,0.34016048943208843f,-0.10085802105965441f,0.9349430469377547f,-0.1363930566199577f,0f,0f,0f,1f],start_interpolation:0}
execute if entity @s[tag=aj.tultaria.bone.sword] run data modify entity @s {} merge value {transformation:[-0.000009586035962461922f,0.0000023619991741964127f,-0.000001590243512007581f,-0.5472261692045176f,0.0000024874336816282107f,0.000009664560303494854f,-6.39490281093486e-7f,0.9315799805461903f,0.0000013858528803189256f,-0.0000010085802105965443f,-0.000009852013893255773f,-0.1253933459703738f,0f,0f,0f,1f],start_interpolation:0}
execute if entity @s[tag=aj.tultaria.bone.right_hand] run data modify entity @s {} merge value {transformation:[-0.9586035962461922f,0.23619991741964125f,-0.15902435120075809f,-0.4411186152270179f,0.24874336816282105f,0.9664560303494852f,-0.0639490281093486f,1.2812317438511163f,0.13858528803189255f,-0.10085802105965441f,-0.9852013893255772f,-0.24451475265980158f,0f,0f,0f,1f],start_interpolation:0}
execute if entity @s[tag=aj.tultaria.bone.right_arm] run data modify entity @s {} merge value {transformation:[-0.9586035962461922f,0.28051135603236804f,-0.04891343783409069f,-0.3401072017939454f,0.24874336816282105f,0.9085637744728421f,0.33561675242853695f,1.5620864707859803f,0.13858528803189255f,0.30955653256318894f,-0.9407278411360922f,-0.049911459484696746f,0f,0f,0f,1f],start_interpolation:0}
execute if entity @s[tag=aj.tultaria.bone.left_ring] run data modify entity @s {} merge value {transformation:[0.6417580850818303f,-0.38373608818871413f,-0.6639978726274098f,0.5580675650142306f,0.025730993187091128f,0.8760990963106942f,-0.48144396292111824f,1.234005256516955f,0.7664753591745195f,0.2918852309816455f,0.5721175890610979f,-0.20015407286890047f,0f,0f,0f,1f],start_interpolation:0}
execute if entity @s[tag=aj.tultaria.bone.left_hand] run data modify entity @s {} merge value {transformation:[-0.8783668753696531f,-0.38373608818871413f,0.28498815216597295f,0.524826440500304f,-0.24874336816282108f,0.8760990963106942f,0.41300981857408714f,1.4096154108068217f,-0.4081646347350142f,0.2918852309816455f,-0.8649882328022872f,-0.23563965235323278f,0f,0f,0f,1f],start_interpolation:0}
execute if entity @s[tag=aj.tultaria.bone.left_arm] run data modify entity @s {} merge value {transformation:[-0.8783668753696531f,-0.46112468130328876f,0.12583982098800311f,0.3401072017939454f,-0.24874336816282108f,0.6657874436863732f,0.7034584683011355f,1.5933364707859803f,-0.4081646347350142f,0.5865927958324281f,-0.699507342941536f,0.049911459484696746f,0f,0f,0f,1f],start_interpolation:0}
execute if entity @s[tag=aj.tultaria.bone.leftfoot] run data modify entity @s {} merge value {transformation:[-0.9894027688551138f,-0.059414586058962965f,0.13248421772149443f,0.08884158309210596f,0f,0.9124447634260643f,0.409199894545873f,0.5552433691272866f,-0.14519697304639054f,0.4048635086789073f,-0.9027753753610973f,0.25551422265080725f,0f,0f,0f,1f],start_interpolation:0}
execute if entity @s[tag=aj.tultaria.bone.leftleg] run data modify entity @s {} merge value {transformation:[-0.9894027688551138f,0.037449175485321846f,0.1402844262108372f,0.12685152989227902f,0f,0.9661663274895974f,-0.2579198085166473f,0.9058364707859803f,-0.14519697304639054f,-0.2551865726889516f,-0.9559276395927844f,-0.0034935639379067955f,0f,0f,0f,1f],start_interpolation:0}
execute if entity @s[tag=aj.tultaria.bone.rightfoot] run data modify entity @s {} merge value {transformation:[-0.9894027688551138f,-0.061953997909061795f,0.1313158906032253f,-0.16530631541668658f,0f,0.9043982656668039f,0.4266893214727516f,0.5956525861025026f,-0.14519697304639054f,0.4221675961060502f,-0.8948141481984985f,0.26553257532571484f,0f,0f,0f,1f],start_interpolation:0}
execute if entity @s[tag=aj.tultaria.bone.rightleg] run data modify entity @s {} merge value {transformation:[-0.9894027688551138f,0.05685315360777188f,0.1336034427201835f,-0.12049916232149943f,0f,0.9201530852678114f,-0.3915588074250505f,0.9058364707859803f,-0.14519697304639054f,-0.38740936823595123f,-0.9104020103345482f,-0.039792807199504426f,0f,0f,0f,1f],start_interpolation:0}
execute if entity @s[tag=aj.tultaria.bone.skirt_right_back] run data modify entity @s {} merge value {transformation:[-0.9858899531757866f,0.07049796605919553f,0.1518256796742955f,-0.1400388328098636f,0.06743618668224442f,0.9974045735242277f,-0.025228504488192527f,0.9295169761999243f,-0.15321018553869956f,-0.014633984230884772f,-0.9880852622890028f,-0.21435416676811855f,0f,0f,0f,1f],start_interpolation:0}
execute if entity @s[tag=aj.tultaria.bone.skirt_right] run data modify entity @s {} merge value {transformation:[-0.9858899531757866f,0.09952726711606755f,0.13459317712073005f,-0.21492267910656648f,0.06743618668224442f,0.9720595919740995f,-0.2248388542421096f,0.9341065602909566f,-0.15321018553869956f,-0.21258991686238096f,-0.965055524980632f,0.06556675113849861f,0f,0f,0f,1f],start_interpolation:0}
execute if entity @s[tag=aj.tultaria.bone.skirt_left_back] run data modify entity @s {} merge value {transformation:[-0.988340397429701f,-0.07352531782785503f,0.13333149082948714f,0.19357873784682944f,-0.06743618668224441f,0.9964884535715582f,0.04962985617873397f,0.958951446517986f,-0.13651234205835824f,0.04005982447386955f,-0.9898280612959326f,-0.16410615195448852f,0f,0f,0f,1f],start_interpolation:0}
execute if entity @s[tag=aj.tultaria.bone.skirt_left] run data modify entity @s {} merge value {transformation:[-0.988340397429701f,-0.04925553263140288f,0.14407342334274398f,0.18702219574082352f,-0.06743618668224441f,0.9899676889477254f,-0.12416253688314056f,0.9341065602909566f,-0.13651234205835824f,-0.13243061332145437f,-0.981746664430822f,0.12455302143859477f,0f,0f,0f,1f],start_interpolation:0}
execute if entity @s[tag=aj.tultaria.bone.skirt_back_middle] run data modify entity @s {} merge value {transformation:[-0.9894027688551138f,-0.011200342477627443f,0.14476433714909936f,0.018692571205928314f,0f,0.9970203518144077f,0.07713895298663649f,0.968962373664515f,-0.14519697304639054f,0.07632149367156259f,-0.9864546966900747f,-0.12737511891696152f,0f,0f,0f,1f],start_interpolation:0}
execute if entity @s[tag=aj.tultaria.bone.skirt_front_middle] run data modify entity @s {} merge value {transformation:[-0.9894027688551138f,0.030516248666714922f,0.14195393460255154f,-0.026330373588679172f,0f,0.977664558869262f,-0.21017138323513784f,1.0077631664404965f,-0.14519697304639054f,-0.2079441485069546f,-0.9673040215567613f,0.17942071371767035f,0f,0f,0f,1f],start_interpolation:0}
execute if entity @s[tag=aj.tultaria.bone.lower] run data modify entity @s {} merge value {transformation:[-0.9894027688551138f,0f,0.14519697304639054f,0f,0f,1f,0f,0.9995864707859803f,-0.14519697304639054f,0f,-0.9894027688551138f,0f,0f,0f,0f,1f],start_interpolation:0}