execute if entity @s[tag=aj.ecual.bone.wing_right_1] run data modify entity @s {} merge value {transformation:[-0.5334256730999574f,-0.06841874499153565f,-0.6145895956295427f,-0.10727473027710349f,-0.11547842380058135f,0.8083962169699532f,0.010233986009664185f,1.2762802707127756f,0.607508213408539f,0.09358886775090235f,-0.5376981857126852f,-0.36584866387350096f,0f,0f,0f,1f],start_interpolation:0}
execute if entity @s[tag=aj.ecual.bone.wing_right_2] run data modify entity @s {} merge value {transformation:[-0.5084118677530578f,0.13804652018523544f,-0.6020469508207766f,-0.10727473027710349f,0.1985355299510147f,0.7749084721001241f,0.0100251291523241f,1.2762802707127756f,0.5848940212336906f,-0.14303851974974582f,-0.526724753351202f,-0.36584866387350096f,0f,0f,0f,1f],start_interpolation:0}
execute if entity @s[tag=aj.ecual.bone.wing_left_1] run data modify entity @s {} merge value {transformation:[-0.7932287808152944f,0.16550622931077807f,0.10168694011550387f,-0.17584797195014493f,0.16475891383840252f,0.7997067369537506f,-0.016373137329751913f,1.2788275225183656f,-0.10289337219430503f,0.004611656378915009f,-0.8101457467816339f,-0.3397657035696587f,0f,0f,0f,1f],start_interpolation:0}
execute if entity @s[tag=aj.ecual.bone.wing_left_2] run data modify entity @s {} merge value {transformation:[-0.7799356673677561f,-0.14757325198023655f,0.09961169643967727f,-0.17584797195014493f,-0.15067800557275748f,0.7855182298220882f,-0.016038991669961058f,1.2788275225183656f,-0.09484984662206294f,-0.03439834177908308f,-0.793612160112621f,-0.3397657035696587f,0f,0f,0f,1f],start_interpolation:0}
execute if entity @s[tag=aj.ecual.bone.staff] run data modify entity @s {} merge value {transformation:[-0.14930589478531303f,0.5343568886845544f,1.4606768004242823f,-0.8227050607858526f,1.521095009870995f,0.35643632660354047f,0.025087168491756576f,1.1006914467465898f,-0.32462897395013324f,1.4243672667513592f,-0.5542564105893106f,-0.0023405370732992314f,0f,0f,0f,1f],start_interpolation:0}
execute if entity @s[tag=aj.ecual.bone.arm_right_2] run data modify entity @s {} merge value {transformation:[-0.7807941068007883f,-0.560729427039468f,-0.27557770671291343f,-0.5839824439726607f,-0.5958211589550013f,0.8009969979827346f,0.0583177139826854f,1.3078215220028482f,0.18803645744024738f,0.2097291559956243f,-0.9595081926688719f,0.05161168076416048f,0f,0f,0f,1f],start_interpolation:0}
execute if entity @s[tag=aj.ecual.bone.arm_right_1] run data modify entity @s {} merge value {transformation:[-0.8235530414910297f,-0.560729427039468f,-0.08569070838115314f,-0.2946269824380103f,-0.5657445729443934f,0.8009969979827346f,0.19579807814841585f,1.5095102490367813f,-0.04115174400727256f,0.2097291559956243f,-0.9768931441516635f,0.062076044984325104f,0f,0f,0f,1f],start_interpolation:0}
execute if entity @s[tag=aj.ecual.bone.arm_left_2] run data modify entity @s {} merge value {transformation:[-0.3234450489167717f,0.9280738694102325f,0.18455945721947026f,0.5289159508522309f,0.7770355706090218f,0.3718107933635961f,-0.5079098895932674f,1.2798903069370853f,-0.5399990947580736f,-0.020871675932984196f,-0.841406768931775f,-0.10553644591598603f,0f,0f,0f,1f],start_interpolation:0}
execute if entity @s[tag=aj.ecual.bone.arm_left_1] run data modify entity @s {} merge value {transformation:[-0.7799826410702257f,0.623537944067681f,0.053174354128324886f,0.2623770577554904f,0.6054709205218091f,0.7733965418631821f,-0.18778379439276574f,1.471310130604126f,-0.15821518268354784f,-0.1142725747584282f,-0.9807699702919593f,-0.14970985111087792f,0f,0f,0f,1f],start_interpolation:0}
execute if entity @s[tag=aj.ecual.bone.himo_right_2] run data modify entity @s {} merge value {transformation:[-0.7157306014155239f,-0.6911446434150503f,-0.10024364356933302f,-0.03680582362181632f,-0.6112138821207984f,0.6893556733679393f,-0.38885260176351877f,1.1702453522171412f,0.33785691720045496f,-0.2170433999782487f,-0.9158301512975463f,0.21683928180865283f,0f,0f,0f,1f],start_interpolation:0}
execute if entity @s[tag=aj.ecual.bone.himo_right_1] run data modify entity @s {} merge value {transformation:[-0.900170637661935f,-0.3029099686170426f,-0.3129510728592052f,-0.09555738694288184f,-0.2674292090621294f,0.9515476205021985f,-0.15178519050621425f,1.3477118736206397f,0.34376509600555616f,-0.052940313835735026f,-0.937562201637451f,0.20105320920421846f,0f,0f,0f,1f],start_interpolation:0}
execute if entity @s[tag=aj.ecual.bone.himo_left_2] run data modify entity @s {} merge value {transformation:[-0.4409593548042236f,-0.8975270624261336f,0.0001400833962568182f,0.2941266753095221f,-0.8677056286907348f,0.42626803232463906f,-0.25570003237484595f,1.1769684838562968f,0.22943798584597902f,-0.11287487245084918f,-0.9667561604769555f,0.08182241782270079f,0f,0f,0f,1f],start_interpolation:0}
execute if entity @s[tag=aj.ecual.bone.himo_left_1] run data modify entity @s {} merge value {transformation:[-0.8044296449525463f,-0.5113943065639558f,-0.3022727403116116f,0.1963510382018328f,-0.5077065570400454f,0.8560377052522447f,-0.09712620205183768f,1.3368685148282686f,0.30842664972414996f,0.07533465603851906f,-0.9482603499775231f,0.09002103864256361f,0f,0f,0f,1f],start_interpolation:0}
execute if entity @s[tag=aj.ecual.bone.ponpon1] run data modify entity @s {} merge value {transformation:[-0.9341069604630869f,0.03711952114618952f,-0.3550582030657656f,0.28613199327509053f,0.03469874813558739f,0.9993108330934163f,0.013185436661922283f,2.027366961844977f,0.35530294579729554f,-0.000003466999006464938f,-0.9347512057738915f,-0.12836841623789713f,0f,0f,0f,1f],start_interpolation:0}
execute if entity @s[tag=aj.ecual.bone.ponpon2] run data modify entity @s {} merge value {transformation:[-0.9341069604630869f,0.03711952114618952f,-0.3550582030657656f,0.2832343576117671f,0.03469874813558739f,0.9993108330934163f,0.013185436661922283f,1.9023880393402703f,0.35530294579729554f,-0.000003466999006464938f,-0.9347512057738915f,-0.2293247688717222f,0f,0f,0f,1f],start_interpolation:0}
execute if entity @s[tag=aj.ecual.bone.ponpon3] run data modify entity @s {} merge value {transformation:[-0.9341069604630869f,0.03711952114618952f,-0.3550582030657656f,-0.2626558459969731f,0.03469874813558739f,0.9993108330934163f,0.013185436661922283f,2.0477524763746344f,0.35530294579729554f,-0.000003466999006464938f,-0.9347512057738915f,0.08037206441801402f,0f,0f,0f,1f],start_interpolation:0}
execute if entity @s[tag=aj.ecual.bone.ponpon4] run data modify entity @s {} merge value {transformation:[-0.9341069604630869f,0.03711952114618952f,-0.3550582030657656f,-0.335611503695028f,0.03469874813558739f,0.9993108330934163f,0.013185436661922283f,1.925375959980097f,0.35530294579729554f,-0.000003466999006464938f,-0.9347512057738915f,0.006063432718986073f,0f,0f,0f,1f],start_interpolation:0}
execute if entity @s[tag=aj.ecual.bone.ear_edge_a1] run data modify entity @s {} merge value {transformation:[-0.9167997812851006f,0.18278904089496514f,-0.3550582030657656f,0.19030795898743713f,0.19059820455064297f,0.9815795783746247f,0.013185436661922283f,2.137772784638303f,0.35092803458496014f,-0.055585050567513616f,-0.9347512057738915f,-0.11381496252293499f,0f,0f,0f,1f],start_interpolation:0}
execute if entity @s[tag=aj.ecual.bone.ear_edge_a2] run data modify entity @s {} merge value {transformation:[-0.934106960463087f,0.03711952114618952f,-0.3550582030657656f,0.08308690519045084f,0.03469874813558739f,0.9993108330934163f,0.013185436661922283f,2.1518399981140335f,0.35530294579729554f,-0.0000034669990064684075f,-0.9347512057738915f,-0.07288942339768958f,0f,0f,0f,1f],start_interpolation:0}
execute if entity @s[tag=aj.ecual.bone.ear_edge_b1] run data modify entity @s {} merge value {transformation:[-0.8973799667025565f,0.26199783929763304f,-0.3550582030657656f,0.062061896857923196f,0.2754232180583301f,0.9612326436479508f,0.013185436661922283f,2.148298338084988f,0.3447480910974162f,-0.08595892617374672f,-0.9347512057738915f,-0.06495319042128257f,0f,0f,0f,1f],start_interpolation:0}
execute if entity @s[tag=aj.ecual.bone.ear_edge_b2] run data modify entity @s {} merge value {transformation:[-0.9344208497576793f,-0.028130907803449998f,-0.3550582030657656f,0.08962258192879108f,-0.0350941761618188f,0.9992970244424617f,0.013185436661922283f,2.1572826329370955f,0.3544376875244222f,0.024781222056148286f,-0.9347512057738915f,-0.07529517811392829f,0f,0f,0f,1f],start_interpolation:0}
execute if entity @s[tag=aj.ecual.bone.ear_right_2] run data modify entity @s {} merge value {transformation:[-0.9273172220279895f,0.11839105610645614f,-0.3550582030657656f,0.13639296278661028f,0.12166238681713076f,0.9924839585071356f,0.013185436661922283f,2.2603545889330436f,0.35395060865077116f,-0.03097014594742276f,-0.9347512057738915f,-0.12503799561388348f,0f,0f,0f,1f],start_interpolation:0}
execute if entity @s[tag=aj.ecual.bone.ear_right_1] run data modify entity @s {} merge value {transformation:[-0.9273172220279895f,0.11839105610645614f,-0.3550582030657656f,0.1097549751626577f,0.12166238681713076f,0.9924839585071356f,0.013185436661922283f,2.0370456982689387f,0.35395060865077116f,-0.03097014594742276f,-0.9347512057738915f,-0.11806971277571338f,0f,0f,0f,1f],start_interpolation:0}
execute if entity @s[tag=aj.ecual.bone.ear_edge_a3] run data modify entity @s {} merge value {transformation:[-0.9284133261512079f,-0.10946400440583304f,-0.3550582030657656f,-0.174438901982201f,-0.12205510661710908f,0.9924357385789373f,0.013185436661922283f,2.1513218320148013f,0.3509291193012299f,0.05557820193852254f,-0.9347512057738915f,0.024922505088463078f,0f,0f,0f,1f],start_interpolation:0}
execute if entity @s[tag=aj.ecual.bone.ear_edge_a4] run data modify entity @s {} merge value {transformation:[-0.9341069604630869f,0.03711952114618953f,-0.3550582030657656f,-0.06646971294065507f,0.03469874813558739f,0.9993108330934163f,0.013185436661922283f,2.157395494052067f,0.3553029457972956f,-0.000003466999006464938f,-0.9347512057738915f,-0.016003103913334343f,0f,0f,0f,1f],start_interpolation:0}
execute if entity @s[tag=aj.ecual.bone.ear_edge_b3] run data modify entity @s {} merge value {transformation:[-0.9153400165414327f,-0.18996401383851472f,-0.3550582030657656f,-0.045765393884824576f,-0.2080871240121548f,0.9780214174957442f,0.013185436661922283f,2.15230373806806f,0.34474976858335965f,0.08595219814510877f,-0.9347512057738915f,-0.023939306937054223f,0f,0f,0f,1f],start_interpolation:0}
execute if entity @s[tag=aj.ecual.bone.ear_edge_b4] run data modify entity @s {} merge value {transformation:[-0.929242195953222f,0.10218910752004604f,-0.3550582030657656f,-0.07258360104492528f,0.10432262361998296f,0.9944560998159135f,0.013185436661922283f,2.163308015176245f,0.35443720383317184f,-0.02478813916329056f,-0.9347512057738915f,-0.01359738859256008f,0f,0f,0f,1f],start_interpolation:0}
execute if entity @s[tag=aj.ecual.bone.ear_left_2] run data modify entity @s {} merge value {transformation:[-0.9337875808998566f,-0.04443451578337928f,-0.3550582030657656f,-0.13376953100437436f,-0.05252896897094477f,0.9985323488394776f,0.013185436661922283f,2.270390163791718f,0.3539512129885182f,0.0309632383353657f,-0.9347512057738915f,-0.022277247700932215f,0f,0f,0f,1f],start_interpolation:0}
execute if entity @s[tag=aj.ecual.bone.ear_left_1] run data modify entity @s {} merge value {transformation:[-0.9337875808998566f,-0.04443451578337928f,-0.3550582030657656f,-0.12377176495311404f,-0.05252896897094477f,0.9985323488394776f,0.013185436661922283f,2.0457203853028356f,0.3539512129885182f,0.0309632383353657f,-0.9347512057738915f,-0.029243976326389486f,0f,0f,0f,1f],start_interpolation:0}
execute if entity @s[tag=aj.ecual.bone.head] run data modify entity @s {} merge value {transformation:[-0.9341069604630869f,0.03711952114618952f,-0.3550582030657656f,-0.014936580636845144f,0.03469874813558739f,0.9993108330934163f,0.013185436661922283f,1.5288241949298262f,0.35530294579729554f,-0.000003466999006464938f,-0.9347512057738915f,-0.04444409253362651f,0f,0f,0f,1f],start_interpolation:0}
execute if entity @s[tag=aj.ecual.bone.body_1] run data modify entity @s {} merge value {transformation:[-0.9341069604630869f,0.03091724759453123f,-0.3556519509514762f,-0.026530548484794355f,0.03469874813558739f,0.9993887508129423f,-0.004256950360273126f,1.154053413374973f,0.35530294579729554f,-0.016317124431872526f,-0.9346087781302072f,-0.03832517087167431f,0f,0f,0f,1f],start_interpolation:0}
execute if entity @s[tag=aj.ecual.bone.leg_left_2] run data modify entity @s {} merge value {transformation:[-0.9113816469314119f,-0.31818237396714427f,-0.26104304344919704f,0.2356611653931566f,-0.19479155800662237f,0.8922174215454508f,-0.4074362792144804f,0.7223349633585149f,0.3625461936994233f,-0.3204809660298401f,-0.8751298234242965f,0.2084990222534235f,0f,0f,0f,1f],start_interpolation:0}
execute if entity @s[tag=aj.ecual.bone.leg_left_1] run data modify entity @s {} merge value {transformation:[-0.9113816469314119f,-0.4108521990029659f,-0.024165351456462286f,0.09802573025746691f,-0.19479155800662237f,0.48233402053647634f,-0.8540551162322434f,0.8651652714926287f,0.3625461936994233f,-0.7736629519419584f,-0.5196209139618178f,-0.06075293237889376f,0f,0f,0f,1f],start_interpolation:0}
execute if entity @s[tag=aj.ecual.bone.leg_right_2] run data modify entity @s {} merge value {transformation:[-0.9382524574628133f,0.12776902184589234f,-0.3214924619980003f,-0.0921416933512923f,0.20313919738684455f,0.955694784441436f,-0.21303038627497656f,0.6921803681240793f,0.2800299850909191f,-0.2651840041329434f,-0.9226378766352477f,0.31480047649041065f,0f,0f,0f,1f],start_interpolation:0}
execute if entity @s[tag=aj.ecual.bone.leg_right_1] run data modify entity @s {} merge value {transformation:[-0.9382524574628133f,-0.11163632556696984f,-0.32744412787359206f,-0.14233175379415403f,0.20313919738684455f,0.5883638467807949f,-0.7826636891323974f,0.8815992170744568f,0.2800299850909191f,-0.8008528670206598f,-0.5293561115494643f,0.009228412596397964f,0f,0f,0f,1f],start_interpolation:0}
execute if entity @s[tag=aj.ecual.bone.skirt_forward_right] run data modify entity @s {} merge value {transformation:[-0.9605210044109457f,-0.024206415643614913f,-0.2771523940489716f,-0.022658266228011564f,0.1300443839372491f,0.841608619007702f,-0.5241978544579615f,1.019483554489888f,0.2459427947547339f,-0.5395451620148562f,-0.8052348476404839f,-0.027212268699950477f,0f,0f,0f,1f],start_interpolation:0}
execute if entity @s[tag=aj.ecual.bone.skirt_forward_left] run data modify entity @s {} merge value {transformation:[-0.9053677864597997f,-0.33892685107002773f,-0.255808054729787f,-0.025297864871062985f,-0.13004438393724915f,0.7947932331835424f,-0.5927834129697226f,1.001107912564466f,0.4042247264174518f,-0.5034206055669618f,-0.7636557237678048f,-0.03478754331777151f,0f,0f,0f,1f],start_interpolation:0}
execute if entity @s[tag=aj.ecual.bone.skirt_forward] run data modify entity @s {} merge value {transformation:[-0.9443140635159585f,-0.1782466558010775f,-0.27658466902869083f,-0.022658266228011564f,0f,0.8405666034956844f,-0.5417082102827399f,1.019483554489888f,0.32904551272730986f,-0.5115426812920514f,-0.7937588650028171f,-0.027212268699950477f,0f,0f,0f,1f],start_interpolation:0}
execute if entity @s[tag=aj.ecual.bone.skirt_back_right] run data modify entity @s {} merge value {transformation:[-0.9386197893497763f,0.10526495178988293f,-0.3284998949248769f,-0.022660476697287733f,0.1311389236642239f,0.9896913486033851f,-0.05756402695956733f,1.046459464917566f,0.3190540295015413f,-0.09710985750317291f,-0.942748217624697f,-0.02721861243400464f,0f,0f,0f,1f],start_interpolation:0}
execute if entity @s[tag=aj.ecual.bone.skirt_back_left] run data modify entity @s {} merge value {transformation:[-0.9336436848898726f,-0.14281907680560368f,-0.3284998949248769f,-0.022660476697287733f,-0.1311389236642239f,0.9896913486033851f,-0.05756402695956733f,1.046459464917566f,0.33333474521184997f,-0.010665167603371398f,-0.942748217624697f,-0.02721861243400464f,0f,0f,0f,1f],start_interpolation:0}
execute if entity @s[tag=aj.ecual.bone.skirt_back] run data modify entity @s {} merge value {transformation:[-0.9443140635159585f,-0.01894118476555952f,-0.3284998949248769f,-0.022660476697287733f,0f,0.9983418166140284f,-0.05756402695956733f,1.046459464917566f,0.32904551272730986f,-0.0543585202105312f,-0.942748217624697f,-0.02721861243400464f,0f,0f,0f,1f],start_interpolation:0}
execute if entity @s[tag=aj.ecual.bone.skirt_right] run data modify entity @s {} merge value {transformation:[-0.9426241965760055f,0.08292115428999759f,-0.32339404169009417f,-0.20724910403373487f,0.16462180264332912f,0.9581599390990723f,-0.23415634349750764f,1.0849688206118844f,0.29044670100364495f,-0.27395914526964854f,-0.9168353726810625f,0.0318624644661307f,0f,0f,0f,1f],start_interpolation:0}
execute if entity @s[tag=aj.ecual.bone.skirt_left] run data modify entity @s {} merge value {transformation:[-0.9187796206140003f,-0.2526656594366246f,-0.30332173230062026f,0.1562128959220357f,-0.16556302048848479f,0.9441332149627186f,-0.2849585209304867f,1.083205768962709f,0.3583753548880323f,-0.21159521957174893f,-0.9092824468025654f,-0.10270166169724135f,0f,0f,0f,1f],start_interpolation:0}
execute if entity @s[tag=aj.ecual.bone.coat_downer] run data modify entity @s {} merge value {transformation:[-0.9443140635159585f,-0.07569683372584271f,-0.3202201411683224f,-0.02226157847450209f,0f,0.9731788727770883f,-0.23004973718810445f,0.9380684715036539f,0.32904551272730986f,-0.21723920213487724f,-0.9189864958800122f,-0.0023309148817373393f,0f,0f,0f,1f],start_interpolation:0}
execute if entity @s[tag=aj.ecual.bone.body_2] run data modify entity @s {} merge value {transformation:[-0.9443140635159585f,-0.07009669267834655f,-0.3214924619980003f,-0.030546354623601717f,0f,0.9770455744352636f,-0.2130303862749766f,1.156377092041533f,0.32904551272730986f,-0.20116758971569743f,-0.9226378766352477f,-0.04984996627702058f,0f,0f,0f,1f],start_interpolation:0}
execute if entity @s[tag=aj.ecual.bone.book_left] run data modify entity @s {} merge value {transformation:[0.7533792709194347f,-0.21181472196700504f,-0.6225385110231662f,-0.35622227341977086f,0.017115445563132492f,0.952697878283747f,-0.3034366725312258f,1.0354392057174289f,0.6573634730284883f,0.21794787512542366f,0.7213681362911981f,0.6990018820212203f,0f,0f,0f,1f],start_interpolation:0}
execute if entity @s[tag=aj.ecual.bone.book_right] run data modify entity @s {} merge value {transformation:[0.5803949901675347f,-0.21181472196700504f,-0.7863053980143256f,-0.2932320856234004f,-0.05680093132999281f,0.952697878283747f,-0.2985639075871234f,1.0335649783656373f,0.8123517154462545f,0.21794787512542366f,0.5409098022219971f,0.7684121551312706f,0f,0f,0f,1f],start_interpolation:0}
execute if entity @s[tag=aj.ecual.bone.book_loot_1] run data modify entity @s {} merge value {transformation:[0.6718953364946184f,-0.21181472196700504f,-0.7097120404465624f,-0.21827037345460126f,-0.019991758419109523f,0.952697878283747f,-0.3032607497005817f,1.0799912044966204f,0.7403762465072032f,0.21794787512542366f,0.6358787127559921f,0.6383252116628466f,0f,0f,0f,1f],start_interpolation:0}
execute if entity @s[tag=aj.ecual.bone.book_left2] run data modify entity @s {} merge value {transformation:[0.7127959355306271f,-0.6970498701190498f,-0.0777395192809534f,0.8064425140914755f,0.2770971033465881f,0.38169767978389224f,-0.8817732568889372f,2.2089195120985274f,0.6443129283259403f,0.6069829979617295f,0.4652230546495335f,-0.522889201317072f,0f,0f,0f,1f],start_interpolation:0}
execute if entity @s[tag=aj.ecual.bone.book_right2] run data modify entity @s {} merge value {transformation:[0.5347252980404787f,-0.6970498701190498f,0.4776927194363934f,0.742430857819278f,0.8406993858839484f,0.38169767978389224f,-0.38409819554632807f,2.151564171984538f,0.08540139466000018f,0.6069829979617295f,0.7901128033233724f,-0.560331628077348f,0f,0f,0f,1f],start_interpolation:0}
execute if entity @s[tag=aj.ecual.bone.book_loot_2] run data modify entity @s {} merge value {transformation:[0.6827910002367741f,-0.6970498701190498f,0.21890164129736744f,0.7416014397607716f,0.6117902945492195f,0.38169767978389224f,-0.6928344078803914f,2.2841670032235917f,0.3993858854429447f,0.6069829979617295f,0.6870680859233285f,-0.6446706275857093f,0f,0f,0f,1f],start_interpolation:0}
execute if entity @s[tag=aj.ecual.bone.air_staff_povit_1] run data modify entity @s {} merge value {transformation:[-0.000014754907242436853f,0f,-0.0000051413361363642166f,0.1888568486229974f,0f,0.000015625f,0f,1.322499592041533f,0.0000051413361363642166f,0f,-0.000014754907242436853f,0.6017408383783103f,0f,0f,0f,1f],start_interpolation:0}