execute if entity @s[tag=aj.ecual.bone.wing_right_1] run data modify entity @s {} merge value {transformation:[-0.4959924766204446f,-0.03053200090146064f,-0.6480769279192983f,0.038625118356158485f,-0.13796378215611244f,0.8020682431129149f,0.0678009782185131f,1.455974925465185f,0.6339573348369296f,0.1506611255605099f,-0.4922842342547055f,-0.5504485585721535f,0f,0f,0f,1f],start_interpolation:0}
execute if entity @s[tag=aj.ecual.bone.wing_right_2] run data modify entity @s {} merge value {transformation:[-0.4603311559162351f,0.15830224913720584f,-0.6348508681658432f,0.038625118356158485f,0.17581353179129083f,0.7776106649993922f,0.06641728478548221f,1.455974925465185f,0.6302260141662638f,-0.10130178476860657f,-0.4822376172290993f,-0.5504485585721535f,0f,0f,0f,1f],start_interpolation:0}
execute if entity @s[tag=aj.ecual.bone.wing_left_1] run data modify entity @s {} merge value {transformation:[-0.5815688039919246f,0.15947112623726536f,0.55071873997937f,-0.07582193264003935f,0.20750964540880049f,0.7898054310248046f,-0.009569358937826136f,1.4633613443180709f,-0.53447349581636f,0.13311944059672587f,-0.6029608123663581f,-0.5398824476673385f,0f,0f,0f,1f],start_interpolation:0}
execute if entity @s[tag=aj.ecual.bone.wing_left_2] run data modify entity @s {} merge value {transformation:[-0.5861157283658555f,-0.0736894398474678f,0.5394795820206074f,-0.07582193264003935f,-0.10827579335833068f,0.7925834211369545f,-0.009374065898278664f,1.4633613443180709f,-0.5336147538578622f,-0.07988358400702625f,-0.5906554896650039f,-0.5398824476673385f,0f,0f,0f,1f],start_interpolation:0}
execute if entity @s[tag=aj.ecual.bone.staff] run data modify entity @s {} merge value {transformation:[1.4743760736158085f,-0.10808357596150374f,0.5059045207908369f,-0.42788610502808505f,0.5002867789591048f,0.6867848217257359f,-1.3112764763564826f,2.029565918315286f,-0.13166086110897293f,1.399303683713626f,0.682657211488695f,-0.8700278947281912f,0f,0f,0f,1f],start_interpolation:0}
execute if entity @s[tag=aj.ecual.bone.arm_right_2] run data modify entity @s {} merge value {transformation:[-0.30608227758734097f,0.9488601159351036f,0.07731830142060697f,-0.3734224625572085f,0.8456792707417968f,0.3082964193250937f,-0.4356373364037438f,1.9605313888333757f,-0.43719584900198755f,-0.06795438336816734f,-0.8967954010790217f,-0.3430338276190059f,0f,0f,0f,1f],start_interpolation:0}
execute if entity @s[tag=aj.ecual.bone.arm_right_1] run data modify entity @s {} merge value {transformation:[-0.3065521084322781f,0.9488601159351036f,0.07543397910323114f,-0.2728579394592648f,0.8483430849708716f,0.3082964193250937f,-0.43042691367226377f,1.682102008268425f,-0.43167095686162316f,-0.06795438336816734f,-0.8994678353244338f,-0.20170297281145325f,0f,0f,0f,1f],start_interpolation:0}
execute if entity @s[tag=aj.ecual.bone.arm_left_2] run data modify entity @s {} merge value {transformation:[-0.6491619451806134f,0.755764338830168f,-0.08607574037974436f,0.5050009717691878f,0.7522733187351665f,0.6546369234143761f,0.07439994907080708f,1.3748191217648795f,0.11257718618130697f,-0.016454867217913227f,-0.9935067259441881f,-0.4055281023001033f,0f,0f,0f,1f],start_interpolation:0}
execute if entity @s[tag=aj.ecual.bone.arm_left_1] run data modify entity @s {} merge value {transformation:[-0.5727685751900435f,0.7610120314636099f,-0.30462574947367344f,0.317262638321287f,0.686422859532241f,0.6484126415790896f,0.3292183229287337f,1.6002231852939102f,0.44806229163627287f,-0.020536168290524577f,-0.8937664396281585f,-0.25851309649778126f,0f,0f,0f,1f],start_interpolation:0}
execute if entity @s[tag=aj.ecual.bone.himo_right_2] run data modify entity @s {} merge value {transformation:[-0.9934440024240623f,0.02830812060587575f,-0.11075948878278077f,-0.13541333670635777f,0.06796523346599155f,0.9252909665924843f,-0.373118418444144f,1.3191250885863766f,0.09192247324551818f,-0.37820004951098196f,-0.9211487292844287f,-0.0013150241270434293f,0f,0f,0f,1f],start_interpolation:0}
execute if entity @s[tag=aj.ecual.bone.himo_right_1] run data modify entity @s {} merge value {transformation:[-0.9934440024240623f,0.06030395509275953f,-0.09712078586909287f,-0.12471335003814718f,0.06796523346599155f,0.9946645515414799f,-0.07760900042327537f,1.5051396357477587f,0.09192247324551818f,-0.08370103289062289f,-0.9922421055395048f,-0.023210480953657103f,0f,0f,0f,1f],start_interpolation:0}
execute if entity @s[tag=aj.ecual.bone.himo_left_2] run data modify entity @s {} merge value {transformation:[-0.9934440024240623f,0.02830812060587575f,-0.11075948878278077f,0.17512268116207566f,0.06796523346599155f,0.9252909665924843f,-0.373118418444144f,1.2990830772202673f,0.09192247324551818f,-0.37820004951098196f,-0.9211487292844287f,-0.02998468381837488f,0f,0f,0f,1f],start_interpolation:0}
execute if entity @s[tag=aj.ecual.bone.himo_left_1] run data modify entity @s {} merge value {transformation:[-0.9934440024240623f,0.06030395509275953f,-0.09712078586909287f,0.18582266783028625f,0.06796523346599155f,0.9946645515414799f,-0.07760900042327537f,1.4850976243816494f,0.09192247324551818f,-0.08370103289062289f,-0.9922421055395048f,-0.051880140644988554f,0f,0f,0f,1f],start_interpolation:0}
execute if entity @s[tag=aj.ecual.bone.ponpon1] run data modify entity @s {} merge value {transformation:[-0.9946452499743623f,0.057131039462107104f,-0.08612125773244224f,0.3489039223316434f,0.05992092466987854f,0.9977472838792276f,-0.030163559112460235f,2.183832217946426f,0.08420397550083558f,-0.035162506190590324f,-0.995827941297216f,-0.24855278100065006f,0f,0f,0f,1f],start_interpolation:0}
execute if entity @s[tag=aj.ecual.bone.ponpon2] run data modify entity @s {} merge value {transformation:[-0.9946452499743623f,0.057131039462107104f,-0.08612125773244224f,0.37098787136050215f,0.05992092466987854f,0.9977472838792276f,-0.030163559112460235f,2.054038939119609f,0.08420397550083558f,-0.035162506190590324f,-0.995827941297216f,-0.34067398630472157f,0f,0f,0f,1f],start_interpolation:0}
execute if entity @s[tag=aj.ecual.bone.ponpon3] run data modify entity @s {} merge value {transformation:[-0.9946452499743623f,0.057131039462107104f,-0.08612125773244224f,-0.23545016202829447f,0.05992092466987854f,0.9977472838792276f,-0.030163559112460235f,2.2190357611899794f,0.08420397550083558f,-0.035162506190590324f,-0.995827941297216f,-0.19908294539390914f,0f,0f,0f,1f],start_interpolation:0}
execute if entity @s[tag=aj.ecual.bone.ponpon4] run data modify entity @s {} merge value {transformation:[-0.9946452499743623f,0.057131039462107104f,-0.08612125773244224f,-0.2879646067475129f,0.05992092466987854f,0.9977472838792276f,-0.030163559112460235f,2.0937365517134032f,0.08420397550083558f,-0.035162506190590324f,-0.995827941297216f,-0.284888852535418f,0f,0f,0f,1f],start_interpolation:0}
execute if entity @s[tag=aj.ecual.bone.ear_edge_a1] run data modify entity @s {} merge value {transformation:[-0.9734849616839777f,0.21169970744224983f,-0.08666177498765294f,0.2551171217145984f,0.21525684281982552f,0.9759692721477414f,-0.03388910507300313f,2.29571074075789f,0.07740491582829652f,-0.05164507423050103f,-0.9956612201513828f,-0.26621144379027584f,0f,0f,0f,1f],start_interpolation:0}
execute if entity @s[tag=aj.ecual.bone.ear_edge_a2] run data modify entity @s {} merge value {transformation:[-0.994616876882871f,0.05680673354236916f,-0.08666177498765294f,0.1411246280453849f,0.05993144290232642f,0.9976270599322156f,-0.03388910507300313f,2.312667414455665f,0.08453100242756795f,-0.0389004410675526f,-0.9956612201513828f,-0.2568667538980697f,0f,0f,0f,1f],start_interpolation:0}
execute if entity @s[tag=aj.ecual.bone.ear_edge_b1] run data modify entity @s {} merge value {transformation:[-0.9513960893642586f,0.2953198424884444f,-0.08735944010235223f,0.11873651359793058f,0.299471360924084f,0.9533197075636922f,-0.03870967782033031f,2.3098688541863996f,0.0718497399346239f,-0.06298988651583004f,-0.9954244768278755f,-0.25422630737955926f,0f,0f,0f,1f],start_interpolation:0}
execute if entity @s[tag=aj.ecual.bone.ear_edge_b2] run data modify entity @s {} merge value {transformation:[-0.9960903004726664f,-0.013131699405528663f,-0.08735944010235223f,0.14825007779955446f,-0.009777801459108143f,0.9992026598451752f,-0.03870967782033031f,2.3180996379085506f,0.08779810876607702f,-0.03770415135035327f,-0.9954244768278755f,-0.2571365225667561f,0f,0f,0f,1f],start_interpolation:0}
execute if entity @s[tag=aj.ecual.bone.ear_right_2] run data modify entity @s {} merge value {transformation:[-0.985881026328333f,0.1428528268911636f,-0.08735944010235223f,0.2088982354503556f,0.1466523130618405f,0.9884304021612541f,-0.03870967782033031f,2.4178960642991196f,0.08081893960826961f,-0.0509746008571436f,-0.9954244768278755f,-0.29773355182365285f,0f,0f,0f,1f],start_interpolation:0}
execute if entity @s[tag=aj.ecual.bone.ear_right_1] run data modify entity @s {} merge value {transformation:[-0.985881026328333f,0.1432771394249014f,-0.08666177498765294f,0.17666087907975284f,0.1466523130618405f,0.9886074183572381f,-0.03388910507300313f,2.1954593951687413f,0.08081893960826961f,-0.046119775446705084f,-0.9956612201513828f,-0.28735660234814425f,0f,0f,0f,1f],start_interpolation:0}
execute if entity @s[tag=aj.ecual.bone.ear_edge_a3] run data modify entity @s {} merge value {transformation:[-0.9913367800234609f,-0.0991691360217422f,-0.08612125773244224f,-0.13324980624929644f,-0.09689886394487175f,0.9948370569434285f,-0.030163559112460235f,2.319005232961215f,0.08866791267933273f,-0.021557193528816493f,-0.995827941297216f,-0.23291615779374852f,0f,0f,0f,1f],start_interpolation:0}
execute if entity @s[tag=aj.ecual.bone.ear_edge_a4] run data modify entity @s {} merge value {transformation:[-0.9946452499743623f,0.0571310394621071f,-0.08612125773244224f,-0.018105849876359006f,0.05992092466987854f,0.9977472838792276f,-0.030163559112460235f,2.32215792180866f,0.08420397550083558f,-0.035162506190590324f,-0.995827941297216f,-0.2429695397529839f,0f,0f,0f,1f],start_interpolation:0}
execute if entity @s[tag=aj.ecual.bone.ear_edge_b3] run data modify entity @s {} merge value {transformation:[-0.9789212845750963f,-0.1851924608952153f,-0.08612125773244224f,0.0038642381631431855f,-0.18323589712379348f,0.9826061091337199f,-0.030163559112460235f,2.316509545162151f,0.09020933771557216f,-0.013747244111692938f,-0.995827941297216f,-0.24469846942063833f,0f,0f,0f,1f],start_interpolation:0}
execute if entity @s[tag=aj.ecual.bone.ear_edge_b4] run data modify entity @s {} merge value {transformation:[-0.9882370842819073f,0.12637481638592896f,-0.08612125773244224f,-0.02451594381141018f,0.12937429252019153f,0.9911369492338429f,-0.030163559112460235f,2.3282323374886067f,0.081546046408731f,-0.04095062449894644f,-0.995827941297216f,-0.24259917521495586f,0f,0f,0f,1f],start_interpolation:0}
execute if entity @s[tag=aj.ecual.bone.ear_left_2] run data modify entity @s {} merge value {transformation:[-0.9958396226848644f,-0.029775406923324303f,-0.08612125773244224f,-0.0786998999715857f,-0.02726649814006476f,0.999173006931656f,-0.030163559112460235f,2.435253552895833f,0.08694816829608967f,-0.027689842211603324f,-0.995827941297216f,-0.2725358229705461f,0f,0f,0f,1f],start_interpolation:0}
execute if entity @s[tag=aj.ecual.bone.ear_left_1] run data modify entity @s {} merge value {transformation:[-0.9958396226848644f,-0.029775406923324303f,-0.08612125773244224f,-0.07200043341383774f,-0.02726649814006476f,0.999173006931656f,-0.030163559112460235f,2.210439626336211f,0.08694816829608967f,-0.027689842211603324f,-0.995827941297216f,-0.2663056084729354f,0f,0f,0f,1f],start_interpolation:0}
execute if entity @s[tag=aj.ecual.bone.head] run data modify entity @s {} merge value {transformation:[-0.9946452499743623f,0.057131039462107104f,-0.08612125773244224f,0.025741854412766472f,0.05992092466987854f,0.9977472838792276f,-0.030163559112460235f,1.6925466389866362f,0.08420397550083558f,-0.035162506190590324f,-0.995827941297216f,-0.22769069782232426f,0f,0f,0f,1f],start_interpolation:0}
execute if entity @s[tag=aj.ecual.bone.body_1] run data modify entity @s {} merge value {transformation:[-0.9937152571789869f,0.06864494510071051f,-0.08841865844843141f,3.003707483864901e-17f,0.06413443637154968f,0.9965390003484801f,0.052884731782960354f,1.3188445138559561f,0.09174291101226063f,0.04688168402022748f,-0.9946785138839704f,-0.24527132932990958f,0f,0f,0f,1f],start_interpolation:0}
execute if entity @s[tag=aj.ecual.bone.leg_left_2] run data modify entity @s {} merge value {transformation:[-0.9532715437457155f,-0.2994033860374661f,-0.04038534776327267f,0.22903182970924674f,-0.3017169754639361f,0.936614076631072f,0.1781037286903872f,0.7212004119061459f,-0.015499374231077731f,0.18196616137574742f,-0.9831826308029554f,-0.22378182660003507f,0f,0f,0f,1f],start_interpolation:0}
execute if entity @s[tag=aj.ecual.bone.leg_left_1] run data modify entity @s {} merge value {transformation:[-0.9532715437457155f,-0.29269826952800304f,0.07484040953905098f,0.12500000000000003f,-0.3017169754639361f,0.9350518853361289f,-0.18613123984502283f,1.0538315103363916f,-0.015499374231077731f,-0.20001423635497367f,-0.9796703908222305f,-0.30055047804724827f,0f,0f,0f,1f],start_interpolation:0}
execute if entity @s[tag=aj.ecual.bone.leg_right_2] run data modify entity @s {} merge value {transformation:[-0.9653497518004388f,0.2585046112671824f,0.035710259764304995f,-0.22340039915045942f,0.260615844763265f,0.9479888993708335f,0.18274689635669714f,0.7164918521600516f,0.013387985552762043f,0.1857213305554281f,-0.9825112463578014f,-0.21130171154220584f,0f,0f,0f,1f],start_interpolation:0}
execute if entity @s[tag=aj.ecual.bone.leg_right_1] run data modify entity @s {} merge value {transformation:[-0.9653497518004388f,0.25244405892528526f,-0.0661199955547362f,-0.12499999999999997f,0.260615844763265f,0.9456181932523651f,-0.19464227199779216f,1.0854857845602686f,0.013387985552762043f,-0.20512978746018304f,-0.9786432098264307f,-0.2990568486695481f,0f,0f,0f,1f],start_interpolation:0}
execute if entity @s[tag=aj.ecual.bone.skirt_forward_right] run data modify entity @s {} merge value {transformation:[-0.9663496644554116f,0.25687951942560033f,0.013462485156390662f,3.2520331079625586e-17f,0.22305666615664163f,0.862880325960199f,-0.4535231711323082f,1.1434037687328729f,-0.12811732782882235f,-0.43525906718929247f,-0.8911428026638092f,-0.26554865535326194f,0f,0f,0f,1f],start_interpolation:0}
execute if entity @s[tag=aj.ecual.bone.skirt_forward_left] run data modify entity @s {} merge value {transformation:[-0.9663496644554116f,-0.2568795194256002f,-0.013462485156390444f,3.4346077159675166e-17f,-0.22305666615664163f,0.862880325960199f,-0.4535231711323082f,1.1543013272420248f,0.12811732782882213f,-0.4352590671892926f,-0.8911428026638092f,-0.2804570034689859f,0f,0f,0f,1f],start_interpolation:0}
execute if entity @s[tag=aj.ecual.bone.skirt_forward] run data modify entity @s {} merge value {transformation:[-1f,6.099491772780557e-17f,1.061942457857148e-16f,3.2520331079625586e-17f,0f,0.8671418229292835f,-0.49806130037062607f,1.1434037687328729f,-1.2246467991473532e-16f,-0.49806130037062607f,-0.8671418229292835f,-0.26554865535326194f,0f,0f,0f,1f],start_interpolation:0}
execute if entity @s[tag=aj.ecual.bone.skirt_back_right] run data modify entity @s {} merge value {transformation:[-0.9663088214297213f,0.25738543398394365f,1.1682694501895371e-16f,3.23239936914403e-17f,0.24553654135753528f,0.9218242160196642f,0.2999198586587941f,1.1746126167898874f,0.07719500298129665f,0.289815205143948f,-0.9539644010035643f,-0.26394543891304434f,0f,0f,0f,1f],start_interpolation:0}
execute if entity @s[tag=aj.ecual.bone.skirt_back_left] run data modify entity @s {} merge value {transformation:[-0.9663088214297213f,-0.25738543398394376f,1.1682694501895371e-16f,3.23239936914403e-17f,-0.24553654135753528f,0.9218242160196642f,0.2999198586587941f,1.1746126167898874f,-0.0771950029812969f,0.2898152051439479f,-0.9539644010035643f,-0.26394543891304434f,0f,0f,0f,1f],start_interpolation:0}
execute if entity @s[tag=aj.ecual.bone.skirt_back] run data modify entity @s {} merge value {transformation:[-1f,-3.6729589490721884e-17f,1.1682694501895371e-16f,3.23239936914403e-17f,0f,0.9539644010035643f,0.2999198586587941f,1.1746126167898874f,-1.2246467991473532e-16f,0.2999198586587941f,-0.9539644010035643f,-0.26394543891304434f,0f,0f,0f,1f],start_interpolation:0}
execute if entity @s[tag=aj.ecual.bone.skirt_right] run data modify entity @s {} merge value {transformation:[-0.9661363106169871f,0.2580320127900609f,-0.00033118409754559713f,-0.19374999999999998f,0.25769243244977064f,0.9649290947621472f,0.05006448181718758f,1.2679213722085707f,0.013237808184024612f,0.048283770120123644f,-0.9987459326462711f,-0.2591160588721734f,0f,0f,0f,1f],start_interpolation:0}
execute if entity @s[tag=aj.ecual.bone.skirt_left] run data modify entity @s {} merge value {transformation:[-0.9661216680147842f,-0.25808681106778786f,0.00034719618528347067f,0.19375000000000003f,-0.25774717953677917f,0.9649175620403498f,0.05000489882944479f,1.267708378324493f,-0.0132406205733122f,0.048221327428510985f,-0.9987489121635457f,-0.25918108405654994f,0f,0f,0f,1f],start_interpolation:0}
execute if entity @s[tag=aj.ecual.bone.coat_downer] run data modify entity @s {} merge value {transformation:[-1f,-1.691833309442588e-17f,1.212904276186898e-16f,-0.007812499999999967f,0f,0.9904115023461207f,0.13814867361107777f,1.1012718238559034f,-1.2246467991473532e-16f,0.13814867361107777f,-0.9904115023461207f,-0.2677129975475557f,0f,0f,0f,1f],start_interpolation:0}
execute if entity @s[tag=aj.ecual.bone.body_2] run data modify entity @s {} merge value {transformation:[-1f,-6.2827964219291945e-18f,1.2230341080991638e-16f,3.138157422815092e-17f,0f,0.9986831378244632f,0.05130292608696256f,1.3244150874635567f,-1.2246467991473532e-16f,0.05130292608696256f,-0.9986831378244632f,-0.25625f,0f,0f,0f,1f],start_interpolation:0}
execute if entity @s[tag=aj.ecual.bone.book_left] run data modify entity @s {} merge value {transformation:[0.375192942307612f,-0.35434812628877943f,-0.8565440218915709f,-1.6456286085145668f,0.09208170003500678f,0.9337259811749222f,-0.3459432794514034f,1.966967989481875f,0.9223617601360216f,0.05092344719831855f,0.38295637605897104f,0.8502722490316063f,0f,0f,0f,1f],start_interpolation:0}
execute if entity @s[tag=aj.ecual.bone.book_right] run data modify entity @s {} merge value {transformation:[-0.17114359049432104f,-0.35434812628877943f,-0.9193189200861381f,-1.6356213914854334f,-0.11829337314965972f,0.9337259811749222f,-0.3378793718885545f,1.9656824872285033f,0.9781188830104383f,0.05092344719831855f,-0.20171825208407043f,0.9434777509683933f,0f,0f,0f,1f],start_interpolation:0}
execute if entity @s[tag=aj.ecual.bone.book_loot_1] run data modify entity @s {} merge value {transformation:[0.10674364831075721f,-0.35434812628877943f,-0.9290011834981377f,-1.5012748224752794f,-0.013712024035965581f,0.9337259811749222f,-0.35772583423030246f,2.0199841134897345f,0.9941920206590608f,0.05092344719831855f,0.09481048772838141f,0.8826534268407425f,0f,0f,0f,1f],start_interpolation:0}
execute if entity @s[tag=aj.ecual.bone.book_left2] run data modify entity @s {} merge value {transformation:[0.35455899243409394f,0.6311978230175506f,0.6898385529252661f,1.5484939282492094f,0.03776788317294827f,0.7274989310700299f,-0.6850685310920349f,2.534109039436321f,-0.9342705753071511f,0.2689509500073736f,0.2341022823583241f,-0.11183720768015157f,0f,0f,0f,1f],start_interpolation:0}
execute if entity @s[tag=aj.ecual.bone.book_right2] run data modify entity @s {} merge value {transformation:[-0.019505046018683886f,0.6311978230175506f,0.7753765932743354f,1.5322845353996246f,0.36153386118048386f,0.7274989310700299f,-0.5831282642025634f,2.514791437274057f,-0.9321549336884615f,0.2689509500073736f,-0.24238928625331496f,-0.021542421949477503f,0f,0f,0f,1f],start_interpolation:0}
execute if entity @s[tag=aj.ecual.bone.book_loot_2] run data modify entity @s {} merge value {transformation:[0.17290019039557147f,0.6311978230175506f,0.7561050405724592f,1.4269734757385482f,0.20605442306414484f,0.7274989310700299f,-0.654436307082413f,2.6226156844175508f,-0.96314438112719f,0.2689509500073736f,-0.004276399566642626f,-0.06604835487981814f,0f,0f,0f,1f],start_interpolation:0}
execute if entity @s[tag=aj.ecual.bone.air_staff_povit_1] run data modify entity @s {} merge value {transformation:[-0.000015625f,0f,1.9135106236677393e-21f,-0.007217500000000053f,0f,0.000015625f,0f,1.4905375874635567f,-1.9135106236677393e-21f,0f,-0.000015625f,0.43125f,0f,0f,0f,1f],start_interpolation:0}