execute if entity @s[tag=aj.ecual.bone.wing_right_1] run data modify entity @s {} merge value {transformation:[-0.38125035152186243f,-0.04266218766875718f,-0.7209525307897993f,-0.16883371598143446f,-0.11530518267721977f,0.8083789420006715f,0.013139460494716721f,1.3274348545382664f,0.7129497378894767f,0.10792529044498786f,-0.3834048087467549f,-0.3483859122182632f,0f,0f,0f,1f],start_interpolation:0}
execute if entity @s[tag=aj.ecual.bone.wing_right_2] run data modify entity @s {} merge value {transformation:[-0.36103396794422754f,0.10431033904796395f,-0.7062392138349054f,-0.16883371598143446f,0.1986858415430385f,0.7748278943059114f,0.012871308239722504f,1.3274348545382664f,0.6856955668230478f,-0.1695909413063273f,-0.3755802208131477f,-0.3483859122182632f,0f,0f,0f,1f],start_interpolation:0}
execute if entity @s[tag=aj.ecual.bone.wing_left_1] run data modify entity @s {} merge value {transformation:[-0.797332541394794f,0.16515377535388492f,-0.06268567111965742f,-0.2313505983426831f,0.16678917769469578f,0.7993009246044304f,-0.015615587560968668f,1.330165777309451f,0.05819478568815715f,-0.02804829508732397f,-0.8141075509451119f,-0.3074812361417939f,0f,0f,0f,1f],start_interpolation:0}
execute if entity @s[tag=aj.ecual.bone.wing_left_2] run data modify entity @s {} merge value {transformation:[-0.7835175469913497f,-0.14943062293314466f,-0.061406371709052165f,-0.2313505983426831f,-0.14868843801178355f,0.7859120518147958f,-0.015296902100540737f,1.330165777309451f,0.06318229149274303f,-0.0035687171462406974f,-0.7974931111299056f,-0.3074812361417939f,0f,0f,0f,1f],start_interpolation:0}
execute if entity @s[tag=aj.ecual.bone.staff] run data modify entity @s {} merge value {transformation:[-0.20499951018830156f,0.8042734741480867f,1.3238299096199346f,-0.8214881198091862f,1.48739289662586f,0.47504935429858947f,-0.05828148974955717f,1.1650467470646548f,-0.4324856320035278f,1.2525488173170178f,-0.8279395438969257f,0.16258674285329233f,0f,0f,0f,1f],start_interpolation:0}
execute if entity @s[tag=aj.ecual.bone.arm_right_2] run data modify entity @s {} merge value {transformation:[-0.7686761998220757f,-0.44720272141311435f,-0.45732551403545924f,-0.5585276519229392f,-0.5297229571222429f,0.8458070731155407f,0.06327703979634845f,1.3818132387480255f,0.35851149008749894f,0.29089537814896066f,-0.8870453147651557f,0.16600709035891809f,0f,0f,0f,1f],start_interpolation:0}
execute if entity @s[tag=aj.ecual.bone.arm_right_1] run data modify entity @s {} merge value {transformation:[-0.8515529700311852f,-0.44720272141311435f,-0.2736188319391998f,-0.2607613230076015f,-0.5021088973167831f,0.8458070731155407f,0.18026938260017003f,1.560443422454981f,0.1508117849055297f,0.29089537814896066f,-0.9447939905107258f,0.1093183430330825f,0f,0f,0f,1f],start_interpolation:0}
execute if entity @s[tag=aj.ecual.bone.arm_left_2] run data modify entity @s {} merge value {transformation:[-0.44792769441560876f,0.893688760586913f,-0.02609942099250337f,0.5032945878294564f,0.7837684574055876f,0.37845351793112314f,-0.4924225217652242f,1.323803122763672f,-0.43019505547086706f,-0.24102558778309024f,-0.8699648730162806f,-0.24032281204819525f,0f,0f,0f,1f],start_interpolation:0}
execute if entity @s[tag=aj.ecual.bone.arm_left_1] run data modify entity @s {} merge value {transformation:[-0.7840742324049033f,0.5915079661355032f,-0.18800511715616192f,0.23781741203308543f,0.6192195386493795f,0.7661709998409476f,-0.17189869678846414f,1.5200586548374049f,0.042364620068063075f,-0.2511977806449794f,-0.9670082284890471f,-0.21686229507066127f,0f,0f,0f,1f],start_interpolation:0}
execute if entity @s[tag=aj.ecual.bone.himo_right_2] run data modify entity @s {} merge value {transformation:[-0.6285488280562657f,-0.7195778462391568f,-0.2951848470889237f,0.02323159164128201f,-0.6099203512696076f,0.6915276670055003f,-0.38702280407372436f,1.2202424877040559f,0.48262152444358836f,-0.06322348430564734f,-0.8735440774088048f,0.20489777619491895f,0f,0f,0f,1f],start_interpolation:0}
execute if entity @s[tag=aj.ecual.bone.himo_right_1] run data modify entity @s {} merge value {transformation:[-0.8064410247030996f,-0.30444361838274675f,-0.5069190831896496f,-0.0370198310754183f,-0.2656659927081762f,0.9524242423291285f,-0.14936412869951315f,1.3978885073363956f,0.5282749795269446f,0.014217800455975843f,-0.8489542980372972f,0.20225764941768132f,0f,0f,0f,1f],start_interpolation:0}
execute if entity @s[tag=aj.ecual.bone.himo_left_2] run data modify entity @s {} merge value {transformation:[-0.38412068019116047f,-0.8996295754040607f,-0.20764857357513872f,0.31758910327643763f,-0.8669426985704978f,0.4288019030201207f,-0.25404583319083596f,1.2263326202222546f,0.3175872485550756f,0.08243515648455146f,-0.9446389704699802f,0.002147588677252659f,0f,0f,0f,1f],start_interpolation:0}
execute if entity @s[tag=aj.ecual.bone.himo_left_1] run data modify entity @s {} merge value {transformation:[-0.7211904843656942f,-0.4808972004742694f,-0.49862026416541266f,0.2243045015364783f,-0.5061316587809773f,0.8572396488132284f,-0.09471498552071514f,1.3864730857152305f,0.4729852315241904f,0.1840599551194751f,-0.8616303753242598f,0.03127364041637764f,0f,0f,0f,1f],start_interpolation:0}
execute if entity @s[tag=aj.ecual.bone.ponpon1] run data modify entity @s {} merge value {transformation:[-0.836237864358069f,0.036784528114228075f,-0.5471317324970919f,0.26603324611763385f,0.03652934918772836f,0.9992681152021233f,0.011350796814186048f,2.077232737504809f,0.5471488288041717f,-0.010494400021415754f,-0.8369695494499269f,-0.20237000011470788f,0f,0f,0f,1f],start_interpolation:0}
execute if entity @s[tag=aj.ecual.bone.ponpon2] run data modify entity @s {} merge value {transformation:[-0.836237864358069f,0.036784528114228075f,-0.5471317324970919f,0.24150050009518045f,0.03652934918772836f,0.9992681152021233f,0.011350796814186048f,1.9520185097113338f,0.5471488288041717f,-0.010494400021415754f,-0.8369695494499269f,-0.300042176453118f,0f,0f,0f,1f],start_interpolation:0}
execute if entity @s[tag=aj.ecual.bone.ponpon3] run data modify entity @s {} merge value {transformation:[-0.836237864358069f,0.036784528114228075f,-0.5471317324970919f,-0.2252564991927318f,0.03652934918772836f,0.9992681152021233f,0.011350796814186048f,2.0986937301525996f,0.5471488288041717f,-0.010494400021415754f,-0.8369695494499269f,0.11907993680774301f,0f,0f,0f,1f],start_interpolation:0}
execute if entity @s[tag=aj.ecual.bone.ponpon4] run data modify entity @s {} merge value {transformation:[-0.836237864358069f,0.036784528114228075f,-0.5471317324970919f,-0.3125070850420402f,0.03652934918772836f,0.9992681152021233f,0.011350796814186048f,1.9762192035482038f,0.5471488288041717f,-0.010494400021415754f,-0.8369695494499269f,0.062443922629645765f,0f,0f,0f,1f],start_interpolation:0}
execute if entity @s[tag=aj.ecual.bone.ear_edge_a1] run data modify entity @s {} merge value {transformation:[-0.8201880206133364f,0.16714807248995678f,-0.5471317324970919f,0.1756130888501796f,0.19239958531565174f,0.9812510173151661f,0.011350796814186048f,2.187774202114749f,0.5387708329268972f,-0.09595813087406317f,-0.8369695494499269f,-0.1678986492493228f,0f,0f,0f,1f],start_interpolation:0}
execute if entity @s[tag=aj.ecual.bone.ear_edge_a2] run data modify entity @s {} merge value {transformation:[-0.8362378643580691f,0.03678452811422808f,-0.5471317324970919f,0.07966171220623197f,0.03652934918772838f,0.9992681152021233f,0.011350796814186048f,2.202051842910036f,0.5471488288041717f,-0.010494400021415745f,-0.8369695494499269f,-0.10498106094166385f,0f,0f,0f,1f],start_interpolation:0}
execute if entity @s[tag=aj.ecual.bone.ear_edge_b1] run data modify entity @s {} merge value {transformation:[-0.8024990431666675f,0.23799611974003665f,-0.5471317324970919f,0.0608242022819955f,0.2771891080425012f,0.960748332183973f,0.011350796814186048f,2.1985512565970313f,0.5283573450792426f,-0.14254995333005374f,-0.8369695494499269f,-0.09271434824756784f,0f,0f,0f,1f],start_interpolation:0}
execute if entity @s[tag=aj.ecual.bone.ear_edge_b2] run data modify entity @s {} merge value {transformation:[-0.8367667899192511f,-0.021638081776411314f,-0.5471317324970919f,0.08553281988128632f,-0.033265054512372744f,0.9993821068840346f,0.011350796814186048f,2.2074818401413228f,0.5465480540963631f,0.027698336720196837f,-0.8369695494499269f,-0.10874539683742755f,0f,0f,0f,1f],start_interpolation:0}
execute if entity @s[tag=aj.ecual.bone.ear_right_2] run data modify entity @s {} merge value {transformation:[-0.829849743947655f,0.1095274840610437f,-0.5471317324970919f,0.12061036878239338f,0.12348229877005054f,0.9922818557759419f,0.011350796814186048f,2.3103862066705854f,0.5441521150932666f,-0.05814162822892713f,-0.8369695494499269f,-0.16761730392010676f,0f,0f,0f,1f],start_interpolation:0}
execute if entity @s[tag=aj.ecual.bone.ear_right_1] run data modify entity @s {} merge value {transformation:[-0.829849743947655f,0.1095274840610437f,-0.5471317324970919f,0.09596668486865859f,0.12348229877005054f,0.9922818557759419f,0.011350796814186048f,2.0871227891209987f,0.5441521150932666f,-0.05814162822892713f,-0.8369695494499269f,-0.15453543756859817f,0f,0f,0f,1f],start_interpolation:0}
execute if entity @s[tag=aj.ecual.bone.ear_edge_a3] run data modify entity @s {} merge value {transformation:[-0.8316967565679496f,-0.09448477342452255f,-0.5471317324970919f,-0.15091818535994656f,-0.12024036075115618f,0.9926799157120662f,0.011350796814186048f,2.20203805627004f,0.5420542046334338f,0.07522773778867577f,-0.8369695494499269f,0.045750136421429055f,0f,0f,0f,1f],start_interpolation:0}
execute if entity @s[tag=aj.ecual.bone.ear_edge_a4] run data modify entity @s {} merge value {transformation:[-0.836237864358069f,0.03678452811422808f,-0.5471317324970919f,-0.0542254251774461f,0.03652934918772835f,0.9992681152021233f,0.011350796814186048f,2.2079004300186673f,0.5471488288041717f,-0.010494400021415759f,-0.8369695494499269f,-0.01737896405783381f,0f,0f,0f,1f],start_interpolation:0}
execute if entity @s[tag=aj.ecual.bone.ear_edge_b3] run data modify entity @s {} merge value {transformation:[-0.8202970087069342f,-0.16661237889540714f,-0.5471317324970919f,-0.035705710401162605f,-0.20630056524150847f,0.9784228309850077f,0.011350796814186048f,2.202767969374287f,0.5334349953719668f,0.12218461034883288f,-0.8369695494499269f,-0.02955501174741686f,0f,0f,0f,1f],start_interpolation:0}
execute if entity @s[tag=aj.ecual.bone.ear_edge_b4] run data modify entity @s {} merge value {transformation:[-0.8316348719800707f,0.09502792748146277f,-0.5471317324970919f,-0.05967855073987817f,0.1061457855705042f,0.994285789709027f,0.011350796814186048f,2.21382510333178f,0.5450839494172546f,-0.048636009101017404f,-0.8369695494499269f,-0.013733875892475496f,0f,0f,0f,1f],start_interpolation:0}
execute if entity @s[tag=aj.ecual.bone.ear_left_2] run data modify entity @s {} merge value {transformation:[-0.8362617096864903f,-0.036238380302642176f,-0.5471317324970919f,-0.12124641678895315f,-0.050701610798936515f,0.9986493408970318f,0.011350796814186048f,2.3209512281197626f,0.5459814095503815f,0.03723269690695058f,-0.8369695494499269f,-0.009370873563491387f,0f,0f,0f,1f],start_interpolation:0}
execute if entity @s[tag=aj.ecual.bone.ear_left_1] run data modify entity @s {} merge value {transformation:[-0.8362617096864903f,-0.036238380302642176f,-0.5471317324970919f,-0.11309278122085867f,-0.050701610798936515f,0.9986493408970318f,0.011350796814186048f,2.096255126417931f,0.5459814095503815f,0.03723269690695058f,-0.8369695494499269f,-0.017748230367555254f,0f,0f,0f,1f],start_interpolation:0}
execute if entity @s[tag=aj.ecual.bone.head] run data modify entity @s {} merge value {transformation:[-0.836237864358069f,0.036784528114228075f,-0.5471317324970919f,-0.010317252194107809f,0.03652934918772836f,0.9992681152021233f,0.011350796814186048f,1.5792093363279331f,0.5471488288041717f,-0.010494400021415754f,-0.8369695494499269f,-0.05460815553679094f,0f,0f,0f,1f],start_interpolation:0}
execute if entity @s[tag=aj.ecual.bone.body_1] run data modify entity @s {} merge value {transformation:[-0.836237864358069f,0.02961964359182956f,-0.5475663529905291f,-0.021424618541043893f,0.03652934918772836f,0.9993310828181867f,-0.0017301911314494267f,1.2044601802711132f,0.5471488288041717f,-0.02144909384853652f,-0.836760476786099f,-0.04656474534358974f,0f,0f,0f,1f],start_interpolation:0}
execute if entity @s[tag=aj.ecual.bone.leg_left_2] run data modify entity @s {} merge value {transformation:[-0.8136657864258975f,-0.3708951153993697f,-0.44764360977547085f,0.28487775881837846f,-0.19943763334147396f,0.9013926691532601f,-0.384338244784348f,0.7621706410882123f,0.546051845896594f,-0.22344589808195137f,-0.8074028190582894f,0.13073597880661963f,0f,0f,0f,1f],start_interpolation:0}
execute if entity @s[tag=aj.ecual.bone.leg_left_1] run data modify entity @s {} merge value {transformation:[-0.8136657864258975f,-0.5617365097721806f,-0.14966656804007578f,0.09378469773817522f,-0.19943763334147396f,0.5115634036266479f,-0.8357795848649758f,0.9161465638016658f,0.546051845896594f,-0.6501961070776172f,-0.5282730391890487f,-0.09777216221419449f,0f,0f,0f,1f],start_interpolation:0}
execute if entity @s[tag=aj.ecual.bone.leg_right_2] run data modify entity @s {} merge value {transformation:[-0.8561527034552644f,0.07881877710026564f,-0.510676168175744f,-0.016625676438796436f,0.2057088668220168f,0.958595843213677f,-0.19692097776585676f,0.7336392173672179f,0.47401098138866343f,-0.27364504334973433f,-0.8369181440099611f,0.30622987982448596f,0f,0f,0f,1f],start_interpolation:0}
execute if entity @s[tag=aj.ecual.bone.leg_right_1] run data modify entity @s {} merge value {transformation:[-0.8561527034552644f,-0.26594708632600916f,-0.4430290009028171f,-0.12602046589406937f,0.2057088668220168f,0.6110896308227657f,-0.7643646546064891f,0.9333086481109754f,0.47401098138866343f,-0.7455478592120038f,-0.46847836571964985f,0.021990859288222135f,0f,0f,0f,1f],start_interpolation:0}
execute if entity @s[tag=aj.ecual.bone.skirt_forward_right] run data modify entity @s {} merge value {transformation:[-0.8861744775546464f,-0.13271632912825349f,-0.4439382516898837f,-0.015753038236491962f,0.13197304558625714f,0.8461229323655807f,-0.516390451658199f,1.068093004187126f,0.44415978045005067f,-0.5161999218401647f,-0.7322975693819901f,-0.03729429468223203f,0f,0f,0f,1f],start_interpolation:0}
execute if entity @s[tag=aj.ecual.bone.skirt_forward_left] run data modify entity @s {} merge value {transformation:[-0.7989266276801874f,-0.43396050466863595f,-0.4164066809878366f,-0.020171230655735915f,-0.1319730455862571f,0.8019835088027932f,-0.582585244275074f,1.050970716937456f,0.5867702777256624f,-0.4104884066524932f,-0.6979970696082085f,-0.044516027010012504f,0f,0f,0f,1f],start_interpolation:0}
execute if entity @s[tag=aj.ecual.bone.skirt_forward] run data modify entity @s {} merge value {transformation:[-0.8530235960556144f,-0.27924855620038425f,-0.44087525268759276f,-0.015753038236491962f,0f,0.8447952010360832f,-0.5350897759314821f,1.068093004187126f,0.5218723450925025f,-0.45644420487766585f,-0.7206302403183253f,-0.03729429468223203f,0f,0f,0f,1f],start_interpolation:0}
execute if entity @s[tag=aj.ecual.bone.skirt_back_right] run data modify entity @s {} merge value {transformation:[-0.8482636797575084f,0.09263129111070666f,-0.5214097942227541f,-0.01574365194232845f,0.13399271270958096f,0.9900879150171724f,-0.042093627518617255f,1.0952185920260828f,0.512342348966957f,-0.1055716081345354f,-0.8522675360536203f,-0.03727895236628775f,0f,0f,0f,1f],start_interpolation:0}
execute if entity @s[tag=aj.ecual.bone.skirt_back_left] run data modify entity @s {} merge value {transformation:[-0.8423714874720357f,-0.13616939297336642f,-0.5214097942227541f,-0.01574365194232845f,-0.13399271270958096f,0.9900879150171724f,-0.042093627518617255f,1.0952185920260828f,0.5219733997387968f,0.03440664113529982f,-0.8522675360536203f,-0.03727895236628775f,0f,0f,0f,1f],start_interpolation:0}
execute if entity @s[tag=aj.ecual.bone.skirt_back] run data modify entity @s {} merge value {transformation:[-0.8530235960556144f,-0.021967500106591098f,-0.5214097942227541f,-0.01574365194232845f,0f,0.9991136704711451f,-0.042093627518617255f,1.0952185920260828f,0.5218723450925025f,-0.035906857516956436f,-0.8522675360536203f,-0.03727895236628775f,0f,0f,0f,1f],start_interpolation:0}
execute if entity @s[tag=aj.ecual.bone.skirt_right] run data modify entity @s {} merge value {transformation:[-0.8585051968447491f,0.029846972348782745f,-0.5119355283941227f,-0.18359893066279398f,0.16732717682037415f,0.9599689265790794f,-0.22463587402713114f,1.1354233968289467f,0.4847374989495674f,-0.2785117919302895f,-0.8291325218973726f,0.05961349078470596f,0f,0f,0f,1f],start_interpolation:0}
execute if entity @s[tag=aj.ecual.bone.skirt_left] run data modify entity @s {} merge value {transformation:[-0.8221970291997349f,-0.2879637211845679f,-0.49098771925239293f,0.14319258849232963f,-0.16832916427784508f,0.9470159669830247f,-0.2735435079338f,1.1334917750776328f,0.5437438161750923f,-0.14225910712760392f,-0.8271064071874938f,-0.14874996091447373f,0f,0f,0f,1f],start_interpolation:0}
execute if entity @s[tag=aj.ecual.bone.coat_downer] run data modify entity @s {} merge value {transformation:[-0.8530235960556144f,-0.11217562500373783f,-0.5096737914856606f,-0.010869427913175151f,0f,0.9766254071104695f,-0.2149483988921746f,0.988101603370312f,0.5218723450925025f,-0.18335605618939943f,-0.8330845167726512f,-0.014341680020102637f,0f,0f,0f,1f],start_interpolation:0}
execute if entity @s[tag=aj.ecual.bone.body_2] run data modify entity @s {} merge value {transformation:[-0.8530235960556144f,-0.10549459084194543f,-0.5110984600597408f,-0.02777662871023784f,0f,0.9793553248527627f,-0.20214635213760251f,1.2069263087671012f,0.5218723450925025f,-0.17243560822994222f,-0.835413201022118f,-0.05694738893001552f,0f,0f,0f,1f],start_interpolation:0}
execute if entity @s[tag=aj.ecual.bone.book_left] run data modify entity @s {} merge value {transformation:[0.8727735158739995f,-0.16516039382573106f,-0.4593347736676009f,-0.2067233669344631f,0.019165087613668225f,0.9518870008694313f,-0.30584936977629945f,1.0735163107606847f,0.48774900246509706f,0.2581340386061639f,0.8339470778815486f,0.7732064587555304f,0f,0f,0f,1f],start_interpolation:0}
execute if entity @s[tag=aj.ecual.bone.book_right] run data modify entity @s {} merge value {transformation:[0.7256089507426429f,-0.16516039382573106f,-0.6679922865673596f,-0.13116347727619784f,-0.05999209976972052f,0.9518870008694313f,-0.300519692434654f,1.0715863067735176f,0.685487125019413f,0.2581340386061639f,0.6807894091020298f,0.8286685238039966f,0f,0f,0f,1f],start_interpolation:0}
execute if entity @s[tag=aj.ecual.bone.book_loot_1] run data modify entity @s {} merge value {transformation:[0.8059721563548295f,-0.16516039382573106f,-0.5684460638372606f,-0.08367651252974137f,-0.020586709196448144f,0.9518870008694313f,-0.3057569704524494f,1.1184148543349686f,0.5915953605169724f,0.2581340386061639f,0.763794309698406f,0.6863683448250025f,0f,0f,0f,1f],start_interpolation:0}
execute if entity @s[tag=aj.ecual.bone.book_left2] run data modify entity @s {} merge value {transformation:[0.8558283049701108f,-0.5068315207670604f,0.10334274028172563f,0.7166928838079943f,0.32552381649603235f,0.37246963925689003f,-0.8690803258190232f,2.2657795865892894f,0.401985270011035f,0.7774240653522317f,0.4837557909786345f,-0.6997655417264946f,0f,0f,0f,1f],start_interpolation:0}
execute if entity @s[tag=aj.ecual.bone.book_right2] run data modify entity @s {} merge value {transformation:[0.5050499910862678f,-0.5068315207670604f,0.6986031177003934f,0.647066155327119f,0.8591510550828436f,0.37246963925689003f,-0.35089290728351674f,2.205167968444913f,-0.08236486540872437f,0.7774240653522317f,0.6235606238028599f,-0.7161183068434649f,0f,0f,0f,1f],start_interpolation:0}
execute if entity @s[tag=aj.ecual.bone.book_loot_2] run data modify entity @s {} merge value {transformation:[0.7426851037960044f,-0.5068315207670604f,0.4376535686550119f,0.6162314842693049f,0.6465239268733445f,0.37246963925689003f,-0.6657876386747598f,2.3353419233183152f,0.17442949458101575f,0.7774240653522317f,0.6043063577618727f,-0.7985878779492607f,0f,0f,0f,1f],start_interpolation:0}
execute if entity @s[tag=aj.ecual.bone.air_staff_povit_1] run data modify entity @s {} merge value {transformation:[-0.000013328493688368976f,0f,-0.000008154255392070351f,0.32485391073632625f,0f,0.000015625f,0f,1.3730488087671011f,0.000008154255392070351f,0f,-0.000013328493688368976f,0.5332729470089246f,0f,0f,0f,1f],start_interpolation:0}