execute if entity @s[tag=aj.ecual.bone.wing_right_1] run data modify entity @s {} merge value {transformation:[-0.4897145785292178f,-0.034773473383808984f,-0.6526215454374921f,0.03534562002038691f,-0.12251003780805837f,0.8059379948083286f,0.048986565556723684f,1.5364885515243398f,0.6419621224470047f,0.12727607205441482f,-0.48849757345372835f,-0.554586738803404f,0f,0f,0f,1f],start_interpolation:0}
execute if entity @s[tag=aj.ecual.bone.wing_right_2] run data modify entity @s {} merge value {transformation:[-0.4562395180656076f,0.15211019310088872f,-0.6393027383877474f,0.03534562002038691f,0.19125022204274944f,0.7753196861820414f,0.047986839729035446f,1.5364885515243398f,0.628704107449491f,-0.12546662254715968f,-0.47852823521997884f,-0.554586738803404f,0f,0f,0f,1f],start_interpolation:0}
execute if entity @s[tag=aj.ecual.bone.wing_left_1] run data modify entity @s {} merge value {transformation:[-0.5868341121603952f,0.15505110683114162f,0.5463783702891277f,-0.0791443661712176f,0.18780302585561345f,0.7944250793644694f,-0.023733124545179018f,1.5434324021505335f,-0.5360039111133807f,0.10859278056868749f,-0.6065079222268777f,-0.5433181782102898f,0f,0f,0f,1f],start_interpolation:0}
execute if entity @s[tag=aj.ecual.bone.wing_left_2] run data modify entity @s {} merge value {transformation:[-0.5892240146532925f,-0.07966349209072399f,0.5352277913036354f,-0.0791443661712176f,-0.1278425577760797f,0.7893768269206175f,-0.02324877506466516f,1.5434324021505335f,-0.5258054212131389f,-0.10265453301558985f,-0.59413020952837f,-0.5433181782102898f,0f,0f,0f,1f],start_interpolation:0}
execute if entity @s[tag=aj.ecual.bone.staff] run data modify entity @s {} merge value {transformation:[-1.3033857562131368f,-0.6491115889667556f,0.5667856434047731f,-0.2203042511836949f,-0.06058963679716247f,-0.9561200775223263f,-1.2343295926418882f,2.6156436761789306f,0.8596049769594731f,-1.0516153253104261f,0.7723928671076327f,-0.1886766654605313f,0f,0f,0f,1f],start_interpolation:0}
execute if entity @s[tag=aj.ecual.bone.arm_right_2] run data modify entity @s {} merge value {transformation:[-0.24696461170949083f,0.9679989276323795f,0.04457080508296615f,-0.35633260964301766f,0.8287650235097898f,0.23482975190003275f,-0.5079404723285863f,2.0495861729560163f,-0.5021523836147734f,-0.08850459719772999f,-0.8602382925125276f,-0.3616287873668016f,0f,0f,0f,1f],start_interpolation:0}
execute if entity @s[tag=aj.ecual.bone.arm_right_1] run data modify entity @s {} merge value {transformation:[-0.24853535888500802f,0.9679989276323795f,0.03475991206064233f,-0.27498602676609285f,0.8482220079632885f,0.23482975190003275f,-0.4747361507503895f,1.7707418815909204f,-0.46770674635996823f,-0.08850459719772999f,-0.8794414907679987f,-0.21019675163793608f,0f,0f,0f,1f],start_interpolation:0}
execute if entity @s[tag=aj.ecual.bone.arm_left_2] run data modify entity @s {} merge value {transformation:[-0.6219686999631269f,0.779640151231119f,-0.07291207619109444f,0.4801171912015078f,0.7641975890198417f,0.6246682914336678f,0.16059754236476895f,1.4634380969816574f,0.17075415427578688f,0.04416741180622309f,-0.9843232490050716f,-0.4385244445114852f,0f,0f,0f,1f],start_interpolation:0}
execute if entity @s[tag=aj.ecual.bone.arm_left_1] run data modify entity @s {} merge value {transformation:[-0.5068722254714931f,0.8110154161486067f,-0.29212076580564805f,0.315218634913496f,0.6907747188356634f,0.5848640157066691f,0.4251639342053599f,1.691121786500977f,0.5156654291913375f,0.013714149655430982f,-0.8566802713008757f,-0.26929773229435616f,0f,0f,0f,1f],start_interpolation:0}
execute if entity @s[tag=aj.ecual.bone.himo_right_2] run data modify entity @s {} merge value {transformation:[-0.969208367230062f,-0.2440935538253887f,-0.03245732385963711f,-0.08695048735134349f,-0.21550858846669935f,0.9046078209565596f,-0.36775091918486935f,1.4168704223297708f,0.11912677779713575f,-0.34943243588012474f,-0.9293577263715809f,-0.012572159158195621f,0f,0f,0f,1f],start_interpolation:0}
execute if entity @s[tag=aj.ecual.bone.himo_right_1] run data modify entity @s {} merge value {transformation:[-0.9749436906547154f,-0.19535901711893f,-0.10639386487428706f,-0.12424526471660716f,-0.188667403498861f,0.9795579431947686f,-0.06979145206278987f,1.6001013401033974f,0.11785334492308831f,-0.047969681616207606f,-0.9918717148583677f,-0.027765672679099324f,0f,0f,0f,1f],start_interpolation:0}
execute if entity @s[tag=aj.ecual.bone.himo_left_2] run data modify entity @s {} merge value {transformation:[-0.971395868852153f,-0.23421530488704226f,-0.03915682486669174f,0.2235680132084699f,-0.20438086260824798f,0.9085680055367837f,-0.3643249131124849f,1.3980881625326151f,0.12090710887486908f,-0.34590080987413274f,-0.9304483331985389f,-0.04279238299770323f,0f,0f,0f,1f],start_interpolation:0}
execute if entity @s[tag=aj.ecual.bone.himo_left_1] run data modify entity @s {} merge value {transformation:[-0.9746586240425004f,-0.19575655252356705f,-0.10825866581326427f,0.18618704294896818f,-0.18870760256790772f,0.9793891660738744f,-0.07201598510187636f,1.5812735312645798f,0.12012496540125503f,-0.049761767665638584f,-0.991510846721375f,-0.05831965722701904f,0f,0f,0f,1f],start_interpolation:0}
execute if entity @s[tag=aj.ecual.bone.ponpon1] run data modify entity @s {} merge value {transformation:[-0.9982846196072974f,0.02896547286811329f,-0.050880444544441475f,0.3324366555761924f,0.030822407548221874f,0.9988728001379313f,-0.036098591905224256f,2.282923467770325f,0.04977747932996112f,-0.03760492688644934f,-0.9980521389313386f,-0.25081647005560986f,0f,0f,0f,1f],start_interpolation:0}
execute if entity @s[tag=aj.ecual.bone.ponpon2] run data modify entity @s {} merge value {transformation:[-0.9982846196072974f,0.02896547286811329f,-0.050880444544441475f,0.3614816030269104f,0.030822407548221874f,0.9988728001379313f,-0.036098591905224256f,2.15352428447891f,0.04977747932996112f,-0.03760492688644934f,-0.9980521389313386f,-0.34154989769449023f,0f,0f,0f,1f],start_interpolation:0}
execute if entity @s[tag=aj.ecual.bone.ponpon3] run data modify entity @s {} merge value {transformation:[-0.9982846196072974f,0.02896547286811329f,-0.050880444544441475f,-0.2540555584430949f,0.030822407548221874f,0.9988728001379313f,-0.036098591905224256f,2.301031632204905f,0.04977747932996112f,-0.03760492688644934f,-0.9980521389313386f,-0.22157220094925772f,0f,0f,0f,1f],start_interpolation:0}
execute if entity @s[tag=aj.ecual.bone.ponpon4] run data modify entity @s {} merge value {transformation:[-0.9982846196072974f,0.02896547286811329f,-0.050880444544441475f,-0.29988195746292406f,0.030822407548221874f,0.9988728001379313f,-0.036098591905224256f,2.173944129479607f,0.04977747932996112f,-0.03760492688644934f,-0.9980521389313386f,-0.308572317638391f,0f,0f,0f,1f],start_interpolation:0}
execute if entity @s[tag=aj.ecual.bone.ear_edge_a1] run data modify entity @s {} merge value {transformation:[-0.981553815507198f,0.18347455806135982f,-0.05375122145077057f,0.23602075845615336f,0.18661684093177308f,0.9805488756366096f,-0.060811653228852194f,2.392462791562678f,0.041548308556503176f,-0.06972079339744745f,-0.9967009325891714f,-0.27452084061420584f,0f,0f,0f,1f],start_interpolation:0}
execute if entity @s[tag=aj.ecual.bone.ear_edge_a2] run data modify entity @s {} merge value {transformation:[-0.9981710035819521f,0.027666835755984734f,-0.05375122145077057f,0.12132522875713372f,0.030927639140996804f,0.997669997528611f,-0.060811653228852194f,2.4060790944757136f,0.05194351495001754f,-0.062362827313338295f,-0.9967009325891714f,-0.2691661803036202f,0f,0f,0f,1f],start_interpolation:0}
execute if entity @s[tag=aj.ecual.bone.ear_edge_b1] run data modify entity @s {} merge value {transformation:[-0.9621082472675923f,0.266554046834365f,-0.057416553849083424f,0.09924308477506796f,0.27097987784677224f,0.9581075759628156f,-0.09273499169572659f,2.40375962740878f,0.030292347908836628f,-0.10477983106915746f,-0.9940339836541248f,-0.2639079120598868f,0f,0f,0f,1f],start_interpolation:0}
execute if entity @s[tag=aj.ecual.bone.ear_edge_b2] run data modify entity @s {} merge value {transformation:[-0.9973890483363869f,-0.04379983564731364f,-0.057416553849083424f,0.12855156534486736f,-0.03835434480085845f,0.9949518408194896f,-0.09273499169572659f,2.412806332152755f,0.06118848334068472f,-0.09029069081127868f,-0.9940339836541248f,-0.26644478512825703f,0f,0f,0f,1f],start_interpolation:0}
execute if entity @s[tag=aj.ecual.bone.ear_right_2] run data modify entity @s {} merge value {transformation:[-0.9919613379374671f,0.11276543522465267f,-0.057416553849083424f,0.18713914482112595f,0.11776261978841615f,0.9887022740419701f,-0.09273499169572659f,2.5123435479896026f,0.04631057565911885f,-0.09875105023660358f,-0.9940339836541248f,-0.3105524117455655f,0f,0f,0f,1f],start_interpolation:0}
execute if entity @s[tag=aj.ecual.bone.ear_right_1] run data modify entity @s {} merge value {transformation:[-0.9919613379374671f,0.11455789029944752f,-0.05375122145077057f,0.1613636195037503f,0.11776261978841615f,0.991178040622442f,-0.060811653228852194f,2.2893284888495535f,0.04631057565911885f,-0.06665269355395158f,-0.9967009325891714f,-0.29555555569592645f,0f,0f,0f,1f],start_interpolation:0}
execute if entity @s[tag=aj.ecual.bone.ear_edge_a3] run data modify entity @s {} merge value {transformation:[-0.9905252776343405f,-0.12755726059449765f,-0.050880444544441475f,-0.15373310406678103f,-0.12581519956836443f,0.9913967052699101f,-0.036098591905224256f,2.4038579947430954f,0.05504734257877676f,-0.029355034484645014f,-0.9980521389313386f,-0.25232343806166324f,0f,0f,0f,1f],start_interpolation:0}
execute if entity @s[tag=aj.ecual.bone.ear_edge_a4] run data modify entity @s {} merge value {transformation:[-0.9982846196072974f,0.028965472868113303f,-0.050880444544441475f,-0.03845378205420684f,0.03082240754822188f,0.9988728001379313f,-0.036098591905224256f,2.4103737388915523f,0.04977747932996111f,-0.03760492688644934f,-0.9980521389313386f,-0.2584360168556808f,0f,0f,0f,1f],start_interpolation:0}
execute if entity @s[tag=aj.ecual.bone.ear_edge_b3] run data modify entity @s {} merge value {transformation:[-0.9756386821152143f,-0.21340183298989696f,-0.050880444544441475f,-0.01628073692364032f,-0.2117423509547397f,0.9766586243281838f,-0.036098591905224256f,2.405370458885284f,0.05739633065490976f,-0.02444563768716564f,-0.9980521389313386f,-0.2593854292090554f,0f,0f,0f,1f],start_interpolation:0}
execute if entity @s[tag=aj.ecual.bone.ear_edge_b4] run data modify entity @s {} merge value {transformation:[-0.993832319199933f,0.0985317292888067f,-0.050880444544441475f,-0.045048540426317354f,0.10042516996910572f,0.9942895337370985f,-0.036098591905224256f,2.4162575248638274f,0.047033036797116345f,-0.04098562460450014f,-0.9980521389313386f,-0.2583126286636599f,0f,0f,0f,1f],start_interpolation:0}
execute if entity @s[tag=aj.ecual.bone.ear_left_2] run data modify entity @s {} merge value {transformation:[-0.9970103525411823f,-0.058150986996502646f,-0.050880444544441475f,-0.10129150747228714f,-0.0563523818244929f,0.9977581373885993f,-0.036098591905224256f,2.521529671649043f,0.05286554632663859f,-0.033123435603299604f,-0.9980521389313386f,-0.2905639588741786f,0f,0f,0f,1f],start_interpolation:0}
execute if entity @s[tag=aj.ecual.bone.ear_left_1] run data modify entity @s {} merge value {transformation:[-0.9970103525411823f,-0.058150986996502646f,-0.050880444544441475f,-0.08820753539807406f,-0.0563523818244929f,0.9977581373885993f,-0.036098591905224256f,2.297034090736609f,0.05286554632663859f,-0.033123435603299604f,-0.9980521389313386f,-0.2831111858634362f,0f,0f,0f,1f],start_interpolation:0}
execute if entity @s[tag=aj.ecual.bone.head] run data modify entity @s {} merge value {transformation:[-0.9982846196072974f,0.02896547286811329f,-0.050880444544441475f,0.02332325109994385f,0.030822407548221874f,0.9988728001379313f,-0.036098591905224256f,1.7823870607194294f,0.04977747932996112f,-0.03760492688644934f,-0.9980521389313386f,-0.2388717164087717f,0f,0f,0f,1f],start_interpolation:0}
execute if entity @s[tag=aj.ecual.bone.body_1] run data modify entity @s {} merge value {transformation:[-0.9933833845298411f,0.062195336266516854f,-0.09654631783104288f,3.003313706989113e-17f,0.06024898828421617f,0.9979195476068948f,0.02294854929573911f,1.4081672303668438f,0.09777275055334303f,0.0169798895975645f,-0.9950639037762792f,-0.24523917500785838f,0f,0f,0f,1f],start_interpolation:0}
execute if entity @s[tag=aj.ecual.bone.leg_left_2] run data modify entity @s {} merge value {transformation:[-0.9507332134433848f,-0.30644023222955286f,-0.04691205523863914f,0.2346096972809142f,-0.3096891261894148f,0.9319253571787098f,0.18870022195898695f,0.8038623507602243f,-0.014106806004623973f,0.1939317217951513f,-0.9809135972683406f,-0.24457795044175576f,0f,0f,0f,1f],start_interpolation:0}
execute if entity @s[tag=aj.ecual.bone.leg_left_1] run data modify entity @s {} merge value {transformation:[-0.9507332134433848f,-0.30460402575175005f,0.057643250701557285f,0.12500000000000003f,-0.3096891261894148f,0.9416469196583573f,-0.13188526763048233f,1.1427702048453052f,-0.014106806004623973f,-0.14323919224065196f,-0.9895875564246923f,-0.2974954903621016f,0f,0f,0f,1f],start_interpolation:0}
execute if entity @s[tag=aj.ecual.bone.leg_right_2] run data modify entity @s {} merge value {transformation:[-0.9620287550745787f,0.26892247229865035f,0.046705227784883015f,-0.22858505221671183f,0.2726653811794709f,0.9390717790016772f,0.20927920056441143f,0.807882425223746f,0.012420318671837979f,0.214067507519023f,-0.9767399028956908f,-0.21836438939453418f,0f,0f,0f,1f],start_interpolation:0}
execute if entity @s[tag=aj.ecual.bone.leg_right_1] run data modify entity @s {} merge value {transformation:[-0.9620287550745787f,0.26603013358096494f,-0.061062610790484056f,-0.12499999999999997f,0.2726653811794709f,0.9468544726508002f,-0.1706464108249244f,1.1769288448686486f,0.012420318671837979f,-0.18081641421084815f,-0.9834384373391256f,-0.29681518303054394f,0f,0f,0f,1f],start_interpolation:0}
execute if entity @s[tag=aj.ecual.bone.skirt_forward_right] run data modify entity @s {} merge value {transformation:[-0.9773568431605829f,0.21130774687957582f,0.01107416975926164f,3.246337655386352e-17f,0.15837612908719825f,0.7652341323512047f,-0.6239661244170664f,1.2045024487908198f,-0.14032320856698993f,-0.6080836774600813f,-0.7813729188704257f,-0.2650835863570279f,0f,0f,0f,1f],start_interpolation:0}
execute if entity @s[tag=aj.ecual.bone.skirt_forward_left] run data modify entity @s {} merge value {transformation:[-0.9769115306437084f,-0.21331774570636378f,-0.011806805754387273f,3.452132326408129e-17f,-0.15990789249907375f,0.7667276074002748f,-0.6217380814834772f,1.2121593035301383f,0.14168036988895605f,-0.6054950994161764f,-0.7831362316807488f,-0.2818879965073716f,0f,0f,0f,1f],start_interpolation:0}
execute if entity @s[tag=aj.ecual.bone.skirt_forward] run data modify entity @s {} merge value {transformation:[-1f,8.121370904600887e-17f,9.166204934218302e-17f,3.246337655386352e-17f,0f,0.7484774337057976f,-0.6631602605955694f,1.2045024487908198f,-1.2246467991473532e-16f,-0.6631602605955694f,-0.7484774337057976f,-0.2650835863570279f,0f,0f,0f,1f],start_interpolation:0}
execute if entity @s[tag=aj.ecual.bone.skirt_back_right] run data modify entity @s {} merge value {transformation:[-0.9754826400045595f,0.22007639366759654f,1.1521299645000324e-16f,3.2383641673717135e-17f,0.2070446824342163f,0.9177199337648555f,0.33900239327524484f,1.2340421157483799f,0.07460642415670005f,0.3306909495599998f,-0.9407855108119259f,-0.26443250165079346f,0f,0f,0f,1f],start_interpolation:0}
execute if entity @s[tag=aj.ecual.bone.skirt_back_left] run data modify entity @s {} merge value {transformation:[-0.9754826400045595f,-0.2200763936675966f,1.1521299645000324e-16f,3.2383641673717135e-17f,-0.2070446824342163f,0.9177199337648555f,0.33900239327524484f,1.2340421157483799f,-0.0746064241567003f,0.3306909495599998f,-0.9407855108119259f,-0.26443250165079346f,0f,0f,0f,1f],start_interpolation:0}
execute if entity @s[tag=aj.ecual.bone.skirt_back] run data modify entity @s {} merge value {transformation:[-1f,-4.151581958278208e-17f,1.1521299645000324e-16f,3.2383641673717135e-17f,0f,0.9407855108119259f,0.33900239327524484f,1.2340421157483799f,-1.2246467991473532e-16f,0.33900239327524484f,-0.9407855108119259f,-0.26443250165079346f,0f,0f,0f,1f],start_interpolation:0}
execute if entity @s[tag=aj.ecual.bone.skirt_right] run data modify entity @s {} merge value {transformation:[-0.9668935421797312f,0.2546494613324751f,-0.016447794205075066f,-0.19374999999999998f,0.25491575916249554f,0.9668164862670487f,-0.016847480905053974f,1.3206875764744432f,0.011611796662913048f,-0.020482522435428238f,-0.9997227778003968f,-0.258954083944174f,0f,0f,0f,1f],start_interpolation:0}
execute if entity @s[tag=aj.ecual.bone.skirt_left] run data modify entity @s {} merge value {transformation:[-0.9661427876669266f,-0.25742137758651f,0.01738816265863956f,0.19375000000000003f,-0.25774071278318705f,0.9660144126594189f,-0.01964381603184196f,1.3147423815797543f,-0.011740477553939404f,-0.02346036861904783f,-0.9996558269179767f,-0.26161236960680745f,0f,0f,0f,1f],start_interpolation:0}
execute if entity @s[tag=aj.ecual.bone.coat_downer] run data modify entity @s {} merge value {transformation:[-1f,-1.6213910291953632e-17f,1.2138660115376433e-16f,-0.007812499999999968f,0f,0.9911968188564932f,0.13239662491456627f,1.1904679242316414f,-1.2246467991473532e-16f,0.13239662491456627f,-0.9911968188564932f,-0.2664173716851356f,0f,0f,0f,1f],start_interpolation:0}
execute if entity @s[tag=aj.ecual.bone.body_2] run data modify entity @s {} merge value {transformation:[-1f,-5.572672085009322e-18f,1.223378238830965e-16f,3.138157422815092e-17f,0f,0.9989641418919549f,0.04550432082857877f,1.413673974685625f,-1.2246467991473532e-16f,0.04550432082857877f,-0.9989641418919549f,-0.25625f,0f,0f,0f,1f],start_interpolation:0}
execute if entity @s[tag=aj.ecual.bone.book_left] run data modify entity @s {} merge value {transformation:[0.3736524946809706f,-0.3547525276600654f,-0.8570498569730244f,-1.6455093794090816f,0.09280996979103982f,0.9336363467606091f,-0.34599058009560013f,1.987863910084757f,0.9229139302914836f,0.04973747205375574f,0.38178012146735496f,0.8502593933043012f,0f,0f,0f,1f],start_interpolation:0}
execute if entity @s[tag=aj.ecual.bone.book_right] run data modify entity @s {} merge value {transformation:[-0.17452629908314723f,-0.3547525276600654f,-0.9185266545109806f,-1.635740620590919f,-0.11838923248718695f,0.9336363467606091f,-0.33809342146601784f,1.9866090392864932f,0.9775093659701858f,0.04973747205375574f,-0.20494297576220377f,0.9434906066956984f,0f,0f,0f,1f],start_interpolation:0}
execute if entity @s[tag=aj.ecual.bone.book_loot_1] run data modify entity @s {} merge value {transformation:[0.10420009406040075f,-0.3547525276600654f,-0.9291356114780006f,-1.5012546582783002f,-0.013385288514814409f,0.9336363467606091f,-0.35797207441206746f,2.0409322858474352f,0.9944662761749031f,0.04973747205375574f,0.09253653021657471f,0.8829945204675136f,0f,0f,0f,1f],start_interpolation:0}
execute if entity @s[tag=aj.ecual.bone.book_left2] run data modify entity @s {} merge value {transformation:[0.3586781585131874f,0.6287377569115884f,0.6899556591835251f,1.5834572326355887f,0.04027384708532589f,0.7280253232117554f,-0.6843662367500071f,2.555174502042145f,-0.9325920843790902f,0.2732543902597054f,0.23580509400193242f,-0.09000536935940098f,0f,0f,0f,1f],start_interpolation:0}
execute if entity @s[tag=aj.ecual.bone.book_right2] run data modify entity @s {} merge value {transformation:[-0.018412542402641313f,0.6287377569115884f,0.7773993898351444f,1.5669890173644114f,0.36523892335069985f,0.7280253232117554f,-0.5801548565960993f,2.5355484473291043f,-0.9307317052469484f,0.2732543902597054f,-0.24304429853815576f,0.0001759943594012714f,0f,0f,0f,1f],start_interpolation:0}
execute if entity @s[tag=aj.ecual.bone.book_loot_2] run data modify entity @s {} merge value {transformation:[0.17566096289255795f,0.6287377569115884f,0.757517035550649f,1.4615955696674028f,0.2093445836057642f,0.7280253232117554f,-0.6528046982653757f,2.643282179425431f,-0.9619345463338907f,0.2732543902597054f,-0.003737214632336024f,-0.04435410530514945f,0f,0f,0f,1f],start_interpolation:0}
execute if entity @s[tag=aj.ecual.bone.air_staff_povit_1] run data modify entity @s {} merge value {transformation:[-0.000015625f,0f,1.9135106236677393e-21f,-0.007217500000000053f,0f,0.000015625f,0f,1.579796474685625f,-1.9135106236677393e-21f,0f,-0.000015625f,0.43125f,0f,0f,0f,1f],start_interpolation:0}