execute if entity @s[tag=aj.louvert.bone.head] run data modify entity @s {} merge value {transformation:[-0.911840427813627f,-0.16689630273358497f,0.37509020026991036f,-0.012929734418059734f,0.323000061945695f,0.2723131042972825f,0.9063754923932216f,0.8924225351625387f,-0.25341269539574984f,0.9476239746660261f,-0.19439858140023542f,0.20449161663748103f,0f,0f,0f,1f],start_interpolation:0}
execute if entity @s[tag=aj.louvert.bone.coat_0] run data modify entity @s {} merge value {transformation:[-0.8510664651156569f,0.4808344347984911f,0.2109125844219738f,-0.19829229158649211f,0.5227816111189137f,0.8133697652683105f,0.2552038636527399f,0.38951491807020217f,-0.0488391137455772f,0.3274566708121688f,-0.9436031314642599f,-0.3157933668562142f,0f,0f,0f,1f],start_interpolation:0}
execute if entity @s[tag=aj.louvert.bone.coat_1] run data modify entity @s {} merge value {transformation:[-0.7827806694095724f,-0.5854658874188536f,0.2109125844219738f,0.28932729924926015f,-0.5340714183547798f,0.8060016799444201f,0.2552038636527399f,0.3948900594792853f,-0.3194090538717017f,0.08712626811488515f,-0.9436031314642599f,-0.20534771285386824f,0f,0f,0f,1f],start_interpolation:0}
execute if entity @s[tag=aj.louvert.bone.coat_2] run data modify entity @s {} merge value {transformation:[-0.9752391816715046f,-0.20313359436220244f,0.08743729967345965f,0.07188157688413074f,-0.010750282818166257f,0.4384472005825444f,0.8986926525351475f,0.4241029717313362f,-0.22089130800469184f,0.8755003113322246f,-0.4297746326915469f,-0.3785209312880737f,0f,0f,0f,1f],start_interpolation:0}
execute if entity @s[tag=aj.louvert.bone.right_leg_1] run data modify entity @s {} merge value {transformation:[-0.9549315569159775f,0.057731608237587814f,0.2911576600680956f,-0.17746936259201262f,0.029955988096988552f,0.9946393066102638f,-0.09897114995283504f,0.3580908788176237f,-0.29531061678029824f,-0.08578875891487833f,-0.9515418690003529f,0.035357952654203495f,0f,0f,0f,1f],start_interpolation:0}
execute if entity @s[tag=aj.louvert.bone.right_leg_0] run data modify entity @s {} merge value {transformation:[-0.9549315569159775f,0.2936087583683714f,0.04358461443457266f,-0.07638739387755406f,0.029955988096988552f,0.24141391901146764f,-0.9699597715805834f,0.390858703422473f,-0.29531061678029824f,-0.9249395746300986f,-0.2393291100136632f,-0.2881819533556277f,0f,0f,0f,1f],start_interpolation:0}
execute if entity @s[tag=aj.louvert.bone.left_leg_1] run data modify entity @s {} merge value {transformation:[-0.9899103451026108f,-0.13749814358293339f,-0.034231114064213544f,0.2039795385294233f,-0.032951857035170645f,-0.011569958911538225f,0.9993899695157635f,0.11274003994161136f,-0.13781031810704103f,0.9904344483922357f,0.006922402848997644f,-0.4284103928442486f,0f,0f,0f,1f],start_interpolation:0}
execute if entity @s[tag=aj.louvert.bone.left_leg_0] run data modify entity @s {} merge value {transformation:[-0.9899103451026108f,-0.11284580571621791f,0.08569324822346135f,0.1674224015403221f,-0.032951857035170645f,0.7715287164903005f,0.6353405502159947f,0.3935462741270145f,-0.13781031810704103f,0.626106431657659f,-0.7674627368544672f,-0.2329591263544547f,0f,0f,0f,1f],start_interpolation:0}
execute if entity @s[tag=aj.louvert.bone.body_1] run data modify entity @s {} merge value {transformation:[-0.9752391816715046f,-0.0665163157814529f,0.2109125844219738f,0.024731155149679995f,-0.010750282818166257f,0.9668275023994938f,0.2552038636527399f,0.6943360832745855f,-0.22089130800469184f,0.2466174372156577f,-0.9436031314642599f,-0.18350259072514816f,0f,0f,0f,1f],start_interpolation:0}
execute if entity @s[tag=aj.louvert.locator_origin.locator] at @s on origin run tp @s ^-1.11129 ^0.83211 ^-0.65437 ~107.83055 ~19.84836
execute if entity @s[tag=aj.louvert.bone.sword_0] run data modify entity @s {} merge value {transformation:[-0.4053215460671966f,-0.1842491696565063f,0.8954142548421851f,-0.3302704559427991f,0.8893191643635524f,-0.3063159692528054f,0.33953195854945195f,1.1221105767766888f,0.21172120392017865f,0.9339286752539524f,0.28801277983622137f,-0.3772892909082122f,0f,0f,0f,1f],start_interpolation:0}
execute if entity @s[tag=aj.louvert.bone.right_arm_1] run data modify entity @s {} merge value {transformation:[-0.5368363819363114f,-0.714558367043907f,0.4485677642420103f,-0.12268158619797959f,-0.0884269218619867f,0.5764019194563841f,0.8123678395511544f,1.1471506552380655f,-0.8390395571840132f,0.3964431451476256f,-0.3726197178705309f,-0.06580871417408782f,0f,0f,0f,1f],start_interpolation:0}
execute if entity @s[tag=aj.louvert.bone.right_arm_0] run data modify entity @s {} merge value {transformation:[0.12005288818421406f,-0.714558367043907f,0.6891978265535764f,-0.19521383874342846f,0.6593177253377872f,0.5764019194563841f,0.4827638804865193f,0.934562076709446f,-0.7422179202188768f,0.3964431451476256f,0.5403197123661361f,0.11254709206687613f,0f,0f,0f,1f],start_interpolation:0}
execute if entity @s[tag=aj.louvert.locator_origin.locator2] at @s on origin run tp @s ^0.33174 ^-0.21685 ^0.77233 ~174.49785 ~87.90994
execute if entity @s[tag=aj.louvert.bone.sword_1] run data modify entity @s {} merge value {transformation:[-0.9981991334283321f,-0.05988540543348565f,0.0034968899030615426f,0.3332473609418986f,0.005662319065549353f,-0.036028117764103064f,0.9993347351479263f,0.6592367267517647f,-0.05971957941686304f,0.9975548671358602f,0.03630232620411575f,0.8301651484762175f,0f,0f,0f,1f],start_interpolation:0}
execute if entity @s[tag=aj.louvert.bone.left_arm_1] run data modify entity @s {} merge value {transformation:[-0.1455015344366396f,-0.9893525517209694f,0.0032911821265678154f,0.28898167591791624f,0.039784309241700164f,-0.002527018387595281f,0.9992050955215499f,0.6715798615814196f,-0.9885577940690897f,0.14551681202278868f,0.039728392919676905f,0.4578366776257587f,0f,0f,0f,1f],start_interpolation:0}
execute if entity @s[tag=aj.louvert.bone.left_arm_0] run data modify entity @s {} merge value {transformation:[-0.2921828703169394f,-0.7446109715566717f,0.6001530399246381f,0.2307327524696993f,0.18772622530502633f,0.5706744120448264f,0.7994307848525839f,0.7598561713698769f,-0.9377569165973032f,0.3462444461283407f,-0.026958280716646854f,0.18707473554922893f,0f,0f,0f,1f],start_interpolation:0}
execute if entity @s[tag=aj.louvert.bone.wing_0] run data modify entity @s {} merge value {transformation:[-0.29733722364630183f,-0.06258096158451773f,0.9527193703717094f,0.21145598926773676f,0.8164219861806866f,0.500690048763987f,0.28768840009548413f,1.1218637006566023f,-0.495020924724493f,0.8633615107913218f,-0.0977813160528862f,-0.3104567895963155f,0f,0f,0f,1f],start_interpolation:0}
execute if entity @s[tag=aj.louvert.bone.wing_1] run data modify entity @s {} merge value {transformation:[-0.9067900791374008f,-0.06258096158451773f,-0.4169117120268313f,0.11001923019717749f,-0.3898855204503763f,0.500690048763987f,0.7728510568096908f,0.9210870157782602f,0.16037778312823037f,0.8633615107913218f,-0.47842017971966955f,-0.20137284614667564f,0f,0f,0f,1f],start_interpolation:0}
execute if entity @s[tag=aj.louvert.bone.body_0] run data modify entity @s {} merge value {transformation:[-0.911840427813627f,-0.06258096158451773f,0.4057470362822371f,-0.0060787500000000095f,0.323000061945695f,0.500690048763987f,0.8031067395133686f,0.8220376247104432f,-0.25341269539574984f,0.8633615107913218f,-0.43633577379855926f,0.07677471220918017f,0f,0f,0f,1f],start_interpolation:0}