execute if entity @s[tag=aj.louvert.bone.head] run data modify entity @s {} merge value {transformation:[-0.9996071618823894f,0.0117347128704063f,-0.025452277447874358f,-0.0025278044785182275f,0.002187565873925726f,0.9380251412092917f,0.34656031078996297f,1.9153765930878466f,0.02794166188653935f,0.346368490156275f,-0.9376823196359633f,-0.3238855001801896f,0f,0f,0f,1f],start_interpolation:0}
execute if entity @s[tag=aj.louvert.bone.coat_0] run data modify entity @s {} merge value {transformation:[-0.8779111685358203f,0.46339024734729767f,-0.12058797130510421f,-0.24041051314928374f,0.4138128038811027f,0.8609627166556878f,0.2958076467451741f,1.1015337442209496f,0.24089612596330892f,0.20979199029578782f,-0.9476056021909124f,-0.6235309617254435f,0f,0f,0f,1f],start_interpolation:0}
execute if entity @s[tag=aj.louvert.bone.coat_1] run data modify entity @s {} merge value {transformation:[-0.8568025777681387f,-0.5013460719965722f,-0.12058797130510421f,0.25587717941920046f,-0.5131024760940999f,0.8057441809614178f,0.2958076467451741f,1.1271401197262048f,-0.0511389455892125f,0.3153227409186053f,-0.9476056021909124f,-0.6786929027584925f,0f,0f,0f,1f],start_interpolation:0}
execute if entity @s[tag=aj.louvert.bone.coat_2] run data modify entity @s {} merge value {transformation:[-0.9925753851369684f,0.07189602221774886f,-0.09810742484370774f,-0.0073401632781796575f,-0.05121275101051019f,0.48458060501063827f,0.8732461802844941f,1.1513128878167238f,0.11032388206609793f,0.8717870148360715f,-0.4773007875638559f,-0.769562632515832f,0f,0f,0f,1f],start_interpolation:0}
execute if entity @s[tag=aj.louvert.bone.right_leg_1] run data modify entity @s {} merge value {transformation:[-0.9988090581656324f,0.031952882854703366f,-0.03687110797841712f,-0.10220172569274359f,-0.013859050780837868f,0.5387730285498576f,0.8423369577661121f,0.8451873695225085f,0.046780252647208365f,0.8418447820022931f,-0.5376885445848512f,-0.413325420897984f,0f,0f,0f,1f],start_interpolation:0}
execute if entity @s[tag=aj.louvert.bone.right_leg_0] run data modify entity @s {} merge value {transformation:[-0.9988090581656324f,-0.033601786505801964f,-0.035374924309473726f,-0.11633859000716268f,-0.013859050780837868f,0.890574683161977f,-0.45462584662819017f,1.1079353380972634f,0.046780252647208365f,-0.45359415081608256f,-0.8899797493806815f,-0.6373214469837057f,0f,0f,0f,1f],start_interpolation:0}
execute if entity @s[tag=aj.louvert.bone.left_leg_1] run data modify entity @s {} merge value {transformation:[-0.9801744302398941f,0.014874329944252307f,-0.19757742941087267f,0.16122810527574985f,-0.09815809002083302f,0.8297567958662577f,0.549425744825653f,0.7110616051945521f,0.17211355457186076f,0.557926889495811f,-0.8118463588082219f,-0.7309842541814285f,0f,0f,0f,1f],start_interpolation:0}
execute if entity @s[tag=aj.louvert.bone.left_leg_0] run data modify entity @s {} merge value {transformation:[-0.9801744302398941f,-0.07396247680234866f,-0.18381414072143876f,0.13180525627707942f,-0.09815809002083302f,0.9871338697814758f,0.12622088770766257f,1.120738525849891f,0.17211355457186076f,0.14176133166526877f,-0.9748233938396887f,-0.6649024175002303f,0f,0f,0f,1f],start_interpolation:0}
execute if entity @s[tag=aj.louvert.bone.body_1] run data modify entity @s {} merge value {transformation:[-0.9925753851369684f,-0.015894841827403215f,-0.12058797130510421f,0.0027661950638948633f,-0.05121275101051019f,0.953873728677448f,0.2958076467451741f,1.4124224721852796f,0.11032388206609793f,0.2997870306438623f,-0.9476056021909124f,-0.557428485165761f,0f,0f,0f,1f],start_interpolation:0}
execute if entity @s[tag=aj.louvert.locator_origin.locator] at @s on origin run tp @s ^-0.85262 ^0.87769 ^-0.01826 ~24.47677 ~44.29347
execute if entity @s[tag=aj.louvert.bone.sword_0] run data modify entity @s {} merge value {transformation:[-0.9255041994402826f,0.2355696607070995f,0.2965618177930925f,-0.5862228572299643f,0.37841287491516706f,0.607563718528743f,0.6983337483080455f,1.5063747832078376f,-0.015673956642771714f,0.7585336267311215f,-0.6514453654768696f,-0.5702188442334168f,0f,0f,0f,1f],start_interpolation:0}
execute if entity @s[tag=aj.louvert.bone.right_arm_1] run data modify entity @s {} merge value {transformation:[-0.5710396048173223f,-0.7606336707315986f,-0.3087882586489491f,-0.36335537913354726f,-0.8200251200242958f,0.5109407933810549f,0.25787265886145766f,1.8078901997339751f,-0.03837410923025936f,0.4004696300701365f,-0.9155061458735665f,-0.557615874031147f,0f,0f,0f,1f],start_interpolation:0}
execute if entity @s[tag=aj.louvert.bone.right_arm_0] run data modify entity @s {} merge value {transformation:[-0.5998615567021788f,-0.7606336707315986f,0.24819857320341837f,-0.20363404585852718f,-0.3173277426357856f,0.5109407933810549f,0.7989008758368055f,1.8605383623503942f,-0.7344856816470389f,0.4004696300701365f,-0.5478639054062355f,-0.3214198607922164f,0f,0f,0f,1f],start_interpolation:0}
execute if entity @s[tag=aj.louvert.locator_origin.locator2] at @s on origin run tp @s ^0.61355 ^1.01124 ^-0.22343 ~3.83219 ~46.00927
execute if entity @s[tag=aj.louvert.bone.sword_1] run data modify entity @s {} merge value {transformation:[-0.7353866998476595f,0.6760559477689377f,0.04641936205304836f,0.6718917615301371f,0.49412344844189776f,0.4880887499433685f,0.7194521456487619f,1.6553406780490083f,0.46373313380332853f,0.5520124343390859f,-0.692989071304866f,-0.8172272017947838f,0f,0f,0f,1f],start_interpolation:0}
execute if entity @s[tag=aj.louvert.bone.left_arm_1] run data modify entity @s {} merge value {transformation:[-0.7066675046485784f,0.6738239084523543f,-0.21582951205000842f,0.4004344088460058f,0.5253320649767782f,0.7040130242058704f,0.4779036338591061f,1.8437619464673438f,0.47396968192172956f,0.22433680515354107f,-0.8514844323136606f,-0.6396078747629121f,0f,0f,0f,1f],start_interpolation:0}
execute if entity @s[tag=aj.louvert.bone.left_arm_0] run data modify entity @s {} merge value {transformation:[-0.5124293671170954f,0.6751576462894594f,-0.5306395164071842f,0.261511204774736f,0.17265273599161413f,0.6863200648845699f,0.7065095903747165f,1.880278751449394f,0.8411938994492192f,0.27041989792490695f,-0.46825837134609766f,-0.3854370536121057f,0f,0f,0f,1f],start_interpolation:0}
execute if entity @s[tag=aj.louvert.bone.wing_0] run data modify entity @s {} merge value {transformation:[-0.9127424502602479f,-0.0005237716725280252f,0.4085351210803716f,-0.07223804146938395f,0.194970997230076f,0.8782117632312477f,0.4367269274516658f,1.8502473208513308f,-0.35900909421911387f,0.47827170581741285f,-0.8014790363337483f,-0.9231039271804105f,0f,0f,0f,1f],start_interpolation:0}
execute if entity @s[tag=aj.louvert.bone.wing_1] run data modify entity @s {} merge value {transformation:[-0.7639857130718326f,-0.0005237716725280252f,-0.6452329469930675f,-0.037292899717735334f,-0.3089481669793382f,0.8782117632312477f,0.3650960545423216f,1.731869310164218f,0.566459937102555f,0.47827170581741285f,-0.6711030584584394f,-0.7056976631176679f,0f,0f,0f,1f],start_interpolation:0}
execute if entity @s[tag=aj.louvert.bone.body_0] run data modify entity @s {} merge value {transformation:[-0.9901823664106274f,-0.0005237716725280252f,-0.13978056700659447f,-0.006078749999999951f,-0.06730857519255397f,0.8782117632312477f,0.47351204274845127f,1.7879243049367033f,0.12250892602173238f,0.47827170581741285f,-0.8696250562509706f,-0.39499024203708083f,0f,0f,0f,1f],start_interpolation:0}