execute if entity @s[tag=aj.louvert.bone.head] run data modify entity @s {} merge value {transformation:[-0.9704673613698929f,-0.16640721728193497f,0.17464746935538666f,-0.02007502314768234f,-0.005696790266232807f,0.7395873319168295f,0.6730364960749218f,1.7912320702479498f,-0.2411651863275883f,0.6521650224480215f,-0.7186933535235671f,0.1397046133057012f,0f,0f,0f,1f],start_interpolation:0}
execute if entity @s[tag=aj.louvert.bone.coat_0] run data modify entity @s {} merge value {transformation:[-0.9111869876553773f,0.3534451900216545f,0.21169499563777103f,-0.1840614995786634f,0.39869631303870684f,0.6269822287092971f,0.6692791158045082f,1.2053374071149057f,0.10382448409147468f,0.6942404356800886f,-0.7122153424139779f,-0.33746208047428894f,0f,0f,0f,1f],start_interpolation:0}
execute if entity @s[tag=aj.louvert.bone.coat_1] run data modify entity @s {} merge value {transformation:[-0.9260321783720143f,-0.3124894133270856f,0.21169499563777103f,0.30312467583513286f,-0.0956429162111091f,0.7368296259832192f,0.6692791158045082f,1.1614258375589441f,-0.3651257827081194f,0.5995268708172499f,-0.7122153424139779f,-0.23391786506459217f,0f,0f,0f,1f],start_interpolation:0}
execute if entity @s[tag=aj.louvert.bone.coat_2] run data modify entity @s {} merge value {transformation:[-0.9743723508275925f,-0.15528498975043187f,0.16274241580153342f,0.08599346258295609f,0.08782313911192305f,0.40344965613254663f,0.9107773993699326f,1.2670415118124883f,-0.20708843081939357f,0.9017288655270709f,-0.3794725746296074f,-0.3747168905711878f,0f,0f,0f,1f],start_interpolation:0}
execute if entity @s[tag=aj.louvert.bone.right_leg_1] run data modify entity @s {} merge value {transformation:[-0.954177559025452f,0.006838133867656332f,0.29916287499861716f,-0.16245560920471655f,0.15878991734297693f,0.8589449562199217f,0.48682576383606446f,0.9506883425615508f,-0.253635462824978f,0.5120222672009149f,-0.8206718283747738f,-0.0872101305694678f,0f,0f,0f,1f],start_interpolation:0}
execute if entity @s[tag=aj.louvert.bone.right_leg_0] run data modify entity @s {} merge value {transformation:[-0.954177559025452f,0.27644948490180477f,0.11454635808159527f,-0.06226495572521435f,0.15878991734297693f,0.7922137089489976f,-0.5892225398807177f,1.1943595147259152f,-0.253635462824978f,-0.5440341180944445f,-0.7998099338885205f,-0.3115760266218648f,0f,0f,0f,1f],start_interpolation:0}
execute if entity @s[tag=aj.louvert.bone.left_leg_1] run data modify entity @s {} merge value {transformation:[-0.9891150044424102f,-0.12503659229896483f,0.07757163510687072f,0.18400464013083404f,0.02915742710963371f,0.3501761919479994f,0.9362299285096287f,0.8386161036052693f,-0.14422673965405117f,0.9283008591933224f,-0.3427187803282774f,-0.34563933878933295f,0f,0f,0f,1f],start_interpolation:0}
execute if entity @s[tag=aj.louvert.bone.left_leg_0] run data modify entity @s {} merge value {transformation:[-0.9891150044424102f,-0.018403594214205288f,0.1459890944793135f,0.1813281319816838f,0.02915742710963371f,0.9479603259894644f,0.31705057135147213f,1.1724037299479344f,-0.14422673965405117f,0.3178561436718622f,-0.9371051805954415f,-0.2598039189170164f,0f,0f,0f,1f],start_interpolation:0}
execute if entity @s[tag=aj.louvert.bone.body_1] run data modify entity @s {} merge value {transformation:[-0.9743723508275925f,-0.07605097477767814f,0.21169499563777103f,0.0357656585102103f,0.08782313911192305f,0.737802521942331f,0.6692791158045082f,1.4139449104439032f,-0.20708843081939357f,0.6707187844774452f,-0.7122153424139779f,-0.07609035262023894f,0f,0f,0f,1f],start_interpolation:0}
execute if entity @s[tag=aj.louvert.locator_origin.locator] at @s on origin run tp @s ^-1.15064 ^1.02413 ^-0.10841 ~68.91706 ~33.1986
execute if entity @s[tag=aj.louvert.bone.sword_0] run data modify entity @s {} merge value {transformation:[-0.6228815558432f,0.049249092899661076f,0.7807644294144775f,-0.46415983168801356f,0.720036558783768f,0.4263148274064228f,0.5475427124419255f,1.5157541705738422f,-0.3058854710593222f,0.9032331895928052f,-0.3010047903486322f,-0.34905075844026134f,0f,0f,0f,1f],start_interpolation:0}
execute if entity @s[tag=aj.louvert.bone.right_arm_1] run data modify entity @s {} merge value {transformation:[-0.5957094347530648f,-0.7935578641356269f,0.12408136691173927f,-0.23282555498959723f,-0.7201596153207778f,0.5961166213679546f,0.35498605914864356f,1.7786798371711265f,-0.35566894411406436f,0.12211015517702203f,-0.926600621732702f,-0.21453369512597176f,0f,0f,0f,1f],start_interpolation:0}
execute if entity @s[tag=aj.louvert.bone.right_arm_0] run data modify entity @s {} merge value {transformation:[-0.1903971014946684f,-0.7935578641356269f,0.5779401872260923f,-0.21178550572568944f,-0.05265286244833833f,0.5961166213679546f,0.8011695512217443f,1.7484226674784986f,-0.9802941496400073f,0.12211015517702203f,-0.15528196992638355f,0.06990864526863938f,0f,0f,0f,1f],start_interpolation:0}
execute if entity @s[tag=aj.louvert.locator_origin.locator2] at @s on origin run tp @s ^0.31541 ^1.44786 ^1.03238 ~17.23381 ~50.23193
execute if entity @s[tag=aj.louvert.bone.sword_1] run data modify entity @s {} merge value {transformation:[-0.9815504107915679f,0.025320960317059993f,0.18951949779251245f,0.4823897168778355f,0.16435820665980827f,0.6182060364227205f,0.7686401475554616f,2.1385220496657067f,-0.09769939088078267f,0.7856081373681992f,-0.6109620966331645f,0.5166574529712423f,0f,0f,0f,1f],start_interpolation:0}
execute if entity @s[tag=aj.louvert.bone.left_arm_1] run data modify entity @s {} merge value {transformation:[-0.23716714442650141f,-0.9528032879671716f,0.18951949779251245f,0.40288369062617707f,-0.5679784581399343f,0.29426653675690223f,0.7686401475554616f,1.9204629629488623f,-0.7881321061177256f,0.07465319674364758f,-0.6109620966331645f,0.22192143456868513f,0f,0f,0f,1f],start_interpolation:0}
execute if entity @s[tag=aj.louvert.bone.left_arm_0] run data modify entity @s {} merge value {transformation:[-0.5327153785486397f,-0.8269032827281542f,0.18012575182683305f,0.23878537986996304f,-0.7204141924391085f,0.5547750105312677f,0.41620677435901865f,1.6880593210803083f,-0.44409201387785247f,0.09195460131735769f,-0.8912500403963407f,0.14838842053288026f,0f,0f,0f,1f],start_interpolation:0}
execute if entity @s[tag=aj.louvert.bone.wing_0] run data modify entity @s {} merge value {transformation:[-0.4419438552778171f,-0.11553493760538462f,0.8895714175796678f,0.12552304076490595f,0.3542667345542529f,0.8885811679279486f,0.2914079422254471f,1.7151243170613342f,-0.8241242076109927f,0.44393151070443604f,-0.35177280200895394f,-0.4443954433539357f,0f,0f,0f,1f],start_interpolation:0}
execute if entity @s[tag=aj.louvert.bone.wing_1] run data modify entity @s {} merge value {transformation:[-0.7723514351721873f,-0.11553493760538462f,-0.6245998229106238f,0.07258157620953729f,-0.3613948316612006f,0.8885811679279486f,0.2825195279133381f,1.6004533054170258f,0.5223667640997416f,0.44393151070443604f,-0.7280506696430147f,-0.22864614342644218f,0f,0f,0f,1f],start_interpolation:0}
execute if entity @s[tag=aj.louvert.bone.body_0] run data modify entity @s {} merge value {transformation:[-0.9704673613698929f,-0.11553493760538462f,0.21176585822147467f,-0.006078750000000009f,-0.005696790266232807f,0.8885811679279486f,0.4586840465772333f,1.6624456267188434f,-0.2411651863275883f,0.44393151070443604f,-0.862997199709974f,0.07239387430594363f,0f,0f,0f,1f],start_interpolation:0}