execute if entity @s[tag=aj.louvert.bone.head] run data modify entity @s {} merge value {transformation:[-0.911840427813627f,-0.16689630273358494f,0.37509020026991047f,-0.012929734418059727f,0.3230000619456951f,0.2723131042972824f,0.9063754923932216f,0.8924225351625388f,-0.25341269539574995f,0.9476239746660261f,-0.19439858140023542f,0.20449161663748103f,0f,0f,0f,1f],start_interpolation:0}
execute if entity @s[tag=aj.louvert.bone.coat_0] run data modify entity @s {} merge value {transformation:[-0.8510664651156568f,0.4808344347984912f,0.2109125844219739f,-0.19829229158649214f,0.5227816111189139f,0.8133697652683104f,0.25520386365273995f,0.3895149180702023f,-0.04883911374557731f,0.3274566708121689f,-0.9436031314642599f,-0.3157933668562142f,0f,0f,0f,1f],start_interpolation:0}
execute if entity @s[tag=aj.louvert.bone.coat_1] run data modify entity @s {} merge value {transformation:[-0.7827806694095724f,-0.5854658874188535f,0.2109125844219739f,0.28932729924926015f,-0.5340714183547798f,0.8060016799444201f,0.25520386365273995f,0.3948900594792854f,-0.3194090538717018f,0.0871262681148851f,-0.9436031314642599f,-0.20534771285386821f,0f,0f,0f,1f],start_interpolation:0}
execute if entity @s[tag=aj.louvert.bone.coat_2] run data modify entity @s {} merge value {transformation:[-0.9752391816715046f,-0.20313359436220244f,0.08743729967345978f,0.07188157688413072f,-0.010750282818166174f,0.43844720058254427f,0.8986926525351476f,0.4241029717313363f,-0.22089130800469195f,0.8755003113322246f,-0.4297746326915469f,-0.3785209312880737f,0f,0f,0f,1f],start_interpolation:0}
execute if entity @s[tag=aj.louvert.bone.right_leg_1] run data modify entity @s {} merge value {transformation:[-0.9549315569159775f,0.057731608237587974f,0.29115766006809574f,-0.17746936259201268f,0.029955988096988635f,0.9946393066102637f,-0.09897114995283493f,0.3580908788176238f,-0.29531061678029835f,-0.08578875891487833f,-0.9515418690003529f,0.035357952654203495f,0f,0f,0f,1f],start_interpolation:0}
execute if entity @s[tag=aj.louvert.bone.right_leg_0] run data modify entity @s {} merge value {transformation:[-0.9549315569159775f,0.2936087583683715f,0.043584614434572545f,-0.07638739387755408f,0.029955988096988635f,0.2414139190114677f,-0.9699597715805833f,0.3908587034224731f,-0.29531061678029835f,-0.9249395746300986f,-0.2393291100136632f,-0.2881819533556277f,0f,0f,0f,1f],start_interpolation:0}
execute if entity @s[tag=aj.louvert.bone.left_leg_1] run data modify entity @s {} merge value {transformation:[-0.9899103451026108f,-0.13749814358293344f,-0.034231114064213426f,0.20397953852942324f,-0.03295185703517057f,-0.011569958911538225f,0.9993899695157638f,0.11274003994161141f,-0.13781031810704114f,0.9904344483922357f,0.006922402848997644f,-0.4284103928442486f,0f,0f,0f,1f],start_interpolation:0}
execute if entity @s[tag=aj.louvert.bone.left_leg_0] run data modify entity @s {} merge value {transformation:[-0.9899103451026108f,-0.11284580571621786f,0.08569324822346147f,0.16742240154032206f,-0.03295185703517057f,0.7715287164903006f,0.6353405502159948f,0.3935462741270146f,-0.13781031810704114f,0.626106431657659f,-0.7674627368544672f,-0.2329591263544547f,0f,0f,0f,1f],start_interpolation:0}
execute if entity @s[tag=aj.louvert.bone.body_1] run data modify entity @s {} merge value {transformation:[-0.9752391816715046f,-0.06651631578145278f,0.2109125844219739f,0.02473115514967999f,-0.010750282818166174f,0.9668275023994937f,0.25520386365273995f,0.6943360832745856f,-0.22089130800469195f,0.2466174372156577f,-0.9436031314642599f,-0.18350259072514816f,0f,0f,0f,1f],start_interpolation:0}
execute if entity @s[tag=aj.louvert.locator_origin.locator] at @s on origin run tp @s ^-1.11129 ^0.83211 ^-0.65437 ~107.83055 ~19.84836
execute if entity @s[tag=aj.louvert.bone.sword_0] run data modify entity @s {} merge value {transformation:[-0.40532154606719645f,-0.18424916965650665f,0.895414254842185f,-0.3302704559427989f,0.8893191643635524f,-0.30631596925280563f,0.33953195854945173f,1.1221105767766888f,0.21172120392017868f,0.9339286752539523f,0.28801277983622176f,-0.3772892909082122f,0f,0f,0f,1f],start_interpolation:0}
execute if entity @s[tag=aj.louvert.bone.right_arm_1] run data modify entity @s {} merge value {transformation:[-0.5368363819363113f,-0.714558367043907f,0.4485677642420106f,-0.12268158619797948f,-0.08842692186198636f,0.5764019194563841f,0.8123678395511544f,1.1471506552380655f,-0.8390395571840135f,0.39644314514762535f,-0.3726197178705306f,-0.06580871417408776f,0f,0f,0f,1f],start_interpolation:0}
execute if entity @s[tag=aj.louvert.bone.right_arm_0] run data modify entity @s {} merge value {transformation:[0.12005288818421439f,-0.714558367043907f,0.6891978265535765f,-0.19521383874342846f,0.6593177253377874f,0.5764019194563841f,0.4827638804865191f,0.9345620767094461f,-0.7422179202188767f,0.39644314514762535f,0.5403197123661364f,0.1125470920668761f,0f,0f,0f,1f],start_interpolation:0}
execute if entity @s[tag=aj.louvert.locator_origin.locator2] at @s on origin run tp @s ^0.33033 ^-0.21908 ^0.7669 ~174.49785 ~87.90994
execute if entity @s[tag=aj.louvert.bone.sword_1] run data modify entity @s {} merge value {transformation:[-0.9981991334283321f,-0.05988540543348571f,0.0034968899030615977f,0.33183773945501166f,0.0056623190655494f,-0.03602811776410331f,0.9993347351479263f,0.6570003909556087f,-0.05971957941686315f,0.9975548671358601f,0.03630232620411587f,0.8247382130001796f,0f,0f,0f,1f],start_interpolation:0}
execute if entity @s[tag=aj.louvert.bone.left_arm_1] run data modify entity @s {} merge value {transformation:[-0.14550153443663955f,-0.9893525517209694f,0.003291182126567871f,0.2875720544310293f,0.03978430924170039f,-0.002527018387595281f,0.9992050955215499f,0.6693435257852637f,-0.9885577940690896f,0.14551681202278854f,0.039728392919677016f,0.45240974214972085f,0f,0f,0f,1f],start_interpolation:0}
execute if entity @s[tag=aj.louvert.bone.left_arm_0] run data modify entity @s {} merge value {transformation:[-0.29218287031693935f,-0.7446109715566717f,0.6001530399246382f,0.22932313098281235f,0.18772622530502656f,0.5706744120448264f,0.7994307848525839f,0.7576198355737211f,-0.9377569165973032f,0.34624444612834065f,-0.026958280716646688f,0.18164780007319106f,0f,0f,0f,1f],start_interpolation:0}
execute if entity @s[tag=aj.louvert.bone.wing_0] run data modify entity @s {} merge value {transformation:[-0.2973372236463017f,-0.06258096158451767f,0.9527193703717094f,0.2114559892677368f,0.8164219861806867f,0.5006900487639869f,0.28768840009548413f,1.1218637006566026f,-0.4950209247244931f,0.8633615107913218f,-0.09778131605288612f,-0.3104567895963155f,0f,0f,0f,1f],start_interpolation:0}
execute if entity @s[tag=aj.louvert.bone.wing_1] run data modify entity @s {} merge value {transformation:[-0.9067900791374011f,-0.06258096158451767f,-0.41691171202683125f,0.11001923019717752f,-0.3898855204503762f,0.5006900487639869f,0.7728510568096908f,0.9210870157782604f,0.16037778312823028f,0.8633615107913218f,-0.47842017971966966f,-0.20137284614667564f,0f,0f,0f,1f],start_interpolation:0}
execute if entity @s[tag=aj.louvert.bone.body_0] run data modify entity @s {} merge value {transformation:[-0.911840427813627f,-0.06258096158451767f,0.4057470362822372f,-0.0060787500000000095f,0.3230000619456951f,0.5006900487639869f,0.8031067395133686f,0.8220376247104433f,-0.25341269539574995f,0.8633615107913218f,-0.43633577379855926f,0.07677471220918017f,0f,0f,0f,1f],start_interpolation:0}