execute if entity @s[tag=aj.louvert.bone.head] run data modify entity @s {} merge value {transformation:[-0.981578200655928f,-0.14105794386062578f,0.12886773246582398f,-0.018092682695862335f,-0.025800830277609134f,0.7661689532069679f,0.642121057355017f,1.813408989379798f,-0.18931073174560556f,0.6269671375882085f,-0.7556941545561878f,0.13463749793016233f,0f,0f,0f,1f],start_interpolation:0}
execute if entity @s[tag=aj.louvert.bone.coat_0] run data modify entity @s {} merge value {transformation:[-0.9083099499860601f,0.3539904626568804f,0.22285373477751885f,-0.18984309568550162f,0.40629851893175084f,0.619928924932466f,0.6712746394330287f,1.2229721885977596f,0.09947134396491616f,0.7002705765488398f,-0.7069134114937758f,-0.3308433591871287f,0f,0f,0f,1f],start_interpolation:0}
execute if entity @s[tag=aj.louvert.bone.coat_1] run data modify entity @s {} merge value {transformation:[-0.9274622893899486f,-0.30024975379717894f,0.22285373477751885f,0.296278941071895f,-0.07734722937249419f,0.7371619663021527f,0.6712746394330287f,1.172952634632728f,-0.3658293425464311f,0.6053447949576151f,-0.7069134114937758f,-0.2250917180652077f,0f,0f,0f,1f],start_interpolation:0}
execute if entity @s[tag=aj.louvert.bone.coat_2] run data modify entity @s {} merge value {transformation:[-0.9722440735147934f,-0.15360837305788494f,0.17648209326124487f,0.08107463954038656f,0.10003910793006324f,0.40894447755613733f,0.9070593096159121f,1.2818717415443723f,-0.2115032822438419f,0.8995381492759755f,-0.3822270000892587f,-0.3663317150628902f,0f,0f,0f,1f],start_interpolation:0}
execute if entity @s[tag=aj.louvert.bone.right_leg_1] run data modify entity @s {} merge value {transformation:[-0.9510155115338277f,0.036239565465919f,0.3070117110419298f,-0.1738661710395802f,0.1710623141415279f,0.8888989880700361f,0.42496620299573373f,0.9675600231136046f,-0.2575018087365548f,0.4566675846859588f,-0.8515559497734105f,-0.07593786818078402f,0f,0f,0f,1f],start_interpolation:0}
execute if entity @s[tag=aj.louvert.bone.right_leg_0] run data modify entity @s {} merge value {transformation:[-0.9510155115338277f,0.2905330648104388f,0.10564106717515398f,-0.06831258649615247f,0.1710623141415279f,0.7791976938446862f,-0.6029831163371557f,1.2104673001065016f,-0.2575018087365548f,-0.5553750914102791f,-0.7907283517987872f,-0.30440544890664845f,0f,0f,0f,1f],start_interpolation:0}
execute if entity @s[tag=aj.louvert.bone.left_leg_1] run data modify entity @s {} merge value {transformation:[-0.9879673740651828f,-0.12051664819507409f,0.09693402545325418f,0.17105778835708363f,0.04115298913430485f,0.3993086143159001f,0.9158924947931539f,0.8477487021476449f,-0.1490868849632964f,0.9088610279030234f,-0.389544262813612f,-0.32029149194127177f,0f,0f,0f,1f],start_interpolation:0}
execute if entity @s[tag=aj.louvert.bone.left_leg_0] run data modify entity @s {} merge value {transformation:[-0.9879673740651828f,-0.0005116977613760093f,0.15466158523740917f,0.17474843188254585f,0.04115298913430485f,0.9630752067681003f,0.26606874599225794f,1.185457523123986f,-0.1490868849632964f,0.2692320268355565f,-0.9514658251655489f,-0.25152962834568793f,0f,0f,0f,1f],start_interpolation:0}
execute if entity @s[tag=aj.louvert.bone.body_1] run data modify entity @s {} merge value {transformation:[-0.9722440735147934f,-0.07125780245750198f,0.22285373477751885f,0.030949859425227336f,0.10003910793006324f,0.734426671178692f,0.6712746394330287f,1.427470746358585f,-0.2115032822438419f,0.6749368787155677f,-0.7069134114937758f,-0.06704976402755328f,0f,0f,0f,1f],start_interpolation:0}
execute if entity @s[tag=aj.louvert.locator_origin.locator] at @s on origin run tp @s ^-1.15156 ^1.02973 ^-0.04421 ~65.58854 ~33.02291
execute if entity @s[tag=aj.louvert.bone.sword_0] run data modify entity @s {} merge value {transformation:[-0.6406783053184235f,0.08127321229195424f,0.7634958900073133f,-0.47939170811876486f,0.7066850577942938f,0.45121959852736926f,0.5449744058165255f,1.5197509667947466f,-0.30021248838878817f,0.8887044159159705f,-0.34652117243664216f,-0.3251797283157387f,0f,0f,0f,1f],start_interpolation:0}
execute if entity @s[tag=aj.louvert.bone.right_arm_1] run data modify entity @s {} merge value {transformation:[-0.6030877690056473f,-0.7932123019592597f,0.08425785955199097f,-0.24519044040664595f,-0.734088218973752f,0.5932349997088744f,0.33043414152347605f,1.7879938196549812f,-0.312089137330564f,0.1374280871616279f,-0.9400605784838337f,-0.20712960275314019f,0f,0f,0f,1f],start_interpolation:0}
execute if entity @s[tag=aj.louvert.bone.right_arm_0] run data modify entity @s {} merge value {transformation:[-0.22857443766229824f,-0.7932123019592597f,0.5644182584465675f,-0.212652406851744f,-0.08087974864984337f,0.5932349997088744f,0.800956117011881f,1.7656874673808314f,-0.970160910728577f,0.1374280871616279f,-0.1997531680684782f,0.07696426909312402f,0f,0f,0f,1f],start_interpolation:0}
execute if entity @s[tag=aj.louvert.locator_origin.locator2] at @s on origin run tp @s ^0.37668 ^1.54406 ^1.02315 ~12.08231 ~46.42144
execute if entity @s[tag=aj.louvert.bone.sword_1] run data modify entity @s {} merge value {transformation:[-0.9870650895097142f,0.06987329347800045f,0.1442921755665126f,0.5051350407868277f,0.15347287458725334f,0.6720471476606639f,0.7244299193759816f,2.1973274401864833f,-0.04635284065842431f,0.7372044181770094f,-0.6740779331673684f,0.450771371032146f,0f,0f,0f,1f],start_interpolation:0}
execute if entity @s[tag=aj.louvert.bone.left_arm_1] run data modify entity @s {} merge value {transformation:[-0.2818570043321528f,-0.9485443569908514f,0.1442921755665126f,0.40894374122625843f,-0.6228993371318103f,0.29529257984863116f,0.7244299193759816f,1.9587774756980687f,-0.7297623208344317f,0.11430614641020968f,-0.6740779331673684f,0.17767533959754006f,0f,0f,0f,1f],start_interpolation:0}
execute if entity @s[tag=aj.louvert.bone.left_arm_0] run data modify entity @s {} merge value {transformation:[-0.5511972014415771f,-0.8275853991683583f,0.10622641953074975f,0.24376507270140377f,-0.7592231924990466f,0.5502740785809266f,0.3475321314835048f,1.7185499833658318f,-0.3460661628858409f,0.1109091769208552f,-0.9316315609618476f,0.13702503042133302f,0f,0f,0f,1f],start_interpolation:0}
execute if entity @s[tag=aj.louvert.bone.wing_0] run data modify entity @s {} merge value {transformation:[-0.47383376907853725f,-0.10289808751688029f,0.8745819246166684f,0.09777111153715613f,0.31777096533739796f,0.9062555381083174f,0.278787577263662f,1.7128547461785788f,-0.821281421237182f,0.41001571095919304f,-0.39671645276855094f,-0.4524131709734331f,0f,0f,0f,1f],start_interpolation:0}
execute if entity @s[tag=aj.louvert.bone.wing_1] run data modify entity @s {} merge value {transformation:[-0.7283708789625261f,-0.10289808751688029f,-0.6774126115335657f,0.057524823212610696f,-0.3493709724100214f,0.9062555381083174f,0.23799332613600777f,1.6073691971668214f,0.5894198726855358f,0.41001571095919304f,-0.6960397477515161f,-0.22935928684274665f,0f,0f,0f,1f],start_interpolation:0}
execute if entity @s[tag=aj.louvert.bone.body_0] run data modify entity @s {} merge value {transformation:[-0.981578200655928f,-0.10289808751688029f,0.16098515329818175f,-0.006078750000000009f,-0.025800830277609134f,0.9062555381083174f,0.42194219604702976f,1.6819024267188434f,-0.18931073174560556f,0.41001571095919304f,-0.8922155365227455f,0.07239387430594363f,0f,0f,0f,1f],start_interpolation:0}