execute if entity @s[tag=aj.louvert.bone.head] run data modify entity @s {} merge value {transformation:[-0.989666492656864f,-0.004562372620878563f,0.14331579839058128f,-0.003549707702658454f,0.10653041174027147f,0.645612894780986f,0.7561978983486821f,1.570769524199269f,-0.09597658405418329f,0.7636512128246662f,-0.6384554177581288f,-0.15630591853420123f,0f,0f,0f,1f],start_interpolation:0}
execute if entity @s[tag=aj.louvert.bone.coat_0] run data modify entity @s {} merge value {transformation:[-0.8192146900006895f,0.5642030539510448f,0.10277259167399085f,-0.2502408246910773f,0.544611701071138f,0.7092249665111243f,0.447658398707872f,0.9807164809931933f,0.1796813477895681f,0.4226994922987358f,-0.8882790960429695f,-0.7166203405737765f,0f,0f,0f,1f],start_interpolation:0}
execute if entity @s[tag=aj.louvert.bone.coat_1] run data modify entity @s {} merge value {transformation:[-0.8276995815558551f,-0.5516803395924796f,0.10277259167399085f,0.24709556136229022f,-0.456790846103032f,0.7687288735196436f,0.447658398707872f,0.9611786857791706f,-0.3259685960468256f,0.3235810901835059f,-0.8882790960429695f,-0.6689255435247194f,0f,0f,0f,1f],start_interpolation:0}
execute if entity @s[tag=aj.louvert.bone.coat_2] run data modify entity @s {} merge value {transformation:[-0.994672772106735f,-0.0838822165080434f,0.05991535849180117f,0.011273942294855347f,0.03907559042804527f,0.23103691306671514f,0.9721599883935272f,1.0269048832246659f,-0.09538959409811412f,0.9693222985954159f,-0.22652837964258743f,-0.8038078290546191f,0f,0f,0f,1f],start_interpolation:0}
execute if entity @s[tag=aj.louvert.bone.right_leg_1] run data modify entity @s {} merge value {transformation:[-0.9811420192935227f,-0.03285257194816143f,0.19047584228195394f,-0.19206158321915778f,0.09844548821880167f,0.7631209341363034f,0.6387134926806367f,0.7640691341018268f,-0.16633948366515594f,0.6454201332460326f,-0.745495826798972f,-0.43981541647124783f,0f,0f,0f,1f],start_interpolation:0}
execute if entity @s[tag=aj.louvert.bone.right_leg_0] run data modify entity @s {} merge value {transformation:[-0.9811420192935227f,0.18196847613891126f,0.06517523815308542f,-0.12590672817773538f,0.09844548821880167f,0.7606293484276672f,-0.6416786424370572f,0.9758320321896876f,-0.16633948366515594f,-0.6231616708384633f,-0.764199390324164f,-0.7046966413115122f,0f,0f,0f,1f],start_interpolation:0}
execute if entity @s[tag=aj.louvert.bone.left_leg_1] run data modify entity @s {} merge value {transformation:[-0.9999456062518098f,-0.0025798889060715544f,0.010105875070124042f,0.12109687133811121f,0.008261220095087278f,0.3955591655573658f,0.9184033421030766f,0.6243547125030455f,-0.006366850103556018f,0.9184368735611569f,-0.39551633658164637f,-0.8627956522274906f,0f,0f,0f,1f],start_interpolation:0}
execute if entity @s[tag=aj.louvert.bone.left_leg_0] run data modify entity @s {} merge value {transformation:[-0.9999456062518098f,0.004175476739720853f,0.009557715820041723f,0.12276146484894837f,0.008261220095087278f,0.8764591185084227f,0.48140540693471556f,0.9660631345826763f,-0.006366850103556018f,0.48145817988422884f,-0.8764459391441803f,-0.6808492427869837f,0f,0f,0f,1f],start_interpolation:0}
execute if entity @s[tag=aj.louvert.bone.body_1] run data modify entity @s {} merge value {transformation:[-0.994672772106735f,-0.007991922804586243f,0.10277259167399085f,-0.00407010754082671f,0.03907559042804527f,0.8933504666697184f,0.447658398707872f,1.250119604220469f,-0.09538959409811412f,0.44928952009910245f,-0.8882790960429695f,-0.5523699670182785f,0f,0f,0f,1f],start_interpolation:0}
execute if entity @s[tag=aj.louvert.locator_origin.locator] at @s on origin run tp @s ^-1.25519 ^1.08331 ^-0.45012 ~74.14961 ~30.19896
execute if entity @s[tag=aj.louvert.bone.sword_0] run data modify entity @s {} merge value {transformation:[-0.49635921979570996f,0.24972896470921319f,0.8314222568040013f,-0.5190266748778957f,0.8632996466483949f,0.04123575917018707f,0.5030043064054374f,1.5258237509871728f,0.09133041673260239f,0.9674373655957902f,-0.23605867624073118f,-0.6320952024323077f,0f,0f,0f,1f],start_interpolation:0}
execute if entity @s[tag=aj.louvert.bone.right_arm_1] run data modify entity @s {} merge value {transformation:[-0.7042756940014355f,-0.7098944346850381f,0.0067556229917595245f,-0.2475460022136768f,-0.5344920398742364f,0.536476529624585f,0.6530782437603013f,1.718968996339385f,-0.4672408438373876f,0.456336306648038f,-0.7572603047070101f,-0.45966129445153026f,0f,0f,0f,1f],start_interpolation:0}
execute if entity @s[tag=aj.louvert.bone.right_arm_0] run data modify entity @s {} merge value {transformation:[-0.29910565573935755f,-0.7098944346850381f,0.6376407282380411f,-0.20254526017514993f,0.3569534247762688f,0.536476529624585f,0.7647072549037668f,1.573267143356109f,-0.8849407094518941f,0.456336306648038f,0.09293608550830113f,-0.21836688247060237f,0f,0f,0f,1f],start_interpolation:0}
execute if entity @s[tag=aj.louvert.locator_origin.locator2] at @s on origin run tp @s ^0.70955 ^0.65467 ^0.01037 ~48.85507 ~73.49694
execute if entity @s[tag=aj.louvert.bone.sword_1] run data modify entity @s {} merge value {transformation:[-0.935696633331549f,0.28055642061424046f,0.21391564978778554f,0.9045931381448724f,0.25606992104271753f,0.12297156429771658f,0.9588045629383233f,1.499320766523969f,0.24269323416441058f,0.951927565115276f,-0.1869061391836036f,-0.12886718524565094f,0f,0f,0f,1f],start_interpolation:0}
execute if entity @s[tag=aj.louvert.bone.left_arm_1] run data modify entity @s {} merge value {transformation:[-0.9794095357917414f,-0.1459697750991936f,0.1394624894288663f,0.5384718985030494f,0.06404497411868407f,0.43047175548145156f,0.900329000434205f,1.516508667010089f,-0.19145548435692009f,0.890722679901106f,-0.4122595117392065f,-0.208867860329805f,0f,0f,0f,1f],start_interpolation:0}
execute if entity @s[tag=aj.louvert.bone.left_arm_0] run data modify entity @s {} merge value {transformation:[-0.9884602408701498f,-0.029381710668650977f,-0.1486037257174568f,0.2559127737744443f,-0.1322145611319807f,0.6461224043518218f,0.7516948506004939f,1.4795242464878124f,0.0739301159447433f,0.762668049463726f,-0.6425509974185646f,-0.18842070475168132f,0f,0f,0f,1f],start_interpolation:0}
execute if entity @s[tag=aj.louvert.bone.wing_0] run data modify entity @s {} merge value {transformation:[-0.6664886257692856f,-0.002719392116087786f,0.7455102391159281f,0.09613793936392959f,0.5869213672771993f,0.614691023164484f,0.5269518523304221f,1.7462489500898704f,-0.45969144037455417f,0.7887633047673546f,-0.408088505962676f,-0.728523889775434f,0f,0f,0f,1f],start_interpolation:0}
execute if entity @s[tag=aj.louvert.bone.wing_1] run data modify entity @s {} merge value {transformation:[-0.9031760306087114f,-0.002719392116087786f,-0.4292617647082151f,0.04676151135058816f,-0.340098179537404f,0.614691023164484f,0.7116798257055933f,1.5528592175381741f,0.26192801684668227f,0.7887633047673546f,-0.5560990586606359f,-0.5779835971617067f,0f,0f,0f,1f],start_interpolation:0}
execute if entity @s[tag=aj.louvert.bone.body_0] run data modify entity @s {} merge value {transformation:[-0.9802979641990551f,-0.002719392116087786f,0.19750571205336576f,-0.006078749999999966f,0.15414774581009305f,0.614691023164484f,0.7735589302067858f,1.4831179331428963f,-0.12350859827904698f,0.7887633047673546f,-0.6021611704549092f,-0.2730251620801495f,0f,0f,0f,1f],start_interpolation:0}