execute if entity @s[tag=aj.louvert.bone.head] run data modify entity @s {} merge value {transformation:[-0.989666492656864f,-0.00456237262087866f,0.1433157983905815f,-0.0035497077026584657f,0.1065304117402717f,0.6456128947809855f,0.7561978983486825f,1.5707695241992683f,-0.09597658405418352f,0.7636512128246665f,-0.6384554177581283f,-0.1563059185342009f,0f,0f,0f,1f],start_interpolation:0}
execute if entity @s[tag=aj.louvert.bone.coat_0] run data modify entity @s {} merge value {transformation:[-0.8192146900006895f,0.5642030539510448f,0.10277259167399096f,-0.2502408246910772f,0.5446117010711381f,0.7092249665111244f,0.44765839870787194f,0.9807164809931928f,0.17968134778956793f,0.42269949229873593f,-0.8882790960429696f,-0.7166203405737763f,0f,0f,0f,1f],start_interpolation:0}
execute if entity @s[tag=aj.louvert.bone.coat_1] run data modify entity @s {} merge value {transformation:[-0.8276995815558551f,-0.5516803395924795f,0.10277259167399096f,0.2470955613622903f,-0.45679084610303194f,0.7687288735196437f,0.44765839870787194f,0.9611786857791702f,-0.3259685960468257f,0.3235810901835058f,-0.8882790960429696f,-0.6689255435247192f,0f,0f,0f,1f],start_interpolation:0}
execute if entity @s[tag=aj.louvert.bone.coat_2] run data modify entity @s {} merge value {transformation:[-0.994672772106735f,-0.08388221650804352f,0.059915358491801185f,0.011273942294855413f,0.03907559042804529f,0.23103691306671525f,0.9721599883935272f,1.0269048832246654f,-0.09538959409811432f,0.969322298595416f,-0.22652837964258754f,-0.8038078290546189f,0f,0f,0f,1f],start_interpolation:0}
execute if entity @s[tag=aj.louvert.bone.right_leg_1] run data modify entity @s {} merge value {transformation:[-0.9811420192935227f,-0.03285257194816149f,0.19047584228195402f,-0.19206158321915778f,0.0984454882188017f,0.7631209341363039f,0.6387134926806365f,0.7640691341018264f,-0.16633948366515616f,0.6454201332460326f,-0.7454958267989722f,-0.43981541647124767f,0f,0f,0f,1f],start_interpolation:0}
execute if entity @s[tag=aj.louvert.bone.right_leg_0] run data modify entity @s {} merge value {transformation:[-0.9811420192935227f,0.18196847613891132f,0.06517523815308549f,-0.12590672817773535f,0.0984454882188017f,0.760629348427667f,-0.6416786424370576f,0.9758320321896872f,-0.16633948366515616f,-0.6231616708384636f,-0.764199390324164f,-0.7046966413115121f,0f,0f,0f,1f],start_interpolation:0}
execute if entity @s[tag=aj.louvert.bone.left_leg_1] run data modify entity @s {} merge value {transformation:[-0.9999456062518098f,-0.002579888906071698f,0.01010587507012409f,0.1210968713381113f,0.008261220095087292f,0.39555916555736537f,0.9184033421030771f,0.6243547125030451f,-0.0063668501035562125f,0.9184368735611572f,-0.395516336581646f,-0.8627956522274904f,0f,0f,0f,1f],start_interpolation:0}
execute if entity @s[tag=aj.louvert.bone.left_leg_0] run data modify entity @s {} merge value {transformation:[-0.9999456062518098f,0.004175476739720772f,0.009557715820041848f,0.12276146484894843f,0.008261220095087292f,0.8764591185084226f,0.4814054069347159f,0.9660631345826758f,-0.0063668501035562125f,0.4814581798842291f,-0.8764459391441802f,-0.6808492427869834f,0f,0f,0f,1f],start_interpolation:0}
execute if entity @s[tag=aj.louvert.bone.body_1] run data modify entity @s {} merge value {transformation:[-0.994672772106735f,-0.007991922804586313f,0.10277259167399096f,-0.0040701075408266785f,0.03907559042804529f,0.8933504666697185f,0.44765839870787194f,1.2501196042204685f,-0.09538959409811432f,0.44928952009910245f,-0.8882790960429696f,-0.5523699670182782f,0f,0f,0f,1f],start_interpolation:0}
execute if entity @s[tag=aj.louvert.locator_origin.locator] at @s on origin run tp @s ^-1.25519 ^1.08331 ^-0.45012 ~74.14961 ~30.19896
execute if entity @s[tag=aj.louvert.bone.sword_0] run data modify entity @s {} merge value {transformation:[-0.4963592197957098f,0.24972896470921288f,0.8314222568040015f,-0.5190266748778954f,0.8632996466483949f,0.041235759170186626f,0.5030043064054374f,1.5258237509871724f,0.09133041673260256f,0.9674373655957903f,-0.23605867624073065f,-0.6320952024323075f,0f,0f,0f,1f],start_interpolation:0}
execute if entity @s[tag=aj.louvert.bone.right_arm_1] run data modify entity @s {} merge value {transformation:[-0.7042756940014354f,-0.7098944346850381f,0.006755622991759858f,-0.24754600221367673f,-0.5344920398742361f,0.5364765296245848f,0.6530782437603017f,1.7189689963393846f,-0.46724084383738806f,0.4563363066480379f,-0.7572603047070098f,-0.4596612944515299f,0f,0f,0f,1f],start_interpolation:0}
execute if entity @s[tag=aj.louvert.bone.right_arm_0] run data modify entity @s {} merge value {transformation:[-0.2991056557393572f,-0.7098944346850381f,0.6376407282380412f,-0.20254526017514993f,0.35695342477626923f,0.5364765296245848f,0.7647072549037666f,1.5732671433561083f,-0.884940709451894f,0.4563363066480379f,0.09293608550830168f,-0.21836688247060212f,0f,0f,0f,1f],start_interpolation:0}
execute if entity @s[tag=aj.louvert.locator_origin.locator2] at @s on origin run tp @s ^0.70985 ^0.65559 ^0.01165 ~48.85507 ~73.49694
execute if entity @s[tag=aj.louvert.bone.sword_1] run data modify entity @s {} merge value {transformation:[-0.935696633331549f,0.28055642061424013f,0.21391564978778535f,0.9048898002697056f,0.2560699210427172f,0.12297156429771616f,0.9588045629383234f,1.5002430701699114f,0.24269323416441038f,0.9519275651152759f,-0.1869061391836032f,-0.127585055603676f,0f,0f,0f,1f],start_interpolation:0}
execute if entity @s[tag=aj.louvert.bone.left_arm_1] run data modify entity @s {} merge value {transformation:[-0.9794095357917412f,-0.1459697750991946f,0.13946248942886624f,0.5387685606278827f,0.06404497411868376f,0.4304717554814509f,0.9003290004342053f,1.5174309706560312f,-0.19145548435692095f,0.890722679901106f,-0.4122595117392059f,-0.2075857306878304f,0f,0f,0f,1f],start_interpolation:0}
execute if entity @s[tag=aj.louvert.bone.left_arm_0] run data modify entity @s {} merge value {transformation:[-0.9884602408701499f,-0.029381710668651768f,-0.1486037257174562f,0.2562094358992775f,-0.13221456113198074f,0.6461224043518216f,0.751694850600494f,1.4804465501337547f,0.07393011594474225f,0.7626680494637261f,-0.6425509974185646f,-0.18713857510970705f,0f,0f,0f,1f],start_interpolation:0}
execute if entity @s[tag=aj.louvert.bone.wing_0] run data modify entity @s {} merge value {transformation:[-0.6664886257692854f,-0.002719392116087862f,0.7455102391159282f,0.09613793936392973f,0.5869213672771995f,0.6146910231644837f,0.526951852330422f,1.74624895008987f,-0.45969144037455406f,0.7887633047673548f,-0.40808850596267554f,-0.7285238897754336f,0f,0f,0f,1f],start_interpolation:0}
execute if entity @s[tag=aj.louvert.bone.wing_1] run data modify entity @s {} merge value {transformation:[-0.9031760306087114f,-0.002719392116087862f,-0.429261764708215f,0.04676151135058823f,-0.3400981795374039f,0.6146910231644837f,0.7116798257055934f,1.5528592175381735f,0.26192801684668193f,0.7887633047673548f,-0.5560990586606357f,-0.5779835971617063f,0f,0f,0f,1f],start_interpolation:0}
execute if entity @s[tag=aj.louvert.bone.body_0] run data modify entity @s {} merge value {transformation:[-0.9802979641990551f,-0.002719392116087862f,0.19750571205336598f,-0.006078749999999966f,0.15414774581009325f,0.6146910231644837f,0.7735589302067859f,1.4831179331428956f,-0.12350859827904716f,0.7887633047673548f,-0.6021611704549089f,-0.2730251620801492f,0f,0f,0f,1f],start_interpolation:0}