execute if entity @s[tag=aj.louvert.bone.head] run data modify entity @s {} merge value {transformation:[-0.9800154559989651f,-0.14519119492602214f,0.1359750819786273f,-0.018427871068402303f,-0.023334636837545053f,0.7627521418054757f,0.6462698081256926f,1.8117592139132879f,-0.19754797069775343f,0.6301814715517375f,-0.7508968718712884f,0.13529214047216742f,0f,0f,0f,1f],start_interpolation:0}
execute if entity @s[tag=aj.louvert.bone.coat_0] run data modify entity @s {} merge value {transformation:[-0.908860578999715f,0.35343499550988206f,0.22148623408517443f,-0.18880383991549382f,0.4049438834952266f,0.6204234439081334f,0.6716362121483442f,1.222057327162907f,0.09996448949555722f,0.7001131724215027f,-0.7069997501002327f,-0.33191061634418556f,0f,0f,0f,1f],start_interpolation:0}
execute if entity @s[tag=aj.louvert.bone.coat_1] run data modify entity @s {} merge value {transformation:[-0.92731937588165f,-0.3016995578804091f,0.22148623408517443f,0.29743961742450015f,-0.0792425061651524f,0.7366311314000313f,0.6716362121483442f,1.172833088298488f,-0.3657860034653223f,0.6052701487989272f,-0.7069997501002327f,-0.22634417043324206f,0f,0f,0f,1f],start_interpolation:0}
execute if entity @s[tag=aj.louvert.bone.coat_2] run data modify entity @s {} merge value {transformation:[-0.9724869146799878f,-0.15405528182451067f,0.17474601831849756f,0.08200366801514997f,0.0984484777288378f,0.40806574100230397f,0.9076289155007762f,1.2813997342492405f,-0.21113289182188696f,0.8998607232023248f,-0.3816720854722234f,-0.3675023621512429f,0f,0f,0f,1f],start_interpolation:0}
execute if entity @s[tag=aj.louvert.bone.right_leg_1] run data modify entity @s {} merge value {transformation:[-0.9513920546647902f,0.031340382728656455f,0.3063836463180277f,-0.17207015211774784f,0.1695061950657083f,0.8838667564939655f,0.43594404067401044f,0.9663799235171624f,-0.2571396666309089f,0.4666876226934439f,-0.8462161985389353f,-0.07809865724313628f,0f,0f,0f,1f],start_interpolation:0}
execute if entity @s[tag=aj.louvert.bone.right_leg_0] run data modify entity @s {} merge value {transformation:[-0.9513920546647902f,0.28862238586266564f,0.1074722136165974f,-0.06724297558049531f,0.1695061950657083f,0.7820571575553542f,-0.5997118075799295f,1.2097512674468023f,-0.2571396666309089f,-0.552343842814766f,-0.7929662484302609f,-0.3055190048664497f,0f,0f,0f,1f],start_interpolation:0}
execute if entity @s[tag=aj.louvert.bone.left_leg_1] run data modify entity @s {} merge value {transformation:[-0.9880901056078786f,-0.12151949564364763f,0.09439785685239245f,0.17310299406070825f,0.03953689862265886f,0.3923760672048984f,0.9189547625058148f,0.8479291022945117f,-0.14871037908334736f,0.9117423068298028f,-0.3828984057025526f,-0.32394492968901867f,0f,0f,0f,1f],start_interpolation:0}
execute if entity @s[tag=aj.louvert.bone.left_leg_0] run data modify entity @s {} merge value {transformation:[-0.9880901056078786f,-0.0031137832956093098f,0.1538448814663629f,0.17587875308950163f,0.03953689862265886f,0.9610922424950277f,0.2733834944966141f,1.1851391480145927f,-0.14871037908334736f,0.2762100754307609f,-0.9495226260513333f,-0.25273578191097795f,0f,0f,0f,1f],start_interpolation:0}
execute if entity @s[tag=aj.louvert.bone.body_1] run data modify entity @s {} merge value {transformation:[-0.9724869146799878f,-0.07220144657114161f,0.22148623408517443f,0.031754936701021405f,0.0984484777288378f,0.7343110347556401f,0.6716362121483442f,1.426917406091835f,-0.21113289182188696f,0.6749624103230754f,-0.7069997501002327f,-0.06820164016275276f,0f,0f,0f,1f],start_interpolation:0}
execute if entity @s[tag=aj.louvert.locator_origin.locator] at @s on origin run tp @s ^-1.15136 ^1.02981 ^-0.05296 ~66.03153 ~33.0407
execute if entity @s[tag=aj.louvert.bone.sword_0] run data modify entity @s {} merge value {transformation:[-0.6382902194662701f,0.0763764148754304f,0.7659975450250981f,-0.4771237204211008f,0.7080257983250462f,0.44879681137319705f,0.5452347118511731f,1.5200001084154409f,-0.30213418317012986f,0.8903640072195342f,-0.340539087342542f,-0.32862813493737797f,0f,0f,0f,1f],start_interpolation:0}
execute if entity @s[tag=aj.louvert.bone.right_arm_1] run data modify entity @s {} merge value {transformation:[-0.6018421755718667f,-0.7935146015585218f,0.0901142209439941f,-0.24340165339071188f,-0.7327427029144917f,0.5935489918800404f,0.33284790154626565f,1.7877288355999952f,-0.3176068749704378f,0.13429136737559896f,-0.9386648505296789f,-0.20847981794089626f,0f,0f,0f,1f],start_interpolation:0}
execute if entity @s[tag=aj.louvert.bone.right_arm_0] run data modify entity @s {} merge value {transformation:[-0.2228798832061908f,-0.7935146015585218f,0.5662677235861279f,-0.2125692456906904f,-0.07811661312183821f,0.5935489918800404f,0.8009977459347565f,1.764643009831682f,-0.9717110436834437f,0.13429136737559896f,-0.19427680312385237f,0.07574198327078895f,0f,0f,0f,1f],start_interpolation:0}
execute if entity @s[tag=aj.louvert.locator_origin.locator2] at @s on origin run tp @s ^0.36659 ^1.53226 ^1.02492 ~12.8804 ~46.93998
execute if entity @s[tag=aj.louvert.bone.sword_1] run data modify entity @s {} merge value {transformation:[-0.986332649470074f,0.0631128619228993f,0.15219944562725987f,0.501800839214675f,0.15528707594461647f,0.6648704510661027f,0.7306389035246674f,2.190791233821827f,-0.05508020183255612f,0.7442876123912436f,-0.6655840453368954f,0.46017883441626234f,0f,0f,0f,1f],start_interpolation:0}
execute if entity @s[tag=aj.louvert.bone.left_arm_1] run data modify entity @s {} merge value {transformation:[-0.27509829295908744f,-0.949292503900537f,0.15219944562725987f,0.4081312562753806f,-0.6155000918608354f,0.29551045594965863f,0.7306389035246674f,1.9549975461988265f,-0.738566561746671f,0.10731874236438872f,-0.6655840453368954f,0.18383187828496794f,0f,0f,0f,1f],start_interpolation:0}
execute if entity @s[tag=aj.louvert.bone.left_arm_0] run data modify entity @s {} merge value {transformation:[-0.5487488096388486f,-0.8277257801596445f,0.11723811999113046f,0.24297997194477045f,-0.7546067408749859f,0.5507894193596213f,0.3566506443952167f,1.7155791176003694f,-0.359782448913199f,0.10724294093598605f,-0.9268524915397388f,0.1387861311894268f,0f,0f,0f,1f],start_interpolation:0}
execute if entity @s[tag=aj.louvert.bone.wing_0] run data modify entity @s {} merge value {transformation:[-0.4689005208479786f,-0.10505098405336982f,0.8769815233503572f,0.10214344962143175f,0.32241495100065604f,0.9040289274448917f,0.2806782815147678f,1.714416228817852f,-0.8223021956189457f,0.4143621472724763f,-0.39002962706441113f,-0.4513516717169827f,0f,0f,0f,1f],start_interpolation:0}
execute if entity @s[tag=aj.louvert.bone.wing_1] run data modify entity @s {} merge value {transformation:[-0.7354413589811906f,-0.10505098405336982f,-0.6693954722354479f,0.05991342716068766f,-0.3510909073052571f,0.9040289274448917f,0.24385830547760734f,1.607707749460979f,0.5795353158414688f,0.4143621472724763f,-0.7017427082629869f,-0.2292482596848645f,0f,0f,0f,1f],start_interpolation:0}
execute if entity @s[tag=aj.louvert.bone.body_0] run data modify entity @s {} merge value {transformation:[-0.9800154559989651f,-0.10505098405336982f,0.16892008984297635f,-0.006078750000000009f,-0.023334636837545053f,0.9040289274448917f,0.42683391742749144f,1.6805956267188438f,-0.19754797069775343f,0.4143621472724763f,-0.8884136481284729f,0.07239387430594363f,0f,0f,0f,1f],start_interpolation:0}