execute if entity @s[tag=aj.louvert.bone.head] run data modify entity @s {} merge value {transformation:[-0.9998721264848796f,0.004073474966043551f,-0.015464070625358387f,-0.0025903498823114626f,-0.0024976657497029f,0.9153660032322883f,0.40261500443022363f,1.9270307805321005f,0.015795326663536176f,0.40260214471391886f,-0.9152387779849285f,-0.34079678317663814f,0f,0f,0f,1f],start_interpolation:0}
execute if entity @s[tag=aj.louvert.bone.coat_0] run data modify entity @s {} merge value {transformation:[-0.8568686360648629f,0.512911622249601f,-0.05194043020253311f,-0.24837919220771185f,0.4601674559097866f,0.8063739337831962f,0.37149292245819193f,1.1503573943071905f,0.23242644653708464f,0.29441933814934135f,-0.9269817691162259f,-0.7211608982140911f,0f,0f,0f,1f],start_interpolation:0}
execute if entity @s[tag=aj.louvert.bone.coat_1] run data modify entity @s {} merge value {transformation:[-0.8540674333555436f,-0.5175625672243402f,-0.05194043020253311f,0.25093888339478565f,-0.49759313512628145f,0.7838329416646574f,0.37149292245819193f,1.1624785303113527f,-0.15155821045615528f,0.3431252082979043f,-0.9269817691162259f,-0.744280963927388f,0f,0f,0f,1f],start_interpolation:0}
execute if entity @s[tag=aj.louvert.bone.coat_2] run data modify entity @s {} merge value {transformation:[-0.998636151204995f,0.03382970181254163f,-0.039766679289937566f,-0.005212708181779724f,-0.02424227200832408f,0.37413314091086913f,0.9270580915563179f,1.2028545776165456f,0.046240131426593695f,0.9267577591514637f,-0.37280277104416626f,-0.8485936522102677f,0f,0f,0f,1f],start_interpolation:0}
execute if entity @s[tag=aj.louvert.bone.right_leg_1] run data modify entity @s {} merge value {transformation:[-0.9995331308462178f,-0.006582695113122981f,0.0298360263072243f,-0.13411417780686716f,0.022440393420557637f,0.5045493445616891f,0.8630911815361693f,0.8835352488175413f,-0.020735213620513025f,0.863357763055049f,-0.5041660677680461f,-0.5097269684700136f,0f,0f,0f,1f],start_interpolation:0}
execute if entity @s[tag=aj.louvert.bone.right_leg_0] run data modify entity @s {} merge value {transformation:[-0.9995331308462178f,0.02914357212241895f,0.009174559646276163f,-0.12354967330708748f,0.022440393420557637f,0.9040235248640021f,-0.4268933066184055f,1.1533876783082313f,-0.020735213620513025f,-0.4264881225736664f,-0.9042554573900572f,-0.7269409146424153f,0f,0f,0f,1f],start_interpolation:0}
execute if entity @s[tag=aj.louvert.bone.left_leg_1] run data modify entity @s {} merge value {transformation:[-0.9909477436539532f,0.02519179698962895f,-0.1318633486286936f,0.1412158114223684f,-0.06480268552344902f,0.770462993378322f,0.6341824562249138f,0.7558386700152748f,0.11757202599295481f,0.6369867731742546f,-0.7618560687590294f,-0.8336365450555356f,0f,0f,0f,1f],start_interpolation:0}
execute if entity @s[tag=aj.louvert.bone.left_leg_0] run data modify entity @s {} merge value {transformation:[-0.9909477436539532f,-0.038616381396584354f,-0.12857427594574508f,0.1261093644941613f,-0.06480268552344902f,0.9763608184083685f,0.20620418091273013f,1.1594482463103122f,0.11757202599295481f,0.21266952617799886f,-0.9700249952135964f,-0.7385009474990637f,0f,0f,0f,1f],start_interpolation:0}
execute if entity @s[tag=aj.louvert.bone.body_1] run data modify entity @s {} merge value {transformation:[-0.998636151204995f,-0.005294262635156842f,-0.05194043020253311f,-0.0003746114799495987f,-0.02424227200832408f,0.928119238466344f,0.37149292245819193f,1.4464552243300042f,0.046240131426593695f,0.3722454163207437f,-0.9269817691162259f,-0.6163942384705071f,0f,0f,0f,1f],start_interpolation:0}
execute if entity @s[tag=aj.louvert.locator_origin.locator] at @s on origin run tp @s ^-1.00849 ^0.99779 ^-0.16394 ~39.68728 ~41.41642
execute if entity @s[tag=aj.louvert.bone.sword_0] run data modify entity @s {} merge value {transformation:[-0.8259354922682136f,0.2974687067842693f,0.4788976206829162f,-0.5804620878429988f,0.5622828324358289f,0.49620581883167497f,0.661526871491649f,1.5912676609260785f,-0.04084824304184281f,0.8156544328584756f,-0.5770955442547734f,-0.6491566508825396f,0f,0f,0f,1f],start_interpolation:0}
execute if entity @s[tag=aj.louvert.bone.right_arm_1] run data modify entity @s {} merge value {transformation:[-0.6108855535025124f,-0.7488852695410497f,-0.25688459195981067f,-0.3429099372282209f,-0.7837097233906846f,0.5259547011215557f,0.3304099299824869f,1.8788194914589413f,-0.1123294706870191f,0.40316560546823005f,-0.9082067961552642f,-0.6088675140166324f,0f,0f,0f,1f],start_interpolation:0}
execute if entity @s[tag=aj.louvert.bone.right_arm_0] run data modify entity @s {} merge value {transformation:[-0.553554557858848f,-0.7488852695410497f,0.3643462701032148f,-0.20529843983563645f,-0.16199170246394562f,0.5259547011215557f,0.8349433158610037f,1.880743875601772f,-0.8169063837469555f,0.40316560546823005f,-0.4124578217962507f,-0.35576287650273475f,0f,0f,0f,1f],start_interpolation:0}
execute if entity @s[tag=aj.louvert.locator_origin.locator2] at @s on origin run tp @s ^0.63998 ^1.00611 ^-0.3125 ~6.80674 ~53.81082
execute if entity @s[tag=aj.louvert.bone.sword_1] run data modify entity @s {} merge value {transformation:[-0.7958151923784056f,0.6014822045092018f,0.0699809776901707f,0.7170553333112277f,0.3995479790528887f,0.434737173193373f,0.8070718695869579f,1.725724695013024f,0.4550160348981933f,0.6702408133667975f,-0.5862914463668563f,-0.809572645446568f,0f,0f,0f,1f],start_interpolation:0}
execute if entity @s[tag=aj.louvert.bone.left_arm_1] run data modify entity @s {} merge value {transformation:[-0.7696504340287885f,0.6166362401415706f,-0.1655232815750245f,0.42244408261285926f,0.43015917708657325f,0.692393535003403f,0.5792704679626723f,1.8783131719905501f,0.47180641344464547f,0.3746344084965486f,-0.798152722355153f,-0.6344690712125497f,0f,0f,0f,1f],start_interpolation:0}
execute if entity @s[tag=aj.louvert.bone.left_arm_0] run data modify entity @s {} merge value {transformation:[-0.5871043933283701f,0.6156695152843351f,-0.5256039186346296f,0.26313394270080476f,0.054104796950400935f,0.6776774059754975f,0.7333662143685626f,1.8794135918196344f,0.8077011218770733f,0.40212483308031677f,-0.43117805642059875f,-0.3924132244779231f,0f,0f,0f,1f],start_interpolation:0}
execute if entity @s[tag=aj.louvert.bone.wing_0] run data modify entity @s {} merge value {transformation:[-0.8650844048883759f,-0.00010005453085155033f,0.5016263174994066f,-0.03439403478427506f,0.2756038991122867f,0.8354510323845367f,0.4754619472489008f,1.914066630931377f,-0.41913179694820235f,0.5495648846830581f,-0.7227080837449296f,-0.9465892550280031f,0f,0f,0f,1f],start_interpolation:0}
execute if entity @s[tag=aj.louvert.bone.wing_1] run data modify entity @s {} merge value {transformation:[-0.794315541540537f,-0.00010005453085155033f,-0.6075053995284768f,-0.01847499546080315f,-0.33393003554038087f,0.8354510323845367f,0.4364771515802539f,1.7769555595406465f,0.5074973416986176f,0.5495648846830581f,-0.6636451504321672f,-0.7381494836572211f,0f,0f,0f,1f],start_interpolation:0}
execute if entity @s[tag=aj.louvert.bone.body_0] run data modify entity @s {} merge value {transformation:[-0.9979706092773348f,-0.00010005453085155033f,-0.06367615729388763f,-0.006078749999999948f,-0.035077601414416855f,0.8354510323845367f,0.5484442855629215f,1.8060762805934751f,0.053143437013768356f,0.5495648846830581f,-0.8337590854831274f,-0.42246941808460275f,0f,0f,0f,1f],start_interpolation:0}