execute if entity @s[tag=aj.louvert.bone.head] run data modify entity @s {} merge value {transformation:[-0.9725721737911176f,-0.16209205227400642f,0.16682186114781564f,-0.01973801933076855f,-0.00966358716214271f,0.7447393858649372f,0.6672854428388768f,1.7964629628708233f,-0.23240047730239274f,0.6473711560852221f,-0.7258791940939643f,0.13873907223437815f,0f,0f,0f,1f],start_interpolation:0}
execute if entity @s[tag=aj.louvert.bone.coat_0] run data modify entity @s {} merge value {transformation:[-0.9107166257303715f,0.3533205023771698f,0.21391552121861362f,-0.1850330437851364f,0.39996961116051866f,0.6251987629839733f,0.6701871506612265f,1.2098411490515653f,0.10305114150939929f,0.6959102883010526f,-0.7106963717864019f,-0.33637329272049366f,0f,0f,0f,1f],start_interpolation:0}
execute if entity @s[tag=aj.louvert.bone.coat_1] run data modify entity @s {} merge value {transformation:[-0.9264000980226541f,-0.3098757947394183f,0.21391552121861362f,0.3019428165146983f,-0.09160765669063257f,0.7365169518240826f,0.6701871506612265f,1.16469015334006f,-0.36522718357108686f,0.6012651424374907f,-0.7106963717864019f,-0.2323737779548197f,0f,0f,0f,1f],start_interpolation:0}
execute if entity @s[tag=aj.louvert.bone.coat_2] run data modify entity @s {} merge value {transformation:[-0.9739517205996693f,-0.15501368335791887f,0.16549563109869378f,0.08519432651710764f,0.09030199142301079f,0.40432324768163397f,0.9101473846192246f,1.2710390450284659f,-0.20799902953134797f,0.9013841963092024f,-0.3797932784529374f,-0.3732105818109569f,0f,0f,0f,1f],start_interpolation:0}
execute if entity @s[tag=aj.louvert.bone.right_leg_1] run data modify entity @s {} merge value {transformation:[-0.9535536197353178f,0.01175594075973177f,0.3009938407119434f,-0.1644918226919289f,0.16131431792144246f,0.8638019914030971f,0.4773089256253058f,0.95473663097885f,-0.254387863553301f,0.5036942698749884f,-0.8255779172021799f,-0.08563349821718286f,0f,0f,0f,1f],start_interpolation:0}
execute if entity @s[tag=aj.louvert.bone.right_leg_0] run data modify entity @s {} merge value {transformation:[-0.9535536197353178f,0.27913524281859503f,0.11322106918006503f,-0.06328907871017773f,0.16131431792144246f,0.7906406021582982f,-0.590648058535964f,1.1985534001236888f,-0.254387863553301f,-0.5449504146574875f,-0.7989467194008744f,-0.3103734140290752f,0f,0f,0f,1f],start_interpolation:0}
execute if entity @s[tag=aj.louvert.bone.left_leg_1] run data modify entity @s {} merge value {transformation:[-0.9888895063957843f,-0.12441621131856806f,0.08135201596417736f,0.18168382388145052f,0.031547706186913736f,0.35914698006514195f,0.9327476555555813f,0.8414089803300855f,-0.1452662602762476f,0.9249508381915343f,-0.35123163376058764f,-0.34114136671599765f,0f,0f,0f,1f],start_interpolation:0}
execute if entity @s[tag=aj.louvert.bone.left_leg_0] run data modify entity @s {} merge value {transformation:[-0.9888895063957843f,-0.01507526809699701f,0.14788603866527095f,0.18019885143973957f,0.031547706186913736f,0.950899591512441f,0.30788749421796524f,1.1759779022679362f,-0.1452662602762476f,0.3091321774795968f,-0.9398590375540773f,-0.2583736566462382f,0f,0f,0f,1f],start_interpolation:0}
execute if entity @s[tag=aj.louvert.bone.body_1] run data modify entity @s {} merge value {transformation:[-0.9739517205996693f,-0.0752209792724938f,0.21391552121861362f,0.03494833034212662f,0.09030199142301079f,0.7366781749404725f,0.6701871506612265f,1.4174775808647102f,-0.20799902953134797f,0.6720469260726232f,-0.7106963717864019f,-0.07435887093996196f,0f,0f,0f,1f],start_interpolation:0}
execute if entity @s[tag=aj.louvert.locator_origin.locator] at @s on origin run tp @s ^-1.15087 ^1.02584 ^-0.0964 ~68.28579 ~33.16239
execute if entity @s[tag=aj.louvert.bone.sword_0] run data modify entity @s {} merge value {transformation:[-0.6262064063471962f,0.05489951471460022f,0.7777220454210048f,-0.46690806675798213f,0.7172164381256442f,0.43171346469677524f,0.5470137706510412f,1.5171429039358446f,-0.30572228824881903f,0.9003385628104618f,-0.309716571697897f,-0.3447662055850054f,0f,0f,0f,1f],start_interpolation:0}
execute if entity @s[tag=aj.louvert.bone.right_arm_1] run data modify entity @s {} merge value {transformation:[-0.5970075433931518f,-0.7936620987910679f,0.11697207390754122f,-0.23506739825518896f,-0.7232027132382248f,0.5955484639782733f,0.349713972580435f,1.7812293811671362f,-0.3472172643987393f,0.1241873584374695f,-0.9295255086912784f,-0.21343254262820363f,0f,0f,0f,1f],start_interpolation:0}
execute if entity @s[tag=aj.louvert.bone.right_arm_0] run data modify entity @s {} merge value {transformation:[-0.19720298415929438f,-0.7936620987910679f,0.5755097357831807f,-0.21197648159819132f,-0.05874017230608114f,0.5955484639782733f,0.8011689080403527f,1.7526843035509518f,-0.9786013361916697f,0.1241873584374695f,-0.1640637827437929f,0.07102767095504178f,0f,0f,0f,1f],start_interpolation:0}
execute if entity @s[tag=aj.louvert.locator_origin.locator2] at @s on origin run tp @s ^0.32557 ^1.46684 ^1.03126 ~16.33248 ~49.52306
execute if entity @s[tag=aj.louvert.bone.sword_1] run data modify entity @s {} merge value {transformation:[-0.9826341101405399f,0.03327567634121781f,0.18254570647469043f,0.4866378744056552f,0.16259220174060843f,0.6284496669647012f,0.7606673333495382f,2.1507694883654875f,-0.08940906845197882f,0.7771381765529156f,-0.6229464447467042f,0.5047965194791375f,0f,0f,0f,1f],start_interpolation:0}
execute if entity @s[tag=aj.louvert.bone.left_arm_1] run data modify entity @s {} merge value {transformation:[-0.24516785738737612f,-0.9521395836492355f,0.18254570647469043f,0.40414282943651525f,-0.5783615071594062f,0.2947595206455641f,0.7606673333495382f,1.928832387112793f,-0.7780685630073891f,0.08091377037969474f,-0.6229464447467042f,0.21380032586657985f,0f,0f,0f,1f],start_interpolation:0}
execute if entity @s[tag=aj.louvert.bone.left_arm_0] run data modify entity @s {} merge value {transformation:[-0.5365016764187578f,-0.8271905762919828f,0.16709788057782188f,0.2396501502545234f,-0.7283733786869776f,0.5538873123659918f,0.40333741014204844f,1.694687550701455f,-0.42619030071082004f,0.09468154885570779f,-0.8996650665032544f,0.1464488722709967f,0f,0f,0f,1f],start_interpolation:0}
execute if entity @s[tag=aj.louvert.bone.wing_0] run data modify entity @s {} merge value {transformation:[-0.44745645003653733f,-0.11339222472315753f,0.887087892315656f,0.12078558504809196f,0.34725176845120365f,0.8920691877879735f,0.28918639924245565f,1.7157119325912116f,-0.8241352647643536f,0.4374411589821404f,-0.359786461390851f,-0.4459800485588063f,0f,0f,0f,1f],start_interpolation:0}
execute if entity @s[tag=aj.louvert.bone.wing_1] run data modify entity @s {} merge value {transformation:[-0.7650637187110935f,-0.11339222472315753f,-0.63389250641121f,0.07001307148295441f,-0.3592995060405636f,0.8920691877879735f,0.27407376590675797f,1.6027630560799595f,0.5343981392847097f,0.4374411589821404f,-0.7232315404885228f,-0.22880568736226953f,0f,0f,0f,1f],start_interpolation:0}
execute if entity @s[tag=aj.louvert.bone.body_0] run data modify entity @s {} merge value {transformation:[-0.9725721737911176f,-0.11339222472315753f,0.20309005426055024f,-0.006078750000000009f,-0.00966358716214271f,0.8920691877879735f,0.4517955060450082f,1.6671404267188437f,-0.23240047730239274f,0.4374411589821404f,-0.8686974447861475f,0.07239387430594363f,0f,0f,0f,1f],start_interpolation:0}