execute if entity @s[tag=aj.louvert.bone.head] run data modify entity @s {} merge value {transformation:[-0.9984270663680779f,0.003925412880972817f,0.055928385256037966f,-0.0024662177249535765f,0.037073237892670495f,0.7945543183398573f,0.6060602364778919f,1.7876602286824665f,-0.042059103364044434f,0.607180390280515f,-0.7934500648957149f,-0.27763877311383744f,0f,0f,0f,1f],start_interpolation:0}
execute if entity @s[tag=aj.louvert.bone.coat_0] run data modify entity @s {} merge value {transformation:[-0.8182069219602616f,0.5714416349329609f,0.0631814112018645f,-0.2567288909246688f,0.5312890248210933f,0.7095324172956846f,0.462920858150931f,1.1254197723121915f,0.21970299260812565f,0.4123326408031352f,-0.88414500415223f,-0.7989803975399083f,0f,0f,0f,1f],start_interpolation:0}
execute if entity @s[tag=aj.louvert.bone.coat_1] run data modify entity @s {} merge value {transformation:[-0.8374758592708265f,-0.5428096299966791f,0.0631814112018645f,0.24227067577847444f,-0.45725323938363555f,0.7593574613855963f,0.462920858150931f,1.109694036113578f,-0.29925517574765936f,0.3587951385134572f,-0.88414500415223f,-0.771555342369737f,0f,0f,0f,1f],start_interpolation:0}
execute if entity @s[tag=aj.louvert.bone.coat_2] run data modify entity @s {} merge value {transformation:[-0.9979991334062864f,-0.046692073436491406f,0.04263308572579013f,0.0006685688271359002f,0.031451472397226676f,0.21833225354375668f,0.9753675368529298f,1.175422011481751f,-0.05485011034034268f,0.9747568298507614f,-0.21642686537245376f,-0.8957859954738514f,0f,0f,0f,1f],start_interpolation:0}
execute if entity @s[tag=aj.louvert.bone.right_leg_1] run data modify entity @s {} merge value {transformation:[-0.9879451391886742f,-0.046229169304146084f,0.14774053559846045f,-0.1846829875121784f,0.09163591066858129f,0.5945581168528259f,0.7988138115733612f,0.8686872673589183f,-0.12476883356596372f,0.8027225607829085f,-0.583154549481284f,-0.560471790415541f,0f,0f,0f,1f],start_interpolation:0}
execute if entity @s[tag=aj.louvert.bone.right_leg_0] run data modify entity @s {} merge value {transformation:[-0.9879451391886742f,0.14140402593393833f,0.06300240791545554f,-0.13197899924888296f,0.09163591066858129f,0.8622047221026921f,-0.49820264658044455f,1.121488338262538f,-0.12476883356596372f,-0.4864235999964372f,-0.8647686508755363f,-0.7921241337473656f,0f,0f,0f,1f],start_interpolation:0}
execute if entity @s[tag=aj.louvert.bone.left_leg_1] run data modify entity @s {} merge value {transformation:[-0.999469343726522f,0.025898878457266412f,-0.019755481404691598f,0.1130340379006925f,-0.001755014186283918f,0.562793296530248f,0.8265958052795951f,0.7434431768806873f,0.03252615679851087f,0.8261918381800151f,-0.5624491938376717f,-0.9362550455210172f,0f,0f,0f,1f],start_interpolation:0}
execute if entity @s[tag=aj.louvert.bone.left_leg_0] run data modify entity @s {} merge value {transformation:[-0.999469343726522f,0.011003838895343156f,-0.03065854661331334f,0.11752078410268864f,-0.001755014186283918f,0.9216536503150544f,0.38800962460503646f,1.1136254701632313f,0.03252615679851087f,0.3878575310478072f,-0.921145257130176f,-0.7784116061622799f,0f,0f,0f,1f],start_interpolation:0}
execute if entity @s[tag=aj.louvert.bone.body_1] run data modify entity @s {} merge value {transformation:[-0.9979991334062864f,0.002416402044815049f,0.0631814112018645f,-0.00647398193409246f,0.031451472397226676f,0.8858414553253038f,0.462920858150931f,1.394382359002042f,-0.05485011034034268f,0.46398176368075683f,-0.88414500415223f,-0.6402735688045862f,0f,0f,0f,1f],start_interpolation:0}
execute if entity @s[tag=aj.louvert.locator_origin.locator] at @s on origin run tp @s ^-1.21967 ^1.1605 ^-0.39132 ~63.42464 ~32.32058
execute if entity @s[tag=aj.louvert.bone.sword_0] run data modify entity @s {} merge value {transformation:[-0.5736944871160019f,0.3156945249158934f,0.7557854208641732f,-0.5481706731610979f,0.8189908239453376f,0.20831953637144568f,0.5346559651395684f,1.6351449427250615f,0.011343092437461955f,0.9257105042636786f,-0.3780626886507592f,-0.6989990073731258f,0f,0f,0f,1f],start_interpolation:0}
execute if entity @s[tag=aj.louvert.bone.right_arm_1] run data modify entity @s {} merge value {transformation:[-0.6876925298122185f,-0.7177781659701862f,-0.10896553995161257f,-0.2825251819207638f,-0.6506137814031928f,0.5427016839811827f,0.5312029646493206f,1.8720884034258787f,-0.32215010769625596f,0.4361987925940011f,-0.840208260760882f,-0.5805483278955132f,0f,0f,0f,1f],start_interpolation:0}
execute if entity @s[tag=aj.louvert.bone.right_arm_0] run data modify entity @s {} merge value {transformation:[-0.40099323443812074f,-0.7177781659701862f,0.5692090392740877f,-0.20461498220447277f,0.1899477471244463f,0.5427016839811827f,0.8181654695514449f,1.770078291688723f,-0.8961720143461308f,0.4361987925940011f,-0.08127935803347552f,-0.3254277233110527f,0f,0f,0f,1f],start_interpolation:0}
execute if entity @s[tag=aj.louvert.locator_origin.locator2] at @s on origin run tp @s ^0.71021 ^0.87547 ^-0.25386 ~25.9673 ~67.75982
execute if entity @s[tag=aj.louvert.bone.sword_1] run data modify entity @s {} merge value {transformation:[-0.9033394702109723f,0.39561730001889467f,0.16572493320173676f,0.8659490952869915f,0.2809038615576812f,0.2536685264087814f,0.9256053690810035f,1.6943959980787597f,0.32414629740434076f,0.8826886374228216f,-0.34027921952963774f,-0.5295003033529071f,0f,0f,0f,1f],start_interpolation:0}
execute if entity @s[tag=aj.louvert.bone.left_arm_1] run data modify entity @s {} merge value {transformation:[-0.9623593296554029f,0.27040588429501494f,0.027297955305016386f,0.5021764682579022f,0.18592195348591672f,0.5817486957524156f,0.7918342517233922f,1.7559944938615806f,0.19823609115694432f,0.767104368863191f,-0.6101256751144154f,-0.46156360343632863f,0f,0f,0f,1f],start_interpolation:0}
execute if entity @s[tag=aj.louvert.bone.left_arm_0] run data modify entity @s {} merge value {transformation:[-0.86026351420291f,0.29977394474431196f,-0.4124103153216393f,0.26092860714195687f,-0.12476002177550408f,0.660524780429665f,0.7403660928249747f,1.7118854301777593f,0.4943496971758307f,0.6883622567302606f,-0.5308255649564999f,-0.3141776135732546f,0f,0f,0f,1f],start_interpolation:0}
execute if entity @s[tag=aj.louvert.bone.wing_0] run data modify entity @s {} merge value {transformation:[-0.7383622677277609f,0.003120028230306708f,0.6743970840830795f,0.04893008692154997f,0.47895435994067f,0.7064297161636007f,0.5211139771823798f,1.8966453364189357f,-0.4747882503703535f,0.7077763216898801f,-0.5230953983408781f,-0.8723191315084577f,0f,0f,0f,1f],start_interpolation:0}
execute if entity @s[tag=aj.louvert.bone.wing_1] run data modify entity @s {} merge value {transformation:[-0.8628590310465228f,0.003120028230306708f,-0.5054350185387808f,0.022695679746214233f,-0.3558365912928488f,0.7064297161636007f,0.6118311665959006f,1.7207351750850821f,0.35896324719745604f,0.7077763216898801f,-0.608439040181185f,-0.6966280076015958f,0f,0f,0f,1f],start_interpolation:0}
execute if entity @s[tag=aj.louvert.bone.body_0] run data modify entity @s {} merge value {transformation:[-0.9944739109229468f,0.003120028230306708f,0.10493762870134296f,-0.006078749999999953f,0.0764650139147098f,0.7064297161636007f,0.703640645335414f,1.6862193532795602f,-0.0719356805809333f,0.7077763216898801f,-0.702764495627448f,-0.38256387826816896f,0f,0f,0f,1f],start_interpolation:0}