# This file was generated by Animated Java via MC-Build. It is not recommended to edit this file directly.
$data merge entity $(bone_head) { transformation: [-0.9737851584000471f,0.035874531812331405f,-0.22462298022918623f,0f,3.469446951953614e-18f,0.9874852710439249f,0.1577112534707212f,1.6885023441087994f,0.22746970189411014f,0.15357687794245625f,-0.9615985010812218f,0f,0f,0f,0f,1f], start_interpolation: 0, interpolation_duration: 1 }
$data merge entity $(bone_bust) { transformation: [-0.9961946980917455f,0.043577871373829145f,0.07547908730517344f,-0.006264319009987973f,0f,0.8660254037844387f,-0.49999999999999994f,1.5791273441087994f,-0.0871557427476583f,-0.4980973490458727f,-0.862729915662821f,0.0716014939253442f,0f,0f,0f,1f], start_interpolation: 0, interpolation_duration: 1 }
$data merge entity $(bone_left_wing) { transformation: [-0.9537169507482269f,0f,-0.30070579950427295f,0.07315663647419135f,0f,1f,0f,1.4697523441087994f,0.30070579950427295f,0f,-0.9537169507482269f,-0.11907710333973953f,0f,0f,0f,1f], start_interpolation: 0, interpolation_duration: 1 }
$data merge entity $(bone_right_wing) { transformation: [-0.8870108331782217f,0f,0.46174861323503397f,-0.051367700787276815f,0f,1f,0f,1.4697523441087994f,-0.46174861323503397f,0f,-0.8870108331782217f,-0.1299715711831968f,0f,0f,0f,1f], start_interpolation: 0, interpolation_duration: 1 }
$data merge entity $(bone_body) { transformation: [-0.9961946980917455f,0f,0.0871557427476583f,0.4545194776720436f,0f,1f,0f,0.4072523441087994f,-0.0871557427476583f,0f,-0.9961946980917455f,0.541675220419702f,0f,0f,0f,1f], start_interpolation: 0, interpolation_duration: 1 }
$data merge entity $(bone_right_ring) { transformation: [0.34667448310548143f,0.6138297692214669f,0.7092459497107247f,-0.6334764313908149f,-0.11327362880910843f,0.7780007846575807f,-0.6179675267266114f,1.2171817258544047f,-0.9311207697071114f,0.1338947104620247f,0.33924374530759893f,-0.171145233465557f,0f,0f,0f,1f], start_interpolation: 0, interpolation_duration: 1 }
$data merge entity $(bone_sword) { transformation: [-0.7875622515334488f,0.47250560498256117f,0.39558077963878435f,-0.7932129210440901f,0.5918123912636389f,0.4010107642230326f,0.6992484969766277f,1.0687832839881064f,0.17176668334219605f,0.7848113277962566f,-0.5954556123308425f,-0.2103169317936106f,0f,0f,0f,1f], start_interpolation: 0, interpolation_duration: 1 }
$data merge entity $(bone_right_hand) { transformation: [-0.7875622515334488f,0.6138297692214669f,-0.054394065642175415f,-0.5426649736039146f,0.5918123912636389f,0.7780007846575807f,0.21088592323576835f,1.3585149037605049f,0.17176668334219605f,0.1338947104620247f,-0.9759961132114782f,-0.24172382056944172f,0f,0f,0f,1f], start_interpolation: 0, interpolation_duration: 1 }
$data merge entity $(bone_right_arm) { transformation: [-0.7875622515334488f,0.6086885433237555f,0.09614550008174734f,-0.3424419274690375f,0.5918123912636389f,0.7035984905239138f,0.3933284348725422f,1.5635023441087994f,0.17176668334219605f,0.3666707260729642f,-0.9143570337317624f,-0.02995978656950754f,0f,0f,0f,1f], start_interpolation: 0, interpolation_duration: 1 }
$data merge entity $(bone_left_ring) { transformation: [0.5541682179753589f,-0.596929382021019f,0.5801490317720263f,0.6473890612951253f,0.3069281940698168f,0.7943790048458724f,0.5241727581104557f,1.2234933027919412f,-0.773752331092486f,-0.11241578866015928f,0.6234340547233992f,-0.049773499872434485f,0f,0f,0f,1f], start_interpolation: 0, interpolation_duration: 1 }
$data merge entity $(bone_left_hand) { transformation: [-0.7795079084831994f,-0.596929382021019f,0.18984923885060065f,0.5719172114965849f,-0.6074110215303187f,0.7943790048458724f,0.0037212341469144428f,1.3479638880003821f,-0.15303356342855967f,-0.11241578866015928f,-0.9818062023252203f,-0.15938279831857377f,0f,0f,0f,1f], start_interpolation: 0, interpolation_duration: 1 }
$data merge entity $(bone_left_arm) { transformation: [-0.7795079084831994f,-0.6244034460642799f,-0.04987742129661467f,0.3424419274690375f,-0.6074110215303187f,0.7340331213804526f,0.3037222870320263f,1.5947523441087994f,-0.15303356342855967f,0.26705002014514356f,-0.9514541582256265f,0.02995978656950754f,0f,0f,0f,1f], start_interpolation: 0, interpolation_duration: 1 }
$data merge entity $(bone_leftfoot) { transformation: [-0.9961946980917455f,-0.010017432720505176f,0.08657814121119801f,0.10843300889062626f,0f,0.9933727656003964f,0.1149371504928667f,0.5215035686472429f,-0.0871557427476583f,0.11449977993476684f,-0.9895926823198492f,0.19481919274308787f,0f,0f,0f,1f], start_interpolation: 0, interpolation_duration: 1 }
$data merge entity $(bone_leftleg) { transformation: [-0.9961946980917455f,0.00965468822855452f,0.08661934246521041f,0.12643086913407323f,0f,0.9938454969742966f,-0.11077512421077867f,0.9072523441087994f,-0.0871557427476583f,-0.11035359141923227f,-0.9900636148081502f,-0.010897291177299644f,0f,0f,0f,1f], start_interpolation: 0, interpolation_duration: 1 }
$data merge entity $(bone_rightfoot) { transformation: [-0.9961536960603019f,-0.010738447376052805f,0.08696263320157398f,-0.15208245814441107f,0.009072795106844238f,0.9744867625736267f,0.22426153026705603f,0.5941252302059691f,-0.08715215553472545f,0.2241879464126565f,-0.9706411625667474f,0.27149884390172413f,0f,0f,0f,1f], start_interpolation: 0, interpolation_duration: 1 }
$data merge entity $(bone_rightleg) { transformation: [-0.9961536960603019f,0.041703331800522714f,0.07706261053283403f,-0.12261780538886317f,0.009072795106844238f,0.9238415068746169f,-0.38266768163066306f,0.9072523441087994f,-0.08715215553472545f,-0.38049665214344897f,-0.9206664974317672f,-0.03268622686421422f,0f,0f,0f,1f], start_interpolation: 0, interpolation_duration: 1 }
$data merge entity $(bone_skirt_right_back) { transformation: [-0.9597431053212527f,0.26719071632338953f,0.08661577742485935f,-0.21245480411643247f,0.2572155557072216f,0.9599415223964135f,-0.11114149306843607f,0.9157539332263325f,-0.11284205639097486f,-0.08438835636419312f,-0.9900228662104761f,-0.2104058284367503f,0f,0f,0f,1f], start_interpolation: 0, interpolation_duration: 1 }
$data merge entity $(bone_skirt_right) { transformation: [-0.9597431053212527f,0.2769230058401584f,0.04697680943583127f,-0.27296669167655907f,0.2572155557072216f,0.9336981696252018f,-0.24909413068310723f,0.9354935079952319f,-0.11284205639097486f,-0.2269832083547137f,-0.9673392855841516f,0.07231848189374399f,0f,0f,0f,1f], start_interpolation: 0, interpolation_duration: 1 }
$data merge entity $(bone_skirt_left_back) { transformation: [-0.9935296421942782f,-0.08321288714981513f,0.07729466665625656f,0.1827211301897512f,-0.08291469989101061f,0.996531606732393f,0.0070646532355625735f,0.9635401099375508f,-0.07761444854724754f,0.0006100783123759029f,-0.996983262237215f,-0.17504690189660338f,0f,0f,0f,1f], start_interpolation: 0, interpolation_duration: 1 }
$data merge entity $(bone_skirt_left) { transformation: [-0.9935296421942782f,-0.07346126314185536f,0.08661577742485933f,0.19399957305394666f,-0.08291469989101061f,0.9903396998305695f,-0.11114149306843611f,0.9354935079952319f,-0.07761444854724754f,-0.11760408903222996f,-0.990022866210476f,0.11317273630670881f,0f,0f,0f,1f], start_interpolation: 0, interpolation_duration: 1 }
$data merge entity $(bone_skirt_back_middle) { transformation: [-0.9961946980917455f,0.0021006964521284067f,0.0871304227483834f,0.011200140026902778f,0f,0.9997094855889392f,-0.024102788707917336f,0.9732940934317365f,-0.0871557427476583f,-0.02401107032005284f,-0.9959052891757275f,-0.12801818630574946f,0f,0f,0f,1f], start_interpolation: 0, interpolation_duration: 1 }
$data merge entity $(bone_skirt_front_middle) { transformation: [-0.9961946980917455f,0.017198821282387325f,0.08544193373509576f,-0.01586729041836576f,0f,0.9803362468320127f,-0.19733434355763574f,1.0080258100156227f,-0.0871557427476583f,-0.19658342680353175f,-0.9766057714412119f,0.1813639593850243f,0f,0f,0f,1f], start_interpolation: 0, interpolation_duration: 1 }
$data merge entity $(bone_lower) { transformation: [-0.9961946980917455f,0f,0.0871557427476583f,0f,0f,1f,0f,1.0010023441087994f,-0.0871557427476583f,0f,-0.9961946980917455f,0f,0f,0f,0f,1f], start_interpolation: 0, interpolation_duration: 1 }
data modify entity @s data merge value {"locators":{"locator_right_hand":{"posx":-0.8307273743447727,"posy":1.0168631423964487,"posz":-0.20343541192855782,"roty":356.81010032618155,"rotx":12.174274652411082},"locator_left_hand":{"posx":0.8396350721286369,"posy":1.019055802101862,"posz":-0.0133742604546222,"roty":10.944062793816556,"rotx":0.2132115032774446}},"cameras":{}}