# This file was generated by Animated Java via MC-Build. It is not recommended to edit this file directly.
$data merge entity $(bone_head) { transformation: [-0.9838225642458326f,0.03110831477100108f,-0.1764240199997234f,0f,0f,0.984807753012208f,0.17364817766693036f,1.598352242729364f,0.17914564488358203f,0.17083899542889536f,-0.9688760888576471f,0f,0f,0f,0f,1f], start_interpolation: 0, interpolation_duration: 1 }
$data merge entity $(bone_bust) { transformation: [-0.8061348847280658f,-0.2958659103481119f,-0.5124547889505484f,0.04253072461254104f,0f,0.8660254037844387f,-0.49999999999999994f,1.488977242729364f,0.5917318206962239f,-0.40306744236403286f,-0.6981332890513452f,0.057940944839829756f,0f,0f,0f,1f], start_interpolation: 0, interpolation_duration: 1 }
$data merge entity $(bone_left_wing) { transformation: [-0.5183255562599307f,0f,-0.8551833825138521f,-0.02358304729152394f,0f,1f,0f,1.379602242729364f,0.8551833825138521f,0f,-0.5183255562599307f,-0.13775009938452226f,0f,0f,0f,1f], start_interpolation: 0, interpolation_duration: 1 }
$data merge entity $(bone_right_wing) { transformation: [-0.9712174846272803f,0f,-0.23819445323990773f,-0.12434990788253208f,0f,1f,0f,1.379602242729364f,0.23819445323990773f,0f,-0.9712174846272803f,-0.06378362179749425f,0f,0f,0f,1f], start_interpolation: 0, interpolation_duration: 1 }
$data merge entity $(bone_body) { transformation: [-0.8061348847280658f,0f,-0.5917318206962239f,0.6989333527121449f,0f,1f,0f,0.31710224272936394f,0.5917318206962239f,0f,-0.8061348847280658f,0.10720153201592098f,0f,0f,0f,1f], start_interpolation: 0, interpolation_duration: 1 }
$data merge entity $(bone_right_ring) { transformation: [-0.08933129090503822f,0.08559996015806459f,-0.9923167676131331f,-0.41468904112900895f,0.2373550571404419f,0.9694258752767659f,0.062257924746444246f,1.040911047226473f,0.9673068268729921f,-0.22996982229156526f,-0.10691764830975697f,0.2276900303433853f,0f,0f,0f,1f], start_interpolation: 0, interpolation_duration: 1 }
$data merge entity $(bone_sword) { transformation: [-0.000006016050025590383f,8.55999601580646e-7f,-0.000007941939736090152f,-0.4646234695811964f,0.0000023428017799537337f,0.00000969425875276766f,-7.298130269002152e-7f,0.8350300597175044f,0.000007636649914029028f,-0.0000022996982229156527f,-0.000006032658300789049f,0.29243443135602304f,0f,0f,0f,1f], start_interpolation: 0, interpolation_duration: 1 }
$data merge entity $(bone_right_hand) { transformation: [-0.6016050025590383f,0.08559996015806459f,-0.7941939736090151f,-0.4757697323801565f,0.23428017799537335f,0.9694258752767659f,-0.07298130269002151f,1.1855418431112783f,0.7636649914029028f,-0.22996982229156526f,-0.6032658300789049f,0.1352010740404309f,0f,0f,0f,1f], start_interpolation: 0, interpolation_duration: 1 }
$data merge entity $(bone_right_arm) { transformation: [-0.6016050025590383f,0.387405736699458f,-0.6985615334874156f,-0.2771088666252726f,0.23428017799537335f,0.9216359354022939f,0.3093541672154988f,1.473352242729364f,0.7636649914029028f,0.022449894153176636f,-0.6452222742265765f,0.20340781336432695f,0f,0f,0f,1f], start_interpolation: 0, interpolation_duration: 1 }
$data merge entity $(bone_left_ring) { transformation: [-0.5957294997780823f,-0.24042628561845303f,-0.7663560297132592f,0.3445747546569061f,-0.16629894975781637f,0.9703926533510945f,-0.17516494407177988f,1.0423243834117624f,0.785780517958802f,0.02309327837134767f,-0.6180741687616951f,-0.34099764544478994f,0f,0f,0f,1f], start_interpolation: 0, interpolation_duration: 1 }
$data merge entity $(bone_left_hand) { transformation: [-0.9113140915173537f,-0.24042628561845303f,-0.3342182337719091f,0.27567518811290637f,-0.2338527860168975f,0.9703926533510945f,-0.06042328023500271f,1.1882835529758393f,0.3388502635000239f,0.02309327837134767f,-0.9405568560273365f,-0.42556652595182964f,0f,0f,0f,1f], start_interpolation: 0, interpolation_duration: 1 }
$data merge entity $(bone_left_arm) { transformation: [-0.9113140915173537f,-0.09625248075294987f,-0.40030249381037275f,0.2771088666252726f,-0.2338527860168975f,0.9212341500800834f,0.31087057628273784f,1.504602242729364f,0.3388502635000239f,0.3769125902316469f,-0.8620425733401077f,-0.20340781336432695f,0f,0f,0f,1f], start_interpolation: 0, interpolation_duration: 1 }
$data merge entity $(bone_leftfoot) { transformation: [-0.8061348847280658f,0.23215835633453208f,-0.5442876493257185f,0.18297135955917343f,0f,0.9198214973217376f,0.39233711660356146f,0.41017513033021114f,0.5917318206962239f,0.31627663626775376f,-0.7415001967138558f,0.038023298832060515f,0f,0f,0f,1f], start_interpolation: 0, interpolation_duration: 1 }
$data merge entity $(bone_leftleg) { transformation: [-0.8061348847280658f,0.002478633206043365f,-0.591726629451386f,0.08782272701327833f,0f,0.9999912270311376f,0.004188777955403916f,0.8171022427293639f,0.5917318206962239f,0.0033767200342309993f,-0.8061278125318232f,-0.09160067819045442f,0f,0f,0f,1f], start_interpolation: 0, interpolation_duration: 1 }
$data merge entity $(bone_rightfoot) { transformation: [-0.8061348847280658f,0.22987641950960666f,-0.5452553341122959f,0.06711962793587274f,0f,0.9214568408214985f,0.388480746631366f,0.5039622404059807f,0.5917318206962239f,0.3131678819047492f,-0.7428185041575264f,0.3026835253144574f,0f,0f,0f,1f], start_interpolation: 0, interpolation_duration: 1 }
$data merge entity $(bone_rightleg) { transformation: [-0.8061348847280658f,-0.2264459641836748f,-0.5466889178768799f,-0.11371099416873813f,0f,0.9238795325112867f,-0.3826834323650897f,0.8171022427293639f,0.5917318206962239f,-0.30849446463697217f,-0.7447715204436055f,0.05633227698360155f,0f,0f,0f,1f], start_interpolation: 0, interpolation_duration: 1 }
$data merge entity $(bone_skirt_right_back) { transformation: [-0.8061127644169186f,-0.060837555661617304f,-0.5886263694953134f,-0.30306212741360355f,-0.012565843898728208f,0.9962367947554197f,-0.08575749729650989f,0.8200550735052997f,0.5916285241697076f,-0.06173362614141284f,-0.8038436718617658f,-0.017360737247193614f,0f,0f,0f,1f], start_interpolation: 0, interpolation_duration: 1 }
$data merge entity $(bone_skirt_right) { transformation: [-0.8061127644169186f,-0.188756410232672f,-0.5608504512258048f,-0.15871668625483268f,-0.012565843898728208f,0.9530099469583738f,-0.30267827897870464f,0.8452275351613268f,0.5916285241697076f,-0.2369452649758442f,-0.7706053664453038f,0.2326694925068417f,0f,0f,0f,1f], start_interpolation: 0, interpolation_duration: 1 }
$data merge entity $(bone_skirt_left_back) { transformation: [-0.8061139693044653f,0.11095519925082796f,-0.5812651823835732f,0.027963595956770865f,0.0041887126256674135f,0.9833098245928007f,0.18189074617971873f,0.9094276975162126f,0.5917454885157459f,0.14418991857437316f,-0.7931245452025658f,-0.2528081765119289f,0f,0f,0f,1f], start_interpolation: 0, interpolation_duration: 1 }
$data merge entity $(bone_skirt_left) { transformation: [-0.8061139693044653f,0.0066815277989304206f,-0.5917225918270077f,0.21915904096144817f,0.0041887126256674135f,0.9999756307966123f,0.00558502457082833f,0.8452275351613268f,0.5917454885157459f,0.0020236104341749615f,-0.806122311949044f,-0.04470479844451322f,0f,0f,0f,1f], start_interpolation: 0, interpolation_duration: 1 }
$data merge entity $(bone_skirt_back_middle) { transformation: [-0.8061348847280658f,0.0548642828475602f,-0.589182873216874f,-0.07381987216372754f,0f,0.995692394104561f,0.09271815530050016f,0.9089482845129859f,0.5917318206962239f,0.07474333943536761f,-0.8026623733460921f,-0.10056713540828313f,0f,0f,0f,1f], start_interpolation: 0, interpolation_duration: 1 }
$data merge entity $(bone_skirt_front_middle) { transformation: [-0.8061348847280658f,-0.048279761134944255f,-0.5897589442214681f,0.11109343778221237f,0f,0.99666592803403f,-0.08159061156815754f,0.9072029643346021f,0.5917318206962239f,-0.06577303825138907f,-0.8034471730081035f,0.15134608707579314f,0f,0f,0f,1f], start_interpolation: 0, interpolation_duration: 1 }
$data merge entity $(bone_lower) { transformation: [-0.8061348847280658f,0f,-0.5917318206962239f,0f,0f,1f,0f,0.9108522427293639f,0.5917318206962239f,0f,-0.8061348847280658f,0f,0f,0f,0f,1f], start_interpolation: 0, interpolation_duration: 1 }
data modify entity @s data merge value {"locators":{"locator_right_hand":{"posx":-0.45756418625343453,"posy":0.7755812753672382,"posz":0.3162335738442288,"roty":307.2201248776501,"rotx":-4.1852415378044},"locator_left_hand":{"posx":0.44067321284701333,"posy":0.776709349219795,"posz":-0.35808170072110723,"roty":340.43779809656826,"rotx":-3.4641090210307715}},"cameras":{}}