execute if entity @s[tag=aj.axia.bone.wing_right_1] run data modify entity @s {} merge value {transformation:[-0.7469346490291692f,-0.22193765759086365f,0.24449284379547187f,0.4043961175292014f,-0.19090478921862233f,0.7836355293942743f,0.1281216725179364f,1.1849897964380443f,-0.26942241179513965f,0.06002897349181088f,-0.7686042745187242f,-0.8519516068057418f,0f,0f,0f,1f],start_interpolation:0}
execute if entity @s[tag=aj.axia.bone.wing_right_2] run data modify entity @s {} merge value {transformation:[-0.7591929785529704f,0.07914696088280715f,0.2395031939220949f,0.4043961175292014f,0.12099066778223856f,0.7807747851909878f,0.1255069445073663f,1.1849897964380443f,-0.22133070194954232f,0.15532705299780375f,-0.7529184729979339f,-0.8519516068057418f,0f,0f,0f,1f],start_interpolation:0}
execute if entity @s[tag=aj.axia.bone.wing_left_1] run data modify entity @s {} merge value {transformation:[-0.3950331206113044f,-0.020577928703779124f,0.7144717117666741f,0.3548749410199158f,0.19090478921862233f,0.7836355293942743f,0.1281216725179364f,1.1849897964380443f,-0.6888023225265231f,0.22898984773492068f,-0.3742451797429728f,-0.8935048077501483f,0f,0f,0f,1f],start_interpolation:0}
execute if entity @s[tag=aj.axia.bone.wing_left_2] run data modify entity @s {} merge value {transformation:[-0.3498006684827955f,-0.16671101156995055f,0.6998906564244971f,0.3548749410199158f,-0.12099066778223856f,0.7807747851909878f,0.1255069445073663f,1.1849897964380443f,-0.7092254582561158f,-0.05097228100929915f,-0.3666075230135244f,-0.8935048077501483f,0f,0f,0f,1f],start_interpolation:0}
execute if entity @s[tag=aj.axia.bone.blade] run data modify entity @s {} merge value {transformation:[0.03483825889239854f,-1.0908800109257737f,1.6759376770870487f,-0.4920834389942584f,1.959919812697885f,-0.31403314243869823f,-0.24514794154624972f,0.7692993622962009f,0.396863482209731f,1.6466219928121517f,1.0635484893862177f,-0.888417802698663f,0f,0f,0f,1f],start_interpolation:0}
execute if entity @s[tag=aj.axia.bone.arm_right_2] run data modify entity @s {} merge value {transformation:[-0.6668793085894418f,-0.37569328735702584f,0.643526644056126f,-0.22178065840080666f,-0.7369885518953629f,0.46012162752884983f,-0.49511207039960015f,1.0146771806309482f,-0.11009024548271457f,-0.8044517646913791f,-0.583727244639551f,-0.9279386093501791f,0f,0f,0f,1f],start_interpolation:0}
execute if entity @s[tag=aj.axia.bone.arm_right_1] run data modify entity @s {} merge value {transformation:[-0.40656249020234425f,-0.37569328735702584f,0.8328033954033451f,-0.06296718566551593f,-0.8618810051001049f,0.46012162752884983f,-0.21318822886790842f,1.3513494482481767f,-0.3030974671753329f,-0.8044517646913791f,-0.5108711028007206f,-0.8095411612348147f,0f,0f,0f,1f],start_interpolation:0}
execute if entity @s[tag=aj.axia.bone.arm_left_2] run data modify entity @s {} merge value {transformation:[0.2519930618878157f,0.7878013427151319f,0.562021833362939f,0.44600099043250774f,0.8725205322514333f,0.06624317817994912f,-0.48406586550209807f,1.057585735949342f,-0.4185778512535981f,0.612356828786007f,-0.6706800255554551f,-0.12538162884727694f,0f,0f,0f,1f],start_interpolation:0}
execute if entity @s[tag=aj.axia.bone.arm_left_1] run data modify entity @s {} merge value {transformation:[-0.1402456017231673f,0.81514577225222f,0.562021833362939f,0.3959562203246082f,0.7433474686165765f,0.4616435624559631f,-0.48406586550209807f,1.337783672813233f,-0.6540380050873456f,0.34988939855660045f,-0.6706800255554551f,-0.36955247638454214f,0f,0f,0f,1f],start_interpolation:0}
execute if entity @s[tag=aj.axia.bone.ear_edge_a1] run data modify entity @s {} merge value {transformation:[-0.9890216935522365f,-0.04570227721059526f,0.14052541243786545f,0.13910922613903548f,0.042590009205786226f,0.8224558604620568f,0.5672322705095939f,1.943191042577648f,-0.14149975547299462f,0.5669899994262544f,-0.8114802275790205f,-0.2889662371948704f,0f,0f,0f,1f],start_interpolation:0}
execute if entity @s[tag=aj.axia.bone.ear_edge_a2] run data modify entity @s {} merge value {transformation:[-0.9696957840306415f,-0.1998566858835791f,0.14052541243786545f,0.02540077333141999f,-0.08659478703218998f,0.8189926093386807f,0.5672322705095939f,1.941469922995062f,-0.22845443592114675f,0.5378739731166139f,-0.8114802275790205f,-0.3098604022291743f,0f,0f,0f,1f],start_interpolation:0}
execute if entity @s[tag=aj.axia.bone.ear_edge_b1] run data modify entity @s {} merge value {transformation:[-0.9978314627208081f,-0.013565072717678067f,0.06440776976900442f,0.013675535847410852f,0.05248484709842345f,0.42653024109468357f,0.9029492201983268f,1.9735174546207421f,-0.03972043340030512f,0.9043715731013859f,-0.42489333359870063f,-0.36974295288825854f,0f,0f,0f,1f],start_interpolation:0}
execute if entity @s[tag=aj.axia.bone.ear_edge_b2] run data modify entity @s {} merge value {transformation:[-0.9448022767852547f,-0.3212480303049069f,0.06440776976900442f,0.03921568250208636f,-0.0818890372733904f,0.42187307489062525f,0.9029492201983268f,1.9793047226427574f,-0.3172425623333612f,0.8478341888055394f,-0.42489333359870063f,-0.3535727932508579f,0f,0f,0f,1f],start_interpolation:0}
execute if entity @s[tag=aj.axia.bone.ear_right_2] run data modify entity @s {} merge value {transformation:[-0.9834244567145122f,-0.1694932952336165f,0.06440776976900442f,0.07032471826330013f,-0.014885358552096134f,0.42948938501901224f,0.9029492201983268f,2.055218296815277f,-0.1807062921885744f,0.8870236135677793f,-0.42489333359870063f,-0.2610795411639573f,0f,0f,0f,1f],start_interpolation:0}
execute if entity @s[tag=aj.axia.bone.ear_right_1] run data modify entity @s {} merge value {transformation:[-0.9834244567145122f,-0.11458161455894561f,0.14052541243786545f,0.09610558153906285f,-0.014885358552096134f,0.8234233281813836f,0.5672322705095939f,1.8699480479744657f,-0.1807062921885744f,0.5557383163070176f,-0.8114802275790205f,-0.3861206623330361f,0f,0f,0f,1f],start_interpolation:0}
execute if entity @s[tag=aj.axia.bone.ear_edge_a3] run data modify entity @s {} merge value {transformation:[-0.9043430194010984f,-0.4091808001439604f,0.12138688584049409f,-0.24104180459684862f,-0.31722794724228787f,0.8346731317702561f,0.4502079437207619f,1.8890667877093659f,-0.285534818803152f,0.36863509856547966f,-0.8846344054787098f,-0.3905427032950793f,0f,0f,0f,1f],start_interpolation:0}
execute if entity @s[tag=aj.axia.bone.ear_edge_a4] run data modify entity @s {} merge value {transformation:[-0.9572190357363215f,-0.262672689044701f,0.12138688584049409f,-0.13343157173749665f,-0.18275069995020304f,0.874022304680169f,0.4502079437207619f,1.918924786570924f,-0.22435217692667495f,0.40876407541709403f,-0.8846344054787098f,-0.3605814230664369f,0f,0f,0f,1f],start_interpolation:0}
execute if entity @s[tag=aj.axia.bone.ear_edge_b3] run data modify entity @s {} merge value {transformation:[-0.865239264629027f,-0.4864424312189141f,0.12138688584049409f,-0.11091600230817826f,-0.3887673558802458f,0.8038487111469456f,0.4502079437207619f,1.919231293335451f,-0.31657693843061785f,0.34234633150835225f,-0.8846344054787098f,-0.35733591665343367f,0f,0f,0f,1f],start_interpolation:0}
execute if entity @s[tag=aj.axia.bone.ear_edge_b4] run data modify entity @s {} merge value {transformation:[-0.9732104188115738f,-0.19526060704235365f,0.12138688584049409f,-0.14140521780744292f,-0.12133681448194034f,0.8846412746769724f,0.4502079437207619f,1.9226531445174184f,-0.19529172580520837f,0.42341836341301153f,-0.8846344054787098f,-0.3597781078269211f,0f,0f,0f,1f],start_interpolation:0}
execute if entity @s[tag=aj.axia.bone.ear_left_2] run data modify entity @s {} merge value {transformation:[-0.930683094999801f,-0.3451002761916291f,0.12138688584049409f,-0.22043718274743979f,-0.2582313415053678f,0.8547686129444981f,0.4502079437207619f,2.0177043791953304f,-0.25912458576123143f,0.3876550240837851f,-0.8846344054787098f,-0.3575745118617764f,0f,0f,0f,1f],start_interpolation:0}
execute if entity @s[tag=aj.axia.bone.ear_left_1] run data modify entity @s {} merge value {transformation:[-0.930683094999801f,-0.3451002761916291f,0.12138688584049409f,-0.14278962060432338f,-0.2582313415053678f,0.8547686129444981f,0.4502079437207619f,1.8253814412828184f,-0.25912458576123143f,0.3876550240837851f,-0.8846344054787098f,-0.4447968922806279f,0f,0f,0f,1f],start_interpolation:0}
execute if entity @s[tag=aj.axia.bone.head] run data modify entity @s {} merge value {transformation:[-0.9555808085735449f,-0.24394766689036063f,0.16539302919010868f,0.09651262758648871f,-0.17826642676658902f,0.9252777817087474f,0.33478666007475855f,1.3629977983755726f,-0.23470491979036728f,0.29043168300805144f,-0.9276653696949715f,-0.5353154720454906f,0f,0f,0f,1f],start_interpolation:0}
execute if entity @s[tag=aj.axia.bone.body_1] run data modify entity @s {} merge value {transformation:[-0.766044443118978f,-0.10881071662120145f,0.6335109621110875f,0.17550679881870265f,0f,0.9855680983334824f,0.16927942446535932f,1.0036144894720367f,-0.6427876096865395f,0.1296755624460673f,-0.7549889650437027f,-0.6294570594054837f,0f,0f,0f,1f],start_interpolation:0}
execute if entity @s[tag=aj.axia.bone.leg_left_2] run data modify entity @s {} merge value {transformation:[-0.8450609687891241f,-0.12944616760395017f,0.5187635769036194f,0.17844000276229854f,-0.2208013880535879f,0.9681415307118407f,-0.11810471431972097f,0.41786592971780706f,-0.48694836077637244f,-0.21434940215354942f,-0.8467205133535032f,-0.2893113405204526f,0f,0f,0f,1f],start_interpolation:0}
execute if entity @s[tag=aj.axia.bone.leg_left_1] run data modify entity @s {} merge value {transformation:[-0.8450609687891241f,0.14727811888425055f,0.5139855199585918f,0.23549167512824207f,-0.2208013880535879f,0.779382802895346f,-0.5863524482635024f,0.6784493626097885f,-0.48694836077637244f,-0.6089922842277322f,-0.6261067733927601f,-0.5064787728911451f,0f,0f,0f,1f],start_interpolation:0}
execute if entity @s[tag=aj.axia.bone.leg_right_2] run data modify entity @s {} merge value {transformation:[-0.6915569904924423f,0.08999718166525539f,0.7166934045973545f,-0.1387896155605539f,0.1604751916283722f,0.986554121082011f,0.03096254265944859f,0.37265727134281446f,-0.7042702902812764f,0.13642387426111302f,-0.6967007139071373f,-0.5581801173259052f,0f,0f,0f,1f],start_interpolation:0}
execute if entity @s[tag=aj.axia.bone.leg_right_1] run data modify entity @s {} merge value {transformation:[-0.6915569904924423f,0.460981938758655f,0.5560976362468626f,0.04450544215357041f,0.1604751916283722f,0.8486874685963615f,-0.503961599250714f,0.6814657920804991f,-0.7042702902812764f,-0.259278292160782f,-0.6608919166106625f,-0.6678012003226484f,0f,0f,0f,1f],start_interpolation:0}
execute if entity @s[tag=aj.axia.bone.coat_downer] run data modify entity @s {} merge value {transformation:[-0.766044443118978f,0.16796089762331526f,0.6204555165651324f,0.14398651472542356f,0f,0.9652574306273615f,-0.2613007704134539f,0.7372697372886434f,-0.6427876096865395f,-0.2001680031579342f,-0.7394300909113927f,-0.6040467399950752f,0f,0f,0f,1f],start_interpolation:0}
execute if entity @s[tag=aj.axia.bone.body_2] run data modify entity @s {} merge value {transformation:[-0.766044443118978f,0.16796089762331526f,0.6204555165651324f,0.18750000000000008f,0f,0.9652574306273615f,-0.2613007704134539f,0.9529444444444445f,-0.6427876096865395f,-0.2001680031579342f,-0.7394300909113927f,-0.64375f,0f,0f,0f,1f],start_interpolation:0}