execute if entity @s[tag=aj.axia.bone.wing_right_1] run data modify entity @s {} merge value {transformation:[-0.7581735852230922f,-0.2162215691974381f,0.21299176539998982f,0.4047474803821729f,-0.19167076216439624f,0.7854672834677003f,0.11509956549716116f,1.1786472664550185f,-0.23532865963525607f,0.056866721904056935f,-0.7799557951182906f,-0.8497965852428198f,0f,0f,0f,1f],start_interpolation:0}
execute if entity @s[tag=aj.axia.bone.wing_right_2] run data modify entity @s {} merge value {transformation:[-0.7672216846336244f,0.08853334300675877f,0.20864499467754105f,0.4047474803821729f,0.12098411941555398f,0.7827197111531298f,0.1127505947727293f,1.1786472664550185f,-0.1916604536079013f,0.13968429027062718f,-0.764038329911795f,-0.8497965852428198f,0f,0f,0f,1f],start_interpolation:0}
execute if entity @s[tag=aj.axia.bone.wing_left_1] run data modify entity @s {} merge value {transformation:[-0.36340894994396417f,-0.018456307156085303f,0.7311208821195234f,0.35269164555772337f,0.19167076216439624f,0.7854672834677003f,0.11509956549716116f,1.1786472664550185f,-0.7057908319583001f,0.22281148034263426f,-0.34519384437672007f,-0.8934766170446409f,0f,0f,0f,1f],start_interpolation:0}
execute if entity @s[tag=aj.axia.bone.wing_left_2] run data modify entity @s {} merge value {transformation:[-0.3219753480620789f,-0.15293582570840633f,0.7162000477905536f,0.35269164555772337f,-0.12098411941555398f,0.7827197111531298f,0.1127505947727293f,1.1786472664550185f,-0.7222843748064514f,-0.06293240013895234f,-0.33814907204250133f,-0.8934766170446409f,0f,0f,0f,1f],start_interpolation:0}
execute if entity @s[tag=aj.axia.bone.blade] run data modify entity @s {} merge value {transformation:[0.06373547845656707f,-1.0995497150397122f,1.669409540209352f,-0.49759150571732486f,1.959714919490553f,-0.2950711085739224f,-0.2691662594217368f,0.7749007061592403f,0.3942781037694659f,1.6443611115083705f,1.0679987415006202f,-0.8923920765935229f,0f,0f,0f,1f],start_interpolation:0}
execute if entity @s[tag=aj.axia.bone.arm_right_2] run data modify entity @s {} merge value {transformation:[-0.6777589435452547f,-0.36668067705410107f,0.6373288754791882f,-0.2234865767109881f,-0.7268996140231494f,0.46466425208763706f,-0.5056719133636288f,1.0160770488489563f,-0.11072382569897352f,-0.8059977753734702f,-0.581470395218536f,-0.9315827720598587f,0f,0f,0f,1f],start_interpolation:0}
execute if entity @s[tag=aj.axia.bone.arm_right_1] run data modify entity @s {} merge value {transformation:[-0.41890576458414974f,-0.36668067705410107f,0.830700452313176f,-0.05985151242030459f,-0.8560121836340719f,0.46466425208763706f,-0.22656185535492235f,1.3504568080810158f,-0.3029209498667874f,-0.8059977753734702f,-0.5085336608571948f,-0.8132542760181449f,0f,0f,0f,1f],start_interpolation:0}
execute if entity @s[tag=aj.axia.bone.arm_left_2] run data modify entity @s {} merge value {transformation:[0.27965915013886244f,0.7813615526230216f,0.557911179155025f,0.43865224613414916f,0.8676401931341162f,0.04313002299723817f,-0.4953183787973666f,1.0550023567972278f,-0.4110854594872008f,0.622586480096379f,-0.6658789828485341f,-0.1297061451205878f,0f,0f,0f,1f],start_interpolation:0}
execute if entity @s[tag=aj.axia.bone.arm_left_1] run data modify entity @s {} merge value {transformation:[-0.1127319175882674f,0.8222083865606832f,0.557911179155025f,0.398947178246551f,0.7496910223030357f,0.4388884536004312f,-0.4953183787973666f,1.3375080165783675f,-0.6521156997305781f,0.36242281159648376f,-0.6658789828485341f,-0.3731169612333156f,0f,0f,0f,1f],start_interpolation:0}
execute if entity @s[tag=aj.axia.bone.ear_edge_a1] run data modify entity @s {} merge value {transformation:[-0.9861513197664104f,-0.04323092017499053f,0.16011452795980335f,0.14892091441820632f,0.05465287162624728f,0.8267940390957439f,0.5598434428826964f,1.9455338623592047f,-0.15658428447954792f,0.5608410688034262f,-0.8129813388986605f,-0.29906662693508623f,0f,0f,0f,1f],start_interpolation:0}
execute if entity @s[tag=aj.axia.bone.ear_edge_a2] run data modify entity @s {} merge value {transformation:[-0.9672473547250192f,-0.19696672996641332f,0.16011452795980335f,0.03552360716138188f,-0.07535907911910718f,0.8251644252241912f,0.5598434428826964f,1.945169123678016f,-0.24239134467173698f,0.5294410058077941f,-0.8129813388986605f,-0.3216510972099409f,0f,0f,0f,1f],start_interpolation:0}
execute if entity @s[tag=aj.axia.bone.ear_edge_b1] run data modify entity @s {} merge value {transformation:[-0.9963446905627519f,-0.021379981161503747f,0.0827052234925221f,0.025118175175308344f,0.06534950280370894f,0.43276549491618843f,0.899134844666391f,1.9769634043164723f,-0.05501545301751429f,0.9012529738178291f,-0.429786431979649f,-0.38191133330854465f,0f,0f,0f,1f],start_interpolation:0}
execute if entity @s[tag=aj.axia.bone.ear_edge_b2] run data modify entity @s {} merge value {transformation:[-0.9409733329174627f,-0.32822101204105436f,0.0827052234925221f,0.050489061382768693f,-0.07158082203007135f,0.4317785509080375f,0.899134844666391f,1.9825228788868752f,-0.3308252902299056f,0.8401418036441833f,-0.429786431979649f,-0.3653984292468983f,0f,0f,0f,1f],start_interpolation:0}
execute if entity @s[tag=aj.axia.bone.ear_right_2] run data modify entity @s {} merge value {transformation:[-0.9807334681671303f,-0.17697940677921936f,0.0827052234925221f,0.08122075436477826f,-0.003154496702172105f,0.43766034805234694f,0.899134844666391f,2.0586427392849367f,-0.19532514832306774f,0.8815507412048239f,-0.429786431979649f,-0.2729485810550861f,0f,0f,0f,1f],start_interpolation:0}
execute if entity @s[tag=aj.axia.bone.ear_right_1] run data modify entity @s {} merge value {transformation:[-0.9807334681671303f,-0.11191605047124283f,0.16011452795980335f,0.10640186572080786f,-0.003154496702172105f,0.8285924019756672f,0.5598434428826964f,1.8722094488404117f,-0.19532514832306774f,0.5485521206185544f,-0.8129813388986605f,-0.3963728081942607f,0f,0f,0f,1f],start_interpolation:0}
execute if entity @s[tag=aj.axia.bone.ear_edge_a3] run data modify entity @s {} merge value {transformation:[-0.9041167112997247f,-0.40351931031094107f,0.14051739591507104f,-0.2303588842615369f,-0.3072127125862161f,0.8424572627455135f,0.4425902277194518f,1.895735477539915f,-0.29697360417045393f,0.35698449077448674f,-0.8856459517055849f,-0.40597301020031573f,0f,0f,0f,1f],start_interpolation:0}
execute if entity @s[tag=aj.axia.bone.ear_edge_a4] run data modify entity @s {} merge value {transformation:[-0.9561098617298533f,-0.25711630393300255f,0.14051739591507104f,-0.12282041780388737f,-0.17164106308715915f,0.8801438722104211f,0.4425902277194518f,1.9243755021255202f,-0.23747268846170688f,0.39904632621072733f,-0.8856459517055849f,-0.374598373171771f,0f,0f,0f,1f],start_interpolation:0}
execute if entity @s[tag=aj.axia.bone.ear_edge_b3] run data modify entity @s {} merge value {transformation:[-0.8655072490497584f,-0.4807827610132949f,0.14051739591507104f,-0.10035362525362564f,-0.379468663932516f,0.8124761063689907f,0.4425902277194518f,1.9244074154382629f,-0.3269567783906478f,0.3297431019626004f,-0.8856459517055849f,-0.371017823068229f,0f,0f,0f,1f],start_interpolation:0}
execute if entity @s[tag=aj.axia.bone.ear_edge_b4] run data modify entity @s {} merge value {transformation:[-0.9717163528650821f,-0.1897951290729843f,0.14051739591507104f,-0.13075498515716932f,-0.1098272211712295f,0.889972961284246f,0.4425902277194518f,1.9282138624054264f,-0.20905815235094144f,0.41463952677370214f,-0.8856459517055849f,-0.37393910746064496f,0f,0f,0f,1f],start_interpolation:0}
execute if entity @s[tag=aj.axia.bone.ear_left_2] run data modify entity @s {} merge value {transformation:[-0.9300624126066983f,-0.3394683639184291f,0.14051739591507104f,-0.20854306694903846f,-0.24769750992955794f,0.8618351547146013f,0.4425902277194518f,2.024310178931356f,-0.2713482121387654f,0.3768307259189524f,-0.8856459517055849f,-0.37354311182953054f,0f,0f,0f,1f],start_interpolation:0}
execute if entity @s[tag=aj.axia.bone.ear_left_1] run data modify entity @s {} merge value {transformation:[-0.9300624126066983f,-0.3394683639184291f,0.14051739591507104f,-0.13216268506739204f,-0.24769750992955794f,0.8618351547146013f,0.4425902277194518f,1.8303972691205708f,-0.2713482121387654f,0.3768307259189524f,-0.8856459517055849f,-0.4583300251612947f,0f,0f,0f,1f],start_interpolation:0}
execute if entity @s[tag=aj.axia.bone.head] run data modify entity @s {} merge value {transformation:[-0.9542582031527995f,-0.2359517495504218f,0.18362476303506975f,0.1023065881264532f,-0.16724871887936416f,0.9303485962372486f,0.3263117459004391f,1.3643024613495125f,-0.24782886786813585f,0.2806746539384637f,-0.9272554075807388f,-0.5422204453343423f,0f,0f,0f,1f],start_interpolation:0}
execute if entity @s[tag=aj.axia.bone.body_1] run data modify entity @s {} merge value {transformation:[-0.766044443118978f,-0.09952801994070562f,0.635035498545725f,0.17535034239741484f,0f,0.9879398559897651f,0.1548381120619939f,1.0025346591568378f,-0.6427876096865395f,0.11861287532812403f,-0.7568058368167229f,-0.6292706019033295f,0f,0f,0f,1f],start_interpolation:0}
execute if entity @s[tag=aj.axia.bone.leg_left_2] run data modify entity @s {} merge value {transformation:[-0.8439925003283044f,-0.10161052063445153f,0.5266421569585681f,0.16785957222022063f,-0.2115164175676843f,0.9653697250760029f,-0.15271574576976538f,0.42619459116843394f,-0.4928868678397816f,-0.24028440649172023f,-0.83625710131993f,-0.2824387302326218f,0f,0f,0f,1f],start_interpolation:0}
execute if entity @s[tag=aj.axia.bone.leg_left_1] run data modify entity @s {} merge value {transformation:[-0.8439925003283044f,0.17532378631808604f,0.5068907469471774f,0.23446325810390242f,-0.2115164175676843f,0.7596768330753354f,-0.6149405779325041f,0.6796467453139242f,-0.4928868678397816f,-0.6262209508150611f,-0.6040776905923365f,-0.5052531532077033f,0f,0f,0f,1f],start_interpolation:0}
execute if entity @s[tag=aj.axia.bone.leg_right_2] run data modify entity @s {} merge value {transformation:[-0.6977415702634362f,0.08949594218744317f,0.7107370663320554f,-0.13835893514141406f,0.14759331075156495f,0.9888381367472363f,0.02038023394482591f,0.37545002544938005f,-0.7009799681500938f,0.11912017312880174f,-0.7031624766766627f,-0.5502654701276241f,0f,0f,0f,1f],start_interpolation:0}
execute if entity @s[tag=aj.axia.bone.leg_right_1] run data modify entity @s {} merge value {transformation:[-0.6977415702634362f,0.457358859453638f,0.5513434272806578f,0.043488326415212525f,0.14759331075156495f,0.8449279175427432f,-0.5141138286199616f,0.6826583602412845f,-0.7009799681500938f,-0.27734398828197215f,-0.657044440214011f,-0.6665890489873764f,0f,0f,0f,1f],start_interpolation:0}
execute if entity @s[tag=aj.axia.bone.coat_downer] run data modify entity @s {} merge value {transformation:[-0.766044443118978f,0.17157730913747665f,0.6194652033453355f,0.14317847277772813f,0f,0.9637167767552686f,-0.2669269079737671f,0.7383732363974485f,-0.6427876096865395f,-0.20447787457223512f,-0.7382498815739061f,-0.6030837531009423f,0f,0f,0f,1f],start_interpolation:0}
execute if entity @s[tag=aj.axia.bone.body_2] run data modify entity @s {} merge value {transformation:[-0.766044443118978f,0.17157730913747665f,0.6194652033453355f,0.18750000000000008f,0f,0.9637167767552686f,-0.2669269079737671f,0.9537037037037037f,-0.6427876096865395f,-0.20447787457223512f,-0.7382498815739061f,-0.64375f,0f,0f,0f,1f],start_interpolation:0}