execute if entity @s[tag=aj.axia.bone.wing_right_1] run data modify entity @s {} merge value {transformation:[-0.7109625217346851f,-0.1393152696672286f,0.3769190798707983f,0.42231788303435813f,-0.14632079973914325f,0.8031805931136181f,0.02087110092444187f,1.16922018084474f,-0.3742552079755196f,-0.049362282439612555f,-0.7241828835453078f,-0.8810142733885279f,0f,0f,0f,1f],start_interpolation:0}
execute if entity @s[tag=aj.axia.bone.wing_right_2] run data modify entity @s {} merge value {transformation:[-0.6956643602844829f,0.14043727531937245f,0.36922685375098613f,0.42231788303435813f,0.1686672138338652f,0.7817501943757009f,0.02044516008924918f,1.16922018084474f,-0.3572148776401993f,0.09562429238653032f,-0.709403641023975f,-0.8810142733885279f,0f,0f,0f,1f],start_interpolation:0}
execute if entity @s[tag=aj.axia.bone.wing_left_1] run data modify entity @s {} merge value {transformation:[-0.4920267767082013f,0.07280420115180003f,0.6477296069666959f,0.38038399847330784f,0.14632079973914325f,0.8031805931136181f,0.02087110092444187f,1.16922018084474f,-0.6351726686581214f,0.12862708729015424f,-0.4969458701402152f,-0.916200980457536f,0f,0f,0f,1f],start_interpolation:0}
execute if entity @s[tag=aj.axia.bone.wing_left_2] run data modify entity @s {} merge value {transformation:[-0.4725888294226066f,-0.11855822145427924f,0.6345106353959471f,0.38038399847330784f,-0.1686672138338652f,0.7817501943757009f,0.02044516008924918f,1.16922018084474f,-0.6230659429647007f,-0.1216987334328173f,-0.4868041176883741f,-0.916200980457536f,0f,0f,0f,1f],start_interpolation:0}
execute if entity @s[tag=aj.axia.bone.blade] run data modify entity @s {} merge value {transformation:[0.315522852247186f,-1.1765920628517583f,1.5862145023117287f,-0.5426656977770212f,1.9396390669678056f,-0.1178015518890372f,-0.47320511859530456f,0.8683448281101593f,0.3718139583206393f,1.6129953229959413f,1.1224974246701684f,-0.9296907971195025f,0f,0f,0f,1f],start_interpolation:0}
execute if entity @s[tag=aj.axia.bone.arm_right_2] run data modify entity @s {} merge value {transformation:[-0.7659190257916472f,-0.2772449999761802f,0.5800890068934095f,-0.2375743474101848f,-0.6311246439618122f,0.49636478210223245f,-0.596073558273372f,1.0698873448704571f,-0.122677339857245f,-0.8226525469946662f,-0.5551513822451846f,-0.9633448218456142f,0f,0f,0f,1f],start_interpolation:0}
execute if entity @s[tag=aj.axia.bone.arm_right_1] run data modify entity @s {} merge value {transformation:[-0.521326331376614f,-0.2772449999761802f,0.8070650941538785f,-0.03393124921619495f,-0.7969323345603487f,0.49636478210223245f,-0.3442685829709063f,1.3811890380580933f,-0.3051519463244392f,-0.8226525469946662f,-0.47971353595411037f,-0.8441448428126301f,0f,0f,0f,1f],start_interpolation:0}
execute if entity @s[tag=aj.axia.bone.arm_left_2] run data modify entity @s {} merge value {transformation:[0.5183817413336268f,0.6864572137734768f,0.5099577079624075f,0.36780540111620913f,0.781300515585545f,-0.13776435415585148f,-0.608761436910866f,1.0893124743877625f,-0.34763468555033183f,0.7140010338804674f,-0.607743900849647f,-0.16520957406884149f,0f,0f,0f,1f],start_interpolation:0}
execute if entity @s[tag=aj.axia.bone.arm_left_1] run data modify entity @s {} merge value {transformation:[0.1428395537796296f,0.8482570353175766f,0.5099577079624075f,0.4240210370189377f,0.756634520776793f,0.238565955029401f,-0.608761436910866f,1.3737959382885268f,-0.6380447193143353f,0.4728068179871623f,-0.607743900849647f,-0.40299882250550734f,0f,0f,0f,1f],start_interpolation:0}
execute if entity @s[tag=aj.axia.bone.ear_edge_a1] run data modify entity @s {} merge value {transformation:[-0.9753722996116315f,0.017873383479218817f,0.2198395308249227f,0.22162739613622487f,0.12136646636453785f,0.8757433906475061f,0.46727261269990455f,2.003578165084659f,-0.18417127352685292f,0.4824459098181001f,-0.8563450742003966f,-0.3846117443377935f,0f,0f,0f,1f],start_interpolation:0}
execute if entity @s[tag=aj.axia.bone.ear_edge_a2] run data modify entity @s {} merge value {transformation:[-0.9661598612489065f,-0.1349285114353952f,0.2198395308249227f,0.10898053470204805f,-0.01712420506097454f,0.8839474345353543f,0.46727261269990455f,2.0105135899530757f,-0.2573749873482725f,0.4476954654451995f,-0.8563450742003966f,-0.4097458867724164f,0f,0f,0f,1f],start_interpolation:0}
execute if entity @s[tag=aj.axia.bone.ear_edge_b1] run data modify entity @s {} merge value {transformation:[-0.9862458992899967f,0.0008920683090697379f,0.16528227475382054f,0.10226434110511745f,0.14219515647932002f,0.514352417205477f,0.8457080633343308f,2.037363714278434f,-0.08425890817882215f,0.8575784483818463f,-0.5074048100515977f,-0.47286806130779285f,0f,0f,0f,1f],start_interpolation:0}
execute if entity @s[tag=aj.axia.bone.ear_edge_b2] run data modify entity @s {} merge value {transformation:[-0.9382512534567711f,-0.3039183361348907f,0.16528227475382054f,0.127747406969218f,-0.023708007859059174f,0.5331189379253471f,0.8457080633343308f,2.0423050203984947f,-0.3451412982390729f,0.7895681370131076f,-0.5074048100515977f,-0.45633136051852535f,0f,0f,0f,1f],start_interpolation:0}
execute if entity @s[tag=aj.axia.bone.ear_right_2] run data modify entity @s {} merge value {transformation:[-0.9742431259172049f,-0.15340176418566945f,0.16528227475382054f,0.1633240615090819f,0.05998205291603709f,0.5302641086659299f,0.8457080633343308f,2.123825653574908f,-0.21737636700214427f,0.8338392373865907f,-0.5074048100515977f,-0.37045742646681307f,0f,0f,0f,1f],start_interpolation:0}
execute if entity @s[tag=aj.axia.bone.ear_right_1] run data modify entity @s {} merge value {transformation:[-0.9742431259172049f,-0.050208687393229354f,0.2198395308249227f,0.17462101617255849f,0.05998205291603709f,0.8820762204869728f,0.46727261269990455f,1.9253585039653394f,-0.21737636700214427f,0.4684235572232318f,-0.8563450742003966f,-0.47585272684204005f,0f,0f,0f,1f],start_interpolation:0}
execute if entity @s[tag=aj.axia.bone.ear_edge_a3] run data modify entity @s {} merge value {transformation:[-0.9219938739865547f,-0.33649833826585396f,0.19156243022989652f,-0.15874846773544474f,-0.2574493804056588f,0.9022829334003762f,0.34584002750282417f,1.9756768939442764f,-0.2892181060376537f,0.2695447577652564f,-0.9185306258918435f,-0.4955069239113018f,0f,0f,0f,1f],start_interpolation:0}
execute if entity @s[tag=aj.axia.bone.ear_edge_a4] run data modify entity @s {} merge value {transformation:[-0.9632825369702084f,-0.18812386688736588f,0.19156243022989652f,-0.04968855339907778f,-0.11313160331869333f,0.931448289336229f,0.34584002750282417f,1.9980945199546853f,-0.24349126123699222f,0.3114698942112336f,-0.9185306258918435f,-0.46432157873120583f,0f,0f,0f,1f],start_interpolation:0}
execute if entity @s[tag=aj.axia.bone.ear_edge_b3] run data modify entity @s {} merge value {transformation:[-0.8891576463335615f,-0.4155749213932154f,0.19156243022989652f,-0.027359574109218077f,-0.3351088470161678f,0.8764112824629429f,0.34584002750282417f,1.9965979188277168f,-0.3116099173936154f,0.24331203973638965f,-0.9185306258918435f,-0.4602282922838907f,0f,0f,0f,1f],start_interpolation:0}
execute if entity @s[tag=aj.axia.bone.ear_edge_b4] run data modify entity @s {} merge value {transformation:[-0.9740588867057318f,-0.12047041360436397f,0.19156243022989652f,-0.05727970642726615f,-0.047881472279890425f,0.9370709898343645f,0.34584002750282417f,2.0026205300019795f,-0.22117108726481555f,0.3276962609747594f,-0.9185306258918435f,-0.464200629343373f,0f,0f,0f,1f],start_interpolation:0}
execute if entity @s[tag=aj.axia.bone.ear_left_2] run data modify entity @s {} merge value {transformation:[-0.9432208807469574f,-0.2713636037631982f,0.19156243022989652f,-0.12666103605536244f,-0.19388217090083548f,0.9180437784679033f,0.34584002750282417f,2.1044479014783604f,-0.2697110934494784f,0.28906299550275366f,-0.9185306258918435f,-0.4743525773583385f,0f,0f,0f,1f],start_interpolation:0}
execute if entity @s[tag=aj.axia.bone.ear_left_1] run data modify entity @s {} merge value {transformation:[-0.9432208807469574f,-0.2713636037631982f,0.19156243022989652f,-0.06560422520864295f,-0.19388217090083548f,0.9180437784679033f,0.34584002750282417f,1.8978880513230822f,-0.2697110934494784f,0.28906299550275366f,-0.9185306258918435f,-0.539391751346458f,0f,0f,0f,1f],start_interpolation:0}
execute if entity @s[tag=aj.axia.bone.head] run data modify entity @s {} merge value {transformation:[-0.9609009655248058f,-0.1609023807036519f,0.22534364499003112f,0.12992887668664094f,-0.10988181056902793f,0.9685935904380392f,0.22305255943032828f,1.4082486700625179f,-0.25415609801767186f,0.18957025200765273f,-0.9484027611696345f,-0.57513940696162f,0f,0f,0f,1f],start_interpolation:0}
execute if entity @s[tag=aj.axia.bone.body_1] run data modify entity @s {} merge value {transformation:[-0.766044443118978f,-0.016826218031705892f,0.6425673424266786f,0.17238312146003132f,0f,0.9996573249755571f,0.026176948307873177f,1.034849626539002f,-0.6427876096865395f,0.02005270578905899f,-0.765781938820708f,-0.625734405691182f,0f,0f,0f,1f],start_interpolation:0}
execute if entity @s[tag=aj.axia.bone.leg_left_2] run data modify entity @s {} merge value {transformation:[-0.8207999420206559f,-0.04746547176080512f,0.569240269279513f,0.1488672474549027f,-0.13958835268532188f,0.9829955946461315f,-0.11930948286241266f,0.4593796705718836f,-0.5538975961073368f,-0.17738852808685918f,-0.8134683541046273f,-0.3103801975173026f,0f,0f,0f,1f],start_interpolation:0}
execute if entity @s[tag=aj.axia.bone.leg_left_1] run data modify entity @s {} merge value {transformation:[-0.8207999420206559f,0.2435138302922863f,0.5167092699335554f,0.23903399249204554f,-0.13958835268532188f,0.7916444153405342f,-0.5948228403942992f,0.7240721528402635f,-0.5538975961073368f,-0.560357148715463f,-0.6157899957858931f,-0.5107003423355667f,0f,0f,0f,1f],start_interpolation:0}
execute if entity @s[tag=aj.axia.bone.leg_right_2] run data modify entity @s {} merge value {transformation:[-0.751508740471817f,-0.005713469858310227f,0.65969839264367f,-0.09359479993626305f,0.037964458182542134f,0.9979308823363112f,0.05189078910921774f,0.41026454356829783f,-0.6586298755062433f,0.0640414736061678f,-0.7497368716749773f,-0.5286671841537427f,0f,0f,0f,1f],start_interpolation:0}
execute if entity @s[tag=aj.axia.bone.leg_right_1] run data modify entity @s {} merge value {transformation:[-0.751508740471817f,0.3496369963900645f,0.559453826289353f,0.04800883295293651f,0.037964458182542134f,0.8695272703401405f,-0.49242362458530564f,0.727104326984876f,-0.6586298755062433f,-0.3488212964974446f,-0.6667311228677364f,-0.6719763788940545f,0f,0f,0f,1f],start_interpolation:0}
execute if entity @s[tag=aj.axia.bone.coat_downer] run data modify entity @s {} merge value {transformation:[-0.766044443118978f,0.15550439700334695f,0.6236940705820125f,0.14676976408269773f,0f,0.9702957262759965f,-0.24192189559966767f,0.783199548660207f,-0.6427876096865395f,-0.18532292379293497f,-0.7432896492958201f,-0.6073636874156922f,0f,0f,0f,1f],start_interpolation:0}
execute if entity @s[tag=aj.axia.bone.body_2] run data modify entity @s {} merge value {transformation:[-0.766044443118978f,0.15550439700334695f,0.6236940705820125f,0.18750000000000008f,0f,0.9702957262759965f,-0.24192189559966767f,1f,-0.6427876096865395f,-0.18532292379293497f,-0.7432896492958201f,-0.64375f,0f,0f,0f,1f],start_interpolation:0}