execute if entity @s[tag=aj.axia.bone.wing_right_1] run data modify entity @s {} merge value {transformation:[-0.7640750017417942f,-0.1649844772343843f,0.23646132544121987f,0.4132599817186501f,-0.15950429379643632f,0.7998030793917036f,0.04263635655743385f,1.1714277444450627f,-0.24019204070539404f,-0.006292925527084934f,-0.7805207409893306f,-0.861420565226124f,0f,0f,0f,1f],start_interpolation:0}
execute if entity @s[tag=aj.axia.bone.wing_right_2] run data modify entity @s {} merge value {transformation:[-0.7533551818264005f,0.13711646943868383f,0.23163558410568477f,0.4132599817186501f,0.1554696835117626f,0.7836356039671687f,0.04176622683177194f,1.1714277444450627f,-0.21973881660749797f,0.08434639295003166f,-0.7645917462752626f,-0.861420565226124f,0f,0f,0f,1f],start_interpolation:0}
execute if entity @s[tag=aj.axia.bone.wing_left_1] run data modify entity @s {} merge value {transformation:[-0.369223215551815f,0.03484657566328365f,0.7276017988615515f,0.3626608508216735f,0.15950429379643632f,0.7998030793917036f,0.04263635655743385f,1.1714277444450627f,-0.7107580754395427f,0.16138523725711584f,-0.3684049508860954f,-0.903878277299668f,0f,0f,0f,1f],start_interpolation:0}
execute if entity @s[tag=aj.axia.bone.wing_left_2] run data modify entity @s {} merge value {transformation:[-0.347219244692885f,-0.10687500676195619f,0.7127527825582546f,0.3626608508216735f,-0.1554696835117626f,0.7836356039671687f,0.04176622683177194f,1.1714277444450627f,-0.7037527787679811f,-0.12038676474032556f,-0.3608864825006649f,-0.903878277299668f,0f,0f,0f,1f],start_interpolation:0}
execute if entity @s[tag=aj.axia.bone.blade] run data modify entity @s {} merge value {transformation:[0.2566438185431889f,-1.1584139326402436f,1.6100345061732484f,-0.5329265342107753f,1.9473163956928308f,-0.16137597630302764f,-0.42651688048437664f,0.8459548861094255f,0.37695199358731313f,1.6223547561915086f,1.1071911486249069f,-0.9201264176115699f,0f,0f,0f,1f],start_interpolation:0}
execute if entity @s[tag=aj.axia.bone.arm_right_2] run data modify entity @s {} merge value {transformation:[-0.7464210758436778f,-0.2999454398182892f,0.594044030917389f,-0.23471628266549227f,-0.6547894441685174f,0.4903464422864544f,-0.5751618470852362f,1.0572609826740649f,-0.11877020393116539f,-0.8182866855016216f,-0.5624060268070743f,-0.9555346040450599f,0f,0f,0f,1f],start_interpolation:0}
execute if entity @s[tag=aj.axia.bone.arm_right_1] run data modify entity @s {} merge value {transformation:[-0.4982313523732596f,-0.2999454398182892f,0.8135098356163409f,-0.040094660644687724f,-0.8120177462292112f,0.4903464422864544f,-0.3165241639209383f,1.3744554147948504f,-0.303961674099129f,-0.8182866855016216f,-0.4878669911047734f,-0.8367995751000876f,0f,0f,0f,1f],start_interpolation:0}
execute if entity @s[tag=aj.axia.bone.arm_left_2] run data modify entity @s {} merge value {transformation:[0.4635621183818379f,0.7146987837811143f,0.5237516690790963f,0.3849261851912382f,0.8085567454623173f,-0.09943086008480256f,-0.57995645821922f,1.0786744760666398f,-0.36241709640789377f,0.6923287893223802f,-0.6239669027333734f,-0.15680751207997762f,0f,0f,0f,1f],start_interpolation:0}
execute if entity @s[tag=aj.axia.bone.arm_left_1] run data modify entity @s {} merge value {transformation:[0.08117344856404063f,0.8479947289842562f,0.5237516690790963f,0.4180162119308293f,0.7631106542213256f,0.2851537058916094f,-0.57995645821922f,1.365732076730548f,-0.6411497490150967f,0.4467575445711014f,-0.6239669027333734f,-0.3958425506338542f,0f,0f,0f,1f],start_interpolation:0}
execute if entity @s[tag=aj.axia.bone.ear_edge_a1] run data modify entity @s {} merge value {transformation:[-0.9784695850835772f,0.0030860415913483152f,0.20636799028354427f,0.20420976939278643f,0.10609256418038328f,0.8651929446562361f,0.490087274210117f,1.9911431661843748f,-0.1770356994846063f,0.5014296011050481f,-0.846892387640619f,-0.3640899822985547f,0f,0f,0f,1f],start_interpolation:0}
execute if entity @s[tag=aj.axia.bone.ear_edge_a2] run data modify entity @s {} merge value {transformation:[-0.9669057640794457f,-0.15001831880231967f,0.20636799028354427f,0.09132492536760912f,-0.03055960678907446f,0.8711375173244433f,0.490087274210117f,1.996401943705164f,-0.2532969676542548f,0.46756168569882933f,-0.846892387640619f,-0.38855419848052625f,0f,0f,0f,1f],start_interpolation:0}
execute if entity @s[tag=aj.axia.bone.ear_edge_b1] run data modify entity @s {} merge value {transformation:[-0.9892528038716976f,-0.004935655027569652f,0.14613189022740355f,0.08376940638720587f,0.12451825468940052f,0.49544011435923935f,0.8596710401850288f,2.024484940248311f,-0.07664264009734195f,0.8686280748359178f,-0.48950094313061f,-0.4510418355688938f,0f,0f,0f,1f],start_interpolation:0}
execute if entity @s[tag=aj.axia.bone.ear_edge_b2] run data modify entity @s {} merge value {transformation:[-0.9393101241035383f,-0.31039001500557634f,0.14613189022740355f,0.10923253043480835f,-0.03467551751201846f,0.5096698060043034f,0.8596710401850288f,2.0295660202858574f,-0.3413123192061335f,0.8024305125257724f,-0.48950094313061f,-0.4345167768885607f,0f,0f,0f,1f],start_interpolation:0}
execute if entity @s[tag=aj.axia.bone.ear_right_2] run data modify entity @s {} merge value {transformation:[-0.9763013537312631f,-0.15962812208714772f,0.14613189022740355f,0.14362942297249098f,0.045481319098718304f,0.508819370975822f,0.8596710401850288f,2.109879857598276f,-0.21158241022245644f,0.845944271426138f,-0.48950094313061f,-0.3470400036790082f,0f,0f,0f,1f],start_interpolation:0}
execute if entity @s[tag=aj.axia.bone.ear_right_1] run data modify entity @s {} merge value {transformation:[-0.9763013537312631f,-0.06517606377217203f,0.20636799028354427f,0.15829403732122965f,0.045481319098718304f,0.8704860212951947f,0.490087274210117f,1.914020502806857f,-0.21158241022245644f,0.48785875767564907f,-0.846892387640619f,-0.4568082241560291f,0f,0f,0f,1f],start_interpolation:0}
execute if entity @s[tag=aj.axia.bone.ear_edge_a3] run data modify entity @s {} merge value {transformation:[-0.9181918195587234f,-0.3527924821404147f,0.18017005034312936f,-0.17609216427981444f,-0.2692150325517153f,0.8893753941991542f,0.3695059870168245f,1.9581702441926083f,-0.2905977438722116f,0.29077288858885053f,-0.9115942510339106f,-0.47384081491596286f,0f,0f,0f,1f],start_interpolation:0}
execute if entity @s[tag=aj.axia.bone.ear_edge_a4] run data modify entity @s {} merge value {transformation:[-0.9620762578218367f,-0.20481217516272082f,0.18017005034312936f,-0.06733936969161552f,-0.12677158475278053f,0.9205402168607251f,0.3695059870168245f,1.9820490668062736f,-0.24153310215123605f,0.3326524944249241f,-0.9115942510339106f,-0.44266755514348904f,0f,0f,0f,1f],start_interpolation:0}
execute if entity @s[tag=aj.axia.bone.ear_edge_b3] run data modify entity @s {} merge value {transformation:[-0.8839499316588754f,-0.43147569025337223f,0.18017005034312936f,-0.04496524619996514f,-0.34570476113753407f,0.862527416193574f,0.3695059870168245f,1.9809042543216673f,-0.3148344587987636f,0.26433914775305845f,-0.9115942510339106f,-0.4387095092423568f,0f,0f,0f,1f],start_interpolation:0}
execute if entity @s[tag=aj.axia.bone.ear_edge_b4] run data modify entity @s {} merge value {transformation:[-0.974019663530782f,-0.13720221577925312f,0.18017005034312936f,-0.07501716959026594f,-0.06224913607598376f,0.9271409658819504f,0.3695059870168245f,1.9864207472116446f,-0.2177400746605369f,0.34869066716611075f,-0.9115942510339106f,-0.44241299837266546f,0f,0f,0f,1f],start_interpolation:0}
execute if entity @s[tag=aj.axia.bone.ear_left_2] run data modify entity @s {} merge value {transformation:[-0.9405647099519906f,-0.28788327383209006f,0.18017005034312936f,-0.14643269173072754f,-0.20651954692899516f,0.9059884117884537f,0.3695059870168245f,2.0870570012909093f,-0.2696065710051788f,0.31033565433696636f,-0.9115942510339106f,-0.4500164248074328f,0f,0f,0f,1f],start_interpolation:0}
execute if entity @s[tag=aj.axia.bone.ear_left_1] run data modify entity @s {} merge value {transformation:[-0.9405647099519906f,-0.28788327383209006f,0.18017005034312936f,-0.08165895511850736f,-0.20651954692899516f,0.9059884117884537f,0.3695059870168245f,1.8832096086385077f,-0.2696065710051788f,0.31033565433696636f,-0.9115942510339106f,-0.5198419470332502f,0f,0f,0f,1f],start_interpolation:0}
execute if entity @s[tag=aj.axia.bone.head] run data modify entity @s {} merge value {transformation:[-0.9598119697589481f,-0.17893124417538459f,0.21620497812330147f,0.12326339817489261f,-0.12324357667339758f,0.9608655337326367f,0.24808959448844964f,1.3984186698569419f,-0.25213489150888413f,0.21147348756414824f,-0.9443023671162004f,-0.5671957989988844f,0f,0f,0f,1f],start_interpolation:0}
execute if entity @s[tag=aj.axia.bone.body_1] run data modify entity @s {} merge value {transformation:[-0.766044443118978f,-0.03648705386175749f,0.6417512026221878f,0.17304454852054973f,0f,0.9983876368356615f,0.056763779064675335f,1.0272162686159567f,-0.6427876096865395f,0.043483577522927946f,-0.7648093012766468f,-0.6265226637667938f,0f,0f,0f,1f],start_interpolation:0}
execute if entity @s[tag=aj.axia.bone.leg_left_2] run data modify entity @s {} merge value {transformation:[-0.8267434833064481f,-0.06029704013511114f,0.5593384304348001f,0.15333089328786054f,-0.15710349081812722f,0.9794304536007742f,-0.12662732616674938f,0.45121912890375715f,-0.540197839669023f,-0.19256233668691947f,-0.8192106203575451f,-0.30361552013475634f,0f,0f,0f,1f],start_interpolation:0}
execute if entity @s[tag=aj.axia.bone.leg_left_1] run data modify entity @s {} merge value {transformation:[-0.8267434833064481f,0.22745044668738387f,0.5145498101370075f,0.23794885696336132f,-0.15710349081812722f,0.7848979909750118f,-0.59937770807409f,0.7135355919504913f,-0.540197839669023f,-0.576369185561737f,-0.6131760399361839f,-0.5094071281708057f,0f,0f,0f,1f],start_interpolation:0}
execute if entity @s[tag=aj.axia.bone.leg_right_2] run data modify entity @s {} merge value {transformation:[-0.74023251379574f,0.017129923514375978f,0.6721327184716062f,-0.10436458984152283f,0.06438543887300159f,0.9968871825195309f,0.04550231411041572f,0.40143109677723576f,-0.6692610408359139f,0.0769578524171744f,-0.7390312227305189f,-0.5336694906680114f,0f,0f,0f,1f],start_interpolation:0}
execute if entity @s[tag=aj.axia.bone.leg_right_1] run data modify entity @s {} merge value {transformation:[-0.74023251379574f,0.3755838773513337f,0.5576670840146278f,0.04693562199050158f,0.06438543887300159f,0.8652144977278816f,-0.497250830248297f,0.7165630803580358f,-0.6692610408359139f,-0.33217559211240677f,-0.6646420354025175f,-0.6706973758739612f,0f,0f,0f,1f],start_interpolation:0}
execute if entity @s[tag=aj.axia.bone.coat_downer] run data modify entity @s {} merge value {transformation:[-0.766044443118978f,0.1593202582031156f,0.6227302517885474f,0.14591715759587442f,0f,0.9687962904142268f,-0.24785832178813996f,0.7725716158976084f,-0.6427876096865395f,-0.18987049008660012f,-0.7421410147860981f,-0.6063475905719514f,0f,0f,0f,1f],start_interpolation:0}
execute if entity @s[tag=aj.axia.bone.body_2] run data modify entity @s {} merge value {transformation:[-0.766044443118978f,0.1593202582031156f,0.6227302517885474f,0.18750000000000008f,0f,0.9687962904142268f,-0.24785832178813996f,0.989037037037037f,-0.6427876096865395f,-0.18987049008660012f,-0.7421410147860981f,-0.64375f,0f,0f,0f,1f],start_interpolation:0}