execute if entity @s[tag=aj.axia.bone.wing_right_1] run data modify entity @s {} merge value {transformation:[-0.7582959369562978f,-0.23526561152746098f,0.1912637144693804f,0.4009987830280223f,-0.20597849064072282f,0.7777553440952216f,0.14004974319554211f,1.1723281653457127f,-0.2224962422904812f,0.08179951838719757f,-0.7815041301251597f,-0.8437516353099856f,0f,0f,0f,1f],start_interpolation:0}
execute if entity @s[tag=aj.axia.bone.wing_right_2] run data modify entity @s {} merge value {transformation:[-0.7744715240592913f,0.07134387791898625f,0.1873603733577604f,0.4009987830280223f,0.10514426740713739f,0.7811038035944041f,0.1371915851711433f,1.1723281653457127f,-0.1707001507108151f,0.15743855656679365f,-0.7655550662450545f,-0.8437516353099856f,0f,0f,0f,1f],start_interpolation:0}
execute if entity @s[tag=aj.axia.bone.wing_left_1] run data modify entity @s {} merge value {transformation:[-0.35079273200844713f,-0.0397033551909373f,0.7364187308869029f,0.3473894864614706f,0.20597849064072282f,0.7777553440952216f,0.14004974319554211f,1.1723281653457127f,-0.708139650780737f,0.24589573555137134f,-0.3240647569147726f,-0.8887351762866524f,0f,0f,0f,1f],start_interpolation:0}
execute if entity @s[tag=aj.axia.bone.wing_left_2] run data modify entity @s {} merge value {transformation:[-0.30259240066818915f,-0.16743544551835338f,0.7213897771953335f,0.3473894864614706f,-0.10514426740713739f,0.7811038035944041f,0.1371915851711433f,1.1723281653457127f,-0.7330637912823678f,-0.04292108566223854f,-0.3174511904471242f,-0.8887351762866524f,0f,0f,0f,1f],start_interpolation:0}
execute if entity @s[tag=aj.axia.bone.blade] run data modify entity @s {} merge value {transformation:[0.021542823977208657f,-1.0948308274193777f,1.6735833908315676f,-0.48688517711049023f,1.956033877349488f,-0.33702431857240245f,-0.24565439005223053f,0.7460114846505967f,0.4164941504945929f,1.63943894916005f,1.0671328664139144f,-0.8937120159278843f,0f,0f,0f,1f],start_interpolation:0}
execute if entity @s[tag=aj.axia.bone.arm_right_2] run data modify entity @s {} merge value {transformation:[-0.6541124808940957f,-0.3793151365848444f,0.6544133934266565f,-0.21954945651987148f,-0.7463561041131026f,0.4641712424937128f,-0.47696710944776266f,0.9949175926296618f,-0.12283903366472143f,-0.8004155700631161f,-0.5867243705598515f,-0.9283594485580526f,0f,0f,0f,1f],start_interpolation:0}
execute if entity @s[tag=aj.axia.bone.arm_right_1] run data modify entity @s {} merge value {transformation:[-0.390842108846123f,-0.3793151365848444f,0.8386670812130019f,-0.06687675775185467f,-0.8644776826485554f,0.4641712424937128f,-0.19293365140489627f,1.3326041874142538f,-0.31610248679075365f,-0.8004155700631161f,-0.5093271375503546f,-0.8048819146554145f,0f,0f,0f,1f],start_interpolation:0}
execute if entity @s[tag=aj.axia.bone.arm_left_2] run data modify entity @s {} merge value {transformation:[0.2129401088974744f,0.7951649322597424f,0.5677756956114719f,0.4565871794255157f,0.8776404045734577f,0.09973375858321959f,-0.4688288575365228f,1.0419311234295874f,-0.4294226708999759f,0.5981353591815344f,-0.6766315554376016f,-0.11975448523484788f,0f,0f,0f,1f],start_interpolation:0}
execute if entity @s[tag=aj.axia.bone.arm_left_1] run data modify entity @s {} merge value {transformation:[-0.17828612135385574f,0.8036447090633443f,0.5677756956114719f,0.39224127363364275f,0.732424621773055f,0.49371416402772544f,-0.4688288575365228f,1.3181332133570696f,-0.6570907337295173f,0.33226722052121954f,-0.6766315554376016f,-0.36512517531928806f,0f,0f,0f,1f],start_interpolation:0}
execute if entity @s[tag=aj.axia.bone.ear_edge_a1] run data modify entity @s {} merge value {transformation:[-0.9845862876535926f,-0.06635947976298837f,0.16182169696954282f,0.1321386285656741f,0.04216393543623297f,0.8078807618587949f,0.5878357569653128f,1.918121068818144f,-0.16974111085133808f,0.5855980652837223f,-0.7926303433649985f,-0.27717563351064856f,0f,0f,0f,1f],start_interpolation:0}
execute if entity @s[tag=aj.axia.bone.ear_edge_a2] run data modify entity @s {} merge value {transformation:[-0.9620834869082328f,-0.21956571364489924f,0.16182169696954282f,0.019108382876714902f,-0.08473556737370126f,0.8045303017630067f,0.5878357569653128f,1.9164683612652065f,-0.2592590361787867f,0.5518350214844392f,-0.7926303433649985f,-0.30147733596619664f,0f,0f,0f,1f],start_interpolation:0}
execute if entity @s[tag=aj.axia.bone.ear_edge_b1] run data modify entity @s {} merge value {transformation:[-0.9964536655154062f,-0.042361417842980476f,0.07270215099461384f,0.009010945493006281f,0.04948389071260961f,0.40380071509310916f,0.9135077049758454f,1.9499514351586016f,-0.0680546621536963f,0.9138656863941367f,-0.40027249492129763f,-0.3608690093870111f,0f,0f,0f,1f],start_interpolation:0}
execute if entity @s[tag=aj.axia.bone.ear_edge_b2] run data modify entity @s {} merge value {transformation:[-0.9345933537553193f,-0.3482092192305384f,0.07270215099461384f,0.034033294356508495f,-0.07771930659066245f,0.3993286645519332f,0.9135077049758454f,1.9554355731563255f,-0.34712385757745245f,0.8481078689117493f,-0.40027249492129763f,-0.3438081796072171f,0f,0f,0f,1f],start_interpolation:0}
execute if entity @s[tag=aj.axia.bone.ear_right_2] run data modify entity @s {} merge value {transformation:[-0.9775588816342415f,-0.19771957459687034f,0.07270215099461384f,0.062030166432716055f,-0.014293686944324674f,0.4065702441931793f,0.9135077049758454f,2.0291436598568153f,-0.21017688610203716f,0.8919683886539542f,-0.40027249492129763f,-0.248577209643914f,0f,0f,0f,1f],start_interpolation:0}
execute if entity @s[tag=aj.axia.bone.ear_right_1] run data modify entity @s {} merge value {transformation:[-0.9775588816342415f,-0.13487909892903516f,0.16182169696954282f,0.09237796369174892f,-0.014293686944324674f,0.8088540123820586f,0.5878357569653128f,1.8471515070708526f,-0.21017688610203716f,0.572331036486347f,-0.7926303433649985f,-0.37735169285334186f,0f,0f,0f,1f],start_interpolation:0}
execute if entity @s[tag=aj.axia.bone.ear_edge_a3] run data modify entity @s {} merge value {transformation:[-0.8939805476244531f,-0.4238565466830828f,0.14541116980127317f,-0.24457698674961748f,-0.3136123560829822f,0.823590062740626f,0.47259570318293453f,1.8650315677557758f,-0.32007197718820035f,0.37688862597428335f,-0.8692001455534007f,-0.3913197076213042f,0f,0f,0f,1f],start_interpolation:0}
execute if entity @s[tag=aj.axia.bone.ear_edge_a4] run data modify entity @s {} merge value {transformation:[-0.9492799357416963f,-0.2787888005197956f,0.14541116980127317f,-0.13804362744201243f,-0.18091339669245216f,0.862510083552782f,0.47259570318293453f,1.8945619237609401f,-0.25717298943598377f,0.4223187901035266f,-0.8692001455534007f,-0.3574413656629824f,0f,0f,0f,1f],start_interpolation:0}
execute if entity @s[tag=aj.axia.bone.ear_edge_b3] run data modify entity @s {} merge value {transformation:[-0.853637149596014f,-0.5001591831873309f,0.14541116980127317f,-0.11563577305525483f,-0.38419957002367716f,0.7931229360740043f,0.47259570318293453f,1.8948771208023736f,-0.35170201481256036f,0.3475583400621149f,-0.8692001455534007f,-0.353521309846168f,0f,0f,0f,1f],start_interpolation:0}
execute if entity @s[tag=aj.axia.bone.ear_edge_b4] run data modify entity @s {} merge value {transformation:[-0.9664148611724876f,-0.21189126410021492f,0.14541116980127317f,-0.1460550819223368f,-0.12030703875339194f,0.8730289329451902f,0.47259570318293453f,1.8982373153688525f,-0.22708705936567952f,0.43922952364179196f,-0.8692001455534007f,-0.35678326716110487f,0f,0f,0f,1f],start_interpolation:0}
execute if entity @s[tag=aj.axia.bone.ear_left_2] run data modify entity @s {} merge value {transformation:[-0.9213695940117193f,-0.36046312284019444f,0.14541116980127317f,-0.2255654766366359f,-0.255397673558177f,0.8434603308242175f,0.47259570318293453f,1.9928885799642437f,-0.2930018763962967f,0.3982976366967251f,-0.8692001455534007f,-0.35457424608388993f,0f,0f,0f,1f],start_interpolation:0}
execute if entity @s[tag=aj.axia.bone.ear_left_1] run data modify entity @s {} merge value {transformation:[-0.9213695940117193f,-0.36046312284019444f,0.14541116980127317f,-0.14446127399759226f,-0.255397673558177f,0.8434603308242175f,0.47259570318293453f,1.8031100055287952f,-0.2930018763962967f,0.3982976366967251f,-0.8692001455534007f,-0.44419121434065295f,0f,0f,0f,1f],start_interpolation:0}
execute if entity @s[tag=aj.axia.bone.head] run data modify entity @s {} merge value {transformation:[-0.9473569507573646f,-0.25680898157145987f,0.19121703594590617f,0.099597415529142f,-0.1761660061682302f,0.9167730055462728f,0.35845891615691283f,1.3440827498274555f,-0.2673580859492444f,0.3059026042482855f,-0.9137522917025563f,-0.5389917791585389f,0f,0f,0f,1f],start_interpolation:0}
execute if entity @s[tag=aj.axia.bone.body_1] run data modify entity @s {} merge value {transformation:[-0.766044443118978f,-0.12246696816086114f,0.6310132747225066f,0.17642217491540307f,0f,0.9816823865510185f,0.19052478037120713f,0.985281529167115f,-0.6427876096865395f,0.14595044927982698f,-0.7520123371251843f,-0.6305479621573012f,0f,0f,0f,1f],start_interpolation:0}
execute if entity @s[tag=aj.axia.bone.leg_left_2] run data modify entity @s {} merge value {transformation:[-0.8510345618494112f,-0.07730797786577151f,0.5193877656395908f,0.1602398569781181f,-0.22746258968128075f,0.9457629451850881f,-0.2319336582092243f,0.4250126976416735f,-0.47328738080923555f,-0.3155248454133737f,-0.8224616265173716f,-0.26036214511646544f,0f,0f,0f,1f],start_interpolation:0}
execute if entity @s[tag=aj.axia.bone.leg_left_1] run data modify entity @s {} merge value {transformation:[-0.8510345618494112f,0.1886644093904743f,0.49004684997163744f,0.23097424849398024f,-0.22746258968128075f,0.7086802359114843f,-0.6678570906443445f,0.6612645764698228f,-0.47328738080923555f,-0.6798367920742349f,-0.5601972789196208f,-0.5010951134704827f,0f,0f,0f,1f],start_interpolation:0}
execute if entity @s[tag=aj.axia.bone.leg_right_2] run data modify entity @s {} merge value {transformation:[-0.6804486858836954f,0.13338214705043433f,0.7205545008723272f,-0.15569512619725215f,0.1725064006528625f,0.9848174284459095f,-0.019395214950593598f,0.3642324716447742f,-0.712201606016826f,0.11110281489414178f,-0.6931269991204007f,-0.5481416415469944f,0f,0f,0f,1f],start_interpolation:0}
execute if entity @s[tag=aj.axia.bone.leg_right_1] run data modify entity @s {} merge value {transformation:[-0.6804486858836954f,0.4952515020172524f,0.5401069668397249f,0.04003765757023453f,0.1725064006528625f,0.824594276394096f,-0.5387817935601491f,0.6642590308234971f,-0.712201606016826f,-0.27344145458900804f,-0.6465281457904994f,-0.6624767019945209f,0f,0f,0f,1f],start_interpolation:0}
execute if entity @s[tag=aj.axia.bone.coat_downer] run data modify entity @s {} merge value {transformation:[-0.766044443118978f,0.1838463539196206f,0.6159354100203986f,0.14043710808421786f,0f,0.9582253931757715f,-0.28601415327416585f,0.7196564363664715f,-0.6427876096865395f,-0.2190995527690544f,-0.7340432376977977f,-0.5998167218788406f,0f,0f,0f,1f],start_interpolation:0}
execute if entity @s[tag=aj.axia.bone.body_2] run data modify entity @s {} merge value {transformation:[-0.766044443118978f,0.1838463539196206f,0.6159354100203986f,0.18750000000000008f,0f,0.9582253931757715f,-0.28601415327416585f,0.9337599226541828f,-0.6427876096865395f,-0.2190995527690544f,-0.7340432376977977f,-0.64375f,0f,0f,0f,1f],start_interpolation:0}