execute if entity @s[tag=aj.axia.bone.wing_right_1] run data modify entity @s {} merge value {transformation:[-0.7434428796753277f,-0.22132196444337046f,0.25544807135585956f,0.40503835157642054f,-0.18911003833081422f,0.7839519923994454f,0.12884530049599202f,1.1804614382439227f,-0.2801330442968463f,0.05814040000130702f,-0.7649115084930502f,-0.8535313185671352f,0f,0f,0f,1f],start_interpolation:0}
execute if entity @s[tag=aj.axia.bone.wing_right_2] run data modify entity @s {} merge value {transformation:[-0.7558020334376424f,0.07839520644942377f,0.2502348454098216f,0.40503835157642054f,0.12273359554736947f,0.780388387408086f,0.1262158045675024f,1.1804614382439227f,-0.23173206678304112f,0.15763298006559245f,-0.7493010695442125f,-0.8535313185671352f,0f,0f,0f,1f],start_interpolation:0}
execute if entity @s[tag=aj.axia.bone.wing_left_1] run data modify entity @s {} merge value {transformation:[-0.4049746951535219f,-0.018824960881261777f,0.7089326918527424f,0.35631913063812537f,0.18911003833081422f,0.7839519923994454f,0.12884530049599202f,1.1804614382439227f,-0.683503719179548f,0.2280555610047768f,-0.3843927306895468f,-0.8944115988877032f,0f,0f,0f,1f],start_interpolation:0}
execute if entity @s[tag=aj.axia.bone.wing_left_2] run data modify entity @s {} merge value {transformation:[-0.35945518177288843f,-0.1688513656367795f,0.6944646777332988f,0.35631913063812537f,-0.12273359554736947f,0.780388387408086f,0.1262158045675024f,1.1804614382439227f,-0.7040798511679159f,-0.04983152738178753f,-0.37654798108363774f,-0.8944115988877032f,0f,0f,0f,1f],start_interpolation:0}
execute if entity @s[tag=aj.axia.bone.blade] run data modify entity @s {} merge value {transformation:[0.034838258892398846f,-1.090880010925773f,1.6759376770870487f,-0.4918753643990136f,1.959919812697885f,-0.31403314243869923f,-0.24514794154625033f,0.764547848451485f,0.3968634822097319f,1.6466219928121513f,1.0635484893862177f,-0.8886657763450735f,0f,0f,0f,1f],start_interpolation:0}
execute if entity @s[tag=aj.axia.bone.arm_right_2] run data modify entity @s {} merge value {transformation:[-0.6668793085894416f,-0.3756932873570259f,0.6435266440561258f,-0.2215725838055619f,-0.736988551895363f,0.46012162752884994f,-0.49511207039960003f,1.0099256667862324f,-0.11009024548271468f,-0.804451764691379f,-0.5837272446395508f,-0.9281865829965896f,0f,0f,0f,1f],start_interpolation:0}
execute if entity @s[tag=aj.axia.bone.arm_right_1] run data modify entity @s {} merge value {transformation:[-0.40656249020234425f,-0.3756932873570259f,0.8328033954033449f,-0.06275911107027118f,-0.8618810051001049f,0.46012162752884994f,-0.21318822886790834f,1.3465979344034609f,-0.303097467175333f,-0.804451764691379f,-0.5108711028007205f,-0.8097891348812252f,0f,0f,0f,1f],start_interpolation:0}
execute if entity @s[tag=aj.axia.bone.arm_left_2] run data modify entity @s {} merge value {transformation:[0.2519930618878153f,0.7878013427151319f,0.5620218333629389f,0.4462090650277526f,0.8725205322514333f,0.06624317817994912f,-0.48406586550209785f,1.052834222104626f,-0.4185778512535978f,0.6123568287860068f,-0.6706800255554551f,-0.12562960249368751f,0f,0f,0f,1f],start_interpolation:0}
execute if entity @s[tag=aj.axia.bone.arm_left_1] run data modify entity @s {} merge value {transformation:[-0.14024560172316758f,0.8151457722522197f,0.5620218333629389f,0.39616429491985294f,0.7433474686165765f,0.4616435624559631f,-0.48406586550209785f,1.3330321589685172f,-0.6540380050873453f,0.3498893985566005f,-0.6706800255554551f,-0.36980045003095263f,0f,0f,0f,1f],start_interpolation:0}
execute if entity @s[tag=aj.axia.bone.ear_edge_a1] run data modify entity @s {} merge value {transformation:[-0.9869800877803702f,-0.04991108798395309f,0.15290254942711437f,0.14085085046897916f,0.0467590232283144f,0.8205408714125472f,0.569672074169229f,1.9380566114658324f,-0.15389574416398594f,0.5694045676299019f,-0.807523707571745f,-0.28959170421400116f,0f,0f,0f,1f],start_interpolation:0}
execute if entity @s[tag=aj.axia.bone.ear_edge_a2] run data modify entity @s {} merge value {transformation:[-0.9670209107518917f,-0.2036943017054509f,0.15290254942711437f,0.027411829848481922f,-0.08217753020284335f,0.8177533744604721f,0.569672074169229f,1.9368318054198042f,-0.2410755311066288f,0.5383196541194084f,-0.807523707571745f,-0.31193513895022784f,0f,0f,0f,1f],start_interpolation:0}
execute if entity @s[tag=aj.axia.bone.ear_edge_b1] run data modify entity @s {} merge value {transformation:[-0.9970475436681314f,-0.02351145257919604f,0.07309861327660053f,0.01656611604359664f,0.05631420183591206f,0.4232686045307453f,0.9042523978902017f,1.9691411076419696f,-0.0522006354073391f,0.9056991222344271f,-0.42069489377321684f,-0.37184277479719197f,0f,0f,0f,1f],start_interpolation:0}
execute if entity @s[tag=aj.axia.bone.ear_edge_b2] run data modify entity @s {} merge value {transformation:[-0.9409831250522409f,-0.330465355376259f,0.07309861327660053f,0.041919458995959495f,-0.07723920336936449f,0.41995440987407934f,0.9042523978902017f,1.9747748702828665f,-0.32952217501980813f,0.8452401685458142f,-0.42069489377321684f,-0.3553281042087151f,0f,0f,0f,1f],start_interpolation:0}
execute if entity @s[tag=aj.axia.bone.ear_right_2] run data modify entity @s {} merge value {transformation:[-0.9810942323934896f,-0.17919458669632776f,0.07309861327660053f,0.07212613462250206f,-0.010592917154840537f,0.42686694767335986f,0.9042523978902017f,2.0502344245433965f,-0.1932405166376358f,0.8863824846434868f,-0.42069489377321684f,-0.26216664785661126f,0f,0f,0f,1f],start_interpolation:0}
execute if entity @s[tag=aj.axia.bone.ear_right_1] run data modify entity @s {} merge value {transformation:[-0.9810942323934896f,-0.11863775766137258f,0.15290254942711437f,0.09881963009631084f,-0.010592917154840537f,0.8218038196661531f,0.569672074169229f,1.8653285651185123f,-0.1932405166376358f,0.5572823022842213f,-0.807523707571745f,-0.3875551658705608f,0f,0f,0f,1f],start_interpolation:0}
execute if entity @s[tag=aj.axia.bone.ear_edge_a3] run data modify entity @s {} merge value {transformation:[-0.9017887712898982f,-0.41079036298510313f,0.13426946657383815f,-0.23817228986225458f,-0.3128402561756038f,0.8348253528450398f,0.45298742185974383f,1.8857082537068404f,-0.29817442226226987f,0.36649407624915586f,-0.8813478915745128f,-0.3961896785540194f,0f,0f,0f,1f],start_interpolation:0}
execute if entity @s[tag=aj.axia.bone.ear_edge_a4] run data modify entity @s {} merge value {transformation:[-0.9549480257599047f,-0.2646620079332085f,0.13426946657383815f,-0.13084369044207464f,-0.17839321601910413f,0.8734862655561471f,0.45298742185974383f,1.915058933858225f,-0.237171095573685f,0.40862668224375476f,-0.8813478915745128f,-0.36475323559121464f,0f,0f,0f,1f],start_interpolation:0}
execute if entity @s[tag=aj.axia.bone.ear_edge_b3] run data modify entity @s {} merge value {transformation:[-0.8625544535581197f,-0.4878232517962125f,0.13426946657383815f,-0.10837025415621018f,-0.38440962824358527f,0.804382765448447f,0.45298742185974383f,1.9152704252797184f,-0.3289818419923547f,0.33911184240081904f,-0.8813478915745128f,-0.361220806132071f,0f,0f,0f,1f],start_interpolation:0}
execute if entity @s[tag=aj.axia.bone.ear_edge_b4] run data modify entity @s {} merge value {transformation:[-0.9710837087721339f,-0.19740349769782412f,0.13426946657383815f,-0.13881326194142818f,-0.11702733736177187f,0.8838025786038852f,0.45298742185974383f,1.9188137505652965f,-0.20808900227395954f,0.42417550748456545f,-0.8813478915745128f,-0.36403749708241184f,0f,0f,0f,1f],start_interpolation:0}
execute if entity @s[tag=aj.axia.bone.ear_left_2] run data modify entity @s {} merge value {transformation:[-0.9282473463366913f,-0.3468840935598921f,0.13426946657383815f,-0.21751976968229242f,-0.2538437202281912f,0.8546143933597037f,0.45298742185974383f,2.014147501573578f,-0.27188274994858136f,0.38640091135704857f,-0.8813478915745128f,-0.3624863397150726f,0f,0f,0f,1f],start_interpolation:0}
execute if entity @s[tag=aj.axia.bone.ear_left_1] run data modify entity @s {} merge value {transformation:[-0.9282473463366913f,-0.3468840935598921f,0.13426946657383815f,-0.1394708486313168f,-0.2538437202281912f,0.8546143933597037f,0.45298742185974383f,1.8218592630676451f,-0.27188274994858136f,0.38640091135704857f,-0.8813478915745128f,-0.4494265447704084f,0f,0f,0f,1f],start_interpolation:0}
execute if entity @s[tag=aj.axia.bone.head] run data modify entity @s {} merge value {transformation:[-0.9531619149105107f,-0.24424666750610657f,0.17839823254811127f,0.09927586306224818f,-0.17387720820346902f,0.9251044710885356f,0.33756248908812203f,1.3589290448762004f,-0.2474855155993903f,0.2907323218772939f,-0.9242432778139862f,-0.5386085678509107f,0f,0f,0f,1f],start_interpolation:0}
execute if entity @s[tag=aj.axia.bone.body_1] run data modify entity @s {} merge value {transformation:[-0.766044443118978f,-0.10881071662120145f,0.6335109621110874f,0.1757148734139474f,0f,0.9855680983334824f,0.16927942446535935f,0.998862975627321f,-0.6427876096865395f,0.12967556244606732f,-0.7549889650437025f,-0.6297050330518942f,0f,0f,0f,1f],start_interpolation:0}
execute if entity @s[tag=aj.axia.bone.leg_left_2] run data modify entity @s {} merge value {transformation:[-0.8463000854031564f,-0.10772979874361072f,0.5216995839650167f,0.17003061383523366f,-0.21930219578520446f,0.962957949710872f,-0.15690294456262216f,0.42264510885696466f,-0.4854716390999563f,-0.24719683968710976f,-0.8385767764959315f,-0.27938608218852135f,0f,0f,0f,1f],start_interpolation:0}
execute if entity @s[tag=aj.axia.bone.leg_left_1] run data modify entity @s {} merge value {transformation:[-0.8463000854031564f,0.16755304952595654f,0.5056699922292827f,0.23394784951264724f,-0.21930219578520446f,0.7554945749444821f,-0.6173609107752482f,0.6746293576094398f,-0.4854716390999563f,-0.633367131152232f,-0.6026303716255872f,-0.5046389131674209f,0f,0f,0f,1f],start_interpolation:0}
execute if entity @s[tag=aj.axia.bone.leg_right_2] run data modify entity @s {} merge value {transformation:[-0.6906557109653076f,0.1000371580983398f,0.7162312866041343f,-0.14329027230999572f,0.1596370120501466f,0.9870449003946784f,0.016074482528563805f,0.37191491151059425f,-0.7053443933956709f,0.12543895568948085f,-0.6976778304495748f,-0.5527845937198336f,0f,0f,0f,1f],start_interpolation:0}
execute if entity @s[tag=aj.axia.bone.leg_right_1] run data modify entity @s {} merge value {transformation:[-0.6906557109653076f,0.4692012731817141f,0.5503134144791169f,0.042978581654630504f,0.1596370120501466f,0.8411020387930787f,-0.516781757342331f,0.67763851810783f,-0.7053443933956709f,-0.2690678828526086f,-0.6558138158978568f,-0.6659815588376466f,0f,0f,0f,1f],start_interpolation:0}
execute if entity @s[tag=aj.axia.bone.coat_downer] run data modify entity @s {} merge value {transformation:[-0.766044443118978f,0.17338973495287943f,0.6189603468555197f,0.14277350888459908f,0f,0.962931359484917f,-0.2697465419992061f,0.7333079873280519f,-0.6427876096865395f,-0.20663783954905185f,-0.7376482170384236f,-0.6026011359264348f,0f,0f,0f,1f],start_interpolation:0}
execute if entity @s[tag=aj.axia.bone.body_2] run data modify entity @s {} merge value {transformation:[-0.766044443118978f,0.17338973495287943f,0.6189603468555197f,0.18750000000000008f,0f,0.962931359484917f,-0.2697465419992061f,0.948462962962963f,-0.6427876096865395f,-0.20663783954905185f,-0.7376482170384236f,-0.64375f,0f,0f,0f,1f],start_interpolation:0}