execute if entity @s[tag=aj.axia.bone.wing_right_1] run data modify entity @s {} merge value {transformation:[-0.772599963664249f,-0.2180501153460833f,0.14995962052501102f,0.40214840417037173f,-0.20003996217069217f,0.7841651813323682f,0.10960577706109452f,1.1789514534717571f,-0.17325632492118026f,0.06695939088714961f,-0.7952629315460849f,-0.8411188834914135f,0f,0f,0f,1f],start_interpolation:0}
execute if entity @s[tag=aj.axia.bone.wing_right_2] run data modify entity @s {} merge value {transformation:[-0.7809633892081043f,0.09228653124265163f,0.14689922010613327f,0.40214840417037173f,0.11292166177922854f,0.7846786682200556f,0.10736892446801097f,1.1789514534717571f,-0.13169997349129814f,0.12554912899578005f,-0.7790330758002464f,-0.8411188834914135f,0f,0f,0f,1f],start_interpolation:0}
execute if entity @s[tag=aj.axia.bone.wing_left_1] run data modify entity @s {} merge value {transformation:[-0.3047847477966138f,-0.028078122112728646f,0.7571408858420088f,0.3445971024424075f,0.20003996217069217f,0.7841651813323682f,0.10960577706109452f,1.1789514534717571f,-0.7307767891016701f,0.22636482034327027f,-0.28577735576083774f,-0.8894101595451207f,0f,0f,0f,1f],start_interpolation:0}
execute if entity @s[tag=aj.axia.bone.wing_left_2] run data modify entity @s {} merge value {transformation:[-0.26531202432630946f,-0.13966714359246268f,0.7416890310289066f,0.3445971024424075f,-0.11292166177922854f,0.7846786682200556f,0.10736892446801097f,1.1789514534717571f,-0.7462293401152847f,-0.06908311400857912f,-0.2799451648269431f,-0.8894101595451207f,0f,0f,0f,1f],start_interpolation:0}
execute if entity @s[tag=aj.axia.bone.blade] run data modify entity @s {} merge value {transformation:[0.0989943037504028f,-1.1203585294672052f,1.653782601575871f,-0.5088578162744182f,1.9543633341974769f,-0.2881179864337015f,-0.31217300305745443f,0.7863323651672594f,0.41311509990496936f,1.6314977141704714f,1.080532795840569f,-0.9009203942672526f,0f,0f,0f,1f],start_interpolation:0}
execute if entity @s[tag=aj.axia.bone.arm_right_2] run data modify entity @s {} merge value {transformation:[-0.6910043310431483f,-0.3499133767956256f,0.6325137494308672f,-0.22966777933221685f,-0.7121976146979042f,0.4792402940724739f,-0.5129359591176506f,1.0223432586833119f,-0.12364292174737196f,-0.8049157529063594f,-0.580364591119205f,-0.9353716559656463f,0f,0f,0f,1f],start_interpolation:0}
execute if entity @s[tag=aj.axia.bone.arm_right_1] run data modify entity @s {} merge value {transformation:[-0.4329992275765482f,-0.3499133767956256f,0.8307059032278483f,-0.060527456060127716f,-0.8446812733272544f,0.4792402940724739f,-0.2384162054634221f,1.3522968810767706f,-0.31468272181414847f,-0.8049157529063594f,-0.5030759538229073f,-0.8124487177569946f,0f,0f,0f,1f],start_interpolation:0}
execute if entity @s[tag=aj.axia.bone.arm_left_2] run data modify entity @s {} merge value {transformation:[0.40147290599145513f,0.7719463046176921f,0.49286753650637766f,0.4028855277066144f,0.8486135608603222f,-0.11112014324732444f,-0.5172111155888452f,1.0394259302925666f,-0.34449169812745856f,0.6259003247736684f,-0.699695829178277f,-0.1472965454634517f,0f,0f,0f,1f],start_interpolation:0}
execute if entity @s[tag=aj.axia.bone.arm_left_1] run data modify entity @s {} merge value {transformation:[-0.019583889033671087f,0.8698839363664852f,0.49286753650637766f,0.398259956620133f,0.7973538270741599f,0.3109976468745903f,-0.5172111155888452f,1.3394054830918596f,-0.6031942852352857f,0.3828608113793005f,-0.699695829178277f,-0.3722979623911235f,0f,0f,0f,1f],start_interpolation:0}
execute if entity @s[tag=aj.axia.bone.ear_edge_a1] run data modify entity @s {} merge value {transformation:[-0.9890375395244447f,-0.03640845535254249f,0.14310544989717916f,0.14866515858700285f,0.04975795655372224f,0.830276541520708f,0.5551261211292529f,1.9488779366330249f,-0.13902838260955935f,0.55616120772601f,-0.8193630574108867f,-0.30098075071582286f,0f,0f,0f,1f],start_interpolation:0}
execute if entity @s[tag=aj.axia.bone.ear_edge_a2] run data modify entity @s {} merge value {transformation:[-0.9711653089631808f,-0.19067976525099758f,0.14310544989717916f,0.03487991787417585f,-0.08073851306829412f,0.8278383188446348f,0.5551261211292529f,1.9479205136374842f,-0.2243194935220087f,0.5275651097033555f,-0.8193630574108867f,-0.32150251872278623f,0f,0f,0f,1f],start_interpolation:0}
execute if entity @s[tag=aj.axia.bone.ear_edge_b1] run data modify entity @s {} merge value {transformation:[-0.9974333263800313f,-0.006806036375394425f,0.07127718635946961f,0.023256756148443747f,0.061080057189957654f,0.43857646975894976f,0.8966158077947592f,1.9792780771086367f,-0.037362896570491716f,0.8986681022728212f,-0.43703507401263436f,-0.38176901584551004f,0f,0f,0f,1f],start_interpolation:0}
execute if entity @s[tag=aj.axia.bone.ear_edge_b2] run data modify entity @s {} merge value {transformation:[-0.9465122837193486f,-0.314696773852324f,0.07127718635946961f,0.04889980723765495f,-0.07743699608229579f,0.43598578514706415f,0.8966158077947592f,1.9850451124296205f,-0.3132379421560131f,0.8431383846538109f,-0.43703507401263436f,-0.36575524491413275f,0f,0f,0f,1f],start_interpolation:0}
execute if entity @s[tag=aj.axia.bone.ear_right_2] run data modify entity @s {} merge value {transformation:[-0.9840885683271524f,-0.16275519159920165f,0.07127718635946961f,0.08099266025857213f,-0.008280415096568905f,0.4427318917114284f,0.8966158077947592f,2.0618892396853843f,-0.17748556114130498f,0.881759161942266f,-0.43703507401263436f,-0.2743732257718103f,0f,0f,0f,1f],start_interpolation:0}
execute if entity @s[tag=aj.axia.bone.ear_right_1] run data modify entity @s {} merge value {transformation:[-0.9840885683271524f,-0.10531153734297749f,0.14310544989717916f,0.10468775616074202f,-0.008280415096568905f,0.8317249691850177f,0.5551261211292529f,1.8747511216187556f,-0.17748556114130498f,0.545108297255362f,-0.8193630574108867f,-0.39702259265426654f,0f,0f,0f,1f],start_interpolation:0}
execute if entity @s[tag=aj.axia.bone.ear_edge_a3] run data modify entity @s {} merge value {transformation:[-0.9080972668739172f,-0.40038920445183296f,0.12266963297633855f,-0.2322838948824018f,-0.31269560123324597f,0.8431903055549135f,0.43732318665672193f,1.8968930100729036f,-0.27853332810545345f,0.35877373590696343f,-0.8908987549423673f,-0.4006672877773147f,0f,0f,0f,1f],start_interpolation:0}
execute if entity @s[tag=aj.axia.bone.ear_edge_a4] run data modify entity @s {} merge value {transformation:[-0.9595517536239855f,-0.2534020387893212f,0.12266963297633855f,-0.12431154399423087f,-0.17694177511687192f,0.881725602798796f,0.43732318665672193f,1.9261595369416389f,-0.2189795431898254f,0.39792884804511863f,-0.8908987549423673f,-0.3714340451634119f,0f,0f,0f,1f],start_interpolation:0}
execute if entity @s[tag=aj.axia.bone.ear_edge_b3] run data modify entity @s {} merge value {transformation:[-0.869745464109258f,-0.47801149442960256f,0.12266963297633855f,-0.10178391614160044f,-0.3849945774234337f,0.8127284944967547f,0.43732318665672193f,1.9263030169375275f,-0.30874261613182485f,0.3331327144340771f,-0.8908987549423673f,-0.3682617397203358f,0f,0f,0f,1f],start_interpolation:0}
execute if entity @s[tag=aj.axia.bone.ear_edge_b4] run data modify entity @s {} merge value {transformation:[-0.9748907664445751f,-0.18584981745097148f,0.12266963297633855f,-0.13224831361872996f,-0.11500468498459246f,0.8919205978359309f,0.43732318665672193f,1.929970993009092f,-0.19068800678779904f,0.4122347541261363f,-0.8908987549423673f,-0.3706559124154201f,0f,0f,0f,1f],start_interpolation:0}
execute if entity @s[tag=aj.axia.bone.ear_left_2] run data modify entity @s {} merge value {transformation:[-0.933814926600397f,-0.336068213319477f,0.12266963297633855f,-0.21040400892724392f,-0.2531159080539254f,0.8629488788465087f,0.43732318665672193f,2.0257620744195894f,-0.2528280442283488f,0.3773292839070509f,-0.8908987549423673f,-0.36947246647234605f,0f,0f,0f,1f],start_interpolation:0}
execute if entity @s[tag=aj.axia.bone.ear_left_1] run data modify entity @s {} merge value {transformation:[-0.933814926600397f,-0.336068213319477f,0.12266963297633855f,-0.1347886609303617f,-0.2531159080539254f,0.8629488788465087f,0.43732318665672193f,1.8315985766791254f,-0.2528280442283488f,0.3773292839070509f,-0.8908987549423673f,-0.45437155535143237f,0f,0f,0f,1f],start_interpolation:0}
execute if entity @s[tag=aj.axia.bone.head] run data modify entity @s {} merge value {transformation:[-0.9579056683644149f,-0.2345871981776252f,0.16548588147178955f,0.10000405288522968f,-0.1726101797585209f,0.9312359642991462f,0.32094439493402926f,1.3658869051039395f,-0.2293958507886633f,0.2788699073887512f,-0.9325283472334418f,-0.5394763906885395f,0f,0f,0f,1f],start_interpolation:0}
execute if entity @s[tag=aj.axia.bone.body_1] run data modify entity @s {} merge value {transformation:[-0.766044443118978f,-0.09866555312105588f,0.6351700715508021f,0.17437069061495933f,0f,0.9881492144202155f,0.15349635188078833f,1.0043611400775054f,-0.6427876096865395f,0.11758502739731322f,-0.7569662146789896f,-0.6281030983720969f,0f,0f,0f,1f],start_interpolation:0}
execute if entity @s[tag=aj.axia.bone.leg_left_2] run data modify entity @s {} merge value {transformation:[-0.8408529939400678f,-0.09212330343523775f,0.5333662339764333f,0.17894495258250065f,-0.2095853080490367f,0.9639528740741743f,-0.1639172206149484f,0.4133403858064969f,-0.4990393183227297f,-0.24961601216331936f,-0.8298503511113718f,-0.2978139006359307f,0f,0f,0f,1f],start_interpolation:0}
execute if entity @s[tag=aj.axia.bone.leg_left_1] run data modify entity @s {} merge value {transformation:[-0.8408529939400678f,0.14547539068479032f,0.5213474400887875f,0.2372235689387544f,-0.2095853080490367f,0.8005553057667386f,-0.5614135739886542f,0.6812896976279019f,-0.4990393183227297f,-0.5813330483585389f,-0.6426598210983429f,-0.5085427635618148f,0f,0f,0f,1f],start_interpolation:0}
execute if entity @s[tag=aj.axia.bone.leg_right_2] run data modify entity @s {} merge value {transformation:[-0.7027140050758678f,0.0857134790159868f,0.7062904689893594f,-0.13350452711665628f,0.14231869836893044f,0.9895872611778804f,0.021504432311383992f,0.3766319825368641f,-0.6970928310955484f,0.1156298059733627f,-0.707595458440595f,-0.551486898367321f,0f,0f,0f,1f],start_interpolation:0}
execute if entity @s[tag=aj.axia.bone.leg_right_1] run data modify entity @s {} merge value {transformation:[-0.7027140050758678f,0.4517796073600229f,0.5496255210994635f,0.046218304163967244f,0.14231869836893044f,0.8461637540214536f,-0.5135681935973977f,0.684313986664958f,-0.6970928310955484f,-0.2826695734491852f,-0.6589078062075521f,-0.6698425097771571f,0f,0f,0f,1f],start_interpolation:0}
execute if entity @s[tag=aj.axia.bone.coat_downer] run data modify entity @s {} merge value {transformation:[-0.766044443118978f,0.16187072158634877f,0.6220721667617429f,0.14534728843368327f,0f,0.9677724918579271f,-0.2518261384429708f,0.7402633338504945f,-0.6427876096865395f,-0.19291001398634822f,-0.7413567395911714f,-0.6056684469506015f,0f,0f,0f,1f],start_interpolation:0}
execute if entity @s[tag=aj.axia.bone.body_2] run data modify entity @s {} merge value {transformation:[-0.766044443118978f,0.16187072158634877f,0.6220721667617429f,0.18750000000000008f,0f,0.9677724918579271f,-0.2518261384429708f,0.9565f,-0.6427876096865395f,-0.19291001398634822f,-0.7413567395911714f,-0.64375f,0f,0f,0f,1f],start_interpolation:0}