execute if entity @s[tag=aj.axia.bone.wing_right_1] run data modify entity @s {} merge value {transformation:[-0.80637558488457f,-0.12662589688472783f,0.02586006157475679f,0.2525410458247471f,-0.1277821079413957f,0.8056300524420826f,-0.039703852919647134f,1.407839809117655f,-0.019354416461506683f,-0.04324980097930789f,-0.8152909331785366f,-0.970133336430966f,0f,0f,0f,1f],start_interpolation:0}
execute if entity @s[tag=aj.axia.bone.wing_right_2] run data modify entity @s {} merge value {transformation:[-0.7772586428452188f,0.18768930825928096f,0.025332305216088286f,0.2525410458247471f,0.18636342811768167f,0.7770173504219702f,-0.03889357020700128f,1.407839809117655f,-0.033729434958714236f,-0.03188668544038177f,-0.7986523427055053f,-0.970133336430966f,0f,0f,0f,1f],start_interpolation:0}
execute if entity @s[tag=aj.axia.bone.wing_left_1] run data modify entity @s {} merge value {transformation:[-0.6060213712725074f,0.12241779395627578f,0.5335695134922095f,0.19528830238220762f,0.1277821079413957f,0.8056300524420826f,-0.039703852919647134f,1.407839809117655f,-0.532310318231281f,0.05402357605240774f,-0.6169859178129321f,-0.9924955479777815f,0f,0f,0f,1f],start_interpolation:0}
execute if entity @s[tag=aj.axia.bone.wing_left_2] run data modify entity @s {} merge value {transformation:[-0.5943555945373157f,-0.11639024737349332f,0.5226803397474705f,0.19528830238220762f,-0.18636342811768167f,0.7770173504219702f,-0.03889357020700128f,1.407839809117655f,-0.5020060755632545f,-0.15065638871139278f,-0.6043943684698111f,-0.9924955479777815f,0f,0f,0f,1f],start_interpolation:0}
execute if entity @s[tag=aj.axia.bone.blade] run data modify entity @s {} merge value {transformation:[0.18112206941781797f,-0.3858650277225149f,1.9540478439256574f,-0.5870322967283139f,1.9891231392323352f,-0.06630398988380247f,-0.19746624495338305f,1.077214533552751f,0.10287824327965552f,1.9613036382228508f,0.3777619697024833f,-0.6549945469971278f,0f,0f,0f,1f],start_interpolation:0}
execute if entity @s[tag=aj.axia.bone.arm_right_2] run data modify entity @s {} merge value {transformation:[-0.6583533789505889f,-0.6526965173101116f,0.3749107690045639f,-0.3520092045426983f,-0.7124447356033553f,0.37961833650764765f,-0.5901799872057946f,1.303179816642525f,0.2428854197670329f,-0.655650192464257f,-0.7149332122556449f,-0.8239269788117449f,0f,0f,0f,1f],start_interpolation:0}
execute if entity @s[tag=aj.axia.bone.arm_right_1] run data modify entity @s {} merge value {transformation:[-0.49042277712005955f,-0.6526965173101116f,0.5774710001143776f,-0.16043780723017503f,-0.8713325045763076f,0.37961833650764765f,-0.3109173283301293f,1.6435440762426452f,-0.016283923072387657f,-0.655650192464257f,-0.7548891699918308f,-0.8175660713615935f,0f,0f,0f,1f],start_interpolation:0}
execute if entity @s[tag=aj.axia.bone.arm_left_2] run data modify entity @s {} merge value {transformation:[-0.7098976252234379f,0.27220019178504945f,0.6495786459654485f,0.6973880313620033f,0.22366391964084817f,0.9616837832847447f,-0.15855204829340044f,1.6446822566365449f,-0.6678471477464101f,0.03273158351383018f,-0.7435783957913663f,-0.29969169933588347f,0f,0f,0f,1f],start_interpolation:0}
execute if entity @s[tag=aj.axia.bone.arm_left_1] run data modify entity @s {} merge value {transformation:[-0.7552321050967908f,0.087590239962934f,0.6495786459654485f,0.4144497114505909f,-0.021888636839178847f,0.9871079655029079f,-0.15855204829340044f,1.6395587302140493f,-0.655091867609721f,-0.13396198828005607f,-0.7435783957913663f,-0.5457697809029041f,0f,0f,0f,1f],start_interpolation:0}
execute if entity @s[tag=aj.axia.bone.ear_edge_a1] run data modify entity @s {} merge value {transformation:[-0.9785690624140359f,0.13648040259142058f,0.15419367624710897f,0.2474034167899461f,0.19006459110382318f,0.8867752473462724f,0.42131355532725706f,2.26928037821972f,-0.07923409174497428f,0.44159116884562f,-0.8937109142798403f,-0.4873777226647572f,0f,0f,0f,1f],start_interpolation:0}
execute if entity @s[tag=aj.axia.bone.ear_edge_a2] run data modify entity @s {} merge value {transformation:[-0.9878714921813232f,-0.018281825424383488f,0.15419367624710897f,0.13343119418905722f,0.04900236916369595f,0.9055902251646996f,0.42131355532725706f,2.284050696016595f,-0.14733866685901142f,0.42375950602352414f,-0.8937109142798403f,-0.5000785420317407f,0f,0f,0f,1f],start_interpolation:0}
execute if entity @s[tag=aj.axia.bone.ear_edge_b1] run data modify entity @s {} merge value {transformation:[-0.9764336435553317f,0.136118238846885f,0.16747884877345504f,0.12153406705988469f,0.21485706410064748f,0.5399611142655284f,0.8138049134081086f,2.3093024260489323f,0.020341625778430836f,0.8306105104887317f,-0.5564821633496793f,-0.5630964271695288f,0f,0f,0f,1f],start_interpolation:0}
execute if entity @s[tag=aj.axia.bone.ear_edge_b2] run data modify entity @s {} merge value {transformation:[-0.9707064284811932f,-0.17227845169609723f,0.16747884877345504f,0.14902822165964766f,0.03748405027528516f,0.5799280204368303f,0.8138049134081086f,2.3127962003795055f,-0.23732672769885443f,0.7962434465623028f,-0.5564821633496793f,-0.5497124580732049f,0f,0f,0f,1f],start_interpolation:0}
execute if entity @s[tag=aj.axia.bone.ear_right_2] run data modify entity @s {} merge value {transformation:[-0.9857057089806606f,-0.0183054772254493f,0.16747884877345504f,0.20000489439103536f,0.12774328905405674f,0.5669243468175207f,0.8138049134081086f,2.3940473887931195f,-0.10984492425499216f,0.8235664481321929f,-0.5564821633496793f,-0.47170433189482264f,0f,0f,0f,1f],start_interpolation:0}
execute if entity @s[tag=aj.axia.bone.ear_right_1] run data modify entity @s {} merge value {transformation:[-0.9857057089806606f,0.06788641608109092f,0.15419367624710897f,0.18473045077278993f,0.12774328905405674f,0.8978733430719268f,0.42131355532725706f,2.1920258866019364f,-0.10984492425499216f,0.43498838411215873f,-0.8937109142798403f,-0.5695767183200582f,0f,0f,0f,1f],start_interpolation:0}
execute if entity @s[tag=aj.axia.bone.ear_edge_a3] run data modify entity @s {} merge value {transformation:[-0.9652397971777078f,-0.23697731221964996f,0.11024467078951239f,-0.14415172568658297f,-0.19490403146516855f,0.9336596459297396f,0.30048641247313945f,2.267180216494085f,-0.17413946268138655f,0.2685543130458039f,-0.9473932807876221f,-0.5540273987398886f,0f,0f,0f,1f],start_interpolation:0}
execute if entity @s[tag=aj.axia.bone.ear_edge_a4] run data modify entity @s {} merge value {transformation:[-0.9904275126145903f,-0.08306295695788624f,0.11024467078951239f,-0.03090637800380902f,-0.04644789217246463f,0.9526544542654263f,0.30048641247313945f,2.282130581078883f,-0.1299843666323406f,0.2924893774988332f,-0.9473932807876221f,-0.5361076205049526f,0f,0f,0f,1f],start_interpolation:0}
execute if entity @s[tag=aj.axia.bone.ear_edge_b3] run data modify entity @s {} merge value {transformation:[-0.9409128346747371f,-0.3202017334538696f,0.11024467078951239f,-0.008424905478576494f,-0.2755361626968297f,0.9131197834705633f,0.30048641247313945f,2.2790528964583174f,-0.19688286007333683f,0.25235512859422643f,-0.9473932807876221f,-0.5344676889595668f,0f,0f,0f,1f],start_interpolation:0}
execute if entity @s[tag=aj.axia.bone.ear_edge_b4] run data modify entity @s {} merge value {transformation:[-0.9938090599487162f,-0.013771888990307457f,0.11024467078951239f,-0.03808442516650446f,0.020119067984594813f,0.9535738770658797f,0.30048641247313945f,2.287228585237934f,-0.10926470366628271f,0.3008441391338464f,-0.9473932807876221f,-0.535325960396969f,0f,0f,0f,1f],start_interpolation:0}
execute if entity @s[tag=aj.axia.bone.ear_left_2] run data modify entity @s {} merge value {transformation:[-0.979419223202369f,-0.16906832282890935f,0.11024467078951239f,-0.1005717456376089f,-0.12930045046311456f,0.9449811159113487f,0.30048641247313945f,2.393713104611216f,-0.15498186581566226f,0.28004748309306715f,-0.9473932807876221f,-0.5418087410837241f,0f,0f,0f,1f],start_interpolation:0}
execute if entity @s[tag=aj.axia.bone.ear_left_1] run data modify entity @s {} merge value {transformation:[-0.979419223202369f,-0.16906832282890935f,0.11024467078951239f,-0.06253137300110435f,-0.12930045046311456f,0.9449811159113487f,0.30048641247313945f,2.181092353531163f,-0.15498186581566226f,0.28004748309306715f,-0.9473932807876221f,-0.6048194247796641f,0f,0f,0f,1f],start_interpolation:0}
execute if entity @s[tag=aj.axia.bone.head] run data modify entity @s {} merge value {transformation:[-0.9890472950955771f,-0.06728699852637834f,0.13136935675199746f,0.09147883323211177f,-0.04373413228309485f,0.983672871738059f,0.1745709227793818f,1.6769714319639386f,-0.14097082583842366f,0.1669135741511495f,-0.9758417315459108f,-0.6422462241915156f,0f,0f,0f,1f],start_interpolation:0}
execute if entity @s[tag=aj.axia.bone.body_1] run data modify entity @s {} merge value {transformation:[-0.9314691562166822f,0.0187634520564567f,0.3633361307163204f,0.09517230882115685f,0f,0.9986692063923149f,-0.0515734059738534f,1.300947452421655f,-0.36382030044650066f,-0.04803903694568562f,-0.9302295630178332f,-0.6517024271197538f,0f,0f,0f,1f],start_interpolation:0}
execute if entity @s[tag=aj.axia.bone.leg_left_2] run data modify entity @s {} merge value {transformation:[-0.9609932242229802f,-0.12062768010844252f,0.24887946036018382f,0.1093534078353415f,-0.11751871572951808f,0.992693447814743f,0.027369145382396626f,0.9092241946282577f,-0.2503624861092527f,-0.0029464312877273413f,-0.9681476871282918f,-0.21350216568550529f,0f,0f,0f,1f],start_interpolation:0}
execute if entity @s[tag=aj.axia.bone.leg_left_1] run data modify entity @s {} merge value {transformation:[-0.9609932242229802f,0.2176685123238177f,0.17062368458176339f,0.17728946798384498f,-0.11751871572951808f,0.23708934983540203f,-0.9643536652327874f,1.0031704456552475f,-0.2503624861092527f,-0.946788814328392f,-0.20226113470420337f,-0.5183662746722812f,0f,0f,0f,1f],start_interpolation:0}
execute if entity @s[tag=aj.axia.bone.leg_right_2] run data modify entity @s {} merge value {transformation:[-0.9237386317328059f,-0.0017332060441664632f,0.3830194985130812f,-0.13784746017157495f,0.025710511427766404f,0.9974537656290404f,0.06652033549652381f,0.6861904410704719f,-0.38215953454876195f,0.07129503088754413f,-0.9213420150650994f,-0.4320445204254707f,0f,0f,0f,1f],start_interpolation:0}
execute if entity @s[tag=aj.axia.bone.leg_right_1] run data modify entity @s {} merge value {transformation:[-0.9237386317328059f,0.2043344553887942f,0.32396661955418893f,-0.055147665284136116f,0.025710511427766404f,0.8769853237347651f,-0.47982883568617657f,1.006063146801893f,-0.38215953454876195f,-0.4349070846684312f,-0.8153587663468638f,-0.6104226540451361f,0f,0f,0f,1f],start_interpolation:0}
execute if entity @s[tag=aj.axia.bone.coat_downer] run data modify entity @s {} merge value {transformation:[-0.9314691562166822f,0.1376498515806255f,0.33677548808785623f,0.06196675850451125f,0f,0.9256643669266021f,-0.3783457146610398f,1.0595781180148374f,-0.36382030044650066f,-0.35241736359351633f,-0.8622278068009714f,-0.588161591419312f,0f,0f,0f,1f],start_interpolation:0}
execute if entity @s[tag=aj.axia.bone.body_2] run data modify entity @s {} merge value {transformation:[-0.9314691562166822f,0.1376498515806255f,0.33677548808785623f,0.10000000000000009f,0f,0.9256643669266021f,-0.3783457146610398f,1.26640625f,-0.36382030044650066f,-0.35241736359351633f,-0.8622278068009714f,-0.6640625f,0f,0f,0f,1f],start_interpolation:0}