execute if entity @s[tag=aj.axia.bone.wing_right_1] run data modify entity @s {} merge value {transformation:[-0.77040619535112f,-0.1708037521403299f,0.2103445194528287f,0.4122408336928728f,-0.16379987626531692f,0.7985972237395725f,0.04854399257743606f,1.116652514081264f,-0.21584332082444316f,0.0036051261664587367f,-0.7876186312964193f,-0.8581166794747521f,0f,0f,0f,1f],start_interpolation:0}
execute if entity @s[tag=aj.axia.bone.wing_right_2] run data modify entity @s {} merge value {transformation:[-0.7612665616992875f,0.13422327817833288f,0.206051774157873f,0.4122408336928728f,0.15113003123116758f,0.7841545749585467f,0.04755329885136594f,1.116652514081264f,-0.19399210215524634f,0.08417668422219357f,-0.7715447816781251f,-0.8581166794747521f,0f,0f,0f,1f],start_interpolation:0}
execute if entity @s[tag=aj.axia.bone.wing_left_1] run data modify entity @s {} merge value {transformation:[-0.34634380766984796f,0.026109404098526537f,0.7391269920323678f,0.359584131716105f,0.16379987626531692f,0.7985972237395725f,0.04854399257743606f,1.116652514081264f,-0.7212211948276774f,0.16883488294043728f,-0.34391745358191783f,-0.9023008986824699f,0f,0f,0f,1f],start_interpolation:0}
execute if entity @s[tag=aj.axia.bone.wing_left_2] run data modify entity @s {} merge value {transformation:[-0.32323747738347375f,-0.1062054789010256f,0.7240427677051766f,0.359584131716105f,-0.15113003123116758f,0.7841545749585467f,0.04755329885136594f,1.116652514081264f,-0.7160148370493692f,-0.11756699716750799f,-0.3368987300394297f,-0.9023008986824699f,0f,0f,0f,1f],start_interpolation:0}
execute if entity @s[tag=aj.axia.bone.blade] run data modify entity @s {} merge value {transformation:[0.374683969286079f,-1.2254431493442144f,1.535545834837034f,-0.5429673893813868f,1.9106662346514396f,-0.13643694508777837f,-0.5750995564056739f,0.8104738857724975f,0.45712849716782866f,1.5746980814557587f,1.145146055897078f,-0.966060713259848f,0f,0f,0f,1f],start_interpolation:0}
execute if entity @s[tag=aj.axia.bone.arm_right_2] run data modify entity @s {} merge value {transformation:[-0.7527152918130797f,-0.2536859011669972f,0.6075056814712428f,-0.23649224918102071f,-0.6328954568772776f,0.5329316502364688f,-0.5616290562643068f,1.0097771350921247f,-0.18128163209451917f,-0.8072343648069762f,-0.5617024569465803f,-0.9768800634690376f,0f,0f,0f,1f],start_interpolation:0}
execute if entity @s[tag=aj.axia.bone.arm_right_1] run data modify entity @s {} merge value {transformation:[-0.4995418250215101f,-0.2536859011669972f,0.8283123979533735f,-0.04135872378199332f,-0.7868156408758821f,0.5329316502364688f,-0.31129568491919185f,1.317126994809266f,-0.3624625667944952f,-0.8072343648069762f,-0.46582568407873737f,-0.8352931233149379f,0f,0f,0f,1f],start_interpolation:0}
execute if entity @s[tag=aj.axia.bone.arm_left_2] run data modify entity @s {} merge value {transformation:[0.45471182337715127f,0.7188139672992512f,0.52587416564853f,0.38737057070266934f,0.8122949036353353f,-0.09255859566829322f,-0.5758557943582528f,1.0208855470700222f,-0.3652590138642542f,0.689013342964724f,-0.6259764101046366f,-0.15497691825138196f,0f,0f,0f,1f],start_interpolation:0}
execute if entity @s[tag=aj.axia.bone.arm_left_1] run data modify entity @s {} merge value {transformation:[0.07142296073535309f,0.8475583299002251f,0.52587416564853f,0.41680280075936493f,0.7632531824528187f,0.2929755682299627f,-0.5758557943582528f,1.3080210391405478f,-0.6421396578279839f,0.44250445629063634f,-0.6259764101046366f,-0.3943964635109677f,0f,0f,0f,1f],start_interpolation:0}
execute if entity @s[tag=aj.axia.bone.ear_edge_a1] run data modify entity @s {} merge value {transformation:[-0.939252827027311f,-0.04953300652327455f,0.3396330493134754f,0.21782935061897835f,0.14025456150706614f,0.8477526642033896f,0.5115115622471456f,1.926514111645974f,-0.313261527956538f,0.5280737653025571f,-0.7893068563629199f,-0.36856553044399026f,0f,0f,0f,1f],start_interpolation:0}
execute if entity @s[tag=aj.axia.bone.ear_edge_a2] run data modify entity @s {} merge value {transformation:[-0.9199403967485941f,-0.19585468655120308f,0.3396330493134754f,0.10989230236991956f,0.005910060604725098f,0.859256069440963f,0.5115115622471456f,1.9358539143439377f,-0.3920136956965764f,0.47256740141994247f,-0.7893068563629199f,-0.40895739009223464f,0f,0f,0f,1f],start_interpolation:0}
execute if entity @s[tag=aj.axia.bone.ear_edge_b1] run data modify entity @s {} merge value {transformation:[-0.9641521711074706f,-0.12000073947363918f,0.23666519278197762f,0.11222761873775938f,0.15566916953729337f,0.46649535791845115f,0.870717629714769f,1.9661875211351227f,-0.21488997325217435f,0.8763457671297992f,-0.4310920966909087f,-0.47080287454577463f,0f,0f,0f,1f],start_interpolation:0}
execute if entity @s[tag=aj.axia.bone.ear_edge_b2] run data modify entity @s {} merge value {transformation:[-0.8798809371969648f,-0.4120668912723522f,0.23666519278197762f,0.13511570191564443f,0.003895184680872771f,0.49176786885704143f,0.870717629714769f,1.9699794778508382f,-0.4751782443396298f,0.7670496987007709f,-0.4310920966909087f,-0.4505785738728626f,0f,0f,0f,1f],start_interpolation:0}
execute if entity @s[tag=aj.axia.bone.ear_right_2] run data modify entity @s {} merge value {transformation:[-0.9335096064783461f,-0.2693499603454824f,0.23666519278197762f,0.15826820884108897f,0.08077667198238851f,0.48510404921763334f,0.870717629714769f,2.0463350391134565f,-0.3493350023631945f,0.8319402985157909f,-0.4310920966909087f,-0.35613581756732166f,0f,0f,0f,1f],start_interpolation:0}
execute if entity @s[tag=aj.axia.bone.ear_right_1] run data modify entity @s {} merge value {transformation:[-0.9335096064783461f,-0.11493131177653014f,0.3396330493134754f,0.18412775399080822f,0.08077667198238851f,0.8554712449585515f,0.5115115622471456f,1.8538540089977826f,-0.3493350023631945f,0.5049353846012299f,-0.7893068563629199f,-0.4697462791025982f,0f,0f,0f,1f],start_interpolation:0}
execute if entity @s[tag=aj.axia.bone.ear_edge_a3] run data modify entity @s {} merge value {transformation:[-0.8720259281568624f,-0.37011035900155903f,0.3202953368094825f,-0.14302191231090422f,-0.23270204024492633f,0.889191659572424f,0.39393902194716235f,1.908239076153372f,-0.4306048549285195f,0.2689916628941784f,-0.8615236179034288f,-0.5335334325330381f,0f,0f,0f,1f],start_interpolation:0}
execute if entity @s[tag=aj.axia.bone.ear_edge_a4] run data modify entity @s {} merge value {transformation:[-0.9191878579534429f,-0.22913877674689098f,0.3202953368094825f,-0.03945436705008252f,-0.090736870399167f,0.9146468538936094f,0.39393902194716235f,1.9279078500886588f,-0.38322382773142655f,0.333041369282347f,-0.8615236179034288f,-0.48603560599823514f,0f,0f,0f,1f],start_interpolation:0}
execute if entity @s[tag=aj.axia.bone.ear_edge_b3] run data modify entity @s {} merge value {transformation:[-0.8364503629910166f,-0.4447040448099131f,0.3202953368094825f,-0.01793313629207896f,-0.30931469826218505f,0.8655266976970072f,0.39393902194716235f,1.9259836063121905f,-0.45241044162482624f,0.23043838244401996f,-0.8615236179034288f,-0.4789143675139905f,0f,0f,0f,1f],start_interpolation:0}
execute if entity @s[tag=aj.axia.bone.ear_edge_b4] run data modify entity @s {} merge value {transformation:[-0.9329326755935942f,-0.1644613025239621f,0.3202953368094825f,-0.046979983583650575f,-0.02671330069451744f,0.9187483042451384f,0.39393902194716235f,1.9324900362888138f,-0.3590585222157835f,0.35896244012264633f,-0.8615236179034288f,-0.4867382192750741f,0f,0f,0f,1f],start_interpolation:0}
execute if entity @s[tag=aj.axia.bone.ear_left_2] run data modify entity @s {} merge value {transformation:[-0.8957193103638633f,-0.3083793350070422f,0.3202953368094825f,-0.11408614817049911f,-0.17010831511599434f,0.9032581071408717f,0.39393902194716235f,2.0353548646797646f,-0.41079201327397163f,0.2983738889797561f,-0.8615236179034288f,-0.5009239263703534f,0f,0f,0f,1f],start_interpolation:0}
execute if entity @s[tag=aj.axia.bone.ear_left_1] run data modify entity @s {} merge value {transformation:[-0.8957193103638633f,-0.3083793350070422f,0.3202953368094825f,-0.044700797793914726f,-0.17010831511599434f,0.9032581071408717f,0.39393902194716235f,1.832121790573069f,-0.41079201327397163f,0.2983738889797561f,-0.8615236179034288f,-0.5680580513907985f,0f,0f,0f,1f],start_interpolation:0}
execute if entity @s[tag=aj.axia.bone.head] run data modify entity @s {} merge value {transformation:[-0.9153142071388917f,-0.18486274533393451f,0.3578067461595762f,0.15327417426460146f,-0.08692887369885521f,0.958172455346916f,0.27266997768714946f,1.3434035796174078f,-0.3932470891528009f,0.2184749669917883f,-0.8930987715089447f,-0.6029612492203353f,0f,0f,0f,1f],start_interpolation:0}
execute if entity @s[tag=aj.axia.bone.body_1] run data modify entity @s {} merge value {transformation:[-0.766044443118978f,-0.042158237712657864f,0.6414036125245149f,0.17375402312353136f,0f,0.9978468826387311f,0.065586574908027f,0.969688580495853f,-0.6427876096865395f,0.05024223125150068f,-0.764395059528995f,-0.6273681826737515f,0f,0f,0f,1f],start_interpolation:0}
execute if entity @s[tag=aj.axia.bone.leg_left_2] run data modify entity @s {} merge value {transformation:[-0.8349949695030676f,0.20891312535157705f,0.5090566834453778f,0.07208993776241909f,-0.14638995541006156f,0.8074459060319087f,-0.5714902359510179f,0.5213606573923178f,-0.530427546286589f,-0.5517122573299837f,-0.6436304865776964f,-0.2138075017622207f,0f,0f,0f,1f],start_interpolation:0}
execute if entity @s[tag=aj.axia.bone.leg_left_1] run data modify entity @s {} merge value {transformation:[-0.8349949695030676f,0.42203862551934723f,0.3530818594523253f,0.22166640127429f,-0.14638995541006156f,0.4481636203820416f,-0.8818839778117649f,0.6689514923619366f,-0.530427546286589f,-0.7880563228195061f,-0.31243215296218624f,-0.4900024531070989f,0f,0f,0f,1f],start_interpolation:0}
execute if entity @s[tag=aj.axia.bone.leg_right_2] run data modify entity @s {} merge value {transformation:[-0.7409194782027043f,0.13878927868940094f,0.6570965400462161f,-0.14729900294472187f,0.052378494604712465f,0.9873750443490765f,-0.1494891805436202f,0.3879118596962627f,-0.669548220909276f,-0.07634171806774287f,-0.7388349761345147f,-0.47660254714530303f,0f,0f,0f,1f],start_interpolation:0}
execute if entity @s[tag=aj.axia.bone.leg_right_1] run data modify entity @s {} merge value {transformation:[-0.7409194782027043f,0.4514904791762351f,0.49718675971212895f,0.03083209438592549f,0.052378494604712465f,0.7769008609105161f,-0.6274404717735722f,0.6718937677739425f,-0.669548220909276f,-0.43884097293861746f,-0.599269372108663f,-0.6515059389977677f,0f,0f,0f,1f],start_interpolation:0}
execute if entity @s[tag=aj.axia.bone.coat_downer] run data modify entity @s {} merge value {transformation:[-0.766044443118978f,0.2165772452416083f,0.6052026173192672f,0.13312379955446124f,0f,0.9415281318418677f,-0.3369343807781608f,0.7263258628960505f,-0.6427876096865395f,-0.25810671009084385f,-0.7212523934376552f,-0.5911010601647533f,0f,0f,0f,1f],start_interpolation:0}
execute if entity @s[tag=aj.axia.bone.body_2] run data modify entity @s {} merge value {transformation:[-0.766044443118978f,0.2165772452416083f,0.6052026173192672f,0.18750000000000008f,0f,0.9415281318418677f,-0.3369343807781608f,0.9366985548544677f,-0.6427876096865395f,-0.25810671009084385f,-0.7212523934376552f,-0.64375f,0f,0f,0f,1f],start_interpolation:0}