execute if entity @s[tag=aj.axia.bone.wing_right_1] run data modify entity @s {} merge value {transformation:[-0.7313085539601201f,-0.1474214462247399f,0.33226369127879263f,0.4191283492695326f,-0.1493954252255009f,0.8024245402560931f,0.02720861188913785f,1.1699194493298808f,-0.33138082363180665f,-0.036417287546549736f,-0.7455232896035521f,-0.8748971010587263f,0f,0f,0f,1f],start_interpolation:0}
execute if entity @s[tag=aj.axia.bone.wing_right_2] run data modify entity @s {} merge value {transformation:[-0.7171168163262267f,0.1407281737735432f,0.3254827996200418f,0.4191283492695326f,0.16560117713879532f,0.7822185435745179f,0.026653334095481977f,1.1699194493298808f,-0.31355975805639064f,0.0912673610581761f,-0.7303085285912347f,-0.8748971010587263f,0f,0f,0f,1f],start_interpolation:0}
execute if entity @s[tag=aj.axia.bone.wing_left_1] run data modify entity @s {} merge value {transformation:[-0.453336802019587f,0.06146349260546651f,0.676500131157294f,0.3749136164622766f,0.1493954252255009f,0.8024245402560931f,0.02720861188913785f,1.1699194493298808f,-0.6626546576466432f,0.13885798758436518f,-0.4566746198637216f,-0.9119976670498969f,0f,0f,0f,1f],start_interpolation:0}
execute if entity @s[tag=aj.axia.bone.wing_left_2] run data modify entity @s {} merge value {transformation:[-0.4333221090959256f,-0.11431799568922714f,0.662694006031635f,0.3749136164622766f,-0.16560117713879532f,0.7822185435745179f,0.026653334095481977f,1.1699194493298808f,-0.6517731199573239f,-0.12274178567121263f,-0.4473547296624212f,-0.9119976670498969f,0f,0f,0f,1f],start_interpolation:0}
execute if entity @s[tag=aj.axia.bone.blade] run data modify entity @s {} merge value {transformation:[0.29926961110042766f,-1.1715698842888005f,1.5930667613440832f,-0.5400291878281349f,1.9419438380509066f,-0.12997212269425523f,-0.46039263371438277f,0.8621302193506872f,0.37321820658686394f,1.6157138526205304f,1.1181131055140223f,-0.9269944946925448f,0f,0f,0f,1f],start_interpolation:0}
execute if entity @s[tag=aj.axia.bone.arm_right_2] run data modify entity @s {} merge value {transformation:[-0.7606087981527192f,-0.2836230305995619f,0.5839796509179032f,-0.23681351985093912f,-0.6377349335700387f,0.494797593506292f,-0.5903130491229214f,1.0663988078735158f,-0.12152534993611216f,-0.8214215227116359f,-0.557223717504023f,-0.9611631010921562f,0f,0f,0f,1f],start_interpolation:0}
execute if entity @s[tag=aj.axia.bone.arm_right_1] run data modify entity @s {} merge value {transformation:[-0.5150056710227334f,-0.2836230305995619f,0.808904898815642f,-0.035639429607683876f,-0.801173764761191f,0.494797593506292f,-0.3365946228310283f,1.379357309733356f,-0.30477821029857766f,-0.8214215227116359f,-0.4820548978625709f,-0.8421091126942744f,0f,0f,0f,1f],start_interpolation:0}
execute if entity @s[tag=aj.axia.bone.arm_left_2] run data modify entity @s {} merge value {transformation:[0.5033510648503706f,0.6946065193009576f,0.5139644820983317f,0.3725483692337592f,0.7892560559708899f,-0.1274682907362275f,-0.6006885324109827f,1.0862080461213681f,-0.3517279966497885f,0.708006792482525f,-0.6123837017518784f,-0.1628769364720316f,0f,0f,0f,1f],start_interpolation:0}
execute if entity @s[tag=aj.axia.bone.arm_left_1] run data modify entity @s {} merge value {transformation:[0.12574425038284137f,0.8485451635812032f,0.5139644820983317f,0.422354166763516f,0.7589369782765893f,0.2513721345621657f,-0.6006885324109827f,1.3715949508955958f,-0.638907697950226f,0.46559978020678827f,-0.6123837017518784f,-0.4010123238902201f,0f,0f,0f,1f],start_interpolation:0}
execute if entity @s[tag=aj.axia.bone.ear_edge_a1] run data modify entity @s {} merge value {transformation:[-0.9762630390464151f,0.013758610855006709f,0.2161508251642787f,0.21679171523169943f,0.11716988769404263f,0.8728865331860575f,0.47364577228155585f,2.0002152758775265f,-0.18215843655901198f,0.4877292289885511f,-0.8537789545196169f,-0.3789125322297101f,0f,0f,0f,1f],start_interpolation:0}
execute if entity @s[tag=aj.axia.bone.ear_edge_a2] run data modify entity @s {} merge value {transformation:[-0.9663959419489196f,-0.13913196672750017f,0.2161508251642787f,0.10407530101139353f,-0.020822205915535026f,0.8804692601906212f,0.47364577228155585f,2.0066896955790963f,-0.2562134249516835f,0.4532286152637741f,-0.8537789545196169f,-0.403857120417218f,0f,0f,0f,1f],start_interpolation:0}
execute if entity @s[tag=aj.axia.bone.ear_edge_b1] run data modify entity @s {} merge value {transformation:[-0.9871160243336404f,-0.000756383971797725f,0.1600043199011681f,0.09712883781613543f,0.1373329287691788f,0.5091406890537399f,0.8496560630193625f,2.0338850813918343f,-0.08210737591366457f,0.860682976846394f,-0.5024770563790969f,-0.4668063300259687f,0f,0f,0f,1f],start_interpolation:0}
execute if entity @s[tag=aj.axia.bone.ear_edge_b2] run data modify entity @s {} merge value {transformation:[-0.9385693917803158f,-0.3057549908441285f,0.1600043199011681f,0.12260676849246614f,-0.026721748637550745f,0.5266597789125244f,0.8496560630193625f,2.0388646716148235f,-0.34405442151334154f,0.7931855790732193f,-0.5024770563790969f,-0.4502732010219601f,0f,0f,0f,1f],start_interpolation:0}
execute if entity @s[tag=aj.axia.bone.ear_right_2] run data modify entity @s {} merge value {transformation:[-0.9748446635269697f,-0.15516603882923022f,0.1600043199011681f,0.15785465638201818f,0.055994981202764124f,0.524355925545368f,0.8496560630193625f,2.120055596038694f,-0.21573697891898758f,0.837242117752987f,-0.5024770563790969f,-0.36395249248818545f,0f,0f,0f,1f],start_interpolation:0}
execute if entity @s[tag=aj.axia.bone.ear_right_1] run data modify entity @s {} merge value {transformation:[-0.9748446635269697f,-0.054375571480131966f,0.2161508251642787f,0.17008915996504784f,0.055994981202764124f,0.8789335836568716f,0.47364577228155585f,1.9222955397158983f,-0.21573697891898758f,0.4738344149028207f,-0.8537789545196169f,-0.47056523584131993f,0f,0f,0f,1f],start_interpolation:0}
execute if entity @s[tag=aj.axia.bone.ear_edge_a3] run data modify entity @s {} merge value {transformation:[-0.9209670223918668f,-0.34103660524137264f,0.18845099509447863f,-0.16357488449445284f,-0.260705932441488f,0.8987870882043164f,0.35244033093137994f,1.9709168138349404f,-0.2895723751611563f,0.2754556297530447f,-0.9166635345539171f,-0.4894786641811942f,0f,0f,0f,1f],start_interpolation:0}
execute if entity @s[tag=aj.axia.bone.ear_edge_a4] run data modify entity @s {} merge value {transformation:[-0.9629782689891386f,-0.1927668952454844f,0.18845099509447863f,-0.054596806843034536f,-0.11689493246813232f,0.9285049207711557f,0.35244033093137994f,1.993738257506843f,-0.24291650462237777f,0.3173634134571379f,-0.9166635345539171f,-0.45830013109941453f,0f,0f,0f,1f],start_interpolation:0}
execute if entity @s[tag=aj.axia.bone.ear_edge_b3] run data modify entity @s {} merge value {transformation:[-0.887739166190168f,-0.4200064228793253f,0.18845099509447863f,-0.03225456740967392f,-0.3380483239037273f,0.8726449128017995f,0.35244033093137994f,1.9923384303402467f,-0.31247800485452837f,0.24916954248313194f,-0.9166635345539171f,-0.45424514083974105f,0f,0f,0f,1f],start_interpolation:0}
execute if entity @s[tag=aj.axia.bone.ear_edge_b4] run data modify entity @s {} merge value {transformation:[-0.9740792411919278f,-0.12512335644019257f,0.18845099509447863f,-0.06221227902620337f,-0.051840953160694425f,0.934397307738186f,0.35244033093137994f,1.9982220635480203f,-0.22018661960788966f,0.3335353309092913f,-0.9166635345539171f,-0.45814180607776656f,0f,0f,0f,1f],start_interpolation:0}
execute if entity @s[tag=aj.axia.bone.ear_left_2] run data modify entity @s {} merge value {transformation:[-0.9425131040122664f,-0.275962445294761f,0.18845099509447863f,-0.13215955635920953f,-0.19737464797321164f,0.9147836145616242f,0.35244033093137994f,2.099729947221101f,-0.2696521780045807f,0.29498418146827105f,-0.9166635345539171f,-0.4675849240565812f,0f,0f,0f,1f],start_interpolation:0}
execute if entity @s[tag=aj.axia.bone.ear_left_1] run data modify entity @s {} merge value {transformation:[-0.9425131040122664f,-0.275962445294761f,0.18845099509447863f,-0.07006800616788841f,-0.19737464797321164f,0.9147836145616242f,0.35244033093137994f,1.893903633944736f,-0.2696521780045807f,0.29498418146827105f,-0.9166635345539171f,-0.5339563648869421f,0f,0f,0f,1f],start_interpolation:0}
execute if entity @s[tag=aj.axia.bone.head] run data modify entity @s {} merge value {transformation:[-0.960628664531745f,-0.16591079340667544f,0.22285909788726144f,0.12807551171052398f,-0.1135676230846497f,0.966536241051831f,0.23002193312877775f,1.4055615778809794f,-0.25356451618248865f,0.19565608440466248f,-0.9473245129144375f,-0.5729306525929444f,0f,0f,0f,1f],start_interpolation:0}
execute if entity @s[tag=aj.axia.bone.body_1] run data modify entity @s {} merge value {transformation:[-0.766044443118978f,-0.022275165912224476f,0.6424015318709302f,0.17256378509534798f,0f,0.9993993695432346f,0.034654006356916484f,1.032736102159843f,-0.6427876096865395f,0.02654650900152558f,-0.7655843334952048f,-0.6259497122276217f,0f,0f,0f,1f],start_interpolation:0}
execute if entity @s[tag=aj.axia.bone.leg_left_2] run data modify entity @s {} merge value {transformation:[-0.8224742255459384f,-0.05102050387193166f,0.5665095378696312f,0.1501014740423776f,-0.14446857007776204f,0.9820465010573151f,-0.12129922514497621f,0.45709985950276577f,-0.5501499618942963f,-0.18160830913187614f,-0.8150787946462388f,-0.3084976750341565f,0f,0f,0f,1f],start_interpolation:0}
execute if entity @s[tag=aj.axia.bone.leg_left_1] run data modify entity @s {} merge value {transformation:[-0.8224742255459384f,0.2390697164678404f,0.5161219032172489f,0.23873321286841334f,-0.14446857007776204f,0.7898276050407684f,-0.596071460963575f,0.7211522054734852f,-0.5501499618942963f,-0.5648168065696615f,-0.6150747876837044f,-0.5103418871385239f,0f,0f,0f,1f],start_interpolation:0}
execute if entity @s[tag=aj.axia.bone.leg_right_2] run data modify entity @s {} merge value {transformation:[-0.7484766910355999f,0.0006304937914864417f,0.6631607990932351f,-0.09658716380577953f,0.0453080982224343f,0.9977115299262487f,0.05018843778890397f,0.40778039719164777f,-0.6616115319519948f,0.06761143046706913f,-0.7467923910018976f,-0.5300456180474038f,0f,0f,0f,1f],start_interpolation:0}
execute if entity @s[tag=aj.axia.bone.leg_right_1] run data modify entity @s {} merge value {transformation:[-0.7484766910355999f,0.35684779069413974f,0.5589653810864413f,0.04771135859989367f,0.0453080982224343f,0.8684275976962019f,-0.49374151516261f,0.7241830929184245f,-0.6616115319519948f,-0.34422835710660893f,-0.666165909478877f,-0.671621862765111f,0f,0f,0f,1f],start_interpolation:0}
execute if entity @s[tag=aj.axia.bone.coat_downer] run data modify entity @s {} merge value {transformation:[-0.766044443118978f,0.1565620835919437f,0.6234294067076754f,0.14653343723555814f,0f,0.969883982380581f,-0.2435673638268984f,0.7802545106498019f,-0.6427876096865395f,-0.1865834255847339f,-0.7429742351727489f,-0.6070820440465872f,0f,0f,0f,1f],start_interpolation:0}
execute if entity @s[tag=aj.axia.bone.body_2] run data modify entity @s {} merge value {transformation:[-0.766044443118978f,0.1565620835919437f,0.6234294067076754f,0.18750000000000008f,0f,0.969883982380581f,-0.2435673638268984f,0.9969629629629629f,-0.6427876096865395f,-0.1865834255847339f,-0.7429742351727489f,-0.64375f,0f,0f,0f,1f],start_interpolation:0}