execute if entity @s[tag=aj.axia.bone.wing_right_1] run data modify entity @s {} merge value {transformation:[-0.7637854221001538f,-0.22323084771029625f,0.18369611335648078f,0.4021064770530267f,-0.19952358854494948f,0.7825599030712471f,0.1213869027684219f,1.18000095346526f,-0.20920471085967496f,0.06864714983236482f,-0.7864257130959397f,-0.8442325248554763f,0f,0f,0f,1f],start_interpolation:0}
execute if entity @s[tag=aj.axia.bone.wing_right_2] run data modify entity @s {} merge value {transformation:[-0.7749281296852611f,0.08429350108899822f,0.17994721308389955f,0.4021064770530267f,0.11278721635465919f,0.7830322766828307f,0.11890961903845411f,1.18000095346526f,-0.1636014598023825f,0.1405526924219599f,-0.770376208747043f,-0.8442325248554763f,0f,0f,0f,1f],start_interpolation:0}
execute if entity @s[tag=aj.axia.bone.wing_left_1] run data modify entity @s {} merge value {transformation:[-0.33865636789754383f,-0.028840615473166614f,0.7425796440961852f,0.34767072116535785f,0.19952358854494948f,0.7825599030712471f,0.1213869027684219f,1.18000095346526f,-0.7158537885218137f,0.23175992200700612f,-0.3174667485811976f,-0.8899095475436757f,0f,0f,0f,1f],start_interpolation:0}
execute if entity @s[tag=aj.axia.bone.wing_left_2] run data modify entity @s {} merge value {transformation:[-0.2956808435601894f,-0.15305479405715622f,0.7274249574819773f,0.34767072116535785f,-0.11278721635465919f,0.7830322766828307f,0.11890961903845411f,1.18000095346526f,-0.7347461347829618f,-0.05860617449573456f,-0.31098783534484664f,-0.8899095475436757f,0f,0f,0f,1f],start_interpolation:0}
execute if entity @s[tag=aj.axia.bone.blade] run data modify entity @s {} merge value {transformation:[0.06629161565856413f,-1.1082041235166677f,1.6635771825539185f,-0.5015306257553859f,1.9561823289193656f,-0.30630961193418843f,-0.28200198166029533f,0.7747506962716859f,0.41104272006323617f,1.6364773271443094f,1.0737717820960064f,-0.8957525345835965f,0f,0f,0f,1f],start_interpolation:0}
execute if entity @s[tag=aj.axia.bone.arm_right_2] run data modify entity @s {} merge value {transformation:[-0.6788703746099589f,-0.36169487315739474f,0.6389928271965112f,-0.2266884108768844f,-0.7243673644170947f,0.47226543842832386f,-0.5022522046079393f,1.0156098934797892f,-0.12011218024982395f,-0.8038296924086341f,-0.5826069770933703f,-0.9315862481901842f,0f,0f,0f,1f],start_interpolation:0}
execute if entity @s[tag=aj.axia.bone.arm_right_1] run data modify entity @s {} merge value {transformation:[-0.4193810631493188f,-0.36169487315739474f,0.8326441872753352f,-0.06286768308418175f,-0.8524630380865214f,0.47226543842832386f,-0.22421446064516318f,1.3486032677323367f,-0.31213185125527554f,-0.8038296924086341f,-0.5063906920888215f,-0.8096597437935922f,0f,0f,0f,1f],start_interpolation:0}
execute if entity @s[tag=aj.axia.bone.arm_left_2] run data modify entity @s {} merge value {transformation:[0.3505076496612276f,0.7840600661147894f,0.5122442779114615f,0.41801292992485706f,0.8623183437859095f,-0.056756229426264904f,-0.5031757191992071f,1.0396529720783863f,-0.3654469339032527f,0.6180845760455325f,-0.6960028702206092f,-0.1398119999555067f,0f,0f,0f,1f],start_interpolation:0}
execute if entity @s[tag=aj.axia.bone.arm_left_1] run data modify entity @s {} merge value {transformation:[-0.0657624247856824f,0.8563183422263436f,0.5122442779114615f,0.39602801544968347f,0.7850396955698387f,0.36128502873489793f,-0.5031757191992071f,1.3351718736318723f,-0.6159447863777425f,0.36904203660118595f,-0.6960028702206092f,-0.36963803848278143f,0f,0f,0f,1f],start_interpolation:0}
execute if entity @s[tag=aj.axia.bone.ear_edge_a1] run data modify entity @s {} merge value {transformation:[-0.9890635145538613f,-0.04369809897140131f,0.14086816647010647f,0.14180861691485824f,0.04399041371464551f,0.8242286314646428f,0.564545840986484f,1.9417813388497087f,-0.14077715609990968f,0.5645685425351006f,-0.8132921695800434f,-0.29242841349116744f,0f,0f,0f,1f],start_interpolation:0}
execute if entity @s[tag=aj.axia.bone.ear_edge_a2] run data modify entity @s {} merge value {transformation:[-0.970050612697032f,-0.19788372465026938f,0.14086816647010647f,0.028079175448567653f,-0.08548894631010119f,0.8209626261186634f,0.564545840986484f,1.940207448157056f,-0.2273619336320438f,0.5355953678243346f,-0.8132921695800434f,-0.31321970101390556f,0f,0f,0f,1f],start_interpolation:0}
execute if entity @s[tag=aj.axia.bone.ear_edge_b1] run data modify entity @s {} merge value {transformation:[-0.9977670988058742f,-0.011998314249460573f,0.06570279290624026f,0.016361215115134053f,0.054205443885503704f,0.4292539531960514f,0.9015557739367752f,1.9720975311162154f,-0.039020333080134195f,0.9031041380265808f,-0.4276450975816068f,-0.37318767050825463f,0f,0f,0f,1f],start_interpolation:0}
execute if entity @s[tag=aj.axia.bone.ear_edge_b2] run data modify entity @s {} merge value {transformation:[-0.9452252180573026f,-0.31973806491070894f,0.06570279290624026f,0.04192593634179437f,-0.08109432581422858f,0.42499517268081777f,0.9015557739367752f,1.977885978447089f,-0.3161850683844206f,0.846845129315365f,-0.4276450975816068f,-0.35705681401825884f,0f,0f,0f,1f],start_interpolation:0}
execute if entity @s[tag=aj.axia.bone.ear_right_2] run data modify entity @s {} merge value {transformation:[-0.9836059802489998f,-0.16793575742742883f,0.06570279290624026f,0.07325458981980026f,-0.013612027612132593f,0.43244872434260795f,0.9015557739367752f,2.0540180081950488f,-0.17981654073719427f,0.8858813025409934f,-0.4276450975816068f,-0.26481759216030504f,0f,0f,0f,1f],start_interpolation:0}
execute if entity @s[tag=aj.axia.bone.ear_right_1] run data modify entity @s {} merge value {transformation:[-0.9836059802489998f,-0.11258523568281448f,0.14086816647010647f,0.09858626784843348f,-0.013612027612132593f,0.82528946808326f,0.564545840986484f,1.8683278778763155f,-0.17981654073719427f,0.5533731639473449f,-0.8132921695800434f,-0.38932655404845745f,0f,0f,0f,1f],start_interpolation:0}
execute if entity @s[tag=aj.axia.bone.ear_edge_a3] run data modify entity @s {} merge value {transformation:[-0.9051719009149364f,-0.40732478252191834f,0.12145102443994794f,-0.23852904491246035f,-0.3164116650356198f,0.8365234422718927f,0.4473390087606605f,1.888054843342187f,-0.2838088934889596f,0.36649018004996475f,-0.8860798270491869f,-0.39351622816839393f,0f,0f,0f,1f],start_interpolation:0}
execute if entity @s[tag=aj.axia.bone.ear_edge_a4] run data modify entity @s {} merge value {transformation:[-0.9577473672194647f,-0.26070985644327194f,0.12145102443994794f,-0.13083817596949104f,-0.18165501519855987f,0.875722140118794f,0.4473390087606605f,1.9178037656348512f,-0.22298303979763853f,0.4063755702045682f,-0.8860798270491869f,-0.36373672189758327f,0f,0f,0f,1f],start_interpolation:0}
execute if entity @s[tag=aj.axia.bone.ear_edge_b3] run data modify entity @s {} merge value {transformation:[-0.8662267545928605f,-0.4846657180882593f,0.12145102443994794f,-0.10831928429181847f,-0.38811544505990037f,0.8057631243405132f,0.4473390087606605f,1.9180784559025623f,-0.3146706388169641f,0.34035999935804284f,-0.8860798270491869f,-0.3605114796018674f,0f,0f,0f,1f],start_interpolation:0}
execute if entity @s[tag=aj.axia.bone.ear_edge_b4] run data modify entity @s {} merge value {transformation:[-0.9736005430249522f,-0.19326570126125797f,0.12145102443994794f,-0.13880424751973525f,-0.12012522423713948f,0.8862605382972926f,0.4473390087606605f,1.9215492000012837f,-0.19409253752655098f,0.4209401703009439f,-0.8860798270491869f,-0.3629377065891357f,0f,0f,0f,1f],start_interpolation:0}
execute if entity @s[tag=aj.axia.bone.ear_left_2] run data modify entity @s {} merge value {transformation:[-0.9313804881554101f,-0.34319095988367415f,0.12145102443994794f,-0.21765915663829138f,-0.2572879765852031f,0.8565574752144317f,0.4473390087606605f,2.016752131510787f,-0.25755248666647046f,0.385394936018107f,-0.8860798270491869f,-0.3609503286303495f,0f,0f,0f,1f],start_interpolation:0}
execute if entity @s[tag=aj.axia.bone.ear_left_1] run data modify entity @s {} merge value {transformation:[-0.9313804881554101f,-0.34319095988367415f,0.12145102443994794f,-0.1404411906644648f,-0.2572879765852031f,0.8565574752144317f,0.4473390087606605f,1.82402669958754f,-0.25755248666647046f,0.385394936018107f,-0.8860798270491869f,-0.4476641892344234f,0f,0f,0f,1f],start_interpolation:0}
execute if entity @s[tag=aj.axia.bone.head] run data modify entity @s {} merge value {transformation:[-0.9561098340515932f,-0.24199276668699443f,0.16520740328753192f,0.09793110016633365f,-0.17720471315510128f,0.9265893252386118f,0.3317087758704499f,1.3609343603011874f,-0.23335054074386374f,0.2878744921402867f,-0.9288034247942449f,-0.5370059418385172f,0f,0f,0f,1f],start_interpolation:0}
execute if entity @s[tag=aj.axia.bone.body_1] run data modify entity @s {} merge value {transformation:[-0.766044443118978f,-0.10678717084938166f,0.6338551974296023f,0.17489248545552027f,0f,0.9861036334205427f,0.16613134609339666f,1.0008211104252196f,-0.6427876096865395f,0.12726399450272227f,-0.7553992087212404f,-0.6287249492479325f,0f,0f,0f,1f],start_interpolation:0}
execute if entity @s[tag=aj.axia.bone.leg_left_2] run data modify entity @s {} merge value {transformation:[-0.8435161638340014f,-0.0996121636529535f,0.5277858450196894f,0.17821242258733389f,-0.21678330119490594f,0.9621976928570646f,-0.16486540020143892f,0.413128288162661f,-0.49141172317498594f,-0.2534817877341864f,-0.8332235604045723f,-0.2915751201960952f,0f,0f,0f,1f],start_interpolation:0}
execute if entity @s[tag=aj.axia.bone.leg_left_1] run data modify entity @s {} merge value {transformation:[-0.8435161638340014f,0.14583936413564363f,0.5169249086852765f,0.2361507902368249f,-0.21678330119490594f,0.7881113517877121f,-0.5760950420775932f,0.6766182785721486f,-0.49141172317498594f,-0.5980061680717486f,-0.6331691253325092f,-0.5072642756897319f,0f,0f,0f,1f],start_interpolation:0}
execute if entity @s[tag=aj.axia.bone.leg_right_2] run data modify entity @s {} merge value {transformation:[-0.6957002738318704f,0.09567383400982787f,0.7119323327930265f,-0.1388413344114359f,0.15392359492283209f,0.9879250880534229f,0.017650703121086686f,0.373302103816216f,-0.7016471021220657f,0.1218627829999657f,-0.7020262147549841f,-0.5533411832283993f,0f,0f,0f,1f],start_interpolation:0}
execute if entity @s[tag=aj.axia.bone.leg_right_1] run data modify entity @s {} merge value {transformation:[-0.6957002738318704f,0.46321145677114456f,0.5490321259327315f,0.04515731423898203f,0.15392359492283209f,0.8426912842422046f,-0.5159253108621983f,0.6796377358283765f,-0.7016471021220657f,-0.2744203814919332f,-0.6575597298386889f,-0.6685780712223497f,0f,0f,0f,1f],start_interpolation:0}
execute if entity @s[tag=aj.axia.bone.coat_downer] run data modify entity @s {} merge value {transformation:[-0.766044443118978f,0.16564313020851845f,0.6210783079300539f,0.14450439088216724f,0f,0.9662263219929328f,-0.2576949644211338f,0.735497695068593f,-0.6427876096865395f,-0.1974057955145523f,-0.7401723047579746f,-0.6046639207653933f,0f,0f,0f,1f],start_interpolation:0}
execute if entity @s[tag=aj.axia.bone.body_2] run data modify entity @s {} merge value {transformation:[-0.766044443118978f,0.16564313020851845f,0.6210783079300539f,0.18750000000000008f,0f,0.9662263219929328f,-0.2576949644211338f,0.9513888888888888f,-0.6427876096865395f,-0.1974057955145523f,-0.7401723047579746f,-0.64375f,0f,0f,0f,1f],start_interpolation:0}