execute if entity @s[tag=aj.axia.bone.wing_right_1] run data modify entity @s {} merge value {transformation:[-0.7061820440296459f,-0.22635655144404374f,0.34207320379257367f,0.4071069938376566f,-0.1777026709854061f,0.7826564636873382f,0.1510465657256966f,1.1873759400750714f,-0.36969328619709624f,0.05617842923431251f,-0.7260270674527237f,-0.8616110493786422f,0f,0f,0f,1f],start_interpolation:0}
execute if entity @s[tag=aj.axia.bone.wing_right_2] run data modify entity @s {} merge value {transformation:[-0.7239673848988466f,0.05987067776803562f,0.3350921180008885f,0.4071069938376566f,0.132571886978537f,0.7749395812521154f,0.1479639827517028f,1.1873759400750714f,-0.3135218020898632f,0.18943111505872587f,-0.7112101885251172f,-0.8616110493786422f,0f,0f,0f,1f],start_interpolation:0}
execute if entity @s[tag=aj.axia.bone.wing_left_1] run data modify entity @s {} merge value {transformation:[-0.4867040395303174f,-0.01601855000076974f,0.6555966964568907f,0.36391689622464063f,0.1777026709854061f,0.7826564636873382f,0.1510465657256966f,1.1873759400750714f,-0.6312569865545794f,0.23267296866792994f,-0.4629496203926825f,-0.8978518443562347f,0f,0f,0f,1f],start_interpolation:0}
execute if entity @s[tag=aj.axia.bone.wing_left_2] run data modify entity @s {} merge value {transformation:[-0.4344743185144341f,-0.19694966486168428f,0.6422171720394032f,0.36391689622464063f,-0.132571886978537f,0.7749395812521154f,0.1479639827517028f,1.1873759400750714f,-0.6585262039846009f,-0.026066739720694843f,-0.45350166895609717f,-0.8978518443562347f,0f,0f,0f,1f],start_interpolation:0}
execute if entity @s[tag=aj.axia.bone.blade] run data modify entity @s {} merge value {transformation:[-0.008946419777580372f,-1.0778408266874717f,1.6846896194548218f,-0.48316889032982424f,1.959419821612975f,-0.3422931364730874f,-0.20858900113283632f,0.7523226720372391f,0.4007417176228862f,1.6495740544301385f,1.0575024892205094f,-0.8830300290619321f,0f,0f,0f,1f],start_interpolation:0}
execute if entity @s[tag=aj.axia.bone.arm_right_2] run data modify entity @s {} merge value {transformation:[-0.650113484343807f,-0.38886833109682073f,0.6527893063955079f,-0.21871635014029767f,-0.751921560640304f,0.4529322894777528f,-0.4790264165917062f,1.0039335904684845f,-0.10939115192100429f,-0.802267886817374f,-0.5868558712861115f,-0.9229428061238059f,0f,0f,0f,1f],start_interpolation:0}
execute if entity @s[tag=aj.axia.bone.arm_right_1] run data modify entity @s {} merge value {transformation:[-0.3876397517764353f,-0.38886833109682073f,0.8357732012410288f,-0.06729457210262763f,-0.8704118256029943f,0.4529322894777528f,-0.19296526889288554f,1.3439382098446542f,-0.303510587448224f,-0.802267886817374f,-0.514050154253862f,-0.8043839829018433f,0f,0f,0f,1f],start_interpolation:0}
execute if entity @s[tag=aj.axia.bone.arm_left_2] run data modify entity @s {} merge value {transformation:[0.2102279579793094f,0.7957577670799586f,0.5679557921315426f,0.4571814101158009f,0.8779590585245826f,0.10191163436762685f,-0.4677626645374209f,1.053507422018856f,-0.4301070764803557f,0.5969787223280554f,-0.6772180652117045f,-0.11923092203609326f,0f,0f,0f,1f],start_interpolation:0}
execute if entity @s[tag=aj.axia.bone.arm_left_1] run data modify entity @s {} merge value {transformation:[-0.1809655692555946f,0.8029182280458145f,0.5679557921315426f,0.39182844110759607f,0.7317016401564895f,0.4957931014618449f,-0.4677626645374209f,1.329444890519608f,-0.6571637334304913f,0.3309252477744997f,-0.6772180652117045f,-0.3646331806732322f,0f,0f,0f,1f],start_interpolation:0}
execute if entity @s[tag=aj.axia.bone.ear_edge_a1] run data modify entity @s {} merge value {transformation:[-0.9894475794424564f,-0.05700120731224263f,0.13320791981113775f,0.12748591219788397f,0.0316279376736307f,0.812224129652707f,0.5824874563185164f,1.9299726470395004f,-0.1413971749858416f,0.5805538954953704f,-0.8018503684174337f,-0.27490955064188183f,0f,0f,0f,1f],start_interpolation:0}
execute if entity @s[tag=aj.axia.bone.ear_edge_a2] run data modify entity @s {} merge value {transformation:[-0.9683488844728576f,-0.21108313063758039f,0.13320791981113775f,0.013819468851183847f,-0.0958213019376736f,0.8071720023183124f,0.5824874563185164f,1.9270696504457707f,-0.23047497919544657f,0.5512869222407553f,-0.8018503684174337f,-0.2959012845552155f,0f,0f,0f,1f],start_interpolation:0}
execute if entity @s[tag=aj.axia.bone.ear_edge_b1] run data modify entity @s {} merge value {transformation:[-0.9984312890854973f,-0.019674765833675556f,0.05242007787539235f,0.0016883187490857113f,0.03970946005002532f,0.41121097101963316f,0.910674857507127f,1.9599479227067478f,-0.03947302569613345f,0.9113278449068045f,-0.4097846255533656f,-0.3552502505203157f,0f,0f,0f,1f],start_interpolation:0}
execute if entity @s[tag=aj.axia.bone.ear_edge_b2] run data modify entity @s {} merge value {transformation:[-0.9434847465547792f,-0.327244050295803f,0.05242007787539235f,0.027141643059094236f,-0.08930523757935199f,0.4033557715531905f,0.910674857507127f,1.9658085596350912f,-0.31915686982949276f,0.8545264496203313f,-0.4097846255533656f,-0.3389699912667393f,0f,0f,0f,1f],start_interpolation:0}
execute if entity @s[tag=aj.axia.bone.ear_right_2] run data modify entity @s {} merge value {transformation:[-0.9830611316471363f,-0.17562160140537877f,0.05242007787539235f,0.057188181403145105f,-0.025106997567391764f,0.41236020974085885f,0.910674857507127f,2.040585167067266f,-0.18155013114234572f,0.8939329452158509f,-0.4097846255533656f,-0.24520801045509097f,0f,0f,0f,1f],start_interpolation:0}
execute if entity @s[tag=aj.axia.bone.ear_right_1] run data modify entity @s {} merge value {transformation:[-0.9830611316471363f,-0.12588272933266673f,0.13320791981113775f,0.08551179550299508f,-0.025106997567391764f,0.8124518458990265f,0.5824874563185164f,1.857783501739985f,-0.18155013114234572f,0.569276327060087f,-0.8018503684174337f,-0.37329518404361034f,0f,0f,0f,1f],start_interpolation:0}
execute if entity @s[tag=aj.axia.bone.ear_edge_a3] run data modify entity @s {} merge value {transformation:[-0.8998740308241044f,-0.42053027759891526f,0.11567633410061956f,-0.25186057912050014f,-0.324573285177892f,0.8228472306758546f,0.4664489441706431f,1.8724357322312901f,-0.2913398551472312f,0.3821998437881107f,-0.8769517479377839f,-0.3776118512918314f,0f,0f,0f,1f],start_interpolation:0}
execute if entity @s[tag=aj.axia.bone.ear_edge_a4] run data modify entity @s {} merge value {transformation:[-0.9545805172587236f,-0.27458153943612024f,0.11567633410061956f,-0.14467427408713374f,-0.19185558309825185f,0.8634910640626932f,0.4664489441706431f,1.9032363498246236f,-0.22796374997814373f,0.4230699238716555f,-0.8769517479377839f,-0.34709040646752193f,0f,0f,0f,1f],start_interpolation:0}
execute if entity @s[tag=aj.axia.bone.ear_edge_b3] run data modify entity @s {} merge value {transformation:[-0.8597981097654085f,-0.49735922246689324f,0.11567633410061956f,-0.12216619739709689f,-0.3950540473938439f,0.7914276227930352f,0.4664489441706431f,1.9037917192934848f,-0.3235421303038807f,0.3553535165258572f,-0.8769517479377839f,-0.34382602697541664f,0f,0f,0f,1f],start_interpolation:0}
execute if entity @s[tag=aj.axia.bone.ear_edge_b4] run data modify entity @s {} merge value {transformation:[-0.9714090470420277f,-0.20732450181766207f,0.11567633410061956f,-0.15269771496185067f,-0.13115414080187632f,0.8747708121746027f,0.4664489441706431f,1.9068432259764827f,-0.19789657570413277f,0.4379412941404869f,-0.8769517479377839f,-0.3462302663887748f,0f,0f,0f,1f],start_interpolation:0}
execute if entity @s[tag=aj.axia.bone.ear_left_2] run data modify entity @s {} merge value {transformation:[-0.927016692180466f,-0.3567338477742603f,0.11567633410061956f,-0.23300296514900734f,-0.2663837197261285f,0.8434839040236416f,0.4664489441706431f,2.000772846060167f,-0.2639692525345684f,0.401591665134135f,-0.8769517479377839f,-0.34249693080742766f,0f,0f,0f,1f],start_interpolation:0}
execute if entity @s[tag=aj.axia.bone.ear_left_1] run data modify entity @s {} merge value {transformation:[-0.927016692180466f,-0.3567338477742603f,0.11567633410061956f,-0.1527378493997989f,-0.2663837197261285f,0.8434839040236416f,0.4664489441706431f,1.8109889676548478f,-0.2639692525345684f,0.401591665134135f,-0.8769517479377839f,-0.4328550554626079f,0f,0f,0f,1f],start_interpolation:0}
execute if entity @s[tag=aj.axia.bone.head] run data modify entity @s {} merge value {transformation:[-0.952998579611176f,-0.25649990938494344f,0.16124981781260106f,0.09280411980473785f,-0.18717813634054853f,0.9169545251466231f,0.35236166660011414f,1.3534357384785183f,-0.23823948567599007f,0.30561772739591986f,-0.9218675350429655f,-0.5308958445734254f,0f,0f,0f,1f],start_interpolation:0}
execute if entity @s[tag=aj.axia.bone.body_1] run data modify entity @s {} merge value {transformation:[-0.766044443118978f,-0.12280464705348368f,0.6309476442848522f,0.17612383663888617f,0f,0.9815802837153922f,0.19105011547028783f,0.9966278255723579f,-0.6427876096865395f,0.14635287931325308f,-0.751934121815326f,-0.6301924164444539f,0f,0f,0f,1f],start_interpolation:0}
execute if entity @s[tag=aj.axia.bone.leg_left_2] run data modify entity @s {} merge value {transformation:[-0.8487553312689395f,-0.13197051492130618f,0.5120528984723729f,0.17915565189282498f,-0.23204352596167901f,0.9630932329533162f,-0.13640830876013788f,0.41393568236507317f,-0.4751528066862538f,-0.2345958393299737f,-0.8480534195834841f,-0.2816820196265266f,0f,0f,0f,1f],start_interpolation:0}
execute if entity @s[tag=aj.axia.bone.leg_left_1] run data modify entity @s {} merge value {transformation:[-0.8487553312689395f,0.14173663076382192f,0.509436075619182f,0.23424556966312854f,-0.23204352596167901f,0.7658590515703873f,-0.5996796771502089f,0.6697037353780162f,-0.4751528066862538f,-0.6271926662736318f,-0.617137885460574f,-0.5049937222263448f,0f,0f,0f,1f],start_interpolation:0}
execute if entity @s[tag=aj.axia.bone.leg_right_2] run data modify entity @s {} merge value {transformation:[-0.6802631661711107f,0.10883627237016735f,0.7248425281172614f,-0.14756132083659598f,0.1783449645407759f,0.9837715688443289f,0.019661484087353076f,0.3672135373132896f,-0.710939588413675f,0.14264699839160508f,-0.6886339633477718f,-0.5603698029818163f,0f,0f,0f,1f],start_interpolation:0}
execute if entity @s[tag=aj.axia.bone.leg_right_1] run data modify entity @s {} merge value {transformation:[-0.6802631661711107f,0.48124918758168667f,0.5528483012570651f,0.0432730301551065f,0.1783449645407759f,0.8402686334968814f,-0.5119977511515386f,0.6727143170405288f,-0.710939588413675f,-0.24969550058671464f,-0.6574321703513943f,-0.6663324688959229f,0f,0f,0f,1f],start_interpolation:0}
execute if entity @s[tag=aj.axia.bone.coat_downer] run data modify entity @s {} merge value {transformation:[-0.766044443118978f,0.17234280695118698f,0.6192526689960415f,0.14300743185997722f,0f,0.9633861320040457f,-0.2681178111619658f,0.7284100777970127f,-0.6427876096865395f,-0.2053901593418474f,-0.7379965929995854f,-0.6028799144727321f,0f,0f,0f,1f],start_interpolation:0}
execute if entity @s[tag=aj.axia.bone.body_2] run data modify entity @s {} merge value {transformation:[-0.766044443118978f,0.17234280695118698f,0.6192526689960415f,0.18750000000000008f,0f,0.9633861320040457f,-0.2681178111619658f,0.9436666666666667f,-0.6427876096865395f,-0.2053901593418474f,-0.7379965929995854f,-0.64375f,0f,0f,0f,1f],start_interpolation:0}