execute if entity @s[tag=aj.labyria.bone.wing_right_1] run data modify entity @s {} merge value {transformation:[-0.667607705948401f,-0.38182047890973964f,-0.27469531719323964f,0.10283069334491497f,-0.467702700103025f,0.48817879867853503f,0.45812671749371564f,1.4831452828129754f,-0.04998579517320334f,0.5318261246407174f,-0.6177433430438429f,-0.06162355896862645f,0f,0f,0f,1f],start_interpolation:0}
execute if entity @s[tag=aj.labyria.bone.wing_right_2] run data modify entity @s {} merge value {transformation:[-0.7473359673688192f,-0.09528853927116562f,-0.269089290311745f,0.10283069334491497f,-0.2402772378507246f,0.6171433223577721f,0.44877719264690513f,1.4831452828129754f,0.15412916936043405f,0.5000542110139446f,-0.6051363360429483f,-0.06162355896862645f,0f,0f,0f,1f],start_interpolation:0}
execute if entity @s[tag=aj.labyria.bone.wing_left_1] run data modify entity @s {} merge value {transformation:[-0.3294839155675735f,-0.20600632379812034f,0.7182939428826394f,0.009744297193291559f,0.5414769694307336f,0.47517040451400705f,0.3846559796682585f,1.4900326948744613f,-0.514963576772972f,0.63144194164913f,-0.055118357813057316f,-0.1143660551523134f,0f,0f,0f,1f],start_interpolation:0}
execute if entity @s[tag=aj.labyria.bone.wing_left_2] run data modify entity @s {} merge value {transformation:[-0.22096480535958798f,-0.30995565241808787f,0.70363488282381f,0.009744297193291559f,0.3119212878617791f,0.6330264258553469f,0.3768058576342124f,1.4900326948744613f,-0.7027657255238394f,0.3784244147817142f,-0.053993493367892886f,-0.1143660551523134f,0f,0f,0f,1f],start_interpolation:0}
execute if entity @s[tag=aj.labyria.bone.musket] run data modify entity @s {} merge value {transformation:[9.632070907040064e-7f,-0.000008261088393805941f,0.000013967545049601317f,-0.723751803245033f,0.00001198530247957453f,0.00000979530438527454f,0.000004966910562454903f,1.6492420647377322f,-0.000010940311724810319f,0.000010003604081132268f,0.0000066710680415081715f,-0.46150673287895555f,0f,0f,0f,1f],start_interpolation:0}
execute if entity @s[tag=aj.labyria.bone.omega_blade] run data modify entity @s {} merge value {transformation:[0.10629878401117686f,-0.9116872782036769f,1.541447388337605f,-0.723751803245033f,1.322688642848065f,1.0810021595802408f,0.5481443795179389f,1.6492420647377322f,-1.2073642773960123f,1.103989951710582f,0.7362138710480656f,-0.46150673287895555f,0f,0f,0f,1f],start_interpolation:0}
execute if entity @s[tag=aj.labyria.bone.arm_right_2] run data modify entity @s {} merge value {transformation:[-0.5730586850831987f,-0.48259676129816015f,0.6623474235137039f,-0.5402879662752773f,0.2208584013136253f,0.6873696908800024f,0.691913632347795f,1.5730507995852767f,-0.7891928218248724f,0.5427921094158026f,-0.2873176220422938f,-0.22205387853951966f,0f,0f,0f,1f],start_interpolation:0}
execute if entity @s[tag=aj.labyria.bone.arm_right_1] run data modify entity @s {} merge value {transformation:[-0.41337313906258755f,-0.48259676129816015f,0.772154786222341f,-0.3913907976002671f,0.36761082832662706f,0.6873696908800024f,0.6264065668210552f,1.4324304817586806f,-0.8330575771209056f,0.5427921094158026f,-0.10673237164698268f,0.08840648527511072f,0f,0f,0f,1f],start_interpolation:0}
execute if entity @s[tag=aj.labyria.bone.arm_left_2] run data modify entity @s {} merge value {transformation:[-0.18066875589056103f,-0.18057403522083773f,0.9668256401487397f,0.3381120125173586f,0.6970855176886865f,0.6699604265225416f,0.255391479737344f,1.1761538343025997f,-0.6938519883041717f,0.7201014127869754f,0.0048346280673156605f,0.637773464978571f,0f,0f,0f,1f],start_interpolation:0}
execute if entity @s[tag=aj.labyria.bone.arm_left_1] run data modify entity @s {} merge value {transformation:[-0.5723396717838385f,-0.18057403522083773f,0.7998876908081731f,0.11811895117544569f,0.5238409296817497f,0.6699604265225416f,0.526064356598976f,1.3775051916490222f,-0.6308866621609052f,0.7201014127869754f,-0.28885286013760303f,0.3952764042104731f,0f,0f,0f,1f],start_interpolation:0}
execute if entity @s[tag=aj.labyria.bone.himo_right_2] run data modify entity @s {} merge value {transformation:[-0.8682509072068021f,-0.036598850996590854f,0.49477357067682415f,-0.242962844376633f,0.06424141462036727f,0.9805858479221119f,0.1852685496851721f,1.0257847076856297f,-0.4919485773758667f,0.1926445404380887f,-0.8490433900910238f,0.06236981110595294f,0f,0f,0f,1f],start_interpolation:0}
execute if entity @s[tag=aj.labyria.bone.himo_right_1] run data modify entity @s {} merge value {transformation:[-0.8682509072068021f,-0.28445907775408913f,0.4064768077244483f,-0.29375844140724694f,0.06424141462036727f,0.7479440678521391f,0.6606456781152581f,1.170153255896126f,-0.4919485773758667f,0.5997188545044153f,-0.6311290618960378f,0.17087253968868057f,0f,0f,0f,1f],start_interpolation:0}
execute if entity @s[tag=aj.labyria.bone.himo_left_2] run data modify entity @s {} merge value {transformation:[-0.8682509072068021f,-0.031169465827676684f,0.49514525801483983f,0.02750700907010836f,0.06424141462036727f,0.9825590695763646f,0.17450133363617287f,1.0044104826880302f,-0.4919485773758667f,0.18331977305584402f,-0.8511054329662187f,0.21744942192516853f,0f,0f,0f,1f],start_interpolation:0}
execute if entity @s[tag=aj.labyria.bone.himo_left_1] run data modify entity @s {} merge value {transformation:[-0.8682509072068021f,-0.2799833102674298f,0.4095725919861547f,-0.02243003290512126f,0.06424141462036727f,0.7551457088765865f,0.6524017159793896f,1.1500778138272614f,-0.4919485773758667f,0.5927599044613004f,-0.6376694228837468f,0.32460647011863897f,0f,0f,0f,1f],start_interpolation:0}
execute if entity @s[tag=aj.labyria.bone.ribbon_left_himo_1] run data modify entity @s {} merge value {transformation:[-0.8831714287858626f,-0.4191765329824429f,-0.21047389760527735f,0.04134152983361904f,-0.4256624342365944f,0.5277673812172166f,0.7350327090700783f,1.6340851619603194f,-0.19702720486297032f,0.7387507194716905f,-0.6445367755403447f,0.5263598877617356f,0f,0f,0f,1f],start_interpolation:0}
execute if entity @s[tag=aj.labyria.bone.ribbon_left_himo_2] run data modify entity @s {} merge value {transformation:[-0.8831714287858626f,-0.4191765329824429f,-0.21047389760527735f,0.013387965307918137f,-0.4256624342365944f,0.5277673812172166f,0.7350327090700783f,1.7317066936336891f,-0.19702720486297032f,0.7387507194716905f,-0.6445367755403447f,0.4407573472602836f,0f,0f,0f,1f],start_interpolation:0}
execute if entity @s[tag=aj.labyria.bone.ribbon_left] run data modify entity @s {} merge value {transformation:[-0.8831714287858626f,-0.4191765329824429f,-0.21047389760527735f,-0.017921482230591174f,-0.4256624342365944f,0.5277673812172166f,0.7350327090700783f,1.7390970337554945f,-0.19702720486297032f,0.7387507194716905f,-0.6445367755403447f,0.562438865138341f,0f,0f,0f,1f],start_interpolation:0}
execute if entity @s[tag=aj.labyria.bone.ribbon_right_himo_1] run data modify entity @s {} merge value {transformation:[-0.8831714287858626f,-0.4191765329824429f,-0.21047389760527735f,-0.48949969708098356f,-0.4256624342365944f,0.5277673812172166f,0.7350327090700783f,1.3782354350819865f,-0.19702720486297032f,0.7387507194716905f,-0.6445367755403447f,0.40793422343878644f,0f,0f,0f,1f],start_interpolation:0}
execute if entity @s[tag=aj.labyria.bone.ribbon_right_himo_2] run data modify entity @s {} merge value {transformation:[-0.8831714287858626f,-0.4191765329824429f,-0.21047389760527735f,-0.5174532616066845f,-0.4256624342365944f,0.5277673812172166f,0.7350327090700783f,1.4758569667553563f,-0.19702720486297032f,0.7387507194716905f,-0.6445367755403447f,0.3223316829373344f,0f,0f,0f,1f],start_interpolation:0}
execute if entity @s[tag=aj.labyria.bone.ribbon_right] run data modify entity @s {} merge value {transformation:[-0.8831714287858626f,-0.4191765329824429f,-0.21047389760527735f,-0.5478243395021087f,-0.4256624342365944f,0.5277673812172166f,0.7350327090700783f,1.483699573213538f,-0.19702720486297032f,0.7387507194716905f,-0.6445367755403447f,0.4442225422205587f,0f,0f,0f,1f],start_interpolation:0}
execute if entity @s[tag=aj.labyria.bone.crown] run data modify entity @s {} merge value {transformation:[-0.9529631464966767f,-0.21808709234156123f,-0.21047389760527735f,-0.2530365960145188f,-0.3013427666863604f,0.6073873999046339f,0.7350327090700783f,1.7771806367458571f,-0.032461952882770595f,0.7638838698330341f,-0.6445367755403447f,0.7848892113826915f,0f,0f,0f,1f],start_interpolation:0}
execute if entity @s[tag=aj.labyria.bone.ear_edge_a1] run data modify entity @s {} merge value {transformation:[-0.9378717796530727f,-0.2758573242769193f,-0.21047389760527735f,-0.22757281182744646f,-0.33786081537843f,0.5878579641621983f,0.7350327090700783f,1.8419757604438323f,-0.0790353994245658f,0.7604773176195687f,-0.6445367755403447f,0.7482240153516855f,0f,0f,0f,1f],start_interpolation:0}
execute if entity @s[tag=aj.labyria.bone.ear_edge_a2] run data modify entity @s {} merge value {transformation:[-0.8831714287858627f,-0.41917653298244295f,-0.21047389760527735f,-0.3335251257857942f,-0.42566243423659444f,0.5277673812172167f,0.7350327090700783f,1.7982643417686826f,-0.19702720486297032f,0.7387507194716905f,-0.6445367755403447f,0.7329741081625418f,0f,0f,0f,1f],start_interpolation:0}
execute if entity @s[tag=aj.labyria.bone.ear_edge_b1] run data modify entity @s {} merge value {transformation:[-0.9486155733937921f,-0.13163470470310165f,-0.287751278767783f,-0.3566067903132568f,-0.31631076044608103f,0.41952553065013487f,0.8508500643231716f,1.8069862011622129f,0.008717610956513244f,0.8981484474464398f,-0.4396059253567456f,0.7024830402423096f,0f,0f,0f,1f],start_interpolation:0}
execute if entity @s[tag=aj.labyria.bone.ear_edge_b2] run data modify entity @s {} merge value {transformation:[-0.8615096617324433f,-0.41833037698589004f,-0.287751278767783f,-0.3343147337469722f,-0.4304699284415802f,0.30124708919549104f,0.8508500643231716f,1.8221796905401229f,-0.2692521930257063f,0.8568838234802238f,-0.4396059253567456f,0.7172981581820662f,0f,0f,0f,1f],start_interpolation:0}
execute if entity @s[tag=aj.labyria.bone.ear_right_2] run data modify entity @s {} merge value {transformation:[-0.9163443369370611f,-0.27841023280562716f,-0.287751278767783f,-0.329372651601192f,-0.3780447020553487f,0.364878570608275f,0.8508500643231716f,1.906988888966308f,-0.13189108920340514f,0.8884544844728844f,-0.4396059253567456f,0.8071236568871796f,0f,0f,0f,1f],start_interpolation:0}
execute if entity @s[tag=aj.labyria.bone.ear_right_1] run data modify entity @s {} merge value {transformation:[-0.9163443369370611f,-0.340607977872247f,-0.21047389760527735f,-0.2527358565799365f,-0.3780447020553487f,0.5628579926100229f,0.7350327090700783f,1.780345840629053f,-0.13189108920340514f,0.7531116023304877f,-0.6445367755403447f,0.6376735463628201f,0f,0f,0f,1f],start_interpolation:0}
execute if entity @s[tag=aj.labyria.bone.ear_edge_a3] run data modify entity @s {} merge value {transformation:[-0.8067244662640184f,-0.5521742242787848f,-0.21047389760527735f,-0.5724305422398337f,-0.5029828312712277f,0.45468141378715f,0.7350327090700783f,1.6757645626988518f,-0.310167546621845f,0.6988336268373472f,-0.6445367755403447f,0.6712895126221877f,0f,0f,0f,1f],start_interpolation:0}
execute if entity @s[tag=aj.labyria.bone.ear_edge_a4] run data modify entity @s {} merge value {transformation:[-0.8831714287858626f,-0.4191765329824429f,-0.21047389760527735f,-0.4749266330112079f,-0.4256624342365944f,0.5277673812172166f,0.7350327090700783f,1.7301130091864703f,-0.19702720486297037f,0.7387507194716904f,-0.6445367755403447f,0.7014287673329196f,0f,0f,0f,1f],start_interpolation:0}
execute if entity @s[tag=aj.labyria.bone.ear_edge_b3] run data modify entity @s {} merge value {transformation:[-0.7659984729513011f,-0.5542850938770784f,-0.3255984860867034f,-0.45794752031443176f,-0.5100823552674378f,0.21582057867476942f,0.8326088329253487f,1.758142975018772f,-0.3912318114380504f,0.8038591372411998f,-0.44804927987079235f,0.6798748804670847f,0f,0f,0f,1f],start_interpolation:0}
execute if entity @s[tag=aj.labyria.bone.ear_edge_b4] run data modify entity @s {} merge value {transformation:[-0.8997913529092022f,-0.29044990460985587f,-0.3255984860867034f,-0.48701009196472617f,-0.41842492127793723f,0.36288168400766807f,0.8326088329253487f,1.7485850567497705f,-0.12367742915900079f,0.8854127491310957f,-0.44804927987079235f,0.6832332658580997f,0f,0f,0f,1f],start_interpolation:0}
execute if entity @s[tag=aj.labyria.bone.ear_left_2] run data modify entity @s {} merge value {transformation:[-0.8432770527881149f,-0.42763236325030113f,-0.3255984860867034f,-0.5848035666298617f,-0.4700406182712946f,0.292957929590288f,0.8326088329253487f,1.7838787638801095f,-0.2606638245252493f,0.8551644364630315f,-0.44804927987079235f,0.7501394320998398f,0f,0f,0f,1f],start_interpolation:0}
execute if entity @s[tag=aj.labyria.bone.ear_left_1] run data modify entity @s {} merge value {transformation:[-0.8432770527881149f,-0.4945549015709317f,-0.21047389760527735f,-0.4735287137764022f,-0.4700406182712946f,0.4886601413786897f,0.7350327090700783f,1.6739302320699045f,-0.2606638245252493f,0.7187674975678332f,-0.6445367755403447f,0.5884167451470775f,0f,0f,0f,1f],start_interpolation:0}
execute if entity @s[tag=aj.labyria.bone.head] run data modify entity @s {} merge value {transformation:[-0.8831714287858626f,-0.4191765329824429f,-0.21047389760527735f,-0.1417270027245024f,-0.4256624342365944f,0.5277673812172166f,0.7350327090700783f,1.4336874813172154f,-0.19702720486297032f,0.7387507194716905f,-0.6445367755403447f,0.25457717626134313f,0f,0f,0f,1f],start_interpolation:0}
execute if entity @s[tag=aj.labyria.bone.back_musket] run data modify entity @s {} merge value {transformation:[0.6782357478281669f,0.5177838045911268f,1.3836736763760826f,-0.12647919015540765f,1.075411927051531f,0.8709050275931347f,-0.8530359082086254f,1.5643249170979034f,-1.0129867216051152f,1.271251747389611f,0.020821556992247695f,0.043666477072893874f,0f,0f,0f,1f],start_interpolation:0}
execute if entity @s[tag=aj.labyria.bone.body_1] run data modify entity @s {} merge value {transformation:[-0.8682509072068021f,-0.3184786608426198f,0.38040991669836444f,-0.02229750490851998f,0.06424141462036727f,0.6881363110501229f,0.7227319406681172f,1.1756363646734191f,-0.4919485773758667f,0.6519507343367444f,-0.577015456652281f,0.010095650885063957f,0f,0f,0f,1f],start_interpolation:0}
execute if entity @s[tag=aj.labyria.bone.belt2] run data modify entity @s {} merge value {transformation:[-0.9849053858638962f,-0.17267113189842329f,-0.012085574260551568f,0.44475411053723174f,-0.08400871715578848f,0.5378909370149807f,-0.8388181419825069f,0.8378954267294632f,0.15134039889642403f,-0.8251412122091972f,-0.5442775611540566f,0.38720096925582437f,0f,0f,0f,1f],start_interpolation:0}
execute if entity @s[tag=aj.labyria.bone.leg_left_2] run data modify entity @s {} merge value {transformation:[-0.8812441313539837f,-0.24871265245064816f,-0.4019338222458094f,0.29170618498277134f,0.1702991500184656f,0.6261772602330453f,-0.7608549390455618f,0.8048406915515861f,0.44091606962907465f,-0.7389479381377285f,-0.509459482456504f,0.2500016311668716f,0f,0f,0f,1f],start_interpolation:0}
execute if entity @s[tag=aj.labyria.bone.leg_left_1] run data modify entity @s {} merge value {transformation:[-0.8812441313539837f,-0.3822006513909836f,-0.27808531610006076f,0.14957608046674864f,0.1702991500184656f,0.2920810596655475f,-0.9411093741365237f,0.8994528451675008f,0.44091606962907465f,-0.8767048058844886f,-0.19230627364152814f,-0.07061197213092575f,0f,0f,0f,1f],start_interpolation:0}
execute if entity @s[tag=aj.labyria.bone.belt] run data modify entity @s {} merge value {transformation:[-0.677450532847191f,0.7133779282310964f,0.1793117593962144f,-0.3757825452168071f,0.027549433089835484f,0.2682093399682562f,-0.9629666550250955f,0.9377239719321825f,-0.7350522459536366f,-0.6474223362431216f,-0.20135171777765673f,-0.07784669110946209f,0f,0f,0f,1f],start_interpolation:0}
execute if entity @s[tag=aj.labyria.bone.leg_right_2] run data modify entity @s {} merge value {transformation:[-0.47112350323704677f,0.315334688499976f,0.8237758669239319f,-0.3806794393957467f,-0.3008432169921812f,0.8204730292605679f,-0.4861248471800048f,0.7998525227790804f,-0.8291779082244339f,-0.4768522228999365f,-0.29167782573919077f,0.05787174894899699f,0f,0f,0f,1f],start_interpolation:0}
execute if entity @s[tag=aj.labyria.bone.leg_right_1] run data modify entity @s {} merge value {transformation:[-0.47112350323704677f,0.7389081477009f,0.48172335832807345f,-0.08786413007892672f,-0.3008432169921812f,0.37877837662191677f,-0.8752258566755561f,0.9137066242162204f,-0.8291779082244339f,-0.5572626765403283f,0.04384410847151343f,-0.14980914409316598f,0f,0f,0f,1f],start_interpolation:0}
execute if entity @s[tag=aj.labyria.bone.skirt_forward_right] run data modify entity @s {} merge value {transformation:[-0.9221642408988446f,0.2814157947398029f,0.26536439715685806f,0.012082642629122549f,0.24042696883513226f,0.95445211059155f,-0.17668061932222803f,1.1063737689900637f,-0.3029983258439028f,-0.0991277915536345f,-0.9478215525495773f,-0.04315646416149489f,0f,0f,0f,1f],start_interpolation:0}
execute if entity @s[tag=aj.labyria.bone.skirt_forward_left] run data modify entity @s {} merge value {transformation:[-0.9454353887581763f,-0.1890334954584857f,0.26536439715685806f,0.012082642629122549f,-0.24042696883513226f,0.95445211059155f,-0.17668061932222803f,1.1063737689900637f,-0.21987905389196666f,-0.2308408676601315f,-0.9478215525495773f,-0.04315646416149489f,0f,0f,0f,1f],start_interpolation:0}
execute if entity @s[tag=aj.labyria.bone.skirt_forward] run data modify entity @s {} merge value {transformation:[-0.9629707824413879f,0.04763411472672114f,0.26536439715685806f,0.012082642629122549f,-1.734723475976807e-18f,0.9842682351655538f,-0.17668061932222803f,1.1063737689900637f,-0.2696057717561349f,-0.17013827423095482f,-0.9478215525495773f,-0.04315646416149489f,0f,0f,0f,1f],start_interpolation:0}
execute if entity @s[tag=aj.labyria.bone.skirt_back_right] run data modify entity @s {} merge value {transformation:[-0.9516656997722676f,0.1643002738658659f,0.2594953099471388f,0.012082642629122549f,0.2351094248737706f,0.9333424111195024f,0.2712849091659145f,1.1063737689900637f,-0.19762579338862887f,0.31918233599814877f,-0.9268585017003834f,-0.04315646416149489f,0f,0f,0f,1f],start_interpolation:0}
execute if entity @s[tag=aj.labyria.bone.skirt_back_left] run data modify entity @s {} merge value {transformation:[-0.9159339298847534f,-0.30614901633242264f,0.2594953099471388f,0.012082642629122549f,-0.2351094248737706f,0.9333424111195024f,0.2712849091659145f,1.1063737689900637f,-0.3252515863472406f,0.1874692598916518f,-0.9268585017003834f,-0.04315646416149489f,0f,0f,0f,1f],start_interpolation:0}
execute if entity @s[tag=aj.labyria.bone.skirt_back] run data modify entity @s {} merge value {transformation:[-0.9629707824413879f,-0.07313997730146936f,0.2594953099471388f,0.012082642629122549f,-1.734723475976807e-18f,0.9624990899002666f,0.2712849091659145f,1.1063737689900637f,-0.2696057717561349f,0.2612394412440416f,-0.9268585017003834f,-0.04315646416149489f,0f,0f,0f,1f],start_interpolation:0}
execute if entity @s[tag=aj.labyria.bone.skirt_right] run data modify entity @s {} merge value {transformation:[-0.9163523132876837f,0.2962896285198339f,0.2692784691799352f,-0.17482496510573378f,0.3203562645295397f,0.9460155014106026f,0.04925987076237176f,1.131343418881638f,-0.24014641723121774f,0.13140444103006862f,-0.9618017317350728f,-0.09420668703197096f,0f,0f,0f,1f],start_interpolation:0}
execute if entity @s[tag=aj.labyria.bone.skirt_left] run data modify entity @s {} merge value {transformation:[-0.9078328305786117f,-0.3214477527682162f,0.2692784691799352f,0.19832621309030404f,-0.3203562645295397f,0.9460155014106026f,0.04925987076237176f,1.131343418881638f,-0.2705760807985531f,-0.041545316596576176f,-0.9618017317350728f,0.010265549523531328f,0f,0f,0f,1f],start_interpolation:0}
execute if entity @s[tag=aj.labyria.bone.coat_downer] run data modify entity @s {} merge value {transformation:[-0.9629707824413879f,-0.06067703306894338f,0.2626891124926411f,0.01603397632348947f,-1.734723475976807e-18f,0.9743452849008364f,0.2250583608567076f,0.9630948771130048f,-0.2696057717561349f,0.21672462584916002f,-0.9382660413690354f,-0.05726973360141352f,0f,0f,0f,1f],start_interpolation:0}
execute if entity @s[tag=aj.labyria.bone.body_2] run data modify entity @s {} merge value {transformation:[-0.9629707824413879f,-0.06980778807505618f,0.26041149146742576f,0f,-1.734723475976807e-18f,0.9658973165566144f,0.2589254214416412f,1.1849494170096022f,-0.2696057717561349f,0.24933761567962343f,-0.9301308946825598f,0f,0f,0f,0f,1f],start_interpolation:0}
execute if entity @s[tag=aj.labyria.bone.sphere] run data modify entity @s {} merge value {transformation:[-0.9495843494382186f,0f,-0.3135116637415507f,0.6763620676647192f,0f,1f,0f,2.1536994170096024f,0.3135116637415507f,0f,-0.9495843494382186f,-0.47527130483514013f,0f,0f,0f,1f],start_interpolation:0}