execute if entity @s[tag=aj.lexiel.bone.backhair] run data modify entity @s {} merge value {transformation:[-0.9412416012773371f,0.11555431603762399f,-0.31735067050496535f,-0.0861018080409693f,0.12891010100731778f,0.9914266672330615f,-0.021338916500784975f,1.4788408086289624f,0.312164113701683f,-0.060994782926257346f,-0.9480681423677422f,-0.2508775568332087f,0f,0f,0f,1f],start_interpolation:0}
execute if entity @s[tag=aj.lexiel.bone.head] run data modify entity @s {} merge value {transformation:[-0.9412416012773371f,0.11555431603762399f,-0.31735067050496535f,0f,0.12891010100731778f,0.9914266672330615f,-0.021338916500784975f,1.5f,0.312164113701683f,-0.060994782926257346f,-0.9480681423677422f,0f,0f,0f,0f,1f],start_interpolation:0}
execute if entity @s[tag=aj.lexiel.bone.ring] run data modify entity @s {} merge value {transformation:[-0.9611181593167819f,0.16947106313640556f,-0.21801706949442567f,0f,0.17364817766693033f,0.984807753012208f,0f,0.9375f,0.21470490032711176f,-0.03785826681799152f,-0.9759449561369036f,0f,0f,0f,0f,1f],start_interpolation:0}
execute if entity @s[tag=aj.lexiel.bone.bust] run data modify entity @s {} merge value {transformation:[-0.9759449561369036f,-0.10900853474721282f,-0.18880832064081002f,0.015669976869911895f,0f,0.8660254037844387f,-0.49999999999999994f,1.390625f,0.21801706949442567f,-0.48797247806845173f,-0.8451931247098482f,0.07014604372233996f,0f,0f,0f,1f],start_interpolation:0}
execute if entity @s[tag=aj.lexiel.bone.left_wing] run data modify entity @s {} merge value {transformation:[-0.2404920966996599f,0f,-0.9706510966485337f,0.09474098583030977f,0f,1f,0f,1.15625f,0.9706510966485337f,0f,-0.2404920966996599f,-0.14924525320391613f,0f,0f,0f,1f],start_interpolation:0}
execute if entity @s[tag=aj.lexiel.bone.right_wing] run data modify entity @s {} merge value {transformation:[-0.9963342448528997f,0f,0.08554573357802236f,-0.14924525320391613f,0f,1f,0f,1.15625f,-0.08554573357802236f,0f,-0.9963342448528997f,-0.09474098583030965f,0f,0f,0f,1f],start_interpolation:0}
execute if entity @s[tag=aj.lexiel.bone.body] run data modify entity @s {} merge value {transformation:[-0.9759449561369036f,0f,-0.21801706949442567f,0.5969810128156646f,0f,1f,0f,0.21875f,0.21801706949442567f,0f,-0.9759449561369036f,0.37896394332123895f,0f,0f,0f,1f],start_interpolation:0}
execute if entity @s[tag=aj.lexiel.bone.sword] run data modify entity @s {} merge value {transformation:[-0.000009916417527903271f,0.000005892017643616633f,8.001235839563232e-7f,-0.5605822359314077f,0.000005814527029737359f,0.000009934292834833105f,-0.0000010920199367398627f,0.8231312198128975f,-0.0000012439232624026525f,-5.34191172796768e-7f,-0.000011482974395084207f,0.43289542819439264f,0f,0f,0f,1f],start_interpolation:0}
execute if entity @s[tag=aj.lexiel.bone.rod] run data modify entity @s {} merge value {transformation:[-0.8463231149345664f,0.5271867324951373f,-0.07623210746498757f,-0.5102550312791142f,0.5101870169028448f,0.8433971298995377f,0.16849477458069329f,0.8828585480864455f,0.15312215029586407f,0.10370839097355078f,-0.9827503125059018f,0.5120542510322367f,0f,0f,0f,1f],start_interpolation:0}
execute if entity @s[tag=aj.lexiel.bone.right_hand] run data modify entity @s {} merge value {transformation:[-0.8463231149345664f,0.2906448198483201f,-0.4463885906055288f,-0.430265786044116f,0.5101870169028448f,0.6831938225317888f,-0.5224513457138176f,1.143815192662938f,0.15312215029586407f,-0.6699043137267741f,-0.7264859376058359f,0.18672610776455628f,0f,0f,0f,1f],start_interpolation:0}
execute if entity @s[tag=aj.lexiel.bone.right_arm] run data modify entity @s {} merge value {transformation:[-0.9116097358777123f,0.30974458561649665f,-0.27023319769086895f,-0.30498279879278234f,0.3832613402563234f,0.8781175175042305f,-0.2863919875225809f,1.40625f,0.14858813720446912f,-0.3646476616317075f,-0.919213603222142f,0.06813033421700802f,0f,0f,0f,1f],start_interpolation:0}
execute if entity @s[tag=aj.lexiel.bone.left_hand] run data modify entity @s {} merge value {transformation:[-0.9087615989175735f,-0.4023186093714818f,-0.1108697113109462f,0.4464324132163943f,-0.4022758196316211f,0.9152103697023958f,-0.023751718441231306f,1.1296546244523133f,0.11102486781114812f,0.023015554362238788f,-0.9935510872546593f,-0.1689702233155073f,0f,0f,0f,1f],start_interpolation:0}
execute if entity @s[tag=aj.lexiel.bone.left_arm] run data modify entity @s {} merge value {transformation:[-0.9087615989175735f,-0.3550442705418678f,-0.21930782541480012f,0.3354810786720606f,-0.4022758196316211f,0.8851052017525975f,0.23401484305530934f,1.40625f,0.11102486781114812f,0.3008859381657551f,-0.9471753432926927f,-0.07494336763870882f,0f,0f,0f,1f],start_interpolation:0}
execute if entity @s[tag=aj.lexiel.bone.skirt_right] run data modify entity @s {} merge value {transformation:[-0.8472094815417172f,-0.1219125349150742f,-0.5170816455999919f,-0.146652286816009f,-0.003769560722783163f,0.9746687047103333f,-0.22362179337049998f,0.7043373981249328f,0.5312455974384843f,-0.18750533296112443f,-0.8262081246958091f,0.1805946284094348f,0f,0f,0f,1f],start_interpolation:0}
execute if entity @s[tag=aj.lexiel.bone.skirt_left] run data modify entity @s {} merge value {transformation:[-0.8472094815417172f,-0.07213144477764633f,-0.5263393858149932f,0.22400186135849226f,-0.003769560722783163f,0.991531014524829f,-0.12981539834442274f,0.7059865809411504f,0.5312455974384843f,-0.10799676805188783f,-0.8403063806092244f,-0.0518253204699021f,0f,0f,0f,1f],start_interpolation:0}
execute if entity @s[tag=aj.lexiel.bone.skirt_back_middle] run data modify entity @s {} merge value {transformation:[-0.8472094815417172f,-0.0028132744223945266f,-0.5312515222310795f,-0.11427120234142334f,-0.003769560722783163f,0.9999926388808291f,0.000715958178238385f,0.7180799049330627f,0.5312455974384843f,0.0026091514291119444f,-0.8472138499405257f,-0.17943590345540333f,0f,0f,0f,1f],start_interpolation:0}
execute if entity @s[tag=aj.lexiel.bone.skirt_front_middle] run data modify entity @s {} merge value {transformation:[-0.8472094815417172f,-0.1402154261141379f,-0.5124214365787653f,0.08173833437706868f,-0.003769560722783163f,0.9661040196059759f,-0.25812557740978276f,0.7829330867795273f,0.5312455974384843f,-0.21675483288915892f,-0.8190210361287558f,0.13361253739647425f,0f,0f,0f,1f],start_interpolation:0}
execute if entity @s[tag=aj.lexiel.bone.skirt] run data modify entity @s {} merge value {transformation:[-0.8472094815417172f,-0.09502139318073476f,-0.5226920979159787f,0.03689313614910282f,-0.003769560722783163f,0.9849248285579146f,-0.1729418182572391f,0.7236293300685025f,0.5312455974384843f,-0.14454762858018416f,-0.8347958422716736f,0.061674385933887896f,0f,0f,0f,1f],start_interpolation:0}
execute if entity @s[tag=aj.lexiel.bone.rightupper] run data modify entity @s {} merge value {transformation:[-0.8122502138029455f,-0.28983559708916456f,-0.5062063974675121f,-0.11947932875691517f,-0.041652775164010156f,0.8944225788730366f,-0.4452788976846344f,0.6599967251768025f,0.5818201066465527f,-0.3405929785859862f,-0.7385673878798874f,0.07021604075859086f,0f,0f,0f,1f],start_interpolation:0}
execute if entity @s[tag=aj.lexiel.bone.rightfoot] run data modify entity @s {} merge value {transformation:[-0.8222393202869487f,-0.06480236622295626f,-0.5654406719594571f,0.03772343646157024f,-0.0010811736447103454f,0.9936728837760271f,-0.11230775178848418f,0.4170662282975199f,0.5691408711712828f,-0.09173250994134857f,-0.817106979154048f,0.22212313823911678f,0f,0f,0f,1f],start_interpolation:0}
execute if entity @s[tag=aj.lexiel.bone.leftupper] run data modify entity @s {} merge value {transformation:[-0.8371584432495042f,-0.20411309873359962f,-0.5074481094865116f,0.11130582086403834f,-0.05972344487676415f,0.9563251526424297f,-0.28613862471796064f,0.6692175821908352f,0.5436900321213541f,-0.2092368164277061f,-0.8127860134273224f,-0.07581162466518493f,0f,0f,0f,1f],start_interpolation:0}
execute if entity @s[tag=aj.lexiel.bone.leftfoot] run data modify entity @s {} merge value {transformation:[-0.8293305651695585f,-0.2181667902544288f,-0.5144065175574867f,0.23698875874931183f,-0.10231126671066013f,0.964351228425409f,-0.24404735798296393f,0.4236010877073149f,0.5493115858778158f,-0.1497663509086231f,-0.8220868699571319f,0.07981797636615863f,0f,0f,0f,1f],start_interpolation:0}
execute if entity @s[tag=aj.lexiel.bone.lower] run data modify entity @s {} merge value {transformation:[-0.8451892006348423f,-0.14505567836046787f,-0.5144065175574867f,0f,-0.017873193869177025f,0.9695985952972755f,-0.24404735798296393f,0.625f,0.5341682918998012f,-0.19707210399479327f,-0.8220868699571319f,0f,0f,0f,0f,1f],start_interpolation:0}