execute if entity @s[tag=aj.lexiel.bone.backhair] run data modify entity @s {} merge value {transformation:[-0.5022389922572242f,0.002975538390114482f,-0.864723736708862f,-0.22973873535063702f,0.1138384084936209f,0.9915183878359003f,-0.0627064855891061f,1.4678511149554578f,0.8572028997898269f,-0.1299324161038585f,-0.4983179264659524f,-0.13033550521589582f,0f,0f,0f,1f],start_interpolation:0}
execute if entity @s[tag=aj.lexiel.bone.head] run data modify entity @s {} merge value {transformation:[-0.5022389922572242f,0.002975538390114482f,-0.864723736708862f,0f,0.1138384084936209f,0.9915183878359003f,-0.0627064855891061f,1.5f,0.8572028997898269f,-0.1299324161038585f,-0.4983179264659524f,0f,0f,0f,0f,1f],start_interpolation:0}
execute if entity @s[tag=aj.lexiel.bone.ring] run data modify entity @s {} merge value {transformation:[-0.27041700007743025f,0.04768181315589401f,-0.9615617976829622f,0f,0.17364817766693033f,0.984807753012208f,0f,0.9375f,0.9469535133585374f,-0.16697345388178395f,-0.27458861818493224f,0f,0f,0f,0f,1f],start_interpolation:0}
execute if entity @s[tag=aj.lexiel.bone.bust] run data modify entity @s {} merge value {transformation:[-0.27458861818493224f,-0.48078089884148106f,-0.8327369441020781f,0.0691122542084629f,0f,0.8660254037844387f,-0.49999999999999994f,1.390625f,0.9615617976829622f,-0.1372943090924661f,-0.23780071893821703f,0.019736056932042f,0f,0f,0f,1f],start_interpolation:0}
execute if entity @s[tag=aj.lexiel.bone.left_wing] run data modify entity @s {} merge value {transformation:[0.9869191019845462f,0f,-0.16121627131904942f,-0.08587164743725373f,0f,1f,0f,1.15625f,0.16121627131904942f,0f,0.9869191019845462f,-0.1545188019834868f,0f,0f,0f,1f],start_interpolation:0}
execute if entity @s[tag=aj.lexiel.bone.right_wing] run data modify entity @s {} merge value {transformation:[-0.5510270287905239f,0f,-0.8344873956761046f,-0.15451880198348678f,0f,1f,0f,1.15625f,0.8344873956761046f,0f,-0.5510270287905239f,0.08587164743725373f,0f,0f,0f,1f],start_interpolation:0}
execute if entity @s[tag=aj.lexiel.bone.body] run data modify entity @s {} merge value {transformation:[-0.27458861818493224f,0f,-0.9615617976829622f,0.6180752079339472f,0f,1f,0f,0.21875f,0.9615617976829622f,0f,-0.27458861818493224f,-0.343486589749015f,0f,0f,0f,1f],start_interpolation:0}
execute if entity @s[tag=aj.lexiel.bone.sword] run data modify entity @s {} merge value {transformation:[-0.000005230267731585141f,-0.000009198348181982151f,-0.000004661126090223792f,0.5101415697116632f,0.00001029288015907833f,-0.000004974300282321932f,-0.0000017333092575024422f,1.55858917774718f,-6.263575151548453e-7f,-0.000004933369403796724f,0.000010438436129942621f,0.5011027956959633f,0f,0f,0f,1f],start_interpolation:0}
execute if entity @s[tag=aj.lexiel.bone.rod] run data modify entity @s {} merge value {transformation:[-0.3325977670268218f,-0.629722845443593f,-0.7020169964432462f,0.49417651302732346f,0.8986614019639034f,-0.43736676944909475f,-0.0334364113196072f,1.5198944906070955f,-0.28598323375513374f,-0.6419964539684682f,0.7113748260255417f,0.3980775966193542f,0f,0f,0f,1f],start_interpolation:0}
execute if entity @s[tag=aj.lexiel.bone.right_hand] run data modify entity @s {} merge value {transformation:[-0.3325977670268218f,-0.9349625811905313f,0.1233843472338012f,0.10472374938552927f,0.8986614019639034f,-0.27453738143131295f,0.3421065781552721f,1.4407740585105027f,-0.28598323375513374f,0.22466463444515927f,0.9315253040259186f,0.5477494516988759f,0f,0f,0f,1f],start_interpolation:0}
execute if entity @s[tag=aj.lexiel.bone.right_arm] run data modify entity @s {} merge value {transformation:[-0.2380452424636636f,-0.6335091404649923f,-0.7362069216515983f,-0.08580894318279132f,0.9550896337886687f,-0.014968023854741608f,-0.2959387600354347f,1.40625f,0.17646034673501693f,-0.7735904130799391f,0.6086210798361875f,0.3004880617759257f,0f,0f,0f,1f],start_interpolation:0}
execute if entity @s[tag=aj.lexiel.bone.left_hand] run data modify entity @s {} merge value {transformation:[-0.4365413751785777f,-0.6167734277548217f,-0.654997837074875f,0.020868862816024736f,-0.8178131458142216f,0.5754751571996689f,0.0031625906252229496f,1.3129608567224418f,0.3749843813956029f,0.5370464433003761f,-0.7556241337118428f,-0.6195836669807693f,0f,0f,0f,1f],start_interpolation:0}
execute if entity @s[tag=aj.lexiel.bone.left_arm] run data modify entity @s {} merge value {transformation:[-0.4365413751785777f,0.2352671189921463f,-0.8683783797851787f,0.09438983750107045f,-0.8178131458142216f,0.29852525848818656f,0.49200033392062636f,1.40625f,0.3749843813956029f,0.9249497568872034f,0.06208591582364262f,-0.3305368679535183f,0f,0f,0f,1f],start_interpolation:0}
execute if entity @s[tag=aj.lexiel.bone.skirt_right] run data modify entity @s {} merge value {transformation:[0.26426283749238816f,-0.1810784433476391f,-0.9472991872028963f,0.1304315393680234f,-0.03932258664318757f,0.9793766038273817f,-0.19817972160448905f,0.6949980767545931f,0.9636487362624211f,0.08962178993046091f,0.2516923675233313f,0.19762601684375658f,0f,0f,0f,1f],start_interpolation:0}
execute if entity @s[tag=aj.lexiel.bone.skirt_left] run data modify entity @s {} merge value {transformation:[0.26426283749238816f,0.03876103198589223f,-0.9636714871364933f,0.01481654796510358f,-0.03932258664318757f,0.9987942391014443f,0.029390510670214906f,0.7122017084109877f,0.9636487362624211f,0.03012723580343292f,0.2654683837346431f,-0.22397030527105266f,0f,0f,0f,1f],start_interpolation:0}
execute if entity @s[tag=aj.lexiel.bone.skirt_back_middle] run data modify entity @s {} merge value {transformation:[0.26426283749238816f,0.16421379575091963f,-0.9503678140622961f,-0.1988330313513078f,-0.03932258664318757f,0.9864131844817058f,0.15950787961837196f,0.7620502960254792f,0.9636487362624211f,-0.004781084158983789f,0.2671296582824604f,0.06365505969309802f,0f,0f,0f,1f],start_interpolation:0}
execute if entity @s[tag=aj.lexiel.bone.skirt_front_middle] run data modify entity @s {} merge value {transformation:[0.26426283749238816f,-0.08735494378300215f,-0.9604864738855724f,0.16283385035434117f,-0.03932258664318757f,0.9940856473720777f,-0.10122973806409857f,0.7673768917994185f,0.9636487362624211f,0.06452007040840509f,0.25926487153938504f,-0.035308034714732706f,0f,0f,0f,1f],start_interpolation:0}
execute if entity @s[tag=aj.lexiel.bone.skirt] run data modify entity @s {} merge value {transformation:[0.26426283749238816f,-0.0033106198181529767f,-0.9644450178817305f,0.07256196954497313f,-0.03932258664318757f,0.9991256043702917f,-0.0142042553971711f,0.7223334976647334f,0.9636487362624211f,0.04167812961396799f,0.2639015850875486f,-0.012390679283386127f,0f,0f,0f,1f],start_interpolation:0}
execute if entity @s[tag=aj.lexiel.bone.rightupper] run data modify entity @s {} merge value {transformation:[0.34997585572195034f,-0.5853609934005606f,-0.7313476654894018f,0.03659726076804858f,-0.12031408806494215f,0.7461672088298396f,-0.6547969278182267f,0.6413406571267701f,0.9290002263857583f,0.3171545425690697f,0.19071333331210516f,0.13513419092827492f,0f,0f,0f,1f],start_interpolation:0}
execute if entity @s[tag=aj.lexiel.bone.rightfoot] run data modify entity @s {} merge value {transformation:[0.32684347138581804f,-0.31421998149450114f,-0.891313159580887f,0.2716675574828544f,-0.08535325451225134f,0.9294418112269031f,-0.3589606405825306f,0.46486001156368073f,0.9412163232523302f,0.19340042081869757f,0.27696228997918804f,-0.0076956356844472135f,0f,0f,0f,1f],start_interpolation:0}
execute if entity @s[tag=aj.lexiel.bone.leftupper] run data modify entity @s {} merge value {transformation:[0.2833738785554947f,-0.22897707254349653f,-0.9312726481551075f,-0.03994704203552439f,-0.12351858530864693f,0.9542749150545082f,-0.2722178274490148f,0.6777828726091311f,0.9510217684342281f,0.19216890161293393f,0.2421336598185231f,-0.12533854757271656f,0f,0f,0f,1f],start_interpolation:0}
execute if entity @s[tag=aj.lexiel.bone.leftfoot] run data modify entity @s {} merge value {transformation:[0.2896704853304297f,-0.17566954409784466f,-0.9408672707693094f,0.13723048920917014f,-0.16590566562504183f,0.9589166042823851f,-0.23011791791394962f,0.4314752631219412f,0.9426379580952304f,0.22275357978716054f,0.24862526551028558f,-0.21636109088209077f,0f,0f,0f,1f],start_interpolation:0}
execute if entity @s[tag=aj.lexiel.bone.lower] run data modify entity @s {} merge value {transformation:[0.2732575920858467f,-0.20024751474751515f,-0.9408672707693094f,0f,-0.08169925559975512f,0.9697272686118477f,-0.23011791791394962f,0.625f,0.9584651897705473f,0.13974962378500025f,0.24862526551028558f,0f,0f,0f,0f,1f],start_interpolation:0}