execute if entity @s[tag=aj.lexiel.bone.backhair] run data modify entity @s {} merge value {transformation:[-0.33698257943795007f,-0.002749322544096912f,0.9415068679414368f,0.25013071996169567f,0.1219480268784652f,0.9914446362195619f,0.046542583210536684f,1.4968715512243682f,-0.9335798947576982f,0.13049894458197403f,-0.333764296423683f,-0.09069518724663414f,0f,0f,0f,1f],start_interpolation:0}
execute if entity @s[tag=aj.lexiel.bone.head] run data modify entity @s {} merge value {transformation:[-0.33698257943795007f,-0.002749322544096912f,0.9415068679414368f,0f,0.1219480268784652f,0.9914446362195619f,0.046542583210536684f,1.5f,-0.9335798947576982f,0.13049894458197403f,-0.333764296423683f,0f,0f,0f,0f,1f],start_interpolation:0}
execute if entity @s[tag=aj.lexiel.bone.ring] run data modify entity @s {} merge value {transformation:[0.2738416090339708f,-0.04828566411330797f,0.9605619541720476f,0f,0.17364817766693033f,0.984807753012208f,0f,0.9375f,-0.9459688597171897f,0.16679983287816152f,0.2780660572547058f,0f,0f,0f,0f,1f],start_interpolation:0}
execute if entity @s[tag=aj.lexiel.bone.bust] run data modify entity @s {} merge value {transformation:[0.2780660572547058f,0.48028097708602374f,0.8318710542218171f,-0.06904039045611599f,0f,0.8660254037844387f,-0.49999999999999994f,1.390625f,-0.9605619541720476f,0.13903302862735287f,0.24081226951275345f,-0.01998599786518196f,0f,0f,0f,1f],start_interpolation:0}
execute if entity @s[tag=aj.lexiel.bone.left_wing] run data modify entity @s {} merge value {transformation:[-0.3641484325285502f,0f,0.9313409252722658f,0.0853119871146677f,0f,1f,0f,1.15625f,-0.9313409252722658f,0f,-0.3641484325285502f,0.15482850142834415f,0f,0f,0f,1f],start_interpolation:0}
execute if entity @s[tag=aj.lexiel.bone.right_wing] run data modify entity @s {} merge value {transformation:[0.5540428626342324f,0f,0.8324881418759461f,0.15482850142834415f,0f,1f,0f,1.15625f,-0.8324881418759461f,0f,0.5540428626342324f,-0.0853119871146677f,0f,0f,0f,1f],start_interpolation:0}
execute if entity @s[tag=aj.lexiel.bone.body] run data modify entity @s {} merge value {transformation:[0.2780660572547058f,0f,0.9605619541720476f,-0.6193140057133767f,0f,1f,0f,0.21875f,-0.9605619541720476f,0f,0.2780660572547058f,0.3412479484586709f,0f,0f,0f,1f],start_interpolation:0}
execute if entity @s[tag=aj.lexiel.locator_origin.locator_right_hand] at @s on origin run tp @s ^0.32156 ^0.89964 ^-0.88521 ~110.49491 ~-1.2136
execute if entity @s[tag=aj.lexiel.bone.sword] run data modify entity @s {} merge value {transformation:[0.000003533736475255953f,-0.000009644920598066972f,0.000005308447930462269f,0.3793068016891037f,0.000010776294276840605f,0.000004171189237850777f,4.0505339274023677e-7f,0.9751619857045621f,-0.0000022529079946545033f,0.000004823701198148718f,0.000010263903671050334f,-0.8119627552067026f,0f,0f,0f,1f],start_interpolation:0}
execute if entity @s[tag=aj.lexiel.bone.rod] run data modify entity @s {} merge value {transformation:[0.1763805319274104f,-0.8526925774381913f,-0.4917369991558681f,0.27446086033591666f,0.8911797121182152f,-0.07378886093724121f,0.4476091204505106f,0.9786060171536248f,-0.4179576876501965f,-0.5171755721062228f,0.7468874071442779f,-0.8488648924486715f,0f,0f,0f,1f],start_interpolation:0}
execute if entity @s[tag=aj.lexiel.bone.right_hand] run data modify entity @s {} merge value {transformation:[0.1763805319274104f,-0.30310130747737307f,0.9364931955772615f,0.2102937648657686f,0.8911797121182152f,0.45315575780698925f,-0.021179704324389287f,1.1812545526714386f,-0.4179576876501965f,0.8383194239500124f,0.35004558954830534f,-0.4812357241074023f,0f,0f,0f,1f],start_interpolation:0}
execute if entity @s[tag=aj.lexiel.bone.right_arm] run data modify entity @s {} merge value {transformation:[0.5307101635163756f,-0.34180297396411613f,0.7755755600389351f,0.08689564289209556f,0.6185019706562426f,0.7818356285170209f,-0.07866614440621411f,1.40625f,-0.5794842833371469f,0.5214439346379252f,0.6263339272261665f,-0.30017561067876486f,0f,0f,0f,1f],start_interpolation:0}
execute if entity @s[tag=aj.lexiel.locator_origin.locator_left_hand] at @s on origin run tp @s ^-0.65586 ^1.24371 ^0.04365 ~-137.47585 ~-35.8067
execute if entity @s[tag=aj.lexiel.bone.left_hand] run data modify entity @s {} merge value {transformation:[0.4358453555156869f,0.7138400111055214f,-0.5481525924596852f,-0.36068220506467774f,-0.8097382409498707f,0.04513985081982294f,-0.5850524549229523f,1.2451773136614377f,-0.3928903246693835f,0.6988525112016364f,0.5976975492407118f,0.368080127666882f,0f,0f,0f,1f],start_interpolation:0}
execute if entity @s[tag=aj.lexiel.bone.left_arm] run data modify entity @s {} merge value {transformation:[0.4358453555156869f,0.8483103932267922f,0.3006797346327311f,-0.09558520718130512f,-0.8097382409498707f,0.5154325962833997f,-0.28045181374340056f,1.40625f,-0.3928903246693835f,-0.12123825894476994f,0.9115582687624677f,0.33019317174664137f,0f,0f,0f,1f],start_interpolation:0}
execute if entity @s[tag=aj.lexiel.bone.skirt_right] run data modify entity @s {} merge value {transformation:[-0.6334940876988948f,0.11026367002990035f,0.7658506146253866f,-0.20072769471725907f,-0.052978286599403124f,0.9812898607041441f,-0.18510405297624602f,0.6912677319543341f,-0.7719316951644988f,-0.1578357765235076f,-0.6157997447626014f,-0.12761324390480108f,0f,0f,0f,1f],start_interpolation:0}
execute if entity @s[tag=aj.lexiel.bone.skirt_left] run data modify entity @s {} merge value {transformation:[-0.6334940876988948f,-0.06309670136392849f,0.7711705694121999f,0.0764259686510074f,-0.052978286599403124f,0.9978676268501712f,0.03812480076537095f,0.714445732341573f,-0.7719316951644988f,-0.016703459563783603f,-0.6354859970440455f,0.21010687272966713f,0f,0f,0f,1f],start_interpolation:0}
execute if entity @s[tag=aj.lexiel.bone.skirt_back_middle] run data modify entity @s {} merge value {transformation:[-0.6334940876988948f,-0.1632148583144482f,0.7563373261157615f,0.15347107788266792f,-0.052978286599403124f,0.984354445898829f,0.16804649948213948f,0.7637386376321496f,-0.7719316951644988f,0.06638700825164373f,-0.6322295652180937f,-0.13988403519723286f,0f,0f,0f,1f],start_interpolation:0}
execute if entity @s[tag=aj.lexiel.bone.skirt_front_middle] run data modify entity @s {} merge value {transformation:[-0.6334940876988948f,0.03810105764063863f,0.7728088704571202f,-0.13647473162950519f,-0.052978286599403124f,0.9943070160449331f,-0.09244922386268482f,0.7657778351891869f,-0.7719316951644988f,-0.09950812655500071f,-0.6278690872705691f,0.09792317499550719f,0f,0f,0f,1f],start_interpolation:0}
execute if entity @s[tag=aj.lexiel.bone.skirt] run data modify entity @s {} merge value {transformation:[-0.6334940876988948f,-0.02939865949337686f,0.7731888253657949f,-0.06270208789862666f,-0.052978286599403124f,0.9985808584315833f,-0.005437860152099683f,0.7215801232435458f,-0.7719316951644988f,-0.04440707144177347f,-0.6341525605139735f,0.04041418182289976f,0f,0f,0f,1f],start_interpolation:0}
execute if entity @s[tag=aj.lexiel.bone.rightupper] run data modify entity @s {} merge value {transformation:[-0.45520358301706865f,0.24996700010981843f,0.8545795439071314f,-0.07948454814576791f,0.2296369402431595f,0.9602731501489926f,-0.1585634030244372f,0.6630832989583153f,-0.860265408861813f,0.12406440246512505f,-0.4945214356898893f,-0.10178726484558645f,0f,0f,0f,1f],start_interpolation:0}
execute if entity @s[tag=aj.lexiel.bone.rightfoot] run data modify entity @s {} merge value {transformation:[-0.4470102702095071f,-0.03834535029699007f,0.8937065807287224f,-0.2162761601032623f,0.27176956045949485f,0.9460343136642629f,0.1765230392255926f,0.36755014533904484f,-0.8522459294915268f,0.3217898560868385f,-0.41246595518264956f,-0.07436625134807934f,0f,0f,0f,1f],start_interpolation:0}
execute if entity @s[tag=aj.lexiel.bone.leftupper] run data modify entity @s {} merge value {transformation:[-0.6444949313095611f,0.1159828653190105f,0.7557607150869093f,0.08675046930616073f,-0.1372564602098092f,0.9548223643168396f,-0.26358094910496377f,0.6796198850806614f,-0.752188106557766f,-0.2736096262063759f,-0.5994587765645361f,0.09789079117226362f,0f,0f,0f,1f],start_interpolation:0}
execute if entity @s[tag=aj.lexiel.bone.leftfoot] run data modify entity @s {} merge value {transformation:[-0.6461715094863847f,0.05477318250031259f,0.7612241974654212f,-0.03410521421263971f,-0.17962278077244143f,0.9584880571111091f,-0.22144141663868278f,0.43219717380577194f,-0.7417533531812731f,-0.27982234159223013f,-0.609509163335695f,0.25447987655693555f,0f,0f,0f,1f],start_interpolation:0}
execute if entity @s[tag=aj.lexiel.bone.lower] run data modify entity @s {} merge value {transformation:[-0.6389388344048087f,0.11088231185608428f,0.7612241974654212f,0f,-0.09540152332972356f,0.970495877550967f,-0.22144141663868278f,0.625f,-0.763318881749818f,-0.21410946866971708f,-0.609509163335695f,0f,0f,0f,0f,1f],start_interpolation:0}