execute if entity @s[tag=aj.lexiel.bone.backhair] run data modify entity @s {} merge value {transformation:[-0.9783593056790629f,0.12587590477257082f,-0.16422035680410763f,-0.045587843288162504f,0.12987419681845494f,0.9914344694648735f,-0.013798034558089341f,1.4808437334851188f,0.16107688223932995f,-0.03482742245116157f,-0.9863271712030776f,-0.26144897637501807f,0f,0f,0f,1f],start_interpolation:0}
execute if entity @s[tag=aj.lexiel.bone.head] run data modify entity @s {} merge value {transformation:[-0.9783593056790629f,0.12587590477257082f,-0.16422035680410763f,0f,0.12987419681845494f,0.9914344694648735f,-0.013798034558089341f,1.5f,0.16107688223932995f,-0.03482742245116157f,-0.9863271712030776f,0f,0f,0f,0f,1f],start_interpolation:0}
execute if entity @s[tag=aj.lexiel.bone.ring] run data modify entity @s {} merge value {transformation:[-0.9847923935847819f,0.17364546938546688f,-0.0055850245708281565f,0f,0.17364817766693033f,0.984807753012208f,0f,0.9375f,0.005500175498115248f,-0.000969829338949339f,-0.9999844036286482f,0f,0f,0f,0f,1f],start_interpolation:0}
execute if entity @s[tag=aj.lexiel.bone.bust] run data modify entity @s {} merge value {transformation:[-0.9999844036286482f,-0.002792512285414078f,-0.004836773159097466f,0.00040142364102824235f,0f,0.8660254037844387f,-0.49999999999999994f,1.390625f,0.0055850245708281565f,-0.499992201814324f,-0.8660118969306412f,0.0718738790108091f,0f,0f,0f,1f],start_interpolation:0}
execute if entity @s[tag=aj.lexiel.bone.left_wing] run data modify entity @s {} merge value {transformation:[-0.6303390518919025f,0f,-0.7763199595914156f,0.12429992238222748f,0f,1f,0f,1.15625f,0.7763199595914156f,0f,-0.6303390518919025f,-0.12569617852493442f,0f,0f,0f,1f],start_interpolation:0}
execute if entity @s[tag=aj.lexiel.bone.right_wing] run data modify entity @s {} merge value {transformation:[-0.9553815255033205f,0f,0.2953745769814122f,-0.12569617852493453f,0f,1f,0f,1.15625f,-0.2953745769814122f,0f,-0.9553815255033205f,-0.12429992238222742f,0f,0f,0f,1f],start_interpolation:0}
execute if entity @s[tag=aj.lexiel.bone.body] run data modify entity @s {} merge value {transformation:[-0.9999844036286482f,0f,-0.0055850245708281565f,0.5027847140997381f,0f,1f,0f,0.21875f,0.0055850245708281565f,0f,-0.9999844036286482f,0.49719968952891f,0f,0f,0f,1f],start_interpolation:0}
execute if entity @s[tag=aj.lexiel.locator_origin.locator_right_hand] at @s on origin run tp @s ^-0.47119 ^0.64736 ^0.23931 ~-5.10522 ~-18.15093
execute if entity @s[tag=aj.lexiel.bone.sword] run data modify entity @s {} merge value {transformation:[-0.000010457314282327591f,0.0000028942204249053594f,0.000003994930835782768f,-0.5029533311771704f,0.000004047597825945953f,0.000010386585426836928f,0.0000030703747752377646f,0.7068430015326216f,-0.00000282009504982101f,0.000004175372744208521f,-0.000010406955972180126f,0.1400232726852399f,0f,0f,0f,1f],start_interpolation:0}
execute if entity @s[tag=aj.lexiel.bone.rod] run data modify entity @s {} merge value {transformation:[-0.9630230592942404f,0.2365258663948948f,0.12900427044755566f,-0.4929375412036906f,0.26940608061222143f,0.850093647087326f,0.4525054197586256f,0.7436677751555804f,-0.0026364742978078753f,0.4705276885666912f,-0.8823812913334936f,0.24447383756024738f,0f,0f,0f,1f],start_interpolation:0}
execute if entity @s[tag=aj.lexiel.bone.right_hand] run data modify entity @s {} merge value {transformation:[-0.9630230592942404f,0.2558059731085468f,-0.08455703039695252f,-0.40611881077361767f,0.26940608061222143f,0.911249081701618f,-0.31152122692863005f,1.1100882353973371f,-0.0026364742978078753f,-0.322782303139356f,-0.9464695630517284f,0.04817405440547061f,0f,0f,0f,1f],start_interpolation:0}
execute if entity @s[tag=aj.lexiel.bone.right_arm] run data modify entity @s {} merge value {transformation:[-0.9794167277392439f,0.20165411807300399f,-0.008859463231507145f,-0.3124951261339525f,0.2006346092954172f,0.9677811076580628f,-0.15213639016687752f,1.40625f,-0.022104908446468265f,-0.15078244037132463f,-0.9883198008227099f,0.001745320178383799f,0f,0f,0f,1f],start_interpolation:0}
execute if entity @s[tag=aj.lexiel.locator_origin.locator_left_hand] at @s on origin run tp @s ^0.56437 ^0.69377 ^-0.03978 ~1.69867 ~2.42562
execute if entity @s[tag=aj.lexiel.bone.left_hand] run data modify entity @s {} merge value {transformation:[-0.9550655630728083f,-0.29491123091209037f,0.029616483828019374f,0.4362707440917948f,-0.2935778989050695f,0.9549978177360708f,0.04232239825231135f,1.1129072713881043f,-0.04076502798851499f,0.0317259200222495f,-0.998664948064083f,-0.05710330442889837f,0f,0f,0f,1f],start_interpolation:0}
execute if entity @s[tag=aj.lexiel.bone.left_arm] run data modify entity @s {} merge value {transformation:[-0.9550655630728083f,-0.29608353710223045f,-0.013576055739859403f,0.3437446387473478f,-0.2935778989050695f,0.938696731558066f,0.1807220612893983f,1.40625f,-0.04076502798851499f,0.1765870471445638f,-0.9834405052029631f,-0.0019198521962221788f,0f,0f,0f,1f],start_interpolation:0}
execute if entity @s[tag=aj.lexiel.bone.skirt_right] run data modify entity @s {} merge value {transformation:[-0.9595133377735657f,-0.06467085860815966f,-0.2741383495272312f,-0.18929664960476938f,-0.0008721583391560796f,0.9739617552451963f,-0.22671069374762098f,0.7050270328805939f,0.28166184330587346f,-0.21729284241911784f,-0.9345856978677547f,0.13444808957365817f,0f,0f,0f,1f],start_interpolation:0}
execute if entity @s[tag=aj.lexiel.bone.skirt_left] run data modify entity @s {} merge value {transformation:[-0.9595133377735657f,-0.04529336235840628f,-0.2779976006387485f,0.23049043567116562f,-0.0008721583391560796f,0.9874589403648227f,-0.1578736217150061f,0.7054086021539746f,0.28166184330587346f,-0.15123938779250434f,-0.947519526767489f,0.011221033127338534f,0f,0f,0f,1f],start_interpolation:0}
execute if entity @s[tag=aj.lexiel.bone.skirt_back_middle] run data modify entity @s {} merge value {transformation:[-0.9595133377735657f,-0.008619903106897461f,-0.2815312627490217f,-0.06054587992069019f,-0.0008721583391560796f,0.99961773493678f,-0.02763373553634829f,0.7099710693881168f,0.28166184330587346f,-0.026269397981093845f,-0.9591540672672189f,-0.2035728725111946f,0f,0f,0f,1f],start_interpolation:0}
execute if entity @s[tag=aj.lexiel.bone.skirt_front_middle] run data modify entity @s {} merge value {transformation:[-0.9595133377735657f,-0.0811918396222703f,-0.2697073225060501f,0.04286312250595056f,-0.0008721583391560796f,0.9584044495478828f,-0.2854122464552829f,0.7852694625266923f,0.28166184330587346f,-0.273621629747305f,-0.9196726644627241f,0.14893490074760257f,0f,0f,0f,1f],start_interpolation:0}
execute if entity @s[tag=aj.lexiel.bone.skirt] run data modify entity @s {} merge value {transformation:[-0.9595133377735657f,-0.057376338142524005f,-0.27575733980437533f,0.019521086693025796f,-0.0008721583391560796f,0.9796327475962265f,-0.20079571503620122f,0.7235859315347135f,0.28166184330587346f,-0.19242566268152134f,-0.9400207286901258f,0.06922658017521982f,0f,0f,0f,1f],start_interpolation:0}
execute if entity @s[tag=aj.lexiel.bone.rightupper] run data modify entity @s {} merge value {transformation:[-0.9409513948247417f,-0.16551670019191977f,-0.29532134114376335f,-0.13381047501216486f,-0.03384797709805043f,0.9139584558767119f,-0.40439368859791347f,0.6628034903113375f,0.33684534585435905f,-0.37051877535292926f,-0.8655928893465002f,0.0348516400418802f,0f,0f,0f,1f],start_interpolation:0}
execute if entity @s[tag=aj.lexiel.bone.rightfoot] run data modify entity @s {} merge value {transformation:[-0.9461783170038703f,-0.014774776009423826f,-0.32330836429884485f,-0.02958983413056339f,0.007417017560630605f,0.9977052077206242f,-0.06730012137917107f,0.4100815673584213f,0.32356078297937857f,-0.06607589939620356f,-0.9438974495339809f,0.21394209105622083f,0f,0f,0f,1f],start_interpolation:0}
execute if entity @s[tag=aj.lexiel.bone.leftupper] run data modify entity @s {} merge value {transformation:[-0.9540909397141584f,-0.1313387940815009f,-0.2691850663104679f,0.12811787636162494f,-0.05120901387894319f,0.9570269267175001f,-0.2854419353129513f,0.6680703969467915f,0.29510695629364636f,-0.2585528624998648f,-0.9198164499726159f,-0.042688797486328f,0f,0f,0f,1f],start_interpolation:0}
execute if entity @s[tag=aj.lexiel.bone.leftfoot] run data modify entity @s {} merge value {transformation:[-0.9484490166783869f,-0.16099609863832498f,-0.27299215920066194f,0.20457463333011314f,-0.09383294177042768f,0.9653927560453176f,-0.24333558230134256f,0.42211409395107585f,0.30272073235989033f,-0.20517573637851202f,-0.9307325477284153f,0.14171320165024065f,0f,0f,0f,1f],start_interpolation:0}
execute if entity @s[tag=aj.lexiel.bone.lower] run data modify entity @s {} merge value {transformation:[-0.958871616381637f,-0.07772068137006419f,-0.27299215920066194f,0f,-0.009336356401713108f,0.9698972248827227f,-0.24333558230134256f,0.625f,0.28368654488150613f,-0.23077883103128463f,-0.9307325477284153f,0f,0f,0f,0f,1f],start_interpolation:0}