execute if entity @s[tag=aj.lexiel.bone.backhair] run data modify entity @s {} merge value {transformation:[-0.7213212981164607f,0.061190099733897746f,-0.6898922789668976f,-0.18420873190892434f,0.12389360949170773f,0.9914229849273976f,-0.04160334703801428f,1.473458126803537f,0.6814293495372065f,-0.11548262489311917f,-0.7227155767915167f,-0.19016690907129163f,0f,0f,0f,1f],start_interpolation:0}
execute if entity @s[tag=aj.lexiel.bone.head] run data modify entity @s {} merge value {transformation:[-0.7213212981164607f,0.061190099733897746f,-0.6898922789668976f,0f,0.12389360949170773f,0.9914229849273976f,-0.04160334703801428f,1.5f,0.6814293495372065f,-0.11548262489311917f,-0.7227155767915167f,0f,0f,0f,0f,1f],start_interpolation:0}
execute if entity @s[tag=aj.lexiel.bone.ring] run data modify entity @s {} merge value {transformation:[-0.6734973375983836f,0.1187557520539127f,-0.7295878340556389f,0f,0.17364817766693033f,0.984807753012208f,0f,0.9375f,0.7185037554813775f,-0.12669159783172446f,-0.6838871196315964f,0f,0f,0f,0f,1f],start_interpolation:0}
execute if entity @s[tag=aj.lexiel.bone.bust] run data modify entity @s {} merge value {transformation:[-0.6838871196315964f,-0.3647939170278194f,-0.6318415985842487f,0.05243912557274899f,0f,0.8660254037844387f,-0.49999999999999994f,1.390625f,0.7295878340556389f,-0.34194355981579816f,-0.59226361892193f,0.049154386723521015f,0f,0f,0f,1f],start_interpolation:0}
execute if entity @s[tag=aj.lexiel.bone.left_wing] run data modify entity @s {} merge value {transformation:[0.8309133151289108f,0f,-0.5564018895919419f,-0.005712589303005222f,0f,1f,0f,1.15625f,0.5564018895919419f,0f,0.8309133151289108f,-0.1766843692109044f,0f,0f,0f,1f],start_interpolation:0}
execute if entity @s[tag=aj.lexiel.bone.right_wing] run data modify entity @s {} merge value {transformation:[-0.8716260313393258f,0f,-0.49017146131905365f,-0.17668436921090436f,0f,1f,0f,1.15625f,0.49017146131905365f,0f,-0.8716260313393258f,0.005712589303005278f,0f,0f,0f,1f],start_interpolation:0}
execute if entity @s[tag=aj.lexiel.bone.body] run data modify entity @s {} merge value {transformation:[-0.6838871196315964f,0f,-0.7295878340556389f,0.7067374768436177f,0f,1f,0f,0.21875f,0.7295878340556389f,0f,-0.6838871196315964f,-0.02285035721202122f,0f,0f,0f,1f],start_interpolation:0}
execute if entity @s[tag=aj.lexiel.bone.sword] run data modify entity @s {} merge value {transformation:[-0.000006711917080813638f,2.436740108330378e-7f,-0.000009411811638931511f,-0.008297208481069546f,0.00000939334126207028f,9.562636109414439e-7f,-0.000006673987270790761f,1.3472860210658295f,6.377423339955138e-7f,-0.000011520312024109143f,-7.530616393072899e-7f,0.8888306102545582f,0f,0f,0f,1f],start_interpolation:0}
execute if entity @s[tag=aj.lexiel.bone.rod] run data modify entity @s {} merge value {transformation:[-0.3500330786561089f,0.24379436246974223f,-0.9044562746061846f,0.07155995491434752f,0.9341081998345028f,0.16313350378095404f,-0.3175363458662547f,1.3823888284237735f,0.07013355009174044f,-0.9560082472301801f,-0.2848324356168166f,0.8198597478371081f,0f,0f,0f,1f],start_interpolation:0}
execute if entity @s[tag=aj.lexiel.bone.right_hand] run data modify entity @s {} merge value {transformation:[-0.3500330786561089f,-0.5858267369287883f,-0.7309472471703374f,-0.22664897776579424f,0.9341081998345028f,-0.15987102408753556f,-0.31919136369762086f,1.3093979685746404f,0.07013355009174044f,-0.7945113529437893f,0.6031857053967363f,0.5264676400111086f,0f,0f,0f,1f],start_interpolation:0}
execute if entity @s[tag=aj.lexiel.bone.right_arm] run data modify entity @s {} merge value {transformation:[-0.49538533781739524f,-0.008148924562794424f,-0.8686351144778888f,-0.2137147248848739f,0.798386751518189f,0.38976517571296965f,-0.45897897860541614f,1.40625f,0.3423039030974937f,-0.920878223670159f,-0.18657795982996972f,0.22799619814238714f,0f,0f,0f,1f],start_interpolation:0}
execute if entity @s[tag=aj.lexiel.bone.left_hand] run data modify entity @s {} merge value {transformation:[-0.6447505846587865f,-0.6388436461466152f,-0.4197326284198682f,0.30886471864195675f,-0.6643752244626756f,0.7399011231873369f,-0.10560250482960443f,1.205173766475777f,0.3780241324337936f,0.2107726824904389f,-0.9014835725699399f,-0.47835092800940293f,0f,0f,0f,1f],start_interpolation:0}
execute if entity @s[tag=aj.lexiel.bone.left_arm] run data modify entity @s {} merge value {transformation:[-0.6447505846587865f,-0.23609126805950545f,-0.7270196673599743f,0.23508619737336128f,-0.6643752244626756f,0.6434439472775141f,0.3802439320122033f,1.40625f,0.3780241324337936f,0.7281763521688865f,-0.5717140504130463f,-0.25079581795662587f,0f,0f,0f,1f],start_interpolation:0}
execute if entity @s[tag=aj.lexiel.bone.skirt_right] run data modify entity @s {} merge value {transformation:[-0.24756732628779485f,-0.21762802742768556f,-0.9441125254081988f,0.01653096924053938f,-0.015427079832946458f,0.97520827277701f,-0.22075060569590466f,0.7014405811079458f,0.9687478640815372f,-0.04008573792778942f,-0.24478706961815647f,0.2335943487931285f,0f,0f,0f,1f],start_interpolation:0}
execute if entity @s[tag=aj.lexiel.bone.skirt_left] run data modify entity @s {} merge value {transformation:[-0.24756732628779485f,-0.058194725251702224f,-0.9671213951245166f,0.12484167449144962f,-0.015427079832946458f,0.9983047237860438f,-0.05612204267753399f,0.70818992853486f,0.9687478640815372f,0.0010258749192498442f,-0.24804540596050084f,-0.19023284174254404f,0f,0f,0f,1f],start_interpolation:0}
execute if entity @s[tag=aj.lexiel.bone.skirt_back_middle] run data modify entity @s {} merge value {transformation:[-0.24756732628779485f,0.06853781181028619f,-0.9664434734152691f,-0.2066140401142761f,-0.015427079832946458f,0.9970894850131841f,0.07466300344863988f,0.7389804577306486f,0.9687478640815372f,0.03339352075480359f,-0.2457894395800155f,-0.04864037172012021f,0f,0f,0f,1f],start_interpolation:0}
execute if entity @s[tag=aj.lexiel.bone.skirt_front_middle] run data modify entity @s {} merge value {transformation:[-0.24756732628779485f,-0.183931534430008f,-0.9512516016264757f,0.1547593942318015f,-0.015427079832946458f,0.9824386919525646f,-0.18594682509352545f,0.7763357329996484f,0.9687478640815372f,-0.03135932392059853f,-0.246057246673823f,0.04430490442933458f,0f,0f,0f,1f],start_interpolation:0}
execute if entity @s[tag=aj.lexiel.bone.skirt] run data modify entity @s {} merge value {transformation:[-0.24756732628779485f,-0.1003245795313984f,-0.9636624915895401f,0.06880523599978078f,-0.015427079832946458f,0.9949065497759295f,-0.09961406738399967f,0.7234697526297016f,0.9687478640815372f,-0.009794690133141118f,-0.24785406973187943f,0.02149710308529581f,0f,0f,0f,1f],start_interpolation:0}
execute if entity @s[tag=aj.lexiel.bone.rightupper] run data modify entity @s {} merge value {transformation:[-0.17884082440626498f,-0.5545500530666576f,-0.8127054805828828f,-0.03719200741982761f,-0.06509531062587659f,0.8308819118326105f,-0.5526281291464514f,0.6518845535802185f,0.9817222418078384f,-0.04592915450074821f,-0.18469421405836806f,0.13421271359318251f,0f,0f,0f,1f],start_interpolation:0}
execute if entity @s[tag=aj.lexiel.bone.rightfoot] run data modify entity @s {} merge value {transformation:[-0.19983223452839563f,-0.23520158998523866f,-0.9511820488801308f,0.21042158308943193f,-0.02687424429848504f,0.9717126453703087f,-0.23463228639900008f,0.4386011605416783f,0.9794615117689789f,-0.021324795329680513f,-0.20050037423250266f,0.135448057776898f,0f,0f,0f,1f],start_interpolation:0}
execute if entity @s[tag=aj.lexiel.bone.leftupper] run data modify entity @s {} merge value {transformation:[-0.22791364302010783f,-0.29701674154546276f,-0.9272736524710591f,0.027678731874452966f,-0.08543815298716542f,0.9547650455252855f,-0.28482280431391266f,0.6726764552891775f,0.9699256122710879f,0.014309545234402875f,-0.24298054155783758f,-0.1305848104826095f,0f,0f,0f,1f],start_interpolation:0}
execute if entity @s[tag=aj.lexiel.bone.leftfoot] run data modify entity @s {} merge value {transformation:[-0.21815520184504575f,-0.26605596135730786f,-0.9389475668716469f,0.22735294435045023f,-0.12792879778316005f,0.9616151857871124f,-0.24275596215412049f,0.4275117225229968f,0.9674929098477687f,0.06715995748849261f,-0.243817574232132f,-0.11137850580047146f,0f,0f,0f,1f],start_interpolation:0}
execute if entity @s[tag=aj.lexiel.bone.lower] run data modify entity @s {} merge value {transformation:[-0.24051336036370757f,-0.24603005944878217f,-0.9389475668716469f,0f,-0.043631704330132f,0.9691056790752365f,-0.24275596215412049f,0.625f,0.969664683209513f,-0.017418169586772014f,-0.243817574232132f,0f,0f,0f,0f,1f],start_interpolation:0}