execute if entity @s[tag=aj.lexiel.bone.backhair] run data modify entity @s {} merge value {transformation:[-0.8268463568293722f,0.0864023257963647f,-0.5557515094851059f,-0.14897153104754945f,0.12628027568922356f,0.9914205091897781f,-0.033744124373508065f,1.4755457715071967f,0.5480678736888785f,-0.09808166013511366f,-0.8306633456312443f,-0.21911242524368812f,0f,0f,0f,1f],start_interpolation:0}
execute if entity @s[tag=aj.lexiel.bone.head] run data modify entity @s {} merge value {transformation:[-0.8268463568293722f,0.0864023257963647f,-0.5557515094851059f,0f,0.12628027568922356f,0.9914205091897781f,-0.033744124373508065f,1.5f,0.5480678736888785f,-0.09808166013511366f,-0.8306633456312443f,0f,0f,0f,0f,1f],start_interpolation:0}
execute if entity @s[tag=aj.lexiel.bone.ring] run data modify entity @s {} merge value {transformation:[-0.8226759168646212f,0.14505996052230677f,-0.5496925901485503f,0f,0.17364817766693033f,0.984807753012208f,0f,0.9375f,0.5413415245516544f,-0.09545311655631059f,-0.8353670189418411f,0f,0f,0f,0f,1f],start_interpolation:0}
execute if entity @s[tag=aj.lexiel.bone.bust] run data modify entity @s {} merge value {transformation:[-0.8353670189418411f,-0.2748462950742751f,-0.47604774734071226f,0.03950915491692708f,0f,0.8660254037844387f,-0.49999999999999994f,1.390625f,0.5496925901485503f,-0.4176835094709205f,-0.7234490598873108f,0.06004200448644487f,0f,0f,0f,1f],start_interpolation:0}
execute if entity @s[tag=aj.lexiel.bone.left_wing] run data modify entity @s {} merge value {transformation:[0.47958690989721886f,0f,-0.877494385084735f,0.03570930359916136f,0f,1f,0f,1.15625f,0.877494385084735f,0f,0.47958690989721886f,-0.17313245113629894f,0f,0f,0f,1f],start_interpolation:0}
execute if entity @s[tag=aj.lexiel.bone.right_wing] run data modify entity @s {} merge value {transformation:[-0.9619994358630435f,0f,-0.27305143361496276f,-0.17313245113629883f,0f,1f,0f,1.15625f,0.27305143361496276f,0f,-0.9619994358630435f,-0.03570930359916136f,0f,0f,0f,1f],start_interpolation:0}
execute if entity @s[tag=aj.lexiel.bone.body] run data modify entity @s {} merge value {transformation:[-0.8353670189418411f,0f,-0.5496925901485503f,0.6925298045451957f,0f,1f,0f,0.21875f,0.5496925901485503f,0f,-0.8353670189418411f,0.14283721439664537f,0f,0f,0f,1f],start_interpolation:0}
execute if entity @s[tag=aj.lexiel.bone.sword] run data modify entity @s {} merge value {transformation:[-0.0000081024930441332f,0.00000491268635147848f,-0.000006626199931466772f,-0.3218693083657117f,0.000008236025327124692f,0.0000053328503095856295f,-0.000006117188948897449f,1.1360527495791264f,4.5705528192305847e-7f,-0.000009006532442485819f,-0.000007236358205735587f,0.8304137832899682f,0f,0f,0f,1f],start_interpolation:0}
execute if entity @s[tag=aj.lexiel.bone.rod] run data modify entity @s {} merge value {transformation:[-0.5285552817273035f,0.5658629345131395f,-0.6327941636127421f,-0.22926770186706785f,0.8249629783790114f,0.5181586289106053f,-0.22571601535892843f,1.197179392391999f,0.20016342938259557f,-0.6413351500032259f,-0.7406914518935255f,0.8230090885038251f,0f,0f,0f,1f],start_interpolation:0}
execute if entity @s[tag=aj.lexiel.bone.right_hand] run data modify entity @s {} merge value {transformation:[-0.5285552817273035f,-0.14691891543821045f,-0.8360885996379996f,-0.35291774898516465f,0.8249629783790114f,0.1433359010469773f,-0.5467091583054755f,1.2350396211660613f,0.20016342938259557f,-0.9787081545371488f,0.04544171850059814f,0.41851875362399604f,0f,0f,0f,1f],start_interpolation:0}
execute if entity @s[tag=aj.lexiel.bone.right_arm] run data modify entity @s {} merge value {transformation:[-0.678883283954333f,0.22608144941525254f,-0.6985733068173157f,-0.26105219341932534f,0.6562744308725503f,0.6135006553558586f,-0.43922752334165266f,1.40625f,0.32927398644637995f,-0.756640022803599f,-0.564866814161957f,0.17177893442142197f,0f,0f,0f,1f],start_interpolation:0}
execute if entity @s[tag=aj.lexiel.bone.left_hand] run data modify entity @s {} merge value {transformation:[-0.7627796201479685f,-0.5672833630909584f,-0.3104139768875316f,0.39281398080956087f,-0.5696203813543368f,0.8166606757746886f,-0.09272519500636678f,1.1703716211658686f,0.3061043486013569f,0.10608923886728927f,-0.9460682856770428f,-0.36461083444137143f,0f,0f,0f,1f],start_interpolation:0}
execute if entity @s[tag=aj.lexiel.bone.left_arm] run data modify entity @s {} merge value {transformation:[-0.7627796201479685f,-0.3381010177545696f,-0.5512303990893875f,0.2871574127612579f,-0.5696203813543368f,0.7548108122692203f,0.325258756726425f,1.40625f,0.3061043486013569f,0.5620928210489832f,-0.7683435353359428f,-0.18895682786356416f,0f,0f,0f,1f],start_interpolation:0}
execute if entity @s[tag=aj.lexiel.bone.skirt_right] run data modify entity @s {} merge value {transformation:[-0.5211381035265374f,-0.1953403606647478f,-0.8308172004407048f,-0.05196870553503069f,-0.010335645916718521f,0.9748283741553078f,-0.22271689510498177f,0.7027388185848723f,0.8534097793418168f,-0.10747922793305446f,-0.51003917897223f,0.22766143554645984f,0f,0f,0f,1f],start_interpolation:0}
execute if entity @s[tag=aj.lexiel.bone.skirt_left] run data modify entity @s {} merge value {transformation:[-0.5211381035265374f,-0.07905348156525288f,-0.8498032855344679f,0.17602921475782946f,-0.010335645916718521f,0.9962125482214348f,-0.08633500558660824f,0.7072606636734367f,0.8534097793418168f,-0.03620919522120972f,-0.5199813868834f,-0.145705342915585f,0f,0f,0f,1f],start_interpolation:0}
execute if entity @s[tag=aj.lexiel.bone.skirt_back_middle] run data modify entity @s {} merge value {transformation:[-0.5211381035265374f,0.032544418925324115f,-0.8528516505521796f,-0.18303249688176548f,-0.010335645916718521f,0.9989587913047675f,0.044435432915656436f,0.7304882991184297f,0.8534097793418168f,0.03197176991864219f,-0.5202591224111512f,-0.10836181354195863f,0f,0f,0f,1f],start_interpolation:0}
execute if entity @s[tag=aj.lexiel.bone.skirt_front_middle] run data modify entity @s {} merge value {transformation:[-0.5211381035265374f,-0.18929875506848257f,-0.8322145506912787f,0.13404732687048074f,-0.010335645916718521f,0.976420832235734f,-0.21562822820670036f,0.7791284296799197f,0.8534097793418168f,-0.10377061099174119f,-0.5108066256599972f,0.08585333279891177f,0f,0f,0f,1f],start_interpolation:0}
execute if entity @s[tag=aj.lexiel.bone.skirt] run data modify entity @s {} merge value {transformation:[-0.5211381035265374f,-0.11604613886368326f,-0.8455461966726566f,0.059854389507705316f,-0.010335645916718521f,0.9914984945662844f,-0.12970701483063996f,0.7235903379022723f,0.8534097793418168f,-0.058856001627891535f,-0.5179070569089878f,0.03987449628491442f,0f,0f,0f,1f],start_interpolation:0}
execute if entity @s[tag=aj.lexiel.bone.rightupper] run data modify entity @s {} merge value {transformation:[-0.46243335095380694f,-0.47600052493012474f,-0.7480500626240727f,-0.07530391901614834f,-0.055318213916900755f,0.8575226366345106f,-0.511463413030142f,0.6551691513549266f,0.8849267151209063f,-0.19513694659301004f,-0.42287856524028206f,0.11686637094502178f,0f,0f,0f,1f],start_interpolation:0}
execute if entity @s[tag=aj.lexiel.bone.rightfoot] run data modify entity @s {} merge value {transformation:[-0.47997301229028716f,-0.17161991233261892f,-0.8603327921007848f,0.1504713130048832f,-0.01609757958508936f,0.982236272612146f,-0.18695660645320905f,0.42977832856654097f,0.8771355513285789f,-0.07588484997641193f,-0.4742095677435957f,0.18777718559833f,0f,0f,0f,1f],start_interpolation:0}
execute if entity @s[tag=aj.lexiel.bone.leftupper] run data modify entity @s {} merge value {transformation:[-0.5042608590453503f,-0.2836340668874545f,-0.8156425087841662f,0.06518434400823286f,-0.07471778315366207f,0.9553094465700469f,-0.28600894072499405f,0.6712355459603123f,0.8603128726896094f,-0.08328011404239194f,-0.5029176708862382f,-0.11706760825209535f,0f,0f,0f,1f],start_interpolation:0}
execute if entity @s[tag=aj.lexiel.bone.leftfoot] run data modify entity @s {} merge value {transformation:[-0.49441428926904574f,-0.26960893993460183f,-0.8263567813444292f,0.24918095777825167f,-0.11724665317386168f,0.9626777671719268f,-0.24393593198297336f,0.4259899633843299f,0.8612826091859239f,-0.0237178434983851f,-0.5075723899245048f,-0.037416683537443304f,0f,0f,0f,1f],start_interpolation:0}
execute if entity @s[tag=aj.lexiel.bone.lower] run data modify entity @s {} merge value {transformation:[-0.5160308610420309f,-0.22549195191468702f,-0.8263567813444292f,0f,-0.03289759843627631f,0.9692332067695183f,-0.24393593198297336f,0.625f,0.8559380225631679f,-0.09869331546250122f,-0.5075723899245048f,0f,0f,0f,0f,1f],start_interpolation:0}