execute if entity @s[tag=aj.lexiel.bone.backhair] run data modify entity @s {} merge value {transformation:[-0.9783593020225662f,0.1258759239841427f,-0.1642203638622669f,-0.045587845463166875f,0.12987420416127177f,0.9914344695578461f,-0.013797958763118153f,1.4808437536167054f,0.16107689852798046f,-0.03482735036850682f,-0.9863271710882328f,-0.2614489774708039f,0f,0f,0f,1f],start_interpolation:0}
execute if entity @s[tag=aj.lexiel.bone.head] run data modify entity @s {} merge value {transformation:[-0.9783593020225662f,0.1258759239841427f,-0.1642203638622669f,0f,0.12987420416127177f,0.9914344695578461f,-0.013797958763118153f,1.5f,0.16107689852798046f,-0.03482735036850682f,-0.9863271710882328f,0f,0f,0f,0f,1f],start_interpolation:0}
execute if entity @s[tag=aj.lexiel.bone.ring] run data modify entity @s {} merge value {transformation:[-0.9847923935847819f,0.17364546938546688f,-0.0055850245708281565f,0f,0.17364817766693033f,0.984807753012208f,0f,0.9375f,0.005500175498115248f,-0.000969829338949339f,-0.9999844036286482f,0f,0f,0f,0f,1f],start_interpolation:0}
execute if entity @s[tag=aj.lexiel.bone.bust] run data modify entity @s {} merge value {transformation:[-0.9999844036286482f,-0.002792512285414078f,-0.004836773159097466f,0.00040142364102824235f,0f,0.8660254037844387f,-0.49999999999999994f,1.390625f,0.0055850245708281565f,-0.499992201814324f,-0.8660118969306412f,0.0718738790108091f,0f,0f,0f,1f],start_interpolation:0}
execute if entity @s[tag=aj.lexiel.bone.left_wing] run data modify entity @s {} merge value {transformation:[-0.6303390518919025f,0f,-0.7763199595914156f,0.12429992238222748f,0f,1f,0f,1.15625f,0.7763199595914156f,0f,-0.6303390518919025f,-0.12569617852493442f,0f,0f,0f,1f],start_interpolation:0}
execute if entity @s[tag=aj.lexiel.bone.right_wing] run data modify entity @s {} merge value {transformation:[-0.9553815255033205f,0f,0.2953745769814122f,-0.12569617852493453f,0f,1f,0f,1.15625f,-0.2953745769814122f,0f,-0.9553815255033205f,-0.12429992238222742f,0f,0f,0f,1f],start_interpolation:0}
execute if entity @s[tag=aj.lexiel.bone.body] run data modify entity @s {} merge value {transformation:[-0.9999844036286482f,0f,-0.0055850245708281565f,0.5027847140997381f,0f,1f,0f,0.21875f,0.0055850245708281565f,0f,-0.9999844036286482f,0.49719968952891f,0f,0f,0f,1f],start_interpolation:0}
execute if entity @s[tag=aj.lexiel.bone.sword] run data modify entity @s {} merge value {transformation:[-0.000010457313985211056f,0.000002894221102874659f,0.000003994931122357965f,-0.5029533259549966f,0.0000040475984054205045f,0.000010386585428040777f,0.000003070374007258463f,0.7068430015614351f,-0.0000028200953198689342f,0.000004175372271269472f,-0.000010406956088749839f,0.14002328024118033f,0f,0f,0f,1f],start_interpolation:0}
execute if entity @s[tag=aj.lexiel.bone.rod] run data modify entity @s {} merge value {transformation:[-0.9630230598113716f,0.23652586734523712f,0.12900426484471877f,-0.49293753975754157f,0.269406078781051f,0.8500936534976932f,0.4525054088060849f,0.7436677637928975f,-0.002636472522360666f,0.4705276765074795f,-0.8823812977693439f,0.2444741031485239f,0f,0f,0f,1f],start_interpolation:0}
execute if entity @s[tag=aj.lexiel.bone.right_hand] run data modify entity @s {} merge value {transformation:[-0.9630230598113716f,0.2558059696669106f,-0.08455703491912812f,-0.40611880679948725f,0.269406078781051f,0.9112490780845217f,-0.31152123909282214f,1.1100882344417726f,-0.002636472522360666f,-0.3227823160783142f,-0.9464695586439946f,0.04817405632391686f,0f,0f,0f,1f],start_interpolation:0}
execute if entity @s[tag=aj.lexiel.bone.right_arm] run data modify entity @s {} merge value {transformation:[-0.9794167303734024f,0.20165410509237086f,-0.008859467482240027f,-0.3124951261339525f,0.20063459700758807f,0.9677811094870865f,-0.1521363947369157f,1.40625f,-0.0221049032632254f,-0.15078244599202834f,-0.9883198000811196f,0.001745320178383799f,0f,0f,0f,1f],start_interpolation:0}
execute if entity @s[tag=aj.lexiel.bone.left_hand] run data modify entity @s {} merge value {transformation:[-0.9550655656647343f,-0.2949112210276452f,0.02961649867023814f,0.43627074171008584f,-0.29357788879510394f,0.9549978211102664f,0.042322392243976076f,1.1129072700718832f,-0.040765040072474445f,0.03172591033566627f,-0.9986649478785478f,-0.05710330142557657f,0f,0f,0f,1f],start_interpolation:0}
execute if entity @s[tag=aj.lexiel.bone.left_arm] run data modify entity @s {} merge value {transformation:[-0.9550655656647343f,-0.2960835294807617f,-0.013576039618230194f,0.3437446387473478f,-0.29357788879510394f,0.9386967357699737f,0.18072205583548936f,1.40625f,-0.040765040072474445f,0.17658703753393407f,-0.9834405064277545f,-0.0019198521962221788f,0f,0f,0f,1f],start_interpolation:0}
execute if entity @s[tag=aj.lexiel.bone.skirt_right] run data modify entity @s {} merge value {transformation:[-0.9595133390669727f,-0.06467085076982888f,-0.2741383468492781f,-0.18929664965678722f,-0.0008721505010442672f,0.9739617548554097f,-0.2267106954523193f,0.7050270347334255f,0.2816618389240049f,-0.2172928464990904f,-0.9345856982397442f,0.1344480883975654f,0f,0f,0f,1f],start_interpolation:0}
execute if entity @s[tag=aj.lexiel.bone.skirt_left] run data modify entity @s {} merge value {transformation:[-0.9595133390669727f,-0.04529335472709768f,-0.2779975974178804f,0.2304904361850133f,-0.0008721505010442672f,0.9874589400955025f,-0.15787362344283612f,0.7054086005776324f,0.2816618389240049f,-0.15123939183636048f,-0.9475195274245884f,0.011221033868313246f,0f,0f,0f,1f],start_interpolation:0}
execute if entity @s[tag=aj.lexiel.bone.skirt_back_middle] run data modify entity @s {} merge value {transformation:[-0.9595133390669727f,-0.008619895961283403f,-0.2815312585596229f,-0.06054587839310525f,-0.0008721505010442672f,0.9996177348952909f,-0.02763373728454982f,0.709971069022649f,0.2816618389240049f,-0.026269401904585515f,-0.959154068446526f,-0.20357287311806901f,0f,0f,0f,1f],start_interpolation:0}
execute if entity @s[tag=aj.lexiel.bone.skirt_front_middle] run data modify entity @s {} merge value {transformation:[-0.9595133390669727f,-0.08119183163584096f,-0.26970732030882266f,0.04286312295168693f,-0.0008721505010442672f,0.9584044490553396f,-0.2854122481331778f,0.7852694628041387f,0.2816618389240049f,-0.27362163384233407f,-0.919672664586373f,0.1489349003207595f,0f,0f,0f,1f],start_interpolation:0}
execute if entity @s[tag=aj.lexiel.bone.skirt] run data modify entity @s {} merge value {transformation:[-0.9595133390669727f,-0.05737633037798642f,-0.2757573369194458f,0.019521087069525787f,-0.0008721505010442672f,0.9796327472517957f,-0.20079571675063915f,0.7235859316665002f,0.2816618389240049f,-0.1924256667501909f,-0.9400207291702094f,0.06922657988137323f,0f,0f,0f,1f],start_interpolation:0}
execute if entity @s[tag=aj.lexiel.bone.rightupper] run data modify entity @s {} merge value {transformation:[-0.9409514078754296f,-0.16551674636828698f,-0.2953212736815669f,-0.13381070178684595f,-0.033848043072312796f,0.9139584455580841f,-0.40439370639665706f,0.6628037431680242f,0.3368453027688253f,-0.3705187801781536f,-0.8655929040477812f,0.03485179342211074f,0f,0f,0f,1f],start_interpolation:0}
execute if entity @s[tag=aj.lexiel.bone.rightfoot] run data modify entity @s {} merge value {transformation:[-0.9461783322967489f,-0.014774841875356673f,-0.3233083165334616f,-0.029589823380516314f,0.007416951265253406f,0.9977052068983221f,-0.06730014087582092f,0.41008157358837183f,0.32356073977859484f,-0.06607589708460027f,-0.9438974645046959f,0.2139420933641746f,0f,0f,0f,1f],start_interpolation:0}
execute if entity @s[tag=aj.lexiel.bone.leftupper] run data modify entity @s {} merge value {transformation:[-0.9540909414227927f,-0.13133878617362188f,-0.26918506411279347f,0.12811767114342879f,-0.05120900602669884f,0.9570269266359525f,-0.2854419369950755f,0.6680705088251786f,0.29510695213214927f,-0.2585528668187277f,-0.9198164500937622f,-0.04268890870263952f,0f,0f,0f,1f],start_interpolation:0}
execute if entity @s[tag=aj.lexiel.bone.leftfoot] run data modify entity @s {} merge value {transformation:[-0.94844901872139f,-0.16099609091559794f,-0.2729921566571626f,0.2045746467403276f,-0.09383293392825257f,0.96539275637961f,-0.24333558399912483f,0.4221140002171603f,0.3027207283897957f,-0.20517574086542362f,-0.9307325480305693f,0.14171322310633572f,0f,0f,0f,1f],start_interpolation:0}
execute if entity @s[tag=aj.lexiel.bone.lower] run data modify entity @s {} merge value {transformation:[-0.9588716177437858f,-0.077720673498665f,-0.2729921566571626f,0f,-0.009336348560244326f,0.9698972245322525f,-0.24333558399912483f,0.625f,0.2836865405354588f,-0.23077883515510564f,-0.9307325480305693f,0f,0f,0f,0f,1f],start_interpolation:0}