execute if entity @s[tag=aj.lexiel.bone.backhair] run data modify entity @s {} merge value {transformation:[-0.7737065114998396f,0.0730799409661604f,0.6293151486267682f,0.16601996227638904f,0.12498098729142278f,0.99141077901892f,0.03852817229974974f,1.4947432523449504f,-0.6210941851912719f,0.10846192637732607f,-0.7761945784712165f,-0.2078714025060626f,0f,0f,0f,1f],start_interpolation:0}
execute if entity @s[tag=aj.lexiel.bone.head] run data modify entity @s {} merge value {transformation:[-0.7737065114998396f,0.0730799409661604f,0.6293151486267682f,0f,0.12498098729142278f,0.99141077901892f,0.03852817229974974f,1.5f,-0.6210941851912719f,0.10846192637732607f,-0.7761945784712165f,0f,0f,0f,0f,1f],start_interpolation:0}
execute if entity @s[tag=aj.lexiel.bone.ring] run data modify entity @s {} merge value {transformation:[-0.31761569444781546f,0.05600421642760566f,0.9465642072161624f,0f,0.17364817766693033f,0.984807753012208f,0f,0.9375f,-0.9321837699903309f,0.16436914962782923f,-0.3225154284948833f,0f,0f,0f,0f,1f],start_interpolation:0}
execute if entity @s[tag=aj.lexiel.bone.bust] run data modify entity @s {} merge value {transformation:[-0.3225154284948833f,0.47328210360808115f,0.8197486497622741f,-0.06803430239366173f,0f,0.8660254037844387f,-0.49999999999999994f,1.390625f,-0.9465642072161624f,-0.16125771424744162f,-0.2793065541889926f,0.023180796423069694f,0f,0f,0f,1f],start_interpolation:0}
execute if entity @s[tag=aj.lexiel.bone.left_wing] run data modify entity @s {} merge value {transformation:[-0.8321004719252925f,0f,0.5546249224671623f,0.15863495446388076f,0f,1f,0f,1.15625f,-0.5546249224671623f,0f,-0.8321004719252925f,0.07800609734015984f,0f,0f,0f,1f],start_interpolation:0}
execute if entity @s[tag=aj.lexiel.bone.right_wing] run data modify entity @s {} merge value {transformation:[-0.02295108432033338f,0f,0.9997365891716283f,0.07800609734015995f,0f,1f,0f,1.15625f,-0.9997365891716283f,0f,-0.02295108432033338f,-0.15863495446388076f,0f,0f,0f,1f],start_interpolation:0}
execute if entity @s[tag=aj.lexiel.bone.body] run data modify entity @s {} merge value {transformation:[-0.3225154284948833f,0f,0.9465642072161624f,-0.3120243893606396f,0f,1f,0f,0.21875f,-0.9465642072161624f,0f,-0.3225154284948833f,0.6345398178555228f,0f,0f,0f,1f],start_interpolation:0}
execute if entity @s[tag=aj.lexiel.bone.sword] run data modify entity @s {} merge value {transformation:[5.424185132351567e-7f,-0.000005887175627007408f,0.000009936717342426006f,-0.12089853624444805f,0.000007907606435543632f,0.000007439827308513796f,0.000003976196213725036f,0.8099600259149022f,-0.000008418250938707444f,0.000006609201086838133f,0.000004375262092342466f,-0.7291293326392355f,0f,0f,0f,1f],start_interpolation:0}
execute if entity @s[tag=aj.lexiel.bone.rod] run data modify entity @s {} merge value {transformation:[-0.17711356916144738f,-0.979714596008365f,0.09375550110291964f,-0.22865339952094288f,0.571593165236297f,-0.024846326546101593f,0.8201609070861129f,0.8145495168451076f,-0.8011941319518289f,0.19885162917444468f,0.5643987885357523f,-0.7020345634549696f,0f,0f,0f,1f],start_interpolation:0}
execute if entity @s[tag=aj.lexiel.bone.right_hand] run data modify entity @s {} merge value {transformation:[-0.17711356916144738f,0.15134805752698258f,0.9724837012010549f,-0.10540114748719932f,0.571593165236297f,0.8201992516343198f,-0.023546572439588333f,1.1660164739880539f,-0.8011941319518289f,0.5516946194239263f,-0.23177793213471565f,-0.4980372328126991f,0f,0f,0f,1f],start_interpolation:0}
execute if entity @s[tag=aj.lexiel.bone.right_arm] run data modify entity @s {} merge value {transformation:[0.044489238964268346f,0.019217167360581405f,0.9988250137511655f,-0.10078607140465103f,0.5635025973995597f,0.8250975429781839f,-0.04097398315167439f,1.40625f,-0.8249154686028928f,0.5646633909241855f,0.025879038036037416f,-0.2958013147550508f,0f,0f,0f,1f],start_interpolation:0}
execute if entity @s[tag=aj.lexiel.bone.left_hand] run data modify entity @s {} merge value {transformation:[0.053944360755872f,0.9819627668204818f,0.18121570164007478f,-0.05061715796900752f,-0.750012713001418f,0.15965478813859194f,-0.6418654679609068f,1.2231638531042115f,-0.6592199452981478f,-0.10128905766510826f,0.7450970342971589f,0.5204694501951246f,0f,0f,0f,1f],start_interpolation:0}
execute if entity @s[tag=aj.lexiel.bone.left_arm] run data modify entity @s {} merge value {transformation:[0.053944360755872f,0.5167418768451957f,0.8544400731807615f,0.11086467854511613f,-0.750012713001418f,0.5858756700665233f,-0.3069700792591274f,1.40625f,-0.6592199452981478f,-0.6242816126866202f,0.41916766547826656f,0.3253814462305558f,0f,0f,0f,1f],start_interpolation:0}
execute if entity @s[tag=aj.lexiel.bone.skirt_right] run data modify entity @s {} merge value {transformation:[-0.7482938909883153f,0.09899925481170008f,0.6559385643917391f,-0.2178011304521847f,-0.04752730707460649f,0.9782594170027089f,-0.20186547037013597f,0.6931734500721106f,-0.6616626087303132f,-0.18222969185137822f,-0.7273203775613251f,-0.09347804085553929f,0f,0f,0f,1f],start_interpolation:0}
execute if entity @s[tag=aj.lexiel.bone.skirt_left] run data modify entity @s {} merge value {transformation:[-0.7482938909883153f,-0.031405678971247554f,0.6626235251165797f,0.10957744685520326f,-0.04752730707460649f,0.9988498776112277f,-0.00633064596006859f,0.713966646917251f,-0.6616626087303132f,-0.03622989545100307f,-0.7489258887792611f,0.19599935046397277f,0f,0f,0f,1f],start_interpolation:0}
execute if entity @s[tag=aj.lexiel.bone.skirt_back_middle] run data modify entity @s {} merge value {transformation:[-0.7482938909883153f,-0.11762672464289378f,0.6528554253120307f,0.13230439715132636f,-0.04752730707460649f,0.9911308935529719f,0.12409958471777122f,0.7518888468396738f,-0.6616626087303132f,0.061834500844367424f,-0.7472476742777622f,-0.1630337503544356f,0f,0f,0f,1f],start_interpolation:0}
execute if entity @s[tag=aj.lexiel.bone.skirt_front_middle] run data modify entity @s {} merge value {transformation:[-0.7482938909883153f,0.055352726574895955f,0.6610539526924353f,-0.11645663440712564f,-0.04752730707460649f,0.9894782633300501f,-0.136652557530345f,0.7705990369593788f,-0.6616626087303132f,-0.1336743881903822f,-0.7377897736822623f,0.11695353143468318f,0f,0f,0f,1f],start_interpolation:0}
execute if entity @s[tag=aj.lexiel.bone.skirt] run data modify entity @s {} merge value {transformation:[-0.7482938909883153f,-0.002472555504351076f,0.6633627508225387f,-0.05415820221419728f,-0.04752730707460649f,0.9976230549563482f,-0.049893840319213484f,0.7222754807751124f,-0.6616626087303132f,-0.06886310106901239f,-0.7466327514376501f,0.04996947165917276f,0f,0f,0f,1f],start_interpolation:0}
execute if entity @s[tag=aj.lexiel.bone.rightupper] run data modify entity @s {} merge value {transformation:[-0.635168289347449f,0.2716239867307966f,0.7230364126652986f,-0.09600458690179295f,0.1698633308480412f,0.9623282897800274f,-0.21229863758926182f,0.6625031949800289f,-0.7534637967683948f,-0.012027989088618983f,-0.6573793687345533f,-0.09027529075669753f,0f,0f,0f,1f],start_interpolation:0}
execute if entity @s[tag=aj.lexiel.bone.rightfoot] run data modify entity @s {} merge value {transformation:[-0.6253818681780574f,0.034542649673088205f,0.7795539264910963f,-0.2233597189224291f,0.21233818213395877f,0.9688541208201912f,0.12741345681591215f,0.3725603223950748f,-0.7508728356800299f,0.24521112928106845f,-0.6132385235082141f,-0.009544237521260726f,0f,0f,0f,1f],start_interpolation:0}
execute if entity @s[tag=aj.lexiel.bone.leftupper] run data modify entity @s {} merge value {transformation:[-0.7564292210014713f,0.08570247040480236f,0.648436519777859f,0.10182366157911403f,-0.12465898210658556f,0.9543168629804799f,-0.2715501117864732f,0.6779355170955894f,-0.6420864208151873f,-0.2862418760377491f,-0.7111895785282096f,0.08319468576682135f,0f,0f,0f,1f],start_interpolation:0}
execute if entity @s[tag=aj.lexiel.bone.leftfoot] run data modify entity @s {} merge value {transformation:[-0.7570730001642041f,0.024336599497241734f,0.652876866144974f,0.003385391492373102f,-0.16704436649789814f,0.9588796823591359f,-0.22944701867786108f,0.4315424538960563f,-0.63161432222812f,-0.28276754531550063f,-0.7218766260744001f,0.2562397704832113f,0f,0f,0f,1f],start_interpolation:0}
execute if entity @s[tag=aj.lexiel.bone.lower] run data modify entity @s {} merge value {transformation:[-0.7520710344268569f,0.0902272510322436f,0.652876866144974f,0f,-0.0828368413296515f,0.9697897315080045f,-0.22944701867786108f,0.625f,-0.653855654479369f,-0.22664271405186864f,-0.7218766260744001f,0f,0f,0f,0f,1f],start_interpolation:0}