execute if entity @s[tag=aj.lexiel.bone.backhair] run data modify entity @s {} merge value {transformation:[-0.9913970411068449f,0.13062382929663507f,0.008325989699504072f,0.000170593681170846f,0.13060122309055905f,0.9914297978585144f,-0.0032056895475592317f,1.4836573981223904f,-0.008673373728989797f,-0.002090726693962725f,-0.9999601999330014f,-0.2655817605026103f,0f,0f,0f,1f],start_interpolation:0}
execute if entity @s[tag=aj.lexiel.bone.head] run data modify entity @s {} merge value {transformation:[-0.9913970411068449f,0.13062382929663507f,0.008325989699504072f,0f,0.13060122309055905f,0.9914297978585144f,-0.0032056895475592317f,1.5f,-0.008673373728989797f,-0.002090726693962725f,-0.9999601999330014f,0f,0f,0f,0f,1f],start_interpolation:0}
execute if entity @s[tag=aj.lexiel.bone.ring] run data modify entity @s {} merge value {transformation:[-0.9549345160775945f,0.16838071999426132f,0.244434046601255f,0f,0.17364817766693033f,0.984807753012208f,0f,0.9375f,-0.2407205441930633f,0.04244552675206146f,-0.9696659202334252f,0f,0f,0f,0f,1f],start_interpolation:0}
execute if entity @s[tag=aj.lexiel.bone.bust] run data modify entity @s {} merge value {transformation:[-0.9696659202334252f,0.12221702330062749f,0.2116860939065162f,-0.017568697099465236f,0f,0.8660254037844387f,-0.49999999999999994f,1.390625f,-0.244434046601255f,-0.48483296011671256f,-0.8397553201061614f,0.0696947380167775f,0f,0f,0f,1f],start_interpolation:0}
execute if entity @s[tag=aj.lexiel.bone.left_wing] run data modify entity @s {} merge value {transformation:[-0.9180897162911266f,0f,-0.396372643910347f,0.15176249585433504f,0f,1f,0f,1.15625f,0.396372643910347f,0f,-0.9180897162911266f,-0.09065398420402127f,0f,0f,0f,1f],start_interpolation:0}
execute if entity @s[tag=aj.lexiel.bone.right_wing] run data modify entity @s {} merge value {transformation:[-0.8512840892802007f,0f,0.5247050593794377f,-0.09065398420402132f,0f,1f,0f,1.15625f,-0.5247050593794377f,0f,-0.8512840892802007f,-0.151762495854335f,0f,0f,0f,1f],start_interpolation:0}
execute if entity @s[tag=aj.lexiel.bone.body] run data modify entity @s {} merge value {transformation:[-0.9696659202334252f,0f,0.244434046601255f,0.3626159368160851f,0f,1f,0f,0.21875f,-0.244434046601255f,0f,-0.9696659202334252f,0.6070499834173402f,0f,0f,0f,1f],start_interpolation:0}
execute if entity @s[tag=aj.lexiel.locator_origin.locator_right_hand] at @s on origin run tp @s ^-0.30808 ^0.59315 ^-0.05007 ~14.37967 ~0.10711
execute if entity @s[tag=aj.lexiel.bone.sword] run data modify entity @s {} merge value {transformation:[-0.000010176078752209181f,-0.0000015402061514508588f,0.000005269401530522209f,-0.3313571256584428f,0.0000023297265699584847f,0.000008837708819484394f,0.000007082279518716928f,0.6730629632660572f,-0.0000049710362690354954f,0.00000729479774106457f,-0.000007467672366868604f,-0.13654015289693183f,0f,0f,0f,1f],start_interpolation:0}
execute if entity @s[tag=aj.lexiel.bone.rod] run data modify entity @s {} merge value {transformation:[-0.9680569729298865f,-0.1609130039119917f,0.19228287061993968f,-0.3588847570808937f,0.03609204237243801f,0.6694728677707311f,0.7419591928106417f,0.6752574046154753f,-0.2481190473123966f,0.7251986517436808f,-0.6422801988773563f,-0.028819614282808555f,0f,0f,0f,1f],start_interpolation:0}
execute if entity @s[tag=aj.lexiel.bone.right_hand] run data modify entity @s {} merge value {transformation:[-0.9680569729298865f,0.034497435506642235f,0.24834577529180998f,-0.34357061847291115f,0.03609204237243801f,0.9993467215496026f,0.0018693863825235421f,1.0951386720951843f,-0.2481190473123966f,0.010772978767550066f,-0.9686696450747606f,-0.09046577298074844f,0f,0f,0f,1f],start_interpolation:0}
execute if entity @s[tag=aj.lexiel.bone.right_arm] run data modify entity @s {} merge value {transformation:[-0.9643518005582221f,0.033324878824068094f,0.262516775104899f,-0.3030206000729454f,0.0371044315141424f,0.9992666924468248f,0.009451906072071827f,1.40625f,-0.26200928594637113f,0.018855498342502906f,-0.9648811347829994f,-0.07638563956289218f,0f,0f,0f,1f],start_interpolation:0}
execute if entity @s[tag=aj.lexiel.locator_origin.locator_left_hand] at @s on origin run tp @s ^0.49064 ^0.67399 ^0.11904 ~14.6893 ~1.70777
execute if entity @s[tag=aj.lexiel.bone.left_hand] run data modify entity @s {} merge value {transformation:[-0.9431017485960598f,-0.2152086229871291f,0.25346467285804963f,0.40440768006700656f,-0.21475498539151067f,0.9762131694508072f,0.029801745591522745f,1.102016419086625f,-0.2538491442659329f,-0.026326723738314465f,-0.9668854717972858f,0.07730868580973121f,0f,0f,0f,1f],start_interpolation:0}
execute if entity @s[tag=aj.lexiel.bone.left_arm] run data modify entity @s {} merge value {transformation:[-0.9431017485960598f,-0.22747206395765315f,0.2425191784455401f,0.3333226600802399f,-0.21475498539151067f,0.9735474589227998f,0.07801052156248874f,1.40625f,-0.2538491442659329f,0.021489656670240616f,-0.9670050706235457f,0.08402420351918141f,0f,0f,0f,1f],start_interpolation:0}
execute if entity @s[tag=aj.lexiel.bone.skirt_right] run data modify entity @s {} merge value {transformation:[-0.9991700596192672f,0.007950650447912384f,0.039949707356688985f,-0.22208309581076482f,-0.001613551330620752f,0.9722704128584116f,-0.23385388757135736f,0.7049254751730603f,-0.040701208981226f,-0.23372426369033383f,-0.9714506575991793f,0.06721535804512764f,0f,0f,0f,1f],start_interpolation:0}
execute if entity @s[tag=aj.lexiel.bone.skirt_left] run data modify entity @s {} merge value {transformation:[-0.9991700596192672f,0.005838362036340282f,0.04031259715228728f,0.21505380527266457f,-0.001613551330620752f,0.9832248478752265f,-0.18239050132296128f,0.7056314038802068f,-0.040701208981226f,-0.18230417452562706f,-0.9823994093738027f,0.08502213697441402f,0f,0f,0f,1f],start_interpolation:0}
execute if entity @s[tag=aj.lexiel.bone.skirt_back_middle] run data modify entity @s {} merge value {transformation:[-0.9991700596192672f,0.0005265642349805552f,0.04072977646067332f,0.008215307745148514f,-0.001613551330620752f,0.9986199606357321f,-0.05249352981075031f,0.7028636084057073f,-0.040701208981226f,-0.052515682895637156f,-0.9977903159669728f,-0.21174300627655987f,0f,0f,0f,1f],start_interpolation:0}
execute if entity @s[tag=aj.lexiel.bone.skirt_front_middle] run data modify entity @s {} merge value {transformation:[-0.9991700596192672f,0.011050263844558463f,0.03920565812986212f,-0.0067920282737625876f,-0.001613551330620752f,0.9510064853661473f,-0.3091667207893359f,0.7872778227132651f,-0.040701208981226f,-0.3089733911852174f,-0.950199376513673f,0.15332413862757027f,0f,0f,0f,1f],start_interpolation:0}
execute if entity @s[tag=aj.lexiel.bone.skirt] run data modify entity @s {} merge value {transformation:[-0.9991700596192672f,0.007591216000245152f,0.040019562717096266f,-0.0033723099690455374f,-0.001613551330620752f,0.9743332737558735f,-0.22510457148682098f,0.7235471884095562f,-0.040701208981226f,-0.22498232173172952f,-0.9735123864110138f,0.07190032897730089f,0f,0f,0f,1f],start_interpolation:0}
execute if entity @s[tag=aj.lexiel.bone.rightupper] run data modify entity @s {} merge value {transformation:[-0.9998988482422019f,-0.013884696156335532f,0.0030835850181487262f,-0.13727005899201247f,-0.014082851274320721f,0.9361407002931823f,-0.3513435107620114f,0.665652621821247f,0.001991628455127417f,-0.3513513974175091f,-0.9362415441267602f,-0.010158648826670572f,0f,0f,0f,1f],start_interpolation:0}
execute if entity @s[tag=aj.lexiel.bone.rightfoot] run data modify entity @s {} merge value {transformation:[-0.9995608926947049f,0.028031954801707403f,0.009603713102716072f,-0.10397624596376655f,0.027934919367149223f,0.9995587848416195f,-0.010093360485765202f,0.4009407087739932f,-0.009882412423852724f,-0.009820649466291242f,-0.9999029416742131f,0.1785814557515954f,0f,0f,0f,1f],start_interpolation:0}
execute if entity @s[tag=aj.lexiel.bone.leftupper] run data modify entity @s {} merge value {transformation:[-0.9985150900164976f,-0.037203975343241f,0.03979295450208482f,0.1352187606031179f,-0.04702590472160374f,0.9574044332656716f,-0.2848952710178826f,0.6675064124444803f,-0.027498714414679905f,-0.28634352687270165f,-0.9577323244642222f,0.0008212487150368181f,0f,0f,0f,1f],start_interpolation:0}
execute if entity @s[tag=aj.lexiel.bone.leftfoot] run data modify entity @s {} merge value {transformation:[-0.9957997333899358f,-0.08241892856576706f,0.039874944446402716f,0.14727308601836667f,-0.0896682501860924f,0.9659282290764073f,-0.24278027346116884f,0.42134904601721246f,-0.018506644458060433f,-0.2453360480797442f,-0.9692614340948041f,0.19983250504843342f,0f,0f,0f,1f],start_interpolation:0}
execute if entity @s[tag=aj.lexiel.bone.lower] run data modify entity @s {} merge value {transformation:[-0.9991936976998433f,0.004684365731900379f,0.039874944446402716f,0f,-0.005140843176465026f,0.9700676834889177f,-0.24278027346116884f,0.625f,-0.03981866658175407f,-0.24278951000431365f,-0.9692614340948041f,0f,0f,0f,0f,1f],start_interpolation:0}