execute if entity @s[tag=aj.louvert.bone.head] run data modify entity @s {} merge value {transformation:[-0.9999751482489108f,-0.006906685156960154f,-0.001414420274081521f,-0.002858745129322233f,-0.006955834645832533f,0.9338690014049915f,0.35754762560982556f,1.4685334092242004f,-0.0011485856297822478f,0.3575485783987775f,-0.9338938348849211f,0.012972425078729106f,0f,0f,0f,1f],start_interpolation:0}
execute if entity @s[tag=aj.louvert.bone.coat_0] run data modify entity @s {} merge value {transformation:[-0.994790728523942f,0.09049628436094097f,0.046923650323355305f,-0.25865590160576607f,0.07295072762189253f,0.9535182104275499f,-0.29237170472273666f,0.6443809182958726f,-0.07120110801273573f,-0.28742554670715403f,-0.9551528450032761f,0.12483910052473514f,0f,0f,0f,1f],start_interpolation:0}
execute if entity @s[tag=aj.louvert.bone.coat_1] run data modify entity @s {} merge value {transformation:[-0.9684753442436439f,-0.2446501147199548f,0.046923650323355305f,0.24074182649682013f,-0.247509883765352f,0.923719461587761f,-0.29237170472273666f,0.6443809182958726f,0.02818448208886415f,-0.2947688546158331f,-0.9551528450032761f,0.14937293768844423f,0f,0f,0f,1f],start_interpolation:0}
execute if entity @s[tag=aj.louvert.bone.coat_2] run data modify entity @s {} merge value {transformation:[-0.9987954562051724f,-0.002568003656542771f,0.04900042878507852f,-0.0030915812640535797f,-2.710505431213761e-20f,0.9986295347545739f,0.05233595624294385f,0.6078344552055306f,-0.04906767432741814f,0.05227291529160499f,-0.9974266417451537f,0.01771191348118016f,0f,0f,0f,1f],start_interpolation:0}
execute if entity @s[tag=aj.louvert.bone.right_leg_1] run data modify entity @s {} merge value {transformation:[-0.998892520345757f,-0.03245112293398285f,0.03406842258785818f,-0.14539650086520145f,-0.010431459774366535f,0.8588099574833652f,0.5121880919880863f,0.4792501644494558f,-0.0458793792926313f,0.5112654707172626f,-0.85819735551211f,0.42085770173687026f,0f,0f,0f,1f],start_interpolation:0}
execute if entity @s[tag=aj.louvert.bone.right_leg_0] run data modify entity @s {} merge value {transformation:[-0.998892520345757f,0.027708783318756338f,0.03802572976677191f,-0.13380646958011955f,-0.010431459774366535f,0.6576556716076795f,-0.7532464419094377f,0.6443809182958726f,-0.0458793792926313f,-0.752808900670845f,-0.6566382882732902f,0.13097255981566241f,0f,0f,0f,1f],start_interpolation:0}
execute if entity @s[tag=aj.louvert.bone.left_leg_1] run data modify entity @s {} merge value {transformation:[-0.9861126656298135f,-0.16242627069851676f,0.03463404786385365f,0.11212240546845306f,-0.16606057816719966f,0.9613354019361237f,-0.21967733010733556f,0.6716735134026982f,0.0023864331624688304f,-0.22237794758312726f,-0.9749576161892769f,0.48458162493902857f,0f,0f,0f,1f],start_interpolation:0}
execute if entity @s[tag=aj.louvert.bone.left_leg_0] run data modify entity @s {} merge value {transformation:[-0.9861126656298135f,-0.009489561213759108f,0.1658063898419897f,0.11589239447117355f,-0.16606057816719966f,0.041994048999258626f,-0.9852209824335977f,0.6443809182958726f,0.0023864331624688304f,-0.9990727941829957f,-0.042986705620957744f,0.14323947839751694f,0f,0f,0f,1f],start_interpolation:0}
execute if entity @s[tag=aj.louvert.bone.body_1] run data modify entity @s {} merge value {transformation:[-0.9987954562051724f,0.014345999589887304f,0.046923650323355305f,-0.00447391268263321f,-2.710505431213761e-20f,0.9563047559630355f,-0.29237170472273666f,0.9432261545343212f,-0.04906767432741814f,-0.29201953020002974f,-0.9551528450032761f,0.045849915919080386f,0f,0f,0f,1f],start_interpolation:0}
execute if entity @s[tag=aj.louvert.locator_origin.locator] at @s on origin run tp @s ^0.64549 ^1.74226 ^0.41487 ~-97.42294 ~-32.90976
execute if entity @s[tag=aj.louvert.bone.sword_0] run data modify entity @s {} merge value {transformation:[-0.2699583012939164f,-0.48381836139302464f,-0.8324916268296463f,-0.09770716368184769f,0.5687410386353845f,0.6175270718186172f,-0.5433175374889607f,1.281528490265654f,0.7769531173336307f,-0.6201452319820675f,0.10846079805837852f,0.49390138045459014f,0f,0f,0f,1f],start_interpolation:0}
execute if entity @s[tag=aj.louvert.bone.right_arm_1] run data modify entity @s {} merge value {transformation:[0.5375096243925356f,0.27494052527531626f,-0.7971769635700269f,-0.30006114615877816f,-0.19308113802704208f,0.9603668268088127f,0.20103540012483934f,1.3434063242665808f,0.8208550894180878f,0.04586137292433712f,0.569292241866967f,0.18412033925131369f,0f,0f,0f,1f],start_interpolation:0}
execute if entity @s[tag=aj.louvert.bone.right_arm_0] run data modify entity @s {} merge value {transformation:[0.03549081988526253f,0.27494052527531626f,-0.9608059685832538f,-0.29313691546198667f,-0.057804591975638045f,0.9603668268088127f,0.2726796419091494f,1.3563575159731711f,0.997696863205654f,0.04586137292433712f,0.04997703095515997f,-0.12859699983086245f,0f,0f,0f,1f],start_interpolation:0}
execute if entity @s[tag=aj.louvert.locator_origin.locator2] at @s on origin run tp @s ^-0.70919 ^1.65803 ^0.25374 ~113.20399 ~-24.34334
execute if entity @s[tag=aj.louvert.bone.sword_1] run data modify entity @s {} merge value {transformation:[-0.3353989736260093f,0.43160487677517173f,0.8373916400553019f,0.036944846953028194f,-0.9060563656080171f,0.09565577853472557f,-0.41220363216995903f,1.2987695730406679f,-0.258010447136954f,-0.896976701133761f,0.3589754960876642f,0.5454168169283796f,0f,0f,0f,1f],start_interpolation:0}
execute if entity @s[tag=aj.louvert.bone.left_arm_1] run data modify entity @s {} merge value {transformation:[0.5432017435651199f,0.10071101096421022f,0.8335401358413286f,0.23742555568632856f,0.03207222236816154f,0.989566267339728f,-0.1404634297448456f,1.3008542877624756f,-0.8389894149154571f,0.10303346453402752f,0.5343040958536012f,0.2283309713845766f,0f,0f,0f,1f],start_interpolation:0}
execute if entity @s[tag=aj.louvert.bone.left_arm_0] run data modify entity @s {} merge value {transformation:[0.09693982934308443f,0.10071101096421022f,0.9901817821781516f,0.26771925235604244f,0.09330720257957924f,0.989566267339728f,-0.10978327964718188f,1.3300127885685942f,-0.9909068752580673f,0.10303346453402752f,0.08653132237755447f,-0.08132742713356944f,0f,0f,0f,1f],start_interpolation:0}
execute if entity @s[tag=aj.louvert.bone.wing_0] run data modify entity @s {} merge value {transformation:[-0.9396931728816696f,-0.0004281908018408658f,0.34201835841401507f,0.021821348449176322f,0.0025786880423644383f,0.9999619230641713f,0.00833683331874562f,1.1291597659200785f,-0.3420089051582731f,0.008716024004189027f,-0.9396562880745266f,-0.48940242074005114f,0f,0f,0f,1f],start_interpolation:0}
execute if entity @s[tag=aj.louvert.bone.wing_1] run data modify entity @s {} merge value {transformation:[-0.9686910282608318f,-0.0004281908018408658f,-0.2482690242853699f,0.009554896953993443f,-0.0025786880423644383f,0.9999619230641713f,0.00833683331874562f,1.1269781320454848f,0.2482560012063204f,0.008716024004189027f,-0.9686552476452114f,-0.23971306445638096f,0f,0f,0f,1f],start_interpolation:0}
execute if entity @s[tag=aj.louvert.bone.body_0] run data modify entity @s {} merge value {transformation:[-0.9987954562051724f,-0.0004281908018408658f,0.049065805980731514f,-0.006078750000000001f,-2.710505431213761e-20f,0.9999619230641713f,0.008726535498373936f,1.322620625f,-0.04906767432741814f,0.008716024004189027f,-0.9987574251346805f,0.00955625f,0f,0f,0f,1f],start_interpolation:0}