execute if entity @s[tag=aj.louvert.bone.head] run data modify entity @s {} merge value {transformation:[-1f,-2.6341590474986192e-17f,1.1959815399021295e-16f,-0.002695000000000001f,0f,0.9765930395072429f,0.2150954094954254f,1.46855625f,-1.2246467991473532e-16f,0.2150954094954254f,-0.9765930395072429f,0.011536875f,0f,0f,0f,1f],start_interpolation:0}
execute if entity @s[tag=aj.louvert.bone.right_leg_1] run data modify entity @s {} merge value {transformation:[-0.9874095605453717f,0.15794227375024383f,0.008752022977518772f,-0.17968995138895477f,0.154122902150736f,0.9730397049545477f,-0.1715804872781322f,0.34911429876616f,-0.03561587814768325f,-0.16807132636047617f,-0.9851312290650416f,0.30185375249635504f,0f,0f,0f,1f],start_interpolation:0}
execute if entity @s[tag=aj.louvert.bone.right_leg_0] run data modify entity @s {} merge value {transformation:[-0.9874095605453717f,0.1540353371787812f,-0.03599270264671932f,-0.127695f,0.154122902150736f,0.8855903273614731f,-0.4381505484607243f,0.645519702891179f,-0.03561587814768325f,-0.43818134029647826f,-0.8981807291629849f,0.1430074373450853f,0f,0f,0f,1f],start_interpolation:0}
execute if entity @s[tag=aj.louvert.bone.left_leg_1] run data modify entity @s {} merge value {transformation:[-0.984807753012208f,-0.17342349782725144f,-0.008830628992721778f,0.1847514247168329f,-0.16561121050749114f,0.9533045615961785f,-0.25255363745977116f,0.3110616079186907f,0.05221701409779422f,-0.2472543290647899f,-0.9675425986474349f,0.259975313470063f,0f,0f,0f,1f],start_interpolation:0}
execute if entity @s[tag=aj.louvert.bone.left_leg_0] run data modify entity @s {} merge value {transformation:[-0.984807753012208f,-0.17356728175792663f,0.0052998405834797325f,0.12230499999999998f,-0.16561121050749114f,0.9296125866219715f,-0.32923147745659276f,0.645519702891179f,0.05221701409779422f,-0.3251074245494434f,-0.9442343702394753f,0.14300743734508534f,0f,0f,0f,1f],start_interpolation:0}
execute if entity @s[tag=aj.louvert.locator_origin.locator] at @s on origin run tp @s ^-3.30131 ^1.35526 ^3.90676 ~-44.58273 ~0.85871
execute if entity @s[tag=aj.louvert.bone.sword_0] run data modify entity @s {} merge value {transformation:[-0.021842573306209406f,0.7119803611475379f,-0.7018595780721272f,-3.898726516067831f,0.9988556845706571f,0.04541717890016228f,0.014986702827328712f,1.369598125f,0.0425467201115065f,-0.7007290811725828f,-0.7121576590943757f,3.2635144462580747f,0f,0f,0f,1f],start_interpolation:0}
execute if entity @s[tag=aj.louvert.bone.right_arm_1] run data modify entity @s {} merge value {transformation:[-0.7051572526987133f,0f,-0.7090509494855803f,-0.6061006936723989f,0f,1f,0f,1.35918125f,0.7090509494855803f,0f,-0.7051572526987133f,-0.043599083022478294f,0f,0f,0f,1f],start_interpolation:0}
execute if entity @s[tag=aj.louvert.bone.right_arm_0] run data modify entity @s {} merge value {transformation:[-0.9652095692427187f,0f,-0.2614775084826327f,-0.29957f,0f,1f,0f,1.35918125f,0.2614775084826327f,0f,-0.9652095692427187f,-0.10721312500000003f,0f,0f,0f,1f],start_interpolation:0}
execute if entity @s[tag=aj.louvert.locator_origin.locator2] at @s on origin run tp @s ^3.41939 ^1.34959 ^3.81369 ~42.95079 ~-0.12195
execute if entity @s[tag=aj.louvert.bone.sword_1] run data modify entity @s {} merge value {transformation:[-0.0014422323809153024f,-0.7319392253083771f,0.6813683955253077f,3.998304228681838f,-0.9999977349819201f,-0.000010885498261670179f,-0.0021283591180944273f,1.347723125f,0.0015652465585611337f,-0.6813699218020111f,-0.7319375517533803f,3.153592165201687f,0f,0f,0f,1f],start_interpolation:0}
execute if entity @s[tag=aj.louvert.bone.left_arm_1] run data modify entity @s {} merge value {transformation:[-0.7354144672715688f,0f,0.6776175627355555f,0.5645579903883495f,0f,1f,0f,1.33730625f,-0.6776175627355555f,0f,-0.7354144672715688f,-0.006751403599177197f,0f,0f,0f,1f],start_interpolation:0}
execute if entity @s[tag=aj.louvert.bone.left_arm_0] run data modify entity @s {} merge value {transformation:[-0.9652095692427187f,0f,0.2614775084826329f,0.26293f,0f,1f,0f,1.33730625f,-0.2614775084826329f,0f,-0.9652095692427187f,-0.08846312499999998f,0f,0f,0f,1f],start_interpolation:0}