execute if entity @s[tag=aj.louvert.bone.head] run data modify entity @s {} merge value {transformation:[-1f,6.132597768394656e-18f,1.2231103413523107e-16f,-0.002695000000000001f,0f,0.9987453869996539f,-0.05007646100626246f,1.46855625f,-1.2246467991473532e-16f,-0.05007646100626246f,-0.9987453869996539f,0.011536875f,0f,0f,0f,1f],start_interpolation:0}
execute if entity @s[tag=aj.louvert.bone.right_leg_1] run data modify entity @s {} merge value {transformation:[-0.991409624872199f,0.12995566063318442f,0.014781135956290443f,-0.1567140958446573f,0.13077708069654442f,0.986728230474817f,0.09625359395121896f,0.4295552828080743f,-0.0020762647363092093f,0.09735977328152129f,-0.9952470867434458f,0.39664297980850555f,0f,0f,0f,1f],start_interpolation:0}
execute if entity @s[tag=aj.louvert.bone.right_leg_0] run data modify entity @s {} merge value {transformation:[-0.991409624872199f,0.09601314394261652f,-0.08881684469187213f,-0.127695f,0.13077708069654442f,0.7169041710526287f,-0.6847961482746765f,0.645519702891179f,-0.0020762647363092093f,-0.6905287001404052f,-0.7233020139659139f,0.1430074373450853f,0f,0f,0f,1f],start_interpolation:0}
execute if entity @s[tag=aj.louvert.bone.left_leg_1] run data modify entity @s {} merge value {transformation:[-0.984807753012208f,-0.17160577445446615f,-0.02655461882476723f,0.19010891358380447f,-0.16561121050749117f,0.9741654204382129f,-0.15354042000946566f,0.2896284567871412f,0.05221701409779423f,-0.14681005345793785f,-0.9877854988014291f,0.2930397561390895f,0f,0f,0f,1f],start_interpolation:0}
execute if entity @s[tag=aj.louvert.bone.left_leg_0] run data modify entity @s {} merge value {transformation:[-0.984807753012208f,-0.1729119874156053f,0.01597292130548935f,0.12230499999999998f,-0.16561121050749117f,0.9075857043503206f,-0.3858252405081552f,0.645519702891179f,0.05221701409779423f,-0.3826089829929741f,-0.9224336017143959f,0.14300743734508534f,0f,0f,0f,1f],start_interpolation:0}
execute if entity @s[tag=aj.louvert.locator_origin.locator] at @s on origin run tp @s ^-2.69414 ^1.35003 ^6.10306 ~57.13516 ~1.34857
execute if entity @s[tag=aj.louvert.bone.sword_0] run data modify entity @s {} merge value {transformation:[0.0028315538940272608f,0.5430117151187159f,0.8397203460357362f,-1.9430584830687134f,0.9988569966311082f,-0.041603059344354376f,0.023534777123925155f,1.369598125f,0.04771459507978542f,0.8386939028614797f,-0.5425088522036772f,5.64879571563373f,0f,0f,0f,1f],start_interpolation:0}
execute if entity @s[tag=aj.louvert.bone.right_arm_1] run data modify entity @s {} merge value {transformation:[-0.24630992194909723f,0f,-0.9691911175559904f,-0.531094237020983f,0f,1f,0f,1.35918125f,0.9691911175559904f,0f,-0.24630992194909723f,0.10351024857742648f,0f,0f,0f,1f],start_interpolation:0}
execute if entity @s[tag=aj.louvert.bone.right_arm_0] run data modify entity @s {} merge value {transformation:[-0.6979062083900757f,0f,-0.7161891679511694f,-0.29957f,0f,1f,0f,1.35918125f,0.7161891679511694f,0f,-0.6979062083900757f,-0.10721312500000003f,0f,0f,0f,1f],start_interpolation:0}
execute if entity @s[tag=aj.louvert.locator_origin.locator2] at @s on origin run tp @s ^2.90125 ^1.34643 ^6.03975 ~-59.27566 ~0.0816
execute if entity @s[tag=aj.louvert.bone.sword_1] run data modify entity @s {} merge value {transformation:[-0.0020180110014661324f,-0.5109056140706729f,-0.8596344462285501f,2.1335280139119472f,-0.9999977791587948f,0.001553423960701128f,0.0014242722620081971f,1.347723125f,0.0006077080515901698f,0.8596354113140448f,-0.5109076142570761f,5.613764558616702f,0f,0f,0f,1f],start_interpolation:0}
execute if entity @s[tag=aj.louvert.bone.left_arm_1] run data modify entity @s {} merge value {transformation:[-0.2883510122689291f,0f,0.9575247744698223f,0.48102569012189855f,0f,1f,0f,1.33730625f,-0.9575247744698223f,0f,-0.2883510122689291f,0.1353459899847405f,0f,0f,0f,1f],start_interpolation:0}
execute if entity @s[tag=aj.louvert.bone.left_arm_0] run data modify entity @s {} merge value {transformation:[-0.6979062083900754f,0f,0.7161891679511696f,0.26293f,0f,1f,0f,1.33730625f,-0.7161891679511696f,0f,-0.6979062083900754f,-0.08846312499999998f,0f,0f,0f,1f],start_interpolation:0}