execute if entity @s[tag=aj.louvert.bone.head] run data modify entity @s {} merge value {transformation:[-0.9999663142066553f,-0.008036650479156877f,-0.0016681429892198077f,-0.0028957681349016436f,-0.008098515037918407f,0.932966083346726f,0.3598731740194737f,1.4685289037271718f,-0.0013358540853045942f,0.3598745608871871f,-0.9329997405788049f,0.013192471791108594f,0f,0f,0f,1f],start_interpolation:0}
execute if entity @s[tag=aj.louvert.bone.coat_0] run data modify entity @s {} merge value {transformation:[-0.9936375749363222f,0.0987442984975841f,0.05416579353138607f,-0.25946864175193834f,0.07888166764967545f,0.953439335686742f,-0.2910860966690618f,0.6442101113297223f,-0.08038689061949642f,-0.2849613950686027f,-0.9551622642970591f,0.12201597873905641f,0f,0f,0f,1f],start_interpolation:0}
execute if entity @s[tag=aj.louvert.bone.coat_1] run data modify entity @s {} merge value {transformation:[-0.9686419108854669f,-0.24248487640936786f,0.05416579353138607f,0.23972932940523264f,-0.24761136808135353f,0.92409820621125f,-0.2910860966690618f,0.6442101113297223f,0.020529463534919953f,-0.29537025914923043f,-0.9551622642970591f,0.15032473343728092f,0f,0f,0f,1f],start_interpolation:0}
execute if entity @s[tag=aj.louvert.bone.coat_2] run data modify entity @s {} merge value {transformation:[-0.998395942314342f,-0.0030391226270141403f,0.05653588333010255f,-0.0030989319819296037f,0f,0.9985582893487077f,0.05367814055071707f,0.6078243492460896f,-0.056617509396449044f,0.05359203771681498f,-0.9969565442501005f,0.016775073051036288f,0f,0f,0f,1f],start_interpolation:0}
execute if entity @s[tag=aj.louvert.bone.right_leg_1] run data modify entity @s {} merge value {transformation:[-0.998462616653957f,-0.030963787853947107f,0.04597441664957758f,-0.1496722776757549f,-0.004516214377369931f,0.8721119465007492f,0.48928555729591283f,0.4713137562457378f,-0.055244972189610476f,0.48832570750720283f,-0.8709110152221976f,0.41438429043958047f,0f,0f,0f,1f],start_interpolation:0}
execute if entity @s[tag=aj.louvert.bone.right_leg_0] run data modify entity @s {} merge value {transformation:[-0.998462616653957f,0.03785094075685359f,0.04049332572602994f,-0.13466914896264562f,-0.004516214377369931f,0.6725590355215031f,-0.7400296936921404f,0.6442101113297223f,-0.055244972189610476f,-0.7390748609053123f,-0.6713541114982187f,0.12909316741361254f,0f,0f,0f,1f],start_interpolation:0}
execute if entity @s[tag=aj.louvert.bone.left_leg_1] run data modify entity @s {} merge value {transformation:[-0.9860898854820916f,-0.16057510553371473f,0.04292287540171956f,0.11032995499490712f,-0.16612866653576797f,0.960381307006619f,-0.2237610585140002f,0.6606414944889726f,-0.005291871593564368f,-0.22777923661979066f,-0.9736984212064547f,0.4845583523657293f,0f,0f,0f,1f],start_interpolation:0}
execute if entity @s[tag=aj.louvert.bone.left_leg_0] run data modify entity @s {} merge value {transformation:[-0.9860898854820916f,-0.006620092552094031f,0.16608104083403644f,0.11492983661593989f,-0.16612866653576797f,0.0710676932919343f,-0.9835398563989215f,0.6442101113297223f,-0.005291871593564368f,-0.9974495262141163f,-0.07117892068774267f,0.1432475447627248f,0f,0f,0f,1f],start_interpolation:0}
execute if entity @s[tag=aj.louvert.bone.body_1] run data modify entity @s {} merge value {transformation:[-0.998395942314342f,0.01648056981333628f,0.05416579353138607f,-0.004719478106685274f,0f,0.9566968612501923f,-0.2910860966690618f,0.9431778804704074f,-0.056617509396449044f,-0.2906191777785116f,-0.9551622642970591f,0.045351863032383796f,0f,0f,0f,1f],start_interpolation:0}
execute if entity @s[tag=aj.louvert.locator_origin.locator] at @s on origin run tp @s ^0.68557 ^1.67725 ^0.40646 ~-97.00024 ~-29.40466
execute if entity @s[tag=aj.louvert.bone.sword_0] run data modify entity @s {} merge value {transformation:[-0.22591933479651927f,-0.44865269466066793f,-0.8646798330820601f,-0.0849640145934295f,0.568883322596998f,0.6597845658586873f,-0.4909746347069912f,1.2635522426734829f,0.7907795011481378f,-0.6028225993013074f,0.10617294540285266f,0.4839345977494692f,0f,0f,0f,1f],start_interpolation:0}
execute if entity @s[tag=aj.louvert.bone.right_arm_1] run data modify entity @s {} merge value {transformation:[0.5542984181896775f,0.28066777701117146f,-0.7835680331279654f,-0.29370889756793417f,-0.21800223953321005f,0.9575199694474419f,0.18876051405915112f,1.334837113502896f,0.8032610330091494f,0.06618993168887101f,0.5919380084029884f,0.18048058957574212f,0f,0f,0f,1f],start_interpolation:0}
execute if entity @s[tag=aj.louvert.bone.right_arm_0] run data modify entity @s {} merge value {transformation:[0.05210447137905475f,0.28066777701117146f,-0.9583896509300985f,-0.29202173891894945f,-0.08406036680017744f,0.9575199694474419f,0.2758430039765187f,1.3559339218033917f,0.9950974720075056f,0.06618993168887101f,0.07348410812749709f,-0.13186519745399397f,0f,0f,0f,1f],start_interpolation:0}
execute if entity @s[tag=aj.louvert.locator_origin.locator2] at @s on origin run tp @s ^-0.73972 ^1.61844 ^0.28678 ~110.15287 ~-23.43537
execute if entity @s[tag=aj.louvert.bone.sword_1] run data modify entity @s {} merge value {transformation:[-0.31390970018296144f,0.3994501266224805f,0.8613363434061788f,0.026597556868808443f,-0.9058642537063413f,0.14571610916133682f,-0.3977144319583271f,1.2731985592243231f,-0.28437766084574323f,-0.9051002220042625f,0.31610589070711376f,0.5406233126030362f,0f,0f,0f,1f],start_interpolation:0}
execute if entity @s[tag=aj.louvert.bone.left_arm_1] run data modify entity @s {} merge value {transformation:[0.5581281602773405f,0.08168539498358203f,0.8257241990833301f,0.23289421496295387f,0.06871460282588282f,0.9871740753161906f,-0.14410290899945566f,1.2890585643518453f,-0.8269046257361922f,0.1371672018742105f,0.5453566710567379f,0.22768491107575728f,0f,0f,0f,1f],start_interpolation:0}
execute if entity @s[tag=aj.louvert.bone.left_arm_0] run data modify entity @s {} merge value {transformation:[0.11378872062649509f,0.08168539498358203f,0.990141213819807f,0.2684531901587336f,0.12748991549772984f,0.9871740753161906f,-0.0960919688111651f,1.3288991629448859f,-0.9852910476121087f,0.1371672018742105f,0.10191521096201707f,-0.08021854130302668f,0f,0f,0f,1f],start_interpolation:0}
execute if entity @s[tag=aj.louvert.bone.wing_0] run data modify entity @s {} merge value {transformation:[-0.9359962470436514f,-0.0005701694606704774f,0.35200951752329945f,0.025607546799012247f,0.003005594748251557f,0.9999492907253813f,0.009611575209935448f,1.1298316100528454f,-0.3519971476026606f,0.01005439628187997f,-0.9359470696545813f,-0.48943638412095014f,0f,0f,0f,1f],start_interpolation:0}
execute if entity @s[tag=aj.louvert.bone.wing_1] run data modify entity @s {} merge value {transformation:[-0.9697899642322143f,-0.0005701694606704774f,-0.24394077187150665f,0.01145388720810804f,-0.003005594748251557f,0.9999492907253813f,0.009611575209935448f,1.1273139725465837f,0.2439229215852615f,0.01005439628187997f,-0.9697425005849323f,-0.23985005552586888f,0f,0f,0f,1f],start_interpolation:0}
execute if entity @s[tag=aj.louvert.bone.body_0] run data modify entity @s {} merge value {transformation:[-0.998395942314342f,-0.0005701694606704774f,0.05661463836361683f,-0.006078750000000001f,0f,0.9999492907253813f,0.010070550025046447f,1.322620625f,-0.056617509396449044f,0.01005439628187997f,-0.998345314380325f,0.00955625f,0f,0f,0f,1f],start_interpolation:0}