execute if entity @s[tag=aj.frestchika_v2.bone.hair] run data modify entity @s {} merge value {transformation:[-1f,-3.5328803348766274e-17f,-1.172581488876691e-16f,-2.9983545152813745e-17f,0f,-0.9574854477985717f,0.28848157177533607f,1.964057698411314f,-1.2246467991473532e-16f,0.28848157177533607f,0.9574854477985717f,0.2448342262739711f,0f,0f,0f,1f],start_interpolation:0}
execute if entity @s[tag=aj.frestchika_v2.bone.side_hair_2] run data modify entity @s {} merge value {transformation:[-1f,1.5665268062884925e-18f,-1.2245466026404937e-16f,0.48737937499999995f,0f,-0.9999181833432063f,-0.012791662113347091f,1.593952467343227f,-1.2246467991473532e-16f,-0.012791662113347091f,0.9999181833432063f,0.3503777265044066f,0f,0f,0f,1f],start_interpolation:0}
execute if entity @s[tag=aj.frestchika_v2.bone.side_hair_1] run data modify entity @s {} merge value {transformation:[-1f,-4.040990677427361e-17f,-1.1560552435378288e-16f,0.32910999999999996f,0f,-0.9439907443866424f,0.3299719298854867f,1.2283590119034462f,-1.2246467991473532e-16f,0.3299719298854867f,0.9439907443866424f,0.4781709053701072f,0f,0f,0f,1f],start_interpolation:0}
execute if entity @s[tag=aj.frestchika_v2.bone.head] run data modify entity @s {} merge value {transformation:[-1f,-7.75123092111513e-17f,-9.481265605062143e-17f,-1.7124365716812804e-17f,0f,-0.7742040898374429f,0.6329360372731011f,1.6481393344259598f,-1.2246467991473532e-16f,0.6329360372731011f,0.7742040898374429f,0.13983105764646145f,0f,0f,0f,1f],start_interpolation:0}
execute if entity @s[tag=aj.frestchika_v2.bone.group] run data modify entity @s {} merge value {transformation:[0.0000050499898388796095f,4.3158838108655085e-7f,-0.000008620402200392032f,-0.06543370062138354f,0.00000415631193005593f,0.00000863165154908983f,0.0000028669954089900215f,1.5004373562127373f,0.0000075645669913939844f,-0.0000050307378190883905f,0.000004179593667846955f,0.4489514572178712f,0f,0f,0f,1f],start_interpolation:0}
execute if entity @s[tag=aj.frestchika_v2.bone.group2] run data modify entity @s {} merge value {transformation:[0.0000050499898388796095f,4.3158838108655085e-7f,-0.000008620402200392032f,-0.06543370062138354f,0.00000415631193005593f,0.00000863165154908983f,0.0000028669954089900215f,1.5004373562127373f,0.0000075645669913939844f,-0.0000050307378190883905f,0.000004179593667846955f,0.4489514572178712f,0f,0f,0f,1f],start_interpolation:0}
execute if entity @s[tag=aj.frestchika_v2.bone.group3] run data modify entity @s {} merge value {transformation:[0.0000050499898388796095f,4.3158838108655085e-7f,-0.000008620402200392032f,-0.06543370062138354f,0.00000415631193005593f,0.00000863165154908983f,0.0000028669954089900215f,1.5004373562127373f,0.0000075645669913939844f,-0.0000050307378190883905f,0.000004179593667846955f,0.4489514572178712f,0f,0f,0f,1f],start_interpolation:0}
execute if entity @s[tag=aj.frestchika_v2.locator_origin.muzzle] at @s on origin run tp @s ^-0.06543 ^1.50045 ^0.44896 ~-115.86638 ~16.66047
execute if entity @s[tag=aj.frestchika_v2.bone.gun] run data modify entity @s {} merge value {transformation:[0.0000050499898388796095f,4.3158838108655085e-7f,-0.000008620402200392032f,-0.06543742379381982f,0.00000415631193005593f,0.00000863165154908983f,0.0000028669954089900215f,1.5004405133786225f,0.0000075645669913939844f,-0.0000050307378190883905f,0.000004179593667846955f,0.44895282772813966f,0f,0f,0f,1f],start_interpolation:0}
execute if entity @s[tag=aj.frestchika_v2.bone.sword] run data modify entity @s {} merge value {transformation:[-1.0513121748667122f,0.04541992963716759f,-0.014298708640196105f,0.23991946770129516f,0.04644456520160229f,0.9083863773746644f,-0.5293409145941461f,1.5778709513244387f,-0.010503591778842794f,-0.5294298173430431f,-0.9094605297470886f,0.343996667887957f,0f,0f,0f,1f],start_interpolation:0}
execute if entity @s[tag=aj.frestchika_v2.bone.arm_right_1] run data modify entity @s {} merge value {transformation:[0.5049989838879609f,0.04315883810865508f,-0.8620402200392031f,-0.26635035032016124f,0.415631193005593f,0.8631651549089828f,0.2866995408990021f,1.3848936863389238f,0.7564566991393984f,-0.503073781908839f,0.4179593667846955f,0.2334586713948364f,0f,0f,0f,1f],start_interpolation:0}
execute if entity @s[tag=aj.frestchika_v2.bone.arm_right_0] run data modify entity @s {} merge value {transformation:[-0.0436009341870967f,-0.0012686576132677247f,-0.9990482215818577f,-0.25f,-0.9374483335222976f,0.345763674567973f,0.04047348916907513f,1.7364368114097855f,0.3453832371645718f,0.9383207723679109f,-0.016264920184494908f,0.10393995745812196f,0f,0f,0f,1f],start_interpolation:0}
execute if entity @s[tag=aj.frestchika_v2.bone.arm_left_1] run data modify entity @s {} merge value {transformation:[0.508530741011744f,-0.042186210744802145f,0.8600097726590332f,0.26623194758196306f,-0.4964071516627841f,0.8017392805590146f,0.3328574256145652f,1.4006782627099965f,-0.7035456099103233f,-0.5961832349468652f,0.3867675337256247f,0.2703563990330639f,0f,0f,0f,1f],start_interpolation:0}
execute if entity @s[tag=aj.frestchika_v2.bone.arm_left_0] run data modify entity @s {} merge value {transformation:[-0.04349026175749365f,-0.003353816690267074f,0.9990482215818579f,0.25f,0.8955808477864416f,0.44305399417294405f,0.04047348916907515f,1.7365777483843616f,-0.44276804560670713f,0.8964886559020191f,-0.01626492018449491f,0.1042906638279859f,0f,0f,0f,1f],start_interpolation:0}
execute if entity @s[tag=aj.frestchika_v2.bone.right_wing_0] run data modify entity @s {} merge value {transformation:[-1f,-4.5664975244834146e-17f,-1.136323363418497e-16f,-0.20074625000000004f,0f,-0.9278784415307741f,0.37288282039056386f,2.1732092490728494f,-1.2246467991473532e-16f,0.37288282039056386f,0.9278784415307741f,0.5343713691125658f,0f,0f,0f,1f],start_interpolation:0}
execute if entity @s[tag=aj.frestchika_v2.bone.right_wing_1] run data modify entity @s {} merge value {transformation:[-1f,-4.5664975244834146e-17f,-1.136323363418497e-16f,0.19925374999999998f,0f,-0.9278784415307741f,0.37288282039056386f,1.2269050420200345f,-1.2246467991473532e-16f,0.37288282039056386f,0.9278784415307741f,0.27475824788379666f,0f,0f,0f,1f],start_interpolation:0}
execute if entity @s[tag=aj.frestchika_v2.bone.right_wing_2] run data modify entity @s {} merge value {transformation:[-1f,-4.5664975244834146e-17f,-1.136323363418497e-16f,0.20550374999999999f,0f,-0.9278784415307741f,0.37288282039056386f,1.2443027627987369f,-1.2246467991473532e-16f,0.37288282039056386f,0.9278784415307741f,0.2677666950014735f,0f,0f,0f,1f],start_interpolation:0}
execute if entity @s[tag=aj.frestchika_v2.bone.left_wing_0] run data modify entity @s {} merge value {transformation:[-1f,-4.5664975244834146e-17f,-1.136323363418497e-16f,-0.20074625000000004f,0f,-0.9278784415307741f,0.37288282039056386f,2.1732092490728494f,-1.2246467991473532e-16f,0.37288282039056386f,0.9278784415307741f,0.5343713691125658f,0f,0f,0f,1f],start_interpolation:0}
execute if entity @s[tag=aj.frestchika_v2.bone.left_wing_1] run data modify entity @s {} merge value {transformation:[-1f,-4.5664975244834146e-17f,-1.136323363418497e-16f,0.19925374999999998f,0f,-0.9278784415307741f,0.37288282039056386f,1.2269050420200345f,-1.2246467991473532e-16f,0.37288282039056386f,0.9278784415307741f,0.27475824788379666f,0f,0f,0f,1f],start_interpolation:0}
execute if entity @s[tag=aj.frestchika_v2.bone.left_wing_2] run data modify entity @s {} merge value {transformation:[-1f,-4.5664975244834146e-17f,-1.136323363418497e-16f,0.20550374999999999f,0f,-0.9278784415307741f,0.37288282039056386f,1.2443027627987369f,-1.2246467991473532e-16f,0.37288282039056386f,0.9278784415307741f,0.2677666950014735f,0f,0f,0f,1f],start_interpolation:0}
execute if entity @s[tag=aj.frestchika_v2.bone.leg_right_1] run data modify entity @s {} merge value {transformation:[-1f,-1.206385348144756e-16f,-2.1069925116979756e-17f,-0.12499999999999997f,0f,-0.1720489951196498f,0.9850883936369967f,1.8753237943912495f,-1.2246467991473532e-16f,0.9850883936369967f,0.1720489951196498f,-0.16920246574413528f,0f,0f,0f,1f],start_interpolation:0}
execute if entity @s[tag=aj.frestchika_v2.bone.leg_right_0] run data modify entity @s {} merge value {transformation:[-1f,-2.637003307748465e-17f,1.1959188593759586e-16f,-0.12499999999999997f,0f,0.9765418569734587f,0.21532766097004058f,2.2135124689227945f,-1.2246467991473532e-16f,0.21532766097004058f,-0.9765418569734587f,-0.22263450593161718f,0f,0f,0f,1f],start_interpolation:0}
execute if entity @s[tag=aj.frestchika_v2.bone.leg_left_1] run data modify entity @s {} merge value {transformation:[-1f,-1.0719894169568684e-16f,-5.921135639337528e-17f,0.12500000000000006f,0f,-0.4834974168437832f,0.8753457876207484f,1.883111673649144f,-1.2246467991473532e-16f,0.8753457876207484f,0.4834974168437832f,-0.4252641350935543f,0f,0f,0f,1f],start_interpolation:0}
execute if entity @s[tag=aj.frestchika_v2.bone.leg_left_0] run data modify entity @s {} merge value {transformation:[-1f,-8.556405923561624e-17f,8.761500781111946e-17f,0.12500000000000003f,0f,0.7154308317477369f,0.6986835657039179f,2.1713017993548966f,-1.2246467991473532e-16f,0.6986835657039179f,-0.7154308317477369f,-0.2587631918207302f,0f,0f,0f,1f],start_interpolation:0}
execute if entity @s[tag=aj.frestchika_v2.bone.body_0] run data modify entity @s {} merge value {transformation:[-1f,-1.0140592467213114e-16f,-6.866175258474427e-17f,0f,0f,-0.5606657579356698f,0.8280422138263367f,1.99609375f,-1.2246467991473532e-16f,0.8280422138263367f,0.5606657579356698f,0f,0f,0f,0f,1f],start_interpolation:0}
execute if entity @s[tag=aj.frestchika_v2.bone.body_1] run data modify entity @s {} merge value {transformation:[-1f,-4.5664975244834146e-17f,-1.136323363418497e-16f,0f,0f,-0.9278784415307741f,0.37288282039056386f,1.99609375f,-1.2246467991473532e-16f,0.37288282039056386f,0.9278784415307741f,0f,0f,0f,0f,1f],start_interpolation:0}