execute if entity @s[tag=aj.frestchika_v2.bone.hair] run data modify entity @s {} merge value {transformation:[-0.915302121738353f,0.2558613103568375f,-0.31105789783214166f,-0.12621365791341332f,-0.027566426198609377f,0.7306934887714254f,0.6821488969526224f,1.3578187126010293f,0.40182349120964245f,0.6329470873062969f,-0.661752118683854f,-0.26704009538318235f,0f,0f,0f,1f],start_interpolation:0}
execute if entity @s[tag=aj.frestchika_v2.bone.side_hair_2] run data modify entity @s {} merge value {transformation:[-0.915302121738353f,0.34138695119218254f,-0.2137217244385217f,0.41486760905821424f,-0.027566426198609377f,0.4762896231356248f,0.8788562379820495f,1.6595363040461102f,0.40182349120964245f,0.8103105234717313f,-0.4265380844227905f,-0.22674694985139732f,0f,0f,0f,1f],start_interpolation:0}
execute if entity @s[tag=aj.frestchika_v2.bone.side_hair_1] run data modify entity @s {} merge value {transformation:[-0.915302121738353f,0.2412359844760712f,-0.3225325188800809f,0.3634303925623264f,-0.027566426198609377f,0.7613908786978013f,0.6477067407264081f,1.9500486494571505f,0.40182349120964245f,0.6017384229294742f,-0.6902526727818182f,0.06989366808691212f,0f,0f,0f,1f],start_interpolation:0}
execute if entity @s[tag=aj.frestchika_v2.bone.head] run data modify entity @s {} merge value {transformation:[-0.915302121738353f,0.10856272502387107f,-0.38786100690409747f,0.002209985673241135f,-0.027566426198609377f,0.9438450225640277f,0.3292364887550385f,1.4333433447828923f,0.40182349120964245f,0.3120427985333124f,-0.860910665397748f,0.030673652748680582f,0f,0f,0f,1f],start_interpolation:0}
execute if entity @s[tag=aj.frestchika_v2.bone.group] run data modify entity @s {} merge value {transformation:[-0.00000883179516148383f,4.0523316838694216e-7f,-0.00000467281288998713f,-0.8136164382372175f,-1.0824931977118152e-8f,0.000009960820147963684f,8.842764278032321e-7f,1.3317059930957058f,0.000004690338692081679f,7.860331158162705e-7f,-0.000008796753656571365f,0.478816048141098f,0f,0f,0f,1f],start_interpolation:0}
execute if entity @s[tag=aj.frestchika_v2.bone.group2] run data modify entity @s {} merge value {transformation:[-0.00000883179516148383f,4.0523316838694216e-7f,-0.00000467281288998713f,-0.8136164382372175f,-1.0824931977118152e-8f,0.000009960820147963684f,8.842764278032321e-7f,1.3317059930957058f,0.000004690338692081679f,7.860331158162705e-7f,-0.000008796753656571365f,0.478816048141098f,0f,0f,0f,1f],start_interpolation:0}
execute if entity @s[tag=aj.frestchika_v2.bone.group3] run data modify entity @s {} merge value {transformation:[-0.00000883179516148383f,4.0523316838694216e-7f,-0.00000467281288998713f,-0.8136164382372175f,-1.0824931977118152e-8f,0.000009960820147963684f,8.842764278032321e-7f,1.3317059930957058f,0.000004690338692081679f,7.860331158162705e-7f,-0.000008796753656571365f,0.478816048141098f,0f,0f,0f,1f],start_interpolation:0}
execute if entity @s[tag=aj.frestchika_v2.locator_origin.muzzle] at @s on origin run tp @s ^-0.81363 ^1.33171 ^0.47882 ~-27.97713 ~5.07316
execute if entity @s[tag=aj.frestchika_v2.bone.gun] run data modify entity @s {} merge value {transformation:[-0.00000883179516148383f,4.0523316838694216e-7f,-0.00000467281288998713f,-0.8136189666274388f,-1.0824931977118152e-8f,0.000009960820147963684f,8.842764278032321e-7f,1.3317082747466404f,0.000004690338692081679f,7.860331158162705e-7f,-0.000008796753656571365f,0.47881229190365693f,0f,0f,0f,1f],start_interpolation:0}
execute if entity @s[tag=aj.frestchika_v2.bone.sword] run data modify entity @s {} merge value {transformation:[0.03170064034579459f,0.5548968882346788f,0.8936493859054214f,-0.7562372528200437f,1.0468679264986305f,-0.10409591674551044f,0.027500848811795868f,1.0652699173060878f,0.10289473247024893f,0.8881318571272971f,-0.5551208791655143f,0.5098458305325431f,0f,0f,0f,1f],start_interpolation:0}
execute if entity @s[tag=aj.frestchika_v2.bone.arm_right_1] run data modify entity @s {} merge value {transformation:[-0.883179516148383f,0.040523316838694215f,-0.4672812889987129f,-0.5609913815566425f,-0.0010824931977118151f,0.9960820147963683f,0.08842764278032321f,1.336470221382554f,0.4690338692081679f,0.07860331158162705f,-0.8796753656571364f,0.28825670467605147f,0f,0f,0f,1f],start_interpolation:0}
execute if entity @s[tag=aj.frestchika_v2.bone.arm_right_0] run data modify entity @s {} merge value {transformation:[-0.9075240690530577f,0.058866583816721364f,-0.41585428866266305f,-0.2216515862055669f,0.024110591867758078f,0.9957981675201247f,0.08834415047612347f,1.3272199913246416f,0.4193074569443846f,0.0701479498867249f,-0.9051301131204964f,0.13480371878042563f,0f,0f,0f,1f],start_interpolation:0}
execute if entity @s[tag=aj.frestchika_v2.bone.arm_left_1] run data modify entity @s {} merge value {transformation:[-0.6146192314579173f,0.7888239349119593f,-0.000005664957488438205f,0.29523805882368137f,0.7270453276686633f,0.5664810904390712f,-0.38794879261331205f,1.1447480353902169f,-0.3060200840422811f,-0.23844490744189425f,-0.921680928672055f,-0.35160906663714114f,0f,0f,0f,1f],start_interpolation:0}
execute if entity @s[tag=aj.frestchika_v2.bone.arm_left_0] run data modify entity @s {} merge value {transformation:[-0.3105133209563341f,0.7827115077963451f,-0.5393924110254429f,0.22574298083638056f,0.6774219313394136f,0.5802828609214239f,0.4520744720300252f,1.3406874606482382f,0.6668440630680065f,-0.22502110319705385f,-0.7104114995317387f,-0.08805292840141066f,0f,0f,0f,1f],start_interpolation:0}
execute if entity @s[tag=aj.frestchika_v2.bone.right_wing_0] run data modify entity @s {} merge value {transformation:[-0.8965066921097765f,0.005893295128643027f,-0.44299099322098284f,-0.4286701490909465f,-0.030970565184797398f,0.9966316354704288f,0.07593554682539987f,1.1308541813747686f,0.44194634866069477f,0.08179640732981489f,-0.893304412086616f,-0.41035032053891074f,0f,0f,0f,1f],start_interpolation:0}
execute if entity @s[tag=aj.frestchika_v2.bone.right_wing_1] run data modify entity @s {} merge value {transformation:[-0.8965066921097765f,0.005893295128643027f,-0.44299099322098284f,0.19756256679717507f,-0.030970565184797398f,0.9966316354704288f,0.07593554682539987f,1.876774141732379f,0.44194634866069477f,0.08179640732981489f,-0.893304412086616f,0.007174077899657516f,0f,0f,0f,1f],start_interpolation:0}
execute if entity @s[tag=aj.frestchika_v2.bone.right_wing_2] run data modify entity @s {} merge value {transformation:[-0.8965066921097765f,0.005893295128643027f,-0.44299099322098284f,0.20305523433919914f,-0.030970565184797398f,0.9966316354704288f,0.07593554682539987f,1.8582808645997133f,0.44194634866069477f,0.08179640732981489f,-0.893304412086616f,0.002878230583094124f,0f,0f,0f,1f],start_interpolation:0}
execute if entity @s[tag=aj.frestchika_v2.bone.left_wing_0] run data modify entity @s {} merge value {transformation:[-0.8965066921097765f,0.005893295128643027f,-0.44299099322098284f,-0.4286701490909465f,-0.030970565184797398f,0.9966316354704288f,0.07593554682539987f,1.1308541813747686f,0.44194634866069477f,0.08179640732981489f,-0.893304412086616f,-0.41035032053891074f,0f,0f,0f,1f],start_interpolation:0}
execute if entity @s[tag=aj.frestchika_v2.bone.left_wing_1] run data modify entity @s {} merge value {transformation:[-0.8965066921097765f,0.005893295128643027f,-0.44299099322098284f,0.19756256679717507f,-0.030970565184797398f,0.9966316354704288f,0.07593554682539987f,1.876774141732379f,0.44194634866069477f,0.08179640732981489f,-0.893304412086616f,0.007174077899657516f,0f,0f,0f,1f],start_interpolation:0}
execute if entity @s[tag=aj.frestchika_v2.bone.left_wing_2] run data modify entity @s {} merge value {transformation:[-0.8965066921097765f,0.005893295128643027f,-0.44299099322098284f,0.20305523433919914f,-0.030970565184797398f,0.9966316354704288f,0.07593554682539987f,1.8582808645997133f,0.44194634866069477f,0.08179640732981489f,-0.893304412086616f,0.002878230583094124f,0f,0f,0f,1f],start_interpolation:0}
execute if entity @s[tag=aj.frestchika_v2.bone.leg_right_1] run data modify entity @s {} merge value {transformation:[-0.8781509561626157f,-0.29014325279171277f,-0.3803521934340955f,0.04886517215848252f,0.2606729041479476f,0.3764533570211481f,-0.8890064718721584f,0.6582950518856613f,0.40112408957049467f,-0.8798293941707974f,-0.25495039109460027f,0.5651392249996121f,0f,0f,0f,1f],start_interpolation:0}
execute if entity @s[tag=aj.frestchika_v2.bone.leg_right_0] run data modify entity @s {} merge value {transformation:[-0.8781509561626157f,-0.32294549533634537f,-0.35292648700918694f,-0.0751594583113126f,0.2606729041479476f,0.29557153284273413f,-0.9190686078939216f,0.7567122110513131f,0.40112408957049467f,-0.8990793491205096f,-0.17537328402947466f,0.22966439805377792f,0f,0f,0f,1f],start_interpolation:0}
execute if entity @s[tag=aj.frestchika_v2.bone.leg_left_1] run data modify entity @s {} merge value {transformation:[-0.8384582373754491f,-0.32764478130263236f,-0.4354729399887034f,0.31761985313807406f,-0.02932768202302443f,0.8250533985830227f,-0.5642931654324375f,0.823307526242436f,0.5441761399073014f,-0.46036484093787416f,-0.7013818802790925f,0.36701880960581973f,0f,0f,0f,1f],start_interpolation:0}
execute if entity @s[tag=aj.frestchika_v2.bone.leg_left_0] run data modify entity @s {} merge value {transformation:[-0.8384582373754491f,-0.5429215672982652f,0.0471588373441274f,0.1358849774568583f,-0.02932768202302443f,-0.04145710203249903f,-0.9987097655266135f,0.7671743972886642f,0.5441761399073014f,-0.838759489039297f,0.018837417607697637f,0.08397928105083825f,0f,0f,0f,1f],start_interpolation:0}
execute if entity @s[tag=aj.frestchika_v2.bone.body_0] run data modify entity @s {} merge value {transformation:[-0.8741785638320909f,-0.08615769790673436f,-0.4779002925588918f,0f,0.15354263228993056f,0.884604089762179f,-0.4403410773996741f,1.0596064814814814f,0.46069132681866465f,-0.45831479952914295f,-0.7600730530196554f,0f,0f,0f,0f,1f],start_interpolation:0}
execute if entity @s[tag=aj.frestchika_v2.bone.body_1] run data modify entity @s {} merge value {transformation:[-0.8965066921097765f,0.005893295128643027f,-0.44299099322098284f,0f,-0.030970565184797398f,0.9966316354704288f,0.07593554682539987f,1.0596064814814814f,0.44194634866069477f,0.08179640732981489f,-0.893304412086616f,0f,0f,0f,0f,1f],start_interpolation:0}