execute if entity @s[tag=aj.frestchika_v2.bone.hair] run data modify entity @s {} merge value {transformation:[-0.989342287903733f,0.14510561017148338f,-0.012091288689318934f,0.010663426028445416f,-0.0221890365093904f,-0.06817364321815911f,0.9974266895512409f,0.9767850971414112f,0.14390790118750224f,0.9870646971030441f,0.07066682183799877f,0.11305780374497393f,0f,0f,0f,1f],start_interpolation:0}
execute if entity @s[tag=aj.frestchika_v2.bone.side_hair_2] run data modify entity @s {} merge value {transformation:[-0.989342287903733f,0.1420256007015667f,0.032102431539777515f,0.5487567306916135f,-0.0221890365093904f,-0.3649503492598264f,0.9307625310646723f,0.9556676754068639f,0.14390790118750224f,0.9201304099531161f,0.36421222474721837f,0.422356393551331f,0f,0f,0f,1f],start_interpolation:0}
execute if entity @s[tag=aj.frestchika_v2.bone.side_hair_1] run data modify entity @s {} merge value {transformation:[-0.989342287903733f,0.14444008717828533f,-0.01840919828065029f,0.44811362428686174f,-0.0221890365093904f,-0.024601615875797567f,0.999451052906086f,0.9426279936622123f,0.14390790118750224f,0.9892076737026603f,0.027544405304508857f,0.8282379010397733f,0f,0f,0f,1f],start_interpolation:0}
execute if entity @s[tag=aj.frestchika_v2.bone.head] run data modify entity @s {} merge value {transformation:[-0.989342287903733f,0.12943296743264934f,-0.06670040709760093f,0.052478162848586356f,-0.0221890365093904f,0.31871443546403355f,0.947591027440439f,0.7670461294908186f,0.14390790118750224f,0.938971892853253f,-0.3124456759300519f,0.36818751851478676f,0f,0f,0f,1f],start_interpolation:0}
execute if entity @s[tag=aj.frestchika_v2.bone.group] run data modify entity @s {} merge value {transformation:[0.000006202721524582179f,-5.346586093774103e-7f,-0.000007825623672264312f,0.04021215936170111f,-0.000002155146923600591f,0.000009476613079946316f,-0.0000023556625969534237f,0.35386289007013527f,0.000007541988293956699f,0.000003147688787731255f,0.000005762852407394373f,0.3890711612154679f,0f,0f,0f,1f],start_interpolation:0}
execute if entity @s[tag=aj.frestchika_v2.bone.group2] run data modify entity @s {} merge value {transformation:[0.000006202721524582179f,-5.346586093774103e-7f,-0.000007825623672264312f,0.04021215936170111f,-0.000002155146923600591f,0.000009476613079946316f,-0.0000023556625969534237f,0.35386289007013527f,0.000007541988293956699f,0.000003147688787731255f,0.000005762852407394373f,0.3890711612154679f,0f,0f,0f,1f],start_interpolation:0}
execute if entity @s[tag=aj.frestchika_v2.bone.group3] run data modify entity @s {} merge value {transformation:[0.000006202721524582179f,-5.346586093774103e-7f,-0.000007825623672264312f,0.04021215936170111f,-0.000002155146923600591f,0.000009476613079946316f,-0.0000023556625969534237f,0.35386289007013527f,0.000007541988293956699f,0.000003147688787731255f,0.000005762852407394373f,0.3890711612154679f,0f,0f,0f,1f],start_interpolation:0}
execute if entity @s[tag=aj.frestchika_v2.locator_origin.muzzle] at @s on origin run tp @s ^0.04022 ^0.35386 ^0.38908 ~-126.36823 ~-13.625
execute if entity @s[tag=aj.frestchika_v2.bone.gun] run data modify entity @s {} merge value {transformation:[0.000006202721524582179f,-5.346586093774103e-7f,-0.000007825623672264312f,0.04020868160468694f,-0.000002155146923600591f,0.000009476613079946316f,-0.0000023556625969534237f,0.3538634616957334f,0.000007541988293956699f,0.000003147688787731255f,0.000005762852407394373f,0.3890748062748829f,0f,0f,0f,1f],start_interpolation:0}
execute if entity @s[tag=aj.frestchika_v2.bone.sword] run data modify entity @s {} merge value {transformation:[-1.050198466880813f,0.018741378738746785f,-0.06524303015772305f,0.32836688087250976f,0.0023327403709408915f,1.0208521819234977f,0.2556953129887125f,0.4981571279610669f,0.067841363367436f,0.25501822578985356f,-1.0187678666072284f,0.3594320786921251f,0f,0f,0f,1f],start_interpolation:0}
execute if entity @s[tag=aj.frestchika_v2.bone.arm_right_1] run data modify entity @s {} merge value {transformation:[0.6202721524582179f,-0.05346586093774102f,-0.7825623672264311f,-0.1927531728248745f,-0.21551469236005905f,0.9476613079946316f,-0.23556625969534237f,0.40943516835532545f,0.7541988293956698f,0.3147688787731255f,0.5762852407394372f,0.1822044011952693f,0f,0f,0f,1f],start_interpolation:0}
execute if entity @s[tag=aj.frestchika_v2.bone.arm_right_0] run data modify entity @s {} merge value {transformation:[0.05008029775496828f,0.12183402673102348f,-0.9912862521528674f,-0.20863459972758772f,-0.9387162902146606f,-0.33316962940583633f,-0.08837264580854494f,0.7601060686612326f,-0.34103326855660077f,0.9349622815772205f,0.09768235135130351f,0.30923390220120134f,0f,0f,0f,1f],start_interpolation:0}
execute if entity @s[tag=aj.frestchika_v2.bone.arm_left_1] run data modify entity @s {} merge value {transformation:[0.28404665287324277f,0.026375555294476792f,0.9584476141523934f,0.2758122512136559f,0.01881114410052378f,0.9992758634377297f,-0.03307400200170739f,0.3875118300323964f,-0.9586259123605708f,0.027424055748331802f,0.283344809935131f,0.21782080778761947f,0f,0f,0f,1f],start_interpolation:0}
execute if entity @s[tag=aj.frestchika_v2.bone.arm_left_0] run data modify entity @s {} merge value {transformation:[0.03331917764712448f,0.24797421753355994f,0.9681934826466959f,0.28647553510050394f,0.9979594811501878f,-0.06104827064906507f,-0.018707822781023495f,0.7603801747814374f,0.05446748005339545f,0.966841194865722f,-0.24950229964322126f,0.23862954892873633f,0f,0f,0f,1f],start_interpolation:0}
execute if entity @s[tag=aj.frestchika_v2.bone.right_wing_0] run data modify entity @s {} merge value {transformation:[-0.989342287903733f,0.13994176759623028f,-0.040226099083177716f,-0.21632255194262337f,-0.0221890365093904f,0.12813863697551645f,0.9915080112499552f,1.276117459258992f,0.14390790118750224f,0.981833382706098f,-0.12366779928384199f,-0.006314933364935313f,0f,0f,0f,1f],start_interpolation:0}
execute if entity @s[tag=aj.frestchika_v2.bone.right_wing_1] run data modify entity @s {} merge value {transformation:[-0.989342287903733f,0.13994176759623028f,-0.040226099083177716f,0.31262811548406155f,-0.0221890365093904f,0.12813863697551645f,0.9915080112499552f,0.7963935023202092f,0.14390790118750224f,0.981833382706098f,-0.12366779928384199f,0.7766069922239842f,0f,0f,0f,1f],start_interpolation:0}
execute if entity @s[tag=aj.frestchika_v2.bone.right_wing_2] run data modify entity @s {} merge value {transformation:[-0.989342287903733f,0.13994176759623028f,-0.040226099083177716f,0.3161875966410305f,-0.0221890365093904f,0.12813863697551645f,0.9915080112499552f,0.794129584355102f,0.14390790118750224f,0.981833382706098f,-0.12366779928384199f,0.7572981919158227f,0f,0f,0f,1f],start_interpolation:0}
execute if entity @s[tag=aj.frestchika_v2.bone.left_wing_0] run data modify entity @s {} merge value {transformation:[-0.989342287903733f,0.13994176759623028f,-0.040226099083177716f,-0.21632255194262337f,-0.0221890365093904f,0.12813863697551645f,0.9915080112499552f,1.276117459258992f,0.14390790118750224f,0.981833382706098f,-0.12366779928384199f,-0.006314933364935313f,0f,0f,0f,1f],start_interpolation:0}
execute if entity @s[tag=aj.frestchika_v2.bone.left_wing_1] run data modify entity @s {} merge value {transformation:[-0.989342287903733f,0.13994176759623028f,-0.040226099083177716f,0.31262811548406155f,-0.0221890365093904f,0.12813863697551645f,0.9915080112499552f,0.7963935023202092f,0.14390790118750224f,0.981833382706098f,-0.12366779928384199f,0.7766069922239842f,0f,0f,0f,1f],start_interpolation:0}
execute if entity @s[tag=aj.frestchika_v2.bone.left_wing_2] run data modify entity @s {} merge value {transformation:[-0.989342287903733f,0.13994176759623028f,-0.040226099083177716f,0.3161875966410305f,-0.0221890365093904f,0.12813863697551645f,0.9915080112499552f,0.794129584355102f,0.14390790118750224f,0.981833382706098f,-0.12366779928384199f,0.7572981919158227f,0f,0f,0f,1f],start_interpolation:0}
execute if entity @s[tag=aj.frestchika_v2.bone.leg_right_1] run data modify entity @s {} merge value {transformation:[-0.9872593619679528f,-0.01757990865646831f,-0.15814518335460329f,-0.0890058505192885f,-0.02100491006223487f,0.999579070245067f,0.0200118984927547f,0.4501869070143975f,0.15772680799378497f,0.023078759490863576f,-0.9872130595268956f,0.2013318984772947f,0f,0f,0f,1f],start_interpolation:0}
execute if entity @s[tag=aj.frestchika_v2.bone.leg_right_0] run data modify entity @s {} merge value {transformation:[-0.9872593619679528f,-0.15426755403939807f,-0.038993255536467666f,-0.14302679055475606f,-0.02100491006223487f,0.3692638341395964f,-0.9290871942663949f,0.45081796723645823f,0.15772680799378497f,-0.916430980798459f,-0.36779955338861636f,-0.13671731526966385f,0f,0f,0f,1f],start_interpolation:0}
execute if entity @s[tag=aj.frestchika_v2.bone.leg_left_1] run data modify entity @s {} merge value {transformation:[-0.9870587930687343f,0.15727487457959882f,-0.03129780905534812f,0.07936644282298078f,-0.019147671294963198f,0.07818395682422519f,0.9967550529489617f,0.15405834771968502f,0.15921151249100554f,0.9844551197090088f,-0.0741607144588512f,-0.36394210884737094f,0f,0f,0f,1f],start_interpolation:0}
execute if entity @s[tag=aj.frestchika_v2.bone.leg_left_0] run data modify entity @s {} merge value {transformation:[-0.9870587930687343f,0.06704395117824252f,-0.14567102538289142f,0.09722324923981764f,-0.019147671294963198f,0.8526320751996914f,0.5221608095449596f,0.47830722435025325f,0.15921151249100554f,0.5181926793684727f,-0.8403142515388212f,-0.214239814556971f,0f,0f,0f,1f],start_interpolation:0}
execute if entity @s[tag=aj.frestchika_v2.bone.body_0] run data modify entity @s {} merge value {transformation:[-0.9871848073240628f,0.08375952536220867f,-0.1358326105898384f,0f,-0.02030845897216739f,0.7783215156680565f,0.6275373970867033f,0.718994140625f,0.1582836778784501f,0.6222539354309271f,-0.7666461485965962f,0f,0f,0f,0f,1f],start_interpolation:0}
execute if entity @s[tag=aj.frestchika_v2.bone.body_1] run data modify entity @s {} merge value {transformation:[-0.989342287903733f,0.13994176759623028f,-0.040226099083177716f,0f,-0.0221890365093904f,0.12813863697551645f,0.9915080112499552f,0.718994140625f,0.14390790118750224f,0.981833382706098f,-0.12366779928384199f,0f,0f,0f,0f,1f],start_interpolation:0}