execute if entity @s[tag=aj.frestchika_v2.bone.hair] run data modify entity @s {} merge value {transformation:[-1f,8.095096849001225e-17f,-9.189417025659255e-17f,-1.2534841227384875e-17f,0f,-0.7503728448118501f,-0.6610148211416831f,1.5304360527744756f,-1.2246467991473532e-16f,-0.6610148211416831f,0.7503728448118501f,0.1023547461693618f,0f,0f,0f,1f],start_interpolation:0}
execute if entity @s[tag=aj.frestchika_v2.bone.side_hair_2] run data modify entity @s {} merge value {transformation:[-1f,1.0483742076520074e-16f,-6.329860214822152e-17f,0.48737937499999995f,0f,-0.5168723112026464f,-0.8560625058440738f,1.2454551108233658f,-1.2246467991473532e-16f,-0.8560625058440738f,0.5168723112026464f,-0.1563017349586247f,0f,0f,0f,1f],start_interpolation:0}
execute if entity @s[tag=aj.frestchika_v2.bone.side_hair_1] run data modify entity @s {} merge value {transformation:[-1f,7.68655536962373e-17f,-9.533773902075421e-17f,0.32911f,0f,-0.7784917176702056f,-0.6276548777145711f,0.9439569459454603f,-1.2246467991473532e-16f,-0.6276548777145711f,0.7784917176702056f,-0.3993830542743123f,0f,0f,0f,1f],start_interpolation:0}
execute if entity @s[tag=aj.frestchika_v2.bone.head] run data modify entity @s {} merge value {transformation:[-1f,3.9622566436753646e-17f,-1.1587773753220945e-16f,2.711354210009578e-17f,0f,-0.9462135336726316f,-0.3235428081332545f,1.4528881818765158f,-1.2246467991473532e-16f,-0.3235428081332545f,0.9462135336726316f,-0.2213988728748018f,0f,0f,0f,1f],start_interpolation:0}
execute if entity @s[tag=aj.frestchika_v2.bone.group] run data modify entity @s {} merge value {transformation:[0.0000049081248152934745f,4.2443621133674327e-7f,-0.000008702308009948083f,-0.06812653142631797f,-0.000006761620986358029f,0.000006484547582723404f,-0.0000034973024296218376f,1.1468563333765325f,0.000005494614857689587f,0.0000076006905311229625f,0.000003469684570066085f,-0.3348629514328416f,0f,0f,0f,1f],start_interpolation:0}
execute if entity @s[tag=aj.frestchika_v2.bone.group2] run data modify entity @s {} merge value {transformation:[0.0000049081248152934745f,4.2443621133674327e-7f,-0.000008702308009948083f,-0.06812653142631797f,-0.000006761620986358029f,0.000006484547582723404f,-0.0000034973024296218376f,1.1468563333765325f,0.000005494614857689587f,0.0000076006905311229625f,0.000003469684570066085f,-0.3348629514328416f,0f,0f,0f,1f],start_interpolation:0}
execute if entity @s[tag=aj.frestchika_v2.bone.group3] run data modify entity @s {} merge value {transformation:[0.0000049081248152934745f,4.2443621133674327e-7f,-0.000008702308009948083f,-0.06812653142631797f,-0.000006761620986358029f,0.000006484547582723404f,-0.0000034973024296218376f,1.1468563333765325f,0.000005494614857689587f,0.0000076006905311229625f,0.000003469684570066085f,-0.3348629514328416f,0f,0f,0f,1f],start_interpolation:0}
execute if entity @s[tag=aj.frestchika_v2.locator_origin.muzzle] at @s on origin run tp @s ^-0.06812 ^1.14685 ^-0.33485 ~-111.73759 ~-20.47082
execute if entity @s[tag=aj.frestchika_v2.bone.gun] run data modify entity @s {} merge value {transformation:[0.0000049081248152934745f,4.2443621133674327e-7f,-0.000008702308009948083f,-0.0681303009830573f,-0.000006761620986358029f,0.000006484547582723404f,-0.0000034973024296218376f,1.1468555929177067f,0.000005494614857689587f,0.0000076006905311229625f,0.000003469684570066085f,-0.33485964232865334f,0f,0f,0f,1f],start_interpolation:0}
execute if entity @s[tag=aj.frestchika_v2.bone.sword] run data modify entity @s {} merge value {transformation:[-1.0514311211036111f,0.044667242444867576f,-0.004706073434937441f,0.2379002357567871f,0.02540712406371073f,0.6824273030582282f,0.8007322687312438f,1.2617093031996607f,0.03703765275520052f,0.7998890708048494f,-0.6828838838231143f,-0.2751962241233955f,0f,0f,0f,1f],start_interpolation:0}
execute if entity @s[tag=aj.frestchika_v2.bone.arm_right_1] run data modify entity @s {} merge value {transformation:[0.49081248152934737f,0.04244362113367432f,-0.8702308009948082f,-0.26501950901916294f,-0.6761620986358029f,0.6484547582723403f,-0.34973024296218375f,1.3406696623879557f,0.5494614857689587f,0.7600690531122962f,0.34696845700660844f,-0.4892149173678303f,0f,0f,0f,1f],start_interpolation:0}
execute if entity @s[tag=aj.frestchika_v2.bone.arm_right_0] run data modify entity @s {} merge value {transformation:[-0.0400520240511012f,-0.017276756742433515f,-0.9990482215818579f,-0.24999999999999997f,-0.5065544831135901f,-0.8614888908648428f,0.035205774440946386f,1.530627593555552f,-0.8612771859319939f,0.5074824180135958f,0.025752755195132503f,-0.16623597264333254f,0f,0f,0f,1f],start_interpolation:0}
execute if entity @s[tag=aj.frestchika_v2.bone.arm_left_1] run data modify entity @s {} merge value {transformation:[0.4926121840875095f,-0.04327772870965392f,0.8691721775840889f,0.2652469275552298f,0.6129155900801084f,0.7262786810801638f,-0.3112133622536311f,1.3122886742999895f,-0.6177926153049146f,0.6860366722021434f,0.38429932197249966f,-0.47047436997725767f,0f,0f,0f,1f],start_interpolation:0}
execute if entity @s[tag=aj.frestchika_v2.bone.arm_left_0] run data modify entity @s {} merge value {transformation:[-0.04140538257370806f,0.013720249562312088f,0.9990482215818577f,0.25f,0.5797105945245445f,-0.8140615333265737f,0.03520577444094623f,1.5298161393532719f,0.813769759139478f,0.5806165470514388f,0.025752755195133047f,-0.16512665935245638f,0f,0f,0f,1f],start_interpolation:0}
execute if entity @s[tag=aj.frestchika_v2.bone.right_wing_0] run data modify entity @s {} merge value {transformation:[-1f,7.230277893358874e-17f,-9.884283476863245e-17f,-0.20074625000000004f,0f,-0.807112996477439f,-0.5903969943328048f,1.3956448852015555f,-1.2246467991473532e-16f,-0.5903969943328048f,0.807112996477439f,0.43288216584238826f,0f,0f,0f,1f],start_interpolation:0}
execute if entity @s[tag=aj.frestchika_v2.bone.right_wing_1] run data modify entity @s {} merge value {transformation:[-1f,7.230277893358874e-17f,-9.884283476863245e-17f,0.19925375000000006f,0f,-0.807112996477439f,-0.5903969943328048f,1.115636072088659f,-1.2246467991473532e-16f,-0.5903969943328048f,0.807112996477439f,-0.507588827638595f,0f,0f,0f,1f],start_interpolation:0}
execute if entity @s[tag=aj.frestchika_v2.bone.right_wing_2] run data modify entity @s {} merge value {transformation:[-1f,7.230277893358874e-17f,-9.884283476863245e-17f,0.20550375000000007f,0f,-0.807112996477439f,-0.5903969943328048f,1.1307694407726112f,-1.2246467991473532e-16f,-0.5903969943328048f,0.807112996477439f,-0.4965188839948548f,0f,0f,0f,1f],start_interpolation:0}
execute if entity @s[tag=aj.frestchika_v2.bone.left_wing_0] run data modify entity @s {} merge value {transformation:[-1f,7.230277893358874e-17f,-9.884283476863245e-17f,-0.20074625000000004f,0f,-0.807112996477439f,-0.5903969943328048f,1.3956448852015555f,-1.2246467991473532e-16f,-0.5903969943328048f,0.807112996477439f,0.43288216584238826f,0f,0f,0f,1f],start_interpolation:0}
execute if entity @s[tag=aj.frestchika_v2.bone.left_wing_1] run data modify entity @s {} merge value {transformation:[-1f,7.230277893358874e-17f,-9.884283476863245e-17f,0.19925375000000006f,0f,-0.807112996477439f,-0.5903969943328048f,1.115636072088659f,-1.2246467991473532e-16f,-0.5903969943328048f,0.807112996477439f,-0.507588827638595f,0f,0f,0f,1f],start_interpolation:0}
execute if entity @s[tag=aj.frestchika_v2.bone.left_wing_2] run data modify entity @s {} merge value {transformation:[-1f,7.230277893358874e-17f,-9.884283476863245e-17f,0.20550375000000007f,0f,-0.807112996477439f,-0.5903969943328048f,1.1307694407726112f,-1.2246467991473532e-16f,-0.5903969943328048f,0.807112996477439f,-0.4965188839948548f,0f,0f,0f,1f],start_interpolation:0}
execute if entity @s[tag=aj.frestchika_v2.bone.leg_right_1] run data modify entity @s {} merge value {transformation:[-1f,-5.815008775747026e-17f,-1.0777831470391938e-16f,-0.12499999999999997f,0f,-0.8800767272568618f,0.4748315007882813f,1.8259660899148022f,-1.2246467991473532e-16f,0.4748315007882813f,0.8800767272568618f,-0.21287763835134704f,0f,0f,0f,1f],start_interpolation:0}
execute if entity @s[tag=aj.frestchika_v2.bone.leg_right_0] run data modify entity @s {} merge value {transformation:[-1f,-1.1344598600772196e-16f,4.6125980589623576e-17f,-0.125f,0f,0.3766472147049931f,0.9263567755756802f,2.061816986548979f,-1.2246467991473532e-16f,0.9263567755756802f,-0.3766472147049931f,0.03531768202527684f,0f,0f,0f,1f],start_interpolation:0}
execute if entity @s[tag=aj.frestchika_v2.bone.leg_left_1] run data modify entity @s {} merge value {transformation:[-1f,1.1416967422541002e-17f,-1.219313359292484e-16f,0.12500000000000003f,0f,-0.9956449158577129f,-0.09322661383257563f,2.1349599938399306f,-1.2246467991473532e-16f,-0.09322661383257563f,0.9956449158577129f,-0.3297517847432272f,0f,0f,0f,1f],start_interpolation:0}
execute if entity @s[tag=aj.frestchika_v2.bone.leg_left_0] run data modify entity @s {} merge value {transformation:[-1f,-1.116365265852157e-16f,-5.034762912597778e-17f,0.125f,0f,-0.4111195910611269f,0.9115814181112579f,2.0680555392330344f,-1.2246467991473532e-16f,0.9115814181112579f,0.4111195910611269f,-0.00010100284847356709f,0f,0f,0f,1f],start_interpolation:0}
execute if entity @s[tag=aj.frestchika_v2.bone.body_0] run data modify entity @s {} merge value {transformation:[-1f,-3.9581700828138323e-20f,-1.2246467351815192e-16f,0f,0f,-0.9999999477679328f,0.0003232091151154637f,1.7555555555555555f,-1.2246467991473532e-16f,0.0003232091151154637f,0.9999999477679328f,0f,0f,0f,0f,1f],start_interpolation:0}
execute if entity @s[tag=aj.frestchika_v2.bone.body_1] run data modify entity @s {} merge value {transformation:[-1f,7.230277893358874e-17f,-9.884283476863245e-17f,0f,0f,-0.807112996477439f,-0.5903969943328048f,1.7555555555555555f,-1.2246467991473532e-16f,-0.5903969943328048f,0.807112996477439f,0f,0f,0f,0f,1f],start_interpolation:0}