execute if entity @s[tag=aj.frestchika_v2.bone.hair] run data modify entity @s {} merge value {transformation:[-0.9945218953682733f,0f,0.10452846326765375f,0.029398630294027617f,0f,1f,0f,1.6007916666666666f,-0.10452846326765375f,0f,-0.9945218953682733f,-0.27970928307232684f,0f,0f,0f,1f],start_interpolation:0}
execute if entity @s[tag=aj.frestchika_v2.bone.side_hair_2] run data modify entity @s {} merge value {transformation:[-0.9945218953682733f,0f,0.10452846326765375f,0.4843174780511508f,0f,1f,0f,1.9307747916666664f,-0.10452846326765375f,0f,-0.9945218953682733f,0.054674474204730567f,0f,0f,0f,1f],start_interpolation:0}
execute if entity @s[tag=aj.frestchika_v2.bone.side_hair_1] run data modify entity @s {} merge value {transformation:[-0.9945218953682733f,0f,0.10452846326765375f,0.32691511924739874f,0f,1f,0f,2.3180597916666663f,-0.10452846326765375f,0f,-0.9945218953682733f,0.038130819653648555f,0f,0f,0f,1f],start_interpolation:0}
execute if entity @s[tag=aj.frestchika_v2.bone.head] run data modify entity @s {} merge value {transformation:[-0.9945218953682733f,0f,0.10452846326765375f,0f,0f,1f,0f,1.7789166666666667f,-0.10452846326765375f,0f,-0.9945218953682733f,0f,0f,0f,0f,1f],start_interpolation:0}
execute if entity @s[tag=aj.frestchika_v2.bone.group] run data modify entity @s {} merge value {transformation:[-0.000006350260584187037f,-0.000006671778880557334f,0.000003893784416460371f,-0.46560378035422156f,-0.000007270168308514417f,0.0000034577937824390717f,-0.0000059319739483580265f,1.1900876275508026f,0.000002611291496327657f,-0.0000065978048415419815f,-0.000007046284694371357f,-0.17130231862361567f,0f,0f,0f,1f],start_interpolation:0}
execute if entity @s[tag=aj.frestchika_v2.bone.group2] run data modify entity @s {} merge value {transformation:[-0.000006350260584187037f,-0.000006671778880557334f,0.000003893784416460371f,-0.46560378035422156f,-0.000007270168308514417f,0.0000034577937824390717f,-0.0000059319739483580265f,1.1900876275508026f,0.000002611291496327657f,-0.0000065978048415419815f,-0.000007046284694371357f,-0.17130231862361567f,0f,0f,0f,1f],start_interpolation:0}
execute if entity @s[tag=aj.frestchika_v2.bone.group3] run data modify entity @s {} merge value {transformation:[-0.000006350260584187037f,-0.000006671778880557334f,0.000003893784416460371f,-0.46560378035422156f,-0.000007270168308514417f,0.0000034577937824390717f,-0.0000059319739483580265f,1.1900876275508026f,0.000002611291496327657f,-0.0000065978048415419815f,-0.000007046284694371357f,-0.17130231862361567f,0f,0f,0f,1f],start_interpolation:0}
execute if entity @s[tag=aj.frestchika_v2.locator_origin.muzzle] at @s on origin run tp @s ^-0.46561 ^1.19008 ^-0.1713 ~28.92509 ~-36.38423
execute if entity @s[tag=aj.frestchika_v2.bone.gun] run data modify entity @s {} merge value {transformation:[-0.000006350260584187037f,-0.000006671778880557334f,0.000003893784416460371f,-0.4656035037697813f,-0.000007270168308514417f,0.0000034577937824390717f,-0.0000059319739483580265f,1.190085154485209f,0.000002611291496327657f,-0.0000065978048415419815f,-0.000007046284694371357f,-0.17130673625368506f,0f,0f,0f,1f],start_interpolation:0}
execute if entity @s[tag=aj.frestchika_v2.bone.sword] run data modify entity @s {} merge value {transformation:[-0.7021313376109732f,-0.18985199943892445f,0.7605869543672621f,-0.2826084954768669f,0.3638947598701054f,0.825453239172527f,0.5419707240974013f,1.1894890899323107f,-0.6943463837190366f,0.6245861672728795f,-0.48507724247553685f,0.036453839315054026f,0f,0f,0f,1f],start_interpolation:0}
execute if entity @s[tag=aj.frestchika_v2.bone.arm_right_1] run data modify entity @s {} merge value {transformation:[-0.6350260584187036f,-0.6671778880557333f,0.3893784416460371f,-0.24769193935360628f,-0.7270168308514416f,0.34577937824390714f,-0.5931973948358026f,1.3876171573700824f,0.2611291496327657f,-0.6597804841541981f,-0.7046284694371356f,-0.28814193055792214f,0f,0f,0f,1f],start_interpolation:0}
execute if entity @s[tag=aj.frestchika_v2.bone.arm_right_0] run data modify entity @s {} merge value {transformation:[-0.26676146805682527f,-0.6671778880557333f,0.6954940580980247f,-0.16069690242163479f,-0.9378969249684326f,0.34577937824390714f,-0.02803532978252774f,1.739854166666667f,-0.22178295086621397f,-0.6597804841541981f,-0.7179847041785266f,-0.19151111077974453f,0f,0f,0f,1f],start_interpolation:0}
execute if entity @s[tag=aj.frestchika_v2.bone.arm_left_1] run data modify entity @s {} merge value {transformation:[0.1116097760136878f,0.6208851530148454f,0.7759155138698455f,0.27250345818106164f,0.9051191963004178f,0.25881904510252085f,-0.3373009670616211f,1.3963851745016234f,-0.4102468749261351f,0.739942111693848f,-0.5330883350396899f,0.23095068290825474f,0f,0f,0f,1f],start_interpolation:0}
execute if entity @s[tag=aj.frestchika_v2.bone.arm_left_0] run data modify entity @s {} merge value {transformation:[-0.2565857675151733f,0.6208851530148454f,0.7407194952709031f,0.16069690242163479f,0.959024451490001f,0.25881904510252085f,0.11525972122351252f,1.7773541666666668f,-0.12014926280652735f,0.739942111693848f,-0.661853326643522f,0.19151111077974453f,0f,0f,0f,1f],start_interpolation:0}
execute if entity @s[tag=aj.frestchika_v2.bone.right_wing_0] run data modify entity @s {} merge value {transformation:[-0.6427876096865391f,0f,0.7660444431189781f,0.2987057375794122f,0f,1f,0f,1.4329995833333333f,-0.7660444431189781f,0f,-0.6427876096865391f,-0.5181386893284264f,0f,0f,0f,1f],start_interpolation:0}
execute if entity @s[tag=aj.frestchika_v2.bone.right_wing_1] run data modify entity @s {} merge value {transformation:[-0.6427876096865391f,0f,0.7660444431189781f,0.09991058066932368f,0f,1f,0f,2.2159162500000003f,-0.7660444431189781f,0f,-0.6427876096865391f,0.16865749043201583f,0f,0f,0f,1f],start_interpolation:0}
execute if entity @s[tag=aj.frestchika_v2.bone.right_wing_2] run data modify entity @s {} merge value {transformation:[-0.6427876096865391f,0f,0.7660444431189781f,0.10499931591267546f,0f,1f,0f,2.2038329166666664f,-0.7660444431189781f,0f,-0.6427876096865391f,0.17472200894004106f,0f,0f,0f,1f],start_interpolation:0}
execute if entity @s[tag=aj.frestchika_v2.bone.left_wing_0] run data modify entity @s {} merge value {transformation:[-0.6427876096865391f,0f,0.7660444431189781f,0.3040623009934667f,0f,1f,0f,1.4329995833333333f,-0.7660444431189781f,0f,-0.6427876096865391f,-0.5117549856357683f,0f,0f,0f,1f],start_interpolation:0}
execute if entity @s[tag=aj.frestchika_v2.bone.left_wing_1] run data modify entity @s {} merge value {transformation:[-0.6427876096865391f,0f,0.7660444431189781f,0.10740976944899998f,0f,1f,0f,2.2159162500000003f,-0.7660444431189781f,0f,-0.6427876096865391f,0.17759467560173725f,0f,0f,0f,1f],start_interpolation:0}
execute if entity @s[tag=aj.frestchika_v2.bone.left_wing_2] run data modify entity @s {} merge value {transformation:[-0.6427876096865391f,0f,0.7660444431189781f,0.11035587932672995f,0f,1f,0f,2.2038329166666664f,-0.7660444431189781f,0f,-0.6427876096865391f,0.18110571263269923f,0f,0f,0f,1f],start_interpolation:0}
execute if entity @s[tag=aj.frestchika_v2.bone.leg_right_1] run data modify entity @s {} merge value {transformation:[-0.4617486132350337f,-0.2965572390082645f,0.8359677159838879f,-0.36169320507007485f,0f,0.9424549111633249f,0.33433327747044433f,0.822213159483353f,-0.8870108331782217f,0.15437792723030147f,-0.4351772482662123f,0.047362821609643946f,0f,0f,0f,1f],start_interpolation:0}
execute if entity @s[tag=aj.frestchika_v2.bone.leg_right_0] run data modify entity @s {} merge value {transformation:[-0.4617486132350337f,0.5633158461705663f,0.6851740476905573f,-0.13236280958510704f,0f,0.7724528518276725f,-0.6350721153564339f,1.03848083572354f,-0.8870108331782217f,-0.2932436685700728f,-0.35667903312087484f,-0.07201902596983123f,0f,0f,0f,1f],start_interpolation:0}
execute if entity @s[tag=aj.frestchika_v2.bone.leg_left_1] run data modify entity @s {} merge value {transformation:[-0.4617486132350337f,0.01597579598815871f,0.8868669528841786f,-0.08033348511360511f,0f,0.9998377919539859f,-0.018010823983869828f,0.6703573273290051f,-0.8870108331782217f,-0.008316472997772162f,-0.4616737138947313f,0.18274170876442475f,0f,0f,0f,1f],start_interpolation:0}
execute if entity @s[tag=aj.frestchika_v2.bone.leg_left_0] run data modify entity @s {} merge value {transformation:[-0.4617486132350337f,0.16908754356601732f,0.8707454397160707f,-0.016925656276348608f,0f,0.9816626890520931f,-0.19062624405630405f,1.03848083572354f,-0.8870108331782217f,-0.08802140383920148f,-0.4532813853343782f,0.1497336823247242f,0f,0f,0f,1f],start_interpolation:0}
execute if entity @s[tag=aj.frestchika_v2.bone.body_0] run data modify entity @s {} merge value {transformation:[-0.4617486132350337f,0.19905128781527417f,0.8643881090081029f,0f,0f,0.9744955491816711f,-0.22440682838343642f,1.4039166666666667f,-0.8870108331782217f,-0.10361954180652397f,-0.4499719684383493f,0f,0f,0f,0f,1f],start_interpolation:0}
execute if entity @s[tag=aj.frestchika_v2.bone.body_1] run data modify entity @s {} merge value {transformation:[-0.6427876096865391f,0f,0.7660444431189781f,0f,0f,1f,0f,1.4039166666666667f,-0.7660444431189781f,0f,-0.6427876096865391f,0f,0f,0f,0f,1f],start_interpolation:0}