execute if entity @s[tag=aj.frestchika_v2.bone.hair] run data modify entity @s {} merge value {transformation:[-0.9945218953682733f,0f,0.10452846326765375f,0.029398630294027617f,0f,1f,0f,1.5941805555555555f,-0.10452846326765375f,0f,-0.9945218953682733f,-0.27970928307232684f,0f,0f,0f,1f],start_interpolation:0}
execute if entity @s[tag=aj.frestchika_v2.bone.side_hair_2] run data modify entity @s {} merge value {transformation:[-0.9945218953682733f,0f,0.10452846326765375f,0.4843174780511508f,0f,1f,0f,1.9241636805555555f,-0.10452846326765375f,0f,-0.9945218953682733f,0.054674474204730567f,0f,0f,0f,1f],start_interpolation:0}
execute if entity @s[tag=aj.frestchika_v2.bone.side_hair_1] run data modify entity @s {} merge value {transformation:[-0.9945218953682733f,0f,0.10452846326765375f,0.32691511924739874f,0f,1f,0f,2.3114486805555554f,-0.10452846326765375f,0f,-0.9945218953682733f,0.038130819653648555f,0f,0f,0f,1f],start_interpolation:0}
execute if entity @s[tag=aj.frestchika_v2.bone.head] run data modify entity @s {} merge value {transformation:[-0.9945218953682733f,0f,0.10452846326765375f,0f,0f,1f,0f,1.7723055555555556f,-0.10452846326765375f,0f,-0.9945218953682733f,0f,0f,0f,0f,1f],start_interpolation:0}
execute if entity @s[tag=aj.frestchika_v2.bone.group] run data modify entity @s {} merge value {transformation:[-0.0000063594033458557415f,-0.000006671286874491127f,0.000003879680466605622f,-0.46642348410571277f,-0.000007257179781951303f,0.0000034595183737190252f,-0.000005946854146045433f,1.1839665762301432f,0.0000026251344150645076f,-0.000006597398279635913f,-0.000007041520094603227f,-0.17038166369537672f,0f,0f,0f,1f],start_interpolation:0}
execute if entity @s[tag=aj.frestchika_v2.bone.group2] run data modify entity @s {} merge value {transformation:[-0.0000063594033458557415f,-0.000006671286874491127f,0.000003879680466605622f,-0.46642348410571277f,-0.000007257179781951303f,0.0000034595183737190252f,-0.000005946854146045433f,1.1839665762301432f,0.0000026251344150645076f,-0.000006597398279635913f,-0.000007041520094603227f,-0.17038166369537672f,0f,0f,0f,1f],start_interpolation:0}
execute if entity @s[tag=aj.frestchika_v2.bone.group3] run data modify entity @s {} merge value {transformation:[-0.0000063594033458557415f,-0.000006671286874491127f,0.000003879680466605622f,-0.46642348410571277f,-0.000007257179781951303f,0.0000034595183737190252f,-0.000005946854146045433f,1.1839665762301432f,0.0000026251344150645076f,-0.000006597398279635913f,-0.000007041520094603227f,-0.17038166369537672f,0f,0f,0f,1f],start_interpolation:0}
execute if entity @s[tag=aj.frestchika_v2.locator_origin.muzzle] at @s on origin run tp @s ^-0.46643 ^1.18396 ^-0.17038 ~28.85353 ~-36.49021
execute if entity @s[tag=aj.frestchika_v2.bone.gun] run data modify entity @s {} merge value {transformation:[-0.0000063594033458557415f,-0.000006671286874491127f,0.000003879680466605622f,-0.46642321446881485f,-0.000007257179781951303f,0.0000034595183737190252f,-0.000005946854146045433f,1.183964097121655f,0.0000026251344150645076f,-0.000006597398279635913f,-0.000007041520094603227f,-0.1703860783669228f,0f,0f,0f,1f],start_interpolation:0}
execute if entity @s[tag=aj.frestchika_v2.bone.sword] run data modify entity @s {} merge value {transformation:[-0.7020795593845718f,-0.18814707949142506f,0.7610582637835377f,-0.28327924240037095f,0.36407625413181643f,0.8265357034794598f,0.5401961904262749f,1.1833546780113882f,-0.6943035975506039f,0.6236698801870764f,-0.48631585114586484f,0.03724315660992225f,0f,0f,0f,1f],start_interpolation:0}
execute if entity @s[tag=aj.frestchika_v2.bone.arm_right_1] run data modify entity @s {} merge value {transformation:[-0.6359403345855741f,-0.6671286874491127f,0.38796804666056217f,-0.24829646050102253f,-0.7257179781951302f,0.3459518373719025f,-0.5946854146045433f,1.381015810962708f,0.26251344150645073f,-0.6597398279635913f,-0.7041520094603226f,-0.28763003758828865f,0f,0f,0f,1f],start_interpolation:0}
execute if entity @s[tag=aj.frestchika_v2.bone.arm_right_0] run data modify entity @s {} merge value {transformation:[-0.268345406174585f,-0.6671286874491127f,0.6949316925910208f,-0.16069690242163479f,-0.9377723249158135f,0.3459518373719025f,-0.030006546635605407f,1.7332430555555556f,-0.22039466782793776f,-0.6597398279635913f,-0.7184494065635966f,-0.19151111077974453f,0f,0f,0f,1f],start_interpolation:0}
execute if entity @s[tag=aj.frestchika_v2.bone.arm_left_1] run data modify entity @s {} merge value {transformation:[0.1448365916096542f,0.6208851530148454f,0.7704050807832398f,0.26363277541577773f,0.8897948302973195f,0.25881904510252085f,-0.37586947450994657f,1.3913317650326227f,-0.4327672835451663f,0.739942111693848f,-0.5149739310246553f,0.23784921225782615f,0f,0f,0f,1f],start_interpolation:0}
execute if entity @s[tag=aj.frestchika_v2.bone.arm_left_0] run data modify entity @s {} merge value {transformation:[-0.23448492982078611f,0.6208851530148454f,0.7480096553204865f,0.16069690242163479f,0.9620232397486463f,0.25881904510252085f,0.08674092503390549f,1.7707430555555557f,-0.13974299220518843f,0.739942111693848f,-0.6579951120423232f,0.19151111077974453f,0f,0f,0f,1f],start_interpolation:0}
execute if entity @s[tag=aj.frestchika_v2.bone.right_wing_0] run data modify entity @s {} merge value {transformation:[-0.6427876096865391f,0f,0.7660444431189781f,0.296027455872385f,0f,1f,0f,1.4205551388888888f,-0.7660444431189781f,0f,-0.6427876096865391f,-0.5213305411747555f,0f,0f,0f,1f],start_interpolation:0}
execute if entity @s[tag=aj.frestchika_v2.bone.right_wing_1] run data modify entity @s {} merge value {transformation:[-0.6427876096865391f,0f,0.7660444431189781f,0.09616098627948555f,0f,1f,0f,2.2051384722222225f,-0.7660444431189781f,0f,-0.6427876096865391f,0.16418889784715512f,0f,0f,0f,1f],start_interpolation:0}
execute if entity @s[tag=aj.frestchika_v2.bone.right_wing_2] run data modify entity @s {} merge value {transformation:[-0.6427876096865391f,0f,0.7660444431189781f,0.10232103420564821f,0f,1f,0f,2.1997218055555554f,-0.7660444431189781f,0f,-0.6427876096865391f,0.171530157093712f,0f,0f,0f,1f],start_interpolation:0}
execute if entity @s[tag=aj.frestchika_v2.bone.left_wing_0] run data modify entity @s {} merge value {transformation:[-0.6427876096865391f,0f,0.7660444431189781f,0.306740582700494f,0f,1f,0f,1.4205551388888888f,-0.7660444431189781f,0f,-0.6427876096865391f,-0.5085631337894392f,0f,0f,0f,1f],start_interpolation:0}
execute if entity @s[tag=aj.frestchika_v2.bone.left_wing_1] run data modify entity @s {} merge value {transformation:[-0.6427876096865391f,0f,0.7660444431189781f,0.11115936383883811f,0f,1f,0f,2.2051384722222225f,-0.7660444431189781f,0f,-0.6427876096865391f,0.18206326818659793f,0f,0f,0f,1f],start_interpolation:0}
execute if entity @s[tag=aj.frestchika_v2.bone.left_wing_2] run data modify entity @s {} merge value {transformation:[-0.6427876096865391f,0f,0.7660444431189781f,0.1130341610337572f,0f,1f,0f,2.1997218055555554f,-0.7660444431189781f,0f,-0.6427876096865391f,0.18429756447902831f,0f,0f,0f,1f],start_interpolation:0}
execute if entity @s[tag=aj.frestchika_v2.bone.leg_right_1] run data modify entity @s {} merge value {transformation:[-0.4617486132350337f,-0.29787972909679655f,0.8354973878886409f,-0.36021067609520635f,-3.469446951953614e-18f,0.9419246717596398f,0.3358242289211651f,0.8142773509326094f,-0.8870108331782217f,0.15506637199507248f,-0.43493241095687796f,0.04659106587383913f,0f,0f,0f,1f],start_interpolation:0}
execute if entity @s[tag=aj.frestchika_v2.bone.leg_right_0] run data modify entity @s {} merge value {transformation:[-0.4617486132350337f,0.5607821157481417f,0.6872493265420934f,-0.13184977811165285f,-3.469446951953614e-18f,0.7747924837396079f,-0.6322156334199667f,1.0317370165174657f,-0.8870108331782217f,-0.291924691997178f,-0.3577593549116913f,-0.07228609325080748f,0f,0f,0f,1f],start_interpolation:0}
execute if entity @s[tag=aj.frestchika_v2.bone.leg_left_1] run data modify entity @s {} merge value {transformation:[-0.4617486132350337f,0.017379181917549558f,0.8868405618888887f,-0.07964820791189477f,-3.469446951953614e-18f,0.9998080392223363f,-0.01959297594515133f,0.6635758527064732f,-0.8870108331782217f,-0.009047029471821011f,-0.46165997561215205f,0.18238497603272008f,0f,0f,0f,1f],start_interpolation:0}
execute if entity @s[tag=aj.frestchika_v2.bone.leg_left_0] run data modify entity @s {} merge value {transformation:[-0.4617486132350337f,0.1686282216240009f,0.870834508415606f,-0.016412624802894432f,-3.469446951953614e-18f,0.98176310349598f,-0.19010841279107515f,1.0317370165174657f,-0.8870108331782217f,-0.08778229597059231f,-0.45332775156459165f,0.14946661504374795f,0f,0f,0f,1f],start_interpolation:0}
execute if entity @s[tag=aj.frestchika_v2.bone.body_0] run data modify entity @s {} merge value {transformation:[-0.4617486132350337f,0.19768320388606303f,0.8647020117224571f,0f,-3.469446951953614e-18f,0.9748494374349065f,-0.22286447525984582f,1.3973055555555556f,-0.8870108331782217f,-0.10290736239058729f,-0.4501353758485208f,0f,0f,0f,0f,1f],start_interpolation:0}
execute if entity @s[tag=aj.frestchika_v2.bone.body_1] run data modify entity @s {} merge value {transformation:[-0.6427876096865391f,0f,0.7660444431189781f,0f,0f,1f,0f,1.3973055555555556f,-0.7660444431189781f,0f,-0.6427876096865391f,0f,0f,0f,0f,1f],start_interpolation:0}