execute if entity @s[tag=aj.lexiel.bone.backhair] run data modify entity @s {} merge value {transformation:[-0.9021234322853284f,0.06572803816310763f,0.4264424204051083f,0.11629195769292762f,0.14689442260543134f,0.9760757955429367f,0.1603061756846566f,1.4967979399642874f,-0.4057035143169887f,0.20725797054504835f,-0.8901959290607845f,-0.1874986722757652f,0f,0f,0f,1f],start_interpolation:0}
execute if entity @s[tag=aj.lexiel.bone.head] run data modify entity @s {} merge value {transformation:[-0.9021234322853284f,0.11479055197417035f,0.41592840982457946f,0.007604576207870108f,0.14689442260543134f,0.9880863312842298f,0.04590675916123774f,1.5000428059883997f,-0.4057035143169887f,0.10251112674600858f,-0.9082379244251525f,0.05535376275507233f,0f,0f,0f,1f],start_interpolation:0}
execute if entity @s[tag=aj.lexiel.bone.ring] run data modify entity @s {} merge value {transformation:[-0.782702925591401f,0.13772402885129625f,0.6069664094063434f,0.0077639016861321825f,0.19814030534277713f,0.979610242195639f,0.03322939638441363f,0.9380296697692639f,-0.5900140249768073f,0.1462732554582989f,-0.7940324836354611f,0.031955913868407904f,0f,0f,0f,1f],start_interpolation:0}
execute if entity @s[tag=aj.lexiel.bone.bust] run data modify entity @s {} merge value {transformation:[-0.7947274360587244f,0.3032379070824693f,0.5257899524370635f,-0.03599015451410435f,0.025022575504640182f,0.8818905261501371f,-0.47078973077346226f,1.38837411108066f,-0.6064504704348415f,-0.3609928968759333f,-0.7084503901576182f,0.10787526578840867f,0f,0f,0f,1f],start_interpolation:0}
execute if entity @s[tag=aj.lexiel.bone.left_wing] run data modify entity @s {} merge value {transformation:[-0.9970108289453397f,-0.0002832452946881746f,-0.07726141817122856f,0.1829136724610526f,-0.003495934013149151f,0.9991344643895745f,0.041449976047443104f,1.157616186464455f,0.07718280515180909f,0.0415961757985147f,-0.9961488707757677f,0.017607325674255492f,0f,0f,0f,1f],start_interpolation:0}
execute if entity @s[tag=aj.lexiel.bone.right_wing] run data modify entity @s {} merge value {transformation:[-0.5307614163311072f,-0.0002832452946881746f,0.8475212320091455f,-0.015768186553628424f,0.03510343942300263f,0.9991344643895745f,0.02231749559501435f,1.1638718303406153f,-0.8467939935278667f,0.0415961757985147f,-0.5302920805405891f,-0.13400529193445487f,0f,0f,0f,1f],start_interpolation:0}
execute if entity @s[tag=aj.lexiel.bone.body] run data modify entity @s {} merge value {transformation:[-0.7947274360587244f,-0.0002832452946881746f,0.6069664094063434f,0.10184799756787984f,0.025022575504640182f,0.9991344643895745f,0.03322939638441363f,0.19077578754473024f,-0.6064504704348415f,0.0415961757985147f,-0.7940324836354611f,0.7023001395483767f,0f,0f,0f,1f],start_interpolation:0}
execute if entity @s[tag=aj.lexiel.bone.sword] run data modify entity @s {} merge value {transformation:[-0.000005214226129226082f,-0.000006589272613966074f,0.000007942590165816986f,-0.15102255780234297f,0.000005557834225816326f,0.0000057051445840730055f,0.000008381718811984034f,0.7664301373245119f,-0.000008695615610273989f,0.000007597645552647162f,5.945228882896185e-7f,-0.4758557025242998f,0f,0f,0f,1f],start_interpolation:0}
execute if entity @s[tag=aj.lexiel.bone.rod] run data modify entity @s {} merge value {transformation:[-0.6246959018157632f,-0.7393892849566828f,0.25111454666314237f,-0.23852119622886528f,-0.19411513021934365f,0.4585324923902734f,0.8672181211450155f,0.733642556094279f,-0.7563559654517955f,0.49300247333417013f,-0.4299700161777255f,-0.4155621184281979f,0f,0f,0f,1f],start_interpolation:0}
execute if entity @s[tag=aj.lexiel.bone.right_hand] run data modify entity @s {} merge value {transformation:[-0.6134038685806471f,-0.08507650103571926f,0.7851736642181877f,-0.23330365763358718f,0.2766838042483026f,0.9080248263111261f,0.314542504710152f,1.1390821154576096f,-0.7397173558035415f,0.4101864256337213f,-0.5334466512678178f,-0.289361076116325f,0f,0f,0f,1f],start_interpolation:0}
execute if entity @s[tag=aj.lexiel.bone.right_arm] run data modify entity @s {} merge value {transformation:[-0.6134038685806471f,-0.08507650103571926f,0.7851736642181877f,-0.24072119331410424f,0.2766838042483026f,0.9080248263111261f,0.314542504710152f,1.414193504797077f,-0.7397173558035415f,0.4101864256337213f,-0.5334466512678178f,-0.1380616507369264f,0f,0f,0f,1f],start_interpolation:0}
execute if entity @s[tag=aj.lexiel.bone.left_hand] run data modify entity @s {} merge value {transformation:[-0.6958037707737904f,-0.04106890304807159f,0.7170568023381428f,0.3510628410688248f,-0.24802612814658243f,0.9506856959562803f,-0.18622499096721187f,1.0957298131218722f,-0.6740475890718618f,-0.3074248732724f,-0.6716768530773258f,0.29855125872882f,0f,0f,0f,1f],start_interpolation:0}
execute if entity @s[tag=aj.lexiel.bone.left_arm] run data modify entity @s {} merge value {transformation:[-0.6958037707737904f,-0.22478129430205157f,0.6821513631950528f,0.28081868659943365f,-0.24802612814658243f,0.9665364048009109f,0.06550128205726208f,1.397772439622157f,-0.6740475890718618f,-0.12361532237722149f,-0.7282713091561319f,0.2599214704859383f,0f,0f,0f,1f],start_interpolation:0}
execute if entity @s[tag=aj.lexiel.bone.skirt_right] run data modify entity @s {} merge value {transformation:[-0.9754198225334565f,0.034413072091885794f,0.21765089082748745f,-0.22210275138423607f,-0.031118744239170357f,0.9563184353836798f,-0.2906659145862954f,0.7031090413637228f,-0.218146266449319f,-0.2902943172273773f,-0.9317410669385104f,0.05052638927737697f,0f,0f,0f,1f],start_interpolation:0}
execute if entity @s[tag=aj.lexiel.bone.skirt_left] run data modify entity @s {} merge value {transformation:[-0.9754198225334565f,0.024886519955152134f,0.21894481252891562f,0.2046434209741511f,-0.031118744239170357f,0.9680869012582494f,-0.24867524076428982f,0.7167234919683598f,-0.218146266449319f,-0.24937604683834863f,-0.9435167161727983f,0.14596538084895402f,0f,0f,0f,1f],start_interpolation:0}
execute if entity @s[tag=aj.lexiel.bone.skirt_back_middle] run data modify entity @s {} merge value {transformation:[-0.9754198225334565f,-0.0039044203587200246f,0.2203200519936f,0.054635464845931236f,-0.031118744239170357f,0.9922634158921539f,-0.12018709264730193f,0.6879363804001257f,-0.218146266449319f,-0.12408895592959288f,-0.9679949056945116f,-0.18194968484000165f,0f,0f,0f,1f],start_interpolation:0}
execute if entity @s[tag=aj.lexiel.bone.skirt_front_middle] run data modify entity @s {} merge value {transformation:[-0.9754198225334565f,0.05325164501274478f,0.21382336661889134f,-0.02698361921437656f,-0.031118744239170357f,0.9273461513394194f,-0.3729084865659986f,0.7969360983699865f,-0.218146266449319f,-0.37039624444559793f,-0.9028946940451139f,0.1674532152619398f,0f,0f,0f,1f],start_interpolation:0}
execute if entity @s[tag=aj.lexiel.bone.skirt] run data modify entity @s {} merge value {transformation:[-0.9754198225334565f,0.034413072091885794f,0.21765089082748745f,-0.00808442010331961f,-0.031118744239170357f,0.9563184353836798f,-0.2906659145862954f,0.7278472373294853f,-0.218146266449319f,-0.2902943172273773f,-0.9317410669385104f,0.09280286661515216f,0f,0f,0f,1f],start_interpolation:0}
execute if entity @s[tag=aj.lexiel.bone.rightupper] run data modify entity @s {} merge value {transformation:[-0.9852631837977963f,0.023037923855822193f,0.16948661515601535f,-0.12458909713434116f,-0.05310267731840507f,0.9007252995283617f,-0.431131117470266f,0.6611544351462741f,-0.16259324805860562f,-0.43377781046747466f,-0.8862281009039359f,-0.008565223741229089f,0f,0f,0f,1f],start_interpolation:0}
execute if entity @s[tag=aj.lexiel.bone.rightfoot] run data modify entity @s {} merge value {transformation:[-0.9839394617234775f,-0.006353137817142765f,0.1783893867448114f,-0.11724853792352789f,-0.012297544655526698f,0.9994046056942801f,-0.0322366951238125f,0.41539239944670436f,-0.17807837055285192f,-0.03391270789743428f,-0.9834317577668035f,0.2067275072680826f,0f,0f,0f,1f],start_interpolation:0}
execute if entity @s[tag=aj.lexiel.bone.leftupper] run data modify entity @s {} merge value {transformation:[-0.9763709018721399f,0.0012603580625006779f,0.21609783311023384f,0.14185358010788932f,-0.07229573201637844f,0.9404586142397968f,-0.3321308808803799f,0.6716090234581064f,-0.2036496725005964f,-0.33990587873662237f,-0.9181453068500023f,0.05089682619148672f,0f,0f,0f,1f],start_interpolation:0}
execute if entity @s[tag=aj.lexiel.bone.leftfoot] run data modify entity @s {} merge value {transformation:[-0.9747073524798178f,-0.09172437152324685f,0.2037945452912068f,0.12134755840160931f,-0.11434897156147752f,0.9881752235521927f,-0.10214715003565467f,0.43623615751895983f,-0.19201533721194444f,-0.12286727483850013f,-0.973670243485516f,0.2619028368005207f,0f,0f,0f,1f],start_interpolation:0}
execute if entity @s[tag=aj.lexiel.bone.lower] run data modify entity @s {} merge value {transformation:[-0.9754198225334565f,0.034413072091885794f,0.21765089082748745f,0.009631829654578762f,-0.031118744239170357f,0.9563184353836798f,-0.2906659145862954f,0.6258849300726701f,-0.218146266449319f,-0.2902943172273773f,-0.9317410669385104f,0.028131385123055658f,0f,0f,0f,1f],start_interpolation:0}