execute if entity @s[tag=aj.lexiel.bone.backhair] run data modify entity @s {} merge value {transformation:[-0.8152955544603431f,0.14461040183707516f,-0.560696879390033f,-0.31940583232656194f,0.22544394414530952f,0.9711820751819498f,-0.07733307761552216f,1.2596446522895344f,0.5333555914447773f,-0.18945503035232764f,-0.8244019678220026f,-0.46185766876486295f,0f,0f,0f,1f],start_interpolation:0}
execute if entity @s[tag=aj.lexiel.bone.head] run data modify entity @s {} merge value {transformation:[-0.8152955544603431f,-0.10589920725981004f,-0.569278944612345f,-0.16984578777734238f,0.22544394414530952f,0.8475075065308837f,-0.4805268508855782f,1.400526901845561f,0.5333555914447773f,-0.5201118959181262f,-0.6670947674798866f,-0.2927873695267388f,0f,0f,0f,1f],start_interpolation:0}
execute if entity @s[tag=aj.lexiel.bone.ring] run data modify entity @s {} merge value {transformation:[-0.8616878644502658f,-0.06877484807149478f,-0.5027564465343859f,-0.04758048910528734f,0.21999018657055175f,0.8421929458461137f,-0.4922553806508352f,0.9125024431932954f,0.4572727217665559f,-0.5347719721898181f,-0.7105776493026068f,-0.04121317669727509f,0f,0f,0f,1f],start_interpolation:0}
execute if entity @s[tag=aj.lexiel.bone.bust] run data modify entity @s {} merge value {transformation:[-0.8366542625502194f,-0.43961796486948884f,-0.3267195891289f,-0.10993636010756158f,0.07040277103116009f,0.5052351165386011f,-0.860105183595216f,1.3410141125918993f,0.5431879000748108f,-0.7426126325213132f,-0.39175679092018634f,-0.19279739682182928f,0f,0f,0f,1f],start_interpolation:0}
execute if entity @s[tag=aj.lexiel.bone.left_wing] run data modify entity @s {} merge value {transformation:[0.21282649700241374f,-0.21736053097254232f,-0.952606572383907f,-0.05339087825355182f,0.4892990593535047f,0.8675990376040279f,-0.08864728120106165f,1.031957463708927f,0.8457489655266847f,-0.44724300947460205f,0.29100236732137413f,-0.2957682786920215f,0f,0f,0f,1f],start_interpolation:0}
execute if entity @s[tag=aj.lexiel.bone.right_wing] run data modify entity @s {} merge value {transformation:[-0.9586453213130142f,-0.21736053097254232f,0.1837213855271131f,-0.2625544438911067f,-0.2759904900385839f,0.8675990376040279f,-0.4136437589965874f,1.0495581564667171f,-0.06948667018162519f,-0.44724300947460205f,-0.8917091976329341f,-0.1599713036733188f,0f,0f,0f,1f],start_interpolation:0}
execute if entity @s[tag=aj.lexiel.bone.body] run data modify entity @s {} merge value {transformation:[-0.8366542625502194f,-0.21736053097254232f,-0.5027564465343859f,0.7783527470735301f,0.07040277103116009f,0.8675990376040279f,-0.4922553806508352f,0.49984193972523794f,0.5431879000748108f,-0.44724300947460205f,-0.7105776493026068f,0.36393761097649313f,0f,0f,0f,1f],start_interpolation:0}
execute if entity @s[tag=aj.lexiel.bone.sword] run data modify entity @s {} merge value {transformation:[-0.000008886373625625365f,-0.00000625438160851831f,0.000003950503857841147f,-0.16049939576467054f,0.000003084244066421322f,-0.000008744866651291128f,-0.000006906964024799984f,2.017448267280565f,0.000006723928061374152f,-0.000004254576852774461f,0.000008389205771662837f,-0.22846020381234822f,0f,0f,0f,1f],start_interpolation:0}
execute if entity @s[tag=aj.lexiel.bone.rod] run data modify entity @s {} merge value {transformation:[-0.09185406894480269f,0.9547673851610621f,-0.2828110150807273f,-0.21110926882593317f,0.8524010837433312f,-0.07142676184293818f,-0.5179870752497856f,2.004483295697806f,-0.514757440404195f,-0.2886476362718742f,-0.8072839151272508f,-0.3266279365617565f,0f,0f,0f,1f],start_interpolation:0}
execute if entity @s[tag=aj.lexiel.bone.right_hand] run data modify entity @s {} merge value {transformation:[-0.830827627539558f,-0.3300784138563875f,0.4480777767564919f,-0.33373655407610014f,0.41223167921946374f,-0.9058976538617904f,0.09702826070586396f,1.637165614824839f,0.3738856723182776f,0.2653256139797954f,0.888713577369759f,-0.15234244572385636f,0f,0f,0f,1f],start_interpolation:0}
execute if entity @s[tag=aj.lexiel.bone.right_arm] run data modify entity @s {} merge value {transformation:[-0.830827627539558f,-0.3300784138563875f,0.4480777767564919f,-0.41092269504561f,0.41223167921946374f,-0.9058976538617904f,0.09702826070586396f,1.3411903580174211f,0.3738856723182776f,0.2653256139797954f,0.888713577369759f,-0.08111211861511647f,0f,0f,0f,1f],start_interpolation:0}
execute if entity @s[tag=aj.lexiel.bone.left_hand] run data modify entity @s {} merge value {transformation:[-0.6712619771890281f,0.037592102164601154f,-0.7402662979192842f,0.14883488364972602f,-0.3299449933212156f,0.8791554926181481f,0.3438341477829165f,1.0111407886019377f,0.6637346302269752f,0.4750499485887644f,-0.5777403283338224f,-0.567856364834667f,0f,0f,0f,1f],start_interpolation:0}
execute if entity @s[tag=aj.lexiel.bone.left_arm] run data modify entity @s {} merge value {transformation:[-0.6712619771890281f,-0.034250300469615025f,-0.7404284400926381f,0.13813166475297134f,-0.3299449933212156f,0.9083128029641104f,0.25710727985365206f,1.2949885395282221f,0.6637346302269752f,0.416886997745459f,-0.6210165631834937f,-0.43757917803921104f,0f,0f,0f,1f],start_interpolation:0}
execute if entity @s[tag=aj.lexiel.bone.skirt_right] run data modify entity @s {} merge value {transformation:[-0.9998116164440846f,-0.004617046075286233f,-0.018852440399199415f,-0.21725597094203092f,0.0027853058481155345f,0.9271140544747583f,-0.3747689582485554f,0.7206714616651799f,0.019208688003066104f,-0.37475086775204897f,-0.9269265415470026f,0.13853810069059394f,0f,0f,0f,1f],start_interpolation:0}
execute if entity @s[tag=aj.lexiel.bone.skirt_left] run data modify entity @s {} merge value {transformation:[-0.9998116164440846f,-0.003790319769921618f,-0.019035889774539662f,0.22016161125225608f,0.0027853058481155345f,0.9425788396889f,-0.33397211416832306f,0.7194528903566293f,0.019208688003066104f,-0.3339622200889926f,-0.9423907161355275f,0.13013429968925253f,0f,0f,0f,1f],start_interpolation:0}
execute if entity @s[tag=aj.lexiel.bone.skirt_back_middle] run data modify entity @s {} merge value {transformation:[-0.9998116164440846f,-0.001273210851061073f,-0.019367771105509857f,-0.004137994086867641f,0.0027853058481155345f,0.9781070554193201f,-0.2080837096225449f,0.6726030349081707f,0.019208688003066104f,-0.20809845523952328f,-0.9779192498525249f,-0.1497838188546743f,0f,0f,0f,1f],start_interpolation:0}
execute if entity @s[tag=aj.lexiel.bone.skirt_front_middle] run data modify entity @s {} merge value {transformation:[-0.9998116164440846f,-0.006242575266643629f,-0.018378299091781358f,0.002931671062832139f,0.0027853058481155345f,0.890922838679177f,-0.454146163246118f,0.8131413942513791f,0.019208688003066104f,-0.4541117987609191f,-0.8907376159853828f,0.19781363422545167f,0f,0f,0f,1f],start_interpolation:0}
execute if entity @s[tag=aj.lexiel.bone.skirt] run data modify entity @s {} merge value {transformation:[-0.9998116164440846f,-0.004617046075286233f,-0.018852440399199415f,0.0013662505412009665f,0.0027853058481155345f,0.9271140544747583f,-0.3747689582485554f,0.7374455645323064f,0.019208688003066104f,-0.37475086775204897f,-0.9269265415470026f,0.1273096214195723f,0f,0f,0f,1f],start_interpolation:0}
execute if entity @s[tag=aj.lexiel.bone.rightupper] run data modify entity @s {} merge value {transformation:[-0.996728500747221f,-0.055568221382634675f,-0.058689595079261025f,-0.13796183245472676f,-0.0128345812879139f,0.8257614790223718f,-0.5638734372941757f,0.6667253593046706f,0.07979705083122464f,-0.5612754693866061f,-0.8237731958151367f,0.06277137840396707f,0f,0f,0f,1f],start_interpolation:0}
execute if entity @s[tag=aj.lexiel.bone.rightfoot] run data modify entity @s {} merge value {transformation:[-0.9979817342898382f,0.025409532531605133f,-0.05819633734499195f,-0.08648315616775011f,0.025154902077954004f,0.9996705362865419f,0.005103898708464061f,0.45446753740708934f,0.05830685144385135f,0.0036296745175037892f,-0.9982921098243748f,0.30587708577672135f,0f,0f,0f,1f],start_interpolation:0}
execute if entity @s[tag=aj.lexiel.bone.leftupper] run data modify entity @s {} merge value {transformation:[-0.9986241998614273f,-0.04907628215065438f,-0.01847230308850158f,0.1352103522591839f,-0.03700333997074495f,0.9091214233995727f,-0.4148843095935834f,0.6702794923276957f,0.037154545914781026f,-0.41362997479172653f,-0.909686640372201f,0.05677784127274362f,0f,0f,0f,1f],start_interpolation:0}
execute if entity @s[tag=aj.lexiel.bone.leftfoot] run data modify entity @s {} merge value {transformation:[-0.9956046293121431f,-0.058994261719731586f,-0.07273994209767935f,0.1577366412984535f,-0.07802860711108375f,0.9520392962995485f,0.2958592820476733f,0.4538120143290729f,0.05179728337021222f,0.3002346671948534f,-0.952457970752443f,0.2869491182184144f,0f,0f,0f,1f],start_interpolation:0}
execute if entity @s[tag=aj.lexiel.bone.lower] run data modify entity @s {} merge value {transformation:[-0.9998116164440846f,-0.004617046075286233f,-0.018852440399199415f,-0.0000404590215922417f,0.0027853058481155345f,0.9271140544747583f,-0.3747689582485554f,0.6298801891906638f,0.019208688003066104f,-0.37475086775204897f,-0.9269265415470026f,0.06968766969266964f,0f,0f,0f,1f],start_interpolation:0}