execute if entity @s[tag=aj.lexiel.bone.backhair] run data modify entity @s {} merge value {transformation:[-0.8457129785022716f,-0.2149209884878411f,0.48844500888045306f,0.13484075616500374f,0.07100117893459519f,0.8618552467388328f,0.502159701946147f,1.5373039121181875f,-0.5288935531680398f,0.45936314869191996f,-0.7136225241968832f,-0.2547478422389472f,0f,0f,0f,1f],start_interpolation:0}
execute if entity @s[tag=aj.lexiel.bone.head] run data modify entity @s {} merge value {transformation:[-0.8457129785022716f,-0.049162374409656553f,0.5313686281059706f,-0.00707219777579559f,0.07100117893459519f,0.9765278612631473f,0.20335232668135594f,1.498546698175689f,-0.5288935531680398f,0.2097055009274389f,-0.8223716995969997f,-0.03302871108150289f,0f,0f,0f,1f],start_interpolation:0}
execute if entity @s[tag=aj.lexiel.bone.ring] run data modify entity @s {} merge value {transformation:[-0.7046554727460762f,0.11505771073165227f,0.7001588305021905f,-0.0019802153772227656f,0.09887286476358735f,0.9930602615222348f,-0.06368260044024432f,0.9387790208081264f,-0.7026270855457004f,0.024352416442354738f,-0.7111414335214713f,0.022111737681423382f,0f,0f,0f,1f],start_interpolation:0}
execute if entity @s[tag=aj.lexiel.bone.bust] run data modify entity @s {} merge value {transformation:[-0.7139297345578989f,0.3422397954950289f,0.6108815404754091f,-0.05640600602952923f,-0.07507234094507297f,0.8299774176780483f,-0.5527220185314724f,1.3942801700386387f,-0.6961813540587789f,-0.44046499125810146f,-0.5668528148795645f,0.028806333378977533f,0f,0f,0f,1f],start_interpolation:0}
execute if entity @s[tag=aj.lexiel.bone.left_wing] run data modify entity @s {} merge value {transformation:[-0.9411314058970495f,-0.009052413153018348f,-0.3379197103608348f,0.1728006398780656f,0.024649305200799547f,0.9951425375423336f,-0.09530866553951389f,1.1578901684586154f,0.3371410514715782f,-0.09802746446742434f,-0.9363367597305614f,-0.001201780103662231f,0f,0f,0f,1f],start_interpolation:0}
execute if entity @s[tag=aj.lexiel.bone.right_wing] run data modify entity @s {} merge value {transformation:[-0.15628095745938975f,-0.009052413153018348f,0.9876711579021042f,-0.005681793761409098f,-0.09823479715008032f,0.9951425375423336f,-0.006422974598085794f,1.1391220832223472f,-0.9828154389123418f,-0.09802746446742434f,-0.15641109054548813f,-0.17524711861835696f,0f,0f,0f,1f],start_interpolation:0}
execute if entity @s[tag=aj.lexiel.bone.body] run data modify entity @s {} merge value {transformation:[-0.7139297345578989f,-0.009052413153018348f,0.7001588305021905f,0.011411658604363323f,-0.07507234094507297f,0.9951425375423336f,-0.06368260044024432f,0.29289779264223276f,-0.6961813540587789f,-0.09802746446742434f,-0.7111414335214713f,0.7962303715575098f,0f,0f,0f,1f],start_interpolation:0}
execute if entity @s[tag=aj.lexiel.bone.sword] run data modify entity @s {} merge value {transformation:[-0.0000057394142635469125f,-0.000004685448988214788f,0.000008876772946303814f,-0.26714121937099033f,0.000006020939928284765f,0.0000065744724988880966f,0.000007363151498601014f,0.7230185368986892f,-0.000008031115273819729f,0.000008277335645616963f,-8.235947537583911e-7f,-0.5674867873307735f,0f,0f,0f,1f],start_interpolation:0}
execute if entity @s[tag=aj.lexiel.bone.rod] run data modify entity @s {} merge value {transformation:[-0.6619946295515922f,-0.6280419013961317f,0.4090555958981395f,-0.3481124275130483f,0.3845988090875794f,0.1837933624862843f,0.9046014348620065f,0.7019905950938802f,-0.6433093085703532f,0.7561635867963474f,0.11987394842090193f,-0.4942212251064432f,0f,0f,0f,1f],start_interpolation:0}
execute if entity @s[tag=aj.lexiel.bone.right_hand] run data modify entity @s {} merge value {transformation:[-0.6781878034129983f,0.08366555194568515f,0.7301105250025343f,-0.2766654299317263f,0.33817511795739097f,0.917587324939442f,0.20897629220795275f,1.1056139121283528f,-0.6524560467160658f,0.3886303854925691f,-0.6505901402384917f,-0.3832315563573552f,0f,0f,0f,1f],start_interpolation:0}
execute if entity @s[tag=aj.lexiel.bone.right_arm] run data modify entity @s {} merge value {transformation:[-0.6781878034129983f,0.08366555194568515f,0.7301105250025343f,-0.22932657609204352f,0.33817511795739097f,0.917587324939442f,0.20897629220795275f,1.38179197873576f,-0.6524560467160658f,0.3886303854925691f,-0.6505901402384917f,-0.24139530943105028f,0f,0f,0f,1f],start_interpolation:0}
execute if entity @s[tag=aj.lexiel.bone.left_hand] run data modify entity @s {} merge value {transformation:[-0.6378836958147223f,-0.4403860143555063f,0.6317947047687428f,0.4414697266229112f,-0.44724014394421807f,0.8796889987703835f,0.16162771757070432f,1.1959203349802046f,-0.6269614376167851f,-0.17946426887386815f,-0.7580975741545821f,0.17740443187675717f,0f,0f,0f,1f],start_interpolation:0}
execute if entity @s[tag=aj.lexiel.bone.left_arm] run data modify entity @s {} merge value {transformation:[-0.6378836958147223f,-0.6472957261162675f,0.4172680596036138f,0.23918981221157762f,-0.44724014394421807f,0.7524411760024303f,0.483537516952754f,1.4310582024809642f,-0.6269614376167851f,0.12182167133845195f,-0.7694665919543229f,0.2154737041700234f,0f,0f,0f,1f],start_interpolation:0}
execute if entity @s[tag=aj.lexiel.bone.skirt_right] run data modify entity @s {} merge value {transformation:[-1f,4.219590456678283e-17f,1.1496566211008194e-16f,-0.21875000000000003f,0f,0.938765872659166f,-0.34455570860236f,0.7159232791807518f,-1.2246467991473532e-16f,-0.34455570860236f,-0.938765872659166f,0.12115776140497461f,0f,0f,0f,1f],start_interpolation:0}
execute if entity @s[tag=aj.lexiel.bone.skirt_left] run data modify entity @s {} merge value {transformation:[-1f,3.714101166619019e-17f,1.166967997805874e-16f,0.21874999999999997f,0f,0.9529016844843446f,-0.30327937567018676f,0.7159232791807518f,-1.2246467991473532e-16f,-0.30327937567018676f,-0.9529016844843446f,0.12115776140497467f,0f,0f,0f,1f],start_interpolation:0}
execute if entity @s[tag=aj.lexiel.bone.skirt_back_middle] run data modify entity @s {} merge value {transformation:[-1f,2.159127624304318e-17f,1.2054631730922008e-16f,2.0133790034238386e-17f,0f,0.9843353805615556f,-0.1763061501330495f,0.6776898531775359f,-1.2246467991473532e-16f,-0.1763061501330495f,-0.9843353805615556f,-0.1644048720680633f,0f,0f,0f,1f],start_interpolation:0}
execute if entity @s[tag=aj.lexiel.bone.skirt_front_middle] run data modify entity @s {} merge value {transformation:[-1f,5.205525408229483e-17f,1.1085056765324345e-16f,-2.2978333257042346e-17f,0f,0.9051635763913476f,-0.4250634070046786f,0.8068982439034209f,-1.2246467991473532e-16f,-0.4250634070046786f,-0.9051635763913476f,0.18763233017912395f,0f,0f,0f,1f],start_interpolation:0}
execute if entity @s[tag=aj.lexiel.bone.skirt] run data modify entity @s {} merge value {transformation:[-1f,4.219590456678283e-17f,1.1496566211008194e-16f,-1.4046373259018912e-17f,0f,0.938765872659166f,-0.34455570860236f,0.7335251392931113f,-1.2246467991473532e-16f,-0.34455570860236f,-0.938765872659166f,0.11469734186868037f,0f,0f,0f,1f],start_interpolation:0}
execute if entity @s[tag=aj.lexiel.bone.rightupper] run data modify entity @s {} merge value {transformation:[-0.998033034846144f,-0.047192283233721474f,-0.04126681183449597f,-0.13786615599403929f,-0.01754586918126043f,0.8422345792811663f,-0.5388256266527707f,0.6645547693991192f,0.06018474749028678f,-0.5370417133391644f,-0.8414059628403314f,0.04524270519477905f,0f,0f,0f,1f],start_interpolation:0}
execute if entity @s[tag=aj.lexiel.bone.rightfoot] run data modify entity @s {} merge value {transformation:[-0.9989841563718485f,0.002884329135087853f,-0.04497038985228778f,-0.0904408637308369f,0.021073424476088985f,0.9120056018101244f,-0.4096360494973602f,0.44515831473373824f,0.03983172226852409f,-0.4101676034408297f,-0.9111399294228794f,0.2827713547513814f,0f,0f,0f,1f],start_interpolation:0}
execute if entity @s[tag=aj.lexiel.bone.leftupper] run data modify entity @s {} merge value {transformation:[-0.9990466999447866f,-0.04365392906886325f,0.00016064333890968043f,0.13536078870301074f,-0.040346967025069846f,0.9219473254369149f,-0.3852080624436581f,0.6689708601841856f,0.01666774073801266f,-0.3848473250479597f,-0.9228297366373281f,0.04462267625267389f,0f,0f,0f,1f],start_interpolation:0}
execute if entity @s[tag=aj.lexiel.bone.leftfoot] run data modify entity @s {} merge value {transformation:[-0.9961946980917455f,-0.066492783462318f,-0.05634565858457288f,0.1540644740461292f,-0.0818188368977631f,0.9362302505462068f,0.3417288338593688f,0.44520298706977923f,0.030030008701184243f,0.3450385887254063f,-0.9381079739922195f,0.2680561799539008f,0f,0f,0f,1f],start_interpolation:0}
execute if entity @s[tag=aj.lexiel.bone.lower] run data modify entity @s {} merge value {transformation:[-1f,4.219590456678283e-17f,1.1496566211008194e-16f,-6.564897480478638e-18f,0f,0.938765872659166f,-0.34455570860236f,0.6278819578101427f,-1.2246467991473532e-16f,-0.34455570860236f,-0.938765872659166f,0.05360645604144293f,0f,0f,0f,1f],start_interpolation:0}