execute if entity @s[tag=aj.lexiel.bone.backhair] run data modify entity @s {} merge value {transformation:[-0.8591845805519044f,0.14530453917699804f,-0.49060008911170006f,-0.2778086308707819f,0.20900202884164387f,0.9748557941329326f,-0.07729380690279247f,1.2701689706855621f,0.4670331984794278f,-0.16894606103727228f,-0.8679500100685901f,-0.47465204658906723f,0f,0f,0f,1f],start_interpolation:0}
execute if entity @s[tag=aj.lexiel.bone.head] run data modify entity @s {} merge value {transformation:[-0.8591845805519044f,-0.0673560551061542f,-0.5072129911411818f,-0.1441326184599391f,0.20900202884164387f,0.8586267980456156f,-0.4680578742185741f,1.4079128872443336f,0.4670331984794278f,-0.5081566525378474f,-0.7236413531574911f,-0.2903747598525125f,0f,0f,0f,1f],start_interpolation:0}
execute if entity @s[tag=aj.lexiel.bone.ring] run data modify entity @s {} merge value {transformation:[-0.8864222568453073f,-0.031017151484567546f,-0.4618371129338301f,-0.04036737675827884f,0.21793943579716843f,0.8522707522429128f,-0.47553860747126686f,0.9145060951767874f,0.408360116678507f,-0.5221805254747471f,-0.7487119031518286f,-0.04099801242763884f,0f,0f,0f,1f],start_interpolation:0}
execute if entity @s[tag=aj.lexiel.bone.bust] run data modify entity @s {} merge value {transformation:[-0.8675694391521231f,-0.3906755970775287f,-0.30772690180968393f,-0.09076150119249715f,0.06663318305435215f,0.5218801475182001f,-0.8504123297215458f,1.3461520150876414f,0.49283190558781353f,-0.7582965709236053f,-0.4267353083120569f,-0.18807116870308271f,0f,0f,0f,1f],start_interpolation:0}
execute if entity @s[tag=aj.lexiel.bone.left_wing] run data modify entity @s {} merge value {transformation:[0.17957872126390384f,-0.18447154080295153f,-0.9662927783560249f,-0.030003985531637856f,0.47356621526442816f,0.8771676303423045f,-0.07944802099355089f,1.0386150404984642f,0.8622566454538616f,-0.44333643986644206f,0.244880130793011f,-0.29317083474087824f,0f,0f,0f,1f],start_interpolation:0}
execute if entity @s[tag=aj.lexiel.bone.right_wing] run data modify entity @s {} merge value {transformation:[-0.9516519166075138f,-0.18447154080295153f,0.24561938085385387f,-0.24689634531966864f,-0.27214209080528085f,0.8771676303423045f,-0.3956205640405927f,1.055273336262052f,-0.14246863524781817f,-0.44333643986644206f,-0.8849607274095121f,-0.16996285834392488f,0f,0f,0f,1f],start_interpolation:0}
execute if entity @s[tag=aj.lexiel.bone.body] run data modify entity @s {} merge value {transformation:[-0.8675694391521231f,-0.18447154080295153f,-0.4618371129338301f,0.7569248192368192f,0.06663318305435215f,0.8771676303423045f,-0.47553860747126686f,0.4884945730767134f,0.49283190558781353f,-0.44333643986644206f,-0.7487119031518286f,0.4055900525083739f,0f,0f,0f,1f],start_interpolation:0}
execute if entity @s[tag=aj.lexiel.bone.sword] run data modify entity @s {} merge value {transformation:[-0.00000953946486389578f,-0.000005987280588522974f,0.0000026158148854217243f,-0.10660261065919727f,0.000002771615813253507f,-0.000007900135542594114f,-0.00000797479845778966f,2.0213790781968277f,0.0000059167695699782814f,-0.000005952456284000513f,0.000007953081685286644f,-0.1322515484650832f,0f,0f,0f,1f],start_interpolation:0}
execute if entity @s[tag=aj.lexiel.bone.rod] run data modify entity @s {} merge value {transformation:[-0.004984500804055159f,-0.4261270692877223f,0.9046495871728405f,-0.1449733767566107f,0.910668165267096f,0.3717934002722527f,0.1801476069312531f,2.0218145612282807f,-0.41310851785069164f,0.824733525651924f,0.38620715185629567f,-0.23662514740756013f,0f,0f,0f,1f],start_interpolation:0}
execute if entity @s[tag=aj.lexiel.bone.right_hand] run data modify entity @s {} merge value {transformation:[-0.8555017506990824f,-0.3934492665604355f,0.33662208661028226f,-0.3017353951539111f,0.4100279115508539f,-0.9117668196370359f,-0.023630030855039286f,1.6442417949767654f,0.31621806763695554f,0.11780891838914526f,0.9413432914978093f,-0.1217354705017949f,0f,0f,0f,1f],start_interpolation:0}
execute if entity @s[tag=aj.lexiel.bone.right_arm] run data modify entity @s {} merge value {transformation:[-0.8555017506990824f,-0.3934492665604355f,0.33662208661028226f,-0.3979538612447009f,0.4100279115508539f,-0.9117668196370359f,-0.023630030855039286f,1.3465012916042276f,0.31621806763695554f,0.11780891838914526f,0.9413432914978093f,-0.09480199811884187f,0f,0f,0f,1f],start_interpolation:0}
execute if entity @s[tag=aj.lexiel.bone.left_hand] run data modify entity @s {} merge value {transformation:[-0.7164719212925966f,-0.02475458734605325f,-0.6971765891111246f,0.19519643571036996f,-0.33633525137850045f,0.8878102126324103f,0.31412039893288657f,1.0188395545614939f,0.6111845749685246f,0.4595435090945377f,-0.6444169291457376f,-0.5465626576337856f,0f,0f,0f,1f],start_interpolation:0}
execute if entity @s[tag=aj.lexiel.bone.left_arm] run data modify entity @s {} merge value {transformation:[-0.7164719212925966f,-0.07618512803676819f,-0.6934434456142162f,0.1713885831988799f,-0.33633525137850045f,0.908587874122608f,0.24768260673192483f,1.302773265224809f,0.6111845749685246f,0.41068710871341163f,-0.6766014440253305f,-0.4182229361608445f,0f,0f,0f,1f],start_interpolation:0}
execute if entity @s[tag=aj.lexiel.bone.skirt_right] run data modify entity @s {} merge value {transformation:[-0.9999816026050776f,-0.001433455230366782f,-0.005894035755167484f,-0.21829603153151153f,0.0008705540305950639f,0.9277024624582828f,-0.37331941187744044f,0.7200415250838964f,0.006003048147439209f,-0.37331767484937106f,-0.9276841472494821f,0.13501853715735032f,0f,0f,0f,1f],start_interpolation:0}
execute if entity @s[tag=aj.lexiel.bone.skirt_left] run data modify entity @s {} merge value {transformation:[-0.9999816026050776f,-0.0011749966698653548f,-0.005950952378104193f,0.21919591960820992f,0.0008705540305950639f,0.9431034593137392f,-0.33249828144839805f,0.7196606576955111f,0.006003048147439209f,-0.33249734497178185f,-0.9430850857688586f,0.13239220359284568f,0f,0f,0f,1f],start_interpolation:0}
execute if entity @s[tag=aj.lexiel.bone.skirt_back_middle] run data modify entity @s {} merge value {transformation:[-0.9999816026050776f,-0.0003881892564725443f,-0.006053408996740424f,-0.0012973444696895917f,0.0008705540305950639f,0.9784348130776415f,-0.20655400914385644f,0.6728364107028163f,0.006003048147439209f,-0.20655547890777837f,-0.9784164744862577f,-0.15053815071690457f,0f,0f,0f,1f],start_interpolation:0}
execute if entity @s[tag=aj.lexiel.bone.skirt_front_middle] run data modify entity @s {} merge value {transformation:[-0.9999816026050776f,-0.0019416995644661464f,-0.005746673314362892f,0.0009129189384982149f,0.0008705540305950639f,0.8916353438833007f,-0.45275341597141794f,0.8128311901568565f,0.006003048147439209f,-0.45275008927763816f,-0.8916172497613706f,0.19734340450165125f,0f,0f,0f,1f],start_interpolation:0}
execute if entity @s[tag=aj.lexiel.bone.skirt] run data modify entity @s {} merge value {transformation:[-0.9999816026050776f,-0.001433455230366782f,-0.005894035755167484f,0.0004230667527798099f,0.0008705540305950639f,0.9277024624582828f,-0.37331941187744044f,0.7372455125607966f,0.006003048147439209f,-0.37331767484937106f,-0.9276841472494821f,0.12670566397167227f,0f,0f,0f,1f],start_interpolation:0}
execute if entity @s[tag=aj.lexiel.bone.rightupper] run data modify entity @s {} merge value {transformation:[-0.9976737358581271f,-0.04962443346780031f,-0.04673898139549009f,-0.13790441566348463f,-0.014894366491116518f,0.8277412169811008f,-0.5609123243052112f,0.6664424467809072f,0.06652273765951318f,-0.5589113465601195f,-0.826554796768271f,0.06020427729337564f,0f,0f,0f,1f],start_interpolation:0}
execute if entity @s[tag=aj.lexiel.bone.rightfoot] run data modify entity @s {} merge value {transformation:[-0.9987110586602149f,0.02300380052132648f,-0.045244297666863026f,-0.08926702808030931f,0.023172410414082755f,0.9997263441753566f,-0.0032056446118494675f,0.4533744042545598f,0.04515817429208135f,-0.0042499321584220096f,-0.9989708090686407f,0.30318624330988164f,0f,0f,0f,1f],start_interpolation:0}
execute if entity @s[tag=aj.lexiel.bone.leftupper] run data modify entity @s {} merge value {transformation:[-0.9989555067165776f,-0.045340942892720885f,-0.005665200634116211f,0.13531479439258054f,-0.03894446234632192f,0.9096883516824668f,-0.4134615238033553f,0.6704447693737621f,0.023900302365904937f,-0.41280903782600936f,-0.9105039669523591f,0.057842470938100396f,0f,0f,0f,1f],start_interpolation:0}
execute if entity @s[tag=aj.lexiel.bone.leftfoot] run data modify entity @s {} merge value {transformation:[-0.9960514368491671f,-0.06572524464554899f,-0.059680209173499095f,0.1552114615067525f,-0.07998735585470192f,0.956048752827192f,0.28208652062965317f,0.45365191709259217f,0.038516983969194105f,0.28574634631759205f,-0.9575309224834797f,0.2879498400015624f,0f,0f,0f,1f],start_interpolation:0}
execute if entity @s[tag=aj.lexiel.bone.lower] run data modify entity @s {} merge value {transformation:[-0.9999816026050776f,-0.001433455230366782f,-0.005894035755167484f,-0.00001751040939473688f,0.0008705540305950639f,0.9277024624582828f,-0.37331941187744044f,0.6297700628177333f,0.006003048147439209f,-0.37331767484937106f,-0.9276841472494821f,0.06890071851464043f,0f,0f,0f,1f],start_interpolation:0}