execute if entity @s[tag=aj.lexiel.bone.backhair] run data modify entity @s {} merge value {transformation:[-0.8700525307624023f,0.14630899151158153f,-0.47074650579351374f,-0.26585063929292185f,0.204989433358272f,0.9758419991541375f,-0.07557595449818039f,1.274107562728904f,0.4483167696232133f,-0.16225310995392472f,-0.8790255982534791f,-0.4776323668607069f,0f,0f,0f,1f],start_interpolation:0}
execute if entity @s[tag=aj.lexiel.bone.head] run data modify entity @s {} merge value {transformation:[-0.8700525307624023f,-0.055506327270857296f,-0.4898240922482674f,-0.13660840115308295f,0.204989433358272f,0.8629189223688212f,-0.4618985447360568f,1.410282471836432f,0.4483167696232133f,-0.5022847609182792f,-0.7394065816747064f,-0.28907569299271113f,0f,0f,0f,1f],start_interpolation:0}
execute if entity @s[tag=aj.lexiel.bone.ring] run data modify entity @s {} merge value {transformation:[-0.8938767546964125f,-0.019928419757264088f,-0.4478696300257338f,-0.03825767701890337f,0.21642702526646074f,0.8557053255976053f,-0.47002950809306326f,0.9151208107551959f,0.3926113729220285f,-0.5170795430394385f,-0.7605820508152987f,-0.04098636541582107f,0f,0f,0f,1f],start_interpolation:0}
execute if entity @s[tag=aj.lexiel.bone.bust] run data modify entity @s {} merge value {transformation:[-0.8768362244877881f,-0.3753556604898355f,-0.3004436112887747f,-0.08529401958000393f,0.06454734203386815f,0.5273364948004923f,-0.8472011932757728f,1.3477844086314916f,0.4764366443320286f,-0.7622495322332247f,-0.4381595309335022f,-0.18616926661707728f,0f,0f,0f,1f],start_interpolation:0}
execute if entity @s[tag=aj.lexiel.bone.left_wing] run data modify entity @s {} merge value {transformation:[0.1613278958135692f,-0.1748457317940971f,-0.9712889786802652f,-0.022884356541105322f,0.4675076557596135f,0.8802873974777532f,-0.08081268246998691f,1.0408615726875878f,0.8691431998459848f,-0.44104769347002687f,0.22375663173692137f,-0.2920928852558054f,0f,0f,0f,1f],start_interpolation:0}
execute if entity @s[tag=aj.lexiel.bone.right_wing] run data modify entity @s {} merge value {transformation:[-0.9494599348900661f,-0.1748457317940971f,0.2606814188083568f,-0.2420934126630523f,-0.2693426668680901f,0.8802873974777532f,-0.39057473759349726f,1.056998408196055f,-0.16118424191879432f,-0.44104769347002687f,-0.8828910307856985f,-0.17298372417279823f,0f,0f,0f,1f],start_interpolation:0}
execute if entity @s[tag=aj.lexiel.bone.body] run data modify entity @s {} merge value {transformation:[-0.8768362244877881f,-0.1748457317940971f,-0.4478696300257338f,0.7497656199648649f,0.06454734203386815f,0.8802873974777532f,-0.47002950809306326f,0.4851553268476583f,0.4764366443320286f,-0.44104769347002687f,-0.7605820508152987f,0.41808936750739584f,0f,0f,0f,1f],start_interpolation:0}
execute if entity @s[tag=aj.lexiel.bone.sword] run data modify entity @s {} merge value {transformation:[-0.000009726178955839422f,-0.0000058486718043790475f,0.0000022104043280920167f,-0.0934897443982729f,0.000002665011752679064f,-0.0000075756880278960245f,-0.000008318537702750132f,2.0197182195735457f,0.000005656019936940538f,-0.000006487942299269822f,0.000007720586081657063f,-0.0980850953958681f,0f,0f,0f,1f],start_interpolation:0}
execute if entity @s[tag=aj.lexiel.bone.rod] run data modify entity @s {} merge value {transformation:[0.019576036461842458f,0.8535168376793644f,-0.5206974040594613f,-0.12780031505063033f,0.9270936574719365f,-0.21047750717382066f,-0.31015571774385015f,2.024811522582854f,-0.37431821899521966f,-0.47666364112622606f,-0.7954103621128757f,-0.2037411245591066f,0f,0f,0f,1f],start_interpolation:0}
execute if entity @s[tag=aj.lexiel.bone.right_hand] run data modify entity @s {} merge value {transformation:[-0.8620224534854283f,-0.4087223440087985f,0.29977213879030845f,-0.2934404031184903f,0.40881956225660887f,-0.9102622058010393f,-0.06549261184700145f,1.6451591233418201f,0.2996395421223261f,0.06609661260746019f,0.9517601497218421f,-0.11013247612464583f,0f,0f,0f,1f],start_interpolation:0}
execute if entity @s[tag=aj.lexiel.bone.right_arm] run data modify entity @s {} merge value {transformation:[-0.8620224534854283f,-0.4087223440087985f,0.29977213879030845f,-0.39422793394982014f,0.40881956225660887f,-0.9102622058010393f,-0.06549261184700145f,1.3479265727084764f,0.2996395421223261f,0.06609661260746019f,0.9517601497218421f,-0.0988410203761372f,0f,0f,0f,1f],start_interpolation:0}
execute if entity @s[tag=aj.lexiel.bone.left_hand] run data modify entity @s {} merge value {transformation:[-0.7301644359548507f,-0.043439003399515216f,-0.681889250135527f,0.20898498141398547f,-0.33764182673441073f,0.8905540558939361f,0.30481382903390414f,1.0215241265790072f,0.5940184284230453f,0.4527985495940961f,-0.6649177243684354f,-0.5387953174220703f,0f,0f,0f,1f],start_interpolation:0}
execute if entity @s[tag=aj.lexiel.bone.left_arm] run data modify entity @s {} merge value {transformation:[-0.7301644359548507f,-0.08892525773982296f,-0.6774601058384475f,0.1811958383702908f,-0.33764182673441073f,0.9089384093431782f,0.24459960110381057f,1.3055673794987503f,0.5940184284230453f,0.4073367974497263f,-0.6936993874418633f,-0.4115025682190309f,0f,0f,0f,1f],start_interpolation:0}
execute if entity @s[tag=aj.lexiel.bone.skirt_right] run data modify entity @s {} merge value {transformation:[-0.9999935822777145f,-0.0008424032112263511f,-0.003482206227880122f,-0.21848467782798467f,0.0005141770494495428f,0.928155017070828f,-0.37219349793919376f,0.7198015193315619f,0.003545564178743764f,-0.3721928997752114f,-0.9281486272852931f,0.13398942489347848f,0f,0f,0f,1f],start_interpolation:0}
execute if entity @s[tag=aj.lexiel.bone.skirt_left] run data modify entity @s {} merge value {transformation:[-0.9999935822777145f,-0.0006897097276906437f,-0.003515637051133191f,0.2190125144185154f,0.0005141770494495428f,0.9435064715183586f,-0.33135369897578987f,0.7195765668724278f,0.003545564178743764f,-0.33135338009965754f,-0.9435000617229373f,0.1324382405652781f,0f,0f,0f,1f],start_interpolation:0}
execute if entity @s[tag=aj.lexiel.bone.skirt_back_middle] run data modify entity @s {} merge value {transformation:[-0.9999935822777145f,-0.0002249264478462725f,-0.003575585473293966f,-0.0007681024070275462f,0.0005141770494495428f,0.9786849794651511f,-0.2053666150844834f,0.6730193103735234f,0.003545564178743764f,-0.20536713558256983f,-0.9786785828847308f,-0.15109002493056112f,0f,0f,0f,1f],start_interpolation:0}
execute if entity @s[tag=aj.lexiel.bone.skirt_front_middle] run data modify entity @s {} merge value {transformation:[-0.9999935822777145f,-0.001142691882870565f,-0.0033955351043087893f,0.0005377249284274997f,0.0005141770494495428f,0.8921843062544731f,-0.45167122920901925f,0.812591872100721f,0.003545564178743764f,-0.4516700764147271f,-0.8921779929174274f,0.1969657103014238f,0f,0f,0f,1f],start_interpolation:0}
execute if entity @s[tag=aj.lexiel.bone.skirt] run data modify entity @s {} merge value {transformation:[-0.9999935822777145f,-0.0008424032112263511f,-0.003482206227880122f,0.0002481232350548911f,0.0005141770494495428f,0.928155017070828f,-0.37219349793919376f,0.7370919496720729f,0.003545564178743764f,-0.3721928997752114f,-0.9281486272852931f,0.12623521585859304f,0f,0f,0f,1f],start_interpolation:0}
execute if entity @s[tag=aj.lexiel.bone.rightupper] run data modify entity @s {} merge value {transformation:[-0.9978299426892278f,-0.048519680070159034f,-0.044511190937804736f,-0.13789028738393982f,-0.015336008116058123f,0.8286800734380092f,-0.5595124151811467f,0.6663393428779226f,0.06403290035502451f,-0.5576156171886375f,-0.8276258883936983f,0.05930410232146913f,0f,0f,0f,1f],start_interpolation:0}
execute if entity @s[tag=aj.lexiel.bone.rightfoot] run data modify entity @s {} merge value {transformation:[-0.9988271773384519f,0.022468700238920867f,-0.042888545320095166f,-0.08978211889284976f,0.02276692957400083f,0.9997198132939467f,-0.006477794785937352f,0.4528718105581489f,0.04273098089060005f,-0.007446637972249481f,-0.999058862557676f,0.30204066486595094f,0f,0f,0f,1f],start_interpolation:0}
execute if entity @s[tag=aj.lexiel.bone.leftupper] run data modify entity @s {} merge value {transformation:[-0.9989974656911884f,-0.044646337995607244f,-0.0032814701225153307f,0.13533222893896663f,-0.03932220480768822f,0.91017359808468f,-0.4123563817362958f,0.6704220572756305f,0.021396909862061463f,-0.41181394567591995f,-0.9110167102722021f,0.05762277773844961f,0f,0f,0f,1f],start_interpolation:0}
execute if entity @s[tag=aj.lexiel.bone.leftfoot] run data modify entity @s {} merge value {transformation:[-0.9961148845132635f,-0.06697744681774158f,-0.05717655523817744f,0.15473952588270626f,-0.08038181944723127f,0.9567258761619837f,0.2796683052911746f,0.45335661044282527f,0.0359708208619218f,0.28317771716690826f,-0.9583926546810855f,0.2875148569329658f,0f,0f,0f,1f],start_interpolation:0}
execute if entity @s[tag=aj.lexiel.bone.lower] run data modify entity @s {} merge value {transformation:[-0.9999935822777145f,-0.0008424032112263511f,-0.003482206227880122f,-0.00001252084793181169f,0.0005141770494495428f,0.928155017070828f,-0.37219349793919376f,0.6296866985316151f,0.003545564178743764f,-0.3721928997752114f,-0.9281486272852931f,0.06829885234553519f,0f,0f,0f,1f],start_interpolation:0}