execute if entity @s[tag=aj.lexiel.bone.backhair] run data modify entity @s {} merge value {transformation:[-0.9711069671683937f,0.08194899504517396f,0.2241330420265837f,0.05514573202585786f,0.12302432257668341f,0.9766852950703557f,0.1759285379007059f,1.502391311772897f,-0.2044902794060208f,0.1984192445414961f,-0.9585476143750136f,-0.2739730677819794f,0f,0f,0f,1f],start_interpolation:0}
execute if entity @s[tag=aj.lexiel.bone.head] run data modify entity @s {} merge value {transformation:[-0.9711069671683937f,0.10594320598071177f,0.21383941503738912f,1.6752523627595776e-18f,0.12302432257668341f,0.9900587724613037f,0.06818095868323162f,1.4997504129423715f,-0.2044902794060208f,0.09251845318067567f,-0.9744865629907387f,-0.01367947365661637f,0f,0f,0f,1f],start_interpolation:0}
execute if entity @s[tag=aj.lexiel.bone.ring] run data modify entity @s {} merge value {transformation:[-0.8989080783866998f,0.15850174739637493f,0.4084623148877095f,0f,0.15885883798091952f,0.9867396797182522f,-0.03329675757296919f,0.9376247935288142f,-0.40832356802722347f,0.034957124335632445f,-0.9121676727727752f,0.006839736828308185f,0f,0f,0f,1f],start_interpolation:0}
execute if entity @s[tag=aj.lexiel.bone.bust] run data modify entity @s {} merge value {transformation:[-0.9127751844329324f,0.20423115744385473f,0.3537387411813552f,-0.029358228882554127f,-0.01490013193660523f,0.8488006283783218f,-0.5285030551783385f,1.3928414136180705f,-0.4081904564681763f,-0.487675227578467f,-0.7717210789233325f,0.055872424307106594f,0f,0f,0f,1f],start_interpolation:0}
execute if entity @s[tag=aj.lexiel.bone.left_wing] run data modify entity @s {} merge value {transformation:[-0.9261823497394637f,4.4673396340255404e-18f,-0.3770759274086399f,0.16515468741508021f,0.013755200574748471f,0.9993344345129906f,-0.03378583214529078f,1.1539296228739855f,0.37682495868537463f,-0.03647859641764365f,-0.9255659147327999f,-0.06413710817612628f,0f,0f,0f,1f],start_interpolation:0}
execute if entity @s[tag=aj.lexiel.bone.right_wing] run data modify entity @s {} merge value {transformation:[-0.6708655099372037f,4.4673396340255404e-18f,0.7415790366351356f,-0.06303910869315293f,-0.027051762389198084f,0.9993344345129906f,-0.02447223218751596f,1.1502045898898343f,-0.7410854672224616f,-0.03647859641764365f,-0.6704190050073646f,-0.16618472229317038f,0f,0f,0f,1f],start_interpolation:0}
execute if entity @s[tag=aj.lexiel.bone.body] run data modify entity @s {} merge value {transformation:[-0.9127751844329324f,4.4673396340255404e-18f,0.4084623148877095f,0.2521564347726114f,-0.01490013193660523f,0.9993344345129906f,-0.03329675757296919f,0.24345161347738947f,-0.4081904564681763f,-0.03647859641764365f,-0.9121676727727752f,0.6932377926239653f,0f,0f,0f,1f],start_interpolation:0}
execute if entity @s[tag=aj.lexiel.locator_origin.locator_right_hand] at @s on origin run tp @s ^-0.36752 ^0.59278 ^-0.176 ~24.02299 ~2.31241
execute if entity @s[tag=aj.lexiel.bone.sword] run data modify entity @s {} merge value {transformation:[-0.0000089494564700779f,-0.0000019564460064406556f,0.000007054853234764227f,-0.3687781219405504f,0.0000036628568985109864f,0.000008450674930688809f,0.000006990062861438244f,0.6801204573694202f,-0.000006338936384064077f,0.000007645248098636837f,-0.000005921104059132768f,-0.25830240892414036f,0f,0f,0f,1f],start_interpolation:0}
execute if entity @s[tag=aj.lexiel.bone.rod] run data modify entity @s {} merge value {transformation:[-0.9055546067129029f,-0.20246135245728106f,0.3728005566280829f,-0.41371258912561226f,0.14952955325471756f,0.6700440506270918f,0.7271051388366636f,0.6780094612264187f,-0.3970034848266252f,0.7141781087238729f,-0.5764875211616534f,-0.15660315692117818f,0f,0f,0f,1f],start_interpolation:0}
execute if entity @s[tag=aj.lexiel.bone.right_hand] run data modify entity @s {} merge value {transformation:[-0.9055546067129029f,0.12044800637109386f,0.40677159687258f,-0.35118082858603644f,0.14952955325471756f,0.9879336661991099f,0.040348282414871935f,1.0973500463285775f,-0.3970034848266252f,0.09736194817080544f,-0.9126384191364624f,-0.18065109059297613f,0f,0f,0f,1f],start_interpolation:0}
execute if entity @s[tag=aj.lexiel.bone.right_arm] run data modify entity @s {} merge value {transformation:[-0.9055546067129029f,0.12044800637109386f,0.40677159687258f,-0.2852422451352914f,0.14952955325471756f,0.9879336661991099f,0.040348282414871935f,1.4014065184765894f,-0.3970034848266252f,0.09736194817080544f,-0.9126384191364624f,-0.13781912288876738f,0f,0f,0f,1f],start_interpolation:0}
execute if entity @s[tag=aj.lexiel.locator_origin.locator_left_hand] at @s on origin run tp @s ^0.53122 ^0.69699 ^0.11324 ~22.3712 ~6.67505
execute if entity @s[tag=aj.lexiel.bone.left_hand] run data modify entity @s {} merge value {transformation:[-0.8812079751101275f,-0.28384706003995164f,0.3780255958384102f,0.41885116831767377f,-0.2589947581318585f,0.9588588974161463f,0.11623824717412337f,1.1201212262086597f,-0.3954670907452718f,0.004523422660838994f,-0.9184690080698981f,0.08651860619940865f,0f,0f,0f,1f],start_interpolation:0}
execute if entity @s[tag=aj.lexiel.bone.left_arm] run data modify entity @s {} merge value {transformation:[-0.8812079751101275f,-0.3362710357403305f,0.3322563695769192f,0.3137664696488205f,-0.2589947581318585f,0.9314032123242463f,0.2557533408037814f,1.4111847300599867f,-0.3954670907452718f,0.13931922550100698f,-0.9078523743116337f,0.13005586416847334f,0f,0f,0f,1f],start_interpolation:0}
execute if entity @s[tag=aj.lexiel.bone.skirt_right] run data modify entity @s {} merge value {transformation:[-1f,3.394180942988419e-17f,1.1766712114794006e-16f,-0.21875f,0f,0.9608249597342229f,-0.27715590693999115f,0.7083651310033483f,-1.2246467991473532e-16f,-0.27715590693999115f,-0.9608249597342229f,0.09186050620934323f,0f,0f,0f,1f],start_interpolation:0}
execute if entity @s[tag=aj.lexiel.bone.skirt_left] run data modify entity @s {} merge value {transformation:[-1f,2.8776936610680215e-17f,1.1903564905490906e-16f,0.21875f,0f,0.971999838139342f,-0.23498151982037457f,0.7083651310033483f,-1.2246467991473532e-16f,-0.23498151982037457f,-0.971999838139342f,0.09186050620934329f,0f,0f,0f,1f],start_interpolation:0}
execute if entity @s[tag=aj.lexiel.bone.skirt_back_middle] run data modify entity @s {} merge value {transformation:[-1f,1.299347591915911e-17f,1.2177342653533573e-16f,2.3965573422493123e-17f,0f,0.99435548780366f,-0.10609978263288378f,0.6904665921598647f,-1.2246467991473532e-16f,-0.10609978263288378f,-0.99435548780366f,-0.19569375789965637f,0f,0f,0f,1f],start_interpolation:0}
execute if entity @s[tag=aj.lexiel.bone.skirt_front_middle] run data modify entity @s {} merge value {transformation:[-1f,4.406801593831843e-17f,1.1426113861623596e-16f,-2.01595970079844e-17f,0f,0.933013001755192f,-0.3598426580545534f,0.7944000572623614f,-1.2246467991473532e-16f,-0.3598426580545534f,-0.933013001755192f,0.1646156020006772f,0f,0f,0f,1f],start_interpolation:0}
execute if entity @s[tag=aj.lexiel.bone.skirt] run data modify entity @s {} merge value {transformation:[-1f,3.394180942988419e-17f,1.1766712114794006e-16f,-1.0613258562922448e-17f,0f,0.9608249597342229f,-0.27715590693999115f,0.726380598998365f,-1.2246467991473532e-16f,-0.27715590693999115f,-0.9608249597342229f,0.08666383295421841f,0f,0f,0f,1f],start_interpolation:0}
execute if entity @s[tag=aj.lexiel.bone.rightupper] run data modify entity @s {} merge value {transformation:[-0.9981449311094932f,-0.044633539854174335f,-0.041407047956972025f,-0.13783559714659072f,-0.022700911339535605f,0.9039090124127356f,-0.42712195670954184f,0.6645946415056762f,0.056492168703101614f,-0.4253896383306944f,-0.9032454209549592f,0.012307920837333584f,0f,0f,0f,1f],start_interpolation:0}
execute if entity @s[tag=aj.lexiel.bone.rightfoot] run data modify entity @s {} merge value {transformation:[-0.9989841248739492f,0.011118802758415945f,-0.043670247022993845f,-0.0912005160235475f,0.01819912458073626f,0.9860835551733802f,-0.1652513663517555f,0.4166088239723916f,0.041225115091709584f,-0.16587825186517582f,-0.985284169894061f,0.21999014319232252f,0f,0f,0f,1f],start_interpolation:0}
execute if entity @s[tag=aj.lexiel.bone.leftupper] run data modify entity @s {} merge value {transformation:[-0.9990466999447866f,-0.043653929068863194f,0.00016064333891126824f,0.13536095323455524f,-0.04142680420930021f,0.94690430209545f,-0.31883547883843366f,0.6669549609165761f,0.013766307509131956f,-0.31853818789900157f,-0.947810060944483f,0.012190381697811677f,0f,0f,0f,1f],start_interpolation:0}
execute if entity @s[tag=aj.lexiel.bone.leftfoot] run data modify entity @s {} merge value {transformation:[-0.9961946980917455f,-0.08385060784697111f,-0.023773915487134912f,0.15406446566391613f,-0.08374141301612496f,0.9964720424626103f,-0.005553767771209417f,0.4279145390410238f,0.024155728926255636f,-0.003541772732293058f,-0.9997019338812715f,0.21920267912814434f,0f,0f,0f,1f],start_interpolation:0}
execute if entity @s[tag=aj.lexiel.bone.lower] run data modify entity @s {} merge value {transformation:[-1f,3.394180942988419e-17f,1.1766712114794006e-16f,-2.2336698170127702e-18f,0f,0.9608249597342229f,-0.27715590693999115f,0.6253327827435047f,-1.2246467991473532e-16f,-0.27715590693999115f,-0.9608249597342229f,0.018239298208821825f,0f,0f,0f,1f],start_interpolation:0}