execute if entity @s[tag=aj.lexiel.bone.backhair] run data modify entity @s {} merge value {transformation:[-0.8127780580529338f,-0.014949988921557897f,0.5823815984206122f,0.14827395204182006f,0.14828873686888364f,0.961434464973117f,0.2316338059949103f,1.5023797040047464f,-0.5633846633211921f,0.2746275066214272f,-0.7792159224126295f,-0.14463455585545382f,0f,0f,0f,1f],start_interpolation:0}
execute if entity @s[tag=aj.lexiel.bone.head] run data modify entity @s {} merge value {transformation:[-0.8127780580529338f,0.08330189203648822f,0.5765870473144911f,-0.003580390338021504f,0.14828873686888364f,0.9867071077319056f,0.06647957633114812f,1.5001383651000961f,-0.5633846633211921f,0.1395345058918375f,-0.8143266192382439f,0.07385117903426468f,0f,0f,0f,1f],start_interpolation:0}
execute if entity @s[tag=aj.lexiel.bone.ring] run data modify entity @s {} merge value {transformation:[-0.6594483166538548f,0.10113782290574568f,0.7449154706678358f,0.004806870723791858f,0.2028742694641989f,0.9780856763607844f,0.046802141908620684f,0.9385073688873262f,-0.7238576852197985f,0.18198777562175183f,-0.6655152147565688f,0.04374257652713076f,0f,0f,0f,1f],start_interpolation:0}
execute if entity @s[tag=aj.lexiel.bone.bust] run data modify entity @s {} merge value {transformation:[-0.6669922135923493f,0.35954470218244683f,0.6525710644364441f,-0.055490333474697416f,0.02994935815285371f,0.8880885558841249f,-0.458695708344739f,1.387568434109042f,-0.7444625060763035f,-0.28640238134517193f,-0.6031162848128084f,0.11583063460739473f,0f,0f,0f,1f],start_interpolation:0}
execute if entity @s[tag=aj.lexiel.bone.left_wing] run data modify entity @s {} merge value {transformation:[-0.996992412516746f,-0.014910686332112698f,0.07605130384907288f,0.17803361862116537f,-0.010774517599384612f,0.9984551043782578f,0.05450976345117565f,1.159026020939541f,-0.07674659050758692f,0.053526404457126794f,-0.9956128187560428f,0.06531988891709406f,0f,0f,0f,1f],start_interpolation:0}
execute if entity @s[tag=aj.lexiel.bone.right_wing] run data modify entity @s {} merge value {transformation:[-0.33941126005344835f,-0.014910686332112698f,0.9405198923903928f,0.011285565223078088f,0.04529968322994949f,0.9984551043782578f,0.03217674999543625f,1.1665133604777544f,-0.939546664752846f,0.053526404457126794f,-0.3382114557162358f,-0.12079573760198181f,0f,0f,0f,1f],start_interpolation:0}
execute if entity @s[tag=aj.lexiel.bone.body] run data modify entity @s {} merge value {transformation:[-0.6669922135923493f,-0.014910686332112698f,0.7449154706678358f,-0.023437702012745386f,0.02994935815285371f,0.9984551043782578f,0.046802141908620684f,0.18249201258471615f,-0.7444625060763035f,0.053526404457126794f,-0.6655152147565688f,0.710259333740007f,0f,0f,0f,1f],start_interpolation:0}
execute if entity @s[tag=aj.lexiel.bone.sword] run data modify entity @s {} merge value {transformation:[-0.0000024200534795739684f,-0.000008911574333072928f,0.000006958346808841724f,0.01070010182432668f,0.000006753954239368145f,0.0000045673930664716234f,0.000008198440641906733f,0.8230807538309941f,-0.000009067461030438623f,0.000005780499090257068f,0.000004249516087628592f,-0.5397647948289914f,0f,0f,0f,1f],start_interpolation:0}
execute if entity @s[tag=aj.lexiel.bone.rod] run data modify entity @s {} merge value {transformation:[-0.3254843666931987f,-0.892573928507141f,0.31204440258985056f,-0.08987624086167237f,-0.2373227449875265f,0.39656714869719784f,0.8867989689246151f,0.7821202458934369f,-0.915280198491103f,0.2145839666039936f,-0.34090450206264966f,-0.5158275941993455f,0f,0f,0f,1f],start_interpolation:0}
execute if entity @s[tag=aj.lexiel.bone.right_hand] run data modify entity @s {} merge value {transformation:[-0.35796476358283125f,-0.25158916187021674f,0.8992019359757462f,-0.14318236601951584f,0.3807078070670025f,0.8400085810847273f,0.3865839486350377f,1.165286810869268f,-0.8525976739771942f,0.4807166289337881f,-0.20491151503810834f,-0.34067907838603184f,0f,0f,0f,1f],start_interpolation:0}
execute if entity @s[tag=aj.lexiel.bone.right_arm] run data modify entity @s {} merge value {transformation:[-0.35796476358283125f,-0.25158916187021674f,0.8992019359757462f,-0.2106175802419951f,0.3807078070670025f,0.8400085810847273f,0.3865839486350377f,1.4158923734874014f,-0.8525976739771942f,0.4807166289337881f,-0.20491151503810834f,-0.16381145453243579f,0f,0f,0f,1f],start_interpolation:0}
execute if entity @s[tag=aj.lexiel.bone.left_hand] run data modify entity @s {} merge value {transformation:[-0.5080149959651221f,0.13035899931071915f,0.8514266234815921f,0.2864609928572359f,-0.2826244367799306f,0.9085282975574813f,-0.3077332615628864f,1.0968196968634583f,-0.8136609807588073f,-0.39696708155212657f,-0.42470336065847564f,0.3916798742024034f,0f,0f,0f,1f],start_interpolation:0}
execute if entity @s[tag=aj.lexiel.bone.left_arm] run data modify entity @s {} merge value {transformation:[-0.5080149959651221f,-0.1899677853736058f,0.8401386816441704f,0.22709605992798412f,-0.2826244367799306f,0.9581389130756243f,0.04575205989994958f,1.3962381071995908f,-0.8136609807588073f,-0.21420098919124816f,-0.5404384744076857f,0.32474206508013836f,0f,0f,0f,1f],start_interpolation:0}
execute if entity @s[tag=aj.lexiel.bone.skirt_right] run data modify entity @s {} merge value {transformation:[-0.9496941555767288f,0.05634115058623021f,0.30806928703462794f,-0.22335127224176649f,-0.04346179012473966f,0.9504563452272097f,-0.3078048222762083f,0.7024385530636514f,-0.3101484864747164f,-0.3057096834710259f,-0.9001941489309335f,0.0378227698078502f,0f,0f,0f,1f],start_interpolation:0}
execute if entity @s[tag=aj.lexiel.bone.skirt_left] run data modify entity @s {} merge value {transformation:[-0.9496941555767288f,0.04284973272852262f,0.3102336398079654f,0.19213992082305237f,-0.04346179012473966f,0.9629779791662204f,-0.26605353679305854f,0.721453086243225f,-0.3101484864747164f,-0.26615279830585375f,-0.9126722326725002f,0.17351273264053862f,0f,0f,0f,1f],start_interpolation:0}
execute if entity @s[tag=aj.lexiel.bone.skirt_back_middle] run data modify entity @s {} merge value {transformation:[-0.9496941555767288f,0.0019895316222341905f,0.31317256046360187f,0.07456013318077144f,-0.04346179012473966f,0.9894665241447608f,-0.13808356309147898f,0.6847792349649552f,-0.3101484864747164f,-0.1447481929448845f,-0.9396041065132874f,-0.16661870837956977f,0f,0f,0f,1f],start_interpolation:0}
execute if entity @s[tag=aj.lexiel.bone.skirt_front_middle] run data modify entity @s {} merge value {transformation:[-0.9496941555767288f,0.08297676302763568f,0.3019865355621999f,-0.040965849457214036f,-0.04346179012473966f,0.9200126139762101f,-0.3894712607161328f,0.8002060433185333f,-0.3101484864747164f,-0.38300345549631326f,-0.8701242838901384f,0.17095409746953033f,0f,0f,0f,1f],start_interpolation:0}
execute if entity @s[tag=aj.lexiel.bone.skirt] run data modify entity @s {} merge value {transformation:[-0.9496941555767288f,0.05634115058623021f,0.30806928703462794f,-0.014549279135865236f,-0.04346179012473966f,0.9504563452272097f,-0.3078048222762083f,0.7297668761264484f,-0.3101484864747164f,-0.3057096834710259f,-0.9001941489309335f,0.09993569465911266f,0f,0f,0f,1f],start_interpolation:0}
execute if entity @s[tag=aj.lexiel.bone.rightupper] run data modify entity @s {} merge value {transformation:[-0.9648363895151494f,0.06213005306361415f,0.25540281512482116f,-0.1203500825338556f,-0.06418926093085174f,0.886552395793606f,-0.45815345496216475f,0.6596507775526979f,-0.2548930761094191f,-0.4584372432721078f,-0.8513899304857605f,-0.010690490499543577f,0f,0f,0f,1f],start_interpolation:0}
execute if entity @s[tag=aj.lexiel.bone.rightfoot] run data modify entity @s {} merge value {transformation:[-0.9621446969983051f,-0.013953974150728257f,0.2721816831519721f,-0.13308596464945346f,-0.02389161925085677f,0.9991620892521871f,-0.03323115903450258f,0.4209299279956982f,-0.2714899124601351f,-0.03847604458107817f,-0.9616718886531845f,0.21214122923464013f,0f,0f,0f,1f],start_interpolation:0}
execute if entity @s[tag=aj.lexiel.bone.leftupper] run data modify entity @s {} merge value {transformation:[-0.951784056880048f,0.02821365774233749f,0.3054686540150336f,0.13906624085998084f,-0.08434139786202066f,0.9333212870968108f,-0.34899556395265646f,0.6739044655350023f,-0.2949468387279958f,-0.35793206697465746f,-0.885940741672721f,0.07382209800740969f,0f,0f,0f,1f],start_interpolation:0}
execute if entity @s[tag=aj.lexiel.bone.leftfoot] run data modify entity @s {} merge value {transformation:[-0.9509907374208552f,-0.11129485326846053f,0.2884962269695918f,0.09979046572789432f,-0.12613413360934392f,0.9914539255521445f,-0.03330606319970436f,0.442718676013101f,-0.2823239233192232f,-0.06806297924124666f,-0.9569015796718318f,0.2867891463286806f,0f,0f,0f,1f],start_interpolation:0}
execute if entity @s[tag=aj.lexiel.bone.lower] run data modify entity @s {} merge value {transformation:[-0.9496941555767288f,0.05634115058623021f,0.30806928703462794f,0.009930564134081896f,-0.04346179012473966f,0.9504563452272097f,-0.3078048222762083f,0.6266557720671782f,-0.3101484864747164f,-0.3057096834710259f,-0.9001941489309335f,0.03942606221801153f,0f,0f,0f,1f],start_interpolation:0}