execute if entity @s[tag=aj.lexiel.bone.backhair] run data modify entity @s {} merge value {transformation:[-0.7859337942945519f,0.19588888162389703f,-0.5864602433600318f,-0.30185871321661384f,0.26564872486842317f,0.9634634724349509f,-0.03418906637168434f,1.2880244707252402f,0.5583357645373883f,-0.1826627584915037f,-0.809256134174295f,-0.45816096898580827f,0f,0f,0f,1f],start_interpolation:0}
execute if entity @s[tag=aj.lexiel.bone.head] run data modify entity @s {} merge value {transformation:[-0.7859337942945519f,-0.05269672276424208f,-0.6160609761993349f,-0.13904090270685682f,0.26564872486842317f,0.8709382769926266f,-0.4133972334751354f,1.4114415214450828f,0.5583357645373883f,-0.4885586690245332f,-0.6705010074261086f,-0.2876928680917565f,0f,0f,0f,1f],start_interpolation:0}
execute if entity @s[tag=aj.lexiel.bone.ring] run data modify entity @s {} merge value {transformation:[-0.8970205739712722f,-0.02241904892134658f,-0.44141984110108995f,-0.039003404535930875f,0.20857143030397834f,0.859049919617896f,-0.4674732014409371f,0.9151944196545203f,0.38968198358815864f,-0.5114006470957467f,-0.7659094788660402f,-0.04246325543421281f,0f,0f,0f,1f],start_interpolation:0}
execute if entity @s[tag=aj.lexiel.bone.bust] run data modify entity @s {} merge value {transformation:[-0.8794997888681522f,-0.37472772454532055f,-0.29335857553165545f,-0.08786211587225834f,0.056230308553632646f,0.530285793421806f,-0.8459522029612363f,1.3485486657838184f,0.4725656290726601f,-0.7605104271159546f,-0.445315187779475f,-0.18495958850373745f,0f,0f,0f,1f],start_interpolation:0}
execute if entity @s[tag=aj.lexiel.bone.left_wing] run data modify entity @s {} merge value {transformation:[-0.08407325759478274f,-0.1778444411927574f,-0.9804606275084364f,-0.023146882575963756f,0.4277846715661968f,0.8822170698498891f,-0.19670616776928168f,1.0427164649348624f,0.8999622003897731f,-0.4359637558356331f,0.0019082628975133908f,-0.29263971551559514f,0f,0f,0f,1f],start_interpolation:0}
execute if entity @s[tag=aj.lexiel.bone.right_wing] run data modify entity @s {} merge value {transformation:[-0.9790034266051928f,-0.1778444411927574f,0.09961749561260214f,-0.2430218297930018f,-0.203468132918503f,0.8822170698498891f,-0.4246101277079177f,1.0567740420732705f,-0.01236970419813399f,-0.4359637558356331f,-0.899879210792059f,-0.17449830824743012f,0f,0f,0f,1f],start_interpolation:0}
execute if entity @s[tag=aj.lexiel.bone.body] run data modify entity @s {} merge value {transformation:[-0.8794997888681522f,-0.1778444411927574f,-0.44141984110108995f,0.7492821025559846f,0.056230308553632646f,0.8822170698498891f,-0.4674732014409371f,0.48672234714356466f,0.4725656290726601f,-0.4359637558356331f,-0.7659094788660402f,0.4175576189693386f,0f,0f,0f,1f],start_interpolation:0}
execute if entity @s[tag=aj.lexiel.bone.sword] run data modify entity @s {} merge value {transformation:[-0.000009715005286662612f,-0.000005894137751687689f,0.0000021375730851242307f,-0.09156692240424219f,0.000002513997200245815f,-0.000007273313800020701f,-0.000008629607794887588f,2.0153202742347207f,0.0000057436831917571605f,-0.000006785974711164079f,0.000007392702946971958f,-0.07178107260480428f,0f,0f,0f,1f],start_interpolation:0}
execute if entity @s[tag=aj.lexiel.bone.rod] run data modify entity @s {} merge value {transformation:[0.07188287266741564f,-0.05606174326645283f,-0.9958362985747237f,-0.12567475707743125f,0.9250979988856566f,-0.3694913299960134f,0.0875776770389049f,2.0247860510085185f,-0.372862635664709f,-0.9275415020362717f,0.025302508284019476f,-0.17720097199698825f,0f,0f,0f,1f],start_interpolation:0}
execute if entity @s[tag=aj.lexiel.bone.right_hand] run data modify entity @s {} merge value {transformation:[-0.8594730362760586f,-0.4154750681669551f,0.29780290066766774f,-0.29423424394778674f,0.4031582113110636f,-0.9091099997093746f,-0.10479725702939297f,1.6430012115823163f,0.31427624244743124f,0.029991268063968457f,0.9488577170856748f,-0.09869564559046748f,0f,0f,0f,1f],start_interpolation:0}
execute if entity @s[tag=aj.lexiel.bone.right_arm] run data modify entity @s {} merge value {transformation:[-0.8594730362760586f,-0.4154750681669551f,0.29780290066766774f,-0.39721167036633337f,0.4031582113110636f,-0.9091099997093746f,-0.10479725702939297f,1.346305642569666f,0.31427624244743124f,0.029991268063968457f,0.9488577170856748f,-0.09914450689695957f,0f,0f,0f,1f],start_interpolation:0}
execute if entity @s[tag=aj.lexiel.bone.left_hand] run data modify entity @s {} merge value {transformation:[-0.7343765217876549f,-0.04285551237722379f,-0.6773880197537828f,0.20766242342174146f,-0.3324520763689088f,0.8928033161691822f,0.3039372559514748f,1.024609883514335f,0.5917488835351251f,0.44840343854189696f,-0.6699011980424695f,-0.534887571476607f,0f,0f,0f,1f],start_interpolation:0}
execute if entity @s[tag=aj.lexiel.bone.left_arm] run data modify entity @s {} merge value {transformation:[-0.7343765217876549f,-0.0886475434987199f,-0.672928478576073f,0.1799600660783915f,-0.3324520763689088f,0.9113427810144308f,0.242754922526577f,1.3094045025813446f,0.5917488835351251f,0.4019899856022856f,-0.6987398015788187f,-0.40926570097589277f,0f,0f,0f,1f],start_interpolation:0}
execute if entity @s[tag=aj.lexiel.bone.skirt_right] run data modify entity @s {} merge value {transformation:[-0.9998316568968528f,-0.0041997597152503f,-0.017861127770329516f,-0.2174110494431374f,0.0026330339430057914f,0.9305352990992068f,-0.36619274195784474f,0.7194148460404968f,0.01815833139770433f,-0.3661781248909932f,-0.9303675917894858f,0.13456465967174872f,0f,0f,0f,1f],start_interpolation:0}
execute if entity @s[tag=aj.lexiel.bone.skirt_left] run data modify entity @s {} merge value {transformation:[-0.9998316568968528f,-0.0034166710235961784f,-0.018027318880254873f,0.2200153004492357f,0.0026330339430057914f,0.9456227387460385f,-0.32525482794064187f,0.7182628936904317f,0.01815833139770433f,-0.3252475400761058f,-0.9454545534690143f,0.12662038968525308f,0f,0f,0f,1f],start_interpolation:0}
execute if entity @s[tag=aj.lexiel.bone.skirt_back_middle] run data modify entity @s {} merge value {transformation:[-0.9998316568968528f,-0.0010344036399729155f,-0.01831905772695436f,-0.003983801664559175f,0.0026330339430057914f,0.9799870793202691f,-0.19904369243355519f,0.6740056173835208f,0.01815833139770433f,-0.199058419501508f,-0.9798193816343973f,-0.15395949331797906f,0f,0f,0f,1f],start_interpolation:0}
execute if entity @s[tag=aj.lexiel.bone.skirt_front_middle] run data modify entity @s {} merge value {transformation:[-0.9998316568968528f,-0.005740478218725541f,-0.017427127609397172f,0.002714121249314394f,0.0026330339430057914f,0.8950785309357091f,-0.44590076316398924f,0.8113278956177126f,0.01815833139770433f,-0.44587158506434715f,-0.8949127357642519f,0.19492835360307809f,0f,0f,0f,1f],start_interpolation:0}
execute if entity @s[tag=aj.lexiel.bone.skirt] run data modify entity @s {} merge value {transformation:[-0.9998316568968528f,-0.0041997597152503f,-0.017861127770329516f,0.0012233800083882023f,0.0026330339430057914f,0.9305352990992068f,-0.36619274195784474f,0.7362864067235744f,0.01815833139770433f,-0.3661781248909932f,-0.9303675917894858f,0.12372668483679475f,0f,0f,0f,1f],start_interpolation:0}
execute if entity @s[tag=aj.lexiel.bone.rightupper] run data modify entity @s {} merge value {transformation:[-0.9968186248268964f,-0.05483677475684304f,-0.057840792979368866f,-0.13803542427030438f,-0.013553992133907254f,0.8317581290763846f,-0.5549727056464906f,0.6662237308764611f,0.0785424630085467f,-0.5524231556059354f,-0.8298552516282172f,0.05837655753027439f,0f,0f,0f,1f],start_interpolation:0}
execute if entity @s[tag=aj.lexiel.bone.rightfoot] run data modify entity @s {} merge value {transformation:[-0.9980430467932395f,0.02390768125203571f,-0.05777975012769153f,-0.08685543725997842f,0.024664602071832454f,0.9996185960945162f,-0.012422549926109638f,0.4513566322905475f,0.05746071834136403f,-0.013823354121905107f,-0.9982520627218933f,0.2992425801366303f,0f,0f,0f,1f],start_interpolation:0}
execute if entity @s[tag=aj.lexiel.bone.leftupper] run data modify entity @s {} merge value {transformation:[-0.9986641531233393f,-0.048617425587417176f,-0.017500148447811104f,0.1351424105630281f,-0.03731966739585519f,0.9129035886923701f,-0.40646559531903187f,0.6697710582677006f,0.03573725915492421f,-0.4052695198036044f,-0.9134984754372881f,0.052721820643313475f,0f,0f,0f,1f],start_interpolation:0}
execute if entity @s[tag=aj.lexiel.bone.leftfoot] run data modify entity @s {} merge value {transformation:[-0.9956609624075857f,-0.06011662024912799f,-0.07102985222723127f,0.15741761684434463f,-0.07847848069198765f,0.9526404350983544f,0.2937981100754316f,0.4511868928925665f,0.05000375991740518f,0.2980976239178035f,-0.9532247534598974f,0.28090817822720304f,0f,0f,0f,1f],start_interpolation:0}
execute if entity @s[tag=aj.lexiel.bone.lower] run data modify entity @s {} merge value {transformation:[-0.9998316568968528f,-0.0041997597152503f,-0.017861127770329516f,-0.0001229944923262603f,0.0026330339430057914f,0.9305352990992068f,-0.36619274195784474f,0.6292577669229009f,0.01815833139770433f,-0.3661781248909932f,-0.9303675917894858f,0.0651123891136393f,0f,0f,0f,1f],start_interpolation:0}