execute if entity @s[tag=aj.lexiel.bone.backhair] run data modify entity @s {} merge value {transformation:[-0.9660575574743734f,0.2500977319734284f,-0.06468322895770647f,0.014859439785742362f,0.24206287332532178f,0.9638406440513805f,0.11143059827582985f,1.3827927650079754f,0.09021286495914593f,0.09199096334079426f,-0.9916649140004377f,-0.42934189714724985f,0f,0f,0f,1f],start_interpolation:0}
execute if entity @s[tag=aj.lexiel.bone.head] run data modify entity @s {} merge value {transformation:[-0.9660575574743734f,0.2082584630562106f,-0.15284373788975736f,0.05871259614796245f,0.24206287332532178f,0.9364064337836999f,-0.25406407877931575f,1.4649098864616015f,0.09021286495914593f,-0.28243831775089956f,-0.9550341541860714f,-0.18007404865643242f,0f,0f,0f,1f],start_interpolation:0}
execute if entity @s[tag=aj.lexiel.bone.ring] run data modify entity @s {} merge value {transformation:[-0.9672269398363145f,0.2466436852810918f,0.06032362195558276f,0.016559173521058623f,0.21702642631812302f,0.9263649626301766f,-0.3078107962544128f,0.930547463538168f,-0.131801278956096f,-0.2846310744141495f,-0.9495333455668549f,-0.009527456992350247f,0f,0f,0f,1f],start_interpolation:0}
execute if entity @s[tag=aj.lexiel.bone.bust] run data modify entity @s {} merge value {transformation:[-0.9953618157551926f,0.09506125071354331f,0.014772080060131122f,0.046180336975784775f,0.052867719631396075f,0.6687993717919004f,-0.7415607894918228f,1.3831299829850532f,-0.08037325399349064f,-0.7373403277344432f,-0.6707230286332515f,-0.07866450217579879f,0f,0f,0f,1f],start_interpolation:0}
execute if entity @s[tag=aj.lexiel.bone.left_wing] run data modify entity @s {} merge value {transformation:[-0.6252504655350318f,0.07493941800338455f,-0.7768178286944373f,0.16491285092314595f,0.28162007654522414f,0.9499776407527708f,-0.1350281991158204f,1.0932702579671103f,0.7278406335420469f,-0.3031939407361459f,-0.6150784067629088f,-0.18449614297505268f,0f,0f,0f,1f],start_interpolation:0}
execute if entity @s[tag=aj.lexiel.bone.right_wing] run data modify entity @s {} merge value {transformation:[-0.8343199423519726f,0.07493941800338455f,0.5461632699322749f,-0.08392760301565211f,-0.10679727829386712f,0.9499776407527708f,-0.29349075525273677f,1.1064871878749596f,-0.5408369210240952f,-0.3031939407361459f,-0.7845819645888267f,-0.2045894564734254f,0f,0f,0f,1f],start_interpolation:0}
execute if entity @s[tag=aj.lexiel.bone.body] run data modify entity @s {} merge value {transformation:[-0.9953618157551926f,0.07493941800338455f,0.06032362195558276f,0.4302155637309309f,0.052867719631396075f,0.9499776407527708f,-0.3078107962544128f,0.37522257255862235f,-0.08037325399349064f,-0.3031939407361459f,-0.9495333455668549f,0.7233464876919273f,0f,0f,0f,1f],start_interpolation:0}
execute if entity @s[tag=aj.lexiel.bone.sword] run data modify entity @s {} merge value {transformation:[-0.000009944987157940916f,0.00000588958991404125f,-3.183823531759921e-7f,-0.46547994162193296f,0.000002375745709874381f,0.0000034286548313084043f,-0.000010783856667248459f,1.5932025679190376f,-0.000005398561752948999f,-0.000009340688568952995f,-0.000004159143458385046f,0.5006779201561169f,0f,0f,0f,1f],start_interpolation:0}
execute if entity @s[tag=aj.lexiel.bone.rod] run data modify entity @s {} merge value {transformation:[-0.20135641217728598f,-0.047554021206404506f,-0.9783630258458216f,-0.4072949185426589f,0.7346900821147223f,0.6532661107806808f,-0.18295866130835808f,1.6858239026667086f,0.6478318288856714f,-0.755633511414485f,-0.09660185251878879f,0.4806243685653806f,0f,0f,0f,1f],start_interpolation:0}
execute if entity @s[tag=aj.lexiel.bone.right_hand] run data modify entity @s {} merge value {transformation:[-0.8236263624846729f,0.2300573735194429f,-0.5183755587502191f,-0.3569947947658245f,0.4399064978502472f,-0.3177279520388392f,-0.8399590595036973f,1.5054077080957982f,-0.3579411797619781f,-0.9198492014360511f,0.16048538390788936f,0.0995009549958196f,0f,0f,0f,1f],start_interpolation:0}
execute if entity @s[tag=aj.lexiel.bone.right_arm] run data modify entity @s {} merge value {transformation:[-0.8236263624846729f,0.2300573735194429f,-0.5183755587502191f,-0.2593635417133526f,0.4399064978502472f,-0.3177279520388392f,-0.8399590595036973f,1.3923706450258406f,-0.3579411797619781f,-0.9198492014360511f,0.16048538390788936f,-0.17676625858538456f,0f,0f,0f,1f],start_interpolation:0}
execute if entity @s[tag=aj.lexiel.bone.left_hand] run data modify entity @s {} merge value {transformation:[-0.9167822190919003f,-0.397329629767991f,0.04049108624577015f,0.5183336004175413f,-0.3971160318125644f,0.9176686130714753f,0.013534173817326023f,1.0759090596706973f,-0.04253492722896712f,-0.0036717695878769607f,-0.999088233377673f,-0.1766096135319422f,0f,0f,0f,1f],start_interpolation:0}
execute if entity @s[tag=aj.lexiel.bone.left_arm] run data modify entity @s {} merge value {transformation:[-0.9167822190919003f,-0.39837104173295607f,-0.028475882173000337f,0.39384264987599255f,-0.3971160318125644f,0.9016548619105275f,0.1712231505099418f,1.357676204017737f,-0.04253492722896712f,0.16828256921531481f,-0.984820672439363f,-0.12402131065215632f,0f,0f,0f,1f],start_interpolation:0}
execute if entity @s[tag=aj.lexiel.bone.skirt_right] run data modify entity @s {} merge value {transformation:[-0.9847823060053162f,0.04164718065915869f,0.1687285456643158f,-0.22856210514112482f,-0.024696041808897857f,0.927475844989085f,-0.3730665657503441f,0.7145521999954707f,-0.17202882112548723f,-0.37155628013118824f,-0.9123332808777991f,0.09574182330514289f,0f,0f,0f,1f],start_interpolation:0}
execute if entity @s[tag=aj.lexiel.bone.skirt_left] run data modify entity @s {} merge value {transformation:[-0.9847823060053162f,0.034247705978509256f,0.17038457798187395f,0.20228015373620103f,-0.024696041808897857f,0.942866028540996f,-0.3322555608899613f,0.7253567182868635f,-0.17202882112548723f,-0.33140722209773754f,-0.9276719990619724f,0.17100443254754355f,0f,0f,0f,1f],start_interpolation:0}
execute if entity @s[tag=aj.lexiel.bone.skirt_back_middle] run data modify entity @s {} merge value {transformation:[-0.9847823060053162f,0.01171506192923968f,0.1733971369511209f,0.03691687655682435f,-0.024696041808897857f,0.9781677321678071f,-0.20634435602812654f,0.6729967278357006f,-0.17202882112548723f,-0.20748649370424851f,-0.9629929592850053f,-0.14644287482873702f,0f,0f,0f,1f],start_interpolation:0}
execute if entity @s[tag=aj.lexiel.bone.skirt_front_middle] run data modify entity @s {} merge value {transformation:[-0.9847823060053162f,0.05619436228322858f,0.1644566916438275f,-0.02635632806729407f,-0.024696041808897857f,0.8914316257539988f,-0.45248178098632397f,0.8128966899920796f,-0.17202882112548723f,-0.44965748103769354f,-0.8764783137357202f,0.19568210550043763f,0f,0f,0f,1f],start_interpolation:0}
execute if entity @s[tag=aj.lexiel.bone.skirt] run data modify entity @s {} merge value {transformation:[-0.9847823060053162f,0.04164718065915869f,0.1687285456643158f,-0.012360091065102656f,-0.024696041808897857f,0.927475844989085f,-0.3730665657503441f,0.7373446312347125f,-0.17202882112548723f,-0.37155628013118824f,-0.9123332808777991f,0.12640644767388343f,0f,0f,0f,1f],start_interpolation:0}
execute if entity @s[tag=aj.lexiel.bone.rightupper] run data modify entity @s {} merge value {transformation:[-0.9928615293338586f,0.029265742342074713f,0.1156265535852331f,-0.13480823734337805f,-0.040488887949798706f,0.8291647148076338f,-0.557536120507509f,0.6632288108072559f,-0.11219016677686212f,-0.5582377558380857f,-0.8220608094511243f,0.03661585012190185f,0f,0f,0f,1f],start_interpolation:0}
execute if entity @s[tag=aj.lexiel.bone.rightfoot] run data modify entity @s {} merge value {transformation:[-0.991063340821957f,0.0018545035872692336f,0.1333792161292995f,-0.12470244904305901f,-0.002348092158760841f,0.9995058845565236f,-0.031344428533553015f,0.4501777370680359f,-0.13337143975392768f,-0.03137750075015283f,-0.990569286574462f,0.28422630032052815f,0f,0f,0f,1f],start_interpolation:0}
execute if entity @s[tag=aj.lexiel.bone.leftupper] run data modify entity @s {} merge value {transformation:[-0.9859546214344822f,0.00593800995986308f,0.16690783237974063f,0.1342750397781084f,-0.06447724194799015f,0.9083571127548071f,-0.4131949188682395f,0.6740351214528143f,-0.15406547226022893f,-0.4181531965027498f,-0.8952160267286133f,0.0829288533920075f,0f,0f,0f,1f],start_interpolation:0}
execute if entity @s[tag=aj.lexiel.bone.leftfoot] run data modify entity @s {} merge value {transformation:[-0.9846647029807538f,-0.13560802646936354f,0.10975375101065203f,0.1183571836500535f,-0.10543691206441172f,0.9637981027685811f,0.2449005403709948f,0.45775196913641536f,-0.138990935956793f,0.2295728212501822f,-0.9633160641581175f,0.31382415291136445f,0f,0f,0f,1f],start_interpolation:0}
execute if entity @s[tag=aj.lexiel.bone.lower] run data modify entity @s {} merge value {transformation:[-0.9847823060053162f,0.04164718065915869f,0.1687285456643158f,0.00020452410193017728f,-0.024696041808897857f,0.927475844989085f,-0.3730665657503441f,0.6299105903058455f,-0.17202882112548723f,-0.37155628013118824f,-0.9123332808777991f,0.06990303697683886f,0f,0f,0f,1f],start_interpolation:0}