execute if entity @s[tag=aj.lexiel.bone.backhair] run data modify entity @s {} merge value {transformation:[-0.761160412508628f,-0.06175726038836944f,0.6456166565532667f,0.1599668825355351f,0.1482666912279078f,0.9525258026747091f,0.26591649725285826f,1.5047615767218996f,-0.6313887983659703f,0.29812855621061235f,-0.7158683882319096f,-0.12418834456292493f,0f,0f,0f,1f],start_interpolation:0}
execute if entity @s[tag=aj.lexiel.bone.head] run data modify entity @s {} merge value {transformation:[-0.761160412508628f,0.06538294947901065f,0.6452595573465927f,-0.010408578799044051f,0.1482666912279078f,0.9861010215460877f,0.07497842074950939f,1.5002532621719689f,-0.6313887983659703f,0.15274110521790574f,-0.7602751739171738f,0.08014632827785415f,0f,0f,0f,1f],start_interpolation:0}
execute if entity @s[tag=aj.lexiel.bone.ring] run data modify entity @s {} merge value {transformation:[-0.5935699286091155f,0.0814034411037696f,0.800654869233576f,0.0024758192322047873f,0.20414738202540633f,0.9775604341364686f,0.05195617406133465f,0.9387888722371034f,-0.778459110206273f,0.19429121798831778f,-0.5968687764906736f,0.04855548906073748f,0f,0f,0f,1f],start_interpolation:0}
execute if entity @s[tag=aj.lexiel.bone.bust] run data modify entity @s {} merge value {transformation:[-0.5986878268526468f,0.3804906061589538f,0.7048402546699835f,-0.06545034790802008f,0.031294336628674174f,0.8904090648154235f,-0.4540840910993184f,1.3873452807850866f,-0.8003708830744822f,-0.24979710950952727f,-0.54498426913743f,0.11690360840701541f,0f,0f,0f,1f],start_interpolation:0}
execute if entity @s[tag=aj.lexiel.bone.left_wing] run data modify entity @s {} merge value {transformation:[-0.9891678587609147f,-0.022905596499997908f,0.14499062329449564f,0.172383057008608f,-0.014480473202513947f,0.9981589154397608f,0.05889902735998072f,1.1597188646686336f,-0.14607280065151879f,0.05616149194154092f,-0.9876784009649708f,0.0862785787459256f,0f,0f,0f,1f],start_interpolation:0}
execute if entity @s[tag=aj.lexiel.bone.right_wing] run data modify entity @s {} merge value {transformation:[-0.24220018315764297f,-0.022905596499997908f,0.9699558778250605f,0.022711100295446304f,0.048962332294556585f,0.9981589154397608f,0.035797619256005046f,1.1675424488258022f,-0.968990072856622f,0.05616149194154092f,-0.24063276071270628f,-0.11381414202269491f,0f,0f,0f,1f],start_interpolation:0}
execute if entity @s[tag=aj.lexiel.bone.body] run data modify entity @s {} merge value {transformation:[-0.5986878268526468f,-0.022905596499997908f,0.800654869233576f,-0.08204430447388635f,0.031294336628674174f,0.9981589154397608f,0.05195617406133465f,0.17973689641977098f,-0.8003708830744822f,0.05616149194154092f,-0.5968687764906736f,0.7068092465103328f,0f,0f,0f,1f],start_interpolation:0}
execute if entity @s[tag=aj.lexiel.bone.sword] run data modify entity @s {} merge value {transformation:[-0.0000010854644517075323f,-0.00000975342021886533f,0.000006114242979168253f,0.08888534083810906f,0.000007236248375131961f,0.000004198115657272771f,0.000007981474840626968f,0.8464775403762932f,-0.000008952646682823986f,0.000004575808694907405f,0.000005709947321134447f,-0.5441289815187502f,0f,0f,0f,1f],start_interpolation:0}
execute if entity @s[tag=aj.lexiel.bone.rod] run data modify entity @s {} merge value {transformation:[-0.17020068528897953f,-0.9205872831370658f,0.3514979101694313f,-0.013629830246533761f,-0.2633901736818645f,0.38622452570823923f,0.8840001313061459f,0.8037881487078875f,-0.9495563928145601f,0.05787633253551503f,-0.30820932334574086f,-0.5382460376089384f,0f,0f,0f,1f],start_interpolation:0}
execute if entity @s[tag=aj.lexiel.bone.right_hand] run data modify entity @s {} merge value {transformation:[-0.2275873550772241f,-0.3334917217720269f,0.9148700822075682f,-0.09824706681102618f,0.4258542048265585f,0.8108286071113977f,0.40150363151698937f,1.1763793482244702f,-0.8757009718165746f,0.48097842092896415f,-0.04251548612196626f,-0.35290612446201025f,0f,0f,0f,1f],start_interpolation:0}
execute if entity @s[tag=aj.lexiel.bone.right_arm] run data modify entity @s {} merge value {transformation:[-0.2275873550772241f,-0.3334917217720269f,0.9148700822075682f,-0.19535112501862134f,0.4258542048265585f,0.8108286071113977f,0.40150363151698937f,1.416455344045952f,-0.8757009718165746f,0.48097842092896415f,-0.04251548612196626f,-0.175234712552441f,0f,0f,0f,1f],start_interpolation:0}
execute if entity @s[tag=aj.lexiel.bone.left_hand] run data modify entity @s {} merge value {transformation:[-0.4088535233344695f,0.2225183355431931f,0.8850561489555774f,0.2491535020692416f,-0.30009295081726717f,0.8831033473291378f,-0.36065592856052875f,1.0980669869807755f,-0.8618486046439802f,-0.41305455848248296f,-0.2942837310998781f,0.4292335483252889f,0f,0f,0f,1f],start_interpolation:0}
execute if entity @s[tag=aj.lexiel.bone.left_arm] run data modify entity @s {} merge value {transformation:[-0.4088535233344695f,-0.16517037029060325f,0.897528576277689f,0.1975377613534281f,-0.30009295081726717f,0.9531246356883484f,0.03869947950216243f,1.3959184356333845f,-0.8618486046439802f,-0.25351958035232325f,-0.43925482928615167f,0.35000867946518793f,0f,0f,0f,1f],start_interpolation:0}
execute if entity @s[tag=aj.lexiel.bone.skirt_right] run data modify entity @s {} merge value {transformation:[-0.9342652448291031f,0.06826823307820115f,0.3499827147971689f,-0.22391392198225432f,-0.048954631901342166f,0.9476509990117031f,-0.31553292710512026f,0.7022211451581979f,-0.35320234472582446f,-0.31192472236823654f,-0.8820153463833146f,0.03154559566838644f,0f,0f,0f,1f],start_interpolation:0}
execute if entity @s[tag=aj.lexiel.bone.skirt_left] run data modify entity @s {} merge value {transformation:[-0.9342652448291031f,0.05293722523940299f,0.35262742730588725f,0.18482712263047832f,-0.048954631901342166f,0.9605123982168295f,-0.27389665366184923f,0.723638796615035f,-0.35320234472582446f,-0.27315487009333667f,-0.8947818285059617f,0.18607162148593465f,0f,0f,0f,1f],start_interpolation:0}
execute if entity @s[tag=aj.lexiel.bone.skirt_back_middle] run data modify entity @s {} merge value {transformation:[-0.9342652448291031f,0.006457224580403584f,0.35652034521908327f,0.08315600342820331f,-0.048954631901342166f,0.988045768762206f,-0.14618140390113005f,0.6834145225765329f,-0.35320234472582446f,-0.15402552737069095f,-0.9227807110025438f,-0.15875350274116148f,0f,0f,0f,1f],start_interpolation:0}
execute if entity @s[tag=aj.lexiel.bone.skirt_front_middle] run data modify entity @s {} merge value {transformation:[-0.9342652448291031f,0.09851145529758458f,0.34270095634469433f,-0.04808751462073503f,-0.048954631901342166f,0.9165443942336152f,-0.3969254557399153f,0.801739370240953f,-0.35320234472582446f,-0.38761045725584775f,-0.8514729808432517f,0.1720022521525815f,0f,0f,0f,1f],start_interpolation:0}
execute if entity @s[tag=aj.lexiel.bone.skirt] run data modify entity @s {} merge value {transformation:[-0.9342652448291031f,0.06826823307820115f,0.3499827147971689f,-0.01826337030567174f,-0.048954631901342166f,0.9476509990117031f,-0.31553292710512026f,0.730698427118086f,-0.35320234472582446f,-0.31192472236823654f,-0.8820153463833146f,0.10296002003275609f,0f,0f,0f,1f],start_interpolation:0}
execute if entity @s[tag=aj.lexiel.bone.rightupper] run data modify entity @s {} merge value {transformation:[-0.9519752100512426f,0.0830078404009362f,0.2947081571315348f,-0.11868907509854618f,-0.06908865229285595f,0.8794832340712765f,-0.47088852089627886f,0.659028056464248f,-0.2982783223304193f,-0.468635187986883f,-0.8315113366685085f,-0.011724784905151261f,0f,0f,0f,1f],start_interpolation:0}
execute if entity @s[tag=aj.lexiel.bone.rightfoot] run data modify entity @s {} merge value {transformation:[-0.9485308110342835f,-0.017261680169721377f,0.31621406501982596f,-0.1416540316074597f,-0.02904744641172717f,0.9990464326690098f,-0.032595570685038044f,0.4237386861402408f,-0.31534987930170877f,-0.04010311420630214f,-0.94812773077015f,0.21391950376896476f,0f,0f,0f,1f],start_interpolation:0}
execute if entity @s[tag=aj.lexiel.bone.leftupper] run data modify entity @s {} merge value {transformation:[-0.9369632584472424f,0.04261977538476273f,0.34681898313973314f,0.13651833962975118f,-0.08969314793478995f,0.929944408981804f,-0.3565929548056599f,0.6750015295782372f,-0.3377202859371553f,-0.36522178323538684f,-0.867501041795853f,0.08450101939156464f,0f,0f,0f,1f],start_interpolation:0}
execute if entity @s[tag=aj.lexiel.bone.leftfoot] run data modify entity @s {} merge value {transformation:[-0.9366600520701399f,-0.12520428781079815f,0.32709606107343075f,0.0879704382775503f,-0.13136157143157537f,0.9913290502994654f,0.00329417415865102f,0.44574889645163207f,-0.3246722723100786f,-0.03988233125271429f,-0.9449853518689371f,0.2976459253559831f,0f,0f,0f,1f],start_interpolation:0}
execute if entity @s[tag=aj.lexiel.bone.lower] run data modify entity @s {} merge value {transformation:[-0.9342652448291031f,0.06826823307820115f,0.3499827147971689f,0.009214053497328387f,-0.048954631901342166f,0.9476509990117031f,-0.31553292710512026f,0.6270819809041916f,-0.35320234472582446f,-0.31192472236823654f,-0.8820153463833146f,0.04464020024433883f,0f,0f,0f,1f],start_interpolation:0}