execute if entity @s[tag=aj.lexiel.bone.backhair] run data modify entity @s {} merge value {transformation:[-0.8606451516153604f,0.028445840091828642f,0.5084100286013676f,0.13374965401583566f,0.14789553759748866f,0.9693618504512171f,0.19612371822026484f,1.4996861801262913f,-0.4872543821862696f,0.24398450170300195f,-0.8384835895645274f,-0.16609972126233613f,0f,0f,0f,1f],start_interpolation:0}
execute if entity @s[tag=aj.lexiel.bone.head] run data modify entity @s {} merge value {transformation:[-0.8606451516153604f,0.10028446023591431f,0.4992323607661714f,0.0027080028785075212f,0.14789553759748866f,0.9873809131209653f,0.056620158628869516f,1.500074277258013f,-0.4872543821862696f,0.12256410338920551f,-0.8646162198343708f,0.06547902624662494f,0f,0f,0f,1f],start_interpolation:0}
execute if entity @s[tag=aj.lexiel.bone.ring] run data modify entity @s {} merge value {transformation:[-0.7235704000278672f,0.12045986521168446f,0.6796582207821038f,0.006654993486112967f,0.2008966894071986f,0.9787789466174719f,0.04040165644648192f,0.9382524052480135f,-0.6603683793071408f,0.16577452920028093f,-0.7324154620703235f,0.03815037102315455f,0f,0f,0f,1f],start_interpolation:0}
execute if entity @s[tag=aj.lexiel.bone.bust] run data modify entity @s {} merge value {transformation:[-0.7334953758736015f,0.33375232081827877f,0.5921097211838838f,-0.04537496134428294f,0.02788143686381304f,0.885182185667488f,-0.4644083587268192f,1.3879272664212f,-0.679122344685001f,-0.3241325138355322f,-0.6585825342538362f,0.11280748240058791f,0f,0f,0f,1f],start_interpolation:0}
execute if entity @s[tag=aj.lexiel.bone.left_wing] run data modify entity @s {} merge value {transformation:[-0.9999750393960471f,-0.007016872191298509f,0.0008270970467598726f,0.18176425227622955f,-0.006968397178823461f,0.9987944391288878f,0.048591252360569104f,1.1583037162552912f,-0.001167058538352972f,0.04858427595283611f,-0.9988184049688447f,0.04211654171467216f,0f,0f,0f,1f],start_interpolation:0}
execute if entity @s[tag=aj.lexiel.bone.right_wing] run data modify entity @s {} merge value {transformation:[-0.43705561700945406f,-0.007016872191298509f,0.8994071109042534f,-0.0016095916921708558f,0.0406359778081653f,0.9987944391288878f,0.027538803038342892f,1.1652740754712445f,-0.8985160571453688f,0.04858427595283611f,-0.43624358239643946f,-0.12766404445657809f,0f,0f,0f,1f],start_interpolation:0}
execute if entity @s[tag=aj.lexiel.bone.body] run data modify entity @s {} merge value {transformation:[-0.7334953758736015f,-0.007016872191298509f,0.6796582207821038f,0.03861694791935759f,0.02788143686381304f,0.9987944391288878f,0.04040165644648192f,0.18622735546897795f,-0.679122344685001f,0.04858427595283611f,-0.7324154620703235f,0.7089993260597158f,0f,0f,0f,1f],start_interpolation:0}
execute if entity @s[tag=aj.lexiel.locator_origin.locator_right_hand] at @s on origin run tp @s ^-0.10313 ^0.68387 ^-0.48637 ~66.47462 ~20.93241
execute if entity @s[tag=aj.lexiel.bone.sword] run data modify entity @s {} merge value {transformation:[-0.0000038181709318825395f,-0.000007827745464436492f,0.000007605220439206294f,-0.0720638936848984f,0.000006190099704245968f,0.000005082667159980781f,0.000008339098658868768f,0.7955178399433482f,-0.000008988639643262f,0.000006825269352549162f,0.0000025122623029317586f,-0.51757065592382f,0f,0f,0f,1f],start_interpolation:0}
execute if entity @s[tag=aj.lexiel.bone.rod] run data modify entity @s {} merge value {transformation:[-0.4816028932411896f,-0.8305699848860636f,0.2796643585229966f,-0.16767047551821157f,-0.2150597942889568f,0.4213555817132188f,0.8810271043727919f,0.7578976984694729f,-0.8495928072330338f,0.3641606430759356f,-0.38154827732858965f,-0.4750217785059756f,0f,0f,0f,1f],start_interpolation:0}
execute if entity @s[tag=aj.lexiel.bone.right_hand] run data modify entity @s {} merge value {transformation:[-0.4892342381165409f,-0.16516010420694688f,0.8563714148854328f,-0.18952750769052973f,0.33045618387723863f,0.8735899858371011f,0.3572663532750124f,1.152480132781691f,-0.8071236403376006f,0.45778016189376736f,-0.37281195338225925f,-0.3195803966903686f,0f,0f,0f,1f],start_interpolation:0}
execute if entity @s[tag=aj.lexiel.bone.right_arm] run data modify entity @s {} merge value {transformation:[-0.4892342381165409f,-0.16516010420694688f,0.8563714148854328f,-0.22585147031405872f,0.33045618387723863f,0.8735899858371011f,0.3572663532750124f,1.4151502476096214f,-0.8071236403376006f,0.45778016189376736f,-0.37281195338225925f,-0.15130148233801627f,0f,0f,0f,1f],start_interpolation:0}
execute if entity @s[tag=aj.lexiel.locator_origin.locator_left_hand] at @s on origin run tp @s ^0.27891 ^0.69626 ^0.52303 ~55.15292 ~-14.41459
execute if entity @s[tag=aj.lexiel.bone.left_hand] run data modify entity @s {} merge value {transformation:[-0.6054882451653812f,0.040071187531650565f,0.7948448181226008f,0.32127647472901066f,-0.2651392684327229f,0.9315212271577854f,-0.2489364812344986f,1.0960246458895937f,-0.7503900008005887f,-0.36147268677488864f,-0.5534007078186979f,0.3475948683831184f,0f,0f,0f,1f],start_interpolation:0}
execute if entity @s[tag=aj.lexiel.bone.left_arm] run data modify entity @s {} merge value {transformation:[-0.6054882451653812f,-0.2104691348032589f,0.767519855288262f,0.2555048701029923f,-0.2651392684327229f,0.9626509080900807f,0.05481238444278169f,1.396853054667744f,-0.7503900008005887f,-0.17031139846912907f,-0.6386774414757281f,0.2943725563615156f,0f,0f,0f,1f],start_interpolation:0}
execute if entity @s[tag=aj.lexiel.bone.skirt_right] run data modify entity @s {} merge value {transformation:[-0.9636113665866158f,0.0449222837514718f,0.2635054508119843f,-0.22274644274536737f,-0.03745078980329407f,0.9533663397457772f,-0.29948298880378643f,0.7027409076622981f,-0.2646706869454649f,-0.29845369936104266f,-0.9169922664938478f,0.04422454462534263f,0f,0f,0f,1f],start_interpolation:0}
execute if entity @s[tag=aj.lexiel.bone.skirt_left] run data modify entity @s {} merge value {transformation:[-0.9636113665866158f,0.03338558135945806f,0.26521413450712955f,0.19883353013627708f,-0.03745078980329407f,0.9655222107369849f,-0.25761269168399864f,0.7191256282012393f,-0.2646706869454649f,-0.2581709966879635f,-0.9291378605680425f,0.16001797016398353f,0f,0f,0f,1f],start_interpolation:0}
execute if entity @s[tag=aj.lexiel.bone.skirt_back_middle] run data modify entity @s {} merge value {transformation:[-0.9636113665866158f,-0.0015174280173402485f,0.267302883630699f,0.06496209447079243f,-0.03745078980329407f,0.9908872380905354f,-0.1293828417233914f,0.6862890735648148f,-0.2646706869454649f,-0.1346854810346047f,-0.954887034507377f,-0.17443617376679676f,0f,0f,0f,1f],start_interpolation:0}
execute if entity @s[tag=aj.lexiel.bone.skirt_front_middle] run data modify entity @s {} merge value {transformation:[-0.9636113665866158f,0.06771735418296418f,0.25858749801089337f,-0.033852449583701684f,-0.03745078980329407f,0.9236368306643944f,-0.38143471706616106f,0.7985951943662347f,-0.2646706869454649f,-0.37723913500946826f,-0.8874908802287061f,0.16943592616839614f,0f,0f,0f,1f],start_interpolation:0}
execute if entity @s[tag=aj.lexiel.bone.skirt] run data modify entity @s {} merge value {transformation:[-0.9636113665866158f,0.0449222837514718f,0.2635054508119843f,-0.011114163484205047f,-0.03745078980329407f,0.9533663397457772f,-0.29948298880378643f,0.7288088868020021f,-0.2646706869454649f,-0.29845369936104266f,-0.9169922664938478f,0.09652525053164351f,0f,0f,0f,1f],start_interpolation:0}
execute if entity @s[tag=aj.lexiel.bone.rightupper] run data modify entity @s {} merge value {transformation:[-0.9761037331835014f,0.04191486298931078f,0.21322440368264467f,-0.12233704475480794f,-0.05879791047135675f,0.8936768261044048f,-0.444842147517701f,0.6603640177807806f,-0.20919920599618544f,-0.4467492302674344f,-0.8698567798586274f,-0.009620413439877129f,0f,0f,0f,1f],start_interpolation:0}
execute if entity @s[tag=aj.lexiel.bone.rightfoot] run data modify entity @s {} merge value {transformation:[-0.9741269710307053f,-0.010302690500835418f,0.22576646978457085f,-0.12485890889207085f,-0.01824399789685184f,0.9992849638047885f,-0.033116727712781624f,0.4181320199619548f,-0.22526384719098452f,-0.0363787806572301f,-0.9736183972515156f,0.20974458241243524f,0f,0f,0f,1f],start_interpolation:0}
execute if entity @s[tag=aj.lexiel.bone.leftupper] run data modify entity @s {} merge value {transformation:[-0.9651121388673443f,0.014265169728372159f,0.26144801461001926f,0.1408788251186181f,-0.07847758414433727f,0.9368511317547833f,-0.3408096620060094f,0.6727591750068678f,-0.24979957605602254f,-0.34943735041120405f,-0.9030469035104594f,0.06251274860514514f,0f,0f,0f,1f],start_interpolation:0}
execute if entity @s[tag=aj.lexiel.bone.leftfoot] run data modify entity @s {} merge value {transformation:[-0.9638597694208086f,-0.10006439689118346f,0.24690374919565194f,0.11105247748136024f,-0.12039962969254941f,0.9903490564124356f,-0.06864893031137059f,0.439521928777001f,-0.23765158123177438f,-0.09589506211376145f,-0.9666053294909124f,0.2747744076789209f,0f,0f,0f,1f],start_interpolation:0}
execute if entity @s[tag=aj.lexiel.bone.lower] run data modify entity @s {} merge value {transformation:[-0.9636113665866158f,0.0449222837514718f,0.2635054508119843f,0.010079919111334747f,-0.03745078980329407f,0.9533663397457772f,-0.29948298880378643f,0.6262506113090083f,-0.2646706869454649f,-0.29845369936104266f,-0.9169922664938478f,0.033873920810426734f,0f,0f,0f,1f],start_interpolation:0}