execute if entity @s[tag=aj.lexiel.bone.backhair] run data modify entity @s {} merge value {transformation:[-0.8907225219336393f,0.14907187051454374f,-0.4294076924572638f,-0.24091017790075753f,0.19722036694494982f,0.9778843295211306f,-0.06961583827770679f,1.2836157395063843f,0.40953329020029167f,-0.14669633771264923f,-0.9004236051544963f,-0.48282381851536943f,0f,0f,0f,1f],start_interpolation:0}
execute if entity @s[tag=aj.lexiel.bone.head] run data modify entity @s {} merge value {transformation:[-0.8907225219336393f,-0.030159606190225972f,-0.4535457938010532f,-0.12090832026907507f,0.19722036694494982f,0.8733412953373784f,-0.4453976972555304f,1.4155704605795312f,0.40953329020029167f,-0.48617422804266414f,-0.7719566724919498f,-0.2853692996978619f,0f,0f,0f,1f],start_interpolation:0}
execute if entity @s[tag=aj.lexiel.bone.ring] run data modify entity @s {} merge value {transformation:[-0.9095889114000701f,0.0032373999269940668f,-0.41549672862701065f,-0.03385568507615766f,0.21201413832977284f,0.8636154473446439f,-0.45740393992180944f,0.9164579910582618f,0.3573485936817423f,-0.5041407326822771f,-0.78622140917445f,-0.04100311653343819f,0f,0f,0f,1f],start_interpolation:0}
execute if entity @s[tag=aj.lexiel.bone.bust] run data modify entity @s {} merge value {transformation:[-0.8963323805984251f,-0.3417746639462977f,-0.28245060200883815f,-0.074117591611497f,0.05882791853895479f,0.5397319463964387f,-0.8397789602267287f,1.3513967219100533f,0.43946278510373765f,-0.7693370556027488f,-0.46367332830923025f,-0.1813439891870326f,0f,0f,0f,1f],start_interpolation:0}
execute if entity @s[tag=aj.lexiel.bone.left_wing] run data modify entity @s {} merge value {transformation:[0.1081703616066716f,-0.15476024034296423f,-0.9820124443604927f,-0.007605031154754305f,0.45230141348932495f,0.8873110569267012f,-0.09001399675149901f,1.046028302453382f,0.8852810876921752f,-0.4344287700700866f,0.16597903334442965f,-0.2892449342710432f,0f,0f,0f,1f],start_interpolation:0}
execute if entity @s[tag=aj.lexiel.bone.right_wing] run data modify entity @s {} merge value {transformation:[-0.9455095845462635f,-0.15476024034296423f,0.28646272626668184f,-0.23168812630436053f,-0.2605252429497301f,0.8873110569267012f,-0.38053342302825943f,1.0607352820881206f,-0.19529010040740952f,-0.4344287700700866f,-0.8792800580123808f,-0.17937923799510874f,0f,0f,0f,1f],start_interpolation:0}
execute if entity @s[tag=aj.lexiel.bone.body] run data modify entity @s {} merge value {transformation:[-0.8963323805984251f,-0.15476024034296423f,-0.41549672862701065f,0.7332927922830658f,0.05882791853895479f,0.8873110569267012f,-0.45740393992180944f,0.4779911795836226f,0.43946278510373765f,-0.4344287700700866f,-0.78622140917445f,0.44462187398979275f,0f,0f,0f,1f],start_interpolation:0}
execute if entity @s[tag=aj.lexiel.locator_origin.locator_right_hand] at @s on origin run tp @s ^-0.01376 ^2.07405 ^-0.10156 ~167.31644 ~-9.35272
execute if entity @s[tag=aj.lexiel.bone.sword] run data modify entity @s {} merge value {transformation:[-0.000010106492954450901f,-0.000005449887640011719f,0.000001359754067058359f,-0.07169944578449883f,0.0000024259439358397186f,-0.000006759658547617252f,-0.00000906163443258375f,2.010085411689605f,0.0000050660638006046405f,-0.000007635256857557085f,0.000007051897371440592f,-0.018157491484664223f,0f,0f,0f,1f],start_interpolation:0}
execute if entity @s[tag=aj.lexiel.bone.rod] run data modify entity @s {} merge value {transformation:[0.067163524401539f,0.8074429255819625f,0.5861100433515913f,-0.09682780581836109f,0.9581036281025426f,0.11173943033308925f,-0.2637266340845761f,2.02599077824894f,-0.2784358073357432f,0.5792669692261736f,-0.7661091825300197f,-0.12531105111058125f,0f,0f,0f,1f],start_interpolation:0}
execute if entity @s[tag=aj.lexiel.bone.right_hand] run data modify entity @s {} merge value {transformation:[-0.8747473688350846f,-0.4334523212341721f,0.21664746925086426f,-0.27838542156434765f,0.405487709970305f,-0.8995385649265779f,-0.16251180656453762f,1.644546066012204f,0.26532387336825514f,-0.05430888901957054f,0.9626285819537698f,-0.08204658329749952f,0f,0f,0f,1f],start_interpolation:0}
execute if entity @s[tag=aj.lexiel.bone.right_arm] run data modify entity @s {} merge value {transformation:[-0.8747473688350846f,-0.4334523212341721f,0.21664746925086426f,-0.38650341667393f,0.405487709970305f,-0.8995385649265779f,-0.16251180656453762f,1.3507687735360763f,0.26532387336825514f,-0.05430888901957054f,0.9626285819537698f,-0.10730948215887329f,0f,0f,0f,1f],start_interpolation:0}
execute if entity @s[tag=aj.lexiel.locator_origin.locator_left_hand] at @s on origin run tp @s ^0.29427 ^0.62664 ^-0.6883 ~-42.32377 ~16.52952
execute if entity @s[tag=aj.lexiel.bone.left_hand] run data modify entity @s {} merge value {transformation:[-0.7592791505885707f,-0.0826657335567399f,-0.6454932594357781f,0.23793561037581337f,-0.3394837248090935f,0.8965518919447196f,0.28450923647587834f,1.0277709242336095f,0.5551990382477642f,0.4351563874584282f,-0.7087968301162811f,-0.5200671808772668f,0f,0f,0f,1f],start_interpolation:0}
execute if entity @s[tag=aj.lexiel.bone.left_arm] run data modify entity @s {} merge value {transformation:[-0.7592791505885707f,-0.11590688730248616f,-0.6403598714452268f,0.20171470809378644f,-0.3394837248090935f,0.9100544888360884f,0.23780586186851926f,1.3121629519948872f,0.5551990382477642f,0.3979527871810102f,-0.7303339011052572f,-0.39570693488320113f,0f,0f,0f,1f],start_interpolation:0}
execute if entity @s[tag=aj.lexiel.bone.skirt_right] run data modify entity @s {} merge value {transformation:[-0.9999999049584638f,-0.00010097219594259427f,-0.0004241316764127988f,-0.21871852901360728f,0.00006257214000862787f,0.9295028618848739f,-0.3688148937238794f,0.7192207900350192f,0.00043147165675736036f,-0.36881488520997197f,-0.9295027672254476f,0.13183310278990487f,0f,0f,0f,1f],start_interpolation:0}
execute if entity @s[tag=aj.lexiel.bone.skirt_left] run data modify entity @s {} merge value {transformation:[-0.9999999049584638f,-0.00008237572889830448f,-0.00042813234236468723f,0.21878142940572065f,0.00006257214000862787f,0.9447056608367775f,-0.32791951827799887f,0.7191934147237653f,0.00043147165675736036f,-0.327919513901181f,-0.9447055658960747f,0.13164433394007352f,0f,0f,0f,1f],start_interpolation:0}
execute if entity @s[tag=aj.lexiel.bone.skirt_back_middle] run data modify entity @s {} merge value {transformation:[-0.9999999049584638f,-0.00002578850870303196f,-0.00043522180104984897f,-0.00009414760018082715f,0.00006257214000862787f,0.9794256590228336f,-0.2018052886631452f,0.6735718423873558f,0.00043147165675736036f,-0.20180529671602002f,-0.9794255643230722f,-0.15273486524279117f,0f,0f,0f,1f],start_interpolation:0}
execute if entity @s[tag=aj.lexiel.bone.skirt_front_middle] run data modify entity @s {} merge value {transformation:[-0.9999999049584638f,-0.00013755347753326017f,-0.00041371742060095513f,0.0000649017784739724f,0.00006257214000862787f,0.8938214868719121f,-0.44842295401864934f,0.8118774275338105f,0.00043147165675736036f,-0.4484229372870273f,-0.8938213933147293f,0.19582867246675167f,0f,0f,0f,1f],start_interpolation:0}
execute if entity @s[tag=aj.lexiel.bone.skirt] run data modify entity @s {} merge value {transformation:[-0.9999999049584638f,-0.00010097219594259427f,-0.0004241316764127988f,0.000029556967382761007f,0.00006257214000862787f,0.9295028618848739f,-0.3688148937238794f,0.7366352810397336f,0.00043147165675736036f,-0.36881488520997197f,-0.9295027672254476f,0.12482343926730222f,0f,0f,0f,1f],start_interpolation:0}
execute if entity @s[tag=aj.lexiel.bone.rightupper] run data modify entity @s {} merge value {transformation:[-0.9980191462028813f,-0.047119934013909244f,-0.04168327759421571f,-0.1378671862842727f,-0.016028288599437085f,0.8311599478736903f,-0.5558023344815831f,0.6660968028490629f,0.060834840157961804f,-0.5540332597138273f,-0.8302687934360932f,0.05719865240543441f,0f,0f,0f,1f],start_interpolation:0}
execute if entity @s[tag=aj.lexiel.bone.rightfoot] run data modify entity @s {} merge value {transformation:[-0.9989656157708502f,0.021570470510696806f,-0.040030155002362885f,-0.0904305041760789f,0.02216966609987726f,0.9996478223697538f,-0.014585511181620658f,0.451559454913414f,0.03970144093840918f,-0.015457879329209057f,-0.99909201255643f,0.299122585703932f,0f,0f,0f,1f],start_interpolation:0}
execute if entity @s[tag=aj.lexiel.bone.leftupper] run data modify entity @s {} merge value {transformation:[-0.999041460406188f,-0.04377320500143061f,-0.00025867619493928894f,0.1353568438034438f,-0.03983806805142542f,0.9116465320375245f,-0.409039764519154f,0.6702746943435112f,0.018140802722070897f,-0.4086373785495616f,-0.9125165226606811f,0.0563903549077674f,0f,0f,0f,1f],start_interpolation:0}
execute if entity @s[tag=aj.lexiel.bone.leftfoot] run data modify entity @s {} merge value {transformation:[-0.9961858031051368f,-0.06863855540522171f,-0.05387573111947334f,0.15414560013399228f,-0.08094917827952526f,0.9574660870838607f,0.2769583409471374f,0.45238279880382687f,0.03257416503370594f,0.28026316346642033f,-0.9593703575659149f,0.2855504309434862f,0f,0f,0f,1f],start_interpolation:0}
execute if entity @s[tag=aj.lexiel.bone.lower] run data modify entity @s {} merge value {transformation:[-0.9999999049584638f,-0.00010097219594259427f,-0.0004241316764127988f,-0.0000023169244729236992f,0.00006257214000862787f,0.9295028618848739f,-0.3688148937238794f,0.6294414736683641f,0.00043147165675736036f,-0.36881488520997197f,-0.9295027672254476f,0.06649621774694556f,0f,0f,0f,1f],start_interpolation:0}