execute if entity @s[tag=aj.lexiel.bone.backhair] run data modify entity @s {} merge value {transformation:[-0.9355300874421264f,0.09501069839730471f,0.34022995558972124f,0.0962380026925676f,0.14518419913638791f,0.9814593765272615f,0.12513608811148436f,1.4938390075477812f,-0.322032612962807f,0.16646458907760514f,-0.9319788284996454f,-0.20772519263371134f,0f,0f,0f,1f],start_interpolation:0}
execute if entity @s[tag=aj.lexiel.bone.head] run data modify entity @s {} merge value {transformation:[-0.9355300874421264f,0.1257259307330687f,0.3301158066979388f,0.010515459206131807f,0.14518419913638791f,0.9887903616042487f,0.0348592759486613f,1.5000293617739844f,-0.322032612962807f,0.08053950049412323f,-0.9432965520177122f,0.04409638369121413f,0f,0f,0f,1f],start_interpolation:0}
execute if entity @s[tag=aj.lexiel.bone.ring] run data modify entity @s {} merge value {transformation:[-0.8344088426961377f,0.15169731748893114f,0.5298582896371015f,0.007984704537502135f,0.19461771650498932f,0.9805410452049184f,0.025752729774332503f,0.9378446794305098f,-0.5156411811064703f,0.1246081158476791f,-0.8476951042751254f,0.025435509671659084f,0f,0f,0f,1f],start_interpolation:0}
execute if entity @s[tag=aj.lexiel.bone.bust] run data modify entity @s {} merge value {transformation:[-0.848074260208015f,0.2688254965230473f,0.45662117952605424f,-0.02806019654710179f,0.021391870460184217f,0.8784163053812712f,-0.47741719943727623f,1.388864696088001f,-0.5294454051654833f,-0.39511725710155254f,-0.7507129385388952f,0.10139596602940859f,0f,0f,0f,1f],start_interpolation:0}
execute if entity @s[tag=aj.lexiel.bone.left_wing] run data modify entity @s {} merge value {transformation:[-0.9879533668380922f,0.004499119410897161f,-0.1546864663692476f,0.18121045563927543f,-0.0006892915131249018f,0.9994394352772883f,0.03347148173931097f,1.157017163311685f,0.15475034678632482f,0.0331748871458756f,-0.9873964538281321f,-0.007088696153885965f,0f,0f,0f,1f],start_interpolation:0}
execute if entity @s[tag=aj.lexiel.bone.right_wing] run data modify entity @s {} merge value {transformation:[-0.6167383543977885f,0.004499119410897161f,0.787155359595064f,-0.03080810941272835f,0.028887599024010967f,0.9994394352772883f,0.016921047108351624f,1.162365130926731f,-0.7866379782576837f,0.0331748871458756f,-0.6165226013906728f,-0.1394500474452567f,0f,0f,0f,1f],start_interpolation:0}
execute if entity @s[tag=aj.lexiel.bone.body] run data modify entity @s {} merge value {transformation:[-0.848074260208015f,0.004499119410897161f,0.5298582896371015f,0.16385894774637658f,0.021391870460184217f,0.9994394352772883f,0.025752729774332503f,0.19592528520770036f,-0.5294454051654833f,0.0331748871458756f,-0.8476951042751254f,0.6901613142558654f,0f,0f,0f,1f],start_interpolation:0}
execute if entity @s[tag=aj.lexiel.locator_origin.locator_right_hand] at @s on origin run tp @s ^-0.23671 ^0.63446 ^-0.36033 ~45.63413 ~15.11701
execute if entity @s[tag=aj.lexiel.bone.sword] run data modify entity @s {} merge value {transformation:[-0.000006537173040242096f,-0.00000531675807054361f,0.000007917629601796317f,-0.2183542786820502f,0.000004877538004577848f,0.000006384931814099454f,0.00000831466625867806f,0.738625680368582f,-0.00000819551083861346f,0.00000804090390432631f,-0.0000013670672059409786f,-0.4170518738843218f,0f,0f,0f,1f],start_interpolation:0}
execute if entity @s[tag=aj.lexiel.bone.rod] run data modify entity @s {} merge value {transformation:[-0.744659921682444f,-0.6288880852866737f,0.22356515207956235f,-0.29513460593373614f,-0.1721977628013529f,0.5046385527922873f,0.8459833695303443f,0.7118903192429875f,-0.6448484562485247f,0.5914724906706714f,-0.48407722653903823f,-0.34118157458023823f,0f,0f,0f,1f],start_interpolation:0}
execute if entity @s[tag=aj.lexiel.bone.right_hand] run data modify entity @s {} merge value {transformation:[-0.7233566806769214f,-0.021143001382527976f,0.690150770493379f,-0.27092724789275824f,0.22135356049719118f,0.9396758109888059f,0.2607910494969989f,1.1262854820670813f,-0.6540318904879813f,0.34141227824298914f,-0.6750406969136374f,-0.25159528462160874f,0f,0f,0f,1f],start_interpolation:0}
execute if entity @s[tag=aj.lexiel.bone.right_arm] run data modify entity @s {} merge value {transformation:[-0.7233566806769214f,-0.021143001382527976f,0.690150770493379f,-0.25492953955364445f,0.22135356049719118f,0.9396758109888059f,0.2607910494969989f,1.413016874235546f,-0.6540318904879813f,0.34141227824298914f,-0.6750406969136374f,-0.12446545109292524f,0f,0f,0f,1f],start_interpolation:0}
execute if entity @s[tag=aj.lexiel.locator_origin.locator_left_hand] at @s on origin run tp @s ^0.40155 ^0.67752 ^0.37551 ~38.89523 ~-7.00462
execute if entity @s[tag=aj.lexiel.bone.left_hand] run data modify entity @s {} merge value {transformation:[-0.7746675718197826f,-0.10722509580019746f,0.6232117874378504f,0.3741145862124129f,-0.23169268771435148f,0.9651149442671723f,-0.12194934527037511f,1.0959431731866927f,-0.5883949792703387f,-0.23886381723235445f,-0.7724865210388115f,0.24686370467683502f,0f,0f,0f,1f],start_interpolation:0}
execute if entity @s[tag=aj.lexiel.bone.left_arm] run data modify entity @s {} merge value {transformation:[-0.7746675718197826f,-0.23198525601455178f,0.5882796904217457f,0.30161919370786544f,-0.23169268771435148f,0.9697129153899439f,0.07730045398078685f,1.3989784592460501f,-0.5883949792703387f,-0.07641794761571791f,-0.8049544370035234f,0.22298309604692318f,0f,0f,0f,1f],start_interpolation:0}
execute if entity @s[tag=aj.lexiel.bone.skirt_right] run data modify entity @s {} merge value {transformation:[-0.9847823070815442f,0.025116818738603303f,0.1719678838492913f,-0.2214357803906701f,-0.024696017974022138f,0.9592362026590581f,-0.281524446903741f,0.7035204546073396f,-0.17202881838627498f,-0.2814872162722184f,-0.944018555283708f,0.056530674357070175f,0f,0f,0f,1f],start_interpolation:0}
execute if entity @s[tag=aj.lexiel.bone.skirt_left] run data modify entity @s {} merge value {transformation:[-0.9847823070815442f,0.017591779352576165f,0.172899788774774f,0.2094064789575055f,-0.024696017974022138f,0.9706031462457727f,-0.2394152025123592f,0.7143249624709743f,-0.17202881838627498f,-0.24004179177180265f,-0.9553983587214312f,0.13179328240106547f,0f,0f,0f,1f],start_interpolation:0}
execute if entity @s[tag=aj.lexiel.bone.skirt_back_middle] run data modify entity @s {} merge value {transformation:[-0.9847823070815442f,-0.005126671822888933f,0.17371679508663398f,0.04392111778719358f,-0.024696017974022138f,0.9935494565221551f,-0.11067783942938611f,0.6896962205136709f,-0.17202881838627498f,-0.1132836911499206f,-0.9785565343729872f,-0.1889361913114887f,0f,0f,0f,1f],start_interpolation:0}
execute if entity @s[tag=aj.lexiel.bone.skirt_front_middle] run data modify entity @s {} merge value {transformation:[-0.9847823070815442f,0.04000923030595601f,0.16912441914009982f,-0.020566838656290654f,-0.024696017974022138f,0.9310495470350936f,-0.3640561051019113f,0.7952678881025738f,-0.17202881838627498f,-0.36269271078431126f,-0.9158930522656834f,0.1650707669199018f,0f,0f,0f,1f],start_interpolation:0}
execute if entity @s[tag=aj.lexiel.bone.skirt] run data modify entity @s {} merge value {transformation:[-0.9847823070815442f,0.025116818738603303f,0.1719678838492913f,-0.00554371036523349f,-0.024696017974022138f,0.9592362026590581f,-0.281524446903741f,0.7269083873390143f,-0.17202881838627498f,-0.2814872162722184f,-0.944018555283708f,0.08888409307396372f,0f,0f,0f,1f],start_interpolation:0}
execute if entity @s[tag=aj.lexiel.bone.rightupper] run data modify entity @s {} merge value {transformation:[-0.9920591190252191f,0.006033570897264859f,0.1256276258676173f,-0.12702365812411187f,-0.04732090685391457f,0.9075487688904884f,-0.417272050178157f,0.6620001335184554f,-0.11653083769298796f,-0.4199033556755494f,-0.900056518091494f,-0.0075625292027981f,0f,0f,0f,1f],start_interpolation:0}
execute if entity @s[tag=aj.lexiel.bone.rightfoot] run data modify entity @s {} merge value {transformation:[-0.9913087875384514f,-0.0021899607579164565f,0.1315374160492916f,-0.11046916888188058f,-0.006274964228674943f,0.9995105007890472f,-0.03064936600252749f,0.4127644411967574f,-0.1314059076791242f,-0.031208378431229422f,-0.9908372845945588f,0.20317716931213337f,0f,0f,0f,1f],start_interpolation:0}
execute if entity @s[tag=aj.lexiel.bone.leftupper] run data modify entity @s {} merge value {transformation:[-0.9852392330568158f,-0.01041954787369426f,0.17086569775038254f,0.14197934575506488f,-0.06602235442656766f,0.9440499421827241f,-0.3231265315333428f,0.6704990013045429f,-0.157938919717687f,-0.3296378917644382f,-0.93080296408612f,0.039333935211683574f,0f,0f,0f,1f],start_interpolation:0}
execute if entity @s[tag=aj.lexiel.bone.leftfoot] run data modify entity @s {} merge value {transformation:[-0.9832239880818129f,-0.0862463835737607f,0.16072383326981388f,0.13037670190429868f,-0.10820498588289268f,0.9851515810149957f,-0.13329682461985928f,0.43295602722217275f,-0.14684096938721902f,-0.1484517556113846f,-0.9779569550677164f,0.24857769276443958f,0f,0f,0f,1f],start_interpolation:0}
execute if entity @s[tag=aj.lexiel.bone.lower] run data modify entity @s {} merge value {transformation:[-0.9847823070815442f,0.025116818738603303f,0.1719678838492913f,0.008616027281684186f,-0.024696017974022138f,0.9592362026590581f,-0.281524446903741f,0.6255751421090496f,-0.17202881838627498f,-0.2814872162722184f,-0.944018555283708f,0.02237354228738316f,0f,0f,0f,1f],start_interpolation:0}