execute if entity @s[tag=aj.lexiel.bone.backhair] run data modify entity @s {} merge value {transformation:[-0.7690224774732942f,0.18405878369032225f,-0.612149322704253f,-0.3263495933834175f,0.2635086827073198f,0.963774544738357f,-0.04125289144078931f,1.2778822508103214f,0.5823809777788846f,-0.19303106242470847f,-0.789665375751336f,-0.45299598929670215f,0f,0f,0f,1f],start_interpolation:0}
execute if entity @s[tag=aj.lexiel.bone.head] run data modify entity @s {} merge value {transformation:[-0.7690224774732942f,-0.08152913111364361f,-0.6340011276967028f,-0.1592169365126315f,0.2635086827073198f,0.8632035634154186f,-0.4306306796371763f,1.4057560807673122f,0.5823809777788846f,-0.4982294741249033f,-0.6423393089594726f,-0.29015944588754383f,0f,0f,0f,1f],start_interpolation:0}
execute if entity @s[tag=aj.lexiel.bone.ring] run data modify entity @s {} merge value {transformation:[-0.8789524422385493f,-0.05175394116393425f,-0.4740929590880777f,-0.04469408956136789f,0.20919865747065003f,0.8515080256961731f,-0.48080141835011564f,0.9136255782747675f,0.4285773279063737f,-0.5217811914481062f,-0.7376082037610667f,-0.04297866984981624f,0f,0f,0f,1f],start_interpolation:0}
execute if entity @s[tag=aj.lexiel.bone.bust] run data modify entity @s {} merge value {transformation:[-0.8566122020753396f,-0.41336593691917056f,-0.30877846014671084f,-0.10287317372654137f,0.058157642865935257f,0.5172837657329323f,-0.853835578015718f,1.3446216405598985f,0.5126726283232955f,-0.7493638021042204f,-0.4190711971300234f,-0.18908092756821465f,0f,0f,0f,1f],start_interpolation:0}
execute if entity @s[tag=aj.lexiel.bone.left_wing] run data modify entity @s {} merge value {transformation:[-0.0022409495781495203f,-0.20359617235780206f,-0.9790523871306582f,-0.041415846891229346f,0.44841571750462617f,0.8748986710978566f,-0.1829635472054909f,1.0376397799254176f,0.8938223103278411f,-0.439432490733738f,0.08933511990109905f,-0.29538963120836664f,0f,0f,0f,1f],start_interpolation:0}
execute if entity @s[tag=aj.lexiel.bone.right_wing] run data modify entity @s {} merge value {transformation:[-0.9749375343400853f,-0.20359617235780206f,0.08969616901588984f,-0.2555688974100643f,-0.22229144628865902f,0.8748986710978566f,-0.43027761761228156f,1.0521791906419011f,0.009127816922523846f,-0.439432490733738f,-0.8982292408098126f,-0.1672214741275428f,0f,0f,0f,1f],start_interpolation:0}
execute if entity @s[tag=aj.lexiel.bone.body] run data modify entity @s {} merge value {transformation:[-0.8566122020753396f,-0.20359617235780206f,-0.4740929590880777f,0.766993239902511f,0.058157642865935257f,0.8748986710978566f,-0.48080141835011564f,0.49611404616527344f,0.5126726283232955f,-0.439432490733738f,-0.7376082037610667f,0.3853312205839436f,0f,0f,0f,1f],start_interpolation:0}
execute if entity @s[tag=aj.lexiel.locator_origin.locator_right_hand] at @s on origin run tp @s ^-0.08766 ^2.07279 ^-0.24817 ~157.04677 ~-0.73017
execute if entity @s[tag=aj.lexiel.bone.sword] run data modify entity @s {} merge value {transformation:[-0.000009214475910314409f,-0.00000623570055542812f,0.0000031465661491964346f,-0.1260136979561288f,0.0000027255907545943502f,-0.000008006128194012576f,-0.000007884444979166681f,2.0192889041882562f,0.00000643086269381529f,-0.0000055416023110712575f,0.000007850226435538303f,-0.14781636182666202f,0f,0f,0f,1f],start_interpolation:0}
execute if entity @s[tag=aj.lexiel.bone.rod] run data modify entity @s {} merge value {transformation:[-0.0024762327593074174f,0.8278136199940921f,-0.5609977529577086f,-0.17027286806111475f,0.8926160841278136f,-0.2510756587621145f,-0.37442961946605907f,2.0185071285697047f,-0.4508108191111314f,-0.5016827923393895f,-0.7382980300955048f,-0.24983016085592724f,0f,0f,0f,1f],start_interpolation:0}
execute if entity @s[tag=aj.lexiel.bone.right_hand] run data modify entity @s {} merge value {transformation:[-0.8402492744661989f,-0.3767251041670787f,0.3899478845298815f,-0.3163523032774877f,0.40414824095198926f,-0.9146047249976637f,-0.012743482544440077f,1.6403522028390123f,0.3614489674828787f,0.14688904963356275f,0.9207487447742241f,-0.12336000130687451f,0f,0f,0f,1f],start_interpolation:0}
execute if entity @s[tag=aj.lexiel.bone.right_arm] run data modify entity @s {} merge value {transformation:[-0.8402492744661989f,-0.3767251041670787f,0.3899478845298815f,-0.4078211085026311f,0.40414824095198926f,-0.9146047249976637f,-0.012743482544440077f,1.3419085937474926f,0.3614489674828787f,0.14688904963356275f,0.9207487447742241f,-0.08875245353022611f,0f,0f,0f,1f],start_interpolation:0}
execute if entity @s[tag=aj.lexiel.locator_origin.locator_left_hand] at @s on origin run tp @s ^0.19228 ^0.62083 ^-0.73557 ~-49.03259 ~19.08839
execute if entity @s[tag=aj.lexiel.bone.left_hand] run data modify entity @s {} merge value {transformation:[-0.7005737579748175f,0.004689113159626196f,-0.7135645884254755f,0.172036233810057f,-0.3271564538135907f,0.8865790175806658f,0.32702645200933983f,1.018928366875397f,0.6341648558262732f,0.4625534107575874f,-0.6195799204552749f,-0.5525657298861193f,0f,0f,0f,1f],start_interpolation:0}
execute if entity @s[tag=aj.lexiel.bone.left_arm] run data modify entity @s {} merge value {transformation:[-0.7005737579748175f,-0.05665787104238906f,-0.711327136615767f,0.15433064910931044f,-0.3271564538135907f,0.9114056759722415f,0.2496164027737301f,1.3037426406167225f,0.6341648558262732f,0.4075899648599376f,-0.6570428876263078f,-0.4251938658673888f,0f,0f,0f,1f],start_interpolation:0}
execute if entity @s[tag=aj.lexiel.bone.skirt_right] run data modify entity @s {} merge value {transformation:[-0.9995401017362331f,-0.006959598787535962f,-0.02951523345388539f,-0.21648932642955365f,0.004350870543592027f,0.9303247873672632f,-0.3667108669450215f,0.7198661543077288f,0.030010913792047893f,-0.3666706342138307f,-0.9298666522994539f,0.1373807402133322f,0f,0f,0f,1f],start_interpolation:0}
execute if entity @s[tag=aj.lexiel.bone.skirt_left] run data modify entity @s {} merge value {transformation:[-0.9995401017362331f,-0.005665538390407706f,-0.029790714927098408f,0.2208094680800483f,0.004350870543592027f,0.9454350276691373f,-0.32578164218041844f,0.7179626484449073f,0.030010913792047893f,-0.3257614313128614f,-0.9449755737173116f,0.12425096542931124f,0f,0f,0f,1f],start_interpolation:0}
execute if entity @s[tag=aj.lexiel.bone.skirt_back_middle] run data modify entity @s {} merge value {transformation:[-0.9995401017362331f,-0.0017286003411385621f,-0.03027535238410022f,-0.00657606350787892f,0.004350870543592027f,0.9798697371943779f,-0.19959050091658567f,0.6739222692584848f,0.030010913792047893f,-0.1996304337306346f,-0.9794115758872186f,-0.1536260577762641f,0f,0f,0f,1f],start_interpolation:0}
execute if entity @s[tag=aj.lexiel.bone.skirt_front_middle] run data modify entity @s {} merge value {transformation:[-0.9995401017362331f,-0.009505537507032976f,-0.028796350078147345f,0.0044921490373281f,0.004350870543592027f,0.8948236626963672f,-0.44639856922280896f,0.8114388443628678f,0.030010913792047893f,-0.44631856048719326f,-0.8943707774843752f,0.19507393683603108f,0f,0f,0f,1f],start_interpolation:0}
execute if entity @s[tag=aj.lexiel.bone.skirt] run data modify entity @s {} merge value {transformation:[-0.9995401017362331f,-0.006959598787535962f,-0.02951523345388539f,0.002029578347981043f,0.004350870543592027f,0.9303247873672632f,-0.3667108669450215f,0.7363579911394543f,0.030010913792047893f,-0.3666706342138307f,-0.9298666522994539f,0.12394077842981238f,0f,0f,0f,1f],start_interpolation:0}
execute if entity @s[tag=aj.lexiel.bone.rightupper] run data modify entity @s {} merge value {transformation:[-0.995832558822158f,-0.06010950689654512f,-0.06858835156473098f,-0.138114113466534f,-0.011766589247068835f,0.8304573331773556f,-0.5569579563570711f,0.6664253791261365f,0.09043816764620845f,-0.5538298158754265f,-0.8277037349681272f,0.06030407486784937f,0f,0f,0f,1f],start_interpolation:0}
execute if entity @s[tag=aj.lexiel.bone.rightfoot] run data modify entity @s {} merge value {transformation:[-0.9972481230348997f,0.0258825930884247f,-0.06947137884329298f,-0.08440570587333521f,0.026400949607581076f,0.999629952142315f,-0.0065535211734489285f,0.4520812864572794f,0.06927604898655285f,-0.00836959706150231f,-0.9975624185392316f,0.3010855501998994f,0f,0f,0f,1f],start_interpolation:0}
execute if entity @s[tag=aj.lexiel.bone.leftupper] run data modify entity @s {} merge value {transformation:[-0.9982321533548346f,-0.051867621132174024f,-0.02902271328906682f,0.13498389316299855f,-0.03559338173196293f,0.9127458682468478f,-0.4069743126724225f,0.6695721807536849f,0.04759915110012877f,-0.4052218279861009f,-0.9129784175642653f,0.051393588496494634f,0f,0f,0f,1f],start_interpolation:0}
execute if entity @s[tag=aj.lexiel.bone.leftfoot] run data modify entity @s {} merge value {transformation:[-0.995129980878166f,-0.05377371665912982f,-0.08261179427953819f,0.1595917901757732f,-0.07674883367194106f,0.948595101354448f,0.3070455181505521f,0.45108504319565945f,0.061854164673187856f,0.3118905594643864f,-0.9481024951077675f,0.27943318611351153f,0f,0f,0f,1f],start_interpolation:0}
execute if entity @s[tag=aj.lexiel.bone.lower] run data modify entity @s {} merge value {transformation:[-0.9995401017362331f,-0.006959598787535962f,-0.02951523345388539f,-0.00019375613304446477f,0.004350870543592027f,0.9303247873672632f,-0.3667108669450215f,0.6292972233502911f,0.030010913792047893f,-0.3666706342138307f,-0.9298666522994539f,0.06541192307469411f,0f,0f,0f,1f],start_interpolation:0}