execute if entity @s[tag=aj.ecual.bone.wing_right_1] run data modify entity @s {} merge value {transformation:[-0.6635069499508286f,-0.2115834939756876f,0.4265388574191491f,0.3219970649881349f,-0.13518594335649425f,0.785208686917656f,0.1792108343608432f,1.3745124228421504f,-0.4565388620152808f,0.07499458320795603f,-0.6729729002000763f,-0.44274399699298134f,0f,0f,0f,1f],start_interpolation:0}
execute if entity @s[tag=aj.ecual.bone.wing_right_2] run data modify entity @s {} merge value {transformation:[-0.6798073356195681f,0.057242897146689314f,0.417833982777942f,0.3219970649881349f,0.17200734297035614f,0.7613110093757988f,0.1755534703942954f,1.3745124228421504f,-0.38506552741332495f,0.23901631268483753f,-0.6592387593796666f,-0.44274399699298134f,0f,0f,0f,1f],start_interpolation:0}
execute if entity @s[tag=aj.ecual.bone.wing_left_1] run data modify entity @s {} merge value {transformation:[-0.4711863524224673f,-0.011506449938087027f,0.6669298818804544f,0.28292823895713703f,0.21183154498504697f,0.7716939993979095f,0.16297304159569354f,1.3771514211245974f,-0.6324992191967533f,0.26702137994461406f,-0.4422541857488924f,-0.4802408600193283f,0f,0f,0f,1f],start_interpolation:0}
execute if entity @s[tag=aj.ecual.bone.wing_left_2] run data modify entity @s {} merge value {transformation:[-0.42212189313808f,-0.18704893147913243f,0.6533190679645269f,0.28292823895713703f,-0.09757486988395758f,0.7778122913863676f,0.1596470611549651f,1.3771514211245974f,-0.6725267668283932f,0.0045537457991469965f,-0.43322859012136405f,-0.4802408600193283f,0f,0f,0f,1f],start_interpolation:0}
execute if entity @s[tag=aj.ecual.bone.staff] run data modify entity @s {} merge value {transformation:[-0.7863516966203495f,-1.3451751618521863f,0.11645189203376366f,-0.6205870326816045f,-0.47156770856709196f,0.14733931473860032f,-1.4823364235453247f,1.5776118411466524f,1.265180285753411f,-0.7811537366410692f,-0.4801290808445314f,-0.7347147041795515f,0f,0f,0f,1f],start_interpolation:0}
execute if entity @s[tag=aj.ecual.bone.arm_right_2] run data modify entity @s {} merge value {transformation:[-0.8632479848773954f,-0.04842896556085443f,0.5024515418424168f,-0.4009295663246853f,0.093366369751258f,0.9628929819497876f,0.2532189296070048f,1.5807553927090148f,-0.496070194231207f,0.26550280715380664f,-0.826693789615515f,-0.616120853118548f,0f,0f,0f,1f],start_interpolation:0}
execute if entity @s[tag=aj.ecual.bone.arm_right_1] run data modify entity @s {} merge value {transformation:[-0.7657350333518246f,-0.04842896556085443f,0.6413302534516719f,-0.1712046082083304f,0.13488364597463137f,0.9628929819497876f,0.2337595075295039f,1.532134848914503f,-0.628853131300362f,0.26550280715380664f,-0.7307886142019308f,-0.3884708213492444f,0f,0f,0f,1f],start_interpolation:0}
execute if entity @s[tag=aj.ecual.bone.arm_left_2] run data modify entity @s {} merge value {transformation:[0.13863045773283045f,-0.023914455608758815f,0.9900553999659427f,0.37603937431343337f,0.377313980047263f,0.9255838200047709f,-0.030475442675527542f,1.393146850226388f,-0.9156504554958075f,0.3777865679961537f,0.1373373670637672f,0.325461313721828f,0f,0f,0f,1f],start_interpolation:0}
execute if entity @s[tag=aj.ecual.bone.arm_left_1] run data modify entity @s {} merge value {transformation:[-0.37832167510261827f,-0.023914455608758815f,0.9253652300364898f,0.24584478921296243f,0.34141172100183115f,0.9255838200047709f,0.16350115873578253f,1.497171393353273f,-0.8604131257193353f,0.3777865679961537f,-0.3420037457858773f,0.03754221907411448f,0f,0f,0f,1f],start_interpolation:0}
execute if entity @s[tag=aj.ecual.bone.himo_right_2] run data modify entity @s {} merge value {transformation:[-0.7982707224886828f,0.022841152106892804f,0.6018655459384815f,-0.18918058924189252f,-0.4855412903934177f,0.5668853367383966f,-0.6655003157881216f,1.1565801551549049f,-0.35638954662067646f,-0.8234799917189395f,-0.4414376448583472f,-0.08360017566576873f,0f,0f,0f,1f],start_interpolation:0}
execute if entity @s[tag=aj.ecual.bone.himo_right_1] run data modify entity @s {} merge value {transformation:[-0.7615813947930905f,-0.08341431377763814f,0.6426786377047371f,-0.20080403158954507f,-0.32910276493350893f,0.9040762876417918f,-0.27264892487768155f,1.3243904033072553f,-0.5582876939519f,-0.4191516651295111f,-0.7159795614408473f,-0.16666598513655734f,0f,0f,0f,1f],start_interpolation:0}
execute if entity @s[tag=aj.ecual.bone.himo_left_2] run data modify entity @s {} merge value {transformation:[-0.7323331967573824f,-0.15153896354698318f,0.6638704929835483f,0.05782854820191195f,-0.6338384776475571f,0.5080133647421659f,-0.5832419785104381f,1.1523216556369096f,-0.2488711979730491f,-0.8479141252334751f,-0.46808627735601294f,0.14679438063750846f,0f,0f,0f,1f],start_interpolation:0}
execute if entity @s[tag=aj.ecual.bone.himo_left_1] run data modify entity @s {} merge value {transformation:[-0.7423942552444469f,-0.19966263337733675f,0.639519821907711f,0.02438880333058449f,-0.4603137327142203f,0.8455857128178144f,-0.27036284832256413f,1.3091792089882337f,-0.48678746620547286f,-0.49509558179326923f,-0.719665427566199f,0.04946605012898175f,0f,0f,0f,1f],start_interpolation:0}
execute if entity @s[tag=aj.ecual.bone.ponpon1] run data modify entity @s {} merge value {transformation:[-0.9487264080729625f,-0.01763583013944832f,0.31560605209702064f,0.2899838832677006f,0.030738359088372094f,0.9885632288688206f,0.14764110474053596f,2.0338057582749633f,-0.31460031135637634f,0.14977222714423444f,-0.9373339447980784f,0.02626731712327754f,0f,0f,0f,1f],start_interpolation:0}
execute if entity @s[tag=aj.ecual.bone.ponpon2] run data modify entity @s {} merge value {transformation:[-0.9487264080729625f,-0.01763583013944832f,0.31560605209702064f,0.3573536697219633f,0.030738359088372094f,0.9885632288688206f,0.14764110474053596f,1.922924019769972f,-0.31460031135637634f,0.14977222714423444f,-0.9373339447980784f,-0.0685317569187075f,0f,0f,0f,1f],start_interpolation:0}
execute if entity @s[tag=aj.ecual.bone.ponpon3] run data modify entity @s {} merge value {transformation:[-0.9487264080729625f,-0.01763583013944832f,0.31560605209702064f,-0.2673928814751649f,0.030738359088372094f,0.9885632288688206f,0.14764110474053596f,2.0518645442393817f,-0.31460031135637634f,0.14977222714423444f,-0.9373339447980784f,-0.15856036579859356f,0f,0f,0f,1f],start_interpolation:0}
execute if entity @s[tag=aj.ecual.bone.ponpon4] run data modify entity @s {} merge value {transformation:[-0.9487264080729625f,-0.01763583013944832f,0.31560605209702064f,-0.2711775756263743f,0.030738359088372094f,0.9885632288688206f,0.14764110474053596f,1.9432881826660184f,-0.31460031135637634f,0.14977222714423444f,-0.9373339447980784f,-0.2769544631923068f,0f,0f,0f,1f],start_interpolation:0}
execute if entity @s[tag=aj.ecual.bone.ear_edge_a1] run data modify entity @s {} merge value {transformation:[-0.9396666260190462f,0.13297168984153324f,0.31519067506299914f,0.20177379392263267f,0.18506863604523965f,0.9724898879095346f,0.1414673738572082f,2.1459073733443668f,-0.28770858850290953f,0.19126407821226546f,-0.9384251810811962f,-0.009847525050765776f,0f,0f,0f,1f],start_interpolation:0}
execute if entity @s[tag=aj.ecual.bone.ear_edge_a2] run data modify entity @s {} merge value {transformation:[-0.9488991257312394f,-0.015661658271732867f,0.31519067506299914f,0.09231700824495331f,0.030659198659566136f,0.9894680367103821f,0.1414673738572082f,2.159410101638828f,-0.31408671210995665f,0.14390176089499854f,-0.9384251810811962f,-0.04457545362009636f,0f,0f,0f,1f],start_interpolation:0}
execute if entity @s[tag=aj.ecual.bone.ear_edge_b1] run data modify entity @s {} merge value {transformation:[-0.9240889668867169f,0.216968704826911f,0.3146174858522219f,0.07088598071155511f,0.2693024729161911f,0.9537959537076818f,0.13322708723107982f,2.155938004259234f,-0.27117477640714366f,0.2078409483633732f,-0.9398225262377728f,-0.051210121578853636f,0f,0f,0f,1f],start_interpolation:0}
execute if entity @s[tag=aj.ecual.bone.ear_edge_b2] run data modify entity @s {} merge value {transformation:[-0.9459078506331058f,-0.0792096945246301f,0.3146174858522219f,0.0983823304653627f,-0.03861728714039166f,0.9903328977479434f,0.13322708723107982f,2.164955823474614f,-0.3221289233281835f,0.11387087393831669f,-0.9398225262377728f,-0.04072702509856647f,0f,0f,0f,1f],start_interpolation:0}
execute if entity @s[tag=aj.ecual.bone.ear_right_2] run data modify entity @s {} merge value {transformation:[-0.9466532815366862f,0.0697380968470648f,0.3146174858522219f,0.16169524956532558f,0.11678035281696178f,0.9841813310685525f,0.13322708723107982f,2.2711074546966366f,-0.30034965249150775f,0.16286100031708403f,-0.9398225262377728f,-0.0377353708412584f,0f,0f,0f,1f],start_interpolation:0}
execute if entity @s[tag=aj.ecual.bone.ear_right_1] run data modify entity @s {} merge value {transformation:[-0.9466532815366862f,0.06709994716208463f,0.31519067506299914f,0.14659776145385656f,0.11678035281696178f,0.9830306868709087f,0.1414673738572082f,2.0499255501506823f,-0.30034965249150775f,0.17072863193077678f,-0.9384251810811962f,-0.07614931302568312f,0f,0f,0f,1f],start_interpolation:0}
execute if entity @s[tag=aj.ecual.bone.ear_edge_a3] run data modify entity @s {} merge value {transformation:[-0.9342871600149647f,-0.16583221192188308f,0.31560605209702064f,-0.16891134885583475f,-0.12428544098592556f,0.9812009138550206f,0.14764110474053596f,2.1576177112070063f,-0.3341565977054853f,0.09871395108680214f,-0.9373339447980784f,-0.13208113472720856f,0f,0f,0f,1f],start_interpolation:0}
execute if entity @s[tag=aj.ecual.bone.ear_edge_a4] run data modify entity @s {} merge value {transformation:[-0.9487264080729624f,-0.017635830139448333f,0.31560605209702064f,-0.059810009199197184f,0.03073835908837208f,0.9885632288688206f,0.14764110474053596f,2.1640392429825956f,-0.3146003113563764f,0.14977222714423444f,-0.9373339447980784f,-0.09433458203981615f,0f,0f,0f,1f],start_interpolation:0}
execute if entity @s[tag=aj.ecual.bone.ear_edge_b3] run data modify entity @s {} merge value {transformation:[-0.9162786857005635f,-0.24662966166011113f,0.31560605209702064f,-0.03854261723984555f,-0.20932979179188888f,0.9666349582232987f,0.14764110474053596f,2.159082374423542f,-0.34148851869310703f,0.06921464823330822f,-0.9373339447980784f,-0.0879544865596862f,0f,0f,0f,1f],start_interpolation:0}
execute if entity @s[tag=aj.ecual.bone.ear_edge_b4] run data modify entity @s {} merge value {transformation:[-0.9476455715477975f,0.04858693863149756f,0.31560605209702064f,-0.06633397688062476f,0.09962216690953295f,0.9840109389896248f,0.14764110474053596f,2.1698638861059174f,-0.3033863783792826f,0.17135279788546162f,-0.9373339447980784f,-0.09561379202164991f,0f,0f,0f,1f],start_interpolation:0}
execute if entity @s[tag=aj.ecual.bone.ear_left_2] run data modify entity @s {} merge value {transformation:[-0.9435791537871359f,-0.10025567524128193f,0.31560605209702064f,-0.11314136749367246f,-0.05553757211320877f,0.9874804718447672f,0.14764110474053596f,2.279793246087847f,-0.3264566718909612f,0.12178307479756946f,-0.9373339447980784f,-0.12739819903532412f,0f,0f,0f,1f],start_interpolation:0}
execute if entity @s[tag=aj.ecual.bone.ear_left_1] run data modify entity @s {} merge value {transformation:[-0.9435791537871359f,-0.10025567524128193f,0.31560605209702064f,-0.09058384056438407f,-0.05553757211320877f,0.9874804718447672f,0.14764110474053596f,2.057610139922775f,-0.3264566718909612f,0.12178307479756946f,-0.9373339447980784f,-0.1547993908647772f,0f,0f,0f,1f],start_interpolation:0}
execute if entity @s[tag=aj.ecual.bone.head] run data modify entity @s {} merge value {transformation:[-0.9487264080729625f,-0.01763583013944832f,0.31560605209702064f,0.027182634263171614f,0.030738359088372094f,0.9885632288688206f,0.14764110474053596f,1.5425154057183164f,-0.31460031135637634f,0.14977222714423444f,-0.9373339447980784f,-0.16294093258171038f,0f,0f,0f,1f],start_interpolation:0}
execute if entity @s[tag=aj.ecual.bone.body_1] run data modify entity @s {} merge value {transformation:[-0.7206170717444145f,-0.11406403169187479f,0.6838862716743921f,0.06995664614762466f,0.048675821820869526f,0.9756176269213265f,0.21401147261411554f,1.176658795622819f,-0.6916225128497251f,0.1875090470206554f,-0.6974945569714774f,-0.23325682521445618f,0f,0f,0f,1f],start_interpolation:0}
execute if entity @s[tag=aj.ecual.bone.leg_left_2] run data modify entity @s {} merge value {transformation:[-0.8193947161871318f,-0.36346321143942795f,0.4432683081551711f,0.2615164155730987f,-0.18515383524137474f,0.8996474362890166f,0.39541439993253913f,0.5541178087267389f,-0.5425037846688443f,0.24192764271314246f,-0.8044629632936763f,-0.18854048224588016f,0f,0f,0f,1f],start_interpolation:0}
execute if entity @s[tag=aj.ecual.bone.leg_left_1] run data modify entity @s {} merge value {transformation:[-0.8193947161871318f,-0.12910356284082672f,0.5585020762239069f,0.2264280951930962f,-0.18515383524137474f,0.9816916541196133f,-0.044716367554928f,0.8921514730499027f,-0.5425037846688443f,-0.14004915670471665f,-0.8282969741139214f,-0.2509124804274759f,0f,0f,0f,1f],start_interpolation:0}
execute if entity @s[tag=aj.ecual.bone.leg_right_2] run data modify entity @s {} merge value {transformation:[-0.8641296867122978f,0.07230990233069032f,0.4980473497243331f,-0.08365513640909225f,0.1683919273937077f,0.9741267606847478f,0.15073557279710784f,0.5363823784409794f,-0.4742615769078688f,0.21412223645097206f,-0.8539482563516926f,-0.33532022364659786f,0f,0f,0f,1f],start_interpolation:0}
execute if entity @s[tag=aj.ecual.bone.leg_right_1] run data modify entity @s {} merge value {transformation:[-0.8641296867122978f,0.257400108034059f,0.4324639510139093f,0.01879030514794254f,0.1683919273937077f,0.9576597826456741f,-0.23352066180891265f,0.9060160400798724f,-0.4742615769078688f,-0.12896869809025402f,-0.8708863482577776f,-0.3907386338331824f,0f,0f,0f,1f],start_interpolation:0}
execute if entity @s[tag=aj.ecual.bone.skirt_forward_right] run data modify entity @s {} merge value {transformation:[-0.7830570496148385f,0.3972704155080941f,0.4785372232235762f,0.08091882374152075f,0.23033735126753418f,0.8999433587087261f,-0.3701981303668532f,1.0464036912401278f,-0.5777251610061319f,-0.17966125925775805f,-0.7962132065360105f,-0.2515079317705816f,0f,0f,0f,1f],start_interpolation:0}
execute if entity @s[tag=aj.ecual.bone.skirt_forward_left] run data modify entity @s {} merge value {transformation:[-0.8772855157527388f,0.013179800145970151f,0.4797878872153439f,0.082095037649714f,-0.23982957150450554f,0.8538477493910088f,-0.4619802998958658f,1.0158208758376384f,-0.4157546157078914f,-0.5203559490656575f,-0.7459073573772834f,-0.26562530220205505f,0f,0f,0f,1f],start_interpolation:0}
execute if entity @s[tag=aj.ecual.bone.skirt_forward] run data modify entity @s {} merge value {transformation:[-0.8569937526525921f,0.1912167197289431f,0.4785372232235762f,0.0845270832428059f,0.00055740657603962f,0.9289526541061149f,-0.3701981303668532f,1.06393302782311f,-0.5153264957406488f,-0.31699074517295844f,-0.7962132065360105f,-0.25748954713199534f,0f,0f,0f,1f],start_interpolation:0}
execute if entity @s[tag=aj.ecual.bone.skirt_back_right] run data modify entity @s {} merge value {transformation:[-0.8748182858851653f,-0.0023719610547945635f,0.4844453947368017f,0.08240688376906019f,0.18623520276427222f,0.9214985228303993f,0.3408180184097405f,1.0678890217741424f,-0.4472241227083927f,0.3883746209810141f,-0.8057020155402134f,-0.2539633520068001f,0f,0f,0f,1f],start_interpolation:0}
execute if entity @s[tag=aj.ecual.bone.skirt_back_left] run data modify entity @s {} merge value {transformation:[-0.8004698232105595f,-0.34906491745712864f,0.48723889985294033f,0.08239283398067015f,-0.19886507949120968f,0.9215390185822133f,0.33349440383533563f,1.0679642321171896f,-0.5654208541327517f,0.17005740392931756f,-0.8070809978438412f,-0.253939985198184f,0f,0f,0f,1f],start_interpolation:0}
execute if entity @s[tag=aj.ecual.bone.skirt_back] run data modify entity @s {} merge value {transformation:[-0.8570119298973223f,-0.17562235487537325f,0.4844453947368017f,0.08019755454472799f,0f,0.940129288091408f,0.3408180184097405f,1.0797158482183322f,-0.5152965670501475f,0.29208510770111284f,-0.8057020155402134f,-0.2502889213519201f,0f,0f,0f,1f],start_interpolation:0}
execute if entity @s[tag=aj.ecual.bone.skirt_right] run data modify entity @s {} merge value {transformation:[-0.8235223081942329f,0.19100091250485773f,0.534162577619169f,-0.09354487233665369f,0.24232473964612317f,0.9698246179262676f,0.026812889057460182f,1.1210836428956803f,-0.5129227314731544f,0.15152181983622265f,-0.8449564542931416f,-0.337327474102414f,0f,0f,0f,1f],start_interpolation:0}
execute if entity @s[tag=aj.ecual.bone.skirt_left] run data modify entity @s {} merge value {transformation:[-0.8381978207563504f,-0.20416523130021716f,0.5057083859374234f,0.2458617317195232f,-0.2477956932254843f,0.9686127094400243f,-0.019665033184733588f,1.128608499012358f,-0.4858206538407016f,-0.1417955480238496f,-0.8624803272321112f,-0.1498150833425581f,0f,0f,0f,1f],start_interpolation:0}
execute if entity @s[tag=aj.ecual.bone.coat_downer] run data modify entity @s {} merge value {transformation:[-0.8570119298973223f,-0.1248751349640402f,0.49993674868065063f,0.08792868556918805f,0f,0.9701922749894777f,0.24233643875971644f,0.9635275446688758f,-0.5152965670501475f,0.20768521906590887f,-0.831466353960206f,-0.27830807079476216f,0f,0f,0f,1f],start_interpolation:0}
execute if entity @s[tag=aj.ecual.bone.body_2] run data modify entity @s {} merge value {transformation:[-0.8570119298973223f,-0.11580012876760103f,0.5021164030292918f,0.06875000000000003f,0f,0.9744221777057307f,0.22472520907815716f,1.18125f,-0.5152965670501475f,0.19259218512865073f,-0.8350914310503399f,-0.23125f,0f,0f,0f,1f],start_interpolation:0}
execute if entity @s[tag=aj.ecual.bone.book_left] run data modify entity @s {} merge value {transformation:[0.30256127349125006f,-0.6960626774644044f,-0.6511170592331595f,1.480800136503231f,0.5399934874842025f,0.6881067922024364f,-0.4846814170148485f,0.821825280439593f,0.7854067158218103f,-0.20495314480621582f,0.5840637800583435f,-0.3226657533690871f,0f,0f,0f,1f],start_interpolation:0}
execute if entity @s[tag=aj.ecual.bone.book_right] run data modify entity @s {} merge value {transformation:[-0.6792258383812588f,-0.6960626774644044f,-0.23269939732702546f,1.4544103218687434f,-0.5385741825859631f,0.6881067922024364f,-0.48625805122047566f,0.8219247195604068f,0.4985881169132875f,-0.20495314480621582f,-0.8422613003735271f,-0.23270670548940667f,0f,0f,0f,1f],start_interpolation:0}
execute if entity @s[tag=aj.ecual.bone.book_loot_1] run data modify entity @s {} merge value {transformation:[-0.28149135610120235f,-0.6960626774644044f,-0.6604993304170648f,1.566680128748547f,0.0010606839553466973f,0.6881067922024364f,-0.7256086531143492f,0.9307162979671523f,0.9595631773832578f,-0.20495314480621582f,-0.19295781156560998f,-0.24874255769440537f,0f,0f,0f,1f],start_interpolation:0}
execute if entity @s[tag=aj.ecual.bone.book_left2] run data modify entity @s {} merge value {transformation:[0.49604167803494637f,0.4431113521741501f,0.7467228289175785f,-1.0315217808432768f,-0.23651885659232214f,0.8964181895961539f,-0.37482430529171185f,2.543514591934221f,-0.8354648311739611f,0.009314447678213933f,0.5494649733476326f,-0.6851492589791687f,0f,0f,0f,1f],start_interpolation:0}
execute if entity @s[tag=aj.ecual.bone.book_right2] run data modify entity @s {} merge value {transformation:[-0.7968033489546971f,0.4431113521741501f,0.4108001371335894f,-1.0103863201268772f,0.39858913349084507f,0.8964181895961539f,-0.19380694524234976f,2.532125408065779f,-0.454126772782223f,0.009314447678213933f,-0.8908883854371731f,-0.5945256346248297f,0f,0f,0f,1f],start_interpolation:0}
execute if entity @s[tag=aj.ecual.bone.book_loot_2] run data modify entity @s {} merge value {transformation:[-0.22544491430826363f,0.4431113521741501f,0.8676559918463862f,-1.151102449262035f,0.12148462793004336f,0.8964181895961539f,-0.4262345768914727f,2.6017551865337207f,-0.9666519931129499f,0.009314447678213933f,-0.2559241396883288f,-0.6014488258487498f,0f,0f,0f,1f],start_interpolation:0}
execute if entity @s[tag=aj.ecual.bone.air_staff_povit_1] run data modify entity @s {} merge value {transformation:[-0.000013390811404645663f,0f,0.000008051508860158556f,-0.2917018734510103f,0f,0.000015625f,0f,1.3473724999999999f,-0.000008051508860158556f,0f,-0.000013390811404645663f,0.3542265488317246f,0f,0f,0f,1f],start_interpolation:0}