execute if entity @s[tag=aj.ecual.bone.wing_right_1] run data modify entity @s {} merge value {transformation:[-0.17273907915854944f,-0.0658380752978448f,-0.7954690457943515f,-0.13492048078949995f,-0.1323470132007109f,0.8049803665600348f,-0.03788564364198053f,1.2621193961658548f,0.7871403452198036f,0.12089831156137627f,-0.18093678352756562f,-0.4984905255977927f,0f,0f,0f,1f],start_interpolation:0}
execute if entity @s[tag=aj.ecual.bone.wing_right_2] run data modify entity @s {} merge value {transformation:[-0.18101411298095146f,0.00517022056002895f,-0.7792349836352832f,-0.13492048078949995f,0.18198852536479776f,0.7781406308700394f,-0.037112467241123784f,1.2621193961658548f,0.7577031526510007f,-0.18566213240329266f,-0.17724419610863573f,-0.4984905255977927f,0f,0f,0f,1f],start_interpolation:0}
execute if entity @s[tag=aj.ecual.bone.wing_left_1] run data modify entity @s {} merge value {transformation:[-0.794857999103902f,0.10477539605450552f,-0.1554584255889895f,-0.194089459950121f,0.1112841266801029f,0.8086943217452186f,-0.023953738132740196f,1.260831391559807f,0.15086765343847794f,-0.04449780672242837f,-0.8013759047958112f,-0.4411309314320344f,0f,0f,0f,1f],start_interpolation:0}
execute if entity @s[tag=aj.ecual.bone.wing_left_2] run data modify entity @s {} merge value {transformation:[-0.7586437663489172f,-0.20314691599778661f,-0.15228580465860198f,-0.194089459950121f,-0.2024432246659379f,0.7736059332090103f,-0.023464886334112846f,1.260831391559807f,0.15322002665052056f,0.016284674525592357f,-0.7850212944938559f,-0.4411309314320344f,0f,0f,0f,1f],start_interpolation:0}
execute if entity @s[tag=aj.ecual.bone.staff] run data modify entity @s {} merge value {transformation:[1.4175345528114187f,0.6316818610426351f,0.1816041519774317f,0.3120235603342493f,-0.2292021662130413f,0.07045762904682545f,1.5439910425622132f,1.467309956534208f,0.6160100718243f,-1.4273822189374543f,0.15658174373856104f,0.10167045182136508f,0f,0f,0f,1f],start_interpolation:0}
execute if entity @s[tag=aj.ecual.bone.arm_right_2] run data modify entity @s {} merge value {transformation:[0.9278032858358132f,0.036807909542021816f,0.3712495664474426f,0.08753693835545723f,-0.07200520264937427f,0.9940777612946727f,0.08139198542113557f,1.5099787720474294f,-0.36605506905886465f,-0.10224765177997067f,0.9249589742911796f,0.20220908925454886f,0f,0f,0f,1f],start_interpolation:0}
execute if entity @s[tag=aj.ecual.bone.arm_right_1] run data modify entity @s {} merge value {transformation:[0.8108021976204254f,0.036807909542021816f,-0.5841617705131298f,-0.13267018113711632f,0.0301027621394235f,0.9940777612946727f,0.10441852427107506f,1.4990041694259764f,0.5845456526615056f,-0.10224765177997067f,0.8048924137175202f,-0.008211118596514244f,0f,0f,0f,1f],start_interpolation:0}
execute if entity @s[tag=aj.ecual.bone.arm_left_2] run data modify entity @s {} merge value {transformation:[-0.8250431204425172f,0.4799099426717596f,-0.29831241398115266f,0.4364666790057985f,0.5554937817324944f,0.78560718001185f,-0.2724848934718406f,1.293069507751148f,0.10358816470526927f,-0.39052247776359406f,-0.9147467881847835f,-0.6574246068937214f,0f,0f,0f,1f],start_interpolation:0}
execute if entity @s[tag=aj.ecual.bone.arm_left_1] run data modify entity @s {} merge value {transformation:[-0.5043549897675536f,0.4799099426717596f,-0.7178526946535475f,0.26785875266880693f,0.6112747398665527f,0.78560718001185f,0.09573166202937637f,1.4884746331340188f,0.6098928075470713f,-0.39052247776359406f,-0.6895817266022455f,-0.44752619152227524f,0f,0f,0f,1f],start_interpolation:0}
execute if entity @s[tag=aj.ecual.bone.himo_right_2] run data modify entity @s {} merge value {transformation:[-0.717912074773384f,-0.2777349782045323f,-0.6383302709227433f,0.09893981639472657f,-0.01562768315700157f,0.9231638395161091f,-0.3840889232053171f,1.158256411788544f,0.6959583524994288f,-0.2657664525323006f,-0.6670908216237704f,0.02413710424279074f,0f,0f,0f,1f],start_interpolation:0}
execute if entity @s[tag=aj.ecual.bone.himo_right_1] run data modify entity @s {} merge value {transformation:[-0.717912074773384f,-0.04266369880282453f,-0.6948252022624373f,0.08659771535505675f,-0.01562768315700157f,0.9988563963341586f,-0.04518489815726774f,1.3452595804877159f,0.6959583524994288f,-0.021580275874051244f,-0.7177578026601177f,0.015604816249780412f,0f,0f,0f,1f],start_interpolation:0}
execute if entity @s[tag=aj.ecual.bone.himo_left_2] run data modify entity @s {} merge value {transformation:[-0.717912074773384f,-0.3053142114007131f,-0.6256080923480255f,0.3345717606603442f,-0.01562768315700157f,0.9055314685732208f,-0.4239911967750869f,1.1651341648642888f,0.6959583524994288f,-0.2946115947147816f,-0.6548633291350905f,-0.18166472017543372f,0f,0f,0f,1f],start_interpolation:0}
execute if entity @s[tag=aj.ecual.bone.himo_left_1] run data modify entity @s {} merge value {transformation:[-0.717912074773384f,-0.10305935713133149f,-0.6884627962368421f,0.3109452387217393f,-0.01562768315700157f,0.991117322823242f,-0.13206902709883844f,1.350143231474279f,0.6959583524994288f,-0.08405487081285669f,-0.7131456725514883f,-0.20188216890629113f,0f,0f,0f,1f],start_interpolation:0}
execute if entity @s[tag=aj.ecual.bone.ponpon1] run data modify entity @s {} merge value {transformation:[-0.9968459979017772f,0.02208512505921508f,-0.07622534826636618f,0.35754754501439245f,0.02625234091534365f,0.9981899382510528f,-0.05410787161609551f,2.0278749850065485f,0.07489239656783964f,-0.055938309104567416f,-0.9956214313235967f,-0.26945053746840175f,0f,0f,0f,1f],start_interpolation:0}
execute if entity @s[tag=aj.ecual.bone.ponpon2] run data modify entity @s {} merge value {transformation:[-0.9968459979017772f,0.02208512505921508f,-0.07622534826636618f,0.38502250290333534f,0.02625234091534365f,0.9981899382510528f,-0.05410787161609551f,1.8970441669768325f,0.07489239656783964f,-0.055938309104567416f,-0.9956214313235967f,-0.358606222888212f,0f,0f,0f,1f],start_interpolation:0}
execute if entity @s[tag=aj.ecual.bone.ponpon3] run data modify entity @s {} merge value {transformation:[-0.9968459979017772f,0.02208512505921508f,-0.07622534826636618f,-0.2280994787529017f,0.02625234091534365f,0.9981899382510528f,-0.05410787161609551f,2.043298235294313f,0.07489239656783964f,-0.055938309104567416f,-0.9956214313235967f,-0.22545125448479594f,0f,0f,0f,1f],start_interpolation:0}
execute if entity @s[tag=aj.ecual.bone.ponpon4] run data modify entity @s {} merge value {transformation:[-0.9968459979017772f,0.02208512505921508f,-0.07622534826636618f,-0.275387970706592f,0.02625234091534365f,0.9981899382510528f,-0.05410787161609551f,1.9144363428332478f,0.07489239656783964f,-0.055938309104567416f,-0.9956214313235967f,-0.3089900101620182f,0f,0f,0f,1f],start_interpolation:0}
execute if entity @s[tag=aj.ecual.bone.ear_edge_a1] run data modify entity @s {} merge value {transformation:[-0.9811220087370445f,0.1777011787637575f,-0.07630134361698947f,0.26003373637700783f,0.18207778815911047f,0.9817558692213586f,-0.05480047726526172f,2.135874501415894f,0.06517118251860156f,-0.06765873421359203f,-0.9955777280824143f,-0.2899020515356015f,0f,0f,0f,1f],start_interpolation:0}
execute if entity @s[tag=aj.ecual.bone.ear_edge_a2] run data modify entity @s {} merge value {transformation:[-0.9968413575677866f,0.02203208579899929f,-0.07630134361698947f,0.14543457843799515f,0.02625565424435472f,0.9981520667271598f,-0.05480047726526172f,2.148957519688529f,0.07495297500842288f,-0.05663072384885351f,-0.9955777280824143f,-0.2818392816922335f,0f,0f,0f,1f],start_interpolation:0}
execute if entity @s[tag=aj.ecual.bone.ear_edge_b1] run data modify entity @s {} merge value {transformation:[-0.9619112878083156f,0.2624695829005993f,-0.07639628550481546f,0.12308456440499663f,0.26694304901348465f,0.9621032601157106f,-0.05566619672750858f,2.145265204277381f,0.058890431908181676f,-0.07393940036750897f,-0.9955224166752656f,-0.2798163147463201f,0f,0f,0f,1f],start_interpolation:0}
execute if entity @s[tag=aj.ecual.bone.ear_edge_b2] run data modify entity @s {} merge value {transformation:[-0.9959395599907508f,-0.047623527866974685f,-0.07639628550481546f,0.15231956111836845f,-0.043428331475323975f,0.997504513557289f,-0.05566619672750858f,2.1544830643005026f,0.07885666028116571f,-0.05212240426476687f,-0.9955224166752656f,-0.28257523641307025f,0f,0f,0f,1f],start_interpolation:0}
execute if entity @s[tag=aj.ecual.bone.ear_right_2] run data modify entity @s {} merge value {transformation:[-0.9911278524455149f,0.10876206906733749f,-0.07639628550481546f,0.20983578385341262f,0.1131504283038719f,0.9920172655334909f,-0.05566619672750858f,2.255764660199525f,0.06973206351020962f,-0.0638165904420399f,-0.9955224166752656f,-0.3240428983400462f,0f,0f,0f,1f],start_interpolation:0}
execute if entity @s[tag=aj.ecual.bone.ear_right_1] run data modify entity @s {} merge value {transformation:[-0.9911278524455149f,0.10882869598126987f,-0.07630134361698947f,0.18534932725762693f,0.1131504283038719f,0.9920654657159224f,-0.05480047726526172f,2.0325499304134427f,0.06973206351020962f,-0.06294780905533139f,-0.9955777280824143f,-0.30987964130259665f,0f,0f,0f,1f],start_interpolation:0}
execute if entity @s[tag=aj.ecual.bone.ear_edge_a3] run data modify entity @s {} merge value {transformation:[-0.9880280442204953f,-0.1341278498876874f,-0.07622534826636618f,-0.12920779885477301f,-0.13022217796343094f,0.9900073346170908f,-0.05410787161609551f,2.146107938955692f,0.0827210263493106f,-0.043533863702517266f,-0.9956214313235967f,-0.2605809392094227f,0f,0f,0f,1f],start_interpolation:0}
execute if entity @s[tag=aj.ecual.bone.ear_edge_a4] run data modify entity @s {} merge value {transformation:[-0.9968459979017773f,0.022085125059215102f,-0.07622534826636618f,-0.014163520398924073f,0.02625234091534364f,0.9981899382510528f,-0.05410787161609551f,2.153143204823343f,0.07489239656783962f,-0.05593830910456742f,-0.9956214313235967f,-0.2697711325558413f,0f,0f,0f,1f],start_interpolation:0}
execute if entity @s[tag=aj.ecual.bone.ear_edge_b3] run data modify entity @s {} merge value {transformation:[-0.9725782868383065f,-0.219729770974113f,-0.07622534826636618f,0.008007111918377524f,-0.21601146783531155f,0.9748904471748661f,-0.05410787161609551f,2.1482449537782897f,0.086200474095559f,-0.036158591715573625f,-0.9956214313235967f,-0.27120232938040983f,0f,0f,0f,1f],start_interpolation:0}
execute if entity @s[tag=aj.ecual.bone.ear_edge_b4] run data modify entity @s {} merge value {transformation:[-0.9928771507058644f,0.09156778848413703f,-0.07622534826636618f,-0.020787628600570388f,0.09581860175157153f,0.9939271270005412f,-0.05410787161609551f,2.158992167472133f,0.07080790326353553f,-0.061026275689857405f,-0.9956214313235967f,-0.2695818537510591f,0f,0f,0f,1f],start_interpolation:0}
execute if entity @s[tag=aj.ecual.bone.ear_left_2] run data modify entity @s {} merge value {transformation:[-0.9949775434019366f,-0.06487976886147667f,-0.07622534826636618f,-0.07846012021164964f,-0.060845542639147224f,0.9966795664455672f,-0.05410787161609551f,2.2633659180925303f,0.07948275326632294f,-0.04919814450116505f,-0.9956214313235967f,-0.3022261246733989f,0f,0f,0f,1f],start_interpolation:0}
execute if entity @s[tag=aj.ecual.bone.ear_left_1] run data modify entity @s {} merge value {transformation:[-0.9949775434019366f,-0.06487976886147667f,-0.07622534826636618f,-0.06386217221781741f,-0.060845542639147224f,0.9966795664455672f,-0.05410787161609551f,2.039113015642278f,0.07948275326632294f,-0.04919814450116505f,-0.9956214313235967f,-0.29115654216063674f,0f,0f,0f,1f],start_interpolation:0}
execute if entity @s[tag=aj.ecual.bone.head] run data modify entity @s {} merge value {transformation:[-0.9968459979017772f,0.02208512505921508f,-0.07622534826636618f,0.05180699306038096f,0.02625234091534365f,0.9981899382510528f,-0.05410787161609551f,1.5259500006621987f,0.07489239656783964f,-0.055938309104567416f,-0.9956214313235967f,-0.2407365385866635f,0f,0f,0f,1f],start_interpolation:0}
execute if entity @s[tag=aj.ecual.bone.body_1] run data modify entity @s {} merge value {transformation:[-0.717912074773384f,-0.04266369880282453f,-0.6948252022624373f,0.06780588011144016f,-0.01562768315700157f,0.9988563963341586f,-0.04518489815726774f,1.151378852036889f,0.6959583524994288f,-0.021580275874051244f,-0.7177578026601177f,-0.23264393513389428f,0f,0f,0f,1f],start_interpolation:0}
execute if entity @s[tag=aj.ecual.bone.leg_left_2] run data modify entity @s {} merge value {transformation:[-0.8288910413154895f,0.06815555263006809f,-0.5552427057356211f,0.20389135506791767f,-0.023469034456956524f,0.9874397878199508f,0.15624298336804995f,0.5052570485691359f,0.5589175664161771f,0.1425394193750647f,-0.8168804489493171f,-0.26894740648066595f,0f,0f,0f,1f],start_interpolation:0}
execute if entity @s[tag=aj.ecual.bone.leg_left_1] run data modify entity @s {} merge value {transformation:[-0.8288910413154895f,-0.14857360098763286f,-0.5393195033711382f,0.14718546950467262f,-0.023469034456956524f,0.972473111734072f,-0.23183022101509815f,0.8552589151898595f,0.5589175664161771f,-0.17950468529767888f,-0.8095611291975422f,-0.3383472553961886f,0f,0f,0f,1f],start_interpolation:0}
execute if entity @s[tag=aj.ecual.bone.leg_right_2] run data modify entity @s {} merge value {transformation:[-0.788024097315077f,0.24897247993655408f,-0.5630548164122213f,0.0569156491925831f,0.2541258168035391f,0.9645723285768462f,0.07085402019486675f,0.6981379804008704f,0.5607477965045355f,-0.08725208982071819f,-0.8233765733473507f,0.041916997197047945f,0f,0f,0f,1f],start_interpolation:0}
execute if entity @s[tag=aj.ecual.bone.leg_right_1] run data modify entity @s {} merge value {transformation:[-0.788024097315077f,-0.31888244293262225f,-0.526623214110507f,-0.07499403540494115f,0.2541258168035391f,0.6106418871790054f,-0.7500243695083493f,0.8683089226441071f,0.5607477965045355f,-0.7248658311796643f,-0.40016426065245037f,-0.22057683825519775f,0f,0f,0f,1f],start_interpolation:0}
execute if entity @s[tag=aj.ecual.bone.skirt_forward_right] run data modify entity @s {} merge value {transformation:[-0.8528606607978209f,0.004491455021044859f,-0.5221192584987636f,0.06386762518709627f,0.22896414872770984f,0.9019090472870437f,-0.3662451214953889f,1.0639275708243767f,0.46925910951296396f,-0.4319026478890479f,-0.7702311282242034f,-0.23961185468687335f,0f,0f,0f,1f],start_interpolation:0}
execute if entity @s[tag=aj.ecual.bone.skirt_forward_left] run data modify entity @s {} merge value {transformation:[-0.8039411703375325f,-0.308640505296108f,-0.5083499120948897f,0.0484574799781015f,-0.10654030968636909f,0.9157044472180748f,-0.3874719702855583f,1.0481071226591108f,0.5850878199452211f,-0.25734491220073324f,-0.7690551599957871f,-0.251944112975112f,0f,0f,0f,1f],start_interpolation:0}
execute if entity @s[tag=aj.ecual.bone.skirt_forward] run data modify entity @s {} merge value {transformation:[-0.82356629962394f,-0.22222218604535215f,-0.5218772366686977f,0.05970095919874592f,-0.03420251742634224f,0.9378426678184081f,-0.3453712759060193f,1.081512120845972f,0.5661878998401783f,-0.2665866284127466f,-0.7799761737553863f,-0.24461035396961234f,0f,0f,0f,1f],start_interpolation:0}
execute if entity @s[tag=aj.ecual.bone.skirt_back_right] run data modify entity @s {} merge value {transformation:[-0.7818204590285392f,0.3021086931285003f,-0.5454237869589058f,0.06390848954756277f,0.19229263541826605f,0.9489614831257773f,0.24999129166357556f,1.063357257622944f,0.5931107082225898f,0.09056732898741514f,-0.8000107791222463f,-0.2383981933624584f,0f,0f,0f,1f],start_interpolation:0}
execute if entity @s[tag=aj.ecual.bone.skirt_back_left] run data modify entity @s {} merge value {transformation:[-0.8384947842687925f,0.041335614461801465f,-0.54333954736527f,0.06575936528616573f,-0.09462240810148091f,0.9709251235300945f,0.21988861813006058f,1.0754136494883402f,0.5366312482879729f,0.2357875558105985f,-0.8102043766147873f,-0.2356654888068467f,0f,0f,0f,1f],start_interpolation:0}
execute if entity @s[tag=aj.ecual.bone.skirt_back] run data modify entity @s {} merge value {transformation:[-0.8279624720472092f,0.14807005908823678f,-0.5408820596794467f,0.06575936528616573f,0f,0.9645113492316907f,0.26404139297326806f,1.0754136494883402f,0.5607835098159311f,0.2186163644489356f,-0.7985792010274597f,-0.2356654888068467f,0f,0f,0f,1f],start_interpolation:0}
execute if entity @s[tag=aj.ecual.bone.skirt_right] run data modify entity @s {} merge value {transformation:[-0.8285751592029235f,0.19610887158616935f,-0.5244087299397766f,-0.09371277069244884f,0.2539805819559652f,0.966385877349107f,-0.03990238150168551f,1.1299633731870418f,0.4989559795624855f,-0.16625175651822785f,-0.8505311775081761f,-0.12561757371613014f,0f,0f,0f,1f],start_interpolation:0}
execute if entity @s[tag=aj.ecual.bone.skirt_left] run data modify entity @s {} merge value {transformation:[-0.8119423651485349f,-0.13087967214448265f,-0.5688761790551229f,0.22675942835745816f,-0.1015903306240482f,0.9913511596253926f,-0.08307997973691414f,1.0985828594290266f,0.5748295402992961f,-0.009663836129727224f,-0.8182161144041089f,-0.34345751321850837f,0f,0f,0f,1f],start_interpolation:0}
execute if entity @s[tag=aj.ecual.bone.coat_downer] run data modify entity @s {} merge value {transformation:[-0.8279624720472092f,0.05890984750593082f,-0.5576807103964618f,0.0512955671077611f,0f,0.994467028068483f,0.10504917936204493f,0.9336729741463559f,0.5607835098159311f,0.0869767782311294f,-0.8233813789290225f,-0.24308899898878886f,0f,0f,0f,1f],start_interpolation:0}
execute if entity @s[tag=aj.ecual.bone.body_2] run data modify entity @s {} merge value {transformation:[-0.8279624720472092f,0.04916800483074736f,-0.5586238915249132f,0.06875000000000003f,0f,0.9961489268974284f,0.08767733710088237f,1.15625f,0.5607835098159311f,0.07259354476856306f,-0.8247739280411694f,-0.23125f,0f,0f,0f,1f],start_interpolation:0}
execute if entity @s[tag=aj.ecual.bone.book_left] run data modify entity @s {} merge value {transformation:[0.8293615461615967f,-0.5541334893579042f,-0.07138278308163615f,-2.332416084886202f,0.2888790155942103f,0.5346622815917889f,-0.7941568856292708f,1.2706186807331425f,0.47823460780015303f,0.6380221944533719f,0.6035058734487493f,-0.10821945267510158f,0f,0f,0f,1f],start_interpolation:0}
execute if entity @s[tag=aj.ecual.bone.book_right] run data modify entity @s {} merge value {transformation:[0.5898540434241443f,-0.5541334893579042f,-0.5873740575035826f,-2.261629869957848f,-0.2886256215669211f,0.5346622815917889f,-0.7942490133567502f,1.270631319266857f,0.7541667309231407f,0.6380221944533719f,0.15543558586632328f,-0.04675097200098377f,0f,0f,0f,1f],start_interpolation:0}
execute if entity @s[tag=aj.ecual.bone.book_loot_1] run data modify entity @s {} merge value {transformation:[0.7550529592357722f,-0.5541334893579042f,-0.3504726875540197f,-2.244452074288922f,0.00013481102628898345f,0.5346622815917889f,-0.8450658119158827f,1.3973848717873822f,0.6556637938572566f,0.6380221944533719f,0.4037730412120315f,-0.13805116851984742f,0f,0f,0f,1f],start_interpolation:0}
execute if entity @s[tag=aj.ecual.bone.book_left2] run data modify entity @s {} merge value {transformation:[0.08680369003496477f,0.5412399217800566f,0.8363757926122876f,1.2473116931330914f,-0.2551853883250866f,0.8236145602122507f,-0.5064972594118904f,2.402495617430587f,-0.9629878176704463f,-0.16946505031391973f,0.20960930260943117f,-0.32387532984069317f,0f,0f,0f,1f],start_interpolation:0}
execute if entity @s[tag=aj.ecual.bone.book_right2] run data modify entity @s {} merge value {transformation:[-0.47063015048086343f,0.5412399217800566f,0.6968260963324194f,1.2664558052212649f,0.12970139309284817f,0.8236145602122507f,-0.552120100010999f,2.408754382569413f,-0.872745558618395f,-0.16946505031391973f,-0.45781741626325917f,-0.23231445756824012f,0f,0f,0f,1f],start_interpolation:0}
execute if entity @s[tag=aj.ecual.bone.book_loot_2] run data modify entity @s {} merge value {transformation:[-0.2042038622738503f,0.5412399217800566f,0.8156961013171271f,1.134529333979609f,-0.06676016148081149f,0.8236145602122507f,-0.5632070108276681f,2.49010605162415f,-0.9766493042394995f,-0.16946505031391973f,-0.13205200964242186f,-0.25828709225810337f,0f,0f,0f,1f],start_interpolation:0}
execute if entity @s[tag=aj.ecual.bone.air_staff_povit_1] run data modify entity @s {} merge value {transformation:[-0.000012936913625737645f,0f,-0.000008762242340873922f,0.4483128438564519f,0f,0.000015625f,0f,1.3223725f,0.000008762242340873922f,0f,-0.000012936913625737645f,0.34202165451455274f,0f,0f,0f,1f],start_interpolation:0}