execute if entity @s[tag=aj.labyria.bone.wing_right_1] run data modify entity @s {} merge value {transformation:[-0.7943578938919141f,-0.1400667290318964f,-0.12775481311618844f,0.02623116594048633f,-0.1452703189097653f,0.8033266716765051f,0.02252193289768925f,0.6364095984817281f,0.12180523510876701f,0.04463198893056687f,-0.8062976588758298f,-0.9244738041591748f,0f,0f,0f,1f],start_interpolation:0}
execute if entity @s[tag=aj.labyria.bone.wing_right_2] run data modify entity @s {} merge value {transformation:[-0.7714209465615567f,0.17101990650366167f,-0.1251475720321846f,0.02623116594048633f,0.1696726860788268f,0.781488601609957f,0.022062301614062942f,0.6364095984817281f,0.1269681172770074f,-0.005268503885621539f,-0.7898426046130579f,-0.9244738041591748f,0f,0f,0f,1f],start_interpolation:0}
execute if entity @s[tag=aj.labyria.bone.wing_left_1] run data modify entity @s {} merge value {transformation:[-0.7943578938919141f,0.1400667290318964f,0.1277548131161886f,-0.026231165940486106f,0.1452703189097653f,0.8033266716765051f,0.02252193289768925f,0.6364095984817281f,-0.12180523510876717f,0.0446319889305669f,-0.8062976588758298f,-0.9244738041591748f,0f,0f,0f,1f],start_interpolation:0}
execute if entity @s[tag=aj.labyria.bone.wing_left_2] run data modify entity @s {} merge value {transformation:[-0.7714209465615567f,-0.17101990650366167f,0.12514757203218477f,-0.026231165940486106f,-0.1696726860788268f,0.781488601609957f,0.022062301614062942f,0.6364095984817281f,-0.12696811727700757f,-0.005268503885621577f,-0.7898426046130579f,-0.9244738041591748f,0f,0f,0f,1f],start_interpolation:0}
execute if entity @s[tag=aj.labyria.bone.musket] run data modify entity @s {} merge value {transformation:[-0.000005120407820576974f,2.8576435912144856e-7f,-0.0000018659324377661307f,-0.5754247481635707f,4.075265773656612e-8f,0.000005409866007650368f,7.166801102544073e-7f,0.2091463878646747f,0.0000018872478247806655f,6.58505801495151e-7f,-0.000005078051509933279f,-0.36230340428917f,0f,0f,0f,1f],start_interpolation:0}
execute if entity @s[tag=aj.labyria.bone.omega_blade] run data modify entity @s {} merge value {transformation:[-0.0000111819842474317f,4.950813708157486e-7f,-0.000004092509573291549f,-0.5754247481635707f,8.899595360744326e-8f,0.000011857631886715092f,0.0000011912840301210755f,0.2091463878646747f,0.000004121385676135307f,0.0000010871855207144782f,-0.000011129362948215768f,-0.36230340428917f,0f,0f,0f,1f],start_interpolation:0}
execute if entity @s[tag=aj.labyria.bone.arm_right_2] run data modify entity @s {} merge value {transformation:[-0.3782156042722702f,-0.9063077870366503f,-0.18857134416896862f,-0.4516749852557095f,-0.8232283247185912f,0.4224534892367749f,-0.3792468520801404f,0.5110956067694514f,0.42337699756361735f,0.011800194422306358f,-0.9058767429102109f,-0.528963991473253f,0f,0f,0f,1f],start_interpolation:0}
execute if entity @s[tag=aj.labyria.bone.arm_right_1] run data modify entity @s {} merge value {transformation:[-0.4215887848958184f,-0.9063077870366503f,-0.029480359678902845f,-0.29843749999999997f,-0.9056952868587455f,0.4224534892367749f,-0.03534256348270409f,0.8464278678498722f,0.04448532130851948f,0.011800194422306358f,-0.9989403443648042f,-0.5528583091282676f,0f,0f,0f,1f],start_interpolation:0}
execute if entity @s[tag=aj.labyria.bone.arm_left_2] run data modify entity @s {} merge value {transformation:[-0.3696302603154108f,0.9063077870366503f,0.20488939898367556f,0.45877290786567404f,0.8059022784179527f,0.4224534892367749f,-0.41479460829719905f,0.5541277512072134f,-0.462487825028848f,0.01180019442230658f,-0.8865471037185116f,-0.5490468894143009f,0f,0f,0f,1f],start_interpolation:0}
execute if entity @s[tag=aj.labyria.bone.arm_left_1] run data modify entity @s {} merge value {transformation:[-0.4215887848958184f,0.9063077870366503f,0.029480359678903088f,0.2984375000000001f,0.9056952868587455f,0.4224534892367749f,-0.03534256348270409f,0.8464278678498722f,-0.04448532130851958f,0.01180019442230658f,-0.9989403443648042f,-0.5528583091282676f,0f,0f,0f,1f],start_interpolation:0}
execute if entity @s[tag=aj.labyria.bone.himo_right_2] run data modify entity @s {} merge value {transformation:[-1f,1.2588455115273835e-17f,1.2181596210854024e-16f,-0.15624999999999997f,0f,0.9947028171171742f,-0.10279253678724681f,0.4954911620132639f,-1.2246467991473532e-16f,-0.10279253678724681f,-0.9947028171171742f,-0.3563304137729269f,0f,0f,0f,1f],start_interpolation:0}
execute if entity @s[tag=aj.labyria.bone.himo_right_1] run data modify entity @s {} merge value {transformation:[-1f,-3.41941454897674e-18f,1.2241693277794874e-16f,-0.15624999999999997f,0f,0.9996101150403544f,0.027921638723568867f,0.6830925688253526f,-1.2246467991473532e-16f,0.027921638723568867f,-0.9996101150403544f,-0.35734266973125994f,0f,0f,0f,1f],start_interpolation:0}
execute if entity @s[tag=aj.labyria.bone.himo_left_2] run data modify entity @s {} merge value {transformation:[-1f,1.2588455115273835e-17f,1.2181596210854024e-16f,0.15625000000000003f,0f,0.9947028171171742f,-0.10279253678724681f,0.4954911620132639f,-1.2246467991473532e-16f,-0.10279253678724681f,-0.9947028171171742f,-0.3563304137729269f,0f,0f,0f,1f],start_interpolation:0}
execute if entity @s[tag=aj.labyria.bone.himo_left_1] run data modify entity @s {} merge value {transformation:[-1f,-3.41941454897674e-18f,1.2241693277794874e-16f,0.15625000000000003f,0f,0.9996101150403544f,0.027921638723568867f,0.6830925688253526f,-1.2246467991473532e-16f,0.027921638723568867f,-0.9996101150403544f,-0.35734266973125994f,0f,0f,0f,1f],start_interpolation:0}
execute if entity @s[tag=aj.labyria.bone.ribbon_left_himo_1] run data modify entity @s {} merge value {transformation:[-1f,-3.231512860213435e-17f,1.1812421551081765e-16f,0.3005312500000001f,0f,0.9645574184577981f,0.26387304996537286f,1.080241090964564f,-1.2246467991473532e-16f,0.26387304996537286f,-0.9645574184577981f,-0.4273373981619059f,0f,0f,0f,1f],start_interpolation:0}
execute if entity @s[tag=aj.labyria.bone.ribbon_left_himo_2] run data modify entity @s {} merge value {transformation:[-1f,-3.231512860213435e-17f,1.1812421551081765e-16f,0.3005312500000001f,0f,0.9645574184577981f,0.26387304996537286f,1.1152867304130902f,-1.2246467991473532e-16f,0.26387304996537286f,-0.9645574184577981f,-0.5554426803008322f,0f,0f,0f,1f],start_interpolation:0}
execute if entity @s[tag=aj.labyria.bone.ribbon_left] run data modify entity @s {} merge value {transformation:[-1f,-3.231512860213435e-17f,1.1812421551081765e-16f,0.30000000000000004f,0f,0.9645574184577981f,0.26387304996537286f,1.2008913756284023f,-1.2246467991473532e-16f,0.26387304996537286f,-0.9645574184577981f,-0.46317755733235255f,0f,0f,0f,1f],start_interpolation:0}
execute if entity @s[tag=aj.labyria.bone.ribbon_right_himo_1] run data modify entity @s {} merge value {transformation:[-1f,-3.231512860213435e-17f,1.1812421551081765e-16f,-0.30053124999999997f,0f,0.9645574184577981f,0.26387304996537286f,1.080241090964564f,-1.2246467991473532e-16f,0.26387304996537286f,-0.9645574184577981f,-0.427337398161906f,0f,0f,0f,1f],start_interpolation:0}
execute if entity @s[tag=aj.labyria.bone.ribbon_right_himo_2] run data modify entity @s {} merge value {transformation:[-1f,-3.231512860213435e-17f,1.1812421551081765e-16f,-0.30053124999999997f,0f,0.9645574184577981f,0.26387304996537286f,1.1152867304130902f,-1.2246467991473532e-16f,0.26387304996537286f,-0.9645574184577981f,-0.5554426803008323f,0f,0f,0f,1f],start_interpolation:0}
execute if entity @s[tag=aj.labyria.bone.ribbon_right] run data modify entity @s {} merge value {transformation:[-1f,-3.231512860213435e-17f,1.1812421551081765e-16f,-0.29999999999999993f,0f,0.9645574184577981f,0.26387304996537286f,1.2008913756284023f,-1.2246467991473532e-16f,0.26387304996537286f,-0.9645574184577981f,-0.46317755733235266f,0f,0f,0f,1f],start_interpolation:0}
execute if entity @s[tag=aj.labyria.bone.crown] run data modify entity @s {} merge value {transformation:[-0.9762960071199334f,0.21643961393810285f,1.1812421551081765e-16f,0.16875000000000004f,0.20876843527213895f,0.941693556278259f,0.26387304996537286f,1.4703937059945975f,0.05711258106317491f,0.2576182050677522f,-0.9645574184577981f,-0.3758670003935314f,0f,0f,0f,1f],start_interpolation:0}
execute if entity @s[tag=aj.labyria.bone.ear_edge_a1] run data modify entity @s {} merge value {transformation:[-0.988375278265621f,0.1466107986754858f,0.04024404334920061f,0.19290356018430435f,0.13481723689038388f,0.7228305552501189f,0.6777464872900832f,1.4322787198498401f,0.07027532960149156f,0.6752934636945193f,-0.7341935139599509f,-0.3511782866977178f,0f,0f,0f,1f],start_interpolation:0}
execute if entity @s[tag=aj.labyria.bone.ear_edge_a2] run data modify entity @s {} merge value {transformation:[-0.9991417203353494f,-0.009810181457353379f,0.04024404334920061f,0.07771854821744628f,0.02008180176259948f,0.7350213739776013f,0.6777464872900832f,1.441998934145005f,-0.03622904805934314f,0.6779729641629179f,-0.7341935139599509f,-0.34851913697443526f,0f,0f,0f,1f],start_interpolation:0}
execute if entity @s[tag=aj.labyria.bone.ear_edge_b1] run data modify entity @s {} merge value {transformation:[-0.9766042583695179f,0.20209139153882072f,0.07350640788684339f,0.05811883450603125f,0.12898214022812468f,0.27696861947097146f,0.9521827510150122f,1.4839237678618504f,0.17206896883719713f,0.9393867431969898f,-0.29655491341243423f,-0.3995936403106263f,0f,0f,0f,1f],start_interpolation:0}
execute if entity @s[tag=aj.labyria.bone.ear_edge_b2] run data modify entity @s {} merge value {transformation:[-0.9912555181663029f,-0.10958697780497227f,0.07350640788684339f,0.08672216972040525f,0.03708129462455511f,0.30327048365848325f,0.9521827510150122f,1.4852310905150319f,-0.1266391538736003f,0.9465821190140462f,-0.29655491341243423f,-0.3883062248803949f,0f,0f,0f,1f],start_interpolation:0}
execute if entity @s[tag=aj.labyria.bone.ear_right_2] run data modify entity @s {} merge value {transformation:[-0.9961946980917455f,0.04682874644349317f,0.07350640788684339f,0.1423943197979451f,0.08406671822845313f,0.29373592826854067f,0.9521827510150122f,1.543042186974432f,0.02299805166082187f,0.9547388506553767f,-0.29655491341243423f,-0.29426297226142273f,0f,0f,0f,1f],start_interpolation:0}
execute if entity @s[tag=aj.labyria.bone.ear_right_1] run data modify entity @s {} merge value {transformation:[-0.9961946980917455f,0.07730808799086696f,0.04024404334920061f,0.12500000000000006f,0.08406671822845313f,0.7304741513922658f,0.6777464872900832f,1.3786855029111724f,0.02299805166082187f,0.6785506419412964f,-0.7341935139599509f,-0.4469368666982142f,0f,0f,0f,1f],start_interpolation:0}
execute if entity @s[tag=aj.labyria.bone.ear_edge_a3] run data modify entity @s {} merge value {transformation:[-0.988375278265621f,-0.14661079867548596f,-0.04024404334920043f,-0.19290356018430427f,-0.13481723689038388f,0.7228305552501189f,0.6777464872900832f,1.4322787198498401f,-0.0702753296014918f,0.6752934636945193f,-0.7341935139599509f,-0.3511782866977178f,0f,0f,0f,1f],start_interpolation:0}
execute if entity @s[tag=aj.labyria.bone.ear_edge_a4] run data modify entity @s {} merge value {transformation:[-0.9991417203353494f,0.009810181457353212f,-0.04024404334920043f,-0.0777185482174462f,-0.02008180176259948f,0.7350213739776013f,0.6777464872900832f,1.441998934145005f,0.03622904805934289f,0.6779729641629179f,-0.7341935139599509f,-0.3485191369744352f,0f,0f,0f,1f],start_interpolation:0}
execute if entity @s[tag=aj.labyria.bone.ear_edge_b3] run data modify entity @s {} merge value {transformation:[-0.9766042583695179f,-0.20209139153882094f,-0.07350640788684332f,-0.05811883450603117f,-0.12898214022812468f,0.27696861947097146f,0.9521827510150122f,1.4839237678618504f,-0.17206896883719736f,0.9393867431969897f,-0.29655491341243423f,-0.3995936403106263f,0f,0f,0f,1f],start_interpolation:0}
execute if entity @s[tag=aj.labyria.bone.ear_edge_b4] run data modify entity @s {} merge value {transformation:[-0.9912555181663029f,0.10958697780497205f,-0.07350640788684332f,-0.08672216972040517f,-0.03708129462455511f,0.30327048365848325f,0.9521827510150122f,1.4852310905150319f,0.12663915387360009f,0.9465821190140463f,-0.29655491341243423f,-0.3883062248803949f,0f,0f,0f,1f],start_interpolation:0}
execute if entity @s[tag=aj.labyria.bone.ear_left_2] run data modify entity @s {} merge value {transformation:[-0.9961946980917455f,-0.0468287464434934f,-0.07350640788684332f,-0.14239431979794503f,-0.08406671822845313f,0.29373592826854067f,0.9521827510150122f,1.543042186974432f,-0.022998051660822114f,0.9547388506553767f,-0.29655491341243423f,-0.29426297226142273f,0f,0f,0f,1f],start_interpolation:0}
execute if entity @s[tag=aj.labyria.bone.ear_left_1] run data modify entity @s {} merge value {transformation:[-0.9961946980917455f,-0.07730808799086712f,-0.04024404334920043f,-0.12499999999999996f,-0.08406671822845313f,0.7304741513922658f,0.6777464872900832f,1.3786855029111724f,-0.022998051660822114f,0.6785506419412964f,-0.7341935139599509f,-0.4469368666982142f,0f,0f,0f,1f],start_interpolation:0}
execute if entity @s[tag=aj.labyria.bone.head] run data modify entity @s {} merge value {transformation:[-1f,-3.231512860213435e-17f,1.1812421551081765e-16f,6.760410199617234e-17f,0f,0.9645574184577981f,0.26387304996537286f,0.8761037931401329f,-1.2246467991473532e-16f,0.26387304996537286f,-0.9645574184577981f,-0.5520293854786616f,0f,0f,0f,1f],start_interpolation:0}
execute if entity @s[tag=aj.labyria.bone.back_musket] run data modify entity @s {} merge value {transformation:[2.1455443264204834e-7f,0.000010190085757155663f,0.000012664192935980839f,-0.0989106249999999f,-9.111177015851477e-7f,0.000012652923475699248f,-0.000010165581936832593f,0.8298573531808471f,-0.000016229278942448177f,-5.756247409659869e-7f,7.381227731861372e-7f,-0.7753227205804014f,0f,0f,0f,1f],start_interpolation:0}
execute if entity @s[tag=aj.labyria.bone.body_1] run data modify entity @s {} merge value {transformation:[-1f,-3.41941454897674e-18f,1.2241693277794874e-16f,6.888638245203862e-17f,0f,0.9996101150403544f,0.027921638723568867f,0.50125f,-1.2246467991473532e-16f,0.027921638723568867f,-0.9996101150403544f,-0.5625f,0f,0f,0f,1f],start_interpolation:0}
execute if entity @s[tag=aj.labyria.bone.belt2] run data modify entity @s {} merge value {transformation:[-0.6484598083756133f,-0.6565516884664171f,-0.38527880462511765f,0.5816227158327402f,-0.7306496644045075f,0.3947424437724964f,0.5570722313938277f,0.08851236669646162f,-0.2136608172479071f,0.6427427817225289f,-0.7356838802886347f,-0.3060829164518263f,0f,0f,0f,1f],start_interpolation:0}
execute if entity @s[tag=aj.labyria.bone.leg_left_2] run data modify entity @s {} merge value {transformation:[-0.37460659341591174f,-0.6556179909708573f,-0.6556179909708569f,0.37536868439623217f,-0.9271838545667875f,0.26488686248158316f,0.26488686248158294f,0.09769514102195581f,9.635074674628798e-18f,0.7071067811865472f,-0.7071067811865478f,-0.33282039161544263f,0f,0f,0f,1f],start_interpolation:0}
execute if entity @s[tag=aj.labyria.bone.leg_left_1] run data modify entity @s {} merge value {transformation:[-0.37460659341591174f,-0.655617990970857f,0.6556179909708572f,0.15000000000000005f,-0.9271838545667875f,0.264886862481583f,-0.2648868624815831f,0.18874999999999997f,9.635074674628798e-18f,-0.7071067811865477f,-0.7071067811865474f,-0.4875f,0f,0f,0f,1f],start_interpolation:0}
execute if entity @s[tag=aj.labyria.bone.belt] run data modify entity @s {} merge value {transformation:[-0.14667152216554946f,0.5509691224679618f,-0.8215354469969782f,-0.20791589688511553f,0.9333852918502509f,0.352084318118149f,0.06948762402687336f,0.2293990666788536f,0.3275352828982899f,-0.7566172473729119f,-0.5659072180442435f,-0.2294363166562602f,0f,0f,0f,1f],start_interpolation:0}
execute if entity @s[tag=aj.labyria.bone.leg_right_2] run data modify entity @s {} merge value {transformation:[-0.37460659341591174f,0.655617990970857f,0.6556179909708572f,-0.37085674661407136f,0.9271838545667875f,0.26488686248158316f,0.26488686248158294f,0.08941742656940635f,-1.0138722778788686e-16f,0.7071067811865475f,-0.7071067811865476f,-0.3357233047033631f,0f,0f,0f,1f],start_interpolation:0}
execute if entity @s[tag=aj.labyria.bone.leg_right_1] run data modify entity @s {} merge value {transformation:[-0.37460659341591174f,0.6556179909708573f,-0.6556179909708569f,-0.12499999999999993f,0.9271838545667875f,0.264886862481583f,-0.2648868624815831f,0.18874999999999997f,-1.0138722778788686e-16f,-0.7071067811865475f,-0.7071067811865476f,-0.5125f,0f,0f,0f,1f],start_interpolation:0}
execute if entity @s[tag=aj.labyria.bone.skirt_forward_right] run data modify entity @s {} merge value {transformation:[-0.9396926207859084f,0.3420201433256687f,9.71577628780522e-17f,6.888638245203862e-17f,0.27134282315430625f,0.7455082795475254f,-0.6087614290087207f,0.3637500000000001f,-0.2082086712007016f,-0.5720486226585795f,-0.7933533402912352f,-0.5625f,0f,0f,0f,1f],start_interpolation:0}
execute if entity @s[tag=aj.labyria.bone.skirt_forward_left] run data modify entity @s {} merge value {transformation:[-0.9396926207859084f,-0.3420201433256686f,9.71577628780522e-17f,6.888638245203862e-17f,-0.27134282315430625f,0.7455082795475254f,-0.6087614290087207f,0.3637500000000001f,0.20820867120070138f,-0.5720486226585795f,-0.7933533402912352f,-0.5625f,0f,0f,0f,1f],start_interpolation:0}
execute if entity @s[tag=aj.labyria.bone.skirt_forward] run data modify entity @s {} merge value {transformation:[-1f,7.455177354798984e-17f,9.71577628780522e-17f,6.888638245203862e-17f,0f,0.7933533402912352f,-0.6087614290087207f,0.3637500000000001f,-1.2246467991473532e-16f,-0.6087614290087207f,-0.7933533402912352f,-0.5625f,0f,0f,0f,1f],start_interpolation:0}
execute if entity @s[tag=aj.labyria.bone.skirt_back_right] run data modify entity @s {} merge value {transformation:[-0.9063077870366499f,0.42261826174069944f,1.2060416625018976e-16f,6.888638245203862e-17f,0.4161977407267834f,0.8925389352890299f,0.17364817766693033f,0.3637500000000001f,0.07338689100003813f,0.1573786956242627f,-0.984807753012208f,-0.5625f,0f,0f,0f,1f],start_interpolation:0}
execute if entity @s[tag=aj.labyria.bone.skirt_back_left] run data modify entity @s {} merge value {transformation:[-0.9063077870366499f,-0.42261826174069944f,1.2060416625018976e-16f,6.888638245203862e-17f,-0.4161977407267834f,0.8925389352890299f,0.17364817766693033f,0.3637500000000001f,-0.07338689100003835f,0.1573786956242626f,-0.984807753012208f,-0.5625f,0f,0f,0f,1f],start_interpolation:0}
execute if entity @s[tag=aj.labyria.bone.skirt_back] run data modify entity @s {} merge value {transformation:[-1f,-2.1265768495757713e-17f,1.2060416625018976e-16f,6.888638245203862e-17f,0f,0.984807753012208f,0.17364817766693033f,0.3637500000000001f,-1.2246467991473532e-16f,0.17364817766693033f,-0.984807753012208f,-0.5625f,0f,0f,0f,1f],start_interpolation:0}
execute if entity @s[tag=aj.labyria.bone.skirt_right] run data modify entity @s {} merge value {transformation:[-0.7933533402912352f,0.6087614290087207f,1.2246467991473532e-16f,-0.19374999999999995f,0.6087614290087207f,0.7933533402912352f,0f,0.4325000000000001f,-9.71577628780522e-17f,7.455177354798984e-17f,-1f,-0.5375f,0f,0f,0f,1f],start_interpolation:0}
execute if entity @s[tag=aj.labyria.bone.skirt_left] run data modify entity @s {} merge value {transformation:[-0.7933533402912352f,-0.6087614290087207f,1.2246467991473532e-16f,0.19375000000000006f,-0.6087614290087207f,0.7933533402912352f,0f,0.4325000000000001f,-9.71577628780522e-17f,-7.455177354798984e-17f,-1f,-0.5375f,0f,0f,0f,1f],start_interpolation:0}
execute if entity @s[tag=aj.labyria.bone.coat_downer] run data modify entity @s {} merge value {transformation:[-1f,1.0673500138322974e-17f,1.2199866483456202e-16f,6.888638245203862e-17f,0f,0.9961946980917455f,-0.08715574274765818f,0.27156249999999993f,-1.2246467991473532e-16f,-0.08715574274765818f,-0.9961946980917455f,-0.5625f,0f,0f,0f,1f],start_interpolation:0}
execute if entity @s[tag=aj.labyria.bone.body_2] run data modify entity @s {} merge value {transformation:[-1f,0f,1.2246467991473532e-16f,6.888638245203862e-17f,0f,1f,0f,0.50125f,-1.2246467991473532e-16f,0f,-1f,-0.5625f,0f,0f,0f,1f],start_interpolation:0}
execute if entity @s[tag=aj.labyria.bone.sphere] run data modify entity @s {} merge value {transformation:[-0.9845914758241052f,0f,-0.17487031118663424f,0.5656250000000003f,0f,1f,0f,1.47f,0.17487031118663424f,0f,-0.9845914758241052f,-1.165328517997685f,0f,0f,0f,1f],start_interpolation:0}