execute if entity @s[tag=aj.labyria.bone.wing_right_1] run data modify entity @s {} merge value {transformation:[-0.7982648353763571f,-0.14075562822765286f,-0.0995266304475371f,0.025745384835867913f,-0.14316735257998436f,0.8039399659230114f,0.011317455164048319f,0.6213907405804185f,0.09602502903535248f,0.02851015184790452f,-0.8105003451478682f,-0.9297818183291378f,0f,0f,0f,1f],start_interpolation:0}
execute if entity @s[tag=aj.labyria.bone.wing_right_2] run data modify entity @s {} merge value {transformation:[-0.7752150757837428f,0.17186104470159796f,-0.09749547472411797f,0.025745384835867913f,0.17180583066359192f,0.7812553016542266f,0.01108648669131264f,0.6213907405804185f,0.0975927396254402f,-0.010194849250421165f,-0.7939595217775036f,-0.9297818183291378f,0f,0f,0f,1f],start_interpolation:0}
execute if entity @s[tag=aj.labyria.bone.wing_left_1] run data modify entity @s {} merge value {transformation:[-0.7982648353763571f,0.14075562822765286f,0.09952663044753729f,-0.02574538483586769f,0.14316735257998436f,0.8039399659230114f,0.011317455164048319f,0.6213907405804185f,-0.09602502903535268f,0.028510151847904553f,-0.8105003451478682f,-0.9297818183291376f,0f,0f,0f,1f],start_interpolation:0}
execute if entity @s[tag=aj.labyria.bone.wing_left_2] run data modify entity @s {} merge value {transformation:[-0.7752150757837428f,-0.17186104470159796f,0.09749547472411817f,-0.02574538483586769f,-0.17180583066359192f,0.7812553016542266f,0.01108648669131264f,0.6213907405804185f,-0.09759273962544039f,-0.010194849250421207f,-0.7939595217775036f,-0.9297818183291376f,0f,0f,0f,1f],start_interpolation:0}
execute if entity @s[tag=aj.labyria.bone.musket] run data modify entity @s {} merge value {transformation:[-0.000014158103802807162f,7.961825759376906e-7f,-0.0000052184428866268304f,-0.5746455361933694f,2.2656643311372204e-7f,0.000015015225791079953f,0.0000016761915882586755f,0.20355699509500302f,0.000005273966297446267f,0.00000149232834689161f,-0.000014081057905737772f,-0.35221200597036084f,0f,0f,0f,1f],start_interpolation:0}
execute if entity @s[tag=aj.labyria.bone.omega_blade] run data modify entity @s {} merge value {transformation:[-0.0000011850852838023852f,5.2658092137270236e-8f,-4.387085420726886e-7f,-0.5746455361933694f,1.8964442514783167e-8f,0.0000012606695437718543f,1.0008916407998133e-7f,0.20355699509500302f,4.414503476895049e-7f,8.720445045173287e-8f,-0.0000011820246037144436f,-0.35221200597036084f,0f,0f,0f,1f],start_interpolation:0}
execute if entity @s[tag=aj.labyria.bone.arm_right_2] run data modify entity @s {} merge value {transformation:[-0.37655562845211044f,-0.90630778703665f,-0.1918646758467185f,-0.4515464456654684f,-0.813786133990401f,0.42257706660695f,-0.39897462438458714f,0.5017936958895985f,0.44267142081457345f,0.005900672385039645f,-0.8966644831035805f,-0.5258915100802544f,0f,0f,0f,1f],start_interpolation:0}
execute if entity @s[tag=aj.labyria.bone.arm_right_1] run data modify entity @s {} merge value {transformation:[-0.42131547068146713f,-0.90630778703665f,-0.03315824665424884f,-0.29843749999999997f,-0.9045213317212853f,0.42257706660695f,-0.057182018493735096f,0.8365288403219627f,0.06583642324432804f,0.005900672385039645f,-0.9978129821964626f,-0.5576786846016389f,0f,0f,0f,1f],start_interpolation:0}
execute if entity @s[tag=aj.labyria.bone.arm_left_2] run data modify entity @s {} merge value {transformation:[-0.36782821131423693f,0.90630778703665f,0.20810718901109415f,0.4587234071178749f,0.7956085612211148f,0.42257706660695f,-0.43409174155877805f,0.5443760731486078f,-0.4813620511351478f,0.005900672385039867f,-0.8765020010201732f,-0.5468843927141872f,0f,0f,0f,1f],start_interpolation:0}
execute if entity @s[tag=aj.labyria.bone.arm_left_1] run data modify entity @s {} merge value {transformation:[-0.42131547068146713f,0.90630778703665f,0.03315824665424909f,0.2984375000000001f,0.9045213317212853f,0.42257706660695f,-0.057182018493735096f,0.8365288403219627f,-0.06583642324432815f,0.005900672385039867f,-0.9978129821964625f,-0.5576786846016388f,0f,0f,0f,1f],start_interpolation:0}
execute if entity @s[tag=aj.labyria.bone.himo_right_2] run data modify entity @s {} merge value {transformation:[-1f,1.4288044474286065e-17f,1.216283256964405e-16f,-0.15624999999999997f,0f,0.993170649538486f,-0.11667073709933312f,0.48837030030505124f,-1.2246467991473532e-16f,-0.11667073709933312f,-0.993170649538486f,-0.356270104423081f,0f,0f,0f,1f],start_interpolation:0}
execute if entity @s[tag=aj.labyria.bone.himo_right_1] run data modify entity @s {} merge value {transformation:[-1f,-1.7098739461452404e-18f,1.224527425487354e-16f,-0.15624999999999997f,0f,0.9999025240093042f,0.013962180339145305f,0.6759392871839155f,-1.2246467991473532e-16f,0.013962180339145305f,-0.9999025240093042f,-0.3599015863845494f,0f,0f,0f,1f],start_interpolation:0}
execute if entity @s[tag=aj.labyria.bone.himo_left_2] run data modify entity @s {} merge value {transformation:[-1f,1.4288044474286065e-17f,1.216283256964405e-16f,0.15625000000000003f,0f,0.993170649538486f,-0.11667073709933312f,0.48837030030505124f,-1.2246467991473532e-16f,-0.11667073709933312f,-0.993170649538486f,-0.356270104423081f,0f,0f,0f,1f],start_interpolation:0}
execute if entity @s[tag=aj.labyria.bone.himo_left_1] run data modify entity @s {} merge value {transformation:[-1f,-1.7098739461452404e-18f,1.224527425487354e-16f,0.15625000000000003f,0f,0.9999025240093042f,0.013962180339145305f,0.6759392871839155f,-1.2246467991473532e-16f,0.013962180339145305f,-0.9999025240093042f,-0.3599015863845494f,0f,0f,0f,1f],start_interpolation:0}
execute if entity @s[tag=aj.labyria.bone.ribbon_left_himo_1] run data modify entity @s {} merge value {transformation:[-1f,-2.941945032852155e-17f,1.188784832044312e-16f,0.3005312500000001f,0f,0.9707164815781907f,0.24022804247726376f,1.0733363041068094f,-1.2246467991473532e-16f,0.24022804247726376f,-0.9707164815781907f,-0.4375969357165311f,0f,0f,0f,1f],start_interpolation:0}
execute if entity @s[tag=aj.labyria.bone.ribbon_left_himo_2] run data modify entity @s {} merge value {transformation:[-1f,-2.941945032852155e-17f,1.188784832044312e-16f,0.3005312500000001f,0f,0.9707164815781907f,0.24022804247726376f,1.1052415909983209f,-1.2246467991473532e-16f,0.24022804247726376f,-0.9707164815781907f,-0.5665202184261345f,0f,0f,0f,1f],start_interpolation:0}
execute if entity @s[tag=aj.labyria.bone.ribbon_left] run data modify entity @s {} merge value {transformation:[-1f,-2.941945032852155e-17f,1.188784832044312e-16f,0.30000000000000004f,0f,0.9707164815781907f,0.24022804247726376f,1.1930749202739004f,-1.2246467991473532e-16f,0.24022804247726376f,-0.9707164815781907f,-0.4763741454822965f,0f,0f,0f,1f],start_interpolation:0}
execute if entity @s[tag=aj.labyria.bone.ribbon_right_himo_1] run data modify entity @s {} merge value {transformation:[-1f,-2.941945032852155e-17f,1.188784832044312e-16f,-0.30053124999999997f,0f,0.9707164815781907f,0.24022804247726376f,1.0733363041068094f,-1.2246467991473532e-16f,0.24022804247726376f,-0.9707164815781907f,-0.4375969357165312f,0f,0f,0f,1f],start_interpolation:0}
execute if entity @s[tag=aj.labyria.bone.ribbon_right_himo_2] run data modify entity @s {} merge value {transformation:[-1f,-2.941945032852155e-17f,1.188784832044312e-16f,-0.30053124999999997f,0f,0.9707164815781907f,0.24022804247726376f,1.1052415909983209f,-1.2246467991473532e-16f,0.24022804247726376f,-0.9707164815781907f,-0.5665202184261346f,0f,0f,0f,1f],start_interpolation:0}
execute if entity @s[tag=aj.labyria.bone.ribbon_right] run data modify entity @s {} merge value {transformation:[-1f,-2.941945032852155e-17f,1.188784832044312e-16f,-0.29999999999999993f,0f,0.9707164815781907f,0.24022804247726376f,1.1930749202739004f,-1.2246467991473532e-16f,0.24022804247726376f,-0.9707164815781907f,-0.4763741454822966f,0f,0f,0f,1f],start_interpolation:0}
execute if entity @s[tag=aj.labyria.bone.crown] run data modify entity @s {} merge value {transformation:[-0.9762960071199334f,0.21643961393810285f,1.188784832044312e-16f,0.16875000000000004f,0.21010150051613716f,0.9477066250102979f,0.24022804247726376f,1.464640334280693f,0.05199486477088503f,0.23453367866879038f,-0.9707164815781907f,-0.3957159858553435f,0f,0f,0f,1f],start_interpolation:0}
execute if entity @s[tag=aj.labyria.bone.ear_edge_a1] run data modify entity @s {} merge value {transformation:[-0.988375278265621f,0.1466107986754858f,0.04024404334920061f,0.19290356018430435f,0.1364939719400595f,0.7391136731532101f,0.6596062263062681f,1.4271295791416958f,0.06696047294772049f,0.6574315567948541f,-0.7505331726132508f,-0.3700616045907336f,0f,0f,0f,1f],start_interpolation:0}
execute if entity @s[tag=aj.labyria.bone.ear_edge_a2] run data modify entity @s {} merge value {transformation:[-0.9991417203353494f,-0.009810181457353379f,0.04024404334920061f,0.07771854821744628f,0.01919065258307419f,0.7513663188295306f,0.6596062263062681f,1.4369118606733384f,-0.0367088754765695f,0.659812409150005f,-0.7505331726132508f,-0.3676407346581583f,0f,0f,0f,1f],start_interpolation:0}
execute if entity @s[tag=aj.labyria.bone.ear_edge_b1] run data modify entity @s {} merge value {transformation:[-0.9766042583695179f,0.20209139153882072f,0.07350640788684339f,0.05811883450603125f,0.13314765744239537f,0.29983720577179707f,0.9446530322571158f,1.477576318034329f,0.1688662898630939f,0.9323393800011152f,-0.3197302873470223f,-0.4197243067395728f,0f,0f,0f,1f],start_interpolation:0}
execute if entity @s[tag=aj.labyria.bone.ear_edge_b2] run data modify entity @s {} merge value {transformation:[-0.9912555181663029f,-0.10958697780497227f,0.07350640788684339f,0.08672216972040525f,0.033976155110641684f,0.32630701728791256f,0.9446530322571158f,1.4791590265830137f,-0.12750732758846486f,0.938889996093386f,-0.3197302873470223f,-0.40847220145815694f,0f,0f,0f,1f],start_interpolation:0}
execute if entity @s[tag=aj.labyria.bone.ear_right_2] run data modify entity @s {} merge value {transformation:[-0.9961946980917455f,0.04682874644349317f,0.07350640788684339f,0.1423943197979451f,0.08460351594934065f,0.3169745947807901f,0.9446530322571158f,1.5392505473414013f,0.020937253470921784f,0.9472772428228626f,-0.3197302873470223f,-0.31586947271899857f,0f,0f,0f,1f],start_interpolation:0}
execute if entity @s[tag=aj.labyria.bone.ear_right_1] run data modify entity @s {} merge value {transformation:[-0.9961946980917455f,0.07730808799086696f,0.04024404334920061f,0.12500000000000006f,0.08460351594934065f,0.7468345675630004f,0.6596062263062681f,1.3712127696397265f,0.020937253470921784f,0.6605010130379683f,-0.7505331726132508f,-0.4644822006525412f,0f,0f,0f,1f],start_interpolation:0}
execute if entity @s[tag=aj.labyria.bone.ear_edge_a3] run data modify entity @s {} merge value {transformation:[-0.988375278265621f,-0.14661079867548596f,-0.04024404334920043f,-0.19290356018430427f,-0.1364939719400595f,0.7391136731532101f,0.6596062263062681f,1.4271295791416958f,-0.06696047294772073f,0.6574315567948541f,-0.7505331726132508f,-0.3700616045907337f,0f,0f,0f,1f],start_interpolation:0}
execute if entity @s[tag=aj.labyria.bone.ear_edge_a4] run data modify entity @s {} merge value {transformation:[-0.9991417203353494f,0.009810181457353212f,-0.04024404334920043f,-0.0777185482174462f,-0.01919065258307419f,0.7513663188295306f,0.6596062263062681f,1.4369118606733384f,0.03670887547656926f,0.6598124091500052f,-0.7505331726132508f,-0.36764073465815833f,0f,0f,0f,1f],start_interpolation:0}
execute if entity @s[tag=aj.labyria.bone.ear_edge_b3] run data modify entity @s {} merge value {transformation:[-0.9766042583695179f,-0.20209139153882094f,-0.07350640788684332f,-0.05811883450603117f,-0.13314765744239537f,0.29983720577179707f,0.9446530322571158f,1.477576318034329f,-0.16886628986309415f,0.9323393800011152f,-0.3197302873470223f,-0.41972430673957284f,0f,0f,0f,1f],start_interpolation:0}
execute if entity @s[tag=aj.labyria.bone.ear_edge_b4] run data modify entity @s {} merge value {transformation:[-0.9912555181663029f,0.10958697780497205f,-0.07350640788684332f,-0.08672216972040517f,-0.033976155110641684f,0.32630701728791256f,0.9446530322571158f,1.4791590265830137f,0.12750732758846461f,0.938889996093386f,-0.3197302873470223f,-0.408472201458157f,0f,0f,0f,1f],start_interpolation:0}
execute if entity @s[tag=aj.labyria.bone.ear_left_2] run data modify entity @s {} merge value {transformation:[-0.9961946980917455f,-0.0468287464434934f,-0.07350640788684332f,-0.14239431979794503f,-0.08460351594934065f,0.3169745947807901f,0.9446530322571158f,1.5392505473414013f,-0.020937253470922026f,0.9472772428228626f,-0.3197302873470223f,-0.3158694727189986f,0f,0f,0f,1f],start_interpolation:0}
execute if entity @s[tag=aj.labyria.bone.ear_left_1] run data modify entity @s {} merge value {transformation:[-0.9961946980917455f,-0.07730808799086712f,-0.04024404334920043f,-0.12499999999999996f,-0.08460351594934065f,0.7468345675630004f,0.6596062263062681f,1.3712127696397265f,-0.020937253470922026f,0.6605010130379683f,-0.7505331726132508f,-0.46448220065254125f,0f,0f,0f,1f],start_interpolation:0}
execute if entity @s[tag=aj.labyria.bone.head] run data modify entity @s {} merge value {transformation:[-1f,-2.941945032852155e-17f,1.188784832044312e-16f,6.824517972223415e-17f,0f,0.9707164815781907f,0.24022804247726376f,0.8662134465034891f,-1.2246467991473532e-16f,0.24022804247726376f,-0.9707164815781907f,-0.5572641823728205f,0f,0f,0f,1f],start_interpolation:0}
execute if entity @s[tag=aj.labyria.bone.back_musket] run data modify entity @s {} merge value {transformation:[2.1455443264204834e-7f,0.000010190085757155663f,0.000012664192935980839f,-0.0989106249999999f,-0.0000011376250088532989f,0.000012643653143007214f,-0.00001015428523339065f,0.8168538526485347f,-0.000016214975787745267f,-7.522310307592093e-7f,8.799845121919796e-7f,-0.7798900506007505f,0f,0f,0f,1f],start_interpolation:0}
execute if entity @s[tag=aj.labyria.bone.body_1] run data modify entity @s {} merge value {transformation:[-1f,-1.7098739461452404e-18f,1.224527425487354e-16f,6.888638245203862e-17f,0f,0.9999025240093042f,0.013962180339145305f,0.49124999999999996f,-1.2246467991473532e-16f,0.013962180339145305f,-0.9999025240093042f,-0.5625f,0f,0f,0f,1f],start_interpolation:0}
execute if entity @s[tag=aj.labyria.bone.belt2] run data modify entity @s {} merge value {transformation:[-0.63560944989946f,-0.6633408980309483f,-0.39494237579424285f,0.5833063655192321f,-0.7418555670556515f,0.38322391567213143f,0.5502633443047581f,0.08606048843780263f,-0.2136608172479071f,0.6427427817225289f,-0.7356838802886347f,-0.3060829164518263f,0f,0f,0f,1f],start_interpolation:0}
execute if entity @s[tag=aj.labyria.bone.leg_left_2] run data modify entity @s {} merge value {transformation:[-0.35836794954530016f,-0.6601410503592009f,-0.6601410503592003f,0.37692348606097525f,-0.9335804264972017f,0.25340440728340047f,0.25340440728340013f,0.09164223499633115f,1.1623734998492626e-17f,0.7071067811865472f,-0.7071067811865478f,-0.33282039161544263f,0f,0f,0f,1f],start_interpolation:0}
execute if entity @s[tag=aj.labyria.bone.leg_left_1] run data modify entity @s {} merge value {transformation:[-0.35836794954530016f,-0.6601410503592005f,0.6601410503592008f,0.15000000000000005f,-0.9335804264972017f,0.2534044072834002f,-0.2534044072834004f,0.17874999999999996f,1.1623734998492626e-17f,-0.7071067811865477f,-0.7071067811865474f,-0.4875f,0f,0f,0f,1f],start_interpolation:0}
execute if entity @s[tag=aj.labyria.bone.belt] run data modify entity @s {} merge value {transformation:[-0.13035936390635122f,0.5570299258219227f,-0.8201975969123264f,-0.20719384435943217f,0.9358029037669571f,0.3424149569114367f,0.08381481124878956f,0.22083995756166117f,0.3275352828982899f,-0.7566172473729119f,-0.5659072180442435f,-0.2294363166562602f,0f,0f,0f,1f],start_interpolation:0}
execute if entity @s[tag=aj.labyria.bone.leg_right_2] run data modify entity @s {} merge value {transformation:[-0.35836794954530016f,0.6601410503592007f,0.6601410503592006f,-0.3725528938847002f,0.9335804264972017f,0.25340440728340047f,0.25340440728340013f,0.08372334726872488f,-9.939856746402302e-17f,0.7071067811865475f,-0.7071067811865476f,-0.3357233047033631f,0f,0f,0f,1f],start_interpolation:0}
execute if entity @s[tag=aj.labyria.bone.leg_right_1] run data modify entity @s {} merge value {transformation:[-0.35836794954530016f,0.6601410503592007f,-0.6601410503592006f,-0.12499999999999993f,0.9335804264972017f,0.2534044072834002f,-0.2534044072834004f,0.17874999999999996f,-9.939856746402302e-17f,-0.7071067811865475f,-0.7071067811865476f,-0.5125f,0f,0f,0f,1f],start_interpolation:0}
execute if entity @s[tag=aj.labyria.bone.skirt_forward_right] run data modify entity @s {} merge value {transformation:[-0.9396926207859084f,0.3420201433256687f,9.71577628780522e-17f,6.888638245203862e-17f,0.27134282315430625f,0.7455082795475254f,-0.6087614290087207f,0.35375000000000006f,-0.2082086712007016f,-0.5720486226585795f,-0.7933533402912352f,-0.5625f,0f,0f,0f,1f],start_interpolation:0}
execute if entity @s[tag=aj.labyria.bone.skirt_forward_left] run data modify entity @s {} merge value {transformation:[-0.9396926207859084f,-0.3420201433256686f,9.71577628780522e-17f,6.888638245203862e-17f,-0.27134282315430625f,0.7455082795475254f,-0.6087614290087207f,0.35375000000000006f,0.20820867120070138f,-0.5720486226585795f,-0.7933533402912352f,-0.5625f,0f,0f,0f,1f],start_interpolation:0}
execute if entity @s[tag=aj.labyria.bone.skirt_forward] run data modify entity @s {} merge value {transformation:[-1f,7.455177354798984e-17f,9.71577628780522e-17f,6.888638245203862e-17f,0f,0.7933533402912352f,-0.6087614290087207f,0.35375000000000006f,-1.2246467991473532e-16f,-0.6087614290087207f,-0.7933533402912352f,-0.5625f,0f,0f,0f,1f],start_interpolation:0}
execute if entity @s[tag=aj.labyria.bone.skirt_back_right] run data modify entity @s {} merge value {transformation:[-0.9063077870366499f,0.42261826174069944f,1.2060416625018976e-16f,6.888638245203862e-17f,0.4161977407267834f,0.8925389352890299f,0.17364817766693033f,0.35375000000000006f,0.07338689100003813f,0.1573786956242627f,-0.984807753012208f,-0.5625f,0f,0f,0f,1f],start_interpolation:0}
execute if entity @s[tag=aj.labyria.bone.skirt_back_left] run data modify entity @s {} merge value {transformation:[-0.9063077870366499f,-0.42261826174069944f,1.2060416625018976e-16f,6.888638245203862e-17f,-0.4161977407267834f,0.8925389352890299f,0.17364817766693033f,0.35375000000000006f,-0.07338689100003835f,0.1573786956242626f,-0.984807753012208f,-0.5625f,0f,0f,0f,1f],start_interpolation:0}
execute if entity @s[tag=aj.labyria.bone.skirt_back] run data modify entity @s {} merge value {transformation:[-1f,-2.1265768495757713e-17f,1.2060416625018976e-16f,6.888638245203862e-17f,0f,0.984807753012208f,0.17364817766693033f,0.35375000000000006f,-1.2246467991473532e-16f,0.17364817766693033f,-0.984807753012208f,-0.5625f,0f,0f,0f,1f],start_interpolation:0}
execute if entity @s[tag=aj.labyria.bone.skirt_right] run data modify entity @s {} merge value {transformation:[-0.7933533402912352f,0.6087614290087207f,1.2246467991473532e-16f,-0.19374999999999995f,0.6087614290087207f,0.7933533402912352f,0f,0.4225000000000001f,-9.71577628780522e-17f,7.455177354798984e-17f,-1f,-0.5375f,0f,0f,0f,1f],start_interpolation:0}
execute if entity @s[tag=aj.labyria.bone.skirt_left] run data modify entity @s {} merge value {transformation:[-0.7933533402912352f,-0.6087614290087207f,1.2246467991473532e-16f,0.19375000000000006f,-0.6087614290087207f,0.7933533402912352f,0f,0.4225000000000001f,-9.71577628780522e-17f,-7.455177354798984e-17f,-1f,-0.5375f,0f,0f,0f,1f],start_interpolation:0}
execute if entity @s[tag=aj.labyria.bone.coat_downer] run data modify entity @s {} merge value {transformation:[-1f,1.0673500138322974e-17f,1.2199866483456202e-16f,6.888638245203862e-17f,0f,0.9961946980917455f,-0.08715574274765818f,0.2615624999999999f,-1.2246467991473532e-16f,-0.08715574274765818f,-0.9961946980917455f,-0.5625f,0f,0f,0f,1f],start_interpolation:0}
execute if entity @s[tag=aj.labyria.bone.body_2] run data modify entity @s {} merge value {transformation:[-1f,0f,1.2246467991473532e-16f,6.888638245203862e-17f,0f,1f,0f,0.49124999999999996f,-1.2246467991473532e-16f,0f,-1f,-0.5625f,0f,0f,0f,1f],start_interpolation:0}
execute if entity @s[tag=aj.labyria.bone.sphere] run data modify entity @s {} merge value {transformation:[-0.8838879618233664f,0f,-0.46769869675223097f,0.5656250000000003f,0f,1f,0f,1.46f,0.46769869675223097f,0f,-0.8838879618233664f,-1.1653283780318646f,0f,0f,0f,1f],start_interpolation:0}