execute if entity @s[tag=aj.labyria.bone.wing_right_1] run data modify entity @s {} merge value {transformation:[-0.7928402436981447f,-0.1397991263554574f,-0.1371313118414678f,0.02641986745815414f,-0.14613643805266346f,0.8030572081163316f,0.02622415699555172f,0.6413887651523209f,0.1303569479943094f,0.04999769201771359f,-0.8046438599448549f,-0.9226932911979077f,0f,0f,0f,1f],start_interpolation:0}
execute if entity @s[tag=aj.labyria.bone.wing_right_2] run data modify entity @s {} merge value {transformation:[-0.7699471182556642f,0.17069316663459325f,-0.13433271364062152f,0.02641986745815414f,0.16878781196720785f,0.7815694155643467f,0.025688970118091483f,0.6413887651523209f,0.13671909018538972f,-0.0036182203720469923f,-0.7882225566806742f,-0.9226932911979077f,0f,0f,0f,1f],start_interpolation:0}
execute if entity @s[tag=aj.labyria.bone.wing_left_1] run data modify entity @s {} merge value {transformation:[-0.7928402436981447f,0.1397991263554574f,0.13713131184146796f,-0.026419867458153917f,0.14613643805266346f,0.8030572081163316f,0.02622415699555172f,0.6413887651523209f,-0.13035694799430958f,0.04999769201771362f,-0.8046438599448549f,-0.9226932911979076f,0f,0f,0f,1f],start_interpolation:0}
execute if entity @s[tag=aj.labyria.bone.wing_left_2] run data modify entity @s {} merge value {transformation:[-0.7699471182556642f,-0.17069316663459325f,0.1343327136406217f,-0.026419867458153917f,-0.16878781196720785f,0.7815694155643467f,0.025688970118091483f,0.6413887651523209f,-0.13671909018538989f,-0.003618220372047027f,-0.7882225566806742f,-0.9226932911979076f,0f,0f,0f,1f],start_interpolation:0}
execute if entity @s[tag=aj.labyria.bone.musket] run data modify entity @s {} merge value {transformation:[-0.000013762767176006809f,7.66038658786687e-7f,-0.000004996204390204312f,-0.5756795564488711f,7.309196891591518e-8f,0.000014520895922485395f,0.0000020250612457034327f,0.21107035185989587f,0.000005054060852377278f,0.0000018760064653444681f,-0.000013634504117087506f,-0.36568861615716564f,0f,0f,0f,1f],start_interpolation:0}
execute if entity @s[tag=aj.labyria.bone.omega_blade] run data modify entity @s {} merge value {transformation:[-0.0000016519510341562014f,6.867100713495773e-8f,-6.028057403050965e-7f,-0.5756795564488711f,8.773261372150328e-9f,0.0000017510505904671562f,1.7543530581090803e-7f,0.21107035185989587f,6.066411605311666e-7f,1.6167501173385313e-7f,-0.0000016440439105892839f,-0.36568861615716564f,0f,0f,0f,1f],start_interpolation:0}
execute if entity @s[tag=aj.labyria.bone.arm_right_2] run data modify entity @s {} merge value {transformation:[-0.37876253515130126f,-0.9063077870366502f,-0.18747036331775052f,-0.4517152006487922f,-0.8262773028513136f,0.4223939933178122f,-0.3726246545812427f,0.5142214230658777f,0.41689898147934795f,0.013766247337677298f,-0.9088485735675224f,-0.5299912407717382f,0f,0f,0f,1f],start_interpolation:0}
execute if entity @s[tag=aj.labyria.bone.arm_right_1] run data modify entity @s {} merge value {transformation:[-0.42167275600954124f,-0.9063077870366502f,-0.02825388461872152f,-0.29843749999999997f,-0.9059779700819645f,0.4223939933178122f,-0.028057657336188792f,0.8497125883181765f,0.03736314448063639f,0.013766247337677298f,-0.9992069284531392f,-0.5512518886093276f,0f,0f,0f,1f],start_interpolation:0}
execute if entity @s[tag=aj.labyria.bone.arm_left_2] run data modify entity @s {} merge value {transformation:[-0.37022469474766606f,0.9063077870366502f,0.20381332281214495f,0.4587870304165599f,0.8092372107970052f,0.4223939933178122f,-0.4083117082212011f,0.5573991332247183f,-0.4561456040131054f,0.01376624733767752f,-0.8897986729444796f,-0.5497685843541021f,0f,0f,0f,1f],start_interpolation:0}
execute if entity @s[tag=aj.labyria.bone.arm_left_1] run data modify entity @s {} merge value {transformation:[-0.42167275600954124f,0.9063077870366502f,0.02825388461872176f,0.2984375000000001f,0.9059779700819645f,0.4223939933178122f,-0.028057657336188792f,0.8497125883181765f,-0.03736314448063649f,0.01376624733767752f,-0.9992069284531392f,-0.5512518886093276f,0f,0f,0f,1f],start_interpolation:0}
execute if entity @s[tag=aj.labyria.bone.himo_right_2] run data modify entity @s {} merge value {transformation:[-1f,1.2021363586754835e-17f,1.2187323186054277e-16f,-0.15624999999999997f,0f,0.9951704601310001f,-0.0981618830435402f,0.49786500435790904f,-1.2246467991473532e-16f,-0.0981618830435402f,-0.9951704601310001f,-0.35635944951131526f,0f,0f,0f,1f],start_interpolation:0}
execute if entity @s[tag=aj.labyria.bone.himo_right_1] run data modify entity @s {} merge value {transformation:[-1f,-3.989129733513801e-18f,1.2239969228142598e-16f,-0.15624999999999997f,0f,0.9994693357027138f,0.032573716244481174f,0.6854690905286959f,-1.2246467991473532e-16f,0.032573716244481174f,-0.9994693357027138f,-0.356498561063617f,0f,0f,0f,1f],start_interpolation:0}
execute if entity @s[tag=aj.labyria.bone.himo_left_2] run data modify entity @s {} merge value {transformation:[-1f,1.2021363586754835e-17f,1.2187323186054277e-16f,0.15625000000000003f,0f,0.9951704601310001f,-0.0981618830435402f,0.49786500435790904f,-1.2246467991473532e-16f,-0.0981618830435402f,-0.9951704601310001f,-0.35635944951131526f,0f,0f,0f,1f],start_interpolation:0}
execute if entity @s[tag=aj.labyria.bone.himo_left_1] run data modify entity @s {} merge value {transformation:[-1f,-3.989129733513801e-18f,1.2239969228142598e-16f,0.15625000000000003f,0f,0.9994693357027138f,0.032573716244481174f,0.6854690905286959f,-1.2246467991473532e-16f,0.032573716244481174f,-0.9994693357027138f,-0.356498561063617f,0f,0f,0f,1f],start_interpolation:0}
execute if entity @s[tag=aj.labyria.bone.ribbon_left_himo_1] run data modify entity @s {} merge value {transformation:[-1f,-3.327615245606187e-17f,1.1785709781060919e-16f,0.3005312500000001f,0f,0.9623762369090084f,0.2717204052566832f,1.082499272183149f,-1.2246467991473532e-16f,0.2717204052566832f,-0.9623762369090084f,-0.42393435169606863f,0f,0f,0f,1f],start_interpolation:0}
execute if entity @s[tag=aj.labyria.bone.ribbon_left_himo_2] run data modify entity @s {} merge value {transformation:[-1f,-3.327615245606187e-17f,1.1785709781060919e-16f,0.3005312500000001f,0f,0.9623762369090084f,0.2717204052566832f,1.1185871385063022f,-1.2246467991473532e-16f,0.2717204052566832f,-0.9623762369090084f,-0.5517499456605462f,0f,0f,0f,1f],start_interpolation:0}
execute if entity @s[tag=aj.labyria.bone.ribbon_left] run data modify entity @s {} merge value {transformation:[-1f,-3.327615245606187e-17f,1.1785709781060919e-16f,0.30000000000000004f,0f,0.9623762369090084f,0.2717204052566832f,1.2034374651692965f,-1.2246467991473532e-16f,0.2717204052566832f,-0.9623762369090084f,-0.4587906520745293f,0f,0f,0f,1f],start_interpolation:0}
execute if entity @s[tag=aj.labyria.bone.ribbon_right_himo_1] run data modify entity @s {} merge value {transformation:[-1f,-3.327615245606187e-17f,1.1785709781060919e-16f,-0.30053124999999997f,0f,0.9623762369090084f,0.2717204052566832f,1.082499272183149f,-1.2246467991473532e-16f,0.2717204052566832f,-0.9623762369090084f,-0.42393435169606875f,0f,0f,0f,1f],start_interpolation:0}
execute if entity @s[tag=aj.labyria.bone.ribbon_right_himo_2] run data modify entity @s {} merge value {transformation:[-1f,-3.327615245606187e-17f,1.1785709781060919e-16f,-0.30053124999999997f,0f,0.9623762369090084f,0.2717204052566832f,1.1185871385063022f,-1.2246467991473532e-16f,0.2717204052566832f,-0.9623762369090084f,-0.5517499456605464f,0f,0f,0f,1f],start_interpolation:0}
execute if entity @s[tag=aj.labyria.bone.ribbon_right] run data modify entity @s {} merge value {transformation:[-1f,-3.327615245606187e-17f,1.1785709781060919e-16f,-0.29999999999999993f,0f,0.9623762369090084f,0.2717204052566832f,1.2034374651692965f,-1.2246467991473532e-16f,0.2717204052566832f,-0.9623762369090084f,-0.4587906520745294f,0f,0f,0f,1f],start_interpolation:0}
execute if entity @s[tag=aj.labyria.bone.crown] run data modify entity @s {} merge value {transformation:[-0.9762960071199334f,0.21643961393810285f,1.1785709781060919e-16f,0.16875000000000004f,0.20829634117979f,0.9395640774413719f,0.2717204052566832f,1.4724482472731752f,0.05881105961286125f,0.26527954670510995f,-0.9623762369090084f,-0.3700973100778038f,0f,0f,0f,1f],start_interpolation:0}
execute if entity @s[tag=aj.labyria.bone.ear_edge_a1] run data modify entity @s {} merge value {transformation:[-0.988375278265621f,0.1466107986754858f,0.04024404334920061f,0.19290356018430435f,0.13424038801696087f,0.7173064629340288f,0.6837038514284739f,1.4339049250457858f,0.07137105532645541f,0.6811583604014627f,-0.7286490654058227f,-0.34491049740911295f,0f,0f,0f,1f],start_interpolation:0}
execute if entity @s[tag=aj.labyria.bone.ear_edge_a2] run data modify entity @s {} merge value {transformation:[-0.9991417203353494f,-0.009810181457353379f,0.04024404334920061f,0.07771854821744628f,0.020376213282334493f,0.7294750533597049f,0.6837038514284739f,1.443603158739625f,-0.0360642845151731f,0.6839370635267763f,-0.7286490654058227f,-0.34217226688294383f,0f,0f,0f,1f],start_interpolation:0}
execute if entity @s[tag=aj.labyria.bone.ear_edge_b1] run data modify entity @s {} merge value {transformation:[-0.9766042583695179f,0.20209139153882072f,0.07350640788684339f,0.05811883450603125f,0.12757639812506472f,0.2693083344639843f,0.9545665422743822f,1.4859425924229046f,0.17311379256419435f,0.9416114328395434f,-0.28878975807653423f,-0.3929036075768669f,0f,0f,0f,1f],start_interpolation:0}
execute if entity @s[tag=aj.labyria.bone.ear_edge_b2] run data modify entity @s {} merge value {transformation:[-0.9912555181663029f,-0.10958697780497227f,0.07350640788684339f,0.08672216972040525f,0.03811151268612416f,0.2955507214863561f,0.9545665422743822f,1.4871579382000795f,-0.1263329343664188f,0.9490207928830995f,-0.28878975807653423f,-0.3816059186868306f,0f,0f,0f,1f],start_interpolation:0}
execute if entity @s[tag=aj.labyria.bone.ear_right_2] run data modify entity @s {} merge value {transformation:[-0.9961946980917455f,0.04682874644349317f,0.07350640788684339f,0.1423943197979451f,0.08387661573050088f,0.28595004756762693f,0.9545665422743822f,1.544201155524417f,0.023681993739840788f,0.9570995971175638f,-0.28878975807653423f,-0.2870949267637623f,0f,0f,0f,1f],start_interpolation:0}
execute if entity @s[tag=aj.labyria.bone.ear_right_1] run data modify entity @s {} merge value {transformation:[-0.9961946980917455f,0.07730808799086696f,0.04024404334920061f,0.12500000000000006f,0.08387661573050088f,0.7249232765441246f,0.6837038514284739f,1.3810934183019894f,0.023681993739840788f,0.6844776860173947f,-0.7286490654058227f,-0.44110240611767587f,0f,0f,0f,1f],start_interpolation:0}
execute if entity @s[tag=aj.labyria.bone.ear_edge_a3] run data modify entity @s {} merge value {transformation:[-0.988375278265621f,-0.14661079867548596f,-0.04024404334920043f,-0.19290356018430427f,-0.13424038801696087f,0.7173064629340288f,0.6837038514284739f,1.4339049250457858f,-0.07137105532645566f,0.6811583604014627f,-0.7286490654058227f,-0.344910497409113f,0f,0f,0f,1f],start_interpolation:0}
execute if entity @s[tag=aj.labyria.bone.ear_edge_a4] run data modify entity @s {} merge value {transformation:[-0.9991417203353494f,0.009810181457353212f,-0.04024404334920043f,-0.0777185482174462f,-0.020376213282334493f,0.7294750533597049f,0.6837038514284739f,1.443603158739625f,0.03606428451517285f,0.6839370635267763f,-0.7286490654058227f,-0.3421722668829439f,0f,0f,0f,1f],start_interpolation:0}
execute if entity @s[tag=aj.labyria.bone.ear_edge_b3] run data modify entity @s {} merge value {transformation:[-0.9766042583695179f,-0.20209139153882094f,-0.07350640788684332f,-0.05811883450603117f,-0.12757639812506472f,0.2693083344639843f,0.9545665422743822f,1.4859425924229046f,-0.1731137925641946f,0.9416114328395433f,-0.28878975807653423f,-0.39290360757686693f,0f,0f,0f,1f],start_interpolation:0}
execute if entity @s[tag=aj.labyria.bone.ear_edge_b4] run data modify entity @s {} merge value {transformation:[-0.9912555181663029f,0.10958697780497205f,-0.07350640788684332f,-0.08672216972040517f,-0.03811151268612416f,0.2955507214863561f,0.9545665422743822f,1.4871579382000795f,0.12633293436641854f,0.9490207928830996f,-0.28878975807653423f,-0.38160591868683064f,0f,0f,0f,1f],start_interpolation:0}
execute if entity @s[tag=aj.labyria.bone.ear_left_2] run data modify entity @s {} merge value {transformation:[-0.9961946980917455f,-0.0468287464434934f,-0.07350640788684332f,-0.14239431979794503f,-0.08387661573050088f,0.28595004756762693f,0.9545665422743822f,1.544201155524417f,-0.02368199373984103f,0.9570995971175638f,-0.28878975807653423f,-0.28709492676376236f,0f,0f,0f,1f],start_interpolation:0}
execute if entity @s[tag=aj.labyria.bone.ear_left_1] run data modify entity @s {} merge value {transformation:[-0.9961946980917455f,-0.07730808799086712f,-0.04024404334920043f,-0.12499999999999996f,-0.08387661573050088f,0.7249232765441246f,0.6837038514284739f,1.3810934183019894f,-0.02368199373984103f,0.6844776860173947f,-0.7286490654058227f,-0.4411024061176759f,0f,0f,0f,1f],start_interpolation:0}
execute if entity @s[tag=aj.labyria.bone.head] run data modify entity @s {} merge value {transformation:[-1f,-3.327615245606187e-17f,1.1785709781060919e-16f,6.739045880197095e-17f,0f,0.9623762369090084f,0.2717204052566832f,0.8793843342218509f,-1.2246467991473532e-16f,0.2717204052566832f,-0.9623762369090084f,-0.5502848564083196f,0f,0f,0f,1f],start_interpolation:0}
execute if entity @s[tag=aj.labyria.bone.back_musket] run data modify entity @s {} merge value {transformation:[2.1455443264204834e-7f,0.000010190085757155663f,0.000012664192935980839f,-0.0989106249999999f,-8.355736120598004e-7f,0.000012655465503660775f,-0.000010168907202201302f,0.8341776457696064f,-0.000016233343685044158f,-5.167293391761167e-7f,6.908021828075144e-7f,-0.773791012987836f,0f,0f,0f,1f],start_interpolation:0}
execute if entity @s[tag=aj.labyria.bone.body_1] run data modify entity @s {} merge value {transformation:[-1f,-3.989129733513801e-18f,1.2239969228142598e-16f,6.888638245203862e-17f,0f,0.9994693357027138f,0.032573716244481174f,0.5045833333333333f,-1.2246467991473532e-16f,0.032573716244481174f,-0.9994693357027138f,-0.5625f,0f,0f,0f,1f],start_interpolation:0}
execute if entity @s[tag=aj.labyria.bone.belt2] run data modify entity @s {} merge value {transformation:[-0.6526995578601511f,-0.6542440720565127f,-0.3820313879095224f,0.5810322557978989f,-0.7268647345566571f,0.39855540483413143f,0.5593042525632913f,0.08933633135809478f,-0.2136608172479072f,0.6427427817225289f,-0.7356838802886347f,-0.3060829164518262f,0f,0f,0f,1f],start_interpolation:0}
execute if entity @s[tag=aj.labyria.bone.leg_left_2] run data modify entity @s {} merge value {transformation:[-0.379994360477799f,-0.6540658552489456f,-0.6540658552489451f,0.374835137741825f,-0.9249888031782161f,0.26869658910649713f,0.268696589106497f,0.09971888082797489f,-1.0204703895657604e-16f,0.7071067811865472f,-0.7071067811865478f,-0.33282039161544263f,0f,0f,0f,1f],start_interpolation:0}
execute if entity @s[tag=aj.labyria.bone.leg_left_1] run data modify entity @s {} merge value {transformation:[-0.379994360477799f,-0.6540658552489452f,0.6540658552489454f,0.15000000000000005f,-0.9249888031782161f,0.2686965891064971f,-0.2686965891064971f,0.19208333333333327f,-1.0204703895657604e-16f,-0.7071067811865477f,-0.7071067811865474f,-0.4875f,0f,0f,0f,1f],start_interpolation:0}
execute if entity @s[tag=aj.labyria.bone.belt] run data modify entity @s {} merge value {transformation:[-0.15209922490120253f,0.548911466362006f,-0.8219258043648259f,-0.2081509790373661f,0.9325162005247901f,0.35528375008456303f,0.06470697554869348f,0.2322493296891129f,0.32753528289829004f,-0.7566172473729119f,-0.5659072180442435f,-0.2294363166562602f,0f,0f,0f,1f],start_interpolation:0}
execute if entity @s[tag=aj.labyria.bone.leg_right_2] run data modify entity @s {} merge value {transformation:[-0.379994360477799f,0.6540658552489453f,0.6540658552489453f,-0.3702746957183545f,0.9249888031782161f,0.26869658910649713f,0.268696589106497f,0.09132211241839686f,8.97526350593962e-18f,0.7071067811865475f,-0.7071067811865476f,-0.3357233047033631f,0f,0f,0f,1f],start_interpolation:0}
execute if entity @s[tag=aj.labyria.bone.leg_right_1] run data modify entity @s {} merge value {transformation:[-0.379994360477799f,0.6540658552489454f,-0.6540658552489452f,-0.12499999999999993f,0.9249888031782161f,0.2686965891064971f,-0.2686965891064971f,0.19208333333333327f,8.97526350593962e-18f,-0.7071067811865475f,-0.7071067811865476f,-0.5125f,0f,0f,0f,1f],start_interpolation:0}
execute if entity @s[tag=aj.labyria.bone.skirt_forward_right] run data modify entity @s {} merge value {transformation:[-0.9396926207859084f,0.3420201433256687f,9.71577628780522e-17f,6.888638245203862e-17f,0.27134282315430625f,0.7455082795475254f,-0.6087614290087207f,0.3670833333333334f,-0.2082086712007016f,-0.5720486226585795f,-0.7933533402912352f,-0.5625f,0f,0f,0f,1f],start_interpolation:0}
execute if entity @s[tag=aj.labyria.bone.skirt_forward_left] run data modify entity @s {} merge value {transformation:[-0.9396926207859084f,-0.3420201433256686f,9.71577628780522e-17f,6.888638245203862e-17f,-0.27134282315430625f,0.7455082795475254f,-0.6087614290087207f,0.3670833333333334f,0.20820867120070138f,-0.5720486226585795f,-0.7933533402912352f,-0.5625f,0f,0f,0f,1f],start_interpolation:0}
execute if entity @s[tag=aj.labyria.bone.skirt_forward] run data modify entity @s {} merge value {transformation:[-1f,7.455177354798984e-17f,9.71577628780522e-17f,6.888638245203862e-17f,0f,0.7933533402912352f,-0.6087614290087207f,0.3670833333333334f,-1.2246467991473532e-16f,-0.6087614290087207f,-0.7933533402912352f,-0.5625f,0f,0f,0f,1f],start_interpolation:0}
execute if entity @s[tag=aj.labyria.bone.skirt_back_right] run data modify entity @s {} merge value {transformation:[-0.9063077870366499f,0.42261826174069944f,1.2060416625018976e-16f,6.888638245203862e-17f,0.4161977407267834f,0.8925389352890299f,0.17364817766693033f,0.3670833333333334f,0.07338689100003813f,0.1573786956242627f,-0.984807753012208f,-0.5625f,0f,0f,0f,1f],start_interpolation:0}
execute if entity @s[tag=aj.labyria.bone.skirt_back_left] run data modify entity @s {} merge value {transformation:[-0.9063077870366499f,-0.42261826174069944f,1.2060416625018976e-16f,6.888638245203862e-17f,-0.4161977407267834f,0.8925389352890299f,0.17364817766693033f,0.3670833333333334f,-0.07338689100003835f,0.1573786956242626f,-0.984807753012208f,-0.5625f,0f,0f,0f,1f],start_interpolation:0}
execute if entity @s[tag=aj.labyria.bone.skirt_back] run data modify entity @s {} merge value {transformation:[-1f,-2.1265768495757713e-17f,1.2060416625018976e-16f,6.888638245203862e-17f,0f,0.984807753012208f,0.17364817766693033f,0.3670833333333334f,-1.2246467991473532e-16f,0.17364817766693033f,-0.984807753012208f,-0.5625f,0f,0f,0f,1f],start_interpolation:0}
execute if entity @s[tag=aj.labyria.bone.skirt_right] run data modify entity @s {} merge value {transformation:[-0.7933533402912352f,0.6087614290087207f,1.2246467991473532e-16f,-0.19374999999999995f,0.6087614290087207f,0.7933533402912352f,0f,0.4358333333333334f,-9.71577628780522e-17f,7.455177354798984e-17f,-1f,-0.5375f,0f,0f,0f,1f],start_interpolation:0}
execute if entity @s[tag=aj.labyria.bone.skirt_left] run data modify entity @s {} merge value {transformation:[-0.7933533402912352f,-0.6087614290087207f,1.2246467991473532e-16f,0.19375000000000006f,-0.6087614290087207f,0.7933533402912352f,0f,0.4358333333333334f,-9.71577628780522e-17f,-7.455177354798984e-17f,-1f,-0.5375f,0f,0f,0f,1f],start_interpolation:0}
execute if entity @s[tag=aj.labyria.bone.coat_downer] run data modify entity @s {} merge value {transformation:[-1f,1.0673500138322974e-17f,1.2199866483456202e-16f,6.888638245203862e-17f,0f,0.9961946980917455f,-0.08715574274765818f,0.27489583333333323f,-1.2246467991473532e-16f,-0.08715574274765818f,-0.9961946980917455f,-0.5625f,0f,0f,0f,1f],start_interpolation:0}
execute if entity @s[tag=aj.labyria.bone.body_2] run data modify entity @s {} merge value {transformation:[-1f,0f,1.2246467991473532e-16f,6.888638245203862e-17f,0f,1f,0f,0.5045833333333333f,-1.2246467991473532e-16f,0f,-1f,-0.5625f,0f,0f,0f,1f],start_interpolation:0}
execute if entity @s[tag=aj.labyria.bone.sphere] run data modify entity @s {} merge value {transformation:[-0.8905530857419589f,0f,-0.4548793262783827f,0.5656250000000003f,0f,1f,0f,1.4733333333333332f,0.4548793262783827f,0f,-0.8905530857419589f,-1.1653257847556784f,0f,0f,0f,1f],start_interpolation:0}