execute if entity @s[tag=aj.labyria.bone.wing_right_1] run data modify entity @s {} merge value {transformation:[-0.7939138818174373f,-0.13998843772340575f,-0.1305696366149984f,0.024310592242701323f,-0.10063381101108641f,0.7790553084785997f,-0.22336093404430227f,0.5765344253176005f,0.16284357151388423f,-0.2010485217043844f,-0.7746004825595764f,-0.9315312286651437f,0f,0f,0f,1f],start_interpolation:0}
execute if entity @s[tag=aj.labyria.bone.wing_right_2] run data modify entity @s {} merge value {transformation:[-0.7709897552592339f,0.17092431369335867f,-0.12790495015346784f,0.024310592242701323f,0.20097114237950958f,0.7427893679092382f,-0.21880254763523488f,0.5765344253176005f,0.07200970223505757f,-0.24299965824965405f,-0.7587923094461156f,-0.9315312286651437f,0f,0f,0f,1f],start_interpolation:0}
execute if entity @s[tag=aj.labyria.bone.wing_left_1] run data modify entity @s {} merge value {transformation:[-0.7939138818174373f,0.1399884377234058f,0.13056963661499857f,-0.028262154742701093f,0.10063381101108641f,0.7790553084785997f,-0.22336093404430227f,0.5765344253176005f,-0.16284357151388443f,-0.20104852170438436f,-0.7746004825595764f,-0.9315312286651437f,0f,0f,0f,1f],start_interpolation:0}
execute if entity @s[tag=aj.labyria.bone.wing_left_2] run data modify entity @s {} merge value {transformation:[-0.7709897552592339f,-0.17092431369335861f,0.127904950153468f,-0.028262154742701093f,-0.20097114237950958f,0.7427893679092382f,-0.21880254763523488f,0.5765344253176005f,-0.07200970223505776f,-0.24299965824965408f,-0.7587923094461156f,-0.9315312286651437f,0f,0f,0f,1f],start_interpolation:0}
execute if entity @s[tag=aj.labyria.bone.musket] run data modify entity @s {} merge value {transformation:[-0.00000146951153749055f,4.2278067718834026e-7f,-4.524245632146462e-7f,-0.7073915723884593f,5.933274301882094e-7f,0.0000012947645431882206f,-7.172468079472292e-7f,0.5683289927818093f,1.7718365328113862e-7f,-8.292990545758521e-7f,-0.0000013504683174037005f,-0.15322173194768035f,0f,0f,0f,1f],start_interpolation:0}
execute if entity @s[tag=aj.labyria.bone.omega_blade] run data modify entity @s {} merge value {transformation:[-0.000014910727865657586f,0.000004260422295443204f,-0.0000046179407081862136f,-0.7073915723884593f,0.000006020329627267884f,0.000013090853851699579f,-0.000007361491466816586f,0.5683289927818093f,0.000001797833612677624f,-0.000008502042537029753f,-0.000013648789213816504f,-0.15322173194768035f,0f,0f,0f,1f],start_interpolation:0}
execute if entity @s[tag=aj.labyria.bone.arm_right_2] run data modify entity @s {} merge value {transformation:[-0.5542342231335452f,-0.7957235313658299f,-0.24423039847293557f,-0.5193050685997802f,-0.3145327077422643f,0.47187893977902845f,-0.8236500725146203f,0.6770629761774156f,0.770644925804274f,-0.3796766095293642f,-0.5118125345362418f,-0.4408996184119071f,0f,0f,0f,1f],start_interpolation:0}
execute if entity @s[tag=aj.labyria.bone.arm_right_1] run data modify entity @s {} merge value {transformation:[-0.605037260758496f,-0.7957235313658299f,-0.027458600192816363f,-0.30041328124999994f,-0.5909021708113512f,0.47187893977902845f,-0.6543430986290393f,0.889423929007244f,0.5336333363127611f,-0.3796766095293642f,-0.7556991031832698f,-0.641610553277248f,0f,0f,0f,1f],start_interpolation:0}
execute if entity @s[tag=aj.labyria.bone.arm_left_2] run data modify entity @s {} merge value {transformation:[-0.5416397462147075f,0.7923911275678267f,0.28061127253240453f,0.5144562417726255f,0.2892599800228678f,0.489122848263655f,-0.8228532695831132f,0.6958270767609162f,-0.7892750149837744f,-0.3645204250220248f,-0.4941354171319082f,-0.4811960573340544f,0f,0f,0f,1f],start_interpolation:0}
execute if entity @s[tag=aj.labyria.bone.arm_left_1] run data modify entity @s {} merge value {transformation:[-0.6085508677762821f,0.7923911275678267f,0.04221542704417518f,0.2964617187500001f,0.5924806128757704f,0.489122848263655f,-0.6400980883214704f,0.889423929007244f,-0.5278565758755738f,-0.3645204250220248f,-0.7671325146587628f,-0.641610553277248f,0f,0f,0f,1f],start_interpolation:0}
execute if entity @s[tag=aj.labyria.bone.himo_right_2] run data modify entity @s {} merge value {transformation:[-1f,5.0543129427399366e-17f,1.1154815056424617e-16f,-0.15822578124999997f,0f,0.9108597731354896f,-0.41271597216919564f,0.6155917277469773f,-1.2246467991473532e-16f,-0.41271597216919564f,-0.9108597731354896f,-0.3453047688156708f,0f,0f,0f,1f],start_interpolation:0}
execute if entity @s[tag=aj.labyria.bone.himo_right_1] run data modify entity @s {} merge value {transformation:[-1f,3.555077060620647e-17f,1.1719104289971767e-16f,-0.15822578124999997f,0f,0.9569374858229378f,-0.2902940719802501f,0.7932031683889016f,-1.2246467991473532e-16f,-0.2902940719802501f,-0.9569374858229378f,-0.405715766598361f,0f,0f,0f,1f],start_interpolation:0}
execute if entity @s[tag=aj.labyria.bone.himo_left_2] run data modify entity @s {} merge value {transformation:[-1f,5.0543129427399366e-17f,1.1154815056424617e-16f,0.15427421875000003f,0f,0.9108597731354896f,-0.41271597216919564f,0.6155917277469773f,-1.2246467991473532e-16f,-0.41271597216919564f,-0.9108597731354896f,-0.34530476881567074f,0f,0f,0f,1f],start_interpolation:0}
execute if entity @s[tag=aj.labyria.bone.himo_left_1] run data modify entity @s {} merge value {transformation:[-1f,3.555077060620647e-17f,1.1719104289971767e-16f,0.15427421875000003f,0f,0.9569374858229378f,-0.2902940719802501f,0.7932031683889016f,-1.2246467991473532e-16f,-0.2902940719802501f,-0.9569374858229378f,-0.40571576659836095f,0f,0f,0f,1f],start_interpolation:0}
execute if entity @s[tag=aj.labyria.bone.ribbon_left_himo_1] run data modify entity @s {} merge value {transformation:[-1f,6.720385900271253e-18f,1.222801465486937e-16f,0.2985554687500001f,0f,0.9984931707152618f,-0.05487611534158454f,1.1510520187459037f,-1.2246467991473532e-16f,-0.05487611534158454f,-0.9984931707152618f,-0.5961406074600666f,0f,0f,0f,1f],start_interpolation:0}
execute if entity @s[tag=aj.labyria.bone.ribbon_left_himo_2] run data modify entity @s {} merge value {transformation:[-1f,6.720385900271253e-18f,1.222801465486937e-16f,0.2985554687500001f,0f,0.9984931707152618f,-0.05487611534158454f,1.1437637846770996f,-1.2246467991473532e-16f,-0.05487611534158454f,-0.9984931707152618f,-0.7287529816956874f,0f,0f,0f,1f],start_interpolation:0}
execute if entity @s[tag=aj.labyria.bone.ribbon_left] run data modify entity @s {} merge value {transformation:[-1f,6.720385900271253e-18f,1.222801465486937e-16f,0.29802421875000007f,0f,0.9984931707152618f,-0.05487611534158454f,1.254163671233219f,-1.2246467991473532e-16f,-0.05487611534158454f,-0.9984931707152618f,-0.6683139773423388f,0f,0f,0f,1f],start_interpolation:0}
execute if entity @s[tag=aj.labyria.bone.ribbon_right_himo_1] run data modify entity @s {} merge value {transformation:[-1f,6.720385900271253e-18f,1.222801465486937e-16f,-0.30250703124999995f,0f,0.9984931707152618f,-0.05487611534158454f,1.1510520187459037f,-1.2246467991473532e-16f,-0.05487611534158454f,-0.9984931707152618f,-0.5961406074600666f,0f,0f,0f,1f],start_interpolation:0}
execute if entity @s[tag=aj.labyria.bone.ribbon_right_himo_2] run data modify entity @s {} merge value {transformation:[-1f,6.720385900271253e-18f,1.222801465486937e-16f,-0.30250703124999995f,0f,0.9984931707152618f,-0.05487611534158454f,1.1437637846770996f,-1.2246467991473532e-16f,-0.05487611534158454f,-0.9984931707152618f,-0.7287529816956874f,0f,0f,0f,1f],start_interpolation:0}
execute if entity @s[tag=aj.labyria.bone.ribbon_right] run data modify entity @s {} merge value {transformation:[-1f,6.720385900271253e-18f,1.222801465486937e-16f,-0.3019757812499999f,0f,0.9984931707152618f,-0.05487611534158454f,1.254163671233219f,-1.2246467991473532e-16f,-0.05487611534158454f,-0.9984931707152618f,-0.6683139773423388f,0f,0f,0f,1f],start_interpolation:0}
execute if entity @s[tag=aj.labyria.bone.crown] run data modify entity @s {} merge value {transformation:[-0.9762960071199334f,0.21643961393810288f,1.222801465486937e-16f,0.1667742187500001f,0.2161134763894435f,0.9748248957058321f,-0.05487611534158454f,1.5376086657348793f,-0.011877365218955483f,-0.05357533229424188f,-0.9984931707152618f,-0.6677943289824717f,0f,0f,0f,1f],start_interpolation:0}
execute if entity @s[tag=aj.labyria.bone.ear_edge_a1] run data modify entity @s {} merge value {transformation:[-0.9882877344330726f,0.14786273380759357f,0.0377354729676091f,0.1911434365338968f,0.15101534390757354f,0.91207397367939f,0.3812026133713732f,1.5114136921166137f,0.021948117769451922f,0.3824365025564793f,-0.9237210626800421f,-0.6381106216020892f,0f,0f,0f,1f],start_interpolation:0}
execute if entity @s[tag=aj.labyria.bone.ear_edge_a2] run data modify entity @s {} merge value {transformation:[-0.9992511001153067f,-0.008559964851576812f,0.0377354729676091f,0.07595842456703872f,0.006476290278822336f,0.9244688341004578f,0.3812026133713732f,1.5214758899763627f,-0.038148349670383115f,0.38116151665492143f,-0.9237210626800421f,-0.6386636292205048f,0f,0f,0f,1f],start_interpolation:0}
execute if entity @s[tag=aj.labyria.bone.ear_edge_b1] run data modify entity @s {} merge value {transformation:[-0.9761348317084585f,0.20505523483111346f,0.07150623045480975f,0.056122211018499166f,0.18195974495129047f,0.5925491201703084f,0.7847140825820924f,1.5423925469349657f,0.1185387765364599f,0.7789980043965137f,-0.6157196339272354f,-0.7001362708628802f,0f,0f,0f,1f],start_interpolation:0}
execute if entity @s[tag=aj.labyria.bone.ear_edge_b2] run data modify entity @s {} merge value {transformation:[-0.9917249448273623f,-0.10662313451267955f,0.07150623045480975f,0.08476305608252001f,-0.010053746995219229f,0.6197763554450115f,0.7847140825820924f,1.5476164682006854f,-0.12798654608403745f,0.7775016247044053f,-0.6157196339272354f,-0.6901523705414473f,0f,0f,0f,1f],start_interpolation:0}
execute if entity @s[tag=aj.labyria.bone.ear_right_2] run data modify entity @s {} merge value {transformation:[-0.9961946980917455f,0.049829534415240254f,0.07150623045480975f,0.14070091179971864f,0.08702441392215292f,0.6137186325824326f,0.7847140825820924f,1.6350490136707252f,-0.004782768591702084f,0.7879507963833209f,-0.6157196339272354f,-0.6229798253935871f,0f,0f,0f,1f],start_interpolation:0}
execute if entity @s[tag=aj.labyria.bone.ear_right_1] run data modify entity @s {} merge value {transformation:[-0.9961946980917455f,0.07856308022097158f,0.0377354729676091f,0.12302421875000007f,0.08702441392215292f,0.9203865051924334f,0.3812026133713732f,1.427962050002428f,-0.004782768591702084f,0.3830359297583609f,-0.9237210626800421f,-0.7091629095892181f,0f,0f,0f,1f],start_interpolation:0}
execute if entity @s[tag=aj.labyria.bone.ear_edge_a3] run data modify entity @s {} merge value {transformation:[-0.9882877344330726f,-0.14786273380759368f,-0.03773547296760888f,-0.19509499903389665f,-0.15101534390757354f,0.91207397367939f,0.3812026133713732f,1.5114136921166137f,-0.021948117769452165f,0.3824365025564793f,-0.9237210626800421f,-0.6381106216020893f,0f,0f,0f,1f],start_interpolation:0}
execute if entity @s[tag=aj.labyria.bone.ear_edge_a4] run data modify entity @s {} merge value {transformation:[-0.9992511001153067f,0.008559964851576701f,-0.03773547296760888f,-0.07990998706703858f,-0.006476290278822336f,0.9244688341004578f,0.3812026133713732f,1.5214758899763627f,0.03814834967038287f,0.38116151665492143f,-0.9237210626800421f,-0.6386636292205049f,0f,0f,0f,1f],start_interpolation:0}
execute if entity @s[tag=aj.labyria.bone.ear_edge_b3] run data modify entity @s {} merge value {transformation:[-0.9761348317084585f,-0.20505523483111365f,-0.07150623045480961f,-0.060073773518499046f,-0.18195974495129047f,0.5925491201703084f,0.7847140825820924f,1.5423925469349657f,-0.11853877653646015f,0.7789980043965136f,-0.6157196339272354f,-0.7001362708628803f,0f,0f,0f,1f],start_interpolation:0}
execute if entity @s[tag=aj.labyria.bone.ear_edge_b4] run data modify entity @s {} merge value {transformation:[-0.9917249448273623f,0.10662313451267935f,-0.07150623045480961f,-0.08871461858251989f,0.010053746995219229f,0.6197763554450115f,0.7847140825820924f,1.5476164682006854f,0.12798654608403723f,0.7775016247044054f,-0.6157196339272354f,-0.6901523705414474f,0f,0f,0f,1f],start_interpolation:0}
execute if entity @s[tag=aj.labyria.bone.ear_left_2] run data modify entity @s {} merge value {transformation:[-0.9961946980917455f,-0.04982953441524046f,-0.07150623045480961f,-0.14465247429971853f,-0.08702441392215292f,0.6137186325824326f,0.7847140825820924f,1.6350490136707252f,0.004782768591701839f,0.7879507963833209f,-0.6157196339272354f,-0.6229798253935872f,0f,0f,0f,1f],start_interpolation:0}
execute if entity @s[tag=aj.labyria.bone.ear_left_1] run data modify entity @s {} merge value {transformation:[-0.9961946980917455f,-0.07856308022097169f,-0.03773547296760888f,-0.12697578124999992f,-0.08702441392215292f,0.9203865051924334f,0.3812026133713732f,1.427962050002428f,0.004782768591701839f,0.3830359297583609f,-0.9237210626800421f,-0.7091629095892182f,0f,0f,0f,1f],start_interpolation:0}
execute if entity @s[tag=aj.labyria.bone.head] run data modify entity @s {} merge value {transformation:[-1f,6.720385900271253e-18f,1.222801465486937e-16f,-0.001975781249999927f,0f,0.9984931707152618f,-0.05487611534158454f,0.9179491786152807f,-1.2246467991473532e-16f,-0.05487611534158454f,-0.9984931707152618f,-0.6498359888918042f,0f,0f,0f,1f],start_interpolation:0}
execute if entity @s[tag=aj.labyria.bone.back_musket] run data modify entity @s {} merge value {transformation:[2.145544326420482e-7f,0.000010190085757155663f,0.000012664192935980839f,-0.1008864062499999f,-0.000005798314991499495f,0.000011880074979215058f,-0.000009460920981071589f,0.8060545670701235f,-0.000015185492211887167f,-0.000004392224358174523f,0.0000037914186701909526f,-0.8485273138582556f,0f,0f,0f,1f],start_interpolation:0}
execute if entity @s[tag=aj.labyria.bone.body_1] run data modify entity @s {} merge value {transformation:[-1f,3.3930958810808693e-17f,1.1767025053426963e-16f,-0.0019757812499999394f,0f,0.9608505131128112f,-0.277067304911365f,0.5576302361979765f,-1.2246467991473532e-16f,-0.277067304911365f,-0.9608505131128112f,-0.5459357495500423f,0f,0f,0f,1f],start_interpolation:0}
execute if entity @s[tag=aj.labyria.bone.belt2] run data modify entity @s {} merge value {transformation:[-0.7068261334741531f,-0.6493674906040171f,-0.2805684928580195f,0.5604519672613228f,-0.7071697859711709f,0.6388173189004293f,0.30302364079780253f,0.21003604272757492f,-0.017541688843067893f,0.4125945894210312f,-0.9107458448617946f,-0.15325929892151632f,0f,0f,0f,1f],start_interpolation:0}
execute if entity @s[tag=aj.labyria.bone.leg_left_2] run data modify entity @s {} merge value {transformation:[-0.46815844167830306f,-0.6657794845172001f,-0.581003744808374f,0.3582413618129609f,-0.8403231613350307f,0.5387874352351886f,0.05970832568903096f,0.22559291806065912f,0.2732849392287156f,0.5161838602946618f,-0.8117078072570563f,-0.2002571295132339f,0f,0f,0f,1f],start_interpolation:0}
execute if entity @s[tag=aj.labyria.bone.leg_left_1] run data modify entity @s {} merge value {transformation:[-0.46815844167830306f,-0.6283666061922951f,0.6212753670537083f,0.14736562500000006f,-0.8403231613350307f,0.09914732520355793f,-0.5329416407345928f,0.2813220763075212f,0.2732849392287156f,-0.7715732085339388f,-0.5744476702567435f,-0.39014228763439424f,0f,0f,0f,1f],start_interpolation:0}
execute if entity @s[tag=aj.labyria.bone.belt] run data modify entity @s {} merge value {transformation:[-0.25526811297182556f,0.5152727379181888f,-0.8181272493066691f,-0.21496439034993112f,0.9662380790629383f,0.16654561788111777f,-0.19658721152038122f,0.38955188443637745f,0.03495947752134951f,-0.8406881483183226f,-0.5403899260798115f,-0.1536324611317098f,0f,0f,0f,1f],start_interpolation:0}
execute if entity @s[tag=aj.labyria.bone.leg_right_2] run data modify entity @s {} merge value {transformation:[-0.4775718691559779f,0.686913102814267f,0.5477914739870834f,-0.360331232174222f,0.8361185719252406f,0.5468439000434159f,0.0432143803264899f,0.20978483645981238f,-0.26987190196936317f,0.478656597329842f,-0.8354980660420799f,-0.1985925069219948f,0f,0f,0f,1f],start_interpolation:0}
execute if entity @s[tag=aj.labyria.bone.leg_right_1] run data modify entity @s {} merge value {transformation:[-0.4775718691559779f,0.6286317221242037f,-0.6137974158710864f,-0.12499999999999993f,0.8361185719252406f,0.11059387387638056f,-0.5372845882237003f,0.27490737103011187f,-0.26987190196936317f,-0.7697994238762282f,-0.5784271808337376f,-0.41327738294042876f,0f,0f,0f,1f],start_interpolation:0}
execute if entity @s[tag=aj.labyria.bone.skirt_forward_right] run data modify entity @s {} merge value {transformation:[-0.9487692182916472f,0.31596988847397617f,7.358442149428112e-17f,6.205091832813098e-17f,0.18985442553034826f,0.5700797495913095f,-0.7993524730758336f,0.4318730145672859f,-0.2525713117691682f,-0.7584010210196536f,-0.6008624000447595f,-0.5066841996511422f,0f,0f,0f,1f],start_interpolation:0}
execute if entity @s[tag=aj.labyria.bone.skirt_forward_left] run data modify entity @s {} merge value {transformation:[-0.9487692182916472f,-0.31596988847397595f,7.358442149428112e-17f,6.205091832813098e-17f,-0.18985442553034826f,0.5700797495913095f,-0.7993524730758336f,0.4318730145672859f,0.25257131176916797f,-0.7584010210196536f,-0.6008624000447595f,-0.5066841996511422f,0f,0f,0f,1f],start_interpolation:0}
execute if entity @s[tag=aj.labyria.bone.skirt_forward] run data modify entity @s {} merge value {transformation:[-1f,9.789244475428404e-17f,7.358442149428112e-17f,6.205091832813098e-17f,0f,0.6008624000447595f,-0.7993524730758336f,0.4318730145672859f,-1.2246467991473532e-16f,-0.7993524730758336f,-0.6008624000447595f,-0.5066841996511422f,0f,0f,0f,1f],start_interpolation:0}
execute if entity @s[tag=aj.labyria.bone.skirt_back_right] run data modify entity @s {} merge value {transformation:[-0.9212363338794066f,0.38900336391917034f,1.2106305405242963e-16f,6.205091832813098e-17f,0.38455116451136856f,0.9106926516376366f,-0.1508618445007238f,0.4318730145672859f,-0.05868576499783246f,-0.13897941255013185f,-0.9885548562795285f,-0.5066841996511422f,0f,0f,0f,1f],start_interpolation:0}
execute if entity @s[tag=aj.labyria.bone.skirt_back_left] run data modify entity @s {} merge value {transformation:[-0.9212363338794066f,-0.38900336391917034f,1.2106305405242963e-16f,6.205091832813098e-17f,-0.38455116451136856f,0.9106926516376366f,-0.1508618445007238f,0.4318730145672859f,0.058685764997832235f,-0.13897941255013196f,-0.9885548562795285f,-0.5066841996511422f,0f,0f,0f,1f],start_interpolation:0}
execute if entity @s[tag=aj.labyria.bone.skirt_back] run data modify entity @s {} merge value {transformation:[-1f,1.8475247498127712e-17f,1.2106305405242963e-16f,6.205091832813098e-17f,0f,0.9885548562795285f,-0.1508618445007238f,0.4318730145672859f,-1.2246467991473532e-16f,-0.1508618445007238f,-0.9885548562795285f,-0.5066841996511422f,0f,0f,0f,1f],start_interpolation:0}
execute if entity @s[tag=aj.labyria.bone.skirt_right] run data modify entity @s {} merge value {transformation:[-0.8283018248457304f,0.560282149418695f,1.1637135833373983e-16f,-0.19374999999999995f,0.5324048927690519f,0.787089049142365f,-0.31150579268408823f,0.49978855424935037f,-0.17453113508141546f,-0.258020816530246f,-0.9502442534023859f,-0.5054113258911168f,0f,0f,0f,1f],start_interpolation:0}
execute if entity @s[tag=aj.labyria.bone.skirt_left] run data modify entity @s {} merge value {transformation:[-0.8283018248457304f,-0.560282149418695f,1.1637135833373983e-16f,0.19375000000000006f,-0.5324048927690519f,0.787089049142365f,-0.31150579268408823f,0.49978855424935037f,0.17453113508141524f,-0.2580208165302461f,-0.9502442534023859f,-0.5054113258911167f,0f,0f,0f,1f],start_interpolation:0}
execute if entity @s[tag=aj.labyria.bone.coat_downer] run data modify entity @s {} merge value {transformation:[-1f,4.752371130103914e-17f,1.1286759805539438e-16f,5.833311274685049e-17f,0f,0.9216338795314468f,-0.38806055210471296f,0.3392657730466395f,-1.2246467991473532e-16f,-0.38806055210471296f,-0.9216338795314468f,-0.4763260132428735f,0f,0f,0f,1f],start_interpolation:0}
execute if entity @s[tag=aj.labyria.bone.body_2] run data modify entity @s {} merge value {transformation:[-1f,3.8148457192642765e-17f,1.1637135833373983e-16f,6.709533650828562e-17f,0f,0.9502442534023859f,-0.31150579268408823f,0.557525f,-1.2246467991473532e-16f,-0.31150579268408823f,-0.9502442534023859f,-0.547875f,0f,0f,0f,1f],start_interpolation:0}
execute if entity @s[tag=aj.labyria.bone.sphere] run data modify entity @s {} merge value {transformation:[-0.9986812588103491f,0f,-0.05133949065754949f,0.5656250000000003f,0f,1f,0f,1.526275f,0.05133949065754949f,0f,-0.9986812588103491f,-1.1507131756392868f,0f,0f,0f,1f],start_interpolation:0}