execute if entity @s[tag=aj.tultaria.bone.head] run data modify entity @s {} merge value {transformation:[-0.984807753012208f,0.030153689607045765f,-0.17101007166283427f,0f,0f,0.984807753012208f,0.17364817766693036f,1.697836265331159f,0.1736481776669302f,0.17101007166283436f,-0.9698463103929542f,0f,0f,0f,0f,1f],start_interpolation:0}
execute if entity @s[tag=aj.tultaria.bone.bust] run data modify entity @s {} merge value {transformation:[-0.8191520442889919f,-0.3045338249970376f,-0.48605460369164194f,0.04122580636273154f,0f,0.8474103413030761f,-0.5309385213493216f,1.588461265331159f,0.5735764363510459f,-0.4349193751550714f,-0.6941579134300472f,0.058876553183271285f,0f,0f,0f,1f],start_interpolation:0}
execute if entity @s[tag=aj.tultaria.bone.left_wing] run data modify entity @s {} merge value {transformation:[-0.5116819089070955f,0f,-0.8591749671034362f,-0.020500051775818706f,0f,1f,0f,1.479086265331159f,0.8591749671034362f,0f,-0.5116819089070955f,-0.13824253280806437f,0f,0f,0f,1f],start_interpolation:0}
execute if entity @s[tag=aj.tultaria.bone.right_wing] run data modify entity @s {} merge value {transformation:[-0.9823658963726313f,0f,-0.1869685685991006f,-0.1228940573119427f,0f,1f,0f,1.479086265331159f,0.1869685685991006f,0f,-0.9823658963726313f,-0.06654547826418361f,0f,0f,0f,1f],start_interpolation:0}
execute if entity @s[tag=aj.tultaria.bone.body] run data modify entity @s {} merge value {transformation:[-0.8191520442889919f,0f,-0.5735764363510459f,0.696364240320019f,0f,1f,0f,0.41658626533115894f,0.5735764363510459f,0f,-0.8191520442889919f,0.12278780396897299f,0f,0f,0f,1f],start_interpolation:0}
execute if entity @s[tag=aj.tultaria.bone.right_ring] run data modify entity @s {} merge value {transformation:[-0.9761777182125695f,0.15369978012005428f,-0.15314516008136847f,-0.43543241219537077f,0.18498755330458294f,0.9584269650130617f,-0.21724952901729266f,1.1386624977681246f,0.11338724614208223f,-0.24040409798274723f,-0.96402759404771f,0.23703344718530872f,0f,0f,0f,1f],start_interpolation:0}
execute if entity @s[tag=aj.tultaria.bone.sword] run data modify entity @s {} merge value {transformation:[-0.000006079354885883169f,0.000001536997801200543f,-0.000007789677909297223f,-0.5002235948482945f,0.000002835197990170215f,0.000009584269650130617f,-3.2160166373934046e-7f,0.9373640902912066f,0.000007416407252034048f,-0.0000024040409798274723f,-0.000006262386960200316f,0.3030131366563281f,0f,0f,0f,1f],start_interpolation:0}
execute if entity @s[tag=aj.tultaria.bone.right_hand] run data modify entity @s {} merge value {transformation:[-0.6079354885883169f,0.15369978012005428f,-0.7789677909297221f,-0.48444505195127374f,0.2835197990170215f,0.9584269650130617f,-0.03216016637393404f,1.2854016954538592f,0.7416407252034047f,-0.24040409798274723f,-0.6262386960200316f,0.14076042912362652f,0f,0f,0f,1f],start_interpolation:0}
execute if entity @s[tag=aj.tultaria.bone.right_arm] run data modify entity @s {} merge value {transformation:[-0.6079354885883169f,0.4036761622877483f,-0.6837104633655389f,-0.281583515224341f,0.2835197990170215f,0.9147091413119597f,0.28796477278598687f,1.572836265331159f,0.7416407252034047f,-0.018781448319359656f,-0.670534333139471f,0.19716689999567205f,0f,0f,0f,1f],start_interpolation:0}
execute if entity @s[tag=aj.tultaria.bone.left_ring] run data modify entity @s {} merge value {transformation:[-0.8887315095871114f,-0.27706651818232897f,0.3652265712805344f,0.37642495296562284f,-0.22941715558747278f,0.9585581669550824f,0.16892012694130223f,1.1409152514047498f,-0.39689302411250243f,0.06633539828804436f,-0.9154646592549596f,-0.3404270566555655f,0f,0f,0f,1f],start_interpolation:0}
execute if entity @s[tag=aj.tultaria.bone.left_hand] run data modify entity @s {} merge value {transformation:[-0.9048404996876859f,-0.27706651818232897f,-0.32326121732626717f,0.3028275703752964f,-0.2835197990170215f,0.9585581669550824f,-0.02797792217195677f,1.2880670347878604f,0.3176164254100955f,0.06633539828804436f,-0.9458960943167488f,-0.41873990951525375f,0f,0f,0f,1f],start_interpolation:0}
execute if entity @s[tag=aj.tultaria.bone.left_arm] run data modify entity @s {} merge value {transformation:[-0.9048404996876859f,-0.1557141672761859f,-0.3962534141612195f,0.281583515224341f,-0.2835197990170215f,0.9147091413119597f,0.28796477278598687f,1.604086265331159f,0.3176164254100955f,0.37290787724292074f,-0.8718139259038548f,-0.19716689999567205f,0f,0f,0f,1f],start_interpolation:0}
execute if entity @s[tag=aj.tultaria.bone.leftfoot] run data modify entity @s {} merge value {transformation:[-0.8191520442889919f,0.1708326981685727f,-0.5475455392692108f,0.191404542674258f,0f,0.9546165158955319f,0.2978377202093043f,0.5164675069253648f,0.5735764363510459f,0.24397437737582445f,-0.7819760705078599f,0.05542316664899036f,0f,0f,0f,1f],start_interpolation:0}
execute if entity @s[tag=aj.tultaria.bone.leftleg] run data modify entity @s {} merge value {transformation:[-0.8191520442889919f,-0.020706726913258193f,-0.5732025469218583f,0.08984702099094485f,0f,0.9993481436727663f,-0.03610107668472116f,0.916586265331159f,0.5735764363510459f,-0.029572270767322998f,-0.8186180748459557f,-0.08961600551270243f,0f,0f,0f,1f],start_interpolation:0}
execute if entity @s[tag=aj.tultaria.bone.rightfoot] run data modify entity @s {} merge value {transformation:[-0.8191520442889919f,0.19048832329490795f,-0.541021373908148f,0.06034142702425252f,0f,0.9432419807026848f,0.3321062568517431f,0.6034462630077757f,0.5735764363510459f,0.2720455192212703f,-0.772658596751802f,0.3041073381812983f,0f,0f,0f,1f],start_interpolation:0}
execute if entity @s[tag=aj.tultaria.bone.rightleg] run data modify entity @s {} merge value {transformation:[-0.8191520442889919f,-0.21949819938655468f,-0.5299155298754942f,-0.11494099008130312f,0f,0.9238795325112867f,-0.3826834323650897f,0.916586265331159f,0.5735764363510459f,-0.31347591593739144f,-0.7567978077333787f,0.05377810357505905f,0f,0f,0f,1f],start_interpolation:0}
execute if entity @s[tag=aj.tultaria.bone.skirt_right_back] run data modify entity @s {} merge value {transformation:[-0.8163226508065528f,0.04402050733143392f,-0.5759162480035149f,-0.25243124400697875f,0.12292003113545162f,0.987491176894373f,-0.09875141265534093f,0.9142962407842801f,0.5643651262487989f,-0.15140465808570422f,-0.8115224173022753f,-0.05768183350575709f,0f,0f,0f,1f],start_interpolation:0}
execute if entity @s[tag=aj.tultaria.bone.skirt_right] run data modify entity @s {} merge value {transformation:[-0.8163226508065528f,-0.0782314512605023f,-0.5722736843625073f,-0.11209988741394698f,0.12292003113545162f,0.9445593797975079f,-0.3044638631795351f,0.9447329920391629f,0.5643651262487989f,-0.3188846469653607f,-0.7614490043357824f,0.19404239959429173f,0f,0f,0f,1f],start_interpolation:0}
execute if entity @s[tag=aj.tultaria.bone.skirt_left_back] run data modify entity @s {} merge value {transformation:[-0.809528534593751f,-0.04087747267895546f,-0.5856556871625813f,0.02623882722588272f,-0.12292003113545162f,0.9872638669944191f,0.10099862807427264f,0.9893091853055554f,0.5740681297756859f,0.15375008668162402f,-0.8042429317197879f,-0.2491865455613872f,0f,0f,0f,1f],start_interpolation:0}
execute if entity @s[tag=aj.tultaria.bone.skirt_left] run data modify entity @s {} merge value {transformation:[-0.809528534593751f,-0.12820148542474f,-0.5729118002043457f,0.22068063057845594f,-0.12292003113545162f,0.9912489561884894f,-0.048126632968552026f,0.9447329920391629f,0.5740681297756859f,0.031462453657022604f,-0.8182028455008733f,-0.03897302767332067f,0f,0f,0f,1f],start_interpolation:0}
execute if entity @s[tag=aj.tultaria.bone.skirt_back_middle] run data modify entity @s {} merge value {transformation:[-0.8191520442889919f,0.05428836782652498f,-0.5710014898893848f,-0.07275935362692594f,0f,0.9955107178425211f,0.09464888092665455f,0.9966328687172786f,0.5735764363510459f,0.07753182430073444f,-0.8154746396323029f,-0.10391112585413897f,0f,0f,0f,1f],start_interpolation:0}
execute if entity @s[tag=aj.tultaria.bone.skirt_front_middle] run data modify entity @s {} merge value {transformation:[-0.8191520442889919f,-0.07743181340190418f,-0.5683258243388717f,0.1062755839369321f,0f,0.9908458373123253f,-0.13499824695468066f,1.0116724415199512f,0.5735764363510459f,-0.11058408996835684f,-0.8116533932096291f,0.15177726336488395f,0f,0f,0f,1f],start_interpolation:0}
execute if entity @s[tag=aj.tultaria.bone.lower] run data modify entity @s {} merge value {transformation:[-0.8191520442889919f,0f,-0.5735764363510459f,0f,0f,1f,0f,1.010336265331159f,0.5735764363510459f,0f,-0.8191520442889919f,0f,0f,0f,0f,1f],start_interpolation:0}