execute if entity @s[tag=aj.tultaria.bone.head] run data modify entity @s {} merge value {transformation:[-0.984807753012208f,0.030153689607045765f,-0.17101007166283427f,0f,0f,0.984807753012208f,0.17364817766693036f,1.7231160882708472f,0.1736481776669302f,0.17101007166283436f,-0.9698463103929542f,0f,0f,0f,0f,1f],start_interpolation:0}
execute if entity @s[tag=aj.tultaria.bone.bust] run data modify entity @s {} merge value {transformation:[-0.8191520442889919f,-0.3254636985954088f,-0.47229578574635017f,0.04122580636273154f,0f,0.8234225742448231f,-0.5674286424071565f,1.6137410882708472f,0.5735764363510459f,-0.4648103324159496f,-0.6745082850063511f,0.058876553183271285f,0f,0f,0f,1f],start_interpolation:0}
execute if entity @s[tag=aj.tultaria.bone.left_wing] run data modify entity @s {} merge value {transformation:[-0.48008174035287376f,0f,-0.877223758558645f,-0.020500051775818706f,0f,1f,0f,1.5043660882708472f,0.877223758558645f,0f,-0.48008174035287376f,-0.13824253280806437f,0f,0f,0f,1f],start_interpolation:0}
execute if entity @s[tag=aj.tultaria.bone.right_wing] run data modify entity @s {} merge value {transformation:[-0.9885183183391645f,0f,-0.1511010731527419f,-0.1228940573119427f,0f,1f,0f,1.5043660882708472f,0.1511010731527419f,0f,-0.9885183183391645f,-0.06654547826418361f,0f,0f,0f,1f],start_interpolation:0}
execute if entity @s[tag=aj.tultaria.bone.body] run data modify entity @s {} merge value {transformation:[-0.8191520442889919f,0f,-0.5735764363510459f,0.696364240320019f,0f,1f,0f,0.44186608827084717f,0.5735764363510459f,0f,-0.8191520442889919f,0.12278780396897299f,0f,0f,0f,1f],start_interpolation:0}
execute if entity @s[tag=aj.tultaria.bone.right_ring] run data modify entity @s {} merge value {transformation:[-0.9439403115158165f,0.20475342436899654f,0.2589454064172465f,-0.44537656834835077f,0.12316606232352915f,0.9462065407048396f,-0.29920445086779246f,1.1610434304617034f,-0.30627897313909735f,-0.25053785649388466f,-0.9183811698180171f,0.25659667872602304f,0f,0f,0f,1f],start_interpolation:0}
execute if entity @s[tag=aj.tultaria.bone.sword] run data modify entity @s {} merge value {transformation:[-0.000005970748749967657f,0.0000020475342436899656f,-0.00000775614355757271f,-0.5209439440814251f,0.000003235624872221294f,0.000009462065407048396f,7.065337996840782e-9f,0.9641831169988315f,0.0000073403604169701784f,-0.0000025053785649388466f,-0.0000063120667926854495f,0.3244778567735211f,0f,0f,0f,1f],start_interpolation:0}
execute if entity @s[tag=aj.tultaria.bone.right_hand] run data modify entity @s {} merge value {transformation:[-0.5970748749967657f,0.20475342436899654f,-0.7756143557572709f,-0.4860976916429392f,0.3235624872221294f,0.9462065407048396f,0.0007065337996840781f,1.308954439990555f,0.7340360416970177f,-0.25053785649388466f,-0.6312066792685449f,0.15827451246742746f,0f,0f,0f,1f],start_interpolation:0}
execute if entity @s[tag=aj.tultaria.bone.right_arm] run data modify entity @s {} merge value {transformation:[-0.5970748749967657f,0.40631214237286517f,-0.6916733597645418f,-0.281583515224341f,0.3235624872221294f,0.9109674985689035f,0.25582324642953047f,1.5981160882708472f,0.7340360416970177f,-0.07105391974752315f,-0.6753831727088605f,0.19716689999567205f,0f,0f,0f,1f],start_interpolation:0}
execute if entity @s[tag=aj.tultaria.bone.left_ring] run data modify entity @s {} merge value {transformation:[-0.6641136531737417f,-0.30430271866473835f,0.6829003668775382f,0.39979901858595474f,-0.12791742618071694f,0.9461981957207973f,0.29723072939049966f,1.1635148395679145f,-0.7366072140208295f,0.11004012826217854f,-0.6673087609379299f,-0.3424830296338705f,0f,0f,0f,1f],start_interpolation:0}
execute if entity @s[tag=aj.tultaria.bone.left_hand] run data modify entity @s {} merge value {transformation:[-0.8939798860961347f,-0.30430271866473835f,-0.32893740843630315f,0.32141383675368596f,-0.3235624872221294f,0.9461981957207973f,0.004036245450536741f,1.311736705660277f,0.3100117419037085f,0.11004012826217854f,-0.9443430997544653f,-0.41382142519488624f,0f,0f,0f,1f],start_interpolation:0}
execute if entity @s[tag=aj.tultaria.bone.left_arm] run data modify entity @s {} merge value {transformation:[-0.8939798860961347f,-0.20573578123398864f,-0.3980863619562752f,0.281583515224341f,-0.3235624872221294f,0.9109674985689035f,0.25582324642953047f,1.6293660882708472f,0.3100117419037085f,0.3575066501075963f,-0.8809550016945663f,-0.19716689999567205f,0f,0f,0f,1f],start_interpolation:0}
execute if entity @s[tag=aj.tultaria.bone.leftfoot] run data modify entity @s {} merge value {transformation:[-0.8191520442889919f,0.11015317490193721f,-0.5628998191474117f,0.20132719550356784f,0f,0.9813858859482506f,0.19204619981027282f,0.5498589468787747f,0.5735764363510459f,0.1573150371725172f,-0.803904254710873f,0.06959418350876323f,0f,0f,0f,1f],start_interpolation:0}
execute if entity @s[tag=aj.tultaria.bone.leftleg] run data modify entity @s {} merge value {transformation:[-0.8191520442889919f,-0.04571193812009073f,-0.5717519978543761f,0.08984702099094485f,0f,0.9968191885491732f,-0.07969633203710212f,0.9418660882708472f,0.5735764363510459f,-0.06528341331052648f,-0.8165464760865493f,-0.08961600551270243f,0f,0f,0f,1f],start_interpolation:0}
execute if entity @s[tag=aj.tultaria.bone.rightfoot] run data modify entity @s {} merge value {transformation:[-0.8191520442889919f,0.15466384931226104f,-0.5523305369550734f,0.06034142702425252f,0f,0.9629589047780034f,0.26964819248188593f,0.6287260859474639f,0.5735764363510459f,0.22088286811036845f,-0.7888097554151902f,0.3041073381812983f,0f,0f,0f,1f],start_interpolation:0}
execute if entity @s[tag=aj.tultaria.bone.rightleg] run data modify entity @s {} merge value {transformation:[-0.8191520442889919f,-0.21949819938655468f,-0.5299155298754942f,-0.11494099008130312f,0f,0.9238795325112867f,-0.3826834323650897f,0.9418660882708472f,0.5735764363510459f,-0.31347591593739144f,-0.7567978077333787f,0.05377810357505905f,0f,0f,0f,1f],start_interpolation:0}
execute if entity @s[tag=aj.tultaria.bone.skirt_right_back] run data modify entity @s {} merge value {transformation:[-0.817875211022047f,0.07187912077585318f,-0.5708883701671741f,-0.25009466729918084f,0.16533173953403474f,0.9796840049954367f,-0.11351064381260059f,0.9361248508286338f,0.5511311596147438f,-0.187223509080968f,-0.8131431623946157f,-0.05728622715944351f,0f,0f,0f,1f],start_interpolation:0}
execute if entity @s[tag=aj.tultaria.bone.skirt_right] run data modify entity @s {} merge value {transformation:[-0.817875211022047f,-0.04576513490172571f,-0.5735727430963478f,-0.11147561271641417f,0.16533173953403474f,0.9361039196336572f,-0.31044301820004505f,0.9700970715807316f,0.5511311596147438f,-0.3487334283861102f,-0.7580497614456305f,0.19493395625923274f,0f,0f,0f,1f],start_interpolation:0}
execute if entity @s[tag=aj.tultaria.bone.skirt_left_back] run data modify entity @s {} merge value {transformation:[-0.7976236806714277f,-0.12577196705020594f,-0.589896496291075f,0.02370682644324129f,-0.16533173953403474f,0.9861483956706663f,0.013295022332480949f,0.9963506331581848f,0.5800533423184581f,0.10813303852427797f,-0.8073694111400881f,-0.24843860719849367f,0f,0f,0f,1f],start_interpolation:0}
execute if entity @s[tag=aj.tultaria.bone.skirt_left] run data modify entity @s {} merge value {transformation:[-0.7976236806714277f,-0.1962529444156341f,-0.570334328127247f,0.22130490527598878f,-0.16533173953403474f,0.9805062364049664f,-0.10617408475526573f,0.9700970715807316f,0.5800533423184581f,0.009607402310837537f,-0.8145218338915313f,-0.038081471008379664f,0f,0f,0f,1f],start_interpolation:0}
execute if entity @s[tag=aj.tultaria.bone.skirt_back_middle] run data modify entity @s {} merge value {transformation:[-0.8191520442889919f,0.029307745021537254f,-0.5728271854747451f,-0.07365217257097044f,0f,0.998693720960597f,0.051096494144679344f,1.0090182128409022f,0.5735764363510459f,0.04185579763461458f,-0.818082003143453f,-0.10518620344945775f,0f,0f,0f,1f],start_interpolation:0}
execute if entity @s[tag=aj.tultaria.bone.skirt_front_middle] run data modify entity @s {} merge value {transformation:[-0.8191520442889919f,-0.11037512624647988f,-0.5628563403242777f,0.10457730496879425f,0f,0.9813100829333804f,-0.19243316017069956f,1.042197614326923f,0.5735764363510459f,-0.15763201654281955f,-0.8038421605162788f,0.14935186964164582f,0f,0f,0f,1f],start_interpolation:0}
execute if entity @s[tag=aj.tultaria.bone.lower] run data modify entity @s {} merge value {transformation:[-0.8191520442889919f,0f,-0.5735764363510459f,0f,0f,1f,0f,1.0356160882708472f,0.5735764363510459f,0f,-0.8191520442889919f,0f,0f,0f,0f,1f],start_interpolation:0}