execute if entity @s[tag=aj.tultaria.bone.head] run data modify entity @s {} merge value {transformation:[-0.984807753012208f,0.030153689607045765f,-0.17101007166283427f,0f,0f,0.984807753012208f,0.17364817766693036f,1.7120043589643037f,0.1736481776669302f,0.17101007166283436f,-0.9698463103929542f,0f,0f,0f,0f,1f],start_interpolation:0}
execute if entity @s[tag=aj.tultaria.bone.bust] run data modify entity @s {} merge value {transformation:[-0.8191520442889919f,-0.31440435296180713f,-0.4797289142587018f,0.04122580636273154f,0f,0.8363818383311223f,-0.5481472617005875f,1.6026293589643037f,0.5735764363510459f,-0.4490159499934493f,-0.685123892675124f,0.058876553183271285f,0f,0f,0f,1f],start_interpolation:0}
execute if entity @s[tag=aj.tultaria.bone.left_wing] run data modify entity @s {} merge value {transformation:[-0.49697396102755564f,0f,-0.8677654533689284f,-0.020500051775818706f,0f,1f,0f,1.4932543589643037f,0.8677654533689284f,0f,-0.49697396102755564f,-0.13824253280806437f,0f,0f,0f,1f],start_interpolation:0}
execute if entity @s[tag=aj.tultaria.bone.right_wing] run data modify entity @s {} merge value {transformation:[-0.9854078984834902f,0f,-0.17020949916603245f,-0.1228940573119427f,0f,1f,0f,1.4932543589643037f,0.17020949916603245f,0f,-0.9854078984834902f,-0.06654547826418361f,0f,0f,0f,1f],start_interpolation:0}
execute if entity @s[tag=aj.tultaria.bone.body] run data modify entity @s {} merge value {transformation:[-0.8191520442889919f,0f,-0.5735764363510459f,0.696364240320019f,0f,1f,0f,0.4307543589643037f,0.5735764363510459f,0f,-0.8191520442889919f,0.12278780396897299f,0f,0f,0f,1f],start_interpolation:0}
execute if entity @s[tag=aj.tultaria.locator_origin.locator_right_hand] at @s on origin run tp @s ^-0.50889 ^0.89269 ^0.33818 ~-51.05887 ~-0.9577
execute if entity @s[tag=aj.tultaria.bone.right_ring] run data modify entity @s {} merge value {transformation:[-0.9825356014405349f,0.17765768175523575f,0.05533118483497279f,-0.44007548847899297f,0.15777321707345157f,0.9530558507309297f,-0.25844178718202193f,1.1512894935999245f,-0.09864787821428334f,-0.24519847777035522f,-0.9644409274926695f,0.24614425905792442f,0f,0f,0f,1f],start_interpolation:0}
execute if entity @s[tag=aj.tultaria.bone.sword] run data modify entity @s {} merge value {transformation:[-0.000006030307761844103f,0.0000017765768175523575f,-0.000007776835031603688f,-0.5099341228555944f,0.00000302332898091306f,0.000009530558507309298f,-1.6714189159392603e-7f,0.9519952701122715f,0.000007382064086054386f,-0.0000024519847777035525f,-0.000006284337712066093f,0.3130310986640063f,0f,0f,0f,1f],start_interpolation:0}
execute if entity @s[tag=aj.tultaria.bone.right_hand] run data modify entity @s {} merge value {transformation:[-0.6030307761844103f,0.17765768175523575f,-0.7776835031603687f,-0.48522430412602197f,0.302332898091306f,0.9530558507309297f,-0.0167141891593926f,1.2986375150429392f,0.7382064086054385f,-0.24519847777035522f,-0.6284337712066093f,0.14891633085568678f,0f,0f,0f,1f],start_interpolation:0}
execute if entity @s[tag=aj.tultaria.bone.right_arm] run data modify entity @s {} merge value {transformation:[-0.6030307761844103f,0.4049696306437427f,-0.6872797692575406f,-0.281583515224341f,0.302332898091306f,0.9133075258773038f,0.2728812597222278f,1.5870043589643037f,0.7382064086054385f,-0.043231486582681694f,-0.6731881882963424f,0.19716689999567205f,0f,0f,0f,1f],start_interpolation:0}
execute if entity @s[tag=aj.tultaria.locator_origin.locator_left_hand] at @s on origin run tp @s ^0.49697 ^0.89502 ^-0.37564 ~-19.00988 ~-0.74098
execute if entity @s[tag=aj.tultaria.bone.left_ring] run data modify entity @s {} merge value {transformation:[-0.7924690757807248f,-0.28988353928148797f,0.5366193227837421f,0.3873189961942998f,-0.1881691638946632f,0.9531146718610988f,0.23699111384668692f,1.1536348782964136f,-0.5801595726094909f,0.08683291966039136f,-0.809861046336237f,-0.3413972986036604f,0f,0f,0f,1f],start_interpolation:0}
execute if entity @s[tag=aj.tultaria.bone.left_hand] run data modify entity @s {} merge value {transformation:[-0.8999357872837792f,-0.28988353928148797f,-0.3257040257957564f,0.3114899407632152f,-0.302332898091306f,0.9531146718610988f,-0.012932169764658219f,1.3013466548592736f,0.31418210881212943f,0.08683291966039136f,-0.9453833331329758f,-0.41645934238794075f,0f,0f,0f,1f],start_interpolation:0}
execute if entity @s[tag=aj.tultaria.bone.left_arm] run data modify entity @s {} merge value {transformation:[-0.8999357872837792f,-0.17913208004266712f,-0.39752644775601065f,0.281583515224341f,-0.302332898091306f,0.9133075258773038f,0.2728812597222278f,1.6182543589643037f,0.31418210881212943f,0.3657609343211293f,-0.8760756482330152f,-0.19716689999567205f,0f,0f,0f,1f],start_interpolation:0}
execute if entity @s[tag=aj.tultaria.bone.leftfoot] run data modify entity @s {} merge value {transformation:[-0.8191520442889919f,0.14264265923656114f,-0.5555564778697911f,0.19607389696512884f,0f,0.9685831611286312f,0.24868988716485477f,0.5343379910858617f,0.5735764363510459f,0.2037148294650895f,-0.7934168765024122f,0.0620916956722703f,0f,0f,0f,1f],start_interpolation:0}
execute if entity @s[tag=aj.tultaria.bone.leftleg] run data modify entity @s {} merge value {transformation:[-0.8191520442889919f,-0.03241769959598334f,-0.5726596031588661f,0.08984702099094485f,0f,0.998401550108975f,-0.056518534482024534f,0.9307543589643037f,0.5735764363510459f,-0.04629727306116828f,-0.8178426707930653f,-0.08961600551270243f,0f,0f,0f,1f],start_interpolation:0}
execute if entity @s[tag=aj.tultaria.bone.rightfoot] run data modify entity @s {} merge value {transformation:[-0.8191520442889919f,0.17381389004464493f,-0.5466064946236127f,0.06034142702425252f,0f,0.9529793415172187f,0.3030352696327741f,0.6176143566409205f,0.5735764363510459f,0.24823196061135272f,-0.7806349757690071f,0.3041073381812983f,0f,0f,0f,1f],start_interpolation:0}
execute if entity @s[tag=aj.tultaria.bone.rightleg] run data modify entity @s {} merge value {transformation:[-0.8191520442889919f,-0.21949819938655468f,-0.5299155298754942f,-0.11494099008130312f,0f,0.9238795325112867f,-0.3826834323650897f,0.9307543589643037f,0.5735764363510459f,-0.31347591593739144f,-0.7567978077333787f,0.05377810357505905f,0f,0f,0f,1f],start_interpolation:0}
execute if entity @s[tag=aj.tultaria.bone.skirt_right_back] run data modify entity @s {} merge value {transformation:[-0.8202845925461949f,-0.014407019671445004f,-0.5717741031347168f,-0.25094083099925035f,0.056357959688437174f,0.9927818201101977f,-0.10586802179336016f,0.9295107763812733f,0.5691721774745139f,-0.11906592897579685f,-0.8135516805624895f,-0.05804845826383284f,0f,0f,0f,1f],start_interpolation:0}
execute if entity @s[tag=aj.tultaria.bone.skirt_right] run data modify entity @s {} merge value {transformation:[-0.8202845925461949f,-0.13258232035086281f,-0.5563767748223359f,-0.11180736157560804f,0.056357959688437174f,0.9492921214172652f,-0.30930284284963294f,0.9589326295844172f,0.5691721774745139f,-0.2850726162673108f,-0.7712176319583409f,0.19446016978723604f,0f,0f,0f,1f],start_interpolation:0}
execute if entity @s[tag=aj.tultaria.bone.skirt_left_back] run data modify entity @s {} merge value {transformation:[-0.8154007490399356f,-0.010580264885177396f,-0.5788002042674755f,0.0290422136458926f,-0.056357959688437174f,0.9965344176160896f,0.061179529961561535f,0.9982085912722448f,0.5761470288432183f,0.08250583313633404f,-0.8131711927101274f,-0.25210686023851286f,0f,0f,0f,1f],start_interpolation:0}
execute if entity @s[tag=aj.tultaria.bone.skirt_left] run data modify entity @s {} merge value {transformation:[-0.8154007490399356f,-0.08943389162201931f,-0.571946848487211f,0.22097315641679488f,-0.056357959688437174f,0.9955649917251578f,-0.07532680552793272f,0.9589326295844172f,0.5761470288432183f,-0.029187776219290994f,-0.8168247516294449f,-0.03855525748037636f,0f,0f,0f,1f],start_interpolation:0}
execute if entity @s[tag=aj.tultaria.bone.skirt_back_middle] run data modify entity @s {} merge value {transformation:[-0.8191520442889919f,0.017616232593040633f,-0.5733058491646439f,-0.07323083072826024f,0f,0.9995282456369311f,0.03071296426525265f,1.0047773221414702f,0.5735764363510459f,0.02515858746405647f,-0.8187656057380818f,-0.10458446493663406f,0f,0f,0f,1f],start_interpolation:0}
execute if entity @s[tag=aj.tultaria.bone.skirt_front_middle] run data modify entity @s {} merge value {transformation:[-0.8191520442889919f,-0.0928897224093797f,-0.566004794862971f,0.10550255942399323f,0f,0.986799245910024f,-0.16194828888076637f,1.0283169488689492f,0.5735764363510459f,-0.132660271905784f,-0.8083386195900318f,0.15067326994756747f,0f,0f,0f,1f],start_interpolation:0}
execute if entity @s[tag=aj.tultaria.bone.lower] run data modify entity @s {} merge value {transformation:[-0.8191520442889919f,0f,-0.5735764363510459f,0f,0f,1f,0f,1.0245043589643037f,0.5735764363510459f,0f,-0.8191520442889919f,0f,0f,0f,0f,1f],start_interpolation:0}