execute if entity @s[tag=aj.tultaria.bone.head] run data modify entity @s {} merge value {transformation:[-0.984807753012208f,0.030153689607045765f,-0.17101007166283427f,0f,0f,0.984807753012208f,0.17364817766693036f,1.667150029736257f,0.1736481776669302f,0.17101007166283436f,-0.9698463103929542f,0f,0f,0f,0f,1f],start_interpolation:0}
execute if entity @s[tag=aj.tultaria.bone.bust] run data modify entity @s {} merge value {transformation:[-0.8191520442889919f,-0.40259586240789086f,-0.4085419194026631f,0.04122580636273154f,0f,0.712271100259466f,-0.70190446624535f,1.557775029736257f,0.5735764363510459f,-0.5749664784204521f,-0.5834583278655111f,0.058876553183271285f,0f,0f,0f,1f],start_interpolation:0}
execute if entity @s[tag=aj.tultaria.bone.left_wing] run data modify entity @s {} merge value {transformation:[-0.3477539818624282f,0f,-0.9375858190580881f,-0.020500051775818706f,0f,1f,0f,1.448400029736257f,0.9375858190580881f,0f,-0.3477539818624282f,-0.13824253280806437f,0f,0f,0f,1f],start_interpolation:0}
execute if entity @s[tag=aj.tultaria.bone.right_wing] run data modify entity @s {} merge value {transformation:[-0.9999813422410571f,0f,-0.006108614390678058f,-0.1228940573119427f,0f,1f,0f,1.448400029736257f,0.006108614390678058f,0f,-0.9999813422410571f,-0.06654547826418361f,0f,0f,0f,1f],start_interpolation:0}
execute if entity @s[tag=aj.tultaria.bone.body] run data modify entity @s {} merge value {transformation:[-0.8191520442889919f,0f,-0.5735764363510459f,0.696364240320019f,0f,1f,0f,0.3859000297362569f,0.5735764363510459f,0f,-0.8191520442889919f,0.12278780396897299f,0f,0f,0f,1f],start_interpolation:0}
execute if entity @s[tag=aj.tultaria.bone.right_ring] run data modify entity @s {} merge value {transformation:[0.7677976268562464f,0.40165571097183234f,0.4991587863973028f,-0.4847813236926371f,-0.4899187529159907f,0.870129728184005f,0.05342164048089293f,1.1084703319629867f,-0.4128757921399082f,-0.28556425892282317f,0.8648622053776557f,0.33715377415171194f,0f,0f,0f,1f],start_interpolation:0}
execute if entity @s[tag=aj.tultaria.bone.sword] run data modify entity @s {} merge value {transformation:[-0.000005396631449787455f,0.000004016557109718324f,-0.000007398894375481796f,-0.6010687562100014f,0.000004768180074569236f,0.000008701297281840051f,0.000001245746518969189f,0.934976495591654f,0.000006938359155567393f,-0.000002855642589228232f,-0.000006610936214405643f,0.4109737403172188f,0f,0f,0f,1f],start_interpolation:0}
execute if entity @s[tag=aj.tultaria.bone.right_hand] run data modify entity @s {} merge value {transformation:[-0.5396631449787455f,0.40165571097183234f,-0.7398894375481795f,-0.4913872536234301f,0.47681800745692354f,0.870129728184005f,0.1245746518969189f,1.2561069756070737f,0.6938359155567393f,-0.28556425892282317f,-0.6610936214405643f,0.2305568316849679f,0f,0f,0f,1f],start_interpolation:0}
execute if entity @s[tag=aj.tultaria.bone.right_arm] run data modify entity @s {} merge value {transformation:[-0.5396631449787455f,0.40976677593778177f,-0.7354283644850839f,-0.281583515224341f,0.47681800745692354f,0.8687073859792926f,0.13413450454612086f,1.542150029736257f,0.6938359155567393f,-0.27827803880755636f,-0.6641935376085508f,0.19716689999567205f,0f,0f,0f,1f],start_interpolation:0}
execute if entity @s[tag=aj.tultaria.bone.left_ring] run data modify entity @s {} merge value {transformation:[0.9094114410449643f,-0.40566478963191405f,0.09168919974247886f,0.4951745130170472f,0.4149470823990555f,0.870112064634626f,-0.26593968072813f,1.112564425376967f,0.028102485744730288f,0.27989475420265225f,0.9596192874597737f,-0.34931486197766676f,0f,0f,0f,1f],start_interpolation:0}
execute if entity @s[tag=aj.tultaria.bone.left_hand] run data modify entity @s {} merge value {transformation:[-0.8365681560781144f,-0.40566478963191405f,-0.3682252010508766f,0.3972682770385409f,-0.47681800745692354f,0.870112064634626f,0.12469796607033119f,1.2602098697952209f,0.26981161576343005f,0.27989475420265225f,-0.9213363221804315f,-0.3919565868379178f,0f,0f,0f,1f],start_interpolation:0}
execute if entity @s[tag=aj.tultaria.bone.left_arm] run data modify entity @s {} merge value {transformation:[-0.8365681560781144f,-0.40164431103057274f,-0.37260645143749205f,0.281583515224341f,-0.47681800745692354f,0.8687073859792926f,0.13413450454612086f,1.573400029736257f,0.26981161576343005f,0.28987812087461967f,-0.9182441761521423f,-0.19716689999567205f,0f,0f,0f,1f],start_interpolation:0}
execute if entity @s[tag=aj.tultaria.bone.leftfoot] run data modify entity @s {} merge value {transformation:[-0.8191520442889919f,-0.13827497428572597f,-0.5566596445077076f,0.23870901729726726f,0f,0.9705064734685425f,-0.24107506083303873f,0.5336388343862861f,0.5735764363510459f,-0.19747712890847674f,-0.7949923617374569f,0.122980957791824f,0f,0f,0f,1f],start_interpolation:0}
execute if entity @s[tag=aj.tultaria.bone.leftleg] run data modify entity @s {} merge value {transformation:[-0.8191520442889919f,-0.14438728460240646f,-0.5551056119175063f,0.08984702099094485f,0f,0.9677971003288655f,-0.2517315486684971f,0.8859000297362569f,0.5735764363510459f,-0.20620641270383328f,-0.7927729731913488f,-0.08961600551270243f,0f,0f,0f,1f],start_interpolation:0}
execute if entity @s[tag=aj.tultaria.bone.rightfoot] run data modify entity @s {} merge value {transformation:[-0.8191520442889919f,0.006306675231406295f,-0.5735417632436988f,0.06034142702425252f,0f,0.9999395492821013f,0.010995352723218221f,0.5727600274128737f,0.5735764363510459f,0.009006865660902752f,-0.8191025259598465f,0.3041073381812983f,0f,0f,0f,1f],start_interpolation:0}
execute if entity @s[tag=aj.tultaria.bone.rightleg] run data modify entity @s {} merge value {transformation:[-0.8191520442889919f,-0.21949819938655468f,-0.5299155298754942f,-0.11494099008130312f,0f,0.9238795325112867f,-0.3826834323650897f,0.8859000297362569f,0.5735764363510459f,-0.31347591593739144f,-0.7567978077333787f,0.05377810357505905f,0f,0f,0f,1f],start_interpolation:0}
execute if entity @s[tag=aj.tultaria.bone.skirt_right_back] run data modify entity @s {} merge value {transformation:[-0.8357582296837878f,0.1833529087848907f,-0.5175808075614285f,-0.22963771417644502f,0.31601754317060154f,0.9314606564301167f,-0.18031627195345667f,0.8648282893669339f,0.44904464580288445f,-0.31426542342882f,-0.836418645005518f,-0.060261374537410706f,0f,0f,0f,1f],start_interpolation:0}
execute if entity @s[tag=aj.tultaria.bone.skirt_right] run data modify entity @s {} merge value {transformation:[-0.8357582296837878f,0.09002869849225936f,-0.5416668856073914f,-0.10903814093275079f,0.31601754317060154f,0.8855828612944724f,-0.3404055055223288f,0.9150939571882657f,0.44904464580288445f,-0.4556729410764755f,-0.7685838125061425f,0.19841502672856176f,0f,0f,0f,1f],start_interpolation:0}
execute if entity @s[tag=aj.tultaria.bone.skirt_left_back] run data modify entity @s {} merge value {transformation:[-0.707810089566449f,-0.4517265188007462f,-0.5430911795638873f,0.021103165618959058f,-0.31601754317060154f,0.8900774748513064f,-0.32847374502498516f,0.8671417637736034f,0.6317735270778226f,-0.060870690602958f,-0.7727593218520025f,-0.23615017635985602f,0f,0f,0f,1f],start_interpolation:0}
execute if entity @s[tag=aj.tultaria.bone.skirt_left] run data modify entity @s {} merge value {transformation:[-0.707810089566449f,-0.45437515836200015f,-0.5408771510901923f,0.22374237705965216f,-0.31601754317060154f,0.8884616273041446f,-0.3328195445229866f,0.9150939571882657f,0.6317735270778226f,-0.06464636317364314f,-0.772452625221812f,-0.034600400539050655f,0f,0f,0f,1f],start_interpolation:0}
execute if entity @s[tag=aj.tultaria.bone.skirt_back_middle] run data modify entity @s {} merge value {transformation:[-0.8191520442889919f,-0.07069620956319994f,-0.5692029289195213f,-0.07289584925599595f,0f,0.9923750224828832f,-0.1232550800255186f,0.9012265903171663f,0.5735764363510459f,-0.10096465077190686f,-0.8129060283681881f,-0.10410606181472432f,0f,0f,0f,1f],start_interpolation:0}
execute if entity @s[tag=aj.tultaria.bone.skirt_front_middle] run data modify entity @s {} merge value {transformation:[-0.8191520442889919f,-0.23731157570969633f,-0.522181141340193f,0.09612826045968914f,0f,0.9103950376033273f,-0.4137401062348638f,1.0052326979805997f,0.5735764363510459f,-0.33891605382663337f,-0.7457519561633192f,0.13728538356709194f,0f,0f,0f,1f],start_interpolation:0}
execute if entity @s[tag=aj.tultaria.bone.lower] run data modify entity @s {} merge value {transformation:[-0.8191520442889919f,0f,-0.5735764363510459f,0f,0f,1f,0f,0.9796500297362569f,0.5735764363510459f,0f,-0.8191520442889919f,0f,0f,0f,0f,1f],start_interpolation:0}