execute if entity @s[tag=aj.tultaria.bone.head] run data modify entity @s {} merge value {transformation:[-0.984807753012208f,0.030153689607045765f,-0.17101007166283427f,0f,0f,0.984807753012208f,0.17364817766693036f,1.7374891188963117f,0.1736481776669302f,0.17101007166283436f,-0.9698463103929542f,0f,0f,0f,0f,1f],start_interpolation:0}
execute if entity @s[tag=aj.tultaria.bone.bust] run data modify entity @s {} merge value {transformation:[-0.8191520442889919f,-0.3550889659797127f,-0.4504461727849665f,0.04122580636273154f,0f,0.7853289365417375f,-0.6190787198977393f,1.6281141188963117f,0.5735764363510459f,-0.5071195989800453f,-0.6433038038074643f,0.058876553183271285f,0f,0f,0f,1f],start_interpolation:0}
execute if entity @s[tag=aj.tultaria.bone.left_wing] run data modify entity @s {} merge value {transformation:[-0.4324937772504221f,0f,-0.9016369184098787f,-0.020500051775818706f,0f,1f,0f,1.5187391188963117f,0.9016369184098787f,0f,-0.4324937772504221f,-0.13824253280806437f,0f,0f,0f,1f],start_interpolation:0}
execute if entity @s[tag=aj.tultaria.bone.right_wing] run data modify entity @s {} merge value {transformation:[-0.9951831425405584f,0f,-0.09803322295578465f,-0.1228940573119427f,0f,1f,0f,1.5187391188963117f,0.09803322295578465f,0f,-0.9951831425405584f,-0.06654547826418361f,0f,0f,0f,1f],start_interpolation:0}
execute if entity @s[tag=aj.tultaria.bone.body] run data modify entity @s {} merge value {transformation:[-0.8191520442889919f,0f,-0.5735764363510459f,0.696364240320019f,0f,1f,0f,0.45623911889631175f,0.5735764363510459f,0f,-0.8191520442889919f,0.12278780396897299f,0f,0f,0f,1f],start_interpolation:0}
execute if entity @s[tag=aj.tultaria.bone.right_ring] run data modify entity @s {} merge value {transformation:[-0.6720760836730633f,0.2786882557129283f,0.6860368750164696f,-0.46005311957082995f,-0.009309027059857339f,0.9232201693607361f,-0.38415864027863866f,1.1738652595163683f,-0.7404235813167194f,-0.26457017030122476f,-0.6178798792782497f,0.28590522017364783f,0f,0f,0f,1f],start_interpolation:0}
execute if entity @s[tag=aj.tultaria.bone.sword] run data modify entity @s {} merge value {transformation:[-0.000005785380143232713f,0.0000027868825571292836f,-0.000007665680805450825f,-0.5510731147141522f,0.00000381276075000332f,0.000009232201693607363f,4.788604721497575e-7f,0.9845739443002017f,0.00000721056392118694f,-0.000002645701703012248f,-0.0000064037512785206865f,0.3563070958080613f,0f,0f,0f,1f],start_interpolation:0}
execute if entity @s[tag=aj.tultaria.bone.right_hand] run data modify entity @s {} merge value {transformation:[-0.5785380143232712f,0.2786882557129283f,-0.7665680805450824f,-0.4883738371667864f,0.38127607500033195f,0.9232201693607361f,0.04788604721497575f,1.3226077279053874f,0.721056392118694f,-0.26457017030122476f,-0.6403751278520686f,0.18453096282795f,0f,0f,0f,1f],start_interpolation:0}
execute if entity @s[tag=aj.tultaria.bone.right_arm] run data modify entity @s {} merge value {transformation:[-0.5785380143232712f,0.4091284660080951f,-0.7056257253564027f,-0.281583515224341f,0.38127607500033195f,0.9004181812404182f,0.20946516064500717f,1.6124891188963117f,0.721056392118694f,-0.14785464887368388f,-0.6769170423258761f,0.19716689999567205f,0f,0f,0f,1f],start_interpolation:0}
execute if entity @s[tag=aj.tultaria.bone.left_ring] run data modify entity @s {} merge value {transformation:[-0.24698343853562998f,-0.3431571823880987f,0.9062242157791733f,0.4346774487734773f,0.0895694010024323f,0.9231086881352376f,0.3739621268167487f,1.176797454344042f,-0.9648712367425936f,0.17353241214453746f,-0.19725617466157114f,-0.3453282263021005f,0f,0f,0f,1f],start_interpolation:0}
execute if entity @s[tag=aj.tultaria.bone.left_hand] run data modify entity @s {} merge value {transformation:[-0.8754430254226402f,-0.3431571823880987f,-0.3403566620683596f,0.34915070195642817f,-0.38127607500033195f,0.9231086881352376f,0.04998904401548179f,1.3257196597416243f,0.2970320923253845f,0.17353241214453746f,-0.9389666863441442f,-0.4062419137492801f,0f,0f,0f,1f],start_interpolation:0}
execute if entity @s[tag=aj.tultaria.bone.left_arm] run data modify entity @s {} merge value {transformation:[-0.8754430254226402f,-0.27886809907819204f,-0.394755737837172f,0.281583515224341f,-0.38127607500033195f,0.9004181812404182f,0.20946516064500717f,1.6437391188963117f,0.2970320923253845f,0.3338857322621214f,-0.8945905509899996f,-0.19716689999567205f,0f,0f,0f,1f],start_interpolation:0}
execute if entity @s[tag=aj.tultaria.bone.leftfoot] run data modify entity @s {} merge value {transformation:[-0.8191520442889919f,0.018794687785244985f,-0.5732684258253027f,0.2155204192525334f,0f,0.9994630000358754f,0.032767538193884366f,0.5775065450013679f,0.5735764363510459f,0.026841595897838008f,-0.8187121596705962f,0.08986420771509324f,0f,0f,0f,1f],start_interpolation:0}
execute if entity @s[tag=aj.tultaria.bone.leftleg] run data modify entity @s {} merge value {transformation:[-0.8191520442889919f,-0.08229297874949626f,-0.5676423116591119f,0.08984702099094485f,0f,0.9896541693210317f,-0.1434734301029244f,0.9562391188963117f,0.5735764363510459f,-0.11752655356996432f,-0.8106772359384472f,-0.08961600551270243f,0f,0f,0f,1f],start_interpolation:0}
execute if entity @s[tag=aj.tultaria.bone.rightfoot] run data modify entity @s {} merge value {transformation:[-0.8191520442889919f,0.10084902855061492f,-0.5646409494338528f,0.06034142702425252f,0f,0.9844214539669054f,0.17582491566807018f,0.6430991165729285f,0.5735764363510459f,0.14402733910643933f,-0.8063908464589322f,0.3041073381812983f,0f,0f,0f,1f],start_interpolation:0}
execute if entity @s[tag=aj.tultaria.bone.rightleg] run data modify entity @s {} merge value {transformation:[-0.8191520442889919f,-0.21949819938655468f,-0.5299155298754942f,-0.11494099008130312f,0f,0.9238795325112867f,-0.3826834323650897f,0.9562391188963117f,0.5735764363510459f,-0.31347591593739144f,-0.7567978077333787f,0.05377810357505905f,0f,0f,0f,1f],start_interpolation:0}
execute if entity @s[tag=aj.tultaria.bone.skirt_right_back] run data modify entity @s {} merge value {transformation:[-0.8224283508096941f,0.11299704457603649f,-0.5575332059182914f,-0.244650444665944f,0.2249719352884256f,0.9647813499228644f,-0.13632525508355364f,0.9452219878934738f,0.5224932881071556f,-0.23754707903507624f,-0.8188846983091552f,-0.057629597643850394f,0f,0f,0f,1f],start_interpolation:0}
execute if entity @s[tag=aj.tultaria.bone.skirt_right] run data modify entity @s {} merge value {transformation:[-0.8224283508096941f,0.0032957317763107896f,-0.5688591617760105f,-0.11056567461526344f,0.2249719352884256f,0.9203467178045666f,-0.3199211580357604f,0.9847085167060092f,0.5224932881071556f,-0.3910895769237786f,-0.7576606804530328f,0.19623348254464984f,0f,0f,0f,1f],start_interpolation:0}
execute if entity @s[tag=aj.tultaria.bone.skirt_left_back] run data modify entity @s {} merge value {transformation:[-0.772270149663485f,-0.24916057272443864f,-0.584395264301798f,0.021335424436941808f,-0.2249719352884256f,0.967529402212285f,-0.11521494775990994f,0.9837392964474805f,0.5941266230958844f,0.04249546863335023f,-0.8032482124936929f,-0.24566204109008655f,0f,0f,0f,1f],start_interpolation:0}
execute if entity @s[tag=aj.tultaria.bone.skirt_left] run data modify entity @s {} merge value {transformation:[-0.772270149663485f,-0.29425089704133744f,-0.5630410513711295f,0.22221484337713948f,-0.2249719352884256f,0.955504704905997f,-0.19078361364405444f,0.9847085167060092f,0.5941266230958844f,-0.02066805488844156f,-0.8041059552296633f,-0.03678194472296255f,0f,0f,0f,1f],start_interpolation:0}
execute if entity @s[tag=aj.tultaria.bone.skirt_back_middle] run data modify entity @s {} merge value {transformation:[-0.8191520442889919f,-0.0074967614244805525f,-0.573527442155395f,-0.07417995718325475f,0f,0.9999145812265883f,-0.013070204683046482f,1.0043266085223805f,0.5735764363510459f,-0.01070648488539308f,-0.8190820733261309f,-0.10593995799148073f,0f,0f,0f,1f],start_interpolation:0}
execute if entity @s[tag=aj.tultaria.bone.skirt_front_middle] run data modify entity @s {} merge value {transformation:[-0.8191520442889919f,-0.15808483593149772f,-0.551361145698241f,0.10177037137022318f,0f,0.9612688226975759f,-0.2756125006410568f,1.0639464877861475f,0.5735764363510459f,-0.22576854333172278f,-0.7874253212239917f,0.14534315301778908f,0f,0f,0f,1f],start_interpolation:0}
execute if entity @s[tag=aj.tultaria.bone.lower] run data modify entity @s {} merge value {transformation:[-0.8191520442889919f,0f,-0.5735764363510459f,0f,0f,1f,0f,1.0499891188963117f,0.5735764363510459f,0f,-0.8191520442889919f,0f,0f,0f,0f,1f],start_interpolation:0}