execute if entity @s[tag=aj.tultaria.bone.head] run data modify entity @s {} merge value {transformation:[-0.984807753012208f,0.030153689607045765f,-0.17101007166283427f,0f,0f,0.984807753012208f,0.17364817766693036f,1.601532569606589f,0.1736481776669302f,0.17101007166283436f,-0.9698463103929542f,0f,0f,0f,0f,1f],start_interpolation:0}
execute if entity @s[tag=aj.tultaria.bone.bust] run data modify entity @s {} merge value {transformation:[-0.8191520442889919f,-0.3608941886491999f,-0.4458086057226814f,0.04122580636273154f,0f,0.7772435851075186f,-0.6291998167587238f,1.492157569606589f,0.5735764363510459f,-0.5154103161641678f,-0.6366806716513289f,0.058876553183271285f,0f,0f,0f,1f],start_interpolation:0}
execute if entity @s[tag=aj.tultaria.bone.left_wing] run data modify entity @s {} merge value {transformation:[-0.42273542898568406f,0f,-0.906253141831955f,-0.020500051775818706f,0f,1f,0f,1.382782569606589f,0.906253141831955f,0f,-0.42273542898568406f,-0.13824253280806437f,0f,0f,0f,1f],start_interpolation:0}
execute if entity @s[tag=aj.tultaria.bone.right_wing] run data modify entity @s {} merge value {transformation:[-0.9961834219540552f,0f,-0.08728453370390948f,-0.1228940573119427f,0f,1f,0f,1.382782569606589f,0.08728453370390948f,0f,-0.9961834219540552f,-0.06654547826418361f,0f,0f,0f,1f],start_interpolation:0}
execute if entity @s[tag=aj.tultaria.bone.body] run data modify entity @s {} merge value {transformation:[-0.8191520442889919f,0f,-0.5735764363510459f,0.696364240320019f,0f,1f,0f,0.32028256960658896f,0.5735764363510459f,0f,-0.8191520442889919f,0.12278780396897299f,0f,0f,0f,1f],start_interpolation:0}
execute if entity @s[tag=aj.tultaria.bone.right_ring] run data modify entity @s {} merge value {transformation:[0.8537743740550592f,0.2934142446235706f,-0.43008998972176915f,-0.4630035748564289f,-0.12582323324651434f,0.9178684678132101f,0.3764119947207094f,1.037989794542694f,0.505210680985948f,-0.26725560208573684f,0.8205709055112209f,0.2918786678240504f,0f,0f,0f,1f],start_interpolation:0}
execute if entity @s[tag=aj.tultaria.bone.sword] run data modify entity @s {} merge value {transformation:[-0.000005744312271913168f,0.000002934142446235706f,-0.000007641576056543948f,-0.5570788793059136f,0.000003927405247872667f,0.000009178684678132101f,5.720451017229803e-7f,0.8503730290795983f,0.000007181807888110767f,-0.0000026725560208573686f,-0.000006424879747796765f,0.3627451058247191f,0f,0f,0f,1f],start_interpolation:0}
execute if entity @s[tag=aj.tultaria.bone.right_hand] run data modify entity @s {} merge value {transformation:[-0.5744312271913168f,0.2934142446235706f,-0.7641576056543947f,-0.4887973746640955f,0.3927405247872666f,0.9178684678132101f,0.05720451017229802f,1.186769665467161f,0.7181807888110766f,-0.26725560208573684f,-0.6424879747796765f,0.18988673236255937f,0f,0f,0f,1f],start_interpolation:0}
execute if entity @s[tag=aj.tultaria.bone.right_arm] run data modify entity @s {} merge value {transformation:[-0.5744312271913168f,0.4095073602999323f,-0.7087541795909632f,-0.281583515224341f,0.3927405247872666f,0.8975726403671984f,0.20029537052582697f,1.476532569606589f,0.7181807888110766f,-0.16330057294583328f,-0.6764238888879239f,0.19716689999567205f,0f,0f,0f,1f],start_interpolation:0}
execute if entity @s[tag=aj.tultaria.bone.left_ring] run data modify entity @s {} merge value {transformation:[0.5167594109887113f,-0.3507967658852372f,-0.7809618045711701f,0.44176319698683364f,0.023880623968127353f,0.9177505943793912f,-0.39643859841741813f,1.0410346046841616f,0.8557975385297f,0.18621352142294098f,0.4826335022413745f,-0.34586489226349293f,0f,0f,0f,1f],start_interpolation:0}
execute if entity @s[tag=aj.tultaria.bone.left_hand] run data modify entity @s {} merge value {transformation:[-0.8713362382906857f,-0.3507967658852372f,-0.3430958887627416f,0.3547859627457583f,-0.3927405247872666f,0.9177505943793912f,0.05906544426393831f,1.1899705204556859f,0.29415648901776736f,0.18621352142294098f,-0.9374414565230237f,-0.4046541660901919f,0f,0f,0f,1f],start_interpolation:0}
execute if entity @s[tag=aj.tultaria.bone.left_arm] run data modify entity @s {} merge value {transformation:[-0.8713362382906857f,-0.2935121094300097f,-0.39322233082492086f,0.281583515224341f,-0.3927405247872666f,0.8975726403671984f,0.20029537052582697f,1.507782569606589f,0.29415648901776736f,0.32895895926726476f,-0.8973616679391527f,-0.19716689999567205f,0f,0f,0f,1f],start_interpolation:0}
execute if entity @s[tag=aj.tultaria.bone.leftfoot] run data modify entity @s {} merge value {transformation:[-0.8191520442889919f,0.0002224621572266272f,-0.5735763932099665f,0.21832386844668134f,0f,0.9999999247858232f,0.00038785093516374713f,0.44442002699720334f,0.5735764363510459f,0.00031770888641874384f,-0.8191519826771453f,0.0938679480937184f,0f,0f,0f,1f],start_interpolation:0}
execute if entity @s[tag=aj.tultaria.bone.leftleg] run data modify entity @s {} merge value {transformation:[-0.8191520442889919f,-0.08963923258704011f,-0.5665286721061626f,0.08984702099094485f,0f,0.9877125980109653f,-0.15628123281580944f,0.820282569606589f,0.5735764363510459f,-0.1280180913450742f,-0.8090867938306735f,-0.08961600551270243f,0f,0f,0f,1f],start_interpolation:0}
execute if entity @s[tag=aj.tultaria.bone.rightfoot] run data modify entity @s {} merge value {transformation:[-0.8191520442889919f,0.08985895452017251f,-0.5664938628349888f,0.06034142702425252f,0f,0.9876519098986791f,0.1566643063160567f,0.5071425672832057f,0.5735764363510459f,0.12833188678591462f,-0.8090370810394304f,0.3041073381812983f,0f,0f,0f,1f],start_interpolation:0}
execute if entity @s[tag=aj.tultaria.bone.rightleg] run data modify entity @s {} merge value {transformation:[-0.8191520442889919f,-0.21949819938655468f,-0.5299155298754942f,-0.11494099008130312f,0f,0.9238795325112867f,-0.3826834323650897f,0.820282569606589f,0.5735764363510459f,-0.31347591593739144f,-0.7567978077333787f,0.05377810357505905f,0f,0f,0f,1f],start_interpolation:0}
execute if entity @s[tag=aj.tultaria.bone.skirt_right_back] run data modify entity @s {} merge value {transformation:[-0.8236544230923387f,0.12129601545327538f,-0.553968110955482f,-0.24326045873754798f,0.2364984692206968f,0.9613259023909663f,-0.14114171406236253f,0.8081581538968156f,0.5154239666300876f,-0.24726460730835167f,-0.820486653514823f,-0.05781940550287856f,0f,0f,0f,1f],start_interpolation:0}
execute if entity @s[tag=aj.tultaria.bone.skirt_right] run data modify entity @s {} merge value {transformation:[-0.8236544230923387f,0.013350708213491422f,-0.5669348727240411f,-0.11038364576889022f,0.2364984692206968f,0.9167242036643429f,-0.32200187650422707f,0.8488164960977548f,0.5154239666300876f,-0.39929749937380593f,-0.758221367159441f,0.19649344667876734f,0f,0f,0f,1f],start_interpolation:0}
execute if entity @s[tag=aj.tultaria.bone.skirt_left_back] run data modify entity @s {} merge value {transformation:[-0.7660465018553585f,-0.2736880318567765f,-0.5816077872703669f,0.02105466274575238f,-0.2364984692206968f,0.9613623648862957f,-0.14089314190724828f,0.8423308414676403f,0.5976966045172377f,0.02961865288282031f,-0.8011750772146945f,-0.2448573495654846f,0f,0f,0f,1f],start_interpolation:0}
execute if entity @s[tag=aj.tultaria.bone.skirt_left] run data modify entity @s {} merge value {transformation:[-0.7660465018553585f,-0.31365028102457143f,-0.5610670710426477f,0.22239687222351273f,-0.2364984692206968f,0.9491708480675642f,-0.20770935278645497f,0.8488164960977548f,0.5976966045172377f,-0.026423519672978207f,-0.8012868191581941f,-0.03652198058884505f,0f,0f,0f,1f],start_interpolation:0}
execute if entity @s[tag=aj.tultaria.bone.skirt_back_middle] run data modify entity @s {} merge value {transformation:[-0.8191520442889919f,-0.014925526172413203f,-0.5733822084836973f,-0.07417288296127027f,0f,0.9996613740470507f,-0.02602186077825261f,0.8645169868718315f,0.5735764363510459f,-0.02131586045270914f,-0.8188746581473841f,-0.10592985495545432f,0f,0f,0f,1f],start_interpolation:0}
execute if entity @s[tag=aj.tultaria.bone.skirt_front_middle] run data modify entity @s {} merge value {transformation:[-0.8191520442889919f,-0.16758405469816054f,-0.548548551131155f,0.10116057673955717f,0f,0.9563652137122085f,-0.29217388316069887f,0.9294261596175987f,0.5735764363510459f,-0.23933483367893954f,-0.7834085198992343f,0.14447227603148136f,0f,0f,0f,1f],start_interpolation:0}
execute if entity @s[tag=aj.tultaria.bone.lower] run data modify entity @s {} merge value {transformation:[-0.8191520442889919f,0f,-0.5735764363510459f,0f,0f,1f,0f,0.914032569606589f,0.5735764363510459f,0f,-0.8191520442889919f,0f,0f,0f,0f,1f],start_interpolation:0}