execute if entity @s[tag=aj.tultaria.bone.head] run data modify entity @s {} merge value {transformation:[-0.984807753012208f,0.030153689607045765f,-0.17101007166283427f,0f,0f,0.984807753012208f,0.17364817766693036f,1.7305222169927665f,0.1736481776669302f,0.17101007166283436f,-0.9698463103929542f,0f,0f,0f,0f,1f],start_interpolation:0}
execute if entity @s[tag=aj.tultaria.bone.bust] run data modify entity @s {} merge value {transformation:[-0.8191520442889919f,-0.38653391376682195f,-0.4237705297035986f,0.04122580636273154f,0f,0.7388213720903944f,-0.6739013133556477f,1.6211472169927665f,0.5735764363510459f,-0.5520276384843154f,-0.6052070373122446f,0.058876553183271285f,0f,0f,0f,1f],start_interpolation:0}
execute if entity @s[tag=aj.tultaria.bone.left_wing] run data modify entity @s {} merge value {transformation:[-0.37772108373408164f,0f,-0.9259194257076319f,-0.020500051775818706f,0f,1f,0f,1.5117722169927665f,0.9259194257076319f,0f,-0.37772108373408164f,-0.13824253280806437f,0f,0f,0f,1f],start_interpolation:0}
execute if entity @s[tag=aj.tultaria.bone.right_wing] run data modify entity @s {} merge value {transformation:[-0.9992678709756453f,0f,-0.0382586204116272f,-0.1228940573119427f,0f,1f,0f,1.5117722169927665f,0.0382586204116272f,0f,-0.9992678709756453f,-0.06654547826418361f,0f,0f,0f,1f],start_interpolation:0}
execute if entity @s[tag=aj.tultaria.bone.body] run data modify entity @s {} merge value {transformation:[-0.8191520442889919f,0f,-0.5735764363510459f,0.696364240320019f,0f,1f,0f,0.44927221699276654f,0.5735764363510459f,0f,-0.8191520442889919f,0.12278780396897299f,0f,0f,0f,1f],start_interpolation:0}
execute if entity @s[tag=aj.tultaria.bone.right_ring] run data modify entity @s {} merge value {transformation:[-0.1308920229270189f,0.35943680166048675f,0.9239439722981868f,-0.4762854269707472f,-0.2476481697039003f,0.8905627738708963f,-0.3815341791211934f,1.1690233176211833f,-0.9599675319386488f,-0.2787528141695697f,-0.027553696960015472f,0.3192087115721808f,0f,0f,0f,1f],start_interpolation:0}
execute if entity @s[tag=aj.tultaria.bone.sword] run data modify entity @s {} merge value {transformation:[-0.000005542202571582769f,0.0000035943680166048678f,-0.0000075076300665888805f,-0.58396228234922f,0.000004440531421600695f,0.000008905627738708964f,9.856344521750372e-7f,0.9896294253609504f,0.000007040289152394117f,-0.0000027875281416956973f,-0.000006531769707356214f,0.39198090310526174f,0f,0f,0f,1f],start_interpolation:0}
execute if entity @s[tag=aj.tultaria.bone.right_hand] run data modify entity @s {} merge value {transformation:[-0.5542202571582768f,0.35943680166048675f,-0.750763006658888f,-0.49050745858556694f,0.44405314216006947f,0.8905627738708963f,0.09856344521750372f,1.3174140740276519f,0.7040289152394116f,-0.2787528141695697f,-0.6531769707356213f,0.21441824335172105f,0f,0f,0f,1f],start_interpolation:0}
execute if entity @s[tag=aj.tultaria.bone.right_arm] run data modify entity @s {} merge value {transformation:[-0.5542202571582768f,0.41025783315991754f,-0.724243340933379f,-0.281583515224341f,0.44405314216006947f,0.8816669372059934f,0.15962524479408605f,1.6055222169927665f,0.7040289152394116f,-0.2331349870112422f,-0.6708139565766988f,0.19716689999567205f,0f,0f,0f,1f],start_interpolation:0}
execute if entity @s[tag=aj.tultaria.bone.left_ring] run data modify entity @s {} merge value {transformation:[0.30395037019550114f,-0.38455947828443693f,0.8716238753726399f,0.4740707430634279f,0.3709640058880951f,0.8904749166337403f,0.26351495058457386f,1.1726608331336155f,-0.8774963696753821f,0.24324561765370992f,0.4133179051272641f,-0.3480907510788883f,0f,0f,0f,1f],start_interpolation:0}
execute if entity @s[tag=aj.tultaria.bone.left_hand] run data modify entity @s {} merge value {transformation:[-0.8511252682576458f,-0.38455947828443693f,-0.3573510674322272f,0.38048166200971334f,-0.44405314216006947f,0.8904749166337403f,0.09935406274482309f,1.3211119822399646f,0.28000461544610233f,0.24324561765370992f,-0.9286705469762383f,-0.3971464870995185f,0f,0f,0f,1f],start_interpolation:0}
execute if entity @s[tag=aj.tultaria.bone.left_arm] run data modify entity @s {} merge value {transformation:[-0.8511252682576458f,-0.3593916698393163f,-0.3826531136466269f,0.281583515224341f,-0.44405314216006947f,0.8816669372059934f,0.15962524479408605f,1.6367722169927665f,0.28000461544610233f,0.3057793967681777f,-0.9099980087016508f,-0.19716689999567205f,0f,0f,0f,1f],start_interpolation:0}
execute if entity @s[tag=aj.tultaria.bone.leftfoot] run data modify entity @s {} merge value {transformation:[-0.8191520442889919f,-0.08400985228929217f,-0.5673907586976517f,0.23080282148264353f,0f,0.9892156001164447f,-0.14646670777436824f,0.5872601016816604f,0.5735764363510459f,-0.11997850309365213f,-0.8103179810779477f,0.11168973999825627f,0f,0f,0f,1f],start_interpolation:0}
execute if entity @s[tag=aj.tultaria.bone.leftleg] run data modify entity @s {} merge value {transformation:[-0.8191520442889919f,-0.12286292389449213f,-0.5602630009819154f,0.08984702099094485f,0f,0.9767887337669807f,-0.2142049709644912f,0.9492722169927665f,0.5735764363510459f,-0.17546643986242713f,-0.8001384881036782f,-0.08961600551270243f,0f,0f,0f,1f],start_interpolation:0}
execute if entity @s[tag=aj.tultaria.bone.rightfoot] run data modify entity @s {} merge value {transformation:[-0.8191520442889919f,0.03947804375074235f,-0.5722162287097247f,0.06034142702425252f,0f,0.997628550346359f,0.06882786887462128f,0.6361322146693833f,0.5735764363510459f,0.056380489492700636f,-0.8172094664572835f,0.3041073381812983f,0f,0f,0f,1f],start_interpolation:0}
execute if entity @s[tag=aj.tultaria.bone.rightleg] run data modify entity @s {} merge value {transformation:[-0.8191520442889919f,-0.21949819938655468f,-0.5299155298754942f,-0.11494099008130312f,0f,0.9238795325112867f,-0.3826834323650897f,0.9492722169927665f,0.5735764363510459f,-0.31347591593739144f,-0.7567978077333787f,0.05377810357505905f,0f,0f,0f,1f],start_interpolation:0}
execute if entity @s[tag=aj.tultaria.bone.skirt_right_back] run data modify entity @s {} merge value {transformation:[-0.835016690373984f,0.08682272661032053f,-0.5433313362404453f,-0.23899325741560118f,0.20539260321388314f,0.9652777998925068f,-0.16140832562078644f,0.9354213043250451f,0.5104517659308297f,-0.24637488341677818f,-0.8238558195943426f,-0.05808112806647803f,0f,0f,0f,1f],start_interpolation:0}
execute if entity @s[tag=aj.tultaria.bone.skirt_right] run data modify entity @s {} merge value {transformation:[-0.835016690373984f,-0.01305515251695085f,-0.5500697135724139f,-0.10956447501523732f,0.20539260321388314f,0.9200583316868678f,-0.33362635513190797f,0.9781685898258988f,0.5104517659308297f,-0.3915638253035344f,-0.7655826313153665f,0.19766334375777816f,0f,0f,0f,1f],start_interpolation:0}
execute if entity @s[tag=aj.tultaria.bone.skirt_left_back] run data modify entity @s {} merge value {transformation:[-0.7652602858333724f,-0.31752193836978304f,-0.5599611714932752f,0.02371282224720528f,-0.20539260321388317f,0.9448542996261229f,-0.25507691197568866f,0.9504468410054127f,0.610074236033001f,-0.08018834785630996f,-0.7882761289020653f,-0.24371317527292374f,0f,0f,0f,1f],start_interpolation:0}
execute if entity @s[tag=aj.tultaria.bone.skirt_left] run data modify entity @s {} merge value {transformation:[-0.7652602858333724f,-0.33451333255722016f,-0.5499795680456576f,0.22321604297716563f,-0.20539260321388317f,0.936603758143645f,-0.2838789861476626f,0.9781685898258988f,0.610074236033001f,-0.10427957888610359f,-0.7854522238532953f,-0.03535208350983425f,0f,0f,0f,1f],start_interpolation:0}
execute if entity @s[tag=aj.tultaria.bone.skirt_back_middle] run data modify entity @s {} merge value {transformation:[-0.8191520442889919f,-0.07356525539113189f,-0.568839240503328f,-0.07365889010586872f,0f,0.9917409510790666f,-0.12825710878071667f,0.97599881882899f,0.5735764363510459f,-0.10506207285231967f,-0.8123866274815265f,-0.10519579708353291f,0f,0f,0f,1f],start_interpolation:0}
execute if entity @s[tag=aj.tultaria.bone.skirt_front_middle] run data modify entity @s {} merge value {transformation:[-0.8191520442889919f,-0.21014057175901824f,-0.5336954828719823f,0.09820972490839927f,0f,0.9304696794506124f,-0.3663689064632458f,1.0647110020001345f,0.5735764363510459f,-0.3001118386932903f,-0.7621961400708922f,0.1402580228706219f,0f,0f,0f,1f],start_interpolation:0}
execute if entity @s[tag=aj.tultaria.bone.lower] run data modify entity @s {} merge value {transformation:[-0.8191520442889919f,0f,-0.5735764363510459f,0f,0f,1f,0f,1.0430222169927665f,0.5735764363510459f,0f,-0.8191520442889919f,0f,0f,0f,0f,1f],start_interpolation:0}