execute if entity @s[tag=aj.tultaria.bone.head] run data modify entity @s {} merge value {transformation:[-0.984807753012208f,0.030153689607045765f,-0.17101007166283427f,0f,0f,0.984807753012208f,0.17364817766693036f,1.5970278979321593f,0.1736481776669302f,0.17101007166283436f,-0.9698463103929542f,0f,0f,0f,0f,1f],start_interpolation:0}
execute if entity @s[tag=aj.tultaria.bone.bust] run data modify entity @s {} merge value {transformation:[-0.8191520442889919f,-0.3550889659797127f,-0.4504461727849665f,0.04122580636273154f,0f,0.7853289365417375f,-0.6190787198977393f,1.4876528979321593f,0.5735764363510459f,-0.5071195989800453f,-0.6433038038074643f,0.058876553183271285f,0f,0f,0f,1f],start_interpolation:0}
execute if entity @s[tag=aj.tultaria.bone.left_wing] run data modify entity @s {} merge value {transformation:[-0.4324937772504221f,0f,-0.9016369184098787f,-0.020500051775818706f,0f,1f,0f,1.3782778979321593f,0.9016369184098787f,0f,-0.4324937772504221f,-0.13824253280806437f,0f,0f,0f,1f],start_interpolation:0}
execute if entity @s[tag=aj.tultaria.bone.right_wing] run data modify entity @s {} merge value {transformation:[-0.9951831425405584f,0f,-0.09803322295578465f,-0.1228940573119427f,0f,1f,0f,1.3782778979321593f,0.09803322295578465f,0f,-0.9951831425405584f,-0.06654547826418361f,0f,0f,0f,1f],start_interpolation:0}
execute if entity @s[tag=aj.tultaria.bone.body] run data modify entity @s {} merge value {transformation:[-0.8191520442889919f,0f,-0.5735764363510459f,0.696364240320019f,0f,1f,0f,0.31577789793215927f,0.5735764363510459f,0f,-0.8191520442889919f,0.12278780396897299f,0f,0f,0f,1f],start_interpolation:0}
execute if entity @s[tag=aj.tultaria.bone.right_ring] run data modify entity @s {} merge value {transformation:[0.8078084831475206f,0.2786882557129283f,-0.5194018778196584f,-0.46005311957082995f,-0.07635345594897587f,0.9232201693607361f,0.37660943781347467f,1.0334040385522159f,0.5844789169162132f,-0.26457017030122476f,0.7670638960785675f,0.28590522017364783f,0f,0f,0f,1f],start_interpolation:0}
execute if entity @s[tag=aj.tultaria.bone.sword] run data modify entity @s {} merge value {transformation:[-0.000005785380143232713f,0.0000027868825571292836f,-0.000007665680805450825f,-0.5510731147141522f,0.00000381276075000332f,0.000009232201693607363f,4.788604721497575e-7f,0.8441127233360493f,0.00000721056392118694f,-0.000002645701703012248f,-0.0000064037512785206865f,0.3563070958080613f,0f,0f,0f,1f],start_interpolation:0}
execute if entity @s[tag=aj.tultaria.bone.right_hand] run data modify entity @s {} merge value {transformation:[-0.5785380143232712f,0.2786882557129283f,-0.7665680805450824f,-0.4883738371667864f,0.38127607500033195f,0.9232201693607361f,0.04788604721497575f,1.182146506941235f,0.721056392118694f,-0.26457017030122476f,-0.6403751278520686f,0.18453096282795f,0f,0f,0f,1f],start_interpolation:0}
execute if entity @s[tag=aj.tultaria.bone.right_arm] run data modify entity @s {} merge value {transformation:[-0.5785380143232712f,0.4091284660080951f,-0.7056257253564027f,-0.281583515224341f,0.38127607500033195f,0.9004181812404182f,0.20946516064500717f,1.4720278979321593f,0.721056392118694f,-0.14785464887368388f,-0.6769170423258761f,0.19716689999567205f,0f,0f,0f,1f],start_interpolation:0}
execute if entity @s[tag=aj.tultaria.bone.left_ring] run data modify entity @s {} merge value {transformation:[0.43000086678725785f,-0.3431571823880987f,-0.835070298081346f,0.4346774487734773f,-0.009860996601417739f,0.9231086881352376f,-0.3844126827190635f,1.0363362333798896f,0.902774620438697f,0.17353241214453752f,0.3935536642277196f,-0.3453282263021006f,0f,0f,0f,1f],start_interpolation:0}
execute if entity @s[tag=aj.tultaria.bone.left_hand] run data modify entity @s {} merge value {transformation:[-0.8754430254226402f,-0.3431571823880987f,-0.34035666206835963f,0.34915070195642817f,-0.38127607500033195f,0.9231086881352376f,0.04998904401548185f,1.1852584387774718f,0.2970320923253845f,0.17353241214453752f,-0.9389666863441442f,-0.4062419137492801f,0f,0f,0f,1f],start_interpolation:0}
execute if entity @s[tag=aj.tultaria.bone.left_arm] run data modify entity @s {} merge value {transformation:[-0.8754430254226402f,-0.27886809907819204f,-0.394755737837172f,0.281583515224341f,-0.38127607500033195f,0.9004181812404182f,0.20946516064500717f,1.5032778979321593f,0.2970320923253845f,0.3338857322621214f,-0.8945905509899996f,-0.19716689999567205f,0f,0f,0f,1f],start_interpolation:0}
execute if entity @s[tag=aj.tultaria.bone.leftfoot] run data modify entity @s {} merge value {transformation:[-0.8191520442889919f,0.018794687785244985f,-0.5732684258253027f,0.2155204192525334f,0f,0.9994630000358754f,0.032767538193884366f,0.43704532403721535f,0.5735764363510459f,0.026841595897838008f,-0.8187121596705962f,0.08986420771509324f,0f,0f,0f,1f],start_interpolation:0}
execute if entity @s[tag=aj.tultaria.bone.leftleg] run data modify entity @s {} merge value {transformation:[-0.8191520442889919f,-0.08229297874949626f,-0.5676423116591119f,0.08984702099094485f,0f,0.9896541693210317f,-0.1434734301029244f,0.8157778979321593f,0.5735764363510459f,-0.11752655356996432f,-0.8106772359384472f,-0.08961600551270243f,0f,0f,0f,1f],start_interpolation:0}
execute if entity @s[tag=aj.tultaria.bone.rightfoot] run data modify entity @s {} merge value {transformation:[-0.8191520442889919f,0.10084902855061492f,-0.5646409494338528f,0.06034142702425252f,0f,0.9844214539669054f,0.17582491566807018f,0.502637895608776f,0.5735764363510459f,0.14402733910643933f,-0.8063908464589322f,0.3041073381812983f,0f,0f,0f,1f],start_interpolation:0}
execute if entity @s[tag=aj.tultaria.bone.rightleg] run data modify entity @s {} merge value {transformation:[-0.8191520442889919f,-0.21949819938655468f,-0.5299155298754942f,-0.11494099008130312f,0f,0.9238795325112867f,-0.3826834323650897f,0.8157778979321593f,0.5735764363510459f,-0.31347591593739144f,-0.7567978077333787f,0.05377810357505905f,0f,0f,0f,1f],start_interpolation:0}
execute if entity @s[tag=aj.tultaria.bone.skirt_right_back] run data modify entity @s {} merge value {transformation:[-0.8263773878018095f,0.04112433330799416f,-0.561613035941858f,-0.2462093608191353f,0.14083812689880473f,0.9807272921056397f,-0.13542008909602438f,0.8077631948897573f,0.5452201710699026f,-0.19100462750706337f,-0.8162427318692608f,-0.05725039421685024f,0f,0f,0f,1f],start_interpolation:0}
execute if entity @s[tag=aj.tultaria.bone.skirt_right] run data modify entity @s {} merge value {transformation:[-0.8263773878018095f,-0.06801356005546981f,-0.5589942473571966f,-0.11056567461526344f,0.14083812689880473f,0.9361676576937485f,-0.3221098239728749f,0.8442472957418568f,0.5452201710699026f,-0.3449119776649998f,-0.7640488811075667f,0.19623348254464984f,0f,0f,0f,1f],start_interpolation:0}
execute if entity @s[tag=aj.tultaria.bone.skirt_left_back] run data modify entity @s {} merge value {transformation:[-0.7949770840750849f,-0.18094408926493538f,-0.5790256232288502f,0.024902550986315775f,-0.14083812689880473f,0.983451763100419f,-0.11396162365600804f,0.8469054827605359f,0.5900644522483213f,-0.009047995068551168f,-0.8073054415635559f,-0.2490204151124087f,0f,0f,0f,1f],start_interpolation:0}
execute if entity @s[tag=aj.tultaria.bone.skirt_left] run data modify entity @s {} merge value {transformation:[-0.7949770840750849f,-0.22582340504555426f,-0.5630410513711295f,0.22221484337713948f,-0.14083812689880473f,0.9714763171465131f,-0.19078361364405444f,0.8442472957418568f,0.5900644522483213f,-0.07237095382181441f,-0.8041059552296633f,-0.03678194472296255f,0f,0f,0f,1f],start_interpolation:0}
execute if entity @s[tag=aj.tultaria.bone.skirt_back_middle] run data modify entity @s {} merge value {transformation:[-0.8191520442889919f,-0.03250654183277729f,-0.5726545669731792f,-0.07417995718325475f,0f,0.9983927697871771f,-0.05667342619507876f,0.863865387558228f,0.5735764363510459f,-0.046424152924560064f,-0.8178354783745149f,-0.10593995799148073f,0f,0f,0f,1f],start_interpolation:0}
execute if entity @s[tag=aj.tultaria.bone.skirt_front_middle] run data modify entity @s {} merge value {transformation:[-0.8191520442889919f,-0.15808483593149772f,-0.551361145698241f,0.10177037137022318f,0f,0.9612688226975759f,-0.2756125006410568f,0.923485266821995f,0.5735764363510459f,-0.22576854333172278f,-0.7874253212239917f,0.14534315301778908f,0f,0f,0f,1f],start_interpolation:0}
execute if entity @s[tag=aj.tultaria.bone.lower] run data modify entity @s {} merge value {transformation:[-0.8191520442889919f,0f,-0.5735764363510459f,0f,0f,1f,0f,0.9095278979321593f,0.5735764363510459f,0f,-0.8191520442889919f,0f,0f,0f,0f,1f],start_interpolation:0}