execute if entity @s[tag=aj.axia.bone.wing_right_1] run data modify entity @s {} merge value {transformation:[-0.7643523671257915f,-0.13477594509265894f,-0.25405776496305743f,0.02996199170154394f,-0.08212123001205375f,0.793683213472936f,-0.17397558643966574f,1.0670684930601722f,0.27561931517031046f,-0.13728381448699192f,-0.7563938073711304f,-0.3670650838754674f,0f,0f,0f,1f],start_interpolation:0}
execute if entity @s[tag=aj.axia.bone.wing_right_2] run data modify entity @s {} merge value {transformation:[-0.735248959739933f,0.1935748965308802f,-0.2488729126168726f,0.02996199170154394f,0.25244607808542946f,0.7397474400960969f,-0.17042506426742768f,1.0670684930601722f,0.188891357294694f,-0.2351648024350809f,-0.7409571990574338f,-0.3670650838754674f,0f,0f,0f,1f],start_interpolation:0}
execute if entity @s[tag=aj.axia.bone.wing_left_1] run data modify entity @s {} merge value {transformation:[-0.7643523671257915f,0.134775945092659f,0.2540577649630576f,-0.029961991701543844f,0.08212123001205375f,0.793683213472936f,-0.17397558643966574f,1.0670684930601722f,-0.27561931517031063f,-0.1372838144869919f,-0.7563938073711304f,-0.3670650838754673f,0f,0f,0f,1f],start_interpolation:0}
execute if entity @s[tag=aj.axia.bone.wing_left_2] run data modify entity @s {} merge value {transformation:[-0.735248959739933f,-0.19357489653088014f,0.24887291261687278f,-0.029961991701543844f,-0.25244607808542946f,0.7397474400960969f,-0.17042506426742768f,1.0670684930601722f,-0.18889135729469417f,-0.23516480243508092f,-0.7409571990574338f,-0.3670650838754673f,0f,0f,0f,1f],start_interpolation:0}
execute if entity @s[tag=aj.axia.bone.blade] run data modify entity @s {} merge value {transformation:[-0.2314583230588955f,1.9768310366620943f,0.19638252767553538f,-0.050955961264622346f,1.6346285438954142f,0.0771680592865926f,1.1497976405038839f,0.9914146304381377f,1.1289006015452028f,0.2935713594944326f,-1.6246228142912036f,0.4050708239318815f,0f,0f,0f,1f],start_interpolation:0}
execute if entity @s[tag=aj.axia.bone.arm_right_2] run data modify entity @s {} merge value {transformation:[0.37222345166631604f,-0.9276855101473644f,0.029142688486784658f,-0.2950083526087133f,-0.5250851860779564f,-0.23636794725756446f,-0.8175669641507803f,1.1258018207200626f,0.7653334236730367f,0.28901520335765957f,-0.575095611909045f,0.20168841908747215f,0f,0f,0f,1f],start_interpolation:0}
execute if entity @s[tag=aj.axia.bone.arm_right_1] run data modify entity @s {} merge value {transformation:[0.00877861732169406f,-0.9995367124751754f,0.029142688486784658f,-0.2984375f,-0.5751084545560639f,-0.028888139909186126f,-0.8175669641507803f,1.350453560781025f,0.8180300736379167f,-0.00958309902410464f,-0.575095611909045f,-0.11785457842733903f,0f,0f,0f,1f],start_interpolation:0}
execute if entity @s[tag=aj.axia.bone.arm_left_2] run data modify entity @s {} merge value {transformation:[0.4722425831338507f,0.8814686282969034f,0.0000018557352125725395f,0.337259335696731f,0.5433900262279755f,-0.2911169384997661f,-0.787386949037437f,1.1229905873287913f,-0.6940563536709599f,0.3718386551273268f,-0.6164590760805398f,0.2214616360574968f,0f,0f,0f,1f],start_interpolation:0}
execute if entity @s[tag=aj.axia.bone.arm_left_1] run data modify entity @s {} merge value {transformation:[-0.011857642655301441f,0.9999296956822592f,0.0000018557352125725395f,0.3359375f,0.6164157190217334f,0.007311212514765326f,-0.787386949037437f,1.35416932950105f,-0.7873316059028617f,-0.009335409168778666f,-0.6164590760805398f,-0.07381688930972874f,0f,0f,0f,1f],start_interpolation:0}
execute if entity @s[tag=aj.axia.bone.ear_edge_a1] run data modify entity @s {} merge value {transformation:[-0.9697143913470152f,0.24201835955424778f,0.032880280612524966f,0.20295701476166877f,0.24343206926401317f,0.9467498213385375f,0.21072637103430572f,1.9901579553174482f,0.01987025083707343f,0.21234850937578542f,-0.976991956823368f,-0.04537994785232853f,0f,0f,0f,1f],start_interpolation:0}
execute if entity @s[tag=aj.axia.bone.ear_edge_a2] run data modify entity @s {} merge value {transformation:[-0.9956356106475406f,0.08734195988950895f,0.032880280612524966f,0.08915489339499746f,0.09233071471098554f,0.9731749255255556f,0.21072637103430572f,2.010600126008624f,-0.013593010389813247f,0.21284253891313334f,-0.976991956823368f,-0.04480076318552904f,0f,0f,0f,1f],start_interpolation:0}
execute if entity @s[tag=aj.axia.bone.ear_edge_b1] run data modify entity @s {} merge value {transformation:[-0.9497453360894159f,0.2952173497650128f,0.1040697505239852f,0.06806465409911648f,0.29645737154424273f,0.741590655257538f,0.6017942562801462f,2.0184906958875115f,0.10048295095926098f,0.6024035328850732f,-0.7918416256639338f,-0.10025366993172569f,0f,0f,0f,1f],start_interpolation:0}
execute if entity @s[tag=aj.axia.bone.ear_edge_b2] run data modify entity @s {} merge value {transformation:[-0.9944886688204915f,-0.012719064962574606f,0.1040697505239852f,0.0975338740724155f,0.0527835996666533f,0.7969049910211732f,0.6017942562801462f,2.0232537334148692f,-0.09058796384662364f,0.6039707448809268f,-0.7918416256639338f,-0.09276072840797889f,0f,0f,0f,1f],start_interpolation:0}
execute if entity @s[tag=aj.axia.bone.ear_right_2] run data modify entity @s {} merge value {transformation:[-0.984234563171211f,0.14300983072869783f,0.1040697505239852f,0.16410161566584688f,0.17679715192368206f,0.7788365940169351f,0.6017942562801462f,2.118681444347923f,0.005009164685833511f,0.6107059424428822f,-0.7918416256639338f,-0.05095244816975663f,0f,0f,0f,1f],start_interpolation:0}
execute if entity @s[tag=aj.axia.bone.ear_right_1] run data modify entity @s {} merge value {transformation:[-0.984234563171211f,0.17378495851487533f,0.032880280612524966f,0.125f,0.17679715192368206f,0.9614245491053297f,0.21072637103430572f,1.9023609207992243f,0.005009164685833511f,0.2132173177103503f,-0.976991956823368f,-0.09892634465458537f,0f,0f,0f,1f],start_interpolation:0}
execute if entity @s[tag=aj.axia.bone.ear_edge_a3] run data modify entity @s {} merge value {transformation:[-0.9882680080994483f,-0.15190684949376065f,-0.015832032214111662f,-0.19426109000460617f,-0.15196120934826962f,0.967613026427141f,0.2015758466233496f,1.9976714887845743f,-0.015301471189401974f,0.2016168151851148f,-0.9793449467955871f,-0.0462800810366058f,0f,0f,0f,1f],start_interpolation:0}
execute if entity @s[tag=aj.axia.bone.ear_edge_a4] run data modify entity @s {} merge value {transformation:[-0.9998642557195097f,0.004562553061883939f,-0.015832032214111662f,-0.07904573515077533f,0.0012777114590658417f,0.9794720749013253f,0.2015758466233496f,2.0073948305716804f,0.016426733938873783f,0.2015282550861052f,-0.9793449467955871f,-0.04614131721944152f,0f,0f,0f,1f],start_interpolation:0}
execute if entity @s[tag=aj.axia.bone.ear_edge_b3] run data modify entity @s {} merge value {transformation:[-0.9714430938921493f,-0.23635524091002885f,-0.020845033547850115f,-0.05671190867112891f,-0.23350617736492185f,0.9367345104877337f,0.26077446576251945f,2.003006939281509f,-0.042109149381938576f,0.2581949979292163f,-0.9651746798288182f,-0.05506224043011543f,0f,0f,0f,1f],start_interpolation:0}
execute if entity @s[tag=aj.axia.bone.ear_edge_b4] run data modify entity @s {} merge value {transformation:[-0.9969350708068371f,0.07540523305285803f,-0.020845033547850115f,-0.0857557419443877f,0.06738931138012631f,0.9630448373352015f,0.26077446576251945f,2.0126634291923193f,0.03973846130739346f,0.2585704780330872f,-0.9651746798288182f,-0.05182594989965316f,0f,0f,0f,1f],start_interpolation:0}
execute if entity @s[tag=aj.axia.bone.ear_left_2] run data modify entity @s {} merge value {transformation:[-0.9964571230601588f,-0.08147813497534526f,-0.020845033547850115f,-0.14358471215391283f,-0.08409376680740242f,0.9617301681814991f,0.26077446576251945f,2.121928576562516f,-0.0012001194997992202f,0.26160351131153536f,-0.9651746798288182f,-0.053432905382876074f,0f,0f,0f,1f],start_interpolation:0}
execute if entity @s[tag=aj.axia.bone.ear_left_1] run data modify entity @s {} merge value {transformation:[-0.9964571230601588f,-0.08259872068405726f,-0.015832032214111662f,-0.12499999999999999f,-0.08409376680740242f,0.9758562478368533f,0.2015758466233496f,1.9023609207992243f,-0.0012001194997992202f,0.20219306342981955f,-0.9793449467955871f,-0.0989263446545854f,0f,0f,0f,1f],start_interpolation:0}
execute if entity @s[tag=aj.axia.bone.head] run data modify entity @s {} merge value {transformation:[-1f,-3.389368810607916e-18f,1.2241776834138194e-16f,1.0026479388026961e-17f,0f,0.9996169379335655f,0.027676296651146542f,1.3891923558379233f,-1.2246467991473532e-16f,0.027676296651146542f,-0.9996169379335655f,-0.08187241737787407f,0f,0f,0f,1f],start_interpolation:0}
execute if entity @s[tag=aj.axia.bone.body_1] run data modify entity @s {} merge value {transformation:[-1f,2.745092636965775e-17f,1.193484162779976e-16f,-2.676180005946953e-19f,0f,0.9745537763303888f,-0.22415382450491156f,1.0237346897140276f,-1.2246467991473532e-16f,-0.22415382450491156f,-0.9745537763303888f,0.002185266811467773f,0f,0f,0f,1f],start_interpolation:0}
execute if entity @s[tag=aj.axia.bone.leg_left_2] run data modify entity @s {} merge value {transformation:[-0.9763825861650424f,-0.1354996708198181f,-0.16827621531691445f,0.18314104240572532f,-0.07024160490616811f,0.9356565979261041f,-0.3458509038553383f,0.7931854561277597f,0.20431143476043964f,-0.3258628085023967f,-0.9230765231881163f,0.45812653408201554f,0f,0f,0f,1f],start_interpolation:0}
execute if entity @s[tag=aj.axia.bone.leg_left_1] run data modify entity @s {} merge value {transformation:[-0.9763825861650424f,-0.2073628183524938f,0.0606441011028631f,0.12499999999999999f,-0.07024160490616811f,0.03923158507001123f,-0.9967582453499444f,0.7296731683068486f,0.20431143476043964f,-0.9774771323656657f,-0.052870533648956775f,0.15844136743419937f,0f,0f,0f,1f],start_interpolation:0}
execute if entity @s[tag=aj.axia.bone.leg_right_2] run data modify entity @s {} merge value {transformation:[-0.9718469864732346f,0.17790967320227008f,0.15447194911683507f,-0.1968826862450418f,0.14851492793180388f,0.9715329138712157f,-0.1845727863102144f,0.6527989895983135f,-0.1829118669313276f,-0.15643511576997798f,-0.9706035768993073f,0.4741023451954139f,0f,0f,0f,1f],start_interpolation:0}
execute if entity @s[tag=aj.axia.bone.leg_right_1] run data modify entity @s {} merge value {transformation:[-0.9718469864732346f,0.22669583459577897f,-0.06420617929620039f,-0.12500000000000003f,0.14851492793180388f,0.3778507996693989f,-0.9138775023878237f,0.7322681918694107f,-0.1829118669313276f,-0.8976846727922443f,-0.40088087653263943f,0.15670025350635097f,0f,0f,0f,1f],start_interpolation:0}
execute if entity @s[tag=aj.axia.bone.coat_downer] run data modify entity @s {} merge value {transformation:[-1f,6.823198715809122e-17f,1.0169559358731652e-16f,-0.007812500000000016f,0f,0.830407540019873f,-0.5571564569114702f,0.7802761277768097f,-1.2246467991473532e-16f,-0.5571564569114702f,-0.830407540019873f,0.1244896458411566f,0f,0f,0f,1f],start_interpolation:0}
execute if entity @s[tag=aj.axia.bone.body_2] run data modify entity @s {} merge value {transformation:[-1f,6.823198715809122e-17f,1.0169559358731652e-16f,0f,0f,0.830407540019873f,-0.5571564569114702f,0.9658203125f,-1.2246467991473532e-16f,-0.5571564569114702f,-0.830407540019873f,0f,0f,0f,0f,1f],start_interpolation:0}