execute if entity @s[tag=aj.axia.bone.wing_right_1] run data modify entity @s {} merge value {transformation:[-0.7643523671257915f,-0.13477594509265894f,-0.25405776496305743f,0.02996199170154394f,-0.08212123001205375f,0.793683213472936f,-0.17397558643966574f,1.0670684930601722f,0.27561931517031046f,-0.13728381448699192f,-0.7563938073711304f,-0.3670650838754673f,0f,0f,0f,1f],start_interpolation:0}
execute if entity @s[tag=aj.axia.bone.wing_right_2] run data modify entity @s {} merge value {transformation:[-0.735248959739933f,0.1935748965308802f,-0.2488729126168726f,0.02996199170154394f,0.25244607808542946f,0.7397474400960969f,-0.17042506426742768f,1.0670684930601722f,0.188891357294694f,-0.2351648024350809f,-0.7409571990574338f,-0.3670650838754673f,0f,0f,0f,1f],start_interpolation:0}
execute if entity @s[tag=aj.axia.bone.wing_left_1] run data modify entity @s {} merge value {transformation:[-0.7643523671257915f,0.134775945092659f,0.2540577649630576f,-0.029961991701543844f,0.08212123001205375f,0.793683213472936f,-0.17397558643966574f,1.0670684930601722f,-0.27561931517031063f,-0.1372838144869919f,-0.7563938073711304f,-0.3670650838754673f,0f,0f,0f,1f],start_interpolation:0}
execute if entity @s[tag=aj.axia.bone.wing_left_2] run data modify entity @s {} merge value {transformation:[-0.735248959739933f,-0.19357489653088014f,0.24887291261687278f,-0.029961991701543844f,-0.25244607808542946f,0.7397474400960969f,-0.17042506426742768f,1.0670684930601722f,-0.18889135729469417f,-0.23516480243508092f,-0.7409571990574338f,-0.3670650838754673f,0f,0f,0f,1f],start_interpolation:0}
execute if entity @s[tag=aj.axia.bone.blade] run data modify entity @s {} merge value {transformation:[-0.2314583230588955f,1.9768310366620943f,0.19638252767553538f,-0.050955961264622346f,1.6346285438954138f,0.07716805928659257f,1.1497976405038839f,0.9914146304381377f,1.128900601545203f,0.2935713594944326f,-1.6246228142912031f,0.40507082393188143f,0f,0f,0f,1f],start_interpolation:0}
execute if entity @s[tag=aj.axia.bone.arm_right_2] run data modify entity @s {} merge value {transformation:[0.37222345166631604f,-0.9276855101473644f,0.029142688486784658f,-0.2950083526087133f,-0.5250851860779564f,-0.23636794725756446f,-0.8175669641507801f,1.1258018207200626f,0.7653334236730366f,0.28901520335765946f,-0.5750956119090451f,0.20168841908747215f,0f,0f,0f,1f],start_interpolation:0}
execute if entity @s[tag=aj.axia.bone.arm_right_1] run data modify entity @s {} merge value {transformation:[0.00877861732169406f,-0.9995367124751754f,0.029142688486784658f,-0.2984375f,-0.5751084545560639f,-0.02888813990918614f,-0.8175669641507801f,1.350453560781025f,0.8180300736379166f,-0.009583099024104692f,-0.5750956119090451f,-0.11785457842733903f,0f,0f,0f,1f],start_interpolation:0}
execute if entity @s[tag=aj.axia.bone.arm_left_2] run data modify entity @s {} merge value {transformation:[0.4722425831338503f,0.8814686282969034f,0.0000018557352126835619f,0.3372593356967311f,0.5433900262279757f,-0.2911169384997658f,-0.787386949037437f,1.1229905873287913f,-0.6940563536709597f,0.37183865512732667f,-0.6164590760805398f,0.22146163605749675f,0f,0f,0f,1f],start_interpolation:0}
execute if entity @s[tag=aj.axia.bone.arm_left_1] run data modify entity @s {} merge value {transformation:[-0.011857642655301774f,0.9999296956822591f,0.0000018557352126835619f,0.3359375f,0.6164157190217333f,0.00731121251476565f,-0.787386949037437f,1.35416932950105f,-0.7873316059028616f,-0.00933540916877874f,-0.6164590760805398f,-0.07381688930972874f,0f,0f,0f,1f],start_interpolation:0}
execute if entity @s[tag=aj.axia.bone.ear_edge_a1] run data modify entity @s {} merge value {transformation:[-0.9733594299789721f,0.2266275281781156f,0.03480493561102999f,0.2013459428349177f,0.22834522533080315f,0.9444115161256201f,0.23652768607064217f,1.9898886037064838f,0.020733502830811504f,0.23817399455269023f,-0.9710011689896052f,-0.04268548967545374f,0f,0f,0f,1f],start_interpolation:0}
execute if entity @s[tag=aj.axia.bone.ear_edge_a2] run data modify entity @s {} merge value {transformation:[-0.9968281163324935f,0.07157040551879627f,0.03480493561102999f,0.08724752669661648f,0.077795406386859f,0.9685053063701672f,0.23652768607064217f,2.0086094671948533f,-0.016780382418656155f,0.2384851118764101f,-0.9710011689896052f,-0.04221503247136031f,0f,0f,0f,1f],start_interpolation:0}
execute if entity @s[tag=aj.axia.bone.ear_edge_b1] run data modify entity @s {} merge value {transformation:[-0.9550087152783259f,0.27836665845424147f,0.10232476339313587f,0.0665400211213681f,0.27705429747037014f,0.7142487979506615f,0.6427204453564821f,2.0189715309737832f,0.10582660343997263f,0.6421531422387146f,-0.7592365059171643f,-0.1004211658576726f,0f,0f,0f,1f],start_interpolation:0}
execute if entity @s[tag=aj.axia.bone.ear_edge_b2] run data modify entity @s {} merge value {transformation:[-0.9942872899138421f,-0.030371498354974463f,0.10232476339313587f,0.09586298023029517f,0.04277927819813883f,0.7649054598299136f,0.6427204453564821f,2.023777758057956f,-0.09778915314406655f,0.6434261493054678f,-0.7592365059171643f,-0.0924005751492803f,0f,0f,0f,1f],start_interpolation:0}
execute if entity @s[tag=aj.axia.bone.ear_right_2] run data modify entity @s {} merge value {transformation:[-0.9867971125474699f,0.12554322548236013f,0.10232476339313587f,0.16058990451248187f,0.16191017071022182f,0.7487960508318351f,0.6427204453564821f,2.1179198161413018f,0.004068819062429677f,0.6508020995618661f,-0.7592365059171643f,-0.045142319742949f,0f,0f,0f,1f],start_interpolation:0}
execute if entity @s[tag=aj.axia.bone.ear_right_1] run data modify entity @s {} merge value {transformation:[-0.9867971125474699f,0.15817735338880853f,0.03480493561102999f,0.125f,0.16191017071022182f,0.9580395348536795f,0.23652768607064217f,1.9023609207992243f,0.004068819062429677f,0.23904011071838424f,-0.9710011689896052f,-0.09892634465458537f,0f,0f,0f,1f],start_interpolation:0}
execute if entity @s[tag=aj.axia.bone.ear_edge_a3] run data modify entity @s {} merge value {transformation:[-0.9859350993225889f,-0.16658788539528002f,-0.013433404754030402f,-0.19587626370979566f,-0.16579699332594494f,0.9647885078432595f,0.20419229206229453f,1.9965340366677236f,-0.02105556762077752f,0.20354756587369413f,-0.9788386238288009f,-0.04638291955298316f,0f,0f,0f,1f],start_interpolation:0}
execute if entity @s[tag=aj.axia.bone.ear_edge_a4] run data modify entity @s {} merge value {transformation:[-0.9998566889184242f,-0.010302682262400997f,-0.013433404754030402f,-0.0808115831041473f,-0.012829583112342793f,0.978846724293191f,0.20419229206229453f,2.0078760254514227f,0.011045515934038033f,0.20433537402684318f,-0.9788386238288009f,-0.04559603166353042f,0f,0f,0f,1f],start_interpolation:0}
execute if entity @s[tag=aj.axia.bone.ear_edge_b3] run data modify entity @s {} merge value {transformation:[-0.9678176457222416f,-0.25091523095656043f,-0.019249714353039467f,-0.05837156267062331f,-0.2470635287066259f,0.9328436076101828f,0.262225888355535f,2.003826464556487f,-0.047839496356963426f,0.25854274427033375f,-0.9648145065106953f,-0.05427177163855666f,0f,0f,0f,1f],start_interpolation:0}
execute if entity @s[tag=aj.axia.bone.ear_edge_b4] run data modify entity @s {} merge value {transformation:[-0.9979863490626644f,0.06043753454518455f,-0.019249714353039467f,-0.0875655939192451f,0.05329314893027021f,0.9635338207625338f,0.262225888355535f,2.0130677024921546f,0.03439603700530086f,0.26067197905577244f,-0.9648145065106953f,-0.051177634299835115f,0f,0f,0f,1f],start_interpolation:0}
execute if entity @s[tag=aj.axia.bone.ear_left_2] run data modify entity @s {} merge value {transformation:[-0.9951539944272292f,-0.09642601242847634f,-0.019249714353039467f,-0.14691651420721108f,-0.09809287596712853f,0.960008005779456f,0.262225888355535f,2.1215117634557354f,-0.006805516881753475f,0.2628434000816746f,-0.9648145065106953f,-0.05290923296832112f,0f,0f,0f,1f],start_interpolation:0}
execute if entity @s[tag=aj.axia.bone.ear_left_1] run data modify entity @s {} merge value {transformation:[-0.9951539944272292f,-0.09740672980982722f,-0.013433404754030402f,-0.12499999999999999f,-0.09809287596712853f,0.9740037451400504f,0.20419229206229453f,1.9023609207992243f,-0.006805516881753475f,0.20452049638339712f,-0.9788386238288009f,-0.0989263446545854f,0f,0f,0f,1f],start_interpolation:0}
execute if entity @s[tag=aj.axia.bone.head] run data modify entity @s {} merge value {transformation:[-1f,-3.389368810607916e-18f,1.2241776834138194e-16f,1.0026479388026961e-17f,0f,0.9996169379335655f,0.027676296651146542f,1.3891923558379233f,-1.2246467991473532e-16f,0.027676296651146542f,-0.9996169379335655f,-0.08187241737787407f,0f,0f,0f,1f],start_interpolation:0}
execute if entity @s[tag=aj.axia.bone.body_1] run data modify entity @s {} merge value {transformation:[-1f,2.745092636965775e-17f,1.193484162779976e-16f,-2.6761800059469606e-19f,0f,0.9745537763303888f,-0.22415382450491156f,1.0237346897140276f,-1.2246467991473532e-16f,-0.22415382450491156f,-0.9745537763303888f,0.0021852668114677766f,0f,0f,0f,1f],start_interpolation:0}
execute if entity @s[tag=aj.axia.bone.leg_left_2] run data modify entity @s {} merge value {transformation:[-0.9763825861650424f,-0.1489306342331546f,-0.15651425372972874f,0.18510619689115668f,-0.07024160490616813f,0.9039071208589531f,-0.4219218337567798f,0.7690505097448684f,0.20431143476043961f,-0.4009633188302743f,-0.8930202990854923f,0.4592202822156074f,0f,0f,0f,1f],start_interpolation:0}
execute if entity @s[tag=aj.axia.bone.leg_left_1] run data modify entity @s {} merge value {transformation:[-0.9763825861650424f,-0.20949451329018895f,0.05281187683628031f,0.12499999999999999f,-0.07024160490616813f,0.07664634242034052f,-0.9945810450304137f,0.7296731683068486f,0.20431143476043961f,-0.9748012038846128f,-0.08955138486500291f,0.15844136743419937f,0f,0f,0f,1f],start_interpolation:0}
execute if entity @s[tag=aj.axia.bone.leg_right_2] run data modify entity @s {} merge value {transformation:[-0.9718469864732346f,0.19502745185527778f,0.13220335814845982f,-0.20395324585904923f,0.14851492793180393f,0.9426657438812649f,-0.29887223272527785f,0.6012370608356308f,-0.18291186693132763f,-0.2708239065068275f,-0.9450913503995673f,0.4698040233103864f,0f,0f,0f,1f],start_interpolation:0}
execute if entity @s[tag=aj.axia.bone.leg_right_1] run data modify entity @s {} merge value {transformation:[-0.9718469864732346f,0.23171865371129352f,-0.04266029072941558f,-0.12500000000000003f,0.14851492793180393f,0.46190182636929866f,-0.8744083822666142f,0.7322681918694107f,-0.18291186693132763f,-0.856126841255974f,-0.48331157715987355f,0.15670025350635097f,0f,0f,0f,1f],start_interpolation:0}
execute if entity @s[tag=aj.axia.bone.coat_downer] run data modify entity @s {} merge value {transformation:[-1f,6.823198715809122e-17f,1.0169559358731652e-16f,-0.007812500000000016f,0f,0.830407540019873f,-0.5571564569114702f,0.7802761277768097f,-1.2246467991473532e-16f,-0.5571564569114702f,-0.830407540019873f,0.1244896458411566f,0f,0f,0f,1f],start_interpolation:0}
execute if entity @s[tag=aj.axia.bone.body_2] run data modify entity @s {} merge value {transformation:[-1f,6.823198715809122e-17f,1.0169559358731652e-16f,0f,0f,0.830407540019873f,-0.5571564569114702f,0.9658203125f,-1.2246467991473532e-16f,-0.5571564569114702f,-0.830407540019873f,0f,0f,0f,0f,1f],start_interpolation:0}