execute if entity @s[tag=aj.axia.bone.wing_right_1] run data modify entity @s {} merge value {transformation:[-0.7628764392847079f,-0.13451569919269718f,-0.25859139486732624f,0.030145505547306273f,-0.27447824663621184f,0.5753722296266404f,0.510443859736234f,1.3692906619222256f,0.09811052416657694f,0.563734661422919f,-0.5826851645636698f,-0.12926333664160172f,0f,0f,0f,1f],start_interpolation:0}
execute if entity @s[tag=aj.axia.bone.wing_right_2] run data modify entity @s {} merge value {transformation:[-0.7408485135323583f,0.1642421612770796f,-0.2533140194618706f,0.030145505547306273f,-0.03271779376232212f,0.6236208039768827f,0.500026638108964f,1.3692906619222256f,0.30012168526819477f,0.47341483426933334f,-0.5707936305929827f,-0.12926333664160172f,0f,0f,0f,1f],start_interpolation:0}
execute if entity @s[tag=aj.axia.bone.wing_left_1] run data modify entity @s {} merge value {transformation:[-0.7628764392847079f,0.13451569919269707f,0.25859139486732635f,-0.030145505547306203f,0.27447824663621184f,0.5753722296266404f,0.510443859736234f,1.3692906619222256f,-0.0981105241665771f,0.563734661422919f,-0.5826851645636698f,-0.1292633366416017f,0f,0f,0f,1f],start_interpolation:0}
execute if entity @s[tag=aj.axia.bone.wing_left_2] run data modify entity @s {} merge value {transformation:[-0.7408485135323583f,-0.16424216127707972f,0.2533140194618707f,-0.030145505547306203f,0.03271779376232212f,0.6236208039768827f,0.500026638108964f,1.3692906619222256f,-0.30012168526819494f,0.4734148342693333f,-0.5707936305929827f,-0.1292633366416017f,0f,0f,0f,1f],start_interpolation:0}
execute if entity @s[tag=aj.axia.bone.blade] run data modify entity @s {} merge value {transformation:[0.2307913616726422f,0.4970478627300706f,1.9234549044707958f,-0.3929911592154753f,1.9837257406339994f,-0.16249036273563033f,-0.19603333380865207f,0.698786617248091f,0.107552467769823f,1.9304249024951765f,-0.5117540058495971f,0.19987748834734648f,0f,0f,0f,1f],start_interpolation:0}
execute if entity @s[tag=aj.axia.bone.arm_right_2] run data modify entity @s {} merge value {transformation:[-0.06364902007170736f,-0.9700773223614743f,-0.23430491007211915f,-0.45586406226730564f,-0.9816139565388379f,0.018520549369324346f,0.18997639216288686f,0.9797706327915363f,-0.1799523341668009f,0.24208878101029574f,-0.9534202533703955f,0.19406188822037687f,0f,0f,0f,1f],start_interpolation:0}
execute if entity @s[tag=aj.axia.bone.arm_right_1] run data modify entity @s {} merge value {transformation:[-0.4030119994043022f,-0.8856503522047565f,-0.23066161790756928f,-0.2984375000000001f,-0.905500598265137f,0.349284421851626f,0.2409752252686045f,1.3334818039888554f,-0.13285328327755408f,0.30598014035451093f,-0.9427227369863358f,0.24595770200067144f,0f,0f,0f,1f],start_interpolation:0}
execute if entity @s[tag=aj.axia.bone.arm_left_2] run data modify entity @s {} merge value {transformation:[-0.08925031606019695f,0.8502211528373158f,-0.5188047535934307f,0.5049435368488142f,0.14533580973831653f,0.5264252916888159f,0.8377075352878552f,1.3502555530792584f,0.9853486101329128f,-0.0006352466691392779f,-0.17055120336956447f,-0.056222282703007775f,0f,0f,0f,1f],start_interpolation:0}
execute if entity @s[tag=aj.axia.bone.arm_left_1] run data modify entity @s {} merge value {transformation:[-0.45668931965020365f,0.7207865664038889f,-0.5214418385679519f,0.3359375f,-0.1384877433784037f,0.5213902141157566f,0.8420055757287377f,1.2999519937314687f,0.8787809796823047f,0.45674825704759686f,-0.1382932371180564f,0.2747479229811302f,0f,0f,0f,1f],start_interpolation:0}
execute if entity @s[tag=aj.axia.bone.ear_edge_a1] run data modify entity @s {} merge value {transformation:[-0.9887318771388138f,0.14932020849653976f,-0.010618402144737155f,0.19481910514881595f,0.14161585530555865f,0.9559899007210746f,0.2569596451690131f,1.905452554904481f,0.048520353003997624f,0.2525604582151765f,-0.9663637981063383f,0.5213237818023382f,0f,0f,0f,1f],start_interpolation:0}
execute if entity @s[tag=aj.axia.bone.ear_edge_a2] run data modify entity @s {} merge value {transformation:[-0.9999177739606027f,-0.007189913321166294f,-0.010618402144737155f,0.07957110888077573f,-0.009677439574456381f,0.9663736792348484f,0.2569596451690131f,1.9140763763614872f,0.008413826772402006f,0.25704127534023885f,-0.9663637981063383f,0.5248832318552922f,0f,0f,0f,1f],start_interpolation:0}
execute if entity @s[tag=aj.axia.bone.ear_edge_b1] run data modify entity @s {} merge value {transformation:[-0.9728011647360173f,0.22958533496234262f,0.030797205367976564f,0.056632248743862246f,0.18410419967152605f,0.6856108700359541f,0.7043034704953889f,1.927097596192206f,0.14058284942180987f,0.6908171312719243f,-0.7092306772762117f,0.4612066908018368f,0f,0f,0f,1f],start_interpolation:0}
execute if entity @s[tag=aj.axia.bone.ear_edge_b2] run data modify entity @s {} merge value {transformation:[-0.996134656944333f,-0.0822634631894306f,0.030797205367976564f,0.0855977842423598f,-0.03677191159439433f,0.708946012024784f,0.7043034704953889f,1.9338245361981914f,-0.0797719985464209f,0.7004486238534816f,-0.7092306772762117f,0.4691446789878412f,0f,0f,0f,1f],start_interpolation:0}
execute if entity @s[tag=aj.axia.bone.ear_right_2] run data modify entity @s {} merge value {transformation:[-0.9967394271830503f,0.0745791287179427f,0.030797205367976564f,0.14299685511781304f,0.07458440179032372f,0.7059701045070752f,0.7043034704953889f,2.029436817869915f,0.03078443289041309f,0.7043040288837925f,-0.7092306772762117f,0.522523352513995f,0f,0f,0f,1f],start_interpolation:0}
execute if entity @s[tag=aj.axia.bone.ear_right_1] run data modify entity @s {} merge value {transformation:[-0.9967394271830503f,0.07998602274583623f,-0.010618402144737155f,0.12499999999999993f,0.07458440179032372f,0.9635397800631765f,0.2569596451690131f,1.8126403673557006f,0.03078443289041309f,0.2553298423629876f,-0.9663637981063383f,0.46507413798232283f,0f,0f,0f,1f],start_interpolation:0}
execute if entity @s[tag=aj.axia.bone.ear_edge_a3] run data modify entity @s {} merge value {transformation:[-0.9879427038931281f,-0.15279690040771207f,-0.024946363465051902f,-0.19405986975779704f,-0.13429641624139854f,0.7656083613168687f,0.6291329824976722f,1.8726297072792204f,-0.0770304252166103f,0.6248975470487103f,-0.7768972707401239f,0.5560952647377443f,0f,0f,0f,1f],start_interpolation:0}
execute if entity @s[tag=aj.axia.bone.ear_edge_a4] run data modify entity @s {} merge value {transformation:[-0.9996821911863633f,0.0036325713621470634f,-0.024946363465051902f,-0.07887485779093893f,-0.01287547007240869f,0.7771910399663641f,0.6291329824976722f,1.881944820037241f,0.02167346061998581f,0.6292542346470946f,-0.7768972707401239f,0.559940042689736f,0f,0f,0f,1f],start_interpolation:0}
execute if entity @s[tag=aj.axia.bone.ear_edge_b3] run data modify entity @s {} merge value {transformation:[-0.9753519248385003f,-0.20999831426716176f,-0.06774459918534426f,-0.05871849442608307f,-0.12381034181855363f,0.266711646195665f,0.955790718223593f,1.9284243072320273f,-0.18264616604956568f,0.9406197987436524f,-0.2861376805645242f,0.501321379308427f,0f,0f,0f,1f],start_interpolation:0}
execute if entity @s[tag=aj.axia.bone.ear_edge_b4] run data modify entity @s {} merge value {transformation:[-0.9925078516973205f,0.10168005507663123f,-0.06774459918534426f,-0.08742189818439139f,-0.035332201099087f,0.291917348787499f,0.955790718223593f,1.929693421341555f,0.11696067665956533f,0.9510233582181309f,-0.2861376805645242f,0.512356305092705f,0f,0f,0f,1f],start_interpolation:0}
execute if entity @s[tag=aj.axia.bone.ear_left_2] run data modify entity @s {} merge value {transformation:[-0.9961946980917455f,-0.054834229958239f,-0.06774459918534426f,-0.1437895914994347f,-0.08056313736666583f,0.2827961878372274f,0.955790718223593f,1.9865904373645413f,-0.03325213363884661f,0.9576113634296635f,-0.2861376805645242f,0.6065425952270515f,0f,0f,0f,1f],start_interpolation:0}
execute if entity @s[tag=aj.axia.bone.ear_left_1] run data modify entity @s {} merge value {transformation:[-0.9961946980917455f,-0.0835092955530431f,-0.024946363465051902f,-0.12500000000000006f,-0.08056313736666583f,0.7731114222615157f,0.6291329824976722f,1.8126403673557006f,-0.03325213363884661f,0.6287486988654618f,-0.7768972707401239f,0.4650741379823228f,0f,0f,0f,1f],start_interpolation:0}
execute if entity @s[tag=aj.axia.bone.head] run data modify entity @s {} merge value {transformation:[-1f,-4.6723391645615393e-17f,1.132012477835338e-16f,-3.654695621948413e-17f,0f,0.9243583363166337f,0.38152544617881706f,1.3269840498003376f,-1.2246467991473532e-16f,0.38152544617881706f,-0.9243583363166337f,0.2984285448255738f,0f,0f,0f,1f],start_interpolation:0}
execute if entity @s[tag=aj.axia.bone.body_1] run data modify entity @s {} merge value {transformation:[-1f,-8.069675893875954e-17f,9.211748435231127e-17f,-6.285671617449303e-18f,0f,0.7521963427859122f,0.6589390426279951f,1.0449104212556204f,-1.2246467991473532e-16f,0.6589390426279951f,-0.7521963427859122f,0.05132640384007562f,0f,0f,0f,1f],start_interpolation:0}
execute if entity @s[tag=aj.axia.bone.leg_left_2] run data modify entity @s {} merge value {transformation:[-0.9896832398683542f,0.0835270638702256f,-0.11640581740143821f,0.1702973493684766f,-0.11921625170049487f,-0.029470732104070585f,0.9924308345067352f,0.564470400499571f,0.0794642690406322f,0.996069628866612f,0.039124473100205115f,0.08963063935982912f,0f,0f,0f,1f],start_interpolation:0}
execute if entity @s[tag=aj.axia.bone.leg_left_1] run data modify entity @s {} merge value {transformation:[-0.9896832398683542f,-0.13454395625705595f,0.049244375906057805f,0.12500000000000003f,-0.11921625170049487f,0.5827022658217114f,-0.8038939947136862f,0.7804233818674977f,0.0794642690406322f,-0.8014711431118049f,-0.5927304924709839f,-0.15053922224744248f,0f,0f,0f,1f],start_interpolation:0}
execute if entity @s[tag=aj.axia.bone.leg_right_2] run data modify entity @s {} merge value {transformation:[-0.996133749506417f,-0.048020438778275235f,0.07356351374036517f,-0.13568325347201637f,0.08262759657360123f,-0.22773728427286638f,0.970210497591368f,0.55919733278049f,-0.029836778960825785f,0.9725377971120512f,0.23082460832779772f,-0.412200624269515f,0f,0f,0f,1f],start_interpolation:0}
execute if entity @s[tag=aj.axia.bone.leg_right_1] run data modify entity @s {} merge value {transformation:[-0.996133749506417f,0.021794573292881324f,0.08510317073569115f,-0.12499999999999999f,0.08262759657360123f,0.5614571326456567f,0.8233702499397144f,0.7830746065001738f,-0.029836778960825785f,0.8272187647631664f,-0.5610872319389776f,-0.14888494507988823f,0f,0f,0f,1f],start_interpolation:0}
execute if entity @s[tag=aj.axia.bone.coat_downer] run data modify entity @s {} merge value {transformation:[-1f,-6.482896762073406e-17f,1.0389804032727659e-16f,-0.007812499999999985f,0f,0.8483918824563494f,0.5293686936173803f,0.8321222622046816f,-1.2246467991473532e-16f,0.5293686936173803f,-0.8483918824563494f,-0.11828081748013337f,0f,0f,0f,1f],start_interpolation:0}
execute if entity @s[tag=aj.axia.bone.body_2] run data modify entity @s {} merge value {transformation:[-1f,-6.482896762073406e-17f,1.0389804032727659e-16f,0f,0f,0.8483918824563494f,0.5293686936173803f,1.021684823441022f,-1.2246467991473532e-16f,0.5293686936173803f,-0.8483918824563494f,0f,0f,0f,0f,1f],start_interpolation:0}