execute if entity @s[tag=aj.tultaria.bone.head] run data modify entity @s {} merge value {transformation:[-0.997422072849252f,0.004077856002438471f,-0.07164202456327391f,-0.009797037640402165f,0.0038211292804710925f,0.9999857796134852f,0.003720153468892151f,1.5980649260407196f,0.07165617603614703f,0.0034368097464888003f,-0.9974234711368302f,-0.1615970105031687f,0f,0f,0f,1f],start_interpolation:0}
execute if entity @s[tag=aj.tultaria.bone.bust] run data modify entity @s {} merge value {transformation:[-0.998167273242872f,-0.04559660587790763f,-0.039787487471621065f,-0.0035387125616609394f,0f,0.6574787697303874f,-0.7534730700919684f,1.5178541953528866f,0.06051524293010517f,-0.7520921598356355f,-0.656273790796859f,-0.05836921240724524f,0f,0f,0f,1f],start_interpolation:0}
execute if entity @s[tag=aj.tultaria.bone.left_wing] run data modify entity @s {} merge value {transformation:[-0.9002756675260463f,-0.01959407528080433f,-0.43487905752567807f,0.04971771117468665f,0.12390808694494865f,0.9461298520814388f,-0.29914058399019966f,1.3506255915351668f,0.41731344149233307f,-0.3231940210063374f,-0.849349819765437f,-0.21273000291439037f,0f,0f,0f,1f],start_interpolation:0}
execute if entity @s[tag=aj.tultaria.bone.right_wing] run data modify entity @s {} merge value {transformation:[-0.9440969600173347f,-0.01959407528080433f,0.3290850988724912f,-0.07505319798067234f,-0.12390808694494865f,0.9461298520814388f,-0.29914058399019966f,1.3506255915351668f,-0.30549585279618807f,-0.3231940210063374f,-0.8956661815152367f,-0.20516559754812724f,0f,0f,0f,1f],start_interpolation:0}
execute if entity @s[tag=aj.tultaria.bone.body] run data modify entity @s {} merge value {transformation:[-0.998167273242872f,-0.01959407528080433f,-0.05725527784213274f,0.5430191468556307f,0f,0.9461298520814388f,-0.3237874349019039f,0.547729770512328f,0.06051524293010517f,-0.3231940210063374f,-0.9443958545858117f,0.6944356347390543f,0f,0f,0f,1f],start_interpolation:0}
execute if entity @s[tag=aj.tultaria.bone.right_ring] run data modify entity @s {} merge value {transformation:[0.027175955953405134f,0.905137400367321f,0.424249636268914f,-0.7921971012214902f,-0.9651505054195431f,0.13426383778979142f,-0.22462796742693641f,1.3769065116062174f,-0.26028055883300016f,-0.4033602711203025f,0.8772425675805621f,-0.015366050958734584f,0f,0f,0f,1f],start_interpolation:0}
execute if entity @s[tag=aj.tultaria.bone.sword] run data modify entity @s {} merge value {transformation:[-0.0000027135348969400345f,0.000009051374003673211f,-0.000003272515394725801f,-1.0037890094090383f,0.000009128561675199675f,0.0000013426383778979143f,-0.000003855733902679406f,1.3700384681017628f,-0.0000030505884850573226f,-0.000004033602711203025f,-0.000008626932193022691f,0.049856337781429505f,0f,0f,0f,1f],start_interpolation:0}
execute if entity @s[tag=aj.tultaria.bone.right_hand] run data modify entity @s {} merge value {transformation:[-0.2713534896940034f,0.905137400367321f,-0.32725153947258007f,-0.6814492142396507f,0.9128561675199675f,0.13426383778979142f,-0.3855733902679406f,1.3617377309232528f,-0.3050588485057322f,-0.4033602711203025f,-0.862693219302269f,-0.15926858263086957f,0f,0f,0f,1f],start_interpolation:0}
execute if entity @s[tag=aj.tultaria.bone.right_arm] run data modify entity @s {} merge value {transformation:[-0.2713534896940034f,0.96247876843937f,-0.0013798312648353461f,-0.3504677784075389f,0.9128561675199675f,0.2569083779346051f,-0.3173195593841753f,1.4797986945305397f,-0.3050588485057322f,-0.08736535726730132f,-0.9483176647610829f,-0.10039564312015287f,0f,0f,0f,1f],start_interpolation:0}
execute if entity @s[tag=aj.tultaria.bone.left_ring] run data modify entity @s {} merge value {transformation:[0.31786794861724077f,-0.9472072072520252f,-0.04193415996160818f,0.8140963513325148f,0.511870998766176f,0.1342110519767784f,0.8485136853047237f,1.3984546532958688f,-0.7980902504504013f,-0.29118018486343666f,0.5275092909882351f,-0.12196561825800847f,0f,0f,0f,1f],start_interpolation:0}
execute if entity @s[tag=aj.tultaria.bone.left_hand] run data modify entity @s {} merge value {transformation:[-0.23251229160574358f,-0.9472072072520252f,0.22076354042745433f,0.6867918071144596f,-0.9128561675199675f,0.1342110519767784f,-0.38559176722026045f,1.3832759019903411f,0.3356063939691892f,-0.29118018486343666f,-0.8958696603133138f,-0.25145030279729363f,0f,0f,0f,1f],start_interpolation:0}
execute if entity @s[tag=aj.tultaria.bone.left_arm] run data modify entity @s {} merge value {transformation:[-0.23251229160574358f,-0.9659838844065117f,-0.11319527074552299f,0.33515990709441046f,-0.9128561675199675f,0.2569083779346051f,-0.3173195593841753f,1.5093652524080845f,0.3356063939691892f,0.029550303110403776f,-0.9415387022916694f,-0.1520996857910482f,0f,0f,0f,1f],start_interpolation:0}
execute if entity @s[tag=aj.tultaria.bone.leftfoot] run data modify entity @s {} merge value {transformation:[-0.998167273242872f,-0.02931262155996968f,-0.05294208953348596f,0.157416305415071f,0f,0.8748554408784881f,-0.4843841012722303f,0.7461646944687098f,0.06051524293010517f,-0.48349635756910136f,-0.873252069903371f,0.5309043273152855f,0f,0f,0f,1f],start_interpolation:0}
execute if entity @s[tag=aj.tultaria.bone.leftleg] run data modify entity @s {} merge value {transformation:[-0.998167273242872f,-0.047341391642759356f,-0.03769465829817958f,0.13205848308674584f,0f,0.6228952652758369f,-0.7823052399779415f,0.8720912944906031f,0.06051524293010517f,-0.7808714882323926f,-0.6217536684562776f,0.11264031409673086f,0f,0f,0f,1f],start_interpolation:0}
execute if entity @s[tag=aj.tultaria.bone.rightfoot] run data modify entity @s {} merge value {transformation:[-0.998167273242872f,-0.029312621559969675f,-0.05294208953348597f,-0.09113953120550666f,0f,0.8748554408784881f,-0.4843841012722301f,0.9161068841728264f,0.06051524293010517f,-0.48349635756910114f,-0.8732520699033711f,0.5622963902048177f,0f,0f,0f,1f],start_interpolation:0}
execute if entity @s[tag=aj.tultaria.bone.rightleg] run data modify entity @s {} merge value {transformation:[-0.998167273242872f,-0.05816286399872282f,-0.016708557039903715f,-0.11748333522397217f,0f,0.2761049320945803f,-0.961127497511671f,0.8720912944906031f,0.06051524293010517f,-0.95936601342997f,-0.27559890719775554f,0.12776912482925712f,0f,0f,0f,1f],start_interpolation:0}
execute if entity @s[tag=aj.tultaria.bone.skirt_right_back] run data modify entity @s {} merge value {transformation:[-0.998167273242872f,-0.05451612240660444f,-0.026269507506570516f,-0.170882908306992f,0f,0.4340973651367752f,-0.9008659598304897f,0.7399702115669351f,0.06051524293010517f,-0.8992149186813224f,-0.4333017832804902f,0.021569332092175014f,0f,0f,0f,1f],start_interpolation:0}
execute if entity @s[tag=aj.tultaria.bone.skirt_right] run data modify entity @s {} merge value {transformation:[-0.998167273242872f,-0.056485290042304515f,-0.02171420354805531f,-0.19243818522029715f,0f,0.35882205039043f,-0.9334059867783192f,0.9800642671989355f,0.06051524293010517f,-0.9316953086510871f,-0.3581644276176319f,0.1824251354918927f,0f,0f,0f,1f],start_interpolation:0}
execute if entity @s[tag=aj.tultaria.bone.skirt_left_back] run data modify entity @s {} merge value {transformation:[-0.998167273242872f,-0.04476757552449651f,-0.04071804033285669f,0.1683140826217444f,0f,0.672855934493824f,-0.7397735406301328f,0.7989718725348792f,0.06051524293010517f,-0.7384177378680047f,-0.6716227734189849f,-0.06394076787474937f,0f,0f,0f,1f],start_interpolation:0}
execute if entity @s[tag=aj.tultaria.bone.skirt_left] run data modify entity @s {} merge value {transformation:[-0.998167273242872f,-0.047341391642759356f,-0.03769465829817958f,0.21306726953461963f,0f,0.6228952652758369f,-0.7823052399779415f,0.9800642671989355f,0.06051524293010517f,-0.7808714882323926f,-0.6217536684562776f,0.15784081805153746f,0f,0f,0f,1f],start_interpolation:0}
execute if entity @s[tag=aj.tultaria.bone.skirt_back_middle] run data modify entity @s {} merge value {transformation:[-0.998167273242872f,-0.04814603243236445f,-0.03666134460042832f,-0.0008900013232380089f,0f,0.6058200021236302f,-0.7956017376972757f,0.8478659500335006f,0.06051524293010517f,-0.7941436171045804f,-0.604709699595735f,-0.01468010621762017f,0f,0f,0f,1f],start_interpolation:0}
execute if entity @s[tag=aj.tultaria.bone.skirt_front_middle] run data modify entity @s {} merge value {transformation:[-0.998167273242872f,-0.05044654929639876f,-0.033425144591694045f,0.010889579394943108f,0f,0.5523425664885777f,-0.8336172318545312f,1.0923363375266073f,0.06051524293010517f,-0.8320894392485084f,-0.5513302734878733f,0.17961791517496656f,0f,0f,0f,1f],start_interpolation:0}
execute if entity @s[tag=aj.tultaria.bone.lower] run data modify entity @s {} merge value {transformation:[-0.998167273242872f,-0.047341391642759356f,-0.03769465829817958f,0.003673889115150812f,0f,0.6228952652758369f,-0.7823052399779415f,0.9476006527347303f,0.06051524293010517f,-0.7808714882323926f,-0.6217536684562776f,0.06059887893868826f,0f,0f,0f,1f],start_interpolation:0}