# This file was generated by Animated Java via MC-Build. It is not recommended to edit this file directly.
$data merge entity $(bone_wing_right_1) { transformation: [-0.7413558547112615f,-0.18933717376755002f,0.2854599372232393f,0.3668045200213381f,-0.1486160238317872f,0.7909681979845032f,0.13866157247781935f,1.305450245261156f,-0.30862472128818336f,0.07392691560797375f,-0.7524825825246237f,-0.2704778280548581f,0f,0f,0f,1f], start_interpolation: 0, interpolation_duration: 1 }
$data merge entity $(bone_wing_right_2) { transformation: [-0.7419229714352495f,0.10655986628325356f,0.27963422421868345f,0.3668045200213381f,0.1620118748815756f,0.7715580921694218f,0.13583174446806795f,1.305450245261156f,-0.2515997950198818f,0.18260094552213288f,-0.737125795126162f,-0.2704778280548581f,0f,0f,0f,1f], start_interpolation: 0, interpolation_duration: 1 }
$data merge entity $(bone_wing_left_1) { transformation: [0.3355165164401949f,-0.11777674859749146f,0.7351882406092225f,0.32390066251479854f,0.2765533820972332f,0.76840938988174f,-0.003111404280717056f,1.3189753170596852f,-0.6912968526551112f,0.25024006768665097f,0.3555742038980925f,-0.3761858969398017f,0f,0f,0f,1f], start_interpolation: 0, interpolation_duration: 1 }
$data merge entity $(bone_wing_left_2) { transformation: [0.34780217413682063f,0.019185389085611848f,0.7201843989641363f,0.32390066251479854f,-0.037768685794385276f,0.7991021440597895f,-0.00304790623417181f,1.3189753170596852f,-0.7194492157470642f,-0.03267543732960569f,0.34831758749200903f,-0.3761858969398017f,0f,0f,0f,1f], start_interpolation: 0, interpolation_duration: 1 }
$data merge entity $(bone_staff) { transformation: [-0.06220515081068192f,-0.7676943955527012f,-1.3594786074997998f,-0.29529649249984335f,1.4926595091997519f,0.36963270631828987f,-0.2770297854299655f,1.6235860283274217f,0.45771646115054243f,-1.3097416643967585f,0.7186645001216035f,-0.9690665539517495f,0f,0f,0f,1f], start_interpolation: 0, interpolation_duration: 1 }
$data merge entity $(bone_arm_right_2) { transformation: [-0.48908409943221465f,-0.04930076545882464f,0.8708422234869837f,-0.16367347998753584f,0.19410178709252937f,0.9672147509279595f,0.16376850074068516f,1.6006627803539109f,-0.8503653567320733f,0.24912860155457736f,-0.46347998873456736f,-0.7581781479704938f,0f,0f,0f,1f], start_interpolation: 0, interpolation_duration: 1 }
$data merge entity $(bone_arm_right_1) { transformation: [-0.374052423477764f,-0.04930076545882464f,0.9260962255703159f,-0.05578849848678408f,0.21339926276185162f,0.9672147509279595f,0.1376821711045537f,1.5311848685240825f,-0.9025217665758039f,0.24912860155457736f,-0.351268274605537f,-0.45705305479830005f,0f,0f,0f,1f], start_interpolation: 0, interpolation_duration: 1 }
$data merge entity $(bone_arm_left_2) { transformation: [0.5176610985916545f,-0.09789890367224874f,0.8499663473718551f,0.12037798714990264f,0.2971469831217425f,0.9521656900229754f,-0.07130336012221322f,1.35267301086907f,-0.8023282728575181f,0.289475911610695f,0.5219895010157092f,0.4118263245390411f,0f,0f,0f,1f], start_interpolation: 0, interpolation_duration: 1 }
$data merge entity $(bone_arm_left_1) { transformation: [0.12442690261085426f,-0.09789890367224874f,0.9873873356319902f,0.15773079781177907f,0.3003015733476737f,0.9521656900229754f,0.05656380280694447f,1.4433139116491716f,-0.9456938780343144f,0.289475911610695f,0.14787422238367443f,0.0939299023093629f,0f,0f,0f,1f], start_interpolation: 0, interpolation_duration: 1 }
$data merge entity $(bone_himo_right_2) { transformation: [-0.34790004534254954f,0.5372623276000189f,0.7683194321325353f,-0.22845917987323197f,0.03802131105767637f,0.826924180022711f,-0.5610265416174378f,1.1470015324805702f,-0.9367603420064854f,-0.16596864714631188f,-0.30811437780200324f,-0.2694395025943767f,0f,0f,0f,1f], start_interpolation: 0, interpolation_duration: 1 }
$data merge entity $(bone_himo_right_1) { transformation: [-0.3539126269948082f,0.19139574185604474f,0.9154854026433233f,-0.18685069450870284f,0.052755051827135094f,0.9813640230266492f,-0.18477434566429035f,1.3298524471376652f,-0.9337894607246059f,-0.01709749421186156f,-0.35741421170866344f,-0.2748791215822799f,0f,0f,0f,1f], start_interpolation: 0, interpolation_duration: 1 }
$data merge entity $(bone_himo_left_2) { transformation: [-0.3482838444565898f,0.511857918594375f,0.7853023843480752f,-0.11181552618186055f,0.13141595831792735f,0.8561432802007033f,-0.4997484663974075f,1.1104467238222806f,-0.9281315691161027f,-0.07085305172971831f,-0.3654471719286757f,0.002151052496924103f,0f,0f,0f,1f], start_interpolation: 0, interpolation_duration: 1 }
$data merge entity $(bone_himo_left_1) { transformation: [-0.355939589119833f,0.19175892938520306f,0.914623158409104f,-0.0701443321820781f,0.1344723551547295f,0.9790447015093798f,-0.1529335089035412f,1.2930617709246421f,-0.9247833230526732f,0.06855643986854869f,-0.3742670436415759f,0.01266621594951714f,0f,0f,0f,1f], start_interpolation: 0, interpolation_duration: 1 }
$data merge entity $(bone_ponpon1) { transformation: [-0.8649320890592381f,0.01835226566920406f,0.5015532630343753f,0.29568950874838096f,0.08560364164848722f,0.9900822807872116f,0.1113961121750229f,1.9975315145756363f,-0.4945346275561902f,0.13928485781304392f,-0.8579249562356025f,0.06095928021731192f,0f,0f,0f,1f], start_interpolation: 0, interpolation_duration: 1 }
$data merge entity $(bone_ponpon2) { transformation: [-0.8649320890592381f,0.01835226566920406f,0.5015532630343753f,0.3728510472889245f,0.08560364164848722f,0.9900822807872116f,0.1113961121750229f,1.8810044784318247f,-0.4945346275561902f,0.13928485781304392f,-0.8579249562356025f,-0.01833674312304917f,0f,0f,0f,1f], start_interpolation: 0, interpolation_duration: 1 }
$data merge entity $(bone_ponpon3) { transformation: [-0.8649320890592381f,0.01835226566920406f,0.5015532630343753f,-0.2124580935739215f,0.08560364164848722f,0.9900822807872116f,0.1113961121750229f,2.047823654044122f,-0.4945346275561902f,0.13928485781304392f,-0.8579249562356025f,-0.22957981347194983f,0f,0f,0f,1f], start_interpolation: 0, interpolation_duration: 1 }
$data merge entity $(bone_ponpon4) { transformation: [-0.8649320890592381f,0.01835226566920406f,0.5015532630343753f,-0.20016646171282068f,0.08560364164848722f,0.9900822807872116f,0.1113961121750229f,1.9377168910239475f,-0.4945346275561902f,0.13928485781304392f,-0.8579249562356025f,-0.3459659338790252f,0f,0f,0f,1f], start_interpolation: 0, interpolation_duration: 1 }
$data merge entity $(bone_ear_edge_a1) { transformation: [-0.8591424902233255f,0.0428862516504218f,0.5099362223967228f,0.2110321753968787f,0.236130595412202f,0.9172789162694058f,0.32068946299793366f,2.102397082148181f,-0.4540005764348126f,0.3959294876452129f,-0.7982000484902623f,0.026325044483733573f,0f,0f,0f,1f], start_interpolation: 0, interpolation_duration: 1 }
$data merge entity $(bone_ear_edge_a2) { transformation: [-0.8552739083379652f,-0.09204124512446712f,0.5099362223967228f,0.11158990517364445f,0.0897293993871324f,0.9429246540459748f,0.32068946299793366f,2.122234776738501f,-0.5103480935615676f,0.32003360134244707f,-0.7982000484902623f,-0.029234305685166516f,0f,0f,0f,1f], start_interpolation: 0, interpolation_duration: 1 }
$data merge entity $(bone_ear_edge_b1) { transformation: [-0.8749091642125456f,-0.02618556330784158f,0.48357860855413803f,0.11144994056626122f,0.2946591794672001f,0.7636564325354237f,0.5744604607829735f,2.128221476645601f,-0.3843304858225816f,0.6450915976212379f,-0.6604141945369266f,-0.07237045009729962f,0f,0f,0f,1f], start_interpolation: 0, interpolation_duration: 1 }
$data merge entity $(bone_ear_edge_b2) { transformation: [-0.823996277721284f,-0.29526575089284013f,0.48357860855413803f,0.13360448685791357f,0.04425471720127233f,0.8173351203774674f,0.5744604607829735f,2.1334004590467934f,-0.5648642795458962f,0.49475391594937196f,-0.6604141945369266f,-0.05164317712425348f,0f,0f,0f,1f], start_interpolation: 0, interpolation_duration: 1 }
$data merge entity $(bone_ear_right_2) { transformation: [-0.8600412559847287f,-0.16272912263345604f,0.48357860855413803f,0.1725760689239564f,0.17156925051087357f,0.8003494057448601f,0.5744604607829735f,2.230580179127985f,-0.48051329875805493f,0.5770269156380791f,-0.6604141945369266f,0.014106061102975742f,0f,0f,0f,1f], start_interpolation: 0, interpolation_duration: 1 }
$data merge entity $(bone_ear_right_1) { transformation: [-0.8600412559847287f,-0.017148967664868994f,0.5099362223967228f,0.17643458664855194f,0.17156925051087357f,0.9315161086107067f,0.32068946299793366f,2.0209890546905767f,-0.48051329875805493f,0.3632955440227629f,-0.7982000484902623f,-0.06763543630214577f,0f,0f,0f,1f], start_interpolation: 0, interpolation_duration: 1 }
$data merge entity $(bone_ear_edge_a3) { transformation: [-0.8571542666326428f,-0.11717886982313397f,0.5015532630343753f,-0.11432114105904465f,-0.07033327317206395f,0.991284084850147f,0.1113961121750229f,2.147541281443334f,-0.5102350378779961f,0.06020777017777263f,-0.8579249562356025f,-0.18475763586051375f,0f,0f,0f,1f], start_interpolation: 0, interpolation_duration: 1 }
$data merge entity $(bone_ear_edge_a4) { transformation: [-0.8649320890592381f,0.01835226566920406f,0.5015532630343753f,-0.014508985224663103f,0.08560364164848722f,0.9900822807872117f,0.1113961121750229f,2.1476584630582782f,-0.49453462755619015f,0.13928485781304395f,-0.8579249562356025f,-0.1263910320432429f,0f,0f,0f,1f], start_interpolation: 0, interpolation_duration: 1 }
$data merge entity $(bone_ear_edge_b3) { transformation: [-0.8436797244323909f,-0.19143888560388111f,0.5015532630343753f,0.0047312791644348665f,-0.15646173452249568f,0.9813820009672594f,0.1113961121750229f,2.1414695352544686f,-0.5135408924437248f,0.015508747732887171f,-0.8579249562356025f,-0.11594653474194379f,0f,0f,0f,1f], start_interpolation: 0, interpolation_duration: 1 }
$data merge entity $(bone_ear_edge_b4) { transformation: [-0.8615449686233255f,0.07864217303332771f,0.5015532630343753f,-0.020261120446952725f,0.15445976410411233f,0.9816990819315212f,0.1113961121750229f,2.1538632262154582f,-0.483613945531697f,0.173442558662528f,-0.8579249562356025f,-0.1289481504503162f,0f,0f,0f,1f], start_interpolation: 0, interpolation_duration: 1 }
$data merge entity $(bone_ear_left_2) { transformation: [-0.8632402666757323f,-0.05710136889060929f,0.5015532630343753f,-0.05264624361664466f,-0.001013462615736191f,0.9937755677645814f,0.1113961121750229f,2.265989467849729f,-0.5047922492304505f,0.09565330409872075f,-0.8579249562356025f,-0.16974709976898117f,0f,0f,0f,1f], start_interpolation: 0, interpolation_duration: 1 }
$data merge entity $(bone_ear_left_1) { transformation: [-0.8632402666757323f,-0.05710136889060929f,0.5015532630343753f,-0.039798435616257594f,-0.001013462615736191f,0.9937755677645814f,0.1113961121750229f,2.0423899651026987f,-0.5047922492304505f,0.09565330409872075f,-0.8579249562356025f,-0.1912690931911933f,0f,0f,0f,1f], start_interpolation: 0, interpolation_duration: 1 }
$data merge entity $(bone_head) { transformation: [-0.8649320890592381f,0.01835226566920406f,0.5015532630343753f,0.04323899989085586f,0.08560364164848722f,0.9900822807872116f,0.1113961121750229f,1.520791212487722f,-0.4945346275561902f,0.13928485781304392f,-0.8579249562356025f,-0.174025599493492f,0f,0f,0f,1f], start_interpolation: 0, interpolation_duration: 1 }
$data merge entity $(bone_body_1) { transformation: [-0.3734603594451992f,-0.07068443692210136f,0.9249492257957017f,0.06974566373664387f,0.1177301638816737f,0.9854185903735457f,0.12284058880764241f,1.1512592410976423f,-0.9201450801017506f,0.15477051438571723f,-0.35969309062216304f,-0.23206454238813598f,0f,0f,0f,1f], start_interpolation: 0, interpolation_duration: 1 }
$data merge entity $(bone_leg_left_2) { transformation: [-0.6076662648257256f,-0.4742889697727497f,0.6370178048882581f,0.0332083452595357f,-0.2726508495657276f,0.877930950661524f,0.3935717978992393f,0.6444572334596955f,-0.7459244095911046f,0.06547685867889752f,-0.6628043121115806f,0.03497292385269238f,0f,0f,0f,1f], start_interpolation: 0, interpolation_duration: 1 }
$data merge entity $(bone_leg_left_1) { transformation: [-0.6076662648257256f,0.29337641211262844f,0.7380189641253619f,0.1738595741405833f,-0.2726508495657276f,0.7957291161794731f,-0.5408111388417601f,0.8527363422116992f,-0.7459244095911046f,-0.5298541822805175f,-0.403548411836803f,-0.15573873676088362f,0f,0f,0f,1f], start_interpolation: 0, interpolation_duration: 1 }
$data merge entity $(bone_leg_right_2) { transformation: [-0.629181443981469f,0.1202386991677101f,0.7679019245788165f,-0.12538050849005034f,0.12160626273858141f,0.99102349022846f,-0.05553700278333673f,0.5107417232108273f,-0.7676865424195923f,0.05843883159217117f,-0.6381553694438316f,-0.28958110745568966f,0f,0f,0f,1f], start_interpolation: 0, interpolation_duration: 1 }
$data merge entity $(bone_leg_right_1) { transformation: [-0.629181443981469f,0.38355667096056684f,0.6760288386681745f,0.02704997241323321f,0.12160626273858141f,0.9076265700760724f,-0.40177845406977636f,0.8634697911414972f,-0.7676865424195923f,-0.17058220731832419f,-0.6177046892603776f,-0.3586359691058416f,0f,0f,0f,1f], start_interpolation: 0, interpolation_duration: 1 }
$data merge entity $(bone_skirt_forward_right) { transformation: [-0.5755915443933989f,0.42222082047361625f,0.700302757942169f,0.07093351120465324f,0.12968950067972962f,0.892685686379156f,-0.4316166108332919f,1.0386653451002392f,-0.8073877677028953f,-0.15761295661322172f,-0.5685799402646687f,-0.23262003393785094f,0f,0f,0f,1f], start_interpolation: 0, interpolation_duration: 1 }
$data merge entity $(bone_skirt_forward_left) { transformation: [-0.7006872619786452f,0.2149704765619254f,0.680312468728604f,0.07539527713266816f,-0.2574557203113421f,0.8131003470248133f,-0.5220961384142733f,1.0071285861359256f,-0.6653975600945928f,-0.5409764503884312f,-0.5143836769817797f,-0.24372931401490314f,0f,0f,0f,1f], start_interpolation: 0, interpolation_duration: 1 }
$data merge entity $(bone_skirt_forward) { transformation: [-0.6368362807513025f,0.3252076406755083f,0.6990561794055736f,0.07703115446731902f,-0.016748426140224572f,0.9006396147451768f,-0.43424391138331997f,1.0555523378767113f,-0.7708171260037453f,-0.2882503682528936f,-0.5681132664015139f,-0.2380247283425927f,0f,0f,0f,1f], start_interpolation: 0, interpolation_duration: 1 }
$data merge entity $(bone_skirt_back_right) { transformation: [-0.646406819689749f,-0.023094535829182777f,0.762643341197849f,0.06728741649574395f,0.16660154195220234f,0.9711505757708154f,0.17061795157357235f,1.0260148796770248f,-0.7445818623077873f,0.23734616406179368f,-0.6239107698440693f,-0.23005347529335485f,0f,0f,0f,1f], start_interpolation: 0, interpolation_duration: 1 }
$data merge entity $(bone_skirt_back_left) { transformation: [-0.5956786983985263f,-0.21156273980732074f,0.7748600489117099f,0.06738026904689717f,-0.1906482312862966f,0.9743612714782617f,0.1194711871150186f,1.0253220644165666f,-0.7802692741494082f,-0.07655925658262973f,-0.6207403161144527f,-0.23012943702217686f,0f,0f,0f,1f], start_interpolation: 0, interpolation_duration: 1 }
$data merge entity $(bone_skirt_back) { transformation: [-0.6331951460718516f,-0.1320569616401488f,0.762643341197849f,0.06563670447524209f,0f,0.9853372593182691f,0.17061795157357235f,1.038331595418503f,-0.7739921879392883f,0.1080344587691082f,-0.6239107698440693f,-0.228703044558741f,0f,0f,0f,1f], start_interpolation: 0, interpolation_duration: 1 }
$data merge entity $(bone_skirt_right) { transformation: [-0.5868538521557723f,0.18874501576495942f,0.7873867380352656f,-0.058601970234368986f,0.16534500298978386f,0.9798948098583642f,-0.11165657884311342f,1.0945256260543201f,-0.7926308006860692f,0.0646643691419413f,-0.6062630890687933f,-0.37739017087958393f,0f,0f,0f,1f], start_interpolation: 0, interpolation_duration: 1 }
$data merge entity $(bone_skirt_left) { transformation: [-0.6648399275455431f,0.037469109898612414f,0.7460455324875571f,0.20577503163146987f,-0.21122181160817677f,0.9485517823495182f,-0.23587043583822045f,1.0863861539873996f,-0.7165006748372237f,-0.3143971723870269f,-0.6227208049783187f,-0.09302326238207026f,0f,0f,0f,1f], start_interpolation: 0, interpolation_duration: 1 }
$data merge entity $(bone_coat_downer) { transformation: [-0.6331951460718516f,-0.01914664603133105f,0.7737553314432137f,0.06506331408524599f,0f,0.9996939807665175f,0.02473751845261894f,0.9328184318729549f,-0.7739921879392883f,0.015663676610061173f,-0.6330013761786059f,-0.23832773083378456f,0f,0f,0f,1f], start_interpolation: 0, interpolation_duration: 1 }
$data merge entity $(bone_body_2) { transformation: [-0.6331951460718516f,-0.0056398373770396365f,0.7739716398069163f,0.06875000000000003f,0f,0.9999734517574052f,0.007286685143496595f,1.15625f,-0.7739921879392883f,0.004613893663815917f,-0.6331783358535038f,-0.23125f,0f,0f,0f,1f], start_interpolation: 0, interpolation_duration: 1 }
$data merge entity $(bone_book_left) { transformation: [0.7401578247335687f,0.07079160711086716f,-0.6686964504529185f,-0.18818925368214703f,-0.12537607973464454f,0.9915331574097632f,-0.03380586321036416f,0.8013691919244106f,0.6606415314798515f,0.1088602136672826f,0.742766599117293f,1.1439384353557047f,0f,0f,0f,1f], start_interpolation: 0, interpolation_duration: 1 }
$data merge entity $(bone_book_right) { transformation: [-0.9188490135119254f,0.07079160711086716f,-0.3882074686695532f,-0.20377859963338904f,0.022347703806269978f,0.9915331574097632f,0.12791629251824424f,0.7923808080755894f,0.393975977063004f,0.1088602136672826f,-0.9126512934180088f,1.235945194610657f,0f,0f,0f,1f], start_interpolation: 0, interpolation_duration: 1 }
$data merge entity $(bone_book_loot_1) { transformation: [-0.166286356813248f,0.07079160711086716f,-0.9835331188630294f,-0.048453958828313604f,-0.09587609438742635f,0.9915331574097632f,0.08757723609499855f,0.7837384145857502f,0.981405432052824f,0.1088602136672826f,-0.15809121360000716f,1.2136554970231819f,0f,0f,0f,1f], start_interpolation: 0, interpolation_duration: 1 }
$data merge entity $(bone_book_left2) { transformation: [0.7979475010707595f,-0.2201478099228309f,0.5610835297182688f,0.17563746521880316f,0.24872644782173034f,0.9682202901685517f,0.02616531788282883f,2.229874534006223f,-0.5490126953804568f,0.11867776325877794f,0.8273455437838407f,-1.4691947718544054f,0f,0f,0f,1f], start_interpolation: 0, interpolation_duration: 1 }
$data merge entity $(bone_book_right2) { transformation: [-0.7484890823293824f,-0.2201478099228309f,0.6255389959226363f,0.17182913691804805f,-0.08964889801304979f,0.9682202901685517f,0.23347921704291202f,2.2176254659937764f,-0.657059486438454f,0.11867776325877794f,-0.7444383250405157f,-1.376326480880682f,0f,0f,0f,1f], start_interpolation: 0, interpolation_duration: 1 }
$data merge entity $(bone_book_loot_2) { transformation: [0.040622168541388115f,-0.2201478099228309f,0.9746203266960812f,0.027540252064013393f,0.1306567254660953f,0.9682202901685517f,0.2132563945029617f,2.1917615408245554f,-0.9905951037197147f,0.11867776325877794f,0.06809499977546812f,-1.432974876333864f,0f,0f,0f,1f], start_interpolation: 0, interpolation_duration: 1 }
$data merge entity $(bone_air_staff_povit_1) { transformation: [-0.000009893674157372681f,0f,0.00001209362793655138f,-0.46793971517503424f,0f,0.000015625f,0f,1.3223725f,-0.00001209362793655138f,0f,-0.000009893674157372681f,0.1984853743079461f,0f,0f,0f,1f], start_interpolation: 0, interpolation_duration: 1 }