# This file was generated by Animated Java via MC-Build. It is not recommended to edit this file directly.
$data merge entity $(bone_wing_right_1) { transformation: [-0.7010344935879017f,-0.16563821055559405f,0.384784441536218f,0.37583889719369357f,-0.11649800518888455f,0.7976120551453905f,0.13110174948566247f,1.2971955344985684f,-0.40239694088227f,0.057649259623446095f,-0.7083062256382501f,-0.2545666448057197f,0f,0f,0f,1f], start_interpolation: 0, interpolation_duration: 1 }
$data merge entity $(bone_wing_right_2) { transformation: [-0.6965470228471872f,0.11289260441968893f,0.37693169783139724f,0.37583889719369357f,0.1935700862560723f,0.7655307517934287f,0.12842620357779183f,1.2971955344985684f,-0.3425680467725162f,0.20302198877443628f,-0.693850996543592f,-0.2545666448057197f,0f,0f,0f,1f], start_interpolation: 0, interpolation_duration: 1 }
$data merge entity $(bone_wing_left_1) { transformation: [0.34651125932948457f,-0.10312619906780751f,0.7322836736321287f,0.3433353960166494f,0.26976873057349987f,0.770586290907325f,-0.019132295076601552f,1.3112477452468037f,-0.6885486356148716f,0.2500123992444428f,0.3610249590559914f,-0.35458703106880735f,0f,0f,0f,1f], start_interpolation: 0, interpolation_duration: 1 }
$data merge entity $(bone_wing_left_2) { transformation: [0.3522605858990259f,0.036566138927926525f,0.7173391088641261f,0.3433353960166494f,-0.044725026660725226f,0.7985289070664874f,-0.018741840075038256f,1.3112477452468037f,-0.7168766641565844f,-0.031851249003837664f,0.3536571027487263f,-0.35458703106880735f,0f,0f,0f,1f], start_interpolation: 0, interpolation_duration: 1 }
$data merge entity $(bone_staff) { transformation: [0.624976474162684f,-0.6056426256393607f,-1.2976932097964609f,-0.22945144861689326f,1.4243842615162432f,0.40934352316641925f,0.49494808372851457f,1.6383535318489804f,0.14812201824173749f,-1.3809566032465914f,0.7158386533721338f,-0.990144706600834f,0f,0f,0f,1f], start_interpolation: 0, interpolation_duration: 1 }
$data merge entity $(bone_arm_right_2) { transformation: [-0.40781004482410144f,-0.036369982362161137f,0.9123421461949134f,-0.11714264172417407f,0.2144071474248982f,0.9674527318192874f,0.13440530803698084f,1.610010944867343f,-0.8875362203728263f,0.2504245117363191f,-0.3867389577582581f,-0.7689944456925057f,0f,0f,0f,1f], start_interpolation: 0, interpolation_duration: 1 }
$data merge entity $(bone_arm_right_1) { transformation: [-0.29581756250943836f,-0.036369982362161137f,0.9545518289197035f,-0.03115422787796944f,0.22893730097030784f,0.9674527318192874f,0.10780966524309596f,1.5363163112229472f,-0.9274048101748259f,0.2504245117363191f,-0.2778630633715481f,-0.46182215172942775f,0f,0f,0f,1f], start_interpolation: 0, interpolation_duration: 1 }
$data merge entity $(bone_arm_left_2) { transformation: [0.5155842436931947f,-0.09444372303590876f,0.851618031064651f,0.09798018892801215f,0.28283340077080915f,0.9569568484641354f,-0.06510650955172159f,1.3535106568028663f,-0.808812805946923f,0.274433914370484f,0.5201037123301069f,0.4190770020263179f,0f,0f,0f,1f], start_interpolation: 0, interpolation_duration: 1 }
$data merge entity $(bone_arm_left_1) { transformation: [0.15089467213276736f,-0.09444372303590876f,0.9840280387778902f,0.1441179371217295f,0.2862414751273463f,0.9569568484641354f,0.047952143794728674f,1.439474716109384f,-0.9462011497767613f,0.274433914370484f,0.17143340049251915f,0.10103513477585888f,0f,0f,0f,1f], start_interpolation: 0, interpolation_duration: 1 }
$data merge entity $(bone_himo_right_2) { transformation: [-0.28903798257606583f,0.5972055055799549f,0.7481995915084078f,-0.2276305076243716f,0.010184006839188738f,0.7834322913110022f,-0.6213937004314511f,1.1571090140290823f,-0.9572634593637517f,-0.171986711801183f,-0.23252363391870415f,-0.2823870439408222f,0f,0f,0f,1f], start_interpolation: 0, interpolation_duration: 1 }
$data merge entity $(bone_himo_right_1) { transformation: [-0.28971250042509666f,0.23404000581387677f,0.9280581570009925f,-0.1779476430530135f,0.03444054504551231f,0.9715637345293817f,-0.23426002348733985f,1.3378130891065454f,-0.9564938661352755f,-0.03590522839311126f,-0.28953462421553666f,-0.29092886566587767f,0f,0f,0f,1f], start_interpolation: 0, interpolation_duration: 1 }
$data merge entity $(bone_himo_left_2) { transformation: [-0.2898084305669726f,0.5501424183474243f,0.783169453635135f,-0.12976841752777818f,0.12143625342801888f,0.8328095408255551f,-0.5400754623784474f,1.115274629144025f,-0.9493494140334601f,-0.06141325789091055f,-0.3081624601237963f,-0.007224941398151715f,0f,0f,0f,1f], start_interpolation: 0, interpolation_duration: 1 }
$data merge entity $(bone_himo_left_1) { transformation: [-0.2929850982530468f,0.2226107269902271f,0.9298409522227632f,-0.08221740026571833f,0.13376112340150895f,0.9724971242428585f,-0.19067591669043132f,1.2964261154602457f,-0.9467141564738634f,0.06851136816800985f,-0.31470382642053873f,0.0036540412182217707f,0f,0f,0f,1f], start_interpolation: 0, interpolation_duration: 1 }
$data merge entity $(bone_ponpon1) { transformation: [-0.8313563549505775f,0.039171678378392284f,0.554357457509421f,0.30256709926034275f,0.11224948352101181f,0.9887891547426336f,0.09846857830096889f,1.9897006542339726f,-0.5442854623564327f,0.14408881662491277f,-0.826433148168124f,0.07769341879546748f,0f,0f,0f,1f], start_interpolation: 0, interpolation_duration: 1 }
$data merge entity $(bone_ponpon2) { transformation: [-0.8313563549505775f,0.039171678378392284f,0.554357457509421f,0.3808175144151987f,0.11224948352101181f,0.9887891547426336f,0.09846857830096889f,1.8711240834748213f,-0.5442854623564327f,0.14408881662491277f,-0.826433148168124f,0.0026149139149579947f,0f,0f,0f,1f], start_interpolation: 0, interpolation_duration: 1 }
$data merge entity $(bone_ponpon3) { transformation: [-0.8313563549505775f,0.039171678378392284f,0.554357457509421f,-0.18585475927312148f,0.11224948352101181f,0.9887891547426336f,0.09846857830096889f,2.055647225802567f,-0.5442854623564327f,0.14408881662491277f,-0.826433148168124f,-0.24207429033893674f,0f,0f,0f,1f], start_interpolation: 0, interpolation_duration: 1 }
$data merge entity $(bone_ponpon4) { transformation: [-0.8313563549505775f,0.039171678378392284f,0.554357457509421f,-0.16995607073955896f,0.11224948352101181f,0.9887891547426336f,0.09846857830096889f,1.9454893663074915f,-0.5442854623564327f,0.14408881662491277f,-0.826433148168124f,-0.35797420489617865f,0f,0f,0f,1f], start_interpolation: 0, interpolation_duration: 1 }
$data merge entity $(bone_ear_edge_a1) { transformation: [-0.8260848169150847f,0.010124371904701987f,0.5634548538755404f,0.21930230424137329f,0.2609343929702721f,0.8930751944606108f,0.36651049044246675f,2.092877709899669f,-0.4994968646824589f,0.44979350165679055f,-0.7403976553445559f,0.04306996679566363f,0f,0f,0f,1f], start_interpolation: 0, interpolation_duration: 1 }
$data merge entity $(bone_ear_edge_a2) { transformation: [-0.8174981427124787f,-0.11922841232584522f,0.5634548538755404f,0.12393726054385007f,0.11801411731086182f,0.9228990890183827f,0.36651049044246675f,2.1157715747788406f,-0.5637104352209441f,0.36611727244599873f,-0.7403976553445559f,-0.018171522543376166f,0f,0f,0f,1f], start_interpolation: 0, interpolation_duration: 1 }
$data merge entity $(bone_ear_edge_b1) { transformation: [-0.8539693257018125f,-0.11939050588286473f,0.5064408137832354f,0.13283471385453877f,0.30670542051493427f,0.6707497242589888f,0.6752974103557984f,2.1289794737002072f,-0.4203191356423702f,0.732011416927034f,-0.5361819744278304f,-0.06838948880642826f,0f,0f,0f,1f], start_interpolation: 0, interpolation_duration: 1 }
$data merge entity $(bone_ear_edge_b2) { transformation: [-0.7752793966400598f,-0.377438152920448f,0.5064408137832354f,0.15288773080974313f,0.08442112499543607f,0.7326980832657182f,0.6752974103557984f,2.132291583012765f,-0.6259512207831613f,0.566298472096423f,-0.5361819744278304f,-0.04527732603666673f,0f,0f,0f,1f], start_interpolation: 0, interpolation_duration: 1 }
$data merge entity $(bone_ear_right_2) { transformation: [-0.8247787563029034f,-0.2515108452651904f,0.5064408137832354f,0.18115522854801092f,0.19800099354959208f,0.7104709804911996f,0.6752974103557984f,2.2215117174525503f,-0.5296561240133172f,0.6572467425509713f,-0.5361819744278304f,0.03550856823587109f,0f,0f,0f,1f], start_interpolation: 0, interpolation_duration: 1 }
$data merge entity $(bone_ear_right_1) { transformation: [-0.8247787563029034f,-0.04752505439796638f,0.5634548538755404f,0.19184836578755332f,0.19800099354959208f,0.9091015713048772f,0.36651049044246675f,2.0169638639089533f,-0.5296561240133172f,0.4138546873668021f,-0.7403976553445559f,-0.05760873642165923f,0f,0f,0f,1f], start_interpolation: 0, interpolation_duration: 1 }
$data merge entity $(bone_ear_edge_a3) { transformation: [-0.82724877921621f,-0.09136337662860917f,0.554357457509421f,-0.08764737274790205f,-0.04381319634821654f,0.9941752073518724f,0.09846857830096889f,2.152319064905212f,-0.5601248620718805f,0.05716983905767392f,-0.826433148168124f,-0.19114925695392376f,0f,0f,0f,1f], start_interpolation: 0, interpolation_duration: 1 }
$data merge entity $(bone_ear_edge_a4) { transformation: [-0.8313563549505776f,0.03917167837839229f,0.554357457509421f,0.008507166941986319f,0.11224948352101181f,0.9887891547426336f,0.09846857830096889f,2.149354013579101f,-0.5442854623564327f,0.1440888166249128f,-0.826433148168124f,-0.12700369130313838f,0f,0f,0f,1f], start_interpolation: 0, interpolation_duration: 1 }
$data merge entity $(bone_ear_edge_b3) { transformation: [-0.816138004908057f,-0.16311519318686205f,0.554357457509421f,0.026907534232074724f,-0.13029455252660543f,0.9865734988683192f,0.09846857830096889f,2.142575497294094f,-0.5629760976512133f,0.00813419217470883f,-0.826433148168124f,-0.11546868694406956f,0f,0f,0f,1f], start_interpolation: 0, interpolation_duration: 1 }
$data merge entity $(bone_ear_edge_b4) { transformation: [-0.8265987344994267f,0.09706874588474587f,0.554357457509421f,0.003100656366747702f,0.1809504941320743f,0.9785503859080247f,0.09846857830096889f,2.1557318472524716f,-0.5329084825721064f,0.18170525807366872f,-0.826433148168124f,-0.12987037597966872f,0f,0f,0f,1f], start_interpolation: 0, interpolation_duration: 1 }
$data merge entity $(bone_ear_left_2) { transformation: [-0.8316068297503858f,-0.03343486228779387f,0.554357457509421f,-0.023513566964844655f,0.02564368714474538f,0.994809700594545f,0.09846857830096889f,2.2688584174229787f,-0.554772459682468f,0.09610291143762444f,-0.826433148168124f,-0.17205694693730195f,0f,0f,0f,1f], start_interpolation: 0, interpolation_duration: 1 }
$data merge entity $(bone_ear_left_1) { transformation: [-0.8316068297503858f,-0.03343486228779387f,0.554357457509421f,-0.015990722950091046f,0.02564368714474538f,0.994809700594545f,0.09846857830096889f,2.0450262347892063f,-0.554772459682468f,0.09610291143762444f,-0.826433148168124f,-0.1936801020107674f,0f,0f,0f,1f], start_interpolation: 0, interpolation_duration: 1 }
$data merge entity $(bone_head) { transformation: [-0.8313563549505775f,0.039171678378392284f,0.554357457509421f,0.05052966570263567f,0.11224948352101181f,0.9887891547426336f,0.09846857830096889f,1.5211634644715746f,-0.5442854623564327f,0.14408881662491277f,-0.826433148168124f,-0.17366390185622727f,0f,0f,0f,1f], start_interpolation: 0, interpolation_duration: 1 }
$data merge entity $(bone_body_1) { transformation: [-0.3063367769193445f,-0.05067971223308457f,0.9505731670285247f,0.06953455779004239f,0.13243831566815922f,0.9866010638033434f,0.09528081362526121f,1.1511880655453208f,-0.9426653020291181f,0.15508032650882086f,-0.29552025426401607f,-0.23181902429703508f,0f,0f,0f,1f], start_interpolation: 0, interpolation_duration: 1 }
$data merge entity $(bone_leg_left_2) { transformation: [-0.572600609371351f,-0.478022503628301f,0.6660503195498733f,-0.03211800502186235f,-0.30669033900733034f,0.8783290318341386f,0.36671398636658703f,0.7053658693401336f,-0.7603088702015296f,0.005709453759813521f,-0.6495366225476732f,0.0603332873045927f,0f,0f,0f,1f], start_interpolation: 0, interpolation_duration: 1 }
$data merge entity $(bone_leg_left_1) { transformation: [-0.572600609371351f,0.43132326928378767f,0.6972006737818766f,0.15384390137608844f,-0.30669033900733034f,0.675975925887662f,-0.6700728196098442f,0.8512187784645929f,-0.7603088702015296f,-0.5975088158300792f,-0.2547815474052435f,-0.13855112006504577f,0f,0f,0f,1f], start_interpolation: 0, interpolation_duration: 1 }
$data merge entity $(bone_leg_right_2) { transformation: [-0.5782368836626092f,0.15092317730220633f,0.8017881895645266f,-0.1473335313825521f,0.11297627963665566f,0.9880856315433887f,-0.10451385064651941f,0.5146888752900654f,-0.8080089520615564f,0.030149283416187084f,-0.5883982954579967f,-0.27897611294745117f,0f,0f,0f,1f], start_interpolation: 0, interpolation_duration: 1 }
$data merge entity $(bone_leg_right_1) { transformation: [-0.5782368836626092f,0.4203952072814977f,0.6992209779940107f,0.019507358607483476f,0.11297627963665566f,0.8900278145370228f,-0.44168637016542744f,0.8610017296258022f,-0.8080089520615564f,-0.17640396550303916f,-0.5621415963466749f,-0.34995109196941976f,0f,0f,0f,1f], start_interpolation: 0, interpolation_duration: 1 }
$data merge entity $(bone_skirt_forward_right) { transformation: [-0.5296224346108727f,0.4661740887226241f,0.7086478644294942f,0.06489816267179961f,0.10766676469935269f,0.865628060839053f,-0.4889743634048672f,1.0380809365389154f,-0.8413726549728283f,-0.18267396993455828f,-0.5086474969685015f,-0.22793563543637987f,0f,0f,0f,1f], start_interpolation: 0, interpolation_duration: 1 }
$data merge entity $(bone_skirt_forward_left) { transformation: [-0.6780881850916687f,0.27355014347361073f,0.6821779329798446f,0.06839699639654728f,-0.26770502651563743f,0.7724764312578493f,-0.5758595157930441f,1.0058992588049918f,-0.6844928283169579f,-0.5731059955686244f,-0.4505763928857647f,-0.23742185732902257f,0f,0f,0f,1f], start_interpolation: 0, interpolation_duration: 1 }
$data merge entity $(bone_skirt_forward) { transformation: [-0.5931875233924477f,0.38500719699551544f,0.7070346670094688f,0.07211704761546553f,-0.02147693342374199f,0.8703533551281111f,-0.4919591228424902f,1.0544000619475675f,-0.8047777975455376f,-0.3070089501608977f,-0.5080139772672174f,-0.2336920532518967f,0f,0f,0f,1f], start_interpolation: 0, interpolation_duration: 1 }
$data merge entity $(bone_skirt_back_right) { transformation: [-0.5933827691192182f,0.003752258851753426f,0.8049116783013637f,0.06146325121607752f,0.1504775237506017f,0.982876434285381f,0.10635050433515714f,1.0293098710631132f,-0.790729665662226f,0.1842276729483511f,-0.5837865708987657f,-0.22596506477015707f,0f,0f,0f,1f], start_interpolation: 0, interpolation_duration: 1 }
$data merge entity $(bone_skirt_back_left) { transformation: [-0.5585306524224332f,-0.1589376148659658f,0.8141144544136831f,0.061534188022904036f,-0.19646825230805712f,0.9788914807575017f,0.05631780123019242f,1.0284905694582125f,-0.8058807207891183f,-0.1284924257732875f,-0.5779670928169763f,-0.22601651383758165f,0f,0f,0f,1f], start_interpolation: 0, interpolation_duration: 1 }
$data merge entity $(bone_skirt_back) { transformation: [-0.5871162815223624f,-0.08609101059597407f,0.8049116783013637f,0.06038711358362785f,0f,0.9943287033107602f,0.10635050433515714f,1.0417389798544978f,-0.8095026077606879f,0.062440112643285334f,-0.5837865708987657f,-0.225184563362116f,0f,0f,0f,1f], start_interpolation: 0, interpolation_duration: 1 }
$data merge entity $(bone_skirt_right) { transformation: [-0.5378608416403f,0.2265102815425896f,0.8120337476887798f,-0.053039905976226945f,0.14559275985139208f,0.9737128737832983f,-0.1751741639270057f,1.094787544340282f,-0.8303664632611575f,0.024006911175063345f,-0.5567002828335813f,-0.3822626861906524f,0f,0f,0f,1f], start_interpolation: 0, interpolation_duration: 1 }
$data merge entity $(bone_skirt_left) { transformation: [-0.6341662061431533f,0.09694752629750347f,0.7670947791054209f,0.1945013470378937f,-0.21679644621792865f,0.9300156997815581f,-0.2967660679173003f,1.0875238327756755f,-0.7421809239621269f,-0.35450243342551796f,-0.5687666488131227f,-0.08311046890890889f,0f,0f,0f,1f], start_interpolation: 0, interpolation_duration: 1 }
$data merge entity $(bone_coat_downer) { transformation: [-0.5871162815223624f,0.031036427424249557f,0.808907418771823f,0.05407515615997425f,0f,0.9992647472865944f,-0.038340120373552666f,0.9331602967658519f,-0.8095026077606879f,-0.02251010890684f,-0.5866846026832885f,-0.23025761314469445f,0f,0f,0f,1f], start_interpolation: 0, interpolation_duration: 1 }
$data merge entity $(bone_body_2) { transformation: [-0.5871162815223624f,0.045149081468564285f,0.8082425579081437f,0.06875000000000003f,0f,0.9984434270619216f,-0.055773855495610265f,1.15625f,-0.8095026077606879f,-0.03274573864474827f,-0.5862023922070394f,-0.23125f,0f,0f,0f,1f], start_interpolation: 0, interpolation_duration: 1 }
$data merge entity $(bone_book_left) { transformation: [0.697575323680681f,0.30664610522846114f,-0.6475776663381844f,-0.7038605929414778f,-0.33838290696439033f,0.937644893095306f,0.07949253252111828f,0.7943197685747977f,0.6315739672169224f,0.16367718411711474f,0.7578417402950107f,1.0726279775573897f,0f,0f,0f,1f], start_interpolation: 0, interpolation_duration: 1 }
$data merge entity $(bone_book_right) { transformation: [-0.8098353926372481f,0.30664610522846114f,-0.5001347848133441f,-0.7125472433263931f,0.16665860768245955f,0.937644893095306f,0.3050360026908895f,0.7810317939252023f,0.5624869290191715f,0.16367718411711474f,-0.8104432331027719f,1.165024050714218f,0f,0f,0f,1f], start_interpolation: 0, interpolation_duration: 1 }
$data merge entity $(bone_book_loot_1) { transformation: [-0.09265760410576313f,0.30664610522846114f,-0.9473028737154741f,-0.5661084870766143f,-0.1417383962623507f,0.937644893095306f,0.31738349276115346f,0.7400682573358269f,0.9855581136728351f,0.16367718411711474f,-0.043416402121037256f,1.1253384744539594f,0f,0f,0f,1f], start_interpolation: 0, interpolation_duration: 1 }
$data merge entity $(bone_book_left2) { transformation: [0.7385739789239583f,-0.40356490789981586f,0.5400405936300026f,0.4965089290343526f,0.37994023483319733f,0.9108794983897234f,0.16107128039529836f,2.168221394288261f,-0.5569146214738191f,0.08622009351131041f,0.826082441323851f,-1.4350209855376606f,0f,0f,0f,1f], start_interpolation: 0, interpolation_duration: 1 }
$data merge entity $(bone_book_right2) { transformation: [-0.6231822489450307f,-0.40356490789981586f,0.6699098817838314f,0.488365447197314f,-0.20465206293260801f,0.9108794983897234f,0.3583518836991286f,2.1558508713367392f,-0.7548254220263396f,0.08622009351131041f,-0.6502343252533345f,-1.3424482229912416f,0f,0f,0f,1f], start_interpolation: 0, interpolation_duration: 1 }
$data merge entity $(bone_book_loot_2) { transformation: [0.08686380626174511f,-0.40356490789981586f,0.9108183376906369f,0.35581443746223773f,0.13195224481623438f,0.9108794983897234f,0.3910078573395201f,2.103384954211572f,-0.9874428004951368f,0.08622009351131041f,0.13237375580235816f,-1.4085906676348048f,0f,0f,0f,1f], start_interpolation: 0, interpolation_duration: 1 }
$data merge entity $(bone_air_staff_povit_1) { transformation: [-0.000009173691898786913f,0f,0.00001264847824626075f,-0.49202055459736066f,0f,0.000015625f,0f,1.3223725f,-0.00001264847824626075f,0f,-0.000009173691898786913f,0.1665498584751114f,0f,0f,0f,1f], start_interpolation: 0, interpolation_duration: 1 }