# This file was generated by Animated Java via MC-Build. It is not recommended to edit this file directly.
$data merge entity $(bone_wing_right_1) { transformation: [-0.6844280430906375f,-0.11847140286390688f,-0.42949647842447153f,-0.01920759303692389f,-0.12081474371841122f,0.80711939025357f,-0.030108670203186663f,1.4267073146864089f,0.42884320675022847f,0.03830484335704195f,-0.6939529432490489f,-0.42970909111978206f,0f,0f,0f,1f], start_interpolation: 0, interpolation_duration: 1 }
$data merge entity $(bone_wing_right_2) { transformation: [-0.6638361830921734f,0.14935441806659672f,-0.4207312441709109f,-0.01920759303692389f,0.19322737924272773f,0.7757533574740246f,-0.029494207545978774f,1.4267073146864089f,0.40247323131930335f,-0.12609514729666021f,-0.6797906382847826f,-0.42970909111978206f,0f,0f,0f,1f], start_interpolation: 0, interpolation_duration: 1 }
$data merge entity $(bone_wing_left_1) { transformation: [-0.7988356578175503f,0.1430680071116975f,0.09131035858396935f,-0.07870733015012392f,0.1397519693214835f,0.8037802464399851f,-0.03675795081459282f,1.4274669637928667f,-0.09630899913514272f,-0.020329909454007963f,-0.8107130909955896f,-0.41636979216563835f,0f,0f,0f,1f], start_interpolation: 0, interpolation_duration: 1 }
$data merge entity $(bone_wing_left_2) { transformation: [-0.7765985339960445f,-0.16998227059745433f,0.08944688187817407f,-0.07870733015012392f,-0.17483696276634847f,0.7798304146506186f,-0.03600778855307052f,1.4274669637928667f,-0.07954089165852178f,-0.05450277119906796f,-0.7941679258732307f,-0.41636979216563835f,0f,0f,0f,1f], start_interpolation: 0, interpolation_duration: 1 }
$data merge entity $(bone_staff) { transformation: [-0.17121555142243877f,-0.23749648295864745f,1.534824714921343f,-0.5233851400779419f,1.5483918826806584f,0.09392318021248787f,0.18726255329728872f,1.347805086150289f,-0.12072308229894388f,1.5414863303970763f,0.22506017106364481f,0.3741675590943948f,0f,0f,0f,1f], start_interpolation: 0, interpolation_duration: 1 }
$data merge entity $(bone_arm_right_2) { transformation: [-0.28322790709245826f,-0.6453251515545749f,-0.7094627554812798f,-0.4777561091568987f,-0.3774228621295954f,0.7550614648176105f,-0.5361288720908332f,1.4523640704109524f,0.8816654330220336f,0.11592080537396697f,-0.4574149441104003f,0.15208686762700696f,0f,0f,0f,1f], start_interpolation: 0, interpolation_duration: 1 }
$data merge entity $(bone_arm_right_1) { transformation: [-0.6181373307051887f,-0.6453251515545749f,-0.448844838624361f,-0.2598768110103172f,-0.6052966295002573f,0.7550614648176105f,-0.25198844152681443f,1.6679985135885524f,0.5015199205458266f,0.11592080537396697f,-0.8573448175484345f,-0.018014819210604077f,0f,0f,0f,1f], start_interpolation: 0, interpolation_duration: 1 }
$data merge entity $(bone_arm_left_2) { transformation: [0.195330223114819f,0.9622118921229226f,0.18972184532925973f,0.49872385108966577f,0.5665502640206583f,0.04719844852477373f,-0.8226743613331925f,1.434707563423821f,-0.8005416305702264f,0.2681801281118325f,-0.535922118045042f,0.015502615012605914f,0f,0f,0f,1f], start_interpolation: 0, interpolation_duration: 1 }
$data merge entity $(bone_arm_left_1) { transformation: [-0.48643452292782047f,0.8353343952270156f,0.2561208758666489f,0.3191724843953242f,0.6787068970626209f,0.5458669127863164f,-0.49131075848668787f,1.6550764589978413f,-0.5502166871184588f,-0.06515950948136348f,-0.8324757266975031f,-0.15831017641132744f,0f,0f,0f,1f], start_interpolation: 0, interpolation_duration: 1 }
$data merge entity $(bone_himo_right_2) { transformation: [-0.9757028346632388f,-0.11585971008872438f,-0.18595834482022314f,-0.07249521667627269f,0.012457059854064758f,0.8180365690510784f,-0.5750312977177262f,1.3342148864345755f,0.21874368582867146f,-0.5633761614350545f,-0.7967173279380777f,0.1915660055811556f,0f,0f,0f,1f], start_interpolation: 0, interpolation_duration: 1 }
$data merge entity $(bone_himo_right_1) { transformation: [-0.9757028346632388f,-0.03850327188796182f,-0.21568837818492206f,-0.08106263251892129f,0.012457059854064758f,0.9730961606286387f,-0.23006234770078005f,1.5152325268793154f,0.21874368582867146f,-0.2271593278378064f,-0.9489730447627915f,0.14304255008179947f,0f,0f,0f,1f], start_interpolation: 0, interpolation_duration: 1 }
$data merge entity $(bone_himo_left_2) { transformation: [-0.9757028346632388f,-0.10019004715172687f,-0.1948484869888782f,0.22571293129997752f,0.012457059854064758f,0.8625145000076362f,-0.5058789963384224f,1.324705715268228f,0.21874368582867146f,-0.4960148099888873f,-0.8403097691814462f,0.0936477122856293f,0f,0f,0f,1f], start_interpolation: 0, interpolation_duration: 1 }
$data merge entity $(bone_himo_left_1) { transformation: [-0.9757028346632388f,-0.002662218340335532f,-0.2190819276518003f,0.22384450331334085f,0.012457059854064758f,0.9976346186898511f,-0.06760169562479516f,1.51133969567492f,0.21874368582867146f,-0.0686882827348564f,-0.973361762000657f,0.07468514826033965f,0f,0f,0f,1f], start_interpolation: 0, interpolation_duration: 1 }
$data merge entity $(bone_ponpon1) { transformation: [-0.9992352318327173f,0.02835666048010929f,-0.02692306205897002f,0.33663310702686483f,0.02780501135264181f,0.999400094749243f,0.020647807604771883f,2.192382153350549f,0.02749241364258148f,0.019883420772594113f,-0.9994242426369719f,-0.07060675317617618f,0f,0f,0f,1f], start_interpolation: 0, interpolation_duration: 1 }
$data merge entity $(bone_ponpon2) { transformation: [-0.9992352318327173f,0.02835666048010929f,-0.02692306205897002f,0.36803580859254964f,0.02780501135264181f,0.999400094749243f,0.020647807604771883f,2.068350185544117f,0.02749241364258148f,0.019883420772594113f,-0.9994242426369719f,-0.16781916903156335f,0f,0f,0f,1f], start_interpolation: 0, interpolation_duration: 1 }
$data merge entity $(bone_ponpon3) { transformation: [-0.9992352318327173f,0.02835666048010929f,-0.02692306205897002f,-0.2504175916748566f,0.02780501135264181f,0.999400094749243f,0.020647807604771883f,2.2087175975202262f,0.02749241364258148f,0.019883420772594113f,-0.9994242426369719f,-0.054454960161159555f,0f,0f,0f,1f], start_interpolation: 0, interpolation_duration: 1 }
$data merge entity $(bone_ponpon4) { transformation: [-0.9992352318327173f,0.02835666048010929f,-0.02692306205897002f,-0.29395753249662554f,0.02780501135264181f,0.999400094749243f,0.020647807604771883f,2.086771005565242f,0.02749241364258148f,0.019883420772594113f,-0.9994242426369719f,-0.14960544499335313f,0f,0f,0f,1f], start_interpolation: 0, interpolation_duration: 1 }
$data merge entity $(bone_ear_edge_a1) { transformation: [-0.9824969837310802f,0.18432301897267084f,-0.026920282987545178f,0.24063547995200935f,0.1838032699818161f,0.9827456625128068f,0.020671738104380402f,2.302280830034742f,0.03026606851443909f,0.015361884294086005f,-0.9994238228137321f,-0.0876352052494836f,0f,0f,0f,1f], start_interpolation: 0, interpolation_duration: 1 }
$data merge entity $(bone_ear_edge_a2) { transformation: [-0.9992352883686688f,0.028357306688991418f,-0.026920282987545178f,0.12582431873696887f,0.02780505473850181f,0.999399598846594f,0.020671738104380402f,2.315554887880504f,0.027490314835809822f,0.01990741024376757f,-0.9994238228137321f,-0.08426811841345694f,0f,0f,0f,1f], start_interpolation: 0, interpolation_duration: 1 }
$data merge entity $(bone_ear_edge_b1) { transformation: [-0.9626933496303539f,0.26925266937200065f,-0.026916809126285943f,0.10338221529124905f,0.26875567372856607f,0.9629858926670738f,0.020701651212012513f,2.311858004700501f,0.031494482313468165f,0.012695296776813492f,-0.9994232972187286f,-0.08374376025009192f,0f,0f,0f,1f], start_interpolation: 0, interpolation_duration: 1 }
$data merge entity $(bone_ear_edge_b2) { transformation: [-0.9987794339767239f,-0.04141409967141664f,-0.026916809126285943f,0.1327509957940387f,-0.04197717138660789f,0.9989040788381414f,0.020701651212012513f,2.3210438371739883f,0.0260299701788975f,0.021806274989792207f,-0.9994232972187286f,-0.08434445863362769f,0f,0f,0f,1f], start_interpolation: 0, interpolation_duration: 1 }
$data merge entity $(bone_ear_right_2) { transformation: [-0.9929613942922421f,0.11533930306563021f,-0.026916809126285943f,0.19262164931767606f,0.1148026624498328f,0.9931725883911245f,0.020701651212012513f,2.424758261667229f,0.0291207510142845f,0.017465819099280123f,-0.9994232972187286f,-0.11507664908498359f,0f,0f,0f,1f], start_interpolation: 0, interpolation_duration: 1 }
$data merge entity $(bone_ear_right_1) { transformation: [-0.9929613942922421f,0.11533849231317657f,-0.026920282987545178f,0.16667048854721137f,0.1148026624498328f,0.9931732114481209f,0.020671738104380402f,2.2012942890914022f,0.0291207510142845f,0.017435717729696584f,-0.9994238228137321f,-0.11899968557416532f,0f,0f,0f,1f], start_interpolation: 0, interpolation_duration: 1 }
$data merge entity $(bone_ear_edge_a3) { transformation: [-0.9913689470055876f,-0.12830728600668334f,-0.02692306205897002f,-0.14954242767342824f,-0.12887793366013411f,0.9914454832498912f,0.020647807604771883f,2.3131388371471275f,0.024043484117865856f,0.023939383889080346f,-0.9994242426369719f,-0.07690268323795542f,0f,0f,0f,1f], start_interpolation: 0, interpolation_duration: 1 }
$data merge entity $(bone_ear_edge_a4) { transformation: [-0.9992352318327173f,0.0283566604801093f,-0.02692306205897002f,-0.03415974461575322f,0.027805011352641802f,0.999400094749243f,0.020647807604771883f,2.320007453862104f,0.027492413642581485f,0.01988342077259411f,-0.9994242426369719f,-0.07986902439076589f,0f,0f,0f,1f], start_interpolation: 0, interpolation_duration: 1 }
$data merge entity $(bone_ear_edge_b3) { transformation: [-0.9764137720479145f,-0.21422253495963492f,-0.02692306205897002f,-0.011962836274197627f,-0.2147976816997005f,0.9764402818286179f,0.020647807604771883f,2.3150692941262734f,0.021865536618096936f,0.025943815022418916f,-0.9994242426369719f,-0.08056899831885295f,0f,0f,0f,1f], start_interpolation: 0, interpolation_duration: 1 }
$data merge entity $(bone_ear_edge_b4) { transformation: [-0.9948230843871082f,0.09799071129392442f,-0.02692306205897002f,-0.04076439849005541f,0.09745190621171365f,0.9950260268037313f,0.020647807604771883f,2.3258738050459042f,0.02881244082377889f,0.01791721192850794f,-0.9994242426369719f,-0.07956990737522081f,0f,0f,0f,1f], start_interpolation: 0, interpolation_duration: 1 }
$data merge entity $(bone_ear_left_2) { transformation: [-0.9979042859042163f,-0.05884033398413628f,-0.02692306205897002f,-0.0963773945573986f,-0.05940425267006767f,0.9980204420781306f,0.020647807604771883f,2.4328001413971423f,0.02565484240268519f,0.022203880084530572f,-0.9994242426369719f,-0.10713070914450058f,0f,0f,0f,1f], start_interpolation: 0, interpolation_duration: 1 }
$data merge entity $(bone_ear_left_1) { transformation: [-0.9979042859042163f,-0.05884033398413628f,-0.02692306205897002f,-0.08313831941096796f,-0.05940425267006767f,0.9980204420781306f,0.020647807604771883f,2.2082455419295632f,0.02565484240268519f,0.022203880084530572f,-0.9994242426369719f,-0.11212658216351995f,0f,0f,0f,1f], start_interpolation: 0, interpolation_duration: 1 }
$data merge entity $(bone_head) { transformation: [-0.9992352318327173f,0.02835666048010929f,-0.02692306205897002f,0.0280746417614085f,0.02780501135264181f,0.999400094749243f,0.020647807604771883f,1.6919321229638464f,0.02749241364258148f,0.019883420772594113f,-0.9994242426369719f,-0.09452137943239175f,0f,0f,0f,1f], start_interpolation: 0, interpolation_duration: 1 }
$data merge entity $(bone_body_1) { transformation: [-0.9757028346632388f,0.0026670935219072836f,-0.21908186835579452f,0.027074481690693267f,0.012457059854064758f,0.9989837059716749f,-0.043317165914801475f,1.3173132332244684f,0.21874368582867146f,-0.04499379751969804f,-0.9747444578425895f,-0.07764870536250498f,0f,0f,0f,1f], start_interpolation: 0, interpolation_duration: 1 }
$data merge entity $(bone_leg_left_2) { transformation: [-0.9757772176487168f,-0.18386184925333618f,-0.11854805737283097f,0.22892151781118647f,-0.09560798052371065f,0.8458086973095935f,-0.5248492751406122f,0.932287945885229f,0.19676873628172317f,-0.5008018250212272f,-0.8428995174263072f,0.25438535855843436f,0f,0f,0f,1f], start_interpolation: 0, interpolation_duration: 1 }
$data merge entity $(bone_leg_left_1) { transformation: [-0.9757772176487168f,-0.21760017218573985f,0.022560730982504038f,0.1575275730997885f,-0.09560798052371065f,0.3314149335465816f,-0.9386283907289895f,1.0192246776811684f,0.19676873628172317f,-0.9180491854400019f,-0.34419145476760793f,-0.057415898727028805f,0f,0f,0f,1f], start_interpolation: 0, interpolation_duration: 1 }
$data merge entity $(bone_leg_right_2) { transformation: [-0.9750955400275723f,0.1343963936011649f,-0.17642646401642198f,-0.061980957402501695f,0.1859058543547892f,0.9290904712587948f,-0.3197341231910136f,0.9648559143374573f,0.12094503352743752f,-0.3445700300419512f,-0.9309370511811932f,0.3016825055133957f,0f,0f,0f,1f], start_interpolation: 0, interpolation_duration: 1 }
$data merge entity $(bone_leg_right_1) { transformation: [-0.9750955400275723f,-0.06074542128050857f,-0.21330419970500022f,-0.0923399665738036f,0.1859058543547892f,0.3006056698934726f,-0.9354545657296843f,1.0245992106029687f,0.12094503352743752f,-0.9518120744250673f,-0.2818263185788311f,-0.034913068438538905f,0f,0f,0f,1f], start_interpolation: 0, interpolation_duration: 1 }
$data merge entity $(bone_skirt_forward_right) { transformation: [-0.9879830297375561f,0.06367080387529786f,-0.14083877905063044f,0.029175180565031412f,0.13298485216851766f,0.8145507709244577f,-0.5646433127914373f,1.2160279701683336f,0.07876904242350828f,-0.5765874351043777f,-0.8132295909738149f,-0.06595043718884763f,0f,0f,0f,1f], start_interpolation: 0, interpolation_duration: 1 }
$data merge entity $(bone_skirt_forward_left) { transformation: [-0.9654740134709325f,-0.23344896904861878f,-0.11559199004457985f,0.02665358348849875f,-0.10495155646027862f,0.7547105240667976f,-0.6476088292012273f,1.1843337812403196f,0.23842210490827853f,-0.6131179362186011f,-0.7531542313352219f,-0.07181267330766566f,0f,0f,0f,1f], start_interpolation: 0, interpolation_duration: 1 }
$data merge entity $(bone_skirt_forward) { transformation: [-0.984373890595202f,-0.10610186943409394f,-0.14053624734229794f,0.028620656801507056f,-0.009175236939283824f,0.8279094054986833f,-0.5607867966651181f,1.2203549008986119f,0.17585180846830398f,-0.5507344274597396f,-0.8159459123428584f,-0.0688287590228197f,0f,0f,0f,1f], start_interpolation: 0, interpolation_duration: 1 }
$data merge entity $(bone_skirt_back_right) { transformation: [-0.9813161312257788f,0.08786773098830837f,-0.17116632977030324f,0.029432730428086456f,0.11480469109621522f,0.9813100802655305f,-0.15443577717472234f,1.2336493000959032f,0.1543973234818937f,-0.17120101699529752f,-0.9730630392124671f,-0.06419639509443247f,0f,0f,0f,1f], start_interpolation: 0, interpolation_duration: 1 }
$data merge entity $(bone_skirt_back_left) { transformation: [-0.9787275045053362f,-0.1153739840049515f,-0.1696505695233058f,0.029342744630250432f,-0.0883861985139291f,0.9833413228287377f,-0.15883237305311726f,1.237094328284958f,0.18514953912179508f,-0.14045884319705004f,-0.9726206668227512f,-0.06470970688085087f,0f,0f,0f,1f], start_interpolation: 0, interpolation_duration: 1 }
$data merge entity $(bone_skirt_back) { transformation: [-0.9849795189917127f,-0.025826651626899833f,-0.17072882367250414f,0.029342744630250432f,0f,0.9887509476295363f,-0.14957126582901484f,1.237094328284958f,0.17267121116982487f,-0.14732463347124464f,-0.9738994327987408f,-0.06470970688085087f,0f,0f,0f,1f], start_interpolation: 0, interpolation_duration: 1 }
$data merge entity $(bone_skirt_right) { transformation: [-0.9810478456527902f,0.11243799575645556f,-0.15780627886839688f,-0.16179471763081613f,0.15481330447458436f,0.9446047078866295f,-0.28940419243002474f,1.261644538878266f,0.11652452659281046f,-0.30834987100481565f,-0.9441093113372173f,-0.032952737530558295f,0f,0f,0f,1f], start_interpolation: 0, interpolation_duration: 1 }
$data merge entity $(bone_skirt_left) { transformation: [-0.9704153226739638f,-0.18244115652267998f,-0.1581433714268591f,0.21860620677777381f,-0.11608646228463003f,0.9268820342023208f,-0.35695045587196894f,1.2530151035776873f,0.21170270379432024f,-0.3280318872909069f,-0.9206394767369798f,-0.10715665586308518f,0f,0f,0f,1f], start_interpolation: 0, interpolation_duration: 1 }
$data merge entity $(bone_coat_downer) { transformation: [-0.9849795189917127f,-0.05382622427121064f,-0.16406731773134947f,0.027711652319753508f,0f,0.95017181277536f,-0.3117266851060175f,1.1039632377811737f,0.17267121116982487f,-0.30704440035260616f,-0.9358997751069577f,-0.028769103704841106f,0f,0f,0f,1f], start_interpolation: 0, interpolation_duration: 1 }
$data merge entity $(bone_body_2) { transformation: [-0.9849795189917127f,-0.044212273283921674f,-0.1669150144771946f,0.025528125000000016f,0f,0.966663830909433f,-0.2560488976963172f,1.3199521875f,0.17267121116982487f,-0.25220292009127676f,-0.9521440751958595f,-0.0864696875f,0f,0f,0f,1f], start_interpolation: 0, interpolation_duration: 1 }
$data merge entity $(bone_book_left) { transformation: [0.6810158073653347f,-0.34903211813845914f,-0.643734456609495f,-0.1686418248355995f,0.03155877076741386f,0.8922686439687584f,-0.4504006116534511f,1.2239666705038925f,0.7315883501711813f,0.28641446803179077f,0.6186640755659529f,0.3344635267056472f,0f,0f,0f,1f], start_interpolation: 0, interpolation_duration: 1 }
$data merge entity $(bone_book_right) { transformation: [0.5845627708388341f,-0.34903211813845914f,-0.7324363094884122f,-0.10917229809256689f,-0.03157648517771682f,0.8922686439687584f,-0.4503993700861208f,1.2239658381039014f,0.810733798810094f,0.28641446803179077f,0.5105658233460404f,0.40693723151136857f,0f,0f,0f,1f], start_interpolation: 0, interpolation_duration: 1 }
$data merge entity $(bone_book_loot_1) { transformation: [0.6343416185923478f,-0.34903211813845914f,-0.6897733623657997f,-0.03544105710921322f,-0.00000887893323853195f,0.8922686439687584f,-0.4515048913481642f,1.2916919880061215f,0.7730528512610277f,0.28641446803179077f,0.5660000368014664f,0.2858003735882879f,0f,0f,0f,1f], start_interpolation: 0, interpolation_duration: 1 }
$data merge entity $(bone_book_left2) { transformation: [-0.8599006064522969f,-0.4951015162048962f,-0.12427966718085831f,0.6371476622772166f,-0.5090740944873335f,0.8496971653257616f,0.13732550221742018f,2.3281419177599902f,0.03761001654976087f,0.1813538416714085f,-0.9826984638057333f,-0.3183044978275134f,0f,0f,0f,1f], start_interpolation: 0, interpolation_duration: 1 }
$data merge entity $(bone_book_right2) { transformation: [-0.4407318615381708f,-0.4951015162048962f,-0.7487522386455425f,0.7047779208595202f,-0.425499841459422f,0.8496971653257616f,-0.31139141310474827f,2.3767378728110087f,0.7903830154697817f,0.1813538416714085f,-0.5851542300692324f,-0.36135846137060834f,0f,0f,0f,1f], start_interpolation: 0, interpolation_duration: 1 }
$data merge entity $(bone_book_loot_2) { transformation: [-0.7213894248779036f,-0.4951015162048962f,-0.4842228684458638f,0.743596221835248f,-0.518356853877532f,0.8496971653257616f,-0.09654480449797471f,2.366921615960196f,0.4592422777930123f,0.1813538416714085f,-0.869601813704702f,-0.20939120754335552f,0f,0f,0f,1f], start_interpolation: 0, interpolation_duration: 1 }
$data merge entity $(bone_air_staff_povit_1) { transformation: [-0.000015390304984245513f,0f,-0.0000026979876745285136f,0.1371304930009319f,0f,0.000015625f,0f,1.4860746875f,0.0000026979876745285136f,0f,-0.000015390304984245513f,0.5919499862734205f,0f,0f,0f,1f], start_interpolation: 0, interpolation_duration: 1 }