execute if entity @s[tag=aj.tultaria.bone.head] run data modify entity @s {} merge value {transformation:[-0.908292204797194f,0.07264333838986964f,-0.4119808443268048f,0f,-6.938893903907228e-18f,0.984807753012208f,0.17364817766693033f,1.625f,0.41833631291659595f,0.15772328615211104f,-0.894493205284829f,0f,0f,0f,0f,1f],start_interpolation:0}
execute if entity @s[tag=aj.tultaria.bone.bust] run data modify entity @s {} merge value {transformation:[-0.3464511336310738f,-0.46903401049543936f,-0.8123907366558951f,0.0674236390087194f,0f,0.8660254037844387f,-0.49999999999999994f,1.515625f,0.9380680209908788f,-0.17322556681553689f,-0.3000354828944272f,0.024901175229733452f,0f,0f,0f,1f],start_interpolation:0}
execute if entity @s[tag=aj.tultaria.bone.left_wing] run data modify entity @s {} merge value {transformation:[0.03890397868763473f,0f,-0.9992429536615568f,-0.09560530677191781f,0f,1f,0f,1.40625f,0.9992429536615568f,0f,0.03890397868763473f,-0.10193564301581415f,0f,0f,0f,1f],start_interpolation:0}
execute if entity @s[tag=aj.tultaria.bone.right_wing] run data modify entity @s {} merge value {transformation:[-0.6790622014417984f,0f,-0.7340807357321253f,-0.1389116984758021f,0f,1f,0f,1.40625f,0.7340807357321253f,0f,-0.6790622014417984f,0.015322859608045691f,0f,0f,0f,1f],start_interpolation:0}
execute if entity @s[tag=aj.tultaria.bone.body] run data modify entity @s {} merge value {transformation:[-0.3464511336310738f,0f,-0.9380680209908788f,0.6422595773109763f,0f,1f,0f,0.34375f,0.9380680209908788f,0f,-0.3464511336310738f,-0.2958084436799025f,0f,0f,0f,1f],start_interpolation:0}
execute if entity @s[tag=aj.tultaria.bone.right_ring] run data modify entity @s {} merge value {transformation:[0.8434730702689859f,0.030930033493660296f,0.5362802557983009f,-0.12960317551664785f,-0.5368583006194351f,0.014453788651043076f,0.8435486074018752f,1.4925380543318492f,0.018339705205434487f,-0.9994170405900192f,0.028796426710022915f,0.8236454351148907f,0f,0f,0f,1f],start_interpolation:0}
execute if entity @s[tag=aj.tultaria.bone.sword] run data modify entity @s {} merge value {transformation:[4.269578993485226e-7f,3.0930033493660297e-7f,-0.000009986092341601493f,-0.1506381461916742f,0.000009989636736467277f,1.4453788651043077e-7f,4.3158622868035893e-7f,1.5212682563482067f,1.5768584466379337e-7f,-0.000009994170405900194f,-3.0280863960835445e-7f,1.0422875425091438f,0f,0f,0f,1f],start_interpolation:0}
execute if entity @s[tag=aj.tultaria.bone.right_hand] run data modify entity @s {} merge value {transformation:[0.042695789934852256f,0.030930033493660296f,-0.9986092341601492f,-0.2183899734857774f,0.9989636736467276f,0.014453788651043076f,0.04315862286803589f,1.498842579702453f,0.015768584466379337f,-0.9994170405900192f,-0.03028086396083544f,0.6646476915263719f,0f,0f,0f,1f],start_interpolation:0}
execute if entity @s[tag=aj.tultaria.bone.right_arm] run data modify entity @s {} merge value {transformation:[0.042695789934852256f,0.01642339208721222f,-0.9989531228812434f,-0.11909257718568163f,0.9989636736467276f,0.015079081797414018f,0.04294415008334976f,1.5f,0.015768584466379337f,-0.9997514158452074f,-0.01576255878434918f,0.3224608822156146f,0f,0f,0f,1f],start_interpolation:0}
execute if entity @s[tag=aj.tultaria.bone.left_ring] run data modify entity @s {} merge value {transformation:[0.8897314878182f,-0.45473711940816713f,-0.03990027339723784f,0.22902013155234996f,0.3469068910760515f,0.7303798746375958f,-0.5883883476483182f,1.1894376349864086f,0.2967043789848077f,0.5096659601707103f,0.807593412884545f,-0.6504938572391306f,0f,0f,0f,1f],start_interpolation:0}
execute if entity @s[tag=aj.tultaria.bone.left_hand] run data modify entity @s {} merge value {transformation:[-0.4794203942890527f,-0.45473711940816713f,-0.750579934298867f,0.08760058780430505f,-0.6830127018922192f,0.7303798746375958f,-0.006236006595582488f,1.302974864780197f,0.551044221994587f,0.5096659601707103f,-0.660750236057202f,-0.6328038855928197f,0f,0f,0f,1f],start_interpolation:0}
execute if entity @s[tag=aj.tultaria.bone.left_arm] run data modify entity @s {} merge value {transformation:[-0.4794203942890527f,-0.13288781177249265f,-0.8674658004913207f,0.11909257718568163f,-0.6830127018922192f,0.6771694335440831f,0.27374295849843505f,1.53125f,0.551044221994587f,0.7237281172898453f,-0.4154129001974736f,-0.3224608822156146f,0f,0f,0f,1f],start_interpolation:0}
execute if entity @s[tag=aj.tultaria.bone.leftfoot] run data modify entity @s {} merge value {transformation:[-0.2456474022687677f,-0.07133204172054441f,-0.9667311382088533f,0.34148286687341883f,0.3213938048432696f,0.9348855401575871f,-0.15064876040851774f,0.5622652799109453f,0.9145290459941513f,-0.34770787541877046f,-0.20672652806254033f,0.061772074138787866f,0f,0f,0f,1f],start_interpolation:0}
execute if entity @s[tag=aj.tultaria.bone.leftleg] run data modify entity @s {} merge value {transformation:[-0.2456474022687677f,-0.3390017375049017f,-0.9081493135642751f,0.056189147557857824f,0.3213938048432696f,0.8553808326056951f,-0.4062384194277471f,0.84375f,0.9145290459941513f,-0.39166497568642206f,-0.1011690212149049f,-0.11378178818124314f,0f,0f,0f,1f],start_interpolation:0}
execute if entity @s[tag=aj.tultaria.bone.rightfoot] run data modify entity @s {} merge value {transformation:[-0.5406900295112099f,0.057629362968396575f,-0.8392455829559211f,0.02147538195454514f,0.4027466898587373f,0.8936149423353565f,-0.19810966317372705f,0.5129117499419921f,0.7385454595317725f,-0.4451193001419218f,-0.5063787247171515f,0.3510541789080817f,0f,0f,0f,1f],start_interpolation:0}
execute if entity @s[tag=aj.tultaria.bone.rightleg] run data modify entity @s {} merge value {transformation:[-0.5406900295112099f,0.057629362968396575f,-0.8392455829559211f,-0.09149009656988093f,0.4027466898587373f,0.8936149423353565f,-0.19810966317372705f,0.84375f,0.7385454595317725f,-0.4451193001419218f,-0.5063787247171515f,0.08793792045888886f,0f,0f,0f,1f],start_interpolation:0}
execute if entity @s[tag=aj.tultaria.bone.skirt_right_back] run data modify entity @s {} merge value {transformation:[-0.650308426958522f,0.057579099011728085f,-0.7574850474984509f,-0.2553758483909936f,0.33539997992004544f,0.9164385440013766f,-0.21828249709555297f,0.8877753650792841f,0.6816199845195018f,-0.39601141703950227f,-0.6152797366060414f,0.022867715584233533f,0f,0f,0f,1f],start_interpolation:0}
execute if entity @s[tag=aj.tultaria.bone.skirt_right] run data modify entity @s {} merge value {transformation:[-0.650308426958522f,0.057579099011728085f,-0.7574850474984509f,-0.06625401081274108f,0.33539997992004544f,0.9164385440013766f,-0.21828249709555297f,0.9023711577598238f,0.6816199845195018f,-0.39601141703950227f,-0.6152797366060414f,0.241966479585886f,0f,0f,0f,1f],start_interpolation:0}
execute if entity @s[tag=aj.tultaria.bone.skirt_left_back] run data modify entity @s {} merge value {transformation:[-0.6121060733565548f,-0.128001006223592f,-0.7803472927906959f,-0.020511371401741807f,0.0801638493147235f,0.9716847060309937f,-0.22226693260246333f,0.8321320047505795f,0.7867019208207555f,-0.1986065821447256f,-0.5845130565742087f,-0.3121991866062553f,0f,0f,0f,1f],start_interpolation:0}
execute if entity @s[tag=aj.tultaria.bone.skirt_left] run data modify entity @s {} merge value {transformation:[-0.6121060733565548f,-0.22552379365543385f,-0.7579348081829211f,0.2258813452955617f,0.0801638493147235f,0.9358357836401843f,-0.34319840227135184f,0.8676616986208006f,0.7867019208207555f,-0.27083279815012f,-0.5547519114190685f,-0.16383259666090835f,0f,0f,0f,1f],start_interpolation:0}
execute if entity @s[tag=aj.tultaria.bone.skirt_back_middle] run data modify entity @s {} merge value {transformation:[-0.6246259007872145f,0.0016997955906298268f,-0.7809222719072053f,-0.1022889513672633f,0.13693269023946636f,0.9847427639532952f,-0.10738308612350012f,0.8569196458068934f,0.7688250271742871f,-0.17400804445937193f,-0.6153285935611005f,-0.07488586575090442f,0f,0f,0f,1f],start_interpolation:0}
execute if entity @s[tag=aj.tultaria.bone.skirt_front_middle] run data modify entity @s {} merge value {transformation:[-0.6216844694348714f,-0.34064907033935304f,-0.7053131441710251f,0.13465420072800605f,0.12265449964846555f,0.8470271410221346f,-0.5172048879195298f,0.963800940596165f,0.773604740277273f,-0.4080480771291581f,-0.48480147748509345f,0.09858050418669162f,0f,0f,0f,1f],start_interpolation:0}
execute if entity @s[tag=aj.tultaria.bone.lower] run data modify entity @s {} merge value {transformation:[-0.590716976510955f,0f,-0.806878834560528f,0f,0f,1f,0f,0.9375f,0.806878834560528f,0f,-0.590716976510955f,0f,0f,0f,0f,1f],start_interpolation:0}