execute if entity @s[tag=aj.tultaria.bone.head] run data modify entity @s {} merge value {transformation:[-0.9876553315744772f,0.027200725247060104f,-0.1542629785740684f,0f,-6.938893903907228e-18f,0.984807753012208f,0.17364817766693033f,1.625f,0.15664273367286957f,0.1715045484909358f,-0.9726506278383882f,0f,0f,0f,0f,1f],start_interpolation:0}
execute if entity @s[tag=aj.tultaria.bone.bust] run data modify entity @s {} merge value {transformation:[-0.5876146432276764f,-0.40457046081752257f,-0.7007365933775029f,0.058157003742518976f,0f,0.8660254037844387f,-0.49999999999999994f,1.515625f,0.8091409216350453f,-0.29380732161383816f,-0.5088892086708974f,0.04223480248198924f,0f,0f,0f,1f],start_interpolation:0}
execute if entity @s[tag=aj.tultaria.bone.left_wing] run data modify entity @s {} merge value {transformation:[-0.233240316723621f,0f,-0.9724191249942922f,-0.06441670000265087f,0f,1f,0f,1.40625f,0.9724191249942922f,0f,-0.233240316723621f,-0.12402313800564985f,0f,0f,0f,1f],start_interpolation:0}
execute if entity @s[tag=aj.tultaria.bone.right_wing] run data modify entity @s {} merge value {transformation:[-0.8525299670403235f,0f,-0.5226783478375825f,-0.13786853040611047f,0f,1f,0f,1.40625f,0.5226783478375825f,0f,-0.8525299670403235f,-0.022880522801269232f,0f,0f,0f,1f],start_interpolation:0}
execute if entity @s[tag=aj.tultaria.bone.body] run data modify entity @s {} merge value {transformation:[-0.5876146432276764f,0f,-0.8091409216350453f,0.6983777824313608f,0f,1f,0f,0.34375f,0.8091409216350453f,0f,-0.5876146432276764f,-0.11076313920368441f,0f,0f,0f,1f],start_interpolation:0}
execute if entity @s[tag=aj.tultaria.locator_origin.locator_right_hand] at @s on origin run tp @s ^-0.32344 ^1.47899 ^1.0554 ~-79.84984 ~7.52339
execute if entity @s[tag=aj.tultaria.bone.right_ring] run data modify entity @s {} merge value {transformation:[0.504241074350643f,0.1840302399770088f,-0.8437261461586417f,-0.27535479678965263f,0.8506120063595299f,0.06272921372532968f,0.5220385621603221f,1.4657092772778646f,0.14899715961965093f,-0.980916875438182f,-0.12490768553563819f,0.7768517218620037f,0f,0f,0f,1f],start_interpolation:0}
execute if entity @s[tag=aj.tultaria.locator_origin.locator_sword] at @s on origin run tp @s ^-0.32718 ^1.48495 ^0.99137 ~-79.84984 ~7.52339
execute if entity @s[tag=aj.tultaria.bone.sword] run data modify entity @s {} merge value {transformation:[0.0000011747280266600534f,0.0000018403023997700882f,-0.0000097587551019984f,-0.3271884415481831f,0.00000989404946955215f,6.272921372532968e-7f,0.0000013093088514918864f,1.4849519614482554f,8.53111456630482e-7f,-0.00000980916875438182f,-0.000001747114532772588f,0.9913633952086192f,0f,0f,0f,1f],start_interpolation:0}
execute if entity @s[tag=aj.tultaria.bone.right_hand] run data modify entity @s {} merge value {transformation:[0.11747280266600534f,0.1840302399770088f,-0.97587551019984f,-0.33808840087448f,0.9894049469552149f,0.06272921372532968f,0.13093088514918863f,1.487785487405184f,0.08531114566304819f,-0.980916875438182f,-0.1747114532772588f,0.6072042613300448f,0f,0f,0f,1f],start_interpolation:0}
execute if entity @s[tag=aj.tultaria.bone.right_arm] run data modify entity @s {} merge value {transformation:[0.11747280266600534f,0.12731114324081366f,-0.9848817256099894f,-0.20199253360951377f,0.9894049469552149f,0.070192899023799f,0.12708582874255833f,1.5f,0.08531114566304819f,-0.9893759799658324f,-0.11771651834940772f,0.2781421918120468f,0f,0f,0f,1f],start_interpolation:0}
execute if entity @s[tag=aj.tultaria.locator_origin.locator_left_hand] at @s on origin run tp @s ^0.6141 ^1.47461 ^-0.91544 ~-45.3666 ~13.89105
execute if entity @s[tag=aj.tultaria.bone.left_ring] run data modify entity @s {} merge value {transformation:[0.02158112934702905f,-0.6649552708386799f,-0.7465713245497477f,0.4182074115777237f,-0.9724263724958041f,0.1594803649418682f,-0.17015570302714034f,1.4895392863045465f,0.23220939888548567f,0.7296577971774622f,-0.6431782755095005f,-0.7117742197991502f,0f,0f,0f,1f],start_interpolation:0}
execute if entity @s[tag=aj.tultaria.bone.left_hand] run data modify entity @s {} merge value {transformation:[-0.28394257167824355f,-0.6649552708386799f,-0.6908046784530368f,0.24954521190420778f,-0.9575642549348751f,0.1594803649418682f,0.24007646879489525f,1.5369652622762349f,-0.049470331106263254f,0.7296577971774622f,-0.6820206634394372f,-0.661704626187619f,0f,0f,0f,1f],start_interpolation:0}
execute if entity @s[tag=aj.tultaria.bone.left_arm] run data modify entity @s {} merge value {transformation:[-0.28394257167824355f,-0.34997905931908535f,-0.8926876687996053f,0.20199253360951377f,-0.9575642549348751f,0.05546735789870172f,0.2828322292079796f,1.53125f,-0.049470331106263254f,0.9351139129784486f,-0.35087698142564316f,-0.2781421918120468f,0f,0f,0f,1f],start_interpolation:0}
execute if entity @s[tag=aj.tultaria.bone.leftfoot] run data modify entity @s {} merge value {transformation:[-0.3272786459518982f,-0.25699656907951773f,-0.9093082268324909f,0.37426858275314057f,0.5087631624958487f,0.7629894646306749f,-0.398756970283679f,0.6432506493844787f,0.7962717704346391f,-0.5931271704651143f,-0.11895977162441279f,0.14931606055671548f,0f,0f,0f,1f],start_interpolation:0}
execute if entity @s[tag=aj.tultaria.bone.leftleg] run data modify entity @s {} merge value {transformation:[-0.3272786459518982f,-0.3877772496440876f,-0.8616945471350965f,0.0767087111757768f,0.5087631624958487f,0.6961397326012937f,-0.5065071738692573f,0.84375f,0.7962717704346391f,-0.6041674249347331f,-0.030544889206199743f,-0.10109050031902729f,0f,0f,0f,1f],start_interpolation:0}
execute if entity @s[tag=aj.tultaria.bone.rightfoot] run data modify entity @s {} merge value {transformation:[-0.5733591444496263f,0.10585451765728195f,-0.8124371437640802f,-0.03318905699262842f,0.6226887015701751f,0.7007519913202925f,-0.3481456988065398f,0.6043785850235404f,0.5324641512936263f,-0.7055079501693716f,-0.46769697437012514f,0.427884833517142f,0f,0f,0f,1f],start_interpolation:0}
execute if entity @s[tag=aj.tultaria.bone.rightleg] run data modify entity @s {} merge value {transformation:[-0.5733591444496263f,0.1423296426021523f,-0.8068466795573593f,-0.10648022511357494f,0.6226887015701751f,0.7157175685326744f,-0.3162390599380884f,0.84375f,0.5324641512936263f,-0.6837328681074355f,-0.49899027310834243f,0.06903243646839073f,0f,0f,0f,1f],start_interpolation:0}
execute if entity @s[tag=aj.tultaria.bone.skirt_right_back] run data modify entity @s {} merge value {transformation:[-0.7087302710598045f,0.21097641181876114f,-0.6731941447603185f,-0.26485480654168436f,0.6093600666407805f,0.66392557869714f,-0.4334548824678427f,0.8029148186517899f,0.3555020563471325f,-0.7174202252569608f,-0.5991047557190745f,0.0006069731490456198f,0f,0f,0f,1f],start_interpolation:0}
execute if entity @s[tag=aj.tultaria.bone.skirt_right] run data modify entity @s {} merge value {transformation:[-0.7087302710598045f,0.21097641181876114f,-0.6731941447603185f,-0.1108528000371363f,0.6093600666407805f,0.66392557869714f,-0.4334548824678427f,0.9023711577598238f,0.3555020563471325f,-0.7174202252569608f,-0.5991047557190745f,0.22505338903444327f,0f,0f,0f,1f],start_interpolation:0}
execute if entity @s[tag=aj.tultaria.bone.skirt_left_back] run data modify entity @s {} merge value {transformation:[-0.7661302515166891f,-0.08843933470142759f,-0.6365712228718349f,0.04659652707133646f,0.20847653003945962f,0.9027280861900718f,-0.37632371547155563f,0.7556845681039513f,0.6079325407754389f,-0.42102314245321354f,-0.6731697701064272f,-0.2881866304589757f,0f,0f,0f,1f],start_interpolation:0}
execute if entity @s[tag=aj.tultaria.bone.skirt_left] run data modify entity @s {} merge value {transformation:[-0.7661302515166891f,-0.2477602959847893f,-0.593008662200228f,0.25280680217409646f,0.20847653003945962f,0.7770034292522511f,-0.5939723961203485f,0.8676616986208006f,0.6079325407754389f,-0.5786886094124988f,-0.5436336258938989f,-0.11811952698726791f,0f,0f,0f,1f],start_interpolation:0}
execute if entity @s[tag=aj.tultaria.bone.skirt_back_middle] run data modify entity @s {} merge value {transformation:[-0.768391908326427f,0.050551420490963665f,-0.6379799597987523f,-0.08626671595361482f,0.31453783027547433f,0.8979974120654751f,-0.30767938060472355f,0.8569196458068934f,0.5573507231035667f,-0.43708717872989045f,-0.7059142792477541f,-0.0928922826700645f,0f,0f,0f,1f],start_interpolation:0}
execute if entity @s[tag=aj.tultaria.bone.skirt_front_middle] run data modify entity @s {} merge value {transformation:[-0.7680257310123555f,-0.2258201790501195f,-0.5992843425592804f,0.1135623694533405f,0.2432103468016939f,0.7628160392017308f,-0.5991330549595669f,0.963800940596165f,0.5924400422924979f,-0.6059017552956548f,-0.5309405420742586f,0.12228433188084016f,0f,0f,0f,1f],start_interpolation:0}
execute if entity @s[tag=aj.tultaria.bone.lower] run data modify entity @s {} merge value {transformation:[-0.7327557451574069f,0f,-0.6804917471496721f,0f,0f,1f,0f,0.9375f,0.6804917471496721f,0f,-0.7327557451574069f,0f,0f,0f,0f,1f],start_interpolation:0}