execute if entity @s[tag=aj.tultaria.bone.head] run data modify entity @s {} merge value {transformation:[-0.8954046282083109f,0.07731743401648984f,-0.43848895787721065f,0f,-6.938893903907228e-18f,0.984807753012208f,0.17364817766693033f,1.625f,0.4452533568465672f,0.1554853819629085f,-0.8818014199425583f,0f,0f,0f,0f,1f],start_interpolation:0}
execute if entity @s[tag=aj.tultaria.bone.bust] run data modify entity @s {} merge value {transformation:[-0.3183050165396347f,-0.47399417624209866f,-0.8209819957430718f,0.06813666283480169f,0f,0.8660254037844387f,-0.49999999999999994f,1.515625f,0.9479883524841974f,-0.15915250826981733f,-0.2756602304753496f,0.022878173063786256f,0f,0f,0f,1f],start_interpolation:0}
execute if entity @s[tag=aj.tultaria.bone.left_wing] run data modify entity @s {} merge value {transformation:[0.06870394669414409f,0f,-0.9976370921876594f,-0.09860448052679749f,0f,1f,0f,1.40625f,0.9976370921876594f,0f,0.06870394669414409f,-0.09903739909771664f,0f,0f,0f,1f],start_interpolation:0}
execute if entity @s[tag=aj.tultaria.bone.right_wing] run data modify entity @s {} merge value {transformation:[-0.6568549264474144f,0f,-0.7540169796508311f,-0.13839260759425187f,0f,1f,0f,1.40625f,0.7540169796508311f,0f,-0.6568549264474144f,0.019461144962807986f,0f,0f,0f,1f],start_interpolation:0}
execute if entity @s[tag=aj.tultaria.bone.body] run data modify entity @s {} merge value {transformation:[-0.3183050165396347f,0f,-0.9479883524841974f,0.633146684511916f,0f,1f,0f,0.34375f,0.9479883524841974f,0f,-0.3183050165396347f,-0.31484166797228136f,0f,0f,0f,1f],start_interpolation:0}
execute if entity @s[tag=aj.tultaria.bone.right_ring] run data modify entity @s {} merge value {transformation:[0.9902554338490952f,0.011439500744301796f,0.1387923396843698f,-0.11177239253958117f,-0.1389196297321495f,0.01120249056641657f,0.9902402944135286f,1.4942716118931205f,0.009773034708976037f,-0.9998718127979359f,0.012682498363756331f,0.8267473869532611f,0f,0f,0f,1f],start_interpolation:0}
execute if entity @s[tag=aj.tultaria.bone.sword] run data modify entity @s {} merge value {transformation:[3.4522141982807214e-7f,1.1439500744301796e-7f,-0.000009993384609508633f,-0.12881062984279174f,0.000009993367098837925f,1.1202490566416572e-7f,3.465031722432111e-7f,1.5235917504722156f,1.1591462011137266e-7f,-0.00000999871812797936f,-1.1045179066628749e-7f,1.0456589982677416f,0f,0f,0f,1f],start_interpolation:0}
execute if entity @s[tag=aj.tultaria.bone.right_hand] run data modify entity @s {} merge value {transformation:[0.03452214198280721f,0.011439500744301796f,-0.9993384609508633f,-0.20367295126242746f,0.9993367098837924f,0.01120249056641657f,0.03465031722432111f,1.4992704682839033f,0.011591462011137265f,-0.9998718127979359f,-0.011045179066628748f,0.6694819306660872f,0f,0f,0f,1f],start_interpolation:0}
execute if entity @s[tag=aj.tultaria.bone.right_arm] run data modify entity @s {} merge value {transformation:[0.03452214198280721f,0.0016337695482533943f,-0.999402597810303f,-0.10941734943549944f,0.9993367098837924f,0.011541928852610184f,0.03453873415454048f,1.5f,0.011591462011137265f,-0.9999320550294528f,-0.0012342337784544966f,0.3258709961664429f,0f,0f,0f,1f],start_interpolation:0}
execute if entity @s[tag=aj.tultaria.bone.left_ring] run data modify entity @s {} merge value {transformation:[0.804523617973932f,-0.4323349521544919f,-0.40722013367183624f,0.20793639611916928f,0.14003841510059684f,0.8044014140168136f,-0.5773453103852699f,1.1449700662890319f,0.5771750084837769f,0.40746147581498277f,0.7077034374004612f,-0.6044516901148768f,0f,0f,0f,1f],start_interpolation:0}
execute if entity @s[tag=aj.tultaria.bone.left_hand] run data modify entity @s {} merge value {transformation:[-0.48908495662078405f,-0.4323349521544919f,-0.75755025863161f,0.06936372309831648f,-0.5888205526952458f,0.8044014140168136f,-0.07892225194085589f,1.2632588261097037f,0.6434953472488446f,0.40746147581498277f,-0.6479883361571912f,-0.6015347410335223f,0f,0f,0f,1f],start_interpolation:0}
execute if entity @s[tag=aj.tultaria.bone.left_arm] run data modify entity @s {} merge value {transformation:[-0.48908495662078405f,-0.10952348032257558f,-0.865332602220254f,0.10941734943549944f,-0.5888205526952458f,0.773372240595981f,0.23491644088742997f,1.53125f,0.6434953472488446f,0.6244197184054828f,-0.44273440496024974f,-0.3258709961664429f,0f,0f,0f,1f],start_interpolation:0}
execute if entity @s[tag=aj.tultaria.bone.leftfoot] run data modify entity @s {} merge value {transformation:[-0.2221162543302772f,-0.02697262832745906f,-0.9746470370772163f,0.3332621721583677f,0.28288383668785416f,0.9548378843630844f,-0.09089196623348328f,0.5471989483999984f,0.9330815101067256f,-0.2959004763533476f,-0.2044548937805476f,0.041173244012650406f,0f,0f,0f,1f],start_interpolation:0}
execute if entity @s[tag=aj.tultaria.bone.leftleg] run data modify entity @s {} merge value {transformation:[-0.2221162543302772f,-0.32362645546079005f,-0.9197446857080356f,0.052330413199865915f,0.28288383668785416f,0.881343967669371f,-0.3784303708657251f,0.84375f,0.9330815101067256f,-0.3442364419678663f,-0.10421212750086639f,-0.11560728125568606f,0f,0f,0f,1f],start_interpolation:0}
execute if entity @s[tag=aj.tultaria.bone.rightfoot] run data modify entity @s {} merge value {transformation:[-0.5259745000874207f,0.05464043538538435f,-0.8487433346299007f,0.027242491365796498f,0.35771610017516914f,0.9195867452835078f,-0.16247895117323097f,0.496570714294225f,0.7716152000403157f,-0.3890689408315453f,-0.5032249420954442f,0.3307986601126907f,0f,0f,0f,1f],start_interpolation:0}
execute if entity @s[tag=aj.tultaria.bone.rightleg] run data modify entity @s {} merge value {transformation:[-0.5259745000874207f,0.05464043538538435f,-0.8487433346299007f,-0.08848062363624998f,0.35771610017516914f,0.9195867452835078f,-0.16247895117323097f,0.84375f,0.7716152000403157f,-0.3890689408315453f,-0.5032249420954442f,0.09096534980936577f,0f,0f,0f,1f],start_interpolation:0}
execute if entity @s[tag=aj.tultaria.bone.skirt_right_back] run data modify entity @s {} merge value {transformation:[-0.6251000837576959f,0.04319268876038879f,-0.779348623482309f,-0.2550360901181128f,0.3117290852353275f,0.9291981334735445f,-0.1985341435814678f,0.8948667793060285f,0.7155940627929132f,-0.3670493432590898f,-0.5943062484179376f,0.03160643910348676f,0f,0f,0f,1f],start_interpolation:0}
execute if entity @s[tag=aj.tultaria.bone.skirt_right] run data modify entity @s {} merge value {transformation:[-0.6251000837576959f,0.04319268876038879f,-0.779348623482309f,-0.058078210428665705f,0.3117290852353275f,0.9291981334735445f,-0.1985341435814678f,0.9023711577598238f,0.7155940627929132f,-0.3670493432590898f,-0.5943062484179376f,0.24405796988700335f,0f,0f,0f,1f],start_interpolation:0}
execute if entity @s[tag=aj.tultaria.bone.skirt_left_back] run data modify entity @s {} merge value {transformation:[-0.5827466361744277f,-0.1307392779046871f,-0.8020683257929777f,-0.031687156159425606f,0.07005961217578557f,0.9752170410269607f,-0.2098651320071967f,0.838323356247925f,0.8096283151972686f,-0.17849079557103376f,-0.5591449070922955f,-0.31153256375640337f,0f,0f,0f,1f],start_interpolation:0}
execute if entity @s[tag=aj.tultaria.bone.skirt_left] run data modify entity @s {} merge value {transformation:[-0.5827466361744277f,-0.2231789597827843f,-0.781407390506171f,0.22024318978730986f,0.07005961217578557f,0.9441729525244054f,-0.32191471923962367f,0.8676616986208006f,0.8096283151972686f,-0.242339818502081f,-0.5345777806822977f,-0.1713372091330417f,0f,0f,0f,1f],start_interpolation:0}
execute if entity @s[tag=aj.tultaria.bone.skirt_back_middle] run data modify entity @s {} merge value {transformation:[-0.5953303069812709f,-0.0005132263479472043f,-0.8034809034372264f,-0.10474979343994995f,0.1227313443146492f,0.9882066492321818f,-0.09156765551231894f,0.8569196458068934f,0.7940521662411765f,-0.1531252918757037f,-0.5882463788887066f,-0.07140310382164528f,0f,0f,0f,1f],start_interpolation:0}
execute if entity @s[tag=aj.tultaria.bone.skirt_front_middle] run data modify entity @s {} merge value {transformation:[-0.5896992172888729f,-0.3536400249497039f,-0.7260809637240625f,0.13789367789524895f,0.09822462559470482f,0.8609558749400382f,-0.49910610528525223f,0.963800940596165f,0.8016275669259826f,-0.3656415104440495f,-0.4729688465264105f,0.09399576147849328f,0f,0f,0f,1f],start_interpolation:0}
execute if entity @s[tag=aj.tultaria.bone.lower] run data modify entity @s {} merge value {transformation:[-0.5632441473444636f,0f,-0.8262905242602073f,0f,0f,1f,0f,0.9375f,0.8262905242602073f,0f,-0.5632441473444636f,0f,0f,0f,0f,1f],start_interpolation:0}