execute if entity @s[tag=aj.louvert.bone.head] run data modify entity @s {} merge value {transformation:[-0.9373372624475911f,0.022300475224769828f,-0.3477089950404006f,-0.017253236296600468f,0.01662259873012173f,0.999675465166331f,0.01930423673542009f,1.6962595417236153f,0.34802664501258107f,0.012314753315808398f,-0.9374037557061833f,-0.006827396874186856f,0f,0f,0f,1f],start_interpolation:0}
execute if entity @s[tag=aj.louvert.bone.coat_0] run data modify entity @s {} merge value {transformation:[-0.47934837071802705f,-0.4631674287629035f,-0.7454536017909726f,0.1367859024191199f,0.13228738712694957f,0.8015621593632393f,-0.5830936047360369f,0.9683282822299274f,0.8675973643903592f,-0.37811907861162186f,-0.32295630616664023f,0.3798752721670536f,0f,0f,0f,1f],start_interpolation:0}
execute if entity @s[tag=aj.louvert.bone.coat_1] run data modify entity @s {} merge value {transformation:[-0.26811221406246766f,-0.6102579522197051f,-0.7454536017909726f,0.3503475163059021f,-0.18128903762650317f,0.7919192717394815f,-0.5830936047360369f,0.9453799784355978f,0.9461765826245003f,-0.021191951307548307f,-0.32295630616664023f,-0.07163863949795389f,0f,0f,0f,1f],start_interpolation:0}
execute if entity @s[tag=aj.louvert.bone.coat_2] run data modify entity @s {} merge value {transformation:[-0.4271232277735644f,-0.23454996985756216f,-0.8732422687525547f,0.1503850091386394f,0.04589660758865903f,0.9589003267413935f,-0.28000654418620613f,0.883967429740758f,0.9030278233300149f,-0.1596761566892999f,-0.39880355474442514f,0.1137487780637198f,0f,0f,0f,1f],start_interpolation:0}
execute if entity @s[tag=aj.louvert.bone.right_leg_1] run data modify entity @s {} merge value {transformation:[-0.4271232277735644f,0.13883686519528093f,-0.8934708015145428f,0.48059386616022104f,0.04589660758865903f,0.99019642673499f,0.13192625930083207f,0.8808069909300679f,0.9030278233300149f,0.015341490931625998f,-0.42930803503760606f,0.408518130007709f,0f,0f,0f,1f],start_interpolation:0}
execute if entity @s[tag=aj.louvert.bone.right_leg_0] run data modify entity @s {} merge value {transformation:[-0.4271232277735644f,-0.8158955124544913f,-0.3897181815785802f,0.19017630589081544f,0.04589660758865903f,0.4108928834028244f,-0.9105276161549224f,0.9625912062813451f,0.9030278233300149f,-0.4067942368391374f,-0.13805505845972957f,0.2669967942508017f,0f,0f,0f,1f],start_interpolation:0}
execute if entity @s[tag=aj.louvert.bone.left_leg_1] run data modify entity @s {} merge value {transformation:[-0.33177377917232986f,-0.27048255746656164f,-0.9037507098531422f,0.5318191894398332f,-0.09564800138347795f,0.9627216375221694f,-0.25301879076064426f,0.6233729167270088f,0.938497532913676f,0.002496948734080545f,-0.34527691200247246f,0.09086490974167023f,0f,0f,0f,1f],start_interpolation:0}
execute if entity @s[tag=aj.louvert.bone.left_leg_0] run data modify entity @s {} merge value {transformation:[-0.33177377917232986f,-0.5781220347215424f,-0.7454536017909726f,0.29695711283420656f,-0.09564800138347795f,0.8067548003868837f,-0.5830936047360369f,0.9511170543841803f,0.938497532913676f,-0.1221540217190702f,-0.32295630616664023f,0.04123983841829797f,0f,0f,0f,1f],start_interpolation:0}
execute if entity @s[tag=aj.louvert.bone.body_1] run data modify entity @s {} merge value {transformation:[-0.4271232277735644f,-0.5117271498300223f,-0.7454536017909726f,0.08365197504062902f,0.04589660758865903f,0.8111074833385444f,-0.5830936047360369f,1.2103252188760578f,0.9030278233300149f,-0.2832666139859318f,-0.32295630616664023f,0.06559749946394615f,0f,0f,0f,1f],start_interpolation:0}
execute if entity @s[tag=aj.louvert.locator_origin.locator] at @s on origin run tp @s ^0.06624 ^1.27033 ^1.36938 ~-20.40577 ~-14.07432
execute if entity @s[tag=aj.louvert.bone.sword_0] run data modify entity @s {} merge value {transformation:[-0.8709059744047638f,-0.35657199540565343f,-0.33819993471099274f,-0.23985297353719937f,-0.2851529515010725f,0.9271198134961579f,-0.24318027402130427f,1.081053007273654f,0.4002631359447384f,-0.11534844392223167f,-0.9091117414753833f,0.5685362422096752f,0f,0f,0f,1f],start_interpolation:0}
execute if entity @s[tag=aj.louvert.bone.right_arm_1] run data modify entity @s {} merge value {transformation:[0.07742687833503165f,-0.4288062089186977f,-0.9000723935906859f,-0.26207710619524854f,-0.8386706861351043f,0.46014924323928297f,-0.2913660140853571f,1.3915200237890835f,0.5391071866790179f,0.7774238928275164f,-0.32399927798059225f,0.3591165353110366f,0f,0f,0f,1f],start_interpolation:0}
execute if entity @s[tag=aj.louvert.bone.right_arm_0] run data modify entity @s {} merge value {transformation:[-0.3748755392465099f,-0.4288062089186977f,-0.8219449891978251f,-0.13943013770414672f,-0.8736014452089049f,0.46014924323928297f,0.15837673085156195f,1.663461021699744f,0.3103044392263045f,0.7774238928275164f,-0.5471044195191255f,0.26580622742167f,0f,0f,0f,1f],start_interpolation:0}
execute if entity @s[tag=aj.louvert.locator_origin.locator2] at @s on origin run tp @s ^0.00696 ^2.52998 ^0.25955 ~38.482 ~-21.27564
execute if entity @s[tag=aj.louvert.bone.sword_1] run data modify entity @s {} merge value {transformation:[0.18342235630029807f,-0.7938013279861331f,0.5798583369209231f,0.4951776594579761f,-0.814215546465522f,-0.4531988882268263f,-0.3628550834752359f,2.1997390309765423f,0.5508260007507796f,-0.4055739382620891f,-0.7294521900025261f,-0.3911833712061735f,0f,0f,0f,1f],start_interpolation:0}
execute if entity @s[tag=aj.louvert.bone.left_arm_1] run data modify entity @s {} merge value {transformation:[-0.4901854782749013f,-0.6507553349698397f,0.5798583369209231f,0.31662677352863366f,-0.8705381548360513f,0.3324146647950764f,-0.3628550834752359f,1.8707695116097116f,0.04337646669623674f,-0.6826550993272291f,-0.7294521900025261f,-0.3659062963099426f,0f,0f,0f,1f],start_interpolation:0}
execute if entity @s[tag=aj.louvert.bone.left_arm_0] run data modify entity @s {} merge value {transformation:[-0.7053612878332196f,-0.6507553349698397f,0.2810390500171717f,0.09620137108075258f,-0.5974440200858688f,0.3324146647950764f,-0.7297678627432241f,1.6840682553328776f,0.3814788283639055f,-0.6826550993272291f,-0.6232623194712104f,-0.2466941624462221f,0f,0f,0f,1f],start_interpolation:0}
execute if entity @s[tag=aj.louvert.bone.wing_0] run data modify entity @s {} merge value {transformation:[-0.8980342165296118f,-0.09867321253825398f,-0.4287168565258741f,-0.43273095538399553f,-0.046624588145543946f,0.990380275237425f,-0.13028069005382498f,1.2905468579017976f,0.4374479325843301f,-0.09700777055485278f,-0.893995972434816f,-0.18272380282960593f,0f,0f,0f,1f],start_interpolation:0}
execute if entity @s[tag=aj.louvert.bone.wing_1] run data modify entity @s {} merge value {transformation:[0.2347468532336987f,-0.09867321253825398f,-0.9670354243895396f,-0.20803263743528555f,0.11789825778508821f,0.990380275237425f,-0.0724355660700135f,1.323181590006274f,0.9648802597774073f,-0.09700777055485278f,0.24412205296502776f,-0.07810238928778107f,0f,0f,0f,1f],start_interpolation:0}
execute if entity @s[tag=aj.louvert.bone.body_0] run data modify entity @s {} merge value {transformation:[-0.4271232277735644f,-0.09867321253825398f,-0.8987932717948397f,-0.006078750000000001f,0.04589660758865903f,0.990380275237425f,-0.1305389284179055f,1.55162453125f,0.9030278233300149f,-0.09700777055485278f,-0.41848565416729944f,0.00955625f,0f,0f,0f,1f],start_interpolation:0}