execute if entity @s[tag=aj.louvert.bone.head] run data modify entity @s {} merge value {transformation:[-0.9210209198550814f,0.027263168141432287f,-0.3885578269089323f,-0.01732096313977026f,0.022921860054877244f,0.9996123228641031f,0.015804819197217115f,1.7751091605200129f,0.38883808136668446f,0.0056501009835303595f,-0.9212887836275615f,-0.007140032714341512f,0f,0f,0f,1f],start_interpolation:0}
execute if entity @s[tag=aj.louvert.bone.coat_0] run data modify entity @s {} merge value {transformation:[-0.4678129507879573f,-0.439149781257161f,-0.7670062012114713f,0.14693233953888737f,0.1905307848573332f,0.7973096868705878f,-0.5727087246096165f,1.045028046412602f,0.8630463852520982f,-0.4140588519088957f,-0.28932024481389895f,0.3752975016379472f,0f,0f,0f,1f],start_interpolation:0}
execute if entity @s[tag=aj.louvert.bone.coat_1] run data modify entity @s {} merge value {transformation:[-0.19104292527550507f,-0.6125390501880887f,-0.7670062012114713f,0.34030191438361995f,-0.22662124533841863f,0.7878118607366168f,-0.5727087246096165f,1.018608274447781f,0.9550630407797395f,0.06440795042060854f,-0.28932024481389895f,-0.08503955224072357f,0f,0f,0f,1f],start_interpolation:0}
execute if entity @s[tag=aj.louvert.bone.coat_2] run data modify entity @s {} merge value {transformation:[-0.3867391496894651f,-0.25567254111023463f,-0.8860385893513358f,0.14774135180981973f,0.05283954392964222f,0.95307713892519f,-0.2980804419204344f,0.9602295698539893f,0.9206741077573416f,-0.16209725161275693f,-0.3550826218287988f,0.10896394409687446f,0f,0f,0f,1f],start_interpolation:0}
execute if entity @s[tag=aj.louvert.bone.right_leg_1] run data modify entity @s {} merge value {transformation:[-0.3867391496894651f,0.06689862013964498f,-0.9197594276335965f,0.48485410157389464f,0.05283954392964222f,0.9973342299597f,0.05032311941840617f,0.940383760705826f,0.9206741077573416f,-0.029137748267552208f,-0.3892430846285132f,0.3874808911218732f,0f,0f,0f,1f],start_interpolation:0}
execute if entity @s[tag=aj.louvert.bone.right_leg_0] run data modify entity @s {} merge value {transformation:[-0.3867391496894651f,-0.8268999184229853f,-0.4082515829847205f,0.1952747332500705f,0.05283954392964222f,0.42210136991492636f,-0.9050074121869112f,1.0384231034213967f,0.9206741077573416f,-0.3715736245052965f,-0.11955011031872814f,0.26021323816827957f,0f,0f,0f,1f],start_interpolation:0}
execute if entity @s[tag=aj.louvert.bone.left_leg_1] run data modify entity @s {} merge value {transformation:[-0.29195748801595633f,-0.19786703683454177f,-0.9357400605540681f,0.5240780981187161f,-0.09001683121150247f,0.9797080649576926f,-0.17907841175164935f,0.6942000575938484f,0.952185798723155f,0.031949071835838005f,-0.3038444692910765f,0.06992348394893855f,0f,0f,0f,1f],start_interpolation:0}
execute if entity @s[tag=aj.louvert.bone.left_leg_0] run data modify entity @s {} merge value {transformation:[-0.29195748801595633f,-0.5713688060216106f,-0.7670062012114713f,0.2919595206724368f,-0.09001683121150247f,0.814801624234185f,-0.5727087246096165f,1.025213217438986f,0.952185798723155f,-0.09816313284921704f,-0.28932024481389895f,0.03004471122894413f,0f,0f,0f,1f],start_interpolation:0}
execute if entity @s[tag=aj.louvert.bone.body_1] run data modify entity @s {} merge value {transformation:[-0.3867391496894651f,-0.511990544249225f,-0.7670062012114713f,0.08362008188337083f,0.05283954392964222f,0.8180542154119943f,-0.5727087246096165f,1.2874601027464396f,0.9206741077573416f,-0.2620171430384827f,-0.28932024481389895f,0.06324861749908597f,0f,0f,0f,1f],start_interpolation:0}
execute if entity @s[tag=aj.louvert.locator_origin.locator] at @s on origin run tp @s ^0.12405 ^1.34804 ^1.37096 ~-22.82456 ~-13.86719
execute if entity @s[tag=aj.louvert.bone.sword_0] run data modify entity @s {} merge value {transformation:[-0.8581792969655053f,-0.3488512893147795f,-0.3766046630130958f,-0.21554882848789003f,-0.27349276192343425f,0.9315358158009688f,-0.23967213658561906f,1.1619638372752645f,0.43443066585507406f,-0.10268301623657135f,-0.8948330541175138f,0.5829738196478369f,0f,0f,0f,1f],start_interpolation:0}
execute if entity @s[tag=aj.louvert.bone.right_arm_1] run data modify entity @s {} merge value {transformation:[0.08765758302159332f,-0.3921101756560522f,-0.9157323617115388f,-0.2419509489654179f,-0.8390782684166569f,0.4664020229652449f,-0.28003002061356214f,1.4724890395434702f,0.5369020465687548f,0.7929178791784854f,-0.28812745316851646f,0.37412621768773213f,0f,0f,0f,1f],start_interpolation:0}
execute if entity @s[tag=aj.louvert.bone.right_arm_0] run data modify entity @s {} merge value {transformation:[-0.34899507098964855f,-0.3921101756560522f,-0.851147490492635f,-0.1275194481038373f,-0.872927578900451f,0.4664020229652449f,0.14306150764242692f,1.7443762233666782f,0.34088103851626483f,0.7929178791784854f,-0.5050557934121396f,0.2707876768353784f,0f,0f,0f,1f],start_interpolation:0}
execute if entity @s[tag=aj.louvert.locator_origin.locator2] at @s on origin run tp @s ^0.03785 ^2.59511 ^0.26123 ~34.25202 ~-20.96857
execute if entity @s[tag=aj.louvert.bone.sword_1] run data modify entity @s {} merge value {transformation:[0.2181518129803468f,-0.8223107487406075f,0.5255614321837643f,0.4776674629684897f,-0.8202111710804307f,-0.44631029131736333f,-0.357855779189157f,2.2694318886031226f,0.5288321296292957f,-0.3530044707505444f,-0.7718318614192289f,-0.42532166993440107f,0f,0f,0f,1f],start_interpolation:0}
execute if entity @s[tag=aj.louvert.bone.left_arm_1] run data modify entity @s {} merge value {transformation:[-0.48970129717532646f,-0.6956851446924488f,0.5255614321837643f,0.29990758266441686f,-0.8691150966674658f,0.34143548445588245f,-0.357855779189157f,1.9408890272356072f,0.06950962731524668f,-0.6320158142077014f,-0.7718318614192289f,-0.390661790352475f,0f,0f,0f,1f],start_interpolation:0}
execute if entity @s[tag=aj.louvert.bone.left_arm_0] run data modify entity @s {} merge value {transformation:[-0.6864030693373535f,-0.6956851446924488f,0.2118324948125455f,0.08540662349649392f,-0.5754091858300983f,0.34143548445588245f,-0.7431864361092179f,1.7610736566637015f,0.4446966328482867f,-0.6320158142077014f,-0.6346659872127798f,-0.2516940925873854f,0f,0f,0f,1f],start_interpolation:0}
execute if entity @s[tag=aj.louvert.bone.wing_0] run data modify entity @s {} merge value {transformation:[-0.8395658967187423f,-0.09844693546651496f,-0.5342633301697828f,-0.44193948678436634f,-0.02967898965456814f,0.990286437492204f,-0.13583787870871336f,1.370392765675843f,0.5424465527957003f,-0.09818845459752858f,-0.8343325264807856f,-0.16227807325315263f,0f,0f,0f,1f],start_interpolation:0}
execute if entity @s[tag=aj.louvert.bone.wing_1] run data modify entity @s {} merge value {transformation:[0.2033480719194376f,-0.09844693546651496f,-0.9741446312246962f,-0.21270965792876104f,0.11660440108316969f,0.990286437492204f,-0.07573760866989651f,1.4025454816539553f,0.9721383519307747f,-0.09818845459752858f,0.2128521836605547f,-0.06783291234979684f,0f,0f,0f,1f],start_interpolation:0}
execute if entity @s[tag=aj.louvert.bone.body_0] run data modify entity @s {} merge value {transformation:[-0.3867391496894651f,-0.09844693546651496f,-0.9169193154224212f,-0.006078750000000001f,0.05283954392964222f,0.990286437492204f,-0.12861086391244908f,1.63051515625f,0.9206741077573416f,-0.09818845459752858f,-0.3777806436134231f,0.00955625f,0f,0f,0f,1f],start_interpolation:0}