execute if entity @s[tag=aj.louvert.bone.head] run data modify entity @s {} merge value {transformation:[-0.9260651977461045f,0.030105544057451472f,-0.3761607445500835f,-0.0159667652967081f,0.009366846230066533f,0.9983393198745799f,0.05684069478871312f,1.7168858025396658f,0.3772472819188638f,0.04911474940754762f,-0.9248092936792229f,-0.0031115379415260994f,0f,0f,0f,1f],start_interpolation:0}
execute if entity @s[tag=aj.louvert.bone.coat_0] run data modify entity @s {} merge value {transformation:[-0.35581660685087246f,-0.4752585439130906f,-0.8046886719264417f,0.17028813427552972f,0.1482951503332374f,0.8214167724866092f,-0.5507113892642176f,0.9753389679342259f,0.922715064728421f,-0.31528368545690877f,-0.22179519157983316f,0.34640520275085684f,0f,0f,0f,1f],start_interpolation:0}
execute if entity @s[tag=aj.louvert.bone.coat_1] run data modify entity @s {} merge value {transformation:[-0.122304598300007f,-0.5809627582796796f,-0.8046886719264417f,0.31580858347154084f,-0.21180246268765282f,0.8073764193572419f,-0.5507113892642176f,0.955190655994528f,0.9696294663602791f,0.10308050716767816f,-0.22179519157983316f,-0.13152559181230145f,0f,0f,0f,1f],start_interpolation:0}
execute if entity @s[tag=aj.louvert.bone.coat_2] run data modify entity @s {} merge value {transformation:[-0.2910408983920222f,-0.2310748116186912f,-0.9283854947695763f,0.14246227488273006f,0.04029662387939574f,0.9665712234610757f,-0.25321187191931155f,0.8964258883063498f,0.9558615891263166f,-0.11110581178473845f,-0.27200022246418687f,0.07971540652179858f,0f,0f,0f,1f],start_interpolation:0}
execute if entity @s[tag=aj.louvert.bone.right_leg_1] run data modify entity @s {} merge value {transformation:[-0.2910408983920222f,0.15917872409675013f,-0.9433754974866027f,0.5096233396533658f,0.04029662387939574f,0.9872260329260603f,0.15414584657718122f,0.88398321329374f,0.9558615891263166f,0.0068478980719661325f,-0.29373751671332154f,0.3228052916931837f,0f,0f,0f,1f],start_interpolation:0}
execute if entity @s[tag=aj.louvert.bone.right_leg_0] run data modify entity @s {} merge value {transformation:[-0.2910408983920222f,-0.860651911793429f,-0.4178199159799352f,0.2066682465745325f,0.04029662387939574f,0.4253101237260806f,-0.904150142819227f,0.9703018899493014f,0.9558615891263166f,-0.2799814018509472f,-0.0891012741238379f,0.2269225041100673f,0f,0f,0f,1f],start_interpolation:0}
execute if entity @s[tag=aj.louvert.bone.left_leg_1] run data modify entity @s {} merge value {transformation:[-0.19676225903669398f,-0.21580744559807247f,-0.9564056460745158f,0.4913878485809284f,-0.10508995902653595f,0.9744974629857521f,-0.19826950130096616f,0.6091938473737545f,0.9748029103006299f,0.06149667518466169f,-0.21442351785812655f,-0.007102951864727546f,0f,0f,0f,1f],start_interpolation:0}
execute if entity @s[tag=aj.louvert.bone.left_leg_0] run data modify entity @s {} merge value {transformation:[-0.19676225903669398f,-0.5237533726652145f,-0.8288347350591612f,0.279428471172538f,-0.10508995902653595f,0.8517566341381855f,-0.5132901096976157f,0.9602277339794525f,0.9748029103006299f,-0.0138939131781583f,-0.22263477995591768f,-0.012042893171511845f,0f,0f,0f,1f],start_interpolation:0}
execute if entity @s[tag=aj.louvert.bone.body_1] run data modify entity @s {} merge value {transformation:[-0.2910408983920222f,-0.5174662662787054f,-0.8046886719264417f,0.08134015066143982f,0.04029662387939574f,0.8337224645159791f,-0.5507113892642176f,1.2258030821256205f,0.9558615891263166f,-0.19270577423880683f,-0.22179519157983316f,0.04721925101965059f,0f,0f,0f,1f],start_interpolation:0}
execute if entity @s[tag=aj.louvert.locator_origin.locator] at @s on origin run tp @s ^0.25436 ^1.25662 ^1.34581 ~-28.69294 ~-12.26273
execute if entity @s[tag=aj.louvert.bone.sword_0] run data modify entity @s {} merge value {transformation:[-0.8163555262470206f,-0.33682572949741785f,-0.4691610413434629f,-0.16615216024882623f,-0.265905219861055f,0.94030996808306f,-0.21239486334249882f,1.0947044673309592f,0.5126968585983285f,-0.04863735058745454f,-0.8571909584866367f,0.5922720511653289f,0f,0f,0f,1f],start_interpolation:0}
execute if entity @s[tag=aj.louvert.bone.right_arm_1] run data modify entity @s {} merge value {transformation:[0.12234377476651226f,-0.30072396682724784f,-0.945831431361617f,-0.20643517208027234f,-0.8522682181923369f,0.4565238543702411f,-0.2553915712199564f,1.4102146326508884f,0.5085969770212365f,0.8373476375834731f,-0.20044462776097705f,0.39334767208753785f,0f,0f,0f,1f],start_interpolation:0}
execute if entity @s[tag=aj.louvert.bone.right_arm_0] run data modify entity @s {} merge value {transformation:[-0.32821609819552106f,-0.30072396682724784f,-0.8954547943145943f,-0.09827104892970581f,-0.8738978461528345f,0.4565238543702411f,0.16699857748009614f,1.6822639684643985f,0.3585759994404881f,0.8373476375834731f,-0.4126405051114491f,0.2838716754193319f,0f,0f,0f,1f],start_interpolation:0}
execute if entity @s[tag=aj.louvert.locator_origin.locator2] at @s on origin run tp @s ^0.04612 ^2.49258 ^0.28642 ~29.50947 ~-17.07812
execute if entity @s[tag=aj.louvert.bone.sword_1] run data modify entity @s {} merge value {transformation:[0.21952145543538265f,-0.8544663068739874f,0.47084781089080124f,0.43708162349083657f,-0.8743076041829552f,-0.3864466653318388f,-0.2936753107119539f,2.2247809121053526f,0.43289322456166074f,-0.3471977898417994f,-0.8318997240398492f,-0.45270439597750095f,0f,0f,0f,1f],start_interpolation:0}
execute if entity @s[tag=aj.louvert.bone.left_arm_1] run data modify entity @s {} merge value {transformation:[-0.49234782621985085f,-0.7641814460802067f,0.4166777357663249f,0.2593263861814428f,-0.8665438818578973f,0.38534710570802644f,-0.31718970496706456f,1.8966389247147424f,0.08182492793295848f,-0.5172372043745608f,-0.8519215665655818f,-0.4144133294693981f,0f,0f,0f,1f],start_interpolation:0}
execute if entity @s[tag=aj.louvert.bone.left_arm_0] run data modify entity @s {} merge value {transformation:[-0.6355766602223836f,-0.7641814460802067f,0.1098591209109398f,0.060708679861947966f,-0.5864640906449087f,0.38534710570802644f,-0.712437701491497f,1.7133688963882083f,0.5020977786891722f,-0.5172372043745608f,-0.693082603335409f,-0.25750777362903177f,0f,0f,0f,1f],start_interpolation:0}
execute if entity @s[tag=aj.louvert.bone.wing_0] run data modify entity @s {} merge value {transformation:[-0.8561356096404764f,-0.0874343056455224f,-0.5093005596912448f,-0.4622646728233862f,-0.039800105239960394f,0.9938110781752104f,-0.10370869066338649f,1.3235048562075165f,0.5152162356995535f,-0.06851848723163172f,-0.8543169478472676f,-0.12241648880330454f,0f,0f,0f,1f],start_interpolation:0}
execute if entity @s[tag=aj.louvert.bone.wing_1] run data modify entity @s {} merge value {transformation:[0.42537058782074655f,-0.0874343056455224f,-0.9007858264944657f,-0.22408794777722293f,0.09944249969576713f,0.9938110781752104f,-0.04950484976730328f,1.349384050312227f,0.8995393555989031f,-0.06851848723163172f,0.4314326884187137f,-0.05098739837947861f,0f,0f,0f,1f],start_interpolation:0}
execute if entity @s[tag=aj.louvert.bone.body_0] run data modify entity @s {} merge value {transformation:[-0.2910408983920222f,-0.0874343056455224f,-0.9527069001846528f,-0.006078750000000001f,0.04029662387939574f,0.9938110781752104f,-0.10351677641884152f,1.5717846875f,0.9558615891263166f,-0.06851848723163172f,-0.2857163616953037f,0.00955625f,0f,0f,0f,1f],start_interpolation:0}