execute if entity @s[tag=aj.louvert.bone.head] run data modify entity @s {} merge value {transformation:[-0.922651524737804f,0.02949438232115381f,-0.3845051954271872f,-0.016429237457559823f,0.01330143666855077f,0.9989116302318338f,0.04470600373699804f,1.7420869882991326f,0.38540528756305137f,0.03613359100717171f,-0.9220396563702496f,-0.004235059031725054f,0f,0f,0f,1f],start_interpolation:0}
execute if entity @s[tag=aj.louvert.bone.coat_0] run data modify entity @s {} merge value {transformation:[-0.3876215255379064f,-0.46493015243057695f,-0.7959833580550204f,0.16509684344291228f,0.16624315505302464f,0.8140771992966568f,-0.5564544248932948f,1.0036728787195621f,0.9067043433984875f,-0.3480204978822253f,-0.23826239047765357f,0.35428611506955976f,0f,0f,0f,1f],start_interpolation:0}
execute if entity @s[tag=aj.louvert.bone.coat_1] run data modify entity @s {} merge value {transformation:[-0.13471146303467474f,-0.5901383866742704f,-0.7959833580550204f,0.3225084807151587f,-0.22090044639531703f,0.8009753215917592f,-0.5564544248932948f,0.9814836457364573f,0.9659481427640964f,0.10087228942810317f,-0.23826239047765357f,-0.11977001493077277f,0f,0f,0f,1f],start_interpolation:0}
execute if entity @s[tag=aj.louvert.bone.coat_2] run data modify entity @s {} merge value {transformation:[-0.31482327454449277f,-0.2415682343012233f,-0.9178949253491231f,0.14430474232215793f,0.044378465966209674f,0.9622661443381072f,-0.26846679351301356f,0.9230214591163479f,0.9481122600006652f,-0.12525436374538979f,-0.29222335087937223f,0.08747525125968682f,0f,0f,0f,1f],start_interpolation:0}
execute if entity @s[tag=aj.louvert.bone.right_leg_1] run data modify entity @s {} merge value {transformation:[-0.31482327454449277f,0.12381421844528501f,-0.9410400337476968f,0.5037090486260571f,0.044378465966209674f,0.992291082833193f,0.11571066799658375f,0.9068916882256881f,0.9481122600006652f,-0.005333501712097802f,-0.31789101307825324f,0.3394123531850767f,0f,0f,0f,1f],start_interpolation:0}
execute if entity @s[tag=aj.louvert.bone.right_leg_0] run data modify entity @s {} merge value {transformation:[-0.31482327454449277f,-0.852833057179439f,-0.41660782804341884f,0.20444975276097388f,0.044378465966209674f,0.4252209599945005f,-0.9040009330414662f,0.9981255704737859f,0.9481122600006652f,-0.3030889502494725f,-0.09602203222752513f,0.23577208256947665f,0f,0f,0f,1f],start_interpolation:0}
execute if entity @s[tag=aj.louvert.bone.left_leg_1] run data modify entity @s {} merge value {transformation:[-0.2202629839205119f,-0.20399120570614032f,-0.9538720070895191f,0.5014399391270342f,-0.10037026844091587f,0.9774375411154044f,-0.18585387386699992f,0.6414775475531798f,0.9702628649636812f,0.0548036605787183f,-0.23576796147831847f,0.012551284135100985f,0f,0f,0f,1f],start_interpolation:0}
execute if entity @s[tag=aj.louvert.bone.left_leg_0] run data modify entity @s {} merge value {transformation:[-0.2202629839205119f,-0.53854087123334f,-0.8133006503905352f,0.28315557139709707f,-0.10037026844091587f,0.8418651486184056f,-0.530272458981992f,0.9870309539822335f,0.9702628649636812f,-0.03516818950337143f,-0.2394852215054703f,-0.0012559824306896325f,0f,0f,0f,1f],start_interpolation:0}
execute if entity @s[tag=aj.louvert.bone.body_1] run data modify entity @s {} merge value {transformation:[-0.31482327454449277f,-0.5170075429861118f,-0.7959833580550204f,0.08223780489587554f,0.044378465966209674f,0.8296921264994375f,-0.5564544248932948f,1.251857051759084f,0.9481122600006652f,-0.2105093245447936f,-0.23826239047765357f,0.05147388614914552f,0f,0f,0f,1f],start_interpolation:0}
execute if entity @s[tag=aj.louvert.locator_origin.locator] at @s on origin run tp @s ^0.22289 ^1.29135 ^1.35374 ~-27.25034 ~-12.71369
execute if entity @s[tag=aj.louvert.bone.sword_0] run data modify entity @s {} merge value {transformation:[-0.827355924573512f,-0.3405632926563934f,-0.446652905249865f,-0.17796217739731604f,-0.26735023956414683f,0.9381305753606508f,-0.22007924249798697f,1.1226410828450164f,0.4939696584590014f,-0.06267110393578655f,-0.8672175674266333f,0.5910302301018869f,0f,0f,0f,1f],start_interpolation:0}
execute if entity @s[tag=aj.louvert.bone.right_arm_1] run data modify entity @s {} merge value {transformation:[0.11429250333765856f,-0.32380494382934866f,-0.9391951778158167f,-0.21500281408346159f,-0.848537701880707f,0.45983313449024277f,-0.26179621256215047f,1.4367345122785302f,0.5166439704165913f,0.8268638622993211f,-0.2222052228360748f,0.3892541094272997f,0f,0f,0f,1f],start_interpolation:0}
execute if entity @s[tag=aj.louvert.bone.right_arm_0] run data modify entity @s {} merge value {transformation:[-0.3322933823019233f,-0.32380494382934866f,-0.8858507021107f,-0.10562456522591868f,-0.8735461720290966f,0.45983313449024277f,0.15959503049340318f,1.7087202220970392f,0.355665845157586f,0.8268638622993211f,-0.43565807672048207f,0.2808313957950571f,0f,0f,0f,1f],start_interpolation:0}
execute if entity @s[tag=aj.louvert.locator_origin.locator2] at @s on origin run tp @s ^0.04306 ^2.52743 ^0.28191 ~30.60578 ~-17.92913
execute if entity @s[tag=aj.louvert.bone.sword_1] run data modify entity @s {} merge value {transformation:[0.22495570157829653f,-0.8454275324716809f,0.4844039839496171f,0.44615372345153115f,-0.8607406060216054f,-0.40541331389781204f,-0.30784030610034363f,2.2467133242535477f,0.45664049478005775f,-0.34769574667119335f,-0.8188938431040896f,-0.44580742338678236f,0f,0f,0f,1f],start_interpolation:0}
execute if entity @s[tag=aj.louvert.bone.left_arm_1] run data modify entity @s {} merge value {transformation:[-0.48931616086119756f,-0.7489805822823292f,0.44676367587806576f,0.2692986600832794f,-0.868714178155526f,0.3734587381723121f,-0.32536786496873527f,1.9179026143853546f,0.07684641430559536f,-0.5473176940742622f,-0.833389446994384f,-0.4091182193767083f,0f,0f,0f,1f],start_interpolation:0}
execute if entity @s[tag=aj.louvert.bone.left_arm_0] run data modify entity @s {} merge value {transformation:[-0.6482153771089537f,-0.7489805822823292f,0.13727677241077532f,0.06673135473673139f,-0.5841277679840006f,0.3734587381723121f,-0.720640910268612f,1.7353626868903544f,0.4884788383845571f,-0.5473176940742622f,-0.6795820525909334f,-0.2564685823815342f,0f,0f,0f,1f],start_interpolation:0}
execute if entity @s[tag=aj.louvert.bone.wing_0] run data modify entity @s {} merge value {transformation:[-0.8614659061600929f,-0.09104707972346517f,-0.49958675102288186f,-0.45751849261775457f,-0.03988509771032566f,0.9928879634306538f,-0.11217250578981718f,1.3455457937562614f,0.5062466508574726f,-0.07670672296714134f,-0.8589705508032475f,-0.13213897809888045f,0f,0f,0f,1f],start_interpolation:0}
execute if entity @s[tag=aj.louvert.bone.wing_1] run data modify entity @s {} merge value {transformation:[0.3895973640754644f,-0.09104707972346517f,-0.9164738529708739f,-0.22132514821018656f,0.10640115204501932f,0.9928879634306538f,-0.05340680591480333f,1.3731637723130534f,0.9148183911295962f,-0.07670672296714134f,0.3965140475477502f,-0.055003050555325325f,0f,0f,0f,1f],start_interpolation:0}
execute if entity @s[tag=aj.louvert.bone.body_0] run data modify entity @s {} merge value {transformation:[-0.31482327454449277f,-0.09104707972346517f,-0.9447733776302717f,-0.006078750000000001f,0.044378465966209674f,0.9928879634306538f,-0.110471914227168f,1.597120625f,0.9481122600006652f,-0.07670672296714134f,-0.30854371017422044f,0.00955625f,0f,0f,0f,1f],start_interpolation:0}