execute if entity @s[tag=aj.louvert.bone.head] run data modify entity @s {} merge value {transformation:[-0.9931835234385481f,-0.045269720248295786f,0.1074110850835781f,-0.02179925528690042f,-0.039233238355287796f,0.9975648836933755f,0.057663297078642345f,1.6659216152400291f,-0.10975992792612349f,0.05305615186256559f,-0.9925410837699307f,0.002149716000159118f,0f,0f,0f,1f],start_interpolation:0}
execute if entity @s[tag=aj.louvert.bone.coat_0] run data modify entity @s {} merge value {transformation:[-0.34854514549618254f,0.3726636838621782f,0.8600221277858583f,-0.22407522089585388f,-0.032061628189970146f,0.912283178696792f,-0.40830313967037457f,0.8567862641780699f,-0.9367434726481166f,-0.16988578691917602f,-0.3060236687806995f,-0.08824682669558151f,0f,0f,0f,1f],start_interpolation:0}
execute if entity @s[tag=aj.louvert.bone.coat_1] run data modify entity @s {} merge value {transformation:[-0.4549837878003274f,0.23097985314211109f,0.8600221277858583f,-0.034225917820354036f,-0.3421472989519698f,0.8463000484196999f,-0.40830313967037457f,0.9125114352033452f,-0.822146567625711f,-0.4800255571188504f,-0.3060236687806995f,0.3709393527958649f,0f,0f,0f,1f],start_interpolation:0}
execute if entity @s[tag=aj.louvert.bone.coat_2] run data modify entity @s {} merge value {transformation:[-0.3796986061509997f,0.026166135390056466f,0.9247401266549089f,-0.021647803384871676f,-0.11145034205055059f,0.9910256795734347f,-0.07380327691117511f,0.8336109572319108f,-0.9183723589828927f,-0.13108560479610853f,-0.3733748444545175f,0.10309330445255421f,0f,0f,0f,1f],start_interpolation:0}
execute if entity @s[tag=aj.louvert.bone.right_leg_1] run data modify entity @s {} merge value {transformation:[-0.3796986061509997f,-0.19273674211558872f,0.9048102103345523f,-0.3334612401994361f,-0.11145034205055059f,0.9804632267634972f,0.1620823316136793f,0.5317006612406743f,-0.9183723589828927f,-0.03929897203719834f,-0.39376109641890245f,0.13254011089215548f,0f,0f,0f,1f],start_interpolation:0}
execute if entity @s[tag=aj.louvert.bone.right_leg_0] run data modify entity @s {} merge value {transformation:[-0.3796986061509997f,0.3989171743765778f,0.8346820091953551f,-0.17661289512697892f,-0.11145034205055059f,0.8759550331815901f,-0.46934166776523795f,0.8707175569343888f,-0.9183723589828927f,-0.2712339724873095f,-0.28813944961589366f,0.026549718177280066f,0f,0f,0f,1f],start_interpolation:0}
execute if entity @s[tag=aj.louvert.bone.left_leg_1] run data modify entity @s {} merge value {transformation:[-0.4331212164640403f,-0.05102255847902504f,0.8998903879778716f,-0.38011973443427105f,-0.2670854158749658f,0.9608218903123701f,-0.07407209814404436f,0.8321211314181407f,-0.8608550356916119f,-0.2724297957691465f,-0.4297797271877476f,0.42691167939410385f,0f,0f,0f,1f],start_interpolation:0}
execute if entity @s[tag=aj.louvert.bone.left_leg_0] run data modify entity @s {} merge value {transformation:[-0.4331212164640403f,0.797350399170599f,0.4202836575352368f,-0.08168824358922899f,-0.2670854158749658f,0.33181133285093856f,-0.904746715947939f,0.8985801424470263f,-0.8608550356916119f,-0.5041166336614673f,0.06924613483959635f,0.25614280792300326f,0f,0f,0f,1f],start_interpolation:0}
execute if entity @s[tag=aj.louvert.bone.body_1] run data modify entity @s {} merge value {transformation:[-0.3796986061509997f,0.34086787499802995f,0.8600221277858583f,-0.02262935842121961f,-0.11145034205055059f,0.9060173107574325f,-0.40830313967037457f,1.1677792593024052f,-0.9183723589828927f,-0.2508818933326944f,-0.3060236687806995f,0.06294567138367466f,0f,0f,0f,1f],start_interpolation:0}
execute if entity @s[tag=aj.louvert.locator_origin.locator] at @s on origin run tp @s ^-0.93151 ^0.87615 ^-0.78768 ~112.82646 ~3.16792
execute if entity @s[tag=aj.louvert.bone.sword_0] run data modify entity @s {} merge value {transformation:[0.3833867642723561f,0.07814974363272519f,0.9202756144497756f,-0.1218410879708065f,-0.3250900882391602f,0.9440670003826136f,0.055262404193352266f,0.9492365386071979f,-0.8644830961386276f,-0.32035935503542523f,0.3873484995864298f,-0.45608368140070377f,0f,0f,0f,1f],start_interpolation:0}
execute if entity @s[tag=aj.louvert.bone.right_arm_1] run data modify entity @s {} merge value {transformation:[-0.2066638065863444f,-0.3694851744585858f,0.9059640041980421f,-0.042852749627672354f,-0.96206289002462f,0.2453054085110451f,-0.1194162978521165f,1.3077658114098656f,-0.17811531850101528f,-0.8962733748196124f,-0.4061637242599887f,-0.37889626660212933f,0f,0f,0f,1f],start_interpolation:0}
execute if entity @s[tag=aj.louvert.bone.right_arm_0] run data modify entity @s {} merge value {transformation:[0.2598918950456684f,-0.3694851744585858f,0.8921529626386271f,-0.12964492284593515f,-0.8987545345982834f,0.2453054085110451f,0.3634082320122268f,1.5863553020217527f,-0.35312390095913143f,-0.8962733748196124f,-0.26832358852860444f,-0.26686802512409696f,0f,0f,0f,1f],start_interpolation:0}
execute if entity @s[tag=aj.louvert.locator_origin.locator2] at @s on origin run tp @s ^-0.15646 ^1.66074 ^1.74689 ~6.46297 ~-17.22642
execute if entity @s[tag=aj.louvert.bone.sword_1] run data modify entity @s {} merge value {transformation:[-0.991240984977368f,-0.07669766385292634f,0.1075117577783948f,-0.06410804771106754f,-0.10557244980559143f,0.949289455234092f,-0.2961485911217653f,1.4255630005505917f,-0.07934587288033702f,-0.30490490081476895f,-0.9490717749021897f,0.9060376035018227f,0f,0f,0f,1f],start_interpolation:0}
execute if entity @s[tag=aj.louvert.bone.left_arm_1] run data modify entity @s {} merge value {transformation:[0.24121704836347063f,0.9631019704143939f,0.1193688827237923f,0.016004951253229746f,0.22020582737112093f,0.06547467491259382f,-0.9732535438090582f,1.5099928615086897f,-0.9451580445463154f,0.2610510707294677f,-0.19628705841288469f,0.5493952055323036f,0f,0f,0f,1f],start_interpolation:0}
execute if entity @s[tag=aj.louvert.bone.left_arm_0] run data modify entity @s {} merge value {transformation:[0.23960418653658322f,0.9631019704143939f,0.12257417500458098f,0.090881259545912f,0.2331616546244499f,0.06547467491259382f,-0.9702312661205467f,1.5828558785788303f,-0.9424571484194549f,0.2610510707294677f,-0.20887044277270872f,0.2548773466512239f,0f,0f,0f,1f],start_interpolation:0}
execute if entity @s[tag=aj.louvert.bone.wing_0] run data modify entity @s {} merge value {transformation:[0.1080540357657267f,-0.10405026436359047f,0.988684918384318f,0.4735881137534219f,-0.06600473473902826f,0.9915625156697441f,0.11156680738785661f,1.3581726000785008f,-0.9919514606807983f,-0.07731312957419015f,0.10027452143328797f,-0.16531956704128953f,0f,0f,0f,1f],start_interpolation:0}
execute if entity @s[tag=aj.louvert.bone.wing_1] run data modify entity @s {} merge value {transformation:[-0.7742801103326933f,-0.10405026436359047f,0.6242306090132548f,0.2437780684207529f,-0.12954806079574288f,0.9915625156697441f,0.004591019794238552f,1.3416223002785277f,-0.6194413698545284f,-0.07731312957419015f,-0.7812266440081199f,-0.06829673137500127f,0f,0f,0f,1f],start_interpolation:0}
execute if entity @s[tag=aj.louvert.bone.body_0] run data modify entity @s {} merge value {transformation:[-0.3796986061509997f,-0.10405026436359047f,0.9192401813306763f,-0.006078750000000001f,-0.11145034205055059f,0.9915625156697441f,0.06620119919989258f,1.5209713194444445f,-0.9183723589828927f,-0.07731312957419015f,-0.388091342665153f,0.00955625f,0f,0f,0f,1f],start_interpolation:0}