execute if entity @s[tag=aj.louvert.bone.head] run data modify entity @s {} merge value {transformation:[-0.9423142762914335f,0.0207422051892949f,-0.334086164965323f,-0.017213370871680324f,0.014958668350767715f,0.9996905600136812f,0.019875171966659805f,1.6792857946284314f,0.3343950402421117f,0.013731174145634649f,-0.94233296234296f,-0.006829683809161468f,0f,0f,0f,1f],start_interpolation:0}
execute if entity @s[tag=aj.louvert.bone.coat_0] run data modify entity @s {} merge value {transformation:[-0.487384033965741f,-0.46142861324653334f,-0.7413099475338657f,0.13131523758446645f,0.12301510988716871f,0.804218300413322f,-0.5814638492802074f,0.9501832320453568f,0.8644790837115315f,-0.3745885211237649f,-0.33520046788091085f,0.3808868526100099f,0f,0f,0f,1f],start_interpolation:0}
execute if entity @s[tag=aj.louvert.bone.coat_1] run data modify entity @s {} merge value {transformation:[-0.28807154261934664f,-0.606196624883583f,-0.7413099475338657f,0.3514423632751092f,-0.1754333118281462f,0.7944324672879707f,-0.5814638492802074f,0.9280287569209558f,0.9414021135699229f,-0.03745272885251738f,-0.33520046788091085f,-0.06750274112197918f,0f,0f,0f,1f],start_interpolation:0}
execute if entity @s[tag=aj.louvert.bone.coat_2] run data modify entity @s {} merge value {transformation:[-0.4402542513812855f,-0.2268577643581448f,-0.8687414741401083f,0.1487150569880546f,0.044308950248801965f,0.9608866130017935f,-0.27337453041896737f,0.8664230133231303f,0.8967791874639781f,-0.1588473219930579f,-0.4129825870749042f,0.11479199725890149f,0f,0f,0f,1f],start_interpolation:0}
execute if entity @s[tag=aj.louvert.bone.right_leg_1] run data modify entity @s {} merge value {transformation:[-0.4402542513812855f,0.15267619834895346f,-0.8847972494297295f,0.4753796685608829f,0.044308950248801965f,0.987930492003009f,0.14842526704891582f,0.8640942113526292f,0.8967791874639781f,0.026140417525429116f,-0.4417055212503499f,0.41466366527997284f,0f,0f,0f,1f],start_interpolation:0}
execute if entity @s[tag=aj.louvert.bone.right_leg_0] run data modify entity @s {} merge value {transformation:[-0.4402542513812855f,-0.8093767727136354f,-0.3886970979212015f,0.18634701900712713f,0.044308950248801965f,0.4127965976538188f,-0.9097448465879213f,0.9446446132642565f,0.8967791874639781f,-0.41774179675619205f,-0.14587282191811937f,0.2687894541770126f,0f,0f,0f,1f],start_interpolation:0}
execute if entity @s[tag=aj.louvert.bone.left_leg_1] run data modify entity @s {} merge value {transformation:[-0.3455969707858869f,-0.27812977065304545f,-0.8962179224162521f,0.5301446386587355f,-0.09742986304244781f,0.9605396660402997f,-0.26052057836324466f,0.6054322283489105f,0.9333113926076058f,-0.0027167332725220733f,-0.35905774436596877f,0.09688976473422631f,0f,0f,0f,1f],start_interpolation:0}
execute if entity @s[tag=aj.louvert.bone.left_leg_0] run data modify entity @s {} merge value {transformation:[-0.3455969707858869f,-0.5753453706000912f,-0.7413099475338657f,0.2964105818524485f,-0.09742986304244781f,0.8077172857923582f,-0.5814638492802074f,0.9335673757020561f,0.9333113926076058f,-0.12872641827251255f,-0.33520046788091085f,0.04459465731101808f,0f,0f,0f,1f],start_interpolation:0}
execute if entity @s[tag=aj.louvert.bone.body_1] run data modify entity @s {} merge value {transformation:[-0.4402542513812855f,-0.5065922974424713f,-0.7413099475338657f,0.08306870747901557f,0.044308950248801965f,0.8123647634579515f,-0.5814638492802074f,1.1929699830637661f,0.8967791874639781f,-0.28883859725435845f,-0.33520046788091085f,0.06642999410202832f,0f,0f,0f,1f],start_interpolation:0}
execute if entity @s[tag=aj.louvert.locator_origin.locator] at @s on origin run tp @s ^0.04662 ^1.24971 ^1.37116 ~-19.49914 ~-13.93311
execute if entity @s[tag=aj.louvert.bone.sword_0] run data modify entity @s {} merge value {transformation:[-0.8773531047890496f,-0.35396878872479953f,-0.32397164401489376f,-0.2469178069276319f,-0.28535949765211255f,0.9276802335973413f,-0.2407889974490455f,1.062551164081131f,0.3857738801639487f,-0.11880858892134329f,-0.9149114889330938f,0.5651313054941086f,0f,0f,0f,1f],start_interpolation:0}
execute if entity @s[tag=aj.louvert.bone.right_arm_1] run data modify entity @s {} merge value {transformation:[0.0682265752941481f,-0.44068374664827f,-0.895065902525437f,-0.2655811378996811f,-0.8399837053220403f,0.4586985892471915f,-0.2898671747819891f,1.3735217705333547f,0.5383052193849579f,0.7716174179362982f,-0.3388717325482201f,0.35611155510273956f,0f,0f,0f,1f],start_interpolation:0}
execute if entity @s[tag=aj.louvert.bone.right_arm_0] run data modify entity @s {} merge value {transformation:[-0.3741240677865695f,-0.44068374664827f,-0.8159834663416127f,-0.1432911194012281f,-0.8752230924046104f,0.4586985892471915f,0.15355827149439805f,1.6460172418452266f,0.30661983044894714f,0.7716174179362982f,-0.5573067736110687f,0.2639647695524818f,0f,0f,0f,1f],start_interpolation:0}
execute if entity @s[tag=aj.louvert.locator_origin.locator2] at @s on origin run tp @s ^0.03349 ^2.52702 ^0.24445 ~37.98575 ~-23.07567
execute if entity @s[tag=aj.louvert.bone.sword_1] run data modify entity @s {} merge value {transformation:[0.16784007414455382f,-0.8069842504144726f,0.5662209189831673f,0.509392940917444f,-0.8064494792984587f,-0.4427382968670297f,-0.3919464731650575f,2.171517240834321f,0.5669823161707916f,-0.39084424016515057f,-0.725101257121604f,-0.4020772790882241f,0f,0f,0f,1f],start_interpolation:0}
execute if entity @s[tag=aj.louvert.bone.left_arm_1] run data modify entity @s {} merge value {transformation:[-0.5103002806455514f,-0.6472924335097153f,0.5662209189831673f,0.32329844843780203f,-0.8575329452021591f,0.3331894507129302f,-0.3919464731650575f,1.8474923691201655f,0.06504514944238793f,-0.6855634875448713f,-0.725101257121604f,-0.36865548330649356f,0f,0f,0f,1f],start_interpolation:0}
execute if entity @s[tag=aj.louvert.bone.left_arm_0] run data modify entity @s {} merge value {transformation:[-0.7154217081162508f,-0.6472924335097153f,0.2630290574767301f,0.09972916465147363f,-0.5759236460850301f,0.3331894507129302f,-0.7465231033355506f,1.6675162297185935f,0.3955802490470813f,-0.6855634875448713f,-0.611161984345527f,-0.24503665547928066f,0f,0f,0f,1f],start_interpolation:0}
execute if entity @s[tag=aj.louvert.bone.wing_0] run data modify entity @s {} merge value {transformation:[-0.8847256625015933f,-0.09861829011778907f,-0.45556002344955643f,-0.42953374638691844f,-0.042474151076552585f,0.9903524776174526f,-0.1319011621150444f,1.2732040402146954f,0.4641728649990678f,-0.09734681777652841f,-0.8803789800235693f,-0.1891853230617908f,0f,0f,0f,1f],start_interpolation:0}
execute if entity @s[tag=aj.louvert.bone.wing_1] run data modify entity @s {} merge value {transformation:[0.17690000964478264f,-0.09861829011778907f,-0.979275660599159f,-0.20642354001530436f,0.11371255828978816f,0.9903524776174526f,-0.07919232389672984f,1.3060280853310637f,0.9776378883179944f,-0.09734681777652841f,0.18640750090571995f,-0.08127601913013531f,0f,0f,0f,1f],start_interpolation:0}
execute if entity @s[tag=aj.louvert.bone.body_0] run data modify entity @s {} merge value {transformation:[-0.4402542513812855f,-0.09861829011778907f,-0.8924408254864562f,-0.006078750000000001f,0.044308950248801965f,0.9903524776174526f,-0.13129618046547367f,1.53464796875f,0.8967791874639781f,-0.09734681777652841f,-0.43163721572662195f,0.00955625f,0f,0f,0f,1f],start_interpolation:0}