execute if entity @s[tag=aj.louvert.bone.head] run data modify entity @s {} merge value {transformation:[-0.994522202053089f,-0.02567777160836568f,0.1013224637911258f,-0.020472486709303163f,-0.02193959770141098f,0.9990430335076962f,0.037837431895423795f,1.6550203702945376f,-0.10219708252281762f,0.035407191994977605f,-0.994133837608828f,-0.0009062277521919345f,0f,0f,0f,1f],start_interpolation:0}
execute if entity @s[tag=aj.louvert.bone.coat_0] run data modify entity @s {} merge value {transformation:[-0.4642402843828931f,0.3536616174456243f,0.8120372027818897f,-0.2406980694802761f,-0.05589363920221134f,0.9032959993877884f,-0.4253613035840823f,0.8445753871501305f,-0.8839439232512569f,-0.24285756697241628f,-0.39957895679254035f,-0.0386443986337453f,0f,0f,0f,1f],start_interpolation:0}
execute if entity @s[tag=aj.louvert.bone.coat_1] run data modify entity @s {} merge value {transformation:[-0.5572025665936965f,0.17355368356667575f,0.8120372027818897f,0.005950605966050786f,-0.3614682674833025f,0.8297038345192036f,-0.4253613035840823f,0.9117795775390939f,-0.7475734020041225f,-0.5305380909082479f,-0.39957895679254035f,0.39106251042722917f,0f,0f,0f,1f],start_interpolation:0}
execute if entity @s[tag=aj.louvert.bone.coat_2] run data modify entity @s {} merge value {transformation:[-0.4932973508926538f,0.015314406024280969f,0.8697259295723073f,-0.01586908140937645f,-0.13440838077792674f,0.9864950332770639f,-0.093605216181261f,0.8250073193966019f,-0.8594138181219488f,-0.16307365908634108f,-0.4845770020680367f,0.12626168629767437f,0f,0f,0f,1f],start_interpolation:0}
execute if entity @s[tag=aj.louvert.bone.right_leg_1] run data modify entity @s {} merge value {transformation:[-0.4932973508926538f,-0.13594457695441942f,0.8591721571367257f,-0.3559438616019513f,-0.13440838077792674f,0.9877623322892839f,0.07911992218835046f,0.5545726359883563f,-0.8594138181219488f,-0.07645029043187945f,-0.5055326322938367f,0.21830893339728658f,0f,0f,0f,1f],start_interpolation:0}
execute if entity @s[tag=aj.louvert.bone.right_leg_0] run data modify entity @s {} merge value {transformation:[-0.4932973508926538f,0.4481256294470503f,0.7455475463275131f,-0.17903590061869437f,-0.13440838077792674f,0.8075271514344821f,-0.5743120117782381f,0.8613764347473714f,-0.8594138181219488f,-0.3835144324908727f,-0.3381191643374537f,0.0687823286314983f,0f,0f,0f,1f],start_interpolation:0}
execute if entity @s[tag=aj.louvert.bone.left_leg_1] run data modify entity @s {} merge value {transformation:[-0.5399560424059076f,-0.14247385298047877f,0.8295472701939579f,-0.3156930794695114f,-0.28777931763717357f,0.9574233918003577f,-0.022880410262537065f,0.7903412127653017f,-0.7909681008799487f,-0.25108096313818024f,-0.5579675737352229f,0.4991830932681127f,0f,0f,0f,1f],start_interpolation:0}
execute if entity @s[tag=aj.louvert.bone.left_leg_0] run data modify entity @s {} merge value {transformation:[-0.5399560424059076f,0.6700303112594738f,0.5094181526632939f,-0.05571156289553094f,-0.28777931763717357f,0.42179375167216515f,-0.8598099181741294f,0.894978529941853f,-0.7909681008799487f,-0.6108595690040823f,-0.03492921909396812f,0.2836357831619855f,0f,0f,0f,1f],start_interpolation:0}
execute if entity @s[tag=aj.louvert.bone.body_1] run data modify entity @s {} merge value {transformation:[-0.4932973508926538f,0.311854621419107f,0.8120372027818897f,-0.019919162563641714f,-0.13440838077792674f,0.894987233758061f,-0.4253613035840823f,1.1578609928940062f,-0.8594138181219488f,-0.31897420978762436f,-0.39957895679254035f,0.07652961533810929f,0f,0f,0f,1f],start_interpolation:0}
execute if entity @s[tag=aj.louvert.locator_origin.locator] at @s on origin run tp @s ^-1.06668 ^0.90547 ^-0.67035 ~104.29869 ~0.47858
execute if entity @s[tag=aj.louvert.bone.sword_0] run data modify entity @s {} merge value {transformation:[0.2381347373049013f,0.06599217339513005f,0.9689875540683243f,-0.21457292763279964f,-0.2984675685751312f,0.9543832263474554f,0.008352710666060595f,0.9376561376367207f,-0.9242342546116626f,-0.2912004298025822f,0.24696832243268824f,-0.46118925096002117f,0f,0f,0f,1f],start_interpolation:0}
execute if entity @s[tag=aj.louvert.bone.right_arm_1] run data modify entity @s {} merge value {transformation:[-0.26761957391285557f,-0.48863892907308737f,0.8304286607849036f,-0.11128824441462226f,-0.9460422183105429f,0.2966922455800811f,-0.13029901222463564f,1.2896707109574599f,-0.1827125743696055f,-0.8204911385304264f,-0.5416737087585813f,-0.38271436047749186f,0f,0f,0f,1f],start_interpolation:0}
execute if entity @s[tag=aj.louvert.bone.right_arm_0] run data modify entity @s {} merge value {transformation:[0.14606782127681292f,-0.48863892907308737f,0.8601721854267039f,-0.1623105147225432f,-0.899315084486028f,0.2966922455800811f,0.3212570469710151f,1.5686988183157748f,-0.41218511666887414f,-0.8204911385304264f,-0.3961031698809183f,-0.25143086670671294f,0f,0f,0f,1f],start_interpolation:0}
execute if entity @s[tag=aj.louvert.locator_origin.locator2] at @s on origin run tp @s ^0.0435 ^1.60225 ^1.71865 ~2.96313 ~-18.77467
execute if entity @s[tag=aj.louvert.bone.sword_1] run data modify entity @s {} merge value {transformation:[-0.986924432659435f,-0.15357332534759793f,0.04894280295950956f,0.08245340784960624f,-0.16113966676536517f,0.932978237766613f,-0.32184719301036735f,1.3440960342464343f,0.0037645736278704434f,-0.32552548532424663f,-0.9455257724619748f,0.8803709237879797f,0f,0f,0f,1f],start_interpolation:0}
execute if entity @s[tag=aj.louvert.bone.left_arm_1] run data modify entity @s {} merge value {transformation:[0.0746265362648926f,0.9856157947988733f,0.15163240131347286f,0.0997764147813247f,0.33098103688867897f,0.11895565443732202f,-0.9361095584906094f,1.469412757228266f,-0.9406818980426911f,0.12004606332726547f,-0.3173428892766097f,0.527191187073308f,0f,0f,0f,1f],start_interpolation:0}
execute if entity @s[tag=aj.louvert.bone.left_arm_0] run data modify entity @s {} merge value {transformation:[0.06794139588822651f,0.9856157947988733f,0.15474324465948325f,0.12100810099639547f,0.3714985417291495f,0.11895565443732202f,-0.9207813995571935f,1.5855060515186252f,-0.9259442748988056f,0.12004606332726547f,-0.35807281726172896f,0.23783360116743127f,0f,0f,0f,1f],start_interpolation:0}
execute if entity @s[tag=aj.louvert.bone.wing_0] run data modify entity @s {} merge value {transformation:[0.04833681486394226f,-0.09833862470435255f,0.9939784037996329f,0.44547353292406083f,-0.09403810598872216f,0.9902733639534058f,0.10254510844725555f,1.3325934163140307f,-0.994394482562561f,-0.09842855040922857f,0.03861908224537591f,-0.21792979475512572f,0f,0f,0f,1f],start_interpolation:0}
execute if entity @s[tag=aj.louvert.bone.wing_1] run data modify entity @s {} merge value {transformation:[-0.8804223468339857f,-0.09833862470435255f,0.4638814569333356f,0.22940247422843946f,-0.13267965119860686f,0.9902733639534058f,-0.04189003225376607f,1.3236036588747926f,-0.4552500426723248f,-0.09842855040922857f,-0.8849063335241674f,-0.09250060415207266f,0f,0f,0f,1f],start_interpolation:0}
execute if entity @s[tag=aj.louvert.bone.body_0] run data modify entity @s {} merge value {transformation:[-0.4932973508926538f,-0.09833862470435255f,0.8642842347824857f,-0.006078750000000001f,-0.13440838077792674f,0.9902733639534058f,0.03595902975695249f,1.510120625f,-0.8594138181219488f,-0.09842855040922857f,-0.5017167624122122f,0.00955625f,0f,0f,0f,1f],start_interpolation:0}