execute if entity @s[tag=aj.louvert.bone.head] run data modify entity @s {} merge value {transformation:[-0.9399025840023141f,0.024217864366408992f,-0.3405827764748292f,-0.016207039446025827f,0.008062092360180087f,0.9987774326870708f,0.04877132991625223f,1.6694839296588475f,0.3413475285578456f,0.043094489213288234f,-0.9389487364850632f,-0.004086442012540704f,0f,0f,0f,1f],start_interpolation:0}
execute if entity @s[tag=aj.louvert.bone.coat_0] run data modify entity @s {} merge value {transformation:[-0.39768351411188946f,-0.4741693395689447f,-0.7855006429127664f,0.15344429744370125f,0.12068685112587613f,0.8216387994720503f,-0.5570856012925198f,0.9301042902044859f,0.9095507168756118f,-0.3163433587336372f,-0.26952620061170673f,0.3582403720712435f,0f,0f,0f,1f],start_interpolation:0}
execute if entity @s[tag=aj.louvert.bone.coat_1] run data modify entity @s {} merge value {transformation:[-0.1998161219896876f,-0.5857151674462876f,-0.7855006429127664f,0.3283144488432747f,-0.18389007340356664f,0.8098395357947045f,-0.5570856012925198f,0.9099545802291323f,0.9624229622658809f,0.03313108641721291f,-0.26952620061170673f,-0.10974939206617804f,0f,0f,0f,1f],start_interpolation:0}
execute if entity @s[tag=aj.louvert.bone.coat_2] run data modify entity @s {} merge value {transformation:[-0.3497403027991469f,-0.21568630949739614f,-0.9116803916358815f,0.14269179277939217f,0.040299419950707266f,0.9687728576718583f,-0.2446530338866411f,0.8503937350552442f,0.935979528274843f,-0.12230521711560347f,-0.3301268794216967f,0.0905547149260694f,0f,0f,0f,1f],start_interpolation:0}
execute if entity @s[tag=aj.louvert.bone.right_leg_1] run data modify entity @s {} merge value {transformation:[-0.3497403027991469f,0.19362579105880473f,-0.916619208632905f,0.49707054490678143f,0.040299419950707266f,0.9806126986123544f,0.19176728623994282f,0.8450308787935242f,0.935979528274843f,0.030129526332945925f,-0.35076278920854004f,0.35675354144365146f,0f,0f,0f,1f],start_interpolation:0}
execute if entity @s[tag=aj.louvert.bone.right_leg_0] run data modify entity @s {} merge value {transformation:[-0.3497403027991469f,-0.8427961034710385f,-0.4091166686557703f,0.1971618352935946f,0.040299419950707266f,0.4227571000952828f,-0.9053465585457667f,0.9250668627106475f,0.935979528274843f,-0.3331233439629552f,-0.11389100209121435f,0.2412429310368881f,0f,0f,0f,1f],start_interpolation:0}
execute if entity @s[tag=aj.louvert.bone.left_leg_1] run data modify entity @s {} merge value {transformation:[-0.25576932722070206f,-0.2559532959557602f,-0.9322392190540219f,0.5015243478504576f,-0.10434993550770853f,0.9659897152436777f,-0.2365902808717536f,0.5684802242425531f,0.9610895599332075f,0.03676656542051842f,-0.27377924949596194f,0.02735533462337276f,0f,0f,0f,1f],start_interpolation:0}
execute if entity @s[tag=aj.louvert.bone.left_leg_0] run data modify entity @s {} merge value {transformation:[-0.25576932722070206f,-0.5353273843170891f,-0.8049885979647743f,0.28459691099338136f,-0.10434993550770853f,0.8431081716033811f,-0.527522228854046f,0.9149920077229707f,0.9610895599332075f,-0.05092349728589961f,-0.2715025878542715f,0.007248048968177358f,0f,0f,0f,1f],start_interpolation:0}
execute if entity @s[tag=aj.louvert.bone.body_1] run data modify entity @s {} merge value {transformation:[-0.3497403027991469f,-0.5105589687603103f,-0.7855006429127664f,0.08132969540589102f,0.040299419950707266f,0.829476696227319f,-0.5570856012925198f,1.1792409027878463f,0.935979528274843f,-0.2264905071613828f,-0.26952620061170673f,0.05346720651460061f,0f,0f,0f,1f],start_interpolation:0}
execute if entity @s[tag=aj.louvert.locator_origin.locator] at @s on origin run tp @s ^0.17367 ^1.21422 ^1.36017 ~-25.08868 ~-12.57638
execute if entity @s[tag=aj.louvert.bone.sword_0] run data modify entity @s {} merge value {transformation:[-0.8445028579982332f,-0.3399201881284303f,-0.4138468177182817f,-0.1983715558018136f,-0.27073193495174364f,0.9377062922410749f,-0.21774096741031684f,1.0475511212110944f,0.4620813156037592f,-0.0718413195468208f,-0.883922894021685f,0.5825672511267131f,0f,0f,0f,1f],start_interpolation:0}
execute if entity @s[tag=aj.louvert.bone.right_arm_1] run data modify entity @s {} merge value {transformation:[0.09684337119488334f,-0.3550787935493614f,-0.9298066529269083f,-0.22856744339062385f,-0.8502104708033308f,0.4561786755341652f,-0.2627606730929749f,1.3623124188496252f,0.517458710229124f,0.8159779815408165f,-0.25771382742993576f,0.3806914776036415f,0f,0f,0f,1f],start_interpolation:0}
execute if entity @s[tag=aj.louvert.bone.right_arm_0] run data modify entity @s {} merge value {transformation:[-0.34343581319434713f,-0.3550787935493614f,-0.8694658662575936f,-0.11580959010328043f,-0.8754752744974958f,0.4561786755341652f,0.1595119422846733f,1.6349014924908134f,0.3399924792683976f,0.8159779815408165f,-0.467530798644863f,0.2773658953237977f,0f,0f,0f,1f],start_interpolation:0}
execute if entity @s[tag=aj.louvert.locator_origin.locator2] at @s on origin run tp @s ^0.07196 ^2.48356 ^0.25246 ~31.25943 ~-21.05777
execute if entity @s[tag=aj.louvert.bone.sword_1] run data modify entity @s {} merge value {transformation:[0.18514139359762666f,-0.8551109762617835f,0.4842601394429936f,0.47468084235726316f,-0.8490509583708634f,-0.38731057584615775f,-0.35930904236775857f,2.158143863768738f,0.4948081794657876f,-0.34463855865868603f,-0.7977400136757689f,-0.45661630389393615f,0f,0f,0f,1f],start_interpolation:0}
execute if entity @s[tag=aj.louvert.bone.left_arm_1] run data modify entity @s {} merge value {transformation:[-0.5213756699930256f,-0.7304038337765872f,0.4412229032402857f,0.2856243816472236f,-0.84615120083171f,0.37560195706549465f,-0.37808903075813394f,1.8379092504398205f,0.11043349161544486f,-0.5704677111397572f,-0.8138618030578579f,-0.4071416523663266f,0f,0f,0f,1f],start_interpolation:0}
execute if entity @s[tag=aj.louvert.bone.left_arm_0] run data modify entity @s {} merge value {transformation:[-0.670242513665536f,-0.7304038337765872f,0.1314732386448539f,0.07617359612674363f,-0.5549209649100173f,0.37560195706549465f,-0.7422842397302433f,1.6644964489054401f,0.4927856487141635f,-0.5704677111397572f,-0.6570608000545514f,-0.2531461371431505f,0f,0f,0f,1f],start_interpolation:0}
execute if entity @s[tag=aj.louvert.bone.wing_0] run data modify entity @s {} merge value {transformation:[-0.8252126181562193f,-0.090167503706499f,-0.5575786546408465f,-0.45146069781284887f,-0.03151712048030323f,0.992988319272539f,-0.11393361621983268f,1.2725785703287489f,0.5639422008968543f,-0.07644618410121302f,-0.8222683108231617f,-0.14963523490805802f,0f,0f,0f,1f],start_interpolation:0}
execute if entity @s[tag=aj.louvert.bone.wing_1] run data modify entity @s {} merge value {transformation:[0.25501117611428314f,-0.090167503706499f,-0.9627248419627223f,-0.2183363289298828f,0.097219549355203f,0.992988319272539f,-0.06724995919306805f,1.3003613826188305f,0.9620382836872873f,-0.07644618410121302f,0.2619891632422649f,-0.06372165056790337f,0f,0f,0f,1f],start_interpolation:0}
execute if entity @s[tag=aj.louvert.bone.body_0] run data modify entity @s {} merge value {transformation:[-0.3497403027991469f,-0.090167503706499f,-0.9324974755318641f,-0.006078750000000001f,0.040299419950707266f,0.992988319272539f,-0.11113124916032666f,1.5244878125f,0.935979528274843f,-0.07644618410121302f,-0.34365433736061857f,0.00955625f,0f,0f,0f,1f],start_interpolation:0}