execute if entity @s[tag=aj.louvert.bone.head] run data modify entity @s {} merge value {transformation:[-0.9432418211859503f,0.022167588621118756f,-0.33136605858255314f,-0.016467858554082497f,0.00897104501473453f,0.9991064539183953f,0.04130150227235439f,1.6635884434339714f,0.33198552245113755f,0.03598460439319201f,-0.942597857588012f,-0.004834524704462204f,0f,0f,0f,1f],start_interpolation:0}
execute if entity @s[tag=aj.louvert.bone.coat_0] run data modify entity @s {} merge value {transformation:[-0.42604489761548814f,-0.469293796514929f,-0.773465628045883f,0.14482939976988435f,0.11787425073585689f,0.8188576066758398f,-0.5617631894335691f,0.926070363773252f,0.896990192939292f,-0.3305080219022224f,-0.29355245055868884f,0.3650233185042154f,0f,0f,0f,1f],start_interpolation:0}
execute if entity @s[tag=aj.louvert.bone.coat_1] run data modify entity @s {} merge value {transformation:[-0.23281195236501293f,-0.5895333044600435f,-0.773465628045883f,0.3350786846802838f,-0.17896934905327516f,0.8077079243741954f,-0.5617631894335691f,0.9055108369286995f,0.9559124263945091f,0.007641455067628561f,-0.29355245055868884f,-0.09691013497908639f,0f,0f,0f,1f],start_interpolation:0}
execute if entity @s[tag=aj.louvert.bone.coat_2] run data modify entity @s {} merge value {transformation:[-0.3804985698207989f,-0.21450137991587898f,-0.8995610020329415f,0.1432708387193487f,0.041119053689105005f,0.96784195424745f,-0.24817569385858368f,0.8455702016717797f,0.9238669069666036f,-0.13141959371669312f,-0.3594423856465736f,0.0973625354427284f,0f,0f,0f,1f],start_interpolation:0}
execute if entity @s[tag=aj.louvert.bone.right_leg_1] run data modify entity @s {} merge value {transformation:[-0.3804985698207989f,0.18995467763492555f,-0.9050624612748769f,0.48904184201912615f,0.041119053689105005f,0.9811842751931947f,0.18864421946436072f,0.8409509557342107f,0.9238669069666036f,0.03456354377399497f,-0.38114997002983486f,0.3752762796483745f,0f,0f,0f,1f],start_interpolation:0}
execute if entity @s[tag=aj.louvert.bone.right_leg_0] run data modify entity @s {} merge value {transformation:[-0.3804985698207989f,-0.8315454292291221f,-0.40466410452680546f,0.1923917209974842f,0.041119053689105005f,0.4219326914245806f,-0.9056942239690624f,0.9209304820621139f,0.9238669069666036f,-0.36125476195527784f,-0.1263524244982912f,0.24953995513338995f,0f,0f,0f,1f],start_interpolation:0}
execute if entity @s[tag=aj.louvert.bone.left_leg_1] run data modify entity @s {} merge value {transformation:[-0.28669154378581674f,-0.2644139094759321f,-0.9208111875935034f,0.5084034193103592f,-0.10298688672204986f,0.9640940735291356f,-0.2447781006325883f,0.5682472650239225f,0.9524713433405776f,0.02465566591377162f,-0.30362878363775664f,0.048036986594619926f,0f,0f,0f,1f],start_interpolation:0}
execute if entity @s[tag=aj.louvert.bone.left_leg_0] run data modify entity @s {} merge value {transformation:[-0.28669154378581674f,-0.5445968092687273f,-0.7881765500546348f,0.28751636345268394f,-0.10298688672204986f,0.8354635047988623f,-0.5398096269172135f,0.9106507186398377f,0.9524713433405776f,-0.07358700621388889f,-0.2956066518728431f,0.018573228391739055f,0f,0f,0f,1f],start_interpolation:0}
execute if entity @s[tag=aj.louvert.bone.body_1] run data modify entity @s {} merge value {transformation:[-0.3804985698207989f,-0.5069238212945946f,-0.773465628045883f,0.08154034807052327f,0.041119053689105005f,0.8262755850327036f,-0.5617631894335691f,1.1740017206736957f,0.9238669069666036f,-0.2455542648437395f,-0.29355245055868884f,0.05732088399889591f,0f,0f,0f,1f],start_interpolation:0}
execute if entity @s[tag=aj.louvert.locator_origin.locator] at @s on origin run tp @s ^0.13073 ^1.21304 ^1.36625 ~-23.1625 ~-12.84117
execute if entity @s[tag=aj.louvert.bone.sword_0] run data modify entity @s {} merge value {transformation:[-0.8578844841612805f,-0.3419938690752803f,-0.3835028100943375f,-0.21474162695393675f,-0.27369647226342564f,0.9357860807711588f,-0.2222490767258886f,1.0423660213234356f,0.4348844132708019f,-0.08570066831637892f,-0.8963988746892961f,0.5773313450855941f,0f,0f,0f,1f],start_interpolation:0}
execute if entity @s[tag=aj.louvert.bone.right_arm_1] run data modify entity @s {} merge value {transformation:[0.08397870814769093f,-0.38394110740285037f,-0.9195307513205404f,-0.23983937308567338f,-0.848285666285846f,0.45663432553522f,-0.268135266455147f,1.3564147682753922f,0.5228374555746966f,0.8025424093400098f,-0.28734417735341244f,0.37365566727668403f,0f,0f,0f,1f],start_interpolation:0}
execute if entity @s[tag=aj.louvert.bone.right_arm_0] run data modify entity @s {} merge value {transformation:[-0.3501020253659143f,-0.38394110740285037f,-0.8544107898902946f,-0.12509242272201082f,-0.8762496630704217f,0.45663432553522f,0.15385584393180177f,1.6292811889603251f,0.3310817116719933f,0.8025424093400098f,-0.49629686822211094f,0.2732944878055743f,0f,0f,0f,1f],start_interpolation:0}
execute if entity @s[tag=aj.louvert.locator_origin.locator2] at @s on origin run tp @s ^0.08168 ^2.49444 ^0.23937 ~32.37718 ~-22.8185
execute if entity @s[tag=aj.louvert.bone.sword_1] run data modify entity @s {} merge value {transformation:[0.17260157467099096f,-0.8523999104477662f,0.4935818970441829f,0.49265241344469646f,-0.8335898989577302f,-0.39335584891566805f,-0.38781317213250505f,2.1438511139035934f,0.5247252393174316f,-0.34450771949620246f,-0.7784457941506202f,-0.45276550908109214f,0f,0f,0f,1f],start_interpolation:0}
execute if entity @s[tag=aj.louvert.bone.left_arm_1] run data modify entity @s {} merge value {transformation:[-0.5320814707897924f,-0.7097882219062134f,0.46161671166172835f,0.29931341405915957f,-0.838718972125666f,0.36719706766285665f,-0.4021402731588395f,1.826553777476166f,0.11593012653593454f,-0.6011380819271186f,-0.790691603735835f,-0.4009704739274626f,0f,0f,0f,1f],start_interpolation:0}
execute if entity @s[tag=aj.louvert.bone.left_arm_0] run data modify entity @s {} merge value {transformation:[-0.6883500163187967f,-0.7097882219062134f,0.1495825360031318f,0.08420403395953557f,-0.542776172824357f,0.36719706766285665f,-0.7553544464117118f,1.6569362234685545f,0.48121542083359725f,-0.6011380819271186f,-0.6380162421200015f,-0.2505906549169635f,0f,0f,0f,1f],start_interpolation:0}
execute if entity @s[tag=aj.louvert.bone.wing_0] run data modify entity @s {} merge value {transformation:[-0.8317094439304158f,-0.09250023994925523f,-0.547451464959487f,-0.44474278240466525f,-0.031577423258082535f,0.9923087688021212f,-0.11969199513250015f,1.2641030895734882f,0.5543124274426275f,-0.08226185609229064f,-0.8282334935360395f,-0.16344128418129544f,0f,0f,0f,1f],start_interpolation:0}
execute if entity @s[tag=aj.louvert.bone.wing_1] run data modify entity @s {} merge value {transformation:[0.20215422023474444f,-0.09250023994925523f,-0.9749755775662343f,-0.2147068417380956f,0.09961109564636648f,0.9923087688021212f,-0.07349106736569389f,1.2932926968658653f,0.9742747563523405f,-0.08226185609229064f,0.20981345563818932f,-0.06999914792701636f,0f,0f,0f,1f],start_interpolation:0}
execute if entity @s[tag=aj.louvert.bone.body_0] run data modify entity @s {} merge value {transformation:[-0.3804985698207989f,-0.09250023994925523f,-0.9201437626662784f,-0.006078750000000001f,0.041119053689105005f,0.9923087688021212f,-0.11675842916950806f,1.5186831250000001f,0.9238669069666036f,-0.08226185609229064f,-0.3737685450171163f,0.00955625f,0f,0f,0f,1f],start_interpolation:0}