execute if entity @s[tag=aj.louvert.bone.head] run data modify entity @s {} merge value {transformation:[-0.9450206943367314f,0.019875341597691373f,-0.32640597125619075f,-0.017188502862305062f,0.014071864494822672f,0.9996983009737953f,0.020131807165434862f,1.6709151075850135f,0.3267076214369073f,0.014431833787914308f,-0.9450152656272579f,-0.006842967957446081f,0f,0f,0f,1f],start_interpolation:0}
execute if entity @s[tag=aj.louvert.bone.coat_0] run data modify entity @s {} merge value {transformation:[-0.4924813511102904f,-0.45920852509360216f,-0.7393170154202741f,0.12797781136193026f,0.11905391182579461f,0.8059436444572757f,-0.5798974116495953f,0.9409092386568841f,0.8621416849262997f,-0.37360724355970787f,-0.3422416436849238f,0.3813493443019345f,0f,0f,0f,1f],start_interpolation:0}
execute if entity @s[tag=aj.louvert.bone.coat_1] run data modify entity @s {} merge value {transformation:[-0.2985281018308154f,-0.6035655085633612f,-0.7393170154202741f,0.35177053550651266f,-0.17330413499171243f,0.7960431324726532f,-0.5798974116495953f,0.9191612394871013f,0.9385343090223526f,-0.04498897771429153f,-0.3422416436849238f,-0.06524201382320659f,0f,0f,0f,1f],start_interpolation:0}
execute if entity @s[tag=aj.louvert.bone.coat_2] run data modify entity @s {} merge value {transformation:[-0.4475854482891648f,-0.22245790962573053f,-0.8661291733481432f,0.1474595465066872f,0.04349599833956565f,0.962001059944274f,-0.26955900800110155f,0.8575480626157933f,0.8931827162502822f,-0.1583238425223558f,-0.4209016468021055f,0.11527345977874849f,0f,0f,0f,1f],start_interpolation:0}
execute if entity @s[tag=aj.louvert.bone.right_leg_1] run data modify entity @s {} merge value {transformation:[-0.4475854482891648f,0.15916935235655305f,-0.8799615808375858f,0.47197090449672197f,0.04349599833956565f,0.9867419175402762f,0.1563601173489696f,0.8550790825707678f,0.8931827162502822f,0.031709705759191784f,-0.44857455339378494f,0.41795951434977907f,0f,0f,0f,1f],start_interpolation:0}
execute if entity @s[tag=aj.louvert.bone.right_leg_0] run data modify entity @s {} merge value {transformation:[-0.4475854482891648f,-0.8053283516199312f,-0.38873321514492704f,0.18392599239807586f,0.04349599833956565f,0.4145868273940092f,-0.9089696698349262f,0.9354722388644384f,0.8931827162502822f,-0.4237499364347973f,-0.15053447034906453f,0.26970150477064925f,0f,0f,0f,1f],start_interpolation:0}
execute if entity @s[tag=aj.louvert.bone.left_leg_1] run data modify entity @s {} merge value {transformation:[-0.35342874286222437f,-0.28039169783552725f,-0.8924509059347401f,0.5286636743696144f,-0.0984323818018066f,0.9598728432225956f,-0.2625932045133567f,0.5960552319760742f,0.9302683429697322f,-0.004961917842982055f,-0.36684627494315447f,0.10010382007999738f,0f,0f,0f,1f],start_interpolation:0}
execute if entity @s[tag=aj.louvert.bone.left_leg_0] run data modify entity @s {} merge value {transformation:[-0.35342874286222437f,-0.5731478643673779f,-0.7393170154202741f,0.2958223544703671f,-0.0984323818018066f,0.8087212487470099f,-0.5798974116495953f,0.924598239279547f,0.9302683429697322f,-0.1321796784539537f,-0.3422416436849238f,0.04640582570807869f,0f,0f,0f,1f],start_interpolation:0}
execute if entity @s[tag=aj.louvert.bone.body_1] run data modify entity @s {} merge value {transformation:[-0.4475854482891648f,-0.5030682033182439f,-0.7393170154202741f,0.08266535989727025f,0.04349599833956565f,0.8135275595150692f,-0.5798974116495953f,1.1842626014204518f,0.8931827162502822f,-0.2917109746300433f,-0.3422416436849238f,0.06689398566747544f,0f,0f,0f,1f],start_interpolation:0}
execute if entity @s[tag=aj.louvert.locator_origin.locator] at @s on origin run tp @s ^0.03551 ^1.23877 ^1.37238 ~-18.97627 ~-13.82626
execute if entity @s[tag=aj.louvert.bone.sword_0] run data modify entity @s {} merge value {transformation:[-0.8811916121902789f,-0.3518528576689224f,-0.31575450773616887f,-0.2507629638970474f,-0.28501247169285493f,0.9282549026749422f,-0.23897850664748907f,1.0532118495490874f,0.3771859403331824f,-0.12059188285348008f,-0.9182528868480764f,0.5633757458168839f,0f,0f,0f,1f],start_interpolation:0}
execute if entity @s[tag=aj.louvert.bone.right_arm_1] run data modify entity @s {} merge value {transformation:[0.06233731661221836f,-0.4473069629886443f,-0.8922054358831624f,-0.26715627937446873f,-0.8409131663245414f,0.4579525097021409f,-0.2883479591735397f,1.3645348190874595f,0.5375677684344765f,0.7682421361259655f,-0.3475987839751328f,0.3546904279352134f,0f,0f,0f,1f],start_interpolation:0}
execute if entity @s[tag=aj.louvert.bone.right_arm_0] run data modify entity @s {} merge value {transformation:[-0.3725555138863531f,-0.4473069629886443f,-0.8130921657074007f,-0.14544504129486746f,-0.8763013918103587f,0.4579525097021409f,0.14958398834346953f,1.6374062406540004f,0.3054476383672072f,0.7682421361259655f,-0.5625884468210397f,0.26289662393869423f,0f,0f,0f,1f],start_interpolation:0}
execute if entity @s[tag=aj.louvert.locator_origin.locator2] at @s on origin run tp @s ^0.05368 ^2.52709 ^0.23413 ~37.44571 ~-24.31358
execute if entity @s[tag=aj.louvert.bone.sword_1] run data modify entity @s {} merge value {transformation:[0.15807070938779166f,-0.8173165372995408f,0.5540824204848314f,0.5186651818287922f,-0.801275283709077f,-0.43409217716213333f,-0.4117303746914693f,2.154444284620129f,0.5770368883793987f,-0.3788900362682133f,-0.7235127986885193f,-0.4106942727795131f,0f,0f,0f,1f],start_interpolation:0}
execute if entity @s[tag=aj.louvert.bone.left_arm_1] run data modify entity @s {} merge value {transformation:[-0.524494898218724f,-0.6464501319144438f,0.5540824204848314f,0.3272705468108068f,-0.8475837244327324f,0.33478340555224756f,-0.4117303746914693f,1.8341852913647294f,0.08066555534593922f,-0.6855817225645955f,-0.7235127986885193f,-0.3714187717734614f,0f,0f,0f,1f],start_interpolation:0}
execute if entity @s[tag=aj.louvert.bone.left_arm_0] run data modify entity @s {} merge value {transformation:[-0.7218213279081679f,-0.6464501319144438f,0.24713598994215358f,0.10170138183950433f,-0.5594361866837215f,0.33478340555224756f,-0.7582553820419714f,1.6593614830260663f,0.40743726339850894f,-0.6855817225645955f,-0.6033013990367472f,-0.2440946269614273f,0f,0f,0f,1f],start_interpolation:0}
execute if entity @s[tag=aj.louvert.bone.wing_0] run data modify entity @s {} merge value {transformation:[-0.8775798510449122f,-0.09856835260337904f,-0.4691885387613874f,-0.42770172365639947f,-0.04025372493574849f,0.9903304840121954f,-0.1327598209736966f,1.2646224139872557f,0.47773762952983617f,-0.09762075753253924f,-0.8730618219977244f,-0.19277092492556258f,0f,0f,0f,1f],start_interpolation:0}
execute if entity @s[tag=aj.louvert.bone.wing_1] run data modify entity @s {} merge value {transformation:[0.1455555613216002f,-0.09856835260337904f,-0.9844276806517633f,-0.20550367765564645f,0.11139126395099463f,0.9903304840121954f,-0.08268929042851145f,1.2975557088465386f,0.9830592885903444f,-0.09762075753253924f,0.15512776287634472f,-0.08302837874059914f,0f,0f,0f,1f],start_interpolation:0}
execute if entity @s[tag=aj.louvert.bone.body_0] run data modify entity @s {} merge value {transformation:[-0.4475854482891648f,-0.09856835260337904f,-0.8887921840030119f,-0.006078750000000001f,0.04349599833956565f,0.9903304840121954f,-0.1317331794371311f,1.5262768750000002f,0.8931827162502822f,-0.09762075753253924f,-0.4389701847398537f,0.00955625f,0f,0f,0f,1f],start_interpolation:0}