execute if entity @s[tag=aj.louvert.bone.head] run data modify entity @s {} merge value {transformation:[-1f,0f,1.2246467991473535e-16f,-0.002695000000000013f,0f,1f,0f,1.552408813090762f,-1.2246467991473532e-16f,0f,-1f,0.1096091991174906f,0f,0f,0f,1f],start_interpolation:0}
execute if entity @s[tag=aj.louvert.bone.coat_0] run data modify entity @s {} merge value {transformation:[-0.9914448613738104f,0.1305261922200515f,7.54759224022181e-17f,-0.25269499999999995f,0.08044429432483449f,0.6110350794631342f,0.7875054585055654f,0.9819580288890385f,0.10279008885123715f,0.7807682401391692f,-0.616307677076912f,-0.48272623806852444f,0f,0f,0f,1f],start_interpolation:0}
execute if entity @s[tag=aj.louvert.bone.coat_1] run data modify entity @s {} merge value {transformation:[-0.9396926207859084f,-0.34202014332566877f,7.54759224022181e-17f,0.24730500000000008f,-0.21078964004655537f,0.5791397762828788f,0.7875054585055654f,0.9819580288890385f,-0.26934272978782f,0.7400130681863032f,-0.616307677076912f,-0.4827262380685244f,0f,0f,0f,1f],start_interpolation:0}
execute if entity @s[tag=aj.louvert.bone.coat_2] run data modify entity @s {} merge value {transformation:[-1f,-1.0546811737169218e-16f,6.224206009355362e-17f,-0.002694999999999931f,0f,0.5082449906118969f,0.8612125344640037f,1.0803962112022343f,-1.2246467991473532e-16f,0.8612125344640037f,-0.5082449906118969f,-0.5597646977031384f,0f,0f,0f,1f],start_interpolation:0}
execute if entity @s[tag=aj.louvert.bone.right_leg_1] run data modify entity @s {} merge value {transformation:[-0.9990482212727914f,0.02641164077321546f,0.03471421615618501f,-0.142007614019365f,0.0422389595866027f,0.3871505331378676f,0.9210484976287114f,0.6566835078519099f,0.01088677476174911f,0.9216381556352427f,-0.38789765172343527f,-0.534140384261619f,0f,0f,0f,1f],start_interpolation:0}
execute if entity @s[tag=aj.louvert.bone.right_leg_0] run data modify entity @s {} merge value {transformation:[-0.9990482212727914f,0.0436193944441193f,6.92388715695433e-9f,-0.12769499999999995f,0.0422389595866027f,0.9674310304643399f,0.2495858000523008f,0.9819580288890385f,0.01088677476174911f,0.24934824988965543f,-0.9683526880286195f,-0.48272623806852444f,0f,0f,0f,1f],start_interpolation:0}
execute if entity @s[tag=aj.louvert.bone.left_leg_1] run data modify entity @s {} merge value {transformation:[-0.9762960071199334f,-0.20906461293484907f,-0.05601869420181797f,0.21023359316235438f,-0.13339339569361583f,0.3773749266510973f,0.9164029499736486f,0.7375179221472211f,-0.17044737741309338f,0.902153064814104f,-0.39631747271539497f,-0.7950668521752047f,0f,0f,0f,1f],start_interpolation:0}
execute if entity @s[tag=aj.louvert.bone.left_leg_0] run data modify entity @s {} merge value {transformation:[-0.9762960071199334f,-0.21643961393810296f,7.54759224022181e-17f,0.12230500000000005f,-0.13339339569361583f,0.6016987242875504f,0.7875054585055654f,0.9819580288890385f,-0.17044737741309338f,0.7688384347241359f,-0.616307677076912f,-0.4827262380685244f,0f,0f,0f,1f],start_interpolation:0}
execute if entity @s[tag=aj.louvert.bone.body_1] run data modify entity @s {} merge value {transformation:[-1f,-9.644160390699094e-17f,7.54759224022181e-17f,-0.0026949999999999704f,0f,0.616307677076912f,0.7875054585055654f,1.1745541779755735f,-1.2246467991473532e-16f,0.7875054585055654f,-0.616307677076912f,-0.23663078228553522f,0f,0f,0f,1f],start_interpolation:0}
execute if entity @s[tag=aj.louvert.locator_origin.locator] at @s on origin run tp @s ^-1.16491 ^0.62467 ^0.23467 ~48.45618 ~24.009
execute if entity @s[tag=aj.louvert.bone.sword_0] run data modify entity @s {} merge value {transformation:[-0.7168352550485213f,-0.13678301791926215f,0.6836941005511312f,-0.5684633845866885f,0.21883863469469222f,0.8868811790791334f,0.40688011276071145f,1.0048445368629024f,-0.6620097197809744f,0.4412846929184209f,-0.6058142873120531f,-0.2855024287630162f,0f,0f,0f,1f],start_interpolation:0}
execute if entity @s[tag=aj.louvert.bone.right_arm_1] run data modify entity @s {} merge value {transformation:[-0.3726872377696299f,-0.9242714430521938f,-0.08262277144866714f,-0.41886246965434143f,-0.8115159188180054f,0.2814452298504173f,0.5120844618804736f,1.3048975666705465f,-0.45005125964562287f,0.2578970378904363f,-0.8549520346421354f,-0.11719307189726144f,0f,0f,0f,1f],start_interpolation:0}
execute if entity @s[tag=aj.louvert.bone.right_arm_0] run data modify entity @s {} merge value {transformation:[-0.38173590289389253f,-0.9242714430521938f,9.029043306084037e-17f,-0.29957f,-0.6814443880231718f,0.2814452298504173f,0.6755902076156601f,1.5178489379277875f,-0.6244287361048574f,0.2578970378904363f,-0.7372773368101242f,0.0779409081355065f,0f,0f,0f,1f],start_interpolation:0}
execute if entity @s[tag=aj.louvert.locator_origin.locator2] at @s on origin run tp @s ^1.05735 ^0.74057 ^0.54877 ~-32.7736 ~17.8015
execute if entity @s[tag=aj.louvert.bone.sword_1] run data modify entity @s {} merge value {transformation:[-0.7445630846606925f,-0.4242468484655013f,-0.515403166974791f,0.5939791837567346f,-0.6222494462191608f,0.7206529868919368f,0.30572029563585984f,1.027642518175327f,0.24172595979849204f,0.54833738159168f,-0.8005589774080848f,-0.13952547495488624f,0f,0f,0f,1f],start_interpolation:0}
execute if entity @s[tag=aj.louvert.bone.left_arm_1] run data modify entity @s {} merge value {transformation:[-0.441929143309908f,0.8670489629131755f,0.23005375068569892f,0.4186246681130309f,0.8789794397321624f,0.3673284808381171f,0.3040804691085811f,1.3526414536343228f,0.17914736063225833f,0.3365945380964284f,-0.9244513724918946f,-0.07344385990358902f,0f,0f,0f,1f],start_interpolation:0}
execute if entity @s[tag=aj.louvert.bone.left_arm_0] run data modify entity @s {} merge value {transformation:[-0.498222937961699f,0.8670489629131755f,9.029043306084037e-17f,0.26293f,0.6392555502606061f,0.3673284808381171f,0.6755902076156601f,1.552408813090762f,0.5857697888674549f,0.3365945380964284f,-0.7372773368101242f,0.10960919911749063f,0f,0f,0f,1f],start_interpolation:0}
execute if entity @s[tag=aj.louvert.bone.wing_0] run data modify entity @s {} merge value {transformation:[-0.8749579549371378f,-8.27359385291814e-17f,0.48419890240708063f,-0.002694999999999939f,0.32712003700447434f,0.7372773368101242f,0.5911130264309543f,1.636764832370112f,-0.3569888772530777f,0.6755902076156601f,-0.6450866708368855f,-0.49126360315545464f,0f,0f,0f,1f],start_interpolation:0}
execute if entity @s[tag=aj.louvert.bone.wing_1] run data modify entity @s {} merge value {transformation:[-0.8749579549371378f,-8.27359385291814e-17f,-0.4841989024070805f,-0.0026949999999999617f,-0.32712003700447434f,0.7372773368101242f,0.5911130264309543f,1.467867280466197f,0.3569888772530775f,0.6755902076156601f,-0.6450866708368858f,-0.30694426895292365f,0f,0f,0f,1f],start_interpolation:0}
execute if entity @s[tag=aj.louvert.bone.body_0] run data modify entity @s {} merge value {transformation:[-1f,-8.27359385291814e-17f,9.029043306084037e-17f,-0.006078750000000001f,0f,0.7372773368101242f,0.6755902076156601f,1.446151875f,-1.2246467991473532e-16f,0.6755902076156601f,-0.7372773368101242f,0.00955625f,0f,0f,0f,1f],start_interpolation:0}