execute if entity @s[tag=aj.louvert.bone.head] run data modify entity @s {} merge value {transformation:[-1f,0f,1.2246467991473535e-16f,-0.002695000000000013f,0f,1f,0f,1.5018775630907621f,-1.2246467991473532e-16f,0f,-1f,0.1096091991174906f,0f,0f,0f,1f],start_interpolation:0}
execute if entity @s[tag=aj.louvert.bone.coat_0] run data modify entity @s {} merge value {transformation:[-0.9914448613738104f,0.1305261922200515f,7.816727801945397e-17f,-0.25269499999999995f,0.08331281446364046f,0.6328236531049045f,0.7698007528036788f,0.9245590956437815f,0.10047916103159325f,0.7632150006488981f,-0.638284263461735f,-0.4771935175366849f,0f,0f,0f,1f],start_interpolation:0}
execute if entity @s[tag=aj.louvert.bone.coat_1] run data modify entity @s {} merge value {transformation:[-0.9396926207859084f,-0.34202014332566877f,7.816727801945397e-17f,0.24730500000000008f,-0.21830607527170143f,0.599791012338761f,0.7698007528036788f,0.9245590956437815f,-0.26328736380612194f,0.7233760868850542f,-0.638284263461735f,-0.4771935175366848f,0f,0f,0f,1f],start_interpolation:0}
execute if entity @s[tag=aj.louvert.bone.coat_2] run data modify entity @s {} merge value {transformation:[-1f,-1.0366975791667729e-16f,6.519339782613039e-17f,-0.0026949999999999314f,0f,0.5323444920733111f,0.8465278151125386f,1.0207841897442413f,-1.2246467991473532e-16f,0.8465278151125386f,-0.5323444920733111f,-0.5569790504694018f,0f,0f,0f,1f],start_interpolation:0}
execute if entity @s[tag=aj.louvert.bone.right_leg_1] run data modify entity @s {} merge value {transformation:[-0.9990482212727914f,0.021266844416610902f,0.03808376163447329f,-0.14200761405435228f,0.04252934495369594f,0.2809511999514335f,0.9587792645148617f,0.5968406788269889f,0.009690530918440559f,0.9594863962424945f,-0.2815882615382066f,-0.5144816722647776f,0f,0f,0f,1f],start_interpolation:0}
execute if entity @s[tag=aj.louvert.bone.right_leg_0] run data modify entity @s {} merge value {transformation:[-0.9990482212727914f,0.0436193944441193f,6.923887157769609e-9f,-0.12769499999999995f,0.04252934495369594f,0.9740819521027528f,0.22216121489922563f,0.9245590956437815f,0.009690530918440559f,0.22194976687534218f,-0.9750099458951689f,-0.4771935175366849f,0f,0f,0f,1f],start_interpolation:0}
execute if entity @s[tag=aj.louvert.bone.left_leg_1] run data modify entity @s {} merge value {transformation:[-0.9762960071199334f,-0.20906461293484907f,-0.05601869420181797f,0.21023359316235438f,-0.13814999956642426f,0.4026818115465869f,0.9048546492500086f,0.6714026296523024f,-0.1666153777460893f,0.891144963666384f,-0.42201892093905835f,-0.782512086790496f,0f,0f,0f,1f],start_interpolation:0}
execute if entity @s[tag=aj.louvert.bone.left_leg_0] run data modify entity @s {} merge value {transformation:[-0.9762960071199334f,-0.21643961393810296f,7.816727801945397e-17f,0.12230500000000005f,-0.13814999956642426f,0.6231543778251794f,0.7698007528036788f,0.9245590956437815f,-0.1666153777460893f,0.7515534012401505f,-0.638284263461735f,-0.4771935175366848f,0f,0f,0f,1f],start_interpolation:0}
execute if entity @s[tag=aj.louvert.bone.body_1] run data modify entity @s {} merge value {transformation:[-1f,-9.427340279022482e-17f,7.816727801945397e-17f,-0.0026949999999999704f,0f,0.638284263461735f,0.7698007528036788f,1.1240229279755736f,-1.2246467991473532e-16f,0.7698007528036788f,-0.638284263461735f,-0.23663078228553522f,0f,0f,0f,1f],start_interpolation:0}
execute if entity @s[tag=aj.louvert.locator_origin.locator] at @s on origin run tp @s ^-1.14488 ^0.55189 ^0.21428 ~49.37401 ~25.13224
execute if entity @s[tag=aj.louvert.bone.sword_0] run data modify entity @s {} merge value {transformation:[-0.7063054257300518f,-0.17027527386268926f,0.6871236982489225f,-0.5462957876310832f,0.20032928478541037f,0.8828875827735108f,0.42470895192085745f,0.9476071503527075f,-0.678970414113646f,0.43762523612713816f,-0.5894771661930686f,-0.29164747070452424f,0f,0f,0f,1f],start_interpolation:0}
execute if entity @s[tag=aj.louvert.bone.right_arm_1] run data modify entity @s {} merge value {transformation:[-0.3406288950796513f,-0.9371602577937551f,-0.07551560798112057f,-0.4086009997542729f,-0.820793299527564f,0.25723547241144196f,0.510027716093858f,1.251396744480766f,-0.4585524128030193f,0.23571288243370292f,-0.8568366949234403f,-0.11991418346825242f,0f,0f,0f,1f],start_interpolation:0}
execute if entity @s[tag=aj.louvert.bone.right_arm_0] run data modify entity @s {} merge value {transformation:[-0.34889919921367313f,-0.9371602577937551f,9.029043306084037e-17f,-0.29957f,-0.6909470190304692f,0.25723547241144196f,0.6755902076156601f,1.4673176879277876f,-0.6331362931320286f,0.23571288243370292f,-0.7372773368101242f,0.0779409081355065f,0f,0f,0f,1f],start_interpolation:0}
execute if entity @s[tag=aj.louvert.locator_origin.locator2] at @s on origin run tp @s ^1.03409 ^0.64931 ^0.51144 ~-34.66952 ~19.45626
execute if entity @s[tag=aj.louvert.bone.sword_1] run data modify entity @s {} merge value {transformation:[-0.7635396982337768f,-0.35961961149867017f,-0.5363588950009301f,0.5540151434983137f,-0.5830085029554679f,0.7410492487586047f,0.333087220403203f,0.960923288075353f,0.27768365940886275f,0.5670271121735304f,-0.7754818111067786f,-0.15435902576486618f,0f,0f,0f,1f],start_interpolation:0}
execute if entity @s[tag=aj.louvert.bone.left_arm_1] run data modify entity @s {} merge value {transformation:[-0.3866121286975939f,0.9000147033970146f,0.2012575355436387f,0.3991361044791357f,0.900538143432764f,0.3213493566965079f,0.29285771830943996f,1.2945149244624794f,0.19890227290452434f,0.29446243329145483f,-0.9347351289073765f,-0.08040365098411432f,0f,0f,0f,1f],start_interpolation:0}
execute if entity @s[tag=aj.louvert.bone.left_arm_0] run data modify entity @s {} merge value {transformation:[-0.4358595343332344f,0.9000147033970146f,9.029043306084037e-17f,0.26293f,0.6635604436105048f,0.3213493566965079f,0.6755902076156601f,1.5018775630907621f,0.6080411203251359f,0.29446243329145483f,-0.7372773368101242f,0.10960919911749063f,0f,0f,0f,1f],start_interpolation:0}
execute if entity @s[tag=aj.louvert.bone.wing_0] run data modify entity @s {} merge value {transformation:[-0.9006224006029404f,-8.27359385291814e-17f,0.43460245228507033f,-0.002694999999999939f,0.29361316096954565f,0.7372773368101242f,0.6084516746066547f,1.5862335823701121f,-0.3204225385918858f,0.6755902076156601f,-0.6640084849880767f,-0.49126360315545464f,0f,0f,0f,1f],start_interpolation:0}
execute if entity @s[tag=aj.louvert.bone.wing_1] run data modify entity @s {} merge value {transformation:[-0.9006224006029404f,-8.27359385291814e-17f,-0.4346024522850702f,-0.0026949999999999617f,-0.29361316096954565f,0.7372773368101242f,0.6084516746066547f,1.417336030466197f,0.3204225385918856f,0.6755902076156601f,-0.6640084849880767f,-0.30694426895292365f,0f,0f,0f,1f],start_interpolation:0}
execute if entity @s[tag=aj.louvert.bone.body_0] run data modify entity @s {} merge value {transformation:[-1f,-8.27359385291814e-17f,9.029043306084037e-17f,-0.006078750000000001f,0f,0.7372773368101242f,0.6755902076156601f,1.395620625f,-1.2246467991473532e-16f,0.6755902076156601f,-0.7372773368101242f,0.00955625f,0f,0f,0f,1f],start_interpolation:0}