execute if entity @s[tag=aj.axia.bone.wing_right_1] run data modify entity @s {} merge value {transformation:[-0.8008419265934127f,-0.14121003894096656f,-0.07520889546380723f,0.025424954590595794f,-0.1081842763405334f,0.7607923009345585f,-0.27647003750102733f,0.9729383303826925f,0.11786778782716793f,-0.2611498500582282f,-0.7647564219094461f,-0.5526130952448104f,0f,0f,0f,1f],start_interpolation:0}
execute if entity @s[tag=aj.axia.bone.wing_right_2] run data modify entity @s {} merge value {transformation:[-0.7777177539358997f,0.17241587509024425f,-0.07367402004617851f,0.025424954590595794f,0.18729146486988468f,0.7290913621455035f,-0.2708277918377411f,0.9729383303826925f,0.008775101127175985f,-0.28053262138596174f,-0.7491491479929269f,-0.5526130952448104f,0f,0f,0f,1f],start_interpolation:0}
execute if entity @s[tag=aj.axia.bone.wing_left_1] run data modify entity @s {} merge value {transformation:[-0.8008419265934127f,0.14121003894096662f,0.07520889546380742f,-0.025424954590595655f,0.1081842763405334f,0.7607923009345585f,-0.27647003750102733f,0.9729383303826925f,-0.11786778782716813f,-0.26114985005822816f,-0.7647564219094461f,-0.5526130952448103f,0f,0f,0f,1f],start_interpolation:0}
execute if entity @s[tag=aj.axia.bone.wing_left_2] run data modify entity @s {} merge value {transformation:[-0.7777177539358997f,-0.1724158750902442f,0.0736740200461787f,-0.025424954590595655f,-0.18729146486988468f,0.7290913621455035f,-0.2708277918377411f,0.9729383303826925f,-0.00877510112717618f,-0.2805326213859618f,-0.7491491479929269f,-0.5526130952448103f,0f,0f,0f,1f],start_interpolation:0}
execute if entity @s[tag=aj.axia.bone.blade] run data modify entity @s {} merge value {transformation:[-0.24220770170211353f,1.974337542338966f,0.20815066213468852f,-0.045504601233537265f,1.8972428206527412f,0.16843890721147212f,0.6099983721445764f,1.1073452004497288f,0.5846410084126912f,0.2713293265541604f,-1.893297464170344f,0.28954776570547075f,0f,0f,0f,1f],start_interpolation:0}
execute if entity @s[tag=aj.axia.bone.arm_right_2] run data modify entity @s {} merge value {transformation:[0.3666470263982326f,-0.9297163069478315f,0.034605586667746525f,-0.2880649216464818f,-0.26997370880816357f,-0.1419161418310294f,-0.9523518284962547f,1.1736807840356607f,0.8903281162502384f,0.33983436742489753f,-0.30303209092639205f,0.05343344901878966f,0f,0f,0f,1f],start_interpolation:0}
execute if entity @s[tag=aj.axia.bone.arm_right_1] run data modify entity @s {} merge value {transformation:[0.026553800585006667f,-0.9990482215818576f,0.034605586667746525f,-0.2984375f,-0.3022304811425095f,-0.041021104668294284f,-0.9523518284962547f,1.2917395657319535f,0.9528649599722189f,0.014829697431844154f,-0.30303209092639205f,-0.31877942597035835f,0f,0f,0f,1f],start_interpolation:0}
execute if entity @s[tag=aj.axia.bone.arm_left_2] run data modify entity @s {} merge value {transformation:[0.46174861323503386f,0.8870108331782216f,3.7079289210008806e-17f,0.3328125f,0.2685650363739591f,-0.13980610886651423f,-0.9530619461299765f,1.1871951983968094f,-0.8453762709072078f,0.4400750319525993f,-0.3027753735675041f,0.08188761277288414f,0f,0f,0f,1f],start_interpolation:0}
execute if entity @s[tag=aj.axia.bone.arm_left_1] run data modify entity @s {} merge value {transformation:[5.694123709206619e-18f,0.9999999999999999f,3.7079289210008806e-17f,0.3359375f,0.302775373567504f,1.0440902004619058e-16f,-0.9530619461299765f,1.3007359634846234f,-0.9530619461299764f,8.471937322539336e-17f,-0.3027753735675041f,-0.275510617025857f,0f,0f,0f,1f],start_interpolation:0}
execute if entity @s[tag=aj.axia.bone.ear_edge_a1] run data modify entity @s {} merge value {transformation:[-0.9544843471653647f,0.2948670522457682f,0.04486705379450302f,0.20776370102029093f,0.2964042022054115f,0.920989391813881f,0.25283015856750723f,1.9277250361891345f,0.033229202988951f,0.25462121212928973f,-0.966469791769267f,-0.2625345031119541f,0f,0f,0f,1f],start_interpolation:0}
execute if entity @s[tag=aj.axia.bone.ear_edge_a2] run data modify entity @s {} merge value {transformation:[-0.988860430551849f,0.14192250129071474f,0.04486705379450302f,0.09529200786070538f,0.1486804918055565f,0.9560183169140573f,0.25283015856750723f,1.9544849629175192f,-0.007011436747884582f,0.2566845950815905f,-0.966469791769267f,-0.2607554066256639f,0f,0f,0f,1f],start_interpolation:0}
execute if entity @s[tag=aj.axia.bone.ear_edge_b1] run data modify entity @s {} merge value {transformation:[-0.9334316771326431f,0.3246635758733658f,0.1526396626911248f,0.07567322984974904f,0.3360814977522171f,0.6424835643244523f,0.6886683501087978f,1.9708021857665337f,0.12551705459405738f,0.694124219483852f,-0.7088279318226434f,-0.32478116033966226f,0f,0f,0f,1f],start_interpolation:0}
execute if entity @s[tag=aj.axia.bone.ear_edge_b2] run data modify entity @s {} merge value {transformation:[-0.9880728414527243f,0.020327158116154848f,0.1526396626911248f,0.10521427855997298f,0.12109415846063563f,0.7148930747637275f,0.6886683501087978f,1.9728823675853955f,-0.09512236734990344f,0.6989382650118565f,-0.7088279318226434f,-0.3163987436415585f,0f,0f,0f,1f],start_interpolation:0}
execute if entity @s[tag=aj.axia.bone.ear_right_2] run data modify entity @s {} merge value {transformation:[-0.972728157055875f,0.17464554344219774f,0.1526396626911248f,0.17620264444045494f,0.23143720413737934f,0.6871482548180553f,0.6886683501087978f,2.058349854321616f,0.01538678042196966f,0.7052135917977477f,-0.7088279318226434f,-0.2621621770848266f,0f,0f,0f,1f],start_interpolation:0}
execute if entity @s[tag=aj.axia.bone.ear_right_1] run data modify entity @s {} merge value {transformation:[-0.972728157055875f,0.2275673086242444f,0.04486705379450302f,0.12500000000000003f,0.23143720413737934f,0.9394220198929776f,0.25283015856750723f,1.8469798998456963f,0.01538678042196966f,0.25631891967959713f,-0.966469791769267f,-0.31983393401273585f,0f,0f,0f,1f],start_interpolation:0}
execute if entity @s[tag=aj.axia.bone.ear_edge_a3] run data modify entity @s {} merge value {transformation:[-0.9865826704947083f,-0.16089254431482067f,-0.027716844398906832f,-0.19481871056434358f,-0.16179484839759742f,0.940809252144364f,0.2978260870232162f,1.9357214385106265f,-0.021841733253755206f,0.29831449891593503f,-0.9542176892224364f,-0.2573589870198562f,0f,0f,0f,1f],start_interpolation:0}
execute if entity @s[tag=aj.axia.bone.ear_edge_a4] run data modify entity @s {} merge value {transformation:[-0.9996053397796886f,-0.004576157831632829f,-0.027716844398906832f,-0.07972527323370246f,-0.012627893266561607f,0.9545366196223629f,0.2978260870232162f,1.9467952134174389f,0.025093843778535713f,0.2980585522668525f,-0.9542176892224364f,-0.25724577160112805f,0f,0f,0f,1f],start_interpolation:0}
execute if entity @s[tag=aj.axia.bone.ear_edge_b3] run data modify entity @s {} merge value {transformation:[-0.969447637708751f,-0.2422137132364037f,-0.03877879396210794f,-0.057532260883131806f,-0.2363203864266421f,0.8798425711360472f,0.4123466078141931f,1.944716362761072f,-0.06575676923393471f,0.40891266443697083f,-0.9102013404532935f,-0.2744914518891378f,0f,0f,0f,1f],start_interpolation:0}
execute if entity @s[tag=aj.axia.bone.ear_edge_b4] run data modify entity @s {} merge value {transformation:[-0.9968476467105597f,0.06921686489912374f,-0.03877879396210794f,-0.08662266982927946f,0.04713226341114042f,0.9098070261159069f,0.4123466078141931f,1.9533474781165314f,0.06382255865571389f,0.40921901329687216f,-0.9102013404532935f,-0.26934192957472486f,0f,0f,0f,1f],start_interpolation:0}
execute if entity @s[tag=aj.axia.bone.ear_left_2] run data modify entity @s {} merge value {transformation:[-0.9954027012379771f,-0.0875766379063661f,-0.03877879396210794f,-0.14562802025281865f,-0.09577318838324303f,0.9059789022990742f,0.4123466078141931f,2.060685738237373f,-0.000979160378189415f,0.4141648960039726f,-0.9102013404532935f,-0.2525338640442743f,0f,0f,0f,1f],start_interpolation:0}
execute if entity @s[tag=aj.axia.bone.ear_left_1] run data modify entity @s {} merge value {transformation:[-0.9954027012379771f,-0.09168009001252762f,-0.027716844398906832f,-0.12499999999999996f,-0.09577318838324303f,0.9498037261852298f,0.2978260870232162f,1.8469798998456963f,-0.000979160378189415f,0.2991114220820519f,-0.9542176892224364f,-0.31983393401273585f,0f,0f,0f,1f],start_interpolation:0}
execute if entity @s[tag=aj.axia.bone.head] run data modify entity @s {} merge value {transformation:[-1f,2.0438991632108077e-19f,1.2246450935426427e-16f,3.523659460530496e-17f,0f,0.9999986072680614f,-0.0016689703224095354f,1.33453276894339f,-1.2246467991473532e-16f,-0.0016689703224095354f,-0.9999986072680614f,-0.28772863024537404f,0f,0f,0f,1f],start_interpolation:0}
execute if entity @s[tag=aj.axia.bone.body_1] run data modify entity @s {} merge value {transformation:[-1f,4.1635480434703266e-17f,1.151698076563038e-16f,1.9623289442291242e-17f,0f,0.940432847548285f,-0.33997949828221086f,0.981870451112783f,-1.2246467991473532e-16f,-0.33997949828221086f,-0.940432847548285f,-0.16023631838954497f,0f,0f,0f,1f],start_interpolation:0}
execute if entity @s[tag=aj.axia.bone.leg_left_2] run data modify entity @s {} merge value {transformation:[-0.9763825861650424f,-0.17814719777418098f,-0.12223183447396377f,0.17428673993843113f,-0.05142151207033861f,0.7411221173988701f,-0.6693981141283678f,0.8520375115111178f,0.20984011420618232f,-0.6473033160948755f,-0.7327793279306632f,0.2896129607121912f,0f,0f,0f,1f],start_interpolation:0}
execute if entity @s[tag=aj.axia.bone.leg_left_1] run data modify entity @s {} merge value {transformation:[-0.9763825861650424f,-0.18922060009571184f,0.10427180794961946f,0.12499999999999999f,-0.05142151207033861f,-0.2652309343872389f,-0.9628127437567868f,0.7049776718170371f,0.20984011420618232f,-0.9454354107729894f,0.24923685627620457f,0.024245425351881428f,0f,0f,0f,1f],start_interpolation:0}
execute if entity @s[tag=aj.axia.bone.leg_right_2] run data modify entity @s {} merge value {transformation:[-0.9718472699153294f,0.21163114379231146f,0.1035622659817703f,-0.1962980327295305f,0.1313489166465214f,0.8515498067930134f,-0.5075533357653821f,0.6798341415507447f,-0.19560252057145405f,-0.4796615322578407f,-0.8553738763945007f,0.35800552167302624f,0f,0f,0f,1f],start_interpolation:0}
execute if entity @s[tag=aj.axia.bone.leg_right_1] run data modify entity @s {} merge value {transformation:[-0.9718472699153294f,0.21828156732079132f,-0.0886907059736238f,-0.125f,0.1313489166465214f,0.18942906121151643f,-0.9730694183172692f,0.7074040847641025f,-0.19560252057145405f,-0.9573242857759864f,-0.2127671633725267f,0.022276124661201352f,0f,0f,0f,1f],start_interpolation:0}
execute if entity @s[tag=aj.axia.bone.coat_downer] run data modify entity @s {} merge value {transformation:[-1f,7.717432919679849e-17f,9.508796316907179e-17f,-0.007812499999999998f,0f,0.7764521430609685f,-0.630176221017605f,0.7522927242848149f,-1.2246467991473532e-16f,-0.630176221017605f,-0.7764521430609685f,-0.014155938116378941f,0f,0f,0f,1f],start_interpolation:0}
execute if entity @s[tag=aj.axia.bone.body_2] run data modify entity @s {} merge value {transformation:[-1f,7.717432919679849e-17f,9.508796316907179e-17f,1.8977241610224806e-17f,0f,0.7764521430609685f,-0.630176221017605f,0.92578125f,-1.2246467991473532e-16f,-0.630176221017605f,-0.7764521430609685f,-0.1549609375f,0f,0f,0f,1f],start_interpolation:0}