execute if entity @s[tag=aj.lexiel.bone.backhair] run data modify entity @s {} merge value {transformation:[-0.9924342920254842f,0.12266865567970552f,0.005155281331758654f,-0.010815347663917351f,0.12273880527973656f,0.9902046941030931f,0.06655711423058074f,1.5014198990367489f,0.0030596879544564914f,0.06668631561222667f,-0.9977692987959128f,-0.21532986929671988f,0f,0f,0f,1f],start_interpolation:0}
execute if entity @s[tag=aj.lexiel.bone.head] run data modify entity @s {} merge value {transformation:[-0.9924342920254842f,0.12263482607579694f,0.005905543601969376f,-0.01046783852575614f,0.12273880527973656f,0.9897790417012057f,0.07261290716908239f,1.4975973930965427f,0.0030596879544564914f,0.07278837848449361f,-0.99734271455063f,0.0507266076696114f,0f,0f,0f,1f],start_interpolation:0}
execute if entity @s[tag=aj.lexiel.bone.ring] run data modify entity @s {} merge value {transformation:[-0.960424497424531f,0.15813842042459123f,0.22929680488932255f,-0.004257826555077948f,0.16917055682486518f,0.9851555444484855f,0.02915263188758377f,0.9353420935321473f,-0.22128286750311665f,0.06678916999052417f,-0.9729198833005598f,0.03534272444474851f,0f,0f,0f,1f],start_interpolation:0}
execute if entity @s[tag=aj.lexiel.bone.bust] run data modify entity @s {} merge value {transformation:[-0.9732939397723888f,0.10508746355681631f,0.20409686868136007f,-0.02574104404954436f,-0.004469989069432561f,0.880224978761918f,-0.4745355686998608f,1.386174628319879f,-0.22951890118258383f,-0.4627749039941296f,-0.8562478976518211f,0.11766391365478246f,0f,0f,0f,1f],start_interpolation:0}
execute if entity @s[tag=aj.lexiel.bone.left_wing] run data modify entity @s {} merge value {transformation:[-0.9665241503010278f,-0.011040021281205691f,-0.2563380284214316f,0.14365101187237223f,-0.017678580969722725f,0.9995649770033693f,0.023607721684880355f,1.1581997598712612f,0.2559658857343555f,0.027349125733089508f,-0.9662988619789752f,-0.051599777065885144f,0f,0f,0f,1f],start_interpolation:0}
execute if entity @s[tag=aj.lexiel.bone.right_wing] run data modify entity @s {} merge value {transformation:[-0.8905059389407077f,-0.011040021281205691f,0.45483765306034074f,-0.09967247307072502f,0.0026128028986200794f,0.9995649770033693f,0.029377372402357143f,1.1570822626039032f,-0.4549641150380339f,0.027349125733089508f,-0.890089702979028f,-0.10897950236153109f,0f,0f,0f,1f],start_interpolation:0}
execute if entity @s[tag=aj.lexiel.bone.body] run data modify entity @s {} merge value {transformation:[-0.9732939397723888f,-0.011040021281205691f,0.22929680488932255f,0.37567575618232174f,-0.004469989069432561f,0.9995649770033693f,0.02915263188758377f,0.20456344490190004f,-0.22951890118258383f,0.027349125733089508f,-0.9729198833005598f,0.6169049325656623f,0f,0f,0f,1f],start_interpolation:0}
execute if entity @s[tag=aj.lexiel.bone.sword] run data modify entity @s {} merge value {transformation:[-1.055509377337278f,0.06837278873385257f,0.46705372133602335f,-0.39191316761008643f,0.3199064476182602f,0.9448608322380061f,0.5846468463737475f,0.669874204413965f,-0.34709347678303776f,0.6629307897233757f,-0.8814550180873688f,-0.07414382219656543f,0f,0f,0f,1f],start_interpolation:0}
execute if entity @s[tag=aj.lexiel.bone.rod] run data modify entity @s {} merge value {transformation:[-0.000009871212144171066f,2.538335374199956e-7f,0.0000015794743872727196f,-0.40202305864706217f,0.000001251967566954569f,0.000007372085421355004f,0.000006639648616571433f,0.6780138276924557f,-9.95865460824674e-7f,0.000006751883076262941f,-0.000007308921049540113f,0.036300236623648396f,0f,0f,0f,1f],start_interpolation:0}
execute if entity @s[tag=aj.lexiel.bone.right_hand] run data modify entity @s {} merge value {transformation:[-0.9871212144171065f,0.12963444655532552f,0.09373696343487589f,-0.3570413246058356f,0.12519675669545688f,0.9907792154400147f,-0.05179110314530709f,1.0922430932110239f,-0.09958654608246738f,-0.03938853282827004f,-0.9942489946291123f,-0.045711477642790765f,0f,0f,0f,1f],start_interpolation:0}
execute if entity @s[tag=aj.lexiel.bone.right_arm] run data modify entity @s {} merge value {transformation:[-0.9816157638136693f,0.04089164568686016f,0.18643595561352105f,-0.31358719270951463f,0.04991408790272696f,0.9977856862534893f,0.043958026985891574f,1.402491304918279f,-0.18422561184956165f,0.05245567291222005f,-0.9814832277313661f,-0.023562029487423194f,0f,0f,0f,1f],start_interpolation:0}
execute if entity @s[tag=aj.lexiel.bone.left_hand] run data modify entity @s {} merge value {transformation:[-0.9663135090651239f,-0.12206257186009703f,0.22658095848756857f,0.38041058988660775f,-0.11489323933762377f,0.992375436134683f,0.04461543803444188f,1.0978543235359342f,-0.23029925261006418f,0.017079880192678733f,-0.9729699542842264f,0.125828020182793f,0f,0f,0f,1f],start_interpolation:0}
execute if entity @s[tag=aj.lexiel.bone.left_arm] run data modify entity @s {} merge value {transformation:[-0.9577975153888527f,-0.17687563078557533f,0.22658095848756857f,0.32513695526611547f,-0.17120159795231765f,0.984225317469312f,0.04461543803444188f,1.4054247352450941f,-0.23089809954504484f,0.0039415335387342695f,-0.9729699542842264f,0.12705974941364745f,0f,0f,0f,1f],start_interpolation:0}
execute if entity @s[tag=aj.lexiel.bone.skirt_right] run data modify entity @s {} merge value {transformation:[-0.9999804930077609f,0.002062776918620946f,0.005895638671032019f,-0.22108079119171536f,0.0006694745027263157f,0.9738522649300294f,-0.22718124459237804f,0.7133335620180155f,-0.006210105300682338f,-0.22717286598983533f,-0.9738346489780072f,0.09635520986254936f,0f,0f,0f,1f],start_interpolation:0}
execute if entity @s[tag=aj.lexiel.bone.skirt_left] run data modify entity @s {} merge value {transformation:[-0.9999675034006819f,0.005227928024148235f,0.006136848636033364f,0.21640499154608295f,0.004042555883873978f,0.9837758124432102f,-0.17935665193582168f,0.7115649438188205f,-0.006974946919727413f,-0.17932601490100664f,-0.9837649772660088f,0.0994067491399301f,0f,0f,0f,1f],start_interpolation:0}
execute if entity @s[tag=aj.lexiel.bone.skirt_back_middle] run data modify entity @s {} merge value {transformation:[-0.9999675034006819f,0.004438206148870665f,0.006730116550802494f,-0.0003304290674444152f,0.004042555883873978f,0.9983255889000934f,-0.05770334729638765f,0.7119298485096591f,-0.006974946919727413f,-0.05767426526156966f,-0.9983110884098226f,-0.1902223227710988f,0f,0f,0f,1f],start_interpolation:0}
execute if entity @s[tag=aj.lexiel.bone.skirt_front_middle] run data modify entity @s {} merge value {transformation:[-0.9999675034006819f,0.0059676720016477594f,0.005420242936253732f,-0.002551225833908652f,0.004042555883873978f,0.9528808850158731f,-0.30331778172947976f,0.7939379224116278f,-0.006974946919727413f,-0.3032860132980869f,-0.952874044275118f,0.17569398443126036f,0f,0f,0f,1f],start_interpolation:0}
execute if entity @s[tag=aj.lexiel.bone.skirt] run data modify entity @s {} merge value {transformation:[-0.9999675034006819f,0.005469970888377732f,0.005922124710571298f,-0.002235337868659118f,0.004042555883873978f,0.9757864162834818f,-0.21868819707191625f,0.7307452482237333f,-0.006974946919727413f,-0.21865714992910665f,-0.9757768192062911f,0.09378115794006897f,0f,0f,0f,1f],start_interpolation:0}
execute if entity @s[tag=aj.lexiel.bone.rightupper] run data modify entity @s {} merge value {transformation:[-0.9987339247131524f,-0.03451585806638736f,-0.03659512493494714f,-0.13980057630117104f,-0.016606438548291393f,0.9129089122207801f,-0.40782538443139316f,0.6667145530573577f,0.047484458781849974f,-0.40670133209741616f,-0.9123262862837954f,0.024772822889786564f,0f,0f,0f,1f],start_interpolation:0}
execute if entity @s[tag=aj.lexiel.bone.rightfoot] run data modify entity @s {} merge value {transformation:[-0.999149957298457f,0.022181025970859667f,-0.03474715696818343f,-0.0967331769274346f,0.02460897005779754f,0.9971669252055465f,-0.0710810936101181f,0.4141062047445634f,0.033072064090194815f,-0.07187576339070084f,-0.9968651429425235f,0.22759797788796965f,0f,0f,0f,1f],start_interpolation:0}
execute if entity @s[tag=aj.lexiel.bone.leftupper] run data modify entity @s {} merge value {transformation:[-0.9992782202308834f,-0.037558309798894546f,0.005693148272113207f,0.13334908704707604f,-0.036378893938789014f,0.9030101525549036f,-0.42807620870419777f,0.6628930937056141f,0.01093684817432986f,-0.427974342394284f,-0.9037247078641768f,0.026834296034143133f,0f,0f,0f,1f],start_interpolation:0}
execute if entity @s[tag=aj.lexiel.bone.leftfoot] run data modify entity @s {} merge value {transformation:[-0.9966710040717651f,-0.08130656514690719f,0.006012662188336032f,0.14960363047326128f,-0.07718698496607855f,0.917280741977427f,-0.39068940316981593f,0.44979607133672667f,0.026250314177656428f,-0.38985289900339637f,-0.9205029267439738f,0.26065018158361936f,0f,0f,0f,1f],start_interpolation:0}
execute if entity @s[tag=aj.lexiel.bone.lower] run data modify entity @s {} merge value {transformation:[-0.9999675034006819f,0.006361597611946594f,0.0049519913601433554f,-0.002268088492079006f,0.004042555883873978f,0.9271298437772584f,-0.3747184416591771f,0.6231833752730871f,-0.006974946919727413f,-0.3746862458823116f,-0.9271254323240663f,0.036135511619243346f,0f,0f,0f,1f],start_interpolation:0}