execute if entity @s[tag=aj.lexiel.bone.backhair] run data modify entity @s {} merge value {transformation:[-0.9945323336014994f,0.10271933101678561f,0.018819576419775268f,-0.04455003009234974f,0.10388505707554592f,0.9547814420933459f,0.2785682909998216f,1.5663005667040943f,0.010645766180332028f,0.2790002452859401f,-0.9602320192499411f,-0.05602471576543522f,0f,0f,0f,1f],start_interpolation:0}
execute if entity @s[tag=aj.lexiel.bone.head] run data modify entity @s {} merge value {transformation:[-0.9945323336014994f,0.10199711631821404f,0.022405929659901402f,-0.04890790021578896f,0.10388505707554592f,0.9444382926597104f,0.3118400331490838f,1.498224906221677f,0.010645766180332028f,0.31246263715967676f,-0.9498703953917366f,0.20116683671611474f,0f,0f,0f,1f],start_interpolation:0}
execute if entity @s[tag=aj.lexiel.bone.ring] run data modify entity @s {} merge value {transformation:[-0.9495543245988499f,0.12205534082183064f,0.28887554138848204f,-0.023771275895781985f,0.1579412776692794f,0.9819266152189847f,0.10428171044235512f,0.938855129507856f,-0.27092644286561884f,0.14464652122140498f,-0.9516702403956573f,0.14750257470754136f,0f,0f,0f,1f],start_interpolation:0}
execute if entity @s[tag=aj.lexiel.bone.bust] run data modify entity @s {} merge value {transformation:[-0.9563231482794452f,0.10573740584710892f,0.2725172234366369f,-0.06478315280197372f,-0.014967972566073531f,0.9133469649872187f,-0.40690696890800165f,1.3819633128115012f,-0.2919280662460384f,-0.3932135838871287f,-0.8718721704381259f,0.25913341763177455f,0f,0f,0f,1f],start_interpolation:0}
execute if entity @s[tag=aj.lexiel.bone.left_wing] run data modify entity @s {} merge value {transformation:[-0.9450485300754907f,-0.04468733212445685f,0.32386157251170206f,0.12210320641048394f,-0.011121485473050348f,0.9944351586023484f,0.10476176734092767f,1.1712940308281734f,-0.32674085811698955f,0.09540313245968607f,-0.9402864744075886f,0.0859042381643953f,0f,0f,0f,1f],start_interpolation:0}
execute if entity @s[tag=aj.lexiel.bone.right_wing] run data modify entity @s {} merge value {transformation:[-0.9462675456505983f,-0.04468733212445685f,0.3202823354417019f,-0.1169775806593773f,-0.011517918973874556f,0.9944351586023484f,0.10471892320890808f,1.167552037686655f,-0.32317962434365144f,0.09540313245968607f,-0.9415164219098762f,0.012922221602885697f,0f,0f,0f,1f],start_interpolation:0}
execute if entity @s[tag=aj.lexiel.bone.body] run data modify entity @s {} merge value {transformation:[-0.9563231482794452f,-0.04468733212445685f,0.28887554138848204f,0.3420715475141529f,-0.014967972566073531f,0.9944351586023484f,0.10428171044235512f,0.17944799032427738f,-0.2919280662460384f,0.09540313245968607f,-0.9516702403956573f,0.7007307265729898f,0f,0f,0f,1f],start_interpolation:0}
execute if entity @s[tag=aj.lexiel.bone.sword] run data modify entity @s {} merge value {transformation:[-0.9839366425721918f,0.6061145953409126f,0.03752123689972196f,-0.5627934067928838f,0.5951968546170541f,0.9483474708538813f,0.2886032593007432f,0.7051813276586776f,0.12051327793122397f,0.26490797334125044f,-1.119023850506549f,0.07377272528275942f,0f,0f,0f,1f],start_interpolation:0}
execute if entity @s[tag=aj.lexiel.bone.rod] run data modify entity @s {} merge value {transformation:[-0.000008606373953366242f,0.000005073401062230226f,-4.369542728711259e-7f,-0.5186858567725695f,0.000003825276542994038f,0.000007007707517359869f,0.000006021569124468935f,0.7151485038160015f,0.000003361188293511494f,0.000005015240474084888f,-0.000007971811352676512f,0.17536740986092775f,0f,0f,0f,1f],start_interpolation:0}
execute if entity @s[tag=aj.lexiel.bone.right_hand] run data modify entity @s {} merge value {transformation:[-0.8606373953366242f,0.3278462965366416f,-0.38964096241976365f,-0.4196662896301965f,0.3825276542994038f,0.9213089867392633f,-0.06973051448015835f,1.10310416890399f,0.33611882935114934f,-0.20906113173108065f,-0.9183232414324125f,0.033873318984465814f,0f,0f,0f,1f],start_interpolation:0}
execute if entity @s[tag=aj.lexiel.bone.right_arm] run data modify entity @s {} merge value {transformation:[-0.9843202102385717f,0.14507787646013892f,0.10033012248427892f,-0.34356944666644773f,0.1624156371736902f,0.9673294029871894f,0.19466634767702315f,1.4003191186758088f,-0.0688104971451155f,0.20790920104282085f,-0.975724797063382f,0.10099527234613219f,0f,0f,0f,1f],start_interpolation:0}
execute if entity @s[tag=aj.lexiel.bone.left_hand] run data modify entity @s {} merge value {transformation:[-0.929612886147914f,0.16133964563514963f,0.3313448364680966f,0.30311390883241046f,0.07991998956361693f,0.9659394862502916f,-0.24611725695422873f,1.1108438100217755f,-0.35976753213137047f,-0.20231269769553983f,-0.9108440564527258f,0.38039256588907666f,0f,0f,0f,1f],start_interpolation:0}
execute if entity @s[tag=aj.lexiel.bone.left_arm] run data modify entity @s {} merge value {transformation:[-0.9415287548753318f,-0.06110812620951142f,0.3313448364680966f,0.28401761939193815f,-0.14877529480391014f,0.9577537300816612f,-0.24611725695422873f,1.4101418506722947f,-0.3023069886703198f,-0.28102240022074165f,-0.9108440564527258f,0.2925730658200949f,0f,0f,0f,1f],start_interpolation:0}
execute if entity @s[tag=aj.lexiel.bone.skirt_right] run data modify entity @s {} merge value {transformation:[-0.9995463841234772f,0.021995589339705184f,0.02057231234648395f,-0.23380656005515263f,0.006344685064647534f,0.8215428332869945f,-0.5701114961533471f,0.7434153483244179f,-0.02944097411962938f,-0.5697223596844138f,-0.8213097235017437f,0.16012269949884436f,0f,0f,0f,1f],start_interpolation:0}
execute if entity @s[tag=aj.lexiel.bone.skirt_left] run data modify entity @s {} merge value {transformation:[-0.9989343796275679f,0.040213173967209415f,0.02264963217292738f,0.20322723103190835f,0.023132909189015248f,0.8609046796356402f,-0.5082401018159706f,0.7332947005542237f,-0.039937121961136995f,-0.5071745589251676f,-0.8609175297718841f,0.17759519035684182f,0f,0f,0f,1f],start_interpolation:0}
execute if entity @s[tag=aj.lexiel.bone.skirt_back_middle] run data modify entity @s {} merge value {transformation:[-0.9989343796275679f,0.03818780527028408f,0.02591904177867731f,-0.006642232127667253f,0.023132909189015248f,0.9002304684561058f,-0.43479877204949985f,0.6427767524531107f,-0.039937121961136995f,-0.4337358587803631f,-0.9001545595604802f,-0.10279861218643077f,0f,0f,0f,1f],start_interpolation:0}
execute if entity @s[tag=aj.lexiel.bone.skirt_front_middle] run data modify entity @s {} merge value {transformation:[-0.9989343796275679f,0.04251754805550022f,0.017954478701265205f,-0.014777411898984343f,0.023132909189015248f,0.7978745319620267f,-0.6023795313245872f,0.840936465616443f,-0.039937121961136995f,-0.6013222840987392f,-0.7980078551842309f,0.21546471735235573f,0f,0f,0f,1f],start_interpolation:0}
execute if entity @s[tag=aj.lexiel.bone.skirt] run data modify entity @s {} merge value {transformation:[-0.9989343796275679f,0.040736760887472814f,0.021693812723512236f,-0.014525850244982003f,0.023132909189015248f,0.848664206180626f,-0.5284259017688862f,0.7542674783052076f,-0.039937121961136995f,-0.5273609593629439f,-0.8487022121034307f,0.15897092693978787f,0f,0f,0f,1f],start_interpolation:0}
execute if entity @s[tag=aj.lexiel.bone.rightupper] run data modify entity @s {} merge value {transformation:[-0.9997186175285352f,0.0034929253199047594f,-0.023462421860155656f,-0.15259686031503739f,0.01663765107913851f,0.8082594628547919f,-0.588591394154087f,0.6778544677061249f,0.016907818706243093f,-0.5888161344412979f,-0.8080901468822671f,0.11837248736288927f,0f,0f,0f,1f],start_interpolation:0}
execute if entity @s[tag=aj.lexiel.bone.rightfoot] run data modify entity @s {} merge value {transformation:[-0.9985281246118967f,0.05341456172403775f,-0.009405793686735883f,-0.12255581312244325f,0.05392775763122361f,0.959328025485733f,-0.2770948149542179f,0.47230896368950215f,-0.005777656611160368f,-0.2771941992781832f,-0.960796541714535f,0.37066652857955423f,0f,0f,0f,1f],start_interpolation:0}
execute if entity @s[tag=aj.lexiel.bone.leftupper] run data modify entity @s {} merge value {transformation:[-0.9999594516201368f,-0.0005553046208797939f,0.008988145099713568f,0.11986202403000498f,-0.007767482335532205f,0.558199752912949f,-0.8296702369412138f,0.6584797937517665f,-0.004556460657425953f,-0.8297064104155762f,-0.5581814321361619f,0.13547832377441352f,0f,0f,0f,1f],start_interpolation:0}
execute if entity @s[tag=aj.lexiel.bone.leftfoot] run data modify entity @s {} merge value {transformation:[-0.9989492747414833f,-0.044392338955321325f,0.011387130259213821f,0.12487925893190585f,-0.035066643979758255f,0.5804051646432551f,-0.8135724770021616f,0.5944668345756507f,0.029507235950887133f,-0.8131169442936924f,-0.581352008622166f,0.445674075464339f,0f,0f,0f,1f],start_interpolation:0}
execute if entity @s[tag=aj.lexiel.bone.lower] run data modify entity @s {} merge value {transformation:[-0.9989343796275679f,0.045280031065164456f,0.008934426944337211f,-0.017225750145916364f,0.023132909189015248f,0.6587270680385174f,-0.7520262750368707f,0.6323019628299917f,-0.039937121961136995f,-0.7510182212304279f,-0.6590725739016494f,0.1558561716701354f,0f,0f,0f,1f],start_interpolation:0}