execute if entity @s[tag=aj.lexiel.bone.backhair] run data modify entity @s {} merge value {transformation:[-0.9265788235801045f,0.05309715784527731f,-0.3723336884055264f,-0.027934294243508614f,-0.35802594819877387f,0.17868504437337585f,0.9164546226265946f,1.615625688536134f,0.11519159739008247f,0.9824725679356339f,-0.14655561792262606f,0.40906745883346024f,0f,0f,0f,1f],start_interpolation:0}
execute if entity @s[tag=aj.lexiel.bone.head] run data modify entity @s {} merge value {transformation:[-0.9265788235801045f,-0.10690399606013652f,-0.36058732551115025f,0.06617633915695104f,-0.35802594819877387f,0.54436172663618f,0.7586090765275921f,1.4226258045621827f,0.11519159739008247f,0.832010724810715f,-0.5426684528242545f,0.5662139341900703f,0f,0f,0f,1f],start_interpolation:0}
execute if entity @s[tag=aj.lexiel.bone.ring] run data modify entity @s {} merge value {transformation:[-0.4755937544660528f,0.06145626141456165f,-0.877515645812557f,0.07858699381603751f,-0.5908685899893771f,0.7166974389491461f,0.37043095222686295f,1.0833224630034664f,0.6516785174277648f,0.694671079674892f,-0.3045442512779886f,0.11774379242138777f,0f,0f,0f,1f],start_interpolation:0}
execute if entity @s[tag=aj.lexiel.bone.bust] run data modify entity @s {} merge value {transformation:[-0.4790401844832144f,-0.45786527572826f,-0.7489191484616831f,0.13166095905010655f,-0.7063451726450054f,0.7076071443424031f,0.019199644702108776f,1.3300254301233487f,0.5211496893709002f,0.5381928265574282f,-0.6623831841998562f,0.5009005246845428f,0f,0f,0f,1f],start_interpolation:0}
execute if entity @s[tag=aj.lexiel.bone.left_wing] run data modify entity @s {} merge value {transformation:[0.8238196347961263f,-0.022063386060598267f,-0.5664224715880526f,0.023951195449113838f,-0.44084803027510633f,0.6032059405488288f,-0.6646770700792692f,1.3498707781075063f,0.35633442652504993f,0.7972802520332132f,0.4872062973637762f,0.18893710497254212f,0f,0f,0f,1f],start_interpolation:0}
execute if entity @s[tag=aj.lexiel.bone.right_wing] run data modify entity @s {} merge value {transformation:[-0.7318449821980377f,-0.022063386060598267f,-0.6811138884409089f,-0.09580885067168976f,-0.5530478257321612f,0.6032059405488288f,0.5747005270047454f,1.173284484946255f,0.39817210410133363f,0.7972802520332132f,-0.45365534851181155f,0.3192245273152672f,0f,0f,0f,1f],start_interpolation:0}
execute if entity @s[tag=aj.lexiel.bone.body] run data modify entity @s {} merge value {transformation:[-0.4790401844832144f,-0.022063386060598267f,-0.877515645812557f,0.7727229676949783f,-0.7063451726450054f,0.6032059405488288f,0.37043095222686295f,0.8177253034430669f,0.5211496893709002f,0.7972802520332132f,-0.3045442512779886f,-0.56360410777394f,0f,0f,0f,1f],start_interpolation:0}
execute if entity @s[tag=aj.lexiel.locator_origin.locator_right_hand] at @s on origin run tp @s ^-0.26466 ^0.83775 ^1.37899 ~-80.18871 ~0.84015
execute if entity @s[tag=aj.lexiel.bone.sword] run data modify entity @s {} merge value {transformation:[-0.22223567265737093f,1.0587146979289244f,-0.40822610975756124f,-0.3299525828863165f,1.1206873957631052f,0.2699495165660552f,0.09000601081851489f,0.9047550022324307f,0.1777220562458002f,-0.3783708622436717f,-1.078037301687073f,1.303820604210094f,0f,0f,0f,1f],start_interpolation:0}
execute if entity @s[tag=aj.lexiel.bone.rod] run data modify entity @s {} merge value {transformation:[-3.1131918352468843e-7f,0.000008155953458238645f,-0.0000057778459267286295f,-0.220008301040385f,0.00000964291524605951f,0.0000017661691588415356f,0.000001973532887911948f,0.9037604853690238f,0.000002630069566243944f,-0.000005510087992891046f,-0.000007919701028909827f,1.3204809262200055f,0f,0f,0f,1f],start_interpolation:0}
execute if entity @s[tag=aj.lexiel.bone.right_hand] run data modify entity @s {} merge value {transformation:[-0.03113191835246884f,0.1681575961921533f,-0.9852684032803305f,-0.21331307681324366f,0.9642915246059509f,0.2644368676876599f,0.014662829899781848f,1.0306940407085778f,0.2630069566243944f,-0.9496294887220047f,-0.17038537178043833f,0.9152919616549624f,0f,0f,0f,1f],start_interpolation:0}
execute if entity @s[tag=aj.lexiel.bone.right_arm] run data modify entity @s {} merge value {transformation:[-0.3253511176610035f,0.38940985067348777f,-0.8616882373777583f,-0.08145527605087238f,0.881361064743583f,0.4550107959962394f,-0.12715285714810504f,1.1453423811841656f,0.34256287567509924f,-0.8008277865592084f,-0.49124895163642424f,0.6543281884903629f,0f,0f,0f,1f],start_interpolation:0}
execute if entity @s[tag=aj.lexiel.locator_origin.locator_left_hand] at @s on origin run tp @s ^0.64672 ^1.24962 ^-0.16364 ~-41.52656 ~17.71996
execute if entity @s[tag=aj.lexiel.bone.left_hand] run data modify entity @s {} merge value {transformation:[-0.6571689198705524f,-0.41148545801735914f,-0.6315130470516156f,0.44695900747441963f,-0.6982087911733657f,0.6479710102087531f,0.30436500103868f,1.542614225679337f,0.283960375201188f,0.6409471801711061f,-0.7131291731140359f,0.09449347730546787f,0f,0f,0f,1f],start_interpolation:0}
execute if entity @s[tag=aj.lexiel.bone.left_arm] run data modify entity @s {} merge value {transformation:[-0.363382250176799f,-0.6849413198661842f,-0.6315130470516156f,0.23291484501623708f,-0.9286520554061353f,0.2120549601699633f,0.30436500103868f,1.6088814007324506f,-0.07455669149316348f,0.6970567281127735f,-0.7131291731140359f,0.3123237048407096f,0f,0f,0f,1f],start_interpolation:0}
execute if entity @s[tag=aj.lexiel.bone.skirt_right] run data modify entity @s {} merge value {transformation:[-0.8391290020274755f,0.4139991639613945f,-0.3527991074189952f,-0.07828731622729873f,-0.01618026476581047f,0.629322570860628f,0.7769757401859331f,0.8947372175388534f,0.5436917481335187f,0.657691260428962f,-0.5213842047539243f,0.0873628530858146f,0f,0f,0f,1f],start_interpolation:0}
execute if entity @s[tag=aj.lexiel.bone.skirt_left] run data modify entity @s {} merge value {transformation:[-0.846890726592148f,0.08343902852177246f,-0.5251799936512878f,0.292227376656766f,-0.24728718175771663f,0.8125339145897282f,0.5278614281985552f,1.0029253595578544f,0.4707708008686921f,0.5769112290126059f,-0.6674940350959064f,-0.1185993722942382f,0f,0f,0f,1f],start_interpolation:0}
execute if entity @s[tag=aj.lexiel.bone.skirt_back_middle] run data modify entity @s {} merge value {transformation:[-0.846890726592148f,0.40707931492666694f,-0.3421440172954356f,-0.045658878788446794f,-0.24728718175771663f,0.2681228656682262f,0.9311064271307467f,1.0840204853811022f,0.4707708008686921f,0.8731532283996286f,-0.12640527198165558f,-0.2191768744948996f,0f,0f,0f,1f],start_interpolation:0}
execute if entity @s[tag=aj.lexiel.bone.skirt_front_middle] run data modify entity @s {} merge value {transformation:[-0.846890726592148f,-0.09952727261235292f,-0.5223700022192796f,0.1520265181368909f,-0.24728718175771663f,0.9433614368058526f,0.2211747030876805f,0.9812140151454242f,0.4707708008686921f,0.31648621068530614f,-0.823535871407862f,0.08244592557192629f,0f,0f,0f,1f],start_interpolation:0}
execute if entity @s[tag=aj.lexiel.bone.skirt] run data modify entity @s {} merge value {transformation:[-0.846890726592148f,-0.0698377809468349f,-0.5271610584675671f,0.10566057182198049f,-0.24728718175771663f,0.9293495064958368f,0.27415058729514125f,0.9662565917951509f,0.4707708008686921f,0.3625357625509058f,-0.804327466844869f,-0.008820714056382295f,0f,0f,0f,1f],start_interpolation:0}
execute if entity @s[tag=aj.lexiel.bone.rightupper] run data modify entity @s {} merge value {transformation:[-0.9010035391122198f,0.3760790771809662f,-0.21623401724513186f,-0.012671744287555745f,-0.11155633738272579f,0.2808268247237994f,0.953253102856372f,0.9085026800361046f,0.4192228597023382f,0.883006694324716f,-0.21107195853720612f,0.025971561501541514f,0f,0f,0f,1f],start_interpolation:0}
execute if entity @s[tag=aj.lexiel.bone.rightfoot] run data modify entity @s {} merge value {transformation:[-0.882996391280681f,0.46494598271480714f,-0.06436308058706597f,-0.08660600624291694f,-0.10270779660507567f,-0.0575879721309821f,0.9930431682370975f,0.7437241551925347f,0.4580048924431104f,0.8834641241291037f,0.0986035489978492f,-0.24639852611970325f,0f,0f,0f,1f],start_interpolation:0}
execute if entity @s[tag=aj.lexiel.bone.leftupper] run data modify entity @s {} merge value {transformation:[-0.8317764213183159f,0.07957355495210566f,-0.5493778611221789f,0.2018891327980116f,-0.2641754127720732f,0.813675589605511f,0.5178256329758393f,0.9649800731558117f,0.48822058152601544f,0.5758472750933256f,-0.6557747933109287f,-0.12283260734592756f,0f,0f,0f,1f],start_interpolation:0}
execute if entity @s[tag=aj.lexiel.bone.leftfoot] run data modify entity @s {} merge value {transformation:[-0.8364473775005801f,0.168240314302821f,-0.5215850662314733f,0.24942100181243074f,-0.2974326405998431f,0.6600082770233469f,0.6898716536910887f,0.6659198195695968f,0.46031468473013865f,0.7321777590885705f,-0.5020220315064192f,-0.21582681204690216f,0f,0f,0f,1f],start_interpolation:0}
execute if entity @s[tag=aj.lexiel.bone.lower] run data modify entity @s {} merge value {transformation:[-0.846890726592148f,-0.39235144070627676f,-0.35893793918717026f,0.10266259632836115f,-0.24728718175771663f,0.888143625868105f,-0.3873628138685765f,0.8605551072240262f,0.4707708008686921f,-0.2392932234844198f,-0.8491840826604594f,-0.06973693872108007f,0f,0f,0f,1f],start_interpolation:0}