execute if entity @s[tag=aj.lexiel.bone.backhair] run data modify entity @s {} merge value {transformation:[-0.9926075807292519f,0.12102757494383595f,0.009083874835965865f,-0.015566550043718545f,0.12127451043674539f,0.9861238938930188f,0.11336736307949563f,1.5140093451798524f,0.0047627510064092715f,0.11363094647359333f,-0.9935116125171194f,-0.1812980040038827f,0f,0f,0f,1f],start_interpolation:0}
execute if entity @s[tag=aj.lexiel.bone.head] run data modify entity @s {} merge value {transformation:[-0.9926075807292519f,0.12090444680288316f,0.010597425258529414f,-0.01649235914672037f,0.12127451043674539f,0.9846282864406538f,0.12569658173263787f,1.4960060076327557f,0.0047627510064092715f,0.12605257745968854f,-0.9920121289170917f,0.08417478926252739f,0f,0f,0f,1f],start_interpolation:0}
execute if entity @s[tag=aj.lexiel.bone.ring] run data modify entity @s {} merge value {transformation:[-0.9579497464570772f,0.15275149214773204f,0.24289764286518484f,-0.007539961261877004f,0.1684814545635886f,0.9846663287835808f,0.04523516804436992f,0.9340890207298798f,-0.23226339085391604f,0.08425676593904086f,-0.9689966535868609f,0.060187200761289805f,0f,0f,0f,1f],start_interpolation:0}
execute if entity @s[tag=aj.lexiel.bone.bust] run data modify entity @s {} merge value {transformation:[-0.9699213555543666f,0.10766570322270708f,0.2183132162493598f,-0.032209883194491584f,-0.005063670910259169f,0.8877453804237817f,-0.46030696146500716f,1.3834930935873406f,-0.24336582191526482f,-0.44756701831769846f,-0.8604980190783201f,0.14915717041939797f,0f,0f,0f,1f],start_interpolation:0}
execute if entity @s[tag=aj.lexiel.bone.left_wing] run data modify entity @s {} merge value {transformation:[-0.9918072130845755f,-0.01591537401749946f,-0.12674838438138056f,0.14058092547423898f,-0.021179121155449305f,0.9989635322717793f,0.04029027200420208f,1.15889964828366f,0.12597577902315146f,0.04264460177997788f,-0.991116310550148f,-0.0211881465582896f,0f,0f,0f,1f],start_interpolation:0}
execute if entity @s[tag=aj.lexiel.bone.right_wing] run data modify entity @s {} merge value {transformation:[-0.9047715164057238f,-0.01591537401749946f,0.4255998166949442f,-0.10189941341435266f,0.0037656363532639547f,0.9989635322717793f,0.04536167075786304f,1.1576337305560953f,-0.4258806441759734f,0.04264460177997788f,-0.90377381841658f,-0.08202960203710574f,0f,0f,0f,1f],start_interpolation:0}
execute if entity @s[tag=aj.lexiel.bone.body] run data modify entity @s {} merge value {transformation:[-0.9699213555543666f,-0.01591537401749946f,0.24289764286518484f,0.3674110701577917f,-0.005063670910259169f,0.9989635322717793f,0.04523516804436992f,0.195998233342483f,-0.24336582191526482f,0.04264460177997788f,-0.9689966535868609f,0.6357176309829936f,0f,0f,0f,1f],start_interpolation:0}
execute if entity @s[tag=aj.lexiel.bone.sword] run data modify entity @s {} merge value {transformation:[-1.0551504348397036f,0.21893817631729268f,0.41909151424055546f,-0.4389464093422286f,0.39715438999532304f,0.9665188901931797f,0.4949986746519501f,0.6737839402728252f,-0.25659308810844206f,0.5956688445357893f,-0.9572108844368472f,-0.042053484704435706f,0f,0f,0f,1f],start_interpolation:0}
execute if entity @s[tag=aj.lexiel.bone.rod] run data modify entity @s {} merge value {transformation:[-0.000009795748903155514f,0.0000014526577435747332f,0.0000013903556762066023f,-0.4379733753325322f,0.000002007701548505355f,0.00000744933778472955f,0.000006362114511790075f,0.6846787438704872f,-1.1152541619180112e-7f,0.000006511309549471062f,-0.000007588834563522271f,0.06861113007042137f,0f,0f,0f,1f],start_interpolation:0}
execute if entity @s[tag=aj.lexiel.bone.right_hand] run data modify entity @s {} merge value {transformation:[-0.9795748903155512f,0.20103140681317389f,-0.004405421431794648f,-0.369235638124486f,0.2007701548505355f,0.9766171576903541f,-0.07687829489593354f,1.0925350074162299f,-0.011152541619180112f,-0.07619252443337404f,-0.9970307518005161f,-0.027635647921915876f,0f,0f,0f,1f],start_interpolation:0}
execute if entity @s[tag=aj.lexiel.bone.right_arm] run data modify entity @s {} merge value {transformation:[-0.9837574558669642f,0.06525600379303671f,0.16722117687398633f,-0.3181007164433194f,0.07845340479746929f,0.9941998105808367f,0.0735649367342403f,1.4007707793228203f,-0.16145070858265773f,0.08548912568269448f,-0.9831710319614622f,0.004125038497134206f,0f,0f,0f,1f],start_interpolation:0}
execute if entity @s[tag=aj.lexiel.bone.left_hand] run data modify entity @s {} merge value {transformation:[-0.9653041166418722f,-0.062464891615524765f,0.2535470364837958f,0.36669746988470914f,-0.06950811919510715f,0.9974021961052417f,-0.018907156592133628f,1.0959128626252852f,-0.25170733751762847f,-0.035874733725860974f,-0.9671382629799555f,0.18251777142524972f,0f,0f,0f,1f],start_interpolation:0}
execute if entity @s[tag=aj.lexiel.bone.left_arm] run data modify entity @s {} merge value {transformation:[-0.9549019168972026f,-0.15451934958552127f,0.2535470364837958f,0.31841017313923375f,-0.16460077725135108f,0.9861790423436565f,-0.018907156592133628f,1.404093813357678f,-0.24712125208953384f,-0.05978851934791345f,-0.9671382629799555f,0.16383385912902676f,0f,0f,0f,1f],start_interpolation:0}
execute if entity @s[tag=aj.lexiel.bone.skirt_right] run data modify entity @s {} merge value {transformation:[-0.999924054721351f,0.005117772166086542f,0.011211297769140498f,-0.22367023397526437f,0.0014921719855075653f,0.9532836430124164f,-0.3020729537508146f,0.7192324282042892f,-0.012233487335096693f,-0.30203328355171744f,-0.9532188822167708f,0.11129505753670496f,0f,0f,0f,1f],start_interpolation:0}
execute if entity @s[tag=aj.lexiel.bone.skirt_left] run data modify entity @s {} merge value {transformation:[-0.9998640420987945f,0.011570287235400782f,0.011748436966266236f,0.21377028444295826f,0.008268152817831859f,0.9682396845323885f,-0.24988707638771923f,0.7156151113464877f,-0.014266568152186724f,-0.24975596439306746f,-0.9682037096000241f,0.11753668110328666f,0f,0f,0f,1f],start_interpolation:0}
execute if entity @s[tag=aj.lexiel.bone.skirt_back_middle] run data modify entity @s {} merge value {transformation:[-0.9998640420987945f,0.010159813176749933f,0.012987513775682698f,-0.0010171770733180606f,0.008268152817831859f,0.9903691570673506f,-0.1382048131531117f,0.6971619497001752f,-0.014266568152186724f,-0.1380786403681579f,-0.9903185114432831f,-0.17295463064398256f,0f,0f,0f,1f],start_interpolation:0}
execute if entity @s[tag=aj.lexiel.bone.skirt_front_middle] run data modify entity @s {} merge value {transformation:[-0.9998640420987945f,0.01294110486286313f,0.010218861129714487f,-0.005261647597100113f,0.008268152817831859f,0.9296618517906029f,-0.36832116281073013f,0.8040510962993399f,-0.014266568152186724f,-0.36818659553302024f,-0.9296424559490402f,0.18646392036483084f,0f,0f,0f,1f],start_interpolation:0}
execute if entity @s[tag=aj.lexiel.bone.skirt] run data modify entity @s {} merge value {transformation:[-0.9998640420987945f,0.011991116799974999f,0.011318588063418808f,-0.004725141326153506f,0.008268152817831859f,0.958480637986564f,-0.2850377242644391f,0.7353952817376366f,-0.014266568152186724f,-0.2849053873178933f,-0.9584494693568358f,0.1090738933077853f,0f,0f,0f,1f],start_interpolation:0}
execute if entity @s[tag=aj.lexiel.bone.rightupper] run data modify entity @s {} merge value {transformation:[-0.9991167418405883f,-0.02686403018943103f,-0.032311918170058275f,-0.1421805339580836f,-0.009491101301880998f,0.8933525298687498f,-0.44925624800683867f,0.6673973234520661f,0.04093476725137981f,-0.4485527630715098f,-0.8928184381894168f,0.04572328584851666f,0f,0f,0f,1f],start_interpolation:0}
execute if entity @s[tag=aj.lexiel.bone.rightfoot] run data modify entity @s {} merge value {transformation:[-0.9992151519219387f,0.027916142932803246f,-0.028102831412017124f,-0.10186743421602328f,0.031017787503473726f,0.9926733990415706f,-0.11677936330381428f,0.4241972573381116f,0.024636903782868223f,-0.11755939689795192f,-0.9927601982215964f,0.2602746405463286f,0f,0f,0f,1f],start_interpolation:0}
execute if entity @s[tag=aj.lexiel.bone.leftupper] run data modify entity @s {} merge value {transformation:[-0.999495961729905f,-0.03017865776690887f,0.009852466746961407f,0.1309224572378789f,-0.03080935103016687f,0.8472631472573047f,-0.530279118190361f,0.6599194538275117f,0.0076554800445266654f,-0.530315385327481f,-0.847765879067006f,0.050393332609669814f,0f,0f,0f,1f],start_interpolation:0}
execute if entity @s[tag=aj.lexiel.bone.leftfoot] run data modify entity @s {} merge value {transformation:[-0.9971944069497916f,-0.07408952841424f,0.01067972506242195f,0.14451602024317478f,-0.0695701503752817f,0.8646486431428196f,-0.4975366499947935f,0.4753927617489327f,0.02762804598255353f,-0.4968837547059035f,-0.8673772105517584f,0.3075107200232404f,0f,0f,0f,1f],start_interpolation:0}
execute if entity @s[tag=aj.lexiel.bone.lower] run data modify entity @s {} merge value {transformation:[-0.9998640420987945f,0.013968857843071648f,0.008761753729708744f,-0.004995043932983283f,0.008268152817831859f,0.8844555998752256f,-0.46655110062921945f,0.6225580223133953f,-0.014266568152186724f,-0.46641522580198336f,-0.8844508477994941f,0.06259531584236268f,0f,0f,0f,1f],start_interpolation:0}