# This file was generated by Animated Java via MC-Build. It is not recommended to edit this file directly.
$data merge entity $(bone_head) { transformation: [-0.984807753012208f,0.030153689607045765f,-0.17101007166283427f,0f,0f,0.984807753012208f,0.17364817766693036f,1.7311582512697463f,0.1736481776669302f,0.17101007166283436f,-0.9698463103929542f,0f,0f,0f,0f,1f], start_interpolation: 0, interpolation_duration: 1 }
$data merge entity $(bone_bust) { transformation: [-0.8191520442889919f,-0.3372117565602234f,-0.4639807750055319f,0.04122580636273154f,0f,0.8089257954131885f,-0.5879107564206835f,1.6217832512697463f,0.5735764363510459f,-0.48158829798149044f,-0.6626332189908122f,0.058876553183271285f,0f,0f,0f,1f], start_interpolation: 0, interpolation_duration: 1 }
$data merge entity $(bone_left_wing) { transformation: [-0.46163393337986874f,0f,-0.8870705223105042f,-0.020500051775818706f,0f,1f,0f,1.5124082512697463f,0.8870705223105042f,0f,-0.46163393337986874f,-0.13824253280806437f,0f,0f,0f,1f], start_interpolation: 0, interpolation_duration: 1 }
$data merge entity $(bone_right_wing) { transformation: [-0.9914617279904574f,0f,-0.13039801352082137f,-0.1228940573119427f,0f,1f,0f,1.5124082512697463f,0.13039801352082137f,0f,-0.9914617279904574f,-0.06654547826418361f,0f,0f,0f,1f], start_interpolation: 0, interpolation_duration: 1 }
$data merge entity $(bone_body) { transformation: [-0.8191520442889919f,0f,-0.5735764363510459f,0.696364240320019f,0f,1f,0f,0.4499082512697463f,0.5735764363510459f,0f,-0.8191520442889919f,0.12278780396897299f,0f,0f,0f,1f], start_interpolation: 0, interpolation_duration: 1 }
$data merge entity $(bone_right_ring) { transformation: [-0.8628630262676165f,0.23383371949825607f,0.44809506750900696f,-0.451116852995464f,0.07876552547966614f,0.9379257900522479f,-0.3377738953068736f,1.1680931374192343f,-0.4992628465009214f,-0.2561581620414965f,-0.8277195214100725f,0.2679878249628247f,0f,0f,0f,1f], start_interpolation: 0, interpolation_duration: 1 }
$data merge entity $(bone_sword) { transformation: [-0.000005901897789598445f,0.000002338337194982561f,-0.000007726563378611095f,-0.5327841650072824f,0.0000034629675446626336f,0.000009379257900522479f,1.9333137381171985e-7f,0.9740457246939566f,0.000007292150455506678f,-0.0000025615816204149652f,-0.000006345300728586943f,0.3368958606944433f,0f,0f,0f,1f], start_interpolation: 0, interpolation_duration: 1 }
$data merge entity $(bone_right_hand) { transformation: [-0.5901897789598445f,0.23383371949825607f,-0.7726563378611094f,-0.4870168659983405f,0.34629675446626335f,0.9379257900522479f,0.019333137381171983f,1.3164565237443828f,0.7292150455506677f,-0.2561581620414965f,-0.6345300728586942f,0.16847591781333832f,0f,0f,0f,1f], start_interpolation: 0, interpolation_duration: 1 }
$data merge entity $(bone_right_arm) { transformation: [-0.5901897789598445f,0.40758376990769823f,-0.6968152519277678f,-0.281583515224341f,0.34629675446626335f,0.90755289767455f,0.23754219786947392f,1.6061582512697463f,0.7292150455506677f,-0.10110988295095712f,-0.6767733807650691f,0.19716689999567205f,0f,0f,0f,1f], start_interpolation: 0, interpolation_duration: 1 }
$data merge entity $(bone_left_ring) { transformation: [-0.5101317579044473f,-0.31967705900188786f,0.798481162911951f,0.4133761276995861f,-0.05030520694168893f,0.9378628193353326f,0.34334052813924437f,1.1707251871467892f,-0.858623884906466f,0.13498114704018788f,-0.4945150293083549f,-0.34362707677510024f,0f,0f,0f,1f], start_interpolation: 0, interpolation_duration: 1 }
$data merge entity $(bone_left_hand) { transformation: [-0.8870947900592134f,-0.31967705900188786f,-0.3329705863851994f,0.33221059475692866f,-0.34629675446626335f,0.9378628193353326f,0.022178592257262097f,1.3193454956920532f,0.3051907457573585f,0.13498114704018788f,-0.9426763488322928f,-0.41091218025309834f,0f,0f,0f,1f], start_interpolation: 0, interpolation_duration: 1 }
$data merge entity $(bone_left_arm) { transformation: [-0.8870947900592134f,-0.2344140702985888f,-0.3976340995134199f,0.281583515224341f,-0.34629675446626335f,0.90755289767455f,0.23754219786947392f,1.6374082512697463f,0.3051907457573585f,0.34842184427583756f,-0.8862622789758636f,-0.19716689999567205f,0f,0f,0f,1f], start_interpolation: 0, interpolation_duration: 1 }
$data merge entity $(bone_leftfoot) { transformation: [-0.8191520442889919f,0.07464618359037553f,-0.5686984047916412f,0.206933782444197f,0f,0.9914954115088171f,0.13014164958598443f,0.5629012714094503f,0.5735764363510459f,0.10660579830550078f,-0.812185493240603f,0.07760121947264914f,0f,0f,0f,1f], start_interpolation: 0, interpolation_duration: 1 }
$data merge entity $(bone_leftleg) { transformation: [-0.8191520442889919f,-0.060043560133161394f,-0.5704250163024943f,0.08984702099094485f,0f,0.9945056668146965f,-0.10468275251184297f,0.9499082512697463f,0.5735764363510459f,-0.08575109072187477f,-0.8146513500282457f,-0.08961600551270243f,0f,0f,0f,1f], start_interpolation: 0, interpolation_duration: 1 }
$data merge entity $(bone_rightfoot) { transformation: [-0.8191520442889919f,0.13376896694940194f,-0.5577596183110205f,0.06034142702425252f,0f,0.9724242192711956f,0.2332190767814794f,0.6367682489463631f,0.5735764363510459f,0.1910418835127402f,-0.7965632871321269f,0.3041073381812983f,0f,0f,0f,1f], start_interpolation: 0, interpolation_duration: 1 }
$data merge entity $(bone_rightleg) { transformation: [-0.8191520442889919f,-0.21949819938655468f,-0.5299155298754942f,-0.11494099008130312f,0f,0.9238795325112867f,-0.3826834323650897f,0.9499082512697463f,0.5735764363510459f,-0.31347591593739144f,-0.7567978077333787f,0.05377810357505905f,0f,0f,0f,1f], start_interpolation: 0, interpolation_duration: 1 }
$data merge entity $(bone_skirt_right_back) { transformation: [-0.8230200976736796f,0.016246143418272574f,-0.5677798707679234f,-0.24887202441947887f,0.1036609712842906f,0.9870999870485483f,-0.12201646856532672f,0.9449419674347919f,0.5584732060337403f,-0.1592786187559046f,-0.814087218760746f,-0.05734286607718664f,0f,0f,0f,1f], start_interpolation: 0, interpolation_duration: 1 }
$data merge entity $(bone_skirt_right) { transformation: [-0.8230200976736796f,-0.09726263276024881f,-0.5596229972881314f,-0.11111851993697887f,0.1036609712842906f,0.9429656717353379f,-0.3163386554961638f,0.9782162651622635f,0.5584732060337403f,-0.31836413459632684f,-0.7659973602729498f,0.1954439376004053f,0f,0f,0f,1f], start_interpolation: 0, interpolation_duration: 1 }
$data merge entity $(bone_skirt_left_back) { transformation: [-0.8062826023828119f,-0.10504081619426017f,-0.5821295320012926f,0.026393396245399492f,-0.1036609712842906f,0.9939689918040994f,-0.03577773559547652f,0.9973267242067266f,0.5823768265712483f,0.031497146937238533f,-0.8123085384308207f,-0.2508537873439434f,0f,0f,0f,1f], start_interpolation: 0, interpolation_duration: 1 }
$data merge entity $(bone_skirt_left) { transformation: [-0.8062826023828119f,-0.16525575369474108f,-0.5679779053498326f,0.22166199805542408f,-0.1036609712842906f,0.984798554643274f,-0.13937793873104834f,0.9782162651622635f,0.5823768265712483f,-0.05350086581824126f,-0.8111565133989251f,-0.03757148966720712f,0f,0f,0f,1f], start_interpolation: 0, interpolation_duration: 1 }
$data merge entity $(bone_skirt_back_middle) { transformation: [-0.8191520442889919f,-0.010099260281519376f,-0.5734875179800617f,-0.0739699215737601f,0f,0.9998449755510357f,-0.01760752297595837f,1.009617294756456f,0.5735764363510459f,-0.01442323844062171f,-0.819025055694708f,-0.10563999605443605f,0f,0f,0f,1f], start_interpolation: 0, interpolation_duration: 1 }
$data merge entity $(bone_skirt_front_middle) { transformation: [-0.8191520442889919f,-0.12914222692776958f,-0.5588490078378076f,0.10352317384806259f,0f,0.9743235119508558f,-0.22515260171659257f,1.0531729006099086f,0.5735764363510459f,-0.18443421397313203f,-0.7981190966133735f,0.14784641438272805f,0f,0f,0f,1f], start_interpolation: 0, interpolation_duration: 1 }
$data merge entity $(bone_lower) { transformation: [-0.8191520442889919f,0f,-0.5735764363510459f,0f,0f,1f,0f,1.0436582512697463f,0.5735764363510459f,0f,-0.8191520442889919f,0f,0f,0f,0f,1f], start_interpolation: 0, interpolation_duration: 1 }
data modify entity @s data merge value {"locators":{"locator_right_hand":{"posx":-0.5353260171968437,"posy":0.9151232825441102,"posz":0.362820278210454,"roty":309.3939333533884,"rotx":1.1077761929523733},"locator_left_hand":{"posx":0.5310070127332175,"posy":0.9177730427857975,"posz":-0.39112773518507055,"roty":340.5458445382892,"rotx":1.2708439323005882}},"cameras":{}}