execute if entity @s[tag=aj.ecual.bone.wing_right_1] run data modify entity @s {} merge value {transformation:[-0.7975616703171045f,-0.14063164125581518f,-0.10517874292427368f,0.025832814939587848f,-0.1414593170203657f,0.8043171689989963f,-0.002756397289219863f,0.656684766425425f,0.10406290459893194f,0.01552667303642528f,-0.8098606539123246f,-0.36781918450461804f,0f,0f,0f,1f],start_interpolation:0}
execute if entity @s[tag=aj.ecual.bone.wing_right_2] run data modify entity @s {} merge value {transformation:[-0.7745322144944315f,0.17170965799843216f,-0.10303223796663545f,0.025832814939587848f,0.1734930487489631f,0.7809563824290312f,-0.002700144283317417f,0.656684766425425f,0.1000000537306948f,-0.02495840726934071f,-0.7933328854651344f,-0.36781918450461804f,0f,0f,0f,1f],start_interpolation:0}
execute if entity @s[tag=aj.ecual.bone.wing_left_1] run data modify entity @s {} merge value {transformation:[-0.7975616703171045f,0.14063164125581518f,0.10517874292427389f,-0.02583281493958775f,0.1414593170203657f,0.8043171689989963f,-0.002756397289219863f,0.656684766425425f,-0.10406290459893214f,0.015526673036425312f,-0.8098606539123246f,-0.3678191845046181f,0f,0f,0f,1f],start_interpolation:0}
execute if entity @s[tag=aj.ecual.bone.wing_left_2] run data modify entity @s {} merge value {transformation:[-0.7745322144944315f,-0.17170965799843216f,0.10303223796663565f,-0.02583281493958775f,-0.1734930487489631f,0.7809563824290312f,-0.002700144283317417f,0.656684766425425f,-0.100000053730695f,-0.024958407269340753f,-0.7933328854651344f,-0.3678191845046181f,0f,0f,0f,1f],start_interpolation:0}
execute if entity @s[tag=aj.ecual.bone.staff] run data modify entity @s {} merge value {transformation:[0.12832812375345592f,0.5081169704531795f,1.4719902469077026f,-0.5404113349440921f,1.546170471596938f,-0.2172225761957975f,-0.059811998399679524f,0.3413112983511637f,0.18518913417266164f,1.461518986099169f,-0.5206471817421432f,0.13892568786512688f,0f,0f,0f,1f],start_interpolation:0}
execute if entity @s[tag=aj.ecual.bone.arm_right_2] run data modify entity @s {} merge value {transformation:[-0.4096917983204817f,-0.8925485397815478f,-0.1884402677846658f,-0.46252286103294976f,-0.8094583849150897f,0.45094872041965234f,-0.3760616633512816f,0.5480148926711053f,0.420630186125038f,-0.0015348243238355306f,-0.9072308916889408f,0.022598714707632257f,0f,0f,0f,1f],start_interpolation:0}
execute if entity @s[tag=aj.ecual.bone.arm_right_1] run data modify entity @s {} merge value {transformation:[-0.4506188355776676f,-0.8925485397815478f,-0.017313842914090695f,-0.2984375f,-0.8917546023548877f,0.45094872041965234f,-0.0376693606363904f,0.8782497503354595f,0.041429388138170826f,-0.0015348243238355306f,-0.9991402554760725f,-0.0002001870531873469f,0f,0f,0f,1f],start_interpolation:0}
execute if entity @s[tag=aj.ecual.bone.arm_left_2] run data modify entity @s {} merge value {transformation:[-0.2791575390440034f,0.9351971129834855f,0.2178931579060011f,0.4551075389015841f,0.7818098714002453f,0.3531049958028251f,-0.5138970586802557f,0.5869935050844534f,-0.5575342082563429f,0.026892783538352096f,-0.8297182562879596f,0.04207000875531284f,0f,0f,0f,1f],start_interpolation:0}
execute if entity @s[tag=aj.ecual.bone.arm_left_1] run data modify entity @s {} merge value {transformation:[-0.40864797652402773f,0.9091195386886164f,0.08067524810879081f,0.2984375f,0.8986497159520788f,0.4162315633880297f,-0.13849178191793354f,0.8782497503354595f,-0.15948516953643543f,0.015904402351357892f,-0.9870722013529611f,-0.0002001870531872736f,0f,0f,0f,1f],start_interpolation:0}
execute if entity @s[tag=aj.ecual.bone.himo_right_2] run data modify entity @s {} merge value {transformation:[-1f,2.1465081052398757e-17f,1.2056885220500582e-16f,-0.15625000000000003f,0f,0.9845193919499934f,-0.1752756882012314f,0.5338265695649386f,-1.2246467991473532e-16f,-0.1752756882012314f,-0.9845193919499934f,0.2111481226246903f,0f,0f,0f,1f],start_interpolation:0}
execute if entity @s[tag=aj.ecual.bone.himo_right_1] run data modify entity @s {} merge value {transformation:[-1f,2.9810850249850833e-18f,1.2242839114638563e-16f,-0.15625000000000003f,0f,0.999703679719124f,-0.024342406537628893f,0.7211188694714141f,-1.2246467991473532e-16f,-0.024342406537628893f,-0.999703679719124f,0.20033577340064038f,0f,0f,0f,1f],start_interpolation:0}
execute if entity @s[tag=aj.ecual.bone.himo_left_2] run data modify entity @s {} merge value {transformation:[-1f,2.019102443869218e-17f,1.207887426821503e-16f,0.15624999999999997f,0f,0.9863149339568609f,-0.16487222644724958f,0.5336412275070708f,-1.2246467991473532e-16f,-0.16487222644724958f,-0.9863149339568609f,0.20722389821726964f,0f,0f,0f,1f],start_interpolation:0}
execute if entity @s[tag=aj.ecual.bone.himo_left_1] run data modify entity @s {} merge value {transformation:[-1f,4.1681165142812287e-19f,1.2246397059815518e-16f,0.15624999999999997f,0f,0.999994207990576f,-0.0034035254223366597f,0.7211188694714141f,-1.2246467991473532e-16f,-0.0034035254223366597f,-0.999994207990576f,0.20033577340064043f,0f,0f,0f,1f],start_interpolation:0}
execute if entity @s[tag=aj.ecual.bone.ponpon1] run data modify entity @s {} merge value {transformation:[-1f,-2.2748515615268352e-17f,1.203332990652233e-16f,0.29375f,0f,0.982595954596901f,0.1857557267214249f,1.404383486235945f,-1.2246467991473532e-16f,0.1857557267214249f,-0.982595954596901f,0.11581238059137013f,0f,0f,0f,1f],start_interpolation:0}
execute if entity @s[tag=aj.ecual.bone.ponpon2] run data modify entity @s {} merge value {transformation:[-1f,-2.2748515615268352e-17f,1.203332990652233e-16f,0.33125f,0f,0.982595954596901f,0.1857557267214249f,1.2989735912914662f,-1.2246467991473532e-16f,0.1857557267214249f,-0.982595954596901f,0.0004745440077325375f,0f,0f,0f,1f],start_interpolation:0}
execute if entity @s[tag=aj.ecual.bone.ponpon3] run data modify entity @s {} merge value {transformation:[-1f,-2.2748515615268352e-17f,1.203332990652233e-16f,-0.29375f,0f,0.982595954596901f,0.1857557267214249f,1.404383486235945f,-1.2246467991473532e-16f,0.1857557267214249f,-0.982595954596901f,0.11581238059137004f,0f,0f,0f,1f],start_interpolation:0}
execute if entity @s[tag=aj.ecual.bone.ponpon4] run data modify entity @s {} merge value {transformation:[-1f,-2.2748515615268352e-17f,1.203332990652233e-16f,-0.33125f,0f,0.982595954596901f,0.1857557267214249f,1.2989735912914662f,-1.2246467991473532e-16f,0.1857557267214249f,-0.982595954596901f,0.00047454400773245425f,0f,0f,0f,1f],start_interpolation:0}
execute if entity @s[tag=aj.ecual.bone.ear_edge_a1] run data modify entity @s {} merge value {transformation:[-0.9883349908861704f,0.14718693504336605f,0.03911460012032951f,0.193002024076444f,0.14063399702902085f,0.7834762352987162f,0.6052991554609932f,1.479745106953399f,0.058446767829151064f,0.6037391778530612f,-0.7950364648590873f,0.15436983158877682f,0f,0f,0f,1f],start_interpolation:0}
execute if entity @s[tag=aj.ecual.bone.ear_edge_a2] run data modify entity @s {} merge value {transformation:[-0.9991920565448925f,-0.009234835949552975f,0.03911460012032951f,0.07781701210958593f,0.016339873416166384f,0.7958303468296191f,0.6052991554609932f,1.489647102481581f,-0.036718424180948936f,0.6054492355846466f,-0.7950364648590873f,0.15624176314591856f,0f,0f,0f,1f],start_interpolation:0}
execute if entity @s[tag=aj.ecual.bone.ear_edge_b1] run data modify entity @s {} merge value {transformation:[-0.9762577550443351f,0.20427912743303356f,0.0720474413910268f,0.058024420544227545f,0.14672985788847098f,0.3789733265916866f,0.9137010268879311f,1.5249697575790193f,0.1593459899709563f,0.9025792241278485f,-0.39994949637791327f,0.10267260686628985f,0f,0f,0f,1f],start_interpolation:0}
execute if entity @s[tag=aj.ecual.bone.ear_edge_b2] run data modify entity @s {} merge value {transformation:[-0.9916020214914857f,-0.10739924191075943f,0.0720474413910268f,0.08665544333731812f,0.022439189148253845f,0.40576707142683344f,0.9137010268879311f,1.5275269283583561f,-0.1273652769178796f,0.9076444714659397f,-0.39994949637791327f,0.11367219942359975f,0f,0f,0f,1f],start_interpolation:0}
execute if entity @s[tag=aj.ecual.bone.ear_right_2] run data modify entity @s {} merge value {transformation:[-0.9961946980917455f,0.049043752740818305f,0.0720474413910268f,0.14252426702563362f,0.08563888024373709f,0.3972611428953742f,0.9137010268879311f,1.5953823896909796f,0.01618967833203667f,0.9163941808318942f,-0.39994949637791327f,0.20062020364607036f,0f,0f,0f,1f],start_interpolation:0}
execute if entity @s[tag=aj.ecual.bone.ear_right_1] run data modify entity @s {} merge value {transformation:[-0.9961946980917455f,0.07788563122503844f,0.03911460012032951f,0.12499999999999999f,0.08563888024373709f,0.7913778582881928f,0.6052991554609932f,1.4173223715761365f,0.01618967833203667f,0.6063455399851393f,-0.7950364648590873f,0.06419245714941423f,0f,0f,0f,1f],start_interpolation:0}
execute if entity @s[tag=aj.ecual.bone.ear_edge_a3] run data modify entity @s {} merge value {transformation:[-0.9883349908861704f,-0.1471869350433662f,-0.039114600120329315f,-0.19300202407644404f,-0.14063399702902085f,0.7834762352987162f,0.6052991554609932f,1.479745106953399f,-0.05844676782915131f,0.6037391778530612f,-0.7950364648590873f,0.1543698315887768f,0f,0f,0f,1f],start_interpolation:0}
execute if entity @s[tag=aj.ecual.bone.ear_edge_a4] run data modify entity @s {} merge value {transformation:[-0.9991920565448925f,0.009234835949552836f,-0.039114600120329315f,-0.07781701210958597f,-0.016339873416166384f,0.7958303468296191f,0.6052991554609932f,1.489647102481581f,0.0367184241809487f,0.6054492355846466f,-0.7950364648590873f,0.15624176314591853f,0f,0f,0f,1f],start_interpolation:0}
execute if entity @s[tag=aj.ecual.bone.ear_edge_b3] run data modify entity @s {} merge value {transformation:[-0.9762577550443351f,-0.20427912743303378f,-0.0720474413910267f,-0.058024420544227545f,-0.14672985788847098f,0.3789733265916866f,0.9137010268879311f,1.5249697575790193f,-0.15934598997095656f,0.9025792241278485f,-0.39994949637791327f,0.10267260686628982f,0f,0f,0f,1f],start_interpolation:0}
execute if entity @s[tag=aj.ecual.bone.ear_edge_b4] run data modify entity @s {} merge value {transformation:[-0.9916020214914857f,0.10739924191075922f,-0.0720474413910267f,-0.08665544333731812f,-0.022439189148253845f,0.40576707142683344f,0.9137010268879311f,1.5275269283583561f,0.12736527691787936f,0.9076444714659397f,-0.39994949637791327f,0.1136721994235997f,0f,0f,0f,1f],start_interpolation:0}
execute if entity @s[tag=aj.ecual.bone.ear_left_2] run data modify entity @s {} merge value {transformation:[-0.9961946980917455f,-0.04904375274081851f,-0.0720474413910267f,-0.14252426702563364f,-0.08563888024373709f,0.3972611428953742f,0.9137010268879311f,1.5953823896909796f,-0.016189678332036914f,0.9163941808318942f,-0.39994949637791327f,0.2006202036460703f,0f,0f,0f,1f],start_interpolation:0}
execute if entity @s[tag=aj.ecual.bone.ear_left_1] run data modify entity @s {} merge value {transformation:[-0.9961946980917455f,-0.07788563122503858f,-0.039114600120329315f,-0.125f,-0.08563888024373709f,0.7913778582881928f,0.6052991554609932f,1.4173223715761365f,-0.016189678332036914f,0.6063455399851393f,-0.7950364648590873f,0.0641924571494142f,0f,0f,0f,1f],start_interpolation:0}
execute if entity @s[tag=aj.ecual.bone.head] run data modify entity @s {} merge value {transformation:[-1f,-2.2748515615268352e-17f,1.203332990652233e-16f,3.688993929343032e-20f,0f,0.982595954596901f,0.1857557267214249f,0.9079370783851799f,-1.2246467991473532e-16f,0.1857557267214249f,-0.982595954596901f,-0.0003012292141629302f,0f,0f,0f,1f],start_interpolation:0}
execute if entity @s[tag=aj.ecual.bone.body_1] run data modify entity @s {} merge value {transformation:[-1f,4.1681165142812287e-19f,1.2246397059815518e-16f,-1.1941442999211576e-19f,0f,0.999994207990576f,-0.0034035254223366597f,0.5329392503887138f,-1.2246467991473532e-16f,-0.0034035254223366597f,-0.999994207990576f,0.0009750928192133172f,0f,0f,0f,1f],start_interpolation:0}
execute if entity @s[tag=aj.ecual.bone.leg_left_2] run data modify entity @s {} merge value {transformation:[-0.42268673087289277f,-0.7003026085210721f,-0.5752496710495099f,0.3599389094520947f,-0.9058312416797865f,0.34634077847083256f,0.24396275692218705f,0.13022410672680568f,0.028384663831777724f,0.6241989439808436f,-0.7807496328480448f,0.25015003975424355f,0f,0f,0f,1f],start_interpolation:0}
execute if entity @s[tag=aj.ecual.bone.leg_left_1] run data modify entity @s {} merge value {transformation:[-0.42268673087289277f,-0.6180815991893397f,0.6628054498022292f,0.14800025513923312f,-0.9058312416797865f,0.2652256217458828f,-0.3303409317150484f,0.2236809162921261f,0.028384663831777724f,-0.7400206120866218f,-0.6719849734526052f,0.07655069349031277f,0f,0f,0f,1f],start_interpolation:0}
execute if entity @s[tag=aj.ecual.bone.leg_right_2] run data modify entity @s {} merge value {transformation:[-0.41944238077990215f,0.6953442482640333f,0.583579014026219f,-0.3554108296417655f,0.9073366078539895f,0.3412620391660325f,0.24552087624529392f,0.12349841481530902f,-0.02843183521517955f,0.6324844638648192f,-0.7740510536882752f,0.24857504931110236f,0f,0f,0f,1f],start_interpolation:0}
execute if entity @s[tag=aj.ecual.bone.leg_right_1] run data modify entity @s {} merge value {transformation:[-0.41944238077990215f,0.6191087652766912f,-0.6639069407403859f,-0.125f,0.9073366078539895f,0.2630140552533507f,-0.3279693381814876f,0.22384721254365475f,-0.02843183521517955f,-0.7399513115717534f,-0.672059288492867f,0.05182625814039776f,0f,0f,0f,1f],start_interpolation:0}
execute if entity @s[tag=aj.ecual.bone.skirt_forward_right] run data modify entity @s {} merge value {transformation:[-0.945489626340587f,0.32565221706958664f,9.690346128282315e-17f,-4.0800305991178113e-19f,0.25768104755133714f,0.7481440155904236f,-0.6114581013193638f,0.397649208908692f,-0.19912268633981084f,-0.57812729173937f,-0.7912768101814425f,0.0033315978141277044f,0f,0f,0f,1f],start_interpolation:0}
execute if entity @s[tag=aj.ecual.bone.skirt_forward_left] run data modify entity @s {} merge value {transformation:[-0.9455460679876908f,-0.3254679994028498f,0.0036351998189395733f,-3.8113400134740336e-19f,-0.25755134362481f,0.7413129734515788f,-0.6197760731017565f,0.39477036354105827f,0.19902245780331435f,-0.5869630795519301f,-0.7847702877484866f,0.003112195300822766f,0f,0f,0f,1f],start_interpolation:0}
execute if entity @s[tag=aj.ecual.bone.skirt_forward] run data modify entity @s {} merge value {transformation:[-1f,7.488202065934771e-17f,9.690346128282315e-17f,-4.0800305991178113e-19f,0f,0.7912768101814425f,-0.6114581013193638f,0.397649208908692f,-1.2246467991473532e-16f,-0.6114581013193638f,-0.7912768101814425f,0.0033315978141277044f,0f,0f,0f,1f],start_interpolation:0}
execute if entity @s[tag=aj.ecual.bone.skirt_back_right] run data modify entity @s {} merge value {transformation:[-0.9177532108722628f,0.3971511600557802f,1.2133009456562027e-16f,-5.120556025975965e-19f,0.3934717164162176f,0.9092506014024633f,0.13580630408686606f,0.39961881880078204f,0.05393563121098679f,0.12463667163241629f,-0.9907354075484864f,0.004181251304083019f,0f,0f,0f,1f],start_interpolation:0}
execute if entity @s[tag=aj.ecual.bone.skirt_back_left] run data modify entity @s {} merge value {transformation:[-0.9177532108722628f,-0.3971511600557802f,1.2133009456562027e-16f,-5.120556025975965e-19f,-0.3934717164162176f,0.9092506014024633f,0.13580630408686606f,0.39961881880078204f,-0.05393563121098701f,0.12463667163241618f,-0.9907354075484864f,0.004181251304083019f,0f,0f,0f,1f],start_interpolation:0}
execute if entity @s[tag=aj.ecual.bone.skirt_back] run data modify entity @s {} merge value {transformation:[-1f,-1.6631475560401266e-17f,1.2133009456562027e-16f,-5.120556025975965e-19f,0f,0.9907354075484864f,0.13580630408686606f,0.39961881880078204f,-1.2246467991473532e-16f,0.13580630408686606f,-0.9907354075484864f,0.004181251304083019f,0f,0f,0f,1f],start_interpolation:0}
execute if entity @s[tag=aj.ecual.bone.skirt_right] run data modify entity @s {} merge value {transformation:[-0.818146644801706f,0.5750096239192098f,1.224045993383799e-16f,-0.19375f,0.5747275269942921f,0.8177452660368476f,-0.03132011477230631f,0.46422370146639547f,-0.01800936741633044f,-0.025624446815766685f,-0.9995094048635308f,0.02531350928050266f,0f,0f,0f,1f],start_interpolation:0}
execute if entity @s[tag=aj.ecual.bone.skirt_left] run data modify entity @s {} merge value {transformation:[-0.818146644801706f,-0.5749956149151999f,0.00401377976505813f,0.19375f,-0.5747275269942921f,0.8175067172649357f,-0.037027516008147784f,0.4649587703732587f,0.01800936741633024f,-0.03260076770567916f,-0.9993061856259391f,0.024318973263724158f,0f,0f,0f,1f],start_interpolation:0}
execute if entity @s[tag=aj.ecual.bone.coat_downer] run data modify entity @s {} merge value {transformation:[-1f,1.448927595575262e-17f,1.2160451763358395e-16f,-0.0078125f,0f,0.992976241951963f,-0.11831391684394732f,0.3097259517289943f,-1.2246467991473532e-16f,-0.11831391684394732f,-0.992976241951963f,0.006998088144437189f,0f,0f,0f,1f],start_interpolation:0}
execute if entity @s[tag=aj.ecual.bone.body_2] run data modify entity @s {} merge value {transformation:[-1f,3.835607830483266e-18f,1.224045993383799e-16f,0f,0f,0.9995094048635308f,-0.03132011477230631f,0.5330538343781894f,-1.2246467991473532e-16f,-0.03132011477230631f,-0.9995094048635308f,0f,0f,0f,0f,1f],start_interpolation:0}
execute if entity @s[tag=aj.ecual.bone.book_left] run data modify entity @s {} merge value {transformation:[0.06892966955841784f,0.5749614164630298f,-0.8152717769145413f,-0.018856078260550968f,-0.9976195895384463f,0.03811790623814171f,-0.05746459599755471f,0.05014046937305789f,-0.0019634723601981625f,0.8172921110611839f,0.5762202269735454f,0.9625191639671584f,0f,0f,0f,1f],start_interpolation:0}
execute if entity @s[tag=aj.ecual.bone.book_right] run data modify entity @s {} merge value {transformation:[0.06892966955841784f,0.5749614164630298f,-0.8152717769145413f,-0.012393921739449282f,-0.9976195895384463f,0.03811790623814171f,-0.05746459599755471f,-0.04338636714617145f,-0.0019634723601981625f,0.8172921110611839f,0.5762202269735454f,0.9623350884333898f,0f,0f,0f,1f],start_interpolation:0}
execute if entity @s[tag=aj.ecual.bone.book_loot_1] run data modify entity @s {} merge value {transformation:[0.06892966955841784f,0.5749614164630298f,-0.8152717769145413f,0.1066657665371811f,-0.9976195895384463f,0.03811790623814171f,-0.05746459599755471f,0.011996740513076427f,-0.0019634723601981625f,0.8172921110611839f,0.5762202269735454f,0.8759940921542423f,0f,0f,0f,1f],start_interpolation:0}
execute if entity @s[tag=aj.ecual.bone.book_left2] run data modify entity @s {} merge value {transformation:[-0.004868985195628356f,-0.9795137472402242f,-0.20131843420456713f,0.5516188017411562f,0.9998159397914855f,-0.0010324247060882197f,-0.019157782702972522f,0.0913378515369028f,0.018557465398938752f,-0.20137465845195152f,0.9793384845962739f,-0.5754108409198024f,0f,0f,0f,1f],start_interpolation:0}
execute if entity @s[tag=aj.ecual.bone.book_right2] run data modify entity @s {} merge value {transformation:[-0.006025662082411668f,-0.9795137472402242f,-0.2012871341240728f,0.552129490439914f,0.999689356099772f,-0.0010324247060882197f,-0.024902317162243493f,-0.0023893460178350534f,0.024184348188266258f,-0.20137465845195152f,0.9792156883118589f,-0.5774143717002249f,0f,0f,0f,1f],start_interpolation:0}
execute if entity @s[tag=aj.ecual.bone.book_loot_2] run data modify entity @s {} merge value {transformation:[-0.005447346120083243f,-0.9795137472402242f,-0.2013036149393793f,0.582069688331442f,0.9997567739172037f,-0.0010324247060882197f,-0.022030140850456542f,0.04777877388710235f,0.021370994991172315f,-0.20137465845195152f,0.9792811279231548f,-0.7233047754984869f,0f,0f,0f,1f],start_interpolation:0}
execute if entity @s[tag=aj.ecual.bone.air_staff_povit_1] run data modify entity @s {} merge value {transformation:[-0.000015625f,0f,1.9135106236677393e-21f,-0.007217500000000084f,0f,0.000015625f,0f,0.6991763343781894f,-1.9135106236677393e-21f,0f,-0.000015625f,0.6875f,0f,0f,0f,1f],start_interpolation:0}