execute if entity @s[tag=aj.ecual.bone.wing_right_1] run data modify entity @s {} merge value {transformation:[-0.7779277596169542f,-0.13716965306255807f,-0.20726150520655806f,0.028274055195137343f,-0.15530188067099107f,0.799979711243941f,0.053462434498986175f,0.6785581429169727f,0.1940468271367607f,0.09034042462376737f,-0.7881173015493302f,-0.3465950431040871f,0f,0f,0f,1f],start_interpolation:0}
execute if entity @s[tag=aj.ecual.bone.wing_right_2] run data modify entity @s {} merge value {transformation:[-0.7554652295831242f,0.16748260921090186f,-0.20303167856968954f,0.028274055195137343f,0.1593391864249723f,0.7822200865866072f,0.052371364407170135f,0.6785581429169727f,0.20948343743681824f,0.009017302942066784f,-0.7720332749870991f,-0.3465950431040871f,0f,0f,0f,1f],start_interpolation:0}
execute if entity @s[tag=aj.ecual.bone.wing_left_1] run data modify entity @s {} merge value {transformation:[-0.7779277596169542f,0.13716965306255807f,0.20726150520655823f,-0.028274055195137246f,0.15530188067099107f,0.799979711243941f,0.053462434498986175f,0.6785581429169727f,-0.19404682713676086f,0.0903404246237674f,-0.7881173015493302f,-0.3465950431040871f,0f,0f,0f,1f],start_interpolation:0}
execute if entity @s[tag=aj.ecual.bone.wing_left_2] run data modify entity @s {} merge value {transformation:[-0.7554652295831242f,-0.16748260921090186f,0.2030316785696897f,-0.028274055195137246f,-0.1593391864249723f,0.7822200865866072f,0.052371364407170135f,0.6785581429169727f,-0.20948343743681838f,0.009017302942066749f,-0.7720332749870991f,-0.3465950431040871f,0f,0f,0f,1f],start_interpolation:0}
execute if entity @s[tag=aj.ecual.bone.staff] run data modify entity @s {} merge value {transformation:[0.08010312245295358f,0.5188939496396237f,1.4716449329918813f,-0.5229781392030385f,1.534097528144634f,-0.2958345584711996f,0.020807165945266135f,0.3220327181082146f,0.28554249055755365f,1.4438272864305972f,-0.5246279663196076f,0.12737264613367405f,0f,0f,0f,1f],start_interpolation:0}
execute if entity @s[tag=aj.ecual.bone.arm_right_2] run data modify entity @s {} merge value {transformation:[-0.3827895638207596f,-0.90630778703665f,-0.17910428522691166f,-0.45197640781619675f,-0.8476952256038234f,0.4216492293500765f,-0.3219079555975118f,0.5382378577807915f,0.36726687070629666f,0.028602841558434417f,-0.9296757085868101f,0.024714852487328312f,0f,0f,0f,1f],start_interpolation:0}
execute if entity @s[tag=aj.ecual.bone.arm_right_1] run data modify entity @s {} merge value {transformation:[-0.42219168589485334f,-0.90630778703665f,-0.018983559149743454f,-0.2984375f,-0.9063571100965949f,0.4216492293500765f,0.026994747004476974f,0.87428009899863f,-0.01646114633343084f,0.028602841558434417f,-0.9994553057121527f,0.02337078072529427f,0f,0f,0f,1f],start_interpolation:0}
execute if entity @s[tag=aj.ecual.bone.arm_left_2] run data modify entity @s {} merge value {transformation:[-0.17783871109344532f,0.9801794347289433f,-0.08730216819226985f,0.37763607335965754f,-0.8480340924875445f,-0.19765752022293398f,-0.49170080605806166f,1.144213378427954f,-0.4992109482127262f,-0.013408222617847349f,0.8663767360396869f,0.2023259113008815f,0f,0f,0f,1f],start_interpolation:0}
execute if entity @s[tag=aj.ecual.bone.arm_left_1] run data modify entity @s {} merge value {transformation:[-0.17673446299965906f,0.9801794347289433f,-0.08951650865997529f,0.2984375f,-0.8418267569940657f,-0.19765752022293398f,-0.5022541347845481f,0.87428009899863f,-0.5099927850441383f,-0.013408222617847349f,0.8600741705045873f,0.023370780725294346f,0f,0f,0f,1f],start_interpolation:0}
execute if entity @s[tag=aj.ecual.bone.himo_right_2] run data modify entity @s {} merge value {transformation:[-1f,7.730684429178685e-18f,1.2222043341796427e-16f,-0.15625000000000003f,0f,0.998005576000026f,-0.06312582888846881f,0.5158003566482405f,-1.2246467991473532e-16f,-0.06312582888846881f,-0.998005576000026f,0.20577708401728126f,0f,0f,0f,1f],start_interpolation:0}
execute if entity @s[tag=aj.ecual.bone.himo_right_1] run data modify entity @s {} merge value {transformation:[-1f,-8.288420433319483e-18f,1.2218387746891613e-16f,-0.15625000000000003f,0f,0.997707074023182f,0.06768008897822787f,0.7032934335837011f,-1.2246467991473532e-16f,0.06768008897822787f,-0.997707074023182f,0.21223143148805412f,0f,0f,0f,1f],start_interpolation:0}
execute if entity @s[tag=aj.ecual.bone.himo_left_2] run data modify entity @s {} merge value {transformation:[-1f,7.730684429178685e-18f,1.2222043341796427e-16f,0.15624999999999997f,0f,0.998005576000026f,-0.06312582888846881f,0.5158003566482405f,-1.2246467991473532e-16f,-0.06312582888846881f,-0.998005576000026f,0.2057770840172813f,0f,0f,0f,1f],start_interpolation:0}
execute if entity @s[tag=aj.ecual.bone.himo_left_1] run data modify entity @s {} merge value {transformation:[-1f,-8.288420433319483e-18f,1.2218387746891613e-16f,0.15624999999999997f,0f,0.997707074023182f,0.06768008897822787f,0.7032934335837011f,-1.2246467991473532e-16f,0.06768008897822787f,-0.997707074023182f,0.21223143148805415f,0f,0f,0f,1f],start_interpolation:0}
execute if entity @s[tag=aj.ecual.bone.ponpon1] run data modify entity @s {} merge value {transformation:[-0.9678382768515903f,-0.1000907996049042f,-0.2308048996347245f,0.23836759995591617f,-0.01702649587488136f,0.9414038394092016f,-0.33685146516504416f,1.3957972674214871f,0.2509963511670379f,-0.3220879429287369f,-0.9128308653418594f,-0.19244551553845407f,0f,0f,0f,1f],start_interpolation:0}
execute if entity @s[tag=aj.ecual.bone.ponpon2] run data modify entity @s {} merge value {transformation:[-0.9678382768515903f,-0.1000907996049042f,-0.2308048996347245f,0.2655349259477084f,-0.01702649587488136f,0.9414038394092016f,-0.33685146516504416f,1.2471804562314222f,0.2509963511670379f,-0.3220879429287369f,-0.9128308653418594f,-0.2471747794669252f,0f,0f,0f,1f],start_interpolation:0}
execute if entity @s[tag=aj.ecual.bone.ponpon3] run data modify entity @s {} merge value {transformation:[-0.9678382768515903f,-0.1000907996049042f,-0.2308048996347245f,-0.33023738769439315f,-0.01702649587488136f,0.9414038394092016f,-0.33685146516504416f,1.3857942010949942f,0.2509963511670379f,-0.3220879429287369f,-0.9128308653418594f,-0.04498515922781931f,0f,0f,0f,1f],start_interpolation:0}
execute if entity @s[tag=aj.ecual.bone.ponpon4] run data modify entity @s {} merge value {transformation:[-0.9678382768515903f,-0.1000907996049042f,-0.2308048996347245f,-0.3756579324664701f,-0.01702649587488136f,0.9414038394092016f,-0.33685146516504416f,1.235900402714313f,0.2509963511670379f,-0.3220879429287369f,-0.9128308653418594f,-0.0808896968187626f,0f,0f,0f,1f],start_interpolation:0}
execute if entity @s[tag=aj.ecual.bone.ear_edge_a1] run data modify entity @s {} merge value {transformation:[-0.9640249751718208f,0.16058995826882716f,-0.21181763984188517f,0.138541304370008f,0.13389775688130945f,0.9817661224514463f,0.13493209962349678f,1.4779285131507327f,0.22962412318204717f,0.10171600714670152f,-0.9679496970106496f,-0.17001834796495238f,0f,0f,0f,1f],start_interpolation:0}
execute if entity @s[tag=aj.ecual.bone.ear_edge_a2] run data modify entity @s {} merge value {transformation:[-0.9772780322323416f,0.007806098122354679f,-0.21181763984188517f,0.0260521875709818f,-0.0213328048568021f,0.9906251763044064f,0.13493209962349678f,1.4854542028365705f,0.2108851800222671f,0.1363848411810044f,-0.9679496970106496f,-0.14435313373386666f,0f,0f,0f,1f],start_interpolation:0}
execute if entity @s[tag=aj.ecual.bone.ear_edge_b1] run data modify entity @s {} merge value {transformation:[-0.9317405486610428f,0.3363042255798265f,-0.13696356390650882f,-0.009539582120460868f,0.1876790488565794f,0.7688929825478495f,0.6112120385013388f,1.4901810788791945f,0.31086351442571836f,0.5437858486994909f,-0.7795260266040295f,-0.20318618502225505f,0f,0f,0f,1f],start_interpolation:0}
execute if entity @s[tag=aj.ecual.bone.ear_edge_b2] run data modify entity @s {} merge value {transformation:[-0.9900616412847787f,0.031920661310789356f,-0.13696356390650882f,0.020152728331952086f,-0.05910761607579901f,0.7892566969705571f,0.6112120385013388f,1.4982103320328073f,0.12760970252424533f,0.6132331837634097f,-0.7795260266040295f,-0.20210756609384675f,0f,0f,0f,1f],start_interpolation:0}
execute if entity @s[tag=aj.ecual.bone.ear_right_2] run data modify entity @s {} merge value {transformation:[-0.9728788479915778f,0.18640742821199024f,-0.13696356390650882f,0.08338474862015216f,0.06508704593156829f,0.78878610563507f,0.6112120385013388f,1.6004315347524996f,0.22196942037695763f,0.585720710120832f,-0.7795260266040295f,-0.17315619555526554f,0f,0f,0f,1f],start_interpolation:0}
execute if entity @s[tag=aj.ecual.bone.ear_right_1] run data modify entity @s {} merge value {transformation:[-0.9728788479915778f,0.09295178633245323f,-0.21181763984188517f,0.062470596695350225f,0.06508704593156829f,0.9887148248828358f,0.13493209962349678f,1.3779706991538618f,0.22196942037695763f,0.11748600118528707f,-0.9679496970106496f,-0.1995905458219551f,0f,0f,0f,1f],start_interpolation:0}
execute if entity @s[tag=aj.ecual.bone.ear_edge_a3] run data modify entity @s {} merge value {transformation:[-0.9491498772267987f,-0.12320112724700816f,-0.28971709097914705f,-0.2348575942046203f,-0.1675548920777581f,0.976773586133724f,0.13356166954734933f,1.4713595698072768f,0.26653305367470603f,0.17531355816516583f,-0.9477474809369347f,-0.07318216849816943f,0f,0f,0f,1f],start_interpolation:0}
execute if entity @s[tag=aj.ecual.bone.ear_edge_a4] run data modify entity @s {} merge value {transformation:[-0.9567371696474547f,0.026795436356927174f,-0.28971709097914705f,-0.124385784001379f,-0.012690959902621299f,0.9909592423326375f,0.13356166954734933f,1.482807653755318f,0.2906766721835923f,0.13146020168084002f,-0.9477474809369347f,-0.10533898969270965f,0f,0f,0f,1f],start_interpolation:0}
execute if entity @s[tag=aj.ecual.bone.ear_edge_b3] run data modify entity @s {} merge value {transformation:[-0.9586494165115164f,-0.054879342727118405f,-0.279248194200014f,-0.12203884740234082f,-0.22093534560961978f,0.7620111660590801f,0.6087089254000134f,1.4882019586872548f,0.17938469634416188f,0.6452342524565172f,-0.7426263462700421f,-0.17401095423206553f,0f,0f,0f,1f],start_interpolation:0}
execute if entity @s[tag=aj.ecual.bone.ear_edge_b4] run data modify entity @s {} merge value {transformation:[-0.9286884239586312f,0.24404560483906484f,-0.279248194200014f,-0.14771334228210417f,0.02535240009377515f,0.7929884614216315f,0.6087089254000134f,1.495257182702797f,0.36999333374362153f,0.5582213206344674f,-0.7426263462700421f,-0.1585736697636262f,0f,0f,0f,1f],start_interpolation:0}
execute if entity @s[tag=aj.ecual.bone.ear_left_2] run data modify entity @s {} merge value {transformation:[-0.9554318720280328f,0.0957621216820091f,-0.279248194200014f,-0.1922445975932427f,-0.09901045576684388f,0.7871914467187782f,0.6087089254000134f,1.5955825821552072f,0.27811304816899646f,0.6092283990949184f,-0.7426263462700421f,-0.10167528616287252f,0f,0f,0f,1f],start_interpolation:0}
execute if entity @s[tag=aj.ecual.bone.ear_left_1] run data modify entity @s {} merge value {transformation:[-0.9554318720280328f,-0.056691667003090515f,-0.28971709097914705f,-0.17948897251754736f,-0.09901045576684388f,0.986082253200293f,0.13356166954734933f,1.3737140751851415f,0.27811304816899646f,0.15629409718810294f,-0.9477474809369347f,-0.13684145803019562f,0f,0f,0f,1f],start_interpolation:0}
execute if entity @s[tag=aj.ecual.bone.head] run data modify entity @s {} merge value {transformation:[-0.9678382768515903f,-0.1000907996049042f,-0.2308048996347245f,-3.108157662494806e-18f,-0.01702649587488136f,0.9414038394092016f,-0.33685146516504416f,0.9038995277586933f,0.2509963511670379f,-0.3220879429287369f,-0.9128308653418594f,0.025380033366835454f,0f,0f,0f,1f],start_interpolation:0}
execute if entity @s[tag=aj.ecual.bone.body_1] run data modify entity @s {} merge value {transformation:[-1f,-8.288420433319483e-18f,1.2218387746891613e-16f,0f,0f,0.997707074023182f,0.06768008897822787f,0.529759375f,-1.2246467991473532e-16f,0.06768008897822787f,-0.997707074023182f,0f,0f,0f,0f,1f],start_interpolation:0}
execute if entity @s[tag=aj.ecual.bone.leg_left_2] run data modify entity @s {} merge value {transformation:[-0.4202589553469338f,-0.6416316741132347f,-0.6416316741132343f,0.3705608879764244f,-0.9074042155790901f,0.29716795718019134f,0.29716795718019134f,0.11510788971930924f,-5.146687844786329e-17f,0.7071067811865472f,-0.7071067811865477f,0.2296796083845573f,0f,0f,0f,1f],start_interpolation:0}
execute if entity @s[tag=aj.ecual.bone.leg_left_1] run data modify entity @s {} merge value {transformation:[-0.4202589553469338f,-0.6416316741132344f,0.6416316741132346f,0.15f,-0.9074042155790901f,0.2971679571801914f,-0.2971679571801913f,0.21725937500000003f,-5.146687844786329e-17f,-0.7071067811865476f,-0.7071067811865474f,0.07500000000000001f,0f,0f,0f,1f],start_interpolation:0}
execute if entity @s[tag=aj.ecual.bone.leg_right_2] run data modify entity @s {} merge value {transformation:[-0.4202589553469338f,0.6416316741132345f,0.6416316741132345f,-0.36561187779246296f,0.9074042155790901f,0.29716795718019134f,0.29716795718019134f,0.10582139105742826f,-5.146687844786329e-17f,0.7071067811865475f,-0.7071067811865475f,0.22677669529663683f,0f,0f,0f,1f],start_interpolation:0}
execute if entity @s[tag=aj.ecual.bone.leg_right_1] run data modify entity @s {} merge value {transformation:[-0.4202589553469338f,0.6416316741132346f,-0.6416316741132344f,-0.125f,0.9074042155790901f,0.2971679571801914f,-0.2971679571801913f,0.21725937500000003f,-5.146687844786329e-17f,-0.7071067811865474f,-0.7071067811865476f,0.04999999999999999f,0f,0f,0f,1f],start_interpolation:0}
execute if entity @s[tag=aj.ecual.bone.skirt_forward_right] run data modify entity @s {} merge value {transformation:[-0.9396926207859084f,0.3420201433256687f,9.71577628780522e-17f,0f,0.27134282315430625f,0.7455082795475254f,-0.6087614290087207f,0.39225937500000013f,-0.2082086712007016f,-0.5720486226585795f,-0.7933533402912352f,0f,0f,0f,0f,1f],start_interpolation:0}
execute if entity @s[tag=aj.ecual.bone.skirt_forward_left] run data modify entity @s {} merge value {transformation:[-0.9396926207859084f,-0.3420201433256686f,9.71577628780522e-17f,0f,-0.27134282315430625f,0.7455082795475254f,-0.6087614290087207f,0.39225937500000013f,0.20820867120070138f,-0.5720486226585795f,-0.7933533402912352f,0f,0f,0f,0f,1f],start_interpolation:0}
execute if entity @s[tag=aj.ecual.bone.skirt_forward] run data modify entity @s {} merge value {transformation:[-1f,7.455177354798984e-17f,9.71577628780522e-17f,0f,0f,0.7933533402912352f,-0.6087614290087207f,0.39225937500000013f,-1.2246467991473532e-16f,-0.6087614290087207f,-0.7933533402912352f,0f,0f,0f,0f,1f],start_interpolation:0}
execute if entity @s[tag=aj.ecual.bone.skirt_back_right] run data modify entity @s {} merge value {transformation:[-0.9063077870366499f,0.42261826174069944f,1.2060416625018976e-16f,0f,0.4161977407267834f,0.8925389352890299f,0.17364817766693033f,0.39225937500000013f,0.07338689100003813f,0.1573786956242627f,-0.984807753012208f,0f,0f,0f,0f,1f],start_interpolation:0}
execute if entity @s[tag=aj.ecual.bone.skirt_back_left] run data modify entity @s {} merge value {transformation:[-0.9063077870366499f,-0.42261826174069944f,1.2060416625018976e-16f,0f,-0.4161977407267834f,0.8925389352890299f,0.17364817766693033f,0.39225937500000013f,-0.07338689100003835f,0.1573786956242626f,-0.984807753012208f,0f,0f,0f,0f,1f],start_interpolation:0}
execute if entity @s[tag=aj.ecual.bone.skirt_back] run data modify entity @s {} merge value {transformation:[-1f,-2.1265768495757713e-17f,1.2060416625018976e-16f,0f,0f,0.984807753012208f,0.17364817766693033f,0.39225937500000013f,-1.2246467991473532e-16f,0.17364817766693033f,-0.984807753012208f,0f,0f,0f,0f,1f],start_interpolation:0}
execute if entity @s[tag=aj.ecual.bone.skirt_right] run data modify entity @s {} merge value {transformation:[-0.7933533402912352f,0.6087614290087207f,1.2246467991473532e-16f,-0.19375f,0.6087614290087207f,0.7933533402912352f,0f,0.46100937500000017f,-9.71577628780522e-17f,7.455177354798984e-17f,-1f,0.024999999999999977f,0f,0f,0f,1f],start_interpolation:0}
execute if entity @s[tag=aj.ecual.bone.skirt_left] run data modify entity @s {} merge value {transformation:[-0.7933533402912352f,-0.6087614290087207f,1.2246467991473532e-16f,0.19375f,-0.6087614290087207f,0.7933533402912352f,0f,0.46100937500000017f,-9.71577628780522e-17f,-7.455177354798984e-17f,-1f,0.025000000000000026f,0f,0f,0f,1f],start_interpolation:0}
execute if entity @s[tag=aj.ecual.bone.coat_downer] run data modify entity @s {} merge value {transformation:[-1f,1.0673500138322974e-17f,1.2199866483456202e-16f,-0.0078125f,0f,0.9961946980917455f,-0.08715574274765818f,0.3063218750000001f,-1.2246467991473532e-16f,-0.08715574274765818f,-0.9961946980917455f,-9.567553118338697e-19f,0f,0f,0f,1f],start_interpolation:0}
execute if entity @s[tag=aj.ecual.bone.body_2] run data modify entity @s {} merge value {transformation:[-1f,0f,1.2246467991473532e-16f,0f,0f,1f,0f,0.529759375f,-1.2246467991473532e-16f,0f,-1f,0f,0f,0f,0f,1f],start_interpolation:0}
execute if entity @s[tag=aj.ecual.bone.book_left] run data modify entity @s {} merge value {transformation:[0.060000292692701684f,0.5637440874715304f,-0.8237673025300783f,-0.01843751371997049f,-0.9981487854734341f,0.04210879871645967f,-0.043884520375240266f,0.06222689619406736f,0.009948212638374372f,0.8248754166003179f,0.5652270164754633f,0.9589086775325761f,0f,0f,0f,1f],start_interpolation:0}
execute if entity @s[tag=aj.ecual.bone.book_right] run data modify entity @s {} merge value {transformation:[0.060000292692701684f,0.5637440874715304f,-0.8237673025300783f,-0.01281248628002972f,-0.9981487854734341f,0.04210879871645967f,-0.043884520375240266f,-0.03134955244406708f,0.009948212638374372f,0.8248754166003179f,0.5652270164754633f,0.9598413224674237f,0f,0f,0f,1f],start_interpolation:0}
execute if entity @s[tag=aj.ecual.bone.book_loot_1] run data modify entity @s {} merge value {transformation:[0.060000292692701684f,0.5637440874715304f,-0.8237673025300783f,0.10794009537951166f,-0.9981487854734341f,0.04210879871645967f,-0.043884520375240266f,0.022021349931286183f,0.009948212638374372f,0.8248754166003179f,0.5652270164754633f,0.8745909475286804f,0f,0f,0f,1f],start_interpolation:0}
execute if entity @s[tag=aj.ecual.bone.book_left2] run data modify entity @s {} merge value {transformation:[0.015560795003414448f,-0.9825228523609227f,-0.18549044786030844f,0.5526044122657853f,0.99949084116886f,0.020452904542427652f,-0.02448953072933152f,0.10791480505479048f,0.027855342008782303f,-0.18501492719327933f,0.9823408556286553f,-0.5743192808433383f,0f,0f,0f,1f],start_interpolation:0}
execute if entity @s[tag=aj.ecual.bone.book_right2] run data modify entity @s {} merge value {transformation:[0.015560795003414448f,-0.9825228523609227f,-0.18549044786030844f,0.5511455877342151f,0.99949084116886f,0.020452904542427652f,-0.02448953072933152f,0.014212538695209859f,0.027855342008782303f,-0.18501492719327933f,0.9823408556286553f,-0.5769307191566616f,0f,0f,0f,1f],start_interpolation:0}
execute if entity @s[tag=aj.ecual.bone.book_loot_2] run data modify entity @s {} merge value {transformation:[0.015560795003414448f,-0.9825228523609227f,-0.18549044786030844f,0.5796985671790464f,0.99949084116886f,0.020452904542427652f,-0.02448953072933152f,0.0647371014843999f,0.027855342008782303f,-0.18501492719327933f,0.9823408556286553f,-0.7229761283442983f,0f,0f,0f,1f],start_interpolation:0}
execute if entity @s[tag=aj.ecual.bone.air_staff_povit_1] run data modify entity @s {} merge value {transformation:[-0.000015625f,0f,1.9135106236677393e-21f,-0.007217500000000084f,0f,0.000015625f,0f,0.695881875f,-1.9135106236677393e-21f,0f,-0.000015625f,0.6875f,0f,0f,0f,1f],start_interpolation:0}