# This file was generated by Animated Java via MC-Build. It is not recommended to edit this file directly.
$data merge entity $(bone_wing_right_1) { transformation: [0.7483826128329754f,0.15156288919956515f,0.2896490978256513f,0.17272758301835564f,-0.29336409678063086f,0.6306394460822023f,0.4279904674284951f,1.0519683365054444f,-0.14424082630731835f,-0.4962529839779883f,0.6323543345020805f,0.29966677076820264f,0f,0f,0f,1f], start_interpolation: 0, interpolation_duration: 1 }
$data merge entity $(bone_wing_right_2) { transformation: [0.7341217813633607f,-0.14338067831659385f,0.2837378917475768f,0.17272758301835564f,-0.029091738884305912f,0.6807188141567004f,0.41925596809321974f,1.0519683365054444f,-0.31657365786902353f,-0.39504920850264846f,0.619449144002038f,0.29966677076820264f,0f,0f,0f,1f], start_interpolation: 0, interpolation_duration: 1 }
$data merge entity $(bone_wing_left_1) { transformation: [0.8052067740071928f,-0.12237683664267708f,-0.06008664902210265f,0.2268827098240173f,0.1347008095722118f,0.6586160644649429f,0.46370789940839374f,1.046437640614395f,-0.021028253326526178f,-0.4671115861616856f,0.6695588271989206f,0.29390580970575003f,0f,0f,0f,1f], start_interpolation: 0, interpolation_duration: 1 }
$data merge entity $(bone_wing_left_2) { transformation: [0.7746079795915967f,0.19109665705767878f,-0.05886039087879444f,0.2268827098240173f,-0.12499017324123893f,0.6465596766286487f,0.45424447288985514f,1.046437640614395f,0.1560766944362599f,-0.43063052866609125f,0.6558943613377182f,0.29390580970575003f,0f,0f,0f,1f], start_interpolation: 0, interpolation_duration: 1 }
$data merge entity $(bone_blade) { transformation: [-0.2511133951052478f,-1.9730243316376441f,0.210040590278511f,-0.06957138761510469f,-0.740380725473915f,0.28959934596156656f,1.8352026046639511f,0.813514167786226f,-1.8408635050283972f,0.152666976076893f,-0.7667557305101163f,-0.6942803748536777f,0f,0f,0f,1f], start_interpolation: 0, interpolation_duration: 1 }
$data merge entity $(bone_arm_right_2) { transformation: [-0.8957417969870767f,0.08226763694231425f,0.43689663427668f,0.2576235306210697f,-0.08018089795581437f,0.9367197883523496f,-0.34077420928252283f,0.8222033216317627f,-0.4372844117200644f,-0.3402764670397541f,-0.8324627734893499f,-0.5706740029312527f,0f,0f,0f,1f], start_interpolation: 0, interpolation_duration: 1 }
$data merge entity $(bone_arm_right_1) { transformation: [-0.4211741593053583f,0.08226763694231425f,0.9032410328618562f,0.3897954657236841f,-0.276768419677731f,0.9367197883523496f,-0.214371826456325f,0.9191572124151939f,-0.8637196127230853f,-0.3402764670397541f,-0.3717530854968483f,-0.2718225962787412f,0f,0f,0f,1f], start_interpolation: 0, interpolation_duration: 1 }
$data merge entity $(bone_arm_left_2) { transformation: [0.10548676695441547f,-0.015253324446067716f,-0.9943037152152494f,-0.21565953520701828f,0.2985757823100761f,0.9542338404066286f,0.01703760666122874f,0.9532380137848525f,0.9485383725582381f,-0.2986722516675422f,0.10521331602230508f,-0.40443686265393197f,0f,0f,0f,1f], start_interpolation: 0, interpolation_duration: 1 }
$data merge entity $(bone_arm_left_1) { transformation: [0.10548676695441547f,-0.015253324446067716f,-0.9943037152152494f,-0.1810466898001007f,0.2985757823100761f,0.9542338404066286f,0.01703760666122874f,1.0512081923553462f,0.9485383725582381f,-0.2986722516675422f,0.10521331602230508f,-0.09319770915826006f,0f,0f,0f,1f], start_interpolation: 0, interpolation_duration: 1 }
$data merge entity $(bone_ear_edge_a1) { transformation: [0.9352787911555104f,-0.2429502728285049f,0.2573494661879879f,-0.04561100108811919f,-0.10547800402675955f,0.5027606100266467f,0.8579662928531429f,1.502036771961861f,-0.33782831953703674f,-0.8295823852627228f,0.44459542573062194f,-0.5387474101580585f,0f,0f,0f,1f], start_interpolation: 0, interpolation_duration: 1 }
$data merge entity $(bone_ear_edge_a2) { transformation: [0.9617697531915178f,-0.0936493144592359f,0.2573494661879879f,0.0642267194560403f,-0.182828481839296f,0.48007039750038044f,0.8579662928531429f,1.4858155242383706f,-0.203893815684207f,-0.8722168419293115f,0.44459542573062194f,-0.5710225847192639f,0f,0f,0f,1f], start_interpolation: 0, interpolation_duration: 1 }
$data merge entity $(bone_ear_edge_b1) { transformation: [0.889602934463654f,-0.455765340505915f,0.02974177848050291f,0.10954230151597577f,-0.19168802740531493f,-0.31346134296006584f,0.9300525182048222f,1.5790206682500545f,-0.4145628048234853f,-0.8330785922487742f,-0.36622088961948257f,-0.5420170209630495f,0f,0f,0f,1f], start_interpolation: 0, interpolation_duration: 1 }
$data merge entity $(bone_ear_edge_b2) { transformation: [0.986901903400361f,-0.15855617199453823f,0.02974177848050291f,0.07893764871894418f,-0.08544126550533461f,-0.35735431091525355f,0.9300525182048222f,1.5787215180596346f,-0.13683721428614304f,-0.9204117756703913f,-0.36622088961948257f,-0.5452622268635607f,0f,0f,0f,1f], start_interpolation: 0, interpolation_duration: 1 }
$data merge entity $(bone_ear_right_2) { transformation: [0.949947853354893f,-0.31098955371402376f,0.02974177848050291f,-0.00016050228788907356f,-0.14029187220316053f,-0.3395887276907183f,0.9300525182048222f,1.5774385297222036f,-0.2791366448536685f,-0.8876739229616647f,-0.36622088961948257f,-0.640275283753002f,0f,0f,0f,1f], start_interpolation: 0, interpolation_duration: 1 }
$data merge entity $(bone_ear_right_1) { transformation: [0.949947853354893f,-0.17711670773585608f,0.2573494661879879f,0.039690756952678485f,-0.14029187220316053f,0.49417813683080636f,0.8579662928531429f,1.4662484489352723f,-0.2791366448536685f,-0.851127276568695f,0.44459542573062194f,-0.448771646525046f,0f,0f,0f,1f], start_interpolation: 0, interpolation_duration: 1 }
$data merge entity $(bone_ear_edge_a3) { transformation: [0.9513152319643323f,0.03458642051041128f,0.3062729321192552f,0.3231894663270706f,-0.2936629510004332f,0.40347799156222436f,0.866583857185576f,1.4184645396015663f,-0.09360235382919609f,-0.9143354361727377f,0.3939915094471499f,-0.6244529999148287f,0f,0f,0f,1f], start_interpolation: 0, interpolation_duration: 1 }
$data merge entity $(bone_ear_edge_a4) { transformation: [0.9450134710319326f,-0.11465788511590971f,0.3062729321192552f,0.21318262696320078f,-0.22692960900234577f,0.4444495145946407f,0.866583857185576f,1.4490823172040679f,-0.23548352835436603f,-0.8884358155530062f,0.3939915094471499f,-0.6062819346500872f,0f,0f,0f,1f], start_interpolation: 0, interpolation_duration: 1 }
$data merge entity $(bone_ear_edge_b3) { transformation: [0.9588574318589296f,0.02785956959842001f,0.28251773351541926f,0.20435673137515784f,-0.2838836563919399f,0.09963390492833696f,0.9536682623545119f,1.4836547952791066f,-0.0015795576727747618f,-0.994634068072536f,0.1034435866887673f,-0.5787736105836454f,0f,0f,0f,1f], start_interpolation: 0, interpolation_duration: 1 }
$data merge entity $(bone_ear_edge_b4) { transformation: [0.9205366892293545f,-0.26980721641937166f,0.28251773351541926f,0.22958412954425975f,-0.23920083144245485f,0.18248234877643427f,0.9536682623545119f,1.4779924331810115f,-0.30886107883625835f,-0.94546510160506f,0.1034435866887673f,-0.5954703666185057f,0f,0f,0f,1f], start_interpolation: 0, interpolation_duration: 1 }
$data merge entity $(bone_ear_left_2) { transformation: [0.9514105026064413f,-0.12248177733634306f,0.28251773351541926f,0.2711003105404536f,-0.26480240088650175f,0.14281643414702067f,0.9536682623545119f,1.5105887475714803f,-0.15715515904641297f,-0.9821413749344136f,0.1034435866887673f,-0.7072716704342439f,0f,0f,0f,1f], start_interpolation: 0, interpolation_duration: 1 }
$data merge entity $(bone_ear_left_1) { transformation: [0.9514105026064413f,-0.03185822627255108f,0.3062729321192552f,0.27826841145177755f,-0.26480240088650175f,0.42298003138459583f,0.866583857185576f,1.4154182405099465f,-0.15715515904641297f,-0.9055787908672847f,0.3939915094471499f,-0.5035164424891052f,0f,0f,0f,1f], start_interpolation: 0, interpolation_duration: 1 }
$data merge entity $(bone_head) { transformation: [0.9543106179963963f,-0.008391009045629665f,0.298698569374767f,0.15394564604515176f,-0.2033208337013026f,0.7142990510897043f,0.66965476493142f,1.053828369635029f,-0.21897918385623688f,-0.6997902947165987f,0.6799571019249027f,-0.13875017789997185f,0f,0f,0f,1f], start_interpolation: 0, interpolation_duration: 1 }
$data merge entity $(bone_body_1) { transformation: [0.9893010006140414f,0.02363881400399996f,0.14396088585633562f,0.14508109079365178f,-0.10103425662250003f,0.8228580693746191f,0.5591928796522835f,0.7452565936195469f,-0.1052407201267428f,-0.5677550564614627f,0.8164426413959808f,0.07415796827307669f,0f,0f,0f,1f], start_interpolation: 0, interpolation_duration: 1 }
$data merge entity $(bone_leg_left_2) { transformation: [0.939084425865466f,-0.03110499884623147f,0.34227608760137507f,-0.07956393033898376f,-0.10531447591545498f,0.9219446042039181f,0.3727291348176762f,0.40003847185664854f,-0.3271533314205761f,-0.3860707523577207f,0.8625080126667591f,-0.16410885661492086f,0f,0f,0f,1f], start_interpolation: 0, interpolation_duration: 1 }
$data merge entity $(bone_leg_left_1) { transformation: [0.939084425865466f,0.3300523982525857f,0.09584286882520167f,0.02491042104115479f,-0.10531447591545498f,0.541796374520936f,-0.8338858133573339f,0.47241634819568423f,-0.3271533314205761f,0.7729955387734694f,0.5435518326495944f,0.11248254404741105f,0f,0f,0f,1f], start_interpolation: 0, interpolation_duration: 1 }
$data merge entity $(bone_leg_right_2) { transformation: [0.9948320188253162f,0.04398634305777918f,0.09151205354678155f,0.25461245562530144f,-0.03614291084446661f,0.9956679470074484f,-0.08566813466897538f,0.521267766534863f,-0.0948838464420293f,0.08191789136920052f,0.9921121482765894f,-0.18448902009052462f,0f,0f,0f,1f], start_interpolation: 0, interpolation_duration: 1 }
$data merge entity $(bone_leg_right_1) { transformation: [0.9948320188253162f,0.071580115582949f,-0.07201070318416086f,0.2828294202061785f,-0.03614291084446661f,-0.41311512843374143f,-0.9099613072295228f,0.4578344173888221f,-0.0948838464420293f,0.9078613207491026f,-0.40839304349126776f,0.13552125416009694f,0f,0f,0f,1f], start_interpolation: 0, interpolation_duration: 1 }
$data merge entity $(bone_coat_downer) { transformation: [0.9848077530122081f,0.07201072587804605f,0.15801311643519572f,0.15921533918979067f,0f,0.9099612708765432f,-0.41469324265623897f,0.5344779692426421f,-0.17364817766693036f,0.40839312048963705f,0.8961369145000618f,0.10932687983650029f,0f,0f,0f,1f], start_interpolation: 0, interpolation_duration: 1 }
$data merge entity $(bone_body_2) { transformation: [0.9848077530122081f,0.021162389395769195f,0.17235383048284028f,0.15624999999999997f,0f,0.992546151641322f,-0.12186934340514746f,0.75625f,-0.17364817766693036f,0.12001787423989643f,0.9774671453588047f,0.13750000000000004f,0f,0f,0f,1f], start_interpolation: 0, interpolation_duration: 1 }
execute on vehicle unless entity @s[tag=aj.transforms_only] run function animated_java:axia/variants/mabataki/apply