# This file was generated by Animated Java via MC-Build. It is not recommended to edit this file directly.
$data merge entity $(bone_wing_right_1) { transformation: [0.09378110620150604f,0.1029179891692962f,0.8047095352171583f,0.2693815247414969f,-0.1251312782153024f,0.8022093853849352f,-0.08801539443173337f,1.3736765478027726f,-0.8015558070254813f,-0.11319202246676947f,0.10789021604416188f,0.013845925760193167f,0f,0f,0f,1f], start_interpolation: 0, interpolation_duration: 1 }
$data merge entity $(bone_wing_right_2) { transformation: [0.1234554650480896f,0.057987279779797916f,0.788286891641298f,0.2693815247414969f,0.18748017722890067f,0.7729278357445849f,-0.08621916189231024f,1.3736765478027726f,-0.7678606197064543f,0.19804049109950175f,0.10568837490040348f,0.013845925760193167f,0f,0f,0f,1f], start_interpolation: 0, interpolation_duration: 1 }
$data merge entity $(bone_wing_left_1) { transformation: [0.48392503681176485f,0.0010528092350334773f,0.657844886568172f,0.2901103965935689f,0.11407840542776759f,0.8041583050717162f,-0.0852055294196766f,1.3732799558911564f,-0.6478789397767413f,0.14238243017080485f,0.4763660015333441f,-0.03816173849570445f,0f,0f,0f,1f], start_interpolation: 0, interpolation_duration: 1 }
$data merge entity $(bone_wing_left_2) { transformation: [0.43756951261564636f,0.18236352293722274f,0.644419480719842f,0.2901103965935689f,-0.19821390021893714f,0.770548226647406f,-0.08346664106417301f,1.3732799558911564f,-0.6397219484973945f,-0.11401305150053341f,0.46664424640001056f,-0.03816173849570445f,0f,0f,0f,1f], start_interpolation: 0, interpolation_duration: 1 }
$data merge entity $(bone_blade) { transformation: [-1.3055221081262791f,-2.0126452579735044f,0.5577254231945861f,-0.5669446551244604f,0.19273465326804248f,0.5388164696882223f,2.3955618803006673f,1.7786876767182376f,-2.079579749745237f,1.3134391628380757f,-0.1281100577630486f,-0.595759196234504f,0f,0f,0f,1f], start_interpolation: 0, interpolation_duration: 1 }
$data merge entity $(bone_arm_right_2) { transformation: [-0.9740238399086552f,0.22610775299762492f,0.012362982001266953f,-0.2292749144302869f,0.22609366790953478f,0.974102244713896f,-0.002543653781985511f,1.6931290562925685f,-0.01261794835984048f,0.00031761252283829533f,-0.9999203400778852f,-0.6284611806443063f,0f,0f,0f,1f], start_interpolation: 0, interpolation_duration: 1 }
$data merge entity $(bone_arm_right_1) { transformation: [-0.745848851745699f,0.22610775299762492f,0.6265658579782236f,0.016947777470864053f,0.17333548596124537f,0.974102244713896f,-0.1451882438420154f,1.6359015094350444f,-0.6431673962944651f,0.00031761252283829533f,-0.7657255379482154f,-0.39981071705715143f,0f,0f,0f,1f], start_interpolation: 0, interpolation_duration: 1 }
$data merge entity $(bone_arm_left_2) { transformation: [0.6563335065002108f,0.13824340612507668f,-0.7416974375768564f,-0.4878612098507264f,-0.24787926619949952f,0.9680086284815604f,-0.03892511494711794f,1.7374280995342248f,0.7125883788229606f,0.20939927375276596f,0.6696041715209657f,-0.19675567571180097f,0f,0f,0f,1f], start_interpolation: 0, interpolation_duration: 1 }
$data merge entity $(bone_arm_left_1) { transformation: [0.6533631912772961f,0.13824340612507668f,-0.7443153236007467f,-0.2734764127128636f,-0.24803289569271758f,0.9680086284815604f,-0.037933861384443504f,1.656042305635052f,0.7152595493513054f,0.20939927375276596f,0.6667501190202979f,0.03793886391909612f,0f,0f,0f,1f], start_interpolation: 0, interpolation_duration: 1 }
$data merge entity $(bone_ear_edge_a1) { transformation: [0.5073706922763965f,-0.12325504107890622f,0.8528676189583042f,-0.12338378886552155f,0.165841260637103f,0.9851829284148468f,0.04371811787169604f,2.27310123643404f,-0.8456190968097083f,0.1192593493550261f,0.5202937158011322f,0.03924331917646107f,0f,0f,0f,1f], start_interpolation: 0, interpolation_duration: 1 }
$data merge entity $(bone_ear_edge_a2) { transformation: [0.5204054535357707f,-0.04236730416986074f,0.8528676189583042f,-0.06386783201281118f,0.009682915147521384f,0.9989969806380811f,0.04371811787169604f,2.2842838380763584f,-0.8538643950209394f,-0.014492902172308364f,0.5202937158011322f,-0.05925511190452386f,0f,0f,0f,1f], start_interpolation: 0, interpolation_duration: 1 }
$data merge entity $(bone_ear_edge_b1) { transformation: [0.45019188361287277f,-0.44800437879340477f,0.7724113829501925f,-0.014873002945681585f,0.23950217952503422f,0.8939150183166091f,0.37888605943050335f,2.2787265629061477f,-0.8602127492265225f,0.014422780936839893f,0.5097313110435693f,-0.05596031360410053f,0f,0f,0f,1f], start_interpolation: 0, interpolation_duration: 1 }
$data merge entity $(bone_ear_edge_b2) { transformation: [0.5665988910947654f,-0.28696054101418383f,0.7724113829501925f,-0.03400064700265193f,-0.048454823682649126f,0.9241739468471879f,0.37888605943050335f,2.287511168569825f,-0.8225678249676837f,-0.25210347849591125f,0.5097313110435693f,-0.03350525713203768f,0f,0f,0f,1f], start_interpolation: 0, interpolation_duration: 1 }
$data merge entity $(bone_ear_right_2) { transformation: [0.5147325998072249f,-0.3720631749913798f,0.7724113829501925f,-0.07548956135330304f,0.0967143925822129f,0.9203758364041719f,0.37888605943050335f,2.3953328616430336f,-0.8518783228625724f,-0.12032170867576274f,0.5097313110435693f,0.010526515715318152f,0f,0f,0f,1f], start_interpolation: 0, interpolation_duration: 1 }
$data merge entity $(bone_ear_right_1) { transformation: [0.5147325998072249f,-0.08756240761929758f,0.8528676189583042f,-0.055788019638961114f,0.0967143925822129f,0.9943515738596738f,0.04371811787169604f,2.171603757524607f,-0.8518783228625724f,0.05998143324981384f,0.5202937158011322f,-0.0029693067658899397f,0f,0f,0f,1f], start_interpolation: 0, interpolation_duration: 1 }
$data merge entity $(bone_ear_edge_a3) { transformation: [0.4952993765844115f,0.17961679274407033f,0.849950784057187f,0.09327670533031221f,-0.22620072723131326f,0.971307782430443f,-0.07344673437315305f,2.2743846697615955f,-0.8387560781032342f,-0.155881363717377f,0.5217175882510503f,-0.29570443889499226f,0f,0f,0f,1f], start_interpolation: 0, interpolation_duration: 1 }
$data merge entity $(bone_ear_edge_a4) { transformation: [0.5172996762416243f,0.09992351895766932f,0.849950784057187f,0.03469850347875162f,-0.07146980758658986f,0.9947349615920091f,-0.07344673437315305f,2.292641245351666f,-0.8528148166887386f,-0.022751847082401647f,0.5217175882510503f,-0.19770223310062313f,0f,0f,0f,1f], start_interpolation: 0, interpolation_duration: 1 }
$data merge entity $(bone_ear_edge_b3) { transformation: [0.5079271061056567f,0.03163373051909036f,0.8608190065144813f,0.04587519162327036f,-0.30868723035796125f,0.9396399346611276f,0.14761093118046315f,2.284051505968588f,-0.8041904306176892f,-0.3406994280645009f,0.4870335214535628f,-0.16361293512586594f,0f,0f,0f,1f], start_interpolation: 0, interpolation_duration: 1 }
$data merge entity $(bone_ear_edge_b4) { transformation: [0.4928427443906011f,-0.1268726421454293f,0.8608190065144813f,0.05952128044600337f,-0.0032142935253886007f,0.9890402829577619f,0.14761093118046315f,2.291815226431146f,-0.8701124626269146f,-0.0755159013842025f,0.4870335214535628f,-0.19008508142006236f,0f,0f,0f,1f], start_interpolation: 0, interpolation_duration: 1 }
$data merge entity $(bone_ear_left_2) { transformation: [0.5066222862837673f,-0.048213038319836865f,0.8608190065144813f,0.10568809032521873f,-0.1578947078060128f,0.9763607295681709f,0.14761093118046315f,2.3955694979177005f,-0.8475866447080574f,-0.21070175294258825f,0.4870335214535628f,-0.23896576620578064f,0f,0f,0f,1f], start_interpolation: 0, interpolation_duration: 1 }
$data merge entity $(bone_ear_left_1) { transformation: [0.5066222862837673f,0.14462891730626207f,0.849950784057187f,0.07314658393130982f,-0.1578947078060128f,0.9847206905802142f,-0.07344673437315305f,2.1740073425371524f,-0.8475866447080574f,-0.09699297820999764f,0.5217175882510503f,-0.2171423461085312f,0f,0f,0f,1f], start_interpolation: 0, interpolation_duration: 1 }
$data merge entity $(bone_head) { transformation: [0.5157384142810837f,0.010977198610251954f,0.8566757783114358f,-0.02371765021381215f,0.009614340050180688f,0.9997807975873523f,-0.01859895806214719f,1.6609991087068037f,-0.856692157370565f,0.01782856938369154f,0.5155198246561408f,-0.13530296276685688f,0f,0f,0f,1f], start_interpolation: 0, interpolation_duration: 1 }
$data merge entity $(bone_body_1) { transformation: [0.3702386832281482f,0.10416675363290079f,0.9230777891808846f,-0.06278018282614994f,-0.007083533931975368f,0.9939806212622002f,-0.10932679498752973f,1.2882563757334786f,-0.9289096516822944f,0.03393835577622112f,0.368747945104356f,-0.1480298461829398f,0f,0f,0f,1f], start_interpolation: 0, interpolation_duration: 1 }
$data merge entity $(bone_leg_left_2) { transformation: [0.3075089540041519f,0.41612520964125443f,0.8557324658491664f,-0.5001909240183291f,-0.018285539643210086f,0.9017264437634792f,-0.43192020056675484f,1.0859016112029916f,-0.9513694772522551f,0.11717179916127941f,0.28489802953702553f,-0.18025440387271302f,0f,0f,0f,1f], start_interpolation: 0, interpolation_duration: 1 }
$data merge entity $(bone_leg_left_1) { transformation: [0.3075089540041519f,0.9512678448385186f,0.022972387415175544f,-0.2013921001741287f,-0.018285539643210086f,0.03004531371524749f,-0.9993812676670046f,1.0331403277762679f,-0.9513694772522551f,0.3068986257708446f,0.026633648881408123f,-0.08266026769557742f,0f,0f,0f,1f], start_interpolation: 0, interpolation_duration: 1 }
$data merge entity $(bone_leg_right_2) { transformation: [0.39832504903558685f,-0.34182463594067225f,0.8511715887967739f,-0.24101483852760558f,0.011907919452713384f,0.9298149518180101f,0.367834686822735f,0.7173946503580632f,-0.9171670277354638f,-0.13638208694582557f,0.37443900650866524f,-0.3816531275011712f,0f,0f,0f,1f], start_interpolation: 0, interpolation_duration: 1 }
$data merge entity $(bone_leg_right_1) { transformation: [0.39832504903558685f,0.41291201155122176f,0.8190487323886908f,-0.0614888721492602f,0.011907919452713384f,0.8905418632007178f,-0.45474541376610034f,1.0101120267785944f,-0.9171670277354638f,0.1908896555702217f,0.349808208353059f,-0.2998846578181643f,0f,0f,0f,1f], start_interpolation: 0, interpolation_duration: 1 }
$data merge entity $(bone_coat_downer) { transformation: [0.341369090425283f,0.17328692326351505f,0.9238175070478367f,-0.11749166464052385f,0.06421768910799883f,0.9762620033955771f,-0.20685402856043816f,1.0913584076325857f,-0.9377330283763303f,0.12993899704060674f,0.3221375863512947f,-0.1897620237858246f,0f,0f,0f,1f], start_interpolation: 0, interpolation_duration: 1 }
$data merge entity $(bone_body_2) { transformation: [0.341369090425283f,0.4398707050493826f,0.8306508935416697f,-0.02187499999999997f,0.06421768910799883f,0.8707578617297336f,-0.4875005996319293f,1.2854166666666669f,-0.9377330283763303f,0.21976011711687213f,0.269002339054766f,-0.13333333333333341f,0f,0f,0f,1f], start_interpolation: 0, interpolation_duration: 1 }