# This file was generated by Animated Java via MC-Build. It is not recommended to edit this file directly.
$data merge entity $(bone_wing_right_1) { transformation: [-0.6623599527565026f,-0.11928833602696245f,-0.4625948879060016f,-0.07461454175109797f,-0.17472927631287666f,0.7964971704446684f,0.04479265472440091f,1.371756796417124f,0.44462727922162637f,0.13530334366156468f,-0.6715236646689517f,-0.3671132450415096f,0f,0f,0f,1f], start_interpolation: 0, interpolation_duration: 1 }
$data merge entity $(bone_wing_right_2) { transformation: [-0.6441702596363694f,0.1403423295275733f,-0.45315417590792f,-0.07461454175109797f,0.1404513981442009f,0.7863511177185922f,0.04387851891369885f,1.371756796417124f,0.4531203828557608f,-0.0442261258250672f,-0.6578191000838711f,-0.3671132450415096f,0f,0f,0f,1f], start_interpolation: 0, interpolation_duration: 1 }
$data merge entity $(bone_wing_left_1) { transformation: [-0.8009339760625687f,0.13872986433073184f,0.07876061944795486f,-0.13472464014220223f,0.14439604455380797f,0.8018457376158752f,0.05601463941606716f,1.3705107490512134f,-0.06781587388114627f,0.06886132626136429f,-0.8109275981490004f,-0.3516343517010677f,0f,0f,0f,1f], start_interpolation: 0, interpolation_duration: 1 }
$data merge entity $(bone_wing_left_2) { transformation: [-0.7768713090913175f,-0.17469500165310534f,0.07715325986738436f,-0.13472464014220223f,-0.16990876306218053f,0.7798205771407508f,0.05487148350961681f,1.3705107490512134f,-0.0871893419256186f,0.0368988328445205f,-0.7943780553296331f,-0.3516343517010677f,0f,0f,0f,1f], start_interpolation: 0, interpolation_duration: 1 }
$data merge entity $(bone_blade) { transformation: [-1.8490480748732048f,1.5894037029327783f,-0.5521024233883278f,-0.23720985413455722f,-0.7785485765719994f,-0.08098420343113422f,2.3743006702421527f,1.4183242592263965f,1.4916042808752605f,1.9280138557329394f,0.5548686703864232f,0.7916568250147641f,0f,0f,0f,1f], start_interpolation: 0, interpolation_duration: 1 }
$data merge entity $(bone_arm_right_2) { transformation: [0.13036893881514286f,-0.1699526087285813f,-0.9767906892362165f,-0.3175965676586662f,-0.1967788053370777f,0.9611643699948408f,-0.19349717213058495f,1.4728612101394494f,0.9717417566217507f,0.21743772588667878f,0.09186290763362259f,0.4555404041605412f,0f,0f,0f,1f], start_interpolation: 0, interpolation_duration: 1 }
$data merge entity $(bone_arm_right_1) { transformation: [-0.1584070769087422f,-0.1699526087285813f,-0.9726372955894593f,-0.25148119089175763f,-0.24442413627714205f,0.9611643699948408f,-0.12814013991561674f,1.557719933307796f,0.9566420645102329f,0.21743772588667878f,-0.19379575787624614f,0.13210664791019613f,0f,0f,0f,1f], start_interpolation: 0, interpolation_duration: 1 }
$data merge entity $(bone_arm_left_2) { transformation: [0.22744641583342967f,0.17427830475972939f,0.9580684737609314f,0.29459943491341517f,0.15883652556461145f,0.9640389736848527f,-0.21307232425450853f,1.4974344398421295f,-0.9607492316265929f,0.20063880409016288f,0.1915854488790319f,0.3632975461393387f,0f,0f,0f,1f], start_interpolation: 0, interpolation_duration: 1 }
$data merge entity $(bone_arm_left_1) { transformation: [-0.05588748798124768f,0.17427830475972939f,0.9831091807003024f,0.27626135291956827f,0.21311241535436898f,0.9640389736848527f,-0.15878273092021947f,1.5673619511302819f,-0.9754279507523723f,0.20063880409016288f,-0.09101858702647733f,0.04323524979871653f,0f,0f,0f,1f], start_interpolation: 0, interpolation_duration: 1 }
$data merge entity $(bone_ear_edge_a1) { transformation: [-0.8378659404906644f,0.19858528174975754f,-0.5084727639097922f,0.1566637705624364f,0.11862601932378056f,0.9754586435103305f,0.18549475016932315f,2.213909798939194f,0.5328306797708704f,0.09510163338952174f,-0.8408609552247964f,-0.05051885338425478f,0f,0f,0f,1f], start_interpolation: 0, interpolation_duration: 1 }
$data merge entity $(bone_ear_edge_a2) { transformation: [-0.8586160027197958f,0.0650692572219489f,-0.5084727639097922f,0.05841980382484292f,-0.035429814889096266f,0.9820063268006701f,0.18549475016932315f,2.219724868910406f,0.5113934767773283f,0.17728385681736258f,-0.8408609552247964f,0.010172567639581215f,0f,0f,0f,1f], start_interpolation: 0, interpolation_duration: 1 }
$data merge entity $(bone_ear_edge_b1) { transformation: [-0.7837751109823926f,0.4829626986455424f,-0.39044027343699184f,0.009098821541022886f,0.173497523365415f,0.7739278161669478f,0.6090437954278215f,2.2245895648130047f,0.5963180231978614f,0.409612947891145f,-0.6903781921014893f,-0.028456954877259567f,0f,0f,0f,1f], start_interpolation: 0, interpolation_duration: 1 }
$data merge entity $(bone_ear_edge_b2) { transformation: [-0.8946581081404207f,0.21712499261266585f,-0.39044027343699184f,0.03742609246680871f,-0.07415089745732845f,0.7896627759095312f,0.6090437954278215f,2.233069344242818f,0.44055477973218704f,0.573837466470954f,-0.6903781921014893f,-0.03699655016736757f,0f,0f,0f,1f], start_interpolation: 0, interpolation_duration: 1 }
$data merge entity $(bone_ear_right_2) { transformation: [-0.8496775501629709f,0.35440718619618716f,-0.39044027343699184f,0.10514437624812957f,0.05029249704832226f,0.7915404727438251f,0.6090437954278215f,2.3362406592305156f,0.5248987764223654f,0.4978546237416931f,-0.6903781921014893f,-0.02954280368174975f,0f,0f,0f,1f], start_interpolation: 0, interpolation_duration: 1 }
$data merge entity $(bone_ear_right_1) { transformation: [-0.8496775501629709f,0.1396549645053426f,-0.5084727639097922f,0.07372200923442754f,0.05029249704832226f,0.9813574080834487f,0.18549475016932315f,2.11543524241174f,0.5248987764223654f,0.1320383599138774f,-0.8408609552247964f,-0.05925143466237212f,0f,0f,0f,1f], start_interpolation: 0, interpolation_duration: 1 }
$data merge entity $(bone_ear_edge_a3) { transformation: [-0.8351020421243106f,-0.16158845922020323f,-0.5258267291481544f,-0.1858727096365311f,-0.25241886046216866f,0.9618717151812101f,0.10529730489113695f,2.1985771523298423f,0.4887630285964621f,0.2206625781169012f,-0.8440490083496434f,0.14816790929338416f,0f,0f,0f,1f], start_interpolation: 0, interpolation_duration: 1 }
$data merge entity $(bone_ear_edge_a4) { transformation: [-0.8500985543881588f,-0.02896029593280673f,-0.5258267291481544f,-0.08824594146314096f,-0.09884127822309303f,0.9895164876351924f,0.10529730489113695f,2.2199339225332677f,0.5172647770208092f,0.14148647270179648f,-0.8440490083496434f,0.09001257310230697f,0f,0f,0f,1f], start_interpolation: 0, interpolation_duration: 1 }
$data merge entity $(bone_ear_edge_b3) { transformation: [-0.8381342221774496f,-0.10563028762257892f,-0.5351385502388822f,-0.08465179014849192f,-0.3268190885019584f,0.8827223681331766f,0.337624797946042f,2.2172073340838026f,0.4367153638306655f,0.45786839062565554f,-0.7743618197329474f,0.051552772725082414f,0f,0f,0f,1f], start_interpolation: 0, interpolation_duration: 1 }
$data merge entity $(bone_ear_edge_b4) { transformation: [-0.829754567527924f,0.15853734485847487f,-0.5351385502388822f,-0.10806405092659724f,-0.038047210701379924f,0.9405115127257822f,0.337624797946042f,2.2235496985376004f,0.5568301064277976f,0.30050624738179066f,-0.7743618197329474f,0.0704975895200051f,0f,0f,0f,1f], start_interpolation: 0, interpolation_duration: 1 }
$data merge entity $(bone_ear_left_2) { transformation: [-0.8443396166347255f,0.02678327517970723f,-0.5351385502388822f,-0.16275541007952635f,-0.1847072017593555f,0.9229803602624072f,0.337624797946042f,2.3261046952918965f,0.5029650697606677f,0.3839139366323201f,-0.7743618197329474f,0.11265174003904285f,0f,0f,0f,1f], start_interpolation: 0, interpolation_duration: 1 }
$data merge entity $(bone_ear_left_1) { transformation: [-0.8443396166347255f,-0.10294106417984049f,-0.5258267291481544f,-0.13959367063906228f,-0.1847072017593555f,0.9771364936388833f,0.10529730489113695f,2.106248984223148f,0.5029650697606677f,0.18603066979568256f,-0.8440490083496434f,0.07079483933501435f,0f,0f,0f,1f], start_interpolation: 0, interpolation_duration: 1 }
$data merge entity $(bone_head) { transformation: [-0.8532627194939593f,0.003880949959142822f,-0.521466844343135f,-0.018628978670655102f,-0.03674503275436877f,0.9970393357902609f,0.06754528447490164f,1.5977486635850946f,0.5201850959895459f,0.07679518939575351f,-0.8505938894654823f,-0.007004773183206255f,0f,0f,0f,1f], start_interpolation: 0, interpolation_duration: 1 }
$data merge entity $(bone_body_1) { transformation: [-0.9682122774829788f,-0.0030103829480294386f,-0.2501118216432985f,-0.017500085065144062f,-0.0200704771792286f,0.9976383785179449f,0.06568745431118295f,1.2236342716408652f,0.24932340780003184f,0.06861926334923668f,-0.9659861463915448f,-0.03273699693917001f,0f,0f,0f,1f], start_interpolation: 0, interpolation_duration: 1 }
$data merge entity $(bone_leg_left_2) { transformation: [-0.9497858166810019f,0.14722040526353347f,-0.2761033406274593f,0.20038865556428798f,-0.006347182178744913f,0.873152568962294f,0.4874056878955516f,0.8562214079593161f,0.3128364040676719f,0.46468348753596467f,-0.8283734910663311f,0.2868553895784888f,0f,0f,0f,1f], start_interpolation: 0, interpolation_duration: 1 }
$data merge entity $(bone_leg_left_1) { transformation: [-0.9497858166810019f,-0.309314908026272f,-0.04723547506166065f,0.11235096485458107f,-0.006347182178744913f,0.16997442893449471f,-0.985428032271653f,0.9608511221738394f,0.3128364040676719f,-0.9356457562459689f,-0.16340257987228046f,0.02169172884911058f,0f,0f,0f,1f], start_interpolation: 0, interpolation_duration: 1 }
$data merge entity $(bone_leg_right_2) { transformation: [-0.9751711850042708f,0.10029398655966373f,-0.19743929750010702f,-0.09263110453365014f,0.025698646806961573f,0.9367932451598895f,0.3489383833502619f,0.7020031458775703f,0.21995622175709603f,0.33520073401287964f,-0.9161111987240249f,0.3006045522632984f,0f,0f,0f,1f], start_interpolation: 0, interpolation_duration: 1 }
$data merge entity $(bone_leg_right_1) { transformation: [-0.9751711850042708f,-0.10937353056416978f,-0.19255801917680393f,-0.14219756215566132f,0.025698646806961573f,0.8077576125953633f,-0.5889543436010385f,0.9484910626116791f,0.21995622175709603f,-0.57927978568751f,-0.7848911965388422f,0.0520542421455511f,0f,0f,0f,1f], start_interpolation: 0, interpolation_duration: 1 }
$data merge entity $(bone_coat_downer) { transformation: [-0.9577311489276974f,-0.025544206715694705f,-0.28652842769417886f,-0.022878030787590174f,0.0606685246284754f,0.9557100784088939f,-0.2879888472616082f,1.0209428605327953f,0.28119455274424593f,-0.29319914653854584f,-0.9137635821020837f,0.020460558223880224f,0f,0f,0f,1f], start_interpolation: 0, interpolation_duration: 1 }
$data merge entity $(bone_body_2) { transformation: [-0.9577311489276974f,-0.0709560562278376f,-0.27877640584924757f,-0.031249999999999997f,0.0606685246284754f,0.8974819012738f,-0.4368587494893163f,1.2209999999999999f,0.28119455274424593f,-0.43530618531162296f,-0.8552415732039728f,-0.07899999999999993f,0f,0f,0f,1f], start_interpolation: 0, interpolation_duration: 1 }