# This file was generated by Animated Java via MC-Build. It is not recommended to edit this file directly.
$data merge entity $(bone_wing_right_1) { transformation: [0.7245964528937172f,0.1783677402153217f,0.33179718827736826f,0.14586149941050847f,-0.3386396658971717f,0.6235123836507246f,0.40435124404370015f,1.0660548867160053f,-0.16500788338543018f,-0.49634836670338256f,0.6271803103860879f,0.2920997564827178f,0f,0f,0f,1f], start_interpolation: 0, interpolation_duration: 1 }
$data merge entity $(bone_wing_right_2) { transformation: [0.7226431456727394f,-0.11020481948836972f,0.32502581708803424f,0.14586149941050847f,-0.07273900126164184f,0.6912412596271607f,0.3960991778387267f,1.0660548867160053f,-0.33540411701061046f,-0.3873505114887448f,0.6143807122149433f,0.2920997564827178f,0f,0f,0f,1f], start_interpolation: 0, interpolation_duration: 1 }
$data merge entity $(bone_wing_left_1) { transformation: [0.7903963323064663f,-0.08876636339413467f,-0.18530681328734605f,0.2059008116566201f,0.1805999755598551f,0.6513790450800044f,0.4582940463314854f,1.0597917583314125f,0.09798842354436871f,-0.48453102770089596f,0.6500556872229084f,0.28944376873461003f,0f,0f,0f,1f], start_interpolation: 0, interpolation_duration: 1 }
$data merge entity $(bone_wing_left_2) { transformation: [0.748604483864981f,0.21596292740622022f,-0.1815250415876043f,0.2059008116566201f,-0.08073732024501731f,0.6572163783070624f,0.44894110661043474f,1.0597917583314125f,0.27031983252602704f,-0.4017793499809116f,0.6367892446265225f,0.28944376873461003f,0f,0f,0f,1f], start_interpolation: 0, interpolation_duration: 1 }
$data merge entity $(bone_blade) { transformation: [-0.2725243902977139f,-1.950687095166011f,0.24041292799193154f,-0.062376931860482765f,-0.7692807443677486f,0.32921502493596116f,1.7991866679701183f,0.8316198145918772f,-1.8086419367961875f,0.15390057377803665f,-0.8014842608267045f,-0.6773829642977988f,0f,0f,0f,1f], start_interpolation: 0, interpolation_duration: 1 }
$data merge entity $(bone_arm_right_2) { transformation: [-0.8992875267413347f,0.09900087052191911f,0.426005600765244f,0.2655301406119443f,-0.07200573029047916f,0.9272373489975135f,-0.3674861540648819f,0.8365410207277068f,-0.4313897530688334f,-0.3611505589916281f,-0.8267243523008416f,-0.5554678928476935f,0f,0f,0f,1f], start_interpolation: 0, interpolation_duration: 1 }
$data merge entity $(bone_arm_right_1) { transformation: [-0.4307836583326516f,0.09900087052191911f,0.8970085101878579f,0.40105321785415554f,-0.28722549267851805f,0.9272373489975135f,-0.2402757061786437f,0.93738065049856f,-0.855527297091753f,-0.3611505589916281f,-0.37100312353255793f,-0.2594163682316581f,0f,0f,0f,1f], start_interpolation: 0, interpolation_duration: 1 }
$data merge entity $(bone_arm_left_2) { transformation: [0.06387609076391512f,0.01085952411467717f,-0.9978987502571207f,-0.20168424182221328f,0.29194495274067245f,0.955992602017588f,0.0290910545853607f,0.9836346143259272f,0.954299737817195f,-0.2931897263269036f,0.05789468696166121f,-0.4160977654897788f,0f,0f,0f,1f], start_interpolation: 0, interpolation_duration: 1 }
$data merge entity $(bone_arm_left_1) { transformation: [0.06387609076391512f,0.01085952411467717f,-0.9978987502571207f,-0.18072489954030363f,0.29194495274067245f,0.955992602017588f,0.0290910545853607f,1.0794290519439604f,0.954299737817195f,-0.2931897263269036f,0.05789468696166121f,-0.10296816401851165f,0f,0f,0f,1f], start_interpolation: 0, interpolation_duration: 1 }
$data merge entity $(bone_ear_edge_a1) { transformation: [0.9733531653182906f,-0.16887207219394967f,0.15513168212130699f,-0.015475179453461621f,-0.053618259995011484f,0.49015178734029585f,0.8699863835498926f,1.5142770276096205f,-0.22295447463545587f,-0.855121891077544f,0.46803616702130324f,-0.5582693357763697f,0f,0f,0f,1f], start_interpolation: 0, interpolation_duration: 1 }
$data merge entity $(bone_ear_edge_a2) { transformation: [0.987786984940143f,-0.014526995046322225f,0.15513168212130699f,0.09815668213821077f,-0.12963476288116377f,0.47572946165917f,0.8699863835498926f,1.5041391537688966f,-0.08643899950604797f,-0.8794716855728787f,0.46803616702130324f,-0.5770885857667541f,0f,0f,0f,1f], start_interpolation: 0, interpolation_duration: 1 }
$data merge entity $(bone_ear_edge_b1) { transformation: [0.9419014532211535f,-0.33532868123790593f,0.019399174186722226f,0.1346758955583168f,-0.1446573203308762f,-0.352847051738884f,0.9244312942311439f,1.6018548072609071f,-0.3031433853716261f,-0.8735294119939092f,-0.3808548992556161f,-0.5436217705245878f,0f,0f,0f,1f], start_interpolation: 0, interpolation_duration: 1 }
$data merge entity $(bone_ear_edge_b2) { transformation: [0.9994237759977053f,-0.02785297132017492f,0.019399174186722226f,0.10473753327435917f,-0.02854155172806372f,-0.38027905815478014f,0.9244312942311439f,1.599681622704316f,-0.018371058636984988f,-0.9244522972644675f,-0.3808548992556161f,-0.5504215762304512f,0f,0f,0f,1f], start_interpolation: 0, interpolation_duration: 1 }
$data merge entity $(bone_ear_right_2) { transformation: [0.9827620461982477f,-0.18385437877055605f,0.019399174186722226f,0.03763214817693706f,-0.0876789088927474f,-0.3711323095359789f,0.9244312942311439f,1.592224451443034f,-0.16276108099791914f,-0.9101968887144054f,-0.3808548992556161f,-0.6539923366744905f,0f,0f,0f,1f], start_interpolation: 0, interpolation_duration: 1 }
$data merge entity $(bone_ear_right_1) { transformation: [0.9827620461982477f,-0.10056302379327926f,0.15513168212130699f,0.06025882853042486f,-0.0876789088927474f,0.4852175814757299f,0.8699863835498926f,1.483050495610995f,-0.16276108099791914f,-0.8685913750851985f,0.46803616702130324f,-0.45855927728032114f,0f,0f,0f,1f], start_interpolation: 0, interpolation_duration: 1 }
$data merge entity $(bone_ear_edge_a3) { transformation: [0.9706237399720689f,0.11764894645246479f,0.20987682292539842f,0.3644314514824137f,-0.239805517154502f,0.4021003104368311f,0.8836337783770298f,1.450528937720598f,0.019567047424069763f,-0.908005542794332f,0.4185009736068427f,-0.5992081168986148f,0f,0f,0f,1f], start_interpolation: 0, interpolation_duration: 1 }
$data merge entity $(bone_ear_edge_a4) { transformation: [0.9770781010760973f,-0.035638512823477596f,0.20987682292539842f,0.25152755578286023f,-0.1739507663481925f,0.4346636361579039f,0.8836337783770298f,1.4749457306553881f,-0.12271721673996996f,-0.8998874484099223f,0.4185009736068427f,-0.5941414430741071f,0f,0f,0f,1f], start_interpolation: 0, interpolation_duration: 1 }
$data merge entity $(bone_ear_edge_b3) { transformation: [0.9670012073908848f,0.13660868838729018f,0.21505053164704296f,0.2377391571482778f,-0.22892969890046178f,0.09549641887607296f,0.9687474526124904f,1.5093591061965677f,0.11180276323023265f,-0.9860114097914641f,0.12361893825435771f,-0.5680358176672949f,0f,0f,0f,1f], start_interpolation: 0, interpolation_duration: 1 }
$data merge entity $(bone_ear_edge_b4) { transformation: [0.9618872058453264f,-0.16889722339161f,0.21505053164704296f,0.26499794806519245f,-0.18821506557811657f,0.1615656589323231f,0.9687474526124904f,1.5050465512244082f,-0.1983635357632459f,-0.9723015302797633f,0.12361893825435771f,-0.5816602740733329f,0f,0f,0f,1f], start_interpolation: 0, interpolation_duration: 1 }
$data merge entity $(bone_ear_left_2) { transformation: [0.9764661249691109f,-0.016345507827329506f,0.21505053164704296f,0.3172280651887397f,-0.21117226321980534f,0.13013319447180155f,0.9687474526124904f,1.5393245707641925f,-0.04381988172547197f,-0.9913617786007445f,0.12361893825435771f,-0.6883499023084182f,0f,0f,0f,1f], start_interpolation: 0, interpolation_duration: 1 }
$data merge entity $(bone_ear_left_1) { transformation: [0.9764661249691109f,0.049655070099135626f,0.20987682292539842f,0.3060556744164342f,-0.21117226321980534f,0.4178488015511823f,0.8836337783770298f,1.4453085904151766f,-0.04381988172547197f,-0.9071586151581712f,0.4185009736068427f,-0.48423921389783003f,0f,0f,0f,1f], start_interpolation: 0, interpolation_duration: 1 }
$data merge entity $(bone_head) { transformation: [0.9831873835440373f,0.03804668948302025f,0.17859176425359924f,0.15807733048045666f,-0.15096762078327317f,0.7195651432476563f,0.6778161860696583f,1.074220651283985f,-0.10271974647003547f,-0.6933818962464786f,0.7132111886690853f,-0.13832887340866407f,0f,0f,0f,1f], start_interpolation: 0, interpolation_duration: 1 }
$data merge entity $(bone_body_1) { transformation: [0.9936416526940813f,0.06102009779069448f,0.09461930932420329f,0.13519479380894622f,-0.10365383956418135f,0.8238906004740465f,0.5571895189198358f,0.7652616761062174f,-0.043956200643119f,-0.5634543691516902f,0.8249769853207379f,0.07296651502321976f,0f,0f,0f,1f], start_interpolation: 0, interpolation_duration: 1 }
$data merge entity $(bone_leg_left_2) { transformation: [0.9556940606809983f,-0.007897134618459131f,0.294255837060002f,-0.07629105637856907f,-0.10920613828342764f,0.9187894304477389f,0.3793415372177698f,0.40150316484169957f,-0.27335486412406385f,-0.3946689977213029f,0.8772191861201951f,-0.16714816051994497f,0f,0f,0f,1f], start_interpolation: 0, interpolation_duration: 1 }
$data merge entity $(bone_leg_left_1) { transformation: [0.9556940606809983f,0.28468318450764357f,0.07486218563234384f,0.012896693711121565f,-0.10920613828342764f,0.5790688806643898f,-0.8079314641770747f,0.49280385630414125f,-0.27335486412406385f,0.7639598915549678f,0.5845018411904594f,0.10819212782714215f,0f,0f,0f,1f], start_interpolation: 0, interpolation_duration: 1 }
$data merge entity $(bone_leg_right_2) { transformation: [0.9987137323740622f,0.0371794942537951f,0.034475585194486486f,0.2610396326589277f,-0.03708359853734437f,0.9993063246663214f,-0.003417045713814626f,0.5632603093489905f,-0.03457871436290459f,0.002134171717844191f,0.9993996987312377f,-0.1728057547236961f,0f,0f,0f,1f], start_interpolation: 0, interpolation_duration: 1 }
$data merge entity $(bone_leg_right_1) { transformation: [0.9987137323740622f,0.013795409832160724f,-0.04879105896609543f,0.2689623571418831f,-0.03708359853734437f,-0.4575111765888396f,-0.8884302617627435f,0.478576666343861f,-0.03457871436290459f,0.8890968507220455f,-0.45641111133401474f,0.146839095076825f,0f,0f,0f,1f], start_interpolation: 0, interpolation_duration: 1 }
$data merge entity $(bone_coat_downer) { transformation: [0.9934496678884227f,0.04996440066118738f,0.10276826377316747f,0.14717966289989265f,-0.0019147615173241356f,0.9064940960586304f,-0.42221414886189956f,0.5548556727652947f,-0.1142545012711305f,0.41925172924797216f,0.9006519285838847f,0.11232375247356029f,0f,0f,0f,1f], start_interpolation: 0, interpolation_duration: 1 }
$data merge entity $(bone_body_2) { transformation: [0.9934496678884227f,0.014415050427437267f,0.11335768034658009f,0.14263920019939486f,-0.0019147615173241356f,0.9939720465551921f,-0.10961708058151706f,0.7769612609918245f,-0.1142545012711305f,0.10868199937458584f,0.9874888009244602f,0.1375f,0f,0f,0f,1f], start_interpolation: 0, interpolation_duration: 1 }