# This file was generated by Animated Java via MC-Build. It is not recommended to edit this file directly.
$data merge entity $(bone_wing_right_1) { transformation: [0.7164007519465205f,0.20237542005090212f,0.3357954681262469f,0.1251995052621399f,-0.3590234925567209f,0.6196722835935455f,0.3924956524380607f,1.0731466732344486f,-0.1575326596210404f,-0.49192976607400535f,0.6325606776013982f,0.2877820447562488f,0f,0f,0f,1f], start_interpolation: 0, interpolation_duration: 1 }
$data merge entity $(bone_wing_right_2) { transformation: [0.7242256772282368f,-0.08540492104694494f,0.3289424993889766f,0.1251995052621399f,-0.09262642289317366f,0.695407231452651f,0.38448553708218197f,1.0731466732344486f,-0.3269824371817494f,-0.38615383191718294f,0.6196512760176963f,0.2877820447562488f,0f,0f,0f,1f], start_interpolation: 0, interpolation_duration: 1 }
$data merge entity $(bone_wing_left_1) { transformation: [0.7728455301726911f,-0.06021888040648528f,-0.25695897995424455f,0.18863842468712744f,0.20175550328455524f,0.6474028733039978f,0.4550919478265551f,1.0664473707622146f,0.17014390330227008f,-0.49415346859529524f,0.6275411110746056f,0.2883192585679254f,0f,0f,0f,1f], start_interpolation: 0, interpolation_duration: 1 }
$data merge entity $(bone_wing_left_2) { transformation: [0.7220188750692442f,0.23521977707383476f,-0.2517149191388518f,0.18863842468712744f,-0.06010048028363846f,0.6615484921763667f,0.4458043570545846f,1.0664473707622146f,0.33922953337440886f,-0.38343871605839563f,0.6147341496241036f,0.2883192585679254f,0f,0f,0f,1f], start_interpolation: 0, interpolation_duration: 1 }
$data merge entity $(bone_blade) { transformation: [-0.24314930628695383f,-1.9421788655038856f,0.2709163510056416f,-0.045428575765275106f,-0.7956894524315122f,0.3472224732315235f,1.7750748855674297f,0.8362029458161888f,-1.7922981644083145f,0.10933347370784074f,-0.8247966303189913f,-0.6720587449303611f,0f,0f,0f,1f], start_interpolation: 0, interpolation_duration: 1 }
$data merge entity $(bone_arm_right_2) { transformation: [-0.8913344411560947f,0.11430023643987192f,0.43870077496938814f,0.2800759105388124f,-0.07194244266975602f,0.9197694368663414f,-0.3858088489774207f,0.840474821664623f,-0.44760160740513566f,-0.37544592014877787f,-0.8115991387945014f,-0.5438435681118555f,0f,0f,0f,1f], start_interpolation: 0, interpolation_duration: 1 }
$data merge entity $(bone_arm_right_1) { transformation: [-0.4166136179943629f,0.11430023643987192f,0.9018694746200452f,0.41071155573539175f,-0.2987071544871086f,0.9197694368663414f,-0.2545549427231535f,0.9454038829458338f,-0.8586076689384167f,-0.37544592014877787f,-0.3490461744293665f,-0.24701725369934022f,0f,0f,0f,1f], start_interpolation: 0, interpolation_duration: 1 }
$data merge entity $(bone_arm_left_2) { transformation: [0.02275847904668391f,0.030111101445266564f,-0.9992874327245562f,-0.18684051566647816f,0.2901731803629384f,0.9563182520004871f,0.035424938797267755f,0.9974154682012537f,0.9567034948350188f,-0.29077263017774785f,0.013026914829510353f,-0.428819508309113f,0f,0f,0f,1f], start_interpolation: 0, interpolation_duration: 1 }
$data merge entity $(bone_arm_left_1) { transformation: [0.02275847904668391f,0.030111101445266564f,-0.9992874327245562f,-0.179372889729285f,0.2901731803629384f,0.9563182520004871f,0.035424938797267755f,1.0926285430078428f,0.9567034948350188f,-0.29077263017774785f,0.013026914829510353f,-0.11490117406637243f,0f,0f,0f,1f], start_interpolation: 0, interpolation_duration: 1 }
$data merge entity $(bone_ear_edge_a1) { transformation: [0.9889756005425407f,-0.112665151755492f,0.09609279427424573f,0.01165993111750245f,-0.029945812802023374f,0.48335383157847894f,0.874912750960934f,1.5193707588212504f,-0.14501899815936775f,-0.8681449401328759f,0.47465129631608305f,-0.5702965324230711f,0f,0f,0f,1f], start_interpolation: 0, interpolation_duration: 1 }
$data merge entity $(bone_ear_edge_a2) { transformation: [0.9944243825324888f,0.043431812228432176f,0.09609279427424573f,0.1266403945152204f,-0.10519032822232831f,0.4727183866261701f,0.874912750960934f,1.5120181737236154f,-0.0074257843597255735f,-0.8801426047136364f,0.47465129631608305f,-0.5800214053902656f,0f,0f,0f,1f], start_interpolation: 0, interpolation_duration: 1 }
$data merge entity $(bone_ear_edge_b1) { transformation: [0.966187303743744f,-0.25655276563638874f,0.02574436887387877f,0.15803496111946952f,-0.12331837523734102f,-0.3721059564422218f,0.9199618119840853f,1.6118726721407401f,-0.22643911414156453f,-0.89203017640915f,-0.39116172098282287f,-0.5444141285135775f,0f,0f,0f,1f], start_interpolation: 0, interpolation_duration: 1 }
$data merge entity $(bone_ear_edge_b2) { transformation: [0.9981778957226696f,0.05457211707409523f,0.02574436887387877f,0.1287886255257891f,-0.0022956800996136173f,-0.39200126829366067f,0.9199618119840853f,1.6088259393023125f,0.06029608895727266f,-0.9183446464667895f,-0.39116172098282287f,-0.5535045024526991f,0f,0f,0f,1f], start_interpolation: 0, interpolation_duration: 1 }
$data merge entity $(bone_ear_right_2) { transformation: [0.9944256293856689f,-0.10224918137668246f,0.02574436887387877f,0.07024214141665483f,-0.06358992516873546f,-0.3868159587038685f,0.9199618119840853f,1.5983468874439402f,-0.08410700944600671f,-0.9164706863832608f,-0.39116172098282287f,-0.6618933542865405f,0f,0f,0f,1f], start_interpolation: 0, interpolation_duration: 1 }
$data merge entity $(bone_ear_right_1) { transformation: [0.9944256293856689f,-0.04340325459552004f,0.09609279427424573f,0.08000787370064683f,-0.06358992516873546f,0.48008749163356157f,0.874912750960934f,1.490327201826389f,-0.08410700944600671f,-0.8761461966290277f,0.47465129631608305f,-0.4647604600450096f,0f,0f,0f,1f], start_interpolation: 0, interpolation_duration: 1 }
$data merge entity $(bone_ear_edge_a3) { transformation: [0.9719345177992155f,0.17720903365723145f,0.15472637622809016f,0.39483250738279274f,-0.21477725571622566f,0.4000510989446479f,0.8909712950820505f,1.464682831963592f,0.09598970537205169f,-0.8991974625317006f,0.42688394188483725f,-0.5809774859595875f,0f,0f,0f,1f], start_interpolation: 0, interpolation_duration: 1 }
$data merge entity $(bone_ear_edge_a4) { transformation: [0.9876899914327079f,0.02298324004532383f,0.15472637622809016f,0.28129703480696167f,-0.14955121164377402f,0.4287243711706772f,0.8909712950820505f,1.4862293096512067f,-0.045857561203541744f,-0.9031429478445404f,0.42688394188483725f,-0.5847966993916739f,0f,0f,0f,1f], start_interpolation: 0, interpolation_duration: 1 }
$data merge entity $(bone_ear_edge_b3) { transformation: [0.9609769548050219f,0.20956173319399748f,0.1805745616480764f,0.26470581605943705f,-0.2032782944716877f,0.09222830918949519f,0.9747675999851086f,1.5205850424158158f,0.18761990121079622f,-0.9734360887930827f,0.1312286314219439f,-0.5600167238164944f,0f,0f,0f,1f], start_interpolation: 0, interpolation_duration: 1 }
$data merge entity $(bone_ear_edge_b4) { transformation: [0.9787015318044031f,-0.09765315831717983f,0.1805745616480764f,0.2930306996903078f,-0.1648290316766425f,0.15053078202086f,0.9747675999851086f,1.5168801642639775f,-0.12237116474176216f,-0.983770473400614f,0.1312286314219439f,-0.5714727471307887f,0f,0f,0f,1f], start_interpolation: 0, interpolation_duration: 1 }
$data merge entity $(bone_ear_left_2) { transformation: [0.9819284114666472f,0.05665176466970666f,0.1805745616480764f,0.3524320989329751f,-0.18634791513612728f,0.12289255690923678f,0.9747675999851086f,1.5517567980360538f,0.03303103508831441f,-0.9908016940922729f,0.1312286314219439f,-0.674140846928105f,0f,0f,0f,1f], start_interpolation: 0, interpolation_duration: 1 }
$data merge entity $(bone_ear_left_1) { transformation: [0.9819284114666472f,0.10897863668586728f,0.15472637622809016f,0.327911905678655f,-0.18634791513612728f,0.4140586985733209f,0.8909712950820505f,1.4585935908570569f,0.03303103508831441f,-0.9037029660689718f,0.42688394188483725f,-0.47080767956258673f,0f,0f,0f,1f], start_interpolation: 0, interpolation_duration: 1 }
$data merge entity $(bone_head) { transformation: [0.9916161279120329f,0.07553030941971403f,0.10484573059361518f,0.161974177030997f,-0.12693444387732752f,0.721254765840103f,0.6809399457444774f,1.083537955544155f,-0.02418887807030876f,-0.6885395668455808f,0.7247952559625368f,-0.13755739354426713f,0f,0f,0f,1f], start_interpolation: 0, interpolation_duration: 1 }
$data merge entity $(bone_body_1) { transformation: [0.9944350115035845f,0.09171330322101895f,0.0518428192535389f,0.1275816883231149f,-0.1050147289932886f,0.8235940952226057f,0.5573730106570675f,0.7746901698356781f,0.008421080116696414f,-0.5597154958787067f,0.8286420512398108f,0.07233591741024789f,0f,0f,0f,1f], start_interpolation: 0, interpolation_duration: 1 }
$data merge entity $(bone_leg_left_2) { transformation: [0.9679339498796893f,0.012435082627017514f,0.2508968660433255f,-0.07221191703165908f,-0.11128023502244065f,0.9166548248534042f,0.38387581503179513f,0.40225416323891106f,-0.22521229532077858f,-0.39948629612670555f,0.8886451042138883f,-0.17246883665041782f,0f,0f,0f,1f], start_interpolation: 0, interpolation_duration: 1 }
$data merge entity $(bone_leg_left_1) { transformation: [0.9679339498796893f,0.2462881256485882f,0.04945733347854916f,0.003488944130523891f,-0.11128023502244065f,0.5968978866177278f,-0.7945625351378206f,0.5024572934057627f,-0.22521229532077858f,0.7635804293692939f,0.6051647295741475f,0.10337225626402699f,0f,0f,0f,1f], start_interpolation: 0, interpolation_duration: 1 }
$data merge entity $(bone_leg_right_2) { transformation: [0.9991430661989417f,0.038135000117825404f,-0.01608897239077122f,0.2663174816434235f,-0.0375732544921289f,0.9987193536516572f,0.03388072001132386f,0.5837032500669526f,0.017360409368654253f,-0.033247171422986666f,0.9992963733442262f,-0.16291857420449257f,0f,0f,0f,1f], start_interpolation: 0, interpolation_duration: 1 }
$data merge entity $(bone_leg_right_1) { transformation: [0.9991430661989417f,-0.03329167944322263f,-0.024592627887788862f,0.25720501614040125f,-0.0375732544921289f,-0.4803285033910011f,-0.8762835039968689f,0.48841667034012887f,0.017360409368654253f,0.8764566121092422f,-0.4811677704050241f,0.15530144562615295f,0f,0f,0f,1f], start_interpolation: 0, interpolation_duration: 1 }
$data merge entity $(bone_coat_downer) { transformation: [0.9980274233756308f,0.02935869288356289f,0.055491705167241376f,0.1374155533514224f,-0.002917727220123062f,0.9046511056716723f,-0.426143008712908f,0.564500070456549f,-0.0627116341524311f,0.4251404993166251f,0.9029522727047883f,0.11403861557351856f,0f,0f,0f,1f], start_interpolation: 0, interpolation_duration: 1 }
$data merge entity $(bone_body_2) { transformation: [0.9980274233756308f,0.009367955046774436f,0.06207659469108323f,0.13171161656206393f,-0.002917727220123062f,0.9946569721174775f,-0.10319396632536446f,0.786766532407955f,-0.0627116341524311f,0.10280928574955238f,0.9927222681624496f,0.13750000000000004f,0f,0f,0f,1f], start_interpolation: 0, interpolation_duration: 1 }