execute if entity @s[tag=aj.frestchika_v2.bone.hair] run data modify entity @s {} merge value {transformation:[-0.9976548640152277f,-0.013222997264655994f,-0.06715597255714796f,-0.02419507029685392f,-0.03245454926711023f,0.9552383618956918f,0.2940516522563753f,1.4290745178916744f,0.06026171702354843f,0.29554157796522373f,-0.9534273444553598f,-0.2695874813392945f,0f,0f,0f,1f],start_interpolation:0}
execute if entity @s[tag=aj.frestchika_v2.bone.side_hair_2] run data modify entity @s {} merge value {transformation:[-0.9976548640152277f,-0.012466175498524962f,-0.06730057039280934f,0.4711896875522117f,-0.03245454926711023f,0.9518676551780353f,0.30478626815809484f,1.7300711066735817f,0.06026171702354843f,0.306255712590491f,-0.9500399801940258f,0.006082507295264258f,0f,0f,0f,1f],start_interpolation:0}
execute if entity @s[tag=aj.frestchika_v2.bone.side_hair_1] run data modify entity @s {} merge value {transformation:[-0.9976548640152277f,-0.016980059899256127f,-0.06630573031477131f,0.3067153532607282f,-0.03245454926711023f,0.9702680711473182f,0.2398469769330681f,2.1007048153794585f,0.06026171702354843f,0.24143642574781604f,-0.9685437407693539f,0.10912479773075104f,0f,0f,0f,1f],start_interpolation:0}
execute if entity @s[tag=aj.frestchika_v2.bone.head] run data modify entity @s {} merge value {transformation:[-0.9976548640152277f,-0.022146959433453198f,-0.06476329589057747f,-0.009925320476712858f,-0.03245454926711023f,0.9861378700166864f,0.1627230885609719f,1.5589644573306234f,0.06026171702354843f,0.16444334436761548f,-0.9845440121978132f,0.03660699280682193f,0f,0f,0f,1f],start_interpolation:0}
execute if entity @s[tag=aj.frestchika_v2.bone.group] run data modify entity @s {} merge value {transformation:[0.0000018069808653633375f,-0.000008952307211385464f,-0.000004073207058963071f,-0.2619569382218567f,-0.000005461450038118766f,0.0000025309179617082335f,-0.000007985425333207693f,1.0184912859288502f,0.00000817969337037418f,0.000003667512762633344f,-0.00000443192582322609f,0.2833611979601142f,0f,0f,0f,1f],start_interpolation:0}
execute if entity @s[tag=aj.frestchika_v2.bone.group2] run data modify entity @s {} merge value {transformation:[0.0000018069808653633375f,-0.000008952307211385464f,-0.000004073207058963071f,-0.2619569382218567f,-0.000005461450038118766f,0.0000025309179617082335f,-0.000007985425333207693f,1.0184912859288502f,0.00000817969337037418f,0.000003667512762633344f,-0.00000443192582322609f,0.2833611979601142f,0f,0f,0f,1f],start_interpolation:0}
execute if entity @s[tag=aj.frestchika_v2.bone.group3] run data modify entity @s {} merge value {transformation:[0.0000018069808653633375f,-0.000008952307211385464f,-0.000004073207058963071f,-0.2619569382218567f,-0.000005461450038118766f,0.0000025309179617082335f,-0.000007985425333207693f,1.0184912859288502f,0.00000817969337037418f,0.000003667512762633344f,-0.00000443192582322609f,0.2833611979601142f,0f,0f,0f,1f],start_interpolation:0}
execute if entity @s[tag=aj.frestchika_v2.locator_origin.muzzle] at @s on origin run tp @s ^-0.26196 ^1.01849 ^0.28337 ~-42.58488 ~-52.99115
execute if entity @s[tag=aj.frestchika_v2.bone.gun] run data modify entity @s {} merge value {transformation:[0.0000018069808653633375f,-0.000008952307211385464f,-0.000004073207058963071f,-0.2619604413930397f,-0.000005461450038118766f,0.0000025309179617082335f,-0.000007985425333207693f,1.0184877613023726f,0.00000817969337037418f,0.000003667512762633344f,-0.00000443192582322609f,0.2833601915766543f,0f,0f,0f,1f],start_interpolation:0}
execute if entity @s[tag=aj.frestchika_v2.bone.sword] run data modify entity @s {} merge value {transformation:[-0.9421318586189951f,0.3516368587350682f,-0.31026406922821737f,-0.010416803878254777f,0.26635127537221276f,0.9743158378575132f,0.29544941751103243f,1.0461618929581304f,0.38596537562677047f,0.18597010453012677f,-0.9612338743190129f,0.17105736001547295f,0f,0f,0f,1f],start_interpolation:0}
execute if entity @s[tag=aj.frestchika_v2.bone.arm_right_1] run data modify entity @s {} merge value {transformation:[0.18069808653633374f,-0.8952307211385464f,-0.40732070589630703f,-0.33879626709919686f,-0.5461450038118766f,0.25309179617082334f,-0.7985425333207692f,1.1492302666874437f,0.8179693370374179f,0.36675127626333437f,-0.44319258232260894f,0.0055878785722603685f,0f,0f,0f,1f],start_interpolation:0}
execute if entity @s[tag=aj.frestchika_v2.bone.arm_right_0] run data modify entity @s {} merge value {transformation:[-0.16198664576337787f,-0.8952307211385464f,-0.41511719131359537f,-0.2663330670922093f,-0.9515769140130262f,0.25309179617082334f,-0.17448759104438358f,1.4996001607486742f,0.2612694075313365f,0.36675127626333437f,-0.8928783780826143f,-0.05931840684386361f,0f,0f,0f,1f],start_interpolation:0}
execute if entity @s[tag=aj.frestchika_v2.bone.arm_left_1] run data modify entity @s {} merge value {transformation:[-0.3217422908065457f,0.8510655779326137f,0.41493286247871763f,0.4242199684810507f,0.8605530851791032f,0.44561818056689384f,-0.24672418757993428f,1.2080380556043104f,-0.3948800905278506f,0.2776901496389051f,-0.8757613230202844f,0.07158203470805873f,0f,0f,0f,1f],start_interpolation:0}
execute if entity @s[tag=aj.frestchika_v2.bone.arm_left_0] run data modify entity @s {} merge value {transformation:[-0.475050057811017f,0.8510655779326137f,0.22363994417808197f,0.23140444605441784f,0.8787688505222573f,0.44561818056689384f,0.17085006438407369f,1.5574099700084125f,0.045746583758137324f,0.2776901496389051f,-0.9595808620788465f,0.10187542898729923f,0f,0f,0f,1f],start_interpolation:0}
execute if entity @s[tag=aj.frestchika_v2.bone.right_wing_0] run data modify entity @s {} merge value {transformation:[-0.9651536441165776f,-0.02646752127123429f,0.2603419166524044f,-0.048395506900754504f,1.734723475976807e-18f,0.9948718862149959f,0.1011431165182105f,1.2774544840907238f,-0.26168386126868953f,0.09761864748485848f,-0.9602042264095364f,-0.5886383264488247f,0f,0f,0f,1f],start_interpolation:0}
execute if entity @s[tag=aj.frestchika_v2.bone.right_wing_1] run data modify entity @s {} merge value {transformation:[-0.9651536441165776f,-0.02646752127123429f,0.2603419166524044f,0.1624101867403596f,1.734723475976807e-18f,0.9948718862149959f,0.1011431165182105f,1.994644419763502f,-0.26168386126868953f,0.09761864748485848f,-0.9602042264095364f,0.162421045836859f,0f,0f,0f,1f],start_interpolation:0}
execute if entity @s[tag=aj.frestchika_v2.bone.right_wing_2] run data modify entity @s {} merge value {transformation:[-0.9651536441165776f,-0.02646752127123429f,0.2603419166524044f,0.16893866303992386f,1.734723475976807e-18f,0.9948718862149959f,0.1011431165182105f,1.9759905718969706f,-0.26168386126868953f,0.09761864748485848f,-0.9602042264095364f,0.1622262203294472f,0f,0f,0f,1f],start_interpolation:0}
execute if entity @s[tag=aj.frestchika_v2.bone.left_wing_0] run data modify entity @s {} merge value {transformation:[-0.9651536441165776f,-0.02646752127123429f,0.2603419166524044f,-0.048395506900754504f,1.734723475976807e-18f,0.9948718862149959f,0.1011431165182105f,1.2774544840907238f,-0.26168386126868953f,0.09761864748485848f,-0.9602042264095364f,-0.5886383264488247f,0f,0f,0f,1f],start_interpolation:0}
execute if entity @s[tag=aj.frestchika_v2.bone.left_wing_1] run data modify entity @s {} merge value {transformation:[-0.9651536441165776f,-0.02646752127123429f,0.2603419166524044f,0.1624101867403596f,1.734723475976807e-18f,0.9948718862149959f,0.1011431165182105f,1.994644419763502f,-0.26168386126868953f,0.09761864748485848f,-0.9602042264095364f,0.162421045836859f,0f,0f,0f,1f],start_interpolation:0}
execute if entity @s[tag=aj.frestchika_v2.bone.left_wing_2] run data modify entity @s {} merge value {transformation:[-0.9651536441165776f,-0.02646752127123429f,0.2603419166524044f,0.16893866303992386f,1.734723475976807e-18f,0.9948718862149959f,0.1011431165182105f,1.9759905718969706f,-0.26168386126868953f,0.09761864748485848f,-0.9602042264095364f,0.1622262203294472f,0f,0f,0f,1f],start_interpolation:0}
execute if entity @s[tag=aj.frestchika_v2.bone.leg_right_1] run data modify entity @s {} merge value {transformation:[-0.9404571094666653f,-0.0539627460092931f,0.33560161992568116f,-0.2152250012545125f,0.019553853889097833f,0.9770942506114964f,0.2119067535970532f,0.5566648160557008f,-0.33934948364729933f,0.20585151800532087f,-0.9178600549556652f,0.19153592422537788f,0f,0f,0f,1f],start_interpolation:0}
execute if entity @s[tag=aj.frestchika_v2.bone.leg_right_0] run data modify entity @s {} merge value {transformation:[-0.9404571094666653f,0.19510842521769273f,0.2783399498143894f,-0.13617896289941203f,0.019553853889097833f,0.8485556142089026f,-0.5287447554280194f,0.8359202798988744f,-0.33934948364729933f,-0.4918191456253246f,-0.801845281799854f,-0.011437386557956345f,0f,0f,0f,1f],start_interpolation:0}
execute if entity @s[tag=aj.frestchika_v2.bone.leg_left_1] run data modify entity @s {} merge value {transformation:[-0.9404571094666653f,0.004297264569780523f,0.3398852141103259f,0.03935560780479802f,0.019553853889097833f,0.9989481730129894f,0.04147522672746501f,0.5284156854699309f,-0.33934948364729933f,0.04565173765836428f,-0.9395519393823224f,0.2210791455619674f,0f,0f,0f,1f],start_interpolation:0}
execute if entity @s[tag=aj.frestchika_v2.bone.leg_left_0] run data modify entity @s {} merge value {transformation:[-0.9404571094666653f,0.152831731954155f,0.30361634831065687f,0.10252597875791128f,0.019553853889097833f,0.9160651714510069f,-0.400552429093273f,0.8461884304118916f,-0.33934948364729933f,-0.3707655099417029f,-0.8645084525821483f,0.06432233522523063f,0f,0f,0f,1f],start_interpolation:0}
execute if entity @s[tag=aj.frestchika_v2.bone.body_0] run data modify entity @s {} merge value {transformation:[-0.9404571094666653f,0.05495671258993376f,0.3354402852892184f,-0.00025607326829919173f,0.019553853889097833f,0.9939561600952577f,-0.10802221348766383f,1.1955128854991302f,-0.33934948364729933f,-0.09503110832773666f,-0.9358477527879807f,0.0009444604144160057f,0f,0f,0f,1f],start_interpolation:0}
execute if entity @s[tag=aj.frestchika_v2.bone.body_1] run data modify entity @s {} merge value {transformation:[-0.9651536441165776f,-0.02646752127123429f,0.2603419166524044f,0f,1.734723475976807e-18f,0.9948718862149959f,0.1011431165182105f,1.1858875f,-0.26168386126868953f,0.09761864748485848f,-0.9602042264095364f,0f,0f,0f,0f,1f],start_interpolation:0}