execute if entity @s[tag=aj.frestchika_v2.bone.hair] run data modify entity @s {} merge value {transformation:[-0.9508975960332267f,0.25118538513913946f,-0.18083048457252127f,-0.05169124173303244f,0.07154437007400903f,0.746820393623181f,0.6611661688102547f,1.492313586929713f,0.30112317242109404f,0.6157639173912508f,-0.7281206171164479f,-0.23658025397814472f,0f,0f,0f,1f],start_interpolation:0}
execute if entity @s[tag=aj.frestchika_v2.bone.side_hair_2] run data modify entity @s {} merge value {transformation:[-0.9508975960332267f,0.2560151748654298f,-0.17392524858931224f,0.5256753480869614f,0.07154437007400903f,0.7285441580721496f,0.6812523855735522f,1.6855183975124164f,0.30112317242109404f,0.6353578833835039f,-0.7110873329299926f,-0.07779336807730797f,0f,0f,0f,1f],start_interpolation:0}
execute if entity @s[tag=aj.frestchika_v2.bone.side_hair_1] run data modify entity @s {} merge value {transformation:[-0.9508975960332267f,0.2243198651572579f,-0.21324718041291965f,0.4620530988512087f,0.07154437007400903f,0.8296412372764795f,0.5536937967153553f,2.01814928682742f,0.30112317242109404f,0.5112494650424406f,-0.8049526815439989f,0.16786445728875737f,0f,0f,0f,1f],start_interpolation:0}
execute if entity @s[tag=aj.frestchika_v2.bone.head] run data modify entity @s {} merge value {transformation:[-0.9508975960332267f,0.17986086402283916f,-0.25188058966738275f,0.051187890514987205f,0.07154437007400903f,0.9195093858363883f,0.3865021247929965f,1.5473974736837897f,0.30112317242109404f,0.3495033032057717f,-0.8872272967392913f,0.07520769911330907f,0f,0f,0f,1f],start_interpolation:0}
execute if entity @s[tag=aj.frestchika_v2.bone.group] run data modify entity @s {} merge value {transformation:[0.000009665782871914188f,0.000002303816439335112f,-0.0000011247538783483326f,0.17471863365152504f,-0.0000020917477949474997f,0.000004550246081413398f,-0.000008655625440192888f,1.1419199086074658f,-0.000001482306525433458f,0.000008601609757041487f,0.000004880069359366327f,0.2519121476263582f,0f,0f,0f,1f],start_interpolation:0}
execute if entity @s[tag=aj.frestchika_v2.bone.group2] run data modify entity @s {} merge value {transformation:[0.000009665782871914188f,0.000002303816439335112f,-0.0000011247538783483326f,0.17471863365152504f,-0.0000020917477949474997f,0.000004550246081413398f,-0.000008655625440192888f,1.1419199086074658f,-0.000001482306525433458f,0.000008601609757041487f,0.000004880069359366327f,0.2519121476263582f,0f,0f,0f,1f],start_interpolation:0}
execute if entity @s[tag=aj.frestchika_v2.bone.group3] run data modify entity @s {} merge value {transformation:[0.000009665782871914188f,0.000002303816439335112f,-0.0000011247538783483326f,0.17471863365152504f,-0.0000020917477949474997f,0.000004550246081413398f,-0.000008655625440192888f,1.1419199086074658f,-0.000001482306525433458f,0.000008601609757041487f,0.000004880069359366327f,0.2519121476263582f,0f,0f,0f,1f],start_interpolation:0}
execute if entity @s[tag=aj.frestchika_v2.locator_origin.muzzle] at @s on origin run tp @s ^0.17473 ^1.14192 ^0.25192 ~-167.02117 ~-59.947
execute if entity @s[tag=aj.frestchika_v2.bone.gun] run data modify entity @s {} merge value {transformation:[0.000009665782871914188f,0.000002303816439335112f,-0.0000011247538783483326f,0.17471899147229905f,-0.0000020917477949474997f,0.000004550246081413398f,-0.000008655625440192888f,1.1419166064035031f,-0.000001482306525433458f,0.000008601609757041487f,0.000004880069359366327f,0.25191597847758146f,0f,0f,0f,1f],start_interpolation:0}
execute if entity @s[tag=aj.frestchika_v2.bone.sword] run data modify entity @s {} merge value {transformation:[0.24245133825918788f,-0.19299360591935544f,-1.005731340244786f,0.06391110639118444f,0.4788633473618646f,0.9349451065987842f,-0.06397073002849599f,1.1014963314368846f,0.9052248092212892f,-0.44289482704275623f,0.30321103055305865f,0.001436839447597038f,0f,0f,0f,1f],start_interpolation:0}
execute if entity @s[tag=aj.frestchika_v2.bone.arm_right_1] run data modify entity @s {} merge value {transformation:[0.9665782871914188f,0.23038164393351118f,-0.11247538783483324f,-0.13295772829663347f,-0.20917477949474994f,0.45502460814133977f,-0.8655625440192887f,1.1640061592126172f,-0.14823065254334578f,0.8601609757041487f,0.4880069359366327f,0.3226400370930657f,0f,0f,0f,1f],start_interpolation:0}
execute if entity @s[tag=aj.frestchika_v2.bone.arm_right_0] run data modify entity @s {} merge value {transformation:[0.4439357210581852f,0.23038164393351118f,-0.8659361256507562f,-0.2389521688301443f,-0.8357393963129515f,0.45502460814133977f,-0.30739594570567086f,1.4678866353412603f,0.3232038629394962f,0.8601609757041487f,0.39454069353702176f,0.1902765326674983f,0f,0f,0f,1f],start_interpolation:0}
execute if entity @s[tag=aj.frestchika_v2.bone.arm_left_1] run data modify entity @s {} merge value {transformation:[-0.597942230305881f,0.6970462860741936f,-0.3957165201087798f,0.3910935776343172f,0.7480535359433882f,0.6626147594122784f,0.03684546066481115f,1.290619898435494f,0.28789059828244246f,-0.2739856851720208f,-0.9176332860905796f,-0.3436009780814005f,0f,0f,0f,1f],start_interpolation:0}
execute if entity @s[tag=aj.frestchika_v2.bone.arm_left_0] run data modify entity @s {} merge value {transformation:[-0.35311888757090426f,0.6970462860741936f,-0.6240460930979863f,0.2576465987696803f,0.6497930918673852f,0.6626147594122784f,0.37243874445394637f,1.5458816508767739f,0.6731091954520535f,-0.2739856851720208f,-0.6869176481345544f,-0.06577082929889715f,0f,0f,0f,1f],start_interpolation:0}
execute if entity @s[tag=aj.frestchika_v2.bone.right_wing_0] run data modify entity @s {} merge value {transformation:[-0.8266879645273556f,0.13650104137329921f,-0.5458520633006919f,-0.46788903238022544f,0f,0.9701265964901058f,0.24259923079540743f,1.3537836255778672f,0.5626606519969365f,0.20055386430215755f,-0.8019919813862568f,-0.33066463976602284f,0f,0f,0f,1f],start_interpolation:0}
execute if entity @s[tag=aj.frestchika_v2.bone.right_wing_1] run data modify entity @s {} merge value {transformation:[-0.8266879645273556f,0.13650104137329921f,-0.5458520633006919f,0.2935272545883927f,0f,0.9701265964901058f,0.24259923079540743f,1.9676517358009893f,0.5626606519969365f,0.20055386430215755f,-0.8019919813862568f,0.07713654486935319f,0f,0f,0f,1f],start_interpolation:0}
execute if entity @s[tag=aj.frestchika_v2.bone.right_wing_2] run data modify entity @s {} merge value {transformation:[-0.8266879645273556f,0.13650104137329921f,-0.5458520633006919f,0.29613465984093923f,0f,0.9701265964901058f,0.24259923079540743f,1.9494618621167996f,0.5626606519969365f,0.20055386430215755f,-0.8019919813862568f,0.06985953083870683f,0f,0f,0f,1f],start_interpolation:0}
execute if entity @s[tag=aj.frestchika_v2.bone.left_wing_0] run data modify entity @s {} merge value {transformation:[-0.8266879645273556f,0.13650104137329921f,-0.5458520633006919f,-0.46788903238022544f,0f,0.9701265964901058f,0.24259923079540743f,1.3537836255778672f,0.5626606519969365f,0.20055386430215755f,-0.8019919813862568f,-0.33066463976602284f,0f,0f,0f,1f],start_interpolation:0}
execute if entity @s[tag=aj.frestchika_v2.bone.left_wing_1] run data modify entity @s {} merge value {transformation:[-0.8266879645273556f,0.13650104137329921f,-0.5458520633006919f,0.2935272545883927f,0f,0.9701265964901058f,0.24259923079540743f,1.9676517358009893f,0.5626606519969365f,0.20055386430215755f,-0.8019919813862568f,0.07713654486935319f,0f,0f,0f,1f],start_interpolation:0}
execute if entity @s[tag=aj.frestchika_v2.bone.left_wing_2] run data modify entity @s {} merge value {transformation:[-0.8266879645273556f,0.13650104137329921f,-0.5458520633006919f,0.29613465984093923f,0f,0.9701265964901058f,0.24259923079540743f,1.9494618621167996f,0.5626606519969365f,0.20055386430215755f,-0.8019919813862568f,0.06985953083870683f,0f,0f,0f,1f],start_interpolation:0}
execute if entity @s[tag=aj.frestchika_v2.bone.leg_right_1] run data modify entity @s {} merge value {transformation:[-0.7586815363657843f,-0.023477838549892993f,-0.6510384915461439f,0.04107745796479163f,-0.000029714334531034947f,0.9993516407805473f,-0.03600412735071118f,0.5402514639350894f,0.6514616838270011f,-0.027296321478416485f,-0.7581903358254017f,0.24065709820039266f,0f,0f,0f,1f],start_interpolation:0}
execute if entity @s[tag=aj.frestchika_v2.bone.leg_right_0] run data modify entity @s {} merge value {transformation:[-0.7586815363657843f,-0.3341358898926461f,-0.5592455037488481f,-0.09705956065018288f,-0.000029714334531034947f,0.8584650167200886f,-0.5128721226434872f,0.8585001811656296f,0.6514616838270011f,-0.38908999235835845f,-0.6513114864270866f,0.07979951967428843f,0f,0f,0f,1f],start_interpolation:0}
execute if entity @s[tag=aj.frestchika_v2.bone.leg_left_1] run data modify entity @s {} merge value {transformation:[-0.7586815363657843f,0.13191538337485903f,-0.6379660320163743f,0.25979417873900157f,-0.000029714334531034947f,0.9792770344263455f,0.20252527981020207f,0.6952283928253843f,0.6514616838270011f,0.1536711471754092f,-0.7429554852284772f,0.11162563049530375f,0f,0f,0f,1f],start_interpolation:0}
execute if entity @s[tag=aj.frestchika_v2.bone.leg_left_0] run data modify entity @s {} merge value {transformation:[-0.7586815363657843f,-0.4416054333118829f,-0.4789435954755816f,0.07966079276617788f,-0.000029714334531034947f,0.7352065179702386f,-0.6778431788040177f,0.8973167801086781f,0.6514616838270011f,-0.5142528728198816f,-0.5578007326113753f,-0.09814552334431065f,0f,0f,0f,1f],start_interpolation:0}
execute if entity @s[tag=aj.frestchika_v2.bone.body_0] run data modify entity @s {} merge value {transformation:[-0.7586815363657843f,-0.00633663549570504f,-0.6514308661924517f,0.003194124368135201f,-0.000029714334531034947f,0.9999530291459762f,-0.009692193706530322f,1.2063009623578684f,0.6514616838270011f,-0.0073339315773433f,-0.758646088734996f,0.004692960424670486f,0f,0f,0f,1f],start_interpolation:0}
execute if entity @s[tag=aj.frestchika_v2.bone.body_1] run data modify entity @s {} merge value {transformation:[-0.8266879645273556f,0.13650104137329921f,-0.5458520633006919f,0f,0f,0.9701265964901058f,0.24259923079540743f,1.1836f,0.5626606519969365f,0.20055386430215755f,-0.8019919813862568f,0f,0f,0f,0f,1f],start_interpolation:0}