execute if entity @s[tag=aj.frestchika_v2.bone.hair] run data modify entity @s {} merge value {transformation:[-0.7700718825967622f,0.6350460248851555f,-0.060875626579455f,-0.05032877376043374f,0.3444016673161445f,0.4941500355499571f,0.7982501073697617f,1.5288995963607621f,0.5370072505876794f,0.5937442956724205f,-0.5992419579541498f,-0.2943532633136796f,0f,0f,0f,1f],start_interpolation:0}
execute if entity @s[tag=aj.frestchika_v2.bone.side_hair_2] run data modify entity @s {} merge value {transformation:[-0.7739183099528625f,0.6325502422246978f,-0.03050640229822918f,0.5682236880414483f,0.3488017717317717f,0.46597131390295704f,0.813147009252527f,1.5800913684883904f,0.5285714460283325f,0.6186686719731558f,-0.5812583769396273f,-0.35003830056060725f,0f,0f,0f,1f],start_interpolation:0}
execute if entity @s[tag=aj.frestchika_v2.bone.side_hair_1] run data modify entity @s {} merge value {transformation:[-0.7739183099528625f,0.6029946784518957f,-0.19351451438690626f,0.6792669148683949f,0.3488017717317717f,0.6609170725014506f,0.664474188597939f,1.8912592753229949f,0.5285714460283325f,0.44675053557305033f,-0.7218214359581674f,-0.09336184698544807f,0f,0f,0f,1f],start_interpolation:0}
execute if entity @s[tag=aj.frestchika_v2.bone.head] run data modify entity @s {} merge value {transformation:[-0.7700718825967622f,0.5133512422480424f,-0.3787608714166109f,0.14763841135092068f,0.3444016673161445f,0.8342855571188538f,0.43052886167218063f,1.5564204688772572f,0.5370072505876794f,0.2010922953901405f,-0.8192588733428441f,-0.028117140069635973f,0f,0f,0f,1f],start_interpolation:0}
execute if entity @s[tag=aj.frestchika_v2.bone.group] run data modify entity @s {} merge value {transformation:[3.520182530026281e-7f,0.000006089796511407833f,0.000007924043260810606f,0.2603801172142824f,-0.000002338192897532876f,0.000007759077216989548f,-0.000005859144537790526f,1.2291366955965124f,-0.000009716426149746618f,-0.0000016465415847887693f,0.0000016970455757231413f,0.012294626785960985f,0f,0f,0f,1f],start_interpolation:0}
execute if entity @s[tag=aj.frestchika_v2.bone.group2] run data modify entity @s {} merge value {transformation:[3.520182530026281e-7f,0.000006089796511407833f,0.000007924043260810606f,0.2603801172142824f,-0.000002338192897532876f,0.000007759077216989548f,-0.000005859144537790526f,1.2291366955965124f,-0.000009716426149746618f,-0.0000016465415847887693f,0.0000016970455757231413f,0.012294626785960985f,0f,0f,0f,1f],start_interpolation:0}
execute if entity @s[tag=aj.frestchika_v2.bone.group3] run data modify entity @s {} merge value {transformation:[3.520182530026281e-7f,0.000006089796511407833f,0.000007924043260810606f,0.2603801172142824f,-0.000002338192897532876f,0.000007759077216989548f,-0.000005859144537790526f,1.2291366955965124f,-0.000009716426149746618f,-0.0000016465415847887693f,0.0000016970455757231413f,0.012294626785960985f,0f,0f,0f,1f],start_interpolation:0}
execute if entity @s[tag=aj.frestchika_v2.locator_origin.muzzle] at @s on origin run tp @s ^0.26038 ^1.22914 ^0.01229 ~102.08809 ~-35.86762
execute if entity @s[tag=aj.frestchika_v2.bone.gun] run data modify entity @s {} merge value {transformation:[3.520182530026281e-7f,0.000006089796511407833f,0.000007924043260810606f,0.2603849899472624f,-0.000002338192897532876f,0.000007759077216989548f,-0.000005859144537790526f,1.2291352943466964f,-0.000009716426149746618f,-0.0000016465415847887693f,0.0000016970455757231413f,0.012294658092051687f,0f,0f,0f,1f],start_interpolation:0}
execute if entity @s[tag=aj.frestchika_v2.bone.sword] run data modify entity @s {} merge value {transformation:[0.640884095064049f,-0.8064620646284462f,0.21543265098206302f,0.04100579741816679f,0.8165575272387632f,0.6620662974552737f,0.04926189788855223f,1.086089055473118f,-0.17328038984158528f,0.13715636401235576f,1.0289250460588757f,0.10208624201356405f,0f,0f,0f,1f],start_interpolation:0}
execute if entity @s[tag=aj.frestchika_v2.bone.arm_right_1] run data modify entity @s {} merge value {transformation:[0.03520182530026281f,0.6089796511407832f,0.7924043260810606f,0.28900611599934056f,-0.23381928975328758f,0.7759077216989547f,-0.5859144537790526f,1.2729093411615868f,-0.9716426149746616f,-0.1646541584788769f,0.16970455757231412f,0.3244155780366818f,0f,0f,0f,1f],start_interpolation:0}
execute if entity @s[tag=aj.frestchika_v2.bone.arm_right_0] run data modify entity @s {} merge value {transformation:[0.749920732081877f,0.6089796511407832f,0.25838475204669437f,0.026626321339724635f,-0.6308425655739767f,0.7759077216989547f,0.0022056445725305296f,1.4767702664629334f,-0.19913953161998f,-0.1646541584788769f,0.9660395721924586f,0.31465761176946094f,0f,0f,0f,1f],start_interpolation:0}
execute if entity @s[tag=aj.frestchika_v2.bone.arm_left_1] run data modify entity @s {} merge value {transformation:[0.03002024866328623f,0.3442941549141173f,-0.9383817557700962f,-0.04510944537023531f,0.5229710544288525f,0.7946446848635393f,0.3082873676421083f,1.424568785094955f,0.8518216133086606f,-0.5000013597082512f,-0.1562004461905645f,-0.6068576484493999f,0f,0f,0f,1f],start_interpolation:0}
execute if entity @s[tag=aj.frestchika_v2.bone.arm_left_0] run data modify entity @s {} merge value {transformation:[0.45276463966528446f,0.3442941549141173f,-0.8224753588775406f,0.14627735248184776f,0.3260110853585475f,0.7946446848635393f,0.5121099462434489f,1.548571844910331f,0.8298921335282722f,-0.5000013597082512f,0.2475433032780187f,-0.2779950863290663f,0f,0f,0f,1f],start_interpolation:0}
execute if entity @s[tag=aj.frestchika_v2.bone.right_wing_0] run data modify entity @s {} merge value {transformation:[0.002983595287109923f,0.39370243026912183f,-0.9192331013183491f,-0.5021485407569581f,0.025651342219750344f,0.9189045836726859f,0.3936449856757394f,1.470244639254299f,0.9996664977888818f,-0.02475404018569593f,-0.007357356386431023f,0.17684669280649157f,0f,0f,0f,1f],start_interpolation:0}
execute if entity @s[tag=aj.frestchika_v2.bone.right_wing_1] run data modify entity @s {} merge value {transformation:[0.002983595287109923f,0.39370243026912183f,-0.9192331013183491f,0.3500326986837191f,0.025651342219750344f,0.9189045836726859f,0.3936449856757394f,1.9441515981157147f,0.9996664977888818f,-0.02475404018569593f,-0.007357356386431023f,-0.2379905698496927f,0f,0f,0f,1f],start_interpolation:0}
execute if entity @s[tag=aj.frestchika_v2.bone.right_wing_2] run data modify entity @s {} merge value {transformation:[0.002983595287109923f,0.39370243026912183f,-0.9192331013183491f,0.3426321306456286f,0.025651342219750344f,0.9189045836726859f,0.3936449856757394f,1.926761816282978f,0.9996664977888818f,-0.02475404018569593f,-0.007357356386431023f,-0.24377434720739144f,0f,0f,0f,1f],start_interpolation:0}
execute if entity @s[tag=aj.frestchika_v2.bone.left_wing_0] run data modify entity @s {} merge value {transformation:[0.002983595287109923f,0.39370243026912183f,-0.9192331013183491f,-0.5021485407569581f,0.025651342219750344f,0.9189045836726859f,0.3936449856757394f,1.470244639254299f,0.9996664977888818f,-0.02475404018569593f,-0.007357356386431023f,0.17684669280649157f,0f,0f,0f,1f],start_interpolation:0}
execute if entity @s[tag=aj.frestchika_v2.bone.left_wing_1] run data modify entity @s {} merge value {transformation:[0.002983595287109923f,0.39370243026912183f,-0.9192331013183491f,0.3500326986837191f,0.025651342219750344f,0.9189045836726859f,0.3936449856757394f,1.9441515981157147f,0.9996664977888818f,-0.02475404018569593f,-0.007357356386431023f,-0.2379905698496927f,0f,0f,0f,1f],start_interpolation:0}
execute if entity @s[tag=aj.frestchika_v2.bone.left_wing_2] run data modify entity @s {} merge value {transformation:[0.002983595287109923f,0.39370243026912183f,-0.9192331013183491f,0.3426321306456286f,0.025651342219750344f,0.9189045836726859f,0.3936449856757394f,1.926761816282978f,0.9996664977888818f,-0.02475404018569593f,-0.007357356386431023f,-0.24377434720739144f,0f,0f,0f,1f],start_interpolation:0}
execute if entity @s[tag=aj.frestchika_v2.bone.leg_right_1] run data modify entity @s {} merge value {transformation:[0.3727193155610625f,-0.2977758631659466f,-0.8788685038863714f,0.1628847705114448f,-0.12186661560950018f,0.9232027105256472f,-0.36447946893890215f,0.5378385567513367f,0.9199069734530658f,0.2429532683333842f,0.3078065457370056f,-0.026449146747860267f,0f,0f,0f,1f],start_interpolation:0}
execute if entity @s[tag=aj.frestchika_v2.bone.leg_right_0] run data modify entity @s {} merge value {transformation:[0.3727193155610625f,-0.40976207947412696f,-0.8325715284783239f,-0.003348563122783463f,-0.12186661560950018f,0.8678355717754572f,-0.48167411012120154f,0.9078781796061488f,0.9199069734530658f,0.2809919190763402f,0.27352276250106905f,0.08992550188912729f,0f,0f,0f,1f],start_interpolation:0}
execute if entity @s[tag=aj.frestchika_v2.bone.leg_left_1] run data modify entity @s {} merge value {transformation:[0.3145054608698641f,0.3718370746879137f,-0.8733976785923864f,0.2067725388153679f,-0.022749792564071364f,0.9227751190906318f,0.38466677335787863f,1.0069687087353014f,0.9489830146116034f,-0.10111018482232488f,0.2986770304256242f,-0.23110135919635386f,0f,0f,0f,1f],start_interpolation:0}
execute if entity @s[tag=aj.frestchika_v2.bone.leg_left_0] run data modify entity @s {} merge value {transformation:[0.3145054608698641f,-0.8863090993006265f,-0.33991542415716686f,-0.10429084651936989f,-0.022749792564071364f,0.3509458256457872f,-0.9361193697387572f,1.0044299325154185f,0.9489830146116034f,0.30214765919779857f,0.09021103047834506f,-0.12807172091342917f,0f,0f,0f,1f],start_interpolation:0}
execute if entity @s[tag=aj.frestchika_v2.bone.body_0] run data modify entity @s {} merge value {transformation:[0.3104711245715343f,0.11083091594108097f,-0.944099671051181f,0.01522890213084747f,-0.06101817135281083f,0.9934551694928032f,0.09655883684461275f,1.247375627927189f,0.9486224030519447f,0.02762850483986717f,0.3152018435039169f,-0.019791892216932953f,0f,0f,0f,1f],start_interpolation:0}
execute if entity @s[tag=aj.frestchika_v2.bone.body_1] run data modify entity @s {} merge value {transformation:[0.002983595287109923f,0.39370243026912183f,-0.9192331013183491f,2.306545705769093e-18f,0.025651342219750344f,0.9189045836726859f,0.3936449856757394f,1.21183125f,0.9996664977888818f,-0.02475404018569593f,-0.007357356386431023f,-0.018834375f,0f,0f,0f,1f],start_interpolation:0}