execute if entity @s[tag=aj.frestchika_v2.bone.hair] run data modify entity @s {} merge value {transformation:[-0.9757924231890052f,0.13482433201736838f,-0.1721962436959638f,-0.04985358344061138f,0.017003241918195466f,0.8317537079009232f,0.5548843655729877f,1.473678132755256f,0.2180367781159882f,0.5385240652831925f,-0.8139114168628323f,-0.2456734162325756f,0f,0f,0f,1f],start_interpolation:0}
execute if entity @s[tag=aj.frestchika_v2.bone.side_hair_2] run data modify entity @s {} merge value {transformation:[-0.9757924231890052f,0.13854868873698958f,-0.16921408835020238f,0.4998745444185691f,0.017003241918195466f,0.8194510343998074f,0.5728969296351281f,1.709656480183123f,0.2180367781159882f,0.5561512951260172f,-0.8019698874137687f,-0.03915426639383024f,0f,0f,0f,1f],start_interpolation:0}
execute if entity @s[tag=aj.frestchika_v2.bone.side_hair_1] run data modify entity @s {} merge value {transformation:[-0.9757924231890052f,0.11527651487602855f,-0.18585067114478251f,0.39008135253447246f,0.017003241918195466f,0.8872185719629746f,0.4610358937525918f,2.05595401729717f,0.2180367781159882f,0.4467152680198166f,-0.8677012347039634f,0.1683604007806555f,0f,0f,0f,1f],start_interpolation:0}
execute if entity @s[tag=aj.frestchika_v2.bone.head] run data modify entity @s {} merge value {transformation:[-0.9757924231890052f,0.08566263694411792f,-0.2012239038452181f,0.02199929672152722f,0.017003241918195466f,0.9470270292131142f,0.3207034388715757f,1.5521694801512114f,0.2180367781159882f,0.3095185270247379f,-0.925558342200661f,0.06977285513764181f,0f,0f,0f,1f],start_interpolation:0}
execute if entity @s[tag=aj.frestchika_v2.bone.group] run data modify entity @s {} merge value {transformation:[0.000009020861372004304f,-0.0000018581786115022485f,-0.000003895026617988152f,0.06669191478492142f,-0.00000309767871787915f,0.000003496062516600095f,-0.000008842054820052995f,1.1004420793260739f,0.0000030047373708660845f,0.000009182849183547522f,0.000002578145497124121f,0.32041323594558857f,0f,0f,0f,1f],start_interpolation:0}
execute if entity @s[tag=aj.frestchika_v2.bone.group2] run data modify entity @s {} merge value {transformation:[0.000009020861372004304f,-0.0000018581786115022485f,-0.000003895026617988152f,0.06669191478492142f,-0.00000309767871787915f,0.000003496062516600095f,-0.000008842054820052995f,1.1004420793260739f,0.0000030047373708660845f,0.000009182849183547522f,0.000002578145497124121f,0.32041323594558857f,0f,0f,0f,1f],start_interpolation:0}
execute if entity @s[tag=aj.frestchika_v2.bone.group3] run data modify entity @s {} merge value {transformation:[0.000009020861372004304f,-0.0000018581786115022485f,-0.000003895026617988152f,0.06669191478492142f,-0.00000309767871787915f,0.000003496062516600095f,-0.000008842054820052995f,1.1004420793260739f,0.0000030047373708660845f,0.000009182849183547522f,0.000002578145497124121f,0.32041323594558857f,0f,0f,0f,1f],start_interpolation:0}
execute if entity @s[tag=aj.frestchika_v2.locator_origin.muzzle] at @s on origin run tp @s ^0.0667 ^1.10044 ^0.32042 ~-123.50086 ~-62.15391
execute if entity @s[tag=aj.frestchika_v2.bone.gun] run data modify entity @s {} merge value {transformation:[0.000009020861372004304f,-0.0000018581786115022485f,-0.000003895026617988152f,0.0666901634355814f,-0.00000309767871787915f,0.000003496062516600095f,-0.000008842054820052995f,1.1004384449209088f,0.0000030047373708660845f,0.000009182849183547522f,0.000002578145497124121f,0.3204163070825765f,0f,0f,0f,1f],start_interpolation:0}
execute if entity @s[tag=aj.frestchika_v2.bone.sword] run data modify entity @s {} merge value {transformation:[-0.19555285889588517f,0.10546290419219938f,-1.028669707591797f,0.08851847992442204f,0.36792212318447737f,0.9854903587601813f,0.031093024332728956f,1.094943625374934f,0.9663938652273577f,-0.35385172138916665f,-0.21999220127279798f,0.04447189842179383f,0f,0f,0f,1f],start_interpolation:0}
execute if entity @s[tag=aj.frestchika_v2.bone.arm_right_1] run data modify entity @s {} merge value {transformation:[0.9020861372004303f,-0.18581786115022483f,-0.3895026617988152f,-0.23468522825570137f,-0.309767871787915f,0.34960625166000947f,-0.8842054820052995f,1.153030717418023f,0.3004737370866084f,0.9182849183547521f,0.2578145497124121f,0.23941179575982086f,0f,0f,0f,1f],start_interpolation:0}
execute if entity @s[tag=aj.frestchika_v2.bone.arm_right_0] run data modify entity @s {} merge value {transformation:[0.2401420081806735f,-0.18581786115022483f,-0.952787247177726f,-0.2740730289074812f,-0.8900621049433273f,0.34960625166000947f,-0.2925148169650414f,1.4782640861934238f,0.3874548557584572f,0.9182849183547521f,-0.08143428928528332f,0.10761982855460853f,0f,0f,0f,1f],start_interpolation:0}
execute if entity @s[tag=aj.frestchika_v2.bone.arm_left_1] run data modify entity @s {} merge value {transformation:[-0.599542015857651f,0.7923473907268339f,-0.11284938471131306f,0.4488629913419926f,0.800064929557349f,0.5970642488489892f,-0.05839855510872061f,1.2587766734543289f,0.021106390353118842f,-0.12529922248270337f,-0.991894462698271f,-0.20426848190538516f,0f,0f,0f,1f],start_interpolation:0}
execute if entity @s[tag=aj.frestchika_v2.bone.arm_left_0] run data modify entity @s {} merge value {transformation:[-0.48296329909382363f,0.7923473907268339f,-0.37273591742249323f,0.26033687067224426f,0.7393754612277805f,0.5970642488489892f,0.31118838358878215f,1.5506370031505814f,0.4691165943159725f,-0.12529922248270337f,-0.8742023368663647f,-0.0056943149681665944f,0f,0f,0f,1f],start_interpolation:0}
execute if entity @s[tag=aj.frestchika_v2.bone.right_wing_0] run data modify entity @s {} merge value {transformation:[-0.9537169507482269f,0.058664791257405924f,-0.294927821885676f,-0.355119316828414f,0f,0.9807852804032304f,0.19509032201612825f,1.3282367187296913f,0.300705799504273f,0.1860609470337115f,-0.9353915469649137f,-0.45871101330531033f,0f,0f,0f,1f],start_interpolation:0}
execute if entity @s[tag=aj.frestchika_v2.bone.right_wing_1] run data modify entity @s {} merge value {transformation:[-0.9537169507482269f,0.058664791257405924f,-0.294927821885676f,0.24731272588534522f,0f,0.9807852804032304f,0.19509032201612825f,1.9786403403476391f,0.300705799504273f,0.1860609470337115f,-0.9353915469649137f,0.12175551277348506f,0f,0f,0f,1f],start_interpolation:0}
execute if entity @s[tag=aj.frestchika_v2.bone.right_wing_2] run data modify entity @s {} merge value {transformation:[-0.9537169507482269f,0.058664791257405924f,-0.294927821885676f,0.2521734919914453f,0f,0.9807852804032304f,0.19509032201612825f,1.9602506163400784f,0.300705799504273f,0.1860609470337115f,-0.9353915469649137f,0.11638745876970122f,0f,0f,0f,1f],start_interpolation:0}
execute if entity @s[tag=aj.frestchika_v2.bone.left_wing_0] run data modify entity @s {} merge value {transformation:[-0.9537169507482269f,0.058664791257405924f,-0.294927821885676f,-0.355119316828414f,0f,0.9807852804032304f,0.19509032201612825f,1.3282367187296913f,0.300705799504273f,0.1860609470337115f,-0.9353915469649137f,-0.45871101330531033f,0f,0f,0f,1f],start_interpolation:0}
execute if entity @s[tag=aj.frestchika_v2.bone.left_wing_1] run data modify entity @s {} merge value {transformation:[-0.9537169507482269f,0.058664791257405924f,-0.294927821885676f,0.24731272588534522f,0f,0.9807852804032304f,0.19509032201612825f,1.9786403403476391f,0.300705799504273f,0.1860609470337115f,-0.9353915469649137f,0.12175551277348506f,0f,0f,0f,1f],start_interpolation:0}
execute if entity @s[tag=aj.frestchika_v2.bone.left_wing_2] run data modify entity @s {} merge value {transformation:[-0.9537169507482269f,0.058664791257405924f,-0.294927821885676f,0.2521734919914453f,0f,0.9807852804032304f,0.19509032201612825f,1.9602506163400784f,0.300705799504273f,0.1860609470337115f,-0.9353915469649137f,0.11638745876970122f,0f,0f,0f,1f],start_interpolation:0}
execute if entity @s[tag=aj.frestchika_v2.bone.leg_right_1] run data modify entity @s {} merge value {transformation:[-0.9384393622131221f,0.028892445105749454f,-0.3442336271558021f,-0.04826620965023336f,0.01286563382557453f,0.9987280500007029f,0.04875200106723493f,0.5461071625275258f,0.34520434370861375f,0.04132201299071342f,-0.9376174338860708f,0.2558642458532944f,0f,0f,0f,1f],start_interpolation:0}
execute if entity @s[tag=aj.frestchika_v2.bone.leg_right_0] run data modify entity @s {} merge value {transformation:[-0.9384393622131221f,-0.1685400788858692f,-0.30153906091611665f,-0.11848052800881888f,0.01286563382557453f,0.855244851242009f,-0.5180643974355891f,0.8511997316472582f,0.34520434370861375f,-0.49005151385663404f,-0.8004270577957283f,0.053615662692965436f,0f,0f,0f,1f],start_interpolation:0}
execute if entity @s[tag=aj.frestchika_v2.bone.leg_left_1] run data modify entity @s {} merge value {transformation:[-0.9384393622131221f,0.06323517314194735f,-0.3396069438729669f,0.19257388304278988f,0.01286563382557453f,0.9888185995581859f,0.14856733367081282f,0.6325594637114711f,0.34520434370861375f,0.13505217527124957f,-0.9287598564963976f,0.18315820629833887f,0f,0f,0f,1f],start_interpolation:0}
execute if entity @s[tag=aj.frestchika_v2.bone.leg_left_0] run data modify entity @s {} merge value {transformation:[-0.9384393622131221f,-0.19417959382364292f,-0.28570237799415255f,0.11064670883497328f,0.01286563382557453f,0.8068380990279365f,-0.5906325062365365f,0.8785327083585083f,0.34520434370861375f,-0.5579485346333218f,-0.7546703875104908f,-0.04872846681836032f,0f,0f,0f,1f],start_interpolation:0}
execute if entity @s[tag=aj.frestchika_v2.bone.body_0] run data modify entity @s {} merge value {transformation:[-0.9384393622131221f,-0.0027266948771443034f,-0.34543324765296624f,0.0010999648360763609f,0.01286563382557453f,0.998999200508465f,-0.04283775028773021f,1.2027647240075605f,0.34520434370861375f,-0.04464484873414459f,-0.9374650919187394f,0.00348864275688209f,0f,0f,0f,1f],start_interpolation:0}
execute if entity @s[tag=aj.frestchika_v2.bone.body_1] run data modify entity @s {} merge value {transformation:[-0.9537169507482269f,0.058664791257405924f,-0.294927821885676f,0f,0f,0.9807852804032304f,0.19509032201612825f,1.184375f,0.300705799504273f,0.1860609470337115f,-0.9353915469649137f,0f,0f,0f,0f,1f],start_interpolation:0}