execute if entity @s[tag=aj.frestchika_v2.bone.hair] run data modify entity @s {} merge value {transformation:[-0.9117368035874702f,0.41074545473789553f,-0.004916543121144867f,-0.014270992031125349f,0.09993251359912345f,0.2333990282587728f,0.9672323331721402f,1.1353118443416643f,0.39843380091285374f,0.8813699932605034f,-0.2538453097264479f,0.13953884706032715f,0f,0f,0f,1f],start_interpolation:0}
execute if entity @s[tag=aj.frestchika_v2.bone.side_hair_2] run data modify entity @s {} merge value {transformation:[-0.8707367895796949f,0.48195424698310824f,-0.09766036600070208f,0.5766973772158949f,-0.00772809621916927f,0.18516181279066501f,0.9826776580409784f,1.1845527929053703f,0.49168864111475374f,0.8564083178595474f,-0.1575026136281774f,0.2886570686738873f,0f,0f,0f,1f],start_interpolation:0}
execute if entity @s[tag=aj.frestchika_v2.bone.side_hair_1] run data modify entity @s {} merge value {transformation:[-0.8707367895796949f,0.4132086702464468f,-0.26660089667067727f,0.5989159295960051f,-0.00772809621916927f,0.5305824626639484f,0.8475980927552204f,1.3888163009996297f,0.49168864111475374f,0.7400951595211408f,-0.4588043537850352f,0.6531040764528636f,0f,0f,0f,1f],start_interpolation:0}
execute if entity @s[tag=aj.frestchika_v2.bone.head] run data modify entity @s {} merge value {transformation:[-0.9117368035874702f,0.3532577267314364f,-0.2096305786106608f,0.10761164077716015f,0.09993251359912345f,0.6857456542767693f,0.720948257759381f,1.054693591514888f,0.39843380091285374f,0.6363661494336915f,-0.6605214834848846f,0.4386632346583273f,0f,0f,0f,1f],start_interpolation:0}
execute if entity @s[tag=aj.frestchika_v2.bone.group] run data modify entity @s {} merge value {transformation:[0.0000027402941824721172f,0.0000057221992870029745f,0.000007729632792916628f,0.2187477094356126f,0.00000251159787827427f,0.000007332561364774844f,-0.000006318656497204091f,0.7703807193435533f,-0.000009283461848435507f,0.000003672870696285664f,5.721511662213086e-7f,0.344228787910105f,0f,0f,0f,1f],start_interpolation:0}
execute if entity @s[tag=aj.frestchika_v2.bone.group2] run data modify entity @s {} merge value {transformation:[0.0000027402941824721172f,0.0000057221992870029745f,0.000007729632792916628f,0.2187477094356126f,0.00000251159787827427f,0.000007332561364774844f,-0.000006318656497204091f,0.7703807193435533f,-0.000009283461848435507f,0.000003672870696285664f,5.721511662213086e-7f,0.344228787910105f,0f,0f,0f,1f],start_interpolation:0}
execute if entity @s[tag=aj.frestchika_v2.bone.group3] run data modify entity @s {} merge value {transformation:[0.0000027402941824721172f,0.0000057221992870029745f,0.000007729632792916628f,0.2187477094356126f,0.00000251159787827427f,0.000007332561364774844f,-0.000006318656497204091f,0.7703807193435533f,-0.000009283461848435507f,0.000003672870696285664f,5.721511662213086e-7f,0.344228787910105f,0f,0f,0f,1f],start_interpolation:0}
execute if entity @s[tag=aj.frestchika_v2.locator_origin.muzzle] at @s on origin run tp @s ^0.21875 ^0.77038 ^0.34422 ~94.23334 ~-39.1879
execute if entity @s[tag=aj.frestchika_v2.bone.gun] run data modify entity @s {} merge value {transformation:[0.0000027402941824721172f,0.0000057221992870029745f,0.000007729632792916628f,0.21875253406464037f,0.00000251159787827427f,0.000007332561364774844f,-0.000006318656497204091f,0.7703792500597267f,-0.000009283461848435507f,0.000003672870696285664f,5.721511662213086e-7f,0.3442293096069456f,0f,0f,0f,1f],start_interpolation:0}
execute if entity @s[tag=aj.frestchika_v2.bone.sword] run data modify entity @s {} merge value {transformation:[0.602198530764906f,-0.8625287590183119f,-0.030426657899271917f,-0.0043311596455791745f,0.7716714254675399f,0.5547103236329992f,-0.4520446660141763f,0.6119958269083631f,0.386529239206407f,0.23635843293883985f,0.9498708072770802f,0.3017988725930539f,0f,0f,0f,1f],start_interpolation:0}
execute if entity @s[tag=aj.frestchika_v2.bone.arm_right_1] run data modify entity @s {} merge value {transformation:[0.2740294182472117f,0.5722199287002974f,0.7729632792916628f,0.1717684528376483f,0.251159787827427f,0.7332561364774843f,-0.631865649720409f,0.6603007988823332f,-0.9283461848435507f,0.3672870696285664f,0.05721511662213086f,0.6371969450135974f,0f,0f,0f,1f],start_interpolation:0}
execute if entity @s[tag=aj.frestchika_v2.bone.arm_right_0] run data modify entity @s {} merge value {transformation:[0.8189914714642244f,0.5722199287002974f,0.042630069986935304f,-0.09760103063724478f,-0.4876530513957445f,0.7332561364774843f,-0.47384590299224094f,0.8543264833103682f,-0.30240282924153317f,0.3672870696285664f,0.8795753164740222f,0.669509715781544f,0f,0f,0f,1f],start_interpolation:0}
execute if entity @s[tag=aj.frestchika_v2.bone.arm_left_1] run data modify entity @s {} merge value {transformation:[-0.04591715674061353f,0.3975790698463981f,-0.9164182985607232f,0.021173230332152515f,0.08247028124172398f,0.9157629772347042f,0.39316259007965365f,1.190482880076224f,0.9955351663445992f,-0.057524366544131955f,-0.0748376898689922f,-0.14651721987093522f,0f,0f,0f,1f],start_interpolation:0}
execute if entity @s[tag=aj.frestchika_v2.bone.arm_left_0] run data modify entity @s {} merge value {transformation:[0.3751327151059813f,0.3975790698463981f,-0.8373806358384981f,0.18169357432252628f,-0.10501052211113088f,0.9157629772347042f,0.3877511570223595f,1.143631781768992f,0.9210039284949669f,-0.057524366544131955f,0.3852826377486196f,0.21706831855519385f,0f,0f,0f,1f],start_interpolation:0}
execute if entity @s[tag=aj.frestchika_v2.bone.right_wing_0] run data modify entity @s {} merge value {transformation:[-0.2981212615277504f,0.2869643754057605f,-0.9103708918199682f,-0.5613416502655485f,-0.3610588521249966f,0.848974577373035f,0.3858479911525476f,0.9102882630226413f,0.8836063709182286f,0.44372695908887294f,-0.14948634402666744f,0.3811469323232465f,0f,0f,0f,1f],start_interpolation:0}
execute if entity @s[tag=aj.frestchika_v2.bone.right_wing_1] run data modify entity @s {} merge value {transformation:[-0.2981212615277504f,0.2869643754057605f,-0.9103708918199682f,0.32263048964940827f,-0.3610588521249966f,0.848974577373035f,0.3858479911525476f,1.4888759476984985f,0.8836063709182286f,0.44372695908887294f,-0.14948634402666744f,0.46312358750997096f,0f,0f,0f,1f],start_interpolation:0}
execute if entity @s[tag=aj.frestchika_v2.bone.right_wing_2] run data modify entity @s {} merge value {transformation:[-0.2981212615277504f,0.2869643754057605f,-0.9103708918199682f,0.3191131654950986f,-0.3610588521249966f,0.848974577373035f,0.3858479911525476f,1.4752142921985352f,0.8836063709182286f,0.44372695908887294f,-0.14948634402666744f,0.4492811672088155f,0f,0f,0f,1f],start_interpolation:0}
execute if entity @s[tag=aj.frestchika_v2.bone.left_wing_0] run data modify entity @s {} merge value {transformation:[-0.2981212615277504f,0.2869643754057605f,-0.9103708918199682f,-0.5613416502655485f,-0.3610588521249966f,0.848974577373035f,0.3858479911525476f,0.9102882630226413f,0.8836063709182286f,0.44372695908887294f,-0.14948634402666744f,0.3811469323232465f,0f,0f,0f,1f],start_interpolation:0}
execute if entity @s[tag=aj.frestchika_v2.bone.left_wing_1] run data modify entity @s {} merge value {transformation:[-0.2981212615277504f,0.2869643754057605f,-0.9103708918199682f,0.32263048964940827f,-0.3610588521249966f,0.848974577373035f,0.3858479911525476f,1.4888759476984985f,0.8836063709182286f,0.44372695908887294f,-0.14948634402666744f,0.46312358750997096f,0f,0f,0f,1f],start_interpolation:0}
execute if entity @s[tag=aj.frestchika_v2.bone.left_wing_2] run data modify entity @s {} merge value {transformation:[-0.2981212615277504f,0.2869643754057605f,-0.9103708918199682f,0.3191131654950986f,-0.3610588521249966f,0.848974577373035f,0.3858479911525476f,1.4752142921985352f,0.8836063709182286f,0.44372695908887294f,-0.14948634402666744f,0.4492811672088155f,0f,0f,0f,1f],start_interpolation:0}
execute if entity @s[tag=aj.frestchika_v2.bone.leg_right_1] run data modify entity @s {} merge value {transformation:[-0.8752144554697877f,0.16340371076304522f,-0.45530087222142457f,0.14132762781073765f,0.164055852871628f,0.9857033633588104f,0.038399955751166504f,0.45074335190675613f,0.4550662963517355f,-0.04108657654266065f,-0.8895091675484395f,0.6693572670770138f,0f,0f,0f,1f],start_interpolation:0}
execute if entity @s[tag=aj.frestchika_v2.bone.leg_right_0] run data modify entity @s {} merge value {transformation:[-0.8752144554697877f,-0.3904540317432468f,-0.2855613875021737f,-0.0073900634595193745f,0.164055852871628f,0.3157542673562656f,-0.9345506512676938f,0.46265589610623176f,0.4550662963517355f,-0.8647802563320643f,-0.2122964299816718f,0.3790386984607554f,0f,0f,0f,1f],start_interpolation:0}
execute if entity @s[tag=aj.frestchika_v2.bone.leg_left_1] run data modify entity @s {} merge value {transformation:[0.001951130982283645f,0.08440476679133972f,-0.9964296404818502f,-0.05864361743579614f,-0.8387507401544936f,0.5427081567124009f,0.044328913004012364f,0.2731201419098689f,0.5445120650437223f,0.8356696069504547f,0.07185345531770322f,-0.29822885138339034f,0f,0f,0f,1f],start_interpolation:0}
execute if entity @s[tag=aj.frestchika_v2.bone.leg_left_0] run data modify entity @s {} merge value {transformation:[0.001951130982283645f,0.17468860579660708f,-0.9846217974901467f,0.014085491228282518f,-0.8387507401544936f,0.5364263704631617f,0.09350906352866573f,0.4757544877181812f,0.5445120650437223f,0.8256698129861333f,0.14756683551958538f,0.013642665176264446f,0f,0f,0f,1f],start_interpolation:0}
execute if entity @s[tag=aj.frestchika_v2.bone.body_0] run data modify entity @s {} merge value {transformation:[0.0016389947462087662f,-0.0010591310711374202f,-0.9999980959669853f,0.010761164077715985f,-0.4247291246107146f,0.9053189668494498f,-0.0016549834020221366f,0.7681646716514888f,0.9053189959365912f,0.42473102842154004f,0.0010339692176172255f,0.2889053859658327f,0f,0f,0f,1f],start_interpolation:0}
execute if entity @s[tag=aj.frestchika_v2.bone.body_1] run data modify entity @s {} merge value {transformation:[-0.2981212615277504f,0.2869643754057605f,-0.9103708918199682f,-3.3342922617410354e-17f,-0.3610588521249966f,0.848974577373035f,0.3858479911525476f,0.736328125f,0.8836063709182286f,0.44372695908887294f,-0.14948634402666744f,0.27226562499999996f,0f,0f,0f,1f],start_interpolation:0}