execute if entity @s[tag=aj.frestchika_v2.bone.hair] run data modify entity @s {} merge value {transformation:[-1f,-8.971934595423703e-18f,1.2213558947429703e-16f,2.9985335284724747e-17f,0f,0.9973127726241768f,0.0732614056695392f,0.7069404017677962f,-1.2246467991473532e-16f,0.0732614056695392f,-0.9973127726241768f,-0.24484884381032734f,0f,0f,0f,1f],start_interpolation:0}
execute if entity @s[tag=aj.frestchika_v2.bone.side_hair_2] run data modify entity @s {} merge value {transformation:[-1f,-1.078421820330834e-17f,1.2198892763018294e-16f,0.48737937499999995f,0f,0.9961151877840726f,0.08805982435765747f,0.8247253076612657f,-1.2246467991473532e-16f,0.08805982435765747f,-0.9961151877840726f,0.30595756254520257f,0f,0f,0f,1f],start_interpolation:0}
execute if entity @s[tag=aj.frestchika_v2.bone.side_hair_1] run data modify entity @s {} merge value {transformation:[-1f,-1.078421820330834e-17f,1.2198892763018294e-16f,0.32910999999999996f,0f,0.9961151877840726f,0.08805982435765747f,1.2105057781622202f,-1.2246467991473532e-16f,0.08805982435765747f,-0.9961151877840726f,0.3400618116215579f,0f,0f,0f,1f],start_interpolation:0}
execute if entity @s[tag=aj.frestchika_v2.bone.head] run data modify entity @s {} merge value {transformation:[-1f,-5.674497723668825e-17f,1.0852467638756776e-16f,-1.0644929019563776e-17f,0f,0.8861712329067194f,0.46335790267198923f,0.7344702425028087f,-1.2246467991473532e-16f,0.46335790267198923f,-0.8861712329067194f,0.08692244185813565f,0f,0f,0f,1f],start_interpolation:0}
execute if entity @s[tag=aj.frestchika_v2.bone.group] run data modify entity @s {} merge value {transformation:[-0.0000018773474652530296f,-0.0000010810228500664025f,-0.000009762528160898816f,-0.3302494481200922f,-0.000006816621978598652f,0.000007299389525127178f,5.02570752580624e-7f,0.17059657004288667f,0.000007071720532910917f,0.0000067490963956738664f,-0.000002107241454202201f,0.5615428537696685f,0f,0f,0f,1f],start_interpolation:0}
execute if entity @s[tag=aj.frestchika_v2.bone.group2] run data modify entity @s {} merge value {transformation:[-0.0000018773474652530296f,-0.0000010810228500664025f,-0.000009762528160898816f,-0.3302494481200922f,-0.000006816621978598652f,0.000007299389525127178f,5.02570752580624e-7f,0.17059657004288667f,0.000007071720532910917f,0.0000067490963956738664f,-0.000002107241454202201f,0.5615428537696685f,0f,0f,0f,1f],start_interpolation:0}
execute if entity @s[tag=aj.frestchika_v2.bone.group3] run data modify entity @s {} merge value {transformation:[-0.0000018773474652530296f,-0.0000010810228500664025f,-0.000009762528160898816f,-0.3302494481200922f,-0.000006816621978598652f,0.000007299389525127178f,5.02570752580624e-7f,0.17059657004288667f,0.000007071720532910917f,0.0000067490963956738664f,-0.000002107241454202201f,0.5615428537696685f,0f,0f,0f,1f],start_interpolation:0}
execute if entity @s[tag=aj.frestchika_v2.locator_origin.muzzle] at @s on origin run tp @s ^-0.33025 ^0.17059 ^0.56155 ~-77.81958 ~2.88073
execute if entity @s[tag=aj.frestchika_v2.bone.gun] run data modify entity @s {} merge value {transformation:[-0.0000018773474652530296f,-0.0000010810228500664025f,-0.000009762528160898816f,-0.3302543149976145f,-0.000006816621978598652f,0.000007299389525127178f,5.02570752580624e-7f,0.17059785472930766f,0.000007071720532910917f,0.0000067490963956738664f,-0.000002107241454202201f,0.5615434629427111f,0f,0f,0f,1f],start_interpolation:0}
execute if entity @s[tag=aj.frestchika_v2.bone.sword] run data modify entity @s {} merge value {transformation:[-0.0000019757016989576356f,-0.0000011376576371813812f,-0.000010273987011248304f,-0.3761340004738374f,-0.0000071737448040574355f,0.00000768180454234859f,5.289004343083229e-7f,0.18376452122103437f,0.0000074422079716301195f,0.0000071026815558432195f,-0.000002217639833987854f,0.5399599268240711f,0f,0f,0f,1f],start_interpolation:0}
execute if entity @s[tag=aj.frestchika_v2.bone.arm_right_1] run data modify entity @s {} merge value {transformation:[-0.18773474652530295f,-0.10810228500664024f,-0.9762528160898815f,-0.3204005299469886f,-0.6816621978598651f,0.7299389525127177f,0.050257075258062396f,0.38613024555811765f,0.7071720532910917f,0.6749096395673866f,-0.21072414542022005f,0.33001917453668556f,0f,0f,0f,1f],start_interpolation:0}
execute if entity @s[tag=aj.frestchika_v2.bone.arm_right_0] run data modify entity @s {} merge value {transformation:[-0.18773474652530295f,-0.10810228500664024f,-0.9762528160898815f,-0.25f,-0.6816621978598651f,0.7299389525127177f,0.050257075258062396f,0.6417535697555671f,0.7071720532910917f,0.6749096395673866f,-0.21072414542022005f,0.06482965455252616f,0f,0f,0f,1f],start_interpolation:0}
execute if entity @s[tag=aj.frestchika_v2.bone.arm_left_1] run data modify entity @s {} merge value {transformation:[-0.18773472970527352f,0.10810238922416227f,0.9762528077841905f,0.3204005236394776f,0.6816619402835106f,0.7299392045293435f,0.05025690857970538f,0.3861303421492506f,-0.7071723060410438f,0.67490935030943f,-0.21072422365142435f,0.3300192693179176f,0f,0f,0f,1f],start_interpolation:0}
execute if entity @s[tag=aj.frestchika_v2.bone.arm_left_0] run data modify entity @s {} merge value {transformation:[-0.18773472970527352f,0.10810238922416227f,0.9762528077841905f,0.25f,0.6816619402835106f,0.7299392045293435f,0.05025690857970538f,0.6417535697555671f,-0.7071723060410438f,0.67490935030943f,-0.21072422365142435f,0.06482965455252622f,0f,0f,0f,1f],start_interpolation:0}
execute if entity @s[tag=aj.frestchika_v2.bone.right_wing_0] run data modify entity @s {} merge value {transformation:[-1f,-2.83864773855034e-17f,1.191293655160678e-16f,-0.20074624999999993f,0f,0.9727650911186008f,0.23179317828836174f,0.5338874344968765f,-1.2246467991473532e-16f,0.23179317828836174f,-0.9727650911186008f,-0.5384790370108529f,0f,0f,0f,1f],start_interpolation:0}
execute if entity @s[tag=aj.frestchika_v2.bone.right_wing_1] run data modify entity @s {} merge value {transformation:[-1f,-2.83864773855034e-17f,1.191293655160678e-16f,0.19925374999999998f,0f,0.9727650911186008f,0.23179317828836174f,1.1562329623245686f,-1.2246467991473532e-16f,0.23179317828836174f,-0.9727650911186008f,0.2201886563785991f,0f,0f,0f,1f],start_interpolation:0}
execute if entity @s[tag=aj.frestchika_v2.bone.right_wing_2] run data modify entity @s {} merge value {transformation:[-1f,-2.83864773855034e-17f,1.191293655160678e-16f,0.20550374999999999f,0f,0.9727650911186008f,0.23179317828836174f,1.1379936168660947f,-1.2246467991473532e-16f,0.23179317828836174f,-0.9727650911186008f,0.21584253428569225f,0f,0f,0f,1f],start_interpolation:0}
execute if entity @s[tag=aj.frestchika_v2.bone.left_wing_0] run data modify entity @s {} merge value {transformation:[-1f,-2.83864773855034e-17f,1.191293655160678e-16f,-0.20074624999999993f,0f,0.9727650911186008f,0.23179317828836174f,0.5338874344968765f,-1.2246467991473532e-16f,0.23179317828836174f,-0.9727650911186008f,-0.5384790370108529f,0f,0f,0f,1f],start_interpolation:0}
execute if entity @s[tag=aj.frestchika_v2.bone.left_wing_1] run data modify entity @s {} merge value {transformation:[-1f,-2.83864773855034e-17f,1.191293655160678e-16f,0.19925374999999998f,0f,0.9727650911186008f,0.23179317828836174f,1.1562329623245686f,-1.2246467991473532e-16f,0.23179317828836174f,-0.9727650911186008f,0.2201886563785991f,0f,0f,0f,1f],start_interpolation:0}
execute if entity @s[tag=aj.frestchika_v2.bone.left_wing_2] run data modify entity @s {} merge value {transformation:[-1f,-2.83864773855034e-17f,1.191293655160678e-16f,0.20550374999999999f,0f,0.9727650911186008f,0.23179317828836174f,1.1379936168660947f,-1.2246467991473532e-16f,0.23179317828836174f,-0.9727650911186008f,0.21584253428569225f,0f,0f,0f,1f],start_interpolation:0}
execute if entity @s[tag=aj.frestchika_v2.bone.leg_right_1] run data modify entity @s {} merge value {transformation:[-0.9396926111483904f,0.34202016980453065f,8.14292117068404e-9f,-0.253257563676699f,-3.1588473663191063e-8f,-6.298030361118201e-8f,-0.9999999999999976f,0.09633386444556978f,-0.34202016980452926f,-0.9396926111483883f,6.998602100627416e-8f,0.34981228927802277f,0f,0f,0f,1f],start_interpolation:0}
execute if entity @s[tag=aj.frestchika_v2.bone.leg_right_0] run data modify entity @s {} merge value {transformation:[-0.9396926111483904f,0.34202016980453065f,8.14292117068404e-9f,-0.125f,-3.1588473663191063e-8f,-6.298030361118201e-8f,-0.9999999999999976f,0.09633384082795593f,-0.34202016980452926f,-0.9396926111483883f,6.998602100627416e-8f,-0.002572439902622861f,0f,0f,0f,1f],start_interpolation:0}
execute if entity @s[tag=aj.frestchika_v2.bone.leg_left_1] run data modify entity @s {} merge value {transformation:[-0.9396926111483904f,-0.3420201698045304f,-8.142921170684056e-9f,0.25325756367669894f,3.1588473663191063e-8f,-6.298030361118201e-8f,-0.9999999999999976f,0.09633386444556978f,0.34202016980452904f,-0.9396926111483884f,6.998602100627416e-8f,0.3498122892780228f,0f,0f,0f,1f],start_interpolation:0}
execute if entity @s[tag=aj.frestchika_v2.bone.leg_left_0] run data modify entity @s {} merge value {transformation:[-0.9396926111483904f,-0.3420201698045304f,-8.142921170684056e-9f,0.125f,3.1588473663191063e-8f,-6.298030361118201e-8f,-0.9999999999999976f,0.09633384082795593f,0.34202016980452904f,-0.9396926111483884f,6.998602100627416e-8f,-0.0025724399026228334f,0f,0f,0f,1f],start_interpolation:0}
execute if entity @s[tag=aj.frestchika_v2.bone.body_0] run data modify entity @s {} merge value {transformation:[-1f,2.1265768495757725e-17f,1.2060416625018979e-16f,0f,0f,0.984807753012208f,-0.17364817766693044f,0.36968333333333336f,-1.2246467991473532e-16f,-0.17364817766693044f,-0.984807753012208f,0f,0f,0f,0f,1f],start_interpolation:0}
execute if entity @s[tag=aj.frestchika_v2.bone.body_1] run data modify entity @s {} merge value {transformation:[-1f,-2.83864773855034e-17f,1.191293655160678e-16f,0f,0f,0.9727650911186008f,0.23179317828836174f,0.36968333333333336f,-1.2246467991473532e-16f,0.23179317828836174f,-0.9727650911186008f,0f,0f,0f,0f,1f],start_interpolation:0}