execute if entity @s[tag=aj.frestchika_v2.bone.hair] run data modify entity @s {} merge value {transformation:[-0.9999638512460157f,0.0030791121332586933f,0.007925608475510229f,0.0020642814416106264f,0.0023651654360010454f,0.9960676743831575f,-0.08856406743927558f,1.269748423717037f,-0.00816714109689593f,-0.0885421205833643f,-0.9960389503874356f,-0.22895477005580775f,0f,0f,0f,1f],start_interpolation:0}
execute if entity @s[tag=aj.frestchika_v2.bone.side_hair_2] run data modify entity @s {} merge value {transformation:[-0.9999638512460157f,0.0005187259989146648f,0.008486879554601354f,0.49056145752052394f,0.0023651654360010454f,0.9757133852404357f,0.21903834334451483f,1.6524290654517826f,-0.00816714109689593f,0.2190504982555102f,-0.9756793412901167f,-0.2528357689881729f,0f,0f,0f,1f],start_interpolation:0}
execute if entity @s[tag=aj.frestchika_v2.bone.side_hair_1] run data modify entity @s {} merge value {transformation:[-0.9999638512460157f,0.0034007213538072576f,0.007793028648094386f,0.33361485213073333f,0.0023651654360010454f,0.9916114700994874f,-0.12923272944418512f,2.03683964690459f,-0.00816714109689593f,-0.12920962604004144f,-0.9915836678490101f,-0.30416932732603286f,0f,0f,0f,1f],start_interpolation:0}
execute if entity @s[tag=aj.frestchika_v2.bone.head] run data modify entity @s {} merge value {transformation:[-0.9999638512460157f,0.005865190150427096f,0.006155952057610053f,0.001377656920952626f,0.0023651654360010454f,0.8872965868455719f,-0.4611932056792022f,1.5575087173461801f,-0.00816714109689593f,-0.4611619742744385f,-0.8872783843245622f,-0.06155220113215906f,0f,0f,0f,1f],start_interpolation:0}
execute if entity @s[tag=aj.frestchika_v2.bone.group] run data modify entity @s {} merge value {transformation:[-0.000006435886805292084f,-0.000007651631399681627f,1.7859998004892632e-7f,-0.6828342318419076f,-0.000007628990041750788f,0.000006394607024277105f,-9.526342151808499e-7f,0.9916310284278579f,6.147129186332252e-7f,-7.493583445002356e-7f,-0.000009952918672389185f,-0.12632662535164388f,0f,0f,0f,1f],start_interpolation:0}
execute if entity @s[tag=aj.frestchika_v2.bone.group2] run data modify entity @s {} merge value {transformation:[-0.000006435886805292084f,-0.000007651631399681627f,1.7859998004892632e-7f,-0.6828342318419076f,-0.000007628990041750788f,0.000006394607024277105f,-9.526342151808499e-7f,0.9916310284278579f,6.147129186332252e-7f,-7.493583445002356e-7f,-0.000009952918672389185f,-0.12632662535164388f,0f,0f,0f,1f],start_interpolation:0}
execute if entity @s[tag=aj.frestchika_v2.bone.group3] run data modify entity @s {} merge value {transformation:[-0.000006435886805292084f,-0.000007651631399681627f,1.7859998004892632e-7f,-0.6828342318419076f,-0.000007628990041750788f,0.000006394607024277105f,-9.526342151808499e-7f,0.9916310284278579f,6.147129186332252e-7f,-7.493583445002356e-7f,-0.000009952918672389185f,-0.12632662535164388f,0f,0f,0f,1f],start_interpolation:0}
execute if entity @s[tag=aj.frestchika_v2.locator_origin.muzzle] at @s on origin run tp @s ^-0.68284 ^0.99163 ^-0.12633 ~1.02803 ~-5.46648
execute if entity @s[tag=aj.frestchika_v2.bone.gun] run data modify entity @s {} merge value {transformation:[-0.000006435886805292084f,-0.000007651631399681627f,1.7859998004892632e-7f,-0.6828358844862484f,-0.000007628990041750788f,0.000006394607024277105f,-9.526342151808499e-7f,0.9916314232604784f,6.147129186332252e-7f,-7.493583445002356e-7f,-0.000009952918672389185f,-0.1263314024722931f,0f,0f,0f,1f],start_interpolation:0}
execute if entity @s[tag=aj.frestchika_v2.bone.sword] run data modify entity @s {} merge value {transformation:[-0.8052500368710948f,0.18574416813096628f,0.651610462028071f,-0.4461149728743258f,0.6729620486278983f,0.33704104698629184f,0.7355610959348835f,0.8798313931452891f,-0.07886172281686035f,0.9795035215616735f,-0.37666748203506634f,-0.036242843900231025f,0f,0f,0f,1f],start_interpolation:0}
execute if entity @s[tag=aj.frestchika_v2.bone.arm_right_1] run data modify entity @s {} merge value {transformation:[-0.6435886805292084f,-0.7651631399681625f,0.01785999800489263f,-0.4808246677035371f,-0.7628990041750787f,0.6394607024277105f,-0.09526342151808498f,1.22527389554664f,0.06147129186332251f,-0.07493583445002355f,-0.9952918672389185f,-0.19530580450740964f,0f,0f,0f,1f],start_interpolation:0}
execute if entity @s[tag=aj.frestchika_v2.bone.arm_right_0] run data modify entity @s {} merge value {transformation:[-0.587763683958335f,-0.7651631399681625f,0.2627912119036494f,-0.2473616391946009f,-0.7412825084559811f,0.6394607024277105f,0.20393688412807404f,1.520512293403232f,-0.3240896395704973f,-0.07493583445002355f,-0.9430538299791502f,-0.059775862241841025f,0f,0f,0f,1f],start_interpolation:0}
execute if entity @s[tag=aj.frestchika_v2.bone.arm_left_1] run data modify entity @s {} merge value {transformation:[-0.17092995609192496f,-0.9796763461110409f,0.1049628838253421f,0.3593742277642023f,-0.9450133104442705f,0.1931559109201401f,0.2638951253050564f,1.890392992404643f,-0.2788060135534618f,-0.05408374013629762f,-0.9588233183748173f,0.05602696278552711f,0f,0f,0f,1f],start_interpolation:0}
execute if entity @s[tag=aj.frestchika_v2.bone.arm_left_0] run data modify entity @s {} merge value {transformation:[-0.17008579836118445f,-0.9796763461110409f,0.10632534065949736f,0.2956816883306533f,-0.9428745002218017f,0.1931559109201401f,0.2714377845991568f,1.5372351032556066f,-0.2864585450415572f,-0.05408374013629762f,-0.9565649225356027f,-0.051518474267552135f,0f,0f,0f,1f],start_interpolation:0}
execute if entity @s[tag=aj.frestchika_v2.bone.right_wing_0] run data modify entity @s {} merge value {transformation:[-1.056629181447854f,0.0038827655176655747f,0.02332848386638808f,-0.1881656235010179f,0f,1.042552123549092f,-0.17352115374792157f,1.1297909744255055f,-0.023649398038206f,-0.17347770729965467f,-1.0422910880158271f,-0.5643348646815767f,0f,0f,0f,1f],start_interpolation:0}
execute if entity @s[tag=aj.frestchika_v2.bone.right_wing_1] run data modify entity @s {} merge value {transformation:[-1.0650609802731308f,0.0039137496115231925f,0.023514642914721925f,0.20403413279400864f,0f,1.0508715888118116f,-0.1749058357972358f,1.9990634427373308f,-0.023838117950639056f,-0.1748620426505075f,-1.0506084702402005f,-0.09820503965134184f,0f,0f,0f,1f],start_interpolation:0}
execute if entity @s[tag=aj.frestchika_v2.bone.right_wing_2] run data modify entity @s {} merge value {transformation:[-1.0723480349647354f,0.003940527146327915f,0.023675528058527674f,0.21414789203002435f,0f,1.0580615609198512f,-0.1761025263294609f,1.9766860876882224f,-0.02400121628253615f,-0.1760584335538276f,-1.0577966421138336f,-0.09425328070178093f,0f,0f,0f,1f],start_interpolation:0}
execute if entity @s[tag=aj.frestchika_v2.bone.left_wing_0] run data modify entity @s {} merge value {transformation:[-1.0367773823781823f,0.003809816670288743f,0.022890191623047777f,-0.1881656235010179f,0f,1.022964802244946f,-0.1702610629431028f,1.1297909744255055f,-0.023205076504960214f,-0.17021843276053863f,-1.0227086710102256f,-0.5643348646815767f,0f,0f,0f,1f],start_interpolation:0}
execute if entity @s[tag=aj.frestchika_v2.bone.left_wing_1] run data modify entity @s {} merge value {transformation:[-1.042313033044809f,0.003830158370010464f,0.02301240889617798f,0.20104585784382176f,0f,1.0284267035997896f,-0.17117013540417403f,1.99812633390956f,-0.023328975038442057f,-0.1711272776068851f,-1.0281692048072266f,-0.09811591264825556f,0f,0f,0f,1f],start_interpolation:0}
execute if entity @s[tag=aj.frestchika_v2.bone.left_wing_2] run data modify entity @s {} merge value {transformation:[-1.0489168000926832f,0.0038544250469396846f,0.023158208270015662f,0.20712049842369973f,0f,1.034942491238506f,-0.17225461546335571f,1.9791906959861296f,-0.02347678007563852f,-0.17221148613256337f,-1.0346833610147055f,-0.09482753578924102f,0f,0f,0f,1f],start_interpolation:0}
execute if entity @s[tag=aj.frestchika_v2.bone.leg_right_1] run data modify entity @s {} merge value {transformation:[-0.9960751447540144f,0.08529704322415664f,0.023637267618854416f,-0.13163720049514543f,0.08677739527963729f,0.9936970632549041f,0.07096358324563762f,0.8452290164380483f,-0.01743529958878166f,0.07273624196915396f,-0.9971988013593147f,0.2326396637690481f,0f,0f,0f,1f],start_interpolation:0}
execute if entity @s[tag=aj.frestchika_v2.bone.leg_right_0] run data modify entity @s {} merge value {transformation:[-0.9960751447540144f,0.04826080117594811f,-0.0741970422127769f,-0.12183864858509078f,0.08677739527963729f,0.367341009543554f,-0.9260293010353421f,0.8899851853165037f,-0.01743529958878166f,-0.9288333961359154f,-0.3700871958753386f,-0.10439327474153737f,0f,0f,0f,1f],start_interpolation:0}
execute if entity @s[tag=aj.frestchika_v2.bone.leg_left_1] run data modify entity @s {} merge value {transformation:[-0.9832834420675703f,-0.18023410038627435f,0.025871637244313114f,0.1942529380227441f,-0.176483122452675f,0.9783440849006106f,0.10815063120176673f,0.5090679421877409f,-0.044803794985526224f,0.10177681758601419f,-0.9937978161361384f,-0.07727430551965825f,0f,0f,0f,1f],start_interpolation:0}
execute if entity @s[tag=aj.frestchika_v2.bone.leg_left_0] run data modify entity @s {} merge value {transformation:[-0.9832834420675703f,-0.1807929351725128f,0.02162376348970141f,0.12623652321291134f,-0.176483122452675f,0.9755285710040171f,0.13114005735935225f,0.8756489731104731f,-0.044803794985526224f,0.12513161769340175f,-0.9911279928487173f,-0.028527329892946818f,0f,0f,0f,1f],start_interpolation:0}
execute if entity @s[tag=aj.frestchika_v2.bone.body_0] run data modify entity @s {} merge value {transformation:[-0.9996396612479259f,-0.004164873443615205f,0.026517946551918557f,-0.0000021455730935576983f,-0.001367639855775646f,0.9945091472457895f,0.10464074543731616f,1.1870212352406273f,-0.026808155873849927f,0.1045667723210914f,-0.9941564831076606f,0.000095861853985455f,0f,0f,0f,1f],start_interpolation:0}
execute if entity @s[tag=aj.frestchika_v2.bone.body_1] run data modify entity @s {} merge value {transformation:[-0.9997496187218188f,0.0036737517892070025f,0.0220726847793675f,0f,0f,0.9864303450219123f,-0.16418031069513486f,1.187597337962963f,-0.02237632377264021f,-0.16413920301909082f,-0.9861833613312889f,0f,0f,0f,0f,1f],start_interpolation:0}