execute if entity @s[tag=aj.frestchika_v2.bone.hair] run data modify entity @s {} merge value {transformation:[-0.9999543704229964f,0.009224076555527354f,-0.002484649602433262f,0.00046077238832616715f,0.0095326952335544f,0.9803905338513912f,-0.19683375944224651f,1.250549108509135f,0.0006203172843556523f,-0.19684846340848522f,-0.980433729356648f,-0.2192214585380208f,0f,0f,0f,1f],start_interpolation:0}
execute if entity @s[tag=aj.frestchika_v2.bone.side_hair_2] run data modify entity @s {} merge value {transformation:[-0.9999543704229964f,0.009534994893858081f,0.000583904378474311f,0.4913866581291144f,0.0095326952335544f,0.992009112289344f,0.12580559946398132f,1.6246650780316885f,0.0006203172843556523f,0.12580542519017873f,-0.9920547415335431f,-0.2872890753002184f,0f,0f,0f,1f],start_interpolation:0}
execute if entity @s[tag=aj.frestchika_v2.bone.side_hair_1] run data modify entity @s {} merge value {transformation:[-0.9999543704229964f,0.00914244775860253f,-0.0027699676767653373f,0.3366652377739387f,0.0095326952335544f,0.973803436641615f,-0.22719153704872952f,2.0033132757081162f,0.0006203172843556523f,-0.22720757565266447f,-0.9738461545708877f,-0.37518498400796385f,0f,0f,0f,1f],start_interpolation:0}
execute if entity @s[tag=aj.frestchika_v2.bone.head] run data modify entity @s {} merge value {transformation:[-0.9999543704229964f,0.0076256675035490384f,-0.005753804573881298f,0.0034373519487999552f,0.0095326952335544f,0.8356506526522463f,-0.5491785815592766f,1.5538558570763628f,0.0006203172843556523f,-0.5492083720383367f,-0.8356852154307066f,-0.08201273296746334f,0f,0f,0f,1f],start_interpolation:0}
execute if entity @s[tag=aj.frestchika_v2.bone.group] run data modify entity @s {} merge value {transformation:[-0.000007078958604755151f,-0.000006824220981235651f,0.0000018216347250275437f,-0.7018663439889565f,-0.000007062033575521713f,0.00000688460449562344f,-0.0000016522417247623184f,1.025107307379766f,-1.265971973112401e-7f,-0.0000024560596365122476f,-0.000009692870793089543f,-0.19389152214398772f,0f,0f,0f,1f],start_interpolation:0}
execute if entity @s[tag=aj.frestchika_v2.bone.group2] run data modify entity @s {} merge value {transformation:[-0.000007078958604755151f,-0.000006824220981235651f,0.0000018216347250275437f,-0.7018663439889565f,-0.000007062033575521713f,0.00000688460449562344f,-0.0000016522417247623184f,1.025107307379766f,-1.265971973112401e-7f,-0.0000024560596365122476f,-0.000009692870793089543f,-0.19389152214398772f,0f,0f,0f,1f],start_interpolation:0}
execute if entity @s[tag=aj.frestchika_v2.bone.group3] run data modify entity @s {} merge value {transformation:[-0.000007078958604755151f,-0.000006824220981235651f,0.0000018216347250275437f,-0.7018663439889565f,-0.000007062033575521713f,0.00000688460449562344f,-0.0000016522417247623184f,1.025107307379766f,-1.265971973112401e-7f,-0.0000024560596365122476f,-0.000009692870793089543f,-0.19389152214398772f,0f,0f,0f,1f],start_interpolation:0}
execute if entity @s[tag=aj.frestchika_v2.locator_origin.muzzle] at @s on origin run tp @s ^-0.70187 ^1.0251 ^-0.1939 ~10.64376 ~-9.51026
execute if entity @s[tag=aj.frestchika_v2.bone.gun] run data modify entity @s {} merge value {transformation:[-0.000007078958604755151f,-0.000006824220981235651f,0.0000018216347250275437f,-0.7018671014652977f,-0.000007062033575521713f,0.00000688460449562344f,-0.0000016522417247623184f,1.0251074927219768f,-1.265971973112401e-7f,-0.0000024560596365122476f,-0.000009692870793089543f,-0.19389653212259744f,0f,0f,0f,1f],start_interpolation:0}
execute if entity @s[tag=aj.frestchika_v2.bone.sword] run data modify entity @s {} merge value {transformation:[-0.7181741918442587f,0.0411863341528562f,0.7681498734933798f,-0.4949383410404512f,0.7245288925149153f,0.3893175144984319f,0.6565169220331448f,0.9023423913175634f,-0.2584732600869125f,0.9768624626239935f,-0.2940340372069714f,-0.05692499091812139f,0f,0f,0f,1f],start_interpolation:0}
execute if entity @s[tag=aj.frestchika_v2.bone.arm_right_1] run data modify entity @s {} merge value {transformation:[-0.707895860475515f,-0.682422098123565f,0.18216347250275436f,-0.4715446758889955f,-0.7062033575521712f,0.688460449562344f,-0.16522417247623183f,1.2375347815455493f,-0.012659719731124008f,-0.24560596365122472f,-0.9692870793089542f,-0.23840531707386853f,0f,0f,0f,1f],start_interpolation:0}
execute if entity @s[tag=aj.frestchika_v2.bone.arm_right_0] run data modify entity @s {} merge value {transformation:[-0.5842995537338962f,-0.682422098123565f,0.4391971214602861f,-0.24056983640456384f,-0.715675381266087f,0.688460449562344f,0.1176050935889103f,1.5230699022170535f,-0.3826261624039983f,-0.24560596365122472f,-0.8906598287017006f,-0.07978822818288354f,0f,0f,0f,1f],start_interpolation:0}
execute if entity @s[tag=aj.frestchika_v2.bone.arm_left_1] run data modify entity @s {} merge value {transformation:[-0.020389095653521025f,-0.9984773498031505f,0.0512568698664737f,0.30731753641135867f,-0.9902202122018126f,0.027244509728330545f,0.13682714656331946f,1.9009020278439719f,-0.1380152749713914f,-0.04796580677670238f,-0.9892679441156634f,0.031096602554762147f,0f,0f,0f,1f],start_interpolation:0}
execute if entity @s[tag=aj.frestchika_v2.bone.arm_left_0] run data modify entity @s {} merge value {transformation:[-0.015585770930029157f,-0.9984773498031505f,0.052915646784232995f,0.3017520935737553f,-0.9734273442954058f,0.027244509728330545f,0.2273696155330705f,1.5376104151789907f,-0.22846507199681548f,-0.04796580677670238f,-0.9723697816457225f,-0.05939980628723875f,0f,0f,0f,1f],start_interpolation:0}
execute if entity @s[tag=aj.frestchika_v2.bone.right_wing_0] run data modify entity @s {} merge value {transformation:[-1.0341036930739629f,0.009487197469797405f,0.042290702550944206f,-0.30887355452352044f,0f,1.0099114589214118f,-0.22655640270475266f,0.9716939611420292f,-0.043341786281640135f,-0.22635767424738912f,-1.0090255949868279f,-0.5407349628067255f,0f,0f,0f,1f],start_interpolation:0}
execute if entity @s[tag=aj.frestchika_v2.bone.right_wing_1] run data modify entity @s {} merge value {transformation:[-0.8472561599238316f,0.007772998540219629f,0.03464938621124449f,0.005096787250110713f,0f,0.8274351114686815f,-0.1856209479256321f,1.9023122613147545f,-0.03551055436236157f,-0.18545812681709037f,-0.8267093102937534f,-0.12748616502241608f,0f,0f,0f,1f],start_interpolation:0}
execute if entity @s[tag=aj.frestchika_v2.bone.right_wing_2] run data modify entity @s {} merge value {transformation:[-0.15186667017502573f,0.0013932733232469082f,0.00621073903786455f,0.18207168976003232f,0f,0.14831384073495166f,-0.033271679345160315f,1.9852997096996734f,-0.006365099366838365f,-0.033242494429478305f,-0.14818374429793624f,-0.13870188132429226f,0f,0f,0f,1f],start_interpolation:0}
execute if entity @s[tag=aj.frestchika_v2.bone.left_wing_0] run data modify entity @s {} merge value {transformation:[-1.0731319286246996f,0.009845254964464067f,0.04388680119348753f,-0.17729182671743698f,0f,1.0480266523668662f,-0.235106895957518f,1.0990291994046035f,-0.04497755400543701f,-0.23490066726483322f,-1.0471073549318157f,-0.5638106210677422f,0f,0f,0f,1f],start_interpolation:0}
execute if entity @s[tag=aj.frestchika_v2.bone.left_wing_1] run data modify entity @s {} merge value {transformation:[-1.0707636374718728f,0.009823527505232146f,0.04378994756326742f,0.19132870036732322f,0f,1.0457137659616427f,-0.23458803935954278f,1.997545359049829f,-0.044878293196597425f,-0.23438226579224877f,-1.0447964973209318f,-0.14106341188931462f,0f,0f,0f,1f],start_interpolation:0}
execute if entity @s[tag=aj.frestchika_v2.bone.left_wing_2] run data modify entity @s {} merge value {transformation:[-1.060543275377506f,0.00972976264001456f,0.04337197565562344f,0.21133040593945893f,0f,1.0357325030935594f,-0.23234891335511207f,1.9730052729019076f,-0.04444993310797008f,-0.232145103881754f,-1.0348239897162117f,-0.13471510927694705f,0f,0f,0f,1f],start_interpolation:0}
execute if entity @s[tag=aj.frestchika_v2.bone.leg_right_1] run data modify entity @s {} merge value {transformation:[-0.9937955777346732f,0.0934430550531755f,0.06032201204648853f,-0.1374697658169581f,0.10372017722207294f,0.9744320924007321f,0.19930936289234616f,0.8523061052928251f,-0.040155628646919156f,0.20432937322338254f,-0.9780782344608792f,0.22466315842929657f,0f,0f,0f,1f],start_interpolation:0}
execute if entity @s[tag=aj.frestchika_v2.bone.leg_right_0] run data modify entity @s {} merge value {transformation:[-0.9937955777346732f,0.07711067701798174f,-0.08015168847152253f,-0.11983368758795315f,0.10372017722207294f,0.38234724308346824f,-0.9181790187885438f,0.892364678271953f,-0.040155628646919156f,-0.9207955957737307f,-0.38797293242141384f,-0.10833559453469926f,0f,0f,0f,1f],start_interpolation:0}
execute if entity @s[tag=aj.frestchika_v2.bone.leg_left_1] run data modify entity @s {} merge value {transformation:[-0.9813587140817179f,-0.18241245278161847f,0.060504308657079335f,0.19910411155769664f,-0.18063467905507138f,0.9829727177256399f,0.033700874317157486f,0.5056284347216747f,-0.06562154385983796f,0.022143470307594754f,-0.9975988571085014f,-0.10728507209713595f,0f,0f,0f,1f],start_interpolation:0}
execute if entity @s[tag=aj.frestchika_v2.bone.leg_left_0] run data modify entity @s {} merge value {transformation:[-0.9813587140817179f,-0.19028366434067284f,0.026966671670109035f,0.12597678488359537f,-0.18063467905507138f,0.9611646614218173f,0.2086470856651358f,0.8706136673732894f,-0.06562154385983796f,0.19988651960292203f,-0.9776191447913047f,-0.01836383425292914f,0f,0f,0f,1f],start_interpolation:0}
execute if entity @s[tag=aj.frestchika_v2.bone.body_0] run data modify entity @s {} merge value {transformation:[-0.998754685401133f,-0.004233033056556713f,0.049710761615833085f,-0.000024748934031359676f,0.00032094533448501585f,0.9958283093456642f,0.09124623444202096f,1.1853154778290502f,-0.049889632022859794f,0.09114855861119292f,-0.9945868312418608f,0.000590491677365736f,0f,0f,0f,1f],start_interpolation:0}
execute if entity @s[tag=aj.frestchika_v2.bone.body_1] run data modify entity @s {} merge value {transformation:[-0.9991228300988584f,0.009166271863466547f,0.040860125249109085f,0f,0f,0.9757489522036341f,-0.21889262727079264f,1.18795f,-0.04187565372919998f,-0.2187006212465689f,-0.9748930545916906f,0f,0f,0f,0f,1f],start_interpolation:0}