execute if entity @s[tag=aj.frestchika_v2.bone.hair] run data modify entity @s {} merge value {transformation:[-0.9770260989650754f,0.09495604695122416f,-0.19079662231937783f,-0.05174797599037999f,0.01886250986449297f,0.9302707859675323f,0.3663884147963219f,1.3836165069013955f,0.21228331932278233f,0.3543721404438371f,-0.9106899463673436f,-0.2663169584645977f,0f,0f,0f,1f],start_interpolation:0}
execute if entity @s[tag=aj.frestchika_v2.bone.side_hair_2] run data modify entity @s {} merge value {transformation:[-0.9784322052822387f,0.12736584148583524f,-0.16262952403896386f,0.4607521444798848f,0.018415320626854356f,0.837939314238945f,0.5454526392080038f,1.7354174005537113f,0.20574570623161267f,0.5306935538287343f,-0.8222122939313686f,-0.2386807112991183f,0f,0f,0f,1f],start_interpolation:0}
execute if entity @s[tag=aj.frestchika_v2.bone.side_hair_1] run data modify entity @s {} merge value {transformation:[-0.9784322052822387f,0.07144544132493387f,-0.19381942260883006f,0.33356603861352013f,0.018415320626854356f,0.9647158024212366f,0.2626486179764893f,2.1119519413804566f,0.20574570623161267f,0.2534146196900153f,-0.9452247007429608f,-0.10797378597825982f,0f,0f,0f,1f],start_interpolation:0}
execute if entity @s[tag=aj.frestchika_v2.bone.head] run data modify entity @s {} merge value {transformation:[-0.9770260989650754f,0.004235290322842741f,-0.21307760149055466f,0.008934510517594878f,0.01886250986449297f,0.9975973457308687f,-0.06666139446739508f,1.5800620513036614f,0.21228331932278233f,-0.06914910054806919f,-0.974758531242838f,-0.004483305087674349f,0f,0f,0f,1f],start_interpolation:0}
execute if entity @s[tag=aj.frestchika_v2.bone.group] run data modify entity @s {} merge value {transformation:[0.000005555836590406834f,-6.40969018256386e-7f,-0.00000828986359950102f,-0.09933126398191884f,-0.000007966473730570337f,0.000002444451195817093f,-0.0000055281058827957625f,0.9333958142478951f,0.0000023807511589473807f,0.000009675423353471611f,8.474708551135407e-7f,0.27827852641364553f,0f,0f,0f,1f],start_interpolation:0}
execute if entity @s[tag=aj.frestchika_v2.bone.group2] run data modify entity @s {} merge value {transformation:[0.000005555836590406834f,-6.40969018256386e-7f,-0.00000828986359950102f,-0.09933126398191884f,-0.000007966473730570337f,0.000002444451195817093f,-0.0000055281058827957625f,0.9333958142478951f,0.0000023807511589473807f,0.000009675423353471611f,8.474708551135407e-7f,0.27827852641364553f,0f,0f,0f,1f],start_interpolation:0}
execute if entity @s[tag=aj.frestchika_v2.bone.group3] run data modify entity @s {} merge value {transformation:[0.000005555836590406834f,-6.40969018256386e-7f,-0.00000828986359950102f,-0.09933126398191884f,-0.000007966473730570337f,0.000002444451195817093f,-0.0000055281058827957625f,0.9333958142478951f,0.0000023807511589473807f,0.000009675423353471611f,8.474708551135407e-7f,0.27827852641364553f,0f,0f,0f,1f],start_interpolation:0}
execute if entity @s[tag=aj.frestchika_v2.locator_origin.muzzle] at @s on origin run tp @s ^-0.09933 ^0.93339 ^0.27828 ~-95.83706 ~-33.56005
execute if entity @s[tag=aj.frestchika_v2.bone.gun] run data modify entity @s {} merge value {transformation:[0.000005555836590406834f,-6.40969018256386e-7f,-0.00000828986359950102f,-0.09933500960733185f,-0.000007966473730570337f,0.000002444451195817093f,-0.0000055281058827957625f,0.9333933078544057f,0.0000023807511589473807f,0.000009675423353471611f,8.474708551135407e-7f,0.2782808494051982f,0f,0f,0f,1f],start_interpolation:0}
execute if entity @s[tag=aj.frestchika_v2.bone.sword] run data modify entity @s {} merge value {transformation:[-0.06745493851228386f,0.6562189579570982f,-0.8199702571361986f,-0.05489335933124291f,0.25725159939659503f,0.8069529868651585f,0.6246384583879648f,0.9603439454188385f,1.018231878295999f,-0.16040033761529165f,-0.21213270802660916f,0.006342275515179352f,0f,0f,0f,1f],start_interpolation:0}
execute if entity @s[tag=aj.frestchika_v2.bone.arm_right_1] run data modify entity @s {} merge value {transformation:[0.5555836590406834f,-0.0640969018256386f,-0.828986359950102f,-0.31440308349041035f,-0.7966473730570336f,0.24444511958170928f,-0.5528105882795762f,1.1547038017335838f,0.23807511589473804f,0.967542335347161f,0.08474708551135407f,0.2081225028361673f,0f,0f,0f,1f],start_interpolation:0}
execute if entity @s[tag=aj.frestchika_v2.bone.arm_right_0] run data modify entity @s {} merge value {transformation:[-0.09721148874904958f,-0.0640969018256386f,-0.9931976206332492f,-0.24637820835118637f,-0.9664544658510685f,0.24444511958170928f,0.07881845563831784f,1.511501499711021f,0.23773029233086612f,0.967542335347161f,-0.08570961100858315f,0.1224856586609268f,0f,0f,0f,1f],start_interpolation:0}
execute if entity @s[tag=aj.frestchika_v2.bone.arm_left_1] run data modify entity @s {} merge value {transformation:[-0.8293897041166909f,-0.48541183709856184f,-0.27656476114976597f,0.5354558419702392f,-0.5470876430277187f,0.8059728136150748f,0.2260595818800328f,1.7872640538790534f,0.11317168175653877f,0.33879665305017287f,-0.9340283712663108f,-0.2643112417897618f,0f,0f,0f,1f],start_interpolation:0}
execute if entity @s[tag=aj.frestchika_v2.bone.arm_left_0] run data modify entity @s {} merge value {transformation:[-0.7676571118544301f,-0.48541183709856184f,-0.4184231196097012f,0.24233503683556182f,-0.578367527396049f,0.8059728136150748f,0.12609055066570346f,1.5643469507598833f,0.27603181315401965f,0.33879665305017287f,-0.899457206324406f,-0.15397716394363192f,0f,0f,0f,1f],start_interpolation:0}
execute if entity @s[tag=aj.frestchika_v2.bone.right_wing_0] run data modify entity @s {} merge value {transformation:[-0.8625829097744632f,0.02438376828760268f,-0.5502549154849659f,-0.47045703850010867f,0.009076402018628993f,1.0229245566829095f,0.031101232575559853f,1.259003891443693f,0.550720127739732f,0.02133306319822213f,-0.8623668347769201f,-0.37699495624218865f,0f,0f,0f,1f],start_interpolation:0}
execute if entity @s[tag=aj.frestchika_v2.bone.right_wing_1] run data modify entity @s {} merge value {transformation:[-0.8674013797264671f,0.024519978330114607f,-0.5533286916358289f,0.20452002551569426f,0.009127103661222987f,1.0286387102833239f,0.031274967010751484f,2.0182714502925068f,0.5537965026103767f,0.02145223171273827f,-0.8671840977134926f,-0.07564903851246448f,0f,0f,0f,1f],start_interpolation:0}
execute if entity @s[tag=aj.frestchika_v2.bone.right_wing_2] run data modify entity @s {} merge value {transformation:[-0.8740449953722578f,0.024707782172114223f,-0.557566756318382f,0.20934098188156697f,0.009197010131401276f,1.0365172776792615f,0.03151450877885397f,1.9994754193180495f,0.5580381503588351f,0.02161653901680184f,-0.8738260491491324f,-0.07940304961068982f,0f,0f,0f,1f],start_interpolation:0}
execute if entity @s[tag=aj.frestchika_v2.bone.left_wing_0] run data modify entity @s {} merge value {transformation:[-0.8542272423109302f,0.024147567619805636f,-0.5449247065950529f,-0.47045703850010867f,0.008988480734571983f,1.0130156918780653f,0.03079996117989155f,1.259003891443693f,0.5453854124321093f,0.021126414098126364f,-0.8540132603885063f,-0.37699495624218865f,0f,0f,0f,1f],start_interpolation:0}
execute if entity @s[tag=aj.frestchika_v2.bone.left_wing_1] run data modify entity @s {} merge value {transformation:[-0.8563143683232778f,0.024206567162337052f,-0.5462561164044949f,0.20452002551569426f,0.00901044221159285f,1.0154907843320535f,0.03087521445791151f,2.0182714502925068f,0.5467179478801273f,0.021178032082461003f,-0.8560998635806787f,-0.07564903851246448f,0f,0f,0f,1f],start_interpolation:0}
execute if entity @s[tag=aj.frestchika_v2.bone.left_wing_2] run data modify entity @s {} merge value {transformation:[-0.8590151211132109f,0.024282912901958817f,-0.5479789681806321f,0.20934098188156697f,0.009038860486284587f,1.0186935678778983f,0.030972592622603833f,1.9994754193180495f,0.548442256238908f,0.021244826044290694f,-0.8587999398383669f,-0.07940304961068982f,0f,0f,0f,1f],start_interpolation:0}
execute if entity @s[tag=aj.frestchika_v2.bone.leg_right_1] run data modify entity @s {} merge value {transformation:[-0.7425603183853823f,-0.06093127306719276f,-0.6670019141815194f,0.0647661987459636f,0.036172493364007616f,0.9907517935493623f,-0.1307762757634296f,0.7317609554610092f,0.6688017077454503f,-0.12123639528265817f,-0.7334889311882192f,0.25412892057470365f,0f,0f,0f,1f],start_interpolation:0}
execute if entity @s[tag=aj.frestchika_v2.bone.leg_right_0] run data modify entity @s {} merge value {transformation:[-0.7425603183853823f,-0.5277035109802624f,-0.41247203306224767f,-0.14771154686350105f,0.036172493364007616f,0.5833377462377916f,-0.8114238254685677f,0.9077063640236238f,0.6688017077454503f,-0.6174512760642072f,-0.41407511082344867f,0.008702025499094167f,0f,0f,0f,1f],start_interpolation:0}
execute if entity @s[tag=aj.frestchika_v2.bone.leg_left_1] run data modify entity @s {} merge value {transformation:[-0.7784172230646353f,0.08780813446204025f,-0.6215757060556968f,0.18883454469871946f,-0.06169620417303348f,0.9746736464904846f,0.21495316054336405f,0.6259667366761061f,0.6247080960152358f,0.20567210398894187f,-0.7532853247035818f,0.00379848930703211f,0f,0f,0f,1f],start_interpolation:0}
execute if entity @s[tag=aj.frestchika_v2.bone.leg_left_0] run data modify entity @s {} merge value {transformation:[-0.7784172230646353f,-0.28853117479277723f,-0.557509092310647f,0.06316564567484194f,-0.06169620417303348f,0.9189747126623147f,-0.38945995413887613f,0.9286842531049664f,0.6247080960152358f,-0.2687661412081439f,-0.7331470221675205f,-0.12289478425265285f,0f,0f,0f,1f],start_interpolation:0}
execute if entity @s[tag=aj.frestchika_v2.bone.body_0] run data modify entity @s {} merge value {transformation:[-0.7751663304714865f,0.07134736284916982f,-0.6277154721032763f,0.0003359375954615692f,0.021615780768768425f,0.99601595363711f,0.08651576805481612f,1.2193429331290175f,0.6313872964552951f,0.05349555042082567f,-0.7736202608257142f,-0.012006092271296568f,0f,0f,0f,1f],start_interpolation:0}
execute if entity @s[tag=aj.frestchika_v2.bone.body_1] run data modify entity @s {} merge value {transformation:[-0.8428291026803915f,0.023825361380253002f,-0.5376536578784399f,1.5063155629512462e-18f,0.00886854548385123f,0.9994988034764307f,0.030388990608180618f,1.20525f,0.5381082164174481f,0.020844519766201774f,-0.8426179759652349f,-0.012300000000000014f,0f,0f,0f,1f],start_interpolation:0}