execute if entity @s[tag=aj.frestchika_v2.bone.hair] run data modify entity @s {} merge value {transformation:[0.9925547069480988f,0.11317197928640013f,-0.045025068790311644f,-0.0016793080522712125f,-0.071794806153528f,0.8422358339346352f,0.5343073140485788f,1.41087820949865f,0.09839034263865037f,-0.5270966734298634f,0.844090301647058f,0.17993839524063943f,0f,0f,0f,1f],start_interpolation:0}
execute if entity @s[tag=aj.frestchika_v2.bone.side_hair_2] run data modify entity @s {} merge value {transformation:[0.9925547069480988f,0.12151286305714148f,-0.008353312326859187f,-0.44178805920005426f,-0.071794806153528f,0.6390850551347652f,0.765777903907374f,1.7687630893047441f,0.09839034263865037f,-0.7594767385608664f,0.6430508720625443f,-0.0726584170251442f,0f,0f,0f,1f],start_interpolation:0}
execute if entity @s[tag=aj.frestchika_v2.bone.side_hair_1] run data modify entity @s {} merge value {transformation:[0.9925547069480988f,0.11110029872226139f,-0.04991870730495694f,-0.24166956688741953f,-0.071794806153528f,0.8647403697485275f,0.49706096078505013f,2.0923011443046375f,0.09839034263865037f,-0.48977629235295184f,0.8662785486923044f,-0.24676925037360203f,0f,0f,0f,1f],start_interpolation:0}
execute if entity @s[tag=aj.frestchika_v2.bone.head] run data modify entity @s {} merge value {transformation:[0.9925547069480988f,0.08693717558352432f,-0.08530580998228163f,0.03779863540606077f,-0.071794806153528f,0.9833692997256336f,0.1668242373472574f,1.5391215492583625f,0.09839034263865037f,-0.15945766792059957f,0.9822894647794881f,-0.12473391382694844f,0f,0f,0f,1f],start_interpolation:0}
execute if entity @s[tag=aj.frestchika_v2.bone.group] run data modify entity @s {} merge value {transformation:[0.0000071950153642622736f,0.000006943983367580731f,-1.1335298316328903e-7f,0.7530255876012852f,-0.000006740068909661064f,0.000007021217296719622f,0.0000022965144818323143f,1.079924908856724f,0.0000016742834291272726f,-0.000001575945006339809f,0.000009732069273075612f,0.1927284670920062f,0f,0f,0f,1f],start_interpolation:0}
execute if entity @s[tag=aj.frestchika_v2.bone.group2] run data modify entity @s {} merge value {transformation:[0.0000071950153642622736f,0.000006943983367580731f,-1.1335298316328903e-7f,0.7530255876012852f,-0.000006740068909661064f,0.000007021217296719622f,0.0000022965144818323143f,1.079924908856724f,0.0000016742834291272726f,-0.000001575945006339809f,0.000009732069273075612f,0.1927284670920062f,0f,0f,0f,1f],start_interpolation:0}
execute if entity @s[tag=aj.frestchika_v2.bone.group3] run data modify entity @s {} merge value {transformation:[0.0000071950153642622736f,0.000006943983367580731f,-1.1335298316328903e-7f,0.7530255876012852f,-0.000006740068909661064f,0.000007021217296719622f,0.0000022965144818323143f,1.079924908856724f,0.0000016742834291272726f,-0.000001575945006339809f,0.000009732069273075612f,0.1927284670920062f,0f,0f,0f,1f],start_interpolation:0}
execute if entity @s[tag=aj.frestchika_v2.locator_origin.muzzle] at @s on origin run tp @s ^0.75303 ^1.07992 ^0.19273 ~-179.33269 ~13.27655
execute if entity @s[tag=aj.frestchika_v2.bone.gun] run data modify entity @s {} merge value {transformation:[0.0000071950153642622736f,0.000006943983367580731f,-1.1335298316328903e-7f,0.753027173730301f,-0.000006740068909661064f,0.000007021217296719622f,0.0000022965144818323143f,1.0799269858854004f,0.0000016742834291272726f,-0.000001575945006339809f,0.000009732069273075612f,0.192732811991825f,0f,0f,0f,1f],start_interpolation:0}
execute if entity @s[tag=aj.frestchika_v2.bone.sword] run data modify entity @s {} merge value {transformation:[0.7307778656208286f,-0.21631625834848436f,-0.7257380378571721f,0.529502535649842f,0.7389058870894764f,-0.017200996598642677f,0.7491641527999908f,0.922106549435187f,-0.1658508765221951f,-1.0297747880920982f,0.13993600203912582f,0.1505258087412652f,0f,0f,0f,1f],start_interpolation:0}
execute if entity @s[tag=aj.frestchika_v2.bone.arm_right_1] run data modify entity @s {} merge value {transformation:[0.7195015364262273f,0.694398336758073f,-0.011335298316328901f,0.5276194374747712f,-0.6740068909661063f,0.7021217296719622f,0.2296514481832314f,1.3020367657663827f,0.16742834291272723f,-0.1575945006339809f,0.9732069273075612f,0.18907182640015013f,0f,0f,0f,1f],start_interpolation:0}
execute if entity @s[tag=aj.frestchika_v2.bone.arm_right_0] run data modify entity @s {} merge value {transformation:[0.6486647758441136f,0.694398336758073f,-0.31152039818722554f,0.2731171232818124f,-0.5159489421204534f,0.7021217296719622f,0.4907359430969339f,1.5024943045439498f,0.5594914634772286f,-0.1575945006339809f,0.8137157216534748f,-0.03923810624113615f,0f,0f,0f,1f],start_interpolation:0}
execute if entity @s[tag=aj.frestchika_v2.bone.arm_left_1] run data modify entity @s {} merge value {transformation:[-0.2731838044460122f,0.7516438776644956f,-0.6003349816209976f,-0.2868131922753316f,0.3489515848517907f,0.6589970626497649f,0.6662999796250977f,1.5414135704098277f,0.8964392898673208f,-0.027465479942333254f,-0.4423146470485812f,-0.5021230746247992f,0f,0f,0f,1f],start_interpolation:0}
execute if entity @s[tag=aj.frestchika_v2.bone.arm_left_0] run data modify entity @s {} merge value {transformation:[0.047179945071886054f,0.7516438776644956f,-0.6578795740502166f,-0.24594205416064502f,-0.012184672673152985f,0.6589970626497649f,0.7520468104917606f,1.5099188763111293f,0.9988120876996144f,-0.027465479942333254f,0.04024997983447137f,-0.1392810686626594f,0f,0f,0f,1f],start_interpolation:0}
execute if entity @s[tag=aj.frestchika_v2.bone.right_wing_0] run data modify entity @s {} merge value {transformation:[-0.0649880267077845f,-0.006844719494832754f,0.018465842942573345f,0.04284719055653455f,9.423908138433974e-19f,-0.0636729566334054f,-0.023601604807193016f,1.4155251820687123f,-0.019693591357158032f,0.02258728767497269f,-0.06093650835796009f,0.550808815862698f,0f,0f,0f,1f],start_interpolation:0}
execute if entity @s[tag=aj.frestchika_v2.bone.right_wing_1] run data modify entity @s {} merge value {transformation:[-0.05981396143263741f,-0.006299772567676796f,0.01699567248832805f,-0.11221044368389019f,8.673617379884035e-19f,-0.058603591543060427f,-0.02172254723217644f,1.9475662368055977f,-0.018125672890542968f,0.02078898563782474f,-0.056085007429930445f,-0.3639092712025142f,0f,0f,0f,1f],start_interpolation:0}
execute if entity @s[tag=aj.frestchika_v2.bone.right_wing_2] run data modify entity @s {} merge value {transformation:[-0.05460283846258172f,-0.005750922621155209f,0.015514972377949746f,-0.1176142607183737f,7.917952888196898e-19f,-0.05349791864156342f,-0.01983003146932734f,1.920112456290256f,-0.016546524676893888f,0.01897780380022931f,-0.05119875907764558f,-0.3549135598250715f,0f,0f,0f,1f],start_interpolation:0}
execute if entity @s[tag=aj.frestchika_v2.bone.left_wing_0] run data modify entity @s {} merge value {transformation:[-0.06493702048847556f,-0.0068393473781314515f,0.018451349921588287f,0.04284719055653455f,9.416511730978527e-19f,-0.06362298255426165f,-0.023583080954541643f,1.4155251820687123f,-0.019678134730905007f,0.02256955991484352f,-0.060888681995679504f,0.550808815862698f,0f,0f,0f,1f],start_interpolation:0}
execute if entity @s[tag=aj.frestchika_v2.bone.left_wing_1] run data modify entity @s {} merge value {transformation:[-0.07080441796211599f,-0.007457317978352006f,0.020118525334023415f,-0.08352191865022036f,1.0267342531733455e-18f,-0.06937164986754857f,-0.025713934950805484f,1.9486430426380466f,-0.02145615653014291f,0.024608837014861225f,-0.06639029103513563f,-0.3556327311544428f,0f,0f,0f,1f],start_interpolation:0}
execute if entity @s[tag=aj.frestchika_v2.bone.left_wing_2] run data modify entity @s {} merge value {transformation:[-0.06929613097461883f,-0.007298461003150331f,0.019689957303350877f,-0.0960480064455132f,1.0048625965980799e-18f,-0.06789388393417961f,-0.025166172613370556f,1.9190327588933098f,-0.02099909406670409f,0.02408461564965188f,-0.06497603448241569f,-0.34796006565623516f,0f,0f,0f,1f],start_interpolation:0}
execute if entity @s[tag=aj.frestchika_v2.bone.leg_right_1] run data modify entity @s {} merge value {transformation:[0.9112179050221844f,-0.005982733973669829f,-0.411881216446176f,0.1818822508376586f,-0.0016139285171602588f,0.999834995992992f,-0.01809353537690983f,0.6580142733782479f,0.4119215032038543f,0.01715190024149804f,0.9110578947116276f,-0.09900130534427742f,0f,0f,0f,1f],start_interpolation:0}
execute if entity @s[tag=aj.frestchika_v2.bone.leg_right_0] run data modify entity @s {} merge value {transformation:[0.9112179050221844f,-0.2902270494773257f,-0.2923186434674793f,0.06653749158058819f,-0.0016139285171602588f,0.7071201728233807f,-0.7070915474116304f,0.8711309429997853f,0.4119215032038543f,0.6447862598861104f,0.6438721567674429f,0.15698961558590652f,0f,0f,0f,1f],start_interpolation:0}
execute if entity @s[tag=aj.frestchika_v2.bone.leg_left_1] run data modify entity @s {} merge value {transformation:[0.8719326519483792f,0.21123350098778676f,-0.44171694389813637f,-0.08851591572802768f,-0.20246669916723567f,0.9769580327164561f,0.06752953456907468f,0.6192444902906263f,0.44580341653535016f,0.030551765435641753f,0.8946093580072674f,-0.21288545368866324f,0f,0f,0f,1f],start_interpolation:0}
execute if entity @s[tag=aj.frestchika_v2.bone.leg_left_0] run data modify entity @s {} merge value {transformation:[0.8719326519483792f,-0.09608306694682664f,-0.4801057120180495f,-0.1430480911121008f,-0.20246669916723567f,0.8220401392711746f,-0.5322191702253424f,0.8831435449334519f,0.44580341653535016f,0.5612646912759787f,0.6973100172321418f,0.013625046367203304f,0f,0f,0f,1f],start_interpolation:0}
execute if entity @s[tag=aj.frestchika_v2.bone.body_0] run data modify entity @s {} merge value {transformation:[0.9114457725768579f,0.09317558252797936f,-0.40073047609627377f,0f,0.0007393722126226229f,0.9736449073279047f,0.22806807703658827f,1.1875f,0.41141956319614387f,-0.20816797365350814f,0.8873556433383893f,0f,0f,0f,0f,1f],start_interpolation:0}
execute if entity @s[tag=aj.frestchika_v2.bone.body_1] run data modify entity @s {} merge value {transformation:[0.9570233829221986f,0.10079636108282873f,-0.2719307598132488f,0f,-1.3877787807814457e-17f,0.9376574646889668f,0.34756075571482303f,1.1875f,0.2900107662486875f,-0.33262377020519585f,0.8973601188788871f,0f,0f,0f,0f,1f],start_interpolation:0}