execute if entity @s[tag=aj.frestchika_v2.bone.hair] run data modify entity @s {} merge value {transformation:[-0.9988915935511401f,-0.008889922055820775f,-0.046222869001235706f,-0.010704896472656066f,-0.0027441741983056963f,0.9913312519420032f,-0.13135759753843534f,1.2617421809467584f,0.04698993339890279f,-0.1310851563257321f,-0.9902568494841251f,-0.22323197352755855f,0f,0f,0f,1f],start_interpolation:0}
execute if entity @s[tag=aj.frestchika_v2.bone.side_hair_2] run data modify entity @s {} merge value {transformation:[-0.9988915935511401f,0.00567640530075271f,-0.04672646740045252f,0.4730098800754975f,-0.0027441741983056963f,0.9839904441943736f,0.17820009888361074f,1.6453725849553453f,0.04698993339890279f,0.1781308063110391f,-0.9828842057954467f,-0.29022509621389325f,0f,0f,0f,1f],start_interpolation:0}
execute if entity @s[tag=aj.frestchika_v2.bone.side_hair_1] run data modify entity @s {} merge value {transformation:[-0.9988915935511401f,-0.010730804972250579f,-0.04583049375155681f,0.31076005206772644f,-0.0027441741983056963f,0.9852869851585594f,-0.170886004064482f,2.026525136267221f,0.04698993339890279f,-0.17057082605710827f,-0.9842243339083638f,-0.3488475511930844f,0f,0f,0f,1f],start_interpolation:0}
execute if entity @s[tag=aj.frestchika_v2.bone.head] run data modify entity @s {} merge value {transformation:[-0.9988915935511401f,-0.025794475631398823f,-0.039372952134239796f,-0.00422589465674404f,-0.0027441741983056963f,0.866966987654745f,-0.4983580157124259f,1.5563338675418796f,0.04698993339890279f,-0.49769758623461124f,-0.8660768203891664f,-0.06830025034114567f,0f,0f,0f,1f],start_interpolation:0}
execute if entity @s[tag=aj.frestchika_v2.bone.group] run data modify entity @s {} merge value {transformation:[-0.000006159943000240149f,-0.000007847751342288988f,-6.840329695225248e-7f,-0.6775183512829649f,-0.00000774172410386389f,0.0000061914277924210945f,-0.000001316028035753232f,0.9795098731134476f,0.000001456300152250646f,-2.8110631589677854e-7f,-0.000009889396801914548f,-0.05331688523388067f,0f,0f,0f,1f],start_interpolation:0}
execute if entity @s[tag=aj.frestchika_v2.bone.group2] run data modify entity @s {} merge value {transformation:[-0.000006159943000240149f,-0.000007847751342288988f,-6.840329695225248e-7f,-0.6775183512829649f,-0.00000774172410386389f,0.0000061914277924210945f,-0.000001316028035753232f,0.9795098731134476f,0.000001456300152250646f,-2.8110631589677854e-7f,-0.000009889396801914548f,-0.05331688523388067f,0f,0f,0f,1f],start_interpolation:0}
execute if entity @s[tag=aj.frestchika_v2.bone.group3] run data modify entity @s {} merge value {transformation:[-0.000006159943000240149f,-0.000007847751342288988f,-6.840329695225248e-7f,-0.6775183512829649f,-0.00000774172410386389f,0.0000061914277924210945f,-0.000001316028035753232f,0.9795098731134476f,0.000001456300152250646f,-2.8110631589677854e-7f,-0.000009889396801914548f,-0.05331688523388067f,0f,0f,0f,1f],start_interpolation:0}
execute if entity @s[tag=aj.frestchika_v2.locator_origin.muzzle] at @s on origin run tp @s ^-0.67753 ^0.97951 ^-0.05332 ~-3.95675 ~-7.56222
execute if entity @s[tag=aj.frestchika_v2.bone.gun] run data modify entity @s {} merge value {transformation:[-0.000006159943000240149f,-0.000007847751342288988f,-6.840329695225248e-7f,-0.6775204321241242f,-0.00000774172410386389f,0.0000061914277924210945f,-0.000001316028035753232f,0.9795100542246996f,0.000001456300152250646f,-2.8110631589677854e-7f,-0.000009889396801914548f,-0.053321505331996165f,0f,0f,0f,1f],start_interpolation:0}
execute if entity @s[tag=aj.frestchika_v2.bone.sword] run data modify entity @s {} merge value {transformation:[-0.8258895035111509f,0.26359258873970903f,0.5966156109687407f,-0.4309590386378245f,0.6515796694466035f,0.3770818168629137f,0.7353760601591673f,0.8763911703816597f,-0.02958334757866114f,0.9464950938345444f,-0.4591258814237956f,0.018969297338804147f,0f,0f,0f,1f],start_interpolation:0}
execute if entity @s[tag=aj.frestchika_v2.bone.arm_right_1] run data modify entity @s {} merge value {transformation:[-0.6159943000240149f,-0.7847751342288987f,-0.06840329695225247f,-0.4884456052314373f,-0.774172410386389f,0.6191427792421094f,-0.1316028035753232f,1.214858424111552f,0.14563001522506458f,-0.028110631589677852f,-0.9889396801914547f,-0.1482775968965983f,0f,0f,0f,1f],start_interpolation:0}
execute if entity @s[tag=aj.frestchika_v2.bone.arm_right_0] run data modify entity @s {} merge value {transformation:[-0.5952813343985807f,-0.7847751342288987f,0.17253440704004314f,-0.2514114115160053f,-0.7656042571719864f,0.6191427792421094f,0.17467781860467388f,1.5200083906140676f,-0.24390624083195583f,-0.028110631589677852f,-0.9693913234988507f,-0.04465640479194816f,0f,0f,0f,1f],start_interpolation:0}
execute if entity @s[tag=aj.frestchika_v2.bone.arm_left_1] run data modify entity @s {} merge value {transformation:[-0.09909151551628473f,-0.9945960869364943f,-0.03097572280511265f,0.33192516873387123f,-0.9861936167633366f,0.09400866762432582f,0.1363250551686953f,1.9058850094221258f,-0.13267637999257703f,0.0440567164245397f,-0.9901797735411246f,0.015374239159135841f,0f,0f,0f,1f],start_interpolation:0}
execute if entity @s[tag=aj.frestchika_v2.bone.arm_left_0] run data modify entity @s {} merge value {transformation:[-0.1015402308237265f,-0.9945960869364943f,-0.02163805386067834f,0.29359100778839337f,-0.9692683993026187f,0.09400866762432582f,0.2273348642967863f,1.5426767862151929f,-0.2240722018403969f,0.0440567164245397f,-0.9735762189475892f,-0.07501573226110005f,0f,0f,0f,1f],start_interpolation:0}
execute if entity @s[tag=aj.frestchika_v2.bone.right_wing_0] run data modify entity @s {} merge value {transformation:[0.04884754595001312f,0.0005515181909107063f,0.0029715635924557173f,-0.2212486332077102f,0f,-0.048119194622632006f,0.008930857557190131f,1.1330017845680538f,-0.0030223107879425214f,0.008913812001153864f,0.04802735367420038f,-0.5487157241369828f,0f,0f,0f,1f],start_interpolation:0}
execute if entity @s[tag=aj.frestchika_v2.bone.right_wing_1] run data modify entity @s {} merge value {transformation:[0.06479315521179702f,0.0007315537157664988f,0.003941589640239781f,0.20571174320488742f,0f,-0.06382704361527963f,0.011846213123370123f,2.002291884394653f,-0.004008902559441591f,0.011823603280102674f,0.06370522245291012f,-0.13173571747370794f,0f,0f,0f,1f],start_interpolation:0}
execute if entity @s[tag=aj.frestchika_v2.bone.right_wing_2] run data modify entity @s {} merge value {transformation:[0.0718228555760192f,0.0008109232634503802f,0.004369230400116885f,0.21069058074239272f,0f,-0.07075192619404722f,0.013131461980842748f,1.9721676141822182f,-0.0044438464001932566f,0.013106399094149143f,0.07061688810673124f,-0.12644205429070113f,0f,0f,0f,1f],start_interpolation:0}
execute if entity @s[tag=aj.frestchika_v2.bone.left_wing_0] run data modify entity @s {} merge value {transformation:[-0.998091386417585f,-0.011269052417984107f,-0.06071731891827719f,-0.045617037317658336f,0f,0.9832091406055062f,-0.18248228908522005f,0.9350764659271913f,0.06175422543456484f,-0.1821340009097218f,-0.981332574285392f,-0.5227775394066333f,0f,0f,0f,1f],start_interpolation:0}
execute if entity @s[tag=aj.frestchika_v2.bone.left_wing_1] run data modify entity @s {} merge value {transformation:[-0.3752823612930124f,-0.004237163709162029f,-0.022829711913272252f,0.28466217978663705f,0f,0.3696866368676708f,-0.06861334069604282f,1.9542211124714517f,0.023219588763396408f,-0.06848238434205547f,-0.3689810479313078f,-0.1276816324813035f,0f,0f,0f,1f],start_interpolation:0}
execute if entity @s[tag=aj.frestchika_v2.bone.left_wing_2] run data modify entity @s {} merge value {transformation:[0.016572718219260582f,0.00018711596238862933f,0.001008175234407432f,0.19517456978063913f,0f,-0.016325607313716548f,0.003030010676547123f,1.976249588098243f,-0.0010253924549425471f,0.0030242275570150027f,0.016294448037856415f,-0.12624110035633748f,0f,0f,0f,1f],start_interpolation:0}
execute if entity @s[tag=aj.frestchika_v2.bone.leg_right_1] run data modify entity @s {} merge value {transformation:[-0.9902303727272275f,0.13112208936718717f,-0.047442666540569015f,-0.11668054915554256f,0.11240951938245489f,0.9519672762463322f,0.2848199517385402f,0.8121934908224092f,0.08251005320990731f,0.27670435962615814f,-0.9574062818277178f,0.2380205500669656f,0f,0f,0f,1f],start_interpolation:0}
execute if entity @s[tag=aj.frestchika_v2.bone.leg_right_0] run data modify entity @s {} merge value {transformation:[-0.9902303727272275f,-0.01757518309093742f,-0.13832903479680708f,-0.13466431954907815f,0.11240951938245489f,0.48638716942706023f,-0.8664823260568776f,0.8943265186600495f,0.08251005320990731f,-0.8735666170110049f,-0.47965973018718805f,-0.08970448212631972f,0f,0f,0f,1f],start_interpolation:0}
execute if entity @s[tag=aj.frestchika_v2.bone.leg_left_1] run data modify entity @s {} merge value {transformation:[-0.9850789003224376f,-0.16255015174600138f,-0.056542093230523005f,0.1775859616472077f,-0.1617125512359712f,0.9866527166743998f,-0.019117203032347513f,0.5014766142922861f,0.05889491414621991f,-0.009688387191815667f,-0.9982171728844035f,-0.09184054696704183f,0f,0f,0f,1f],start_interpolation:0}
execute if entity @s[tag=aj.frestchika_v2.bone.leg_left_0] run data modify entity @s {} merge value {transformation:[-0.9850789003224376f,-0.15331014950934882f,-0.07820203448094135f,0.11998080012170288f,-0.1617125512359712f,0.9800264034006678f,0.11574670366928287f,0.8733651398089679f,0.05889491414621991f,0.12666588607424062f,-0.9901955071564085f,-0.03422244670424806f,0f,0f,0f,1f],start_interpolation:0}
execute if entity @s[tag=aj.frestchika_v2.bone.body_0] run data modify entity @s {} merge value {transformation:[-0.9971988754067939f,0.015169461312100315f,-0.07324131573726964f,0.000008819598663241731f,0.008970693183718008f,0.9964056628661001f,0.08423349495403232f,1.1868609421054659f,0.07425583849926769f,0.083340521067894f,-0.9937506870422292f,0.00014254515210087259f,0f,0f,0f,1f],start_interpolation:0}
execute if entity @s[tag=aj.frestchika_v2.bone.body_1] run data modify entity @s {} merge value {transformation:[-0.998091386417585f,-0.011269052417984107f,-0.06071731891827719f,0f,0f,0.9832091406055062f,-0.18248228908522005f,1.1876304398148148f,0.06175422543456484f,-0.1821340009097218f,-0.981332574285392f,0f,0f,0f,0f,1f],start_interpolation:0}