execute if entity @s[tag=aj.frestchika_v2.bone.hair] run data modify entity @s {} merge value {transformation:[-0.9989719984236513f,-0.008541860766913089f,-0.04451946742825025f,-0.010179917611404191f,-0.001489515156693508f,0.9877412845975829f,-0.15609271618533205f,1.257084036894755f,0.04530703819556453f,-0.15586594020553463f,-0.9867386082310708f,-0.22217518097918473f,0f,0f,0f,1f],start_interpolation:0}
execute if entity @s[tag=aj.frestchika_v2.bone.side_hair_2] run data modify entity @s {} merge value {transformation:[-0.9989719984236513f,0.0056118901212838124f,-0.0449828084352567f,0.4737130379287108f,-0.001489515156693508f,0.9877082203730772f,0.15630180022010862f,1.638919722087036f,0.04530703819556453f,0.1562081242980514f,-0.9866844957701679f,-0.29755225872509106f,0f,0f,0f,1f],start_interpolation:0}
execute if entity @s[tag=aj.frestchika_v2.bone.side_hair_1] run data modify entity @s {} merge value {transformation:[-0.9989719984236513f,-0.01023300843329368f,-0.04416143004772948f,0.3116432734246104f,-0.001489515156693508f,0.9810719072602604f,-0.19363804928090173f,2.018638411057423f,0.04530703819556453f,-0.1933732099416024f,-0.9800786060142457f,-0.3652720857190114f,0f,0f,0f,1f],start_interpolation:0}
execute if entity @s[tag=aj.frestchika_v2.bone.head] run data modify entity @s {} merge value {transformation:[-0.9989719984236513f,-0.02477218438869637f,-0.037964262748916795f,-0.003915014057507887f,-0.001489515156693508f,0.8549658250527156f,-0.5186821949291562f,1.5552541918060951f,0.04530703819556453f,-0.5180924404703678f,-0.8541238173809487f,-0.07423807329957724f,0f,0f,0f,1f],start_interpolation:0}
execute if entity @s[tag=aj.frestchika_v2.bone.group] run data modify entity @s {} merge value {transformation:[-0.000006331316155009638f,-0.000007735922486832529f,-2.644598703637588e-7f,-0.6835024229364498f,-0.000007635692139703982f,0.000006298007697566095f,-0.0000014252384323547596f,0.9856561668285628f,0.0000012691104337199406f,-7.004300958104617e-7f,-0.000009894380040604168f,-0.07315468548632284f,0f,0f,0f,1f],start_interpolation:0}
execute if entity @s[tag=aj.frestchika_v2.bone.group2] run data modify entity @s {} merge value {transformation:[-0.000006331316155009638f,-0.000007735922486832529f,-2.644598703637588e-7f,-0.6835024229364498f,-0.000007635692139703982f,0.000006298007697566095f,-0.0000014252384323547596f,0.9856561668285628f,0.0000012691104337199406f,-7.004300958104617e-7f,-0.000009894380040604168f,-0.07315468548632284f,0f,0f,0f,1f],start_interpolation:0}
execute if entity @s[tag=aj.frestchika_v2.bone.group3] run data modify entity @s {} merge value {transformation:[-0.000006331316155009638f,-0.000007735922486832529f,-2.644598703637588e-7f,-0.6835024229364498f,-0.000007635692139703982f,0.000006298007697566095f,-0.0000014252384323547596f,0.9856561668285628f,0.0000012691104337199406f,-7.004300958104617e-7f,-0.000009894380040604168f,-0.07315468548632284f,0f,0f,0f,1f],start_interpolation:0}
execute if entity @s[tag=aj.frestchika_v2.locator_origin.muzzle] at @s on origin run tp @s ^-0.68351 ^0.98565 ^-0.07316 ~-1.53105 ~-8.19392
execute if entity @s[tag=aj.frestchika_v2.bone.gun] run data modify entity @s {} merge value {transformation:[-0.000006331316155009638f,-0.000007735922486832529f,-2.644598703637588e-7f,-0.6835042941679251f,-0.000007635692139703982f,0.000006298007697566095f,-0.0000014252384323547596f,0.9856563217014219f,0.0000012691104337199406f,-7.004300958104617e-7f,-0.000009894380040604168f,-0.07315939531805826f,0f,0f,0f,1f],start_interpolation:0}
execute if entity @s[tag=aj.frestchika_v2.bone.sword] run data modify entity @s {} merge value {transformation:[-0.8141207465917686f,0.22690405540387865f,0.6270938300686231f,-0.4419269572028437f,0.6627960320841584f,0.38468758461022073f,0.7212777510780782f,0.8799374699799576f,-0.07371256285299724f,0.9529190542685292f,-0.4404956823734086f,0.011196397424843546f,0f,0f,0f,1f],start_interpolation:0}
execute if entity @s[tag=aj.frestchika_v2.bone.arm_right_1] run data modify entity @s {} merge value {transformation:[-0.6331316155009638f,-0.7735922486832528f,-0.02644598703637588f,-0.48697620463724983f,-0.7635692139703981f,0.6298007697566095f,-0.14252384323547596f,1.2171451897252332f,0.12691104337199405f,-0.07004300958104616f,-0.9894380040604167f,-0.16229086397307707f,0f,0f,0f,1f],start_interpolation:0}
execute if entity @s[tag=aj.frestchika_v2.bone.arm_right_0] run data modify entity @s {} merge value {transformation:[-0.5950577820385092f,-0.7735922486832528f,0.2178560736187966f,-0.2503146922819636f,-0.759987481966198f,0.6298007697566095f,0.16053042599040213f,1.5201368673492726f,-0.2613910160852664f,-0.07004300958104616f,-0.962688274322868f,-0.0517176558244526f,0f,0f,0f,1f],start_interpolation:0}
execute if entity @s[tag=aj.frestchika_v2.bone.arm_left_1] run data modify entity @s {} merge value {transformation:[-0.07156994457422657f,-0.9969389290671464f,-0.03147244420272356f,0.32283339869905503f,-0.9920139312211326f,0.06786004015235851f,0.10631733261192462f,1.9075376383716875f,-0.10385616638811804f,0.03883022870099661f,-0.9938340455237947f,0.0068541997675447275f,0f,0f,0f,1f],start_interpolation:0}
execute if entity @s[tag=aj.frestchika_v2.bone.arm_left_0] run data modify entity @s {} merge value {transformation:[-0.07445047545468997f,-0.9969389290671464f,-0.023872545214576872f,0.2946733672832294f,-0.975616912668489f,0.06786004015235851f,0.20872626731134292f,1.5420814551371023f,-0.20646734952475293f,0.03883022870099661f,-0.9776826923492365f,-0.07746053139652215f,0f,0f,0f,1f],start_interpolation:0}
execute if entity @s[tag=aj.frestchika_v2.bone.right_wing_0] run data modify entity @s {} merge value {transformation:[0.028190829110606688f,0.0002947222827801796f,0.001457163510671312f,-0.21855918961871285f,2.4485623901454983e-20f,-0.02766971711223077f,0.005596408454835324f,1.1217163156621437f,-0.001486669674406222f,0.0055886426231586085f,0.02763132135049f,-0.5491594752779632f,0f,0f,0f,1f],start_interpolation:0}
execute if entity @s[tag=aj.frestchika_v2.bone.right_wing_1] run data modify entity @s {} merge value {transformation:[0.05341905340640165f,0.0005584718811256066f,0.0027611921271632066f,0.20373133025888443f,4.6398027023219375e-20f,-0.05243159363490149f,0.010604684273737992f,1.9992267109137556f,-0.002817103619875571f,0.010589968730060437f,0.05235883716367595f,-0.14254443067110187f,0f,0f,0f,1f],start_interpolation:0}
execute if entity @s[tag=aj.frestchika_v2.bone.right_wing_2] run data modify entity @s {} merge value {transformation:[0.06632049355687411f,0.0006933505637418795f,0.003428058211470923f,0.21019692509683435f,5.760379220565395e-20f,-0.06509454859459216f,0.013165862182141204f,1.9707235945653663f,-0.003497473102895061f,0.013147592631158554f,0.06500422042938818f,-0.13711241927559997f,0f,0f,0f,1f],start_interpolation:0}
execute if entity @s[tag=aj.frestchika_v2.bone.left_wing_0] run data modify entity @s {} merge value {transformation:[-1.025316488631089f,-0.010719217051612622f,-0.052997865662657226f,-0.09815348513429616f,-8.905560677935308e-19f,1.0063633488613442f,-0.20354455852801293f,0.9826222436956309f,0.05407102161968687f,-0.20326211081301918f,-1.0049668731687738f,-0.5273372672962661f,0f,0f,0f,1f],start_interpolation:0}
execute if entity @s[tag=aj.frestchika_v2.bone.left_wing_1] run data modify entity @s {} merge value {transformation:[-0.8468232765147501f,-0.008853151788711168f,-0.043771680984726474f,0.3922770556320625f,-7.35522753814166e-19f,0.8311696124041826f,-0.16811030728625875f,1.9045936121030234f,0.04465801554953629f,-0.16787702975477728f,-0.8300162435325532f,-0.1333207124148528f,0f,0f,0f,1f],start_interpolation:0}
execute if entity @s[tag=aj.frestchika_v2.bone.left_wing_2] run data modify entity @s {} merge value {transformation:[-0.1517890778658516f,-0.0015868856979765317f,-0.007845867346318905f,0.2277664961785582f,-1.3183898417423746e-19f,0.14898323241207065f,-0.03013297960791434f,1.9879556115546455f,0.008004738636237645f,-0.030091165710762f,-0.14877649648225028f,-0.14152911516585778f,0f,0f,0f,1f],start_interpolation:0}
execute if entity @s[tag=aj.frestchika_v2.bone.leg_right_1] run data modify entity @s {} merge value {transformation:[-0.9908597223209127f,0.12961558432399328f,-0.03737393453295067f,-0.11822512166334923f,0.11431972115664363f,0.9539222280570763f,0.2774227535248164f,0.8219942406006951f,0.07161013920382184f,0.2706144547487691f,-0.9600207314658551f,0.23786457864617339f,0f,0f,0f,1f],start_interpolation:0}
execute if entity @s[tag=aj.frestchika_v2.bone.leg_right_0] run data modify entity @s {} merge value {transformation:[-0.9908597223209127f,-0.010322405386901476f,-0.13450077557081952f,-0.13366045431336862f,0.11431972115664363f,0.46504071079773396f,-0.877877063520517f,0.8945364658383862f,0.07161013920382184f,-0.885229114550446f,-0.4596100550634662f,-0.0915197326682999f,0f,0f,0f,1f],start_interpolation:0}
execute if entity @s[tag=aj.frestchika_v2.bone.leg_left_1] run data modify entity @s {} merge value {transformation:[-0.9854157802025248f,-0.16364737609017832f,-0.046639858776041244f,0.17843659644025972f,-0.16321430550539848f,0.9865053430469471f,-0.012972995730198195f,0.5017340827952901f,0.04813346659279573f,-0.005171502550035761f,-0.9988275251289058f,-0.10171457045965007f,0f,0f,0f,1f],start_interpolation:0}
execute if entity @s[tag=aj.frestchika_v2.bone.leg_left_0] run data modify entity @s {} merge value {transformation:[-0.9854157802025248f,-0.15412100547345295f,-0.07212805140651742f,0.12043447886279927f,-0.16321430550539848f,0.9759606715389755f,0.1444363461445305f,0.8725127085427056f,0.04813346659279573f,0.15410218454338695f,-0.9868817994637027f,-0.03190505559454705f,0f,0f,0f,1f],start_interpolation:0}
execute if entity @s[tag=aj.frestchika_v2.bone.body_0] run data modify entity @s {} merge value {transformation:[-0.9979571512619209f,0.014083949168768092f,-0.062315059343652945f,0.000012332294281149848f,0.008886405128862657f,0.9965172767308941f,0.08291169387202485f,1.186539069452061f,0.06326575731845115f,0.08218856095986962f,-0.9946066983477783f,0.00023384993089366836f,0f,0f,0f,1f],start_interpolation:0}
execute if entity @s[tag=aj.frestchika_v2.bone.body_1] run data modify entity @s {} merge value {transformation:[-0.9986123543806018f,-0.0104400374866877f,-0.051617548331045385f,0f,-8.673617379884035e-19f,0.9801528448162534f,-0.19824328689417312f,1.187696875f,0.05266275418577394f,-0.19796819546553932f,-0.9787927400148035f,0f,0f,0f,0f,1f],start_interpolation:0}