execute if entity @s[tag=aj.frestchika_v2.bone.hair] run data modify entity @s {} merge value {transformation:[-0.999705471371665f,0.012538020247955122f,0.020779041311356904f,0.005665947217179621f,0.009315469355138136f,0.9888682638346762f,-0.14850178049870877f,1.2594352326714446f,-0.022409652836460722f,-0.1482644759504282f,-0.9886938113647188f,-0.22300824224580956f,0f,0f,0f,1f],start_interpolation:0}
execute if entity @s[tag=aj.frestchika_v2.bone.side_hair_2] run data modify entity @s {} merge value {transformation:[-0.999705471371665f,0.005351340732724557f,0.023671367977358054f,0.49756656597858795f,0.009315469355138136f,0.9852831294586323f,0.17067623394865963f,1.6364777528411742f,-0.022409652836460722f,0.17084647481457252f,-0.9850427856205957f,-0.2615647032034013f,0f,0f,0f,1f],start_interpolation:0}
execute if entity @s[tag=aj.frestchika_v2.bone.side_hair_1] run data modify entity @s {} merge value {transformation:[-0.999705471371665f,0.0132276235663355f,0.02034700185148994f,0.34446666603340237f,0.009315469355138136f,0.9833335762392874f,-0.18157174854901575f,2.018782450427676f,-0.022409652836460722f,-0.18132872859875482f,-0.9831671778718553f,-0.33533736160716365f,0f,0f,0f,1f],start_interpolation:0}
execute if entity @s[tag=aj.frestchika_v2.bone.head] run data modify entity @s {} merge value {transformation:[-0.999705471371665f,0.01942577836409301f,0.014546808739594581f,0.005034874030272715f,0.009315469355138136f,0.8606472999675974f,-0.5091163394443139f,1.5559270034468864f,-0.022409652836460722f,-0.5088308797561657f,-0.860574774941908f,-0.07160708724996499f,0f,0f,0f,1f],start_interpolation:0}
execute if entity @s[tag=aj.frestchika_v2.bone.group] run data modify entity @s {} merge value {transformation:[-0.000007014193386984287f,-0.000006909232273044979f,0.0000017503144080706222f,-0.6977244428893218f,-0.000007121976982477125f,0.000006890703763457277f,-0.0000013400169794975556f,1.024749367382114f,-2.8024095177529686e-7f,-0.0000021864837162415462f,-0.000009754012198452421f,-0.20325647993781254f,0f,0f,0f,1f],start_interpolation:0}
execute if entity @s[tag=aj.frestchika_v2.bone.group2] run data modify entity @s {} merge value {transformation:[-0.000007014193386984287f,-0.000006909232273044979f,0.0000017503144080706222f,-0.6977244428893218f,-0.000007121976982477125f,0.000006890703763457277f,-0.0000013400169794975556f,1.024749367382114f,-2.8024095177529686e-7f,-0.0000021864837162415462f,-0.000009754012198452421f,-0.20325647993781254f,0f,0f,0f,1f],start_interpolation:0}
execute if entity @s[tag=aj.frestchika_v2.bone.group3] run data modify entity @s {} merge value {transformation:[-0.000007014193386984287f,-0.000006909232273044979f,0.0000017503144080706222f,-0.6977244428893218f,-0.000007121976982477125f,0.000006890703763457277f,-0.0000013400169794975556f,1.024749367382114f,-2.8024095177529686e-7f,-0.0000021864837162415462f,-0.000009754012198452421f,-0.20325647993781254f,0f,0f,0f,1f],start_interpolation:0}
execute if entity @s[tag=aj.frestchika_v2.locator_origin.muzzle] at @s on origin run tp @s ^-0.69773 ^1.02475 ^-0.20326 ~10.1732 ~-7.7009
execute if entity @s[tag=aj.frestchika_v2.bone.gun] run data modify entity @s {} merge value {transformation:[-0.000007014193386984287f,-0.000006909232273044979f,0.0000017503144080706222f,-0.6977252467008093f,-0.000007121976982477125f,0.000006890703763457277f,-0.0000013400169794975556f,1.0247496974134394f,-2.8024095177529686e-7f,-0.0000021864837162415462f,-0.000009754012198452421f,-0.203261475233022f,0f,0f,0f,1f],start_interpolation:0}
execute if entity @s[tag=aj.frestchika_v2.bone.sword] run data modify entity @s {} merge value {transformation:[-0.7271206951829806f,0.046295068652800614f,0.7593925028304213f,-0.48845658993013663f,0.7251707733624804f,0.3598770408603865f,0.672413992286325f,0.8998601671631765f,-0.23010335981354418f,0.9878613233546518f,-0.2805479668835873f,-0.07187951436701898f,0f,0f,0f,1f],start_interpolation:0}
execute if entity @s[tag=aj.frestchika_v2.bone.arm_right_1] run data modify entity @s {} merge value {transformation:[-0.7014193386984287f,-0.6909232273044978f,0.1750314408070622f,-0.4697833403137056f,-0.7121976982477124f,0.6890703763457277f,-0.13400169794975555f,1.2406113289697052f,-0.028024095177529684f,-0.21864837162415462f,-0.975401219845242f,-0.24327457349600473f,0f,0f,0f,1f],start_interpolation:0}
execute if entity @s[tag=aj.frestchika_v2.bone.arm_right_0] run data modify entity @s {} merge value {transformation:[-0.5810453381912266f,-0.6909232273044978f,0.4301295257679717f,-0.2400535145732648f,-0.7092651062268736f,0.6890703763457277f,0.14874483363041224f,1.5233877162502645f,-0.3991607746951406f,-0.21864837162415462f,-0.890428866070098f,-0.07804508320501038f,0f,0f,0f,1f],start_interpolation:0}
execute if entity @s[tag=aj.frestchika_v2.bone.arm_left_1] run data modify entity @s {} merge value {transformation:[-0.07685297327357152f,-0.9908391856071237f,0.11104651621921201f,0.32750573459441834f,-0.9670877173259915f,0.10117563840467136f,0.2334627104927256f,1.8932192917543125f,-0.24255920410533732f,-0.08944941843756847f,-0.9660040548801884f,0.06179104023175768f,0f,0f,0f,1f],start_interpolation:0}
execute if entity @s[tag=aj.frestchika_v2.bone.arm_left_0] run data modify entity @s {} merge value {transformation:[-0.07220136129420943f,-0.9908391856071237f,0.1141256837555642f,0.30071192536710784f,-0.9566210122392442f,0.10117563840467136f,0.2732027253446988f,1.5360679226973f,-0.28224670479852676f,-0.08944941843756847f,-0.955162603524423f,-0.04538306804973629f,0f,0f,0f,1f],start_interpolation:0}
execute if entity @s[tag=aj.frestchika_v2.bone.right_wing_0] run data modify entity @s {} merge value {transformation:[-1.0705990103909404f,0.014409704581431546f,0.07388445298978723f,-0.16110229241101673f,0f,1.0533952595876215f,-0.20544395855832037f,1.1145760764663553f,-0.07527650350357812f,-0.2049379918950821f,-1.0508009614232718f,-0.5708738803660406f,0f,0f,0f,1f],start_interpolation:0}
execute if entity @s[tag=aj.frestchika_v2.bone.right_wing_1] run data modify entity @s {} merge value {transformation:[-1.0702439967519872f,0.014404926282918243f,0.07385995269764854f,0.2202324637903758f,0f,1.0530459507607568f,-0.20537583276460972f,2.000716637660708f,-0.07525154160357905f,-0.20487003388133815f,-1.0504525128729651f,-0.11088188215687853f,0f,0f,0f,1f],start_interpolation:0}
execute if entity @s[tag=aj.frestchika_v2.bone.right_wing_2] run data modify entity @s {} merge value {transformation:[-1.0552650509188226f,0.014203317480460682f,0.07282622185304137f,0.13991935913178252f,0f,1.038307705739856f,-0.20250142890552872f,2.0078452903030044f,-0.07419833432658149f,-0.20200270909403703f,-1.0357505651504009f,-0.11792263363621797f,0f,0f,0f,1f],start_interpolation:0}
execute if entity @s[tag=aj.frestchika_v2.bone.left_wing_0] run data modify entity @s {} merge value {transformation:[-1.0537470384020267f,0.014182885823317679f,0.07272146038460496f,-0.16110229241101673f,0f,1.0368140865849087f,-0.20221012796319202f,1.1145760764663553f,-0.07409159905648505f,-0.2017121255666432f,-1.0342606244754893f,-0.5708738803660406f,0f,0f,0f,1f],start_interpolation:0}
execute if entity @s[tag=aj.frestchika_v2.bone.left_wing_1] run data modify entity @s {} merge value {transformation:[-1.059883278712778f,0.014265476419106025f,0.07314493617187308f,0.1994946270044664f,0f,1.0428517219575362f,-0.20338764960095776f,1.9986718303627524f,-0.07452305351400637f,-0.20288674720823416f,-1.0402833903808186f,-0.11194022761159822f,0f,0f,0f,1f],start_interpolation:0}
execute if entity @s[tag=aj.frestchika_v2.bone.left_wing_2] run data modify entity @s {} merge value {transformation:[-1.0659553930344605f,0.014347203912510086f,0.07356398647996659f,0.20461909592207306f,0f,1.0488262617993005f,-0.20455286570050332f,1.972905838403439f,-0.07494999911228721f,-0.20404909361764145f,-1.0462432161467379f,-0.10654235858085323f,0f,0f,0f,1f],start_interpolation:0}
execute if entity @s[tag=aj.frestchika_v2.bone.leg_right_1] run data modify entity @s {} merge value {transformation:[-0.9931766444521866f,0.08080889578347686f,0.08408373967034426f,-0.14286749447652933f,0.09025063103010927f,0.9892191600659561f,0.11532682670164413f,0.8547342497721437f,-0.07385781281193025f,0.12212852132347773f,-0.989762419859422f,0.221679191913271f,0f,0f,0f,1f],start_interpolation:0}
execute if entity @s[tag=aj.frestchika_v2.bone.leg_right_0] run data modify entity @s {} merge value {transformation:[-0.9931766444521866f,0.1014716401787009f,-0.057477466490262946f,-0.1147778645672891f,0.09025063103010927f,0.35663070547674286f,-0.9298759936194866f,0.8902115987441525f,-0.07385781281193025f,-0.9287184967204029f,-0.3633551669317955f,-0.11269452299823594f,0f,0f,0f,1f],start_interpolation:0}
execute if entity @s[tag=aj.frestchika_v2.bone.leg_left_1] run data modify entity @s {} merge value {transformation:[-0.9774741822146001f,-0.19223463327263432f,0.08712100133971419f,0.20463669383714284f,-0.1853622069572252f,0.9793126882718316f,0.08116348207011143f,0.5074772087273425f,-0.10092113423780726f,0.06318626718151873f,-0.9928859049779186f,-0.08772833742151465f,0f,0f,0f,1f],start_interpolation:0}
execute if entity @s[tag=aj.frestchika_v2.bone.leg_left_0] run data modify entity @s {} merge value {transformation:[-0.9774741822146001f,-0.20012762088009678f,0.0670310261354467f,0.12822563997711367f,-0.1853622069572252f,0.9659013388429729f,0.18076353574020204f,0.8725487321827134f,-0.10092113423780726f,0.1642666703327998f,-0.981239718764956f,-0.018175323059591356f,0f,0f,0f,1f],start_interpolation:0}
execute if entity @s[tag=aj.frestchika_v2.bone.body_0] run data modify entity @s {} merge value {transformation:[-0.9964717290708255f,-0.012493834099123295f,0.0829939592506774f,-0.000029137002490004126f,-0.003971445573799556f,0.9947694667264081f,0.10206828934057907f,1.1857316822127775f,-0.08383508085911211f,0.10137855877038993f,-0.9913092691178595f,0.00041439286602988986f,0f,0f,0f,1f],start_interpolation:0}
execute if entity @s[tag=aj.frestchika_v2.bone.body_1] run data modify entity @s {} merge value {transformation:[-0.9975372034943795f,0.013426330747393906f,0.06884229286764525f,0f,0f,0.9815075030188575f,-0.19142367021266612f,1.1878616898148149f,-0.0701393444837707f,-0.19095223266657332f,-0.9790902497701822f,0f,0f,0f,0f,1f],start_interpolation:0}