execute if entity @s[tag=aj.frestchika_v2.bone.hair] run data modify entity @s {} merge value {transformation:[-0.9996953328764974f,-0.00013968039840223968f,-0.02468242116032055f,-0.0050413038614593834f,0.004627519956281793f,0.9811921783812212f,-0.1929779654327619f,1.2507409689709543f,0.02424515382511217f,-0.1930333897876228f,-0.9808925950087993f,-0.21986815212552005f,0f,0f,0f,1f],start_interpolation:0}
execute if entity @s[tag=aj.frestchika_v2.bone.side_hair_2] run data modify entity @s {} merge value {transformation:[-0.9996953328764974f,0.007646611095128021f,-0.023468505783475063f,0.4823248256563195f,0.004627519956281793f,0.9920067363408491f,0.12610004406593742f,1.6274563163698978f,0.02424515382511217f,0.12595302454938123f,-0.9917398893474335f,-0.29844004821087783f,0f,0f,0f,1f],start_interpolation:0}
execute if entity @s[tag=aj.frestchika_v2.bone.side_hair_1] run data modify entity @s {} merge value {transformation:[-0.9996953328764974f,-0.0009662441956066123f,-0.02466389663260033f,0.3237294582482438f,0.004627519956281793f,0.9741786941002324f,-0.22573094165448443f,2.005473506605787f,0.02424515382511217f,-0.22577630153167194f,-0.9738774225654254f,-0.382042557806892f,0f,0f,0f,1f],start_interpolation:0}
execute if entity @s[tag=aj.frestchika_v2.bone.head] run data modify entity @s {} merge value {transformation:[-0.9996953328764974f,-0.009401382798489314f,-0.02282225725964473f,-0.0002971653181652121f,0.004627519956281793f,0.8368395271083977f,-0.5474287094481323f,1.553767334269425f,0.02424515382511217f,-0.5473675363688183f,-0.8365410645303236f,-0.08209082014206234f,0f,0f,0f,1f],start_interpolation:0}
execute if entity @s[tag=aj.frestchika_v2.bone.group] run data modify entity @s {} merge value {transformation:[-0.000006815539256599348f,-0.00000724985335543278f,9.940075283785777e-7f,-0.69757274666731f,-0.0000073000788283163216f,0.0000066419730497057666f,-0.0000016102928638449904f,1.0078791732659864f,5.072215907480905e-7f,-0.0000018231347541260798f,-0.00000981931290499374f,-0.14191743866297174f,0f,0f,0f,1f],start_interpolation:0}
execute if entity @s[tag=aj.frestchika_v2.bone.group2] run data modify entity @s {} merge value {transformation:[-0.000006815539256599348f,-0.00000724985335543278f,9.940075283785777e-7f,-0.69757274666731f,-0.0000073000788283163216f,0.0000066419730497057666f,-0.0000016102928638449904f,1.0078791732659864f,5.072215907480905e-7f,-0.0000018231347541260798f,-0.00000981931290499374f,-0.14191743866297174f,0f,0f,0f,1f],start_interpolation:0}
execute if entity @s[tag=aj.frestchika_v2.bone.group3] run data modify entity @s {} merge value {transformation:[-0.000006815539256599348f,-0.00000724985335543278f,9.940075283785777e-7f,-0.69757274666731f,-0.0000073000788283163216f,0.0000066419730497057666f,-0.0000016102928638449904f,1.0078791732659864f,5.072215907480905e-7f,-0.0000018231347541260798f,-0.00000981931290499374f,-0.14191743866297174f,0f,0f,0f,1f],start_interpolation:0}
execute if entity @s[tag=aj.frestchika_v2.locator_origin.muzzle] at @s on origin run tp @s ^-0.69758 ^1.00788 ^-0.14192 ~5.78035 ~-9.26664
execute if entity @s[tag=aj.frestchika_v2.bone.gun] run data modify entity @s {} merge value {transformation:[-0.000006815539256599348f,-0.00000724985335543278f,9.940075283785777e-7f,-0.6975739595521878f,-0.0000073000788283163216f,0.0000066419730497057666f,-0.0000016102928638449904f,1.0078793216199582f,5.072215907480905e-7f,-0.0000018231347541260798f,-0.00000981931290499374f,-0.14192235952765028f,0f,0f,0f,1f],start_interpolation:0}
execute if entity @s[tag=aj.frestchika_v2.bone.sword] run data modify entity @s {} merge value {transformation:[-0.7629673172723903f,0.11591763839754042f,0.7155198711304313f,-0.4750365341277348f,0.6989946017779852f,0.392640356819313f,0.6817366126166609f,0.8925581743509791f,-0.19186487838947458f,0.9694954169077541f,-0.3616506838586818f,-0.024320861272945804f,0f,0f,0f,1f],start_interpolation:0}
execute if entity @s[tag=aj.frestchika_v2.bone.arm_right_1] run data modify entity @s {} merge value {transformation:[-0.6815539256599348f,-0.7249853355432779f,0.09940075283785776f,-0.479621561435711f,-0.7300078828316321f,0.6641973049705766f,-0.16102928638449904f,1.227955158120574f,0.05072215907480904f,-0.18231347541260798f,-0.981931290499374f,-0.20686990021976778f,0f,0f,0f,1f],start_interpolation:0}
execute if entity @s[tag=aj.frestchika_v2.bone.arm_right_0] run data modify entity @s {} merge value {transformation:[-0.5916347009442676f,-0.7249853355432779f,0.3526537166765551f,-0.2451717667872324f,-0.7360625815449636f,0.6641973049705766f,0.13059026043004418f,1.5215640016108718f,-0.3289076719809848f,-0.18231347541260798f,-0.9265967515564822f,-0.06951560173014584f,0f,0f,0f,1f],start_interpolation:0}
execute if entity @s[tag=aj.frestchika_v2.bone.arm_left_1] run data modify entity @s {} merge value {transformation:[-0.028123297418131424f,-0.9995890474632863f,0.005551246145817355f,0.3091497428742388f,-0.9948331866382587f,0.02853058166774219f,0.097431702606841f,1.9054795196924794f,-0.09755004308301941f,-0.002782463142689712f,-0.995226731450357f,0.011909580987685298f,0f,0f,0f,1f],start_interpolation:0}
execute if entity @s[tag=aj.frestchika_v2.bone.arm_left_0] run data modify entity @s {} merge value {transformation:[-0.027362146702946087f,-0.9995890474632863f,0.008546877748428723f,0.298939102350015f,-0.9785604290527146f,0.02853058166774219f,0.2039742449474139f,1.5396490298497867f,-0.20413426860763428f,-0.002782463142689712f,-0.9789389451231808f,-0.07107884314106394f,0f,0f,0f,1f],start_interpolation:0}
execute if entity @s[tag=aj.frestchika_v2.bone.right_wing_0] run data modify entity @s {} merge value {transformation:[-0.6239959115623341f,-0.0004944830894269126f,-0.0022040508082617084f,-0.33315295227603836f,-3.3827107781547714e-20f,0.6088648738539524f,-0.1366000197174585f,0.9715973796857438f,0.0022588389697205677f,-0.13659912471639163f,-0.6088608845813829f,-0.5261199054470842f,0f,0f,0f,1f],start_interpolation:0}
execute if entity @s[tag=aj.frestchika_v2.bone.right_wing_1] run data modify entity @s {} merge value {transformation:[-0.000009999934480165619f,-7.924408484405657e-9f,-3.532132705547613e-8f,0.19871826774710077f,-5.421010862427523e-25f,0.000009757449901505656f,-0.0000021891028800874775f,1.991210857960716f,3.619934246347067e-8f,-0.0000021890885371216625f,-0.000009757385970855501f,-0.1482856359172935f,0f,0f,0f,1f],start_interpolation:0}
execute if entity @s[tag=aj.frestchika_v2.bone.right_wing_2] run data modify entity @s {} merge value {transformation:[0.03423269379623568f,0.000027127562655636326f,0.00012091520959113156f,0.21097584104465295f,1.8557702081711577e-21f,-0.03340259832430632f,0.0074939379584066145f,1.9704104445210695f,-0.00012392091254547294f,0.007493888858249223f,0.033402379471035304f,-0.14366336399455676f,0f,0f,0f,1f],start_interpolation:0}
execute if entity @s[tag=aj.frestchika_v2.bone.left_wing_0] run data modify entity @s {} merge value {transformation:[-1.0658304543890245f,-0.0008446131234610285f,-0.00376467927263239f,-0.20275722084059863f,-5.777916327561048e-20f,1.0399855401880265f,-0.23332278046578916f,1.0989321009003925f,0.0038582614419075518f,-0.23332125173879575f,-1.0399787262199913f,-0.5551599122756702f,0f,0f,0f,1f],start_interpolation:0}
execute if entity @s[tag=aj.frestchika_v2.bone.left_wing_1] run data modify entity @s {} merge value {transformation:[-1.050067194006132f,-0.0008321215901847006f,-0.0037090009802846634f,0.23548133996796333f,-5.692462961909079e-20f,1.0246045170647717f,-0.22987201798607468f,1.9748183421261865f,0.0038011991019419275f,-0.22987051186841992f,-1.024597803872945f,-0.14474099975848237f,0f,0f,0f,1f],start_interpolation:0}
execute if entity @s[tag=aj.frestchika_v2.bone.left_wing_2] run data modify entity @s {} merge value {transformation:[-1.0171655145424776f,-0.0008060487845668122f,-0.0035927871207523626f,0.3645278364125224f,-5.514101431522706e-20f,0.992500657816617f,-0.22266945466763902f,2.039656596721691f,0.003682096405330215f,-0.2226679957410598f,-0.9924941549687446f,-0.15975482659885917f,0f,0f,0f,1f],start_interpolation:0}
execute if entity @s[tag=aj.frestchika_v2.bone.leg_right_1] run data modify entity @s {} merge value {transformation:[-0.9937081496603798f,0.1111557942442285f,0.013729628708711136f,-0.12815854551105715f,0.11117467087938264f,0.9640827718846897f,0.2412148451277296f,0.8420077833722528f,0.013575929191229515f,0.24122354437547835f,-0.9703746162104232f,0.23172187393904803f,0f,0f,0f,1f],start_interpolation:0}
execute if entity @s[tag=aj.frestchika_v2.bone.leg_right_0] run data modify entity @s {} merge value {transformation:[-0.9937081496603798f,0.03398481778436176f,-0.10671993936799279f,-0.1269101666916917f,0.11117467087938264f,0.41480023011415795f,-0.9030952118420863f,0.8937408780727913f,0.013575929191229515f,-0.9092776260622523f,-0.41596862007751184f,-0.10054897888416899f,0f,0f,0f,1f],start_interpolation:0}
execute if entity @s[tag=aj.frestchika_v2.bone.leg_left_1] run data modify entity @s {} merge value {transformation:[-0.9850055715299098f,-0.1722765253860799f,0.009209932460960364f,0.18846301271454846f,-0.17218645142037498f,0.9850154464369202f,0.009818158072359334f,0.5038246416924184f,-0.010763363893084129f,0.008085114815161304f,-0.9999093863526487f,-0.11154726579906511f,0f,0f,0f,1f],start_interpolation:0}
execute if entity @s[tag=aj.frestchika_v2.bone.leg_left_0] run data modify entity @s {} merge value {transformation:[-0.9850055715299098f,-0.17096853648408347f,-0.02310375700025223f,0.12332553925847764f,-0.17218645142037498f,0.9658767389095547f,0.193478554834129f,0.8709825769722134f,-0.010763363893084129f,0.19455560841552436f,-0.9808324348387802f,-0.02410691793936552f,0f,0f,0f,1f],start_interpolation:0}
execute if entity @s[tag=aj.frestchika_v2.bone.body_0] run data modify entity @s {} merge value {transformation:[-0.999977488252664f,0.005348945823973816f,-0.0040511438465645816f,0.0000017257600699372313f,0.004983231725884472f,0.9963295150276184f,0.08545563109823154f,1.185738007206635f,0.004493371725052744f,0.08543351955411357f,-0.9963337409458426f,0.00047673483697316187f,0f,0f,0f,1f],start_interpolation:0}
execute if entity @s[tag=aj.frestchika_v2.bone.body_1] run data modify entity @s {} merge value {transformation:[-0.9999934480165619f,-0.0007924408484405656f,-0.0035321327055476124f,0f,-5.421010862427522e-20f,0.9757449901505655f,-0.21891028800874773f,1.187862962962963f,0.0036199342463470664f,-0.21890885371216623f,-0.9757385970855501f,0f,0f,0f,0f,1f],start_interpolation:0}