execute if entity @s[tag=aj.frestchika_v2.bone.hair] run data modify entity @s {} merge value {transformation:[-0.8728066474953038f,-0.4670413591151724f,-0.14170718035392965f,-0.08199469072473407f,-0.3347400320504046f,0.36153124441382606f,0.8701978339754037f,1.4981229664572493f,-0.35518680582322115f,0.806949520223194f,-0.471884312920714f,-0.09125460206355154f,0f,0f,0f,1f],start_interpolation:0}
execute if entity @s[tag=aj.frestchika_v2.bone.side_hair_2] run data modify entity @s {} merge value {transformation:[-0.8728066474953038f,-0.401546780889076f,-0.27743240410166403f,0.1640038171060348f,-0.3347400320504046f,0.07882551984711278f,0.9390077999482892f,1.7984751846904756f,-0.35518680582322115f,0.912439981685619f,-0.20321322001937908f,0.39336455639485546f,0f,0f,0f,1f],start_interpolation:0}
execute if entity @s[tag=aj.frestchika_v2.bone.side_hair_1] run data modify entity @s {} merge value {transformation:[-0.8728066474953038f,-0.4727780196214944f,-0.12120024855909525f,-0.15723458081800262f,-0.3347400320504046f,0.3991446431825584f,0.8535998270627532f,1.9000788221653353f,-0.35518680582322115f,0.7855981784484012f,-0.5066338273227038f,0.6413997531693568f,0f,0f,0f,1f],start_interpolation:0}
execute if entity @s[tag=aj.frestchika_v2.bone.head] run data modify entity @s {} merge value {transformation:[-0.8728066474953038f,-0.48549490659480454f,0.05003250701804374f,-0.18254511356075848f,-0.3347400320504046f,0.6700628022501505f,0.6625443019025744f,1.4311373181979583f,-0.35518680582322115f,0.5615251879579204f,-0.7473498486371155f,0.21895921697064183f,0f,0f,0f,1f],start_interpolation:0}
execute if entity @s[tag=aj.frestchika_v2.bone.group] run data modify entity @s {} merge value {transformation:[-0.000006285426783182902f,-0.000007774747229963972f,2.161380656307274e-7f,-0.7659630721444146f,-0.0000063858335619401956f,0.000005317226236496417f,0.000005563113774597133f,1.0620428130953947f,-0.000004440105840230076f,0.0000033586322603229017f,-0.00000830692779958229f,-0.3698383822927108f,0f,0f,0f,1f],start_interpolation:0}
execute if entity @s[tag=aj.frestchika_v2.bone.group2] run data modify entity @s {} merge value {transformation:[-0.000006285426783182902f,-0.000007774747229963972f,2.161380656307274e-7f,-0.7659630721444146f,-0.0000063858335619401956f,0.000005317226236496417f,0.000005563113774597133f,1.0620428130953947f,-0.000004440105840230076f,0.0000033586322603229017f,-0.00000830692779958229f,-0.3698383822927108f,0f,0f,0f,1f],start_interpolation:0}
execute if entity @s[tag=aj.frestchika_v2.bone.group3] run data modify entity @s {} merge value {transformation:[-0.000006285426783182902f,-0.000007774747229963972f,2.161380656307274e-7f,-0.7659630721444146f,-0.0000063858335619401956f,0.000005317226236496417f,0.000005563113774597133f,1.0620428130953947f,-0.000004440105840230076f,0.0000033586322603229017f,-0.00000830692779958229f,-0.3698383822927108f,0f,0f,0f,1f],start_interpolation:0}
execute if entity @s[tag=aj.frestchika_v2.locator_origin.muzzle] at @s on origin run tp @s ^-0.76597 ^1.06204 ^-0.36984 ~1.49044 ~33.80109
execute if entity @s[tag=aj.frestchika_v2.bone.gun] run data modify entity @s {} merge value {transformation:[-0.000006285426783182902f,-0.000007774747229963972f,2.161380656307274e-7f,-0.7659647232241824f,-0.0000063858335619401956f,0.000005317226236496417f,0.000005563113774597133f,1.0620461184489476f,-0.000004440105840230076f,0.0000033586322603229017f,-0.00000830692779958229f,-0.36984185455152935f,0f,0f,0f,1f],start_interpolation:0}
execute if entity @s[tag=aj.frestchika_v2.bone.sword] run data modify entity @s {} merge value {transformation:[-0.8182066237341786f,0.17721508287275745f,0.6376969871184262f,-0.5272568995338938f,0.5595795719026464f,-0.35627387101197594f,0.8169849102911224f,0.9218136416476164f,0.35345910044412177f,0.974263031904908f,0.18276466036049913f,-0.36751538234258285f,0f,0f,0f,1f],start_interpolation:0}
execute if entity @s[tag=aj.frestchika_v2.bone.arm_right_1] run data modify entity @s {} merge value {transformation:[-0.6285426783182901f,-0.7774747229963972f,0.02161380656307274f,-0.5684676851887611f,-0.6385833561940195f,0.5317226236496416f,0.5563113774597133f,1.2894187307089544f,-0.4440105840230076f,0.33586322603229013f,-0.8306927799582289f,-0.2726234413808792f,0f,0f,0f,1f],start_interpolation:0}
execute if entity @s[tag=aj.frestchika_v2.bone.arm_right_0] run data modify entity @s {} merge value {transformation:[-0.5502231642695838f,-0.7774747229963972f,0.3046104472975969f,-0.35555119768592536f,-0.31642185634324493f,0.5317226236496416f,0.7855878438007021f,1.405758430885671f,-0.7727429574764569f,0.33586322603229013f,-0.538576099608701f,0.03606393042471717f,0f,0f,0f,1f],start_interpolation:0}
execute if entity @s[tag=aj.frestchika_v2.bone.arm_left_1] run data modify entity @s {} merge value {transformation:[0.789926795143451f,-0.5844920353326717f,-0.1854311703761457f,-0.03278177547452896f,0.31254702671914675f,0.6439431813341223f,-0.6983205104408078f,1.1912494445406048f,0.5275699142326229f,0.49366612183333025f,0.6913492212699904f,0.4643250789577185f,0f,0f,0f,1f],start_interpolation:0}
execute if entity @s[tag=aj.frestchika_v2.bone.arm_left_0] run data modify entity @s {} merge value {transformation:[0.5280368072931511f,-0.5844920353326717f,0.6160732024494544f,0.10477673994971257f,0.7638220157243025f,0.6439431813341223f,-0.043739084445754445f,1.4639278037148622f,-0.3711509914287159f,0.49366612183333025f,0.7864735861524662f,0.2715074858109866f,0f,0f,0f,1f],start_interpolation:0}
execute if entity @s[tag=aj.frestchika_v2.bone.right_wing_0] run data modify entity @s {} merge value {transformation:[0.042953552334828345f,0.027222553495326193f,-0.02326583319274141f,0.06257211491459205f,0f,-0.03633310034285955f,-0.042512114633535936f,1.6373174566277298f,0.03581014399521963f,-0.032652909086465856f,0.02790690212782194f,-0.3885494861355508f,0f,0f,0f,1f],start_interpolation:0}
execute if entity @s[tag=aj.frestchika_v2.bone.right_wing_1] run data modify entity @s {} merge value {transformation:[0.03830262082610579f,0.02427494555798133f,-0.020746651639855847f,-0.2515651946602226f,0f,-0.03239901917823452f,-0.037908981185799696f,1.6967716268894066f,0.03193268758041658f,-0.029117312250658677f,0.024885194181401813f,0.6299475029844113f,0f,0f,0f,1f],start_interpolation:0}
execute if entity @s[tag=aj.frestchika_v2.bone.right_wing_2] run data modify entity @s {} merge value {transformation:[0.034178886547522436f,0.021661457944100737f,-0.018513026976898307f,-0.2359826982374462f,0f,-0.02891087807728133f,-0.03382762691263448f,1.679181543205889f,0.028494752641695445f,-0.025982486068048764f,0.02220600601981504f,0.6161426066292439f,0f,0f,0f,1f],start_interpolation:0}
execute if entity @s[tag=aj.frestchika_v2.bone.left_wing_0] run data modify entity @s {} merge value {transformation:[0.05655320093723748f,0.03584156499665282f,-0.030632096020018564f,0.06257211491459205f,0f,-0.04783662846661643f,-0.05597199836689222f,1.6373174566277298f,0.047148097395217616f,-0.04299124119834292f,0.03674258723162347f,-0.3885494861355508f,0f,0f,0f,1f],start_interpolation:0}
execute if entity @s[tag=aj.frestchika_v2.bone.left_wing_1] run data modify entity @s {} merge value {transformation:[0.052991706555013944f,0.03358440659942357f,-0.028703009141061834f,-0.27246677487898685f,0f,-0.04482406895230273f,-0.05244710579773875f,1.6980141318668134f,0.04417889881365633f,-0.04028382479263602f,0.0344286860581247f,0.6144147447149056f,0f,0f,0f,1f],start_interpolation:0}
execute if entity @s[tag=aj.frestchika_v2.bone.left_wing_2] run data modify entity @s {} merge value {transformation:[0.0480053000302698f,0.030424185593459746f,-0.026002117221074417f,-0.24970772631485785f,0f,-0.04060621969965972f,-0.047511945042304535f,1.6783043925842107f,0.040021758694537383f,-0.036493202828440305f,0.031189020156435467f,0.6033639133883738f,0f,0f,0f,1f],start_interpolation:0}
execute if entity @s[tag=aj.frestchika_v2.bone.leg_right_1] run data modify entity @s {} merge value {transformation:[-0.5544035755689334f,0.3475505395254301f,0.7562045344164264f,-0.17210936444275204f,0.038044483784400715f,0.9182625350598587f,-0.3941402465608156f,0.565659303349472f,-0.8313779481378856f,-0.18974335082164107f,-0.5223104136134135f,-0.11143789255052372f,0f,0f,0f,1f],start_interpolation:0}
execute if entity @s[tag=aj.frestchika_v2.bone.leg_right_0] run data modify entity @s {} merge value {transformation:[-0.5544035755689334f,0.48428544392648615f,0.6768340152484271f,0.01284863728998092f,0.038044483784400715f,0.827157213465336f,-0.5606813368267568f,0.8677404054893123f,-0.8313779481378856f,-0.2850939371736737f,-0.4770033064213001f,-0.22095349625724903f,0f,0f,0f,1f],start_interpolation:0}
execute if entity @s[tag=aj.frestchika_v2.bone.leg_left_1] run data modify entity @s {} merge value {transformation:[-0.5085919648180559f,-0.20423474261251295f,0.8364343269094769f,-0.14386091197781514f,-0.09584794743343242f,0.9788514606048633f,0.18072904870142836f,0.8628514222186685f,-0.8556561133395283f,0.011746828581619656f,-0.5174114684880557f,0.17190291833337756f,0f,0f,0f,1f],start_interpolation:0}
execute if entity @s[tag=aj.frestchika_v2.bone.leg_left_0] run data modify entity @s {} merge value {transformation:[-0.5085919648180559f,0.7910558863467492f,0.33994822840936895f,0.14078404968470415f,-0.09584794743343242f,0.34035497315461716f,-0.9353991999257416f,0.8817864893335434f,-0.8556561133395283f,-0.5083198569061399f,-0.09728072152083293f,0.0005922418130182155f,0f,0f,0f,1f],start_interpolation:0}
execute if entity @s[tag=aj.frestchika_v2.bone.body_0] run data modify entity @s {} merge value {transformation:[-0.5816313587769171f,-0.2178564154802864f,0.7837369103987626f,0f,0.13948011698659674f,0.9224911873380224f,0.3599379199932827f,1.1875f,-0.8014051780795547f,0.3186668974301636f,-0.5061631644336744f,0f,0f,0f,0f,1f],start_interpolation:0}
execute if entity @s[tag=aj.frestchika_v2.bone.body_1] run data modify entity @s {} merge value {transformation:[-0.7680848004843168f,-0.48678696949535594f,0.4160338755371907f,0f,0f,0.6496995151945555f,0.7601911206768726f,1.1875f,-0.6403481391125981f,0.5838912452550449f,-0.49902432250296747f,0f,0f,0f,0f,1f],start_interpolation:0}