execute if entity @s[tag=aj.labyria.bone.wing_right_1] run data modify entity @s {} merge value {transformation:[-0.5456977520111254f,-0.09622123699151838f,-0.5999165620703188f,0.05714905884428684f,0.01111145612120208f,0.8046452936185815f,-0.1391651229467269f,1.3652224449579535f,0.6074824634813051f,-0.1011527036402541f,-0.5363558814382443f,-0.32822336057883506f,0f,0f,0f,1f],start_interpolation:0}
execute if entity @s[tag=aj.labyria.bone.wing_right_2] run data modify entity @s {} merge value {transformation:[-0.5299408234372189f,0.11748505207263607f,-0.5876733669260267f,0.05714905884428684f,0.31169639479361644f,0.7240585935073043f,-0.1363250183967937f,1.3652224449579535f,0.511867249516263f,-0.31927482786419936f,-0.5254098430415455f,-0.32822336057883506f,0f,0f,0f,1f],start_interpolation:0}
execute if entity @s[tag=aj.labyria.bone.wing_left_1] run data modify entity @s {} merge value {transformation:[-0.5456977520111251f,0.0962212369915184f,0.5999165620703191f,-0.05714905884428677f,-0.01111145612120208f,0.8046452936185815f,-0.1391651229467269f,1.3652224449579535f,-0.6074824634813053f,-0.10115270364025405f,-0.5363558814382441f,-0.32822336057883506f,0f,0f,0f,1f],start_interpolation:0}
execute if entity @s[tag=aj.labyria.bone.wing_left_2] run data modify entity @s {} merge value {transformation:[-0.5299408234372187f,-0.11748505207263596f,0.5876733669260269f,-0.05714905884428677f,-0.31169639479361644f,0.7240585935073043f,-0.1363250183967937f,1.3652224449579535f,-0.5118672495162632f,-0.31927482786419936f,-0.5254098430415453f,-0.32822336057883506f,0f,0f,0f,1f],start_interpolation:0}
execute if entity @s[tag=aj.labyria.bone.musket] run data modify entity @s {} merge value {transformation:[-3.989534441778191e-21f,0.000001031035093917029f,0.000016223520909396073f,-0.9919548865591523f,-0.000015735216077074518f,-0.000004074504621384968f,2.589423885503128e-7f,1.6093691732562674f,0.000004082724466612412f,-0.00001570353599632656f,9.979890802510593e-7f,-0.10521138570627048f,0f,0f,0f,1f],start_interpolation:0}
execute if entity @s[tag=aj.labyria.bone.omega_blade] run data modify entity @s {} merge value {transformation:[-4.402819123993053e-16f,0.11378422959503434f,1.790415126396382f,-0.9919548865591523f,-1.7365261855823924f,-0.449659155213008f,0.028576680235742207f,1.6093691732562674f,0.45056629092750805f,-1.7330299965557705f,0.11013729727589844f,-0.10521138570627048f,0f,0f,0f,1f],start_interpolation:0}
execute if entity @s[tag=aj.labyria.bone.arm_right_2] run data modify entity @s {} merge value {transformation:[-0.9979866764718844f,0.06342391965656465f,-2.3817863957453646e-17f,-0.6259018782173371f,-0.01592878976088066f,-0.2506423450294482f,-0.9679487013963561f,1.5991257815422293f,-0.06139110066903858f,-0.9659999075018258f,0.2511479871810787f,-0.09243038623049826f,0f,0f,0f,1f],start_interpolation:0}
execute if entity @s[tag=aj.labyria.bone.arm_right_1] run data modify entity @s {} merge value {transformation:[-0.9979866764718844f,0.06342391965656465f,-2.3817863957453646e-17f,-0.2984375f,-0.01592878976088066f,-0.2506423450294482f,-0.9679487013963561f,1.6043524156825182f,-0.06139110066903858f,-0.9659999075018258f,0.2511479871810787f,-0.07228643132346997f,0f,0f,0f,1f],start_interpolation:0}
execute if entity @s[tag=aj.labyria.bone.arm_left_2] run data modify entity @s {} merge value {transformation:[-0.9979866764718844f,-0.0634239196565644f,-3.7695651765268106e-17f,0.6259018782173371f,0.01592878976088066f,-0.2506423450294482f,-0.9679487013963561f,1.5991257815422293f,0.06139110066903833f,-0.9659999075018258f,0.2511479871810787f,-0.0924303862304981f,0f,0f,0f,1f],start_interpolation:0}
execute if entity @s[tag=aj.labyria.bone.arm_left_1] run data modify entity @s {} merge value {transformation:[-0.9979866764718844f,-0.0634239196565644f,-3.7695651765268106e-17f,0.2984375f,0.01592878976088066f,-0.2506423450294482f,-0.9679487013963561f,1.6043524156825182f,0.06139110066903833f,-0.9659999075018258f,0.2511479871810787f,-0.07228643132346989f,0f,0f,0f,1f],start_interpolation:0}
execute if entity @s[tag=aj.labyria.bone.himo_right_2] run data modify entity @s {} merge value {transformation:[-1f,8.309343790547958e-17f,8.996153846876333e-17f,-0.15625000000000003f,0f,0.7345917086575333f,-0.6785094115571317f,1.391680379064443f,-1.2246467991473532e-16f,-0.6785094115571317f,-0.7345917086575333f,0.2429400425586264f,0f,0f,0f,1f],start_interpolation:0}
execute if entity @s[tag=aj.labyria.bone.himo_right_1] run data modify entity @s {} merge value {transformation:[-1f,5.869107375813299e-17f,1.0748467652524228e-16f,-0.15625000000000003f,0f,0.8776789895672555f,-0.47924898672005656f,1.553249883441303f,-1.2246467991473532e-16f,-0.47924898672005656f,-0.8776789895672555f,0.14759536386382047f,0f,0f,0f,1f],start_interpolation:0}
execute if entity @s[tag=aj.labyria.bone.himo_left_2] run data modify entity @s {} merge value {transformation:[-1f,8.230971766821358e-17f,9.067914977544476e-17f,0.15624999999999997f,0f,0.7404514496635203f,-0.6721098501667647f,1.391680379064443f,-1.2246467991473532e-16f,-0.6721098501667647f,-0.7404514496635203f,0.24294004255862645f,0f,0f,0f,1f],start_interpolation:0}
execute if entity @s[tag=aj.labyria.bone.himo_left_1] run data modify entity @s {} merge value {transformation:[-1f,5.869107375813299e-17f,1.0748467652524228e-16f,0.15624999999999997f,0f,0.8776789895672555f,-0.47924898672005656f,1.553249883441303f,-1.2246467991473532e-16f,-0.47924898672005656f,-0.8776789895672555f,0.14759536386382052f,0f,0f,0f,1f],start_interpolation:0}
execute if entity @s[tag=aj.labyria.bone.ribbon_left_himo_1] run data modify entity @s {} merge value {transformation:[-1f,2.1200703629090116e-17f,1.2061562084676288e-16f,0.30053125f,0f,0.9849012868913728f,-0.17311688271141407f,1.9223419507435309f,-1.2246467991473532e-16f,-0.17311688271141407f,-0.9849012868913728f,-0.06746414816076932f,0f,0f,0f,1f],start_interpolation:0}
execute if entity @s[tag=aj.labyria.bone.ribbon_left_himo_2] run data modify entity @s {} merge value {transformation:[-1f,2.1200703629090116e-17f,1.2061562084676288e-16f,0.30053125f,0f,0.9849012868913728f,-0.17311688271141407f,1.8993498647584213f,-1.2246467991473532e-16f,-0.17311688271141407f,-0.9849012868913728f,-0.19827135032602977f,0f,0f,0f,1f],start_interpolation:0}
execute if entity @s[tag=aj.labyria.bone.ribbon_left] run data modify entity @s {} merge value {transformation:[-1f,2.1200703629090116e-17f,1.2061562084676288e-16f,0.3f,0f,0.9849012868913728f,-0.17311688271141407f,2.01614847552888f,-1.2246467991473532e-16f,-0.17311688271141407f,-0.9849012868913728f,-0.15137686535264547f,0f,0f,0f,1f],start_interpolation:0}
execute if entity @s[tag=aj.labyria.bone.ribbon_right_himo_1] run data modify entity @s {} merge value {transformation:[-1f,2.1200703629090116e-17f,1.2061562084676288e-16f,-0.30053125f,0f,0.9849012868913728f,-0.17311688271141407f,1.9223419507435309f,-1.2246467991473532e-16f,-0.17311688271141407f,-0.9849012868913728f,-0.0674641481607694f,0f,0f,0f,1f],start_interpolation:0}
execute if entity @s[tag=aj.labyria.bone.ribbon_right_himo_2] run data modify entity @s {} merge value {transformation:[-1f,2.1200703629090116e-17f,1.2061562084676288e-16f,-0.30053125f,0f,0.9849012868913728f,-0.17311688271141407f,1.8993498647584213f,-1.2246467991473532e-16f,-0.17311688271141407f,-0.9849012868913728f,-0.19827135032602985f,0f,0f,0f,1f],start_interpolation:0}
execute if entity @s[tag=aj.labyria.bone.ribbon_right] run data modify entity @s {} merge value {transformation:[-1f,2.1200703629090116e-17f,1.2061562084676288e-16f,-0.3f,0f,0.9849012868913728f,-0.17311688271141407f,2.01614847552888f,-1.2246467991473532e-16f,-0.17311688271141407f,-0.9849012868913728f,-0.15137686535264555f,0f,0f,0f,1f],start_interpolation:0}
execute if entity @s[tag=aj.labyria.bone.crown] run data modify entity @s {} merge value {transformation:[-0.9762960071199334f,0.2164396139381029f,1.2061562084676288e-16f,0.16875f,0.21317165430190943f,0.9615551937993312f,-0.17311688271141407f,2.2977780912887398f,-0.037469351260226415f,-0.16901332135620334f,-0.9849012868913728f,-0.18379429295123656f,0f,0f,0f,1f],start_interpolation:0}
execute if entity @s[tag=aj.labyria.bone.ear_edge_a1] run data modify entity @s {} merge value {transformation:[-0.9702957262759964f,0.2419218955996677f,1.2061562084676288e-16f,0.20400449188150194f,0.23826918630331304f,0.9556455094744281f,-0.17311688271141407f,2.28493767610716f,-0.041880764425850744f,-0.16797457144110794f,-0.9849012868913728f,-0.19862215696706986f,0f,0f,0f,1f],start_interpolation:0}
execute if entity @s[tag=aj.labyria.bone.ear_edge_a2] run data modify entity @s {} merge value {transformation:[-0.9961946980917455f,0.08715574274765817f,1.2061562084676288e-16f,0.09013609543946538f,0.08583980319214195f,0.9811534401449228f,-0.17311688271141407f,2.3047125936229986f,-0.015088130494872638f,-0.17245812070728123f,-0.9849012868913728f,-0.2020980099502887f,0f,0f,0f,1f],start_interpolation:0}
execute if entity @s[tag=aj.labyria.bone.ear_edge_b1] run data modify entity @s {} merge value {transformation:[-0.9455185755993167f,0.3255681544571567f,1.2061562084676288e-16f,0.06750812473190501f,0.32065249429570286f,0.931242461887465f,-0.17311688271141407f,2.302391679088589f,-0.05636134400973124f,-0.1636852283534902f,-0.9849012868913728f,-0.2016900609562278f,0f,0f,0f,1f],start_interpolation:0}
execute if entity @s[tag=aj.labyria.bone.ear_edge_b2] run data modify entity @s {} merge value {transformation:[-0.9998476951563913f,0.017452406437283546f,1.2061562084676288e-16f,0.09737644500620996f,0.017188897559431787f,0.9847512816549028f,-0.17311688271141407f,2.309705794308197f,-0.0030213061982352594f,-0.17309051617166665f,-0.9849012868913728f,-0.20297566880694673f,0f,0f,0f,1f],start_interpolation:0}
execute if entity @s[tag=aj.labyria.bone.ear_right_2] run data modify entity @s {} merge value {transformation:[-0.984807753012208f,0.17364817766693036f,1.2061562084676288e-16f,0.16407083997505928f,0.17102631365050142f,0.9699384232823249f,-0.17311688271141407f,2.4020988197025237f,-0.03006143120621689f,-0.17048684827150562f,-0.9849012868913728f,-0.2509447324779469f,0f,0f,0f,1f],start_interpolation:0}
execute if entity @s[tag=aj.labyria.bone.ear_right_1] run data modify entity @s {} merge value {transformation:[-0.984807753012208f,0.17364817766693036f,1.2061562084676288e-16f,0.125f,0.17102631365050142f,0.9699384232823249f,-0.17311688271141407f,2.183862674464001f,-0.03006143120621689f,-0.17048684827150562f,-0.9849012868913728f,-0.21258519161685818f,0f,0f,0f,1f],start_interpolation:0}
execute if entity @s[tag=aj.labyria.bone.ear_edge_a3] run data modify entity @s {} merge value {transformation:[-0.9702957262759964f,-0.24192189559966765f,1.2061562084676288e-16f,-0.2040044918815019f,-0.23826918630331304f,0.9556455094744281f,-0.17311688271141407f,2.28493767610716f,0.04188076442585051f,-0.16797457144110803f,-0.9849012868913728f,-0.19862215696706992f,0f,0f,0f,1f],start_interpolation:0}
execute if entity @s[tag=aj.labyria.bone.ear_edge_a4] run data modify entity @s {} merge value {transformation:[-0.9961946980917455f,-0.08715574274765814f,1.2061562084676288e-16f,-0.09013609543946535f,-0.08583980319214195f,0.9811534401449228f,-0.17311688271141407f,2.3047125936229986f,0.01508813049487239f,-0.17245812070728125f,-0.9849012868913728f,-0.2020980099502887f,0f,0f,0f,1f],start_interpolation:0}
execute if entity @s[tag=aj.labyria.bone.ear_edge_b3] run data modify entity @s {} merge value {transformation:[-0.9455185755993168f,-0.3255681544571566f,1.2061562084676288e-16f,-0.06750812473190496f,-0.32065249429570286f,0.931242461887465f,-0.17311688271141407f,2.302391679088589f,0.05636134400973101f,-0.16368522835349028f,-0.9849012868913728f,-0.20169006095622777f,0f,0f,0f,1f],start_interpolation:0}
execute if entity @s[tag=aj.labyria.bone.ear_edge_b4] run data modify entity @s {} merge value {transformation:[-0.9998476951563912f,-0.01745240643728349f,1.2061562084676288e-16f,-0.0973764450062099f,-0.017188897559431787f,0.9847512816549028f,-0.17311688271141407f,2.309705794308197f,0.003021306198235013f,-0.17309051617166668f,-0.9849012868913728f,-0.20297566880694667f,0f,0f,0f,1f],start_interpolation:0}
execute if entity @s[tag=aj.labyria.bone.ear_left_2] run data modify entity @s {} merge value {transformation:[-0.984807753012208f,-0.1736481776669303f,1.2061562084676288e-16f,-0.16407083997505922f,-0.17102631365050142f,0.9699384232823249f,-0.17311688271141407f,2.4020988197025237f,0.030061431206216647f,-0.17048684827150568f,-0.9849012868913728f,-0.2509447324779469f,0f,0f,0f,1f],start_interpolation:0}
execute if entity @s[tag=aj.labyria.bone.ear_left_1] run data modify entity @s {} merge value {transformation:[-0.984807753012208f,-0.1736481776669303f,1.2061562084676288e-16f,-0.12499999999999997f,-0.17102631365050142f,0.9699384232823249f,-0.17311688271141407f,2.183862674464001f,0.030061431206216647f,-0.17048684827150568f,-0.9849012868913728f,-0.2125851916168582f,0f,0f,0f,1f],start_interpolation:0}
execute if entity @s[tag=aj.labyria.bone.head] run data modify entity @s {} merge value {transformation:[-1f,2.1200703629090116e-17f,1.2061562084676288e-16f,1.1399578684601201e-17f,0f,0.9849012868913728f,-0.17311688271141407f,1.684510667516904f,-1.2246467991473532e-16f,-0.17311688271141407f,-0.9849012868913728f,-0.09308462401190307f,0f,0f,0f,1f],start_interpolation:0}
execute if entity @s[tag=aj.labyria.bone.back_musket] run data modify entity @s {} merge value {transformation:[0.021455443264204822f,1.0190085757155662f,1.2664192935980836f,-0.09891062499999996f,-0.538816783848568f,1.1993809739478556f,-0.955938488293038f,1.57799554822667f,-1.5335816828661004f,-0.407140568569414f,0.353582267693888f,-0.29471095183729606f,0f,0f,0f,1f],start_interpolation:0}
execute if entity @s[tag=aj.labyria.bone.body_1] run data modify entity @s {} merge value {transformation:[-1f,3.075675786136092e-17f,1.1853952789038846e-16f,-1.3420551340914437e-19f,0f,0.9679487013963561f,-0.2511479871810791f,1.3215299044932705f,-1.2246467991473532e-16f,-0.2511479871810791f,-0.9679487013963561f,0.0010958711810016026f,0f,0f,0f,1f],start_interpolation:0}
execute if entity @s[tag=aj.labyria.bone.belt2] run data modify entity @s {} merge value {transformation:[-0.9098617100726532f,-0.1926073118719293f,0.36749706387553166f,0.33446733295972303f,-0.08472389551662785f,0.953308006782999f,0.2898718781322415f,0.6055805953244725f,-0.406169336696106f,0.23260753989691496f,-0.8836968950443078f,0.12855914154565834f,0f,0f,0f,1f],start_interpolation:0}
execute if entity @s[tag=aj.labyria.bone.leg_left_2] run data modify entity @s {} merge value {transformation:[-0.9510565162951535f,-0.30796580238838484f,-0.025466985919117946f,0.22852408344784864f,-0.3003062899421447f,0.9016741076159928f,0.31112688067103356f,0.7407191404254079f,-0.07285351764816038f,0.3035471433141503f,-0.950027103167119f,0.010858067136300616f,0f,0f,0f,1f],start_interpolation:0}
execute if entity @s[tag=aj.labyria.bone.leg_left_1] run data modify entity @s {} merge value {transformation:[-0.9510565162951535f,-0.28987461816649585f,0.10707104443010965f,0.125f,-0.3003062899421447f,0.9486821665916948f,-0.09908722930868691f,1.080625361061953f,-0.07285351764816038f,-0.12639166322869558f,-0.989301527560012f,-0.03881313623006898f,0f,0f,0f,1f],start_interpolation:0}
execute if entity @s[tag=aj.labyria.bone.belt] run data modify entity @s {} merge value {transformation:[-0.852016346418106f,0.15756712437294612f,-0.49924016941065813f,-0.24081646662295847f,0.25561847102099317f,0.9574371226356411f,-0.13406473612428527f,0.9287938949095681f,0.456866876353749f,-0.241840355433135f,-0.8560291465684698f,0.15135915115050022f,0f,0f,0f,1f],start_interpolation:0}
execute if entity @s[tag=aj.labyria.bone.leg_right_2] run data modify entity @s {} merge value {transformation:[-0.9510565162951535f,0.3079658023883849f,0.025466985919118224f,-0.23193790695336203f,0.30030628994214476f,0.9016741076159928f,0.31112688067103356f,0.7577384843423243f,0.07285351764816017f,0.30354714331415034f,-0.9500271031671189f,0.028688722358084888f,0f,0f,0f,1f],start_interpolation:0}
execute if entity @s[tag=aj.labyria.bone.leg_right_1] run data modify entity @s {} merge value {transformation:[-0.9510565162951535f,0.2844516431214246f,-0.12074255893448664f,-0.12499999999999999f,0.30030628994214476f,0.9428928712696435f,-0.1441151120808362f,1.1154149526128654f,0.07285351764816017f,-0.1733213663528221f,-0.9821670270029838f,-0.049667136401465826f,0f,0f,0f,1f],start_interpolation:0}
execute if entity @s[tag=aj.labyria.bone.skirt_forward_right] run data modify entity @s {} merge value {transformation:[-0.9833991713096739f,0.1814554211575026f,1.2015870420601724e-16f,-0.005681818181818179f,0.17803866627196546f,0.9648820396551229f,-0.19314471999790586f,1.278473574288281f,-0.035047156511568034f,-0.1899383575887796f,-0.9811702793791353f,-0.03519156569376357f,0f,0f,0f,1f],start_interpolation:0}
execute if entity @s[tag=aj.labyria.bone.skirt_forward_left] run data modify entity @s {} merge value {transformation:[-0.9833991713096739f,-0.18145542115750254f,1.2015870420601724e-16f,-0.005681818181818179f,-0.17803866627196546f,0.9648820396551229f,-0.19314471999790586f,1.278473574288281f,0.0350471565115678f,-0.18993835758877967f,-0.9811702793791353f,-0.03519156569376357f,0f,0f,0f,1f],start_interpolation:0}
execute if entity @s[tag=aj.labyria.bone.skirt_forward] run data modify entity @s {} merge value {transformation:[-1f,2.365340631176472e-17f,1.2015870420601724e-16f,-0.005681818181818179f,0f,0.9811702793791353f,-0.19314471999790586f,1.278473574288281f,-1.2246467991473532e-16f,-0.19314471999790586f,-0.9811702793791353f,-0.03519156569376357f,0f,0f,0f,1f],start_interpolation:0}
execute if entity @s[tag=aj.labyria.bone.skirt_back_right] run data modify entity @s {} merge value {transformation:[-0.9833991713096739f,0.18145542115750252f,1.1387193133773079e-16f,-0.00568181818181818f,0.16872358032775095f,0.9143988535381994f,0.36797702386074516f,1.2683673652752514f,0.06677142584093576f,0.36186830032565687f,-0.9298348831435549f,-0.027996373591744467f,0f,0f,0f,1f],start_interpolation:0}
execute if entity @s[tag=aj.labyria.bone.skirt_back_left] run data modify entity @s {} merge value {transformation:[-0.9833991713096739f,-0.18145542115750263f,1.1387193133773079e-16f,-0.00568181818181818f,-0.16872358032775095f,0.9143988535381994f,0.36797702386074516f,1.2683673652752514f,-0.06677142584093601f,0.36186830032565687f,-0.9298348831435549f,-0.027996373591744467f,0f,0f,0f,1f],start_interpolation:0}
execute if entity @s[tag=aj.labyria.bone.skirt_back] run data modify entity @s {} merge value {transformation:[-1f,-4.5064188443083074e-17f,1.1387193133773079e-16f,-0.00568181818181818f,0f,0.9298348831435549f,0.36797702386074516f,1.2683673652752514f,-1.2246467991473532e-16f,0.36797702386074516f,-0.9298348831435549f,-0.027996373591744467f,0f,0f,0f,1f],start_interpolation:0}
execute if entity @s[tag=aj.labyria.bone.skirt_right] run data modify entity @s {} merge value {transformation:[-0.9659258262890683f,0.25800500121776887f,-0.02051139815808984f,-0.19943181818181818f,0.25152334213308214f,0.9544293624137279f,0.1606256533830425f,1.3322308465385069f,0.061018902562936614f,0.1499933715506917f,-0.986802250717372f,0.01000624704412753f,0f,0f,0f,1f],start_interpolation:0}
execute if entity @s[tag=aj.labyria.bone.skirt_left] run data modify entity @s {} merge value {transformation:[-0.9659258262890683f,-0.258005001217769f,0.020511398158090083f,0.18806818181818183f,-0.25152334213308214f,0.9544293624137279f,0.1606256533830425f,1.3322308465385069f,-0.06101890256293685f,0.14999337155069165f,-0.986802250717372f,0.01000624704412758f,0f,0f,0f,1f],start_interpolation:0}
execute if entity @s[tag=aj.labyria.bone.coat_downer] run data modify entity @s {} merge value {transformation:[-1f,-1.838964444604255e-17f,1.2107608683702456e-16f,6.631570247511733e-18f,0f,0.9886612770418577f,0.15016284253424034f,1.1605570194143584f,-1.2246467991473532e-16f,0.15016284253424034f,-0.9886612770418577f,-0.054150880499821585f,0f,0f,0f,1f],start_interpolation:0}
execute if entity @s[tag=aj.labyria.bone.body_2] run data modify entity @s {} merge value {transformation:[-1f,-2.8872142574200735e-17f,1.1901259265217946e-16f,0f,0f,0.9718115683235417f,0.23575893550942725f,1.3837699890136719f,-1.2246467991473532e-16f,0.23575893550942725f,-0.9718115683235417f,0f,0f,0f,0f,1f],start_interpolation:0}
execute if entity @s[tag=aj.labyria.bone.sphere] run data modify entity @s {} merge value {transformation:[-0.8660254037844388f,0f,-0.49999999999999983f,0.5656250000000002f,0f,1f,0f,2.352519989013672f,0.49999999999999983f,0f,-0.8660254037844388f,-0.6029350605747558f,0f,0f,0f,1f],start_interpolation:0}