execute if entity @s[tag=aj.labyria.bone.wing_right_1] run data modify entity @s {} merge value {transformation:[0.26706964179660725f,-0.01713374864960364f,-0.7715728646941186f,-0.4139955668911808f,-0.4775821143302528f,0.6376915379411919f,-0.17946941509484898f,1.036561070944198f,0.6062454741661348f,0.5099023254897491f,0.19852074943861334f,0.07436281925570153f,0f,0f,0f,1f],start_interpolation:0}
execute if entity @s[tag=aj.labyria.bone.wing_right_2] run data modify entity @s {} merge value {transformation:[0.23528167255689336f,-0.11562381736731665f,-0.7558264797003611f,-0.4139955668911808f,-0.19316997942237818f,0.7561595977543736f,-0.17580677397046432f,1.036561070944198f,0.739816121484784f,0.23420887169651222f,0.1944693055725192f,0.07436281925570153f,0f,0f,0f,1f],start_interpolation:0}
execute if entity @s[tag=aj.labyria.bone.wing_left_1] run data modify entity @s {} merge value {transformation:[-0.7505999885039036f,0.0681256974662112f,-0.3144884593226379f,-0.4565506333816656f,-0.07813535267846514f,0.735679521025795f,0.3458539481479329f,0.9876528815833437f,0.31215215578976235f,0.34796404430981565f,-0.669646548522282f,0.15519016023567803f,0f,0f,0f,1f],start_interpolation:0}
execute if entity @s[tag=aj.labyria.bone.wing_left_2] run data modify entity @s {} merge value {transformation:[-0.7048501638079339f,-0.21972464562297037f,-0.30807032749972696f,-0.4565506333816656f,-0.3465012414681222f,0.6365173685009506f,0.3387957043081792f,0.9876528815833437f,0.1520629351320662f,0.43193369827148836f,-0.6559802924299906f,0.15519016023567803f,0f,0f,0f,1f],start_interpolation:0}
execute if entity @s[tag=aj.labyria.bone.musket] run data modify entity @s {} merge value {transformation:[0.000004552550380379499f,-0.000013387079686544453f,-0.000008020352022368804f,0.28134091860196914f,0.00001339998285489515f,0.000007635518677448133f,-0.0000051385774371275916f,0.8551454257101537f,0.000007998775442848888f,-0.0000051720997723313114f,0.000013173254701190134f,0.5900553535900053f,0f,0f,0f,1f],start_interpolation:0}
execute if entity @s[tag=aj.labyria.bone.omega_blade] run data modify entity @s {} merge value {transformation:[0.5024159126883684f,-1.4773876831619999f,-0.8851197998306439f,0.28134091860196914f,1.4788116667671953f,0.8426498917425275f,-0.5670894020461352f,0.8551454257101537f,0.882738625327027f,-0.5707889008390336f,1.4537901243880509f,0.5900553535900053f,0f,0f,0f,1f],start_interpolation:0}
execute if entity @s[tag=aj.labyria.bone.arm_right_2] run data modify entity @s {} merge value {transformation:[0.9458063902068188f,0.19238551287441047f,0.26160674050948507f,-0.014849972400027445f,-0.0002663574612081221f,0.8060697655458476f,-0.5918204644371172f,0.8464118581725903f,-0.3247309675680007f,0.5596778962125556f,0.7624371785225572f,0.6849049118283557f,0f,0f,0f,1f],start_interpolation:0}
execute if entity @s[tag=aj.labyria.bone.arm_right_1] run data modify entity @s {} merge value {transformation:[0.8885321950624461f,0.19238551287441047f,-0.4165313346839123f,-0.28678444087755495f,-0.38516949362108444f,0.8060697655458476f,-0.4493283813165374f,0.9863971176912204f,0.24930904420254935f,0.5596778962125556f,0.7903199687277925f,0.5767683683926785f,0f,0f,0f,1f],start_interpolation:0}
execute if entity @s[tag=aj.labyria.bone.arm_left_2] run data modify entity @s {} merge value {transformation:[-0.8479380905863412f,0.09554341438980424f,0.5214138955757969f,0.32320403182295876f,0.22637685613466424f,0.9546860632782894f,0.1932046572647452f,1.1542011004071244f,-0.47932714667476894f,0.2818616265988334f,-0.8311434953795189f,0.023985666569664856f,0f,0f,0f,1f],start_interpolation:0}
execute if entity @s[tag=aj.labyria.bone.arm_left_1] run data modify entity @s {} merge value {transformation:[-0.9947267117262348f,0.09554341438980424f,-0.03728572039065864f,-0.03482850615461584f,0.08096262571348842f,0.9546860632782894f,0.2863905965980373f,1.1833420232594167f,0.06295889306436248f,0.2818616265988334f,-0.9573871741543074f,0.046646495927483655f,0f,0f,0f,1f],start_interpolation:0}
execute if entity @s[tag=aj.labyria.bone.himo_right_2] run data modify entity @s {} merge value {transformation:[-0.32961349519650274f,-0.5903902570833959f,-0.7367457418440547f,0.022606010974306874f,-0.7544711120218475f,0.6338333533300544f,-0.17037787805608784f,0.774545507555149f,0.5675634633315131f,0.4996945312362143f,-0.6543524207518132f,0.36947708997347883f,0f,0f,0f,1f],start_interpolation:0}
execute if entity @s[tag=aj.labyria.bone.himo_right_1] run data modify entity @s {} merge value {transformation:[-0.389762582296023f,-0.2948883373679484f,-0.8724253537846679f,-0.038138210743337606f,-0.6225088850256794f,0.7824942103735869f,0.01361979426797709f,0.9213482957143714f,0.6786514698326537f,0.5484010204368548f,-0.4885575741688946f,0.46924879646683354f,0f,0f,0f,1f],start_interpolation:0}
execute if entity @s[tag=aj.labyria.bone.himo_left_2] run data modify entity @s {} merge value {transformation:[-0.32961349519650274f,-0.5903902570833959f,-0.7367457418440547f,0.15095131067428993f,-0.7544711120218475f,0.6338333533300544f,-0.17037787805608784f,0.9220517092598477f,0.5675634633315131f,0.4996945312362143f,-0.6543524207518132f,0.12570331266432222f,0f,0f,0f,1f],start_interpolation:0}
execute if entity @s[tag=aj.labyria.bone.himo_left_1] run data modify entity @s {} merge value {transformation:[-0.389762582296023f,-0.2948883373679484f,-0.8724253537846679f,0.09020708895664545f,-0.6225088850256794f,0.7824942103735869f,0.01361979426797709f,1.0688544974190701f,0.6786514698326537f,0.5484010204368548f,-0.4885575741688946f,0.22547501915767693f,0f,0f,0f,1f],start_interpolation:0}
execute if entity @s[tag=aj.labyria.bone.ribbon_left_himo_1] run data modify entity @s {} merge value {transformation:[-0.9857571342617583f,-0.019978742551831574f,-0.166984197150789f,0.1325666519747189f,-0.11360895707247566f,0.8112115936088725f,0.5736102816960813f,1.3686340473514633f,0.12399950453510017f,0.5844113279536948f,-0.8019273799007293f,0.5099529184862164f,0f,0f,0f,1f],start_interpolation:0}
execute if entity @s[tag=aj.labyria.bone.ribbon_left_himo_2] run data modify entity @s {} merge value {transformation:[-0.9857571342617583f,-0.019978742551831574f,-0.166984197150789f,0.11038906329062972f,-0.11360895707247566f,0.8112115936088725f,0.5736102816960813f,1.4448166628892243f,0.12399950453510017f,0.5844113279536948f,-0.8019273799007293f,0.4034469383431507f,0f,0f,0f,1f],start_interpolation:0}
execute if entity @s[tag=aj.labyria.bone.ribbon_left] run data modify entity @s {} merge value {transformation:[-0.9857571342617583f,-0.019978742551831574f,-0.166984197150789f,0.11881810943502635f,-0.11360895707247566f,0.8112115936088725f,0.5736102816960813f,1.4933972089143297f,0.12399950453510017f,0.5844113279536948f,-0.8019273799007293f,0.519249236050877f,0f,0f,0f,1f],start_interpolation:0}
execute if entity @s[tag=aj.labyria.bone.ribbon_right_himo_1] run data modify entity @s {} merge value {transformation:[-0.9857571342617583f,-0.019978742551831574f,-0.166984197150789f,-0.4599349955374893f,-0.11360895707247566f,0.8112115936088725f,0.5736102816960813f,1.3003479635910886f,0.12399950453510017f,0.5844113279536948f,-0.8019273799007293f,0.584484370680845f,0f,0f,0f,1f],start_interpolation:0}
execute if entity @s[tag=aj.labyria.bone.ribbon_right_himo_2] run data modify entity @s {} merge value {transformation:[-0.9857571342617583f,-0.019978742551831574f,-0.166984197150789f,-0.48211258422157843f,-0.11360895707247566f,0.8112115936088725f,0.5736102816960813f,1.3765305791288494f,0.12399950453510017f,0.5844113279536948f,-0.8019273799007293f,0.4779783905377794f,0f,0f,0f,1f],start_interpolation:0}
execute if entity @s[tag=aj.labyria.bone.ribbon_right] run data modify entity @s {} merge value {transformation:[-0.9857571342617583f,-0.019978742551831574f,-0.166984197150789f,-0.4726361711220286f,-0.11360895707247566f,0.8112115936088725f,0.5736102816960813f,1.4252318346708444f,0.12399950453510017f,0.5844113279536948f,-0.8019273799007293f,0.5936489387719371f,0f,0f,0f,1f],start_interpolation:0}
execute if entity @s[tag=aj.labyria.bone.crown] run data modify entity @s {} merge value {transformation:[-0.9653691668731397f,0.20044612630970657f,-0.166984197150789f,-0.013362529357648145f,0.07023486868386317f,0.8161117006595988f,0.5736102816960813f,1.6966143122737878f,0.25125571609740727f,0.5420175665916469f,-0.8019273799007293f,0.7131151354424139f,0f,0f,0f,1f],start_interpolation:0}
execute if entity @s[tag=aj.labyria.bone.ear_edge_a1] run data modify entity @s {} merge value {transformation:[-0.9731689128890803f,0.18563109458289073f,-0.13595353511491928f,0.014605216942564628f,-0.00165785942233284f,0.5851940124506986f,0.8108916199431261f,1.675119198094769f,0.23008589371889254f,0.7893599081001069f,-0.5691848706666132f,0.7136527635335863f,0f,0f,0f,1f],start_interpolation:0}
execute if entity @s[tag=aj.labyria.bone.ear_edge_a2] run data modify entity @s {} merge value {transformation:[-0.9902266896660968f,0.031108509489848113f,-0.13595353511491928f,-0.0991405637994541f,-0.09318196070425519f,0.5777299567317964f,0.8108916199431261f,1.6702080387390845f,0.10377005961371617f,0.8156349414609434f,-0.5691848706666132f,0.7338249845856093f,0f,0f,0f,1f],start_interpolation:0}
execute if entity @s[tag=aj.labyria.bone.ear_edge_b1] run data modify entity @s {} merge value {transformation:[-0.9473092528115459f,0.30748332186081806f,-0.08977297096045919f,-0.1274933296631055f,0.0025130319242134824f,0.2873854175572341f,0.957811728079168f,1.6975307165909554f,0.3203105746118582f,0.9071183101188568f,-0.2730155805790771f,0.7059884569194701f,0f,0f,0f,1f],start_interpolation:0}
execute if entity @s[tag=aj.labyria.bone.ear_edge_b2] run data modify entity @s {} merge value {transformation:[-0.9959622097749683f,-0.0003006411395900521f,-0.08977297096045919f,-0.0978816136034551f,-0.08641694257354474f,0.27409634362799984f,0.957811728079168f,1.7022783273080044f,0.024318485487442143f,0.9617021909222555f,-0.2730155805790771f,0.7129074228452423f,0f,0f,0f,1f],start_interpolation:0}
execute if entity @s[tag=aj.labyria.bone.ear_right_2] run data modify entity @s {} merge value {transformation:[-0.9837472929039457f,0.15550587573815702f,-0.08977297096045919f,-0.03602830428707367f,-0.04247489172484026f,0.2842403509830386f,0.957811728079168f,1.7653561097671702f,0.17446245234181965f,0.9460577918308942f,-0.2730155805790771f,0.7994002318983433f,0f,0f,0f,1f],start_interpolation:0}
execute if entity @s[tag=aj.labyria.bone.ear_right_1] run data modify entity @s {} merge value {transformation:[-0.9837472929039457f,0.11729407484572693f,-0.13595353511491928f,-0.06241947112736218f,-0.04247489172484026f,0.5836528628208515f,0.8108916199431261f,1.6340342156324787f,0.17446245234181965f,0.8034870476411609f,-0.5691848706666132f,0.6186156461790824f,0f,0f,0f,1f],start_interpolation:0}
execute if entity @s[tag=aj.labyria.bone.ear_edge_a3] run data modify entity @s {} merge value {transformation:[-0.9747405793742596f,-0.11323118664492976f,-0.19250844472935108f,-0.3674953480811659f,-0.22283959354649302f,0.5507499989117839f,0.8043736409447437f,1.6310819345738108f,0.014943843855123443f,0.8269541323856183f,-0.5620707646383886f,0.7617176256570626f,0f,0f,0f,1f],start_interpolation:0}
execute if entity @s[tag=aj.labyria.bone.ear_edge_a4] run data modify entity @s {} merge value {transformation:[-0.9804531654615758f,0.040645898246468026f,-0.19250844472935108f,-0.25415223421047195f,-0.133939786918158f,0.5788291451141819f,0.8043736409447437f,1.652342873377997f,0.14412398765193218f,0.8144352225451222f,-0.5620707646383886f,0.7533240778815655f,0f,0f,0f,1f],start_interpolation:0}
execute if entity @s[tag=aj.labyria.bone.ear_edge_b3] run data modify entity @s {} merge value {transformation:[-0.9714664253116587f,-0.13269906376517718f,-0.1965806271432488f,-0.24032814957363335f,-0.2236527995921027f,0.23665419785361452f,0.9455020972334629f,1.6845264523904269f,-0.07894561246074591f,0.9624893501302275f,-0.2595801247381818f,0.7201820765007182f,0f,0f,0f,1f],start_interpolation:0}
execute if entity @s[tag=aj.labyria.bone.ear_edge_b4] run data modify entity @s {} merge value {transformation:[-0.9649257399956968f,0.17399532558584527f,-0.1965806271432488f,-0.26763677728508645f,-0.13957628351278528f,0.29418403289077666f,0.9455020972334629f,1.6827139676566987f,0.22234382693143503f,0.9397773041877496f,-0.2595801247381818f,0.7342611168304868f,0f,0f,0f,1f],start_interpolation:0}
execute if entity @s[tag=aj.labyria.bone.ear_left_2] run data modify entity @s {} merge value {transformation:[-0.9802647686114074f,0.02090551245941851f,-0.1965806271432488f,-0.3189749561876791f,-0.18387838965782569f,0.2687275980318505f,0.9455020972334629f,1.732746379730927f,0.07259284562592064f,0.962989323723187f,-0.2595801247381818f,0.8349924111746477f,0f,0f,0f,1f],start_interpolation:0}
execute if entity @s[tag=aj.labyria.bone.ear_left_1] run data modify entity @s {} merge value {transformation:[-0.9802647686114074f,-0.044960895532788224f,-0.19250844472935108f,-0.3088587546928018f,-0.18387838965782569f,0.5649529038514105f,0.8043736409447437f,1.6056319763643598f,0.07259284562592064f,0.8238972838301801f,-0.5620707646383886f,0.6496155223128575f,0f,0f,0f,1f],start_interpolation:0}
execute if entity @s[tag=aj.labyria.bone.head] run data modify entity @s {} merge value {transformation:[-0.9857571342617583f,-0.019978742551831574f,-0.166984197150789f,-0.17018175119130613f,-0.11360895707247566f,0.8112115936088725f,0.5736102816960813f,1.1861618329708694f,0.12399950453510017f,0.5844113279536948f,-0.8019273799007293f,0.35966500929159906f,0f,0f,0f,1f],start_interpolation:0}
execute if entity @s[tag=aj.labyria.bone.back_musket] run data modify entity @s {} merge value {transformation:[-1.363726463381363f,0.06258228851700204f,0.8826042322934641f,-0.4440534634737965f,-0.12039951441163067f,1.5933467153922254f,-0.29900976924383493f,1.1301593593374568f,-0.8765904007162088f,-0.3162061706193959f,-1.3320133511565917f,0.30838267289976606f,0f,0f,0f,1f],start_interpolation:0}
execute if entity @s[tag=aj.labyria.bone.body_1] run data modify entity @s {} merge value {transformation:[-0.41070495903994575f,-0.07744849606093815f,-0.9084729864326706f,-0.14113856516845433f,-0.47201984545503584f,0.8705324503279989f,0.13917800983824408f,0.8597121640978698f,0.7800760873893011f,0.48597837748590117f,-0.39408922149631326f,0.17742311773438613f,0f,0f,0f,1f],start_interpolation:0}
execute if entity @s[tag=aj.labyria.bone.belt2] run data modify entity @s {} merge value {transformation:[-0.9262408331951887f,-0.3562954973491189f,-0.1230099080994147f,0.3979196391098351f,-0.3639918626793741f,0.7606960214033827f,0.5374490551896655f,0.22923787017588987f,-0.09791753073419515f,0.5425818662559673f,-0.8342763784173141f,0.03167915987686877f,0f,0f,0f,1f],start_interpolation:0}
execute if entity @s[tag=aj.labyria.bone.leg_left_2] run data modify entity @s {} merge value {transformation:[-0.7639233854429133f,-0.41236816091765416f,-0.4963603137186028f,0.21871977563509462f,-0.6263547024741676f,0.6588763860389255f,0.41660736264351084f,0.32964264543678795f,0.1552444777180017f,0.6291537234902742f,-0.7616198161526446f,-0.0021768800819469553f,0f,0f,0f,1f],start_interpolation:0}
execute if entity @s[tag=aj.labyria.bone.leg_left_1] run data modify entity @s {} merge value {transformation:[-0.7639233854429133f,-0.60747136063616f,-0.21771450842856216f,0.004020419010644066f,-0.6263547024741676f,0.779177993764754f,0.023694740370593798f,0.6005680478609363f,0.1552444777180017f,0.15446747243217668f,-0.9757248342122278f,0.03442049553244578f,0f,0f,0f,1f],start_interpolation:0}
execute if entity @s[tag=aj.labyria.bone.belt] run data modify entity @s {} merge value {transformation:[-0.8874929304360629f,-0.11826628920835118f,-0.4453867793984192f,-0.27340635343087966f,0.4054188882244145f,0.25908379437988865f,-0.8766476558804f,0.628914229291139f,0.2190703619773554f,-0.9585868100107608f,-0.18198764841742487f,0.4322000782398847f,0f,0f,0f,1f],start_interpolation:0}
execute if entity @s[tag=aj.labyria.bone.leg_right_2] run data modify entity @s {} merge value {transformation:[-0.9967785716035634f,0.07986272125657636f,0.007377326443504452f,-0.21493408056032137f,0.07796490102947434f,0.9432811760886489f,0.3227105468438864f,0.4874377641224798f,0.01881364928513196f,0.3222461304504839f,-0.9464689524808864f,0.46218401312959634f,0f,0f,0f,1f],start_interpolation:0}
execute if entity @s[tag=aj.labyria.bone.leg_right_1] run data modify entity @s {} merge value {transformation:[-0.9967785716035634f,0.007906829934207382f,-0.07981203688887513f,-0.21544610886208615f,0.07796490102947434f,0.3289594811829993f,-0.9411201485183903f,0.5563938926313083f,0.01881364928513196f,-0.9443109349044964f,-0.3285162169823167f,0.14929752924726694f,0f,0f,0f,1f],start_interpolation:0}
execute if entity @s[tag=aj.labyria.bone.skirt_forward_right] run data modify entity @s {} merge value {transformation:[-0.8735828449564597f,-0.14467416452219034f,-0.46467450878823147f,-0.1248923874918344f,-0.01485311605210668f,0.962274221091341f,-0.2716757412184531f,0.7699682279601281f,0.48644876188692354f,-0.23042940251378385f,-0.8427751138446243f,0.1504559466477305f,0f,0f,0f,1f],start_interpolation:0}
execute if entity @s[tag=aj.labyria.bone.skirt_forward_left] run data modify entity @s {} merge value {transformation:[-0.7083560890108446f,-0.5313278197531879f,-0.46467450878823147f,-0.1248923874918344f,-0.45705479912489555f,0.8469316396441365f,-0.2716757412184531f,0.7699682279601281f,0.5378964228902827f,0.019938548744038984f,-0.8427751138446243f,0.1504559466477305f,0f,0f,0f,1f],start_interpolation:0}
execute if entity @s[tag=aj.labyria.bone.skirt_forward] run data modify entity @s {} merge value {transformation:[-0.8142530073486223f,-0.34795062998382414f,-0.46467450878823147f,-0.1248923874918344f,-0.24289966627272758f,0.93123146626282f,-0.2716757412184531f,0.7699682279601281f,0.5272492694621037f,-0.10834350620068639f,-0.8427751138446243f,0.1504559466477305f,0f,0f,0f,1f],start_interpolation:0}
execute if entity @s[tag=aj.labyria.bone.skirt_back_right] run data modify entity @s {} merge value {transformation:[-0.7992702427180786f,0.1593653736404283f,-0.5794564321757334f,-0.1248923874918344f,-0.015828870629427727f,0.9582820587647265f,0.2853856035335948f,0.7699682279601281f,0.6007632861285555f,0.2372723615048411f,-0.7634037598190981f,0.1504559466477305f,0f,0f,0f,1f],start_interpolation:0}
execute if entity @s[tag=aj.labyria.bone.skirt_back_left] run data modify entity @s {} merge value {transformation:[-0.7826686912492257f,-0.22728828159056919f,-0.5794564321757334f,-0.1248923874918344f,-0.45607904454757453f,0.8429394773175221f,0.2853856035335948f,0.7699682279601281f,0.4235818986486508f,0.48764031276266395f,-0.7634037598190981f,0.1504559466477305f,0f,0f,0f,1f],start_interpolation:0}
execute if entity @s[tag=aj.labyria.bone.skirt_back] run data modify entity @s {} merge value {transformation:[-0.8142530073486223f,-0.034961167513315f,-0.5794564321757334f,-0.1248923874918344f,-0.24289966627272758f,0.9271217878037186f,0.2853856035335948f,0.7699682279601281f,0.5272492694621037f,0.3731258599263022f,-0.7634037598190981f,0.1504559466477305f,0f,0f,0f,1f],start_interpolation:0}
execute if entity @s[tag=aj.labyria.bone.skirt_right] run data modify entity @s {} merge value {transformation:[-0.8250685310945601f,0.07847170660223854f,-0.5595570661339172f,-0.28458895078462987f,0.03596569554835011f,0.9955946475322367f,0.08658964458227668f,0.7796979463101699f,0.5638868572162223f,0.05131753178099854f,-0.8242561029138442f,0.2757855435633769f,0f,0f,0f,1f],start_interpolation:0}
execute if entity @s[tag=aj.labyria.bone.skirt_left] run data modify entity @s {} merge value {transformation:[-0.7389281438214025f,-0.4248825857616553f,-0.5229340174296813f,0.021847511812375986f,-0.5025212586966619f,0.8645309646125116f,0.007654788310793678f,0.8710834783258466f,0.44884026426623036f,0.26844179917190614f,-0.8523387927524889f,0.05618225485996221f,0f,0f,0f,1f],start_interpolation:0}
execute if entity @s[tag=aj.labyria.bone.coat_downer] run data modify entity @s {} merge value {transformation:[-0.8142530073486223f,0.03567020734255924f,-0.5794132172567891f,-0.10426866038665861f,-0.24289966627272758f,0.8856003787492975f,0.3958683130583935f,0.6410437089789249f,0.5272492694621037f,0.46307624152750415f,-0.7124384902463077f,0.1229114972612087f,0f,0f,0f,1f],start_interpolation:0}
execute if entity @s[tag=aj.labyria.bone.body_2] run data modify entity @s {} merge value {transformation:[-0.8142530073486223f,-0.15455720547204319f,-0.5595570661339172f,-0.13976851851851854f,-0.24289966627272758f,0.9661790649645192f,0.08658964458227668f,0.8629629629629629f,0.5272492694621037f,0.20642210313084214f,-0.8242561029138442f,0.17032407407407402f,0f,0f,0f,1f],start_interpolation:0}
execute if entity @s[tag=aj.labyria.bone.sphere] run data modify entity @s {} merge value {transformation:[-0.7833319555900522f,0f,-0.6216036095064637f,0.07180615956049172f,0f,1f,0f,1.831712962962963f,0.6216036095064637f,0f,-0.7833319555900522f,-0.8415393546528339f,0f,0f,0f,1f],start_interpolation:0}