execute if entity @s[tag=aj.labyria.bone.wing_right_1] run data modify entity @s {} merge value {transformation:[0.6969786998985723f,0.3528647928507787f,-0.23801591185993703f,-0.46513098463098856f,-0.42555905666669125f,0.5690888196941903f,-0.4024696870976418f,0.8954441440058699f,-0.008039006225655999f,0.46751341981797156f,0.6695603192494711f,0.38425676746728077f,0f,0f,0f,1f],start_interpolation:0}
execute if entity @s[tag=aj.labyria.bone.wing_right_2] run data modify entity @s {} merge value {transformation:[0.7630627254088651f,0.058072514641102996f,-0.23315844427095875f,-0.46513098463098856f,-0.17180516521273123f,0.6745703639272435f,-0.3942560200140165f,0.8954441440058699f,0.1679829226374545f,0.4261248727243287f,0.6558958229382574f,0.38425676746728077f,0f,0f,0f,1f],start_interpolation:0}
execute if entity @s[tag=aj.labyria.bone.wing_left_1] run data modify entity @s {} merge value {transformation:[-0.4572685624527453f,0.3105974280697449f,-0.6011481879813861f,-0.4280231658981833f,-0.13662951727969494f,0.6682178335269542f,0.449178969241555f,0.808415735787751f,0.6627082927237005f,0.3520775611672063f,-0.3221855895632745f,0.48560145598215243f,0f,0f,0f,1f],start_interpolation:0}
execute if entity @s[tag=aj.labyria.bone.wing_left_2] run data modify entity @s {} merge value {transformation:[-0.5302741768833791f,0.10968049337360028f,-0.5888798576144191f,-0.4280231658981833f,-0.3741503105174854f,0.5535349489171673f,0.44001205150193146f,0.808415735787751f,0.4677829010025102f,0.5670707625161016f,-0.3156103734497383f,0.48560145598215243f,0f,0f,0f,1f],start_interpolation:0}
execute if entity @s[tag=aj.labyria.bone.musket] run data modify entity @s {} merge value {transformation:[0.000002655247900392384f,-0.000016012014200821686f,9.114405535451091e-7f,0.38330197187868065f,0.000015581963872054653f,0.0000023568621098056655f,-0.000003989143635900585f,0.7991195915958623f,0.0000037970678871921203f,0.000001525210244703058f,0.00001573282152800341f,0.286563518674046f,0f,0f,0f,1f],start_interpolation:0}
execute if entity @s[tag=aj.labyria.bone.omega_blade] run data modify entity @s {} merge value {transformation:[0.29303108935135136f,-1.7670734108414945f,0.10058586930615922f,0.38330197187868065f,1.7196133916486014f,0.2601014660006769f,-0.44023878336716377f,0.7991195915958623f,0.41904145340271837f,0.16832101418068413f,1.7362619250127076f,0.286563518674046f,0f,0f,0f,1f],start_interpolation:0}
execute if entity @s[tag=aj.labyria.bone.arm_right_2] run data modify entity @s {} merge value {transformation:[0.38036217735239264f,0.1637365766120838f,0.9102279645885982f,0.2632422385514764f,0.14703035024726355f,0.9609799819675752f,-0.23430653077489327f,0.7428916235130835f,-0.9130754022236687f,0.22295247865173917f,0.34144619212568744f,0.5680343588177146f,0f,0f,0f,1f],start_interpolation:0}
execute if entity @s[tag=aj.labyria.bone.arm_right_1] run data modify entity @s {} merge value {transformation:[0.9086034753934626f,0.1637365766120838f,0.38422657115597386f,-0.027398908078852202f,-0.05888086100882286f,0.9609799819675752f,-0.2702785941662023f,0.7736516769110268f,-0.4134885351612317f,0.22295247865173917f,0.8827907020088426f,0.6488981864872205f,0f,0f,0f,1f],start_interpolation:0}
execute if entity @s[tag=aj.labyria.bone.arm_left_2] run data modify entity @s {} merge value {transformation:[-0.8143104356046179f,0.2767353597297684f,0.5102117747961653f,0.08742147530858291f,0.5336199658902092f,0.7027705875804662f,0.47049254323011125f,0.9939570938485646f,-0.2283599055630152f,0.6553861776899496f,-0.7199449365223766f,0.023515853439284473f,0f,0f,0f,1f],start_interpolation:0}
execute if entity @s[tag=aj.labyria.bone.arm_left_1] run data modify entity @s {} merge value {transformation:[-0.9560340619013729f,0.2767353597297684f,-0.09703820463919088f,-0.24554128760011773f,0.1324789790245254f,0.7027705875804662f,0.6989726899875456f,1.040096210268331f,0.26162605489702506f,0.6553861776899496f,-0.7085342373463522f,0.11463366770854588f,0f,0f,0f,1f],start_interpolation:0}
execute if entity @s[tag=aj.labyria.bone.himo_right_2] run data modify entity @s {} merge value {transformation:[0.13174448703990094f,-0.13545112028747078f,-0.9819859388746168f,0.046085602438355834f,-0.9373979552234576f,0.3051404110001464f,-0.16785232532658645f,0.6680756276781068f,0.3223793784929082f,0.942625229657859f,-0.08677103626784291f,0.2435722880916724f,0f,0f,0f,1f],start_interpolation:0}
execute if entity @s[tag=aj.labyria.bone.himo_right_1] run data modify entity @s {} merge value {transformation:[0.18416229208568097f,0.17192464519686018f,-0.9677428204578333f,0.07227308078490569f,-0.81185638692051f,0.5816104866034817f,-0.051170781596887614f,0.7768077765312791f,0.5540518542430153f,0.7950919181118592f,0.246688841586079f,0.394193827997559f,0f,0f,0f,1f],start_interpolation:0}
execute if entity @s[tag=aj.labyria.bone.himo_left_2] run data modify entity @s {} merge value {transformation:[0.13174448703990094f,-0.13545112028747078f,-0.9819859388746168f,-0.037555505574785895f,-0.9373979552234576f,0.3051404110001464f,-0.16785232532658645f,0.8642378581879887f,0.3223793784929082f,0.942625229657859f,-0.08677103626784291f,0.015141129158128569f,0f,0f,0f,1f],start_interpolation:0}
execute if entity @s[tag=aj.labyria.bone.himo_left_1] run data modify entity @s {} merge value {transformation:[0.18416229208568097f,0.17192464519686018f,-0.9677428204578333f,-0.011368027228236044f,-0.81185638692051f,0.5816104866034817f,-0.051170781596887614f,0.972970007041161f,0.5540518542430153f,0.7950919181118592f,0.246688841586079f,0.16576266906401516f,0f,0f,0f,1f],start_interpolation:0}
execute if entity @s[tag=aj.labyria.bone.ribbon_left_himo_1] run data modify entity @s {} merge value {transformation:[-0.9555984174977823f,0.26814844037336805f,-0.12218051563593983f,0.2548229008405926f,0.12164433596615107f,0.7366287522793021f,0.6652674175418428f,1.1193457625385503f,0.2683921012308074f,0.6208659237232858f,-0.7365400089310443f,0.5733287247630744f,0f,0f,0f,1f],start_interpolation:0}
execute if entity @s[tag=aj.labyria.bone.ribbon_left_himo_2] run data modify entity @s {} merge value {transformation:[-0.9555984174977823f,0.26814844037336805f,-0.12218051563593983f,0.23859580110769435f,0.12164433596615107f,0.7366287522793021f,0.6652674175418428f,1.2077015914308262f,0.2683921012308074f,0.6208659237232858f,-0.7365400089310443f,0.4755070048269201f,0f,0f,0f,1f],start_interpolation:0}
execute if entity @s[tag=aj.labyria.bone.ribbon_left] run data modify entity @s {} merge value {transformation:[-0.9555984174977823f,0.26814844037336805f,-0.12218051563593983f,0.2748712825956921f,0.12164433596615107f,0.7366287522793021f,0.6652674175418428f,1.2423463447670224f,0.2683921012308074f,0.6208659237232858f,-0.7365400089310443f,0.5909414924572582f,0f,0f,0f,1f],start_interpolation:0}
execute if entity @s[tag=aj.labyria.bone.ribbon_right_himo_1] run data modify entity @s {} merge value {transformation:[-0.9555984174977823f,0.26814844037336805f,-0.12218051563593983f,-0.3195514729766681f,0.12164433596615107f,0.7366287522793021f,0.6652674175418428f,1.1924616112252049f,0.2683921012308074f,0.6208659237232858f,-0.7365400089310443f,0.7346491521091166f,0f,0f,0f,1f],start_interpolation:0}
execute if entity @s[tag=aj.labyria.bone.ribbon_right_himo_2] run data modify entity @s {} merge value {transformation:[-0.9555984174977823f,0.26814844037336805f,-0.12218051563593983f,-0.33577857270956635f,0.12164433596615107f,0.7366287522793021f,0.6652674175418428f,1.2808174401174808f,0.2683921012308074f,0.6208659237232858f,-0.7365400089310443f,0.6368274321729622f,0f,0f,0f,1f],start_interpolation:0}
execute if entity @s[tag=aj.labyria.bone.ribbon_right] run data modify entity @s {} merge value {transformation:[-0.9555984174977823f,0.26814844037336805f,-0.12218051563593983f,-0.29848776790297715f,0.12164433596615107f,0.7366287522793021f,0.6652674175418428f,1.315332946346713f,0.2683921012308074f,0.6208659237232858f,-0.7365400089310443f,0.7519767531957426f,0f,0f,0f,1f],start_interpolation:0}
execute if entity @s[tag=aj.labyria.bone.crown] run data modify entity @s {} merge value {transformation:[-0.870140413118119f,0.4774176191318926f,-0.12218051563593983f,0.22655010223546712f,0.2851667935342679f,0.689999393494365f,0.6652674175418428f,1.4532739375497068f,0.40191486825447653f,0.5440342396576191f,-0.7365400089310443f,0.8123198761081982f,0f,0f,0f,1f],start_interpolation:0}
execute if entity @s[tag=aj.labyria.bone.ear_edge_a1] run data modify entity @s {} merge value {transformation:[-0.9007670990568555f,0.4303331754261015f,0.05858320053039827f,0.2457938929218931f,0.2073442028164252f,0.30758799909521756f,0.928653866826075f,1.4087321717763204f,0.38161107795125376f,0.8486477366612653f,-0.3662922388538877f,0.8113904406488732f,0f,0f,0f,1f],start_interpolation:0}
execute if entity @s[tag=aj.labyria.bone.ear_edge_a2] run data modify entity @s {} merge value {transformation:[-0.9569961014170077f,0.28412404067284264f,0.05858320053039827f,0.1384255122357522f,0.15667408752052134f,0.3362368598601148f,0.928653866826075f,1.4301670659554844f,0.2441550576421878f,0.8978965996055147f,-0.3662922388538877f,0.8485618915939731f,0f,0f,0f,1f],start_interpolation:0}
execute if entity @s[tag=aj.labyria.bone.ear_edge_b1] run data modify entity @s {} merge value {transformation:[-0.8710330441149852f,0.4364908881541202f,0.2253378366324873f,0.11933659770525261f,0.15846950725025885f,-0.18451422401191167f,0.9699700595426346f,1.4892712851321461f,0.46496112883943574f,0.880585149599804f,0.09154749025859854f,0.8273859183463236f,0f,0f,0f,1f],start_interpolation:0}
execute if entity @s[tag=aj.labyria.bone.ear_edge_b2] run data modify entity @s {} merge value {transformation:[-0.9632847548433983f,0.1459634901887614f,0.2253378366324873f,0.1491389480040915f,0.20773148842802744f,-0.12651368426511836f,0.9699700595426346f,1.4820892362641975f,0.17008853518615094f,0.9811671352147815f,0.09154749025859854f,0.8301252094450733f,0f,0f,0f,1f],start_interpolation:0}
execute if entity @s[tag=aj.labyria.bone.ear_right_2] run data modify entity @s {} merge value {transformation:[-0.9285914005287861f,0.2948573727173493f,0.2253378366324873f,0.2334094265029299f,0.185382868576554f,-0.1574524551386413f,0.9699700595426346f,1.4861999556474392f,0.3214828189846473f,0.9424796306154506f,0.09154749025859854f,0.9204979540696505f,0f,0f,0f,1f],start_interpolation:0}
execute if entity @s[tag=aj.labyria.bone.ear_right_1] run data modify entity @s {} merge value {transformation:[-0.9285914005287861f,0.36645056894430184f,0.05858320053039827f,0.15095804849046213f,0.185382868576554f,0.321302330628501f,0.928653866826075f,1.4139069312560266f,0.3214828189846473f,0.8732003165672185f,-0.3662922388538877f,0.7240278828420267f,0f,0f,0f,1f],start_interpolation:0}
execute if entity @s[tag=aj.labyria.bone.ear_edge_a3] run data modify entity @s {} merge value {transformation:[-0.9882890200490373f,0.1512238735375957f,-0.02039982653844269f,-0.12269831662712774f,0.033126033428983806f,0.34311763693106323f,0.938708129897736f,1.4556399411054743f,0.14895461980004213f,0.9270391724728402f,-0.34410884025420846f,0.9148862152306412f,0f,0f,0f,1f],start_interpolation:0}
execute if entity @s[tag=aj.labyria.bone.ear_edge_a4] run data modify entity @s {} merge value {transformation:[-0.9524649164824631f,0.30396452086922204f,-0.02039982653844269f,-0.0099254670032832f,0.08639362096715111f,0.3337112361309989f,0.938708129897736f,1.449051626696715f,0.29214161827141033f,0.8923241456626986f,-0.34410884025420846f,0.8902281713915796f,0f,0f,0f,1f],start_interpolation:0}
execute if entity @s[tag=aj.labyria.bone.ear_edge_b3] run data modify entity @s {} merge value {transformation:[-0.9951104042134165f,0.04811081970364009f,0.0862591007004743f,0.008727104211491213f,0.07908402615125348f,-0.13507479981021064f,0.9876742961441992f,1.5033514867536943f,0.059169250746638424f,0.9896666850428357f,0.13060954131458435f,0.8584520166479512f,0f,0f,0f,1f],start_interpolation:0}
execute if entity @s[tag=aj.labyria.bone.ear_edge_b4] run data modify entity @s {} merge value {transformation:[-0.9315391734585401f,0.35326213476471713f,0.0862591007004743f,-0.01616427873808468f,0.03347296975285695f,-0.15290207661109428f,0.9876742961441992f,1.5031317588154252f,0.3620971259318472f,0.9229446457450685f,0.13060954131458435f,0.8765527459009592f,0f,0f,0f,1f],start_interpolation:0}
execute if entity @s[tag=aj.labyria.bone.ear_left_2] run data modify entity @s {} merge value {transformation:[-0.9753327535035201f,0.20318805941685383f,0.0862591007004743f,-0.03848766809030322f,0.056980016508187445f,-0.14578327220496634f,0.9876742961441992f,1.5208115047221284f,0.21325875752701956f,0.9682261358048675f,0.13060954131458435f,0.9968637487384124f,0f,0f,0f,1f],start_interpolation:0}
execute if entity @s[tag=aj.labyria.bone.ear_left_1] run data modify entity @s {} merge value {transformation:[-0.9753327535035201f,0.21979505686080142f,-0.02039982653844269f,-0.08794155588398346f,0.056980016508187445f,0.33997106433139535f,0.938708129897736f,1.4443180152475645f,0.21325875752701956f,0.9143904026163744f,-0.34410884025420846f,0.7911259081497285f,0f,0f,0f,1f],start_interpolation:0}
execute if entity @s[tag=aj.labyria.bone.head] run data modify entity @s {} merge value {transformation:[-0.9555984174977823f,0.26814844037336805f,-0.12218051563593983f,-0.10209968827448873f,0.12164433596615107f,0.7366287522793021f,0.6652674175418428f,1.0308006309104705f,0.2683921012308074f,0.6208659237232858f,-0.7365400089310443f,0.4623999848667887f,0f,0f,0f,1f],start_interpolation:0}
execute if entity @s[tag=aj.labyria.bone.back_musket] run data modify entity @s {} merge value {transformation:[-1.5848204674449988f,-0.292893186194197f,-0.21263656335030462f,-0.34837287913256154f,-0.2996510360514428f,1.5974281885516144f,0.03300120662954224f,0.9423338684996713f,0.20300242162524448f,0.07136809179682718f,-1.6113203445971158f,0.6119167827885964f,0f,0f,0f,1f],start_interpolation:0}
execute if entity @s[tag=aj.labyria.bone.body_1] run data modify entity @s {} merge value {transformation:[0.2676515456420535f,0.27731620733196766f,-0.9227450196378374f,-0.2060932660239766f,-0.627719137631622f,0.7767436364904907f,0.05136153641141744f,0.7395217672265365f,0.7309797085873402f,0.565477713373871f,0.381973325392004f,0.2503458423515871f,0f,0f,0f,1f],start_interpolation:0}
execute if entity @s[tag=aj.labyria.bone.belt2] run data modify entity @s {} merge value {transformation:[-0.8460868467896181f,0.07139766410627434f,-0.5282418208072593f,0.16079530266714642f,-0.45288459858404984f,0.42636146761556143f,0.7830143289225737f,0.22221791501882301f,0.28112735202211314f,0.9017307095207926f,-0.3284039272788356f,-0.28446373250829227f,0f,0f,0f,1f],start_interpolation:0}
execute if entity @s[tag=aj.labyria.bone.leg_left_2] run data modify entity @s {} merge value {transformation:[-0.5906778379420781f,0.06593522041126737f,-0.8042090763435772f,0.002107025217425257f,-0.7594260084369542f,0.291415423931501f,0.5816779077843155f,0.29568190596813004f,0.27271198997034807f,0.9543215377450835f,-0.12205971129849386f,-0.17149907414077262f,0f,0f,0f,1f],start_interpolation:0}
execute if entity @s[tag=aj.labyria.bone.leg_left_1] run data modify entity @s {} merge value {transformation:[-0.5906778379420781f,-0.45610541981605834f,-0.6656331856048714f,-0.16611085893741287f,-0.7594260084369542f,0.5930338345137649f,0.2675500118322097f,0.49895971347706725f,0.27271198997034807f,0.6635350157575087f,-0.6966702615944615f,0.03022244844625549f,0f,0f,0f,1f],start_interpolation:0}
execute if entity @s[tag=aj.labyria.bone.belt] run data modify entity @s {} merge value {transformation:[-0.7831095648810086f,-0.4564708650168197f,-0.42234317655512543f,-0.2418142109155323f,0.4816769140303477f,-0.015652416884076606f,-0.8762090802633171f,0.5848845307290644f,0.3933532253358023f,-0.8896006695346423f,0.23212903498149032f,0.49969728288469506f,0f,0f,0f,1f],start_interpolation:0}
execute if entity @s[tag=aj.labyria.bone.leg_right_2] run data modify entity @s {} merge value {transformation:[-0.9327330505703781f,0.1700195557557015f,-0.3179660469834955f,-0.16992150080210872f,0.11533111858063635f,0.9761993672522394f,0.18366689539290013f,0.4345142524805561f,0.3416252178347137f,0.13464080375934073f,-0.9301419593279423f,0.5455050230413916f,0f,0f,0f,1f],start_interpolation:0}
execute if entity @s[tag=aj.labyria.bone.leg_right_1] run data modify entity @s {} merge value {transformation:[-0.9327330505703781f,-0.33791705692985796f,-0.12578202975600164f,-0.2797488453491457f,0.11533111858063635f,0.05091577908987034f,-0.9920213286651708f,0.43405289821066073f,0.3416252178347137f,-0.9397976623058472f,-0.008518477789465271f,0.24580119479259507f,0f,0f,0f,1f],start_interpolation:0}
execute if entity @s[tag=aj.labyria.bone.skirt_forward_right] run data modify entity @s {} merge value {transformation:[-0.45065871290276766f,-0.25943606564375726f,-0.8541660566471305f,-0.20754499946125882f,-0.04678137347271005f,0.9623870386212484f,-0.26762415995165767f,0.6458055360074941f,0.8914697008764952f,-0.0806480981617771f,-0.44584487961852926f,0.21393062607973104f,0f,0f,0f,1f],start_interpolation:0}
execute if entity @s[tag=aj.labyria.bone.skirt_forward_left] run data modify entity @s {} merge value {transformation:[-0.21432953532982874f,-0.4737754720932594f,-0.8541660566471305f,-0.20754499946125882f,-0.599982981281974f,0.7539215683227029f,-0.26762415995165767f,0.6458055360074941f,0.7707679757600819f,0.4551253353315383f,-0.44584487961852926f,0.21393062607973104f,0f,0f,0f,1f],start_interpolation:0}
execute if entity @s[tag=aj.labyria.bone.skirt_forward] run data modify entity @s {} merge value {transformation:[-0.34933892978187464f,-0.38517873748526876f,-0.8541660566471305f,-0.20754499946125882f,-0.33976535391650686f,0.9016300867252381f,-0.26762415995165767f,0.6458055360074941f,0.8732249517832421f,0.196724494918894f,-0.44584487961852926f,0.21393062607973104f,0f,0f,0f,1f],start_interpolation:0}
execute if entity @s[tag=aj.labyria.bone.skirt_back_right] run data modify entity @s {} merge value {transformation:[-0.2514802058125426f,0.35851547537032036f,-0.8990129921221798f,-0.20754499946125882f,-0.0600248224064292f,0.9212992234925516f,0.3841936510239315f,0.6458055360074941f,0.9659993409829833f,0.15058019362457686f,-0.2101686905997826f,0.21393062607973104f,0f,0f,0f,1f],start_interpolation:0}
execute if entity @s[tag=aj.labyria.bone.skirt_back_left] run data modify entity @s {} merge value {transformation:[-0.4135080424200538f,0.14417606892081825f,-0.8990129921221798f,-0.20754499946125882f,-0.5867395323482549f,0.712833753194006f,0.3841936510239315f,0.6458055360074941f,0.6962383356535938f,0.6863536271178923f,-0.2101686905997826f,0.21393062607973104f,0f,0f,0f,1f],start_interpolation:0}
execute if entity @s[tag=aj.labyria.bone.skirt_back] run data modify entity @s {} merge value {transformation:[-0.34933892978187464f,0.26407944284699636f,-0.8990129921221798f,-0.20754499946125882f,-0.33976535391650686f,0.8584606821461847f,0.3841936510239315f,0.6458055360074941f,0.8732249517832421f,0.43966726632162145f,-0.2101686905997826f,0.21393062607973104f,0f,0f,0f,1f],start_interpolation:0}
execute if entity @s[tag=aj.labyria.bone.skirt_right] run data modify entity @s {} merge value {transformation:[-0.31864645708565825f,0.14426952916339572f,-0.9368301544793111f,-0.2558004653932723f,0.023918361381381037f,0.9892583018069174f,0.1442079203612744f,0.6481748570017337f,0.947571816473869f,0.02354390071899959f,-0.31867434374820097f,0.4174263003598261f,0f,0f,0f,1f],start_interpolation:0}
execute if entity @s[tag=aj.labyria.bone.skirt_left] run data modify entity @s {} merge value {transformation:[-0.3315657511424133f,-0.23625203202656558f,-0.9133723939514954f,-0.14473559042420234f,-0.656311611075554f,0.753239681835157f,0.043417172596591266f,0.7777494210585336f,0.6777309361662475f,0.6138525548307102f,-0.404803432657175f,0.0685176174317638f,0f,0f,0f,1f],start_interpolation:0}
execute if entity @s[tag=aj.labyria.bone.coat_downer] run data modify entity @s {} merge value {transformation:[-0.34933892978187464f,0.4678610469470804f,-0.8118302488134057f,-0.20982931813770014f,-0.33976535391650686f,0.7441987720437065f,0.5750892904294342f,0.5255310052527679f,0.8732249517832421f,0.4767328690558489f,-0.1010146283710116f,0.16621884246011678f,0f,0f,0f,1f],start_interpolation:0}
execute if entity @s[tag=aj.labyria.bone.body_2] run data modify entity @s {} merge value {transformation:[-0.34933892978187464f,0.017651453116517418f,-0.9368301544793111f,-0.20577500000000004f,-0.33976535391650686f,0.9293888206682214f,0.1442079203612744f,0.739f,0.8732249517832421f,0.3686798695613963f,-0.31867434374820097f,0.2509f,0f,0f,0f,1f],start_interpolation:0}
execute if entity @s[tag=aj.labyria.bone.sphere] run data modify entity @s {} merge value {transformation:[-0.5503933120030041f,0f,-0.8349055048940353f,-0.5241886074599247f,0f,1f,0f,1.7077499999999999f,0.8349055048940353f,0f,-0.5503933120030041f,-0.8394530424061545f,0f,0f,0f,1f],start_interpolation:0}