execute if entity @s[tag=aj.labyria.bone.wing_right_1] run data modify entity @s {} merge value {transformation:[0.6985378754788361f,0.36097948338112373f,-0.2206424563493064f,-0.46431502493319f,-0.4222325968424292f,0.5680316849973448f,-0.4074359869319601f,0.891898819773052f,-0.026625460177380607f,0.4625778441099601f,0.6725007564704806f,0.3911147315404285f,0f,0f,0f,1f],start_interpolation:0}
execute if entity @s[tag=aj.labyria.bone.wing_right_2] run data modify entity @s {} merge value {transformation:[0.7675158010310007f,0.06483201749589532f,-0.2161395490768716f,-0.46431502493319f,-0.16919092826929052f,0.6723666289009288f,-0.3991209667904915f,0.891898819773052f,0.1493115031038041f,0.4286256243481164f,0.6587762512363892f,0.3911147315404285f,0f,0f,0f,1f],start_interpolation:0}
execute if entity @s[tag=aj.labyria.bone.wing_left_1] run data modify entity @s {} merge value {transformation:[-0.4478471502359405f,0.3167759447074286f,-0.6050044424008038f,-0.4249220256347218f,-0.13767670532460466f,0.6667588017190416f,0.45102357985541547f,0.803915880930376f,0.6688964787476109f,0.3493281346089209f,-0.3122367683892189f,0.49203981267156827f,0f,0f,0f,1f],start_interpolation:0}
execute if entity @s[tag=aj.labyria.bone.wing_left_2] run data modify entity @s {} merge value {transformation:[-0.5240637272892985f,0.11880404285378611f,-0.5926574129640527f,-0.4249220256347218f,-0.3745510892615188f,0.5518219257596445f,0.44181901700122334f,0.803915880930376f,0.4744140504587292f,0.5669022505269432f,-0.30586458944250017f,0.49203981267156827f,0f,0f,0f,1f],start_interpolation:0}
execute if entity @s[tag=aj.labyria.bone.musket] run data modify entity @s {} merge value {transformation:[0.0000026369034402142484f,-0.000016004984067048712f,0.0000010737268381684523f,0.3826110451337f,0.000015583706652250438f,0.00000229803653230734f,-0.000004016563099876102f,0.7964293190428222f,0.0000038026952660043245f,0.0000016808263361209609f,0.0000157155972080036f,0.2791414634528565f,0f,0f,0f,1f],start_interpolation:0}
execute if entity @s[tag=aj.labyria.bone.omega_blade] run data modify entity @s {} merge value {transformation:[0.29100660901986625f,-1.766297570756101f,0.11849565722574829f,0.3826110451337f,1.719805723513056f,0.2536095211041159f,-0.4432647740465983f,0.7964293190428222f,0.41966248654365007f,0.1854946847754519f,1.7343610624785035f,0.2791414634528565f,0f,0f,0f,1f],start_interpolation:0}
execute if entity @s[tag=aj.labyria.bone.arm_right_2] run data modify entity @s {} merge value {transformation:[0.3644122891383801f,0.16248008065445435f,0.9169536012882264f,0.2675244730975768f,0.1490856999911325f,0.961781678373579f,-0.22967249988419458f,0.7395534970946184f,-0.9192263799429821f,0.22040015094237853f,0.3262616065084844f,0.5625527893154452f,0f,0f,0f,1f],start_interpolation:0}
execute if entity @s[tag=aj.labyria.bone.arm_right_1] run data modify entity @s {} merge value {transformation:[0.9025572721359981f,0.16248008065445435f,0.39873624603859115f,-0.021657842247946535f,-0.054602930407854716f,0.961781678373579f,-0.26831795157196675f,0.7689896005323545f,-0.4270935383558274f,0.22040015094237853f,0.8769349365598773f,0.6472862201783884f,0f,0f,0f,1f],start_interpolation:0}
execute if entity @s[tag=aj.labyria.bone.arm_left_2] run data modify entity @s {} merge value {transformation:[-0.8097309657545189f,0.2869711135641046f,0.5118430844292338f,0.08106467616567004f,0.5439075262406782f,0.6944083691658074f,0.471128029023141f,0.9881694653710789f,-0.22022798640726862f,0.659882259810234f,-0.7183697078738346f,0.02424111637366222f,0f,0f,0f,1f],start_interpolation:0}
execute if entity @s[tag=aj.labyria.bone.arm_left_1] run data modify entity @s {} merge value {transformation:[-0.9532570729609045f,0.2869711135641046f,-0.09459668508878394f,-0.2506449537979007f,0.13898338311442587f,0.6944083691658074f,0.7060316112261209f,1.0365322081103212f,0.26829940750601255f,0.659882259810234f,-0.7018339056498063f,0.11760260270056694f,0f,0f,0f,1f],start_interpolation:0}
execute if entity @s[tag=aj.labyria.bone.himo_right_2] run data modify entity @s {} merge value {transformation:[0.13792845743137128f,-0.11976704926982656f,-0.9831742442414779f,0.044334138883636326f,-0.9399769657654675f,0.2969908659351304f,-0.16804680711470435f,0.6659527072131232f,0.31212024038973785f,0.9473395798024593f,-0.07161477556169513f,0.24011104634547106f,0f,0f,0f,1f],start_interpolation:0}
execute if entity @s[tag=aj.labyria.bone.himo_right_1] run data modify entity @s {} merge value {transformation:[0.19498360250221844f,0.18605593711459345f,-0.962997706653379f,0.073200891426039f,-0.8151271365700219f,0.5767966920186287f,-0.05360342622933902f,0.7737670655526827f,0.5454806559195423f,0.795417352300525f,0.2641251401832253f,0.39090258202796463f,0f,0f,0f,1f],start_interpolation:0}
execute if entity @s[tag=aj.labyria.bone.himo_left_2] run data modify entity @s {} merge value {transformation:[0.13792845743137128f,-0.11976704926982656f,-0.9831742442414779f,-0.04387007459116932f,-0.9399769657654675f,0.2969908659351304f,-0.16804680711470435f,0.8629538510209757f,0.31212024038973785f,0.9473395798024593f,-0.07161477556169513f,0.01413136570208065f,0f,0f,0f,1f],start_interpolation:0}
execute if entity @s[tag=aj.labyria.bone.himo_left_1] run data modify entity @s {} merge value {transformation:[0.19498360250221844f,0.18605593711459345f,-0.962997706653379f,-0.015003322048766643f,-0.8151271365700219f,0.5767966920186287f,-0.05360342622933902f,0.9707682093605352f,0.5454806559195423f,0.795417352300525f,0.2641251401832253f,0.16492290138457422f,0f,0f,0f,1f],start_interpolation:0}
execute if entity @s[tag=aj.labyria.bone.ribbon_left_himo_1] run data modify entity @s {} merge value {transformation:[-0.9538142795369263f,0.2749711175340061f,-0.12095124916078603f,0.25764567401047406f,0.1277037250265024f,0.7356052371368161f,0.665264378808338f,1.1136904845706117f,0.27190086201740915f,0.6190927391102143f,-0.736745615267035f,0.5729372939219116f,0f,0f,0f,1f],start_interpolation:0}
execute if entity @s[tag=aj.labyria.bone.ribbon_left_himo_2] run data modify entity @s {} merge value {transformation:[-0.9538142795369263f,0.2749711175340061f,-0.12095124916078603f,0.2415818362313072f,0.1277037250265024f,0.7356052371368161f,0.665264378808338f,1.202045909881094f,0.27190086201740915f,0.6190927391102143f,-0.736745615267035f,0.4750882668942586f,0f,0f,0f,1f],start_interpolation:0}
execute if entity @s[tag=aj.labyria.bone.ribbon_left] run data modify entity @s {} merge value {transformation:[-0.9538142795369263f,0.2749711175340061f,-0.12095124916078603f,0.27850609388688025f,0.1277037250265024f,0.7356052371368161f,0.665264378808338f,1.2365846530180755f,0.27190086201740915f,0.6190927391102143f,-0.736745615267035f,0.5903486887418863f,0f,0f,0f,1f],start_interpolation:0}
execute if entity @s[tag=aj.labyria.bone.ribbon_right_himo_1] run data modify entity @s {} merge value {transformation:[-0.9538142795369263f,0.2749711175340061f,-0.12095124916078603f,-0.3156563213836897f,0.1277037250265024f,0.7356052371368161f,0.665264378808338f,1.190448404794354f,0.27190086201740915f,0.6190927391102143f,-0.736745615267035f,0.7363667057982507f,0f,0f,0f,1f],start_interpolation:0}
execute if entity @s[tag=aj.labyria.bone.ribbon_right_himo_2] run data modify entity @s {} merge value {transformation:[-0.9538142795369263f,0.2749711175340061f,-0.12095124916078603f,-0.33172015916285663f,0.1277037250265024f,0.7356052371368161f,0.665264378808338f,1.2788038301048363f,0.27190086201740915f,0.6190927391102143f,-0.736745615267035f,0.6385176787705976f,0f,0f,0f,1f],start_interpolation:0}
execute if entity @s[tag=aj.labyria.bone.ribbon_right] run data modify entity @s {} merge value {transformation:[-0.9538142795369263f,0.2749711175340061f,-0.12095124916078603f,-0.2937824738352755f,0.1277037250265024f,0.7356052371368161f,0.665264378808338f,1.3132068880339771f,0.27190086201740915f,0.6190927391102143f,-0.736745615267035f,0.7534892059523318f,0f,0f,0f,1f],start_interpolation:0}
execute if entity @s[tag=aj.labyria.bone.crown] run data modify entity @s {} merge value {transformation:[-0.8668182549994616f,0.4837322690560703f,-0.12095124916078603f,0.2323078212000872f,0.29089504388375265f,0.6876069951161241f,0.665264378808338f,1.4480211463216652f,0.404976772474124f,0.5414791890195224f,-0.736745615267035f,0.8116948057546859f,0f,0f,0f,1f],start_interpolation:0}
execute if entity @s[tag=aj.labyria.bone.ear_edge_a1] run data modify entity @s {} merge value {transformation:[-0.8980506598822601f,0.43517627850211443f,0.06423876488607026f,0.2512064905791233f,0.2129336370022392f,0.3022650891465162f,0.9291367402682165f,1.4029352439371467f,0.38492113285455787f,0.8480904565624461f,-0.36411303048595395f,0.810786323952019f,0f,0f,0f,1f],start_interpolation:0}
execute if entity @s[tag=aj.labyria.bone.ear_edge_a2] run data modify entity @s {} merge value {transformation:[-0.9550707343551548f,0.28933246182241323f,0.06423876488607026f,0.14411237057451703f,0.16302739306665612f,0.33185386391247995f,0.9291367402682165f,1.4250577745638928f,0.24751153809104742f,0.8978639872175176f,-0.36411303048595395f,0.8483440624902708f,0f,0f,0f,1f],start_interpolation:0}
execute if entity @s[tag=aj.labyria.bone.ear_edge_b1] run data modify entity @s {} merge value {transformation:[-0.8685581157981452f,0.4369541720577095f,0.23383295533893034f,0.12546418331910109f,0.16304972097778025f,-0.19361261762144982f,0.9674342059214354f,1.4848254331048307f,0.4679974230380381f,0.8783992291772188f,0.0969185545219462f,0.8273090849834102f,0f,0f,0f,1f],start_interpolation:0}
execute if entity @s[tag=aj.labyria.bone.ear_edge_b2] run data modify entity @s {} merge value {transformation:[-0.9610741207397335f,0.14716889427392799f,0.23383295533893034f,0.15521038086273461f,0.2148990887864709f,-0.13375140691561427f,0.9674342059214354f,1.4773727478921745f,0.173651709128051f,0.9800264678600693f,0.0969185545219462f,0.8299333638969746f,0f,0f,0f,1f],start_interpolation:0}
execute if entity @s[tag=aj.labyria.bone.ear_right_2] run data modify entity @s {} merge value {transformation:[-0.9262194162560542f,0.29570211691456766f,0.23383295533893034f,0.23972383272950964f,0.19132999460969427f,-0.16572232914069274f,0.9674342059214354f,1.480211640463549f,0.32482368465515116f,0.9407956035592574f,0.0969185545219462f,0.9201279406395952f,0f,0f,0f,1f],start_interpolation:0}
execute if entity @s[tag=aj.labyria.bone.ear_right_1] run data modify entity @s {} merge value {transformation:[-0.9262194162560542f,0.3714713636825953f,0.06423876488607026f,0.15614277590092585f,0.19132999460969427f,0.3163822862399333f,0.9291367402682165f,1.4090256260595642f,0.32482368465515116f,0.8728752917326653f,-0.36411303048595395f,0.7237309999997459f,0f,0f,0f,1f],start_interpolation:0}
execute if entity @s[tag=aj.labyria.bone.ear_edge_a3] run data modify entity @s {} merge value {transformation:[-0.9874996731629843f,0.15689057633775483f,-0.015157260946715892f,-0.11654704989509243f,0.039517816515256377f,0.3395240414923106f,0.9397668686576444f,1.452172813574962f,0.15258682014140756f,0.9274204937918585f,-0.3414798530133207f,0.915620678826051f,0f,0f,0f,1f],start_interpolation:0}
execute if entity @s[tag=aj.labyria.bone.ear_edge_a4] run data modify entity @s {} merge value {transformation:[-0.9507988201453387f,0.30943797609670615f,-0.015157260946715892f,-0.003910951494456735f,0.09214454841704346f,0.32916198864757285f,0.9397668686576444f,1.4448762340109278f,0.29578875199583177f,0.892132570966193f,-0.3414798530133207f,0.8905406092737543f,0f,0f,0f,1f],start_interpolation:0}
execute if entity @s[tag=aj.labyria.bone.ear_edge_b3] run data modify entity @s {} merge value {transformation:[-0.9942680562233708f,0.05035288313399691f,0.09431659203923136f,0.015021203776489835f,0.0863592534396529f,-0.1418515717293979f,0.9861136906783341f,1.4996123577642777f,0.063032624244486f,0.9886064529214816f,0.13669004909963212f,0.8587927207243076f,0f,0f,0f,1f],start_interpolation:0}
execute if entity @s[tag=aj.labyria.bone.ear_edge_b4] run data modify entity @s {} merge value {transformation:[-0.9300452172111722f,0.3551341639560034f,0.09431659203923136f,-0.009810881766387294f,0.038297984382985734f,-0.16159533857433914f,0.9861136906783341f,1.4994670176031992f,0.3654437827283765f,0.9207424570108166f,0.13669004909963212f,0.8769754605846478f,0f,0f,0f,1f],start_interpolation:0}
execute if entity @s[tag=aj.labyria.bone.ear_left_2] run data modify entity @s {} merge value {transformation:[-0.974150040221714f,0.2052707470686915f,0.09431659203923136f,-0.03159739287776245f,0.0631055529862414f,-0.153614707105327f,0.9861136906783341f,1.516538137070023f,0.21690870964148537f,0.9665745921338953f,0.13669004909963212f,0.9974726362569155f,0f,0f,0f,1f],start_interpolation:0}
execute if entity @s[tag=aj.labyria.bone.ear_left_1] run data modify entity @s {} merge value {transformation:[-0.974150040221714f,0.2253928938024149f,-0.015157260946715892f,-0.08231079398330572f,0.0631055529862414f,0.33594035446148235f,0.9397668686576444f,1.4409515573161897f,0.21690870964148537f,0.9145174255680789f,-0.3414798530133207f,0.7917062155040981f,0f,0f,0f,1f],start_interpolation:0}
execute if entity @s[tag=aj.labyria.bone.head] run data modify entity @s {} merge value {transformation:[-0.9538142795369263f,0.2749711175340061f,-0.12095124916078603f,-0.10022698024109356f,0.1277037250265024f,0.7356052371368161f,0.665264378808338f,1.027201395817498f,0.27190086201740915f,0.6190927391102143f,-0.736745615267035f,0.46345687943503183f,0f,0f,0f,1f],start_interpolation:0}
execute if entity @s[tag=aj.labyria.bone.back_musket] run data modify entity @s {} merge value {transformation:[-1.5802479467450872f,-0.29604107510277583f,-0.2404844054921849f,-0.34392978414816333f,-0.305120030313968f,1.5962330484984755f,0.039980777974766145f,0.9377465275884376f,0.22885548831990063f,0.0840022461500697f,-1.6072415589240476f,0.6173754662451049f,0f,0f,0f,1f],start_interpolation:0}
execute if entity @s[tag=aj.labyria.bone.body_1] run data modify entity @s {} merge value {transformation:[0.2822534831193781f,0.2867700793516448f,-0.9154757740408156f,-0.20776575999796035f,-0.6304036601851282f,0.7747615449002903f,0.048329843460422725f,0.736665816479889f,0.7231349780588494f,0.5634780121108247f,0.39946005228991377f,0.25215262489347257f,0f,0f,0f,1f],start_interpolation:0}
execute if entity @s[tag=aj.labyria.bone.belt2] run data modify entity @s {} merge value {transformation:[-0.8424314487586689f,0.08591212759627419f,-0.5319101056327579f,0.1514226775469516f,-0.45435886208267695f,0.4173346087932476f,0.7870132456003023f,0.22222529163652813f,0.28959847822339285f,0.904682779008901f,-0.31254086256908326f,-0.2900055377656077f,0f,0f,0f,1f],start_interpolation:0}
execute if entity @s[tag=aj.labyria.bone.leg_left_2] run data modify entity @s {} merge value {transformation:[-0.5876907425444665f,0.08103195422224396f,-0.8050176479571474f,-0.0053940919473798865f,-0.7611875092598391f,0.2818845938807071f,0.5840673347136534f,0.2948104879893545f,0.2742501902904273f,0.9560203439925494f,-0.10398045488471125f,-0.17390286130191318f,0f,0f,0f,1f],start_interpolation:0}
execute if entity @s[tag=aj.labyria.bone.leg_left_1] run data modify entity @s {} merge value {transformation:[-0.5876907425444665f,-0.44733232678157275f,-0.6741760753272974f,-0.17091154579266116f,-0.7611875092598391f,0.5881336905562025f,0.27329898971555516f,0.49645514482290864f,0.2742501902904273f,0.6737896937835461f,-0.6861445049526661f,0.031079015562977735f,0f,0f,0f,1f],start_interpolation:0}
execute if entity @s[tag=aj.labyria.bone.belt] run data modify entity @s {} merge value {transformation:[-0.7803573099051772f,-0.4644237207168184f,-0.4187518077729358f,-0.24133944412078168f,0.4833245850596881f,-0.023039855669838398f,-0.875137995134249f,0.5839083649979813f,0.3967868626283325f,-0.885313375413621f,0.24244672189845182f,0.5006411498440952f,0f,0f,0f,1f],start_interpolation:0}
execute if entity @s[tag=aj.labyria.bone.leg_right_2] run data modify entity @s {} merge value {transformation:[-0.9298180795547564f,0.17068085308915978f,-0.3260465999237857f,-0.16884794943626927f,0.11635934867264418f,0.9768462625908441f,0.17953239607039376f,0.4334808113787433f,0.3491401450844383f,0.12899389772797515f,-0.9281496287988059f,0.5469192841710812f,0f,0f,0f,1f],start_interpolation:0}
execute if entity @s[tag=aj.labyria.bone.leg_right_1] run data modify entity @s {} merge value {transformation:[-0.9298180795547564f,-0.3464391436032127f,-0.12417028111660668f,-0.281299402041994f,0.11635934867264418f,0.04334467402109697f,-0.9922609239562356f,0.4311230731624813f,0.3491401450844383f,-0.9370705197654425f,0.000008771547155516507f,0.24822819897206497f,0f,0f,0f,1f],start_interpolation:0}
execute if entity @s[tag=aj.labyria.bone.skirt_forward_right] run data modify entity @s {} merge value {transformation:[-0.43779758220792053f,-0.26110344552725856f,-0.8603245130453352f,-0.2097051372857283f,-0.04734055320926844f,0.9622683576464128f,-0.26795238363245827f,0.6428255571570841f,0.8978263468147609f,-0.07658066731407875f,-0.43363954196889265f,0.21565996061742398f,0f,0f,0f,1f],start_interpolation:0}
execute if entity @s[tag=aj.labyria.bone.skirt_forward_left] run data modify entity @s {} merge value {transformation:[-0.20128851297706452f,-0.4683211150447833f,-0.8603245130453352f,-0.2097051372857283f,-0.6029836544054096f,0.7514068356260686f,-0.26795238363245827f,0.6428255571570841f,0.7719414790405938f,0.46482588200059305f,-0.43363954196889265f,0.21565996061742398f,0f,0f,0f,1f],start_interpolation:0}
execute if entity @s[tag=aj.labyria.bone.skirt_forward] run data modify entity @s {} merge value {transformation:[-0.33592045175125385f,-0.3834047239517799f,-0.8603245130453352f,-0.2097051372857283f,-0.3418274990687536f,0.900752730212951f,-0.26795238363245827f,0.6428255571570841f,0.8776738636735371f,0.20407189092418943f,-0.43363954196889265f,0.21565996061742398f,0f,0f,0f,1f],start_interpolation:0}
execute if entity @s[tag=aj.labyria.bone.skirt_back_right] run data modify entity @s {} merge value {transformation:[-0.23558913681579052f,0.362533554541182f,-0.9017023790842112f,-0.2097051372857283f,-0.060887003806560536f,0.9204893518502514f,0.38599498170023416f,0.6428255571570841f,0.9699435712358995f,0.1458381807416702f,-0.19478370993517247f,0.21565996061742398f,0f,0f,0f,1f],start_interpolation:0}
execute if entity @s[tag=aj.labyria.bone.skirt_back_left] run data modify entity @s {} merge value {transformation:[-0.4034969583691945f,0.15531588502365729f,-0.9017023790842112f,-0.2097051372857283f,-0.5894372038081175f,0.7096278298299071f,0.38599498170023416f,0.6428255571570841f,0.6998242546194553f,0.687244730056342f,-0.19478370993517247f,0.21565996061742398f,0f,0f,0f,1f],start_interpolation:0}
execute if entity @s[tag=aj.labyria.bone.skirt_back] run data modify entity @s {} merge value {transformation:[-0.33592045175125385f,0.2721952785209673f,-0.9017023790842112f,-0.2097051372857283f,-0.3418274990687536f,0.8568324427696684f,0.38599498170023416f,0.6428255571570841f,0.8776738636735371f,0.43789027777316075f,-0.19478370993517247f,0.21565996061742398f,0f,0f,0f,1f],start_interpolation:0}
execute if entity @s[tag=aj.labyria.bone.skirt_right] run data modify entity @s {} merge value {transformation:[-0.3037075857368345f,0.14544778119069263f,-0.9415979212554623f,-0.2546743817993751f,0.02386803736901566f,0.9891303039790748f,0.1450915522779134f,0.6450364165146668f,0.9524662824258161f,0.021591310682021914f,-0.30387792967732596f,0.420063499355805f,0f,0f,0f,1f],start_interpolation:0}
execute if entity @s[tag=aj.labyria.bone.skirt_left] run data modify entity @s {} merge value {transformation:[-0.32098191073627685f,-0.2283303421251035f,-0.9191495350839938f,-0.1491805152854088f,-0.6595424869617549f,0.7503832609867225f,0.04391662012536639f,0.7754711154844629f,0.679686928572554f,0.6203146108999572f,-0.3914530145900557f,0.06973258659960513f,0f,0f,0f,1f],start_interpolation:0}
execute if entity @s[tag=aj.labyria.bone.coat_downer] run data modify entity @s {} merge value {transformation:[-0.33592045175125385f,0.4786430388930308f,-0.8112079211980602f,-0.212740588892035f,-0.3418274990687536f,0.7405843449104481f,0.5785229372755791f,0.5227363742851792f,0.8776738636735371f,0.4716308613659703f,-0.08516407477075141f,0.16772705858808729f,0f,0f,0f,1f],start_interpolation:0}
execute if entity @s[tag=aj.labyria.bone.body_2] run data modify entity @s {} merge value {transformation:[-0.33592045175125385f,0.02346923055035638f,-0.9415979212554623f,-0.20735000000000003f,-0.3418274990687536f,0.9284946969896957f,0.1450915522779134f,0.736f,0.8776738636735371f,0.3706032823375791f,-0.30387792967732596f,0.25285f,0f,0f,0f,1f],start_interpolation:0}
execute if entity @s[tag=aj.labyria.bone.sphere] run data modify entity @s {} merge value {transformation:[-0.5439948217198011f,0f,-0.8390885733592383f,-0.5392755544227388f,0f,1f,0f,1.70475f,0.8390885733592383f,0f,-0.5439948217198011f,-0.8360805975686225f,0f,0f,0f,1f],start_interpolation:0}