execute if entity @s[tag=aj.labyria.bone.wing_right_1] run data modify entity @s {} merge value {transformation:[-0.6220073831043006f,-0.22986959204348664f,0.476666791859833f,0.2667002534983375f,0.028157892599840025f,0.7201806271587359f,0.38404614539665693f,0.8049637230735558f,-0.528449044745584f,0.30894057578028705f,-0.5405939069102322f,0.1552494367894998f,0f,0f,0f,1f],start_interpolation:0}
execute if entity @s[tag=aj.labyria.bone.wing_right_2] run data modify entity @s {} merge value {transformation:[-0.6491041712331767f,0.02513643339142964f,0.4669388981484079f,0.2667002534983375f,0.29546027262915064f,0.6412257131312561f,0.3762084689599905f,0.8049637230735558f,-0.36244586104078896f,0.4777004757540758f,-0.5295613781977786f,0.1552494367894998f,0f,0f,0f,1f],start_interpolation:0}
execute if entity @s[tag=aj.labyria.bone.wing_left_1] run data modify entity @s {} merge value {transformation:[0.504248604355522f,-0.20910554213479837f,0.6074147361551783f,0.2542225143581401f,0.48561213670418646f,0.6295891091130572f,-0.1863943422324448f,0.8594028780293277f,-0.420545648099641f,0.4762739446780427f,0.5130779004495458f,0.05469380646985954f,0f,0f,0f,1f],start_interpolation:0}
execute if entity @s[tag=aj.labyria.bone.wing_left_2] run data modify entity @s {} merge value {transformation:[0.5347456569327244f,-0.00021623885675695065f,0.5950185170499706f,0.2542225143581401f,0.20347473559347637f,0.7518369414599237f,-0.18259037606443573f,0.8594028780293277f,-0.5591467735458678f,0.27338830753516874f,0.502606922889351f,0.05469380646985954f,0f,0f,0f,1f],start_interpolation:0}
execute if entity @s[tag=aj.labyria.bone.musket] run data modify entity @s {} merge value {transformation:[-0.000001123730953927209f,-0.000014478491562860098f,-0.000007305900004097706f,0.2546111149407512f,0.00001621706897307687f,-9.590542771548595e-7f,-5.937616343605084e-7f,1.079218893927155f,9.78096526593189e-8f,-0.000007329335646575345f,0.000014509890982160644f,-0.5942493672303214f,0f,0f,0f,1f],start_interpolation:0}
execute if entity @s[tag=aj.labyria.bone.omega_blade] run data modify entity @s {} merge value {transformation:[-0.12401407247830311f,-1.5978350474177117f,-0.8062734317863217f,0.2546111149407512f,1.7897030957314628f,-0.1058404827437134f,-0.06552707131638698f,1.079218893927155f,0.010794197055424485f,-0.8088597710293945f,1.6013002628656852f,-0.5942493672303214f,0f,0f,0f,1f],start_interpolation:0}
execute if entity @s[tag=aj.labyria.bone.arm_right_2] run data modify entity @s {} merge value {transformation:[0.5618281823645574f,-0.06912608713123942f,0.8243607690682895f,0.08945229641421579f,0.043913179496933324f,0.9975897868866971f,0.053723828659397316f,1.0553396448128936f,-0.8260876019935219f,0.006016741416951748f,0.5635096029841143f,-0.3503611803758574f,0f,0f,0f,1f],start_interpolation:0}
execute if entity @s[tag=aj.labyria.bone.arm_right_1] run data modify entity @s {} merge value {transformation:[0.5618281823645574f,-0.06912608713123942f,0.8243607690682895f,-0.09489757592415463f,0.043913179496933324f,0.9975897868866971f,0.053723828659397316f,1.0409306327904624f,-0.8260876019935219f,0.006016741416951748f,0.5635096029841143f,-0.079301185971733f,0f,0f,0f,1f],start_interpolation:0}
execute if entity @s[tag=aj.labyria.bone.arm_left_2] run data modify entity @s {} merge value {transformation:[0.49114482933780346f,-0.14493907084254007f,0.8589350513036716f,-0.09794230246225549f,0.48815843479981474f,0.8624692634182214f,-0.1335968270305315f,0.5748812597159664f,-0.721441681044653f,0.4849117810510814f,0.4943505491544772f,0.7809314913464132f,0f,0f,0f,1f],start_interpolation:0}
execute if entity @s[tag=aj.labyria.bone.arm_left_1] run data modify entity @s {} merge value {transformation:[0.16775208251156587f,-0.14493907084254007f,0.9751163543682025f,-0.03241414523117507f,0.5044116848846218f,0.8624692634182214f,0.04142006531486486f,0.7719170741240218f,-0.8470112696799788f,0.4849117810510814f,0.2177899759699201f,0.4500677141276714f,0f,0f,0f,1f],start_interpolation:0}
execute if entity @s[tag=aj.labyria.bone.himo_right_2] run data modify entity @s {} merge value {transformation:[-0.02638569329933405f,0.06804221352267231f,0.9973334709955585f,-0.26270767239003373f,-0.3231009921281619f,0.9435508886488704f,-0.0729209806278344f,0.6835881462455577f,-0.9459965877712831f,-0.3241635045912209f,-0.0029117376644314866f,-0.016880046238028825f,0f,0f,0f,1f],start_interpolation:0}
execute if entity @s[tag=aj.labyria.bone.himo_right_1] run data modify entity @s {} merge value {transformation:[-0.052364362586669294f,-0.04344802130959996f,0.9976824359359908f,-0.2646186611609838f,0.14975687149240408f,0.9874138143923941f,0.05086097313137733f,0.8690461175262028f,-0.9873352282642909f,0.15207310278725714f,-0.04519865525606846f,0.011351168939231458f,0f,0f,0f,1f],start_interpolation:0}
execute if entity @s[tag=aj.labyria.bone.himo_left_2] run data modify entity @s {} merge value {transformation:[-0.02638569329933405f,0.06804221352267231f,0.9973334709955585f,-0.2288081416701938f,-0.3231009921281619f,0.9435508886488704f,-0.0729209806278344f,0.5356878106919711f,-0.9459965877712831f,-0.3241635045912209f,-0.0029117376644314866f,0.25630956293499796f,0f,0f,0f,1f],start_interpolation:0}
execute if entity @s[tag=aj.labyria.bone.himo_left_1] run data modify entity @s {} merge value {transformation:[-0.052364362586669294f,-0.04344802130959996f,0.9976824359359908f,-0.2307191304411439f,0.14975687149240408f,0.9874138143923941f,0.05086097313137733f,0.7211457819726161f,-0.9873352282642909f,0.15207310278725714f,-0.04519865525606846f,0.28454077811225825f,0f,0f,0f,1f],start_interpolation:0}
execute if entity @s[tag=aj.labyria.bone.ribbon_left_himo_1] run data modify entity @s {} merge value {transformation:[-0.913964416598863f,-0.15698306645113896f,0.3741996285924096f,0.1356004132420395f,0.03059613095016439f,0.8928576553932335f,0.44929843531507935f,1.1588226155969477f,-0.40463924916149735f,0.42209184314944476f,-0.8112370516592077f,0.506351208009346f,0f,0f,0f,1f],start_interpolation:0}
execute if entity @s[tag=aj.labyria.bone.ribbon_left_himo_2] run data modify entity @s {} merge value {transformation:[-0.913964416598863f,-0.15698306645113896f,0.3741996285924096f,0.1852988014144689f,0.03059613095016439f,0.8928576553932335f,0.44929843531507935f,1.2184950640372316f,-0.40463924916149735f,0.42209184314944476f,-0.8112370516592077f,0.3986087870858575f,0f,0f,0f,1f],start_interpolation:0}
execute if entity @s[tag=aj.labyria.bone.ribbon_left] run data modify entity @s {} merge value {transformation:[-0.913964416598863f,-0.15698306645113896f,0.3741996285924096f,0.1431799248390629f,0.03059613095016439f,0.8928576553932335f,0.44929843531507935f,1.2841366443461284f,-0.40463924916149735f,0.42209184314944476f,-0.8112370516592077f,0.4973937737790135f,0f,0f,0f,1f],start_interpolation:0}
execute if entity @s[tag=aj.labyria.bone.ribbon_right_himo_1] run data modify entity @s {} merge value {transformation:[-0.913964416598863f,-0.15698306645113896f,0.3741996285924096f,-0.41374932390991453f,0.03059613095016439f,0.8928576553932335f,0.44929843531507935f,1.177212802556181f,-0.40463924916149735f,0.42209184314944476f,-0.8112370516592077f,0.2631377293102135f,0f,0f,0f,1f],start_interpolation:0}
execute if entity @s[tag=aj.labyria.bone.ribbon_right_himo_2] run data modify entity @s {} merge value {transformation:[-0.913964416598863f,-0.15698306645113896f,0.3741996285924096f,-0.36405093573748515f,0.03059613095016439f,0.8928576553932335f,0.44929843531507935f,1.236885250996465f,-0.40463924916149735f,0.42209184314944476f,-0.8112370516592077f,0.155395308386725f,0f,0f,0f,1f],start_interpolation:0}
execute if entity @s[tag=aj.labyria.bone.ribbon_right] run data modify entity @s {} merge value {transformation:[-0.913964416598863f,-0.15698306645113896f,0.3741996285924096f,-0.4051987251202548f,0.03059613095016439f,0.8928576553932335f,0.44929843531507935f,1.3024943229162271f,-0.40463924916149735f,0.42209184314944476f,-0.8112370516592077f,0.2546102242821151f,0f,0f,0f,1f],start_interpolation:0}
execute if entity @s[tag=aj.labyria.bone.crown] run data modify entity @s {} merge value {transformation:[-0.9262771648726733f,0.0445561645201312f,0.3741996285924096f,-0.027499055075499997f,0.22312064671495527f,0.865071149116026f,0.44929843531507935f,1.5332613277882916f,-0.3036902877026896f,0.4996665439774144f,-0.8112370516592077f,0.5773829636756644f,0f,0f,0f,1f],start_interpolation:0}
execute if entity @s[tag=aj.labyria.bone.ear_edge_a1] run data modify entity @s {} merge value {transformation:[-0.9272695600141931f,-0.012074809828211852f,0.3741996285924096f,0.003566305398521319f,0.1698931514853147f,0.8770788066655181f,0.44929843531507935f,1.5368294723328981f,-0.3336277568630534f,0.4801947166158777f,-0.8112370516592077f,0.5729464467780437f,0f,0f,0f,1f],start_interpolation:0}
execute if entity @s[tag=aj.labyria.bone.ear_edge_a2] run data modify entity @s {} merge value {transformation:[-0.913964416598863f,-0.15698306645113896f,0.3741996285924096f,-0.10329067531141399f,0.030596130950164405f,0.8928576553932335f,0.44929843531507935f,1.5493513563818386f,-0.4046392491614974f,0.42209184314944476f,-0.8112370516592077f,0.53059165108238f,0f,0f,0f,1f],start_interpolation:0}
execute if entity @s[tag=aj.labyria.bone.ear_edge_b1] run data modify entity @s {} merge value {transformation:[-0.9247934084071194f,0.06878800569900044f,0.3741996285924096f,-0.12302730803291144f,0.24568911159493118f,0.8589340932033813f,0.44929843531507935f,1.5461779025100835f,-0.29050647533305773f,0.5074450056950401f,-0.8112370516592077f,0.5197301298104514f,0f,0f,0f,1f],start_interpolation:0}
execute if entity @s[tag=aj.labyria.bone.ear_edge_b2] run data modify entity @s {} merge value {transformation:[-0.9007874600625481f,-0.2203555984207487f,0.3741996285924096f,-0.09799417511828613f,-0.03176100128275339f,0.8928169772248613f,0.44929843531507935f,1.5542169567466932f,-0.43309720686190123f,0.392837441473818f,-0.8112370516592077f,0.5357295513143542f,0f,0f,0f,1f],start_interpolation:0}
execute if entity @s[tag=aj.labyria.bone.ear_right_2] run data modify entity @s {} merge value {transformation:[-0.9241684818156567f,-0.07672845091520483f,0.3741996285924096f,-0.049928200205677994f,0.10829737555840442f,0.8867934339351997f,0.44929843531507935f,1.6600049105583417f,-0.3663117465570906f,0.45575229055877453f,-0.8112370516592077f,0.5779695254537289f,0f,0f,0f,1f],start_interpolation:0}
execute if entity @s[tag=aj.labyria.bone.ear_right_1] run data modify entity @s {} merge value {transformation:[-0.9241684818156567f,-0.07672845091520483f,0.3741996285924096f,-0.03266429874975693f,0.10829737555840442f,0.8867934339351997f,0.44929843531507935f,1.4604763879229221f,-0.3663117465570906f,0.45575229055877453f,-0.8112370516592077f,0.4754252600780048f,0f,0f,0f,1f],start_interpolation:0}
execute if entity @s[tag=aj.labyria.bone.ear_edge_a3] run data modify entity @s {} merge value {transformation:[-0.8781544359728751f,-0.29802587898111155f,0.3741996285924096f,-0.3533153645840197f,-0.10945426787171589f,0.8866513854204978f,0.44929843531507935f,1.5487765439148893f,-0.4656871802249102f,0.35359566766215866f,-0.8112370516592077f,0.41494430975981755f,0f,0f,0f,1f],start_interpolation:0}
execute if entity @s[tag=aj.labyria.bone.ear_edge_a4] run data modify entity @s {} merge value {transformation:[-0.913964416598863f,-0.15698306645113896f,0.3741996285924096f,-0.24962234076751003f,0.030596130950164405f,0.8928576553932336f,0.44929843531507935f,1.5542499965445613f,-0.40463924916149735f,0.42209184314944476f,-0.8112370516592077f,0.4658062675780091f,0f,0f,0f,1f],start_interpolation:0}
execute if entity @s[tag=aj.labyria.bone.ear_edge_b3] run data modify entity @s {} merge value {transformation:[-0.8488381263813031f,-0.3734280026494823f,0.3741996285924096f,-0.22852947325419914f,-0.18631452139188068f,0.8737378411983403f,0.44929843531507935f,1.5497097227910621f,-0.49473299295680023f,0.3116628173126888f,-0.8112370516592077f,0.47302118125103415f,0f,0f,0f,1f],start_interpolation:0}
execute if entity @s[tag=aj.labyria.bone.ear_edge_b4] run data modify entity @s {} merge value {transformation:[-0.9226886303688903f,-0.09284572876166194f,0.3741996285924096f,-0.25670263749480593f,0.0928042019086053f,0.8885484208142675f,0.44929843531507935f,1.5595299260588265f,-0.3742099297133738f,0.4492898557937712f,-0.8112370516592077f,0.4654645914479827f,0f,0f,0f,1f],start_interpolation:0}
execute if entity @s[tag=aj.labyria.bone.ear_left_2] run data modify entity @s {} merge value {transformation:[-0.8968045303049487f,-0.2360429460624128f,0.3741996285924096f,-0.3142650657635155f,-0.04733796868905536f,0.8921266909715322f,0.44929843531507935f,1.6688539261290578f,-0.43988720275192633f,0.3852190219477245f,-0.8112370516592077f,0.4609397277258684f,0f,0f,0f,1f],start_interpolation:0}
execute if entity @s[tag=aj.labyria.bone.ear_left_1] run data modify entity @s {} merge value {transformation:[-0.8968045303049487f,-0.2360429460624128f,0.3741996285924096f,-0.2611554028994727f,-0.04733796868905536f,0.8921266909715322f,0.44929843531507935f,1.4681254206604635f,-0.43988720275192633f,0.3852190219477245f,-0.8112370516592077f,0.3742654477876305f,0f,0f,0f,1f],start_interpolation:0}
execute if entity @s[tag=aj.labyria.bone.head] run data modify entity @s {} merge value {transformation:[-0.913964416598863f,-0.15698306645113896f,0.3741996285924096f,-0.07814976766191886f,0.03059613095016439f,0.8928576553932335f,0.44929843531507935f,0.9926707797990643f,-0.40463924916149735f,0.42209184314944476f,-0.8112370516592077f,0.23387444218307737f,0f,0f,0f,1f],start_interpolation:0}
execute if entity @s[tag=aj.labyria.bone.back_musket] run data modify entity @s {} merge value {transformation:[1.6150822597292809f,0.018789176157486005f,0.18388284800949276f,0.1369725937547054f,0.1626487617549323f,0.6238388998229798f,-1.4923227023644188f,1.034026878453961f,-0.08781409472485907f,1.501042515904189f,0.6179131741925206f,0.11642657642878634f,0f,0f,0f,1f],start_interpolation:0}
execute if entity @s[tag=aj.labyria.bone.body_1] run data modify entity @s {} merge value {transformation:[-0.10847849830348771f,-0.14493907084254007f,0.9834760196106062f,-0.02379761609596634f,0.4732810737714769f,0.8624692634182214f,0.17930921579369144f,0.6692448060172312f,-0.8742067493536858f,0.4849117810510814f,-0.024962451448726275f,0.05203252428892185f,0f,0f,0f,1f],start_interpolation:0}