execute if entity @s[tag=aj.labyria.bone.wing_right_1] run data modify entity @s {} merge value {transformation:[-0.4730543330178701f,-0.24469551801218828f,-0.619102694164877f,-0.19011762932155646f,-0.3610306420071343f,0.7324042318155846f,-0.013614741825836935f,1.1518186637467753f,0.5593039584960746f,0.2658055475866045f,-0.5324198881777905f,-0.19285420433733544f,0f,0f,0f,1f],start_interpolation:0}
execute if entity @s[tag=aj.labyria.bone.wing_right_2] run data modify entity @s {} merge value {transformation:[-0.5198558074366495f,-0.04411995911926621f,-0.6064679453043693f,-0.19011762932155646f,-0.052182715542755526f,0.7981848730494685f,-0.013336889951840264f,1.1518186637467753f,0.6058274537134918f,0.03089235572626209f,-0.5215541761741622f,-0.19285420433733544f,0f,0f,0f,1f],start_interpolation:0}
execute if entity @s[tag=aj.labyria.bone.wing_left_1] run data modify entity @s {} merge value {transformation:[-0.8063001508753418f,-0.019110804611461786f,0.12829375779806304f,-0.2604451205074881f,0.011503597149675533f,0.7940352803112524f,0.19057829183328573f,1.1326047863766393f,-0.12919821359238487f,0.18996630020237165f,-0.7836868448790009f,-0.16921082920983824f,0f,0f,0f,1f],start_interpolation:0}
execute if entity @s[tag=aj.labyria.bone.wing_left_2] run data modify entity @s {} merge value {transformation:[-0.7225575361474462f,-0.31955636618822925f,0.12567551784300054f,-0.2604451205074881f,-0.2872517961126327f,0.7229340534986562f,0.1866889389387289f,1.1326047863766393f,-0.18814093809322438f,0.12349122689720235f,-0.7676932357998376f,-0.16921082920983824f,0f,0f,0f,1f],start_interpolation:0}
execute if entity @s[tag=aj.labyria.bone.musket] run data modify entity @s {} merge value {transformation:[-0.0000032073185318430694f,-0.0000036263836530457428f,-0.00001551863761735284f,-0.23438894703366955f,0.000008548267199918548f,0.000012968422561341271f,-0.000004797166685846069f,0.8291147320641812f,0.00001345012638515314f,-0.00000910686674624798f,-6.517226035592402e-7f,0.7019697059571671f,0f,0f,0f,1f],start_interpolation:0}
execute if entity @s[tag=aj.labyria.bone.omega_blade] run data modify entity @s {} merge value {transformation:[-0.35395717407171823f,-0.40020487431734453f,-1.7126247555227352f,-0.23438894703366955f,0.9433801074801305f,1.431185009036972f,-0.5294115775576934f,0.8291147320641812f,1.4843454676952552f,-1.0050267181592671f,-0.07192359871469681f,0.7019697059571671f,0f,0f,0f,1f],start_interpolation:0}
execute if entity @s[tag=aj.labyria.bone.arm_right_2] run data modify entity @s {} merge value {transformation:[0.6130612594468581f,-0.396798527014048f,-0.6831594404858311f,-0.4206726985037108f,-0.41555729423752474f,0.5734704712416137f,-0.7060054913525169f,0.9520547449619564f,0.6719137053010746f,0.7167165043260852f,0.18668000711157384f,0.48520745144904764f,0f,0f,0f,1f],start_interpolation:0}
execute if entity @s[tag=aj.labyria.bone.arm_right_1] run data modify entity @s {} merge value {transformation:[0.08151556857617831f,-0.396798527014048f,-0.9142790279992122f,-0.42905377474793477f,-0.7557167133253739f,0.5734704712416137f,-0.3162655020937568f,1.2200215263825818f,0.6498057104091939f,0.7167165043260852f,-0.2531205071624969f,0.26615761210635536f,0f,0f,0f,1f],start_interpolation:0}
execute if entity @s[tag=aj.labyria.bone.arm_left_2] run data modify entity @s {} merge value {transformation:[-0.7205069042566784f,0.4374598501541708f,0.53805081583578f,0.4660094567139139f,0.37050755637231375f,0.8987255409254686f,-0.2345560759375896f,1.1551127349706927f,-0.5861688763398093f,0.030352620831057622f,-0.8096201373602385f,0.10519078148100462f,0f,0f,0f,1f],start_interpolation:0}
execute if entity @s[tag=aj.labyria.bone.arm_left_1] run data modify entity @s {} merge value {transformation:[-0.8923599723714615f,0.4374598501541708f,0.1110070232566176f,0.13464496637335732f,0.4380332488463269f,0.8987255409254686f,-0.020476205540954376f,1.3177698114310434f,-0.10872236483050163f,0.030352620831057622f,-0.9936086582726368f,0.0648183621366703f,0f,0f,0f,1f],start_interpolation:0}
execute if entity @s[tag=aj.labyria.bone.himo_right_2] run data modify entity @s {} merge value {transformation:[-0.8577947438685404f,-0.4704770865924568f,-0.2069770238045252f,-0.13269319160797383f,-0.4329328279437704f,0.8784008723396018f,-0.20243782739803318f,0.9205922260631979f,0.2770511575144828f,-0.0840429560671215f,-0.9571726268836699f,0.3624787086479256f,0f,0f,0f,1f],start_interpolation:0}
execute if entity @s[tag=aj.labyria.bone.himo_right_1] run data modify entity @s {} merge value {transformation:[-0.8942805777783821f,-0.33075393722838764f,-0.3014366952052834f,-0.19659353418332953f,-0.34304293514960116f,0.939231622948553f,-0.012864800712547628f,1.0966177503615981f,0.2873739599412403f,0.09190098727079529f,-0.9533993998772726f,0.3737513975119668f,0f,0f,0f,1f],start_interpolation:0}
execute if entity @s[tag=aj.labyria.bone.himo_left_2] run data modify entity @s {} merge value {transformation:[-0.8577947438685404f,-0.4704770865924568f,-0.2069770238045252f,0.15405656864696937f,-0.4329328279437704f,0.8784008723396018f,-0.20243782739803318f,0.9989339191414871f,0.2770511575144828f,-0.0840429560671215f,-0.9571726268836699f,0.26607640515179665f,0f,0f,0f,1f],start_interpolation:0}
execute if entity @s[tag=aj.labyria.bone.himo_left_1] run data modify entity @s {} merge value {transformation:[-0.8942805777783821f,-0.33075393722838764f,-0.3014366952052834f,0.09015622607161367f,-0.34304293514960116f,0.939231622948553f,-0.012864800712547628f,1.1749594434398873f,0.2873739599412403f,0.09190098727079529f,-0.9533993998772726f,0.27734909401583785f,0f,0f,0f,1f],start_interpolation:0}
execute if entity @s[tag=aj.labyria.bone.ribbon_left_himo_1] run data modify entity @s {} merge value {transformation:[-0.9760558366070685f,-0.1774502537623352f,-0.12580306540366457f,0.10188945039308452f,-0.2100682349229474f,0.9190614117589225f,0.3334628286511908f,1.5929738719225994f,0.056447679329032135f,0.3519055680937415f,-0.9343319167421115f,0.3033786155012819f,0f,0f,0f,1f],start_interpolation:0}
execute if entity @s[tag=aj.labyria.bone.ribbon_left_himo_2] run data modify entity @s {} merge value {transformation:[-0.9760558366070685f,-0.1774502537623352f,-0.12580306540366457f,0.08518123076916032f,-0.2100682349229474f,0.9190614117589225f,0.3334628286511908f,1.6372619038528358f,0.056447679329032135f,0.3519055680937415f,-0.9343319167421115f,0.1792876578089702f,0f,0f,0f,1f],start_interpolation:0}
execute if entity @s[tag=aj.labyria.bone.ribbon_left] run data modify entity @s {} merge value {transformation:[-0.9760558366070685f,-0.1774502537623352f,-0.12580306540366457f,0.074044384317699f,-0.2100682349229474f,0.9190614117589225f,0.3334628286511908f,1.713269463216267f,0.056447679329032135f,0.3519055680937415f,-0.9343319167421115f,0.2789877681204522f,0f,0f,0f,1f],start_interpolation:0}
execute if entity @s[tag=aj.labyria.bone.ribbon_right_himo_1] run data modify entity @s {} merge value {transformation:[-0.9760558366070685f,-0.1774502537623352f,-0.12580306540366457f,-0.4847811108975517f,-0.2100682349229474f,0.9190614117589225f,0.3334628286511908f,1.4667097334692252f,0.056447679329032135f,0.3519055680937415f,-0.9343319167421115f,0.3373071987579883f,0f,0f,0f,1f],start_interpolation:0}
execute if entity @s[tag=aj.labyria.bone.ribbon_right_himo_2] run data modify entity @s {} merge value {transformation:[-0.9760558366070685f,-0.1774502537623352f,-0.12580306540366457f,-0.5014893305214759f,-0.2100682349229474f,0.9190614117589225f,0.3334628286511908f,1.5109977653994615f,0.056447679329032135f,0.3519055680937415f,-0.9343319167421115f,0.21321624106567666f,0f,0f,0f,1f],start_interpolation:0}
execute if entity @s[tag=aj.labyria.bone.ribbon_right] run data modify entity @s {} merge value {transformation:[-0.9760558366070685f,-0.1774502537623352f,-0.12580306540366457f,-0.5115891176465421f,-0.2100682349229474f,0.9190614117589225f,0.3334628286511908f,1.5872285222624984f,0.056447679329032135f,0.3519055680937415f,-0.9343319167421115f,0.3128563757178715f,0f,0f,0f,1f],start_interpolation:0}
execute if entity @s[tag=aj.labyria.bone.crown] run data modify entity @s {} merge value {transformation:[-0.9911816848825997f,0.04162278568683761f,-0.12580306540366457f,-0.1019541041384383f,-0.0027344920918325466f,0.9427592823520468f,0.3334628286511908f,1.9390915873892283f,0.13248165950912158f,0.3308662558356796f,-0.9343319167421115f,0.4012904601352752f,0f,0f,0f,1f],start_interpolation:0}
execute if entity @s[tag=aj.labyria.bone.ear_edge_a1] run data modify entity @s {} merge value {transformation:[-0.990134285938966f,0.001219808713378609f,-0.14011640829980285f,-0.07473670217051614f,-0.06888919239575558f,0.8665288949589951f,0.4943500312250454f,1.9349219549660321f,0.12201792892519883f,0.4991254213800832f,-0.8578959370185638f,0.3984289180832822f,0f,0f,0f,1f],start_interpolation:0}
execute if entity @s[tag=aj.labyria.bone.ear_edge_a2] run data modify entity @s {} merge value {transformation:[-0.9781349099689378f,-0.15368633649489274f,-0.14011640829980285f,-0.18895193951759306f,-0.20359603624711586f,0.8450838423803048f,0.4943500312250454f,1.919986976434403f,0.04243526746141197f,0.5120681686284736f,-0.8578959370185638f,0.40847713180566414f,0f,0f,0f,1f],start_interpolation:0}
execute if entity @s[tag=aj.labyria.bone.ear_edge_b1] run data modify entity @s {} merge value {transformation:[-0.9821895806196098f,0.11321201565339363f,-0.1499555508608173f,-0.21300003198203665f,-0.009014921985656552f,0.7687784691668484f,0.639451637363663f,1.919650259464828f,0.1876762076126538f,0.6294145731210652f,-0.7540656047314181f,0.38634478267107647f,0f,0f,0f,1f],start_interpolation:0}
execute if entity @s[tag=aj.labyria.bone.ear_edge_b2] run data modify entity @s {} merge value {transformation:[-0.9691022376898252f,-0.195842246899393f,-0.1499555508608173f,-0.18574082364363914f,-0.2461393121804638f,0.7283660085920118f,0.639451637363663f,1.9327568831556103f,-0.016009119398085636f,0.6566039688100724f,-0.7540656047314181f,0.3920384283565804f,0f,0f,0f,1f],start_interpolation:0}
execute if entity @s[tag=aj.labyria.bone.ear_right_2] run data modify entity @s {} merge value {transformation:[-0.9878074581368815f,-0.04183011373618625f,-0.1499555508608173f,-0.14715517954442986f,-0.1291673818951713f,0.7579032859984692f,0.639451637363663f,2.0418919637898547f,0.08690347003141147f,0.6510244624110066f,-0.7540656047314181f,0.435470291955281f,0f,0f,0f,1f],start_interpolation:0}
execute if entity @s[tag=aj.labyria.bone.ear_right_1] run data modify entity @s {} merge value {transformation:[-0.9878074581368815f,-0.06785143899959956f,-0.14011640829980285f,-0.13188860576952f,-0.1291673818951713f,0.8596126069818565f,0.4943500312250454f,1.8484791272189374f,0.08690347003141147f,0.5064211173949404f,-0.8578959370185638f,0.3215255405414196f,0f,0f,0f,1f],start_interpolation:0}
execute if entity @s[tag=aj.labyria.bone.ear_edge_a3] run data modify entity @s {} merge value {transformation:[-0.9381331411939206f,-0.30144793251450613f,-0.170397633130151f,-0.454620218633064f,-0.3461154822192757f,0.801388279244965f,0.4878328595501866f,1.853162841617545f,-0.010501540922456625f,0.5166294318672946f,-0.8561447002503317f,0.4203985043665877f,0f,0f,0f,1f],start_interpolation:0}
execute if entity @s[tag=aj.labyria.bone.ear_edge_a4] run data modify entity @s {} merge value {transformation:[-0.9737400115435179f,-0.15098025216190525f,-0.170397633130151f,-0.3439814495403272f,-0.21648947953424502f,0.8456662500029662f,0.4878328595501866f,1.8866212873928287f,0.07044639927080554f,0.5119116691999196f,-0.8561447002503317f,0.4174428648509378f,0f,0f,0f,1f],start_interpolation:0}
execute if entity @s[tag=aj.labyria.bone.ear_edge_b3] run data modify entity @s {} merge value {transformation:[-0.913622231408186f,-0.34840030371602204f,-0.20955105976184174f,-0.3245097601428959f,-0.3990046053429601f,0.6694295574430017f,0.6266254004880232f,1.8956509646571484f,-0.0780368066481195f,0.6561107345503887f,-0.7506190517272483f,0.3927936610458755f,0f,0f,0f,1f],start_interpolation:0}
execute if entity @s[tag=aj.labyria.bone.ear_edge_b4] run data modify entity @s {} merge value {transformation:[-0.9765679913065181f,-0.049023583184443054f,-0.20955105976184174f,-0.35393675457571494f,-0.17261082015641072f,0.7599645466915913f,0.6266254004880232f,1.8965574968019103f,0.12853195369434103f,0.6481130889463678f,-0.7506190517272483f,0.4017656074969721f,0f,0f,0f,1f],start_interpolation:0}
execute if entity @s[tag=aj.labyria.bone.ear_left_2] run data modify entity @s {} merge value {transformation:[-0.956875840802048f,-0.20118891282091822f,-0.20955105976184174f,-0.4288389360719096f,-0.28937034184029164f,0.7236058407216301f,0.6266254004880232f,1.9812675534632003f,0.025562287702918195f,0.6602405687561768f,-0.7506190517272483f,0.4517607476488125f,0f,0f,0f,1f],start_interpolation:0}
execute if entity @s[tag=aj.labyria.bone.ear_left_1] run data modify entity @s {} merge value {transformation:[-0.956875840802048f,-0.23527276066943337f,-0.170397633130151f,-0.37590256492128715f,-0.28937034184029164f,0.8235799332222226f,0.4878328595501866f,1.7959620684882005f,0.025562287702918195f,0.5161034990006006f,-0.8561447002503317f,0.3356374603736776f,0f,0f,0f,1f],start_interpolation:0}
execute if entity @s[tag=aj.labyria.bone.head] run data modify entity @s {} merge value {transformation:[-0.9760558366070685f,-0.1774502537623352f,-0.12580306540366457f,-0.15902098449834223f,-0.2100682349229474f,0.9190614117589225f,0.3334628286511908f,1.3407809109317712f,0.056447679329032135f,0.3519055680937415f,-0.9343319167421115f,0.17742776920769698f,0f,0f,0f,1f],start_interpolation:0}
execute if entity @s[tag=aj.labyria.bone.back_musket] run data modify entity @s {} merge value {transformation:[-0.4553707455781185f,0.6252812080554899f,1.4297963265966576f,-0.3237806199430886f,-0.06866257526157049f,1.4799552341062314f,-0.6690848947816852f,1.2959817612930498f,-1.559031614642589f,-0.24781556956583037f,-0.3881552635875048f,-0.028426823083604558f,0f,0f,0f,1f],start_interpolation:0}
execute if entity @s[tag=aj.labyria.bone.body_1] run data modify entity @s {} merge value {transformation:[-0.9175992328158182f,-0.1944894127343793f,-0.3466778277739409f,-0.08608745472294999f,-0.25069341785052546f,0.959962872119264f,0.12499637754333205f,0.9807948338870471f,0.3084873711876125f,0.20160642967616293f,-0.9296184106024292f,0.1018253580791359f,0f,0f,0f,1f],start_interpolation:0}
execute if entity @s[tag=aj.labyria.bone.belt2] run data modify entity @s {} merge value {transformation:[-0.8354866291233052f,-0.27697273727687904f,0.4746031977995192f,0.30380769452858003f,-0.21811857149312508f,0.959883749314275f,0.176202941440171f,0.2680660942317521f,-0.5043673079472688f,0.04369543005535939f,-0.862382935862197f,0.33835214076478115f,0f,0f,0f,1f],start_interpolation:0}
execute if entity @s[tag=aj.labyria.bone.leg_left_2] run data modify entity @s {} merge value {transformation:[-0.9123390922543734f,-0.39831446462127856f,0.09477852086802252f,0.20862330143571478f,-0.3815620023609933f,0.911085639819499f,0.15599165127968612f,0.37444756920147515f,-0.14848508039104538f,0.1061533993245537f,-0.983200710289159f,0.18681714645304104f,0f,0f,0f,1f],start_interpolation:0}
execute if entity @s[tag=aj.labyria.bone.leg_left_1] run data modify entity @s {} merge value {transformation:[-0.9123390922543734f,-0.33323805984300536f,0.23788605721339687f,0.08984927824117155f,-0.3815620023609933f,0.9027064285159814f,-0.19882540650075506f,0.7003421276682504f,-0.14848508039104538f,-0.27216447120811127f,-0.9507253449410477f,0.07915113893011094f,0f,0f,0f,1f],start_interpolation:0}
execute if entity @s[tag=aj.labyria.bone.belt] run data modify entity @s {} merge value {transformation:[-0.9381271159514899f,0.17269498635263278f,-0.3001565524942006f,-0.3087218233976706f,0.3462898127345383f,0.4701891847733316f,-0.8117915348896338f,0.6862532169322938f,0.0009380366826735875f,-0.865504807734107f,-0.5008997383472347f,0.31080500995024624f,0f,0f,0f,1f],start_interpolation:0}
execute if entity @s[tag=aj.labyria.bone.leg_right_2] run data modify entity @s {} merge value {transformation:[-0.9543986361544968f,-0.05453234709542962f,0.29351229348478775f,-0.25446783099893866f,0.07302606241705092f,0.9106612007831167f,0.40664895376247123f,0.5594058446093576f,-0.28946577952203184f,0.4095392539287474f,-0.8651515254434837f,0.3374295716954922f,0f,0f,0f,1f],start_interpolation:0}
execute if entity @s[tag=aj.labyria.bone.leg_right_1] run data modify entity @s {} merge value {transformation:[-0.9543986361544968f,0.2824543431270208f,0.09665809513496411f,-0.15912563800526985f,0.07302606241705092f,0.5348227886190556f,-0.8418026959933054f,0.6798009952755645f,-0.28946577952203184f,-0.79635678487875f,-0.5310606685335324f,0.053449630060909456f,0f,0f,0f,1f],start_interpolation:0}
execute if entity @s[tag=aj.labyria.bone.skirt_forward_right] run data modify entity @s {} merge value {transformation:[-0.9968688745653739f,0.04912371992252004f,0.061962142181648465f,-0.06240612622475003f,0.027603895272376583f,0.950510038442156f,-0.3094651705547533f,0.8938472277826303f,-0.07409771851114363f,-0.30678579980446413f,-0.9488898783050532f,0.09229129623270924f,0f,0f,0f,1f],start_interpolation:0}
execute if entity @s[tag=aj.labyria.bone.skirt_forward_left] run data modify entity @s {} merge value {transformation:[-0.9569814211674145f,-0.2834559092286788f,0.061962142181648465f,-0.06240612622475003f,-0.2884260376125459f,0.9061135298849937f,-0.3094651705547533f,0.8938472277826303f,0.03157499592275641f,-0.3140239138707422f,-0.9488898783050532f,0.09229129623270924f,0f,0f,0f,1f],start_interpolation:0}
execute if entity @s[tag=aj.labyria.bone.skirt_forward] run data modify entity @s {} merge value {transformation:[-0.9909768145448022f,-0.1188513608289697f,0.061962142181648465f,-0.06240612622475003f,-0.13228684733088708f,0.9416642173496728f,-0.3094651705547533f,0.8938472277826303f,-0.021567175473189523f,-0.31486958537199183f,-0.9488898783050532f,0.09229129623270924f,0f,0f,0f,1f],start_interpolation:0}
execute if entity @s[tag=aj.labyria.bone.skirt_back_right] run data modify entity @s {} merge value {transformation:[-0.9994103945238433f,0.034192710662753784f,0.0031179889719663394f,-0.06240612622475003f,0.034295570660081126f,0.9898225242025823f,0.13811294079240935f,0.8938472277826303f,0.0016362001086293633f,0.1381384418572955f,-0.9904115779464834f,0.09229129623270924f,0f,0f,0f,1f],start_interpolation:0}
execute if entity @s[tag=aj.labyria.bone.skirt_back_left] run data modify entity @s {} merge value {transformation:[-0.9544399012089451f,-0.2983869184884451f,0.0031179889719663394f,-0.06240612622475003f,-0.29511771300025047f,0.9454260156454201f,0.13811294079240935f,0.8938472277826303f,-0.0441589226970166f,0.1309003277910174f,-0.9904115779464834f,0.09229129623270924f,0f,0f,0f,1f],start_interpolation:0}
execute if entity @s[tag=aj.labyria.bone.skirt_back] run data modify entity @s {} merge value {transformation:[-0.9909768145448022f,-0.13399713123573753f,0.0031179889719663394f,-0.06240612622475003f,-0.13228684733088708f,0.9815421568169789f,0.13811294079240935f,0.8938472277826303f,-0.021567175473189523f,0.13645425318276283f,-0.9904115779464834f,0.09229129623270924f,0f,0f,0f,1f],start_interpolation:0}
execute if entity @s[tag=aj.labyria.bone.skirt_right] run data modify entity @s {} merge value {transformation:[-0.9979873153427943f,0.058932298346121764f,0.0234158627115407f,-0.2603321456067836f,0.058653152196393055f,0.9982009713734628f,-0.012434970305633298f,0.9115665476563477f,-0.024106558284184322f,-0.011036528472256502f,-0.99964847265775f,0.09442709931253232f,0f,0f,0f,1f],start_interpolation:0}
execute if entity @s[tag=aj.labyria.bone.skirt_left] run data modify entity @s {} merge value {transformation:[-0.9477821044381554f,-0.3165369645831607f,0.03890286055369776f,0.12419950628176785f,-0.3183965673780145f,0.9461410635010178f,-0.058657598306273935f,0.9603827677616915f,-0.018240295739901095f,-0.06798115922549124f,-0.9975198512318837f,0.0935138904160571f,0f,0f,0f,1f],start_interpolation:0}
execute if entity @s[tag=aj.labyria.bone.coat_downer] run data modify entity @s {} merge value {transformation:[-0.9909768145448022f,-0.13401770811625416f,0.0020510840800100384f,-0.04425764502817911f,-0.13228684733088708f,0.9804114755457695f,0.14592302299987314f,0.7575490303930005f,-0.021567175473189523f,0.14433500105460711f,-0.9892938210727262f,0.09441186805305857f,0f,0f,0f,1f],start_interpolation:0}
execute if entity @s[tag=aj.labyria.bone.body_2] run data modify entity @s {} merge value {transformation:[-0.9909768145448022f,-0.1319721577004447f,0.0234158627115407f,-0.07457000000000001f,-0.13228684733088708f,0.9911334731189096f,-0.012434970305633298f,0.9852000000000001f,-0.021567175473189523f,-0.01542037791807829f,-0.99964847265775f,0.09086999999999996f,0f,0f,0f,1f],start_interpolation:0}
execute if entity @s[tag=aj.labyria.bone.sphere] run data modify entity @s {} merge value {transformation:[-0.9366428470565036f,0f,-0.3502858504962587f,0.527143590410218f,0f,1f,0f,1.95395f,0.3502858504962587f,0f,-0.9366428470565036f,-0.6252342150631058f,0f,0f,0f,1f],start_interpolation:0}