execute if entity @s[tag=aj.labyria.bone.wing_right_1] run data modify entity @s {} merge value {transformation:[0.6949581178604539f,0.34465800762136006f,-0.255320419564856f,-0.4658628787384904f,-0.4287971960197386f,0.5701769365969256f,-0.3974615328594702f,0.8989843828942558f,0.01051777304896501f,0.4722854679109494f,0.6661683403575036f,0.37734857006488837f,0f,0f,0f,1f],start_interpolation:0}
execute if entity @s[tag=aj.labyria.bone.wing_right_2] run data modify entity @s {} merge value {transformation:[0.7581575416089751f,0.05140263287967925f,-0.25010979875741f,-0.4658628787384904f,-0.17432785552510338f,0.6767690296097094f,-0.38935007300519536f,0.8989843828942558f,0.18656618367071234f,0.4234872487976104f,0.6525730681053097f,0.37734857006488837f,0f,0f,0f,1f],start_interpolation:0}
execute if entity @s[tag=aj.labyria.bone.wing_left_1] run data modify entity @s {} merge value {transformation:[-0.46660015513310643f,0.30439233753291073f,-0.597138212246927f,-0.4310349120243954f,-0.13556589341850694f,0.6696893761808728f,0.44730579296110146f,0.8129106648646058f,0.6563921299161406f,0.3546912583165369f,-0.332096262403582f,0.4790621938175292f,0f,0f,0f,1f],start_interpolation:0}
execute if entity @s[tag=aj.labyria.bone.wing_left_2] run data modify entity @s {} merge value {transformation:[-0.5363933757127793f,0.10056656482432934f,-0.5849517181194387f,-0.4310349120243954f,-0.3737393469367811f,0.555265456054262f,0.43817710330883414f,0.8129106648646058f,0.46108681074469887f,0.5670684609042248f,-0.32531878766065175f,0.4790621938175292f,0f,0f,0f,1f],start_interpolation:0}
execute if entity @s[tag=aj.labyria.bone.musket] run data modify entity @s {} merge value {transformation:[0.000002675059896314468f,-0.000016017175278286818f,7.482076705486158e-7f,0.38385033581409833f,0.00001557976053111027f,0.0000024169439188075692f,-0.000003961705182001543f,0.801788962167232f,0.0000037921999428944692f,0.0000013689931557450713f,0.000015748356783967488f,0.293970430900557f,0f,0f,0f,1f],start_interpolation:0}
execute if entity @s[tag=aj.labyria.bone.omega_blade] run data modify entity @s {} merge value {transformation:[0.29521752578405314f,-1.7676429833290994f,0.08257161552768692f,0.38385033581409833f,1.7193702326587952f,0.26673204762713293f,-0.43721069697456544f,0.801788962167232f,0.4185042308630709f,0.15108101796568246f,1.737976383756026f,0.293970430900557f,0f,0f,0f,1f],start_interpolation:0}
execute if entity @s[tag=aj.labyria.bone.arm_right_2] run data modify entity @s {} merge value {transformation:[0.3962481410579018f,0.1649821114674815f,0.9031989335710537f,0.2588374376097314f,0.14489405173742254f,0.9601596787701187f,-0.2389541902440206f,0.746234221468579f,-0.9066383647735579f,0.22555330669221824f,0.35655656123669344f,0.573411308155389f,0f,0f,0f,1f],start_interpolation:0}
execute if entity @s[tag=aj.labyria.bone.arm_right_1] run data modify entity @s {} merge value {transformation:[0.9144411428027106f,0.1649821114674815f,0.3695650135570254f,-0.03320772921446574f,-0.06322004520001137f,0.9601596787701187f,-0.27220693809851904f,0.7783383471319608f,-0.3997507001051798f,0.22555330669221824f,0.8884396904717987f,0.6503649185321393f,0f,0f,0f,1f],start_interpolation:0}
execute if entity @s[tag=aj.labyria.bone.arm_left_2] run data modify entity @s {} merge value {transformation:[-0.8186408605349412f,0.2666785684506405f,0.5086351173402481f,0.0937395399597499f,0.523366075815318f,0.711075139290907f,0.4695317848326054f,0.9996722861110104f,-0.23646372268973082f,0.6505802697681003f,-0.7216856798081699f,0.022824890143138044f,0f,0f,0f,1f],start_interpolation:0}
execute if entity @s[tag=aj.labyria.bone.arm_left_1] run data modify entity @s {} merge value {transformation:[-0.9586590070325413f,0.2666785684506405f,-0.0992746159121201f,-0.24042502341661817f,0.12617630122507695f,0.711075139290907f,0.6917020220380853f,1.0436541903105416f,0.2550538163692919f,0.6505802697681003f,-0.7153271023412476f,0.11173027418406398f,0f,0f,0f,1f],start_interpolation:0}
execute if entity @s[tag=aj.labyria.bone.himo_right_2] run data modify entity @s {} merge value {transformation:[0.1252747023120787f,-0.15100727134300868f,-0.9805626206225481f,0.04772581828429848f,-0.9347367703618703f,0.3132964015160213f,-0.16766793053703583f,0.670215561420741f,0.33252581718429086f,0.937572487223602f,-0.10190393568095749f,0.2470446740228743f,0f,0f,0f,1f],start_interpolation:0}
execute if entity @s[tag=aj.labyria.bone.himo_right_1] run data modify entity @s {} merge value {transformation:[0.1731314542022811f,0.15784645547177442f,-0.9721676789838267f,0.07124598069160729f,-0.8085251239092063f,0.586437090350501f,-0.04877153953732906f,0.7798676937393516f,0.5624167703522064f,0.7944658806747058f,0.22915353121948215f,0.3974392362195034f,0f,0f,0f,1f],start_interpolation:0}
execute if entity @s[tag=aj.labyria.bone.himo_left_2] run data modify entity @s {} merge value {transformation:[0.1252747023120787f,-0.15100727134300868f,-0.9805626206225481f,-0.031301092004651115f,-0.9347367703618703f,0.3132964015160213f,-0.16766793053703583f,0.8655223976998927f,0.33252581718429086f,0.937572487223602f,-0.10190393568095749f,0.01624987955642404f,0f,0f,0f,1f],start_interpolation:0}
execute if entity @s[tag=aj.labyria.bone.himo_left_1] run data modify entity @s {} merge value {transformation:[0.1731314542022811f,0.15784645547177442f,-0.9721676789838267f,-0.0077809295973423065f,-0.8085251239092063f,0.586437090350501f,-0.04877153953732906f,0.9751745300185033f,0.5624167703522064f,0.7944658806747058f,0.22915353121948215f,0.16664444175305312f,0f,0f,0f,1f],start_interpolation:0}
execute if entity @s[tag=aj.labyria.bone.ribbon_left_himo_1] run data modify entity @s {} merge value {transformation:[-0.9573369325094654f,0.26128568612832914f,-0.12343333373856144f,0.2519694080146162f,0.11557461910634685f,0.737691540596631f,0.6651719314211868f,1.1250274155858595f,0.2648556306212681f,0.622527895886295f,-0.7364173502651828f,0.5736403340809249f,0f,0f,0f,1f],start_interpolation:0}
execute if entity @s[tag=aj.labyria.bone.ribbon_left_himo_2] run data modify entity @s {} merge value {transformation:[-0.9573369325094654f,0.26128568612832914f,-0.12343333373856144f,0.23557591837746353f,0.11557461910634685f,0.737691540596631f,0.6651719314211868f,1.213370562727736f,0.2648556306212681f,0.622527895886295f,-0.7364173502651828f,0.4758349047488302f,0f,0f,0f,1f],start_interpolation:0}
execute if entity @s[tag=aj.labyria.bone.ribbon_left] run data modify entity @s {} merge value {transformation:[-0.9573369325094654f,0.26128568612832914f,-0.12343333373856144f,0.271199926993716f,0.11557461910634685f,0.737691540596631f,0.6651719314211868f,1.2481320624077255f,0.2648556306212681f,0.622527895886295f,-0.7364173502651828f,0.5914370611971331f,0f,0f,0f,1f],start_interpolation:0}
execute if entity @s[tag=aj.labyria.bone.ribbon_right_himo_1] run data modify entity @s {} merge value {transformation:[-0.9573369325094654f,0.26128568612832914f,-0.12343333373856144f,-0.32344992198185435f,0.11557461910634685f,0.737691540596631f,0.6651719314211868f,1.1944949850824682f,0.2648556306212681f,0.622527895886295f,-0.7364173502651828f,0.7328351215612208f,0f,0f,0f,1f],start_interpolation:0}
execute if entity @s[tag=aj.labyria.bone.ribbon_right_himo_2] run data modify entity @s {} merge value {transformation:[-0.9573369325094654f,0.26128568612832914f,-0.12343333373856144f,-0.33984341161900705f,0.11557461910634685f,0.737691540596631f,0.6651719314211868f,1.2828381322243447f,0.2648556306212681f,0.622527895886295f,-0.7364173502651828f,0.6350296922291261f,0f,0f,0f,1f],start_interpolation:0}
execute if entity @s[tag=aj.labyria.bone.ribbon_right] run data modify entity @s {} merge value {transformation:[-0.9573369325094654f,0.26128568612832914f,-0.12343333373856144f,-0.3032022325119632f,0.11557461910634685f,0.737691540596631f,0.6651719314211868f,1.3174768338715337f,0.2648556306212681f,0.622527895886295f,-0.7364173502651828f,0.7503504395698939f,0f,0f,0f,1f],start_interpolation:0}
execute if entity @s[tag=aj.labyria.bone.crown] run data modify entity @s {} merge value {transformation:[-0.8734261436995812f,0.47105305818374965f,-0.12343333373856144f,0.2207510071242517f,0.2794369674339022f,0.6924314282878503f,0.6651719314211868f,1.4585620481737638f,0.39880039209286444f,0.5464867184982496f,-0.7364173502651828f,0.8128143459192009f,0f,0f,0f,1f],start_interpolation:0}
execute if entity @s[tag=aj.labyria.bone.ear_edge_a1] run data modify entity @s {} merge value {transformation:[-0.9034462504275704f,0.4254218432797317f,0.052925682318120296f,0.24033529876265036f,0.20175368312759528f,0.3129938082680184f,0.9280788368076998f,1.414567477605853f,0.3782595985997091f,0.8491472965548195f,-0.3686035062514036f,0.811870118140798f,0f,0f,0f,1f],start_interpolation:0}
execute if entity @s[tag=aj.labyria.bone.ear_edge_a2] run data modify entity @s {} merge value {transformation:[-0.9588739663716f,0.2788540635636435f,0.052925682318120296f,0.13269750860280208f,0.15030674153993975f,0.34070156459475354f,0.9280788368076998f,1.4353139415005467f,0.2407666921782181f,0.897865722208355f,-0.3686035062514036f,0.8486509690060328f,0f,0f,0f,1f],start_interpolation:0}
execute if entity @s[tag=aj.labyria.bone.ear_edge_b1] run data modify entity @s {} merge value {transformation:[-0.8734849266548508f,0.4359049052864831f,0.2168201938333966f,0.11317618884266269f,0.15390335199965358f,-0.17528318054119515f,0.9724142969242245f,1.493747871666397f,0.46188509518065235f,0.8827585854391593f,0.08601999002217375f,0.8273292146434306f,0f,0f,0f,1f],start_interpolation:0}
execute if entity @s[tag=aj.labyria.bone.ear_edge_b2] run data modify entity @s {} merge value {transformation:[-0.9654355550456153f,0.14464851399102813f,0.2168201938333966f,0.1430320420834014f,0.2005362674142587f,-0.11914545979148101f,0.9724142969242245f,1.4868383174380104f,0.1664914247200774f,0.9822836488567162f,0.08601999002217375f,0.8301843350668889f,0f,0f,0f,1f],start_interpolation:0}
execute if entity @s[tag=aj.labyria.bone.ear_right_2] run data modify entity @s {} merge value {transformation:[-0.9309214284094987f,0.2938950453377303f,0.2168201938333966f,0.2270439504130944f,0.1794288769270793f,-0.14904936518500683f,0.9724142969242245f,1.4922329036736268f,0.3181046561317599f,0.9441451101731557f,0.08601999002217375f,0.9207301368988887f,0f,0f,0f,1f],start_interpolation:0}
execute if entity @s[tag=aj.labyria.bone.ear_right_1] run data modify entity @s {} merge value {transformation:[-0.9309214284094987f,0.36136431240395006f,0.052925682318120296f,0.14573698012220576f,0.1794288769270793f,0.32630499658196205f,0.9280788368076998f,1.4188142794426855f,0.3181046561317599f,0.8734648721765899f,-0.3686035062514036f,0.7242005406591563f,0f,0f,0f,1f],start_interpolation:0}
execute if entity @s[tag=aj.labyria.bone.ear_edge_a3] run data modify entity @s {} merge value {transformation:[-0.9890255383338078f,0.145503302972516f,-0.025637342834412213f,-0.1288779744460159f,0.02671520669395211f,0.34678700852825295f,0.9375633676969919f,1.4591407954953488f,0.14530926417410678f,0.9265892075456705f,-0.3468683586103898f,0.9140161975290566f,0f,0f,0f,1f],start_interpolation:0}
execute if entity @s[tag=aj.labyria.bone.ear_edge_a4] run data modify entity @s {} merge value {transformation:[-0.9540872614010393f,0.29842959686441156f,-0.025637342834412213f,-0.015974032551028222f,0.08063573833022492f,0.3383383059256144f,0.9375633676969919f,1.4532623316203832f,0.2884707529996825f,0.892449979807681f,-0.3468683586103898f,0.8897822504290904f,0f,0f,0f,1f],start_interpolation:0}
execute if entity @s[tag=aj.labyria.bone.ear_edge_b3] run data modify entity @s {} merge value {transformation:[-0.9958869308760676f,0.04576603805520746f,0.0781964875872011f,0.0024051820279981373f,0.07177679577854135f,-0.12818361773560943f,0.9891496609370984f,1.5071207151093766f,0.05529296969788769f,0.990693913327896f,0.12437145008822575f,0.8579749819466372f,0f,0f,0f,1f],start_interpolation:0}
execute if entity @s[tag=aj.labyria.bone.ear_edge_b4] run data modify entity @s {} merge value {transformation:[-0.9330022715785957f,0.35127207483403045f,0.0781964875872011f,-0.022545518705303958f,0.028652873063202983f,-0.14409011462708765f,0.9891496609370984f,1.506827688860828f,0.3587279945786277f,0.9251194346183353f,0.12437145008822575f,0.8759928146002849f,0f,0f,0f,1f],start_interpolation:0}
execute if entity @s[tag=aj.labyria.bone.ear_left_2] run data modify entity @s {} merge value {transformation:[-0.9764665244971906f,0.20099362145451677f,0.0781964875872011f,-0.045415798401948815f,0.050840768648352075f,-0.13783382934268357f,0.9891496609370984f,1.525125640412161f,0.2095908938375462f,0.9698471011573581f,0.12437145008822575f,0.9961085080248842f,0f,0f,0f,1f],start_interpolation:0}
execute if entity @s[tag=aj.labyria.bone.ear_left_1] run data modify entity @s {} merge value {transformation:[-0.9764665244971906f,0.2141397982364971f,-0.025637342834412213f,-0.09359725300516059f,0.050840768648352075f,0.3440786941906167f,0.9375633676969919f,1.4477079342192722f,0.2095908938375462f,0.9141958209351608f,-0.3468683586103898f,0.7904144483144733f,0f,0f,0f,1f],start_interpolation:0}
execute if entity @s[tag=aj.labyria.bone.head] run data modify entity @s {} merge value {transformation:[-0.9573369325094654f,0.26128568612832914f,-0.12343333373856144f,-0.10398175890291608f,0.11557461910634685f,0.737691540596631f,0.6651719314211868f,1.0344075694182933f,0.2648556306212681f,0.622527895886295f,-0.7364173502651828f,0.46127499004087547f,0f,0f,0f,1f],start_interpolation:0}
execute if entity @s[tag=aj.labyria.bone.back_musket] run data modify entity @s {} merge value {transformation:[-1.5889462641371404f,-0.2894536722594459f,-0.1847240696962571f,-0.3527409671569386f,-0.29422475676793497f,1.5985663043114258f,0.02596543567821406f,0.9469210024175817f,0.17702599474222935f,0.058813118950037865f,-1.614886824161339f,0.6063454947994863f,0f,0f,0f,1f],start_interpolation:0}
execute if entity @s[tag=aj.labyria.bone.body_1] run data modify entity @s {} merge value {transformation:[0.2528861129246388f,0.26784938855748797f,-0.9296802240228877f,-0.20442527961197407f,-0.6249818760932851f,0.7787443095023506f,0.054359497538375615f,0.7423784533549118f,0.7385433422926408f,0.5672865285436337f,0.36433463476332945f,0.24854254183701283f,0f,0f,0f,1f],start_interpolation:0}
execute if entity @s[tag=aj.labyria.bone.belt2] run data modify entity @s {} merge value {transformation:[-0.8496654494904219f,0.05699173440017195f,-0.5242333127075196f,0.17002403384066f,-0.45138220992788936f,0.43535949080662195f,0.7789199023809918f,0.2222156301678304f,0.2726219442797197f,0.8984509201813193f,-0.34418486242495683f,-0.2787831699842185f,0f,0f,0f,1f],start_interpolation:0}
execute if entity @s[tag=aj.labyria.bone.leg_left_2] run data modify entity @s {} merge value {transformation:[-0.5937339076300854f,0.05091122023614003f,-0.8030492479196882f,0.009523137216707084f,-0.757599613611313f,0.3009314518709556f,0.5792090181711851f,0.2965486785491548f,0.2711510139872224f,0.952285833628174f,-0.14010288606875737f,-0.16899245312939107f,0f,0f,0f,1f],start_interpolation:0}
execute if entity @s[tag=aj.labyria.bone.leg_left_1] run data modify entity @s {} merge value {transformation:[-0.5937339076300854f,-0.4646685391154679f,-0.6569346966682507f,-0.16133201173477776f,-0.757599613611313f,0.597921534299093f,0.26178744102307144f,0.5014614256594948f,0.2711510139872224f,0.6531255526908404f,-0.7070389947067883f,0.02941846932312875f,0f,0f,0f,1f],start_interpolation:0}
execute if entity @s[tag=aj.labyria.bone.belt] run data modify entity @s {} merge value {transformation:[-0.7858632968239989f,-0.44847921785785994f,-0.42577607947666296f,-0.24231080234268945f,0.4800095799343612f,-0.00829672844586371f,-0.8772240121362008f,0.5858607581584115f,0.389884190338815f,-0.8937547512862228f,0.22179441534256222f,0.4987220039394731f,0f,0f,0f,1f],start_interpolation:0}
execute if entity @s[tag=aj.labyria.bone.leg_right_2] run data modify entity @s {} merge value {transformation:[-0.9355857461225767f,0.1692646158875132f,-0.3098851423684494f,-0.17100010969198393f,0.11430187881683349f,0.9755407258211584f,0.1877641413136963f,0.435558202558648f,0.3340874019642217f,0.14024900025590378f,-0.9320492614535009f,0.5440608344284323f,0f,0f,0f,1f],start_interpolation:0}
execute if entity @s[tag=aj.labyria.bone.leg_right_1] run data modify entity @s {} merge value {transformation:[-0.9355857461225767f,-0.3293754911609704f,-0.1272442433854317f,-0.2781962351222805f,0.11430187881683349f,0.05845030937259453f,-0.9917250837975158f,0.4369828084672756f,0.3340874019642217f,-0.9423881085607551f,-0.017037038829538043f,0.24337903220099918f,0f,0f,0f,1f],start_interpolation:0}
execute if entity @s[tag=aj.labyria.bone.skirt_forward_right] run data modify entity @s {} merge value {transformation:[-0.4634272506269992f,-0.25771777801275f,-0.847830602344874f,-0.20539085300821017f,-0.04621111586457888f,0.9625004562471735f,-0.26731517819707346f,0.6487854130883745f,0.8849292153312892f,-0.08470193988424149f,-0.457958366265969f,0.21221224481534257f,0f,0f,0f,1f],start_interpolation:0}
execute if entity @s[tag=aj.labyria.bone.skirt_forward_left] run data modify entity @s {} merge value {transformation:[-0.2273650117365639f,-0.4790494976153933f,-0.847830602344874f,-0.20539085300821017f,-0.5969600414891318f,0.7564266682043679f,-0.26731517819707346f,0.6487854130883745f,0.7693788795537128f,0.44534287292341224f,-0.457958366265969f,0.21221224481534257f,0f,0f,0f,1f],start_interpolation:0}
execute if entity @s[tag=aj.labyria.bone.skirt_forward] run data modify entity @s {} merge value {transformation:[-0.36269190776871246f,-0.38683051814279124f,-0.847830602344874f,-0.20539085300821017f,-0.3376890373442788f,0.902501362637731f,-0.26731517819707346f,0.6487854130883745f,0.8685739427916235f,0.18935004798103056f,-0.457958366265969f,0.21221224481534257f,0f,0f,0f,1f],start_interpolation:0}
execute if entity @s[tag=aj.labyria.bone.skirt_back_right] run data modify entity @s {} merge value {transformation:[-0.2672964608088174f,0.35442056465630567f,-0.8960684490527417f,-0.20539085300821017f,-0.059150671613209305f,0.9221151693772066f,0.38236737890692457f,0.6487854130883745f,0.9617971720101837f,0.15520849768344142f,-0.2255139067996972f,0.21221224481534257f,0f,0f,0f,1f],start_interpolation:0}
execute if entity @s[tag=aj.labyria.bone.skirt_back_left] run data modify entity @s {} merge value {transformation:[-0.42349580155474564f,0.13308884505366234f,-0.8960684490527417f,-0.20539085300821017f,-0.5840204857405014f,0.716041381334401f,0.38236737890692457f,0.6487854130883745f,0.6925109228748183f,0.6852533104910952f,-0.2255139067996972f,0.21221224481534257f,0f,0f,0f,1f],start_interpolation:0}
execute if entity @s[tag=aj.labyria.bone.skirt_back] run data modify entity @s {} merge value {transformation:[-0.36269190776871246f,0.255960767797149f,-0.8960684490527417f,-0.20539085300821017f,-0.3376890373442788f,0.8600937748904723f,0.38236737890692457f,0.6487854130883745f,0.8685739427916235f,0.44127404607947585f,-0.2255139067996972f,0.21221224481534257f,0f,0f,0f,1f],start_interpolation:0}
execute if entity @s[tag=aj.labyria.bone.skirt_right] run data modify entity @s {} merge value {transformation:[-0.3335019229642187f,0.14304941409760608f,-0.9318333179842306f,-0.2569145602963658f,0.023982280154043856f,0.9893884337418288f,0.14330170067554535f,0.6513156172224444f,0.9424443313096968f,0.025443905050567095f,-0.333393596336217f,0.41474789761337316f,0f,0f,0f,1f],start_interpolation:0}
execute if entity @s[tag=aj.labyria.bone.skirt_left] run data modify entity @s {} merge value {transformation:[-0.34215138024601527f,-0.24403862118181974f,-0.9074015562954602f,-0.1403006587298921f,-0.6530581118790887f,0.7560916190225448f,0.042901819923944956f,0.7800243596149012f,0.6756090108225812f,0.6072648639725036f,-0.41806919221558336f,0.06734909206966236f,0f,0f,0f,1f],start_interpolation:0}
execute if entity @s[tag=aj.labyria.bone.coat_downer] run data modify entity @s {} merge value {transformation:[-0.36269190776871246f,0.4570173634193162f,-0.8121512849046961f,-0.20692978094134998f,-0.3376890373442788f,0.7478103125673606f,0.571616873854683f,0.5283250954963671f,0.8685739427916235f,0.4815754000685283f,-0.11689499541148393f,0.1647363957687025f,0f,0f,0f,1f],start_interpolation:0}
execute if entity @s[tag=aj.labyria.bone.body_2] run data modify entity @s {} merge value {transformation:[-0.36269190776871246f,0.011884760560979285f,-0.9318333179842306f,-0.20420000000000005f,-0.3376890373442788f,0.930285298519218f,0.14330170067554535f,0.742f,0.8685739427916235f,0.36664426331993455f,-0.333393596336217f,0.24894999999999998f,0f,0f,0f,1f],start_interpolation:0}
execute if entity @s[tag=aj.labyria.bone.sphere] run data modify entity @s {} merge value {transformation:[-0.5567596379947202f,0f,-0.830673645603367f,-0.5091097067360694f,0f,1f,0f,1.71075f,0.830673645603367f,0f,-0.5567596379947202f,-0.8426610116420246f,0f,0f,0f,1f],start_interpolation:0}