execute if entity @s[tag=aj.louvert.bone.head] run data modify entity @s {} merge value {transformation:[-0.9960041391916734f,-0.053803271680429615f,-0.07128087169455322f,-0.004637428528136346f,-0.056574918791472945f,0.9976956844011575f,0.03745130025838625f,1.476428550766299f,0.06910161558742128f,0.04133435960296765f,-0.9967529470432585f,0.0018439142994023452f,0f,0f,0f,1f],start_interpolation:0}
execute if entity @s[tag=aj.louvert.bone.coat_0] run data modify entity @s {} merge value {transformation:[-0.6464035136260399f,-0.23204174718253306f,-0.7268556425703714f,0.002293418959706764f,0.08940242452001756f,0.9230374630106029f,-0.3741778298735676f,0.6745792048084813f,0.7577398656939285f,-0.30685252067308727f,-0.57590956451054f,0.3284401488259983f,0f,0f,0f,1f],start_interpolation:0}
execute if entity @s[tag=aj.louvert.bone.coat_1] run data modify entity @s {} merge value {transformation:[-0.5248251077258255f,-0.4429892562627092f,-0.7268556425703714f,0.31309151002666047f,-0.23826141043856708f,0.8962267859905393f,-0.3741778298735676f,0.6736703492111309f,0.8171842549856185f,-0.023196269287963006f,-0.57590956451054f,-0.06322772140417612f,0f,0f,0f,1f],start_interpolation:0}
execute if entity @s[tag=aj.louvert.bone.coat_2] run data modify entity @s {} merge value {transformation:[-0.6215961821339074f,-0.025847384123863587f,-0.7829112970768167f,0.0668355091718872f,0.0018177111947008404f,0.9994051834560118f,-0.034437990755382564f,0.6273525482756102f,0.7833357404603488f,-0.02282963020306289f,-0.6211794633616186f,0.06061751814709358f,0f,0f,0f,1f],start_interpolation:0}
execute if entity @s[tag=aj.louvert.bone.right_leg_1] run data modify entity @s {} merge value {transformation:[-0.6337259341619362f,0.27553379865938876f,-0.7228226381118044f,0.3085724098256074f,0.004331374507306696f,0.9356626672433817f,0.3528691150014095f,0.5123956081954759f,0.7735455252055039f,0.2204914939931423f,-0.5941471379306755f,0.4173365977387097f,0f,0f,0f,1f],start_interpolation:0}
execute if entity @s[tag=aj.louvert.bone.right_leg_0] run data modify entity @s {} merge value {transformation:[-0.6337259341619362f,-0.6028131735366272f,-0.4847759463724261f,0.0799929417264452f,0.004331374507306696f,0.623908656358188f,-0.7814852703130095f,0.6743519909091438f,0.7735455252055039f,-0.49734722913877827f,-0.392776086469786f,0.23052318126845467f,0f,0f,0f,1f],start_interpolation:0}
execute if entity @s[tag=aj.louvert.bone.left_leg_1] run data modify entity @s {} merge value {transformation:[-0.5548986186698307f,-0.14545115476063614f,-0.8191040743257914f,0.42134205504035194f,-0.15054939115358495f,0.9858976432991151f,-0.07308021456273323f,0.323489553178912f,0.8181823780928057f,0.08276350956821316f,-0.5689708232083202f,0.09632553233193204f,0f,0f,0f,1f],start_interpolation:0}
execute if entity @s[tag=aj.louvert.bone.left_leg_0] run data modify entity @s {} merge value {transformation:[-0.5548986186698307f,-0.45837275703742497f,-0.6942491905679283f,0.23539198725992205f,-0.15054939115358495f,0.8760665853699418f,-0.45808538376762803f,0.6738975631104686f,0.8181823780928057f,-0.1496721537366253f,-0.5551358775779505f,0.03468924615336748f,0f,0f,0f,1f],start_interpolation:0}
execute if entity @s[tag=aj.louvert.bone.body_1] run data modify entity @s {} merge value {transformation:[-0.6215961821339074f,-0.29206003016531146f,-0.7268556425703714f,0.0664237050665238f,0.0018177111947008404f,0.9273551895347973f,-0.3741778298735676f,0.9639232737394303f,0.7833357404603488f,-0.23390872412699204f,-0.57590956451054f,0.05950973742122606f,0f,0f,0f,1f],start_interpolation:0}
execute if entity @s[tag=aj.louvert.locator_origin.locator] at @s on origin run tp @s ^-0.33242 ^1.09003 ^0.3793 ~177.61568 ~11.77161
execute if entity @s[tag=aj.louvert.bone.sword_0] run data modify entity @s {} merge value {transformation:[0.000009662054783800211f,0.0000025453538976462685f,4.072725016257731e-7f,-0.33242446050529817f,-0.000002574214277486944f,0.000009445177352753838f,0.0000020401092197743557f,1.090031506726247f,1.34603894542159e-7f,-0.0000020760053734908607f,0.000009781210736959472f,0.37930547630430433f,0f,0f,0f,1f],start_interpolation:0}
execute if entity @s[tag=aj.louvert.bone.right_arm_1] run data modify entity @s {} merge value {transformation:[-0.24171118195846839f,-0.663561358779968f,-0.7079986070963153f,-0.20991112361666414f,-0.8592124702759621f,0.48542099100215597f,-0.16161804483647055f,1.1636542799244403f,0.45092087491988964f,0.5692563435119256f,-0.6874718757395926f,0.30820388373003443f,0f,0f,0f,1f],start_interpolation:0}
execute if entity @s[tag=aj.louvert.bone.right_arm_0] run data modify entity @s {} merge value {transformation:[-0.24171118195846839f,-0.663561358779968f,-0.7079986070963153f,-0.13432708163943471f,-0.8592124702759621f,0.48542099100215597f,-0.16161804483647055f,1.4298515328169101f,0.45092087491988964f,0.5692563435119256f,-0.6874718757395926f,0.16839343110096416f,0f,0f,0f,1f],start_interpolation:0}
execute if entity @s[tag=aj.louvert.locator_origin.locator2] at @s on origin run tp @s ^0.23346 ^1.28835 ^-0.73125 ~147.66608 ~-35.25841
execute if entity @s[tag=aj.louvert.bone.sword_1] run data modify entity @s {} merge value {transformation:[0.6678615760461872f,0.09575931004002566f,0.32755315565837956f,0.5234124189109837f,0.12642169879633225f,0.599226901963602f,-0.43294881225908777f,0.923995678120242f,-0.3169833896508677f,0.44074626998281397f,0.5174594246718134f,-0.2656519812020529f,0f,0f,0f,1f],start_interpolation:0}
execute if entity @s[tag=aj.louvert.bone.left_arm_1] run data modify entity @s {} merge value {transformation:[-0.68194268331667f,0.5667738505691451f,-0.4623003125478983f,0.262983903689077f,0.7232759432765871f,0.4285923552781913f,-0.5414614509588432f,1.1921697325244145f,-0.10874781169395228f,-0.7036163694145532f,-0.7022093122023231f,-0.29727411044167285f,0f,0f,0f,1f],start_interpolation:0}
execute if entity @s[tag=aj.louvert.bone.left_arm_0] run data modify entity @s {} merge value {transformation:[-0.3400411725873162f,0.5667738505691451f,-0.7504261477696971f,0.16019229399582016f,0.8995912302266148f,0.4285923552781913f,-0.08392980100332824f,1.47171158643438f,0.27405769364279603f,-0.7036163694145532f,-0.6556038325445286f,-0.20979759936324363f,0f,0f,0f,1f],start_interpolation:0}
execute if entity @s[tag=aj.louvert.bone.wing_0] run data modify entity @s {} merge value {transformation:[-0.8443048501596976f,-0.09195827124618464f,-0.5279138152636504f,-0.36375815487496654f,-0.04064700201339203f,0.9933174135679491f,-0.10802007743934974f,1.0787286177386475f,0.5343193251456791f,-0.06974376138475005f,-0.8424005380599973f,-0.28281575913174317f,0f,0f,0f,1f],start_interpolation:0}
execute if entity @s[tag=aj.louvert.bone.wing_1] run data modify entity @s {} merge value {transformation:[-0.33004264792066057f,-0.08240680379442697f,-0.9403621479206326f,-0.16927554384679294f,0.040590546431183094f,0.9940218767174209f,-0.10135539525646564f,1.106789992362079f,0.9430929212404983f,-0.07162141645878858f,-0.32472467508721875f,-0.1282548544310151f,0f,0f,0f,1f],start_interpolation:0}
execute if entity @s[tag=aj.louvert.bone.body_0] run data modify entity @s {} merge value {transformation:[-0.6223234293741122f,-0.08682035115495854f,-0.7779304441126944f,0.0043861782903666345f,0.0016834073324482751f,0.9936790800895668f,-0.11224549849372603f,1.3311987531531102f,0.7827584016743592f,-0.07116257736817638f,-0.6182436188029123f,0.01365321947841211f,0f,0f,0f,1f],start_interpolation:0}