execute if entity @s[tag=aj.louvert.bone.head] run data modify entity @s {} merge value {transformation:[-1f,3.094317557946833e-17f,1.184910026612855e-16f,-0.0026949999999999973f,0f,0.9675524628307816f,-0.2526702033681235f,1.6227700959979228f,-1.2246467991473532e-16f,-0.2526702033681235f,-0.9675524628307816f,-0.021302426957122672f,0f,0f,0f,1f],start_interpolation:0}
execute if entity @s[tag=aj.louvert.bone.coat_0] run data modify entity @s {} merge value {transformation:[-0.984807753012208f,0.17364817766693033f,1.2215370656449833e-16f,-0.252695f,0.1732072345671792f,0.9823070404271036f,0.07121890353645413f,0.8279876495165428f,0.012367032814542038f,0.07013692836372862f,-0.9974607098924073f,0.039716416975665275f,0f,0f,0f,1f],start_interpolation:0}
execute if entity @s[tag=aj.louvert.bone.coat_1] run data modify entity @s {} merge value {transformation:[-0.9659258262890683f,-0.25881904510252074f,1.2215370656449833e-16f,0.247305f,-0.2581618284616353f,0.9634730603937042f,0.07121890353645413f,0.8279876495165428f,-0.018432808606553712f,0.06879217824585088f,-0.9974607098924073f,0.039716416975665345f,0f,0f,0f,1f],start_interpolation:0}
execute if entity @s[tag=aj.louvert.bone.coat_2] run data modify entity @s {} merge value {transformation:[-1f,-4.997483953879467e-17f,1.1180390529713306e-16f,-0.0026949999999999895f,0f,0.912948169014734f,0.40807553307279376f,0.8368900124585996f,-1.2246467991473532e-16f,0.40807553307279376f,-0.912948169014734f,-0.0849661717608856f,0f,0f,0f,1f],start_interpolation:0}
execute if entity @s[tag=aj.louvert.bone.right_leg_1] run data modify entity @s {} merge value {transformation:[-0.9824142483716966f,0.07470802917490804f,0.17111678752558324f,-0.16677280346816847f,0.10700720329827074f,0.9763023561705674f,0.18810414077866822f,0.5043250030972418f,-0.15300883320435152f,0.20310691694917618f,-0.967127642686757f,0.062294403124591044f,0f,0f,0f,1f],start_interpolation:0}
execute if entity @s[tag=aj.louvert.bone.right_leg_0] run data modify entity @s {} merge value {transformation:[-0.9824142483716966f,0.11438095866223844f,0.14757791464776093f,-0.127695f,0.10700720329827074f,0.9926230825520277f,-0.0569988984735042f,0.8279876495165428f,-0.15300883320435152f,-0.04020463008681449f,-0.987406646058768f,0.039716416975665296f,0f,0f,0f,1f],start_interpolation:0}
execute if entity @s[tag=aj.louvert.bone.left_leg_1] run data modify entity @s {} merge value {transformation:[-0.9837353165557423f,-0.013982613323984858f,-0.17907907048453575f,0.18088120526187573f,-0.12572354616076445f,0.7656470647203213f,0.6308551039865795f,0.6246687261415158f,0.1282903616868217f,0.643108901205533f,-0.7549520013143063f,0.289630014194261f,0f,0f,0f,1f],start_interpolation:0}
execute if entity @s[tag=aj.louvert.bone.left_leg_0] run data modify entity @s {} merge value {transformation:[-0.9837353165557423f,-0.1778605729024904f,-0.025108635322758872f,0.122305f,-0.12572354616076445f,0.7816176741942361f,-0.6109561369918097f,0.8279876495165428f,0.1282903616868217f,-0.5978623821532767f,-0.7912661720965164f,0.039716416975665324f,0f,0f,0f,1f],start_interpolation:0}
execute if entity @s[tag=aj.louvert.bone.body_1] run data modify entity @s {} merge value {transformation:[-1f,-8.721800225470263e-18f,1.2215370656449833e-16f,-0.0026950000000000073f,0f,0.9974607098924073f,0.07121890353645413f,1.1396941213579201f,-1.2246467991473532e-16f,0.07121890353645413f,-0.9974607098924073f,0.061972324330807224f,0f,0f,0f,1f],start_interpolation:0}
execute if entity @s[tag=aj.louvert.locator_origin.locator] at @s on origin run tp @s ^0.71994 ^14.08849 ^-0.88373 ~0 ~-63.84
execute if entity @s[tag=aj.louvert.bone.sword_0] run data modify entity @s {} merge value {transformation:[1.0000000000000002f,2.220446049250313e-16f,-3.7470027081099033e-16f,0.719943695599808f,2.7755575615628914e-16f,-0.4408793407386598f,-0.8975663802247973f,13.289299721497903f,2.7755575615628914e-17f,0.8975663802247976f,-0.4408793407386601f,-1.2472747248309626f,0f,0f,0f,1f],start_interpolation:0}
execute if entity @s[tag=aj.louvert.bone.right_arm_1] run data modify entity @s {} merge value {transformation:[-0.1383897610746382f,-0.9566945808502296f,0.2560932505973338f,-0.3088417369735663f,0.9826271163107425f,-0.16492413859931998f,-0.08511156677037196f,1.8111843487119885f,0.12366173345275233f,0.2398656029510623f,0.962897849307176f,0.08245484987653881f,0f,0f,0f,1f],start_interpolation:0}
execute if entity @s[tag=aj.louvert.bone.right_arm_0] run data modify entity @s {} merge value {transformation:[-0.04490601137849132f,-0.9566945808502296f,0.2876089864970826f,-0.29957f,0.8977687445932259f,-0.16492413859931998f,-0.40842540290581375f,1.5686680957599437f,0.4381720339930184f,0.2398656029510623f,0.866296578053582f,-0.047311832856714586f,0f,0f,0f,1f],start_interpolation:0}
execute if entity @s[tag=aj.louvert.locator_origin.locator2] at @s on origin run tp @s ^-0.73819 ^13.51224 ^-1.77143 ~0 ~-63.84
execute if entity @s[tag=aj.louvert.bone.sword_1] run data modify entity @s {} merge value {transformation:[0.39999999999999997f,6.938893903907228e-17f,1.0408340855860843e-16f,-0.7381851065256166f,-6.938893903907228e-17f,-0.17635173629546386f,-0.3590265520899188f,13.192559587035124f,-6.938893903907228e-17f,0.35902655208991885f,-0.1763517362954638f,-1.916844365787365f,0f,0f,0f,1f],start_interpolation:0}
execute if entity @s[tag=aj.louvert.bone.left_arm_1] run data modify entity @s {} merge value {transformation:[-0.14734487383814235f,0.9556909520471594f,-0.2548417005295966f,0.29697525923300555f,-0.9866847300036492f,-0.15996437527996604f,-0.029404799249720004f,1.8175947948133184f,-0.0688674940102213f,0.2471157680450299f,0.9665355996818057f,0.10301447064407308f,0f,0f,0f,1f],start_interpolation:0}
execute if entity @s[tag=aj.louvert.bone.left_arm_0] run data modify entity @s {} merge value {transformation:[-0.05376486904581807f,0.9556909520471594f,-0.28942035697524926f,0.29418f,-0.9201996345350415f,-0.15996437527996604f,-0.35727304858170683f,1.5686680957599437f,-0.3877395665366926f,0.2471157680450299f,0.8880269284911655f,-0.04731183285671452f,0f,0f,0f,1f],start_interpolation:0}
execute if entity @s[tag=aj.louvert.bone.wing_0] run data modify entity @s {} merge value {transformation:[-0.7890840848346906f,2.751523571052843e-17f,0.6142852000989433f,-0.002694999999999947f,-0.13801695383501197f,0.974432844977593f,-0.1772905837403058f,1.175469330474818f,-0.5985796751600433f,-0.22467895012411424f,-0.7689094497120079f,-0.4312854603407549f,0f,0f,0f,1f],start_interpolation:0}
execute if entity @s[tag=aj.louvert.bone.wing_1] run data modify entity @s {} merge value {transformation:[-0.7890840848346908f,2.751523571052843e-17f,-0.614285200098943f,-0.002694999999999977f,0.13801695383501197f,0.974432844977593f,-0.1772905837403058f,1.2316390680058467f,0.5985796751600431f,-0.22467895012411424f,-0.7689094497120081f,-0.18767724909635664f,0f,0f,0f,1f],start_interpolation:0}
execute if entity @s[tag=aj.louvert.bone.body_0] run data modify entity @s {} merge value {transformation:[-1f,2.751523571052843e-17f,1.1933360645858582e-16f,-0.006078750000000001f,0f,0.974432844977593f,-0.22467895012411424f,1.480120625f,-1.2246467991473532e-16f,-0.22467895012411424f,-0.974432844977593f,0.00955625f,0f,0f,0f,1f],start_interpolation:0}