execute if entity @s[tag=aj.louvert.bone.head] run data modify entity @s {} merge value {transformation:[-0.999896335756064f,0.014373945292487967f,0.0008410935293239174f,-0.0006088121504197342f,0.014316578572817047f,0.9987310554349738f,-0.04828368759438094f,1.5476616409079216f,-0.0015340533122624146f,-0.048266640720812375f,-0.9988333084523979f,0.011381981895938626f,0f,0f,0f,1f],start_interpolation:0}
execute if entity @s[tag=aj.louvert.bone.coat_0] run data modify entity @s {} merge value {transformation:[-0.9823493451002087f,0.18664297441935251f,-0.012416290955343981f,-0.26156942423120927f,0.18702851145959515f,0.9811691213227364f,-0.04824408009255871f,0.7595230556947905f,0.003178062680141666f,-0.049714740899114276f,-0.9987584014439803f,0.03197302227912922f,0f,0f,0f,1f],start_interpolation:0}
execute if entity @s[tag=aj.louvert.bone.coat_1] run data modify entity @s {} merge value {transformation:[-0.9691895904698932f,-0.24600279153642327f,-0.012416290955343981f,0.23834830757049408f,-0.24515459219335986f,0.9682828794637082f,-0.04824408009255871f,0.7526186065852978f,0.02389066033637589f,-0.04371374948179224f,-0.9987584014439803f,0.02609169481549068f,0f,0f,0f,1f],start_interpolation:0}
execute if entity @s[tag=aj.louvert.bone.coat_2] run data modify entity @s {} merge value {transformation:[-0.9998354636034068f,0.016673374910787634f,-0.0071445286789831785f,-0.013162594699775602f,0.013808898218985465f,0.9550091660439883f,0.29625463220335224f,0.7500403211284743f,0.011762654927277074f,0.2961072294643448f,-0.955082273214204f,-0.09581244163318758f,0f,0f,0f,1f],start_interpolation:0}
execute if entity @s[tag=aj.louvert.bone.right_leg_1] run data modify entity @s {} merge value {transformation:[-0.9829816591344575f,0.08161362005224645f,0.1645790838084744f,-0.189208061147987f,0.10151741715107285f,0.9880018164907494f,0.1163899678922306f,0.4616905788630385f,-0.1531054271417063f,0.13111684725063738f,-0.9794728687139878f,0.18055062780578832f,0f,0f,0f,1f],start_interpolation:0}
execute if entity @s[tag=aj.louvert.bone.right_leg_0] run data modify entity @s {} merge value {transformation:[-0.9829816591344575f,0.15642590210570323f,0.09632234920145084f,-0.13658999128078347f,0.10151741715107285f,0.8995503456236479f,-0.42485690497313405f,0.7577969434174173f,-0.1531054271417063f,-0.40784814924036683f,-0.9001214447734056f,0.030502690413219586f,0f,0f,0f,1f],start_interpolation:0}
execute if entity @s[tag=aj.louvert.bone.left_leg_1] run data modify entity @s {} merge value {transformation:[-0.9834107281600232f,0.039991553309248244f,-0.1769294079673765f,0.17146964428313716f,-0.09591806705892912f,0.7132230209408885f,0.6943433205638486f,0.530016156260492f,0.1539579947630248f,0.6997953972868544f,-0.6975552578718633f,0.25892226325069334f,0f,0f,0f,1f],start_interpolation:0}
execute if entity @s[tag=aj.louvert.bone.left_leg_0] run data modify entity @s {} merge value {transformation:[-0.9834107281600232f,-0.16407971818160463f,-0.07733812656909912f,0.11336887462006826f,-0.09591806705892912f,0.8322543267410948f,-0.5460333872872661f,0.754344718862671f,0.1539579947630248f,-0.5295569673813875f,-0.8341860428863433f,0.027562026681400315f,0f,0f,0f,1f],start_interpolation:0}
execute if entity @s[tag=aj.louvert.bone.body_1] run data modify entity @s {} merge value {transformation:[-0.9998354636034068f,0.013224274644483865f,-0.012416290955343981f,-0.007477972503956396f,0.013808898218985465f,0.998740117881524f,-0.04824408009255871f,1.0681771179780204f,0.011762654927277074f,-0.048407597483522975f,-0.9987584014439803f,0.013904984333709021f,0f,0f,0f,1f],start_interpolation:0}
execute if entity @s[tag=aj.louvert.locator_origin.locator] at @s on origin run tp @s ^-6.43659 ^19.19564 ^4.73473 ~0 ~-23.33333
execute if entity @s[tag=aj.louvert.bone.sword_0] run data modify entity @s {} merge value {transformation:[0.000010000000000000006f,2.541098841762901e-21f,1.2705494208814505e-21f,-6.436593518818763f,-8.470329472543003e-22f,-0.000009182161068802748f,-0.000003960797660391551f,19.19563433649512f,-8.470329472543003e-22f,0.000003960797660391551f,-0.000009182161068802748f,4.734725431293099f,0f,0f,0f,1f],start_interpolation:0}
execute if entity @s[tag=aj.louvert.bone.right_arm_1] run data modify entity @s {} merge value {transformation:[-0.6066066899754028f,-0.6858341756042504f,-0.4020694060113551f,-0.49061308367891576f,0.7668764843485586f,-0.3714617437139503f,-0.5233704526529812f,1.642446296155976f,0.20959194027987066f,-0.6258175904608543f,0.7512812802402901f,0.11424668194932434f,0f,0f,0f,1f],start_interpolation:0}
execute if entity @s[tag=aj.louvert.bone.right_arm_0] run data modify entity @s {} merge value {transformation:[-0.6928327671181984f,-0.7028163997429218f,-0.1613439340655167f,-0.2980672735455922f,0.534751784224457f,-0.35066024824521913f,-0.7688159204707984f,1.5049997545001352f,0.48375953331805266f,-0.6189398181996362f,0.6187812338548261f,-0.02652195513632548f,0f,0f,0f,1f],start_interpolation:0}
execute if entity @s[tag=aj.louvert.locator_origin.locator2] at @s on origin run tp @s ^7.78476 ^18.41482 ^5.53165 ~0 ~-23.33333
execute if entity @s[tag=aj.louvert.bone.sword_1] run data modify entity @s {} merge value {transformation:[0.000010000000000000006f,-2.964615315390051e-21f,-3.1763735522036263e-21f,7.784756441428283f,3.3881317890172014e-21f,-0.000009182161068802748f,-0.000003960797660391548f,18.414820545453793f,1.6940658945086007e-21f,0.000003960797660391553f,-0.000009182161068802752f,5.5316431372949735f,0f,0f,0f,1f],start_interpolation:0}
execute if entity @s[tag=aj.louvert.bone.left_arm_1] run data modify entity @s {} merge value {transformation:[-0.6710714646564805f,0.6503770290850475f,0.35591123803880276f,0.5165208491476785f,-0.7018491387811483f,-0.4026033943712827f,-0.5876378929518427f,1.5979788104934392f,-0.2388951144665091f,-0.644143017410907f,0.7266422072827898f,0.13399951811917316f,0f,0f,0f,1f],start_interpolation:0}
execute if entity @s[tag=aj.louvert.bone.left_arm_0] run data modify entity @s {} merge value {transformation:[-0.7503839003061974f,0.6503770290850475f,0.11804118857316674f,0.29562117580957076f,-0.4722952136885349f,-0.4026033943712827f,-0.7841222723323333f,1.496499285972525f,-0.462451330723742f,-0.644143017410907f,0.6092770632746743f,-0.02561111098216967f,0f,0f,0f,1f],start_interpolation:0}
execute if entity @s[tag=aj.louvert.bone.wing_0] run data modify entity @s {} merge value {transformation:[-0.7705789053315276f,0.014318269376326843f,0.6371837551445668f,-0.004771621789540194f,0.010335394756494955f,0.999896886642628f,-0.009969739094226127f,1.2033876979882747f,-0.6372608023982739f,-0.0010969249958247846f,-0.7706474333197131f,-0.4882400609949532f,0f,0f,0f,1f],start_interpolation:0}
execute if entity @s[tag=aj.louvert.bone.wing_1] run data modify entity @s {} merge value {transformation:[-0.7725102816858337f,0.014318269376326843f,-0.6348408082753824f,-0.00515116951903614f,0.011758653197080072f,0.999896886642628f,0.008243188543902344f,1.2036673920563965f,0.6348933759023357f,-0.0010969249958247846f,-0.7725989891210632f,-0.2382405055658499f,0f,0f,0f,1f],start_interpolation:0}
execute if entity @s[tag=aj.louvert.bone.body_0] run data modify entity @s {} merge value {transformation:[-0.999896335756064f,0.014318269376326843f,0.0015181909179837868f,-0.006078750000000001f,0.014316578572817047f,0.999896886642628f,-0.0011187762724870578f,1.4017872916666667f,-0.0015340533122624146f,-0.0010969249958247846f,-0.9999982217164132f,0.00955625f,0f,0f,0f,1f],start_interpolation:0}