execute if entity @s[tag=aj.louvert.bone.head] run data modify entity @s {} merge value {transformation:[-1f,2.0974075717833143e-17f,1.2065523600076863e-16f,-0.0026949999999999986f,0f,0.9852247691724139f,-0.17126632537998807f,1.5795693783022846f,-1.2246467991473532e-16f,-0.17126632537998807f,-0.9852247691724139f,-0.01131687120759548f,0f,0f,0f,1f],start_interpolation:0}
execute if entity @s[tag=aj.louvert.bone.coat_0] run data modify entity @s {} merge value {transformation:[-0.984807753012208f,0.17364817766693033f,1.2234812067540777e-16f,-0.252695f,0.1734829030790772f,0.9838704342468719f,0.04361938736533602f,0.7829355967983201f,0.007574427126938405f,0.042956710859025686f,-0.9990482215818578f,0.0327947155616907f,0f,0f,0f,1f],start_interpolation:0}
execute if entity @s[tag=aj.louvert.bone.coat_1] run data modify entity @s {} merge value {transformation:[-0.9659258262890683f,-0.25881904510252074f,1.2234812067540777e-16f,0.247305f,-0.258572706721188f,0.9650064789340802f,0.04361938736533602f,0.7829355967983201f,-0.011289528185853345f,0.04213309278308511f,-0.9990482215818578f,0.032794715561690765f,0f,0f,0f,1f],start_interpolation:0}
execute if entity @s[tag=aj.louvert.bone.coat_2] run data modify entity @s {} merge value {transformation:[-1f,-4.686520405326297e-17f,1.1314261122877003e-16f,-0.002694999999999988f,0f,0.9238795325112868f,0.3826834323650897f,0.7883880202189871f,-1.2246467991473532e-16f,0.3826834323650897f,-0.9238795325112868f,-0.09208631213604149f,0f,0f,0f,1f],start_interpolation:0}
execute if entity @s[tag=aj.louvert.bone.right_leg_1] run data modify entity @s {} merge value {transformation:[-0.982405106312658f,0.0681736074839758f,0.17387514581859023f,-0.1699795274581474f,0.10278857711913479f,0.9746739988257752f,0.1986079163245931f,0.46195314176731306f,-0.155931765540697f,0.21298580998647232f,-0.9645321815469754f,0.08760847227393134f,0f,0f,0f,1f],start_interpolation:0}
execute if entity @s[tag=aj.louvert.bone.right_leg_0] run data modify entity @s {} merge value {transformation:[-0.982405106312658f,0.12353103817869279f,0.14007244446110576f,-0.127695f,0.10278857711913479f,0.9838218723754238f,-0.14672774737430894f,0.7829355967983201f,-0.155931765540697f,-0.1297482409985187f,-0.9792092107681338f,0.032794715561690724f,0f,0f,0f,1f],start_interpolation:0}
execute if entity @s[tag=aj.louvert.bone.left_leg_1] run data modify entity @s {} merge value {transformation:[-0.9837352576099403f,-0.002683811944774968f,-0.1796043988563464f,0.18110102948344847f,-0.12214876847774954f,0.7431040092190289f,0.6579332107759683f,0.5706551575269577f,0.13169897985357984f,0.6691705527263216f,-0.7313454382639408f,0.27508917385518716f,0f,0f,0f,1f],start_interpolation:0}
execute if entity @s[tag=aj.louvert.bone.left_leg_0] run data modify entity @s {} merge value {transformation:[-0.9837352576099403f,-0.17592794068583648f,-0.036253311864508114f,0.122305f,-0.12214876847774954f,0.8031747115033987f,-0.5830866669379448f,0.7829355967983201f,0.13169897985357984f,-0.569174615111631f,-0.8116006630221868f,0.03279471556169075f,0f,0f,0f,1f],start_interpolation:0}
execute if entity @s[tag=aj.louvert.bone.body_1] run data modify entity @s {} merge value {transformation:[-1f,-5.341834311772725e-18f,1.2234812067540777e-16f,-0.002695000000000005f,0f,0.9990482215818578f,0.04361938736533602f,1.0951381660426507f,-1.2246467991473532e-16f,0.04361938736533602f,-0.9990482215818578f,0.04642577411335824f,0f,0f,0f,1f],start_interpolation:0}
execute if entity @s[tag=aj.louvert.locator_origin.locator] at @s on origin run tp @s ^-0.48354 ^2.97286 ^0.15652 ~-180 ~-90
execute if entity @s[tag=aj.louvert.bone.sword_0] run data modify entity @s {} merge value {transformation:[1.0000000000000002f,3.3306690738754696e-16f,-2.0643209364124004e-16f,-0.4835433601112565f,5.811323644522304e-17f,1.942890293094024e-16f,-1.0000000000000004f,2.095254385837522f,-6.938893903907228e-18f,1.0000000000000007f,2.7755575615628914e-17f,0.1825576894840092f,0f,0f,0f,1f],start_interpolation:0}
execute if entity @s[tag=aj.louvert.bone.right_arm_1] run data modify entity @s {} merge value {transformation:[-0.2835440060182f,-0.9583474736935904f,0.03424786586437707f,-0.3673205663000601f,0.9419464139998499f,-0.28503333128565334f,-0.17746254029802222f,1.7454558161738032f,0.179832560466604f,-0.018058785156169765f,0.9835314588129398f,0.1127471106736104f,0f,0f,0f,1f],start_interpolation:0}
execute if entity @s[tag=aj.louvert.bone.right_arm_0] run data modify entity @s {} merge value {transformation:[-0.252437796603077f,-0.9583474736935904f,0.13358622126288675f,-0.29957f,0.8157858482317871f,-0.28503333128565334f,-0.5032389590253792f,1.5274051948978788f,0.5203543107065872f,-0.018058785156169765f,0.8537594928361012f,-0.04102231843115236f,0f,0f,0f,1f],start_interpolation:0}
execute if entity @s[tag=aj.louvert.locator_origin.locator2] at @s on origin run tp @s ^0.48352 ^2.96461 ^0.191 ~-180 ~-90
execute if entity @s[tag=aj.louvert.bone.sword_1] run data modify entity @s {} merge value {transformation:[1.0000000000000004f,-4.371503159461554e-16f,3.9118014383277e-16f,0.48352051137962054f,7.363901155521546e-16f,1.6653345369377348e-16f,-1.0000000000000002f,2.0870100619355894f,1.1102230246251565e-16f,1.0000000000000004f,-3.608224830031759e-16f,0.21704145226971297f,0f,0f,0f,1f],start_interpolation:0}
execute if entity @s[tag=aj.louvert.bone.left_arm_1] run data modify entity @s {} merge value {transformation:[-0.2937364000146346f,0.9552776751354893f,-0.03410997939280032f,0.3635071884195367f,-0.9383889709770696f,-0.29497229762855925f,-0.18004855672935866f,1.7386558013319797f,-0.18205786567747917f,-0.020878386419053596f,0.9830661353772175f,0.14642696731586421f,0f,0f,0f,1f],start_interpolation:0}
execute if entity @s[tag=aj.louvert.bone.left_arm_0] run data modify entity @s {} merge value {transformation:[-0.2620026302293849f,0.9552776751354893f,-0.137110120489404f,0.29418f,-0.811537943651352f,-0.29497229762855925f,-0.5043783397865771f,1.5274051948978788f,-0.5222650550889073f,-0.020878386419053596f,0.8525275979189867f,-0.04102231843115228f,0f,0f,0f,1f],start_interpolation:0}
execute if entity @s[tag=aj.louvert.bone.wing_0] run data modify entity @s {} merge value {transformation:[-0.8141155183563191f,1.9157696688784726e-17f,0.5807029557109398f,-0.0026949999999999444f,-0.09084195622392173f,0.9876883405951378f,-0.12735572559502106f,1.1618342787025906f,-0.5735535387048298f,-0.15643446504023087f,-0.8040924053781032f,-0.45138669414758503f,0f,0f,0f,1f],start_interpolation:0}
execute if entity @s[tag=aj.louvert.bone.wing_1] run data modify entity @s {} merge value {transformation:[-0.8141155183563193f,1.9157696688784726e-17f,-0.5807029557109396f,-0.0026949999999999748f,0.09084195622392173f,0.9876883405951378f,-0.12735572559502106f,1.2009428949626484f,0.5735535387048296f,-0.15643446504023087f,-0.8040924053781034f,-0.20446460899880056f,0f,0f,0f,1f],start_interpolation:0}
execute if entity @s[tag=aj.louvert.bone.body_0] run data modify entity @s {} merge value {transformation:[-1f,1.9157696688784726e-17f,1.2095693648649962e-16f,-0.006078750000000001f,0f,0.9876883405951378f,-0.15643446504023087f,1.4351206250000001f,-1.2246467991473532e-16f,-0.15643446504023087f,-0.9876883405951378f,0.00955625f,0f,0f,0f,1f],start_interpolation:0}