execute if entity @s[tag=aj.louvert.bone.head] run data modify entity @s {} merge value {transformation:[-0.9984219190201106f,0.05583016813218458f,0.00605507609629212f,0.0033698443777958765f,0.054193165260851384f,0.9296113084538723f,0.36453520547909957f,1.4258220896652416f,0.014723194599336714f,0.36428808314438627f,-0.9311699200574397f,0.05991509139111417f,0f,0f,0f,1f],start_interpolation:0}
execute if entity @s[tag=aj.louvert.bone.coat_0] run data modify entity @s {} merge value {transformation:[-0.9888951770188332f,0.09150157318061532f,-0.1171058964115943f,-0.251914561142131f,0.11195462565045564f,0.9768860703521223f,-0.1820982354320187f,0.636269559551832f,0.09773684394514126f,-0.19318661355658437f,-0.9762819478399578f,0.03080066535509912f,0f,0f,0f,1f],start_interpolation:0}
execute if entity @s[tag=aj.louvert.bone.coat_1] run data modify entity @s {} merge value {transformation:[-0.9534378425464081f,-0.27792533066650793f,-0.1171058964115943f,0.2445267411427758f,-0.25449167940679723f,0.9497758776496975f,-0.1820982354320187f,0.636269559551832f,0.16183406783850793f,-0.14381687247558672f,-0.9762819478399578f,-0.02874791469233565f,0f,0f,0f,1f],start_interpolation:0}
execute if entity @s[tag=aj.louvert.bone.coat_2] run data modify entity @s {} merge value {transformation:[-0.9928826045698137f,0.01967310198927793f,-0.11746106844730496f,-0.01833214705112687f,0f,0.9862625469300751f,0.16518531570028092f,0.6135072801228296f,0.11909716009486955f,0.1640096264891818f,-0.9792429263855912f,-0.12100886814861299f,0f,0f,0f,1f],start_interpolation:0}
execute if entity @s[tag=aj.louvert.bone.right_leg_1] run data modify entity @s {} merge value {transformation:[-0.9980070434320703f,0.04016964279536471f,0.048665604462195824f,-0.1469897066712129f,0.05550527285350252f,0.9256912839489438f,0.37418553086191686f,0.43205410993768123f,-0.03001842676484437f,0.3761409930048162f,-0.9260760484085067f,0.2761603713569453f,0f,0f,0f,1f],start_interpolation:0}
execute if entity @s[tag=aj.louvert.bone.right_leg_0] run data modify entity @s {} merge value {transformation:[-0.9980070434320703f,0.06083197514936793f,-0.01677534081337162f,-0.1278042355709043f,0.05550527285350252f,0.7197988728230242f,-0.6919600764264962f,0.636269559551832f,-0.03001842676484437f,-0.6915121499164932f,-0.7217408403107263f,0.015913520343240437f,0f,0f,0f,1f],start_interpolation:0}
execute if entity @s[tag=aj.louvert.bone.left_leg_1] run data modify entity @s {} merge value {transformation:[-0.9619813624881086f,-0.10217413244975385f,-0.25328305289470593f,0.2130052741460136f,-0.10188999445045659f,0.9946932442954488f,-0.014275110643370281f,0.35531316192237744f,0.2533974886545014f,0.012074618467458609f,-0.9672868841933386f,0.22466610305348073f,0f,0f,0f,1f],start_interpolation:0}
execute if entity @s[tag=aj.louvert.bone.left_leg_0] run data modify entity @s {} merge value {transformation:[-0.9619813624881086f,-0.23571596425687907f,-0.13794869488317732f,0.12041641557154913f,-0.10188999445045659f,0.7783671725547563f,-0.6194860561142601f,0.636269559551832f,0.2533974886545014f,-0.5818784485470861f,-0.7727918114602588f,-0.013860769680476955f,0f,0f,0f,1f],start_interpolation:0}
execute if entity @s[tag=aj.louvert.bone.body_1] run data modify entity @s {} merge value {transformation:[-0.9928826045698137f,-0.021687382698240373f,-0.1171058964115943f,-0.0104712170928777f,0f,0.9832803428588132f,-0.1820982354320187f,0.9435446666952111f,0.11909716009486955f,-0.18080217028330986f,-0.9762819478399578f,-0.05547430288215259f,0f,0f,0f,1f],start_interpolation:0}
execute if entity @s[tag=aj.louvert.locator_origin.locator] at @s on origin run tp @s ^-0.35376 ^0.97373 ^-0.40095 ~-179.85722 ~-0.6824
execute if entity @s[tag=aj.louvert.bone.sword_0] run data modify entity @s {} merge value {transformation:[0.9992368650881793f,0.03898049129336689f,-0.0024917357956409647f,-0.3549330960953774f,-0.0390075014455839f,0.9991679383220319f,-0.01190990597246061f,0.9892987194509539f,0.002025408531709544f,0.011998013495066906f,0.9999259699560021f,0.47690554811121805f,0f,0f,0f,1f],start_interpolation:0}
execute if entity @s[tag=aj.louvert.bone.right_arm_1] run data modify entity @s {} merge value {transformation:[0.07808253656205869f,-0.8828671881274925f,-0.463086002392525f,-0.3738112805583428f,-0.39970585889055193f,0.39781297725411974f,-0.825820841040464f,1.1371951956303616f,0.9133117451629542f,0.2495803743407485f,-0.3218249413754798f,0.13265194894484422f,0f,0f,0f,1f],start_interpolation:0}
execute if entity @s[tag=aj.louvert.bone.right_arm_0] run data modify entity @s {} merge value {transformation:[-0.26616734121985636f,-0.8828671881274925f,-0.38691145575674996f,-0.28269306215384293f,-0.8617165945147599f,0.39781297725411974f,-0.3149434010518367f,1.3924326439152526f,0.43197159305426247f,0.2495803743407485f,-0.866666129220529f,0.04814416665346319f,0f,0f,0f,1f],start_interpolation:0}
execute if entity @s[tag=aj.louvert.locator_origin.locator2] at @s on origin run tp @s ^0.3925 ^1.0778 ^-0.47229 ~176.02633 ~-6.0338
execute if entity @s[tag=aj.louvert.bone.sword_1] run data modify entity @s {} merge value {transformation:[0.9973977860972983f,-0.021177931373995817f,0.06891408789881771f,0.45242893430113756f,0.02836977197847451f,0.9940553142757392f,-0.10511511878911992f,1.0114418799928846f,-0.06627829453219992f,0.1067966637254166f,0.9920693828009324f,0.4011362545541369f,0f,0f,0f,1f],start_interpolation:0}
execute if entity @s[tag=aj.louvert.bone.left_arm_1] run data modify entity @s {} merge value {transformation:[-0.11250803366942103f,0.9168472841422137f,0.3830574368432069f,0.3996901129100272f,0.33844849971874386f,0.39781297725411974f,-0.8527587279918891f,1.1364370028421933f,-0.9342347431978603f,0.0337030071248868f,-0.3550627436281763f,0.05137186237553184f,0f,0f,0f,1f],start_interpolation:0}
execute if entity @s[tag=aj.louvert.bone.left_arm_0] run data modify entity @s {} merge value {transformation:[-0.3607774834948139f,0.9168472841422137f,0.17096977792638163f,0.2882526532069191f,0.8617165945147599f,0.39781297725411974f,-0.3149434010518367f,1.399139447003366f,-0.356768998290258f,0.0337030071248868f,-0.9335844842164558f,-0.01791896246198981f,0f,0f,0f,1f],start_interpolation:0}
execute if entity @s[tag=aj.louvert.bone.wing_0] run data modify entity @s {} merge value {transformation:[-0.9628400845028079f,0.04020187849285365f,0.26706325213378124f,-0.06650296897586268f,0.12614691449031812f,0.9413056965773069f,0.31309829376041537f,1.271025910194345f,-0.23880102101791395f,0.3351527928523897f,-0.9113981993640567f,-0.5225967070089343f,0f,0f,0f,1f],start_interpolation:0}
execute if entity @s[tag=aj.louvert.bone.wing_1] run data modify entity @s {} merge value {transformation:[-0.8790497778661964f,0.04020187849285365f,-0.47503189050740213f,-0.03847626016499262f,-0.12614691449031812f,0.9413056965773069f,0.31309829376041537f,1.1866370833305688f,0.4597373641525812f,0.3351527928523897f,-0.8223832205518788f,-0.28894519408041464f,0f,0f,0f,1f],start_interpolation:0}
execute if entity @s[tag=aj.louvert.bone.body_0] run data modify entity @s {} merge value {transformation:[-0.9928826045698137f,0.04020187849285365f,-0.11210683524348022f,-0.006078750000000001f,0f,0.9413056965773069f,0.3375553074551058f,1.2891206250000002f,0.11909716009486955f,0.3351527928523897f,-0.9346060517140793f,0.00955625f,0f,0f,0f,1f],start_interpolation:0}