execute if entity @s[tag=aj.louvert.bone.head] run data modify entity @s {} merge value {transformation:[-0.9999239958550679f,-0.012113904166485598f,-0.0022925616849618358f,-0.004135453309427547f,-0.011528712306764983f,0.8528153362039218f,0.5220853293552115f,1.3791165792883961f,-0.004369359882408148f,0.5220720789902836f,-0.8528901764195558f,0.0878310194259731f,0f,0f,0f,1f],start_interpolation:0}
execute if entity @s[tag=aj.louvert.bone.coat_0] run data modify entity @s {} merge value {transformation:[-0.9897215037291294f,0.1418254318934086f,0.01835461588808201f,-0.25079895276993636f,0.14008110891816727f,0.9872805086885592f,-0.07519627708813986f,0.6206812451573787f,-0.028785898985570567f,-0.07185223748713644f,-0.9969998134341274f,-0.09570455934841213f,0f,0f,0f,1f],start_interpolation:0}
execute if entity @s[tag=aj.louvert.bone.coat_1] run data modify entity @s {} merge value {transformation:[-0.9661204168559905f,-0.2574382415446629f,0.01835461588808201f,0.24911633812797535f,-0.2580862641918142f,0.9631910506994948f,-0.07519627708813986f,0.6206812451573787f,0.0016793955818485765f,-0.07738573281164297f,-0.9969998134341274f,-0.08650119439550966f,0f,0f,0f,1f],start_interpolation:0}
execute if entity @s[tag=aj.louvert.bone.coat_2] run data modify entity @s {} merge value {transformation:[-0.9998305817958234f,-0.004977003297151459f,0.01772109319442222f,0.0014530196650297449f,-8.673617379884035e-19f,0.9627507593748909f,0.27039041277950504f,0.611281710521361f,-0.01840672990580494f,0.2703446037213454f,-0.9625876518701679f,-0.2157278535512268f,0f,0f,0f,1f],start_interpolation:0}
execute if entity @s[tag=aj.louvert.bone.right_leg_1] run data modify entity @s {} merge value {transformation:[-0.9782632804445156f,-0.077641016894955f,0.192283193829966f,-0.1874080803905917f,0.08545928636001415f,0.6939085951544658f,0.714973826056306f,0.36564532367581404f,-0.18893825581065382f,0.7158650250335417f,-0.6721901527283444f,0.1101233141973307f,0f,0f,0f,1f],start_interpolation:0}
execute if entity @s[tag=aj.louvert.bone.right_leg_0] run data modify entity @s {} merge value {transformation:[-0.9782632804445156f,0.1690585846962065f,0.12008392512926344f,-0.12582013004545842f,0.08545928636001415f,0.8563072637103007f,-0.5093472101541487f,0.6206812451573787f,-0.18893825581065382f,-0.48801338614580336f,-0.8521415788668777f,-0.09340371811018651f,0f,0f,0f,1f],start_interpolation:0}
execute if entity @s[tag=aj.louvert.bone.left_leg_1] run data modify entity @s {} merge value {transformation:[-0.9860100187546779f,-0.057980457573251425f,-0.15627702791836096f,0.18295500126864472f,-0.10409307652279179f,0.9464464715622029f,0.30562020202774004f,0.3705306704820904f,0.13018784250236268f,0.3176119377590409f,-0.9392410673823453f,0.15665627149292166f,0f,0f,0f,1f],start_interpolation:0}
execute if entity @s[tag=aj.louvert.bone.left_leg_0] run data modify entity @s {} merge value {transformation:[-0.9860100187546779f,-0.16155159639045502f,-0.04105270538095265f,0.12413751540349742f,-0.10409307652279179f,0.789141699360335f,-0.6053263663105243f,0.6206812451573787f,0.13018784250236268f,-0.5925845593958539f,-0.7949180244718331f,-0.08880203563373527f,0f,0f,0f,1f],start_interpolation:0}
execute if entity @s[tag=aj.louvert.bone.body_1] run data modify entity @s {} merge value {transformation:[-0.9998305817958234f,0.0013841175622834566f,0.01835461588808201f,-0.000408770582766926f,-8.673617379884035e-19f,0.9971687519733476f,-0.07519627708813986f,0.9322964801490498f,-0.01840672990580494f,-0.07518353746991474f,-0.9969998134341274f,-0.11459773233130925f,0f,0f,0f,1f],start_interpolation:0}
execute if entity @s[tag=aj.louvert.locator_origin.locator] at @s on origin run tp @s ^-0.33075 ^1.08112 ^1.17225 ~0.04768 ~-10.76997
execute if entity @s[tag=aj.louvert.bone.sword_0] run data modify entity @s {} merge value {transformation:[0.9999818535688045f,0.005968611446712513f,0.0008174414325845258f,-0.3298788760768298f,0.006016227881970593f,-0.9823668923305144f,-0.18686651346605487f,0.8915392368636726f,-0.0003123062114902819f,0.18686804041966382f,-0.9823849744038968f,0.314967754249927f,0f,0f,0f,1f],start_interpolation:0}
execute if entity @s[tag=aj.louvert.bone.right_arm_1] run data modify entity @s {} merge value {transformation:[0.16082684340366304f,-0.9138694408508091f,-0.3727966892554747f,-0.37969837624396097f,-0.5354669088464138f,0.23650355412732207f,-0.8107658468482817f,1.0919872380230633f,0.8291018730959904f,0.33001320271191303f,-0.45131072451753895f,0.0017922279260963528f,0f,0f,0f,1f],start_interpolation:0}
execute if entity @s[tag=aj.louvert.bone.right_arm_0] run data modify entity @s {} merge value {transformation:[-0.21552861272476687f,-0.9138694408508091f,-0.3440785697714503f,-0.3021030532105147f,-0.9714318541996891f,0.23650355412732207f,-0.019652519718823203f,1.3593346748495867f,0.0993356418567441f,0.33001320271191303f,-0.9387351683476732f,0.025074252444425196f,0f,0f,0f,1f],start_interpolation:0}
execute if entity @s[tag=aj.louvert.locator_origin.locator2] at @s on origin run tp @s ^0.30502 ^1.07716 ^1.1884 ~0.53435 ~-11.61393
execute if entity @s[tag=aj.louvert.bone.sword_1] run data modify entity @s {} merge value {transformation:[0.9999380902674078f,-0.006353352656165767f,0.0091351268406695f,0.31287429457513166f,-0.004384438239852462f,-0.9795165364367309f,-0.20131599923580423f,0.8749749039879807f,0.010227039341356214f,0.20126348341667877f,-0.9794837507122283f,0.3340419101185529f,0f,0f,0f,1f],start_interpolation:0}
execute if entity @s[tag=aj.louvert.bone.left_arm_1] run data modify entity @s {} merge value {transformation:[0.18648126499757392f,0.9008841208307834f,0.3919598686598549f,0.3723995611901017f,0.5447068579058486f,0.23721787919657433f,-0.8043768499526925f,1.0788638056659137f,-0.8176302200599254f,0.36350444099684087f,-0.44648106860239034f,0.024806801405313262f,0f,0f,0f,1f],start_interpolation:0}
execute if entity @s[tag=aj.louvert.bone.left_arm_0] run data modify entity @s {} merge value {transformation:[-0.2124897564659385f,0.9008841208307834f,0.37849161712248297f,0.2944861519178765f,0.9712638258935147f,0.23721787919657433f,-0.019345756645095302f,1.358399269523035f,-0.10721326367450018f,0.36350444099684087f,-0.925402527264669f,0.0354810680142165f,0f,0f,0f,1f],start_interpolation:0}
execute if entity @s[tag=aj.louvert.bone.wing_0] run data modify entity @s {} merge value {transformation:[-0.8886806130381705f,-0.009653843755194071f,0.4584250989102275f,0.0070190462703308126f,0.23310830352295886f,0.851426715012443f,0.4698223789814275f,1.348675442125724f,-0.3948509678837696f,0.5243847368715744f,-0.7543960239140846f,-0.5180674677873294f,0f,0f,0f,1f],start_interpolation:0}
execute if entity @s[tag=aj.louvert.bone.wing_1] run data modify entity @s {} merge value {transformation:[-0.9026117969622501f,-0.009653843755194071f,-0.4303472403598379f,0.0031010508758756144f,-0.23310830352295886f,0.851426715012443f,0.4698223789814275f,1.2175570440642964f,0.3618735453348668f,0.5243847368715744f,-0.7707581883592958f,-0.30524685083048003f,0f,0f,0f,1f],start_interpolation:0}
execute if entity @s[tag=aj.louvert.bone.body_0] run data modify entity @s {} merge value {transformation:[-0.9998305817958234f,-0.009653843755194071f,0.015671981577820796f,-0.006078750000000001f,-8.673617379884035e-19f,0.851426715012443f,0.5244735922457107f,1.2559018750000002f,-0.01840672990580494f,0.5243847368715744f,-0.8512824678273977f,0.00955625f,0f,0f,0f,1f],start_interpolation:0}