execute if entity @s[tag=aj.louvert.bone.head] run data modify entity @s {} merge value {transformation:[-0.9950238108991539f,0.09938365528249404f,0.007106673371912675f,0.006772557342764992f,0.09754823902139205f,0.9571498322405696f,0.27266928632626575f,1.4397821424014432f,0.02029671913265857f,0.2720056758682438f,-0.9620815742378137f,0.04017529886332534f,0f,0f,0f,1f],start_interpolation:0}
execute if entity @s[tag=aj.louvert.bone.coat_0] run data modify entity @s {} merge value {transformation:[-0.9590404316783151f,0.02982600146130894f,-0.2816946219633965f,-0.22666649236420192f,0.10374907462850722f,0.9623259855827986f,-0.2513261366945819f,0.6367495735731619f,0.2635860009939817f,-0.2702574829841447f,-0.9260039486800665f,0.13179981457734105f,0f,0f,0f,1f],start_interpolation:0}
execute if entity @s[tag=aj.louvert.bone.coat_1] run data modify entity @s {} merge value {transformation:[-0.9051815610469618f,-0.3182679397889212f,-0.2816946219633965f,0.25168953341521333f,-0.2505115905752764f,0.9349219839118242f,-0.2513261366945819f,0.6367495735731619f,0.3433515465642034f,-0.1569280169405522f,-0.9260039486800665f,-0.01371826883679484f,0f,0f,0f,1f],start_interpolation:0}
execute if entity @s[tag=aj.louvert.bone.coat_2] run data modify entity @s {} merge value {transformation:[-0.9567120515588304f,0.027611422508697858f,-0.2897234194005376f,-0.022700307219918857f,0f,0.9954894010526577f,0.09487282219804039f,0.6053338064863392f,0.29103616682827177f,0.09076597236226333f,-0.9523967071861594f,-0.056709720714735214f,0f,0f,0f,1f],start_interpolation:0}
execute if entity @s[tag=aj.louvert.bone.right_leg_1] run data modify entity @s {} merge value {transformation:[-0.9827981112938834f,0.0953177408121639f,-0.1581847044553944f,-0.06320556551993409f,0.03323255954511631f,0.9338123345831331f,0.35621639598210453f,0.45066171406867006f,0.18166857026810013f,0.3448319185731859f,-0.9209166512284811f,0.36680139341666335f,0f,0f,0f,1f],start_interpolation:0}
execute if entity @s[tag=aj.louvert.bone.right_leg_0] run data modify entity @s {} merge value {transformation:[-0.9827981112938834f,-0.111062690831993f,-0.14755660318105884f,-0.1070774859193481f,0.03323255954511631f,0.6795788889408129f,-0.7328493233210022f,0.6367495735731619f,0.18166857026810013f,-0.725146614424371f,-0.6641979510399115f,0.09542029372380706f,0f,0f,0f,1f],start_interpolation:0}
execute if entity @s[tag=aj.louvert.bone.left_leg_1] run data modify entity @s {} merge value {transformation:[-0.9097916541347076f,-0.11682548729799072f,-0.39828501300503316f,0.2588054691823176f,-0.11216342238297244f,0.9930704803224739f,-0.03507688400399789f,0.3335746076078409f,0.3996229632368132f,0.012760353822602655f,-0.9165907814418333f,0.22602783671019291f,0f,0f,0f,1f],start_interpolation:0}
execute if entity @s[tag=aj.louvert.bone.left_leg_0] run data modify entity @s {} merge value {transformation:[-0.9097916541347076f,-0.3161704021253826f,-0.26891527083210853f,0.1321005269703595f,-0.11216342238297244f,0.8110583232367595f,-0.5741112810141558f,0.6367495735731619f,0.3996229632368132f,-0.49215919490369153f,-0.7733568478558773f,0.02266125201673913f,0f,0f,0f,1f],start_interpolation:0}
execute if entity @s[tag=aj.louvert.bone.body_1] run data modify entity @s {} merge value {transformation:[-0.9567120515588304f,-0.07314499544734937f,-0.2816946219633965f,-0.010346290551790972f,0f,0.9679024604856505f,-0.2513261366945819f,0.9392190924749276f,0.29103616682827177f,-0.2404467438474286f,-0.9260039486800665f,-0.016098834582048326f,0f,0f,0f,1f],start_interpolation:0}
execute if entity @s[tag=aj.louvert.locator_origin.locator] at @s on origin run tp @s ^-0.32729 ^0.92161 ^-0.38935 ~-179.55035 ~-1.66496
execute if entity @s[tag=aj.louvert.bone.sword_0] run data modify entity @s {} merge value {transformation:[0.995333363479846f,0.0961767129100371f,-0.007844452671634583f,-0.3316673507451486f,-0.09636593487376588f,0.9949218130624298f,-0.02905499076703627f,0.9220229718261249f,0.005010203568939969f,0.02967533970130526f,0.9995470334475567f,0.4886248282833673f,0f,0f,0f,1f],start_interpolation:0}
execute if entity @s[tag=aj.louvert.bone.right_arm_1] run data modify entity @s {} merge value {transformation:[0.04879890391902153f,-0.840865051826181f,-0.5390404730571311f,-0.33980389004602163f,-0.586056587920915f,0.41291101598621377f,-0.697167245811023f,1.1393086348026258f,0.8087993216681112f,0.3499292178349592f,-0.47264489817897837f,0.18291085829348597f,0f,0f,0f,1f],start_interpolation:0}
execute if entity @s[tag=aj.louvert.bone.right_arm_0] run data modify entity @s {} merge value {transformation:[-0.24803315652111715f,-0.840865051826181f,-0.48106706173206726f,-0.25308821216972616f,-0.8686145884414675f,0.41291101598621377f,-0.27388535854238827f,1.3989703355075767f,0.428938515422468f,0.3499292178349592f,-0.8328032735842138f,0.08488819562067794f,0f,0f,0f,1f],start_interpolation:0}
execute if entity @s[tag=aj.louvert.locator_origin.locator2] at @s on origin run tp @s ^0.39667 ^1.17843 ^-0.57316 ~169.54621 ~-14.50382
execute if entity @s[tag=aj.louvert.bone.sword_1] run data modify entity @s {} merge value {transformation:[0.9841306159701119f,-0.025109251436835844f,0.17566005864330395f,0.5501741395398607f,0.06934010388694417f,0.9656445886377186f,-0.2504445615852709f,0.983785926947869f,-0.16333670960085822f,0.2586504473743905f,0.9520614819273971f,0.26911233402459395f,0f,0f,0f,1f],start_interpolation:0}
execute if entity @s[tag=aj.louvert.bone.left_arm_1] run data modify entity @s {} merge value {transformation:[-0.3700927861666361f,0.8932861127329729f,0.2550906709894167f,0.4014197431855388f,0.4514051231418f,0.41291101598621377f,-0.7910359711660203f,1.1508217599937982f,-0.8119511958416914f,-0.17760747077656125f,-0.5560493160643218f,-0.03207108865636968f,0f,0f,0f,1f],start_interpolation:0}
execute if entity @s[tag=aj.louvert.bone.left_arm_0] run data modify entity @s {} merge value {transformation:[-0.44488072288244795f,0.8932861127329729f,-0.064195507677756f,0.27108719392134273f,0.8686145884414675f,0.41291101598621377f,-0.27388535854238827f,1.4161905015902772f,-0.2181509549698335f,-0.17760747077656125f,-0.9596175004501026f,-0.07064254942462544f,0f,0f,0f,1f],start_interpolation:0}
execute if entity @s[tag=aj.louvert.bone.wing_0] run data modify entity @s {} merge value {transformation:[-0.9952909351960998f,0.06201939865409214f,0.07449529184490461f,-0.15672224580572405f,0.07578867815299206f,0.9770306997276857f,0.19916598116508494f,1.2104771375723726f,-0.06043203273343445f,0.20387399535059292f,-0.9771301670911053f,-0.497274909624658f,0f,0f,0f,1f],start_interpolation:0}
execute if entity @s[tag=aj.louvert.bone.wing_1] run data modify entity @s {} merge value {transformation:[-0.7930314437965803f,0.06201939865409214f,-0.6060154481038382f,-0.08563442837515162f,-0.07578867815299206f,0.9770306997276857f,0.19916598116508494f,1.157202488471212f,0.604447851690891f,0.20387399535059292f,-0.7701156981947926f,-0.2635906483315495f,0f,0f,0f,1f],start_interpolation:0}
execute if entity @s[tag=aj.louvert.bone.body_0] run data modify entity @s {} merge value {transformation:[-0.9567120515588304f,0.06201939865409214f,-0.2843512697222898f,-0.006078750000000001f,0f,0.9770306997276857f,0.21309859640464268f,1.2976206250000002f,0.29103616682827177f,0.20387399535059292f,-0.934737045172434f,0.00955625f,0f,0f,0f,1f],start_interpolation:0}