execute if entity @s[tag=aj.labyria.bone.wing_right_1] run data modify entity @s {} merge value {transformation:[-0.7804740943894781f,-0.22349301450872208f,0.088631286220908f,0.29933201162457745f,-0.2137860857741209f,0.7828595088027323f,0.09149286010924261f,1.3110594923042527f,-0.11000064527423756f,0.06423633230029058f,-0.8066709342081827f,-0.21197985752535997f,0f,0f,0f,1f],start_interpolation:0}
execute if entity @s[tag=aj.labyria.bone.wing_right_2] run data modify entity @s {} merge value {transformation:[-0.7901300721928551f,0.09031237572161062f,0.08682248446129764f,0.29933201162457745f,0.09999161623431688f,0.7886500605165278f,0.08962565888252338f,1.3110594923042527f,-0.07547281430662806f,0.0993718110874306f,-0.7902082620814852f,-0.21197985752535997f,0f,0f,0f,1f],start_interpolation:0}
execute if entity @s[tag=aj.labyria.bone.wing_left_1] run data modify entity @s {} merge value {transformation:[-0.3787072865750226f,-0.019098061509782768f,0.7232983475620532f,0.23877863989144335f,0.1752346959505506f,0.7896571589724374f,0.11260025338844125f,1.3090456429816617f,-0.7020099977027011f,0.2074157172795535f,-0.3620844208127525f,-0.25439770784877674f,0f,0f,0f,1f],start_interpolation:0}
execute if entity @s[tag=aj.labyria.bone.wing_left_2] run data modify entity @s {} merge value {transformation:[-0.33558014610559994f,-0.15925157135777562f,0.7085371567954808f,0.23877863989144335f,-0.13742984131854913f,0.7803502058365285f,0.11030228903357511f,1.3090456429816617f,-0.713091161251423f,-0.07544861344628705f,-0.35469494283698205f,-0.25439770784877674f,0f,0f,0f,1f],start_interpolation:0}
execute if entity @s[tag=aj.labyria.bone.musket] run data modify entity @s {} merge value {transformation:[-0.000015421554573342957f,4.258035834037911e-7f,0.000005124452157281352f,-0.4329674917236408f,0.000003876060200786378f,0.000011608188292670077f,0.000010700083455015543f,1.0128974256725867f,-0.000003378975573126404f,0.000011372524782684712f,-0.000011113679328014513f,-0.5415844496335657f,0f,0f,0f,1f],start_interpolation:0}
execute if entity @s[tag=aj.labyria.bone.omega_blade] run data modify entity @s {} merge value {transformation:[-1.701910746431698f,0.046991351683616144f,0.5655305471685457f,-0.4329674917236408f,0.427758983581158f,1.2810706150239473f,1.1808528727243237f,1.0128974256725867f,-0.37290111139472754f,1.2550629736880219f,-1.2264969909997592f,-0.5415844496335657f,0f,0f,0f,1f],start_interpolation:0}
execute if entity @s[tag=aj.labyria.bone.arm_right_2] run data modify entity @s {} merge value {transformation:[-0.395048739031043f,-0.8229356213030518f,0.4083055926393162f,-0.30113116607317375f,-0.7315397040203557f,0.5506489450673181f,0.40203905374734455f,1.2343378295547422f,-0.5556853023355877f,-0.13986673116509915f,-0.8195432522334598f,-0.3672712585664756f,0f,0f,0f,1f],start_interpolation:0}
execute if entity @s[tag=aj.labyria.bone.arm_right_1] run data modify entity @s {} merge value {transformation:[-0.31626261444724385f,-0.8229356213030518f,0.4719691959159563f,-0.18849373787575432f,-0.6485182758335776f,0.5506489450673181f,0.5255566431947118f,1.467642725182299f,-0.6923886225327782f,-0.13986673116509915f,-0.7078384652590957f,-0.11148675282505097f,0f,0f,0f,1f],start_interpolation:0}
execute if entity @s[tag=aj.labyria.bone.arm_left_2] run data modify entity @s {} merge value {transformation:[-0.678678830748732f,-0.10193795934006637f,0.7273264034387292f,0.6522456804022241f,0.025889745152793534f,0.9863846104732321f,0.162404191194358f,1.4816494203646404f,-0.7339787229814347f,0.129050581816407f,-0.6667992063158064f,0.3959971459330723f,0f,0f,0f,1f],start_interpolation:0}
execute if entity @s[tag=aj.labyria.bone.arm_left_1] run data modify entity @s {} merge value {transformation:[-0.9013135294290744f,-0.10193795934006637f,0.42100186948954066f,0.3043011033122085f,-0.03667770084722763f,0.9863846104732321f,0.16031265228337863f,1.4674902996000752f,-0.4316117096751045f,0.129050581816407f,-0.8927806446178033f,0.2293770421772455f,0f,0f,0f,1f],start_interpolation:0}
execute if entity @s[tag=aj.labyria.bone.himo_right_2] run data modify entity @s {} merge value {transformation:[-0.815542426225406f,0.1708271581284265f,0.552909244878528f,-0.17371755249098922f,-0.08483842193753985f,0.909821364489179f,-0.4062358020684497f,1.106459448637801f,-0.5724447512114393f,-0.37821047944869823f,-0.7275052165075241f,0.1452466600980368f,0f,0f,0f,1f],start_interpolation:0}
execute if entity @s[tag=aj.labyria.bone.himo_right_1] run data modify entity @s {} merge value {transformation:[-0.815376217135596f,0.017574656160832244f,0.578664631708621f,-0.1668056505126543f,-0.05599673993867313f,0.992458330783461f,-0.10904506763144861f,1.2918638539870033f,-0.5762169640386217f,-0.12131608763612145f,-0.8082427959683767f,0.11744837619146169f,0f,0f,0f,1f],start_interpolation:0}
execute if entity @s[tag=aj.labyria.bone.himo_left_2] run data modify entity @s {} merge value {transformation:[-0.8161946428690047f,0.19183107417615858f,0.545001966906872f,0.07793930573792196f,-0.08469373596767446f,0.8933614760221138f,-0.4412847654830473f,1.1161412619899058f,-0.5715358921710658f,-0.40633251425404204f,-0.712909960528125f,0.33029957678066596f,0f,0f,0f,1f],start_interpolation:0}
execute if entity @s[tag=aj.labyria.bone.himo_left_1] run data modify entity @s {} merge value {transformation:[-0.815376217135596f,0.03999937511236831f,0.5775479846041067f,0.08904886347526667f,-0.05599673993867313f,0.9874836920000051f,-0.14744600079445963f,1.3003729167349414f,-0.5762169640386217f,-0.15256476665553942f,-0.8029308826601794f,0.29667536501612624f,0f,0f,0f,1f],start_interpolation:0}
execute if entity @s[tag=aj.labyria.bone.ribbon_left_himo_1] run data modify entity @s {} merge value {transformation:[-0.9790462637574449f,-0.1558057627731244f,0.13112199552047876f,0.3043781889898935f,-0.14185689459331016f,0.9837811778485341f,0.10977802861817708f,1.7714618535378717f,-0.1460994006795719f,0.08887720966387112f,-0.9852694081942432f,0.19314030166576973f,0f,0f,0f,1f],start_interpolation:0}
execute if entity @s[tag=aj.labyria.bone.ribbon_left_himo_2] run data modify entity @s {} merge value {transformation:[-0.9790462637574449f,-0.1558057627731244f,0.13112199552047876f,0.32179282901995704f,-0.14185689459331016f,0.9837811778485341f,0.10977802861817708f,1.7860417479637232f,-0.1460994006795719f,0.08887720966387112f,-0.9852694081942432f,0.06228420838997181f,0f,0f,0f,1f],start_interpolation:0}
execute if entity @s[tag=aj.labyria.bone.ribbon_left] run data modify entity @s {} merge value {transformation:[-0.9790462637574449f,-0.1558057627731244f,0.13112199552047876f,0.2959071254146103f,-0.14185689459331016f,0.9837811778485341f,0.10977802861817708f,1.8838592484949293f,-0.1460994006795719f,0.08887720966387112f,-0.9852694081942432f,0.13713711323724065f,0f,0f,0f,1f],start_interpolation:0}
execute if entity @s[tag=aj.labyria.bone.ribbon_right_himo_1] run data modify entity @s {} merge value {transformation:[-0.9790462637574449f,-0.1558057627731244f,0.13112199552047876f,-0.2840898059198158f,-0.14185689459331016f,0.9837811778485341f,0.10977802861817708f,1.68619699383138f,-0.1460994006795719f,0.08887720966387112f,-0.9852694081942432f,0.10532543064480457f,0f,0f,0f,1f],start_interpolation:0}
execute if entity @s[tag=aj.labyria.bone.ribbon_right_himo_2] run data modify entity @s {} merge value {transformation:[-0.9790462637574449f,-0.1558057627731244f,0.13112199552047876f,-0.2666751658897522f,-0.14185689459331016f,0.9837811778485341f,0.10977802861817708f,1.7007768882572318f,-0.1460994006795719f,0.08887720966387112f,-0.9852694081942432f,-0.02553066263099335f,0f,0f,0f,1f],start_interpolation:0}
execute if entity @s[tag=aj.labyria.bone.ribbon_right] run data modify entity @s {} merge value {transformation:[-0.9790462637574449f,-0.1558057627731244f,0.13112199552047876f,-0.29152063283985663f,-0.14185689459331016f,0.9837811778485341f,0.10977802861817708f,1.7987451117389432f,-0.1460994006795719f,0.08887720966387112f,-0.9852694081942432f,0.049477472829497535f,0f,0f,0f,1f],start_interpolation:0}
execute if entity @s[tag=aj.labyria.bone.crown] run data modify entity @s {} merge value {transformation:[-0.9894196255513994f,-0.06209530468929181f,0.13112199552047876f,0.08886873539918919f,-0.04775971894325308f,0.9928080346568354f,0.10977802861817708f,2.133241725031988f,-0.13699567080820452f,0.10235418631583107f,-0.9852694081942432f,0.19391873379867736f,0f,0f,0f,1f],start_interpolation:0}
execute if entity @s[tag=aj.labyria.bone.ear_edge_a1] run data modify entity @s {} merge value {transformation:[-0.9918465932290242f,-0.0076041782063589886f,0.1272105026080165f,0.1491730282618309f,0.013280274269882826f,0.9866156862621214f,0.16252114304557316f,2.141449424426881f,-0.1267437170643774f,0.16288543242208284f,-0.9784704216732237f,0.15218213196685218f,0f,0f,0f,1f],start_interpolation:0}
execute if entity @s[tag=aj.labyria.bone.ear_edge_a2] run data modify entity @s {} merge value {transformation:[-0.9784457602415332f,-0.16266954936798633f,0.1272105026080165f,0.03483145834789157f,-0.14122392502444636f,0.9765463025703645f,0.16252114304557316f,2.1350235758021086f,-0.15066418707196977f,0.14105295687991218f,-0.9784704216732237f,0.1362493204112217f,0f,0f,0f,1f],start_interpolation:0}
execute if entity @s[tag=aj.labyria.bone.ear_edge_b1] run data modify entity @s {} merge value {transformation:[-0.9897787507790616f,0.07228031370419945f,0.12293730417193333f,0.014625755228061796f,0.09764466514666342f,0.9717641459165738f,0.21480215101210645f,2.127243479557117f,-0.10394009753043311f,0.2246107765933201f,-0.9688892894255308f,0.12564533267702294f,0f,0f,0f,1f],start_interpolation:0}
execute if entity @s[tag=aj.labyria.bone.ear_edge_b2] run data modify entity @s {} merge value {transformation:[-0.9636713759122535f,-0.23711579131369898f,0.12293730417193333f,0.041395505952876055f,-0.20742604054328495f,0.954376484216322f,0.21480215101210645f,2.140994962663277f,-0.16826145414776278f,0.1814982861752987f,-0.9688892894255308f,0.13209070182954585f,0f,0f,0f,1f],start_interpolation:0}
execute if entity @s[tag=aj.labyria.bone.ear_right_2] run data modify entity @s {} merge value {transformation:[-0.9889000641205563f,-0.08344508628611375f,0.12293730417193333f,0.08401033725154472f,-0.0555749070250602f,0.9750751076864428f,0.21480215101210645f,2.2570482793446365f,-0.13779728912977707f,0.20558563165983879f,-0.9688892894255308f,0.13097339619001647f,0f,0f,0f,1f],start_interpolation:0}
execute if entity @s[tag=aj.labyria.bone.ear_right_1] run data modify entity @s {} merge value {transformation:[-0.9889000641205563f,-0.07677337564921353f,0.1272105026080165f,0.10128434677261774f,-0.0555749070250602f,0.9851387251409398f,0.16252114304557316f,2.0353920661879252f,-0.13779728912977707f,0.15364745692366175f,-0.9784704216732237f,0.09640271838219264f,0f,0f,0f,1f],start_interpolation:0}
execute if entity @s[tag=aj.labyria.bone.ear_edge_a3] run data modify entity @s {} merge value {transformation:[-0.9421554905064852f,-0.3136753035843374f,0.11811365556004878f,-0.23281076338191362f,-0.29350352815656533f,0.9422681401061652f,0.16120307410380277f,2.0861026686366104f,-0.1618601577539463f,0.11721158672307798f,-0.9798279100279427f,0.09518012389597755f,0f,0f,0f,1f],start_interpolation:0}
execute if entity @s[tag=aj.labyria.bone.ear_edge_a4] run data modify entity @s {} merge value {transformation:[-0.9796256213134963f,-0.16242784994079196f,0.11811365556004878f,-0.12160942208183499f,-0.14248680026181504f,0.9765813231117177f,0.16120307410380277f,2.1123563962144614f,-0.14153145875492112f,0.14108902477860594f,-0.9798279100279427f,0.11290423477160164f,0f,0f,0f,1f],start_interpolation:0}
execute if entity @s[tag=aj.labyria.bone.ear_edge_b3] run data modify entity @s {} merge value {transformation:[-0.9103017705995203f,-0.40046728131473563f,0.10476947570625111f,-0.09788489896047257f,-0.3729529240286775f,0.9032663555277259f,0.21216976087585837f,2.110941479740894f,-0.17960178980688876f,0.15406442667937287f,-0.9716004063040105f,0.10885578987857986f,0f,0f,0f,1f],start_interpolation:0}
execute if entity @s[tag=aj.labyria.bone.ear_edge_b4] run data modify entity @s {} merge value {transformation:[-0.9894996263410759f,-0.09956830033252709f,0.10476947570625111f,-0.128098052546746f,-0.07557465436361457f,0.9743061450015088f,0.21216976087585837f,2.1164365421346605f,-0.1232029264615548f,0.2020239821931803f,-0.9716004063040105f,0.10679781401359517f,0f,0f,0f,1f],start_interpolation:0}
execute if entity @s[tag=aj.labyria.bone.ear_left_2] run data modify entity @s {} merge value {transformation:[-0.9617413301628421f,-0.2531342940354865f,0.10476947570625111f,-0.19909491552081968f,-0.22705926553817019f,0.9504883389622134f,0.21216976087585837f,2.216028326061518f,-0.15328960757296511f,0.18026354784039966f,-0.9716004063040105f,0.08872666149482306f,0f,0f,0f,1f],start_interpolation:0}
execute if entity @s[tag=aj.labyria.bone.ear_left_1] run data modify entity @s {} merge value {transformation:[-0.9617413301628421f,-0.24718976157367245f,0.11811365556004878f,-0.14347721916674347f,-0.22705926553817019f,0.9604465934307593f,0.16120307410380277f,1.9999278425395974f,-0.15328960757296511f,0.12821685903343744f,-0.9798279100279427f,0.05987786821229967f,0f,0f,0f,1f],start_interpolation:0}
execute if entity @s[tag=aj.labyria.bone.head] run data modify entity @s {} merge value {transformation:[-0.9790462637574449f,-0.1558057627731244f,0.13112199552047876f,0.05465645486414847f,-0.14185689459331016f,0.9837811778485341f,0.10977802861817708f,1.5100415373220692f,-0.1460994006795719f,0.08887720966387112f,-0.9852694081942432f,0.06338039235058229f,0f,0f,0f,1f],start_interpolation:0}
execute if entity @s[tag=aj.labyria.bone.back_musket] run data modify entity @s {} merge value {transformation:[0.9546005240478262f,0.7745356926678828f,1.0637146896118803f,0.10796547684010445f,0.049108248908105855f,1.2922711202938846f,-0.9850281072987556f,1.4878268778376664f,-1.3149079283363512f,0.6105624071811762f,0.7354504249508141f,-0.18412640660171992f,0f,0f,0f,1f],start_interpolation:0}
execute if entity @s[tag=aj.labyria.bone.body_1] run data modify entity @s {} merge value {transformation:[-0.818734444761347f,-0.10355479496972908f,0.5647568621983324f,0.09348950297779687f,-0.027229000793401875f,0.9894975648899778f,0.1419617927211304f,1.1389799504883276f,-0.5735263642389267f,0.10085124449198263f,-0.8129554329772921f,0.025561175666088815f,0f,0f,0f,1f],start_interpolation:0}
execute if entity @s[tag=aj.labyria.bone.belt2] run data modify entity @s {} merge value {transformation:[-0.30964131022730934f,-0.2369909684303628f,0.9208460999988837f,-0.048098340847390286f,-0.1087015348889183f,0.9709152116768822f,0.2133251697461596f,0.5798346781407022f,-0.9446196246709617f,-0.03404309940168895f,-0.3263967402864468f,0.5537511450535026f,0f,0f,0f,1f],start_interpolation:0}
execute if entity @s[tag=aj.labyria.bone.leg_left_2] run data modify entity @s {} merge value {transformation:[-0.5992527295580716f,-0.3699823834556222f,0.7099360549019169f,-0.022083010444281487f,-0.2959990080046835f,0.9263551200640209f,0.23291796579786728f,0.7059556358682113f,-0.7438284435119727f,-0.07056364123024036f,-0.6646352527205323f,0.3901765504119051f,0f,0f,0f,1f],start_interpolation:0}
execute if entity @s[tag=aj.labyria.bone.leg_left_1] run data modify entity @s {} merge value {transformation:[-0.5992527295580716f,0.45358796595633366f,0.6596621281055906f,0.15488539148162875f,-0.2959990080046835f,0.6400706582697382f,-0.709009266288098f,0.8534275982135455f,-0.7438284435119727f,-0.6201350736426217f,-0.2493025011122354f,0.18732538911312774f,0f,0f,0f,1f],start_interpolation:0}
execute if entity @s[tag=aj.labyria.bone.belt] run data modify entity @s {} merge value {transformation:[-0.8307033282260405f,0.4343529928763373f,0.34823764594533413f,-0.2783658130489292f,0.12465340161898944f,0.7547597302635437f,-0.6440491278134902f,0.7429717656904891f,-0.5425804179464961f,-0.49160474687686967f,-0.6811249980063386f,0.11355026421585913f,0f,0f,0f,1f],start_interpolation:0}
execute if entity @s[tag=aj.labyria.bone.leg_right_2] run data modify entity @s {} merge value {transformation:[-0.58279794614467f,0.10896650347029241f,0.8052781228190751f,-0.20502412422314192f,-0.034366892448995885f,0.986777041511909f,-0.15839819143034156f,0.5311458494118988f,-0.8118900607058531f,-0.11998904727708573f,-0.5713467929905476f,0.1545489344536337f,0f,0f,0f,1f],start_interpolation:0}
execute if entity @s[tag=aj.labyria.bone.leg_right_1] run data modify entity @s {} merge value {transformation:[-0.58279794614467f,0.45487436005701665f,0.6733764701355952f,-0.021997325381981223f,-0.034366892448995885f,0.8141134411908848f,-0.5796880381513273f,0.8530172323635685f,-0.8118900607058531f,-0.36098285476606107f,-0.4588310232449319f,0.009542402963374497f,0f,0f,0f,1f],start_interpolation:0}
execute if entity @s[tag=aj.labyria.bone.skirt_forward_right] run data modify entity @s {} merge value {transformation:[-0.6240814011581155f,0.4551470654056512f,0.635109087937771f,0.09766867101637623f,0.025331985018811343f,0.8241844381425469f,-0.5657546309652806f,1.0556568245535973f,-0.780948586824722f,-0.33698836890355427f,-0.5258879576109268f,0.05183680168947835f,0f,0f,0f,1f],start_interpolation:0}
execute if entity @s[tag=aj.labyria.bone.skirt_forward_left] run data modify entity @s {} merge value {transformation:[-0.7092911541391524f,0.30584719236704117f,0.635109087937771f,0.09766867101637623f,-0.15758044966986426f,0.8093763645073795f,-0.5657546309652806f,1.0556568245535973f,-0.6870767501100533f,-0.5013655308235855f,-0.5258879576109268f,0.05183680168947835f,0f,0f,0f,1f],start_interpolation:0}
execute if entity @s[tag=aj.labyria.bone.skirt_forward] run data modify entity @s {} merge value {transformation:[-0.67085259619929f,0.3828749673085524f,0.635109087937771f,0.09766867101637623f,-0.06653746209344277f,0.8218847021812139f,-0.5657546309652806f,1.0556568245535973f,-0.7385997294278114f,-0.42179650985869016f,-0.5258879576109268f,0.05183680168947835f,0f,0f,0f,1f],start_interpolation:0}
execute if entity @s[tag=aj.labyria.bone.skirt_back_right] run data modify entity @s {} merge value {transformation:[-0.6514508712198798f,0.21071483990771503f,0.7288422453655701f,0.09766867101637623f,0.041561408225564506f,0.969126741520079f,-0.2430349938115533f,1.0556568245535973f,-0.7575515901462869f,-0.12803364836377895f,-0.6400960655663277f,0.05183680168947835f,0f,0f,0f,1f],start_interpolation:0}
execute if entity @s[tag=aj.labyria.bone.skirt_back_left] run data modify entity @s {} merge value {transformation:[-0.6819216840773882f,0.06141496686910494f,0.7288422453655701f,0.09766867101637623f,-0.17380987287661742f,0.9543186678849116f,-0.2430349938115533f,1.0556568245535973f,-0.7104737467884884f,-0.2924108102838101f,-0.6400960655663277f,0.05183680168947835f,0f,0f,0f,1f],start_interpolation:0}
execute if entity @s[tag=aj.labyria.bone.skirt_back] run data modify entity @s {} merge value {transformation:[-0.67085259619929f,0.13691521297192166f,0.7288422453655701f,0.09766867101637623f,-0.06653746209344277f,0.9677327926246903f,-0.2430349938115533f,1.0556568245535973f,-0.7385997294278114f,-0.2115359698388702f,-0.6400960655663277f,0.05183680168947835f,0f,0f,0f,1f],start_interpolation:0}
execute if entity @s[tag=aj.labyria.bone.skirt_right] run data modify entity @s {} merge value {transformation:[-0.6409403814039788f,0.2914070291741772f,0.7101248980521684f,-0.027257885363390924f,0.044435747952496454f,0.9376695063766433f,-0.34467573328461093f,1.0720942878325923f,-0.7663033940872406f,-0.1893616649674962f,-0.6139391403478958f,-0.09849686075886019f,0f,0f,0f,1f],start_interpolation:0}
execute if entity @s[tag=aj.labyria.bone.skirt_left] run data modify entity @s {} merge value {transformation:[-0.6913881117379744f,0.1433744533187537f,0.7081145705907672f,0.23452164298407213f,-0.17658065893695252f,0.9168537156566584f,-0.3580482299578798f,1.0962698712987247f,-0.7005724443887227f,-0.37258962709947746f,-0.608584603766052f,0.18619853436498274f,0f,0f,0f,1f],start_interpolation:0}
execute if entity @s[tag=aj.labyria.bone.coat_downer] run data modify entity @s {} merge value {transformation:[-0.67085259619929f,0.19714571720029275f,0.7149058402071246f,0.06757614274999824f,-0.06653746209344277f,0.9441274404478583f,-0.3227942724577674f,0.9238185351475008f,-0.7385997294278114f,-0.26411539595971667f,-0.6202527688823373f,0.09104590879266902f,0f,0f,0f,1f],start_interpolation:0}
execute if entity @s[tag=aj.labyria.bone.body_2] run data modify entity @s {} merge value {transformation:[-0.67085259619929f,0.21372745106576713f,0.7101248980521684f,0.11666666666666663f,-0.06653746209344277f,0.9363607237720297f,-0.34467573328461093f,1.1388888888888888f,-0.7385997294278114f,-0.27847651900663134f,-0.6139391403478958f,0.027083333333333372f,0f,0f,0f,1f],start_interpolation:0}
execute if entity @s[tag=aj.labyria.bone.sphere] run data modify entity @s {} merge value {transformation:[-0.6234152720902535f,-0.0284891871973776f,0.7813717199499018f,1.0074262768397129f,-0.041146622243206345f,0.9991466312952239f,0.003600645689398413f,2.174600038288289f,-0.7808075012463764f,-0.029906109480146048f,-0.6240555028305987f,-0.11820633458566368f,0f,0f,0f,1f],start_interpolation:0}