execute if entity @s[tag=aj.labyria.bone.wing_right_1] run data modify entity @s {} merge value {transformation:[0.6963564130111631f,0.3501392595576077f,-0.2437923079572461f,-0.46538434575019316f,-0.4266482974268019f,0.5694480881680763f,-0.40080487725198466f,0.896624797393761f,-0.0018495419654095322f,0.46912239153830354f,0.6684797718677395f,0.381959552343098f,0f,0f,0f,1f],start_interpolation:0}
execute if entity @s[tag=aj.labyria.bone.wing_right_2] run data modify entity @s {} merge value {transformation:[0.7614778099271181f,0.05583911819106299f,-0.23881695473362885f,-0.46538434575019316f,-0.17265627491217544f,0.6753038383916853f,-0.3926251858794952f,0.896624797393761f,0.17418770255689958f,0.4252607655699046f,0.6548373275439082f,0.381959552343098f,0f,0f,0f,1f],start_interpolation:0}
execute if entity @s[tag=aj.labyria.bone.wing_left_1] run data modify entity @s {} merge value {transformation:[-0.46038916109893524f,0.3085318664818508f,-0.5998286023126008f,-0.42903712151173873f,-0.13627680409584492f,0.6687069716845708f,0.4485577589679147f,0.8099146088879886f,0.6606170580998388f,0.3529639044295047f,-0.3254935163130569f,0.48343283067264453f,0f,0f,0f,1f],start_interpolation:0}
execute if entity @s[tag=aj.labyria.bone.wing_left_2] run data modify entity @s {} merge value {transformation:[-0.5323240717602907f,0.10664127886732638f,-0.587587202265405f,-0.42903712151173873f,-0.37401446128742977f,0.5541098539531462f,0.4394035189889777f,0.8099146088879886f,0.46555801504476174f,0.5670889766108704f,-0.31885079149034146f,0.48343283067264453f,0f,0f,0f,1f],start_interpolation:0}
execute if entity @s[tag=aj.labyria.bone.musket] run data modify entity @s {} merge value {transformation:[0.000002661689895786566f,-0.000016013943630999315f,8.57134962735762e-7f,0.38350058291138733f,0.00001558128152097568f,0.0000023767501950765583f,-0.0000039799985850255536f,0.8000117008593142f,0.000003795357311936457f,0.0000014732046551242887f,0.000015738189062956084f,0.2890342388581922f,0f,0f,0f,1f],start_interpolation:0}
execute if entity @s[tag=aj.labyria.bone.omega_blade] run data modify entity @s {} merge value {transformation:[0.2937420229435311f,-1.7672863412525095f,0.09459274661867678f,0.38350058291138733f,1.7195380879152056f,0.2622962995946253f,-0.43922954267830444f,0.8000117008593142f,0.4188526756503622f,0.16258171783687606f,1.7368542819877688f,0.2890342388581922f,0f,0f,0f,1f],start_interpolation:0}
execute if entity @s[tag=aj.labyria.bone.arm_right_2] run data modify entity @s {} merge value {transformation:[0.38566482739241087f,0.16415305839261507f,0.9079187267221291f,0.2617875015678903f,0.14632723372620404f,0.9607086412315349f,-0.2358542925899274f,0.7440053258591026f,-0.9109615697615452f,0.22381394077092004f,0.3464914693526701f,0.5698383869787407f,0f,0f,0f,1f],start_interpolation:0}
execute if entity @s[tag=aj.labyria.bone.arm_right_1] run data modify entity @s {} merge value {transformation:[0.9105727014749422f,0.16415305839261507f,0.37935620299261785f,-0.029327798368996877f,-0.060320487805660745f,0.9607086412315349f,-0.2709249811551998f,0.7752111735429252f,-0.4089239465713798f,0.22381394077092004f,0.8846968553335534f,0.6494033114931916f,0f,0f,0f,1f],start_interpolation:0}
execute if entity @s[tag=aj.labyria.bone.arm_left_2] run data modify entity @s {} merge value {transformation:[-0.8157814010022557f,0.27336276933119924f,0.5096798035260716f,0.0895317583615424f,0.5301978738910037f,0.7055453700418867f,0.47020840627738403f,0.995870292295687f,-0.23106475347888294f,0.6538184206307093f,-0.7205071495437838f,0.023281764933157326f,0f,0f,0f,1f],start_interpolation:0}
execute if entity @s[tag=aj.labyria.bone.arm_left_1] run data modify entity @s {} merge value {transformation:[-0.9569256334362687f,0.27336276933119924f,-0.09780658677294646f,-0.2438372091868177f,0.13035543961033397f,0.7055453700418867f,0.6965724586692001f,1.0412828685699371f,0.2594239607989072f,0.6538184206307093f,-0.7107887741146257f,0.11365858727647662f,0f,0f,0f,1f],start_interpolation:0}
execute if entity @s[tag=aj.labyria.bone.himo_right_2] run data modify entity @s {} merge value {transformation:[0.12961954829879613f,-0.14065110102910774f,-0.9815375899465673f,0.046644721150762264f,-0.9365200491303015f,0.30785841375969736f,-0.16778973345929382f,0.6687870372553157f,0.32577441623889647f,0.940978461420166f,-0.09181810751449512f,0.24472862502774634f,0f,0f,0f,1f],start_interpolation:0}
execute if entity @s[tag=aj.labyria.bone.himo_right_1] run data modify entity @s {} merge value {transformation:[0.18050843551118065f,0.16722568933185386f,-0.9692534619679168f,0.0719417037631854f,-0.8107526975765506f,0.5832179687370038f,-0.05036729409676276f,0.7778256108053992f,0.5568633298051258f,0.7949165803842373f,0.24085444182862395f,0.39528082411121973f,0f,0f,0f,1f],start_interpolation:0}
execute if entity @s[tag=aj.labyria.bone.himo_left_2] run data modify entity @s {} merge value {transformation:[0.12961954829879613f,-0.14065110102910774f,-0.9815375899465673f,-0.035463915339942004f,-0.9365200491303015f,0.30785841375969736f,-0.16778973345929382f,0.8646659660382323f,0.32577441623889647f,0.940978461420166f,-0.09181810751449512f,0.01549977197365432f,0f,0f,0f,1f],start_interpolation:0}
execute if entity @s[tag=aj.labyria.bone.himo_left_1] run data modify entity @s {} merge value {transformation:[0.18050843551118065f,0.16722568933185386f,-0.9692534619679168f,-0.010166932727518868f,-0.8107526975765506f,0.5832179687370038f,-0.05036729409676276f,0.9737045395883157f,0.5568633298051258f,0.7949165803842373f,0.24085444182862395f,0.1660519710571277f,0f,0f,0f,1f],start_interpolation:0}
execute if entity @s[tag=aj.labyria.bone.ribbon_left_himo_1] run data modify entity @s {} merge value {transformation:[-0.9561830425859784f,0.2658652033926254f,-0.12259560634874954f,0.2538750768233547f,0.11962215177982516f,0.7369786550730213f,0.6652465729113716f,1.1212367480120728f,0.2672162604980918f,0.6214323419261011f,-0.7364898604418507f,0.5734415186851449f,0f,0f,0f,1f],start_interpolation:0}
execute if entity @s[tag=aj.labyria.bone.ribbon_left_himo_2] run data modify entity @s {} merge value {transformation:[-0.9561830425859784f,0.2658652033926254f,-0.12259560634874954f,0.23759284785516138f,0.11962215177982516f,0.7369786550730213f,0.6652465729113716f,1.2095898084768644f,0.2672162604980918f,0.6214323419261011f,-0.7364898604418507f,0.4756264590952116f,0f,0f,0f,1f],start_interpolation:0}
execute if entity @s[tag=aj.labyria.bone.ribbon_left] run data modify entity @s {} merge value {transformation:[-0.9561830425859784f,0.2658652033926254f,-0.12259560634874954f,0.2736514668158631f,0.11962215177982516f,0.7369786550730213f,0.6652465729113716f,1.244272282254712f,0.2672162604980918f,0.6214323419261011f,-0.7364898604418507f,0.5911175515512381f,0f,0f,0f,1f],start_interpolation:0}
execute if entity @s[tag=aj.labyria.bone.ribbon_right_himo_1] run data modify entity @s {} merge value {transformation:[-0.9561830425859784f,0.2658652033926254f,-0.12259560634874954f,-0.32085069321098f,0.11962215177982516f,0.7369786550730213f,0.6652465729113716f,1.193137137616234f,0.2672162604980918f,0.6214323419261011f,-0.7364898604418507f,0.7340551922607792f,0f,0f,0f,1f],start_interpolation:0}
execute if entity @s[tag=aj.labyria.bone.ribbon_right_himo_2] run data modify entity @s {} merge value {transformation:[-0.9561830425859784f,0.2658652033926254f,-0.12259560634874954f,-0.3371329221791733f,0.11962215177982516f,0.7369786550730213f,0.6652465729113716f,1.2814901980810256f,0.2672162604980918f,0.6214323419261011f,-0.7364898604418507f,0.6362401326708459f,0f,0f,0f,1f],start_interpolation:0}
execute if entity @s[tag=aj.labyria.bone.ribbon_right] run data modify entity @s {} merge value {transformation:[-0.9561830425859784f,0.2658652033926254f,-0.12259560634874954f,-0.3000583587357239f,0.11962215177982516f,0.7369786550730213f,0.6652465729113716f,1.316045573322607f,0.2672162604980918f,0.6214323419261011f,-0.7364898604418507f,0.7514473078500932f,0f,0f,0f,1f],start_interpolation:0}
execute if entity @s[tag=aj.labyria.bone.crown] run data modify entity @s {} merge value {transformation:[-0.8712397781244512f,0.4753015530351632f,-0.12259560634874954f,0.22462154240175808f,0.28325693755990916f,0.6908056923287883f,0.6652465729113716f,1.4550327394396076f,0.40088247197631044f,0.5448632205687087f,-0.7364898604418507f,0.8124992825399697f,0f,0f,0f,1f],start_interpolation:0}
execute if entity @s[tag=aj.labyria.bone.ear_edge_a1] run data modify entity @s {} merge value {transformation:[-0.9016643542696989f,0.4287036217806599f,0.05669741538686235f,0.2439793562792047f,0.2054807275855035f,0.30938076787318586f,0.9284725149734534f,1.4106730365571059f,0.38049843998410504f,0.8488207968366128f,-0.3670479424098702f,0.8115642396270402f,0f,0f,0f,1f],start_interpolation:0}
execute if entity @s[tag=aj.labyria.bone.ear_edge_a2] run data modify entity @s {} merge value {transformation:[-0.9576273915764923f,0.28237418789763996f,0.05669741538686235f,0.13652062649230806f,0.15455310393722982f,0.33771604492863216f,0.9284725149734534f,1.4318785315309481f,0.24302904551878132f,0.8978934741977526f,-0.3670479424098702f,0.8486059593563003f,0f,0f,0f,1f],start_interpolation:0}
execute if entity @s[tag=aj.labyria.bone.ear_edge_b1] run data modify entity @s {} merge value {transformation:[-0.8718529474788689f,0.4363092698339023f,0.22250091916532508f,0.11728664075794508f,0.1569458070246241f,-0.1814519053626169f,0.9707951481634347f,1.4907600784106734f,0.4639401379809651f,0.8813111976465989f,0.08972246804964851f,0.8273819137960453f,0f,0f,0f,1f],start_interpolation:0}
execute if entity @s[tag=aj.labyria.bone.ear_edge_b2] run data modify entity @s {} merge value {transformation:[-0.9640084061329149f,0.1455373968286543f,0.22250091916532508f,0.14710712232205803f,0.2053360548947337f,-0.12407209542278848f,0.9707951481634347f,1.4836686575643674f,0.16889315399193236f,0.9815421444144602f,0.08972246804964851f,0.8301597285243829f,0f,0f,0f,1f],start_interpolation:0}
execute if entity @s[tag=aj.labyria.bone.ear_right_2] run data modify entity @s {} merge value {transformation:[-0.929372798156944f,0.29454972927591777f,0.22250091916532508f,0.2312931475962549f,0.18339887544944725f,-0.15466619794322467f,0.9707951481634347f,1.488206007514852f,0.3203608192800878f,0.9430370216472259f,0.08972246804964851f,0.9205907527097205f,0f,0f,0f,1f],start_interpolation:0}
execute if entity @s[tag=aj.labyria.bone.ear_right_1] run data modify entity @s {} merge value {transformation:[-0.929372798156944f,0.36476239544994293f,0.05669741538686235f,0.14922160862001788f,0.18339887544944725f,0.3229607428508118f,0.9284725149734534f,1.4155398403734194f,0.3203608192800878f,0.8732953414755349f,-0.3670479424098702f,0.7240993008777254f,0f,0f,0f,1f],start_interpolation:0}
execute if entity @s[tag=aj.labyria.bone.ear_edge_a3] run data modify entity @s {} merge value {transformation:[-0.9885404346728938f,0.14932296024997396f,-0.022146389297337643f,-0.12475518404588817f,0.030991113147346316f,0.34433235602056367f,0.9383361761667381f,1.4568031363232978f,0.14774085393895917f,0.9268969102006502f,-0.3450141416491132f,0.9146113138730723f,0f,0f,0f,1f],start_interpolation:0}
execute if entity @s[tag=aj.labyria.bone.ear_edge_a4] run data modify entity @s {} merge value {transformation:[-0.9530106041283384f,0.302126340890742f,-0.022146389297337643f,-0.01193800342723944f,0.08447500902781784f,0.3352449751249583f,0.9383361761667381f,1.4504512733286192f,0.29092054115976085f,0.8923735096883127f,-0.3450141416491132f,0.8900944172759089f,0f,0f,0f,1f],start_interpolation:0}
execute if entity @s[tag=aj.labyria.bone.ear_edge_b3] run data modify entity @s {} merge value {transformation:[-0.9953766088146118f,0.04734068239750061f,0.08357192360392976f,0.006622748639704169f,0.07665174432562377f,-0.1327904489974591f,0.9881756962943848f,1.504604554112431f,0.05787846505014846f,0.990012907211412f,0.12854776092272713f,0.8583082010307843f,0f,0f,0f,1f],start_interpolation:0}
execute if entity @s[tag=aj.labyria.bone.ear_edge_b4] run data modify entity @s {} merge value {transformation:[-0.9320303345947739f,0.3526119524070213f,0.08357192360392976f,-0.018288405175618493f,0.03186563549538f,-0.14997791346589393f,0.9881756962943848f,1.504360269957454f,0.36097650431797923f,0.9236727973108904f,0.12854776092272713f,0.8763813957080115f,0f,0f,0f,1f],start_interpolation:0}
execute if entity @s[tag=aj.labyria.bone.ear_left_2] run data modify entity @s {} merge value {transformation:[-0.9757161567018269f,0.20246904735330173f,0.08357192360392976f,-0.040792981848973044f,0.054935031305328536f,-0.14314655283516314f,0.9881756962943848f,1.5222450218291594f,0.21203802462411575f,0.9687700187739379f,0.12854776092272713f,0.9966283258579768f,0f,0f,0f,1f],start_interpolation:0}
execute if entity @s[tag=aj.labyria.bone.ear_left_1] run data modify entity @s {} merge value {transformation:[-0.9757161567018269f,0.21791631190001673f,-0.022146389297337643f,-0.08982415202647673f,0.054935031305328536f,0.34133174893681717f,0.9383361761667381f,1.4454453783183756f,0.21203802462411575f,0.9143331549143496f,-0.3450141416491132f,0.7909033660022484f,0f,0f,0f,1f],start_interpolation:0}
execute if entity @s[tag=aj.labyria.bone.head] run data modify entity @s {} merge value {transformation:[-0.9561830425859784f,0.2658652033926254f,-0.12259560634874954f,-0.1027260757435516f,0.11962215177982516f,0.7369786550730213f,0.6652465729113716f,1.0320020932174936f,0.2672162604980918f,0.6214323419261011f,-0.7364898604418507f,0.4620325663416678f,0f,0f,0f,1f],start_interpolation:0}
execute if entity @s[tag=aj.labyria.bone.back_musket] run data modify entity @s {} merge value {transformation:[-1.5862455221320622f,-0.2917790121408482f,-0.2033391064578861f,-0.34983735165902397f,-0.2978374891470268f,1.5978139134518392f,0.030662169905515676f,0.9438629489502665f,0.19435692475334043f,0.06717400299841216f,-1.6125661784083758f,0.6100721286583825f,0f,0f,0f,1f],start_interpolation:0}
execute if entity @s[tag=aj.labyria.bone.body_1] run data modify entity @s {} merge value {transformation:[0.2627476367702537f,0.27416183916761294f,-0.9250940305265614f,-0.20553676543140645f,-0.6268125721053327f,0.777408479410731f,0.05236464065562037f,0.7404739134384695f,0.7335323297730945f,0.5661018831310554f,0.376110328352106f,0.24974436016752205f,0f,0f,0f,1f],start_interpolation:0}
execute if entity @s[tag=aj.labyria.bone.belt2] run data modify entity @s {} merge value {transformation:[-0.8472882546618654f,0.06658325254275231f,-0.5269433404009182f,0.16388766741400398f,-0.45238693910410976f,0.4293640742968279f,0.7816601237310516f,0.22221657171076303f,0.2782960129791021f,0.9006737268201267f,-0.3336737433120552f,-0.28258550112792785f,0f,0f,0f,1f],start_interpolation:0}
execute if entity @s[tag=aj.labyria.bone.leg_left_2] run data modify entity @s {} merge value {transformation:[-0.591688868110507f,0.06091875285415971f,-0.8038614239437047f,0.004588605446651822f,-0.7588244356137818f,0.29458913901742645f,0.5808637663759009f,0.2959713354438619f,0.2721943409946883f,0.9536803157891356f,-0.1280784759700167f,-0.1706748890786389f,0f,0f,0f,1f],start_interpolation:0}
execute if entity @s[tag=aj.labyria.bone.leg_left_1] run data modify entity @s {} merge value {transformation:[-0.591688868110507f,-0.45898327680431045f,-0.6627508091040588f,-0.1645154383292055f,-0.7588244356137818f,0.594664475964732f,0.26563064006438775f,0.4997939320888374f,0.2721943409946883f,0.6600822014261317f,-0.7001440766662952f,0.029948630169610135f,0f,0f,0f,1f],start_interpolation:0}
execute if entity @s[tag=aj.labyria.bone.belt] run data modify entity @s {} merge value {transformation:[-0.7840273562092304f,-0.4538111653515968f,-0.42350505418210793f,-0.24197734667867327f,0.4811232833305609f,-0.013196971369995689f,-0.8765536071364266f,0.5852099189959209f,0.3922008298726377f,-0.8910001493540196f,0.2286859044592148f,0.4993756910243795f,0f,0f,0f,1f],start_interpolation:0}
execute if entity @s[tag=aj.labyria.bone.leg_right_2] run data modify entity @s {} merge value {transformation:[-0.9336908830928625f,0.16977824233121838f,-0.3152723953348792f,-0.17028049445922816f,0.11498812752288104f,0.9759811057686523f,0.185036784752063f,0.43486106374304273f,0.3391151210990922f,0.1365145765606065f,-0.930787142706874f,0.5450269452483562f,0f,0f,0f,1f],start_interpolation:0}
execute if entity @s[tag=aj.labyria.bone.leg_right_1] run data modify entity @s {} merge value {transformation:[-0.9336908830928625f,-0.3350719066565958f,-0.12628599367619434f,-0.27923152659851336f,0.11498812752288104f,0.05343137462887272f,-0.9919288375352595f,0.4350295241678965f,0.3391151210990922f,-0.940676302228765f,-0.011359096230134338f,0.24499326927702506f,0f,0f,0f,1f],start_interpolation:0}
execute if entity @s[tag=aj.labyria.bone.skirt_forward_right] run data modify entity @s {} merge value {transformation:[-0.4549253137874085f,-0.2588689653122598f,-0.8520738334637368f,-0.20682627435804796f,-0.04659251316756502f,0.9624254301926395f,-0.2675190255575167f,0.646798838701264f,0.8893098990746466f,-0.08200091534045828f,-0.4498930465023535f,0.21335662130252722f,0f,0f,0f,1f],start_interpolation:0}
execute if entity @s[tag=aj.labyria.bone.skirt_forward_left] run data modify entity @s {} merge value {transformation:[-0.21867548596826603f,-0.4755535870571841f,-0.8520738334637368f,-0.20682627435804796f,-0.5989778038200595f,0.7547576839593321f,-0.2675190255575167f,0.646798838701264f,0.7703289053173592f,0.45187346054110133f,-0.4498930465023535f,0.21335662130252722f,0f,0f,0f,1f],start_interpolation:0}
execute if entity @s[tag=aj.labyria.bone.skirt_forward] run data modify entity @s {} merge value {transformation:[-0.3537973511532503f,-0.38574294114520846f,-0.8520738334637368f,-0.20682627435804796f,-0.3390748173342881f,0.9019211934612004f,-0.2675190255575167f,0.646798838701264f,0.8716970245255302f,0.19426925681169513f,-0.4498930465023535f,0.21335662130252722f,0f,0f,0f,1f],start_interpolation:0}
execute if entity @s[tag=aj.labyria.bone.skirt_back_right] run data modify entity @s {} merge value {transformation:[-0.25676081319049754f,0.35715890510300596f,-0.8980597982959577f,-0.20682627435804796f,-0.05973475862395583f,0.9215705371286023f,0.38358767408330185f,0.646798838701264f,0.9646272043758108f,0.15213566840856768f,-0.21528839953881906f,0.21335662130252722f,0f,0f,0f,1f],start_interpolation:0}
execute if entity @s[tag=aj.labyria.bone.skirt_back_left] run data modify entity @s {} merge value {transformation:[-0.416839986565177f,0.1404742833580817f,-0.8980597982959577f,-0.20682627435804796f,-0.5858355583636687f,0.7139027908952948f,0.38358767408330185f,0.646798838701264f,0.695011600016195f,0.6860100442901274f,-0.21528839953881906f,0.21335662130252722f,0f,0f,0f,1f],start_interpolation:0}
execute if entity @s[tag=aj.labyria.bone.skirt_back] run data modify entity @s {} merge value {transformation:[-0.3537973511532503f,0.26137335939526674f,-0.8980597982959577f,-0.20682627435804796f,-0.3390748173342881f,0.8590045195114411f,0.38358767408330185f,0.646798838701264f,0.8716970245255302f,0.44022176508817806f,-0.21528839953881906f,0.21335662130252722f,0f,0f,0f,1f],start_interpolation:0}
execute if entity @s[tag=aj.labyria.bone.skirt_right] run data modify entity @s {} merge value {transformation:[-0.32360773038501395f,0.14386740049815114f,-0.935189931462569f,-0.25617319304511976f,0.02393816596103937f,0.989301444179155f,0.1439083623541735f,0.6492215206981373f,0.9458884717795655f,0.02418312674041423f,-0.323589516726941f,0.4165380666365772f,0f,0f,0f,1f],start_interpolation:0}
execute if entity @s[tag=aj.labyria.bone.skirt_left] run data modify entity @s {} merge value {transformation:[-0.33509422644737047f,-0.2388626837833387f,-0.9114035756444337f,-0.14325613167710263f,-0.6552296240871158f,0.7541908398416498f,0.04324715964781775f,0.778508106530162f,0.6770420955304739f,0.611670495769387f,-0.4092349025742269f,0.06812295362350776f,0f,0f,0f,1f],start_interpolation:0}
execute if entity @s[tag=aj.labyria.bone.coat_downer] run data modify entity @s {} merge value {transformation:[-0.3537973511532503f,0.46425305146025f,-0.8119707744289754f,-0.20886147647495398f,-0.3390748173342881f,0.7454029619736215f,0.5739361397670224f,0.5264624265755267f,0.8716970245255302f,0.4783759280009795f,-0.10630507486728413f,0.16572184120123906f,0f,0f,0f,1f],start_interpolation:0}
execute if entity @s[tag=aj.labyria.bone.body_2] run data modify entity @s {} merge value {transformation:[-0.3537973511532503f,0.015723434992996776f,-0.935189931462569f,-0.20525000000000004f,-0.3390748173342881f,0.9296873945011082f,0.1439083623541735f,0.74f,0.8716970245255302f,0.36801375259324476f,-0.323589516726941f,0.25025f,0f,0f,0f,1f],start_interpolation:0}
execute if entity @s[tag=aj.labyria.bone.sphere] run data modify entity @s {} merge value {transformation:[-0.5525190128883087f,0f,-0.8335002941792697f,-0.5191613156476441f,0f,1f,0f,1.70875f,0.8335002941792697f,0f,-0.5525190128883087f,-0.840540624230134f,0f,0f,0f,1f],start_interpolation:0}