execute if entity @s[tag=aj.louvert.bone.head] run data modify entity @s {} merge value {transformation:[-1f,-7.214538087151599e-17f,9.895777809511727e-17f,-0.002695000000000038f,0f,0.8080515799658768f,0.5891117416200853f,1.0872927965897012f,-1.2246467991473532e-16f,0.5891117416200853f,-0.8080515799658768f,0.31811397365269833f,0f,0f,0f,1f],start_interpolation:0}
execute if entity @s[tag=aj.louvert.bone.coat_0] run data modify entity @s {} merge value {transformation:[-0.9961946980917455f,0.0871557427476582f,1.2199866483456202e-16f,-0.252695f,0.08682408883346518f,0.9924038765061041f,-0.08715574274765803f,0.5112835946672563f,-0.00759612349389608f,-0.08682408883346501f,-0.9961946980917455f,0.07708529490226733f,0f,0f,0f,1f],start_interpolation:0}
execute if entity @s[tag=aj.louvert.bone.coat_1] run data modify entity @s {} merge value {transformation:[-0.9659258262890683f,-0.25881904510252074f,1.2199866483456202e-16f,0.247305f,-0.25783416049629954f,0.9622501868990583f,-0.08715574274765803f,0.5112835946672563f,0.022557566113149678f,-0.08418598282936908f,-0.9961946980917455f,0.0770852949022674f,0f,0f,0f,1f],start_interpolation:0}
execute if entity @s[tag=aj.louvert.bone.coat_2] run data modify entity @s {} merge value {transformation:[-1f,-1.0605752387249072e-16f,6.123233995736765e-17f,-0.002694999999999994f,0f,0.4999999999999997f,0.8660254037844388f,0.500389126823799f,-1.2246467991473532e-16f,0.8660254037844388f,-0.4999999999999997f,-0.04743904235920082f,0f,0f,0f,1f],start_interpolation:0}
execute if entity @s[tag=aj.louvert.bone.right_leg_1] run data modify entity @s {} merge value {transformation:[-1f,1.4162790851012977e-17f,1.2164297423990027e-16f,-0.12769500000000003f,0f,0.9932902639731949f,-0.11564796364856916f,0.3824880529589434f,-1.2246467991473532e-16f,-0.11564796364856916f,-0.9932902639731949f,0.40013169104539453f,0f,0f,0f,1f],start_interpolation:0}
execute if entity @s[tag=aj.louvert.bone.right_leg_0] run data modify entity @s {} merge value {transformation:[-1f,1.1020230589451636e-16f,5.341394576465986e-17f,-0.127695f,0f,0.4361579665406281f,-0.8998701174186997f,0.5112835946672563f,-1.2246467991473532e-16f,-0.8998701174186997f,-0.4361579665406281f,0.07708529490226734f,0f,0f,0f,1f],start_interpolation:0}
execute if entity @s[tag=aj.louvert.bone.left_leg_1] run data modify entity @s {} merge value {transformation:[-0.984807753012208f,-0.014850610899424771f,-0.1730119908068793f,0.18002526927590126f,-0.17298739392508944f,0.17073794372071927f,0.9700123278170368f,0.16482514945768245f,0.01513443590133848f,0.9852045543591109f,-0.17071301918721338f,-0.1270567604358776f,0f,0f,0f,1f],start_interpolation:0}
execute if entity @s[tag=aj.louvert.bone.left_leg_0] run data modify entity @s {} merge value {transformation:[-0.984807753012208f,-0.14208066283298773f,-0.09983373606143699f,0.122305f,-0.17298739392508944f,0.8528207882081816f,0.4927190525471711f,0.5112835946672563f,0.01513443590133848f,0.5025035208323568f,-0.8644426877480273f,0.07708529490226737f,0f,0f,0f,1f],start_interpolation:0}
execute if entity @s[tag=aj.louvert.bone.body_1] run data modify entity @s {} merge value {transformation:[-1f,1.067350013832297e-17f,1.2199866483456202e-16f,-0.0026950000000000056f,0f,0.9961946980917455f,-0.08715574274765803f,0.8225944378209267f,-1.2246467991473532e-16f,-0.08715574274765803f,-0.9961946980917455f,0.04984912529362423f,0f,0f,0f,1f],start_interpolation:0}
execute if entity @s[tag=aj.louvert.locator_origin.locator] at @s on origin run tp @s ^0.15203 ^0.07529 ^1.15737 ~-38.84059 ~21.86694
execute if entity @s[tag=aj.louvert.bone.sword_0] run data modify entity @s {} merge value {transformation:[-0.7899692351078738f,-0.19283805073258165f,-0.5820327256888047f,-0.3637818094750684f,-0.46978971310243683f,0.8003604526419351f,0.37245237455267666f,0.4229986485016971f,0.39401298588525135f,0.567658904657062f,-0.7228534671130336f,0.5377776426819112f,0f,0f,0f,1f],start_interpolation:0}
execute if entity @s[tag=aj.louvert.bone.right_arm_1] run data modify entity @s {} merge value {transformation:[-0.07782838788448602f,-0.9659258262890683f,-0.24684011049074378f,-0.3238913712139019f,-0.9245824670254223f,0.1625498911367707f,-0.3445646449660907f,0.7689211872862287f,0.3729477224873295f,0.20140712747865852f,-0.9057290794118898f,0.39818307204930165f,0f,0f,0f,1f],start_interpolation:0}
execute if entity @s[tag=aj.louvert.bone.right_arm_0] run data modify entity @s {} merge value {transformation:[-0.07782838788448602f,-0.9659258262890683f,-0.24684011049074378f,-0.29957f,-0.9245824670254223f,0.1625498911367707f,-0.3445646449660907f,1.0578532082316732f,0.3729477224873295f,0.20140712747865852f,-0.9057290794118898f,0.2816369087720112f,0f,0f,0f,1f],start_interpolation:0}
execute if entity @s[tag=aj.louvert.locator_origin.locator2] at @s on origin run tp @s ^0.64739 ^0.04618 ^-0.50241 ~172.96212 ~69.57106
execute if entity @s[tag=aj.louvert.bone.sword_1] run data modify entity @s {} merge value {transformation:[-0.9986510557746658f,0.029445798036440183f,0.042766970644905394f,0.6856936627631462f,0.029877279213974702f,-0.34776438436791457f,0.9371058004046157f,0.8595358852046864f,0.04246665735509717f,0.9371194576697264f,0.34641550928023157f,-0.17399294442238153f,0f,0f,0f,1f],start_interpolation:0}
execute if entity @s[tag=aj.louvert.bone.left_arm_1] run data modify entity @s {} merge value {transformation:[-0.6028046576597514f,0.7978332017933808f,0.00941949148480228f,0.4513064555186723f,0.3384363863240274f,0.24497982887012454f,0.9085404205970684f,0.9815314258634427f,0.7225561273116735f,0.5508602958671889f,-0.4176907675798803f,0.09231518386780035f,0f,0f,0f,1f],start_interpolation:0}
execute if entity @s[tag=aj.louvert.bone.left_arm_0] run data modify entity @s {} merge value {transformation:[-0.6028046576597514f,0.7978332017933808f,0.00941949148480228f,0.26293f,0.3384363863240274f,0.24497982887012454f,0.9085404205970684f,1.0872927965897012f,0.7225561273116735f,0.5508602958671889f,-0.4176907675798803f,0.31811397365269833f,0f,0f,0f,1f],start_interpolation:0}
execute if entity @s[tag=aj.louvert.bone.wing_0] run data modify entity @s {} merge value {transformation:[-0.9997855395646917f,-9.529924426330402e-17f,0.020709294467419977f,-0.0026949999999999674f,0.01611550459565503f,0.6280445516379334f,0.7780104958607786f,1.260491174024824f,-0.01300635955852879f,0.7781773841213243f,-0.6279098609299961f,-0.2634067779579735f,0f,0f,0f,1f],start_interpolation:0}
execute if entity @s[tag=aj.louvert.bone.wing_1] run data modify entity @s {} merge value {transformation:[-0.9997855395646917f,-9.529924426330402e-17f,-0.020709294467419825f,-0.0026949999999999865f,-0.01611550459565503f,0.6280445516379334f,0.7780104958607786f,1.0659468279944928f,0.013006359558528543f,0.7781773841213243f,-0.6279098609299961f,-0.10639564004849025f,0f,0f,0f,1f],start_interpolation:0}
execute if entity @s[tag=aj.louvert.bone.body_0] run data modify entity @s {} merge value {transformation:[-1f,-9.529924426330402e-17f,7.691327498853297e-17f,-0.006078750000000024f,0f,0.6280445516379334f,0.7781773841213243f,0.9971800000000001f,-1.2246467991473532e-16f,0.7781773841213243f,-0.6280445516379334f,0.20330625f,0f,0f,0f,1f],start_interpolation:0}