execute if entity @s[tag=aj.louvert.bone.head] run data modify entity @s {} merge value {transformation:[-1f,-7.72952099466421e-17f,9.498972758105529e-17f,-0.0026950000000000385f,0f,0.7756499886105188f,0.6311632872470498f,1.0668138303454537f,-1.2246467991473532e-16f,0.6311632872470498f,-0.7756499886105188f,0.3227343020497456f,0f,0f,0f,1f],start_interpolation:0}
execute if entity @s[tag=aj.louvert.bone.coat_0] run data modify entity @s {} merge value {transformation:[-0.9961946980917455f,0.0871557427476582f,1.21998664834562e-16f,-0.252695f,0.08682408883346518f,0.9924038765061041f,-0.08715574274765836f,0.5054138867799043f,-0.0075961234938961095f,-0.08682408883346535f,-0.9961946980917455f,0.06803662861151903f,0f,0f,0f,1f],start_interpolation:0}
execute if entity @s[tag=aj.louvert.bone.coat_1] run data modify entity @s {} merge value {transformation:[-0.9659258262890683f,-0.25881904510252074f,1.21998664834562e-16f,0.247305f,-0.25783416049629954f,0.9622501868990583f,-0.08715574274765836f,0.5054138867799043f,0.022557566113149765f,-0.0841859828293694f,-0.9961946980917455f,0.06803662861151909f,0f,0f,0f,1f],start_interpolation:0}
execute if entity @s[tag=aj.louvert.bone.coat_2] run data modify entity @s {} merge value {transformation:[-1f,-1.0605752387249068e-16f,6.123233995736766e-17f,-0.002694999999999993f,0f,0.5f,0.8660254037844387f,0.4945194189364469f,-1.2246467991473532e-16f,0.8660254037844387f,-0.5f,-0.056487708649949134f,0f,0f,0f,1f],start_interpolation:0}
execute if entity @s[tag=aj.louvert.bone.right_leg_1] run data modify entity @s {} merge value {transformation:[-1f,2.379523441344489e-17f,1.2013069818255358e-16f,-0.12769500000000003f,0f,0.9809415928428773f,-0.19430283433567996f,0.4027265933903599f,-1.2246467991473532e-16f,-0.19430283433567996f,-0.9809415928428773f,0.4003054736772724f,0f,0f,0f,1f],start_interpolation:0}
execute if entity @s[tag=aj.louvert.bone.right_leg_0] run data modify entity @s {} merge value {transformation:[-1f,1.1410237335756008e-16f,4.447747992850472e-17f,-0.127695f,0f,0.3631861852696768f,-0.931716585034988f,0.5054138867799043f,-1.2246467991473532e-16f,-0.931716585034988f,-0.3631861852696768f,0.06803662861151905f,0f,0f,0f,1f],start_interpolation:0}
execute if entity @s[tag=aj.louvert.bone.left_leg_1] run data modify entity @s {} merge value {transformation:[-0.984807753012208f,-0.00564828879520024f,-0.17355629185002722f,0.17779163371612358f,-0.17298739392508947f,0.11902076652198934f,0.9777062026393838f,0.17006609902497838f,0.015134435901338535f,0.9928756991538288f,-0.11818965639912904f,-0.15445417395508124f,0f,0f,0f,1f],start_interpolation:0}
execute if entity @s[tag=aj.louvert.bone.left_leg_0] run data modify entity @s {} merge value {transformation:[-0.984807753012208f,-0.13658248299353495f,-0.10723299373964407f,0.122305f,-0.17298739392508947f,0.8254714775505868f,0.5372822361603415f,0.5054138867799043f,0.015134435901338535f,0.5476696678562469f,-0.8365577587711303f,0.06803662861151907f,0f,0f,0f,1f],start_interpolation:0}
execute if entity @s[tag=aj.louvert.bone.body_1] run data modify entity @s {} merge value {transformation:[-1f,1.0673500138322995e-17f,1.21998664834562e-16f,-0.0026950000000000047f,0f,0.9961946980917455f,-0.08715574274765836f,0.8167247299335747f,-1.2246467991473532e-16f,-0.08715574274765836f,-0.9961946980917455f,0.04080045900287582f,0f,0f,0f,1f],start_interpolation:0}
execute if entity @s[tag=aj.louvert.locator_origin.locator] at @s on origin run tp @s ^0.14549 ^0.03845 ^1.12865 ~-38.33479 ~22.29312
execute if entity @s[tag=aj.louvert.bone.sword_0] run data modify entity @s {} merge value {transformation:[-0.7899692351078736f,-0.2158554248166656f,-0.5738946272272444f,-0.3637818094750684f,-0.4900372050476788f,0.7848317057002079f,0.3793451349322433f,0.39179863141220084f,0.36852699392600835f,0.5809007052026357f,-0.725770091311939f,0.5068356977110592f,0f,0f,0f,1f],start_interpolation:0}
execute if entity @s[tag=aj.louvert.bone.right_arm_1] run data modify entity @s {} merge value {transformation:[-0.07782838788448602f,-0.9659258262890683f,-0.24684011049074378f,-0.3238913712139019f,-0.9430712206107424f,0.15163257387512477f,-0.29601391081462625f,0.7446417328022217f,0.32335648268600803f,0.20974951882611184f,-0.9227381667933477f,0.3857952383980268f,0f,0f,0f,1f],start_interpolation:0}
execute if entity @s[tag=aj.louvert.bone.right_arm_0] run data modify entity @s {} merge value {transformation:[-0.07782838788448602f,-0.9659258262890683f,-0.24684011049074378f,-0.29957f,-0.9430712206107424f,0.15163257387512477f,-0.29601391081462625f,1.0393514892430786f,0.32335648268600803f,0.20974951882611184f,-0.9227381667933477f,0.2847463375586493f,0f,0f,0f,1f],start_interpolation:0}
execute if entity @s[tag=aj.louvert.locator_origin.locator2] at @s on origin run tp @s ^0.67858 ^0.0744 ^-0.54175 ~176.53201 ~66.61183
execute if entity @s[tag=aj.louvert.bone.sword_1] run data modify entity @s {} merge value {transformation:[-0.9996544872163591f,0.010691665726905816f,0.02401238164327464f,0.6999358225790248f,0.017805720590376186f,-0.3965588362908534f,0.9178366116438705f,0.8695669984445548f,0.019335524364641067f,0.9179470451195035f,0.3962314473308704f,-0.1701055729512477f,0f,0f,0f,1f],start_interpolation:0}
execute if entity @s[tag=aj.louvert.bone.left_arm_1] run data modify entity @s {} merge value {transformation:[-0.6237671958415283f,0.7815534304548437f,0.009419168554724012f,0.4578572487004776f,0.29380855044127163f,0.22329092886151145f,0.9294179343953731f,0.9749986583325564f,0.7242865600572713f,0.5825078509620528f,-0.36890863704713583f,0.09639475203184833f,0f,0f,0f,1f],start_interpolation:0}
execute if entity @s[tag=aj.louvert.bone.left_arm_0] run data modify entity @s {} merge value {transformation:[-0.6237671958415283f,0.7815534304548437f,0.009419168554724012f,0.26293f,0.29380855044127163f,0.22329092886151145f,0.9294179343953731f,1.0668138303454537f,0.7242865600572713f,0.5825078509620528f,-0.36890863704713583f,0.3227343020497456f,0f,0f,0f,1f],start_interpolation:0}
execute if entity @s[tag=aj.louvert.bone.wing_0] run data modify entity @s {} merge value {transformation:[-0.9916853631238006f,-9.924659012297459e-17f,0.12868620969636108f,-0.002694999999999969f,0.10428857950803472f,0.5858632768506724f,0.8036716450279857f,1.2706282834997285f,-0.07539252449820295f,0.8104099091433867f,-0.5809920364445588f,-0.24877574264362975f,0f,0f,0f,1f],start_interpolation:0}
execute if entity @s[tag=aj.louvert.bone.wing_1] run data modify entity @s {} merge value {transformation:[-0.9916853631238006f,-9.924659012297459e-17f,-0.1286862096963609f,-0.002694999999999987f,-0.10428857950803472f,0.5858632768506724f,0.8036716450279857f,1.0680258062138819f,0.0753925244982027f,0.8104099091433867f,-0.5809920364445588f,-0.10230992343096165f,0f,0f,0f,1f],start_interpolation:0}
execute if entity @s[tag=aj.louvert.bone.body_0] run data modify entity @s {} merge value {transformation:[-1f,-9.924659012297459e-17f,7.174755867331556e-17f,-0.006078750000000024f,0f,0.5858632768506724f,0.8104099091433867f,0.9829206250000001f,-1.2246467991473532e-16f,0.8104099091433867f,-0.5858632768506724f,0.20330625f,0f,0f,0f,1f],start_interpolation:0}