execute if entity @s[tag=aj.louvert.bone.head] run data modify entity @s {} merge value {transformation:[-0.9997488992225007f,-0.021598707752353567f,0.005969449457566375f,-0.004958782284206669f,-0.021820142286180122f,0.9989644580381821f,-0.039923589105839624f,1.4178596346053391f,-0.00510096990864204f,-0.04004381849810876f,-0.9991849041624286f,-0.07702884276755924f,0f,0f,0f,1f],start_interpolation:0}
execute if entity @s[tag=aj.louvert.bone.coat_0] run data modify entity @s {} merge value {transformation:[-0.9919442474461696f,0.1166265413896088f,0.04944552357847964f,-0.2587680706832992f,0.0746942206649192f,0.8537588489140235f,-0.5152830302855529f,0.6702616915477724f,-0.10231023095327507f,-0.5074387428493212f,-0.8555925075044709f,-0.018331755048770715f,0f,0f,0f,1f],start_interpolation:0}
execute if entity @s[tag=aj.louvert.bone.coat_1] run data modify entity @s {} merge value {transformation:[-0.9720113159578478f,-0.22967181335101383f,0.04944552357847964f,0.24039906579039202f,-0.2218131158969534f,0.8278178183125939f,-0.5152830302855529f,0.6702616915477724f,0.07741410250062733f,-0.5118286020107066f,-0.8555925075044709f,0.010515599503341355f,0f,0f,0f,1f],start_interpolation:0}
execute if entity @s[tag=aj.louvert.bone.coat_2] run data modify entity @s {} merge value {transformation:[-0.9983342729473825f,-0.018728685603619927f,0.05457028306855114f,-0.003003811999143651f,8.673617379884035e-19f,0.9458455361993634f,0.32461703844952233f,0.6058513127620784f,-0.057694709104224105f,0.32407631506683654f,-0.9442700157021187f,-0.11085714121077354f,0f,0f,0f,1f],start_interpolation:0}
execute if entity @s[tag=aj.louvert.bone.right_leg_1] run data modify entity @s {} merge value {transformation:[-0.9983342729473825f,0.021601264142856125f,0.05349826956128205f,-0.15216632272855998f,8.673617379884035e-19f,0.9272647421557967f,-0.37440632734336127f,0.41711717310732394f,-0.057694709104224105f,-0.37378266859523407f,-0.9257201721898494f,0.3036357485420432f,0f,0f,0f,1f],start_interpolation:0}
execute if entity @s[tag=aj.louvert.bone.right_leg_0] run data modify entity @s {} merge value {transformation:[-0.9983342729473825f,0.0452759621468505f,0.03575984773874185f,-0.13397628656487642f,8.673617379884035e-19f,0.619811561475118f,-0.7847506790451195f,0.6702616915477724f,-0.057694709104224105f,-0.783443498609474f,-0.6187791245896439f,-0.011119916410742697f,0f,0f,0f,1f],start_interpolation:0}
execute if entity @s[tag=aj.louvert.bone.left_leg_1] run data modify entity @s {} merge value {transformation:[-0.9883297369231976f,-0.11229048137374394f,-0.10293288544569157f,0.17743051339123728f,-0.1488199732089748f,0.8559809652982157f,0.4951254412986825f,0.2745490499027096f,0.03251071650091726f,0.5046656663970593f,-0.8627025086741136f,0.07133651593279408f,0f,0f,0f,1f],start_interpolation:0}
execute if entity @s[tag=aj.louvert.bone.left_leg_0] run data modify entity @s {} merge value {transformation:[-0.9883297369231976f,-0.15218026269358295f,-0.006745276853849763f,0.11560728167196921f,-0.1488199732089748f,0.9740618871263084f,-0.1704583691756289f,0.6702616915477724f,0.03251071650091726f,-0.16746524324302953f,-0.9853417912674515f,0.0033037608653133377f,0f,0f,0f,1f],start_interpolation:0}
execute if entity @s[tag=aj.louvert.bone.body_1] run data modify entity @s {} merge value {transformation:[-0.9983342729473825f,0.029729104538668068f,0.04944552357847964f,0.00010584272188016511f,8.673617379884035e-19f,0.8570200690180704f,-0.5152830302855529f,0.9380804631159194f,-0.057694709104224105f,-0.5144247094022515f,-0.8555925075044709f,-0.16466579946091828f,0f,0f,0f,1f],start_interpolation:0}
execute if entity @s[tag=aj.louvert.locator_origin.locator] at @s on origin run tp @s ^-0.31191 ^0.13088 ^0.50161 ~-24.77445 ~43.02493
execute if entity @s[tag=aj.louvert.bone.sword_0] run data modify entity @s {} merge value {transformation:[-0.9476054852318774f,-0.09052704189815138f,-0.30634735031272636f,-0.5831194893879146f,-0.2849011188801528f,0.6732573722118238f,0.6823165418068555f,0.7472186080785653f,0.14448251388765027f,0.733845600550688f,-0.663773634406418f,-0.061806185151455265f,0f,0f,0f,1f],start_interpolation:0}
execute if entity @s[tag=aj.louvert.bone.right_arm_1] run data modify entity @s {} merge value {transformation:[-0.39671837846052804f,-0.9148365181219651f,-0.07542329416121327f,-0.4246239292687737f,-0.9154632898994888f,0.4003422130366224f,-0.04065805341312062f,1.0864529158183056f,0.06739060051708834f,0.05291745998646645f,-0.9963223621853154f,-0.08503409785934353f,0f,0f,0f,1f],start_interpolation:0}
execute if entity @s[tag=aj.louvert.bone.right_arm_0] run data modify entity @s {} merge value {transformation:[-0.39671837846052804f,-0.9148365181219651f,-0.07542329416121327f,-0.30064943599985866f,-0.9154632898994888f,0.4003422130366224f,-0.04065805341312062f,1.3725351939118957f,0.06739060051708834f,0.05291745998646645f,-0.9963223621853154f,-0.10609366052093364f,0f,0f,0f,1f],start_interpolation:0}
execute if entity @s[tag=aj.louvert.locator_origin.locator2] at @s on origin run tp @s ^0.64722 ^0.0824 ^0.07623 ~7.85518 ~68.2414
execute if entity @s[tag=aj.louvert.bone.sword_1] run data modify entity @s {} merge value {transformation:[-0.9986973700743773f,-0.006067964952836118f,0.05066303196466769f,0.6915201787449193f,0.044879119844543236f,0.367970161979482f,0.9287539095448117f,0.9070629233927052f,-0.024278130251337793f,0.9298177991919302f,-0.36721850810842066f,-0.2218237251085977f,0f,0f,0f,1f],start_interpolation:0}
execute if entity @s[tag=aj.louvert.bone.left_arm_1] run data modify entity @s {} merge value {transformation:[-0.6160615444865161f,0.7867698119709274f,0.03822873756900262f,0.4522018548089949f,0.747606525571538f,0.5687308296889215f,0.34297190305359415f,1.180597745070501f,0.2480980780412086f,0.23987185398162503f,-0.9385674388874122f,-0.12884127938843692f,0f,0f,0f,1f],start_interpolation:0}
execute if entity @s[tag=aj.louvert.bone.left_arm_0] run data modify entity @s {} merge value {transformation:[-0.6143299066929697f,0.7867698119709274f,0.059933535802907535f,0.2602237589674419f,0.7592380465114822f,0.5687308296889215f,0.31639031605088525f,1.4178596346053391f,0.21484029992539908f,0.23987185398162503f,-0.9467339326312237f,-0.06170368566174971f,0f,0f,0f,1f],start_interpolation:0}
execute if entity @s[tag=aj.louvert.bone.wing_0] run data modify entity @s {} merge value {transformation:[-0.931909636876793f,-0.0147164493995121f,0.36239185257568274f,0.027993121688820934f,0.079039317941757f,0.9669214014601256f,0.24251966851719128f,1.213017655644896f,-0.35397346640033006f,0.2546496210785677f,-0.8999201940000436f,-0.6472200371752963f,0f,0f,0f,1f],start_interpolation:0}
execute if entity @s[tag=aj.louvert.bone.wing_1] run data modify entity @s {} merge value {transformation:[-0.9664823360192547f,-0.0147164493995121f,-0.25631098353335546f,0.014046559442848274f,-0.079039317941757f,0.9669214014601256f,0.24251966851719128f,1.1492490292491584f,0.24426354697757552f,0.2546496210785677f,-0.9356756329532556f,-0.40589234359430654f,0f,0f,0f,1f],start_interpolation:0}
execute if entity @s[tag=aj.louvert.bone.body_0] run data modify entity @s {} merge value {transformation:[-0.9983342729473825f,-0.0147164493995121f,0.055786248983890646f,-0.006078749999999985f,8.673617379884035e-19f,0.9669214014601256f,0.2550745055829502f,1.2772565625f,-0.057694709104224105f,0.2546496210785677f,-0.9653107743239587f,-0.11629843749999998f,0f,0f,0f,1f],start_interpolation:0}