execute if entity @s[tag=aj.louvert.bone.head] run data modify entity @s {} merge value {transformation:[-1f,-7.79634799225118e-17f,9.444201197025971e-17f,-0.002695000000000039f,0f,0.7711775512418267f,0.6366201257112909f,1.0640742035235693f,-1.2246467991473532e-16f,0.6366201257112909f,-0.7711775512418267f,0.32332323255280415f,0f,0f,0f,1f],start_interpolation:0}
execute if entity @s[tag=aj.louvert.bone.coat_0] run data modify entity @s {} merge value {transformation:[-0.9961946980917455f,0.0871557427476582f,1.2199866483456202e-16f,-0.252695f,0.08682408883346518f,0.9924038765061041f,-0.08715574274765814f,0.5046696505423178f,-0.0075961234938960905f,-0.08682408883346512f,-0.9961946980917455f,0.06686808903397762f,0f,0f,0f,1f],start_interpolation:0}
execute if entity @s[tag=aj.louvert.bone.coat_1] run data modify entity @s {} merge value {transformation:[-0.9659258262890683f,-0.25881904510252074f,1.2199866483456202e-16f,0.247305f,-0.25783416049629954f,0.9622501868990583f,-0.08715574274765814f,0.5046696505423178f,0.02255756611314971f,-0.08418598282936919f,-0.9961946980917455f,0.06686808903397767f,0f,0f,0f,1f],start_interpolation:0}
execute if entity @s[tag=aj.louvert.bone.coat_2] run data modify entity @s {} merge value {transformation:[-1f,-1.0605752387249072e-16f,6.123233995736764e-17f,-0.002694999999999992f,0f,0.49999999999999983f,0.8660254037844388f,0.4937751826988605f,-1.2246467991473532e-16f,0.8660254037844388f,-0.49999999999999983f,-0.05765624822749055f,0f,0f,0f,1f],start_interpolation:0}
execute if entity @s[tag=aj.louvert.bone.right_leg_1] run data modify entity @s {} merge value {transformation:[-1f,2.506525014085523e-17f,1.1987214464584728e-16f,-0.12769500000000003f,0f,0.9788303429960944f,-0.2046732997490105f,0.40550452321490826f,-1.2246467991473532e-16f,-0.2046732997490105f,-0.9788303429960944f,0.4002050704013901f,0f,0f,0f,1f],start_interpolation:0}
execute if entity @s[tag=aj.louvert.bone.right_leg_0] run data modify entity @s {} merge value {transformation:[-1f,1.145666904693492e-16f,4.326743881395003e-17f,-0.127695f,0f,0.3533054497351767f,-0.9355080219791944f,0.5046696505423178f,-1.2246467991473532e-16f,-0.9355080219791944f,-0.3533054497351767f,0.06686808903397763f,0f,0f,0f,1f],start_interpolation:0}
execute if entity @s[tag=aj.louvert.bone.left_leg_1] run data modify entity @s {} merge value {transformation:[-0.984807753012208f,-0.0044236330801201845f,-0.173591823187091f,0.17748289389818225f,-0.17298739392508944f,0.11211966158119707f,0.9785216109161432f,0.17087020575637446f,0.015134435901338499f,0.9936848660200528f,-0.11118154474847852f,-0.15801497654801977f,0f,0f,0f,1f],start_interpolation:0}
execute if entity @s[tag=aj.louvert.bone.left_leg_0] run data modify entity @s {} merge value {transformation:[-0.984807753012208f,-0.135822508057064f,-0.10819397354813524f,0.122305f,-0.17298739392508944f,0.8216601717807837f,0.5430929235887532f,0.5046696505423178f,0.015134435901338499f,0.5535583152787629f,-0.8326728892162193f,0.06686808903397766f,0f,0f,0f,1f],start_interpolation:0}
execute if entity @s[tag=aj.louvert.bone.body_1] run data modify entity @s {} merge value {transformation:[-1f,1.0673500138322964e-17f,1.2199866483456202e-16f,-0.002695000000000004f,0f,0.9961946980917455f,-0.08715574274765814f,0.8159804936959882f,-1.2246467991473532e-16f,-0.08715574274765814f,-0.9961946980917455f,0.03963191942533448f,0f,0f,0f,1f],start_interpolation:0}
execute if entity @s[tag=aj.louvert.locator_origin.locator] at @s on origin run tp @s ^0.14456 ^0.03362 ^1.12477 ~-38.26358 ~22.35349
execute if entity @s[tag=aj.louvert.bone.sword_0] run data modify entity @s {} merge value {transformation:[-0.7899692351078735f,-0.2188892209006379f,-0.5727443727847467f,-0.3637818094750684f,-0.4926251263132713f,0.7827371210160919f,0.3803197132785433f,0.3877768902211356f,0.3650603956990056f,0.5825891419833978f,-0.7261685748744118f,0.5026575201144767f,0f,0f,0f,1f],start_interpolation:0}
execute if entity @s[tag=aj.louvert.bone.right_arm_1] run data modify entity @s {} merge value {transformation:[-0.07782838788448602f,-0.9659258262890683f,-0.24684011049074378f,-0.3238913712139019f,-0.9453291683047023f,0.15014892566802163f,-0.2894962239357867f,0.7414652024735436f,0.316694656714701f,0.21081413194688714f,-0.9248037068372069f,0.38410953503973383f,0f,0f,0f,1f],start_interpolation:0}
execute if entity @s[tag=aj.louvert.bone.right_arm_0] run data modify entity @s {} merge value {transformation:[-0.07782838788448602f,-0.9659258262890683f,-0.24684011049074378f,-0.29957f,-0.9453291683047023f,0.15014892566802163f,-0.2894962239357867f,1.0368805675687631f,0.316694656714701f,0.21081413194688714f,-0.9248037068372069f,0.2851424548163898f,0f,0f,0f,1f],start_interpolation:0}
execute if entity @s[tag=aj.louvert.locator_origin.locator2] at @s on origin run tp @s ^0.68271 ^0.0783 ^-0.54674 ~176.94176 ~66.21375
execute if entity @s[tag=aj.louvert.bone.sword_1] run data modify entity @s {} merge value {transformation:[-0.9997348616078889f,0.008196830984038912f,0.02151786345513233f,0.7018064039319222f,0.01639114631309171f,-0.4029924292678438f,0.9150565186234918f,0.8708580801668145f,0.01617209969043746f,0.9151666044576916f,0.4027512250471518f,-0.16945113346137658f,0f,0f,0f,1f],start_interpolation:0}
execute if entity @s[tag=aj.louvert.bone.left_arm_1] run data modify entity @s {} merge value {transformation:[-0.6265214683531959f,0.7793472427227205f,0.00941939239271639f,0.4587179588603737f,0.2879084542293491f,0.22018675587904585f,0.9320013489897578f,0.9741028115768977f,0.7242786560957198f,0.5866307763797891f,-0.3623323895654704f,0.0969861525228917f,0f,0f,0f,1f],start_interpolation:0}
execute if entity @s[tag=aj.louvert.bone.left_arm_0] run data modify entity @s {} merge value {transformation:[-0.6265214683531959f,0.7793472427227205f,0.00941939239271639f,0.26293f,0.2879084542293491f,0.22018675587904585f,0.9320013489897578f,1.0640742035235693f,0.7242786560957198f,0.5866307763797891f,-0.3623323895654704f,0.32332323255280415f,0f,0f,0f,1f],start_interpolation:0}
execute if entity @s[tag=aj.louvert.bone.wing_0] run data modify entity @s {} merge value {transformation:[-0.9983386051034823f,-9.975033012022685e-17f,0.05761969767391376f,-0.002694999999999969f,0.04693258389604455f,0.5801309003691988f,0.8131700135922768f,1.2719158357100766f,-0.03342696709056871f,0.814523258376839f,-0.5791670738520132f,-0.24673458769883364f,0f,0f,0f,1f],start_interpolation:0}
execute if entity @s[tag=aj.louvert.bone.wing_1] run data modify entity @s {} merge value {transformation:[-0.9983386051034823f,-9.975033012022685e-17f,-0.057619697673913624f,-0.002694999999999987f,-0.04693258389604455f,0.5801309003691988f,0.8131700135922768f,1.0682850211158668f,0.03342696709056846f,0.814523258376839f,-0.5791670738520132f,-0.10170186260653394f,0f,0f,0f,1f],start_interpolation:0}
execute if entity @s[tag=aj.louvert.bone.body_0] run data modify entity @s {} merge value {transformation:[-1f,-9.975033012022685e-17f,7.104554502236114e-17f,-0.006078750000000024f,0f,0.5801309003691988f,0.814523258376839f,0.9810257031250001f,-1.2246467991473532e-16f,0.814523258376839f,-0.5801309003691988f,0.20330625f,0f,0f,0f,1f],start_interpolation:0}