execute if entity @s[tag=aj.louvert.bone.head] run data modify entity @s {} merge value {transformation:[-0.9997936313746285f,-0.020314875442801326f,0.000022326595969856394f,-0.00510435412608682f,-0.018374901458876304f,0.9047856983868605f,0.4254705665389533f,1.1916721354108513f,-0.008663582348544138f,0.42538235251400003f,-0.9049722628404394f,0.18830412553759618f,0f,0f,0f,1f],start_interpolation:0}
execute if entity @s[tag=aj.louvert.bone.coat_0] run data modify entity @s {} merge value {transformation:[-0.9953636975113541f,0.09314294591251904f,0.023989608234879483f,-0.2508914126555109f,0.08452068981538835f,0.9660759052553567f,-0.2440360593809326f,0.5520579115267876f,-0.045906019971855054f,-0.24087701615509258f,-0.9694693911715642f,0.014957835931373314f,0f,0f,0f,1f],start_interpolation:0}
execute if entity @s[tag=aj.louvert.bone.coat_1] run data modify entity @s {} merge value {transformation:[-0.9671926852603713f,-0.2529086955317458f,0.023989608234879483f,0.24895557772774785f,-0.25099395105565714f,0.9367221777321686f,-0.2440360593809326f,0.5520579115267876f,0.039247243372021456f,-0.24205113812815343f,-0.9694693911715642f,0.02732659515768282f,0f,0f,0f,1f],start_interpolation:0}
execute if entity @s[tag=aj.louvert.bone.coat_2] run data modify entity @s {} merge value {transformation:[-0.9996939807665175f,-0.01772822951665375f,0.01725267218139016f,0.0020307835654783963f,-1.734723475976807e-18f,0.6974293809799492f,0.7166535135935114f,0.521553404104171f,-0.024737518452619033f,0.716434203834609f,-0.6972159541753736f,-0.10004145835191745f,0f,0f,0f,1f],start_interpolation:0}
execute if entity @s[tag=aj.louvert.bone.right_leg_1] run data modify entity @s {} merge value {transformation:[-0.9996939807665175f,0.006835650355471717f,0.023774328663737413f,-0.1342309611464831f,-1.734723475976807e-18f,0.9610636050367598f,-0.2763272463470565f,0.4018336267349535f,-0.024737518452619033f,-0.2762426848949392f,-0.9607695010890187f,0.3535224679886363f,0f,0f,0f,1f],start_interpolation:0}
execute if entity @s[tag=aj.louvert.bone.right_leg_0] run data modify entity @s {} merge value {transformation:[-0.9996939807665175f,0.02215406152814291f,0.01100646977922191f,-0.12592966505969622f,-1.734723475976807e-18f,0.44493023018065203f,-0.8955652350730191f,0.5520579115267876f,-0.024737518452619033f,-0.8952911748862487f,-0.44479407297265905f,0.018050025737950684f,0f,0f,0f,1f],start_interpolation:0}
execute if entity @s[tag=aj.louvert.bone.left_leg_1] run data modify entity @s {} merge value {transformation:[-0.9855546702959108f,-0.05387772694216581f,-0.1605589685986546f,0.18642628885120105f,-0.16839812614629374f,0.41253025325562975f,0.895243464795618f,0.1726531671703399f,0.018001749035448975f,0.9093492072292095f,-0.4156440259925233f,-0.10688878313241747f,0f,0f,0f,1f],start_interpolation:0}
execute if entity @s[tag=aj.louvert.bone.left_leg_0] run data modify entity @s {} merge value {transformation:[-0.9855546702959108f,-0.15367989838589022f,-0.07116516486330084f,0.12399383013193314f,-0.16839812614629374f,0.9339193707235636f,0.31533582114583797f,0.5520579115267876f,0.018001749035448975f,0.3227647716517487f,-0.9463080044109633f,0.02423440535110545f,0f,0f,0f,1f],start_interpolation:0}
execute if entity @s[tag=aj.louvert.bone.body_1] run data modify entity @s {} merge value {transformation:[-0.9996939807665175f,0.006036846522040255f,0.023989608234879483f,0.0009185970742560407f,-1.734723475976807e-18f,0.9697661582679744f,-0.2440360593809326f,0.8551098359855296f,-0.024737518452619033f,-0.24396137965309883f,-0.9694693911715642f,-0.05509571559706532f,0f,0f,0f,1f],start_interpolation:0}
execute if entity @s[tag=aj.louvert.locator_origin.locator] at @s on origin run tp @s ^0.01159 ^0.04242 ^0.90444 ~-36.49762 ~30.18338
execute if entity @s[tag=aj.louvert.bone.sword_0] run data modify entity @s {} merge value {transformation:[-0.8464142089180484f,-0.13868870838781247f,-0.5141482559606269f,-0.443243140002373f,-0.42842289788280874f,0.7507841826713233f,0.502769262803773f,0.5032001919352761f,0.31628595844793767f,0.64582393360441f,-0.6948918183950623f,0.31141754428906626f,0f,0f,0f,1f],start_interpolation:0}
execute if entity @s[tag=aj.louvert.bone.right_arm_1] run data modify entity @s {} merge value {transformation:[-0.1913857390229167f,-0.954217607935817f,-0.22987008418647978f,-0.3609348544236097f,-0.9528742663815407f,0.23679691791563956f,-0.18962555770120837f,0.8585552139958794f,0.23537657352950941f,0.18274566033397646f,-0.9545689562638242f,0.22373374604047833f,0f,0f,0f,1f],start_interpolation:0}
execute if entity @s[tag=aj.louvert.bone.right_arm_0] run data modify entity @s {} merge value {transformation:[-0.1913857390229167f,-0.954217607935817f,-0.22987008418647978f,-0.3011268109789482f,-0.9528742663815407f,0.23679691791563956f,-0.18962555770120837f,1.156328422240111f,0.23537657352950941f,0.18274566033397646f,-0.9545689562638242f,0.15017856681250663f,0f,0f,0f,1f],start_interpolation:0}
execute if entity @s[tag=aj.louvert.locator_origin.locator2] at @s on origin run tp @s ^0.69311 ^0.00141 ^-0.37246 ~174.15966 ~81.22881
execute if entity @s[tag=aj.louvert.bone.sword_1] run data modify entity @s {} merge value {transformation:[-0.9998608891567529f,-0.006118140344215648f,0.015516787470220377f,0.7065669189697397f,0.016265210526569717f,-0.1516190428419275f,0.9883051698611236f,0.8647986430424546f,-0.0036939492679077474f,0.9884200697104579f,0.15169746382975507f,-0.21359047725896285f,0f,0f,0f,1f],start_interpolation:0}
execute if entity @s[tag=aj.louvert.bone.left_arm_1] run data modify entity @s {} merge value {transformation:[-0.6373188330960933f,0.7704516952302122f,0.015129120857671503f,0.4595072556518197f,0.47880316977809034f,0.3805308387833998f,0.7911661047752587f,1.0383253963038626f,0.6037981695827566f,0.5114689297031582f,-0.6114141839676429f,0.009098280242840012f,0f,0f,0f,1f],start_interpolation:0}
execute if entity @s[tag=aj.louvert.bone.left_arm_0] run data modify entity @s {} merge value {transformation:[-0.6370172676377611f,0.7704516952302122f,0.024762593729515538f,0.26043935951501934f,0.4907095651423635f,0.3805308387833998f,0.7838369750226094f,1.1916721354108513f,0.5944855956279459f,0.5114689297031582f,-0.620472731503321f,0.1948750288765731f,0f,0f,0f,1f],start_interpolation:0}
execute if entity @s[tag=aj.louvert.bone.wing_0] run data modify entity @s {} merge value {transformation:[-0.9404301699342373f,-0.016249465326901306f,0.33959836624172884f,0.009807434318651633f,0.21153914667438395f,0.7539992143091262f,0.6218813184567406f,1.260922565033904f,-0.26616214024863694f,0.6566743026019903f,-0.7056462112138453f,-0.4143119040055964f,0f,0f,0f,1f],start_interpolation:0}
execute if entity @s[tag=aj.louvert.bone.wing_1] run data modify entity @s {} merge value {transformation:[-0.9524435391271288f,-0.016249465326901306f,-0.30428154668263946f,0.005144416949343569f,-0.21153914667438395f,0.7539992143091262f,0.6218813184567406f,1.0967037352629965f,0.21932280820576538f,0.6566743026019903f,-0.7215790782048264f,-0.22586978499371718f,0f,0f,0f,1f],start_interpolation:0}
execute if entity @s[tag=aj.louvert.bone.body_0] run data modify entity @s {} merge value {transformation:[-0.9996939807665175f,-0.016249465326901306f,0.01865206947723226f,-0.00607875000000001f,-1.734723475976807e-18f,0.7539992143091262f,0.6568753190836298f,1.0829378125f,-0.024737518452619033f,0.6566743026019903f,-0.753768476047517f,0.0908953125f,0f,0f,0f,1f],start_interpolation:0}