execute if entity @s[tag=aj.louvert.bone.head] run data modify entity @s {} merge value {transformation:[-1f,-7.439567100454599e-17f,9.727734557645955e-17f,-0.0026950000000000385f,0f,0.794329807126331f,0.6074867550084087f,1.0784769985170863f,-1.2246467991473532e-16f,0.6074867550084087f,-0.794329807126331f,0.3201502154016035f,0f,0f,0f,1f],start_interpolation:0}
execute if entity @s[tag=aj.louvert.bone.coat_0] run data modify entity @s {} merge value {transformation:[-0.9961946980917455f,0.0871557427476582f,1.2199866483456202e-16f,-0.252695f,0.08682408883346521f,0.9924038765061043f,-0.08715574274765808f,0.5086891492705512f,-0.007596123493896085f,-0.08682408883346507f,-0.9961946980917458f,0.07312211952662723f,0f,0f,0f,1f],start_interpolation:0}
execute if entity @s[tag=aj.louvert.bone.coat_1] run data modify entity @s {} merge value {transformation:[-0.9659258262890683f,-0.25881904510252074f,1.2199866483456202e-16f,0.247305f,-0.2578341604962996f,0.9622501868990585f,-0.08715574274765808f,0.5086891492705512f,0.022557566113149696f,-0.08418598282936914f,-0.9961946980917458f,0.0731221195266273f,0f,0f,0f,1f],start_interpolation:0}
execute if entity @s[tag=aj.louvert.bone.coat_2] run data modify entity @s {} merge value {transformation:[-1f,-1.0605752387249072e-16f,6.123233995736764e-17f,-0.0026949999999999934f,0f,0.4999999999999999f,0.866025403784439f,0.49779468142709393f,-1.2246467991473532e-16f,0.866025403784439f,-0.4999999999999999f,-0.05140221773484095f,0f,0f,0f,1f],start_interpolation:0}
execute if entity @s[tag=aj.louvert.bone.right_leg_1] run data modify entity @s {} merge value {transformation:[-1f,1.8338158124589902e-17f,1.2108389563941242e-16f,-0.12769500000000003f,0f,0.9887250407522866f,-0.14974242481471095f,0.3910805540713802f,-1.2246467991473532e-16f,-0.14974242481471095f,-0.9887250407522866f,0.4004071389825712f,0f,0f,0f,1f],start_interpolation:0}
execute if entity @s[tag=aj.louvert.bone.right_leg_0] run data modify entity @s {} merge value {transformation:[-1f,1.119742069861249e-16f,4.9592084009920784e-17f,-0.127695f,0f,0.4049500969948947f,-0.9143387878373234f,0.5086891492705512f,-1.2246467991473532e-16f,-0.9143387878373234f,-0.4049500969948947f,0.07312211952662726f,0f,0f,0f,1f],start_interpolation:0}
execute if entity @s[tag=aj.louvert.bone.left_leg_1] run data modify entity @s {} merge value {transformation:[-0.984807753012208f,-0.01087926116896186f,-0.17330704337522845f,0.1790800429240012f,-0.1729873939250895f,0.14844909546400215f,0.9736725463927418f,0.1669119656269168f,0.015134435901338485f,0.988860206365054f,-0.14807579517804775f,-0.1390193750980767f,0f,0f,0f,1f],start_interpolation:0}
execute if entity @s[tag=aj.louvert.bone.left_leg_0] run data modify entity @s {} merge value {transformation:[-0.984807753012208f,-0.13975395181292605f,-0.10306562258928118f,0.122305f,-0.1729873939250895f,0.8412976828151001f,0.5121460440469591f,0.5086891492705512f,0.015134435901338485f,0.5221944483069636f,-0.8526921525423665f,0.07312211952662728f,0f,0f,0f,1f],start_interpolation:0}
execute if entity @s[tag=aj.louvert.bone.body_1] run data modify entity @s {} merge value {transformation:[-1f,1.0673500138322964e-17f,1.2199866483456202e-16f,-0.002695000000000005f,0f,0.9961946980917458f,-0.08715574274765808f,0.8199999924242217f,-1.2246467991473532e-16f,-0.08715574274765808f,-0.9961946980917458f,0.045885949917984115f,0f,0f,0f,1f],start_interpolation:0}
execute if entity @s[tag=aj.louvert.locator_origin.locator] at @s on origin run tp @s ^0.14931 ^0.05926 ^1.14506 ~-38.62869 ~22.04501
execute if entity @s[tag=aj.louvert.bone.sword_0] run data modify entity @s {} merge value {transformation:[-0.7899692351078736f,-0.20282012328364518f,-0.578629938021088f,-0.3637818094750684f,-0.4787015298102602f,0.7937055802318911f,0.3753349134653935f,0.40932029300246353f,0.3831363372748633f,0.5734940710242478f,-0.7240932934088244f,0.5245227823966853f,0f,0f,0f,1f],start_interpolation:0}
execute if entity @s[tag=aj.louvert.bone.right_arm_1] run data modify entity @s {} merge value {transformation:[-0.07782838788448602f,-0.9659258262890683f,-0.24684011049074378f,-0.3238913712139019f,-0.9328916290403538f,0.15788855542730612f,-0.3237042053040305f,0.7583529956864681f,0.35164748044844196f,0.20508169633796947f,-0.9133923293532763f,0.39289748298073834f,0f,0f,0f,1f],start_interpolation:0}
execute if entity @s[tag=aj.louvert.bone.right_arm_0] run data modify entity @s {} merge value {transformation:[-0.07782838788448602f,-0.9659258262890683f,-0.24684011049074378f,-0.29957f,-0.9328916290403538f,0.15788855542730612f,-0.3237042053040305f,1.0498816297615787f,0.35164748044844196f,0.20508169633796947f,-0.9133923293532763f,0.28300764534060024f,0f,0f,0f,1f],start_interpolation:0}
execute if entity @s[tag=aj.louvert.locator_origin.locator2] at @s on origin run tp @s ^0.6609 ^0.05812 ^-0.51978 ~174.61931 ~68.3016
execute if entity @s[tag=aj.louvert.bone.sword_1] run data modify entity @s {} merge value {transformation:[-0.9991707556920271f,0.021349740811032948f,0.034669720753487863f,0.6918812169405663f,0.024357026573848136f,-0.3689176370305868f,0.9291428912413038f,0.8639329722431984f,0.03262723136130267f,0.929216856097149f,0.36809169797568936f,-0.1725396041900974f,0f,0f,0f,1f],start_interpolation:0}
execute if entity @s[tag=aj.louvert.bone.left_arm_1] run data modify entity @s {} merge value {transformation:[-0.6119102275292164f,0.7908711415346427f,0.009418648142578707f,0.4541519461028801f,0.31911653294974895f,0.23597472506474532f,0.917867401931646f,0.9787530819702898f,0.723692277037191f,0.5646580970979775f,-0.39677540440205794f,0.0939963788274813f,0f,0f,0f,1f],start_interpolation:0}
execute if entity @s[tag=aj.louvert.bone.left_arm_0] run data modify entity @s {} merge value {transformation:[-0.6119102275292164f,0.7908711415346427f,0.009418648142578707f,0.26293f,0.31911653294974895f,0.23597472506474532f,0.917867401931646f,1.0784769985170863f,0.723692277037191f,0.5646580970979775f,-0.39677540440205794f,0.3201502154016035f,0f,0f,0f,1f],start_interpolation:0}
execute if entity @s[tag=aj.louvert.bone.wing_0] run data modify entity @s {} merge value {transformation:[-0.9841233271444875f,-9.703792967960295e-17f,0.1774859909121395f,-0.002694999999999968f,0.14063543151574862f,0.6100345334508321f,0.7797945520454762f,1.264965041627397f,-0.10827258366014574f,0.7923748279680682f,-0.6003492147326681f,-0.25724589843783596f,0f,0f,0f,1f],start_interpolation:0}
execute if entity @s[tag=aj.louvert.bone.wing_1] run data modify entity @s {} merge value {transformation:[-0.9841233271444875f,-9.703792967960295e-17f,-0.17748599091213935f,-0.0026949999999999865f,-0.14063543151574862f,0.6100345334508321f,0.7797945520454762f,1.06687133463538f,0.10827258366014549f,0.7923748279680682f,-0.6003492147326681f,-0.10473726507512796f,0f,0f,0f,1f],start_interpolation:0}
execute if entity @s[tag=aj.louvert.bone.body_0] run data modify entity @s {} merge value {transformation:[-1f,-9.703792967960295e-17f,7.470768387599105e-17f,-0.006078750000000024f,0f,0.6100345334508321f,0.7923748279680682f,0.9910206250000001f,-1.2246467991473532e-16f,0.7923748279680682f,-0.6100345334508321f,0.20330625f,0f,0f,0f,1f],start_interpolation:0}