execute if entity @s[tag=aj.labyria.bone.wing_right_1] run data modify entity @s {} merge value {transformation:[-0.7603119197679368f,-0.15037208923091572f,-0.25740719470047524f,0.006273110564520679f,0.24327797209530228f,0.09458226843840796f,-0.7738310327420882f,0.6459362205607149f,0.1722964230517749f,-0.7971115817260584f,-0.04326099081377297f,0.1546807618665452f,0f,0f,0f,1f],start_interpolation:0}
execute if entity @s[tag=aj.labyria.bone.wing_right_2] run data modify entity @s {} merge value {transformation:[-0.7444717011298844f,0.14893036371279764f,-0.25215398664536354f,0.006273110564520679f,0.2556290020472699f,-0.0055991778920967405f,-0.7580385626861272f,0.6459362205607149f,-0.14288351734575006f,-0.7859951628167354f,-0.04237811345022659f,0.1546807618665452f,0f,0f,0f,1f],start_interpolation:0}
execute if entity @s[tag=aj.labyria.bone.wing_left_1] run data modify entity @s {} merge value {transformation:[-0.7904019560197728f,0.1230606064294527f,0.16451528655349007f,-0.05043215104125803f,-0.1538590857726957f,0.0788153061948293f,-0.7981603683966337f,0.6492060186972957f,-0.1361490877301492f,-0.8034853322239771f,-0.053096056874475f,0.15600256864068232f,0f,0f,0f,1f],start_interpolation:0}
execute if entity @s[tag=aj.labyria.bone.wing_left_2] run data modify entity @s {} merge value {transformation:[-0.7614655786588475f,-0.18492789349139185f,0.16115783172586784f,-0.05043215104125803f,-0.1687920706617158f,0.013652106316371787f,-0.7818713812864984f,0.6492060186972957f,0.17798710458759937f,-0.7782128848855966f,-0.052012463877036744f,0.15600256864068232f,0f,0f,0f,1f],start_interpolation:0}
execute if entity @s[tag=aj.labyria.bone.musket] run data modify entity @s {} merge value {transformation:[-1.5976588084464924f,-0.29067756088614544f,0.07516334223287187f,-0.40292098638612595f,0.20086576535628556f,-1.3373077563429083f,-0.9021737913273312f,1.1515930287995624f,0.2231499870628904f,-0.8773660359549932f,1.3502183389553903f,-0.6490968023387238f,0f,0f,0f,1f],start_interpolation:0}
execute if entity @s[tag=aj.labyria.bone.omega_blade] run data modify entity @s {} merge value {transformation:[-0.00001763163812243949f,-0.0000032078949127075368f,8.294967882483617e-7f,-0.40292098638612595f,0.000002216738935262774f,-0.00001475842419765267f,-0.000009956319664835047f,1.1515930287995624f,0.0000024626658696581826f,-0.000009682543209535194f,0.000014900904381387571f,-0.6490968023387238f,0f,0f,0f,1f],start_interpolation:0}
execute if entity @s[tag=aj.labyria.bone.arm_right_2] run data modify entity @s {} merge value {transformation:[-0.10460470224416515f,-0.9827966526391342f,0.15221233796812567f,-0.33348462780556865f,0.2401414003117629f,0.12356217784315913f,0.9628418852869673f,1.2410610498536616f,-0.9650854698547249f,0.137270272703047f,0.2230849795645506f,-0.3121742018008028f,0f,0f,0f,1f],start_interpolation:0}
execute if entity @s[tag=aj.labyria.bone.arm_right_1] run data modify entity @s {} merge value {transformation:[-0.04437078977773949f,-0.9827966526391342f,0.1792818244435643f,-0.31698424035697176f,0.5635126062399959f,0.12356217784315913f,0.8168145020843246f,1.0315047994081632f,-0.8249150111515167f,0.137270272703047f,0.5483357517150638f,-0.005408932028832525f,0f,0f,0f,1f],start_interpolation:0}
execute if entity @s[tag=aj.labyria.bone.arm_left_2] run data modify entity @s {} merge value {transformation:[-0.15398844773078724f,0.9834343783677282f,0.09562625899794856f,0.34876975837115015f,-0.10863942330856835f,-0.11304549776984829f,0.9876326195185884f,1.2819407609747726f,0.9820819892802455f,0.14169523237726558f,0.12424744445222341f,-0.21479828952387248f,0f,0f,0f,1f],start_interpolation:0}
execute if entity @s[tag=aj.labyria.bone.arm_left_1] run data modify entity @s {} merge value {transformation:[-0.17405654183865785f,0.9834343783677282f,-0.05060774335660184f,0.29237334193903547f,-0.8071758407135531f,-0.11304549776984829f,0.5793857761477544f,0.9982139743256235f,0.5640669130622149f,0.14169523237726558f,0.8134807795578308f,-0.04973882692727416f,0f,0f,0f,1f],start_interpolation:0}
execute if entity @s[tag=aj.labyria.bone.himo_right_2] run data modify entity @s {} merge value {transformation:[-0.9980713991881726f,-0.03423516330694869f,-0.051782581201696015f,-0.1411122202954446f,0.05755183749840241f,-0.19768253083178344f,-0.9785751902661841f,1.2328491642081f,0.0232651697419376f,-0.9796680920583701f,0.19927157669770992f,0.31708729761434107f,0f,0f,0f,1f],start_interpolation:0}
execute if entity @s[tag=aj.labyria.bone.himo_right_1] run data modify entity @s {} merge value {transformation:[-0.9980713991881726f,-0.0271832935913845f,-0.05580815954758123f,-0.14655788884100157f,0.05755183749840241f,-0.06826163599008403f,-0.9960060918752027f,1.2138250693857393f,0.0232651697419376f,-0.9972970558471942f,0.06969443503893963f,0.1305296898619855f,0f,0f,0f,1f],start_interpolation:0}
execute if entity @s[tag=aj.labyria.bone.himo_left_2] run data modify entity @s {} merge value {transformation:[-0.9980713991881726f,-0.03423516330694869f,-0.051782581201696015f,0.1707850919508593f,0.05755183749840241f,-0.19768253083178344f,-0.9785751902661841f,1.2148642149898494f,0.0232651697419376f,-0.9796680920583701f,0.19927157669770992f,0.3098169320699855f,0f,0f,0f,1f],start_interpolation:0}
execute if entity @s[tag=aj.labyria.bone.himo_left_1] run data modify entity @s {} merge value {transformation:[-0.9980713991881726f,-0.0271832935913845f,-0.05580815954758123f,0.16533942340530233f,0.05755183749840241f,-0.06826163599008403f,-0.9960060918752027f,1.1958401201674886f,0.0232651697419376f,-0.9972970558471942f,0.06969443503893963f,0.12325932431762998f,0f,0f,0f,1f],start_interpolation:0}
execute if entity @s[tag=aj.labyria.bone.ribbon_left_himo_1] run data modify entity @s {} merge value {transformation:[-0.9851576931397814f,0.12454460174007874f,-0.11812265584937426f,0.32646329294446436f,0.1460957963637373f,0.24711255354329387f,-0.9579099144314971f,1.0937324939206798f,-0.0901129176774891f,-0.9609495450119729f,-0.2616402759686133f,-0.24879436850027867f,0f,0f,0f,1f],start_interpolation:0}
execute if entity @s[tag=aj.labyria.bone.ribbon_left_himo_2] run data modify entity @s {} merge value {transformation:[-0.9851576931397814f,0.12454460174007874f,-0.11812265584937426f,0.31077512771446936f,0.1460957963637373f,0.24711255354329387f,-0.9579099144314971f,0.9665100834102467f,-0.0901129176774891f,-0.9609495450119729f,-0.2616402759686133f,-0.28354346765236016f,0f,0f,0f,1f],start_interpolation:0}
execute if entity @s[tag=aj.labyria.bone.ribbon_left] run data modify entity @s {} merge value {transformation:[-0.9851576931397814f,0.12454460174007874f,-0.11812265584937426f,0.3314117649211551f,0.1460957963637373f,0.24711255354329387f,-0.9579099144314971f,1.0566194040554007f,-0.0901129176774891f,-0.9609495450119729f,-0.2616402759686133f,-0.3689585129491876f,0f,0f,0f,1f],start_interpolation:0}
execute if entity @s[tag=aj.labyria.bone.ribbon_right_himo_1] run data modify entity @s {} merge value {transformation:[-0.9851576931397814f,0.12454460174007874f,-0.11812265584937426f,-0.26567805298836555f,0.1460957963637373f,0.24711255354329387f,-0.9579099144314971f,1.1815451985225587f,-0.0901129176774891f,-0.9609495450119729f,-0.2616402759686133f,-0.3029578640818045f,0f,0f,0f,1f],start_interpolation:0}
execute if entity @s[tag=aj.labyria.bone.ribbon_right_himo_2] run data modify entity @s {} merge value {transformation:[-0.9851576931397814f,0.12454460174007874f,-0.11812265584937426f,-0.28136621821836055f,0.1460957963637373f,0.24711255354329387f,-0.9579099144314971f,1.0543227880121255f,-0.0901129176774891f,-0.9609495450119729f,-0.2616402759686133f,-0.33770696323388594f,0f,0f,0f,1f],start_interpolation:0}
execute if entity @s[tag=aj.labyria.bone.ribbon_right] run data modify entity @s {} merge value {transformation:[-0.9851576931397814f,0.12454460174007874f,-0.11812265584937426f,-0.2596828509627137f,0.1460957963637373f,0.24711255354329387f,-0.9579099144314971f,1.144276881873643f,-0.0901129176774891f,-0.9609495450119729f,-0.2616402759686133f,-0.42302626355568107f,0f,0f,0f,1f],start_interpolation:0}
execute if entity @s[tag=aj.labyria.bone.crown] run data modify entity @s {} merge value {transformation:[-0.9348491366771557f,0.3348195481585075f,-0.11812265584937426f,0.23934225186725305f,0.1961176883350929f,0.20963408157058155f,-0.9579099144314971f,1.1618433348014112f,-0.29596443025484687f,-0.918667198725954f,-0.2616402759686133f,-0.6483217563251411f,0f,0f,0f,1f],start_interpolation:0}
execute if entity @s[tag=aj.labyria.bone.ear_edge_a1] run data modify entity @s {} merge value {transformation:[-0.9535456990149068f,0.2771238677293303f,-0.11812265584937426f,0.2630059277120792f,0.18295403479669542f,0.22121577020061528f,-0.9579099144314971f,1.1409742914041017f,-0.23932910613166666f,-0.9350218954384357f,-0.2616402759686133f,-0.6469130575471332f,0f,0f,0f,1f],start_interpolation:0}
execute if entity @s[tag=aj.labyria.bone.ear_edge_a2] run data modify entity @s {} merge value {transformation:[-0.9851576931397815f,0.12454460174007874f,-0.11812265584937426f,0.15078561066035961f,0.14609579636373732f,0.24711255354329387f,-0.9579099144314971f,1.1602925852422366f,-0.09011291767748907f,-0.9609495450119729f,-0.2616402759686133f,-0.6669765714217023f,0f,0f,0f,1f],start_interpolation:0}
execute if entity @s[tag=aj.labyria.bone.ear_edge_b1] run data modify entity @s {} merge value {transformation:[-0.9257642332217839f,0.3591763113881161f,-0.11812265584937426f,0.12824265972679988f,0.20153806421829062f,0.204428482616748f,-0.9579099144314971f,1.1624884030398206f,-0.31991091440966307f,-0.9106049488294258f,-0.2616402759686133f,-0.6648383776963975f,0f,0f,0f,1f],start_interpolation:0}
execute if entity @s[tag=aj.labyria.bone.ear_edge_b2] run data modify entity @s {} merge value {transformation:[-0.9914456907543998f,0.05552009059450147f,-0.11812265584937426f,0.15816365388422737f,0.1285022139934578f,0.25670172736587005f,-0.9579099144314971f,1.1607073476930485f,-0.022860955433029295f,-0.9648946795934553f,-0.2616402759686133f,-0.6718260508057321f,0f,0f,0f,1f],start_interpolation:0}
execute if entity @s[tag=aj.labyria.bone.ear_right_2] run data modify entity @s {} merge value {transformation:[-0.9705540934202772f,0.20993282239858158f,-0.11812265584937426f,0.22444493723882397f,0.16707713589738266f,0.23343912802734978f,-0.9579099144314971f,1.1482122687250262f,-0.17352228215843524f,-0.9494389836032625f,-0.2616402759686133f,-0.7754422127193089f,0f,0f,0f,1f],start_interpolation:0}
execute if entity @s[tag=aj.labyria.bone.ear_right_1] run data modify entity @s {} merge value {transformation:[-0.9705540934202772f,0.20993282239858158f,-0.11812265584937426f,0.1772100521991432f,0.16707713589738266f,0.23343912802734978f,-0.9579099144314971f,1.0956884649188727f,-0.17352228215843524f,-0.9494389836032625f,-0.2616402759686133f,-0.5618184414085752f,0f,0f,0f,1f],start_interpolation:0}
execute if entity @s[tag=aj.labyria.bone.ear_edge_a3] run data modify entity @s {} merge value {transformation:[-0.9925118353086224f,-0.031101365683848956f,-0.11812265584937426f,-0.12167504710335797f,0.10564019456015425f,0.2669246056981908f,-0.9579099144314971f,1.1980212735806552f,0.061322149877535786f,-0.9632154275786204f,-0.2616402759686133f,-0.6821000385320355f,0f,0f,0f,1f],start_interpolation:0}
execute if entity @s[tag=aj.labyria.bone.ear_edge_a4] run data modify entity @s {} merge value {transformation:[-0.9851576931397814f,0.12454460174007874f,-0.11812265584937426f,-0.006944562807981468f,0.1460957963637373f,0.24711255354329387f,-0.9579099144314971f,1.1836834753138608f,-0.0901129176774891f,-0.9609495450119729f,-0.2616402759686133f,-0.6814042374045044f,0f,0f,0f,1f],start_interpolation:0}
execute if entity @s[tag=aj.labyria.bone.ear_edge_b3] run data modify entity @s {} merge value {transformation:[-0.986024365501115f,-0.11748612178982724f,-0.11812265584937426f,0.014522401232017285f,0.08197418945895453f,0.2751160266076648f,-0.9579099144314971f,1.179352760739282f,0.14503855660020634f,-0.9542055245545357f,-0.2616402759686133f,-0.6752404324774377f,0f,0f,0f,1f],start_interpolation:0}
execute if entity @s[tag=aj.labyria.bone.ear_edge_b4] run data modify entity @s {} merge value {transformation:[-0.9740701062718912f,0.1929623441051579f,-0.11812265584937426f,-0.012907407348605016f,0.16297761469963085f,0.23631947219952185f,-0.9579099144314971f,1.186076649582116f,-0.15692585884514296f,-0.9523227608415027f,-0.2616402759686133f,-0.6874740151521747f,0f,0f,0f,1f],start_interpolation:0}
execute if entity @s[tag=aj.labyria.bone.ear_left_2] run data modify entity @s {} merge value {transformation:[-0.9922636479600129f,0.038208521460247266f,-0.11812265584937426f,-0.060482453757246535f,0.12400257960471019f,0.2589053033161341f,-0.9579099144314971f,1.190466107255937f,-0.006017739481349885f,-0.9651467001459427f,-0.2616402759686133f,-0.8015046783607842f,0f,0f,0f,1f],start_interpolation:0}
execute if entity @s[tag=aj.labyria.bone.ear_left_1] run data modify entity @s {} merge value {transformation:[-0.9922636479600129f,0.038208521460247266f,-0.11812265584937426f,-0.06907937108580216f,0.12400257960471019f,0.2589053033161341f,-0.9579099144314971f,1.1322124140098069f,-0.006017739481349885f,-0.9651467001459427f,-0.2616402759686133f,-0.5843466708279474f,0f,0f,0f,1f],start_interpolation:0}
execute if entity @s[tag=aj.labyria.bone.head] run data modify entity @s {} merge value {transformation:[-0.9851576931397814f,0.12454460174007874f,-0.11812265584937426f,-0.0060724348398269f,0.1460957963637373f,0.24711255354329387f,-0.9579099144314971f,1.017239940599386f,-0.0901129176774891f,-0.9609495450119729f,-0.2616402759686133f,-0.07241965567560582f,0f,0f,0f,1f],start_interpolation:0}
execute if entity @s[tag=aj.labyria.bone.back_musket] run data modify entity @s {} merge value {transformation:[-7.127270350062072e-7f,0.000009867329699796838f,0.000012899360016356573f,-0.11682664348474323f,-0.000016236477096007105f,-7.244884428606537e-7f,-3.4291700088809565e-7f,0.7985475391183612f,3.6673661789901157e-7f,-0.000012898704785914302f,0.000009887091744361603f,-0.031321027358387044f,0f,0f,0f,1f],start_interpolation:0}
execute if entity @s[tag=aj.labyria.bone.body_1] run data modify entity @s {} merge value {transformation:[-0.9980713991881726f,-0.0196663101858389f,-0.05887884481066232f,0.0013024314798626873f,0.05755183749840241f,0.062327234369106685f,-0.9963950531071779f,0.9938672277109709f,0.0232651697419376f,-0.9978619905074912f,-0.06107519772629485f,0.30177859076470337f,0f,0f,0f,1f],start_interpolation:0}
execute if entity @s[tag=aj.labyria.bone.belt2] run data modify entity @s {} merge value {transformation:[-0.9275699318560576f,0.09724021991875235f,0.3607746681055943f,0.21301032473753526f,-0.3641349160082197f,-0.018742491415018672f,-0.9311576031796361f,1.2144153186415005f,-0.08378415399248078f,-0.9950844479971088f,0.052793530797377385f,1.0708372571272307f,0f,0f,0f,1f],start_interpolation:0}
execute if entity @s[tag=aj.labyria.bone.leg_left_2] run data modify entity @s {} merge value {transformation:[-0.9996488428935573f,-0.02178141488780859f,-0.01509174831016629f,0.1393351219258655f,0.013672019486492465f,0.06391938953174398f,-0.9978614069724563f,1.0667180209589664f,0.022699488644752054f,-0.9977173355251348f,-0.06359914785508086f,0.9439616717918864f,0f,0f,0f,1f],start_interpolation:0}
execute if entity @s[tag=aj.labyria.bone.leg_left_1] run data modify entity @s {} merge value {transformation:[-0.9996488428935573f,-0.02571944687338385f,-0.006379729939381643f,0.13005400630849298f,0.013672019486492465f,-0.29435968381611044f,-0.9555969089667674f,0.9548297386528856f,0.022699488644752054f,-0.9553485681133387f,0.29460795410012286f,0.6026272112263985f,0f,0f,0f,1f],start_interpolation:0}
execute if entity @s[tag=aj.labyria.bone.belt] run data modify entity @s {} merge value {transformation:[-0.8822357178358771f,-0.20031497992536124f,-0.42606812482526424f,-0.15938811090229194f,0.368949543946676f,-0.8563247729708883f,-0.3613642445205339f,1.2477680457591742f,-0.29246601887425244f,-0.4760060840092893f,0.8293864212717658f,0.5987504533850136f,0f,0f,0f,1f],start_interpolation:0}
execute if entity @s[tag=aj.labyria.bone.leg_right_2] run data modify entity @s {} merge value {transformation:[-0.99459996252397f,0.03704555669801579f,-0.09694607406311793f,-0.08950103363649312f,0.10227316453155166f,0.19110075283516298f,-0.9762277921072191f,1.2751468251687295f,-0.017638434284811457f,-0.9808711072280434f,-0.19385756792349468f,0.7144313550345566f,0f,0f,0f,1f],start_interpolation:0}
execute if entity @s[tag=aj.labyria.bone.leg_right_1] run data modify entity @s {} merge value {transformation:[-0.99459996252397f,-0.07602262764924607f,-0.07065036894894136f,-0.12060107735684136f,0.10227316453155166f,-0.833657240651164f,-0.5427299558036107f,0.9525616545834059f,-0.017638434284811457f,-0.5470248305106371f,0.8369305350151762f,0.5976577301934402f,0f,0f,0f,1f],start_interpolation:0}
execute if entity @s[tag=aj.labyria.bone.skirt_forward_right] run data modify entity @s {} merge value {transformation:[-0.9977777126453425f,0.047438759852980454f,-0.046788889833372996f,0.001985290100638896f,0.03547554911066819f,-0.21618534438922754f,-0.9757076315611186f,0.9943158486001001f,-0.05640143228256558f,-0.9751991903887748f,0.21402200237721553f,0.3896482108706658f,0f,0f,0f,1f],start_interpolation:0}
execute if entity @s[tag=aj.labyria.bone.skirt_forward_left] run data modify entity @s {} merge value {transformation:[-0.9922396287083904f,-0.1152012109693116f,-0.046788889833372996f,0.001985290100638896f,0.07010707052535506f,-0.20755629688290655f,-0.9757076315611186f,0.9943158486001001f,0.1026913719987626f,-0.9714160100674986f,0.21402200237721553f,0.3896482108706658f,0f,0f,0f,1f],start_interpolation:0}
execute if entity @s[tag=aj.labyria.bone.skirt_forward] run data modify entity @s {} merge value {transformation:[-0.9983261965657387f,-0.03399419125007203f,-0.046788889833372996f,0.001985290100638896f,0.05296732490430187f,-0.21257723350790525f,-0.9757076315611186f,0.9943158486001001f,0.023222139071758904f,-0.9765527711062923f,0.21402200237721553f,0.3896482108706658f,0f,0f,0f,1f],start_interpolation:0}
execute if entity @s[tag=aj.labyria.bone.skirt_back_right] run data modify entity @s {} merge value {transformation:[-0.9964721306435678f,0.06341349724966776f,-0.054972913486868155f,0.001985290100638896f,0.060744062378948326f,0.09299313947220789f,-0.9938120722233177f,0.9943158486001001f,-0.05790899529754201f,-0.9936453111536674f,-0.09651706525770651f,0.3896482108706658f,0f,0f,0f,1f],start_interpolation:0}
execute if entity @s[tag=aj.labyria.bone.skirt_back_left] run data modify entity @s {} merge value {transformation:[-0.9935452107101652f,-0.0992264735726243f,-0.054972913486868155f,0.001985290100638896f,0.044838557257074925f,0.1016221869785289f,-0.9938120722233177f,0.9943158486001001f,0.10419893501373903f,-0.9898621308323912f,-0.09651706525770651f,0.3896482108706658f,0f,0f,0f,1f],start_interpolation:0}
execute if entity @s[tag=aj.labyria.bone.skirt_back] run data modify entity @s {} merge value {transformation:[-0.9983261965657387f,-0.017966191398048136f,-0.054972913486868155f,0.001985290100638896f,0.05296732490430187f,0.09763210330458522f,-0.9938120722233177f,0.9943158486001001f,0.023222139071758904f,-0.995060394333415f,-0.09651706525770651f,0.3896482108706658f,0f,0f,0f,1f],start_interpolation:0}
execute if entity @s[tag=aj.labyria.bone.skirt_right] run data modify entity @s {} merge value {transformation:[-0.9969397634688636f,0.05728084176902047f,-0.053197868198630795f,-0.19249560466318152f,0.05364928822986518f,0.006370981257664272f,-0.9985395157279672f,1.0048605932768326f,-0.056858261379286824f,-0.9983377763883557f,-0.009424560938195825f,0.37019104598153857f,0f,0f,0f,1f],start_interpolation:0}
execute if entity @s[tag=aj.labyria.bone.skirt_left] run data modify entity @s {} merge value {transformation:[-0.9934536827624955f,-0.10109286337203036f,-0.053197868198630795f,0.19507148324231494f,0.05196674275676171f,0.014774747950784626f,-0.9985395157279672f,0.9842977833075836f,0.10173120392921459f,-0.9947672792157141f,-0.009424560938195825f,0.36117581944943045f,0f,0f,0f,1f],start_interpolation:0}
execute if entity @s[tag=aj.labyria.bone.coat_downer] run data modify entity @s {} merge value {transformation:[-0.9983261965657387f,-0.0245317870034967f,-0.052373625776730985f,0.005211386514177168f,0.05296732490430187f,-0.024210856298350687f,-0.9983027080649348f,0.9928023829007067f,0.023222139071758904f,-0.9994058364166758f,0.025469715216629475f,0.5317910505769181f,0f,0f,0f,1f],start_interpolation:0}
execute if entity @s[tag=aj.labyria.bone.body_2] run data modify entity @s {} merge value {transformation:[-0.9983261965657387f,-0.022689029721587827f,-0.053197868198630795f,-3.700584965944219e-17f,0.05296732490430187f,0.010644154369360809f,-0.9985395157279672f,0.9952472121074192f,0.023222139071758904f,-0.9996859056263891f,-0.009424560938195825f,0.3021756941283569f,0f,0f,0f,1f],start_interpolation:0}
execute if entity @s[tag=aj.labyria.bone.sphere] run data modify entity @s {} merge value {transformation:[-0.8667881201777466f,-0.02738746331187685f,-0.49792397167847713f,0.5401942881753942f,0.49842458592535505f,-0.07932041717334126f,-0.8632967065641947f,0.31715999833288444f,-0.01585203027585278f,-0.9964728788445711f,0.08240458035416325f,-0.6308736746113685f,0f,0f,0f,1f],start_interpolation:0}