execute if entity @s[tag=aj.labyria.bone.wing_right_1] run data modify entity @s {} merge value {transformation:[-0.6169608622203603f,-0.3033332343898257f,0.440786442449585f,0.25486094685374594f,-0.20698625786650643f,0.7556817124726736f,0.2303177868364318f,0.9888813767837513f,-0.49341709332690764f,0.06227794789023715f,-0.647769614650032f,0.12303397832931973f,0f,0f,0f,1f],start_interpolation:0}
execute if entity @s[tag=aj.labyria.bone.wing_right_2] run data modify entity @s {} merge value {transformation:[-0.6720765220433728f,-0.04324179565106545f,0.43179080076694043f,0.25486094685374594f,0.09595739201691719f,0.7615044037805805f,0.22561742383976996f,0.9888813767837513f,-0.4232083735412094f,0.2413321158313875f,-0.6345498265959498f,0.12303397832931973f,0f,0f,0f,1f],start_interpolation:0}
execute if entity @s[tag=aj.labyria.bone.wing_left_1] run data modify entity @s {} merge value {transformation:[-0.31692309235144195f,-0.1386642963480985f,0.7397813264047225f,0.2187878083630319f,0.20698625786650676f,0.7556817124726735f,0.2303177868364317f,0.9888813767837513f,-0.7236441715603491f,0.2768786860650324f,-0.2581118955299848f,0.07602254897020638f,0f,0f,0f,1f],start_interpolation:0}
execute if entity @s[tag=aj.labyria.bone.wing_left_2] run data modify entity @s {} merge value {transformation:[-0.23484169423415632f,-0.24430072365344907f,0.7246837483148303f,0.2187878083630319f,-0.0959573920169169f,0.7615044037805806f,0.22561742383976985f,0.9888813767837513f,-0.7587104570035548f,-0.020692980577572045f,-0.25284430582529127f,0.07602254897020638f,0f,0f,0f,1f],start_interpolation:0}
execute if entity @s[tag=aj.labyria.bone.musket] run data modify entity @s {} merge value {transformation:[-1.6251763012168048f,0.03275636131938446f,0.019638008589983505f,-0.2858452457740534f,0.032774794089793724f,1.6252940309664905f,0.0013290605967641522f,0.9937366912516281f,-0.01960722980530362f,0.0017246225129487981f,-1.6255058359912309f,0.5436356345598174f,0f,0f,0f,1f],start_interpolation:0}
execute if entity @s[tag=aj.labyria.bone.omega_blade] run data modify entity @s {} merge value {transformation:[-0.000017935319028524037f,3.6149665118602456e-7f,2.167235326299919e-7f,-0.2858452457740534f,3.6170007380400284e-7f,0.000017936618284868215f,1.4667409187149876e-8f,0.9937366912516281f,-2.1638386036050904e-7f,1.903279967247389e-8f,-0.000017938955748617672f,0.5436356345598174f,0f,0f,0f,1f],start_interpolation:0}
execute if entity @s[tag=aj.labyria.bone.arm_right_2] run data modify entity @s {} merge value {transformation:[-0.004460042362571186f,-0.9997239838319445f,-0.023066516280322646f,-0.2774885277644599f,0.3411822462020182f,0.02016134968999217f,-0.9397809291825536f,0.7259049746077024f,0.9399865865525262f,-0.01206134859226693f,0.340998153912109f,0.310099534007513f,0f,0f,0f,1f],start_interpolation:0}
execute if entity @s[tag=aj.labyria.bone.arm_right_1] run data modify entity @s {} merge value {transformation:[-0.022633079170269632f,-0.9997239838319445f,-0.0063007839558761325f,-0.26907185144801593f,-0.6888074737765136f,0.02016134968999217f,-0.7246639110983075f,0.9820552539183435f,0.7245909244510935f,-0.01206134859226693f,-0.6890736652007867f,0.04064228397726258f,0f,0f,0f,1f],start_interpolation:0}
execute if entity @s[tag=aj.labyria.bone.arm_left_2] run data modify entity @s {} merge value {transformation:[0.6321885523437625f,0.7017014266521086f,0.3285616260610688f,-0.013764293070204617f,-0.24204996504772402f,0.5816868258423841f,-0.776564389514358f,1.0018339414722468f,-0.7360363093665241f,0.41140678710469464f,0.5375825581418159f,0.9077794999964309f,0f,0f,0f,1f],start_interpolation:0}
execute if entity @s[tag=aj.labyria.bone.arm_left_1] run data modify entity @s {} merge value {transformation:[0.32940333843067854f,0.7017014266521086f,0.6317503846181018f,0.10066659177445735f,0.247143311445849f,0.5816868258423841f,-0.7749584635636881f,1.0954945594203718f,-0.9112703354319749f,0.41140678710469464f,0.01818876812454734f,0.5801780433997865f,0f,0f,0f,1f],start_interpolation:0}
execute if entity @s[tag=aj.labyria.bone.himo_right_2] run data modify entity @s {} merge value {transformation:[-0.6087614290087207f,-0.03045509656604624f,0.7927685725635276f,-0.27050545327525977f,1.943155257561044e-16f,0.999262916410621f,0.03838780908752004f,0.6997256238126889f,-0.7933533402912353f,0.023369017516632867f,-0.6083127209495512f,0.2918673200044845f,0f,0f,0f,1f],start_interpolation:0}
execute if entity @s[tag=aj.labyria.bone.himo_right_1] run data modify entity @s {} merge value {transformation:[-0.6087614290087207f,-0.13367161208149264f,0.7820111397383003f,-0.29068131091717525f,1.943155257561044e-16f,0.9857034690888534f,0.16848937956500265f,0.8855980828891301f,-0.7933533402912353f,0.10256983547678396f,-0.6000582524213836f,0.3073488000787479f,0f,0f,0f,1f],start_interpolation:0}
execute if entity @s[tag=aj.labyria.bone.himo_left_2] run data modify entity @s {} merge value {transformation:[-0.6087614290087207f,-0.03045509656604624f,0.7927685725635276f,-0.08026750671003455f,1.943155257561044e-16f,0.999262916410621f,0.03838780908752004f,0.6997256238126889f,-0.7933533402912353f,0.023369017516632867f,-0.6083127209495512f,0.5397902388454956f,0f,0f,0f,1f],start_interpolation:0}
execute if entity @s[tag=aj.labyria.bone.himo_left_1] run data modify entity @s {} merge value {transformation:[-0.6087614290087207f,-0.13367161208149264f,0.7820111397383003f,-0.10044336435195006f,1.943155257561044e-16f,0.9857034690888534f,0.16848937956500265f,0.8855980828891301f,-0.7933533402912353f,0.10256983547678396f,-0.6000582524213836f,0.5552717189197589f,0f,0f,0f,1f],start_interpolation:0}
execute if entity @s[tag=aj.labyria.bone.ribbon_left_himo_1] run data modify entity @s {} merge value {transformation:[-0.9378353858745685f,0.12160672724181121f,0.32507936398829607f,0.20023200978002845f,0.1703567530636986f,0.9773096851021569f,0.1258743662987699f,1.2888886653995777f,-0.30239604112338087f,0.17342889982658202f,-0.9372721328503519f,0.5417308867984261f,0f,0f,0f,1f],start_interpolation:0}
execute if entity @s[tag=aj.labyria.bone.ribbon_left_himo_2] run data modify entity @s {} merge value {transformation:[-0.9378353858745685f,0.12160672724181121f,0.32507936398829607f,0.24340661280972403f,0.1703567530636986f,0.9773096851021569f,0.1258743662987699f,1.305606354673633f,-0.30239604112338087f,0.17342889982658202f,-0.9372721328503519f,0.4172494316542387f,0f,0f,0f,1f],start_interpolation:0}
execute if entity @s[tag=aj.labyria.bone.ribbon_left] run data modify entity @s {} merge value {transformation:[-0.9378353858745685f,0.12160672724181121f,0.32507936398829607f,0.23432289750180216f,0.1703567530636986f,0.9773096851021569f,0.1258743662987699f,1.4018289095000271f,-0.30239604112338087f,0.17342889982658202f,-0.9372721328503519f,0.4978719873336318f,0f,0f,0f,1f],start_interpolation:0}
execute if entity @s[tag=aj.labyria.bone.ribbon_right_himo_1] run data modify entity @s {} merge value {transformation:[-0.9378353858745685f,0.12160672724181121f,0.32507936398829607f,-0.36346567184220446f,0.1703567530636986f,0.9773096851021569f,0.1258743662987699f,1.3912837212879272f,-0.30239604112338087f,0.17342889982658202f,-0.9372721328503519f,0.35997196633070394f,0f,0f,0f,1f],start_interpolation:0}
execute if entity @s[tag=aj.labyria.bone.ribbon_right_himo_2] run data modify entity @s {} merge value {transformation:[-0.9378353858745685f,0.12160672724181121f,0.32507936398829607f,-0.32029106881250885f,0.1703567530636986f,0.9773096851021569f,0.1258743662987699f,1.4080014105619825f,-0.30239604112338087f,0.17342889982658202f,-0.9372721328503519f,0.2354905111865166f,0f,0f,0f,1f],start_interpolation:0}
execute if entity @s[tag=aj.labyria.bone.ribbon_right] run data modify entity @s {} merge value {transformation:[-0.9378353858745685f,0.12160672724181121f,0.32507936398829607f,-0.3283783340229389f,0.1703567530636986f,0.9773096851021569f,0.1258743662987699f,1.5040429613382464f,-0.30239604112338087f,0.17342889982658202f,-0.9372721328503519f,0.3164343626596033f,0f,0f,0f,1f],start_interpolation:0}
execute if entity @s[tag=aj.labyria.bone.crown] run data modify entity @s {} merge value {transformation:[-0.8892844294686294f,0.3217088911012865f,0.32507936398829607f,0.14017534502081014f,0.37784714874348513f,0.9172715934200195f,0.1258743662987699f,1.6986384180807301f,-0.2576911633934566f,0.23476842481705015f,-0.9372721328503519f,0.5230324039255063f,0f,0f,0f,1f],start_interpolation:0}
execute if entity @s[tag=aj.labyria.bone.ear_edge_a1] run data modify entity @s {} merge value {transformation:[-0.9072655927044871f,0.2668193235197566f,0.32507936398829607f,0.17005370876173426f,0.32114429651025256f,0.9386277135945954f,0.1258743662987699f,1.6927613831411403f,-0.2715427868928039f,0.2185988652043769f,-0.9372721328503519f,0.5146529767649637f,0f,0f,0f,1f],start_interpolation:0}
execute if entity @s[tag=aj.labyria.bone.ear_edge_a2] run data modify entity @s {} merge value {transformation:[-0.9378353858745685f,0.12160672724181121f,0.32507936398829607f,0.06325460615285182f,0.17035675306369863f,0.9773096851021569f,0.1258743662987699f,1.722232651548554f,-0.3023960411233809f,0.17342889982658202f,-0.9372721328503519f,0.48156919455380187f,0f,0f,0f,1f],start_interpolation:0}
execute if entity @s[tag=aj.labyria.bone.ear_edge_b1] run data modify entity @s {} merge value {transformation:[-0.8805583368924831f,0.34487740204036166f,0.32507936398829607f,0.041781359795634826f,0.40172904104779017f,0.9070663820733882f,0.1258743662987699f,1.72181615218951f,-0.25145733814698534f,0.24143354380488383f,-0.9372721328503519f,0.47406557248401554f,0f,0f,0f,1f],start_interpolation:0}
execute if entity @s[tag=aj.labyria.bone.ear_edge_b2] run data modify entity @s {} merge value {transformation:[-0.9440337224859722f,0.05589040989511196f,0.32507936398829607f,0.07029554134670621f,0.10176809518662797f,0.9868124942008834f,0.1258743662987699f,1.7266317547464376f,-0.3137572080628017f,0.15191235424015995f,-0.9372721328503519f,0.48460203524370143f,0f,0f,0f,1f],start_interpolation:0}
execute if entity @s[tag=aj.labyria.bone.ear_right_2] run data modify entity @s {} merge value {transformation:[-0.9236679144551995f,0.202881716561516f,0.32507936398829607f,0.14738462382668f,0.2548866456857397f,0.958743157347136f,0.1258743662987699f,1.823081789627714f,-0.28613000831275054f,0.1991245020711851f,-0.9372721328503519f,0.49095094578381265f,0f,0f,0f,1f],start_interpolation:0}
execute if entity @s[tag=aj.labyria.bone.ear_right_1] run data modify entity @s {} merge value {transformation:[-0.9236679144551995f,0.202881716561516f,0.32507936398829607f,0.10173623760033898f,0.2548866456857397f,0.958743157347136f,0.1258743662987699f,1.6073645792246087f,-0.28613000831275054f,0.1991245020711851f,-0.9372721328503519f,0.4461479328177961f,0f,0f,0f,1f],start_interpolation:0}
execute if entity @s[tag=aj.labyria.bone.ear_edge_a3] run data modify entity @s {} merge value {transformation:[-0.9453125593472193f,-0.026600230250416572f,0.32507936398829607f,-0.19614901489039918f,0.015374460975067727f,0.9919270486576163f,0.1258743662987699f,1.7592816999303003f,-0.32580330122657825f,0.12398853935753743f,-0.9372721328503519f,0.39657441463250925f,0f,0f,0f,1f],start_interpolation:0}
execute if entity @s[tag=aj.labyria.bone.ear_edge_a4] run data modify entity @s {} merge value {transformation:[-0.9378353858745685f,0.12160672724181121f,0.32507936398829607f,-0.08689895720947136f,0.17035675306369863f,0.9773096851021569f,0.1258743662987699f,1.7495078790571594f,-0.3023960411233809f,0.17342889982658205f,-0.9372721328503519f,0.43315361565240174f,0f,0f,0f,1f],start_interpolation:0}
execute if entity @s[tag=aj.labyria.bone.ear_edge_b3] run data modify entity @s {} merge value {transformation:[-0.9393969968365047f,-0.10888842658208125f,0.32507936398829607f,-0.06647631636106724f,-0.0711361821678661f,0.9894924393321373f,0.1258743662987699f,1.7414810384606532f,-0.33536983454260855f,0.0951210968240771f,-0.9372721328503519f,0.4391589212911994f,0f,0f,0f,1f],start_interpolation:0}
execute if entity @s[tag=aj.labyria.bone.ear_edge_b4] run data modify entity @s {} merge value {transformation:[-0.9270680095340674f,0.18673058883725385f,0.32507936398829607f,-0.09255807674964195f,0.23811544996404388f,0.9630455214564387f,0.1258743662987699f,1.756213933049187f,-0.2895616310683507f,0.1941005172460611f,-0.9372721328503519f,0.43209144528656246f,0f,0f,0f,1f],start_interpolation:0}
execute if entity @s[tag=aj.labyria.bone.ear_left_2] run data modify entity @s {} merge value {transformation:[-0.9448653637269434f,0.039406237299646735f,0.32507936398829607f,-0.12385620547588266f,0.08453034268662288f,0.9884382960378281f,0.1258743662987699f,1.8723523840990444f,-0.31636065746934044f,0.14641339893506583f,-0.9372721328503519f,0.4034919372973406f,0f,0f,0f,1f],start_interpolation:0}
execute if entity @s[tag=aj.labyria.bone.ear_left_1] run data modify entity @s {} merge value {transformation:[-0.9448653637269434f,0.039406237299646735f,0.32507936398829607f,-0.13272260886830317f,0.08453034268662288f,0.9884382960378281f,0.1258743662987699f,1.6499537674905334f,-0.31636065746934044f,0.14641339893506583f,-0.9372721328503519f,0.3705489225369509f,0f,0f,0f,1f],start_interpolation:0}
execute if entity @s[tag=aj.labyria.bone.head] run data modify entity @s {} merge value {transformation:[-0.9378353858745685f,0.12160672724181121f,0.32507936398829607f,-0.08797536347004462f,0.1703567530636986f,0.9773096851021569f,0.1258743662987699f,1.123854385795879f,-0.30239604112338087f,0.17342889982658202f,-0.9372721328503519f,0.34875587066782365f,0f,0f,0f,1f],start_interpolation:0}
execute if entity @s[tag=aj.labyria.bone.back_musket] run data modify entity @s {} merge value {transformation:[0.000012726248349913806f,0.000003943700828126485f,0.000009314262760790607f,0.03230301190560716f,0.000003486820317804741f,0.000012341619154431112f,-0.00000998960383502885f,1.1393595495995836f,-0.000009494753870962649f,0.00000981821391535719f,0.000008815780652025456f,0.13178891290680803f,0f,0f,0f,1f],start_interpolation:0}
execute if entity @s[tag=aj.labyria.bone.body_1] run data modify entity @s {} merge value {transformation:[-0.6087614290087207f,-0.23460096925345222f,0.7578732794977016f,-3.444319122601931e-17f,1.943155257561044e-16f,0.9552783621223436f,0.29570805004404677f,0.765625f,-0.7933533402912353f,0.18001565511419637f,-0.5815366208267079f,0.28125f,0f,0f,0f,1f],start_interpolation:0}