execute if entity @s[tag=aj.labyria.bone.wing_right_1] run data modify entity @s {} merge value {transformation:[-0.5896229204478999f,-0.32898155357207587f,0.4594130968270686f,0.24830534457362824f,-0.20445446016818325f,0.7432034258927465f,0.26979897313197104f,1.0046296245510122f,-0.5267709462795673f,0.07977624706034157f,-0.6189447188603687f,0.12652537379877898f,0f,0f,0f,1f],start_interpolation:0}
execute if entity @s[tag=aj.labyria.bone.wing_right_2] run data modify entity @s {} merge value {transformation:[-0.6569498823253294f,-0.07670243355514356f,0.45003731934080193f,0.24830534457362824f,0.093570952051691f,0.7492621403305365f,0.26429287163948184f,1.0046296245510122f,-0.4468347894299147f,0.26967198919061336f,-0.6063131939856674f,0.12652537379877898f,0f,0f,0f,1f],start_interpolation:0}
execute if entity @s[tag=aj.labyria.bone.wing_left_1] run data modify entity @s {} merge value {transformation:[-0.35621602030928035f,-0.16220462891186962f,0.7167595480208309f,0.2137186645870806f,0.20445446016818358f,0.7432034258927463f,0.26979897313197093f,1.0046296245510122f,-0.7058703599364402f,0.2971241668819486f,-0.2835642940540168f,0.08145113487797097f,0f,0f,0f,1f],start_interpolation:0}
execute if entity @s[tag=aj.labyria.bone.wing_left_2] run data modify entity @s {} merge value {transformation:[-0.26157812197113695f,-0.28033518959574155f,0.7021318021428548f,0.2137186645870806f,-0.09357095205169069f,0.7492621403305365f,0.26429287163948173f,1.0046296245510122f,-0.7502142114344366f,0.004292614776922721f,-0.27777726764475114f,0.08145113487797097f,0f,0f,0f,1f],start_interpolation:0}
execute if entity @s[tag=aj.labyria.bone.musket] run data modify entity @s {} merge value {transformation:[-1.6252365358067749f,-0.029604649720055703f,0.019657263765510056f,-0.29463146536733437f,-0.029637077299586184f,1.6253528863101219f,-0.0025058406761041267f,0.9909730041205378f,-0.01960833886213669f,-0.0028636171721223734f,-1.6255042151187302f,0.5499890899211529f,0f,0f,0f,1f],start_interpolation:0}
execute if entity @s[tag=aj.labyria.bone.omega_blade] run data modify entity @s {} merge value {transformation:[-0.000017935983772765548f,-3.2671460755325807e-7f,2.1693603124676374e-7f,-0.29463146536733437f,-3.2707247579424004e-7f,0.0000179372678078546f,-2.765426244951397e-8f,0.9909730041205378f,-2.1639609982530252e-7f,-3.160265598207428e-8f,-0.000017938937860795047f,0.5499890899211529f,0f,0f,0f,1f],start_interpolation:0}
execute if entity @s[tag=aj.labyria.bone.arm_right_2] run data modify entity @s {} merge value {transformation:[-0.017591493884291848f,-0.9997610370206997f,0.012977218431321885f,-0.27599626447738995f,0.34341139384715236f,-0.018231189419199628f,-0.9390081140801272f,0.7230009078729395f,0.9390203160309553f,-0.012062030826381853f,0.3436500450945241f,0.3172092403680627f,0f,0f,0f,1f],start_interpolation:0}
execute if entity @s[tag=aj.labyria.bone.arm_right_1] run data modify entity @s {} merge value {transformation:[0.003764472591699486f,-0.9997610370206997f,0.02153363883326878f,-0.2773961777224282f,-0.6871212141818295f,-0.018231189419199628f,-0.7263140235143815f,0.9785241093968073f,0.7265330451998688f,-0.012062030826381853f,-0.6870256484622309f,0.047029764184361444f,0f,0f,0f,1f],start_interpolation:0}
execute if entity @s[tag=aj.labyria.bone.arm_left_2] run data modify entity @s {} merge value {transformation:[0.657509142369515f,0.6787964746708381f,0.32698176352045605f,-0.03414863319413211f,-0.2330664882311981f,0.5959344160420529f,-0.7684674253604992f,0.9955500872668644f,-0.7164926655340457f,0.4290658664483343f,0.5500370373755374f,0.9144626429681759f,0f,0f,0f,1f],start_interpolation:0}
execute if entity @s[tag=aj.labyria.bone.arm_left_1] run data modify entity @s {} merge value {transformation:[0.35105092343884636f,0.6787964746708381f,0.6449795307815402f,0.08797917034931868f,0.2498579170002964f,0.5959344160420529f,-0.7631731082060548f,1.0901126081151338f,-0.9024047154492303f,0.4290658664483343f,0.03960065383215229f,0.5899134442671579f,0f,0f,0f,1f],start_interpolation:0}
execute if entity @s[tag=aj.labyria.bone.himo_right_2] run data modify entity @s {} merge value {transformation:[-0.6087614290087207f,-0.06914529963441815f,0.7903343913115051f,-0.26774212714409656f,1.943155257561044e-16f,0.9961946980917454f,0.08715574274765825f,0.6890050888101235f,-0.7933533402912353f,0.05305705450138107f,-0.606444907981242f,0.2897469452874555f,0f,0f,0f,1f],start_interpolation:0}
execute if entity @s[tag=aj.labyria.bone.himo_right_1] run data modify entity @s {} merge value {transformation:[-0.6087614290087207f,-0.17171309068913926f,0.7745476983615949f,-0.2950974085335502f,1.943155257561044e-16f,0.9762960071199334f,0.21643961393810293f,0.8734133377322241f,-0.7933533402912353f,0.13176008867505554f,-0.5943313524298386f,0.3107373909613419f,0f,0f,0f,1f],start_interpolation:0}
execute if entity @s[tag=aj.labyria.bone.himo_left_2] run data modify entity @s {} merge value {transformation:[-0.6087614290087207f,-0.06914529963441815f,0.7903343913115051f,-0.07750418057887135f,1.943155257561044e-16f,0.9961946980917454f,0.08715574274765825f,0.6890050888101233f,-0.7933533402912353f,0.05305705450138107f,-0.606444907981242f,0.5376698641284665f,0f,0f,0f,1f],start_interpolation:0}
execute if entity @s[tag=aj.labyria.bone.himo_left_1] run data modify entity @s {} merge value {transformation:[-0.6087614290087207f,-0.17171309068913926f,0.7745476983615949f,-0.104859461968325f,1.943155257561044e-16f,0.9762960071199334f,0.21643961393810293f,0.873413337732224f,-0.7933533402912353f,0.13176008867505554f,-0.5943313524298386f,0.5586603098023529f,0f,0f,0f,1f],start_interpolation:0}
execute if entity @s[tag=aj.labyria.bone.ribbon_left_himo_1] run data modify entity @s {} merge value {transformation:[-0.9377941727402759f,0.12432369407832577f,0.3241692592845604f,0.1871262379367905f,0.19807851091207432f,0.9584107855937358f,0.2054596543666259f,1.2650847357227561f,-0.28514381124134014f,0.2568898307608088f,-0.9234179020153583f,0.5653781653360822f,0f,0f,0f,1f],start_interpolation:0}
execute if entity @s[tag=aj.labyria.bone.ribbon_left_himo_2] run data modify entity @s {} merge value {transformation:[-0.9377941727402759f,0.12432369407832577f,0.3241692592845604f,0.2301799676855212f,0.19807851091207432f,0.9584107855937358f,0.2054596543666259f,1.2923723460683236f,-0.28514381124134014f,0.2568898307608088f,-0.9234179020153583f,0.44273672522466745f,0f,0f,0f,1f],start_interpolation:0}
execute if entity @s[tag=aj.labyria.bone.ribbon_left] run data modify entity @s {} merge value {transformation:[-0.9377941727402759f,0.12432369407832577f,0.3241692592845604f,0.22144720051619815f,0.19807851091207432f,0.9584107855937358f,0.2054596543666259f,1.3813040562664392f,-0.28514381124134014f,0.2568898307608088f,-0.9234179020153583f,0.5313718205548774f,0f,0f,0f,1f],start_interpolation:0}
execute if entity @s[tag=aj.labyria.bone.ribbon_right_himo_1] run data modify entity @s {} merge value {transformation:[-0.9377941727402759f,0.12432369407832577f,0.3241692592845604f,-0.37654667201591163f,0.19807851091207432f,0.9584107855937358f,0.2054596543666259f,1.3841423006878446f,-0.28514381124134014f,0.2568898307608088f,-0.9234179020153583f,0.3939889132918342f,0f,0f,0f,1f],start_interpolation:0}
execute if entity @s[tag=aj.labyria.bone.ribbon_right_himo_2] run data modify entity @s {} merge value {transformation:[-0.9377941727402759f,0.12432369407832577f,0.3241692592845604f,-0.33349294226718096f,0.19807851091207432f,0.9584107855937358f,0.2054596543666259f,1.411429911033412f,-0.28514381124134014f,0.2568898307608088f,-0.9234179020153583f,0.2713474731804194f,0f,0f,0f,1f],start_interpolation:0}
execute if entity @s[tag=aj.labyria.bone.ribbon_right] run data modify entity @s {} merge value {transformation:[-0.9377941727402759f,0.12432369407832577f,0.3241692592845604f,-0.3412293031279674f,0.19807851091207432f,0.9584107855937358f,0.2054596543666259f,1.5001511628136837f,-0.28514381124134014f,0.2568898307608088f,-0.9234179020153583f,0.36028553381007333f,0f,0f,0f,1f],start_interpolation:0}
execute if entity @s[tag=aj.labyria.bone.crown] run data modify entity @s {} merge value {transformation:[-0.8886561339970008f,0.32435253482037746f,0.3241692592845604f,0.12808924422412965f,0.4008213197277424f,0.8928205867245991f,0.2054596543666259f,1.6750646861105085f,-0.2227836285753863f,0.312516932463408f,-0.9234179020153583f,0.5821820255902832f,0f,0f,0f,1f],start_interpolation:0}
execute if entity @s[tag=aj.labyria.bone.ear_edge_a1] run data modify entity @s {} merge value {transformation:[-0.9067998597186648f,0.2694963928313501f,0.3241692592845604f,0.15794152014920682f,0.34556831428344603f,0.9156248525410634f,0.2054596543666259f,1.6698598677326015f,-0.24144679450658985f,0.2983334102309806f,-0.9234179020153583f,0.5732813263592664f,0f,0f,0f,1f],start_interpolation:0}
execute if entity @s[tag=aj.labyria.bone.ear_edge_a2] run data modify entity @s {} merge value {transformation:[-0.9377941727402759f,0.12432369407832577f,0.3241692592845604f,0.051174544590435786f,0.19807851091207435f,0.9584107855937358f,0.2054596543666259f,1.7023338157055243f,-0.28514381124134014f,0.25688983076080885f,-0.9234179020153583f,0.5430258101996519f,0f,0f,0f,1f],start_interpolation:0}
execute if entity @s[tag=aj.labyria.bone.ear_edge_b1] run data modify entity @s {} merge value {transformation:[-0.8798610541970416f,0.3475036929906937f,0.3241692592845604f,0.029690482348804836f,0.4240552866191023f,0.8820223604410138f,0.2054596543666259f,1.7026181601956587f,-0.21452654660358908f,0.3182416362449957f,-0.9234179020153583f,0.5355470173285625f,0f,0f,0f,1f],start_interpolation:0}
execute if entity @s[tag=aj.labyria.bone.ear_edge_b2] run data modify entity @s {} merge value {transformation:[-0.9441821357705983f,0.05860363321988726f,0.3241692592845604f,0.05823063716196249f,0.13074064481352773f,0.9698934035353006f,0.2054596543666259f,1.7064378425630815f,-0.3023689439830332f,0.23637343326215687f,-0.9234179020153583f,0.5464160198059284f,0f,0f,0f,1f],start_interpolation:0}
execute if entity @s[tag=aj.labyria.bone.ear_right_2] run data modify entity @s {} merge value {transformation:[-0.9233900588866683f,0.2055847525576127f,0.3241692592845604f,0.13557346480291688f,0.280855766252305f,0.9375000634615324f,0.2054596543666259f,1.8017935750252976f,-0.26166932894801803f,0.2807642080562406f,-0.9234179020153583f,0.5609424037450194f,0f,0f,0f,1f],start_interpolation:0}
execute if entity @s[tag=aj.labyria.bone.ear_right_1] run data modify entity @s {} merge value {transformation:[-0.9233900588866683f,0.2055847525576127f,0.3241692592845604f,0.08931689547745408f,0.280855766252305f,0.9375000634615324f,0.2054596543666259f,1.5908560607464532f,-0.26166932894801803f,0.2807642080562406f,-0.9234179020153583f,0.4977704569323653f,0f,0f,0f,1f],start_interpolation:0}
execute if entity @s[tag=aj.labyria.bone.ear_edge_a3] run data modify entity @s {} merge value {transformation:[-0.9456968808686013f,-0.023910266629591795f,0.3241692592845604f,-0.20824511074053406f,0.045711357217159077f,0.9775974643220551f,0.2054596543666259f,1.747204880818578f,-0.321819641005275f,0.2091207710888374f,-0.9234179020153583f,0.4619393553887933f,0f,0f,0f,1f],start_interpolation:0}
execute if entity @s[tag=aj.labyria.bone.ear_edge_a4] run data modify entity @s {} merge value {transformation:[-0.9377941727402759f,0.12432369407832577f,0.3241692592845604f,-0.09897242028022818f,0.1980785109120743f,0.9584107855937358f,0.2054596543666259f,1.7340474774919314f,-0.2851438112413402f,0.2568898307608088f,-0.9234179020153583f,0.49737242584939734f,0f,0f,0f,1f],start_interpolation:0}
execute if entity @s[tag=aj.labyria.bone.ear_edge_b3] run data modify entity @s {} merge value {transformation:[-0.9400143016758051f,-0.10624219491260589f,0.3241692592845604f,-0.07856243642913668f,-0.039665821408904234f,0.9778614181158308f,0.2054596543666259f,1.725483067631332f,-0.3388210962394545f,0.18027657357695798f,-0.9234179020153583f,0.5026318524282039f,0f,0f,0f,1f],start_interpolation:0}
execute if entity @s[tag=aj.labyria.bone.ear_edge_b4] run data modify entity @s {} merge value {transformation:[-0.9268373707671036f,0.18943806239618877f,0.3241692592845604f,-0.10461582433938646f,0.26445135841623957f,0.9422588866438736f,0.2054596543666259f,1.7408338598759563f,-0.26652948651383496f,0.2761546868264696f,-0.9234179020153583f,0.49690125203553714f,0f,0f,0f,1f],start_interpolation:0}
execute if entity @s[tag=aj.labyria.bone.ear_left_2] run data modify entity @s {} merge value {transformation:[-0.9450611066837266f,0.042116457218403874f,0.3241692592845604f,-0.13565544483347403f,0.11379375850072777f,0.9720274229433162f,0.2054596543666259f,1.8590818586367175f,-0.30644817695657506f,0.2310603667389665f,-0.9234179020153583f,0.4784730866382976f,0f,0f,0f,1f],start_interpolation:0}
execute if entity @s[tag=aj.labyria.bone.ear_left_1] run data modify entity @s {} merge value {transformation:[-0.9450611066837266f,0.042116457218403874f,0.3241692592845604f,-0.14513164770761489f,0.11379375850072777f,0.9720274229433162f,0.2054596543666259f,1.6403756884744718f,-0.30644817695657506f,0.2310603667389665f,-0.9234179020153583f,0.4264845041220302f,0f,0f,0f,1f],start_interpolation:0}
execute if entity @s[tag=aj.labyria.bone.head] run data modify entity @s {} merge value {transformation:[-0.9377941727402759f,0.12432369407832577f,0.3241692592845604f,-0.1017535586828649f,0.19807851091207432f,0.9584107855937358f,0.2054596543666259f,1.1180097327947156f,-0.28514381124134014f,0.2568898307608088f,-0.9234179020153583f,0.35932825170026317f,0f,0f,0f,1f],start_interpolation:0}
execute if entity @s[tag=aj.labyria.bone.back_musket] run data modify entity @s {} merge value {transformation:[0.000012576078722699222f,0.0000034680974858620046f,0.000009699495236945563f,0.017708430202775842f,0.000004258218537710843f,0.00001218775095839336f,-0.000009878864586771979f,1.1446099214749625f,-0.000009379524663226157f,0.00001018315719544972f,0.000008520181376425794f,0.14298772932565446f,0f,0f,0f,1f],start_interpolation:0}
execute if entity @s[tag=aj.labyria.bone.body_1] run data modify entity @s {} merge value {transformation:[-0.6087614290087207f,-0.2713428231543063f,0.7455082795475256f,-3.444319122601931e-17f,1.943155257561044e-16f,0.9396926207859083f,0.34202014332566877f,0.765625f,-0.7933533402912353f,0.20820867120070174f,-0.5720486226585793f,0.28125f,0f,0f,0f,1f],start_interpolation:0}
execute if entity @s[tag=aj.labyria.bone.belt2] run data modify entity @s {} merge value {transformation:[-0.8895716770866733f,0.1237122945549169f,0.43972434490389667f,0.1506698897271621f,0.08078314397780018f,0.9900615260969899f,-0.11511845287164804f,0.3110243340358234f,-0.4495957239279146f,-0.06688380011973968f,-0.8907245602919442f,0.7942754437988329f,0f,0f,0f,1f],start_interpolation:0}
execute if entity @s[tag=aj.labyria.bone.leg_left_2] run data modify entity @s {} merge value {transformation:[-0.9972381220258959f,-0.002005631213685407f,0.07424355474853837f,0.09349535667157464f,-0.0016623926574028487f,0.9999876451740509f,0.004684650457547956f,0.4303920179923054f,-0.07425203316352447f,0.004548290084359474f,-0.9972291354690714f,0.6335820394444818f,0f,0f,0f,1f],start_interpolation:0}
execute if entity @s[tag=aj.labyria.bone.leg_left_1] run data modify entity @s {} merge value {transformation:[-0.9972381220258959f,0.06859357556121631f,0.028478928526056463f,0.1154409259365225f,-0.0016623926574028487f,0.36273701994380586f,-0.9318900636947149f,0.461875f,-0.07425203316352447f,-0.9293636402151824f,-0.3616211551016729f,0.33813834014029864f,0f,0f,0f,1f],start_interpolation:0}
execute if entity @s[tag=aj.labyria.bone.belt] run data modify entity @s {} merge value {transformation:[-0.9231884279682148f,-0.11883032169028267f,-0.36551673164516085f,-0.13607425492197128f,-0.3194927415593074f,0.7659119690591708f,0.5579455562533151f,0.1890132027938381f,0.21365278972317242f,0.6318688236484592f,-0.7450464919349787f,0.10732556399315185f,0f,0f,0f,1f],start_interpolation:0}
execute if entity @s[tag=aj.labyria.bone.leg_right_2] run data modify entity @s {} merge value {transformation:[-0.9999730646846847f,-0.003106523657547677f,0.00664976810759066f,-0.06634307138537333f,0.0055547236602788725f,0.2718793523056258f,0.9623153136238305f,0.19546429943036897f,-0.0047973899338672465f,0.9623263309816679f,-0.2718547732690819f,-0.08933788406220336f,0f,0f,0f,1f],start_interpolation:0}
execute if entity @s[tag=aj.labyria.bone.leg_right_1] run data modify entity @s {} merge value {transformation:[-0.9999730646846847f,0.0006345556489016912f,0.007312129939222922f,-0.06602662844186982f,0.0055547236602788725f,0.7166120826730464f,0.6974498318962137f,0.4725f,-0.0047973899338672465f,0.6974716627262553f,-0.7165963052819175f,0.16547199329492976f,0f,0f,0f,1f],start_interpolation:0}
execute if entity @s[tag=aj.labyria.bone.skirt_forward_right] run data modify entity @s {} merge value {transformation:[-0.6940855168436488f,0.36940603311719117f,0.6178871078154211f,-3.444319122601931e-17f,0.24879283423638549f,0.9285074979292518f,-0.275637355816999f,0.6781250000000001f,-0.6755349146717079f,-0.03759001178213675f,-0.736369180556674f,0.28125f,0f,0f,0f,1f],start_interpolation:0}
execute if entity @s[tag=aj.labyria.bone.skirt_forward_left] run data modify entity @s {} merge value {transformation:[-0.7857987065440473f,-0.027127749431101134f,0.6178871078154211f,-3.444319122601931e-17f,-0.2487928342363852f,0.9285074979292518f,-0.275637355816999f,0.6781250000000001f,-0.5662353913579837f,-0.3703213624677406f,-0.736369180556674f,0.28125f,0f,0f,0f,1f],start_interpolation:0}
execute if entity @s[tag=aj.labyria.bone.skirt_forward] run data modify entity @s {} merge value {transformation:[-0.766044443118978f,0.17717627708592706f,0.6178871078154211f,-3.444319122601931e-17f,1.5743755774683973e-16f,0.9612616959383189f,-0.275637355816999f,0.6781250000000001f,-0.6427876096865395f,-0.21115046473962049f,-0.736369180556674f,0.28125f,0f,0f,0f,1f],start_interpolation:0}
execute if entity @s[tag=aj.labyria.bone.skirt_back_right] run data modify entity @s {} merge value {transformation:[-0.7544418356960657f,0.14415318460214388f,0.640341608768797f,-3.444319122601931e-17f,0.2578341604962997f,0.9622501868990583f,0.08715574274765836f,0.6781250000000001f,-0.6036050548435784f,0.23085587967775018f,-0.7631294127377697f,0.28125f,0f,0f,0f,1f],start_interpolation:0}
execute if entity @s[tag=aj.labyria.bone.skirt_back_left] run data modify entity @s {} merge value {transformation:[-0.7254423876916304f,-0.2523805979461484f,0.640341608768797f,-3.444319122601931e-17f,-0.25783416049629937f,0.9622501868990583f,0.08715574274765836f,0.6781250000000001f,-0.6381652511861132f,-0.10187547100785373f,-0.7631294127377697f,0.28125f,0f,0f,0f,1f],start_interpolation:0}
execute if entity @s[tag=aj.labyria.bone.skirt_back] run data modify entity @s {} merge value {transformation:[-0.766044443118978f,-0.05602263155122215f,0.640341608768797f,-3.444319122601931e-17f,1.5743755774683973e-16f,0.9961946980917455f,0.08715574274765836f,0.6781250000000001f,-0.6427876096865395f,0.06676517241775097f,-0.7631294127377697f,0.28125f,0f,0f,0f,1f],start_interpolation:0}
execute if entity @s[tag=aj.labyria.bone.skirt_right] run data modify entity @s {} merge value {transformation:[-0.7305895704290553f,0.2303540067238979f,0.6427876096865395f,-0.136451666430568f,0.30070579950427323f,0.9537169507482269f,1.8762677505405464e-16f,0.7343750000000001f,-0.6130374390889878f,0.1932899620822317f,-0.766044443118978f,0.16675345702458516f,0f,0f,0f,1f],start_interpolation:0}
execute if entity @s[tag=aj.labyria.bone.skirt_left] run data modify entity @s {} merge value {transformation:[-0.7198463103929542f,-0.2620026302293849f,0.6427876096865395f,0.14363333308480836f,-0.3420201433256685f,0.9396926207859084f,1.8762677505405464e-16f,0.7343750000000001f,-0.604022773555054f,-0.21984631039295396f,-0.766044443118978f,0.4017726768162262f,0f,0f,0f,1f],start_interpolation:0}
execute if entity @s[tag=aj.labyria.bone.coat_downer] run data modify entity @s {} merge value {transformation:[-0.766044443118978f,0.022432964064663864f,0.6423960408422584f,-3.4443191226019304e-17f,1.5743755774683973e-16f,0.9993908270190958f,-0.03489949670250078f,0.5359375f,-0.6427876096865395f,-0.02673456551659972f,-0.7655777895420581f,0.28124999999999994f,0f,0f,0f,1f],start_interpolation:0}
execute if entity @s[tag=aj.labyria.bone.body_2] run data modify entity @s {} merge value {transformation:[-0.766044443118978f,-2.999519565323715e-32f,0.6427876096865395f,-3.444319122601931e-17f,1.5743755774683973e-16f,1f,1.8762677505405464e-16f,0.765625f,-0.6427876096865395f,2.4492935982947064e-16f,-0.766044443118978f,0.28125f,0f,0f,0f,1f],start_interpolation:0}
execute if entity @s[tag=aj.labyria.bone.sphere] run data modify entity @s {} merge value {transformation:[-0.8660254037844388f,-2.999519565323715e-32f,-0.49999999999999983f,0.5656250000000002f,-1.224646799147353e-16f,1f,2.1211504774498138e-16f,1.734375f,0.49999999999999983f,2.4492935982947064e-16f,-0.8660254037844388f,-0.3218749999999997f,0f,0f,0f,1f],start_interpolation:0}