execute if entity @s[tag=aj.labyria.bone.wing_right_1] run data modify entity @s {} merge value {transformation:[-0.6919385343093554f,-0.32749264119324256f,0.28445400181143465f,0.24205193298937197f,-0.2603172695174201f,0.7418776782001479f,0.22090014536843783f,0.9878324481977585f,-0.34698764873300675f,0.09649106174706668f,-0.7329621348160544f,0.14391595794582457f,0f,0f,0f,1f],start_interpolation:0}
execute if entity @s[tag=aj.labyria.bone.wing_right_2] run data modify entity @s {} merge value {transformation:[-0.7489899013326476f,-0.03699951178905406f,0.27864881810099723f,0.24205193298937197f,0.042516733736137846f,0.7690037962961104f,0.2163919791364289f,0.9878324481977585f,-0.2778604956702579f,0.2174033058845748f,-0.7180037239014412f,0.14391595794582457f,0f,0f,0f,1f],start_interpolation:0}
execute if entity @s[tag=aj.labyria.bone.wing_left_1] run data modify entity @s {} merge value {transformation:[-0.15607746059494523f,-0.17796454121928226f,0.7816091688352231f,0.19530214821032568f,0.2603172695174204f,0.7418776782001478f,0.22090014536843766f,0.9878324481977586f,-0.7581683124014565f,0.2913598755858683f,-0.08505690691154576f,0.08299045224690581f,0f,0f,0f,1f],start_interpolation:0}
execute if entity @s[tag=aj.labyria.bone.wing_left_2] run data modify entity @s {} merge value {transformation:[-0.07453977781903678f,-0.21957164618503527f,0.7656579613079737f,0.19530214821032568f,-0.04251673373613761f,0.7690037962961105f,0.21639197913642874f,0.9878324481977586f,-0.7953842774879947f,-0.020529332034042558f,-0.083321051668453f,0.08299045224690581f,0f,0f,0f,1f],start_interpolation:0}
execute if entity @s[tag=aj.labyria.bone.musket] run data modify entity @s {} merge value {transformation:[-1.6254778658840725f,0.010400037600761311f,0.01924025373700127f,-0.2888760530435763f,0.010399885791722685f,1.6255917314839765f,-0.00007437369447707288f,0.9928204914130091f,-0.019240335794381835f,0.00004872196680836192f,-1.625511134298898f,0.5459207204823695f,0f,0f,0f,1f],start_interpolation:0}
execute if entity @s[tag=aj.labyria.bone.omega_blade] run data modify entity @s {} merge value {transformation:[-0.000017938647072694465f,1.1477400460408036e-7f,2.123339410650406e-7f,-0.2888760530435763f,1.1477232925135886e-7f,0.00001793990368458274f,-8.207822971437294e-10f,0.9928204914130091f,-2.1233484664389867e-7f,5.3769182934237e-10f,-0.000017939014220328246f,0.5459207204823695f,0f,0f,0f,1f],start_interpolation:0}
execute if entity @s[tag=aj.labyria.bone.arm_right_2] run data modify entity @s {} merge value {transformation:[-0.008933734476219375f,-0.999909490739914f,-0.010059757281096739f,-0.27689073070759745f,0.3420561355805009f,0.0063974691529242456f,-0.939657742212648f,0.7248887649942881f,0.939637051472558f,-0.011835654467901358f,0.34196802304202945f,0.31265753122121254f,0f,0f,0f,1f],start_interpolation:0}
execute if entity @s[tag=aj.labyria.bone.arm_right_1] run data modify entity @s {} merge value {transformation:[-0.01298903524642242f,-0.999909490739914f,0.003506464260956549f,-0.27206043322533413f,-0.6883073019946646f,0.0063974691529242456f,-0.7253910189747753f,0.980853042923554f,0.7253029318734294f,-0.011835654467901358f,-0.6883281007623646f,0.04293550343078095f,0f,0f,0f,1f],start_interpolation:0}
execute if entity @s[tag=aj.labyria.bone.arm_left_2] run data modify entity @s {} merge value {transformation:[0.6410118897422316f,0.6938182989999491f,0.32820713761572934f,-0.020959997254471105f,-0.23932823928113686f,0.5869760939283146f,-0.7734216566913865f,0.9998740322449364f,-0.7292638418924142f,0.4172232413582389f,0.5423089670831939f,0.9103037112373189f,0f,0f,0f,1f],start_interpolation:0}
execute if entity @s[tag=aj.labyria.bone.arm_left_1] run data modify entity @s {} merge value {transformation:[0.33683431951729137f,0.6938182989999491f,0.636520863105162f,0.09611158092764822f,0.24757022117853936f,0.5869760939283146f,-0.7708229697811729f,1.0936622240421063f,-0.9084336116530103f,0.4172232413582389f,0.025944943430126183f,0.58367322615308f,0f,0f,0f,1f],start_interpolation:0}
execute if entity @s[tag=aj.labyria.bone.himo_right_2] run data modify entity @s {} merge value {transformation:[-0.6087614290087207f,-0.04428617744641042f,0.7921163153467081f,-0.26956630324836417f,1.8737663185219718e-16f,0.9984407641819808f,0.055821504993163906f,0.6958774602603381f,-0.7933533402912353f,0.03398197914905608f,-0.6078122263839818f,0.29114668484308637f,0f,0f,0f,1f],start_interpolation:0}
execute if entity @s[tag=aj.labyria.bone.himo_right_1] run data modify entity @s {} merge value {transformation:[-0.6087614290087207f,-0.14729922949671576f,0.779559144350789f,-0.29231266412680595f,1.8737663185219718e-16f,0.9826127965436151f,0.18566661538557727f,0.8812777759584258f,-0.7933533402912353f,0.11302667410133672f,-0.5981767701861463f,0.3086005814234236f,0f,0f,0f,1f],start_interpolation:0}
execute if entity @s[tag=aj.labyria.bone.himo_left_2] run data modify entity @s {} merge value {transformation:[-0.6087614290087207f,-0.04428617744641042f,0.7921163153467081f,-0.07932835668313898f,1.8737663185219718e-16f,0.9984407641819808f,0.055821504993163906f,0.6958774602603381f,-0.7933533402912353f,0.03398197914905608f,-0.6078122263839818f,0.5390696036840974f,0f,0f,0f,1f],start_interpolation:0}
execute if entity @s[tag=aj.labyria.bone.himo_left_1] run data modify entity @s {} merge value {transformation:[-0.6087614290087207f,-0.14729922949671576f,0.779559144350789f,-0.10207471756158076f,1.8737663185219718e-16f,0.9826127965436151f,0.18566661538557727f,0.8812777759584258f,-0.7933533402912353f,0.11302667410133672f,-0.5981767701861463f,0.5565235002644346f,0f,0f,0f,1f],start_interpolation:0}
execute if entity @s[tag=aj.labyria.bone.ribbon_left_himo_1] run data modify entity @s {} merge value {transformation:[-0.9377393469644904f,0.12239937457753242f,0.3250589335145865f,0.1954400400042824f,0.18036628951541697f,0.9713804975891208f,0.15455720788741253f,1.280623343538009f,-0.2968382030013189f,0.2035640489048618f,-0.932978434494821f,0.5504963358660546f,0f,0f,0f,1f],start_interpolation:0}
execute if entity @s[tag=aj.labyria.bone.ribbon_left_himo_2] run data modify entity @s {} merge value {transformation:[-0.9377393469644904f,0.12239937457753242f,0.3250589335145865f,0.23861192961168842f,0.18036628951541697f,0.9713804975891208f,0.15455720788741253f,1.3011504727105558f,-0.2968382030013189f,0.2035640489048618f,-0.932978434494821f,0.42658513753471117f,0f,0f,0f,1f],start_interpolation:0}
execute if entity @s[tag=aj.labyria.bone.ribbon_left] run data modify entity @s {} merge value {transformation:[-0.9377393469644904f,0.12239937457753242f,0.3250589335145865f,0.2296143694116947f,0.18036628951541697f,0.9713804975891208f,0.15455720788741253f,1.3948396949537614f,-0.2968382030013189f,0.2035640489048618f,-0.932978434494821f,0.5101474733762934f,0f,0f,0f,1f],start_interpolation:0}
execute if entity @s[tag=aj.labyria.bone.ribbon_right_himo_1] run data modify entity @s {} merge value {transformation:[-0.9377393469644904f,0.12239937457753242f,0.3250589335145865f,-0.3681999162305617f,0.18036628951541697f,0.9713804975891208f,0.15455720788741253f,1.3890347564298693f,-0.2968382030013189f,0.2035640489048618f,-0.932978434494821f,0.3720780234745743f,0f,0f,0f,1f],start_interpolation:0}
execute if entity @s[tag=aj.labyria.bone.ribbon_right_himo_2] run data modify entity @s {} merge value {transformation:[-0.9377393469644904f,0.12239937457753242f,0.3250589335145865f,-0.32502802662315566f,0.18036628951541697f,0.9713804975891208f,0.15455720788741253f,1.4095618856024164f,-0.2968382030013189f,0.2035640489048618f,-0.932978434494821f,0.24816682514323088f,0f,0f,0f,1f],start_interpolation:0}
execute if entity @s[tag=aj.labyria.bone.ribbon_right] run data modify entity @s {} merge value {transformation:[-0.9377393469644904f,0.12239937457753242f,0.3250589335145865f,-0.3330292387669995f,0.18036628951541697f,0.9713804975891208f,0.15455720788741253f,1.5030594686630117f,-0.2968382030013189f,0.2035640489048618f,-0.932978434494821f,0.33204455157550206f,0f,0f,0f,1f],start_interpolation:0}
execute if entity @s[tag=aj.labyria.bone.crown] run data modify entity @s {} merge value {transformation:[-0.8890191067808594f,0.322461962905585f,0.3250589335145865f,0.13570407659280886f,0.386336108158131f,0.9093164911202678f,0.15455720788741253f,1.6908024155351236f,-0.2457426281941985f,0.2629863141986691f,-0.932978434494821f,0.5444930336993665f,0f,0f,0f,1f],start_interpolation:0}
execute if entity @s[tag=aj.labyria.bone.ear_edge_a1] run data modify entity @s {} merge value {transformation:[-0.9070467388308305f,0.2675871882559312f,0.3250589335145865f,0.16557672804266405f,0.3301030696816517f,0.9312056877386422f,0.15455720788741253f,1.6851640165506245f,-0.2613391990557598f,0.24749356315768517f,-0.932978434494821f,0.5359312516826347f,0f,0f,0f,1f],start_interpolation:0}
execute if entity @s[tag=aj.labyria.bone.ear_edge_a2] run data modify entity @s {} merge value {transformation:[-0.9377393469644905f,0.12239937457753242f,0.3250589335145865f,0.05879667548738016f,0.18036628951541694f,0.9713804975891208f,0.15455720788741253f,1.7157284828420158f,-0.2968382030013189f,0.2035640489048618f,-0.932978434494821f,0.5037913325537192f,0f,0f,0f,1f],start_interpolation:0}
execute if entity @s[tag=aj.labyria.bone.ear_edge_b1] run data modify entity @s {} merge value {transformation:[-0.8802733920024784f,0.34562327044747865f,0.3250589335145865f,0.037322150314790234f,0.4100068512063767f,0.8988917907367268f,0.15455720788741253f,1.7155611735401928f,-0.2387742391806188f,0.2693289874323034f,-0.932978434494821f,0.4962816786862412f,0f,0f,0f,1f],start_interpolation:0}
execute if entity @s[tag=aj.labyria.bone.ear_edge_b2] run data modify entity @s {} merge value {transformation:[-0.9439932098049147f,0.05668782571747091f,0.3250589335145865f,0.06584146382817486f,0.11216684812370456f,0.9815959798573143f,0.15455720788741253f,1.7200261254264588f,-0.31031503029052343f,0.18236179079890805f,-0.932978434494821f,0.5069577541064787f,0f,0f,0f,1f],start_interpolation:0}
execute if entity @s[tag=aj.labyria.bone.ear_right_2] run data modify entity @s {} merge value {transformation:[-0.9235031572348875f,0.20366297729227748f,0.3250589335145865f,0.1430073778204134f,0.26434133008770877f,0.9519641435986484f,0.15455720788741253f,1.8161730832029193f,-0.2779668681419713f,0.2286605802995722f,-0.932978434494821f,0.516275949174408f,0f,0f,0f,1f],start_interpolation:0}
execute if entity @s[tag=aj.labyria.bone.ear_right_1] run data modify entity @s {} merge value {transformation:[-0.9235031572348875f,0.20366297729227748f,0.3250589335145865f,0.09718320792965104f,0.26434133008770877f,0.9519641435986484f,0.15455720788741253f,1.6019811508932238f,-0.2779668681419713f,0.2286605802995722f,-0.932978434494821f,0.4648273186070044f,0f,0f,0f,1f],start_interpolation:0}
execute if entity @s[tag=aj.labyria.bone.ear_edge_a3] run data modify entity @s {} merge value {transformation:[-0.9453417001974207f,-0.02580231792319982f,0.3250589335145865f,-0.20058849466743106f,0.026188292699916987f,0.9876366957619136f,0.15455720788741253f,1.755592822576087f,-0.3250280652394708f,0.15462211217765565f,-0.932978434494821f,0.42002289499195794f,0f,0f,0f,1f],start_interpolation:0}
execute if entity @s[tag=aj.labyria.bone.ear_edge_a4] run data modify entity @s {} merge value {transformation:[-0.9377393469644904f,0.12239937457753242f,0.3250589335145865f,-0.09134151141891789f,0.180366289515417f,0.9713804975891208f,0.15455720788741253f,1.7446063024349763f,-0.2968382030013189f,0.2035640489048618f,-0.932978434494821f,0.4562655997928976f,0f,0f,0f,1f],start_interpolation:0}
execute if entity @s[tag=aj.labyria.bone.ear_edge_b3] run data modify entity @s {} merge value {transformation:[-0.9394955694384993f,-0.10809609034460946f,0.3250589335145865f,-0.07092443972873856f,-0.0599895714442404f,0.986160900060423f,0.15455720788741253f,1.7363814962258601f,-0.3372674403546341f,0.1257056659193473f,-0.932978434494821f,0.46201658852706895f,0f,0f,0f,1f],start_interpolation:0}
execute if entity @s[tag=aj.labyria.bone.ear_edge_b4] run data modify entity @s {} merge value {transformation:[-0.9269169122868847f,0.18751460598819428f,0.3250589335145865f,-0.09699547726470358f,0.24768700447496633f,0.9564325471794994f,0.15455720788741253f,1.7513464437601578f,-0.2819152098251638f,0.22377456342673774f,-0.932978434494821f,0.45541227386966404f,0f,0f,0f,1f],start_interpolation:0}
execute if entity @s[tag=aj.labyria.bone.ear_left_2] run data modify entity @s {} merge value {transformation:[-0.9448387740411948f,0.04020423871548928f,0.3250589335145865f,-0.12820567510048647f,0.09501855257176958f,0.9834040594573591f,0.15455720788741253f,1.8683386366499832f,-0.31345041990001904f,0.17691827218265205f,-0.932978434494821f,0.43042437909777126f,0f,0f,0f,1f],start_interpolation:0}
execute if entity @s[tag=aj.labyria.bone.ear_left_1] run data modify entity @s {} merge value {transformation:[-0.9448387740411948f,0.04020423871548928f,0.3250589335145865f,-0.13725162881147154f,0.09501855257176958f,0.9834040594573591f,0.15455720788741253f,1.6470727232720779f,-0.31345041990001904f,0.17691827218265205f,-0.932978434494821f,0.3906177678566746f,0f,0f,0f,1f],start_interpolation:0}
execute if entity @s[tag=aj.labyria.bone.head] run data modify entity @s {} merge value {transformation:[-0.9377393469644904f,0.12239937457753242f,0.3250589335145865f,-0.09292198158422646f,0.18036628951541697f,0.9713804975891208f,0.15455720788741253f,1.1218645193217447f,-0.2968382030013189f,0.2035640489048618f,-0.932978434494821f,0.35255154424606094f,0f,0f,0f,1f],start_interpolation:0}
execute if entity @s[tag=aj.labyria.bone.back_musket] run data modify entity @s {} merge value {transformation:[0.000012676051721149363f,0.0000037731638482828377f,0.000009452333648325043f,0.02711422075051722f,0.000003763371543804104f,0.000012290031492226906f,-0.000009952779742657648f,1.1413378202777424f,-0.000009456236643006132f,0.000009949071542439644f,0.000008709835133766074f,0.13577041239509505f,0f,0f,0f,1f],start_interpolation:0}
execute if entity @s[tag=aj.labyria.bone.body_1] run data modify entity @s {} merge value {transformation:[-0.6087614290087207f,-0.24779195089127048f,0.7536635002604005f,-3.444319122601931e-17f,1.8737663185219718e-16f,0.9499720515246525f,0.3123349185122326f,0.765625f,-0.7933533402912353f,0.19013745132282922f,-0.5783063436044934f,0.28125f,0f,0f,0f,1f],start_interpolation:0}