execute if entity @s[tag=aj.labyria.bone.wing_right_1] run data modify entity @s {} merge value {transformation:[-0.6712661919730885f,-0.3431469682931136f,0.3140004810659345f,0.2379629213679047f,-0.30124864247058103f,0.7407998142783012f,0.1655576486282371f,0.9806115026239992f,-0.3543944121568869f,0.02025432696792638f,-0.7354854229116274f,0.11769502843147187f,0f,0f,0f,1f],start_interpolation:0}
execute if entity @s[tag=aj.labyria.bone.wing_right_2] run data modify entity @s {} merge value {transformation:[-0.7361493112778567f,-0.05891658149329218f,0.3075923079829562f,0.2379629213679047f,0.005068761451162002f,0.7833723924204252f,0.16217892110521187f,0.9806115026239992f,-0.31314293727064757f,0.15118376638595693f,-0.7204755163215942f,0.11769502843147187f,0f,0f,0f,1f],start_interpolation:0}
execute if entity @s[tag=aj.labyria.bone.wing_left_1] run data modify entity @s {} merge value {transformation:[-0.2023771365991112f,-0.1891000779498843f,0.7682636914144367f,0.19403940509531376f,0.17132993450980108f,0.7637079877905704f,0.23311071912331627f,0.9740796763092998f,-0.7724208649222627f,0.21894226259146518f,-0.1495818756685378f,0.061042974280405476f,0f,0f,0f,1f],start_interpolation:0}
execute if entity @s[tag=aj.labyria.bone.wing_left_2] run data modify entity @s {} merge value {transformation:[-0.11226771669726554f,-0.2470061082907626f,0.7525848405692442f,0.19403940509531376f,-0.13123608910258985f,0.7554017692801807f,0.22835335750855473f,0.9740796763092998f,-0.7811357428159588f,-0.09141197643320484f,-0.1465291843283636f,0.061042974280405476f,0f,0f,0f,1f],start_interpolation:0}
execute if entity @s[tag=aj.labyria.bone.musket] run data modify entity @s {} merge value {transformation:[-1.625238177834757f,-0.03278259128093381f,0.01352063764279255f,-0.2932033682583346f,-0.035308760797821824f,1.5534374981438173f,-0.4777466602673457f,1.1093230140311168f,-0.003285931265669977f,-0.47792664886422453f,-1.553779894832641f,0.5021053863769683f,0f,0f,0f,1f],start_interpolation:0}
execute if entity @s[tag=aj.labyria.bone.omega_blade] run data modify entity @s {} merge value {transformation:[-0.000017936001894058412f,-3.6178612299787747e-7f,1.492127035146851e-7f,-0.2932033682583346f,-3.896647329502845e-7f,0.000017143615187608356f,-0.000005272374917288225f,1.1093230140311168f,-3.6263281412279694e-8f,-0.0000052743612574188944f,-0.00001714739385078709f,0.5021053863769683f,0f,0f,0f,1f],start_interpolation:0}
execute if entity @s[tag=aj.labyria.bone.arm_right_2] run data modify entity @s {} merge value {transformation:[-0.014712833519258367f,-0.9997620471109617f,0.01610533099115204f,-0.27492559543155975f,0.6029938805203865f,-0.021720114293162396f,-0.797450071596999f,0.7850054370011563f,0.7976101256784554f,-0.0020213341119078576f,0.6031699608100588f,0.3577904332799015f,0f,0f,0f,1f],start_interpolation:0}
execute if entity @s[tag=aj.labyria.bone.arm_right_1] run data modify entity @s {} merge value {transformation:[0.007848379968014185f,-0.9997620471109617f,0.02035318374057603f,-0.277844211732165f,-0.4446109199273557f,-0.021720114293162396f,-0.8954604215242812f,0.9503451228491417f,0.8956894176070349f,-0.0020213341119078576f,-0.4446755911843821f,0.024705931107285417f,0f,0f,0f,1f],start_interpolation:0}
execute if entity @s[tag=aj.labyria.bone.arm_left_2] run data modify entity @s {} merge value {transformation:[0.6122403279173019f,0.7401093583391936f,0.27820840851861744f,-0.03076191823220617f,-0.5171974090852567f,0.6410158815297354f,-0.5671027064493288f,1.1538999329746762f,-0.5980540284181792f,0.20331447888776522f,0.775238416080746f,0.888265904970418f,0f,0f,0f,1f],start_interpolation:0}
execute if entity @s[tag=aj.labyria.bone.arm_left_1] run data modify entity @s {} merge value {transformation:[0.3419441286886159f,0.7401093583391936f,0.5790616120536143f,0.08850511793993007f,-0.09838656554291852f,0.6410158815297354f,-0.7611955881029034f,1.123299733408333f,-0.9345556679920421f,0.20331447888776522f,0.29200843497841666f,0.5505849090671628f,0f,0f,0f,1f],start_interpolation:0}
execute if entity @s[tag=aj.labyria.bone.himo_right_2] run data modify entity @s {} merge value {transformation:[-0.6102021557656228f,-0.0691556985329538f,0.7892216535672384f,-0.26771801782865867f,-0.09074260980337895f,0.9957277050261547f,0.017091407473311088f,0.6905082820575009f,-0.7870318340861814f,-0.06118681887274623f,-0.6138705607301714f,0.2989473764453705f,0f,0f,0f,1f],start_interpolation:0}
execute if entity @s[tag=aj.labyria.bone.himo_right_1] run data modify entity @s {} merge value {transformation:[-0.6102021557656228f,-0.17157815920295771f,0.7734431229143558f,-0.2950549031609985f,-0.09074260980337895f,0.9849782401385457f,0.14691373393813492f,0.8761099129205916f,-0.7870318340861814f,0.01946282965290287f,-0.6166052954661057f,0.29874287390862664f,0f,0f,0f,1f],start_interpolation:0}
execute if entity @s[tag=aj.labyria.bone.himo_left_2] run data modify entity @s {} merge value {transformation:[-0.6102021557656228f,-0.0691556985329538f,0.7892216535672384f,-0.07702984415190155f,-0.09074260980337895f,0.9957277050261547f,0.017091407473311088f,0.7188653476210568f,-0.7870318340861814f,-0.06118681887274623f,-0.6138705607301714f,0.5448948245973022f,0f,0f,0f,1f],start_interpolation:0}
execute if entity @s[tag=aj.labyria.bone.himo_left_1] run data modify entity @s {} merge value {transformation:[-0.6102021557656228f,-0.17157815920295771f,0.7734431229143558f,-0.10436672948424142f,-0.09074260980337895f,0.9849782401385457f,0.14691373393813492f,0.9044669784841475f,-0.7870318340861814f,0.01946282965290287f,-0.6166052954661057f,0.5446903220605583f,0f,0f,0f,1f],start_interpolation:0}
execute if entity @s[tag=aj.labyria.bone.ribbon_left_himo_1] run data modify entity @s {} merge value {transformation:[-0.938332063393069f,0.18959033403681408f,0.28911666165808414f,0.2047184350772414f,0.16423533511792657f,0.9802906202042808f,-0.109804620295364f,1.3078503701633515f,-0.3042362462087781f,-0.0555500241162496f,-0.9509755524268095f,0.4604848452673931f,0f,0f,0f,1f],start_interpolation:0}
execute if entity @s[tag=aj.labyria.bone.ribbon_left_himo_2] run data modify entity @s {} merge value {transformation:[-0.938332063393069f,0.18959033403681408f,0.28911666165808414f,0.2431167417037057f,0.16423533511792657f,0.9802906202042808f,-0.109804620295364f,1.2932669440303735f,-0.3042362462087781f,-0.0555500241162496f,-0.9509755524268095f,0.3341834047107074f,0f,0f,0f,1f],start_interpolation:0}
execute if entity @s[tag=aj.labyria.bone.ribbon_left] run data modify entity @s {} merge value {transformation:[-0.938332063393069f,0.18959033403681408f,0.28911666165808414f,0.24368950552721824f,0.16423533511792657f,0.9802906202042808f,-0.109804620295364f,1.4054555168226974f,-0.3042362462087781f,-0.0555500241162496f,-0.9509755524268095f,0.39123326449856777f,0f,0f,0f,1f],start_interpolation:0}
execute if entity @s[tag=aj.labyria.bone.ribbon_right_himo_1] run data modify entity @s {} merge value {transformation:[-0.938332063393069f,0.18959033403681408f,0.28911666165808414f,-0.3592777807759552f,0.16423533511792657f,0.9802906202042808f,-0.109804620295364f,1.4065660712776702f,-0.3042362462087781f,-0.0555500241162496f,-0.9509755524268095f,0.2776198465305293f,0f,0f,0f,1f],start_interpolation:0}
execute if entity @s[tag=aj.labyria.bone.ribbon_right_himo_2] run data modify entity @s {} merge value {transformation:[-0.938332063393069f,0.18959033403681408f,0.28911666165808414f,-0.3208794741494909f,0.16423533511792657f,0.9802906202042808f,-0.109804620295364f,1.3919826451446922f,-0.3042362462087781f,-0.0555500241162496f,-0.9509755524268095f,0.1513184059738437f,0f,0f,0f,1f],start_interpolation:0}
execute if entity @s[tag=aj.labyria.bone.ribbon_right] run data modify entity @s {} merge value {transformation:[-0.938332063393069f,0.18959033403681408f,0.28911666165808414f,-0.31930973250862316f,0.16423533511792657f,0.9802906202042808f,-0.109804620295364f,1.5039967178934535f,-0.3042362462087781f,-0.0555500241162496f,-0.9509755524268095f,0.2086915167733009f,0f,0f,0f,1f],start_interpolation:0}
execute if entity @s[tag=aj.labyria.bone.crown] run data modify entity @s {} merge value {transformation:[-0.8750549881379375f,0.3881885156552153f,0.28911666165808414f,0.1693205424158593f,0.3725160252877938f,0.9215067857946434f,-0.109804620295364f,1.7062709031070296f,-0.30904785816876035f,0.01161550893529506f,-0.9509755524268095f,0.3515841373265151f,0f,0f,0f,1f],start_interpolation:0}
execute if entity @s[tag=aj.labyria.bone.ear_edge_a1] run data modify entity @s {} merge value {transformation:[-0.8971211761380641f,0.3340436367846895f,0.28911666165808414f,0.1983646622654635f,0.31556456436532404f,0.9425295491806687f,-0.109804620295364f,1.6965796505283566f,-0.3091805314724392f,-0.007273076717880276f,-0.9509755524268095f,0.343838836514206f,0f,0f,0f,1f],start_interpolation:0}
execute if entity @s[tag=aj.labyria.bone.ear_edge_a2] run data modify entity @s {} merge value {transformation:[-0.938332063393069f,0.1895903340368141f,0.28911666165808414f,0.09219344667742103f,0.16423533511792654f,0.9802906202042809f,-0.109804620295364f,1.7253758633604248f,-0.3042362462087781f,-0.0555500241162496f,-0.9509755524268095f,0.308235581998816f,0f,0f,0f,1f],start_interpolation:0}
execute if entity @s[tag=aj.labyria.bone.ear_edge_b1] run data modify entity @s {} merge value {transformation:[-0.8645935379404719f,0.41096176233715814f,0.28911666165808414f,0.07041543852567686f,0.39651060884682376f,0.9114396756964843f,-0.109804620295364f,1.7248097563564746f,-0.3086378966094396f,0.01970145839842929f,-0.9509755524268095f,0.301679973041393f,0f,0f,0f,1f],start_interpolation:0}
execute if entity @s[tag=aj.labyria.bone.ear_edge_b2] run data modify entity @s {} merge value {transformation:[-0.9492714868054271f,0.12367376556852777f,0.28911666165808414f,0.09962399326321338f,0.09545364918612614f,0.9893591593647088f,-0.109804620295364f,1.7298333504768162f,-0.2996201682051231f,-0.07663715477011072f,-0.9509755524268095f,0.3099799403460512f,0f,0f,0f,1f],start_interpolation:0}
execute if entity @s[tag=aj.labyria.bone.ear_right_2] run data modify entity @s {} merge value {transformation:[-0.9182375402209078f,0.2706499135058828f,0.28911666165808414f,0.18273835408418465f,0.24904832719626607f,0.9622462658189601f,-0.109804620295364f,1.8195843630679658f,-0.3079200390520217f,-0.02882270349439099f,-0.9509755524268095f,0.2920243480295967f,0f,0f,0f,1f],start_interpolation:0}
execute if entity @s[tag=aj.labyria.bone.ear_right_1] run data modify entity @s {} merge value {transformation:[-0.9182375402209078f,0.2706499135058828f,0.28911666165808414f,0.12184212354536113f,0.24904832719626607f,0.9622462658189601f,-0.109804620295364f,1.6030789532587002f,-0.3079200390520217f,-0.02882270349439099f,-0.9509755524268095f,0.29850945631583464f,0f,0f,0f,1f],start_interpolation:0}
execute if entity @s[tag=aj.labyria.bone.ear_edge_a3] run data modify entity @s {} merge value {transformation:[-0.9564381011017595f,0.04046868805070801f,0.28911666165808414f,-0.16803200230934262f,0.008862086854098422f,0.9939136827604204f,-0.109804620295364f,1.7607096971719043f,-0.2918006548612444f,-0.10245914556091662f,-0.9509755524268095f,0.2250417174532107f,0f,0f,0f,1f],start_interpolation:0}
execute if entity @s[tag=aj.labyria.bone.ear_edge_a4] run data modify entity @s {} merge value {transformation:[-0.938332063393069f,0.18959033403681408f,0.28911666165808414f,-0.058039637995750515f,0.16423533511792657f,0.9802906202042808f,-0.109804620295364f,1.751671011922094f,-0.30423624620877815f,-0.0555500241162496f,-0.9509755524268095f,0.25952537425844086f,0f,0f,0f,1f],start_interpolation:0}
execute if entity @s[tag=aj.labyria.bone.ear_edge_b3] run data modify entity @s {} merge value {transformation:[-0.9563256439355926f,-0.04304438061883953f,0.28911666165808414f,-0.037899570884559836f,-0.07779692130996334f,0.9909039228888352f,-0.109804620295364f,1.7437680255692574f,-0.2817603623398189f,-0.12750136038748036f,-0.9509755524268095f,0.26656090042665415f,0f,0f,0f,1f],start_interpolation:0}
execute if entity @s[tag=aj.labyria.bone.ear_edge_b4] run data modify entity @s {} merge value {transformation:[-0.9228211804886691f,0.2545832374552268f,0.28911666165808414f,-0.06331587209159098f,0.2322168830059106f,0.9664462036806862f,-0.109804620295364f,1.7583525543222531f,-0.30737011580262447f,-0.034192259328763f,-0.9509755524268095f,0.257149801712556f,0f,0f,0f,1f],start_interpolation:0}
execute if entity @s[tag=aj.labyria.bone.ear_left_2] run data modify entity @s {} merge value {transformation:[-0.9512853129824181f,0.10708785764795159f,0.28911666165808414f,-0.08864612433211702f,0.07817241297133291f,0.990874371054187f,-0.109804620295364f,1.8670845205253737f,-0.2982370318290176f,-0.08185457551256191f,-0.9509755524268095f,0.20403311527331372f,0f,0f,0f,1f],start_interpolation:0}
execute if entity @s[tag=aj.labyria.bone.ear_left_1] run data modify entity @s {} merge value {transformation:[-0.9512853129824181f,0.10708785764795159f,0.28911666165808414f,-0.11274089230290608f,0.07817241297133291f,0.990874371054187f,-0.109804620295364f,1.644137787038182f,-0.2982370318290176f,-0.08185457551256191f,-0.9509755524268095f,0.22245039476364012f,0f,0f,0f,1f],start_interpolation:0}
execute if entity @s[tag=aj.labyria.bone.head] run data modify entity @s {} merge value {transformation:[-0.938332063393069f,0.18959033403681408f,0.28911666165808414f,-0.10164932624945484f,0.16423533511792657f,0.9802906202042808f,-0.109804620295364f,1.124640821677977f,-0.3042362462087781f,-0.0555500241162496f,-0.9509755524268095f,0.3186672989126531f,0f,0f,0f,1f],start_interpolation:0}
execute if entity @s[tag=aj.labyria.bone.back_musket] run data modify entity @s {} merge value {transformation:[0.00001255855569553523f,0.000003485289019722567f,0.000009716023021465163f,0.017416460739814142f,0.000003155413937906842f,0.000013272831721035998f,-0.000008839737838195423f,1.126292549019706f,-0.000009828107945332252f,0.000008714950522898104f,0.00000957724363587119f,0.10048717008999691f,0f,0f,0f,1f],start_interpolation:0}
execute if entity @s[tag=aj.labyria.bone.body_1] run data modify entity @s {} merge value {transformation:[-0.6102021557656228f,-0.2710648699985462f,0.7444307659894627f,-3.444319122601931e-17f,-0.09074260980337895f,0.9573755244746057f,0.274222325683095f,0.765625f,-0.7870318340861814f,0.099779463767075f,-0.6087897426413297f,0.28125f,0f,0f,0f,1f],start_interpolation:0}