execute if entity @s[tag=aj.louvert.bone.head] run data modify entity @s {} merge value {transformation:[-0.7269578411127174f,0.19235139344705632f,-0.6591913521002172f,0.08084365748902161f,0.0582007971146072f,0.9737708405980381f,0.21996139937774223f,1.603428506419397f,0.684211198724459f,0.1215372018764875f,-0.7190853524443901f,0.17080621444590455f,0f,0f,0f,1f],start_interpolation:0}
execute if entity @s[tag=aj.louvert.bone.coat_0] run data modify entity @s {} merge value {transformation:[-0.8965574368393382f,0.24711482454237793f,-0.3675853995188949f,-0.2347064998643034f,0.44267135035342814f,0.528131025348718f,-0.7246514304411358f,1.0445007496855059f,0.015061142863287635f,-0.8124111542534984f,-0.5828904514745031f,0.6209736998252307f,0f,0f,0f,1f],start_interpolation:0}
execute if entity @s[tag=aj.louvert.bone.coat_1] run data modify entity @s {} merge value {transformation:[-0.7538023100926426f,-0.5446678358041068f,-0.3675853995188949f,0.2291723813645067f,-0.1349207507272912f,0.6757785845843296f,-0.7246514304411358f,0.9233316270653328f,0.6431006673314679f,-0.4966490242189857f,-0.5828904514745031f,0.4790778673516696f,0f,0f,0f,1f],start_interpolation:0}
execute if entity @s[tag=aj.louvert.bone.coat_2] run data modify entity @s {} merge value {transformation:[-0.9277577624576202f,0.1654854751525438f,-0.3344848153700949f,-0.048715234189760204f,0.24233824524034606f,0.9487652448603876f,-0.2027724957651773f,0.8933347595702773f,0.28379166494712205f,-0.26918222017537824f,-0.9203277803304617f,0.47716447715413723f,0f,0f,0f,1f],start_interpolation:0}
execute if entity @s[tag=aj.louvert.bone.right_leg_1] run data modify entity @s {} merge value {transformation:[-0.9434634770838887f,0.15268451009145562f,-0.29421778971862056f,-0.01465449147283672f,0.26565556786942784f,0.8791447816779886f,-0.3956407108834148f,1.1843159313218576f,0.19825182639448763f,-0.4514331547709961f,-0.8700024828152824f,0.8528760574210896f,0f,0f,0f,1f],start_interpolation:0}
execute if entity @s[tag=aj.louvert.bone.right_leg_0] run data modify entity @s {} merge value {transformation:[-0.9434634770838887f,-0.27177138802806494f,-0.18978140071692265f,-0.11873677955710087f,0.26565556786942784f,-0.27750452899308675f,-0.9232650516770886f,1.0142084690304625f,0.19825182639448763f,-0.9214833417038117f,0.3340129702476027f,0.5854997417068404f,0f,0f,0f,1f],start_interpolation:0}
execute if entity @s[tag=aj.louvert.bone.left_leg_1] run data modify entity @s {} merge value {transformation:[-0.8794789484223344f,-0.01607525545930305f,-0.4756662332390883f,0.2082332220050473f,0.06711691085347254f,0.9852527857016591f,-0.15739208539379562f,0.6495518973009748f,0.4711815993430045f,-0.17034827392444885f,-0.8654301624114619f,0.735243278556628f,0f,0f,0f,1f],start_interpolation:0}
execute if entity @s[tag=aj.louvert.bone.left_leg_0] run data modify entity @s {} merge value {transformation:[-0.8794789484223344f,-0.25175469621962504f,-0.4039014139778529f,0.11320266105730417f,0.06711691085347254f,0.7745578988701245f,-0.6289319371564661f,0.9536239077203761f,0.4711815993430045f,-0.5802410139151338f,-0.6643103688873943f,0.5145518254700598f,0f,0f,0f,1f],start_interpolation:0}
execute if entity @s[tag=aj.louvert.bone.body_1] run data modify entity @s {} merge value {transformation:[-0.9277577624576202f,-0.06439338677351934f,-0.3675853995188949f,-0.02288999261662314f,0.24233824524034606f,0.6450988135576174f,-0.7246514304411358f,1.1855095676121747f,0.28379166494712205f,-0.7613809903631626f,-0.5828904514745031f,0.3120942240999618f,0f,0f,0f,1f],start_interpolation:0}
execute if entity @s[tag=aj.louvert.locator_origin.locator] at @s on origin run tp @s ^-1.19381 ^0.85754 ^1.06221 ~36.59577 ~25.85339
execute if entity @s[tag=aj.louvert.bone.sword_0] run data modify entity @s {} merge value {transformation:[-0.6052813975306199f,0.5880521286817599f,0.5364970864377825f,-0.7076624930426848f,0.7954221732148037f,0.42088787038406206f,0.4360699105898127f,1.2511943121237987f,0.03062672299835209f,0.690686683320606f,-0.7225053005493889f,0.4461270807858205f,0f,0f,0f,1f],start_interpolation:0}
execute if entity @s[tag=aj.louvert.bone.right_arm_1] run data modify entity @s {} merge value {transformation:[-0.762155597934562f,-0.4576007314279633f,-0.4579524157962296f,-0.41589469437514115f,-0.46430417319498823f,0.8793196590129259f,-0.10591776067832023f,1.4164244636669057f,0.45115460685969766f,0.1319034035572409f,-0.8826443297496943f,0.2778688187727954f,0f,0f,0f,1f],start_interpolation:0}
execute if entity @s[tag=aj.louvert.bone.right_arm_0] run data modify entity @s {} merge value {transformation:[-0.8658909106691738f,-0.4576007314279633f,-0.2020754844534619f,-0.18031709166150753f,-0.4744100206886226f,0.8793196590129259f,0.04161813959816345f,1.5435596498613173f,0.15864445496369928f,0.1319034035572409f,-0.9784852727758789f,0.24760435890631757f,0f,0f,0f,1f],start_interpolation:0}
execute if entity @s[tag=aj.louvert.locator_origin.locator2] at @s on origin run tp @s ^1.06786 ^1.04175 ^1.29581 ~-20.53497 ~0.68868
execute if entity @s[tag=aj.louvert.bone.sword_1] run data modify entity @s {} merge value {transformation:[-0.6024226970127949f,-0.7169789202682592f,-0.35075364861222896f,0.7413661738063186f,-0.7684534535914973f,0.6397927972125623f,0.012019413389409372f,1.0689619055871336f,0.21579199194393378f,0.27677862006644566f,-0.9363906298585989f,0.48123608929292094f,0f,0f,0f,1f],start_interpolation:0}
execute if entity @s[tag=aj.louvert.bone.left_arm_1] run data modify entity @s {} merge value {transformation:[-0.575501211297726f,0.7131924291329674f,0.40019359667824134f,0.517081728986098f,0.49414438745049377f,0.6931770988991343f,-0.5247159554587186f,1.2484118688054717f,-0.6516284832218631f,-0.10422124826155688f,-0.7513442960885356f,0.23991785010133246f,0f,0f,0f,1f],start_interpolation:0}
execute if entity @s[tag=aj.louvert.bone.left_arm_0] run data modify entity @s {} merge value {transformation:[-0.6758195343901119f,0.7131924291329674f,0.18607664002810576f,0.30588812448918806f,0.6404938561479456f,0.6931770988991343f,-0.33056486473688423f,1.4485661988517047f,-0.36474042437529014f,-0.10422124826155688f,-0.9252579933387964f,0.1259364674840543f,0f,0f,0f,1f],start_interpolation:0}
execute if entity @s[tag=aj.louvert.bone.wing_0] run data modify entity @s {} merge value {transformation:[-0.9538478317711896f,0.2668975678665707f,0.13762268015232557f,-0.14509486123928855f,0.23155650090452265f,0.945529559384612f,-0.2288131098053502f,1.221989749634273f,-0.19119597462879237f,-0.1863854624074816f,-0.9636931870096911f,-0.2434646185571879f,0f,0f,0f,1f],start_interpolation:0}
execute if entity @s[tag=aj.louvert.bone.wing_1] run data modify entity @s {} merge value {transformation:[-0.7322764469217351f,0.2668975678665707f,-0.6265276478740487f,-0.0779986213522003f,0.3247025555332512f,0.945529559384612f,0.02328310031154289f,1.2501962350076048f,0.598614613682171f,-0.1863854624074816f,-0.7790513485575224f,-0.004294200704355766f,0f,0f,0f,1f],start_interpolation:0}
execute if entity @s[tag=aj.louvert.bone.body_0] run data modify entity @s {} merge value {transformation:[-0.9255999145176808f,0.2668975678665707f,-0.26838495954835295f,0.038230225440179066f,0.3053590661108424f,0.945529559384612f,-0.11282594149332703f,1.4662518520742114f,0.22365294317038614f,-0.1863854624074816f,-0.9566816714113285f,0.1968684514042681f,0f,0f,0f,1f],start_interpolation:0}