execute if entity @s[tag=aj.louvert.bone.head] run data modify entity @s {} merge value {transformation:[-0.5174173779922883f,0.45078360124815897f,-0.7273743202762428f,0.15367239283189005f,0.08102022424859126f,0.8719892663792499f,0.4827736970694294f,1.570108126995336f,0.8518890656736319f,0.19086346995985953f,-0.48770498830808395f,0.2166878016968056f,0f,0f,0f,1f],start_interpolation:0}
execute if entity @s[tag=aj.louvert.bone.coat_0] run data modify entity @s {} merge value {transformation:[-0.5955249561611198f,-0.015129496998830982f,-0.8031943257455563f,-0.06318683642899732f,0.5009093731776126f,0.7746626248907558f,-0.3859891416350665f,0.9176188372120079f,0.6280444462393624f,-0.632193732899913f,-0.4537524188695484f,0.6303041482191135f,0f,0f,0f,1f],start_interpolation:0}
execute if entity @s[tag=aj.louvert.bone.coat_1] run data modify entity @s {} merge value {transformation:[-0.3791207731886179f,-0.45950659889386336f,-0.8031943257455563f,0.21721139030675887f,-0.2563285368872713f,0.886176090693636f,-0.3859891416350665f,0.8011382809808161f,0.889136165339199f,0.05954512453541949f,-0.4537524188695484f,0.23305219484000722f,0f,0f,0f,1f],start_interpolation:0}
execute if entity @s[tag=aj.louvert.bone.coat_2] run data modify entity @s {} merge value {transformation:[-0.5607964534715124f,0.2828061582157034f,-0.7781568059517622f,-0.02338701377931375f,0.23296111246238346f,0.9557818680536643f,0.1794718384040701f,0.8111299163920287f,0.7945039067582126f,-0.08063310470968255f,-0.6018819191260151f,0.37495911917086683f,0f,0f,0f,1f],start_interpolation:0}
execute if entity @s[tag=aj.louvert.bone.right_leg_1] run data modify entity @s {} merge value {transformation:[-0.6059507147435812f,0.21322443787189632f,-0.7663935479869054f,0.26977755008419296f,0.2895279588123507f,0.956446993266205f,0.037184810581605415f,0.9189973626882987f,0.7409435149643303f,-0.1993601970460755f,-0.6412941754499673f,0.7340470101359728f,0f,0f,0f,1f],start_interpolation:0}
execute if entity @s[tag=aj.louvert.bone.right_leg_0] run data modify entity @s {} merge value {transformation:[-0.6059507147435812f,-0.7320055709779806f,-0.3114347048081568f,0.006912720254941732f,0.2895279588123507f,0.16170807346364602f,-0.9434108649165696f,0.8884986981542099f,0.7409435149643303f,-0.6618295422794882f,0.11394895610942007f,0.5309911598743369f,0f,0f,0f,1f],start_interpolation:0}
execute if entity @s[tag=aj.louvert.bone.left_leg_1] run data modify entity @s {} merge value {transformation:[-0.48967467088434613f,0.21980038577506142f,-0.8437455227184566f,0.23157206767360755f,-0.005999702155886827f,0.9668309162245098f,0.2553467896929894f,0.45469193580079026f,0.8718845796711558f,0.1300990770359628f,-0.4721138738546483f,0.37721601685960665f,0f,0f,0f,1f],start_interpolation:0}
execute if entity @s[tag=aj.louvert.bone.left_leg_0] run data modify entity @s {} merge value {transformation:[-0.48967467088434613f,-0.23152004351640526f,-0.8406052498910943f,0.14711183362281985f,-0.005999702155886827f,0.9649735294611046f,-0.2622786514633235f,0.830258420038614f,0.8718845796711558f,-0.12338783120527164f,-0.4739121467551887f,0.3323651831847838f,0f,0f,0f,1f],start_interpolation:0}
execute if entity @s[tag=aj.louvert.bone.body_1] run data modify entity @s {} merge value {transformation:[-0.5607964534715124f,-0.20096321271296175f,-0.8031943257455563f,0.01421127296608024f,0.23296111246238346f,0.8926037769470356f,-0.3859891416350665f,1.1383172393923606f,0.7945039067582126f,-0.4035743853566173f,-0.4537524188695484f,0.30556117610561745f,0f,0f,0f,1f],start_interpolation:0}
execute if entity @s[tag=aj.louvert.locator_origin.locator] at @s on origin run tp @s ^-0.75544 ^0.70369 ^1.40691 ~21.73574 ~36.81835
execute if entity @s[tag=aj.louvert.bone.sword_0] run data modify entity @s {} merge value {transformation:[-0.31851270209141513f,0.9003669662949403f,0.29646076403340477f,-0.4718128631644232f,0.7960885285199915f,0.08430041334852184f,0.5992799805334251f,1.2318157923490127f,0.5145801330845369f,0.4268872993122577f,-0.7436225657688094f,0.7654177318793425f,0f,0f,0f,1f],start_interpolation:0}
execute if entity @s[tag=aj.louvert.bone.right_arm_1] run data modify entity @s {} merge value {transformation:[-0.610506989606146f,-0.12667737461886863f,-0.7818145933670666f,-0.23951702130378516f,-0.50546724447019f,0.8222722580341162f,0.2614788680470927f,1.4121195126704547f,0.6097409945294431f,0.5548163447728865f,-0.5660342243743739f,0.5324595718024503f,0f,0f,0f,1f],start_interpolation:0}
execute if entity @s[tag=aj.louvert.bone.right_arm_0] run data modify entity @s {} merge value {transformation:[-0.7582429439524535f,-0.12667737461886863f,-0.6395470902959274f,-0.032592416796201756f,-0.4408872462345128f,0.8222722580341162f,0.35984270143386793f,1.5209863922401177f,0.4802979013633774f,0.5548163447728865f,-0.6793325765181505f,0.4183577616408902f,0f,0f,0f,1f],start_interpolation:0}
execute if entity @s[tag=aj.louvert.locator_origin.locator2] at @s on origin run tp @s ^1.35741 ^0.36484 ^-0.35635 ~-99.50554 ~35.52391
execute if entity @s[tag=aj.louvert.bone.sword_1] run data modify entity @s {} merge value {transformation:[-0.511511742699845f,0.3066449624486943f,-0.8026983269479302f,0.6609488566936782f,-0.7866297073739853f,0.20881361308808774f,0.5810426649272983f,0.8802002357680178f,0.3457881440374812f,0.9286364961565624f,0.13440542194858432f,-0.21421603465951825f,0f,0f,0f,1f],start_interpolation:0}
execute if entity @s[tag=aj.louvert.bone.left_arm_1] run data modify entity @s {} merge value {transformation:[-0.6078357726170098f,0.6265804823816309f,-0.48778332548938713f,0.4277538020982118f,0.74121333231557f,0.6680688296193765f,-0.06547392525765494f,1.1513665645509081f,0.28484815169618205f,-0.40134889807921403f,-0.8705059405230211f,-0.10095005256192141f,0f,0f,0f,1f],start_interpolation:0}
execute if entity @s[tag=aj.louvert.bone.left_arm_0] run data modify entity @s {} merge value {transformation:[-0.5206137932621219f,0.6265804823816309f,-0.579963944882462f,0.26506199170379874f,0.7420127541072916f,0.6680688296193765f,0.05568762549353762f,1.3832455502094367f,0.42234861312349137f,-0.40134889807921403f,-0.812736556950199f,0.03103388903916965f,0f,0f,0f,1f],start_interpolation:0}
execute if entity @s[tag=aj.louvert.bone.wing_0] run data modify entity @s {} merge value {transformation:[-0.8123133879174784f,0.39141915047487f,-0.43236328295954907f,-0.3398818233362867f,0.40076732988176056f,0.9132047662414948f,0.07377399415282354f,1.369215248245069f,0.4237127648649166f,-0.11334947532012637f,-0.8986764653284183f,-0.07350239364074734f,0f,0f,0f,1f],start_interpolation:0}
execute if entity @s[tag=aj.louvert.bone.wing_1] run data modify entity @s {} merge value {transformation:[-0.24522480884831682f,0.39141915047487f,-0.886936210652625f,-0.1603798817400666f,0.22223704500884345f,0.9132047662414948f,0.341566612448515f,1.3127046184224458f,0.9436500881953245f,-0.11334947532012637f,-0.31092829960234925f,0.09107464509867585f,0f,0f,0f,1f],start_interpolation:0}
execute if entity @s[tag=aj.louvert.bone.body_0] run data modify entity @s {} merge value {transformation:[-0.5755483438013926f,0.39141915047487f,-0.7180077663848804f,0.09318077862973687f,0.33906022235972116f,0.9132047662414948f,0.22604251929049365f,1.4384340191730842f,0.744165485332967f,-0.11334947532012637f,-0.6583081549576928f,0.23444373659265266f,0f,0f,0f,1f],start_interpolation:0}