# This file was generated by Animated Java via MC-Build. It is not recommended to edit this file directly.
$data merge entity $(bone_wing_right_1) { transformation: [0.5460503981778247f,0.053018065613039005f,-0.6049483381355262f,-0.3213216522524812f,-0.21244797458587092f,0.7788171099247972f,-0.12350794236482121f,1.497939112853623f,0.5688930173491711f,0.23995299217030472f,0.5345350697609255f,-0.28858417947650705f,0f,0f,0f,1f], start_interpolation: 0, interpolation_duration: 1 }
$data merge entity $(bone_wing_right_2) { transformation: [0.5140642500463211f,-0.15671719341628088f,-0.5926024536837808f,-0.3213216522524812f,0.09968725162512652f,0.7844899665723876f,-0.12098737211247793f,1.497939112853623f,0.6048143505967282f,0.0039004659950421794f,0.5236261907862128f,-0.28858417947650705f,0f,0f,0f,1f], start_interpolation: 0, interpolation_duration: 1 }
$data merge entity $(bone_wing_left_1) { transformation: [-0.5358769845925337f,0.05122421831204619f,-0.6141305897663604f,-0.3204710794653783f,0.010255347364585478f,0.8144691254042387f,0.05898572757990505f,1.4810343104463057f,0.616177839327973f,0.030993026086829908f,-0.5350782625929932f,-0.18950347141056784f,0f,0f,0f,1f], start_interpolation: 0, interpolation_duration: 1 }
$data merge entity $(bone_wing_left_2) { transformation: [-0.5041845920255811f,-0.15452692596434534f,-0.6015973124241898f,-0.3204710794653783f,-0.2960416015701088f,0.740959255202861f,0.05778193722113148f,1.4810343104463057f,0.5460377892635301f,0.2590382428932676f,-0.524158298050279f,-0.18950347141056784f,0f,0f,0f,1f], start_interpolation: 0, interpolation_duration: 1 }
$data merge entity $(bone_staff) { transformation: [-0.07797637749359264f,-0.02720475738213947f,1.5603159409968086f,-0.01144334514015956f,1.4775096774720806f,0.501549072438344f,0.08258287299788933f,1.6298015981182057f,-0.5022858623625847f,1.4795657062503222f,0.0006952400008816483f,0.6138229511208507f,0f,0f,0f,1f], start_interpolation: 0, interpolation_duration: 1 }
$data merge entity $(bone_arm_right_2) { transformation: [-0.017411044724569693f,-0.9986022022379575f,0.04990488159589907f,-0.007582364946417108f,0.3209914063605399f,-0.052853038718649104f,-0.9456061935821317f,1.5678288262519227f,0.9469220520002064f,-0.0004449536005647469f,0.321462951912054f,0.43091845677741436f,0f,0f,0f,1f], start_interpolation: 0, interpolation_duration: 1 }
$data merge entity $(bone_arm_right_1) { transformation: [-0.000183046504541904f,-0.9986022022379575f,0.052854594686544014f,-0.00978420229706611f,-0.004960121183797711f,-0.052853038718649104f,-0.9985899826735932f,1.56513442415319f,0.99998768177004f,-0.0004449536005647469f,-0.004943513373515673f,0.0739530697739092f,0f,0f,0f,1f], start_interpolation: 0, interpolation_duration: 1 }
$data merge entity $(bone_arm_left_2) { transformation: [-0.985218789906983f,-0.02375916916876155f,-0.16964503498372868f,0.26222261607016617f,0.1402886638712591f,0.4563924469827142f,-0.8786495462505786f,1.4772782525875539f,0.09830069584411522f,-0.8894613179995748f,-0.44631327224161976f,-0.639810670589015f,0f,0f,0f,1f], start_interpolation: 0, interpolation_duration: 1 }
$data merge entity $(bone_arm_left_1) { transformation: [-0.7794462245095373f,-0.02375916916876155f,-0.6260184382094816f,0.010619185676168319f,0.5486769829574172f,0.4563924469827142f,-0.7004709149635528f,1.6576100624364882f,0.3023526938371386f,-0.8894613179995748f,-0.3426972604382547f,-0.5159660893769953f,0f,0f,0f,1f], start_interpolation: 0, interpolation_duration: 1 }
$data merge entity $(bone_himo_right_2) { transformation: [0.10765554281144585f,-0.5621954384887864f,-0.8199674219408809f,0.25511424697411855f,-0.461531699826525f,0.7022417905758552f,-0.5420746790102404f,1.3781408932429673f,0.8805673024574618f,0.4367983018639357f,-0.18387079521112273f,-0.10447252597324069f,0f,0f,0f,1f], start_interpolation: 0, interpolation_duration: 1 }
$data merge entity $(bone_himo_right_1) { transformation: [0.008462056807950051f,-0.3088526401456326f,-0.9510722581747676f,0.19126017533322018f,-0.16818007872686333f,0.9371184758464323f,-0.3058176308630455f,1.5519392472712794f,0.9857199676956965f,0.16253925342000386f,-0.04401291155630001f,-0.07427149665421684f,0f,0f,0f,1f], start_interpolation: 0, interpolation_duration: 1 }
$data merge entity $(bone_himo_left_2) { transformation: [0.02785169343131797f,-0.5382041041377968f,-0.8423542161479572f,0.20413938034662343f,-0.533345746511933f,0.7047107134717462f,-0.4678943523871296f,1.4300113501207814f,0.8454387014152099f,0.4622976882998378f,-0.26742148294777895f,-0.44946257335980694f,0f,0f,0f,1f], start_interpolation: 0, interpolation_duration: 1 }
$data merge entity $(bone_himo_left_1) { transformation: [0.01851538006831934f,-0.04950578134346903f,-0.9986022022379575f,0.18861578258073577f,-0.3576886770563279f,0.9323440173047173f,-0.052853038718649215f,1.6044955218734243f,0.9336573199020181f,0.3581672947236719f,-0.00044495360056473823f,-0.382308986559122f,0f,0f,0f,1f], start_interpolation: 0, interpolation_duration: 1 }
$data merge entity $(bone_ponpon1) { transformation: [-0.9694679335908701f,-0.047561778194389843f,-0.24056143288988824f,0.24625178308779003f,-0.050489027237882615f,0.9987064958975538f,0.006016076844744325f,2.2756258917418766f,0.2399641303770646f,0.017978106324559793f,-0.9706152707563187f,-0.2369053432171826f,0f,0f,0f,1f], start_interpolation: 0, interpolation_duration: 1 }
$data merge entity $(bone_ponpon2) { transformation: [-0.9694679335908701f,-0.047561778194389843f,-0.24056143288988824f,0.2659994185383194f,-0.050489027237882615f,0.9987064958975538f,0.006016076844744325f,2.1532449254802977f,0.2399641303770646f,0.017978106324559793f,-0.9706152707563187f,-0.33914644303029734f,0f,0f,0f,1f], start_interpolation: 0, interpolation_duration: 1 }
$data merge entity $(bone_ponpon3) { transformation: [-0.9694679335908701f,-0.047561778194389843f,-0.24056143288988824f,-0.32331062789684617f,-0.050489027237882615f,0.9987064958975538f,0.006016076844744325f,2.2459635882396203f,0.2399641303770646f,0.017978106324559793f,-0.9706152707563187f,-0.09592641662065715f,0f,0f,0f,1f], start_interpolation: 0, interpolation_duration: 1 }
$data merge entity $(bone_ponpon4) { transformation: [-0.9694679335908701f,-0.047561778194389843f,-0.24056143288988824f,-0.3762730874656321f,-0.050489027237882615f,0.9987064958975538f,0.006016076844744325f,2.1197959449352f,0.2399641303770646f,0.017978106324559793f,-0.9706152707563187f,-0.18017020665549205f,0f,0f,0f,1f], start_interpolation: 0, interpolation_duration: 1 }
$data merge entity $(bone_ear_edge_a1) { transformation: [-0.9602340002097289f,0.17244534343623685f,-0.21957519980266635f,0.14718113670716593f,0.1032698148441908f,0.950050167644267f,0.29451659427126825f,2.3635500930963644f,0.25939547062982615f,0.26012935721724806f,-0.930078871564381f,-0.20315540974911855f,0f,0f,0f,1f], start_interpolation: 0, interpolation_duration: 1 }
$data merge entity $(bone_ear_edge_a2) { transformation: [-0.975388321299305f,0.020108562965645504f,-0.21957519980266635f,0.03503366293163366f,-0.046622197679786634f,0.9545084318026531f,0.29451659427126825f,2.367798861509036f,0.21550868510672846f,0.2975051248518193f,-0.930078871564381f,-0.17533396626137346f,0f,0f,0f,1f], start_interpolation: 0, interpolation_duration: 1 }
$data merge entity $(bone_ear_edge_b1) { transformation: [-0.9285856263734638f,0.33733551676890716f,-0.15470450419705573f,0.0010322340691897164f,0.15226468639349422f,0.7264636358447555f,0.6701239072535089f,2.3769291451428334f,0.3384437911531149f,0.5987113953496067f,-0.7259479769986508f,-0.22287535058840097f,0f,0f,0f,1f], start_interpolation: 0, interpolation_duration: 1 }
$data merge entity $(bone_ear_edge_b2) { transformation: [-0.9873798183883469f,0.033876402119156546f,-0.15470450419705573f,0.03066034382533052f,-0.07967728707527195f,0.7379603504603857f,0.6701239072535089f,2.3851623997812292f,0.13686717708683965f,0.6739932570344053f,-0.7259479769986508f,-0.22158917200927541f,0f,0f,0f,1f], start_interpolation: 0, interpolation_duration: 1 }
$data merge entity $(bone_ear_right_2) { transformation: [-0.9699240975181167f,0.18791956107550467f,-0.15470450419705573f,0.09336022853533962f,0.03674610519067394f,0.7413391077507017f,0.6701239072535089f,2.485407847322961f,0.2406178896237415f,0.6442845379834776f,-0.7259479769986508f,-0.18546135397719035f,0f,0f,0f,1f], start_interpolation: 0, interpolation_duration: 1 }
$data merge entity $(bone_ear_right_1) { transformation: [-0.9699240975181167f,0.10504273742285246f,-0.21957519980266635f,0.06972561261519786f,0.03674610519067394f,0.9549396313129794f,0.29451659427126825f,2.270546430277541f,0.2406178896237415f,0.2775902085134571f,-0.930078871564381f,-0.2479191508927181f,0f,0f,0f,1f], start_interpolation: 0, interpolation_duration: 1 }
$data merge entity $(bone_ear_edge_a3) { transformation: [-0.9500918732603623f,-0.1986344113455168f,-0.24056143288988824f,-0.2381472510600342f,-0.20609953994878433f,0.9785125377082797f,0.006016076844744325f,2.3577035821993273f,0.23419737828915932f,0.055295426367127726f,-0.9706152707563187f,-0.13887833467447758f,0f,0f,0f,1f], start_interpolation: 0, interpolation_duration: 1 }
$data merge entity $(bone_ear_edge_a4) { transformation: [-0.9694679335908702f,-0.047561778194389864f,-0.24056143288988824f,-0.1269583737712673f,-0.050489027237882594f,0.9987064958975538f,0.006016076844744325f,2.37358350902518f,0.2399641303770646f,0.01797810632455979f,-0.9706152707563187f,-0.16633743364493023f,0f,0f,0f,1f], start_interpolation: 0, interpolation_duration: 1 }
$data merge entity $(bone_ear_edge_b3) { transformation: [-0.9291643571859654f,-0.2806845103334995f,-0.24056143288988824f,-0.10509841842332916f,-0.29059825598798783f,0.9568262435971007f,0.006016076844744325f,2.3703971588339128f,0.22848687260307193f,0.07549665703000111f,-0.9706152707563187f,-0.17177504797887877f,0f,0f,0f,1f], start_interpolation: 0, interpolation_duration: 1 }
$data merge entity $(bone_ear_edge_b4) { transformation: [-0.9704241003617717f,0.020180744362148034f,-0.24056143288988824f,-0.13379280516126396f,0.019300204954064343f,0.9997956335712461f,0.006016076844744325f,2.378915795273994f,0.24063367911781935f,0.0011952610009500625f,-0.9706152707563187f,-0.16461050836104285f,0f,0f,0f,1f], start_interpolation: 0, interpolation_duration: 1 }
$data merge entity $(bone_ear_left_2) { transformation: [-0.961633533308254f,-0.1318754890912164f,-0.24056143288988824f,-0.20231335582804333f,-0.1373399076830507f,0.9905057074934043f,0.006016076844744325f,2.4807879576540857f,0.23748409920391475f,0.03882394621806509f,-0.9706152707563187f,-0.17919273039938732f,0f,0f,0f,1f], start_interpolation: 0, interpolation_duration: 1 }
$data merge entity $(bone_ear_left_1) { transformation: [-0.961633533308254f,-0.1318754890912164f,-0.24056143288988824f,-0.17264137078251968f,-0.1373399076830507f,0.9905057074934043f,0.006016076844744325f,2.25792417346807f,0.23748409920391475f,0.03882394621806509f,-0.9706152707563187f,-0.18792811829845196f,0f,0f,0f,1f], start_interpolation: 0, interpolation_duration: 1 }
$data merge entity $(bone_head) { transformation: [-0.9694679335908701f,-0.047561778194389843f,-0.24056143288988824f,-0.019564922981227105f,-0.050489027237882615f,0.9987064958975538f,0.006016076844744325f,1.7522102203239107f,0.2399641303770646f,0.017978106324559793f,-0.9706152707563187f,-0.19680568687578698f,0f,0f,0f,1f], start_interpolation: 0, interpolation_duration: 1 }
$data merge entity $(bone_body_1) { transformation: [0.008462056807950051f,-0.05217312794993903f,-0.9986022022379575f,3.1835033723501876e-17f,-0.16818007872686333f,0.984338365308206f,-0.052853038718649215f,1.3830833333333334f,0.9857199676956965f,0.16839224240530876f,-0.00044495360056473823f,-0.25995277777777775f,0f,0f,0f,1f], start_interpolation: 0, interpolation_duration: 1 }
$data merge entity $(bone_leg_left_2) { transformation: [0.015132400266285592f,-0.5413690162004265f,-0.8406489152793593f,0.31564764254077343f,-0.19772101744743054f,0.8225234867622213f,-0.5332555794214167f,0.8315782158958489f,0.9801415253532184f,0.17428339571714863f,-0.09459327806755605f,-0.4816836515121816f,0f,0f,0f,1f], start_interpolation: 0, interpolation_duration: 1 }
$data merge entity $(bone_leg_left_1) { transformation: [0.015132400266285592f,-0.6854998388124771f,-0.7279155043342935f,0.05430082899351658f,-0.19772101744743054f,0.7115721442080881f,-0.6742191652917148f,1.1028650958751824f,0.9801415253532184f,0.1541267484091312f,-0.12476993108555673f,-0.42292282868120035f,0f,0f,0f,1f], start_interpolation: 0, interpolation_duration: 1 }
$data merge entity $(bone_leg_right_2) { transformation: [-0.06796636324379696f,-0.05096508213242293f,-0.9963850329419082f,0.3204960664152695f,0.17927560202065146f,0.9818148572597484f,-0.06244873564895259f,1.228820010739137f,0.9814483338350242f,-0.18287194007625981f,-0.05759358944535059f,-0.16624209343044105f,0f,0f,0f,1f], start_interpolation: 0, interpolation_duration: 1 }
$data merge entity $(bone_leg_right_1) { transformation: [-0.06796636324379696f,-0.9973121846698473f,-0.027367494888436372f,0.007592916508638571f,0.17927560202065146f,0.014776078834604467f,-0.9836879210473242f,1.121515329208003f,0.9814483338350242f,-0.07176401468235936f,0.17778946596782633f,-0.1683102387373087f,0f,0f,0f,1f], start_interpolation: 0, interpolation_duration: 1 }
$data merge entity $(bone_skirt_forward_right) { transformation: [-0.09234248010305242f,-0.7714438799408558f,-0.6295611221082636f,0.014846334095451453f,-0.037949321306828196f,0.6345298757558807f,-0.771966116993212f,1.2740002117495137f,0.9950038770682094f,-0.0473938484935025f,-0.08786983409684146f,-0.2743138431789172f,0f,0f,0f,1f], start_interpolation: 0, interpolation_duration: 1 }
$data merge entity $(bone_skirt_forward_left) { transformation: [0.09234248010305175f,-0.7256487175372867f,-0.6818407476125997f,0.0197266331284138f,-0.22086972379569253f,0.6527804103963305f,-0.7246339082000048f,1.2367589730818078f,0.9709219492208588f,0.21751246984779893f,-0.09999446975647391f,-0.279216745262769f,0f,0f,0f,1f], start_interpolation: 0, interpolation_duration: 1 }
$data merge entity $(bone_skirt_forward) { transformation: [-3.41561960149953e-16f,-0.7074632189328997f,-0.7067501636767411f,0.014846334095451453f,-0.13052619222005157f,0.7007038180524043f,-0.7014107730219983f,1.2740002117495137f,0.9914448613738104f,0.09224940771562298f,-0.09234248010305232f,-0.2743138431789172f,0f,0f,0f,1f], start_interpolation: 0, interpolation_duration: 1 }
$data merge entity $(bone_skirt_back_right) { transformation: [-0.006881968894602108f,-0.14800831896511837f,-0.9889621711780757f,0.018981536081610354f,-0.04388919020290555f,0.9880772720243595f,-0.14757046958058118f,1.2983977410983145f,0.9990127013644355f,0.04238917345289763f,-0.013295882314207344f,-0.2711018475051858f,0f,0f,0f,1f], start_interpolation: 0, interpolation_duration: 1 }
$data merge entity $(bone_skirt_back_left) { transformation: [0.006881968894601428f,-0.14800831896511843f,-0.9889621711780756f,0.018981536081610354f,-0.2161698111005333f,0.965380480813342f,-0.14598335532984724f,1.2983977410983145f,0.9763315273373555f,0.21478841863964748f,-0.02535121191158434f,-0.2711018475051858f,0f,0f,0f,1f], start_interpolation: 0, interpolation_duration: 1 }
$data merge entity $(bone_skirt_back) { transformation: [-3.41561960149953e-16f,-0.07896173766228023f,-0.9968776474499532f,0.018981536081610354f,-0.13052619222005157f,0.9883492209826691f,-0.07828620905041456f,1.2983977410983145f,0.9914448613738104f,0.13011864343092538f,-0.010306574948136416f,-0.2711018475051858f,0f,0f,0f,1f], start_interpolation: 0, interpolation_duration: 1 }
$data merge entity $(bone_skirt_right) { transformation: [-0.03953268802834797f,-0.45092285441234103f,-0.8916870224164306f,0.018710338623580163f,0.04803346267756872f,0.8904953566270359f,-0.452449783168133f,1.2971697604714187f,0.9980631007308385f,-0.06071737143779149f,-0.013544289026351158f,-0.07584165310930097f,0f,0f,0f,1f], start_interpolation: 0, interpolation_duration: 1 }
$data merge entity $(bone_skirt_left) { transformation: [0.02831528716822956f,-0.42126328387396017f,-0.9064962714607865f,0.008745109740787491f,-0.2557373841551118f,0.8736258831732494f,-0.4139760942316121f,1.33793586789531f,0.9663315346495122f,0.24354683719869383f,-0.08299580249887015f,-0.46131841547483876f,0f,0f,0f,1f], start_interpolation: 0, interpolation_duration: 1 }
$data merge entity $(bone_coat_downer) { transformation: [-3.41561960149953e-16f,-0.3011866312872495f,-0.9535652117888103f,0.04847070820839786f,-0.13052619222005157f,0.9454073292128452f,-0.2986099379042319f,1.1658128887136192f,0.9914448613738104f,0.12446523612830034f,-0.03931274412950965f,-0.2806770607093546f,0f,0f,0f,1f], start_interpolation: 0, interpolation_duration: 1 }
$data merge entity $(bone_body_2) { transformation: [-3.41561960149953e-16f,-0.21693184093268963f,-0.9761867528242505f,3.1835033723501876e-17f,-0.13052619222005157f,0.9678353398287891f,-0.2150759589610759f,1.3830833333333334f,0.9914448613738104f,0.127417939741806f,-0.02831528716823023f,-0.25995277777777775f,0f,0f,0f,1f], start_interpolation: 0, interpolation_duration: 1 }
$data merge entity $(bone_book_left) { transformation: [-0.559097918595079f,0.026292154488356555f,-0.8286846445029683f,0.5956550182586992f,-0.10821947908580772f,0.9886320079470883f,0.10438054037465383f,1.874153882041445f,0.8220085533429972f,0.1480387634198175f,-0.549896774636917f,-0.7445627624737072f,0f,0f,0f,1f], start_interpolation: 0, interpolation_duration: 1 }
$data merge entity $(bone_book_right) { transformation: [-0.559097918595079f,0.026292154488356555f,-0.8286846445029683f,0.5432395883904105f,-0.10821947908580772f,0.9886320079470883f,0.10438054037465383f,1.8640083058771506f,0.8220085533429972f,0.1480387634198175f,-0.549896774636917f,-0.6674994605978013f,0f,0f,0f,1f], start_interpolation: 0, interpolation_duration: 1 }
$data merge entity $(bone_book_loot_1) { transformation: [-0.559097918595079f,0.026292154488356555f,-0.8286846445029683f,0.6937500000000001f,-0.10821947908580772f,0.9886320079470883f,0.10438054037465383f,1.8534240129030997f,0.8220085533429972f,0.1480387634198175f,-0.549896774636917f,-0.6235465953402167f,0f,0f,0f,1f], start_interpolation: 0, interpolation_duration: 1 }
$data merge entity $(bone_book_left2) { transformation: [-0.3896598717712031f,-0.7309698269877654f,-0.5602216493181299f,-0.9379934152603148f,-0.14157524896722304f,0.6486156150018105f,-0.7478330247158732f,2.5369644908663584f,0.9100118863021068f,-0.21208700103801548f,-0.3562267126137265f,-0.6911654611576511f,0f,0f,0f,1f], start_interpolation: 0, interpolation_duration: 1 }
$data merge entity $(bone_book_right2) { transformation: [0.15079521281193664f,-0.7309698269877654f,-0.6655403187084002f,-0.9257565847396849f,0.45663507310595175f,0.6486156150018105f,-0.6089188730737002f,2.5208242477318454f,0.8767811664278179f,-0.21208700103801548f,0.4315945900821464f,-0.7827013286106238f,0f,0f,0f,1f], start_interpolation: 0, interpolation_duration: 1 }
$data merge entity $(bone_book_loot_2) { transformation: [-0.13052619222005188f,-0.7309698269877654f,-0.6698104397350121f,-0.831403434039748f,0.1721625934348046f,0.6486156150018105f,-0.7413891187477903f,2.6401027371112704f,0.9763825861650424f,-0.21208700103801548f,0.041184334696150605f,-0.7431110450885601f,0f,0f,0f,1f], start_interpolation: 0, interpolation_duration: 1 }
$data merge entity $(bone_air_staff_povit_1) { transformation: [-5.3369056273430165e-21f,-7.0261695522793565e-22f,-0.000015625f,0.6875f,-0.0000020394717534383057f,0.000015491325958965787f,0f,1.546842559524556f,0.000015491325958965787f,0.0000020394717534383057f,-5.382957575621355e-21f,-0.23111368712373653f,0f,0f,0f,1f], start_interpolation: 0, interpolation_duration: 1 }