# This file was generated by Animated Java via MC-Build. It is not recommended to edit this file directly.
$data merge entity $(bone_wing_right_1) { transformation: [-0.38812706737667496f,-0.08068740426236116f,-0.7139967554600152f,-0.07752914303385407f,-0.11810116162837705f,0.8076285212257751f,-0.027069018621666156f,1.1098009740318195f,0.708769313413084f,0.09038893151550391f,-0.3955001211983072f,-0.313810506507023f,0f,0f,0f,1f], start_interpolation: 0, interpolation_duration: 1 }
$data merge entity $(bone_wing_right_2) { transformation: [-0.3815122152241853f,0.07247447217114417f,-0.6994253931036883f,-0.07752914303385407f,0.19587409820508392f,0.7751968834590394f,-0.026516589670203584f,1.1098009740318195f,0.6753382613824573f,-0.18389465125148924f,-0.3874286901534438f,-0.313810506507023f,0f,0f,0f,1f], start_interpolation: 0, interpolation_duration: 1 }
$data merge entity $(bone_wing_left_1) { transformation: [-0.7765288931848137f,0.12467286482756318f,0.22000908906065805f,-0.16337711686641765f,0.12120385017414569f,0.807081433522421f,-0.029557246333202645f,1.1100296763560316f,-0.2219390664046681f,0.004547623942953722f,-0.7859178165459428f,-0.2779257545104506f,0f,0f,0f,1f], start_interpolation: 0, interpolation_duration: 1 }
$data merge entity $(bone_wing_left_2) { transformation: [-0.7495145051285813f,-0.17826811503761317f,0.2155191076512569f,-0.16337711686641765f,-0.19286099925652836f,0.7758648714139491f,-0.028954037224361778f,1.1100296763560316f,-0.20256515388296953f,-0.07908337667773593f,-0.7698786774327604f,-0.2779257545104506f,0f,0f,0f,1f], start_interpolation: 0, interpolation_duration: 1 }
$data merge entity $(bone_staff) { transformation: [0.3457061038397597f,0.9980738587536505f,1.1514087511568298f,-0.5839110894683107f,1.523731103438288f,-0.21735964007097391f,-0.269080956745279f,0.8527612952950933f,-0.011707441337514609f,1.1823745638928531f,-1.0214007913040377f,0.32147724647689396f,0f,0f,0f,1f], start_interpolation: 0, interpolation_duration: 1 }
$data merge entity $(bone_arm_right_2) { transformation: [-0.49807208197903746f,-0.6305437711520915f,-0.5952636002766888f,-0.480379479277573f,-0.7667291754347074f,0.6408845979176437f,-0.03732698339209665f,1.0568826721748592f,0.4050315699921188f,0.4378144410743423f,-0.8026630317240733f,0.21878540669788055f,0f,0f,0f,1f], start_interpolation: 0, interpolation_duration: 1 }
$data merge entity $(bone_arm_right_1) { transformation: [-0.5684590683742939f,-0.6305437711520915f,-0.5284589295719474f,-0.27594104640647565f,-0.7653941135049397f,0.6408845979176437f,0.05864113883552884f,1.339987183158269f,0.3017053837686982f,0.4378144410743423f,-0.8469311522147145f,0.10451390774037354f,0f,0f,0f,1f], start_interpolation: 0, interpolation_duration: 1 }
$data merge entity $(bone_arm_left_2) { transformation: [0.33280302802794265f,0.9404389306187599f,0.06940289844146058f,0.4582402859682141f,0.3584607998840241f,-0.05809169240508372f,-0.931735590293737f,1.164807539450729f,-0.8722086903269985f,0.33496264426075384f,-0.35644358244735663f,0.09607688899844731f,0f,0f,0f,1f], start_interpolation: 0, interpolation_duration: 1 }
$data merge entity $(bone_arm_left_1) { transformation: [-0.48728594350052756f,0.8515312835354574f,0.19351196972605397f,0.27541404698649247f,0.520492692709997f,0.46115869917741503f,-0.7186236922120581f,1.335864084065906f,-0.7011702832424497f,-0.24945365768705624f,-0.6679319625263128f,-0.12409128939301746f,0f,0f,0f,1f], start_interpolation: 0, interpolation_duration: 1 }
$data merge entity $(bone_himo_right_2) { transformation: [-0.9075523625653616f,-0.29760245462739954f,-0.29627940900740435f,-0.03997122501559931f,-0.04875566129342738f,0.7754310189212881f,-0.6295471550142482f,1.018419507510453f,0.41709902264794485f,-0.5569017093657009f,-0.7182540577063868f,0.2963162962517273f,0f,0f,0f,1f], start_interpolation: 0, interpolation_duration: 1 }
$data merge entity $(bone_himo_right_1) { transformation: [-0.9212125647866676f,-0.12340920884899734f,-0.3689682610339733f,-0.06541650330624864f,-0.009536383449202178f,0.9552365759645063f,-0.29568926482088564f,1.1956783075986674f,0.388942756546358f,-0.2688740432077269f,-0.8811528136590441f,0.2403952080649095f,0f,0f,0f,1f], start_interpolation: 0, interpolation_duration: 1 }
$data merge entity $(bone_himo_left_2) { transformation: [-0.9226356452300863f,-0.20548803045861463f,-0.32637116215913087f,0.2280856229335191f,0.002457937060651914f,0.8430884879127043f,-0.5377692442809239f,1.0078699364774182f,0.38566491245155826f,-0.49696727345702507f,-0.7773584143858111f,0.13345559833344248f,0f,0f,0f,1f], start_interpolation: 0, interpolation_duration: 1 }
$data merge entity $(bone_himo_left_1) { transformation: [-0.9226356452300863f,-0.01477227347122538f,-0.3853897327217651f,0.22290713582815333f,0.002457937060651914f,0.9990206703110734f,-0.04417758296488744f,1.1949102022672138f,0.38566491245155826f,-0.041707076470366145f,-0.9216957714322156f,0.1198749229237975f,0f,0f,0f,1f], start_interpolation: 0, interpolation_duration: 1 }
$data merge entity $(bone_ponpon1) { transformation: [-0.9828804700291816f,0.02067759621384129f,0.18308036118063659f,0.29414647418241563f,0.02663102816363969f,0.9991914833219184f,0.030119229669632007f,1.874256553168299f,-0.1823095443858122f,0.034479220869415655f,-0.9826364604237295f,0.08058728873517673f,0f,0f,0f,1f], start_interpolation: 0, interpolation_duration: 1 }
$data merge entity $(bone_ponpon2) { transformation: [-0.9828804700291816f,0.02067759621384129f,0.18308036118063659f,0.3455835761424645f,0.02663102816363969f,0.9991914833219184f,0.030119229669632007f,1.751182631978451f,-0.1823095443858122f,0.034479220869415655f,-0.9826364604237295f,-0.009008174123756919f,0f,0f,0f,1f], start_interpolation: 0, interpolation_duration: 1 }
$data merge entity $(bone_ponpon3) { transformation: [-0.9828804700291816f,0.02067759621384129f,0.18308036118063659f,-0.28329580195972853f,0.02663102816363969f,0.9991914833219184f,0.030119229669632007f,1.8899022822144373f,-0.1823095443858122f,0.034479220869415655f,-0.9826364604237295f,-0.026519568591487953f,0f,0f,0f,1f], start_interpolation: 0, interpolation_duration: 1 }
$data merge entity $(bone_ponpon4) { transformation: [-0.9828804700291816f,0.02067759621384129f,0.18308036118063659f,-0.3055747352518683f,0.02663102816363969f,0.9991914833219184f,0.030119229669632007f,1.7688256881368623f,-0.1823095443858122f,0.034479220869415655f,-0.9826364604237295f,-0.1297882472793575f,0f,0f,0f,1f], start_interpolation: 0, interpolation_duration: 1 }
$data merge entity $(bone_ear_edge_a1) { transformation: [-0.9680860149250777f,0.16644097920968284f,0.18736826878157348f,0.20255145513937245f,0.18246246257974935f,0.9805975643915226f,0.07166495976938425f,1.9826938689626856f,-0.17180488193242824f,0.1035655210440995f,-0.9796720192978101f,0.049215661970302735f,0f,0f,0f,1f], start_interpolation: 0, interpolation_duration: 1 }
$data merge entity $(bone_ear_edge_a2) { transformation: [-0.9822043751781487f,0.012949796704907965f,0.18736826878157348f,0.0895467324885744f,0.026816791480953867f,0.9970681988890829f,0.07166495976938425f,1.9958305992835732f,-0.18589089562313008f,0.07541425282651802f,-0.9796720192978101f,0.028563795224352626f,0f,0f,0f,1f], start_interpolation: 0, interpolation_duration: 1 }
$data merge entity $(bone_ear_edge_b1) { transformation: [-0.9509695033729069f,0.2434032109994372f,0.1908189731914788f,0.06828041612672196f,0.2667240112616874f,0.9577507814789903f,0.10757203350713027f,1.9913968992640867f,-0.15657364232578272f,0.15319372523555697f,-0.9757132658098335f,0.019637385981440235f,0f,0f,0f,1f], start_interpolation: 0, interpolation_duration: 1 }
$data merge entity $(bone_ear_edge_b2) { transformation: [-0.9796414716650264f,-0.06237552776635316f,0.1908189731914788f,0.09691357771657837f,-0.04229165889008492f,0.9932973740000857f,0.10757203350713027f,2.000547529726194f,-0.19624984734339565f,0.09731197429095434f,-0.9757132658098335f,0.026245989806388145f,0f,0f,0f,1f], start_interpolation: 0, interpolation_duration: 1 }
$data merge entity $(bone_ear_right_2) { transformation: [-0.97733814184474f,0.09164210803784759f,0.1908189731914788f,0.16023984244105624f,0.11361496493740593f,0.9876841080777868f,0.10757203350713027f,2.1064338802301443f,-0.1786107394244334f,0.12681414229086047f,-0.9757132658098335f,0.018276704753764705f,0f,0f,0f,1f], start_interpolation: 0, interpolation_duration: 1 }
$data merge entity $(bone_ear_right_1) { transformation: [-0.97733814184474f,0.09850527066744634f,0.18736826878157348f,0.13807615654088085f,0.11361496493740593f,0.9909368159895589f,0.07166495976938425f,1.883473096632494f,-0.1786107394244334f,0.09132873790438899f,-0.9796720192978101f,-0.002272261274722784f,0f,0f,0f,1f], start_interpolation: 0, interpolation_duration: 1 }
$data merge entity $(bone_ear_edge_a3) { transformation: [-0.9740142691485214f,-0.1333333598355605f,0.18308036118063659f,-0.18025786364008467f,-0.13000482915093142f,0.99105578874327f,0.030119229669632007f,1.9946240862953974f,-0.18545874984078947f,0.00553522839780363f,-0.9826364604237295f,-0.026373672283773734f,0f,0f,0f,1f], start_interpolation: 0, interpolation_duration: 1 }
$data merge entity $(bone_ear_edge_a4) { transformation: [-0.9828804700291816f,0.0206775962138413f,0.18308036118063659f,-0.06683638888627798f,0.026631028163639693f,0.9991914833219183f,0.030119229669632007f,2.001625826020848f,-0.1823095443858122f,0.034479220869415655f,-0.9826364604237295f,-0.005026884926219395f,0f,0f,0f,1f], start_interpolation: 0, interpolation_duration: 1 }
$data merge entity $(bone_ear_edge_b3) { transformation: [-0.9586870827819546f,-0.21771692322140107f,0.18308036118063659f,-0.04497161725546288f,-0.215886324898767f,0.9759538548137469f,0.030119229669632007f,1.9967147900755229f,-0.18523545024840637f,-0.010649629908807294f,-0.9826364604237295f,-0.0011036703672091183f,0f,0f,0f,1f], start_interpolation: 0, interpolation_duration: 1 }
$data merge entity $(bone_ear_edge_b4) { transformation: [-0.9790438264062077f,0.08918950232992084f,0.18308036118063659f,-0.07337393419901107f,0.09626623078920285f,0.9948998164708586f,0.030119229669632007f,2.007483043010152f,-0.17946029863323876f,0.0471125021665497f,-0.9826364604237295f,-0.006065398490965587f,0f,0f,0f,1f], start_interpolation: 0, interpolation_duration: 1 }
$data merge entity $(bone_ear_left_2) { transformation: [-0.980942484357247f,-0.06506476568005005f,0.18308036118063659f,-0.1222835332444258f,-0.0605555868147063f,0.9977103051034577f,0.030119229669632007f,2.1146156723216816f,-0.18462086363290237f,0.018458693273513523f,-0.9826364604237295f,-0.0436964413846353f,0f,0f,0f,1f], start_interpolation: 0, interpolation_duration: 1 }
$data merge entity $(bone_ear_left_1) { transformation: [-0.980942484357247f,-0.06506476568005005f,0.18308036118063659f,-0.10764396096641456f,-0.0605555868147063f,0.9977103051034577f,0.030119229669632007f,1.8901308536734038f,-0.18462086363290237f,0.018458693273513523f,-0.9826364604237295f,-0.047849647371175835f,0f,0f,0f,1f], start_interpolation: 0, interpolation_duration: 1 }
$data merge entity $(bone_head) { transformation: [-0.9828804700291816f,0.02067759621384129f,0.18308036118063659f,-0.0011024315592554164f,0.02663102816363969f,0.9991914833219184f,0.030119229669632007f,1.3737751140232894f,-0.1823095443858122f,0.034479220869415655f,-0.9826364604237295f,-0.01202416563028329f,0f,0f,0f,1f], start_interpolation: 0, interpolation_duration: 1 }
$data merge entity $(bone_body_1) { transformation: [-0.9226356452300863f,-0.01477227347122538f,-0.3853897327217651f,0.004437170992454101f,0.002457937060651914f,0.9990206703110734f,-0.04417758296488744f,0.9991423626566369f,0.38566491245155826f,-0.041707076470366145f,-0.9216957714322156f,0.0036159880461040126f,0f,0f,0f,1f], start_interpolation: 0, interpolation_duration: 1 }
$data merge entity $(bone_leg_left_2) { transformation: [-0.8987564428972254f,-0.355178917268693f,-0.2570696269078973f,0.25511704641949673f,-0.11150382303115752f,0.7521976512130764f,-0.6494348242579601f,0.8215893971726426f,0.4240327272748684f,-0.5550194863582449f,-0.7156462924954388f,0.28165503374805334f,0f,0f,0f,1f], start_interpolation: 0, interpolation_duration: 1 }
$data merge entity $(bone_leg_left_1) { transformation: [-0.8987564428972254f,-0.3990533820005806f,0.1816404543724367f,0.14692143568538807f,-0.11150382303115752f,-0.1926292976545954f,-0.9749158174604275f,0.705854942700606f,0.4240327272748684f,-0.8964654773046177f,0.12863084467125735f,0.021895988547897493f,0f,0f,0f,1f], start_interpolation: 0, interpolation_duration: 1 }
$data merge entity $(bone_leg_right_2) { transformation: [-0.9326872385908128f,-0.11045343795479609f,-0.3433577624196227f,0.02839965234396981f,0.16330870831528804f,0.7194698905651562f,-0.6750506220710816f,0.7614833608762883f,0.32159723375401766f,-0.6856844132792637f,-0.6530023771990692f,0.4229813837987764f,0f,0f,0f,1f], start_interpolation: 0, interpolation_duration: 1 }
$data merge entity $(bone_leg_right_1) { transformation: [-0.9326872385908128f,-0.3284916863358279f,-0.14895545299883475f,-0.09170314054906513f,0.16330870831528804f,-0.016379330384330426f,-0.9864390418695689f,0.7131053795357518f,0.32159723375401766f,-0.9443648286252535f,0.0689223454139426f,0.09922923148249668f,0f,0f,0f,1f], start_interpolation: 0, interpolation_duration: 1 }
$data merge entity $(bone_skirt_forward_right) { transformation: [-0.9528751732678953f,-0.17136920679478934f,-0.25032278987779594f,0.011993464015120046f,0.0866167114889338f,0.6371203251881146f,-0.7658819990853902f,0.8932464502914084f,0.2907343279706084f,-0.7514720794512034f,-0.5922527031130909f,0.022246748703605962f,0f,0f,0f,1f], start_interpolation: 0, interpolation_duration: 1 }
$data merge entity $(bone_skirt_forward_left) { transformation: [-0.8764881795426402f,-0.4402350431529558f,-0.19483731137064944f,0.014956619776563936f,-0.08255789343523569f,0.5361625970424037f,-0.8400677733161064f,0.8561773976686674f,0.47429175130247053f,-0.7202241153369277f,-0.5062850563996288f,0.029529043058809077f,0f,0f,0f,1f], start_interpolation: 0, interpolation_duration: 1 }
$data merge entity $(bone_skirt_forward) { transformation: [-0.9225744285343569f,-0.2926117449150574f,-0.2514652869727155f,0.011993464015120046f,0.002046920717342716f,0.6480484952742714f,-0.7615963221341929f,0.8932464502914084f,0.3858137295769576f,-0.703144021172418f,-0.5972740171474065f,0.022246748703605962f,0f,0f,0f,1f], start_interpolation: 0, interpolation_duration: 1 }
$data merge entity $(bone_skirt_back_right) { transformation: [-0.9282804985638613f,-0.026597210722001486f,-0.37092843564202327f,0.012153150385399753f,0.08573898472242969f,0.9552605262718178f,-0.2830656345190229f,0.9181959101653077f,0.3618620489700407f,-0.2945673358142405f,-0.8844692997422265f,0.022496229186347395f,0f,0f,0f,1f], start_interpolation: 0, interpolation_duration: 1 }
$data merge entity $(bone_skirt_back_left) { transformation: [-0.9098470100380354f,-0.18741092576009838f,-0.37021016089592956f,0.012153150385399753f,-0.08166072159036775f,0.9556173245037688f,-0.2830672281589646f,0.9181959101653077f,0.4068291347410945f,-0.22731624230134057f,-0.8847696768717895f,0.022496229186347395f,0f,0f,0f,1f], start_interpolation: 0, interpolation_duration: 1 }
$data merge entity $(bone_skirt_back) { transformation: [-0.9225744285343569f,-0.10575028073133586f,-0.37104353105767585f,0.012153150385399753f,0.002046920717342716f,0.9603481138211937f,-0.2787961807407926f,0.9181959101653077f,0.3858137295769576f,-0.25796972381525596f,-0.8857761498621415f,0.022496229186347395f,0f,0f,0f,1f], start_interpolation: 0, interpolation_duration: 1 }
$data merge entity $(bone_skirt_right) { transformation: [-0.932863543177796f,-0.06567337586520916f,-0.35419291002536357f,-0.16646471680287944f,0.12666403837439855f,0.8606541792272833f,-0.4931841493410957f,0.9316279170032614f,0.3372266762764436f,-0.5049370173408544f,-0.7945544520839741f,0.09749156185997157f,0f,0f,0f,1f], start_interpolation: 0, interpolation_duration: 1 }
$data merge entity $(bone_skirt_left) { transformation: [-0.8965524827677377f,-0.331476405367901f,-0.2937976145706094f,0.18616912235001573f,-0.1195138249545533f,0.8197269473903781f,-0.560146567754177f,0.9304199359672101f,0.4265091925008625f,-0.4670879193539771f,-0.774544242962166f,-0.06363947095318898f,0f,0f,0f,1f], start_interpolation: 0, interpolation_duration: 1 }
$data merge entity $(bone_coat_downer) { transformation: [-0.9225744285343569f,-0.16973646148916685f,-0.34647648903733913f,0.02382632486836402f,0.002046920717342716f,0.8958622440595687f,-0.4443271877615983f,0.7916297722134433f,0.3858137295769576f,-0.41063411123491717f,-0.8261521607792526f,0.07133052844352859f,0f,0f,0f,1f], start_interpolation: 0, interpolation_duration: 1 }
$data merge entity $(bone_body_2) { transformation: [-0.9225744285343569f,-0.13889314726171162f,-0.35995154876488766f,8.56908327490888e-19f,0.002046920717342716f,0.931178883825056f,-0.36455684938552424f,0.9996740625f,0.3858137295769576f,-0.3370676192725421f,-0.8587975233475343f,-0.006997187500000008f,0f,0f,0f,1f], start_interpolation: 0, interpolation_duration: 1 }
$data merge entity $(bone_book_left) { transformation: [0.7626317460105506f,-0.1550919247741821f,-0.6279644216408589f,-0.009462383995029841f,-0.0009293627742753971f,0.9705656874289297f,-0.2408347621719984f,1.1058903594747236f,0.6468322473885579f,0.18425184193230926f,0.740040068160379f,0.4022624102438063f,0f,0f,0f,1f], start_interpolation: 0, interpolation_duration: 1 }
$data merge entity $(bone_book_right) { transformation: [0.7626317460105506f,-0.1550919247741821f,-0.6279644216408589f,0.062034342193459296f,-0.0009293627742753971f,0.9705656874289297f,-0.2408347621719984f,1.1058032317146351f,0.6468322473885579f,0.18425184193230926f,0.740040068160379f,0.46290293343648364f,0f,0f,0f,1f], start_interpolation: 0, interpolation_duration: 1 }
$data merge entity $(bone_book_loot_1) { transformation: [0.7626317460105506f,-0.1550919247741821f,-0.6279644216408589f,0.12048064234534357f,-0.0009293627742753971f,0.9705656874289297f,-0.2408347621719984f,1.141972009920479f,0.6468322473885579f,0.18425184193230926f,0.740040068160379f,0.3215766616160881f,0f,0f,0f,1f], start_interpolation: 0, interpolation_duration: 1 }
$data merge entity $(bone_book_left2) { transformation: [-0.5502010291522634f,-0.4682817994734584f,-0.6913689201878326f,0.33537459887182675f,-0.5409940288012268f,0.8305947406753432f,-0.13205240461224702f,1.8190936526280659f,0.6360851266310251f,0.30137108860068007f,-0.7103317384394658f,-0.6039669057380177f,0f,0f,0f,1f], start_interpolation: 0, interpolation_duration: 1 }
$data merge entity $(bone_book_right2) { transformation: [0.6622017695189004f,-0.4682817994734584f,-0.5849794635095633f,0.32813352912571514f,0.10409607308291288f,0.8305947406753432f,-0.547061590985125f,1.8473399709910856f,0.7420598520434546f,0.30137108860068007f,0.5987676034496916f,-0.6930667088122495f,0f,0f,0f,1f], start_interpolation: 0, interpolation_duration: 1 }
$data merge entity $(bone_book_loot_2) { transformation: [0.077238077291858f,-0.4682817994734584f,-0.8801968164553633f,0.46378358646707546f,-0.3012940625388758f,0.8305947406753432f,-0.4683313620090793f,1.9034665161109376f,0.9503978994584725f,0.30137108860068007f,-0.0769369849978806f,-0.6369762595254516f,0f,0f,0f,1f], start_interpolation: 0, interpolation_duration: 1 }
$data merge entity $(bone_air_staff_povit_1) { transformation: [-0.000014415225445849326f,2.950688542555943e-8f,-0.000006028352153702584f,0.25890252630970984f,3.1983136208479934e-8f,0.00001562496726649366f,0f,1.1658109881328753f,0.000006028339524639962f,-1.23395589148514e-8f,-0.000014415255645008502f,0.6299274792575423f,0f,0f,0f,1f], start_interpolation: 0, interpolation_duration: 1 }