# This file was generated by Animated Java via MC-Build. It is not recommended to edit this file directly.
$data merge entity $(bone_wing_right_1) { transformation: [0.5324669715566311f,0.05130311974340328f,-0.617082943007136f,-0.3233254375624056f,-0.25029383233321595f,0.7622402295568719f,-0.15260168539529112f,1.434641142225062f,0.5663712264422568f,0.2886213207545926f,0.5127044094881696f,-0.141581049673574f,0f,0f,0f,1f], start_interpolation: 0, interpolation_duration: 1 }
$data merge entity $(bone_wing_right_2) { transformation: [0.5011280235564576f,-0.15317719446017658f,-0.6044894135580108f,-0.3233254375624056f,0.059221575700023885f,0.7836748896013579f,-0.14948736528518314f,1.434641142225062f,0.6207765370711146f,0.048891865433921516f,0.5022410541924928f,-0.141581049673574f,0f,0f,0f,1f], start_interpolation: 0, interpolation_duration: 1 }
$data merge entity $(bone_wing_left_1) { transformation: [-0.5178440275952703f,0.048724700185627454f,-0.6296093321419035f,-0.3221701795718365f,-0.029170172391895614f,0.811517273726747f,0.08679435425290781f,1.4125626178603221f,0.6308178093324412f,0.07752459273916167f,-0.5128384476558784f,-0.046999397479937324f,0f,0f,0f,1f], start_interpolation: 0, interpolation_duration: 1 }
$data merge entity $(bone_wing_left_2) { transformation: [-0.4869273145826705f,-0.15002897307494228f,-0.6167601620981913f,-0.3221701795718365f,-0.3306161054360912f,0.7235081708883812f,0.08502304090080766f,1.4125626178603221f,0.5418438715530336f,0.30663860470564896f,-0.5023723568873911f,-0.046999397479937324f,0f,0f,0f,1f], start_interpolation: 0, interpolation_duration: 1 }
$data merge entity $(bone_staff) { transformation: [-0.08233808943474377f,0.002022279073303623f,1.5603277217993612f,-0.0031962070994382527f,1.5597759415625716f,-0.0414926461093613f,0.08236274911290002f,1.4154900796647987f,0.04154155932108634f,1.5619476690037324f,0.00016775869476627115f,0.7494059643767413f,0f,0f,0f,1f], start_interpolation: 0, interpolation_duration: 1 }
$data merge entity $(bone_arm_right_2) { transformation: [0.0012942586069138867f,-0.9986097419515911f,0.052696377238235795f,-0.002948276370624606f,-0.026555293509991473f,-0.05271215943225578f,-0.9982566026000459f,1.4206481864078615f,0.9996465081623888f,-0.00010736556465085156f,-0.02658659796549548f,0.5563181135495702f,0f,0f,0f,1f], start_interpolation: 0, interpolation_duration: 1 }
$data merge entity $(bone_arm_right_1) { transformation: [0.01114565016952326f,-0.9986097419515911f,0.05152045964153107f,-0.008566527168986399f,-0.2131395607432987f,-0.05271215943225578f,-0.9755987678826482f,1.4803379685016966f,0.9769581885262297f,-0.00010736556465085156f,-0.2134307530422531f,0.22159878009922093f,0f,0f,0f,1f], start_interpolation: 0, interpolation_duration: 1 }
$data merge entity $(bone_arm_left_2) { transformation: [-0.963917799853798f,-0.026785416846023043f,-0.26484904487159894f,0.23895632872088754f,0.21484028438434094f,0.5091906366354265f,-0.8334077920012894f,1.4155002644843817f,0.1571818288819323f,-0.8602368493660302f,-0.4850633315992224f,-0.5083751139867638f,0f,0f,0f,1f], start_interpolation: 0, interpolation_duration: 1 }
$data merge entity $(bone_arm_left_1) { transformation: [-0.7146601389477746f,-0.026785416846023043f,-0.6989588165575511f,0.009781050200531678f,0.5919476617604602f,0.5091906366354265f,-0.6247582422818708f,1.6082128470690058f,0.37263769473239233f,-0.8602368493660302f,-0.3480426862574972f,-0.36173991918796466f,0f,0f,0f,1f], start_interpolation: 0, interpolation_duration: 1 }
$data merge entity $(bone_himo_right_2) { transformation: [0.011113190039240542f,-0.5794055592028668f,-0.8149636157350613f,0.25565894011636964f,-0.2354554606706989f,0.7905807763293105f,-0.5652811354882573f,1.304437648363557f,0.9718216004223722f,0.19816971025703595f,-0.127638328448557f,0.031289973000307884f,0f,0f,0f,1f], start_interpolation: 0, interpolation_duration: 1 }
$data merge entity $(bone_himo_right_1) { transformation: [0.01189377960757262f,-0.30806232111891557f,-0.9512918292056716f,0.19195168097403753f,-0.22730602601179709f,0.925619209932315f,-0.30259056287829106f,1.4761000592078766f,0.9737507425133861f,0.21983331074044013f,-0.05901531109404036f,0.07213987306980266f,0f,0f,0f,1f], start_interpolation: 0, interpolation_duration: 1 }
$data merge entity $(bone_himo_left_2) { transformation: [0.007601855628156975f,-0.5442761455667446f,-0.8388716762163425f,0.20410710016193387f,-0.22913500832450817f,0.8156273873285741f,-0.5312712235757661f,1.3650955637390936f,0.9733649673946234f,0.19625351565404303f,-0.11851243750042458f,-0.27465060683895337f,0f,0f,0f,1f], start_interpolation: 0, interpolation_duration: 1 }
$data merge entity $(bone_himo_left_1) { transformation: [0.011841988655631044f,-0.051364876949681934f,-0.9986097419515914f,0.1882348748466711f,-0.22632533466727986f,0.9726244245009129f,-0.05271215943225612f,1.5471331923365632f,0.9739797791496617f,0.22663490084321045f,-0.00010736556465092487f,-0.2321572339656305f,0f,0f,0f,1f], start_interpolation: 0, interpolation_duration: 1 }
$data merge entity $(bone_ponpon1) { transformation: [-0.9686286676592275f,-0.028825648423376912f,-0.24683513968169393f,0.2559937841798496f,-0.06484789367055618f,0.9881559137147937f,0.13907782309546357f,2.202747047705523f,0.23990259455704463f,0.15072150537814f,-0.9590254287250916f,-0.010070912884135388f,0f,0f,0f,1f], start_interpolation: 0, interpolation_duration: 1 }
$data merge entity $(bone_ponpon2) { transformation: [-0.9686286676592275f,-0.028825648423376912f,-0.24683513968169393f,0.2727797709248339f,-0.06484789367055618f,0.9881559137147937f,0.13907782309546357f,2.0946979004190194f,0.23990259455704463f,0.15072150537814f,-0.9590254287250916f,-0.12781608229526936f,0f,0f,0f,1f], start_interpolation: 0, interpolation_duration: 1 }
$data merge entity $(bone_ponpon3) { transformation: [-0.9686286676592275f,-0.028825648423376912f,-0.24683513968169393f,-0.31307555806994664f,-0.06484789367055618f,0.9881559137147937f,0.13907782309546357f,2.1646489101740714f,0.23990259455704463f,0.15072150537814f,-0.9590254287250916f,0.13087186141812837f,0f,0f,0f,1f], start_interpolation: 0, interpolation_duration: 1 }
$data merge entity $(bone_ponpon4) { transformation: [-0.9686286676592275f,-0.028825648423376912f,-0.24683513968169393f,-0.3689367213994043f,-0.06484789367055618f,0.9881559137147937f,0.13907782309546357f,2.051736170862276f,0.23990259455704463f,0.15072150537814f,-0.9590254287250916f,0.031119386598772683f,0f,0f,0f,1f], start_interpolation: 0, interpolation_duration: 1 }
$data merge entity $(bone_ear_edge_a1) { transformation: [-0.9515342766097721f,0.26146214143968177f,-0.16192612213751445f,0.16461690414029714f,0.0703572802901057f,0.6976206812960283f,0.7130043745575791f,2.255340750706308f,0.29938666227288235f,0.6670554202027301f,-0.682205755495556f,0.060956100730644516f,0f,0f,0f,1f], start_interpolation: 0, interpolation_duration: 1 }
$data merge entity $(bone_ear_edge_a2) { transformation: [-0.9807210009084903f,0.10939035307811774f,-0.16192612213751445f,0.05275491237219809f,-0.03964085266102411f,0.700038116577992f,0.7130043745575791f,2.257829270662156f,0.19135025784501963f,0.7056772534178656f,-0.682205755495556f,0.09010816225471316f,0f,0f,0f,1f], start_interpolation: 0, interpolation_duration: 1 }
$data merge entity $(bone_ear_edge_b1) { transformation: [-0.9162329385909447f,0.39954413631769203f,-0.029693187352511696f,0.01931624510347614f,0.05233100070179888f,0.19282441681765522f,0.9798368285814121f,2.306786072381521f,0.39721363094253226f,0.8962049025825962f,-0.1975806265309663f,0.04438072631669182f,0f,0f,0f,1f], start_interpolation: 0, interpolation_duration: 1 }
$data merge entity $(bone_ear_edge_b2) { transformation: [-0.9948552348162027f,0.09685750556176062f,-0.029693187352511696f,0.04966710221921529f,-0.0098162825054018f,0.19955808666474695f,0.9798368285814121f,2.3086637167212434f,0.10083006672898712f,0.9750872748954624f,-0.1975806265309663f,0.049131047260953215f,0f,0f,0f,1f], start_interpolation: 0, interpolation_duration: 1 }
$data merge entity $(bone_ear_right_2) { transformation: [-0.9674550639403161f,0.2512946753934256f,-0.029693187352511696f,0.12308564989521428f,0.021522334753278333f,0.1986368003726609f,0.9798368285814121f,2.3599670295655604f,0.2521259375054585f,0.9473090349282143f,-0.1975806265309663f,0.1343562282792133f,0f,0f,0f,1f], start_interpolation: 0, interpolation_duration: 1 }
$data merge entity $(bone_ear_right_1) { transformation: [-0.9674550639403161f,0.19444955702121117f,-0.16192612213751445f,0.07933449956544184f,0.021522334753278333f,0.7008291881539489f,0.7130043745575791f,2.202280462230922f,0.2521259375054585f,0.6863146645713841f,-0.682205755495556f,-0.02006457124934787f,0f,0f,0f,1f], start_interpolation: 0, interpolation_duration: 1 }
$data merge entity $(bone_ear_edge_a3) { transformation: [-0.9521939165226728f,-0.1799976643057668f,-0.24683513968169393f,-0.22613158815420792f,-0.21863115022887586f,0.9658456291108973f,0.13907782309546357f,2.2795876319622193f,0.2133709574586279f,0.18639490758023086f,-0.9590254287250916f,0.10235290986194212f,0f,0f,0f,1f], start_interpolation: 0, interpolation_duration: 1 }
$data merge entity $(bone_ear_edge_a4) { transformation: [-0.9686286676592275f,-0.0288256484233769f,-0.24683513968169393f,-0.11485057057076714f,-0.06484789367055618f,0.9881559137147937f,0.13907782309546357f,2.297015162735004f,0.23990259455704466f,0.15072150537814f,-0.9590254287250916f,0.07623860493614378f,0f,0f,0f,1f], start_interpolation: 0, interpolation_duration: 1 }
$data merge entity $(bone_ear_edge_b3) { transformation: [-0.9328827010696881f,-0.2623018868846379f,-0.24683513968169393f,-0.0930902956501022f,-0.3019781858804455f,0.9431153346093901f,0.13907782309546357f,2.2941951143027755f,0.19631362993250842f,0.2042821229608126f,-0.9590254287250916f,0.07022895542748137f,0f,0f,0f,1f], start_interpolation: 0, interpolation_duration: 1 }
$data merge entity $(bone_ear_edge_b4) { transformation: [-0.968279912495319f,0.03881268963078838f,-0.24683513968169393f,-0.12157287014231843f,0.004240344589329703f,0.990272375965719f,0.13907782309546357f,2.3021902828932843f,0.24983200462675118f,0.1336195963279092f,-0.9590254287250916f,0.07871929431969825f,0f,0f,0f,1f], start_interpolation: 0, interpolation_duration: 1 }
$data merge entity $(bone_ear_left_2) { transformation: [-0.9624304223432716f,-0.11313750910493928f,-0.24683513968169393f,-0.18827860689797632f,-0.150724590467329f,0.9787438157922034f,0.13907782309546357f,2.4062858473665285f,0.22585344800690457f,0.17105685336181908f,-0.9590254287250916f,0.07839886939632254f,0f,0f,0f,1f], start_interpolation: 0, interpolation_duration: 1 }
$data merge entity $(bone_ear_left_1) { transformation: [-0.9624304223432716f,-0.11313750910493928f,-0.24683513968169393f,-0.162822667349365f,-0.150724590467329f,0.9787438157922034f,0.13907782309546357f,2.1860684888132833f,0.22585344800690457f,0.17105685336181908f,-0.9590254287250916f,0.0399110773899133f,0f,0f,0f,1f], start_interpolation: 0, interpolation_duration: 1 }
$data merge entity $(bone_head) { transformation: [-0.9686286676592275f,-0.028825648423376912f,-0.24683513968169393f,-0.019257340959927996f,-0.06484789367055618f,0.9881559137147937f,0.13907782309546357f,1.6833983877715375f,0.23990259455704463f,0.15072150537814f,-0.9590254287250916f,-0.03735197378835495f,0f,0f,0f,1f], start_interpolation: 0, interpolation_duration: 1 }
$data merge entity $(bone_body_1) { transformation: [0.01189377960757262f,-0.051352909226474695f,-0.9986097419515914f,1.5027436764537308e-17f,-0.22730602601179709f,0.9723957007240994f,-0.05271215943225612f,1.31875f,0.9737507425133861f,0.22761695878660887f,-0.00010736556465092487f,-0.12270833333333328f,0f,0f,0f,1f], start_interpolation: 0, interpolation_duration: 1 }
$data merge entity $(bone_leg_left_2) { transformation: [0.009045486053360495f,-0.31499311001939884f,-0.9490508520739892f,0.20183311101366733f,-0.19902996366321804f,0.9295329222480115f,-0.3104120165542727f,0.7073399131675197f,0.9799516583721242f,0.1916973841693694f,-0.054284990156991196f,-0.35437443787995726f,0f,0f,0f,1f], start_interpolation: 0, interpolation_duration: 1 }
$data merge entity $(bone_leg_left_1) { transformation: [0.009045486053360495f,-0.4826693020218803f,-0.8757559728987117f,0.01781543961782548f,-0.19902996366321804f,0.8573997105867761f,-0.47460805919192994f,1.034223552828728f,0.9799516583721242f,0.17859474004410986f,-0.08831005651849766f,-0.2862851932381404f,0f,0f,0f,1f], start_interpolation: 0, interpolation_duration: 1 }
$data merge entity $(bone_leg_right_2) { transformation: [-0.025371679264044978f,0.10920238127510974f,-0.9936956867246469f,0.3044901928453145f,0.1499091057840223f,0.9831914160714731f,0.10422043641439034f,1.1123671834400575f,0.9883741892089033f,-0.14631978433286708f,-0.04131564859016515f,-0.030768367642635606f,0f,0f,0f,1f], start_interpolation: 0, interpolation_duration: 1 }
$data merge entity $(bone_leg_right_1) { transformation: [-0.025371679264044978f,-0.9820645344654721f,-0.1868302117871668f,-0.021815539763813f,0.1499091057840223f,0.18103946902308438f,-0.9719835238618371f,1.058039442666069f,0.9883741892089033f,-0.05266840419981239f,0.1426271408417344f,-0.030904653426455042f,0f,0f,0f,1f], start_interpolation: 0, interpolation_duration: 1 }
$data merge entity $(bone_skirt_forward_right) { transformation: [-0.07846483361339728f,-0.6915676745621906f,-0.7180372005590419f,0.0015621113132537872f,-0.027665616059460718f,0.7214909815221138f,-0.6918709252962634f,1.2086896154897613f,0.9965329315050618f,-0.034422595528242055f,-0.07574431558227099f,-0.13720153241784705f,0f,0f,0f,1f], start_interpolation: 0, interpolation_duration: 1 }
$data merge entity $(bone_skirt_forward_left) { transformation: [0.0827933975308177f,-0.6392257882333525f,-0.7645493084051238f,0.001908500564794328f,-0.23115342904306002f,0.7339425251429279f,-0.6386677242733172f,1.1711370399811956f,0.9693881294749481f,0.22960566509620778f,-0.08699363763396176f,-0.14214619743783372f,0f,0f,0f,1f], start_interpolation: 0, interpolation_duration: 1 }
$data merge entity $(bone_skirt_forward) { transformation: [0.0021829574624162578f,-0.617723647650553f,-0.7863922239124778f,0.0015621113132537872f,-0.13052619222005157f,0.7794903441316328f,-0.6126644404158634f,1.2086896154897613f,0.9914424581594493f,0.10398220299091682f,-0.07892752130850393f,-0.13720153241784705f,0f,0f,0f,1f], start_interpolation: 0, interpolation_duration: 1 }
$data merge entity $(bone_skirt_back_right) { transformation: [0.005748049026003885f,-0.02914280973464694f,-0.999558730927385f,0.008614778059094148f,-0.043691031866249355f,0.998613389958079f,-0.029366496741966286f,1.23242251293094f,0.9990285549807157f,0.043840552428131f,0.004466799294714469f,-0.13409255817887253f,0f,0f,0f,1f], start_interpolation: 0, interpolation_duration: 1 }
$data merge entity $(bone_skirt_back_left) { transformation: [-0.0013987477255661112f,-0.02876322209093888f,-0.9995852742811627f,0.008614778059094148f,-0.2163679694371895f,0.9759165987470616f,-0.02777938249123235f,1.23242251293094f,0.9763108855822656f,0.2162393797274541f,-0.007588501081127026f,-0.13409255817887253f,0f,0f,0f,1f], start_interpolation: 0, interpolation_duration: 1 }
$data merge entity $(bone_skirt_back) { transformation: [0.0021829574624162578f,0.04100014827629947f,-0.9991567557385771f,0.008614778059094148f,-0.13052619222005157f,0.9906228329147011f,0.04036478728528489f,1.23242251293094f,0.9914424581594493f,0.1303280121438734f,0.007514080740513962f,-0.13409255817887253f,0f,0f,0f,1f], start_interpolation: 0, interpolation_duration: 1 }
$data merge entity $(bone_skirt_right) { transformation: [-0.015795523294615782f,-0.3432705613892468f,-0.9391037339545405f,0.011675124908937018f,0.051453023453389674f,0.9376974656339491f,-0.343621956983505f,1.2310542901364208f,0.9985504933759506f,-0.053747415074403206f,0.002850886084295916f,0.06114290797301089f,0f,0f,0f,1f], start_interpolation: 0, interpolation_duration: 1 }
$data merge entity $(bone_skirt_left) { transformation: [0.015015186837274834f,-0.3104078660734963f,-0.950484876704485f,-0.0002496389500548056f,-0.25818664450611944f,0.9171512392181393f,-0.3036004957164956f,1.2730711746424443f,0.9659783645418318f,0.24996111913721608f,-0.06637196815492241f,-0.3241438645073258f,0f,0f,0f,1f], start_interpolation: 0, interpolation_duration: 1 }
$data merge entity $(bone_coat_downer) { transformation: [0.0021829574624162578f,-0.18481204852600633f,-0.9827714594026111f,0.022015505470361962f,-0.13052619222005157f,0.9743133353430213f,-0.18351141031906312f,1.0972868596433594f,0.9914424581594493f,0.12867801402096038f,-0.02199592840436828f,-0.14403312043096464f,0f,0f,0f,1f], start_interpolation: 0, interpolation_duration: 1 }
$data merge entity $(bone_body_2) { transformation: [0.0021829574624162578f,-0.09845460638964733f,-0.9951391486507687f,1.5027436764537308e-17f,-0.13052619222005157f,0.9865998522178309f,-0.09789609158842034f,1.31875f,0.9914424581594493f,0.13010542680616305f,-0.010697199368746933f,-0.12270833333333328f,0f,0f,0f,1f], start_interpolation: 0, interpolation_duration: 1 }
$data merge entity $(bone_book_left) { transformation: [0.04442889959441471f,0.012874471735277747f,-0.9989295875377637f,0.5410183213071482f,-0.13040965255321302f,0.9914356428527484f,0.006977721842243379f,1.770737109210182f,0.9904642322677684f,0.12996004793279733f,0.0457273500164325f,-0.530756538486612f,0f,0f,0f,1f], start_interpolation: 0, interpolation_duration: 1 }
$data merge entity $(bone_book_right) { transformation: [0.04442889959441471f,0.012874471735277747f,-0.9989295875377637f,0.5451835306441246f,-0.13040965255321302f,0.9914356428527484f,0.006977721842243379f,1.7585112042833182f,0.9904642322677684f,0.12996004793279733f,0.0457273500164325f,-0.4379005167115087f,0f,0f,0f,1f], start_interpolation: 0, interpolation_duration: 1 }
$data merge entity $(bone_book_loot_1) { transformation: [0.04442889959441471f,0.012874471735277747f,-0.9989295875377637f,0.692940364106301f,-0.13040965255321302f,0.9914356428527484f,0.006977721842243379f,1.7635774984704136f,0.9904642322677684f,0.12996004793279733f,0.0457273500164325f,-0.4911876301015252f,0f,0f,0f,1f], start_interpolation: 0, interpolation_duration: 1 }
$data merge entity $(bone_book_left2) { transformation: [-0.2811716351294781f,-0.7314350270633123f,-0.6212449700267255f,-0.9388001462287332f,-0.0056681253112283725f,0.6486156150018105f,-0.7610950376472568f,2.4642339725002023f,0.9596407577599401f,-0.21047704188512903f,-0.18651817843098775f,-0.48807190495008446f,0f,0f,0f,1f], start_interpolation: 0, interpolation_duration: 1 }
$data merge entity $(bone_book_right2) { transformation: [0.0315135530860365f,-0.7314350270633123f,-0.6811825725580367f,-0.9267648885039774f,0.3404795798585455f,0.6486156150018105f,-0.6807139191137282f,2.4480937293656893f,0.9397236570775699f,-0.21047704188512903f,0.2694788733241322f,-0.5796344935059871f,0f,0f,0f,1f], start_interpolation: 0, interpolation_duration: 1 }
$data merge entity $(bone_book_loot_2) { transformation: [-0.12837608239739526f,-0.7314350270633123f,-0.6697181367211049f,-0.8323247968581896f,0.1721625934348046f,0.6486156150018105f,-0.7413891187477903f,2.5673722187451142f,0.9766676112629615f,-0.21047704188512903f,0.0426590195525667f,-0.5402520521609208f,0f,0f,0f,1f], start_interpolation: 0, interpolation_duration: 1 }
$data merge entity $(bone_air_staff_povit_1) { transformation: [3.410871035025403e-8f,4.490496907096002e-9f,-0.000015624962125756203f,0.6875618312733945f,-0.0000020394717534383057f,0.000015491325958965787f,0f,1.4825092261912227f,0.000015491288408741396f,0.0000020394668098574797f,3.440303306730622e-8f,-0.09538304603881378f,0f,0f,0f,1f], start_interpolation: 0, interpolation_duration: 1 }