# This file was generated by Animated Java via MC-Build. It is not recommended to edit this file directly.
$data merge entity $(bone_wing_right_1) { transformation: [0.6290042511770236f,0.06808547991577889f,-0.5163937101382182f,-0.31142840717243536f,-0.22690208125623404f,0.76461432586184f,-0.1755699936004944f,1.525684062110653f,0.46884276891860605f,0.2787000978757029f,0.6078298758051076f,-0.13144360799160715f,0f,0f,0f,1f], start_interpolation: 0, interpolation_duration: 1 }
$data merge entity $(bone_wing_right_2) { transformation: [0.5947879235984672f,-0.174178015794867f,-0.5058550629925403f,-0.31142840717243536f,0.08128167761581778f,0.7770545565987798f,-0.1719869325066068f,1.525684062110653f,0.5287916554044534f,0.07647375290148192f,0.5954251844621463f,-0.13144360799160715f,0f,0f,0f,1f], start_interpolation: 0, interpolation_duration: 1 }
$data merge entity $(bone_wing_left_1) { transformation: [-0.6160997608403007f,0.06581007009712299f,-0.5320099283009485f,-0.30991269165699964f,-0.017169853002693046f,0.8076507931053916f,0.11979080510849835f,1.497016241221525f,0.535789814465369f,0.10155626772626139f,-0.607914503565363f,-0.013443039645719052f,0f,0f,0f,1f], start_interpolation: 0, interpolation_duration: 1 }
$data merge entity $(bone_wing_left_2) { transformation: [-0.58225604819697f,-0.1713997659054487f,-0.521152582825419f,-0.30991269165699964f,-0.3183060768228968f,0.7245075123784208f,0.11734609480016166f,1.497016241221525f,0.44683233521720866f,0.29276438436871005f,-0.5955080851252537f,-0.013443039645719052f,0f,0f,0f,1f], start_interpolation: 0, interpolation_duration: 1 }
$data merge entity $(bone_staff) { transformation: [-0.0828512089625053f,0.005193396798323142f,1.560293227506659f,-0.0023089139192324815f,1.5570867718318657f,-0.09997878100982933f,0.08301372376907189f,1.485994922626993f,0.10011349639119826f,1.5592894285466965f,0.00012594778990016172f,0.7683366598058143f,0f,0f,0f,1f], start_interpolation: 0, interpolation_duration: 1 }
$data merge entity $(bone_arm_right_2) { transformation: [0.0033237739509263797f,-0.9985876656042617f,0.053024773736003165f,-0.0024530085951552233f,-0.06398641984629103f,-0.05312878321220576f,-0.996535533972394f,1.4983832888548905f,0.9979452342698858f,-0.00008060658553653243f,-0.06407263769036711f,0.5755775010330003f,0f,0f,0f,1f], start_interpolation: 0, interpolation_duration: 1 }
$data merge entity $(bone_arm_right_1) { transformation: [0.012480933686590576f,-0.9985876656042617f,0.051642040987378846f,-0.008459515398367857f,-0.2360609018067692f,-0.05312878321220576f,-0.9702847948064348f,1.5647271433916854f,0.9716581070173221f,-0.00008060658553653243f,-0.2363906016957793f,0.24378503130798745f,0f,0f,0f,1f], start_interpolation: 0, interpolation_duration: 1 }
$data merge entity $(bone_arm_left_2) { transformation: [-0.9766829470480416f,-0.0274323392412082f,-0.21292695392858918f,0.2512241989741014f,0.16845837047172219f,0.5169055484311371f,-0.8393035395011255f,1.5175409753132438f,0.1330871833181706f,-0.8556027821161294f,-0.5002316272204058f,-0.4806401633034084f,0f,0f,0f,1f], start_interpolation: 0, interpolation_duration: 1 }
$data merge entity $(bone_arm_left_1) { transformation: [-0.7509971174408716f,-0.0274323392412082f,-0.6597353987465407f,0.009539763081811616f,0.5542394409041047f,0.5169055484311371f,-0.6524011773038203f,1.6978577937865955f,0.3589177785256777f,-0.8556027821161294f,-0.3729904924972378f,-0.3383875480442363f,0f,0f,0f,1f], start_interpolation: 0, interpolation_duration: 1 }
$data merge entity $(bone_himo_right_2) { transformation: [0.012480933686590576f,-0.5800952172422128f,-0.8144530466681433f,0.2557427481213143f,-0.2360609018067692f,0.7897838215301967f,-0.5661420015219975f,1.390658856081795f,0.9716581070173221f,0.19932650145394232f,-0.12708056061272996f,0.051767173934372496f,0f,0f,0f,1f], start_interpolation: 0, interpolation_duration: 1 }
$data merge entity $(bone_himo_right_1) { transformation: [0.012480933686590576f,-0.3083358871748384f,-0.9511956722853696f,0.19198479632424856f,-0.2360609018067692f,0.9234724012206826f,-0.3024466478932796f,1.56191963976134f,0.9716581070173221f,0.22831492475046808f,-0.06126024978485068f,0.09419334576392994f,0f,0f,0f,1f], start_interpolation: 0, interpolation_duration: 1 }
$data merge entity $(bone_himo_left_2) { transformation: [0.012480933686590576f,-0.5440171522004783f,-0.8389812658254013f,0.2040085601423492f,-0.2360609018067692f,0.813726889602041f,-0.5311532733371439f,1.4540923274448252f,0.9716581070173221f,0.20467996299166538f,-0.11826510819867664f,-0.25377254670578225f,0f,0f,0f,1f], start_interpolation: 0, interpolation_duration: 1 }
$data merge entity $(bone_himo_left_1) { transformation: [0.012480933686590576f,-0.05164204098737907f,-0.9985876656042617f,0.188084504547189f,-0.2360609018067692f,0.9702847948064348f,-0.053128783212205974f,1.6356886715759553f,0.9716581070173221f,0.2363906016957793f,-0.00008060658553658492f,-0.20944981267898324f,0f,0f,0f,1f], start_interpolation: 0, interpolation_duration: 1 }
$data merge entity $(bone_ponpon1) { transformation: [-0.9684801241980255f,-0.028237879138059276f,-0.2474850929150317f,0.25615533783447025f,-0.06741283242060547f,0.9861892302164555f,0.1512822270794099f,2.288940158000111f,0.23979524402791824f,0.16319750116609977f,-0.9570082635770354f,0.02030231303235335f,0f,0f,0f,1f], start_interpolation: 0, interpolation_duration: 1 }
$data merge entity $(bone_ponpon2) { transformation: [-0.9684801241980255f,-0.028237879138059276f,-0.2474850929150317f,0.2728013499233694f,-0.06741283242060547f,0.9861892302164555f,0.1512822270794099f,2.182377194227521f,0.23979524402791824f,0.16319750116609977f,-0.9570082635770354f,-0.0988092209748031f,0f,0f,0f,1f], start_interpolation: 0, interpolation_duration: 1 }
$data merge entity $(bone_ponpon3) { transformation: [-0.9684801241980255f,-0.028237879138059276f,-0.2474850929150317f,-0.3128267351318698f,-0.06741283242060547f,0.9861892302164555f,0.1512822270794099f,2.249335118953005f,0.23979524402791824f,0.16319750116609977f,-0.9570082635770354f,0.16118201889875533f,0f,0f,0f,1f], start_interpolation: 0, interpolation_duration: 1 }
$data merge entity $(bone_ponpon4) { transformation: [-0.9684801241980255f,-0.028237879138059276f,-0.2474850929150317f,-0.3688167323578225f,-0.06741283242060547f,0.9861892302164555f,0.1512822270794099f,2.13771619274887f,0.23979524402791824f,0.16319750116609977f,-0.9570082635770354f,0.060055128193692714f,0f,0f,0f,1f], start_interpolation: 0, interpolation_duration: 1 }
$data merge entity $(bone_ear_edge_a1) { transformation: [-0.951275683986025f,0.26230445792798845f,-0.16208314041881416f,0.16485747715065652f,0.06702044965975862f,0.6889889930591441f,0.7216664234746899f,2.3406714531034063f,0.30096981972338127f,0.6756408356474991f,-0.672998238349273f,0.09205870308948913f,0f,0f,0f,1f], start_interpolation: 0, interpolation_duration: 1 }
$data merge entity $(bone_ear_edge_a2) { transformation: [-0.9805973593182944f,0.1102627520514685f,-0.16208314041881416f,0.05301851853897347f,-0.04158630783742761f,0.6909907034321809f,0.7216664234746899f,2.342844711536264f,0.19157086912795307f,0.7144046285406725f,-0.672998238349273f,0.12132412482638319f,0f,0f,0f,1f], start_interpolation: 0, interpolation_duration: 1 }
$data merge entity $(bone_ear_edge_b1) { transformation: [-0.9159558546402333f,0.4000201625587948f,-0.0317606973587761f,0.01968056890445473f,0.04920418810869927f,0.1905120734567397f,0.9804509665147858f,2.3913088064114936f,0.39825095131442445f,0.8964870436395888f,-0.19418331638816633f,0.07674900443414295f,0f,0f,0f,1f], start_interpolation: 0, interpolation_duration: 1 }
$data merge entity $(bone_ear_edge_b2) { transformation: [-0.9947388125175871f,0.09739585706992729f,-0.0317606973587761f,0.050032242248622044f,-0.012075504601949956f,0.19639267921394304f,0.9804509665147858f,2.3932284732886338f,0.10172943064673931f,0.9756761566097555f,-0.19418331638816633f,0.08147726302370503f,0f,0f,0f,1f], start_interpolation: 0, interpolation_duration: 1 }
$data merge entity $(bone_ear_right_2) { transformation: [-0.9672558582632045f,0.2518081864411809f,-0.0317606973587761f,0.12343269648278841f,0.018795748608501944f,0.19586378454034947f,0.9804509665147858f,2.4443797483530973f,0.2531063501569217f,0.9477499750180611f,-0.19418331638816633f,0.16680934906844938f,0f,0f,0f,1f], start_interpolation: 0, interpolation_duration: 1 }
$data merge entity $(bone_ear_right_1) { transformation: [-0.9672558582632045f,0.19530786017845586f,-0.16208314041881416f,0.07948842794263591f,0.018795748608501944f,0.6919857607375282f,0.7216664234746899f,2.2886829521871537f,0.2531063501569217f,0.6949896018567597f,-0.672998238349273f,0.01043668865067867f,0f,0f,0f,1f], start_interpolation: 0, interpolation_duration: 1 }
$data merge entity $(bone_ear_edge_a3) { transformation: [-0.9521391492516876f,-0.1793938941188103f,-0.2474850929150317f,-0.22584885847761788f,-0.22085685324567422f,0.9635019139287231f,0.1512822270794099f,2.3645835004324f,0.21131325286571942f,0.1987005098347171f,-0.9570082635770354f,0.13404986439595434f,0f,0f,0f,1f], start_interpolation: 0, interpolation_duration: 1 }
$data merge entity $(bone_ear_edge_a4) { transformation: [-0.9684801241980256f,-0.02823787913805928f,-0.2474850929150317f,-0.11457902769847338f,-0.06741283242060546f,0.9861892302164555f,0.1512822270794099f,2.3822866546834325f,0.23979524402791827f,0.16319750116609974f,-0.9570082635770354f,0.10807365002694559f,0f,0f,0f,1f], start_interpolation: 0, interpolation_duration: 1 }
$data merge entity $(bone_ear_edge_b3) { transformation: [-0.932880764243797f,-0.261695640943345f,-0.2474850929150317f,-0.09282460969437675f,-0.3039911511878155f,0.940586555171506f,0.1512822270794099f,2.379532393413674f,0.19319125162236694f,0.21636155791140743f,-0.9570082635770354f,0.10201250597974262f,0f,0f,0f,1f], start_interpolation: 0, interpolation_duration: 1 }
$data merge entity $(bone_ear_edge_b4) { transformation: [-0.9680907301658038f,0.039388665271616954f,-0.2474850929150317f,-0.12129698208376662f,0.0015444649953473555f,0.9884894042921109f,0.1512822270794099f,2.387433234095223f,0.25059519707073297f,0.14607268961153724f,-0.9570082635770354f,0.11062449483509325f,0f,0f,0f,1f], start_interpolation: 0, interpolation_duration: 1 }
$data merge entity $(bone_ear_left_2) { transformation: [-0.9623336716034121f,-0.11253903004351332f,-0.2474850929150317f,-0.1879528848666609f,-0.15310836109001094f,0.9765610669764716f,0.1512822270794099f,2.4915559841517085f,0.22465915129953523f,0.18347601800409918f,-0.9570082635770354f,0.11166760370858048f,0f,0f,0f,1f], start_interpolation: 0, interpolation_duration: 1 }
$data merge entity $(bone_ear_left_1) { transformation: [-0.9623336716034121f,-0.11253903004351332f,-0.2474850929150317f,-0.16263160310687044f,-0.15310836109001094f,0.9765610669764716f,0.1512822270794099f,2.2718297440820026f,0.22465915129953523f,0.18347601800409918f,-0.9570082635770354f,0.07038549965765822f,0f,0f,0f,1f], start_interpolation: 0, interpolation_duration: 1 }
$data merge entity $(bone_head) { transformation: [-0.9684801241980255f,-0.028237879138059276f,-0.2474850929150317f,-0.019365765370267136f,-0.06741283242060547f,0.9861892302164555f,0.1512822270794099f,1.770106798052413f,0.23979524402791824f,0.16319750116609977f,-0.9570082635770354f,-0.013321116956675358f,0f,0f,0f,1f], start_interpolation: 0, interpolation_duration: 1 }
$data merge entity $(bone_body_1) { transformation: [0.012480933686590576f,-0.05164204098737907f,-0.9985876656042617f,1.2487428588527989e-17f,-0.2360609018067692f,0.9702847948064348f,-0.053128783212205974f,1.40625f,0.9716581070173221f,0.2363906016957793f,-0.00008060658553658492f,-0.1019675925925926f,0f,0f,0f,1f], start_interpolation: 0, interpolation_duration: 1 }
$data merge entity $(bone_leg_left_2) { transformation: [0.007870881599393116f,-0.3566408251351836f,-0.9342084195027061f,0.22373742086149473f,-0.19912192006395335f,0.9149688417271362f,-0.35097361669867333f,0.8036022571060715f,0.979943115784224f,0.18878384601283607f,-0.06381339445374222f,-0.3317602439551478f,0f,0f,0f,1f], start_interpolation: 0, interpolation_duration: 1 }
$data merge entity $(bone_leg_left_1) { transformation: [0.007870881599393116f,-0.5209148037990915f,-0.8535723849831381f,0.02513865191309111f,-0.19912192006395335f,0.8356877424233516f,-0.511836358725527f,1.1222082089049743f,0.979943115784224f,0.17399357558920356f,-0.0971479566475343f,-0.26542519326176395f,0f,0f,0f,1f], start_interpolation: 0, interpolation_duration: 1 }
$data merge entity $(bone_leg_right_2) { transformation: [-0.033844571871634206f,0.05441606833127004f,-0.997944605908661f,0.3062886241475001f,0.144155981366274f,0.988340890072555f,0.04900344933692191f,1.2174860405777592f,0.9889760350944568f,-0.14220118325090111f,-0.04129437602012399f,-0.009783159079857853f,0f,0f,0f,1f], start_interpolation: 0, interpolation_duration: 1 }
$data merge entity $(bone_leg_right_1) { transformation: [-0.033844571871634206f,-0.9905988402214834f,-0.13254615311912377f,-0.01649326551359854f,0.144155981366274f,0.1263967205626369f,-0.981449398628038f,1.145108152808589f,0.9889760350944568f,-0.05232405548945053f,0.13852290505899975f,-0.010279338365807203f,0f,0f,0f,1f], start_interpolation: 0, interpolation_duration: 1 }
$data merge entity $(bone_skirt_forward_right) { transformation: [-0.09277455263273544f,-0.7700914842249726f,-0.6311513196595365f,0.004114096810357495f,-0.037755412722482715f,0.6361501484140482f,-0.7706409783309862f,1.2962535353375704f,0.9949710604806307f,-0.04766649344102537f,-0.08809366724734469f,-0.1164463086683315f,0f,0f,0f,1f], start_interpolation: 0, interpolation_duration: 1 }
$data merge entity $(bone_skirt_forward_left) { transformation: [0.09153400066154348f,-0.7243519118898506f,-0.6833270333189013f,0.008917836531554302f,-0.221063632380038f,0.6543042991514383f,-0.7231989730018211f,1.2590021214469294f,0.9709543743976007f,0.21725605136212783f,-0.10023677461241713f,-0.12134752003279563f,0f,0f,0f,1f], start_interpolation: 0, interpolation_duration: 1 }
$data merge entity $(bone_skirt_forward) { transformation: [-0.0006256283226245f,-0.7060213362524079f,-0.7081902861135321f,0.004114096810357495f,-0.13052619222005157f,0.7021894094195269f,-0.6999235289969828f,1.2962535353375704f,0.9914446639796576f,0.09199948943021641f,-0.0925935862295193f,-0.1164463086683315f,0f,0f,0f,1f], start_interpolation: 0, interpolation_duration: 1 }
$data merge entity $(bone_skirt_back_right) { transformation: [0.000946982220047782f,-0.051786654572015874f,-0.9986577219612902f,0.010614577047937722f,-0.04363354093517244f,0.997704910535462f,-0.05177862106009096f,1.3201383904366555f,0.9990471547079915f,0.043624006024946545f,-0.0013148263010322478f,-0.11329770523561122f,0f,0f,0f,1f], start_interpolation: 0, interpolation_duration: 1 }
$data merge entity $(bone_skirt_back_left) { transformation: [-0.0021934774559969f,-0.05189544312374477f,-0.9986501147246918f,0.010614577047937722f,-0.2164254603682664f,0.9750081193244445f,-0.05019150680935702f,1.3201383904366555f,0.9762966807077826f,0.2160232168874447f,-0.013370153498223753f,-0.11329770523561122f,0f,0f,0f,1f], start_interpolation: 0, interpolation_duration: 1 }
$data merge entity $(bone_skirt_back) { transformation: [-0.0006256283226245f,0.018016366891262958f,-0.9998374963529031f,0.010614577047937722f,-0.13052619222005157f,0.9912824673721043f,0.01794388545457888f,1.3201383904366555f,0.9914446639796576f,0.13051620744073247f,0.001731433380646876f,-0.11329770523561122f,0f,0f,0f,1f], start_interpolation: 0, interpolation_duration: 1 }
$data merge entity $(bone_skirt_right) { transformation: [-0.022722043846620892f,-0.4015080098039643f,-0.9155736053353069f,0.012575334777074424f,0.0510034171597209f,0.9141519371220453f,-0.4021503292228461f,1.3188230448517975f,0.9984399632233597f,-0.05583505994688083f,-0.0002931198807596472f,0.08195226350989213f,0f,0f,0f,1f], start_interpolation: 0, interpolation_duration: 1 }
$data merge entity $(bone_skirt_left) { transformation: [0.015213784861188785f,-0.3830326299731736f,-0.9236095198329386f,0.0019402889768367366f,-0.2578646140054678f,0.89096693619034f,-0.3737429055639849f,1.3605936858790022f,0.9660612721737729f,0.24385225648214223f,-0.08521558199389925f,-0.3033990372197191f,0f,0f,0f,1f], start_interpolation: 0, interpolation_duration: 1 }
$data merge entity $(bone_coat_downer) { transformation: [-0.0006256283226245f,-0.20735989040208136f,-0.9782645268237211f,0.027100192954713324f,-0.13052619222005157f,0.9699124579058582f,-0.20550605135506594f,1.185338118274026f,0.9914446639796576f,0.12756057326405235f,-0.02767270161748315f,-0.12315418308295982f,0f,0f,0f,1f], start_interpolation: 0, interpolation_duration: 1 }
$data merge entity $(bone_body_2) { transformation: [-0.0006256283226245f,-0.12130945197643109f,-0.9926145402170875f,1.2487428588527989e-17f,-0.13052619222005157f,0.9841326807239384f,-0.12019059811669486f,1.40625f,0.9914446639796576f,0.1294870016344987f,-0.01644976212506603f,-0.1019675925925926f,0f,0f,0f,1f], start_interpolation: 0, interpolation_duration: 1 }
$data merge entity $(bone_book_left) { transformation: [0.9968930728199789f,-0.0011358494168286245f,0.07875856277029879f,0.6590660464162145f,0.01036252390111931f,0.9930964347179229f,-0.11684215612932332f,1.8305868195897155f,-0.07808213279579099f,0.11729527354779781f,0.9900227266792455f,-0.31664524267415356f,0f,0f,0f,1f], start_interpolation: 0, interpolation_duration: 1 }
$data merge entity $(bone_book_right) { transformation: [0.9968930728199789f,-0.0011358494168286245f,0.07875856277029879f,0.7525247719930875f,0.01036252390111931f,0.9930964347179229f,-0.11684215612932332f,1.8315583062054452f,-0.07808213279579099f,0.11729527354779781f,0.9900227266792455f,-0.323965442623759f,0f,0f,0f,1f], start_interpolation: 0, interpolation_duration: 1 }
$data merge entity $(bone_book_loot_1) { transformation: [0.9968930728199789f,-0.0011358494168286245f,0.07875856277029879f,0.6939816247891062f,0.01036252390111931f,0.9930964347179229f,-0.11684215612932332f,1.8485988863169789f,-0.07808213279579099f,0.11729527354779781f,0.9900227266792455f,-0.4688087516508431f,0f,0f,0f,1f], start_interpolation: 0, interpolation_duration: 1 }
$data merge entity $(bone_book_left2) { transformation: [-0.27301280299809727f,-0.7308358488624509f,-0.6255741134482972f,-0.9377652806616349f,0.007615677906130158f,0.6486156150018105f,-0.7610780416132455f,2.5509181837988266f,0.9619802549164677f,-0.21254822039556978f,-0.17151455669278942f,-0.4637926199451209f,0f,0f,0f,1f], start_interpolation: 0, interpolation_duration: 1 }
$data merge entity $(bone_book_right2) { transformation: [0.016945415097620015f,-0.7308358488624509f,-0.6823428866227522f,-0.9254706909877058f,0.32854762718549424f,0.6486156150018105f,-0.6865524310980221f,2.5347779406643136f,0.9443353798190296f,-0.21254822039556978f,0.2511054448408585f,-0.5553207474049817f,0f,0f,0f,1f], start_interpolation: 0, interpolation_duration: 1 }
$data merge entity $(bone_book_loot_2) { transformation: [-0.13114228985524296f,-0.7308358488624509f,-0.6698362947982323f,-0.8311425416049355f,0.1721625934348046f,0.6486156150018105f,-0.7413891187477903f,2.6540564300437386f,0.9763000262385153f,-0.21254822039556978f,0.040761658128082315f,-0.5156709323942636f,0f,0f,0f,1f], start_interpolation: 0, interpolation_duration: 1 }
$data merge entity $(bone_air_staff_povit_1) { transformation: [-9.775442541007812e-9f,-1.2869614255457575e-9f,-0.000015624996889102203f,0.6874816648801158f,-0.0000020394717534383057f,0.000015491325958965787f,0f,1.5700092261912226f,0.00001549132287468215f,0.000002039471347384662f,-9.859794449347717e-9f,-0.07269467672456999f,0f,0f,0f,1f], start_interpolation: 0, interpolation_duration: 1 }