# This file was generated by Animated Java via MC-Build. It is not recommended to edit this file directly.
$data merge entity $(bone_wing_right_1) { transformation: [-0.1437950743121454f,-0.06084260877248056f,-0.8016018949614377f,-0.12110805543780179f,-0.13020945411304075f,0.8053343997931249f,-0.037768333480251326f,1.2623283386891593f,0.7932924549670145f,0.12115744266057459f,-0.15150049315035585f,-0.5026697293747038f,0f,0f,0f,1f], start_interpolation: 0, interpolation_duration: 1 }
$data merge entity $(bone_wing_right_2) { transformation: [-0.15294640103709045f,-0.0011591004289190285f,-0.785242672615286f,-0.12110805543780179f,0.18405578715429216f,0.777659725344483f,-0.03699755116432783f,1.2623283386891593f,0.7633681062402433f,-0.18773387564139515f,-0.14840864635136902f,-0.5026697293747038f,0f,0f,0f,1f], start_interpolation: 0, interpolation_duration: 1 }
$data merge entity $(bone_wing_left_1) { transformation: [-0.8056757502926857f,0.10657471500086581f,-0.08045408601958264f,-0.18733606865302305f,0.1091975037094362f,0.8090393735665885f,-0.021809210142827138f,1.260862701522702f,0.07685658734545701f,-0.032273310736745865f,-0.8124013434504794f,-0.4419746129160518f,0f,0f,0f,1f], start_interpolation: 0, interpolation_duration: 1 }
$data merge entity $(bone_wing_left_2) { transformation: [-0.7691086170866442f,-0.20557377661009021f,-0.07881216589673401f,-0.18733606865302305f,-0.20446102111003178f,0.7731359938865151f,-0.021364124221544954f,1.260862701522702f,0.08165553238888823f,-0.0003966451502002734f,-0.7958217241963881f,-0.4419746129160518f,0f,0f,0f,1f], start_interpolation: 0, interpolation_duration: 1 }
$data merge entity $(bone_staff) { transformation: [1.3940396684967187f,0.6842748483732145f,0.1727066430145951f,0.30062894023448183f,-0.22652133906079125f,0.07170187971205932f,1.5443293604007733f,1.4679802349199789f,0.6683919027095273f,-1.4028660029844513f,0.1631731965206475f,0.1136720285028946f,0f,0f,0f,1f], start_interpolation: 0, interpolation_duration: 1 }
$data merge entity $(bone_arm_right_2) { transformation: [0.9414601839561307f,0.03907577947572052f,0.33485191575329704f,0.07232966938701837f,-0.07045220761900364f,0.9941332621764817f,0.08207035686504127f,1.5102738977376184f,-0.3296804641875177f,-0.10085702996177948f,0.9386898588140765f,0.20539757788901278f,0f,0f,0f,1f], start_interpolation: 0, interpolation_duration: 1 }
$data merge entity $(bone_arm_right_1) { transformation: [0.7863268013744606f,0.03907577947572052f,-0.6165737951766797f,-0.13906583462021938f,0.03168811749635285f,0.9941332621764817f,0.10341624748502412f,1.4988533051662145f,0.6169975888524576f,-0.10085702996177948f,0.7804753902959028f,-0.013863638251539773f,0f,0f,0f,1f], start_interpolation: 0, interpolation_duration: 1 }
$data merge entity $(bone_arm_left_2) { transformation: [-0.8274792251388199f,0.4907874185185301f,-0.2727743422457026f,0.44780107746973224f,0.5557253067761047f,0.7853128255257633f,-0.2728610442575976f,1.29314737364388f,0.08029642191444786f,-0.37737445049798934f,-0.9225730370756982f,-0.6469558684703811f,0f,0f,0f,1f], start_interpolation: 0, interpolation_duration: 1 }
$data merge entity $(bone_arm_left_1) { transformation: [-0.5206087710654942f,0.4907874185185301f,-0.6986374004543366f,0.2735907160441159f,0.6116254128369485f,0.7853128255257633f,0.0959068320651584f,1.4886709815125356f,0.5957187774963187f,-0.37737445049798934f,-0.7090188024655144f,-0.4417963954671089f,0f,0f,0f,1f], start_interpolation: 0, interpolation_duration: 1 }
$data merge entity $(bone_himo_right_2) { transformation: [-0.7381156220648656f,-0.21431231641659762f,-0.6397308492608035f,0.09036200337084034f,0.16080675597757915f,0.8649956790964526f,-0.47531427748010463f,1.1603148733176605f,0.655230124227942f,-0.453709936166951f,-0.6040039553907053f,0.04582991964968576f,0f,0f,0f,1f], start_interpolation: 0, interpolation_duration: 1 }
$data merge entity $(bone_himo_right_1) { transformation: [-0.7381729012327061f,-0.03535574823658106f,-0.6736844505792909f,0.07952227276036083f,0.06489947239645676f,0.9902720481744334f,-0.12308261082327565f,1.3452216160327213f,0.6714825584989915f,-0.13457801332700625f,-0.7286974214038394f,0.01604218326709811f,0f,0f,0f,1f], start_interpolation: 0, interpolation_duration: 1 }
$data merge entity $(bone_himo_left_2) { transformation: [-0.7421447973123052f,-0.24022562341498632f,-0.6257097966926511f,0.3291201561664016f,0.12370453413276117f,0.8684280626663514f,-0.48013528115372195f,1.1671987038445135f,0.6587247437718385f,-0.4337330398164848f,-0.6147823697165342f,-0.15912574202968577f,0f,0f,0f,1f], start_interpolation: 0, interpolation_duration: 1 }
$data merge entity $(bone_himo_left_1) { transformation: [-0.7383139124259884f,-0.08031161568449695f,-0.6696585780114936f,0.30987636211298664f,0.05435917161498924f,0.982569364927875f,-0.17777098629012555f,1.3503193911041769f,0.672263078846044f,-0.16765287796926576f,-0.7210789591501475f,-0.1950674001436115f,0f,0f,0f,1f], start_interpolation: 0, interpolation_duration: 1 }
$data merge entity $(bone_ponpon1) { transformation: [-0.9987000285051706f,0.02283583121167328f,-0.04557167844883209f,0.35779419971181725f,0.025277444733927585f,0.9982349285259334f,-0.053740843485636f,2.028166945033781f,0.0442640243481659f,-0.054822917504419255f,-0.9975144830351129f,-0.26024651632092055f,0f,0f,0f,1f], start_interpolation: 0, interpolation_duration: 1 }
$data merge entity $(bone_ponpon2) { transformation: [-0.9987000285051706f,0.02283583121167328f,-0.04557167844883209f,0.388118627024724f,0.025277444733927585f,0.9982349285259334f,-0.053740843485636f,1.897401470713739f,0.0442640243481659f,-0.054822917504419255f,-0.9975144830351129f,-0.3485705353304662f,0f,0f,0f,1f], start_interpolation: 0, interpolation_duration: 1 }
$data merge entity $(bone_ponpon3) { transformation: [-0.9987000285051706f,0.02283583121167328f,-0.04557167844883209f,-0.22894206703497044f,0.025277444733927585f,0.9982349285259334f,-0.053740843485636f,2.0430174438149638f,0.0442640243481659f,-0.054822917504419255f,-0.9975144830351129f,-0.23424140201637308f,0f,0f,0f,1f], start_interpolation: 0, interpolation_duration: 1 }
$data merge entity $(bone_ponpon4) { transformation: [-0.9987000285051706f,0.02283583121167328f,-0.04557167844883209f,-0.27352014185995155f,0.025277444733927585f,0.9982349285259334f,-0.053740843485636f,1.914147777849966f,0.0442640243481659f,-0.054822917504419255f,-0.9975144830351129f,-0.3192456191998063f,0f,0f,0f,1f], start_interpolation: 0, interpolation_duration: 1 }
$data merge entity $(bone_ear_edge_a1) { transformation: [-0.9828371571225597f,0.17871293768530688f,-0.04574722377514129f,0.2608493980039527f,0.18111850004261493f,0.9819037251389806f,-0.05532778235666252f,2.1361058210356996f,0.035031578919005435f,-0.06266386887258535f,-0.997419684995419f,-0.2837376705163424f,0f,0f,0f,1f], start_interpolation: 0, interpolation_duration: 1 }
$data merge entity $(bone_ear_edge_a2) { transformation: [-0.9986936635961928f,0.022763079969154026f,-0.04574722377514129f,0.14604424868093618f,0.025285046795044383f,0.9981480365697595f,-0.05532778235666252f,2.1490769992642322f,0.044403070855374156f,-0.05641222635432589f,-0.997419684995419f,-0.2791915898655463f,0f,0f,0f,1f], start_interpolation: 0, interpolation_duration: 1 }
$data merge entity $(bone_ear_edge_b1) { transformation: [-0.9635362439794374f,0.26359846994385494f,-0.04597557157075012f,0.12365738949800112f,0.2659894803910656f,0.9622658626212756f,-0.057393431288113826f,2.1454089467080855f,0.029111902364659593f,-0.06752966960522722f,-0.9972924550319827f,-0.277706986400358f,0f,0f,0f,1f], start_interpolation: 0, interpolation_duration: 1 }
$data merge entity $(bone_ear_edge_b2) { transformation: [-0.9978338304270858f,-0.047052031560316315f,-0.04597557157075012f,0.15295325209146227f,-0.04438547606495771f,0.9973644888201422f,-0.057393431288113826f,2.154654153936279f,0.04855487997819835f,-0.05522845975204608f,-0.9972924550319827f,-0.27958959183241056f,0f,0f,0f,1f], start_interpolation: 0, interpolation_duration: 1 }
$data merge entity $(bone_ear_right_2) { transformation: [-0.9929093995504126f,0.10962285848846674f,-0.04597557157075012f,0.2116005646677755f,0.11218316305757897f,0.9920286951350616f,-0.057393431288113826f,2.2559298757783215f,0.03931745427715555f,-0.06214416244060581f,-0.9972924550319827f,-0.319456438010651f,0f,0f,0f,1f], start_interpolation: 0, interpolation_duration: 1 }
$data merge entity $(bone_ear_right_1) { transformation: [-0.9929093995504126f,0.1097183476056157f,-0.04574722377514129f,0.186913936456512f,0.11218316305757897f,0.9921460449076488f,-0.05532778235666252f,2.032697015674101f,0.03931745427715555f,-0.06006754342240792f,-0.997419684995419f,-0.30594124074060924f,0f,0f,0f,1f], start_interpolation: 0, interpolation_duration: 1 }
$data merge entity $(bone_ear_edge_a3) { transformation: [-0.9899766849459357f,-0.13367642045930145f,-0.04557167844883209f,-0.12911703940001773f,-0.13119210958468924f,0.989899263624421f,-0.053740843485636f,2.145936018657429f,0.05229525452825128f,-0.047223537447090895f,-0.9975144830351129f,-0.26627615000887384f,0f,0f,0f,1f], start_interpolation: 0, interpolation_duration: 1 }
$data merge entity $(bone_ear_edge_a4) { transformation: [-0.9987000285051706f,0.02283583121167329f,-0.04557167844883209f,-0.013851639253694994f,0.02527744473392759f,0.9982349285259335f,-0.053740843485636f,2.1530840313376234f,0.0442640243481659f,-0.054822917504419255f,-0.9975144830351129f,-0.2719271737065673f,0f,0f,0f,1f], start_interpolation: 0, interpolation_duration: 1 }
$data merge entity $(bone_ear_edge_b3) { transformation: [-0.974558857064605f,-0.21944989460076647f,-0.04557167844883209f,0.008357162771473317f,-0.21696828956628506f,0.9746982523140857f,-0.053740843485636f,2.148207361700165f,0.05621205777777534f,-0.042486005879341385f,-0.9975144830351129f,-0.2726790585740681f,0f,0f,0f,1f], start_interpolation: 0, interpolation_duration: 1 }
$data merge entity $(bone_ear_edge_b4) { transformation: [-0.9946742983698776f,0.09244599659124464f,-0.04557167844883209f,-0.020484035853684537f,0.09484921873118375f,0.9940400130012557f,-0.053740843485636f,2.1589266486345666f,0.04033194600408249f,-0.057777073885020847f,-0.9975144830351129f,-0.27193894069010616f,0f,0f,0f,1f], start_interpolation: 0, interpolation_duration: 1 }
$data merge entity $(bone_ear_left_2) { transformation: [-0.9968899472114396f,-0.06429350878688861f,-0.04557167844883209f,-0.07722711014683058f,-0.06182065020708743f,0.9966394177180758f,-0.053740843485636f,2.2632602458441493f,0.048873718466538055f,-0.05075643583275879f,-0.9975144830351129f,-0.3062954327159385f,0f,0f,0f,1f], start_interpolation: 0, interpolation_duration: 1 }
$data merge entity $(bone_ear_left_1) { transformation: [-0.9968899472114396f,-0.06429350878688861f,-0.04557167844883209f,-0.06276107066978066f,-0.06182065020708743f,0.9966394177180758f,-0.053740843485636f,2.0390163768575826f,0.048873718466538055f,-0.05075643583275879f,-0.9975144830351129f,-0.2948752346535678f,0f,0f,0f,1f], start_interpolation: 0, interpolation_duration: 1 }
$data merge entity $(bone_head) { transformation: [-0.9987000285051706f,0.02283583121167328f,-0.04557167844883209f,0.051797184348909106f,0.025277444733927585f,0.9982349285259334f,-0.053740843485636f,1.525940696755227f,0.0442640243481659f,-0.054822917504419255f,-0.9975144830351129f,-0.24113916488122636f,0f,0f,0f,1f], start_interpolation: 0, interpolation_duration: 1 }
$data merge entity $(bone_body_1) { transformation: [-0.7371330859284025f,-0.042794106392868445f,-0.6743911906955089f,0.06784497424623477f,-0.016312880228657792f,0.9988288103331893f,-0.04555104375347584f,1.151379892880281f,0.6755506669142708f,-0.022575918728181543f,-0.7369678584071782f,-0.23267319535815828f,0f,0f,0f,1f], start_interpolation: 0, interpolation_duration: 1 }
$data merge entity $(bone_leg_left_2) { transformation: [-0.8448945007372403f,0.05766413549639687f,-0.5318158798883528f,0.2064465973372393f,-0.030735562045813323f,0.9872975504835829f,0.15588095468929136f,0.5048981610654759f,0.5340492560145531f,0.14804862135991056f,-0.8323899313805594f,-0.2672925857988794f,0f,0f,0f,1f], start_interpolation: 0, interpolation_duration: 1 }
$data merge entity $(bone_leg_left_1) { transformation: [-0.8448945007372403f,-0.1481137005946409f,-0.5140190797238277f,0.15016588937841707f,-0.030735562045813323f,0.9727575607416897f,-0.2297782697419527f,0.8552839884237677f,0.5340492560145531f,-0.17833973117631044f,-0.8264298714556874f,-0.33616629903978085f,0f,0f,0f,1f], start_interpolation: 0, interpolation_duration: 1 }
$data merge entity $(bone_leg_right_2) { transformation: [-0.7994287087129414f,0.26487213969262197f,-0.5392184059360468f,0.04710721970015161f,0.2699044997455403f,0.9602268712085953f,0.07152563754390245f,0.6990961485899995f,0.5367171514891889f,-0.08835782604616449f,-0.8391231100820231f,0.04260710194297515f,0f,0f,0f,1f], start_interpolation: 0, interpolation_duration: 1 }
$data merge entity $(bone_leg_right_1) { transformation: [-0.7994287087129414f,-0.29086823688880936f,-0.5256514134431245f,-0.07533801492951658f,0.2699044997455403f,0.6078063497331083f,-0.7468085445689706f,0.8683533100997953f,0.5367171514891889f,-0.7388958722264659f,-0.40739119934532386f,-0.22488855180192355f,0f,0f,0f,1f], start_interpolation: 0, interpolation_duration: 1 }
$data merge entity $(bone_skirt_forward_right) { transformation: [-0.8694940555210297f,0.004952078096351651f,-0.49391858067511546f,0.06432245251359402f,0.22953648155408163f,0.8894735421648817f,-0.39515797021499f,1.0641636256710358f,0.4373706563652455f,-0.4569598392760416f,-0.7745286400382161f,-0.2394123894739362f,0f,0f,0f,1f], start_interpolation: 0, interpolation_duration: 1 }
$data merge entity $(bone_skirt_forward_left) { transformation: [-0.819668457899998f,-0.31903886879255694f,-0.4757707634180614f,0.05027428315915376f,-0.10556112313461247f,0.9004505832933792f,-0.4219544955669655f,1.0447229123631443f,0.5630279463813482f,-0.2956398945443236f,-0.7717490423365765f,-0.25086720640648724f,0f,0f,0f,1f], start_interpolation: 0, interpolation_duration: 1 }
$data merge entity $(bone_skirt_forward) { transformation: [-0.8396088122615005f,-0.22684327997357753f,-0.49355766502371506f,0.060069141014089444f,-0.034198783616802994f,0.9288982156036799f,-0.3687526925290586f,1.081580467213605f,0.5421139046104275f,-0.2927289384039926f,-0.7876688917615751f,-0.24490105706901105f,0f,0f,0f,1f], start_interpolation: 0, interpolation_duration: 1 }
$data merge entity $(bone_skirt_back_right) { transformation: [-0.7938166414936894f,0.3172584217647973f,-0.5188470232226353f,0.06398533955013382f,0.2005336430402616f,0.9419805096044122f,0.2691820527717493f,1.0634757839674682f,0.5741440565717638f,0.10963490933421681f,-0.811380791588387f,-0.23874265157067412f,0f,0f,0f,1f], start_interpolation: 0, interpolation_duration: 1 }
$data merge entity $(bone_skirt_back_left) { transformation: [-0.8547112352551395f,0.03392023721057943f,-0.5179943260656547f,0.0658687024450943f,-0.09710278490244355f,0.969802059318164f,0.22372978100029078f,1.0755034478244059f,0.5099409313761972f,0.24152304910675995f,-0.8256069665751073f,-0.23578097526623334f,0f,0f,0f,1f], start_interpolation: 0, interpolation_duration: 1 }
$data merge entity $(bone_skirt_back) { transformation: [-0.8438343991447893f,0.15031672676847424f,-0.5151197807049972f,0.06586429863473975f,0f,0.959963194817161f,0.280126158358032f,1.0754753239026826f,0.5366036776056912f,0.23638008852278813f,-0.8100499656996515f,-0.23578790046413928f,0f,0f,0f,1f], start_interpolation: 0, interpolation_duration: 1 }
$data merge entity $(bone_skirt_right) { transformation: [-0.8413986204350314f,0.20928890542268955f,-0.49824343005904126f,-0.09588170005300885f,0.26327195323281233f,0.9639042912291911f,-0.03970385360302586f,1.1279981815529772f,0.47194940424902115f,-0.16458028866460025f,-0.866127639792237f,-0.12907383052194982f,0f,0f,0f,1f], start_interpolation: 0, interpolation_duration: 1 }
$data merge entity $(bone_skirt_left) { transformation: [-0.8282938199493737f,-0.13876002593867948f,-0.5428397581562828f,0.22994375994242916f,-0.10143688300214582f,0.9899756982979346f,-0.0982785609699565f,1.098592265334378f,0.5510353043140552f,-0.02633955164792065f,-0.8340661373167617f,-0.33883249121712444f,0f,0f,0f,1f], start_interpolation: 0, interpolation_duration: 1 }
$data merge entity $(bone_coat_downer) { transformation: [-0.8438343991447893f,0.05669938222417508f,-0.5335997440735419f,0.05157148903073136f,0f,0.9944019512770529f,0.10566342459143394f,0.9336851172645135f,0.5366036776056912f,0.08916243240169341f,-0.839110573064278f,-0.24370485031294561f,0f,0f,0f,1f], start_interpolation: 0, interpolation_duration: 1 }
$data merge entity $(bone_body_2) { transformation: [-0.8438343991447893f,0.04737814702523079f,-0.5345080149112903f,0.06875000000000003f,0f,0.9960945800749044f,0.08829262452436144f,1.15625f,0.5366036776056912f,0.07450435376443103f,-0.8405388714688882f,-0.23125f,0f,0f,0f,1f], start_interpolation: 0, interpolation_duration: 1 }
$data merge entity $(bone_book_left) { transformation: [0.8180803461214066f,-0.5750999700193724f,-0.00213817061914795f,-2.3164425647425397f,0.3713999104106346f,0.5311481246469487f,-0.7615403969790454f,1.2663060632190004f,0.4390975447857257f,0.6222071151696567f,0.6481139189952652f,-0.23001301524517548f,0f,0f,0f,1f], start_interpolation: 0, interpolation_duration: 1 }
$data merge entity $(bone_book_right) { transformation: [0.5024493911737f,-0.5750999700193724f,-0.6456040843991733f,-2.247585005905061f,-0.3708866681052505f,0.5311481246469487f,-0.7617904889835624f,1.2663328256698887f,0.781017086068521f,0.6222071151696567f,0.05357814014399731f,-0.16639149078438994f,0f,0f,0f,1f], start_interpolation: 0, interpolation_duration: 1 }
$data merge entity $(bone_book_loot_1) { transformation: [0.7344806275997765f,-0.5750999700193724f,-0.360275217249751f,-2.2279725027363377f,0.0002854661428082772f,0.5311481246469487f,-0.8472789317533576f,1.3934112842074482f,0.6786295942483791f,0.6222071151696567f,0.3902821795093056f,-0.25674457994117855f,0f,0f,0f,1f], start_interpolation: 0, interpolation_duration: 1 }
$data merge entity $(bone_book_left2) { transformation: [0.20236667664758404f,0.5484698822358557f,0.8113128351399349f,1.253613425703876f,-0.3080499908952514f,0.8220509495452455f,-0.4788918870279552f,2.4032728780782504f,-0.9295982633869581f,-0.1530131518267201f,0.33531186092353704f,-0.2853143366221039f,0f,0f,0f,1f], start_interpolation: 0, interpolation_duration: 1 }
$data merge entity $(bone_book_right2) { transformation: [-0.5142287532126582f,0.5484698822358557f,0.6593554258892106f,1.2698749982150117f,0.18730543613186978f,0.8220509495452455f,-0.5377256828041695f,2.40956891879675f,-0.8369500958628332f,-0.1530131518267201f,-0.5254536253593155f,-0.19320036574506447f,0f,0f,0f,1f], start_interpolation: 0, interpolation_duration: 1 }
$data merge entity $(bone_book_loot_2) { transformation: [-0.1734567734521142f,0.5484698822358557f,0.817981378775684f,1.1390470051430912f,-0.06715776766399506f,0.8220509495452455f,-0.5654397143764746f,2.4912368555939715f,-0.9825490226884209f,-0.1530131518267201f,-0.10575629239947071f,-0.2233939073236636f,0f,0f,0f,1f], start_interpolation: 0, interpolation_duration: 1 }
$data merge entity $(bone_air_staff_povit_1) { transformation: [-0.000013184912486637334f,0f,-0.000008384432462588924f,0.43157465357808517f,0f,0.000015625f,0f,1.3223725f,0.000008384432462588924f,0f,-0.000013184912486637334f,0.3527590864551617f,0f,0f,0f,1f], start_interpolation: 0, interpolation_duration: 1 }