# This file was generated by Animated Java via MC-Build. It is not recommended to edit this file directly.
$data merge entity $(bone_wing_right_1) { transformation: [-0.5348672148195338f,-0.13796882691323353f,-0.6015198332190096f,-0.07056024664877328f,-0.11207790001518804f,0.8044759373844527f,-0.08486138663748029f,1.3397304922182192f,0.6068772950801705f,0.02697245658142046f,-0.5458176249871227f,-0.45312200756711674f,0f,0f,0f,1f], start_interpolation: 0, interpolation_duration: 1 }
$data merge entity $(bone_wing_right_2) { transformation: [-0.535788986082246f,0.07564236373906894f,-0.5892439182553564f,-0.07056024664877328f,0.20014347928410786f,0.7700857551844025f,-0.08312952160406233f,1.3397304922182192f,0.5593502928335791f,-0.2030915125504627f,-0.5346784897833039f,-0.45312200756711674f,0f,0f,0f,1f], start_interpolation: 0, interpolation_duration: 1 }
$data merge entity $(bone_wing_left_1) { transformation: [-0.8098612824311954f,0.0991430888796189f,0.03521073118740694f,-0.1339665305331253f,0.09549365624361521f,0.8074001870160272f,-0.07700872722071604f,1.3389485163243955f,-0.04416004167310184f,-0.07224977770440813f,-0.812264922784148f,-0.4265889118611076f,0f,0f,0f,1f], start_interpolation: 0, interpolation_duration: 1 }
$data merge entity $(bone_wing_left_2) { transformation: [-0.7701107074866159f,-0.2138686282721985f,0.034492144836643535f,-0.1339665305331253f,-0.21624885587398923f,0.7665152791545713f,-0.07543712054274225f,1.3389485163243955f,-0.012881403171023643f,-0.08194227641186057f,-0.7956880876252879f,-0.4265889118611076f,0f,0f,0f,1f], start_interpolation: 0, interpolation_duration: 1 }
$data merge entity $(bone_staff) { transformation: [-1.5293756681873427f,0.25490877453702837f,0.19348858421248022f,-0.3128715062409269f,0.1587752483594323f,-0.21584302618244144f,1.5393532598324549f,1.689927320741709f,0.27786100133865455f,1.5263811957412325f,0.18536439577934957f,0.5047548539972256f,0f,0f,0f,1f], start_interpolation: 0, interpolation_duration: 1 }
$data merge entity $(bone_arm_right_2) { transformation: [0.06712413502531628f,-0.675753632343373f,-0.7340649691082123f,-0.3552996023569829f,0.4437052411863146f,0.6791875128334761f,-0.5846622797435038f,1.5883600239886224f,0.893655419857619f,-0.2864635243548718f,0.3454253027403876f,0.28068336295376395f,0f,0f,0f,1f], start_interpolation: 0, interpolation_duration: 1 }
$data merge entity $(bone_arm_right_1) { transformation: [-0.2942274806677891f,-0.675753632343373f,-0.6758603539153805f,-0.24931181182695525f,0.10779226642826434f,0.6791875128334761f,-0.7260063014253628f,1.5704552013908546f,0.9496373080909069f,-0.2864635243548718f,-0.126994615224591f,-0.016151518744050464f,0f,0f,0f,1f], start_interpolation: 0, interpolation_duration: 1 }
$data merge entity $(bone_arm_left_2) { transformation: [-0.9725062005357314f,-0.10433605001973215f,-0.20819625017236904f,0.5768044144814588f,0.09629123192735528f,0.6338523040596507f,-0.7674368086638693f,1.4608186798922362f,0.21203699812407262f,-0.7663845283567199f,-0.6063786491310359f,-0.394054652952679f,0f,0f,0f,1f], start_interpolation: 0, interpolation_duration: 1 }
$data merge entity $(bone_arm_left_1) { transformation: [-0.8648898282968076f,-0.10433605001973215f,-0.49099854742656684f,0.29283706467520343f,0.32260727921582427f,0.6338523040596507f,-0.7029621611688892f,1.5661661195358558f,0.3845648557859673f,-0.7663845283567199f,-0.5145528412026952f,-0.2621492644461978f,0f,0f,0f,1f], start_interpolation: 0, interpolation_duration: 1 }
$data merge entity $(bone_himo_right_2) { transformation: [-0.922428287473498f,-0.19358276586661527f,-0.3341433333588161f,-0.02382779560320799f,-0.011376107230962199f,0.8785251646831616f,-0.47756059217935176f,1.2767507968024563f,0.38600082726981216f,-0.43671414881802806f,-0.8125786814636266f,0.15052978759455343f,0f,0f,0f,1f], start_interpolation: 0, interpolation_duration: 1 }
$data merge entity $(bone_himo_right_1) { transformation: [-0.922428287473498f,-0.09234610666304272f,-0.3749643330410075f,-0.04348621768403479f,-0.011376107230962199f,0.9770632660780479f,-0.2126451463475405f,1.458621127027418f,0.38600082726981216f,-0.19188426372445244f,-0.9023213344933972f,0.1089119798056349f,0f,0f,0f,1f], start_interpolation: 0, interpolation_duration: 1 }
$data merge entity $(bone_himo_left_2) { transformation: [-0.922428287473498f,-0.2008259968128303f,-0.32984083051199514f,0.2674538547337314f,-0.011376107230962199f,0.8678981700689191f,-0.49661187115824257f,1.282484445763467f,0.38600082726981216f,-0.4543365331944531f,-0.8028584407925635f,0.03719236339453279f,0f,0f,0f,1f], start_interpolation: 0, interpolation_duration: 1 }
$data merge entity $(bone_himo_left_1) { transformation: [-0.922428287473498f,-0.10861392812282195f,-0.37057936948303005f,0.24477262215143333f,-0.011376107230962199f,0.9668578673383434f,-0.255061656370023f,1.4621761605370938f,0.38600082726981216f,-0.23106033624073286f,-0.8930926504922879f,-0.0117132787161814f,0f,0f,0f,1f], start_interpolation: 0, interpolation_duration: 1 }
$data merge entity $(bone_ponpon1) { transformation: [-0.9987768171034959f,-0.011337768387216032f,-0.04812821027845843f,0.3029278302643705f,-0.006843029828485912f,0.9956846840033694f,-0.0925482738027925f,2.1361037245526164f,0.04896981273576734f,-0.09210572755864883f,-0.9945443642148477f,-0.19252989950588026f,0f,0f,0f,1f], start_interpolation: 0, interpolation_duration: 1 }
$data merge entity $(bone_ponpon2) { transformation: [-0.9987768171034959f,-0.011337768387216032f,-0.04812821027845843f,0.33728716224054817f,-0.006843029828485912f,0.9956846840033694f,-0.0925482738027925f,2.0032233520017515f,0.04896981273576734f,-0.09210572755864883f,-0.9945443642148477f,-0.2760915856837824f,0f,0f,0f,1f], start_interpolation: 0, interpolation_duration: 1 }
$data merge entity $(bone_ponpon3) { transformation: [-0.9987768171034959f,-0.011337768387216032f,-0.04812821027845843f,-0.28385354978393335f,-0.006843029828485912f,0.9956846840033694f,-0.0925482738027925f,2.132083444528381f,0.04896981273576734f,-0.09210572755864883f,-0.9945443642148477f,-0.16376013452361696f,0f,0f,0f,1f], start_interpolation: 0, interpolation_duration: 1 }
$data merge entity $(bone_ponpon4) { transformation: [-0.9987768171034959f,-0.011337768387216032f,-0.04812821027845843f,-0.32440247909051784f,-0.006843029828485912f,0.9956846840033694f,-0.0925482738027925f,1.9986898447403798f,0.04896981273576734f,-0.09210572755864883f,-0.9945443642148477f,-0.24364908474633654f,0f,0f,0f,1f], start_interpolation: 0, interpolation_duration: 1 }
$data merge entity $(bone_ear_edge_a1) { transformation: [-0.9809864649465353f,0.18801391163180464f,-0.04812821027845843f,0.20675783867755737f,0.19180194479720086f,0.9770603005895463f,-0.0925482738027925f,2.236598823112488f,0.02962380062907322f,-0.10001968828572244f,-0.9945443642148477f,-0.2192226839356103f,0f,0f,0f,1f], start_interpolation: 0, interpolation_duration: 1 }
$data merge entity $(bone_ear_edge_a2) { transformation: [-0.9983207493955764f,0.03223905553279953f,-0.04812821027845843f,0.0920911365139353f,0.036594639144894664f,0.9950355015787016f,-0.0925482738027925f,2.2508413306647346f,0.04490560891591816f,-0.09415409654590061f,-0.9945443642148477f,-0.21499905770411415f,0f,0f,0f,1f], start_interpolation: 0, interpolation_duration: 1 }
$data merge entity $(bone_ear_edge_b1) { transformation: [-0.96086702316434f,0.2727970659129086f,-0.04812821027845843f,0.06965290008830617f,0.2762284966977892f,0.956625650203988f,-0.0925482738027925f,2.247360486257249f,0.020793782902078277f,-0.10222096752186119f,-0.9945443642148477f,-0.21358930832268136f,0f,0f,0f,1f], start_interpolation: 0, interpolation_duration: 1 }
$data merge entity $(bone_ear_edge_b2) { transformation: [-0.9981377730562834f,-0.037478812329577116f,-0.04812821027845843f,0.099033872647183f,-0.03290467139716939f,0.9951643580918519f,-0.0925482738027925f,2.256246838254955f,0.05136407887315295f,-0.09079228496957595f,-0.9945443642148477f,-0.2158380467839933f,0f,0f,0f,1f], start_interpolation: 0, interpolation_duration: 1 }
$data merge entity $(bone_ear_right_2) { transformation: [-0.9917120187124072f,0.11912576260723043f,-0.04812821027845843f,0.15859529726752922f,0.12317844369510504f,0.9880596581305073f,-0.0925482738027925f,2.3554572739401607f,0.036528659299426405f,-0.09770959348124723f,-0.9945443642148477f,-0.2593739018875347f,0f,0f,0f,1f], start_interpolation: 0, interpolation_duration: 1 }
$data merge entity $(bone_ear_right_1) { transformation: [-0.9917120187124072f,0.11912576260723043f,-0.04812821027845843f,0.1317920006809024f,0.12317844369510504f,0.9880596581305073f,-0.0925482738027925f,2.133143850860797f,0.036528659299426405f,-0.09770959348124723f,-0.9945443642148477f,-0.2373892433542541f,0f,0f,0f,1f], start_interpolation: 0, interpolation_duration: 1 }
$data merge entity $(bone_ear_edge_a3) { transformation: [-0.9764656900180156f,-0.21023423030760874f,-0.04812821027845843f,-0.1921385875141861f,-0.20521325276398203f,0.9743317391454254f,-0.0925482738027925f,2.2338658200069266f,0.06634965793179508f,-0.08049366745786866f,-0.9945443642148477f,-0.1996648778701614f,0f,0f,0f,1f], start_interpolation: 0, interpolation_duration: 1 }
$data merge entity $(bone_ear_edge_a4) { transformation: [-0.9973316563732956f,-0.0548930102207099f,-0.04812821027845843f,-0.07781410661448077f,-0.05026767270565559f,0.994438524041019f,-0.0925482738027925f,2.2496772401223493f,0.05294079973381177f,-0.08988203008404182f,-0.9945443642148477f,-0.20666864014100667f,0f,0f,0f,1f], start_interpolation: 0, interpolation_duration: 1 }
$data merge entity $(bone_ear_edge_b3) { transformation: [-0.9544268227710033f,-0.2945388180709635f,-0.04812821027845843f,-0.05530010509970845f,-0.2893509607894772f,0.9527385992528746f,-0.0925482738027925f,2.246504381943434f,0.07311266282562873f,-0.07440461103339019f,-0.9945443642148477f,-0.20746288932692053f,0f,0f,0f,1f], start_interpolation: 0, interpolation_duration: 1 }
$data merge entity $(bone_ear_edge_b4) { transformation: [-0.998731349410281f,0.01481104589526347f,-0.04812821027845843f,-0.08487885395361713f,0.019223301611025062f,0.9955226173680308f,-0.0925482738027925f,2.2549867766952394f,0.04654198513482936f,-0.09335604548283677f,-0.9945443642148477f,-0.2068208453160178f,0f,0f,0f,1f], start_interpolation: 0, interpolation_duration: 1 }
$data merge entity $(bone_ear_left_2) { transformation: [-0.9887522672406949f,-0.14160730702113397f,-0.04812821027845843f,-0.14976384767472664f,-0.13674741721446518f,0.9862732688769863f,-0.0925482738027925f,2.353344578900997f,0.060573079099202204f,-0.08492590710098984f,-0.9945443642148477f,-0.24425511926803495f,0f,0f,0f,1f], start_interpolation: 0, interpolation_duration: 1 }
$data merge entity $(bone_ear_left_1) { transformation: [-0.9887522672406949f,-0.14160730702113397f,-0.04812821027845843f,-0.11790220359497156f,-0.13674741721446518f,0.9862732688769863f,-0.0925482738027925f,2.1314330934036754f,0.060573079099202204f,-0.08492590710098984f,-0.9945443642148477f,-0.22514679017031228f,0f,0f,0f,1f], start_interpolation: 0, interpolation_duration: 1 }
$data merge entity $(bone_head) { transformation: [-0.9987768171034959f,-0.011337768387216032f,-0.04812821027845843f,0.014259511412615476f,-0.006843029828485912f,0.9956846840033694f,-0.0925482738027925f,1.6248922051368464f,0.04896981273576734f,-0.09210572755864883f,-0.9945443642148477f,-0.15298432000676165f,0f,0f,0f,1f], start_interpolation: 0, interpolation_duration: 1 }
$data merge entity $(bone_body_1) { transformation: [-0.922428287473498f,-0.052645779515452844f,-0.38256303580968193f,0.03400167873091029f,-0.011376107230962199f,0.9939382816436896f,-0.10934933226800711f,1.2521653495204628f,0.38600082726981216f,-0.09651483918237494f,-0.9174356910239654f,-0.11679125531337105f,0f,0f,0f,1f], start_interpolation: 0, interpolation_duration: 1 }
$data merge entity $(bone_leg_left_2) { transformation: [-0.9459019665778918f,-0.1019631025855604f,-0.3080146024707324f,0.2231598648615461f,-0.16363560071261884f,0.9696764719929236f,0.18152390983773184f,0.6265492053563539f,0.2801657720056061f,0.2221059777999753f,-0.9339036753445291f,-0.11717575926712781f,0f,0f,0f,1f], start_interpolation: 0, interpolation_duration: 1 }
$data merge entity $(bone_leg_left_1) { transformation: [-0.9459019665778918f,-0.21737985981643954f,-0.24086399932381333f,0.1436987953310088f,-0.16363560071261884f,0.9606641596645326f,-0.22438307091992907f,0.9712663874809859f,0.2801657720056061f,-0.1728304628305514f,-0.9442652017914671f,-0.18411605189508365f,0f,0f,0f,1f], start_interpolation: 0, interpolation_duration: 1 }
$data merge entity $(bone_leg_right_2) { transformation: [-0.9045332259859205f,0.3033933280089933f,-0.2996199786515098f,-0.10233329833958331f,0.27327924002742837f,0.9518626386580615f,0.13883794184927944f,0.7164852444757f,0.3273195687054701f,0.04370361136725537f,-0.943902481348537f,0.10052557598053807f,0f,0f,0f,1f], start_interpolation: 0, interpolation_duration: 1 }
$data merge entity $(bone_leg_right_1) { transformation: [-0.9045332259859205f,0.03982076310892682f,-0.42453969179916085f,-0.1006511216745434f,0.27327924002742837f,0.8184123937316727f,-0.5054894764052211f,0.9950839718961575f,0.3273195687054701f,-0.5732499111311019f,-0.7511633905686891f,-0.12742799279525271f,0f,0f,0f,1f], start_interpolation: 0, interpolation_duration: 1 }
$data merge entity $(bone_skirt_forward_right) { transformation: [-0.9510970988607442f,0.11084689450669669f,-0.28831800935234186f,0.026324091959303027f,0.19876751498249512f,0.9340985830645295f,-0.2965658646987581f,1.173160412872467f,0.23644403888945784f,-0.33937118777978154f,-0.9104512141672287f,-0.13104143686916864f,0f,0f,0f,1f], start_interpolation: 0, interpolation_duration: 1 }
$data merge entity $(bone_skirt_forward_left) { transformation: [-0.9315745538740283f,-0.2277146412309422f,-0.28339882276302486f,0.020285994944557535f,-0.137634947459683f,0.9424140866651021f,-0.3048152071222041f,1.1673787260650796f,0.33648992824774915f,-0.24495250850776185f,-0.9092704750312636f,-0.13997566953637655f,0f,0f,0f,1f], start_interpolation: 0, interpolation_duration: 1 }
$data merge entity $(bone_skirt_forward) { transformation: [-0.9521811004428475f,-0.1038880251734527f,-0.2873298282201276f,0.025350141723301908f,-0.017450911247284616f,0.9573746615419555f,-0.28832138861705314f,1.182135800324423f,0.30503543672184613f,-0.26952000976362844f,-0.9134069994700754f,-0.13356818696070266f,0f,0f,0f,1f], start_interpolation: 0, interpolation_duration: 1 }
$data merge entity $(bone_skirt_back_right) { transformation: [-0.9210354103563999f,0.25399003213282617f,-0.29526739821183057f,0.027714903290263715f,0.17549715840474234f,0.9474275992117956f,0.2675475502478657f,1.1681266265369674f,0.34769889309786217f,0.19460217837665475f,-0.9171888965254551f,-0.12618067392387655f,0f,0f,0f,1f], start_interpolation: 0, interpolation_duration: 1 }
$data merge entity $(bone_skirt_back_left) { transformation: [-0.9550430674823739f,-0.05008256409035379f,-0.2922062217475756f,0.02824042288791325f,-0.12945431155685255f,0.9571473686583056f,0.2590569356142066f,1.1741342113713655f,0.26671018067032815f,0.2852378857105371f,-0.9206003628514293f,-0.1245389511671373f,0f,0f,0f,1f], start_interpolation: 0, interpolation_duration: 1 }
$data merge entity $(bone_skirt_back) { transformation: [-0.9523957996432784f,0.08408313562392596f,-0.29303970230241627f,0.02824042288791325f,0f,0.9612135735037054f,0.2758051234336247f,1.1741342113713655f,0.30486429902801065f,0.26267564107828006f,-0.9154557699650345f,-0.1245389511671373f,0f,0f,0f,1f], start_interpolation: 0, interpolation_duration: 1 }
$data merge entity $(bone_skirt_right) { transformation: [-0.9219222855876206f,0.25080867887895375f,-0.2952190812530443f,-0.1514842962320467f,0.2550020288328738f,0.966620403480805f,0.02487892412714034f,1.2362207068166575f,0.291604637528308f,-0.052345030075449106f,-0.9551056136356777f,-0.050470152393137874f,0f,0f,0f,1f], start_interpolation: 0, interpolation_duration: 1 }
$data merge entity $(bone_skirt_left) { transformation: [-0.9357825205190822f,-0.17046526981027035f,-0.30863030648247297f,0.21677656519053695f,-0.18187671053215737f,0.983285781484933f,0.008362660794676988f,1.2199352845060354f,0.3020462488708564f,0.06395829671025267f,-0.9511453095216147f,-0.1710808717372796f,0f,0f,0f,1f], start_interpolation: 0, interpolation_duration: 1 }
$data merge entity $(bone_coat_downer) { transformation: [-0.9523957996432784f,0.029219948156890267f,-0.30346076427035656f,0.01804320940634553f,0f,0.9953961983671789f,0.09584575252022398f,1.0519115387867892f,0.30486429902801065f,0.09128309211391047f,-0.9480111583057886f,-0.14101934360380394f,0f,0f,0f,1f], start_interpolation: 0, interpolation_duration: 1 }
$data merge entity $(bone_body_2) { transformation: [-0.9523957996432784f,0.0397927760959614f,-0.3022561426876499f,0.03437500000000002f,0f,0.9914448613738104f,0.13052619222005157f,1.2734375f,0.30486429902801065f,0.12431259721380827f,-0.9442479215503294f,-0.115625f,0f,0f,0f,1f], start_interpolation: 0, interpolation_duration: 1 }
$data merge entity $(bone_book_left) { transformation: [0.8673237925925696f,-0.3028915722034037f,-0.3949761186337624f,-2.2116857856417846f,0.1773759451372866f,0.9295192599081745f,-0.32331365505715004f,1.7640625f,0.4650668907689473f,0.21035836315181244f,0.8599198486850936f,-0.15485266974193024f,0f,0f,0f,1f], start_interpolation: 0, interpolation_duration: 1 }
$data merge entity $(bone_book_right) { transformation: [0.13289325431377869f,-0.3028915722034037f,-0.943713981270832f,-2.1582082639755282f,-0.17737594513728655f,0.9295192599081745f,-0.32331365505715004f,1.7640625f,0.9751293027309496f,0.21035836315181244f,0.06980116050283497f,-0.07785125951825275f,0f,0f,0f,1f], start_interpolation: 0, interpolation_duration: 1 }
$data merge entity $(bone_book_loot_1) { transformation: [0.5704268977734035f,-0.3028915722034037f,-0.7634591343253166f,-2.070428154659859f,2.7755575615628914e-17f,0.9295192599081745f,-0.3687735693616877f,1.8193785354042533f,0.8213483757192264f,0.21035836315181244f,0.5302227878500498f,-0.19588538280759898f,0f,0f,0f,1f], start_interpolation: 0, interpolation_duration: 1 }
$data merge entity $(bone_book_left2) { transformation: [0.18303833458168256f,0.21274111001720503f,0.9598115378459517f,1.508219204941539f,-0.08526497540466627f,0.9760618725997046f,-0.2000827449491829f,2.350382037558427f,-0.9794012722285004f,-0.045215494753519936f,0.19679610512250678f,-0.5243955191278521f,0f,0f,0f,1f], start_interpolation: 0, interpolation_duration: 1 }
$data merge entity $(bone_book_right2) { transformation: [-0.7111504151285937f,0.21274111001720503f,0.6700793290134206f,1.5364552016354682f,0.12293523765427347f,0.9760618725997046f,-0.17941613138189502f,2.348367962441573f,-0.69220807161237f,-0.045215494753519936f,-0.7202801848092714f,-0.4350213926027549f,0f,0f,0f,1f], start_interpolation: 0, interpolation_duration: 1 }
$data merge entity $(bone_book_loot_2) { transformation: [-0.3011839647352447f,0.21274111001720503f,0.9295318388818136f,1.3829074274562316f,0.02148346791310582f,0.9760618725997046f,-0.21642939140418216f,2.3818394087106274f,-0.9533240162677037f,-0.045215494753519936f,-0.29854460142733946f,-0.4349267656512026f,0f,0f,0f,1f], start_interpolation: 0, interpolation_duration: 1 }
$data merge entity $(bone_air_staff_povit_1) { transformation: [-0.000014881184369426226f,0f,-0.000004763504672312667f,0.23709528889783196f,0f,0.000015625f,0f,1.43956f,0.000004763504672312667f,0f,-0.000014881184369426226f,0.5413474703329886f,0f,0f,0f,1f], start_interpolation: 0, interpolation_duration: 1 }