# This file was generated by Animated Java via MC-Build. It is not recommended to edit this file directly.
$data merge entity $(bone_wing_right_1) { transformation: [-0.7540407027489645f,-0.13295772044701404f,-0.28405863411596166f,0.03124412293677631f,-0.17161351830197807f,0.794010919096146f,0.08390414254704226f,1.5012932406165926f,0.2625183105581565f,0.13716176352785572f,-0.7610619105513454f,-0.3161634285580465f,0f,0f,0f,1f], start_interpolation: 0, interpolation_duration: 1 }
$data merge entity $(bone_wing_right_2) { transformation: [-0.7322679073668215f,0.16233988668793906f,-0.27826151913400327f,0.03124412293677631f,0.1423392066549787f,0.7829329831517924f,0.08219181310730671f,1.5012932406165926f,0.28900391362306393f,0.025723628888286457f,-0.7455300348258078f,-0.3161634285580465f,0f,0f,0f,1f], start_interpolation: 0, interpolation_duration: 1 }
$data merge entity $(bone_wing_left_1) { transformation: [-0.7540407027489645f,0.13295772044701404f,0.2840586341159619f,-0.03124412293677621f,0.17161351830197807f,0.794010919096146f,0.08390414254704226f,1.5012932406165926f,-0.2625183105581567f,0.13716176352785578f,-0.7610619105513454f,-0.3161634285580465f,0f,0f,0f,1f], start_interpolation: 0, interpolation_duration: 1 }
$data merge entity $(bone_wing_left_2) { transformation: [-0.7322679073668215f,-0.16233988668793906f,0.2782615191340035f,-0.03124412293677621f,-0.1423392066549787f,0.7829329831517924f,0.08219181310730671f,1.5012932406165926f,-0.28900391362306416f,0.025723628888286415f,-0.7455300348258078f,-0.3161634285580465f,0f,0f,0f,1f], start_interpolation: 0, interpolation_duration: 1 }
$data merge entity $(bone_staff) { transformation: [-1.0520864450644465f,1.138073354022839f,0.19826599046447735f,-0.2198550383682187f,-0.09641997167939942f,-0.3537409156112189f,1.5188735311683714f,1.5837197518863617f,1.1511835436510542f,1.0104764497432586f,0.30841537468365526f,0.5134973683531828f,0f,0f,0f,1f], start_interpolation: 0, interpolation_duration: 1 }
$data merge entity $(bone_arm_right_2) { transformation: [0.6930507707130724f,-0.7199331986430447f,-0.03710550775303503f,-0.40952340215418453f,-0.1110130155035347f,-0.05572672316940383f,-0.9922553314110294f,1.5969149641717655f,0.7122897862547432f,0.6918025164860235f,-0.11854340378433917f,0.35171121617555f,0f,0f,0f,1f], start_interpolation: 0, interpolation_duration: 1 }
$data merge entity $(bone_arm_right_1) { transformation: [-0.2577428051265709f,-0.9660495908421998f,-0.017799843794389078f,-0.2984375f,-0.0907848513470115f,0.042554017827427064f,-0.9949609370888102f,1.6257638233394736f,0.9619390610487688f,-0.25482806674375763f,-0.09867066042269775f,0.046125443142613104f,0f,0f,0f,1f], start_interpolation: 0, interpolation_duration: 1 }
$data merge entity $(bone_arm_left_2) { transformation: [0.6369961382485239f,0.7698857595860773f,0.03888234873353319f,0.4127645675643268f,0.11533061393857498f,-0.045308620689070454f,-0.9922932925198096f,1.5992396189100848f,-0.7621907696535155f,0.636571320495844f,-0.11765281372393352f,0.3533519060387959f,0f,0f,0f,1f], start_interpolation: 0, interpolation_duration: 1 }
$data merge entity $(bone_arm_left_1) { transformation: [-0.2710468011492869f,0.9623340836923217f,0.02113629463265078f,0.2984375f,0.08709868341970683f,0.04638820347148957f,-0.9951190652003612f,1.6257638233394736f,-0.9586174685104023f,-0.2678828959503517f,-0.09639140586152073f,0.04612544314261317f,0f,0f,0f,1f], start_interpolation: 0, interpolation_duration: 1 }
$data merge entity $(bone_himo_right_2) { transformation: [-0.997497850629802f,0.06716910648410801f,-0.022053324535132396f,-0.16244538312711054f,0.07069679044631448f,0.9479112727720712f,-0.3105900558167017f,1.317682781964067f,0.00004253839689580263f,-0.31137201236745493f,-0.9502880974234741f,0.25868813645306193f,0f,0f,0f,1f], start_interpolation: 0, interpolation_duration: 1 }
$data merge entity $(bone_himo_right_1) { transformation: [-0.9994211941278889f,0.033277477299813216f,-0.007063018656714623f,-0.15625000000000003f,0.033813900190830144f,0.9945070711337677f,-0.09905708262824804f,1.503533751035222f,0.0037278521791051715f,-0.09923857601505275f,-0.9950566858971579f,0.23386179916338234f,0f,0f,0f,1f], start_interpolation: 0, interpolation_duration: 1 }
$data merge entity $(bone_himo_left_2) { transformation: [-0.997276130893631f,0.0699722933818063f,-0.023328028393331368f,0.1494941581864005f,0.07375779895734344f,0.9474690935992788f,-0.3112267722531736f,1.317740008309103f,0.0003253349009162405f,-0.3120996552914648f,-0.9500493141538239f,0.25896869592921806f,0f,0f,0f,1f], start_interpolation: 0, interpolation_duration: 1 }
$data merge entity $(bone_himo_left_1) { transformation: [-0.9993111858092585f,0.03628979524933786f,-0.007759167304217962f,0.15624999999999997f,0.03688653808358162f,0.9942507278606573f,-0.10052299964068603f,1.503533751035222f,0.004066598665001565f,-0.10073996679230156f,-0.9949044787646619f,0.2338617991633824f,0f,0f,0f,1f], start_interpolation: 0, interpolation_duration: 1 }
$data merge entity $(bone_ponpon1) { transformation: [-1f,-4.381260071824356e-17f,1.1435931901214846e-16f,0.29375f,0f,0.9338147055279111f,0.3577570345078074f,2.1796569498159704f,-1.2246467991473532e-16f,0.3577570345078074f,-0.9338147055279111f,0.2582726034752768f,0f,0f,0f,1f], start_interpolation: 0, interpolation_duration: 1 }
$data merge entity $(bone_ponpon2) { transformation: [-1f,-4.381260071824356e-17f,1.1435931901214846e-16f,0.33125f,0f,0.9338147055279111f,0.3577570345078074f,2.0964698336100884f,-1.2246467991473532e-16f,0.3577570345078074f,-0.9338147055279111f,0.12600784551855926f,0f,0f,0f,1f], start_interpolation: 0, interpolation_duration: 1 }
$data merge entity $(bone_ponpon3) { transformation: [-1f,-4.381260071824356e-17f,1.1435931901214846e-16f,-0.29375f,0f,0.9338147055279111f,0.3577570345078074f,2.1796569498159704f,-1.2246467991473532e-16f,0.3577570345078074f,-0.9338147055279111f,0.2582726034752768f,0f,0f,0f,1f], start_interpolation: 0, interpolation_duration: 1 }
$data merge entity $(bone_ponpon4) { transformation: [-1f,-4.381260071824356e-17f,1.1435931901214846e-16f,-0.33125f,0f,0.9338147055279111f,0.3577570345078074f,2.0964698336100884f,-1.2246467991473532e-16f,0.3577570345078074f,-0.9338147055279111f,0.1260078455185592f,0f,0f,0f,1f], start_interpolation: 0, interpolation_duration: 1 }
$data merge entity $(bone_ear_edge_a1) { transformation: [-0.9687805368153211f,0.24791988925420674f,1.1435931901214846e-16f,0.20460387393137933f,0.23151123837842946f,0.9046615117073707f,0.3577570345078074f,2.2806458907138967f,0.08869508437508894f,0.346588051939931f,-0.9338147055279111f,0.2735374134309821f,0f,0f,0f,1f], start_interpolation: 0, interpolation_duration: 1 }
$data merge entity $(bone_ear_edge_a2) { transformation: [-0.9956364560563065f,0.09331691899992534f,1.1435931901214846e-16f,0.09086186713619154f,0.08714071123668728f,0.9297399640250726f,0.3577570345078074f,2.3000525400607796f,0.03338478421081846f,0.356195945966567f,-0.9338147055279111f,0.2809723630831711f,0f,0f,0f,1f], start_interpolation: 0, interpolation_duration: 1 }
$data merge entity $(bone_ear_edge_b1) { transformation: [-0.9434863923000305f,0.3314112664721478f,1.1435931901214846e-16f,0.06821975125145736f,0.3094767142093209f,0.8810414675952442f,0.3577570345078074f,2.29798277325713f,0.11856471189555223f,0.3375388938077288f,-0.9338147055279111f,0.280179407447098f,0f,0f,0f,1f], start_interpolation: 0, interpolation_duration: 1 }
$data merge entity $(bone_ear_edge_b2) { transformation: [-0.9997205948999675f,0.023637515369747786f,1.1435931901214846e-16f,0.09813344156211651f,0.02207305945441254f,0.9335537929367012f,0.3577570345078074f,2.3047448270464397f,0.008456487401813588f,0.3576570753677934f,-0.9338147055279111f,0.2827700416452155f,0f,0f,0f,1f], start_interpolation: 0, interpolation_duration: 1 }
$data merge entity $(bone_ear_right_2) { transformation: [-0.983714653363786f,0.179737254784216f,1.1435931901214846e-16f,0.16544088232644852f,0.16784129164871786f,0.918607209354395f,0.3577570345078074f,2.4082675853337108f,0.06430226726217524f,0.3519308371893038f,-0.9338147055279111f,0.2889661263445368f,0f,0f,0f,1f], start_interpolation: 0, interpolation_duration: 1 }
$data merge entity $(bone_ear_right_1) { transformation: [-0.983714653363786f,0.179737254784216f,1.1435931901214846e-16f,0.12499999999999997f,0.16784129164871786f,0.918607209354395f,0.3577570345078074f,2.2015809632289725f,0.06430226726217524f,0.3519308371893038f,-0.9338147055279111f,0.20978168797694358f,0f,0f,0f,1f], start_interpolation: 0, interpolation_duration: 1 }
$data merge entity $(bone_ear_edge_a3) { transformation: [-0.9687805368153211f,-0.24791988925420685f,1.1435931901214846e-16f,-0.20460387393137938f,-0.23151123837842946f,0.9046615117073707f,0.3577570345078074f,2.2806458907138967f,-0.08869508437508919f,0.346588051939931f,-0.9338147055279111f,0.27353741343098203f,0f,0f,0f,1f], start_interpolation: 0, interpolation_duration: 1 }
$data merge entity $(bone_ear_edge_a4) { transformation: [-0.9956364560563065f,-0.09331691899992545f,1.1435931901214846e-16f,-0.09086186713619163f,-0.08714071123668728f,0.9297399640250726f,0.3577570345078074f,2.3000525400607796f,-0.03338478421081871f,0.35619594596656706f,-0.9338147055279111f,0.2809723630831711f,0f,0f,0f,1f], start_interpolation: 0, interpolation_duration: 1 }
$data merge entity $(bone_ear_edge_b3) { transformation: [-0.9434863923000305f,-0.3314112664721479f,1.1435931901214846e-16f,-0.06821975125145743f,-0.3094767142093209f,0.8810414675952442f,0.3577570345078074f,2.29798277325713f,-0.11856471189555248f,0.3375388938077287f,-0.9338147055279111f,0.280179407447098f,0f,0f,0f,1f], start_interpolation: 0, interpolation_duration: 1 }
$data merge entity $(bone_ear_edge_b4) { transformation: [-0.9997205948999675f,-0.023637515369747897f,1.1435931901214846e-16f,-0.09813344156211658f,-0.02207305945441254f,0.9335537929367012f,0.3577570345078074f,2.3047448270464397f,-0.008456487401813838f,0.35765707536779345f,-0.9338147055279111f,0.2827700416452155f,0f,0f,0f,1f], start_interpolation: 0, interpolation_duration: 1 }
$data merge entity $(bone_ear_left_2) { transformation: [-0.983714653363786f,-0.17973725478421612f,1.1435931901214846e-16f,-0.1654408823264486f,-0.16784129164871786f,0.918607209354395f,0.3577570345078074f,2.4082675853337108f,-0.06430226726217549f,0.3519308371893038f,-0.9338147055279111f,0.2889661263445368f,0f,0f,0f,1f], start_interpolation: 0, interpolation_duration: 1 }
$data merge entity $(bone_ear_left_1) { transformation: [-0.983714653363786f,-0.17973725478421612f,1.1435931901214846e-16f,-0.12500000000000003f,-0.16784129164871786f,0.918607209354395f,0.3577570345078074f,2.2015809632289725f,-0.06430226726217549f,0.3519308371893038f,-0.9338147055279111f,0.20978168797694352f,0f,0f,0f,1f], start_interpolation: 0, interpolation_duration: 1 }
$data merge entity $(bone_head) { transformation: [-1f,-4.381260071824356e-17f,1.1435931901214846e-16f,-6.8106181210990824e-18f,0f,0.9338147055279111f,0.3577570345078074f,1.711821019317549f,-1.2246467991473532e-16f,0.3577570345078074f,-0.9338147055279111f,0.055612917339439405f,0f,0f,0f,1f], start_interpolation: 0, interpolation_duration: 1 }
$data merge entity $(bone_body_1) { transformation: [-1f,-1.3419950832802714e-17f,1.2172716519439584e-16f,-1.7781365587980647e-18f,0f,0.9939777352878154f,0.10958221457930728f,1.339079368584618f,-1.2246467991473532e-16f,0.10958221457930728f,-0.9939777352878154f,0.014519586872199175f,0f,0f,0f,1f], start_interpolation: 0, interpolation_duration: 1 }
$data merge entity $(bone_leg_left_2) { transformation: [-0.9966011651195245f,-0.07674014923720729f,0.029951079737758464f,0.1459545474492951f,-0.07929118837424806f,0.7950146613958268f,-0.6013855631887736f,0.9086726644756566f,0.02233887035205499f,-0.6017164096654919f,-0.7983973554632204f,0.39488731815163064f,0f,0f,0f,1f], start_interpolation: 0, interpolation_duration: 1 }
$data merge entity $(bone_leg_left_1) { transformation: [-0.9966011651195245f,-0.058349019693500016f,0.058150748776038645f,0.12499999999999999f,-0.07929118837424806f,0.4880281045953052f,-0.8692188887566314f,1.0829898271345495f,0.02233887035205499f,-0.8708753992540618f,-0.49099594076272424f,0.07877861122144587f,0f,0f,0f,1f], start_interpolation: 0, interpolation_duration: 1 }
$data merge entity $(bone_leg_right_2) { transformation: [-0.9968512093147549f,0.0792195632637283f,0.0034535900183474584f,-0.12544008605804488f,0.07632362381816137f,0.9703993438796671f,-0.229128387253032f,1.1789886042925162f,-0.02150281225734134f,-0.2281433194161419f,-0.9733900836102706f,0.31927380659048576f,0f,0f,0f,1f], start_interpolation: 0, interpolation_duration: 1 }
$data merge entity $(bone_leg_right_1) { transformation: [-0.9968512093147549f,0.022086895853819084f,-0.0761566511819764f,-0.12499999999999999f,0.07632362381816137f,0.006816786172014477f,-0.9970597955356282f,1.0941250743688673f,-0.02150281225734134f,-0.9997328145348773f,-0.00848107346967053f,-0.002348889556029965f,0f,0f,0f,1f], start_interpolation: 0, interpolation_duration: 1 }
$data merge entity $(bone_skirt_forward_right) { transformation: [-0.9842659118937924f,0.17669356152356352f,7.06806585554207e-17f,-0.006693070023148151f,0.10197893220872671f,0.5680704256504103f,-0.8166371831400586f,1.267337772837623f,-0.14429453236158757f,-0.8037881417497278f,-0.5771513762550259f,0.020988709499713137f,0f,0f,0f,1f], start_interpolation: 0, interpolation_duration: 1 }
$data merge entity $(bone_skirt_forward_left) { transformation: [-0.9842659118937924f,-0.176684905735914f,-0.0017489336672466289f,-0.006693070023148151f,-0.10197893220872671f,0.5761257682122561f,-0.8109743501414861f,1.2698766293084454f,0.14429453236158735f,-0.7980360538765958f,-0.585079092639296f,0.020200411924940653f,0f,0f,0f,1f], start_interpolation: 0, interpolation_duration: 1 }
$data merge entity $(bone_skirt_forward) { transformation: [-1f,1.0000921123971835e-16f,7.06806585554207e-17f,-0.006693070023148151f,0f,0.5771513762550259f,-0.8166371831400586f,1.267337772837623f,-1.2246467991473532e-16f,-0.8166371831400586f,-0.5771513762550259f,0.020988709499713137f,0f,0f,0f,1f], start_interpolation: 0, interpolation_duration: 1 }
$data merge entity $(bone_skirt_back_right) { transformation: [-0.983714653363786f,0.1797372547842161f,1.2027106618432285e-16f,-0.006693070023148152f,0.17651776235394306f,0.9660941445613368f,-0.1884239459778282f,1.2753199962889616f,-0.03386680278566439f,-0.18535539670301598f,-0.9820877845600893f,0.03574810810780635f,0f,0f,0f,1f], start_interpolation: 0, interpolation_duration: 1 }
$data merge entity $(bone_skirt_back_left) { transformation: [-0.983714653363786f,-0.17973725478421604f,1.2027106618432285e-16f,-0.006693070023148152f,-0.17651776235394306f,0.9660941445613368f,-0.1884239459778282f,1.2753199962889616f,0.03386680278566415f,-0.18535539670301604f,-0.9820877845600893f,0.03574810810780635f,0f,0f,0f,1f], start_interpolation: 0, interpolation_duration: 1 }
$data merge entity $(bone_skirt_back) { transformation: [-1f,2.307527823244611e-17f,1.2027106618432285e-16f,-0.006693070023148152f,0f,0.9820877845600893f,-0.1884239459778282f,1.2753199962889616f,-1.2246467991473532e-16f,-0.1884239459778282f,-0.9820877845600893f,0.03574810810780635f,0f,0f,0f,1f], start_interpolation: 0, interpolation_duration: 1 }
$data merge entity $(bone_skirt_right) { transformation: [-0.975427511061482f,0.21630046313394233f,-0.04189606559624171f,-0.20044307002314815f,0.2120651756113725f,0.8701800176369829f,-0.44476409274829926f,1.3362629572985034f,-0.059745560147347f,-0.44271982850708425f,-0.8946673244783994f,0.035281452781103076f,0f,0f,0f,1f], start_interpolation: 0, interpolation_duration: 1 }
$data merge entity $(bone_skirt_left) { transformation: [-0.985037086465354f,-0.16939730998972638f,0.03172522113541768f,0.18705692997685186f,-0.16588481363537497f,0.8820062852187177f,-0.44107498391978067f,1.336158593937422f,0.04673507133838058f,-0.43973794946868344f,-0.8969093426339554f,0.03616143123311958f,0f,0f,0f,1f], start_interpolation: 0, interpolation_duration: 1 }
$data merge entity $(bone_coat_downer) { transformation: [-1f,4.335661698096521e-17f,1.145329716308123e-16f,-0.007812500000000007f,0f,0.9352326867677654f,-0.3540336447304788f,1.1612928686444521f,-1.2246467991473532e-16f,-0.3540336447304788f,-0.9352326867677654f,0.0605907848013028f,0f,0f,0f,1f], start_interpolation: 0, interpolation_duration: 1 }
$data merge entity $(bone_body_2) { transformation: [-1f,3.3209425752052175e-17f,1.1787591725130926e-16f,0f,0f,0.9625299093042914f,-0.2711755403694671f,1.3763581452546296f,-1.2246467991473532e-16f,-0.2711755403694671f,-0.9625299093042914f,0f,0f,0f,0f,1f], start_interpolation: 0, interpolation_duration: 1 }
$data merge entity $(bone_book_left) { transformation: [0.8672348987016645f,0.26689925519942415f,-0.42031942382895743f,-1.4523321663137811f,-0.20012757091097283f,0.959847208161298f,0.19657642876559614f,2.331322337962963f,0.4559085279254906f,-0.08636043399007776f,0.8858268959598472f,-0.6188841019746354f,0f,0f,0f,1f], start_interpolation: 0, interpolation_duration: 1 }
$data merge entity $(bone_book_right) { transformation: [-0.43577713236852134f,0.26689925519942415f,-0.8595714504790519f,-1.4234707850751078f,0.20012757091097277f,0.959847208161298f,0.1965764287655962f,2.331322337962963f,0.8775233593847755f,-0.08636043399007776f,-0.4716933635054703f,-0.5296872232568465f,0f,0f,0f,1f], start_interpolation: 0, interpolation_duration: 1 }
$data merge entity $(bone_book_loot_1) { transformation: [0.3078547332125171f,0.26689925519942415f,-0.9132306668156971f,-1.30091687567209f,-2.7755575615628914e-17f,0.959847208161298f,0.2805233269889724f,2.2892438389146172f,0.9514333729897486f,-0.08636043399007776f,0.29549350619327563f,-0.6186096885447323f,0f,0f,0f,1f], start_interpolation: 0, interpolation_duration: 1 }
$data merge entity $(bone_book_left2) { transformation: [0.7998366500927361f,-0.10121496712518635f,0.5916222304801243f,1.4600890367236303f,0.06785373695356386f,0.994608243982938f,0.0784239209846914f,2.2760215091895617f,-0.596370022343399f,-0.02258254704465395f,0.8023919397770078f,-0.4539172852052114f,0f,0f,0f,1f], start_interpolation: 0, interpolation_duration: 1 }
$data merge entity $(bone_book_right2) { transformation: [-0.5456492642022202f,-0.10121496712518635f,0.8318788438861894f,1.4436938752410688f,-0.07447903849612122f,0.994608243982938f,0.07216171994811275f,2.2764488430963183f,-0.8346974022364444f,-0.02258254704465395f,-0.5502456499316526f,-0.3616130135505753f,0f,0f,0f,1f], start_interpolation: 0, interpolation_duration: 1 }
$data merge entity $(bone_book_loot_2) { transformation: [0.1748817224806566f,-0.10121496712518635f,0.9793732248596781f,1.3049854722533978f,-0.004558228338739173f,0.994608243982938f,0.10360339548291106f,2.2606946668205032f,-0.984578897649452f,-0.02258254704465395f,0.1734774419697428f,-0.4337867656733548f,0f,0f,0f,1f], start_interpolation: 0, interpolation_duration: 1 }
$data merge entity $(bone_air_staff_povit_1) { transformation: [-0.000015625f,0f,1.9135106236677393e-21f,-0.007217500000000084f,0f,0.000015625f,0f,1.5424806452546296f,-1.9135106236677393e-21f,0f,-0.000015625f,0.6875f,0f,0f,0f,1f], start_interpolation: 0, interpolation_duration: 1 }