# This file was generated by Animated Java via MC-Build. It is not recommended to edit this file directly.
$data merge entity $(bone_wing_right_1) { transformation: [-0.7930251436742457f,-0.19507349202575724f,-0.0013779164572654463f,0.14405901001628765f,-0.191906755410907f,0.7790766584164435f,0.15217030585094826f,1.3766578549084123f,-0.035033743341879926f,0.14808895118809384f,-0.8023632243615795f,-0.5706156069823647f,0f,0f,0f,1f], start_interpolation: 0, interpolation_duration: 1 }
$data merge entity $(bone_wing_right_2) { transformation: [-0.7908353559177002f,0.12073780634936615f,-0.001349795713239621f,0.14405901001628765f,0.1183748632589805f,0.7770245043163426f,0.14906478940501056f,1.3766578549084123f,0.023808225027124458f,0.14715740487615783f,-0.785988464680731f,-0.5706156069823647f,0f,0f,0f,1f], start_interpolation: 0, interpolation_duration: 1 }
$data merge entity $(bone_wing_left_1) { transformation: [-0.7165950525122645f,0.07111327918433062f,0.385199788010119f,0.089787311771092f,0.1635164632548296f,0.7840826329137558f,0.15944038212482112f,1.3756372078788612f,-0.35594710478387254f,0.21702942365294267f,-0.7022423600932196f,-0.5846715891842017f,0f,0f,0f,1f], start_interpolation: 0, interpolation_duration: 1 }
$data merge entity $(bone_wing_left_2) { transformation: [-0.6751948171885015f,-0.204273258301784f,0.3773385678466472f,0.089787311771092f,-0.1459453906202663f,0.7709122655540944f,0.15618649677533497f,1.3756372078788612f,-0.40349956852329355f,0.06298186057133003f,-0.6879108833566233f,-0.5846715891842017f,0f,0f,0f,1f], start_interpolation: 0, interpolation_duration: 1 }
$data merge entity $(bone_staff) { transformation: [0.9442883973535778f,-1.2399453878874174f,0.11072988611995122f,-0.8041921056118762f,-0.32436369912141616f,-0.3792478478900317f,-1.4806638749436194f,1.3960733472181572f,1.201879304803808f,0.8718444556957993f,-0.48660007373284575f,-0.1559058473322597f,0f,0f,0f,1f], start_interpolation: 0, interpolation_duration: 1 }
$data merge entity $(bone_arm_right_2) { transformation: [-0.8719124684603439f,-0.08551218502932766f,-0.4821372351881773f,-0.596189809462407f,-0.23796351366603952f,0.9345402084008791f,0.26459018319989536f,1.4809110395855962f,0.4279509475478498f,0.3454305503188038f,-0.8351860399930939f,-0.264816899758782f,0f,0f,0f,1f], start_interpolation: 0, interpolation_duration: 1 }
$data merge entity $(bone_arm_right_1) { transformation: [-0.9817223875748372f,-0.08551218502932766f,-0.17002593903834531f,-0.27160130314537956f,-0.13819662109755787f,0.9345402084008791f,0.32792726754458773f,1.5183190255397587f,0.1308542993240158f,0.3454305503188038f,-0.9292765397097192f,-0.27834801155357375f,0f,0f,0f,1f], start_interpolation: 0, interpolation_duration: 1 }
$data merge entity $(bone_arm_left_2) { transformation: [-0.4917400181104615f,0.06661479495268696f,0.8681902001762831f,0.5898622841997265f,0.29535548759927044f,0.9507180697938606f,0.09434133618108824f,1.4669663323966218f,-0.8191195825602758f,0.3028161502642278f,-0.4871811661029524f,0.03725997249582136f,0f,0f,0f,1f], start_interpolation: 0, interpolation_duration: 1 }
$data merge entity $(bone_arm_left_1) { transformation: [-0.8479219086194193f,0.06661479495268696f,0.5259191059246779f,0.3045935411896301f,0.21390651219785395f,0.9507180697938606f,0.22445301469747572f,1.5279496835256805f,-0.485048905701838f,0.3028161502642278f,-0.8203840187476853f,-0.12276571290805435f,0f,0f,0f,1f], start_interpolation: 0, interpolation_duration: 1 }
$data merge entity $(bone_himo_right_2) { transformation: [-0.7594785110644383f,-0.5028878162606938f,0.4126696444953209f,-0.09819509009519443f,-0.618919645047409f,0.36323123102856963f,-0.6964205236635832f,1.174549172688211f,0.20032689336615042f,-0.7843257722796191f,-0.5871134632524164f,0.006831829639587811f,0f,0f,0f,1f], start_interpolation: 0, interpolation_duration: 1 }
$data merge entity $(bone_himo_right_1) { transformation: [-0.879707451028409f,-0.409241631145289f,0.24214889622429125f,-0.1734144653335343f,-0.4719301837534971f,0.813806508281373f,-0.3391177800429671f,1.3250184068656998f,-0.05828123426532589f,-0.41260181097084747f,-0.9090451272165136f,-0.07621254196254929f,0f,0f,0f,1f], start_interpolation: 0, interpolation_duration: 1 }
$data merge entity $(bone_himo_left_2) { transformation: [-0.5883097125050223f,-0.6712305647431691f,0.4509337103464589f,0.2329776708452613f,-0.7553737272892705f,0.2571398245130486f,-0.6027351348399346f,1.1991248743655671f,0.2886212298036531f,-0.6952184114391425f,-0.6583077897933931f,0.08627573476676824f,0f,0f,0f,1f], start_interpolation: 0, interpolation_duration: 1 }
$data merge entity $(bone_himo_left_1) { transformation: [-0.7905330168181391f,-0.5623442355749996f,0.242541769672733f,0.12905401273540346f,-0.612120051505436f,0.7131576294886814f,-0.34163611935371774f,1.3307067041487342f,0.019146588870979697f,-0.41853931263102917f,-0.9079968347505136f,0.0021246334312595705f,0f,0f,0f,1f], start_interpolation: 0, interpolation_duration: 1 }
$data merge entity $(bone_ponpon1) { transformation: [-0.9904278507170717f,0.0178469936470496f,0.1368727779425986f,0.31083436360438665f,0.03214937275240104f,0.9941609437079775f,0.10300696984811815f,2.0457203562183692f,-0.13423520535086497f,0.10642134571328311f,-0.9852184563948168f,-0.07697778060089787f,0f,0f,0f,1f], start_interpolation: 0, interpolation_duration: 1 }
$data merge entity $(bone_ponpon2) { transformation: [-0.9904278507170717f,0.0178469936470496f,0.1368727779425986f,0.3585763567325142f,0.03214937275240104f,0.9941609437079775f,0.10300696984811815f,1.929901540199918f,-0.13423520535086497f,0.10642134571328311f,-0.9852184563948168f,-0.1776108589014149f,0f,0f,0f,1f], start_interpolation: 0, interpolation_duration: 1 }
$data merge entity $(bone_ponpon3) { transformation: [-0.9904278507170717f,0.0178469936470496f,0.1368727779425986f,-0.27104199869189305f,0.03214937275240104f,0.9941609437079775f,0.10300696984811815f,2.064608112710405f,-0.13423520535086497f,0.10642134571328311f,-0.9852184563948168f,-0.15584096374453105f,0f,0f,0f,1f], start_interpolation: 0, interpolation_duration: 1 }
$data merge entity $(bone_ponpon4) { transformation: [-0.9904278507170717f,0.0178469936470496f,0.1368727779425986f,-0.2975820943675458f,0.03214937275240104f,0.9941609437079775f,0.10300696984811815f,1.9512004996483836f,-0.13423520535086497f,0.10642134571328311f,-0.9852184563948168f,-0.2665416824463629f,0f,0f,0f,1f], start_interpolation: 0, interpolation_duration: 1 }
$data merge entity $(bone_ear_edge_a1) { transformation: [-0.975615952748451f,0.17157900629449932f,0.1368727779425986f,0.21806281540861705f,0.18628781199526087f,0.9770805572033083f,0.10300696984811815f,2.1573638564962287f,-0.11606189661017124f,0.12599297335274265f,-0.9852184563948168f,-0.10039679056662734f,0f,0f,0f,1f], start_interpolation: 0, interpolation_duration: 1 }
$data merge entity $(bone_ear_edge_a2) { transformation: [-0.9904453714900764f,0.016846624355057627f,0.1368727779425986f,0.10414812332277236f,0.031145225635387977f,0.9941929083849019f,0.10300696984811815f,2.1709701821540497f,-0.13434262545448883f,0.10628571006965108f,-0.9852184563948168f,-0.1147999657054819f,0f,0f,0f,1f], start_interpolation: 0, interpolation_duration: 1 }
$data merge entity $(bone_ear_edge_b1) { transformation: [-0.9569493437682317f,0.25595662937268593f,0.1368727779425986f,0.08195228559114995f,0.27073711231614084f,0.9571264180751813f,0.10300696984811815f,2.1673712567547208f,-0.10463923487998075f,0.13562899285457822f,-0.9852184563948168f,-0.11825982818274205f,0f,0f,0f,1f], start_interpolation: 0, interpolation_duration: 1 }
$data merge entity $(bone_ear_edge_b2) { transformation: [-0.9892078574542376f,-0.05228438972650086f,0.1368727779425986f,0.11095008374549682f,-0.03828203407925325f,0.9939436855423269f,0.10300696984811815f,2.1764078002098404f,-0.14142948991476778f,0.09665553559658963f,-0.9852184563948168f,-0.1132864782469859f,0f,0f,0f,1f], start_interpolation: 0, interpolation_duration: 1 }
$data merge entity $(bone_ear_right_2) { transformation: [-0.9852081477694675f,0.10310551986644952f,0.1368727779425986f,0.17422554394917952f,0.11767633001358521f,0.9876952189401561f,0.10300696984811815f,2.2819559853541405f,-0.12456800120090426f,0.11758999215845929f,-0.9852184563948168f,-0.12517938705882364f,0f,0f,0f,1f], start_interpolation: 0, interpolation_duration: 1 }
$data merge entity $(bone_ear_right_1) { transformation: [-0.9852081477694675f,0.10310551986644952f,0.1368727779425986f,0.1510268019792284f,0.11767633001358521f,0.9876952189401561f,0.10300696984811815f,2.059724561092606f,-0.12456800120090426f,0.11758999215845929f,-0.9852184563948168f,-0.15163713529447695f,0f,0f,0f,1f], start_interpolation: 0, interpolation_duration: 1 }
$data merge entity $(bone_ear_edge_a3) { transformation: [-0.9805162595518297f,-0.14558356576501114f,0.13188362344746696f,-0.16932848294046315f,-0.12210927089056788f,0.9776180197608986f,0.17132522698468472f,2.1667388761825026f,-0.15387394424353482f,0.15188295762831489f,-0.9763474670756376f,-0.14564757793547345f,0f,0f,0f,1f], start_interpolation: 0, interpolation_duration: 1 }
$data merge entity $(bone_ear_edge_a4) { transformation: [-0.9912187645523969f,0.009595346037871683f,0.13188362344746696f,-0.05505824170902881f,0.03232724879779888f,0.9846840181417651f,0.17132522698468472f,2.1729382993866135f,-0.1282197714254122f,0.17408421453595962f,-0.9763474670756376f,-0.12912426876793265f,0f,0f,0f,1f], start_interpolation: 0, interpolation_duration: 1 }
$data merge entity $(bone_ear_edge_b3) { transformation: [-0.9622498678057948f,-0.24214735689006672f,0.12425719077335096f,-0.03128222838026627f,-0.2037319060118214f,0.9435708110773781f,0.26108894069946703f,2.167586540924404f,-0.1804674551838104f,0.22591764436168787f,-0.9572840307795516f,-0.13846961759850562f,0f,0f,0f,1f], start_interpolation: 0, interpolation_duration: 1 }
$data merge entity $(bone_ear_edge_b4) { transformation: [-0.9899816555028574f,0.06705574031309108f,0.12425719077335096f,-0.06018565593610083f,0.09781885922928818f,0.9603457897150961f,0.26108894069946703f,2.1781263803724435f,-0.10182235779484942f,0.27062795839963094f,-0.9572840307795516f,-0.139346706496034f,0f,0f,0f,1f], start_interpolation: 0, interpolation_duration: 1 }
$data merge entity $(bone_ear_left_2) { transformation: [-0.9882831674069995f,-0.0886370778010162f,0.12425719077335096f,-0.1138672650301963f,-0.05361663311663406f,0.9638245803556096f,0.26108894069946703f,2.2891066675791096f,-0.14290429550305533f,0.2513675530796092f,-0.9572840307795516f,-0.14869043315324199f,0f,0f,0f,1f], start_interpolation: 0, interpolation_duration: 1 }
$data merge entity $(bone_ear_left_1) { transformation: [-0.9882831674069995f,-0.07683157480069686f,0.13188362344746696f,-0.09658016070003954f,-0.05361663311663406f,0.983754503548463f,0.17132522698468472f,2.067761904280706f,-0.14290429550305533f,0.16224668212867221f,-0.9763474670756376f,-0.1851959366321932f,0f,0f,0f,1f], start_interpolation: 0, interpolation_duration: 1 }
$data merge entity $(bone_head) { transformation: [-0.9904278507170717f,0.0178469936470496f,0.1368727779425986f,0.013799462084775296f,0.03214937275240104f,0.9941609437079775f,0.10300696984811815f,1.5510167812285636f,-0.13423520535086497f,0.10642134571328311f,-0.9852184563948168f,-0.19216939887905465f,0f,0f,0f,1f], start_interpolation: 0, interpolation_duration: 1 }
$data merge entity $(bone_body_1) { transformation: [-0.9678991298206007f,-0.06661532609515412f,0.2423503101334106f,0.03878020937045809f,-0.01820255130570933f,0.980283663377675f,0.19675519419016207f,1.1834104074619354f,-0.2506789612601884f,0.18602778729018324f,-0.9500282736515959f,-0.2619298191128734f,0f,0f,0f,1f], start_interpolation: 0, interpolation_duration: 1 }
$data merge entity $(bone_leg_left_2) { transformation: [-0.9735366479214524f,-0.21585196326999284f,0.0750621416317948f,0.20628914324119635f,-0.18084126013934476f,0.9284565455796768f,0.3244454986611268f,0.592486179965709f,-0.1397241345833847f,0.3022852509183057f,-0.942921414165667f,-0.17598636942604123f,0f,0f,0f,1f], start_interpolation: 0, interpolation_duration: 1 }
$data merge entity $(bone_leg_left_1) { transformation: [-0.9735366479214524f,-0.12505932347337362f,0.1912761374720957f,0.171225753864493f,-0.18084126013934476f,0.9333074996989381f,-0.3102153278562012f,0.8910559526224333f,-0.1397241345833847f,-0.3365966081500209f,-0.9312249403859552f,-0.318110988250202f,0f,0f,0f,1f], start_interpolation: 0, interpolation_duration: 1 }
$data merge entity $(bone_leg_right_2) { transformation: [-0.9864880571004747f,0.12435251787314792f,0.10666660441177982f,-0.13608378620263162f,0.13199837331886927f,0.9889235615693858f,0.06787207683645768f,0.5411453705508933f,-0.09704505468751676f,0.08103481147957348f,-0.9919756129508261f,-0.23757168521654543f,0f,0f,0f,1f], start_interpolation: 0, interpolation_duration: 1 }
$data merge entity $(bone_leg_right_1) { transformation: [-0.9864880571004747f,0.15564957474446173f,0.05113240733623752f,-0.07544243788431623f,0.13199837331886927f,0.9399699730495658f,-0.3146948986023942f,0.9035076518923515f,-0.09704505468751676f,-0.3036933645094456f,-0.9478146431204943f,-0.3611301110622629f,0f,0f,0f,1f], start_interpolation: 0, interpolation_duration: 1 }
$data merge entity $(bone_skirt_forward_right) { transformation: [-0.9567656679146656f,0.27112240828924017f,0.10531902213392613f,0.04031239120545779f,0.20268076247724848f,0.8811708808095747f,-0.42715148054866864f,1.0510418171254476f,-0.20861439361042436f,-0.3873377318784229f,-0.898025342761458f,-0.2743732651877833f,0f,0f,0f,1f], start_interpolation: 0, interpolation_duration: 1 }
$data merge entity $(bone_skirt_forward_left) { transformation: [-0.9742412480793864f,-0.18715030472259986f,0.1258123761120405f,0.03523124683900208f,-0.22539820926086154f,0.825562607725783f,-0.5173413070565714f,1.01805136250644f,-0.0070454100460077f,-0.5323731249483232f,-0.8464804888655384f,-0.2853260408123898f,0f,0f,0f,1f], start_interpolation: 0, interpolation_duration: 1 }
$data merge entity $(bone_skirt_forward) { transformation: [-0.9931930209965316f,0.04975466430935674f,0.10531902213392613f,0.04104553827720374f,0f,0.904180077564796f,-0.42715148054866864f,1.064365130334356f,-0.11648014012604553f,-0.42424386938927344f,-0.898025342761458f,-0.28062460171806364f,0f,0f,0f,1f], start_interpolation: 0, interpolation_duration: 1 }
$data merge entity $(bone_skirt_back_right) { transformation: [-0.983080163348939f,0.14456620886714414f,0.11249001592854667f,0.040535657900331167f,0.1695053584475945f,0.9507521917184445f,0.25949605661768105f,1.0791997009638505f,-0.06943576806931653f,0.27417308619985936f,-0.9591703669923652f,-0.2762769967846826f,0f,0f,0f,1f], start_interpolation: 0, interpolation_duration: 1 }
$data merge entity $(bone_skirt_back_left) { transformation: [-0.9676222457696433f,-0.22594952048656286f,0.11249001592854667f,0.040620931290409466f,-0.19089407306186806f,0.9466896267889089f,0.25949605661768105f,1.0764751622975308f,-0.16512614075779325f,0.22962047975337238f,-0.9591703669923652f,-0.277004098725072f,0f,0f,0f,1f], start_interpolation: 0, interpolation_duration: 1 }
$data merge entity $(bone_skirt_back) { transformation: [-0.9931930209965316f,-0.030226137036983732f,0.11249001592854667f,0.04023873158308418f,0f,0.9657441672616374f,0.25949605661768105f,1.0886866843199074f,-0.11648014012604553f,0.2577296724088017f,-0.9591703669923652f,-0.27374519054096763f,0f,0f,0f,1f], start_interpolation: 0, interpolation_duration: 1 }
$data merge entity $(bone_skirt_right) { transformation: [-0.9656322844110766f,0.2249330431326574f,0.1302283279863791f,-0.15378740354514409f,0.2214042878988289f,0.9743131248832604f,-0.04115915427008672f,1.1261554552886097f,-0.1361412230114683f,-0.010911497940172363f,-0.9906293487524197f,-0.2827132146056997f,0f,0f,0f,1f], start_interpolation: 0, interpolation_duration: 1 }
$data merge entity $(bone_skirt_left) { transformation: [-0.96708014844251f,-0.22836004120365827f,0.11228391723606945f,0.23284516707265998f,-0.2384912875159662f,0.9672471293847007f,-0.08691890747146462f,1.1289446756340134f,-0.08875749133109688f,-0.11083628592893119f,-0.9898673777098074f,-0.2526717915042007f,0f,0f,0f,1f], start_interpolation: 0, interpolation_duration: 1 }
$data merge entity $(bone_coat_downer) { transformation: [-0.9931930209965316f,-0.01563121266585486f,0.11542654908805869f,0.03439884684566898f,0f,0.9909547581515035f,0.13419637587094252f,0.9662301994546304f,-0.11648014012604553f,0.13328290395804746f,-0.9842093499193793f,-0.29164270677061954f,0f,0f,0f,1f], start_interpolation: 0, interpolation_duration: 1 }
$data merge entity $(bone_body_2) { transformation: [-0.9931930209965316f,-0.016185737199609064f,0.11535009733454235f,0.03854166666666674f,0f,0.990298408035221f,0.13895705467124395f,1.1875f,-0.11648014012604553f,0.13801117691771297f,-0.9835574675645571f,-0.2598958333333333f,0f,0f,0f,1f], start_interpolation: 0, interpolation_duration: 1 }
$data merge entity $(bone_book_left) { transformation: [0.4229846939915166f,-0.6896325747280708f,-0.5877847059279744f,1.3097793401598217f,0.4938564074544639f,0.7193145413720012f,-0.4885616024484099f,0.8245515046296297f,0.7597300819798264f,-0.08362716331862242f,0.6448385069846613f,-0.5596810264399257f,0f,0f,0f,1f], start_interpolation: 0, interpolation_duration: 1 }
$data merge entity $(bone_book_right) { transformation: [-0.5923098336346909f,-0.6896325747280708f,-0.4166244986238532f,1.298493574796629f,-0.4938564074544639f,0.7193145413720012f,-0.4885616024484099f,0.8245515046296297f,0.636612055961726f,-0.08362716331862242f,-0.766636542149841f,-0.4666128041502152f,0f,0f,0f,1f], start_interpolation: 0, interpolation_duration: 1 }
$data merge entity $(bone_book_loot_1) { transformation: [-0.12038149720738878f,-0.6896325747280708f,-0.7140834734147261f,1.4112489784904343f,0f,0.7193145413720012f,-0.6946845259330221f,0.9287541835195829f,0.9927277044235785f,-0.08362716331862242f,-0.0865921614534076f,-0.5001580910770593f,0f,0f,0f,1f], start_interpolation: 0, interpolation_duration: 1 }
$data merge entity $(bone_book_left2) { transformation: [-0.299763166709754f,0.46119600001633954f,0.8351289082848641f,-0.7703994838340554f,-0.2365472126136102f,0.812117718700666f,-0.5333950010800227f,2.435696709461367f,-0.9242226247440992f,-0.3574395900587321f,-0.13434835082640129f,-0.46860591673008395f,0f,0f,0f,1f], start_interpolation: 0, interpolation_duration: 1 }
$data merge entity $(bone_book_right2) { transformation: [-0.8549026816788838f,0.46119600001633954f,-0.23757031470110435f,-0.6965220918732095f,0.5145660365662869f,0.812117718700666f,-0.2751119862617559f,2.417908614612707f,0.06605451438558824f,-0.3574395900587321f,-0.9315974133647699f,-0.4136989304831717f,0f,0f,0f,1f], start_interpolation: 0, interpolation_duration: 1 }
$data merge entity $(bone_book_loot_2) { transformation: [-0.7880255142490237f,0.46119600001633954f,0.407816182196698f,-0.7946332151831371f,0.18973967838570455f,0.812117718700666f,-0.5517822626892924f,2.509570001440431f,-0.5856745199670643f,-0.3574395900587321f,-0.7274766636257101f,-0.3320309240627713f,0f,0f,0f,1f], start_interpolation: 0, interpolation_duration: 1 }
$data merge entity $(bone_air_staff_povit_1) { transformation: [-0.000015518640953070807f,0f,0.0000018200021894694616f,-0.04870680029903203f,0f,0.000015625f,0f,1.3536225f,-0.0000018200021894694616f,0f,-0.000015518640953070807f,0.4220836731904224f,0f,0f,0f,1f], start_interpolation: 0, interpolation_duration: 1 }