# This file was generated by Animated Java via MC-Build. It is not recommended to edit this file directly.
$data merge entity $(bone_wing_right_1) { transformation: [-0.7297624217901908f,-0.2156665084196857f,0.2964442769449624f,0.3531506735444865f,-0.16916270991178975f,0.7839863852204293f,0.1539278071329179f,1.3254468843214957f,-0.32523104058908603f,0.07614295357753546f,-0.7452324907720232f,-0.3323617411641606f,0f,0f,0f,1f], start_interpolation: 0, interpolation_duration: 1 }
$data merge entity $(bone_wing_right_2) { transformation: [-0.7413007981479829f,0.07838509264125045f,0.290394393742004f,0.3531506735444865f,0.14079931638074122f,0.7729417876211143f,0.15078642331387876f,1.3254468843214957f,-0.26579819256699155f,0.19083178509016493f,-0.7300236644297371f,-0.3323617411641606f,0f,0f,0f,1f], start_interpolation: 0, interpolation_duration: 1 }
$data merge entity $(bone_wing_left_1) { transformation: [0.07337989063605323f,-0.09992855851149673f,0.8072014118474394f,0.306237506334727f,0.27774509267408337f,0.7648403815098231f,0.06943557266860707f,1.3332075166308364f,-0.7644720397700295f,0.2682870076059721f,0.10270845342096914f,-0.4102453233612505f,0f,0f,0f,1f], start_interpolation: 0, interpolation_duration: 1 }
$data merge entity $(bone_wing_left_2) { transformation: [0.10387119949620391f,-0.06292964719048026f,0.7907279136464713f,0.306237506334727f,-0.03535223121361736f,0.7963188435939211f,0.06801852016516612f,1.3332075166308364f,-0.7924398990860054f,-0.043773951634754754f,0.10061236253482692f,-0.4102453233612505f,0f,0f,0f,1f], start_interpolation: 0, interpolation_duration: 1 }
$data merge entity $(bone_staff) { transformation: [-0.9465256158992327f,-1.0730727905300406f,-0.6277023933924806f,-0.4429997021295402f,0.6627374136644718f,0.23193162700305756f,-1.3958485200497373f,1.5874535168792792f,1.0517959065217475f,-1.111813274169627f,0.3146472062553702f,-0.8951105884241644f,0f,0f,0f,1f], start_interpolation: 0, interpolation_duration: 1 }
$data merge entity $(bone_arm_right_2) { transformation: [-0.675878604060162f,-0.06813090037770257f,0.7338571339078268f,-0.2672719649337838f,0.14086533617815353f,0.9654200201220674f,0.21936531587952318f,1.57842765310833f,-0.7234259254665281f,0.25163935535053095f,-0.6429094533460108f,-0.7180167894180982f,0f,0f,0f,1f], start_interpolation: 0, interpolation_duration: 1 }
$data merge entity $(bone_arm_right_1) { transformation: [-0.5538605069854521f,-0.06813090037770257f,0.8298172806199816f,-0.10654334907077526f,0.17318845615752523f,0.9654200201220674f,0.1948587780965491f,1.519716928810058f,-0.8143981197519988f,0.25163935535053095f,-0.5229085363456769f,-0.43931994626756765f,0f,0f,0f,1f], start_interpolation: 0, interpolation_duration: 1 }
$data merge entity $(bone_arm_left_2) { transformation: [0.4924057877889422f,-0.08732586026833015f,0.8659738646635632f,0.18061483328615704f,0.3260546341815381f,0.9410084126671163f,-0.09050714236156981f,1.350927300120554f,-0.8069850777311152f,0.32692103238872555f,0.49183099017975207f,0.3924297408332863f,0f,0f,0f,1f], start_interpolation: 0, interpolation_duration: 1 }
$data merge entity $(bone_arm_left_1) { transformation: [0.03665296302596199f,-0.08732586026833015f,0.9955052759427312f,0.18864309705259136f,0.33098759381028003f,0.9410084126671163f,0.07035893712525217f,1.4518069265080915f,-0.942922994228637f,0.32692103238872555f,0.06339452292423453f,0.07552598795899904f,0f,0f,0f,1f], start_interpolation: 0, interpolation_duration: 1 }
$data merge entity $(bone_himo_right_2) { transformation: [-0.4884431750195387f,0.43099219061888244f,0.7587285393356236f,-0.22904292280747626f,0.08455943037964977f,0.8887939072620643f,-0.4504387784679538f,1.1289105796173062f,-0.8684888988989448f,-0.15585609400780578f,-0.47056977213791396f,-0.23692652681834905f,0f,0f,0f,1f], start_interpolation: 0, interpolation_duration: 1 }
$data merge entity $(bone_himo_right_1) { transformation: [-0.4984457076569266f,0.1251159812818227f,0.8578448972549012f,-0.2002221457092914f,0.07865678464572425f,0.9919762533654699f,-0.09897587073727288f,1.3142875279312238f,-0.8633452303381203f,0.018141223412211804f,-0.5042875263830409f,-0.23667684446845333f,0f,0f,0f,1f], start_interpolation: 0, interpolation_duration: 1 }
$data merge entity $(bone_himo_left_2) { transformation: [-0.4872623580332974f,0.4356403091982956f,0.7568308367432208f,-0.07055363959344166f,0.13399646039853982f,0.8937128168395433f,-0.4281615928798279f,1.1028597904769513f,-0.8629138676858156f,-0.1072143741218608f,-0.49384687397731314f,0.021970985505869463f,0f,0f,0f,1f], start_interpolation: 0, interpolation_duration: 1 }
$data merge entity $(bone_himo_left_1) { transformation: [-0.49778093169849674f,0.1367289004415338f,0.8564574430883448f,-0.03956411174135194f,0.12094922524198012f,0.9887895842521739f,-0.08755822627130994f,1.2877105986100381f,-0.8588279390836917f,0.06000304874306214f,-0.5087378550794075f,0.03004194555094733f,0f,0f,0f,1f], start_interpolation: 0, interpolation_duration: 1 }
$data merge entity $(bone_ponpon1) { transformation: [-0.9177475221298999f,-0.01714558936040214f,0.3967940453055126f,0.2828707091610601f,0.039162245560354164f,0.990292336146894f,0.13336943987059982f,2.009472289098461f,-0.3952287997440209f,0.13793881880823652f,-0.9081668779022327f,0.033971206548908894f,0f,0f,0f,1f], start_interpolation: 0, interpolation_duration: 1 }
$data merge entity $(bone_ponpon2) { transformation: [-0.9177475221298999f,-0.01714558936040214f,0.3967940453055126f,0.3566288816583734f,0.039162245560354164f,0.990292336146894f,0.13336943987059982f,1.8967205478594544f,-0.3952287997440209f,0.13793881880823652f,-0.9081668779022327f,-0.053590710615054216f,0f,0f,0f,1f], start_interpolation: 0, interpolation_duration: 1 }
$data merge entity $(bone_ponpon3) { transformation: [-0.9177475221298999f,-0.01714558936040214f,0.3967940453055126f,-0.256305960090256f,0.039162245560354164f,0.990292336146894f,0.13336943987059982f,2.032480108365169f,-0.3952287997440209f,0.13793881880823652f,-0.9081668779022327f,-0.1982257133007034f,0f,0f,0f,1f], start_interpolation: 0, interpolation_duration: 1 }
$data merge entity $(bone_ponpon4) { transformation: [-0.9177475221298999f,-0.01714558936040214f,0.3967940453055126f,-0.2513788517526852f,0.039162245560354164f,0.990292336146894f,0.13336943987059982f,1.922665535543189f,-0.3952287997440209f,0.13793881880823652f,-0.9081668779022327f,-0.31542979044546804f,0f,0f,0f,1f], start_interpolation: 0, interpolation_duration: 1 }
$data merge entity $(bone_ear_edge_a1) { transformation: [-0.9117241756238957f,0.08954424754804285f,0.40092499961212463f,0.19511544139762838f,0.19243333676189434f,0.9553477944264994f,0.2242320284595983f,2.117321540786759f,-0.3629441258453026f,0.2815890967624236f,-0.8882449786511103f,-0.0015666382564971104f,0f,0f,0f,1f], start_interpolation: 0, interpolation_duration: 1 }
$data merge entity $(bone_ear_edge_a2) { transformation: [-0.9145071445650437f,-0.05418327440740295f,0.40092499961212463f,0.08923189941199329f,0.04061484191306684f,0.9736890838605876f,0.2242320284595983f,2.131811999421169f,-0.4025259210980913f,0.22134529754485777f,-0.8882449786511103f,-0.04570101001072861f,0f,0f,0f,1f], start_interpolation: 0, interpolation_duration: 1 }
$data merge entity $(bone_ear_edge_b1) { transformation: [-0.9082508092534916f,0.11941625311033073f,0.4010239718314443f,0.07511305953783046f,0.26945536863934044f,0.9001535588263071f,0.342224158766986f,2.1291184435365436f,-0.32011602865494715f,0.4188834313092648f,-0.8497425487597766f,-0.07002162267286194f,0f,0f,0f,1f], start_interpolation: 0, interpolation_duration: 1 }
$data merge entity $(bone_ear_edge_b2) { transformation: [-0.900699502186552f,-0.16709332954199618f,0.4010239718314443f,0.10056681958908227f,-0.021895463029260334f,0.9393631959231546f,0.342224158766986f,2.137234028397768f,-0.4338905339594673f,0.2994605238885533f,-0.8497425487597766f,-0.054740621180369715f,0f,0f,0f,1f], start_interpolation: 0, interpolation_duration: 1 }
$data merge entity $(bone_ear_right_2) { transformation: [-0.9157495523081953f,-0.02413568859329519f,0.4010239718314443f,0.15481559670885145f,0.12532288548678794f,0.9312232812432764f,0.342224158766986f,2.2437107524794535f,-0.3817026746311914f,0.3636491014792052f,-0.8497425487597766f,-0.023032232052376332f,0f,0f,0f,1f], start_interpolation: 0, interpolation_duration: 1 }
$data merge entity $(bone_ear_right_1) { transformation: [-0.9157495523081953f,0.025727458742701402f,0.40092499961212463f,0.14902691849174365f,0.12532288548678794f,0.9664440862182143f,0.2242320284595983f,2.0262608330803555f,-0.3817026746311914f,0.25558545749021655f,-0.8882449786511103f,-0.08053895998767496f,0f,0f,0f,1f], start_interpolation: 0, interpolation_duration: 1 }
$data merge entity $(bone_ear_edge_a3) { transformation: [-0.9037663661183861f,-0.16050184137028956f,0.3967940453055126f,-0.15904787929794217f,-0.11623575850709436f,0.9842265191270163f,0.13336943987059982f,2.1372758525912543f,-0.41194126270312786f,0.07441315719591202f,-0.9081668779022327f,-0.16442908652283f,0f,0f,0f,1f], start_interpolation: 0, interpolation_duration: 1 }
$data merge entity $(bone_ear_edge_a4) { transformation: [-0.9177475221298999f,-0.01714558936040214f,0.3967940453055126f,-0.053509902645403534f,0.03916224556035417f,0.9902923361468942f,0.13336943987059982f,2.1427445037786272f,-0.395228799744021f,0.1379388188082365f,-0.9081668779022327f,-0.11751459022073749f,0f,0f,0f,1f], start_interpolation: 0, interpolation_duration: 1 }
$data merge entity $(bone_ear_edge_b3) { transformation: [-0.8863386050437854f,-0.23865951231644475f,0.3967940453055126f,-0.03293658771282626f,-0.20157443965989721f,0.9703506262091044f,0.13336943987059982f,2.137592006028788f,-0.41685923581568285f,0.03822694594753591f,-0.9081668779022327f,-0.10928242133138068f,0f,0f,0f,1f], start_interpolation: 0, interpolation_duration: 1 }
$data merge entity $(bone_ear_edge_b4) { transformation: [-0.9167079511458671f,0.04691500736473589f,0.3967940453055126f,-0.05982132884115124f,0.10814614964389604f,0.9851482136337673f,0.13336943987059982f,2.148636008445679f,-0.38464391665948217f,0.1651725741706664f,-0.9081668779022327f,-0.11940696231251424f,0f,0f,0f,1f], start_interpolation: 0, interpolation_duration: 1 }
$data merge entity $(bone_ear_left_2) { transformation: [-0.9127608791570909f,-0.09706731216254513f,0.3967940453055126f,-0.10225010727730394f,-0.04729644270160431f,0.9899371894299034f,0.13336943987059982f,2.258787262092172f,-0.4057469950451244f,0.10296746036084756f,-0.9081668779022327f,-0.15617848134248952f,0f,0f,0f,1f], start_interpolation: 0, interpolation_duration: 1 }
$data merge entity $(bone_ear_left_1) { transformation: [-0.9127608791570909f,-0.09706731216254513f,0.3967940453055126f,-0.08040996204073131f,-0.04729644270160431f,0.9899371894299034f,0.13336943987059982f,2.036051394470444f,-0.4057469950451244f,0.10296746036084756f,-0.9081668779022327f,-0.1793461599236802f,0f,0f,0f,1f], start_interpolation: 0, interpolation_duration: 1 }
$data merge entity $(bone_head) { transformation: [-0.9177475221298999f,-0.01714558936040214f,0.3967940453055126f,0.030695778856915004f,0.039162245560354164f,0.990292336146894f,0.13336943987059982f,1.51946349650416f,-0.3952287997440209f,0.13793881880823652f,-0.9081668779022327f,-0.17225598966045405f,0f,0f,0f,1f], start_interpolation: 0, interpolation_duration: 1 }
$data merge entity $(bone_body_1) { transformation: [-0.5141057086974062f,-0.10489975699972257f,0.8512880600984232f,0.07003318773181097f,0.08504617382779371f,0.9813681633385423f,0.17228951303776127f,1.1514504352522066f,-0.853500128062082f,0.16097381453806509f,-0.4956056521379413f,-0.23262117011222846f,0f,0f,0f,1f], start_interpolation: 0, interpolation_duration: 1 }
$data merge entity $(bone_leg_left_2) { transformation: [-0.6969089525248908f,-0.44172466207739175f,0.5649754284951456f,0.16808956015658014f,-0.20270219552591487f,0.8769992005198322f,0.4356423099476786f,0.5566945651836206f,-0.6879169512518449f,0.18908126612699985f,-0.700727153020473f,-0.067591170124255f,0f,0f,0f,1f], start_interpolation: 0, interpolation_duration: 1 }
$data merge entity $(bone_leg_left_1) { transformation: [-0.6969089525248908f,0.033022224399655575f,0.7163989423403402f,0.20745487000407353f,-0.20270219552591487f,0.9491368690700136f,-0.24093780048167152f,0.8589291519188005f,-0.6879169512518449f,-0.3131273486421631f,-0.6547683038393779f,-0.19652773868142498f,0f,0f,0f,1f], start_interpolation: 0, interpolation_duration: 1 }
$data merge entity $(bone_leg_right_2) { transformation: [-0.7351451904249444f,0.07647950458897626f,0.6735817948645116f,-0.09347282459792303f,0.13990570808921987f,0.9893418817383118f,0.040361291884058514f,0.5102544601977854f,-0.6633158688280617f,0.12390934757443006f,-0.7380098452897174f,-0.311940434282333f,0f,0f,0f,1f], start_interpolation: 0, interpolation_duration: 1 }
$data merge entity $(bone_leg_right_1) { transformation: [-0.7351451904249444f,0.3207774893345071f,0.5972129865728997f,0.034389686464456115f,0.13990570808921987f,0.933788173221218f,-0.3293418291019749f,0.8714254182221377f,-0.6633158688280617f,-0.15856055590351154f,-0.7313484862036995f,-0.37747125219613237f,0f,0f,0f,1f], start_interpolation: 0, interpolation_duration: 1 }
$data merge entity $(bone_skirt_forward_right) { transformation: [-0.6758508087294419f,0.3516358838985627f,0.6477483226490329f,0.08019104000490915f,0.17437691535233524f,0.930188911761557f,-0.323019008462435f,1.04088554658324f,-0.7161133818970038f,-0.10536030367613146f,-0.6899861090466309f,-0.24327299736382194f,0f,0f,0f,1f], start_interpolation: 0, interpolation_duration: 1 }
$data merge entity $(bone_skirt_forward_left) { transformation: [-0.7612889429247496f,0.10489692322511303f,0.6398716909493823f,0.0854602621927951f,-0.23048347075549275f,0.8786029228853676f,-0.4182514478227068f,1.0108768593584427f,-0.606066427950781f,-0.46589005075789425f,-0.6446936834775002f,-0.25775072555504613f,0f,0f,0f,1f], start_interpolation: 0, interpolation_duration: 1 }
$data merge entity $(bone_skirt_forward) { transformation: [-0.7309384668471813f,0.21608187658404926f,0.6473311210617079f,0.08424257519086008f,-0.00739209794818622f,0.9459866799191328f,-0.3241212092774868f,1.058622796831724f,-0.6824033371628662f,-0.24169779483373793f,-0.689860755081409f,-0.24780483101695452f,0f,0f,0f,1f], start_interpolation: 0, interpolation_duration: 1 }
$data merge entity $(bone_skirt_back_right) { transformation: [-0.755328933795399f,-0.04686063130912138f,0.6536683279804952f,0.07753114219581526f,0.19394221981883591f,0.9367781805442871f,0.2912611471306755f,1.0220845126999858f,-0.6259909081953571f,0.34677185827204215f,-0.6984874094551071f,-0.24063322540937754f,0f,0f,0f,1f], start_interpolation: 0, interpolation_duration: 1 }
$data merge entity $(bone_skirt_back_left) { transformation: [-0.6805821270044131f,-0.29457578697864567f,0.6708450447965316f,0.07758745151503321f,-0.17737755996954638f,0.9546226731111873f,0.23923367906986065f,1.0218138424005547f,-0.7108763391908601f,0.043825308988787115f,-0.7019502636730314f,-0.24069339560399328f,0f,0f,0f,1f], start_interpolation: 0, interpolation_duration: 1 }
$data merge entity $(bone_skirt_back) { transformation: [-0.7301438300987375f,-0.1990168444226006f,0.6536683279804952f,0.07504343164053276f,0f,0.9566435826221398f,0.2912611471306755f,1.0340425574827625f,-0.6832934855307388f,0.21266252952494336f,-0.6984874094551071f,-0.23797494379031575f,0f,0f,0f,1f], start_interpolation: 0, interpolation_duration: 1 }
$data merge entity $(bone_skirt_right) { transformation: [-0.6917784954456037f,0.13841328529040675f,0.708720167410335f,-0.07180367025832757f,0.20442118283480817f,0.9788472815013031f,0.008365375420539833f,1.0950816334431155f,-0.6925709301201103f,0.1506644017431627f,-0.7054401071671075f,-0.3646123205735221f,0f,0f,0f,1f], start_interpolation: 0, interpolation_duration: 1 }
$data merge entity $(bone_skirt_left) { transformation: [-0.7371617073981347f,-0.0687929773472007f,0.6722054324487227f,0.22775328191284955f,-0.19749399156522388f,0.9733004823713839f,-0.11697133970022935f,1.0854969916556303f,-0.6462110649327371f,-0.218983326496194f,-0.7310660450842721f,-0.11760229752620062f,0f,0f,0f,1f], start_interpolation: 0, interpolation_duration: 1 }
$data merge entity $(bone_coat_downer) { transformation: [-0.7301438300987375f,-0.09902557724392612f,0.6760798195629366f,0.08253202066868999f,0f,0.9894428000258206f,0.1449239299669444f,0.9346399116523221f,-0.6832934855307388f,0.10581531329902599f,-0.7224355556744718f,-0.25741058507224435f,0f,0f,0f,1f], start_interpolation: 0, interpolation_duration: 1 }
$data merge entity $(bone_body_2) { transformation: [-0.7301438300987375f,-0.08721127537381304f,0.6777050839534987f,0.06875000000000003f,0f,0.9918213744231744f,0.12763369945796116f,1.15625f,-0.6832934855307388f,0.09319095817190692f,-0.7241722570951306f,-0.23125f,0f,0f,0f,1f], start_interpolation: 0, interpolation_duration: 1 }
$data merge entity $(bone_book_left) { transformation: [0.33695700817217666f,-0.3834231099668334f,-0.8599108636289099f,0.8751110519735652f,0.22989764192073536f,0.9191826696704546f,-0.3197659988441255f,0.7981623707229722f,0.913020837047513f,-0.08994408552460526f,0.39787311117516044f,0.559525038828837f,0f,0f,0f,1f], start_interpolation: 0, interpolation_duration: 1 }
$data merge entity $(bone_book_right) { transformation: [-0.7834792730811275f,-0.3834231099668334f,-0.4890265303596832f,0.8479018477440465f,-0.27215096812241846f,0.9191826696704546f,-0.2846701078924977f,0.7955876292770278f,0.5586538097984288f,-0.08994408552460526f,-0.82450954044016f,0.6492027529593994f,0f,0f,0f,1f], start_interpolation: 0, interpolation_duration: 1 }
$data merge entity $(bone_book_loot_1) { transformation: [-0.29023151178153367f,-0.3834231099668334f,-0.8767852578096689f,0.9930242385302562f,-0.02746390875674104f,0.9191826696704546f,-0.39287269374862044f,0.8558059040622931f,0.9565622840593326f,-0.08994408552460526f,-0.27730607312919703f,0.6459598068634977f,0f,0f,0f,1f], start_interpolation: 0, interpolation_duration: 1 }
$data merge entity $(bone_book_left2) { transformation: [0.5543224616992634f,0.15977305748879936f,0.816822611437973f,-0.5337409444137752f,0.0084365302333501f,0.9802726862616116f,-0.19746970787203239f,2.3945411761953967f,-0.832259234501661f,0.11635304323533976f,0.542039238355107f,-1.1767414039401993f,0f,0f,0f,1f], start_interpolation: 0, interpolation_duration: 1 }
$data merge entity $(bone_book_right2) { transformation: [-0.6367854274892623f,0.15977305748879936f,0.754305567683282f,-0.5288902263063896f,0.19241159691653043f,0.9802726862616116f,-0.04520218956504922f,2.3827266890754273f,-0.7466472371269769f,0.11635304323533976f,-0.6549655507128044f,-1.0838654063523683f,0f,0f,0f,1f], start_interpolation: 0, interpolation_duration: 1 }
$data merge entity $(bone_book_loot_2) { transformation: [-0.05174099314544628f,0.15977305748879936f,0.985796855203446f,-0.6791851136405993f,0.12602119594633876f,0.9802726862616116f,-0.15226332040809606f,2.4114734306966263f,-0.9906773076035291f,0.11635304323533976f,-0.07085507412527192f,-1.119675144027493f,0f,0f,0f,1f], start_interpolation: 0, interpolation_duration: 1 }
$data merge entity $(bone_air_staff_povit_1) { transformation: [-0.000011408497345292775f,0f,0.000010676460711417794f,-0.4062840843961205f,0f,0.000015625f,0f,1.3223725f,-0.000010676460711417794f,0f,-0.000011408497345292775f,0.26579221246106394f,0f,0f,0f,1f], start_interpolation: 0, interpolation_duration: 1 }