execute if entity @s[tag=aj.frestchika_v2.bone.hair] run data modify entity @s {} merge value {transformation:[-0.9918738665485087f,0.1141853020891274f,0.05610659181349011f,0.017608342563094126f,0.08791656393763331f,0.2963974839516846f,0.9510095737123319f,1.205609168253637f,0.09196146281737205f,0.948214241769193f,-0.30402769785426353f,0.11597885184616313f,0f,0f,0f,1f],start_interpolation:0}
execute if entity @s[tag=aj.frestchika_v2.bone.side_hair_2] run data modify entity @s {} merge value {transformation:[-0.9810376409063026f,0.17876946881893402f,-0.07487739407319513f,0.5385420726352212f,-0.006936505783058627f,0.35369796319896285f,0.9353339701499284f,1.2527631021306995f,0.1936931387853424f,0.9181172190124207f,-0.3457509799557777f,0.4612183179570471f,0f,0f,0f,1f],start_interpolation:0}
execute if entity @s[tag=aj.frestchika_v2.bone.side_hair_1] run data modify entity @s {} merge value {transformation:[-0.9810376409063026f,0.14006201876335228f,-0.13396931747579646f,0.4375177772942712f,-0.006936505783058627f,0.6653992123571743f,0.7464554729399296f,1.5093643996534791f,0.1936931387853424f,0.7332301951600102f,-0.6518101325486549f,0.775843066106936f,0f,0f,0f,1f],start_interpolation:0}
execute if entity @s[tag=aj.frestchika_v2.bone.head] run data modify entity @s {} merge value {transformation:[-0.9918738665485087f,0.12694066825472972f,-0.00850291721431723f,0.04261109456249459f,0.08791656393763331f,0.7321925375761151f,0.6753997081012468f,1.1460747961059068f,0.09196146281737205f,0.669163772675189f,-0.7374028306804883f,0.4425681949828186f,0f,0f,0f,1f],start_interpolation:0}
execute if entity @s[tag=aj.frestchika_v2.bone.group] run data modify entity @s {} merge value {transformation:[0.000008972353457882086f,0.00000422359240722208f,-0.0000012876880850917812f,0.12324711636372891f,-0.000004205509769592606f,0.00000728544548189738f,-0.000005407029841619353f,0.6590321133633387f,-0.0000013455708843061682f,0.000005392916771836654f,0.000008312995109306298f,0.6691468459202019f,0f,0f,0f,1f],start_interpolation:0}
execute if entity @s[tag=aj.frestchika_v2.bone.group2] run data modify entity @s {} merge value {transformation:[0.000008972353457882086f,0.00000422359240722208f,-0.0000012876880850917812f,0.12324711636372891f,-0.000004205509769592606f,0.00000728544548189738f,-0.000005407029841619353f,0.6590321133633387f,-0.0000013455708843061682f,0.000005392916771836654f,0.000008312995109306298f,0.6691468459202019f,0f,0f,0f,1f],start_interpolation:0}
execute if entity @s[tag=aj.frestchika_v2.bone.group3] run data modify entity @s {} merge value {transformation:[0.000008972353457882086f,0.00000422359240722208f,-0.0000012876880850917812f,0.12324711636372891f,-0.000004205509769592606f,0.00000728544548189738f,-0.000005407029841619353f,0.6590321133633387f,-0.0000013455708843061682f,0.000005392916771836654f,0.000008312995109306298f,0.6691468459202019f,0f,0f,0f,1f],start_interpolation:0}
execute if entity @s[tag=aj.frestchika_v2.locator_origin.muzzle] at @s on origin run tp @s ^0.12326 ^0.65903 ^0.66915 ~-171.19483 ~-32.73151
execute if entity @s[tag=aj.frestchika_v2.bone.gun] run data modify entity @s {} merge value {transformation:[0.000008972353457882086f,0.00000422359240722208f,-0.0000012876880850917812f,0.12324772526258372f,-0.000004205509769592606f,0.00000728544548189738f,-0.000005407029841619353f,0.6590307477058578f,-0.0000013455708843061682f,0.000005392916771836654f,0.000008312995109306298f,0.6691516907349189f,0f,0f,0f,1f],start_interpolation:0}
execute if entity @s[tag=aj.frestchika_v2.bone.sword] run data modify entity @s {} merge value {transformation:[0.4444866413436446f,-0.15469593818073898f,-0.9412892777873479f,-0.031869345622927286f,0.7667129970693983f,0.6757814189565241f,0.2509887766773004f,0.536375935568663f,0.5675451681513176f,-0.7917786007486485f,0.39812540939332763f,0.47538255879379265f,0f,0f,0f,1f],start_interpolation:0}
execute if entity @s[tag=aj.frestchika_v2.bone.arm_right_1] run data modify entity @s {} merge value {transformation:[0.8972353457882086f,0.422359240722208f,-0.1287688085091781f,-0.16357371575857219f,-0.4205509769592606f,0.7285445481897379f,-0.5407029841619353f,0.7634184796491549f,-0.1345570884306168f,0.5392916771836653f,0.8312995109306297f,0.7527666839383222f,0f,0f,0f,1f],start_interpolation:0}
execute if entity @s[tag=aj.frestchika_v2.bone.arm_right_0] run data modify entity @s {} merge value {transformation:[0.44485099010939166f,0.422359240722208f,-0.7897596269595284f,-0.26684947330504327f,-0.6849879621444381f,0.7285445481897379f,0.003785897544883121f,0.993477026636977f,0.5769740794142345f,0.5392916771836653f,0.6134047591961815f,0.5228569062135946f,0f,0f,0f,1f],start_interpolation:0}
execute if entity @s[tag=aj.frestchika_v2.bone.arm_left_1] run data modify entity @s {} merge value {transformation:[-0.5943976858414382f,0.5050768778672654f,-0.6257705158524158f,0.3226315874190446f,0.2558683163138411f,0.8564991564590134f,0.4482639843794262f,1.2014456107639062f,0.7623796926552172f,0.10633222667119217f,-0.6383342868733302f,-0.0966132625429057f,0f,0f,0f,1f],start_interpolation:0}
execute if entity @s[tag=aj.frestchika_v2.bone.arm_left_0] run data modify entity @s {} merge value {transformation:[-0.245518346833077f,0.5050768778672654f,-0.8274165147084076f,0.23476695511966886f,0.02447274888506934f,0.8564991564590134f,0.5155679194315785f,1.2047901113250392f,0.9690829819630316f,0.10633222667119217f,-0.22264687655744236f,0.29380301619927496f,0f,0f,0f,1f],start_interpolation:0}
execute if entity @s[tag=aj.frestchika_v2.bone.right_wing_0] run data modify entity @s {} merge value {transformation:[-0.7693336271380719f,0.11362958549998567f,-0.6286605502603766f,-0.5037019683097014f,-0.24023854914496146f,0.8603661229490845f,0.4495059220814389f,1.0578174107636378f,0.591955411884461f,0.49684851995418294f,-0.6346103832746797f,0.03585920713540053f,0f,0f,0f,1f],start_interpolation:0}
execute if entity @s[tag=aj.frestchika_v2.bone.right_wing_1] run data modify entity @s {} merge value {transformation:[-0.7693336271380719f,0.11362958549998567f,-0.6286605502603766f,0.26607179793448976f,-0.24023854914496146f,0.8603661229490845f,0.4495059220814389f,1.5591797227397406f,0.591955411884461f,0.49684851995418294f,-0.6346103832746797f,0.5640398636651627f,0f,0f,0f,1f],start_interpolation:0}
execute if entity @s[tag=aj.frestchika_v2.bone.right_wing_2] run data modify entity @s {} merge value {transformation:[-0.7693336271380719f,0.11362958549998567f,-0.6286605502603766f,0.2687495783759779f,-0.24023854914496146f,0.8603661229490845f,0.4495059220814389f,1.544549348866601f,0.591955411884461f,0.49684851995418294f,-0.6346103832746797f,0.5510242325917438f,0f,0f,0f,1f],start_interpolation:0}
execute if entity @s[tag=aj.frestchika_v2.bone.left_wing_0] run data modify entity @s {} merge value {transformation:[-0.7693336271380719f,0.11362958549998567f,-0.6286605502603766f,-0.5037019683097014f,-0.24023854914496146f,0.8603661229490845f,0.4495059220814389f,1.0578174107636378f,0.591955411884461f,0.49684851995418294f,-0.6346103832746797f,0.03585920713540053f,0f,0f,0f,1f],start_interpolation:0}
execute if entity @s[tag=aj.frestchika_v2.bone.left_wing_1] run data modify entity @s {} merge value {transformation:[-0.7693336271380719f,0.11362958549998567f,-0.6286605502603766f,0.26607179793448976f,-0.24023854914496146f,0.8603661229490845f,0.4495059220814389f,1.5591797227397406f,0.591955411884461f,0.49684851995418294f,-0.6346103832746797f,0.5640398636651627f,0f,0f,0f,1f],start_interpolation:0}
execute if entity @s[tag=aj.frestchika_v2.bone.left_wing_2] run data modify entity @s {} merge value {transformation:[-0.7693336271380719f,0.11362958549998567f,-0.6286605502603766f,0.2687495783759779f,-0.24023854914496146f,0.8603661229490845f,0.4495059220814389f,1.544549348866601f,0.591955411884461f,0.49684851995418294f,-0.6346103832746797f,0.5510242325917438f,0f,0f,0f,1f],start_interpolation:0}
execute if entity @s[tag=aj.frestchika_v2.bone.leg_right_1] run data modify entity @s {} merge value {transformation:[-0.94578157927567f,0.28969234954432566f,-0.14688616993545475f,-0.08460181309617804f,0.2938438090207064f,0.9558284278720546f,-0.006916095129404276f,0.4963698403336082f,0.138394437037844f,-0.04970270704020563f,-0.9891292234636754f,0.6451286630505207f,0f,0f,0f,1f],start_interpolation:0}
execute if entity @s[tag=aj.frestchika_v2.bone.leg_right_0] run data modify entity @s {} merge value {transformation:[-0.94578157927567f,-0.008857677971233935f,-0.32468253085710813f,-0.11351562859939095f,0.2938438090207064f,0.40259455980200587f,-0.8669333517162848f,0.5589092931163762f,0.138394437037844f,-0.9153355461025137f,-0.37816374474318815f,0.31474699390315286f,0f,0f,0f,1f],start_interpolation:0}
execute if entity @s[tag=aj.frestchika_v2.bone.leg_left_1] run data modify entity @s {} merge value {transformation:[-0.5170853970625593f,-0.1841077091986053f,-0.8358989433886712f,0.21467425739307566f,-0.6576057134677648f,0.7105700506006124f,0.25028968976766675f,0.26712214441094395f,0.547884493081532f,0.6791130646682367f,-0.4884956782180454f,-0.16605287101156282f,0f,0f,0f,1f],start_interpolation:0}
execute if entity @s[tag=aj.frestchika_v2.bone.leg_left_0] run data modify entity @s {} merge value {transformation:[-0.5170853970625593f,-0.3047668698028425f,-0.7998373879828526f,0.0973015768144387f,-0.6576057134677648f,0.7396043276695067f,0.1433184011461501f,0.5429194080426181f,0.547884493081532f,0.6000854885456854f,-0.58285503230021f,0.05420187009808389f,0f,0f,0f,1f],start_interpolation:0}
execute if entity @s[tag=aj.frestchika_v2.bone.body_0] run data modify entity @s {} merge value {transformation:[-0.5966483994296181f,-0.07002343897380858f,-0.7994419337590166f,0.0032624119274409632f,-0.30139634784466524f,0.9428116500729058f,0.14236022616131933f,0.8481394179831085f,0.7437546160959085f,0.325887880230434f,-0.5836318707498263f,0.27051498680337205f,0f,0f,0f,1f],start_interpolation:0}
execute if entity @s[tag=aj.frestchika_v2.bone.body_1] run data modify entity @s {} merge value {transformation:[-0.7693336271380719f,0.11362958549998567f,-0.6286605502603766f,-3.138157422815092e-17f,-0.24023854914496146f,0.8603661229490845f,0.4495059220814389f,0.8234375f,0.591955411884461f,0.49684851995418294f,-0.6346103832746797f,0.25625f,0f,0f,0f,1f],start_interpolation:0}