execute if entity @s[tag=aj.twins_sapphiel.bone.halo] run data modify entity @s {} merge value {transformation:[0.9095730122189366f,0.40721852595648306f,0.08276477246268235f,-0.07136715160479476f,-0.1314764675697067f,0.09307925681202611f,0.9869398109442707f,2.0704327690770272f,0.3941964915094529f,-0.9085754366419718f,0.13820203331531578f,-0.11651292796479687f,0f,0f,0f,1f],start_interpolation:0}
execute if entity @s[tag=aj.twins_sapphiel.bone.head] run data modify entity @s {} merge value {transformation:[-0.9847525444432923f,0.08594177276182748f,0.15124958812180714f,0.16083315218984462f,0.13732935383769682f,0.9177581146205609f,0.37264016372719994f,1.3218963944369047f,-0.10678518055883278f,0.38772935759711064f,-0.9155669666771237f,-0.21227978982801696f,0f,0f,0f,1f],start_interpolation:0}
execute if entity @s[tag=aj.twins_sapphiel.bone.slide2] run data modify entity @s {} merge value {transformation:[-0.000006476846855704369f,0.0000023650561079304747f,0.0000072427180266867515f,-0.6059359652345683f,0.000007618224383354373f,0.0000018673977386877623f,0.00000620286086660089f,1.1211112605380509f,1.1450787142094282e-7f,0.000009535163097288092f,-0.000003011237728160641f,-0.18467482265898583f,0f,0f,0f,1f],start_interpolation:0}
execute if entity @s[tag=aj.twins_sapphiel.bone.ruby_gun] run data modify entity @s {} merge value {transformation:[-0.000006476846855704369f,0.0000023650561079304747f,0.0000072427180266867515f,-0.6059366043268709f,0.000007618224383354373f,0.0000018673977386877623f,0.00000620286086660089f,1.1211099469328525f,1.1450787142094282e-7f,0.000009535163097288092f,-0.000003011237728160641f,-0.1846760880856855f,0f,0f,0f,1f],start_interpolation:0}
execute if entity @s[tag=aj.twins_sapphiel.bone.arm_right_1] run data modify entity @s {} merge value {transformation:[-0.47557086303928514f,0.8472882923134708f,-0.2365056107930473f,-0.42213467485827677f,0.8780186858091453f,0.44069427523558763f,-0.18673977386877608f,1.212727222311089f,-0.053995755370686946f,-0.2964643409975354f,-0.9535163097288091f,-0.3137564004775324f,0f,0f,0f,1f],start_interpolation:0}
execute if entity @s[tag=aj.twins_sapphiel.bone.arm_right_0] run data modify entity @s {} merge value {transformation:[-0.47557086303928514f,0.8481866956216513f,0.2332631209567731f,-0.19374523979040537f,0.8780186858091453f,0.473958140152419f,0.06668484650384568f,1.344327690889635f,-0.053995755370686946f,0.23652274891368166f,-0.9701244495673039f,-0.18537020268607107f,0f,0f,0f,1f],start_interpolation:0}
execute if entity @s[tag=aj.twins_sapphiel.bone.slide] run data modify entity @s {} merge value {transformation:[-0.000008975091277355272f,0.000005404931552175065f,0.0000017625078380291395f,0.7431960623712794f,0.000005665774508175091f,0.000008232995516593028f,0.0000036039931251242352f,0.8401655645177956f,4.676731607918198e-7f,0.00000398453035372199f,-0.00000983751910161365f,-0.07139277920356077f,0f,0f,0f,1f],start_interpolation:0}
execute if entity @s[tag=aj.twins_sapphiel.bone.sapphire_gun] run data modify entity @s {} merge value {transformation:[-0.000008975091277355272f,0.000005404931552175065f,0.0000017625078380291395f,0.7431944982306576f,0.000005665774508175091f,0.000008232995516593028f,0.0000036039931251242352f,0.8401642622542451f,4.676731607918198e-7f,0.00000398453035372199f,-0.00000983751910161365f,-0.07139250775644124f,0f,0f,0f,1f],start_interpolation:0}
execute if entity @s[tag=aj.twins_sapphiel.bone.body] run data modify entity @s {} merge value {transformation:[-0.000013009925832760378f,0.000007834768076661261f,0.000002554859392936988f,0.7913418754630005f,0.00000821287537459153f,0.000011934214120202993f,0.000005224201271127483f,0.7958996845618937f,6.779199172297564e-7f,0.000005775812499099286f,-0.000014260065991002499f,-0.27040896940276304f,0f,0f,0f,1f],start_interpolation:0}
execute if entity @s[tag=aj.twins_sapphiel.bone.shotgun] run data modify entity @s {} merge value {transformation:[-0.000008975091277355272f,0.000005404931552175065f,0.0000017625078380291395f,0.7913413643620595f,0.000005665774508175091f,0.000008232995516593028f,0.0000036039931251242352f,0.7958989966345161f,4.676731607918198e-7f,0.00000398453035372199f,-0.00000983751910161365f,-0.2704104438003896f,0f,0f,0f,1f],start_interpolation:0}
execute if entity @s[tag=aj.twins_sapphiel.bone.rocket] run data modify entity @s {} merge value {transformation:[-1.0221282701216052f,0.6155406298194573f,0.2007232051339486f,1.0279880069423335f,0.6452467298635203f,0.9376146944071972f,0.4104407570547735f,1.2405403302321965f,0.0532609579167764f,0.4537782393336289f,-1.1203458628872707f,-0.5877364451269239f,0f,0f,0f,1f],start_interpolation:0}
execute if entity @s[tag=aj.twins_sapphiel.bone.launcher] run data modify entity @s {} merge value {transformation:[-1.9072068964379951f,1.1485479548372013f,0.37453291558119217f,0.7691107953350027f,1.2039770829872067f,1.7495115472760188f,0.7658485390888998f,0.8378353575886035f,0.0993805466682617f,0.8467127001659229f,-2.090472809092901f,-0.677138700780856f,0f,0f,0f,1f],start_interpolation:0}
execute if entity @s[tag=aj.twins_sapphiel.bone.arm_left_1] run data modify entity @s {} merge value {transformation:[-0.32383599711760547f,-0.7975606098846614f,-0.5089472669454603f,0.5047630368571794f,-0.2798039484563362f,0.5946061069123227f,-0.7537594629925487f,0.8414711752968655f,0.9037920100327785f,-0.10168899243762194f,-0.4157154693031413f,-0.3042341198472281f,0f,0f,0f,1f],start_interpolation:0}
execute if entity @s[tag=aj.twins_sapphiel.bone.arm_left_0] run data modify entity @s {} merge value {transformation:[-0.32383599711760547f,-0.3645153504938423f,-0.8730743417517193f,0.4549124828467601f,-0.2798039484563362f,0.9184211663381707f,-0.27966464140158676f,1.1220376986143235f,0.9037920100327785f,0.15372417011122735f,-0.3994106685161579f,-0.23523570376054392f,0f,0f,0f,1f],start_interpolation:0}
execute if entity @s[tag=aj.twins_sapphiel.bone.wing_3] run data modify entity @s {} merge value {transformation:[-0.2707190570898341f,0.841257853086862f,-0.4679705297858777f,-0.7500274284188014f,-0.08219924024474876f,0.46414679625158245f,0.8819359593715284f,1.5408678943599428f,0.9591425738812646f,0.27722369334001f,-0.056502626658827215f,-0.836279437608919f,0f,0f,0f,1f],start_interpolation:0}
execute if entity @s[tag=aj.twins_sapphiel.bone.wing_2] run data modify entity @s {} merge value {transformation:[-0.12148595325517347f,0.8753540691706454f,-0.4679705297858777f,-0.4516571247386737f,-0.0008705249392173542f,0.47136843949691004f,0.8819359593715284f,1.4463117990970624f,0.9925927691394956f,0.10755021075126336f,-0.056502626658827215f,-0.8513726239983919f,0f,0f,0f,1f],start_interpolation:0}
execute if entity @s[tag=aj.twins_sapphiel.bone.wing_1] run data modify entity @s {} merge value {transformation:[-0.486366588658137f,0.4941616144950965f,-0.7205913128789762f,-0.3027925894593918f,0.15866530595291778f,0.8609451833958531f,0.48332050636647733f,1.3221344045904513f,0.8592280617646946f,0.12073810478502947f,-0.4971412756239473f,-0.678711386441629f,0f,0f,0f,1f],start_interpolation:0}
execute if entity @s[tag=aj.twins_sapphiel.bone.wing_0] run data modify entity @s {} merge value {transformation:[-0.7044155749386191f,0.4941616144950965f,-0.5095125087213215f,-0.056247394986899846f,0.31512556618819776f,0.8609451833958531f,0.3993360348403946f,1.1944090548076123f,0.6359988799663587f,0.12073810478502947f,-0.7621861549086656f,-0.3450544732552074f,0f,0f,0f,1f],start_interpolation:0}
execute if entity @s[tag=aj.twins_sapphiel.bone.body_0] run data modify entity @s {} merge value {transformation:[-0.9435021420176952f,0.32266166039111716f,-0.07545303785579868f,0.03983502954317568f,0.3233308978549984f,0.9462794633058711f,0.003508249967321908f,0.967041595697203f,0.07253163792650598f,-0.02108625711690082f,-0.9971431849340886f,-0.20437244340917915f,0f,0f,0f,1f],start_interpolation:0}
execute if entity @s[tag=aj.twins_sapphiel.bone.leg_right_1] run data modify entity @s {} merge value {transformation:[-0.9464880205653494f,0.3159813524727717f,-0.06569788288647466f,-0.2645453078655201f,0.3224062212715208f,0.9164738524460716f,-0.2369175094164107f,0.4790408684988101f,-0.014651123223359763f,-0.24542099069177825f,-0.9693058763445932f,0.18862627289408812f,0f,0f,0f,1f],start_interpolation:0}
execute if entity @s[tag=aj.twins_sapphiel.bone.leg_right_0] run data modify entity @s {} merge value {transformation:[-0.9464880205653494f,0.20368997721842097f,-0.2503414070964811f,-0.19717941922303686f,0.3224062212715208f,0.5615275790364805f,-0.7620636498789638f,0.6629026175487861f,-0.014651123223359763f,-0.8019957426085178f,-0.5971500426409645f,-0.11734582077630246f,0f,0f,0f,1f],start_interpolation:0}
execute if entity @s[tag=aj.twins_sapphiel.bone.leg_left_1] run data modify entity @s {} merge value {transformation:[-0.9991491118316199f,-0.04025859975825674f,0.008960885647610327f,0.04440637563516582f,-0.032323147132467964f,0.8992872474137295f,0.4361624247897684f,0.28718456094699196f,-0.025617698677630654f,0.43550165531779794f,-0.8998233391782633f,0.06508118326919324f,0f,0f,0f,1f],start_interpolation:0}
execute if entity @s[tag=aj.twins_sapphiel.bone.leg_left_0] run data modify entity @s {} merge value {transformation:[-0.9991491118316199f,-0.01878836224081752f,0.03671579728662965f,0.03944258591830049f,-0.032323147132467964f,0.9096466119392242f,-0.41412347862315535f,0.5823010622309059f,-0.025617698677630654f,-0.4149578759727281f,-0.9094799033968063f,-0.11368303997046253f,0f,0f,0f,1f],start_interpolation:0}
execute if entity @s[tag=aj.twins_sapphiel.bone.skirt_forward_right] run data modify entity @s {} merge value {transformation:[-0.8618951671035024f,0.46541288340679193f,-0.20131460176202276f,-0.03336628640163466f,0.477314933184886f,0.6105895971249621f,-0.6319420847209689f,0.7597258088973976f,-0.17119338621083957f,-0.6407582943994969f,-0.7484127421923772f,-0.037540920524462285f,0f,0f,0f,1f],start_interpolation:0}
execute if entity @s[tag=aj.twins_sapphiel.bone.skirt_forward_left] run data modify entity @s {} merge value {transformation:[-0.9782541570414283f,0.026219803086600685f,-0.20574578041180974f,-0.03336628640163466f,0.15435483725126986f,0.7546283046730786f,-0.6377387443172705f,0.7597258088973976f,0.13854020516910875f,-0.6556284341853508f,-0.7422654295057571f,-0.037540920524462285f,0f,0f,0f,1f],start_interpolation:0}
execute if entity @s[tag=aj.twins_sapphiel.bone.skirt_forward] run data modify entity @s {} merge value {transformation:[-0.9464880205653494f,0.24865458123473674f,-0.20574578041180974f,-0.059084508953110876f,0.3224062212715208f,0.6995309303254932f,-0.6377387443172705f,0.6800084658577388f,-0.014651123223359763f,-0.6699458013518165f,-0.7422654295057571f,-0.13032409921268193f,0f,0f,0f,1f],start_interpolation:0}
execute if entity @s[tag=aj.twins_sapphiel.bone.skirt_back_right] run data modify entity @s {} merge value {transformation:[-0.7907743902222014f,0.5971788318817774f,0.13436259345897403f,-0.038992870418097014f,0.5872355489531684f,0.6782024083344322f,0.4418098045257108f,0.7339492145428239f,0.17271442850664398f,0.42827437009666075f,-0.8869897350611963f,-0.2412822971624992f,0f,0f,0f,1f],start_interpolation:0}
execute if entity @s[tag=aj.twins_sapphiel.bone.skirt_back_left] run data modify entity @s {} merge value {transformation:[-0.9862551576870104f,-0.03828357139014432f,0.16073310828011092f,-0.038992870418097014f,0.035337094022539484f,0.9014081263161329f,0.43152598948068066f,0.7339492145428239f,-0.16140648599672905f,0.4312745737611412f,-0.8876655835985381f,-0.2412822971624992f,0f,0f,0f,1f],start_interpolation:0}
execute if entity @s[tag=aj.twins_sapphiel.bone.skirt_back] run data modify entity @s {} merge value {transformation:[-0.9464880205653494f,0.27986656611482025f,0.16073310828011092f,-0.059084508953110876f,0.3224062212715208f,0.8425197617196515f,0.43152598948068066f,0.6800084658577388f,-0.014651123223359763f,0.46025553367988986f,-0.8876655835985381f,-0.13032409921268193f,0f,0f,0f,1f],start_interpolation:0}
execute if entity @s[tag=aj.twins_sapphiel.bone.skirt_right] run data modify entity @s {} merge value {transformation:[-0.6740721382734712f,0.7353021064850574f,-0.07040997516025517f,-0.24246656293764732f,0.7254471627331067f,0.6410432294997908f,-0.2505793127833255f,0.7424746712290959f,-0.13911565866542724f,-0.21998724988306884f,-0.965532207335917f,-0.13316275433720787f,0f,0f,0f,1f],start_interpolation:0}
execute if entity @s[tag=aj.twins_sapphiel.bone.skirt_left] run data modify entity @s {} merge value {transformation:[-0.9947440650721517f,-0.07434164648205882f,-0.07040997516025517f,0.12429754503142557f,-0.05449888452518875f,0.9665608514680006f,-0.2505793127833255f,0.6175422604863816f,0.0866840042293923f,-0.2454250191153912f,-0.965532207335917f,-0.12748544408815599f,0f,0f,0f,1f],start_interpolation:0}
execute if entity @s[tag=aj.twins_sapphiel.bone.belt_right_1] run data modify entity @s {} merge value {transformation:[-0.9464880205653494f,0.16537663753226456f,0.27714796532684294f,-0.22741340781167024f,0.3224062212715208f,0.5234791295512612f,0.788684873323733f,0.6604899731122961f,-0.014651123223359763f,0.8358350128361314f,-0.5487851819296127f,-0.5635057133207387f,0f,0f,0f,1f],start_interpolation:0}
execute if entity @s[tag=aj.twins_sapphiel.bone.belt_right_0] run data modify entity @s {} merge value {transformation:[-0.9464880205653494f,0.14819561186597818f,0.2867027860868382f,-0.18573339197436387f,0.3224062212715208f,0.4744887060481294f,0.8190938263216192f,0.7939399216883325f,-0.014651123223359763f,0.8676972562227221f,-0.49687706339883886f,-0.3194658600080981f,0f,0f,0f,1f],start_interpolation:0}
execute if entity @s[tag=aj.twins_sapphiel.bone.belt_left_1] run data modify entity @s {} merge value {transformation:[-0.9464880205653494f,0.13557432191266167f,0.2928822803861799f,0.07362135612100242f,0.3224062212715208f,0.4383819429041559f,0.8389728843180787f,0.5558427658641026f,-0.014651123223359763f,0.8885048538829144f,-0.45863326222025647f,-0.5576842136855624f,0f,0f,0f,1f],start_interpolation:0}
execute if entity @s[tag=aj.twins_sapphiel.bone.belt_left_0] run data modify entity @s {} merge value {transformation:[-0.9464880205653494f,0.1505362078572048f,0.2854807822783512f,0.11595966458084127f,0.3224062212715208f,0.4811739477117607f,0.8151845561153f,0.6911729386580353f,-0.014651123223359763f,0.8636031971730143f,-0.5039591872571049f,-0.3147958144806522f,0f,0f,0f,1f],start_interpolation:0}
execute if entity @s[tag=aj.twins_sapphiel.bone.body_1] run data modify entity @s {} merge value {transformation:[-0.9464880205653494f,0.316542523188117f,-0.06293852508589115f,0.020051121843918367f,0.3224062212715208f,0.9185060154862856f,-0.22891248983165222f,0.9096349697293102f,-0.014651123223359763f,-0.23695470142879113f,-0.9714102192478141f,-0.18956277456987972f,0f,0f,0f,1f],start_interpolation:0}