execute if entity @s[tag=aj.twins_sapphiel.bone.halo] run data modify entity @s {} merge value {transformation:[0.8974547068792105f,0.4283147493435822f,-0.10545863926247788f,-0.344257169802728f,0.17581581607897062f,-0.1280672011068481f,0.9760571657526742f,2.0675237130080695f,0.4045538875314816f,-0.8945083943124298f,-0.1902390196246897f,-0.27336476136201465f,0f,0f,0f,1f],start_interpolation:0}
execute if entity @s[tag=aj.twins_sapphiel.bone.head] run data modify entity @s {} merge value {transformation:[-0.9869256456786918f,-0.09544215276253919f,0.12987904133365546f,0.0094028243471754f,-0.0876151189191623f,0.9940502945614579f,0.06471168997221574f,1.4577790701308813f,-0.13528252229493015f,0.0524862587572333f,-0.9894159043613511f,-0.08401209492484284f,0f,0f,0f,1f],start_interpolation:0}
execute if entity @s[tag=aj.twins_sapphiel.bone.slide2] run data modify entity @s {} merge value {transformation:[-0.00000781241786502026f,1.2660674711684555e-7f,0.000006241001348653656f,-0.66295351292774f,0.000005742397948617866f,0.000004066037481218919f,0.000007105786726396468f,1.0564601127147872f,-0.0000024476504860828437f,0.00000913516885081537f,-0.000003249261018304162f,-0.16659454687945857f,0f,0f,0f,1f],start_interpolation:0}
execute if entity @s[tag=aj.twins_sapphiel.bone.ruby_gun] run data modify entity @s {} merge value {transformation:[-0.00000781241786502026f,1.2660674711684555e-7f,0.000006241001348653656f,-0.662953623059295f,0.000005742397948617866f,0.000004066037481218919f,0.000007105786726396468f,1.0564584784878233f,-0.0000024476504860828437f,0.00000913516885081537f,-0.000003249261018304162f,-0.1665955727817891f,0f,0f,0f,1f],start_interpolation:0}
execute if entity @s[tag=aj.twins_sapphiel.bone.arm_right_1] run data modify entity @s {} merge value {transformation:[-0.6276432445081938f,0.7783981403748806f,-0.012660674711684416f,-0.48130737356877673f,0.7144253924317067f,0.5694468813348891f,-0.40660374812189165f,1.164510382826185f,-0.3092900196773724f,-0.26424720319976197f,-0.913516885081537f,-0.2856250963722343f,0f,0f,0f,1f],start_interpolation:0}
execute if entity @s[tag=aj.twins_sapphiel.bone.arm_right_0] run data modify entity @s {} merge value {transformation:[-0.6276432445081938f,0.6260554359731898f,0.4627294552021156f,-0.33089047203791383f,0.7144253924317067f,0.6993379634484483f,0.022864197527545968f,1.363411100972793f,-0.3092900196773724f,0.3449362317417463f,-0.8862046489156862f,-0.13142816638113225f,0f,0f,0f,1f],start_interpolation:0}
execute if entity @s[tag=aj.twins_sapphiel.bone.slide] run data modify entity @s {} merge value {transformation:[-0.0000013713176242793651f,-5.432925976767058e-7f,3.670437666688975e-7f,0.7701800443769955f,-6.427655713995196e-7f,0.0000012818736721501929f,-5.04036019418877e-7f,1.516430038526687f,-1.2938467283354555e-7f,-6.099451138896633e-7f,-0.0000013862274576987282f,0.23378413709470902f,0f,0f,0f,1f],start_interpolation:0}
execute if entity @s[tag=aj.twins_sapphiel.bone.sapphire_gun] run data modify entity @s {} merge value {transformation:[-0.0000013713176242793651f,-5.432925976767058e-7f,3.670437666688975e-7f,0.7701800161028627f,-6.427655713995196e-7f,0.0000012818736721501929f,-5.04036019418877e-7f,1.5164298395797942f,-1.2938467283354555e-7f,-6.099451138896633e-7f,-0.0000013862274576987282f,0.23378435138687442f,0f,0f,0f,1f],start_interpolation:0}
execute if entity @s[tag=aj.twins_sapphiel.bone.body] run data modify entity @s {} merge value {transformation:[-0.0000019878060326857097f,-7.875347651444143e-7f,5.320516565427616e-7f,0.7900500548347299f,-9.317267260399114e-7f,0.0000018581517319739735f,-7.306300322788112e-7f,1.502250291552481f,-1.875507385320336e-7f,-8.841515310023055e-7f,-0.0000020094187183922204f,0.21639427751734647f,0f,0f,0f,1f],start_interpolation:0}
execute if entity @s[tag=aj.twins_sapphiel.bone.shotgun] run data modify entity @s {} merge value {transformation:[-0.0000013713176242793651f,-5.432925976767058e-7f,3.670437666688975e-7f,0.7900501598449282f,-6.427655713995196e-7f,0.0000012818736721501929f,-5.04036019418877e-7f,1.5022500794620706f,-1.2938467283354555e-7f,-6.099451138896633e-7f,-0.0000013862274576987282f,0.21639421817552734f,0f,0f,0f,1f],start_interpolation:0}
execute if entity @s[tag=aj.twins_sapphiel.bone.rocket] run data modify entity @s {} merge value {transformation:[-0.1561725076410555f,-0.06187287748641165f,0.041800779367087405f,0.7860781432603251f,-0.07320135709883428f,0.14598618315282474f,-0.057402142071518815f,1.5196263895530022f,-0.014734973465648336f,-0.06946359929532431f,-0.1578705140200197f,0.13310771056979137f,0f,0f,0f,1f],start_interpolation:0}
execute if entity @s[tag=aj.twins_sapphiel.bone.launcher] run data modify entity @s {} merge value {transformation:[-0.2914049951593651f,-0.11544967700629997f,0.07799680041714073f,0.8071428984612655f,-0.1365876839223979f,0.272398155331916f,-0.10710765412651135f,1.4666278306985507f,-0.027494242977128425f,-0.12961333670155345f,-0.29457333476097974f,0.17313701847642052f,0f,0f,0f,1f],start_interpolation:0}
execute if entity @s[tag=aj.twins_sapphiel.bone.arm_left_1] run data modify entity @s {} merge value {transformation:[-0.4047296711460363f,-0.8077687979795709f,0.42860641887944306f,0.6143958106280751f,-0.2572070347432713f,-0.3492273903244958f,-0.9010464866618791f,1.3518283912665f,0.8775183385961771f,-0.4749208343058674f,-0.06642113044524058f,0.10282618364962058f,0f,0f,0f,1f],start_interpolation:0}
execute if entity @s[tag=aj.twins_sapphiel.bone.arm_left_0] run data modify entity @s {} merge value {transformation:[-0.4047296711460363f,-0.8778752204974825f,0.2559863092638316f,0.34692382266745364f,-0.2572070347432713f,-0.15934877020508714f,-0.9531277515174448f,1.365752424581279f,0.8775183385961771f,-0.45160056097244017f,-0.16130250697612283f,-0.016456212858433333f,0f,0f,0f,1f],start_interpolation:0}
execute if entity @s[tag=aj.twins_sapphiel.bone.wing_3] run data modify entity @s {} merge value {transformation:[0.23640781122294208f,0.5355573071994648f,-0.8107340608966883f,-0.8972062701838285f,-0.011531407830452256f,0.8358732759847971f,0.5488013239122984f,1.2426579466871022f,0.9715854946561445f,-0.12039201468412095f,0.2037827013612119f,-0.605042252412094f,0f,0f,0f,1f],start_interpolation:0}
execute if entity @s[tag=aj.twins_sapphiel.bone.wing_2] run data modify entity @s {} merge value {transformation:[0.1917105337103585f,0.5531341191487411f,-0.8107340608966883f,-0.6079765143906258f,-0.0800122710770621f,0.8321148618725661f,0.5488013239122984f,1.303716896834696f,0.9781845979883244f,-0.04034232125630491f,0.2037827013612119f,-0.7090203775904209f,0f,0f,0f,1f],start_interpolation:0}
execute if entity @s[tag=aj.twins_sapphiel.bone.wing_1] run data modify entity @s {} merge value {transformation:[-0.33046742170029203f,0.13452807339287476f,-0.9341806466973944f,-0.39178243158340026f,-0.0010934285866265603f,0.9897343661287363f,0.14291497093612954f,1.2551083598818813f,0.9438167659078147f,0.04825020179180703f,-0.32692786730158463f,-0.5737801956197903f,0f,0f,0f,1f],start_interpolation:0}
execute if entity @s[tag=aj.twins_sapphiel.bone.wing_0] run data modify entity @s {} merge value {transformation:[-0.7807142808989792f,0.13452807339287476f,-0.6102355357315653f,-0.12045790742593748f,0.07587906581759092f,0.9897343661287363f,0.12111255869809086f,1.254405371400091f,0.6202641203318462f,0.04825020179180703f,-0.7829076184684949f,-0.2349472839809716f,0f,0f,0f,1f],start_interpolation:0}
execute if entity @s[tag=aj.twins_sapphiel.bone.body_0] run data modify entity @s {} merge value {transformation:[-0.9859117013896254f,0.014785589678991691f,0.1666118345162153f,0.003858228217553515f,-0.0034055616123435453f,0.9941046117743487f,-0.10837168910317951f,1.0849898407155005f,-0.167231932396653f,-0.10741232325397376f,-0.9800490159170943f,-0.043732473704602676f,0f,0f,0f,1f],start_interpolation:0}
execute if entity @s[tag=aj.twins_sapphiel.bone.leg_right_1] run data modify entity @s {} merge value {transformation:[-0.9676388318452608f,-0.16690123576260768f,0.1892592629332937f,-0.18527742762399554f,-0.012837890245354372f,0.7816088241307115f,0.6236367809992084f,0.4494480203548912f,-0.2520124593729194f,0.6010254766163584f,-0.7584577092883239f,0.21884986599235634f,0f,0f,0f,1f],start_interpolation:0}
execute if entity @s[tag=aj.twins_sapphiel.bone.leg_right_0] run data modify entity @s {} merge value {transformation:[-0.9676388318452608f,0.08539027219753162f,0.2374522952493208f,-0.1429556579580205f,-0.012837890245354372f,0.9231267715635109f,-0.3842813451063921f,0.7281708809844929f,-0.2520124593729194f,-0.37489393838359303f,-0.8921570799383096f,0.042150660859217544f,0f,0f,0f,1f],start_interpolation:0}
execute if entity @s[tag=aj.twins_sapphiel.bone.leg_left_1] run data modify entity @s {} merge value {transformation:[-0.967524763253739f,-0.0844335973802596f,0.23825784378320983f,0.07901399749642374f,-0.0031830814345859266f,0.9465590739323808f,0.32251478655846877f,0.3617792129027029f,-0.2527562076060189f,0.31128264839162184f,-0.9160881029283815f,0.18613681190097325f,0f,0f,0f,1f],start_interpolation:0}
execute if entity @s[tag=aj.twins_sapphiel.bone.leg_left_0] run data modify entity @s {} merge value {transformation:[-0.967524763253739f,0.04316122917200354f,0.24906412986850995f,0.09895405000329469f,-0.0031830814345859266f,0.9831561526552494f,-0.18273983552774978f,0.7313803535458316f,-0.2527562076060189f,-0.17759810751381908f,-0.9510905381319557f,0.10515377570244738f,0f,0f,0f,1f],start_interpolation:0}
execute if entity @s[tag=aj.twins_sapphiel.bone.skirt_forward_right] run data modify entity @s {} merge value {transformation:[-0.9690579752020756f,0.05260366714550935f,0.2411627975042957f,-0.047836314966247136f,-0.033860845768611106f,0.939459829034162f,-0.3409819243815392f,0.8316007283879111f,-0.2444996601655875f,-0.3385972295131014f,-0.9086098350474554f,0.16766433233085853f,0f,0f,0f,1f],start_interpolation:0}
execute if entity @s[tag=aj.twins_sapphiel.bone.skirt_forward_left] run data modify entity @s {} merge value {transformation:[-0.9657354619106848f,0.09589328812830555f,0.2411627975042957f,-0.047836314966247136f,0.008191489624936186f,0.9400341625402702f,-0.3409819243815392f,0.8316007283879111f,-0.2593991463090823f,-0.32732285369212294f,-0.9086098350474554f,0.16766433233085853f,0f,0f,0f,1f],start_interpolation:0}
execute if entity @s[tag=aj.twins_sapphiel.bone.skirt_forward] run data modify entity @s {} merge value {transformation:[-0.9676388318452608f,0.07426706002691377f,0.2411627975042957f,-0.017690965278210173f,-0.012837890245354372f,0.939982189096746f,-0.3409819243815392f,0.7889779878402187f,-0.2520124593729194f,-0.3330433725145244f,-0.9086098350474554f,0.054088102949926616f,0f,0f,0f,1f],start_interpolation:0}
execute if entity @s[tag=aj.twins_sapphiel.bone.skirt_back_right] run data modify entity @s {} merge value {transformation:[-0.9669618478742561f,-0.017913177046615096f,0.25429098065739736f,0.013809184724952454f,-0.04470916688675504f,0.9939834050350016f,-0.09999040409617521f,0.7763729669925109f,-0.2509698690119921f,-0.10805604380653938f,-0.9619449133110392f,-0.0662192284942007f,0f,0f,0f,1f],start_interpolation:0}
execute if entity @s[tag=aj.twins_sapphiel.bone.skirt_back_left] run data modify entity @s {} merge value {transformation:[-0.9668631180262738f,0.040879165675439054f,0.252001200025301f,0.013809184724952454f,0.015776620955489134f,0.9947775424659895f,-0.10084016678166235f,0.7763729669925109f,-0.25480739634425553f,-0.09352291066368004f,-0.9624586515530185f,-0.0662192284942007f,0f,0f,0f,1f],start_interpolation:0}
execute if entity @s[tag=aj.twins_sapphiel.bone.skirt_back] run data modify entity @s {} merge value {transformation:[-0.9676388318452608f,0.013057039899892695f,0.252001200025301f,-0.017690965278210173f,-0.012837890245354372f,0.994819807471431f,-0.10084016678166235f,0.7889779878402187f,-0.2520124593729194f,-0.1008120249353115f,-0.9624586515530185f,0.054088102949926616f,0f,0f,0f,1f],start_interpolation:0}
execute if entity @s[tag=aj.twins_sapphiel.bone.skirt_right] run data modify entity @s {} merge value {transformation:[-0.9704373065246736f,0.040856209159325294f,0.23787014162829725f,-0.20517098894822947f,-0.05419716167260338f,0.9235091076625674f,-0.37972831831576936f,0.7864906466051813f,-0.23518950183154516f,-0.381394412960413f,-0.893993400417929f,0.005260688946423481f,0f,0f,0f,1f],start_interpolation:0}
execute if entity @s[tag=aj.twins_sapphiel.bone.skirt_left] run data modify entity @s {} merge value {transformation:[-0.9636983955031442f,0.12125674507588927f,0.23787014162829725f,0.1697890583918091f,0.022636504068694073f,0.924821059963832f,-0.37972831831576936f,0.791465329075256f,-0.26603193640654f,-0.36055902265922435f,-0.893993400417929f,0.10291551695342975f,0f,0f,0f,1f],start_interpolation:0}
execute if entity @s[tag=aj.twins_sapphiel.bone.belt_right_1] run data modify entity @s {} merge value {transformation:[-0.9676388318452608f,-0.05951865582803004f,0.2452195357502409f,-0.07692653705553125f,-0.012837890245354372f,0.9821382930576412f,0.18772203355991812f,0.6186437337496172f,-0.2520124593729194f,0.17849902777955767f,-0.9511192445758656f,-0.34220035164145446f,0f,0f,0f,1f],start_interpolation:0}
execute if entity @s[tag=aj.twins_sapphiel.bone.belt_right_0] run data modify entity @s {} merge value {transformation:[-0.9676388318452608f,-0.16795296832556383f,0.18832655557772865f,-0.12416330939709608f,-0.012837890245354372f,0.7781225505367418f,0.6279812775236567f,0.8374907010880759f,-0.2520124593729194f,0.6052413541528932f,-0.7550977576075728f,-0.1719762207859533f,0f,0f,0f,1f],start_interpolation:0}
execute if entity @s[tag=aj.twins_sapphiel.bone.belt_left_1] run data modify entity @s {} merge value {transformation:[-0.9676388318452608f,-0.03940776603877712f,0.2492430923435435f,0.2233868615330068f,-0.012837890245354372f,0.9941392189292236f,0.10734245181120727f,0.5995787745038139f,-0.2520124593729194f,0.10066896921408364f,-0.9624736250714543f,-0.22950811520479691f,0f,0f,0f,1f],start_interpolation:0}
execute if entity @s[tag=aj.twins_sapphiel.bone.belt_left_0] run data modify entity @s {} merge value {transformation:[-0.9676388318452608f,-0.1390765983268481f,0.21055353452975256f,0.18427156825358076f,-0.012837890245354372f,0.8604586812443333f,0.5093584655675324f,0.8415827786037826f,-0.2520124593729194f,0.4901719674451971f,-0.8343986832753976f,-0.09164724936083524f,0f,0f,0f,1f],start_interpolation:0}
execute if entity @s[tag=aj.twins_sapphiel.bone.body_1] run data modify entity @s {} merge value {transformation:[-0.9676388318452608f,0.0689574191864438f,0.24273435159508064f,-0.0004516104815992223f,-0.012837890245354372f,0.9472379292009019f,-0.3202740920793243f,1.0257874701404441f,-0.2520124593729194f,-0.31302584529449373f,-0.915698935512366f,-0.024168358373696817f,0f,0f,0f,1f],start_interpolation:0}