execute if entity @s[tag=aj.twins_sapphiel.bone.halo] run data modify entity @s {} merge value {transformation:[0.9328207435602381f,0.35614903469268755f,-0.05480260460224946f,-0.24909681271619513f,0.04673612426174216f,0.031221614141525467f,0.998419223322242f,2.0496612897599826f,0.3572970683796813f,-0.9339074236228471f,0.012479143777551605f,-0.06863780046678963f,0f,0f,0f,1f],start_interpolation:0}
execute if entity @s[tag=aj.twins_sapphiel.bone.head] run data modify entity @s {} merge value {transformation:[-0.9975016060549841f,-0.033196887025506244f,0.06235793942669163f,0.08538265423699956f,-0.015071925144604842f,0.9623927946887854f,0.2712433331964955f,1.3278084238911831f,-0.06901726588443349f,0.2696258063000007f,-0.9604886993540902f,-0.09087452773737709f,0f,0f,0f,1f],start_interpolation:0}
execute if entity @s[tag=aj.twins_sapphiel.bone.slide2] run data modify entity @s {} merge value {transformation:[-0.000008299355507728044f,-0.0000036302358585480183f,0.0000042358099305394105f,-0.522156365858338f,0.000004294548601803894f,6.885937907110376e-7f,0.00000900459276692391f,0.888001269442622f,-0.000003560554797091088f,0.000009292320818972318f,9.87533966102078e-7f,-0.35065069329286097f,0f,0f,0f,1f],start_interpolation:0}
execute if entity @s[tag=aj.twins_sapphiel.bone.ruby_gun] run data modify entity @s {} merge value {transformation:[-0.000008299355507728044f,-0.0000036302358585480183f,0.0000042358099305394105f,-0.5221556646746529f,0.000004294548601803894f,6.885937907110376e-7f,0.00000900459276692391f,0.888000093443086f,-0.000003560554797091088f,0.000009292320818972318f,9.87533966102078e-7f,-0.3506520573562216f,0f,0f,0f,1f],start_interpolation:0}
execute if entity @s[tag=aj.twins_sapphiel.bone.arm_right_1] run data modify entity @s {} merge value {transformation:[-0.7185830577782585f,0.5931713624132314f,0.3630235858548019f,-0.36044141507834704f,0.614170123446648f,0.7861637522675993f,-0.06885937907110355f,1.067954696992592f,-0.3262413961157856f,0.1734770573688628f,-0.9292320818972318f,-0.36807169024931663f,0f,0f,0f,1f],start_interpolation:0}
execute if entity @s[tag=aj.twins_sapphiel.bone.arm_right_0] run data modify entity @s {} merge value {transformation:[-0.7185830577782585f,0.4940307336854464f,0.48946095170939563f,-0.24951453320390252f,0.614170123446648f,0.7809845655526861f,0.11339386153584825f,1.2845854906027032f,-0.3262413961157856f,0.3820952008893878f,-0.8646211938865029f,-0.20457930724163945f,0f,0f,0f,1f],start_interpolation:0}
execute if entity @s[tag=aj.twins_sapphiel.bone.slide] run data modify entity @s {} merge value {transformation:[-0.000010041392585493237f,-0.000001267065937048975f,7.235967904444308e-7f,0.5555831888465541f,-0.0000011278946525758855f,0.000009932584340244988f,0.0000017407571446300685f,1.176401165433105f,-9.25690043514565e-7f,0.000001642231924869357f,-0.000009970194868118062f,0.5345874880007389f,0f,0f,0f,1f],start_interpolation:0}
execute if entity @s[tag=aj.twins_sapphiel.bone.sapphire_gun] run data modify entity @s {} merge value {transformation:[-0.000010041392585493237f,-0.000001267065937048975f,7.235967904444308e-7f,0.5555827233012891f,-0.0000011278946525758855f,0.000009932584340244988f,0.0000017407571446300685f,1.1763993492815505f,-9.25690043514565e-7f,0.000001642231924869357f,-0.000009970194868118062f,0.5345880630456201f,0f,0f,0f,1f],start_interpolation:0}
execute if entity @s[tag=aj.twins_sapphiel.bone.body] run data modify entity @s {} merge value {transformation:[-0.000014555592668400422f,-0.0000018366870438204313f,0.0000010488963605593039f,0.6467613143331834f,-0.0000016349500326756903f,0.000014397868679091908f,0.000002523330475939008f,1.1342454711536767f,-0.0000013418424880686033f,0.0000023805123404870213f,-0.000014452387364533495f,0.3615556016915024f,0f,0f,0f,1f],start_interpolation:0}
execute if entity @s[tag=aj.twins_sapphiel.bone.shotgun] run data modify entity @s {} merge value {transformation:[-0.000010041392585493237f,-0.000001267065937048975f,7.235967904444308e-7f,0.6467615461866679f,-0.0000011278946525758855f,0.000009932584340244988f,0.0000017407571446300685f,1.1342443842526173f,-9.25690043514565e-7f,0.000001642231924869357f,-0.000009970194868118062f,0.3615544109884418f,0f,0f,0f,1f],start_interpolation:0}
execute if entity @s[tag=aj.twins_sapphiel.bone.rocket] run data modify entity @s {} merge value {transformation:[-1.1435639945988973f,-0.1442998042408225f,0.082406820479764f,0.6164967277866917f,-0.12845028250860474f,1.1311723675888006f,0.19824612741619535f,1.5344977274333051f,-0.10542221060565624f,0.18702558276374673f,-1.1354556425556257f,-0.04113399634789004f,0f,0f,0f,1f],start_interpolation:0}
execute if entity @s[tag=aj.twins_sapphiel.bone.launcher] run data modify entity @s {} merge value {transformation:[-2.1337959244173126f,-0.26925151162290717f,0.1537643179694415f,0.6668301073844565f,-0.23967761367237567f,2.1106741723020597f,0.3699108932338895f,1.072408459362746f,-0.19670913424684502f,0.3489742840347383f,-2.118666409475088f,-0.024097203218086283f,0f,0f,0f,1f],start_interpolation:0}
execute if entity @s[tag=aj.twins_sapphiel.bone.arm_left_1] run data modify entity @s {} merge value {transformation:[-0.8415246092311275f,-0.4967489259290542f,0.21231306282640522f,0.5238249606253045f,-0.17313206552295352f,-0.12428864599831535f,-0.9770248821619956f,0.9722198460074745f,0.5117241639263814f,-0.8589486812751017f,0.018588786663192247f,0.17811247905622243f,0f,0f,0f,1f],start_interpolation:0}
execute if entity @s[tag=aj.twins_sapphiel.bone.arm_left_0] run data modify entity @s {} merge value {transformation:[-0.8415246092311275f,-0.5088529664569232f,-0.18139732794720942f,0.389398181049379f,-0.17313206552295352f,0.5721106542990875f,-0.8016948840582843f,1.1862104488766803f,0.5117241639263814f,-0.6432402799618966f,-0.5695439599261737f,0.0294487781047732f,0f,0f,0f,1f],start_interpolation:0}
execute if entity @s[tag=aj.twins_sapphiel.bone.wing_3] run data modify entity @s {} merge value {transformation:[0.6467431513046032f,0.4641908265131987f,-0.6051860646293702f,-0.7990703337168811f,0.09543560289178232f,0.7379823711866205f,0.6680374731393856f,1.34578271935943f,0.7567135137826421f,-0.48980495750733954f,0.4329847129633565f,-0.5453510220003086f,0f,0f,0f,1f],start_interpolation:0}
execute if entity @s[tag=aj.twins_sapphiel.bone.wing_2] run data modify entity @s {} merge value {transformation:[0.30134843646059317f,0.7368439095365933f,-0.6051860646293702f,-0.5216194628539725f,-0.3111809961971854f,0.6759381052191629f,0.6680374731393856f,1.3585989980490454f,0.9013076652555901f,-0.01298964555161769f,0.4329847129633565f,-0.6904380813918533f,0f,0f,0f,1f],start_interpolation:0}
execute if entity @s[tag=aj.twins_sapphiel.bone.wing_1] run data modify entity @s {} merge value {transformation:[-0.17867282552801783f,0.29556439038436044f,-0.9384656160747475f,-0.2978152551008077f,-0.16925604200904043f,0.9303620573591537f,0.3252365823056762f,1.255123310072923f,0.9692411535119978f,0.21695191486401846f,-0.11620435867714801f,-0.6092159371524505f,0f,0f,0f,1f],start_interpolation:0}
execute if entity @s[tag=aj.twins_sapphiel.bone.wing_0] run data modify entity @s {} merge value {transformation:[-0.7737647318460827f,0.29556439038436044f,-0.5602944144714282f,-0.03962521828344099f,0.09994540738142017f,0.9303620573591537f,0.35275679691510536f,1.151459688400518f,0.6255390118086332f,0.21695191486401846f,-0.7494216512366814f,-0.27602381233296147f,0f,0f,0f,1f],start_interpolation:0}
execute if entity @s[tag=aj.twins_sapphiel.bone.body_0] run data modify entity @s {} merge value {transformation:[-0.9293275843684095f,0.1647021900187872f,0.330489681434976f,0.023619332979954354f,0.1430909697833061f,0.9857115109492397f,-0.08886951979525942f,0.9581666072852182f,-0.3404044877766002f,-0.03529880713540226f,-0.9396162934498147f,-0.07763747506160124f,0f,0f,0f,1f],start_interpolation:0}
execute if entity @s[tag=aj.twins_sapphiel.bone.leg_right_1] run data modify entity @s {} merge value {transformation:[-0.8969871494546052f,-0.03391872974557106f,0.44075341573917337f,-0.3047179408738408f,0.13480090430264793f,0.9285762141396653f,0.3457960825880402f,0.35258103097015875f,-0.42100210202858845f,0.3695886014293369f,-0.8283486559299873f,0.13110455161819412f,0f,0f,0f,1f],start_interpolation:0}
execute if entity @s[tag=aj.twins_sapphiel.bone.leg_right_0] run data modify entity @s {} merge value {transformation:[-0.8969871494546052f,0.3225254498848517f,0.3023100856568892f,-0.18209944429056404f,0.13480090430264793f,0.8508663505748302f,-0.5077944167265515f,0.6223347461093909f,-0.42100210202858845f,-0.4147333934421536f,-0.8066929046740561f,-0.04377384121195797f,0f,0f,0f,1f],start_interpolation:0}
execute if entity @s[tag=aj.twins_sapphiel.bone.leg_left_1] run data modify entity @s {} merge value {transformation:[-0.9239985688778998f,-0.17467254088964027f,0.3401707632509736f,0.04187685894463332f,-0.17067006824612083f,0.9844367036309638f,0.041905898738321956f,0.2538164517354664f,-0.3421963946573041f,-0.019335976917626896f,-0.939429479780246f,0.22919718167673392f,0f,0f,0f,1f],start_interpolation:0}
execute if entity @s[tag=aj.twins_sapphiel.bone.leg_left_0] run data modify entity @s {} merge value {transformation:[-0.9239985688778998f,-0.015857078423660364f,0.3820670069182353f,0.042147343073087276f,-0.17067006824612083f,0.9112060004760147f,-0.3749337974914633f,0.5886345200337288f,-0.3421963946573041f,-0.41164569445139465f,-0.8446593690495428f,0.06147668429518914f,0f,0f,0f,1f],start_interpolation:0}
execute if entity @s[tag=aj.twins_sapphiel.bone.skirt_forward_right] run data modify entity @s {} merge value {transformation:[-0.8681058303418091f,0.39094265922224514f,0.3058694239815379f,-0.09526246965094508f,0.21069081922236332f,0.8481432352088649f,-0.48606834011777533f,0.7190488188405014f,-0.44944593225655927f,-0.3575148804870635f,-0.8186461165902842f,0.09908885192872349f,0f,0f,0f,1f],start_interpolation:0}
execute if entity @s[tag=aj.twins_sapphiel.bone.skirt_forward_left] run data modify entity @s {} merge value {transformation:[-0.9267054030179372f,0.18501991741606416f,0.3270851971225772f,-0.09526246965094508f,0.024699478728462648f,0.8985035305448364f,-0.4382708538666543f,0.7190488188405014f,-0.3749760415918657f,-0.3980691343947891f,-0.8372179719011523f,0.09908885192872349f,0f,0f,0f,1f],start_interpolation:0}
execute if entity @s[tag=aj.twins_sapphiel.bone.skirt_forward] run data modify entity @s {} merge value {transformation:[-0.8969871494546052f,0.29737069044642994f,0.3270851971225772f,-0.054376820010622925f,0.13480090430264793f,0.8886773176188205f,-0.4382708538666543f,0.6642649621071697f,-0.42100210202858845f,-0.3490319435427527f,-0.8372179719011523f,-0.005563394558920548f,0f,0f,0f,1f],start_interpolation:0}
execute if entity @s[tag=aj.twins_sapphiel.bone.skirt_back_right] run data modify entity @s {} merge value {transformation:[-0.8822246772374984f,0.21769916073578066f,0.4174765793288629f,-0.0012395121401537479f,0.24013605962499354f,0.9707384257969288f,0.0012575965497854213f,0.6644872870768576f,-0.40498677971135455f,0.1013606634559837f,-0.9086868130234913f,-0.11870656529355582f,0f,0f,0f,1f],start_interpolation:0}
execute if entity @s[tag=aj.twins_sapphiel.bone.skirt_back_left] run data modify entity @s {} merge value {transformation:[-0.9045162715060825f,0.033787739885779794f,0.4250984629637534f,-0.0012395121401537479f,0.03816310875903181f,0.9992699403628376f,0.0017785997575031076f,0.6644872870768576f,-0.4247280208681563f,0.01783185129654144f,-0.9051453658770822f,-0.11870656529355582f,0f,0f,0f,1f],start_interpolation:0}
execute if entity @s[tag=aj.twins_sapphiel.bone.skirt_back] run data modify entity @s {} merge value {transformation:[-0.8969871494546052f,0.12126561960900539f,0.4250984629637534f,-0.054376820010622925f,0.13480090430264793f,0.990871108056992f,0.0017785997575031076f,0.6642649621071697f,-0.42100210202858845f,0.05889903835168314f,-0.9051453658770822f,-0.005563394558920548f,0f,0f,0f,1f],start_interpolation:0}
execute if entity @s[tag=aj.twins_sapphiel.bone.skirt_right] run data modify entity @s {} merge value {transformation:[-0.849379195757587f,0.38081609753005136f,0.3654231542693715f,-0.22816808021745272f,0.27480358455321297f,0.910218588362675f,-0.30981464025407884f,0.6903826373158077f,-0.4505973498933384f,-0.16273051730097055f,-0.8777703612039193f,-0.08713255182695956f,0f,0f,0f,1f],start_interpolation:0}
execute if entity @s[tag=aj.twins_sapphiel.bone.skirt_left] run data modify entity @s {} merge value {transformation:[-0.928721049165097f,0.06279435612779663f,0.3654231542693715f,0.11941444019620685f,-0.057734161170703374f,0.9490424939475317f,-0.30981464025407884f,0.6381472868985316f,-0.36625671252769776f,-0.3088287770275698f,-0.8777703612039193f,0.07600576270911846f,0f,0f,0f,1f],start_interpolation:0}
execute if entity @s[tag=aj.twins_sapphiel.bone.belt_right_1] run data modify entity @s {} merge value {transformation:[-0.8969871494546052f,-0.13989570259401254f,0.41933667393757634f,-0.05221979782550565f,0.13480090430264793f,0.8168612962798306f,0.5608621388890707f,0.5348407172281275f,-0.42100210202858845f,0.5596130940531703f,-0.7138560184321118f,-0.43016062475845596f,0f,0f,0f,1f],start_interpolation:0}
execute if entity @s[tag=aj.twins_sapphiel.bone.belt_right_0] run data modify entity @s {} merge value {transformation:[-0.8969871494546052f,-0.20404049499297017f,0.3921498822087358f,-0.10960618704227851f,0.13480090430264793f,0.7185994615957675f,0.6822342193070218f,0.7369468158019371f,-0.42100210202858845f,0.6648174863805079f,-0.6170696394169892f,-0.24318070671393816f,0f,0f,0f,1f],start_interpolation:0}
execute if entity @s[tag=aj.twins_sapphiel.bone.belt_left_1] run data modify entity @s {} merge value {transformation:[-0.8969871494546052f,-0.1365581678447199f,0.4204353939765241f,0.22564089957326744f,0.13480090430264793f,0.8212935281075271f,0.5543515643415097f,0.478638040527836f,-0.42100210202858845f,0.5539213008032676f,-0.7182815761273054f,-0.2830441302019244f,0f,0f,0f,1f],start_interpolation:0}
execute if entity @s[tag=aj.twins_sapphiel.bone.belt_left_0] run data modify entity @s {} merge value {transformation:[-0.8969871494546052f,-0.17540420525116637f,0.40576769030260207f,0.17630846684637688f,0.13480090430264793f,0.7656568427649143f,0.6289660685016734f,0.6939790275554681f,-0.42100210202858845f,0.6188723324785737f,-0.6631397033657688f,-0.10898628669232559f,0f,0f,0f,1f],start_interpolation:0}
execute if entity @s[tag=aj.twins_sapphiel.bone.body_1] run data modify entity @s {} merge value {transformation:[-0.8969871494546052f,0.24958768956984728f,0.364856189379442f,0.008020102381838898f,0.13480090430264793f,0.9404852645697555f,-0.3119554188122808f,0.8993862782496085f,-0.42100210202858845f,-0.23063705760857822f,-0.8772478428273092f,-0.0632226589610651f,0f,0f,0f,1f],start_interpolation:0}