execute if entity @s[tag=aj.twins_sapphiel.bone.halo] run data modify entity @s {} merge value {transformation:[0.8916969054016239f,0.44212456614413925f,0.09696647311840595f,0.0020114269221392644f,-0.24100991051298476f,0.2824380903100111f,0.9285165309118394f,1.974840576272829f,0.3831329428953988f,-0.8513251982373657f,0.3584055732189724f,0.17693349687153814f,0f,0f,0f,1f],start_interpolation:0}
execute if entity @s[tag=aj.twins_sapphiel.bone.head] run data modify entity @s {} merge value {transformation:[-0.9785460697262209f,0.07652329216030196f,0.19128976757870436f,0.23100344404595946f,0.17642319635952108f,0.7907495366678359f,0.5861655278553085f,1.1954207601993783f,-0.10640697913978915f,0.607337925718913f,-0.7872853350430152f,-0.2023423639702911f,0f,0f,0f,1f],start_interpolation:0}
execute if entity @s[tag=aj.twins_sapphiel.bone.slide2] run data modify entity @s {} merge value {transformation:[-0.000006062228731841517f,-5.992098874055006e-7f,0.000007930342383130167f,-0.5377224012624634f,0.000007862356729365796f,0.0000010492304770736463f,0.000006089537097856962f,1.0589719810076756f,-0.00000119696677607675f,0.000009926734756042155f,-1.649473253894474e-7f,-0.35791204719370756f,0f,0f,0f,1f],start_interpolation:0}
execute if entity @s[tag=aj.twins_sapphiel.bone.ruby_gun] run data modify entity @s {} merge value {transformation:[-0.000006062228731841517f,-5.992098874055006e-7f,0.000007930342383130167f,-0.53772265175196f,0.000007862356729365796f,0.0000010492304770736463f,0.000006089537097856962f,1.0589707940408002f,-0.00000119696677607675f,0.000009926734756042155f,-1.649473253894474e-7f,-0.357913551742467f,0f,0f,0f,1f],start_interpolation:0}
execute if entity @s[tag=aj.twins_sapphiel.bone.arm_right_1] run data modify entity @s {} merge value {transformation:[-0.42020894613429416f,0.9054468050068213f,0.05992098874055024f,-0.32176264048163983f,0.899400453995428f,0.42434652986988813f,-0.10492304770736449f,1.1518702217734889f,-0.12042950195663646f,0.009803361174795966f,-0.9926734756042154f,-0.4176594413947984f,0f,0f,0f,1f],start_interpolation:0}
execute if entity @s[tag=aj.twins_sapphiel.bone.arm_right_0] run data modify entity @s {} merge value {transformation:[-0.42020894613429416f,0.8133249557820632f,0.40240148843016327f,-0.11393071664377935f,0.899400453995428f,0.4321536603152972f,0.06574220279933202f,1.2715544510562244f,-0.12042950195663646f,0.3895455431373792f,-0.9130996686453678f,-0.24900295661311597f,0f,0f,0f,1f],start_interpolation:0}
execute if entity @s[tag=aj.twins_sapphiel.bone.slide] run data modify entity @s {} merge value {transformation:[-0.00000894407751676879f,0.0000029845654104910918f,0.000004958645121533732f,0.627593331760833f,0.000005474654504041177f,0.000007323518630551486f,0.000005466859032948081f,0.6366285308786177f,-0.0000018772187385043315f,0.00000713798003186087f,-0.000007682291691243102f,0.09939969076131751f,0f,0f,0f,1f],start_interpolation:0}
execute if entity @s[tag=aj.twins_sapphiel.bone.sapphire_gun] run data modify entity @s {} merge value {transformation:[-0.00000894407751676879f,0.0000029845654104910918f,0.000004958645121533732f,0.6275918709057019f,0.000005474654504041177f,0.000007323518630551486f,0.000005466859032948081f,0.6366271958858585f,-0.0000018772187385043315f,0.00000713798003186087f,-0.000007682291691243102f,0.09939912245005941f,0f,0f,0f,1f],start_interpolation:0}
execute if entity @s[tag=aj.twins_sapphiel.bone.body] run data modify entity @s {} merge value {transformation:[-0.000012964969551809438f,0.000004326304149293625f,0.000007187849490166169f,0.7480891974675526f,0.000007935835620665842f,0.00001061587356317002f,0.00000792453562408436f,0.6319858182969952f,-0.00000272113963023739f,0.00001034692438666755f,-0.000011135936342048607f,-0.07260411695869745f,0f,0f,0f,1f],start_interpolation:0}
execute if entity @s[tag=aj.twins_sapphiel.bone.shotgun] run data modify entity @s {} merge value {transformation:[-0.00000894407751676879f,0.0000029845654104910918f,0.000004958645121533732f,0.7480893080298172f,0.000005474654504041177f,0.000007323518630551486f,0.000005466859032948081f,0.6319854291991498f,-0.0000018772187385043315f,0.00000713798003186087f,-0.000007682291691243102f,-0.07260577848789065f,0f,0f,0f,1f],start_interpolation:0}
execute if entity @s[tag=aj.twins_sapphiel.bone.rocket] run data modify entity @s {} merge value {transformation:[-1.0185962679972136f,0.33989723177377795f,0.5647152996658691f,1.0515734754349426f,0.6234810281927294f,0.834038919240356f,0.6225932409672923f,1.1314466902127203f,-0.2137870560345658f,0.8129088559284752f,-0.8748977892572206f,-0.19420722536763846f,0f,0f,0f,1f],start_interpolation:0}
execute if entity @s[tag=aj.twins_sapphiel.bone.launcher] run data modify entity @s {} merge value {transformation:[-1.9006164723133676f,0.6342201497293569f,1.0537120883259181f,0.872321271446435f,1.16336408210875f,1.5562477089921907f,1.1617075445014673f,0.7526326668404553f,-0.3989089819321704f,1.5168207567704346f,-1.632486984389159f,-0.44491338020766513f,0f,0f,0f,1f],start_interpolation:0}
execute if entity @s[tag=aj.twins_sapphiel.bone.arm_left_1] run data modify entity @s {} merge value {transformation:[-0.612857166543222f,-0.6999650397515074f,-0.3666811101519738f,0.4962775282344889f,-0.1708867698814228f,0.5704608573992938f,-0.8033505598770416f,0.665869072424228f,0.7714945270681492f,-0.4296781973767496f,-0.46922578936260495f,-0.22397673922540012f,0f,0f,0f,1f],start_interpolation:0}
execute if entity @s[tag=aj.twins_sapphiel.bone.arm_left_0] run data modify entity @s {} merge value {transformation:[-0.612857166543222f,-0.19047707188577953f,-0.7668928077002893f,0.48964498099237613f,-0.1708867698814228f,0.9794941437747057f,-0.10671894953826086f,0.9531212260930324f,0.7714945270681492f,0.06564836172270999f,-0.6328400171504778f,-0.16561885463576423f,0f,0f,0f,1f],start_interpolation:0}
execute if entity @s[tag=aj.twins_sapphiel.bone.wing_3] run data modify entity @s {} merge value {transformation:[0.3473246755508728f,0.9158528005583646f,-0.20144283919484712f,-0.6157584210423008f,-0.46181759733860733f,0.35401616763293986f,0.8132632168264355f,1.6857526758786587f,0.816143416650454f,-0.1894365349236692f,0.545915490432573f,-0.4391599387607169f,0f,0f,0f,1f],start_interpolation:0}
execute if entity @s[tag=aj.twins_sapphiel.bone.wing_2] run data modify entity @s {} merge value {transformation:[0.17715444657664658f,0.9633468142861328f,-0.20144283919484712f,-0.37295942253739195f,-0.51789938695228f,0.26529825697047166f,0.8132632168264355f,1.5885957586580934f,0.8368969632234152f,-0.039746072173092534f,0.545915490432573f,-0.6117944582118722f,0f,0f,0f,1f],start_interpolation:0}
execute if entity @s[tag=aj.twins_sapphiel.bone.wing_1] run data modify entity @s {} merge value {transformation:[-0.14691848044957417f,0.6857080222817f,-0.712895131334832f,-0.20934335722207242f,-0.33442635165736034f,0.643839893620398f,0.688207241098219f,1.3875338198041254f,0.9308995517345229f,0.3395212799831467f,0.13472685337032858f,-0.597778109185959f,0f,0f,0f,1f],start_interpolation:0}
execute if entity @s[tag=aj.twins_sapphiel.bone.wing_0] run data modify entity @s {} merge value {transformation:[-0.5576762773546422f,0.6857080222817f,-0.4677624160344517f,0.028948688809247988f,0.1649496632513557f,0.643839893620398f,0.7471691909976875f,1.098850678658227f,0.8135040124480839f,0.3395212799831467f,-0.4721615424507519f,-0.37799599338018397f,0f,0f,0f,1f],start_interpolation:0}
execute if entity @s[tag=aj.twins_sapphiel.bone.body_0] run data modify entity @s {} merge value {transformation:[-0.8779282874707716f,0.4602273266310514f,0.1320330635889121f,0.058418196559315176f,0.4631755999464609f,0.8862178306639996f,-0.00929086795893791f,0.8630890737003785f,-0.12128596651251163f,0.05299777764425623f,-0.9912017705250006f,-0.22221653058688717f,0f,0f,0f,1f],start_interpolation:0}
execute if entity @s[tag=aj.twins_sapphiel.bone.leg_right_1] run data modify entity @s {} merge value {transformation:[-0.8630800984732405f,0.5035640569851988f,-0.03893564089659668f,-0.3663881354337884f,0.4606032597239853f,0.7531284959906602f,-0.4697255641951851f,0.5007549203457046f,-0.20721337010690255f,-0.42334466931739384f,-0.88195346260984f,0.1385208034259086f,0f,0f,0f,1f],start_interpolation:0}
execute if entity @s[tag=aj.twins_sapphiel.bone.leg_right_0] run data modify entity @s {} merge value {transformation:[-0.8630800984732405f,0.37919769993955477f,-0.33361931595753364f,-0.23484719681377383f,0.4606032597239853f,0.3199421679058667f,-0.8279381899195937f,0.6002380908679354f,-0.20721337010690255f,-0.8682431189224856f,-0.4507954144539342f,-0.18823462549393893f,0f,0f,0f,1f],start_interpolation:0}
execute if entity @s[tag=aj.twins_sapphiel.bone.leg_left_1] run data modify entity @s {} merge value {transformation:[-0.9688084791876792f,-0.2024651417211288f,0.14289155693006914f,-0.018658575217599366f,-0.16679359116264622f,0.9592085456201278f,0.2282517556479854f,0.22869140327371373f,-0.18327582655965313f,0.1972988403340546f,-0.9630592603789827f,0.0946938405933413f,0f,0f,0f,1f],start_interpolation:0}
execute if entity @s[tag=aj.twins_sapphiel.bone.leg_left_0] run data modify entity @s {} merge value {transformation:[-0.9688084791876792f,-0.029622201610648796f,0.2460338509754177f,-0.019077172195463666f,-0.16679359116264622f,0.8122233154860258f,-0.558993008657493f,0.4850872759369392f,-0.18327582655965313f,-0.5825940361457762f,-0.7918296284215752f,-0.1364312829672133f,0f,0f,0f,1f],start_interpolation:0}
execute if entity @s[tag=aj.twins_sapphiel.bone.skirt_forward_right] run data modify entity @s {} merge value {transformation:[-0.7033912915879917f,0.6769269293028167f,-0.2168193333234747f,-0.0792334456373469f,0.6160613058623434f,0.42842918121751455f,-0.6609969017328857f,0.6717255351129712f,-0.3545548735208144f,-0.5985134660690179f,-0.7183818431702529f,-0.07424478908872363f,0f,0f,0f,1f],start_interpolation:0}
execute if entity @s[tag=aj.twins_sapphiel.bone.skirt_forward_left] run data modify entity @s {} merge value {transformation:[-0.9772711553280408f,0.163734027939613f,-0.13465606951959608f,-0.0792334456373469f,0.2119511912751749f,0.7672859914545583f,-0.6052676266203485f,0.6717255351129712f,0.0042168093187178735f,-0.6200511070970404f,-0.7845500896099012f,-0.07424478908872363f,0f,0f,0f,1f],start_interpolation:0}
execute if entity @s[tag=aj.twins_sapphiel.bone.skirt_forward] run data modify entity @s {} merge value {transformation:[-0.8630800984732405f,0.48678587341967416f,-0.13465606951959608f,-0.0960654543272964f,0.4606032597239853f,0.6492270306271986f,-0.6052676266203485f,0.5960670817854276f,-0.20721337010690255f,-0.5844174673485005f,-0.7845500896099012f,-0.1723135502899613f,0f,0f,0f,1f],start_interpolation:0}
execute if entity @s[tag=aj.twins_sapphiel.bone.skirt_back_right] run data modify entity @s {} merge value {transformation:[-0.7008301766124436f,0.6108828835187171f,0.36831938066470055f,-0.046959296322157985f,0.7133028265377656f,0.5958069131248397f,0.3690707248291093f,0.6403629557362615f,0.006011755368061207f,0.5213791565612375f,-0.8533039516496377f,-0.2783864535070705f,0f,0f,0f,1f],start_interpolation:0}
execute if entity @s[tag=aj.twins_sapphiel.bone.skirt_back_left] run data modify entity @s {} merge value {transformation:[-0.9194476026343072f,0.0168985724954841f,0.39284926404110737f,-0.046959296322157985f,0.16831485435165489f,0.919833759471905f,0.3543669916066715f,0.6403629557362615f,-0.35536771915103094f,0.3919442475447197f,-0.8485832257368734f,-0.2783864535070705f,0f,0f,0f,1f],start_interpolation:0}
execute if entity @s[tag=aj.twins_sapphiel.bone.skirt_back] run data modify entity @s {} merge value {transformation:[-0.8630800984732405f,0.3174306213360356f,0.39284926404110737f,-0.0960654543272964f,0.4606032597239853f,0.8137989139776952f,0.3543669916066715f,0.5960670817854276f,-0.20721337010690255f,0.4867947496090547f,-0.8485832257368734f,-0.1723135502899613f,0f,0f,0f,1f],start_interpolation:0}
execute if entity @s[tag=aj.twins_sapphiel.bone.skirt_right] run data modify entity @s {} merge value {transformation:[-0.5039988119873358f,0.8571012864458875f,0.10659541401091661f,-0.2632872234064868f,0.8248446975661399f,0.5142460644246489f,-0.23490894006142643f,0.6853089633569497f,-0.2561570268651184f,-0.030469164684391245f,-0.9661548569411936f,-0.21246114074817365f,0f,0f,0f,1f],start_interpolation:0}
execute if entity @s[tag=aj.twins_sapphiel.bone.skirt_left] run data modify entity @s {} merge value {transformation:[-0.9925657123947641f,-0.0587428658656991f,0.10659541401091661f,0.07115631475189396f,-0.0825467084899727f,0.9685059787098313f,-0.23490894006142643f,0.5068252002139054f,-0.08943907141594054f,-0.24196166000669575f,-0.9661548569411936f,-0.13216595983174892f,0f,0f,0f,1f],start_interpolation:0}
execute if entity @s[tag=aj.twins_sapphiel.bone.belt_right_1] run data modify entity @s {} merge value {transformation:[-0.8630800984732405f,-0.13846497905807295f,0.48571616525895944f,-0.16281215366704818f,0.4606032597239853f,0.17876581012617132f,0.8694178640110707f,0.6071207421066712f,-0.20721337010690255f,0.9740997047039801f,-0.09051179229558276f,-0.6388659746598804f,0f,0f,0f,1f],start_interpolation:0}
execute if entity @s[tag=aj.twins_sapphiel.bone.belt_right_0] run data modify entity @s {} merge value {transformation:[-0.8630800984732405f,0.0014416487839900988f,0.505065010932459f,-0.16240668994655097f,0.4606032597239853f,0.4125140174845546f,0.785924183691017f,0.7231403095242022f,-0.20721337010690255f,0.9109501122605651f,-0.35669666696144436f,-0.38266125558659636f,0f,0f,0f,1f],start_interpolation:0}
execute if entity @s[tag=aj.twins_sapphiel.bone.belt_left_1] run data modify entity @s {} merge value {transformation:[-0.8630800984732405f,-0.22198093987817147f,0.453670812319048f,0.12158485271996579f,0.4606032597239853f,0.02258358458452947f,0.8873187808442647f,0.4750068305242027f,-0.20721337010690255f,0.9747894357440057f,0.08275370209738536f,-0.5788287995209811f,0f,0f,0f,1f],start_interpolation:0}
execute if entity @s[tag=aj.twins_sapphiel.bone.belt_left_0] run data modify entity @s {} merge value {transformation:[-0.8630800984732405f,-0.03159026232238711f,0.504078167495701f,0.11270009144179441f,0.4606032597239853f,0.3602353420905928f,0.8112183031961941f,0.5763230204871819f,-0.20721337010690255f,0.9323264201100794f,-0.29636137672386303f,-0.3166119938650212f,0f,0f,0f,1f],start_interpolation:0}
execute if entity @s[tag=aj.twins_sapphiel.bone.body_1] run data modify entity @s {} merge value {transformation:[-0.8630800984732405f,0.4943476828371571f,0.10350416461647743f,0.02752146638199286f,0.4606032597239853f,0.8544703741278431f,-0.24026031064131825f,0.8096846753173883f,-0.20721337010690255f,-0.15968953695016283f,-0.9651745287965189f,-0.212235934527502f,0f,0f,0f,1f],start_interpolation:0}