execute if entity @s[tag=aj.twins_sapphiel.bone.halo] run data modify entity @s {} merge value {transformation:[0.9289314206916505f,0.3699979963028396f,-0.013707603133864158f,-0.17979540104946512f,-0.03364448613702657f,0.12122259320066914f,0.9920550042463776f,2.054952953827506f,0.3687200349918173f,-0.9210898792352399f,0.12505586817916198f,0.01708730331111838f,0f,0f,0f,1f],start_interpolation:0}
execute if entity @s[tag=aj.twins_sapphiel.bone.head] run data modify entity @s {} merge value {transformation:[-0.996331631637584f,-0.0010218845123589754f,0.08557006223226266f,0.12922690406688886f,0.03209277654024154f,0.9224888354835734f,0.38468740829678655f,1.2916713623619493f,-0.07933053316553484f,0.3860224140645254f,-0.9190720115134984f,-0.12352876941703647f,0f,0f,0f,1f],start_interpolation:0}
execute if entity @s[tag=aj.twins_sapphiel.bone.slide2] run data modify entity @s {} merge value {transformation:[-0.000007876323746051926f,-0.00000287048052225106f,0.000005451959814484681f,-0.5391766522842033f,0.000005430488626745101f,9.462736729329837e-7f,0.000008343522002769932f,0.9329943476749599f,-0.000002910896343425969f,0.000009532308624215396f,8.134954028991879e-7f,-0.3609900004079329f,0f,0f,0f,1f],start_interpolation:0}
execute if entity @s[tag=aj.twins_sapphiel.bone.ruby_gun] run data modify entity @s {} merge value {transformation:[-0.000007876323746051926f,-0.00000287048052225106f,0.000005451959814484681f,-0.5391762073747668f,0.000005430488626745101f,9.462736729329837e-7f,0.000008343522002769932f,0.9329931213386093f,-0.000002910896343425969f,0.000009532308624215396f,8.134954028991879e-7f,-0.3609914264012952f,0f,0f,0f,1f],start_interpolation:0}
execute if entity @s[tag=aj.twins_sapphiel.bone.arm_right_1] run data modify entity @s {} merge value {transformation:[-0.6509603346601297f,0.7027475068706718f,0.2870480522251061f,-0.3565284591728114f,0.7107633044165044f,0.6970374354753628f,-0.09462736729329818f,1.0904481676680824f,-0.26658238462828654f,0.14242455944458526f,-0.9532308624215395f,-0.38718894409715654f,0f,0f,0f,1f],start_interpolation:0}
execute if entity @s[tag=aj.twins_sapphiel.bone.arm_right_0] run data modify entity @s {} merge value {transformation:[-0.6509603346601297f,0.5997067445745703f,0.46540569744142923f,-0.21382657011236142f,0.7107633044165044f,0.6968157238359556f,0.0962464134911251f,1.2840399860159706f,-0.26658238462828654f,0.3934458889437581f,-0.8798489442393804f,-0.21949335115744983f,0f,0f,0f,1f],start_interpolation:0}
execute if entity @s[tag=aj.twins_sapphiel.bone.slide] run data modify entity @s {} merge value {transformation:[-0.000010177941307947619f,-2.744780985233569e-7f,0.000001500024964130646f,0.6147770286133322f,2.974515984959141e-7f,0.000009571662542286535f,0.0000037697083588457706f,0.9927167437029562f,-0.0000014956388822628167f,0.0000037714506940473782f,-0.000009458072022555325f,0.4282948247779348f,0f,0f,0f,1f],start_interpolation:0}
execute if entity @s[tag=aj.twins_sapphiel.bone.sapphire_gun] run data modify entity @s {} merge value {transformation:[-0.000010177941307947619f,-2.744780985233569e-7f,0.000001500024964130646f,0.6147763261226022f,2.974515984959141e-7f,0.000009571662542286535f,0.0000037697083588457706f,0.9927148891910008f,-0.0000014956388822628167f,0.0000037714506940473782f,-0.000009458072022555325f,0.4282949783075482f,0f,0f,0f,1f],start_interpolation:0}
execute if entity @s[tag=aj.twins_sapphiel.bone.body] run data modify entity @s {} merge value {transformation:[-0.000014753528120730794f,-3.9787224376376854e-7f,0.0000021743749369844158f,0.7119578689456175f,4.311736912394052e-7f,0.000013874691178411419f,0.000005464415307224843f,0.9774816852669111f,-0.0000021680170518071533f,0.000005466940925187739f,-0.000013710034999288613f,0.25080069532299387f,0f,0f,0f,1f],start_interpolation:0}
execute if entity @s[tag=aj.twins_sapphiel.bone.shotgun] run data modify entity @s {} merge value {transformation:[-0.000010177941307947619f,-2.744780985233569e-7f,0.000001500024964130646f,0.7119580515599371f,2.974515984959141e-7f,0.000009571662542286535f,0.0000037697083588457706f,0.9774808440619602f,-0.0000014956388822628167f,0.0000037714506940473782f,-0.000009458072022555325f,0.2507992853198117f,0f,0f,0f,1f],start_interpolation:0}
execute if entity @s[tag=aj.twins_sapphiel.bone.rocket] run data modify entity @s {} merge value {transformation:[-1.1591148458556146f,-0.0312589382503325f,0.17083034304001862f,0.7490816864724245f,0.033875275294707186f,1.0900687886283023f,0.4293132364471506f,1.4615175830716656f,-0.17033083410650088f,0.4295116622915857f,-1.0771325322887135f,-0.06047619536060704f,0f,0f,0f,1f],start_interpolation:0}
execute if entity @s[tag=aj.twins_sapphiel.bone.launcher] run data modify entity @s {} merge value {transformation:[-2.162812527938869f,-0.05832659593621333f,0.31875530487776227f,0.7477495885993032f,0.06320846468038174f,2.033978290235889f,0.8010630262547261f,0.9971619459965377f,-0.31782326248084847f,0.8014332724850678f,-2.009840304793007f,-0.14376188285293384f,0f,0f,0f,1f],start_interpolation:0}
execute if entity @s[tag=aj.twins_sapphiel.bone.arm_left_1] run data modify entity @s {} merge value {transformation:[-0.7847661321992812f,-0.6151421806833547f,0.07577740624425744f,0.5413450197286023f,-0.15927873789337083f,0.08200558367161631f,-0.983821817150734f,0.8626981064152353f,0.5989761275777817f,-0.7841397718460685f,-0.1623342748809395f,0.058641691752674655f,0f,0f,0f,1f],start_interpolation:0}
execute if entity @s[tag=aj.twins_sapphiel.bone.arm_left_0] run data modify entity @s {} merge value {transformation:[-0.7847661321992812f,-0.489957580447515f,-0.3795835706600025f,0.4247175817407839f,-0.15927873789337083f,0.7512961884639338f,-0.6404563379768053f,1.1179401163254574f,0.5989761275777817f,-0.4421488511367888f,-0.6676316289918734f,-0.026287633273786068f,0f,0f,0f,1f],start_interpolation:0}
execute if entity @s[tag=aj.twins_sapphiel.bone.wing_3] run data modify entity @s {} merge value {transformation:[0.8489729645829683f,0.41005570886509757f,-0.33331549774102687f,-0.7612616856786831f,-0.049278048544729336f,0.6894430798064051f,0.722661686848474f,1.4904585984541054f,0.5261336135800766f,-0.5970950973958847f,0.6055252805019535f,-0.39978571150241626f,0f,0f,0f,1f],start_interpolation:0}
execute if entity @s[tag=aj.twins_sapphiel.bone.wing_2] run data modify entity @s {} merge value {transformation:[0.3905888698462732f,0.8581032069150322f,-0.33331549774102687f,-0.5227071523614035f,-0.47870398919541224f,0.498600618822035f,0.722661686848474f,1.4615823852378638f,0.786309624435953f,-0.12270415311806285f,0.6055252805019535f,-0.6009110368321394f,0f,0f,0f,1f],start_interpolation:0}
execute if entity @s[tag=aj.twins_sapphiel.bone.wing_1] run data modify entity @s {} merge value {transformation:[-0.03368934953821706f,0.46266990756980564f,-0.8858902778318765f,-0.3061445755413571f,-0.29842396000111104f,0.8412996886964221f,0.4507304892023148f,1.3201886362997601f,0.9538386487372731f,0.2795557018353415f,0.10972894671144245f,-0.5785271987499434f,0f,0f,0f,1f],start_interpolation:0}
execute if entity @s[tag=aj.twins_sapphiel.bone.wing_0] run data modify entity @s {} merge value {transformation:[-0.650536954467281f,0.46266990756980564f,-0.602277533618665f,-0.021358753725456675f,0.10795721230927148f,0.8412996886964221f,0.529679218121415f,1.1356248321796631f,0.751762536432114f,0.2795557018353415f,-0.5972450907194666f,-0.30786417668545946f,0f,0f,0f,1f],start_interpolation:0}
execute if entity @s[tag=aj.twins_sapphiel.bone.body_0] run data modify entity @s {} merge value {transformation:[-0.928791493604575f,0.2536682480285616f,0.27018286649953005f,0.03410131105617828f,0.24159981045892817f,0.9672673193731783f,-0.07761098156083032f,0.9289461175970075f,-0.28102649873987456f,-0.006808290148464291f,-0.9596758589186567f,-0.12097566061136236f,0f,0f,0f,1f],start_interpolation:0}
execute if entity @s[tag=aj.twins_sapphiel.bone.leg_right_1] run data modify entity @s {} merge value {transformation:[-0.9017091905899572f,0.1928190217508788f,0.3869642883479537f,-0.3487345513929032f,0.23391613671291683f,0.9703043486368301f,0.06158499818755392f,0.3878100846053397f,-0.3635983726461218f,0.1460489502443998f,-0.9200358294879611f,0.1365231964457573f,0f,0f,0f,1f],start_interpolation:0}
execute if entity @s[tag=aj.twins_sapphiel.bone.leg_right_0] run data modify entity @s {} merge value {transformation:[-0.9017091905899572f,0.414094975386765f,0.12428148279224313f,-0.19989921337880887f,0.23391613671291683f,0.7090245586367449f,-0.6652574059980643f,0.612042808817767f,-0.3635983726461218f,-0.5707972727767746f,-0.7361974577514434f,-0.08832527854743735f,0f,0f,0f,1f],start_interpolation:0}
execute if entity @s[tag=aj.twins_sapphiel.bone.leg_left_1] run data modify entity @s {} merge value {transformation:[-0.9387842128137883f,-0.24650322154056598f,0.2406664985861519f,0.04804035996565035f,-0.23556199676403713f,0.9690615126085568f,0.07369077595843132f,0.2492876633115122f,-0.2513856548256788f,0.01248785613860992f,-0.9678064403572265f,0.2036268343700313f,0f,0f,0f,1f],start_interpolation:0}
execute if entity @s[tag=aj.twins_sapphiel.bone.leg_left_0] run data modify entity @s {} merge value {transformation:[-0.9387842128137883f,-0.0831043516078998f,0.3343319735164828f,0.025528084268680435f,-0.23556199676403713f,0.8629970410639289f,-0.44693025495645644f,0.5535637746395377f,-0.2513856548256788f,-0.49832697484556654f,-0.8297442248603666f,0.002574314614093104f,0f,0f,0f,1f],start_interpolation:0}
execute if entity @s[tag=aj.twins_sapphiel.bone.skirt_forward_right] run data modify entity @s {} merge value {transformation:[-0.8379434243684557f,0.5229032195810115f,0.15627872698956377f,-0.09237163953062111f,0.3495032458542996f,0.7340785190912206f,-0.5822166340342307f,0.7046206869993903f,-0.4191638089040789f,-0.43324467770608877f,-0.7978726405538492f,0.048355360771433833f,0f,0f,0f,1f],start_interpolation:0}
execute if entity @s[tag=aj.twins_sapphiel.bone.skirt_forward_left] run data modify entity @s {} merge value {transformation:[-0.960335691547828f,0.19095370528294509f,0.20320443395277848f,-0.09237163953062111f,0.06168668252574666f,0.8561600074563602f,-0.5130153943414298f,0.7046206869993903f,-0.2719377001048635f,-0.4801319860944896f,-0.8339803134311013f,0.048355360771433833f,0f,0f,0f,1f],start_interpolation:0}
execute if entity @s[tag=aj.twins_sapphiel.bone.skirt_forward] run data modify entity @s {} merge value {transformation:[-0.9017091905899572f,0.3816130155373831f,0.20320443395277848f,-0.0669710852865238f,0.23391613671291683f,0.8258925148916239f,-0.5130153943414298f,0.6404937627067115f,-0.3635983726461218f,-0.4150578998386294f,-0.8339803134311013f,-0.055892178407453835f,0f,0f,0f,1f],start_interpolation:0}
execute if entity @s[tag=aj.twins_sapphiel.bone.skirt_back_right] run data modify entity @s {} merge value {transformation:[-0.8597022329269832f,0.339263382727367f,0.3818539352170449f,-0.01757946195220099f,0.40546771982677515f,0.9079176644161112f,0.10621413662817798f,0.6535620098209617f,-0.31065736572441804f,0.24614197484699274f,-0.9180991936275662f,-0.16997411589872047f,0f,0f,0f,1f],start_interpolation:0}
execute if entity @s[tag=aj.twins_sapphiel.bone.skirt_back_left] run data modify entity @s {} merge value {transformation:[-0.9183207411101663f,0.02359956119293216f,0.3951329866745825f,-0.01757946195220099f,0.07047732977643795f,0.9920196997533266f,0.10454597691400114f,0.6535620098209617f,-0.3895124676238977f,0.12385465680716541f,-0.9126554999301331f,-0.16997411589872047f,0f,0f,0f,1f],start_interpolation:0}
execute if entity @s[tag=aj.twins_sapphiel.bone.skirt_back] run data modify entity @s {} merge value {transformation:[-0.9017091905899572f,0.1754721016208226f,0.3951329866745825f,-0.0669710852865238f,0.23391613671291683f,0.9666195630631531f,0.10454597691400114f,0.6404937627067115f,-0.3635983726461218f,0.18669804995331524f,-0.9126554999301331f,-0.055892178407453835f,0f,0f,0f,1f],start_interpolation:0}
execute if entity @s[tag=aj.twins_sapphiel.bone.skirt_right] run data modify entity @s {} merge value {transformation:[-0.7891035064961989f,0.5424254798682175f,0.2882538027938872f,-0.24167724096332804f,0.46285093509575714f,0.8335770982670079f,-0.3015265048478131f,0.6858150141948391f,-0.40383742758242014f,-0.10451708010889371f,-0.9088407517541918f,-0.12633936310763993f,0f,0f,0f,1f],start_interpolation:0}
execute if entity @s[tag=aj.twins_sapphiel.bone.skirt_left] run data modify entity @s {} merge value {transformation:[-0.9575344271141693f,0.006129116249709243f,0.2882538027938872f,0.10773507039028042f,-0.08469189781877953f,0.9496889223941253f,-0.3015265048478131f,0.5951725112185839f,-0.2755995343519162f,-0.3131347706912829f,-0.9088407517541918f,0.014555006292732264f,0f,0f,0f,1f],start_interpolation:0}
execute if entity @s[tag=aj.twins_sapphiel.bone.belt_right_1] run data modify entity @s {} merge value {transformation:[-0.9017091905899572f,-0.12680198028496334f,0.4133301264140032f,-0.08962877343903444f,0.23391613671291683f,0.6609254470462509f,0.7130643690663678f,0.546629035367014f,-0.3635983726461218f,0.7396612814271982f,-0.5663015205405745f,-0.4984156902078563f,0f,0f,0f,1f],start_interpolation:0}
execute if entity @s[tag=aj.twins_sapphiel.bone.belt_right_0] run data modify entity @s {} merge value {transformation:[-0.9017091905899572f,-0.13567576328241693f,0.4105028902009554f,-0.1277875818622142f,0.23391613671291683f,0.6454125703431484f,0.7271353759984136f,0.7281513207760245f,-0.3635983726461218f,0.751687901526148f,-0.550237696008105f,-0.2870034679036272f,0f,0f,0f,1f],start_interpolation:0}
execute if entity @s[tag=aj.twins_sapphiel.bone.belt_left_1] run data modify entity @s {} merge value {transformation:[-0.9017091905899572f,-0.14658031133051805f,0.40673670591164063f,0.19433788436077307f,0.23391613671291683f,0.6257816990690204f,0.7440971079742172f,0.46606197109381475f,-0.3635983726461218f,0.7661014798579483f,-0.529985609208923f,-0.3778191151995611f,0f,0f,0f,1f],start_interpolation:0}
execute if entity @s[tag=aj.twins_sapphiel.bone.belt_left_0] run data modify entity @s {} merge value {transformation:[-0.9017091905899572f,-0.12339790834644776f,0.41435913386979384f,0.15963222263833463f,0.23391613671291683f,0.6667682883732177f,0.7076039079917193f,0.6535905521987823f,-0.3635983726461218f,0.7349782349400364f,-0.5723663316212095f,-0.17110648662267583f,0f,0f,0f,1f],start_interpolation:0}
execute if entity @s[tag=aj.twins_sapphiel.bone.body_1] run data modify entity @s {} merge value {transformation:[-0.9017091905899572f,0.32343166829664666f,0.28690153632989146f,0.013886831787637863f,0.23391613671291683f,0.9230475356489471f,-0.30539562524324027f,0.8712556466189483f,-0.3635983726461218f,-0.20826714305250726f,-0.9079763325846321f,-0.10795896417058065f,0f,0f,0f,1f],start_interpolation:0}