execute if entity @s[tag=aj.labyria.bone.wing_right_1] run data modify entity @s {} merge value {transformation:[-0.7877167724285863f,-0.10020539643391978f,0.19080254035168365f,0.1815020715779972f,-0.10898408830370161f,0.8089734038098212f,-0.025078773283539604f,1.2457184376606856f,-0.18592794135294954f,-0.04965234031057537f,-0.7936686274323693f,-0.29088997533175137f,0f,0f,0f,1f],start_interpolation:0}
execute if entity @s[tag=aj.labyria.bone.wing_right_2] run data modify entity @s {} merge value {transformation:[-0.7504676067051027f,0.2046058220983286f,0.18690861095675135f,0.1815020715779972f,0.20462943703721098f,0.7729962858231406f,-0.024566961583875533f,1.2457184376606856f,-0.18688275678657254f,0.02476286871702481f,-0.7774713085051782f,-0.29088997533175137f,0f,0f,0f,1f],start_interpolation:0}
execute if entity @s[tag=aj.labyria.bone.wing_left_1] run data modify entity @s {} merge value {transformation:[-0.5449074140876304f,0.13477220279355898f,0.5931751915504792f,0.13111541886616807f,0.15547507184027598f,0.8007757890526501f,-0.039116264492035945f,1.247476266360923f,-0.5880883067644153f,0.08682760773925365f,-0.5599621008833416f,-0.3201556064690323f,0f,0f,0f,1f],start_interpolation:0}
execute if entity @s[tag=aj.labyria.bone.wing_left_2] run data modify entity @s {} merge value {transformation:[-0.5436772860163174f,-0.08229919330463029f,0.5810695753963878f,0.13111541886616807f,-0.15948087264056654f,0.7830054815758677f,-0.03831797337995358f,1.247476266360923f,-0.564783905517619f,-0.14187761840244756f,-0.5485343029061306f,-0.3201556064690323f,0f,0f,0f,1f],start_interpolation:0}
execute if entity @s[tag=aj.labyria.bone.musket] run data modify entity @s {} merge value {transformation:[-0.00001470922474688447f,0.0000022739162988927045f,0.000006537099974283065f,-0.48755916264743043f,0.0000035541369307420414f,0.000015656482724759116f,0.0000025511415933567686f,0.95563595940887f,-0.000005939064074892364f,0.0000037375817606374155f,-0.000014663685231188423f,-0.4612005421836539f,0f,0f,0f,1f],start_interpolation:0}
execute if entity @s[tag=aj.labyria.bone.omega_blade] run data modify entity @s {} merge value {transformation:[-1.6232985818222303f,0.2509476309386609f,0.721429259535345f,-0.48755916264743043f,0.3922317823376503f,1.7278372341689083f,0.28154199842523314f,0.95563595940887f,-0.65543048366068f,0.41247661082698694f,-1.6182728763538354f,-0.4612005421836539f,0f,0f,0f,1f],start_interpolation:0}
execute if entity @s[tag=aj.labyria.bone.arm_right_2] run data modify entity @s {} merge value {transformation:[-0.49971654921087405f,-0.7223655161657423f,0.4779868528520179f,-0.32427767529411144f,-0.8438388199168131f,0.5305364326118285f,-0.08041852816929157f,1.2122143502450622f,-0.1954978681371652f,-0.44353033123577396f,-0.8746779000453297f,-0.3955618108118628f,0f,0f,0f,1f],start_interpolation:0}
execute if entity @s[tag=aj.labyria.bone.arm_right_1] run data modify entity @s {} merge value {transformation:[-0.16262637008747527f,-0.7223655161657423f,0.6721166006034757f,-0.2680017226716033f,-0.7537394949278708f,0.5305364326118285f,0.38782453178904625f,1.4900873215976826f,-0.6367334116708889f,-0.44353033123577396f,-0.6307546335428973f,-0.15483435688710787f,0f,0f,0f,1f],start_interpolation:0}
execute if entity @s[tag=aj.labyria.bone.arm_left_2] run data modify entity @s {} merge value {transformation:[-0.2751470514230062f,0.7695039070111429f,0.5763313605798419f,0.43829694042265877f,0.8460794150366299f,0.4784898935399584f,-0.23494051424008008f,1.1395210073307904f,-0.4565563749905366f,0.42297891067369514f,-0.7827164988556167f,0.17463493008353864f,0f,0f,0f,1f],start_interpolation:0}
execute if entity @s[tag=aj.labyria.bone.arm_left_1] run data modify entity @s {} merge value {transformation:[-0.4953545265134825f,0.7695039070111429f,0.4030975442212342f,0.2478950442940389f,0.8652184215484536f,0.4784898935399584f,0.14981490177322684f,1.4720893381134772f,-0.07759494877764833f,0.42297891067369514f,-0.9028110904555218f,0.14480937164713006f,0f,0f,0f,1f],start_interpolation:0}
execute if entity @s[tag=aj.labyria.bone.himo_right_2] run data modify entity @s {} merge value {transformation:[-0.864329661931966f,0.17917449559068915f,0.4699263087276506f,-0.2771576171189433f,0.030153689607045803f,0.951166642959753f,-0.30720151745028107f,1.1530417622510598f,-0.5020209064447965f,-0.2513533716712301f,-0.8275243150759073f,0.12391507799876961f,0f,0f,0f,1f],start_interpolation:0}
execute if entity @s[tag=aj.labyria.bone.himo_right_1] run data modify entity @s {} merge value {transformation:[-0.864329661931966f,0.11454827344580588f,0.48970698234266374f,-0.2526191472082131f,0.030153689607045803f,0.9837679079098414f,-0.17689391840811133f,1.3363926579941043f,-0.5020209064447965f,-0.13812818835153992f,-0.8537538363457388f,0.09268008120569503f,0f,0f,0f,1f],start_interpolation:0}
execute if entity @s[tag=aj.labyria.bone.himo_left_2] run data modify entity @s {} merge value {transformation:[-0.864329661931966f,0.17917449559068915f,0.4699263087276506f,-0.0070545977652039585f,0.030153689607045803f,0.951166642959753f,-0.30720151745028107f,1.143618734248858f,-0.5020209064447965f,-0.2513533716712301f,-0.8275243150759073f,0.2807966112627685f,0f,0f,0f,1f],start_interpolation:0}
execute if entity @s[tag=aj.labyria.bone.himo_left_1] run data modify entity @s {} merge value {transformation:[-0.864329661931966f,0.11454827344580588f,0.48970698234266374f,0.017483872145526283f,0.030153689607045803f,0.9837679079098414f,-0.17689391840811133f,1.3269696299919025f,-0.5020209064447965f,-0.13812818835153992f,-0.8537538363457388f,0.2495616144696939f,0f,0f,0f,1f],start_interpolation:0}
execute if entity @s[tag=aj.labyria.bone.ribbon_left_himo_1] run data modify entity @s {} merge value {transformation:[-0.9991986257113801f,-0.01678375004994217f,-0.036337475294112076f,0.2901782233360245f,-0.019229166477070916f,0.9974980225964093f,0.06802892085613527f,1.741228804277681f,0.035104779348206216f,0.06867314358986559f,-0.9970213908519714f,0.06582342895797508f,0f,0f,0f,1f],start_interpolation:0}
execute if entity @s[tag=aj.labyria.bone.ribbon_left_himo_2] run data modify entity @s {} merge value {transformation:[-0.9991986257113801f,-0.01678375004994217f,-0.036337475294112076f,0.28535215239852524f,-0.019229166477070916f,0.9974980225964093f,0.06802892085613527f,1.7502638953288863f,0.035104779348206216f,0.06867314358986559f,-0.9970213908519714f,-0.06659347451455236f,0f,0f,0f,1f],start_interpolation:0}
execute if entity @s[tag=aj.labyria.bone.ribbon_left] run data modify entity @s {} merge value {transformation:[-0.9991986257113801f,-0.01678375004994217f,-0.036337475294112076f,0.28543989749124477f,-0.019229166477070916f,0.9974980225964093f,0.06802892085613527f,1.85238550570328f,0.035104779348206216f,0.06867314358986559f,-0.9970213908519714f,0.006975944544794799f,0f,0f,0f,1f],start_interpolation:0}
execute if entity @s[tag=aj.labyria.bone.ribbon_right_himo_1] run data modify entity @s {} merge value {transformation:[-0.9991986257113801f,-0.01678375004994217f,-0.036337475294112076f,-0.31040260063062186f,-0.019229166477070916f,0.9974980225964093f,0.06802892085613527f,1.729670873402056f,0.035104779348206216f,0.06867314358986559f,-0.9970213908519714f,0.08692359539495627f,0f,0f,0f,1f],start_interpolation:0}
execute if entity @s[tag=aj.labyria.bone.ribbon_right_himo_2] run data modify entity @s {} merge value {transformation:[-0.9991986257113801f,-0.01678375004994217f,-0.036337475294112076f,-0.3152286715681211f,-0.019229166477070916f,0.9974980225964093f,0.06802892085613527f,1.7387059644532616f,0.035104779348206216f,0.06867314358986559f,-0.9970213908519714f,-0.04549330807757116f,0f,0f,0f,1f],start_interpolation:0}
execute if entity @s[tag=aj.labyria.bone.ribbon_right] run data modify entity @s {} merge value {transformation:[-0.9991986257113801f,-0.01678375004994217f,-0.036337475294112076f,-0.3140792779355832f,-0.019229166477070916f,0.9974980225964093f,0.06802892085613527f,1.8408480058170373f,0.035104779348206216f,0.06867314358986559f,-0.9970213908519714f,0.028038812153718527f,0f,0f,0f,1f],start_interpolation:0}
execute if entity @s[tag=aj.labyria.bone.crown] run data modify entity @s {} merge value {transformation:[-0.9791462969829883f,0.19988025663819653f,-0.036337475294112076f,0.15015690108442636f,0.19712472846297904f,0.9780152899395522f,0.06802892085613527f,2.130998305433827f,0.04913624459498644f,0.059447250993651585f,-0.9970213908519714f,0.04779397113422045f,0f,0f,0f,1f],start_interpolation:0}
execute if entity @s[tag=aj.labyria.bone.ear_edge_a1] run data modify entity @s {} merge value {transformation:[-0.9895223895142468f,0.13973198824630267f,-0.036337475294112076f,0.17607231071333979f,0.1370506460147916f,0.9882252710561888f,0.06802892085613527f,2.1290977748541433f,0.04541542774149984f,0.06233606585803397f,-0.9970213908519714f,0.029842634517236323f,0f,0f,0f,1f],start_interpolation:0}
execute if entity @s[tag=aj.labyria.bone.ear_edge_a2] run data modify entity @s {} merge value {transformation:[-0.9991986257113801f,-0.01678375004994219f,-0.036337475294112076f,0.06081046878018549f,-0.01922916647707093f,0.9974980225964094f,0.06802892085613527f,2.1369350324546263f,0.035104779348206216f,0.06867314358986559f,-0.9970213908519714f,0.03457822449951112f,0f,0f,0f,1f],start_interpolation:0}
execute if entity @s[tag=aj.labyria.bone.ear_edge_b1] run data modify entity @s {} merge value {transformation:[-0.9735785128559542f,0.22544282466833654f,-0.036337475294112076f,0.03856438676313412f,0.22265863443089196f,0.9725200246989879f,0.06802892085613527f,2.1321966432795643f,0.050675554447474805f,0.05814064297065832f,-0.9970213908519714f,0.03506569543841867f,0f,0f,0f,1f],start_interpolation:0}
execute if entity @s[tag=aj.labyria.bone.ear_edge_b2] run data modify entity @s {} merge value {transformation:[-0.9955938528590078f,-0.08644343837797082f,-0.036337475294112076f,0.06748062621167544f,-0.08876426981705064f,0.9937268087009606f,0.06802892085613527f,2.142732510494618f,0.030228869532321023f,0.07095464488247727f,-0.9970213908519714f,0.034730698152802816f,0f,0f,0f,1f],start_interpolation:0}
execute if entity @s[tag=aj.labyria.bone.ear_right_2] run data modify entity @s {} merge value {transformation:[-0.9968591734759291f,0.07036601556246516f,-0.036337475294112076f,0.12232672927611937f,0.0677816873555288f,0.9953781737542706f,0.06802892085613527f,2.2504447265444623f,0.040956453900754954f,0.06535223842743168f,-0.9970213908519714f,0.008737852530861234f,0f,0f,0f,1f],start_interpolation:0}
execute if entity @s[tag=aj.labyria.bone.ear_right_1] run data modify entity @s {} merge value {transformation:[-0.9968591734759291f,0.07036601556246516f,-0.036337475294112076f,0.10649437577456473f,0.0677816873555288f,0.9953781737542706f,0.06802892085613527f,2.0264846374497516f,0.040956453900754954f,0.06535223842743168f,-0.9970213908519714f,-0.00596640111531087f,0f,0f,0f,1f],start_interpolation:0}
execute if entity @s[tag=aj.labyria.bone.ear_edge_a3] run data modify entity @s {} merge value {transformation:[-0.9842712755933833f,-0.17288621671788457f,-0.036337475294112076f,-0.21409131897712147f,-0.17503549307232324f,0.9822090623141686f,0.06802892085613527f,2.1215892363157973f,0.023929734781276676f,0.07331926061341794f,-0.9970213908519714f,0.04355022755983841f,0f,0f,0f,1f],start_interpolation:0}
execute if entity @s[tag=aj.labyria.bone.ear_edge_a4] run data modify entity @s {} merge value {transformation:[-0.9991986257113801f,-0.016783750049942175f,-0.036337475294112076f,-0.09916774959060884f,-0.019229166477070916f,0.9974980225964093f,0.06802892085613527f,2.1338563174578287f,0.035104779348206216f,0.06867314358986559f,-0.9970213908519714f,0.04019872868347911f,0f,0f,0f,1f],start_interpolation:0}
execute if entity @s[tag=aj.labyria.bone.ear_edge_b3] run data modify entity @s {} merge value {transformation:[-0.9654577996012481f,-0.2580132265570234f,-0.036337475294112076f,-0.07677666654720847f,-0.25997459053599514f,0.9632161118891188f,0.06802892085613527f,2.129976952160427f,0.0174484802993779f,0.07512587249971055f,-0.9970213908519714f,0.03911796504934469f,0f,0f,0f,1f],start_interpolation:0}
execute if entity @s[tag=aj.labyria.bone.ear_edge_b4] run data modify entity @s {} merge value {transformation:[-0.9979354032983814f,0.05295770702123312f,-0.036337475294112076f,-0.10602862055475074f,0.05039961942907603f,0.9964095263939191f,0.06802892085613527f,2.1393933964230714f,0.039809662207827036f,0.06605707364468434f,-0.9970213908519714f,0.04082658706405143f,0f,0f,0f,1f],start_interpolation:0}
execute if entity @s[tag=aj.labyria.bone.ear_left_2] run data modify entity @s {} merge value {transformation:[-0.9939335730725416f,-0.10380578119016409f,-0.036337475294112076f,-0.16666158142106716f,-0.10609367474189195f,0.9920263091808157f,0.06802892085613527f,2.244883265396167f,0.02898593622797232f,0.0714714046636028f,-0.9970213908519714f,0.018890859771051288f,0f,0f,0f,1f],start_interpolation:0}
execute if entity @s[tag=aj.labyria.bone.ear_left_1] run data modify entity @s {} merge value {transformation:[-0.9939335730725416f,-0.10380578119016409f,-0.036337475294112076f,-0.14330528065328027f,-0.10609367474189195f,0.9920263091808157f,0.06802892085613527f,2.0216773458304838f,0.02898593622797232f,0.0714714046636028f,-0.9970213908519714f,0.0028097937217406842f,0f,0f,0f,1f],start_interpolation:0}
execute if entity @s[tag=aj.labyria.bone.head] run data modify entity @s {} merge value {transformation:[-0.9991986257113801f,-0.01678375004994217f,-0.036337475294112076f,-0.008668234435821404f,-0.019229166477070916f,0.9974980225964093f,0.06802892085613527f,1.5107373512827034f,0.035104779348206216f,0.06867314358986559f,-0.9970213908519714f,-0.005616371322467112f,0f,0f,0f,1f],start_interpolation:0}
execute if entity @s[tag=aj.labyria.bone.back_musket] run data modify entity @s {} merge value {transformation:[0.8232826013450204f,0.986199839131947f,0.9961286444248539f,0.014518110318832059f,-0.20327726927297202f,1.2270196842574297f,-1.0467844510054212f,1.4522253755583292f,-1.3869177159242358f,0.40557269677077484f,0.7447326214921579f,-0.24607572456414253f,0f,0f,0f,1f],start_interpolation:0}
execute if entity @s[tag=aj.labyria.bone.body_1] run data modify entity @s {} merge value {transformation:[-0.864329661931966f,0.04665616009973146f,0.5007568653841117f,-0.026164294473220703f,0.030153689607045803f,0.9987038796504701f,-0.041003850723815655f,1.1362233964137771f,-0.5020209064447965f,-0.02034117734663464f,-0.8646162420383379f,0.0020115701825208776f,0f,0f,0f,1f],start_interpolation:0}
execute if entity @s[tag=aj.labyria.bone.belt2] run data modify entity @s {} merge value {transformation:[-0.4543209184356537f,0.2558733443346968f,0.8533002605945703f,-0.07311394697908971f,0.006323072732520266f,0.9587644434066208f,-0.2841315906589972f,0.3941498238829341f,-0.8908156497407325f,-0.12369144561436082f,-0.4372046482584859f,0.3912828404048928f,0f,0f,0f,1f],start_interpolation:0}
execute if entity @s[tag=aj.labyria.bone.leg_left_2] run data modify entity @s {} merge value {transformation:[-0.766439853138466f,0.11416444652486524f,0.632088942057016f,-0.01328823386672992f,-0.0035321547426945847f,0.9833137130410663f,-0.18188365959663688f,0.48219933121240205f,-0.6423063719160509f,-0.1416355213040246f,-0.7532475713209946f,0.2123747362958682f,0f,0f,0f,1f],start_interpolation:0}
execute if entity @s[tag=aj.labyria.bone.leg_left_1] run data modify entity @s {} merge value {transformation:[-0.766439853138466f,0.2482673798906475f,0.5923962015436286f,0.08136370471657944f,-0.0035321547426945847f,0.9206384227235235f,-0.3904003310552086f,0.8331927298757453f,-0.6423063719160509f,-0.3013108074519992f,-0.7047370587025092f,0.09749999095479352f,0f,0f,0f,1f],start_interpolation:0}
execute if entity @s[tag=aj.labyria.bone.belt] run data modify entity @s {} merge value {transformation:[-0.9035125814454494f,0.4261609377261305f,-0.04529757527909478f,-0.32889336083610116f,0.3426121995901104f,0.6547682690197629f,-0.673717592598627f,0.7891960481984628f,-0.25745270606813675f,-0.6242318231564683f,-0.7375993052443481f,0.10616118530036839f,0f,0f,0f,1f],start_interpolation:0}
execute if entity @s[tag=aj.labyria.bone.leg_right_2] run data modify entity @s {} merge value {transformation:[-0.7972585072712947f,-0.16200591056878202f,0.5814920098542427f,-0.28552180376408015f,0.14318849626345787f,0.8850624054941864f,0.4429013354220708f,0.6743022867866901f,-0.5864093511544275f,0.4363698240273081f,-0.6824261495261003f,0.13637931226106553f,0f,0f,0f,1f],start_interpolation:0}
execute if entity @s[tag=aj.labyria.bone.leg_right_1] run data modify entity @s {} merge value {transformation:[-0.7972585072712947f,0.49987504333410215f,0.33838412142900026f,-0.09925903263728439f,0.14318849626345787f,0.701183550619743f,-0.6984544959251817f,0.8409135475256262f,-0.5864093511544275f,-0.5083960753113851f,-0.6306009066649236f,-0.07617316961464193f,0f,0f,0f,1f],start_interpolation:0}
execute if entity @s[tag=aj.labyria.bone.skirt_forward_right] run data modify entity @s {} merge value {transformation:[-0.7402897394642255f,0.3208500882795541f,0.5907844975073325f,-0.009766653491783083f,0.08229368819908775f,0.9154059202823105f,-0.39403013843446977f,1.051673071611432f,-0.6672322313307267f,-0.2430786332919832f,-0.7040695473533285f,0.011639444386455276f,0f,0f,0f,1f],start_interpolation:0}
execute if entity @s[tag=aj.labyria.bone.skirt_forward_left] run data modify entity @s {} merge value {transformation:[-0.7856454386776243f,0.18367068952353816f,0.5907844975073325f,-0.009766653491783083f,-0.08229368819908775f,0.9154059202823105f,-0.39403013843446977f,1.051673071611432f,-0.6131794138485364f,-0.35818581619327716f,-0.7040695473533285f,0.011639444386455276f,0f,0f,0f,1f],start_interpolation:0}
execute if entity @s[tag=aj.labyria.bone.skirt_forward] run data modify entity @s {} merge value {transformation:[-0.766044443118978f,0.253277690828749f,0.5907844975073325f,-0.009766653491783083f,0f,0.9190975193119131f,-0.39403013843446977f,1.051673071611432f,-0.6427876096865393f,-0.3018445979691272f,-0.7040695473533285f,0.011639444386455276f,0f,0f,0f,1f],start_interpolation:0}
execute if entity @s[tag=aj.labyria.bone.skirt_back_right] run data modify entity @s {} merge value {transformation:[-0.7579514630602485f,0.12438731335718275f,0.6403416087687968f,-0.009766653491783083f,0.08919677634612874f,0.9921934345658425f,-0.08715574274765814f,1.051673071611432f,-0.6461838087837604f,-0.008943415467219488f,-0.7631294127377696f,0.011639444386455276f,0f,0f,0f,1f],start_interpolation:0}
execute if entity @s[tag=aj.labyria.bone.skirt_back_left] run data modify entity @s {} merge value {transformation:[-0.7679837150816012f,-0.012792085398833163f,0.6403416087687968f,-0.009766653491783083f,-0.08919677634612874f,0.9921934345658425f,-0.08715574274765814f,1.051673071611432f,-0.6342278363955027f,-0.12405059836851345f,-0.7631294127377696f,0.011639444386455276f,0f,0f,0f,1f],start_interpolation:0}
execute if entity @s[tag=aj.labyria.bone.skirt_back] run data modify entity @s {} merge value {transformation:[-0.766044443118978f,0.05602263155122211f,0.6403416087687968f,-0.009766653491783083f,0f,0.9961946980917455f,-0.08715574274765814f,1.051673071611432f,-0.6427876096865393f,-0.06676517241775069f,-0.7631294127377696f,0.011639444386455276f,0f,0f,0f,1f],start_interpolation:0}
execute if entity @s[tag=aj.labyria.bone.skirt_right] run data modify entity @s {} merge value {transformation:[-0.752973512797333f,0.17976027380245557f,0.633022221559489f,-0.15539729191986132f,0.0881772178246161f,0.9808522256944031f,-0.17364817766693033f,1.0762932654367372f,-0.6521162988933452f,-0.07493434001045049f,-0.7544065067354889f,-0.11622621052929893f,0f,0f,0f,1f],start_interpolation:0}
execute if entity @s[tag=aj.labyria.bone.skirt_left] run data modify entity @s {} merge value {transformation:[-0.7729616653445167f,0.04258087504643966f,0.633022221559489f,0.14144492978874265f,-0.0881772178246161f,0.9808522256944031f,-0.17364817766693033f,1.0762932654367372f,-0.6282953462859179f,-0.19004152291174445f,-0.7544065067354889f,0.13285398822423503f,0f,0f,0f,1f],start_interpolation:0}
execute if entity @s[tag=aj.labyria.bone.coat_downer] run data modify entity @s {} merge value {transformation:[-0.766044443118978f,0.13364305876663432f,0.6287411581963063f,-0.025637465415930625f,0f,0.9781476007338056f,-0.20791169081775931f,0.9116457192300085f,-0.6427876096865393f,-0.15926959541041558f,-0.7493045340922926f,0.030553541514445136f,0f,0f,0f,1f],start_interpolation:0}
execute if entity @s[tag=aj.labyria.bone.body_2] run data modify entity @s {} merge value {transformation:[-0.766044443118978f,0.11161889704894964f,0.633022221559489f,0f,0f,0.984807753012208f,-0.17364817766693033f,1.13784375f,-0.6427876096865393f,-0.133022221559489f,-0.7544065067354889f,0f,0f,0f,0f,1f],start_interpolation:0}
execute if entity @s[tag=aj.labyria.bone.sphere] run data modify entity @s {} merge value {transformation:[-1f,0f,1.1102230246251565e-16f,0.7912756713593231f,0f,1f,0f,2.110875f,-1.1102230246251565e-16f,0f,-1f,-0.239279665587521f,0f,0f,0f,1f],start_interpolation:0}