execute if entity @s[tag=aj.tultaria.bone.head] run data modify entity @s {} merge value {transformation:[-0.9895057023046551f,0.02509108918112337f,-0.1422986379073115f,0f,0f,0.984807753012208f,0.17364817766693036f,1.5872911497407562f,0.14449382376617775f,0.17182586199623945f,-0.9744728872794143f,0f,0f,0f,0f,1f],start_interpolation:0}
execute if entity @s[tag=aj.tultaria.bone.bust] run data modify entity @s {} merge value {transformation:[-0.8347757983507914f,-0.27529500834913384f,-0.47682494153079824f,0.03957365745018793f,0f,0.8660254037844387f,-0.49999999999999994f,1.4779161497407562f,0.5505900166982678f,-0.41738789917539565f,-0.7229370478362214f,0.05999951050646313f,0f,0f,0f,1f],start_interpolation:0}
execute if entity @s[tag=aj.tultaria.bone.left_wing] run data modify entity @s {} merge value {transformation:[-0.5605305969160201f,0f,-0.828133715000766f,-0.016650264690359018f,0f,1f,0f,1.3685411497407562f,0.828133715000766f,0f,-0.5605305969160201f,-0.13875885083749068f,0f,0f,0f,1f],start_interpolation:0}
execute if entity @s[tag=aj.tultaria.bone.right_wing] run data modify entity @s {} merge value {transformation:[-0.9819339517481105f,0f,-0.1892239794643883f,-0.12099723948420804f,0f,1f,0f,1.3685411497407562f,0.1892239794643883f,0f,-0.9819339517481105f,-0.06993509875020726f,0f,0f,0f,1f],start_interpolation:0}
execute if entity @s[tag=aj.tultaria.bone.body] run data modify entity @s {} merge value {transformation:[-0.8347757983507914f,0f,-0.5505900166982678f,0.6926829075245295f,0f,1f,0f,0.30604114974075625f,0.5505900166982678f,0f,-0.8347757983507914f,0.1420928908262618f,0f,0f,0f,1f],start_interpolation:0}
execute if entity @s[tag=aj.tultaria.locator_origin.locator_right_hand] at @s on origin run tp @s ^-0.53012 ^0.7848 ^0.29767 ~-50.5788 ~-0.82859
execute if entity @s[tag=aj.tultaria.bone.right_ring] run data modify entity @s {} merge value {transformation:[0.29881255945176594f,0.17407793817406247f,-0.9383005519314971f,-0.46207173043840466f,0.174675870412012f,0.956634480310989f,0.2331068668570915f,1.0447596291097585f,0.9381894236292001f,-0.23355372512805506f,0.25544718215145396f,0.20897287412880727f,0f,0f,0f,1f],start_interpolation:0}
execute if entity @s[tag=aj.tultaria.bone.sword] run data modify entity @s {} merge value {transformation:[-0.000006107925491869862f,0.0000017407793817406248f,-0.000007724178488996292f,-0.5313075754651309f,0.0000029093185818708737f,0.00000956634480310989f,-1.4461153893527646e-7f,0.8443615015804897f,0.000007364041796116259f,-0.000002335537251280551f,-0.000006349500308916736f,0.27315428788075025f,0f,0f,0f,1f],start_interpolation:0}
execute if entity @s[tag=aj.tultaria.bone.right_hand] run data modify entity @s {} merge value {transformation:[-0.6107925491869861f,0.17407793817406247f,-0.7724178488996292f,-0.5072862259330476f,0.29093185818708733f,0.956634480310989f,-0.014461153893527645f,1.1928780334808322f,0.7364041796116259f,-0.23355372512805506f,-0.6349500308916736f,0.11295353918145427f,0f,0f,0f,1f],start_interpolation:0}
execute if entity @s[tag=aj.tultaria.bone.right_arm] run data modify entity @s {} merge value {transformation:[-0.6107925491869861f,0.46647784522604613f,-0.6397897168374372f,-0.28695418068308454f,0.29093185818708733f,0.8837259308615536f,0.3665885063865056f,1.4622911497407562f,0.7364041796116259f,0.03777431714995741f,-0.6754864804082927f,0.18926531824002957f,0f,0f,0f,1f],start_interpolation:0}
execute if entity @s[tag=aj.tultaria.locator_origin.locator_left_hand] at @s on origin run tp @s ^0.44588 ^0.76196 ^-0.31587 ~-15.91597 ~-4.83703
execute if entity @s[tag=aj.tultaria.bone.left_ring] run data modify entity @s {} merge value {transformation:[-0.29644411706358154f,-0.22508152607519522f,-0.9281482597505933f,0.3533476938520398f,-0.047411610591782186f,0.9741019499456485f,-0.2210826322739497f,1.0293743868258436f,0.953872645922655f,-0.02153364185980805f,-0.2994382701472321f,-0.3130144355819817f,0f,0f,0f,1f],start_interpolation:0}
execute if entity @s[tag=aj.tultaria.bone.left_hand] run data modify entity @s {} merge value {transformation:[-0.9352392267724243f,-0.22508152607519522f,-0.2732506090126408f,0.29256146080785544f,-0.20979804497951726f,0.9741019499456485f,-0.08432183249228936f,1.1736726447086991f,0.28515323780187085f,-0.02153364185980805f,-0.9582400185962612f,-0.4062140688659762f,0f,0f,0f,1f],start_interpolation:0}
execute if entity @s[tag=aj.tultaria.bone.left_arm] run data modify entity @s {} merge value {transformation:[-0.9352392267724243f,-0.09986264101765721f,-0.3396395760730725f,0.28695418068308454f,-0.20979804497951726f,0.929113140599242f,0.3045218420550251f,1.4935411497407562f,0.28515323780187085f,0.3560564911566586f,-0.8898940420501296f,-0.18926531824002957f,0f,0f,0f,1f],start_interpolation:0}
execute if entity @s[tag=aj.tultaria.bone.leftfoot] run data modify entity @s {} merge value {transformation:[-0.8347757983507914f,0.2238834073786916f,-0.503016487193318f,0.17943751586932621f,0f,0.9135953648592565f,0.4066245311189203f,0.3981195276956174f,0.5505900166982678f,0.3394403175938129f,-0.7626473000699684f,0.045024600541358845f,0f,0f,0f,1f],start_interpolation:0}
execute if entity @s[tag=aj.tultaria.bone.leftleg] run data modify entity @s {} merge value {transformation:[-0.8347757983507914f,0.005738634242154042f,-0.550560109856166f,0.09230281817857432f,0f,0.999945682193293f,0.010422699409929377f,0.8060411497407562f,0.5505900166982678f,0.008700617220894118f,-0.834730455160333f,-0.08708447267620703f,0f,0f,0f,1f],start_interpolation:0}
execute if entity @s[tag=aj.tultaria.bone.rightfoot] run data modify entity @s {} merge value {transformation:[-0.8347757983507914f,0.2186284568787902f,-0.5053226338989751f,0.05186673771643861f,0f,0.9177838656233757f,0.3970803142960039f,0.49290114741737306f,0.5505900166982678f,0.3314730363758298f,-0.766143759139229f,0.3056668161081473f,0f,0f,0f,1f],start_interpolation:0}
execute if entity @s[tag=aj.tultaria.bone.rightleg] run data modify entity @s {} merge value {transformation:[-0.8347757983507914f,-0.21070167741604517f,-0.5086788472325772f,-0.11639113140912354f,0f,0.9238795325112867f,-0.3826834323650897f,0.8060411497407562f,0.5505900166982678f,-0.3194548677681889f,-0.7712322743320653f,0.05056303149835992f,0f,0f,0f,1f],start_interpolation:0}
execute if entity @s[tag=aj.tultaria.bone.skirt_right_back] run data modify entity @s {} merge value {transformation:[-0.834606949408055f,-0.07205852523243986f,-0.5461124508204387f,-0.30134722882714443f,-0.03126055030243329f,0.9960050426872524f,-0.08364647593505511f,0.8086980577727079f,0.5499581965882219f,-0.05274015436923321f,-0.8335253194249952f,-0.03290823978616775f,0f,0f,0f,1f],start_interpolation:0}
execute if entity @s[tag=aj.tultaria.bone.skirt_right] run data modify entity @s {} merge value {transformation:[-0.834606949408055f,-0.19303913761014976f,-0.5159138797808311f,-0.17026297120715306f,-0.03126055030243329f,0.9516736332999054f,-0.3055160776072944f,0.8341679603215643f,0.5499581965882219f,-0.23885808973632638f,-0.8003079375921145f,0.22429319191351677f,0f,0f,0f,1f],start_interpolation:0}
execute if entity @s[tag=aj.tultaria.bone.skirt_left_back] run data modify entity @s {} merge value {transformation:[-0.8346507068704365f,0.11544779105764763f,-0.5385443389922415f,0.04113883618591008f,0.010421692949154996f,0.9809207989277733f,0.19412824252790378f,0.9008926656586166f,0.5506810200440488f,0.15641673110894766f,-0.8199293996390403f,-0.25097878118627975f,0f,0f,0f,1f],start_interpolation:0}
execute if entity @s[tag=aj.tultaria.bone.skirt_left] run data modify entity @s {} merge value {transformation:[-0.8346507068704365f,0.0163516061833373f,-0.5505368493533431f,0.2210381842697804f,0.010421692949154996f,0.999849123128692f,0.013896736842126115f,0.8341679603215643f,0.5506810200440488f,0.00586139522731726f,-0.8346951888020172f,-0.03379587841379625f,0f,0f,0f,1f],start_interpolation:0}
execute if entity @s[tag=aj.tultaria.bone.skirt_back_middle] run data modify entity @s {} merge value {transformation:[-0.8347757983507914f,0.05560473668089298f,-0.547775026581577f,-0.06847737278064554f,0f,0.994887320817091f,0.10099118217642018f,0.8997018362364192f,0.5505900166982678f,0.08430499472771137f,-0.830507857504167f,-0.10382181259791083f,0f,0f,0f,1f],start_interpolation:0}
execute if entity @s[tag=aj.tultaria.bone.skirt_front_middle] run data modify entity @s {} merge value {transformation:[-0.8347757983507914f,-0.04036015934979946f,-0.5491087542782919f,0.10356539264227417f,0f,0.9973096816595795f,-0.07330347105061565f,0.8953591059732547f,0.5505900166982678f,-0.061191963568161804f,-0.8325299857103491f,0.15702043390271953f,0f,0f,0f,1f],start_interpolation:0}
execute if entity @s[tag=aj.tultaria.bone.lower] run data modify entity @s {} merge value {transformation:[-0.8347757983507914f,0f,-0.5505900166982678f,0f,0f,1f,0f,0.8997911497407562f,0.5505900166982678f,0f,-0.8347757983507914f,0f,0f,0f,0f,1f],start_interpolation:0}