execute if entity @s[tag=aj.tultaria.bone.head] run data modify entity @s {} merge value {transformation:[-0.5493672596406601f,0.14509711861580674f,-0.8228866508847388f,0f,6.938893903907228e-18f,0.984807753012208f,0.17364817766693036f,1.705301647731117f,0.8355810038738982f,0.09539662350647603f,-0.5410211365451929f,0f,0f,0f,0f,1f],start_interpolation:0}
execute if entity @s[tag=aj.tultaria.bone.bust] run data modify entity @s {} merge value {transformation:[-0.1271201273709116f,-0.49594366444617555f,-0.8589996245126668f,0.07129190176413774f,0f,0.8660254037844387f,-0.49999999999999994f,1.595926647731117f,0.9918873288923512f,-0.06356006368545579f,-0.110089259635523f,0.00913675915478429f,0f,0f,0f,1f],start_interpolation:0}
execute if entity @s[tag=aj.tultaria.bone.left_wing] run data modify entity @s {} merge value {transformation:[0.26213516369175255f,0f,-0.9650311683859222f,-0.11604090815086199f,0f,1f,0f,1.486551647731117f,0.9650311683859222f,0f,0.26213516369175255f,-0.0778829739771359f,0f,0f,0f,1f],start_interpolation:0}
execute if entity @s[tag=aj.tultaria.bone.right_wing] run data modify entity @s {} merge value {transformation:[-0.4970225313881786f,0f,-0.8677376350559466f,-0.13193092407222584f,0f,1f,0f,1.486551647731117f,0.8677376350559466f,0f,-0.4970225313881786f,0.046102942134407965f,0f,0f,0f,1f],start_interpolation:0}
execute if entity @s[tag=aj.tultaria.bone.body] run data modify entity @s {} merge value {transformation:[-0.1271201273709116f,0f,-0.9918873288923512f,0.5595037281316314f,0f,1f,0f,0.4240516477311169f,0.9918873288923512f,0f,-0.1271201273709116f,-0.4323836007607198f,0f,0f,0f,1f],start_interpolation:0}
execute if entity @s[tag=aj.tultaria.bone.right_ring] run data modify entity @s {} merge value {transformation:[0.442864595065776f,-0.7213103590644782f,0.5325244748774461f,0.3333931399987021f,0.7989632495125076f,0.5870118875747059f,0.13067046251695616f,1.2899869245754707f,-0.40685215541476605f,0.3675981634233963f,0.8362672502747583f,0.17064027598612705f,0f,0f,0f,1f],start_interpolation:0}
execute if entity @s[tag=aj.tultaria.bone.sword] run data modify entity @s {} merge value {transformation:[-0.3224688771399281f,0.4053891550243897f,-0.8553791301316189f,0.4715250620053582f,-0.7543360687833052f,0.43584327473806395f,0.4909355713310545f,1.1334124345267576f,0.5718311976524738f,0.803554772777943f,0.1652537701147111f,0.09663847321259611f,0f,0f,0f,1f],start_interpolation:0}
execute if entity @s[tag=aj.tultaria.bone.right_hand] run data modify entity @s {} merge value {transformation:[-0.3224688771399281f,-0.7213103590644782f,-0.6129642641968512f,0.16322299662642265f,-0.7543360687833052f,0.5870118875747059f,-0.29392879950513384f,1.354151707055412f,0.5718311976524738f,0.3675981634233963f,-0.733403484883378f,0.15932091231321602f,0f,0f,0f,1f],start_interpolation:0}
execute if entity @s[tag=aj.tultaria.bone.right_arm] run data modify entity @s {} merge value {transformation:[-0.3224688771399281f,-0.7569571291740227f,-0.5683570425962324f,-0.04369754378375086f,-0.7543360687833052f,0.5682211869530609f,-0.328788348379627f,1.580301647731117f,0.5718311976524738f,0.3227082076586775f,-0.7542337131824997f,0.34096126930674575f,0f,0f,0f,1f],start_interpolation:0}
execute if entity @s[tag=aj.tultaria.bone.left_ring] run data modify entity @s {} merge value {transformation:[0.21062832729849498f,-0.06395762671307052f,0.9754717472713754f,0.07644539892249841f,0.9472141963263526f,0.26007391713969386f,-0.18747486205205827f,1.4734503214720673f,-0.2417043111267581f,0.9634682037352595f,0.11536050612706303f,-0.8525855607283156f,0f,0f,0f,1f],start_interpolation:0}
execute if entity @s[tag=aj.tultaria.bone.left_hand] run data modify entity @s {} merge value {transformation:[-0.0032136126734522777f,-0.06395762671307052f,-0.9979474408398553f,-0.027105552830155297f,-0.9654935090726912f,0.26007391713969386f,-0.013558818610674721f,1.5128157317803939f,0.2604072898981258f,0.9634682037352595f,-0.06258645028331822f,-0.7079111336087424f,0f,0f,0f,1f],start_interpolation:0}
execute if entity @s[tag=aj.tultaria.bone.left_arm] run data modify entity @s {} merge value {transformation:[-0.0032136126734522777f,-0.06072902147224764f,-0.9981491164373228f,0.04369754378375086f,-0.9654935090726912f,0.2601164179093063f,-0.012717431837153324f,1.611551647731117f,0.2604072898981258f,0.9636656241067515f,-0.059469389460957506f,-0.34096126930674575f,0f,0f,0f,1f],start_interpolation:0}
execute if entity @s[tag=aj.tultaria.bone.leftfoot] run data modify entity @s {} merge value {transformation:[-0.1271201273709116f,-0.00519348617892379f,-0.9918737323462663f,0.21720594461228007f,0f,0.9999862922474269f,-0.005235963831419638f,0.5486939348896975f,0.9918873288923512f,-0.0006655963891595493f,-0.12711838483965854f,-0.09818529768287555f,0f,0f,0f,1f],start_interpolation:0}
execute if entity @s[tag=aj.tultaria.bone.leftleg] run data modify entity @s {} merge value {transformation:[-0.1271201273709116f,-0.15721684953351567f,-0.9793484239227421f,-0.005807519398156231f,0f,0.9873585390151003f,-0.15850273005209273f,0.9240516477311169f,0.9918873288923512f,-0.020148887232859247f,-0.12551314324035676f,-0.1267666688977826f,0f,0f,0f,1f],start_interpolation:0}
execute if entity @s[tag=aj.tultaria.bone.rightfoot] run data modify entity @s {} merge value {transformation:[-0.11773256621456168f,0.19946332726211335f,-0.9728069818468928f,0.25051582436073366f,0.3771503484373121f,0.9152002244008288f,0.14200761926842714f,0.6340363934952893f,0.9186384803208213f,-0.35017557072731326f,-0.18297653439622394f,0.27719525845150683f,0f,0f,0f,1f],start_interpolation:0}
execute if entity @s[tag=aj.tultaria.bone.rightleg] run data modify entity @s {} merge value {transformation:[-0.11773256621456168f,-0.3352849212548505f,-0.9347315467189832f,-0.03758755124088413f,0.3771503484373121f,0.8556529204717659f,-0.35442304434355265f,0.9240516477311169f,0.9186384803208213f,-0.394261463076556f,0.02571461076091837f,0.1212051633253052f,0f,0f,0f,1f],start_interpolation:0}
execute if entity @s[tag=aj.tultaria.bone.skirt_right_back] run data modify entity @s {} merge value {transformation:[-0.32567975285704714f,0.0052786696113815475f,-0.945465406149853f,-0.1895217438622574f,0.6788551987732426f,0.6973372876137349f,-0.22994852989758455f,0.9069030156919775f,0.6580944595402045f,-0.7167236866119698f,-0.23069208779633749f,0.1371520143610769f,0f,0f,0f,1f],start_interpolation:0}
execute if entity @s[tag=aj.tultaria.bone.skirt_right] run data modify entity @s {} merge value {transformation:[-0.32567975285704714f,-0.012872820858902637f,-0.9453925052919063f,0.06699695727798995f,0.6788551987732426f,0.6927943531469001f,-0.2432932455829992f,0.9532438189021786f,0.6580944595402045f,-0.7210203011919312f,-0.21689031235069756f,0.2637816353948377f,0f,0f,0f,1f],start_interpolation:0}
execute if entity @s[tag=aj.tultaria.bone.skirt_left_back] run data modify entity @s {} merge value {transformation:[-0.009301682568850847f,-0.3486733941739971f,-0.9371981342792851f,-0.1604720772645467f,-0.31586129738812535f,0.8902773402451217f,-0.32808215169125254f,0.9053808693734655f,0.9487597796669496f,0.292972902571648f,-0.11841350786572089f,-0.17456250115843555f,0f,0f,0f,1f],start_interpolation:0}
execute if entity @s[tag=aj.tultaria.bone.skirt_left] run data modify entity @s {} merge value {transformation:[-0.009301682568850847f,-0.35338091614871925f,-0.9354332722344658f,0.12499551539096837f,-0.31586129738812535f,0.8886165973257397f,-0.33255403135357486f,0.9532438189021786f,0.9487597796669496f,0.29237385495135526f,-0.11988498416067517f,-0.18876695841229754f,0f,0f,0f,1f],start_interpolation:0}
execute if entity @s[tag=aj.tultaria.bone.skirt_back_middle] run data modify entity @s {} merge value {transformation:[-0.1271201273709116f,-0.20493562185322223f,-0.970485375527543f,-0.1260677968995175f,0f,0.9784229995268637f,-0.2066117953962327f,0.9394403873067116f,0.9918873288923512f,-0.02626451774710183f,-0.1243772563224843f,-0.016156829442647454f,0f,0f,0f,1f],start_interpolation:0}
execute if entity @s[tag=aj.tultaria.bone.skirt_front_middle] run data modify entity @s {} merge value {transformation:[-0.1271201273709116f,-0.4101293093436976f,-0.9031248102197529f,0.1662551006737531f,0f,0.9105114904817666f,-0.41348376715497764f,1.0433635221047037f,0.9918873288923512f,-0.05256210914654512f,-0.11574433664272074f,0.02130722810756354f,0f,0f,0f,1f],start_interpolation:0}
execute if entity @s[tag=aj.tultaria.bone.lower] run data modify entity @s {} merge value {transformation:[-0.1271201273709116f,0f,-0.9918873288923512f,0f,0f,1f,0f,1.017801647731117f,0.9918873288923512f,0f,-0.1271201273709116f,0f,0f,0f,0f,1f],start_interpolation:0}