execute if entity @s[tag=aj.tultaria.bone.head] run data modify entity @s {} merge value {transformation:[-0.5108666533541368f,0.14927838704921542f,-0.8465998025340714f,0f,0f,0.984807753012208f,0.17364817766693033f,1.7340261707496158f,0.859659969110313f,0.08871106338574926f,-0.5031054409785541f,0f,0f,0f,0f,1f],start_interpolation:0}
execute if entity @s[tag=aj.tultaria.bone.bust] run data modify entity @s {} merge value {transformation:[-0.08462093315818632f,-0.4982066081635804f,-0.8629191580058808f,0.07161719992351473f,0f,0.8660254037844387f,-0.49999999999999994f,1.6246511707496158f,0.996413216327161f,-0.04231046657909315f,-0.07328387780693431f,0.00608212957074461f,0f,0f,0f,1f],start_interpolation:0}
execute if entity @s[tag=aj.tultaria.bone.left_wing] run data modify entity @s {} merge value {transformation:[0.3031312815111626f,0f,-0.9529488056393167f,-0.11926284371850848f,0f,1f,0f,1.5152761707496158f,0.9529488056393167f,0f,0.3031312815111626f,-0.07285344266522087f,0f,0f,0f,1f],start_interpolation:0}
execute if entity @s[tag=aj.tultaria.bone.right_wing] run data modify entity @s {} merge value {transformation:[-0.4594903778448706f,0f,-0.8881827473374935f,-0.12984046036328178f,0f,1f,0f,1.5152761707496158f,0.8881827473374935f,0f,-0.4594903778448706f,0.051698209375674264f,0f,0f,0f,1f],start_interpolation:0}
execute if entity @s[tag=aj.tultaria.bone.body] run data modify entity @s {} merge value {transformation:[-0.08462093315818632f,0f,-0.996413216327161f,0.5405170747426736f,0f,1f,0f,0.45277617074961585f,0.996413216327161f,0f,-0.08462093315818632f,-0.4558961415844873f,0f,0f,0f,1f],start_interpolation:0}
execute if entity @s[tag=aj.tultaria.locator_origin.locator_right_hand] at @s on origin run tp @s ^0.53742 ^1.13733 ^0.07608 ~-40.48854 ~-18.44954
execute if entity @s[tag=aj.tultaria.bone.right_ring] run data modify entity @s {} merge value {transformation:[-0.0214803188204844f,-0.7293753930468135f,-0.6837763756676422f,0.3415894387631453f,-0.5604006061000049f,0.5751732284307862f,-0.5959252620750806f,1.3226744151591387f,0.8279430877699971f,0.3703880307384578f,-0.421097316661564f,0.16196338645448338f,0f,0f,0f,1f],start_interpolation:0}
execute if entity @s[tag=aj.tultaria.bone.sword] run data modify entity @s {} merge value {transformation:[-0.2977401553407634f,0.40616062619413007f,-0.8639353827846444f,0.4822121141179673f,-0.7543360687833052f,0.45455170893628805f,0.47366637967629543f,1.1683374356191696f,0.5850879380317171f,0.7927271217970858f,0.17104331362874567f,0.08795240384020184f,0f,0f,0f,1f],start_interpolation:0}
execute if entity @s[tag=aj.tultaria.bone.right_hand] run data modify entity @s {} merge value {transformation:[-0.2977401553407634f,-0.7293753930468135f,-0.6159239692652528f,0.16988166148096323f,-0.7543360687833052f,0.5751732284307862f,-0.3164693549604053f,1.382876230073911f,0.5850879380317171f,0.3703880307384578f,-0.721446333039042f,0.1522009225349572f,0f,0f,0f,1f],start_interpolation:0}
execute if entity @s[tag=aj.tultaria.bone.right_arm] run data modify entity @s {} merge value {transformation:[-0.2977401553407634f,-0.7424765365884037f,-0.6000661567805224f,-0.029088445773126546f,-0.7543360687833052f,0.5682211869530609f,-0.328788348379627f,1.6090261707496158f,0.5850879380317171f,0.35475805179494246f,-0.7292590962452576f,0.34251704311246156f,0f,0f,0f,1f],start_interpolation:0}
execute if entity @s[tag=aj.tultaria.locator_origin.locator_left_hand] at @s on origin run tp @s ^-0.08799 ^1.44563 ^-1.11853 ~-98.18757 ~-3.4804
execute if entity @s[tag=aj.tultaria.bone.left_ring] run data modify entity @s {} merge value {transformation:[0.49066423799356074f,0.12016844815199283f,-0.8630226819863659f,-0.0511514599970503f,-0.8514133240937797f,0.27677069094657514f,-0.4455259096714084f,1.493504513709017f,0.1853212268192148f,0.9533926414136503f,0.2381144980645318f,-0.8420691585167385f,0f,0f,0f,1f],start_interpolation:0}
execute if entity @s[tag=aj.tultaria.bone.left_hand] run data modify entity @s {} merge value {transformation:[0.09722113727727554f,0.12016844815199283f,-0.987981576010026f,-0.12499841272424136f,-0.959016487705301f,0.27677069094657514f,-0.060707173730488964f,1.531058636632186f,0.2661492565758949f,0.9533926414136503f,0.14215148441856407f,-0.6797748566316152f,0f,0f,0f,1f],start_interpolation:0}
execute if entity @s[tag=aj.tultaria.bone.left_arm] run data modify entity @s {} merge value {transformation:[0.09722113727727554f,0.16554884060031827f,-0.9813977949039846f,0.029088445773126546f,-0.959016487705301f,0.2792731928601906f,-0.04789425914515391f,1.6402761707496158f,0.2661492565758949f,0.9458330006536911f,0.18591532507712555f,-0.34251704311246156f,0f,0f,0f,1f],start_interpolation:0}
execute if entity @s[tag=aj.tultaria.bone.leftfoot] run data modify entity @s {} merge value {transformation:[-0.08462093315818632f,-0.2511652399845443f,-0.9642382070292298f,0.24897326840657516f,0f,0.9677091704819711f,-0.2520693582431137f,0.6016963215184279f,0.996413216327161f,-0.021330344315117454f,-0.0818884530319188f,-0.10430577193575405f,0f,0f,0f,1f],start_interpolation:0}
execute if entity @s[tag=aj.tultaria.bone.leftleg] run data modify entity @s {} merge value {transformation:[-0.08462093315818632f,-0.25520201626507677f,-0.9631776723770528f,-0.011218922462383355f,0f,0.9666448182285092f,-0.25612066568703973f,0.9527761707496158f,0.996413216327161f,-0.021673169731533173f,-0.08179838655102184f,-0.12640273495373044f,0f,0f,0f,1f],start_interpolation:0}
execute if entity @s[tag=aj.tultaria.bone.rightfoot] run data modify entity @s {} merge value {transformation:[-0.08054931960627433f,0.030106313167795606f,-0.9962958481386986f,0.2640047145151288f,0.3064582957484809f,0.9518757350386082f,0.003987231075067599f,0.654703185883039f,0.9484698835903557f,-0.3050019589316632f,-0.08589927223175484f,0.2441804993715015f,0f,0f,0f,1f],start_interpolation:0}
execute if entity @s[tag=aj.tultaria.bone.rightleg] run data modify entity @s {} merge value {transformation:[-0.08054931960627433f,-0.35735205858441627f,-0.9304898244131669f,-0.03237415575192994f,0.3064582957484809f,0.8794262242751891f,-0.3642702692013464f,0.9527761707496158f,0.9484698835903557f,-0.3144980481379252f,0.03867631884671022f,0.1227005691280598f,0f,0f,0f,1f],start_interpolation:0}
execute if entity @s[tag=aj.tultaria.bone.skirt_right_back] run data modify entity @s {} merge value {transformation:[-0.28166092498025824f,-0.02046681632221994f,-0.9592956962109742f,-0.18578701207225679f,0.64744726858944f,0.7338100187924674f,-0.20575444276095736f,0.9477108373029012f,0.7081519312515774f,-0.6790463649482493f,-0.193434424328324f,0.15574352744339387f,0f,0f,0f,1f],start_interpolation:0}
execute if entity @s[tag=aj.tultaria.bone.skirt_right] run data modify entity @s {} merge value {transformation:[-0.28166092498025824f,-0.029023354563215115f,-0.9590749544374324f,0.07696487461783896f,0.64744726858944f,0.7319453990100006f,-0.2122921742885605f,0.9819041510268538f,0.7081519312515774f,-0.6807448697992433f,-0.18736932648294446f,0.2731174527307865f,0f,0f,0f,1f],start_interpolation:0}
execute if entity @s[tag=aj.tultaria.bone.skirt_left_back] run data modify entity @s {} merge value {transformation:[-0.003634013247877571f,-0.32276648509226075f,-0.9464716530614647f,-0.16951141745245873f,-0.23088567334147872f,0.9211753846641264f,-0.3132534381847243f,0.9413046061326117f,0.9729741002685355f,0.21738837777141226f,-0.07786972079407714f,-0.17253617944505042f,0f,0f,0f,1f],start_interpolation:0}
execute if entity @s[tag=aj.tultaria.bone.skirt_left] run data modify entity @s {} merge value {transformation:[-0.003634013247877571f,-0.33245306466430286f,-0.943112800116204f,0.11663093703573879f,-0.23088567334147872f,0.917915392133326f,-0.3226811719489913f,0.9819041510268538f,0.9729741002685355f,0.2165786062380939f,-0.08009436638489899f,-0.1939512424225702f,0f,0f,0f,1f],start_interpolation:0}
execute if entity @s[tag=aj.tultaria.bone.skirt_back_middle] run data modify entity @s {} merge value {transformation:[-0.08462093315818632f,-0.23810259273067252f,-0.9675466154177633f,-0.12695885156180692f,0f,0.9710294881316391f,-0.2389596894432342f,0.9704743770722186f,0.996413216327161f,-0.020220991907876882f,-0.08216942140981533f,-0.010782049370493594f,0f,0f,0f,1f],start_interpolation:0}
execute if entity @s[tag=aj.tultaria.bone.skirt_front_middle] run data modify entity @s {} merge value {transformation:[-0.08462093315818632f,-0.4024979859085754f,-0.9115013269386819f,0.16776389847450682f,0f,0.914782453707841f,-0.4039468558959979f,1.0713122433062783f,0.996413216327161f,-0.034182359892234754f,-0.07740974486949288f,0.014247440124787339f,0f,0f,0f,1f],start_interpolation:0}
execute if entity @s[tag=aj.tultaria.bone.lower] run data modify entity @s {} merge value {transformation:[-0.08462093315818632f,0f,-0.996413216327161f,0f,0f,1f,0f,1.0465261707496158f,0.996413216327161f,0f,-0.08462093315818632f,0f,0f,0f,0f,1f],start_interpolation:0}