execute if entity @s[tag=aj.tultaria.bone.head] run data modify entity @s {} merge value {transformation:[-0.8779908078876588f,0.08312147416098822f,-0.4714053052290359f,0f,-6.938893903907228e-18f,0.984807753012208f,0.17364817766693033f,1.681556178625544f,0.47867749191368547f,0.15246150379800788f,-0.8646521546812185f,0f,0f,0f,0f,1f],start_interpolation:0}
execute if entity @s[tag=aj.tultaria.bone.bust] run data modify entity @s {} merge value {transformation:[-0.6086921935512183f,-0.39670323086338927f,-0.6871101513821163f,0.05702608943661214f,0f,0.8660254037844387f,-0.49999999999999994f,1.572181178625544f,0.7934064617267786f,-0.3043460967756091f,-0.5271429027006296f,0.04374975141149384f,0f,0f,0f,1f],start_interpolation:0}
execute if entity @s[tag=aj.tultaria.bone.left_wing] run data modify entity @s {} merge value {transformation:[-0.2587347511871243f,0f,-0.9659484088335861f,-0.06113254561889625f,0f,1f,0f,1.462806178625544f,0.9659484088335861f,0f,-0.2587347511871243f,-0.12567442805182594f,0f,0f,0f,1f],start_interpolation:0}
execute if entity @s[tag=aj.tultaria.bone.right_wing] run data modify entity @s {} merge value {transformation:[-0.865981767255614f,0f,-0.5000755730695545f,-0.13721906981279852f,0f,1f,0f,1.462806178625544f,0.5000755730695545f,0f,-0.865981767255614f,-0.026498620335978607f,0f,0f,0f,1f],start_interpolation:0}
execute if entity @s[tag=aj.tultaria.bone.body] run data modify entity @s {} merge value {transformation:[-0.6086921935512183f,0f,-0.7934064617267786f,0.7010493276389984f,0f,1f,0f,0.40030617862554396f,0.7934064617267786f,0f,-0.6086921935512183f,-0.09235713408778018f,0f,0f,0f,1f],start_interpolation:0}
execute if entity @s[tag=aj.tultaria.bone.right_ring] run data modify entity @s {} merge value {transformation:[-0.17293725849583896f,-0.5042016054507886f,0.8460930478882276f,-0.032289292570521516f,-0.20901751060670776f,0.85825722382842f,0.4687282987041729f,1.1194577177967693f,-0.9624990311079374f,-0.09578767565392095f,-0.25381161578836586f,0.26508351649391987f,0f,0f,0f,1f],start_interpolation:0}
execute if entity @s[tag=aj.tultaria.bone.sword] run data modify entity @s {} merge value {transformation:[-0.560259612583488f,0.4475389381535031f,-0.6970065030860435f,0.05022820645486015f,-0.2406789109496501f,0.7172123491128977f,0.6539725591368872f,0.9171101403365431f,0.792579856122959f,0.5341491787098376f,-0.29411192861173746f,0.3013958542811505f,0f,0f,0f,1f],start_interpolation:0}
execute if entity @s[tag=aj.tultaria.bone.right_hand] run data modify entity @s {} merge value {transformation:[-0.560259612583488f,-0.5042016054507886f,-0.6571833135196352f,-0.17268172906467305f,-0.2406789109496501f,0.85825722382842f,-0.4532860019572895f,1.211064846336464f,0.792579856122959f,-0.09578767565392095f,-0.6021975530180516f,0.1936606715775524f,0f,0f,0f,1f],start_interpolation:0}
execute if entity @s[tag=aj.tultaria.bone.right_arm] run data modify entity @s {} merge value {transformation:[-0.560259612583488f,-0.3152492835388045f,-0.7659811066443286f,-0.20923794153323128f,-0.2406789109496501f,0.9468030499943413f,-0.21362969443760207f,1.556556178625544f,0.792579856122959f,0.06466740871322496f,-0.6063293642224714f,0.27273347121858016f,0f,0f,0f,1f],start_interpolation:0}
execute if entity @s[tag=aj.tultaria.bone.left_ring] run data modify entity @s {} merge value {transformation:[-0.3264391278542078f,-0.3466338335194778f,0.8793648169362788f,0.2952217100995812f,0.4696045403992305f,0.747913575273611f,0.4691448172556871f,1.231118006374115f,-0.8203103506857705f,0.5661009356828829f,-0.08136743314590228f,-0.6112855261291371f,0f,0f,0f,1f],start_interpolation:0}
execute if entity @s[tag=aj.tultaria.bone.left_hand] run data modify entity @s {} merge value {transformation:[-0.49197293703045186f,-0.3466338335194778f,-0.7986285836915819f,0.16618874389107702f,-0.6588085851581598f,0.747913575273611f,0.08121903744411371f,1.3555937872710024f,0.5691518930404562f,0.5661009356828829f,-0.5963185837012207f,-0.5787371221506761f,0f,0f,0f,1f],start_interpolation:0}
execute if entity @s[tag=aj.tultaria.bone.left_arm] run data modify entity @s {} merge value {transformation:[-0.49197293703045186f,-0.1013742204750287f,-0.8646883234164269f,0.20923794153323128f,-0.6588085851581598f,0.6926410118532863f,0.2936318729647031f,1.587806178625544f,0.5691518930404562f,0.714123025900955f,-0.40754683967187033f,-0.27273347121858016f,0f,0f,0f,1f],start_interpolation:0}
execute if entity @s[tag=aj.tultaria.bone.leftfoot] run data modify entity @s {} merge value {transformation:[-0.6086921935512183f,0.11938709125512803f,-0.7843727021967593f,0.21816472966084377f,0f,0.9886139577054134f,0.1504740596582647f,0.5116354371839905f,0.7934064617267786f,0.09159238544594606f,-0.6017615984910594f,0.009824936181893493f,0f,0f,0f,1f],start_interpolation:0}
execute if entity @s[tag=aj.tultaria.bone.leftleg] run data modify entity @s {} merge value {transformation:[-0.6086921935512183f,-0.07657171505499874f,-0.7897028466222864f,0.05873075784362901f,0f,0.9953320078885775f,-0.09651007238880713f,0.900306178625544f,0.7934064617267786f,-0.058744927662129874f,-0.6058508231934367f,-0.11249094944978023f,0f,0f,0f,1f],start_interpolation:0}
execute if entity @s[tag=aj.tultaria.bone.rightfoot] run data modify entity @s {} merge value {transformation:[-0.6086921935512183f,0.19452965952375692f,-0.7691891997911681f,0.1490192081243666f,0f,0.9694768531593455f,0.24518285255754085f,0.5871661763021607f,0.7934064617267786f,0.14924088834439447f,-0.5901129923466943f,0.27187430286995584f,0f,0f,0f,1f],start_interpolation:0}
execute if entity @s[tag=aj.tultaria.bone.rightleg] run data modify entity @s {} merge value {transformation:[-0.6086921935512183f,-0.30362350803424487f,-0.7330119909515703f,-0.09344229054417556f,0f,0.9238795325112867f,-0.3826834323650897f,0.900306178625544f,0.7934064617267786f,-0.23293641788201574f,-0.5623582592213692f,0.08586066598191443f,0f,0f,0f,1f],start_interpolation:0}
execute if entity @s[tag=aj.tultaria.bone.skirt_right_back] run data modify entity @s {} merge value {transformation:[-0.6025173065881959f,0.1064608369642883f,-0.7909734416872473f,-0.29251198381314236f,0.30802758334467706f,0.9452952080640998f,-0.10740566795978743f,0.9053374622457111f,0.7362689068272162f,-0.3083554115041819f,-0.602349597024471f,0.06706323079274573f,0f,0f,0f,1f],start_interpolation:0}
execute if entity @s[tag=aj.tultaria.bone.skirt_right] run data modify entity @s {} merge value {transformation:[-0.6025173065881959f,-0.0169316526933473f,-0.7979261960850627f,-0.0858656787017654f,0.30802758334467706f,0.9173794898169968f,-0.25205927787317134f,0.9285187780134994f,0.7362689068272162f,-0.3976533550722016f,-0.547521603262627f,0.2689154197407227f,0f,0f,0f,1f],start_interpolation:0}
execute if entity @s[tag=aj.tultaria.bone.skirt_left_back] run data modify entity @s {} merge value {transformation:[-0.5887488518158558f,-0.07172650991818422f,-0.8051273795247981f,-0.05182262316889266f,-0.15837021754264138f,0.9869860999548364f,0.027880328036770596f,0.9578302123872289f,0.7926497736585862f,0.1439227093647772f,-0.5924462760859367f,-0.2443546306465309f,0f,0f,0f,1f],start_interpolation:0}
execute if entity @s[tag=aj.tultaria.bone.skirt_left] run data modify entity @s {} merge value {transformation:[-0.5887488518158558f,-0.17247952033706945f,-0.7896996926362615f,0.1994587870253682f,-0.15837021754264138f,0.982647834556834f,-0.09655106129018672f,0.9285187780134994f,0.7926497736585862f,0.06822058563996206f,-0.6058484034921051f,-0.10299385919370478f,0f,0f,0f,1f],start_interpolation:0}
execute if entity @s[tag=aj.tultaria.bone.skirt_back_middle] run data modify entity @s {} merge value {transformation:[-0.6086921935512183f,0.027127617820543348f,-0.7929425615145076f,-0.10171638729854349f,0f,0.9994153057295987f,0.03419132453434083f,0.9696062353964194f,0.7934064617267786f,0.020811992331229497f,-0.6083362947132108f,-0.07803562724975223f,0f,0f,0f,1f],start_interpolation:0}
execute if entity @s[tag=aj.tultaria.bone.skirt_front_middle] run data modify entity @s {} merge value {transformation:[-0.6086921935512183f,-0.14513959692841838f,-0.7800181478102047f,0.14506476665028822f,0f,0.9831255295205998f,-0.18293220931492665f,0.9997784420496028f,0.7934064617267786f,-0.11134940775907329f,-0.5984208351000969f,0.11129199884153063f,0f,0f,0f,1f],start_interpolation:0}
execute if entity @s[tag=aj.tultaria.bone.lower] run data modify entity @s {} merge value {transformation:[-0.6086921935512183f,0f,-0.7934064617267786f,0f,0f,1f,0f,0.994056178625544f,0.7934064617267786f,0f,-0.6086921935512183f,0f,0f,0f,0f,1f],start_interpolation:0}