execute if entity @s[tag=aj.tultaria.bone.head] run data modify entity @s {} merge value {transformation:[-0.534184597913006f,0.14679658800123274f,-0.8325248207133026f,0f,6.938893903907228e-18f,0.984807753012208f,0.1736481776669303f,1.7374891188963117f,0.8453678580076961f,0.09276018196533542f,-0.5260691335644373f,0f,0f,0f,0f,1f],start_interpolation:0}
execute if entity @s[tag=aj.tultaria.bone.bust] run data modify entity @s {} merge value {transformation:[-0.13922348981274757f,-0.4951304928714146f,-0.85759117002991f,0.07117500835026586f,0f,0.8660254037844387f,-0.49999999999999994f,1.6281141188963117f,0.9902609857428293f,-0.06961174490637377f,-0.1205710789813634f,0.010006688330291225f,0f,0f,0f,1f],start_interpolation:0}
execute if entity @s[tag=aj.tultaria.bone.left_wing] run data modify entity @s {} merge value {transformation:[0.250330740278512f,0f,-0.9681603795196394f,-0.11508115510455685f,0f,1f,0f,1.5187391188963117f,0.9681603795196394f,0f,0.250330740278512f,-0.07929424783552025f,0f,0f,0f,1f],start_interpolation:0}
execute if entity @s[tag=aj.tultaria.bone.right_wing] run data modify entity @s {} merge value {transformation:[-0.5075822056440942f,0f,-0.8616033336248627f,-0.13248409133115036f,0f,1f,0f,1.5187391188963117f,0.8616033336248627f,0f,-0.5075822056440942f,0.044488375382333356f,0f,0f,0f,1f],start_interpolation:0}
execute if entity @s[tag=aj.tultaria.bone.body] run data modify entity @s {} merge value {transformation:[-0.13922348981274757f,0f,-0.9902609857428293f,0.5647422377777884f,0f,1f,0f,0.45623911889631175f,0.9902609857428293f,0f,-0.13922348981274757f,-0.42551874796504086f,0f,0f,0f,1f],start_interpolation:0}
execute if entity @s[tag=aj.tultaria.bone.right_ring] run data modify entity @s {} merge value {transformation:[-0.40310248878115695f,-0.7657163219830834f,-0.5011854923949176f,0.3326967325753865f,-0.7934452930984393f,0.5653154556759901f,-0.22552827413381984f,1.3292986092420893f,0.4560185855843697f,0.3067522613161091f,-0.8354340786555721f,0.18498208474067374f,0f,0f,0f,1f],start_interpolation:0}
execute if entity @s[tag=aj.tultaria.bone.sword] run data modify entity @s {} merge value {transformation:[-0.32942798393743883f,0.3354041650599566f,-0.8825991442661543f,0.4812711626829598f,-0.7543360687833052f,0.46870151110866093f,0.459669434286212f,1.1768478560016788f,0.5678505954311074f,0.81720434381181f,0.09860406545191713f,0.1236903872634353f,0f,0f,0f,1f],start_interpolation:0}
execute if entity @s[tag=aj.tultaria.bone.right_hand] run data modify entity @s {} merge value {transformation:[-0.32942798393743883f,-0.7657163219830834f,-0.5524090130036017f,0.16126521229644208f,-0.7543360687833052f,0.5653154556759901f,-0.33375969035579495f,1.386339178220607f,0.5678505954311074f,0.3067522613161091f,-0.7638381709799468f,0.16130229704194576f,0f,0f,0f,1f],start_interpolation:0}
execute if entity @s[tag=aj.tultaria.bone.right_arm] run data modify entity @s {} merge value {transformation:[-0.32942798393743883f,-0.760841568742083f,-0.5591040249121809f,-0.04785807462313198f,-0.7543360687833052f,0.5682211869530609f,-0.328788348379627f,1.6124891188963117f,0.5678505954311074f,0.3134402494443568f,-0.7611181979803112f,0.3404022138490976f,0f,0f,0f,1f],start_interpolation:0}
execute if entity @s[tag=aj.tultaria.bone.left_ring] run data modify entity @s {} merge value {transformation:[-0.026638974505665255f,0.10600706790457735f,-0.9940084841647788f,-0.033016561778366885f,-0.9566368095218758f,0.2858261683121167f,0.056119659441412395f,1.4920086140848572f,0.2900627168477417f,0.9524000751061963f,0.09379614721628521f,-0.8359373474255646f,0f,0f,0f,1f],start_interpolation:0}
execute if entity @s[tag=aj.tultaria.bone.left_hand] run data modify entity @s {} merge value {transformation:[0.11195951728484525f,0.10600706790457735f,-0.9880422906149409f,-0.10908192216342737f,-0.9551372328816096f,0.2858261683121167f,-0.07756460450022076f,1.5293972712117296f,0.2741859457605489f,0.9524000751061963f,0.13325225733587237f,-0.6746324365649834f,0f,0f,0f,1f],start_interpolation:0}
execute if entity @s[tag=aj.tultaria.bone.left_arm] run data modify entity @s {} merge value {transformation:[0.11195951728484525f,0.1739126772885185f,-0.9783759232358922f,0.04785807462313198f,-0.9551372328816096f,0.29049592331773f,-0.05766268203129013f,1.6437391188963117f,0.2741859457605489f,0.9409391580830928f,0.19863425669625634f,-0.3404022138490976f,0f,0f,0f,1f],start_interpolation:0}
execute if entity @s[tag=aj.tultaria.bone.leftfoot] run data modify entity @s {} merge value {transformation:[-0.13922348981274757f,-0.2538535085664376f,-0.9571704216454191f,0.2549417578434458f,0f,0.9665839969726892f,-0.2563501059026508f,0.6056221382813607f,0.9902609857428293f,-0.035689956357634466f,-0.13457119725569203f,-0.0903863931455377f,0f,0f,0f,1f],start_interpolation:0}
execute if entity @s[tag=aj.tultaria.bone.leftleg] run data modify entity @s {} merge value {transformation:[-0.13922348981274757f,-0.25532064497231266f,-0.9567801148306136f,-0.004259022836530943f,0f,0.9661898515701893f,-0.2578316712950049f,0.9562391188963117f,0.9902609857428293f,-0.035896225061943794f,-0.13451632295726235f,-0.1268281370575075f,0f,0f,0f,1f],start_interpolation:0}
execute if entity @s[tag=aj.tultaria.bone.rightfoot] run data modify entity @s {} merge value {transformation:[-0.13405557325787354f,0.03909848075441158f,-0.9902022076733619f,0.2517865597910073f,0.2699282944604964f,0.9628792949879565f,0.0014761887220194336f,0.6547227398866154f,0.9535029203563828f,-0.26708570176292173f,-0.1396331220937825f,0.24698534408390213f,0f,0f,0f,1f],start_interpolation:0}
execute if entity @s[tag=aj.tultaria.bone.rightleg] run data modify entity @s {} merge value {transformation:[-0.13405557325787354f,-0.3442367483145055f,-0.929263237402814f,-0.039064895289717835f,0.2699282944604964f,0.8895855183532163f,-0.36847838659260196f,0.9562391188963117f,0.9535029203563828f,-0.3002310221247885f,-0.026334658261581365f,0.12073710937819981f,0f,0f,0f,1f],start_interpolation:0}
execute if entity @s[tag=aj.tultaria.bone.skirt_right_back] run data modify entity @s {} merge value {transformation:[-0.31449914291161396f,0.03368233859033408f,-0.9486599966136163f,-0.1946182462638065f,0.6853815903631031f,0.6994953773495743f,-0.20238155216797854f,0.9466246008385583f,0.6567665983431281f,-0.7138429218908477f,-0.2430759514372688f,0.14696725819293582f,0f,0f,0f,1f],start_interpolation:0}
execute if entity @s[tag=aj.tultaria.bone.skirt_right] run data modify entity @s {} merge value {transformation:[-0.31449914291161396f,0.015464285701737523f,-0.9491317848305342f,0.061530452147434654f,0.6853815903631031f,0.6954812606400584f,-0.21577277791662883f,0.9852612905364534f,0.6567665983431281f,-0.71837780586976f,-0.2293271971104734f,0.2768881014453392f,0f,0f,0f,1f],start_interpolation:0}
execute if entity @s[tag=aj.tultaria.bone.skirt_left_back] run data modify entity @s {} merge value {transformation:[-0.03688040613632165f,-0.31289579517838617f,-0.9490711548682246f,-0.16023862581949613f,-0.29970938174897443f,0.9094616550170627f,-0.28819053514172316f,0.946421788232688f,0.9533174298914647f,0.2738169450806701f,-0.12731912052720834f,-0.17783121003143662f,0f,0f,0f,1f],start_interpolation:0}
execute if entity @s[tag=aj.tultaria.bone.skirt_left] run data modify entity @s {} merge value {transformation:[-0.03688040613632165f,-0.33109095961492724f,-0.9428778351963136f,0.12679146299716007f,-0.29970938174897443f,0.9037508062302746f,-0.30562847827022965f,0.9852612905364534f,0.9533174298914647f,0.2713176306460665f,-0.13256176358866514f,-0.18729673562161198f,0f,0f,0f,1f],start_interpolation:0}
execute if entity @s[tag=aj.tultaria.bone.skirt_back_middle] run data modify entity @s {} merge value {transformation:[-0.13922348981274757f,-0.1769924751485265f,-0.9743153922756008f,-0.1266585822054328f,0f,0.9838975848823662f,-0.1787331599414252f,0.9779144887810352f,0.9902609857428293f,-0.0248838542723052f,-0.13698165538565701f,-0.017807275135804077f,0f,0f,0f,1f],start_interpolation:0}
execute if entity @s[tag=aj.tultaria.bone.skirt_front_middle] run data modify entity @s {} merge value {transformation:[-0.13922348981274757f,-0.3836774941358628f,-0.9129120441630645f,0.16799074129341524f,0f,0.9218903473999405f,-0.387450883817313f,1.073423388240482f,0.9902609857428293f,-0.05394226417607972f,-0.12834879138970595f,0.023618275985653782f,0f,0f,0f,1f],start_interpolation:0}
execute if entity @s[tag=aj.tultaria.bone.lower] run data modify entity @s {} merge value {transformation:[-0.13922348981274757f,0f,-0.9902609857428293f,0f,0f,1f,0f,1.0499891188963117f,0.9902609857428293f,0f,-0.13922348981274757f,0f,0f,0f,0f,1f],start_interpolation:0}