execute if entity @s[tag=aj.tultaria.bone.head] run data modify entity @s {} merge value {transformation:[-0.5208787859789784f,0.14823140714923017f,-0.8406620844617798f,0f,0f,0.984807753012208f,0.17364817766693033f,1.7361337245314254f,0.8536306521658331f,0.09044965197061264f,-0.5129654668116845f,0f,0f,0f,0f,1f],start_interpolation:0}
execute if entity @s[tag=aj.tultaria.bone.bust] run data modify entity @s {} merge value {transformation:[-0.10987845422302513f,-0.4969725156629787f,-0.860781647093599f,0.07143979912655324f,0f,0.8660254037844387f,-0.49999999999999994f,1.6267587245314254f,0.9939450313259575f,-0.054939227111512556f,-0.0951575326857053f,0.00789751389727994f,0f,0f,0f,1f],start_interpolation:0}
execute if entity @s[tag=aj.tultaria.bone.left_wing] run data modify entity @s {} merge value {transformation:[0.27885184124941276f,0f,-0.9603341348883794f,-0.11737572552680553f,0f,1f,0f,1.5173837245314254f,0.9603341348883794f,0f,0.27885184124941276f,-0.07585637123575045f,0f,0f,0f,1f],start_interpolation:0}
execute if entity @s[tag=aj.tultaria.bone.right_wing] run data modify entity @s {} merge value {transformation:[-0.4818807510906753f,0f,-0.8762368068783042f,-0.13111053230468372f,0f,1f,0f,1.5173837245314254f,0.8762368068783042f,0f,-0.4818807510906753f,0.048386757679994175f,0f,0f,0f,1f],start_interpolation:0}
execute if entity @s[tag=aj.tultaria.bone.body] run data modify entity @s {} merge value {transformation:[-0.10987845422302513f,0f,-0.9939450313259575f,0.5519117427744913f,0f,1f,0f,0.45488372453142545f,0.9939450313259575f,0f,-0.10987845422302513f,-0.4420332885514662f,0f,0f,0f,1f],start_interpolation:0}
execute if entity @s[tag=aj.tultaria.bone.right_ring] run data modify entity @s {} merge value {transformation:[-0.3124913453326455f,-0.7512397114921413f,-0.5813674010205572f,0.3378491371069058f,-0.7543360687833051f,0.5682211869530609f,-0.32878834837962717f,1.327023131054895f,0.5773441386424062f,0.335802886489766f,-0.744251413838361f,0.1737671612734149f,0f,0f,0f,1f],start_interpolation:0}
execute if entity @s[tag=aj.tultaria.bone.sword] run data modify entity @s {} merge value {transformation:[-0.31249134533264566f,0.3671226424368206f,-0.8761107946500827f,0.4833336038132203f,-0.7543360687833052f,0.4646516220970214f,0.4637628331541405f,1.1740144263160028f,0.577344138642406f,0.8058038443025777f,0.13173424035703582f,0.1067233558451294f,0f,0f,0f,1f],start_interpolation:0}
execute if entity @s[tag=aj.tultaria.bone.right_hand] run data modify entity @s {} merge value {transformation:[-0.31249134533264566f,-0.7512397114921413f,-0.5813674010205571f,0.16596473834058145f,-0.7543360687833052f,0.5682211869530609f,-0.328788348379627f,1.3849837838557206f,0.577344138642406f,0.335802886489766f,-0.7442514138383611f,0.1564627922400945f,0f,0f,0f,1f],start_interpolation:0}
execute if entity @s[tag=aj.tultaria.bone.right_arm] run data modify entity @s {} merge value {transformation:[-0.31249134533264566f,-0.7512397114921413f,-0.5813674010205571f,-0.03777071863916489f,-0.7543360687833052f,0.5682211869530609f,-0.328788348379627f,1.6111337245314254f,0.577344138642406f,0.335802886489766f,-0.7442514138383611f,0.3416686045182979f,0f,0f,0f,1f],start_interpolation:0}
execute if entity @s[tag=aj.tultaria.bone.left_ring] run data modify entity @s {} merge value {transformation:[0.10523922743499022f,0.11554143108724438f,-0.9877119431854603f,-0.04391551556706641f,-0.957183967446648f,0.28111156204778004f,-0.06910240333122812f,1.4932508555611035f,0.26967305662965485f,0.9526943200131766f,0.14017836902550368f,-0.839126514086207f,0f,0f,0f,1f],start_interpolation:0}
execute if entity @s[tag=aj.tultaria.bone.left_hand] run data modify entity @s {} merge value {transformation:[0.10523922743498998f,0.11554143108724438f,-0.9877119431854603f,-0.11846016163332138f,-0.957183967446648f,0.28111156204778004f,-0.06910240333122789f,1.5306961868187665f,0.2696730566296549f,0.9526943200131766f,0.14017836902550362f,-0.6771263044880071f,0f,0f,0f,1f],start_interpolation:0}
execute if entity @s[tag=aj.tultaria.bone.left_arm] run data modify entity @s {} merge value {transformation:[0.10523922743498998f,0.17173940030745038f,-0.9795051216767189f,0.03777071863916489f,-0.957183967446648f,0.28459802396343725f,-0.05294163974794677f,1.6423837245314254f,0.2696730566296549f,0.9431381357670489f,0.1943370767246303f,-0.3416686045182979f,0f,0f,0f,1f],start_interpolation:0}
execute if entity @s[tag=aj.tultaria.bone.leftfoot] run data modify entity @s {} merge value {transformation:[-0.10987845422302513f,-0.2572519038921794f,-0.9600771756694394f,0.25251338622010455f,0f,0.9659258262890683f,-0.25881904510252074f,0.6045344524306511f,0.9939450313259575f,-0.0284386365993444f,-0.10613443668674111f,-0.09784667802179427f,0f,0f,0f,1f],start_interpolation:0}
execute if entity @s[tag=aj.tultaria.bone.leftleg] run data modify entity @s {} merge value {transformation:[-0.10987845422302513f,-0.2572519038921794f,-0.9600771756694394f,-0.008007740782377178f,0f,0.9659258262890683f,-0.25881904510252074f,0.9548837245314254f,0.9939450313259575f,-0.0284386365993444f,-0.10613443668674111f,-0.12664672010187336f,0f,0f,0f,1f],start_interpolation:0}
execute if entity @s[tag=aj.tultaria.bone.rightfoot] run data modify entity @s {} merge value {transformation:[-0.10519729667117853f,0.03173016664812017f,-0.9939450313259574f,0.25833185804157627f,0.2887751458872555f,0.9573969475185276f,0f,0.6550844421610738f,0.9515999389926789f,-0.28702662142506613f,-0.10987845422302514f,0.24529742330618315f,0f,0f,0f,1f],start_interpolation:0}
execute if entity @s[tag=aj.tultaria.bone.rightleg] run data modify entity @s {} merge value {transformation:[-0.10519729667117853f,-0.35105144464067356f,-0.9304280799657607f,-0.03547735433813346f,0.2887751458872555f,0.8845194443011503f,-0.3663799500122498f,0.9548837245314254f,0.9515999389926789f,-0.30722668482552185f,0.00832587774646823f,0.121839537729616f,0f,0f,0f,1f],start_interpolation:0}
execute if entity @s[tag=aj.tultaria.bone.skirt_right_back] run data modify entity @s {} merge value {transformation:[-0.2914940015795759f,-0.007422820447296027f,-0.9565438561716515f,-0.19128301006646448f,0.6374313405379672f,0.7440914784340609f,-0.20002289324420708f,0.951268103803728f,0.7132408661476823f,-0.6680365060821307f,-0.2121666642017146f,0.15364366441474292f,0f,0f,0f,1f],start_interpolation:0}
execute if entity @s[tag=aj.tultaria.bone.skirt_right] run data modify entity @s {} merge value {transformation:[-0.2914940015795759f,-0.020464569799227172f,-0.9563537255775494f,0.06986132331531127f,0.6374313405379672f,0.7412950027777994f,-0.21014995825988753f,0.9839615712825204f,0.7132408661476823f,-0.6708672895883321f,-0.2030382885499894f,0.2749661657358133f,0f,0f,0f,1f],start_interpolation:0}
execute if entity @s[tag=aj.tultaria.bone.skirt_left_back] run data modify entity @s {} merge value {transformation:[-0.0323277389216869f,-0.31631592197923114f,-0.9481029241588911f,-0.16560801877194609f,-0.22574141309989665f,0.926397642074061f,-0.3013772107696296f,0.9460112555153646f,0.9736507236724435f,0.20428325007706544f,-0.1013539443242249f,-0.17717698192980713f,0f,0f,0f,1f],start_interpolation:0}
execute if entity @s[tag=aj.tultaria.bone.skirt_left] run data modify entity @s {} merge value {transformation:[-0.0323277389216869f,-0.32997992016897476f,-0.9434342423197751f,0.1213668487323543f,-0.22574141309989665f,0.9219470412658227f,-0.3147291971089703f,0.9839615712825204f,0.9736507236724435f,0.20279769571292544f,-0.10429459672319867f,-0.1909455676982292f,0f,0f,0f,1f],start_interpolation:0}
execute if entity @s[tag=aj.tultaria.bone.skirt_back_middle] run data modify entity @s {} merge value {transformation:[-0.10987845422302513f,-0.2294074216127203f,-0.9671085565780928f,-0.1268799228941278f,0f,0.9730000413482989f,-0.23080493828384324f,0.9744384035779499f,0.9939450313259575f,-0.02536048984566941f,-0.1069117405022906f,-0.014026298598168055f,0f,0f,0f,1f],start_interpolation:0}
execute if entity @s[tag=aj.tultaria.bone.skirt_front_middle] run data modify entity @s {} merge value {transformation:[-0.10987845422302513f,-0.3938588458586285f,-0.9125798238162335f,0.16794327783080193f,0f,0.9181391274714861f,-0.396258176705413f,1.0727912776745032f,0.9939450313259575f,-0.04354023592962512f,-0.1008837080882439f,0.018565762877831533f,0f,0f,0f,1f],start_interpolation:0}
execute if entity @s[tag=aj.tultaria.bone.lower] run data modify entity @s {} merge value {transformation:[-0.10987845422302513f,0f,-0.9939450313259575f,0f,0f,1f,0f,1.0486337245314254f,0.9939450313259575f,0f,-0.10987845422302513f,0f,0f,0f,0f,1f],start_interpolation:0}