execute if entity @s[tag=aj.labyria.bone.wing_right_1] run data modify entity @s {} merge value {transformation:[-0.14970402210573827f,-0.018830250373875864f,-0.8026073584765256f,-0.10287533114097905f,-0.7554777092299064f,0.2795472731871911f,0.13435474444463527f,0.8827873684386712f,0.27163685513299163f,0.7671005072146072f,-0.06866349254876984f,0.30074251020098686f,0f,0f,0f,1f],start_interpolation:0}
execute if entity @s[tag=aj.labyria.bone.wing_right_2] run data modify entity @s {} merge value {transformation:[-0.1425448229911618f,0.03907823618526982f,-0.7862276164668007f,-0.10287533114097905f,-0.5789312158182349f,0.5362058516673336f,0.1316128108845407f,0.8827873684386712f,0.5334038065008898f,0.5924155434273799f,-0.06726219678246842f,0.30074251020098686f,0f,0f,0f,1f],start_interpolation:0}
execute if entity @s[tag=aj.labyria.bone.wing_left_1] run data modify entity @s {} merge value {transformation:[-0.7625669220236178f,0.1420277307925142f,0.2554687017342813f,-0.20469318908549755f,0.29226988951762023f,0.3612233094776095f,0.671595471110285f,0.831089100188698f,0.003800731670103658f,0.7185334291599916f,-0.38812331811268386f,0.3314838872734128f,0f,0f,0f,1f],start_interpolation:0}
execute if entity @s[tag=aj.labyria.bone.wing_left_2] run data modify entity @s {} merge value {transformation:[-0.7433844547968541f,-0.15732755617944774f,0.25025505476011234f,-0.20469318908549755f,0.12909844209648566f,0.43648032665135245f,0.6578894410876261f,0.831089100188698f,-0.265919432563031f,0.6517154014697916f,-0.3802024340695679f,0.3314838872734128f,0f,0f,0f,1f],start_interpolation:0}
execute if entity @s[tag=aj.labyria.bone.musket] run data modify entity @s {} merge value {transformation:[-0.000016147149282460325f,9.514532171109956e-7f,-0.0000016217184984116496f,-0.26912913492230905f,6.06603982364709e-7f,0.00001590764850781753f,0.000003293085881481083f,-0.06362379183707328f,0.0000017796813537879997f,0.000003210470337797858f,-0.000015836390957273048f,0.8962005462361055f,0f,0f,0f,1f],start_interpolation:0}
execute if entity @s[tag=aj.labyria.bone.omega_blade] run data modify entity @s {} merge value {transformation:[-1.7819868131555687f,0.10500163567992347f,-0.17897158986194014f,-0.26912913492230905f,0.06694434283553362f,1.7555556942819985f,0.3634223919489234f,-0.06362379183707328f,0.19640424749859303f,0.3543050049210409f,-1.7476917665269014f,0.8962005462361055f,0f,0f,0f,1f],start_interpolation:0}
execute if entity @s[tag=aj.labyria.bone.arm_right_2] run data modify entity @s {} merge value {transformation:[0.07234311568514869f,0.9863078364113997f,0.14820028828051995f,-0.3024110644164097f,-0.9265062259012143f,0.011444118318413354f,0.3761053649207921f,0.22433656773497784f,0.3692596471038411f,-0.16451712369652657f,0.9146482542657416f,0.7831832807551856f,0f,0f,0f,1f],start_interpolation:0}
execute if entity @s[tag=aj.labyria.bone.arm_right_1] run data modify entity @s {} merge value {transformation:[0.07498404222738014f,0.9863078364113997f,0.14688173897631557f,-0.3268385545028482f,-0.9196262133319557f,0.011444118318413354f,0.39262788987620667f,0.5244993889610798f,0.3855710325789154f,-0.16451712369652657f,0.9078926670298922f,0.6576162541074182f,0f,0f,0f,1f],start_interpolation:0}
execute if entity @s[tag=aj.labyria.bone.arm_left_2] run data modify entity @s {} merge value {transformation:[-0.7324055504084469f,-0.17984952365994572f,0.6566858141989901f,0.44948993795625297f,0.6235644139712146f,0.21010868001786753f,0.753008475523274f,1.0814917251877285f,-0.27340360524257107f,0.9609934918720522f,-0.04173700061006244f,0.4434626161361092f,0f,0f,0f,1f],start_interpolation:0}
execute if entity @s[tag=aj.labyria.bone.arm_left_1] run data modify entity @s {} merge value {transformation:[-0.730307101439229f,-0.17984952365994572f,-0.6590187299513743f,0.28660449006429534f,-0.6830017900750954f,0.21010868001786753f,0.6995447786492048f,0.8098718732868411f,0.012652760238273199f,0.9609934918720522f,-0.27628140769496734f,0.4723648080551536f,0f,0f,0f,1f],start_interpolation:0}
execute if entity @s[tag=aj.labyria.bone.himo_right_2] run data modify entity @s {} merge value {transformation:[-0.9258310251362333f,-0.13809804533123948f,-0.3518036992001115f,-0.030157804592540957f,-0.32350380110221666f,0.7708449144180268f,0.5487653492962932f,0.34315050301886746f,0.19540267031852226f,0.6218738198312871f,-0.7583473799261358f,0.4655151724865546f,0f,0f,0f,1f],start_interpolation:0}
execute if entity @s[tag=aj.labyria.bone.himo_right_1] run data modify entity @s {} merge value {transformation:[-0.9258310251362333f,0.011205182412021222f,-0.3777715669320614f,-0.030417905183612353f,-0.32350380110221666f,0.4933004288050575f,0.8074651556650381f,0.4406909906427222f,0.19540267031852226f,0.8697868306820126f,-0.45308792259839714f,0.625768403723192f,0f,0f,0f,1f],start_interpolation:0}
execute if entity @s[tag=aj.labyria.bone.himo_left_2] run data modify entity @s {} merge value {transformation:[-0.8609910369629303f,-0.18878319498311136f,-0.47228734850879367f,0.2395838473802982f,-0.4371703204951234f,0.749267566282884f,0.49747384352819546f,0.48005654468068065f,0.259954890601599f,0.6347905319146567f,-0.7276430687114515f,0.38410547883047813f,0f,0f,0f,1f],start_interpolation:0}
execute if entity @s[tag=aj.labyria.bone.himo_left_1] run data modify entity @s {} merge value {transformation:[-0.8609910369629303f,0.011925058316338971f,-0.508480311569337f,0.23864179386730341f,-0.4371703204951234f,0.493606889634477f,0.751820689648515f,0.5773067157974483f,0.259954890601599f,0.8696033759648875f,-0.41977782619235793f,0.5445325004101923f,0f,0f,0f,1f],start_interpolation:0}
execute if entity @s[tag=aj.labyria.bone.ribbon_left_himo_1] run data modify entity @s {} merge value {transformation:[-0.9676221971719909f,0.2518954326627566f,-0.015999204470584713f,0.3431397860755903f,0.04920474008463571f,0.2504252834439912f,0.966884724755335f,0.8770412965301184f,0.24756045139168015f,0.934791885082257f,-0.254711512286171f,0.749179215982719f,0f,0f,0f,1f],start_interpolation:0}
execute if entity @s[tag=aj.labyria.bone.ribbon_left_himo_2] run data modify entity @s {} merge value {transformation:[-0.9676221971719909f,0.2518954326627566f,-0.015999204470584713f,0.33060675965790853f,0.04920474008463571f,0.2504252834439912f,0.966884724755335f,0.9884924157234105f,0.24756045139168015f,0.934791885082257f,-0.254711512286171f,0.6780403979181329f,0f,0f,0f,1f],start_interpolation:0}
execute if entity @s[tag=aj.labyria.bone.ribbon_left] run data modify entity @s {} merge value {transformation:[-0.9676221971719909f,0.2340988719314483f,-0.0943663165566628f,0.3613883434024374f,0.04920474008463571f,0.5416521872349251f,0.8391613680436111f,0.9907047553410075f,0.24756045139168015f,0.8073478966492976f,-0.5356334536627662f,0.8000604375877937f,0f,0f,0f,1f],start_interpolation:0}
execute if entity @s[tag=aj.labyria.bone.ribbon_right_himo_1] run data modify entity @s {} merge value {transformation:[-0.9676221971719909f,0.2518954326627566f,-0.015999204470584713f,-0.23846163081209962f,0.04920474008463571f,0.2504252834439912f,0.966884724755335f,0.9066164206172397f,0.24756045139168015f,0.934791885082257f,-0.254711512286171f,0.8979785197973308f,0f,0f,0f,1f],start_interpolation:0}
execute if entity @s[tag=aj.labyria.bone.ribbon_right_himo_2] run data modify entity @s {} merge value {transformation:[-0.9676221971719909f,0.2518954326627566f,-0.015999204470584713f,-0.25099465722978137f,0.04920474008463571f,0.2504252834439912f,0.966884724755335f,1.0180675398105317f,0.24756045139168015f,0.934791885082257f,-0.254711512286171f,0.8268397017327447f,0f,0f,0f,1f],start_interpolation:0}
execute if entity @s[tag=aj.labyria.bone.ribbon_right] run data modify entity @s {} merge value {transformation:[-0.9676221971719909f,0.2340988719314483f,-0.0943663165566628f,-0.21918497490075717f,0.04920474008463571f,0.5416521872349251f,0.8391613680436111f,1.0202275993917889f,0.24756045139168015f,0.8073478966492976f,-0.5356334536627662f,0.9485967084228017f,0f,0f,0f,1f],start_interpolation:0}
execute if entity @s[tag=aj.labyria.bone.crown] run data modify entity @s {} merge value {transformation:[-0.9016277651157041f,0.40365351144104744f,-0.15534225398703727f,0.3071465748922871f,0.210870445664822f,0.7238380774525608f,0.656956690182009f,1.2194394410144822f,0.3776255133297807f,0.5595733020177901f,-0.7377511039309441f,0.9938343187073011f,0f,0f,0f,1f],start_interpolation:0}
execute if entity @s[tag=aj.labyria.bone.ear_edge_a1] run data modify entity @s {} merge value {transformation:[-0.9245885049369142f,0.347857558010098f,-0.15534225398703727f,0.31560681210968483f,0.1662878722885889f,0.7353613062670853f,0.656956690182009f,1.2060774605407534f,0.3427600327754913f,0.5815830710916692f,-0.7377511039309441f,1.001486562243887f,0f,0f,0f,1f],start_interpolation:0}
execute if entity @s[tag=aj.labyria.bone.ear_edge_a2] run data modify entity @s {} merge value {transformation:[-0.9676221971719909f,0.19893734608231745f,-0.15534225398703727f,0.20615600552980634f,0.04920474008463571f,0.7523209426689539f,0.656956690182009f,1.2193265352102547f,0.24756045139168015f,0.6280423007691608f,-0.7377511039309441f,1.0363308384512644f,0f,0f,0f,1f],start_interpolation:0}
execute if entity @s[tag=aj.labyria.bone.ear_edge_b1] run data modify entity @s {} merge value {transformation:[-0.8907523826959711f,0.42711705286452495f,-0.15534225398703727f,0.18368338267239825f,0.22974605756644553f,0.718070091465851f,0.656956690182009f,1.2171758065377256f,0.39214403189915586f,0.5494964666806761f,-0.7377511039309441f,1.0391475232199f,0f,0f,0f,1f],start_interpolation:0}
execute if entity @s[tag=aj.labyria.bone.ear_edge_b2] run data modify entity @s {} merge value {transformation:[-0.9791422858909187f,0.13095483231455615f,-0.15534225398703727f,0.21383797884939293f,-0.0033943762736313443f,0.7539206758239311f,0.656956690182009f,1.2232676793786617f,0.20314739031063084f,0.6437813654173703f,-0.7377511039309441f,1.0382228396565987f,0f,0f,0f,1f],start_interpolation:0}
execute if entity @s[tag=aj.labyria.bone.ear_right_2] run data modify entity @s {} merge value {transformation:[-0.9466015704205707f,0.28251416071329316f,-0.15534225398703727f,0.2857345333075608f,0.11458659173622752f,0.745169658681414f,0.656956690182009f,1.3197502193279056f,0.3013559023340754f,0.604076095187592f,-0.7377511039309441f,1.0666420140505928f,0f,0f,0f,1f],start_interpolation:0}
execute if entity @s[tag=aj.labyria.bone.ear_right_1] run data modify entity @s {} merge value {transformation:[-0.9466015704205707f,0.28251416071329316f,-0.15534225398703727f,0.22216884714706994f,0.11458659173622752f,0.745169658681414f,0.656956690182009f,1.1520870461245878f,0.3013559023340754f,0.604076095187592f,-0.7377511039309441f,0.9307248926333849f,0f,0f,0f,1f],start_interpolation:0}
execute if entity @s[tag=aj.labyria.bone.ear_edge_a3] run data modify entity @s {} merge value {transformation:[-0.9868298195587354f,0.04511863645879151f,-0.15534225398703727f,-0.06222696278056759f,-0.0690899761213711f,0.7507559406522524f,0.656956690182009f,1.2252907575723913f,0.14626511008857235f,0.6590370446488204f,-0.7377511039309441f,1.0981531126147106f,0f,0f,0f,1f],start_interpolation:0}
execute if entity @s[tag=aj.labyria.bone.ear_edge_a4] run data modify entity @s {} merge value {transformation:[-0.9676221971719908f,0.19893734608231742f,-0.15534225398703727f,0.05123337936086049f,0.049204740084635705f,0.7523209426689539f,0.656956690182009f,1.2272045350909428f,0.24756045139168015f,0.6280423007691609f,-0.7377511039309441f,1.0759668817099453f,0f,0f,0f,1f],start_interpolation:0}
execute if entity @s[tag=aj.labyria.bone.ear_edge_b3] run data modify entity @s {} merge value {transformation:[-0.9870069824355737f,-0.04106093946380203f,-0.15534225398703727f,0.07198730888243775f,-0.13425975953315902f,0.7418774994533789f,0.656956690182009f,1.2228556847953473f,0.08826966406145179f,0.6692770540330455f,-0.7377511039309441f,1.067724307141286f,0f,0f,0f,1f],start_interpolation:0}
execute if entity @s[tag=aj.labyria.bone.ear_edge_b4] run data modify entity @s {} merge value {transformation:[-0.9513879503734844f,0.26595065709707777f,-0.15534225398703727f,0.04581192850704373f,0.1015641358952536f,0.7470559775043303f,0.656956690182009f,1.231812003970126f,0.29076742283823886f,0.6092434771621953f,-0.7377511039309441f,1.0812113169671491f,0f,0f,0f,1f],start_interpolation:0}
execute if entity @s[tag=aj.labyria.bone.ear_left_2] run data modify entity @s {} merge value {transformation:[-0.9812786347366752f,0.11384649812600148f,-0.15534225398703727f,0.005878759932422525f,-0.016551589349634563f,0.7537466100189778f,0.656956690182009f,1.3339812184000164f,0.19188091593310672f,0.6472287252195669f,-0.7377511039309441f,1.1382414686557072f,0f,0f,0f,1f],start_interpolation:0}
execute if entity @s[tag=aj.labyria.bone.ear_left_1] run data modify entity @s {} merge value {transformation:[-0.9812786347366752f,0.11384649812600148f,-0.15534225398703727f,-0.019736702145927768f,-0.016551589349634563f,0.7537466100189778f,0.656956690182009f,1.1643882311457467f,0.19188091593310672f,0.6472287252195669f,-0.7377511039309441f,0.9926150054813049f,0f,0f,0f,1f],start_interpolation:0}
execute if entity @s[tag=aj.labyria.bone.head] run data modify entity @s {} merge value {transformation:[-0.9676221971719909f,0.19893734608231742f,-0.15534225398703727f,0.004115128070478297f,0.04920474008463571f,0.7523209426689539f,0.656956690182009f,0.7521432589491406f,0.24756045139168015f,0.6280423007691608f,-0.7377511039309441f,0.6628529919109919f,0f,0f,0f,1f],start_interpolation:0}
execute if entity @s[tag=aj.labyria.bone.back_musket] run data modify entity @s {} merge value {transformation:[-0.8064770093855159f,0.8416557360804546f,1.1330785921022706f,-0.19437700349032602f,1.1548330845153882f,1.1437887244696598f,-0.02765034013791256f,0.8490239591169642f,-0.8115491487681249f,0.7912140142363107f,-1.1653432985325807f,0.5488487722912915f,0f,0f,0f,1f],start_interpolation:0}
execute if entity @s[tag=aj.labyria.bone.body_1] run data modify entity @s {} merge value {transformation:[-0.8609910369629303f,0.00912447436985795f,-0.5085382760785779f,0.0006934501817815651f,-0.4371703204951234f,0.49773997891093213f,0.7490907984162776f,0.565490766857541f,0.259954890601599f,0.8672783044451295f,-0.42456071119581007f,0.3376236277440683f,0f,0f,0f,1f],start_interpolation:0}
execute if entity @s[tag=aj.labyria.bone.belt2] run data modify entity @s {} merge value {transformation:[-0.9534063102553528f,0.033778432318054f,0.2997923032290999f,0.24665001436520287f,0.07497805918603752f,0.9890640430823223f,0.1270063357567033f,0.18084710826749728f,-0.29222371260041324f,0.143566487007881f,-0.945512541218913f,0.5505345400187649f,0f,0f,0f,1f],start_interpolation:0}
execute if entity @s[tag=aj.labyria.bone.leg_left_2] run data modify entity @s {} merge value {transformation:[-0.9931126696804228f,-0.07933609582782113f,-0.08621490137454388f,0.15545433644866802f,-0.09699953528532099f,0.9694660688028952f,0.22522573475136298f,0.32456438998398557f,0.06571389103268288f,0.23203733608766142f,-0.9704846001800781f,0.43066530847197815f,0f,0f,0f,1f],start_interpolation:0}
execute if entity @s[tag=aj.labyria.bone.leg_left_1] run data modify entity @s {} merge value {transformation:[-0.9931126696804228f,-0.060877186599294426f,0.10010591127390148f,0.140035187845694f,-0.09699953528532099f,-0.05201052721832439f,-0.9939245420115671f,0.28724328359780665f,0.06571389103268288f,-0.996789282250881f,0.04574725472766711f,0.1425514635670145f,0f,0f,0f,1f],start_interpolation:0}
execute if entity @s[tag=aj.labyria.bone.belt] run data modify entity @s {} merge value {transformation:[-0.8734368272997766f,-0.0996538834746385f,-0.4766311070680589f,-0.167373032242906f,-0.4794673408846668f,0.3468072534775696f,0.8061239346157212f,0.06394773067987258f,0.0849657445179347f,0.9326273813500053f,-0.3506950096804131f,-0.008519352059866536f,0f,0f,0f,1f],start_interpolation:0}
execute if entity @s[tag=aj.labyria.bone.leg_right_2] run data modify entity @s {} merge value {transformation:[-0.9932359445571078f,0.04798453942081818f,-0.10573477392193036f,-0.12135151464001026f,-0.09962661063935771f,0.11554296839059888f,0.9882936612707799f,0.1679079482112035f,0.05963972578964118f,0.9921427853046463f,-0.10998089232078168f,-0.2211724152964898f,0f,0f,0f,1f],start_interpolation:0}
execute if entity @s[tag=aj.labyria.bone.leg_right_1] run data modify entity @s {} merge value {transformation:[-0.9932359445571078f,0.02894282043283769f,-0.11244852860372291f,-0.10963847133362103f,-0.09962661063935771f,0.2849967468182358f,0.9533369775454723f,0.28952183774523643f,0.05963972578964118f,0.9580914191497674f,-0.2801855379196461f,0.17704865192930686f,0f,0f,0f,1f],start_interpolation:0}
execute if entity @s[tag=aj.labyria.bone.skirt_forward_right] run data modify entity @s {} merge value {transformation:[-0.9805292873870823f,0.1789353142811252f,-0.08089789786697577f,0.006219240996982358f,0.1642026761293383f,0.973034642831464f,0.16199094111032564f,0.4507580889343567f,0.10770235711508039f,0.1455532107270751f,-0.9834706223974845f,0.26378226856097475f,0f,0f,0f,1f],start_interpolation:0}
execute if entity @s[tag=aj.labyria.bone.skirt_forward_left] run data modify entity @s {} merge value {transformation:[-0.9360312161591129f,-0.34249247071489974f,-0.08089789786697577f,0.006219240996982358f,-0.351397426398716f,0.9221056250335695f,0.16199094111032564f,0.4507580889343567f,0.019115729022222312f,0.18005589072577882f,-0.9834706223974845f,0.26378226856097475f,0f,0f,0f,1f],start_interpolation:0}
execute if entity @s[tag=aj.labyria.bone.skirt_forward] run data modify entity @s {} merge value {transformation:[-0.9931126696804228f,-0.08475113828691572f,-0.08089789786697577f,0.006219240996982358f,-0.09699953528532099f,0.9820132510066363f,0.16199094111032564f,0.4507580889343567f,0.06571389103268288f,0.16872231448877567f,-0.9834706223974845f,0.26378226856097475f,0f,0f,0f,1f],start_interpolation:0}
execute if entity @s[tag=aj.labyria.bone.skirt_back_right] run data modify entity @s {} merge value {transformation:[-0.9578263714407814f,0.2623821755149219f,-0.11715048503801842f,0.006219240996982358f,0.050443379198264277f,0.554900853871709f,0.830385758468622f,0.4507580889343567f,0.2828853260026868f,0.789455911590068f,-0.5447341149476949f,0.26378226856097475f,0f,0f,0f,1f],start_interpolation:0}
execute if entity @s[tag=aj.labyria.bone.skirt_back_left] run data modify entity @s {} merge value {transformation:[-0.9587341321054138f,-0.25904560948110306f,-0.11715048503801842f,0.006219240996982358f,-0.23763812946764198f,0.5039718360738145f,0.830385758468622f,0.4507580889343567f,-0.15606723986538412f,0.8239585915887718f,-0.5447341149476949f,0.26378226856097475f,0f,0f,0f,1f],start_interpolation:0}
execute if entity @s[tag=aj.labyria.bone.skirt_back] run data modify entity @s {} merge value {transformation:[-0.9931126696804228f,0.0017289232431116977f,-0.11715048503801842f,0.006219240996982358f,-0.09699953528532099f,0.5486807653699219f,0.830385758468622f,0.4507580889343567f,0.06571389103268288f,0.8360301600645137f,-0.5447341149476949f,0.26378226856097475f,0f,0f,0f,1f],start_interpolation:0}
execute if entity @s[tag=aj.labyria.bone.skirt_right] run data modify entity @s {} merge value {transformation:[-0.9702547358097987f,0.21670046664027703f,-0.1079196710361182f,-0.1903074441449546f,0.12605943725636085f,0.8328353147464947f,0.5389752840248956f,0.507377474152974f,0.2066755087504744f,0.5093390288098817f,-0.8353795471602948f,0.32570088341776227f,0f,0f,0f,1f],start_interpolation:0}
execute if entity @s[tag=aj.labyria.bone.skirt_left] run data modify entity @s {} merge value {transformation:[-0.9463057677363965f,-0.3047273183557479f,-0.1079196710361182f,0.19452371535620921f,-0.3132541875257385f,0.7819062969486003f,0.5389752840248956f,0.5449647940760358f,-0.0798574226131717f,0.5438417088085855f,-0.8353795471602948f,0.30023675064259764f,0f,0f,0f,1f],start_interpolation:0}
execute if entity @s[tag=aj.labyria.bone.coat_downer] run data modify entity @s {} merge value {transformation:[-0.9931126696804228f,-0.049351820612675804f,-0.10626204930471565f,0.01047679675362545f,-0.09699953528532099f,0.8550180940301106f,0.5094459235635799f,0.3726585964455741f,0.06571389103268288f,0.5162445706090587f,-0.8539164056522239f,0.21284354219681173f,0f,0f,0f,1f],start_interpolation:0}
execute if entity @s[tag=aj.labyria.bone.body_2] run data modify entity @s {} merge value {transformation:[-0.9931126696804228f,-0.045613264777689205f,-0.1079196710361182f,-4.141647823570218e-17f,-0.09699953528532099f,0.8367178337795335f,0.5389752840248956f,0.5648422238918107f,0.06571389103268288f,0.5457313411483764f,-0.8353795471602948f,0.33819120961682947f,0f,0f,0f,1f],start_interpolation:0}
execute if entity @s[tag=aj.labyria.bone.sphere] run data modify entity @s {} merge value {transformation:[-0.8660254037844388f,-2.999519565323715e-32f,-0.49999999999999983f,0.9564026108189333f,-1.224646799147353e-16f,1f,2.1211504774498138e-16f,1.5987218256949665f,0.49999999999999983f,2.4492935982947064e-16f,-0.8660254037844388f,-0.33007535687453005f,0f,0f,0f,1f],start_interpolation:0}