execute if entity @s[tag=aj.labyria.bone.wing_right_1] run data modify entity @s {} merge value {transformation:[-0.5019422258550793f,-0.12290978223276568f,-0.6323698536296515f,-0.12170736760395548f,-0.5993866928841514f,0.3828898459055758f,0.40134200221288646f,1.0168556531652249f,0.23608057679845804f,0.7107974365305089f,-0.32554171764093276f,0.2206773679021382f,0f,0f,0f,1f],start_interpolation:0}
execute if entity @s[tag=aj.labyria.bone.wing_right_2] run data modify entity @s {} merge value {transformation:[-0.5003458151576287f,0.07692846532792483f,-0.6194643464127199f,-0.12170736760395548f,-0.3989245686528097f,0.5712190518714406f,0.39315134910650107f,1.0168556531652249f,0.4801179581930023f,0.5547889742968785f,-0.31889800911764843f,0.2206773679021382f,0f,0f,0f,1f],start_interpolation:0}
execute if entity @s[tag=aj.labyria.bone.wing_left_1] run data modify entity @s {} merge value {transformation:[-0.8093713533894552f,0.10831018195743349f,-0.01146129317806853f,-0.18353808007637948f,0.054754441996991046f,0.47892320630096397f,0.6592260295167709f,0.9911752967342223f,0.09415098426763327f,0.652568702433082f,-0.48190675987236775f,0.23624835948247447f,0f,0f,0f,1f],start_interpolation:0}
execute if entity @s[tag=aj.labyria.bone.wing_left_2] run data modify entity @s {} merge value {transformation:[-0.7731038104055858f,-0.20538851980409015f,-0.011227389235658969f,-0.18353808007637948f,-0.12998151982182898f,0.4539633950172587f,0.6457724370776532f,0.9911752967342223f,-0.15942177655882397f,0.6258856060951467f,-0.47207192803823783f,0.23624835948247447f,0f,0f,0f,1f],start_interpolation:0}
execute if entity @s[tag=aj.labyria.bone.musket] run data modify entity @s {} merge value {transformation:[-0.000016211420757048876f,0.0000011412786868478615f,-3.9113176727481633e-7f,-0.37089793521457165f,0.0000011108616852045723f,0.000016176746716530733f,0.000001159532685204066f,0.1359626715563756f,4.7062449656720594e-7f,0.000001129607317017266f,-0.000016210125352848807f,0.911173653081506f,0f,0f,0f,1f],start_interpolation:0}
execute if entity @s[tag=aj.labyria.bone.omega_blade] run data modify entity @s {} merge value {transformation:[-1.7890797630116324f,0.1259506266104523f,-0.04316499707146795f,-0.37089793521457165f,0.12259383000964615f,1.7852531629176291f,0.12796512364575585f,0.1359626715563756f,0.051937752736435694f,0.12466258333013319f,-1.7889368032134758f,0.911173653081506f,0f,0f,0f,1f],start_interpolation:0}
execute if entity @s[tag=aj.labyria.bone.arm_right_2] run data modify entity @s {} merge value {transformation:[-0.04628310566134808f,0.9972423379960862f,0.058013734911999355f,-0.3674141201198285f,-0.8775914654012573f,-0.06833443661389171f,0.474514093181157f,0.40958617573004347f,0.4771698795871487f,-0.028950372722319317f,0.8783340947122706f,0.7631202883490273f,0f,0f,0f,1f],start_interpolation:0}
execute if entity @s[tag=aj.labyria.bone.arm_right_1] run data modify entity @s {} merge value {transformation:[-0.04628310566134808f,0.9972423379960862f,0.058013734911999355f,-0.3522274760746987f,-0.8775914654012573f,-0.06833443661389171f,0.474514093181157f,0.697545875314831f,0.4771698795871487f,-0.028950372722319317f,0.8783340947122706f,0.6065489216094941f,0f,0f,0f,1f],start_interpolation:0}
execute if entity @s[tag=aj.labyria.bone.arm_left_2] run data modify entity @s {} merge value {transformation:[-0.7010360492506507f,-0.19518501630638374f,0.6858945014071155f,0.4938537169090288f,0.6033669832961721f,0.35034508829018685f,0.7163843958232322f,1.173532408928128f,-0.38012726963362603f,0.9160573827661768f,-0.12783634209592604f,0.4032702499817894f,0f,0f,0f,1f],start_interpolation:0}
execute if entity @s[tag=aj.labyria.bone.arm_left_1] run data modify entity @s {} merge value {transformation:[-0.8213680348857884f,-0.19518501630638374f,-0.5359639546437195f,0.2832900524310402f,-0.568810708277626f,0.35034508829018685f,0.744118738683314f,0.9370969485367182f,0.04253151086622319f,0.9160573827661768f,-0.3987855840712129f,0.44882976486181325f,0f,0f,0f,1f],start_interpolation:0}
execute if entity @s[tag=aj.labyria.bone.himo_right_2] run data modify entity @s {} merge value {transformation:[-0.9485816533550777f,-0.15841591558173407f,-0.27403876479167666f,-0.05160029468117598f,-0.2768831577671833f,0.8348123074232674f,0.4758404441821992f,0.4810907442163964f,0.1533902339232195f,0.5272502338217031f,-0.8357503377635807f,0.46055167961995236f,0f,0f,0f,1f],start_interpolation:0}
execute if entity @s[tag=aj.labyria.bone.himo_right_1] run data modify entity @s {} merge value {transformation:[-0.9485816533550777f,-0.04148712691843163f,-0.313801952221781f,-0.06134039317976804f,-0.2768831577671833f,0.5891697498791041f,0.7590880863063697f,0.5963043728581432f,0.1533902339232195f,0.8069435073953118f,-0.5703627021549814f,0.6082888203681047f,0f,0f,0f,1f],start_interpolation:0}
execute if entity @s[tag=aj.labyria.bone.himo_left_2] run data modify entity @s {} merge value {transformation:[-0.8995070318776374f,-0.20477041026591256f,-0.38594841453517187f,0.23025271610570955f,-0.3735952614344043f,0.8184967492652693f,0.436451202399473f,0.5981057297151543f,0.22652523090473184f,0.5367794244582373f,-0.8127448364904211f,0.38960691386758683f,0f,0f,0f,1f],start_interpolation:0}
execute if entity @s[tag=aj.labyria.bone.himo_left_1] run data modify entity @s {} merge value {transformation:[-0.8995070318776374f,-0.04148712691843163f,-0.4349320842415939f,0.21975555428199367f,-0.3735952614344043f,0.5891697498791041f,0.7164534782253156f,0.7130528920563945f,0.22652523090473184f,0.8069435073953118f,-0.5454617270130967f,0.537499685710376f,0f,0f,0f,1f],start_interpolation:0}
execute if entity @s[tag=aj.labyria.bone.ribbon_left_himo_1] run data modify entity @s {} merge value {transformation:[-0.9828711267584758f,0.1374516156496205f,-0.1227656366408505f,0.31956528981176385f,0.02668786831401851f,0.7652720731368028f,0.6431534900486455f,1.0335720550990768f,0.18235159957998154f,0.6288606422986008f,-0.7558321154187702f,0.7550087574299283f,0f,0f,0f,1f],start_interpolation:0}
execute if entity @s[tag=aj.labyria.bone.ribbon_left_himo_2] run data modify entity @s {} merge value {transformation:[-0.9828711267584758f,0.1374516156496205f,-0.1227656366408505f,0.3032604786954009f,0.02668786831401851f,0.7652720731368028f,0.6431534900486455f,1.1189908779961626f,0.18235159957998154f,0.6288606422986008f,-0.7558321154187702f,0.6546248046008729f,0f,0f,0f,1f],start_interpolation:0}
execute if entity @s[tag=aj.labyria.bone.ribbon_left] run data modify entity @s {} merge value {transformation:[-0.9828711267584758f,0.1374516156496205f,-0.1227656366408505f,0.3255866311764504f,0.02668786831401851f,0.7652720731368028f,0.6431534900486455f,1.15811614306222f,0.18235159957998154f,0.6288606422986008f,-0.7558321154187702f,0.7721494699877367f,0f,0f,0f,1f],start_interpolation:0}
execute if entity @s[tag=aj.labyria.bone.ribbon_right_himo_1] run data modify entity @s {} merge value {transformation:[-0.9828711267584758f,0.1374516156496205f,-0.1227656366408505f,-0.2712016868155026f,0.02668786831401851f,0.7652720731368028f,0.6431534900486455f,1.0496131319475717f,0.18235159957998154f,0.6288606422986008f,-0.7558321154187702f,0.864613465752471f,0f,0f,0f,1f],start_interpolation:0}
execute if entity @s[tag=aj.labyria.bone.ribbon_right_himo_2] run data modify entity @s {} merge value {transformation:[-0.9828711267584758f,0.1374516156496205f,-0.1227656366408505f,-0.28750649793186556f,0.02668786831401851f,0.7652720731368028f,0.6431534900486455f,1.1350319548446575f,0.18235159957998154f,0.6288606422986008f,-0.7558321154187702f,0.7642295129234156f,0f,0f,0f,1f],start_interpolation:0}
execute if entity @s[tag=aj.labyria.bone.ribbon_right] run data modify entity @s {} merge value {transformation:[-0.9828711267584758f,0.1374516156496205f,-0.1227656366408505f,-0.26413604487863507f,0.02668786831401851f,0.7652720731368028f,0.6431534900486455f,1.174128864050631f,0.18235159957998154f,0.6288606422986008f,-0.7558321154187702f,0.8815604297357257f,0f,0f,0f,1f],start_interpolation:0}
execute if entity @s[tag=aj.labyria.bone.crown] run data modify entity @s {} merge value {transformation:[-0.9298231819413973f,0.34692571075742096f,-0.1227656366408505f,0.2521403120985726f,0.1916904513408601f,0.7413557574491372f,0.6431534900486455f,1.3869586771106428f,0.3141394932018454f,0.5744860242969139f,-0.7558321154187702f,0.9597234439869649f,0f,0f,0f,1f],start_interpolation:0}
execute if entity @s[tag=aj.labyria.bone.ear_edge_a1] run data modify entity @s {} merge value {transformation:[-0.9492681822438884f,0.28951427709104544f,-0.1227656366408505f,0.26102689216104447f,0.14607422374047868f,0.7516754016175221f,0.6431534900486455f,1.3747488227661548f,0.27848202695685853f,0.5925922493279728f,-0.7558321154187702f,0.9669728685544718f,0f,0f,0f,1f],start_interpolation:0}
execute if entity @s[tag=aj.labyria.bone.ear_edge_a2] run data modify entity @s {} merge value {transformation:[-0.9828711267584758f,0.13745161564962055f,-0.1227656366408505f,0.14920002220471176f,0.02668786831401848f,0.7652720731368029f,0.6431534900486455f,1.3855348047901384f,0.1823515995799815f,0.628860642298601f,-0.7558321154187702f,0.9943143091263904f,0f,0f,0f,1f],start_interpolation:0}
execute if entity @s[tag=aj.labyria.bone.ear_edge_b1] run data modify entity @s {} merge value {transformation:[-0.9204230983626291f,0.37114676135014946f,-0.1227656366408505f,0.12665239088665725f,0.21103119515125163f,0.73608384231097f,0.6431534900486455f,1.3828251836034193f,0.32907013640495f,0.5660659490094898f,-0.7558321154187702f,0.9956709225457446f,0f,0f,0f,1f],start_interpolation:0}
execute if entity @s[tag=aj.labyria.bone.ear_edge_b2] run data modify entity @s {} merge value {transformation:[-0.9900650421107726f,0.06855516647460563f,-0.1227656366408505f,0.156635914339478f,-0.02675982326874661f,0.765269560414415f,0.6431534900486455f,1.3897019911152333f,0.13804029936514794f,0.6400489739486871f,-0.7558321154187702f,0.9966524849735114f,0f,0f,0f,1f],start_interpolation:0}
execute if entity @s[tag=aj.labyria.bone.ear_right_2] run data modify entity @s {} merge value {transformation:[-0.9671513077304452f,0.222591433832159f,-0.1227656366408505f,0.22399181773803722f,0.09328416885607416f,0.7600339808713016f,0.6431534900486455f,1.488410802408086f,0.2364665130544305f,0.610574648593819f,-0.7558321154187702f,1.0283604868305498f,0f,0f,0f,1f],start_interpolation:0}
execute if entity @s[tag=aj.labyria.bone.ear_right_1] run data modify entity @s {} merge value {transformation:[-0.9671513077304452f,0.222591433832159f,-0.1227656366408505f,0.1739087451258015f,0.09328416885607416f,0.7600339808713016f,0.6431534900486455f,1.3174031567120434f,0.2364665130544305f,0.610574648593819f,-0.7558321154187702f,0.8909811908969407f,0f,0f,0f,1f],start_interpolation:0}
execute if entity @s[tag=aj.labyria.bone.ear_edge_a3] run data modify entity @s {} merge value {transformation:[-0.992272522170016f,-0.01799556074485678f,-0.1227656366408505f,-0.12276123210806282f,-0.09335563100228968f,0.7600252064230572f,0.6431534900486455f,1.3851698094470415f,0.08173107063118337f,0.6496443991870223f,-0.7558321154187702f,1.038176891599774f,0f,0f,0f,1f],start_interpolation:0}
execute if entity @s[tag=aj.labyria.bone.ear_edge_a4] run data modify entity @s {} merge value {transformation:[-0.9828711267584759f,0.1374516156496205f,-0.1227656366408505f,-0.008164057069286912f,0.026687868314018516f,0.7652720731368028f,0.6431534900486455f,1.3898077066087848f,0.18235159957998154f,0.6288606422986008f,-0.7558321154187702f,1.0235099898121007f,0f,0f,0f,1f],start_interpolation:0}
execute if entity @s[tag=aj.labyria.bone.ear_edge_b3] run data modify entity @s {} merge value {transformation:[-0.9869282091850156f,-0.10440933088103413f,-0.1227656366408505f,0.01319607888669299f,-0.15924094601423414f,0.7489966016950532f,0.6431534900486455f,1.3859058592195963f,0.024799819099145776f,0.6542956382815313f,-0.7558321154187702f,1.0167204166374793f,0f,0f,0f,1f],start_interpolation:0}
execute if entity @s[tag=aj.labyria.bone.ear_edge_b4] run data modify entity @s {} merge value {transformation:[-0.970888762074472f,0.20567841436977854f,-0.1227656366408505f,-0.014038088290297103f,0.08000553928501286f,0.761546257243748f,0.6431534900486455f,1.3943362968576678f,0.22577450113158018f,0.6146085648120867f,-0.7558321154187702f,1.028317549231631f,0f,0f,0f,1f],start_interpolation:0}
execute if entity @s[tag=aj.labyria.bone.ear_left_2] run data modify entity @s {} merge value {transformation:[-0.9911107030380619f,0.051265707676433694f,-0.1227656366408505f,-0.060274252336619864f,-0.0401115430204823f,0.7646859828418214f,0.6431534900486455f,1.4961294699299577f,0.12684888032582264f,0.6423606267990527f,-0.7558321154187702f,1.0811002318217229f,0f,0f,0f,1f],start_interpolation:0}
execute if entity @s[tag=aj.labyria.bone.ear_left_1] run data modify entity @s {} merge value {transformation:[-0.9911107030380619f,0.051265707676433694f,-0.1227656366408505f,-0.07180903656381743f,-0.0401115430204823f,0.7646859828418214f,0.6431534900486455f,1.3240751237905481f,0.12684888032582264f,0.6423606267990527f,-0.7558321154187702f,0.9365690907919362f,0f,0f,0f,1f],start_interpolation:0}
execute if entity @s[tag=aj.labyria.bone.head] run data modify entity @s {} merge value {transformation:[-0.9828711267584758f,0.1374516156496205f,-0.1227656366408505f,-0.0155576725944119f,0.02668786831401851f,0.7652720731368028f,0.6431534900486455f,0.908438656204664f,0.18235159957998154f,0.6288606422986008f,-0.7558321154187702f,0.615103815273242f,0f,0f,0f,1f],start_interpolation:0}
execute if entity @s[tag=aj.labyria.bone.back_musket] run data modify entity @s {} merge value {transformation:[-0.6795239482168781f,0.8238074443221785f,1.2256611028763646f,-0.1988698844583847f,1.0881345137852847f,1.1914675326994013f,-0.19754756150725267f,0.9995682027853934f,-0.9984323333776838f,0.7378367392774375f,-1.0494696100714074f,0.4741286501937682f,0f,0f,0f,1f],start_interpolation:0}
execute if entity @s[tag=aj.labyria.bone.body_1] run data modify entity @s {} merge value {transformation:[-0.8995070318776374f,-0.04148712691843163f,-0.4349320842415939f,-3.827021247335479e-17f,-0.3735952614344043f,0.5891697498791041f,0.7164534782253156f,0.6875f,0.22652523090473184f,0.8069435073953118f,-0.5454617270130967f,0.3125f,0f,0f,0f,1f],start_interpolation:0}
execute if entity @s[tag=aj.labyria.bone.belt2] run data modify entity @s {} merge value {transformation:[-0.9482458859346611f,0.04078178035355711f,0.314907266031103f,0.24371746776521372f,0.07909649391514373f,0.9907945980078425f,0.10986268342257685f,0.27180483135255107f,-0.3075280222326434f,0.12908489822466435f,-0.9427425972088069f,0.5518525574729395f,0f,0f,0f,1f],start_interpolation:0}
execute if entity @s[tag=aj.labyria.bone.leg_left_2] run data modify entity @s {} merge value {transformation:[-0.994829447880333f,-0.07380533431738989f,-0.06976490705512375f,0.15563599151243296f,-0.08703629883128322f,0.9735681692008377f,0.21116273962202858f,0.4144924723225737f,0.052335956242943675f,0.2161429909694677f,-0.9749580273729271f,0.4284757684816922f,0f,0f,0f,1f],start_interpolation:0}
execute if entity @s[tag=aj.labyria.bone.leg_left_1] run data modify entity @s {} merge value {transformation:[-0.994829447880333f,-0.05588885954974866f,0.08479861442464856f,0.1413386043803105f,-0.08703629883128322f,0.03889636471081681f,-0.9954455060414078f,0.4010321418053409f,0.052335956242943675f,-0.9976790607156749f,-0.04355960851092555f,0.13431855418368957f,0f,0f,0f,1f],start_interpolation:0}
execute if entity @s[tag=aj.labyria.bone.belt] run data modify entity @s {} merge value {transformation:[-0.8780011452668235f,-0.1154962308006832f,-0.46451545677294914f,-0.1644905405974049f,-0.4606253786577942f,0.4677383656419493f,0.7543507684379739f,0.15834816613156039f,0.13014703011021783f,0.8762884467898874f,-0.4638753157649764f,0.007825126959943723f,0f,0f,0f,1f],start_interpolation:0}
execute if entity @s[tag=aj.labyria.bone.leg_right_2] run data modify entity @s {} merge value {transformation:[-0.994829447880333f,0.0337140800217242f,-0.09580047201554137f,-0.11330688539891974f,-0.08703629883128322f,0.2030790873411302f,0.9752864025354013f,0.2317689971280833f,0.052335956242943675f,0.9785817518700122f,-0.1990947075920259f,-0.21077630869991784f,0f,0f,0f,1f],start_interpolation:0}
execute if entity @s[tag=aj.labyria.bone.leg_right_1] run data modify entity @s {} merge value {transformation:[-0.994829447880333f,0.012179904530799444f,-0.10082668077315825f,-0.1089128415347972f,-0.08703629883128322f,0.4093559145445491f,0.90821386133066f,0.40630464851102643f,0.052335956242943675f,0.9122934753427847f,-0.4061792246424234f,0.16300612972496573f,0f,0f,0f,1f],start_interpolation:0}
execute if entity @s[tag=aj.labyria.bone.skirt_forward_right] run data modify entity @s {} merge value {transformation:[-0.9936340400000426f,0.09381579380980103f,-0.06236979545445279f,0.006639560963605077f,0.08608047992179008f,0.9894087294760778f,0.11687821444977436f,0.5712641999219229f,0.07267424254595076f,0.11076535048637756f,-0.991185901636016f,0.24540457813367708f,0f,0f,0f,1f],start_interpolation:0}
execute if entity @s[tag=aj.labyria.bone.skirt_forward_left] run data modify entity @s {} merge value {transformation:[-0.9657974663947698f,-0.2516848476178355f,-0.06236979545445279f,0.006639560963605077f,-0.2575085236868603f,0.9591813401102245f,0.11687821444977436f,0.5712641999219229f,0.03040746839276645f,0.12894143734246433f,-0.991185901636016f,0.24540457813367708f,0f,0f,0f,1f],start_interpolation:0}
execute if entity @s[tag=aj.labyria.bone.skirt_forward] run data modify entity @s {} merge value {transformation:[-0.994829447880333f,-0.08015221921495042f,-0.06236979545445279f,0.006639560963605077f,-0.08703629883128322f,0.9893251061571136f,0.11687821444977436f,0.5712641999219229f,0.052335956242943675f,0.12170232570552802f,-0.991185901636016f,0.24540457813367708f,0f,0f,0f,1f],start_interpolation:0}
execute if entity @s[tag=aj.labyria.bone.skirt_back_right] run data modify entity @s {} merge value {transformation:[-0.9815934689026619f,0.16210126577219153f,-0.10098238184303338f,0.006639560963605077f,0.019024969958962135f,0.6091180349186975f,0.7928513543249105f,0.5712641999219229f,0.19003239809490238f,0.7763365244350142f,-0.6009902565786429f,0.24540457813367708f,0f,0f,0f,1f],start_interpolation:0}
execute if entity @s[tag=aj.labyria.bone.skirt_back_left] run data modify entity @s {} merge value {transformation:[-0.9778380374921506f,-0.183399375655445f,-0.10098238184303338f,0.006639560963605077f,-0.19045301372403234f,0.5788906455528442f,0.7928513543249105f,0.5712641999219229f,-0.08695068715618517f,0.794512611291101f,-0.6009902565786429f,0.24540457813367708f,0f,0f,0f,1f],start_interpolation:0}
execute if entity @s[tag=aj.labyria.bone.skirt_back] run data modify entity @s {} merge value {transformation:[-0.994829447880333f,-0.010813333779161195f,-0.10098238184303338f,0.006639560963605077f,-0.08703629883128322f,0.6031678146510362f,0.7928513543249105f,0.5712641999219229f,0.052335956242943675f,0.79754100783701f,-0.6009902565786429f,0.24540457813367708f,0f,0f,0f,1f],start_interpolation:0}
execute if entity @s[tag=aj.labyria.bone.skirt_right] run data modify entity @s {} merge value {transformation:[-0.9882958288203906f,0.12409029382224224f,-0.08872966648943698f,-0.19043207960927788f,0.06449349337860527f,0.8669828451533818f,0.49414707883541203f,0.6300893449811794f,0.13824595490661173f,0.4826410106785961f,-0.8648385460668958f,0.29923471180126004f,0f,0f,0f,1f],start_interpolation:0}
execute if entity @s[tag=aj.labyria.bone.skirt_left] run data modify entity @s {} merge value {transformation:[-0.9711356775744219f,-0.2214103476053943f,-0.08872966648943698f,0.19506433144435115f,-0.23592153714367547f,0.8367554557875284f,0.49414707883541203f,0.6638159107783017f,-0.03516424396789454f,0.5008170975346828f,-0.8648385460668958f,0.27895452875711935f,0f,0f,0f,1f],start_interpolation:0}
execute if entity @s[tag=aj.labyria.bone.coat_downer] run data modify entity @s {} merge value {transformation:[-0.994829447880333f,-0.05247720728881858f,-0.08695120669247848f,0.011349016995929646f,-0.08703629883128322f,0.881729148491666f,0.46365762302146313f,0.4888178766107285f,0.052335956242943675f,0.46882816832537705f,-0.8817375438693811f,0.19781363936802934f,0f,0f,0f,1f],start_interpolation:0}
execute if entity @s[tag=aj.labyria.bone.body_2] run data modify entity @s {} merge value {transformation:[-0.994829447880333f,-0.049410686240782285f,-0.08872966648943698f,-3.827021247335479e-17f,-0.08703629883128322f,0.8650106052322021f,0.49414707883541203f,0.6875f,0.052335956242943675f,0.49931476737728714f,-0.8648385460668958f,0.3125f,0f,0f,0f,1f],start_interpolation:0}
execute if entity @s[tag=aj.labyria.bone.sphere] run data modify entity @s {} merge value {transformation:[-0.8660254037844388f,-2.999519565323715e-32f,-0.49999999999999983f,0.9406250000000002f,-1.224646799147353e-16f,1f,2.1211504774498138e-16f,1.7187500000000002f,0.49999999999999983f,2.4492935982947064e-16f,-0.8660254037844388f,-0.3531249999999997f,0f,0f,0f,1f],start_interpolation:0}