execute if entity @s[tag=aj.labyria.bone.wing_right_1] run data modify entity @s {} merge value {transformation:[-0.7773510001045603f,-0.24577946649966512f,0.047563861576033456f,0.09381763885677816f,-0.20289261613953757f,0.709435828528376f,0.3499711930441641f,1.3428623287008083f,-0.14664396815736525f,0.3213062456471106f,-0.7363438650220863f,-0.11189749233034822f,0f,0f,0f,1f],start_interpolation:0}
execute if entity @s[tag=aj.labyria.bone.wing_right_2] run data modify entity @s {} merge value {transformation:[-0.795658196002026f,0.06897181739937727f,0.04659317052346135f,0.09381763885677816f,0.08232588005389928f,0.7181161316114588f,0.3428289237983648f,1.3428623287008083f,-0.012267216805469064f,0.3457630835182106f,-0.7213164392053091f,-0.11189749233034822f,0f,0f,0f,1f],start_interpolation:0}
execute if entity @s[tag=aj.labyria.bone.wing_left_1] run data modify entity @s {} merge value {transformation:[-0.71832354474787f,0.017948310116671456f,0.3881154308569229f,0.04155296159336193f,0.2063745216125183f,0.7088218746492129f,0.34917839465296846f,1.342984000000513f,-0.32918883081675687f,0.4052084064122755f,-0.6280010393962459f,-0.12852493829131711f,0f,0f,0f,1f],start_interpolation:0}
execute if entity @s[tag=aj.labyria.bone.wing_left_2] run data modify entity @s {} merge value {transformation:[-0.6568290040497438f,-0.25303684240928814f,0.38019470777821024f,0.04155296159336193f,-0.07894451400157161f,0.718865762417702f,0.3420523049661732f,1.342984000000513f,-0.4498259920770223f,0.2433194854654131f,-0.6151846916534653f,-0.12852493829131711f,0f,0f,0f,1f],start_interpolation:0}
execute if entity @s[tag=aj.labyria.bone.musket] run data modify entity @s {} merge value {transformation:[-0.000014854414935763143f,0.000006384039900812996f,0.0000016899868412223008f,-0.6129316647040481f,0.000006599981475903538f,0.000014207167104758577f,0.000004343076264319588f,0.8196177381428318f,2.2861648323578866e-7f,0.00000465468596844015f,-0.000015573930046757607f,0.09425087935069619f,0f,0f,0f,1f],start_interpolation:0}
execute if entity @s[tag=aj.labyria.bone.omega_blade] run data modify entity @s {} merge value {transformation:[-1.6393216579365015f,0.7045376690896831f,0.1865056309806848f,-0.6129316647040481f,0.728368813057701f,1.5678918916342517f,0.47929851245960775f,0.8196177381428318f,0.025229936954797434f,0.5136875166039693f,-1.7187267849486756f,0.09425087935069619f,0f,0f,0f,1f],start_interpolation:0}
execute if entity @s[tag=aj.labyria.bone.arm_right_2] run data modify entity @s {} merge value {transformation:[-0.43000566912665394f,-0.9022427880004528f,-0.03245113280162021f,-0.4693584964662242f,-0.8754991627460961f,0.42549720790173334f,-0.22902694622841674f,1.0871893833477708f,0.22044577689269418f,-0.07007194566300354f,-0.9728790170834078f,0.026472432503813204f,0f,0f,0f,1f],start_interpolation:0}
execute if entity @s[tag=aj.labyria.bone.arm_right_1] run data modify entity @s {} merge value {transformation:[-0.3559115479210707f,-0.9022427880004528f,0.24348495139863813f,-0.34036628121418894f,-0.8265123505362231f,0.42549720790173334f,0.36855048565822934f,1.3880354561871533f,-0.4361241846854116f,-0.07007194566300354f,-0.897154177365009f,0.1924000083973792f,0f,0f,0f,1f],start_interpolation:0}
execute if entity @s[tag=aj.labyria.bone.arm_left_2] run data modify entity @s {} merge value {transformation:[-0.2043051573993567f,0.778670467207482f,0.5932383215529032f,0.41643581350003095f,0.8706269661477852f,0.4215840697908673f,-0.2535262469940189f,1.0855507884505466f,-0.4475132271523682f,0.46469256029922734f,-0.764063306229413f,0.32278297875552747f,0f,0f,0f,1f],start_interpolation:0}
execute if entity @s[tag=aj.labyria.bone.arm_left_1] run data modify entity @s {} merge value {transformation:[-0.5192729067764007f,0.778670467207482f,0.3521760238671412f,0.2237458544572119f,0.8487209342637959f,0.4215840697908673f,0.31927988950286024f,1.3875276355732162f,0.10014201930447045f,0.46469256029922734f,-0.879791111782889f,0.37170425312848987f,0f,0f,0f,1f],start_interpolation:0}
execute if entity @s[tag=aj.labyria.bone.himo_right_2] run data modify entity @s {} merge value {transformation:[-0.9529351509621992f,-0.05792015052732245f,0.29759007749510524f,-0.22681387605636022f,0.0022184171877166776f,0.9802227041838175f,0.19788514049252293f,0.9739112849553113f,-0.3031660876249712f,0.1892318851712276f,-0.9339601795305361f,0.2873871268399124f,0f,0f,0f,1f],start_interpolation:0}
execute if entity @s[tag=aj.labyria.bone.himo_right_1] run data modify entity @s {} merge value {transformation:[-0.9529351509621992f,-0.09230930454987826f,0.2887794839564755f,-0.24231699888473443f,0.0022184171877166776f,0.9503713838532025f,0.3111098059819559f,1.154050355715174f,-0.3031660876249712f,0.2971081032999048f,-0.9054375175945059f,0.3374359117236789f,0f,0f,0f,1f],start_interpolation:0}
execute if entity @s[tag=aj.labyria.bone.himo_left_2] run data modify entity @s {} merge value {transformation:[-0.9529351509621992f,-0.05792015052732245f,0.29759007749510524f,0.07097835861932701f,0.0022184171877166776f,0.9802227041838175f,0.19788514049252293f,0.9732180295841499f,-0.3031660876249712f,0.1892318851712276f,-0.9339601795305361f,0.38212652922271595f,0f,0f,0f,1f],start_interpolation:0}
execute if entity @s[tag=aj.labyria.bone.himo_left_1] run data modify entity @s {} merge value {transformation:[-0.9529351509621992f,-0.09230930454987826f,0.2887794839564755f,0.0554752357909528f,0.0022184171877166776f,0.9503713838532025f,0.3111098059819559f,1.1533571003440126f,-0.3031660876249712f,0.2971081032999048f,-0.9054375175945059f,0.43217531410648247f,0f,0f,0f,1f],start_interpolation:0}
execute if entity @s[tag=aj.labyria.bone.ribbon_left_himo_1] run data modify entity @s {} merge value {transformation:[-0.9850446440917718f,-0.1572227664912256f,-0.070484401415915f,0.20125897105839374f,-0.16844794816556088f,0.7927495425326625f,0.5858100814880766f,1.6038350689442038f,-0.036226204671850615f,0.5889220360209829f,-0.8073775433983614f,0.49192878215146496f,0f,0f,0f,1f],start_interpolation:0}
execute if entity @s[tag=aj.labyria.bone.ribbon_left_himo_2] run data modify entity @s {} merge value {transformation:[-0.9850446440917718f,-0.1572227664912256f,-0.070484401415915f,0.19189776149534254f,-0.16844794816556088f,0.7927495425326625f,0.5858100814880766f,1.681637970391839f,-0.036226204671850615f,0.5889220360209829f,-0.8073775433983614f,0.38469895216887007f,0f,0f,0f,1f],start_interpolation:0}
execute if entity @s[tag=aj.labyria.bone.ribbon_left] run data modify entity @s {} merge value {transformation:[-0.9850446440917718f,-0.1572227664912256f,-0.070484401415915f,0.1792452944375978f,-0.16844794816556088f,0.7927495425326625f,0.5858100814880766f,1.7274053354408303f,-0.036226204671850615f,0.5889220360209829f,-0.8073775433983614f,0.5012603256989365f,0f,0f,0f,1f],start_interpolation:0}
execute if entity @s[tag=aj.labyria.bone.ribbon_right_himo_1] run data modify entity @s {} merge value {transformation:[-0.9850446440917718f,-0.1572227664912256f,-0.070484401415915f,-0.39081442533101696f,-0.16844794816556088f,0.7927495425326625f,0.5858100814880766f,1.5025873240999412f,-0.036226204671850615f,0.5889220360209829f,-0.8073775433983614f,0.4701545690058908f,0f,0f,0f,1f],start_interpolation:0}
execute if entity @s[tag=aj.labyria.bone.ribbon_right_himo_2] run data modify entity @s {} merge value {transformation:[-0.9850446440917718f,-0.1572227664912256f,-0.070484401415915f,-0.40017563489406816f,-0.16844794816556088f,0.7927495425326625f,0.5858100814880766f,1.5803902255475766f,-0.036226204671850615f,0.5889220360209829f,-0.8073775433983614f,0.3629247390232959f,0f,0f,0f,1f],start_interpolation:0}
execute if entity @s[tag=aj.labyria.bone.ribbon_right] run data modify entity @s {} merge value {transformation:[-0.9850446440917718f,-0.1572227664912256f,-0.070484401415915f,-0.41178149201746533f,-0.16844794816556088f,0.7927495425326625f,0.5858100814880766f,1.6263365665414937f,-0.036226204671850615f,0.5889220360209829f,-0.8073775433983614f,0.4795246028958262f,0f,0f,0f,1f],start_interpolation:0}
execute if entity @s[tag=aj.labyria.bone.crown] run data modify entity @s {} merge value {transformation:[-0.9957243877433141f,0.05970672332528584f,-0.070484401415915f,0.005798185528366737f,0.007127345733794532f,0.8104170218904118f,0.5858100814880766f,1.9186524455386245f,0.09209855914178582f,0.5828030180258452f,-0.8073775433983614f,0.6780383630093904f,0f,0f,0f,1f],start_interpolation:0}
execute if entity @s[tag=aj.labyria.bone.ear_edge_a1] run data modify entity @s {} merge value {transformation:[-0.9975121693033301f,-0.0011921614002544934f,-0.070484401415915f,0.03211820927311756f,-0.04236072380331378f,0.809340544830044f,0.5858100814880766f,1.9312731658723543f,0.05634750367694609f,0.5873384554457534f,-0.8073775433983614f,0.6620252564913363f,0f,0f,0f,1f],start_interpolation:0}
execute if entity @s[tag=aj.labyria.bone.ear_edge_a2] run data modify entity @s {} merge value {transformation:[-0.9850446440917718f,-0.1572227664912256f,-0.070484401415915f,-0.08292856384024583f,-0.16844794816556086f,0.7927495425326625f,0.5858100814880766f,1.9198593275162212f,-0.036226204671850615f,0.5889220360209829f,-0.8073775433983614f,0.6637873334426493f,0f,0f,0f,1f],start_interpolation:0}
execute if entity @s[tag=aj.labyria.bone.ear_edge_b1] run data modify entity @s {} merge value {transformation:[-0.9938202380542874f,0.08575128914925634f,-0.070484401415915f,-0.10425184338438032f,0.028339147860266825f,0.8099527400567808f,0.5858100814880766f,1.9126723645844481f,0.10732300374231579f,0.5801924467655138f,-0.8073775433983614f,0.6604342097795534f,0f,0f,0f,1f],start_interpolation:0}
execute if entity @s[tag=aj.labyria.bone.ear_edge_b2] run data modify entity @s {} merge value {transformation:[-0.9716778190642111f,-0.22555302058642052f,-0.070484401415915f,-0.0771521455276469f,-0.22333703007934086f,0.7790681096170429f,0.5858100814880766f,1.9255038798593276f,-0.07721908400102717f,0.5849604392453126f,-0.8073775433983614f,0.6673785756126792f,0f,0f,0f,1f],start_interpolation:0}
execute if entity @s[tag=aj.labyria.bone.ear_right_2] run data modify entity @s {} merge value {transformation:[-0.994999118818278f,-0.07077218880245452f,-0.070484401415915f,-0.03890022140440238f,-0.09871427767466448f,0.8044140972223836f,0.5858100814880766f,2.0365747096143947f,0.015239584443787868f,0.589838331648603f,-0.8073775433983614f,0.7059234275340504f,0f,0f,0f,1f],start_interpolation:0}
execute if entity @s[tag=aj.labyria.bone.ear_right_1] run data modify entity @s {} merge value {transformation:[-0.994999118818278f,-0.07077218880245452f,-0.070484401415915f,-0.022976478923850137f,-0.09871427767466448f,0.8044140972223836f,0.5858100814880766f,1.8555815377393587f,0.015239584443787868f,0.589838331648603f,-0.8073775433983614f,0.5732098029131149f,0f,0f,0f,1f],start_interpolation:0}
execute if entity @s[tag=aj.labyria.bone.ear_edge_a3] run data modify entity @s {} merge value {transformation:[-0.9483220505669302f,-0.3093820252787364f,-0.070484401415915f,-0.35251862254034827f,-0.2903874249972834f,0.756638415513236f,0.5858100814880766f,1.8654981926297773f,-0.127907903633746f,0.5760044015491955f,-0.8073775433983614f,0.6478797731600157f,0f,0f,0f,1f],start_interpolation:0}
execute if entity @s[tag=aj.labyria.bone.ear_edge_a4] run data modify entity @s {} merge value {transformation:[-0.985044644091772f,-0.1572227664912256f,-0.070484401415915f,-0.2406406374185113f,-0.1684479481655609f,0.7927495425326626f,0.5858100814880766f,1.89288971212413f,-0.03622620467185063f,0.5889220360209828f,-0.8073775433983614f,0.6579872817486105f,0f,0f,0f,1f],start_interpolation:0}
execute if entity @s[tag=aj.labyria.bone.ear_edge_b3] run data modify entity @s {} merge value {transformation:[-0.9177489786523252f,-0.39085644594870667f,-0.070484401415915f,-0.21795905222523262f,-0.35522779627027545f,0.7284502461966067f,0.5858100814880766f,1.893227818455745f,-0.17762326688690816f,0.5626646225563225f,-0.8073775433983614f,0.6562524900525946f,0f,0f,0f,1f],start_interpolation:0}
execute if entity @s[tag=aj.labyria.bone.ear_edge_b4] run data modify entity @s {} merge value {transformation:[-0.993612430629659f,-0.08812653888166266f,-0.070484401415915f,-0.24820357597370374f,-0.11273820478064683f,0.8025687793639684f,0.5858100814880766f,1.8962531624809404f,0.00494316508504182f,0.590014463835395f,-0.8073775433983614f,0.6610879529836257f,0f,0f,0f,1f],start_interpolation:0}
execute if entity @s[tag=aj.labyria.bone.ear_left_2] run data modify entity @s {} merge value {transformation:[-0.9675933848375092f,-0.24247678399329647f,-0.070484401415915f,-0.32379491634528473f,-0.23689962805926537f,0.7750516851490067f,0.5858100814880766f,1.9878561798564949f,-0.08741629049595588f,0.5835236880983953f,-0.8073775433983614f,0.6954460815672909f,0f,0f,0f,1f],start_interpolation:0}
execute if entity @s[tag=aj.labyria.bone.ear_left_1] run data modify entity @s {} merge value {transformation:[-0.9675933848375092f,-0.24247678399329647f,-0.070484401415915f,-0.2692376399467931f,-0.23689962805926537f,0.7750516851490067f,0.5858100814880766f,1.8134695506979686f,-0.08741629049595588f,0.5835236880983953f,-0.8073775433983614f,0.5641532517451522f,0f,0f,0f,1f],start_interpolation:0}
execute if entity @s[tag=aj.labyria.bone.head] run data modify entity @s {} merge value {transformation:[-0.9850446440917718f,-0.1572227664912256f,-0.070484401415915f,-0.06332775406432113f,-0.16844794816556088f,0.7927495425326625f,0.5858100814880766f,1.4099348386241717f,-0.036226204671850615f,0.5889220360209829f,-0.8073775433983614f,0.29208953209957844f,0f,0f,0f,1f],start_interpolation:0}
execute if entity @s[tag=aj.labyria.bone.back_musket] run data modify entity @s {} merge value {transformation:[0.48111068738793417f,0.8308397271825978f,1.3118286834953925f,-0.09004154157571949f,0.5879382552886308f,1.1736346639446673f,-0.9589405217116693f,1.4603584351720549f,-1.4371909250598087f,0.7582503966023584f,0.04685319202676341f,0.050168485235878704f,0f,0f,0f,1f],start_interpolation:0}
execute if entity @s[tag=aj.labyria.bone.body_1] run data modify entity @s {} merge value {transformation:[-0.9529351509621992f,-0.1310938035481859f,0.2733660782392726f,-0.014167577733751423f,0.0022184171877166776f,0.8986406170458253f,0.4386799744924306f,1.0729446072319873f,-0.3031660876249712f,0.4186400077235429f,-0.8560554113183328f,0.13509952920324983f,0f,0f,0f,1f],start_interpolation:0}
execute if entity @s[tag=aj.labyria.bone.belt2] run data modify entity @s {} merge value {transformation:[-0.6931421924920633f,0.12379019347888628f,0.7100914652252589f,0.09840868910097642f,0.1283306402033961f,0.9905969349378149f,-0.04742319344785989f,0.2901059964904801f,-0.7092849552699407f,0.05825547605390033f,-0.7025106061387626f,0.35694280723148636f,0f,0f,0f,1f],start_interpolation:0}
execute if entity @s[tag=aj.labyria.bone.leg_left_2] run data modify entity @s {} merge value {transformation:[-0.917086211389326f,-0.01856940676734191f,0.39825627177971884f,0.09550589256485062f,0.0168394814552065f,0.996219190479685f,0.08522767381737434f,0.4229081973920208f,-0.39833316801879814f,0.08486755358975545f,-0.913306183929463f,0.1966459244975209f,0f,0f,0f,1f],start_interpolation:0}
execute if entity @s[tag=aj.labyria.bone.leg_left_1] run data modify entity @s {} merge value {transformation:[-0.917086211389326f,0.11250088412041845f,0.3824871657346119f,0.1398856188622975f,0.0168394814552065f,0.9694363737396794f,-0.24476427258646305f,0.7808503820042578f,-0.39833316801879814f,-0.21802905389554111f,-0.8909511877277695f,0.10960201990564755f,0f,0f,0f,1f],start_interpolation:0}
execute if entity @s[tag=aj.labyria.bone.belt] run data modify entity @s {} merge value {transformation:[-0.9788827109246603f,0.12048683673185125f,-0.16514103193071109f,-0.23796827594982917f,0.18593016756645342f,0.8605172798446705f,-0.47427838225818353f,0.6543508042097393f,0.08496240957916895f,-0.4949676082968271f,-0.8647476254349705f,0.20739530153237298f,0f,0f,0f,1f],start_interpolation:0}
execute if entity @s[tag=aj.labyria.bone.leg_right_2] run data modify entity @s {} merge value {transformation:[-0.9479260842747022f,-0.05463387103451084f,0.31376946774250425f,-0.169379069811826f,0.09791159210162084f,0.8874782215058559f,0.45032846510622565f,0.511463721711777f,-0.3030667564807395f,0.45759976670512803f,-0.835914466095459f,0.1735486353550789f,0f,0f,0f,1f],start_interpolation:0}
execute if entity @s[tag=aj.labyria.bone.leg_right_1] run data modify entity @s {} merge value {transformation:[-0.9479260842747022f,0.2178675911433172f,0.2323141224313286f,-0.08332145252160496f,0.09791159210162084f,0.8934451073110101f,-0.4383710304686472f,0.7967641627020641f,-0.3030667564807395f,-0.39279708877666863f,-0.868251684803904f,-0.003448803751000401f,0f,0f,0f,1f],start_interpolation:0}
execute if entity @s[tag=aj.labyria.bone.skirt_forward_right] run data modify entity @s {} merge value {transformation:[-0.9110058236100572f,0.11482620598782345f,0.3960850057336215f,0.0034988062470391033f,0.09230891804864214f,0.9928623633111797f,-0.07552079957752134f,0.992861055949972f,-0.4019296617534593f,-0.032237709884249025f,-0.9151028778580956f,0.11876172682926428f,0f,0f,0f,1f],start_interpolation:0}
execute if entity @s[tag=aj.labyria.bone.skirt_forward_left] run data modify entity @s {} merge value {transformation:[-0.9178974420596225f,-0.02410298930420538f,0.3960850057336215f,0.0034988062470391033f,-0.058726707081851404f,0.9954133727786132f,-0.07552079957752134f,0.992861055949972f,-0.3924480344398786f,-0.09258111686573606f,-0.9151028778580956f,0.11876172682926428f,0f,0f,0f,1f],start_interpolation:0}
execute if entity @s[tag=aj.labyria.bone.skirt_forward] run data modify entity @s {} merge value {transformation:[-0.917086211389326f,0.04549229728832427f,0.3960850057336215f,0.0034988062470391033f,0.0168394814552065f,0.9970020264249676f,-0.07552079957752134f,0.992861055949972f,-0.39833316801879814f,-0.06258921785690494f,-0.9151028778580956f,0.11876172682926428f,0f,0f,0f,1f],start_interpolation:0}
execute if entity @s[tag=aj.labyria.bone.skirt_back_right] run data modify entity @s {} merge value {transformation:[-0.9196844769860502f,0.0005779555203470482f,0.39265777562441273f,0.0034988062470391033f,0.09081519212607979f,0.9731985323068517f,0.21127521765435053f,0.992861055949972f,-0.3820118632581957f,0.22996582938168553f,-0.8950880703298392f,0.11876172682926428f,0f,0f,0f,1f],start_interpolation:0}
execute if entity @s[tag=aj.labyria.bone.skirt_back_left] run data modify entity @s {} merge value {transformation:[-0.9092187886836296f,-0.1383512397716818f,0.39265777562441273f,0.0034988062470391033f,-0.057232981159289056f,0.9757495417742852f,0.21127521765435053f,0.992861055949972f,-0.4123658329351422f,0.16962242240019848f,-0.8950880703298392f,0.11876172682926428f,0f,0f,0f,1f],start_interpolation:0}
execute if entity @s[tag=aj.labyria.bone.skirt_back] run data modify entity @s {} merge value {transformation:[-0.917086211389326f,-0.06908510781102266f,0.39265777562441273f,0.0034988062470391033f,0.0168394814552065f,0.9772815429902617f,0.21127521765435053f,0.992861055949972f,-0.39833316801879814f,0.20036974224995358f,-0.8950880703298392f,0.11876172682926428f,0f,0f,0f,1f],start_interpolation:0}
execute if entity @s[tag=aj.labyria.bone.skirt_right] run data modify entity @s {} merge value {transformation:[-0.9175680067163398f,0.028439769445271733f,0.3965603769471964f,-0.17508027846022575f,0.09176159411540394f,0.9856572360751483f,0.14163199786100333f,1.0176217586875211f,-0.3868446237134525f,0.16634600231625404f,-0.9070172239915834f,0.0445509185129479f,0f,0f,0f,1f],start_interpolation:0}
execute if entity @s[tag=aj.labyria.bone.skirt_left] run data modify entity @s {} merge value {transformation:[-0.91133525895334f,-0.11048942584675708f,0.3965603769471964f,0.18029062845313806f,-0.058179383148613206f,0.9882082455425818f,0.14163199786100333f,1.0110964596236287f,-0.40753307247988535f,0.10600259533476701f,-0.9070172239915834f,0.1989050211202322f,0f,0f,0f,1f],start_interpolation:0}
execute if entity @s[tag=aj.labyria.bone.coat_downer] run data modify entity @s {} merge value {transformation:[-0.917086211389326f,-0.027278201892466658f,0.39775467386453944f,0.009450038021317728f,0.0168394814552065f,0.9941160814355643f,0.1070030303099794f,0.8496924981820376f,-0.39833316801879814f,0.1048289861284199f,-0.9112308000300449f,0.09900771810934916f,0f,0f,0f,1f],start_interpolation:0}
execute if entity @s[tag=aj.labyria.bone.body_2] run data modify entity @s {} merge value {transformation:[-0.917086211389326f,-0.041143022677845954f,0.3965603769471964f,-1.5966377273869012e-17f,0.0168394814552065f,0.9897761408754105f,0.14163199786100333f,1.0770317055393586f,-0.39833316801879814f,0.13656662344332074f,-0.9070172239915834f,0.1303753644314869f,0f,0f,0f,1f],start_interpolation:0}
execute if entity @s[tag=aj.labyria.bone.sphere] run data modify entity @s {} merge value {transformation:[-0.9748674811274892f,-0.049809310933234104f,-0.21714609548527675f,0.6420712721630655f,-0.08205954234469111f,0.9864405334538516f,0.14213129658685475f,2.141596824639075f,0.20712224832287907f,0.15637808831046962f,-0.9657361273898987f,-0.11336887059922796f,0f,0f,0f,1f],start_interpolation:0}