execute if entity @s[tag=aj.labyria.bone.wing_right_1] run data modify entity @s {} merge value {transformation:[-0.6371364455167623f,-0.008532356977984268f,-0.5108118960274033f,0.16242116351320052f,-0.4209845611839759f,0.47137979165816135f,0.517220973767971f,1.830609560705965f,0.2894366830300637f,0.6668378628610954f,-0.3721533495964341f,-0.06595638259198083f,0f,0f,0f,1f],start_interpolation:0}
execute if entity @s[tag=aj.labyria.bone.wing_right_2] run data modify entity @s {} merge value {transformation:[-0.5798228699602566f,0.23112361653473443f,-0.5003871634554155f,0.16242116351320052f,-0.20429366494220558f,0.5844264082275967f,0.5066654436910737f,1.830609560705965f,0.5119272779756255f,0.49500267397873277f,-0.36455838327813955f,-0.06595638259198083f,0f,0f,0f,1f],start_interpolation:0}
execute if entity @s[tag=aj.labyria.bone.wing_left_1] run data modify entity @s {} merge value {transformation:[-0.24036186038418295f,0.14619426987832237f,0.7666797610292341f,0.03312864017134561f,0.6845074843880407f,0.42491359026211994f,0.13357540593895284f,1.8694376056951727f,-0.3749934990554573f,0.6819238379098826f,-0.24759684852769265f,-0.07856251135442963f,0f,0f,0f,1f],start_interpolation:0}
execute if entity @s[tag=aj.labyria.bone.wing_left_2] run data modify entity @s {} merge value {transformation:[-0.27233782353739766f,0.042204139072198284f,0.7510332352939436f,0.03312864017134561f,0.4602074091397406f,0.6411611194131608f,0.13084937724632115f,1.8694376056951727f,-0.5950136556784228f,0.4765828675036873f,-0.24254385161896425f,-0.07856251135442963f,0f,0f,0f,1f],start_interpolation:0}
execute if entity @s[tag=aj.labyria.bone.musket] run data modify entity @s {} merge value {transformation:[-0.000009438552818314527f,0.000006394657249053757f,0.000011588258860825956f,-0.84799068973584f,-0.000010838256802272728f,0.00000443512763381165f,-0.000011275082989596547f,1.7737035961442749f,-0.0000075968134271137594f,-0.000014272479308144913f,0.0000016883199384890077f,0.5293528294179685f,0f,0f,0f,1f],start_interpolation:0}
execute if entity @s[tag=aj.labyria.bone.omega_blade] run data modify entity @s {} merge value {transformation:[-1.0416313346268926f,0.7057093913686286f,1.278871218454394f,-0.84799068973584f,-1.1961015756646827f,0.489457229871476f,-1.244309373328238f,1.7737035961442749f,-0.838378410474273f,-1.5750996955095158f,0.1863216728938683f,0.5293528294179685f,0f,0f,0f,1f],start_interpolation:0}
execute if entity @s[tag=aj.labyria.bone.arm_right_2] run data modify entity @s {} merge value {transformation:[-0.9248737416836237f,0.28403134211962044f,-0.2528532353715516f,-0.5635193534855216f,0.03223039492488794f,0.7210798045491185f,0.6921019557221257f,1.7557951473600615f,0.37890600890869996f,0.631957365781215f,-0.6760622192134005f,0.40462470858468746f,0f,0f,0f,1f],start_interpolation:0}
execute if entity @s[tag=aj.labyria.bone.arm_right_1] run data modify entity @s {} merge value {transformation:[-0.7344220198481388f,0.28403134211962044f,-0.616401243879267f,-0.3199859289495746f,-0.2601066665672346f,0.7210798045491185f,0.6421747717550783f,1.8414611472215592f,0.6268722507572508f,0.631957365781215f,-0.45569844092931244f,0.19742220577550484f,0f,0f,0f,1f],start_interpolation:0}
execute if entity @s[tag=aj.labyria.bone.arm_left_2] run data modify entity @s {} merge value {transformation:[0.5982721120887428f,0.4836291854340442f,0.6388844112147971f,0.2324173319300123f,0.4087683108213938f,0.5015604439112008f,-0.7624602213701538f,1.4093306106840515f,-0.689187164683948f,0.7173143886051653f,0.10237734092512044f,0.477348283362643f,0f,0f,0f,1f],start_interpolation:0}
execute if entity @s[tag=aj.labyria.bone.arm_left_1] run data modify entity @s {} merge value {transformation:[0.2936971320997744f,0.4836291854340442f,0.8245270193224542f,0.3255602588384291f,0.679025306610583f,0.5015604439112008f,-0.5360613342575673f,1.6337434163799676f,-0.6728050442578233f,0.7173143886051653f,-0.18108959197376903f,0.25763538366698086f,0f,0f,0f,1f],start_interpolation:0}
execute if entity @s[tag=aj.labyria.bone.himo_right_2] run data modify entity @s {} merge value {transformation:[-0.953595463994266f,0.21750494314676844f,0.20820012189305193f,-0.20600690972264338f,0.28637578276335995f,0.8687307184618362f,0.40409881198471104f,1.4586771147185464f,-0.09297635234958163f,0.44497026699264175f,-0.8907058209062425f,0.15750657168848037f,0f,0f,0f,1f],start_interpolation:0}
execute if entity @s[tag=aj.labyria.bone.himo_right_1] run data modify entity @s {} merge value {transformation:[-0.953595463994266f,0.1290720527077457f,0.2720222348620965f,-0.18010576087205296f,0.28637578276335995f,0.6677957953532344f,0.6870499885417466f,1.5881828887756637f,-0.09297635234958163f,0.7330683330483933f,-0.6737701514503416f,0.2907458206884895f,0f,0f,0f,1f],start_interpolation:0}
execute if entity @s[tag=aj.labyria.bone.himo_left_2] run data modify entity @s {} merge value {transformation:[-0.953595463994266f,0.21750494314676844f,0.20820012189305193f,0.09199167277556473f,0.28637578276335995f,0.8687307184618362f,0.40409881198471104f,1.3691846826049965f,-0.09297635234958163f,0.44497026699264175f,-0.8907058209062425f,0.18656168179772464f,0f,0f,0f,1f],start_interpolation:0}
execute if entity @s[tag=aj.labyria.bone.himo_left_1] run data modify entity @s {} merge value {transformation:[-0.953595463994266f,0.1290720527077457f,0.2720222348620965f,0.11789282162615515f,0.28637578276335995f,0.6677957953532344f,0.6870499885417466f,1.4986904566621138f,-0.09297635234958163f,0.7330683330483933f,-0.6737701514503416f,0.31980093079773375f,0f,0f,0f,1f],start_interpolation:0}
execute if entity @s[tag=aj.labyria.bone.ribbon_left_himo_1] run data modify entity @s {} merge value {transformation:[-0.9958099657288731f,-0.03153086297755266f,0.08583890047613316f,0.33345815495852843f,0.07532831774002066f,0.24936431700459222f,0.9654755729438689f,1.7766522532795925f,-0.05184743678832336f,0.9678962971748181f,-0.24594430510535664f,0.5661973892190165f,0f,0f,0f,1f],start_interpolation:0}
execute if entity @s[tag=aj.labyria.bone.ribbon_left_himo_2] run data modify entity @s {} merge value {transformation:[-0.9958099657288731f,-0.03153086297755266f,0.08583890047613316f,0.34485863392801486f,0.07532831774002066f,0.24936431700459222f,0.9654755729438689f,1.9048794778112002f,-0.05184743678832336f,0.9678962971748181f,-0.24594430510535664f,0.5335329111972114f,0f,0f,0f,1f],start_interpolation:0}
execute if entity @s[tag=aj.labyria.bone.ribbon_left] run data modify entity @s {} merge value {transformation:[-0.9958099657288731f,-0.03153086297755266f,0.08583890047613316f,0.335258189063365f,0.07532831774002066f,0.24936431700459222f,0.9654755729438689f,1.8674671372248361f,-0.05184743678832336f,0.9678962971748181f,-0.24594430510535664f,0.653322053675323f,0f,0f,0f,1f],start_interpolation:0}
execute if entity @s[tag=aj.labyria.bone.ribbon_right_himo_1] run data modify entity @s {} merge value {transformation:[-0.9958099657288731f,-0.03153086297755266f,0.08583890047613316f,-0.2650858725673824f,0.07532831774002066f,0.24936431700459222f,0.9654755729438689f,1.8219292802612037f,-0.05184743678832336f,0.9678962971748181f,-0.24594430510535664f,0.5350338392444349f,0f,0f,0f,1f],start_interpolation:0}
execute if entity @s[tag=aj.labyria.bone.ribbon_right_himo_2] run data modify entity @s {} merge value {transformation:[-0.9958099657288731f,-0.03153086297755266f,0.08583890047613316f,-0.253685393597896f,0.07532831774002066f,0.24936431700459222f,0.9654755729438689f,1.9501565047928113f,-0.05184743678832336f,0.9678962971748181f,-0.24594430510535664f,0.5023693612226298f,0f,0f,0f,1f],start_interpolation:0}
execute if entity @s[tag=aj.labyria.bone.ribbon_right] run data modify entity @s {} merge value {transformation:[-0.9958099657288731f,-0.03153086297755266f,0.08583890047613316f,-0.2622277903739588f,0.07532831774002066f,0.24936431700459222f,0.9654755729438689f,1.9126641278688485f,-0.05184743678832336f,0.9678962971748181f,-0.24594430510535664f,0.622213591602329f,0f,0f,0f,1f],start_interpolation:0}
execute if entity @s[tag=aj.labyria.bone.crown] run data modify entity @s {} merge value {transformation:[-0.9790298212013333f,0.18474926891204238f,0.08583890047613316f,0.21322175588902492f,0.12751505233505644f,0.22714935499951586f,0.9654755729438689f,1.9573056927038448f,0.15887265537679368f,0.9561751294400882f,-0.24594430510535664f,0.9185766389743896f,0f,0f,0f,1f],start_interpolation:0}
execute if entity @s[tag=aj.labyria.bone.ear_edge_a1] run data modify entity @s {} merge value {transformation:[-0.9884824062810018f,0.12463633353869526f,0.08583890047613316f,0.22212487933881864f,0.1134100746792002f,0.23451028337786492f,0.9654755729438689f,1.9450375023100575f,0.10020323065739259f,0.9640906136624628f,-0.24594430510535664f,0.9183456887304882f,0f,0f,0f,1f],start_interpolation:0}
execute if entity @s[tag=aj.labyria.bone.ear_edge_a2] run data modify entity @s {} merge value {transformation:[-0.9958099657288731f,-0.03153086297755265f,0.08583890047613316f,0.10710474794479534f,0.07532831774002066f,0.24936431700459222f,0.9654755729438689f,1.9562271351583287f,-0.05184743678832337f,0.9678962971748181f,-0.24594430510535664f,0.9221275025575437f,0f,0f,0f,1f],start_interpolation:0}
execute if entity @s[tag=aj.labyria.bone.ear_edge_b1] run data modify entity @s {} merge value {transformation:[-0.973858160071195f,0.21031397297325574f,0.08583890047613316f,0.0849980595542128f,0.1334174330353698f,0.22373356165528877f,0.9654755729438689f,1.9568325295054012f,0.18384796062235625f,0.951688670816903f,-0.24594430510535664f,0.9167884060903296f,0f,0f,0f,1f],start_interpolation:0}
execute if entity @s[tag=aj.labyria.bone.ear_edge_b2] run data modify entity @s {} merge value {transformation:[-0.9911847408861681f,-0.10091824710857941f,0.08583890047613316f,0.11366817533618555f,0.0577500463121414f,0.25401151587999665f,0.9654755729438689f,1.95713385335832f,-0.11923817167906137f,0.9619218560781733f,-0.24594430510535664f,0.9279776549473322f,0f,0f,0f,1f],start_interpolation:0}
execute if entity @s[tag=aj.labyria.bone.ear_right_2] run data modify entity @s {} merge value {transformation:[-0.9947687039483094f,0.05537967867412471f,0.08583890047613316f,0.17059190242854333f,0.09677520301207668f,0.241850115010681f,0.9654755729438689f,2.0090697724462117f,0.032707579044804695f,0.9687319614110349f,-0.24594430510535664f,1.024662680332139f,0f,0f,0f,1f],start_interpolation:0}
execute if entity @s[tag=aj.labyria.bone.ear_right_1] run data modify entity @s {} merge value {transformation:[-0.9947687039483094f,0.05537967867412471f,0.08583890047613316f,0.15813147472686528f,0.09677520301207668f,0.241850115010681f,0.9654755729438689f,1.9546534965688085f,0.032707579044804695f,0.9687319614110349f,-0.24594430510535664f,0.8066979890146566f,0f,0f,0f,1f],start_interpolation:0}
execute if entity @s[tag=aj.labyria.bone.ear_edge_a3] run data modify entity @s {} merge value {transformation:[-0.9786173789167014f,-0.18692166500235854f,0.08583890047613316f,-0.16671555810083222f,0.03539172761772834f,0.25807817355394624f,0.9654755729438689f,1.9744514437543808f,-0.2026214482685334f,0.9478691615870858f,-0.24594430510535664f,0.8981004806137567f,0f,0f,0f,1f],start_interpolation:0}
execute if entity @s[tag=aj.labyria.bone.ear_edge_a4] run data modify entity @s {} merge value {transformation:[-0.9958099657288731f,-0.03153086297755264f,0.08583890047613316f,-0.05233092385646193f,0.07532831774002066f,0.24936431700459225f,0.9654755729438689f,1.968287690241997f,-0.05184743678832335f,0.9678962971748181f,-0.24594430510535664f,0.9138263896946401f,0f,0f,0f,1f],start_interpolation:0}
execute if entity @s[tag=aj.labyria.bone.ear_edge_b3] run data modify entity @s {} merge value {transformation:[-0.9586021477883493f,-0.2715024961590825f,0.08583890047613316f,-0.02995182867479808f,0.012764056506034967f,0.2601807004952885f,0.9654755729438689f,1.965527945300278f,-0.28446265329050635f,0.9266026104372727f,-0.24594430510535664f,0.910803471947382f,0f,0f,0f,1f],start_interpolation:0}
execute if entity @s[tag=aj.labyria.bone.ear_edge_b4] run data modify entity @s {} merge value {transformation:[-0.9955837045170148f,0.03801013634842951f,0.08583890047613316f,-0.05925263603212976f,0.09253959717584656f,0.2435022402427549f,0.9654755729438689f,1.9702144955198797f,0.015795893602761235f,0.9691552448042229f,-0.24594430510535664f,0.918974430290666f,0f,0f,0f,1f],start_interpolation:0}
execute if entity @s[tag=aj.labyria.bone.ear_left_2] run data modify entity @s {} merge value {transformation:[-0.989272512383743f,-0.11820143572311523f,0.08583890047613316f,-0.11741633974305388f,0.053308138485481237f,0.2549807059758072f,0.9654755729438689f,2.03085623484837f,-0.136007862321154f,0.9596943576853377f,-0.24594430510535664f,1.0096673602967765f,0f,0f,0f,1f],start_interpolation:0}
execute if entity @s[tag=aj.labyria.bone.ear_left_1] run data modify entity @s {} merge value {transformation:[-0.989272512383743f,-0.11820143572311523f,0.08583890047613316f,-0.09082101670535299f,0.053308138485481237f,0.2549807059758072f,0.9654755729438689f,1.9734855760038137f,-0.136007862321154f,0.9596943576853377f,-0.24594430510535664f,0.7937361298175758f,0f,0f,0f,1f],start_interpolation:0}
execute if entity @s[tag=aj.labyria.bone.head] run data modify entity @s {} merge value {transformation:[-0.9958099657288731f,-0.03153086297755266f,0.08583890047613316f,0.047132330646872736f,0.07532831774002066f,0.24936431700459222f,0.9654755729438689f,1.8060992121669617f,-0.05184743678832336f,0.9678962971748181f,-0.24594430510535664f,0.3118559666485641f,0f,0f,0f,1f],start_interpolation:0}
execute if entity @s[tag=aj.labyria.bone.back_musket] run data modify entity @s {} merge value {transformation:[0.4469262382756494f,1.1552858671294046f,1.0527241535069083f,0.007011536695966594f,1.0322572991924177f,0.6039735443736486f,-1.1010528900037946f,1.9544684069462699f,-1.1736091540328712f,0.9711782346885621f,-0.5675482628485929f,0.11651303132469619f,0f,0f,0f,1f],start_interpolation:0}
execute if entity @s[tag=aj.labyria.bone.body_1] run data modify entity @s {} merge value {transformation:[-0.953595463994266f,0.12518553230912385f,0.27383256480930457f,0.00018775603095129285f,0.28637578276335995f,0.6579449085474446f,0.6964893454771349f,1.55936987146167f,-0.09297635234958163f,0.7425880956606941f,-0.6632633851546383f,0.03338543077580379f,0f,0f,0f,1f],start_interpolation:0}
execute if entity @s[tag=aj.labyria.bone.belt2] run data modify entity @s {} merge value {transformation:[-0.9203638919632243f,0.12005022916022698f,0.37218039825988064f,0.19375000000000003f,0.39066647542981864f,0.32510057358879096f,0.8612138654407987f,0.9371513316335846f,-0.017607139050659096f,0.9380285494220397f,-0.3461104290882242f,-0.42418070101704275f,0f,0f,0f,1f],start_interpolation:0}
execute if entity @s[tag=aj.labyria.bone.leg_left_2] run data modify entity @s {} merge value {transformation:[-1f,-1.1858368704955552e-16f,3.058605879075719e-17f,0.12500000000000003f,0f,0.24975412349138054f,0.9683092882953526f,1.1184105567469271f,-1.2246467991473532e-16f,0.9683092882953526f,-0.24975412349138054f,-0.3482961029910889f,0f,0f,0f,1f],start_interpolation:0}
execute if entity @s[tag=aj.labyria.bone.leg_left_1] run data modify entity @s {} merge value {transformation:[-1f,-4.664570372425957e-17f,1.132332819920326e-16f,0.12500000000000003f,0f,0.9246199154798758f,0.38089107615955975f,1.4278159325204849f,-1.2246467991473532e-16f,0.38089107615955975f,-0.9246199154798758f,-0.2795464058709002f,0f,0f,0f,1f],start_interpolation:0}
execute if entity @s[tag=aj.labyria.bone.belt] run data modify entity @s {} merge value {transformation:[-0.9102296811909572f,-0.11312565657212027f,-0.3983522477709087f,-0.19166725132101206f,-0.38568627569406405f,0.5818053158536414f,0.7160647115908501f,1.1790229247797495f,0.15075816468852063f,0.8054223490005548f,-0.5732074803334108f,-0.3786653650358268f,0f,0f,0f,1f],start_interpolation:0}
execute if entity @s[tag=aj.labyria.bone.leg_right_2] run data modify entity @s {} merge value {transformation:[-0.9995821911798337f,0.02399236711259058f,-0.01611860404802701f,-0.12728463113751923f,-0.018620610739992934f,-0.10800637016253811f,0.9939758029549726f,1.2055109648078903f,0.022106920450213105f,0.9938606493491164f,0.10840799667718465f,-0.5551284761797528f,0f,0f,0f,1f],start_interpolation:0}
execute if entity @s[tag=aj.labyria.bone.leg_right_1] run data modify entity @s {} merge value {transformation:[-0.9995821911798337f,0.009177759188542573f,-0.02740824351175232f,-0.12499999999999996f,-0.018620610739992934f,0.5207868635861601f,0.8534836352102834f,1.4408684214048604f,0.022106920450213105f,0.8536374004531242f,-0.5203983787598118f,-0.2535859706309129f,0f,0f,0f,1f],start_interpolation:0}
execute if entity @s[tag=aj.labyria.bone.skirt_forward_right] run data modify entity @s {} merge value {transformation:[-0.9605843903716038f,0.2779885410847255f,8.696583231173087e-17f,1.0445135789752913e-17f,0.19740797808305935f,0.6821397081385877f,0.7040706702950782f,1.507983748270035f,0.1957235784558735f,0.6763192956039241f,-0.7101299115163643f,-0.08529100632954106f,0f,0f,0f,1f],start_interpolation:0}
execute if entity @s[tag=aj.labyria.bone.skirt_forward_left] run data modify entity @s {} merge value {transformation:[-0.9605843903716038f,-0.2779885410847256f,8.696583231173087e-17f,1.0445135789752913e-17f,-0.19740797808305935f,0.6821397081385877f,0.7040706702950782f,1.507983748270035f,-0.1957235784558737f,0.6763192956039241f,-0.7101299115163643f,-0.08529100632954106f,0f,0f,0f,1f],start_interpolation:0}
execute if entity @s[tag=aj.labyria.bone.skirt_forward] run data modify entity @s {} merge value {transformation:[-1f,-8.622378927503989e-17f,8.696583231173087e-17f,1.0445135789752913e-17f,0f,0.7101299115163643f,0.7040706702950782f,1.507983748270035f,-1.2246467991473532e-16f,0.7040706702950782f,-0.7101299115163643f,-0.08529100632954106f,0f,0f,0f,1f],start_interpolation:0}
execute if entity @s[tag=aj.labyria.bone.skirt_back_right] run data modify entity @s {} merge value {transformation:[-0.9605843903716038f,0.2779885410847254f,4.896484112947089e-18f,1.0445135789752913e-17f,0.01111476775140714f,0.03840687951721487f,0.9992003670653762f,1.507983748270035f,0.27776625229182605f,0.9598162754565771f,-0.039982827018828715f,-0.08529100632954106f,0f,0f,0f,1f],start_interpolation:0}
execute if entity @s[tag=aj.labyria.bone.skirt_back_left] run data modify entity @s {} merge value {transformation:[-0.9605843903716038f,-0.27798854108472565f,4.896484112947089e-18f,1.0445135789752913e-17f,-0.01111476775140714f,0.03840687951721487f,0.9992003670653762f,1.507983748270035f,-0.2777662522918263f,0.9598162754565771f,-0.039982827018828715f,-0.08529100632954106f,0f,0f,0f,1f],start_interpolation:0}
execute if entity @s[tag=aj.labyria.bone.skirt_back] run data modify entity @s {} merge value {transformation:[-1f,-1.2236675312334733e-16f,4.896484112947089e-18f,1.0445135789752913e-17f,0f,0.039982827018828715f,0.9992003670653762f,1.507983748270035f,-1.2246467991473532e-16f,0.9992003670653762f,-0.039982827018828715f,-0.08529100632954106f,0f,0f,0f,1f],start_interpolation:0}
execute if entity @s[tag=aj.labyria.bone.skirt_right] run data modify entity @s {} merge value {transformation:[-0.9605843903716038f,0.2779885410847254f,4.850578176868861e-17f,-0.19375f,0.11010563631440466f,0.38046804059925105f,0.918216106880274f,1.5399477639817976f,0.25525355595214366f,0.8820240592569754f,-0.39607976603915696f,-0.011190088828461203f,0f,0f,0f,1f],start_interpolation:0}
execute if entity @s[tag=aj.labyria.bone.skirt_left] run data modify entity @s {} merge value {transformation:[-0.9605843903716038f,-0.27798854108472565f,4.850578176868861e-17f,0.19375f,-0.11010563631440466f,0.38046804059925105f,0.918216106880274f,1.5399477639817976f,-0.2552535559521439f,0.8820240592569754f,-0.39607976603915696f,-0.011190088828461148f,0f,0f,0f,1f],start_interpolation:0}
execute if entity @s[tag=aj.labyria.bone.coat_downer] run data modify entity @s {} merge value {transformation:[-1f,-1.1068771333287409e-16f,5.240064831429156e-17f,2.1736344568368292e-17f,0f,0.4278837649416544f,0.9038337699485205f,1.46821267270693f,-1.2246467991473532e-16f,0.9038337699485205f,-0.4278837649416544f,-0.17749072290477533f,0f,0f,0f,1f],start_interpolation:0}
execute if entity @s[tag=aj.labyria.bone.body_2] run data modify entity @s {} merge value {transformation:[-1f,-1.1244904162164715e-16f,4.850578176868861e-17f,-4.091794679103793e-18f,0f,0.39607976603915696f,0.918216106880274f,1.5591872439690488f,-1.2246467991473532e-16f,0.918216106880274f,-0.39607976603915696f,0.03341203914428764f,0f,0f,0f,1f],start_interpolation:0}
execute if entity @s[tag=aj.labyria.bone.sphere] run data modify entity @s {} merge value {transformation:[-0.8660254037844387f,-1.0605752387249068e-16f,-0.4999999999999999f,1.0465057464724623f,-0.43301270189221924f,0.5000000000000001f,0.75f,2.56753102186835f,0.2499999999999999f,0.8660254037844386f,-0.4330127018922195f,0.3309592945535409f,0f,0f,0f,1f],start_interpolation:0}