execute if entity @s[tag=aj.labyria.bone.wing_right_1] run data modify entity @s {} merge value {transformation:[-0.7911498883230065f,-0.1416199075570353f,0.1448105674130019f,0.15496507804352366f,-0.14071574412740762f,0.8042563017271098f,0.01775739089354758f,1.3456700289786068f,-0.14568932014944921f,-0.0077490231779933074f,-0.8035291028199428f,-0.27163578477921824f,0f,0f,0f,1f],start_interpolation:0}
execute if entity @s[tag=aj.labyria.bone.wing_right_2] run data modify entity @s {} merge value {transformation:[-0.769099867381586f,0.16841164485611768f,0.14185524971069577f,0.15496507804352366f,0.17414318316223001f,0.7806225502132729f,0.017394995161026203f,1.3456700289786068f,-0.13475735880371406f,0.047602016505427655f,-0.7871305497011686f,-0.27163578477921824f,0f,0f,0f,1f],start_interpolation:0}
execute if entity @s[tag=aj.labyria.bone.wing_left_1] run data modify entity @s {} merge value {transformation:[-0.6056944560751055f,0.10468143821037898f,0.5376992345340776f,0.10337008707095724f,0.15168840180602336f,0.802321526128292f,0.014671125149324837f,1.3460753240826342f,-0.5263737256758364f,0.11075382453811401f,-0.6144987678691994f,-0.2964596579053913f,0f,0f,0f,1f],start_interpolation:0}
execute if entity @s[tag=aj.labyria.bone.wing_left_2] run data modify entity @s {} merge value {transformation:[-0.5874108372270452f,-0.1323195381736295f,0.5267257807680761f,0.10337008707095724f,-0.16348735908366246f,0.7829848895375534f,0.01437171443199168f,1.3460753240826342f,-0.5178999823595974f,-0.09708863256521083f,-0.6019579766881954f,-0.2964596579053913f,0f,0f,0f,1f],start_interpolation:0}
execute if entity @s[tag=aj.labyria.bone.musket] run data modify entity @s {} merge value {transformation:[-0.000015280181950363843f,0.0000025745842065430836f,0.000004914592535469627f,-0.6295162961570051f,0.000002768057811761919f,0.000016017401516930126f,2.1533383080342132e-7f,1.0776012755257023f,-0.000004808280313897959f,0.0000010392443751897668f,-0.000015494065819342507f,-0.39402149252081026f,0f,0f,0f,1f],start_interpolation:0}
execute if entity @s[tag=aj.labyria.bone.omega_blade] run data modify entity @s {} merge value {transformation:[-1.6863089739155026f,0.28412910695028387f,0.5423706028253962f,-0.6295162961570051f,0.3054807032700213f,1.7676679508494921f,0.023764073782038007f,1.0776012755257023f,-0.5306380688899002f,0.11469019947972438f,-1.709913031040352f,-0.39402149252081026f,0f,0f,0f,1f],start_interpolation:0}
execute if entity @s[tag=aj.labyria.bone.arm_right_2] run data modify entity @s {} merge value {transformation:[-0.6014497474034026f,-0.7476480649283792f,0.28156805990245504f,-0.4343256146136054f,-0.7771714058222874f,0.6291993566453736f,0.010619584231849666f,1.312371141560261f,-0.1851021537437969f,-0.21243949869526968f,-0.959482491801445f,-0.3341427345741189f,0f,0f,0f,1f],start_interpolation:0}
execute if entity @s[tag=aj.labyria.bone.arm_right_1] run data modify entity @s {} merge value {transformation:[-0.3760846479609494f,-0.7476480649283792f,0.547341491737049f,-0.2987241208940798f,-0.6648065760045483f,0.6291993566453736f,0.40266659421679946f,1.5553790290229714f,-0.6454398144437614f,-0.21243949869526968f,-0.7336735686426935f,-0.0916350446817279f,0f,0f,0f,1f],start_interpolation:0}
execute if entity @s[tag=aj.labyria.bone.arm_left_2] run data modify entity @s {} merge value {transformation:[-0.3697455075347196f,0.7347981309060041f,0.5686474887616537f,0.47208941075474653f,0.7998004299310982f,0.5631880856945097f,-0.20769798365362965f,1.2467128533607286f,-0.472871580812299f,0.37800910961086065f,-0.7959281255938135f,0.18060733786589273f,0f,0f,0f,1f],start_interpolation:0}
execute if entity @s[tag=aj.labyria.bone.arm_left_1] run data modify entity @s {} merge value {transformation:[-0.5954820359133939f,0.7347981309060041f,0.3247658413711053f,0.2443705345977903f,0.8024673233133499f,0.5631880856945097f,0.19714303220266366f,1.5502842438399396f,-0.03804392091710007f,0.37800910961086065f,-0.9250198771553276f,0.17097691994499217f,0f,0f,0f,1f],start_interpolation:0}
execute if entity @s[tag=aj.labyria.bone.himo_right_2] run data modify entity @s {} merge value {transformation:[-0.897438949899041f,0.11527642652468278f,0.42581061129545117f,-0.2646149827261937f,0.007250794315626188f,0.9689776280421134f,-0.24704206592334005f,1.212154278927621f,-0.4410790826891463f,-0.21861770706321765f,-0.8704341106439487f,0.1712618092986467f,0f,0f,0f,1f],start_interpolation:0}
execute if entity @s[tag=aj.labyria.bone.himo_right_1] run data modify entity @s {} merge value {transformation:[-0.897438949899041f,0.05137728836155675f,0.43813662874121795f,-0.2522433872287692f,0.007250794315626188f,0.9947785609686176f,-0.1017990207172872f,1.3980390152297537f,-0.4410790826891463f,-0.08818156767612853f,-0.8931255532881597f,0.14914573065132164f,0f,0f,0f,1f],start_interpolation:0}
execute if entity @s[tag=aj.labyria.bone.himo_left_2] run data modify entity @s {} merge value {transformation:[-0.9011030267297464f,0.11326565123996972f,0.4185501492864092f,0.01719908571684525f,0.007078451572018543f,0.9689936481816787f,-0.24698422076501886f,1.2099405150379887f,-0.43354726471497007f,-0.2195955419236614f,-0.873964854685485f,0.3068520098495844f,0f,0f,0f,1f],start_interpolation:0}
execute if entity @s[tag=aj.labyria.bone.himo_left_1] run data modify entity @s {} merge value {transformation:[-0.9011030267297464f,0.05045654396940618f,0.43065934610681944f,0.02935130862427652f,0.007078451572018543f,0.9947858966732974f,-0.10173944811746358f,1.395826999113498f,-0.43354726471497007f,-0.08862932331100615f,-0.896761736643352f,0.2846292508747498f,0f,0f,0f,1f],start_interpolation:0}
execute if entity @s[tag=aj.labyria.bone.ribbon_left_himo_1] run data modify entity @s {} merge value {transformation:[-0.9971334561655697f,-0.05025210038312964f,-0.056564980353482675f,0.2667241365430889f,-0.055852043966074974f,0.9931929345378387f,0.10221714126763828f,1.8265578855903752f,0.051043312785492845f,0.10508340112120731f,-0.9931525859749253f,0.11633663430257941f,0f,0f,0f,1f],start_interpolation:0}
execute if entity @s[tag=aj.labyria.bone.ribbon_left_himo_2] run data modify entity @s {} merge value {transformation:[-0.9971334561655697f,-0.05025210038312964f,-0.056564980353482675f,0.2592011256995324f,-0.055852043966074974f,0.9931929345378387f,0.10221714126763828f,1.8403407841191262f,0.051043312785492845f,0.10508340112120731f,-0.9931525859749253f,-0.015544358157455848f,0f,0f,0f,1f],start_interpolation:0}
execute if entity @s[tag=aj.labyria.bone.ribbon_left] run data modify entity @s {} merge value {transformation:[-0.9971334561655697f,-0.05016318636027297f,-0.056643846351484145f,0.25706961284703966f,-0.055852043966074974f,0.9930311469914108f,0.1037771183341246f,1.939591450470381f,0.051043312785492845f,0.10664331127223965f,-0.9929862961696774f,0.06182522441335922f,0f,0f,0f,1f],start_interpolation:0}
execute if entity @s[tag=aj.labyria.bone.ribbon_right_himo_1] run data modify entity @s {} merge value {transformation:[-0.9971334561655697f,-0.05025210038312964f,-0.056564980353482675f,-0.33261539145342883f,-0.055852043966074974f,0.9931929345378387f,0.10221714126763828f,1.7929873164140162f,0.051043312785492845f,0.10508340112120731f,-0.9931525859749253f,0.1470168554937097f,0f,0f,0f,1f],start_interpolation:0}
execute if entity @s[tag=aj.labyria.bone.ribbon_right_himo_2] run data modify entity @s {} merge value {transformation:[-0.9971334561655697f,-0.05025210038312964f,-0.056564980353482675f,-0.34013840229698533f,-0.055852043966074974f,0.9931929345378387f,0.10221714126763828f,1.8067702149427671f,0.051043312785492845f,0.10508340112120731f,-0.9931525859749253f,0.015135863033674452f,0f,0f,0f,1f],start_interpolation:0}
execute if entity @s[tag=aj.labyria.bone.ribbon_right] run data modify entity @s {} merge value {transformation:[-0.9971334561655697f,-0.05016318636027297f,-0.056643846351484145f,-0.3412104608523021f,-0.055852043966074974f,0.9930311469914108f,0.1037771183341246f,1.906080224090736f,0.051043312785492845f,0.10664331127223965f,-0.9929862961696774f,0.09245121208465493f,0f,0f,0f,1f],start_interpolation:0}
execute if entity @s[tag=aj.labyria.bone.crown] run data modify entity @s {} merge value {transformation:[-0.9843378515804536f,0.16692111648698094f,-0.0567127394569929f,0.11405967605840756f,0.16037207545754628f,0.9814407678141692f,0.10514188834985348f,2.2117456002283733f,0.07321059595042319f,0.09440000075780564f,-0.9928387827323778f,0.11374922497544734f,0f,0f,0f,1f],start_interpolation:0}
execute if entity @s[tag=aj.labyria.bone.ear_edge_a1] run data modify entity @s {} merge value {transformation:[-0.9926921534453276f,0.10651738670922031f,-0.0567127394569929f,0.1386130665047325f,0.1001574236942908f,0.9894006639340552f,0.10514188834985348f,2.211178764863688f,0.06731106125296699f,0.09869332568866626f,-0.9928387827323778f,0.09735284375130371f,0f,0f,0f,1f],start_interpolation:0}
execute if entity @s[tag=aj.labyria.bone.ear_edge_a2] run data modify entity @s {} merge value {transformation:[-0.9971334561655696f,-0.05008528505049421f,-0.0567127394569929f,0.02325350883588978f,-0.055852043966074974f,0.9928875729401787f,0.10514188834985348f,2.2147511546164798f,0.051043312785492845f,0.10800801693565237f,-0.9928387827323778f,0.10432070647261926f,0f,0f,0f,1f],start_interpolation:0}
execute if entity @s[tag=aj.labyria.bone.ear_edge_b1] run data modify entity @s {} merge value {transformation:[-0.9796310581453311f,0.19263087784761324f,-0.0567127394569929f,0.0011974075829795927f,0.1860082441989798f,0.976906401045791f,0.10514188834985348f,2.209214654872653f,0.07565661244776667f,0.09245122224945576f,-0.9928387827323778f,0.10499427392134289f,0f,0f,0f,1f],start_interpolation:0}
execute if entity @s[tag=aj.labyria.bone.ear_edge_b2] run data modify entity @s {} merge value {transformation:[-0.9912107163105108f,-0.11951979356779131f,-0.0567127394569929f,0.029720480674091505f,-0.1249763271067574f,0.9865729070763761f,0.10514188834985348f,2.220770409732305f,0.04338471544344844f,0.11130551634299549f,-0.9928387827323778f,0.10458874209434363f,0f,0f,0f,1f],start_interpolation:0}
execute if entity @s[tag=aj.labyria.bone.ear_right_2] run data modify entity @s {} merge value {transformation:[-0.9977042825413425f,0.03701121157093359f,-0.0567127394569929f,0.08032261001722761f,0.030896343807929952f,0.9939771623400254f,0.10514188834985348f,2.3312758042209816f,0.060262596508675007f,0.10314829598457968f,-0.9928387827323778f,0.08192540548888128f,0f,0f,0f,1f],start_interpolation:0}
execute if entity @s[tag=aj.labyria.bone.ear_right_1] run data modify entity @s {} merge value {transformation:[-0.9977042825413425f,0.03701121157093359f,-0.0567127394569929f,0.07199508741376756f,0.030896343807929952f,0.9939771623400254f,0.10514188834985348f,2.107630942694476f,0.060262596508675007f,0.10314829598457968f,-0.9928387827323778f,0.05871703889235089f,0f,0f,0f,1f],start_interpolation:0}
execute if entity @s[tag=aj.labyria.bone.ear_edge_a3] run data modify entity @s {} merge value {transformation:[-0.9770220238988044f,-0.2054546908687345f,-0.0567127394569929f,-0.250744162911363f,-0.2104862489416893f,0.9719262946955824f,0.10514188834985348f,2.18936985156187f,0.03351870855419703f,0.11466319234762574f,-0.9928387827323778f,0.11728406030360305f,0f,0f,0f,1f],start_interpolation:0}
execute if entity @s[tag=aj.labyria.bone.ear_edge_a4] run data modify entity @s {} merge value {transformation:[-0.9971334561655698f,-0.05008528505049421f,-0.0567127394569929f,-0.1363940624182343f,-0.055852043966074974f,0.9928875729401786f,0.10514188834985348f,2.2058088780198735f,0.051043312785492845f,0.10800801693565236f,-0.9928387827323778f,0.11249307383686846f,0f,0f,0f,1f],start_interpolation:0}
execute if entity @s[tag=aj.labyria.bone.ear_edge_b3] run data modify entity @s {} merge value {transformation:[-0.9553976039432007f,-0.2898259539152324f,-0.0567127394569929f,-0.11390525585717216f,-0.29439424332710296f,0.9498827363470133f,0.10514188834985348f,2.2027674546715956f,0.023397604053698607f,0.11714821222296212f,-0.9928387827323778f,0.11088638516893042f,0f,0f,0f,1f],start_interpolation:0}
execute if entity @s[tag=aj.labyria.bone.ear_edge_b4] run data modify entity @s {} merge value {transformation:[-0.9981982620536946f,0.019593233941013644f,-0.0567127394569929f,-0.1434301526964411f,0.013544344718582318f,0.9943649903533265f,0.10514188834985348f,2.2110717914300433f,0.0584532322385022f,0.10418431332672665f,-0.9928387827323778f,0.11345233190119366f,0f,0f,0f,1f],start_interpolation:0}
execute if entity @s[tag=aj.labyria.bone.ear_left_2] run data modify entity @s {} merge value {transformation:[-0.9889738421027345f,-0.1368006024103658f,-0.0567127394569929f,-0.2080684121699571f,-0.14217536396111186f,0.9842415095883491f,0.10514188834985348f,2.3151222713603357f,0.04143555863121816f,0.112045731660821f,-0.9928387827323778f,0.09668815671240878f,0f,0f,0f,1f],start_interpolation:0}
execute if entity @s[tag=aj.labyria.bone.ear_left_1] run data modify entity @s {} merge value {transformation:[-0.9889738421027345f,-0.1368006024103658f,-0.0567127394569929f,-0.17728827662762486f,-0.14217536396111186f,0.9842415095883491f,0.10514188834985348f,2.0936679317029574f,0.04143555863121816f,0.112045731660821f,-0.9928387827323778f,0.0714778670887241f,0f,0f,0f,1f],start_interpolation:0}
execute if entity @s[tag=aj.labyria.bone.head] run data modify entity @s {} merge value {transformation:[-0.9971334561655697f,-0.05008528505049422f,-0.0567127394569929f,-0.025205612910519336f,-0.055852043966074974f,0.9928875729401787f,0.10514188834985348f,1.5885088720559422f,0.051043312785492845f,0.10800801693565236f,-0.9928387827323778f,0.04076955627140245f,0f,0f,0f,1f],start_interpolation:0}
execute if entity @s[tag=aj.labyria.bone.back_musket] run data modify entity @s {} merge value {transformation:[0.722002131084692f,0.955271955930017f,1.0994658037191525f,-0.01797843612908858f,-0.10314078544075851f,1.2575923047524282f,-1.024929370264673f,1.5413301768480754f,-1.4528356898537513f,0.3854526246714569f,0.6191537555777711f,-0.2031646501899083f,0f,0f,0f,1f],start_interpolation:0}
execute if entity @s[tag=aj.labyria.bone.body_1] run data modify entity @s {} merge value {transformation:[-0.9011030267297464f,-0.0025550774379857755f,0.43359751705674676f,-0.02424745887127467f,0.007078451572018543f,0.9997627027182293f,0.020601790623242383f,1.2135978585366063f,-0.43354726471497007f,0.021633534912889885f,-0.9008711114390006f,0.03265698067906874f,0f,0f,0f,1f],start_interpolation:0}
execute if entity @s[tag=aj.labyria.bone.belt2] run data modify entity @s {} merge value {transformation:[-0.5127017631285136f,0.22601343895640696f,0.8282842673237323f,-0.048557211908086303f,0.0179363796281575f,0.9673380482547435f,-0.25285447728790134f,0.4800196124117129f,-0.8583793965204127f,-0.11478251526169693f,-0.5000097857236896f,0.4308104010494155f,0f,0f,0f,1f],start_interpolation:0}
execute if entity @s[tag=aj.labyria.bone.leg_left_2] run data modify entity @s {} merge value {transformation:[-0.8072763237543136f,0.08292042872731845f,0.5843193815075778f,-0.0027281550875461608f,-0.005513678147282803f,0.9889775642069902f,-0.1479627549368298f,0.5739162139688699f,-0.5901478937173366f,-0.12266857786281651f,-0.7979209757526776f,0.2507463369688605f,0f,0f,0f,1f],start_interpolation:0}
execute if entity @s[tag=aj.labyria.bone.leg_left_1] run data modify entity @s {} merge value {transformation:[-0.8072763237543136f,0.26035143118944853f,0.5296433416775165f,0.09592028938545422f,-0.005513678147282803f,0.8940701925835695f,-0.4478929448951692f,0.9090570531010556f,-0.5901478937173366f,-0.36449365290932667f,-0.720326204250412f,0.11267177432667129f,0f,0f,0f,1f],start_interpolation:0}
execute if entity @s[tag=aj.labyria.bone.belt] run data modify entity @s {} merge value {transformation:[-0.9422810101394153f,0.3336422458109056f,-0.028095368673471843f,-0.3106270891481401f,0.2825102724849218f,0.747218063695929f,-0.6015422771734349f,0.8281606382839463f,-0.17970654932733615f,-0.5747590948360554f,-0.7983467536303382f,0.13908566439106135f,0f,0f,0f,1f],start_interpolation:0}
execute if entity @s[tag=aj.labyria.bone.leg_right_2] run data modify entity @s {} merge value {transformation:[-0.8376441352499696f,-0.18783457186756575f,0.512903964005601f,-0.25683284572773063f,0.1258337093946066f,0.8473957642348109f,0.5158355322550916f,0.7095821208780495f,-0.5315243929128034f,0.4966272167010468f,-0.6861801712163118f,0.15558235373571438f,0f,0f,0f,1f],start_interpolation:0}
execute if entity @s[tag=aj.labyria.bone.leg_right_1] run data modify entity @s {} merge value {transformation:[-0.8376441352499696f,0.40938463797076396f,0.36160271137655636f,-0.09663812484443886f,0.1258337093946066f,0.78883717051873f,-0.6015827424286682f,0.9176033329655191f,-0.5315243929128034f,-0.45841044556330757f,-0.712279217117224f,-0.04762579463215501f,0f,0f,0f,1f],start_interpolation:0}
execute if entity @s[tag=aj.labyria.bone.skirt_forward_right] run data modify entity @s {} merge value {transformation:[-0.7847146984930415f,0.28111024899016646f,0.5524489749123095f,-0.006469231540974456f,0.08050401935819639f,0.9299227922393883f,-0.3588352035975209f,1.1262453675651753f,-0.6146071467499788f,-0.23710889562896142f,-0.7523545884604307f,0.038892183003232474f,0f,0f,0f,1f],start_interpolation:0}
execute if entity @s[tag=aj.labyria.bone.skirt_forward_left] run data modify entity @s {} merge value {transformation:[-0.8229709932096396f,0.1323588850583052f,0.5524489749123095f,-0.006469231540974456f,-0.09148447450745213f,0.928906823951262f,-0.3588352035975209f,1.1262453675651753f,-0.5606686501487618f,-0.34585146806526823f,-0.7523545884604307f,0.038892183003232474f,0f,0f,0f,1f],start_interpolation:0}
execute if entity @s[tag=aj.labyria.bone.skirt_forward] run data modify entity @s {} merge value {transformation:[-0.8072763237543136f,0.20761759854130638f,0.5524489749123095f,-0.006469231540974456f,-0.005513678147282803f,0.9333846452628272f,-0.3588352035975209f,1.1262453675651753f,-0.5901478937173366f,-0.29272518983430007f,-0.7523545884604307f,0.038892183003232474f,0f,0f,0f,1f],start_interpolation:0}
execute if entity @s[tag=aj.labyria.bone.skirt_back_right] run data modify entity @s {} merge value {transformation:[-0.8030790392123143f,0.08263080630450555f,0.5901154180559033f,-0.006469231540974456f,0.0866185286574213f,0.9960076256977883f,-0.021587960651201568f,1.1262453675651753f,-0.5895432870205967f,0.03377809055174121f,-0.8070302059573908f,0.038892183003232474f,0f,0f,0f,1f],start_interpolation:0}
execute if entity @s[tag=aj.labyria.bone.skirt_back_left] run data modify entity @s {} merge value {transformation:[-0.8046066524903669f,-0.06612055762735573f,0.5901154180559033f,-0.006469231540974456f,-0.09759898380667704f,0.994991657409662f,-0.021587960651201568f,1.1262453675651753f,-0.585732509878144f,-0.07496448188456561f,-0.8070302059573908f,0.038892183003232474f,0f,0f,0f,1f],start_interpolation:0}
execute if entity @s[tag=aj.labyria.bone.skirt_back] run data modify entity @s {} merge value {transformation:[-0.8072763237543136f,0.00829038469717494f,0.5901154180559033f,-0.006469231540974456f,-0.005513678147282803f,0.9997517488397859f,-0.021587960651201568f,1.1262453675651753f,-0.5901478937173366f,-0.02068115599676426f,-0.8070302059573908f,0.038892183003232474f,0f,0f,0f,1f],start_interpolation:0}
execute if entity @s[tag=aj.labyria.bone.skirt_right] run data modify entity @s {} merge value {transformation:[-0.7972569802836077f,0.14555487361066416f,0.5858285467244206f,-0.16080600584640298f,0.08587493583172762f,0.9879709696650536f,-0.12860349332343293f,1.1539358346264998f,-0.5975004625813772f,-0.05222204388260939f,-0.8001662673143395f,-0.07855338154018021f,0f,0f,0f,1f],start_interpolation:0}
execute if entity @s[tag=aj.labyria.bone.skirt_left] run data modify entity @s {} merge value {transformation:[-0.8104287114190735f,-0.0031964903211971346f,0.5858285467244206f,0.15201356960839352f,-0.09685539098098336f,0.9869550013769273f,-0.12860349332343293f,1.156072384908572f,-0.5777753343173634f,-0.1609646163189162f,-0.8001662673143395f,0.1501289272752877f,0f,0f,0f,1f],start_interpolation:0}
execute if entity @s[tag=aj.labyria.bone.coat_downer] run data modify entity @s {} merge value {transformation:[-0.8072763237543136f,0.09188479723477778f,0.5829769473511319f,-0.016418802426161012f,-0.005513678147282803f,0.9865884632793802f,-0.16313431115899366f,0.9882158010034151f,-0.5901478937173366f,-0.13490881424560427f,-0.7959428844960147f,0.05379201354667332f,0f,0f,0f,1f],start_interpolation:0}
execute if entity @s[tag=aj.labyria.bone.body_2] run data modify entity @s {} merge value {transformation:[-0.8072763237543136f,0.07148322144723158f,0.5858285467244206f,-3.576493097162692e-18f,-0.005513678147282803f,0.9916807655986365f,-0.12860349332343293f,1.215992476851852f,-0.5901478937173366f,-0.10704862536823223f,-0.8001662673143395f,0.029204282407407467f,0f,0f,0f,1f],start_interpolation:0}
execute if entity @s[tag=aj.labyria.bone.sphere] run data modify entity @s {} merge value {transformation:[-0.9986295347545738f,-1.1119560246986866e-16f,-0.05233595624294368f,0.8008678630576704f,-1.2246467991473532e-16f,1f,2.1211504774498143e-16f,2.188742476851852f,0.05233595624294368f,2.1823365757333873e-16f,-0.9986295347545738f,-0.243826741519949f,0f,0f,0f,1f],start_interpolation:0}