execute if entity @s[tag=aj.louvert.bone.head] run data modify entity @s {} merge value {transformation:[-0.9842122243514803f,0.06479098252676116f,0.16470709159088714f,-0.0068456090146394154f,0.06769530426872478f,0.9976329621889396f,0.012075534525905846f,1.501868851914511f,-0.16353483793087253f,0.02303478537643676f,-0.9862686020783511f,-0.02370601763468419f,0f,0f,0f,1f],start_interpolation:0}
execute if entity @s[tag=aj.louvert.bone.coat_0] run data modify entity @s {} merge value {transformation:[-0.8812417745028633f,-0.07567233331208433f,-0.46656900115861716f,-0.15613504255645402f,0.13085622472586014f,0.909460652834657f,-0.39466184182924813f,0.709042520460515f,0.4541911308265937f,-0.4088459598879072f,-0.7915525236911294f,0.30075398178874235f,0f,0f,0f,1f],start_interpolation:0}
execute if entity @s[tag=aj.louvert.bone.coat_1] run data modify entity @s {} merge value {transformation:[-0.7939721255386105f,-0.38977125474507673f,-0.46656900115861716f,0.27848749788202737f,-0.20749330985165118f,0.895091367945615f,-0.39466184182924813f,0.6894496081346412f,0.5714497267778748f,-0.21654055510157078f,-0.7915525236911294f,0.0543409847098722f,0f,0f,0f,1f],start_interpolation:0}
execute if entity @s[tag=aj.louvert.bone.coat_2] run data modify entity @s {} merge value {transformation:[-0.8692450808769628f,0.005953190018895993f,-0.49434557639347965f,0.002855102517959524f,0.039185824651747504f,0.9976111696732433f,-0.056889588586539586f,0.649913334068922f,0.4928259941577403f,-0.06882233410588579f,-0.8674018825265788f,0.0786034177879161f,0f,0f,0f,1f],start_interpolation:0}
execute if entity @s[tag=aj.louvert.bone.right_leg_1] run data modify entity @s {} merge value {transformation:[-0.8736348883715701f,0.21319193092018682f,-0.4373914521461488f,0.09000100704832498f,0.04821683877932709f,0.9324120111226994f,0.3581661318051321f,0.54470162002816f,0.4841871727732187f,0.2918167954464669f,-0.824867104215723f,0.5030889683588642f,0f,0f,0f,1f],start_interpolation:0}
execute if entity @s[tag=aj.louvert.bone.right_leg_0] run data modify entity @s {} merge value {transformation:[-0.8736348883715701f,-0.35461174904034554f,-0.33318551778632494f,-0.04747940744683368f,0.04821683877932709f,0.6182853201395587f,-0.7844733260972304f,0.7041442923790465f,0.4841871727732187f,-0.7014084190701382f,-0.5230573691091702f,0.2391507325190248f,0f,0f,0f,1f],start_interpolation:0}
execute if entity @s[tag=aj.louvert.bone.left_leg_1] run data modify entity @s {} merge value {transformation:[-0.8249216251031916f,-0.1430538406045087f,-0.5468454179431421f,0.30124021389743577f,-0.12869138216340514f,0.9895693941818987f,-0.06473748724921446f,0.32627961957989116f,0.5504024351272278f,0.016970939478108682f,-0.8347269892720902f,0.22683470091356422f,0f,0f,0f,1f],start_interpolation:0}
execute if entity @s[tag=aj.louvert.bone.left_leg_0] run data modify entity @s {} merge value {transformation:[-0.8249216251031916f,-0.32346671046160924f,-0.46354460374407924f,0.16983186277240703f,-0.12869138216340514f,0.9060140717199224f,-0.4032084200538966f,0.6943478362161096f,0.5504024351272278f,-0.27296114937593724f,-0.7890179784627123f,0.11594423397958974f,0f,0f,0f,1f],start_interpolation:0}
execute if entity @s[tag=aj.louvert.bone.body_1] run data modify entity @s {} merge value {transformation:[-0.8692450808769628f,-0.16348197615961532f,-0.46656900115861716f,0.010088110112906879f,0.039185824651747504f,0.917990469313439f,-0.39466184182924813f,0.9861180859580277f,0.4928259941577403f,-0.3613407556872585f,-0.7915525236911294f,0.064628497097039f,0f,0f,0f,1f],start_interpolation:0}
execute if entity @s[tag=aj.louvert.locator_origin.locator] at @s on origin run tp @s ^-0.81277 ^1.01564 ^1.22294 ~13.43199 ~-7.3198
execute if entity @s[tag=aj.louvert.bone.sword_0] run data modify entity @s {} merge value {transformation:[-0.9722337848632396f,0.04096694667454069f,0.23039786641951815f,-0.609501217474203f,0.01159797201754046f,0.99178267259951f,-0.12740728933798706f,0.9296541036770709f,-0.23372409934703164f,-0.1211975231246023f,-0.9647197550443758f,0.3731465001448011f,0f,0f,0f,1f],start_interpolation:0}
execute if entity @s[tag=aj.louvert.bone.right_arm_1] run data modify entity @s {} merge value {transformation:[-0.4935448082269407f,-0.7075373735996483f,-0.5057710818462684f,-0.4157343684492011f,-0.7873897354673275f,0.6104756299494348f,-0.08565576290322206f,1.2187890858771002f,0.36936557331852765f,0.3559640012663542f,-0.8584047431424892f,0.23316198549758346f,0f,0f,0f,1f],start_interpolation:0}
execute if entity @s[tag=aj.louvert.bone.right_arm_0] run data modify entity @s {} merge value {transformation:[-0.49323588694462345f,-0.7075373735996483f,-0.5060723513388802f,-0.2634236581730897f,-0.7873372863478256f,0.6104756299494348f,-0.08613653559485025f,1.4614708794070683f,0.36988965564934745f,0.3559640012663542f,-0.8581790445158017f,0.11970725210056768f,0f,0f,0f,1f],start_interpolation:0}
execute if entity @s[tag=aj.louvert.locator_origin.locator2] at @s on origin run tp @s ^0.79123 ^1.25083 ^0.62968 ~-18.36759 ~-25.52488
execute if entity @s[tag=aj.louvert.bone.sword_1] run data modify entity @s {} merge value {transformation:[-0.9540503950013854f,0.09449398701357387f,-0.28435669539502506f,0.5441374543797938f,0.2152302148076235f,0.8763552393160703f,-0.43090306236685855f,0.8954889548824092f,0.20847973146463075f,-0.47230538949026524f,-0.8564250233539911f,-0.13421723920900158f,0f,0f,0f,1f],start_interpolation:0}
execute if entity @s[tag=aj.louvert.bone.left_arm_1] run data modify entity @s {} merge value {transformation:[-0.5408651792635341f,0.7915845675884834f,-0.28435669539502506f,0.3338077461320396f,0.8096743765847907f,0.398434379471568f,-0.43090306236685855f,1.1960886381380995f,-0.22779873081792068f,-0.4632967921439347f,-0.8564250233539911f,-0.21258520657385996f,0f,0f,0f,1f],start_interpolation:0}
execute if entity @s[tag=aj.louvert.bone.left_arm_0] run data modify entity @s {} merge value {transformation:[-0.3484519635328858f,0.7915845675884834f,-0.5019712157742018f,0.2249165075280128f,0.9171588348641587f,0.398434379471568f,-0.008349663809106664f,1.482700774033149f,0.19339312485374166f,-0.4632967921439347f,-0.8648440215717773f,-0.15214985505706569f,0f,0f,0f,1f],start_interpolation:0}
execute if entity @s[tag=aj.louvert.bone.wing_0] run data modify entity @s {} merge value {transformation:[-0.9807934510182367f,0.002362788385817346f,-0.19503492936082445f,-0.2519100610472225f,0.023243853143581683f,0.9942169796072025f,-0.10484426904590967f,1.1138396454119148f,0.19365931356580168f,-0.10736393571295405f,-0.9751764227961252f,-0.4206201289370355f,0f,0f,0f,1f],start_interpolation:0}
execute if entity @s[tag=aj.louvert.bone.wing_1] run data modify entity @s {} merge value {transformation:[-0.6789519969843912f,0.002362788385817346f,-0.7341788630994162f,-0.12978393928474333f,0.0804197238809998f,0.9942169796072025f,-0.07117067845422885f,1.1369732052932249f,0.7297649305096888f,-0.10736393571295405f,-0.6752156185296766f,-0.20370989683519589f,0f,0f,0f,1f],start_interpolation:0}
execute if entity @s[tag=aj.louvert.bone.body_0] run data modify entity @s {} merge value {transformation:[-0.8725581833683882f,0.002362788385817346f,-0.4885044870499168f,-0.011110486967102436f,0.054497816251817544f,0.9942169796072025f,-0.09253423952524069f,1.3567783069675041f,0.4854608168128932f,-0.10736393571295405f,-0.8676409284073586f,-0.008113587848890628f,0f,0f,0f,1f],start_interpolation:0}