execute if entity @s[tag=aj.louvert.bone.head] run data modify entity @s {} merge value {transformation:[-0.8278206595684009f,0.2160018179765742f,0.5177414125048841f,0.020183469162559104f,0.26179205588219273f,0.9649918919473313f,0.015986492826298725f,1.6042473969863336f,-0.49616315367902186f,0.14877453783065614f,-0.8553877844723772f,-0.046523533460697694f,0f,0f,0f,1f],start_interpolation:0}
execute if entity @s[tag=aj.louvert.bone.coat_0] run data modify entity @s {} merge value {transformation:[-0.9519760705713174f,0.276743766650851f,0.1309749925729856f,-0.35473966261364537f,0.22856865490705802f,0.9269972426808787f,-0.29737599441788587f,0.8238737153650094f,-0.2037104097820544f,-0.25315805276930775f,-0.9457341430150865f,0.0019165315728450413f,0f,0f,0f,1f],start_interpolation:0}
execute if entity @s[tag=aj.louvert.bone.coat_1] run data modify entity @s {} merge value {transformation:[-0.9793712403687886f,-0.1538750300048935f,0.1309749925729856f,0.13597586395366462f,-0.18687597682925083f,0.9362931630787907f,-0.29737599441788587f,0.7758968769156567f,-0.07687225001659459f,-0.3157175761862274f,-0.9457341430150865f,0.08496166964951045f,0f,0f,0f,1f],start_interpolation:0}
execute if entity @s[tag=aj.louvert.bone.coat_2] run data modify entity @s {} merge value {transformation:[-0.98143105313462f,0.0868904924411687f,0.1710062287356868f,-0.09301002525836718f,0.09595367689870539f,0.9943475294938711f,0.045451979924468644f,0.7627132968380973f,-0.1660902761533308f,0.061016660944095025f,-0.9842210052902467f,-0.07477766726570807f,0f,0f,0f,1f],start_interpolation:0}
execute if entity @s[tag=aj.louvert.bone.right_leg_1] run data modify entity @s {} merge value {transformation:[-0.9700155079902131f,0.03789568664721814f,0.24007047130379197f,-0.3162226471461477f,0.13699955369226008f,0.901143215385991f,0.41130527306602743f,0.5847184003528413f,-0.20075118068547068f,0.43186204081550594f,-0.8793145860021065f,0.2743194011725414f,0f,0f,0f,1f],start_interpolation:0}
execute if entity @s[tag=aj.louvert.bone.right_leg_0] run data modify entity @s {} merge value {transformation:[-0.9700155079902131f,0.234452431217208f,0.06404663734209079f,-0.23206078097181787f,0.13699955369226008f,0.7451207407068852f,-0.6527068285658919f,0.8118795057526712f,-0.20075118068547068f,-0.624361385148668f,-0.7548985522496559f,0.022677816092011388f,0f,0f,0f,1f],start_interpolation:0}
execute if entity @s[tag=aj.louvert.bone.left_leg_1] run data modify entity @s {} merge value {transformation:[-0.9890555296493185f,-0.10635554540518645f,0.10226268738729496f,0.038719783764601355f,-0.10456153126032938f,0.9942579078339964f,0.022761785739699225f,0.4075538489933814f,-0.10409632774791563f,0.011819926866530606f,-0.9944969803263702f,0.20468643216289586f,0f,0f,0f,1f],start_interpolation:0}
execute if entity @s[tag=aj.louvert.bone.left_leg_0] run data modify entity @s {} merge value {transformation:[-0.9890555296493185f,-0.06257920357603507f,0.1336151284469519f,0.01329698231183711f,-0.10456153126032938f,0.936214738546741f,-0.33551281571402436f,0.7878910865279949f,-0.10409632774791563f,-0.3458118080801274f,-0.9325117414498071f,0.0642003851303441f,0f,0f,0f,1f],start_interpolation:0}
execute if entity @s[tag=aj.louvert.bone.body_1] run data modify entity @s {} merge value {transformation:[-0.98143105313462f,0.14013792942518166f,0.1309749925729856f,-0.06558879638462112f,0.09595367689870539f,0.9499265286502913f,-0.29737599441788587f,1.096737336343549f,-0.1660902761533308f,-0.279286503259342f,-0.9457341430150865f,-0.043837931657366644f,0f,0f,0f,1f],start_interpolation:0}
execute if entity @s[tag=aj.louvert.locator_origin.locator] at @s on origin run tp @s ^-1.54517 ^1.40069 ^0.34206 ~47.11344 ~-1.8819
execute if entity @s[tag=aj.louvert.bone.sword_0] run data modify entity @s {} merge value {transformation:[-0.4630601322667857f,0.4993007500287076f,0.7323073636976738f,-0.889487797450255f,0.7083481936010908f,0.7050988626410082f,-0.032839465958330025f,1.3902279443700836f,-0.5327458592304014f,0.5035219507857893f,-0.6801819569422103f,-0.2417572167425437f,0f,0f,0f,1f],start_interpolation:0}
execute if entity @s[tag=aj.louvert.bone.right_arm_1] run data modify entity @s {} merge value {transformation:[-0.9452609891930684f,-0.2901679856006881f,0.14927894172380984f,-0.5323810612117021f,-0.2768095731968475f,0.9552746087234371f,0.10405230470711961f,1.483809566908084f,-0.17279503029983517f,0.05703474432942556f,-0.9833050978424531f,-0.17499230896824863f,0f,0f,0f,1f],start_interpolation:0}
execute if entity @s[tag=aj.louvert.bone.right_arm_0] run data modify entity @s {} merge value {transformation:[-0.9458015521414153f,-0.2901679856006881f,0.1458148281188461f,-0.2542026611297609f,-0.2771889273928527f,0.9552746087234371f,0.10303747114076489f,1.565181220516317f,-0.16919137831961079f,0.05703474432942556f,-0.9839315603443095f,-0.12263490011641887f,0f,0f,0f,1f],start_interpolation:0}
execute if entity @s[tag=aj.louvert.locator_origin.locator2] at @s on origin run tp @s ^0.24732 ^0.96046 ^0.80737 ~18.67592 ~-3.82971
execute if entity @s[tag=aj.louvert.bone.sword_1] run data modify entity @s {} merge value {transformation:[-0.887313920246265f,0.33255654607153395f,0.31949984444781265f,0.5363792655255226f,0.3289905761990437f,0.9419682240094718f,-0.06679120996555432f,0.9263775077070353f,-0.32317055513989207f,0.04584766756786332f,-0.9452294873040943f,-0.020978227579100922f,0f,0f,0f,1f],start_interpolation:0}
execute if entity @s[tag=aj.louvert.bone.left_arm_1] run data modify entity @s {} merge value {transformation:[-0.3156012996957503f,0.8934851252417002f,0.31949984444781265f,0.40788935786823033f,0.9330605896814892f,0.3534641003759348f,-0.06679120996555432f,1.2727671868444443f,-0.1726086776891153f,0.27703332059023955f,-0.9452294873040943f,-0.086130571137945f,0f,0f,0f,1f],start_interpolation:0}
execute if entity @s[tag=aj.louvert.bone.left_arm_0] run data modify entity @s {} merge value {transformation:[-0.42747038189784364f,0.8934851252417002f,0.1376713607542795f,0.27430486352515415f,0.8584755996370252f,0.3534641003759348f,0.3715949065491627f,1.5410408117310148f,0.28335263794071436f,0.27703332059023955f,-0.9181306126335099f,0.002417128218528228f,0f,0f,0f,1f],start_interpolation:0}
execute if entity @s[tag=aj.louvert.bone.wing_0] run data modify entity @s {} merge value {transformation:[-0.8466245595412696f,0.1531667210428284f,0.5096732391901104f,0.0659793650418109f,0.16429113583780108f,0.9861332061997432f,-0.023446157794828695f,1.2817128395269342f,-0.506196876587239f,0.06388470235669258f,-0.8600485259205555f,-0.5584202590461287f,0f,0f,0f,1f],start_interpolation:0}
execute if entity @s[tag=aj.louvert.bone.wing_1] run data modify entity @s {} merge value {transformation:[-0.9784324521524865f,0.1531667210428284f,-0.13859975519408627f,0.01675588692294887f,0.14226838565291006f,0.9861332061997432f,0.08544592485267896f,1.273488473441053f,0.14976529310420053f,0.06388470235669258f,-0.9866555132295212f,-0.3134520794709697f,0f,0f,0f,1f],start_interpolation:0}
execute if entity @s[tag=aj.louvert.bone.body_0] run data modify entity @s {} merge value {transformation:[-0.9683866700833397f,0.1531667210428284f,0.19689391247544813f,-0.0050558173915245105f,0.16266240029577014f,0.9861332061997432f,0.03289746434352431f,1.4609509976436366f,-0.18912482844650436f,0.06388470235669258f,-0.9798727183006358f,-0.05842729896800065f,0f,0f,0f,1f],start_interpolation:0}