execute if entity @s[tag=aj.louvert.bone.head] run data modify entity @s {} merge value {transformation:[0.8195031603275305f,-0.11540389824720028f,-0.5613345798029367f,-0.06316830434043647f,0.17833110732435786f,0.9822351848846185f,0.058412821667401624f,1.6410636539476489f,0.5446215074468305f,-0.1479729091557947f,0.8255249431618116f,0.04689608575499328f,0f,0f,0f,1f],start_interpolation:0}
execute if entity @s[tag=aj.louvert.bone.coat_0] run data modify entity @s {} merge value {transformation:[0.7550845356035748f,0.15618468799117646f,0.6367524537286304f,0.09946857219011473f,0.2626377793243784f,0.8178219765399427f,-0.5120435641230738f,0.9789061053035426f,-0.6007235145754592f,0.5538714272513071f,0.5765047277435866f,-0.21951288948658343f,0f,0f,0f,1f],start_interpolation:0}
execute if entity @s[tag=aj.louvert.bone.coat_1] run data modify entity @s {} merge value {transformation:[0.5529138665062203f,0.5374314550672569f,0.6367524537286304f,-0.25222215959784827f,-0.21790897126286338f,0.8308592351796423f,-0.5120435641230738f,0.939204534103125f,-0.8042399744282183f,0.14436191471780474f,0.5765047277435866f,0.13366895378776295f,0f,0f,0f,1f],start_interpolation:0}
execute if entity @s[tag=aj.louvert.bone.coat_2] run data modify entity @s {} merge value {transformation:[0.703381463575926f,0.07907866059516266f,0.7064000864497841f,0.003217263012212028f,0.07940314240083539f,0.97883097422556f,-0.18864004048322752f,0.8950498741879496f,-0.7063636865486929f,0.18877629442044927f,0.6822124690961187f,0.029141123118538073f,0f,0f,0f,1f],start_interpolation:0}
execute if entity @s[tag=aj.louvert.bone.right_leg_1] run data modify entity @s {} merge value {transformation:[0.5431863299177141f,-0.003717248705506049f,0.8396039501173065f,-0.2615580030442298f,0.015971509879485618f,0.9998550038365666f,-0.0059061133708152025f,0.8833767744839216f,-0.8394602562734539f,0.016617862830124897f,0.5431669400582708f,-0.30956241160289216f,0f,0f,0f,1f],start_interpolation:0}
execute if entity @s[tag=aj.louvert.bone.right_leg_0] run data modify entity @s {} merge value {transformation:[0.5431863299177141f,0.7742703754354292f,0.3247368114544497f,0.011545889243123976f,0.015971509879485618f,0.3771714074756f,-0.9260057452602788f,0.9689807125034382f,-0.8394602562734539f,0.5081801994430258f,0.19250808562590965f,-0.13121742866799685f,0f,0f,0f,1f],start_interpolation:0}
execute if entity @s[tag=aj.louvert.bone.left_leg_1] run data modify entity @s {} merge value {transformation:[0.5976500999572454f,0.27317264067422126f,0.7537844959988012f,-0.3622231552881624f,-0.14466560807785817f,0.9614766768392937f,-0.23374015858113012f,0.6051622837329763f,-0.7885976286171277f,0.030648136666706544f,0.6141453181929343f,-0.04152610649237627f,0f,0f,0f,1f],start_interpolation:0}
execute if entity @s[tag=aj.louvert.bone.left_leg_0] run data modify entity @s {} merge value {transformation:[0.5976500999572454f,0.4871967474149044f,0.6367524537286304f,-0.16429947665085753f,-0.14466560807785817f,0.8466895831883153f,-0.5120435641230738f,0.9491299269032294f,-0.7885976286171277f,0.21390670636689876f,0.5765047277435866f,0.04537349296917635f,0f,0f,0f,1f],start_interpolation:0}
execute if entity @s[tag=aj.louvert.bone.body_1] run data modify entity @s {} merge value {transformation:[0.703381463575926f,0.31591269263572763f,0.6367524537286304f,0.02234592274479811f,0.07940314240083539f,0.855281549793407f,-0.5120435641230738f,1.2263308040137735f,-0.7063636865486929f,0.4107220973050171f,0.5765047277435866f,0.08542868755840759f,0f,0f,0f,1f],start_interpolation:0}
execute if entity @s[tag=aj.louvert.locator_origin.locator] at @s on origin run tp @s ^-0.35464 ^0.71378 ^-1.18671 ~133.70454 ~31.23879
execute if entity @s[tag=aj.louvert.bone.sword_0] run data modify entity @s {} merge value {transformation:[0.03775800568601158f,-0.7851923442956517f,0.6180997617424818f,0.1673616547433986f,0.7310575727505129f,0.44339900168816915f,0.5186059685600067f,1.180460997930609f,-0.6812702535196606f,0.43228498442744057f,0.5907626713899781f,-0.6569972236380033f,0f,0f,0f,1f],start_interpolation:0}
execute if entity @s[tag=aj.louvert.bone.right_arm_1] run data modify entity @s {} merge value {transformation:[-0.31468039715417895f,-0.08746297691761992f,0.9451594972890001f,0.2838163448081424f,-0.555951933767199f,0.8240576194470202f,-0.10884156913524337f,1.380642332140348f,-0.7693462776847622f,-0.5597135584386156f,-0.30793999011590234f,-0.3618599121203992f,0f,0f,0f,1f],start_interpolation:0}
execute if entity @s[tag=aj.louvert.bone.right_arm_0] run data modify entity @s {} merge value {transformation:[0.15730116589453558f,-0.08746297691761992f,0.983669950174817f,0.21621591890032218f,-0.5433928315884105f,0.8240576194470202f,0.16016638351926232f,1.5474494723207401f,-0.8246093461673524f,-0.5597135584386156f,0.08209846961687434f,-0.10570883774841794f,0f,0f,0f,1f],start_interpolation:0}
execute if entity @s[tag=aj.louvert.locator_origin.locator2] at @s on origin run tp @s ^-0.8882 ^1.07942 ^-0.3005 ~146.77714 ~-6.51982
execute if entity @s[tag=aj.louvert.bone.sword_1] run data modify entity @s {} merge value {transformation:[0.8131479730859583f,-0.2060815554132301f,0.5443535306991777f,-0.41583490834613207f,0.31483396695913995f,0.9423304438036173f,-0.11354694152485434f,1.0043095964230662f,-0.48956097384796493f,0.2637114468492812f,0.8311355639639599f,0.4357725164016566f,0f,0f,0f,1f],start_interpolation:0}
execute if entity @s[tag=aj.louvert.bone.left_arm_1] run data modify entity @s {} merge value {transformation:[0.3648138115877569f,-0.755374156620513f,0.5443535306991777f,-0.27257879155949155f,0.924238373127398f,0.3645415226132298f,-0.11354694152485434f,1.3473973216883026f,-0.11266903972979014f,0.5445359141513773f,0.8311355639639599f,0.385684675267861f,0f,0f,0f,1f],start_interpolation:0}
execute if entity @s[tag=aj.louvert.bone.left_arm_0] run data modify entity @s {} merge value {transformation:[0.07223931506143927f,-0.755374156620513f,0.651299750398618f,-0.2500040056027918f,0.8722395921891984f,0.3645415226132298f,0.32604841988338f,1.619972194247427f,-0.48371435287478765f,0.5445359141513773f,0.6852014762259697f,0.2345239399944898f,0f,0f,0f,1f],start_interpolation:0}
execute if entity @s[tag=aj.louvert.bone.wing_0] run data modify entity @s {} merge value {transformation:[0.8990813617267005f,-0.28471591425223386f,0.3325500761797772f,0.36035266638307795f,0.19813226651939675f,0.9420125099320198f,0.27084319466337514f,1.4802710636002072f,-0.3903796997277749f,-0.17762116794765975f,0.9033572995982045f,0.45055410034998616f,0f,0f,0f,1f],start_interpolation:0}
execute if entity @s[tag=aj.louvert.bone.wing_1] run data modify entity @s {} merge value {transformation:[0.4005981137645619f,-0.28471591425223386f,0.8708949416662086f,0.19752772878342342f,-0.05141439035697491f,0.9420125099320198f,0.3316157288124265f,1.398758958629362f,-0.914810205295336f,-0.17762116794765975f,0.3627299394651803f,0.27925373129349373f,0f,0f,0f,1f],start_interpolation:0}
execute if entity @s[tag=aj.louvert.bone.body_0] run data modify entity @s {} merge value {transformation:[0.703381463575926f,-0.28471591425223386f,0.651299750398618f,-0.017948061851082026f,0.07940314240083539f,0.9420125099320198f,0.32604841988338f,1.5045049295876314f,-0.7063636865486929f,-0.17762116794765975f,0.6852014762259697f,0.07178431096215587f,0f,0f,0f,1f],start_interpolation:0}