execute if entity @s[tag=aj.labyria.bone.wing_right_1] run data modify entity @s {} merge value {transformation:[-0.4589327627320768f,-0.1233035476200045f,0.6641697063852496f,0.31471352046455736f,-0.3044391881933043f,0.7545338985353417f,-0.07028386086225191f,1.2973745189609263f,-0.603027316485538f,-0.2870875747046949f,-0.46998215334932775f,-0.10663230552425004f,0f,0f,0f,1f],start_interpolation:0}
execute if entity @s[tag=aj.labyria.bone.wing_right_2] run data modify entity @s {} merge value {transformation:[-0.46156879455971267f,0.060448987038319885f,0.6506152225814691f,0.31471352046455736f,0.007329783439514792f,0.7969981311938015f,-0.06884949635485903f,1.2973745189609263f,-0.6533762485455247f,-0.033762387943227196f,-0.4603906808319946f,-0.10663230552425004f,0f,0f,0f,1f],start_interpolation:0}
execute if entity @s[tag=aj.labyria.bone.wing_left_1] run data modify entity @s {} merge value {transformation:[0.42817837469052195f,-0.1178807192331006f,0.6853552800737105f,0.31276141341388486f,0.01245330157720598f,0.8060188883318427f,0.13085454281977302f,1.278840978082467f,-0.6953075860161849f,-0.05815610139814691f,0.4243933000684131f,-0.18904294279276887f,0f,0f,0f,1f],start_interpolation:0}
execute if entity @s[tag=aj.labyria.bone.wing_left_2] run data modify entity @s {} merge value {transformation:[0.4317024341743449f,0.053827774348313304f,0.6713684376232266f,0.31276141341388486f,-0.29088462788429625f,0.7341355356138443f,0.1281840419459001f,1.278840978082467f,-0.6074694573297984f,-0.31328515135205637f,0.4157322123119149f,-0.18904294279276887f,0f,0f,0f,1f],start_interpolation:0}
execute if entity @s[tag=aj.labyria.bone.musket] run data modify entity @s {} merge value {transformation:[-1.6245047659782883f,-0.0547668811412455f,0.02532774504146971f,-0.3317155743247128f,-0.05777081515159666f,1.608675244444919f,-0.22689894546206696f,1.4864212295354413f,-0.017419496420533264f,-0.2276426745255347f,-1.609512974319969f,0.04766629592444063f,0f,0f,0f,1f],start_interpolation:0}
execute if entity @s[tag=aj.labyria.bone.omega_blade] run data modify entity @s {} merge value {transformation:[-0.00001793808018244223f,2.164011984474431e-8f,2.795150207714461e-7f,-0.3317155743247128f,-1.7587577585092746e-8f,0.0000177646501942507f,-0.000002504039082437346f,1.4864212295354413f,-2.797992472084991e-7f,-0.000002504007339141013f,-0.0000177624597733574f,0.04766629592444063f,0f,0f,0f,1f],start_interpolation:0}
execute if entity @s[tag=aj.labyria.bone.arm_right_2] run data modify entity @s {} merge value {transformation:[0.0021418103335310718f,-0.99473855047593f,-0.10242377090080446f,-0.3080200965006676f,0.4678097041925418f,0.09152196293206234f,-0.8790778184918263f,1.1860090667735939f,0.8838266194858476f,-0.046032016011766146f,0.4655443697330156f,-0.1451911293485817f,0f,0f,0f,1f],start_interpolation:0}
execute if entity @s[tag=aj.labyria.bone.arm_right_1] run data modify entity @s {} merge value {transformation:[-0.062084098287916875f,-0.99473855047593f,-0.08149098684407728f,-0.285199305010672f,-0.18112711839883242f,0.09152196293206234f,-0.9791918592807015f,1.2572215740686787f,0.9814981058159568f,-0.046032016011766146f,-0.18585618575011403f,-0.4967554099652529f,0f,0f,0f,1f],start_interpolation:0}
execute if entity @s[tag=aj.labyria.bone.arm_left_2] run data modify entity @s {} merge value {transformation:[0.2889576261144261f,0.9462899101998137f,0.14504790989305422f,-0.08401965780291407f,-0.5105149460386317f,0.2804822402604197f,-0.8128371317611348f,1.4411508290172466f,-0.8098629391332139f,0.16082636211928758f,0.5641426247554665f,0.5153807265684531f,0f,0f,0f,1f],start_interpolation:0}
execute if entity @s[tag=aj.labyria.bone.arm_left_1] run data modify entity @s {} merge value {transformation:[0.20058465112300505f,0.9462899101998137f,0.2535768198946631f,-0.006919932527509003f,-0.11916385529022039f,0.2804822402604197f,-0.9524335611951454f,1.395347222140068f,-0.9724020636168113f,0.16082636211928758f,0.16902398623048134f,0.14161368336574126f,0f,0f,0f,1f],start_interpolation:0}
execute if entity @s[tag=aj.labyria.bone.himo_right_2] run data modify entity @s {} merge value {transformation:[-0.023104178757623495f,0.20904598399001334f,0.9776328418693709f,-0.238512864677879f,-0.21935387268855072f,0.9530047419208707f,-0.20896372989796413f,1.1094594133508129f,-0.9753717626938306f,-0.2192754853009824f,0.023836654243995448f,-0.2547748038469959f,0f,0f,0f,1f],start_interpolation:0}
execute if entity @s[tag=aj.labyria.bone.himo_right_1] run data modify entity @s {} merge value {transformation:[-0.023104178757623495f,0.07965087437925376f,0.9965550336707731f,-0.2173498567713266f,-0.21935387268855072f,0.9721268942180022f,-0.08278393609025719f,1.291215806416124f,-0.9753717626938306f,-0.22051086084064217f,-0.004988465780987605f,-0.2961517681657475f,0f,0f,0f,1f],start_interpolation:0}
execute if entity @s[tag=aj.labyria.bone.himo_left_2] run data modify entity @s {} merge value {transformation:[-0.023104178757623495f,0.20904598399001334f,0.9776328418693709f,-0.23129280881612163f,-0.21935387268855072f,0.9530047419208707f,-0.20896372989796413f,1.178007498565985f,-0.9753717626938306f,-0.2192754853009824f,0.023836654243995448f,0.05002887199482615f,0f,0f,0f,1f],start_interpolation:0}
execute if entity @s[tag=aj.labyria.bone.himo_left_1] run data modify entity @s {} merge value {transformation:[-0.023104178757623495f,0.07965087437925376f,0.9965550336707731f,-0.21012980090956923f,-0.21935387268855072f,0.9721268942180022f,-0.08278393609025719f,1.3597638916312962f,-0.9753717626938306f,-0.22051086084064217f,-0.004988465780987605f,0.008651907676074572f,0f,0f,0f,1f],start_interpolation:0}
execute if entity @s[tag=aj.labyria.bone.ribbon_left_himo_1] run data modify entity @s {} merge value {transformation:[-0.8349742577285832f,-0.26238306387460025f,0.4837076769314073f,0.13488047593946773f,-0.3698166445644318f,0.9184722073047688f,-0.14015867369453253f,1.8487111288665958f,-0.40749679548887974f,-0.2959120345651442f,-0.8639342738112723f,-0.07953146646586556f,0f,0f,0f,1f],start_interpolation:0}
execute if entity @s[tag=aj.labyria.bone.ribbon_left_himo_2] run data modify entity @s {} merge value {transformation:[-0.8349742577285832f,-0.26238306387460025f,0.4837076769314073f,0.19912290178192027f,-0.3698166445644318f,0.9184722073047688f,-0.14015867369453253f,1.8300963050165409f,-0.40749679548887974f,-0.2959120345651442f,-0.8639342738112723f,-0.19427273720642518f,0f,0f,0f,1f],start_interpolation:0}
execute if entity @s[tag=aj.labyria.bone.ribbon_left] run data modify entity @s {} merge value {transformation:[-0.8349742577285832f,-0.26238306387460025f,0.4837076769314073f,0.138504931543878f,-0.3698166445644318f,0.9184722073047688f,-0.14015867369453253f,1.9374074300285216f,-0.40749679548887974f,-0.2959120345651442f,-0.8639342738112723f,-0.16875657451934606f,0f,0f,0f,1f],start_interpolation:0}
execute if entity @s[tag=aj.labyria.bone.ribbon_right_himo_1] run data modify entity @s {} merge value {transformation:[-0.8349742577285832f,-0.26238306387460025f,0.4837076769314073f,-0.36699123884651885f,-0.3698166445644318f,0.9184722073047688f,-0.14015867369453253f,1.6264282119430868f,-0.40749679548887974f,-0.2959120345651442f,-0.8639342738112723f,-0.3244625091044004f,0f,0f,0f,1f],start_interpolation:0}
execute if entity @s[tag=aj.labyria.bone.ribbon_right_himo_2] run data modify entity @s {} merge value {transformation:[-0.8349742577285832f,-0.26238306387460025f,0.4837076769314073f,-0.3027488130040663f,-0.3698166445644318f,0.9184722073047688f,-0.14015867369453253f,1.6078133880930319f,-0.40749679548887974f,-0.2959120345651442f,-0.8639342738112723f,-0.43920377984495995f,0f,0f,0f,1f],start_interpolation:0}
execute if entity @s[tag=aj.labyria.bone.ribbon_right] run data modify entity @s {} merge value {transformation:[-0.8349742577285832f,-0.26238306387460025f,0.4837076769314073f,-0.3624796230932719f,-0.3698166445644318f,0.9184722073047688f,-0.14015867369453253f,1.7155174432898623f,-0.40749679548887974f,-0.2959120345651442f,-0.8639342738112723f,-0.4132546518126739f,0f,0f,0f,1f],start_interpolation:0}
execute if entity @s[tag=aj.labyria.bone.crown] run data modify entity @s {} merge value {transformation:[-0.871972122917261f,-0.07544203160563809f,0.4837076769314073f,-0.05347634765572189f,-0.16225674349282504f,0.9767437204196877f,-0.14015867369453253f,2.1511453038119104f,-0.4618845808708797f,-0.20069928870805878f,-0.8639342738112723f,-0.29144317661019203f,0f,0f,0f,1f],start_interpolation:0}
execute if entity @s[tag=aj.labyria.bone.ear_edge_a1] run data modify entity @s {} merge value {transformation:[-0.865740093288441f,-0.12853394162843715f,0.4837076769314073f,-0.022285028163883266f,-0.22158287959026396f,0.9650163592710105f,-0.14015867369453253f,2.1553096928275046f,-0.4487706745604124f,-0.22852232317386703f,-0.8639342738112723f,-0.2941321190677043f,0f,0f,0f,1f],start_interpolation:0}
execute if entity @s[tag=aj.labyria.bone.ear_edge_a2] run data modify entity @s {} merge value {transformation:[-0.8349742577285832f,-0.26238306387460025f,0.4837076769314073f,-0.12110568259551449f,-0.3698166445644318f,0.9184722073047688f,-0.14015867369453253f,2.121968154180829f,-0.40749679548887974f,-0.2959120345651442f,-0.8639342738112723f,-0.3440516611667296f,0f,0f,0f,1f],start_interpolation:0}
execute if entity @s[tag=aj.labyria.bone.ear_edge_b1] run data modify entity @s {} merge value {transformation:[-0.8736481620103088f,-0.052590610318102055f,0.4837076769314073f,-0.13862265823574588f,-0.13663297227981674f,0.9806564011284341f,-0.14015867369453253f,2.1097402405954497f,-0.46697999946677793f,-0.18853978527673448f,-0.8639342738112723f,-0.35187545939828213f,0f,0f,0f,1f],start_interpolation:0}
execute if entity @s[tag=aj.labyria.bone.ear_edge_b2] run data modify entity @s {} merge value {transformation:[-0.8146373850963443f,-0.31998877180459284f,0.4837076769314073f,-0.116942849446044f,-0.4329851722187563f,0.8904377501133268f,-0.14015867369453253f,2.1296904544355755f,-0.385862373706072f,-0.32361674723676565f,-0.8639342738112723f,-0.34297374700261274f,0f,0f,0f,1f],start_interpolation:0}
execute if entity @s[tag=aj.labyria.bone.ear_right_2] run data modify entity @s {} merge value {transformation:[-0.8546651194087024f,-0.18861181549343534f,0.4837076769314073f,-0.08105856014017299f,-0.2883592531604383f,0.947208787599093f,-0.14015867369453253f,2.2428788583512307f,-0.4317365803158942f,-0.2592703140572141f,-0.8639342738112723f,-0.37741714305017166f,0f,0f,0f,1f],start_interpolation:0}
execute if entity @s[tag=aj.labyria.bone.ear_right_1] run data modify entity @s {} merge value {transformation:[-0.8546651194087024f,-0.18861181549343534f,0.4837076769314073f,-0.03862090165415011f,-0.2883592531604383f,0.947208787599093f,-0.14015867369453253f,2.0297568811414353f,-0.4317365803158942f,-0.2592703140572141f,-0.8639342738112723f,-0.3190813223872986f,0f,0f,0f,1f],start_interpolation:0}
execute if entity @s[tag=aj.labyria.bone.ear_edge_a3] run data modify entity @s {} merge value {transformation:[-0.7836485848227615f,-0.38977144428870675f,0.4837076769314073f,-0.34832289361985896f,-0.508944296398347f,0.8493122213601904f,-0.14015867369453253f,2.0109049662292477f,-0.3561889929080832f,-0.3560154095896896f,-0.8639342738112723f,-0.45325006091032805f,0f,0f,0f,1f],start_interpolation:0}
execute if entity @s[tag=aj.labyria.bone.ear_edge_a4] run data modify entity @s {} merge value {transformation:[-0.8349742577285834f,-0.2623830638746003f,0.4837076769314073f,-0.25479050831451955f,-0.36981664456443175f,0.9184722073047688f,-0.14015867369453253f,2.0627580968419665f,-0.4074967954888798f,-0.2959120345651442f,-0.8639342738112723f,-0.4092945564796674f,0f,0f,0f,1f],start_interpolation:0}
execute if entity @s[tag=aj.labyria.bone.ear_edge_b3] run data modify entity @s {} merge value {transformation:[-0.7466957456387249f,-0.45658772073135084f,0.4837076769314073f,-0.2350067083087437f,-0.581030047173378f,0.8017229137737624f,-0.14015867369453253f,2.067050989211232f,-0.32380479880126967f,-0.38570457970765426f,-0.8639342738112723f,-0.39891426469969476f,0f,0f,0f,1f],start_interpolation:0}
execute if entity @s[tag=aj.labyria.bone.ear_edge_b4] run data modify entity @s {} merge value {transformation:[-0.8512432197084876f,-0.20349905203206403f,0.4837076769314073f,-0.2619347967925467f,-0.30484640739162855f,0.9420319602267254f,-0.14015867369453253f,2.065472384285231f,-0.42714593384550037f,-0.26676566820609515f,-0.8639342738112723f,-0.4137349152284696f,0f,0f,0f,1f],start_interpolation:0}
execute if entity @s[tag=aj.labyria.bone.ear_left_2] run data modify entity @s {} merge value {transformation:[-0.8089287377759083f,-0.33415741870845383f,0.4837076769314073f,-0.32254988529569795f,-0.4484595080018947f,0.8827454989241735f,-0.14015867369453253f,2.1359204572582664f,-0.3801557139949025f,-0.33030168581346186f,-0.8639342738112723f,-0.4952734005675473f,0f,0f,0f,1f],start_interpolation:0}
execute if entity @s[tag=aj.labyria.bone.ear_left_1] run data modify entity @s {} merge value {transformation:[-0.8089287377759083f,-0.33415741870845383f,0.4837076769314073f,-0.24736446608629592f,-0.4484595080018947f,0.8827454989241735f,-0.14015867369453253f,1.9373027200003274f,-0.3801557139949025f,-0.33030168581346186f,-0.8639342738112723f,-0.4209555212595185f,0f,0f,0f,1f],start_interpolation:0}
execute if entity @s[tag=aj.labyria.bone.head] run data modify entity @s {} merge value {transformation:[-0.8349742577285832f,-0.26238306387460025f,0.4837076769314073f,-0.023637228538596802f,-0.3698166445644318f,0.9184722073047688f,-0.14015867369453253f,1.5171927528801414f,-0.40749679548887974f,-0.2959120345651442f,-0.8639342738112723f,-0.19136555805216982f,0f,0f,0f,1f],start_interpolation:0}
execute if entity @s[tag=aj.labyria.bone.back_musket] run data modify entity @s {} merge value {transformation:[0.00001624667746173698f,5.170818889846317e-7f,-2.091933002550636e-7f,0.19832444196984614f,-5.563772866884313e-7f,0.000014588116884093118f,-0.000007151430217333758f,1.4543094643041334f,-3.9747096054177276e-8f,0.000007154378810114908f,0.000014597223985136144f,-0.28388943221783675f,0f,0f,0f,1f],start_interpolation:0}
execute if entity @s[tag=aj.labyria.bone.body_1] run data modify entity @s {} merge value {transformation:[-0.023104178757623495f,-0.05110708377552928f,0.9984258925488143f,-0.004472072122773324f,-0.21935387268855072f,0.9746156858305695f,0.04481231381599726f,1.1517118706936778f,-0.9753717626938306f,-0.21797323441415772f,-0.03372823177339396f,-0.10962559514686067f,0f,0f,0f,1f],start_interpolation:0}
execute if entity @s[tag=aj.labyria.bone.belt2] run data modify entity @s {} merge value {transformation:[-0.12503452946795257f,0.42073962314999047f,0.8985235311066325f,-0.2885620847103318f,-0.0562605721258905f,0.9011666513774427f,-0.4298062522453975f,0.4786121894378713f,-0.9905559623084376f,-0.10429207044052193f,-0.08900589631273909f,0.2997677145002412f,0f,0f,0f,1f],start_interpolation:0}
execute if entity @s[tag=aj.labyria.bone.leg_left_2] run data modify entity @s {} merge value {transformation:[-0.4999999999999999f,0.2983846685039152f,0.8129985175889367f,-0.16021882491547396f,0f,0.9387698259614786f,-0.34454493736558534f,0.5361482895144974f,-0.8660254037844385f,-0.1722724686827926f,-0.4693849129807393f,0.14628303689543246f,0f,0f,0f,1f],start_interpolation:0}
execute if entity @s[tag=aj.labyria.bone.leg_left_1] run data modify entity @s {} merge value {transformation:[-0.4999999999999999f,0.46727684572537675f,0.7291449440604676f,0.01793047251732592f,0f,0.8419440594631312f,-0.5395648253312509f,0.8571394621848162f,-0.8660254037844385f,-0.2697824126656254f,-0.4209720297315656f,0.04342849206666277f,0f,0f,0f,1f],start_interpolation:0}
execute if entity @s[tag=aj.labyria.bone.belt] run data modify entity @s {} merge value {transformation:[-0.5368321339890986f,0.7981754796661508f,-0.2733626960220079f,-0.3096673520806219f,0.3809155259916941f,-0.059807434256862545f,-0.9226735245286288f,1.0243518140432355f,-0.7528045044865108f,-0.5994488922896776f,-0.27193088011018024f,-0.13549361232416257f,0f,0f,0f,1f],start_interpolation:0}
execute if entity @s[tag=aj.labyria.bone.leg_right_2] run data modify entity @s {} merge value {transformation:[-0.4999999999999999f,-0.34807606139301517f,0.792996251873315f,-0.3396907324160845f,0f,0.9156731989708454f,0.40192361548744404f,0.7923325971837812f,-0.8660254037844385f,0.20096180774372208f,-0.4578365994854227f,-0.03877394359192726f,0f,0f,0f,1f],start_interpolation:0}
execute if entity @s[tag=aj.labyria.bone.leg_right_1] run data modify entity @s {} merge value {transformation:[-0.4999999999999999f,0.8658359483619216f,0.018113821358617332f,-0.06140889451094503f,0f,0.020916039274901044f,-0.9997812357216207f,0.8729218488988264f,-0.8660254037844385f,-0.49989061786081035f,-0.010458019637450577f,-0.19944003761704332f,0f,0f,0f,1f],start_interpolation:0}
execute if entity @s[tag=aj.labyria.bone.skirt_forward_right] run data modify entity @s {} merge value {transformation:[-0.46208662537114226f,0.455182326436284f,0.7611077455611405f,-0.020245315552458006f,0.0765969573011373f,0.8755072281843765f,-0.4770953778115206f,1.0739263290712566f,-0.8835207166701395f,-0.16216085562478416f,-0.43942576178203363f,-0.07886827371212776f,0f,0f,0f,1f],start_interpolation:0}
execute if entity @s[tag=aj.labyria.bone.skirt_forward_left] run data modify entity @s {} merge value {transformation:[-0.5341080727206031f,0.36802658368862584f,0.7611077455611405f,-0.020245315552458006f,-0.0765969573011373f,0.8755072281843765f,-0.4770953778115206f,1.0739263290712566f,-0.841939114655502f,-0.31311903023513077f,-0.43942576178203363f,-0.07886827371212776f,0f,0f,0f,1f],start_interpolation:0}
execute if entity @s[tag=aj.labyria.bone.skirt_forward] run data modify entity @s {} merge value {transformation:[-0.4999999999999999f,0.4131767172129115f,0.7611077455611405f,-0.020245315552458006f,0f,0.8788515235640673f,-0.4770953778115206f,1.0739263290712566f,-0.8660254037844385f,-0.23854768890576025f,-0.43942576178203363f,-0.07886827371212776f,0f,0f,0f,1f],start_interpolation:0}
execute if entity @s[tag=aj.labyria.bone.skirt_back_right] run data modify entity @s {} merge value {transformation:[-0.4843477304193551f,0.20073673141794646f,0.8515351083174779f,-0.020245315552458006f,0.08569745704548687f,0.9795264162435584f,-0.18216461164833353f,1.0739263290712566f,-0.8706682616780954f,-0.015256622846832477f,-0.491634024011513f,-0.07886827371212776f,0f,0f,0f,1f],start_interpolation:0}
execute if entity @s[tag=aj.labyria.bone.skirt_back_left] run data modify entity @s {} merge value {transformation:[-0.5118469676723902f,0.11358098867028828f,0.8515351083174779f,-0.020245315552458006f,-0.08569745704548687f,0.9795264162435584f,-0.18216461164833353f,1.0739263290712566f,-0.8547915696475461f,-0.1662147974571791f,-0.491634024011513f,-0.07886827371212776f,0f,0f,0f,1f],start_interpolation:0}
execute if entity @s[tag=aj.labyria.bone.skirt_back] run data modify entity @s {} merge value {transformation:[-0.4999999999999999f,0.15775918135798356f,0.8515351083174779f,-0.020245315552458006f,0f,0.983268048023026f,-0.18216461164833353f,1.0739263290712566f,-0.8660254037844385f,-0.09108230582416671f,-0.491634024011513f,-0.07886827371212776f,0f,0f,0f,1f],start_interpolation:0}
execute if entity @s[tag=aj.labyria.bone.skirt_right] run data modify entity @s {} merge value {transformation:[-0.4779316860271847f,0.27407245439729255f,0.8345451415183341f,-0.11133593968032712f,0.08398760746236077f,0.9599827460785725f,-0.26716887734949857f,1.098017572176582f,-0.8743725666350475f,-0.05759702225017378f,-0.48182486210650455f,-0.2500003066622315f,0f,0f,0f,1f],start_interpolation:0}
execute if entity @s[tag=aj.labyria.bone.skirt_left] run data modify entity @s {} merge value {transformation:[-0.5182630120645606f,0.18691671164963441f,0.8345451415183341f,0.08241406031967283f,-0.08398760746236077f,0.9599827460785725f,-0.26716887734949857f,1.098017572176582f,-0.851087264690594f,-0.20855519686052043f,-0.48182486210650455f,0.08558453730423846f,0f,0f,0f,1f],start_interpolation:0}
execute if entity @s[tag=aj.labyria.bone.coat_downer] run data modify entity @s {} merge value {transformation:[-0.4999999999999999f,0.2603592928800342f,0.8259618868997579f,-0.05314395332520234f,0f,0.953738635483893f,-0.30063701566061657f,0.9369073839097193f,-0.8660254037844385f,-0.15031850783030823f,-0.4768693177419465f,-0.05987423633806184f,0f,0f,0f,1f],start_interpolation:0}
execute if entity @s[tag=aj.labyria.bone.body_2] run data modify entity @s {} merge value {transformation:[-0.4999999999999999f,0.2313750348852347f,0.8345451415183341f,1.1090023253924076e-17f,0f,0.9636497242130091f,-0.26716887734949857f,1.1582456799398948f,-0.8660254037844385f,-0.13358443867474923f,-0.48182486210650455f,-0.09055691209616831f,0f,0f,0f,1f],start_interpolation:0}
execute if entity @s[tag=aj.labyria.bone.sphere] run data modify entity @s {} merge value {transformation:[-0.9999999999999999f,0f,1.1102230246251565e-16f,0.6617140612523736f,0f,1f,0f,2.2332456799398948f,-1.1102230246251565e-16f,0f,-0.9999999999999999f,-0.5860192829340359f,0f,0f,0f,1f],start_interpolation:0}