execute if entity @s[tag=aj.frestchika_v2.bone.hair] run data modify entity @s {} merge value {transformation:[-0.9945123672180357f,-0.004584148719569296f,0.10451859657924845f,0.028493351008748422f,-0.004156961528905861f,0.9999820946276574f,0.004304659676443212f,1.578726257636042f,-0.1045364583350038f,0.0038465574998523956f,-0.9945136162336714f,-0.27894966355793666f,0f,0f,0f,1f],start_interpolation:0}
execute if entity @s[tag=aj.frestchika_v2.bone.side_hair_2] run data modify entity @s {} merge value {transformation:[-0.9945123672180357f,-0.004584148719569296f,0.10451859657924845f,0.4818976752282111f,-0.004156961528905861f,0.9999820946276574f,0.004304659676443212f,1.9095026634693926f,-0.1045364583350038f,0.0038465574998523956f,-0.9945136162336714f,0.05670492986098088f,0f,0f,0f,1f],start_interpolation:0}
execute if entity @s[tag=aj.frestchika_v2.bone.side_hair_1] run data modify entity @s {} merge value {transformation:[-0.9945123672180357f,-0.004584148719569296f,0.10451859657924845f,0.3227214524019837f,-0.004156961528905861f,0.9999820946276574f,0.004304659676443212f,2.296122809284186f,-0.1045364583350038f,0.0038465574998523956f,-0.9945136162336714f,0.04164972395691662f,0f,0f,0f,1f],start_interpolation:0}
execute if entity @s[tag=aj.frestchika_v2.bone.head] run data modify entity @s {} merge value {transformation:[-0.9945123672180357f,-0.004584148719569296f,0.10451859657924845f,-0.001719055769838486f,-0.004156961528905861f,0.9999820946276574f,0.004304659676443212f,1.7556373827075937f,-0.1045364583350038f,0.0038465574998523956f,-0.9945136162336714f,0.0014424590624446483f,0f,0f,0f,1f],start_interpolation:0}
execute if entity @s[tag=aj.frestchika_v2.bone.group] run data modify entity @s {} merge value {transformation:[-0.000008928052135943938f,-0.0000012330000192309934f,0.00000433238918039957f,-0.7703316978462014f,-9.54659350710298e-7f,0.000009917522836289191f,8.551995765806866e-7f,1.6534919277929203f,-0.0000044021029726675254f,3.499310564364981e-7f,-0.000008972125593958934f,-0.5546320034152471f,0f,0f,0f,1f],start_interpolation:0}
execute if entity @s[tag=aj.frestchika_v2.bone.group2] run data modify entity @s {} merge value {transformation:[-0.000008928052135943938f,-0.0000012330000192309934f,0.00000433238918039957f,-0.7703316978462014f,-9.54659350710298e-7f,0.000009917522836289191f,8.551995765806866e-7f,1.6534919277929203f,-0.0000044021029726675254f,3.499310564364981e-7f,-0.000008972125593958934f,-0.5546320034152471f,0f,0f,0f,1f],start_interpolation:0}
execute if entity @s[tag=aj.frestchika_v2.bone.group3] run data modify entity @s {} merge value {transformation:[-0.000008928052135943938f,-0.0000012330000192309934f,0.00000433238918039957f,-0.7703316978462014f,-9.54659350710298e-7f,0.000009917522836289191f,8.551995765806866e-7f,1.6534919277929203f,-0.0000044021029726675254f,3.499310564364981e-7f,-0.000008972125593958934f,-0.5546320034152471f,0f,0f,0f,1f],start_interpolation:0}
execute if entity @s[tag=aj.frestchika_v2.locator_origin.muzzle] at @s on origin run tp @s ^-0.77034 ^1.6535 ^-0.55464 ~25.7746 ~4.90593
execute if entity @s[tag=aj.frestchika_v2.bone.gun] run data modify entity @s {} merge value {transformation:[-0.000008928052135943938f,-0.0000012330000192309934f,0.00000433238918039957f,-0.7703303167287205f,-9.54659350710298e-7f,0.000009917522836289191f,8.551995765806866e-7f,1.6534941434535966f,-0.0000044021029726675254f,3.499310564364981e-7f,-0.000008972125593958934f,-0.554636349835623f,0f,0f,0f,1f],start_interpolation:0}
execute if entity @s[tag=aj.frestchika_v2.bone.sword] run data modify entity @s {} merge value {transformation:[-0.9148276756906567f,0.14527031244376618f,-0.4995113334178924f,-0.4938829288031379f,0.3183821720923718f,-0.6428007926537851f,-0.7700419764905082f,1.4950993153883223f,-0.41139740930658947f,-0.820504960000947f,0.5148286067514803f,-0.5917163837378208f,0f,0f,0f,1f],start_interpolation:0}
execute if entity @s[tag=aj.frestchika_v2.bone.arm_right_1] run data modify entity @s {} merge value {transformation:[-0.8928052135943937f,-0.12330000192309933f,0.433238918039957f,-0.46966908939522295f,-0.09546593507102978f,0.991752283628919f,0.08551995765806866f,1.6876053032122482f,-0.44021029726675254f,0.034993105643649804f,-0.8972125593958933f,-0.4619321975210804f,0f,0f,0f,1f],start_interpolation:0}
execute if entity @s[tag=aj.frestchika_v2.bone.arm_right_0] run data modify entity @s {} merge value {transformation:[-0.7675945037514068f,-0.12330000192309933f,0.628964058859006f,-0.15993870904072738f,-0.07296365630788629f,0.991752283628919f,0.10537415610579559f,1.7165935353722763f,-0.6367691753444225f,0.034993105643649804f,-0.7702600209595435f,-0.192147310566025f,0f,0f,0f,1f],start_interpolation:0}
execute if entity @s[tag=aj.frestchika_v2.bone.arm_left_1] run data modify entity @s {} merge value {transformation:[0.06804049323508132f,0.6196986880206387f,0.7818849195027526f,0.34820288408737365f,0.9227915699179291f,0.2588144108511488f,-0.28543093599709296f,1.431038936634554f,-0.3792442613524042f,0.7409376740328919f,-0.5542428650239869f,0.21876920756946192f,0f,0f,0f,1f],start_interpolation:0}
execute if entity @s[tag=aj.frestchika_v2.bone.arm_left_0] run data modify entity @s {} merge value {transformation:[-0.38249764529197605f,0.6196986880206387f,0.6853240747351524f,0.15898500938417062f,0.9239521239210728f,0.2588144108511488f,0.28165151062529603f,1.7540749106847382f,-0.00283267503116022f,0.7409376740328919f,-0.6715678217059659f,0.19294755959609566f,0f,0f,0f,1f],start_interpolation:0}
execute if entity @s[tag=aj.frestchika_v2.bone.right_wing_0] run data modify entity @s {} merge value {transformation:[-0.000006427876096865392f,-4.5841487195692966e-8f,0.000007660307268079932f,0.3012162511514751f,0f,0.000009999820946276576f,5.98418115390899e-8f,1.4189220838196177f,-0.000007660444431189781f,3.846557499852396e-8f,-0.000006427761003350507f,-0.5148060633019256f,0f,0f,0f,1f],start_interpolation:0}
execute if entity @s[tag=aj.frestchika_v2.bone.right_wing_1] run data modify entity @s {} merge value {transformation:[-0.000006427876096865392f,-4.5841487195692966e-8f,0.000007660307268079932f,0.0999191847966813f,0f,0.000009999820946276576f,5.98418115390899e-8f,2.196604987687342f,-0.000007660444431189781f,3.846557499852396e-8f,-0.000006427761003350507f,0.17626514656636175f,0f,0f,0f,1f],start_interpolation:0}
execute if entity @s[tag=aj.frestchika_v2.bone.right_wing_2] run data modify entity @s {} merge value {transformation:[-0.000006427876096865392f,-4.5841487195692966e-8f,0.000007660307268079932f,0.1040225601457141f,0f,0.000009999820946276576f,5.98418115390899e-8f,2.1778553234130733f,-0.000007660444431189781f,3.846557499852396e-8f,-0.000006427761003350507f,0.18098080138273312f,0f,0f,0f,1f],start_interpolation:0}
execute if entity @s[tag=aj.frestchika_v2.bone.left_wing_0] run data modify entity @s {} merge value {transformation:[-0.000006427876096865392f,-4.5841487195692966e-8f,0.000007660307268079932f,0.3012162511514751f,0f,0.000009999820946276576f,5.98418115390899e-8f,1.4189220838196177f,-0.000007660444431189781f,3.846557499852396e-8f,-0.000006427761003350507f,-0.5148060633019256f,0f,0f,0f,1f],start_interpolation:0}
execute if entity @s[tag=aj.frestchika_v2.bone.left_wing_1] run data modify entity @s {} merge value {transformation:[-0.000006427876096865392f,-4.5841487195692966e-8f,0.000007660307268079932f,0.0999191847966813f,0f,0.000009999820946276576f,5.98418115390899e-8f,2.196604987687342f,-0.000007660444431189781f,3.846557499852396e-8f,-0.000006427761003350507f,0.17626514656636175f,0f,0f,0f,1f],start_interpolation:0}
execute if entity @s[tag=aj.frestchika_v2.bone.left_wing_2] run data modify entity @s {} merge value {transformation:[-0.000006427876096865392f,-4.5841487195692966e-8f,0.000007660307268079932f,0.1040225601457141f,0f,0.000009999820946276576f,5.98418115390899e-8f,2.1778553234130733f,-0.000007660444431189781f,3.846557499852396e-8f,-0.000006427761003350507f,0.18098080138273312f,0f,0f,0f,1f],start_interpolation:0}
execute if entity @s[tag=aj.frestchika_v2.bone.leg_right_1] run data modify entity @s {} merge value {transformation:[-0.46176019953481756f,-0.36199612146682314f,0.8097754788634578f,-0.331936661927522f,0.012979459758790116f,0.910077158244214f,0.4142355606010976f,0.789477114882627f,-0.8869098329311358f,0.20178794335914313f,-0.4155388960915114f,0.023229093219638952f,0f,0f,0f,1f],start_interpolation:0}
execute if entity @s[tag=aj.frestchika_v2.bone.leg_right_0] run data modify entity @s {} merge value {transformation:[-0.46176019953481756f,0.556527743676856f,0.6906912397327138f,-0.10542925993607227f,0.012979459758790116f,0.7828341940064325f,-0.6220949753202232f,1.0108202516015492f,-0.8869098329311358f,-0.27829390078161415f,-0.36870510308079246f,-0.09146034309835413f,0f,0f,0f,1f],start_interpolation:0}
execute if entity @s[tag=aj.frestchika_v2.bone.leg_left_1] run data modify entity @s {} merge value {transformation:[-0.46176019953481756f,0.04272352127627657f,0.8859752924632385f,-0.014949203177200724f,0.012979459758790116f,0.9990578525378444f,-0.04141184500648034f,0.6334825629298944f,-0.8869098329311358f,-0.007622861157488402f,-0.4618796815598607f,0.13778761880500676f,0f,0f,0f,1f],start_interpolation:0}
execute if entity @s[tag=aj.frestchika_v2.bone.leg_left_0] run data modify entity @s {} merge value {transformation:[-0.46176019953481756f,0.06655998166622093f,0.8845039779255703f,0.010010789947632125f,0.012979459758790116f,0.997580863285219f,-0.06829315362089532f,1.0075753866618515f,-0.8869098329311358f,-0.020054676454871863f,-0.46150705108628093f,0.13026711513442982f,0f,0f,0f,1f],start_interpolation:0}
execute if entity @s[tag=aj.frestchika_v2.bone.body_0] run data modify entity @s {} merge value {transformation:[-0.46176019953481756f,0.12722462665125353f,0.8778333626030709f,0f,0.012979459758790116f,0.9905234082413916f,-0.1367293360995634f,1.3806440972222223f,-0.8869098329311358f,-0.05174236271476758f,-0.4590355935553997f,0f,0f,0f,0f,1f],start_interpolation:0}
execute if entity @s[tag=aj.frestchika_v2.bone.body_1] run data modify entity @s {} merge value {transformation:[-0.6427876096865391f,-0.004584148719569296f,0.7660307268079931f,0f,0f,0.9999820946276574f,0.00598418115390899f,1.3806440972222223f,-0.7660444431189781f,0.0038465574998523956f,-0.6427761003350506f,0f,0f,0f,0f,1f],start_interpolation:0}