execute if entity @s[tag=aj.frestchika_v2.bone.hair] run data modify entity @s {} merge value {transformation:[-0.994520186949431f,-0.0019411235218074823f,0.10452669414815396f,0.029015974035812454f,-0.0017602342979322237f,0.9999967895263273f,0.0018227759748826785f,1.6013036903475981f,-0.10452989680127417f,0.001628796031218201f,-0.9945204109007535f,-0.2793881963471908f,0f,0f,0f,1f],start_interpolation:0}
execute if entity @s[tag=aj.frestchika_v2.bone.side_hair_2] run data modify entity @s {} merge value {transformation:[-0.994520186949431f,-0.0019411235218074823f,0.10452669414815396f,0.48329395533814845f,-0.0017602342979322237f,0.9999967895263273f,0.0018227759748826785f,1.9316241666846015f,-0.10452989680127417f,0.001628796031218201f,-0.9945204109007535f,0.05553331173571239f,0f,0f,0f,1f],start_interpolation:0}
execute if entity @s[tag=aj.frestchika_v2.bone.side_hair_1] run data modify entity @s {} merge value {transformation:[-0.994520186949431f,-0.0019411235218074823f,0.10452669414815396f,0.32514009890163564f,-0.0017602342979322237f,0.9999967895263273f,0.0018227759748826785f,2.3186293321341176f,-0.10452989680127417f,0.001628796031218201f,-0.9945204109007535f,0.03962023857111057f,0f,0f,0f,1f],start_interpolation:0}
execute if entity @s[tag=aj.frestchika_v2.bone.head] run data modify entity @s {} merge value {transformation:[-0.994520186949431f,-0.0019411235218074823f,0.10452669414815396f,-0.0007279213206778059f,-0.0017602342979322237f,0.9999967895263273f,0.0018227759748826785f,1.7789154627390396f,-0.10452989680127417f,0.001628796031218201f,-0.9945204109007535f,0.0006107985117068254f,0f,0f,0f,1f],start_interpolation:0}
execute if entity @s[tag=aj.frestchika_v2.bone.group] run data modify entity @s {} merge value {transformation:[-0.000009262576450013829f,-0.000001186413571311016f,0.000003577303502005144f,-0.788127623760509f,-0.0000010495447789893176f,0.000009928126404939886f,5.751189828476425e-7f,1.6698740510624224f,-0.000003619825032311023f,1.5725433330907785e-7f,-0.000009320522400064818f,-0.5098783760356351f,0f,0f,0f,1f],start_interpolation:0}
execute if entity @s[tag=aj.frestchika_v2.bone.group2] run data modify entity @s {} merge value {transformation:[-0.000009262576450013829f,-0.000001186413571311016f,0.000003577303502005144f,-0.788127623760509f,-0.0000010495447789893176f,0.000009928126404939886f,5.751189828476425e-7f,1.6698740510624224f,-0.000003619825032311023f,1.5725433330907785e-7f,-0.000009320522400064818f,-0.5098783760356351f,0f,0f,0f,1f],start_interpolation:0}
execute if entity @s[tag=aj.frestchika_v2.bone.group3] run data modify entity @s {} merge value {transformation:[-0.000009262576450013829f,-0.000001186413571311016f,0.000003577303502005144f,-0.788127623760509f,-0.0000010495447789893176f,0.000009928126404939886f,5.751189828476425e-7f,1.6698740510624224f,-0.000003619825032311023f,1.5725433330907785e-7f,-0.000009320522400064818f,-0.5098783760356351f,0f,0f,0f,1f],start_interpolation:0}
execute if entity @s[tag=aj.frestchika_v2.locator_origin.muzzle] at @s on origin run tp @s ^-0.78814 ^1.66988 ^-0.50988 ~20.99727 ~3.29701
execute if entity @s[tag=aj.frestchika_v2.bone.gun] run data modify entity @s {} merge value {transformation:[-0.000009262576450013829f,-0.000001186413571311016f,0.000003577303502005144f,-0.7881266035353082f,-0.0000010495447789893176f,0.000009928126404939886f,5.751189828476425e-7f,1.669876132975735f,-0.000003619825032311023f,1.5725433330907785e-7f,-0.000009320522400064818f,-0.5098828852246211f,0f,0f,0f,1f],start_interpolation:0}
execute if entity @s[tag=aj.frestchika_v2.bone.sword] run data modify entity @s {} merge value {transformation:[-0.9234757092719792f,-0.01014952017878282f,0.5045932160906994f,-0.5264514715411548f,0.38105854545578327f,0.675884175513393f,0.7109850056968173f,1.6699965100785836f,-0.3309255375756571f,0.8065992069365808f,-0.5894155749974215f,-0.37097644503307037f,0f,0f,0f,1f],start_interpolation:0}
execute if entity @s[tag=aj.frestchika_v2.bone.arm_right_1] run data modify entity @s {} merge value {transformation:[-0.9262576450013827f,-0.1186413571311016f,0.35773035020051436f,-0.4807869864375215f,-0.10495447789893175f,0.9928126404939884f,0.057511898284764246f,1.7055520398926929f,-0.36198250323110226f,0.015725433330907784f,-0.9320522400064817f,-0.4433667659304098f,0f,0f,0f,1f],start_interpolation:0}
execute if entity @s[tag=aj.frestchika_v2.bone.arm_right_0] run data modify entity @s {} merge value {transformation:[-0.8001583736334987f,-0.1186413571311016f,0.587937756469411f,-0.16037584156612186f,-0.08621756866508876f,0.9928126404939884f,0.08300356455499444f,1.7398563072117994f,-0.5935596919920312f,0.015725433330907784f,-0.8046363170954193f,-0.1917805128251909f,0f,0f,0f,1f],start_interpolation:0}
execute if entity @s[tag=aj.frestchika_v2.bone.arm_left_1] run data modify entity @s {} merge value {transformation:[0.039888172586674764f,0.6203827532785052f,0.7832842224392604f,0.3702464186144463f,0.9323475128245357f,0.25881821417079043f,-0.25247029002111404f,1.472658486668942f,-0.3593564372842069f,0.7403636751273149f,-0.5680885314230323f,0.20458202933221348f,0f,0f,0f,1f],start_interpolation:0}
execute if entity @s[tag=aj.frestchika_v2.bone.arm_left_0] run data modify entity @s {} merge value {transformation:[-0.43017388009571866f,0.6203827532785052f,0.6558015494934237f,0.1599720141064598f,0.9016100499336804f,0.25881821417079043f,0.34657243091744816f,1.7773529677554047f,0.04527417301266584f,0.7403636751273149f,-0.6706801605907207f,0.19211936429765258f,0f,0f,0f,1f],start_interpolation:0}
execute if entity @s[tag=aj.frestchika_v2.bone.right_wing_0] run data modify entity @s {} merge value {transformation:[-0.000006427876096865392f,-1.9411235218074826e-8f,0.000007660419837534614f,0.30131486067627145f,1.0842021724855045e-24f,0.000009999967895263273f,2.5339567948618318e-8f,1.4402565715430784f,-0.000007660444431189781f,1.628796031218201e-8f,-0.000006427855460338411f,-0.5148888065178125f,0f,0f,0f,1f],start_interpolation:0}
execute if entity @s[tag=aj.frestchika_v2.bone.right_wing_1] run data modify entity @s {} merge value {transformation:[-0.000006427876096865392f,-1.9411235218074826e-8f,0.000007660419837534614f,0.10207597394585727f,1.0842021724855045e-24f,0.000009999967895263273f,2.5339567948618318e-8f,2.2199995265135724f,-0.000007660444431189781f,1.628796031218201e-8f,-0.000006427855460338411f,0.17445538558676105f,0f,0f,0f,1f],start_interpolation:0}
execute if entity @s[tag=aj.frestchika_v2.bone.right_wing_2] run data modify entity @s {} merge value {transformation:[-0.000006427876096865392f,-1.9411235218074826e-8f,0.000007660419837534614f,0.10612979257243205f,1.0842021724855045e-24f,0.000009999967895263273f,2.5339567948618318e-8f,2.2012495867099537f,-0.000007660444431189781f,1.628796031218201e-8f,-0.000006427855460338411f,0.1792126234306693f,0f,0f,0f,1f],start_interpolation:0}
execute if entity @s[tag=aj.frestchika_v2.bone.left_wing_0] run data modify entity @s {} merge value {transformation:[-0.000006427876096865392f,-1.9411235218074826e-8f,0.000007660419837534614f,0.30131486067627145f,1.0842021724855045e-24f,0.000009999967895263273f,2.5339567948618318e-8f,1.4402565715430784f,-0.000007660444431189781f,1.628796031218201e-8f,-0.000006427855460338411f,-0.5148888065178125f,0f,0f,0f,1f],start_interpolation:0}
execute if entity @s[tag=aj.frestchika_v2.bone.left_wing_1] run data modify entity @s {} merge value {transformation:[-0.000006427876096865392f,-1.9411235218074826e-8f,0.000007660419837534614f,0.10207597394585727f,1.0842021724855045e-24f,0.000009999967895263273f,2.5339567948618318e-8f,2.2199995265135724f,-0.000007660444431189781f,1.628796031218201e-8f,-0.000006427855460338411f,0.17445538558676105f,0f,0f,0f,1f],start_interpolation:0}
execute if entity @s[tag=aj.frestchika_v2.bone.left_wing_2] run data modify entity @s {} merge value {transformation:[-0.000006427876096865392f,-1.9411235218074826e-8f,0.000007660419837534614f,0.10612979257243205f,1.0842021724855045e-24f,0.000009999967895263273f,2.5339567948618318e-8f,2.2012495867099537f,-0.000007660444431189781f,1.628796031218201e-8f,-0.000006427855460338411f,0.1792126234306693f,0f,0f,0f,1f],start_interpolation:0}
execute if entity @s[tag=aj.frestchika_v2.bone.leg_right_1] run data modify entity @s {} merge value {transformation:[-0.4617506908372214f,-0.3490271244137859f,0.8154546988857152f,-0.3448753138947499f,0.005496200663083513f,0.9181865489595946f,0.39611015272010025f,0.8232586270605083f,-0.8869927233577622f,0.1873860393228738f,-0.42205495018689987f,0.03501156269212191f,0f,0f,0f,1f],start_interpolation:0}
execute if entity @s[tag=aj.frestchika_v2.bone.leg_right_0] run data modify entity @s {} merge value {transformation:[-0.4617506908372214f,0.578797029067385f,0.6721460396774778f,-0.11122929000829329f,0.005496200663083513f,0.7596186674735993f,-0.6503455018710476f,1.0343224295277804f,-0.8869927233577622f,-0.29660323526287136f,-0.353935629093735f,-0.08531204438985016f,0f,0f,0f,1f],start_interpolation:0}
execute if entity @s[tag=aj.frestchika_v2.bone.leg_left_1] run data modify entity @s {} merge value {transformation:[-0.4617506908372214f,0.05376834654646068f,0.8853785994821697f,-0.0397139773730317f,0.005496200663083513f,0.9983153404657507f,-0.057760477569213514f,0.6610975038505941f,-0.8869927233577622f,-0.02180472197511831f,-0.46126831975539784f,0.1569970864986484f,0f,0f,0f,1f],start_interpolation:0}
execute if entity @s[tag=aj.frestchika_v2.bone.leg_left_0] run data modify entity @s {} merge value {transformation:[-0.4617506908372214f,0.11712629353078337f,0.8792427030547876f,0.0042083827010120645f,0.005496200663083513f,0.9916023346971079f,-0.12920759111412924f,1.0329483793620096f,-0.8869927233577622f,-0.054829200130821334f,-0.4585168126943596f,0.1364361364495904f,0f,0f,0f,1f],start_interpolation:0}
execute if entity @s[tag=aj.frestchika_v2.bone.body_0] run data modify entity @s {} merge value {transformation:[-0.4617506908372214f,0.14269454307637497f,0.8754567761389327f,0f,0.005496200663083513f,0.9874166992580576f,-0.15804446780761972f,1.4039166666666667f,-0.8869927233577622f,-0.06816545607965364f,-0.45672462086889176f,0f,0f,0f,0f,1f],start_interpolation:0}
execute if entity @s[tag=aj.frestchika_v2.bone.body_1] run data modify entity @s {} merge value {transformation:[-0.6427876096865391f,-0.0019411235218074823f,0.7660419837534613f,0f,1.0842021724855044e-19f,0.9999967895263273f,0.0025339567948618317f,1.4039166666666667f,-0.7660444431189781f,0.001628796031218201f,-0.6427855460338411f,0f,0f,0f,0f,1f],start_interpolation:0}