execute if entity @s[tag=aj.frestchika_v2.bone.hair] run data modify entity @s {} merge value {transformation:[-0.9945191158976929f,-0.0024759211983253868f,0.10452558504161125f,0.028910373807032853f,-0.0022451953022606438f,0.9999947767977605f,0.0023249677958710776f,1.4579445355413145f,-0.10453079552039257f,0.0020775445643388406f,-0.9945194802498627f,-0.2792995872341697f,0f,0f,0f,1f],start_interpolation:0}
execute if entity @s[tag=aj.frestchika_v2.bone.side_hair_2] run data modify entity @s {} merge value {transformation:[-0.9945191158976929f,-0.0024759211983253868f,0.10452558504161125f,0.4830116749876666f,-0.0022451953022606438f,0.9999947767977605f,0.0023249677958710776f,1.7883575830340626f,-0.10453079552039257f,0.0020775445643388406f,-0.9945194802498627f,0.05577017307369022f,0f,0f,0f,1f],start_interpolation:0}
execute if entity @s[tag=aj.frestchika_v2.bone.side_hair_1] run data modify entity @s {} merge value {transformation:[-0.9945191158976929f,-0.0024759211983253868f,0.10452558504161125f,0.3246508689476928f,-0.0022451953022606438f,0.9999947767977605f,0.0023249677958710776f,2.1752852145089414f,-0.10453079552039257f,0.0020775445643388406f,-0.9945194802498627f,0.04003075124502486f,0f,0f,0f,1f],start_interpolation:0}
execute if entity @s[tag=aj.frestchika_v2.bone.head] run data modify entity @s {} merge value {transformation:[-0.9945191158976929f,-0.0024759211983253868f,0.10452558504161125f,-0.0009284704493720201f,-0.0022451953022606438f,0.9999947767977605f,0.0023249677958710776f,1.635414707965827f,-0.10453079552039257f,0.0020775445643388406f,-0.9945194802498627f,0.0007790792116270653f,0f,0f,0f,1f],start_interpolation:0}
execute if entity @s[tag=aj.frestchika_v2.bone.group] run data modify entity @s {} merge value {transformation:[-0.00000949399822871592f,-0.000001607187967607852f,0.0000026983225288900394f,-0.8025369733556162f,-0.0000017019795227310542f,0.000009853374696669874f,-1.1946878768140205e-7f,1.4765515607487867f,-0.0000026395574131553125f,-5.72672614852879e-7f,-0.000009628332292710636f,-0.4507055186694323f,0f,0f,0f,1f],start_interpolation:0}
execute if entity @s[tag=aj.frestchika_v2.bone.group2] run data modify entity @s {} merge value {transformation:[-0.00000949399822871592f,-0.000001607187967607852f,0.0000026983225288900394f,-0.8025369733556162f,-0.0000017019795227310542f,0.000009853374696669874f,-1.1946878768140205e-7f,1.4765515607487867f,-0.0000026395574131553125f,-5.72672614852879e-7f,-0.000009628332292710636f,-0.4507055186694323f,0f,0f,0f,1f],start_interpolation:0}
execute if entity @s[tag=aj.frestchika_v2.bone.group3] run data modify entity @s {} merge value {transformation:[-0.00000949399822871592f,-0.000001607187967607852f,0.0000026983225288900394f,-0.8025369733556162f,-0.0000017019795227310542f,0.000009853374696669874f,-1.1946878768140205e-7f,1.4765515607487867f,-0.0000026395574131553125f,-5.72672614852879e-7f,-0.000009628332292710636f,-0.4507055186694323f,0f,0f,0f,1f],start_interpolation:0}
execute if entity @s[tag=aj.frestchika_v2.locator_origin.muzzle] at @s on origin run tp @s ^-0.80255 ^1.47655 ^-0.45071 ~15.65543 ~-0.68452
execute if entity @s[tag=aj.frestchika_v2.bone.gun] run data modify entity @s {} merge value {transformation:[-0.00000949399822871592f,-0.000001607187967607852f,0.0000026983225288900394f,-0.8025364548958417f,-0.0000017019795227310542f,0.000009853374696669874f,-1.1946878768140205e-7f,1.476553272475258f,-0.0000026395574131553125f,-5.72672614852879e-7f,-0.000009628332292710636f,-0.45071026305556355f,0f,0f,0f,1f],start_interpolation:0}
execute if entity @s[tag=aj.frestchika_v2.bone.sword] run data modify entity @s {} merge value {transformation:[-0.9498490788967916f,-0.3136620769481738f,0.3269977689579465f,-0.577752980589536f,0.3633618361504755f,-0.07354924297686793f,0.9849281176750336f,1.38562933782301f,-0.27070207876607005f,1.0018639241144915f,0.17468192296182458f,-0.30053688323707684f,0f,0f,0f,1f],start_interpolation:0}
execute if entity @s[tag=aj.frestchika_v2.bone.arm_right_1] run data modify entity @s {} merge value {transformation:[-0.949399822871592f,-0.16071879676078518f,0.2698322528890039f,-0.49235996224209566f,-0.1701979522731054f,0.9853374696669873f,-0.011946878768140205f,1.5291446582364325f,-0.26395574131553123f,-0.05726726148528789f,-0.9628332292710635f,-0.41636649729140623f,0f,0f,0f,1f],start_interpolation:0}
execute if entity @s[tag=aj.frestchika_v2.bone.arm_right_0] run data modify entity @s {} merge value {transformation:[-0.8336667861331427f,-0.16071879676078518f,0.5283646071286403f,-0.16028738796461448f,-0.16658225236507762f,0.9853374696669873f,0.03688392694977717f,1.596357649172873f,-0.526545385408907f,-0.05726726148528789f,-0.8482160207556572f,-0.19185473420959204f,0f,0f,0f,1f],start_interpolation:0}
execute if entity @s[tag=aj.frestchika_v2.bone.arm_left_1] run data modify entity @s {} merge value {transformation:[0.1531995747205627f,0.6202443374545458f,0.769302835144269f,0.2786921828001776f,0.8858487833157107f,0.2588176932383047f,-0.38507834886536746f,1.266066878405712f,-0.4379518505538179f,0.7404798197941481f,-0.5097919311583032f,0.24761189004783826f,0f,0f,0f,1f],start_interpolation:0}
execute if entity @s[tag=aj.frestchika_v2.bone.arm_left_0] run data modify entity @s {} merge value {transformation:[-0.24445870873657446f,0.6202443374545458f,0.7453434789266075f,0.15977230059913516f,0.9607634185301238f,0.2588176932383047f,0.09973492508200323f,1.6338522161270805f,-0.13104805735743175f,0.7404798197941481f,-0.6591783090639961f,0.1922869438279898f,0f,0f,0f,1f],start_interpolation:0}
execute if entity @s[tag=aj.frestchika_v2.bone.right_wing_0] run data modify entity @s {} merge value {transformation:[-0.000006427876096865393f,-2.475921198325387e-8f,0.000007660404419139273f,0.3012953212258105f,0f,0.000009999947767977606f,3.2320855801062695e-8f,1.2971487623773537f,-0.000007660444431189781f,2.0775445643388408e-8f,-0.000006427842522768569f,-0.5148724109721375f,0f,0f,0f,1f],start_interpolation:0}
execute if entity @s[tag=aj.frestchika_v2.bone.right_wing_1] run data modify entity @s {} merge value {transformation:[-0.000006427876096865393f,-2.475921198325387e-8f,0.000007660404419139273f,0.10163953927784009f,0f,0.000009999947767977606f,3.2320855801062695e-8f,2.0764756309374164f,-0.000007660444431189781f,2.0775445643388408e-8f,-0.000006427842522768569f,0.17482159775572723f,0f,0f,0f,1f],start_interpolation:0}
execute if entity @s[tag=aj.frestchika_v2.bone.right_wing_2] run data modify entity @s {} merge value {transformation:[-0.000006427876096865393f,-2.475921198325387e-8f,0.000007660404419139273f,0.10570338536084958f,0f,0.000009999947767977606f,3.2320855801062695e-8f,2.057725728872458f,-0.000007660444431189781f,2.0775445643388408e-8f,-0.000006427842522768569f,0.17957042156463945f,0f,0f,0f,1f],start_interpolation:0}
execute if entity @s[tag=aj.frestchika_v2.bone.left_wing_0] run data modify entity @s {} merge value {transformation:[-0.000006427876096865393f,-2.475921198325387e-8f,0.000007660404419139273f,0.3012953212258105f,0f,0.000009999947767977606f,3.2320855801062695e-8f,1.2971487623773537f,-0.000007660444431189781f,2.0775445643388408e-8f,-0.000006427842522768569f,-0.5148724109721375f,0f,0f,0f,1f],start_interpolation:0}
execute if entity @s[tag=aj.frestchika_v2.bone.left_wing_1] run data modify entity @s {} merge value {transformation:[-0.000006427876096865393f,-2.475921198325387e-8f,0.000007660404419139273f,0.10163953927784009f,0f,0.000009999947767977606f,3.2320855801062695e-8f,2.0764756309374164f,-0.000007660444431189781f,2.0775445643388408e-8f,-0.000006427842522768569f,0.17482159775572723f,0f,0f,0f,1f],start_interpolation:0}
execute if entity @s[tag=aj.frestchika_v2.bone.left_wing_2] run data modify entity @s {} merge value {transformation:[-0.000006427876096865393f,-2.475921198325387e-8f,0.000007660404419139273f,0.10570338536084958f,0f,0.000009999947767977606f,3.2320855801062695e-8f,2.057725728872458f,-0.000007660444431189781f,2.0775445643388408e-8f,-0.000006427842522768569f,0.17957042156463945f,0f,0f,0f,1f],start_interpolation:0}
execute if entity @s[tag=aj.frestchika_v2.bone.leg_right_1] run data modify entity @s {} merge value {transformation:[-0.4617519933055201f,-0.3516587386109081f,0.8143225578583488f,-0.31661246932502635f,0.00701042992172179f,0.9165788644046466f,0.39979249517593657f,0.6481882432284288f,-0.8869813699005699f,0.19031373278161942f,-0.4207668387171628f,0.019058409715537517f,0f,0f,0f,1f],start_interpolation:0}
execute if entity @s[tag=aj.frestchika_v2.bone.leg_right_0] run data modify entity @s {} merge value {transformation:[-0.4617519933055201f,0.5042339548231345f,0.7297487344845486f,-0.11005691533861667f,0.00701042992172179f,0.824756061828597f,-0.5654452160459901f,0.8907604061733271f,-0.8869813699005699f,-0.2559796032507373f,-0.3843676523446057f,-0.0865547483632687f,0f,0f,0f,1f],start_interpolation:0}
execute if entity @s[tag=aj.frestchika_v2.bone.leg_left_1] run data modify entity @s {} merge value {transformation:[-0.4617519933055201f,0.05153412245513088f,0.8855107740175489f,-0.034714019940468424f,0.00701042992172179f,0.9984916882551877f,-0.05445367166332632f,0.5165887954506014f,-0.8869813699005699f,-0.01893628020716558f,-0.4614168037048762f,0.1531201436095551f,0f,0f,0f,1f],start_interpolation:0}
execute if entity @s[tag=aj.frestchika_v2.bone.leg_left_0] run data modify entity @s {} merge value {transformation:[-0.4617519933055201f,0.10692027447528474f,0.8805413968601981f,0.005381082987763353f,0.00701042992172179f,0.9931173419794539f,-0.11691363877656455f,0.8890077986928966f,-0.8869813699005699f,-0.04781213199381679f,-0.4593234693367131f,0.13519059411187379f,0f,0f,0f,1f],start_interpolation:0}
execute if entity @s[tag=aj.frestchika_v2.bone.body_0] run data modify entity @s {} merge value {transformation:[-0.4617519933055201f,0.1395677764678044f,0.8759600061933261f,0f,0.00701042992172179f,0.9880868379561464f,-0.15373761585941395f,1.2604166666666667f,-0.8869813699005699f,-0.06484779433147343f,-0.4572294971014572f,0f,0f,0f,0f,1f],start_interpolation:0}
execute if entity @s[tag=aj.frestchika_v2.bone.body_1] run data modify entity @s {} merge value {transformation:[-0.6427876096865393f,-0.0024759211983253868f,0.7660404419139273f,0f,0f,0.9999947767977605f,0.0032320855801062694f,1.2604166666666667f,-0.7660444431189781f,0.0020775445643388406f,-0.6427842522768569f,0f,0f,0f,0f,1f],start_interpolation:0}