execute if entity @s[tag=aj.frestchika_v2.bone.hair] run data modify entity @s {} merge value {transformation:[-0.994518571838434f,-0.002707418907677556f,0.10452502165175614f,0.028864639242107398f,-0.0024551202263144198f,0.9999937543974662f,0.0025423514183489453f,1.5986981817334116f,-0.10453125204031616f,0.002271794206874631f,-0.9945190075096431f,-0.2792612113776086f,0f,0f,0f,1f],start_interpolation:0}
execute if entity @s[tag=aj.frestchika_v2.bone.side_hair_2] run data modify entity @s {} merge value {transformation:[-0.994518571838434f,-0.002707418907677556f,0.10452502165175614f,0.4828894454880259f,-0.0024551202263144198f,0.9999937543974662f,0.0025423514183489453f,1.929151250597192f,-0.10453125204031616f,0.002271794206874631f,-0.9945190075096431f,0.05587273580175775f,0f,0f,0f,1f],start_interpolation:0}
execute if entity @s[tag=aj.frestchika_v2.bone.side_hair_1] run data modify entity @s {} merge value {transformation:[-0.994518571838434f,-0.002707418907677556f,0.10452502165175614f,0.32443906996560445f,-0.0024551202263144198f,0.9999937543974662f,0.0025423514183489453f,2.316045261425246f,-0.10453125204031616f,0.002271794206874631f,-0.9945190075096431f,0.04020847169277888f,0f,0f,0f,1f],start_interpolation:0}
execute if entity @s[tag=aj.frestchika_v2.bone.head] run data modify entity @s {} merge value {transformation:[-0.994518571838434f,-0.002707418907677556f,0.10452502165175614f,-0.0010152820903790835f,-0.0024551202263144198f,0.9999937543974662f,0.0025423514183489453f,1.7761070328990498f,-0.10453125204031616f,0.002271794206874631f,-0.9945190075096431f,0.0008519228275779866f,0f,0f,0f,1f],start_interpolation:0}
execute if entity @s[tag=aj.frestchika_v2.bone.group] run data modify entity @s {} merge value {transformation:[-0.000009137539277327708f,-0.0000012311472821881554f,0.000003871647236623476f,-0.7805348647550213f,-0.000001054793701311678f,0.00000992191191910545f,6.656381278040087e-7f,1.6668470172956733f,-0.000003923364143559286f,1.9985054184048036e-7f,-0.000009196046626565103f,-0.5278715974622392f,0f,0f,0f,1f],start_interpolation:0}
execute if entity @s[tag=aj.frestchika_v2.bone.group2] run data modify entity @s {} merge value {transformation:[-0.000009137539277327708f,-0.0000012311472821881554f,0.000003871647236623476f,-0.7805348647550213f,-0.000001054793701311678f,0.00000992191191910545f,6.656381278040087e-7f,1.6668470172956733f,-0.000003923364143559286f,1.9985054184048036e-7f,-0.000009196046626565103f,-0.5278715974622392f,0f,0f,0f,1f],start_interpolation:0}
execute if entity @s[tag=aj.frestchika_v2.bone.group3] run data modify entity @s {} merge value {transformation:[-0.000009137539277327708f,-0.0000012311472821881554f,0.000003871647236623476f,-0.7805348647550213f,-0.000001054793701311678f,0.00000992191191910545f,6.656381278040087e-7f,1.6668470172956733f,-0.000003923364143559286f,1.9985054184048036e-7f,-0.000009196046626565103f,-0.5278715974622392f,0f,0f,0f,1f],start_interpolation:0}
execute if entity @s[tag=aj.frestchika_v2.locator_origin.muzzle] at @s on origin run tp @s ^-0.78054 ^1.66685 ^-0.52788 ~22.83168 ~3.81665
execute if entity @s[tag=aj.frestchika_v2.bone.gun] run data modify entity @s {} merge value {transformation:[-0.000009137539277327708f,-0.0000012311472821881554f,0.000003871647236623476f,-0.7805337090826482f,-0.000001054793701311678f,0.00000992191191910545f,6.656381278040087e-7f,1.6668491402285759f,-0.000003923364143559286f,1.9985054184048036e-7f,-0.000009196046626565103f,-0.527876054544813f,0f,0f,0f,1f],start_interpolation:0}
execute if entity @s[tag=aj.frestchika_v2.bone.sword] run data modify entity @s {} merge value {transformation:[-0.9201645401945466f,0.2013828710471472f,0.4693259744754884f,-0.4919121726623696f,0.36097731818388884f,0.940596592700246f,0.30413506482721603f,1.703370290477025f,-0.3612717907965223f,0.42690479166846507f,-0.8914929635870259f,-0.43010554273737334f,0f,0f,0f,1f],start_interpolation:0}
execute if entity @s[tag=aj.frestchika_v2.bone.arm_right_1] run data modify entity @s {} merge value {transformation:[-0.9137539277327706f,-0.12311472821881553f,0.38716472366234755f,-0.47562976631813925f,-0.1054793701311678f,0.992191191910545f,0.06656381278040087f,1.7031416690516863f,-0.3923364143559286f,0.019985054184048036f,-0.9196046626565102f,-0.4512520195661977f,0f,0f,0f,1f],start_interpolation:0}
execute if entity @s[tag=aj.frestchika_v2.bone.arm_right_0] run data modify entity @s {} merge value {transformation:[-0.7858782895986486f,-0.12311472821881553f,0.6060017142163131f,-0.1602490994406562f,-0.08517774707438938f,0.992191191910545f,0.09111196462849158f,1.7370510391780298f,-0.6124867878908362f,0.019985054184048036f,-0.790228152034858f,-0.19188686209592376f,0f,0f,0f,1f],start_interpolation:0}
execute if entity @s[tag=aj.frestchika_v2.bone.arm_left_1] run data modify entity @s {} merge value {transformation:[0.04497596225374473f,0.620184421438468f,0.7831656569490153f,0.3662344677228707f,0.9307201331208743f,0.25881742862163676f,-0.2584058289689805f,1.466342644328992f,-0.36295619105177396f,0.7405300953011409f,-0.5655775643804052f,0.2075965935744687f,0f,0f,0f,1f],start_interpolation:0}
execute if entity @s[tag=aj.frestchika_v2.bone.arm_left_0] run data modify entity @s {} merge value {transformation:[-0.4212649174723765f,0.620184421438468f,0.6617455347125697f,0.15968585067329896f,0.9062197769101675f,0.25881742862163676f,0.33433404639457537f,1.7745445426578037f,0.03607748943424416f,0.7405300953011409f,-0.6710540907478362f,0.19235948392887428f,0f,0f,0f,1f],start_interpolation:0}
execute if entity @s[tag=aj.frestchika_v2.bone.right_wing_0] run data modify entity @s {} merge value {transformation:[-0.000006427876096865393f,-2.707418907677556e-8f,0.000007660396587098634f,0.3012867981311328f,0f,0.000009999937543974662f,3.534284377358317e-8f,1.4380112329615087f,-0.000007660444431189781f,2.271794206874631e-8f,-0.000006427835950906155f,-0.5148652592465369f,0f,0f,0f,1f],start_interpolation:0}
execute if entity @s[tag=aj.frestchika_v2.bone.right_wing_1] run data modify entity @s {} merge value {transformation:[-0.000006427876096865393f,-2.707418907677556e-8f,0.000007660396587098634f,0.10145062362514408f,0f,0.000009999937543974662f,3.534284377358317e-8f,2.2171578722354726f,-0.000007660444431189781f,2.271794206874631e-8f,-0.000006427835950906155f,0.17498011681022807f,0f,0f,0f,1f],start_interpolation:0}
execute if entity @s[tag=aj.frestchika_v2.bone.right_wing_2] run data modify entity @s {} merge value {transformation:[-0.000006427876096865393f,-2.707418907677556e-8f,0.000007660396587098634f,0.10551881029020392f,0f,0.000009999937543974662f,3.534284377358317e-8f,2.19840798934052f,-0.000007660444431189781f,2.271794206874631e-8f,-0.000006427835950906155f,0.17972529843834276f,0f,0f,0f,1f],start_interpolation:0}
execute if entity @s[tag=aj.frestchika_v2.bone.left_wing_0] run data modify entity @s {} merge value {transformation:[-0.000006427876096865393f,-2.707418907677556e-8f,0.000007660396587098634f,0.3012867981311328f,0f,0.000009999937543974662f,3.534284377358317e-8f,1.4380112329615087f,-0.000007660444431189781f,2.271794206874631e-8f,-0.000006427835950906155f,-0.5148652592465369f,0f,0f,0f,1f],start_interpolation:0}
execute if entity @s[tag=aj.frestchika_v2.bone.left_wing_1] run data modify entity @s {} merge value {transformation:[-0.000006427876096865393f,-2.707418907677556e-8f,0.000007660396587098634f,0.10145062362514408f,0f,0.000009999937543974662f,3.534284377358317e-8f,2.2171578722354726f,-0.000007660444431189781f,2.271794206874631e-8f,-0.000006427835950906155f,0.17498011681022807f,0f,0f,0f,1f],start_interpolation:0}
execute if entity @s[tag=aj.frestchika_v2.bone.left_wing_2] run data modify entity @s {} merge value {transformation:[-0.000006427876096865393f,-2.707418907677556e-8f,0.000007660396587098634f,0.10551881029020392f,0f,0.000009999937543974662f,3.534284377358317e-8f,2.19840798934052f,-0.000007660444431189781f,2.271794206874631e-8f,-0.000006427835950906155f,0.17972529843834276f,0f,0f,0f,1f],start_interpolation:0}
execute if entity @s[tag=aj.frestchika_v2.bone.leg_right_1] run data modify entity @s {} merge value {transformation:[-0.4617526549067944f,-0.3527967265272471f,0.8138298074156451f,-0.34184202466298497f,0.00766588839573549f,0.9158777109292393f,0.40138417106074453f,0.8182281573180906f,-0.8869756027319077f,0.19157893510163296f,-0.4202044642595951f,0.03199429611899335f,0f,0f,0f,1f],start_interpolation:0}
execute if entity @s[tag=aj.frestchika_v2.bone.leg_right_0] run data modify entity @s {} merge value {transformation:[-0.4617526549067944f,0.5743181211320476f,0.6759757254708794f,-0.10954923206542133f,0.00766588839573549f,0.7646400339392472f,-0.6444120208783284f,1.0314287132867037f,-0.8869756027319077f,-0.2923770070247346f,-0.3574772243397155f,-0.08709290504453242f,0f,0f,0f,1f],start_interpolation:0}
execute if entity @s[tag=aj.frestchika_v2.bone.leg_left_1] run data modify entity @s {} merge value {transformation:[-0.4617526549067944f,0.05056689122921404f,0.8855661890553072f,-0.03254776256510152f,0.00766588839573549f,0.998563917381701f,-0.053022043136942476f,0.6568652975161551f,-0.8869756027319077f,-0.017694417614731003f,-0.46147718008981164f,0.15144015610442135f,0f,0f,0f,1f],start_interpolation:0}
execute if entity @s[tag=aj.frestchika_v2.bone.leg_left_0] run data modify entity @s {} merge value {transformation:[-0.4617526549067944f,0.10249785127034344f,0.8810667830371826f,0.005888931661277269f,0.00766588839573549f,0.9937251831243059f,-0.11158626519276094f,1.0295122411877697f,-0.8869756027319077f,-0.04477109457593825f,-0.4596409786440297f,0.13465099563844452f,0f,0f,0f,1f],start_interpolation:0}
execute if entity @s[tag=aj.frestchika_v2.bone.body_0] run data modify entity @s {} merge value {transformation:[-0.4617526549067944f,0.13821373387219207f,0.8761743259509684f,0f,0.00766588839573549f,0.988370394034035f,-0.1518723093658307f,1.4011093749999999f,-0.8869756027319077f,-0.06341078745854944f,-0.4574421845351122f,0f,0f,0f,0f,1f],start_interpolation:0}
execute if entity @s[tag=aj.frestchika_v2.bone.body_1] run data modify entity @s {} merge value {transformation:[-0.6427876096865393f,-0.002707418907677556f,0.7660396587098632f,0f,0f,0.9999937543974662f,0.0035342843773583164f,1.4011093749999999f,-0.7660444431189781f,0.002271794206874631f,-0.6427835950906154f,0f,0f,0f,0f,1f],start_interpolation:0}