execute if entity @s[tag=aj.frestchika_v2.bone.hair] run data modify entity @s {} merge value {transformation:[-0.9945129697716407f,-0.0044368337056953635f,0.10451922054177198f,0.028522529141564595f,-0.004023374491755436f,0.9999832269509714f,0.004166326249944481f,1.5185434770637694f,-0.10453595273249616f,0.0037229455260439025f,-0.9945141398003949f,-0.27897414691842115f,0f,0f,0f,1f],start_interpolation:0}
execute if entity @s[tag=aj.frestchika_v2.bone.side_hair_2] run data modify entity @s {} merge value {transformation:[-0.9945129697716407f,-0.0044368337056953635f,0.10451922054177198f,0.481975580672545f,-0.004023374491755436f,0.9999832269509714f,0.004166326249944481f,1.8492945740045834f,-0.10453595273249616f,0.0037229455260439025f,-0.9945141398003949f,0.05663955943137364f,0f,0f,0f,1f],start_interpolation:0}
execute if entity @s[tag=aj.frestchika_v2.bone.side_hair_1] run data modify entity @s {} merge value {transformation:[-0.9945129697716407f,-0.0044368337056953635f,0.10451922054177198f,0.3228563153756833f,-0.004023374491755436f,0.9999832269509714f,0.004166326249944481f,2.2359363010880893f,-0.10453595273249616f,0.0037229455260439025f,-0.9945141398003949f,0.04153656048542584f,0f,0f,0f,1f],start_interpolation:0}
execute if entity @s[tag=aj.frestchika_v2.bone.head] run data modify entity @s {} merge value {transformation:[-0.9945129697716407f,-0.0044368337056953635f,0.10451922054177198f,-0.0016638126396357612f,-0.004023374491755436f,0.9999832269509714f,0.004166326249944481f,1.6954937101066143f,-0.10453595273249616f,0.0037229455260439025f,-0.9945141398003949f,0.0013961045722664634f,0f,0f,0f,1f],start_interpolation:0}
execute if entity @s[tag=aj.frestchika_v2.bone.group] run data modify entity @s {} merge value {transformation:[-0.000009298917486066799f,-0.0000010868047405851348f,0.000003514112838706631f,-0.7971533006333198f,-9.207652368004564e-7f,0.00000993713948688541f,6.367497129033987e-7f,1.5950855229829415f,-0.0000035612252057432284f,2.685410099490195e-7f,-0.000009340533216040432f,-0.5003434670960156f,0f,0f,0f,1f],start_interpolation:0}
execute if entity @s[tag=aj.frestchika_v2.bone.group2] run data modify entity @s {} merge value {transformation:[-0.000009298917486066799f,-0.0000010868047405851348f,0.000003514112838706631f,-0.7971533006333198f,-9.207652368004564e-7f,0.00000993713948688541f,6.367497129033987e-7f,1.5950855229829415f,-0.0000035612252057432284f,2.685410099490195e-7f,-0.000009340533216040432f,-0.5003434670960156f,0f,0f,0f,1f],start_interpolation:0}
execute if entity @s[tag=aj.frestchika_v2.bone.group3] run data modify entity @s {} merge value {transformation:[-0.000009298917486066799f,-0.0000010868047405851348f,0.000003514112838706631f,-0.7971533006333198f,-9.207652368004564e-7f,0.00000993713948688541f,6.367497129033987e-7f,1.5950855229829415f,-0.0000035612252057432284f,2.685410099490195e-7f,-0.000009340533216040432f,-0.5003434670960156f,0f,0f,0f,1f],start_interpolation:0}
execute if entity @s[tag=aj.frestchika_v2.locator_origin.muzzle] at @s on origin run tp @s ^-0.79716 ^1.59509 ^-0.50035 ~20.6174 ~3.65078
execute if entity @s[tag=aj.frestchika_v2.bone.gun] run data modify entity @s {} merge value {transformation:[-0.000009298917486066799f,-0.0000010868047405851348f,0.000003514112838706631f,-0.7971522930555727f,-9.207652368004564e-7f,0.00000993713948688541f,6.367497129033987e-7f,1.5950876415121527f,-0.0000035612252057432284f,2.685410099490195e-7f,-0.000009340533216040432f,-0.5003479620519528f,0f,0f,0f,1f],start_interpolation:0}
execute if entity @s[tag=aj.frestchika_v2.bone.sword] run data modify entity @s {} merge value {transformation:[-0.9420479240226596f,0.4187926083577302f,-0.2113839448244014f,-0.4812781908721672f,0.3316187011416511f,0.2590837615881769f,-0.9645876599016001f,1.5449485111854007f,-0.3318123837317123f,-0.9300607871350396f,-0.3638848531280593f,-0.5792430751392003f,0f,0f,0f,1f],start_interpolation:0}
execute if entity @s[tag=aj.frestchika_v2.bone.arm_right_1] run data modify entity @s {} merge value {transformation:[-0.9298917486066799f,-0.10868047405851347f,0.35141128387066306f,-0.4889929574225846f,-0.09207652368004564f,0.993713948688541f,0.06367497129033987f,1.6270473732364488f,-0.3561225205743228f,0.026854100994901944f,-0.9340533216040432f,-0.4357631023054947f,0f,0f,0f,1f],start_interpolation:0}
execute if entity @s[tag=aj.frestchika_v2.bone.arm_right_0] run data modify entity @s {} merge value {transformation:[-0.8171422989399107f,-0.10868047405851347f,0.566098063803096f,-0.15996307246735703f,-0.07392021447261676f,0.993713948688541f,0.08407371809400338f,1.656448683192908f,-0.5716767138650304f,0.026854100994901944f,-0.8200393844714018f,-0.19212686722372582f,0f,0f,0f,1f],start_interpolation:0}
execute if entity @s[tag=aj.frestchika_v2.bone.arm_left_1] run data modify entity @s {} merge value {transformation:[0.11423571061939858f,0.6197368159518587f,0.7764512099115647f,0.3113629073591534f,0.9042543987156075f,0.2588147039179877f,-0.33961585863931515f,1.3449171757156284f,-0.41142944087991073f,0.7409056808998676f,-0.5308338602496526f,0.23556122506332203f,0f,0f,0f,1f],start_interpolation:0}
execute if entity @s[tag=aj.frestchika_v2.bone.arm_left_0] run data modify entity @s {} merge value {transformation:[-0.3076034953156944f,0.6197368159518587f,0.7220154905702643f,0.15904002233466416f,0.9486266078045541f,0.2588147039179877f,0.18199590105568053f,1.6939312363145036f,-0.07407866517960662f,0.7409056808998676f,-0.6675111410122766f,0.19290139824962654f,0f,0f,0f,1f],start_interpolation:0}
execute if entity @s[tag=aj.frestchika_v2.bone.right_wing_0] run data modify entity @s {} merge value {transformation:[-0.000006427876096865392f,-4.436833705695364e-8f,0.000007660315942179756f,0.30122188221531215f,0f,0.000009999832269509715f,5.791875060969872e-8f,1.3586699741479094f,-0.000007660444431189781f,3.7229455260439025e-8f,-0.00000642776828178447f,-0.5148107883255143f,0f,0f,0f,1f],start_interpolation:0}
execute if entity @s[tag=aj.frestchika_v2.bone.right_wing_1] run data modify entity @s {} merge value {transformation:[-0.000006427876096865392f,-4.436833705695364e-8f,0.000007660315942179756f,0.10003939069043029f,0f,0.000009999832269509715f,5.791875060969872e-8f,2.136467944385905f,-0.000007660444431189781f,3.7229455260439025e-8f,-0.00000642776828178447f,0.17616428184525162f,0f,0f,0f,1f],start_interpolation:0}
execute if entity @s[tag=aj.frestchika_v2.bone.right_wing_2] run data modify entity @s {} merge value {transformation:[-0.000006427876096865392f,-4.436833705695364e-8f,0.000007660315942179756f,0.10414000388295297f,0f,0.000009999832269509715f,5.791875060969872e-8f,2.1177182588805743f,-0.000007660444431189781f,3.7229455260439025e-8f,-0.00000642776828178447f,0.1808822543861319f,0f,0f,0f,1f],start_interpolation:0}
execute if entity @s[tag=aj.frestchika_v2.bone.left_wing_0] run data modify entity @s {} merge value {transformation:[-0.000006427876096865392f,-4.436833705695364e-8f,0.000007660315942179756f,0.30122188221531215f,0f,0.000009999832269509715f,5.791875060969872e-8f,1.3586699741479094f,-0.000007660444431189781f,3.7229455260439025e-8f,-0.00000642776828178447f,-0.5148107883255143f,0f,0f,0f,1f],start_interpolation:0}
execute if entity @s[tag=aj.frestchika_v2.bone.left_wing_1] run data modify entity @s {} merge value {transformation:[-0.000006427876096865392f,-4.436833705695364e-8f,0.000007660315942179756f,0.10003939069043029f,0f,0.000009999832269509715f,5.791875060969872e-8f,2.136467944385905f,-0.000007660444431189781f,3.7229455260439025e-8f,-0.00000642776828178447f,0.17616428184525162f,0f,0f,0f,1f],start_interpolation:0}
execute if entity @s[tag=aj.frestchika_v2.bone.left_wing_2] run data modify entity @s {} merge value {transformation:[-0.000006427876096865392f,-4.436833705695364e-8f,0.000007660315942179756f,0.10414000388295297f,0f,0.000009999832269509715f,5.791875060969872e-8f,2.1177182588805743f,-0.000007660444431189781f,3.7229455260439025e-8f,-0.00000642776828178447f,0.1808822543861319f,0f,0f,0f,1f],start_interpolation:0}
execute if entity @s[tag=aj.frestchika_v2.bone.leg_right_1] run data modify entity @s {} merge value {transformation:[-0.4617594668866513f,-0.3612757102090597f,0.8100975595281688f,-0.321367033661304f,0.012562380818388593f,0.9105399496526685f,0.4132301860642442f,0.7168332823976571f,-0.88691622001671f,0.2009897044613372f,-0.4159119586785345f,0.017826688234637428f,0f,0f,0f,1f],start_interpolation:0}
execute if entity @s[tag=aj.frestchika_v2.bone.leg_right_0] run data modify entity @s {} merge value {transformation:[-0.4617594668866513f,0.526823682538443f,0.713607036300224f,-0.10575292352955182f,0.012562380818388593f,0.808316317572133f,-0.5886144046273422f,0.9506838728868912f,-0.88691622001671f,-0.2628336703378401f,-0.379865871602083f,-0.09111723926905207f,0f,0f,0f,1f],start_interpolation:0}
execute if entity @s[tag=aj.frestchika_v2.bone.leg_left_1] run data modify entity @s {} merge value {transformation:[-0.4617594668866513f,0.04333931879808934f,0.8859457648110708f,-0.016332699362013495f,0.012562380818388593f,0.9990249815842013f,-0.042323430376805235f,0.5735380269339516f,-0.88691622001671f,-0.008413656565612692f,-0.46185368792991854f,0.1388610953415558f,0f,0f,0f,1f],start_interpolation:0}
execute if entity @s[tag=aj.frestchika_v2.bone.leg_left_0] run data modify entity @s {} merge value {transformation:[-0.4617594668866513f,0.06938571347766537f,0.884287180448609f,0.009686943192111018f,0.012562380818388593f,0.9973473353289133f,-0.07169713592947806f,0.9475432776822941f,-0.88691622001671f,-0.02199807895048103f,-0.46140622361836325f,0.13061181573512542f,0f,0f,0f,1f],start_interpolation:0}
execute if entity @s[tag=aj.frestchika_v2.bone.body_0] run data modify entity @s {} merge value {transformation:[-0.4617594668866513f,0.1280879737832544f,0.8777081893845219f,0f,0.012562380818388593f,0.9903637992410864f,-0.13791929430262762f,1.3205f,-0.88691622001671f,-0.0526594352880978f,-0.45891894986632364f,0f,0f,0f,0f,1f],start_interpolation:0}
execute if entity @s[tag=aj.frestchika_v2.bone.body_1] run data modify entity @s {} merge value {transformation:[-0.6427876096865391f,-0.0044368337056953635f,0.7660315942179756f,0f,0f,0.9999832269509714f,0.005791875060969872f,1.3205f,-0.7660444431189781f,0.0037229455260439025f,-0.642776828178447f,0f,0f,0f,0f,1f],start_interpolation:0}