execute if entity @s[tag=aj.frestchika_v2.bone.hair] run data modify entity @s {} merge value {transformation:[-0.9945113913963544f,-0.004813167520132973f,0.10451758608631645f,0.028447978731250323f,-0.004364638548474461f,0.9999802608561371f,0.004519715525684175f,1.5378922838476508f,-0.10453727714661698f,0.00403872709093804f,-0.994512768329425f,-0.27891159169662233f,0f,0f,0f,1f],start_interpolation:0}
execute if entity @s[tag=aj.frestchika_v2.bone.side_hair_2] run data modify entity @s {} merge value {transformation:[-0.9945113913963544f,-0.004813167520132973f,0.10451758608631645f,0.48177654300634376f,-0.004364638548474461f,0.9999802608561371f,0.004519715525684175f,1.8687080111463104f,-0.10453727714661698f,0.00403872709093804f,-0.994512768329425f,0.05680657186367363f,0f,0f,0f,1f],start_interpolation:0}
execute if entity @s[tag=aj.frestchika_v2.bone.side_hair_1] run data modify entity @s {} merge value {transformation:[-0.9945113913963544f,-0.004813167520132973f,0.10451758608631645f,0.32251177907662765f,-0.004364638548474461f,0.9999802608561371f,0.004519715525684175f,2.2552945778568114f,-0.10453727714661698f,0.00403872709093804f,-0.994512768329425f,0.04182566076689072f,0f,0f,0f,1f],start_interpolation:0}
execute if entity @s[tag=aj.frestchika_v2.bone.head] run data modify entity @s {} merge value {transformation:[-0.9945113913963544f,-0.004813167520132973f,0.10451758608631645f,-0.001804937820049865f,-0.004364638548474461f,0.9999802608561371f,0.004519715525684175f,1.7147425978210515f,-0.10453727714661698f,0.00403872709093804f,-0.994512768329425f,0.0015145226591017648f,0f,0f,0f,1f],start_interpolation:0}
execute if entity @s[tag=aj.frestchika_v2.bone.group] run data modify entity @s {} merge value {transformation:[-0.000009160024888129506f,-0.0000010924013489232527f,0.000003860129964355955f,-0.7882236502696238f,-8.624832659477456e-7f,0.00000993336538336779f,7.644440963671759e-7f,1.6188040378864157f,-0.000003917916112528209f,3.6730294496665237e-7f,-0.00000919320520176781f,-0.5222811742749072f,0f,0f,0f,1f],start_interpolation:0}
execute if entity @s[tag=aj.frestchika_v2.bone.group2] run data modify entity @s {} merge value {transformation:[-0.000009160024888129506f,-0.0000010924013489232527f,0.000003860129964355955f,-0.7882236502696238f,-8.624832659477456e-7f,0.00000993336538336779f,7.644440963671759e-7f,1.6188040378864157f,-0.000003917916112528209f,3.6730294496665237e-7f,-0.00000919320520176781f,-0.5222811742749072f,0f,0f,0f,1f],start_interpolation:0}
execute if entity @s[tag=aj.frestchika_v2.bone.group3] run data modify entity @s {} merge value {transformation:[-0.000009160024888129506f,-0.0000010924013489232527f,0.000003860129964355955f,-0.7882236502696238f,-8.624832659477456e-7f,0.00000993336538336779f,7.644440963671759e-7f,1.6188040378864157f,-0.000003917916112528209f,3.6730294496665237e-7f,-0.00000919320520176781f,-0.5222811742749072f,0f,0f,0f,1f],start_interpolation:0}
execute if entity @s[tag=aj.frestchika_v2.locator_origin.muzzle] at @s on origin run tp @s ^-0.78823 ^1.61881 ^-0.52229 ~22.77702 ~4.38422
execute if entity @s[tag=aj.frestchika_v2.bone.gun] run data modify entity @s {} merge value {transformation:[-0.000009160024888129506f,-0.0000010924013489232527f,0.000003860129964355955f,-0.7882224750351225f,-8.624832659477456e-7f,0.00000993336538336779f,7.644440963671759e-7f,1.6188062182966922f,-0.000003917916112528209f,3.6730294496665237e-7f,-0.00000919320520176781f,-0.522285598372861f,0f,0f,0f,1f],start_interpolation:0}
execute if entity @s[tag=aj.frestchika_v2.bone.sword] run data modify entity @s {} merge value {transformation:[-0.9332186152025364f,0.22666274163381533f,0.43040879393258513f,-0.4934468034379804f,0.32142541280167214f,0.9862508413552603f,0.17753786647167893f,1.670278795333186f,-0.36512112010226805f,0.28889096832729694f,-0.9437972706965103f,-0.4412887240252507f,0f,0f,0f,1f],start_interpolation:0}
execute if entity @s[tag=aj.frestchika_v2.bone.arm_right_1] run data modify entity @s {} merge value {transformation:[-0.9160024888129505f,-0.10924013489232526f,0.3860129964355955f,-0.48267341662598595f,-0.08624832659477455f,0.9933365383367788f,0.07644440963671759f,1.6495831229600013f,-0.39179161125282086f,0.03673029449666523f,-0.9193205201767808f,-0.4458175675183994f,0f,0f,0f,1f],start_interpolation:0}
execute if entity @s[tag=aj.frestchika_v2.bone.arm_right_0] run data modify entity @s {} merge value {transformation:[-0.8000864482429438f,-0.10924013489232526f,0.5898544466787529f,-0.15990083352094828f,-0.06594052220088253f,0.9933365383367788f,0.09452179186293545f,1.6757006607848501f,-0.5962495474797997f,0.03673029449666523f,-0.8019584544079089f,-0.1921790919007023f,0f,0f,0f,1f],start_interpolation:0}
execute if entity @s[tag=aj.frestchika_v2.bone.arm_left_1] run data modify entity @s {} merge value {transformation:[0.10072768331004939f,0.6196394135933662f,0.7783963842006589f,0.3223121206751473f,0.9100411058323006f,0.2588139362361551f,-0.32379087711896865f,1.3713220692709995f,-0.40209342137184223f,0.7409874111829545f,-0.5378276089583625f,0.23107762179394506f,0f,0f,0f,1f],start_interpolation:0}
execute if entity @s[tag=aj.frestchika_v2.bone.arm_left_0] run data modify entity @s {} merge value {transformation:[-0.3293877776015992f,0.6196394135933662f,0.712425918315967f,0.15889948517583513f,0.9426602042514269f,0.2588139362361551f,0.21072988808094065f,1.7131801286634638f,-0.05380921191894311f,0.7409874111829545f,-0.6693595634493059f,0.19301932292776675f,0f,0f,0f,1f],start_interpolation:0}
execute if entity @s[tag=aj.frestchika_v2.bone.right_wing_0] run data modify entity @s {} merge value {transformation:[-0.000006427876096865392f,-4.8131675201329735e-8f,0.000007660293220575102f,0.3012074653796023f,0f,0.000009999802608561372f,6.283143965558949e-8f,1.3781959022987664f,-0.000007660444431189783f,4.0387270909380405e-8f,-0.000006427749216094383f,-0.5147986911639874f,0f,0f,0f,1f],start_interpolation:0}
execute if entity @s[tag=aj.frestchika_v2.bone.right_wing_1] run data modify entity @s {} merge value {transformation:[-0.000006427876096865392f,-4.8131675201329735e-8f,0.000007660293220575102f,0.09973231215746738f,0f,0.000009999802608561372f,6.283143965558949e-8f,2.1556998643630734f,-0.000007660444431189783f,4.0387270909380405e-8f,-0.000006427749216094383f,0.17642195132900326f,0f,0f,0f,1f],start_interpolation:0}
execute if entity @s[tag=aj.frestchika_v2.bone.right_wing_2] run data modify entity @s {} merge value {transformation:[-0.000006427876096865392f,-4.8131675201329735e-8f,0.000007660293220575102f,0.10383998160901077f,0f,0.000009999802608561372f,6.283143965558949e-8f,2.13695023447202f,-0.000007660444431189783f,4.0387270909380405e-8f,-0.000006427749216094383f,0.18113400296554177f,0f,0f,0f,1f],start_interpolation:0}
execute if entity @s[tag=aj.frestchika_v2.bone.left_wing_0] run data modify entity @s {} merge value {transformation:[-0.000006427876096865392f,-4.8131675201329735e-8f,0.000007660293220575102f,0.3012074653796023f,0f,0.000009999802608561372f,6.283143965558949e-8f,1.3781959022987664f,-0.000007660444431189783f,4.0387270909380405e-8f,-0.000006427749216094383f,-0.5147986911639874f,0f,0f,0f,1f],start_interpolation:0}
execute if entity @s[tag=aj.frestchika_v2.bone.left_wing_1] run data modify entity @s {} merge value {transformation:[-0.000006427876096865392f,-4.8131675201329735e-8f,0.000007660293220575102f,0.09973231215746738f,0f,0.000009999802608561372f,6.283143965558949e-8f,2.1556998643630734f,-0.000007660444431189783f,4.0387270909380405e-8f,-0.000006427749216094383f,0.17642195132900326f,0f,0f,0f,1f],start_interpolation:0}
execute if entity @s[tag=aj.frestchika_v2.bone.left_wing_2] run data modify entity @s {} merge value {transformation:[-0.000006427876096865392f,-4.8131675201329735e-8f,0.000007660293220575102f,0.10383998160901077f,0f,0.000009999802608561372f,6.283143965558949e-8f,2.13695023447202f,-0.000007660444431189783f,4.0387270909380405e-8f,-0.000006427749216094383f,0.18113400296554177f,0f,0f,0f,1f],start_interpolation:0}
execute if entity @s[tag=aj.frestchika_v2.bone.leg_right_1] run data modify entity @s {} merge value {transformation:[-0.4617613860240639f,-0.3631155057856666f,0.8092734715997769f,-0.32368343696514373f,0.013627853654387432f,0.9093551725423207f,0.41579736864884126f,0.7393950734264301f,-0.8868994892218114f,0.20302782968978747f,-0.41495661988880783f,0.018359423591854218f,0f,0f,0f,1f],start_interpolation:0}
execute if entity @s[tag=aj.frestchika_v2.bone.leg_right_0] run data modify entity @s {} merge value {transformation:[-0.4617613860240639f,0.535030109567832f,0.7074738187614924f,-0.10492600000949978f,0.013627853654387432f,0.8017843403874775f,-0.5974580764490441f,0.9699153470922232f,-0.8868994892218114f,-0.26624171980598954f,-0.37752436034359277f,-0.09199382604604872f,0f,0f,0f,1f],start_interpolation:0}
execute if entity @s[tag=aj.frestchika_v2.bone.leg_left_1] run data modify entity @s {} merge value {transformation:[-0.4617613860240639f,0.0417661504741017f,0.8860203220308834f,-0.012797792559550124f,0.013627853654387432f,0.999106957728867f,-0.03999460741827948f,0.5922881978077423f,-0.8868994892218114f,-0.006393410071502943f,-0.4619181965735357f,0.13611827252685782f,0f,0f,0f,1f],start_interpolation:0}
execute if entity @s[tag=aj.frestchika_v2.bone.leg_left_0] run data modify entity @s {} merge value {transformation:[-0.4617613860240639f,0.062165704149510184f,0.8848230600547948f,0.010514346496516197f,0.013627853654387432f,0.9979204956556906f,-0.06299972980160472f,0.9665083836786263f,-0.8868994892218114f,-0.01703260337987652f,-0.46164833633426405f,0.12973104625940413f,0f,0f,0f,1f],start_interpolation:0}
execute if entity @s[tag=aj.frestchika_v2.bone.body_0] run data modify entity @s {} merge value {transformation:[-0.4617613860240639f,0.12588220468397812f,0.8780262484237225f,0f,0.013627853654387432f,0.9907683589722006f,-0.1348789845168881f,1.33975f,-0.8868994892218114f,-0.05031629361780719f,-0.4592140749309156f,0f,0f,0f,0f,1f],start_interpolation:0}
execute if entity @s[tag=aj.frestchika_v2.bone.body_1] run data modify entity @s {} merge value {transformation:[-0.6427876096865391f,-0.004813167520132973f,0.7660293220575102f,0f,0f,0.9999802608561371f,0.0062831439655589485f,1.33975f,-0.7660444431189782f,0.00403872709093804f,-0.6427749216094383f,0f,0f,0f,0f,1f],start_interpolation:0}