execute if entity @s[tag=aj.twins_sapphiel.bone.halo] run data modify entity @s {} merge value {transformation:[0.9686857607741727f,0.16886218396590455f,0.18202598633059577f,-0.2915864874962419f,0.006196577213346509f,-0.7493320727360144f,0.6621654228363082f,2.032806525738251f,0.24821260907576842f,-0.6403022782994081f,-0.7269136765121338f,-0.3014046245152776f,0f,0f,0f,1f],start_interpolation:0}
execute if entity @s[tag=aj.twins_sapphiel.bone.head] run data modify entity @s {} merge value {transformation:[-0.9979517909042789f,0.05549562235711523f,-0.0318191597962415f,0.011132620799956826f,0.04780406943520186f,0.9774823100901359f,0.20553127354805606f,1.4178503526313022f,0.04250875176215724f,0.20358921719985046f,-0.9781331385162122f,-0.05987532905643891f,0f,0f,0f,1f],start_interpolation:0}
execute if entity @s[tag=aj.twins_sapphiel.bone.slide2] run data modify entity @s {} merge value {transformation:[-3.790480467440311e-11f,-4.329435119778964e-11f,-8.178523666871544e-11f,0.20530291687917532f,-4.878685781545006e-11f,8.444948679357762e-11f,-2.209358922394517e-11f,1.1955922825815475f,7.863248875045486e-11f,3.152591528669416e-11f,-5.313236657862864e-11f,0.40368114853039855f,0f,0f,0f,1f],start_interpolation:0}
execute if entity @s[tag=aj.twins_sapphiel.bone.ruby_gun] run data modify entity @s {} merge value {transformation:[-3.790480467440311e-11f,-4.329435119778964e-11f,-8.178523666871544e-11f,0.20530291689572802f,-4.878685781545006e-11f,8.444948679357762e-11f,-2.209358922394517e-11f,1.1955922825729244f,7.863248875045486e-11f,3.152591528669416e-11f,-5.313236657862864e-11f,0.4036811485253807f,0f,0f,0f,1f],start_interpolation:0}
execute if entity @s[tag=aj.twins_sapphiel.bone.arm_right_1] run data modify entity @s {} merge value {transformation:[-0.5707992318439954f,-0.8197971377503874f,0.046053120009142856f,0.016040731060704305f,-0.20931193214673f,0.09104412463702077f,-0.9736012954131077f,1.156079026722045f,0.7939626892916993f,-0.5653703390746195f,-0.22356123927761315f,0.25719907702671685f,0f,0f,0f,1f],start_interpolation:0}
execute if entity @s[tag=aj.twins_sapphiel.bone.arm_right_0] run data modify entity @s {} merge value {transformation:[-0.5707992318439954f,-0.7861084155915692f,-0.23711135751460105f,-0.23858403982162169f,-0.20931193214673f,0.4185447466865687f,-0.8837470283299846f,1.3232101649513244f,0.7939626892916993f,-0.45481188853985355f,-0.40344689124530914f,0.11820377705628267f,0f,0f,0f,1f],start_interpolation:0}
execute if entity @s[tag=aj.twins_sapphiel.bone.slide] run data modify entity @s {} merge value {transformation:[-0.000009997371898265934f,-2.1300589037462856e-8f,2.2825733869744654e-7f,0.4033580908243863f,1.833510650584475e-8f,0.000009850552233047533f,0.000001722290488817637f,1.0405080382455243f,-2.285146639321062e-7f,0.0000017222563656171893f,-0.000009847924352850153f,0.22924670280949816f,0f,0f,0f,1f],start_interpolation:0}
execute if entity @s[tag=aj.twins_sapphiel.bone.sapphire_gun] run data modify entity @s {} merge value {transformation:[-0.000009997371898265934f,-2.1300589037462856e-8f,2.2825733869744654e-7f,0.4033574726368577f,1.833510650584475e-8f,0.000009850552233047533f,0.000001722290488817637f,1.0405063058220467f,-2.285146639321062e-7f,0.0000017222563656171893f,-0.000009847924352850153f,0.22924729598349833f,0f,0f,0f,1f],start_interpolation:0}
execute if entity @s[tag=aj.twins_sapphiel.bone.body] run data modify entity @s {} merge value {transformation:[-0.00001449178207770712f,-3.0876464094653795e-8f,3.308725176678217e-7f,0.4760669676017019f,2.6577821707356894e-8f,0.000014278958286142854f,0.00000249656196572842f,0.9908160473721687f,-3.312455258205373e-7f,0.000002496512502130415f,-0.00001427514901831384f,0.05282562926892041f,0f,0f,0f,1f],start_interpolation:0}
execute if entity @s[tag=aj.twins_sapphiel.bone.shotgun] run data modify entity @s {} merge value {transformation:[-0.000009997371898265934f,-2.1300589037462856e-8f,2.2825733869744654e-7f,0.47606699279682985f,1.833510650584475e-8f,0.000009850552233047533f,0.000001722290488817637f,0.9908149690446125f,-2.285146639321062e-7f,0.0000017222563656171893f,-0.000009847924352850153f,0.05282444047731302f,0f,0f,0f,1f],start_interpolation:0}
execute if entity @s[tag=aj.twins_sapphiel.bone.rocket] run data modify entity @s {} merge value {transformation:[-1.138550698634016f,-0.0035573985119245785f,0.025864532777947636f,0.46344434121201794f,0.00208809360441817f,1.1122067675654137f,0.24488991107596356f,1.3901659425723478f,-0.02602439250190778f,0.24487297441228892f,-1.111907945783906f,-0.32016919443829617f,0f,0f,0f,1f],start_interpolation:0}
execute if entity @s[tag=aj.twins_sapphiel.bone.launcher] run data modify entity @s {} merge value {transformation:[-2.124441528381511f,-0.006637811685331456f,0.04826108104942593f,0.4627789927431047f,0.003896210132492085f,2.075285929733067f,0.45694433949723184f,0.9318276999949596f,-0.04855936608557231f,0.4569127370822443f,-2.074728352979585f,-0.3278358552010835f,0f,0f,0f,1f],start_interpolation:0}
execute if entity @s[tag=aj.twins_sapphiel.bone.arm_left_1] run data modify entity @s {} merge value {transformation:[-0.9449098613106629f,-0.15619263409150522f,0.28766163291864394f,0.4375084849561103f,-0.3224982223314205f,0.29377745872411737f,-0.8998275953418373f,0.94062119460063f,0.05603793885339753f,-0.9430263335671792f,-0.3279650646149772f,-0.17313525556475973f,0f,0f,0f,1f],start_interpolation:0}
execute if entity @s[tag=aj.twins_sapphiel.bone.arm_left_0] run data modify entity @s {} merge value {transformation:[-0.9449098613106629f,-0.3055878775523728f,-0.11730900686178991f,0.3393124022111618f,-0.3224982223314205f,0.9304750985713593f,0.17381308216498761f,1.2453459634836386f,0.05603793885339753f,0.20206964153888893f,-0.9777666436207608f,-0.07522392175040117f,0f,0f,0f,1f],start_interpolation:0}
execute if entity @s[tag=aj.twins_sapphiel.bone.wing_3] run data modify entity @s {} merge value {transformation:[0.24640801233820867f,0.8804561867711236f,-0.405067888917383f,-1.0457023089315842f,-0.08497055777195713f,0.4359717137079534f,0.8959401035551835f,1.6570767984209653f,0.9654341488508968f,-0.1863479756343025f,0.18223977669417218f,-0.3435280174746481f,0f,0f,0f,1f],start_interpolation:0}
execute if entity @s[tag=aj.twins_sapphiel.bone.wing_2] run data modify entity @s {} merge value {transformation:[-0.02795266144022189f,0.9138592091161651f,-0.405067888917383f,-0.7578128510386563f,-0.21136709371072512f,0.3906600600750078f,0.8959401035551835f,1.5528245290007032f,0.9770069602693165f,0.11066193282140137f,0.18223977669417218f,-0.41019601504291875f,0f,0f,0f,1f],start_interpolation:0}
execute if entity @s[tag=aj.twins_sapphiel.bone.wing_1] run data modify entity @s {} merge value {transformation:[-0.15702477226181993f,0.44207165602992216f,-0.883128457151668f,-0.5486294994622417f,-0.16992484496083288f,0.868791957052469f,0.46510867808070155f,1.414675722869323f,0.972866264170549f,0.22309905041461497f,-0.061302901586601566f,-0.3427437288493995f,0f,0f,0f,1f],start_interpolation:0}
execute if entity @s[tag=aj.twins_sapphiel.bone.wing_0] run data modify entity @s {} merge value {transformation:[-0.4747368056491443f,0.44207165602992216f,-0.7610503375579099f,-0.19679907898717333f,0.015588088747089703f,0.868791957052469f,0.4949318608153587f,1.246677842791401f,0.8799897595149955f,0.22309905041461497f,-0.4193385706715251f,-0.1519105526735065f,0f,0f,0f,1f],start_interpolation:0}
execute if entity @s[tag=aj.twins_sapphiel.bone.body_0] run data modify entity @s {} merge value {transformation:[-0.9245007758790775f,0.0508676158468587f,-0.3777708314005197f,-0.007942735142615186f,0.018864025314371747f,0.9959470279410323f,0.08794126496908822f,1.044370217153415f,0.3807130992596949f,0.07417548916913891f,-0.9217133680589626f,-0.087691137494866f,0f,0f,0f,1f],start_interpolation:0}
execute if entity @s[tag=aj.twins_sapphiel.bone.leg_right_1] run data modify entity @s {} merge value {transformation:[-0.9537169507482269f,0.05992784982611345f,-0.2946737699061841f,0.0026006231605129326f,0f,0.979940428125986f,0.19929063531500613f,0.5103877383464457f,0.30070579950427295f,0.19006685702530457f,-0.9345857970272275f,0.3614368133266687f,0f,0f,0f,1f],start_interpolation:0}
execute if entity @s[tag=aj.twins_sapphiel.bone.leg_right_0] run data modify entity @s {} merge value {transformation:[-0.9537169507482269f,-0.21632612660367223f,-0.20887073706997814f,-0.07950094313045239f,0f,0.6946016252906029f,-0.7193945941857312f,0.7045047970146714f,0.30070579950427295f,-0.6860988187515737f,-0.6624533440569162f,0.1010439124123641f,0f,0f,0f,1f],start_interpolation:0}
execute if entity @s[tag=aj.twins_sapphiel.bone.leg_left_1] run data modify entity @s {} merge value {transformation:[-0.9537169507482269f,0.015690349797409048f,-0.30029617176837087f,0.20053521162334834f,0f,0.9986377790631997f,0.05217840767712262f,0.35312195240287125f,0.30070579950427295f,0.04976343186472332f,-0.9524177775501363f,0.15782774444753844f,0f,0f,0f,1f],start_interpolation:0}
execute if entity @s[tag=aj.twins_sapphiel.bone.leg_left_0] run data modify entity @s {} merge value {transformation:[-0.9537169507482269f,-0.10273598372383239f,-0.28261156293365f,0.15892829455660434f,0f,0.939827443965324f,-0.3416494922718395f,0.7045047970146714f,0.30070579950427295f,-0.32583691199417864f,-0.896329364088109f,0.02586746253629585f,0f,0f,0f,1f],start_interpolation:0}
execute if entity @s[tag=aj.twins_sapphiel.bone.skirt_forward_right] run data modify entity @s {} merge value {transformation:[-0.9537169507482269f,-0.19613374267866565f,-0.2279375634650045f,0.06026313600358634f,0f,0.7580085380487168f,-0.6522446291425074f,0.8426796123472754f,0.30070579950427295f,-0.6220567588477002f,-0.7229255915489436f,0.12863024892308195f,0f,0f,0f,1f],start_interpolation:0}
execute if entity @s[tag=aj.twins_sapphiel.bone.skirt_forward_left] run data modify entity @s {} merge value {transformation:[-0.9537169507482269f,-0.18376949447154106f,-0.23801838323368685f,0.06026313600358634f,0f,0.7915324001933813f,-0.6111272039797482f,0.8426796123472754f,0.30070579950427295f,-0.5828423734988551f,-0.754897867130857f,0.12863024892308195f,0f,0f,0f,1f],start_interpolation:0}
execute if entity @s[tag=aj.twins_sapphiel.bone.skirt_forward] run data modify entity @s {} merge value {transformation:[-0.9537169507482269f,-0.19613374267866565f,-0.2279375634650045f,0.03177094057046078f,0f,0.7580085380487168f,-0.6522446291425074f,0.761149033704462f,0.30070579950427295f,-0.6220567588477002f,-0.7229255915489436f,0.03826454997946398f,0f,0f,0f,1f],start_interpolation:0}
execute if entity @s[tag=aj.twins_sapphiel.bone.skirt_back_right] run data modify entity @s {} merge value {transformation:[-0.9537169507482269f,-0.06872290067362781f,-0.29274757177217825f,-0.004822505901061501f,0f,0.9735348378873498f,-0.22853866066740525f,0.7325817011210363f,0.30070579950427295f,-0.2179611945798014f,-0.9284766770370927f,-0.07779503465017261f,0f,0f,0f,1f],start_interpolation:0}
execute if entity @s[tag=aj.twins_sapphiel.bone.skirt_back_left] run data modify entity @s {} merge value {transformation:[-0.9537169507482269f,-0.06872290067362781f,-0.29274757177217825f,-0.004822505901061501f,0f,0.9735348378873498f,-0.22853866066740525f,0.7325817011210363f,0.30070579950427295f,-0.2179611945798014f,-0.9284766770370927f,-0.07779503465017261f,0f,0f,0f,1f],start_interpolation:0}
execute if entity @s[tag=aj.twins_sapphiel.bone.skirt_back] run data modify entity @s {} merge value {transformation:[-0.9537169507482269f,-0.06872290067362781f,-0.29274757177217825f,0.03177094057046078f,0f,0.9735348378873498f,-0.22853866066740525f,0.761149033704462f,0.30070579950427295f,-0.2179611945798014f,-0.9284766770370927f,0.03826454997946398f,0f,0f,0f,1f],start_interpolation:0}
execute if entity @s[tag=aj.twins_sapphiel.bone.skirt_right] run data modify entity @s {} merge value {transformation:[-0.9613644572348022f,-0.15434651770374067f,-0.2279375634650045f,-0.1530117186370082f,0.033063868047379014f,0.7572870818814346f,-0.6522446291425074f,0.761149033704462f,0.2732858594866914f,-0.6345813014013495f,-0.7229255915489436f,0.09652629863341686f,0f,0f,0f,1f],start_interpolation:0}
execute if entity @s[tag=aj.twins_sapphiel.bone.skirt_left] run data modify entity @s {} merge value {transformation:[-0.9199571794267153f,-0.31894083335766077f,-0.2279375634650045f,0.21655359977792976f,-0.09893996814178709f,0.7515236699258747f,-0.6522446291425074f,0.761149033704462f,0.3793279197809519f,-0.5774849940546208f,-0.7229255915489436f,-0.01999719867448891f,0f,0f,0f,1f],start_interpolation:0}
execute if entity @s[tag=aj.twins_sapphiel.bone.belt_right_1] run data modify entity @s {} merge value {transformation:[-0.9537169507482269f,0.0444601414705634f,-0.2974008636099119f,-0.2166797891834857f,0f,0.9890094042089999f,0.14785262387309434f,0.5380484290354024f,0.30070579950427295f,0.1410095536003721f,-0.9432350332435281f,-0.21971741285595292f,0f,0f,0f,1f],start_interpolation:0}
execute if entity @s[tag=aj.twins_sapphiel.bone.belt_right_0] run data modify entity @s {} merge value {transformation:[-0.9537169507482269f,0.13302823272505754f,-0.2696803054610252f,-0.17926559872956327f,0f,0.896824424090275f,0.4423866548113159f,0.7902802983107923f,0.30070579950427295f,0.4219116514783567f,-0.8553166550999118f,-0.10105476087766509f,0f,0f,0f,1f],start_interpolation:0}
execute if entity @s[tag=aj.twins_sapphiel.bone.belt_left_1] run data modify entity @s {} merge value {transformation:[-0.9537169507482269f,0.037929211372621535f,-0.298304127997175f,0.10069733386640414f,0f,0.9920132185310122f,0.1261339536355787f,0.52062621260537f,0.30070579950427295f,0.12029608964714239f,-0.9460998218793314f,-0.27313193959302695f,0f,0f,0f,1f],start_interpolation:0}
execute if entity @s[tag=aj.twins_sapphiel.bone.belt_left_0] run data modify entity @s {} merge value {transformation:[-0.9537169507482269f,0.085455450506773f,-0.2883077242013964f,0.12473167932143404f,0f,0.9587700825081681f,0.2841829144886803f,0.7902802983107923f,0.30070579950427295f,0.27103006266088836f,-0.9143952795583159f,-0.19690473446965207f,0f,0f,0f,1f],start_interpolation:0}
execute if entity @s[tag=aj.twins_sapphiel.bone.body_1] run data modify entity @s {} merge value {transformation:[-0.9537169507482269f,-0.1270837622818431f,-0.2725320076978041f,7.654042494670958e-18f,0f,0.9063077870366499f,-0.4226182617406994f,0.9877259804636245f,0.30070579950427295f,-0.4030581999178559f,-0.8643610990919672f,-0.0625f,0f,0f,0f,1f],start_interpolation:0}