execute if entity @s[tag=aj.twins_sapphiel.bone.halo] run data modify entity @s {} merge value {transformation:[0.9691777639343536f,0.13170867886792118f,0.20820011000494956f,-0.29397954427502865f,0.01874803803962615f,-0.8820759517858681f,0.47073402931031016f,1.9514472955118203f,0.24564806729317246f,-0.45232161035254775f,-0.8573576778936589f,-0.32257342452512083f,0f,0f,0f,1f],start_interpolation:0}
execute if entity @s[tag=aj.twins_sapphiel.bone.head] run data modify entity @s {} merge value {transformation:[-0.997951790904279f,0.05405487056466257f,-0.034209560055339316f,0.011132620799956826f,0.047804069435201865f,0.9855171117598597f,0.16269847379105468f,1.3676243721676777f,0.042508751762157126f,0.1607298771129427f,-0.9860826094333485f,-0.05987532905643891f,0f,0f,0f,1f],start_interpolation:0}
execute if entity @s[tag=aj.twins_sapphiel.bone.slide2] run data modify entity @s {} merge value {transformation:[-3.790480467440311e-11f,-4.329435119778964e-11f,-8.178523666871544e-11f,0.20530291687917532f,-4.878685781545006e-11f,8.444948679357762e-11f,-2.209358922394517e-11f,1.1453663021179228f,7.863248875045486e-11f,3.152591528669416e-11f,-5.313236657862864e-11f,0.40368114853039855f,0f,0f,0f,1f],start_interpolation:0}
execute if entity @s[tag=aj.twins_sapphiel.bone.ruby_gun] run data modify entity @s {} merge value {transformation:[-3.790480467440311e-11f,-4.329435119778964e-11f,-8.178523666871544e-11f,0.20530291689572802f,-4.878685781545006e-11f,8.444948679357762e-11f,-2.209358922394517e-11f,1.1453663021092997f,7.863248875045486e-11f,3.152591528669416e-11f,-5.313236657862864e-11f,0.4036811485253807f,0f,0f,0f,1f],start_interpolation:0}
execute if entity @s[tag=aj.twins_sapphiel.bone.arm_right_1] run data modify entity @s {} merge value {transformation:[-0.5707992318439954f,-0.8197971377503874f,0.046053120009142856f,0.016040731060704305f,-0.20931193214673f,0.09104412463702077f,-0.9736012954131077f,1.1058530462584204f,0.7939626892916993f,-0.5653703390746195f,-0.22356123927761315f,0.25719907702671685f,0f,0f,0f,1f],start_interpolation:0}
execute if entity @s[tag=aj.twins_sapphiel.bone.arm_right_0] run data modify entity @s {} merge value {transformation:[-0.5707992318439954f,-0.7861084155915692f,-0.23711135751460105f,-0.23858403982162169f,-0.20931193214673f,0.4185447466865687f,-0.8837470283299846f,1.2729841844877f,0.7939626892916993f,-0.45481188853985355f,-0.40344689124530914f,0.11820377705628267f,0f,0f,0f,1f],start_interpolation:0}
execute if entity @s[tag=aj.twins_sapphiel.bone.slide] run data modify entity @s {} merge value {transformation:[-0.000009997371898265934f,-2.1300589037462856e-8f,2.2825733869744654e-7f,0.4033580908243863f,1.833510650584475e-8f,0.000009850552233047533f,0.000001722290488817637f,0.9902820577819001f,-2.285146639321062e-7f,0.0000017222563656171893f,-0.000009847924352850153f,0.22924670280949816f,0f,0f,0f,1f],start_interpolation:0}
execute if entity @s[tag=aj.twins_sapphiel.bone.sapphire_gun] run data modify entity @s {} merge value {transformation:[-0.000009997371898265934f,-2.1300589037462856e-8f,2.2825733869744654e-7f,0.4033574726368577f,1.833510650584475e-8f,0.000009850552233047533f,0.000001722290488817637f,0.9902803253584225f,-2.285146639321062e-7f,0.0000017222563656171893f,-0.000009847924352850153f,0.22924729598349833f,0f,0f,0f,1f],start_interpolation:0}
execute if entity @s[tag=aj.twins_sapphiel.bone.body] run data modify entity @s {} merge value {transformation:[-0.00001449178207770712f,-3.0876464094653795e-8f,3.308725176678217e-7f,0.4760669676017019f,2.6577821707356894e-8f,0.000014278958286142854f,0.00000249656196572842f,0.9405900669085444f,-3.312455258205373e-7f,0.000002496512502130415f,-0.00001427514901831384f,0.05282562926892041f,0f,0f,0f,1f],start_interpolation:0}
execute if entity @s[tag=aj.twins_sapphiel.bone.shotgun] run data modify entity @s {} merge value {transformation:[-0.000009997371898265934f,-2.1300589037462856e-8f,2.2825733869744654e-7f,0.47606699279682985f,1.833510650584475e-8f,0.000009850552233047533f,0.000001722290488817637f,0.9405889885809883f,-2.285146639321062e-7f,0.0000017222563656171893f,-0.000009847924352850153f,0.05282444047731302f,0f,0f,0f,1f],start_interpolation:0}
execute if entity @s[tag=aj.twins_sapphiel.bone.rocket] run data modify entity @s {} merge value {transformation:[-1.138550698634016f,-0.0035573985119245785f,0.025864532777947636f,0.46344434121201794f,0.00208809360441817f,1.1122067675654137f,0.24488991107596356f,1.3399399621087236f,-0.02602439250190778f,0.24487297441228892f,-1.111907945783906f,-0.32016919443829617f,0f,0f,0f,1f],start_interpolation:0}
execute if entity @s[tag=aj.twins_sapphiel.bone.launcher] run data modify entity @s {} merge value {transformation:[-2.124441528381511f,-0.006637811685331456f,0.04826108104942593f,0.4627789927431047f,0.003896210132492085f,2.075285929733067f,0.45694433949723184f,0.8816017195313354f,-0.04855936608557231f,0.4569127370822443f,-2.074728352979585f,-0.3278358552010835f,0f,0f,0f,1f],start_interpolation:0}
execute if entity @s[tag=aj.twins_sapphiel.bone.arm_left_1] run data modify entity @s {} merge value {transformation:[-0.9449098613106629f,-0.15619263409150522f,0.28766163291864394f,0.4375084849561103f,-0.3224982223314205f,0.29377745872411737f,-0.8998275953418373f,0.8903952141370057f,0.05603793885339753f,-0.9430263335671792f,-0.3279650646149772f,-0.17313525556475973f,0f,0f,0f,1f],start_interpolation:0}
execute if entity @s[tag=aj.twins_sapphiel.bone.arm_left_0] run data modify entity @s {} merge value {transformation:[-0.9449098613106629f,-0.3055878775523728f,-0.11730900686178991f,0.3393124022111618f,-0.3224982223314205f,0.9304750985713593f,0.17381308216498761f,1.1951199830200143f,0.05603793885339753f,0.20206964153888893f,-0.9777666436207608f,-0.07522392175040117f,0f,0f,0f,1f],start_interpolation:0}
execute if entity @s[tag=aj.twins_sapphiel.bone.wing_3] run data modify entity @s {} merge value {transformation:[0.9470556453662325f,0.21878767434620633f,-0.23498416570936675f,-0.9927255741855967f,0.04345529797580988f,0.6377990875103972f,0.7689759170798123f,1.5069305803239268f,0.31811513899495936f,-0.7384742903616098f,0.5945237428540046f,0.052112441141653976f,0f,0f,0f,1f],start_interpolation:0}
execute if entity @s[tag=aj.twins_sapphiel.bone.wing_2] run data modify entity @s {} merge value {transformation:[0.5504318536913083f,0.8011287139454077f,-0.23498416570936675f,-0.7964412946290254f,-0.3988522115863323f,0.4995927864410707f,0.7689759170798123f,1.4638939543041543f,0.7334450816214133f,-0.32954488530126486f,0.5945237428540046f,-0.18833262111730334f,0f,0f,0f,1f],start_interpolation:0}
execute if entity @s[tag=aj.twins_sapphiel.bone.wing_1] run data modify entity @s {} merge value {transformation:[0.4115037494061303f,0.44202391968480037f,-0.7970442388294275f,-0.5770676847672918f,-0.40682103663042085f,0.8716480593884365f,0.2733611251061905f,1.3609201354588332f,0.8155742200312895f,0.21176523555781684f,0.5385110738225315f,-0.28141425224634425f,0f,0f,0f,1f],start_interpolation:0}
execute if entity @s[tag=aj.twins_sapphiel.bone.wing_0] run data modify entity @s {} merge value {transformation:[-0.34606179861746345f,0.44202391968480037f,-0.8275603216467855f,-0.19679907898717333f,-0.05209275085351933f,0.8716480593884365f,0.48735613864286736f,1.1964518623277764f,0.9367644190756603f,0.21176523555781684f,-0.27861785327394756f,-0.1519105526735065f,0f,0f,0f,1f],start_interpolation:0}
execute if entity @s[tag=aj.twins_sapphiel.bone.body_0] run data modify entity @s {} merge value {transformation:[-0.9245007758790775f,0.0508676158468587f,-0.3777708314005197f,-0.007942735142615186f,0.018864025314371747f,0.9959470279410323f,0.08794126496908822f,0.9941442366897906f,0.3807130992596949f,0.07417548916913891f,-0.9217133680589626f,-0.087691137494866f,0f,0f,0f,1f],start_interpolation:0}
execute if entity @s[tag=aj.twins_sapphiel.bone.leg_right_1] run data modify entity @s {} merge value {transformation:[-0.9537169507482269f,0.06508464715365339f,-0.29357787137382885f,0.0015646675462177156f,0f,0.9762960071199333f,0.21643961393810296f,0.45540503434233043f,0.30070579950427295f,0.2064221286261711f,-0.9311100509380921f,0.3581511818848909f,0f,0f,0f,1f],start_interpolation:0}
execute if entity @s[tag=aj.twins_sapphiel.bone.leg_right_0] run data modify entity @s {} merge value {transformation:[-0.9537169507482269f,-0.2126311099715937f,-0.21263110997159373f,-0.07950094313045239f,0f,0.7071067811865476f,-0.7071067811865475f,0.6542788165510469f,0.30070579950427295f,-0.6743797232066278f,-0.674379723206628f,0.1010439124123641f,0f,0f,0f,1f],start_interpolation:0}
execute if entity @s[tag=aj.twins_sapphiel.bone.leg_left_1] run data modify entity @s {} merge value {transformation:[-0.9537169507482269f,0.026208237304323243f,-0.2995615231515961f,0.20999135550851805f,0f,0.9961946980917454f,0.08715574274765814f,0.31969612468406194f,0.30070579950427295f,0.08312190921349338f,-0.95008776981561f,0.1878188012441414f,0f,0f,0f,1f],start_interpolation:0}
execute if entity @s[tag=aj.twins_sapphiel.bone.leg_left_0] run data modify entity @s {} merge value {transformation:[-0.9537169507482269f,-0.1270837622818431f,-0.2725320076978041f,0.15892829455660434f,0f,0.9063077870366499f,-0.4226182617406994f,0.6542788165510469f,0.30070579950427295f,-0.4030581999178559f,-0.8643610990919672f,0.02586746253629585f,0f,0f,0f,1f],start_interpolation:0}
execute if entity @s[tag=aj.twins_sapphiel.bone.skirt_forward_right] run data modify entity @s {} merge value {transformation:[-0.9537169507482269f,-0.2126311099715937f,-0.21263110997159373f,0.05834982931691f,0f,0.7071067811865476f,-0.7071067811865475f,0.799311400889156f,0.30070579950427295f,-0.6743797232066278f,-0.674379723206628f,0.12256201538029247f,0f,0f,0f,1f],start_interpolation:0}
execute if entity @s[tag=aj.twins_sapphiel.bone.skirt_forward_left] run data modify entity @s {} merge value {transformation:[-0.9537169507482269f,-0.2126311099715937f,-0.21263110997159373f,0.05834982931691f,0f,0.7071067811865476f,-0.7071067811865475f,0.799311400889156f,0.30070579950427295f,-0.6743797232066278f,-0.674379723206628f,0.12256201538029247f,0f,0f,0f,1f],start_interpolation:0}
execute if entity @s[tag=aj.twins_sapphiel.bone.skirt_forward] run data modify entity @s {} merge value {transformation:[-0.9537169507482269f,-0.2126311099715937f,-0.21263110997159373f,0.03177094057046078f,0f,0.7071067811865476f,-0.7071067811865475f,0.7109230532408375f,0.30070579950427295f,-0.6743797232066278f,-0.674379723206628f,0.03826454997946398f,0f,0f,0f,1f],start_interpolation:0}
execute if entity @s[tag=aj.twins_sapphiel.bone.skirt_back_right] run data modify entity @s {} merge value {transformation:[-0.9537169507482269f,-0.09042397785550403f,-0.2867882181755228f,-0.00407758670147957f,0f,0.9537169507482268f,-0.3007057995042731f,0.6733348283028033f,0.30070579950427295f,-0.2867882181755229f,-0.909576022144496f,-0.07543245278859802f,0f,0f,0f,1f],start_interpolation:0}
execute if entity @s[tag=aj.twins_sapphiel.bone.skirt_back_left] run data modify entity @s {} merge value {transformation:[-0.9537169507482269f,-0.09042397785550403f,-0.2867882181755228f,-0.00407758670147957f,0f,0.9537169507482268f,-0.3007057995042731f,0.6733348283028033f,0.30070579950427295f,-0.2867882181755229f,-0.909576022144496f,-0.07543245278859802f,0f,0f,0f,1f],start_interpolation:0}
execute if entity @s[tag=aj.twins_sapphiel.bone.skirt_back] run data modify entity @s {} merge value {transformation:[-0.9537169507482269f,-0.09042397785550403f,-0.2867882181755228f,0.03177094057046078f,0f,0.9537169507482268f,-0.3007057995042731f,0.7109230532408375f,0.30070579950427295f,-0.2867882181755229f,-0.909576022144496f,0.03826454997946398f,0f,0f,0f,1f],start_interpolation:0}
execute if entity @s[tag=aj.twins_sapphiel.bone.skirt_right] run data modify entity @s {} merge value {transformation:[-0.9620840622892607f,-0.17082818315852313f,-0.21263110997159373f,-0.1530117186370082f,0.0308435645972319f,0.7064337722128922f,-0.7071067811865475f,0.7109230532408375f,0.2710035638362166f,-0.6868544658920269f,-0.674379723206628f,0.09652629863341686f,0f,0f,0f,1f],start_interpolation:0}
execute if entity @s[tag=aj.twins_sapphiel.bone.skirt_left] run data modify entity @s {} merge value {transformation:[-0.9178038408923138f,-0.33529706338643067f,-0.21263110997159373f,0.21655359977792976f,-0.09229595564125725f,0.7010573846499779f,-0.7071067811865475f,0.7109230532408375f,0.3861574370843882f,-0.6293603282001247f,-0.674379723206628f,-0.01999719867448891f,0f,0f,0f,1f],start_interpolation:0}
execute if entity @s[tag=aj.twins_sapphiel.bone.belt_right_1] run data modify entity @s {} merge value {transformation:[-0.9537169507482269f,0.052217014097794265f,-0.2961374027275426f,-0.22155235178485164f,0f,0.9848077530122082f,0.17364817766693025f,0.49648467303279437f,0.30070579950427295f,0.1656112105074911f,-0.9392278472760162f,-0.23517120707663447f,0f,0f,0f,1f],start_interpolation:0}
execute if entity @s[tag=aj.twins_sapphiel.bone.belt_right_0] run data modify entity @s {} merge value {transformation:[-0.9537169507482269f,0.1503528997521364f,-0.26041886143601045f,-0.17926559872956327f,0f,0.8660254037844388f,0.4999999999999999f,0.7400543178471678f,0.30070579950427295f,0.47685847537411336f,-0.825943107367797f,-0.10105476087766509f,0f,0f,0f,1f],start_interpolation:0}
execute if entity @s[tag=aj.twins_sapphiel.bone.belt_left_1] run data modify entity @s {} merge value {transformation:[-0.9537169507482269f,0.026208237304323298f,-0.29956152315159607f,0.09236679971588865f,0f,0.9961946980917454f,0.08715574274765814f,0.4802131993283684f,0.30070579950427295f,0.08312190921349338f,-0.95008776981561f,-0.299553018405711f,0f,0f,0f,1f],start_interpolation:0}
execute if entity @s[tag=aj.twins_sapphiel.bone.belt_left_0] run data modify entity @s {} merge value {transformation:[-0.9537169507482269f,0.11507512748638364f,-0.27781593346944033f,0.12473167932143404f,0f,0.9238795325112866f,0.38268343236508967f,0.7400543178471678f,0.30070579950427295f,0.36497167621709864f,-0.8811195706053618f,-0.19690473446965207f,0f,0f,0f,1f],start_interpolation:0}
execute if entity @s[tag=aj.twins_sapphiel.bone.body_1] run data modify entity @s {} merge value {transformation:[-0.9537169507482269f,-0.1270837622818431f,-0.2725320076978041f,7.654042494670958e-18f,0f,0.9063077870366499f,-0.4226182617406994f,0.9375f,0.30070579950427295f,-0.4030581999178559f,-0.8643610990919672f,-0.0625f,0f,0f,0f,1f],start_interpolation:0}