execute if entity @s[tag=aj.twins_sapphiel.bone.halo] run data modify entity @s {} merge value {transformation:[0.9678395493155918f,0.19225287785805942f,0.16225115634683535f,-0.28985878999758813f,-0.014101097409933872f,-0.602485829828365f,0.7980050024328552f,2.1143834336557923f,0.2511727808350791f,-0.7746287212667238f,-0.5803986374520993f,-0.2727576990123556f,0f,0f,0f,1f],start_interpolation:0}
execute if entity @s[tag=aj.twins_sapphiel.bone.head] run data modify entity @s {} merge value {transformation:[-0.997951790904279f,0.057581930184300516f,-0.027866545304228885f,0.011132620799956826f,0.047804069435201865f,0.9607454461422897f,0.2732818300990518f,1.4888337321326872f,0.04250875176215718f,0.27138995750230505f,-0.9615302891695718f,-0.05987532905643891f,0f,0f,0f,1f],start_interpolation:0}
execute if entity @s[tag=aj.twins_sapphiel.bone.slide2] run data modify entity @s {} merge value {transformation:[-3.790480467440311e-11f,-4.329435119778964e-11f,-8.178523666871544e-11f,0.20530291687917532f,-4.878685781545006e-11f,8.444948679357762e-11f,-2.209358922394517e-11f,1.2665756620829325f,7.863248875045486e-11f,3.152591528669416e-11f,-5.313236657862864e-11f,0.40368114853039855f,0f,0f,0f,1f],start_interpolation:0}
execute if entity @s[tag=aj.twins_sapphiel.bone.ruby_gun] run data modify entity @s {} merge value {transformation:[-3.790480467440311e-11f,-4.329435119778964e-11f,-8.178523666871544e-11f,0.20530291689572802f,-4.878685781545006e-11f,8.444948679357762e-11f,-2.209358922394517e-11f,1.2665756620743094f,7.863248875045486e-11f,3.152591528669416e-11f,-5.313236657862864e-11f,0.4036811485253807f,0f,0f,0f,1f],start_interpolation:0}
execute if entity @s[tag=aj.twins_sapphiel.bone.arm_right_1] run data modify entity @s {} merge value {transformation:[-0.5707992318439954f,-0.8197971377503874f,0.046053120009142856f,0.016040731060704305f,-0.20931193214673f,0.09104412463702077f,-0.9736012954131077f,1.22706240622343f,0.7939626892916993f,-0.5653703390746195f,-0.22356123927761315f,0.25719907702671685f,0f,0f,0f,1f],start_interpolation:0}
execute if entity @s[tag=aj.twins_sapphiel.bone.arm_right_0] run data modify entity @s {} merge value {transformation:[-0.5707992318439954f,-0.7861084155915692f,-0.23711135751460105f,-0.23858403982162169f,-0.20931193214673f,0.4185447466865687f,-0.8837470283299846f,1.3941935444527094f,0.7939626892916993f,-0.45481188853985355f,-0.40344689124530914f,0.11820377705628267f,0f,0f,0f,1f],start_interpolation:0}
execute if entity @s[tag=aj.twins_sapphiel.bone.slide] run data modify entity @s {} merge value {transformation:[-0.000009997371898265934f,-2.1300589037462856e-8f,2.2825733869744654e-7f,0.4033580908243863f,1.833510650584475e-8f,0.000009850552233047533f,0.000001722290488817637f,1.1114914177469093f,-2.285146639321062e-7f,0.0000017222563656171893f,-0.000009847924352850153f,0.22924670280949816f,0f,0f,0f,1f],start_interpolation:0}
execute if entity @s[tag=aj.twins_sapphiel.bone.sapphire_gun] run data modify entity @s {} merge value {transformation:[-0.000009997371898265934f,-2.1300589037462856e-8f,2.2825733869744654e-7f,0.4033574726368577f,1.833510650584475e-8f,0.000009850552233047533f,0.000001722290488817637f,1.1114896853234317f,-2.285146639321062e-7f,0.0000017222563656171893f,-0.000009847924352850153f,0.22924729598349833f,0f,0f,0f,1f],start_interpolation:0}
execute if entity @s[tag=aj.twins_sapphiel.bone.body] run data modify entity @s {} merge value {transformation:[-0.00001449178207770712f,-3.0876464094653795e-8f,3.308725176678217e-7f,0.4760669676017019f,2.6577821707356894e-8f,0.000014278958286142854f,0.00000249656196572842f,1.0617994268735536f,-3.312455258205373e-7f,0.000002496512502130415f,-0.00001427514901831384f,0.05282562926892041f,0f,0f,0f,1f],start_interpolation:0}
execute if entity @s[tag=aj.twins_sapphiel.bone.shotgun] run data modify entity @s {} merge value {transformation:[-0.000009997371898265934f,-2.1300589037462856e-8f,2.2825733869744654e-7f,0.47606699279682985f,1.833510650584475e-8f,0.000009850552233047533f,0.000001722290488817637f,1.0617983485459974f,-2.285146639321062e-7f,0.0000017222563656171893f,-0.000009847924352850153f,0.05282444047731302f,0f,0f,0f,1f],start_interpolation:0}
execute if entity @s[tag=aj.twins_sapphiel.bone.rocket] run data modify entity @s {} merge value {transformation:[-1.138550698634016f,-0.0035573985119245785f,0.025864532777947636f,0.46344434121201794f,0.00208809360441817f,1.1122067675654137f,0.24488991107596356f,1.4611493220737328f,-0.02602439250190778f,0.24487297441228892f,-1.111907945783906f,-0.32016919443829617f,0f,0f,0f,1f],start_interpolation:0}
execute if entity @s[tag=aj.twins_sapphiel.bone.launcher] run data modify entity @s {} merge value {transformation:[-2.124441528381511f,-0.006637811685331456f,0.04826108104942593f,0.4627789927431047f,0.003896210132492085f,2.075285929733067f,0.45694433949723184f,1.0028110794963447f,-0.04855936608557231f,0.4569127370822443f,-2.074728352979585f,-0.3278358552010835f,0f,0f,0f,1f],start_interpolation:0}
execute if entity @s[tag=aj.twins_sapphiel.bone.arm_left_1] run data modify entity @s {} merge value {transformation:[-0.9449098613106629f,-0.15619263409150522f,0.28766163291864394f,0.4375084849561103f,-0.3224982223314205f,0.29377745872411737f,-0.8998275953418373f,1.011604574102015f,0.05603793885339753f,-0.9430263335671792f,-0.3279650646149772f,-0.17313525556475973f,0f,0f,0f,1f],start_interpolation:0}
execute if entity @s[tag=aj.twins_sapphiel.bone.arm_left_0] run data modify entity @s {} merge value {transformation:[-0.9449098613106629f,-0.3055878775523728f,-0.11730900686178991f,0.3393124022111618f,-0.3224982223314205f,0.9304750985713593f,0.17381308216498761f,1.3163293429850236f,0.05603793885339753f,0.20206964153888893f,-0.9777666436207608f,-0.07522392175040117f,0f,0f,0f,1f],start_interpolation:0}
execute if entity @s[tag=aj.twins_sapphiel.bone.wing_3] run data modify entity @s {} merge value {transformation:[-0.9141947943089683f,0.36703932718822463f,-0.1718429816885123f,-0.7642099127431196f,0.04906793877232751f,0.521138366894241f,0.8520605259812466f,1.6721535032158075f,0.4022936930191897f,0.7705173163842709f,-0.4944318453629003f,-0.8651810270720108f,0f,0f,0f,1f],start_interpolation:0}
execute if entity @s[tag=aj.twins_sapphiel.bone.wing_2] run data modify entity @s {} merge value {transformation:[-0.7548743679425391f,0.6329570903842958f,-0.1718429816885123f,-0.5513457390946631f,0.20858446978121953f,0.4800889282525155f,0.8520605259812466f,1.575396588265146f,0.6218176642629569f,0.6073548737777588f,-0.4944318453629003f,-0.6565654942583872f,0f,0f,0f,1f],start_interpolation:0}
execute if entity @s[tag=aj.twins_sapphiel.bone.wing_1] run data modify entity @s {} merge value {transformation:[-0.7951138330695643f,0.4418941086433247f,-0.4153595902441001f,-0.4964566722823298f,0.27043918826493396f,0.8713767579937234f,0.4093472744247258f,1.4761005542913683f,0.5428228421059937f,0.2131481700007526f,-0.8123491981366766f,-0.4230701707365882f,0f,0f,0f,1f],start_interpolation:0}
execute if entity @s[tag=aj.twins_sapphiel.bone.wing_0] run data modify entity @s {} merge value {transformation:[-0.6292163754868872f,0.4418941086433247f,-0.6393874799880477f,-0.19679907898717333f,0.1317205565191807f,0.8713767579937234f,0.47260156645807416f,1.317661222292786f,0.7659872373671912f,0.2131481700007526f,-0.6064910632613711f,-0.1519105526735065f,0f,0f,0f,1f],start_interpolation:0}
execute if entity @s[tag=aj.twins_sapphiel.bone.body_0] run data modify entity @s {} merge value {transformation:[-0.9245007758790775f,0.0508676158468587f,-0.3777708314005197f,-0.007942735142615186f,0.018864025314371747f,0.9959470279410323f,0.08794126496908822f,1.1153535966548f,0.3807130992596949f,0.07417548916913891f,-0.9217133680589626f,-0.087691137494866f,0f,0f,0f,1f],start_interpolation:0}
execute if entity @s[tag=aj.twins_sapphiel.bone.leg_right_1] run data modify entity @s {} merge value {transformation:[-0.9537169507482269f,0.05260881224555382f,-0.29606805084239673f,0.0040216107682662094f,0f,0.9845771226576883f,0.17495110613856424f,0.5881951024788343f,0.30070579950427295f,0.16685383547650084f,-0.9390078911975535f,0.3659436102376415f,0f,0f,0f,1f],start_interpolation:0}
execute if entity @s[tag=aj.twins_sapphiel.bone.leg_right_0] run data modify entity @s {} merge value {transformation:[-0.9537169507482269f,-0.2214345672438443f,-0.2034470699839036f,-0.07950094313045239f,0f,0.676565168743986f,-0.7363827621844645f,0.7754881765160564f,0.30070579950427295f,-0.7023007225341243f,-0.6452516697169739f,0.1010439124123641f,0f,0f,0f,1f],start_interpolation:0}
execute if entity @s[tag=aj.twins_sapphiel.bone.leg_left_1] run data modify entity @s {} merge value {transformation:[-0.9537169507482269f,0.000795776667376763f,-0.3007047465455103f,0.18635675089988005f,0f,0.9999964983756073f,0.002646362885879383f,0.4054494915989499f,0.30070579950427295f,0.00252388114209412f,-0.9537136111896886f,0.11285941211147545f,0f,0f,0f,1f],start_interpolation:0}
execute if entity @s[tag=aj.twins_sapphiel.bone.leg_left_0] run data modify entity @s {} merge value {transformation:[-0.9537169507482269f,-0.06702549482588897f,-0.2931408550489827f,0.15892829455660434f,0f,0.9748427051697661f,-0.22289392135563568f,0.7754881765160564f,0.30070579950427295f,-0.21257771101561201f,-0.9297240122336622f,0.02586746253629585f,0f,0f,0f,1f],start_interpolation:0}
execute if entity @s[tag=aj.twins_sapphiel.bone.skirt_forward_right] run data modify entity @s {} merge value {transformation:[-0.9537169507482269f,-0.1818803090055632f,-0.23946509359726065f,0.06170407727011836f,0f,0.7963434492850809f,-0.6048446997211264f,0.9077380006709878f,0.30070579950427295f,-0.5768506426942597f,-0.7594862462004928f,0.1332003307545256f,0f,0f,0f,1f],start_interpolation:0}
execute if entity @s[tag=aj.twins_sapphiel.bone.skirt_forward_left] run data modify entity @s {} merge value {transformation:[-0.9537169507482269f,-0.1607040598323366f,-0.25416172608972565f,0.06170407727011836f,0f,0.8452172406010219f,-0.534422881425182f,0.9077380006709878f,0.30070579950427295f,-0.5096881608829058f,-0.8060980094258372f,0.1332003307545256f,0f,0f,0f,1f],start_interpolation:0}
execute if entity @s[tag=aj.twins_sapphiel.bone.skirt_forward] run data modify entity @s {} merge value {transformation:[-0.9537169507482269f,-0.1818803090055632f,-0.23946509359726065f,0.03177094057046078f,0f,0.7963434492850809f,-0.6048446997211264f,0.832132413205847f,0.30070579950427295f,-0.5768506426942597f,-0.7594862462004928f,0.03826454997946398f,0f,0f,0f,1f],start_interpolation:0}
execute if entity @s[tag=aj.twins_sapphiel.bone.skirt_back_right] run data modify entity @s {} merge value {transformation:[-0.9537169507482269f,-0.05075712954300435f,-0.2963911126468853f,-0.00527794851039988f,0f,0.9856514677651693f,-0.16879331767687805f,0.8110332484962373f,0.30070579950427295f,-0.16098104824146892f,-0.9400325123375115f,-0.07923951406272496f,0f,0f,0f,1f],start_interpolation:0}
execute if entity @s[tag=aj.twins_sapphiel.bone.skirt_back_left] run data modify entity @s {} merge value {transformation:[-0.9537169507482269f,-0.05075712954300435f,-0.2963911126468853f,-0.00527794851039988f,0f,0.9856514677651693f,-0.16879331767687805f,0.8110332484962373f,0.30070579950427295f,-0.16098104824146892f,-0.9400325123375115f,-0.07923951406272496f,0f,0f,0f,1f],start_interpolation:0}
execute if entity @s[tag=aj.twins_sapphiel.bone.skirt_back] run data modify entity @s {} merge value {transformation:[-0.9537169507482269f,-0.05075712954300435f,-0.2963911126468853f,0.03177094057046078f,0f,0.9856514677651693f,-0.16879331767687805f,0.832132413205847f,0.30070579950427295f,-0.16098104824146892f,-0.9400325123375115f,0.03826454997946398f,0f,0f,0f,1f],start_interpolation:0}
execute if entity @s[tag=aj.twins_sapphiel.bone.skirt_right] run data modify entity @s {} merge value {transformation:[-0.9607427311901291f,-0.1401066501411927f,-0.23946509359726065f,-0.1530117186370082f,0.034736013390213746f,0.7955855067766224f,-0.6048446997211264f,0.832132413205847f,0.27525772257847064f,-0.5894182114536318f,-0.7594862462004928f,0.09652629863341686f,0f,0f,0f,1f],start_interpolation:0}
execute if entity @s[tag=aj.twins_sapphiel.bone.skirt_left] run data modify entity @s {} merge value {transformation:[-0.9218176258501265f,-0.30480933978553093f,-0.23946509359726065f,0.21655359977792976f,-0.10394367813456337f,0.7895306206823891f,-0.6048446997211264f,0.832132413205847f,0.37342733757438595f,-0.5326656224916246f,-0.7594862462004928f,-0.01999719867448891f,0f,0f,0f,1f],start_interpolation:0}
execute if entity @s[tag=aj.twins_sapphiel.bone.belt_right_1] run data modify entity @s {} merge value {transformation:[-0.9537169507482269f,0.031249375350476047f,-0.2990776728472205f,-0.20806987352229542f,0f,0.9945856492966333f,0.10392009532902946f,0.5968283340586813f,0.30070579950427295f,0.09911035643866709f,-0.9485531927051305f,-0.1924102490961362f,0f,0f,0f,1f],start_interpolation:0}
execute if entity @s[tag=aj.twins_sapphiel.bone.belt_right_0] run data modify entity @s {} merge value {transformation:[-0.9537169507482269f,0.10241519926304764f,-0.2827279696376257f,-0.17926559872956327f,0f,0.9402145555679856f,0.3405827204925337f,0.8612636778121773f,0.30070579950427295f,0.32481951366567496f,-0.8966985589853986f,-0.10105476087766509f,0f,0f,0f,1f],start_interpolation:0}
execute if entity @s[tag=aj.twins_sapphiel.bone.belt_left_1] run data modify entity @s {} merge value {transformation:[-0.9537169507482269f,0.05764819035374138f,-0.29512821621194196f,0.11536331912350799f,0f,0.9814516936436682f,0.19170960602947146f,0.5817445278380644f,0.30070579950427295f,0.1828367008915714f,-0.9360271165685221f,-0.22661737698006076f,0f,0f,0f,1f],start_interpolation:0}
execute if entity @s[tag=aj.twins_sapphiel.bone.belt_left_0] run data modify entity @s {} merge value {transformation:[-0.9537169507482269f,0.033309725148181535f,-0.298855215892339f,0.12473167932143404f,0f,0.9938458665746233f,0.1107718082028818f,0.8612636778121773f,0.30070579950427295f,0.10564495114811984f,-0.9478476493832788f,-0.19690473446965207f,0f,0f,0f,1f],start_interpolation:0}
execute if entity @s[tag=aj.twins_sapphiel.bone.body_1] run data modify entity @s {} merge value {transformation:[-0.9537169507482269f,-0.1270837622818431f,-0.2725320076978041f,7.654042494670958e-18f,0f,0.9063077870366499f,-0.4226182617406994f,1.0587093599650095f,0.30070579950427295f,-0.4030581999178559f,-0.8643610990919672f,-0.0625f,0f,0f,0f,1f],start_interpolation:0}