execute if entity @s[tag=aj.twins_sapphiel.bone.halo] run data modify entity @s {} merge value {transformation:[0.9676702724660471f,0.17060848062497114f,0.18576057203918567f,-0.29355921164362964f,-0.017993446605493867f,-0.6879326056321342f,0.7255514909277204f,2.073682714058058f,0.2515759918289936f,-0.7054370818485667f,-0.662622097343755f,-0.2939775400428229f,0f,0f,0f,1f],start_interpolation:0}
execute if entity @s[tag=aj.twins_sapphiel.bone.head] run data modify entity @s {} merge value {transformation:[-0.997951790904279f,0.057948261125460844f,-0.02709653231462833f,0.011132620799956826f,0.047804069435201865f,0.957017386936282f,0.2860637901711525f,1.5065132610565666f,0.04250875176215718f,0.2841825472019458f,-0.9578273779180866f,-0.05987532905643891f,0f,0f,0f,1f],start_interpolation:0}
execute if entity @s[tag=aj.twins_sapphiel.bone.slide2] run data modify entity @s {} merge value {transformation:[-3.790480467440311e-11f,-4.329435119778964e-11f,-8.178523666871544e-11f,0.20530291687917532f,-4.878685781545006e-11f,8.444948679357762e-11f,-2.209358922394517e-11f,1.2842551910068116f,7.863248875045486e-11f,3.152591528669416e-11f,-5.313236657862864e-11f,0.40368114853039855f,0f,0f,0f,1f],start_interpolation:0}
execute if entity @s[tag=aj.twins_sapphiel.bone.ruby_gun] run data modify entity @s {} merge value {transformation:[-3.790480467440311e-11f,-4.329435119778964e-11f,-8.178523666871544e-11f,0.20530291689572802f,-4.878685781545006e-11f,8.444948679357762e-11f,-2.209358922394517e-11f,1.2842551909981885f,7.863248875045486e-11f,3.152591528669416e-11f,-5.313236657862864e-11f,0.4036811485253807f,0f,0f,0f,1f],start_interpolation:0}
execute if entity @s[tag=aj.twins_sapphiel.bone.arm_right_1] run data modify entity @s {} merge value {transformation:[-0.5707992318439954f,-0.8197971377503874f,0.046053120009142856f,0.016040731060704305f,-0.20931193214673f,0.09104412463702077f,-0.9736012954131077f,1.2447419351473092f,0.7939626892916993f,-0.5653703390746195f,-0.22356123927761315f,0.25719907702671685f,0f,0f,0f,1f],start_interpolation:0}
execute if entity @s[tag=aj.twins_sapphiel.bone.arm_right_0] run data modify entity @s {} merge value {transformation:[-0.5707992318439954f,-0.7861084155915692f,-0.23711135751460105f,-0.23858403982162169f,-0.20931193214673f,0.4185447466865687f,-0.8837470283299846f,1.4118730733765887f,0.7939626892916993f,-0.45481188853985355f,-0.40344689124530914f,0.11820377705628267f,0f,0f,0f,1f],start_interpolation:0}
execute if entity @s[tag=aj.twins_sapphiel.bone.slide] run data modify entity @s {} merge value {transformation:[-0.000009997371898265934f,-2.1300589037462856e-8f,2.2825733869744654e-7f,0.4033580908243863f,1.833510650584475e-8f,0.000009850552233047533f,0.000001722290488817637f,1.1291709466707889f,-2.285146639321062e-7f,0.0000017222563656171893f,-0.000009847924352850153f,0.22924670280949816f,0f,0f,0f,1f],start_interpolation:0}
execute if entity @s[tag=aj.twins_sapphiel.bone.sapphire_gun] run data modify entity @s {} merge value {transformation:[-0.000009997371898265934f,-2.1300589037462856e-8f,2.2825733869744654e-7f,0.4033574726368577f,1.833510650584475e-8f,0.000009850552233047533f,0.000001722290488817637f,1.1291692142473113f,-2.285146639321062e-7f,0.0000017222563656171893f,-0.000009847924352850153f,0.22924729598349833f,0f,0f,0f,1f],start_interpolation:0}
execute if entity @s[tag=aj.twins_sapphiel.bone.body] run data modify entity @s {} merge value {transformation:[-0.00001449178207770712f,-3.0876464094653795e-8f,3.308725176678217e-7f,0.4760669676017019f,2.6577821707356894e-8f,0.000014278958286142854f,0.00000249656196572842f,1.0794789557974331f,-3.312455258205373e-7f,0.000002496512502130415f,-0.00001427514901831384f,0.05282562926892041f,0f,0f,0f,1f],start_interpolation:0}
execute if entity @s[tag=aj.twins_sapphiel.bone.shotgun] run data modify entity @s {} merge value {transformation:[-0.000009997371898265934f,-2.1300589037462856e-8f,2.2825733869744654e-7f,0.47606699279682985f,1.833510650584475e-8f,0.000009850552233047533f,0.000001722290488817637f,1.079477877469877f,-2.285146639321062e-7f,0.0000017222563656171893f,-0.000009847924352850153f,0.05282444047731302f,0f,0f,0f,1f],start_interpolation:0}
execute if entity @s[tag=aj.twins_sapphiel.bone.rocket] run data modify entity @s {} merge value {transformation:[-1.138550698634016f,-0.0035573985119245785f,0.025864532777947636f,0.46344434121201794f,0.00208809360441817f,1.1122067675654137f,0.24488991107596356f,1.4788288509976124f,-0.02602439250190778f,0.24487297441228892f,-1.111907945783906f,-0.32016919443829617f,0f,0f,0f,1f],start_interpolation:0}
execute if entity @s[tag=aj.twins_sapphiel.bone.launcher] run data modify entity @s {} merge value {transformation:[-2.124441528381511f,-0.006637811685331456f,0.04826108104942593f,0.4627789927431047f,0.003896210132492085f,2.075285929733067f,0.45694433949723184f,1.0204906084202243f,-0.04855936608557231f,0.4569127370822443f,-2.074728352979585f,-0.3278358552010835f,0f,0f,0f,1f],start_interpolation:0}
execute if entity @s[tag=aj.twins_sapphiel.bone.arm_left_1] run data modify entity @s {} merge value {transformation:[-0.9449098613106629f,-0.15619263409150522f,0.28766163291864394f,0.4375084849561103f,-0.3224982223314205f,0.29377745872411737f,-0.8998275953418373f,1.0292841030258946f,0.05603793885339753f,-0.9430263335671792f,-0.3279650646149772f,-0.17313525556475973f,0f,0f,0f,1f],start_interpolation:0}
execute if entity @s[tag=aj.twins_sapphiel.bone.arm_left_0] run data modify entity @s {} merge value {transformation:[-0.9449098613106629f,-0.3055878775523728f,-0.11730900686178991f,0.3393124022111618f,-0.3224982223314205f,0.9304750985713593f,0.17381308216498761f,1.3340088719089032f,0.05603793885339753f,0.20206964153888893f,-0.9777666436207608f,-0.07522392175040117f,0f,0f,0f,1f],start_interpolation:0}
execute if entity @s[tag=aj.twins_sapphiel.bone.wing_3] run data modify entity @s {} merge value {transformation:[-0.9963724595906576f,0.07689653799367285f,-0.03645331553989373f,-0.6483835170043909f,0.019158385049822063f,0.6200552738236509f,0.7843241764001414f,1.6355555582360268f,0.08291488437877842f,0.7807806221007696f,-0.6192792117457109f,-0.94728176849184f,0f,0f,0f,1f],start_interpolation:0}
execute if entity @s[tag=aj.twins_sapphiel.bone.wing_2] run data modify entity @s {} merge value {transformation:[-0.8533687023918455f,0.5200317428428832f,-0.03645331553989373f,-0.48483826063579494f,0.298042049759054f,0.5440648149712142f,0.7843241764001414f,1.5630259213963638f,0.427706434781474f,0.658453083785118f,-0.6192792117457109f,-0.6900155669725601f,0f,0f,0f,1f],start_interpolation:0}
execute if entity @s[tag=aj.twins_sapphiel.bone.wing_1] run data modify entity @s {} merge value {transformation:[-0.8674937337357619f,0.4427020682633639f,-0.22686890638544271f,-0.4817423670829084f,0.3587241237326091f,0.8726904600562196f,0.3312527192026287f,1.4884471780574549f,0.34463259419483044f,0.205976308545919f,-0.9158614171021386f,-0.441377266201946f,0f,0f,0f,1f],start_interpolation:0}
execute if entity @s[tag=aj.twins_sapphiel.bone.wing_0] run data modify entity @s {} merge value {transformation:[-0.6617945312566043f,0.4427020682633639f,-0.6050147743271986f,-0.19679907898717333f,0.1630072172360551f,0.8726904600562196f,0.4602608043879267f,1.3353407512166653f,0.7317490317915076f,0.205976308545919f,-0.6497054061572732f,-0.1519105526735065f,0f,0f,0f,1f],start_interpolation:0}
execute if entity @s[tag=aj.twins_sapphiel.bone.body_0] run data modify entity @s {} merge value {transformation:[-0.9245007758790775f,0.0508676158468587f,-0.3777708314005197f,-0.007942735142615186f,0.018864025314371747f,0.9959470279410323f,0.08794126496908822f,1.1330331255786794f,0.3807130992596949f,0.07417548916913891f,-0.9217133680589626f,-0.087691137494866f,0f,0f,0f,1f],start_interpolation:0}
execute if entity @s[tag=aj.twins_sapphiel.bone.leg_right_1] run data modify entity @s {} merge value {transformation:[-0.9537169507482269f,0.05078069141436954f,-0.2963870767003557f,0.004367587512950549f,0f,0.985638046186549f,0.16887167290449284f,0.6075923022863692f,0.30070579950427295f,0.16105577695022488f,-0.9400197119504756f,0.3670409082828209f,0f,0f,0f,1f],start_interpolation:0}
execute if entity @s[tag=aj.twins_sapphiel.bone.leg_right_0] run data modify entity @s {} merge value {transformation:[-0.9537169507482269f,-0.22268587953004598f,-0.20207666098150429f,-0.07950094313045239f,0f,0.6720078605555225f,-0.7405440131090045f,0.7931677054399358f,0.30070579950427295f,-0.7062693780771748f,-0.6409052876478526f,0.1010439124123641f,0f,0f,0f,1f],start_interpolation:0}
execute if entity @s[tag=aj.twins_sapphiel.bone.leg_left_1] run data modify entity @s {} merge value {transformation:[-0.9537169507482269f,-0.002915680023672866f,-0.3006916637778698f,0.1827011315093225f,0f,0.999952991507226f,-0.009696121685978387f,0.4194533146339102f,0.30070579950427295f,-0.009247355608435065f,-0.9536721179518393f,0.10126526865296491f,0f,0f,0f,1f],start_interpolation:0}
execute if entity @s[tag=aj.twins_sapphiel.bone.leg_left_0] run data modify entity @s {} merge value {transformation:[-0.9537169507482269f,-0.05794969438238906f,-0.29506916270002137f,0.15892829455660434f,0f,0.9812553106273846f,-0.19271226054808963f,0.7931677054399358f,0.30070579950427295f,-0.18379294950172187f,-0.9358398227570535f,0.02586746253629585f,0f,0f,0f,1f],start_interpolation:0}
execute if entity @s[tag=aj.twins_sapphiel.bone.skirt_forward_right] run data modify entity @s {} merge value {transformation:[-0.9537169507482269f,-0.18821069518984423f,-0.23452230612813682f,0.06108622883647788f,0f,0.7799061624842535f,-0.6258964592638987f,0.9280489995377137f,0.30070579950427295f,-0.5969280626132774f,-0.7438097271542335f,0.13124076587374317f,0f,0f,0f,1f],start_interpolation:0}
execute if entity @s[tag=aj.twins_sapphiel.bone.skirt_forward_left] run data modify entity @s {} merge value {transformation:[-0.9537169507482269f,-0.17211269844051824f,-0.24657898712385692f,0.06108622883647788f,0f,0.8200007699563944f,-0.5723624177659818f,0.9280489995377137f,0.30070579950427295f,-0.5458717397946552f,-0.7820486339340108f,0.13124076587374317f,0f,0f,0f,1f],start_interpolation:0}
execute if entity @s[tag=aj.twins_sapphiel.bone.skirt_forward] run data modify entity @s {} merge value {transformation:[-0.9537169507482269f,-0.18821069518984423f,-0.23452230612813682f,0.03177094057046078f,0f,0.7799061624842535f,-0.6258964592638987f,0.8498119421297263f,0.30070579950427295f,-0.5969280626132774f,-0.7438097271542335f,0.03826454997946398f,0f,0f,0f,1f],start_interpolation:0}
execute if entity @s[tag=aj.twins_sapphiel.bone.skirt_back_right] run data modify entity @s {} merge value {transformation:[-0.9537169507482269f,-0.058654575926046795f,-0.2949298536575089f,-0.005095291136727832f,0f,0.9807920370798103f,-0.19505635083440864f,0.8254298982754252f,0.30070579950427295f,-0.1860285481418686f,-0.9353979909218988f,-0.07866019888577337f,0f,0f,0f,1f],start_interpolation:0}
execute if entity @s[tag=aj.twins_sapphiel.bone.skirt_back_left] run data modify entity @s {} merge value {transformation:[-0.9537169507482269f,-0.058654575926046795f,-0.2949298536575089f,-0.005095291136727832f,0f,0.9807920370798103f,-0.19505635083440864f,0.8254298982754252f,0.30070579950427295f,-0.1860285481418686f,-0.9353979909218988f,-0.07866019888577337f,0f,0f,0f,1f],start_interpolation:0}
execute if entity @s[tag=aj.twins_sapphiel.bone.skirt_back] run data modify entity @s {} merge value {transformation:[-0.9537169507482269f,-0.058654575926046795f,-0.2949298536575089f,0.03177094057046078f,0f,0.9807920370798103f,-0.19505635083440864f,0.8498119421297263f,0.30070579950427295f,-0.1860285481418686f,-0.9353979909218988f,0.03826454997946398f,0f,0f,0f,1f],start_interpolation:0}
execute if entity @s[tag=aj.twins_sapphiel.bone.skirt_right] run data modify entity @s {} merge value {transformation:[-0.9610188587572734f,-0.146431011200525f,-0.23452230612813682f,-0.1530117186370082f,0.03401902901001333f,0.7791638646306248f,-0.6258964592638987f,0.8498119421297263f,0.2743819578217265f,-0.6094765221176786f,-0.7438097271542335f,0.09652629863341686f,0f,0f,0f,1f],start_interpolation:0}
execute if entity @s[tag=aj.twins_sapphiel.bone.skirt_left] run data modify entity @s {} merge value {transformation:[-0.9209913446462098f,-0.3110855686384481f,-0.23452230612813682f,0.21655359977792976f,-0.10179818167802245f,0.7732339571487812f,-0.6258964592638987f,0.8498119421297263f,0.37604796674601837f,-0.5525712772999789f,-0.7438097271542335f,-0.01999719867448891f,0f,0f,0f,1f],start_interpolation:0}
execute if entity @s[tag=aj.twins_sapphiel.bone.belt_right_1] run data modify entity @s {} merge value {transformation:[-0.9537169507482269f,0.026318861090216306f,-0.2995518242415123f,-0.20477179856676006f,0f,0.996162444273895f,0.08752362320116253f,0.6107885093699723f,0.30070579950427295f,0.08347276303784959f,-0.9500570088027998f,-0.18195009170935592f,0f,0f,0f,1f],start_interpolation:0}
execute if entity @s[tag=aj.twins_sapphiel.bone.belt_right_0] run data modify entity @s {} merge value {transformation:[-0.9537169507482269f,0.09068871053225523f,-0.28670461391038127f,-0.17926559872956327f,0f,0.9534389239682999f,0.3015861705419705f,0.8789432067360566f,0.30070579950427295f,0.28762784295712296f,-0.9093108632917175f,-0.10105476087766509f,0f,0f,0f,1f],start_interpolation:0}
execute if entity @s[tag=aj.twins_sapphiel.bone.belt_left_1] run data modify entity @s {} merge value {transformation:[-0.9537169507482269f,0.06492201338236198f,-0.29361387915744785f,0.120917828606983f,0f,0.9764157513472757f,0.2158987737828431f,0.5979793227752361f,0.30070579950427295f,0.2059063202024544f,-0.9312242530374627f,-0.20900072357259425f,0f,0f,0f,1f],start_interpolation:0}
execute if entity @s[tag=aj.twins_sapphiel.bone.belt_left_0] run data modify entity @s {} merge value {transformation:[-0.9537169507482269f,0.013560358095825939f,-0.3003998910516063f,0.12473167932143404f,0f,0.9989826985273617f,0.045095099988695986f,0.8789432067360566f,0.30070579950427295f,0.043007961254905525f,-0.9527467330897507f,-0.19690473446965207f,0f,0f,0f,1f],start_interpolation:0}
execute if entity @s[tag=aj.twins_sapphiel.bone.body_1] run data modify entity @s {} merge value {transformation:[-0.9537169507482269f,-0.1270837622818431f,-0.2725320076978041f,7.654042494670958e-18f,0f,0.9063077870366499f,-0.4226182617406994f,1.0763888888888888f,0.30070579950427295f,-0.4030581999178559f,-0.8643610990919672f,-0.0625f,0f,0f,0f,1f],start_interpolation:0}