execute if entity @s[tag=aj.twins_sapphiel.bone.halo] run data modify entity @s {} merge value {transformation:[0.9677768874555561f,0.1910811885660925f,0.16399962037457388f,-0.2900743859315137f,-0.01554794102629379f,-0.6046981640680338f,0.7963029523382361f,2.1136164978830547f,0.2513287839398381f,-0.7731934491114869f,-0.5822419880207921f,-0.27269379871221905f,0f,0f,0f,1f],start_interpolation:0}
execute if entity @s[tag=aj.twins_sapphiel.bone.head] run data modify entity @s {} merge value {transformation:[-0.997951790904279f,0.057719357479334564f,-0.027580768718711846f,0.011132620799956826f,0.04780406943520187f,0.9593789815536291f,0.2780408975286829f,1.4926243721676777f,0.04250875176215707f,0.27615293865047663f,-0.9601731929700649f,-0.05987532905643891f,0f,0f,0f,1f],start_interpolation:0}
execute if entity @s[tag=aj.twins_sapphiel.bone.slide2] run data modify entity @s {} merge value {transformation:[-3.790480467440311e-11f,-4.329435119778964e-11f,-8.178523666871544e-11f,0.20530291687917532f,-4.878685781545006e-11f,8.444948679357762e-11f,-2.209358922394517e-11f,1.2703663021179228f,7.863248875045486e-11f,3.152591528669416e-11f,-5.313236657862864e-11f,0.40368114853039855f,0f,0f,0f,1f],start_interpolation:0}
execute if entity @s[tag=aj.twins_sapphiel.bone.ruby_gun] run data modify entity @s {} merge value {transformation:[-3.790480467440311e-11f,-4.329435119778964e-11f,-8.178523666871544e-11f,0.20530291689572802f,-4.878685781545006e-11f,8.444948679357762e-11f,-2.209358922394517e-11f,1.2703663021092997f,7.863248875045486e-11f,3.152591528669416e-11f,-5.313236657862864e-11f,0.4036811485253807f,0f,0f,0f,1f],start_interpolation:0}
execute if entity @s[tag=aj.twins_sapphiel.bone.arm_right_1] run data modify entity @s {} merge value {transformation:[-0.5707992318439954f,-0.8197971377503874f,0.046053120009142856f,0.016040731060704305f,-0.20931193214673f,0.09104412463702077f,-0.9736012954131077f,1.2308530462584204f,0.7939626892916993f,-0.5653703390746195f,-0.22356123927761315f,0.25719907702671685f,0f,0f,0f,1f],start_interpolation:0}
execute if entity @s[tag=aj.twins_sapphiel.bone.arm_right_0] run data modify entity @s {} merge value {transformation:[-0.5707992318439954f,-0.7861084155915692f,-0.23711135751460105f,-0.23858403982162169f,-0.20931193214673f,0.4185447466865687f,-0.8837470283299846f,1.3979841844877f,0.7939626892916993f,-0.45481188853985355f,-0.40344689124530914f,0.11820377705628267f,0f,0f,0f,1f],start_interpolation:0}
execute if entity @s[tag=aj.twins_sapphiel.bone.slide] run data modify entity @s {} merge value {transformation:[-0.000009997371898265934f,-2.1300589037462856e-8f,2.2825733869744654e-7f,0.4033580908243863f,1.833510650584475e-8f,0.000009850552233047533f,0.000001722290488817637f,1.1152820577819f,-2.285146639321062e-7f,0.0000017222563656171893f,-0.000009847924352850153f,0.22924670280949816f,0f,0f,0f,1f],start_interpolation:0}
execute if entity @s[tag=aj.twins_sapphiel.bone.sapphire_gun] run data modify entity @s {} merge value {transformation:[-0.000009997371898265934f,-2.1300589037462856e-8f,2.2825733869744654e-7f,0.4033574726368577f,1.833510650584475e-8f,0.000009850552233047533f,0.000001722290488817637f,1.1152803253584225f,-2.285146639321062e-7f,0.0000017222563656171893f,-0.000009847924352850153f,0.22924729598349833f,0f,0f,0f,1f],start_interpolation:0}
execute if entity @s[tag=aj.twins_sapphiel.bone.body] run data modify entity @s {} merge value {transformation:[-0.00001449178207770712f,-3.0876464094653795e-8f,3.308725176678217e-7f,0.4760669676017019f,2.6577821707356894e-8f,0.000014278958286142854f,0.00000249656196572842f,1.0655900669085443f,-3.312455258205373e-7f,0.000002496512502130415f,-0.00001427514901831384f,0.05282562926892041f,0f,0f,0f,1f],start_interpolation:0}
execute if entity @s[tag=aj.twins_sapphiel.bone.shotgun] run data modify entity @s {} merge value {transformation:[-0.000009997371898265934f,-2.1300589037462856e-8f,2.2825733869744654e-7f,0.47606699279682985f,1.833510650584475e-8f,0.000009850552233047533f,0.000001722290488817637f,1.0655889885809882f,-2.285146639321062e-7f,0.0000017222563656171893f,-0.000009847924352850153f,0.05282444047731302f,0f,0f,0f,1f],start_interpolation:0}
execute if entity @s[tag=aj.twins_sapphiel.bone.rocket] run data modify entity @s {} merge value {transformation:[-1.138550698634016f,-0.0035573985119245785f,0.025864532777947636f,0.46344434121201794f,0.00208809360441817f,1.1122067675654137f,0.24488991107596356f,1.4649399621087236f,-0.02602439250190778f,0.24487297441228892f,-1.111907945783906f,-0.32016919443829617f,0f,0f,0f,1f],start_interpolation:0}
execute if entity @s[tag=aj.twins_sapphiel.bone.launcher] run data modify entity @s {} merge value {transformation:[-2.124441528381511f,-0.006637811685331456f,0.04826108104942593f,0.4627789927431047f,0.003896210132492085f,2.075285929733067f,0.45694433949723184f,1.0066017195313355f,-0.04855936608557231f,0.4569127370822443f,-2.074728352979585f,-0.3278358552010835f,0f,0f,0f,1f],start_interpolation:0}
execute if entity @s[tag=aj.twins_sapphiel.bone.arm_left_1] run data modify entity @s {} merge value {transformation:[-0.9449098613106629f,-0.15619263409150522f,0.28766163291864394f,0.4375084849561103f,-0.3224982223314205f,0.29377745872411737f,-0.8998275953418373f,1.0153952141370057f,0.05603793885339753f,-0.9430263335671792f,-0.3279650646149772f,-0.17313525556475973f,0f,0f,0f,1f],start_interpolation:0}
execute if entity @s[tag=aj.twins_sapphiel.bone.arm_left_0] run data modify entity @s {} merge value {transformation:[-0.9449098613106629f,-0.3055878775523728f,-0.11730900686178991f,0.3393124022111618f,-0.3224982223314205f,0.9304750985713593f,0.17381308216498761f,1.3201199830200143f,0.05603793885339753f,0.20206964153888893f,-0.9777666436207608f,-0.07522392175040117f,0f,0f,0f,1f],start_interpolation:0}
execute if entity @s[tag=aj.twins_sapphiel.bone.wing_3] run data modify entity @s {} merge value {transformation:[-0.9410022702478771f,0.30585003682321604f,-0.14481188612672152f,-0.7403147815241014f,0.04677918214607754f,0.5413907180158118f,0.8394687597308597f,1.665536417261064f,0.33515136208299284f,0.78316782711087f,-0.523757309325945f,-0.8849941742516914f,0f,0f,0f,1f],start_interpolation:0}
execute if entity @s[tag=aj.twins_sapphiel.bone.wing_2] run data modify entity @s {} merge value {transformation:[-0.7796460160642799f,0.609246754009833f,-0.14481188612672152f,-0.5372864447877013f,0.22912458324002363f,0.49274144009918397f,0.8394687597308597f,1.573246536960302f,0.5827984342722466f,0.6213085110776003f,-0.523757309325945f,-0.6648679149797821f,0f,0f,0f,1f],start_interpolation:0}
execute if entity @s[tag=aj.twins_sapphiel.bone.wing_1] run data modify entity @s {} merge value {transformation:[-0.8142351444554667f,0.4420239362296f,-0.37634554512266455f,-0.49335000475701685f,0.2908462389187033f,0.8716480573170822f,0.3945099865430548f,1.4788506968393047f,0.5024237204197566f,0.21176520954927242f,-0.8382874812283214f,-0.42706212713961794f,0f,0f,0f,1f],start_interpolation:0}
execute if entity @s[tag=aj.twins_sapphiel.bone.wing_0] run data modify entity @s {} merge value {transformation:[-0.6364129995465196f,0.4420239362296f,-0.6321339524248732f,-0.19679907898717333f,0.13837570235437757f,0.8716480573170822f,0.47019339550156325f,1.3214518623277764f,0.7588350670640718f,0.21176520954927242f,-0.6158935273392785f,-0.1519105526735065f,0f,0f,0f,1f],start_interpolation:0}
execute if entity @s[tag=aj.twins_sapphiel.bone.body_0] run data modify entity @s {} merge value {transformation:[-0.9245007758790775f,0.0508676158468587f,-0.3777708314005197f,-0.007942735142615186f,0.018864025314371747f,0.9959470279410323f,0.08794126496908822f,1.1191442366897906f,0.3807130992596949f,0.07417548916913891f,-0.9217133680589626f,-0.087691137494866f,0f,0f,0f,1f],start_interpolation:0}
execute if entity @s[tag=aj.twins_sapphiel.bone.leg_right_1] run data modify entity @s {} merge value {transformation:[-0.9537169507482269f,0.05221701409779429f,-0.29613740272754246f,0.004096059446458106f,0f,0.9848077530122079f,0.17364817766693025f,0.5923534271188657f,0.30070579950427295f,0.1656112105074911f,-0.939227847276016f,0.3661797312784377f,0f,0f,0f,1f],start_interpolation:0}
execute if entity @s[tag=aj.twins_sapphiel.bone.leg_right_0] run data modify entity @s {} merge value {transformation:[-0.9537169507482269f,-0.22170357102186944f,-0.2031538935183248f,-0.07950094313045239f,0f,0.6755902076156601f,-0.737277336810124f,0.7792788165510469f,0.30070579950427295f,-0.703153893518325f,-0.644321832762569f,0.1010439124123641f,0f,0f,0f,1f],start_interpolation:0}
execute if entity @s[tag=aj.twins_sapphiel.bone.leg_left_1] run data modify entity @s {} merge value {transformation:[-0.9537169507482269f,-1.3877787807814457e-17f,-0.3007057995042729f,0.18557667798002114f,0f,1f,5.551115123125783e-17f,0.40841871142368547f,0.30070579950427295f,2.7755575615628914e-17f,-0.9537169507482268f,0.11038533689338656f,0f,0f,0f,1f],start_interpolation:0}
execute if entity @s[tag=aj.twins_sapphiel.bone.leg_left_0] run data modify entity @s {} merge value {transformation:[-0.9537169507482269f,-0.0650846471536534f,-0.2935778713738289f,0.15892829455660434f,0f,0.9762960071199334f,-0.21643961393810282f,0.7792788165510469f,0.30070579950427295f,-0.20642212862617088f,-0.9311100509380921f,0.02586746253629585f,0f,0f,0f,1f],start_interpolation:0}
execute if entity @s[tag=aj.twins_sapphiel.bone.skirt_forward_right] run data modify entity @s {} merge value {transformation:[-0.9537169507482269f,-0.18205397262993178f,-0.2393330919558848f,0.06168757706494638f,0f,0.7959044765695781f,-0.6054222197578363f,0.911600830710567f,0.30070579950427295f,-0.5774014333426667f,-0.7590675904808016f,0.13314799878956418f,0f,0f,0f,1f],start_interpolation:0}
execute if entity @s[tag=aj.twins_sapphiel.bone.skirt_forward_left] run data modify entity @s {} merge value {transformation:[-0.9537169507482269f,-0.1611762978259454f,-0.25386251963341516f,0.06168757706494638f,0f,0.8442222266810918f,-0.5359933133702502f,0.911600830710567f,0.30070579950427295f,-0.511185908448914f,-0.8051490477841692f,0.13314799878956418f,0f,0f,0f,1f],start_interpolation:0}
execute if entity @s[tag=aj.twins_sapphiel.bone.skirt_forward] run data modify entity @s {} merge value {transformation:[-0.9537169507482269f,-0.18205397262993178f,-0.2393330919558848f,0.03177094057046078f,0f,0.7959044765695781f,-0.6054222197578363f,0.8359230532408375f,0.30070579950427295f,-0.5774014333426667f,-0.7590675904808016f,0.03826454997946398f,0f,0f,0f,1f],start_interpolation:0}
execute if entity @s[tag=aj.twins_sapphiel.bone.skirt_back_right] run data modify entity @s {} merge value {transformation:[-0.9537169507482269f,-0.05097212263399831f,-0.29635421469870915f,-0.0052733362668778636f,0f,0.9855287632871148f,-0.16950827924844858f,0.8147345183347814f,0.30070579950427295f,-0.16166291921140952f,-0.9399154869968582f,-0.0792248858951433f,0f,0f,0f,1f],start_interpolation:0}
execute if entity @s[tag=aj.twins_sapphiel.bone.skirt_back_left] run data modify entity @s {} merge value {transformation:[-0.9537169507482269f,-0.05097212263399831f,-0.29635421469870915f,-0.0052733362668778636f,0f,0.9855287632871148f,-0.16950827924844858f,0.8147345183347814f,0.30070579950427295f,-0.16166291921140952f,-0.9399154869968582f,-0.0792248858951433f,0f,0f,0f,1f],start_interpolation:0}
execute if entity @s[tag=aj.twins_sapphiel.bone.skirt_back] run data modify entity @s {} merge value {transformation:[-0.9537169507482269f,-0.05097212263399831f,-0.29635421469870915f,0.03177094057046078f,0f,0.9855287632871148f,-0.16950827924844858f,0.8359230532408375f,0.30070579950427295f,-0.16166291921140952f,-0.9399154869968582f,0.03826454997946398f,0f,0f,0f,1f],start_interpolation:0}
execute if entity @s[tag=aj.twins_sapphiel.bone.skirt_right] run data modify entity @s {} merge value {transformation:[-0.9607503062910316f,-0.14028014847627157f,-0.2393330919558848f,-0.1530117186370082f,0.03471686566929342f,0.7951469518658764f,-0.6054222197578363f,0.8359230532408375f,0.27523369742782056f,-0.5899684778713867f,-0.7590675904808016f,0.09652629863341686f,0f,0f,0f,1f],start_interpolation:0}
execute if entity @s[tag=aj.twins_sapphiel.bone.skirt_left] run data modify entity @s {} merge value {transformation:[-0.9217949581985105f,-0.3049815176935187f,-0.2393330919558848f,0.21655359977792976f,-0.10388638069752028f,0.7890954034393205f,-0.6054222197578363f,0.8359230532408375f,0.37349923018043296f,-0.5332117010496805f,-0.7590675904808016f,-0.01999719867448891f,0f,0f,0f,1f],start_interpolation:0}
execute if entity @s[tag=aj.twins_sapphiel.bone.belt_right_1] run data modify entity @s {} merge value {transformation:[-0.9537169507482269f,0.030177786964105183f,-0.29918769865997674f,-0.20735658857068132f,0f,0.9949515411847765f,0.10035651794496356f,0.5997717254214943f,0.30070579950427295f,0.0957117122821804f,-0.948902150000994f,-0.19014799825099293f,0f,0f,0f,1f],start_interpolation:0}
execute if entity @s[tag=aj.twins_sapphiel.bone.belt_right_0] run data modify entity @s {} merge value {transformation:[-0.9537169507482269f,0.09987907499064191f,-0.28363382773307855f,-0.17926559872956327f,0f,0.9432269952912838f,0.33214881507206406f,0.8650543178471678f,0.30070579950427295f,0.31677595510516565f,-0.8995715738126154f,-0.10105476087766509f,0f,0f,0f,1f],start_interpolation:0}
execute if entity @s[tag=aj.twins_sapphiel.bone.belt_left_1] run data modify entity @s {} merge value {transformation:[-0.9537169507482269f,0.05923321341053024f,-0.29481418603005954f,0.11656865709542219f,0f,0.9804073832831758f,0.19698061529966793f,0.5851174573179758f,0.30070579950427295f,0.18786375178010883f,-0.9350311400758787f,-0.2227945333332467f,0f,0f,0f,1f],start_interpolation:0}
execute if entity @s[tag=aj.twins_sapphiel.bone.belt_left_0] run data modify entity @s {} merge value {transformation:[-0.9537169507482269f,0.029024079025819938f,-0.2993018220662997f,0.12473167932143404f,0f,0.995331059659349f,0.0965198512089473f,0.8650543178471678f,0.30070579950427295f,0.09205261818166977f,-0.9492641032033159f,-0.19690473446965207f,0f,0f,0f,1f],start_interpolation:0}
execute if entity @s[tag=aj.twins_sapphiel.bone.body_1] run data modify entity @s {} merge value {transformation:[-0.9537169507482269f,-0.1270837622818431f,-0.2725320076978041f,7.654042494670958e-18f,0f,0.9063077870366499f,-0.4226182617406994f,1.0625f,0.30070579950427295f,-0.4030581999178559f,-0.8643610990919672f,-0.0625f,0f,0f,0f,1f],start_interpolation:0}