execute if entity @s[tag=aj.louvert.bone.head] run data modify entity @s {} merge value {transformation:[0.6254400253227157f,-0.5647514810165787f,0.5384055529188958f,-0.07449983762461654f,0.6650497888328775f,0.7467222885205007f,0.010705241709139945f,1.1633009924710158f,-0.40808522773762085f,0.35137101262951004f,0.8426178602344285f,0.3727429098398674f,0f,0f,0f,1f],start_interpolation:0}
execute if entity @s[tag=aj.louvert.bone.coat_0] run data modify entity @s {} merge value {transformation:[0.6490693122602951f,-0.753567934300783f,-0.10413643106808868f,0.6395859818534301f,0.4644483737377294f,0.500962210727201f,-0.7302907445365123f,0.7629480960626729f,0.6024921045244707f,0.42564331524994803f,0.6751525991720001f,0.24177732137628677f,0f,0f,0f,1f],start_interpolation:0}
execute if entity @s[tag=aj.louvert.bone.coat_1] run data modify entity @s {} merge value {transformation:[0.9236904601001954f,-0.36871606643092053f,-0.10413643106808868f,0.2686475881737731f,0.18065213287093165f,0.6588173004206018f,-0.7302907445365123f,0.5654049642110057f,0.3378768130681251f,0.6557501254458283f,0.6751525991720001f,-0.02911272855650543f,0f,0f,0f,1f],start_interpolation:0}
execute if entity @s[tag=aj.louvert.bone.coat_2] run data modify entity @s {} merge value {transformation:[0.741876787359314f,-0.6431410503316234f,-0.18970614580387224f,0.4410997311300905f,0.3950862637033342f,0.6478533864247418f,-0.6513008781898988f,0.5728901870697752f,0.5417800998655844f,0.4082347107686101f,0.7347235836103987f,0.1907263713063907f,0f,0f,0f,1f],start_interpolation:0}
execute if entity @s[tag=aj.louvert.bone.right_leg_1] run data modify entity @s {} merge value {transformation:[0.7155323365511985f,-0.5731063437827129f,-0.39945286839074484f,0.7377979515094072f,0.394588090913986f,0.8034253174326195f,-0.4458789048801817f,0.7560524845169181f,0.5764665765319255f,0.1614214298793862f,0.8010177327108657f,-0.09203964632531514f,0f,0f,0f,1f],start_interpolation:0}
execute if entity @s[tag=aj.louvert.bone.right_leg_0] run data modify entity @s {} merge value {transformation:[0.7155323365511985f,-0.6189500810845734f,0.32390472746624555f,0.5468513834335158f,0.394588090913986f,-0.02451889275193403f,-0.9185309262115646f,0.713562313099756f,0.5764665765319255f,0.7850475278756179f,0.22668627024577903f,0.17405480889308872f,0f,0f,0f,1f],start_interpolation:0}
execute if entity @s[tag=aj.louvert.bone.left_leg_1] run data modify entity @s {} merge value {transformation:[0.8676610560047657f,-0.2195366483797633f,-0.4460582382502035f,0.5193582547873261f,0.2650995424236989f,0.9633256391613323f,0.04154450073301913f,0.5104486081199526f,0.42057879701601725f,-0.15429638023165237f,0.894039206381895f,-0.22152845796734494f,0f,0f,0f,1f],start_interpolation:0}
execute if entity @s[tag=aj.louvert.bone.left_leg_0] run data modify entity @s {} merge value {transformation:[0.8676610560047657f,-0.49704625152464343f,0.01045541668208673f,0.3613821865936873f,0.2650995424236989f,0.44477111163549543f,-0.8555120635392998f,0.6147907471739225f,0.42057879701601725f,0.7450662266535952f,0.5176773062446651f,0.03860978392669262f,0f,0f,0f,1f],start_interpolation:0}
execute if entity @s[tag=aj.louvert.bone.body_1] run data modify entity @s {} merge value {transformation:[0.741876787359314f,-0.6624005103423645f,-0.10413643106808868f,0.24711662553161265f,0.3950862637033342f,0.5572990872747287f,-0.7302907445365123f,0.838332494910192f,0.5417800998655844f,0.5006428779288983f,0.6751525991720001f,0.2627831957626714f,0f,0f,0f,1f],start_interpolation:0}
execute if entity @s[tag=aj.louvert.locator_origin.locator] at @s on origin run tp @s ^1.29336 ^1.34849 ^0.63647 ~-104.68692 ~-31.65875
execute if entity @s[tag=aj.louvert.bone.sword_0] run data modify entity @s {} merge value {transformation:[0.2171685208137178f,-0.5242975249878643f,-0.8233771546862242f,0.5571055434283603f,0.059918491887267944f,0.8490776336465005f,-0.5248589776037128f,0.9099863884160657f,0.9742933890248546f,0.0646473304387704f,0.21580805075252207f,0.8275524009570009f,0f,0f,0f,1f],start_interpolation:0}
execute if entity @s[tag=aj.louvert.bone.right_arm_1] run data modify entity @s {} merge value {transformation:[0.796077231773733f,0.4180236048863372f,-0.43762690366258594f,0.25536182644128624f,-0.5492840713030361f,0.8026381516139447f,-0.23250592806746104f,1.1082124664855215f,0.25406308284406803f,0.42547416294245377f,0.8685756654455534f,0.7255845369706795f,0f,0f,0f,1f],start_interpolation:0}
execute if entity @s[tag=aj.louvert.bone.right_arm_0] run data modify entity @s {} merge value {transformation:[0.2796243824158002f,0.43955047605618913f,-0.8535839640933751f,0.16797920693634866f,-0.5995402694284702f,0.7743439596245452f,0.2023435136756754f,1.2955688006819184f,0.7499077743911045f,0.4551777797649599f,0.48005366232955854f,0.49123835747345934f,0f,0f,0f,1f],start_interpolation:0}
execute if entity @s[tag=aj.louvert.locator_origin.locator2] at @s on origin run tp @s ^-1.24017 ^0.02839 ^-0.2737 ~132.46898 ~28.7064
execute if entity @s[tag=aj.louvert.bone.sword_1] run data modify entity @s {} merge value {transformation:[0.6805845832122213f,0.34383143090959783f,0.6469811219908241f,-0.6634177882913433f,-0.7139755659691229f,0.5094410535482685f,0.4803214591903013f,0.46318528529056824f,-0.1644491298028589f,-0.7888280928556541f,0.5922049675819966f,0.2254802960335628f,0f,0f,0f,1f],start_interpolation:0}
execute if entity @s[tag=aj.louvert.bone.left_arm_1] run data modify entity @s {} merge value {transformation:[0.7296680947263239f,-0.6805845832122212f,-0.0662502576017916f,-0.38253014772408145f,0.6402070027732931f,0.713975565969123f,-0.2835028832289132f,0.6965638649283079f,0.24024875678865212f,0.16444912980285897f,0.9566802070538458f,0.31136897978604633f,0f,0f,0f,1f],start_interpolation:0}
execute if entity @s[tag=aj.louvert.bone.left_arm_0] run data modify entity @s {} merge value {transformation:[0.6754604153115572f,-0.6805845832122212f,0.28382715240263046f,-0.1714487679392198f,0.6983832684720661f,0.713975565969123f,0.049997015084344176f,0.9148086363258285f,-0.23667284944710626f,0.16444912980285897f,0.9575711180072578f,0.23740871433382563f,0f,0f,0f,1f],start_interpolation:0}
execute if entity @s[tag=aj.louvert.bone.wing_0] run data modify entity @s {} merge value {transformation:[0.45825651117137206f,-0.6687777324462543f,-0.58543771193278f,0.047033826943149455f,0.22913301349735968f,0.7252948200691383f,-0.649188328689368f,0.7138015734511206f,0.8587776383294227f,0.16335167144820667f,0.48561013101089257f,0.7617723472575342f,0f,0f,0f,1f],start_interpolation:0}
execute if entity @s[tag=aj.louvert.bone.wing_1] run data modify entity @s {} merge value {transformation:[0.7068644554637733f,-0.6687777324462543f,0.23038877183133247f,0.1012131674234664f,0.6884055880867452f,0.7252948200691383f,-0.006720883261782218f,0.8138912357616851f,-0.16260500574350545f,0.16335167144820667f,0.9730754562428504f,0.5391815600185402f,0f,0f,0f,1f],start_interpolation:0}
execute if entity @s[tag=aj.louvert.bone.body_0] run data modify entity @s {} merge value {transformation:[0.7111750344506849f,-0.6687777324462543f,-0.21671736192126775f,0.025075861443877474f,0.5600539045107986f,0.7252948200691383f,-0.40035864924225806f,1.0585567616446967f,0.4249349296260267f,0.16335167144820667f,0.8903631489559756f,0.3521054306523017f,0f,0f,0f,1f],start_interpolation:0}