execute if entity @s[tag=aj.louvert.bone.head] run data modify entity @s {} merge value {transformation:[0.35473352627281907f,-0.18362948345121977f,-0.9167575132746331f,-0.3466387360990739f,0.31308777594009485f,0.9472442293550581f,-0.06858873457373772f,1.4854320476385248f,0.8809881780676376f,-0.26269484722959424f,0.3935114322914698f,-0.041542794674689854f,0f,0f,0f,1f],start_interpolation:0}
execute if entity @s[tag=aj.louvert.bone.coat_0] run data modify entity @s {} merge value {transformation:[-0.6602910541453454f,-0.23109622525383483f,-0.7145699815196948f,-0.3792249221292704f,0.27491025220688203f,0.811064958208716f,-0.5163312762146433f,0.8301730487155178f,0.6988848811121737f,-0.5373715364990245f,-0.4720082146673933f,0.4654700217469665f,0f,0f,0f,1f],start_interpolation:0}
execute if entity @s[tag=aj.louvert.bone.coat_1] run data modify entity @s {} merge value {transformation:[-0.4789769565427799f,-0.5098733338898579f,-0.7145699815196948f,-0.06698589096692603f,-0.1306597478371438f,0.846362832062994f,-0.5163312762146433f,0.7468264805898216f,0.8680490224613755f,-0.1539452496517832f,-0.4720082146673933f,0.08394657947838288f,0f,0f,0f,1f],start_interpolation:0}
execute if entity @s[tag=aj.louvert.bone.coat_2] run data modify entity @s {} merge value {transformation:[-0.6244780623246887f,-0.21933687009151412f,-0.7496122244825386f,-0.31242665423806004f,0.16669313625139243f,0.9002175339612456f,-0.402270791725435f,0.7239583551258393f,0.7630468845371672f,-0.37616449721789513f,-0.5256041505077094f,0.21570727377925053f,0f,0f,0f,1f],start_interpolation:0}
execute if entity @s[tag=aj.louvert.bone.right_leg_1] run data modify entity @s {} merge value {transformation:[-0.653730354873373f,-0.26039998772580036f,-0.7105128214955281f,-0.05127529491996077f,0.18185148715713234f,0.8573531179874501f,-0.48153470040687274f,0.8564447394007476f,0.7345520129547486f,-0.44400166381399997f,-0.5131236330500926f,0.580821512221492f,0f,0f,0f,1f],start_interpolation:0}
execute if entity @s[tag=aj.louvert.bone.right_leg_0] run data modify entity @s {} merge value {transformation:[-0.653730354873373f,-0.7504719029973657f,-0.09710069993901044f,-0.3011651643386843f,0.18185148715713234f,-0.031244882528688067f,-0.9828294836514153f,0.8093364066840938f,0.7345520129547486f,-0.6601633738153609f,0.1569001597731702f,0.3700891611798206f,0f,0f,0f,1f],start_interpolation:0}
execute if entity @s[tag=aj.louvert.bone.left_leg_1] run data modify entity @s {} merge value {transformation:[-0.5414310670679922f,0.2857603660830161f,-0.7906917305686936f,0.07082936349385513f,-0.019069417875772543f,0.9360494555064052f,0.3513513542709653f,0.5706868895844748f,0.8405288554924777f,0.20531056967984504f,-0.501356971690075f,0.31391558106885886f,0f,0f,0f,1f],start_interpolation:0}
execute if entity @s[tag=aj.louvert.bone.left_leg_0] run data modify entity @s {} merge value {transformation:[-0.5414310670679922f,-0.5958425233715017f,-0.5931476097531679f,-0.14504564875751214f,-0.019069417875772543f,0.7140240621510936f,-0.6998614119746354f,0.7676631226212456f,0.8405288554924777f,-0.3676157314527394f,-0.39795717994901475f,0.17932744004552878f,0f,0f,0f,1f],start_interpolation:0}
execute if entity @s[tag=aj.louvert.bone.body_1] run data modify entity @s {} merge value {transformation:[-0.6244780623246887f,-0.31530444206535496f,-0.7145699815196948f,-0.32163804469352164f,0.16669313625139243f,0.8400091734792141f,-0.5163312762146433f,1.0510026313649241f,0.7630468845371672f,-0.44155146617877133f,-0.4720082146673933f,0.13672346743180863f,0f,0f,0f,1f],start_interpolation:0}
execute if entity @s[tag=aj.louvert.locator_origin.locator] at @s on origin run tp @s ^-0.84834 ^1.1643 ^1.24087 ~-5.73147 ~-6.92619
execute if entity @s[tag=aj.louvert.bone.sword_0] run data modify entity @s {} merge value {transformation:[-0.987300776760355f,0.12413270597623528f,-0.09913751820283212f,-0.932108621937248f,0.1357481989551621f,0.9833770035917077f,-0.12059061027884453f,1.0840752470440411f,0.082520316824581f,-0.13251694274322734f,-0.987739670762068f,0.37057166674078995f,0f,0f,0f,1f],start_interpolation:0}
execute if entity @s[tag=aj.louvert.bone.right_arm_1] run data modify entity @s {} merge value {transformation:[-0.4592818722327847f,-0.418794938381357f,-0.7833715347295325f,-0.7534751920854411f,-0.762655013987143f,0.6380560169360906f,0.10602758552339925f,1.363148191924751f,0.4554311050846418f,0.64613877676379f,-0.6124436216367795f,0.19464928832094824f,0f,0f,0f,1f],start_interpolation:0}
execute if entity @s[tag=aj.louvert.bone.right_arm_0] run data modify entity @s {} merge value {transformation:[-0.8368989874055189f,-0.45182556440423893f,-0.3089558936651113f,-0.4919442585212164f,-0.5425494133852886f,0.6101145479962684f,0.5774083237697462f,1.5326948836076537f,-0.07238935636469834f,0.6508562803523525f,-0.7557419423394496f,0.21727096218491648f,0f,0f,0f,1f],start_interpolation:0}
execute if entity @s[tag=aj.louvert.locator_origin.locator2] at @s on origin run tp @s ^0.07001 ^0.64838 ^-1.5782 ~-155.84577 ~23.29155
execute if entity @s[tag=aj.louvert.bone.sword_1] run data modify entity @s {} merge value {transformation:[-0.019840398018072372f,0.9264693769900956f,-0.3758468466091851f,-0.23571096186851434f,-0.9076220962897567f,0.14097177060887378f,0.39541002796841995f,0.9990607118241925f,0.4193190777117966f,0.34897199513855365f,0.8380871420538231f,-0.8335994276127172f,0f,0f,0f,1f],start_interpolation:0}
execute if entity @s[tag=aj.louvert.bone.left_arm_1] run data modify entity @s {} merge value {transformation:[-0.112984065988055f,0.019840398018072428f,-0.9933986910799163f,-0.2756994788440582f,0.418750430465031f,0.9076220962897567f,-0.02949927646466334f,1.1467143645024336f,0.90104532506315f,-0.4193190777117966f,-0.11085501003008377f,-0.4910507282796498f,0f,0f,0f,1f],start_interpolation:0}
execute if entity @s[tag=aj.louvert.bone.left_arm_0] run data modify entity @s {} merge value {transformation:[0.1795341969849556f,0.019840398018072428f,-0.9835516411045488f,-0.2195950422862596f,0.4093501271158411f,0.9076220962897567f,0.09303012284648529f,1.2746362792261339f,0.8945389569734854f,-0.4193190777117966f,0.15482753477245698f,-0.21150730422543565f,0f,0f,0f,1f],start_interpolation:0}
execute if entity @s[tag=aj.louvert.bone.wing_0] run data modify entity @s {} merge value {transformation:[-0.904733989071169f,0.016531973963835083f,-0.4256560851864199f,-0.7889889914971423f,0.16022598122407516f,0.9390728178508475f,-0.3040886017502975f,1.0858128719158415f,0.3946948745045371f,-0.34332045760561325f,-0.8522599482724268f,-0.15465702209099094f,0f,0f,0f,1f],start_interpolation:0}
execute if entity @s[tag=aj.louvert.bone.wing_1] run data modify entity @s {} merge value {transformation:[0.09312302435828063f,0.016531973963835083f,-0.9955173510146499f,-0.5706552968231423f,0.3404288042295f,0.9390728178508475f,0.04743914021714013f,1.1242193192090688f,0.9356475466676751f,-0.34332045760561325f,0.08182134076286246f,-0.039091704731875614f,0f,0f,0f,1f],start_interpolation:0}
execute if entity @s[tag=aj.louvert.bone.body_0] run data modify entity @s {} merge value {transformation:[-0.4868398691118745f,0.016531973963835083f,-0.8733347786960002f,-0.352428433155132f,0.30747578713562107f,0.9390728178508475f,-0.15362578917290864f,1.3491240151609898f,0.8175852140104193f,-0.34332045760561325f,-0.4622612694364613f,0.010410828622401455f,0f,0f,0f,1f],start_interpolation:0}