execute if entity @s[tag=aj.louvert.bone.head] run data modify entity @s {} merge value {transformation:[-0.983950247357213f,0.1346095294484973f,-0.11714173170707876f,-0.01513555459273371f,0.12754582166672798f,0.9896427022342711f,0.06587401073115816f,1.54724018932036f,0.12479572949840206f,0.049875810731291964f,-0.9909280646963522f,-0.03195135313745588f,0f,0f,0f,1f],start_interpolation:0}
execute if entity @s[tag=aj.louvert.bone.coat_0] run data modify entity @s {} merge value {transformation:[-0.714795336173169f,-0.1464673365219334f,-0.6838237687571682f,-0.11945179349272429f,0.13184024839595093f,0.932065465118981f,-0.3374494297453054f,0.7464641480098348f,0.6867938382717046f,-0.33136277410824005f,-0.6469257574461779f,0.2923338817659781f,0f,0f,0f,1f],start_interpolation:0}
execute if entity @s[tag=aj.louvert.bone.coat_1] run data modify entity @s {} merge value {transformation:[-0.618167325884051f,-0.3876263800260562f,-0.6838237687571682f,0.22989271165324027f,-0.20308554113855376f,0.9191757967576328f,-0.3374494297453054f,0.7228069388453955f,0.759358558383207f,-0.06972549148529858f,-0.6469257574461779f,-0.0645957375973792f,0f,0f,0f,1f],start_interpolation:0}
execute if entity @s[tag=aj.louvert.bone.coat_2] run data modify entity @s {} merge value {transformation:[-0.6986890102919291f,0.025677112889688908f,-0.7149645814800443f,-0.030257512014388043f,0.04731441832887878f,0.9988262604825722f,-0.010365673571974932f,0.692454364709452f,0.7138592387267145f,-0.04107051550749094f,-0.6990838290508973f,0.0330033524035272f,0f,0f,0f,1f],start_interpolation:0}
execute if entity @s[tag=aj.louvert.bone.right_leg_1] run data modify entity @s {} merge value {transformation:[-0.7210430106653921f,0.3343972297059933f,-0.606857042091088f,0.17492842568078018f,0.06920735900420563f,0.9062118059546532f,0.41712168992761445f,0.6115661987087414f,0.6894253536317403f,0.25876370594301507f,-0.6765604379923398f,0.4325887053924279f,0f,0f,0f,1f],start_interpolation:0}
execute if entity @s[tag=aj.louvert.bone.right_leg_0] run data modify entity @s {} merge value {transformation:[-0.7210430106653921f,-0.5429674728982916f,-0.4304454670977852f,-0.032115667206233156f,0.06920735900420563f,0.5616888869868374f,-0.8244488678475766f,0.740549845718725f,0.6894253536317403f,-0.62425308778566f,-0.36742450130580406f,0.20310147692513875f,0f,0f,0f,1f],start_interpolation:0}
execute if entity @s[tag=aj.louvert.bone.left_leg_1] run data modify entity @s {} merge value {transformation:[-0.6505818951649895f,-0.08721547060952567f,-0.7544114655609957f,0.2949309675667314f,-0.1194313675763502f,0.992772599261548f,-0.011777716005763883f,0.36610489718838113f,0.7499862306218517f,0.08243802424748334f,-0.6562961420241611f,0.09907036509510134f,0f,0f,0f,1f],start_interpolation:0}
execute if entity @s[tag=aj.louvert.bone.left_leg_0] run data modify entity @s {} merge value {transformation:[-0.6505818951649895f,-0.3757456305706834f,-0.659968498331981f,0.14255658536674914f,-0.1194313675763502f,0.9088320086927312f,-0.3997005484289185f,0.7287212411365054f,0.7499862306218517f,-0.18121699998227284f,-0.6361454651218158f,0.024636667243460114f,0f,0f,0f,1f],start_interpolation:0}
execute if entity @s[tag=aj.louvert.bone.body_1] run data modify entity @s {} merge value {transformation:[-0.6986890102919291f,-0.21028247711121242f,-0.6838237687571682f,-0.010492815016995904f,0.04731441832887878f,0.9401538321906517f,-0.3374494297453054f,1.0284336159871938f,0.7138592387267145f,-0.2681269319505304f,-0.6469257574461779f,0.030079405849758684f,0f,0f,0f,1f],start_interpolation:0}
execute if entity @s[tag=aj.louvert.locator_origin.locator] at @s on origin run tp @s ^-0.50158 ^0.98213 ^1.2935 ~2.68315 ~-3.87201
execute if entity @s[tag=aj.louvert.bone.sword_0] run data modify entity @s {} merge value {transformation:[-0.9961716525326699f,-0.073895891883818f,0.04670584388515764f,-0.46251501496629915f,-0.07695613791691157f,0.9947450572031096f,-0.06752794982002044f,0.9487718590290657f,-0.04147036926822434f,-0.07086373072790483f,-0.9966235699300314f,0.4170172437558957f,0f,0f,0f,1f],start_interpolation:0}
execute if entity @s[tag=aj.louvert.bone.right_arm_1] run data modify entity @s {} merge value {transformation:[-0.3365145410308306f,-0.6189525753856029f,-0.7096870247498817f,-0.3280262193259348f,-0.8715124130207119f,0.49016634738152814f,-0.014250117384319461f,1.2705201249914155f,0.3566848435602854f,0.6137056797180395f,-0.7043729559375443f,0.2787019833854957f,0f,0f,0f,1f],start_interpolation:0}
execute if entity @s[tag=aj.louvert.bone.right_arm_0] run data modify entity @s {} merge value {transformation:[-0.3677086803806734f,-0.6196142052815058f,-0.693446871062284f,-0.22529134066526482f,-0.8728700518137165f,0.48717460779458766f,0.027545855712056873f,1.5238073854557737f,0.3207619039403271f,0.6154178565280323f,-0.7199810156157025f,0.1816311380299625f,0f,0f,0f,1f],start_interpolation:0}
execute if entity @s[tag=aj.louvert.locator_origin.locator2] at @s on origin run tp @s ^0.9395 ^1.16694 ^0.38702 ~-34.10453 ~-17.58587
execute if entity @s[tag=aj.louvert.bone.sword_1] run data modify entity @s {} merge value {transformation:[-0.8450298477302298f,-0.015305219418269261f,-0.534500053043574f,0.4700172925501425f,0.17413182468282867f,0.9372260669027437f,-0.3021347499885479f,0.9261891689616545f,0.5055716211157955f,-0.34838635130637996f,-0.7893188748191532f,-0.3147669977836619f,0f,0f,0f,1f],start_interpolation:0}
execute if entity @s[tag=aj.louvert.bone.left_arm_1] run data modify entity @s {} merge value {transformation:[-0.5657891272753699f,0.6313118237484263f,-0.5304036619900087f,0.25265144350506463f,0.8239519334639931f,0.4083835757606755f,-0.39284356478103594f,1.2319401753089265f,-0.03139864324971242f,-0.6592937404862574f,-0.7512295847194228f,-0.31771722496967264f,0f,0f,0f,1f],start_interpolation:0}
execute if entity @s[tag=aj.louvert.bone.left_arm_0] run data modify entity @s {} merge value {transformation:[-0.2621519515464532f,0.6313118237484263f,-0.7298778908117591f,0.17072895864679802f,0.9124540169398936f,0.4083835757606755f,0.025505333151656217f,1.5170820556026432f,0.3141719613056493f,-0.6592937404862574f,-0.6831015608860814f,-0.21953848706165724f,0f,0f,0f,1f],start_interpolation:0}
execute if entity @s[tag=aj.louvert.bone.wing_0] run data modify entity @s {} merge value {transformation:[-0.8874457256261274f,0.042300209519433904f,-0.4589670754449912f,-0.38552360190875606f,0.06897613032987823f,0.9967545279336972f,-0.04150547540250405f,1.1955795835074385f,0.45572182031655223f,-0.06849162954904939f,-0.8874832500780416f,-0.35953580823982023f,0f,0f,0f,1f],start_interpolation:0}
execute if entity @s[tag=aj.louvert.bone.wing_1] run data modify entity @s {} merge value {transformation:[-0.433186180000231f,0.042300209519433904f,-0.9003112937931077f,-0.2075999267618976f,0.0800714566684183f,0.9967545279336972f,0.008304990708593633f,1.200092701925295f,0.8977406614851557f,-0.06849162954904939f,-0.4351673257471321f,-0.1839715818598952f,0f,0f,0f,1f],start_interpolation:0}
execute if entity @s[tag=aj.louvert.bone.body_0] run data modify entity @s {} merge value {transformation:[-0.7012141936886153f,0.042300209519433904f,-0.7116947005874339f,-0.02509099595082808f,0.07845074402460873f,0.9967545279336972f,-0.018052473671426122f,1.4020078968392038f,0.7086212918982963f,-0.06849162954904939f,-0.7022569055197002f,-0.020949094658980996f,0f,0f,0f,1f],start_interpolation:0}