execute if entity @s[tag=aj.louvert.bone.head] run data modify entity @s {} merge value {transformation:[0.23269661006190634f,-0.5649265488347118f,0.7916503534309818f,0.053077957107151824f,0.10804754296949054f,0.8239726923604794f,0.5562326228319219f,1.3882204352994296f,-0.9665288490903685f,-0.04389757015968482f,0.25277457785569013f,0.1644032837972574f,0f,0f,0f,1f],start_interpolation:0}
execute if entity @s[tag=aj.louvert.bone.coat_0] run data modify entity @s {} merge value {transformation:[0.6831755836762363f,-0.64182107445319f,0.3483343655977483f,0.7438005920289361f,0.6883628088631125f,0.7252355932232295f,-0.01378323968581624f,0.9470316125691669f,-0.24377810656972382f,0.24919679514372317f,0.9372690073012f,0.0394727658842694f,0f,0f,0f,1f],start_interpolation:0}
execute if entity @s[tag=aj.louvert.bone.coat_1] run data modify entity @s {} merge value {transformation:[0.9023441347574563f,-0.2538468676435287f,0.3483343655977483f,0.3632479006355285f,0.27570873917905714f,0.9611424001905535f,-0.01378323968581624f,0.6531258479880184f,-0.3313000959992491f,0.10847605424014428f,0.9372690073012f,0.17658239581303953f,0f,0f,0f,1f],start_interpolation:0}
execute if entity @s[tag=aj.louvert.bone.coat_2] run data modify entity @s {} merge value {transformation:[0.7611053827868153f,-0.5879436453207038f,0.2739358797600951f,0.5970660420319508f,0.587811529162297f,0.8037594676604758f,0.09191476665928541f,0.7983558253178655f,-0.27421925985754025f,0.09106584471222426f,0.9573457105194711f,0.22518620676130446f,0f,0f,0f,1f],start_interpolation:0}
execute if entity @s[tag=aj.louvert.bone.right_leg_1] run data modify entity @s {} merge value {transformation:[0.7507251865251496f,-0.6591585853630627f,0.04383667025384477f,0.7130891004394477f,0.6148257562300528f,0.721425101153504f,0.3186457482876566f,0.6899883225168398f,-0.24166295494535903f,-0.21226347487926928f,0.9468596693487659f,-0.1931293506688389f,0f,0f,0f,1f],start_interpolation:0}
execute if entity @s[tag=aj.louvert.bone.right_leg_0] run data modify entity @s {} merge value {transformation:[0.7507251865251496f,-0.26548196128773915f,0.6049223276980226f,0.6486624191805842f,0.6148257562300528f,0.6157592706879067f,-0.49277764766478727f,0.8735551714238797f,-0.24166295494535903f,0.7418624190459523f,0.6254911409559406f,0.07375017336646193f,0f,0f,0f,1f],start_interpolation:0}
execute if entity @s[tag=aj.louvert.bone.left_leg_1] run data modify entity @s {} merge value {transformation:[0.86149079055558f,-0.5031454211913985f,-0.06839812074941401f,0.5272382584989297f,0.3988042703730421f,0.5870676196647152f,0.7044904285179685f,0.4542536046074156f,-0.3143068114440838f,-0.6341894788431414f,0.7064098903643106f,-0.014542694647482868f,0f,0f,0f,1f],start_interpolation:0}
execute if entity @s[tag=aj.louvert.bone.left_leg_0] run data modify entity @s {} merge value {transformation:[0.86149079055558f,-0.2746281927605678f,0.4270983183401518f,0.4583860734838804f,0.3988042703730421f,0.8865906582055733f,-0.23433343490597755f,0.7266022891333055f,-0.3143068114440838f,0.37220472931395254f,0.8733125830744567f,0.14230498833084698f,0f,0f,0f,1f],start_interpolation:0}
execute if entity @s[tag=aj.louvert.bone.body_1] run data modify entity @s {} merge value {transformation:[0.7611053827868153f,-0.5471578986330627f,0.3483343655977483f,0.3825374030094002f,0.587811529162297f,0.8088804784933592f,-0.01378323968581624f,1.0528538798077673f,-0.27421925985754025f,0.2152454540189065f,0.9372690073012f,0.17529178522956274f,0f,0f,0f,1f],start_interpolation:0}
execute if entity @s[tag=aj.louvert.locator_origin.locator] at @s on origin run tp @s ^1.32706 ^1.57076 ^-0.40703 ~-148.26634 ~-7.40824
execute if entity @s[tag=aj.louvert.bone.sword_0] run data modify entity @s {} merge value {transformation:[0.5376341958230243f,-0.6624973831363439f,-0.5215809513577213f,0.8520704209665981f,0.717896715096934f,0.6841046917418466f,-0.12893826891123195f,1.4754220181840376f,0.44223724168681405f,-0.30511962911993873f,0.8434027709172817f,0.32519357376405833f,0f,0f,0f,1f],start_interpolation:0}
execute if entity @s[tag=aj.louvert.bone.right_arm_1] run data modify entity @s {} merge value {transformation:[0.9458600947139619f,0.3243745170409363f,-0.011395346513092042f,0.49402359440723664f,-0.27489223826274034f,0.8192515135365516f,0.5032506481972683f,1.5686619135155955f,0.17257734083765097f,-0.47287221345996766f,0.8640653512130174f,0.2631525714894596f,0f,0f,0f,1f],start_interpolation:0}
execute if entity @s[tag=aj.louvert.bone.right_arm_0] run data modify entity @s {} merge value {transformation:[0.6876137397588343f,0.3613543560096767f,-0.6297700963746223f,0.27914430073260094f,0.08953548807901318f,0.818540777056382f,0.5674278744213994f,1.540682073490904f,0.7205350381968401f,-0.44655797573077377f,0.5304858462220371f,0.03798537205294705f,0f,0f,0f,1f],start_interpolation:0}
execute if entity @s[tag=aj.louvert.locator_origin.locator2] at @s on origin run tp @s ^-0.91309 ^0.26049 ^1.11219 ~64.51505 ~43.08516
execute if entity @s[tag=aj.louvert.bone.sword_1] run data modify entity @s {} merge value {transformation:[0.7340685065255318f,-0.16278372832161941f,0.6592760313564325f,-0.3387462527791133f,-0.675213677366748f,-0.27835568474131667f,0.6830846233586771f,0.8527208649193462f,0.0723181693922628f,-0.9465831028313916f,-0.31424594159646024f,0.8117537027048752f,0f,0f,0f,1f],start_interpolation:0}
execute if entity @s[tag=aj.louvert.bone.left_arm_1] run data modify entity @s {} merge value {transformation:[0.5658153414570098f,-0.7340685065255317f,0.37549490955173026f,-0.11989672941388521f,0.5492716710248116f,0.6752136773667481f,0.49232826580086203f,1.0503819176509857f,-0.6149419735076619f,-0.07231816939226289f,0.7852492926416763f,0.5798587083437663f,0f,0f,0f,1f],start_interpolation:0}
execute if entity @s[tag=aj.louvert.bone.left_arm_0] run data modify entity @s {} merge value {transformation:[0.3210057407807213f,-0.7340685065255317f,0.598413520997976f,-0.01958243541990981f,0.25118284642552485f,0.6752136773667481f,0.6935370700679555f,1.128876557158962f,-0.9131607153439041f,-0.07231816939226289f,0.40113288362880484f,0.2944959847987962f,0f,0f,0f,1f],start_interpolation:0}
execute if entity @s[tag=aj.louvert.bone.wing_0] run data modify entity @s {} merge value {transformation:[0.6698016968439002f,-0.722296721134655f,-0.1722008523299392f,0.4229293500588053f,0.7270401675125608f,0.6850774219362237f,-0.045623686573149524f,1.342545257629616f,0.1509247551872761f,-0.09463811384079499f,0.9840047488098401f,0.6432433278375949f,0f,0f,0f,1f],start_interpolation:0}
execute if entity @s[tag=aj.louvert.bone.wing_1] run data modify entity @s {} merge value {transformation:[0.39090154258181475f,-0.722296721134655f,0.5705115517194049f,0.36214840252799735f,0.291534623902002f,0.6850774219362237f,0.6675900606057101f,1.2476351645692343f,-0.8730426948743544f,-0.09463811384079499f,0.47837232396448337f,0.42008923163381273f,0f,0f,0f,1f],start_interpolation:0}
execute if entity @s[tag=aj.louvert.bone.body_0] run data modify entity @s {} merge value {transformation:[0.6474397804539357f,-0.722296721134655f,0.2431237901232315f,0.16115909195531217f,0.6217251110559494f,0.6850774219362237f,0.3796403722415266f,1.2910989211125845f,-0.4407716154293815f,-0.09463811384079499f,0.8926163848151283f,0.17849083346290026f,0f,0f,0f,1f],start_interpolation:0}