execute if entity @s[tag=aj.louvert.bone.head] run data modify entity @s {} merge value {transformation:[-0.3519413033616098f,-0.9102160546217841f,-0.21827517700573454f,-0.23301041960610513f,0.07374324481316391f,0.20550685888451486f,-0.975873385637628f,0.7617551559673355f,0.9331126688843947f,-0.35954647107178406f,-0.005204066416720277f,-0.1906103760299122f,0f,0f,0f,1f],start_interpolation:0}
execute if entity @s[tag=aj.louvert.bone.coat_0] run data modify entity @s {} merge value {transformation:[-0.5279404766611941f,-0.7451374533133004f,0.407491139501855f,0.306876034185718f,-0.7672753812639403f,0.21277539876421395f,-0.6049918338184453f,0.3619083350085371f,0.3640979846264287f,-0.6320575965452031f,-0.6840583690303591f,0.2951859874627014f,0f,0f,0f,1f],start_interpolation:0}
execute if entity @s[tag=aj.louvert.bone.coat_1] run data modify entity @s {} merge value {transformation:[-0.12422273633485209f,-0.9047207762646782f,0.407491139501855f,0.5199579933034428f,-0.7788303205219728f,-0.1655542595303326f,-0.6049918338184453f,0.7561503333143176f,0.6148105753914159f,-0.3925201958452609f,-0.6840583690303591f,0.07344441384508328f,0f,0f,0f,1f],start_interpolation:0}
execute if entity @s[tag=aj.louvert.bone.coat_2] run data modify entity @s {} merge value {transformation:[-0.42616391823544947f,-0.853951273624738f,0.29858254649074356f,0.4643534061823123f,-0.7884839966115609f,0.18882486545260674f,-0.5853530193603393f,0.4834053549341216f,0.44348314723523635f,-0.4848838958570316f,-0.7537972576607306f,0.09880790452509748f,0f,0f,0f,1f],start_interpolation:0}
execute if entity @s[tag=aj.louvert.bone.right_leg_1] run data modify entity @s {} merge value {transformation:[-0.44284633641839594f,-0.864925021903317f,0.23620293987660662f,0.38958553076310865f,-0.7999568432336117f,0.2621816522997245f,-0.539749784771705f,0.5959067683928635f,0.40491501736107627f,-0.4279783729149559f,-0.8080088743525947f,0.5395208003657312f,0f,0f,0f,1f],start_interpolation:0}
execute if entity @s[tag=aj.louvert.bone.right_leg_0] run data modify entity @s {} merge value {transformation:[-0.44284633641839594f,-0.1898633629170437f,0.8762642442452141f,0.36014652396514923f,-0.7999568432336117f,-0.35770189193304824f,-0.48178668046266426f,0.46046883458498217f,0.40491501736107627f,-0.9143310450429591f,0.006524475927643325f,0.2397505940582969f,0f,0f,0f,1f],start_interpolation:0}
execute if entity @s[tag=aj.louvert.bone.left_leg_1] run data modify entity @s {} merge value {transformation:[-0.24124975155318046f,-0.8691034808637657f,-0.43180747669073005f,0.6820301587698412f,-0.793776486265932f,0.43270102300146984f,-0.42742100386479936f,0.7478364757725539f,0.5583166191569442f,0.23964341059993244f,-0.794262921537442f,0.3502363283486863f,0f,0f,0f,1f],start_interpolation:0}
execute if entity @s[tag=aj.louvert.bone.left_leg_0] run data modify entity @s {} merge value {transformation:[-0.24124975155318046f,-0.758649480980891f,0.6051855272418151f,0.46668750352401156f,-0.793776486265932f,-0.20450762995138622f,-0.572796228289763f,0.6575898337378724f,0.5583166191569442f,-0.6185689891185073f,-0.5528607044039832f,0.12887980724948783f,0f,0f,0f,1f],start_interpolation:0}
execute if entity @s[tag=aj.louvert.bone.body_1] run data modify entity @s {} merge value {transformation:[-0.42616391823544947f,-0.807672759242064f,0.407491139501855f,0.16101927648143538f,-0.7884839966115609f,0.11080554183097288f,-0.6049918338184453f,0.5936560659836063f,0.44348314723523635f,-0.5791259326587401f,-0.6840583690303591f,0.003338346698036093f,0f,0f,0f,1f],start_interpolation:0}
execute if entity @s[tag=aj.louvert.locator_origin.locator] at @s on origin run tp @s ^-0.24958 ^-0.23949 ^0.80743 ~15.03886 ~13.63029
execute if entity @s[tag=aj.louvert.bone.sword_0] run data modify entity @s {} merge value {transformation:[-0.3740806890812636f,-0.8924549093603218f,0.25216635940415855f,-0.05152183586313472f,-0.8707545205782994f,0.43157020786863004f,0.23565593685007025f,-0.021437324244300157f,-0.3191397859072796f,-0.13142066214597775f,-0.9385512274842381f,-0.01966798390101023f,0f,0f,0f,1f],start_interpolation:0}
execute if entity @s[tag=aj.louvert.bone.right_arm_1] run data modify entity @s {} merge value {transformation:[0.550342835640948f,-0.8140496368495973f,-0.1855962068678117f,-0.2489371837963712f,-0.785344727118446f,-0.4292330198475637f,-0.4460859494086262f,0.2786999902332328f,0.28347208477367575f,0.3912572087739484f,-0.8755349072061527f,-0.12776547190383072f,0f,0f,0f,1f],start_interpolation:0}
execute if entity @s[tag=aj.louvert.bone.right_arm_0] run data modify entity @s {} merge value {transformation:[0.33644268655126036f,-0.7957368416063244f,-0.5035962644585065f,-0.35407552334364006f,-0.8692792091035475f,-0.4680907004302663f,0.15888597417964379f,0.5503497430780914f,-0.36216015143370184f,0.3843097384676782f,-0.8492031851285204f,-0.0145904245807989f,0f,0f,0f,1f],start_interpolation:0}
execute if entity @s[tag=aj.louvert.locator_origin.locator2] at @s on origin run tp @s ^0.87002 ^1.53624 ^-1.37054 ~-135.21376 ~-35.45034
execute if entity @s[tag=aj.louvert.bone.sword_1] run data modify entity @s {} merge value {transformation:[0.818773789497855f,0.016840046215286786f,-0.5738692311622822f,0.366827261164819f,-0.4208587369446092f,0.6974821320432185f,-0.5799970681114132f,1.045399295949359f,0.3904963574333442f,0.7164042771535591f,0.5781673689403237f,-0.8444819126477325f,0f,0f,0f,1f],start_interpolation:0}
execute if entity @s[tag=aj.louvert.bone.left_arm_1] run data modify entity @s {} merge value {transformation:[-0.5516521248004898f,-0.8187737894978554f,-0.1590264595418848f,0.1689009431186802f,-0.3883186409593602f,0.4208587369446091f,-0.8198088537097319f,0.8975308624175692f,0.7381656767193807f,-0.390496357433344f,-0.5501127416672965f,-0.5621693322630466f,0f,0f,0f,1f],start_interpolation:0}
execute if entity @s[tag=aj.louvert.bone.left_arm_0] run data modify entity @s {} merge value {transformation:[-0.45644611216567826f,-0.8187737894978554f,-0.34823329582358864f,0.02626153306690572f,-0.06462819637889688f,0.4208587369446091f,-0.904821042952804f,0.8773345510491639f,0.887400779198243f,-0.390496357433344f,-0.2450152075068857f,-0.28485658876359565f,0f,0f,0f,1f],start_interpolation:0}
execute if entity @s[tag=aj.louvert.bone.wing_0] run data modify entity @s {} merge value {transformation:[-0.4383295208719f,-0.8412275966266872f,0.31654914595667194f,0.060104764483906795f,-0.8988141488009218f,0.4100116627130806f,-0.15499536236458866f,0.29956195473601527f,0.0005975345061447479f,-0.35245789409934136f,-0.9358274818787767f,-0.45257410651835767f,0f,0f,0f,1f],start_interpolation:0}
execute if entity @s[tag=aj.louvert.bone.wing_1] run data modify entity @s {} merge value {transformation:[-0.44737642212404505f,-0.8412275966266872f,-0.30362883196622825f,0.058133165609112705f,-0.16176454572598836f,0.4100116627130806f,-0.8976205591369443f,0.4601878008228647f,0.8795945478875786f,-0.35245789409934136f,-0.31951035071418976f,-0.2610135407258107f,0f,0f,0f,1f],start_interpolation:0}
execute if entity @s[tag=aj.louvert.bone.body_0] run data modify entity @s {} merge value {transformation:[-0.5406236541622262f,-0.8412275966266872f,0.007886395499176385f,-0.11205905982282761f,-0.6473637598301254f,0.4100116627130806f,-0.6425033843473975f,0.6984567723240647f,0.5372580637076436f,-0.35245789409934136f,-0.7662422631701882f,-0.13887390457776178f,0f,0f,0f,1f],start_interpolation:0}