execute if entity @s[tag=aj.louvert.bone.head] run data modify entity @s {} merge value {transformation:[-0.5248044453534577f,-0.6654723665220071f,0.5307794490490839f,-0.12573480829228395f,-0.10345796915128663f,0.6687927195108231f,0.7362151499041629f,1.4459886230796735f,-0.8449122692660707f,0.33145561954041003f,-0.41983381178597556f,0.07533156607320071f,0f,0f,0f,1f],start_interpolation:0}
execute if entity @s[tag=aj.louvert.bone.coat_0] run data modify entity @s {} merge value {transformation:[0.028517582855390786f,-0.3954104290048984f,0.9180617300063476f,0.3677293484420578f,0.5405014633729412f,0.7786890918994802f,0.3185929475811918f,1.0590747562557719f,-0.8408596289273228f,0.4871282077553353f,0.23592624620690256f,-0.4843988720911173f,0f,0f,0f,1f],start_interpolation:0}
execute if entity @s[tag=aj.louvert.bone.coat_1] run data modify entity @s {} merge value {transformation:[0.2078756221804708f,-0.3375653797427012f,0.9180617300063476f,0.32778683412061504f,0.11987204503464793f,0.9402814613565129f,0.3185929475811918f,0.8419557180871726f,-0.9707823744394485f,0.04382222984315737f,0.23592624620690256f,-0.03577439793213463f,0f,0f,0f,1f],start_interpolation:0}
execute if entity @s[tag=aj.louvert.bone.coat_2] run data modify entity @s {} merge value {transformation:[0.0798850286428855f,-0.5048144422414345f,0.8595235663454461f,0.46251580753212984f,0.43423807633719846f,0.7937838102047994f,0.42584569472488576f,0.9903393556191211f,-0.8972489483179653f,0.33921916449578804f,0.28262109472062547f,-0.23059585423576315f,0f,0f,0f,1f],start_interpolation:0}
execute if entity @s[tag=aj.louvert.bone.right_leg_1] run data modify entity @s {} merge value {transformation:[0.08056820164885188f,-0.9874569306571702f,0.135785032239162f,0.4326373923788204f,0.4365924208762142f,0.1574255815043401f,0.8857788913275519f,0.7130355843411185f,-0.8960445429310512f,-0.012082896388724118f,0.44379970786193945f,-0.5076667127829246f,0f,0f,0f,1f],start_interpolation:0}
execute if entity @s[tag=aj.louvert.bone.right_leg_0] run data modify entity @s {} merge value {transformation:[0.08056820164885188f,-0.33551407378068066f,0.9385835451243335f,0.35774371986169706f,0.4365924208762142f,0.8583865163554812f,0.26936897848963215f,1.004794996713622f,-0.8960445429310512f,0.38807588798351433f,0.21564155965233203f,-0.3722427535513716f,0f,0f,0f,1f],start_interpolation:0}
execute if entity @s[tag=aj.louvert.bone.left_leg_1] run data modify entity @s {} merge value {transformation:[0.16203609377258096f,-0.4742695750715988f,0.865339629553812f,0.029257730817335514f,0.24157788183794282f,0.8693092492871319f,0.4312094109716721f,0.7837055103959829f,-0.9567572478542382f,0.1391754262262148f,0.2554325144008397f,-0.2285938961602264f,0f,0f,0f,1f],start_interpolation:0}
execute if entity @s[tag=aj.louvert.bone.left_leg_0] run data modify entity @s {} merge value {transformation:[0.16203609377258096f,0.8028096493912276f,0.5737952345212164f,0.3377724627009757f,0.24157788183794282f,0.531512529733282f,-0.8118710228498246f,0.8962354776293224f,-0.9567572478542382f,0.2701686465540765f,-0.10781684050983051f,-0.1479305164718803f,0f,0f,0f,1f],start_interpolation:0}
execute if entity @s[tag=aj.louvert.bone.body_1] run data modify entity @s {} merge value {transformation:[0.0798850286428855f,-0.38830534646908643f,0.9180617300063476f,0.2264126705097469f,0.43423807633719846f,0.8425768966750142f,0.3185929475811918f,1.2138205173824141f,-0.8972489483179653f,0.3732065528538121f,0.23592624620690256f,-0.14345958724480967f,0f,0f,0f,1f],start_interpolation:0}
execute if entity @s[tag=aj.louvert.locator_origin.locator] at @s on origin run tp @s ^0.39749 ^1.7458 ^-1.31377 ~172.89572 ~-0.18242
execute if entity @s[tag=aj.louvert.bone.sword_0] run data modify entity @s {} merge value {transformation:[0.25485740360021625f,-0.9590371166808092f,0.12367502843628658f,0.48104904745642846f,0.9665537625549887f,0.2564443157130137f,-0.0031838701730743657f,1.7496808335766072f,-0.028662308367459477f,0.12034999695489793f,0.9923176660283765f,-0.43977069082870746f,0f,0f,0f,1f],start_interpolation:0}
execute if entity @s[tag=aj.louvert.bone.right_arm_1] run data modify entity @s {} merge value {transformation:[0.8919413058334246f,-0.412045706024348f,0.18616939355077097f,0.15037843146850782f,0.15311175513317204f,0.6626628303150741f,0.7330994228335301f,1.6834517837217873f,-0.4254380065158786f,-0.6253769339092317f,0.6541453914429753f,-0.27542060494067655f,0f,0f,0f,1f],start_interpolation:0}
execute if entity @s[tag=aj.louvert.bone.right_arm_0] run data modify entity @s {} merge value {transformation:[0.9110931671377314f,-0.412045706024348f,-0.01129499631847658f,-0.13433818326203323f,0.3081541512359761f,0.6626628303150741f,0.682582590163894f,1.5871536114605447f,-0.27377045105520975f,-0.6253769339092317f,0.7307211716265755f,-0.1898673389859235f,0f,0f,0f,1f],start_interpolation:0}
execute if entity @s[tag=aj.louvert.locator_origin.locator2] at @s on origin run tp @s ^-0.26726 ^1.9466 ^-0.46422 ~-138.57255 ~-72.77209
execute if entity @s[tag=aj.louvert.bone.sword_1] run data modify entity @s {} merge value {transformation:[0.7605994183224227f,0.6189382266628786f,-0.19596937623772595f,-0.423129842812379f,-0.2909889395865528f,0.05517346444445417f,-0.9551341925925855f,1.109807645069962f,-0.5803567539762812f,0.7834994322886315f,0.22206908320949695f,-0.24892666947610093f,0f,0f,0f,1f],start_interpolation:0}
execute if entity @s[tag=aj.louvert.bone.left_arm_1] run data modify entity @s {} merge value {transformation:[0.5866402188105649f,-0.7565881278047816f,-0.2888384644377335f,-0.19450623312877063f,0.007681744544617286f,0.3618403016571366f,-0.9322084460556146f,1.111346874453565f,0.8098112400273558f,0.5446521834726524f,0.2180819904619098f,0.048511004536536534f,0f,0f,0f,1f],start_interpolation:0}
execute if entity @s[tag=aj.louvert.bone.left_arm_0] run data modify entity @s {} merge value {transformation:[0.6537269896660737f,-0.7565881278047816f,0.01467746050884311f,0.009783451141877389f,0.4372597478409492f,0.3618403016571366f,-0.8233319555408632f,1.2479905456538616f,0.617612286066431f,0.5446521834726524f,0.5673703051255583f,0.24151484393229625f,0f,0f,0f,1f],start_interpolation:0}
execute if entity @s[tag=aj.louvert.bone.wing_0] run data modify entity @s {} merge value {transformation:[0.1649464725539025f,-0.7847050767821672f,0.5975203792878682f,0.4443679567846028f,0.8270397590311099f,0.4401290537336926f,0.3497022348244974f,1.651508109381495f,-0.537399198151419f,0.4364909604238986f,0.7215800324942718f,0.10547523044771859f,0f,0f,0f,1f],start_interpolation:0}
execute if entity @s[tag=aj.louvert.bone.wing_1] run data modify entity @s {} merge value {transformation:[-0.43051211241764786f,-0.7847050767821672f,0.445978994498606f,0.29418775931809443f,0.11966331085787785f,0.4401290537336926f,0.8899253384941994f,1.473101185120106f,-0.8946172439072619f,0.4364909604238986f,-0.09558048112453299f,0.015381514437602075f,0f,0f,0f,1f],start_interpolation:0}
execute if entity @s[tag=aj.louvert.bone.body_0] run data modify entity @s {} merge value {transformation:[-0.15288059096897139f,-0.7847050767821672f,0.6007207898660335f,-0.010545889556668303f,0.5449971798724649f,0.4401290537336926f,0.7136276970455565f,1.3850156776072429f,-0.8243819496059082f,0.4364909604238986f,0.3603748640404661f,0.009556249999999999f,0f,0f,0f,1f],start_interpolation:0}