execute if entity @s[tag=aj.louvert.bone.head] run data modify entity @s {} merge value {transformation:[-0.9346517102939474f,0.22527411964977223f,-0.27509589502684206f,-0.13166716387019706f,0.18814341260917253f,0.9698386740174743f,0.15496774719857742f,1.7525673393371544f,0.30170886088475046f,0.09308338947442557f,-0.9488452170230816f,-0.09531952421432421f,0f,0f,0f,1f],start_interpolation:0}
execute if entity @s[tag=aj.louvert.bone.coat_0] run data modify entity @s {} merge value {transformation:[-0.8760175533936886f,-0.1019467314404923f,-0.4713810667546338f,-0.3429921153940206f,0.04170590137911742f,0.9577278319229295f,-0.28463664161586893f,0.9350101181303658f,0.48047254233336933f,-0.26900606667658167f,-0.8347346118107858f,0.1029535451509668f,0f,0f,0f,1f],start_interpolation:0}
execute if entity @s[tag=aj.louvert.bone.coat_1] run data modify entity @s {} merge value {transformation:[-0.7702698298802966f,-0.4295163315654513f,-0.4713810667546338f,0.0875640504685874f,-0.3280834294379958f,0.9007459384187328f,-0.28463664161586893f,0.9629536595548152f,0.5468506674626836f,-0.0645947005621535f,-0.8347346118107858f,-0.14971332353258357f,0f,0f,0f,1f],start_interpolation:0}
execute if entity @s[tag=aj.louvert.bone.coat_2] run data modify entity @s {} merge value {transformation:[-0.861112331725216f,-0.05474965626922135f,-0.5054582349602824f,-0.18663666580704583f,-0.05588708284889859f,0.9983533976832031f,-0.01292777262505701f,0.9134023086406069f,0.5053337373671007f,0.017116321824706904f,-0.8627542207406413f,-0.12772171566715662f,0f,0f,0f,1f],start_interpolation:0}
execute if entity @s[tag=aj.louvert.bone.right_leg_1] run data modify entity @s {} merge value {transformation:[-0.9285280045053643f,0.20931722889015586f,-0.3066301396455226f,-0.11089894866757496f,0.05895529068499992f,0.8985630881450413f,0.43486624417571773f,0.9423278572605578f,0.36655152236695654f,0.38570801691563755f,-0.8466813492320905f,0.35499374704855935f,0f,0f,0f,1f],start_interpolation:0}
execute if entity @s[tag=aj.louvert.bone.right_leg_0] run data modify entity @s {} merge value {transformation:[-0.9285280045053643f,-0.3419616590269614f,-0.14456129705012605f,-0.2353530739283686f,0.05895529068499992f,0.24862652323144413f,-0.9668035610433445f,0.941996003486478f,0.36655152236695654f,-0.9062268345736475f,-0.2106962404721399f,0.03978682798007921f,0f,0f,0f,1f],start_interpolation:0}
execute if entity @s[tag=aj.louvert.bone.left_leg_1] run data modify entity @s {} merge value {transformation:[-0.809949063340828f,-0.2033717749819188f,-0.5501112941342141f,0.16665638721140205f,-0.234799972409904f,0.9719483276316716f,-0.01361695157903614f,0.6672306262598631f,0.5374490559575149f,0.11813707950809199f,-0.834980324735664f,0.06871914316663147f,0f,0f,0f,1f],start_interpolation:0}
execute if entity @s[tag=aj.louvert.bone.left_leg_0] run data modify entity @s {} merge value {transformation:[-0.809949063340828f,-0.48236360106678616f,-0.33362834285953336f,-0.020074990997064612f,-0.234799972409904f,0.7879535005439674f,-0.569208445068076f,0.9559677741987027f,0.5374490559575149f,-0.382693921229997f,-0.751461159943736f,-0.08654660636169598f,0f,0f,0f,1f],start_interpolation:0}
execute if entity @s[tag=aj.louvert.bone.body_1] run data modify entity @s {} merge value {transformation:[-0.861112331725216f,-0.19048738030647977f,-0.4713810667546338f,-0.18724133880849153f,-0.05588708284889859f,0.9570050241353387f,-0.28463664161586893f,1.2480459588848838f,0.5053337373671007f,-0.21876000942515725f,-0.8347346118107858f,-0.09174239213617003f,0f,0f,0f,1f],start_interpolation:0}
execute if entity @s[tag=aj.louvert.locator_origin.locator] at @s on origin run tp @s ^-1.04645 ^1.12744 ^0.91203 ~18.93582 ~1.65338
execute if entity @s[tag=aj.louvert.bone.sword_0] run data modify entity @s {} merge value {transformation:[-0.9452787633577194f,0.03506822091408529f,0.32437367252417637f,-0.7608630532356164f,0.046942853454433525f,0.9984807838484211f,0.02885295123551257f,1.1787674596368336f,-0.32286905713378056f,0.04250110783690464f,-0.9454888829479591f,0.08337038072127716f,0f,0f,0f,1f],start_interpolation:0}
execute if entity @s[tag=aj.louvert.bone.right_arm_1] run data modify entity @s {} merge value {transformation:[-0.4980310363511101f,-0.7244617597928668f,-0.4765713434826542f,-0.5653136165172252f,-0.856845595134593f,0.49563708959518327f,0.14198415938428444f,1.494551788209533f,0.1333443396979595f,0.4790605744740834f,-0.8675945211071106f,0.030635480693725962f,0f,0f,0f,1f],start_interpolation:0}
execute if entity @s[tag=aj.louvert.bone.right_arm_0] run data modify entity @s {} merge value {transformation:[-0.583127601707423f,-0.7324247582936525f,-0.3514486784232287f,-0.3939898247674955f,-0.8085696594669544f,0.4814144613223996f,0.3383123146135204f,1.7354649436047356f,-0.07859583905298587f,0.4814499868814502f,-0.8729424976568666f,0.050373169116442004f,0f,0f,0f,1f],start_interpolation:0}
execute if entity @s[tag=aj.louvert.locator_origin.locator2] at @s on origin run tp @s ^0.81214 ^0.7761 ^0.18728 ~-29.45264 ~24.28682
execute if entity @s[tag=aj.louvert.bone.sword_1] run data modify entity @s {} merge value {transformation:[-0.8937828164138508f,0.01675130056679644f,-0.4481870937595661f,0.41924573570628965f,-0.18953873940229332f,0.891573586369721f,0.4113047609177699f,1.1602840187290662f,0.4064816642225263f,0.45256594438507514f,-0.793698130672947f,-0.49749157579444164f,0f,0f,0f,1f],start_interpolation:0}
execute if entity @s[tag=aj.louvert.bone.left_arm_1] run data modify entity @s {} merge value {transformation:[-0.5738652573121248f,0.7121006719425422f,-0.4044642128409742f,0.1976817770115191f,0.7915743057856764f,0.6089404865145758f,-0.05100590459266896f,1.450913964971007f,0.20997329561164058f,-0.3494339950582537f,-0.9131303840238889f,-0.4127334457489118f,0f,0f,0f,1f],start_interpolation:0}
execute if entity @s[tag=aj.louvert.bone.left_arm_0] run data modify entity @s {} merge value {transformation:[-0.34389476216280146f,0.7121006719425422f,-0.6120857991948272f,0.09021466383564364f,0.7364502178343785f,0.6089404865145758f,0.2946736509005999f,1.6810546580442502f,0.5825611291604399f,-0.3494339950582537f,-0.7338381387533232f,-0.2306830928862743f,0f,0f,0f,1f],start_interpolation:0}
execute if entity @s[tag=aj.louvert.bone.wing_0] run data modify entity @s {} merge value {transformation:[-0.9765297857082944f,0.14593740062794083f,-0.15840408051080263f,-0.42582126843446133f,0.13459617805064308f,0.9876525870318946f,0.08016380843850741f,1.4740375505968444f,0.16814709774085435f,0.056961762851635844f,-0.9841147855276647f,-0.5470479626065448f,0f,0f,0f,1f],start_interpolation:0}
execute if entity @s[tag=aj.louvert.bone.wing_1] run data modify entity @s {} merge value {transformation:[-0.5834787813773793f,0.14593740062794083f,-0.7989084971261282f,-0.3038272068852565f,0.03943256503193126f,0.9876525870318946f,0.15161609460808784f,1.4435496565708925f,0.8111705027288474f,0.056961762851635844f,-0.5820290139464382f,-0.3309740464005594f,0f,0f,0f,1f],start_interpolation:0}
execute if entity @s[tag=aj.louvert.bone.body_0] run data modify entity @s {} merge value {transformation:[-0.8605704260812252f,0.14593740062794083f,-0.4879762461968191f,-0.1568430827735869f,0.09833707548530925f,0.9876525870318946f,0.12195157610380736f,1.6090079301853821f,0.4997482979854709f,0.056961762851635844f,-0.8642956648239415f,-0.10365309697501306f,0f,0f,0f,1f],start_interpolation:0}