execute if entity @s[tag=aj.louvert.bone.head] run data modify entity @s {} merge value {transformation:[-0.9641935696413413f,0.20040774975298736f,-0.17368792157554203f,-0.026938647108995697f,0.18955567799961737f,0.9788352720331494f,0.07713724886133694f,1.5980246959530944f,0.18547076643070448f,0.041451707597328684f,-0.981775101913301f,-0.050076159810282066f,0f,0f,0f,1f],start_interpolation:0}
execute if entity @s[tag=aj.louvert.bone.coat_0] run data modify entity @s {} merge value {transformation:[-0.7164406948286323f,-0.10893554015396657f,-0.6890905447652217f,-0.17572962012291043f,0.15017283233412834f,0.9404984137113976f,-0.30481281835757873f,0.8007690757792929f,0.6812935132688495f,-0.32186298621883835f,-0.657452178397851f,0.26545877732182205f,0f,0f,0f,1f],start_interpolation:0}
execute if entity @s[tag=aj.louvert.bone.coat_1] run data modify entity @s {} merge value {transformation:[-0.6307561544245369f,-0.35679250940951596f,-0.6890905447652217f,0.17595371103801072f,-0.19439565647192109f,0.9323623086063488f,-0.30481281835757873f,0.7693009230979335f,0.7512369815180961f,-0.05830635230830242f,-0.657452178397851f,-0.08855900464736163f,0f,0f,0f,1f],start_interpolation:0}
execute if entity @s[tag=aj.louvert.bone.coat_2] run data modify entity @s {} merge value {transformation:[-0.7033666623218423f,0.05426917462849426f,-0.7087525626192638f,-0.08602427263810257f,0.06293630536271855f,0.9979200089425122f,0.01395267786007054f,0.7469333971439158f,0.7080355639383673f,-0.03479241925072574f,-0.7053191673002795f,0.006268364037498815f,0f,0f,0f,1f],start_interpolation:0}
execute if entity @s[tag=aj.louvert.bone.right_leg_1] run data modify entity @s {} merge value {transformation:[-0.7393392389352167f,0.3645217934070541f,-0.566128388178865f,0.11494589240560106f,0.10233112042575573f,0.8918480838370181f,0.44060791770989394f,0.6802490585626482f,0.6655117065560183f,0.2678261702812931f,-0.696680207088842f,0.41952316207409773f,0f,0f,0f,1f],start_interpolation:0}
execute if entity @s[tag=aj.louvert.bone.right_leg_0] run data modify entity @s {} merge value {transformation:[-0.7393392389352167f,-0.528151655017764f,-0.417652150805777f,-0.08780878733268015f,0.10233112042575573f,0.5249352102167804f,-0.8449682638224195f,0.7929020376089531f,0.6655117065560183f,-0.667457005639061f,-0.3340588481992874f,0.1769543318295261f,0f,0f,0f,1f],start_interpolation:0}
execute if entity @s[tag=aj.louvert.bone.left_leg_1] run data modify entity @s {} merge value {transformation:[-0.6609291116757695f,-0.06375151921302946f,-0.7477355502699526f,0.2398332682848855f,-0.10772041550881668f,0.9941262390561433f,0.01045623750188135f,0.4206359789128557f,0.7426769293724463f,0.08745721592938219f,-0.6639143122118965f,0.08332425767458346f,0f,0f,0f,1f],start_interpolation:0}
execute if entity @s[tag=aj.louvert.bone.left_leg_0] run data modify entity @s {} merge value {transformation:[-0.6609291116757695f,-0.3748778268681949f,-0.6501071636753881f,0.08803287824778043f,-0.10772041550881668f,0.9047122133173652f,-0.4121797219138783f,0.7771679612682734f,0.7426769293724463f,-0.20239176365893438f,-0.6383326347453497f,-0.00005455915506572678f,0f,0f,0f,1f],start_interpolation:0}
execute if entity @s[tag=aj.louvert.bone.body_1] run data modify entity @s {} merge value {transformation:[-0.7033666623218423f,-0.17444070468041972f,-0.6890905447652217f,-0.05440067475508102f,0.06293630536271855f,0.9503305568233614f,-0.30481281835757873f,1.0820132984459137f,0.7080355639383673f,-0.25776398762899033f,-0.657452178397851f,0.007898640203170708f,0f,0f,0f,1f],start_interpolation:0}
execute if entity @s[tag=aj.louvert.locator_origin.locator] at @s on origin run tp @s ^-0.57458 ^1.05081 ^1.25506 ~3.36063 ~-3.47285
execute if entity @s[tag=aj.louvert.bone.sword_0] run data modify entity @s {} merge value {transformation:[-0.9982190061702227f,-0.0116219111725014f,0.05851279262888759f,-0.523531865450852f,-0.015170692451568508f,0.9980483218889897f,-0.060575550060329914f,1.0236417994053393f,-0.05769459083027351f,-0.06135534496089266f,-0.9964471164259832f,0.37897645039573674f,0f,0f,0f,1f],start_interpolation:0}
execute if entity @s[tag=aj.louvert.bone.right_arm_1] run data modify entity @s {} merge value {transformation:[-0.3950085690180744f,-0.5975350297382022f,-0.697796616958021f,-0.3673618802918799f,-0.8526070059521749f,0.5212937372949621f,0.036250970446581404f,1.3378447638165638f,0.34209578162199117f,0.609265728309755f,-0.7153780458635995f,0.2462070000520994f,0f,0f,0f,1f],start_interpolation:0}
execute if entity @s[tag=aj.louvert.bone.right_arm_0] run data modify entity @s {} merge value {transformation:[-0.4455282936609137f,-0.5991036289222478f,-0.6652663987905809f,-0.2411359925067137f,-0.8499977436774209f,0.5163729988750793f,0.10422457376286462f,1.5859602997107278f,0.28108428503011f,0.6119099344225019f,-0.7392955138942486f,0.16041369461951663f,0f,0f,0f,1f],start_interpolation:0}
execute if entity @s[tag=aj.louvert.locator_origin.locator2] at @s on origin run tp @s ^0.91095 ^1.06757 ^0.35622 ~-34.2416 ~-9.28231
execute if entity @s[tag=aj.louvert.bone.sword_1] run data modify entity @s {} merge value {transformation:[-0.830351282545852f,0.04627313770735203f,-0.5553157158780715f,0.4248113141093549f,0.162122704526537f,0.973498227153741f,-0.16129919530339926f,0.9513618565078232f,0.5331350450415537f,-0.22396427941803448f,-0.815847427705267f,-0.3656016879899855f,0f,0f,0f,1f],start_interpolation:0}
execute if entity @s[tag=aj.louvert.bone.left_arm_1] run data modify entity @s {} merge value {transformation:[-0.518517532364429f,0.650116694440097f,-0.5554168274737314f,0.2250415688313503f,0.8548116250880442f,0.4099907968709189f,-0.31812675476213187f,1.2684739144006187f,0.020896273472560067f,-0.6397310607524307f,-0.7683147243568417f,-0.3491006072840532f,0f,0f,0f,1f],start_interpolation:0}
execute if entity @s[tag=aj.louvert.bone.left_arm_0] run data modify entity @s {} merge value {transformation:[-0.21213538342858623f,0.650116694440097f,-0.7296210404777868f,0.1587492615099171f,0.906392583195656f,0.4099907968709189f,0.10178424047491105f,1.5517215966492612f,0.3653095457629218f,-0.6397310607524307f,-0.6762345049485847f,-0.2349413742331401f,0f,0f,0f,1f],start_interpolation:0}
execute if entity @s[tag=aj.louvert.bone.wing_0] run data modify entity @s {} merge value {transformation:[-0.8909843360361355f,0.10367017150283263f,-0.44204005302553734f,-0.4133006152764299f,0.11964113512082479f,0.9927823657998065f,-0.008317027349943398f,1.271755616068293f,0.43798734196920225f,-0.060296514804028645f,-0.896956754017294f,-0.38539239795706753f,0f,0f,0f,1f],start_interpolation:0}
execute if entity @s[tag=aj.louvert.bone.wing_1] run data modify entity @s {} merge value {transformation:[-0.42611762215234456f,0.10367017150283263f,-0.8987081103627612f,-0.23793794191976217f,0.09911100587847488f,0.9927823657998065f,0.06752912461076394f,1.264255686888852f,0.8992223198992495f,-0.060296514804028645f,-0.4333169160066326f,-0.2073708154017324f,0f,0f,0f,1f],start_interpolation:0}
execute if entity @s[tag=aj.louvert.bone.body_0] run data modify entity @s {} merge value {transformation:[-0.7051378732076554f,0.10367017150283263f,-0.7014506934266711f,-0.04584313943925336f,0.11611714409936646f,0.9927823657998065f,0.029999716717764663f,1.4535947104863913f,0.6994979546892122f,-0.060296514804028645f,-0.7120863302213407f,-0.04032020002064942f,0f,0f,0f,1f],start_interpolation:0}