execute if entity @s[tag=aj.louvert.bone.head] run data modify entity @s {} merge value {transformation:[-0.42747074938919644f,-0.754935833381463f,0.497333535862277f,-0.1300688873998918f,-0.2861025449792306f,0.6348264024831486f,0.7177330788438767f,1.4501791661013888f,-0.8575628794281185f,0.16452150676109026f,-0.48735878122797227f,0.050864982017681214f,0f,0f,0f,1f],start_interpolation:0}
execute if entity @s[tag=aj.louvert.bone.coat_0] run data modify entity @s {} merge value {transformation:[0.19600129114823794f,-0.386856480080898f,0.9010691192620248f,0.41801484991200216f,0.44205388786261135f,0.8550848314694945f,0.2709580986358148f,1.0017395144470431f,-0.8753124322741986f,0.3452129702230258f,0.33860914207390025f,-0.38794724042322515f,0f,0f,0f,1f],start_interpolation:0}
execute if entity @s[tag=aj.louvert.bone.coat_1] run data modify entity @s {} merge value {transformation:[0.35248571176374693f,-0.2526425643369765f,0.9010691192620248f,0.2956051618059199f,-0.0027276477466646742f,0.9625872784955317f,0.2709580986358148f,0.8384089701996116f,-0.9358132201140219f,-0.09796665740854099f,0.33860914207390025f,0.06849443336830051f,0f,0f,0f,1f],start_interpolation:0}
execute if entity @s[tag=aj.louvert.bone.coat_2] run data modify entity @s {} merge value {transformation:[0.24481937621216449f,-0.47251426018658355f,0.8466367266729053f,0.46944364576671416f,0.326661088494863f,0.8623555306310683f,0.38682744480370057f,0.9539440046528042f,-0.9128833475830513f,0.1818604209561116f,0.3654733656441025f,-0.1174002607682248f,0f,0f,0f,1f],start_interpolation:0}
execute if entity @s[tag=aj.louvert.bone.right_leg_1] run data modify entity @s {} merge value {transformation:[0.24481937621216449f,-0.9645472509071225f,0.09854985438141922f,0.47107913135523427f,0.326661088494863f,0.17775631992894503f,0.9282754030936455f,0.6536389101285945f,-0.9128833475830513f,-0.19506740243523718f,0.3585982462488226f,-0.3613499297876667f,0f,0f,0f,1f],start_interpolation:0}
execute if entity @s[tag=aj.louvert.bone.right_leg_0] run data modify entity @s {} merge value {transformation:[0.24481937621216449f,-0.357963567061573f,0.9010691192620248f,0.3874124278854816f,0.326661088494863f,0.9054690729378975f,0.2709580986358148f,0.9609068783851852f,-0.9128833475830513f,0.2280084266195862f,0.33860914207390025f,-0.27383682197534376f,0f,0f,0f,1f],start_interpolation:0}
execute if entity @s[tag=aj.louvert.bone.left_leg_1] run data modify entity @s {} merge value {transformation:[0.31649367572024206f,-0.3738949051374994f,0.8717994913633011f,0.014030194902767912f,0.12293853979941546f,0.9274597329333112f,0.3531353270621036f,0.8621052553635957f,-0.9405944230437888f,-0.004587341222477651f,0.3395012336346228f,-0.15289802373916683f,0f,0f,0f,1f],start_interpolation:0}
execute if entity @s[tag=aj.louvert.bone.left_leg_0] run data modify entity @s {} merge value {transformation:[0.31649367572024206f,0.8872787981235923f,0.3355116803174576f,0.3262075838324405f,0.12293853979941546f,0.31234399512255323f,-0.9419805433993159f,0.8792416062614694f,-0.9405944230437888f,0.339378200701277f,-0.010225860730812572f,-0.04561598507958091f,0f,0f,0f,1f],start_interpolation:0}
execute if entity @s[tag=aj.louvert.bone.body_1] run data modify entity @s {} merge value {transformation:[0.24481937621216449f,-0.357963567061573f,0.9010691192620248f,0.24494639115221947f,0.326661088494863f,0.9054690729378975f,0.2709580986358148f,1.2030333276164202f,-0.9128833475830513f,0.2280084266195862f,0.33860914207390025f,-0.08847377020884163f,0f,0f,0f,1f],start_interpolation:0}
execute if entity @s[tag=aj.louvert.locator_origin.locator] at @s on origin run tp @s ^0.64646 ^1.7029 ^-1.22353 ~-174.84514 ~3.63356
execute if entity @s[tag=aj.louvert.bone.sword_0] run data modify entity @s {} merge value {transformation:[0.18667443920444665f,-0.9783212233237556f,-0.08966737278417047f,0.5422889175050009f,0.981356857445731f,0.18144506766332524f,0.06337511944675822f,1.7632460019757743f,-0.045731521863425106f,-0.09982620605312673f,0.993953397545928f,-0.3538353348566925f,0f,0f,0f,1f],start_interpolation:0}
execute if entity @s[tag=aj.louvert.bone.right_arm_1] run data modify entity @s {} merge value {transformation:[0.9488828404732963f,-0.3155085858969628f,-0.008699843712807631f,0.1897671234836997f,0.20310851194682888f,0.5892805183168753f,0.7819817153277561f,1.6789052748666147f,-0.2415952967879827f,-0.7437760435490601f,0.6232406514440734f,-0.2571124288591585f,0f,0f,0f,1f],start_interpolation:0}
execute if entity @s[tag=aj.louvert.bone.right_arm_0] run data modify entity @s {} merge value {transformation:[0.9245075375641779f,-0.3155085858969628f,-0.21386945834391224f,-0.09914148200510589f,0.3675458497979553f,0.5892805183168753f,0.7194848984019704f,1.5640471968047536f,-0.10097455760397578f,-0.7437760435490601f,0.6607581522457273f,-0.22555787960791612f,0f,0f,0f,1f],start_interpolation:0}
execute if entity @s[tag=aj.louvert.locator_origin.locator2] at @s on origin run tp @s ^0.15978 ^1.97604 ^-0.42818 ~-94.64361 ~-61.56625
execute if entity @s[tag=aj.louvert.bone.sword_1] run data modify entity @s {} merge value {transformation:[0.8430030217157833f,0.25321986654328327f,-0.4745793975362399f,-0.2501168958041358f,-0.4666796412600096f,-0.09445428523973716f,-0.8793682393817048f,1.201839535550609f,-0.26749956600242786f,0.9627866259912695f,0.03854730860722416f,-0.36928115436385706f,0f,0f,0f,1f],start_interpolation:0}
execute if entity @s[tag=aj.louvert.bone.left_arm_1] run data modify entity @s {} merge value {transformation:[0.25321986654328343f,-0.8430030217157832f,-0.4745793975362399f,-0.14514200603011052f,-0.09445428523973726f,0.4666796412600096f,-0.8793682393817048f,1.163848039756097f,0.9627866259912694f,0.2674995660024281f,0.03854730860722416f,-0.011123070805586499f,0f,0f,0f,1f],start_interpolation:0}
execute if entity @s[tag=aj.louvert.bone.left_arm_0] run data modify entity @s {} merge value {transformation:[0.4437451434821126f,-0.8430030217157832f,-0.30403314459791714f,-0.006471648691950332f,0.32226509080968285f,0.4666796412600096f,-0.8236232899079869f,1.264555880634123f,0.8362030010000361f,0.2674995660024281f,0.4787572697171778f,0.25019036700692476f,0f,0f,0f,1f],start_interpolation:0}
execute if entity @s[tag=aj.louvert.bone.wing_0] run data modify entity @s {} merge value {transformation:[0.24351173500406506f,-0.8430030217157832f,0.4796331309379791f,0.42827857301040384f,0.7745130432982288f,0.4666796412600096f,0.4270124801388653f,1.6682881280094453f,-0.5838078285499657f,0.2674995660024281f,0.7665588049929937f,0.1448897483761422f,0f,0f,0f,1f],start_interpolation:0}
execute if entity @s[tag=aj.louvert.bone.wing_1] run data modify entity @s {} merge value {transformation:[-0.2936186083869252f,-0.8430030217157832f,0.4507039141021343f,0.29399598716265624f,0.01745286611585911f,0.4666796412600096f,0.8842542111280955f,1.479023083713853f,-0.955763312893557f,0.2674995660024281f,-0.12231300795600342f,0.05190087729024439f,0f,0f,0f,1f],start_interpolation:0}
execute if entity @s[tag=aj.louvert.bone.body_0] run data modify entity @s {} merge value {transformation:[-0.02892921683584482f,-0.8430030217157832f,0.5371303433909904f,-0.006078750000000001f,0.4572417309892304f,0.4666796412600096f,0.7570601771823697f,1.385120625f,-0.8888718129489972f,0.2674995660024281f,0.3719554843435913f,0.00955625f,0f,0f,0f,1f],start_interpolation:0}