execute if entity @s[tag=aj.louvert.bone.head] run data modify entity @s {} merge value {transformation:[-0.9356444968000537f,-0.2545666880813193f,-0.2444691737767426f,-0.11432772157658838f,-0.3376775386614061f,0.8471708345197133f,0.4102139161739237f,1.605528245983682f,0.10268035591752417f,0.4663661420584483f,-0.8786121818243646f,-0.13884368608594994f,0f,0f,0f,1f],start_interpolation:0}
execute if entity @s[tag=aj.louvert.bone.coat_0] run data modify entity @s {} merge value {transformation:[-0.8492554263657144f,-0.056841823615483386f,0.5249135432396989f,-0.17421586986136584f,0.0037225010508189077f,0.9935185950003987f,0.11360873370634966f,0.8710431964047769f,-0.5279690935787015f,0.09843682479895387f,-0.8435394642511902f,-0.5338518713704832f,0f,0f,0f,1f],start_interpolation:0}
execute if entity @s[tag=aj.louvert.bone.coat_1] run data modify entity @s {} merge value {transformation:[-0.7363845918415234f,-0.42685302508233225f,0.5249135432396989f,0.24365698124835755f,-0.4363950150311453f,0.8925538899593718f,0.11360873370634966f,0.9305103237353294f,-0.5170078565692786f,-0.1454099325921574f,-0.8435394642511902f,-0.26581093965951685f,0f,0f,0f,1f],start_interpolation:0}
execute if entity @s[tag=aj.louvert.bone.coat_2] run data modify entity @s {} merge value {transformation:[-0.8357457022194468f,-0.2460823552261764f,0.4908895962108609f,0.10033474859845819f,-0.11893425466110476f,0.953862423609426f,0.2756830061758609f,0.9149778517833469f,-0.5360818634219326f,0.17201729934018367f,-0.8264540425442776f,-0.5052738385463987f,0f,0f,0f,1f],start_interpolation:0}
execute if entity @s[tag=aj.louvert.bone.right_leg_1] run data modify entity @s {} merge value {transformation:[-0.8047580480377287f,-0.33683023989613675f,0.4887840766739607f,-0.23333283515011025f,-0.007707232946093991f,0.8292788012310093f,0.5587819506651719f,0.7016479249846588f,-0.5935529316571692f,0.4459170991567506f,-0.6699648184799029f,-0.24265499550178452f,0f,0f,0f,1f],start_interpolation:0}
execute if entity @s[tag=aj.louvert.bone.right_leg_0] run data modify entity @s {} merge value {transformation:[-0.8047580480377287f,0.42612720127119574f,0.413255480853289f,-0.06974765708393502f,-0.007707232946093991f,0.6886220863958625f,-0.7250794581893241f,0.885909978237415f,-0.5935529316571692f,-0.5866985857018806f,-0.5508899044787384f,-0.46684163844274157f,0f,0f,0f,1f],start_interpolation:0}
execute if entity @s[tag=aj.louvert.bone.left_leg_1] run data modify entity @s {} merge value {transformation:[-0.7834395584089041f,-0.6020327785287618f,0.15420438352070423f,0.18158782316848848f,-0.3228917268173695f,0.6063261860551801f,0.7267114206180305f,0.6075480575540946f,-0.5310022514763557f,0.5195431547818893f,-0.6694113229146361f,-0.20803001380685143f,0f,0f,0f,1f],start_interpolation:0}
execute if entity @s[tag=aj.louvert.bone.left_leg_0] run data modify entity @s {} merge value {transformation:[-0.7834395584089041f,-0.1921799382850104f,0.5910070470314472f,0.1391887684709267f,-0.3228917268173695f,0.938425729160044f,-0.12287425931958706f,0.9156435419026913f,-0.5310022514763557f,-0.28709584143837663f,-0.7972531509852012f,-0.3328211725872584f,0f,0f,0f,1f],start_interpolation:0}
execute if entity @s[tag=aj.louvert.bone.body_1] run data modify entity @s {} merge value {transformation:[-0.8357457022194468f,-0.16122931912424912f,0.5249135432396989f,-0.01566360653283201f,-0.11893425466110476f,0.9863811122957735f,0.11360873370634966f,1.2090208576624824f,-0.5360818634219326f,0.032517809902942285f,-0.8435394642511902f,-0.3896695899203305f,0f,0f,0f,1f],start_interpolation:0}
execute if entity @s[tag=aj.louvert.locator_origin.locator] at @s on origin run tp @s ^-1.17293 ^0.83012 ^-0.71509 ~79.32341 ~26.93291
execute if entity @s[tag=aj.louvert.bone.sword_0] run data modify entity @s {} merge value {transformation:[-0.3596639214789993f,-0.32106714395888897f,0.876103733958731f,-0.4124195415346739f,0.3858762757438982f,0.80370308496012f,0.4529468523387764f,1.2485559788176352f,-0.8495536259732918f,0.500976287159052f,-0.16517080946694002f,-0.8469978546858343f,0f,0f,0f,1f],start_interpolation:0}
execute if entity @s[tag=aj.louvert.bone.right_arm_1] run data modify entity @s {} merge value {transformation:[-0.13454354402227003f,-0.9464936826952799f,0.2933389564647945f,-0.35287017079013927f,-0.6890333442802379f,0.3021093305228801f,0.658758683343915f,1.5020807931444f,-0.7121313679595354f,-0.11348859426807764f,-0.6928125675383906f,-0.5769620514700095f,0f,0f,0f,1f],start_interpolation:0}
execute if entity @s[tag=aj.louvert.bone.right_arm_0] run data modify entity @s {} merge value {transformation:[0.0839337953417906f,-0.946793947703065f,0.31070297486887466f,-0.3782914341391538f,-0.222615295088335f,0.2861064098509166f,0.9319793735029509f,1.5716999706009418f,-0.9712865428864217f,-0.14739180043362482f,-0.18675681720536602f,-0.2785248855539415f,0f,0f,0f,1f],start_interpolation:0}
execute if entity @s[tag=aj.louvert.locator_origin.locator2] at @s on origin run tp @s ^1.56048 ^1.71857 ^0.38953 ~-62.82645 ~4.47957
execute if entity @s[tag=aj.louvert.bone.sword_1] run data modify entity @s {} merge value {transformation:[0.27193161803885135f,-0.37342244009402525f,-0.8869097340456902f,0.772402269151684f,-0.7084614545496143f,-0.7014144278472112f,0.07810357114251365f,1.7688518893275287f,-0.6512569097738748f,0.6071025297608251f,-0.4552921653507668f,0.005768823915992007f,0f,0f,0f,1f],start_interpolation:0}
execute if entity @s[tag=aj.louvert.bone.left_arm_1] run data modify entity @s {} merge value {transformation:[-0.9238107635061196f,-0.3799587810793092f,0.046957405283581444f,0.4298089212721592f,-0.2467796326957194f,0.6847516869392722f,0.6857222033158811f,1.6673906765744877f,-0.29270033501314374f,0.6218894209701165f,-0.7263470671577377f,-0.10858026593297604f,0f,0f,0f,1f],start_interpolation:0}
execute if entity @s[tag=aj.louvert.bone.left_arm_0] run data modify entity @s {} merge value {transformation:[-0.8699775172772086f,-0.3799587810793092f,-0.31427765449186873f,0.1579409471230315f,-0.49296284404666424f,0.6847516869392722f,0.5367520485505807f,1.513339787809905f,0.011258499971524172f,0.6218894209701165f,-0.7830241338961685f,-0.10506198469187474f,0f,0f,0f,1f],start_interpolation:0}
execute if entity @s[tag=aj.louvert.bone.wing_0] run data modify entity @s {} merge value {transformation:[-0.7235006772362194f,-0.23003651273653802f,0.6508686294842798f,0.11524849142980212f,0.26230965735130357f,0.7805165801918338f,0.5674394343944438f,1.6497586835961764f,-0.6385455455165072f,0.5812719422556516f,-0.5043634755286797f,-0.6987566197731901f,0f,0f,0f,1f],start_interpolation:0}
execute if entity @s[tag=aj.louvert.bone.wing_1] run data modify entity @s {} merge value {transformation:[-0.9159451560424091f,-0.23003651273653802f,-0.3288277268273766f,0.039997910553199345f,-0.375462072723036f,0.7805165801918338f,0.499822068332488f,1.4934921775694578f,0.1416781672275894f,0.5812719422556516f,-0.8012803667115364f,-0.5187062680047602f,0f,0f,0f,1f],start_interpolation:0}
execute if entity @s[tag=aj.louvert.bone.body_0] run data modify entity @s {} merge value {transformation:[-0.9254624811691475f,-0.23003651273653802f,0.3010023235064111f,-0.08329256026122248f,0.009291585056849183f,0.7805165801918338f,0.6250660241068746f,1.492892532825457f,-0.3787253125886582f,0.5812719422556516f,-0.7202014070737199f,-0.22637993096234957f,0f,0f,0f,1f],start_interpolation:0}