execute if entity @s[tag=aj.louvert.bone.head] run data modify entity @s {} merge value {transformation:[-0.9965577060297852f,0.0579638745374017f,-0.05926995698720289f,-0.01188592102517149f,0.054758800441649595f,0.997019790230631f,0.05434161998560485f,1.5015964581786294f,0.06224317092536452f,0.05090900840794931f,-0.9967617872571538f,-0.016892176190180908f,0f,0f,0f,1f],start_interpolation:0}
execute if entity @s[tag=aj.louvert.bone.coat_0] run data modify entity @s {} merge value {transformation:[-0.7227118702579575f,-0.1910671621354914f,-0.6642144925712893f,-0.06753409796550143f,0.10799007321758573f,0.9180084093918813f,-0.3815739828293436f,0.700959504149843f,0.6826607478643444f,-0.3474966184573277f,-0.6428222176356512f,0.3193073374567595f,0f,0f,0f,1f],start_interpolation:0}
execute if entity @s[tag=aj.louvert.bone.coat_1] run data modify entity @s {} merge value {transformation:[-0.612111757253767f,-0.42911339351035216f,-0.6642144925712893f,0.2839557508126654f,-0.21600147836066075f,0.8987461582525738f,-0.3815739828293436f,0.6877744683966491f,0.7606987301012896f,-0.09009460880801357f,-0.6428222176356512f,-0.03605310074379274f,0f,0f,0f,1f],start_interpolation:0}
execute if entity @s[tag=aj.louvert.bone.coat_2] run data modify entity @s {} merge value {transformation:[-0.7029796975563336f,-0.016349123216290534f,-0.7110219764491562f,0.025184014852170814f,0.026370071506387746f,0.9984491376366482f,-0.0490299794144447f,0.6466702384195782f,0.7107208764011045f,-0.05321678046153694f,-0.7014583452529128f,0.061274341152026984f,0f,0f,0f,1f],start_interpolation:0}
execute if entity @s[tag=aj.louvert.bone.right_leg_1] run data modify entity @s {} merge value {transformation:[-0.7126618831554467f,0.2890774214886189f,-0.6391770370428088f,0.23107792033641184f,0.03472003763074054f,0.9245658568880026f,0.3794370768175836f,0.5616132766715815f,0.7006479567402255f,0.2482180909249856f,-0.6689396236233155f,0.4515621550350905f,0f,0f,0f,1f],start_interpolation:0}
execute if entity @s[tag=aj.louvert.bone.right_leg_0] run data modify entity @s {} merge value {transformation:[-0.7126618831554467f,-0.5592253072296598f,-0.4235328748175582f,0.020338364229040274f,0.03472003763074054f,0.5748885852779092f,-0.8174947299549298f,0.6976632452115445f,0.7006479567402255f,-0.5973024110708549f,-0.39028485807764923f,0.23046722790662144f,0f,0f,0f,1f],start_interpolation:0}
execute if entity @s[tag=aj.louvert.bone.left_leg_1] run data modify entity @s {} merge value {transformation:[-0.6476672941111331f,-0.12694073760983876f,-0.7512743342307345f,0.3550073323637723f,-0.1356618733710418f,0.9894807300380629f,-0.05023684899355574f,0.32695900926480953f,0.749748579359923f,0.06938251954499783f,-0.6580753252701133f,0.12418938163631855f,0f,0f,0f,1f],start_interpolation:0}
execute if entity @s[tag=aj.louvert.bone.left_leg_0] run data modify entity @s {} merge value {transformation:[-0.6476672941111331f,-0.3916130132735861f,-0.6535796232851399f,0.19608328861812369f,-0.1356618733710418f,0.9033669691086201f,-0.4068463779327088f,0.6910707273349476f,0.749748579359923f,-0.174835256622591f,-0.6382081954891289f,0.05278700880634532f,0f,0f,0f,1f],start_interpolation:0}
execute if entity @s[tag=aj.louvert.bone.body_1] run data modify entity @s {} merge value {transformation:[-0.7029796975563336f,-0.25424132764338425f,-0.6642144925712893f,0.02876041153502439f,0.026370071506387746f,0.923962074414583f,-0.3815739828293436f,0.9831051345278032f,0.7107208764011045f,-0.2857541467094215f,-0.6428222176356512f,0.052328947509789156f,0f,0f,0f,1f],start_interpolation:0}
execute if entity @s[tag=aj.louvert.locator_origin.locator] at @s on origin run tp @s ^-0.44992 ^0.92694 ^1.32412 ~2.84488 ~-4.60501
execute if entity @s[tag=aj.louvert.bone.sword_0] run data modify entity @s {} merge value {transformation:[-0.9884468511605398f,-0.14326674867426503f,0.04947182182938936f,-0.41022931655863193f,-0.146913846127626f,0.9858856219789107f,-0.08028612701609576f,0.8821566505952787f,-0.03727122545345207f,-0.08662666506083119f,-0.9955434077194407f,0.44817517246959027f,0f,0f,0f,1f],start_interpolation:0}
execute if entity @s[tag=aj.louvert.bone.right_arm_1] run data modify entity @s {} merge value {transformation:[-0.27421687031316f,-0.6505214240907264f,-0.7082562988315946f,-0.2987770248333523f,-0.8869520823344781f,0.4557057233609588f,-0.07515515510328166f,1.2102123841207444f,0.3716464875095535f,0.6075805876548713f,-0.7019435289442966f,0.3043067727976747f,0f,0f,0f,1f],start_interpolation:0}
execute if entity @s[tag=aj.louvert.bone.right_arm_0] run data modify entity @s {} merge value {transformation:[-0.2878923713816646f,-0.6506905086836863f,-0.7026520080446702f,-0.21982009889466184f,-0.8890036886064168f,0.45439501861815756f,-0.05654740223201325f,1.4665764490050948f,0.3560764302006335f,0.6083806612343704f,-0.7092831218149799f,0.19727833504146536f,0f,0f,0f,1f],start_interpolation:0}
execute if entity @s[tag=aj.louvert.locator_origin.locator2] at @s on origin run tp @s ^0.94758 ^1.26787 ^0.41352 ~-33.0616 ~-25.51933
execute if entity @s[tag=aj.louvert.bone.sword_1] run data modify entity @s {} merge value {transformation:[-0.8672614042476507f,-0.07403522551065095f,-0.49231742005131207f,0.5135943947663839f,0.1688833595304493f,0.8864966838040744f,-0.4308155527346792f,0.912873145089242f,0.4683332868546735f,-0.4567739210900347f,-0.7563210412489744f,-0.2621241184626405f,0f,0f,0f,1f],start_interpolation:0}
execute if entity @s[tag=aj.louvert.bone.left_arm_1] run data modify entity @s {} merge value {transformation:[-0.617711971107241f,0.6161436060963286f,-0.48867062262573085f,0.2768067962272147f,0.7815248918552806f,0.4118552837197928f,-0.4686086519503032f,1.2028751671842968f,-0.08746864673355101f,-0.6713734295745558f,-0.7359395042392413f,-0.2860145854471696f,0f,0f,0f,1f],start_interpolation:0}
execute if entity @s[tag=aj.louvert.bone.left_arm_0] run data modify entity @s {} merge value {transformation:[-0.32451165683811517f,0.6161436060963286f,-0.7176762788631054f,0.1753969034653037f,0.909425324196937f,0.4118552837197928f,-0.05762642606812027f,1.4870705809958396f,0.2600726134860744f,-0.6713734295745558f,-0.6939884392234656f,-0.20474189373277135f,0f,0f,0f,1f],start_interpolation:0}
execute if entity @s[tag=aj.louvert.bone.wing_0] run data modify entity @s {} merge value {transformation:[-0.8872924592737733f,-0.026861108482342324f,-0.460424339676998f,-0.35717509489359406f,0.014039781137713366f,0.9962667913981472f,-0.08517842979795723f,1.1207090603092391f,0.46099346661477203f,-0.08204243541204914f,-0.8836028873482449f,-0.3391719289726772f,0f,0f,0f,1f],start_interpolation:0}
execute if entity @s[tag=aj.louvert.bone.wing_1] run data modify entity @s {} merge value {transformation:[-0.4493046280808851f,-0.026861108482342324f,-0.8929747096285525f,-0.17991375493898018f,0.06128227133902302f,0.9962667913981472f,-0.06080266093495233f,1.1399194044723777f,0.8912742756327192f,-0.08204243541204914f,-0.4459811704399994f,-0.16393100899498309f,0f,0f,0f,1f],start_interpolation:0}
execute if entity @s[tag=aj.louvert.bone.body_0] run data modify entity @s {} merge value {transformation:[-0.7046510899523374f,-0.026861108482342324f,-0.7090453598184555f,-0.011754644462024715f,0.039343146688853525f,0.9962667913981472f,-0.07684137665255467f,1.3561865747301722f,0.7084623901362743f,-0.08204243541204914f,-0.7009636799107763f,-0.003910348677701055f,0f,0f,0f,1f],start_interpolation:0}