execute if entity @s[tag=aj.louvert.bone.head] run data modify entity @s {} merge value {transformation:[-0.9455156373418028f,0.032923080869650824f,0.32390778053046965f,-0.017778531143207547f,0.060163767777961646f,0.9954084627998799f,0.0744467140519954f,1.5233086990020221f,-0.319969530719542f,0.08987804477418551f,-0.9431550437116294f,0.009521708157080255f,0f,0f,0f,1f],start_interpolation:0}
execute if entity @s[tag=aj.louvert.bone.coat_0] run data modify entity @s {} merge value {transformation:[-0.9559125451952101f,0.17961941094945447f,0.23231029496900552f,-0.2662214221728774f,0.11406143212686772f,0.9561063843688903f,-0.269908450164525f,0.7048420960773822f,-0.2705941530033184f,-0.2315112286244858f,-0.9344417346101349f,0.0501787582653996f,0f,0f,0f,1f],start_interpolation:0}
execute if entity @s[tag=aj.louvert.bone.coat_1] run data modify entity @s {} merge value {transformation:[-0.9118878117041491f,-0.3383674714224638f,0.23231029496900552f,0.21774351409514803f,-0.39466146172416117f,0.8782891090976437f,-0.269908450164525f,0.689693480144338f,-0.11270736220481221f,-0.33781014656702585f,-0.9344417346101349f,0.17487222200107083f,0f,0f,0f,1f],start_interpolation:0}
execute if entity @s[tag=aj.louvert.bone.coat_2] run data modify entity @s {} merge value {transformation:[-0.9679298725360509f,0.010401085972548005f,0.25100513792138957f,0.004799832832260988f,0.030297231866088525f,0.9966829687909626f,0.0755323603714706f,0.6635292318402944f,-0.24938692747134242f,0.08071478880988847f,-0.9650343430540587f,-0.004279726693031657f,0f,0f,0f,1f],start_interpolation:0}
execute if entity @s[tag=aj.louvert.bone.right_leg_1] run data modify entity @s {} merge value {transformation:[-0.9679298725360509f,0.004265378895171687f,0.25118433150820685f,-0.2237289908433891f,0.030297231866088525f,0.9945400286549716f,0.09986094904526455f,0.4724705141868323f,-0.24938692747134242f,0.10426858561354452f,-0.9627742323413908f,0.35825461229228067f,0f,0f,0f,1f],start_interpolation:0}
execute if entity @s[tag=aj.louvert.bone.right_leg_0] run data modify entity @s {} merge value {transformation:[-0.9679298725360509f,0.19896678028943146f,0.15337529851185705f,-0.14523018810587107f,0.030297231866088525f,0.6985166080626518f,-0.7149521844164827f,0.7010549420941212f,-0.24938692747134242f,-0.687376729750073f,-0.6821432340824751f,0.08135212419931741f,0f,0f,0f,1f],start_interpolation:0}
execute if entity @s[tag=aj.louvert.bone.left_leg_1] run data modify entity @s {} merge value {transformation:[-0.9865048781766692f,-0.10353422586721353f,0.1268415917895697f,0.1008414939130757f,-0.13096617512583145f,0.963908067403751f,-0.2317953808143639f,0.4438726786675431f,-0.09826487829608843f,-0.2452792320357408f,-0.9644594921640888f,0.43532054490537025f,0f,0f,0f,1f],start_interpolation:0}
execute if entity @s[tag=aj.louvert.bone.left_leg_0] run data modify entity @s {} merge value {transformation:[-0.9865048781766692f,-0.014904845295659386f,0.1630520497275256f,0.09675228002814167f,-0.13096617512583145f,0.6694976723579357f,-0.7311776307301917f,0.693480634127599f,-0.09826487829608843f,-0.7426646028282342f,-0.6624147502882434f,0.143698856067153f,0f,0f,0f,1f],start_interpolation:0}
execute if entity @s[tag=aj.louvert.bone.body_1] run data modify entity @s {} merge value {transformation:[-0.9679298725360509f,0.09562263698391607f,0.23231029496900552f,0.005643120018609069f,0.030297231866088525f,0.9624092197558358f,-0.269908450164525f,0.9980206692845588f,-0.24938692747134242f,-0.2542140928925964f,-0.9344417346101349f,0.03308358610429883f,0f,0f,0f,1f],start_interpolation:0}
execute if entity @s[tag=aj.louvert.locator_origin.locator] at @s on origin run tp @s ^-1.3729 ^0.9646 ^0.31685 ~59.5988 ~-8.38334
execute if entity @s[tag=aj.louvert.bone.sword_0] run data modify entity @s {} merge value {transformation:[-0.5208880651424163f,0.024018656204556357f,0.8532870136983904f,-0.6234283282909271f,-0.19410142986297363f,0.9700867713671855f,-0.14579537353269809f,0.8619074680454757f,-0.8312642531213158f,-0.24156729946852734f,-0.5006445658450154f,-0.12880667259258502f,0f,0f,0f,1f],start_interpolation:0}
execute if entity @s[tag=aj.louvert.bone.right_arm_1] run data modify entity @s {} merge value {transformation:[-0.4891988896478544f,-0.851310080175354f,0.18961960278182877f,-0.43160459453455f,-0.8710728249300265f,0.46598248690891153f,-0.15521744606393095f,1.184109940512009f,0.04377876238234227f,-0.2411046853257278f,-0.9695111916209386f,-0.14018718040733316f,0f,0f,0f,1f],start_interpolation:0}
execute if entity @s[tag=aj.louvert.bone.right_arm_0] run data modify entity @s {} merge value {transformation:[-0.4350320432515894f,-0.851310080175354f,0.29328871225497144f,-0.29785674636034065f,-0.8838142947634329f,0.46598248690891153f,0.0416246833741918f,1.4599897225002754f,-0.17210291605944067f,-0.2411046853257278f,-0.955117331534623f,-0.07924163915224827f,0f,0f,0f,1f],start_interpolation:0}
execute if entity @s[tag=aj.louvert.locator_origin.locator2] at @s on origin run tp @s ^-0.36233 ^1.41307 ^0.84674 ~67.70999 ~-27.14845
execute if entity @s[tag=aj.louvert.bone.sword_1] run data modify entity @s {} merge value {transformation:[-0.4321464268899741f,0.36792361522656575f,0.823335702544741f,0.3698163899565795f,-0.11851129640963759f,0.8819000010198186f,-0.45629755732915256f,1.0355862731814411f,-0.8939824038254529f,-0.29476194048733356f,-0.3375068296947582f,0.5428676564886267f,0f,0f,0f,1f],start_interpolation:0}
execute if entity @s[tag=aj.louvert.bone.left_arm_1] run data modify entity @s {} merge value {transformation:[0.0040674721613704334f,0.5675401101115006f,0.823335702544741f,0.3632854227122607f,0.5993970022278492f,0.6576593136995147f,-0.45629755732915256f,1.25469776410436f,-0.8004415590100782f,0.49536092954421546f,-0.3375068296947582f,0.23842095332648766f,0f,0f,0f,1f],start_interpolation:0}
execute if entity @s[tag=aj.louvert.bone.left_arm_0] run data modify entity @s {} merge value {transformation:[-0.3765662270061402f,0.5675401101115006f,0.7321858371294722f,0.2456084767728419f,0.7423663986699225f,0.6576593136995147f,-0.12797014194777312f,1.4866872636887107f,-0.5541570235990968f,0.49536092954421546f,-0.6689749940594798f,0.06524688345176989f,0f,0f,0f,1f],start_interpolation:0}
execute if entity @s[tag=aj.louvert.bone.wing_0] run data modify entity @s {} merge value {transformation:[-0.768934834372524f,-0.06556186261214865f,0.6359566515567903f,0.15140271525720425f,-0.03559851418117346f,0.9975754363636782f,0.05979961999803869f,1.2012044844391037f,-0.6383353086557189f,0.02334289901967577f,-0.7694044078303459f,-0.4760610791482448f,0f,0f,0f,1f],start_interpolation:0}
execute if entity @s[tag=aj.louvert.bone.wing_1] run data modify entity @s {} merge value {transformation:[-0.9934082965318631f,-0.06556186261214865f,-0.09402977481886965f,0.0780805371934614f,-0.06745666759066506f,0.9975754363636782f,0.017112766035318614f,1.1907983135955558f,0.09267984883039099f,0.02334289901967577f,-0.9954222996729243f,-0.23728174626458903f,0f,0f,0f,1f],start_interpolation:0}
execute if entity @s[tag=aj.louvert.bone.body_0] run data modify entity @s {} merge value {transformation:[-0.9537732295648931f,-0.06556186261214865f,0.29328871225497144f,-0.010857154956569711f,-0.05577306247477645f,0.9975754363636782f,0.0416246833741918f,1.377620625f,-0.2953066068809473f,0.02334289901967577f,-0.955117331534623f,0.0032241746035278195f,0f,0f,0f,1f],start_interpolation:0}