execute if entity @s[tag=aj.louvert.bone.head] run data modify entity @s {} merge value {transformation:[-0.7752977500153462f,-0.16753929462149608f,0.6089696080913016f,-0.05252095511692142f,-0.17081235652161414f,0.9838655446490261f,0.05321399169399402f,1.5722411327961012f,-0.6080596497718582f,-0.06276284577843015f,-0.7914065248082797f,-0.010761261765275289f,0f,0f,0f,1f],start_interpolation:0}
execute if entity @s[tag=aj.louvert.bone.coat_0] run data modify entity @s {} merge value {transformation:[-0.3038264334753605f,0.0907830023870031f,0.9483922947806166f,-0.03814811104595097f,0.1115715760533478f,0.9919907059229546f,-0.05921336656068607f,0.7540756171854432f,-0.946171909189136f,0.0878230370693222f,-0.3115218008764492f,-0.20689128015974442f,0f,0f,0f,1f],start_interpolation:0}
execute if entity @s[tag=aj.louvert.bone.coat_1] run data modify entity @s {} merge value {transformation:[-0.28653272731475893f,-0.13583464719401397f,0.9483922947806166f,0.11714316003913913f,-0.5808575031421754f,0.8118487163653012f,-0.05921336656068607f,0.741730954311145f,-0.7619078403724454f,-0.5678473477596689f,-0.3115218008764492f,0.2682215805621024f,0f,0f,0f,1f],start_interpolation:0}
execute if entity @s[tag=aj.louvert.bone.coat_2] run data modify entity @s {} merge value {transformation:[-0.3105825421701802f,-0.26426904019465614f,0.9130719352240018f,0.15804656134417117f,0.024689325748596173f,0.9580090043640256f,0.28567321322015504f,0.7405016149282084f,-0.9502257214436937f,0.11126824323248616f,-0.2910162475786676f,-0.008275074908377152f,0f,0f,0f,1f],start_interpolation:0}
execute if entity @s[tag=aj.louvert.bone.right_leg_1] run data modify entity @s {} merge value {transformation:[-0.3105825421701802f,0.10031688763469493f,0.94523806871835f,-0.22268108727901378f,0.024689325748596173f,0.9949313487798244f,-0.09747845099938429f,0.42140546824464575f,-0.9502257214436937f,-0.006937814529638819f,-0.3114850639057424f,-0.023672371989011273f,0f,0f,0f,1f],start_interpolation:0}
execute if entity @s[tag=aj.louvert.bone.right_leg_0] run data modify entity @s {} merge value {transformation:[-0.3105825421701802f,0.5295848174853589f,0.789353156444001f,0.0006747067253215569f,0.024689325748596173f,0.8346346955085763f,-0.5502502723737499f,0.7509894514668687f,-0.9502257214436937f,-0.15140953121354478f,-0.2722980575848948f,-0.0881130649792827f,0f,0f,0f,1f],start_interpolation:0}
execute if entity @s[tag=aj.louvert.bone.left_leg_1] run data modify entity @s {} merge value {transformation:[-0.5029212476972017f,0.19861900745102562f,0.8412019427544492f,-0.2038259234785132f,-0.1784791289915802f,0.9283996092797314f,-0.3259131264672363f,0.6260564429715018f,-0.8457040966727647f,-0.31404562625263754f,-0.4314625424095259f,0.34229291505715065f,0f,0f,0f,1f],start_interpolation:0}
execute if entity @s[tag=aj.louvert.bone.left_leg_0] run data modify entity @s {} merge value {transformation:[-0.5029212476972017f,0.7580369278295995f,0.41527127839684846f,0.07832034226786662f,-0.1784791289915802f,0.3790199400113876f,-0.9080138135448002f,0.7448171200297196f,-0.8457040966727647f,-0.5307766960977347f,-0.05532341051016541f,0.1494433653816407f,0f,0f,0f,1f],start_interpolation:0}
execute if entity @s[tag=aj.louvert.bone.body_1] run data modify entity @s {} merge value {transformation:[-0.3105825421701802f,0.06395732717886576f,0.9483922947806166f,0.05948418923998964f,0.024689325748596173f,0.9979399853771916f,-0.05921336656068607f,1.0597595311786665f,-0.9502257214436937f,0.00502452838642467f,-0.3115218008764492f,0.03223531532193671f,0f,0f,0f,1f],start_interpolation:0}
execute if entity @s[tag=aj.louvert.locator_origin.locator] at @s on origin run tp @s ^-0.96044 ^1.00609 ^-0.96731 ~113.46319 ~-7.80716
execute if entity @s[tag=aj.louvert.bone.sword_0] run data modify entity @s {} merge value {transformation:[0.3719807552598312f,0.18891443996515783f,0.9088133208140035f,-0.15793909975090367f,-0.16430677129237675f,0.9770112418382888f,-0.13583931032318874f,0.912316174663459f,-0.913582838402627f,-0.09879457320245755f,0.3944693013175348f,-0.6236923456662774f,0f,0f,0f,1f],start_interpolation:0}
execute if entity @s[tag=aj.louvert.bone.right_arm_1] run data modify entity @s {} merge value {transformation:[-0.3035742938882876f,-0.3138190195525362f,0.899644524830398f,-0.04317273775284966f,-0.8686429373673823f,0.4791562341752278f,-0.1259712293056645f,1.2333940418996763f,-0.39153811494156426f,-0.8197114896218665f,-0.41805619039778275f,-0.4672379453488688f,0f,0f,0f,1f],start_interpolation:0}
execute if entity @s[tag=aj.louvert.bone.right_arm_0] run data modify entity @s {} merge value {transformation:[0.1149504057580232f,-0.3138190195525362f,0.9424988207860797f,-0.09323222186402311f,-0.8378008276920297f,0.4791562341752278f,0.26172328205485346f,1.4912809513226128f,-0.5337379294509768f,-0.8197114896218665f,-0.20783863078668727f,-0.29732726293363826f,0f,0f,0f,1f],start_interpolation:0}
execute if entity @s[tag=aj.louvert.locator_origin.locator2] at @s on origin run tp @s ^-0.68771 ^1.23488 ^-0.33388 ~161.71606 ~-9.47385
execute if entity @s[tag=aj.louvert.bone.sword_1] run data modify entity @s {} merge value {transformation:[0.9121396462109399f,0.2687816127426103f,0.30944742762166044f,-0.4091350755997405f,-0.22700962838515232f,0.9598824391498284f,-0.16459748367520924f,1.1154287222862185f,-0.3412739287297175f,0.07988834497758178f,0.9365628424756807f,0.49013612330328526f,0f,0f,0f,1f],start_interpolation:0}
execute if entity @s[tag=aj.louvert.bone.left_arm_1] run data modify entity @s {} merge value {transformation:[0.7922107237422895f,-0.5259700169458856f,0.30944742762166044f,-0.10738300742042091f,0.5893936321526951f,0.7909000030001535f,-0.16459748367520924f,1.3286413014462737f,-0.15816863015646104f,0.31278223499473573f,0.9365628424756807f,0.425125512697579f,0f,0f,0f,1f],start_interpolation:0}
execute if entity @s[tag=aj.louvert.bone.left_arm_0] run data modify entity @s {} merge value {transformation:[0.5598125735459201f,-0.5259700169458856f,0.6402854236774712f,0.06755842181267911f,0.5988011965547044f,0.7909000030001535f,0.1261519411622806f,1.5157666753696188f,-0.5727538821383475f,0.31278223499473573f,0.7577072415960862f,0.24613992452934536f,0f,0f,0f,1f],start_interpolation:0}
execute if entity @s[tag=aj.louvert.bone.wing_0] run data modify entity @s {} merge value {transformation:[0.27425106504875146f,-0.2806644764502648f,0.9197900874539389f,0.515206869055897f,0.013051988280908172f,0.9574609115054812f,0.2882676682200212f,1.3739755854935187f,-0.9615695497058654f,-0.06705262558611662f,0.26624790418042266f,-0.09163123711339133f,0f,0f,0f,1f],start_interpolation:0}
execute if entity @s[tag=aj.louvert.bone.wing_1] run data modify entity @s {} merge value {transformation:[-0.5961439818985026f,-0.2806644764502648f,0.7522232411359653f,0.279582163859377f,-0.22864873679939227f,0.9574609115054812f,0.1760351047352074f,1.3085447649798054f,-0.7696311506210232f,-0.06705262558611662f,-0.6349581383018632f,-0.03967157941671952f,0f,0f,0f,1f],start_interpolation:0}
execute if entity @s[tag=aj.louvert.bone.body_0] run data modify entity @s {} merge value {transformation:[-0.18144813164027906f,-0.2806644764502648f,0.9424988207860797f,-0.01030924771937263f,-0.1215299410414109f,0.9574609115054812f,0.26172328205485346f,1.4326206250000002f,-0.9758622079754514f,-0.06705262558611662f,-0.20783863078668727f,-0.004689619076813193f,0f,0f,0f,1f],start_interpolation:0}