execute if entity @s[tag=aj.louvert.bone.head] run data modify entity @s {} merge value {transformation:[-0.5958432455463682f,-0.21956316656172392f,0.772504267060163f,-0.05773213398884775f,-0.38890820728566944f,0.9204779794346365f,-0.03834965034749707f,1.5916507013054482f,-0.7026529961813424f,-0.32328362975151903f,-0.633850504213782f,-0.04716472471155585f,0f,0f,0f,1f],start_interpolation:0}
execute if entity @s[tag=aj.louvert.bone.coat_0] run data modify entity @s {} merge value {transformation:[0.19789180727882252f,-0.07953011840934185f,0.9769922174089811f,0.14922640012041777f,0.09264417159714368f,0.9937590029313509f,0.06212971561150299f,0.7918979121260462f,-0.9758359954833602f,0.07821767293063195f,0.20402476702674188f,-0.15189326882454848f,0f,0f,0f,1f],start_interpolation:0}
execute if entity @s[tag=aj.louvert.bone.coat_1] run data modify entity @s {} merge value {transformation:[0.19232952106197132f,0.09217137543920724f,0.9769922174089811f,0.04719126224655182f,-0.6700864959886154f,0.7396782992164452f,0.06212971561150299f,0.7890579978552851f,-0.7169333603772197f,-0.6666186700190084f,0.20402476702674188f,0.3375766133193848f,0f,0f,0f,1f],start_interpolation:0}
execute if entity @s[tag=aj.louvert.bone.coat_2] run data modify entity @s {} merge value {transformation:[0.20407027574773187f,-0.39239323719946245f,0.8968739431806299f,0.22033285835960742f,0.005679828541522311f,0.9166124115451865f,0.3997366965254212f,0.7982441694421035f,-0.9789397642878666f,-0.07648028766580511f,0.18928207388596546f,0.11834476812576089f,0f,0f,0f,1f],start_interpolation:0}
execute if entity @s[tag=aj.louvert.bone.right_leg_1] run data modify entity @s {} merge value {transformation:[0.20407027574773187f,0.17621680747957683f,0.9629657103541905f,-0.05972198298224066f,0.005679828541522311f,0.9834360525950994f,-0.18116641522066915f,0.41343971863687323f,-0.9789397642878666f,0.042440160436487066f,0.19968918518072437f,-0.06995741217621396f,0f,0f,0f,1f],start_interpolation:0}
execute if entity @s[tag=aj.louvert.bone.right_leg_0] run data modify entity @s {} merge value {transformation:[0.20407027574773187f,0.4348197893551216f,0.8770901170013334f,0.12371761565195127f,0.005679828541522311f,0.8954031761101812f,-0.4452200486945066f,0.7911879335583559f,-0.9789397642878666f,0.09583789958553786f,0.1802554712042016f,-0.029525798288565164f,0f,0f,0f,1f],start_interpolation:0}
execute if entity @s[tag=aj.louvert.bone.left_leg_1] run data modify entity @s {} merge value {transformation:[-0.040917931542335334f,0.38736641054758414f,0.9210173651228176f,-0.2743971260368713f,-0.23281616206571956f,0.8927198249059323f,-0.38580817630126785f,0.7449794453055407f,-0.9716595893414963f,-0.23021420069014442f,0.05365691233487589f,0.2405575184313114f,0f,0f,0f,1f],start_interpolation:0}
execute if entity @s[tag=aj.louvert.bone.left_leg_0] run data modify entity @s {} merge value {transformation:[-0.040917931542335334f,0.9766375027899964f,0.21096187101563374f,0.07270004671501831f,-0.23281616206571956f,0.19600749950888335f,-0.9525637484269824f,0.7897679764229754f,-0.9716595893414963f,-0.0880922713999088f,0.2193567736823266f,0.21520914278340147f,0f,0f,0f,1f],start_interpolation:0}
execute if entity @s[tag=aj.louvert.bone.body_1] run data modify entity @s {} merge value {transformation:[0.20407027574773187f,-0.061980074850932876f,0.9769922174089811f,0.07884005779256827f,0.005679828541522311f,0.9980519214879418f,0.06212971561150299f,1.1023691804556475f,-0.9789397642878666f,-0.007129679915682877f,0.20402476702674188f,0.09061364727376725f,0f,0f,0f,1f],start_interpolation:0}
execute if entity @s[tag=aj.louvert.locator_origin.locator] at @s on origin run tp @s ^-0.32648 ^1.00565 ^-1.28636 ~140.84571 ~-5.63697
execute if entity @s[tag=aj.louvert.bone.sword_0] run data modify entity @s {} merge value {transformation:[0.761131229135592f,0.16076725953469437f,0.6283574940241006f,0.22915451496111117f,-0.1273805732474275f,0.9869782302575668f,-0.09822506073705471f,0.9451457659379866f,-0.6359665412533115f,-0.00527837658239429f,0.7716985792049607f,-0.609254788535441f,0f,0f,0f,1f],start_interpolation:0}
execute if entity @s[tag=aj.louvert.bone.right_arm_1] run data modify entity @s {} merge value {transformation:[-0.04076491080715655f,0.0766804552707665f,0.9962220283783896f,0.24104805005113822f,-0.8747273934437563f,0.4791352780260316f,-0.07267305215834263f,1.2683667140603228f,-0.4828977212681548f,-0.8743852086639994f,0.04754258789378482f,-0.4191836003667271f,0f,0f,0f,1f],start_interpolation:0}
execute if entity @s[tag=aj.louvert.bone.right_arm_0] run data modify entity @s {} merge value {transformation:[0.4933466392911916f,0.0766804552707665f,0.8664463060568469f,0.07063135703407496f,-0.7803217509951808f,0.4791352780260316f,0.40190465321358537f,1.5046815489985619f,-0.3843267599633182f,-0.8743852086639994f,0.2962152063039856f,-0.30463552299638985f,0f,0f,0f,1f],start_interpolation:0}
execute if entity @s[tag=aj.louvert.locator_origin.locator2] at @s on origin run tp @s ^-0.10753 ^1.1046 ^-0.65728 ~-148.54169 ~-1.15167
execute if entity @s[tag=aj.louvert.bone.sword_1] run data modify entity @s {} merge value {transformation:[0.8433397137588183f,0.12857498628024047f,-0.5217725559094025f,-0.5620877192691605f,-0.16282867292306258f,0.9864496190308117f,-0.020099064358321123f,1.112645766008443f,0.5121181020734464f,0.1019098720291691f,0.8528478337380528f,0.09383454745133915f,0f,0f,0f,1f],start_interpolation:0}
execute if entity @s[tag=aj.louvert.bone.left_arm_1] run data modify entity @s {} merge value {transformation:[0.6300857694858331f,-0.5721970729385436f,-0.5249594582555961f,-0.318477859038712f,0.6503380077295045f,0.7582561189724616f,-0.04591441759664158f,1.3487434380590142f,0.42432581678925063f,-0.31247106707883066f,0.8498878946336113f,0.25399827400859853f,0f,0f,0f,1f],start_interpolation:0}
execute if entity @s[tag=aj.louvert.bone.left_arm_0] run data modify entity @s {} merge value {transformation:[0.8012922052195058f,-0.5721970729385436f,-0.17470349617287156f,-0.06807404490761643f,0.598057776736356f,0.7582561189724616f,0.2595660873958436f,1.5356364932891253f,-0.016052960463049937f,-0.31247106707883066f,0.9497916269893037f,0.24898172386389544f,0f,0f,0f,1f],start_interpolation:0}
execute if entity @s[tag=aj.louvert.bone.wing_0] run data modify entity @s {} merge value {transformation:[0.7827074600723989f,-0.32202653001628145f,0.5326048684650633f,0.48618763873267246f,0.08549067230740065f,0.9032573263891264f,0.42049678628117454f,1.4821083219659787f,-0.6164903704807099f,-0.2835932232794715f,0.7345165122817301f,0.19842804894275531f,0f,0f,0f,1f],start_interpolation:0}
execute if entity @s[tag=aj.louvert.bone.wing_1] run data modify entity @s {} merge value {transformation:[-0.13558571793404628f,-0.32202653001628145f,0.9369714120814907f,0.26957606221846075f,-0.3404633639382884f,0.9032573263891264f,0.26117216570720486f,1.3816321586625824f,-0.9304306588393001f,-0.2835932232794715f,-0.23210702876437422f,0.1243742473667589f,0f,0f,0f,1f],start_interpolation:0}
execute if entity @s[tag=aj.louvert.bone.body_0] run data modify entity @s {} merge value {transformation:[0.3815359913378005f,-0.32202653001628145f,0.8664463060568469f,-0.007729863438717359f,-0.1503291457091232f,0.9032573263891264f,0.40190465321358537f,1.460120625f,-0.9120479347404101f,-0.2835932232794715f,0.2962152063039856f,-0.00827782138269368f,0f,0f,0f,1f],start_interpolation:0}