# This file was generated by Animated Java via MC-Build. It is not recommended to edit this file directly.
$data merge entity $(bone_wing_right_1) { transformation: [-0.4411711849125857f,-0.6833113052962408f,-0.07347169592174187f,-0.09210221219498665f,-0.4013482069342389f,0.1852912773119349f,0.6866812971002104f,0.9826619759910592f,-0.557881749869935f,0.407059267246065f,-0.43590727288679204f,-0.14954866074541062f,0f,0f,0f,1f], start_interpolation: 0, interpolation_duration: 1 }
$data merge entity $(bone_wing_right_2) { transformation: [-0.6554262306211841f,-0.4530302948511148f,-0.07197227355599203f,-0.09210221219498665f,-0.2937692980972456f,0.3181480438183234f,0.6726673930777572f,0.9826619759910592f,-0.35230108672718863f,0.5775338727396743f,-0.42701120609318405f,-0.14954866074541062f,0f,0f,0f,1f], start_interpolation: 0, interpolation_duration: 1 }
$data merge entity $(bone_wing_left_1) { transformation: [-0.3669841243685013f,-0.5408117196671912f,0.4896833474568482f,-0.1439552625714557f,0.546178908081793f,0.15975371706469665f,0.5857574538109076f,0.9919546373847509f,-0.4836896704215517f,0.5907164109782904f,0.28990148149477f,-0.21637821034659993f,0f,0f,0f,1f], start_interpolation: 0, interpolation_duration: 1 }
$data merge entity $(bone_wing_left_2) { transformation: [-0.12939373333726772f,-0.627020691996328f,0.4796898097536473f,-0.1439552625714557f,0.4344180377012889f,0.3493291186959965f,0.5738032200596647f,0.9919546373847509f,-0.65919513825028f,0.3532905583786871f,0.28398512472957066f,-0.21637821034659993f,0f,0f,0f,1f], start_interpolation: 0, interpolation_duration: 1 }
$data merge entity $(bone_blade) { transformation: [1.6353544723997973f,-0.7198394425592617f,-0.8985805064310906f,-0.6997082207103565f,1.1018102761043358f,0.5254859802383182f,1.584259637825777f,1.0535147942877894f,-0.3341105581583293f,-1.7904456600268404f,0.8262411714615672f,-0.8911732043149884f,0f,0f,0f,1f], start_interpolation: 0, interpolation_duration: 1 }
$data merge entity $(bone_arm_right_2) { transformation: [-0.35991972127963046f,-0.4914684365930142f,0.7930426029330405f,-0.5731263155454589f,0.26274299011915886f,0.7622120853270915f,0.5916070132482969f,0.9509075531332529f,-0.8952228300134204f,0.421297416101909f,-0.14520527472725578f,-0.5689970287801649f,0f,0f,0f,1f], start_interpolation: 0, interpolation_duration: 1 }
$data merge entity $(bone_arm_right_1) { transformation: [-0.0535577526348808f,-0.4914684365930142f,0.8692469976741477f,-0.5610918168599189f,0.4563842103882787f,0.7622120853270915f,0.459071007023526f,0.7811667251738523f,-0.8881694768685584f,0.421297416101909f,0.1834760680439996f,-0.24786264359913118f,0f,0f,0f,1f], start_interpolation: 0, interpolation_duration: 1 }
$data merge entity $(bone_arm_left_2) { transformation: [0.3760451573864845f,-0.5374104229381107f,0.7548377818602189f,-0.18549039563569014f,0.9241792549793799f,0.15866600131733477f,-0.34744467860614253f,0.3859077513419597f,0.0669532991863153f,0.8282603077194081f,0.5563291457263578f,0.29854011360537347f,0f,0f,0f,1f], start_interpolation: 0, interpolation_duration: 1 }
$data merge entity $(bone_arm_left_1) { transformation: [0.0908483628209712f,-0.5374104229381107f,0.8384131513103968f,-0.16997190984603164f,0.987318192554702f,0.15866600131733477f,-0.0052807836997637025f,0.70996154663249f,-0.13018971396875162f,0.8282603077194081f,0.5450096338903432f,0.24653167676806417f,0f,0f,0f,1f], start_interpolation: 0, interpolation_duration: 1 }
$data merge entity $(bone_ear_edge_a1) { transformation: [-0.9508639901923148f,-0.09835767038657736f,0.29357016338803116f,-0.32598957521092625f,0.22432749757357673f,0.43464912544855366f,0.8722140285383999f,1.124242310046304f,-0.2133889546999255f,0.895212771592839f,-0.39122787169262413f,0.5172561446594082f,0f,0f,0f,1f], start_interpolation: 0, interpolation_duration: 1 }
$data merge entity $(bone_ear_edge_a2) { transformation: [-0.9237707470551911f,-0.24589462388067623f,0.29357016338803116f,-0.4348720940074029f,0.1535715504085571f,0.464390425532146f,0.8722140285383999f,1.146611290983819f,-0.3508039135902086f,0.8508098298801283f,-0.39122787169262413f,0.4854227279820862f,0f,0f,0f,1f], start_interpolation: 0, interpolation_duration: 1 }
$data merge entity $(bone_ear_edge_b1) { transformation: [-0.9818310827263497f,-0.1793496323517425f,0.06197930596335563f,-0.4269402818432331f,0.13140901349116407f,-0.40700945450980264f,0.9039219961439773f,1.2482837980604218f,-0.13689191417203403f,0.8956433516277157f,0.4231826916585655f,0.45028285591845274f,0f,0f,0f,1f], start_interpolation: 0, interpolation_duration: 1 }
$data merge entity $(bone_ear_edge_b2) { transformation: [-0.8783547647964336f,-0.4739741267112617f,0.06197930596335563f,-0.40458951685055977f,0.2507502368954954f,-0.34648137552246727f,0.9039219961439773f,1.2380746746640798f,-0.40696096355333067f,0.8095055179702954f,0.4231826916585655f,0.4688161429642129f,0f,0f,0f,1f], start_interpolation: 0, interpolation_duration: 1 }
$data merge entity $(bone_ear_right_2) { transformation: [-0.9416866490506087f,-0.3307337609500077f,0.06197930596335563f,-0.3932137215797231f,0.19346145675688906f,-0.38144159400436445f,0.9039219961439773f,1.21523127338769f,-0.2753160361281894f,0.8632018823724106f,0.4231826916585655f,0.5897889284629847f,0f,0f,0f,1f], start_interpolation: 0, interpolation_duration: 1 }
$data merge entity $(bone_ear_right_1) { transformation: [-0.9416866490506087f,-0.16444699501103932f,0.29357016338803116f,-0.35621314770223933f,0.19346145675688906f,0.4492386372189262f,0.8722140285383999f,1.1141525800134318f,-0.2753160361281894f,0.8781468172586637f,-0.39122787169262413f,0.3922058945797857f,0f,0f,0f,1f], start_interpolation: 0, interpolation_duration: 1 }
$data merge entity $(bone_ear_edge_a3) { transformation: [-0.8958251384161083f,-0.2892252909478064f,0.33741080667032214f,-0.6799892777566942f,0.02346127000367975f,0.7274013639128177f,0.685811070621922f,1.2100045132052586f,-0.4437869874067683f,0.6222828833046342f,-0.6448388348684466f,0.37465839383520044f,0f,0f,0f,1f], start_interpolation: 0, interpolation_duration: 1 }
$data merge entity $(bone_ear_edge_a4) { transformation: [-0.930040848091141f,-0.14552652137667016f,0.33741080667032214f,-0.5743290379965945f,0.1369630660714249f,0.7147756948475009f,0.685811070621922f,1.2014314890618947f,-0.3409767432160534f,0.6840451283587055f,-0.6448388348684466f,0.4208271886632611f,0f,0f,0f,1f], start_interpolation: 0, interpolation_duration: 1 }
$data merge entity $(bone_ear_edge_b3) { transformation: [-0.8690214554575862f,-0.35475513992604946f,0.34489201302788713f,-0.5545727093467562f,-0.04360317502211547f,0.7492685273955734f,0.6608293554182197f,1.1932777694869234f,-0.49284934116053136f,0.5592365014468548f,-0.6665988766620539f,0.42888320181433986f,0f,0f,0f,1f], start_interpolation: 0, interpolation_duration: 1 }
$data merge entity $(bone_ear_edge_b4) { transformation: [-0.9361138850922476f,-0.06884978930302282f,0.34489201302788713f,-0.5829543813600886f,0.19006762457958207f,0.7260708375249728f,0.6608293554182197f,1.2046989100319845f,-0.2959139946406286f,0.6841643409362357f,-0.6665988766620539f,0.4255210793630323f,0f,0f,0f,1f], start_interpolation: 0, interpolation_duration: 1 }
$data merge entity $(bone_ear_left_2) { transformation: [-0.9138182898170785f,-0.21444260897816536f,0.34489201302788713f,-0.6398942397229687f,0.07414507367233551f,0.7468648278421366f,0.6608293554182197f,1.3106295699400412f,-0.3992976849994431f,0.6294499951441522f,-0.6665988766620539f,0.4541949760690742f,0f,0f,0f,1f], start_interpolation: 0, interpolation_duration: 1 }
$data merge entity $(bone_ear_left_1) { transformation: [-0.9138182898170785f,-0.22603114992821918f,0.33741080667032214f,-0.5890372309891194f,0.07414507367233551f,0.7239928752843754f,0.685811070621922f,1.147731173001057f,-0.3992976849994431f,0.6517240488117572f,-0.6448388348684466f,0.3075570650864291f,0f,0f,0f,1f], start_interpolation: 0, interpolation_duration: 1 }
$data merge entity $(bone_head) { transformation: [-0.9312963331475202f,-0.1598767812364215f,0.3273019319947026f,-0.40091652433684777f,0.13431437195050153f,0.6845009825113302f,0.7165319632986138f,0.7577434991171059f,-0.33859531797342657f,0.7112649434370464f,-0.6159995055874389f,0.004608180871228523f,0f,0f,0f,1f], start_interpolation: 0, interpolation_duration: 1 }
$data merge entity $(bone_body_1) { transformation: [-0.609349707259723f,-0.7301898353600806f,0.3090562062138673f,-0.12709533607681756f,0.10920245692005612f,0.3087791892322643f,0.9448440271810417f,0.6419513031550068f,-0.7853456294301977f,0.6094901284138111f,-0.10841598452720286f,-0.22395061728395063f,0f,0f,0f,1f], start_interpolation: 0, interpolation_duration: 1 }
$data merge entity $(bone_leg_left_2) { transformation: [-0.7238513222254518f,-0.5250692814326039f,0.4475952557929036f,-0.01637229390195717f,-0.5054319813565442f,0.8451338040964731f,0.17403265611781904f,0.41789795067432634f,-0.46965708291738084f,-0.1002551887399058f,-0.8771380288165956f,0.02967597893779511f,0f,0f,0f,1f], start_interpolation: 0, interpolation_duration: 1 }
$data merge entity $(bone_leg_left_1) { transformation: [-0.7238513222254518f,0.24605022503010246f,0.6445917700956953f,0.103693072960375f,-0.5054319813565442f,0.44684915726941665f,-0.7381492686913745f,0.4898059832178847f,-0.46965708291738084f,-0.8601076196675908f,-0.19909070057460776f,-0.23275824893566527f,0f,0f,0f,1f], start_interpolation: 0, interpolation_duration: 1 }
$data merge entity $(bone_leg_right_2) { transformation: [-0.5939411210687758f,0.6454132556152324f,0.48028707475812127f,-0.36547067263298316f,0.7725710005244273f,0.2910315154673886f,0.5643001915234844f,0.24348550940997923f,0.22442814852921622f,0.7062169542576149f,-0.6714831492054332f,-0.5414108766745893f,0f,0f,0f,1f], start_interpolation: 0, interpolation_duration: 1 }
$data merge entity $(bone_leg_right_1) { transformation: [-0.5939411210687758f,0.8027180507694374f,0.05364397144583499f,-0.06538612825950026f,0.7725710005244273f,0.5504923590747829f,0.3163735319981215f,0.4531234210465912f,0.22442814852921622f,0.22935102696346488f,-0.9471167365106332f,-0.4689049113298184f,0f,0f,0f,1f], start_interpolation: 0, interpolation_duration: 1 }
$data merge entity $(bone_coat_downer) { transformation: [-0.6484722868913047f,-0.680402885475723f,0.34137311928485525f,0.009437151857917492f,-0.11855103797404401f,0.533238500129289f,0.8376170684597726f,0.4999592733869458f,-0.7519503604156583f,0.5027013182956422f,-0.42645285795101084f,-0.329697933009682f,0f,0f,0f,1f], start_interpolation: 0, interpolation_duration: 1 }
$data merge entity $(bone_body_2) { transformation: [-0.6484722868913047f,-0.6337283476411677f,0.4217488287238712f,-0.12709533607681756f,-0.11855103797404401f,0.6313436633684534f,0.766388171959731f,0.6419513031550068f,-0.7519503604156583f,0.4469827291076207f,-0.48453802260531115f,-0.22395061728395063f,0f,0f,0f,1f], start_interpolation: 0, interpolation_duration: 1 }