execute if entity @s[tag=aj.labyria.bone.wing_right_1] run data modify entity @s {} merge value {transformation:[-0.7964326651866518f,-0.1404325671899581f,-0.11365803245072005f,0.025973193125843064f,-0.14063278221846096f,0.8044222433663981f,-0.008468729970343262f,0.6023965175431745f,0.11341020603819546f,0.011313394462033872f,-0.8086745802339561f,-0.9311215218340686f,0f,0f,0f,1f],start_interpolation:0}
execute if entity @s[tag=aj.labyria.bone.wing_right_2] run data modify entity @s {} merge value {transformation:[-0.7734358091926103f,0.171466590794925f,-0.1113384807680523f,0.025973193125843064f,0.1742804728854127f,0.7807416312934936f,-0.008295898746458707f,0.6023965175431745f,0.10688014703119157f,-0.03227558529818354f,-0.7921710173720387f,-0.9311215218340686f,0f,0f,0f,1f],start_interpolation:0}
execute if entity @s[tag=aj.labyria.bone.wing_left_1] run data modify entity @s {} merge value {transformation:[-0.7964326651866518f,0.1404325671899581f,0.11365803245072026f,-0.02597319312584284f,0.14063278221846096f,0.8044222433663981f,-0.008468729970343262f,0.6023965175431745f,-0.11341020603819565f,0.011313394462033907f,-0.8086745802339561f,-0.9311215218340687f,0f,0f,0f,1f],start_interpolation:0}
execute if entity @s[tag=aj.labyria.bone.wing_left_2] run data modify entity @s {} merge value {transformation:[-0.7734358091926103f,-0.171466590794925f,0.1113384807680525f,-0.02597319312584284f,-0.1742804728854127f,0.7807416312934936f,-0.008295898746458707f,0.6023965175431745f,-0.10688014703119175f,-0.032275585298183584f,-0.7921710173720387f,-0.9311215218340687f,0f,0f,0f,1f],start_interpolation:0}
execute if entity @s[tag=aj.labyria.bone.musket] run data modify entity @s {} merge value {transformation:[-1.4215067683683453e-10f,-2.3649973791114037e-12f,-7.882993256673909e-11f,-0.48944774351822656f,2.1120439553643734e-11f,1.5541263627210895e-10f,-4.2748168689009937e-11f,0.3161398033297128f,7.598472553178512e-11f,-4.762232334315454e-11f,-1.3559130581091596e-10f,-0.09477340487558611f,0f,0f,0f,1f],start_interpolation:0}
execute if entity @s[tag=aj.labyria.bone.omega_blade] run data modify entity @s {} merge value {transformation:[-0.00001568763793368369f,-2.609992679823581e-7f,-0.000008699609934767875f,-0.48944774351822656f,0.0000023308352523577966f,0.000017151217443407663f,-0.000004717654587680788f,0.3161398033297128f,0.000008385615103340087f,-0.000005255562497431846f,-0.000014963750858243171f,-0.09477340487558611f,0f,0f,0f,1f],start_interpolation:0}
execute if entity @s[tag=aj.labyria.bone.arm_right_2] run data modify entity @s {} merge value {transformation:[-0.24079247675463117f,-0.9271838545667875f,-0.28696529924198955f,-0.417558199154121f,-0.5879277634978427f,0.37458605349871144f,-0.7169562283938156f,0.5269080688809247f,0.7722434383319776f,-0.003922799374773808f,-0.635314633546458f,-0.38575745527208993f,0f,0f,0f,1f],start_interpolation:0}
execute if entity @s[tag=aj.labyria.bone.arm_right_1] run data modify entity @s {} merge value {transformation:[-0.3322801065399032f,-0.9271838545667875f,-0.1729740750184975f,-0.29843749999999997f,-0.8175416976280679f,0.37458605349871144f,-0.4373909706014485f,0.8265435662965283f,0.47033552219372854f,-0.003922799374773808f,-0.8824789562407809f,-0.5661160379526412f,0f,0f,0f,1f],start_interpolation:0}
execute if entity @s[tag=aj.labyria.bone.arm_left_2] run data modify entity @s {} merge value {transformation:[-0.228046045123959f,0.9271838545667875f,0.2971953921816344f,0.43114874058712443f,0.5560949950908187f,0.37458605349871144f,-0.7419188937877258f,0.5579843733362136f,-0.7992204687933508f,-0.0039227993747735805f,-0.601025169112577f,-0.4197431763172583f,0f,0f,0f,1f],start_interpolation:0}
execute if entity @s[tag=aj.labyria.bone.arm_left_1] run data modify entity @s {} merge value {transformation:[-0.3322801065399031f,0.9271838545667875f,0.1729740750184977f,0.2984375000000001f,0.8175416976280679f,0.37458605349871144f,-0.4373909706014485f,0.8265435662965283f,-0.4703355221937286f,-0.0039227993747735805f,-0.8824789562407809f,-0.5661160379526411f,0f,0f,0f,1f],start_interpolation:0}
execute if entity @s[tag=aj.labyria.bone.himo_right_2] run data modify entity @s {} merge value {transformation:[-1f,1.725542426882794e-17f,1.2124293035027368e-16f,-0.15624999999999997f,0f,0.9900236577165575f,-0.14090123193758267f,0.4834098054739756f,-1.2246467991473532e-16f,-0.14090123193758267f,-0.9900236577165575f,-0.3562613088183632f,0f,0f,0f,1f],start_interpolation:0}
execute if entity @s[tag=aj.labyria.bone.himo_right_1] run data modify entity @s {} merge value {transformation:[-1f,1.2824236899322516e-18f,1.2245796509863324e-16f,-0.15624999999999997f,0f,0.9999451693655121f,-0.010471784116245803f,0.6708340760792826f,-1.2246467991473532e-16f,-0.010471784116245803f,-0.9999451693655121f,-0.3644744256486937f,0f,0f,0f,1f],start_interpolation:0}
execute if entity @s[tag=aj.labyria.bone.himo_left_2] run data modify entity @s {} merge value {transformation:[-1f,1.725542426882794e-17f,1.2124293035027368e-16f,0.15625000000000003f,0f,0.9900236577165575f,-0.14090123193758267f,0.4834098054739756f,-1.2246467991473532e-16f,-0.14090123193758267f,-0.9900236577165575f,-0.35626130881836315f,0f,0f,0f,1f],start_interpolation:0}
execute if entity @s[tag=aj.labyria.bone.himo_left_1] run data modify entity @s {} merge value {transformation:[-1f,1.2824236899322516e-18f,1.2245796509863324e-16f,0.15625000000000003f,0f,0.9999451693655121f,-0.010471784116245803f,0.6708340760792826f,-1.2246467991473532e-16f,-0.010471784116245803f,-0.9999451693655121f,-0.36447442564869365f,0f,0f,0f,1f],start_interpolation:0}
execute if entity @s[tag=aj.labyria.bone.ribbon_left_himo_1] run data modify entity @s {} merge value {transformation:[-1f,-1.471251951385319e-17f,1.21577710112393e-16f,0.3005312500000001f,0f,0.9927573419294455f,0.12013683883464703f,1.0763922025202999f,-1.2246467991473532e-16f,0.12013683883464703f,-0.9927573419294455f,-0.4728935805576939f,0f,0f,0f,1f],start_interpolation:0}
execute if entity @s[tag=aj.labyria.bone.ribbon_left_himo_2] run data modify entity @s {} merge value {transformation:[-1f,-1.471251951385319e-17f,1.21577710112393e-16f,0.3005312500000001f,0f,0.9927573419294455f,0.12013683883464703f,1.0923478764280266f,-1.2246467991473532e-16f,0.12013683883464703f,-0.9927573419294455f,-0.6047441650326983f,0f,0f,0f,1f],start_interpolation:0}
execute if entity @s[tag=aj.labyria.bone.ribbon_left] run data modify entity @s {} merge value {transformation:[-1f,-1.471251951385319e-17f,1.21577710112393e-16f,0.30000000000000004f,0f,0.9927573419294455f,0.12013683883464703f,1.190512552106566f,-1.2246467991473532e-16f,0.12013683883464703f,-0.9927573419294455f,-0.525974217414617f,0f,0f,0f,1f],start_interpolation:0}
execute if entity @s[tag=aj.labyria.bone.ribbon_right_himo_1] run data modify entity @s {} merge value {transformation:[-1f,-1.471251951385319e-17f,1.21577710112393e-16f,-0.30053124999999997f,0f,0.9927573419294455f,0.12013683883464703f,1.0763922025202999f,-1.2246467991473532e-16f,0.12013683883464703f,-0.9927573419294455f,-0.4728935805576939f,0f,0f,0f,1f],start_interpolation:0}
execute if entity @s[tag=aj.labyria.bone.ribbon_right_himo_2] run data modify entity @s {} merge value {transformation:[-1f,-1.471251951385319e-17f,1.21577710112393e-16f,-0.30053124999999997f,0f,0.9927573419294455f,0.12013683883464703f,1.0923478764280266f,-1.2246467991473532e-16f,0.12013683883464703f,-0.9927573419294455f,-0.6047441650326983f,0f,0f,0f,1f],start_interpolation:0}
execute if entity @s[tag=aj.labyria.bone.ribbon_right] run data modify entity @s {} merge value {transformation:[-1f,-1.471251951385319e-17f,1.21577710112393e-16f,-0.29999999999999993f,0f,0.9927573419294455f,0.12013683883464703f,1.190512552106566f,-1.2246467991473532e-16f,0.12013683883464703f,-0.9927573419294455f,-0.525974217414617f,0f,0f,0f,1f],start_interpolation:0}
execute if entity @s[tag=aj.labyria.bone.crown] run data modify entity @s {} merge value {transformation:[-0.9762960071199334f,0.21643961393810285f,1.21577710112393e-16f,0.16875000000000007f,0.21487201582142637f,0.9692250289647161f,0.12013683883464703f,1.4694308042558752f,0.02600237101711497f,0.11728911606227686f,-0.9927573419294455f,-0.4752717647803455f,0f,0f,0f,1f],start_interpolation:0}
execute if entity @s[tag=aj.labyria.bone.ear_edge_a1] run data modify entity @s {} merge value {transformation:[-0.988375278265621f,0.14661079867548582f,0.04024404334920063f,0.19290356018430438f,0.14363699544358152f,0.8137251840741136f,0.5632226365687821f,1.4357788425937064f,0.04982692899724714f,0.5624558636153472f,-0.8253245898623264f,-0.4489782016786196f,0f,0f,0f,1f],start_interpolation:0}
execute if entity @s[tag=aj.labyria.bone.ear_edge_a2] run data modify entity @s {} merge value {transformation:[-0.9991417203353494f,-0.009810181457353365f,0.04024404334920063f,0.07771854821744628f,0.014573921817345029f,0.8261766533008371f,0.5632226365687821f,1.4457832383113625f,-0.03877400531516512f,0.5633257475745292f,-0.8253245898623264f,-0.44776753677068337f,0f,0f,0f,1f],start_interpolation:0}
execute if entity @s[tag=aj.labyria.bone.ear_edge_b1] run data modify entity @s {} merge value {transformation:[-0.9766042583695179f,0.20209139153882075f,0.0735064078868434f,0.05811883450603124f,0.1527348188633852f,0.4112258527791827f,0.8986464116173851f,1.4797971982418399f,0.15138096855712363f,0.8888489002479202f,-0.43247131105631753f,-0.5044186365223353f,0f,0f,0f,1f],start_interpolation:0}
execute if entity @s[tag=aj.labyria.bone.ear_edge_b2] run data modify entity @s {} merge value {transformation:[-0.9912555181663029f,-0.10958697780497226f,0.0735064078868434f,0.08672216972040525f,0.01818366771008477f,0.4382966816162385f,0.8986464116173851f,1.4827393962035782f,-0.13069755901876556f,0.8921248304916561f,-0.43247131105631753f,-0.49344328637903295f,0f,0f,0f,1f],start_interpolation:0}
execute if entity @s[tag=aj.labyria.bone.ear_right_2] run data modify entity @s {} merge value {transformation:[-0.9961946980917455f,0.04682874644349318f,0.0735064078868434f,0.1423943197979451f,0.08652450350405168f,0.4300559698232016f,0.8986464116173851f,1.5536684376275567f,0.010470615419989249f,0.901586896159187f,-0.43247131105631753f,-0.4088541185165375f,0f,0f,0f,1f],start_interpolation:0}
execute if entity @s[tag=aj.labyria.bone.ear_right_1] run data modify entity @s {} merge value {transformation:[-0.9961946980917455f,0.07730808799086697f,0.04024404334920063f,0.12500000000000006f,0.08652450350405168f,0.8217626007247391f,0.5632226365687821f,1.3687718524644907f,0.010470615419989249f,0.56456150026486f,-0.8253245898623264f,-0.5358804560761308f,0f,0f,0f,1f],start_interpolation:0}
execute if entity @s[tag=aj.labyria.bone.ear_edge_a3] run data modify entity @s {} merge value {transformation:[-0.988375278265621f,-0.14661079867548593f,-0.04024404334920042f,-0.19290356018430427f,-0.14363699544358152f,0.8137251840741136f,0.5632226365687821f,1.4357788425937064f,-0.04982692899724738f,0.5624558636153472f,-0.8253245898623264f,-0.4489782016786196f,0f,0f,0f,1f],start_interpolation:0}
execute if entity @s[tag=aj.labyria.bone.ear_edge_a4] run data modify entity @s {} merge value {transformation:[-0.9991417203353494f,0.009810181457353226f,-0.04024404334920042f,-0.07771854821744617f,-0.014573921817345029f,0.8261766533008371f,0.5632226365687821f,1.4457832383113625f,0.03877400531516488f,0.5633257475745294f,-0.8253245898623264f,-0.44776753677068337f,0f,0f,0f,1f],start_interpolation:0}
execute if entity @s[tag=aj.labyria.bone.ear_edge_b3] run data modify entity @s {} merge value {transformation:[-0.9766042583695179f,-0.20209139153882094f,-0.07350640788684329f,-0.05811883450603114f,-0.1527348188633852f,0.4112258527791827f,0.8986464116173851f,1.4797971982418399f,-0.15138096855712388f,0.8888489002479201f,-0.43247131105631753f,-0.5044186365223353f,0f,0f,0f,1f],start_interpolation:0}
execute if entity @s[tag=aj.labyria.bone.ear_edge_b4] run data modify entity @s {} merge value {transformation:[-0.9912555181663029f,0.10958697780497206f,-0.07350640788684329f,-0.08672216972040514f,-0.01818366771008477f,0.4382966816162385f,0.8986464116173851f,1.4827393962035782f,0.1306975590187653f,0.8921248304916563f,-0.43247131105631753f,-0.49344328637903295f,0f,0f,0f,1f],start_interpolation:0}
execute if entity @s[tag=aj.labyria.bone.ear_left_2] run data modify entity @s {} merge value {transformation:[-0.9961946980917455f,-0.04682874644349339f,-0.07350640788684329f,-0.142394319797945f,-0.08652450350405168f,0.4300559698232016f,0.8986464116173851f,1.5536684376275567f,-0.010470615419989492f,0.901586896159187f,-0.43247131105631753f,-0.4088541185165375f,0f,0f,0f,1f],start_interpolation:0}
execute if entity @s[tag=aj.labyria.bone.ear_left_1] run data modify entity @s {} merge value {transformation:[-0.9961946980917455f,-0.07730808799086711f,-0.04024404334920042f,-0.12499999999999993f,-0.08652450350405168f,0.8217626007247391f,0.5632226365687821f,1.3687718524644907f,-0.010470615419989492f,0.56456150026486f,-0.8253245898623264f,-0.5358804560761308f,0f,0f,0f,1f],start_interpolation:0}
execute if entity @s[tag=aj.labyria.bone.head] run data modify entity @s {} merge value {transformation:[-1f,-1.471251951385319e-17f,1.21577710112393e-16f,6.936729133576321e-17f,0f,0.9927573419294455f,0.12013683883464703f,0.856229438512067f,-1.2246467991473532e-16f,0.12013683883464703f,-0.9927573419294455f,-0.5664269190435922f,0f,0f,0f,1f],start_interpolation:0}
execute if entity @s[tag=aj.labyria.bone.back_musket] run data modify entity @s {} merge value {transformation:[0.02145544326420483f,1.0190085757155662f,1.2664192935980836f,-0.0989106249999999f,-0.15334525933501247f,1.262150024078539f,-1.012975413711025f,0.8014453441263412f,-1.6182340794887538f,-0.1060918468199922f,0.11278131336577457f,-0.7877803687842762f,0f,0f,0f,1f],start_interpolation:0}
execute if entity @s[tag=aj.labyria.bone.body_1] run data modify entity @s {} merge value {transformation:[-1f,1.2824236899322516e-18f,1.2245796509863324e-16f,6.888638245203862e-17f,0f,0.9999451693655121f,-0.010471784116245803f,0.48124999999999996f,-1.2246467991473532e-16f,-0.010471784116245803f,-0.9999451693655121f,-0.5625f,0f,0f,0f,1f],start_interpolation:0}