execute if entity @s[tag=aj.labyria.bone.wing_right_1] run data modify entity @s {} merge value {transformation:[-0.7894831496752172f,-0.13920718010244018f,-0.15582734622417824f,0.026837281655233705f,-0.14811452154390956f,0.802421073634151f,0.0335701286872662f,0.6513064216047342f,0.14738686960228814f,0.06071429848221621f,-0.800959005863031f,-0.9191169599121464f,0f,0f,0f,1f],start_interpolation:0}
execute if entity @s[tag=aj.labyria.bone.wing_right_2] run data modify entity @s {} merge value {transformation:[-0.7666869597442726f,0.16997040689324777f,-0.15264719630123583f,0.026837281655233705f,0.16675912725382266f,0.78173522926419f,0.032885024020179135f,0.6513064216047342f,0.1561489648881081f,-0.0003034926822356454f,-0.7846129037025611f,-0.9191169599121464f,0f,0f,0f,1f],start_interpolation:0}
execute if entity @s[tag=aj.labyria.bone.wing_left_1] run data modify entity @s {} merge value {transformation:[-0.7894831496752172f,0.13920718010244018f,0.1558273462241784f,-0.026837281655233483f,0.14811452154390956f,0.802421073634151f,0.0335701286872662f,0.6513064216047342f,-0.1473868696022883f,0.060714298482216246f,-0.800959005863031f,-0.9191169599121465f,0f,0f,0f,1f],start_interpolation:0}
execute if entity @s[tag=aj.labyria.bone.wing_left_2] run data modify entity @s {} merge value {transformation:[-0.7666869597442726f,-0.16997040689324777f,0.152647196301236f,-0.026837281655233483f,-0.16675912725382266f,0.78173522926419f,0.032885024020179135f,0.6513064216047342f,-0.15614896488810825f,-0.0003034926822356801f,-0.7846129037025611f,-0.9191169599121465f,0f,0f,0f,1f],start_interpolation:0}
execute if entity @s[tag=aj.labyria.bone.musket] run data modify entity @s {} merge value {transformation:[-1.527337217613019e-10f,8.454263025860514e-12f,-5.502274147914469e-11f,-0.5761817664945523f,9.97665573950184e-15f,1.6068105402206725e-10f,2.4661005354077864e-11f,0.2150099999393391f,5.566845196031198e-11f,2.3166586310828886e-11f,-1.5096654974296578e-10f,-0.37248964363311177f,0f,0f,0f,1f],start_interpolation:0}
execute if entity @s[tag=aj.labyria.bone.omega_blade] run data modify entity @s {} merge value {transformation:[-0.000016855574525371675f,9.330058800779624e-7f,-0.000006072266876606473f,-0.5761817664945523f,1.101015953726059e-9f,0.000017732635921207845f,0.000002721569335329121f,0.2150099999393391f,0.000006143526982178563f,0.00000255664641414879f,-0.000016660550798386433f,-0.37248964363311177f,0f,0f,0f,1f],start_interpolation:0}
execute if entity @s[tag=aj.labyria.bone.arm_right_2] run data modify entity @s {} merge value {transformation:[-0.3798467775098436f,-0.90630778703665f,-0.18526365205327672f,-0.4517916826710482f,-0.8322265928463658f,0.42224755372182754f,-0.3593130968045305f,0.5205108858666336f,0.40387538149126756f,0.017697415988289673f,-0.9146428142682915f,-0.5320496689575012f,0f,0f,0f,1f],start_interpolation:0}
execute if entity @s[tag=aj.labyria.bone.arm_right_1] run data modify entity @s {} merge value {transformation:[-0.4218299934919527f,-0.90630778703665f,-0.02580022766002945f,-0.29843749999999997f,-0.9063802847212489f,0.42224755372182754f,-0.013482686845001104f,0.8562596022685119f,0.02311354709271477f,0.017697415988289673f,-0.9995761928978352f,-0.5480398133216358f,0f,0f,0f,1f],start_interpolation:0}
execute if entity @s[tag=aj.labyria.bone.arm_left_2] run data modify entity @s {} merge value {transformation:[-0.3714041605411801f,0.90630778703665f,0.20165600583526289f,0.45881170823867645f,0.8157614803813352f,0.42224755372182754f,-0.3952723244827355f,0.5639731426093554f,-0.443387140836035f,0.017697415988289895f,-0.8961554802647715f,-0.5512126601086649f,0f,0f,0f,1f],start_interpolation:0}
execute if entity @s[tag=aj.labyria.bone.arm_left_1] run data modify entity @s {} merge value {transformation:[-0.4218299934919527f,0.90630778703665f,0.025800227660029693f,0.2984375000000001f,0.9063802847212489f,0.42224755372182754f,-0.013482686845001104f,0.8562596022685119f,-0.02311354709271487f,0.017697415988289895f,-0.9995761928978352f,-0.5480398133216358f,0f,0f,0f,1f],start_interpolation:0}
execute if entity @s[tag=aj.labyria.bone.himo_right_2] run data modify entity @s {} merge value {transformation:[-1f,1.0886411611994218e-17f,1.2197985025746185e-16f,-0.15624999999999997f,0f,0.9960410654107696f,-0.08889429686644151f,0.5026131464183526f,-1.2246467991473532e-16f,-0.08889429686644151f,-0.9960410654107696f,-0.35643091629211054f,0f,0f,0f,1f],start_interpolation:0}
execute if entity @s[tag=aj.labyria.bone.himo_right_1] run data modify entity @s {} merge value {transformation:[-1f,-5.128288530166727e-18f,1.2235725758356118e-16f,-0.15624999999999997f,0f,0.9991228300988584f,0.041875653729199644f,0.6902103998976961f,-1.2246467991473532e-16f,0.041875653729199644f,-0.9991228300988584f,-0.35482374890600343f,0f,0f,0f,1f],start_interpolation:0}
execute if entity @s[tag=aj.labyria.bone.himo_left_2] run data modify entity @s {} merge value {transformation:[-1f,1.0886411611994218e-17f,1.2197985025746185e-16f,0.15625000000000003f,0f,0.9960410654107696f,-0.08889429686644151f,0.5026131464183526f,-1.2246467991473532e-16f,-0.08889429686644151f,-0.9960410654107696f,-0.35643091629211043f,0f,0f,0f,1f],start_interpolation:0}
execute if entity @s[tag=aj.labyria.bone.himo_left_1] run data modify entity @s {} merge value {transformation:[-1f,-5.128288530166727e-18f,1.2235725758356118e-16f,0.15625000000000003f,0f,0.9991228300988584f,0.041875653729199644f,0.6902103998976961f,-1.2246467991473532e-16f,0.041875653729199644f,-0.9991228300988584f,-0.3548237489060033f,0f,0f,0f,1f],start_interpolation:0}
execute if entity @s[tag=aj.labyria.bone.ribbon_left_himo_1] run data modify entity @s {} merge value {transformation:[-1f,-3.519151408352693e-17f,1.1729942524636472e-16f,0.3005312500000001f,0f,0.9578224948453149f,0.287360519849712f,1.0869509251937295f,-1.2246467991473532e-16f,0.287360519849712f,-0.9578224948453149f,-0.41715434553916525f,0f,0f,0f,1f],start_interpolation:0}
execute if entity @s[tag=aj.labyria.bone.ribbon_left_himo_2] run data modify entity @s {} merge value {transformation:[-1f,-3.519151408352693e-17f,1.1729942524636472e-16f,0.3005312500000001f,0f,0.9578224948453149f,0.287360519849712f,1.1251159942362694f,-1.2246467991473532e-16f,0.287360519849712f,-0.9578224948453149f,-0.5443651456358086f,0f,0f,0f,1f],start_interpolation:0}
execute if entity @s[tag=aj.labyria.bone.ribbon_left] run data modify entity @s {} merge value {transformation:[-1f,-3.519151408352693e-17f,1.1729942524636472e-16f,0.30000000000000004f,0f,0.9578224948453149f,0.287360519849712f,1.2084408476685642f,-1.2246467991473532e-16f,0.287360519849712f,-0.9578224948453149f,-0.45003605680678027f,0f,0f,0f,1f],start_interpolation:0}
execute if entity @s[tag=aj.labyria.bone.ribbon_right_himo_1] run data modify entity @s {} merge value {transformation:[-1f,-3.519151408352693e-17f,1.1729942524636472e-16f,-0.30053124999999997f,0f,0.9578224948453149f,0.287360519849712f,1.0869509251937295f,-1.2246467991473532e-16f,0.287360519849712f,-0.9578224948453149f,-0.41715434553916536f,0f,0f,0f,1f],start_interpolation:0}
execute if entity @s[tag=aj.labyria.bone.ribbon_right_himo_2] run data modify entity @s {} merge value {transformation:[-1f,-3.519151408352693e-17f,1.1729942524636472e-16f,-0.30053124999999997f,0f,0.9578224948453149f,0.287360519849712f,1.1251159942362694f,-1.2246467991473532e-16f,0.287360519849712f,-0.9578224948453149f,-0.5443651456358087f,0f,0f,0f,1f],start_interpolation:0}
execute if entity @s[tag=aj.labyria.bone.ribbon_right] run data modify entity @s {} merge value {transformation:[-1f,-3.519151408352693e-17f,1.1729942524636472e-16f,-0.29999999999999993f,0f,0.9578224948453149f,0.287360519849712f,1.2084408476685642f,-1.2246467991473532e-16f,0.287360519849712f,-0.9578224948453149f,-0.4500360568067804f,0f,0f,0f,1f],start_interpolation:0}
execute if entity @s[tag=aj.labyria.bone.crown] run data modify entity @s {} merge value {transformation:[-0.9762960071199334f,0.21643961393810285f,1.1729942524636472e-16f,0.16875000000000004f,0.20731073100555047f,0.9351182772471339f,0.287360519849712f,1.4746590572983342f,0.0621961999773241f,0.28054892813318216f,-0.9578224948453149f,-0.352598923501885f,0f,0f,0f,1f],start_interpolation:0}
execute if entity @s[tag=aj.labyria.bone.ear_edge_a1] run data modify entity @s {} merge value {transformation:[-0.988375278265621f,0.1466107986754858f,0.04024404334920061f,0.19290356018430435f,0.1330600131949394f,0.7061158927325969f,0.6954821197694521f,1.4370227342701343f,0.0735482304472291f,0.6927522065949584f,-0.7174155267736386f,-0.3324169222826425f,0f,0f,0f,1f],start_interpolation:0}
execute if entity @s[tag=aj.labyria.bone.ear_edge_a2] run data modify entity @s {} merge value {transformation:[-0.9991417203353494f,-0.009810181457353379f,0.04024404334920061f,0.07771854821744628f,0.020960961696047983f,0.7182376063433094f,0.6954821197694521f,1.446675078162229f,-0.03572759115998933f,0.6957287554600624f,-0.7174155267736386f,-0.3295210803353843f,0f,0f,0f,1f],start_interpolation:0}
execute if entity @s[tag=aj.labyria.bone.ear_edge_b1] run data modify entity @s {} merge value {transformation:[-0.9766042583695179f,0.20209139153882072f,0.07350640788684339f,0.05811883450603125f,0.12473961804004796f,0.25393467724373814f,0.9591439972101904f,1.489835258252356f,0.17516891912022203f,0.9458732733083338f,-0.27320249013365816f,-0.37955602240401815f,0f,0f,0f,1f],start_interpolation:0}
execute if entity @s[tag=aj.labyria.bone.ear_edge_b2] run data modify entity @s {} merge value {transformation:[-0.9912555181663029f,-0.10958697780497227f,0.07350640788684339f,0.08672216972040525f,0.04016429584772379f,0.2800528913521784f,0.9591439972101904f,1.4908664145116917f,-0.1256953739956686f,0.9537091130637568f,-0.27320249013365816f,-0.36824003564267127f,0f,0f,0f,1f],start_interpolation:0}
execute if entity @s[tag=aj.labyria.bone.ear_right_2] run data modify entity @s {} merge value {transformation:[-0.9961946980917455f,0.04682874644349317f,0.07350640788684339f,0.1423943197979451f,0.08347973095865842f,0.27032189540384727f,0.9591439972101904f,1.546362572265996f,0.025045119543854702f,0.9616304598814467f,-0.27320249013365816f,-0.2728124048877203f,0f,0f,0f,1f],start_interpolation:0}
execute if entity @s[tag=aj.labyria.bone.ear_right_1] run data modify entity @s {} merge value {transformation:[-0.9961946980917455f,0.07730808799086696f,0.04024404334920061f,0.12500000000000006f,0.08347973095865842f,0.7136776272239868f,0.6954821197694521f,1.3857851061405992f,0.025045119543854702f,0.6961951622434163f,-0.7174155267736386f,-0.4294563163924887f,0f,0f,0f,1f],start_interpolation:0}
execute if entity @s[tag=aj.labyria.bone.ear_edge_a3] run data modify entity @s {} merge value {transformation:[-0.988375278265621f,-0.14661079867548596f,-0.04024404334920043f,-0.19290356018430427f,-0.1330600131949394f,0.7061158927325969f,0.6954821197694521f,1.4370227342701343f,-0.07354823044722934f,0.6927522065949584f,-0.7174155267736386f,-0.3324169222826426f,0f,0f,0f,1f],start_interpolation:0}
execute if entity @s[tag=aj.labyria.bone.ear_edge_a4] run data modify entity @s {} merge value {transformation:[-0.9991417203353494f,0.009810181457353212f,-0.04024404334920043f,-0.0777185482174462f,-0.020960961696047983f,0.7182376063433094f,0.6954821197694521f,1.446675078162229f,0.03572759115998908f,0.6957287554600624f,-0.7174155267736386f,-0.32952108033538435f,0f,0f,0f,1f],start_interpolation:0}
execute if entity @s[tag=aj.labyria.bone.ear_edge_b3] run data modify entity @s {} merge value {transformation:[-0.9766042583695179f,-0.20209139153882094f,-0.07350640788684332f,-0.05811883450603117f,-0.12473961804004796f,0.25393467724373814f,0.9591439972101904f,1.489835258252356f,-0.17516891912022226f,0.9458732733083337f,-0.27320249013365816f,-0.3795560224040182f,0f,0f,0f,1f],start_interpolation:0}
execute if entity @s[tag=aj.labyria.bone.ear_edge_b4] run data modify entity @s {} merge value {transformation:[-0.9912555181663029f,0.10958697780497205f,-0.07350640788684332f,-0.08672216972040517f,-0.04016429584772379f,0.2800528913521784f,0.9591439972101904f,1.4908664145116917f,0.12569537399566838f,0.9537091130637569f,-0.27320249013365816f,-0.36824003564267127f,0f,0f,0f,1f],start_interpolation:0}
execute if entity @s[tag=aj.labyria.bone.ear_left_2] run data modify entity @s {} merge value {transformation:[-0.9961946980917455f,-0.0468287464434934f,-0.07350640788684332f,-0.14239431979794503f,-0.08347973095865842f,0.27032189540384727f,0.9591439972101904f,1.546362572265996f,-0.025045119543854945f,0.9616304598814467f,-0.27320249013365816f,-0.27281240488772035f,0f,0f,0f,1f],start_interpolation:0}
execute if entity @s[tag=aj.labyria.bone.ear_left_1] run data modify entity @s {} merge value {transformation:[-0.9961946980917455f,-0.07730808799086712f,-0.04024404334920043f,-0.12499999999999996f,-0.08347973095865842f,0.7136776272239868f,0.6954821197694521f,1.3857851061405992f,-0.025045119543854945f,0.6961951622434163f,-0.7174155267736386f,-0.42945631639248877f,0f,0f,0f,1f],start_interpolation:0}
execute if entity @s[tag=aj.labyria.bone.head] run data modify entity @s {} merge value {transformation:[-1f,-3.519151408352693e-17f,1.1729942524636472e-16f,6.696327425322609e-17f,0f,0.9578224948453149f,0.287360519849712f,0.8859210612870718f,-1.2246467991473532e-16f,0.287360519849712f,-0.9578224948453149f,-0.5467966298515501f,0f,0f,0f,1f],start_interpolation:0}
execute if entity @s[tag=aj.labyria.bone.back_musket] run data modify entity @s {} merge value {transformation:[0.02145544326420483f,1.0190085757155662f,1.2664192935980836f,-0.0989106249999999f,-0.06844327701157905f,1.2659727095889297f,-1.0174896839933956f,0.842796791058557f,-1.6240418167064703f,-0.039890623198897385f,0.0596117135683151f,-0.77071390034899f,0f,0f,0f,1f],start_interpolation:0}
execute if entity @s[tag=aj.labyria.bone.body_1] run data modify entity @s {} merge value {transformation:[-1f,-5.128288530166727e-18f,1.2235725758356118e-16f,6.888638245203862e-17f,0f,0.9991228300988584f,0.041875653729199644f,0.51125f,-1.2246467991473532e-16f,0.041875653729199644f,-0.9991228300988584f,-0.5625f,0f,0f,0f,1f],start_interpolation:0}
execute if entity @s[tag=aj.labyria.bone.belt2] run data modify entity @s {} merge value {transformation:[-0.6611126397123647f,-0.6495624868974199f,-0.3754978737998236f,0.5798075896857825f,-0.719221198787623f,0.4061407295005327f,0.5637114288847349f,0.09099477830924835f,-0.2136608172479071f,0.6427427817225289f,-0.7356838802886346f,-0.30608291645182634f,0f,0f,0f,1f],start_interpolation:0}
execute if entity @s[tag=aj.labyria.bone.leg_left_2] run data modify entity @s {} merge value {transformation:[-0.3907311284892738f,-0.6508952239913499f,-0.6508952239913495f,0.37374523324702646f,-0.9205048534524403f,0.27628863057543773f,0.2762886305754377f,0.10377578323969326f,-4.7850762583162236e-17f,0.7071067811865472f,-0.7071067811865477f,-0.3328203916154427f,0f,0f,0f,1f],start_interpolation:0}
execute if entity @s[tag=aj.labyria.bone.leg_left_1] run data modify entity @s {} merge value {transformation:[-0.3907311284892738f,-0.6508952239913496f,0.6508952239913498f,0.15000000000000005f,-0.9205048534524403f,0.27628863057543773f,-0.2762886305754377f,0.19874999999999998f,-4.7850762583162236e-17f,-0.7071067811865476f,-0.7071067811865474f,-0.4875f,0f,0f,0f,1f],start_interpolation:0}
execute if entity @s[tag=aj.labyria.bone.belt] run data modify entity @s {} merge value {transformation:[-0.16293900285825758f,0.544740488581939f,-0.8226230494260824f,-0.20861269242538338f,0.9306833617317406f,0.3616464310308455f,0.055139270201536306f,0.23794579369655927f,0.3275352828982899f,-0.7566172473729119f,-0.5659072180442435f,-0.2294363166562602f,0f,0f,0f,1f],start_interpolation:0}
execute if entity @s[tag=aj.labyria.bone.leg_right_2] run data modify entity @s {} merge value {transformation:[-0.3907311284892738f,0.6508952239913497f,0.6508952239913497f,-0.3690857089967561f,0.9205048534524403f,0.27628863057543773f,0.2762886305754377f,0.09514176353421083f,-4.7850762583162236e-17f,0.7071067811865475f,-0.7071067811865475f,-0.3357233047033631f,0f,0f,0f,1f],start_interpolation:0}
execute if entity @s[tag=aj.labyria.bone.leg_right_1] run data modify entity @s {} merge value {transformation:[-0.3907311284892738f,0.6508952239913498f,-0.6508952239913496f,-0.12499999999999993f,0.9205048534524403f,0.27628863057543773f,-0.2762886305754377f,0.19874999999999998f,-4.7850762583162236e-17f,-0.7071067811865474f,-0.7071067811865476f,-0.5125f,0f,0f,0f,1f],start_interpolation:0}
execute if entity @s[tag=aj.labyria.bone.skirt_forward_right] run data modify entity @s {} merge value {transformation:[-0.9396926207859084f,0.3420201433256687f,9.71577628780522e-17f,6.888638245203862e-17f,0.27134282315430625f,0.7455082795475254f,-0.6087614290087207f,0.3737500000000001f,-0.2082086712007016f,-0.5720486226585795f,-0.7933533402912352f,-0.5625f,0f,0f,0f,1f],start_interpolation:0}
execute if entity @s[tag=aj.labyria.bone.skirt_forward_left] run data modify entity @s {} merge value {transformation:[-0.9396926207859084f,-0.3420201433256686f,9.71577628780522e-17f,6.888638245203862e-17f,-0.27134282315430625f,0.7455082795475254f,-0.6087614290087207f,0.3737500000000001f,0.20820867120070138f,-0.5720486226585795f,-0.7933533402912352f,-0.5625f,0f,0f,0f,1f],start_interpolation:0}
execute if entity @s[tag=aj.labyria.bone.skirt_forward] run data modify entity @s {} merge value {transformation:[-1f,7.455177354798984e-17f,9.71577628780522e-17f,6.888638245203862e-17f,0f,0.7933533402912352f,-0.6087614290087207f,0.3737500000000001f,-1.2246467991473532e-16f,-0.6087614290087207f,-0.7933533402912352f,-0.5625f,0f,0f,0f,1f],start_interpolation:0}
execute if entity @s[tag=aj.labyria.bone.skirt_back_right] run data modify entity @s {} merge value {transformation:[-0.9063077870366499f,0.42261826174069944f,1.2060416625018976e-16f,6.888638245203862e-17f,0.4161977407267834f,0.8925389352890299f,0.17364817766693033f,0.3737500000000001f,0.07338689100003813f,0.1573786956242627f,-0.984807753012208f,-0.5625f,0f,0f,0f,1f],start_interpolation:0}
execute if entity @s[tag=aj.labyria.bone.skirt_back_left] run data modify entity @s {} merge value {transformation:[-0.9063077870366499f,-0.42261826174069944f,1.2060416625018976e-16f,6.888638245203862e-17f,-0.4161977407267834f,0.8925389352890299f,0.17364817766693033f,0.3737500000000001f,-0.07338689100003835f,0.1573786956242626f,-0.984807753012208f,-0.5625f,0f,0f,0f,1f],start_interpolation:0}
execute if entity @s[tag=aj.labyria.bone.skirt_back] run data modify entity @s {} merge value {transformation:[-1f,-2.1265768495757713e-17f,1.2060416625018976e-16f,6.888638245203862e-17f,0f,0.984807753012208f,0.17364817766693033f,0.3737500000000001f,-1.2246467991473532e-16f,0.17364817766693033f,-0.984807753012208f,-0.5625f,0f,0f,0f,1f],start_interpolation:0}
execute if entity @s[tag=aj.labyria.bone.skirt_right] run data modify entity @s {} merge value {transformation:[-0.7933533402912352f,0.6087614290087207f,1.2246467991473532e-16f,-0.19374999999999995f,0.6087614290087207f,0.7933533402912352f,0f,0.4425000000000001f,-9.71577628780522e-17f,7.455177354798984e-17f,-1f,-0.5375f,0f,0f,0f,1f],start_interpolation:0}
execute if entity @s[tag=aj.labyria.bone.skirt_left] run data modify entity @s {} merge value {transformation:[-0.7933533402912352f,-0.6087614290087207f,1.2246467991473532e-16f,0.19375000000000006f,-0.6087614290087207f,0.7933533402912352f,0f,0.4425000000000001f,-9.71577628780522e-17f,-7.455177354798984e-17f,-1f,-0.5375f,0f,0f,0f,1f],start_interpolation:0}
execute if entity @s[tag=aj.labyria.bone.coat_downer] run data modify entity @s {} merge value {transformation:[-1f,1.0673500138322974e-17f,1.2199866483456202e-16f,6.888638245203862e-17f,0f,0.9961946980917455f,-0.08715574274765818f,0.28156249999999994f,-1.2246467991473532e-16f,-0.08715574274765818f,-0.9961946980917455f,-0.5625f,0f,0f,0f,1f],start_interpolation:0}
execute if entity @s[tag=aj.labyria.bone.body_2] run data modify entity @s {} merge value {transformation:[-1f,0f,1.2246467991473532e-16f,6.888638245203862e-17f,0f,1f,0f,0.51125f,-1.2246467991473532e-16f,0f,-1f,-0.5625f,0f,0f,0f,1f],start_interpolation:0}
execute if entity @s[tag=aj.labyria.bone.sphere] run data modify entity @s {} merge value {transformation:[-1f,0f,1.2246467991473532e-16f,0.5656250000000003f,0f,1f,0f,1.48f,-1.2246467991473532e-16f,0f,-1f,-1.1653406249999998f,0f,0f,0f,1f],start_interpolation:0}