execute if entity @s[tag=aj.labyria.bone.wing_right_1] run data modify entity @s {} merge value {transformation:[-0.6982572876596805f,-0.1231215992907135f,-0.4052434780014199f,0.027635587301085854f,0.16696808141331157f,0.6380941619781063f,-0.4815619842585794f,0.7622580026504203f,0.3892336887574713f,-0.49459211142313975f,-0.5204039040002454f,-0.8042403041846014f,0f,0f,0f,1f],start_interpolation:0}
execute if entity @s[tag=aj.labyria.bone.wing_right_2] run data modify entity @s {} merge value {transformation:[-0.6780952287776075f,0.1503300929836389f,-0.39697320294016647f,0.027635587301085854f,0.39031489672980646f,0.514899151911041f,-0.47173418866146555f,0.7622580026504203f,0.16685665135032704f,-0.593531571615884f,-0.5097834161635058f,-0.8042403041846014f,0f,0f,0f,1f],start_interpolation:0}
execute if entity @s[tag=aj.labyria.bone.wing_left_1] run data modify entity @s {} merge value {transformation:[-0.6982572876596805f,0.12312159929071363f,0.40524347800142f,-0.04872464980108568f,-0.16696808141331157f,0.6380941619781063f,-0.4815619842585794f,0.7622580026504203f,-0.3892336887574715f,-0.4945921114231397f,-0.5204039040002454f,-0.8042403041846012f,0f,0f,0f,1f],start_interpolation:0}
execute if entity @s[tag=aj.labyria.bone.wing_left_2] run data modify entity @s {} merge value {transformation:[-0.6780952287776075f,-0.15033009298363878f,0.3969732029401666f,-0.04872464980108568f,-0.39031489672980646f,0.514899151911041f,-0.47173418866146555f,0.7622580026504203f,-0.16685665135032726f,-0.593531571615884f,-0.5097834161635058f,-0.8042403041846012f,0f,0f,0f,1f],start_interpolation:0}
execute if entity @s[tag=aj.labyria.bone.musket] run data modify entity @s {} merge value {transformation:[-1.2628727172417922e-10f,9.11759026301572e-12f,-1.0195568132531465e-10f,-0.48544734851694415f,8.995892646951159e-11f,-6.737141838297562e-11f,-1.1745233049952254e-10f,1.61934036278685f,-4.884140615467932e-11f,-1.4766356334286342e-10f,4.729223521860479e-11f,-0.25986953897748766f,0f,0f,0f,1f],start_interpolation:0}
execute if entity @s[tag=aj.labyria.bone.omega_blade] run data modify entity @s {} merge value {transformation:[-0.000013936964906017893f,0.0000010062101571141247f,-0.000011251749548470096f,-0.48544734851694415f,0.000009927797030305001f,-0.000007435057237778667f,-0.000012961947676540476f,1.61934036278685f,-0.000005390099526617642f,-0.000016296035792916826f,0.000005219134229207073f,-0.25986953897748766f,0f,0f,0f,1f],start_interpolation:0}
execute if entity @s[tag=aj.labyria.bone.arm_right_2] run data modify entity @s {} merge value {transformation:[-0.20252038632756625f,-0.8430567664210944f,-0.49823767592720464f,-0.42023546369949566f,0.777802074619505f,0.17064485436051618f,-0.6049002119340614f,1.3552507367811037f,0.5949869123260844f,-0.5100349226002932f,0.6211722401144356f,-0.4554884298970159f,0f,0f,0f,1f],start_interpolation:0}
execute if entity @s[tag=aj.labyria.bone.arm_right_1] run data modify entity @s {} merge value {transformation:[-0.32808226759471226f,-0.8430567664210944f,-0.42616582955643045f,-0.3089820312499999f,0.5882708638486789f,0.17064485436051618f,-0.7904541254411971f,1.1491971530492224f,0.7391207049167553f,-0.5100349226002932f,0.4399601814840435f,-0.7104690195348482f,0f,0f,0f,1f],start_interpolation:0}
execute if entity @s[tag=aj.labyria.bone.arm_left_2] run data modify entity @s {} merge value {transformation:[-0.19959114853191415f,0.7876685760659863f,0.5828735606509293f,0.4158866535923151f,-0.7798312919051134f,0.23249265176329556f,-0.5812145241145241f,1.3395921489705012f,-0.5933182363566057f,-0.5705483162311955f,0.5678451278759327f,-0.4729624136272175f,0f,0f,0f,1f],start_interpolation:0}
execute if entity @s[tag=aj.labyria.bone.arm_left_1] run data modify entity @s {} merge value {transformation:[-0.35748097335242035f,0.7876685760659863f,0.5017823910513275f,0.28789296875000014f,-0.5817684368129945f,0.23249265176329556f,-0.7794181501634637f,1.1491971530492224f,-0.7305839032028907f,-0.5705483162311955f,0.37512901677499794f,-0.7104690195348481f,0f,0f,0f,1f],start_interpolation:0}
execute if entity @s[tag=aj.labyria.bone.himo_right_2] run data modify entity @s {} merge value {transformation:[-1f,9.969768116840555e-17f,7.111940801399802e-17f,-0.16679453124999996f,0f,0.5807340374670812f,-0.814093347059895f,1.0458958861006171f,-1.2246467991473532e-16f,-0.814093347059895f,-0.5807340374670812f,-0.31510511519252393f,0f,0f,0f,1f],start_interpolation:0}
execute if entity @s[tag=aj.labyria.bone.himo_right_1] run data modify entity @s {} merge value {transformation:[-1f,8.956180816428881e-17f,8.352413031550644e-17f,-0.16679453124999993f,0f,0.6820262819750086f,-0.731327663017984f,1.1692050160770688f,-1.2246467991473532e-16f,-0.731327663017984f,-0.6820262819750086f,-0.4564917162707397f,0f,0f,0f,1f],start_interpolation:0}
execute if entity @s[tag=aj.labyria.bone.himo_left_2] run data modify entity @s {} merge value {transformation:[-1f,9.969768116840555e-17f,7.111940801399802e-17f,0.14570546875000004f,0f,0.5807340374670812f,-0.814093347059895f,1.0458958861006171f,-1.2246467991473532e-16f,-0.814093347059895f,-0.5807340374670812f,-0.31510511519252393f,0f,0f,0f,1f],start_interpolation:0}
execute if entity @s[tag=aj.labyria.bone.himo_left_1] run data modify entity @s {} merge value {transformation:[-1f,8.956180816428881e-17f,8.352413031550644e-17f,0.14570546875000007f,0f,0.6820262819750086f,-0.731327663017984f,1.1692050160770688f,-1.2246467991473532e-16f,-0.731327663017984f,-0.6820262819750086f,-0.4564917162707397f,0f,0f,0f,1f],start_interpolation:0}
execute if entity @s[tag=aj.labyria.bone.ribbon_left_himo_1] run data modify entity @s {} merge value {transformation:[-1f,4.5479443111287554e-17f,1.1370671959433942e-16f,0.2899867187500001f,0f,0.9284858268809135f,-0.3713678355502347f,1.4090186288274638f,-1.2246467991473532e-16f,-0.3713678355502347f,-0.9284858268809135f,-0.7543172519700337f,0f,0f,0f,1f],start_interpolation:0}
execute if entity @s[tag=aj.labyria.bone.ribbon_left_himo_2] run data modify entity @s {} merge value {transformation:[-1f,4.5479443111287554e-17f,1.1370671959433942e-16f,0.2899867187500001f,0f,0.9284858268809135f,-0.3713678355502347f,1.3596963381684481f,-1.2246467991473532e-16f,-0.3713678355502347f,-0.9284858268809135f,-0.8776317758526551f,0f,0f,0f,1f],start_interpolation:0}
execute if entity @s[tag=aj.labyria.bone.ribbon_left] run data modify entity @s {} merge value {transformation:[-1f,4.5479443111287554e-17f,1.1370671959433942e-16f,0.28945546875000006f,0f,0.9284858268809135f,-0.3713678355502347f,1.4836282865898542f,-1.2246467991473532e-16f,-0.3713678355502347f,-0.9284858268809135f,-0.8556800023638894f,0f,0f,0f,1f],start_interpolation:0}
execute if entity @s[tag=aj.labyria.bone.ribbon_right_himo_1] run data modify entity @s {} merge value {transformation:[-1f,4.5479443111287554e-17f,1.1370671959433942e-16f,-0.31107578124999996f,0f,0.9284858268809135f,-0.3713678355502347f,1.4090186288274638f,-1.2246467991473532e-16f,-0.3713678355502347f,-0.9284858268809135f,-0.7543172519700339f,0f,0f,0f,1f],start_interpolation:0}
execute if entity @s[tag=aj.labyria.bone.ribbon_right_himo_2] run data modify entity @s {} merge value {transformation:[-1f,4.5479443111287554e-17f,1.1370671959433942e-16f,-0.31107578124999996f,0f,0.9284858268809135f,-0.3713678355502347f,1.3596963381684481f,-1.2246467991473532e-16f,-0.3713678355502347f,-0.9284858268809135f,-0.8776317758526552f,0f,0f,0f,1f],start_interpolation:0}
execute if entity @s[tag=aj.labyria.bone.ribbon_right] run data modify entity @s {} merge value {transformation:[-1f,4.5479443111287554e-17f,1.1370671959433942e-16f,-0.3105445312499999f,0f,0.9284858268809135f,-0.3713678355502347f,1.4836282865898542f,-1.2246467991473532e-16f,-0.3713678355502347f,-0.9284858268809135f,-0.8556800023638895f,0f,0f,0f,1f],start_interpolation:0}
execute if entity @s[tag=aj.labyria.bone.crown] run data modify entity @s {} merge value {transformation:[-0.9762960071199334f,0.21643961393810293f,1.1370671959433942e-16f,0.15820546875000013f,0.20096111391710514f,0.9064770054512855f,-0.3713678355502347f,1.7526288705830664f,-0.0803787109555218f,-0.3625649350204662f,-0.9284858268809135f,-0.9451496390931563f,0f,0f,0f,1f],start_interpolation:0}
execute if entity @s[tag=aj.labyria.bone.ear_edge_a1] run data modify entity @s {} merge value {transformation:[-0.9879748041855109f,0.15233784483960444f,0.026437990169942315f,0.1834183933647516f,0.15006521484495422f,0.9859556821012019f,-0.07329272969327444f,1.741310852059509f,-0.03723194311527546f,-0.0684439475920132f,-0.9969599833743993f,-0.9245980589833634f,0f,0f,0f,1f],start_interpolation:0}
execute if entity @s[tag=aj.labyria.bone.ear_edge_a2] run data modify entity @s {} merge value {transformation:[-0.9996420841586586f,-0.004090996786518752f,0.026437990169942315f,0.06823338139789353f,-0.006019786651611819f,0.997292303160301f,-0.07329272969327444f,1.7506675591197647f,-0.0260665637858608f,-0.07342564812458251f,-0.9969599833743993f,-0.9283404748051726f,0f,0f,0f,1f],start_interpolation:0}
execute if entity @s[tag=aj.labyria.bone.ear_edge_b1] run data modify entity @s {} merge value {transformation:[-0.9742632964842652f,0.21687164318763155f,0.06146315566833046f,0.04741858973007383f,0.2234836706064372f,0.8937246908022949f,0.38898743684419407f,1.7410827869143009f,0.029429204812333465f,0.3927121941466028f,-0.9191904342804458f,-0.9875072707902571f,0f,0f,0f,1f],start_interpolation:0}
execute if entity @s[tag=aj.labyria.bone.ear_edge_b2] run data modify entity @s {} merge value {transformation:[-0.9935964800515555f,-0.09480672615616145f,0.06146315566833046f,0.07620898106125773f,-0.06363051653459262f,0.9190429431440759f,0.38898743684419407f,1.7502778562086867f,-0.09336590488341957f,0.38258561568964605f,-0.9191904342804458f,-0.9816909409622017f,0f,0f,0f,1f],start_interpolation:0}
execute if entity @s[tag=aj.labyria.bone.ear_right_2] run data modify entity @s {} merge value {transformation:[-0.9961946980917455f,0.06179323578828475f,0.06146315566833046f,0.13314152052905562f,0.08092287187247957f,0.9176820052639664f,0.38898743684419407f,1.8588854813294908f,-0.03236683953997101f,0.3924809972795104f,-0.9191904342804458f,-0.9659202641658018f,0f,0f,0f,1f],start_interpolation:0}
execute if entity @s[tag=aj.labyria.bone.ear_right_1] run data modify entity @s {} merge value {transformation:[-0.9961946980917455f,0.08304911901802457f,0.026437990169942315f,0.11445546875000012f,0.08092287187247957f,0.9940219638328013f,-0.07329272969327444f,1.635230539467111f,-0.03236683953997101f,-0.07087439063802331f,-0.9969599833743993f,-0.9499735262722466f,0f,0f,0f,1f],start_interpolation:0}
execute if entity @s[tag=aj.labyria.bone.ear_edge_a3] run data modify entity @s {} merge value {transformation:[-0.9879748041855109f,-0.15233784483960444f,-0.026437990169942072f,-0.2045074558647514f,-0.15006521484495422f,0.9859556821012019f,-0.07329272969327444f,1.741310852059509f,0.03723194311527521f,-0.06844394759201321f,-0.9969599833743993f,-0.9245980589833634f,0f,0f,0f,1f],start_interpolation:0}
execute if entity @s[tag=aj.labyria.bone.ear_edge_a4] run data modify entity @s {} merge value {transformation:[-0.9996420841586586f,0.00409099678651878f,-0.026437990169942072f,-0.08932244389789329f,0.006019786651611819f,0.997292303160301f,-0.07329272969327444f,1.7506675591197647f,0.02606656378586055f,-0.0734256481245825f,-0.9969599833743993f,-0.9283404748051726f,0f,0f,0f,1f],start_interpolation:0}
execute if entity @s[tag=aj.labyria.bone.ear_edge_b3] run data modify entity @s {} merge value {transformation:[-0.9742632964842652f,-0.21687164318763164f,-0.06146315566833023f,-0.06850765223007359f,-0.2234836706064372f,0.8937246908022949f,0.38898743684419407f,1.7410827869143009f,-0.029429204812333708f,0.39271219414660274f,-0.9191904342804458f,-0.9875072707902571f,0f,0f,0f,1f],start_interpolation:0}
execute if entity @s[tag=aj.labyria.bone.ear_edge_b4] run data modify entity @s {} merge value {transformation:[-0.9935964800515555f,0.09480672615616137f,-0.06146315566833023f,-0.09729804356125749f,0.06363051653459262f,0.9190429431440759f,0.38898743684419407f,1.7502778562086867f,0.09336590488341934f,0.3825856156896461f,-0.9191904342804458f,-0.9816909409622017f,0f,0f,0f,1f],start_interpolation:0}
execute if entity @s[tag=aj.labyria.bone.ear_left_2] run data modify entity @s {} merge value {transformation:[-0.9961946980917455f,-0.061793235788284835f,-0.06146315566833023f,-0.15423058302905537f,-0.08092287187247957f,0.9176820052639664f,0.38898743684419407f,1.8588854813294908f,0.03236683953997076f,0.3924809972795104f,-0.9191904342804458f,-0.9659202641658018f,0f,0f,0f,1f],start_interpolation:0}
execute if entity @s[tag=aj.labyria.bone.ear_left_1] run data modify entity @s {} merge value {transformation:[-0.9961946980917455f,-0.08304911901802454f,-0.026437990169942072f,-0.13554453124999988f,-0.08092287187247957f,0.9940219638328013f,-0.07329272969327444f,1.635230539467111f,0.03236683953997076f,-0.07087439063802331f,-0.9969599833743993f,-0.9499735262722466f,0f,0f,0f,1f],start_interpolation:0}
execute if entity @s[tag=aj.labyria.bone.head] run data modify entity @s {} merge value {transformation:[-1f,4.5479443111287554e-17f,1.1370671959433942e-16f,-0.01054453124999991f,0f,0.9284858268809135f,-0.3713678355502347f,1.1709867980515876f,-1.2246467991473532e-16f,-0.3713678355502347f,-0.9284858268809135f,-0.7306323284627227f,0f,0f,0f,1f],start_interpolation:0}
execute if entity @s[tag=aj.labyria.bone.back_musket] run data modify entity @s {} merge value {transformation:[0.021455443264204767f,1.0190085757155665f,1.2664192935980836f,-0.10945515624999991f,-1.200217446439194f,0.8640657850624518f,-0.6749259522143073f,0.9817592251608422f,-1.0962090976826988f,-0.9261039263104013f,0.7637498101179089f,-0.8578784379028285f,0f,0f,0f,1f],start_interpolation:0}
execute if entity @s[tag=aj.labyria.bone.body_1] run data modify entity @s {} merge value {transformation:[-1f,8.317619111996931e-17f,8.988503244363276e-17f,-0.010544531249999942f,0f,0.7339669895533489f,-0.679185142833671f,0.8957491769690816f,-1.2246467991473532e-16f,-0.679185142833671f,-0.7339669895533489f,-0.47593789990009616f,0f,0f,0f,1f],start_interpolation:0}
execute if entity @s[tag=aj.labyria.bone.belt2] run data modify entity @s {} merge value {transformation:[-0.919022283684972f,-0.33382480975455014f,0.20966410871390767f,0.37857802245606037f,-0.3926943938904211f,0.7287452619167284f,-0.5610004066317187f,0.8492512375896996f,0.034484128196804686f,-0.5979057949428633f,-0.8008242661634629f,0.21415046320286693f,0f,0f,0f,1f],start_interpolation:0}
execute if entity @s[tag=aj.labyria.bone.leg_left_2] run data modify entity @s {} merge value {transformation:[-0.8837920523847733f,-0.4294898279132612f,-0.18560737016764f,0.2377562478980363f,-0.2401144216415123f,0.7568191478877212f,-0.6079225624290199f,0.8274377687332191f,0.4015677684541826f,-0.4927101227999489f,-0.7719974496260897f,0.06238306949451339f,0f,0f,0f,1f],start_interpolation:0}
execute if entity @s[tag=aj.labyria.bone.leg_left_1] run data modify entity @s {} merge value {transformation:[-0.8837920523847733f,-0.3358090619934948f,0.3257973020523025f,0.13594062500000004f,-0.2401144216415123f,-0.27210638194475745f,-0.9318278711353807f,0.7503237490902052f,0.4015677684541826f,-0.9017706974547259f,0.1598528590634054f,-0.20780800428262292f,0f,0f,0f,1f],start_interpolation:0}
execute if entity @s[tag=aj.labyria.bone.belt] run data modify entity @s {} merge value {transformation:[-0.749868737531009f,0.16894796966296405f,-0.6396510455087312f,-0.21649169862061438f,0.587553725673184f,-0.27434997579331133f,-0.7612573219547845f,0.9554277567445773f,-0.30410112778681275f,-0.9466724218698735f,0.10646046096939868f,-0.043087949075252124f,0f,0f,0f,1f],start_interpolation:0}
execute if entity @s[tag=aj.labyria.bone.leg_right_2] run data modify entity @s {} merge value {transformation:[-0.9079354481261837f,0.41439140256012424f,0.06271353538239643f,-0.23981268787919338f,0.22450240297059268f,0.6072296294806809f,-0.7621488359508165f,0.7942759376767865f,-0.353909441942901f,-0.6779026055157246f,-0.6443571714031407f,0.10877288265159318f,0f,0f,0f,1f],start_interpolation:0}
execute if entity @s[tag=aj.labyria.bone.leg_right_1] run data modify entity @s {} merge value {transformation:[-0.9079354481261837f,0.3043442436818536f,-0.2881454552368067f,-0.12499999999999997f,0.22450240297059268f,-0.2273900052904188f,-0.9475718740836776f,0.7362126812145837f,-0.353909441942901f,-0.92502344123365f,0.13812943231592784f,-0.22260524949541743f,0f,0f,0f,1f],start_interpolation:0}
execute if entity @s[tag=aj.labyria.bone.skirt_forward_right] run data modify entity @s {} merge value {transformation:[-0.9797000851703092f,0.20046880834007352f,1.2329442568606392e-17f,4.75172436059961e-17f,0.020182706237804802f,0.09863379337598477f,-0.9949191088591987f,0.8345001325034698f,-0.19945024814777143f,-0.974722335686925f,-0.10067753883969344f,-0.38800773936680727f,0f,0f,0f,1f],start_interpolation:0}
execute if entity @s[tag=aj.labyria.bone.skirt_forward_left] run data modify entity @s {} merge value {transformation:[-0.9797000851703092f,-0.2004688083400733f,1.2329442568606392e-17f,4.75172436059961e-17f,-0.020182706237804802f,0.09863379337598477f,-0.9949191088591987f,0.8345001325034698f,0.1994502481477712f,-0.974722335686925f,-0.10067753883969344f,-0.38800773936680727f,0f,0f,0f,1f],start_interpolation:0}
execute if entity @s[tag=aj.labyria.bone.skirt_forward] run data modify entity @s {} merge value {transformation:[-1f,1.2184245020749547e-16f,1.2329442568606392e-17f,4.75172436059961e-17f,0f,0.10067753883969344f,-0.9949191088591987f,0.8345001325034698f,-1.2246467991473532e-16f,-0.9949191088591987f,-0.10067753883969344f,-0.38800773936680727f,0f,0f,0f,1f],start_interpolation:0}
execute if entity @s[tag=aj.labyria.bone.skirt_back_right] run data modify entity @s {} merge value {transformation:[-0.971331697885099f,0.23772827489310294f,7.316762027970997e-17f,4.75172436059961e-17f,0.14203288784357618f,0.5803308258837129f,-0.8018994895246798f,0.8345001325034698f,-0.19063418228236206f,-0.7789103926932014f,-0.5974589598458275f,-0.38800773936680727f,0f,0f,0f,1f],start_interpolation:0}
execute if entity @s[tag=aj.labyria.bone.skirt_back_left] run data modify entity @s {} merge value {transformation:[-0.971331697885099f,-0.23772827489310278f,7.316762027970997e-17f,4.75172436059961e-17f,-0.14203288784357618f,0.5803308258837129f,-0.8018994895246798f,0.8345001325034698f,0.19063418228236184f,-0.7789103926932014f,-0.5974589598458275f,-0.38800773936680727f,0f,0f,0f,1f],start_interpolation:0}
execute if entity @s[tag=aj.labyria.bone.skirt_back] run data modify entity @s {} merge value {transformation:[-1f,9.820436430842956e-17f,7.316762027970997e-17f,4.75172436059961e-17f,0f,0.5974589598458275f,-0.8018994895246798f,0.8345001325034698f,-1.2246467991473532e-16f,-0.8018994895246798f,-0.5974589598458275f,-0.38800773936680727f,0f,0f,0f,1f],start_interpolation:0}
execute if entity @s[tag=aj.labyria.bone.skirt_right] run data modify entity @s {} merge value {transformation:[-0.9442453560673543f,0.32924262716913716f,6.030449367054553e-17f,-0.19374999999999995f,0.16212682660844496f,0.4649686598458525f,-0.8703556959398997f,0.8657609444383987f,-0.2865581959028753f,-0.8218293240180206f,-0.4924235601034671f,-0.4210431220033596f,0f,0f,0f,1f],start_interpolation:0}
execute if entity @s[tag=aj.labyria.bone.skirt_left] run data modify entity @s {} merge value {transformation:[-0.9442453560673543f,-0.32924262716913694f,6.030449367054553e-17f,0.19375000000000006f,-0.16212682660844496f,0.4649686598458525f,-0.8703556959398997f,0.8657609444383987f,0.28655819590287507f,-0.8218293240180206f,-0.4924235601034671f,-0.4210431220033596f,0f,0f,0f,1f],start_interpolation:0}
execute if entity @s[tag=aj.labyria.bone.coat_downer] run data modify entity @s {} merge value {transformation:[-1f,1.0989460614676097e-16f,5.4044179764955866e-17f,3.4694061276703717e-17f,0f,0.44130421769430606f,-0.8973575583039443f,0.775258500575772f,-1.2246467991473532e-16f,-0.8973575583039443f,-0.44130421769430606f,-0.28329850942213763f,0f,0f,0f,1f],start_interpolation:0}
execute if entity @s[tag=aj.labyria.bone.body_2] run data modify entity @s {} merge value {transformation:[-1f,1.0658783171524651e-16f,6.030449367054553e-17f,5.91759538737994e-17f,0f,0.4924235601034671f,-0.8703556959398997f,0.8883620370370371f,-1.2246467991473532e-16f,-0.8703556959398997f,-0.4924235601034671f,-0.48320833333333335f,0f,0f,0f,1f],start_interpolation:0}
execute if entity @s[tag=aj.labyria.bone.sphere] run data modify entity @s {} merge value {transformation:[-1f,0f,1.2246467991473532e-16f,0.5656250000000003f,0f,1f,0f,1.857112037037037f,-1.2246467991473532e-16f,0f,-1f,-1.0860489583333333f,0f,0f,0f,1f],start_interpolation:0}