execute if entity @s[tag=aj.labyria.bone.wing_right_1] run data modify entity @s {} merge value {transformation:[-0.7659735267303857f,-0.13506179927098358f,-0.24897251087287525f,0.029760420035672266f,-0.13076345101953551f,0.8053867837641401f,-0.034604809780726366f,0.590520328215734f,0.2512566828367377f,0.007408330458561893f,-0.7770197168760521f,-0.9184776362062065f,0f,0f,0f,1f],start_interpolation:0}
execute if entity @s[tag=aj.labyria.bone.wing_right_2] run data modify entity @s {} merge value {transformation:[-0.743856173111623f,0.16490894335284956f,-0.24389143922240844f,0.029760420035672266f,0.1835740435541392f,0.7779148129360092f,-0.03389858917295644f,0.590520328215734f,0.23017072849716166f,-0.08748476562796823f,-0.7611621716336837f,-0.9184776362062065f,0f,0f,0f,1f],start_interpolation:0}
execute if entity @s[tag=aj.labyria.bone.wing_left_1] run data modify entity @s {} merge value {transformation:[-0.7659735267303857f,0.13506179927098358f,0.24897251087287545f,-0.029760420035672044f,0.13076345101953551f,0.8053867837641401f,-0.034604809780726366f,0.590520328215734f,-0.25125668283673785f,0.007408330458561921f,-0.7770197168760521f,-0.9184776362062065f,0f,0f,0f,1f],start_interpolation:0}
execute if entity @s[tag=aj.labyria.bone.wing_left_2] run data modify entity @s {} merge value {transformation:[-0.743856173111623f,-0.16490894335284956f,0.2438914392224086f,-0.029760420035672044f,-0.1835740435541392f,0.7779148129360092f,-0.03389858917295644f,0.590520328215734f,-0.2301707284971618f,-0.08748476562796825f,-0.7611621716336837f,-0.9184776362062065f,0f,0f,0f,1f],start_interpolation:0}
execute if entity @s[tag=aj.labyria.bone.musket] run data modify entity @s {} merge value {transformation:[-1.2288596090998682e-10f,-5.970507675195946e-11f,-8.809603184889673e-11f,-0.22208634360840487f,9.34390207822381e-11f,3.8801720211851944e-12f,-1.3296864317045768e-10f,1.1318914617350262f,5.0938751582029175e-11f,-1.5115162745196844e-10f,3.138463815524536e-11f,0.07013091704800745f,0f,0f,0f,1f],start_interpolation:0}
execute if entity @s[tag=aj.labyria.bone.omega_blade] run data modify entity @s {} merge value {transformation:[-0.00001356159889482246f,-0.000006589005748897233f,-0.000009722209431518132f,-0.22208634360840487f,0.00001031185752701154f,4.282127608764924e-7f,-0.000014674315852788123f,1.1318914617350262f,0.000005621560933754649f,-0.000016680975830141728f,0.000003463584212295386f,0.07013091704800745f,0f,0f,0f,1f],start_interpolation:0}
execute if entity @s[tag=aj.labyria.bone.arm_right_2] run data modify entity @s {} merge value {transformation:[0.11594818779297164f,-0.9772311064626789f,-0.17769463219032314f,-0.2799799186194856f,0.5707566795568373f,0.21196756875039663f,-0.793288448509935f,0.9154665926280867f,0.8128916474468044f,-0.0094400402421972f,0.5823384369517833f,-0.2198202787453199f,0f,0f,0f,1f],start_interpolation:0}
execute if entity @s[tag=aj.labyria.bone.arm_right_1] run data modify entity @s {} merge value {transformation:[0.039121365774256504f,-0.9772311064626789f,-0.20853988419888717f,-0.29843749999999997f,0.22373206795530642f,0.21196756875039663f,-0.9513220861340749f,0.8262205633029659f,0.9738652270763133f,-0.0094400402421972f,0.2269303971085115f,-0.5778633691189248f,0f,0f,0f,1f],start_interpolation:0}
execute if entity @s[tag=aj.labyria.bone.arm_left_2] run data modify entity @s {} merge value {transformation:[0.1235887618044584f,0.9772311064626789f,0.17246791735673414f,0.30915265003116826f,-0.6048162017952258f,0.21196756875039663f,-0.767637356988339f,0.8945458929955119f,-0.7867167088613523f,-0.00944004024219696f,0.6172420154514664f,-0.25170671502887776f,0f,0f,0f,1f],start_interpolation:0}
execute if entity @s[tag=aj.labyria.bone.arm_left_1] run data modify entity @s {} merge value {transformation:[0.03912136577425674f,0.9772311064626789f,0.2085398841988871f,0.2984375000000001f,-0.22373206795530642f,0.21196756875039663f,-0.9513220861340749f,0.8262205633029659f,-0.9738652270763133f,-0.00944004024219696f,0.22693039710851157f,-0.5778633691189247f,0f,0f,0f,1f],start_interpolation:0}
execute if entity @s[tag=aj.labyria.bone.himo_right_2] run data modify entity @s {} merge value {transformation:[-1f,2.1371007374629877e-17f,1.2058556244597482e-16f,-0.15624999999999997f,0f,0.9846558414224508f,-0.17450751832699193f,0.49042631096695943f,-1.2246467991473532e-16f,-0.17450751832699193f,-0.9846558414224508f,-0.3564542336832964f,0f,0f,0f,1f],start_interpolation:0}
execute if entity @s[tag=aj.labyria.bone.himo_right_1] run data modify entity @s {} merge value {transformation:[-1f,5.448601141172254e-18f,1.2234341245944955e-16f,-0.15624999999999997f,0f,0.9990097760809875f,-0.04449120468828876f,0.6774625739528428f,-1.2246467991473532e-16f,-0.04449120468828876f,-0.9990097760809875f,-0.37104014566285665f,0f,0f,0f,1f],start_interpolation:0}
execute if entity @s[tag=aj.labyria.bone.himo_left_2] run data modify entity @s {} merge value {transformation:[-1f,2.1371007374629877e-17f,1.2058556244597482e-16f,0.15625000000000003f,0f,0.9846558414224508f,-0.17450751832699193f,0.49042631096695943f,-1.2246467991473532e-16f,-0.17450751832699193f,-0.9846558414224508f,-0.3564542336832963f,0f,0f,0f,1f],start_interpolation:0}
execute if entity @s[tag=aj.labyria.bone.himo_left_1] run data modify entity @s {} merge value {transformation:[-1f,5.448601141172254e-18f,1.2234341245944955e-16f,0.15625000000000003f,0f,0.9990097760809875f,-0.04449120468828876f,0.6774625739528428f,-1.2246467991473532e-16f,-0.04449120468828876f,-0.9990097760809875f,-0.3710401456628566f,0f,0f,0f,1f],start_interpolation:0}
execute if entity @s[tag=aj.labyria.bone.ribbon_left_himo_1] run data modify entity @s {} merge value {transformation:[-1f,2.399648183518647e-17f,1.2009066027860844e-16f,0.3005312500000001f,0f,0.9806146585466131f,-0.19594614424251755f,1.0942408662787795f,-1.2246467991473532e-16f,-0.19594614424251755f,-0.9806146585466131f,-0.5590946632666489f,0f,0f,0f,1f],start_interpolation:0}
execute if entity @s[tag=aj.labyria.bone.ribbon_left_himo_2] run data modify entity @s {} merge value {transformation:[-1f,2.399648183518647e-17f,1.2009066027860844e-16f,0.3005312500000001f,0f,0.9806146585466131f,-0.19594614424251755f,1.0682167689965703f,-1.2246467991473532e-16f,-0.19594614424251755f,-0.9806146585466131f,-0.689332547604871f,0f,0f,0f,1f],start_interpolation:0}
execute if entity @s[tag=aj.labyria.bone.ribbon_left] run data modify entity @s {} merge value {transformation:[-1f,2.399648183518647e-17f,1.2009066027860844e-16f,0.30000000000000004f,0f,0.9806146585466131f,-0.19594614424251755f,1.1860730725086708f,-1.2246467991473532e-16f,-0.19594614424251755f,-0.9806146585466131f,-0.6451635548464691f,0f,0f,0f,1f],start_interpolation:0}
execute if entity @s[tag=aj.labyria.bone.ribbon_right_himo_1] run data modify entity @s {} merge value {transformation:[-1f,2.399648183518647e-17f,1.2009066027860844e-16f,-0.30053124999999997f,0f,0.9806146585466131f,-0.19594614424251755f,1.0942408662787795f,-1.2246467991473532e-16f,-0.19594614424251755f,-0.9806146585466131f,-0.559094663266649f,0f,0f,0f,1f],start_interpolation:0}
execute if entity @s[tag=aj.labyria.bone.ribbon_right_himo_2] run data modify entity @s {} merge value {transformation:[-1f,2.399648183518647e-17f,1.2009066027860844e-16f,-0.30053124999999997f,0f,0.9806146585466131f,-0.19594614424251755f,1.0682167689965703f,-1.2246467991473532e-16f,-0.19594614424251755f,-0.9806146585466131f,-0.6893325476048711f,0f,0f,0f,1f],start_interpolation:0}
execute if entity @s[tag=aj.labyria.bone.ribbon_right] run data modify entity @s {} merge value {transformation:[-1f,2.399648183518647e-17f,1.2009066027860844e-16f,-0.29999999999999993f,0f,0.9806146585466131f,-0.19594614424251755f,1.1860730725086708f,-1.2246467991473532e-16f,-0.19594614424251755f,-0.9806146585466131f,-0.6451635548464693f,0f,0f,0f,1f],start_interpolation:0}
execute if entity @s[tag=aj.labyria.bone.crown] run data modify entity @s {} merge value {transformation:[-0.9762960071199334f,0.2164396139381029f,1.2009066027860844e-16f,0.16875000000000012f,0.21224385811787352f,0.9573701756623352f,-0.19594614424251755f,1.466873763122516f,-0.042410507812510434f,-0.19130143823451637f,-0.9806146585466131f,-0.6841135514567875f,0f,0f,0f,1f],start_interpolation:0}
execute if entity @s[tag=aj.labyria.bone.ear_edge_a1] run data modify entity @s {} merge value {transformation:[-0.988375278265621f,0.14661079867548585f,0.04024404334920064f,0.19290356018430438f,0.15201382104444636f,0.9486907888211881f,0.2772680750055785f,1.4431177379532503f,0.002471340693475134f,0.280162561591602f,-0.9599493901022119f,-0.6486247186716179f,0f,0f,0f,1f],start_interpolation:0}
execute if entity @s[tag=aj.labyria.bone.ear_edge_a2] run data modify entity @s {} merge value {transformation:[-0.9991417203353494f,-0.009810181457353323f,0.04024404334920064f,0.07771854821744631f,0.0017343426170782356f,0.9607910317225009f,0.2772680750055785f,1.4529997672027823f,-0.04138616605829931f,0.2770998984146084f,-0.9599493901022119f,-0.650599342966555f,0f,0f,0f,1f],start_interpolation:0}
execute if entity @s[tag=aj.labyria.bone.ear_edge_b1] run data modify entity @s {} merge value {transformation:[-0.9766042583695179f,0.20209139153882077f,0.07350640788684344f,0.058118834506031294f,0.19237537169348834f,0.6682716158332366f,0.7186130835417817f,1.4676179618738547f,0.09610327205832367f,0.7159414200460387f,-0.6915143123335521f,-0.7150400518219234f,0f,0f,0f,1f],start_interpolation:0}
execute if entity @s[tag=aj.labyria.bone.ear_edge_b2] run data modify entity @s {} merge value {transformation:[-0.9912555181663029f,-0.10958697780497224f,0.07350640788684344f,0.0867221697204053f,-0.023547435327081964f,0.6950113340457763f,0.7186130835417817f,1.4738409528002105f,-0.1298384226428039f,0.7105982971014518f,-0.6915143123335521f,-0.7055327270907155f,0f,0f,0f,1f],start_interpolation:0}
execute if entity @s[tag=aj.labyria.bone.ear_right_2] run data modify entity @s {} merge value {transformation:[-0.9961946980917455f,0.0468287464434932f,0.07350640788684344f,0.14239431979794515f,0.08546619891487128f,0.6901382216669472f,0.7186130835417817f,1.5676417106457745f,-0.0170778317399965f,0.722160857081658f,-0.6915143123335521f,-0.6473289981329265f,0f,0f,0f,1f],start_interpolation:0}
execute if entity @s[tag=aj.labyria.bone.ear_right_1] run data modify entity @s {} merge value {transformation:[-0.9961946980917455f,0.07730808799086701f,0.04024404334920064f,0.12500000000000008f,0.08546619891487128f,0.9569837738570831f,0.2772680750055785f,1.3523203615279311f,-0.0170778317399965f,0.2796524916846832f,-0.9599493901022119f,-0.7102508087619802f,0f,0f,0f,1f],start_interpolation:0}
execute if entity @s[tag=aj.labyria.bone.ear_edge_a3] run data modify entity @s {} merge value {transformation:[-0.988375278265621f,-0.1466107986754859f,-0.040244043349200405f,-0.1929035601843042f,-0.15201382104444636f,0.9486907888211881f,0.2772680750055785f,1.4431177379532503f,-0.0024713406934753733f,0.280162561591602f,-0.9599493901022119f,-0.6486247186716179f,0f,0f,0f,1f],start_interpolation:0}
execute if entity @s[tag=aj.labyria.bone.ear_edge_a4] run data modify entity @s {} merge value {transformation:[-0.9991417203353494f,0.009810181457353268f,-0.040244043349200405f,-0.07771854821744614f,-0.0017343426170782356f,0.9607910317225009f,0.2772680750055785f,1.4529997672027823f,0.04138616605829907f,0.27709989841460847f,-0.9599493901022119f,-0.6505993429665549f,0f,0f,0f,1f],start_interpolation:0}
execute if entity @s[tag=aj.labyria.bone.ear_edge_b3] run data modify entity @s {} merge value {transformation:[-0.9766042583695179f,-0.20209139153882094f,-0.07350640788684326f,-0.058118834506031114f,-0.19237537169348834f,0.6682716158332366f,0.7186130835417817f,1.4676179618738547f,-0.0961032720583239f,0.7159414200460387f,-0.6915143123335521f,-0.7150400518219233f,0f,0f,0f,1f],start_interpolation:0}
execute if entity @s[tag=aj.labyria.bone.ear_edge_b4] run data modify entity @s {} merge value {transformation:[-0.9912555181663029f,0.10958697780497208f,-0.07350640788684326f,-0.08672216972040511f,0.023547435327081964f,0.6950113340457763f,0.7186130835417817f,1.4738409528002105f,0.12983842264280365f,0.7105982971014518f,-0.6915143123335521f,-0.7055327270907155f,0f,0f,0f,1f],start_interpolation:0}
execute if entity @s[tag=aj.labyria.bone.ear_left_2] run data modify entity @s {} merge value {transformation:[-0.9961946980917455f,-0.04682874644349337f,-0.07350640788684326f,-0.14239431979794498f,-0.08546619891487128f,0.6901382216669472f,0.7186130835417817f,1.5676417106457745f,0.017077831739996257f,0.722160857081658f,-0.6915143123335521f,-0.6473289981329265f,0f,0f,0f,1f],start_interpolation:0}
execute if entity @s[tag=aj.labyria.bone.ear_left_1] run data modify entity @s {} merge value {transformation:[-0.9961946980917455f,-0.07730808799086707f,-0.040244043349200405f,-0.12499999999999992f,-0.08546619891487128f,0.9569837738570831f,0.2772680750055785f,1.3523203615279311f,0.017077831739996257f,0.2796524916846832f,-0.9599493901022119f,-0.7102508087619802f,0f,0f,0f,1f],start_interpolation:0}
execute if entity @s[tag=aj.labyria.bone.head] run data modify entity @s {} merge value {transformation:[-1f,2.399648183518647e-17f,1.2009066027860844e-16f,7.092960787997821e-17f,0f,0.9806146585466131f,-0.19594614424251755f,0.8558786660303703f,-1.2246467991473532e-16f,-0.19594614424251755f,-0.9806146585466131f,-0.5791842017581083f,0f,0f,0f,1f],start_interpolation:0}
execute if entity @s[tag=aj.labyria.bone.back_musket] run data modify entity @s {} merge value {transformation:[0.02145544326420483f,1.0190085757155662f,1.2664192935980836f,-0.0989106249999999f,-0.20832067562419507f,1.2578090911067048f,-1.0085511524269875f,0.7935942255832098f,-1.6120790305338057f,-0.14897803050268216f,0.14718487138876227f,-0.7985453085841583f,0f,0f,0f,1f],start_interpolation:0}
execute if entity @s[tag=aj.labyria.bone.body_1] run data modify entity @s {} merge value {transformation:[-1f,5.448601141172254e-18f,1.2234341245944955e-16f,6.888638245203862e-17f,0f,0.9990097760809875f,-0.04449120468828876f,0.48124999999999996f,-1.2246467991473532e-16f,-0.04449120468828876f,-0.9990097760809875f,-0.5625f,0f,0f,0f,1f],start_interpolation:0}