execute if entity @s[tag=aj.tultaria.bone.head] run data modify entity @s {} merge value {transformation:[-0.9809742195346376f,0.033711717771209536f,-0.19118865210394387f,0f,0f,0.984807753012208f,0.17364817766693036f,1.5872911497407562f,0.19413804523691008f,0.17034438556042908f,-0.966071016902811f,0f,0f,0f,0f,1f],start_interpolation:0}
execute if entity @s[tag=aj.tultaria.bone.bust] run data modify entity @s {} merge value {transformation:[-0.7817041862283728f,-0.31182469643737226f,-0.5400962172842708f,0.044824800112872154f,0f,0.8660254037844387f,-0.49999999999999994f,1.4779161497407562f,0.6236493928747446f,-0.39085209311418634f,-0.6769756835184126f,0.056184988385164336f,0f,0f,0f,1f],start_interpolation:0}
execute if entity @s[tag=aj.tultaria.bone.left_wing] run data modify entity @s {} merge value {transformation:[-0.4835402078770733f,0f,-0.8753221506200999f,-0.029099662470069898f,0f,1f,0f,1.3685411497407562f,0.8753221506200999f,0f,-0.4835402078770733f,-0.13669111033321812f,0f,0f,0f,1f],start_interpolation:0}
execute if entity @s[tag=aj.tultaria.bone.right_wing] run data modify entity @s {} merge value {transformation:[-0.9608607883924966f,0f,-0.27703166846003385f,-0.12681268574861648f,0f,1f,0f,1.3685411497407562f,0.27703166846003385f,0f,-0.9608607883924966f,-0.058734936223875045f,0f,0f,0f,1f],start_interpolation:0}
execute if entity @s[tag=aj.tultaria.bone.body] run data modify entity @s {} merge value {transformation:[-0.7817041862283728f,0f,-0.6236493928747446f,0.7026767895515587f,0f,1f,0f,0.30604114974075625f,0.6236493928747446f,0f,-0.7817041862283728f,0.07902739667681408f,0f,0f,0f,1f],start_interpolation:0}
execute if entity @s[tag=aj.tultaria.bone.right_ring] run data modify entity @s {} merge value {transformation:[0.35706541514578943f,0.04620403854979732f,-0.9329359442793774f,-0.3940989744896396f,0.19489342082392108f,0.9731085308881618f,0.12278575500534697f,1.027497748741355f,0.9135211239080983f,-0.2256656241751764f,0.3384585384346406f,0.23927169389419647f,0f,0f,0f,1f],start_interpolation:0}
execute if entity @s[tag=aj.tultaria.bone.sword] run data modify entity @s {} merge value {transformation:[-0.000005737705043703592f,4.6204038549797326e-7f,-0.000008177118044496315f,-0.434913183128507f,0.0000021077702213184546f,0.00000973108530888162f,-9.291304566052401e-7f,0.8197652732127441f,0.00000791429374774411f,-0.000002256656241751764f,-0.000005680797222307912f,0.3044919714843606f,0f,0f,0f,1f],start_interpolation:0}
execute if entity @s[tag=aj.tultaria.bone.right_hand] run data modify entity @s {} merge value {transformation:[-0.5737705043703591f,0.04620403854979732f,-0.8177118044496314f,-0.46354007513338674f,0.21077702213184546f,0.9731085308881618f,-0.092913045660524f,1.1708353586619562f,0.791429374774411f,-0.2256656241751764f,-0.5680797222307912f,0.1507539661576885f,0f,0f,0f,1f],start_interpolation:0}
execute if entity @s[tag=aj.tultaria.bone.right_arm] run data modify entity @s {} merge value {transformation:[-0.5737705043703591f,0.36710258142205665f,-0.7321359867045506f,-0.26871081401600316f,0.21077702213184546f,0.9299972505227013f,0.301128147076037f,1.4622911497407562f,0.791429374774411f,0.01846100575478385f,-0.6109817804245121f,0.21437947880069347f,0f,0f,0f,1f],start_interpolation:0}
execute if entity @s[tag=aj.tultaria.bone.left_ring] run data modify entity @s {} merge value {transformation:[-0.18442557905094925f,-0.25179786164135776f,-0.9500447582427691f,0.33554803794739885f,-0.09438997687280432f,0.9666954024838342f,-0.23788764382071007f,1.033755294925363f,0.9783034999721065f,0.045802136297963536f,-0.2020505537059208f,-0.3603698221933773f,0f,0f,0f,1f],start_interpolation:0}
execute if entity @s[tag=aj.tultaria.bone.left_hand] run data modify entity @s {} merge value {transformation:[-0.8907522752160009f,-0.25179786164135776f,-0.3783625524154809f,0.2607331327769854f,-0.24999999999999994f,0.9666954024838342f,-0.054772244947761506f,1.1796665535996094f,0.37955287404723725f,0.045802136297963536f,-0.9240355946136625f,-0.43984157539185137f,0f,0f,0f,1f],start_interpolation:0}
execute if entity @s[tag=aj.tultaria.bone.left_arm] run data modify entity @s {} merge value {transformation:[-0.8907522752160009f,-0.09009368109647464f,-0.4454699909354216f,0.26871081401600316f,-0.24999999999999994f,0.9156751133619656f,0.31470476127563013f,1.4935411497407562f,0.37955287404723725f,0.3916914798614313f,-0.8381631108599591f,-0.21437947880069347f,0f,0f,0f,1f],start_interpolation:0}
execute if entity @s[tag=aj.tultaria.bone.leftfoot] run data modify entity @s {} merge value {transformation:[-0.7817041862283728f,0.2535911419602923f,-0.569763194627656f,0.18276754466849976f,0f,0.9135953648592565f,0.4066245311189203f,0.3981195276956174f,0.6236493928747446f,0.31786009819880917f,-0.7141613212293185f,0.028654168477057193f,0f,0f,0f,1f],start_interpolation:0}
execute if entity @s[tag=aj.tultaria.bone.leftleg] run data modify entity @s {} merge value {transformation:[-0.7817041862283728f,0.006500110159118415f,-0.6236155176075695f,0.08407069280941157f,0f,0.999945682193293f,0.010422699409929377f,0.8060411497407562f,0.6236493928747446f,0.008147467760541786f,-0.7816617257714832f,-0.09505595318308874f,0f,0f,0f,1f],start_interpolation:0}
execute if entity @s[tag=aj.tultaria.bone.rightfoot] run data modify entity @s {} merge value {transformation:[-0.7817041862283728f,0.24763889693321559f,-0.5723753505862544f,0.07922913696977457f,0f,0.9177838656233757f,0.3970803142960039f,0.49290114741737306f,0.6236493928747446f,0.3103993439540642f,-0.7174354898106512f,0.2997417301712634f,0f,0f,0f,1f],start_interpolation:0}
execute if entity @s[tag=aj.tultaria.bone.rightleg] run data modify entity @s {} merge value {transformation:[-0.7817041862283728f,-0.2386602902577116f,-0.5761769095400668f,-0.11135535374768163f,0f,0.9238795325112867f,-0.3826834323650897f,0.8060411497407562f,0.6236493928747446f,-0.299145241080033f,-0.7222004981347849f,0.06085639503559742f,0f,0f,0f,1f],start_interpolation:0}
execute if entity @s[tag=aj.tultaria.bone.skirt_right_back] run data modify entity @s {} merge value {transformation:[-0.7799938286390264f,-0.008667080946306388f,-0.6257271841568843f,-0.30521300546122815f,0.055963132363428404f,0.9949316469277921f,-0.08354128175713374f,0.8060051548552072f,0.6232798369120459f,-0.1001793374375255f,-0.7755555075231378f,-0.003941770518649024f,0f,0f,0f,1f],start_interpolation:0}
execute if entity @s[tag=aj.tultaria.bone.skirt_right] run data modify entity @s {} merge value {transformation:[-0.7799938286390264f,-0.1491780735929239f,-0.6077462707776473f,-0.14933554435042667f,0.055963132363428404f,0.9506513980762463f,-0.30517215985694335f,0.8341679603215643f,0.6232798369120459f,-0.27204378635576776f,-0.7331537514083324f,0.2387379536156814f,0f,0f,0f,1f],start_interpolation:0}
execute if entity @s[tag=aj.tultaria.bone.skirt_left_back] run data modify entity @s {} merge value {transformation:[-0.7800626898381027f,0.06202459342655741f,-0.6226195866922388f,0.014116334146085763f,-0.07676055770078755f,0.9780719483098196f,0.19360547696513586f,0.8979871942391473f,0.6209750532058498f,0.1988170358387428f,-0.7581963924711644f,-0.2503560900274079f,0f,0f,0f,1f],start_interpolation:0}
execute if entity @s[tag=aj.tultaria.bone.skirt_left] run data modify entity @s {} merge value {transformation:[-0.7800626898381027f,-0.051368728142400386f,-0.6235891706015878f,0.21708829294412307f,-0.07676055770078755f,0.9969527057421554f,0.013896736842126115f,0.8341679603215643f,0.6209750532058498f,0.058707378432590586f,-0.7816287015031911f,-0.053597699294355136f,0f,0f,0f,1f],start_interpolation:0}
execute if entity @s[tag=aj.tultaria.bone.skirt_back_middle] run data modify entity @s {} merge value {transformation:[-0.7817041862283728f,0.0899872666956513f,-0.6171230485613733f,-0.07756383273420425f,0f,0.9895352350408173f,0.14429143638038397f,0.8997018362364192f,0.6236493928747446f,0.11279321985545106f,-0.7735238356518837f,-0.09722124873522041f,0f,0f,0f,1f],start_interpolation:0}
execute if entity @s[tag=aj.tultaria.bone.skirt_front_middle] run data modify entity @s {} merge value {transformation:[-0.7817041862283728f,-0.04571566521632786f,-0.6219715774751015f,0.11730778307879194f,0f,0.9973096816595795f,-0.07330347105061565f,0.8953591059732547f,0.6236493928747446f,-0.05730163018533658f,-0.7796011531193789f,0.1470377204845268f,0f,0f,0f,1f],start_interpolation:0}
execute if entity @s[tag=aj.tultaria.bone.lower] run data modify entity @s {} merge value {transformation:[-0.7817041862283728f,0f,-0.6236493928747446f,0f,0f,1f,0f,0.8997911497407562f,0.6236493928747446f,0f,-0.7817041862283728f,0f,0f,0f,0f,1f],start_interpolation:0}