execute if entity @s[tag=aj.tultaria.bone.head] run data modify entity @s {} merge value {transformation:[-0.9395730067506618f,-0.07962827298086107f,0.33295931151960023f,0f,0f,0.9725738910831591f,0.23259412370772276f,1.7371390522732484f,-0.3423486015533301f,0.21853916016460045f,-0.9138041751321945f,0f,0f,0f,0f,1f],start_interpolation:0}
execute if entity @s[tag=aj.tultaria.bone.bust] run data modify entity @s {} merge value {transformation:[-0.5354475926655339f,0.4222842275969718f,0.7314177374329348f,-0.0607033577170647f,0f,0.8660254037844387f,-0.49999999999999994f,1.6277640522732484f,-0.8445684551939437f,-0.2677237963327669f,-0.46371121764357465f,0.03848529572283521f,0f,0f,0f,1f],start_interpolation:0}
execute if entity @s[tag=aj.tultaria.bone.left_wing] run data modify entity @s {} merge value {transformation:[-0.8178914268970272f,0f,0.5753725869454894f,0.13903653144083888f,0f,1f,0f,1.5183890522732484f,-0.5753725869454894f,0f,-0.8178914268970272f,-0.014145420633570271f,0f,0f,0f,1f],start_interpolation:0}
execute if entity @s[tag=aj.tultaria.bone.right_wing] run data modify entity @s {} merge value {transformation:[-0.1714867162952275f,0f,0.9851864321712313f,0.07210558235764714f,0f,1f,0f,1.5183890522732484f,-0.9851864321712313f,0f,-0.1714867162952275f,-0.11971647753281323f,0f,0f,0f,1f],start_interpolation:0}
execute if entity @s[tag=aj.tultaria.bone.body] run data modify entity @s {} merge value {transformation:[-0.5354475926655339f,0f,0.8445684551939437f,-0.15456043126420493f,0f,1f,0f,0.4558890522732484f,-0.8445684551939437f,0f,-0.5354475926655339f,0.6900080239297388f,0f,0f,0f,1f],start_interpolation:0}
execute if entity @s[tag=aj.tultaria.locator_origin.locator_right_hand] at @s on origin run tp @s ^-0.32089 ^1.43187 ^-1.03413 ~73.72718 ~18.66374
execute if entity @s[tag=aj.tultaria.bone.right_ring] run data modify entity @s {} merge value {transformation:[0.16368210090604124f,0.1790234102628488f,0.9701333869220481f,-0.2588144382424104f,0.9384686082601925f,0.2748954472589842f,-0.20906736805742837f,1.480848834455727f,-0.3041132045031285f,0.9446603154860177f,-0.1230123863385128f,-0.7624193612702661f,0f,0f,0f,1f],start_interpolation:0}
execute if entity @s[tag=aj.tultaria.locator_origin.locator_sword] at @s on origin run tp @s ^-0.29551 ^1.45404 ^-0.97923 ~73.72718 ~18.66374
execute if entity @s[tag=aj.tultaria.bone.sword] run data modify entity @s {} merge value {transformation:[-0.0000037528207655754616f,0.0000017902341026284881f,0.000009094580702773031f,-0.2954930917817491f,0.000009066553423937922f,0.000002748954472589842f,0.000003200134109456638f,1.454048644363656f,-0.000001927159908348326f,0.000009446603154860178f,-0.000002654758656119345f,-0.9792342403966074f,0f,0f,0f,1f],start_interpolation:0}
execute if entity @s[tag=aj.tultaria.bone.right_hand] run data modify entity @s {} merge value {transformation:[-0.37528207655754614f,0.1790234102628488f,0.909458070277303f,-0.14558033630034314f,0.9066553423937922f,0.2748954472589842f,0.32001341094566377f,1.553802505366099f,-0.1927159908348326f,0.9446603154860177f,-0.2654758656119345f,-0.6397045493766946f,0f,0f,0f,1f],start_interpolation:0}
execute if entity @s[tag=aj.tultaria.bone.right_arm] run data modify entity @s {} merge value {transformation:[-0.37528207655754614f,0.13803388184336285f,0.9165751526622946f,-0.18406010997877728f,0.9066553423937922f,0.2602589142421865f,0.3320261852117592f,1.6121390522732484f,-0.1927159908348326f,0.9556212351244244f,-0.22281966218405846f,-0.2903204064729182f,0f,0f,0f,1f],start_interpolation:0}
execute if entity @s[tag=aj.tultaria.locator_origin.locator_left_hand] at @s on origin run tp @s ^0.33589 ^0.91953 ^0.47331 ~73.94135 ~-3.13979
execute if entity @s[tag=aj.tultaria.bone.left_ring] run data modify entity @s {} merge value {transformation:[0.27018467678408625f,-0.01830078401426266f,0.9626345733119822f,0.3219654675034719f,-0.24103689178222512f,0.9666954024838342f,0.08603031800813854f,1.1836031974578551f,-0.9321488385612259f,-0.2552745191378898f,0.2567751207727813f,0.3725548714663468f,0f,0f,0f,1f],start_interpolation:0}
execute if entity @s[tag=aj.tultaria.bone.left_hand] run data modify entity @s {} merge value {transformation:[-0.2809890040575467f,-0.01830078401426266f,0.9595364823200894f,0.4090625152187517f,-0.24999999999999994f,0.9666954024838342f,-0.054772244947761506f,1.3295144561321015f,-0.926577130949576f,-0.2552745191378898f,-0.27620597437450745f,0.3067739177534414f,0f,0f,0f,1f],start_interpolation:0}
execute if entity @s[tag=aj.tultaria.bone.left_arm] run data modify entity @s {} merge value {transformation:[-0.2809890040575467f,-0.3796500206239036f,0.8814255733974465f,0.18406010997877728f,-0.24999999999999994f,0.9156751133619656f,0.31470476127563013f,1.6433890522732484f,-0.926577130949576f,-0.13192781590635433f,-0.35220714329983577f,0.2903204064729182f,0f,0f,0f,1f],start_interpolation:0}
execute if entity @s[tag=aj.tultaria.bone.leftfoot] run data modify entity @s {} merge value {transformation:[-0.5354475926655339f,0.187549821383227f,0.8234809894635117f,-0.13145539186529992f,0f,0.9750316678289984f,-0.22206586124526603f,0.6016100550741097f,-0.8445684551939437f,-0.11890463081697616f,-0.5220783593116978f,0.2313459281075223f,0f,0f,0f,1f],start_interpolation:0}
execute if entity @s[tag=aj.tultaria.bone.leftleg] run data modify entity @s {} merge value {transformation:[-0.5354475926655339f,0.20620929391406848f,0.81900769386627f,0.08540588404055925f,0f,0.9697351219187982f,-0.24415936049460346f,0.9558890522732484f,-0.8445684551939437f,-0.13073454180359168f,-0.5192423365546385f,0.09385814080968441f,0f,0f,0f,1f],start_interpolation:0}
execute if entity @s[tag=aj.tultaria.bone.rightfoot] run data modify entity @s {} merge value {transformation:[-0.5236776620128182f,0.09243472647882939f,0.8468869627344445f,-0.34151462440147007f,0.2085180445790436f,0.977766104910336f,0.022218667228298294f,0.6496323307086596f,-0.8260035904242309f,0.18822663315602783f,-0.5313085762313889f,-0.008799946792236266f,0f,0f,0f,1f],start_interpolation:0}
execute if entity @s[tag=aj.tultaria.bone.rightleg] run data modify entity @s {} merge value {transformation:[-0.5236776620128182f,0.42635395318474684f,0.7375527187344151f,-0.04845601412582422f,0.2085180445790436f,0.9035712928664152f,-0.374271484076261f,0.9558890522732484f,-0.8260035904242309f,-0.04220456505466649f,-0.5620825947268123f,-0.11728397298880153f,0f,0f,0f,1f],start_interpolation:0}
execute if entity @s[tag=aj.tultaria.bone.skirt_right_back] run data modify entity @s {} merge value {transformation:[-0.29186661339350595f,0.3980848752929003f,0.8696794306232855f,0.05034268790987867f,0.5750003566400069f,0.799641650567586f,-0.17305438607966986f,0.9585737066891523f,-0.764322229069697f,0.4495571851729018f,-0.4622876457459649f,-0.2556100871284914f,0f,0f,0f,1f],start_interpolation:0}
execute if entity @s[tag=aj.tultaria.bone.skirt_right] run data modify entity @s {} merge value {transformation:[-0.29186661339350595f,0.4327590162656205f,0.8529557513886744f,-0.22571938735333436f,0.5750003566400069f,0.792030105227564f,-0.20509242374373227f,0.9847228304353545f,-0.764322229069697f,0.4305902300958839f,-0.4800037332103816f,-0.17140599620249236f,0f,0f,0f,1f],start_interpolation:0}
execute if entity @s[tag=aj.tultaria.bone.skirt_left_back] run data modify entity @s {} merge value {transformation:[-0.5712767520096531f,0.08530420368709558f,0.8163124802712572f,0.24317063484394189f,-0.19763821378379756f,0.9510209863958395f,-0.2376935419548339f,0.9608035707320018f,-0.7966065585128278f,-0.29712333511186045f,-0.5264368097562648f,0.03492733392342273f,0f,0f,0f,1f],start_interpolation:0}
execute if entity @s[tag=aj.tultaria.bone.skirt_left] run data modify entity @s {} merge value {transformation:[-0.5712767520096531f,0.11513054038383669f,0.8126424990635347f,0.02527167170863462f,-0.19763821378379756f,0.9416820514622924f,-0.2723491332942302f,0.9847228304353545f,-0.7966065585128278f,-0.3161959402406903f,-0.5152068694317405f,0.22448546716966877f,0f,0f,0f,1f],start_interpolation:0}
execute if entity @s[tag=aj.tultaria.bone.skirt_back_middle] run data modify entity @s {} merge value {transformation:[-0.5354475926655339f,0.15831574020414724f,0.8295974939163555f,0.1086505190423286f,0f,0.9822738332393075f,-0.18745163785189228f,0.9852838636535546f,-0.8445684551939437f,-0.10037052822900716f,-0.5259561593463332f,-0.06888329596647808f,0f,0f,0f,1f],start_interpolation:0}
execute if entity @s[tag=aj.tultaria.bone.skirt_front_middle] run data modify entity @s {} merge value {transformation:[-0.5354475926655339f,0.2999686613925382f,0.7895028041058836f,-0.14530026191502599f,0f,0.9348002512414284f,-0.3551738873832962f,1.0703929678080015f,-0.8445684551939437f,-0.19017700297704537f,-0.500536544150359f,0.09211885073094085f,0f,0f,0f,1f],start_interpolation:0}
execute if entity @s[tag=aj.tultaria.bone.lower] run data modify entity @s {} merge value {transformation:[-0.5354475926655339f,0f,0.8445684551939437f,0f,0f,1f,0f,1.0496390522732484f,-0.8445684551939437f,0f,-0.5354475926655339f,0f,0f,0f,0f,1f],start_interpolation:0}