execute if entity @s[tag=aj.tultaria.bone.head] run data modify entity @s {} merge value {transformation:[-0.9859231766199597f,0.027307929845107104f,-0.16495383224157756f,0f,4.336808689942018e-19f,0.9865721616069694f,0.16332596224162224f,1.6598172920398386f,0.16719895275870542f,0.1610268515177718f,-0.9726843595363636f,0f,0f,0f,0f,1f],start_interpolation:0}
execute if entity @s[tag=aj.tultaria.bone.bust] run data modify entity @s {} merge value {transformation:[-0.98004630872145f,-0.09938464765930916f,-0.1721392592382548f,0.014286543101025728f,0f,0.8660254037844387f,-0.49999999999999994f,1.5504422920398386f,0.19876929531861834f,-0.49002315436072497f,-0.8487450002379424f,0.07044082843935423f,0f,0f,0f,1f],start_interpolation:0}
execute if entity @s[tag=aj.tultaria.bone.left_wing] run data modify entity @s {} merge value {transformation:[-0.8293790093596665f,0f,-0.5586863689348238f,0.03640673238026326f,0f,1f,0f,1.4410672920398386f,0.5586863689348238f,0f,-0.8293790093596665f,-0.13492886954759498f,0f,0f,0f,1f],start_interpolation:0}
execute if entity @s[tag=aj.tultaria.bone.right_wing] run data modify entity @s {} merge value {transformation:[-0.9815104417223044f,0f,0.19140860166169787f,-0.08609905620991798f,0f,1f,0f,1.4410672920398386f,-0.19140860166169787f,0f,-0.9815104417223044f,-0.11008270763276762f,0f,0f,0f,1f],start_interpolation:0}
execute if entity @s[tag=aj.tultaria.bone.body] run data modify entity @s {} merge value {transformation:[-0.98004630872145f,0f,-0.19876929531861834f,0.5894078020200342f,0f,1f,0f,0.37856729203983863f,0.19876929531861834f,0f,-0.98004630872145f,0.39063850670141587f,0f,0f,0f,1f],start_interpolation:0}
execute if entity @s[tag=aj.tultaria.bone.right_ring] run data modify entity @s {} merge value {transformation:[0.5086464630984542f,0.42912653146954993f,0.7464108758360546f,-0.5746344399478912f,-0.33911857407590923f,0.8967111919950328f,-0.28444266710106847f,1.1374625746700016f,-0.7913768813240345f,-0.10844103531302385f,0.6016337536791669f,0.024985100830992465f,0f,0f,0f,1f],start_interpolation:0}
execute if entity @s[tag=aj.tultaria.bone.sword] run data modify entity @s {} merge value {transformation:[-0.000007995268505681253f,0.0000042912653146955f,-0.000004202466361668205f,-0.7000574364772157f,0.0000043296167212100125f,0.000008967111919950328f,9.194144128212146e-7f,0.9562736386949027f,0.0000041629437384476066f,-0.0000010844103531302386f,-0.0000090274001582152f,0.04761046374115395f,0f,0f,0f,1f],start_interpolation:0}
execute if entity @s[tag=aj.tultaria.bone.right_hand] run data modify entity @s {} merge value {transformation:[-0.7995268505681252f,0.42912653146954993f,-0.4202466361668205f,-0.5469815415464134f,0.43296167212100123f,0.8967111919950328f,0.09194144128212145f,1.2861932085394243f,0.41629437384476065f,-0.10844103531302385f,-0.9027400158215199f,-0.07659068741993501f,0f,0f,0f,1f],start_interpolation:0}
execute if entity @s[tag=aj.tultaria.bone.right_arm] run data modify entity @s {} merge value {transformation:[-0.7995268505681252f,0.5387632670447344f,-0.26550133201906695f,-0.33689091862299847f,0.43296167212100123f,0.8233452718338997f,0.36694243938654497f,1.5348172920398386f,0.41629437384476065f,0.17842843224118113f,-0.8915504970965765f,0.06832694526577505f,0f,0f,0f,1f],start_interpolation:0}
execute if entity @s[tag=aj.tultaria.bone.left_ring] run data modify entity @s {} merge value {transformation:[0.8924250027379989f,-0.24499521069225372f,0.37888647538008113f,0.4629269030279951f,0.19502288678181448f,0.9666954024838342f,0.16572891252857824f,1.1062814372244454f,-0.406870603655966f,-0.07400909102587166f,0.9104828204453689f,-0.1678021959657996f,0f,0f,0f,1f],start_interpolation:0}
execute if entity @s[tag=aj.tultaria.bone.left_hand] run data modify entity @s {} merge value {transformation:[-0.9658409336897619f,-0.24499521069225372f,0.0844312593009656f,0.432561831916796f,-0.24999999999999994f,0.9666954024838342f,-0.054772244947761506f,1.2521926958986918f,-0.06820037250109934f,-0.07400909102587166f,-0.9949227928016501f,-0.27264012826374673f,0f,0f,0f,1f],start_interpolation:0}
execute if entity @s[tag=aj.tultaria.bone.left_arm] run data modify entity @s {} merge value {transformation:[-0.9658409336897619f,-0.2587329157955919f,-0.014441921381860928f,0.33689091862299847f,-0.24999999999999994f,0.9156751133619656f,0.31470476127563013f,1.5660672920398386f,-0.06820037250109934f,0.30756522081253346f,-0.9490797353948974f,-0.06832694526577505f,0f,0f,0f,1f],start_interpolation:0}
execute if entity @s[tag=aj.tultaria.bone.leftfoot] run data modify entity @s {} merge value {transformation:[-0.98004630872145f,0.049625435443339125f,-0.19247480073640574f,0.15493827545093775f,0f,0.9683326613795012f,0.24966348732983007f,0.48207648251103513f,0.19876929531861834f,0.24468177918012451f,-0.949010850399398f,0.13506454753147243f,0f,0f,0f,1f],start_interpolation:0}
execute if entity @s[tag=aj.tultaria.bone.leftleg] run data modify entity @s {} merge value {transformation:[-0.98004630872145f,-0.011154346252969198f,-0.19845607403435397f,0.11815771025508648f,0f,0.9984241968370301f,-0.0561170488383997f,0.8785672920398386f,0.19876929531861834f,-0.05499730657041496f,-0.9785019486483099f,-0.04628467491810901f,0f,0f,0f,1f],start_interpolation:0}
execute if entity @s[tag=aj.tultaria.bone.rightfoot] run data modify entity @s {} merge value {transformation:[-0.9796317002111058f,0.03318949153693272f,-0.19804087859080477f,-0.05718499225797949f,-0.0290847187431114f,0.9523933011663248f,0.30348159586562135f,0.5655597635686981f,0.19868520598457276f,0.3030601549940706f,-0.9320293618646558f,0.3010951486877045f,0f,0f,0f,1f],start_interpolation:0}
execute if entity @s[tag=aj.tultaria.bone.rightleg] run data modify entity @s {} merge value {transformation:[-0.9796317002111058f,-0.10240032136111228f,-0.1727307330113519f,-0.12685386692527603f,-0.0290847187431114f,0.9234886853510014f,-0.38252153817048445f,0.8785672920398386f,0.19868520598457276f,-0.3697064000173924f,-0.9076570755021124f,0.0034076489115455744f,0f,0f,0f,1f],start_interpolation:0}
execute if entity @s[tag=aj.tultaria.bone.skirt_right_back] run data modify entity @s {} merge value {transformation:[-0.9590178699177706f,0.19346041453465668f,-0.20702123849127382f,-0.26904519212125166f,0.21711931039653237f,0.9711906888628054f,-0.0982234743792133f,0.8820510244927416f,0.1820547451491345f,-0.13914637571373728f,-0.9733932175099717f,-0.14172143885053257f,0f,0f,0f,1f],start_interpolation:0}
execute if entity @s[tag=aj.tultaria.bone.skirt_right] run data modify entity @s {} merge value {transformation:[-0.9590178699177706f,0.15291084744686256f,-0.23854349270408615f,-0.24148107119858667f,0.21711931039653237f,0.937504236646579f,-0.2719283201923798f,0.9067218282063289f,0.1820547451491345f,-0.31257651703670497f,-0.9322832138174998f,0.14570845813634375f,0f,0f,0f,1f],start_interpolation:0}
execute if entity @s[tag=aj.tultaria.bone.skirt_left_back] run data modify entity @s {} merge value {transformation:[-0.9704177700134631f,-0.10705854022128113f,-0.21639736737720647f,0.12318092836499622f,-0.1288053579373495f,0.9876692094853498f,0.08898714739340555f,0.9487965340840381f,0.20420218267376236f,0.11422784949508917f,-0.9722414653731851f,-0.2180924918318211f,0f,0f,0f,1f],start_interpolation:0}
execute if entity @s[tag=aj.tultaria.bone.skirt_left] run data modify entity @s {} merge value {transformation:[-0.9704177700134631f,-0.13749362037295879f,-0.19845618155863531f,0.21791563601459304f,-0.1288053579373495f,0.990081378873496f,-0.05610742352477194f,0.9067218282063289f,0.20420218267376236f,-0.028885421317570454f,-0.9785024788045136f,0.05253535095574142f,0f,0f,0f,1f],start_interpolation:0}
execute if entity @s[tag=aj.tultaria.bone.skirt_back_middle] run data modify entity @s {} merge value {transformation:[-0.98004630872145f,0.014846707275861366f,-0.1982140460323763f,-0.025265587225163096f,0f,0.9972065640955662f,0.0746931625031057f,0.9568498754219841f,0.19876929531861834f,0.07320275819790015f,-0.9773086121746596f,-0.12457379525348432f,0f,0f,0f,1f],start_interpolation:0}
execute if entity @s[tag=aj.tultaria.bone.skirt_front_middle] run data modify entity @s {} merge value {transformation:[-0.98004630872145f,-0.028406590568054967f,-0.19672899728753512f,0.03675196951191044f,0f,0.9897353460562773f,-0.142912367438444f,0.9743834452734753f,0.19876929531861834f,-0.14006073817869055f,-0.9699864725136015f,0.1812082293729262f,0f,0f,0f,1f],start_interpolation:0}
execute if entity @s[tag=aj.tultaria.bone.lower] run data modify entity @s {} merge value {transformation:[-0.98004630872145f,0f,-0.19876929531861834f,0f,0f,1f,0f,0.9723172920398386f,0.19876929531861834f,0f,-0.98004630872145f,0f,0f,0f,0f,1f],start_interpolation:0}