execute if entity @s[tag=aj.tultaria.bone.head] run data modify entity @s {} merge value {transformation:[-0.9855587956945955f,0.029124152481542813f,-0.1668102034386702f,0f,0f,0.9850982102859436f,0.17199277918398448f,1.6311403672845088f,0.16933357679154692f,0.16950899632073424f,-0.9708722057703159f,0f,0f,0f,0f,1f],start_interpolation:0}
execute if entity @s[tag=aj.tultaria.bone.bust] run data modify entity @s {} merge value {transformation:[-0.8729646477326131f,-0.24389174022969434f,-0.422432885624221f,0.035059437658018555f,0f,0.8660254037844387f,-0.49999999999999994f,1.5217653672845088f,0.48778348045938874f,-0.4364823238663065f,-0.7560095615421766f,0.06274433405578156f,0f,0f,0f,1f],start_interpolation:0}
execute if entity @s[tag=aj.tultaria.bone.left_wing] run data modify entity @s {} merge value {transformation:[-0.6198475140928981f,0f,-0.7847222816212462f,-0.006412644574135373f,0f,1f,0f,1.4123903672845088f,0.7847222816212462f,0f,-0.6198475140928981f,-0.13960704849528846f,0f,0f,0f,1f],start_interpolation:0}
execute if entity @s[tag=aj.tultaria.bone.right_wing] run data modify entity @s {} merge value {transformation:[-0.9931808271992753f,0f,-0.1165840661658506f,-0.11553322554071188f,0f,1f,0f,1.4123903672845088f,0.1165840661658506f,0f,-0.9931808271992753f,-0.07863411343786489f,0f,0f,0f,1f],start_interpolation:0}
execute if entity @s[tag=aj.tultaria.bone.body] run data modify entity @s {} merge value {transformation:[-0.8729646477326131f,0f,-0.48778348045938874f,0.6803740640960009f,0f,1f,0f,0.34989036728450884f,0.48778348045938874f,0f,-0.8729646477326131f,0.19259058363661216f,0f,0f,0f,1f],start_interpolation:0}
execute if entity @s[tag=aj.tultaria.bone.right_ring] run data modify entity @s {} merge value {transformation:[0.7254763908906406f,0.19713747987628416f,0.6594094481339484f,-0.4714966618021399f,-0.29574164883140047f,0.9544286346961256f,0.04003571428829762f,1.081881509433864f,-0.6214667194683683f,-0.22405980295474068f,0.7507172046071062f,0.18281765944754097f,0f,0f,0f,1f],start_interpolation:0}
execute if entity @s[tag=aj.tultaria.bone.sword] run data modify entity @s {} merge value {transformation:[-0.000006777110890093625f,0.000001971374798762842f,-0.000007084098346732432f,-0.5468678607233891f,0.0000029781398729134942f,0.000009544286346961258f,-1.9308294738727196e-7f,0.8821052405916485f,0.000006723202427469905f,-0.000002240598029547407f,-0.000007055371683281545f,0.24181673067460654f,0f,0f,0f,1f],start_interpolation:0}
execute if entity @s[tag=aj.tultaria.bone.right_hand] run data modify entity @s {} merge value {transformation:[-0.6777110890093625f,0.19713747987628416f,-0.7084098346732431f,-0.5071073525720871f,0.2978139872913494f,0.9544286346961256f,-0.019308294738727194f,1.229200830973378f,0.6723202427469904f,-0.22405980295474068f,-0.7055371683281545f,0.08166420570509828f,0f,0f,0f,1f],start_interpolation:0}
execute if entity @s[tag=aj.tultaria.bone.right_arm] run data modify entity @s {} merge value {transformation:[-0.6777110890093625f,0.4419823504084158f,-0.5876727675851556f,-0.30008159765808573f,0.2978139872913494f,0.8956973011129443f,0.3302017167620658f,1.5061403672845088f,0.6723202427469904f,0.048764194922502974f,-0.738652519447533f,0.1676755714079149f,0f,0f,0f,1f],start_interpolation:0}
execute if entity @s[tag=aj.tultaria.bone.left_ring] run data modify entity @s {} merge value {transformation:[0.9539685055776338f,-0.2558965912567947f,0.1564002076377437f,0.38983776466188014f,0.25321173123156143f,0.9666954024838342f,0.0371997040758807f,1.0776045124691156f,-0.16071063913970324f,0.004115021235730654f,0.9869929873446608f,-0.3008079316797746f,0f,0f,0f,1f],start_interpolation:0}
execute if entity @s[tag=aj.tultaria.bone.left_hand] run data modify entity @s {} merge value {transformation:[-0.9407347592666777f,-0.2558965912567947f,-0.2225647036046343f,0.3289884813150715f,-0.24999999999999994f,0.9666954024838342f,-0.054772244947761506f,1.223515771143362f,0.2291683065073916f,0.004115021235730654f,-0.9733781145540326f,-0.39141915785113224f,0f,0f,0f,1f],start_interpolation:0}
execute if entity @s[tag=aj.tultaria.bone.left_arm] run data modify entity @s {} merge value {transformation:[-0.9407347592666777f,-0.15278026095190939f,-0.3027809514664558f,0.30008159765808573f,-0.24999999999999994f,0.9156751133619656f,0.31470476127563013f,1.5373903672845088f,0.2291683065073916f,0.37174894570532113f,-0.8996024725730339f,-0.1676755714079149f,0f,0f,0f,1f],start_interpolation:0}
execute if entity @s[tag=aj.tultaria.bone.leftfoot] run data modify entity @s {} merge value {transformation:[-0.8729646477326131f,0.17121445870767388f,-0.45674755931314304f,0.18040704799638563f,0f,0.9363735706731675f,0.35100503720713566f,0.44589155577684936f,0.48778348045938874f,0.3064149886578999f,-0.8174210242688308f,0.06660532060669141f,0f,0f,0f,1f],start_interpolation:0}
execute if entity @s[tag=aj.tultaria.bone.leftleg] run data modify entity @s {} merge value {transformation:[-0.8729646477326131f,-0.006644354617279664f,-0.48773822524054306f,0.09845031733152751f,0f,0.9999072227316861f,-0.013621524474387876f,0.8498903672845088f,0.48778348045938874f,-0.011891109314365178f,-0.8728836564572618f,-0.0800690367265745f,0f,0f,0f,1f],start_interpolation:0}
execute if entity @s[tag=aj.tultaria.bone.rightfoot] run data modify entity @s {} merge value {transformation:[-0.872939822953745f,0.17128766084602196f,-0.45676755876855213f,0.031335164039716285f,-0.007541474663325812f,0.9314789832629083f,0.3637169639972828f,0.536759269824951f,0.4877696092023231f,0.3209477231285439f,-0.8118333371802471f,0.307499042203556f,0f,0f,0f,1f],start_interpolation:0}
execute if entity @s[tag=aj.tultaria.bone.rightleg] run data modify entity @s {} merge value {transformation:[-0.872939822953745f,-0.19274896273672926f,-0.44813380018182014f,-0.11979084460162576f,-0.007541474663325812f,0.9238532598493239f,-0.382672549872185f,0.8498903672845088f,0.4877696092023231f,-0.3306705182348323f,-0.8079219125069703f,0.04187683338827268f,0f,0f,0f,1f],start_interpolation:0}
execute if entity @s[tag=aj.tultaria.bone.skirt_right_back] run data modify entity @s {} merge value {transformation:[-0.8727191885711332f,-0.015454462135996785f,-0.4879778452961056f,-0.29937877644464256f,0.0328030757773985f,0.9953841565685897f,-0.09019057085848445f,0.8537664541973051f,0.4871192627265783f,-0.09471821605332365f,-0.8681838995445554f,-0.05396899675812322f,0f,0f,0f,1f],start_interpolation:0}
execute if entity @s[tag=aj.tultaria.bone.skirt_right] run data modify entity @s {} merge value {transformation:[-0.8727191885711332f,-0.11638915459619768f,-0.4741463725392459f,-0.1860232616485652f,0.0328030757773985f,0.9549953612697754f,-0.2948013198287168f,0.8780172114378145f,0.4871192627265783f,-0.2728322280186004f,-0.8296248545186682f,0.2116374847866203f,0f,0f,0f,1f],start_interpolation:0}
execute if entity @s[tag=aj.tultaria.bone.skirt_left_back] run data modify entity @s {} merge value {transformation:[-0.8728443896723733f,0.06552485597320375f,-0.4835795329283003f,0.057725457352987425f,-0.010517849913369615f,0.9881882440861739f,0.1528835147525197f,0.9362343988718272f,0.48788527980526525f,0.1385297350736476f,-0.8618453841900895f,-0.24770624656648432f,0f,0f,0f,1f],start_interpolation:0}
execute if entity @s[tag=aj.tultaria.bone.skirt_left] run data modify entity @s {} merge value {transformation:[-0.8728443896723733f,-0.01602338847063774f,-0.4877355045917625f,0.22317891697609718f,-0.010517849913369615f,0.9998463256025525f,-0.014024978155925398f,0.8780172114378145f,0.48788527980526525f,-0.007111694663959316f,-0.8728787874317628f,-0.01701102167871814f,0f,0f,0f,1f],start_interpolation:0}
execute if entity @s[tag=aj.tultaria.bone.skirt_back_middle] run data modify entity @s {} merge value {transformation:[-0.8729646477326131f,0.035693830160099874f,-0.48647576948659715f,-0.061261740765179415f,0f,0.9973190749068418f,0.07317556167848047f,0.93744310028852f,0.48778348045938874f,0.0638796784232908f,-0.8706242949030667f,-0.10963744384331199f,0f,0f,0f,1f],start_interpolation:0}
execute if entity @s[tag=aj.tultaria.bone.skirt_front_middle] run data modify entity @s {} merge value {transformation:[-0.8729646477326131f,-0.04932407017409794f,-0.48528327800423493f,0.09115560441974638f,0f,0.9948743601304432f,-0.10111877943805131f,0.9418259059622467f,0.48778348045938874f,-0.08827311967129027f,-0.8684901453294811f,0.16313717722911392f,0f,0f,0f,1f],start_interpolation:0}
execute if entity @s[tag=aj.tultaria.bone.lower] run data modify entity @s {} merge value {transformation:[-0.8729646477326131f,0f,-0.48778348045938874f,0f,0f,1f,0f,0.9436403672845088f,0.48778348045938874f,0f,-0.8729646477326131f,0f,0f,0f,0f,1f],start_interpolation:0}