execute if entity @s[tag=aj.tultaria.bone.head] run data modify entity @s {} merge value {transformation:[-0.870094300250918f,-0.14802805187855173f,0.4701314757893861f,0f,-1.3877787807814457e-17f,0.9538354780339557f,0.3003296203236288f,1.7340261707496158f,-0.49288528956630995f,0.2613150908401117f,-0.8299268128144547f,0f,0f,0f,0f,1f],start_interpolation:0}
execute if entity @s[tag=aj.tultaria.bone.bust] run data modify entity @s {} merge value {transformation:[-0.4464482549084494f,0.447404726084001f,0.7749277171239264f,-0.06431442937457515f,0f,0.8660254037844387f,-0.49999999999999994f,1.6246511707496158f,-0.8948094521680021f,-0.22322412745422468f,-0.38663553022594793f,0.03208846832154477f,0f,0f,0f,1f],start_interpolation:0}
execute if entity @s[tag=aj.tultaria.bone.left_wing] run data modify entity @s {} merge value {transformation:[-0.7548931575036746f,0f,0.6558477877938844f,0.13975419745277834f,0f,1f,0f,1.5152761707496158f,-0.6558477877938844f,0f,-0.7548931575036746f,0.00011955889694392763f,0f,0f,0f,1f],start_interpolation:0}
execute if entity @s[tag=aj.tultaria.bone.right_wing] run data modify entity @s {} merge value {transformation:[-0.0700356525669214f,0f,0.9975444889174243f,0.08394816558922219f,0f,1f,0f,1.5152761707496158f,-0.9975444889174243f,0f,-0.0700356525669214f,-0.11173162262405623f,0f,0f,0f,1f],start_interpolation:0}
execute if entity @s[tag=aj.tultaria.bone.body] run data modify entity @s {} merge value {transformation:[-0.4464482549084494f,0f,0.8948094521680021f,-0.22418059862977635f,0f,1f,0f,0.45277617074961585f,-0.8948094521680021f,0f,-0.4464482549084494f,0.6706288535382258f,0f,0f,0f,1f],start_interpolation:0}
execute if entity @s[tag=aj.tultaria.bone.right_ring] run data modify entity @s {} merge value {transformation:[-0.6613077531777718f,0.010530583377714915f,0.7500407738254582f,-0.1658399795554928f,0.7433296830740458f,0.143383455302873f,0.6533775072700678f,1.5348683228959146f,-0.10066299145170389f,0.9896111820099516f,-0.10264828587395006f,-0.8039238608330186f,0f,0f,0f,1f],start_interpolation:0}
execute if entity @s[tag=aj.tultaria.bone.sword] run data modify entity @s {} merge value {transformation:[-0.0000029906562750364367f,1.0530583377714915e-7f,0.00000954174437542516f,-0.16258036994225497f,0.000009448180294714708f,0.0000014338345530287301f,0.0000029455063390027844f,1.5376311091240864f,-0.0000013371103780727568f,0.000009896111820099517f,-5.2830548069912e-7f,-1.0254052541427652f,0f,0f,0f,1f],start_interpolation:0}
execute if entity @s[tag=aj.tultaria.bone.right_hand] run data modify entity @s {} merge value {transformation:[-0.2990656275036436f,0.010530583377714915f,0.954174437542516f,-0.07474072238311397f,0.9448180294714708f,0.143383455302873f,0.2945506339002784f,1.5848861097151397f,-0.13371103780727567f,0.9896111820099516f,-0.052830548069912f,-0.654249977525518f,0f,0f,0f,1f],start_interpolation:0}
execute if entity @s[tag=aj.tultaria.bone.right_arm] run data modify entity @s {} merge value {transformation:[-0.2990656275036436f,0.031086406706553493f,0.9537260538351284f,-0.1534665876247795f,0.9448180294714708f,0.14969644351341038f,0.291392975181426f,1.6090261707496158f,-0.13371103780727567f,0.9882431938128947f,-0.07414005834223641f,-0.30759074918275076f,0f,0f,0f,1f],start_interpolation:0}
execute if entity @s[tag=aj.tultaria.bone.left_ring] run data modify entity @s {} merge value {transformation:[-0.568665538645048f,0.007850012456681266f,0.8225313869160051f,0.28225826918874164f,-0.20610848536687193f,0.9666954024838342f,-0.15172109634586578f,1.1804903159342226f,-0.7963283226266106f,-0.2558092573013094f,-0.5481084075816035f,0.4034713917895682f,0f,0f,0f,1f],start_interpolation:0}
execute if entity @s[tag=aj.tultaria.bone.left_hand] run data modify entity @s {} merge value {transformation:[-0.1849481646083667f,0.007850012456681266f,0.982716924506964f,0.37561454530762595f,-0.24999999999999994f,0.9666954024838342f,-0.054772244947761506f,1.326401574608469f,-0.9504178956690559f,-0.2558092573013094f,-0.17682603731056118f,0.3469237543383735f,0f,0f,0f,1f],start_interpolation:0}
execute if entity @s[tag=aj.tultaria.bone.left_arm] run data modify entity @s {} merge value {transformation:[-0.1849481646083667f,-0.3642017545248857f,0.9127711971841526f,0.1534665876247795f,-0.24999999999999994f,0.9156751133619656f,0.31470476127563013f,1.6402761707496158f,-0.9504178956690559f,-0.16998873130459616f,-0.2604028702250751f,0.30759074918275076f,0f,0f,0f,1f],start_interpolation:0}
execute if entity @s[tag=aj.tultaria.bone.leftfoot] run data modify entity @s {} merge value {transformation:[-0.4464482549084494f,0.22555404435786047f,0.8659153126969245f,-0.15828053288366511f,0f,0.9677091704819711f,-0.2520693582431137f,0.6016963215184279f,-0.8948094521680021f,-0.11253592510353091f,-0.4320320704205792f,0.2186656245280201f,0f,0f,0f,1f],start_interpolation:0}
execute if entity @s[tag=aj.tultaria.bone.leftleg] run data modify entity @s {} merge value {transformation:[-0.4464482549084494f,0.22917919255232402f,0.8649629202400904f,0.07537998862973122f,0f,0.9666448182285092f,-0.25612066568703973f,0.9527761707496158f,-0.8948094521680021f,-0.11434462424196927f,-0.43155689221441323f,0.10208512594487794f,0f,0f,0f,1f],start_interpolation:0}
execute if entity @s[tag=aj.tultaria.bone.rightfoot] run data modify entity @s {} merge value {transformation:[-0.4249669890198464f,0.13306841293355076f,0.8953747012970333f,-0.35252499550546723f,0.3064582957484809f,0.9518757350386082f,0.003987231075067599f,0.654703185883039f,-0.8517548774209294f,0.27608944660029183f,-0.4452956840859815f,-0.07105443760526706f,0f,0f,0f,1f],start_interpolation:0}
execute if entity @s[tag=aj.tultaria.bone.rightleg] run data modify entity @s {} merge value {transformation:[-0.4249669890198464f,0.4688318910924052f,0.7743382440110553f,-0.03623207509738113f,0.3064582957484809f,0.8794262242751891f,-0.3642702692013464f,0.9527761707496158f,-0.8517548774209294f,0.0824995391005543f,-0.5174045369320351f,-0.12161723709712259f,0f,0f,0f,1f],start_interpolation:0}
execute if entity @s[tag=aj.tultaria.bone.skirt_right_back] run data modify entity @s {} merge value {transformation:[-0.08269157512077246f,0.38004619923910343f,0.9212638003568561f,0.07710128555504786f,0.7051581797569116f,0.6755447413465991f,-0.21538626688086573f,0.9396979040601161f,-0.7042116478204294f,0.6318260748678137f,-0.32385454480548387f,-0.2244801299858586f,0f,0f,0f,1f],start_interpolation:0}
execute if entity @s[tag=aj.tultaria.bone.skirt_right] run data modify entity @s {} merge value {transformation:[-0.08269157512077246f,0.3882491687671115f,0.9178369606611473f,-0.20789004440136843f,0.7051581797569116f,0.6735965195866735f,-0.2214038624835602f,0.9819041510268538f,-0.7042116478204294f,0.6289120063668423f,-0.32947783434044264f,-0.19312810346992515f,0f,0f,0f,1f],start_interpolation:0}
execute if entity @s[tag=aj.tultaria.bone.skirt_left_back] run data modify entity @s {} merge value {transformation:[-0.5163927873555632f,0.11789716056144617f,0.848197352447354f,0.23136000082140795f,-0.3100086814290117f,0.8975606682942686f,-0.31349555685813435f,0.9373560147834281f,-0.7982688185102795f,-0.42483538725333925f,-0.4269447120313209f,0.055696646944744244f,0f,0f,0f,1f],start_interpolation:0}
execute if entity @s[tag=aj.tultaria.bone.skirt_left] run data modify entity @s {} merge value {transformation:[-0.5163927873555632f,0.12658696645138323f,0.8469440531061001f,0.0013825750869672082f,-0.3100086814290117f,0.8942994345901552f,-0.3226811719489913f,0.9819041510268538f,-0.7982688185102795f,-0.4291902389574643f,-0.4225667192028224f,0.22631382723382582f,0f,0f,0f,1f],start_interpolation:0}
execute if entity @s[tag=aj.tultaria.bone.skirt_back_middle] run data modify entity @s {} merge value {transformation:[-0.4464482549084494f,0.17571958541270866f,0.8773862222485521f,0.1140129200941857f,0f,0.9805285584799805f,-0.19637654138203828f,0.9704743770722186f,-0.8948094521680021f,-0.08767196420496788f,-0.4377552638212848f,-0.056884590445194526f,0f,0f,0f,1f],start_interpolation:0}
execute if entity @s[tag=aj.tultaria.bone.skirt_front_middle] run data modify entity @s {} merge value {transformation:[-0.4464482549084494f,0.3614554648292847f,0.8185559862552139f,-0.15065709650147058f,0f,0.914782453707841f,-0.4039468558959979f,1.0713122433062783f,-0.8948094521680021f,-0.18034136889052313f,-0.40840303007873496f,0.07516750930568747f,0f,0f,0f,1f],start_interpolation:0}
execute if entity @s[tag=aj.tultaria.bone.lower] run data modify entity @s {} merge value {transformation:[-0.4464482549084494f,0f,0.8948094521680021f,0f,0f,1f,0f,1.0465261707496158f,-0.8948094521680021f,0f,-0.4464482549084494f,0f,0f,0f,0f,1f],start_interpolation:0}