execute if entity @s[tag=aj.tultaria.bone.head] run data modify entity @s {} merge value {transformation:[-0.8596521807255816f,-0.16674894454745703f,0.48290052564276764f,0f,-1.3877787807814457e-17f,0.9452332317324217f,0.32639567648589035f,1.7275229683628401f,-0.510879759017474f,0.280586755070497f,-0.8125718089530654f,0f,0f,0f,0f,1f],start_interpolation:0}
execute if entity @s[tag=aj.tultaria.bone.bust] run data modify entity @s {} merge value {transformation:[-0.46591845830591383f,0.44241383065232043f,0.7662832326609923f,-0.06359698815627107f,0f,0.8660254037844387f,-0.49999999999999994f,1.6181479683628401f,-0.884827661304641f,-0.2329592291529569f,-0.4034972209850022f,0.03348788919073753f,0f,0f,0f,1f],start_interpolation:0}
execute if entity @s[tag=aj.tultaria.bone.left_wing] run data modify entity @s {} merge value {transformation:[-0.7690614139276822f,0f,0.6391748912524289f,0.13972336130719976f,0f,1f,0f,1.5087729683628401f,-0.6391748912524289f,0f,-0.7690614139276822f,-0.0029380784566992446f,0f,0f,0f,1f],start_interpolation:0}
execute if entity @s[tag=aj.tultaria.bone.right_wing] run data modify entity @s {} merge value {transformation:[-0.09184364096841202f,0f,0.9957734409059449f,0.08148355401896057f,0f,1f,0f,1.5087729683628401f,-0.9957734409059449f,0f,-0.09184364096841202f,-0.11354153611977935f,0f,0f,0f,1f],start_interpolation:0}
execute if entity @s[tag=aj.tultaria.bone.body] run data modify entity @s {} merge value {transformation:[-0.46591845830591383f,0f,0.884827661304641f,-0.20945460149936357f,0f,1f,0f,0.44627296836284014f,-0.884827661304641f,0f,-0.46591845830591383f,0.6753730598052774f,0f,0f,0f,1f],start_interpolation:0}
execute if entity @s[tag=aj.tultaria.bone.right_ring] run data modify entity @s {} merge value {transformation:[-0.9999684873371447f,-0.0027355899867318456f,0.007452575399615913f,-0.17798403054829337f,0.007024435569661258f,0.1325001861359931f,0.9911580892969872f,1.5295918727618198f,-0.003698869771990708f,0.9911792054020055f,-0.13247679472669238f,-0.8038218111761952f,0f,0f,0f,1f],start_interpolation:0}
execute if entity @s[tag=aj.tultaria.bone.sword] run data modify entity @s {} merge value {transformation:[-0.0000030191943602960115f,-2.7355899867318458e-8f,0.000009533295184221415f,-0.17192482888927485f,0.000009448180294714708f,0.000001325001861359931f,0.0000029960405848314874f,1.534814333879354f,-0.0000012713593250224116f,0.000009911792054020057f,-3.741974673129039e-7f,-1.0251999437912556f,0f,0f,0f,1f],start_interpolation:0}
execute if entity @s[tag=aj.tultaria.bone.right_hand] run data modify entity @s {} merge value {transformation:[-0.30191943602960114f,-0.0027355899867318456f,0.9533295184221413f,-0.08903682413164449f,0.9448180294714708f,0.1325001861359931f,0.2996040584831487f,1.578382907328364f,-0.12713593250224114f,0.9911792054020055f,-0.037419746731290386f,-0.6524581615881904f,0f,0f,0f,1f],start_interpolation:0}
execute if entity @s[tag=aj.tultaria.bone.right_arm] run data modify entity @s {} merge value {transformation:[-0.30191943602960114f,0.052700219942522164f,0.9518756961733907f,-0.16015947004265788f,0.9448180294714708f,0.14969644351341038f,0.291392975181426f,1.6025229683628401f,-0.12713593250224114f,0.9873265222900911f,-0.09498838376001284f,-0.30415950857347035f,0f,0f,0f,1f],start_interpolation:0}
execute if entity @s[tag=aj.tultaria.bone.left_ring] run data modify entity @s {} merge value {transformation:[-0.9942803355176728f,0.0022514169798301675f,0.10677801985636684f,0.29101804596612535f,-0.025162748124053877f,0.9666954024838342f,-0.254689683582714f,1.173987113547447f,-0.10379523355968312f,-0.25591977246434183f,-0.9611095772866329f,0.3971994353471484f,0f,0f,0f,1f],start_interpolation:0}
execute if entity @s[tag=aj.tultaria.bone.left_hand] run data modify entity @s {} merge value {transformation:[-0.20569758926629425f,0.0022514169798301675f,0.9786130148795373f,0.3831148000141804f,-0.24999999999999994f,0.9666954024838342f,-0.054772244947761506f,1.3198983722216933f,-0.9461440174571918f,-0.25591977246434183f,-0.1982840596007772f,0.33862284031202217f,0f,0f,0f,1f],start_interpolation:0}
execute if entity @s[tag=aj.tultaria.bone.left_arm] run data modify entity @s {} merge value {transformation:[-0.20569758926629425f,-0.36783367252123245f,0.9068554962779779f,0.16015947004265788f,-0.24999999999999994f,0.9156751133619656f,0.31470476127563013f,1.6337729683628401f,-0.9461440174571918f,-0.16197986334447273f,-0.2803105815000051f,0.30415950857347035f,0f,0f,0f,1f],start_interpolation:0}
execute if entity @s[tag=aj.tultaria.bone.leftfoot] run data modify entity @s {} merge value {transformation:[-0.46591845830591383f,0.17943180829259633f,0.8664434294186144f,-0.14712238774210698f,0f,0.9792228106217659f,-0.20278729535651238f,0.589978663882609f,-0.884827661304641f,-0.09448234401653224f,-0.456237982262877f,0.21873981176595503f,0f,0f,0f,1f],start_interpolation:0}
execute if entity @s[tag=aj.tultaria.bone.leftleg] run data modify entity @s {} merge value {transformation:[-0.46591845830591383f,0.20926085443739548f,0.8597266338842665f,0.07759541237927825f,0f,0.971631732914674f,-0.2364989970237246f,0.9462729683628401f,-0.884827661304641f,-0.11018924808418866f,-0.45270115904070835f,0.10041149138763826f,0f,0f,0f,1f],start_interpolation:0}
execute if entity @s[tag=aj.tultaria.bone.rightfoot] run data modify entity @s {} merge value {transformation:[-0.4385756515132151f,0.12659696900915757f,0.8897328842621549f,-0.35852870809604453f,0.33753164975600985f,0.9407521667905699f,0.03252300865285612f,0.6515098438599356f,-0.8329008244159356f,0.31457680797627446f,-0.45532147826641445f,-0.0719343680558581f,0f,0f,0f,1f],start_interpolation:0}
execute if entity @s[tag=aj.tultaria.bone.rightleg] run data modify entity @s {} merge value {transformation:[-0.4385756515132151f,0.48390023821081857f,0.757292517696611f,-0.03888420219720021f,0.33753164975600985f,0.8696609045371215f,-0.3602253413249292f,0.9462729683628401f,-0.8329008244159356f,0.09762412908286827f,-0.5447437435235638f,-0.12079542393852198f,0f,0f,0f,1f],start_interpolation:0}
execute if entity @s[tag=aj.tultaria.bone.skirt_right_back] run data modify entity @s {} merge value {transformation:[-0.07715215139750572f,0.39616132514576524f,0.9149337407667768f,0.07210292925738238f,0.7167423534257112f,0.6599364489933364f,-0.22530930317196934f,0.9304948378571339f,-0.6930569560580928f,0.6383886651161791f,-0.3348611173466903f,-0.2215166455635784f,0f,0f,0f,1f],start_interpolation:0}
execute if entity @s[tag=aj.tultaria.bone.skirt_right] run data modify entity @s {} merge value {transformation:[-0.07715215139750572f,0.3982893980296013f,0.9140093549586646f,-0.2122662939327642f,0.7167423534257112f,0.6594103439938287f,-0.22684443356563444f,0.9754798868424078f,-0.6930569560580928f,0.6376076800440524f,-0.3363458071811394f,-0.18842789717345163f,0f,0f,0f,1f],start_interpolation:0}
execute if entity @s[tag=aj.tultaria.bone.skirt_left_back] run data modify entity @s {} merge value {transformation:[-0.5384370212797835f,0.11890210887721764f,0.8342348965488704f,0.23143695165001568f,-0.31716706793247806f,0.8885981678897513f,-0.3313583363099412f,0.9268698798537212f,-0.7806988056443206f,-0.44300743168430884f,-0.44074231738965536f,0.050666164271970654f,0f,0f,0f,1f],start_interpolation:0}
execute if entity @s[tag=aj.tultaria.bone.skirt_left] run data modify entity @s {} merge value {transformation:[-0.5384370212797835f,0.1221122623186876f,0.8337710534114062f,0.006132983398132924f,-0.31716706793247806f,0.8873161616955844f,-0.3347761643440738f,0.9754798868424078f,-0.7806988056443206f,-0.44470060106236364f,-0.4390338828385615f,0.22633506906309883f,0f,0f,0f,1f],start_interpolation:0}
execute if entity @s[tag=aj.tultaria.bone.skirt_back_middle] run data modify entity @s {} merge value {transformation:[-0.46591845830591383f,0.18485605336195643f,0.8653023920834161f,0.11239441514830835f,0f,0.9779332517787298f,-0.20891757959894014f,0.9611412059602493f,-0.884827661304641f,-0.09733855659974122f,-0.4556371529948348f,-0.05918286115838907f,0f,0f,0f,1f],start_interpolation:0}
execute if entity @s[tag=aj.tultaria.bone.skirt_front_middle] run data modify entity @s {} merge value {transformation:[-0.46591845830591383f,0.3677599424714789f,0.8047810975185831f,-0.1481590390427561f,0f,0.9095342886681088f,-0.415628894251828f,1.0657587573177725f,-0.884827661304641f,-0.19364917363720335f,-0.4237688135526113f,0.07801522722866139f,0f,0f,0f,1f],start_interpolation:0}
execute if entity @s[tag=aj.tultaria.bone.lower] run data modify entity @s {} merge value {transformation:[-0.46591845830591383f,0f,0.884827661304641f,0f,0f,1f,0f,1.0400229683628401f,-0.884827661304641f,0f,-0.46591845830591383f,0f,0f,0f,0f,1f],start_interpolation:0}