execute if entity @s[tag=aj.tultaria.bone.head] run data modify entity @s {} merge value {transformation:[-0.9892802990847687f,0.023095675776172962f,-0.14419112179046475f,0f,0f,0.9874138067509114f,0.1581580672544835f,1.681556178625544f,0.1460290719095028f,0.15646266007618442f,-0.9768290260629716f,0f,0f,0f,0f,1f],start_interpolation:0}
execute if entity @s[tag=aj.tultaria.bone.bust] run data modify entity @s {} merge value {transformation:[-0.996280722941431f,0.04308341065682834f,0.07462265622098112f,-0.006193240281919088f,0f,0.8660254037844387f,-0.49999999999999994f,1.572181178625544f,-0.08616682131365669f,-0.49814036147071544f,-0.8628044153680053f,0.07160767696141535f,0f,0f,0f,1f],start_interpolation:0}
execute if entity @s[tag=aj.tultaria.bone.left_wing] run data modify entity @s {} merge value {transformation:[-0.9534179834974356f,0f,-0.3016523640611551f,0.0730383978480465f,0f,1f,0f,1.462806178625544f,0.3016523640611551f,0f,-0.9534179834974356f,-0.11914966403557536f,0f,0f,0f,1f],start_interpolation:0}
execute if entity @s[tag=aj.tultaria.bone.right_wing] run data modify entity @s {} merge value {transformation:[-0.8874687536248366f,0f,0.4608678892476445f,-0.05149669251963246f,0f,1f,0f,1.462806178625544f,-0.4608678892476445f,0f,-0.8874687536248366f,-0.12992051669978244f,0f,0f,0f,1f],start_interpolation:0}
execute if entity @s[tag=aj.tultaria.bone.body] run data modify entity @s {} merge value {transformation:[-0.996280722941431f,0f,0.08616682131365669f,0.45505695081388714f,0f,1f,0f,0.40030617862554396f,-0.08616682131365669f,0f,-0.996280722941431f,0.5412237721275438f,0f,0f,0f,1f],start_interpolation:0}
execute if entity @s[tag=aj.tultaria.locator_origin.locator_right_hand] at @s on origin run tp @s ^-0.80135 ^0.98351 ^-0.18565 ~-4.87454 ~10.53126
execute if entity @s[tag=aj.tultaria.bone.right_ring] run data modify entity @s {} merge value {transformation:[0.4364901379648012f,0.5721150800022109f,0.6943779192151295f,-0.6149422813751354f,-0.19571843053957283f,0.8136772135143578f,-0.5473789255667747f,1.195113268626735f,-0.8781632282250238f,0.10302294618954672f,0.46713554473175184f,-0.16207023528640652f,0f,0f,0f,1f],start_interpolation:0}
execute if entity @s[tag=aj.tultaria.locator_origin.locator_sword] at @s on origin run tp @s ^-0.76689 ^1.03722 ^-0.19451 ~-4.87454 ~10.53126
execute if entity @s[tag=aj.tultaria.bone.sword] run data modify entity @s {} merge value {transformation:[-0.000008159074297130915f,0.000005721150800022109f,-8.354281161800183e-7f,-0.7668949187356844f,0.000005518367773387279f,0.00000813677213514358f,0.0000018277188893240023f,1.0372220882268732f,0.0000017254343602520596f,0.0000010302294618954673f,-0.000009795994259099184f,-0.19452076341942465f,0f,0f,0f,1f],start_interpolation:0}
execute if entity @s[tag=aj.tultaria.bone.right_hand] run data modify entity @s {} merge value {transformation:[-0.8159074297130914f,0.5721150800022109f,-0.08354281161800182f,-0.5333814387139776f,0.5518367773387278f,0.8136772135143578f,0.1827718889324002f,1.3393851978257658f,0.17254343602520594f,0.10302294618954672f,-0.9795994259099183f,-0.2378103461233447f,0f,0f,0f,1f],start_interpolation:0}
execute if entity @s[tag=aj.tultaria.bone.right_arm] run data modify entity @s {} merge value {transformation:[-0.8159074297130914f,0.57409392897463f,0.06863837740979592f,-0.3424714985111169f,0.5518367773387278f,0.7377954683989317f,0.3887595889317824f,1.556556178625544f,0.17254343602520594f,0.35506901797322965f,-0.9187789479304269f,-0.029619844826569486f,0f,0f,0f,1f],start_interpolation:0}
execute if entity @s[tag=aj.tultaria.locator_origin.locator_left_hand] at @s on origin run tp @s ^0.58004 ^0.86395 ^0.0198 ~21.25874 ~-3.13979
execute if entity @s[tag=aj.tultaria.bone.left_ring] run data modify entity @s {} merge value {transformation:[0.8438415668760723f,-0.21411161531516248f,0.49202400977926586f,0.4914740515400363f,0.11075425081339688f,0.9666954024838342f,0.2307238495331177f,1.1280203238101507f,-0.5250380042805457f,-0.14020062412039916f,0.8394515346685312f,-0.03020184068657325f,0f,0f,0f,1f],start_interpolation:0}
execute if entity @s[tag=aj.tultaria.bone.left_hand] run data modify entity @s {} merge value {transformation:[-0.907240954742798f,-0.21411161531516248f,0.3620360012823424f,0.49195998676726177f,-0.24999999999999994f,0.9666954024838342f,-0.054772244947761506f,1.273931582484397f,-0.33825116413306905f,-0.14020062412039916f,-0.9305535637236978f,-0.13934758480448228f,0f,0f,0f,1f],start_interpolation:0}
execute if entity @s[tag=aj.tultaria.bone.left_arm] run data modify entity @s {} merge value {transformation:[-0.907240954742798f,-0.3350759924052094f,0.25423990511137395f,0.3424714985111169f,-0.24999999999999994f,0.9156751133619656f,0.31470476127563013f,1.587806178625544f,-0.33825116413306905f,0.22195307180396348f,-0.9145069621820319f,0.029619844826569486f,0f,0f,0f,1f],start_interpolation:0}
execute if entity @s[tag=aj.tultaria.bone.leftfoot] run data modify entity @s {} merge value {transformation:[-0.996280722941431f,-0.012965871410914211f,0.0851857222417893f,0.10910488159878332f,0f,0.9886139577054134f,0.1504740596582647f,0.5116354371839905f,-0.08616682131365669f,0.14991440494026798f,-0.9849370284927386f,0.1891784962681615f,0f,0f,0f,1f],start_interpolation:0}
execute if entity @s[tag=aj.tultaria.bone.leftleg] run data modify entity @s {} merge value {transformation:[-0.996280722941431f,0.008315966162494417f,0.08576459527149818f,0.12641998958391512f,0f,0.9953320078885775f,-0.09651007238880713f,0.900306178625544f,-0.08616682131365669f,-0.0961511246906506f,-0.991630092385978f,-0.011022788150136714f,0f,0f,0f,1f],start_interpolation:0}
execute if entity @s[tag=aj.tultaria.bone.rightfoot] run data modify entity @s {} merge value {transformation:[-0.996280722941431f,-0.021126627045498253f,0.0835367387739075f,-0.14898238989071658f,0f,0.9694768531593455f,0.24518285255754085f,0.5871661763021607f,-0.08616682131365669f,0.24427094959886914f,-0.9658711001405763f,0.2718944803659837f,0f,0f,0f,1f],start_interpolation:0}
execute if entity @s[tag=aj.tultaria.bone.rightleg] run data modify entity @s {} merge value {transformation:[-0.996280722941431f,0.03297461493629951f,0.07960776259324472f,-0.12265019115144263f,0f,0.9238795325112867f,-0.3826834323650897f,0.900306178625544f,-0.08616682131365669f,-0.3812601266543998f,-0.9204433685611361f,-0.032564493478550886f,0f,0f,0f,1f],start_interpolation:0}
execute if entity @s[tag=aj.tultaria.bone.skirt_right_back] run data modify entity @s {} merge value {transformation:[-0.9687630631859031f,0.23365451728149006f,0.08308847068408522f,-0.21442444071785038f,0.22436554370072498f,0.9685384634758571f,-0.10767240857203722f,0.9083012381790956f,-0.10563252437835743f,-0.08566686244855429f,-0.9907083114982312f,-0.21080785722501483f,0f,0f,0f,1f],start_interpolation:0}
execute if entity @s[tag=aj.tultaria.bone.skirt_right] run data modify entity @s {} merge value {transformation:[-0.9687630631859031f,0.2436808882790045f,0.04601904056172342f,-0.27287119711783236f,0.22436554370072498f,0.9403028875621554f,-0.2559112784582783f,0.9285187780134994f,-0.10563252437835743f,-0.23759230696684552f,-0.965604300665458f,0.07231685513574941f,0f,0f,0f,1f],start_interpolation:0}
execute if entity @s[tag=aj.tultaria.bone.skirt_left_back] run data modify entity @s {} merge value {transformation:[-0.9942644760043804f,-0.07418079764090595f,0.07704129423298825f,0.183192349431084f,-0.07212416917143694f,0.9969696925444962f,0.02914680718471052f,0.9611543765400201f,-0.07896996883033988f,0.023423095634260413f,-0.9966017773483266f,-0.17504154386794124f,0f,0f,0f,1f],start_interpolation:0}
execute if entity @s[tag=aj.tultaria.bone.skirt_left] run data modify entity @s {} merge value {transformation:[-0.9942644760043804f,-0.06389557659314082f,0.08576425273716888f,0.19413539176096345f,-0.07212416917143694f,0.9927114368158899f,-0.09655106129018672f,0.9285187780134994f,-0.07896996883033988f,-0.10218296583463175f,-0.9916261319248165f,0.11270755262652599f,0f,0f,0f,1f],start_interpolation:0}
execute if entity @s[tag=aj.tultaria.bone.skirt_back_middle] run data modify entity @s {} merge value {transformation:[-0.996280722941431f,0.0008129926955400676f,0.08616298589404059f,0.011046768827605677f,0f,0.9999554884402415f,-0.009435101389903708f,0.9696062353964194f,-0.08616682131365669f,-0.009400009633758963f,-0.9962363769324957f,-0.12772529688279852f,0f,0f,0f,1f],start_interpolation:0}
execute if entity @s[tag=aj.tultaria.bone.skirt_front_middle] run data modify entity @s {} merge value {transformation:[-0.996280722941431f,0.015762686992551726f,0.08471280183109564f,-0.015754560152759597f,0f,0.9831255295205998f,-0.18293220931492665f,0.9997784420496028f,-0.08616682131365669f,-0.18225183374554826f,-0.9794690132929603f,0.18215786934370667f,0f,0f,0f,1f],start_interpolation:0}
execute if entity @s[tag=aj.tultaria.bone.lower] run data modify entity @s {} merge value {transformation:[-0.996280722941431f,0f,0.08616682131365669f,0f,0f,1f,0f,0.994056178625544f,-0.08616682131365669f,0f,-0.996280722941431f,0f,0f,0f,0f,1f],start_interpolation:0}