execute if entity @s[tag=aj.labyria.bone.wing_right_1] run data modify entity @s {} merge value {transformation:[-0.5366696447228637f,-0.14453277140781284f,0.5983647841130497f,0.30425557920044727f,-0.3197050570664593f,0.7438199802537989f,-0.10707454368716435f,1.342567386308978f,-0.5260406955394341f,-0.3046088629847454f,-0.5453797499650802f,-0.13470755038718107f,0f,0f,0f,1f],start_interpolation:0}
execute if entity @s[tag=aj.labyria.bone.wing_right_2] run data modify entity @s {} merge value {transformation:[-0.5398808792141765f,0.07037751419548213f,0.586153257906661f,0.30425557920044727f,-0.010502571975965047f,0.7930245396363468f,-0.10488934891803856f,1.342567386308978f,-0.5902697114377609f,-0.07847983836773036f,-0.5342495509862011f,-0.13470755038718107f,0f,0f,0f,1f],start_interpolation:0}
execute if entity @s[tag=aj.labyria.bone.wing_left_1] run data modify entity @s {} merge value {transformation:[0.4995618821410112f,-0.1379896716709082f,0.6311427896033748f,0.3012253102741282f,0.00708581399673044f,0.7989431874956501f,0.16906808935674056f,1.3170384858274684f,-0.6460125088542623f,-0.09794426022432352f,0.48991754891754574f,-0.230418963799206f,0f,0f,0f,1f],start_interpolation:0}
execute if entity @s[tag=aj.labyria.bone.wing_left_2] run data modify entity @s {} merge value {transformation:[0.5038445968837725f,0.06238846274133746f,0.6182623245094284f,0.3012253102741282f,-0.2930898443096616f,0.7257197213269498f,0.16561772018619483f,1.3170384858274684f,-0.5479406586059911f,-0.3308150023712757f,0.4799192315926979f,-0.230418963799206f,0f,0f,0f,1f],start_interpolation:0}
execute if entity @s[tag=aj.labyria.bone.musket] run data modify entity @s {} merge value {transformation:[-1.6241938013813262f,-0.06446571528522807f,0.022255510154581448f,-0.33603963632372197f,-0.06753698506132827f,1.5941194014126898f,-0.3112534824117988f,1.5389317902761093f,-0.009481130117376531f,-0.3119040657276042f,-1.595394184074671f,0.007043048109009992f,0f,0f,0f,1f],start_interpolation:0}
execute if entity @s[tag=aj.labyria.bone.omega_blade] run data modify entity @s {} merge value {transformation:[-0.00001793838597972612f,-8.54500222970353e-8f,2.456100759444468e-7f,-0.33603963632372197f,-1.3090676754552887e-7f,0.000017607872322573028f,-0.000003434969179414579f,1.5389317902761093f,-2.2469854010825035e-7f,-0.0000034364004625489557f,-0.000017606645904328768f,0.007043048109009992f,0f,0f,0f,1f],start_interpolation:0}
execute if entity @s[tag=aj.labyria.bone.arm_right_2] run data modify entity @s {} merge value {transformation:[0.001890406740615011f,-0.9953603754402021f,-0.09619848941586953f,-0.31116978419910096f,0.5137372331900457f,0.08350002598863389f,-0.8538745814779439f,1.2289092682931624f,0.857945500365024f,-0.04780657552510488f,0.511511534317625f,-0.1697914960449325f,0f,0f,0f,1f],start_interpolation:0}
execute if entity @s[tag=aj.labyria.bone.arm_right_1] run data modify entity @s {} merge value {transformation:[-0.05840551994883381f,-0.9953603754402021f,-0.07646252835897135f,-0.28970240966524524f,-0.12949447564952127f,0.08350002598863389f,-0.9880581594400974f,1.2816217089762096f,0.989858563642181f,-0.04780657552510488f,-0.1337705323335469f,-0.5246858515267566f,0f,0f,0f,1f],start_interpolation:0}
execute if entity @s[tag=aj.labyria.bone.arm_left_2] run data modify entity @s {} merge value {transformation:[0.28814116160662284f,0.9456712998566627f,0.15060034400822697f,-0.08242460988757025f,-0.5550929627015639f,0.29310175179249115f,-0.7784363595409538f,1.5135088331444544f,-0.7802861486321452f,0.14070236573555953f,0.6093901628096983f,0.4759074229738514f,0f,0f,0f,1f],start_interpolation:0}
execute if entity @s[tag=aj.labyria.bone.arm_left_1] run data modify entity @s {} merge value {transformation:[0.19749812292755983f,0.9456712998566627f,0.2582639813591913f,-0.006511268887289438f,-0.17410365348071605f,0.29310175179249115f,-0.9400953573658577f,1.446587741337804f,-0.9647188239506665f,0.14070236573555953f,0.22253187410269926f,0.10509362501781394f,0f,0f,0f,1f],start_interpolation:0}
execute if entity @s[tag=aj.labyria.bone.himo_right_2] run data modify entity @s {} merge value {transformation:[-0.030576688586819778f,0.20010135014860905f,0.9792979708871902f,-0.2397025456527368f,-0.2575973482773435f,0.9450825665285337f,-0.20115304771322876f,1.1437888501057354f,-0.9657684361561758f,-0.2584151545721405f,0.022648081859422436f,-0.2775623799530481f,0f,0f,0f,1f],start_interpolation:0}
execute if entity @s[tag=aj.labyria.bone.himo_right_1] run data modify entity @s {} merge value {transformation:[-0.030576688586819778f,0.07056542017007214f,0.9970384082828934f,-0.2202400393190802f,-0.2575973482773435f,0.9632529955301532f,-0.07607412676243848f,1.3239233234753738f,-0.9657684361561758f,-0.25916054498786606f,-0.011275621758759763f,-0.32622545477426523f,0f,0f,0f,1f],start_interpolation:0}
execute if entity @s[tag=aj.labyria.bone.himo_left_2] run data modify entity @s {} merge value {transformation:[-0.030576688586819778f,0.20010135014860905f,0.9792979708871902f,-0.23014733046935562f,-0.2575973482773435f,0.9450825665285337f,-0.20115304771322876f,1.2242880214424052f,-0.9657684361561758f,-0.2584151545721405f,0.022648081859422436f,0.024240256345756855f,0f,0f,0f,1f],start_interpolation:0}
execute if entity @s[tag=aj.labyria.bone.himo_left_1] run data modify entity @s {} merge value {transformation:[-0.030576688586819778f,0.07056542017007214f,0.9970384082828934f,-0.21068482413569903f,-0.2575973482773435f,0.9632529955301532f,-0.07607412676243848f,1.4044224948120436f,-0.9657684361561758f,-0.25916054498786606f,-0.011275621758759763f,-0.02442281847546028f,0f,0f,0f,1f],start_interpolation:0}
execute if entity @s[tag=aj.labyria.bone.ribbon_left_himo_1] run data modify entity @s {} merge value {transformation:[-0.8360269072438273f,-0.2561876650096957f,0.4852080900615743f,0.13295621512234745f,-0.3912381664625267f,0.8983400108934403f,-0.19979469945675177f,1.8924507420492522f,-0.3846969033763607f,-0.35686566817901294f,-0.8512668132893385f,-0.14209298270277976f,0f,0f,0f,1f],start_interpolation:0}
execute if entity @s[tag=aj.labyria.bone.ribbon_left_himo_2] run data modify entity @s {} merge value {transformation:[-0.8360269072438273f,-0.2561876650096957f,0.4852080900615743f,0.1973979145836503f,-0.3912381664625267f,0.8983400108934403f,-0.19979469945675177f,1.8659155085276524f,-0.3846969033763607f,-0.35686566817901294f,-0.8512668132893385f,-0.25515185634277004f,0f,0f,0f,1f],start_interpolation:0}
execute if entity @s[tag=aj.labyria.bone.ribbon_left] run data modify entity @s {} merge value {transformation:[-0.8360269072438273f,-0.2561876650096957f,0.4852080900615743f,0.13734214100214204f,-0.3912381664625267f,0.8983400108934403f,-0.19979469945675177f,1.9750229866647118f,-0.3846969033763607f,-0.35686566817901294f,-0.8512668132893385f,-0.23698175178918063f,0f,0f,0f,1f],start_interpolation:0}
execute if entity @s[tag=aj.labyria.bone.ribbon_right_himo_1] run data modify entity @s {} merge value {transformation:[-0.8360269072438273f,-0.2561876650096957f,0.4852080900615743f,-0.3695482078128956f,-0.3912381664625267f,0.8983400108934403f,-0.19979469945675177f,1.65729215161987f,-0.3846969033763607f,-0.35686566817901294f,-0.8512668132893385f,-0.3733198651884336f,0f,0f,0f,1f],start_interpolation:0}
execute if entity @s[tag=aj.labyria.bone.ribbon_right_himo_2] run data modify entity @s {} merge value {transformation:[-0.8360269072438273f,-0.2561876650096957f,0.4852080900615743f,-0.30510650835159275f,-0.3912381664625267f,0.8983400108934403f,-0.19979469945675177f,1.6307569180982702f,-0.3846969033763607f,-0.35686566817901294f,-0.8512668132893385f,-0.48637873882842386f,0f,0f,0f,1f],start_interpolation:0}
execute if entity @s[tag=aj.labyria.bone.ribbon_right] run data modify entity @s {} merge value {transformation:[-0.8360269072438273f,-0.2561876650096957f,0.4852080900615743f,-0.3642740033441544f,-0.3912381664625267f,0.8983400108934403f,-0.19979469945675177f,1.740280086787196f,-0.3846969033763607f,-0.35686566817901294f,-0.8512668132893385f,-0.46779989381499704f,0f,0f,0f,1f],start_interpolation:0}
execute if entity @s[tag=aj.labyria.bone.crown] run data modify entity @s {} merge value {transformation:[-0.8716588906973781f,-0.06916565337662484f,0.4852080900615743f,-0.05304931365786827f,-0.1875278946073613f,0.9617252033783437f,-0.19979469945675177f,2.1812555759701544f,-0.45281791816617245f,-0.2651428776713942f,-0.8512668132893385f,-0.3741382524953961f,0f,0f,0f,1f],start_interpolation:0}
execute if entity @s[tag=aj.labyria.bone.ear_edge_a1] run data modify entity @s {} merge value {transformation:[-0.8658106090342386f,-0.12225014774044252f,0.4852080900615743f,-0.02182694138651968f,-0.24589003638250673f,0.948483087923446f,-0.19979469945675177f,2.1850556374138925f,-0.4357867360206942f,-0.2922922053367899f,-0.8512668132893385f,-0.37700076220334605f,0f,0f,0f,1f],start_interpolation:0}
execute if entity @s[tag=aj.labyria.bone.ear_edge_a2] run data modify entity @s {} merge value {transformation:[-0.8360269072438273f,-0.2561876650096957f,0.4852080900615743f,-0.12070641185947843f,-0.39123816646252674f,0.8983400108934404f,-0.19979469945675177f,2.1490437806620966f,-0.3846969033763607f,-0.35686566817901294f,-0.8512668132893385f,-0.4249083515527948f,0f,0f,0f,1f],start_interpolation:0}
execute if entity @s[tag=aj.labyria.bone.ear_edge_b1] run data modify entity @s {} merge value {transformation:[-0.873170740698823f,-0.0463245823107801f,0.4852080900615743f,-0.13827366215858072f,-0.16228860254627936f,0.9663045521741901f,-0.19979469945675177f,2.1364243503762457f,-0.4596033801780016f,-0.2531986285925927f,-0.8512668132893385f,-0.43195957989892303f,0f,0f,0f,1f],start_interpolation:0}
execute if entity @s[tag=aj.labyria.bone.ear_edge_b2] run data modify entity @s {} merge value {transformation:[-0.8161196395885293f,-0.3138818937382154f,0.4852080900615743f,-0.11650125216482993f,-0.452950161335771f,0.868860304890772f,-0.19979469945675177f,2.156796743819326f,-0.35886611044202565f,-0.382831460787154f,-0.8512668132893385f,-0.42433112176740273f,0f,0f,0f,1f],start_interpolation:0}
execute if entity @s[tag=aj.labyria.bone.ear_right_2] run data modify entity @s {} merge value {transformation:[-0.8551737986850486f,-0.18234824754129975f,0.4852080900615743f,-0.07986035805142835f,-0.31145389623174774f,0.9290202089249996f,-0.19979469945675177f,2.2672507929111996f,-0.41433590788712427f,-0.32197914222441f,-0.8512668132893385f,-0.4660802828252068f,0f,0f,0f,1f],start_interpolation:0}
execute if entity @s[tag=aj.labyria.bone.ear_right_1] run data modify entity @s {} merge value {transformation:[-0.8551737986850486f,-0.18234824754129975f,0.4852080900615743f,-0.03883200235463598f,-0.31145389623174774f,0.9290202089249996f,-0.19979469945675177f,2.058221245903075f,-0.41433590788712427f,-0.32197914222441f,-0.8512668132893385f,-0.3936349758247147f,0f,0f,0f,1f],start_interpolation:0}
execute if entity @s[tag=aj.labyria.bone.ear_edge_a3] run data modify entity @s {} merge value {transformation:[-0.7856574483828432f,-0.3838169917282962f,0.4852080900615743f,-0.34827584179099436f,-0.5269527144392077f,0.826076821375674f,-0.19979469945675177f,2.0322863089014724f,-0.32413455623507725f,-0.4126519139014187f,-0.8512668132893385f,-0.5272158808892244f,0f,0f,0f,1f],start_interpolation:0}
execute if entity @s[tag=aj.labyria.bone.ear_edge_a4] run data modify entity @s {} merge value {transformation:[-0.8360269072438273f,-0.2561876650096957f,0.4852080900615743f,-0.2545597736329619f,-0.3912381664625266f,0.8983400108934404f,-0.19979469945675177f,2.086403997921432f,-0.38469690337636064f,-0.35686566817901294f,-0.8512668132893385f,-0.48650083540063455f,0f,0f,0f,1f],start_interpolation:0}
execute if entity @s[tag=aj.labyria.bone.ear_edge_b3] run data modify entity @s {} merge value {transformation:[-0.7492159296020263f,-0.45083101065628867f,0.4852080900615743f,-0.23477922331128848f,-0.5969448392030138f,0.7770063944510845f,-0.19979469945675177f,2.0912623364844953f,-0.28693614233738385f,-0.43933183678485555f,-0.8512668132893385f,-0.47636651251361345f,0f,0f,0f,1f],start_interpolation:0}
execute if entity @s[tag=aj.labyria.bone.ear_edge_b4] run data modify entity @s {} merge value {transformation:[-0.8518611358441645f,-0.19724531572914278f,0.4852080900615743f,-0.26167599041976586f,-0.3276200985694f,0.9234430946638581f,-0.19979469945675177f,2.0888588605772815f,-0.4086534916670437f,-0.32916126190751527f,-0.8512668132893385f,-0.4911331251135216f,0f,0f,0f,1f],start_interpolation:0}
execute if entity @s[tag=aj.labyria.bone.ear_left_2] run data modify entity @s {} merge value {transformation:[-0.8105173462316321f,-0.32807733965702635f,0.4852080900615743f,-0.3216561305884236f,-0.46804487801046196f,0.8608229029464528f,-0.19979469945675177f,2.1540968574503947f,-0.3521301231445618f,-0.38903623091739165f,-0.8512668132893385f,-0.5773423536252178f,0f,0f,0f,1f],start_interpolation:0}
execute if entity @s[tag=aj.labyria.bone.ear_left_1] run data modify entity @s {} merge value {transformation:[-0.8105173462316321f,-0.32807733965702635f,0.4852080900615743f,-0.2478387291655928f,-0.46804487801046196f,0.8608229029464528f,-0.19979469945675177f,1.9604117042874432f,-0.3521301231445618f,-0.38903623091739165f,-0.8512668132893385f,-0.48980920166880487f,0f,0f,0f,1f],start_interpolation:0}
execute if entity @s[tag=aj.labyria.bone.head] run data modify entity @s {} merge value {transformation:[-0.8360269072438273f,-0.2561876650096957f,0.4852080900615743f,-0.0272019402570695f,-0.3912381664625267f,0.8983400108934403f,-0.19979469945675177f,1.5551608038703941f,-0.3846969033763607f,-0.35686566817901294f,-0.8512668132893385f,-0.23222634588972374f,0f,0f,0f,1f],start_interpolation:0}
execute if entity @s[tag=aj.labyria.bone.back_musket] run data modify entity @s {} merge value {transformation:[0.000016249206529643007f,4.779892924989808e-7f,-2.1850761164842473e-8f,0.19433968685559816f,-4.4598656919738354e-7f,0.00001486072504237656f,-0.0000065746187157490515f,1.4902215761330166f,-1.733412807230535e-7f,0.000006572369550903117f,0.000014867399750772117f,-0.32433586008234655f,0f,0f,0f,1f],start_interpolation:0}
execute if entity @s[tag=aj.labyria.bone.body_1] run data modify entity @s {} merge value {transformation:[-0.030576688586819778f,-0.06017790371200535f,0.9977192420816055f,-0.004635226365067494f,-0.2575973482773435f,0.964941898714067f,0.05030644358898975f,1.193307591852619f,-0.9657684361561758f,-0.25547162662597156f,-0.045006396362456624f,-0.1364244859049844f,0f,0f,0f,1f],start_interpolation:0}
execute if entity @s[tag=aj.labyria.bone.belt2] run data modify entity @s {} merge value {transformation:[-0.13134044199592104f,0.49473466333183824f,0.8590618727392392f,-0.3261594011038243f,-0.0935307082132819f,0.8565189743630939f,-0.5075699490485186f,0.5619152169418712f,-0.9869152420129288f,-0.14701312680820897f,-0.06622269723165536f,0.29458144733700004f,0f,0f,0f,1f],start_interpolation:0}
execute if entity @s[tag=aj.labyria.bone.leg_left_2] run data modify entity @s {} merge value {transformation:[-0.4999999999999999f,0.37583215643684276f,0.7802244485967053f,-0.19375044229352756f,-1.3877787807814457e-17f,0.9009255908512701f,-0.4339735933778574f,0.6009561401422387f,-0.8660254037844386f,-0.21698679668892873f,-0.450462795425635f,0.1387494373111836f,0f,0f,0f,1f],start_interpolation:0}
execute if entity @s[tag=aj.labyria.bone.leg_left_1] run data modify entity @s {} merge value {transformation:[-0.4999999999999999f,0.5357949121159038f,0.6803850469776f,0.010521367950660762f,-1.3877787807814457e-17f,0.7856409800502271f,-0.6186826734810978f,0.9004817637863878f,-0.8660254037844386f,-0.3093413367405489f,-0.3928204900251135f,0.020813052678849336f,0f,0f,0f,1f],start_interpolation:0}
execute if entity @s[tag=aj.labyria.bone.belt] run data modify entity @s {} merge value {transformation:[-0.5198612978871098f,0.7944036357999568f,-0.31411318722228043f,-0.3097190603078462f,0.3849434672500531f,-0.110408136070276f,-0.9163124851877741f,1.0786182214593576f,-0.7626026212783673f,-0.597271217218189f,-0.2484035730460934f,-0.16235684646908705f,0f,0f,0f,1f],start_interpolation:0}
execute if entity @s[tag=aj.labyria.bone.leg_right_2] run data modify entity @s {} merge value {transformation:[-0.4999999999999999f,-0.30706593137365823f,0.8097595407215825f,-0.34993417241870267f,-1.3877787807814457e-17f,0.9350297776289466f,0.3545691962750895f,0.8507055062687197f,-0.8660254037844386f,0.17728459813754469f,-0.4675148888144732f,-0.05975297865281956f,0f,0f,0f,1f],start_interpolation:0}
execute if entity @s[tag=aj.labyria.bone.leg_right_1] run data modify entity @s {} merge value {transformation:[-0.4999999999999999f,0.8656293105088644f,-0.026189631306075628f,-0.06844723002266796f,-1.3877787807814457e-17f,-0.030241181369079606f,-0.9995426308814459f,0.914756040353268f,-0.8660254037844386f,-0.49977131544072284f,0.015120590684539803f,-0.22226954061853485f,0f,0f,0f,1f],start_interpolation:0}
execute if entity @s[tag=aj.labyria.bone.skirt_forward_right] run data modify entity @s {} merge value {transformation:[-0.4602118688423464f,0.47661089161536363f,0.7490307695750843f,-0.022316951259987616f,0.07538154513469193f,0.8616150035524937f,-0.5019334700001015f,1.1163806945220636f,-0.884603107856705f,-0.17453264349927328f,-0.4324531164454874f,-0.10456530218255441f,0f,0f,0f,1f],start_interpolation:0}
execute if entity @s[tag=aj.labyria.bone.skirt_forward_left] run data modify entity @s {} merge value {transformation:[-0.5359828292493989f,0.3894551488677055f,0.7490307695750843f,-0.022316951259987616f,-0.07538154513469196f,0.8616150035524937f,-0.5019334700001015f,1.1163806945220636f,-0.8408567234689367f,-0.32549081810961994f,-0.4324531164454874f,-0.10456530218255441f,0f,0f,0f,1f],start_interpolation:0}
execute if entity @s[tag=aj.labyria.bone.skirt_forward] run data modify entity @s {} merge value {transformation:[-0.4999999999999999f,0.4346871360297623f,0.7490307695750843f,-0.022316951259987616f,-1.3877787807814457e-17f,0.8649062328909749f,-0.5019334700001015f,1.1163806945220636f,-0.8660254037844386f,-0.2509667350000507f,-0.4324531164454874f,-0.10456530218255441f,0f,0f,0f,1f],start_interpolation:0}
execute if entity @s[tag=aj.labyria.bone.skirt_back_right] run data modify entity @s {} merge value {transformation:[-0.48223946657430194f,0.2248342974349249f,0.8466963065793287f,-0.022316951259987616f,0.08521048592702526f,0.9739603108896082f,-0.2100963728861071f,1.1163806945220636f,-0.8718854683765597f,-0.029169359073549797f,-0.48884034052543723f,-0.10456530218255441f,0f,0f,0f,1f],start_interpolation:0}
execute if entity @s[tag=aj.labyria.bone.skirt_back_left] run data modify entity @s {} merge value {transformation:[-0.5139552315174434f,0.1376785546872667f,0.8466963065793287f,-0.022316951259987616f,-0.08521048592702529f,0.9739603108896082f,-0.2100963728861071f,1.1163806945220636f,-0.8535743629490821f,-0.18012753368389645f,-0.48884034052543723f,-0.10456530218255441f,0f,0f,0f,1f],start_interpolation:0}
execute if entity @s[tag=aj.labyria.bone.skirt_back] run data modify entity @s {} merge value {transformation:[-0.4999999999999999f,0.18194879616233695f,0.8466963065793287f,-0.022316951259987616f,-1.3877787807814457e-17f,0.9776806810508746f,-0.2100963728861071f,1.1163806945220636f,-0.8660254037844386f,-0.10504818644305355f,-0.48884034052543723f,-0.10456530218255441f,0f,0f,0f,1f],start_interpolation:0}
execute if entity @s[tag=aj.labyria.bone.skirt_right] run data modify entity @s {} merge value {transformation:[-0.4758682008981297f,0.2976581973483617f,0.8276164890366196f,-0.11281567947141968f,0.08329031630826136f,0.9520126717169636f,-0.2945073786844715f,1.1402719246586168f,-0.8755639203297764f,-0.07121425729201092f,-0.4778246027310652f,-0.2760390663993453f,0f,0f,0f,1f],start_interpolation:0}
execute if entity @s[tag=aj.labyria.bone.skirt_left] run data modify entity @s {} merge value {transformation:[-0.5203264971936157f,0.21050245460070355f,0.8276164890366196f,0.08093432052858027f,-0.08329031630826139f,0.9520126717169636f,-0.2945073786844715f,1.1402719246586168f,-0.8498959109958654f,-0.22217243190235758f,-0.4778246027310652f,0.059545777567124675f,0f,0f,0f,1f],start_interpolation:0}
execute if entity @s[tag=aj.labyria.bone.coat_downer] run data modify entity @s {} merge value {transformation:[-0.4999999999999999f,0.28377890037308506f,0.8182111803825726f,-0.05858199705746759f,-1.3877787807814457e-17f,0.9447888904956794f,-0.32767964904147334f,0.9804993231204169f,-0.8660254037844386f,-0.16383982452073667f,-0.47239444524783963f,-0.08362766822920524f,0f,0f,0f,1f],start_interpolation:0}
execute if entity @s[tag=aj.labyria.bone.body_2] run data modify entity @s {} merge value {transformation:[-0.4999999999999999f,0.25505087154271605f,0.8276164890366196f,1.4383476655985667e-17f,-1.3877787807814457e-17f,0.9556492054621305f,-0.2945073786844715f,1.2f,-0.8660254037844386f,-0.14725368934223576f,-0.4778246027310652f,-0.11745000000000003f,0f,0f,0f,1f],start_interpolation:0}
execute if entity @s[tag=aj.labyria.bone.sphere] run data modify entity @s {} merge value {transformation:[-0.9999999999999999f,0f,1.1102230246251565e-16f,0.6617140612523736f,0f,1f,0f,2.275f,-1.1102230246251565e-16f,0f,-0.9999999999999999f,-0.6129123708378676f,0f,0f,0f,1f],start_interpolation:0}