execute if entity @s[tag=aj.labyria.bone.wing_right_1] run data modify entity @s {} merge value {transformation:[-0.4496629337765754f,-0.1136875960000623f,0.6721776706701986f,0.3167644542440065f,-0.2741760266585583f,0.7673960200762234f,-0.05362181665462528f,1.283556165138908f,-0.6241595924421998f,-0.2551919342991532f,-0.46070199074400353f,-0.06794119299850034f,0f,0f,0f,1f],start_interpolation:0}
execute if entity @s[tag=aj.labyria.bone.wing_right_2] run data modify entity @s {} merge value {transformation:[-0.44957460293857543f,0.06567664835275724f,0.6584597590238681f,0.3167644542440065f,0.03954036598625396f,0.7972938114935146f,-0.05252749386575538f,1.283556165138908f,-0.6605446509133923f,0.0030258908262111583f,-0.4512999093002484f,-0.06794119299850034f,0f,0f,0f,1f],start_interpolation:0}
execute if entity @s[tag=aj.labyria.bone.wing_left_1] run data modify entity @s {} merge value {transformation:[0.4280904280950046f,-0.10988378120691468f,0.6867376387278848f,0.31542080424772156f,0.03866998579403072f,0.80892208920047f,0.10532867722838177f,1.2688876006428034f,-0.6943973372764108f,-0.022694771989646978f,0.4292338870035924f,-0.15006790743165171f,0f,0f,0f,1f],start_interpolation:0}
execute if entity @s[tag=aj.labyria.bone.wing_left_2] run data modify entity @s {} merge value {transformation:[0.4286249996419456f,0.061032233117407485f,0.6727225848762954f,0.31542080424772156f,-0.26824621049492375f,0.7465909464506965f,0.10317911238698622f,1.2688876006428034f,-0.6199391746268783f,-0.2808505388966802f,0.42047401175862115f,-0.15006790743165171f,0f,0f,0f,1f],start_interpolation:0}
execute if entity @s[tag=aj.labyria.bone.musket] run data modify entity @s {} merge value {transformation:[-1.6247796254722457f,-0.0449869082815155f,0.026907013184986436f,-0.32686957484581564f,-0.04701438657785931f,1.6196563110119697f,-0.13099512311076303f,1.4624278406835136f,-0.023183113034577884f,-0.1317051741860087f,-1.6201150980679289f,0.09295298197843632f,0f,0f,0f,1f],start_interpolation:0}
execute if entity @s[tag=aj.labyria.bone.omega_blade] run data modify entity @s {} merge value {transformation:[-0.000017937344924357378f,1.2961125124032815e-7f,2.969437009486983e-7f,-0.32686957484581564f,1.0527655407750944e-7f,0.00001788161974758737f,-0.0000014456519716742369f,1.4624278406835136f,-3.064171750126948e-7f,-0.0000014436736818256218f,-0.000017879463984935663f,0.09295298197843632f,0f,0f,0f,1f],start_interpolation:0}
execute if entity @s[tag=aj.labyria.bone.arm_right_2] run data modify entity @s {} merge value {transformation:[0.003273105379738489f,-0.9941040851457904f,-0.10838060102077282f,-0.3045764557581853f,0.41443871801397725f,0.09998365324516759f,-0.9045683048253907f,1.173872564037898f,0.910071335551287f,-0.04195636995976858f,0.4123224796536017f,-0.11738436337140146f,0f,0f,0f,1f],start_interpolation:0}
execute if entity @s[tag=aj.labyria.bone.arm_right_1] run data modify entity @s {} merge value {transformation:[-0.06490695149459236f,-0.9941040851457904f,-0.08685709840956841f,-0.2807076631997564f,-0.23876388835908952f,0.09998365324516759f,-0.9659167017395436f,1.2657153158028178f,0.9689060291190916f,-0.04195636995976858f,-0.24384579093450048f,-0.4640609313927344f,0f,0f,0f,1f],start_interpolation:0}
execute if entity @s[tag=aj.labyria.bone.arm_left_2] run data modify entity @s {} merge value {transformation:[0.28925040464624613f,0.9469674625485992f,0.13995295025918564f,-0.08510085761481834f,-0.45818199144861604f,0.26532716037302534f,-0.848334109110654f,1.3949763966960183f,-0.8404781175760395f,0.18125706287660664f,0.5106294263290969f,0.5579058756285696f,0f,0f,0f,1f],start_interpolation:0}
execute if entity @s[tag=aj.labyria.bone.arm_left_1] run data modify entity @s {} merge value {transformation:[0.20300322157037526f,0.9469674625485992f,0.24908295185804336f,-0.007071494323705337f,-0.056732420162151104f,0.26532716037302534f,-0.9624878858826909f,1.3731698726961914f,-0.9775331833419232f,0.18125706287660664f,0.10758602429103693f,0.18216655828151793f,0f,0f,0f,1f],start_interpolation:0}
execute if entity @s[tag=aj.labyria.bone.himo_right_2] run data modify entity @s {} merge value {transformation:[-0.01610372473001659f,0.21849376991306776f,0.9757054589162628f,-0.23735224252899023f,-0.1758036136515335f,0.960010956918999f,-0.21788082068536932f,1.107015223370484f,-0.984293533188592f,-0.1750412382972741f,0.022952242123040697f,-0.22847128444544496f,0f,0f,0f,1f],start_interpolation:0}
execute if entity @s[tag=aj.labyria.bone.himo_right_1] run data modify entity @s {} merge value {transformation:[-0.01610372473001659f,0.08926940714184495f,0.9958773232674611f,-0.21438999541947268f,-0.1758036136515335f,0.9802370839817371f,-0.09071024536425312f,1.290242737583533f,-0.984293533188592f,-0.17653960500557422f,-0.00009158380652964093f,-0.26157303278278093f,0f,0f,0f,1f],start_interpolation:0}
execute if entity @s[tag=aj.labyria.bone.himo_left_2] run data modify entity @s {} merge value {transformation:[-0.01610372473001659f,0.21849376991306776f,0.9757054589162628f,-0.23231982855086003f,-0.1758036136515335f,0.960010956918999f,-0.21788082068536932f,1.161953852636588f,-0.984293533188592f,-0.1750412382972741f,0.022952242123040697f,0.07912044467599003f,0f,0f,0f,1f],start_interpolation:0}
execute if entity @s[tag=aj.labyria.bone.himo_left_1] run data modify entity @s {} merge value {transformation:[-0.01610372473001659f,0.08926940714184495f,0.9958773232674611f,-0.20935758144134248f,-0.1758036136515335f,0.9802370839817371f,-0.09071024536425312f,1.345181366849637f,-0.984293533188592f,-0.17653960500557422f,-0.00009158380652964093f,0.04601869633865405f,0f,0f,0f,1f],start_interpolation:0}
execute if entity @s[tag=aj.labyria.bone.ribbon_left_himo_1] run data modify entity @s {} merge value {transformation:[-0.8341804687073531f,-0.2701055865721238f,0.48081796735324894f,0.13684652195273028f,-0.34452376094116444f,0.9360201914206963f,-0.07189978720217677f,1.8331734835795384f,-0.4306347916438433f,-0.22563061262889808f,-0.87386755453591f,-0.009621249578652152f,0f,0f,0f,1f],start_interpolation:0}
execute if entity @s[tag=aj.labyria.bone.ribbon_left_himo_2] run data modify entity @s {} merge value {transformation:[-0.8341804687073531f,-0.2701055865721238f,0.48081796735324894f,0.20070515824183366f,-0.34452376094116444f,0.9360201914206963f,-0.07189978720217677f,1.8236242930917492f,-0.4306347916438433f,-0.22563061262889808f,-0.87386755453591f,-0.1256817841654527f,0f,0f,0f,1f],start_interpolation:0}
execute if entity @s[tag=aj.labyria.bone.ribbon_left] run data modify entity @s {} merge value {transformation:[-0.8341804687073531f,-0.2701055865721238f,0.48081796735324894f,0.1394538364869477f,-0.34452376094116444f,0.9360201914206963f,-0.07189978720217677f,1.9282922138912464f,-0.4306347916438433f,-0.22563061262889808f,-0.87386755453591f,-0.09200401161173055f,0f,0f,0f,1f],start_interpolation:0}
execute if entity @s[tag=aj.labyria.bone.ribbon_right_himo_1] run data modify entity @s {} merge value {transformation:[-0.8341804687073531f,-0.2701055865721238f,0.48081796735324894f,-0.3645480760196832f,-0.34452376094116444f,0.9360201914206963f,-0.07189978720217677f,1.6260931705188395f,-0.4306347916438433f,-0.22563061262889808f,-0.87386755453591f,-0.26845967403107973f,0f,0f,0f,1f],start_interpolation:0}
execute if entity @s[tag=aj.labyria.bone.ribbon_right_himo_2] run data modify entity @s {} merge value {transformation:[-0.8341804687073531f,-0.2701055865721238f,0.48081796735324894f,-0.3006894397305798f,-0.34452376094116444f,0.9360201914206963f,-0.07189978720217677f,1.6165439800310506f,-0.4306347916438433f,-0.22563061262889808f,-0.87386755453591f,-0.3845202086178803f,0f,0f,0f,1f],start_interpolation:0}
execute if entity @s[tag=aj.labyria.bone.ribbon_right] run data modify entity @s {} merge value {transformation:[-0.8341804687073531f,-0.2701055865721238f,0.48081796735324894f,-0.3610544447374641f,-0.34452376094116444f,0.9360201914206963f,-0.07189978720217677f,1.7215779573265477f,-0.4306347916438433f,-0.22563061262889808f,-0.87386755453591f,-0.3503848865980365f,0f,0f,0f,1f],start_interpolation:0}
execute if entity @s[tag=aj.labyria.bone.crown] run data modify entity @s {} merge value {transformation:[-0.8728686096966186f,-0.08315330706942675f,0.48081796735324894f,-0.05456002499335324f,-0.13376532329543667f,0.9884013652782704f,-0.07189978720217677f,2.1491670879570193f,-0.469262430298825f,-0.1270758381419088f,-0.87386755453591f,-0.1976714339569725f,0f,0f,0f,1f],start_interpolation:0}
execute if entity @s[tag=aj.labyria.bone.ear_edge_a1] run data modify entity @s {} merge value {transformation:[-0.8661641458342277f,-0.13628556321765345f,0.48081796735324894f,-0.023410837113108526f,-0.1938562838278235f,0.9783916198643301f,-0.07189978720217677f,2.1537475635159584f,-0.46062936694454165f,-0.15548660211638476f,-0.87386755453591f,-0.20016508531795715f,0f,0f,0f,1f],start_interpolation:0}
execute if entity @s[tag=aj.labyria.bone.ear_edge_a2] run data modify entity @s {} merge value {transformation:[-0.8341804687073531f,-0.27010558657212386f,0.48081796735324894f,-0.12221788176388884f,-0.3445237609411645f,0.9360201914206963f,-0.07189978720217677f,2.1234962237246235f,-0.4306347916438432f,-0.22563061262889808f,-0.87386755453591f,-0.25204152499154986f,0f,0f,0f,1f],start_interpolation:0}
execute if entity @s[tag=aj.labyria.bone.ear_edge_b1] run data modify entity @s {} merge value {transformation:[-0.8747461992452408f,-0.060275776032300776f,0.48081796735324894f,-0.1396837680842229f,-0.10784615381368626f,0.9915642327695551f,-0.07189978720217677f,2.111757462425869f,-0.47242808343027265f,-0.1147484340452082f,-0.87386755453591f,-0.260685738270735f,0f,0f,0f,1f],start_interpolation:0}
execute if entity @s[tag=aj.labyria.bone.ear_edge_b2] run data modify entity @s {} merge value {transformation:[-0.8133068337534859f,-0.3276371109019401f,0.48081796735324894f,-0.11810429877474123f,-0.4089779862820244f,0.9097073305942862f,-0.07189978720217677f,2.1311469661326563f,-0.4138465910293092f,-0.25512055233329967f,-0.87386755453591f,-0.25040764139798527f,0f,0f,0f,1f],start_interpolation:0}
execute if entity @s[tag=aj.labyria.bone.ear_right_2] run data modify entity @s {} merge value {transformation:[-0.8545474131959377f,-0.19637413493233175f,0.48081796735324894f,-0.08316501797649775f,-0.26163320900614007f,0.9624855762791622f,-0.07189978720217677f,2.2468448162493564f,-0.4486610998797209f,-0.18723972490939852f,-0.87386755453591f,-0.27646332536377394f,0f,0f,0f,1f],start_interpolation:0}
execute if entity @s[tag=aj.labyria.bone.ear_right_1] run data modify entity @s {} merge value {transformation:[-0.8545474131959377f,-0.19637413493233175f,0.48081796735324894f,-0.03898083761672317f,-0.26163320900614007f,0.9624855762791622f,-0.07189978720217677f,2.0302855615865454f,-0.4486610998797209f,-0.18723972490939852f,-0.87386755453591f,-0.23433438725915937f,0f,0f,0f,1f],start_interpolation:0}
execute if entity @s[tag=aj.labyria.bone.ear_edge_a3] run data modify entity @s {} merge value {transformation:[-0.7816564999546517f,-0.3972747139561411f,0.48081796735324894f,-0.34913874657258637f,-0.48670791965132576f,0.8706008393913711f,-0.07189978720217677f,2.0192191147926506f,-0.39003655857793923f,-0.29021884863341657f,-0.87386755453591f,-0.3683178720165346f,0f,0f,0f,1f],start_interpolation:0}
execute if entity @s[tag=aj.labyria.bone.ear_edge_a4] run data modify entity @s {} merge value {transformation:[-0.8341804687073531f,-0.27010558657212386f,0.48081796735324894f,-0.2557756166822152f,-0.34452376094116444f,0.9360201914206963f,-0.07189978720217677f,2.0683357220550653f,-0.43063479164384333f,-0.2256306126288981f,-0.87386755453591f,-0.3209889644324443f,0f,0f,0f,1f],start_interpolation:0}
execute if entity @s[tag=aj.labyria.bone.ear_edge_b3] run data modify entity @s {} merge value {transformation:[-0.7440572882140639f,-0.4638888165561051f,0.48081796735324894f,-0.2359761882655666f,-0.5607337118698037f,0.8248685501175286f,-0.07189978720217677f,2.071987858610509f,-0.363258112405278f,-0.3231084042565012f,-0.87386755453591f,-0.31039544481173265f,0f,0f,0f,1f],start_interpolation:0}
execute if entity @s[tag=aj.labyria.bone.ear_edge_b4] run data modify entity @s {} merge value {transformation:[-0.8509900602692055f,-0.21125813497544682f,0.48081796735324894f,-0.26295840592448916f,-0.2783910504684065f,0.9577728559629255f,-0.07189978720217677f,2.0713209648594075f,-0.44532498284074645f,-0.19504142326007845f,-0.87386755453591f,-0.3251866857309815f,0f,0f,0f,1f],start_interpolation:0}
execute if entity @s[tag=aj.labyria.bone.ear_left_2] run data modify entity @s {} merge value {transformation:[-0.807464907159967f,-0.3417813716038897f,0.48081796735324894f,-0.3244267634044365f,-0.424792279026292f,0.9024311277210746f,-0.07189978720217677f,2.147201625088496f,-0.40933109261915945f,-0.2623043151468029f,-0.87386755453591f,-0.40101155607815075f,0f,0f,0f,1f],start_interpolation:0}
execute if entity @s[tag=aj.labyria.bone.ear_left_1] run data modify entity @s {} merge value {transformation:[-0.807464907159967f,-0.3417813716038897f,0.48081796735324894f,-0.24752595479356143f,-0.424792279026292f,0.9024311277210746f,-0.07189978720217677f,1.9441546213512546f,-0.40933109261915945f,-0.2623043151468029f,-0.87386755453591f,-0.34199308517012017f,0f,0f,0f,1f],start_interpolation:0}
execute if entity @s[tag=aj.labyria.bone.head] run data modify entity @s {} merge value {transformation:[-0.8341804687073531f,-0.2701055865721238f,0.48081796735324894f,-0.019849844566717845f,-0.34452376094116444f,0.9360201914206963f,-0.07189978720217677f,1.5097566117158612f,-0.4306347916438433f,-0.22563061262889808f,-0.87386755453591f,-0.14521968616308228f,0f,0f,0f,1f],start_interpolation:0}
execute if entity @s[tag=aj.labyria.bone.back_musket] run data modify entity @s {} merge value {transformation:[0.000016241500435095326f,5.678670757025966e-7f,-3.9604881470768024e-7f,0.2024288034488003f,-6.882407795224689e-7f,0.000014252660669132722f,-0.000007788045489239227f,1.4491957815650798f,7.518183757186897e-8f,0.000007797746783359288f,0.00001426377077972053f,-0.23852856535203118f,0f,0f,0f,1f],start_interpolation:0}
execute if entity @s[tag=aj.labyria.bone.body_1] run data modify entity @s {} merge value {transformation:[-0.01610372473001659f,-0.04148237993573037f,0.9990094505081959f,-0.0042939520908189584f,-0.1758036136515335f,0.9836910827644841f,0.03801240740467679f,1.1408724556791796f,-0.984293533188592f,-0.17501733012620346f,-0.02313384271177843f,-0.07958818736575599f,0f,0f,0f,1f],start_interpolation:0}
execute if entity @s[tag=aj.labyria.bone.belt2] run data modify entity @s {} merge value {transformation:[-0.12274681214135835f,0.37415192803162156f,0.9192081129207652f,-0.26031828066490015f,-0.03337184897364398f,0.9241322430112364f,-0.3806125551306754f,0.4435763510255506f,-0.9918767765227766f,-0.07739465212300742f,-0.10094814519120321f,0.3136013920611739f,0f,0f,0f,1f],start_interpolation:0}
execute if entity @s[tag=aj.labyria.bone.leg_left_2] run data modify entity @s {} merge value {transformation:[-0.4999999999999999f,0.24998730696703522f,0.8291600245762992f,-0.13519192161483787f,0f,0.9574315267808062f,-0.28866047794281474f,0.5120779387528495f,-0.8660254037844386f,-0.14433023897140734f,-0.47871576339040295f,0.16197399296732912f,0f,0f,0f,1f],start_interpolation:0}
execute if entity @s[tag=aj.labyria.bone.leg_left_1] run data modify entity @s {} merge value {transformation:[-0.4999999999999999f,0.4235246852347837f,0.7553984650479356f,0.026276864630923415f,0f,0.8722590142817116f,-0.48904418205750777f,0.844626687947752f,-0.8660254037844386f,-0.24452209102875383f,-0.43612950714085563f,0.06874994576261671f,0f,0f,0f,1f],start_interpolation:0}
execute if entity @s[tag=aj.labyria.bone.belt] run data modify entity @s {} merge value {transformation:[-0.5491589925946321f,0.7995147577723245f,-0.24331163752831456f,-0.3065517350905425f,0.37732535024609587f,-0.02257327904956674f,-0.9258056097986291f,1.0041381666424227f,-0.7456875893523437f,-0.6002221248647965f,-0.2892808668209473f,-0.10715216920257514f,0f,0f,0f,1f],start_interpolation:0}
execute if entity @s[tag=aj.labyria.bone.leg_right_2] run data modify entity @s {} merge value {transformation:[-0.4999999999999999f,-0.3775928681294839f,0.7793738678822574f,-0.32898844518657666f,0f,0.8999434248423622f,0.4360066881172808f,0.7694915707303265f,-0.8660254037844386f,0.2180033440586403f,-0.449971712421181f,-0.01481266657532665f,0f,0f,0f,1f],start_interpolation:0}
execute if entity @s[tag=aj.labyria.bone.leg_right_1] run data modify entity @s {} merge value {transformation:[-0.4999999999999999f,0.8645460995229428f,0.05059685563022526f,-0.053522053122218034f,0f,0.058424216436518406f,-0.9982918465728241f,0.8620840021697662f,-0.8660254037844386f,-0.4991459232864119f,-0.02921210821825916f,-0.1738532621863791f,0f,0f,0f,1f],start_interpolation:0}
execute if entity @s[tag=aj.labyria.bone.skirt_forward_right] run data modify entity @s {} merge value {transformation:[-0.46422239654103176f,0.430770350257717f,0.7739085681710371f,-0.017904102801795812f,0.07788521651093787f,0.8902320983319111f,-0.44879918020046217f,1.0621996322603953f,-0.8822876286102765f,-0.14806659460663776f,-0.44681632016170597f,-0.05007972809445117f,0f,0f,0f,1f],start_interpolation:0}
execute if entity @s[tag=aj.labyria.bone.skirt_forward_left] run data modify entity @s {} merge value {transformation:[-0.5319723015507136f,0.34361460751005884f,0.7739085681710371f,-0.017904102801795812f,-0.07788521651093787f,0.8902320983319111f,-0.44879918020046217f,1.0621996322603953f,-0.8431722027153652f,-0.2990247692169844f,-0.44681632016170597f,-0.05007972809445117f,0f,0f,0f,1f],start_interpolation:0}
execute if entity @s[tag=aj.labyria.bone.skirt_forward] run data modify entity @s {} merge value {transformation:[-0.4999999999999999f,0.38867149125123035f,0.7739085681710371f,-0.017904102801795812f,0f,0.8936326403234123f,-0.44879918020046217f,1.0621996322603953f,-0.8660254037844386f,-0.22439959010023103f,-0.44681632016170597f,-0.05007972809445117f,0f,0f,0f,1f],start_interpolation:0}
execute if entity @s[tag=aj.labyria.bone.skirt_back_right] run data modify entity @s {} merge value {transformation:[-0.4867237290153517f,0.17357894319441775f,0.8561368828014008f,-0.017904102801795812f,0.08616057402952784f,0.9848198675934439f,-0.15068571224948313f,1.0621996322603953f,-0.8692964782491026f,0.00042293349461658414f,-0.4942908597485557f,-0.05007972809445117f,0f,0f,0f,1f],start_interpolation:0}
execute if entity @s[tag=aj.labyria.bone.skirt_back_left] run data modify entity @s {} merge value {transformation:[-0.5094709690763937f,0.0864232004467596f,0.8561368828014008f,-0.017904102801795812f,-0.08616057402952784f,0.9848198675934439f,-0.15068571224948313f,1.0621996322603953f,-0.8561633530765391f,-0.15053524111573008f,-0.4942908597485557f,-0.05007972809445117f,0f,0f,0f,1f],start_interpolation:0}
execute if entity @s[tag=aj.labyria.bone.skirt_back] run data modify entity @s {} merge value {transformation:[-0.4999999999999999f,0.13049765479540437f,0.8561368828014008f,-0.017904102801795812f,0f,0.9885817194971117f,-0.15068571224948313f,1.0621996322603953f,-0.8660254037844386f,-0.07534285612474156f,-0.4942908597485557f,-0.05007972809445117f,0f,0f,0f,1f],start_interpolation:0}
execute if entity @s[tag=aj.labyria.bone.skirt_right] run data modify entity @s {} merge value {transformation:[-0.480263687583919f,0.24741755463369858f,0.8415054034570286f,-0.10966364485842554f,0.08468807975374423f,0.9679891810057205f,-0.23627288165064134f,1.0864918008209172f,-0.8730261849085165f,-0.042207808696440335f,-0.48584337121043997f,-0.2208255610983192f,0f,0f,0f,1f],start_interpolation:0}
execute if entity @s[tag=aj.labyria.bone.skirt_left] run data modify entity @s {} merge value {transformation:[-0.5159310105078263f,0.16026181188604038f,0.8415054034570286f,0.0840863551415744f,-0.08468807975374423f,0.9679891810057205f,-0.23627288165064134f,1.0864918008209172f,-0.8524336464171253f,-0.193165983306787f,-0.48584337121043997f,0.1147592828681508f,0f,0f,0f,1f],start_interpolation:0}
execute if entity @s[tag=aj.labyria.bone.coat_downer] run data modify entity @s {} merge value {transformation:[-0.4999999999999999f,0.23386178483733275f,0.8338517047969003f,-0.04699826985471407f,0f,0.9628490124574376f,-0.2700403288580008f,0.9240379235724262f,-0.8660254037844386f,-0.1350201644290004f,-0.48142450622871863f,-0.03328220291460087f,0f,0f,0f,1f],start_interpolation:0}
execute if entity @s[tag=aj.labyria.bone.body_2] run data modify entity @s {} merge value {transformation:[-0.4999999999999999f,0.20461831773480957f,0.8415054034570286f,7.398907744848599e-18f,0f,0.9716867424208803f,-0.23627288165064134f,1.1472222222222221f,-0.8660254037844386f,-0.11813644082532065f,-0.48584337121043997f,-0.060416666666666716f,0f,0f,0f,1f],start_interpolation:0}
execute if entity @s[tag=aj.labyria.bone.sphere] run data modify entity @s {} merge value {transformation:[-0.9999999999999999f,0f,1.1102230246251565e-16f,0.6617140612523736f,0f,1f,0f,2.2222222222222223f,-1.1102230246251565e-16f,0f,-0.9999999999999999f,-0.5558790375045344f,0f,0f,0f,1f],start_interpolation:0}