execute if entity @s[tag=aj.labyria.bone.wing_right_1] run data modify entity @s {} merge value {transformation:[-0.4628123748209483f,-0.12712602180699936f,0.6607481553031872f,0.31389600470013085f,-0.31551191536567313f,0.7493291813979777f,-0.0768274274733009f,1.3025753340458974f,-0.5943074805345484f,-0.29881297985430166f,-0.47376562359009794f,-0.1214140846326301f,0f,0f,0f,1f],start_interpolation:0}
execute if entity @s[tag=aj.labyria.bone.wing_right_2] run data modify entity @s {} merge value {transformation:[-0.4665128844323637f,0.058443916937582406f,0.6472634990725099f,0.31389600470013085f,-0.004642420663912822f,0.796438605581631f,-0.07525952079017231f,1.3025753340458974f,-0.6498801247837753f,-0.04764300695988935f,-0.4640969373943817f,-0.1214140846326301f,0f,0f,0f,1f],start_interpolation:0}
execute if entity @s[tag=aj.labyria.bone.wing_left_1] run data modify entity @s {} merge value {transformation:[0.4281202774300529f,-0.12100886901961877f,0.6848462061778919f,0.31167672594569235f,0.0026792398475821762f,0.8044900225390337f,0.1404744451970845f,1.282563199793858f,-0.695449706428508f,-0.07139398923006281f,0.4221339225586638f,-0.2039207918852899f,0f,0f,0f,1f],start_interpolation:0}
execute if entity @s[tag=aj.labyria.bone.wing_left_2] run data modify entity @s {} merge value {transformation:[0.4328225153767101f,0.050974941935473146f,0.670869752990588f,0.31167672594569235f,-0.2991572652449006f,0.7290878367030456f,0.1376076197848991f,1.282563199793858f,-0.6026355456112505f,-0.32531904596311034f,0.4135189445472625f,-0.2039207918852899f,0f,0f,0f,1f],start_interpolation:0}
execute if entity @s[tag=aj.labyria.bone.musket] run data modify entity @s {} merge value {transformation:[-1.624382442569469f,-0.05875404068275383f,0.024213293879459034f,-0.3335460658096411f,-0.06189971772736974f,1.6030469844442736f,-0.26280302744525086f,1.4953284285042363f,-0.014378659266965283f,-0.2635241336055705f,-1.6040588909981182f,0.030471683479769418f,0f,0f,0f,1f],start_interpolation:0}
execute if entity @s[tag=aj.labyria.bone.omega_blade] run data modify entity @s {} merge value {transformation:[-0.00001793826670021444f,-2.238216999400857e-8f,2.672160245841368e-7f,-0.3335460658096411f,-6.529378075930709e-8f,0.000017704165232106235f,-0.0000029002737336026045f,1.4953284285042363f,-2.600809249490301e-7f,-0.0000029009222750872457f,-0.000017702268934792805f,0.030471683479769418f,0f,0f,0f,1f],start_interpolation:0}
execute if entity @s[tag=aj.labyria.bone.arm_right_2] run data modify entity @s {} merge value {transformation:[0.0019526362670690342f,-0.9949959615877697f,-0.09989606416489835f,-0.30934645754779067f,0.48747580709003274f,0.08817011709276906f,-0.8686733378858635f,1.1907310129731954f,0.8731343108099283f,-0.04700071144010967f,0.48520862359462835f,-0.15564044159348628f,0f,0f,0f,1f],start_interpolation:0}
execute if entity @s[tag=aj.labyria.bone.arm_right_1] run data modify entity @s {} merge value {transformation:[-0.060658613015165945f,-0.9949959615877697f,-0.0793950193091815f,-0.287051049624783f,-0.15925932439393306f,0.08817011709276906f,-0.9832916647899719f,1.2541104055822023f,0.9853715036780103f,-0.04700071144010967f,-0.16381066162939215f,-0.5087345090925876f,0f,0f,0f,1f],start_interpolation:0}
execute if entity @s[tag=aj.labyria.bone.arm_left_2] run data modify entity @s {} merge value {transformation:[0.28867021696767675f,0.946032860922609f,0.14727977420683971f,-0.08341410128000837f,-0.5296576653629591f,0.28593976981091873f,-0.7985619610041153f,1.4584671519975028f,-0.7975790013272002f,0.1525131931836129f,0.5836158518639156f,0.4988258772786004f,0f,0f,0f,1f],start_interpolation:0}
execute if entity @s[tag=aj.labyria.bone.arm_left_1] run data modify entity @s {} merge value {transformation:[0.19938094335850742f,0.946032860922609f,0.2554781115478485f,-0.006777051176582073f,-0.14254599873029858f,0.28593976981091873f,-0.9475859255426181f,1.4036760337355443f,-0.9694987765188017f,0.1525131931836129f,0.1918641400405103f,0.126174785054186f,0f,0f,0f,1f],start_interpolation:0}
execute if entity @s[tag=aj.labyria.bone.himo_right_2] run data modify entity @s {} merge value {transformation:[-0.02613129244445439f,0.20531906776601078f,0.9783461738908568f,-0.23900010341026237f,-0.23563643437394777f,0.9498377693660159f,-0.20562996542654732f,1.1105385069640592f,-0.9714899002824037f,-0.2359073807609399f,0.02356016451127413f,-0.2645089779059611f,0f,0f,0f,1f],start_interpolation:0}
execute if entity @s[tag=aj.labyria.bone.himo_right_1] run data modify entity @s {} merge value {transformation:[-0.02613129244445439f,0.07586273392764259f,0.9967758028544864f,-0.21854599203098887f,-0.23563643437394777f,0.9685518719701671f,-0.07989206530449103f,1.2916426575503124f,-0.9714899002824037f,-0.23696437897732336f,-0.007433488089506991f,-0.30898625826476867f,0f,0f,0f,1f],start_interpolation:0}
execute if entity @s[tag=aj.labyria.bone.himo_left_2] run data modify entity @s {} merge value {transformation:[-0.02613129244445439f,0.20531906776601078f,0.9783461738908568f,-0.2308340745213704f,-0.23563643437394777f,0.9498377693660159f,-0.20562996542654732f,1.1841748927059181f,-0.9714899002824037f,-0.2359073807609399f,0.02356016451127413f,0.03908161593229005f,0f,0f,0f,1f],start_interpolation:0}
execute if entity @s[tag=aj.labyria.bone.himo_left_1] run data modify entity @s {} merge value {transformation:[-0.02613129244445439f,0.07586273392764259f,0.9967758028544864f,-0.2103799631420969f,-0.23563643437394777f,0.9685518719701671f,-0.07989206530449103f,1.3652790432921713f,-0.9714899002824037f,-0.23696437897732336f,-0.007433488089506991f,-0.005395664426517496f,0f,0f,0f,1f],start_interpolation:0}
execute if entity @s[tag=aj.labyria.bone.ribbon_left_himo_1] run data modify entity @s {} merge value {transformation:[-0.8353844573259238f,-0.2596688506555981f,0.48446351406217614f,0.13408943538289686f,-0.37903342736000806f,0.9104462594004179f,-0.1655936885497519f,1.8540414451087621f,-0.3980784714123551f,-0.3219622598115926f,-0.858995828776261f,-0.1060305609819156f,0f,0f,0f,1f],start_interpolation:0}
execute if entity @s[tag=aj.labyria.bone.ribbon_left_himo_2] run data modify entity @s {} merge value {transformation:[-0.8353844573259238f,-0.2596688506555981f,0.48446351406217614f,0.19843224584427965f,-0.37903342736000806f,0.9104462594004179f,-0.1655936885497519f,1.8320485333482481f,-0.3980784714123551f,-0.3219622598115926f,-0.858995828776261f,-0.22011594449126276f,0f,0f,0f,1f],start_interpolation:0}
execute if entity @s[tag=aj.labyria.bone.ribbon_left] run data modify entity @s {} merge value {transformation:[-0.8353844573259238f,-0.2596688506555981f,0.48446351406217614f,0.13805406057369557f,-0.37903342736000806f,0.9104462594004179f,-0.1655936885497519f,1.9401856966307522f,-0.3980784714123551f,-0.3219622598115926f,-0.858995828776261f,-0.1977079306115206f,0f,0f,0f,1f],start_interpolation:0}
execute if entity @s[tag=aj.labyria.bone.ribbon_right_himo_1] run data modify entity @s {} merge value {transformation:[-0.8353844573259238f,-0.2596688506555981f,0.48446351406217614f,-0.36802883499856626f,-0.37903342736000806f,0.9104462594004179f,-0.1655936885497519f,1.6262186656761872f,-0.3980784714123551f,-0.3219622598115926f,-0.858995828776261f,-0.3453006022052043f,0f,0f,0f,1f],start_interpolation:0}
execute if entity @s[tag=aj.labyria.bone.ribbon_right_himo_2] run data modify entity @s {} merge value {transformation:[-0.8353844573259238f,-0.2596688506555981f,0.48446351406217614f,-0.30368602453718346f,-0.37903342736000806f,0.9104462594004179f,-0.1655936885497519f,1.6042257539156732f,-0.3980784714123551f,-0.3219622598115926f,-0.858995828776261f,-0.45938598571455147f,0f,0f,0f,1f],start_interpolation:0}
execute if entity @s[tag=aj.labyria.bone.ribbon_right] run data modify entity @s {} merge value {transformation:[-0.8353844573259238f,-0.2596688506555981f,0.48446351406217614f,-0.3631766138218587f,-0.37903342736000806f,0.9104462594004179f,-0.1655936885497519f,1.7127656402147473f,-0.3980784714123551f,-0.3219622598115926f,-0.858995828776261f,-0.43655501345893366f,0f,0f,0f,1f],start_interpolation:0}
execute if entity @s[tag=aj.labyria.bone.crown] run data modify entity @s {} merge value {transformation:[-0.8717851358850004f,-0.07270337263496818f,0.48446351406217614f,-0.053225682197512905f,-0.17299218480054285f,0.9709028964373432f,-0.1655936885497519f,2.1508706015065786f,-0.4583278093765491f,-0.22817051802780822f,-0.858995828776261f,-0.3266134132257228f,0f,0f,0f,1f],start_interpolation:0}
execute if entity @s[tag=aj.labyria.bone.ear_edge_a1] run data modify entity @s {} merge value {transformation:[-0.8657206461551313f,-0.12578897552356982f,0.48446351406217614f,-0.022020450969954402f,-0.23194172336211036f,0.9585310465896771f,-0.1655936885497519f,2.154879735901946f,-0.44354345873268824f,-0.2557251774081478f,-0.858995828776261f,-0.32937590204732203f,0f,0f,0f,1f],start_interpolation:0}
execute if entity @s[tag=aj.labyria.bone.ear_edge_a2] run data modify entity @s {} merge value {transformation:[-0.8353844573259238f,-0.2596688506555981f,0.48446351406217614f,-0.12086100208162699f,-0.3790334273600081f,0.910446259400418f,-0.1655936885497519f,2.12039568146966f,-0.3980784714123551f,-0.3219622598115926f,-0.858995828776261f,-0.3784731124655526f,0f,0f,0f,1f],start_interpolation:0}
execute if entity @s[tag=aj.labyria.bone.ear_edge_b1] run data modify entity @s {} merge value {transformation:[-0.8733895493195257f,-0.04985778456733958f,0.48446351406217614f,-0.1383988646840532f,-0.14751762976738325f,0.975098599742765f,-0.1655936885497519f,2.107996566944161f,-0.4641435597390628f,-0.2160947063158552f,-0.858995828776261f,-0.3859740097000152f,0f,0f,0f,1f],start_interpolation:0}
execute if entity @s[tag=aj.labyria.bone.ear_edge_b2] run data modify entity @s {} merge value {transformation:[-0.8152359194112294f,-0.317309784350018f,0.48446351406217614f,-0.11667997071050779f,-0.4416196415704149f,0.8817884227476034f,-0.1655936885497519f,2.128134788639445f,-0.37464982034020206f,-0.3489465263676356f,-0.858995828776261f,-0.37760697339571564f,0f,0f,0f,1f],start_interpolation:0}
execute if entity @s[tag=aj.labyria.bone.ear_right_2] run data modify entity @s {} merge value {transformation:[-0.8548371988036547f,-0.18587217942459383f,0.48446351406217614f,-0.0804640787035777f,-0.2982404707657123f,0.9400166763999105f,-0.1655936885497519f,2.24022033265622f,-0.4246245225360485f,-0.2860422713621494f,-0.858995828776261f,-0.41516871616486906f,0f,0f,0f,1f],start_interpolation:0}
execute if entity @s[tag=aj.labyria.bone.ear_right_1] run data modify entity @s {} merge value {transformation:[-0.8548371988036547f,-0.18587217942459383f,0.48446351406217614f,-0.03864283833304416f,-0.2982404707657123f,0.9400166763999105f,-0.1655936885497519f,2.02871658046624f,-0.4246245225360485f,-0.2860422713621494f,-0.858995828776261f,-0.35080920510838554f,0f,0f,0f,1f],start_interpolation:0}
execute if entity @s[tag=aj.labyria.bone.ear_edge_a3] run data modify entity @s {} merge value {transformation:[-0.7844783306752912f,-0.38715481689297876f,0.48446351406217614f,-0.3482184897485085f,-0.5167920704364776f,0.839943263706821f,-0.1655936885497519f,2.0068760717780987f,-0.3428114709791476f,-0.3802715628469971f,-0.858995828776261f,-0.484816209220781f,0f,0f,0f,1f],start_interpolation:0}
execute if entity @s[tag=aj.labyria.bone.ear_edge_a4] run data modify entity @s {} merge value {transformation:[-0.8353844573259238f,-0.2596688506555981f,0.48446351406217614f,-0.25461150343215355f,-0.37903342736000806f,0.9104462594004179f,-0.1655936885497519f,2.0597099570784168f,-0.39807847141235503f,-0.3219622598115926f,-0.858995828776261f,-0.4422080726522502f,0f,0f,0f,1f],start_interpolation:0}
execute if entity @s[tag=aj.labyria.bone.ear_edge_b3] run data modify entity @s {} merge value {transformation:[-0.7477503881619472f,-0.454053367508914f,0.48446351406217614f,-0.23483026555638895f,-0.588031399598935f,0.7917056292576207f,-0.1655936885497519f,2.064243389521196f,-0.3083641193287164f,-0.40870250311884543f,-0.858995828776261f,-0.43192562433537673f,0f,0f,0f,1f],start_interpolation:0}
execute if entity @s[tag=aj.labyria.bone.ear_edge_b4] run data modify entity @s {} merge value {transformation:[-0.8514630861370782f,-0.20076283642260564f,0.48446351406217614f,-0.2617431485624646f,-0.3146006003918102f,0.9346684933951718f,-0.1655936885497519f,2.06231623886541f,-0.4195677241864952f,-0.2934094254892807f,-0.858995828776261f,-0.44673266467607886f,0f,0f,0f,1f],start_interpolation:0}
execute if entity @s[tag=aj.labyria.bone.ear_left_2] run data modify entity @s {} merge value {transformation:[-0.8095739357090159f,-0.3314892851407743f,0.48446351406217614f,-0.32207404182119925f,-0.45694171070545325f,0.8739467966244063f,-0.1655936885497519f,2.1305962528667295f,-0.36850280275486075f,-0.35543192105774185f,-0.858995828776261f,-0.5303010051994661f,0f,0f,0f,1f],start_interpolation:0}
execute if entity @s[tag=aj.labyria.bone.ear_left_1] run data modify entity @s {} merge value {transformation:[-0.8095739357090159f,-0.3314892851407743f,0.48446351406217614f,-0.24748895266452514f,-0.45694171070545325f,0.8739467966244063f,-0.1655936885497519f,1.9339582236262383f,-0.36850280275486075f,-0.35543192105774185f,-0.858995828776261f,-0.4503288229614743f,0f,0f,0f,1f],start_interpolation:0}
execute if entity @s[tag=aj.labyria.bone.head] run data modify entity @s {} merge value {transformation:[-0.8353844573259238f,-0.2596688506555981f,0.48446351406217614f,-0.02512509435223359f,-0.37903342736000806f,0.9104462594004179f,-0.1655936885497519f,1.5199084968707046f,-0.3980784714123551f,-0.3219622598115926f,-0.858995828776261f,-0.2087197362322305f,0f,0f,0f,1f],start_interpolation:0}
execute if entity @s[tag=aj.labyria.bone.back_musket] run data modify entity @s {} merge value {transformation:[0.000016248025162353976f,4.99866410223825e-7f,-1.3219666388398404e-7f,0.19667455833759606f,-5.086525991694191e-7f,0.000014706725754492395f,-0.000006907905194630876f,1.4561531513495987f,-9.281658995193349e-8f,0.000006908546534299381f,0.00001471492554947356f,-0.3010351110720243f,0f,0f,0f,1f],start_interpolation:0}
execute if entity @s[tag=aj.labyria.bone.body_1] run data modify entity @s {} merge value {transformation:[-0.02613129244445439f,-0.054891632321351067f,0.998150321472813f,-0.004540732231726943f,-0.23563643437394777f,0.9706937835115979f,0.0472128102051903f,1.1558983280538553f,-0.9714899002824037f,-0.233966850970467f,-0.038299951648124386f,-0.1209821671183054f,0f,0f,0f,1f],start_interpolation:0}
execute if entity @s[tag=aj.labyria.bone.belt2] run data modify entity @s {} merge value {transformation:[-0.12620996753537395f,0.43813011423428283f,0.8900073297989035f,-0.2989637495550676f,-0.06491478917714912f,0.8916109511032663f,-0.44812496250355804f,0.492420921356127f,-0.9898773228237963f,-0.11433247514937792f,-0.08408906519524834f,0.29437690559453805f,0f,0f,0f,1f],start_interpolation:0}
execute if entity @s[tag=aj.labyria.bone.leg_left_2] run data modify entity @s {} merge value {transformation:[-0.49999999999999983f,0.31652023065893853f,0.8061109995426265f,-0.16954521879842618f,0f,0.9308168051653073f,-0.3654860807498014f,0.5457340024521165f,-0.8660254037844387f,-0.18274304037490058f,-0.4654084025826535f,0.14027142001049175f,0f,0f,0f,1f],start_interpolation:0}
execute if entity @s[tag=aj.labyria.bone.leg_left_1] run data modify entity @s {} merge value {transformation:[-0.49999999999999983f,0.48349179089726635f,0.7184954336215048f,0.014786026481156582f,0f,0.8296470640257853f,-0.558288231251022f,0.862036945611947f,-0.8660254037844387f,-0.2791441156255109f,-0.41482353201289246f,0.03384772592826574f,0f,0f,0f,1f],start_interpolation:0}
execute if entity @s[tag=aj.labyria.bone.belt] run data modify entity @s {} merge value {transformation:[-0.5327492095263259f,0.797469793039217f,-0.2832317230450427f,-0.31101299652474806f,0.38198031718813613f,-0.07205035522326582f,-0.9213575764018291f,1.0316525056444323f,-0.7551617820241738f,-0.5990414639256535f,-0.26623299470179146f,-0.1461129170459446f,0f,0f,0f,1f],start_interpolation:0}
execute if entity @s[tag=aj.labyria.bone.leg_right_2] run data modify entity @s {} merge value {transformation:[-0.49999999999999983f,-0.3382487105161566f,0.7972376119038525f,-0.34351483991093623f,0f,0.9205706996815671f,0.3905759681390936f,0.8005700471941034f,-0.8660254037844387f,0.19528798406954676f,-0.46028534984078345f,-0.04796230700419632f,0f,0f,0f,1f],start_interpolation:0}
execute if entity @s[tag=aj.labyria.bone.leg_right_1] run data modify entity @s {} merge value {transformation:[-0.49999999999999983f,0.8659936897195343f,0.0074114348102987115f,-0.0643916818931242f,0f,0.008557987765614616f,-0.9999633797521806f,0.8771817485198501f,-0.8660254037844387f,-0.49998168987609015f,-0.004278993882807308f,-0.20911413742283844f,0f,0f,0f,1f],start_interpolation:0}
execute if entity @s[tag=aj.labyria.bone.skirt_forward_right] run data modify entity @s {} merge value {transformation:[-0.4612885225097411f,0.4643046838850818f,0.75606485140043f,-0.02112529510758762f,0.07608944656963461f,0.8697063539790882f,-0.48766920547552284f,1.0784689786914594f,-0.8839815015720107f,-0.1674276511534915f,-0.4365142454808525f,-0.08975643018292401f,0f,0f,0f,1f],start_interpolation:0}
execute if entity @s[tag=aj.labyria.bone.skirt_forward_left] run data modify entity @s {} merge value {transformation:[-0.5349061755820042f,0.37714894113742364f,0.75606485140043f,-0.02112529510758762f,-0.07608944656963461f,0.8697063539790882f,-0.48766920547552284f,1.0784689786914594f,-0.8414783297536312f,-0.3183858257638382f,-0.4365142454808525f,-0.08975643018292401f,0f,0f,0f,1f],start_interpolation:0}
execute if entity @s[tag=aj.labyria.bone.skirt_forward] run data modify entity @s {} merge value {transformation:[-0.49999999999999983f,0.42233392058517605f,0.75606485140043f,-0.02112529510758762f,0f,0.8730284909617053f,-0.48766920547552284f,1.0784689786914594f,-0.8660254037844387f,-0.24383460273776134f,-0.4365142454808525f,-0.08975643018292401f,0f,0f,0f,1f],start_interpolation:0}
execute if entity @s[tag=aj.labyria.bone.skirt_back_right] run data modify entity @s {} merge value {transformation:[-0.4834528712124979f,0.21096501895593062f,0.8495687624279248f,-0.02112529510758762f,0.08549956638806053f,0.9772645156789475f,-0.19402033538329413f,1.0784689786914594f,-0.8711849088820613f,-0.021161927410236578f,-0.4904987536828594f,-0.08975643018292401f,0f,0f,0f,1f],start_interpolation:0}
execute if entity @s[tag=aj.labyria.bone.skirt_back_left] run data modify entity @s {} merge value {transformation:[-0.5127418268792473f,0.12380927620827248f,0.8495687624279248f,-0.02112529510758762f,-0.08549956638806053f,0.9772645156789475f,-0.19402033538329413f,1.0784689786914594f,-0.8542749224435806f,-0.17212010202058325f,-0.4904987536828594f,-0.08975643018292401f,0f,0f,0f,1f],start_interpolation:0}
execute if entity @s[tag=aj.labyria.bone.skirt_back] run data modify entity @s {} merge value {transformation:[-0.49999999999999983f,0.1680265392927095f,0.8495687624279248f,-0.02112529510758762f,0f,0.9809975073657191f,-0.19402033538329413f,1.0784689786914594f,-0.8660254037844387f,-0.09701016769164703f,-0.4904987536828594f,-0.08975643018292401f,0f,0f,0f,1f],start_interpolation:0}
execute if entity @s[tag=aj.labyria.bone.skirt_right] run data modify entity @s {} merge value {transformation:[-0.4770551686359838f,0.2840910940229984f,0.8316914189616897f,-0.11196449650541969f,0.08370041229703049f,0.9567000903177472f,-0.2787815958188804f,1.102477841922471f,-0.874878624186807f,-0.06338128653498891f,-0.4801772646202332f,-0.261033622113895f,0f,0f,0f,1f],start_interpolation:0}
execute if entity @s[tag=aj.labyria.bone.skirt_left] run data modify entity @s {} merge value {transformation:[-0.5191395294557615f,0.19693535127534026f,0.8316914189616897f,0.08178550349458026f,-0.08370041229703049f,0.9567000903177472f,-0.2787815958188804f,1.102477841922471f,-0.850581207138835f,-0.21433946114533559f,-0.4801772646202332f,0.07455122185257498f,0f,0f,0f,1f],start_interpolation:0}
execute if entity @s[tag=aj.labyria.bone.coat_downer] run data modify entity @s {} merge value {transformation:[-0.49999999999999983f,0.27031048220320314f,0.8227589216842756f,-0.0554538996574176f,0f,0.9500401698251655f,-0.3121276593295937f,0.9419185690650803f,-0.8660254037844387f,-0.1560638296647968f,-0.4750200849125826f,-0.06993680110517547f,0f,0f,0f,1f],start_interpolation:0}
execute if entity @s[tag=aj.labyria.bone.body_2] run data modify entity @s {} merge value {transformation:[-0.49999999999999983f,0.2414319440867161f,0.8316914189616897f,1.2485656819432e-17f,0f,0.9603545292404667f,-0.2787815958188804f,1.1625f,-0.8660254037844387f,-0.13939079790944015f,-0.4801772646202332f,-0.101953125f,0f,0f,0f,1f],start_interpolation:0}
execute if entity @s[tag=aj.labyria.bone.sphere] run data modify entity @s {} merge value {transformation:[-0.9999999999999999f,0f,1.1102230246251565e-16f,0.6617140612523736f,0f,1f,0f,2.2375f,-1.1102230246251565e-16f,0f,-0.9999999999999999f,-0.5974154958378677f,0f,0f,0f,1f],start_interpolation:0}