execute if entity @s[tag=aj.labyria.bone.wing_right_1] run data modify entity @s {} merge value {transformation:[-0.4640546991741971f,-0.10060219537754117f,0.664437264836951f,0.3170605216715523f,-0.2054013054181022f,0.790054864793839f,-0.02383398398448382f,1.2667564158757734f,-0.6398499701893635f,-0.18065700469467597f,-0.47423570800590603f,0.01416563873654049f,0f,0f,0f,1f],start_interpolation:0}
execute if entity @s[tag=aj.labyria.bone.wing_right_2] run data modify entity @s {} merge value {transformation:[-0.4576941374334014f,0.08291435348583093f,0.6508773206566051f,0.3170605216715523f,0.11027739956489042f,0.7920188039644108f,-0.023347576148065784f,1.2667564158757734f,-0.6468036577697287f,0.07636376203940518f,-0.46455742825068347f,0.01416563873654049f,0f,0f,0f,1f],start_interpolation:0}
execute if entity @s[tag=aj.labyria.bone.wing_left_1] run data modify entity @s {} merge value {transformation:[0.45585309244749567f,-0.09915603082646367f,0.6703062614217776f,0.3165208484029293f,0.09763722887583809f,0.8090565790393723f,0.05328102753325437f,1.2596654404894065f,-0.6705291746732176f,0.05039819350228321f,0.46345991460773f,-0.07205851462856389f,0f,0f,0f,1f],start_interpolation:0}
execute if entity @s[tag=aj.labyria.bone.wing_left_2] run data modify entity @s {} merge value {transformation:[0.44972935068792147f,0.0811486027752688f,0.6566265418009251f,0.3165208484029293f,-0.2149298069631064f,0.7688179238114918f,0.05219365962441245f,1.2596654404894065f,-0.6257385150433225f,-0.20575204566129793f,0.45400154900349066f,-0.07205851462856389f,0f,0f,0f,1f],start_interpolation:0}
execute if entity @s[tag=aj.labyria.bone.musket] run data modify entity @s {} merge value {transformation:[-1.625231630325328f,-0.027000436579020893f,0.023447064626884676f,-0.31644854028550595f,-0.025899319346602417f,1.6237073015306527f,0.07456852444851045f,1.4222025483481895f,-0.024657933256007143f,0.07417692367298447f,-1.6237445645627127f,0.18733452169861026f,0f,0f,0f,1f],start_interpolation:0}
execute if entity @s[tag=aj.labyria.bone.omega_blade] run data modify entity @s {} merge value {transformation:[-0.00001793540272008997f,3.2816172109583685e-7f,2.5875997825635123e-7f,-0.31644854028550595f,3.3971907012099986e-7f,0.000017918166500782437f,8.229324255276067e-7f,1.4222025483481895f,-2.4338815693442345e-7f,8.276090311228175e-7f,-0.00001791951849436861f,0.18733452169861026f,0f,0f,0f,1f],start_interpolation:0}
execute if entity @s[tag=aj.labyria.bone.arm_right_2] run data modify entity @s {} merge value {transformation:[0.009034187284602577f,-0.9929723550865909f,-0.11800120971369568f,-0.2976480445836379f,0.2960104743332047f,0.11537274484985541f,-0.9481913988382522f,1.162324107136531f,0.9551419698375408f,-0.02636345538048899f,0.29497251681345343f,-0.05784432494657343f,0f,0f,0f,1f],start_interpolation:0}
execute if entity @s[tag=aj.labyria.bone.arm_right_1] run data modify entity @s {} merge value {transformation:[-0.06638725152825847f,-0.9929723550865909f,-0.09797262305518112f,-0.27317779717157514f,-0.35860281238379266f,0.11537274484985541f,-0.926333175858581f,1.2969865751860725f,0.9311266056691528f,-0.02636345538048899f,-0.3637419585852624f,-0.39019456161776733f,0f,0f,0f,1f],start_interpolation:0}
execute if entity @s[tag=aj.labyria.bone.arm_left_2] run data modify entity @s {} merge value {transformation:[0.28721497626506043f,0.9486518728414691f,0.13254124476340817f,-0.08473690313203863f,-0.34029137675325016f,0.23039946929246302f,-0.9116566587576318f,1.3085881886964725f,-0.8953822291716752f,0.21673880294982797f,0.38899222997309f,0.6414708534965617f,0f,0f,0f,1f],start_interpolation:0}
execute if entity @s[tag=aj.labyria.bone.arm_left_1] run data modify entity @s {} merge value {transformation:[0.20429081907171076f,0.9486518728414691f,0.24150545624764352f,-0.006212619551349796f,0.07687402781559133f,0.23039946929246302f,-0.9700548790646637f,1.3381366431380906f,-0.9758871067343893f,0.21673880294982797f,-0.025858194164683126f,0.26636424684553084f,0f,0f,0f,1f],start_interpolation:0}
execute if entity @s[tag=aj.labyria.bone.himo_right_2] run data modify entity @s {} merge value {transformation:[-0.006237777024131308f,0.23687644738877128f,0.9715197572928053f,-0.23557083936381198f,-0.08196056005631189f,0.9681487527956607f,-0.23658076645294404f,1.11604089615826f,-0.9966160528172587f,-0.08110204148282207f,0.013375430246003085f,-0.17016667349008469f,0f,0f,0f,1f],start_interpolation:0}
execute if entity @s[tag=aj.labyria.bone.himo_right_1] run data modify entity @s {} merge value {transformation:[-0.006237777024131308f,0.10804116195810248f,0.994126851795353f,-0.20909982867294682f,-0.08196056005631189f,0.9907460926023254f,-0.10818801499463931f,1.3011296134274795f,-0.9966160528172587f,-0.08215404625438524f,0.0026750609300381697f,-0.18555383803196918f,0f,0f,0f,1f],start_interpolation:0}
execute if entity @s[tag=aj.labyria.bone.himo_left_2] run data modify entity @s {} merge value {transformation:[-0.006237777024131308f,0.23687644738877128f,0.9715197572928053f,-0.23362153404377095f,-0.08196056005631189f,0.9681487527956607f,-0.23658076645294404f,1.1416535711758575f,-0.9966160528172587f,-0.08110204148282207f,0.013375430246003085f,0.14127584301530866f,0f,0f,0f,1f],start_interpolation:0}
execute if entity @s[tag=aj.labyria.bone.himo_left_1] run data modify entity @s {} merge value {transformation:[-0.006237777024131308f,0.10804116195810248f,0.994126851795353f,-0.2071505233529058f,-0.08196056005631189f,0.9907460926023254f,-0.10818801499463931f,1.326742288445077f,-0.9966160528172587f,-0.08215404625438524f,0.0026750609300381697f,0.12588867847342416f,0f,0f,0f,1f],start_interpolation:0}
execute if entity @s[tag=aj.labyria.bone.ribbon_left_himo_1] run data modify entity @s {} merge value {transformation:[-0.8341793346058025f,-0.28821180710336997f,0.4701901657444888f,0.14081502084257988f,-0.2873619190980865f,0.9548440605343314f,0.07547150134040631f,1.80594792507415f,-0.470710064868901f,-0.07215798159954259f,-0.8793322810647832f,0.13648961300035137f,0f,0f,0f,1f],start_interpolation:0}
execute if entity @s[tag=aj.labyria.bone.ribbon_left_himo_2] run data modify entity @s {} merge value {transformation:[-0.8341793346058025f,-0.28821180710336997f,0.4701901657444888f,0.2032621522305198f,-0.2873619190980865f,0.9548440605343314f,0.07547150134040631f,1.8159714838459227f,-0.470710064868901f,-0.07215798159954259f,-0.8793322810647832f,0.01970329442143484f,0f,0f,0f,1f],start_interpolation:0}
execute if entity @s[tag=aj.labyria.bone.ribbon_left] run data modify entity @s {} merge value {transformation:[-0.8341793346058025f,-0.28821180710336997f,0.4701901657444888f,0.14078072301144534f,-0.2873619190980865f,0.9548440605343314f,0.07547150134040631f,1.912895986505157f,-0.470710064868901f,-0.07215798159954259f,-0.8793322810647832f,0.07013148309000089f,0f,0f,0f,1f],start_interpolation:0}
execute if entity @s[tag=aj.labyria.bone.ribbon_right_himo_1] run data modify entity @s {} merge value {transformation:[-0.8341793346058025f,-0.28821180710336997f,0.4701901657444888f,-0.3605788954639203f,-0.2873619190980865f,0.9548440605343314f,0.07547150134040631f,1.633225451576256f,-0.470710064868901f,-0.07215798159954259f,-0.8793322810647832f,-0.14643655536491246f,0f,0f,0f,1f],start_interpolation:0}
execute if entity @s[tag=aj.labyria.bone.ribbon_right_himo_2] run data modify entity @s {} merge value {transformation:[-0.8341793346058025f,-0.28821180710336997f,0.4701901657444888f,-0.2981317640759804f,-0.2873619190980865f,0.9548440605343314f,0.07547150134040631f,1.6432490103480288f,-0.470710064868901f,-0.07215798159954259f,-0.8793322810647832f,-0.263222873943829f,0f,0f,0f,1f],start_interpolation:0}
execute if entity @s[tag=aj.labyria.bone.ribbon_right] run data modify entity @s {} merge value {transformation:[-0.8341793346058025f,-0.28821180710336997f,0.4701901657444888f,-0.3597268777520361f,-0.2873619190980865f,0.9548440605343314f,0.07547150134040631f,1.740478835046305f,-0.470710064868901f,-0.07215798159954259f,-0.8793322810647832f,-0.21229455583133972f,0f,0f,0f,1f],start_interpolation:0}
execute if entity @s[tag=aj.labyria.bone.crown] run data modify entity @s {} merge value {transformation:[-0.8767864058594642f,-0.10083058334261713f,0.4701901657444888f,-0.0581780249605812f,-0.073884214380642f,0.9944069465519538f,0.07547150134040631f,2.144120509017488f,-0.4751702025226306f,0.03143275539953724f,-0.8793322810647832f,0.0027272593387835595f,0f,0f,0f,1f],start_interpolation:0}
execute if entity @s[tag=aj.labyria.bone.ear_edge_a1] run data modify entity @s {} merge value {transformation:[-0.868995462618055f,-0.1541690435411789f,0.4701901657444888f,-0.02714317814875638f,-0.13445349721769334f,0.9880416537633202f,0.07547150134040631f,2.149599585303318f,-0.4762028381217017f,0.002365680080072187f,-0.8793322810647832f,0.000656277572666758f,0f,0f,0f,1f],start_interpolation:0}
execute if entity @s[tag=aj.labyria.bone.ear_edge_a2] run data modify entity @s {} merge value {transformation:[-0.8341793346058024f,-0.2882118071033699f,0.4701901657444888f,-0.1261325554825794f,-0.28736191909808656f,0.9548440605343314f,0.07547150134040631f,2.1261221282827174f,-0.470710064868901f,-0.0721579815995426f,-0.8793322810647832f,-0.054289630481599266f,0f,0f,0f,1f],start_interpolation:0}
execute if entity @s[tag=aj.labyria.bone.ear_edge_b1] run data modify entity @s {} merge value {transformation:[-0.8791253900244176f,-0.0778444387967765f,0.4701901657444888f,-0.14352020330201118f,-0.04782835686879269f,0.9960002513878481f,0.07547150134040631f,2.1155788482741094f,-0.47418455994859904f,0.04386049000818891f,-0.8793322810647832f,-0.06449193781707449f,0f,0f,0f,1f],start_interpolation:0}
execute if entity @s[tag=aj.labyria.bone.ear_edge_b2] run data modify entity @s {} merge value {transformation:[-0.8120426763174564f,-0.34569914647906247f,0.4701901657444888f,-0.12212185054609659f,-0.3532684745443202f,0.9324727542285374f,0.07547150134040631f,2.133492778964217f,-0.46452995245980794f,-0.1048172826641366f,-0.8793322810647832f,-0.051512445856159994f,0f,0f,0f,1f],start_interpolation:0}
execute if entity @s[tag=aj.labyria.bone.ear_right_2] run data modify entity @s {} merge value {transformation:[-0.8561243445087395f,-0.21441155467150202f,0.4701901657444888f,-0.08941114872163478f,-0.2030482769349234f,0.9762558321050808f,0.07547150134040631f,2.2524643959316335f,-0.47520785344230076f,-0.030858313372018643f,-0.8793322810647832f,-0.05934882726338757f,0f,0f,0f,1f],start_interpolation:0}
execute if entity @s[tag=aj.labyria.bone.ear_right_1] run data modify entity @s {} merge value {transformation:[-0.8561243445087395f,-0.21441155467150202f,0.4701901657444888f,-0.04116854892054689f,-0.2030482769349234f,0.9762558321050808f,0.07547150134040631f,2.0328068337079905f,-0.47520785344230076f,-0.030858313372018643f,-0.8793322810647832f,-0.05240570675468338f,0f,0f,0f,1f],start_interpolation:0}
execute if entity @s[tag=aj.labyria.bone.ear_edge_a3] run data modify entity @s {} merge value {transformation:[-0.7788229428930673f,-0.4151578394545279f,0.4701901657444888f,-0.3528706447681762f,-0.4331945368307532f,0.8981350375892336f,0.07547150134040631f,2.037391495234836f,-0.4536268476218872f,-0.14490487429356563f,-0.8793322810647832f,-0.1831449634571939f,0f,0f,0f,1f],start_interpolation:0}
execute if entity @s[tag=aj.labyria.bone.ear_edge_a4] run data modify entity @s {} merge value {transformation:[-0.8341793346058025f,-0.28821180710336997f,0.4701901657444888f,-0.2596901088238491f,-0.2873619190980865f,0.9548440605343314f,0.07547150134040631f,2.0801136103945f,-0.47071006486890105f,-0.0721579815995426f,-0.8793322810647832f,-0.12965338260177012f,0f,0f,0f,1f],start_interpolation:0}
execute if entity @s[tag=aj.labyria.bone.ear_edge_b3] run data modify entity @s {} merge value {transformation:[-0.7396758966071116f,-0.48145693059258704f,0.4701901657444888f,-0.23981249256997683f,-0.5098237271218913f,0.8569619710051132f,0.07547150134040631f,2.0824076392900523f,-0.4392713685661845f,-0.18388965233366528f,-0.8793322810647832f,-0.1188276757661788f,0f,0f,0f,1f],start_interpolation:0}
execute if entity @s[tag=aj.labyria.bone.ear_edge_b4] run data modify entity @s {} merge value {transformation:[-0.8522519550273627f,-0.22932032877441938f,0.4701901657444888f,-0.26697576076092017f,-0.22005536526752606f,0.9725634625577916f,0.07547150134040631f,2.0835928403043082f,-0.4745969251575631f,-0.03914713410189058f,-0.8793322810647832f,-0.13325049742987166f,0f,0f,0f,1f],start_interpolation:0}
execute if entity @s[tag=aj.labyria.bone.ear_left_2] run data modify entity @s {} merge value {transformation:[-0.8058857162752616f,-0.35981859365613406f,0.4701901657444888f,-0.33067256614462753f,-0.36948856354304244f,0.9261653491123084f,0.07547150134040631f,2.1693535574837384f,-0.46262988847934083f,-0.1129084840169135f,-0.8793322810647832f,-0.1954876318757141f,0f,0f,0f,1f],start_interpolation:0}
execute if entity @s[tag=aj.labyria.bone.ear_left_1] run data modify entity @s {} merge value {transformation:[-0.8058857162752616f,-0.35981859365613406f,0.4701901657444888f,-0.2497133825719975f,-0.36948856354304244f,0.9261653491123084f,0.07547150134040631f,1.9609663539334692f,-0.46262988847934083f,-0.1129084840169135f,-0.8793322810647832f,-0.17008322297190862f,0f,0f,0f,1f],start_interpolation:0}
execute if entity @s[tag=aj.labyria.bone.head] run data modify entity @s {} merge value {transformation:[-0.8341793346058025f,-0.28821180710336997f,0.4701901657444888f,-0.012425857285310322f,-0.2873619190980865f,0.9548440605343314f,0.07547150134040631f,1.5051705283799972f,-0.470710064868901f,-0.07215798159954259f,-0.8793322810647832f,-0.046784365510255936f,0f,0f,0f,1f],start_interpolation:0}
execute if entity @s[tag=aj.labyria.bone.back_musket] run data modify entity @s {} merge value {transformation:[0.000016225264584882684f,7.059767807420749e-7f,-7.127762609014663e-7f,0.20999885608893834f,-9.841537496406446e-7f,0.000013442003739518927f,-0.000009088984592699421f,1.4496844736870969f,1.946653798698689e-7f,0.000009114811918756864f,0.000013459122301921028f,-0.14285987260054417f,0f,0f,0f,1f],start_interpolation:0}
execute if entity @s[tag=aj.labyria.bone.body_1] run data modify entity @s {} merge value {transformation:[-0.006237777024131308f,-0.02264273770833866f,0.9997241602396474f,-0.0039348306446833235f,-0.08196056005631189f,0.9963914920778529f,0.02205586339560825f,1.1315237188508025f,-0.9966160528172587f,-0.08180037251713111f,-0.008071079420106708f,-0.01610922581633177f,0f,0f,0f,1f],start_interpolation:0}
execute if entity @s[tag=aj.labyria.bone.belt2] run data modify entity @s {} merge value {transformation:[-0.12158033324923506f,0.2880327802875687f,0.9498712228754054f,-0.20416894913273892f,0.007889033127335549f,0.9572206023953379f,-0.2892515885975776f,0.39485046213127695f,-0.9925502434251479f,-0.027673738990597316f,-0.11865149997770585f,0.3448698607992854f,0f,0f,0f,1f],start_interpolation:0}
execute if entity @s[tag=aj.labyria.bone.leg_left_2] run data modify entity @s {} merge value {transformation:[-0.4999999999999999f,0.16118548471350236f,0.8508932010056687f,-0.08618520604056053f,0f,0.9825268373044903f,-0.18612096597760175f,0.4823859603253169f,-0.8660254037844386f,-0.09306048298880086f,-0.491263418652245f,0.19736625295144306f,0f,0f,0f,1f],start_interpolation:0}
execute if entity @s[tag=aj.labyria.bone.leg_left_1] run data modify entity @s {} merge value {transformation:[-0.4999999999999999f,0.3415317410597069f,0.7958367105435167f,0.044023770238452734f,0f,0.9189530781265713f,-0.39436688527524666f,0.8327368213610722f,-0.8660254037844386f,-0.1971834426376233f,-0.45947653906328556f,0.12219006544584918f,0f,0f,0f,1f],start_interpolation:0}
execute if entity @s[tag=aj.labyria.bone.belt] run data modify entity @s {} merge value {transformation:[-0.5718300209591067f,0.7987728027506792f,-0.18700918885373466f,-0.29800704357600727f,0.36920172829416614f,0.04700487984915949f,-0.9281598057958375f,0.9776923271678392f,-0.7325984650233087f,-0.599793756933323f,-0.3217871007192511f,-0.04839914873561202f,0f,0f,0f,1f],start_interpolation:0}
execute if entity @s[tag=aj.labyria.bone.leg_right_2] run data modify entity @s {} merge value {transformation:[-0.4999999999999999f,-0.43125839962391943f,0.7510101149477388f,-0.3060699028190251f,0f,0.8671917840584176f,0.4979743062263142f,0.739026962450469f,-0.8660254037844386f,0.248987153113157f,-0.4335958920292087f,0.03564160723235593f,0f,0f,0f,1f],start_interpolation:0}
execute if entity @s[tag=aj.labyria.bone.leg_right_1] run data modify entity @s {} merge value {transformation:[-0.4999999999999999f,0.8588783185135216f,0.11103168010701103f,-0.03689705602158243f,0f,0.12820834079671847f,-0.9917472567898297f,0.8536726803458816f,-0.8660254037844386f,-0.49587362839491467f,-0.06410417039835922f,-0.11976540832468544f,0f,0f,0f,1f],start_interpolation:0}
execute if entity @s[tag=aj.labyria.bone.skirt_forward_right] run data modify entity @s {} merge value {transformation:[-0.4688461232046646f,0.3779209126587211f,0.7983477290824817f,-0.012900045426890501f,0.08034474392440467f,0.918344625307912f,-0.38754079951895704f,1.0512407731029767f,-0.8796181187763689f,-0.11755395758233717f,-0.4609262762926971f,0.010717478446129315f,0f,0f,0f,1f],start_interpolation:0}
execute if entity @s[tag=aj.labyria.bone.skirt_forward_left] run data modify entity @s {} merge value {transformation:[-0.5273485748870806f,0.29076516991106294f,0.7983477290824817f,-0.012900045426890501f,-0.08034474392440467f,0.918344625307912f,-0.38754079951895704f,1.0512407731029767f,-0.8458417125492729f,-0.26851213219268383f,-0.4609262762926971f,0.010717478446129315f,0f,0f,0f,1f],start_interpolation:0}
execute if entity @s[tag=aj.labyria.bone.skirt_forward] run data modify entity @s {} merge value {transformation:[-0.4999999999999999f,0.335620177386349f,0.7983477290824817f,-0.012900045426890501f,0f,0.9218525525853944f,-0.38754079951895704f,1.0512407731029767f,-0.8660254037844386f,-0.19377039975947846f,-0.4609262762926971f,0.010717478446129315f,0f,0f,0f,1f],start_interpolation:0}
execute if entity @s[tag=aj.labyria.bone.skirt_back_right] run data modify entity @s {} merge value {transformation:[-0.49177936467201294f,0.11579276321507435f,0.8629861484808483f,-0.012900045426890501f,0.08684987579245498f,0.9926986227960867f,-0.08370509765592604f,1.0512407731029767f,-0.8663776056418047f,0.03378580006113067f,-0.49824528513233607f,0.010717478446129315f,0f,0f,0f,1f],start_interpolation:0}
execute if entity @s[tag=aj.labyria.bone.skirt_back_left] run data modify entity @s {} merge value {transformation:[-0.5044153334197323f,0.028637020467416188f,0.8629861484808483f,-0.012900045426890501f,-0.08684987579245498f,0.9926986227960867f,-0.08370509765592604f,1.0512407731029767f,-0.8590822256838371f,-0.117172374549216f,-0.49824528513233607f,0.010717478446129315f,0f,0f,0f,1f],start_interpolation:0}
execute if entity @s[tag=aj.labyria.bone.skirt_back] run data modify entity @s {} merge value {transformation:[-0.4999999999999999f,0.07249074099628923f,0.8629861484808483f,-0.012900045426890501f,0f,0.9964905702646724f,-0.08370509765592604f,1.0512407731029767f,-0.8660254037844386f,-0.04185254882796302f,-0.49824528513233607f,0.010717478446129315f,0f,0f,0f,1f],start_interpolation:0}
execute if entity @s[tag=aj.labyria.bone.skirt_right] run data modify entity @s {} merge value {transformation:[-0.485248057152625f,0.1904459497670976f,0.8533842412693773f,-0.10608931816206463f,0.08588355153550725f,0.981653485997747f,-0.1702364502805403f,1.0758758541739297f,-0.8701484577962835f,-0.009315237290543302f,-0.49270162141905943f,-0.15920289916561245f,0f,0f,0f,1f],start_interpolation:0}
execute if entity @s[tag=aj.labyria.bone.skirt_left] run data modify entity @s {} merge value {transformation:[-0.5109466409391203f,0.10329020701943946f,0.8533842412693773f,0.08766068183793532f,-0.08588355153550725f,0.981653485997747f,-0.1702364502805403f,1.0758758541739297f,-0.8553113735293583f,-0.16027341190088995f,-0.49270162141905943f,0.17638194480085753f,0f,0f,0f,1f],start_interpolation:0}
execute if entity @s[tag=aj.labyria.bone.coat_downer] run data modify entity @s {} merge value {transformation:[-0.4999999999999999f,0.1771219612885928f,0.8477191815862621f,-0.0338626192455876f,0f,0.9788617953720755f,-0.20452282405872704f,0.9111287495119316f,-0.8660254037844386f,-0.10226141202936351f,-0.48943089768603765f,0.022820226083261487f,0f,0f,0f,1f],start_interpolation:0}
execute if entity @s[tag=aj.labyria.bone.body_2] run data modify entity @s {} merge value {transformation:[-0.4999999999999999f,0.14742909059303444f,0.8533842412693773f,-4.004146501858659e-19f,0f,0.9854032428381191f,-0.1702364502805403f,1.137463556851312f,-0.8660254037844386f,-0.08511822514027013f,-0.49270162141905943f,0.0032696337463556852f,0f,0f,0f,1f],start_interpolation:0}
execute if entity @s[tag=aj.labyria.bone.sphere] run data modify entity @s {} merge value {transformation:[-0.9999999999999999f,0f,1.1102230246251565e-16f,0.6617140612523736f,0f,1f,0f,2.2124635568513122f,-1.1102230246251565e-16f,0f,-0.9999999999999999f,-0.49219273709151196f,0f,0f,0f,1f],start_interpolation:0}