execute if entity @s[tag=aj.labyria.bone.wing_right_1] run data modify entity @s {} merge value {transformation:[-0.4943707544854148f,-0.1530193747177215f,0.6317650453411963f,0.3078850166248839f,-0.375716237494732f,0.7149690780820066f,-0.12083447651151587f,1.3354417945503323f,-0.5304519869288531f,-0.3637976536373035f,-0.5032061219974063f,-0.21068061683565809f,0f,0f,0f,1f],start_interpolation:0}
execute if entity @s[tag=aj.labyria.bone.wing_right_2] run data modify entity @s {} merge value {transformation:[-0.5047807357484814f,0.04684019148540704f,0.6188718811505597f,0.3078850166248839f,-0.07200952263007976f,0.7879108672439621f,-0.11836846678679107f,1.3354417945503323f,-0.6164503528004587f,-0.1303934881061091f,-0.4929366093035818f,-0.21068061683565809f,0f,0f,0f,1f],start_interpolation:0}
execute if entity @s[tag=aj.labyria.bone.wing_left_1] run data modify entity @s {} merge value {transformation:[0.43168542100886687f,-0.14196625913109853f,0.678555615260211f,0.30358736544390225f,-0.052228321031714466f,0.790427249997592f,0.19859861376126706f,1.306102293021894f,-0.691277328005953f,-0.14837381229182778f,0.408736237756556f,-0.2944413012249947f,0f,0f,0f,1f],start_interpolation:0}
execute if entity @s[tag=aj.labyria.bone.wing_left_2] run data modify entity @s {} merge value {transformation:[0.4439054304763401f,0.033344461219813715f,0.6647075414793905f,0.30358736544390225f,-0.34357821049724785f,0.6957772849497551f,0.19454558082736367f,1.306102293021894f,-0.570001738650966f,-0.39342358426244317f,0.40039468188397326f,-0.2944413012249947f,0f,0f,0f,1f],start_interpolation:0}
execute if entity @s[tag=aj.labyria.bone.musket] run data modify entity @s {} merge value {transformation:[-1.623267807993744f,-0.08668096366513768f,0.012028079408906217f,-0.34459098369389773f,-0.08644110458148767f,1.5533553731155871f,-0.4714569554865696f,1.5486400238811107f,0.013645497239598544f,-0.4714129145197616f,-1.5557121536627732f,-0.0724926979881898f,0f,0f,0f,1f],start_interpolation:0}
execute if entity @s[tag=aj.labyria.bone.omega_blade] run data modify entity @s {} merge value {transformation:[-0.000017936729175396423f,-3.3082306870070314e-7f,1.327409471437862e-7f,-0.34459098369389773f,-3.551042583614945e-7f,0.00001716555861660098f,-0.000005202962225413509f,1.5486400238811107f,-3.10648921887598e-8f,-0.000005204562522499062f,-0.00001716871810867724f,-0.0724926979881898f,0f,0f,0f,1f],start_interpolation:0}
execute if entity @s[tag=aj.labyria.bone.arm_right_2] run data modify entity @s {} merge value {transformation:[0.0031563436059170932f,-0.9966883001215004f,-0.08125558378323908f,-0.31749042508523095f,0.5982307906773945f,0.06699416868957396f,-0.7985184421458856f,1.2225559636694427f,0.8013176390049954f,-0.046089193554526356f,0.5964610864565705f,-0.21719126427850094f,0f,0f,0f,1f],start_interpolation:0}
execute if entity @s[tag=aj.labyria.bone.arm_right_1] run data modify entity @s {} merge value {transformation:[-0.048112609961781044f,-0.9966883001215004f,-0.06555615275150858f,-0.29979022992551896f,-0.02890912139648607f,0.06699416868957396f,-0.9973344695044266f,1.2391785196057077f,0.9984234770190192f,-0.046089193554526356f,-0.03203664737054501f,-0.575799472286145f,0f,0f,0f,1f],start_interpolation:0}
execute if entity @s[tag=aj.labyria.bone.arm_left_2] run data modify entity @s {} merge value {transformation:[0.285384723397759f,0.9441972100361278f,0.16446029372215437f,-0.07774791785554948f,-0.6358278650336407f,0.3149179055225518f,-0.704662783768273f,1.5617798816148494f,-0.7171321256908988f,0.09653155619424046f,0.690219655588546f,0.394985848709109f,0f,0f,0f,1f],start_interpolation:0}
execute if entity @s[tag=aj.labyria.bone.arm_left_1] run data modify entity @s {} merge value {transformation:[0.18914247365846767f,0.9441972100361278f,0.2696604405884344f,-0.0050462795430759565f,-0.2784523845053668f,0.3149179055225518f,-0.9073538352509262f,1.454749746320599f,-0.9416418609119028f,0.09653155619424046f,0.32247831622775347f,0.03304225842109634f,0f,0f,0f,1f],start_interpolation:0}
execute if entity @s[tag=aj.labyria.bone.himo_right_2] run data modify entity @s {} merge value {transformation:[-0.04836726878287467f,0.1809977815099804f,0.9822934441392503f,-0.24238504067697753f,-0.3301970068351169f,0.9252544159000621f,-0.18674635882545332f,1.1210421246666615f,-0.942672023551996f,-0.33338276642007236f,0.015012896672011954f,-0.3202288753340231f,0f,0f,0f,1f],start_interpolation:0}
execute if entity @s[tag=aj.labyria.bone.himo_right_1] run data modify entity @s {} merge value {transformation:[-0.04836726878287467f,0.051234297491913425f,0.9975147387738165f,-0.22654414277990742f,-0.3301970068351169f,0.9417140272359888f,-0.06437878209554235f,1.2972111373853124f,-0.942672023551996f,-0.3324902068745569f,-0.028630723792796693f,-0.3827497311467075f,0f,0f,0f,1f],start_interpolation:0}
execute if entity @s[tag=aj.labyria.bone.himo_left_2] run data modify entity @s {} merge value {transformation:[-0.04836726878287467f,0.1809977815099804f,0.9822934441392503f,-0.2272702691823292f,-0.3301970068351169f,0.9252544159000621f,-0.18674635882545332f,1.2242286893026355f,-0.942672023551996f,-0.33338276642007236f,0.015012896672011954f,-0.02564386797402439f,0f,0f,0f,1f],start_interpolation:0}
execute if entity @s[tag=aj.labyria.bone.himo_left_1] run data modify entity @s {} merge value {transformation:[-0.04836726878287467f,0.051234297491913425f,0.9975147387738165f,-0.2114293712852591f,-0.3301970068351169f,0.9417140272359888f,-0.06437878209554235f,1.4003977020212863f,-0.942672023551996f,-0.3324902068745569f,-0.028630723792796693f,-0.08816472378670878f,0f,0f,0f,1f],start_interpolation:0}
execute if entity @s[tag=aj.labyria.bone.ribbon_left_himo_1] run data modify entity @s {} merge value {transformation:[-0.8387668537233017f,-0.24650865858200777f,0.48549319906587024f,0.12844525370476634f,-0.42949293006737643f,0.8475888848138741f,-0.311655106427142f,1.8818109160812515f,-0.3346729569553735f,-0.4699218696592792f,-0.8168031882275401f,-0.2640918682824659f,0f,0f,0f,1f],start_interpolation:0}
execute if entity @s[tag=aj.labyria.bone.ribbon_left_himo_2] run data modify entity @s {} merge value {transformation:[-0.8387668537233017f,-0.24650865858200777f,0.48549319906587024f,0.19292481920570223f,-0.42949293006737643f,0.8475888848138741f,-0.311655106427142f,1.8404192222588966f,-0.3346729569553735f,-0.4699218696592792f,-0.8168031882275401f,-0.3725735417189361f,0f,0f,0f,1f],start_interpolation:0}
execute if entity @s[tag=aj.labyria.bone.ribbon_left] run data modify entity @s {} merge value {transformation:[-0.8387668537233017f,-0.24650865858200777f,0.48549319906587024f,0.13388350612816355f,-0.42949293006737643f,0.8475888848138741f,-0.311655106427142f,1.9515084559000102f,-0.3346729569553735f,-0.4699218696592792f,-0.8168031882275401f,-0.368753077807211f,0f,0f,0f,1f],start_interpolation:0}
execute if entity @s[tag=aj.labyria.bone.ribbon_right_himo_1] run data modify entity @s {} merge value {transformation:[-0.8387668537233017f,-0.24650865858200777f,0.48549319906587024f,-0.3757060483112957f,-0.42949293006737643f,0.8475888848138741f,-0.311655106427142f,1.623658821802629f,-0.3346729569553735f,-0.4699218696592792f,-0.8168031882275401f,-0.46525123247245503f,0f,0f,0f,1f],start_interpolation:0}
execute if entity @s[tag=aj.labyria.bone.ribbon_right_himo_2] run data modify entity @s {} merge value {transformation:[-0.8387668537233017f,-0.24650865858200777f,0.48549319906587024f,-0.31122648281035986f,-0.42949293006737643f,0.8475888848138741f,-0.311655106427142f,1.5822671279802742f,-0.3346729569553735f,-0.4699218696592792f,-0.8168031882275401f,-0.5737329059089252f,0f,0f,0f,1f],start_interpolation:0}
execute if entity @s[tag=aj.labyria.bone.ribbon_right] run data modify entity @s {} merge value {transformation:[-0.8387668537233017f,-0.24650865858200777f,0.48549319906587024f,-0.36937660610581746f,-0.42949293006737643f,0.8475888848138741f,-0.311655106427142f,1.6938126978595844f,-0.3346729569553735f,-0.4699218696592792f,-0.8168031882275401f,-0.569556851980435f,0f,0f,0f,1f],start_interpolation:0}
execute if entity @s[tag=aj.labyria.bone.crown] run data modify entity @s {} merge value {transformation:[-0.8722389690904981f,-0.05912304509015645f,0.48549319906587024f,-0.05413330802126206f,-0.2358604217036783f,0.92045692789595f,-0.311655106427142f,2.1402403391180536f,-0.4284495796166784f,-0.38634635940774364f,-0.8168031882275401f,-0.5319175544534083f,0f,0f,0f,1f],start_interpolation:0}
execute if entity @s[tag=aj.labyria.bone.ear_edge_a1] run data modify entity @s {} merge value {transformation:[-0.8670026920332338f,-0.11226168388151428f,0.48549319906587024f,-0.022868053020397246f,-0.2916130456256863f,0.9043411559023499f,-0.311655106427142f,2.143352294170195f,-0.4040645537881753f,-0.41178196666839195f,-0.8168031882275401f,-0.5351223203636295f,0f,0f,0f,1f],start_interpolation:0}
execute if entity @s[tag=aj.labyria.bone.ear_edge_a2] run data modify entity @s {} merge value {transformation:[-0.8387668537233017f,-0.24650865858200777f,0.48549319906587024f,-0.12196558520892098f,-0.42949293006737643f,0.8475888848138741f,-0.311655106427142f,2.102422623492024f,-0.3346729569553736f,-0.4699218696592792f,-0.8168031882275401f,-0.5784072114611128f,0f,0f,0f,1f],start_interpolation:0}
execute if entity @s[tag=aj.labyria.bone.ear_edge_b1] run data modify entity @s {} merge value {transformation:[-0.8734877354755741f,-0.03627023069324048f,0.48549319906587024f,-0.13963584653316277f,-0.21168484480675f,0.9263156163624952f,-0.311655106427142f,2.0891679452292777f,-0.4384161293256623f,-0.3749984656614345f,-0.8168031882275401f,-0.5838527136311696f,0f,0f,0f,1f],start_interpolation:0}
execute if entity @s[tag=aj.labyria.bone.ear_edge_b2] run data modify entity @s {} merge value {transformation:[-0.8195280850538311f,-0.3044175938883759f,0.48549319906587024f,-0.11768688228853369f,-0.487571518665303f,0.8155642885906035f,-0.311655106427142f,2.1101462651766383f,-0.3010776178901565f,-0.49212276893770607f,-0.8168031882275401f,-0.5788110188988238f,0f,0f,0f,1f],start_interpolation:0}
execute if entity @s[tag=aj.labyria.bone.ear_right_2] run data modify entity @s {} merge value {transformation:[-0.8570597378466916f,-0.17246727058473366f,0.48549319906587024f,-0.07986499648598136f,-0.3539863410003968f,0.8817963285379667f,-0.311655106427142f,2.213999729926837f,-0.3743558148971528f,-0.4389650049309336f,-0.8168031882275401f,-0.6342150561611745f,0f,0f,0f,1f],start_interpolation:0}
execute if entity @s[tag=aj.labyria.bone.ear_right_1] run data modify entity @s {} merge value {transformation:[-0.8570597378466916f,-0.17246727058473366f,0.48549319906587024f,-0.04105986060441634f,-0.3539863410003968f,0.8817963285379667f,-0.311655106427142f,2.015595556005795f,-0.3743558148971528f,-0.4389650049309336f,-0.8168031882275401f,-0.5354479300517145f,0f,0f,0f,1f],start_interpolation:0}
execute if entity @s[tag=aj.labyria.bone.ear_edge_a3] run data modify entity @s {} merge value {transformation:[-0.7898777917671113f,-0.3746857719928789f,0.48549319906587024f,-0.3503868382666653f,-0.5567972731654949f,0.7699661623950472f,-0.311655106427142f,1.9756453776377834f,-0.2570406012064664f,-0.5164907366378841f,-0.8168031882275401f,-0.6658042611559155f,0f,0f,0f,1f],start_interpolation:0}
execute if entity @s[tag=aj.labyria.bone.ear_edge_a4] run data modify entity @s {} merge value {transformation:[-0.8387668537233018f,-0.24650865858200777f,0.48549319906587024f,-0.25625763028814413f,-0.42949293006737643f,0.8475888848138741f,-0.311655106427142f,2.0336580035385956f,-0.33467295695537347f,-0.4699218696592792f,-0.8168031882275401f,-0.6319905351496219f,0f,0f,0f,1f],start_interpolation:0}
execute if entity @s[tag=aj.labyria.bone.ear_edge_b3] run data modify entity @s {} merge value {transformation:[-0.754216051543793f,-0.44210236513106127f,0.48549319906587024f,-0.23645768945890797f,-0.6217854642135117f,0.7185081287853847f,-0.311655106427142f,2.039590047833705f,-0.2110473503422367f,-0.5369278979666144f,-0.8168031882275401f,-0.6224852040854449f,0f,0f,0f,1f],start_interpolation:0}
execute if entity @s[tag=aj.labyria.bone.ear_edge_b4] run data modify entity @s {} merge value {transformation:[-0.8539192345939819f,-0.1873987578699918f,0.48549319906587024f,-0.2633374078770396f,-0.36932189508664004f,0.8754841131896682f,-0.311655106427142f,2.0355655032841367f,-0.366637803015512f,-0.4454315582682535f,-0.8168031882275401f,-0.6369264437805158f,0f,0f,0f,1f],start_interpolation:0}
execute if entity @s[tag=aj.labyria.bone.ear_left_2] run data modify entity @s {} merge value {transformation:[-0.8140904473818041f,-0.31867396684147514f,0.48549319906587024f,-0.3224532165745736f,-0.5017308186016217f,0.8069307778881863f,-0.311655106427142f,2.0897817485137926f,-0.2924430357301074f,-0.4973023452129348f,-0.8168031882275401f,-0.7310091969634682f,0f,0f,0f,1f],start_interpolation:0}
execute if entity @s[tag=aj.labyria.bone.ear_left_1] run data modify entity @s {} merge value {transformation:[-0.8140904473818041f,-0.31867396684147514f,0.48549319906587024f,-0.2507515740352418f,-0.5017308186016217f,0.8069307778881863f,-0.311655106427142f,1.908222323488951f,-0.2924430357301074f,-0.4973023452129348f,-0.8168031882275401f,-0.619116169290558f,0f,0f,0f,1f],start_interpolation:0}
execute if entity @s[tag=aj.labyria.bone.head] run data modify entity @s {} merge value {transformation:[-0.8387668537233017f,-0.24650865858200777f,0.48549319906587024f,-0.034741692267358466f,-0.42949293006737643f,0.8475888848138741f,-0.311655106427142f,1.5372588583561106f,-0.3346729569553735f,-0.4699218696592792f,-0.8168031882275401f,-0.31092199183864494f,0f,0f,0f,1f],start_interpolation:0}
execute if entity @s[tag=aj.labyria.bone.back_musket] run data modify entity @s {} merge value {transformation:[0.000016246028247136895f,4.144866662105993e-7f,4.005384616535164e-7f,0.18559387466692026f,-2.5692485825708355e-7f,0.00001531964525624925f,-0.000005432137967908163f,1.46828845172004f,-5.159649919710862e-7f,0.00000542239191581662f,0.000015316563260106587f,-0.40299413420462504f,0f,0f,0f,1f],start_interpolation:0}
execute if entity @s[tag=aj.labyria.bone.body_1] run data modify entity @s {} merge value {transformation:[-0.04836726878287467f,-0.07940581956107104f,0.995668279664628f,-0.004964509931956825f,-0.3301970068351169f,0.9420606504734532f,0.05909033344519382f,1.1839861144285657f,-0.942672023551996f,-0.3259086477057168f,-0.07178446463557431f,-0.18870624894900112f,0f,0f,0f,1f],start_interpolation:0}
execute if entity @s[tag=aj.labyria.bone.belt2] run data modify entity @s {} merge value {transformation:[-0.13711130409501554f,0.5407051239620096f,0.8299629264073136f,-0.35826237260570204f,-0.11732058716020986f,0.8231141560679198f,-0.5556248427752125f,0.5844142120771803f,-0.9835834332265605f,-0.17355418462780947f,-0.049422412733783505f,0.26064423157539596f,0f,0f,0f,1f],start_interpolation:0}
execute if entity @s[tag=aj.labyria.bone.leg_left_2] run data modify entity @s {} merge value {transformation:[-0.49999999999999983f,0.42434844499160707f,0.754936021947029f,-0.22405132382686696f,0f,0.8717250309841248f,-0.4899953778922068f,0.6112166581552965f,-0.8660254037844387f,-0.24499768894610335f,-0.43586251549206223f,0.10377178442114005f,0f,0f,0f,1f],start_interpolation:0}
execute if entity @s[tag=aj.labyria.bone.leg_left_1] run data modify entity @s {} merge value {transformation:[-0.49999999999999983f,0.5776877536110407f,0.6451952102486731f,-0.003807867762657676f,0f,0.7450072566338571f,-0.6670563601097692f,0.8952506747469544f,-0.8660254037844387f,-0.3335281800548845f,-0.37250362831692846f,-0.023385834224784657f,0f,0f,0f,1f],start_interpolation:0}
execute if entity @s[tag=aj.labyria.bone.belt] run data modify entity @s {} merge value {transformation:[-0.5047030726990798f,0.7891969812937555f,-0.34991846639600416f,-0.3167939256347551f,0.3876692732274715f,-0.15497435804470547f,-0.9086778763367774f,1.0810632616859719f,-0.7713542266711134f,-0.5942651538374563f,-0.22773138547673435f,-0.21074404606811584f,0f,0f,0f,1f],start_interpolation:0}
execute if entity @s[tag=aj.labyria.bone.leg_right_2] run data modify entity @s {} merge value {transformation:[-0.49999999999999983f,-0.2700802116007486f,0.8228345394438029f,-0.3658709630857568f,0f,0.9501274856928028f,0.31186176574096647f,0.8572848100001931f,-0.8660254037844387f,0.15593088287048318f,-0.4750637428464012f,-0.10302374327117714f,0f,0f,0f,1f],start_interpolation:0}
execute if entity @s[tag=aj.labyria.bone.leg_right_1] run data modify entity @s {} merge value {transformation:[-0.49999999999999983f,0.8635552120247447f,-0.06536356618865335f,-0.08216082603513465f,0f,-0.07547534506842596f,-0.9971476682451814f,0.9065502145159069f,-0.8660254037844387f,-0.4985738341225905f,0.03773767253421295f,-0.2668238672691794f,0f,0f,0f,1f],start_interpolation:0}
execute if entity @s[tag=aj.labyria.bone.skirt_forward_right] run data modify entity @s {} merge value {transformation:[-0.45664384559487403f,0.5173935839514409f,0.7237266594275826f,-0.026305324755299613f,0.07283497028268794f,0.8325075198011912f,-0.5492051498105143f,1.1089135652381827f,-0.8866631070391081f,-0.19807854189778512f,-0.41784378164022323f,-0.15473448867140724f,0f,0f,0f,1f],start_interpolation:0}
execute if entity @s[tag=aj.labyria.bone.skirt_forward_left] run data modify entity @s {} merge value {transformation:[-0.5395508524968712f,0.4302378412037827f,0.7237266594275826f,-0.026305324755299613f,-0.07283497028268794f,0.8325075198011912f,-0.5492051498105143f,1.1089135652381827f,-0.8387967242865338f,-0.3490367165081318f,-0.41784378164022323f,-0.15473448867140724f,0f,0f,0f,1f],start_interpolation:0}
execute if entity @s[tag=aj.labyria.bone.skirt_forward] run data modify entity @s {} merge value {transformation:[-0.49999999999999983f,0.47562561162514366f,0.7237266594275826f,-0.026305324755299613f,0f,0.8356875632804468f,-0.5492051498105143f,1.1089135652381827f,-0.8660254037844387f,-0.274602574905257f,-0.41784378164022323f,-0.15473448867140724f,0f,0f,0f,1f],start_interpolation:0}
execute if entity @s[tag=aj.labyria.bone.skirt_back_right] run data modify entity @s {} merge value {transformation:[-0.47816456919415895f,0.2714105876183436f,0.8352813524172736f,-0.026305324755299613f,0.08406169883131553f,0.9608296143009086f,-0.2640834774686983f,1.1089135652381827f,-0.8742381114759054f,-0.05606019274880071f,-0.48224991366718745f,-0.15473448867140724f,0f,0f,0f,1f],start_interpolation:0}
execute if entity @s[tag=aj.labyria.bone.skirt_back_left] run data modify entity @s {} merge value {transformation:[-0.5180301288975863f,0.1842548448706854f,0.8352813524172736f,-0.026305324755299613f,-0.08406169883131553f,0.9608296143009086f,-0.2640834774686983f,1.1089135652381827f,-0.8512217198497366f,-0.20701836735914741f,-0.48224991366718745f,-0.15473448867140724f,0f,0f,0f,1f],start_interpolation:0}
execute if entity @s[tag=aj.labyria.bone.skirt_back] run data modify entity @s {} merge value {transformation:[-0.49999999999999983f,0.2287030002076281f,0.8352813524172736f,-0.026305324755299613f,0f,0.9644998273343752f,-0.2640834774686983f,1.1089135652381827f,-0.8660254037844387f,-0.1320417387343491f,-0.48224991366718745f,-0.15473448867140724f,0f,0f,0f,1f],start_interpolation:0}
execute if entity @s[tag=aj.labyria.bone.skirt_right] run data modify entity @s {} merge value {transformation:[-0.4718955191342554f,0.3430661576916698f,0.8121700748412772f,-0.11566451768235683f,0.0817358079807919f,0.9342445602289093f,-0.3471402589392637f,1.1323588958050512f,-0.8778575492155539f,-0.0974305554195717f,-0.4689066113373697f,-0.326866163891383f,0f,0f,0f,1f],start_interpolation:0}
execute if entity @s[tag=aj.labyria.bone.skirt_left] run data modify entity @s {} merge value {transformation:[-0.5242991789574898f,0.2559104149440117f,0.8121700748412772f,0.07808548231764312f,-0.0817358079807919f,0.9342445602289093f,-0.3471402589392637f,1.1323588958050512f,-0.847602282110088f,-0.2483887300299184f,-0.4689066113373697f,0.008718680075086943f,0f,0f,0f,1f],start_interpolation:0}
execute if entity @s[tag=aj.labyria.bone.coat_downer] run data modify entity @s {} merge value {transformation:[-0.49999999999999983f,0.3287934727025625f,0.801183407409433f,-0.0690514774826616f,0f,0.9251269118761954f,-0.3796579999452327f,0.975568247639118f,-0.8660254037844387f,-0.18982899997261626f,-0.46256345593809756f,-0.13005498588744394f,0f,0f,0f,1f],start_interpolation:0}
execute if entity @s[tag=aj.labyria.bone.body_2] run data modify entity @s {} merge value {transformation:[-0.49999999999999983f,0.3006322829177104f,0.8121700748412772f,2.0809428032386667e-17f,0f,0.9378132226747398f,-0.3471402589392637f,1.1909722222222223f,-0.8660254037844387f,-0.1735701294696318f,-0.4689066113373697f,-0.169921875f,0f,0f,0f,1f],start_interpolation:0}
execute if entity @s[tag=aj.labyria.bone.sphere] run data modify entity @s {} merge value {transformation:[-0.9999999999999999f,0f,1.1102230246251565e-16f,0.6617140612523736f,0f,1f,0f,2.2659722222222225f,-1.1102230246251565e-16f,0f,-0.9999999999999999f,-0.6653842458378676f,0f,0f,0f,1f],start_interpolation:0}