execute if entity @s[tag=aj.labyria.bone.wing_right_1] run data modify entity @s {} merge value {transformation:[-0.5169235793432811f,-0.15459846270675157f,0.6130528304249839f,0.30532750807390724f,-0.36445759328076804f,0.7199304956481984f,-0.12575845331497104f,1.3447311602265366f,-0.5166286096059385f,-0.3531909415725334f,-0.5246860804063573f,-0.19799829996626506f,0f,0f,0f,1f],start_interpolation:0}
execute if entity @s[tag=aj.labyria.bone.wing_right_2] run data modify entity @s {} merge value {transformation:[-0.5257835609874786f,0.05386553550470929f,0.6005415481714129f,0.30532750807390724f,-0.059960265562258114f,0.7881805053142342f,-0.12319195426772674f,1.3447311602265366f,-0.5999636768580495f,-0.12597616888677435f,-0.5139782012143909f,-0.19799829996626506f,0f,0f,0f,1f],start_interpolation:0}
execute if entity @s[tag=aj.labyria.bone.wing_left_1] run data modify entity @s {} merge value {transformation:[0.45959844944750494f,-0.1444904956335088f,0.6594211146008875f,0.3010643574814388f,-0.03811195622190696f,0.790914368837172f,0.19986591606444906f,1.314792900747799f,-0.6739890121528933f,-0.1432529311495054f,0.4383626964725515f,-0.2865420543168077f,0f,0f,0f,1f],start_interpolation:0}
execute if entity @s[tag=aj.labyria.bone.wing_left_2] run data modify entity @s {} merge value {transformation:[0.47011368434119577f,0.04152382098223755f,0.6459635408335225f,0.3010643574814388f,-0.3309851575551317f,0.7015099916244231f,0.19578701981823582f,1.314792900747799f,-0.5562750661977859f,-0.3823081269632347f,0.42941651899351985f,-0.2865420543168077f,0f,0f,0f,1f],start_interpolation:0}
execute if entity @s[tag=aj.labyria.bone.musket] run data modify entity @s {} merge value {transformation:[-1.6234358594454013f,-0.08319642258029086f,0.013820497878572062f,-0.3433499011285818f,-0.08377569751432168f,1.5601682706661988f,-0.4489022614527917f,1.5551652256183854f,0.009709963839210864f,-0.4490099810708921f,-1.5623547593699572f,-0.061085772404052746f,0f,0f,0f,1f],start_interpolation:0}
execute if entity @s[tag=aj.labyria.bone.omega_blade] run data modify entity @s {} merge value {transformation:[-0.000017937240583878897f,-2.9232664592014955e-7f,1.5252193771201328e-7f,-0.3433499011285818f,-3.2308297788737417e-7f,0.000017239672844930154f,-0.000004954050379490285f,1.5551652256183854f,-6.584222655542776e-8f,-0.0000049559603413681f,-0.000017242025387678195f,-0.061085772404052746f,0f,0f,0f,1f],start_interpolation:0}
execute if entity @s[tag=aj.labyria.bone.arm_right_2] run data modify entity @s {} merge value {transformation:[0.002849304915148669f,-0.9964919140672781f,-0.08364058022295709f,-0.3165720789767433f,0.5865590518701519f,0.0694066133309794f,-0.8069270107606463f,1.2311633489531233f,0.8099014508757773f,-0.04676095833552055f,0.5846991129160835f,-0.21044661682350807f,0f,0f,0f,1f],start_interpolation:0}
execute if entity @s[tag=aj.labyria.bone.arm_right_1] run data modify entity @s {} merge value {transformation:[-0.04983759613769878f,-0.9964919140672781f,-0.06723153434027847f,-0.29824149577513104f,-0.04327797642754516f,0.0694066133309794f,-0.9966492556472717f,1.252945429579568f,0.9978192375212821f,-0.04676095833552055f,-0.04658521233171782f,-0.5687467477306456f,0f,0f,0f,1f],start_interpolation:0}
execute if entity @s[tag=aj.labyria.bone.arm_left_2] run data modify entity @s {} merge value {transformation:[0.28585518998908144f,0.9444434029746317f,0.1622142685894301f,-0.07853684148020716f,-0.6247844191429963f,0.3120361107061197f,-0.7157359116402827f,1.5628070823925886f,-0.7265887694923825f,0.10324787742658831f,0.679270664650292f,0.40688857056072114f,0f,0f,0f,1f],start_interpolation:0}
execute if entity @s[tag=aj.labyria.bone.arm_left_1] run data modify entity @s {} merge value {transformation:[0.1905180724311416f,0.9444434029746317f,0.26782367829379816f,-0.005306457389487111f,-0.2637639174456566f,0.3120361107061197f,-0.9127223353622496f,1.4614228266244143f,-0.9455852473102797f,0.10324787742658831f,0.30855861011493596f,0.04342924112583235f,0f,0f,0f,1f],start_interpolation:0}
execute if entity @s[tag=aj.labyria.bone.himo_right_2] run data modify entity @s {} merge value {transformation:[-0.045563359476475385f,0.18388328674398172f,0.9818914996726714f,-0.24197458245413764f,-0.3199717319720309f,0.9284408434940316f,-0.18872119878516436f,1.1319668634062847f,-0.9463308464865953f,-0.3227762955799594f,0.016534569835420836f,-0.31425487245698713f,0f,0f,0f,1f],start_interpolation:0}
execute if entity @s[tag=aj.labyria.bone.himo_right_1] run data modify entity @s {} merge value {transformation:[-0.045563359476475385f,0.05414758110933775f,0.9974928670086944f,-0.2255875805773325f,-0.3199717319720309f,0.9451309628403547f,-0.06592081476500779f,1.3087669138465698f,-0.9463308464865953f,-0.3221730940666389f,-0.02573764650259157f,-0.37482318788512314f,0f,0f,0f,1f],start_interpolation:0}
execute if entity @s[tag=aj.labyria.bone.himo_left_2] run data modify entity @s {} merge value {transformation:[-0.045563359476475385f,0.18388328674398172f,0.9818914996726714f,-0.2277360326177391f,-0.3199717319720309f,0.9284408434940316f,-0.18872119878516436f,1.2319580296475443f,-0.9463308464865953f,-0.3227762955799594f,0.016534569835420836f,-0.01852648292992614f,0f,0f,0f,1f],start_interpolation:0}
execute if entity @s[tag=aj.labyria.bone.himo_left_1] run data modify entity @s {} merge value {transformation:[-0.045563359476475385f,0.05414758110933775f,0.9974928670086944f,-0.21134903074093395f,-0.3199717319720309f,0.9451309628403547f,-0.06592081476500779f,1.4087580800878294f,-0.9463308464865953f,-0.3221730940666389f,-0.02573764650259157f,-0.07909479835806213f,0f,0f,0f,1f],start_interpolation:0}
execute if entity @s[tag=aj.labyria.bone.ribbon_left_himo_1] run data modify entity @s {} merge value {transformation:[-0.8383327002917116f,-0.24767497914132022f,0.48564945004494087f,0.12916864389638433f,-0.4243178929162682f,0.8557546361417838f,-0.2960377146124141f,1.8915095364091072f,-0.3422756336239921f,-0.4542478480182261f,-0.8225000201812185f,-0.24663841731555988f,0f,0f,0f,1f],start_interpolation:0}
execute if entity @s[tag=aj.labyria.bone.ribbon_left_himo_2] run data modify entity @s {} merge value {transformation:[-0.8383327002917116f,-0.24767497914132022f,0.48564945004494087f,0.19366896148047802f,-0.4243178929162682f,0.8557546361417838f,-0.2960377146124141f,1.8521920274371462f,-0.3422756336239921f,-0.4542478480182261f,-0.8225000201812185f,-0.35587670124587795f,0f,0f,0f,1f],start_interpolation:0}
execute if entity @s[tag=aj.labyria.bone.ribbon_left] run data modify entity @s {} merge value {transformation:[-0.8383327002917116f,-0.24767497914132022f,0.48564945004494087f,0.13449280365592103f,-0.4243178929162682f,0.8557546361417838f,-0.2960377146124141f,1.9631199745055565f,-0.3422756336239921f,-0.4542478480182261f,-0.8225000201812185f,-0.35000615359666537f,0f,0f,0f,1f],start_interpolation:0}
execute if entity @s[tag=aj.labyria.bone.ribbon_right_himo_1] run data modify entity @s {} merge value {transformation:[-0.8383327002917116f,-0.24767497914132022f,0.48564945004494087f,-0.3747217047727026f,-0.4243178929162682f,0.8557546361417838f,-0.2960377146124141f,1.6364679628981227f,-0.3422756336239921f,-0.4542478480182261f,-0.8225000201812185f,-0.4523674653506807f,0f,0f,0f,1f],start_interpolation:0}
execute if entity @s[tag=aj.labyria.bone.ribbon_right_himo_2] run data modify entity @s {} merge value {transformation:[-0.8383327002917116f,-0.24767497914132022f,0.48564945004494087f,-0.3102213871886089f,-0.4243178929162682f,0.8557546361417838f,-0.2960377146124141f,1.5971504539261616f,-0.3422756336239921f,-0.4542478480182261f,-0.8225000201812185f,-0.5616057492809987f,0f,0f,0f,1f],start_interpolation:0}
execute if entity @s[tag=aj.labyria.bone.ribbon_right] run data modify entity @s {} merge value {transformation:[-0.8383327002917116f,-0.24767497914132022f,0.48564945004494087f,-0.3685068165191059f,-0.4243178929162682f,0.8557546361417838f,-0.2960377146124141f,1.7085292387557955f,-0.3422756336239921f,-0.4542478480182261f,-0.8225000201812185f,-0.5553715337710606f,0f,0f,0f,1f],start_interpolation:0}
execute if entity @s[tag=aj.labyria.bone.crown] run data modify entity @s {} merge value {transformation:[-0.8720675448003448f,-0.060355687196358365f,0.48564945004494087f,-0.05379971339743131f,-0.22904066153142674f,0.9273090352694213f,-0.2960377146124141f,2.1545791103144807f,-0.4324795632988276f,-0.3693983542610201f,-0.8225000201812185f,-0.5096370400885002f,0f,0f,0f,1f],start_interpolation:0}
execute if entity @s[tag=aj.labyria.bone.ear_edge_a1] run data modify entity @s {} merge value {transformation:[-0.8667563364835842f,-0.11348156165915979f,0.48564945004494087f,-0.022539172963222096f,-0.2852243168287569f,0.9115968191128286f,-0.2960377146124141f,2.1577876807457077f,-0.40912167170063735f,-0.3951115975857587f,-0.8225000201812185f,-0.5127921385978964f,0f,0f,0f,1f],start_interpolation:0}
execute if entity @s[tag=aj.labyria.bone.ear_edge_a2] run data modify entity @s {} merge value {transformation:[-0.8383327002917115f,-0.24767497914132025f,0.48564945004494087f,-0.1215984506422241f,-0.4243178929162682f,0.8557546361417838f,-0.2960377146124141f,2.117536386185331f,-0.3422756336239921f,-0.4542478480182261f,-0.8225000201812185f,-0.5567947909830445f,0f,0f,0f,1f],start_interpolation:0}
execute if entity @s[tag=aj.labyria.bone.ear_edge_b1] run data modify entity @s {} merge value {transformation:[-0.87334863673694f,-0.037506937768560594f,0.48564945004494087f,-0.13925397636856252f,-0.20468805433546675f,0.9329868551804037f,-0.2960377146124141f,2.10436202657545f,-0.44200108497840734f,-0.3579507754982596f,-0.8225000201812185f,-0.5624778170428243f,0f,0f,0f,1f],start_interpolation:0}
execute if entity @s[tag=aj.labyria.bone.ear_edge_b2] run data modify entity @s {} merge value {transformation:[-0.8190136307887069f,-0.30555078833697336f,0.48564945004494087f,-0.11732931379142642f,-0.48297870166270473f,0.8240711409018437f,-0.2960377146124141f,2.1252713816654314f,-0.3097551392995885f,-0.47701726434101654f,-0.8225000201812185f,-0.557058069299636f,0f,0f,0f,1f],start_interpolation:0}
execute if entity @s[tag=aj.labyria.bone.ear_right_2] run data modify entity @s {} merge value {transformation:[-0.8567288880346119f,-0.17366699190699283f,0.48564945004494087f,-0.07964979020317285f,-0.3481193043059583f,0.8894799725101145f,-0.2960377146124141f,2.230169103879407f,-0.3805634800877676f,-0.42268801074241746f,-0.8225000201812185f,-0.6105591525384997f,0f,0f,0f,1f],start_interpolation:0}
execute if entity @s[tag=aj.labyria.bone.ear_right_1] run data modify entity @s {} merge value {transformation:[-0.8567288880346119f,-0.17366699190699283f,0.48564945004494087f,-0.040574717024099524f,-0.3481193043059583f,0.8894799725101145f,-0.2960377146124141f,2.0300361100646316f,-0.3805634800877676f,-0.42268801074241746f,-0.8225000201812185f,-0.5154543501214559f,0f,0f,0f,1f],start_interpolation:0}
execute if entity @s[tag=aj.labyria.bone.ear_edge_a3] run data modify entity @s {} merge value {transformation:[-0.7892665307519389f,-0.375769816650892f,0.48564945004494087f,-0.3498884314764132f,-0.5529633542498317f,0.77884093394212f,-0.2960377146124141f,1.9921014948535347f,-0.2670016334998228f,-0.5021990088703093f,-0.8225000201812185f,-0.6464427463279289f,0f,0f,0f,1f],start_interpolation:0}
execute if entity @s[tag=aj.labyria.bone.ear_edge_a4] run data modify entity @s {} merge value {transformation:[-0.8383327002917116f,-0.2476749791413202f,0.48564945004494087f,-0.2558209849247967f,-0.42431789291626826f,0.8557546361417838f,-0.2960377146124141f,2.049600323439783f,-0.3422756336239921f,-0.4542478480182261f,-0.8225000201812185f,-0.6115953528031901f,0f,0f,0f,1f],start_interpolation:0}
execute if entity @s[tag=aj.labyria.bone.ear_edge_b3] run data modify entity @s {} merge value {transformation:[-0.7535126358439873f,-0.44312900976407854f,0.48564945004494087f,-0.2360257034186356f,-0.6187396218227152f,0.7276832771980828f,-0.2960377146124141f,2.055381502135133f,-0.2222160840491293f,-0.5235587157060467f,-0.8225000201812185f,-0.6019879115213365f,0f,0f,0f,1f],start_interpolation:0}
execute if entity @s[tag=aj.labyria.bone.ear_edge_b4] run data modify entity @s {} merge value {transformation:[-0.8535674971478034f,-0.1885925223434924f,0.48564945004494087f,-0.26290444932938795f,-0.3635898500478291f,0.8832689808145964f,-0.2960377146124141f,2.0515892567155474f,-0.3731285954668061f,-0.4292653818407248f,-0.8225000201812185f,-0.6164936868519707f,0f,0f,0f,1f],start_interpolation:0}
execute if entity @s[tag=aj.labyria.bone.ear_left_2] run data modify entity @s {} merge value {transformation:[-0.813556294500467f,-0.3197980102341409f,0.48564945004494087f,-0.32211244439970904f,-0.4972871661513366f,0.8155164902736373f,-0.2960377146124141f,2.107447847147133f,-0.3013828629166599f,-0.4823505848882662f,-0.8225000201812185f,-0.7095521401273136f,0f,0f,0f,1f],start_interpolation:0}
execute if entity @s[tag=aj.labyria.bone.ear_left_1] run data modify entity @s {} merge value {transformation:[-0.813556294500467f,-0.3197980102341409f,0.48564945004494087f,-0.25015789209702743f,-0.4972871661513366f,0.8155164902736373f,-0.2960377146124141f,1.9239566368355647f,-0.3013828629166599f,-0.4823505848882662f,-0.8225000201812185f,-0.6010232585274539f,0f,0f,0f,1f],start_interpolation:0}
execute if entity @s[tag=aj.labyria.bone.head] run data modify entity @s {} merge value {transformation:[-0.8383327002917116f,-0.24767497914132022f,0.48564945004494087f,-0.033609423064541205f,-0.4243178929162682f,0.8557546361417838f,-0.2960377146124141f,1.5476733010090717f,-0.3422756336239921f,-0.4542478480182261f,-0.8225000201812185f,-0.29973365658445084f,0f,0f,0f,1f],start_interpolation:0}
execute if entity @s[tag=aj.labyria.bone.back_musket] run data modify entity @s {} merge value {transformation:[0.000016247291322903513f,4.227691847315885e-7f,3.353430298151837e-7f,0.1869313713309019f,-2.8155310828978826e-7f,0.000015259778891197444f,-0.00000559692237765338f,1.479285695041817f,-4.6034397836465767e-7f,0.000005588029927506311f,0.000015258691589169014f,-0.39174915422017875f,0f,0f,0f,1f],start_interpolation:0}
execute if entity @s[tag=aj.labyria.bone.body_1] run data modify entity @s {} merge value {transformation:[-0.045563359476475385f,-0.07651460465063267f,0.9960268548329281f,-0.0049164463205539554f,-0.3199717319720309f,0.9456496293726713f,0.05800749267248079f,1.19305468999432f,-0.9463308464865953f,-0.31605742159058137f,-0.0675694845731209f,-0.18121212348798282f,0f,0f,0f,1f],start_interpolation:0}
execute if entity @s[tag=aj.labyria.bone.belt2] run data modify entity @s {} merge value {transformation:[-0.13728863076242864f,0.5419450759557263f,0.8291244577931106f,-0.35668774726882796f,-0.11796969534302612f,0.8221468706475429f,-0.5569180137732356f,0.5936232649722303f,-0.9834810536273949f,-0.17427007124516386f,-0.04893832265366638f,0.2672569962132788f,0f,0f,0f,1f],start_interpolation:0}
execute if entity @s[tag=aj.labyria.bone.leg_left_2] run data modify entity @s {} merge value {transformation:[-0.4999999999999999f,0.4256617534837886f,0.7541963084112162f,-0.222436554506997f,0f,0.8708708833660754f,-0.4915118559151868f,0.6200868574302303f,-0.8660254037844386f,-0.24575592795759332f,-0.4354354416830375f,0.11036137191963391f,0f,0f,0f,1f],start_interpolation:0}
execute if entity @s[tag=aj.labyria.bone.leg_left_1] run data modify entity @s {} merge value {transformation:[-0.4999999999999999f,0.5788098281359582f,0.6441887788942171f,-0.0017653075301629637f,0f,0.7438451298070251f,-0.6683520201677928f,0.9036778131691585f,-0.8660254037844386f,-0.3341760100838963f,-0.3719225649035124f,-0.01704323192485155f,0f,0f,0f,1f],start_interpolation:0}
execute if entity @s[tag=aj.labyria.bone.belt] run data modify entity @s {} merge value {transformation:[-0.5037219445442659f,0.7888012173959409f,-0.3522170382295909f,-0.31438837840513173f,0.3878178237315279f,-0.1578387996364638f,-0.9081212743491155f,1.0905940747075735f,-0.7719206812754046f,-0.5940366594445174f,-0.22640430440986137f,-0.20461101440868731f,0f,0f,0f,1f],start_interpolation:0}
execute if entity @s[tag=aj.labyria.bone.leg_right_2] run data modify entity @s {} merge value {transformation:[-0.4999999999999999f,-0.26767490572018143f,0.8236201459700291f,-0.36403129697325987f,0f,0.9510346259715904f,0.30908435774570886f,0.8670981284553992f,-0.8660254037844386f,0.15454217887285437f,-0.475517312985795f,-0.09656399999644633f,0f,0f,0f,1f],start_interpolation:0}
execute if entity @s[tag=aj.labyria.bone.leg_right_1] run data modify entity @s {} merge value {transformation:[-0.4999999999999999f,0.863360547104669f,-0.06788641766308307f,-0.08019771231374508f,0f,-0.0783884830242007f,-0.9969228885571664f,0.9154061422306933f,-0.8660254037844386f,-0.498461444278583f,0.03919424151210035f,-0.26043539650467357f,0f,0f,0f,1f],start_interpolation:0}
execute if entity @s[tag=aj.labyria.bone.skirt_forward_right] run data modify entity @s {} merge value {transformation:[-0.45714771693987477f,0.51163430812422f,0.7274931612372112f,-0.025738291490733704f,0.07321402644125333f,0.8368401515192775f,-0.5425295080799313f,1.117701941285447f,-0.8863721967824348f,-0.19475342244860172f,-0.4200183724739155f,-0.14753999047934388f,0f,0f,0f,1f],start_interpolation:0}
execute if entity @s[tag=aj.labyria.bone.skirt_forward_left] run data modify entity @s {} merge value {transformation:[-0.5390469811518706f,0.42447856537656176f,0.7274931612372112f,-0.025738291490733704f,-0.07321402644125333f,0.8368401515192775f,-0.5425295080799313f,1.117701941285447f,-0.8390876345432069f,-0.3457115970589484f,-0.4200183724739155f,-0.14753999047934388f,0f,0f,0f,1f],start_interpolation:0}
execute if entity @s[tag=aj.labyria.bone.skirt_forward] run data modify entity @s {} merge value {transformation:[-0.4999999999999999f,0.46984433629989536f,0.7274931612372112f,-0.025738291490733704f,0f,0.8400367449478313f,-0.5425295080799313f,1.117701941285447f,-0.8660254037844386f,-0.2712647540399655f,-0.4200183724739155f,-0.14753999047934388f,0f,0f,0f,1f],start_interpolation:0}
execute if entity @s[tag=aj.labyria.bone.skirt_back_right] run data modify entity @s {} merge value {transformation:[-0.47874522102817685f,0.2647737067858253f,0.8370769961822961f,-0.025738291490733704f,0.08424241023466103f,0.9628951550928531f,-0.25639059385352964f,1.117701941285447f,-0.8739028719832296f,-0.052228387813566785f,-0.48328662907829184f,-0.14753999047934388f,0f,0f,0f,1f],start_interpolation:0}
execute if entity @s[tag=aj.labyria.bone.skirt_back_left] run data modify entity @s {} merge value {transformation:[-0.5174494770635685f,0.1776179640381671f,0.8370769961822961f,-0.025738291490733704f,-0.08424241023466103f,0.9628951550928531f,-0.25639059385352964f,1.117701941285447f,-0.8515569593424122f,-0.20318656242391345f,-0.48328662907829184f,-0.14753999047934388f,0f,0f,0f,1f],start_interpolation:0}
execute if entity @s[tag=aj.labyria.bone.skirt_back] run data modify entity @s {} merge value {transformation:[-0.4999999999999999f,0.22204076756853502f,0.8370769961822961f,-0.025738291490733704f,0f,0.966573258156584f,-0.25639059385352964f,1.117701941285447f,-0.8660254037844386f,-0.1281952969267648f,-0.48328662907829184f,-0.14753999047934388f,0f,0f,0f,1f],start_interpolation:0}
execute if entity @s[tag=aj.labyria.bone.skirt_right] run data modify entity @s {} merge value {transformation:[-0.4724603214809512f,0.33661043732821594f,0.8145395374736719f,-0.1152594939219526f,0.08197426781665439f,0.9369701686249254f,-0.33965736047214135f,1.141215672346748f,-0.8775314604286502f,-0.09370334352991863f,-0.47027462122601754f,-0.31957812946848063f,0f,0f,0f,1f],start_interpolation:0}
execute if entity @s[tag=aj.labyria.bone.skirt_left] run data modify entity @s {} merge value {transformation:[-0.5237343766107941f,0.2494546945805578f,0.8145395374736719f,0.07849050607804735f,-0.08197426781665439f,0.9369701686249254f,-0.33965736047214135f,1.141215672346748f,-0.8479283708969916f,-0.2446615181402653f,-0.47027462122601754f,0.01600671449798935f,0f,0f,0f,1f],start_interpolation:0}
execute if entity @s[tag=aj.labyria.bone.coat_downer] run data modify entity @s {} merge value {transformation:[-0.4999999999999999f,0.32239973326192434f,0.8037775886354633f,-0.0675630151631761f,0f,0.928122414334546f,-0.37227514557087105f,0.983967595874298f,-0.8660254037844386f,-0.18613757278543547f,-0.46406120716727284f,-0.12339247500827757f,0f,0f,0f,1f],start_interpolation:0}
execute if entity @s[tag=aj.labyria.bone.body_2] run data modify entity @s {} merge value {transformation:[-0.4999999999999999f,0.29415190275124287f,0.8145395374736719f,1.9888264018153022e-17f,0f,0.9405492424520354f,-0.33965736047214135f,1.2f,-0.8660254037844386f,-0.16982868023607062f,-0.47027462122601754f,-0.16240000000000004f,0f,0f,0f,1f],start_interpolation:0}
execute if entity @s[tag=aj.labyria.bone.sphere] run data modify entity @s {} merge value {transformation:[-0.9999999999999999f,0f,1.1102230246251565e-16f,0.6617140612523736f,0f,1f,0f,2.275f,-1.1102230246251565e-16f,0f,-0.9999999999999999f,-0.6578623708378677f,0f,0f,0f,1f],start_interpolation:0}