execute if entity @s[tag=aj.labyria.bone.wing_right_1] run data modify entity @s {} merge value {transformation:[-0.5835510579650366f,-0.126938355166908f,0.5570451159285489f,0.3014368402140578f,-0.22060836580229895f,0.7845628800064713f,-0.052320939387922163f,1.333058566218516f,-0.5270147589303069f,-0.18786214559595416f,-0.5949014225618888f,-0.0004824415611880406f,0f,0f,0f,1f],start_interpolation:0}
execute if entity @s[tag=aj.labyria.bone.wing_right_2] run data modify entity @s {} merge value {transformation:[-0.5757140415509447f,0.10387550066251597f,0.5456768482565377f,0.3014368402140578f,0.09445583212565842f,0.7927491462267082f,-0.05125316511469927f,1.333058566218516f,-0.5473860046973491f,0.02754399242914561f,-0.582760577203483f,-0.0004824415611880406f,0f,0f,0f,1f],start_interpolation:0}
execute if entity @s[tag=aj.labyria.bone.wing_left_1] run data modify entity @s {} merge value {transformation:[0.5736950156673514f,-0.1252004689868222f,0.5675767049556928f,0.30043857626771575f,0.0934256710243809f,0.806988620575028f,0.08357903266072271f,1.3201769353406487f,-0.573663766884859f,0.006217175591678273f,0.5812191271246848f,-0.11196407441622254f,0f,0f,0f,1f],start_interpolation:0}
execute if entity @s[tag=aj.labyria.bone.wing_left_2] run data modify entity @s {} merge value {transformation:[0.566142590776559f,0.10175356111208503f,0.5559935068953725f,0.30043857626771575f,-0.2179661485035061f,0.7653675683043984f,0.08187333811662634f,1.3201769353406487f,-0.5215106183150569f,-0.20942468380976742f,0.5693575122854055f,-0.11196407441622254f,0f,0f,0f,1f],start_interpolation:0}
execute if entity @s[tag=aj.labyria.bone.musket] run data modify entity @s {} merge value {transformation:[-1.625087767865276f,-0.032940109948730305f,0.025716463913593616f,-0.32011236428580553f,-0.03289839880550597f,1.625289500186202f,0.002894229693386857f,1.4957775483047957f,-0.025769802399075746f,0.0023728392380894326f,-1.6254190006097688f,0.15479672767497518f,0f,0f,0f,1f],start_interpolation:0}
execute if entity @s[tag=aj.labyria.bone.omega_blade] run data modify entity @s {} merge value {transformation:[-0.00001793610368641597f,2.6259647139302106e-7f,2.8380489195571717e-7f,-0.32011236428580553f,2.631342087299091e-7f,0.000017938312567419186f,3.1940493381459754e-8f,1.4957775483047957f,-2.8330639188368e-7f,3.609570796224864e-8f,-0.000017937997440113957f,0.15479672767497518f,0f,0f,0f,1f],start_interpolation:0}
execute if entity @s[tag=aj.labyria.bone.arm_right_2] run data modify entity @s {} merge value {transformation:[0.006479999405388612f,-0.9933373872773233f,-0.11506017836231153f,-0.2999967862311787f,0.3379214496320564f,0.11046889808426284f,-0.9346687736490495f,1.225398495450968f,0.9411520087033098f,-0.03282464916963405f,0.3363858482763725f,-0.07864161747186471f,0f,0f,0f,1f],start_interpolation:0}
execute if entity @s[tag=aj.labyria.bone.arm_right_1] run data modify entity @s {} merge value {transformation:[-0.06655534473361813f,-0.9933373872773233f,-0.0940809285904961f,-0.2754904534138441f,-0.31738490914722806f,0.11046889808426284f,-0.941840454642746f,1.3453452000172703f,0.9459583529590478f,-0.03282464916963405f,-0.3226225920078991f,-0.4165790093664732f,0f,0f,0f,1f],start_interpolation:0}
execute if entity @s[tag=aj.labyria.bone.arm_left_2] run data modify entity @s {} merge value {transformation:[0.288371819445711f,0.9480028679623467f,0.13465606590397475f,-0.08528619841331808f,-0.38226943702170535f,0.24291937273650538f,-0.8915493569446455f,1.398044242857336f,-0.8779019143780691f,0.20562281168311092f,0.4324436241255652f,0.6134417219576397f,0f,0f,0f,1f],start_interpolation:0}
execute if entity @s[tag=aj.labyria.bone.arm_left_1] run data modify entity @s {} merge value {transformation:[0.20444551302039587f,0.9480028679623467f,0.24391103816964188f,-0.0067024543461033995f,0.030331271969096678f,0.24291937273650538f,-0.969572169717159f,1.4097028255204576f,-0.978407913984021f,0.20562281168311092f,0.02090964296605795f,0.2373661800200316f,0f,0f,0f,1f],start_interpolation:0}
execute if entity @s[tag=aj.labyria.bone.himo_right_2] run data modify entity @s {} merge value {transformation:[-0.008894976260604925f,0.23069528961207308f,0.9729853867084154f,-0.2360809300769731f,-0.11478106694763464f,0.9663569201922779f,-0.23017299899609853f,1.171974655480024f,-0.9933509883559212f,-0.11372768417275135f,0.01788372961708567f,-0.19084146852415265f,0f,0f,0f,1f],start_interpolation:0}
execute if entity @s[tag=aj.labyria.bone.himo_right_1] run data modify entity @s {} merge value {transformation:[-0.008894976260604925f,0.10172158181622902f,0.9947731395600342f,-0.21079080136417996f,-0.11478106694763464f,0.9881332078884858f,-0.10206894796348681f,1.3566117010343435f,-0.9933509883559212f,-0.11508902319862911f,0.002886290265984347f,-0.2124026210597332f,0f,0f,0f,1f],start_interpolation:0}
execute if entity @s[tag=aj.labyria.bone.himo_left_2] run data modify entity @s {} merge value {transformation:[-0.008894976260604925f,0.23069528961207308f,0.9729853867084154f,-0.23330124999553406f,-0.11478106694763464f,0.9663569201922779f,-0.23017299899609853f,1.2078437389011598f,-0.9933509883559212f,-0.11372768417275135f,0.01788372961708567f,0.11958071533707273f,0f,0f,0f,1f],start_interpolation:0}
execute if entity @s[tag=aj.labyria.bone.himo_left_1] run data modify entity @s {} merge value {transformation:[-0.008894976260604925f,0.10172158181622902f,0.9947731395600342f,-0.20801112128274094f,-0.11478106694763464f,0.9881332078884858f,-0.10206894796348681f,1.3924807844554792f,-0.9933509883559212f,-0.11508902319862911f,0.002886290265984347f,0.09801956280149218f,0f,0f,0f,1f],start_interpolation:0}
execute if entity @s[tag=aj.labyria.bone.ribbon_left_himo_1] run data modify entity @s {} merge value {transformation:[-0.8338945818239137f,-0.2817360400338394f,0.47459944179357255f,0.13942159503801876f,-0.30771591027303924f,0.9511762044762294f,0.023973873342224162f,1.8757617529673563f,-0.45818199983145846f,-0.12605011616117193f,-0.8798753452882971f,0.08607143138733696f,0f,0f,0f,1f],start_interpolation:0}
execute if entity @s[tag=aj.labyria.bone.ribbon_left_himo_2] run data modify entity @s {} merge value {transformation:[-0.8338945818239137f,-0.2817360400338394f,0.47459944179357255f,0.2024543334012276f,-0.30771591027303924f,0.9511762044762294f,0.023973873342224162f,1.8789457830206204f,-0.45818199983145846f,-0.12605011616117193f,-0.8798753452882971f,-0.030787012908765017f,0f,0f,0f,1f],start_interpolation:0}
execute if entity @s[tag=aj.labyria.bone.ribbon_left] run data modify entity @s {} merge value {transformation:[-0.8338945818239137f,-0.2817360400338394f,0.47459944179357255f,0.14037262074773618f,-0.30771591027303924f,0.9511762044762294f,0.023973873342224162f,1.9788870812736152f,-0.45818199983145846f,-0.12605011616117193f,-0.8798753452882971f,0.013921915538535987f,0f,0f,0f,1f],start_interpolation:0}
execute if entity @s[tag=aj.labyria.bone.ribbon_right_himo_1] run data modify entity @s {} merge value {transformation:[-0.8338945818239137f,-0.2817360400338394f,0.47459944179357255f,-0.3618011670495175f,-0.30771591027303924f,0.9511762044762294f,0.023973873342224162f,1.6908052586488675f,-0.45818199983145846f,-0.12605011616117193f,-0.8798753452882971f,-0.18932458688635906f,0f,0f,0f,1f],start_interpolation:0}
execute if entity @s[tag=aj.labyria.bone.ribbon_right_himo_2] run data modify entity @s {} merge value {transformation:[-0.8338945818239137f,-0.2817360400338394f,0.47459944179357255f,-0.2987684286863086f,-0.30771591027303924f,0.9511762044762294f,0.023973873342224162f,1.6939892887021315f,-0.45818199983145846f,-0.12605011616117193f,-0.8798753452882971f,-0.30618303118246104f,0f,0f,0f,1f],start_interpolation:0}
execute if entity @s[tag=aj.labyria.bone.ribbon_right] run data modify entity @s {} merge value {transformation:[-0.8338945818239137f,-0.2817360400338394f,0.47459944179357255f,-0.35996412834661207f,-0.30771591027303924f,0.9511762044762294f,0.023973873342224162f,1.7942575351097916f,-0.45818199983145846f,-0.12605011616117193f,-0.8798753452882971f,-0.2609872843603391f,0f,0f,0f,1f],start_interpolation:0}
execute if entity @s[tag=aj.labyria.bone.crown] run data modify entity @s {} merge value {transformation:[-0.8751067903310076f,-0.09456994959177548f,0.47459944179357255f,-0.056790374482933816f,-0.0945496040428988f,0.9952314433197446f,0.023973873342224162f,2.2072687222998835f,-0.474603495448456f,-0.02389348994824715f,-0.8798753452882971f,-0.06707976307972233f,0f,0f,0f,1f],start_interpolation:0}
execute if entity @s[tag=aj.labyria.bone.ear_edge_a1] run data modify entity @s {} merge value {transformation:[-0.8677011824581844f,-0.14781754905929714f,0.47459944179357255f,-0.02571195239139982f,-0.1551306760860642f,0.987603020820639f,0.023973873342224162f,2.212433466961604f,-0.47225960159402675f,-0.05282277402835487f,-0.8798753452882971f,-0.0692996846852401f,0f,0f,0f,1f],start_interpolation:0}
execute if entity @s[tag=aj.labyria.bone.ear_edge_a2] run data modify entity @s {} merge value {transformation:[-0.8338945818239137f,-0.28173604003383945f,0.47459944179357255f,-0.12460327168924021f,-0.30771591027303924f,0.9511762044762294f,0.023973873342224162f,2.1865745728345547f,-0.4581819998314585f,-0.12605011616117193f,-0.8798753452882971f,-0.12334563908571891f,0f,0f,0f,1f],start_interpolation:0}
execute if entity @s[tag=aj.labyria.bone.ear_edge_b1] run data modify entity @s {} merge value {transformation:[-0.877282465772183f,-0.07162991761762402f,0.47459944179357255f,-0.14201253240697934f,-0.0684650822088714f,0.9973654224581396f,0.023973873342224162f,2.1755925002427956f,-0.47506631933532256f,-0.011461631078904952f,-0.8798753452882971f,-0.13303531647204708f,0f,0f,0f,1f],start_interpolation:0}
execute if entity @s[tag=aj.labyria.bone.ear_edge_b2] run data modify entity @s {} merge value {transformation:[-0.8122103438545915f,-0.3392192907026891f,0.47459944179357255f,-0.12055770276850648f,-0.37331702771494457f,0.9273940102324634f,0.023973873342224162f,2.1940622002740096f,-0.44827307988957515f,-0.15770422505473397f,-0.8798753452882971f,-0.12095946905080679f,0f,0f,0f,1f],start_interpolation:0}
execute if entity @s[tag=aj.labyria.bone.ear_right_2] run data modify entity @s {} merge value {transformation:[-0.8552762750083494f,-0.20798524769096358f,0.47459944179357255f,-0.08704741210793956f,-0.22364448974745282f,0.9743759005653683f,0.023973873342224162f,2.3122165279124336f,-0.4674244704906275f,-0.08563726490468995f,-0.8798753452882971f,-0.13518127665062676f,0f,0f,0f,1f],start_interpolation:0}
execute if entity @s[tag=aj.labyria.bone.ear_right_1] run data modify entity @s {} merge value {transformation:[-0.8552762750083494f,-0.20798524769096358f,0.47459944179357255f,-0.04025073137747283f,-0.22364448974745282f,0.9743759005653683f,0.023973873342224162f,2.092981950285226f,-0.4674244704906275f,-0.08563726490468995f,-0.8798753452882971f,-0.11591289204707154f,0f,0f,0f,1f],start_interpolation:0}
execute if entity @s[tag=aj.labyria.bone.ear_edge_a3] run data modify entity @s {} merge value {transformation:[-0.7795547290476911f,-0.4087172546744391f,0.47459944179357255f,-0.3513282297276408f,-0.45272415749853656f,0.8913282732047779f,0.023973873342224162f,2.0922776206901417f,-0.432822436614163f,-0.1961736860977496f,-0.8798753452882971f,-0.24820901013172342f,0f,0f,0f,1f],start_interpolation:0}
execute if entity @s[tag=aj.labyria.bone.ear_edge_a4] run data modify entity @s {} merge value {transformation:[-0.8338945818239138f,-0.2817360400338394f,0.47459944179357255f,-0.25811523425250993f,-0.3077159102730392f,0.9511762044762295f,0.023973873342224162f,2.1373072481774775f,-0.45818199983145846f,-0.12605011616117195f,-0.8798753452882971f,-0.19670356626503122f,0f,0f,0f,1f],start_interpolation:0}
execute if entity @s[tag=aj.labyria.bone.ear_edge_b3] run data modify entity @s {} merge value {transformation:[-0.7409662320447226f,-0.4751046335478909f,0.47459944179357255f,-0.2382719516479544f,-0.5286857830812446f,0.8484789898192779f,0.023973873342224162f,2.1400717576217034f,-0.4140777532507845f,-0.23315014693665112f,-0.8798753452882971f,-0.18592489528904663f,0f,0f,0f,1f],start_interpolation:0}
execute if entity @s[tag=aj.labyria.bone.ear_edge_b4] run data modify entity @s {} merge value {transformation:[-0.8515161692133804f,-0.2228801996979526f,0.47459944179357255f,-0.26536216611718266f,-0.24061563184777882f,0.9703243638636851f,0.023973873342224162f,2.1406278235288374f,-0.46585870312645655f,-0.09378190377218606f,-0.8798753452882971f,-0.20052204212389518f,0f,0f,0f,1f],start_interpolation:0}
execute if entity @s[tag=aj.labyria.bone.ear_left_2] run data modify entity @s {} merge value {transformation:[-0.806166447352483f,-0.3533426509951856f,0.47459944179357255f,-0.32822647330736787f,-0.3894454269175011f,0.9207374831351314f,0.023973873342224162f,2.2232189064223706f,-0.4454524874957164f,-0.16550364992252628f,-0.8798753452882971f,-0.26769671323750455f,0f,0f,0f,1f],start_interpolation:0}
execute if entity @s[tag=aj.labyria.bone.ear_left_1] run data modify entity @s {} merge value {transformation:[-0.806166447352483f,-0.3533426509951856f,0.47459944179357255f,-0.24872437683345125f,-0.3894454269175011f,0.9207374831351314f,0.023973873342224162f,2.0160529727169663f,-0.4454524874957164f,-0.16550364992252628f,-0.8798753452882971f,-0.23045839200493617f,0f,0f,0f,1f],start_interpolation:0}
execute if entity @s[tag=aj.labyria.bone.head] run data modify entity @s {} merge value {transformation:[-0.8338945818239137f,-0.2817360400338394f,0.47459944179357255f,-0.014929066144168439f,-0.30771591027303924f,0.9511762044762294f,0.023973873342224162f,1.566290473165084f,-0.45818199983145846f,-0.12605011616117193f,-0.8798753452882971f,-0.08108885295314393f,0f,0f,0f,1f],start_interpolation:0}
execute if entity @s[tag=aj.labyria.bone.back_musket] run data modify entity @s {} merge value {transformation:[0.00001623151320004357f,6.526718145500537e-7f,-6.145427583197992e-7f,0.20752509893470278f,-8.797477904809899e-7f,0.000013738952422886205f,-0.000008644818922875894f,1.5090065427425683f,1.7229951960229938e-7f,0.000008664921804994041f,0.000013753367116869365f,-0.17603438577100194f,0f,0f,0f,1f],start_interpolation:0}
execute if entity @s[tag=aj.labyria.bone.body_1] run data modify entity @s {} merge value {transformation:[-0.008894976260604925f,-0.028992610447041323f,0.9995400481905612f,-0.004056837226527943f,-0.11478106694763464f,0.993002262435439f,0.027781531067638837f,1.1939146247517942f,-0.9933509883559212f,-0.11448115712887283f,-0.01216053431179881f,-0.03815841902981662f,0f,0f,0f,1f],start_interpolation:0}
execute if entity @s[tag=aj.labyria.bone.belt2] run data modify entity @s {} merge value {transformation:[-0.12317281098785238f,0.3850485931835256f,0.9146398414243382f,-0.2534605810604758f,-0.038688029302573895f,0.9190942608281772f,-0.39213387522807797f,0.49990349693530345f,-0.9916308259740787f,-0.08368584468172846f,-0.0983106524130099f,0.3512087640152045f,0f,0f,0f,1f],start_interpolation:0}
execute if entity @s[tag=aj.labyria.bone.leg_left_2] run data modify entity @s {} merge value {transformation:[-0.4999999999999999f,0.26128364408678517f,0.8256699445497153f,-0.12753919763160526f,-1.3877787807814457e-17f,0.9534015294951231f,-0.3017043644967036f,0.5658843389963342f,-0.8660254037844385f,-0.15085218224835178f,-0.47670076474756146f,0.1991223573822425f,0f,0f,0f,1f],start_interpolation:0}
execute if entity @s[tag=aj.labyria.bone.leg_left_1] run data modify entity @s {} merge value {transformation:[-0.4999999999999999f,0.43379786248630936f,0.7495461390083394f,0.037846237441300175f,-1.3877787807814457e-17f,0.8655013302530189f,-0.50090662536071f,0.8958567211552977f,-0.8660254037844385f,-0.2504533126803549f,-0.43275066512650934f,0.1036370319228572f,0f,0f,0f,1f],start_interpolation:0}
execute if entity @s[tag=aj.labyria.bone.belt] run data modify entity @s {} merge value {transformation:[-0.5547867807823645f,0.799724146354188f,-0.2294622356885898f,-0.2977827406912631f,0.375495503763675f,-0.005436320061123198f,-0.9268082720160933f,1.0532688576436047f,-0.7424383843272141f,-0.6003430154189007f,-0.29727682270122757f,-0.07064828381285476f,0f,0f,0f,1f],start_interpolation:0}
execute if entity @s[tag=aj.labyria.bone.leg_right_2] run data modify entity @s {} merge value {transformation:[-0.4999999999999999f,-0.390990834393589f,0.7727393916581483f,-0.3167029978417708f,-1.3877787807814457e-17f,0.8922825915745192f,0.45147732697563f,0.8175247740864615f,-0.8660254037844385f,0.22573866348781493f,-0.4461412957872595f,0.019660993759701345f,0f,0f,0f,1f],start_interpolation:0}
execute if entity @s[tag=aj.labyria.bone.leg_right_1] run data modify entity @s {} merge value {transformation:[-0.4999999999999999f,0.8635438224472152f,0.0655138665722953f,-0.042661919234529416f,-1.3877787807814457e-17f,0.07564889700233582f,-0.9971345166938761f,0.915594403518039f,-0.8660254037844385f,-0.49856725834693794f,-0.037824448501167895f,-0.13855669674320484f,0f,0f,0f,1f],start_interpolation:0}
execute if entity @s[tag=aj.labyria.bone.skirt_forward_right] run data modify entity @s {} merge value {transformation:[-0.4672240363530303f,0.39646145021252316f,0.7902657896868402f,-0.014645879748578108f,0.079531387378753f,0.9090479174503202f,-0.40903134623259185f,1.114149853765295f,-0.8805546310568088f,-0.12825834192994517f,-0.45626016640704925f,-0.010394197384639604f,0f,0f,0f,1f],start_interpolation:0}
execute if entity @s[tag=aj.labyria.bone.skirt_forward_left] run data modify entity @s {} merge value {transformation:[-0.5289706617387151f,0.309305707464865f,0.7902657896868402f,-0.014645879748578108f,-0.07953138737875302f,0.9090479174503202f,-0.40903134623259185f,1.114149853765295f,-0.8449052002688328f,-0.2792165165402918f,-0.45626016640704925f,-0.010394197384639604f,0f,0f,0f,1f],start_interpolation:0}
execute if entity @s[tag=aj.labyria.bone.skirt_forward] run data modify entity @s {} merge value {transformation:[-0.4999999999999999f,0.35423153678157293f,0.7902657896868402f,-0.014645879748578108f,-1.3877787807814457e-17f,0.9125203328140987f,-0.40903134623259185f,1.114149853765295f,-0.8660254037844385f,-0.20451567311629587f,-0.45626016640704925f,-0.010394197384639604f,0f,0f,0f,1f],start_interpolation:0}
execute if entity @s[tag=aj.labyria.bone.skirt_back_right] run data modify entity @s {} merge value {transformation:[-0.49001900071500687f,0.1359138153155497f,0.8610509936958651f,-0.014645879748578108f,0.08665512416983526f,0.9904726015634957f,-0.10702763665124608f,1.114149853765295f,-0.8673939522462537f,0.022168905214542754f,-0.4971280229963023f,-0.010394197384639604f,0f,0f,0f,1f],start_interpolation:0}
execute if entity @s[tag=aj.labyria.bone.skirt_back_left] run data modify entity @s {} merge value {transformation:[-0.5061756973767384f,0.04875807256789151f,0.8610509936958651f,-0.014645879748578108f,-0.08665512416983528f,0.9904726015634957f,-0.10702763665124608f,1.114149853765295f,-0.8580658790793878f,-0.12878926939580387f,-0.4971280229963023f,-0.010394197384639604f,0f,0f,0f,1f],start_interpolation:0}
execute if entity @s[tag=aj.labyria.bone.skirt_back] run data modify entity @s {} merge value {transformation:[-0.4999999999999999f,0.09268865224698959f,0.8610509936958651f,-0.014645879748578108f,-1.3877787807814457e-17f,0.9942560459926049f,-0.10702763665124608f,1.114149853765295f,-0.8660254037844385f,-0.05351381832562304f,-0.4971280229963023f,-0.010394197384639604f,0f,0f,0f,1f],start_interpolation:0}
execute if entity @s[tag=aj.labyria.bone.skirt_right] run data modify entity @s {} merge value {transformation:[-0.4835090915866702f,0.210322417138661f,0.849696086375584f,-0.10733634267755576f,0.08551238011520906f,0.9774109772504487f,-0.1932754883510964f,1.1386784669752108f,-0.8711524500338989f,-0.020790921078054247f,-0.4905722641983148f,-0.18060256297226326f,0f,0f,0f,1f],start_interpolation:0}
execute if entity @s[tag=aj.labyria.bone.skirt_left] run data modify entity @s {} merge value {transformation:[-0.5126856065050751f,0.12316667439100286f,0.849696086375584f,0.08641365732244419f,-0.08551238011520909f,0.9774109772504487f,-0.1932754883510964f,1.1386784669752108f,-0.8543073812917427f,-0.17174909568840088f,-0.4905722641983148f,0.15498228099420666f,0f,0f,0f,1f],start_interpolation:0}
execute if entity @s[tag=aj.labyria.bone.coat_downer] run data modify entity @s {} merge value {transformation:[-0.4999999999999999f,0.19693348432863517f,0.8433369449693184f,-0.038445434340017584f,-1.3877787807814457e-17f,0.9738016243911851f,-0.22739920037917688f,0.974643366133899f,-0.8660254037844385f,-0.11369960018958843f,-0.48690081219559245f,0.0033464818653211673f,0f,0f,0f,1f],start_interpolation:0}
execute if entity @s[tag=aj.labyria.bone.body_2] run data modify entity @s {} merge value {transformation:[-0.4999999999999999f,0.16738148284089285f,0.849696086375584f,2.308459216392768e-18f,-1.3877787807814457e-17f,0.9811445283966298f,-0.1932754883510964f,1.2f,-0.8660254037844385f,-0.09663774417554818f,-0.4905722641983148f,-0.01885000000000006f,0f,0f,0f,1f],start_interpolation:0}
execute if entity @s[tag=aj.labyria.bone.sphere] run data modify entity @s {} merge value {transformation:[-0.9999999999999999f,0f,1.1102230246251565e-16f,0.6617140612523736f,0f,1f,0f,2.275f,-1.1102230246251565e-16f,0f,-0.9999999999999999f,-0.5143123708378677f,0f,0f,0f,1f],start_interpolation:0}