execute if entity @s[tag=aj.axia.bone.wing_right_1] run data modify entity @s {} merge value {transformation:[-0.7587090597051788f,-0.18391781560967524f,-0.23974829356450703f,-0.10813007170241981f,-0.27620621811651797f,0.15935523325300233f,0.7518380671082677f,1.1684353878753402f,-0.12253624867563889f,0.7795669254019767f,-0.21024918792769515f,0.019302936266019265f,0f,0f,0f,1f],start_interpolation:0}
execute if entity @s[tag=aj.axia.bone.wing_right_2] run data modify entity @s {} merge value {transformation:[-0.7555964790299744f,0.11796977792179972f,-0.23485547124686404f,-0.10813007170241981f,-0.1902354260018946f,0.24776285582735083f,0.7364944330856501f,1.1684353878753402f,0.1813406837181966f,0.7514630388577717f,-0.20595838817406872f,0.019302936266019265f,0f,0f,0f,1f],start_interpolation:0}
execute if entity @s[tag=aj.axia.bone.wing_left_1] run data modify entity @s {} merge value {transformation:[-0.764588510323433f,0.08468064563401137f,0.274186145858694f,-0.1548557174345714f,0.2859006402136045f,0.15764584507490964f,0.7485673355821193f,1.08537082852978f,0.024691663599060283f,0.7968195656672024f,-0.177238105279554f,0.03795002647763155f,0f,0f,0f,1f],start_interpolation:0}
execute if entity @s[tag=aj.axia.bone.wing_left_2] run data modify entity @s {} merge value {transformation:[-0.7237161361050415f,-0.2099859332340028f,0.2685905102289248f,-0.1548557174345714f,0.1996499233311291f,0.24984999963670831f,0.7332904511824843f,1.08537082852978f,-0.2763600232578214f,0.7303977584339796f,-0.17362100109017536f,0.03795002647763155f,0f,0f,0f,1f],start_interpolation:0}
execute if entity @s[tag=aj.axia.bone.blade] run data modify entity @s {} merge value {transformation:[0.6624970645023656f,1.8643258172343076f,-0.29221034670144136f,0.30369971305145027f,-0.5091628405111654f,0.47480385850558415f,1.8749171975825518f,0.5738597841396837f,1.8170995683694247f,-0.5466722447150923f,0.6319007956078332f,0.05606859788513083f,0f,0f,0f,1f],start_interpolation:0}
execute if entity @s[tag=aj.axia.bone.arm_right_2] run data modify entity @s {} merge value {transformation:[0.8847283448108748f,-0.3708266287050247f,-0.2823886813090691f,-0.04123768607892414f,-0.2963672564553719f,-0.9151545079110923f,0.2732373985220946f,0.5768938748589892f,-0.3597529780131431f,-0.15805011260126306f,-0.9195640036002948f,0.17529955878685258f,0f,0f,0f,1f],start_interpolation:0}
execute if entity @s[tag=aj.axia.bone.arm_right_1] run data modify entity @s {} merge value {transformation:[0.7056664154359596f,-0.6498396285194433f,-0.2823886813090691f,-0.3169847236915025f,-0.5901837502398786f,-0.7596212641847715f,0.2732373985220946f,0.807441470354258f,-0.3920689366406827f,-0.026153244617853053f,-0.9195640036002948f,0.3284830968586386f,0f,0f,0f,1f],start_interpolation:0}
execute if entity @s[tag=aj.axia.bone.arm_left_2] run data modify entity @s {} merge value {transformation:[-0.02106724047085351f,0.9728992117561185f,-0.23026787692438994f,0.44022198238388566f,0.8033941040480407f,0.15356138667807462f,0.5753058439668004f,0.8146324432223149f,0.5950748566019143f,-0.17287574811357886f,-0.7848566052180369f,0.06513108886818986f,0f,0f,0f,1f],start_interpolation:0}
execute if entity @s[tag=aj.axia.bone.arm_left_1] run data modify entity @s {} merge value {transformation:[-0.4683478808281022f,0.8530105318110436f,-0.23026787692438994f,0.2672571849852568f,0.6414590947236107f,0.5074972075726261f,0.5753058439668004f,1.0567655325173333f,0.6076022484489269f,0.12173584897402687f,-0.7848566052180369f,0.29336235656458126f,0f,0f,0f,1f],start_interpolation:0}
execute if entity @s[tag=aj.axia.bone.ear_edge_a1] run data modify entity @s {} merge value {transformation:[-0.9904294396542496f,0.1102365378167785f,-0.08305077240061412f,0.17373001212586023f,0.013315114904313474f,0.675238234145808f,0.7374795148766751f,1.4005528144509947f,0.13737624533103812f,0.7293155920983874f,-0.6702436380458417f,0.6491559984848725f,0f,0f,0f,1f],start_interpolation:0}
execute if entity @s[tag=aj.axia.bone.ear_edge_a2] run data modify entity @s {} merge value {transformation:[-0.9954804035499328f,-0.046057956443201056f,-0.08305077240061412f,0.05860144627418812f,-0.09247934818863467f,0.6690078738668696f,0.7374795148766751f,1.3966424280343972f,0.021594821292793137f,0.741826886377413f,-0.6702436380458417f,0.6591190717060269f,0f,0f,0f,1f],start_interpolation:0}
execute if entity @s[tag=aj.axia.bone.ear_edge_b1] run data modify entity @s {} merge value {transformation:[-0.9712485539529934f,0.23278529386281122f,-0.04987237116303676f,0.03100606595540331f,-0.0028896728232108877f,0.19794526758547837f,0.9802088149121534f,1.442536491351551f,0.23805019688123316f,0.9521705088909854f,-0.19158138156691562f,0.6121199025700372f,0f,0f,0f,1f],start_interpolation:0}
execute if entity @s[tag=aj.axia.bone.ear_edge_b2] run data modify entity @s {} merge value {transformation:[-0.9956468780234142f,-0.07874033830765914f,-0.04987237116303676f,0.05998509386125204f,-0.06391669380848496f,0.18736417859640142f,0.9802088149121534f,1.4459258687814576f,-0.0678376778407154f,0.9791295234554472f,-0.19158138156691562f,0.6219175393907034f,0f,0f,0f,1f],start_interpolation:0}
execute if entity @s[tag=aj.axia.bone.ear_right_2] run data modify entity @s {} merge value {transformation:[-0.9957065154739209f,0.07798257265157718f,-0.04987237116303676f,0.11518546048944144f,-0.033819558197599686f,0.19505618844792133f,0.9802088149121534f,1.49952979970915f,0.08616711975052532f,0.9776869650920025f,-0.19158138156691562f,0.718691413160759f,0f,0f,0f,1f],start_interpolation:0}
execute if entity @s[tag=aj.axia.bone.ear_right_1] run data modify entity @s {} merge value {transformation:[-0.9957065154739209f,0.04087914194847546f,-0.08305077240061412f,0.10598765355103447f,-0.033819558197599686f,0.6745222032080065f,0.7374795148766751f,1.3477623039873488f,0.08616711975052532f,0.7371218984218102f,-0.6702436380458417f,0.552838986015852f,0f,0f,0f,1f],start_interpolation:0}
execute if entity @s[tag=aj.axia.bone.ear_edge_a3] run data modify entity @s {} merge value {transformation:[-0.9910142828395552f,-0.06613921454898704f,-0.11625960393380394f,-0.19946992491399526f,-0.1329887912887802f,0.39425438273080127f,0.9093280283204209f,1.3496959320536126f,-0.014306383175042438f,0.9166182880547378f,-0.3995074985579758f,0.6906110517405114f,0f,0f,0f,1f],start_interpolation:0}
execute if entity @s[tag=aj.axia.bone.ear_edge_a4] run data modify entity @s {} merge value {transformation:[-0.9891597051700326f,0.08970385811707907f,-0.11625960393380394f,-0.08462957232398746f,-0.06967650513350908f,0.41020448747335275f,0.9093280283204209f,1.3618554087593935f,0.12926044367985928f,0.9075712072865882f,-0.3995074985579758f,0.6848681284218295f,0f,0f,0f,1f],start_interpolation:0}
execute if entity @s[tag=aj.axia.bone.ear_edge_b3] run data modify entity @s {} merge value {transformation:[-0.988664384894379f,-0.10689188288375587f,-0.10543651841266495f,-0.06885911463609276f,-0.1051398529097921f,-0.00842291964560526f,0.9944217745779458f,1.4070532889413916f,-0.10718369918754483f,0.9942349721259103f,-0.0029111561732117486f,0.6555051414837778f,0f,0f,0f,1f],start_interpolation:0}
execute if entity @s[tag=aj.axia.bone.ear_edge_b4] run data modify entity @s {} merge value {transformation:[-0.9733071140545562f,0.2038538749099628f,-0.10543651841266495f,-0.09617968798369969f,-0.10259676754491838f,0.02447932872002468f,0.9944217745779458f,1.4041971818552945f,0.20529774723587435f,0.978695233537801f,-0.0029111561732117486f,0.6693865877078127f,0f,0f,0f,1f],start_interpolation:0}
execute if entity @s[tag=aj.axia.bone.ear_left_2] run data modify entity @s {} merge value {transformation:[-0.9932138602379051f,0.049085317726734454f,-0.10543651841266495f,-0.1422146689130074f,-0.10516304177972653f,0.008128277116617844f,0.9944217745779458f,1.4310680577842798f,0.04966852599941106f,0.9987615144241299f,-0.0029111561732117486f,0.7809409739456354f,0f,0f,0f,1f],start_interpolation:0}
execute if entity @s[tag=aj.axia.bone.ear_left_1] run data modify entity @s {} merge value {transformation:[-0.9932138602379051f,0.003151559054459581f,-0.11625960393380394f,-0.1429237697002608f,-0.10516304177972653f,0.40257082799742383f,0.9093280283204209f,1.3404896214848596f,0.04966852599941106f,0.9153834148164337f,-0.3995074985579758f,0.5749797056119381f,0f,0f,0f,1f],start_interpolation:0}
execute if entity @s[tag=aj.axia.bone.head] run data modify entity @s {} merge value {transformation:[-0.9956456930051811f,0.014112062222466054f,-0.09214392926319986f,-0.022820992174152024f,-0.029090730009956323f,0.8920710748062313f,0.450957788403242f,0.8728471060103092f,0.08856287838434425f,0.4516747139190822f,-0.8877761932933297f,0.3601690609707819f,0f,0f,0f,1f],start_interpolation:0}
execute if entity @s[tag=aj.axia.bone.body_1] run data modify entity @s {} merge value {transformation:[-0.9445173864035168f,-0.06045948383544895f,-0.3228491251278539f,-0.00014868573585866972f,-0.3274366990062887f,0.25089425586959213f,0.9109540496180413f,0.7787617600592122f,0.025925179369382996f,0.9661245898878648f,-0.25677064062830585f,-0.0021276602371674046f,0f,0f,0f,1f],start_interpolation:0}
execute if entity @s[tag=aj.axia.bone.leg_left_2] run data modify entity @s {} merge value {transformation:[-0.9860178635581224f,0.09317118117580263f,-0.13815897995635926f,0.12836330474685806f,-0.1666394677532295f,-0.5525235473465788f,0.8166694664394362f,0.7826934596073968f,-0.0002460308848977555f,0.8282734214170213f,0.5603240837613044f,-0.6279050829904835f,0f,0f,0f,1f],start_interpolation:0}
execute if entity @s[tag=aj.axia.bone.leg_left_1] run data modify entity @s {} merge value {transformation:[-0.9860178635581224f,0.02293915672061779f,-0.1650532272729705f,0.13475130793390264f,-0.1666394677532295f,-0.13719473358888207f,0.9764265936886378f,0.7443783941031317f,-0.0002460308848977555f,0.9902784457739261f,0.13909902697136708f,-0.2778804602505943f,0f,0f,0f,1f],start_interpolation:0}
execute if entity @s[tag=aj.axia.bone.leg_right_2] run data modify entity @s {} merge value {transformation:[-0.9842932987506648f,0.028049576704925097f,-0.17429837429307585f,-0.055042645247715474f,-0.17619212880488486f,-0.21811207168708346f,0.9598872110469918f,0.37937528339597393f,-0.011092149554414243f,0.9755205510039466f,0.21962836516993778f,-0.17490788565440313f,0f,0f,0f,1f],start_interpolation:0}
execute if entity @s[tag=aj.axia.bone.leg_right_1] run data modify entity @s {} merge value {transformation:[-0.9842932987506648f,-0.15234825941020483f,0.08920039175483244f,-0.11162697192394898f,-0.17619212880488486f,0.8794764381772752f,-0.442128407183046f,0.7018833511044126f,-0.011092149554414243f,-0.4509004352910909f,-0.8925053286521981f,-0.27658425045925744f,0f,0f,0f,1f],start_interpolation:0}
execute if entity @s[tag=aj.axia.bone.coat_downer] run data modify entity @s {} merge value {transformation:[-0.9850020843814628f,-0.041310550813158535f,-0.16752412410064152f,0.0014394227335139476f,-0.1723975919902899f,0.19585835712650732f,0.9653592979920249f,0.7332667613945616f,-0.007068524607245825f,0.9797616762944032f,-0.20004272949711963f,-0.21908410028360126f,0f,0f,0f,1f],start_interpolation:0}
execute if entity @s[tag=aj.axia.bone.body_2] run data modify entity @s {} merge value {transformation:[-0.9850020843814628f,-0.04088280399549819f,-0.16762902523620238f,0f,-0.1723975919902899f,0.19339359963307096f,0.9658560896411603f,0.777825f,-0.007068524607245825f,0.9802691018074727f,-0.19754119570724382f,0f,0f,0f,0f,1f],start_interpolation:0}