execute if entity @s[tag=aj.axia.bone.wing_right_1] run data modify entity @s {} merge value {transformation:[-0.8157186481167477f,0.02355899029894375f,-0.03150405585197176f,0.00803817010385488f,0.016352975128608234f,0.7979079244163595f,0.17326271613496286f,1.3175860750987998f,0.03577864954792173f,0.1724307471830818f,-0.7974534281742448f,-0.042372662001604985f,0f,0f,0f,1f],start_interpolation:0}
execute if entity @s[tag=aj.axia.bone.wing_right_2] run data modify entity @s {} merge value {transformation:[-0.7294140029507109f,0.3271128304156937f,-0.030861115936625397f,0.00803817010385488f,0.313914438116517f,0.7159962000443174f,0.16972674233629015f,1.3175860750987998f,0.0970202960282624f,0.14264164083300354f,-0.7811788684155868f,-0.042372662001604985f,0f,0f,0f,1f],start_interpolation:0}
execute if entity @s[tag=aj.axia.bone.wing_left_1] run data modify entity @s {} merge value {transformation:[-0.7331458891691565f,0.2966655976849809f,0.2035462423849293f,-0.04278105055615791f,0.3314996432118608f,0.7365721224928505f,0.1204738119311851f,1.3289993385205217f,-0.1398196559472962f,0.19077598371135354f,-0.7816645266955571f,-0.045786312927569524f,0f,0f,0f,1f],start_interpolation:0}
execute if entity @s[tag=aj.axia.bone.wing_left_2] run data modify entity @s {} merge value {transformation:[-0.7747273376668421f,-0.006347276659814077f,0.1993922374382981f,-0.04278105055615791f,0.023893995799081413f,0.7908865268391758f,0.1180151627080997f,1.3289993385205217f,-0.19805713629253635f,0.12024231261610671f,-0.765712189416056f,-0.045786312927569524f,0f,0f,0f,1f],start_interpolation:0}
execute if entity @s[tag=aj.axia.bone.blade] run data modify entity @s {} merge value {transformation:[-1.2223096374358493f,0.9975447807360719f,1.2291719003693768f,-0.14395759855555532f,0.5804012692040814f,-1.1623979705762884f,1.5205148222580456f,1.1542820857638474f,1.4727842737270567f,1.2859764260772228f,0.42091699257207327f,0.8663804180607422f,0f,0f,0f,1f],start_interpolation:0}
execute if entity @s[tag=aj.axia.bone.arm_right_2] run data modify entity @s {} merge value {transformation:[0.42985945477391935f,-0.6811358375522003f,-0.5926844185091519f,-0.3185940945763481f,-0.5108061712277907f,0.35781747900924404f,-0.7816928470640333f,1.3594255135834852f,0.7445118565725289f,0.6387649196046473f,-0.19411716283058178f,0.6242519890316882f,0f,0f,0f,1f],start_interpolation:0}
execute if entity @s[tag=aj.axia.bone.arm_right_1] run data modify entity @s {} merge value {transformation:[-0.005356124910846152f,-0.8054169677765723f,-0.5926844185091519f,-0.31660228562512716f,-0.23717867580056903f,0.5768037522367676f,-0.7816928470640333f,1.4476263336468218f,0.9714512791032951f,0.13638526101884085f,-0.19411716283058178f,0.2629935446151503f,0f,0f,0f,1f],start_interpolation:0}
execute if entity @s[tag=aj.axia.bone.arm_left_2] run data modify entity @s {} merge value {transformation:[0.04181501701970086f,0.9030238664511798f,-0.4275504659934354f,0.45583400344268227f,0.6341430594089388f,-0.3546703346605513f,-0.6870746203399188f,1.1211968244370794f,-0.7720842470579965f,-0.24239812361347635f,-0.5874768634708539f,0.4894357515784105f,0f,0f,0f,1f],start_interpolation:0}
execute if entity @s[tag=aj.axia.bone.arm_left_1] run data modify entity @s {} merge value {transformation:[-0.5092337403745254f,0.7469147184873026f,-0.4275504659934354f,0.2737825797031207f,0.7200033246042543f,0.09758933673090038f,-0.6870746203399188f,1.3677830672379396f,-0.4714617802356742f,-0.6577193357834756f,-0.5874768634708539f,0.3335368833953676f,0f,0f,0f,1f],start_interpolation:0}
execute if entity @s[tag=aj.axia.bone.ear_edge_a1] run data modify entity @s {} merge value {transformation:[-0.9800797072060964f,-0.0069722012637125075f,0.19848213000759213f,0.05761944286412343f,0.03286368942656688f,0.9799130477699397f,0.1966987461259023f,2.118441111664708f,-0.19586665218991867f,0.1993033045881736f,-0.9601637606888457f,0.5254335190773095f,0f,0f,0f,1f],start_interpolation:0}
execute if entity @s[tag=aj.axia.bone.ear_edge_a2] run data modify entity @s {} merge value {transformation:[-0.9669226070865161f,-0.16020460659002334f,0.19848213000759213f,-0.05536999234391611f,-0.12083309053827293f,0.972989705754109f,0.1966987461259023f,2.1143281403668164f,-0.2246331145133869f,0.1662092552292696f,-0.9601637606888457f,0.5012341053763342f,0f,0f,0f,1f],start_interpolation:0}
execute if entity @s[tag=aj.axia.bone.ear_edge_b1] run data modify entity @s {} merge value {transformation:[-0.9904134319567917f,-0.006481135654428122f,0.1379827115264757f,-0.06390204371146246f,0.08457137695102857f,0.7613527274147676f,0.6427983405849007f,2.1196410526877987f,-0.10921957700053937f,0.6483054984640526f,-0.753505849122022f,0.435649166612491f,0f,0f,0f,1f],start_interpolation:0}
execute if entity @s[tag=aj.axia.bone.ear_edge_b2] run data modify entity @s {} merge value {transformation:[-0.9399363672286858f,-0.312218508229001f,0.1379827115264757f,-0.038434828758192985f,-0.15483877234355062f,0.75022346532246f,0.6427983405849007f,2.1302066187914006f,-0.3042114069854769f,0.5828244634526052f,-0.753505849122022f,0.44932598643415933f,0f,0f,0f,1f],start_interpolation:0}
execute if entity @s[tag=aj.axia.bone.ear_right_2] run data modify entity @s {} merge value {transformation:[-0.9772059261235853f,-0.16133613751651388f,0.1379827115264757f,-0.004435597017248168f,-0.035571643657442586f,0.7652090900589238f,0.6427983405849007f,2.235711812649531f,-0.20929222660302987f,0.623238075876664f,-0.753505849122022f,0.5040831854241905f,0f,0f,0f,1f],start_interpolation:0}
execute if entity @s[tag=aj.axia.bone.ear_right_1] run data modify entity @s {} merge value {transformation:[-0.9772059261235853f,-0.0753221216947278f,0.19848213000759213f,0.012511880364065558f,-0.035571643657442586f,0.9798184839244491f,0.1966987461259023f,2.0152526537665305f,-0.20929222660302987f,0.1851548447743101f,-0.9601637606888457f,0.46242334534997076f,0f,0f,0f,1f],start_interpolation:0}
execute if entity @s[tag=aj.axia.bone.ear_edge_a3] run data modify entity @s {} merge value {transformation:[-0.8763902767566963f,-0.45086949220733774f,0.16928314683694476f,-0.3299881191195446f,-0.3854853512302126f,0.8674218331874807f,0.3146115180609098f,2.0427340449305027f,-0.2886886329477501f,0.2104663020684498f,-0.93400364501451f,0.44102883881819777f,0f,0f,0f,1f],start_interpolation:0}
execute if entity @s[tag=aj.axia.bone.ear_edge_a4] run data modify entity @s {} merge value {transformation:[-0.9361319859799504f,-0.30822089647234413f,0.16928314683694476f,-0.2252658050587875f,-0.24504471644140263f,0.917045625717479f,0.3146115180609098f,2.080200943300556f,-0.25221021345176853f,0.253035964499559f,-0.93400364501451f,0.4726296155378963f,0f,0f,0f,1f],start_interpolation:0}
execute if entity @s[tag=aj.axia.bone.ear_edge_b3] run data modify entity @s {} merge value {transformation:[-0.82825320712025f,-0.5603014925718872f,0.00767217809594356f,-0.1936843197721479f,-0.4301608929465709f,0.6445309769824249f,0.6320928934021406f,2.0947421685079006f,-0.35910754806106376f,0.5202326951776448f,-0.7748546391380605f,0.43076975986264904f,0f,0f,0f,1f],start_interpolation:0}
execute if entity @s[tag=aj.axia.bone.ear_edge_b4] run data modify entity @s {} merge value {transformation:[-0.9608582929524347f,-0.27693406895468353f,0.00767217809594356f,-0.22445526388494377f,-0.20993629500352085f,0.7459124118492096f,0.6320928934021406f,2.0944271951376945f,-0.18077082979487574f,0.6057410298976764f,-0.7748546391380605f,0.4302081415017962f,0f,0f,0f,1f],start_interpolation:0}
execute if entity @s[tag=aj.axia.bone.ear_left_2] run data modify entity @s {} merge value {transformation:[-0.9057064999849266f,-0.42383590405759436f,0.00767217809594356f,-0.3144427189187648f,-0.3240380399572183f,0.703887720287259f,0.6320928934021406f,2.1754722249025025f,-0.2733040148730684f,0.5700045645961856f,-0.7748546391380605f,0.45510002006102535f,0f,0f,0f,1f],start_interpolation:0}
execute if entity @s[tag=aj.axia.bone.ear_left_1] run data modify entity @s {} merge value {transformation:[-0.9057064999849266f,-0.38863730145475694f,0.16928314683694476f,-0.2269993260914446f,-0.3240380399572183f,0.8921989359801402f,0.3146115180609098f,1.9747274643069712f,-0.2733040148730684f,0.23009151777905756f,-0.93400364501451f,0.4033294285607375f,0f,0f,0f,1f],start_interpolation:0}
execute if entity @s[tag=aj.axia.bone.head] run data modify entity @s {} merge value {transformation:[-0.9580448258220406f,-0.2095924667015086f,0.19550219849810627f,-0.005937027382232146f,-0.16210075783823702f,0.9587525507149012f,0.23348852392770897f,1.496332860422623f,-0.236375667156933f,0.19200141770218282f,-0.9525030181455943f,0.36424137970003523f,0f,0f,0f,1f],start_interpolation:0}
execute if entity @s[tag=aj.axia.bone.body_1] run data modify entity @s {} merge value {transformation:[-0.9736074635541122f,0.20185608126605442f,0.10650178105384002f,-0.08163305785700256f,0.21865818299809486f,0.9587096887648093f,0.1818360021460385f,1.1368167271358194f,-0.06539958654073963f,0.20032437476351822f,-0.9775443923198095f,0.2891197391637159f,0f,0f,0f,1f],start_interpolation:0}
execute if entity @s[tag=aj.axia.bone.leg_left_2] run data modify entity @s {} merge value {transformation:[-0.9759585526484039f,0.15252293917695084f,-0.15569732347492837f,0.007777162900087602f,-0.08921734529229827f,0.3722010595365547f,0.923854229074512f,0.6086281230043611f,0.1988596711538746f,0.915534338135217f,-0.34964511562995204f,-0.04789688902718414f,0f,0f,0f,1f],start_interpolation:0}
execute if entity @s[tag=aj.axia.bone.leg_left_1] run data modify entity @s {} merge value {transformation:[-0.9759585526484039f,0.07342641064739935f,-0.2052156566441065f,0.03322195118784782f,-0.08921734529229827f,0.7244663048054679f,0.6835121348597301f,0.8706566901485326f,0.1988596711538746f,0.6853883099535257f,-0.7004981768481787f,0.19453814881319637f,0f,0f,0f,1f],start_interpolation:0}
execute if entity @s[tag=aj.axia.bone.leg_right_2] run data modify entity @s {} merge value {transformation:[-0.9749871897320505f,0.08403431760438654f,-0.20576251680800278f,-0.19106729806662767f,0.03976073376065156f,0.9767808653883107f,0.21051894228804535f,0.539390886768123f,0.21867570489017094f,0.1970720032780604f,-0.9556900970580153f,0.3917821227493844f,0f,0f,0f,1f],start_interpolation:0}
execute if entity @s[tag=aj.axia.bone.leg_right_1] run data modify entity @s {} merge value {transformation:[-0.9749871897320505f,-0.043091620461382846f,-0.2180437848332547f,-0.21500406869433067f,0.03976073376065156f,0.9313845843354519f,-0.36185886767231784f,0.8736472523618729f,0.21867570489017094f,-0.36147734134837495f,-0.9063746839924961f,0.22428147102340792f,0f,0f,0f,1f],start_interpolation:0}
execute if entity @s[tag=aj.axia.bone.coat_downer] run data modify entity @s {} merge value {transformation:[-0.993322520247188f,0.038259296424829954f,-0.10884207369786568f,-0.09666379752992073f,0f,0.9434127273464941f,0.3316209068811097f,0.9289726533086685f,0.11537058017438687f,0.32940651498980195f,-0.9371131079610928f,0.22742400874159663f,0f,0f,0f,1f],start_interpolation:0}
execute if entity @s[tag=aj.axia.bone.body_2] run data modify entity @s {} merge value {transformation:[-0.993322520247188f,0.03347525747792584f,-0.11040732723221407f,-0.08142383749776552f,0f,0.9569799082688961f,0.29015419205942067f,1.1427978515625f,0.11537058017438687f,0.28821669331675037f,-0.9505896943075827f,0.2909210934969456f,0f,0f,0f,1f],start_interpolation:0}