execute if entity @s[tag=aj.axia.bone.wing_right_1] run data modify entity @s {} merge value {transformation:[-0.34315830214002335f,0.15510756679047893f,0.724657482429567f,0.40003154674950675f,-0.08534344628278437f,0.7849938364751288f,-0.20843612287000668f,1.0586839836323532f,-0.736140829117227f,-0.1633118607598362f,-0.3136404952907163f,0.4123115578985656f,0f,0f,0f,1f],start_interpolation:0}
execute if entity @s[tag=aj.axia.bone.wing_right_2] run data modify entity @s {} merge value {transformation:[-0.25242106355589916f,0.2690171786477109f,0.7098685542167187f,0.40003154674950675f,0.21703549956548712f,0.7424319297504444f,-0.20418232444408818f,1.0586839836323532f,-0.7274470417849455f,0.128158445993454f,-0.3072396688562119f,0.4123115578985656f,0f,0f,0f,1f],start_interpolation:0}
execute if entity @s[tag=aj.axia.bone.wing_left_1] run data modify entity @s {} merge value {transformation:[0.10951115117094765f,0.19630586347199092f,0.7851214938977117f,0.39160606579112317f,0.08376308040950459f,0.785272497617979f,-0.208027150366428f,1.0586275431251293f,-0.804944407132548f,0.10842304596247802f,0.08516683024918596f,0.3567520355261595f,0f,0f,0f,1f],start_interpolation:0}
execute if entity @s[tag=aj.axia.bone.wing_left_2] run data modify entity @s {} merge value {transformation:[0.0255204338172086f,0.21871452008432127f,0.7690986062671462f,0.39160606579112317f,-0.21857023264644893f,0.7420916876178135f,-0.20378169831813356f,1.0586275431251293f,-0.7691396237736414f,-0.20362682994347928f,0.08342873167267197f,0.3567520355261595f,0f,0f,0f,1f],start_interpolation:0}
execute if entity @s[tag=aj.axia.bone.blade] run data modify entity @s {} merge value {transformation:[1.9025429044555882f,-0.5937165884107508f,-0.1668265846668175f,0.19278919904909322f,0.19408121650825927f,0.06288374168425989f,1.9895673188988752f,1.2029411159584928f,-0.5853742205669549f,-1.9088075460029184f,0.11743412714344942f,-0.5964893154172424f,0f,0f,0f,1f],start_interpolation:0}
execute if entity @s[tag=aj.axia.bone.arm_right_2] run data modify entity @s {} merge value {transformation:[0.1334492540462264f,0.9678704285833297f,-0.21311529759364445f,0.24310235069269426f,-0.05538584593399822f,-0.20741917876823598f,-0.9766830050478436f,1.2095238312820653f,-0.9895067986955326f,0.14214118950196125f,0.025926387760087093f,-0.23326888699898624f,0f,0f,0f,1f],start_interpolation:0}
execute if entity @s[tag=aj.axia.bone.arm_right_1] run data modify entity @s {} merge value {transformation:[0.2825737798179574f,0.9352721148900811f,-0.21311529759364445f,0.13717027052575187f,-0.08701700433371372f,-0.19626091971531284f,-0.9766830050478436f,1.242061637600368f,-0.9552905840194276f,0.29452966319461715f,0.025926387760087093f,0.121712136516412f,0f,0f,0f,1f],start_interpolation:0}
execute if entity @s[tag=aj.axia.bone.arm_left_2] run data modify entity @s {} merge value {transformation:[0.14856505788403712f,0.20525897940305357f,0.9673661018199521f,0.10243027135247858f,0.06871906996699739f,0.97371422665087f,-0.21715960545315288f,1.3448440604418395f,-0.9865120947047651f,0.0987388281888891f,0.13055470427794408f,1.0938417783041257f,0f,0f,0f,1f],start_interpolation:0}
execute if entity @s[tag=aj.axia.bone.arm_left_1] run data modify entity @s {} merge value {transformation:[0.14329012545812866f,0.20897551290968092f,0.9673661018199521f,0.15724300238574218f,0.04390192255241547f,0.9751483615099975f,-0.21715960545315288f,1.3654849638034197f,-0.9887065091028759f,0.07358605879175156f,0.13055470427794408f,0.7220312963454381f,0f,0f,0f,1f],start_interpolation:0}
execute if entity @s[tag=aj.axia.bone.ear_edge_a1] run data modify entity @s {} merge value {transformation:[-0.5837989817158846f,0.6488655721801079f,0.48800842020079677f,0.5659562365908993f,0.5499369319915919f,0.758215569565867f,-0.35025493700957755f,1.8501568045286263f,-0.5972839523871131f,0.06389537782413705f,-0.79948061947338f,0.5272327902664629f,0f,0f,0f,1f],start_interpolation:0}
execute if entity @s[tag=aj.axia.bone.ear_edge_a2] run data modify entity @s {} merge value {transformation:[-0.6781163861591117f,0.5495506788601294f,0.48800842020079677f,0.4933854250704919f,0.4245552487805462f,0.8349097674798789f,-0.35025493700957755f,1.907472911232954f,-0.5999258350457954f,-0.030327075873971498f,-0.79948061947338f,0.4578247082260576f,0f,0f,0f,1f],start_interpolation:0}
execute if entity @s[tag=aj.axia.bone.ear_edge_b1] run data modify entity @s {} merge value {transformation:[-0.5750492671942222f,0.381437648643799f,0.7237566307098526f,0.507470521160958f,0.624774476123081f,0.7758878246095076f,0.08749250029491579f,1.8912188488319568f,-0.5281810241617146f,0.5024971679719359f,-0.6844862320716658f,0.39323448801261596f,0f,0f,0f,1f],start_interpolation:0}
execute if entity @s[tag=aj.axia.bone.ear_edge_b2] run data modify entity @s {} merge value {transformation:[-0.664775068481172f,0.18506876513711162f,0.7237566307098526f,0.5287076806417785f,0.35443331319880067f,0.9309791022826803f,0.08749250029491579f,1.8880779883836156f,-0.6576101693410574f,0.3146862934472354f,-0.6844862320716658f,0.41528859597077733f,0f,0f,0f,1f],start_interpolation:0}
execute if entity @s[tag=aj.axia.bone.ear_right_2] run data modify entity @s {} merge value {transformation:[-0.6276394509873076f,0.28678399374420005f,0.7237566307098526f,0.613093360574431f,0.4957068687941856f,0.8640716189196405f,0.08749250029491579f,1.961309160879949f,-0.600286114944045f,0.4136848780288184f,-0.6844862320716658f,0.46822154344554195f,0f,0f,0f,1f],start_interpolation:0}
execute if entity @s[tag=aj.axia.bone.ear_right_1] run data modify entity @s {} merge value {transformation:[-0.6276394509873076f,0.6065612099182356f,0.48800842020079677f,0.4766170883428282f,0.4957068687941856f,0.7947302557035821f,-0.35025493700957755f,1.7824948533466434f,-0.600286114944045f,0.022075309552648865f,-0.79948061947338f,0.46325459879619596f,0f,0f,0f,1f],start_interpolation:0}
execute if entity @s[tag=aj.axia.bone.ear_edge_a3] run data modify entity @s {} merge value {transformation:[-0.7944938837425656f,0.25874086579406613f,0.5493929677960866f,0.27098299243128243f,0.1488271914241612f,0.9600610312726803f,-0.23692463638134748f,2.0014425870864136f,-0.5887528647815234f,-0.10647056212763577f,-0.8012702937285111f,0.29429149431929713f,0f,0f,0f,1f],start_interpolation:0}
execute if entity @s[tag=aj.axia.bone.ear_edge_a4] run data modify entity @s {} merge value {transformation:[-0.7442363567221401f,0.37984156206129405f,0.5493929677960866f,0.36053567489371696f,0.2971815155662788f,0.9249593847738916f,-0.23692463638134748f,1.9765329004129617f,-0.5981600054656658f,-0.013058493387075078f,-0.8012702937285111f,0.36305896627088796f,0f,0f,0f,1f],start_interpolation:0}
execute if entity @s[tag=aj.axia.bone.ear_edge_b3] run data modify entity @s {} merge value {transformation:[-0.7773985112148344f,-0.04271591069760017f,0.6275562968644597f,0.401608024809724f,0.06168336723138618f,0.987705524634782f,0.1436417725208364f,1.951745272592138f,-0.6259766105598173f,0.15037668562381734f,-0.7652059431635633f,0.33737394067255805f,0f,0f,0f,1f],start_interpolation:0}
execute if entity @s[tag=aj.axia.bone.ear_edge_b4] run data modify entity @s {} merge value {transformation:[-0.7525498621847803f,0.19960410614873247f,0.6275562968644597f,0.38081771380231716f,0.3638821609026077f,0.9203025666398638f,0.1436417725208364f,1.9698780833926168f,-0.5488701831057295f,0.33645413750561093f,-0.7652059431635633f,0.32372733795652187f,0f,0f,0f,1f],start_interpolation:0}
execute if entity @s[tag=aj.axia.bone.ear_left_2] run data modify entity @s {} merge value {transformation:[-0.7745096861615957f,0.07942191327104173f,0.6275562968644597f,0.3716003069198994f,0.21543512798661102f,0.9658958260684558f,0.1436417725208364f,2.090446883771982f,-0.5947457033651099f,0.2464496152886068f,-0.7652059431635633f,0.29796208389810436f,0f,0f,0f,1f],start_interpolation:0}
execute if entity @s[tag=aj.axia.bone.ear_left_1] run data modify entity @s {} merge value {transformation:[-0.7745096861615957f,0.31353167779041863f,0.5493929677960866f,0.30105567941705536f,0.21543512798661102f,0.9473407107820073f,-0.23692463638134748f,1.8772952238460303f,-0.5947457033651099f,-0.06514188143557369f,-0.8012702937285111f,0.3126190072211084f,0f,0f,0f,1f],start_interpolation:0}
execute if entity @s[tag=aj.axia.bone.head] run data modify entity @s {} merge value {transformation:[-0.7022456357030913f,0.49179658750072486f,0.5147690585676292f,0.12070409970558175f,0.37920148199754733f,0.8703384094779444f,-0.3141930760508035f,1.3936651373654778f,-0.6025423663003501f,-0.02543952652947897f,-0.7976813444622676f,0.425902102369456f,0f,0f,0f,1f],start_interpolation:0}
execute if entity @s[tag=aj.axia.bone.body_1] run data modify entity @s {} merge value {transformation:[-0.14990675724673574f,0.26000809976818223f,0.9538992358665078f,0.02320106229251341f,-0.001011759856281437f,0.9647605103881537f,-0.26312760010607505f,1.0318799459699202f,-0.9886996209535844f,-0.04040972222780481f,-0.1443610538743403f,0.44105574820488286f,0f,0f,0f,1f],start_interpolation:0}
execute if entity @s[tag=aj.axia.bone.leg_left_2] run data modify entity @s {} merge value {transformation:[-0.16659183331779498f,0.9848378436230499f,0.048389904316061716f,-0.28544290790224175f,0.0008926630809754246f,0.04922630687664886f,-0.9987872515525567f,0.9056583390853793f,-0.9860255393368063f,-0.16634660344950716f,-0.009079829093795032f,0.6201102148877563f,0f,0f,0f,1f],start_interpolation:0}
execute if entity @s[tag=aj.axia.bone.leg_left_1] run data modify entity @s {} merge value {transformation:[-0.16659183331779498f,0.9086911671011237f,-0.3827891376518071f,0.030963713825049605f,0.0008926630809754246f,-0.3880749146970185f,-0.9216273996228226f,0.7602413517762541f,-0.9860255393368063f,-0.15387729987005822f,0.06383895644714357f,0.5665207636460601f,0f,0f,0f,1f],start_interpolation:0}
execute if entity @s[tag=aj.axia.bone.leg_right_2] run data modify entity @s {} merge value {transformation:[-0.16753978245491194f,-0.3206070521620891f,0.9322776085474199f,-0.21934547500169146f,0.000008217258682535766f,0.9456435333199253f,0.32520502428880793f,0.49128500185170354f,-0.9858653159673676f,0.0544924397888646f,-0.15843027734123144f,0.3554723549975775f,0f,0f,0f,1f],start_interpolation:0}
execute if entity @s[tag=aj.axia.bone.leg_right_1] run data modify entity @s {} merge value {transformation:[-0.16753978245491194f,0.49864575309481063f,0.8504603660462198f,-0.01054269503793031f,0.000008217258682535766f,0.8626544098364841f,-0.5057938009922068f,0.7633573590201848f,-0.9858653159673676f,-0.08473359493245028f,-0.1445330296589191f,0.319990290586126f,0f,0f,0f,1f],start_interpolation:0}
execute if entity @s[tag=aj.axia.bone.coat_downer] run data modify entity @s {} merge value {transformation:[-0.16695995332637692f,0.032221253098446874f,0.9854370425521969f,0.013344144661869273f,0f,0.9994658674734774f,-0.03267995953928826f,0.8210034930329004f,-0.9859636778224916f,-0.005456244519387456f,-0.16687077458467856f,0.4348011674011913f,0f,0f,0f,1f],start_interpolation:0}
execute if entity @s[tag=aj.axia.bone.body_2] run data modify entity @s {} merge value {transformation:[-0.16695995332637692f,0.0747454299565801f,0.9831263879511425f,0.03134945130315495f,0f,0.9971223180577855f,-0.07580951675791542f,1.0437980109739369f,-0.9859636778224916f,-0.012657153379596746f,-0.16647949568361659f,0.43967592592592586f,0f,0f,0f,1f],start_interpolation:0}