execute if entity @s[tag=aj.axia.bone.wing_right_1] run data modify entity @s {} merge value {transformation:[-0.791351825733974f,-0.1400866650734578f,-0.1451979979908373f,0.028125149871748995f,-0.11882132868274822f,0.7985789706542703f,-0.12287214461901791f,1.7878084461688133f,0.1630589592816557f,-0.09793772685644384f,-0.7942067878711566f,0.06496945312262112f,0f,0f,0f,1f],start_interpolation:0}
execute if entity @s[tag=aj.axia.bone.wing_right_2] run data modify entity @s {} merge value {transformation:[-0.7687078536783152f,0.1698749683994705f,-0.1422347735420447f,0.028125149871748995f,0.19182989182899826f,0.7672767869190921f,-0.12036454983087469f,1.7878084461688133f,0.1108581449157105f,-0.14976256997792606f,-0.7779984860778678f,0.06496945312262112f,0f,0f,0f,1f],start_interpolation:0}
execute if entity @s[tag=aj.axia.bone.wing_left_1] run data modify entity @s {} merge value {transformation:[-0.7927160889728785f,0.1392272475639557f,0.13842478197112246f,-0.024912817642014015f,0.11880211754407694f,0.7985823580963483f,-0.12286870492018581f,1.787807802938975f,-0.1563064413101108f,-0.09912837796254599f,-0.795415806689764f,0.06519554180574244f,0f,0f,0f,1f],start_interpolation:0}
execute if entity @s[tag=aj.axia.bone.wing_left_2] run data modify entity @s {} merge value {transformation:[-0.7696203729021623f,-0.17116418882640047f,0.1355997864206914f,-0.024912817642014015f,-0.19184854824935021f,0.767272650890276f,-0.12036118032997795f,1.787807802938975f,-0.10430060473723793f,-0.14830879832029203f,-0.7791828310430341f,0.06519554180574244f,0f,0f,0f,1f],start_interpolation:0}
execute if entity @s[tag=aj.axia.bone.blade] run data modify entity @s {} merge value {transformation:[-0.9037629627302877f,0.2100212633859233f,1.7717515559814678f,-0.5494980241041719f,1.4744984589564296f,-1.030297930337285f,0.8742656743106291f,1.3902075970972545f,1.004523171326618f,1.7012869374883492f,0.3107345404029405f,0.6906896157603402f,0f,0f,0f,1f],start_interpolation:0}
execute if entity @s[tag=aj.axia.bone.arm_right_2] run data modify entity @s {} merge value {transformation:[-0.34325921436932916f,-0.9365875892059703f,-0.07054643503324279f,-0.4688411028938837f,-0.7235732977328032f,0.31158238975015773f,-0.6159205283197311f,1.6412454523659465f,0.5988445495774567f,-0.16037488002467662f,-0.7846432968543372f,0.4584030059702362f,0f,0f,0f,1f],start_interpolation:0}
execute if entity @s[tag=aj.axia.bone.arm_right_1] run data modify entity @s {} merge value {transformation:[-0.46589420248454205f,-0.883333231224511f,0.0516235867192225f,-0.2955866963449446f,-0.8427909538577342f,0.425226555928216f,-0.3299784602500565f,1.9546583383317915f,0.26952921954189474f,-0.19724294346792826f,-0.9425758436673649f,0.35817182745309406f,0f,0f,0f,1f],start_interpolation:0}
execute if entity @s[tag=aj.axia.bone.arm_left_2] run data modify entity @s {} merge value {transformation:[-0.25063463113967477f,0.9608533552192687f,-0.11808095289822342f,0.39659024069850846f,-0.954584529865705f,-0.22499798494648657f,0.19530561208293765f,2.387392780513055f,0.1610920762003824f,0.1616686009523605f,0.9736080353261035f,0.3357830310424989f,0f,0f,0f,1f],start_interpolation:0}
execute if entity @s[tag=aj.axia.bone.arm_left_1] run data modify entity @s {} merge value {transformation:[-0.25063463113967477f,0.9608533552192687f,-0.11808095289822342f,0.30142658603906464f,-0.954584529865705f,-0.22499798494648657f,0.19530561208293765f,2.061363704480592f,0.1610920762003824f,0.1616686009523605f,0.9736080353261035f,0.389642789102452f,0f,0f,0f,1f],start_interpolation:0}
execute if entity @s[tag=aj.axia.bone.ear_edge_a1] run data modify entity @s {} merge value {transformation:[-0.9981389120152266f,0.06067547474381656f,-0.00609910531735905f,0.18779950021136171f,0.06073977336369682f,0.9803096663512934f,-0.1878926235644787f,2.7057486259386456f,-0.005421462236934309f,-0.187913397135033f,-0.9821706383945638f,0.2857559248158716f,0f,0f,0f,1f],start_interpolation:0}
execute if entity @s[tag=aj.axia.bone.ear_edge_a2] run data modify entity @s {} merge value {transformation:[-0.9953419011243664f,-0.0962148677723977f,-0.00609910531735905f,0.07218143736995307f,-0.09336225226771734f,0.9777422215806969f,-0.1878926235644787f,2.704847776396722f,0.02404141671431449f,-0.18644797493666648f,-0.9821706383945638f,0.28664622808044177f,0f,0f,0f,1f],start_interpolation:0}
execute if entity @s[tag=aj.axia.bone.ear_edge_b1] run data modify entity @s {} merge value {transformation:[-0.9664927584455593f,0.2565425595528199f,0.008812661935080762f,0.03673433891056796f,0.25592435509041106f,0.9656836856892064f,-0.04424639720099002f,2.701010950535765f,-0.019861327847134472f,-0.04050844765969739f,-0.9989817782744339f,0.2692703088353991f,0f,0f,0f,1f],start_interpolation:0}
execute if entity @s[tag=aj.axia.bone.ear_edge_b2] run data modify entity @s {} merge value {transformation:[-0.9984652465539953f,-0.05467621433025191f,0.008812661935080762f,0.06598839144452526f,-0.05501414448122975f,0.9975047369520262f,-0.04424639720099002f,2.710573306814189f,-0.0063714465286970725f,-0.04466331094737331f,-0.9989817782744339f,0.2691048466193162f,0f,0f,0f,1f],start_interpolation:0}
execute if entity @s[tag=aj.axia.bone.ear_right_2] run data modify entity @s {} merge value {transformation:[-0.9947257268500086f,0.10219131730406587f,0.008812661935080762f,0.12562298985442602f,0.10170729082825945f,0.9938299066375033f,-0.04424639720099002f,2.812964306040641f,-0.013279884604097292f,-0.043116717645846625f,-0.9989817782744339f,0.23381401946623667f,0f,0f,0f,1f],start_interpolation:0}
execute if entity @s[tag=aj.axia.bone.ear_right_1] run data modify entity @s {} merge value {transformation:[-0.9999400029527232f,-0.009098978472100642f,-0.00609910531735905f,0.12767026001064866f,-0.007791131173393045f,0.982158673680122f,-0.1878926235644787f,2.591978604462614f,0.007699920126012444f,-0.18783383163229184f,-0.9821706383945638f,0.27607663158350226f,0f,0f,0f,1f],start_interpolation:0}
execute if entity @s[tag=aj.axia.bone.ear_edge_a3] run data modify entity @s {} merge value {transformation:[-0.985818740934543f,-0.1653272350515988f,-0.028780468592881605f,-0.19257217262586077f,-0.1669158837729877f,0.983732877381544f,0.06639814532734031f,2.6927441986719987f,0.017334871401741173f,0.07026045337756893f,-0.9973780481465709f,0.31772219488296943f,0f,0f,0f,1f],start_interpolation:0}
execute if entity @s[tag=aj.axia.bone.ear_edge_a4] run data modify entity @s {} merge value {transformation:[-0.9995445539331042f,-0.009075755078566727f,-0.028780468592881605f,-0.07753108107738749f,-0.0109711458470442f,0.9977328902346021f,0.06639814532734031f,2.7040624464600245f,0.02811260680681993f,0.06668365927168053f,-0.9973780481465709f,0.3151560406895042f,0f,0f,0f,1f],start_interpolation:0}
execute if entity @s[tag=aj.axia.bone.ear_edge_b3] run data modify entity @s {} merge value {transformation:[-0.9682380937805336f,-0.24695647984438115f,-0.03908312698736673f,-0.055295404695259356f,-0.2499630411284205f,0.9524629551866607f,0.1741631334896252f,2.6982314694739773f,-0.005785483736942029f,0.17840071765540969f,-0.9839409088547769f,0.3006296980594863f,0f,0f,0f,1f],start_interpolation:0}
execute if entity @s[tag=aj.axia.bone.ear_edge_b4] run data modify entity @s {} merge value {transformation:[-0.9971628975581025f,0.06433245618207747f,-0.03908312698736673f,-0.0844340007540601f,0.0565982605671243f,0.9830889277343383f,0.1741631334896252f,2.7077263745530047f,0.049626531556269955f,0.17145697783330419f,-0.9839409088547769f,0.30346776470111003f,0f,0f,0f,1f],start_interpolation:0}
execute if entity @s[tag=aj.axia.bone.ear_left_2] run data modify entity @s {} merge value {transformation:[-0.9949499809597688f,-0.09245022754458275f,-0.03908312698736673f,-0.14395998181284286f,-0.09788754843698116f,0.9798393903054076f,0.1741631334896252f,2.815597477661793f,0.02219376599753685f,0.17710935783544074f,-0.9839409088547769f,0.29316595785315525f,0f,0f,0f,1f],start_interpolation:0}
execute if entity @s[tag=aj.axia.bone.ear_left_1] run data modify entity @s {} merge value {transformation:[-0.9949499809597688f,-0.09615726709786378f,-0.028780468592881605f,-0.12232459671582355f,-0.09788754843698116f,0.992980016998372f,0.06639814532734031f,2.5921769738371596f,0.02219376599753685f,0.06888008294262588f,-0.9973780481465709f,0.2776679391910645f,0f,0f,0f,1f],start_interpolation:0}
execute if entity @s[tag=aj.axia.bone.head] run data modify entity @s {} merge value {transformation:[-0.9999794269058888f,-0.00019400889489421528f,-0.006411561862681346f,0.0029726225142546457f,0.0007934774981818966f,0.9881242985185286f,-0.15365461617122286f,2.0904657929144914f,0.006365230430248928f,-0.15365654245041f,-0.9881038158026489f,0.3864995076369513f,0f,0f,0f,1f],start_interpolation:0}
execute if entity @s[tag=aj.axia.bone.body_1] run data modify entity @s {} merge value {transformation:[-0.999990914444128f,-0.0006632221541178877f,-0.0042108390578383306f,0.0032213308220488536f,-0.000012127613941956533f,0.9882610639427223f,-0.15277457035684794f,1.7198678939359706f,0.004262731767037383f,-0.1527731312475227f,-0.988252093084912f,0.4437894318547723f,0f,0f,0f,1f],start_interpolation:0}
execute if entity @s[tag=aj.axia.bone.leg_left_2] run data modify entity @s {} merge value {transformation:[-0.9874561267131122f,-0.15785931583775933f,-0.0032915376304621727f,0.18249522042868932f,-0.15789318825951393f,0.9872879986098129f,0.018224952737272312f,1.0362986204842852f,0.00037271702924657744f,0.018516052610226284f,-0.9998284937316756f,0.42903934950027356f,0f,0f,0f,1f],start_interpolation:0}
execute if entity @s[tag=aj.axia.bone.leg_left_1] run data modify entity @s {} merge value {transformation:[-0.9874561267131122f,-0.1578367235075547f,-0.004238694272760145f,0.12820132118940752f,-0.15789318825951393f,0.9871608683703439f,0.024148727907579083f,1.3758708451081794f,0.00037271702924657744f,0.02451507027745032f,-0.9996993910227753f,0.4378871965545071f,0f,0f,0f,1f],start_interpolation:0}
execute if entity @s[tag=aj.axia.bone.leg_right_2] run data modify entity @s {} merge value {transformation:[-0.9887958769936642f,0.14552934801699738f,0.03322532928471844f,-0.12663117036384672f,0.14915642566103748f,0.9544017659661859f,0.2585916274836628f,1.3618091768508405f,0.005922358006208395f,0.26065010643844694f,-0.9654151685618331f,0.7761051554410416f,0f,0f,0f,1f],start_interpolation:0}
execute if entity @s[tag=aj.axia.bone.leg_right_1] run data modify entity @s {} merge value {transformation:[-0.9887958769936642f,0.0574716264829508f,-0.13776692560166426f,-0.12179532135187006f,0.14915642566103748f,0.41701037430870386f,-0.8965794490188463f,1.4072410913562674f,0.005922358006208395f,-0.9070828847841408f,-0.4209104011631542f,0.43928080073810366f,0f,0f,0f,1f],start_interpolation:0}
execute if entity @s[tag=aj.axia.bone.coat_downer] run data modify entity @s {} merge value {transformation:[-0.9999937995966781f,0.00021113514130301003f,-0.0035151372876315755f,-0.004603410253835648f,0f,0.9982009912035744f,0.05995649389517124f,1.4964161017469992f,0.0035214724475410722f,0.059956122140727326f,-0.9981948019548326f,0.4403270849201952f,0f,0f,0f,1f],start_interpolation:0}
execute if entity @s[tag=aj.axia.bone.body_2] run data modify entity @s {} merge value {transformation:[-0.9999937995966781f,0.00005760605244066822f,-0.0035210012413393315f,0.0032219126578556115f,0f,0.9998661905754594f,0.016358512894483278f,1.7198237037037034f,0.0035214724475410722f,0.016358411465105586f,-0.99985999100181f,0.4439546559784333f,0f,0f,0f,1f],start_interpolation:0}