execute if entity @s[tag=aj.axia.bone.wing_right_1] run data modify entity @s {} merge value {transformation:[-0.7896607183813127f,-0.16103786768686754f,-0.13208784751376856f,0.01237027660043244f,-0.121486486015036f,0.7768131897188382f,-0.22078665367047703f,1.2281754869977053f,0.1691786866176473f,-0.19383631727350695f,-0.7750809625739861f,-0.38579665707724664f,0f,0f,0f,1f],start_interpolation:0}
execute if entity @s[tag=aj.axia.bone.wing_right_2] run data modify entity @s {} merge value {transformation:[-0.775031411547252f,0.1502796579907451f,-0.1293921771563447f,0.01237027660043244f,0.18125844229427093f,0.7485773113667747f,-0.21628080359556937f,1.2281754869977053f,0.08044680361660533f,-0.23884730122208936f,-0.7592629837459456f,-0.38579665707724664f,0f,0f,0f,1f],start_interpolation:0}
execute if entity @s[tag=aj.axia.bone.wing_left_1] run data modify entity @s {} merge value {transformation:[-0.7809312894242425f,0.11589987897433182f,0.20894492981733073f,-0.04218926218562914f,0.06128799726825116f,0.7874278074827713f,-0.207715367361606f,1.2309289721553716f,-0.23094273539880159f,-0.18294564903559568f,-0.7616697361126462f,-0.3706523146108076f,0f,0f,0f,1f],start_interpolation:0}
execute if entity @s[tag=aj.axia.bone.wing_left_2] run data modify entity @s {} merge value {transformation:[-0.7502100226220096f,-0.18785822720644316f,0.20468074757616073f,-0.04218926218562914f,-0.2397187100497755f,0.7356169820287023f,-0.20347627823177733f,1.2309289721553716f,-0.14042742613020912f,-0.2521446850953563f,-0.7461254557838167f,-0.3706523146108076f,0f,0f,0f,1f],start_interpolation:0}
execute if entity @s[tag=aj.axia.bone.blade] run data modify entity @s {} merge value {transformation:[-0.1328179432209577f,1.9846107029599898f,0.2089970135078682f,0.014208278424387155f,1.8754408733440788f,0.05255485468338428f,0.6927911069287822f,1.309518648129091f,0.6819684190260961f,0.24198831572177643f,-1.864500128856307f,0.4497020371517713f,0f,0f,0f,1f],start_interpolation:0}
execute if entity @s[tag=aj.axia.bone.arm_right_2] run data modify entity @s {} merge value {transformation:[0.4712965554463466f,-0.8819257402040457f,0.009302988227180667f,-0.25479732587384174f,-0.30248135461587233f,-0.17153466728966243f,-0.937593135655105f,1.3876518162432205f,0.8284833051632098f,0.4390704347634569f,-0.34760979040077844f,0.23875074103026975f,0f,0f,0f,1f],start_interpolation:0}
execute if entity @s[tag=aj.axia.bone.arm_right_1] run data modify entity @s {} merge value {transformation:[0.1412375272875645f,-0.9899320255935453f,0.009302988227180667f,-0.3099682349705466f,-0.342907808349592f,-0.0577351448019987f,-0.937593135655105f,1.52160017887978f,0.9286905813340494f,0.1292332687776363f,-0.34760979040077844f,-0.12401901730334328f,0f,0f,0f,1f],start_interpolation:0}
execute if entity @s[tag=aj.axia.bone.arm_left_2] run data modify entity @s {} merge value {transformation:[0.399724252191948f,0.9164040011625488f,0.02059681681375573f,0.347355220698209f,0.30170974146394175f,-0.11031771969941379f,-0.9469958989489254f,1.4145996616178484f,-0.8655586370173599f,0.38475148781205903f,-0.32058468227764314f,0.23693266628822018f,0f,0f,0f,1f],start_interpolation:0}
execute if entity @s[tag=aj.axia.bone.arm_left_1] run data modify entity @s {} merge value {transformation:[-0.06858853472152189f,0.9974323957250915f,0.02059681681375573f,0.3247514964142792f,0.3185588632403723f,0.04146104225557717f,-0.9469958989489254f,1.5341888010900366f,-0.9454183537227088f,-0.05839176254563716f,-0.32058468227764314f,-0.11778169061575068f,0f,0f,0f,1f],start_interpolation:0}
execute if entity @s[tag=aj.axia.bone.ear_edge_a1] run data modify entity @s {} merge value {transformation:[-0.9757156668286461f,0.21304713964034644f,0.050890606168493446f,0.18328607904626565f,0.21904019034302874f,0.94840137444388f,0.22925145139660336f,2.169626855478872f,0.0005766451419628761f,0.23483132083269073f,-0.9720359655055744f,-0.005368885308623998f,0f,0f,0f,1f],start_interpolation:0}
execute if entity @s[tag=aj.axia.bone.ear_edge_a2] run data modify entity @s {} merge value {transformation:[-0.9970309031806527f,0.05778861744820296f,0.050890606168493446f,0.0690254205489941f,0.0679807804690011f,0.9709904147412458f,0.22925145139660336f,2.187242264551686f,-0.03616616636577524f,0.23203036476730574f,-0.9720359655055744f,-0.007196426817672852f,0f,0f,0f,1f],start_interpolation:0}
execute if entity @s[tag=aj.axia.bone.ear_edge_b1] run data modify entity @s {} merge value {transformation:[-0.9558326216407957f,0.282134462758473f,0.08236591729150392f,0.04739036028033104f,0.2887930253977017f,0.8494804525546362f,0.4415671514155157f,2.1873367502124013f,0.05461307434054134f,0.44585099041222104f,-0.8934395930668823f,-0.03761775417691958f,0f,0f,0f,1f],start_interpolation:0}
execute if entity @s[tag=aj.axia.bone.ear_edge_b2] run data modify entity @s {} merge value {transformation:[-0.9962351869901727f,-0.02704270458708699f,0.08236591729150392f,0.07679769035971895f,0.01215459243637218f,0.8971458725722885f,0.4415671514155157f,2.1941044099908122f,-0.08583541276979455f,0.4409058578144805f,-0.8934395930668823f,-0.031561902153826885f,0f,0f,0f,1f],start_interpolation:0}
execute if entity @s[tag=aj.axia.bone.ear_right_2] run data modify entity @s {} merge value {transformation:[-0.9882002897061323f,0.12913575451223755f,0.08236591729150392f,0.1413617999574952f,0.15234948387298772f,0.8841991209871345f,0.4415671514155157f,2.297233234205417f,-0.015805764402584722f,0.44890519194161016f,-0.8934395930668823f,-0.00961729235530314f,0f,0f,0f,1f],start_interpolation:0}
execute if entity @s[tag=aj.axia.bone.ear_right_1] run data modify entity @s {} merge value {transformation:[-0.9882002897061323f,0.14446568322103018f,0.050890606168493446f,0.10885702123276346f,0.15234948387298772f,0.9613705876487928f,0.22925145139660336f,2.080924851984439f,-0.015805764402584722f,0.23429950826942825f,-0.9720359655055744f,-0.06233468171592441f,0f,0f,0f,1f],start_interpolation:0}
execute if entity @s[tag=aj.axia.bone.ear_edge_a3] run data modify entity @s {} merge value {transformation:[-0.9808326218977201f,-0.19223262261133667f,0.03184315664645917f,-0.21590261563294194f,-0.18562038423545224f,0.9715071408328735f,0.14737349920192133f,2.174902163344966f,-0.05926584832368992f,0.1386379966484766f,-0.98856818940717f,-0.027866819631272015f,0f,0f,0f,1f],start_interpolation:0}
execute if entity @s[tag=aj.axia.bone.ear_edge_a4] run data modify entity @s {} merge value {transformation:[-0.9988287522052225f,-0.03642989353466557f,0.03184315664645917f,-0.10121963183822141f,-0.031357889427190866f,0.9885837013139827f,0.14737349920192133f,2.1884764585575835f,-0.03684842654483466f,0.14620235413084004f,-0.98856818940717f,-0.022149096096457863f,0f,0f,0f,1f],start_interpolation:0}
execute if entity @s[tag=aj.axia.bone.ear_edge_b3] run data modify entity @s {} merge value {transformation:[-0.9599868797435339f,-0.2792542203597836f,0.021030243258762734f,-0.0781341954494592f,-0.2670094414553663f,0.9353616683490491f,0.2319579866203732f,2.1842709593837024f,-0.08444613013020008f,0.21706135030109172f,-0.9724984428324294f,-0.03283921858867381f,0f,0f,0f,1f],start_interpolation:0}
execute if entity @s[tag=aj.axia.bone.ear_edge_b4] run data modify entity @s {} merge value {transformation:[-0.9992960773800396f,0.03106571424163601f,0.021030243258762734f,-0.10760057016666211f,0.03510158219830409f,0.9720922648443402f,0.2319579866203732f,2.193039294956478f,-0.01323739627122434f,0.23253290095910842f,-0.9724984428324294f,-0.031385025579277026f,0f,0f,0f,1f],start_interpolation:0}
execute if entity @s[tag=aj.axia.bone.ear_left_2] run data modify entity @s {} merge value {transformation:[-0.9918528328192046f,-0.1256411035330234f,0.021030243258762734f,-0.16872824235343042f,-0.11739930994696397f,0.9656152932027329f,0.2319579866203732f,2.3002156256568576f,-0.04945058192271694f,0.22759925007786075f,-0.9724984428324294f,-0.03927719650240603f,0f,0f,0f,1f],start_interpolation:0}
execute if entity @s[tag=aj.axia.bone.ear_left_1] run data modify entity @s {} merge value {transformation:[-0.9918528328192046f,-0.12334492856744338f,0.03184315664645917f,-0.1409756334257557f,-0.11739930994696397f,0.9820888217248775f,0.14737349920192133f,2.0792456407687605f,-0.04945058192271694f,0.14243445804907706f,-0.98856818940717f,-0.07132494956344831f,0f,0f,0f,1f],start_interpolation:0}
execute if entity @s[tag=aj.axia.bone.head] run data modify entity @s {} merge value {transformation:[-0.9993306186340766f,-0.011092929158989124f,0.034860602162139334f,-0.011463573720081036f,-0.006716844862713008f,0.9923557226804085f,0.12322744685553885f,1.5676520807886547f,-0.03596107139009558f,0.1229108074422996f,-0.9917659677355128f,-0.09882891796213016f,0f,0f,0f,1f],start_interpolation:0}
execute if entity @s[tag=aj.axia.bone.body_1] run data modify entity @s {} merge value {transformation:[-0.9993749328458748f,-0.026287586821845652f,-0.023636970583961744f,-0.0016057286618889166f,-0.01892588670098703f,0.962580684226439f,-0.27033356648174856f,1.2066843242037402f,0.029858908417498258f,-0.26971723922145674f,-0.9624765225473664f,0.0023150467459161217f,0f,0f,0f,1f],start_interpolation:0}
execute if entity @s[tag=aj.axia.bone.leg_left_2] run data modify entity @s {} merge value {transformation:[-0.9825264002468896f,-0.18587660761394925f,-0.009579121035809934f,0.161431287616786f,-0.10031160745211654f,0.5721854261499216f,-0.8139664732112777f,1.0799073905470968f,0.15677836020401933f,-0.7987826518168524f,-0.5808328683263165f,0.4180881539281671f,0f,0f,0f,1f],start_interpolation:0}
execute if entity @s[tag=aj.axia.bone.leg_left_1] run data modify entity @s {} merge value {transformation:[-0.9825264002468896f,-0.11506551189453161f,0.14629354322846294f,0.1338787117671936f,-0.10031160745211654f,-0.3347088884883579f,-0.9369672040030328f,0.9230287012460806f,0.15677836020401933f,-0.9352699545796057f,0.31731791287666267f,0.14504098970162083f,0f,0f,0f,1f],start_interpolation:0}
execute if entity @s[tag=aj.axia.bone.leg_right_2] run data modify entity @s {} merge value {transformation:[-0.9866833799230865f,0.13850125477803066f,0.0852837042374765f,-0.15480808022914466f,0.08833528382401976f,0.8965583050479246f,-0.4340277448289717f,0.9945581855137113f,-0.13657520058665185f,-0.42071440202886345f,-0.8968537263736f,0.47389180240510964f,0f,0f,0f,1f],start_interpolation:0}
execute if entity @s[tag=aj.axia.bone.leg_right_1] run data modify entity @s {} merge value {transformation:[-0.9866833799230865f,0.13798154235344734f,-0.08612201665844885f,-0.11605190103084868f,0.08833528382401976f,0.00998625855020735f,-0.9960407382591832f,0.9165545965848957f,-0.13657520058665185f,-0.990384454951678f,-0.022041914045372146f,0.14344713267193263f,0f,0f,0f,1f],start_interpolation:0}
execute if entity @s[tag=aj.axia.bone.coat_downer] run data modify entity @s {} merge value {transformation:[-0.9993284885239626f,-0.03151701345652139f,0.01868822857292161f,-0.0007651711224019621f,-0.036641124770021925f,0.8595764900225833f,-0.5096917556484936f,0.9705427442233132f,-1.2324980521475174e-16f,-0.510034249500205f,-0.86015409336744f,0.11396077762270204f,0f,0f,0f,1f],start_interpolation:0}
execute if entity @s[tag=aj.axia.bone.body_2] run data modify entity @s {} merge value {transformation:[-0.9993284885239626f,-0.03151701345652139f,0.01868822857292161f,0f,-0.036641124770021925f,0.8595764900225833f,-0.5096917556484936f,1.162890625f,-1.2324980521475174e-16f,-0.510034249500205f,-0.86015409336744f,0f,0f,0f,0f,1f],start_interpolation:0}