execute if entity @s[tag=aj.axia.bone.wing_right_1] run data modify entity @s {} merge value {transformation:[-0.41760674242266943f,-0.6064188662477983f,0.3532778110585288f,-0.5983815206529266f,-0.14548636639536816f,0.4769616718443985f,0.6467501258051005f,0.9547450447037517f,-0.6865732082747211f,0.26778380588559775f,-0.35192827028987805f,0.2514189261865809f,0f,0f,0f,1f],start_interpolation:0}
execute if entity @s[tag=aj.axia.bone.wing_right_2] run data modify entity @s {} merge value {transformation:[-0.6052748817792696f,-0.3922744134719309f,0.3460680598124364f,-0.5983815206529266f,0.04713154630127757f,0.4862011576789315f,0.6335511436458128f,0.9547450447037517f,-0.5209807432433008f,0.49972914544472935f,-0.3447460606921255f,0.2514189261865809f,0f,0f,0f,1f],start_interpolation:0}
execute if entity @s[tag=aj.axia.bone.wing_left_1] run data modify entity @s {} merge value {transformation:[-0.44778854546135555f,-0.45382632801587536f,0.5103641121764686f,-0.6274140514107173f,0.2507694533192908f,0.4583974230074364f,0.6276391704686141f,0.9582771120747997f,-0.6352515598406602f,0.5008571762730498f,-0.11199102258770381f,0.20707396756015672f,0f,0f,0f,1f],start_interpolation:0}
execute if entity @s[tag=aj.axia.bone.wing_left_2] run data modify entity @s {} merge value {transformation:[-0.2351322662615373f,-0.5785881926395529f,0.4999485180504183f,-0.6274140514107173f,0.05511150962638983f,0.508867897470399f,0.6148302078059893f,0.9582771120747997f,-0.7626765624230326f,0.21514917211588638f,-0.10970549151448537f,0.20707396756015672f,0f,0f,0f,1f],start_interpolation:0}
execute if entity @s[tag=aj.axia.bone.blade] run data modify entity @s {} merge value {transformation:[1.7278788661254443f,-0.31562119483934964f,-0.9564611259038331f,-1.1375008776871964f,0.9842279147471461f,0.9323658851442752f,1.4703704526586536f,1.0428887210610847f,0.21384582256740942f,-1.7409988850046154f,0.9608292494419363f,-0.551837189473998f,0f,0f,0f,1f],start_interpolation:0}
execute if entity @s[tag=aj.axia.bone.arm_right_2] run data modify entity @s {} merge value {transformation:[-0.21793729555568075f,0.9117435785427266f,0.3481766537147174f,-1.0591734423635024f,0.29911453988332076f,0.4019825321587257f,-0.865413505712528f,0.9305932788527644f,-0.9289961395163413f,-0.08446117939835693f,-0.3603227469066772f,-0.21937225068203736f,0f,0f,0f,1f],start_interpolation:0}
execute if entity @s[tag=aj.axia.bone.arm_right_1] run data modify entity @s {} merge value {transformation:[-0.10047771686960832f,0.9321746350495614f,0.34778539098542816f,-1.0218082914026168f,0.34948465933022865f,0.36034730516625924f,-0.8648758827440202f,0.8006286711643357f,-0.931538888777868f,0.034644904814866706f,-0.3619876092697981f,0.1270437735822323f,0f,0f,0f,1f],start_interpolation:0}
execute if entity @s[tag=aj.axia.bone.arm_left_2] run data modify entity @s {} merge value {transformation:[0.03189333910684945f,0.6844843484609642f,0.7283295899746111f,-0.7666156085818704f,0.8972698765836118f,0.3014233640081233f,-0.32256894488722354f,0.42594931542564535f,-0.4403289491916762f,0.6637960020533386f,-0.6045537893039448f,0.8222579369405171f,0f,0f,0f,1f],start_interpolation:0}
execute if entity @s[tag=aj.axia.bone.arm_left_1] run data modify entity @s {} merge value {transformation:[0.03525959284260627f,0.6843192014549854f,0.7283295899746111f,-0.760910616055865f,0.8987415755268728f,0.2970064918715043f,-0.32256894488722354f,0.7321072961517125f,-0.4370587392239723f,0.6659537328570156f,-0.6045537893039448f,0.6657756790867421f,0f,0f,0f,1f],start_interpolation:0}
execute if entity @s[tag=aj.axia.bone.ear_edge_a1] run data modify entity @s {} merge value {transformation:[-0.2942318102010761f,-0.9140621378763131f,0.27913804822485555f,-1.378384151245783f,0.48018629963141213f,0.11114238475438047f,0.8700968267712514f,1.0697101850613144f,-0.8263466339933196f,0.39004843085454555f,0.40621849056365855f,0.8387407953208197f,0f,0f,0f,1f],start_interpolation:0}
execute if entity @s[tag=aj.axia.bone.ear_edge_a2] run data modify entity @s {} merge value {transformation:[-0.14761850681559355f,-0.9488365119865239f,0.27913804822485555f,-1.4049493794232621f,0.4568879099571221f,0.18489172447032837f,0.8700968267712514f,1.1242000491129944f,-0.8771899533057519f,0.255977193795923f,0.40621849056365855f,0.7402812402105721f,0f,0f,0f,1f],start_interpolation:0}
execute if entity @s[tag=aj.axia.bone.ear_edge_b1] run data modify entity @s {} merge value {transformation:[-0.37572868218349953f,-0.9035701551142831f,-0.2058857260020746f,-1.3866921201321565f,0.4194975518205754f,-0.36392778432542117f,0.831611911778886f,1.1882138383606495f,-0.8263472402090989f,0.2260918896881095f,0.5157835747831305f,0.7450933434040454f,0f,0f,0f,1f],start_interpolation:0}
execute if entity @s[tag=aj.axia.bone.ear_edge_b2] run data modify entity @s {} merge value {transformation:[-0.07812067800928726f,-0.9754528320200665f,-0.2058857260020746f,-1.3921205906541914f,0.5114257503105979f,-0.2164840181323061f,0.831611911778886f,1.1712867551761843f,-0.8557691637273518f,-0.04032917551008687f,0.5157835747831305f,0.770218454103455f,0f,0f,0f,1f],start_interpolation:0}
execute if entity @s[tag=aj.axia.bone.ear_right_2] run data modify entity @s {} merge value {transformation:[-0.22975332477819727f,-0.9512226225137641f,-0.2058857260020746f,-1.4914658172602553f,0.47126368909561067f,-0.29382335429210216f,0.831611911778886f,1.1423108631030072f,-0.8515420982507909f,0.09403913488848625f,0.5157835747831305f,0.8378687915778787f,0f,0f,0f,1f],start_interpolation:0}
execute if entity @s[tag=aj.axia.bone.ear_right_1] run data modify entity @s {} merge value {transformation:[-0.22975332477819727f,-0.9323601019920267f,0.27913804822485555f,-1.2816847943120497f,0.47126368909561067f,0.1443677504936428f,0.8700968267712514f,1.1098281192419377f,-0.8515420982507909f,0.33145526520304813f,0.40621849056365855f,0.7632913569071931f,0f,0f,0f,1f],start_interpolation:0}
execute if entity @s[tag=aj.axia.bone.ear_edge_a3] run data modify entity @s {} merge value {transformation:[0.05050016213446323f,-0.9272312834822758f,0.3710685658422233f,-1.4309888505471784f,0.26001804673132267f,0.37093626631891324f,0.8915138258621749f,1.2362478252876519f,-0.9642822973582064f,0.05146293094253279f,0.25982920878989624f,0.48265225462327027f,0f,0f,0f,1f],start_interpolation:0}
execute if entity @s[tag=aj.axia.bone.ear_edge_a4] run data modify entity @s {} merge value {transformation:[-0.09517250846174309f,-0.9237154935784585f,0.3710685658422233f,-1.4293350386067933f,0.3148440094864689f,0.3256936413058633f,0.8915138258621749f,1.2032646537716327f,-0.9443598060715965f,0.20167632219978826f,0.25982920878989624f,0.5934607196781148f,0f,0f,0f,1f],start_interpolation:0}
execute if entity @s[tag=aj.axia.bone.ear_edge_b3] run data modify entity @s {} merge value {transformation:[0.14227910299592106f,-0.9897476844563478f,-0.012497118226775072f,-1.4025399834486203f,0.28426005514560326f,0.028762968536155214f,0.9583156644287972f,1.2375820839623024f,-0.9481312556282988f,-0.13990072463817338f,0.2854381007266186f,0.6261015524611864f,0f,0f,0f,1f],start_interpolation:0}
execute if entity @s[tag=aj.axia.bone.ear_edge_b4] run data modify entity @s {} merge value {transformation:[-0.17053338660336442f,-0.9852726455604122f,-0.012497118226775072f,-1.4154400070716155f,0.27923562385498957f,-0.06048597920764823f,0.9583156644287972f,1.2454042773118703f,-0.9449581104069651f,0.15993517508565308f,0.2854381007266186f,0.5992749181823929f,0f,0f,0f,1f],start_interpolation:0}
execute if entity @s[tag=aj.axia.bone.ear_left_2] run data modify entity @s {} merge value {transformation:[-0.014303238403330027f,-0.9998196034321409f,-0.012497118226775072f,-1.525878624251754f,0.28525986176016566f,-0.016059220994943668f,0.9583156644287972f,1.2874124390829562f,-0.958343481555412f,0.01014209119620052f,0.2854381007266186f,0.5628843876668439f,0f,0f,0f,1f],start_interpolation:0}
execute if entity @s[tag=aj.axia.bone.ear_left_1] run data modify entity @s {} merge value {transformation:[-0.014303238403330027f,-0.9284953079122011f,0.3710685658422233f,-1.316967179971509f,0.28525986176016566f,0.3518947421675397f,0.8915138258621749f,1.20823612209526f,-0.958343481555412f,0.1186025025868672f,0.25982920878989624f,0.5361988245847988f,0f,0f,0f,1f],start_interpolation:0}
execute if entity @s[tag=aj.axia.bone.head] run data modify entity @s {} merge value {transformation:[-0.14112954263783722f,-0.6882232861771748f,0.7116397688144793f,-0.9688502957514297f,0.39363201141328874f,0.6205593891156602f,0.6782034238863199f,0.8198015767503753f,-0.9083701292895772f,0.3758387326286229f,0.18332745367387587f,0.451398757346518f,0f,0f,0f,1f],start_interpolation:0}
execute if entity @s[tag=aj.axia.bone.body_1] run data modify entity @s {} merge value {transformation:[-0.546536035742003f,-0.6424767566333699f,0.5371424194953157f,-0.727921512013916f,0.06649100331800363f,0.6060967282309804f,0.792606902887848f,0.5925153036637577f,-0.8347917753027885f,0.4689033730029747f,-0.2885347789665086f,0.2755599924704025f,0f,0f,0f,1f],start_interpolation:0}
execute if entity @s[tag=aj.axia.bone.leg_left_2] run data modify entity @s {} merge value {transformation:[-0.7431327338093291f,-0.03130944285217907f,0.6684111449769214f,-0.7306860421862269f,-0.08121884866178675f,0.995739740026981f,-0.0436562567457921f,0.41906580459575604f,-0.6641966866547336f,-0.08672997705111453f,-0.7425097120695369f,0.47936285718237925f,0f,0f,0f,1f],start_interpolation:0}
execute if entity @s[tag=aj.axia.bone.leg_left_1] run data modify entity @s {} merge value {transformation:[-0.7431327338093291f,0.6569050588835749f,0.12739499030275853f,-0.5343317031454711f,-0.08121884866178675f,0.10042778378764511f,-0.9916237990616986f,0.3533368667323602f,-0.6641966866547336f,-0.7472549791447824f,-0.021278100953897844f,0.26771032874582884f,0f,0f,0f,1f],start_interpolation:0}
execute if entity @s[tag=aj.axia.bone.leg_right_2] run data modify entity @s {} merge value {transformation:[-0.6749646452698679f,-0.7351682212351076f,0.06285231993911822f,-0.4732329951847285f,-0.000557579382091155f,0.08569123041091387f,0.9963215857020746f,0.13656445614095197f,-0.7378498605684994f,0.6724468005103984f,-0.05824846557957042f,-0.12683601110839218f,0f,0f,0f,1f],start_interpolation:0}
execute if entity @s[tag=aj.axia.bone.leg_right_1] run data modify entity @s {} merge value {transformation:[-0.6749646452698679f,-0.6177830400203913f,0.40344372978010834f,-0.7040779059013906f,-0.000557579382091155f,0.5472097049726536f,0.8369953571489952f,0.35608663478557684f,-0.7378498605684994f,0.5647173224250386f,-0.3696916674908173f,0.08416863977484598f,0f,0f,0f,1f],start_interpolation:0}
execute if entity @s[tag=aj.axia.bone.coat_downer] run data modify entity @s {} merge value {transformation:[-0.6755902076156601f,-0.3140841550346051f,0.6670299955249595f,-0.6413199199527911f,0f,0.9047206013559372f,0.4260054383246195f,0.40926661116018925f,-0.7372773368101241f,0.28780510252313f,-0.6112203789042226f,0.18560783437565043f,0f,0f,0f,1f],start_interpolation:0}
execute if entity @s[tag=aj.axia.bone.body_2] run data modify entity @s {} merge value {transformation:[-0.6755902076156601f,-0.28468977675526114f,0.6800952891947339f,-0.6996522434495475f,0f,0.9224416040471394f,0.38613661717446657f,0.6153746570644719f,-0.7372773368101241f,0.26087011736490656f,-0.6231925147915295f,0.24965598041820083f,0f,0f,0f,1f],start_interpolation:0}