execute if entity @s[tag=aj.axia.bone.wing_right_1] run data modify entity @s {} merge value {transformation:[-0.6225449582834365f,0.07645502480974901f,0.5230075033320833f,0.17160192153839338f,-0.10452484320067693f,0.7743130748531829f,-0.23760947731462115f,1.1305884278837897f,-0.5181281468075176f,-0.24806921561772677f,-0.580473369064471f,-0.29914115706742705f,0f,0f,0f,1f],start_interpolation:0}
execute if entity @s[tag=aj.axia.bone.wing_right_2] run data modify entity @s {} merge value {transformation:[-0.5347576885326436f,0.3025693459756965f,0.5123338808151021f,0.17160192153839338f,0.19567192353102933f,0.7399561737562712f,-0.23276030430820033f,1.1305884278837897f,-0.561913438971601f,-0.030276257955999725f,-0.568626973777441f,-0.29914115706742705f,0f,0f,0f,1f],start_interpolation:0}
execute if entity @s[tag=aj.axia.bone.wing_left_1] run data modify entity @s {} merge value {transformation:[-0.4200137265799688f,0.26028624992310134f,0.6502184110203435f,0.13802884875923727f,0.11028941894400215f,0.7732966246172972f,-0.23831285921857812f,1.1307740620584232f,-0.6916423627842975f,-0.034754034311260944f,-0.4328596118208421f,-0.3380988809387927f,0f,0f,0f,1f],start_interpolation:0}
execute if entity @s[tag=aj.axia.bone.wing_left_2] run data modify entity @s {} merge value {transformation:[-0.4776972939223201f,0.07811348019917971f,0.6369486475301325f,0.13802884875923727f,-0.190073798919144f,0.7411972481035363f,-0.23344933147942348f,1.1307740620584232f,-0.6129251555807914f,-0.290731703835198f,-0.42402574219184536f,-0.3380988809387927f,0f,0f,0f,1f],start_interpolation:0}
execute if entity @s[tag=aj.axia.bone.blade] run data modify entity @s {} merge value {transformation:[1.674301543745534f,-0.9134674512804116f,0.6019066007800459f,-0.44183288913429875f,-0.5180470498031113f,0.3071479506963796f,1.907167373507975f,1.4206225226916196f,-0.9635048493918501f,-1.7524946082183206f,0.020519584891120803f,-1.065973651936972f,0f,0f,0f,1f],start_interpolation:0}
execute if entity @s[tag=aj.axia.bone.arm_right_2] run data modify entity @s {} merge value {transformation:[-0.2424348701998082f,0.9176088871251973f,-0.314990895074856f,-0.31001253067968926f,0.11397195082903137f,-0.29549109506509763f,-0.9485227499440665f,1.375058854963208f,-0.9634499095103113f,-0.26585511656931876f,-0.03294432968640912f,-0.7322261752205149f,0f,0f,0f,1f],start_interpolation:0}
execute if entity @s[tag=aj.axia.bone.arm_right_1] run data modify entity @s {} merge value {transformation:[-0.17749350211248033f,0.9323501449175561f,-0.314990895074856f,-0.24400713458161064f,0.09297096520957299f,-0.30275566463164f,-0.9485227499440665f,1.340485277275898f,-0.9797206011592525f,-0.1976416322682693f,-0.03294432968640912f,-0.3678925766644179f,0f,0f,0f,1f],start_interpolation:0}
execute if entity @s[tag=aj.axia.bone.arm_left_2] run data modify entity @s {} merge value {transformation:[0.9104420486906128f,0.3641749984070941f,0.1961424138508366f,-0.031378668880176014f,0.11685017492039207f,0.2284354845239985f,-0.9665212186141389f,1.470741852457164f,-0.39678875059294927f,0.9028808337457823f,0.16542335825815982f,0.40062012194814295f,0f,0f,0f,1f],start_interpolation:0}
execute if entity @s[tag=aj.axia.bone.arm_left_1] run data modify entity @s {} merge value {transformation:[0.49176993803522645f,0.848345732312951f,0.1961424138508366f,0.13049068979388528f,-0.048993384150781305f,0.2518658021210783f,-0.9665212186141389f,1.4517697247892452f,-0.8693457173957228f,0.4656963991575509f,0.16542335825815982f,0.09784298563857585f,0f,0f,0f,1f],start_interpolation:0}
execute if entity @s[tag=aj.axia.bone.ear_edge_a1] run data modify entity @s {} merge value {transformation:[-0.9212260445312875f,0.1186249753970772f,0.3705005939121839f,0.14998534430696342f,0.264357590293578f,0.8895902870067196f,0.3724838059801726f,2.0562310402077406f,-0.2854078473542921f,0.4410864274440385f,-0.8508731539972594f,0.0023201865102954328f,0f,0f,0f,1f],start_interpolation:0}
execute if entity @s[tag=aj.axia.bone.ear_edge_a2] run data modify entity @s {} merge value {transformation:[-0.9284412578027821f,-0.026946998354301643f,0.3705005939121839f,0.04277127169990522f,0.12194032902791173f,0.9199925926001196f,0.3724838059801726f,2.0795478559536416f,-0.3508951224599059f,0.39100829766208745f,-0.8508731539972594f,-0.03415733209336172f,0f,0f,0f,1f],start_interpolation:0}
execute if entity @s[tag=aj.axia.bone.ear_edge_b1] run data modify entity @s {} merge value {transformation:[-0.9439936729737008f,-0.032695481914654934f,0.32833968820109133f,0.05199079153267293f,0.27721025382971093f,0.4611412746602626f,0.8429135186817064f,2.1132039389840815f,-0.17897044604428036f,0.886724156808123f,-0.42625092278566906f,-0.1090803685723028f,0f,0f,0f,1f],start_interpolation:0}
execute if entity @s[tag=aj.axia.bone.ear_edge_b2] run data modify entity @s {} merge value {transformation:[-0.8876878744721273f,-0.322805338659643f,0.32833968820109133f,0.07582031413105231f,0.12114212761083369f,0.5242340936466695f,0.8429135186817064f,2.1137676448263263f,-0.44422384271116877f,0.7880198781701437f,-0.42625092278566906f,-0.0896098340789526f,0f,0f,0f,1f],start_interpolation:0}
execute if entity @s[tag=aj.axia.bone.ear_right_2] run data modify entity @s {} merge value {transformation:[-0.9272568441691521f,-0.1799660915102474f,0.32833968820109133f,0.1113111415178464f,0.20165894699157577f,0.4988290981106388f,0.8429135186817064f,2.1849002696460764f,-0.3154812419775754f,0.8478099650184892f,-0.42625092278566906f,0.005080162166181304f,0f,0f,0f,1f],start_interpolation:0}
execute if entity @s[tag=aj.axia.bone.ear_right_1] run data modify entity @s {} merge value {transformation:[-0.9272568441691521f,0.054074530531329185f,0.3705005939121839f,0.09914437214829734f,0.20165894699157577f,0.905863943084597f,0.3724838059801726f,1.9810808824520425f,-0.3154812419775754f,0.42010291806537414f,-0.8508731539972594f,-0.08944299439852772f,0f,0f,0f,1f],start_interpolation:0}
execute if entity @s[tag=aj.axia.bone.ear_edge_a3] run data modify entity @s {} merge value {transformation:[-0.9226513843476948f,-0.204688817722911f,0.3268285649396013f,-0.2188854453838452f,-0.16974121460552422f,0.9765520629555299f,0.13241596732093752f,2.0966776732245247f,-0.3462691771231214f,0.06669749797777375f,-0.9357612413099727f,-0.15279612012957042f,0f,0f,0f,1f],start_interpolation:0}
execute if entity @s[tag=aj.axia.bone.ear_edge_a4] run data modify entity @s {} merge value {transformation:[-0.9433124004543822f,-0.057834282986062496f,0.3268285649396013f,-0.11081281345504455f,-0.014885019031951177f,0.9910824626674002f,0.13241596732093752f,2.108379721638111f,-0.3315722415363047f,0.12004477458269136f,-0.9357612413099727f,-0.11339423037910196f,0f,0f,0f,1f],start_interpolation:0}
execute if entity @s[tag=aj.axia.bone.ear_edge_b3] run data modify entity @s {} merge value {transformation:[-0.88340012752009f,-0.3973434884639289f,0.24843986570758805f,-0.07309714671682903f,-0.23453903409096094f,0.8338607745675531f,0.49966753959535837f,2.1082776744412826f,-0.4057039021073963f,0.3831375220634435f,-0.8298252725736401f,-0.15261926102861142f,0f,0f,0f,1f],start_interpolation:0}
execute if entity @s[tag=aj.axia.bone.ear_edge_b4] run data modify entity @s {} merge value {transformation:[-0.962949338313531f,-0.1049104616743643f,0.24843986570758805f,-0.10256330051805052f,0.03461727358625126f,0.8655252707137876f,0.49966753959535837f,2.1161847871456856f,-0.26745133428529994f,0.4897548374310316f,-0.8298252725736401f,-0.1566799227779597f,0f,0f,0f,1f],start_interpolation:0}
execute if entity @s[tag=aj.axia.bone.ear_left_2] run data modify entity @s {} merge value {transformation:[-0.9346822220869245f,-0.25425730440214417f,0.24843986570758805f,-0.1678826175160083f,-0.10120690519857994f,0.8602845530490747f,0.49966753959535837f,2.2209908112772268f,-0.34077310054459203f,0.44188653627748015f,-0.8298252725736401f,-0.15078681969816524f,0f,0f,0f,1f],start_interpolation:0}
execute if entity @s[tag=aj.axia.bone.ear_left_1] run data modify entity @s {} merge value {transformation:[-0.9346822220869245f,-0.13982929898333116f,0.3268285649396013f,-0.13642102524475885f,-0.10120690519857994f,0.9860137797914316f,0.13241596732093752f,1.9991377108241548f,-0.34077310054459203f,0.09068954298729331f,-0.9357612413099727f,-0.1711919668703062f,0f,0f,0f,1f],start_interpolation:0}
execute if entity @s[tag=aj.axia.bone.head] run data modify entity @s {} merge value {transformation:[-0.9422615895722247f,0.05319673211980633f,0.33062547468184883f,-0.056233697843439276f,0.07222731348844988f,0.9963482881916055f,0.0455335459183486f,1.4780578756299523f,-0.32699588988711387f,0.06678470116299648f,-0.9426629788463656f,-0.13508642189150374f,0f,0f,0f,1f],start_interpolation:0}
execute if entity @s[tag=aj.axia.bone.body_1] run data modify entity @s {} merge value {transformation:[-0.6528107399637619f,0.2245681208706557f,0.7234689329035409f,-0.14044674316993516f,0.003609558877801046f,0.9559592668369664f,-0.29347717327457895f,1.11957315056609f,-0.7575124479984955f,-0.18897364693827584f,-0.6248710682134151f,-0.06422130428965031f,0f,0f,0f,1f],start_interpolation:0}
execute if entity @s[tag=aj.axia.bone.leg_left_2] run data modify entity @s {} merge value {transformation:[-0.8672925143457423f,-0.2087959442157829f,0.45189373556056295f,-0.05470528449339242f,-0.14997031331540772f,0.9752016391356585f,0.1627595408914737f,0.4968434915301658f,-0.4746710436543594f,0.07338948634623726f,-0.8770982747730819f,0.13982325680718083f,0f,0f,0f,1f],start_interpolation:0}
execute if entity @s[tag=aj.axia.bone.leg_left_1] run data modify entity @s {} merge value {transformation:[-0.8672925143457423f,-0.04423385455358566f,0.4958296690106115f,-0.0646164997347661f,-0.14997031331540772f,0.9729854982258694f,-0.17552243550678895f,0.845782012865242f,-0.4746710436543594f,-0.22658902522736768f,-0.8504968042048086f,0.047686824281564774f,0f,0f,0f,1f],start_interpolation:0}
execute if entity @s[tag=aj.axia.bone.leg_right_2] run data modify entity @s {} merge value {transformation:[-0.6187747637991268f,0.396232587285959f,0.6783196359077405f,-0.482683835100475f,0.3469917743742702f,0.9125339668652187f,-0.2165143594171609f,0.9528864190027739f,-0.7047797529738851f,0.10139771244906286f,-0.7021424383329686f,0.14473551824184716f,0f,0f,0f,1f],start_interpolation:0}
execute if entity @s[tag=aj.axia.bone.leg_right_1] run data modify entity @s {} merge value {transformation:[-0.6187747637991268f,0.7400464646990718f,-0.2635318230721676f,-0.27276096861620847f,0.3469917743742702f,-0.04348715871402037f,-0.9368594214414333f,0.8488503423941953f,-0.7047797529738851f,-0.6711483421073071f,-0.2298812795437736f,-0.09079144496297781f,0f,0f,0f,1f],start_interpolation:0}
execute if entity @s[tag=aj.axia.bone.coat_downer] run data modify entity @s {} merge value {transformation:[-0.8338858220671691f,0.08089757221167732f,0.5459762069592574f,-0.1689907210887383f,0f,0.9892002556244186f,-0.14657030487989325f,0.905614438679833f,-0.5519369853120567f,-0.12222289917540541f,-0.824880068350422f,-0.03525075345249665f,0f,0f,0f,1f],start_interpolation:0}
execute if entity @s[tag=aj.axia.bone.body_2] run data modify entity @s {} merge value {transformation:[-0.8338858220671691f,0.10463572331197885f,0.541927856049438f,-0.13909644367631827f,0f,0.981865449265083f,-0.18957911155893895f,1.125f,-0.5519369853120567f,-0.15808733328908936f,-0.8187636773197641f,-0.0662613842865271f,0f,0f,0f,1f],start_interpolation:0}