execute if entity @s[tag=aj.axia.bone.wing_right_1] run data modify entity @s {} merge value {transformation:[-0.7753692486353463f,-0.2242050203158349f,-0.12441495722090301f,-0.07466834480770061f,-0.2513657402553875f,0.5864105258943537f,0.50978662613942f,1.3300791685294275f,-0.050618547400771104f,0.522301874809892f,-0.6257658976594619f,-0.20975648627153223f,0f,0f,0f,1f],start_interpolation:0}
execute if entity @s[tag=aj.axia.bone.wing_right_2] run data modify entity @s {} merge value {transformation:[-0.7857769720954775f,0.08775432104036368f,-0.12187587646129275f,-0.07466834480770061f,-0.007662435695248021f,0.6249464686852865f,0.49938281744269725f,1.3300791685294275f,0.14998612337039616f,0.49167173034102246f,-0.6129951650541668f,-0.20975648627153223f,0f,0f,0f,1f],start_interpolation:0}
execute if entity @s[tag=aj.axia.bone.wing_left_1] run data modify entity @s {} merge value {transformation:[-0.7880511405466805f,0.05146817648668511f,0.2080165164996667f,-0.12269248313469039f,0.17783746163999312f,0.5993755452592969f,0.5254210096931876f,1.2838413840673195f,-0.11955618580803183f,0.5523082717094687f,-0.589581492145725f,-0.1627667378923777f,0f,0f,0f,1f],start_interpolation:0}
execute if entity @s[tag=aj.axia.bone.wing_left_2] run data modify entity @s {} merge value {transformation:[-0.7324999227024495f,-0.24883956295043305f,0.2037712814690613f,-0.12269248313469039f,-0.06374272654292987f,0.6091163253319293f,0.5146981319443471f,1.2838413840673195f,-0.31524709047631067f,0.4550342559904308f,-0.5775492167958123f,-0.1627667378923777f,0f,0f,0f,1f],start_interpolation:0}
execute if entity @s[tag=aj.axia.bone.blade] run data modify entity @s {} merge value {transformation:[0.2514890188102643f,1.9841231597389701f,0.002925817030872242f,0.21488235191066885f,0.6904945625840346f,-0.09028535843992859f,1.8748508775615345f,0.774698107248858f,1.8600996028330674f,-0.2347420734312907f,-0.6963660147519013f,0.32181333597579836f,0f,0f,0f,1f],start_interpolation:0}
execute if entity @s[tag=aj.axia.bone.arm_right_2] run data modify entity @s {} merge value {transformation:[0.7926272520166912f,-0.601620307587771f,-0.09896991895755339f,-0.12524982057087544f,-0.5943586751498825f,-0.7262354574622987f,-0.3454270192075335f,0.9005287429483325f,0.13594044517561762f,0.3326184989180868f,-0.933212263926559f,0.32126314246660537f,0f,0f,0f,1f],start_interpolation:0}
execute if entity @s[tag=aj.axia.bone.arm_right_1] run data modify entity @s {} merge value {transformation:[0.5390597159250949f,-0.8364326498937564f,-0.09896991895755339f,-0.33582002210411566f,-0.8069016163878714f,-0.47915546106878326f,-0.3454270192075335f,1.2157246868498448f,0.24150445987061203f,0.2660647784274919f,-0.933212263926559f,0.22692546282964757f,0f,0f,0f,1f],start_interpolation:0}
execute if entity @s[tag=aj.axia.bone.arm_left_2] run data modify entity @s {} merge value {transformation:[0.10479262198383243f,0.9943885432380801f,-0.014489011512257163f,0.4076769861203619f,0.9685116195507721f,-0.10535247647765689f,-0.2255794726812808f,1.0285777530264235f,-0.2258400964684825f,0.009606288402575672f,-0.97411702071683f,0.21129110558759118f,0f,0f,0f,1f],start_interpolation:0}
execute if entity @s[tag=aj.axia.bone.arm_left_1] run data modify entity @s {} merge value {transformation:[-0.36620533992017945f,0.9304212581187854f,-0.014489011512257163f,0.2732575500819158f,0.9077266585149539f,0.35376010929175034f,-0.2255794726812808f,1.370080750311068f,-0.20475830248178373f,-0.09576046947746913f,-0.97411702071683f,0.13420749068980517f,0f,0f,0f,1f],start_interpolation:0}
execute if entity @s[tag=aj.axia.bone.ear_edge_a1] run data modify entity @s {} merge value {transformation:[-0.9923705610412078f,0.12261665686794379f,0.01287730706659111f,0.15298776574060846f,0.10796864420791755f,0.8138592066997495f,0.5709430475432367f,1.8273006062464212f,0.059526812838102294f,0.5679774177980876f,-0.820888671760522f,0.5139977977886053f,0f,0f,0f,1f],start_interpolation:0}
execute if entity @s[tag=aj.axia.bone.ear_edge_a2] run data modify entity @s {} merge value {transformation:[-0.9993343038124148f,-0.03413391548693232f,0.01287730706659111f,0.037535451465788267f,-0.020676258584117105f,0.8207292664411355f,0.5709430475432367f,1.8331898141103f,-0.03005730451519294f,0.5702967184023828f,-0.820888671760522f,0.5162827451237054f,0f,0f,0f,1f],start_interpolation:0}
execute if entity @s[tag=aj.axia.bone.ear_edge_b1] run data modify entity @s {} merge value {transformation:[-0.9787914433761621f,0.20306014618448825f,0.02709035631260339f,0.015605755587689243f,0.14870861909973365f,0.6133180407053498f,0.7757104663151075f,1.8459860202604157f,0.1409008764311276f,0.7632873364447267f,-0.6305072442439141f,0.4821914633860549f,0f,0f,0f,1f],start_interpolation:0}
execute if entity @s[tag=aj.axia.bone.ear_edge_b2] run data modify entity @s {} merge value {transformation:[-0.9936350163681057f,-0.10934151472341408f,0.02709035631260339f,0.0442817937392779f,-0.048095396310643204f,0.6292536096860477f,0.7757104663151075f,1.8524163881289355f,-0.10186406187108656f,0.7694701604708715f,-0.6305072442439141f,0.4913348123351071f,0f,0f,0f,1f],start_interpolation:0}
execute if entity @s[tag=aj.axia.bone.ear_right_2] run data modify entity @s {} merge value {transformation:[-0.9985065018362826f,0.04744342299545797f,0.02709035631260339f,0.09868265044686991f,0.050933689633546414f,0.6290302311570664f,0.7757104663151075f,1.9429904211424618f,0.01976170668194745f,0.7759317559585778f,-0.6305072442439141f,0.5555417890930474f,0f,0f,0f,1f],start_interpolation:0}
execute if entity @s[tag=aj.axia.bone.ear_right_1] run data modify entity @s {} merge value {transformation:[-0.9985065018362826f,0.0530936978687912f,0.01287730706659111f,0.08673656842639191f,0.050933689633546414f,0.8194081984715281f,0.5709430475432367f,1.7586235764863682f,0.01976170668194745f,0.5707462339115892f,-0.820888671760522f,0.4271238864629401f,0f,0f,0f,1f],start_interpolation:0}
execute if entity @s[tag=aj.axia.bone.ear_edge_a3] run data modify entity @s {} merge value {transformation:[-0.9853080613968213f,-0.16691021804861295f,-0.03618015004671101f,-0.23343008590204267f,-0.1426309167828649f,0.6876737023995685f,0.711871688301866f,1.8077088782776647f,-0.09393852098110496f,0.7065733211344978f,-0.701377000005595f,0.5238805202033189f,0f,0f,0f,1f],start_interpolation:0}
execute if entity @s[tag=aj.axia.bone.ear_edge_a4] run data modify entity @s {} merge value {transformation:[-0.9992877948062215f,-0.010719136808368404f,-0.03618015004671101f,-0.11843513014337609f,-0.0332990257577196f,0.7015196891590696f,0.711871688301866f,1.8186139093760159f,0.017750437597585336f,0.7125694533364773f,-0.701377000005595f,0.5290167709571579f,0f,0f,0f,1f],start_interpolation:0}
execute if entity @s[tag=aj.axia.bone.ear_edge_b3] run data modify entity @s {} merge value {transformation:[-0.9697018664198993f,-0.23516391607094989f,-0.06615302593184558f,-0.09722762498887953f,-0.15963921346666315f,0.4050258832302792f,0.9002607152582395f,1.8434604646596349f,-0.18491514752856059f,0.883545112878628f,-0.4302957375140768f,0.49389159722747894f,0f,0f,0f,1f],start_interpolation:0}
execute if entity @s[tag=aj.axia.bone.ear_edge_b4] run data modify entity @s {} merge value {transformation:[-0.9949109254519051f,0.07600018142409055f,-0.06615302593184558f,-0.12620654430060663f,-0.026666033143823695f,0.4345337354442059f,0.9002607152582395f,1.8461205447459021f,0.09716569915771006f,0.8974432601476319f,-0.4302957375140768f,0.5039121677930232f,0f,0f,0f,1f],start_interpolation:0}
execute if entity @s[tag=aj.axia.bone.ear_left_2] run data modify entity @s {} merge value {transformation:[-0.9945509687236029f,-0.08057386531006036f,-0.06615302593184558f,-0.18526015542681415f,-0.09431378247222573f,0.4250124174638952f,0.9002607152582395f,1.9161711014193372f,-0.04442162814131053f,0.9015943085615015f,-0.4302957375140768f,0.5869256308815277f,0f,0f,0f,1f],start_interpolation:0}
execute if entity @s[tag=aj.axia.bone.ear_left_1] run data modify entity @s {} merge value {transformation:[-0.9945509687236029f,-0.09777201723162236f,-0.03618015004671101f,-0.16326145154969915f,-0.09431378247222573f,0.695947993624547f,0.711871688301866f,1.7595828028538145f,-0.04442162814131053f,0.7114049640088456f,-0.701377000005595f,0.4268595139795377f,0f,0f,0f,1f],start_interpolation:0}
execute if entity @s[tag=aj.axia.bone.head] run data modify entity @s {} merge value {transformation:[-0.9999920799043642f,0.003081937899664239f,0.0025182905563820024f,-0.039920631315118464f,0.0038369054697847405f,0.9146439438331255f,0.40424217267103907f,1.2777156005596444f,-0.0010574899336094068f,0.4042486334771818f,-0.9146485248700024f,0.24839704196637072f,0f,0f,0f,1f],start_interpolation:0}
execute if entity @s[tag=aj.axia.bone.body_1] run data modify entity @s {} merge value {transformation:[-0.9696665135072399f,-0.10549883905321093f,-0.22049228453879885f,-0.00035856667016436416f,-0.22152056029686773f,0.7605928592718033f,0.6102680917355129f,0.992493278332718f,0.10332228195542201f,0.6406001072300624f,-0.7608915879863286f,0.008172001755097306f,0f,0f,0f,1f],start_interpolation:0}
execute if entity @s[tag=aj.axia.bone.leg_left_2] run data modify entity @s {} merge value {transformation:[-0.983897509901574f,-0.13719671006993736f,-0.11455458417482756f,0.2159686467618471f,-0.17872812312726197f,0.7502163052283521f,0.6365781596732064f,0.45171539860351195f,-0.0013957123229298013f,0.6468017919853852f,-0.7626568650917699f,-0.2023813699480039f,0f,0f,0f,1f],start_interpolation:0}
execute if entity @s[tag=aj.axia.bone.leg_left_1] run data modify entity @s {} merge value {transformation:[-0.983897509901574f,-0.17738578959793366f,-0.02190825548051952f,0.1547705836256497f,-0.17872812312726197f,0.9754912483155007f,0.12834750665000227f,0.7884253170417219f,-0.0013957123229298013f,0.13019641357803885f,-0.9914872393926852f,-0.17867292432809942f,0f,0f,0f,1f],start_interpolation:0}
execute if entity @s[tag=aj.axia.bone.leg_right_2] run data modify entity @s {} merge value {transformation:[-0.9947690102331616f,-0.056570774959927364f,-0.08505506275448668f,-0.07557864401549347f,-0.10089104501917784f,0.6744360730115058f,0.7314075337701664f,0.6314394957554765f,0.015987911516975636f,0.7361628426110982f,-0.6766155894184476f,0.1289036250525851f,0f,0f,0f,1f],start_interpolation:0}
execute if entity @s[tag=aj.axia.bone.leg_right_1] run data modify entity @s {} merge value {transformation:[-0.9947690102331616f,-0.057674185803752206f,0.08431076189675123f,-0.09310301371955176f,-0.10089104501917784f,0.42554681710455927f,-0.8992946699981696f,0.7557972574532806f,0.015987911516975636f,-0.9030966696561631f,-0.4291395949353456f,-0.1767094855992192f,0f,0f,0f,1f],start_interpolation:0}
execute if entity @s[tag=aj.axia.bone.coat_downer] run data modify entity @s {} merge value {transformation:[-0.9901315701563617f,-0.10902553795553226f,-0.08805058689869547f,0.01662499074509266f,-0.1401409068748234f,0.7702934816846575f,0.6221000548902323f,0.8167526118875683f,-1.0737835800485868e-16f,0.6283003932416683f,-0.7779708322632444f,-0.14038586911493522f,0f,0f,0f,1f],start_interpolation:0}
execute if entity @s[tag=aj.axia.bone.body_2] run data modify entity @s {} merge value {transformation:[-0.9901315701563617f,-0.10902553795553226f,-0.08805058689869547f,0f,-0.1401409068748234f,0.7702934816846575f,0.6221000548902323f,0.9899599125364434f,-1.0737835800485868e-16f,0.6283003932416683f,-0.7779708322632444f,0f,0f,0f,0f,1f],start_interpolation:0}