# This file was generated by Animated Java via MC-Build. It is not recommended to edit this file directly.
$data merge entity $(bone_wing_right_1) { transformation: [-0.45966104436818217f,-0.190769059389739f,0.6475054707987805f,0.2672280221615336f,-0.036086553818832356f,0.7891993698423316f,0.2068974618461797f,1.318207241672435f,-0.674057808624955f,0.08784056616657861f,-0.4526306993694776f,-0.4443354464909678f,0f,0f,0f,1f], start_interpolation: 0, interpolation_duration: 1 }
$data merge entity $(bone_wing_right_2) { transformation: [-0.48751894454287453f,-0.0003359639738176601f,0.6342910734355401f,0.2672280221615336f,0.2631907544811852f,0.727772934999922f,0.20267506466564542f,1.318207241672435f,-0.5771099595981912f,0.33218434973641864f,-0.44339333815785564f,-0.4443354464909678f,0f,0f,0f,1f], start_interpolation: 0, interpolation_duration: 1 }
$data merge entity $(bone_wing_left_1) { transformation: [-0.3757592465824247f,-0.04346192186383115f,0.7237820765949894f,0.2407355814769224f,0.27075612799189186f,0.7478207923642549f,0.18547136195914576f,1.3256489687188162f,-0.6726370137058255f,0.3252991981238878f,-0.32967305612880893f,-0.487041175675825f,0f,0f,0f,1f], start_interpolation: 0, interpolation_duration: 1 }
$data merge entity $(bone_wing_left_2) { transformation: [-0.3237787294367311f,-0.18019632810972816f,0.7090110138073366f,0.2407355814769224f,-0.035297223832377767f,0.7782957143956178f,0.18168623212324483f,1.3256489687188162f,-0.7306992817528034f,0.04225002117379073f,-0.3229450345751598f,-0.487041175675825f,0f,0f,0f,1f], start_interpolation: 0, interpolation_duration: 1 }
$data merge entity $(bone_blade) { transformation: [-0.8139637855505171f,-1.785894929291734f,0.3847625986791622f,-0.6293692219218965f,1.0618839466946335f,-0.8052698376658677f,-1.4912890304356883f,1.3626759496884946f,1.4865616164708746f,-0.4026410188687409f,1.2759368206772f,-1.0854487508990844f,0f,0f,0f,1f], start_interpolation: 0, interpolation_duration: 1 }
$data merge entity $(bone_arm_right_2) { transformation: [-0.6049572219168002f,0.30287701968140923f,0.7364049637255401f,-0.40543155291196387f,-0.3142827634664817f,0.7589204947541023f,-0.5703209861385603f,1.4558053061688492f,-0.7316099399533733f,-0.5764591864053303f,-0.3639254074262f,-0.837931852758059f,0f,0f,0f,1f], start_interpolation: 0, interpolation_duration: 1 }
$data merge entity $(bone_arm_right_1) { transformation: [-0.5060912313408854f,0.4489759402910716f,0.7364049637255401f,-0.20773966566943053f,-0.1074006109763153f,0.8143703589472384f,-0.5703209861385603f,1.4977586698314724f,-0.8557667756589877f,-0.3677247931645262f,-0.3639254074262f,-0.5036479560162669f,0f,0f,0f,1f], start_interpolation: 0, interpolation_duration: 1 }
$data merge entity $(bone_arm_left_2) { transformation: [-0.3163381837092842f,0.16598805402259229f,0.9340118411718901f,0.21349818247028435f,0.6284465888655841f,0.7742034056337685f,0.07525936252909338f,1.1977886768985018f,-0.7106229932043587f,0.6107839655941101f,-0.34922472550266304f,0.34632364274696775f,0f,0f,0f,1f], start_interpolation: 0, interpolation_duration: 1 }
$data merge entity $(bone_arm_left_1) { transformation: [-0.3382485625277589f,0.11493385270928913f,0.9340118411718901f,0.08701413981209126f,0.5008098534073686f,0.8622792581767256f,0.07525936252909338f,1.3882869946080674f,-0.7967291890460612f,0.49321870445026195f,-0.34922472550266304f,0.049091505306101846f,0f,0f,0f,1f], start_interpolation: 0, interpolation_duration: 1 }
$data merge entity $(bone_ear_edge_a1) { transformation: [-0.8797230609995231f,-0.11340520694321876f,0.46176465324209753f,-0.03903457092811798f,0.16255680404973957f,0.8408948269464848f,0.5162084612555046f,2.0245925869895793f,-0.4468362355525382f,0.5291834739037179f,-0.721319783136737f,0.09567570709690164f,0f,0f,0f,1f], start_interpolation: 0, interpolation_duration: 1 }
$data merge entity $(bone_ear_edge_a2) { transformation: [-0.851151727420955f,-0.24962800709161073f,0.46176465324209753f,-0.13959008981059207f,0.029010527635865382f,0.8559715029219797f,0.5162084612555046f,2.036560117424968f,-0.5241174736589237f,0.4527677597410816f,-0.721319783136737f,0.03986794363558348f,0f,0f,0f,1f], start_interpolation: 0, interpolation_duration: 1 }
$data merge entity $(bone_ear_edge_b1) { transformation: [-0.9053741291513858f,-0.15698662526772136f,0.39452868812092917f,-0.1405304515384035f,0.20733240530580735f,0.6474074200615451f,0.7334009177519226f,2.0484554772854255f,-0.3705549351627607f,0.745800799098731f,-0.5535975145267686f,-0.0012084244210164574f,0f,0f,0f,1f], start_interpolation: 0, interpolation_duration: 1 }
$data merge entity $(bone_ear_edge_b2) { transformation: [-0.8125504301171781f,-0.42907914510724854f,0.39452868812092917f,-0.11977957071144033f,-0.002875059978221739f,0.6797902822714951f,0.7334009177519226f,2.053942840047698f,-0.5828838070717955f,0.5947909375261811f,-0.5535975145267686f,0.020849576844293033f,0f,0f,0f,1f], start_interpolation: 0, interpolation_duration: 1 }
$data merge entity $(bone_ear_right_2) { transformation: [-0.869669352497073f,-0.2966855769613683f,0.39452868812092917f,-0.09777592492623398f,0.10350296592768755f,0.671870694319085f,0.7334009177519226f,2.145334051006473f,-0.4826617380438326f,0.6786511906261494f,-0.5535975145267686f,0.10115605642656474f,0f,0f,0f,1f], start_interpolation: 0, interpolation_duration: 1 }
$data merge entity $(bone_ear_right_1) { transformation: [-0.869669352497073f,-0.17449533616554563f,0.46176465324209753f,-0.058514474288986276f,0.10350296592768755f,0.850185838844894f,0.5162084612555046f,1.9540422372663722f,-0.4826617380438326f,0.4967246894247124f,-0.721319783136737f,-0.010606998693995368f,0f,0f,0f,1f], start_interpolation: 0, interpolation_duration: 1 }
$data merge entity $(bone_ear_edge_a3) { transformation: [-0.8191527440407146f,-0.33272887517393834f,0.4672047490726657f,-0.36902877034752934f,-0.11434132362073812f,0.8929268052436087f,0.43543975724559186f,2.0428055593262058f,-0.5620630246184357f,0.30327086260128594f,-0.7694881027370384f,-0.11001757789763553f,0f,0f,0f,1f], start_interpolation: 0, interpolation_duration: 1 }
$data merge entity $(bone_ear_edge_a4) { transformation: [-0.8611178780467998f,-0.20048870928838752f,0.4672047490726657f,-0.27186129872142795f,0.026750934909947885f,0.8998203183365797f,0.43543975724559186f,2.0487920863272606f,-0.5077010809419453f,0.3874631236085993f,-0.7694881027370384f,-0.04763340861362232f,0f,0f,0f,1f], start_interpolation: 0, interpolation_duration: 1 }
$data merge entity $(bone_ear_edge_b3) { transformation: [-0.7711955499747901f,-0.5028717240954649f,0.3903555466550144f,-0.23701808467923324f,-0.1719975789885395f,0.7549783526886287f,0.632791055399526f,2.05351347249894f,-0.6129227165974203f,0.4208654370185551f,-0.6687286650069806f,-0.06181320539153641f,0f,0f,0f,1f], start_interpolation: 0, interpolation_duration: 1 }
$data merge entity $(bone_ear_edge_b4) { transformation: [-0.8888464618774773f,-0.23994689913302633f,0.3903555466550144f,-0.2653539028078413f,0.0697217230819481f,0.771177256885107f,0.632791055399526f,2.06171466107556f,-0.4528695712215316f,0.5896703520269669f,-0.6687286650069806f,-0.07059315652540761f,0f,0f,0f,1f], start_interpolation: 0, interpolation_duration: 1 }
$data merge entity $(bone_ear_left_2) { transformation: [-0.8403673221716876f,-0.37603897540235276f,0.3903555466550144f,-0.33498984707719553f,-0.05177536865777137f,0.7725896656095692f,0.632791055399526f,2.163483506813481f,-0.5395387613752493f,0.5115661223846266f,-0.6687286650069806f,-0.06167229142517085f,0f,0f,0f,1f], start_interpolation: 0, interpolation_duration: 1 }
$data merge entity $(bone_ear_left_1) { transformation: [-0.8403673221716876f,-0.27477715747480513f,0.4672047490726657f,-0.2731649866453645f,-0.05177536865777137f,0.8987277279633982f,0.43543975724559186f,1.9612697680217166f,-0.5395387613752493f,0.34173964464166906f,-0.7694881027370384f,-0.13856371146954627f,0f,0f,0f,1f], start_interpolation: 0, interpolation_duration: 1 }
$data merge entity $(bone_head) { transformation: [-0.8586020494255129f,-0.17173265656229295f,0.4830221686344905f,-0.09292118674882804f,0.028910123021378728f,0.9244999513817349f,0.38008425997672973f,1.4719721444366323f,-0.5118268511022036f,0.34030535488767594f,-0.7888127407221407f,-0.2243414513141379f,0f,0f,0f,1f], start_interpolation: 0, interpolation_duration: 1 }
$data merge entity $(bone_body_1) { transformation: [-0.5214675564726055f,-0.13230801553818183f,0.8429508743520218f,-0.043305680922009857f,0.14648024562971418f,0.9593583947779556f,0.24119495850726785f,1.112212746394899f,-0.8406040240129404f,0.24925099677516294f,-0.48089376729152883f,-0.317810575104824f,0f,0f,0f,1f], start_interpolation: 0, interpolation_duration: 1 }
$data merge entity $(bone_leg_left_2) { transformation: [-0.6964934551288111f,0.06608298578085517f,0.714513754908202f,-0.18035163757981898f,-0.17794915956598162f,0.9487386690825219f,-0.26120688045548485f,0.449410417356938f,-0.6951481594397639f,-0.3090760048561071f,-0.6490308618622815f,-0.011914064037200606f,0f,0f,0f,1f], start_interpolation: 0, interpolation_duration: 1 }
$data merge entity $(bone_leg_left_1) { transformation: [-0.6964934551288111f,0.2667090178439674f,0.6661555124469338f,-0.07858202109450414f,-0.17794915956598162f,0.8351589938704829f,-0.5204263171352921f,0.7462447026132388f,-0.6951481594397639f,-0.48101533734169954f,-0.5342221276487519f,-0.18986646414772354f,0f,0f,0f,1f], start_interpolation: 0, interpolation_duration: 1 }
$data merge entity $(bone_leg_right_2) { transformation: [-0.2863906908641615f,0.7610904780089238f,0.5819979866550192f,-0.41111108299727f,0.4258343110950881f,0.6452603444531144f,-0.6342745678098878f,0.9120934767501905f,-0.8582805553433678f,0.06618438003332722f,-0.5088949952191357f,-0.31066669747503567f,0f,0f,0f,1f], start_interpolation: 0, interpolation_duration: 1 }
$data merge entity $(bone_leg_right_1) { transformation: [-0.2863906908641615f,0.9047562601400085f,-0.31527207602928187f,-0.1176672586324639f,0.4258343110950881f,-0.17457057191893896f,-0.8878007968649647f,0.8062245413589453f,-0.8582805553433678f,-0.3885115508673579f,-0.33528087204927215f,-0.4611095846574239f,0f,0f,0f,1f], start_interpolation: 0, interpolation_duration: 1 }
$data merge entity $(bone_coat_downer) { transformation: [-0.42377613464550695f,0.35106304852254394f,0.8349661811516507f,-0.08175140095617388f,0.12028723605433381f,0.9354809771853614f,-0.33227446812346334f,0.8567375491293203f,-0.8977442667861053f,-0.04037421561317872f,-0.4386629163335994f,-0.3407598472675718f,0f,0f,0f,1f], start_interpolation: 0, interpolation_duration: 1 }
$data merge entity $(bone_body_2) { transformation: [-0.42377613464550695f,0.35106304852254394f,0.8349661811516507f,4.197689184162366e-17f,0.12028723605433381f,0.9354809771853614f,-0.33227446812346334f,1.0648193359375f,-0.8977442667861053f,-0.04037421561317872f,-0.4386629163335994f,-0.342767333984375f,0f,0f,0f,1f], start_interpolation: 0, interpolation_duration: 1 }