execute if entity @s[tag=aj.louvert.bone.head] run data modify entity @s {} merge value {transformation:[-0.8256281741466541f,0.01629810592806548f,0.5639791572375875f,0.015815009434901675f,-0.03861560420477025f,0.9956065383673056f,-0.08530214459303592f,1.7748203474091362f,-0.5628915998370932f,-0.09220624980676874f,-0.8213714472328637f,-0.1388561190246489f,0f,0f,0f,1f],start_interpolation:0}
execute if entity @s[tag=aj.louvert.bone.coat_0] run data modify entity @s {} merge value {transformation:[-0.31222491628305304f,0.5698392940772811f,0.7601307654460161f,-0.3055311759919278f,0.057524242346884885f,0.8100026413136521f,-0.5835980488378315f,1.0062630621801059f,-0.9482650279296696f,-0.13848790557450533f,-0.28568258052448614f,-0.19131896804806445f,0f,0f,0f,1f],start_interpolation:0}
execute if entity @s[tag=aj.louvert.bone.coat_1] run data modify entity @s {} merge value {transformation:[-0.6010406026161822f,0.24688340047323973f,0.7601307654460161f,-0.0806678573301948f,-0.4644653439652333f,0.6660970362101407f,-0.5835980488378315f,1.0838595803301494f,-0.6504015208023686f,-0.7038205203905583f,-0.28568258052448614f,0.2484710594553134f,0f,0f,0f,1f],start_interpolation:0}
execute if entity @s[tag=aj.louvert.bone.coat_2] run data modify entity @s {} merge value {transformation:[-0.449726637323466f,0.09132614691435681f,0.8884849388546239f,-0.09808317098030928f,-0.15519303630008716f,0.9716371136204687f,-0.17842769101023603f,0.9721115651503986f,-0.8795800550067556f,-0.2181303608511703f,-0.42279790977398496f,-0.007134276861936309f,0f,0f,0f,1f],start_interpolation:0}
execute if entity @s[tag=aj.louvert.bone.right_leg_1] run data modify entity @s {} merge value {transformation:[-0.35623774648059314f,-0.025139862782720956f,0.9340570942301625f,-0.559356076906387f,-0.09431026866679668f,0.9955005723429934f,-0.00917516696137205f,0.8952945555455876f,-0.9296237094687424f,-0.09135971630887645f,-0.35700582772489353f,0.05066391692927191f,0f,0f,0f,1f],start_interpolation:0}
execute if entity @s[tag=aj.louvert.bone.right_leg_0] run data modify entity @s {} merge value {transformation:[-0.35623774648059314f,0.810396147891471f,0.4651373468827178f,-0.24931534632649455f,-0.09431026866679668f,0.46406872073330896f,-0.8807643246981265f,1.0256621917176167f,-0.9296237094687424f,-0.35762872636243215f,-0.08889011685198395f,-0.08137146117222f,0f,0f,0f,1f],start_interpolation:0}
execute if entity @s[tag=aj.louvert.bone.left_leg_1] run data modify entity @s {} merge value {transformation:[-0.5557848900953327f,0.007274210143866755f,0.8312943171996916f,-0.28018002912858875f,-0.35620313324282105f,0.9014349082640958f,-0.2460374646896245f,0.7779500803827124f,-0.7511474447867847f,-0.43285354570533907f,-0.4984128049725446f,0.38041725090867384f,0f,0f,0f,1f],start_interpolation:0}
execute if entity @s[tag=aj.louvert.bone.left_leg_0] run data modify entity @s {} merge value {transformation:[-0.5557848900953327f,0.35999041503598644f,0.7493397473936219f,-0.13688368699562803f,-0.35620313324282105f,0.7113214502480951f,-0.6059217130000738f,1.0644604507926385f,-0.7511474447867847f,-0.6036792985511139f,-0.2671120002753882f,0.1385235525794689f,0f,0f,0f,1f],start_interpolation:0}
execute if entity @s[tag=aj.louvert.bone.body_1] run data modify entity @s {} merge value {transformation:[-0.449726637323466f,0.468985256808976f,0.7601307654460161f,-0.04654162390825629f,-0.15519303630008716f,0.7970749267645018f,-0.5835980488378315f,1.2941472358690345f,-0.8795800550067556f,-0.3804265895270505f,-0.28568258052448614f,-0.09030726352357882f,0f,0f,0f,1f],start_interpolation:0}
execute if entity @s[tag=aj.louvert.locator_origin.locator] at @s on origin run tp @s ^-0.96493 ^2.01711 ^-1.48299 ~129.88975 ~-11.6439
execute if entity @s[tag=aj.louvert.bone.sword_0] run data modify entity @s {} merge value {transformation:[0.11561805616107873f,-0.6495346701658576f,0.7514899715512269f,-0.3223379687153428f,0.9776123460844097f,-0.05949251478711705f,-0.20182849518252022f,1.8384389246204464f,0.17580263329333118f,0.7580008924380197f,0.6281147038481866f,-0.9120157686265948f,0f,0f,0f,1f],start_interpolation:0}
execute if entity @s[tag=aj.louvert.bone.right_arm_1] run data modify entity @s {} merge value {transformation:[-0.47650980717079594f,0.020623419555274358f,0.8789272314793176f,-0.14615067871835816f,0.3123795771109548f,0.938462092405588f,0.1473360136616521f,1.7111370226644307f,-0.821801316300985f,0.3447659723400391f,-0.4536287257685468f,-0.6062502397391717f,0f,0f,0f,1f],start_interpolation:0}
execute if entity @s[tag=aj.louvert.bone.right_arm_0] run data modify entity @s {} merge value {transformation:[-0.3893032717734717f,0.020623419555274358f,0.9208787309696741f,-0.045431725956874114f,0.32516064150836554f,0.938462092405588f,0.11644508719389444f,1.6214778054169308f,-0.8618082848292526f,0.3447659723400391f,-0.3720522873415627f,-0.3682203470424863f,0f,0f,0f,1f],start_interpolation:0}
execute if entity @s[tag=aj.louvert.locator_origin.locator2] at @s on origin run tp @s ^-0.59639 ^1.22084 ^0.48578 ~88.04601 ~-2.43595
execute if entity @s[tag=aj.louvert.bone.sword_1] run data modify entity @s {} merge value {transformation:[-0.03796969020720219f,0.03905465643315336f,0.9985154162237344f,0.280925605474114f,-0.09469867337190291f,0.994598261212878f,-0.04250247115076655f,1.209439405041452f,-0.9947816161787322f,-0.09617189092041639f,-0.03406616370565976f,0.45337977224208603f,0f,0f,0f,1f],start_interpolation:0}
execute if entity @s[tag=aj.louvert.bone.left_arm_1] run data modify entity @s {} merge value {transformation:[0.01747005623335618f,0.051592254251446756f,0.9985154162237344f,0.28433893791098935f,0.8422646091993254f,0.5373861442541911f,-0.04250247115076655f,1.5198014415730747f,-0.5387811478007665f,0.8417567173862455f,-0.03406616370565976f,0.2426570883764767f,0f,0f,0f,1f],start_interpolation:0}
execute if entity @s[tag=aj.louvert.bone.left_arm_0] run data modify entity @s {} merge value {transformation:[-0.5241437177846868f,0.051592254251446756f,0.8500656459404182f,0.12054402610327472f,0.7320288181932819f,0.5373861442541911f,0.418748064232136f,1.7485604472584753f,-0.4352093432377042f,0.8417567173862455f,-0.31943458844298356f,0.10665416861469412f,0f,0f,0f,1f],start_interpolation:0}
execute if entity @s[tag=aj.louvert.bone.wing_0] run data modify entity @s {} merge value {transformation:[0.026477324759244747f,0.052975082767703505f,0.9982447554980431f,0.4547296536356508f,-0.06861539783412118f,0.9963360037608946f,-0.051053842067329956f,1.394611694079916f,-0.9972917719773178f,-0.06714319187769943f,0.030015218320306847f,-0.31480888978916555f,0f,0f,0f,1f],start_interpolation:0}
execute if entity @s[tag=aj.louvert.bone.wing_1] run data modify entity @s {} merge value {transformation:[-0.7531425034184462f,0.052975082767703505f,0.655720984985497f,0.2261672391845772f,-0.004287631432916307f,0.9963360037608946f,-0.08541770206734703f,1.4134707700981224f,-0.6578434355994525f,-0.06714319187769943f,-0.7501558544883744f,-0.2152922683029276f,0f,0f,0f,1f],start_interpolation:0}
execute if entity @s[tag=aj.louvert.bone.body_0] run data modify entity @s {} merge value {transformation:[-0.4016730060764417f,0.052975082767703505f,0.9142496578042945f,0.008535682315947611f,-0.04029803515809208f,0.9963360037608946f,-0.07543630407282537f,1.6291336604840674f,-0.9148960949484437f,-0.06714319187769943f,-0.39806648594495164f,-0.13294173544848842f,0f,0f,0f,1f],start_interpolation:0}