execute if entity @s[tag=aj.louvert.bone.head] run data modify entity @s {} merge value {transformation:[-0.896836259960336f,0.03609756564462695f,0.44088738763417645f,0.019376033203645636f,-0.08787644832039535f,0.9622634057252061f,-0.25754003151494814f,1.7521016911975835f,-0.4335463673598819f,-0.26971485638848197f,-0.8598205880254267f,-0.1382276031911254f,0f,0f,0f,1f],start_interpolation:0}
execute if entity @s[tag=aj.louvert.bone.coat_0] run data modify entity @s {} merge value {transformation:[-0.09088581176008326f,0.7781983693939024f,0.6214073278401069f,-0.4083681954492545f,-0.06226973389016888f,0.6183279388316225f,-0.7834494497422821f,1.067688096316231f,-0.9939125964902338f,-0.10989930815482224f,-0.0077390312787294635f,-0.12150361010168402f,0f,0f,0f,1f],start_interpolation:0}
execute if entity @s[tag=aj.louvert.bone.coat_1] run data modify entity @s {} merge value {transformation:[-0.6145353179159412f,0.48600337029754337f,0.6214073278401069f,-0.24802414439944506f,-0.48125522964136114f,0.39319252744852085f,-0.7834494497422821f,1.1903493452821448f,-0.6250917908409883f,-0.7805128829289578f,-0.0077390312787294635f,0.33592835565394413f,0f,0f,0f,1f],start_interpolation:0}
execute if entity @s[tag=aj.louvert.bone.coat_2] run data modify entity @s {} merge value {transformation:[-0.320688102099619f,0.28876517443239336f,0.9020941276866699f,-0.2505202539443364f,-0.24532249793182767f,0.8945744492873733f,-0.37356850334400626f,1.0310875395814025f,-0.9148639315112563f,-0.3411029591153115f,-0.216038788421305f,0.10624499386628887f,0f,0f,0f,1f],start_interpolation:0}
execute if entity @s[tag=aj.louvert.bone.right_leg_1] run data modify entity @s {} merge value {transformation:[-0.21735239238700269f,0.28295035143544245f,0.93418254969048f,-0.7091668622773083f,-0.2220179705944981f,0.9176456131910276f,-0.3295975566116406f,1.153610603829629f,-0.9505082631186048f,-0.2790441313015249f,-0.13663240658581088f,0.057897487937069f,0f,0f,0f,1f],start_interpolation:0}
execute if entity @s[tag=aj.louvert.bone.right_leg_0] run data modify entity @s {} merge value {transformation:[-0.21735239238700269f,0.9748971378709772f,0.04830639807130521f,-0.36828218268680213f,-0.2220179705944981f,-0.0011851272325758f,-0.9750418535665755f,1.0983534085577094f,-0.9505082631186048f,-0.22265256801667382f,0.21670227432778233f,-0.0071456186627769785f,0f,0f,0f,1f],start_interpolation:0}
execute if entity @s[tag=aj.louvert.bone.left_leg_1] run data modify entity @s {} merge value {transformation:[-0.4947779952756951f,0.23143193169495535f,0.8376359569543954f,-0.5217886825084275f,-0.38474512026014274f,0.8059337246648794f,-0.44993557748171287f,0.9568438770666239f,-0.7792085265363646f,-0.5448945700222527f,-0.3097159662227503f,0.4701055713111289f,0f,0f,0f,1f],start_interpolation:0}
execute if entity @s[tag=aj.louvert.bone.left_leg_0] run data modify entity @s {} merge value {transformation:[-0.4947779952756951f,0.5937924405448f,0.6345118382999757f,-0.2881101571618974f,-0.38474512026014274f,0.5050097112513329f,-0.7726165827743109f,1.1596840330406664f,-0.7792085265363646f,-0.6263990174750401f,-0.021408948580719338f,0.22157036421503712f,0f,0f,0f,1f],start_interpolation:0}
execute if entity @s[tag=aj.louvert.bone.body_1] run data modify entity @s {} merge value {transformation:[-0.320688102099619f,0.7148510852466843f,0.6214073278401069f,-0.10480520578476096f,-0.24532249793182767f,0.5709849662705696f,-0.7834494497422821f,1.3074515227587409f,-0.9148639315112563f,-0.4036881150277205f,-0.0077390312787294635f,-0.018940163170032595f,0f,0f,0f,1f],start_interpolation:0}
execute if entity @s[tag=aj.louvert.locator_origin.locator] at @s on origin run tp @s ^-0.8452 ^1.584 ^-1.59485 ~134.93119 ~0.09895
execute if entity @s[tag=aj.louvert.bone.sword_0] run data modify entity @s {} merge value {transformation:[0.15318936503936426f,-0.6894443593902917f,0.7079544432685952f,-0.2418518911789634f,0.9758148133858152f,0.21859201206108592f,0.0017269162957247331f,1.591205404511518f,-0.15594379890089483f,0.6905678877329845f,0.7062559904286552f,-0.9570526819853904f,0f,0f,0f,1f],start_interpolation:0}
execute if entity @s[tag=aj.louvert.bone.right_arm_1] run data modify entity @s {} merge value {transformation:[-0.4184770981371143f,0.047936762836031904f,0.9069614022126533f,-0.0877843982458007f,0.02906753536933486f,0.9988014690801214f,-0.03937897600171824f,1.570003246315418f,-0.907762081562285f,0.009883933032627676f,-0.4193689439449636f,-0.615652667101056f,0f,0f,0f,1f],start_interpolation:0}
execute if entity @s[tag=aj.louvert.bone.right_arm_0] run data modify entity @s {} merge value {transformation:[-0.24086645810839508f,0.047936762836031904f,0.9693737236624062f,-0.026879878419574427f,0.021162374301516258f,0.9988014690801214f,-0.04413365243568629f,1.5643957456394095f,-0.970327523711576f,0.009883933032627676f,-0.24159222792872959f,-0.3443826795705749f,0f,0f,0f,1f],start_interpolation:0}
execute if entity @s[tag=aj.louvert.locator_origin.locator2] at @s on origin run tp @s ^-0.84313 ^1.63246 ^0.05673 ~127.13706 ~-20.19549
execute if entity @s[tag=aj.louvert.bone.sword_1] run data modify entity @s {} merge value {transformation:[0.31846646564178605f,0.5820672751411106f,0.7481823290291159f,-0.17136513491831543f,-0.5623202510160548f,0.7514094343610744f,-0.3452242709463101f,1.3490532984554764f,-0.7631350113570141f,-0.3107757216433952f,0.5666069230764452f,0.5458919129681532f,0f,0f,0f,1f],start_interpolation:0}
execute if entity @s[tag=aj.louvert.bone.left_arm_1] run data modify entity @s {} merge value {transformation:[0.6446590002310855f,-0.15696488763295297f,0.7481823290291159f,0.07006852642903794f,0.5802665883568371f,0.7376387253841175f,-0.3452242709463101f,1.5598684721524503f,-0.4977001706427016f,0.656697140898351f,0.5666069230764452f,0.3509379600422574f,0f,0f,0f,1f],start_interpolation:0}
execute if entity @s[tag=aj.louvert.bone.left_arm_0] run data modify entity @s {} merge value {transformation:[0.05597782740330244f,-0.15696488763295297f,0.9860164840861337f,0.08756159749256995f,0.6705156566420652f,0.7376387253841175f,0.07935908902926167f,1.7694046148530957f,-0.7397805330211561f,0.656697140898351f,0.14653882795650158f,0.11975654347314615f,0f,0f,0f,1f],start_interpolation:0}
execute if entity @s[tag=aj.louvert.bone.wing_0] run data modify entity @s {} merge value {transformation:[0.19665668064168101f,0.17100138661519626f,0.9654453250882084f,0.43343046221741116f,-0.2607539335245763f,0.9583346972772979f,-0.11662758741348717f,1.3102655662062264f,-0.9451632325214818f,-0.22880807190767977f,0.23305220470837282f,-0.17700686268258953f,0f,0f,0f,1f],start_interpolation:0}
execute if entity @s[tag=aj.louvert.bone.wing_1] run data modify entity @s {} merge value {transformation:[-0.6858061649824889f,0.17100138661519626f,0.7074096619694218f,0.19701238438604157f,-0.05096373909957326f,0.9583346972772979f,-0.2810645927387873f,1.3664698526073693f,-0.7259976593412694f,-0.22880807190767977f,-0.6485169734562759f,-0.11829084557772501f,0f,0f,0f,1f],start_interpolation:0}
execute if entity @s[tag=aj.louvert.bone.body_0] run data modify entity @s {} merge value {transformation:[-0.2765183635276463f,0.17100138661519626f,0.9456723113254786f,-0.004641807818877299f,-0.17621537684504812f,0.9583346972772979f,-0.22481714560457222f,1.611204970950823f,-0.9447146318308773f,-0.22880807190767977f,-0.23486406841945812f,-0.10849820999320425f,0f,0f,0f,1f],start_interpolation:0}