execute if entity @s[tag=aj.ecual.bone.wing_right_1] run data modify entity @s {} merge value {transformation:[0.7311071892265038f,0.11997708113254808f,-0.34355817892851787f,-0.2715676863246984f,-0.154844944956225f,0.8002895912997086f,-0.050040558782786286f,1.3681704919735325f,0.32931711969964333f,0.10993868520545363f,0.7391942671669411f,0.12783877791796533f,0f,0f,0f,1f],start_interpolation:0}
execute if entity @s[tag=aj.ecual.bone.wing_right_2] run data modify entity @s {} merge value {transformation:[0.7066464092191068f,-0.16549051980850718f,-0.33654678752181344f,-0.2715676863246984f,0.1598688904425152f,0.7823292426160213f,-0.04901932288926004f,1.3681704919735325f,0.3392532832655002f,-0.023955041251322085f,0.72410866987782f,0.12783877791796533f,0f,0f,0f,1f],start_interpolation:0}
execute if entity @s[tag=aj.ecual.bone.wing_left_1] run data modify entity @s {} merge value {transformation:[0.3012659307614326f,-0.06205815407950257f,-0.7565263174002188f,-0.2274753464226547f,0.09817586388255214f,0.8102818792649525f,-0.027371889416259128f,1.3657501728696546f,0.7526916919681036f,-0.08084866165587429f,0.3063709437839881f,0.17405104301609006f,0f,0f,0f,1f],start_interpolation:0}
execute if entity @s[tag=aj.ecual.bone.wing_left_2] run data modify entity @s {} merge value {transformation:[0.29591711479134925f,0.05677246242510787f,-0.7410870048002144f,-0.2274753464226547f,-0.2149016615634057f,0.7701287709880694f,-0.02681327942817221f,1.3657501728696546f,0.711512710378986f,0.20899417122636582f,0.3001184755434986f,0.17405104301609006f,0f,0f,0f,1f],start_interpolation:0}
execute if entity @s[tag=aj.ecual.bone.staff] run data modify entity @s {} merge value {transformation:[-1.4694787570742485f,-0.32981937823736873f,-0.41624224947335275f,0.6394031294783646f,0.2601217429850389f,0.6206894238207089f,-1.4101374287577582f,1.848693720258644f,0.46300659966564894f,-1.3954820195531834f,-0.5288299081650181f,0.0024817589330369816f,0f,0f,0f,1f],start_interpolation:0}
execute if entity @s[tag=aj.ecual.bone.arm_right_2] run data modify entity @s {} merge value {transformation:[0.5396095220362911f,-0.42972106742699245f,0.7239898949137146f,0.513233648657685f,0.5843546795226362f,0.8102289558749646f,0.04537232175855521f,1.6762148621702546f,-0.6060950191576915f,0.39858354616211994f,0.6883167762600781f,0.16678832438920368f,0f,0f,0f,1f],start_interpolation:0}
execute if entity @s[tag=aj.ecual.bone.arm_right_1] run data modify entity @s {} merge value {transformation:[0.8883891041856722f,-0.42972106742699245f,0.16156919190732116f,0.20412032206572506f,0.45835053320042035f,0.8102289558749646f,-0.36529964108476076f,1.5288417710987805f,0.02606891403701006f,0.39858354616211994f,0.9167614566776681f,0.13937506796829086f,0f,0f,0f,1f],start_interpolation:0}
execute if entity @s[tag=aj.ecual.bone.arm_left_2] run data modify entity @s {} merge value {transformation:[-0.7115655553487394f,-0.5853158381157911f,-0.38868988936174975f,-0.0920952803144648f,0.27776499080376654f,0.27379966181898424f,-0.9208041893212657f,1.305078793351133f,0.6453844360728135f,-0.7631769878859156f,-0.032246160024990894f,-0.5468945509372157f,0f,0f,0f,1f],start_interpolation:0}
execute if entity @s[tag=aj.ecual.bone.arm_left_1] run data modify entity @s {} merge value {transformation:[-0.3650407834351562f,-0.6387236683355169f,-0.6773310135650574f,-0.19187943839733812f,0.6358885179418015f,0.3603327948284109f,-0.6824998679274054f,1.5163060009498595f,0.6799933964229554f,-0.6798473008545133f,0.27462088111067995f,-0.3090145103059706f,0f,0f,0f,1f],start_interpolation:0}
execute if entity @s[tag=aj.ecual.bone.himo_right_2] run data modify entity @s {} merge value {transformation:[0.7690597754960264f,-0.15625400319932867f,-0.6197836301469939f,0.2714531155540399f,-0.34955430761081396f,0.7089912375494818f,-0.6124893559146795f,1.278214655979155f,0.5351250767294746f,0.6876889642579983f,0.490637382078695f,-0.17687391042290662f,0f,0f,0f,1f],start_interpolation:0}
execute if entity @s[tag=aj.ecual.bone.himo_right_1] run data modify entity @s {} merge value {transformation:[0.712603130309305f,-0.08146641492094078f,-0.696821355810303f,0.2518230292825491f,-0.1922107716550558f,0.9325605275882944f,-0.3055910365897697f,1.4511598109232742f,0.6747234973921894f,0.3517016997743557f,0.6488868286863905f,-0.106874299035925f,0f,0f,0f,1f],start_interpolation:0}
execute if entity @s[tag=aj.ecual.bone.himo_left_2] run data modify entity @s {} merge value {transformation:[0.689821999329611f,-0.3712824005975003f,-0.6215263375332178f,0.04279867612698651f,-0.037865746453055314f,0.8388089312296403f,-0.5431075051358999f,1.2761893101448296f,0.7229881012066873f,0.3981820637546923f,0.5645699687528579f,-0.34883649886316853f,0f,0f,0f,1f],start_interpolation:0}
execute if entity @s[tag=aj.ecual.bone.himo_left_1] run data modify entity @s {} merge value {transformation:[0.689821999329611f,-0.010776822128897065f,-0.7238987977236184f,0.03625365449204571f,-0.037865746453055314f,0.9979835959340926f,-0.05094043081885673f,1.462992856689854f,0.7229881012066873f,0.0625507981664496f,0.6880229670311078f,-0.3328080806630148f,0f,0f,0f,1f],start_interpolation:0}
execute if entity @s[tag=aj.ecual.bone.ponpon1] run data modify entity @s {} merge value {transformation:[-0.4377271282140553f,-0.02638508866132055f,-0.8987206397550966f,0.13203988156406687f,-0.006758144181479672f,0.9996376335755484f,-0.026056266553363176f,2.1457557771671443f,0.8990824704734811f,-0.005331851068047011f,-0.43774682483313354f,-0.3277539973331858f,0f,0f,0f,1f],start_interpolation:0}
execute if entity @s[tag=aj.ecual.bone.ponpon2] run data modify entity @s {} merge value {transformation:[-0.4377271282140553f,-0.02638508866132055f,-0.8987206397550966f,0.06749772497771868f,-0.006758144181479672f,0.9996376335755484f,-0.026056266553363176f,2.018611728387629f,0.8990824704734811f,-0.005331851068047011f,-0.43774682483313354f,-0.4018418734205417f,0f,0f,0f,1f],start_interpolation:0}
execute if entity @s[tag=aj.ecual.bone.ponpon3] run data modify entity @s {} merge value {transformation:[-0.4377271282140553f,-0.02638508866132055f,-0.8987206397550966f,-0.12512480626169065f,-0.006758144181479672f,0.9996376335755484f,-0.026056266553363176f,2.141785367460525f,0.8990824704734811f,-0.005331851068047011f,-0.43774682483313354f,0.2004569540699844f,0f,0f,0f,1f],start_interpolation:0}
execute if entity @s[tag=aj.ecual.bone.ponpon4] run data modify entity @s {} merge value {transformation:[-0.4377271282140553f,-0.02638508866132055f,-0.8987206397550966f,-0.22249649746409292f,-0.006758144181479672f,0.9996376335755484f,-0.026056266553363176f,2.0141344578673985f,0.8990824704734811f,-0.005331851068047011f,-0.43774682483313354f,0.19380026326813957f,0f,0f,0f,1f],start_interpolation:0}
execute if entity @s[tag=aj.ecual.bone.ear_edge_a1] run data modify entity @s {} merge value {transformation:[-0.40356410644847635f,0.512927472517089f,-0.7576552117709439f,0.11362153705615656f,0.14023379140889525f,0.8529739638093621f,0.5027622706711706f,2.219881474063386f,0.9041407499573997f,0.09664794359206923f,-0.41615943971739383f,-0.22340848215473766f,0f,0f,0f,1f],start_interpolation:0}
execute if entity @s[tag=aj.ecual.bone.ear_edge_a2] run data modify entity @s {} merge value {transformation:[-0.4788350973895037f,0.44348114907435565f,-0.7576552117709439f,0.06293603991713222f,0.0050727550102536295f,0.8644098370253398f,0.5027622706711706f,2.229176768195009f,0.8778902076368036f,0.23689682156904232f,-0.41615943971739383f,-0.11990138813806382f,0f,0f,0f,1f],start_interpolation:0}
execute if entity @s[tag=aj.ecual.bone.ear_edge_b1] run data modify entity @s {} merge value {transformation:[-0.31108065973756716f,0.8381165601605203f,-0.44809536342383305f,0.0046239497537061f,0.1623965914761611f,0.5114313326194587f,0.8438396406261142f,2.2551331433157107f,0.9364059857850999f,0.18973303244238127f,-0.29520366899151784f,-0.1263507291405173f,0f,0f,0f,1f],start_interpolation:0}
execute if entity @s[tag=aj.ecual.bone.ear_edge_b2] run data modify entity @s {} merge value {transformation:[-0.5548475488934824f,0.7009670054752632f,-0.44809536342383305f,0.026692032187446327f,-0.003592636687714118f,0.5365834081199498f,0.8438396406261142f,2.259503865676175f,0.8319442832597173f,0.4698122001027878f,-0.29520366899151784f,-0.14735458947011817f,0f,0f,0f,1f],start_interpolation:0}
execute if entity @s[tag=aj.ecual.bone.ear_right_2] run data modify entity @s {} merge value {transformation:[-0.4383610563375078f,0.7791342179398408f,-0.44809536342383305f,0.11913997083396966f,0.08039173303025865f,0.5305391881552032f,0.8438396406261142f,2.340007603581563f,0.8951964887928547f,0.3338832734158611f,-0.29520366899151784f,-0.1634223010221472f,0f,0f,0f,1f],start_interpolation:0}
execute if entity @s[tag=aj.ecual.bone.ear_right_1] run data modify entity @s {} merge value {transformation:[-0.4383610563375078f,0.4835267979781375f,-0.7576552117709439f,0.010346441288888886f,0.08039173303025865f,0.8606783768922978f,0.5027622706711706f,2.146354968780796f,0.8951964887928547f,0.15948218454438473f,-0.41615943971739383f,-0.1993057925446337f,0f,0f,0f,1f],start_interpolation:0}
execute if entity @s[tag=aj.ecual.bone.ear_edge_a3] run data modify entity @s {} merge value {transformation:[-0.4282104436694426f,-0.09453585357211756f,-0.8987206397550966f,-0.10448027350684055f,-0.1630527186545816f,0.9862732288329892f,-0.026056266553363176f,2.2486151942523867f,0.8888473585896335f,0.1353812781618684f,-0.43774682483313354f,0.1017417797358369f,0f,0f,0f,1f],start_interpolation:0}
execute if entity @s[tag=aj.ecual.bone.ear_edge_a4] run data modify entity @s {} merge value {transformation:[-0.4377271282140553f,-0.026385088661320555f,-0.8987206397550966f,-0.05432656164275612f,-0.006758144181479672f,0.9996376335755485f,-0.026056266553363176f,2.259467362220845f,0.8990824704734811f,-0.005331851068047011f,-0.43774682483313354f,-0.0018727764888497728f,0f,0f,0f,1f],start_interpolation:0}
execute if entity @s[tag=aj.ecual.bone.ear_edge_b3] run data modify entity @s {} merge value {transformation:[-0.418341631116651f,-0.13149711537843567f,-0.8987206397550966f,-0.04443530207027811f,-0.24839162964420947f,0.9683091806318859f,-0.026056266553363176f,2.255300195707835f,0.8736657701875206f,0.21233426325291072f,-0.43774682483313354f,-0.021932084361324114f,0f,0f,0f,1f],start_interpolation:0}
execute if entity @s[tag=aj.ecual.bone.ear_edge_b4] run data modify entity @s {} merge value {transformation:[-0.43850137767425423f,0.004213485014903609f,-0.8987206397550966f,-0.057440292584952424f,0.06298951465823556f,0.9976739908489246f,-0.026056266553363176f,2.2651010379187815f,0.8965204196340988f,-0.06803568569220984f,-0.43774682483313354f,0.004184564326234444f,0f,0f,0f,1f],start_interpolation:0}
execute if entity @s[tag=aj.ecual.bone.ear_left_2] run data modify entity @s {} merge value {transformation:[-0.4337618323380274f,-0.06443511841338356f,-0.8987206397550966f,-0.11358324240763622f,-0.09385658783531792f,0.9952446995052078f,-0.026056266553363176f,2.3685954901240978f,0.8961258916729657f,0.07304863874051246f,-0.43774682483313354f,0.041900768790351844f,0f,0f,0f,1f],start_interpolation:0}
execute if entity @s[tag=aj.ecual.bone.ear_left_1] run data modify entity @s {} merge value {transformation:[-0.4337618323380274f,-0.06443511841338356f,-0.8987206397550966f,-0.09908534076462494f,-0.09385658783531792f,0.9952446995052078f,-0.026056266553363176f,2.1446654327354264f,0.8961258916729657f,0.07304863874051246f,-0.43774682483313354f,0.02546482507373657f,0f,0f,0f,1f],start_interpolation:0}
execute if entity @s[tag=aj.ecual.bone.head] run data modify entity @s {} merge value {transformation:[-0.4377271282140553f,-0.02638508866132055f,-0.8987206397550966f,-0.0027620718065944658f,-0.006758144181479672f,0.9996376335755484f,-0.026056266553363176f,1.6340101718804352f,0.8990824704734811f,-0.005331851068047011f,-0.43774682483313354f,-0.07050832178703906f,0f,0f,0f,1f],start_interpolation:0}
execute if entity @s[tag=aj.ecual.bone.body_1] run data modify entity @s {} merge value {transformation:[0.689821999329611f,-0.010776822128897065f,-0.7238987977236184f,0.0012792364917419336f,-0.037865746453055314f,0.9979835959340926f,-0.05094043081885673f,1.2597663234051504f,0.7229881012066873f,0.0625507981664496f,0.6880229670311078f,-0.09396487109945766f,0f,0f,0f,1f],start_interpolation:0}
execute if entity @s[tag=aj.ecual.bone.leg_left_2] run data modify entity @s {} merge value {transformation:[0.6912092223254336f,-0.21768478924777046f,-0.6890886325447715f,0.08633878388486912f,-0.059672630528705965f,0.9331022899567976f,-0.3546255682310072f,0.6867681115292348f,0.7201867730929622f,0.2862401946050449f,0.6319790841906179f,-0.3899966120788181f,0f,0f,0f,1f],start_interpolation:0}
execute if entity @s[tag=aj.ecual.bone.leg_left_1] run data modify entity @s {} merge value {transformation:[0.6912092223254336f,-0.4279716775911872f,-0.5822972214874927f,-0.076768059561543f,-0.059672630528705965f,0.769221733477952f,-0.6361895172910026f,0.9631028956268068f,0.7201867730929622f,0.4744872684540221f,0.5061549603994677f,-0.2105562464452857f,0f,0f,0f,1f],start_interpolation:0}
execute if entity @s[tag=aj.ecual.bone.leg_right_2] run data modify entity @s {} merge value {transformation:[0.6694110955317591f,-0.09968712702024604f,-0.7361733911826881f,0.30827882877622054f,0.12234535973211487f,0.992218522810163f,-0.02310878500564245f,1.0493459552317557f,0.7327485231175763f,-0.07459812128242187f,0.6763983457772081f,-0.22823839982917823f,0f,0f,0f,1f],start_interpolation:0}
execute if entity @s[tag=aj.ecual.bone.leg_right_1] run data modify entity @s {} merge value {transformation:[0.6694110955317591f,-0.7418795853848965f,-0.038774553099987674f,0.0695642645334019f,0.12234535973211487f,0.1615750279293657f,-0.979247222769431f,1.0003823570900923f,0.7327485231175763f,0.6507750695430475f,0.19892564120859868f,-0.0019825401896086947f,0f,0f,0f,1f],start_interpolation:0}
execute if entity @s[tag=aj.ecual.bone.skirt_forward_right] run data modify entity @s {} merge value {transformation:[0.6273088740316648f,-0.5724042916614147f,-0.5280500955863173f,0.0005751856553407528f,0.05682192687304857f,0.7098907280075175f,-0.702015970555792f,1.149515771170866f,0.7766948211411988f,0.4103760241248882f,0.4778458680745187f,-0.10002128450490488f,0f,0f,0f,1f],start_interpolation:0}
execute if entity @s[tag=aj.ecual.bone.skirt_forward_left] run data modify entity @s {} merge value {transformation:[0.7413835977360064f,-0.3720198966599982f,-0.558526237071366f,0.00034704577571632693f,-0.14423173838820058f,0.7244957898397686f,-0.6740200710260547f,1.1116898390908592f,0.6553987844431306f,0.5802646353117983f,0.4834722188057269f,-0.10211200276945906f,0f,0f,0f,1f],start_interpolation:0}
execute if entity @s[tag=aj.ecual.bone.skirt_forward] run data modify entity @s {} merge value {transformation:[0.6902514325764532f,-0.436980202073256f,-0.5767159290518777f,0.0005751856553407528f,-0.04408203366651743f,0.7701659791097586f,-0.6363184257348918f,1.149515771170866f,0.7222255424270027f,0.4646425159387842f,0.5123451944227626f,-0.10002128450490488f,0f,0f,0f,1f],start_interpolation:0}
execute if entity @s[tag=aj.ecual.bone.skirt_back_right] run data modify entity @s {} merge value {transformation:[0.690145441931741f,-0.07405473114069866f,-0.7198716314569708f,0.005796097238274992f,0.043156535098951114f,0.9971915554945545f,-0.06120878310017109f,1.1736611464324247f,0.7223827119049119f,0.011175797333059706f,0.6914031523611064f,-0.10353731143157827f,0f,0f,0f,1f],start_interpolation:0}
execute if entity @s[tag=aj.ecual.bone.skirt_back_left] run data modify entity @s {} merge value {transformation:[0.6851041930340482f,0.046053393892744994f,-0.726987846939772f,0.005796097238274992f,-0.1309851115383241f,0.989521002183881f,-0.06075431500972451f,1.1736611464324247f,0.7165718004795182f,0.1368476201764858f,0.6839572966271897f,-0.10353731143157827f,0f,0f,0f,1f],start_interpolation:0}
execute if entity @s[tag=aj.ecual.bone.skirt_back] run data modify entity @s {} merge value {transformation:[0.6902514325764532f,0.028920922126088502f,-0.7229913831364319f,0.005796097238274992f,-0.04408203366651743f,0.9990256588224319f,-0.002123045508191951f,1.1736611464324247f,0.7222255424270027f,0.03333636569547671f,0.6908537852456473f,-0.10353731143157827f,0f,0f,0f,1f],start_interpolation:0}
execute if entity @s[tag=aj.ecual.bone.skirt_right] run data modify entity @s {} merge value {transformation:[0.6681220469930162f,-0.3492980492794442f,-0.6569656026699091f,0.14169040921931175f,0.12926059406819002f,0.9240202037379037f,-0.35983101854245614f,1.187415957741377f,0.7327377628749596f,0.15549127259668882f,0.662508743340993f,0.03569218216038944f,0f,0f,0f,1f],start_interpolation:0}
execute if entity @s[tag=aj.ecual.bone.skirt_left] run data modify entity @s {} merge value {transformation:[0.6929924359095406f,-0.13359296466705656f,-0.7084591756506706f,-0.13397136859596007f,-0.17293904316929182f,0.9231865468907963f,-0.343247267997194f,1.1973735372476226f,0.6998954001276555f,0.3603880123302026f,0.6166578544451005f,-0.23677825960786886f,0f,0f,0f,1f],start_interpolation:0}
execute if entity @s[tag=aj.ecual.bone.coat_downer] run data modify entity @s {} merge value {transformation:[0.6902514325764532f,-0.12878746760093845f,-0.7120159745504953f,0.020193337621884317f,-0.04408203366651743f,0.9747197663947107f,-0.21903915473555122f,1.0387248758947791f,0.7222255424270027f,0.18257920250778278f,0.6671245016319246f,-0.11471592606971218f,0f,0f,0f,1f],start_interpolation:0}
execute if entity @s[tag=aj.ecual.bone.body_2] run data modify entity @s {} merge value {transformation:[0.6902514325764532f,-0.06624111129457128f,-0.7205311061991803f,1.1353700474895108e-17f,-0.04408203366651743f,0.9901011836294317f,-0.13325321941109872f,1.260295f,0.7222255424270027f,0.12374070207518065f,0.6804987174976622f,-0.09270999999999997f,0f,0f,0f,1f],start_interpolation:0}
execute if entity @s[tag=aj.ecual.bone.book_left] run data modify entity @s {} merge value {transformation:[0.9984439402254267f,0.012691845646062573f,0.054301153590150975f,0.2895117636090333f,-0.008459339829811414f,0.9969582886172145f,-0.0774765146807611f,1.6016397170131023f,-0.05511930511870056f,0.07689660468142234f,0.9955143265627575f,-0.5544531820307992f,0f,0f,0f,1f],start_interpolation:0}
execute if entity @s[tag=aj.ecual.bone.book_right] run data modify entity @s {} merge value {transformation:[0.9984439402254267f,0.012691845646062573f,0.054301153590150975f,0.3831158830051671f,-0.008459339829811414f,0.9969582886172145f,-0.0774765146807611f,1.6008466539040573f,-0.05511930511870056f,0.07689660468142234f,0.9955143265627575f,-0.5596206168856774f,0f,0f,0f,1f],start_interpolation:0}
execute if entity @s[tag=aj.ecual.bone.book_loot_1] run data modify entity @s {} merge value {transformation:[0.9984439402254267f,0.012691845646062573f,0.054301153590150975f,0.32816865026857756f,-0.008459339829811414f,0.9969582886172145f,-0.0774765146807611f,1.612864662660694f,-0.05511930511870056f,0.07689660468142234f,0.9955143265627575f,-0.706364048442652f,0f,0f,0f,1f],start_interpolation:0}
execute if entity @s[tag=aj.ecual.bone.book_left2] run data modify entity @s {} merge value {transformation:[0.5552395612839506f,-0.45314031848254216f,-0.697404388680446f,-0.9333366023758674f,-0.10555541684620277f,0.7933628493639366f,-0.599527683450531f,2.3211101725630203f,0.8249648983803072f,0.4064962988941917f,0.39267502521257136f,0.16413428254316303f,0f,0f,0f,1f],start_interpolation:0}
execute if entity @s[tag=aj.ecual.bone.book_right2] run data modify entity @s {} merge value {transformation:[0.8564947673912254f,-0.45314031848254216f,-0.24714482636096444f,-1.0027959180342696f,0.26105432101341697f,0.7933628493639366f,-0.5499327510972223f,2.3134594076494674f,0.4452722256234659f,0.4064962988941917f,0.7978053672880682f,0.10163682847898554f,0f,0f,0f,1f],start_interpolation:0}
execute if entity @s[tag=aj.ecual.bone.book_loot_2] run data modify entity @s {} merge value {transformation:[0.7408993670229582f,-0.45314031848254216f,-0.49571360654164043f,-0.8937092192238224f,0.08160815907789754f,0.7933628493639366f,-0.6032540904304357f,2.4077729036708093f,0.666639510017893f,0.4064962988941917f,0.6247819801086036f,0.039168258494783725f,0f,0f,0f,1f],start_interpolation:0}
execute if entity @s[tag=aj.ecual.bone.air_staff_povit_1] run data modify entity @s {} merge value {transformation:[0.000010785178634007083f,4.758952183998565e-7f,-0.000011295754537597802f,0.5070547311877162f,-6.887817760393349e-7f,0.000015609811166859007f,0f,1.42593785267827f,0.000011284774100421917f,4.979398318151033e-7f,0.000010795672949211583f,-0.5572129302913577f,0f,0f,0f,1f],start_interpolation:0}