execute if entity @s[tag=aj.ecual.bone.wing_right_1] run data modify entity @s {} merge value {transformation:[0.6569885415687348f,0.09325410233636837f,-0.47604009609408887f,-0.32208302635038677f,-0.17995128549419176f,0.7911019083455068f,-0.09337960112106579f,1.4482133027394686f,0.45047534398768074f,0.1800163532959703f,0.6569707158235027f,-0.08374667971095351f,0f,0f,0f,1f],start_interpolation:0}
execute if entity @s[tag=aj.ecual.bone.wing_right_2] run data modify entity @s {} merge value {transformation:[0.6295494530096342f,-0.16189035785218694f,-0.4663249920921687f,-0.32208302635038677f,0.1337028089329491f,0.7834258646620028f,-0.09147389497573792f,1.4482133027394686f,0.47517475216883087f,-0.005952025964652233f,0.6435631501944518f,-0.08374667971095351f,0f,0f,0f,1f],start_interpolation:0}
execute if entity @s[tag=aj.ecual.bone.wing_left_1] run data modify entity @s {} merge value {transformation:[-0.3971696783768965f,0.04744102665864581f,-0.7120042415688341f,-0.300211669235386f,0.044960003965285635f,0.8149045134394651f,0.02921774227886365f,1.436849837864517f,0.7121652119177675f,-0.02498854557604864f,-0.39892446398855974f,0.014123530643311177f,0f,0f,0f,1f],start_interpolation:0}
execute if entity @s[tag=aj.ecual.bone.wing_left_2] run data modify entity @s {} merge value {transformation:[-0.3772328147296257f,-0.10595310584949975f,-0.6974735427613069f,-0.300211669235386f,-0.2647962404646507f,0.7543631505838768f,0.028621461824192965f,1.436849837864517f,0.653894757990115f,0.24435665819046465f,-0.3907831483969565f,0.014123530643311177f,0f,0f,0f,1f],start_interpolation:0}
execute if entity @s[tag=aj.ecual.bone.staff] run data modify entity @s {} merge value {transformation:[-1.5071238016760513f,0.3822065211809848f,0.15460359500430473f,0.4256424025460558f,0.12082942248744866f,0.9696494414565869f,-1.2192565199105054f,1.9406056591650722f,-0.39418821276501387f,-1.1640895093804675f,-0.9648406692648621f,0.2856796869659115f,0f,0f,0f,1f],start_interpolation:0}
execute if entity @s[tag=aj.ecual.bone.arm_right_2] run data modify entity @s {} merge value {transformation:[0.5687140036381982f,-0.6812284382205841f,0.4609687592726378f,0.30223109667585923f,0.7715143470763249f,0.6361024658346227f,-0.011801068362828626f,1.7266025372996823f,-0.28518414107590745f,0.36235544416864507f,0.8873378937925175f,0.3592949315693548f,0f,0f,0f,1f],start_interpolation:0}
execute if entity @s[tag=aj.ecual.bone.arm_right_1] run data modify entity @s {} merge value {transformation:[0.7289430591962733f,-0.6812284382205841f,-0.06760052817191534f,0.05692384872873921f,0.5436893969106297f,0.6361024658346227f,-0.5475175729107403f,1.5563412736839115f,0.4159854037541869f,0.36235544416864507f,0.8340591561423027f,0.20390423801904695f,0f,0f,0f,1f],start_interpolation:0}
execute if entity @s[tag=aj.ecual.bone.arm_left_2] run data modify entity @s {} merge value {transformation:[-0.8964190359033386f,-0.262106330977606f,-0.3573977942455528f,0.1471802359994261f,0.22176964315878872f,0.43291641172403944f,-0.873728565306872f,1.373051845623164f,0.38373315916578327f,-0.8624868994491682f,-0.32994728493383313f,-0.5536918167611927f,0f,0f,0f,1f],start_interpolation:0}
execute if entity @s[tag=aj.ecual.bone.arm_left_1] run data modify entity @s {} merge value {transformation:[-0.6193248247490387f,-0.22609414979029463f,-0.7518764505423587f,-0.04534084863436505f,0.646981199726226f,0.39557164553627455f,-0.6518729941089265f,1.5868535359697535f,0.44480567515532576f,-0.8901710558529342f,-0.09870867576503617f,-0.38521096532290733f,0f,0f,0f,1f],start_interpolation:0}
execute if entity @s[tag=aj.ecual.bone.himo_right_2] run data modify entity @s {} merge value {transformation:[0.19707947853435756f,-0.5527462256569362f,-0.8097106206309986f,0.28213307649454594f,-0.07752530773627521f,0.8145359881657109f,-0.5749095151789576f,1.3385391704455185f,0.9773175051133698f,0.17607593249765782f,0.11767650655104736f,-0.014887709894735628f,0f,0f,0f,1f],start_interpolation:0}
execute if entity @s[tag=aj.ecual.bone.himo_right_1] run data modify entity @s {} merge value {transformation:[0.21173908458496143f,-0.283282646374206f,-0.9353702487904717f,0.22317151624444187f,-0.09569064767424969f,0.9464629971230553f,-0.3083035760813124f,1.5140740850555832f,0.9726303820089137f,0.15478610189571138f,0.17329570869795147f,0.015217782390072446f,0f,0f,0f,1f],start_interpolation:0}
execute if entity @s[tag=aj.ecual.bone.himo_left_2] run data modify entity @s {} merge value {transformation:[0.2167068103154618f,-0.5115204065114292f,-0.8314956596911861f,0.16665758595903638f,-0.11259201768936343f,0.8329561571290294f,-0.5417629351049011f,1.3635429817717566f,0.9697222261635219f,0.21102349163830456f,0.12291415728565136f,-0.3118878964475935f,0f,0f,0f,1f],start_interpolation:0}
execute if entity @s[tag=aj.ecual.bone.himo_left_1] run data modify entity @s {} merge value {transformation:[0.2167068103154618f,-0.027241836747447734f,-0.9758565676847821f,0.15545063802086007f,-0.11259201768936343f,0.9922426598648526f,-0.052702386065150056f,1.5492590905835093f,0.9697222261635219f,0.12129462591123916f,0.21195852851328248f,-0.28782041328602814f,0f,0f,0f,1f],start_interpolation:0}
execute if entity @s[tag=aj.ecual.bone.ponpon1] run data modify entity @s {} merge value {transformation:[-0.9202205209447777f,-0.026608274831702482f,-0.39049480475750503f,0.25433518109474845f,-0.039182979268040326f,0.9989372861468591f,0.024269167295731378f,2.226984401587625f,0.3894340598455682f,0.037633735610864666f,-0.9202851813303145f,-0.14626220004821486f,0f,0f,0f,1f],start_interpolation:0}
execute if entity @s[tag=aj.ecual.bone.ponpon2] run data modify entity @s {} merge value {transformation:[-0.9202205209447777f,-0.026608274831702482f,-0.39049480475750503f,0.25556059703812434f,-0.039182979268040326f,0.9989372861468591f,0.024269167295731378f,2.105861836975794f,0.3894340598455682f,0.037633735610864666f,-0.9202851813303145f,-0.2518469299934987f,0f,0f,0f,1f],start_interpolation:0}
execute if entity @s[tag=aj.ecual.bone.ponpon3] run data modify entity @s {} merge value {transformation:[-0.9202205209447777f,-0.026608274831702482f,-0.39049480475750503f,-0.28629437496030846f,-0.039182979268040326f,0.9989372861468591f,0.024269167295731378f,2.203964401267651f,0.3894340598455682f,0.037633735610864666f,-0.9202851813303145f,0.0825303101110565f,0f,0f,0f,1f],start_interpolation:0}
execute if entity @s[tag=aj.ecual.bone.ponpon4] run data modify entity @s {} merge value {transformation:[-0.9202205209447777f,-0.026608274831702482f,-0.39049480475750503f,-0.35408549808779083f,-0.039182979268040326f,0.9989372861468591f,0.024269167295731378f,2.079903113210717f,0.3894340598455682f,0.037633735610864666f,-0.9202851813303145f,0.00615313465419022f,0f,0f,0f,1f],start_interpolation:0}
execute if entity @s[tag=aj.ecual.bone.ear_edge_a1] run data modify entity @s {} merge value {transformation:[-0.8964033836431516f,0.35578171617396404f,-0.2643489062383594f,0.1744641757074908f,0.10014017849196288f,0.7435438510014053f,0.6611463425669067f,2.283086682815057f,0.4317787841530727f,0.5661818719054053f,-0.702143268486557f,-0.06614687992531712f,0f,0f,0f,1f],start_interpolation:0}
execute if entity @s[tag=aj.ecual.bone.ear_edge_a2] run data modify entity @s {} merge value {transformation:[-0.9410236929351404f,0.21117306908148348f,-0.2643489062383594f,0.06820042222038364f,-0.017408597843730243f,0.7500549676067197f,0.6611463425669067f,2.288640064260111f,0.33789251257733594f,0.6267563166520058f,-0.702143268486557f,-0.020910663523444617f,0f,0f,0f,1f],start_interpolation:0}
execute if entity @s[tag=aj.ecual.bone.ear_edge_b1] run data modify entity @s {} merge value {transformation:[-0.8465754005589228f,0.5298398623895323f,-0.050791843750157356f,0.02759096314885172f,0.08481767415551017f,0.22849301719032034f,0.9698437519756022f,2.337492609840091f,0.5254674617132336f,0.816737816755356f,-0.23837635235556792f,-0.06639000854453722f,0f,0f,0f,1f],start_interpolation:0}
execute if entity @s[tag=aj.ecual.bone.ear_edge_b2] run data modify entity @s {} merge value {transformation:[-0.9688705730123923f,0.24230146792600668f,-0.050791843750157356f,0.0583249417432813f,0.010058176294781f,0.24351987566420408f,0.9698437519756022f,2.3391286410322887f,0.24736338823734827f,0.9391421983903144f,-0.23837635235556792f,-0.06628236703166275f,0f,0f,0f,1f],start_interpolation:0}
execute if entity @s[tag=aj.ecual.bone.ear_right_2] run data modify entity @s {} merge value {transformation:[-0.9190378679966025f,0.39088308456201903f,-0.050791843750157356f,0.14400643073114514f,0.048029244930198896f,0.2389482964687576f,0.9698437519756022f,2.39324481165649f,0.3912321418540325f,0.8888836402015508f,-0.23837635235556792f,0.00453971323321567f,0f,0f,0f,1f],start_interpolation:0}
execute if entity @s[tag=aj.ecual.bone.ear_right_1] run data modify entity @s {} merge value {transformation:[-0.9190378679966025f,0.2923851106996422f,-0.2643489062383594f,0.07821978082372574f,0.048029244930198896f,0.7487180412824558f,0.6611463425669067f,2.224783252367938f,0.3912321418540325f,0.5949220467416892f,-0.702143268486557f,-0.1293177472836642f,0f,0f,0f,1f],start_interpolation:0}
execute if entity @s[tag=aj.ecual.bone.ear_edge_a3] run data modify entity @s {} merge value {transformation:[-0.9047286280745997f,-0.17023488772766243f,-0.39049480475750503f,-0.20702497525566363f,-0.19496879173994835f,0.9805091421125232f,0.024269167295731378f,2.3150145453864677f,0.3787522670423457f,0.09809131069627777f,-0.9202851813303145f,0.02805350742843153f,0f,0f,0f,1f],start_interpolation:0}
execute if entity @s[tag=aj.ecual.bone.ear_edge_a4] run data modify entity @s {} merge value {transformation:[-0.9202205209447777f,-0.026608274831702472f,-0.39049480475750503f,-0.1012975053084256f,-0.03918297926804033f,0.9989372861468592f,0.024269167295731378f,2.329594510703295f,0.3894340598455682f,0.03763373561086466f,-0.9202851813303145f,-0.01642420985692377f,0f,0f,0f,1f],start_interpolation:0}
execute if entity @s[tag=aj.ecual.bone.ear_edge_b3] run data modify entity @s {} merge value {transformation:[-0.8864489144182666f,-0.24843938814945243f,-0.39049480475750503f,-0.08062807646091269f,-0.2796838791763764f,0.9597853589462728f,0.024269167295731378f,2.3261546262292137f,0.3687617792769884f,0.13072847879593708f,-0.9202851813303145f,-0.025285362768513668f,0f,0f,0f,1f],start_interpolation:0}
execute if entity @s[tag=aj.ecual.bone.ear_edge_b4] run data modify entity @s {} merge value {transformation:[-0.9198350094305521f,0.03764788019655002f,-0.39049480475750503f,-0.10767943821712249f,0.03059481107325812f,0.9992371915887455f,0.024269167295731378f,2.3350046607607307f,0.39111061473870445f,0.010376514951696038f,-0.9202851813303145f,-0.01357355928119272f,0f,0f,0f,1f],start_interpolation:0}
execute if entity @s[tag=aj.ecual.bone.ear_left_2] run data modify entity @s {} merge value {transformation:[-0.9143997400842208f,-0.10670952530728908f,-0.39049480475750503f,-0.1758449926066087f,-0.12609699733472002f,0.9917210065244858f,0.024269167295731378f,2.4381247340189374f,0.3846721494949647f,0.07143194262200636f,-0.9202851813303145f,-0.015887045232320752f,0f,0f,0f,1f],start_interpolation:0}
execute if entity @s[tag=aj.ecual.bone.ear_left_1] run data modify entity @s {} merge value {transformation:[-0.9143997400842208f,-0.10670952530728908f,-0.39049480475750503f,-0.1518353494124687f,-0.12609699733472002f,0.9917210065244858f,0.024269167295731378f,2.214987507550928f,0.3846721494949647f,0.07143194262200636f,-0.9202851813303145f,-0.03195923232227216f,0f,0f,0f,1f],start_interpolation:0}
execute if entity @s[tag=aj.ecual.bone.head] run data modify entity @s {} merge value {transformation:[-0.9202205209447777f,-0.026608274831702482f,-0.39049480475750503f,-0.010968080794451916f,-0.039182979268040326f,0.9989372861468591f,0.024269167295731378f,1.707171609331176f,0.3894340598455682f,0.037633735610864666f,-0.9202851813303145f,-0.071166867386964f,0f,0f,0f,1f],start_interpolation:0}
execute if entity @s[tag=aj.ecual.bone.body_1] run data modify entity @s {} merge value {transformation:[0.2167068103154618f,-0.027241836747447734f,-0.9758565676847821f,-0.0007523920141590161f,-0.11259201768936343f,0.9922426598648526f,-0.052702386065150056f,1.3350806118818563f,0.9697222261635219f,0.12129462591123916f,0.21195852851328248f,-0.11665235210367868f,0f,0f,0f,1f],start_interpolation:0}
execute if entity @s[tag=aj.ecual.bone.leg_left_2] run data modify entity @s {} merge value {transformation:[0.2160944734228414f,-0.23645569287142673f,-0.9473077028425337f,0.10734225473199965f,-0.09812957231054638f,0.960059537674321f,-0.26202341719533045f,0.6859603792430691f,0.971428723887787f,0.14958071208970242f,0.18426026423644196f,-0.3341989417518443f,0f,0f,0f,1f],start_interpolation:0}
execute if entity @s[tag=aj.ecual.bone.leg_left_1] run data modify entity @s {} merge value {transformation:[0.2160944734228414f,-0.3489439948723451f,-0.9118888457474592f,-0.023956276341150107f,-0.09812957231054638f,0.9214650595778268f,-0.3758626491357996f,1.0443787616217843f,0.971428723887787f,0.17070510367227076f,0.16488178184986096f,-0.26878567164573375f,0f,0f,0f,1f],start_interpolation:0}
execute if entity @s[tag=aj.ecual.bone.leg_right_2] run data modify entity @s {} merge value {transformation:[0.2036480852652996f,0.16054081245433235f,-0.9657919573615635f,0.31099040494600183f,0.09502148211209088f,0.9785660049255054f,0.18270055265750285f,1.1316564809156062f,0.9744220724639805f,-0.12897760092604554f,0.184028267269903f,-0.08292794385854448f,0f,0f,0f,1f],start_interpolation:0}
execute if entity @s[tag=aj.ecual.bone.leg_right_1] run data modify entity @s {} merge value {transformation:[0.2036480852652996f,-0.9603506292031397f,-0.19040516368237237f,-0.0075393382520445515f,0.09502148211209088f,0.21295027368854877f,-0.972431539427426f,1.081633587070639f,0.9744220724639805f,0.1799412402010887f,0.13462085562755582f,-0.01147921154589683f,0f,0f,0f,1f],start_interpolation:0}
execute if entity @s[tag=aj.ecual.bone.skirt_forward_right] run data modify entity @s {} merge value {transformation:[0.14026330694118233f,-0.6744845555477086f,-0.7248425960534699f,-0.004265560562474538f,0.009299932282070808f,0.7329449487960574f,-0.6802243845187362f,1.224303549812445f,0.9900705611144452f,0.0886695345761706f,0.10907794301586685f,-0.12678866879937412f,0f,0f,0f,1f],start_interpolation:0}
execute if entity @s[tag=aj.ecual.bone.skirt_forward_left] run data modify entity @s {} merge value {transformation:[0.28802087096937723f,-0.5548555786859226f,-0.7804993687935636f,-0.005683658804415269f,-0.19918391850161954f,0.7625007310285172f,-0.6155634831528887f,1.1866048187117053f,0.9366801719351069f,0.3327580532189812f,0.10909781630047463f,-0.13018871229473208f,0f,0f,0f,1f],start_interpolation:0}
execute if entity @s[tag=aj.ecual.bone.skirt_forward] run data modify entity @s {} merge value {transformation:[0.21598991259942646f,-0.5660073335284819f,-0.7956029512560081f,-0.004265560562474538f,-0.09576124382571974f,0.7986284102742056f,-0.5941569207573416f,1.224303549812445f,0.9716882945864086f,0.20451982958841136f,0.11829411426137812f,-0.12678866879937412f,0f,0f,0f,1f],start_interpolation:0}
execute if entity @s[tag=aj.ecual.bone.skirt_back_right] run data modify entity @s {} merge value {transformation:[0.2234939538930754f,0.003732622769800076f,-0.9746981687171152f,0.003858942406642865f,-0.008896785482170877f,0.9999588218417259f,0.0017893655276028236f,1.2478912519487801f,0.9746647114681665f,0.008271768140217052f,0.22351795916773745f,-0.12627000760713747f,0f,0f,0f,1f],start_interpolation:0}
execute if entity @s[tag=aj.ecual.bone.skirt_back_left] run data modify entity @s {} merge value {transformation:[0.2068420576526209f,0.04127750623648513f,-0.9775032126110516f,0.003858942406642865f,-0.18189690128153493f,0.9833129299257948f,0.003033009219274893f,1.2478912519487801f,0.9613167430614143f,0.17717745149890152f,0.21089872021932468f,-0.12627000760713747f,0f,0f,0f,1f],start_interpolation:0}
execute if entity @s[tag=aj.ecual.bone.skirt_back] run data modify entity @s {} merge value {transformation:[0.21598991259942646f,0.0955295412298113f,-0.9717111013092903f,0.003858942406642865f,-0.09576124382571974f,0.9924768600747909f,0.07628542716033507f,1.2478912519487801f,0.9716882945864086f,0.07657538095566692f,0.22351301795477438f,-0.12627000760713747f,0f,0f,0f,1f],start_interpolation:0}
execute if entity @s[tag=aj.ecual.bone.skirt_right] run data modify entity @s {} merge value {transformation:[0.20404093187201588f,-0.33267795701788383f,-0.920702272743587f,0.04949950180183004f,0.09037113873257954f,0.9428729287067517f,-0.320661344093936f,1.2540912091038339f,0.9747822092164876f,-0.01777687335725219f,0.2224491568171567f,0.06359109929505449f,0f,0f,0f,1f],start_interpolation:0}
execute if entity @s[tag=aj.ecual.bone.skirt_left] run data modify entity @s {} merge value {transformation:[0.21989858105054347f,-0.2262793730499671f,-0.948916360584046f,-0.04541163252641752f,-0.22458144072690572f,0.9348553986983282f,-0.27497010747646167f,1.2821300734326029f,0.9493196461324208f,0.27357453985468644f,0.15475522805485992f,-0.3113389249708174f,0f,0f,0f,1f],start_interpolation:0}
execute if entity @s[tag=aj.ecual.bone.coat_downer] run data modify entity @s {} merge value {transformation:[0.21598991259942646f,-0.12894600752760696f,-0.9678436262113743f,0.011541506266288892f,-0.09576124382571974f,0.9836648535809848f,-0.15242453874114475f,1.1121291241721f,0.9716882945864086f,0.1256040722755039f,0.20011365568488027f,-0.13331713018240762f,0f,0f,0f,1f],start_interpolation:0}
execute if entity @s[tag=aj.ecual.bone.body_2] run data modify entity @s {} merge value {transformation:[0.21598991259942646f,-0.04410219893306119f,-0.9753990740740739f,1.4309699665860076e-17f,-0.09576124382571974f,0.9932063857235238f,-0.06611247642439111f,1.3347968106995884f,0.9716882945864086f,0.10768505656442454f,0.21029927902033688f,-0.11684756515775034f,0f,0f,0f,1f],start_interpolation:0}
execute if entity @s[tag=aj.ecual.bone.book_left] run data modify entity @s {} merge value {transformation:[-0.8559303802332295f,0.03760374216779601f,-0.515721962658928f,0.5541968518196057f,-0.01472547990771041f,0.9951752024840862f,0.09700245668149667f,1.795112040051344f,0.5168813639852828f,0.09062160303004986f,-0.8512469563111387f,-0.8286631995286446f,0f,0f,0f,1f],start_interpolation:0}
execute if entity @s[tag=aj.ecual.bone.book_right] run data modify entity @s {} merge value {transformation:[-0.8559303802332295f,0.03760374216779601f,-0.515721962658928f,0.4739533786727404f,-0.01472547990771041f,0.9951752024840862f,0.09700245668149667f,1.7937315263099962f,0.5168813639852828f,0.09062160303004986f,-0.8512469563111387f,-0.7802055716550245f,0f,0f,0f,1f],start_interpolation:0}
execute if entity @s[tag=aj.ecual.bone.book_loot_1] run data modify entity @s {} merge value {transformation:[-0.8559303802332295f,0.03760374216779601f,-0.515721962658928f,0.5914334096450122f,-0.01472547990771041f,0.9951752024840862f,0.09700245668149667f,1.7798714146784456f,0.5168813639852828f,0.09062160303004986f,-0.8512469563111387f,-0.6767473421451637f,0f,0f,0f,1f],start_interpolation:0}
execute if entity @s[tag=aj.ecual.bone.book_left2] run data modify entity @s {} merge value {transformation:[-0.11406811984097705f,-0.823852506034265f,-0.5552076299340686f,-1.0400990508929797f,0.1324645859240819f,0.5412528139761164f,-0.8303604788517437f,2.486487713668209f,0.9846022534566463f,-0.16826300741397915f,0.04739159022545239f,-0.29651386724401435f,0f,0f,0f,1f],start_interpolation:0}
execute if entity @s[tag=aj.ecual.bone.book_right2] run data modify entity @s {} merge value {transformation:[0.08830655971997124f,-0.823852506034265f,-0.5598830233285202f,-1.0388717515970243f,0.41580547924801353f,0.5412528139761164f,-0.7308564802957317f,2.460367732509516f,0.9051562047170383f,-0.16826300741397915f,0.3903585600422389f,-0.38654332253897694f,0f,0f,0f,1f],start_interpolation:0}
execute if entity @s[tag=aj.ecual.bone.book_loot_2] run data modify entity @s {} merge value {transformation:[-0.013091192490192388f,-0.823852506034265f,-0.5666530410932654f,-0.9544874450810122f,0.2786131323593921f,0.5412528139761164f,-0.793360015276686f,2.5924317253803655f,0.9603141898129344f,-0.16826300741397915f,0.22245048253472194f,-0.37489616727170394f,0f,0f,0f,1f],start_interpolation:0}
execute if entity @s[tag=aj.ecual.bone.air_staff_povit_1] run data modify entity @s {} merge value {transformation:[0.0000033748423843660384f,3.246711854172891e-7f,-0.00001525272606788853f,0.6761307062772486f,-0.0000014962694347768711f,0.00001555319268763017f,0f,1.49946471006633f,0.000015182629602912636f,0.000001460620019993985f,0.000003390423645793209f,-0.24348396695310132f,0f,0f,0f,1f],start_interpolation:0}