execute if entity @s[tag=aj.ecual.bone.wing_right_1] run data modify entity @s {} merge value {transformation:[-0.24608472398345924f,-0.06250908901378555f,-0.7761954437234838f,-0.12454934405341533f,-0.11895777160708122f,0.8074944980195082f,-0.027315356247801806f,1.098781861835055f,0.7695685815057074f,0.1048317409153041f,-0.2524261256296668f,-0.290334915385074f,0f,0f,0f,1f],start_interpolation:0}
execute if entity @s[tag=aj.ecual.bone.wing_right_2] run data modify entity @s {} merge value {transformation:[-0.2461457950920664f,0.035678379321642424f,-0.7603547203821883f,-0.12454934405341533f,0.19504860313184916f,0.7753967095648652f,-0.026757899997846668f,1.098781861835055f,0.73577733722561f,-0.19361558833152195f,-0.24727457204538794f,-0.290334915385074f,0f,0f,0f,1f],start_interpolation:0}
execute if entity @s[tag=aj.ecual.bone.wing_left_1] run data modify entity @s {} merge value {transformation:[-0.8002324379046734f,0.12198485700539903f,0.10813040474797013f,-0.20603428571534171f,0.11934611967892281f,0.8074260217765366f,-0.027643580089140547f,1.0988121055519042f,-0.11103600086085468f,-0.011285320727956492f,-0.809004383482154f,-0.23904980713023993f,0f,0f,0f,1f],start_interpolation:0}
execute if entity @s[tag=aj.ecual.bone.wing_left_2] run data modify entity @s {} merge value {transformation:[-0.769959139011064f,-0.18958666125417775f,0.10592366179392992f,-0.20603428571534171f,-0.19467146854367554f,0.7754803182901613f,-0.027079425393443803f,1.0988121055519042f,-0.0962597713917394f,-0.0518379573197479f,-0.7924940899417019f,-0.23904980713023993f,0f,0f,0f,1f],start_interpolation:0}
execute if entity @s[tag=aj.ecual.bone.staff] run data modify entity @s {} merge value {transformation:[0.28050525183328917f,1.2239881369275625f,0.9298258408726537f,-0.5001670794469981f,1.534710974982594f,-0.2758575047143075f,-0.09985544732647421f,0.8065067360754745f,0.08593763414196041f,0.9312152961337087f,-1.251742403725579f,0.36547172615009627f,0f,0f,0f,1f],start_interpolation:0}
execute if entity @s[tag=aj.ecual.bone.arm_right_2] run data modify entity @s {} merge value {transformation:[-0.40456057568328124f,-0.5647864663753225f,-0.7192683699441322f,-0.4220263010884896f,-0.829487798819332f,0.5577940671900296f,0.02856169143212345f,1.0258429129814721f,0.385072372694629f,0.6081792712735952f,-0.6941449717317322f,0.2746115100282127f,0f,0f,0f,1f],start_interpolation:0}
execute if entity @s[tag=aj.ecual.bone.arm_right_1] run data modify entity @s {} merge value {transformation:[-0.4719180620479324f,-0.5647864663753225f,-0.676985664628285f,-0.2540709858640404f,-0.8228865904347836f,0.5577940671900296f,0.10827482574551284f,1.3314697492182592f,0.31646643107214445f,0.6081792712735952f,-0.7279883048494518f,0.15438732140191339f,0f,0f,0f,1f],start_interpolation:0}
execute if entity @s[tag=aj.ecual.bone.arm_left_2] run data modify entity @s {} merge value {transformation:[0.22253424365390181f,0.9748625655452479f,0.01102219124873946f,0.4687039729137892f,0.3633149860429935f,-0.07243287934212948f,-0.9288464345126098f,1.1624128567771108f,-0.9046992490977125f,0.21070466603458607f,-0.37030097541498364f,0.025671162046701973f,0f,0f,0f,1f],start_interpolation:0}
execute if entity @s[tag=aj.ecual.bone.arm_left_1] run data modify entity @s {} merge value {transformation:[-0.5981364133610443f,0.795652341417815f,0.0957610704197438f,0.25134164839444867f,0.5124058457041077f,0.4715798439574842f,-0.7176717216536352f,1.3305442839687487f,-0.6161761763488137f,-0.3801970572865915f,-0.6897659873687393f,-0.16313080903938743f,0f,0f,0f,1f],start_interpolation:0}
execute if entity @s[tag=aj.ecual.bone.himo_right_2] run data modify entity @s {} merge value {transformation:[-0.8798460991983589f,-0.1631093230344053f,-0.44639241757078485f,-0.008752045925403087f,0.18231947096786513f,0.751559432030027f,-0.6339700549968436f,1.0079500724508428f,0.43889685830662944f,-0.6391821093131138f,-0.6315186291017939f,0.3168364401245928f,0f,0f,0f,1f],start_interpolation:0}
execute if entity @s[tag=aj.ecual.bone.himo_right_1] run data modify entity @s {} merge value {transformation:[-0.8589077917885674f,-0.06275580110118012f,-0.5082707099893091f,-0.02369545056930753f,0.10710296309751867f,0.9485066760886511f,-0.29810072242614566f,1.1839319447023016f,0.5008057113298716f,-0.3104783323251521f,-0.8079584424065224f,0.253572012548586f,0f,0f,0f,1f],start_interpolation:0}
execute if entity @s[tag=aj.ecual.bone.himo_left_2] run data modify entity @s {} merge value {transformation:[-0.846327500845571f,-0.2860470657239073f,-0.4493404472148407f,0.24843050491194762f,0.00031412048379937874f,0.8433056022550611f,-0.5374342401946031f,0.9967871761737829f,0.5326628038832935f,-0.4549865244114065f,-0.7136228695629203f,0.09937777638581263f,0f,0f,0f,1f],start_interpolation:0}
execute if entity @s[tag=aj.ecual.bone.himo_left_1] run data modify entity @s {} merge value {transformation:[-0.846327500845571f,-0.023053801987480416f,-0.5321637750978663f,0.2407818934449334f,0.00031412048379937874f,0.9990411948039201f,-0.04377890374458365f,1.1838337820511142f,0.5326628038832935f,-0.0372184537384066f,-0.8455087959687411f,0.08711488633505679f,0f,0f,0f,1f],start_interpolation:0}
execute if entity @s[tag=aj.ecual.bone.ponpon1] run data modify entity @s {} merge value {transformation:[-0.9992035224927314f,0.023694050004094167f,-0.03210782821246566f,0.3040754287408101f,0.022532225466570497f,0.9990949946039775f,0.036076177358499974f,1.863953311919405f,0.03293356120496754f,0.035323982670160424f,-0.9988331175900591f,0.02443162468805822f,0f,0f,0f,1f],start_interpolation:0}
execute if entity @s[tag=aj.ecual.bone.ponpon2] run data modify entity @s {} merge value {transformation:[-0.9992035224927314f,0.023694050004094167f,-0.03210782821246566f,0.3355736956888571f,0.022532225466570497f,0.9990949946039775f,0.036076177358499974f,1.7416036207662706f,0.03293356120496754f,0.035323982670160424f,-0.9988331175900591f,-0.07485948646496615f,0f,0f,0f,1f],start_interpolation:0}
execute if entity @s[tag=aj.ecual.bone.ponpon3] run data modify entity @s {} merge value {transformation:[-0.9992035224927314f,0.023694050004094167f,-0.03210782821246566f,-0.2829566407236696f,0.022532225466570497f,0.9990949946039775f,0.036076177358499974f,1.877190994381015f,0.03293356120496754f,0.035323982670160424f,-0.9988331175900591f,0.043780091895976654f,0f,0f,0f,1f],start_interpolation:0}
execute if entity @s[tag=aj.ecual.bone.ponpon4] run data modify entity @s {} merge value {transformation:[-0.9992035224927314f,0.023694050004094167f,-0.03210782821246566f,-0.3263986379625774f,0.022532225466570497f,0.9990949946039775f,0.036076177358499974f,1.7565312201378736f,0.03293356120496754f,0.035323982670160424f,-0.9988331175900591f,-0.05304100216667516f,0f,0f,0f,1f],start_interpolation:0}
execute if entity @s[tag=aj.ecual.bone.ear_edge_a1] run data modify entity @s {} merge value {transformation:[-0.983168840156018f,0.18008778175681686f,-0.030780230801270386f,0.20746937639019963f,0.17851260999254334f,0.9827677445665729f,0.047966741740310716f,1.973211667582941f,0.038888042119917574f,0.04166474650637683f,-0.99837456351744f,0.010891568300779211f,0f,0f,0f,1f],start_interpolation:0}
execute if entity @s[tag=aj.ecual.bone.ear_edge_a2] run data modify entity @s {} merge value {transformation:[-0.9992363360579531f,0.024069110770818844f,-0.030780230801270386f,0.09261488070545967f,0.022576077158776048f,0.9985937674685035f,0.047966741740310716f,1.9858753049123747f,0.031891463459653324f,0.04723521440369167f,-0.99837456351744f,0.015040994236089837f,0f,0f,0f,1f],start_interpolation:0}
execute if entity @s[tag=aj.ecual.bone.ear_edge_b1] run data modify entity @s {} merge value {transformation:[-0.9636828724408812f,0.2654008612698048f,-0.029626072998932836f,0.07011721986929133f,0.2634009437156335f,0.962925216605979f,0.05826637172539813f,1.9818112770200917f,0.04399163799866905f,0.04834676888453261f,-0.997861376006016f,0.01427095058434555f,0f,0f,0f,1f],start_interpolation:0}
execute if entity @s[tag=aj.ecual.bone.ear_edge_b2] run data modify entity @s {} merge value {transformation:[-0.9985302519310488f,-0.04538316623130312f,-0.029626072998932836f,0.09944705142123167f,-0.047051072324378634f,0.9971916699005683f,0.05826637172539813f,1.991134370242674f,0.02689856077269319f,0.05957467334142995f,-0.997861376006016f,0.013944547615858777f,0f,0f,0f,1f],start_interpolation:0}
execute if entity @s[tag=aj.ecual.bone.ear_right_2] run data modify entity @s {} merge value {transformation:[-0.9933361788950482f,0.11138012164137152f,-0.029626072998932836f,0.15881815860976892f,0.10952334987618254f,0.99227499502802f,0.05826637172539813f,2.096180234680655f,0.0358869270080919f,0.054633348289265936f,-0.997861376006016f,-0.013001370942145212f,0f,0f,0f,1f],start_interpolation:0}
execute if entity @s[tag=aj.ecual.bone.ear_right_1] run data modify entity @s {} merge value {transformation:[-0.9933361788950482f,0.11106670558725212f,-0.030780230801270386f,0.13382814985263722f,0.10952334987618254f,0.992826181926483f,0.047966741740310716f,1.8727943437471966f,0.0358869270080919f,0.044275945967048605f,-0.99837456351744f,-0.022963458784731133f,0f,0f,0f,1f],start_interpolation:0}
execute if entity @s[tag=aj.ecual.bone.ear_edge_a3] run data modify entity @s {} merge value {transformation:[-0.9906082350846891f,-0.13290753157694274f,-0.03210782821246566f,-0.18269585692921075f,-0.13403807462425305f,0.9903192939543395f,0.036076177358499974f,1.982436584456811f,0.027002206084325863f,0.04004102985567095f,-0.9988331175900591f,0.022457913972871314f,0f,0f,0f,1f],start_interpolation:0}
execute if entity @s[tag=aj.ecual.bone.ear_edge_a4] run data modify entity @s {} merge value {transformation:[-0.9992035224927315f,0.023694050004094178f,-0.03210782821246566f,-0.06736381322264667f,0.022532225466570507f,0.9990949946039777f,0.036076177358499974f,1.989909472466231f,0.03293356120496754f,0.035323982670160424f,-0.9988331175900591f,0.019020434625171057f,0f,0f,0f,1f],start_interpolation:0}
execute if entity @s[tag=aj.ecual.bone.ear_edge_b3] run data modify entity @s {} merge value {transformation:[-0.9752550170460426f,-0.2187389747941645f,-0.03210782821246566f,-0.04514747214771635f,-0.21984003290503354f,0.9748686421049311f,0.036076177358499974f,1.9850904061561296f,0.023409648840533943f,0.04224205897545746f,-0.9988331175900591f,0.018132226236777294f,0f,0f,0f,1f],start_interpolation:0}
execute if entity @s[tag=aj.ecual.bone.ear_edge_b4] run data modify entity @s {} merge value {transformation:[-0.99511669955473f,0.0933372467709447f,-0.03210782821246566f,-0.0739947429858791f,0.09217068185677899f,0.9950894808173056f,0.036076177358499974f,1.9957383885073343f,0.03531741317477623f,0.032940606126258216f,-0.9988331175900591f,0.0194441187773891f,0f,0f,0f,1f],start_interpolation:0}
execute if entity @s[tag=aj.ecual.bone.ear_left_2] run data modify entity @s {} merge value {transformation:[-0.9974663239486622f,-0.06348243816853107f,-0.03210782821246566f,-0.13025627935846507f,-0.06463038278417187f,0.9972569493607802f,0.036076177358499974f,2.1028102137200144f,0.029729551115245428f,0.038059913239642924f,-0.9988331175900591f,-0.006166588004569604f,0f,0f,0f,1f],start_interpolation:0}
execute if entity @s[tag=aj.ecual.bone.ear_left_1] run data modify entity @s {} merge value {transformation:[-0.9974663239486622f,-0.06348243816853107f,-0.03210782821246566f,-0.1159727307705456f,-0.06463038278417187f,0.9972569493607802f,0.036076177358499974f,1.8784274001138392f,0.029729551115245428f,0.038059913239642924f,-0.9988331175900591f,-0.01473006848348925f,0f,0f,0f,1f],start_interpolation:0}
execute if entity @s[tag=aj.ecual.bone.head] run data modify entity @s {} merge value {transformation:[-0.9992035224927314f,0.023694050004094167f,-0.03210782821246566f,-0.002212121454412899f,0.022532225466570497f,0.9990949946039775f,0.036076177358499974f,1.362447306653526f,0.03293356120496754f,0.035323982670160424f,-0.9988331175900591f,-0.005736769827878069f,0f,0f,0f,1f],start_interpolation:0}
execute if entity @s[tag=aj.ecual.bone.body_1] run data modify entity @s {} merge value {transformation:[-0.846327500845571f,-0.023053801987480416f,-0.5321637750978663f,0.006433054290892257f,0.00031412048379937874f,0.9990411948039201f,-0.04377890374458365f,0.9878068586020562f,0.5326628038832935f,-0.0372184537384066f,-0.8455087959687411f,0.008220150324024405f,0f,0f,0f,1f],start_interpolation:0}
execute if entity @s[tag=aj.ecual.bone.leg_left_2] run data modify entity @s {} merge value {transformation:[-0.8136055130608394f,-0.45643359271378947f,-0.3601589157016539f,0.2938360653674105f,-0.11837346696542045f,0.7365136411772868f,-0.6659845183473574f,0.8279621960109722f,0.5692396608069354f,-0.4992154162304663f,-0.6532611857153672f,0.2352375319577384f,0f,0f,0f,1f],start_interpolation:0}
execute if entity @s[tag=aj.ecual.bone.leg_left_1] run data modify entity @s {} merge value {transformation:[-0.8136055130608394f,-0.53096966061724f,0.23689087914274254f,0.1518706799225107f,-0.11837346696542045f,-0.2476300486155326f,-0.961596111338464f,0.6954527771685055f,0.5692396608069354f,-0.8104014921794519f,0.13862045317240562f,0.004773232632980226f,0f,0f,0f,1f],start_interpolation:0}
execute if entity @s[tag=aj.ecual.bone.leg_right_2] run data modify entity @s {} merge value {transformation:[-0.8683404034644269f,-0.2369050464514093f,-0.4357303554689439f,0.10157011756934724f,0.1610120649156828f,0.6963071514575373f,-0.6994508315676506f,0.7471640472215475f,0.4691055943631717f,-0.6775192615674817f,-0.5664870621137164f,0.42302354459939345f,0f,0f,0f,1f],start_interpolation:0}
execute if entity @s[tag=aj.ecual.bone.leg_right_1] run data modify entity @s {} merge value {transformation:[-0.8683404034644269f,-0.47828850363311887f,-0.13124424179227298f,-0.06990698372358116f,0.1610120649156828f,-0.02156098264238543f,-0.9867168991048458f,0.7001763202453184f,0.4691055943631717f,-0.8779380566531368f,0.09573249196217903f,0.12173763781471268f,0f,0f,0f,1f],start_interpolation:0}
execute if entity @s[tag=aj.ecual.bone.skirt_forward_right] run data modify entity @s {} merge value {transformation:[-0.8922627951365252f,-0.29417974958035153f,-0.3425279249229134f,0.017599523500779122f,0.08429089383897599f,0.6367529265929722f,-0.7664468381375916f,0.882210095947193f,0.44357879754445195f,-0.7127439830767613f,-0.5433542720517539f,0.02601394291456833f,0f,0f,0f,1f],start_interpolation:0}
execute if entity @s[tag=aj.ecual.bone.skirt_forward_left] run data modify entity @s {} merge value {transformation:[-0.7858903276864158f,-0.5566837214198856f,-0.2692204062753143f,0.021889813927101827f,-0.08376475039670121f,0.5271995913844172f,-0.8456027775705813f,0.8451953585277725f,0.6126661892416755f,-0.6419998638241371f,-0.46095153260388755f,0.032848758159540796f,0f,0f,0f,1f],start_interpolation:0}
execute if entity @s[tag=aj.ecual.bone.skirt_forward] run data modify entity @s {} merge value {transformation:[-0.8463169199836201f,-0.40747556348988634f,-0.3430908569286545f,0.017599523500779122f,0.0002653417566488367f,0.643762149869336f,-0.7652256033284321f,0.882210095947193f,0.5326796415700444f,-0.6477144120321936f,-0.5447186795976421f,0.02601394291456833f,0f,0f,0f,1f],start_interpolation:0}
execute if entity @s[tag=aj.ecual.bone.skirt_back_right] run data modify entity @s {} merge value {transformation:[-0.8567482078345106f,-0.08292933055967001f,-0.5090238054406487f,0.01757759170861722f,0.08355600081660254f,0.9516281668132089f,-0.29567249932191436f,0.9071624058912289f,0.5089213132694389f,-0.29584887740306964f,-0.808376483230093f,0.02596666846557502f,0f,0f,0f,1f],start_interpolation:0}
execute if entity @s[tag=aj.ecual.bone.skirt_back_left] run data modify entity @s {} merge value {transformation:[-0.8294446493515264f,-0.2304519697716004f,-0.5088353990147629f,0.01757759170861722f,-0.0830273367142907f,0.951674418891254f,-0.2956725583920934f,0.9071624058912289f,0.5523839561575404f,-0.20299677351224946f,-0.8084950679647718f,0.02596666846557502f,0f,0f,0f,1f],start_interpolation:0}
execute if entity @s[tag=aj.ecual.bone.skirt_back] run data modify entity @s {} merge value {transformation:[-0.8463169199836201f,-0.15663660031006876f,-0.5091293022334725f,0.01757759170861722f,0.0002653417566488367f,0.9556647231680512f,-0.2944569008970318f,0.9071624058912289f,0.5326796415700444f,-0.24933895069851408f,-0.8087536628179021f,0.02596666846557502f,0f,0f,0f,1f],start_interpolation:0}
execute if entity @s[tag=aj.ecual.bone.skirt_right] run data modify entity @s {} merge value {transformation:[-0.8653821156916445f,-0.1535557424797916f,-0.47700568947606203f,-0.14623289529346684f,0.12201009900550666f,0.8586820268992854f,-0.4977737562596099f,0.9197276729194659f,0.4860322310111953f,-0.48896401772688247f,-0.7243527178016695f,0.1294267498888418f,0f,0f,0f,1f],start_interpolation:0}
execute if entity @s[tag=aj.ecual.bone.skirt_left] run data modify entity @s {} merge value {transformation:[-0.812855577250047f,-0.40991957493028647f,-0.4138015860560063f,0.1748947290287532f,-0.1206046161705899f,0.8134854224526147f,-0.5689428741230844f,0.9195613050052692f,0.5698423791644824f,-0.41256200691055456f,-0.7106843556474969f,-0.08782242745256415f,0f,0f,0f,1f],start_interpolation:0}
execute if entity @s[tag=aj.ecual.bone.coat_downer] run data modify entity @s {} merge value {transformation:[-0.8463169199836201f,-0.24312043284193446f,-0.47396215680599363f,0.03827378503284698f,0.0002653417566488367f,0.8895769789185105f,-0.45678521010642215f,0.7812859019894409f,0.5326796415700444f,-0.3867108140626099f,-0.75279953888392f,0.07357772190749433f,0f,0f,0f,1f],start_interpolation:0}
execute if entity @s[tag=aj.ecual.bone.body_2] run data modify entity @s {} merge value {transformation:[-0.8463169199836201f,-0.200886762384197f,-0.49334792960773033f,2.4502999631412363e-19f,0.0002653417566488367f,0.926003324206063f,-0.37751526214588105f,0.9881876967592593f,0.5326796415700444f,-0.3196284597123922f,-0.7836389775902503f,-0.002000821759259266f,0f,0f,0f,1f],start_interpolation:0}
execute if entity @s[tag=aj.ecual.bone.book_left] run data modify entity @s {} merge value {transformation:[0.9055684261688228f,-0.10761024395780011f,-0.4103240925432773f,0.12465838190860334f,-0.0001434000019175108f,0.9672110215663368f,-0.25397405221211644f,1.0755850541382586f,0.42420019443956025f,0.23004972322510228f,0.8758603312637768f,0.35421272333636034f,0f,0f,0f,1f],start_interpolation:0}
execute if entity @s[tag=aj.ecual.bone.book_right] run data modify entity @s {} merge value {transformation:[0.9055684261688228f,-0.10761024395780011f,-0.4103240925432773f,0.2095554218619305f,-0.0001434000019175108f,0.9672110215663368f,-0.25397405221211644f,1.0755716103880788f,0.42420019443956025f,0.23004972322510228f,0.8758603312637768f,0.3939814915650691f,0f,0f,0f,1f],start_interpolation:0}
execute if entity @s[tag=aj.ecual.bone.book_loot_1] run data modify entity @s {} merge value {transformation:[0.9055684261688228f,-0.10761024395780011f,-0.4103240925432773f,0.22865551576675852f,-0.0001434000019175108f,0.9672110215663368f,-0.25397405221211644f,1.113674440094986f,0.42420019443956025f,0.23004972322510228f,0.8758603312637768f,0.2427180577611482f,0f,0f,0f,1f],start_interpolation:0}
execute if entity @s[tag=aj.ecual.bone.book_left2] run data modify entity @s {} merge value {transformation:[-0.3991920720308556f,-0.41015916831010824f,-0.8200092354838895f,0.24601646081905443f,-0.5372363942042221f,0.8293807096059922f,-0.1533124107041135f,1.8015455603233899f,0.7429823324751124f,0.37933770598850497f,-0.5514346366027624f,-0.6263869766269521f,0f,0f,0f,1f],start_interpolation:0}
execute if entity @s[tag=aj.ecual.bone.book_right2] run data modify entity @s {} merge value {transformation:[0.8149148207446629f,-0.41015916831010824f,-0.40949150367480724f,0.21862965584374738f,0.14653172037601617f,0.8293807096059922f,-0.5391253040408195f,1.8272842352892869f,0.560751540215753f,0.37933770598850497f,0.7359759608581246f,-0.7122737976430102f,0f,0f,0f,1f],start_interpolation:0}
execute if entity @s[tag=aj.ecual.bone.book_loot_2] run data modify entity @s {} merge value {transformation:[0.29212591973660823f,-0.41015916831010824f,-0.8639629064197152f,0.3619174942943582f,-0.2745458663029027f,0.8293807096059922f,-0.4865718917379525f,1.8874006815670312f,0.9161260908379533f,0.37933770598850497f,0.12967609841967453f,-0.6887818018979324f,0f,0f,0f,1f],start_interpolation:0}
execute if entity @s[tag=aj.ecual.bone.air_staff_povit_1] run data modify entity @s {} merge value {transformation:[-0.000013223701874744065f,3.5088004083658428e-9f,-0.000008323119692531763f,0.3601462791059495f,4.145964947638073e-9f,0.00001562499944995118f,0f,1.154312106015357f,0.000008323119399531945f,-2.2084712000149036e-9f,-0.000013223702340259707f,0.5836632164127563f,0f,0f,0f,1f],start_interpolation:0}