execute if entity @s[tag=aj.ecual.bone.wing_right_1] run data modify entity @s {} merge value {transformation:[-0.7557065643958527f,-0.2036056482437313f,-0.2332311578171133f,0.07121359228647609f,-0.19231100296430098f,0.7908447923028901f,-0.06727136887790743f,1.3604147588475748f,0.24262833946661275f,-0.007327955723994251f,-0.7797578049606338f,-0.3854197735143535f,0f,0f,0f,1f],start_interpolation:0}
execute if entity @s[tag=aj.ecual.bone.wing_right_2] run data modify entity @s {} merge value {transformation:[-0.7602595942026918f,0.09902624405657993f,-0.22847133826982527f,0.07121359228647609f,0.12242057149821203f,0.7878264996222677f,-0.06589848379876646f,1.3604147588475748f,0.21683761919189531f,-0.09758693294172026f,-0.7638443803696006f,-0.3854197735143535f,0f,0f,0f,1f],start_interpolation:0}
execute if entity @s[tag=aj.ecual.bone.wing_left_1] run data modify entity @s {} merge value {transformation:[-0.681474749208066f,0.04980819351467321f,0.4472759265767082f,0.003447997558646748f,0.05733582968569383f,0.8146445570777089f,-0.003360461629158091f,1.3540504450312616f,-0.4463734011682383f,0.028597795840113294f,-0.6832842726472127f,-0.39502670699475506f,0f,0f,0f,1f],start_interpolation:0}
execute if entity @s[tag=aj.ecual.bone.wing_left_2] run data modify entity @s {} merge value {transformation:[-0.635423356575374f,-0.21038921687266626f,0.4381478464424897f,0.003447997558646748f,-0.25349835990256686f,0.7587672535419816f,-0.0032918807795834365f,1.3540504450312616f,-0.4146995773390587f,-0.14145187300302714f,-0.6693396956544125f,-0.39502670699475506f,0f,0f,0f,1f],start_interpolation:0}
execute if entity @s[tag=aj.ecual.bone.staff] run data modify entity @s {} merge value {transformation:[0.89122421397115f,-1.0335428728578715f,0.7608644954235969f,-0.8533361362359578f,1.1382637409544896f,0.2086394092747796f,-1.049872136465085f,1.3090019398295416f,0.5928585889230221f,1.1531109993674369f,0.8719288770754381f,-0.17136655801959885f,0f,0f,0f,1f],start_interpolation:0}
execute if entity @s[tag=aj.ecual.bone.arm_right_2] run data modify entity @s {} merge value {transformation:[-0.9675799165432573f,-0.18416926866483863f,0.17283166834119867f,-0.6357047929002142f,-0.2523125693018448f,0.7354398734329353f,-0.6288613201153732f,1.371421184690842f,-0.011290370872800992f,-0.6520811859304075f,-0.7580650727220901f,-0.18394692663442447f,0f,0f,0f,1f],start_interpolation:0}
execute if entity @s[tag=aj.ecual.bone.arm_right_1] run data modify entity @s {} merge value {transformation:[-0.8708258826026617f,-0.18416926866483863f,0.4557893841115148f,-0.32087845948829f,-0.429737020272612f,0.7354398734329353f,-0.5238838477870499f,1.5213777998677815f,-0.23872238185078534f,-0.6520811859304075f,-0.7195844296252394f,-0.10756669273120531f,0f,0f,0f,1f],start_interpolation:0}
execute if entity @s[tag=aj.ecual.bone.arm_left_2] run data modify entity @s {} merge value {transformation:[-0.296039230448003f,0.8561186563952133f,0.4235818931538614f,0.5511282181127586f,0.34840977475339074f,0.5096907351104119f,-0.786654932863768f,1.4801699986887922f,-0.8893657306710473f,-0.0853006489697636f,-0.44916856122539506f,0.13237401846386299f,0f,0f,0f,1f],start_interpolation:0}
execute if entity @s[tag=aj.ecual.bone.arm_left_1] run data modify entity @s {} merge value {transformation:[-0.8131160106231983f,0.521801561371999f,0.25800287560017465f,0.26642122648620975f,0.3113914789025094f,0.7643889630669082f,-0.5645749374603912f,1.573388447461133f,-0.49181063442662887f,-0.3787250238513964f,-0.784021464102633f,-0.014037020882244684f,0f,0f,0f,1f],start_interpolation:0}
execute if entity @s[tag=aj.ecual.bone.himo_right_2] run data modify entity @s {} merge value {transformation:[-0.889783010590653f,-0.3885224624510902f,0.2394503920129908f,-0.15530268521048343f,-0.4505792446012958f,0.6644305897504373f,-0.5962468748248593f,1.2617594170632223f,0.07255713885455642f,-0.6384217160896293f,-0.7662592081185149f,0.18528043806141642f,0f,0f,0f,1f],start_interpolation:0}
execute if entity @s[tag=aj.ecual.bone.himo_right_1] run data modify entity @s {} merge value {transformation:[-0.9563749022600906f,-0.24347620419702015f,0.16145087276572123f,-0.19994540554263895f,-0.28268145588755333f,0.9107492715542618f,-0.30104311794272004f,1.4306433859925043f,-0.07374442910685111f,-0.33354925026627213f,-0.9398439534425449f,0.11686592892747452f,0f,0f,0f,1f],start_interpolation:0}
execute if entity @s[tag=aj.ecual.bone.himo_left_2] run data modify entity @s {} merge value {transformation:[-0.8662506764937581f,-0.40481809492608556f,0.29280040214200787f,0.17043516767222722f,-0.4996086489955458f,0.7030458847402317f,-0.5060807068034412f,1.2842423313150255f,-0.0009814901692076078f,-0.5846783679684412f,-0.8112645947573504f,0.18444463505818398f,0f,0f,0f,1f],start_interpolation:0}
execute if entity @s[tag=aj.ecual.bone.himo_left_1] run data modify entity @s {} merge value {transformation:[-0.9302971780373197f,-0.33710438876965176f,0.14459526827679772f,0.1081318152046475f,-0.34684380280087923f,0.9367084432688492f,-0.04771445030044738f,1.459576949113557f,-0.11935885804758856f,-0.09454059118224602f,-0.9883397895584732f,0.16054115052677242f,0f,0f,0f,1f],start_interpolation:0}
execute if entity @s[tag=aj.ecual.bone.ponpon1] run data modify entity @s {} merge value {transformation:[-0.998670603371388f,-0.016297576942588134f,0.04890209553412066f,0.2510930851342429f,-0.01415824454910047f,0.9989409029495636f,0.04377917913344541f,2.1340842382688283f,-0.04956379800939101f,0.04302861141276644f,-0.9978436593609109f,-0.011989558468257958f,0f,0f,0f,1f],start_interpolation:0}
execute if entity @s[tag=aj.ecual.bone.ponpon2] run data modify entity @s {} merge value {transformation:[-0.998670603371388f,-0.016297576942588134f,0.04890209553412066f,0.2951650013348172f,-0.01415824454910047f,0.9989409029495636f,0.04377917913344541f,2.0138518576144846f,-0.04956379800939101f,0.04302861141276644f,-0.9978436593609109f,-0.10905733553458699f,0f,0f,0f,1f],start_interpolation:0}
execute if entity @s[tag=aj.ecual.bone.ponpon3] run data modify entity @s {} merge value {transformation:[-0.998670603371388f,-0.016297576942588134f,0.04890209553412066f,-0.33562589434644763f,-0.01415824454910047f,0.9989409029495636f,0.04377917913344541f,2.1257662695962316f,-0.04956379800939101f,0.04302861141276644f,-0.9978436593609109f,-0.04110828979877518f,0f,0f,0f,1f],start_interpolation:0}
execute if entity @s[tag=aj.ecual.bone.ponpon4] run data modify entity @s {} merge value {transformation:[-0.998670603371388f,-0.016297576942588134f,0.04890209553412066f,-0.3664542733987273f,-0.01415824454910047f,0.9989409029495636f,0.04377917913344541f,2.0044720206007054f,-0.04956379800939101f,0.04302861141276644f,-0.9978436593609109f,-0.14189335171580852f,0f,0f,0f,1f],start_interpolation:0}
execute if entity @s[tag=aj.ecual.bone.ear_edge_a1] run data modify entity @s {} merge value {transformation:[-0.9899760014449404f,0.1250968908297806f,0.06556130312775574f,0.1498731014082712f,0.13912617544654815f,0.9436859310520417f,0.30016790441360924f,2.2273420031188214f,-0.02431920781406802f,0.30628031513494847f,-0.9516306766241476f,-0.007478436744712991f,0f,0f,0f,1f],start_interpolation:0}
execute if entity @s[tag=aj.ecual.bone.ear_edge_a2] run data modify entity @s {} merge value {transformation:[-0.9973572192913158f,-0.03130962567142899f,0.06556130312775574f,0.03467697908715572f,-0.010211702429969202f,0.9538317201128427f,0.30016790441360924f,2.235777895379849f,-0.07193259526095415f,0.2987051339479972f,-0.9516306766241476f,-0.01275382762491651f,0f,0f,0f,1f],start_interpolation:0}
execute if entity @s[tag=aj.ecual.bone.ear_edge_b1] run data modify entity @s {} merge value {transformation:[-0.9778365040167596f,0.19492554667268325f,0.07641860157473204f,0.0141670033224819f,0.20646815500081006f,0.8372011957935428f,0.506423793608104f,2.236184306249863f,0.03473719019787777f,0.5109776795675303f,-0.8588918084374416f,-0.043689688758694334f,0f,0f,0f,1f],start_interpolation:0}
execute if entity @s[tag=aj.ecual.bone.ear_edge_b2] run data modify entity @s {} merge value {transformation:[-0.9902130855760973f,-0.11678288610591475f,0.07641860157473204f,0.04268216121654127f,-0.062346512990274286f,0.8600278214020347f,0.506423793608104f,2.244872239896552f,-0.1248637556371674f,0.4967030339420557f,-0.8588918084374416f,-0.036029975694382765f,0f,0f,0f,1f],start_interpolation:0}
execute if entity @s[tag=aj.ecual.bone.ear_right_2] run data modify entity @s {} merge value {transformation:[-0.9962907876420797f,0.03955835933007124f,0.07641860157473204f,0.09765477309389142f,0.0729590682034853f,0.8591925951929844f,0.506423793608104f,2.3511382186799317f,-0.04562500220716552f,0.5101207901788137f,-0.8588918084374416f,-0.004865922237835482f,0f,0f,0f,1f],start_interpolation:0}
execute if entity @s[tag=aj.ecual.bone.ear_right_1] run data modify entity @s {} merge value {transformation:[-0.9962907876420797f,0.055734926138958855f,0.06556130312775574f,0.0851144147126257f,0.0729590682034853f,0.9510921109581456f,0.30016790441360924f,2.1371424937143493f,-0.04562500220716552f,0.3038378094995146f,-0.9516306766241476f,-0.07322942937522617f,0f,0f,0f,1f],start_interpolation:0}
execute if entity @s[tag=aj.ecual.bone.ear_edge_a3] run data modify entity @s {} merge value {transformation:[-0.9838258083145653f,-0.17232342831595412f,0.04890209553412066f,-0.2379155329199545f,-0.17025271882416138f,0.9844274453749157f,0.04377917913344541f,2.234778351584529f,-0.05568474321726809f,0.034745371577427145f,-0.9978436593609109f,-0.0534592217209823f,0f,0f,0f,1f],start_interpolation:0}
execute if entity @s[tag=aj.ecual.bone.ear_edge_a4] run data modify entity @s {} merge value {transformation:[-0.998670603371388f,-0.01629757694258814f,0.04890209553412066f,-0.12304788444050452f,-0.01415824454910046f,0.9989409029495637f,0.04377917913344541f,2.246475878981193f,-0.04956379800939101f,0.04302861141276644f,-0.9978436593609109f,-0.04731659926751654f,0f,0f,0f,1f],start_interpolation:0}
execute if entity @s[tag=aj.ecual.bone.ear_edge_b3] run data modify entity @s {} merge value {transformation:[-0.9650630777010962f,-0.2574137547033176f,0.04890209553412066f,-0.1006706956734896f,-0.2554033610111648f,0.9658428995745646f,0.04377917913344541f,2.2424770143367256f,-0.05850110462451679f,0.029759909793846934f,-0.9978436593609109f,-0.046395388411842195f,0f,0f,0f,1f],start_interpolation:0}
execute if entity @s[tag=aj.ecual.bone.ear_edge_b4] run data modify entity @s {} merge value {transformation:[-0.9973747534726729f,0.05340586285883665f,0.04890209553412066f,-0.12990241800759372f,0.05555883909156431f,0.997495162330725f,0.04377917913344541f,2.2520554905711547f,-0.0464415388862471f,0.0463811916524766f,-0.9978436593609109f,-0.047407726007857684f,0f,0f,0f,1f],start_interpolation:0}
execute if entity @s[tag=aj.ecual.bone.ear_left_2] run data modify entity @s {} merge value {transformation:[-0.9934499327952429f,-0.10327543793903385f,0.04890209553412066f,-0.18779020966650384f,-0.10116780451168578f,0.9939056589056564f,0.04377917913344541f,2.3572317058308463f,-0.05312538338132555f,0.038545104926744525f,-0.9978436593609109f,-0.07694773026905642f,0f,0f,0f,1f],start_interpolation:0}
execute if entity @s[tag=aj.ecual.bone.ear_left_1] run data modify entity @s {} merge value {transformation:[-0.9934499327952429f,-0.10327543793903385f,0.04890209553412066f,-0.16455323613022127f,-0.10116780451168578f,0.9939056589056564f,0.04377917913344541f,2.133602932577074f,-0.05312538338132555f,0.038545104926744525f,-0.9978436593609109f,-0.08562037887757393f,0f,0f,0f,1f],start_interpolation:0}
execute if entity @s[tag=aj.ecual.bone.head] run data modify entity @s {} merge value {transformation:[-0.998670603371388f,-0.016297576942588134f,0.04890209553412066f,-0.032895093011162654f,-0.01415824454910047f,0.9989409029495636f,0.04377917913344541f,1.62204740103614f,-0.04956379800939101f,0.04302861141276644f,-0.9978436593609109f,-0.0702944531204144f,0f,0f,0f,1f],start_interpolation:0}
execute if entity @s[tag=aj.ecual.bone.body_1] run data modify entity @s {} merge value {transformation:[-0.9858471063913167f,-0.08483920798680797f,0.14459526827679772f,-0.0010803900161096712f,-0.09258740198736926f,0.9945606588970606f,-0.04771445030044738f,1.2490871539497423f,-0.13976070911775332f,-0.06042685299116374f,-0.9883397895584732f,-0.04763438324872799f,0f,0f,0f,1f],start_interpolation:0}
execute if entity @s[tag=aj.ecual.bone.leg_left_2] run data modify entity @s {} merge value {transformation:[-0.9805206925747401f,-0.05332774879462685f,0.18903788678793812f,0.10841985261368461f,-0.15429858768112478f,0.8046599257533736f,-0.5733361576999877f,0.8404503290222659f,-0.12153648535465542f,-0.5913362453757356f,-0.7972141040100618f,0.34726041463387214f,0f,0f,0f,1f],start_interpolation:0}
execute if entity @s[tag=aj.ecual.bone.leg_left_1] run data modify entity @s {} merge value {transformation:[-0.9805206925747401f,0.05231208075723058f,0.18932146639935238f,0.12995190786897048f,-0.15429858768112478f,0.39127372693403667f,-0.9072468332547426f,0.9579397945323146f,-0.12153648535465542f,-0.9187863281623196f,-0.3755803055401599f,0.024385483599196768f,0f,0f,0f,1f],start_interpolation:0}
execute if entity @s[tag=aj.ecual.bone.leg_right_2] run data modify entity @s {} merge value {transformation:[-0.9660901269886412f,0.19769689597086326f,0.16608974639801471f,-0.1819722000721408f,0.1555268388082891f,0.9590130599993655f,-0.23686568590860416f,0.9796685062960014f,-0.20610984679381922f,-0.2030021873629414f,-0.957240222191112f,0.2863436969557426f,0f,0f,0f,1f],start_interpolation:0}
execute if entity @s[tag=aj.ecual.bone.leg_right_1] run data modify entity @s {} merge value {transformation:[-0.9660901269886412f,0.23272985042637145f,-0.11183328330863732f,-0.11344275242242156f,0.1555268388082891f,0.17876748201995757f,-0.971521276031845f,0.9681543700342214f,-0.20610984679381922f,-0.9559701899603161f,-0.2089012373392399f,-0.043559900832096314f,0f,0f,0f,1f],start_interpolation:0}
execute if entity @s[tag=aj.ecual.bone.skirt_forward_right] run data modify entity @s {} merge value {transformation:[-0.9714648425246417f,0.1896313355398595f,0.14246408782546682f,0.0025527431515016646f,0.04941067114518463f,0.7492746336116576f,-0.6604135893537464f,1.1410280639841919f,-0.23197983816606893f,-0.6345293373891279f,-0.7372637755084398f,-0.033956700546249746f,0f,0f,0f,1f],start_interpolation:0}
execute if entity @s[tag=aj.ecual.bone.skirt_forward_left] run data modify entity @s {} merge value {transformation:[-0.9858560735796931f,-0.059168138724380696f,0.15680221154665874f,0.004355673165852763f,-0.1531871009094872f,0.6976438364159437f,-0.6998762673685904f,1.103440376573836f,-0.06798172034434886f,-0.7139973451426389f,-0.6968402089634943f,-0.032717197134452584f,0f,0f,0f,1f],start_interpolation:0}
execute if entity @s[tag=aj.ecual.bone.skirt_forward] run data modify entity @s {} merge value {transformation:[-0.9871052805660537f,0.05512775179555357f,0.15028005875890557f,0.0025527431515016646f,-0.052335956242943876f,0.7760809099261708f,-0.6284579293256657f,1.1410280639841919f,-0.15127495748718267f,-0.6282191912303655f,-0.7631884007288873f,-0.033956700546249746f,0f,0f,0f,1f],start_interpolation:0}
execute if entity @s[tag=aj.ecual.bone.skirt_back_right] run data modify entity @s {} merge value {transformation:[-0.9856649367409337f,0.0639454036013875f,0.15612692861177638f,0.0008197501677601213f,0.03375546690776068f,0.981423897801394f,-0.1888589454544253f,1.1657978897732322f,-0.16530336032074522f,-0.18088150315213047f,-0.9695136310976219f,-0.031218018521964663f,0f,0f,0f,1f],start_interpolation:0}
execute if entity @s[tag=aj.ecual.bone.skirt_back_left] run data modify entity @s {} merge value {transformation:[-0.9810331571756016f,-0.10805129911139112f,0.16093123153201783f,0.0008197501677601213f,-0.13802907116532523f,0.9723046963501116f,-0.1886042230936378f,1.1657978897732322f,-0.13609526088482593f,-0.20724018484805934f,-0.9687773664515669f,-0.031218018521964663f,0f,0f,0f,1f],start_interpolation:0}
execute if entity @s[tag=aj.ecual.bone.skirt_back] run data modify entity @s {} merge value {transformation:[-0.9871052805660537f,-0.026571855274886917f,0.15785151752790572f,0.0008197501677601213f,-0.052335956242943876f,0.9855032649452216f,-0.16138234868301077f,1.1657978897732322f,-0.15127495748718267f,-0.1675626786893748f,-0.9741861402974754f,-0.031218018521964663f,0f,0f,0f,1f],start_interpolation:0}
execute if entity @s[tag=aj.ecual.bone.skirt_right] run data modify entity @s {} merge value {transformation:[-0.9771646335649511f,0.15548121467982337f,0.14482703750184805f,-0.1913640726952691f,0.09382600158725171f,0.9272744677876198f,-0.3624344669251745f,1.172767561061117f,-0.1906461652801442f,-0.3405696012137211f,-0.9206879962251614f,-0.060364270468238f,0f,0f,0f,1f],start_interpolation:0}
execute if entity @s[tag=aj.ecual.bone.skirt_left] run data modify entity @s {} merge value {transformation:[-0.977437613846802f,-0.11454765044035263f,0.17746703022270024f,0.1930067631858701f,-0.17749485287978706f,0.9008859692419777f,-0.3961061065221352f,1.189805657153775f,-0.11450453370348604f,-0.41866849200953393f,-0.9008914504865778f,-0.012809716336695181f,0f,0f,0f,1f],start_interpolation:0}
execute if entity @s[tag=aj.ecual.bone.coat_downer] run data modify entity @s {} merge value {transformation:[-0.9871052805660537f,0.004594388677027874f,0.16000642696872105f,-0.0056184693974634225f,-0.052335956242943876f,0.9353885125666755f,-0.3497274342147595f,1.0345750224413548f,-0.15127495748718267f,-0.35359188643263106f,-0.923086488410628f,0.004547152811757389f,0f,0f,0f,1f],start_interpolation:0}
execute if entity @s[tag=aj.ecual.bone.body_2] run data modify entity @s {} merge value {transformation:[-0.9871052805660537f,-0.00936857334582989f,0.1597979815644618f,6.735557395310442e-18f,-0.052335956242943876f,0.9623098311630663f,-0.26687213517159736f,1.2500000000000004f,-0.15127495748718267f,-0.27179407403468986f,-0.9503914291263766f,-0.055f,0f,0f,0f,1f],start_interpolation:0}
execute if entity @s[tag=aj.ecual.bone.book_left] run data modify entity @s {} merge value {transformation:[-0.4018025621695263f,-0.18456937580877858f,-0.8969330223308548f,0.0906210256478042f,-0.013545542219327153f,0.9805679452606403f,-0.19571158119362866f,1.563251382129775f,0.9156261351228395f,-0.06648797064795799f,-0.39649480505944584f,0.3775033052297515f,0f,0f,0f,1f],start_interpolation:0}
execute if entity @s[tag=aj.ecual.bone.book_right] run data modify entity @s {} merge value {transformation:[-0.4018025621695263f,-0.18456937580877858f,-0.8969330223308548f,0.0529520354444111f,-0.013545542219327153f,0.9805679452606403f,-0.19571158119362866f,1.5619814875467133f,0.9156261351228395f,-0.06648797064795799f,-0.39649480505944584f,0.4633432553975177f,0f,0f,0f,1f],start_interpolation:0}
execute if entity @s[tag=aj.ecual.bone.book_loot_1] run data modify entity @s {} merge value {transformation:[-0.4018025621695263f,-0.18456937580877858f,-0.8969330223308548f,0.20632648389573588f,-0.013545542219327153f,0.9805679452606403f,-0.19571158119362866f,1.5919731720172885f,0.9156261351228395f,-0.06648797064795799f,-0.39649480505944584f,0.47989750107255147f,0f,0f,0f,1f],start_interpolation:0}
execute if entity @s[tag=aj.ecual.bone.book_left2] run data modify entity @s {} merge value {transformation:[-0.8688404636851291f,-0.49379256784022474f,-0.0358489694296345f,0.5520819324104956f,-0.47211409152820294f,0.8481445151362644f,-0.24033136712624606f,2.260414334874246f,0.149078949700853f,-0.19188481281755443f,-0.9700287033722572f,-0.5799277757213063f,0f,0f,0f,1f],start_interpolation:0}
execute if entity @s[tag=aj.ecual.bone.book_right2] run data modify entity @s {} merge value {transformation:[-0.577759710180492f,-0.49379256784022474f,-0.649894312360026f,0.6257473594808967f,-0.15507808784800262f,0.8481445151362644f,-0.5065586521950622f,2.2923529317192206f,0.8013391940754934f,-0.19188481281755443f,-0.5666001364705191f,-0.628326054472824f,0f,0f,0f,1f],start_interpolation:0}
execute if entity @s[tag=aj.ecual.bone.book_loot_2] run data modify entity @s {} merge value {transformation:[-0.7857645554176116f,-0.49379256784022474f,-0.37248216520408095f,0.6447869707263083f,-0.3406783663463924f,0.8481445151362644f,-0.4056958616350727f,2.3372380125419943f,0.5162483066828564f,-0.19188481281755443f,-0.8346663431917305f,-0.47892696361830556f,0f,0f,0f,1f],start_interpolation:0}
execute if entity @s[tag=aj.ecual.bone.air_staff_povit_1] run data modify entity @s {} merge value {transformation:[-0.00001542352000884459f,-8.083124323910977e-7f,0.0000023669149854636855f,-0.11986254017408061f,-8.177493162959982e-7f,0.000015603586480540218f,0f,1.4155171001230835f,-0.0000023636712107372294f,-1.2387475910999558e-7f,-0.00001544468641480258f,0.6221573586267538f,0f,0f,0f,1f],start_interpolation:0}