execute if entity @s[tag=aj.tultaria.bone.head] run data modify entity @s {} merge value {transformation:[-0.8660254037844387f,0.004240452829493397f,-0.499982018236457f,0f,0f,0.9999640364729141f,0.008480905658986796f,1.6598172920398386f,0.4999999999999999f,0.007344679747781772f,-0.8659942584563727f,0f,0f,0f,0f,1f],start_interpolation:0}
execute if entity @s[tag=aj.tultaria.bone.bust] run data modify entity @s {} merge value {transformation:[-0.25881904510252085f,-0.4829629131445341f,-0.8365163037378079f,0.06942591876452686f,0f,0.8660254037844387f,-0.49999999999999994f,1.5504422920398386f,0.9659258262890683f,-0.1294095225512604f,-0.22414386804201347f,0.018602618866743692f,0f,0f,0f,1f],start_interpolation:0}
execute if entity @s[tag=aj.tultaria.bone.left_wing] run data modify entity @s {} merge value {transformation:[0.13052619222005146f,0f,-0.9914448613738105f,-0.10456453796722598f,0f,1f,0f,1.4410672920398386f,0.9914448613738105f,0f,0.13052619222005146f,-0.09272274478088188f,0f,0f,0f,1f],start_interpolation:0}
execute if entity @s[tag=aj.tultaria.bone.right_wing] run data modify entity @s {} merge value {transformation:[-0.6087614290087207f,0f,-0.7933533402912352f,-0.13691691860504107f,0f,1f,0f,1.4410672920398386f,0.7933533402912352f,0f,-0.6087614290087207f,0.028017983505251698f,0f,0f,0f,1f],start_interpolation:0}
execute if entity @s[tag=aj.tultaria.bone.body] run data modify entity @s {} merge value {transformation:[-0.25881904510252085f,0f,-0.9659258262890683f,0.6123724356957946f,0f,1f,0f,0.37856729203983863f,0.9659258262890683f,0f,-0.25881904510252085f,-0.35355339059327373f,0f,0f,0f,1f],start_interpolation:0}
execute if entity @s[tag=aj.tultaria.locator_origin.locator_right_hand] at @s on origin run tp @s ^-0.08763 ^1.62854 ^1.10827 ~-89.95065 ~1.22989
execute if entity @s[tag=aj.tultaria.bone.right_ring] run data modify entity @s {} merge value {transformation:[-0.9965360109480382f,-0.0008611688696090747f,0.08315790564913068f,-0.08853846231918701f,-0.08282195890587882f,-0.08010481270535363f,-0.993339691195531f,1.5748696983925154f,0.007516781675997742f,-0.9967860740247219f,0.07975600681840297f,0.8304300397992281f,0f,0f,0f,1f],start_interpolation:0}
execute if entity @s[tag=aj.tultaria.bone.sword] run data modify entity @s {} merge value {transformation:[2.146401987424583e-7f,-8.611688696090747e-9f,-0.000009997692504968416f,-0.10330072554690299f,0.000009965553245215633f,-8.010481270535364e-7f,2.1464019874245858e-7f,1.6238703553736453f,-8.010481270535356e-7f,-0.00000996786074024722f,-8.611688696093245e-9f,1.045960262331506f,0f,0f,0f,1f],start_interpolation:0}
execute if entity @s[tag=aj.tultaria.bone.right_hand] run data modify entity @s {} merge value {transformation:[0.02146401987424583f,-0.0008611688696090747f,-0.9997692504968415f,-0.1824013871891423f,0.9965553245215631f,-0.08010481270535363f,0.021464019874245857f,1.5643655732705144f,-0.08010481270535355f,-0.9967860740247219f,-0.0008611688696093245f,0.6746014811513394f,0f,0f,0f,1f],start_interpolation:0}
execute if entity @s[tag=aj.tultaria.bone.right_arm] run data modify entity @s {} merge value {transformation:[0.02146401987424583f,-0.0008611688696090747f,-0.9997692504968415f,-0.08896904675399155f,0.9965553245215631f,-0.08010481270535363f,0.021464019874245857f,1.5348172920398386f,-0.08010481270535355f,-0.9967860740247219f,-0.0008611688696093245f,0.3320370027868672f,0f,0f,0f,1f],start_interpolation:0}
execute if entity @s[tag=aj.tultaria.locator_origin.locator_left_hand] at @s on origin run tp @s ^0.04907 ^0.95794 ^-0.86754 ~-70.06076 ~19.26617
execute if entity @s[tag=aj.tultaria.bone.left_ring] run data modify entity @s {} merge value {transformation:[-0.8347571568992068f,0.05902436035624239f,0.5474455350901036f,0.05138734504031968f,0.38465048277066544f,0.773920727552667f,0.5030812196540877f,1.1587145222766349f,-0.3939853996150714f,0.6305258379708852f,-0.6687396149034882f,-0.6681308987488217f,0f,0f,0f,1f],start_interpolation:0}
execute if entity @s[tag=aj.tultaria.bone.left_hand] run data modify entity @s {} merge value {transformation:[-0.4571906883563594f,0.05902436035624239f,-0.8874079103573368f,-0.022584590250017772f,-0.5405322119537445f,0.773920727552667f,0.3299570203901453f,1.3105731066183153f,0.7062588776933219f,0.6305258379708852f,-0.3219247821005438f,-0.5997916848877969f,0f,0f,0f,1f],start_interpolation:0}
execute if entity @s[tag=aj.tultaria.bone.left_arm] run data modify entity @s {} merge value {transformation:[-0.4571906883563594f,0.07594634088538063f,-0.8861200978345769f,0.08896904675399155f,-0.5405322119537445f,0.7674838811479316f,0.34466421342880915f,1.5660672920398386f,0.7062588776933219f,0.6365537255285127f,-0.3098350402958654f,-0.3320370027868672f,0f,0f,0f,1f],start_interpolation:0}
execute if entity @s[tag=aj.tultaria.bone.leftfoot] run data modify entity @s {} merge value {transformation:[-0.1736312803364205f,0.04719285945233315f,-0.9836793240205102f,0.32938576435192957f,0.007969444465331335f,0.998885768119493f,0.04651569846024284f,0.5515612089781645f,0.9847784859772524f,0.00023720253491875398f,-0.173813915700982f,-0.06614819070546106f,0f,0f,0f,1f],start_interpolation:0}
execute if entity @s[tag=aj.tultaria.bone.leftleg] run data modify entity @s {} merge value {transformation:[-0.1736312803364205f,-0.3328372631340477f,-0.9268611194554297f,0.04355569429221542f,0.007969444465331335f,0.9406509036280402f,-0.3392821325367216f,0.8785672920398386f,0.9847784859772524f,-0.06629655928619693f,-0.16067389266200788f,-0.11919067547305484f,0f,0f,0f,1f],start_interpolation:0}
execute if entity @s[tag=aj.tultaria.bone.rightfoot] run data modify entity @s {} merge value {transformation:[-0.4881480035599668f,-0.21712507711830267f,-0.8453213752808987f,0.1441274803546719f,0.2164396139381029f,0.9081870610213334f,-0.35825989967027844f,0.5678335321963421f,0.8454971437791755f,-0.3578448868990643f,-0.39633523282879135f,0.30709463611047827f,0f,0f,0f,1f],start_interpolation:0}
execute if entity @s[tag=aj.tultaria.bone.rightleg] run data modify entity @s {} merge value {transformation:[-0.4881480035599668f,-0.21712507711830267f,-0.8453213752808987f,-0.0814443057077846f,0.2164396139381029f,0.9081870610213334f,-0.35825989967027844f,0.8785672920398386f,0.8454971437791755f,-0.3578448868990643f,-0.39633523282879135f,0.09731567547305484f,0f,0f,0f,1f],start_interpolation:0}
execute if entity @s[tag=aj.tultaria.bone.skirt_right_back] run data modify entity @s {} merge value {transformation:[-0.5596246310178334f,-0.2482016389157542f,-0.790706151991805f,-0.2601105330149067f,0.2432103468016939f,0.8629034058316158f,-0.4429971099372968f,0.8589266521567207f,0.7922556402871195f,-0.4402200116347861f,-0.4225367934151005f,0.07660186548204878f,0f,0f,0f,1f],start_interpolation:0}
execute if entity @s[tag=aj.tultaria.bone.skirt_right] run data modify entity @s {} merge value {transformation:[-0.5596246310178334f,-0.2482016389157542f,-0.790706151991805f,-0.03970009505428419f,0.2432103468016939f,0.8629034058316158f,-0.4429971099372968f,0.9371884497996624f,0.7922556402871195f,-0.4402200116347861f,-0.4225367934151005f,0.2477120781161924f,0f,0f,0f,1f],start_interpolation:0}
execute if entity @s[tag=aj.tultaria.bone.skirt_left_back] run data modify entity @s {} merge value {transformation:[-0.41242319441310693f,-0.2619043950018567f,-0.8725326335380243f,-0.06515337954111475f,-0.22971258203365777f,0.956731198915423f,-0.17859883167951424f,0.8804040606269822f,0.881555011536727f,0.12677342347893278f,-0.45474087207321995f,-0.28484993324810454f,0f,0f,0f,1f],start_interpolation:0}
execute if entity @s[tag=aj.tultaria.bone.skirt_left] run data modify entity @s {} merge value {transformation:[-0.41242319441310693f,-0.33695399945535265f,-0.846385911367345f,0.20684050782232014f,-0.22971258203365777f,0.9375246340296115f,-0.26130382745584335f,0.9024789906606392f,0.881555011536727f,0.08665773386539316f,-0.4640594776489282f,-0.18729790763645326f,0f,0f,0f,1f],start_interpolation:0}
execute if entity @s[tag=aj.tultaria.bone.skirt_back_middle] run data modify entity @s {} merge value {transformation:[-0.523912717304079f,-0.17077224147622083f,-0.8344772652315003f,-0.10978702949714794f,0.08189960831908932f,0.9650566015191304f,-0.24891406151828013f,0.891736937846732f,0.8478254058497164f,-0.1987526035188815f,-0.4916192467654519f,-0.06338557103370773f,0f,0f,0f,1f],start_interpolation:0}
execute if entity @s[tag=aj.tultaria.bone.skirt_front_middle] run data modify entity @s {} merge value {transformation:[-0.5000000000000001f,-0.3659981507706668f,-0.7848855672213959f,0.1445247459245314f,0f,0.90630778703665f,-0.4226182617406994f,0.9986182326360036f,0.8660254037844387f,-0.21130913087034972f,-0.45315389351832513f,0.08344140096409047f,0f,0f,0f,1f],start_interpolation:0}
execute if entity @s[tag=aj.tultaria.bone.lower] run data modify entity @s {} merge value {transformation:[-0.5000000000000001f,0f,-0.8660254037844387f,0f,0f,1f,0f,0.9723172920398386f,0.8660254037844387f,0f,-0.5000000000000001f,0f,0f,0f,0f,1f],start_interpolation:0}