execute if entity @s[tag=aj.tultaria.bone.head] run data modify entity @s {} merge value {transformation:[-0.8660254037844388f,0.05642819243674084f,-0.4968056552600041f,0f,0f,0.9936113105200084f,0.11285638487348174f,1.7275229683628401f,0.4999999999999999f,0.09773649627970904f,-0.8604926363978758f,0f,0f,0f,0f,1f],start_interpolation:0}
execute if entity @s[tag=aj.tultaria.bone.bust] run data modify entity @s {} merge value {transformation:[-0.25881904510252085f,-0.4829629131445341f,-0.8365163037378079f,0.06942591876452686f,0f,0.8660254037844387f,-0.49999999999999994f,1.6181479683628401f,0.9659258262890683f,-0.1294095225512604f,-0.22414386804201347f,0.018602618866743692f,0f,0f,0f,1f],start_interpolation:0}
execute if entity @s[tag=aj.tultaria.bone.left_wing] run data modify entity @s {} merge value {transformation:[0.13052619222005146f,0f,-0.9914448613738105f,-0.10456453796722598f,0f,1f,0f,1.5087729683628401f,0.9914448613738105f,0f,0.13052619222005146f,-0.09272274478088188f,0f,0f,0f,1f],start_interpolation:0}
execute if entity @s[tag=aj.tultaria.bone.right_wing] run data modify entity @s {} merge value {transformation:[-0.6087614290087207f,0f,-0.7933533402912352f,-0.13691691860504107f,0f,1f,0f,1.5087729683628401f,0.7933533402912352f,0f,-0.6087614290087207f,0.028017983505251698f,0f,0f,0f,1f],start_interpolation:0}
execute if entity @s[tag=aj.tultaria.bone.body] run data modify entity @s {} merge value {transformation:[-0.25881904510252085f,0f,-0.9659258262890683f,0.6123724356957946f,0f,1f,0f,0.44627296836284014f,0.9659258262890683f,0f,-0.25881904510252085f,-0.35355339059327373f,0f,0f,0f,1f],start_interpolation:0}
execute if entity @s[tag=aj.tultaria.bone.right_ring] run data modify entity @s {} merge value {transformation:[0.9534828684507142f,-0.00011793859076711377f,-0.301447185525901f,-0.08891007745860799f,0.3013111708265879f,-0.029666445385700735f,0.9530642582498244f,1.6173561910556904f,-0.00905526952160577f,-0.9995598471870836f,-0.028250911228224748f,0.8318169263804089f,0f,0f,0f,1f],start_interpolation:0}
execute if entity @s[tag=aj.tultaria.bone.sword] run data modify entity @s {} merge value {transformation:[7.949100083400526e-8f,-1.1793859076711379e-9f,-0.000009999683984498477f,-0.10426037524005029f,0.000009995282456369312f,-2.9666445385700736e-7f,7.949100083400497e-8f,1.6552051883487697f,-2.9666445385700757e-7f,-0.000009995598471870836f,-1.1793859076739133e-9f,1.0495417237437996f,0f,0f,0f,1f],start_interpolation:0}
execute if entity @s[tag=aj.tultaria.bone.right_hand] run data modify entity @s {} merge value {transformation:[0.007949100083400525f,-0.00011793859076711377f,-0.9999683984498475f,-0.18267554271808856f,0.9995282456369311f,-0.029666445385700735f,0.007949100083400495f,1.6134660370969935f,-0.029666445385700752f,-0.9995598471870836f,-0.00011793859076739133f,0.6756246435145428f,0f,0f,0f,1f],start_interpolation:0}
execute if entity @s[tag=aj.tultaria.bone.right_arm] run data modify entity @s {} merge value {transformation:[0.007949100083400525f,-0.00011793859076711377f,-0.9999683984498475f,-0.08896904675399155f,0.9995282456369311f,-0.029666445385700735f,0.007949100083400495f,1.6025229683628401f,-0.029666445385700752f,-0.9995598471870836f,-0.00011793859076739133f,0.3320370027868672f,0f,0f,0f,1f],start_interpolation:0}
execute if entity @s[tag=aj.tultaria.bone.left_ring] run data modify entity @s {} merge value {transformation:[0.6536173089033032f,-0.236590331909158f,-0.7188945877867761f,0.12911242090947367f,-0.06070103230521269f,0.9304337973108044f,-0.36139774971474087f,1.1677443164392256f,0.7543870347368687f,0.27985346820954604f,0.5937863573306505f,-0.5195198944265875f,0f,0f,0f,1f],start_interpolation:0}
execute if entity @s[tag=aj.tultaria.bone.left_hand] run data modify entity @s {} merge value {transformation:[-0.4817305259751916f,-0.236590331909158f,-0.8437776455860749f,0.013041027274973208f,-0.3624673353990227f,0.9304337973108044f,-0.053947934071003456f,1.3080669784498822f,0.7978427984962938f,0.27985346820954604f,-0.5339746297519116f,-0.5258529115580877f,0f,0f,0f,1f],start_interpolation:0}
execute if entity @s[tag=aj.tultaria.bone.left_arm] run data modify entity @s {} merge value {transformation:[-0.4817305259751916f,-0.016565983732286044f,-0.8761628093720065f,0.08896904675399155f,-0.3624673353990227f,0.9140515280765316f,0.18200888656790942f,1.6337729683628401f,0.7978427984962938f,0.40525963554731104f,-0.44633115137044044f,-0.3320370027868672f,0f,0f,0f,1f],start_interpolation:0}
execute if entity @s[tag=aj.tultaria.bone.leftfoot] run data modify entity @s {} merge value {transformation:[-0.17064647548651019f,0.09928354066003048f,-0.9803175806635522f,0.31204675444543456f,0.10605031207418518f,0.9909819411405437f,0.08190313572927244f,0.6109276456921582f,0.9796086523265298f,-0.08998650391768626f,-0.17963662599724034f,-0.03611614459447164f,0f,0f,0f,1f],start_interpolation:0}
execute if entity @s[tag=aj.tultaria.bone.leftleg] run data modify entity @s {} merge value {transformation:[-0.17064647548651019f,-0.2834252654451146f,-0.9436895142531777f,0.04355569429221542f,0.10605031207418518f,0.9468909056103949f,-0.303563739898714f,0.9462729683628401f,0.9796086523265298f,-0.1518806497869049f,-0.1315262578624805f,-0.11919067547305484f,0f,0f,0f,1f],start_interpolation:0}
execute if entity @s[tag=aj.tultaria.bone.rightfoot] run data modify entity @s {} merge value {transformation:[-0.4881480035599668f,-0.03680855091254527f,-0.8719843216481231f,0.07520662036825693f,0.21643961393810288f,0.9627939663412826f,-0.16180751495263201f,0.5814316407164968f,0.8454971437791755f,-0.26771796532272507f,-0.46201912395994665f,0.2811542065289032f,0f,0f,0f,1f],start_interpolation:0}
execute if entity @s[tag=aj.tultaria.bone.rightleg] run data modify entity @s {} merge value {transformation:[-0.4881480035599668f,-0.03680855091254527f,-0.8719843216481231f,-0.0814443057077846f,0.21643961393810288f,0.9627939663412826f,-0.16180751495263201f,0.9462729683628401f,0.8454971437791755f,-0.26771796532272507f,-0.46201912395994665f,0.09731567547305484f,0f,0f,0f,1f],start_interpolation:0}
execute if entity @s[tag=aj.tultaria.bone.skirt_right_back] run data modify entity @s {} merge value {transformation:[-0.5596246310178334f,-0.07855144382508454f,-0.8250151168500784f,-0.25915679218812926f,0.2432103468016939f,0.9360986321849984f,-0.2541024951274088f,0.9843336405420898f,0.7922556402871195f,-0.3428542277621345f,-0.5047593277383557f,0.05956213919567396f,0f,0f,0f,1f],start_interpolation:0}
execute if entity @s[tag=aj.tultaria.bone.skirt_right] run data modify entity @s {} merge value {transformation:[-0.5596246310178334f,-0.07855144382508454f,-0.8250151168500784f,-0.03970009505428419f,0.2432103468016939f,0.9360986321849984f,-0.2541024951274088f,1.004894126122664f,0.7922556402871195f,-0.3428542277621345f,-0.5047593277383557f,0.2477120781161924f,0f,0f,0f,1f],start_interpolation:0}
execute if entity @s[tag=aj.tultaria.bone.skirt_left_back] run data modify entity @s {} merge value {transformation:[-0.48007222328925236f,-0.18122169821542072f,-0.8583060972182556f,-0.06015818808693016f,-0.05998585735075224f,0.9829202984679217f,-0.1739809868279487f,0.9557213066853557f,0.8751756151447604f,-0.03203721204553628f,-0.482743471939642f,-0.2990426282797199f,0f,0f,0f,1f],start_interpolation:0}
execute if entity @s[tag=aj.tultaria.bone.skirt_left] run data modify entity @s {} merge value {transformation:[-0.48007222328925236f,-0.25533840034928523f,-0.8392454716786875f,0.20684050782232014f,-0.05998585735075224f,0.9640165478495393f,-0.2589860853214939f,0.9701846669836407f,0.8751756151447604f,-0.07398916663488704f,-0.4781142602732798f,-0.18729790763645326f,0f,0f,0f,1f],start_interpolation:0}
execute if entity @s[tag=aj.tultaria.bone.skirt_back_middle] run data modify entity @s {} merge value {transformation:[-0.523912717304079f,-0.060499963912342136f,-0.8496206324081718f,-0.10978702949714794f,0.08189960831908935f,0.9892745849101385f,-0.12094730178078728f,0.9594426141697335f,0.8478254058497164f,-0.13294942654061495f,-0.5133386125923955f,-0.06338557103370773f,0f,0f,0f,1f],start_interpolation:0}
execute if entity @s[tag=aj.tultaria.bone.skirt_front_middle] run data modify entity @s {} merge value {transformation:[-0.5000000000000001f,-0.3659981507706668f,-0.7848855672213959f,0.1445247459245314f,0f,0.90630778703665f,-0.4226182617406994f,1.066323908959005f,0.8660254037844387f,-0.21130913087034972f,-0.45315389351832513f,0.08344140096409047f,0f,0f,0f,1f],start_interpolation:0}
execute if entity @s[tag=aj.tultaria.bone.lower] run data modify entity @s {} merge value {transformation:[-0.5000000000000001f,0f,-0.8660254037844387f,0f,0f,1f,0f,1.0400229683628401f,0.8660254037844387f,0f,-0.5000000000000001f,0f,0f,0f,0f,1f],start_interpolation:0}