execute if entity @s[tag=aj.frestchika_v2.bone.hair] run data modify entity @s {} merge value {transformation:[-0.9899703531109465f,-0.009555851609503254f,0.14095171393567812f,0.037728338850064984f,-0.010207639490587825f,0.9999402878542918f,-0.003901899781636304f,1.3775513085365876f,-0.14090601143108916f,-0.005301549386065882f,-0.9900087825452302f,-0.27926224184465975f,0f,0f,0f,1f],start_interpolation:0}
execute if entity @s[tag=aj.frestchika_v2.bone.side_hair_2] run data modify entity @s {} merge value {transformation:[-0.9899703531109465f,-0.009555851609503254f,0.14095171393567812f,0.47689496256999897f,-0.010207639490587825f,0.9999402878542918f,-0.003901899781636304f,1.713601763929061f,-0.14090601143108916f,-0.005301549386065882f,-0.9900087825452302f,0.06981552313200211f,0f,0f,0f,1f],start_interpolation:0}
execute if entity @s[tag=aj.frestchika_v2.bone.side_hair_1] run data modify entity @s {} merge value {transformation:[-0.9899703531109465f,-0.009555851609503254f,0.14095171393567812f,0.31651213552401375f,-0.010207639490587825f,0.9999402878542918f,-0.003901899781636304f,2.0992480815883097f,-0.14090601143108916f,-0.005301549386065882f,-0.9900087825452302f,0.04546120621507825f,0f,0f,0f,1f],start_interpolation:0}
execute if entity @s[tag=aj.frestchika_v2.bone.head] run data modify entity @s {} merge value {transformation:[-0.9899703531109465f,-0.009555851609503254f,0.14095171393567812f,-0.0036164667622872616f,-0.010207639490587825f,0.9999402878542918f,-0.003901899781636304f,1.5567630816242186f,-0.14090601143108916f,-0.005301549386065882f,-0.9900087825452302f,-0.0017666102382067291f,0f,0f,0f,1f],start_interpolation:0}
execute if entity @s[tag=aj.frestchika_v2.bone.group] run data modify entity @s {} merge value {transformation:[-0.0000065654934383275385f,-0.000006637758748102695f,0.000003582520720563136f,-0.48772088944243325f,-0.000007017517003484149f,0.000003633843833567814f,-0.000006127775624078611f,0.9768263823073274f,0.0000027656375426090987f,-0.000006537227072331766f,-0.00000704385627250328f,-0.16359901890853445f,0f,0f,0f,1f],start_interpolation:0}
execute if entity @s[tag=aj.frestchika_v2.bone.group2] run data modify entity @s {} merge value {transformation:[-0.0000065654934383275385f,-0.000006637758748102695f,0.000003582520720563136f,-0.48772088944243325f,-0.000007017517003484149f,0.000003633843833567814f,-0.000006127775624078611f,0.9768263823073274f,0.0000027656375426090987f,-0.000006537227072331766f,-0.00000704385627250328f,-0.16359901890853445f,0f,0f,0f,1f],start_interpolation:0}
execute if entity @s[tag=aj.frestchika_v2.bone.group3] run data modify entity @s {} merge value {transformation:[-0.0000065654934383275385f,-0.000006637758748102695f,0.000003582520720563136f,-0.48772088944243325f,-0.000007017517003484149f,0.000003633843833567814f,-0.000006127775624078611f,0.9768263823073274f,0.0000027656375426090987f,-0.000006537227072331766f,-0.00000704385627250328f,-0.16359901890853445f,0f,0f,0f,1f],start_interpolation:0}
execute if entity @s[tag=aj.frestchika_v2.locator_origin.muzzle] at @s on origin run tp @s ^-0.48773 ^0.97682 ^-0.1636 ~26.95799 ~-37.79061
execute if entity @s[tag=aj.frestchika_v2.bone.gun] run data modify entity @s {} merge value {transformation:[-0.0000065654934383275385f,-0.000006637758748102695f,0.000003582520720563136f,-0.4877207624731157f,-0.000007017517003484149f,0.000003633843833567814f,-0.000006127775624078611f,0.9768238623121129f,0.0000027656375426090987f,-0.000006537227072331766f,-0.00000704385627250328f,-0.16360341680697843f,0f,0f,0f,1f],start_interpolation:0}
execute if entity @s[tag=aj.frestchika_v2.bone.sword] run data modify entity @s {} merge value {transformation:[-0.6985510928915796f,-0.1517997628094234f,0.7723392484724461f,-0.30195619105103955f,0.38242209120084314f,0.8371101069330232f,0.5104162273401548f,0.9715715310260682f,-0.6879712398651227f,0.6194579993684683f,-0.5004918303397778f,0.0416182246789108f,0f,0f,0f,1f],start_interpolation:0}
execute if entity @s[tag=aj.frestchika_v2.bone.arm_right_1] run data modify entity @s {} merge value {transformation:[-0.6565493438327538f,-0.6637758748102695f,0.3582520720563136f,-0.2646395318031345f,-0.7017517003484148f,0.36338438335678136f,-0.6127775624078611f,1.165481602398298f,0.27656375426090984f,-0.6537227072331765f,-0.7043856272503279f,-0.2852497333416906f,0f,0f,0f,1f],start_interpolation:0}
execute if entity @s[tag=aj.frestchika_v2.bone.arm_right_0] run data modify entity @s {} merge value {transformation:[-0.30278557166539727f,-0.6637758748102695f,0.6839023947984977f,-0.16391811233108233f,-0.9297724000823588f,0.36338438335678136f,-0.05894975807839679f,1.5152515603931525f,-0.2093900227717365f,-0.6537227072331765f,-0.7271880364880726f,-0.19309369911813806f,0f,0f,0f,1f],start_interpolation:0}
execute if entity @s[tag=aj.frestchika_v2.bone.arm_left_1] run data modify entity @s {} merge value {transformation:[0.3052832699372122f,0.5953131387859815f,0.743239121605709f,0.20905738892096287f,0.7148747709711853f,0.3723466449108225f,-0.591871639675824f,1.1817672591293031f,-0.6290915568701729f,0.7120114063780414f,-0.3119031424372402f,0.3419280833841465f,0f,0f,0f,1f],start_interpolation:0}
execute if entity @s[tag=aj.frestchika_v2.bone.arm_left_0] run data modify entity @s {} merge value {transformation:[-0.0958794513392249f,0.5953131387859815f,0.7977527170744528f,0.15909293420574452f,0.9127321522391846f,0.3723466449108225f,-0.16816062051645525f,1.5450916100872734f,-0.3971487744910145f,0.7120114063780414f,-0.5790618344424443f,0.1937027799915763f,0f,0f,0f,1f],start_interpolation:0}
execute if entity @s[tag=aj.frestchika_v2.bone.right_wing_0] run data modify entity @s {} merge value {transformation:[-0.000006427128220219159f,-9.639934379107394e-8f,0.000007660465391043758f,0.3010621285825676f,-9.805079049137423e-8f,0.000009999424376008149f,4.3568233588517355e-8f,1.2171785649354794f,-0.000007660444431189781f,-4.710960635217945e-8f,-0.00000642770346248509f,-0.5151016266671335f,0f,0f,0f,1f],start_interpolation:0}
execute if entity @s[tag=aj.frestchika_v2.bone.right_wing_1] run data modify entity @s {} merge value {transformation:[-0.000006427128220219159f,-9.639934379107394e-8f,0.000007660465391043758f,0.09577592606443318f,-9.805079049137423e-8f,0.000009999424376008149f,4.3568233588517355e-8f,1.999718762061453f,-0.000007660444431189781f,-4.710960635217945e-8f,-0.00000642770346248509f,0.16928060566924585f,0f,0f,0f,1f],start_interpolation:0}
execute if entity @s[tag=aj.frestchika_v2.bone.right_wing_2] run data modify entity @s {} merge value {transformation:[-0.000006427128220219159f,-9.639934379107394e-8f,0.000007660465391043758f,0.09997362997167843f,-9.805079049137423e-8f,0.000009999424376008149f,4.3568233588517355e-8f,1.9810311231004945f,-0.000007660444431189781f,-4.710960635217945e-8f,-0.00000642770346248509f,0.1741567139506498f,0f,0f,0f,1f],start_interpolation:0}
execute if entity @s[tag=aj.frestchika_v2.bone.left_wing_0] run data modify entity @s {} merge value {transformation:[-0.000006427128220219159f,-9.639934379107394e-8f,0.000007660465391043758f,0.3010621285825676f,-9.805079049137423e-8f,0.000009999424376008149f,4.3568233588517355e-8f,1.2171785649354794f,-0.000007660444431189781f,-4.710960635217945e-8f,-0.00000642770346248509f,-0.5151016266671335f,0f,0f,0f,1f],start_interpolation:0}
execute if entity @s[tag=aj.frestchika_v2.bone.left_wing_1] run data modify entity @s {} merge value {transformation:[-0.000006427128220219159f,-9.639934379107394e-8f,0.000007660465391043758f,0.09577592606443318f,-9.805079049137423e-8f,0.000009999424376008149f,4.3568233588517355e-8f,1.999718762061453f,-0.000007660444431189781f,-4.710960635217945e-8f,-0.00000642770346248509f,0.16928060566924585f,0f,0f,0f,1f],start_interpolation:0}
execute if entity @s[tag=aj.frestchika_v2.bone.left_wing_2] run data modify entity @s {} merge value {transformation:[-0.000006427128220219159f,-9.639934379107394e-8f,0.000007660465391043758f,0.09997362997167843f,-9.805079049137423e-8f,0.000009999424376008149f,4.3568233588517355e-8f,1.9810311231004945f,-0.000007660444431189781f,-4.710960635217945e-8f,-0.00000642770346248509f,0.1741567139506498f,0f,0f,0f,1f],start_interpolation:0}
execute if entity @s[tag=aj.frestchika_v2.bone.leg_right_1] run data modify entity @s {} merge value {transformation:[-0.4547150113456633f,-0.3285504903093026f,0.8278217403369099f,-0.3156096457959027f,0.0022708207748850517f,0.9290408352548005f,0.3699702282644787f,0.5615599177341075f,-0.8906341009808245f,0.17011085134869872f,-0.4217027346644783f,0.028494352364274986f,0f,0f,0f,1f],start_interpolation:0}
execute if entity @s[tag=aj.frestchika_v2.bone.leg_right_0] run data modify entity @s {} merge value {transformation:[-0.4547150113456633f,0.48966305151085177f,0.7439518495453817f,-0.11621116750566397f,0.0022708207748850517f,0.8359378003189606f,-0.5488194943429994f,0.8110233393726133f,-0.8906341009808245f,-0.24786708128143642f,-0.38122540338636957f,-0.0726728884795193f,0f,0f,0f,1f],start_interpolation:0}
execute if entity @s[tag=aj.frestchika_v2.bone.leg_left_1] run data modify entity @s {} merge value {transformation:[-0.4559279786430436f,0.03894284128446596f,0.8891642893206865f,-0.06627160861908057f,-0.004929507881000703f,0.9989164674866825f,-0.04627732637024781f,0.45727380350043506f,-0.8900030214794327f,-0.025482270240702223f,-0.4552419968114325f,0.18444163836344474f,0f,0f,0f,1f],start_interpolation:0}
execute if entity @s[tag=aj.frestchika_v2.bone.leg_left_0] run data modify entity @s {} merge value {transformation:[-0.4559279786430436f,0.17983302350953115f,0.871659200574335f,0.0018920575606114452f,-0.004929507881000703f,0.9788487524708507f,-0.20452584124826417f,0.8230997734814494f,-0.8900030214794327f,-0.0975459042793671f,-0.44539804480464557f,0.14749674745100172f,0f,0f,0f,1f],start_interpolation:0}
execute if entity @s[tag=aj.frestchika_v2.bone.body_0] run data modify entity @s {} merge value {transformation:[-0.45828037986513975f,0.15713234307306537f,0.8748077046934553f,-0.0000014913701219888175f,-0.01932898409154312f,0.9822538803729515f,-0.18655751088141154f,1.181784667523913f,-0.8885974813179767f,-0.10240479116060741f,-0.4471104728617978f,-1.826401646237603e-22f,0f,0f,0f,1f],start_interpolation:0}
execute if entity @s[tag=aj.frestchika_v2.bone.body_1] run data modify entity @s {} merge value {transformation:[-0.6427128220219158f,-0.009639934379107394f,0.7660465391043757f,-0.0000014913701219888175f,-0.009805079049137423f,0.9999424376008149f,0.004356823358851735f,1.181784667523913f,-0.7660444431189781f,-0.004710960635217944f,-0.6427703462485089f,-1.826401646237603e-22f,0f,0f,0f,1f],start_interpolation:0}