execute if entity @s[tag=aj.frestchika_v2.bone.hair] run data modify entity @s {} merge value {transformation:[-0.0592392930703004f,-0.1686758719546255f,0.9838898090624162f,0.3225052129586055f,-0.0435160716043805f,0.9851201583061846f,0.1662667291159599f,1.4756622169822018f,-0.9972948699700876f,-0.03296549588803979f,-0.06569793308926952f,-0.02626067654291455f,0f,0f,0f,1f],start_interpolation:0}
execute if entity @s[tag=aj.frestchika_v2.bone.side_hair_2] run data modify entity @s {} merge value {transformation:[-0.0592392930703004f,-0.1686758719546255f,0.9838898090624162f,0.015308435668174525f,-0.0435160716043805f,0.9851201583061846f,0.1662667291159599f,1.7745580633035207f,-0.9972948699700876f,-0.03296549588803979f,-0.06569793308926952f,0.4676461274539448f,0f,0f,0f,1f],start_interpolation:0}
execute if entity @s[tag=aj.frestchika_v2.bone.side_hair_1] run data modify entity @s {} merge value {transformation:[-0.0592392930703004f,-0.1686758719546255f,0.9838898090624162f,-0.059392965291450855f,-0.0435160716043805f,0.9851201583061846f,0.1662667291159599f,2.149193062357851f,-0.9972948699700876f,-0.03296549588803979f,-0.06569793308926952f,0.2970378496180733f,0f,0f,0f,1f],start_interpolation:0}
execute if entity @s[tag=aj.frestchika_v2.bone.head] run data modify entity @s {} merge value {transformation:[-0.0592392930703004f,-0.1686758719546255f,0.9838898090624162f,0.01574081446788327f,-0.0435160716043805f,0.9851201583061846f,0.1662667291159599f,1.6043742276166273f,-0.9972948699700876f,-0.03296549588803979f,-0.06569793308926952f,-0.01365511181661459f,0f,0f,0f,1f],start_interpolation:0}
execute if entity @s[tag=aj.frestchika_v2.bone.group] run data modify entity @s {} merge value {transformation:[-0.000002763992248864295f,0.0000017166737061372968f,0.000009455864753414938f,0.10455779864033622f,-0.000007626454265702279f,0.000005595256036773698f,-0.0000032450431763073715f,1.032702157950853f,-0.000005847866464050771f,-0.000008108399427112873f,-2.3731108070639276e-7f,-0.6052269576610988f,0f,0f,0f,1f],start_interpolation:0}
execute if entity @s[tag=aj.frestchika_v2.bone.group2] run data modify entity @s {} merge value {transformation:[-0.000002763992248864295f,0.0000017166737061372968f,0.000009455864753414938f,0.10455779864033622f,-0.000007626454265702279f,0.000005595256036773698f,-0.0000032450431763073715f,1.032702157950853f,-0.000005847866464050771f,-0.000008108399427112873f,-2.3731108070639276e-7f,-0.6052269576610988f,0f,0f,0f,1f],start_interpolation:0}
execute if entity @s[tag=aj.frestchika_v2.bone.group3] run data modify entity @s {} merge value {transformation:[-0.000002763992248864295f,0.0000017166737061372968f,0.000009455864753414938f,0.10455779864033622f,-0.000007626454265702279f,0.000005595256036773698f,-0.0000032450431763073715f,1.032702157950853f,-0.000005847866464050771f,-0.000008108399427112873f,-2.3731108070639276e-7f,-0.6052269576610988f,0f,0f,0f,1f],start_interpolation:0}
execute if entity @s[tag=aj.frestchika_v2.locator_origin.muzzle] at @s on origin run tp @s ^0.10456 ^1.0327 ^-0.60524 ~88.56237 ~-18.93555
execute if entity @s[tag=aj.frestchika_v2.bone.gun] run data modify entity @s {} merge value {transformation:[-0.000002763992248864295f,0.0000017166737061372968f,0.000009455864753414938f,0.10456242339112262f,-0.000007626454265702279f,0.000005595256036773698f,-0.0000032450431763073715f,1.0327013284573274f,-0.000005847866464050771f,-0.000008108399427112873f,-2.3731108070639276e-7f,-0.6052288633443009f,0f,0f,0f,1f],start_interpolation:0}
execute if entity @s[tag=aj.frestchika_v2.bone.sword] run data modify entity @s {} merge value {transformation:[0.18066102416018304f,-0.8615990597611694f,0.576657061578251f,0.006324179746811431f,0.5888391500540273f,0.5670458026418344f,0.6627610618993314f,0.958762718112942f,-0.8533198473099317f,0.20887994165296772f,0.5794299959977983f,-0.35716775293045355f,0f,0f,0f,1f],start_interpolation:0}
execute if entity @s[tag=aj.frestchika_v2.bone.arm_right_1] run data modify entity @s {} merge value {transformation:[-0.2763992248864295f,0.17166737061372966f,0.9455864753414938f,0.23821626006049088f,-0.7626454265702278f,0.5595256036773698f,-0.3245043176307371f,1.2548023299218087f,-0.584786646405077f,-0.8108399427112872f,-0.023731108070639273f,-0.4236728064633595f,0f,0f,0f,1f],start_interpolation:0}
execute if entity @s[tag=aj.frestchika_v2.bone.arm_right_0] run data modify entity @s {} merge value {transformation:[0.35635432566265f,0.17166737061372966f,0.9184453758651553f,0.08736253713952546f,-0.8025930087477114f,0.5595256036773698f,0.206822535374584f,1.551896785663927f,-0.47838902254422f,-0.8108399427112872f,0.33716840067411813f,-0.2505988305219167f,0f,0f,0f,1f],start_interpolation:0}
execute if entity @s[tag=aj.frestchika_v2.bone.arm_left_1] run data modify entity @s {} merge value {transformation:[-0.5093671255740477f,0.03508009561561621f,-0.8598340062337797f,-0.28263993595029996f,0.05715690459341656f,0.9983415624033612f,0.006871174231144077f,1.4633321737095886f,0.8586490666399933f,-0.04564549999304297f,-0.5105274416607336f,-0.007364671721048155f,0f,0f,0f,1f],start_interpolation:0}
execute if entity @s[tag=aj.frestchika_v2.bone.arm_left_0] run data modify entity @s {} merge value {transformation:[0.4415533696681017f,0.03508009561561621f,-0.896548943798577f,-0.08977878021405071f,0.02549074838761109f,0.9983415624033612f,0.05161730838251026f,1.4696137050213685f,0.8968728134364339f,-0.04564549999304297f,0.43992686306817064f,0.27824292530036515f,0f,0f,0f,1f],start_interpolation:0}
execute if entity @s[tag=aj.frestchika_v2.bone.right_wing_0] run data modify entity @s {} merge value {transformation:[0.000002919681556265088f,3.5080095615616214e-7f,0.000009557844856408029f,0.59945356423143f,-5.391889868527716e-7f,0.000009983415624033614f,-2.0171195863966007e-7f,1.242696777902368f,-0.000009549069841951215f,-4.5645499993042976e-7f,0.000002933754247815649f,-0.02498549838519366f,0f,0f,0f,1f],start_interpolation:0}
execute if entity @s[tag=aj.frestchika_v2.bone.right_wing_1] run data modify entity @s {} merge value {transformation:[0.000002919681556265088f,3.5080095615616214e-7f,0.000009557844856408029f,-0.05742441166869995f,-5.391889868527716e-7f,0.000009983415624033614f,-2.0171195863966007e-7f,2.056195330548335f,-0.000009549069841951215f,-4.5645499993042976e-7f,0.000002933754247815649f,0.14712508995923593f,0f,0f,0f,1f],start_interpolation:0}
execute if entity @s[tag=aj.frestchika_v2.bone.right_wing_2] run data modify entity @s {} merge value {transformation:[0.000002919681556265088f,3.5080095615616214e-7f,0.000009557844856408029f,-0.05990696443415845f,-5.391889868527716e-7f,0.000009983415624033614f,-2.0171195863966007e-7f,2.0378134193700546f,-0.000009549069841951215f,-4.5645499993042976e-7f,0.000002933754247815649f,0.153949111735325f,0f,0f,0f,1f],start_interpolation:0}
execute if entity @s[tag=aj.frestchika_v2.bone.left_wing_0] run data modify entity @s {} merge value {transformation:[0.000002919681556265088f,3.5080095615616214e-7f,0.000009557844856408029f,0.59945356423143f,-5.391889868527716e-7f,0.000009983415624033614f,-2.0171195863966007e-7f,1.242696777902368f,-0.000009549069841951215f,-4.5645499993042976e-7f,0.000002933754247815649f,-0.02498549838519366f,0f,0f,0f,1f],start_interpolation:0}
execute if entity @s[tag=aj.frestchika_v2.bone.left_wing_1] run data modify entity @s {} merge value {transformation:[0.000002919681556265088f,3.5080095615616214e-7f,0.000009557844856408029f,-0.05742441166869995f,-5.391889868527716e-7f,0.000009983415624033614f,-2.0171195863966007e-7f,2.056195330548335f,-0.000009549069841951215f,-4.5645499993042976e-7f,0.000002933754247815649f,0.14712508995923593f,0f,0f,0f,1f],start_interpolation:0}
execute if entity @s[tag=aj.frestchika_v2.bone.left_wing_2] run data modify entity @s {} merge value {transformation:[0.000002919681556265088f,3.5080095615616214e-7f,0.000009557844856408029f,-0.05990696443415845f,-5.391889868527716e-7f,0.000009983415624033614f,-2.0171195863966007e-7f,2.0378134193700546f,-0.000009549069841951215f,-4.5645499993042976e-7f,0.000002933754247815649f,0.153949111735325f,0f,0f,0f,1f],start_interpolation:0}
execute if entity @s[tag=aj.frestchika_v2.bone.leg_right_1] run data modify entity @s {} merge value {transformation:[0.6838133845839338f,0.014422038257694003f,0.7295144000472907f,-0.39675243286842865f,0.004737041155671556f,0.9996958258756264f,-0.024203639559772838f,0.7963113286736432f,-0.7296415664591445f,0.02000651242329693f,0.6835370684576678f,-0.40262869921291256f,0f,0f,0f,1f],start_interpolation:0}
execute if entity @s[tag=aj.frestchika_v2.bone.leg_right_0] run data modify entity @s {} merge value {transformation:[0.6838133845839338f,0.605855353445762f,0.40661842772429246f,-0.1757319256533054f,0.004737041155671556f,0.553575508416136f,-0.8327855167586109f,0.9380439399985576f,-0.7296415664591445f,0.5713960510739706f,0.3756723802891535f,-0.1945701382802021f,0f,0f,0f,1f],start_interpolation:0}
execute if entity @s[tag=aj.frestchika_v2.bone.leg_left_1] run data modify entity @s {} merge value {transformation:[0.6421018248878471f,0.3883813424909104f,0.6609577742039615f,-0.5026499567668503f,-0.05507571945919659f,0.8833144058940421f,-0.46553445142771976f,0.9480773111605577f,-0.7646384188632876f,0.26251779586346913f,0.5885681738365043f,-0.17140902488473375f,0f,0f,0f,1f],start_interpolation:0}
execute if entity @s[tag=aj.frestchika_v2.bone.leg_left_0] run data modify entity @s {} merge value {transformation:[0.6421018248878471f,0.7472983169416947f,0.17102769358149938f,-0.2301414986060089f,-0.05507571945919659f,0.26748436943440873f,-0.9619868903651074f,1.0318954138527532f,-0.7646384188632876f,0.6082740645501725f,0.21291019419901955f,0.05139149333436431f,0f,0f,0f,1f],start_interpolation:0}
execute if entity @s[tag=aj.frestchika_v2.bone.body_0] run data modify entity @s {} merge value {transformation:[0.5299576044255516f,0.6521664128494041f,0.5420552623696879f,0.0025857786120271893f,-0.19147518888015672f,0.7147141416181058f,-0.6726967725613102f,1.2299961417153669f,-0.8261248026508095f,0.2527106363456732f,0.5036418814226298f,0.003461950680776528f,0f,0f,0f,1f],start_interpolation:0}
execute if entity @s[tag=aj.frestchika_v2.bone.body_1] run data modify entity @s {} merge value {transformation:[0.2919681556265088f,0.03508009561561621f,0.9557844856408029f,0.0025857786120271893f,-0.053918898685277154f,0.9983415624033612f,-0.020171195863966006f,1.2299961417153669f,-0.9549069841951214f,-0.04564549999304297f,0.29337542478156486f,0.003461950680776528f,0f,0f,0f,1f],start_interpolation:0}