execute if entity @s[tag=aj.frestchika_v2.bone.hair] run data modify entity @s {} merge value {transformation:[-0.8386063752428675f,-0.10738193686043226f,0.5340491241806518f,0.13159841297006658f,-0.1170677579887955f,0.9929976927222002f,0.015834212574790587f,1.317140907921653f,-0.5320098565266398f,-0.049241262011538556f,-0.8453051583150403f,-0.25097873814342214f,0f,0f,0f,1f],start_interpolation:0}
execute if entity @s[tag=aj.frestchika_v2.bone.side_hair_2] run data modify entity @s {} merge value {transformation:[-0.8386063752428675f,-0.10738193686043226f,0.5340491241806518f,0.35267963652170703f,-0.1170677579887955f,0.9929976927222002f,0.015834212574790587f,1.6973570498213297f,-0.5320098565266398f,-0.049241262011538556f,-0.8453051583150403f,0.23297507782664642f,0f,0f,0f,1f],start_interpolation:0}
execute if entity @s[tag=aj.frestchika_v2.bone.side_hair_1] run data modify entity @s {} merge value {transformation:[-0.8386063752428675f,-0.10738193686043226f,0.5340491241806518f,0.1783665162240104f,-0.1170677579887955f,0.9929976927222002f,0.015834212574790587f,2.063401920357709f,-0.5320098565266398f,-0.049241262011538556f,-0.8453051583150403f,0.12970380818219676f,0f,0f,0f,1f],start_interpolation:0}
execute if entity @s[tag=aj.frestchika_v2.bone.head] run data modify entity @s {} merge value {transformation:[-0.8386063752428675f,-0.10738193686043226f,0.5340491241806518f,-0.03773031070900622f,-0.1170677579887955f,0.9929976927222002f,0.015834212574790587f,1.4895652496511351f,-0.5320098565266398f,-0.049241262011538556f,-0.8453051583150403f,-0.022007762163122384f,0f,0f,0f,1f],start_interpolation:0}
execute if entity @s[tag=aj.frestchika_v2.bone.group] run data modify entity @s {} merge value {transformation:[-0.000005678181312871605f,-0.000006324352671545195f,0.0000052688537903489885f,-0.4319308703172789f,-0.000008170607175844643f,0.0000051076708453491074f,-0.0000026744862896651357f,0.8824523384657988f,-9.99717638231798e-7f,-0.000005823595265940957f,-0.000008067608246705982f,-0.4254525904509863f,0f,0f,0f,1f],start_interpolation:0}
execute if entity @s[tag=aj.frestchika_v2.bone.group2] run data modify entity @s {} merge value {transformation:[-0.000005678181312871605f,-0.000006324352671545195f,0.0000052688537903489885f,-0.4319308703172789f,-0.000008170607175844643f,0.0000051076708453491074f,-0.0000026744862896651357f,0.8824523384657988f,-9.99717638231798e-7f,-0.000005823595265940957f,-0.000008067608246705982f,-0.4254525904509863f,0f,0f,0f,1f],start_interpolation:0}
execute if entity @s[tag=aj.frestchika_v2.bone.group3] run data modify entity @s {} merge value {transformation:[-0.000005678181312871605f,-0.000006324352671545195f,0.0000052688537903489885f,-0.4319308703172789f,-0.000008170607175844643f,0.0000051076708453491074f,-0.0000026744862896651357f,0.8824523384657988f,-9.99717638231798e-7f,-0.000005823595265940957f,-0.000008067608246705982f,-0.4254525904509863f,0f,0f,0f,1f],start_interpolation:0}
execute if entity @s[tag=aj.frestchika_v2.locator_origin.muzzle] at @s on origin run tp @s ^-0.43194 ^0.88245 ^-0.42546 ~33.14805 ~-15.5125
execute if entity @s[tag=aj.frestchika_v2.bone.gun] run data modify entity @s {} merge value {transformation:[-0.000005678181312871605f,-0.000006324352671545195f,0.0000052688537903489885f,-0.43192985252293964f,-0.000008170607175844643f,0.0000051076708453491074f,-0.0000026744862896651357f,0.8824516594914227f,-9.99717638231798e-7f,-0.000005823595265940957f,-0.000008067608246705982f,-0.42545751092822864f,0f,0f,0f,1f],start_interpolation:0}
execute if entity @s[tag=aj.frestchika_v2.bone.sword] run data modify entity @s {} merge value {transformation:[-0.6655685508007448f,-0.34913386795807166f,0.7366469700810779f,-0.2723644348866635f,0.5375261720936948f,0.5270002753832009f,0.7354325503812914f,0.8202403824872992f,-0.6128693421923603f,0.8413685067143094f,-0.15496747210313905f,-0.2079244798230518f,0f,0f,0f,1f],start_interpolation:0}
execute if entity @s[tag=aj.frestchika_v2.bone.arm_right_1] run data modify entity @s {} merge value {transformation:[-0.5678181312871604f,-0.6324352671545195f,0.5268853790348988f,-0.22814518324813993f,-0.8170607175844642f,0.5107670845349107f,-0.26744862896651356f,1.12440998600348f,-0.0999717638231798f,-0.5823595265940956f,-0.8067608246705982f,-0.43455594475875636f,0f,0f,0f,1f],start_interpolation:0}
execute if entity @s[tag=aj.frestchika_v2.bone.arm_right_0] run data modify entity @s {} merge value {transformation:[-0.1297329148695094f,-0.6324352671545195f,0.7636720524273837f,-0.19381419115508733f,-0.8110302590724661f,0.5107670845349107f,0.28521378687671445f,1.4231985746517164f,-0.5704378052586534f,-0.5823595265940956f,-0.5791874412630094f,-0.2097820032630799f,0f,0f,0f,1f],start_interpolation:0}
execute if entity @s[tag=aj.frestchika_v2.bone.arm_left_1] run data modify entity @s {} merge value {transformation:[0.48278712148558095f,-0.1546232680968072f,-0.8619792574596733f,-0.17636875903680888f,0.18279796838657247f,0.9804005568239473f,-0.07348231714525442f,1.310953081588348f,0.8564470200084817f,-0.12209174068034662f,0.5015895820052831f,0.24249549814939492f,0f,0f,0f,1f],start_interpolation:0}
execute if entity @s[tag=aj.frestchika_v2.bone.arm_left_0] run data modify entity @s {} merge value {transformation:[0.9824103033085283f,-0.1546232680968072f,-0.10469785535677523f,0.1625880325161595f,0.16566990619785735f,0.9804005568239473f,0.1066219037519367f,1.3624277480848979f,0.08615960848122767f,-0.12209174068034662f,0.9887720307148685f,0.22656636856907927f,0f,0f,0f,1f],start_interpolation:0}
execute if entity @s[tag=aj.frestchika_v2.bone.right_wing_0] run data modify entity @s {} merge value {transformation:[-0.000006401808305210671f,-0.0000010140997591515258f,0.000007615014911464359f,0.2961123234765425f,-0.0000011029285457013091f,0.000009931126107362849f,3.9532627377043805e-7f,1.1518953068703766f,-0.000007602657367421795f,-5.86801429910359e-7f,-0.000006469564516676705f,-0.5181807510194467f,0f,0f,0f,1f],start_interpolation:0}
execute if entity @s[tag=aj.frestchika_v2.bone.right_wing_1] run data modify entity @s {} merge value {transformation:[-0.000006401808305210671f,-0.0000010140997591515258f,0.000007615014911464359f,0.02081660163306f,-0.0000011029285457013091f,0.000009931126107362849f,3.9532627377043805e-7f,1.948409178331032f,-0.000007602657367421795f,-5.86801429910359e-7f,-0.000006469564516676705f,0.12421207514335755f,0f,0f,0f,1f],start_interpolation:0}
execute if entity @s[tag=aj.frestchika_v2.bone.right_wing_2] run data modify entity @s {} merge value {transformation:[-0.000006401808305210671f,-0.0000010140997591515258f,0.000007615014911464359f,0.02671916887222581f,-0.0000011029285457013091f,0.000009931126107362849f,3.9532627377043805e-7f,1.9304776472207896f,-0.000007602657367421795f,-5.86801429910359e-7f,-0.000006469564516676705f,0.13006398867907812f,0f,0f,0f,1f],start_interpolation:0}
execute if entity @s[tag=aj.frestchika_v2.bone.left_wing_0] run data modify entity @s {} merge value {transformation:[-0.000006401808305210671f,-0.0000010140997591515258f,0.000007615014911464359f,0.2961123234765425f,-0.0000011029285457013091f,0.000009931126107362849f,3.9532627377043805e-7f,1.1518953068703766f,-0.000007602657367421795f,-5.86801429910359e-7f,-0.000006469564516676705f,-0.5181807510194467f,0f,0f,0f,1f],start_interpolation:0}
execute if entity @s[tag=aj.frestchika_v2.bone.left_wing_1] run data modify entity @s {} merge value {transformation:[-0.000006401808305210671f,-0.0000010140997591515258f,0.000007615014911464359f,0.02081660163306f,-0.0000011029285457013091f,0.000009931126107362849f,3.9532627377043805e-7f,1.948409178331032f,-0.000007602657367421795f,-5.86801429910359e-7f,-0.000006469564516676705f,0.12421207514335755f,0f,0f,0f,1f],start_interpolation:0}
execute if entity @s[tag=aj.frestchika_v2.bone.left_wing_2] run data modify entity @s {} merge value {transformation:[-0.000006401808305210671f,-0.0000010140997591515258f,0.000007615014911464359f,0.02671916887222581f,-0.0000011029285457013091f,0.000009931126107362849f,3.9532627377043805e-7f,1.9304776472207896f,-0.000007602657367421795f,-5.86801429910359e-7f,-0.000006469564516676705f,0.13006398867907812f,0f,0f,0f,1f],start_interpolation:0}
execute if entity @s[tag=aj.frestchika_v2.bone.leg_right_1] run data modify entity @s {} merge value {transformation:[-0.3241554382159936f,-0.22111867871477914f,0.9197987724488589f,-0.3739468232404545f,0.03293076782348364f,0.9690724114666064f,0.24456947042681426f,0.5267410136591779f,-0.9454304926357902f,0.10956820368029613f,-0.3068484843317957f,0.08969364425727994f,0f,0f,0f,1f],start_interpolation:0}
execute if entity @s[tag=aj.frestchika_v2.bone.leg_right_0] run data modify entity @s {} merge value {transformation:[-0.3241554382159936f,0.6266265810381129f,0.7087047197609755f,-0.13094153228353084f,0.03293076782348364f,0.7561766820059318f,-0.6535383616292588f,0.7445476214921798f,-0.9454304926357902f,-0.18850982342303918f,-0.2657540781765384f,0.013962061339571279f,0f,0f,0f,1f],start_interpolation:0}
execute if entity @s[tag=aj.frestchika_v2.bone.leg_left_1] run data modify entity @s {} merge value {transformation:[-0.3522724816470429f,-0.24395350608053595f,0.9035434607949127f,-0.16386668089017997f,-0.0548219710041343f,0.9691509912942264f,0.2402933781206636f,0.5829552434070931f,-0.9342904527872774f,0.03511471122524357f,-0.35477923683061285f,0.2791274759590503f,0f,0f,0f,1f],start_interpolation:0}
execute if entity @s[tag=aj.frestchika_v2.bone.leg_left_0] run data modify entity @s {} merge value {transformation:[-0.3522724816470429f,0.47908795371378354f,0.8039768847924508f,0.020112324535835148f,-0.0548219710041343f,0.8470055706785811f,-0.5287495765810818f,0.8822847889530075f,-0.9342904527872774f,-0.23033952297812677f,-0.2721122084448865f,0.19219457812554486f,0f,0f,0f,1f],start_interpolation:0}
execute if entity @s[tag=aj.frestchika_v2.bone.body_0] run data modify entity @s {} merge value {transformation:[-0.3991857744364047f,0.21691130863508334f,0.8908424112455714f,0.0002984302591759977f,-0.2281586005455939f,0.9175481975057317f,-0.3256515902787196f,1.1171480206250284f,-0.8880283613064867f,-0.3332488401183094f,-0.31678200718335875f,-0.00000270854148392477f,0f,0f,0f,1f],start_interpolation:0}
execute if entity @s[tag=aj.frestchika_v2.bone.body_1] run data modify entity @s {} merge value {transformation:[-0.640180830521067f,-0.10140997591515256f,0.7615014911464358f,0.0002984302591759977f,-0.11029285457013091f,0.9931126107362849f,0.0395326273770438f,1.1171480206250284f,-0.7602657367421795f,-0.05868014299103589f,-0.6469564516676705f,-0.00000270854148392477f,0f,0f,0f,1f],start_interpolation:0}