execute if entity @s[tag=aj.lexiel.bone.backhair] run data modify entity @s {} merge value {transformation:[-0.996024512172111f,0.010289522012760989f,-0.08848331418441077f,-0.05516042054004065f,0.015131664899440792f,0.9984138995550156f,-0.05422838641078928f,1.4687184173447294f,0.0877849865847189f,-0.05535170198011757f,-0.9946004148492121f,-0.23167796608412444f,0f,0f,0f,1f],start_interpolation:0}
execute if entity @s[tag=aj.lexiel.bone.head] run data modify entity @s {} merge value {transformation:[-0.996024512172111f,0.010289522012760989f,-0.08848331418441077f,-0.03149626642835715f,0.015131664899440792f,0.9984138995550156f,-0.05422838641078928f,1.4987230496656425f,0.0877849865847189f,-0.05535170198011757f,-0.9946004148492121f,0.03164789876675818f,0f,0f,0f,1f],start_interpolation:0}
execute if entity @s[tag=aj.lexiel.bone.ring] run data modify entity @s {} merge value {transformation:[-0.9514380080913242f,0.1268270430018305f,-0.28050065583278977f,-0.008818954599940088f,0.12408102250167678f,0.9918880686548046f,0.02760360692336854f,0.93714245390638f,0.28172613761266757f,-0.00854168740081783f,-0.9594568374670093f,0.008861411654692286f,0f,0f,0f,1f],start_interpolation:0}
execute if entity @s[tag=aj.lexiel.bone.bust] run data modify entity @s {} merge value {transformation:[-0.9590068117749813f,-0.1751643334860848f,-0.22276308321524305f,-0.006925804490405363f,-0.05004360261014438f,0.8784116918170995f,-0.47527732695429403f,1.3875428134648355f,0.2789293329984919f,-0.4446463268187388f,-0.8511686502918325f,0.09617815313235334f,0f,0f,0f,1f],start_interpolation:0}
execute if entity @s[tag=aj.lexiel.bone.left_wing] run data modify entity @s {} merge value {transformation:[-0.5900732774010768f,-0.040315221028297155f,-0.8063424894240607f,0.06717536029289384f,-0.056506270487430066f,0.9983655035720225f,-0.008565201280955337f,1.1652408090044488f,0.8053698334881642f,0.04050931042145047f,-0.5913868675211054f,-0.13707544799880306f,0f,0f,0f,1f],start_interpolation:0}
execute if entity @s[tag=aj.lexiel.bone.right_wing] run data modify entity @s {} merge value {transformation:[-0.9991393630343776f,-0.040315221028297155f,0.009757878288732535f,-0.17257634265085142f,-0.03988422547668802f,0.9983655035720225f,0.040933724916095766f,1.152729908351913f,-0.011392181239028853f,0.04050931042145047f,-0.9991142146800813f,-0.06734311474918009f,0f,0f,0f,1f],start_interpolation:0}
execute if entity @s[tag=aj.lexiel.bone.body] run data modify entity @s {} merge value {transformation:[-0.9590068117749813f,-0.040315221028297155f,-0.28050065583278977f,0.6399113443180341f,-0.05004360261014438f,0.9983655035720225f,0.02760360692336854f,0.23078724605737672f,0.2789293329984919f,0.04050931042145047f,-0.9594568374670093f,0.3200090970235335f,0f,0f,0f,1f],start_interpolation:0}
execute if entity @s[tag=aj.lexiel.bone.sword] run data modify entity @s {} merge value {transformation:[-1.0414019643186212f,0.28274024154696786f,0.4152757722565572f,-0.5387348853106496f,0.47730026767848704f,0.8550845367854033f,0.6147592633905865f,0.6861419101838167f,-0.15678158593202898f,0.7251223712315424f,-0.8868659106946122f,0.04940347714983903f,0f,0f,0f,1f],start_interpolation:0}
execute if entity @s[tag=aj.lexiel.bone.rod] run data modify entity @s {} merge value {transformation:[-0.00000950026563561368f,0.000003083534651863705f,4.8658699482583e-7f,-0.517712215252108f,0.000002555217837893049f,0.0000067858464824575f,0.00000688644678462212f,0.6876749333811949f,0.0000017932692641349278f,0.00000666664095082936f,-0.000007234644689204442f,0.1585916206273436f,0f,0f,0f,1f],start_interpolation:0}
execute if entity @s[tag=aj.lexiel.bone.right_hand] run data modify entity @s {} merge value {transformation:[-0.9500265635613678f,0.25244572260350534f,-0.1836319298677998f,-0.43847076443038907f,0.2555217837893049f,0.9667771283523174f,0.007113515585001867f,1.0976600930361116f,0.17932692641349277f,-0.040163929514433136f,-0.9829693343279076f,0.08133799015776905f,0f,0f,0f,1f],start_interpolation:0}
execute if entity @s[tag=aj.lexiel.bone.right_arm] run data modify entity @s {} merge value {transformation:[-0.9526427689813016f,0.2601418712418799f,-0.1574736852125194f,-0.3274063431366359f,0.23291322286369248f,0.9571395298191168f,0.17214921165340183f,1.3894876578900952f,0.19550750707552483f,0.12731899812837444f,-0.9724025336210826f,0.11501556747677591f,0f,0f,0f,1f],start_interpolation:0}
execute if entity @s[tag=aj.lexiel.bone.left_hand] run data modify entity @s {} merge value {transformation:[-0.9100538306522068f,-0.3526296290152141f,0.21784023975344147f,0.41764506827107306f,-0.39708057828498744f,0.8924319673197512f,-0.2142246439013456f,1.1415587258718505f,-0.11886563701972219f,-0.2814560861775614f,-0.9521835074656066f,0.00570558273734717f,0f,0f,0f,1f],start_interpolation:0}
execute if entity @s[tag=aj.lexiel.bone.left_arm] run data modify entity @s {} merge value {transformation:[-0.9119737003842487f,-0.3702502117772081f,0.17668828621726157f,0.30194187709069553f,-0.39988343028558254f,0.8984641479396867f,-0.1812606329296255f,1.4223287721030027f,-0.0916363027980508f,-0.235959648130661f,-0.9674325984085707f,-0.06803180730348439f,0f,0f,0f,1f],start_interpolation:0}
execute if entity @s[tag=aj.lexiel.bone.skirt_right] run data modify entity @s {} merge value {transformation:[-0.9873753671739954f,0.05777094574735531f,-0.14748695578075283f,-0.19905432593274136f,0.09908491100091948f,0.9517154111922934f,-0.2905511254685202f,0.6852608573402157f,0.12358019546010382f,-0.3014967560796302f,-0.9454245825889565f,0.11169484968937346f,0f,0f,0f,1f],start_interpolation:0}
execute if entity @s[tag=aj.lexiel.bone.skirt_left] run data modify entity @s {} merge value {transformation:[-0.9548022081900434f,-0.23805454698051853f,-0.17799656147610582f,0.2281532895587977f,-0.17518010107102924f,0.9344442590415301f,-0.31004170515121016f,0.7330589193658157f,0.2401347026653186f,-0.26484704907970186f,-0.9339118615638271f,0.03036067155600717f,0f,0f,0f,1f],start_interpolation:0}
execute if entity @s[tag=aj.lexiel.bone.skirt_back_middle] run data modify entity @s {} merge value {transformation:[-0.9764745496949465f,-0.12930493299944906f,-0.17256212823229575f,-0.03676282447671148f,-0.10925271320137117f,0.9866137510228145f,-0.12106672107078337f,0.6868550002990989f,0.18590669287626582f,-0.09936569123545569f,-0.9775301330133562f,-0.21159805506322715f,0f,0f,0f,1f],start_interpolation:0}
execute if entity @s[tag=aj.lexiel.bone.skirt_front_middle] run data modify entity @s {} merge value {transformation:[-0.9764745496949465f,-0.17367446882912535f,-0.12780701340291328f,0.018544783941070828f,-0.10925271320137117f,0.9094735560748081f,-0.4011504648617298f,0.7958116723497939f,0.18590669287626582f,-0.37774995655534377f,-0.9070521880609989f,0.14293616340763154f,0f,0f,0f,1f],start_interpolation:0}
execute if entity @s[tag=aj.lexiel.bone.skirt] run data modify entity @s {} merge value {transformation:[-0.9764745496949465f,-0.15730559962244686f,-0.14748695578075283f,0.011600001820107292f,-0.10925271320137117f,0.9506018557456719f,-0.2905511254685202f,0.7269836731482471f,0.18590669287626582f,-0.2676024293243753f,-0.9454245825889565f,0.06601021507285827f,0f,0f,0f,1f],start_interpolation:0}
execute if entity @s[tag=aj.lexiel.bone.rightupper] run data modify entity @s {} merge value {transformation:[-0.9789789472657189f,-0.08871390745046964f,-0.18365746223710686f,-0.13659794494593996f,-0.006723515248668477f,0.9139997485042881f,-0.4056590367251778f,0.6676979477152541f,0.2038504725361355f,-0.39589683297415723f,-0.895382980901372f,0.0140079680588681f,0f,0f,0f,1f],start_interpolation:0}
execute if entity @s[tag=aj.lexiel.bone.rightfoot] run data modify entity @s {} merge value {transformation:[-0.9812355337102991f,0.00524233376426652f,-0.19274165434842647f,-0.0647630658693845f,0.03452202972512085f,0.9882539645327075f,-0.14887018186676657f,0.41427688380908934f,0.1896972768595325f,-0.15273054547827136f,-0.9698908823316095f,0.20745392056988893f,0f,0f,0f,1f],start_interpolation:0}
execute if entity @s[tag=aj.lexiel.bone.leftupper] run data modify entity @s {} merge value {transformation:[-0.9792837850847704f,-0.10614693366260093f,-0.1724415748712373f,0.13217180486284227f,-0.053585699301274776f,0.9570807637745073f,-0.2848244800630714f,0.6664877533747589f,0.1952737593749823f,-0.2696835925428779f,-0.9429416306499192f,-0.026980801451987106f,0f,0f,0f,1f],start_interpolation:0}
execute if entity @s[tag=aj.lexiel.bone.leftfoot] run data modify entity @s {} merge value {transformation:[-0.9743611403311794f,-0.1366455484999441f,-0.17874104813297134f,0.189786026803704f,-0.09620745309447061f,0.9711918291307428f,-0.21801503846927034f,0.4204554773445003f,0.2033826299898764f,-0.19522916048795483f,-0.959437898310031f,0.16405097611731007f,0f,0f,0f,1f],start_interpolation:0}
execute if entity @s[tag=aj.lexiel.bone.lower] run data modify entity @s {} merge value {transformation:[-0.9886531754909702f,-0.028504323639530066f,-0.14748695578075283f,0f,0.01576039945315121f,0.9567296657353389f,-0.2905511254685202f,0.625f,0.14938710921862675f,-0.28957874617416174f,-0.9454245825889565f,0f,0f,0f,0f,1f],start_interpolation:0}