execute if entity @s[tag=aj.lexiel.bone.backhair] run data modify entity @s {} merge value {transformation:[-0.3164646957175894f,0.34545927246797004f,-0.8834636310738967f,0.15937036613262484f,-0.05761913408856925f,0.9226100242988483f,0.38140631674129627f,1.4609498307852953f,0.9468527508283731f,0.17160604339352192f,-0.2720684364632612f,0.07125795203982507f,0f,0f,0f,1f],start_interpolation:0}
execute if entity @s[tag=aj.lexiel.bone.head] run data modify entity @s {} merge value {transformation:[-0.3164646957175894f,0.34545927246797004f,-0.8834636310738967f,0.39943819426894067f,-0.05761913408856925f,0.9226100242988483f,0.38140631674129627f,1.374054559530558f,0.9468527508283731f,0.17160604339352192f,-0.2720684364632612f,0.1462074749034026f,0f,0f,0f,1f],start_interpolation:0}
execute if entity @s[tag=aj.lexiel.bone.ring] run data modify entity @s {} merge value {transformation:[0.24357061150737647f,0.47622014998185597f,-0.844918768853658f,0.11184269439530337f,-0.15505620427175076f,0.8790701137952185f,0.4507696845939159f,0.9022352766685563f,0.9574084450884898f,0.021215649490881644f,0.28795653402887095f,0.0409380929729527f,0f,0f,0f,1f],start_interpolation:0}
execute if entity @s[tag=aj.lexiel.bone.bust] run data modify entity @s {} merge value {transformation:[0.15717546540576735f,0.020322853625889647f,-0.987361562293662f,0.40424538358264567f,-0.3053494754214656f,0.9517981488815792f,-0.029016919985327017f,1.2499128501160923f,0.9391792006503956f,0.3060510830010241f,0.15580488971654277f,0.10504155253360103f,0f,0f,0f,1f],start_interpolation:0}
execute if entity @s[tag=aj.lexiel.bone.left_wing] run data modify entity @s {} merge value {transformation:[0.6390496376151369f,0.511280888664244f,-0.574636766619282f,0.09842360950817863f,-0.5166612236289987f,0.8387898361991144f,0.17173465196997512f,1.1802354483390352f,0.5698041248202298f,0.18714556787635533f,0.8001873504136943f,0.00047335261821490615f,0f,0f,0f,1f],start_interpolation:0}
execute if entity @s[tag=aj.lexiel.bone.right_wing] run data modify entity @s {} merge value {transformation:[-0.10015467382921417f,0.511280888664244f,-0.8535577860911729f,0.13771747585962046f,-0.15812183936788168f,0.8387898361991144f,0.5209885743507053f,1.1038980794836688f,0.9823270968598399f,0.18714556787635533f,-0.0031640479065467852f,0.2352681527808137f,0f,0f,0f,1f],start_interpolation:0}
execute if entity @s[tag=aj.lexiel.bone.body] run data modify entity @s {} merge value {transformation:[0.15717546540576735f,0.511280888664244f,-0.844918768853658f,0.08823120739182333f,-0.3053494754214656f,0.8387898361991144f,0.4507696845939159f,0.22664497731421762f,0.9391792006503956f,0.18714556787635533f,0.28795653402887095f,-0.707140651277811f,0f,0f,0f,1f],start_interpolation:0}
execute if entity @s[tag=aj.lexiel.bone.sword] run data modify entity @s {} merge value {transformation:[0.4829589382627618f,-0.4107816356711814f,-0.9669142538236852f,0.9847570323486621f,0.16449350203626767f,1.0806373527499575f,-0.3769334982850533f,0.7996463894543858f,1.0375965565863978f,0.019885224084043772f,0.5098156785772454f,0.298711977988908f,0f,0f,0f,1f],start_interpolation:0}
execute if entity @s[tag=aj.lexiel.bone.rod] run data modify entity @s {} merge value {transformation:[0.0000054182187128883844f,-0.000007751423661856993f,-0.000003249359505150157f,0.9474943304392145f,0.000008290604334380736f,0.000005564452572473564f,5.502248080918455e-7f,0.8401049603621853f,0.0000013815881260540364f,-0.000002992039234885779f,0.000009441340766376915f,0.20206339507594262f,0f,0f,0f,1f],start_interpolation:0}
execute if entity @s[tag=aj.lexiel.bone.right_hand] run data modify entity @s {} merge value {transformation:[0.5418218712888384f,-0.7778728375753579f,0.3183440094544299f,0.6501355202922697f,0.8290604334380736f,0.43237298405657965f,-0.3545594454608176f,1.011627785381701f,0.13815881260540364f,0.4560344846834169f,0.8791727311962054f,0.4520490358868618f,0f,0f,0f,1f],start_interpolation:0}
execute if entity @s[tag=aj.lexiel.bone.right_arm] run data modify entity @s {} merge value {transformation:[0.678701173908266f,-0.7305701270773323f,-0.07504669185082208f,0.4006229438959701f,0.7343713928923473f,0.6762163902843772f,0.05856663565649442f,1.199996301317683f,0.007960768612089816f,-0.09486138799837152f,0.9954586597293367f,0.4221560781182429f,0f,0f,0f,1f],start_interpolation:0}
execute if entity @s[tag=aj.lexiel.bone.left_hand] run data modify entity @s {} merge value {transformation:[-0.6466889371458225f,0.39953334961584863f,-0.6497434271448588f,0.11663898171622042f,-0.48876605169470105f,0.4369091671464328f,0.7551278874297939f,1.376967378813855f,0.5855776338658943f,0.8059053804313198f,-0.08726598711909617f,-0.4479632233865499f,0f,0f,0f,1f],start_interpolation:0}
execute if entity @s[tag=aj.lexiel.bone.left_arm] run data modify entity @s {} merge value {transformation:[-0.577902256696013f,0.5786802016230875f,-0.5754634705653505f,0.29747654472343527f,-0.664953595102722f,0.07492645039732784f,0.7431169109842826f,1.40038189456302f,0.4731444790606997f,0.8121054434495063f,0.3414953157132024f,-0.1941802723085792f,0f,0f,0f,1f],start_interpolation:0}
execute if entity @s[tag=aj.lexiel.bone.skirt_right] run data modify entity @s {} merge value {transformation:[-0.5500359194882994f,0.002487625381870112f,-0.8351372934988714f,-0.03942593715573588f,0.09402848092729313f,0.9938215945632674f,-0.05896849119852177f,0.6832002295407149f,0.8298307851888639f,-0.11096147935064643f,-0.5468714822087083f,0.22536207269158592f,0f,0f,0f,1f],start_interpolation:0}
execute if entity @s[tag=aj.lexiel.bone.skirt_left] run data modify entity @s {} merge value {transformation:[-0.39236457604931246f,-0.5739879312224688f,-0.7187404916049975f,0.19953827140818342f,-0.30658497220980274f,0.8183283816456609f,-0.4861525630995975f,0.6955959299155996f,0.867211447270363f,0.029605989328917892f,-0.4970591424761225f,-0.14090108903456378f,0f,0f,0f,1f],start_interpolation:0}
execute if entity @s[tag=aj.lexiel.bone.skirt_back_middle] run data modify entity @s {} merge value {transformation:[-0.5462039052889585f,0.0811441077751035f,-0.8337127368707237f,-0.15888003110827942f,-0.02833302942830769f,0.9929377541347943f,0.11520354099230307f,0.7351792967963584f,0.8371729410883422f,0.08654623150162574f,-0.5400474206237467f,-0.11211129070945372f,0f,0f,0f,1f],start_interpolation:0}
execute if entity @s[tag=aj.lexiel.bone.skirt_front_middle] run data modify entity @s {} merge value {transformation:[-0.5462039052889585f,-0.3401354935229437f,-0.7654862114323118f,0.15429645395379735f,-0.02833302942830769f,0.9208262638225003f,-0.38894245242466097f,0.757292480995804f,0.8371729410883422f,-0.19075334309153932f,-0.5125959703400881f,0.09296551511881188f,0f,0f,0f,1f],start_interpolation:0}
execute if entity @s[tag=aj.lexiel.bone.skirt] run data modify entity @s {} merge value {transformation:[-0.5462039052889585f,-0.06486135100713007f,-0.8351372934988714f,0.07884001679484008f,-0.02833302942830769f,0.997857683484566f,-0.05896849119852177f,0.7081079112934929f,0.8371729410883422f,-0.008546850668249395f,-0.5468714822087083f,0.042070238378481395f,0f,0f,0f,1f],start_interpolation:0}
execute if entity @s[tag=aj.lexiel.bone.rightupper] run data modify entity @s {} merge value {transformation:[-0.510533513963938f,-0.11840958576152309f,-0.8516658388824914f,-0.07091683932805015f,0.06744916533058545f,0.9819059840953817f,-0.176949847397186f,0.6798072188016924f,0.8572083417791968f,-0.14778297736026488f,-0.49330928471567886f,0.11245160426084749f,0f,0f,0f,1f],start_interpolation:0}
execute if entity @s[tag=aj.lexiel.bone.rightfoot] run data modify entity @s {} merge value {transformation:[-0.5120938228765676f,0.06594853219680821f,-0.8563940142672348f,0.052431976872660095f,0.11074447898542315f,0.9937954536139554f,0.010308091505212058f,0.3837392699184021f,0.8517602813855019f,-0.08956219893079444f,-0.5162199488365119f,0.175162538013238f,0f,0f,0f,1f],start_interpolation:0}
execute if entity @s[tag=aj.lexiel.bone.leftupper] run data modify entity @s {} merge value {transformation:[-0.5063449285432421f,-0.557745088000957f,-0.6576741063394117f,0.07936728471104756f,-0.0597225011865339f,0.7835203455348465f,-0.6184893620629053f,0.6340074942519126f,0.860260446719808f,-0.27389100924228904f,-0.4300414850519387f,-0.11236357951689985f,0f,0f,0f,1f],start_interpolation:0}
execute if entity @s[tag=aj.lexiel.bone.leftfoot] run data modify entity @s {} merge value {transformation:[-0.4839963045639302f,-0.1289789373480592f,-0.8655125711906355f,0.3247652083218211f,-0.0960043063613484f,0.9909340427847572f,-0.09398348796641731f,0.478920056710583f,0.8697877616571387f,0.03760527317840939f,-0.4919909481897422f,0.014412464214361986f,0f,0f,0f,1f],start_interpolation:0}
execute if entity @s[tag=aj.lexiel.bone.lower] run data modify entity @s {} merge value {transformation:[-0.5499971603302543f,0.006987462775307306f,-0.8351372934988714f,0f,0.10215592736891324f,0.9930190751184829f,-0.05896849119852177f,0.625f,0.8288952226500366f,-0.11774672740588805f,-0.5468714822087083f,0f,0f,0f,0f,1f],start_interpolation:0}
execute if entity @s[tag=aj.lexiel.bone.sucidesword] run data modify entity @s {} merge value {transformation:[-2.567390744445675e-21f,-0.000011518501196685798f,-0.000001007738275519879f,0.0468749999999998f,-0.0000115625f,2.567390744445675e-21f,8.023096076392734e-23f,1.10880375f,8.023096076392702e-23f,0.000001007738275519879f,-0.000011518501196685802f,1.6419825000000001f,0f,0f,0f,1f],start_interpolation:0}