execute if entity @s[tag=aj.lexiel.bone.backhair] run data modify entity @s {} merge value {transformation:[-0.7397340499137828f,0.07729616874319617f,0.6684450895142972f,0.06946870898100517f,0.18510074338847476f,0.9784318366438114f,0.09169981373400746f,1.496530195141037f,-0.646939912352907f,0.19156315757326875f,-0.7380869233805537f,-0.10953404716951246f,0f,0f,0f,1f],start_interpolation:0}
execute if entity @s[tag=aj.lexiel.bone.head] run data modify entity @s {} merge value {transformation:[-0.7397340499137828f,0.07729616874319617f,0.6684450895142972f,-0.10687926528461757f,0.18510074338847476f,0.9784318366438114f,0.09169981373400746f,1.487460429565501f,-0.646939912352907f,0.19156315757326875f,-0.7380869233805537f,0.08951346619052944f,0f,0f,0f,1f],start_interpolation:0}
execute if entity @s[tag=aj.lexiel.bone.ring] run data modify entity @s {} merge value {transformation:[-0.07336505235201224f,-0.12597966612211128f,0.989316275423157f,-0.029926194279692897f,0.2778159334694124f,0.9501419098377482f,0.14159328472916827f,0.9339889202783404f,-0.9578287300994396f,0.2852358233000154f,-0.034708052415208024f,0.02506377053334824f,0f,0f,0f,1f],start_interpolation:0}
execute if entity @s[tag=aj.lexiel.bone.bust] run data modify entity @s {} merge value {transformation:[-0.050374332911215236f,0.3761811343524808f,0.9251757566760118f,-0.1630232754408105f,0.10860487402269935f,0.9229217753665329f,-0.3693512933411777f,1.3696639520864218f,-0.99280784038114f,0.08187277149069737f,-0.08734667346939082f,0.07947622219119838f,0f,0f,0f,1f],start_interpolation:0}
execute if entity @s[tag=aj.lexiel.bone.left_wing] run data modify entity @s {} merge value {transformation:[-0.6422222348482414f,-0.13680545956431048f,0.7542114208230528f,0.0701089374824107f,-0.00003449077194982164f,0.9839493498438414f,0.1784479637100641f,1.1533513918949891f,-0.7665184928473132f,0.11457723672387768f,-0.6319188689600932f,0.16989001456243796f,0f,0f,0f,1f],start_interpolation:0}
execute if entity @s[tag=aj.lexiel.bone.right_wing] run data modify entity @s {} merge value {transformation:[0.2494502863836498f,-0.13680545956431048f,0.9586755555747277f,0.05751535425460691f,0.14615623117824486f,0.9839493498438414f,0.10238180028527119f,1.180502610400664f,-0.9572945788579845f,0.11457723672387768f,0.26544141748007954f,-0.07831194553284693f,0f,0f,0f,1f],start_interpolation:0}
execute if entity @s[tag=aj.lexiel.bone.body] run data modify entity @s {} merge value {transformation:[-0.050374332911215236f,-0.13680545956431048f,0.989316275423157f,-0.40106824147381565f,0.10860487402269935f,0.9839493498438414f,0.14159328472916827f,0.1016762457021455f,-0.99280784038114f,0.11457723672387768f,-0.034708052415208024f,0.4564693280362352f,0f,0f,0f,1f],start_interpolation:0}
execute if entity @s[tag=aj.lexiel.locator_origin.locator_right_hand] at @s on origin run tp @s ^-0.11553 ^1.10296 ^-0.98195 ~72.86535 ~40.95583
execute if entity @s[tag=aj.lexiel.bone.sword] run data modify entity @s {} merge value {transformation:[0.000004175214263119948f,-0.000007883476987262673f,0.000007355935202157474f,-0.08945122205363054f,0.000010642185096198992f,0.000004280759042551074f,-0.0000014527231834927494f,1.2097701962660694f,-0.0000017328844408326303f,0.000007295018770429379f,0.000008801773622617379f,-0.9338314913614387f,0f,0f,0f,1f],start_interpolation:0}
execute if entity @s[tag=aj.lexiel.bone.rod] run data modify entity @s {} merge value {transformation:[-0.0000069168158583049295f,-0.000004911711625393975f,0.000005294596046089928f,-0.16962265666388499f,0.000006954451609491193f,-0.0000025527848186829675f,0.000006717059809228078f,1.1376034834598174f,-0.0000019476296345934947f,0.000008328167780398723f,0.000005181540333528414f,-0.906798046535505f,0f,0f,0f,1f],start_interpolation:0}
execute if entity @s[tag=aj.lexiel.bone.right_hand] run data modify entity @s {} merge value {transformation:[-0.6916815858304929f,0.027074017028479162f,0.7216949365382549f,-0.12266634604857304f,0.6954451609491192f,0.29445870845399935f,0.6554769996941587f,1.3141358101742666f,-0.19476296345934946f,0.95528062192088f,-0.22250016055497082f,-0.5234359552666055f,0f,0f,0f,1f],start_interpolation:0}
execute if entity @s[tag=aj.lexiel.bone.right_arm] run data modify entity @s {} merge value {transformation:[-0.7923458704599989f,-0.03804862364326443f,0.6088844913477757f,-0.1097957324852182f,0.5395793416926611f,0.422016785290763f,0.7285300041531333f,1.4291542011497345f,-0.2846790395928381f,0.9057892333052445f,-0.3138530057921955f,-0.23148059987144032f,0f,0f,0f,1f],start_interpolation:0}
execute if entity @s[tag=aj.lexiel.locator_origin.locator_left_hand] at @s on origin run tp @s ^-0.63593 ^0.88988 ^0.42683 ~164.63339 ~-28.00153
execute if entity @s[tag=aj.lexiel.bone.left_hand] run data modify entity @s {} merge value {transformation:[0.5696216975857858f,0.7879009521968484f,0.23397267183751796f,-0.28391171094629475f,-0.6434473341565112f,0.6046072003607234f,-0.469495113327974f,1.1397281283266067f,-0.511377208923478f,0.11688551150278431f,0.8513701471125036f,0.5045711763146472f,0f,0f,0f,1f],start_interpolation:0}
execute if entity @s[tag=aj.lexiel.bone.left_arm] run data modify entity @s {} merge value {transformation:[0.39899302583761626f,0.662957230188997f,0.6334763423152252f,-0.0767375765122332f,-0.6351471835458726f,0.6980931975863404f,-0.33053584180452256f,1.3578822525723382f,-0.6613566515630493f,-0.2704692189950862f,0.6996097347875451f,0.4200495453786828f,0f,0f,0f,1f],start_interpolation:0}
execute if entity @s[tag=aj.lexiel.bone.skirt_right] run data modify entity @s {} merge value {transformation:[0.1758004371516037f,-0.17562872187706446f,0.9686324165281346f,-0.06278089878405001f,0.10385736171922585f,0.9817744432476089f,0.15916215317269844f,0.6910902035839669f,-0.978931996981418f,0.07261883115057942f,0.19083671200347352f,-0.22772057299044518f,0f,0f,0f,1f],start_interpolation:0}
execute if entity @s[tag=aj.lexiel.bone.skirt_left] run data modify entity @s {} merge value {transformation:[0.1758004371516037f,0.25018806987433584f,0.9521030070270019f,-0.13969359003787662f,0.10385736171922585f,0.9570546555376322f,-0.27066590980481076f,0.6456526078318056f,-0.978931996981418f,0.14646609166048824f,0.14226675395071936f,0.2005621756889252f,0f,0f,0f,1f],start_interpolation:0}
execute if entity @s[tag=aj.lexiel.bone.skirt_back_middle] run data modify entity @s {} merge value {transformation:[0.1758004371516037f,-0.34116178091538346f,0.923419106115933f,0.160213827620258f,0.10385736171922585f,0.9392208655675053f,0.3272274653805024f,0.7744966639906832f,-0.978931996981418f,0.03837714066042307f,0.20054760123397924f,0.044632303547128147f,0f,0f,0f,1f],start_interpolation:0}
execute if entity @s[tag=aj.lexiel.bone.skirt_front_middle] run data modify entity @s {} merge value {transformation:[0.1758004371516037f,0.16625478398490323f,0.9702852946940081f,-0.20302332857779246f,0.10385736171922585f,0.9770028620361201f,-0.18622313494824458f,0.7148108565509212f,-0.978931996981418f,0.1335093793535247f,0.15449074700644597f,-0.026931463454174423f,0f,0f,0f,1f],start_interpolation:0}
execute if entity @s[tag=aj.lexiel.bone.skirt] run data modify entity @s {} merge value {transformation:[0.1758004371516037f,-0.17562872187706446f,0.9686324165281346f,-0.10453028294615828f,0.10385736171922585f,0.9817744432476089f,0.15916215317269844f,0.6867796765187789f,-0.978931996981418f,0.07261883115057942f,0.19083671200347352f,-0.012217595566686626f,0f,0f,0f,1f],start_interpolation:0}
execute if entity @s[tag=aj.lexiel.bone.rightupper] run data modify entity @s {} merge value {transformation:[0.13713733666160177f,-0.04862583804082381f,0.9893578112938665f,0.011751226049361817f,0.05945069189314201f,0.997397901977029f,0.04078039192121315f,0.678383567096264f,-0.98876638602189f,0.0532254920752135f,0.13967133158440986f,-0.1330052887670804f,0f,0f,0f,1f],start_interpolation:0}
execute if entity @s[tag=aj.lexiel.bone.rightfoot] run data modify entity @s {} merge value {transformation:[0.1312854200594843f,-0.3896952618663029f,0.9115381184343078f,-0.05966361881953163f,0.10263400463582667f,0.9198986204761092f,0.3784875019582083f,0.35947381560106534f,-0.9860174438478347f,0.043864916791271226f,0.16076526211429187f,-0.1325667629024314f,0f,0f,0f,1f],start_interpolation:0}
execute if entity @s[tag=aj.lexiel.bone.leftupper] run data modify entity @s {} merge value {transformation:[0.2037487066515892f,0.37719577399542076f,0.9034433090226525f,-0.03361061021153313f,0.05925767948864987f,0.9163573914921576f,-0.395951586029541f,0.6324709268891987f,-0.9772282189741683f,0.134210577592394f,0.16435488706725718f,0.1346974687885047f,0f,0f,0f,1f],start_interpolation:0}
execute if entity @s[tag=aj.lexiel.bone.leftfoot] run data modify entity @s {} merge value {transformation:[0.19043851511565618f,-0.28470455637732417f,0.9395086415454276f,-0.25378277123084014f,0.017894872290575473f,0.9578707367706454f,0.28664163198001236f,0.4110398330830731f,-0.9815360133516488f,-0.03777521960825449f,0.18751023246025839f,0.0814365434967585f,0f,0f,0f,1f],start_interpolation:0}
execute if entity @s[tag=aj.lexiel.bone.lower] run data modify entity @s {} merge value {transformation:[0.1758004371516037f,-0.17562872187706446f,0.9686324165281346f,0f,0.10385736171922585f,0.9817744432476089f,0.15916215317269844f,0.625f,-0.978931996981418f,0.07261883115057942f,0.19083671200347352f,0f,0f,0f,0f,1f],start_interpolation:0}
execute if entity @s[tag=aj.lexiel.bone.sucidesword] run data modify entity @s {} merge value {transformation:[-2.5673907444456745e-16f,-1.1184673241440601f,0.2931636186876291f,0.04687499999999958f,-1.1562499999999998f,2.5673907444456745e-16f,-3.209238430557093e-17f,1.1088035236143428f,-3.1441468573459355e-32f,-0.293163618687629f,-1.1184673241440604f,3.4544828037004884f,0f,0f,0f,1f],start_interpolation:0}