execute if entity @s[tag=aj.lexiel.bone.backhair] run data modify entity @s {} merge value {transformation:[-0.866841606642633f,0.13143638574261068f,0.4809470922005227f,0.03914398346100363f,0.23835492736906885f,0.9565012105689034f,0.16820333759800463f,1.4969405445760933f,-0.4379184371456682f,0.26044176063592805f,-0.8604635563025046f,-0.026057267962481423f,0f,0f,0f,1f],start_interpolation:0}
execute if entity @s[tag=aj.lexiel.bone.head] run data modify entity @s {} merge value {transformation:[-0.866841606642633f,0.13143638574261068f,0.4809470922005227f,-0.08655389437753193f,0.23835492736906885f,0.9565012105689034f,0.16820333759800463f,1.4672068644417624f,-0.4379184371456682f,0.26044176063592805f,-0.8604635563025046f,0.20657276669030772f,0f,0f,0f,1f],start_interpolation:0}
execute if entity @s[tag=aj.lexiel.bone.ring] run data modify entity @s {} merge value {transformation:[-0.3942149140585999f,-0.04298735792681624f,0.9180123575378722f,-0.024235090425708927f,0.3680826093819747f,0.9079009678798737f,0.20057673143549054f,0.9283179220436935f,-0.8420865716803275f,0.4169747229524352f,-0.34208520315034474f,0.05784037467328618f,0f,0f,0f,1f],start_interpolation:0}
execute if entity @s[tag=aj.lexiel.bone.bust] run data modify entity @s {} merge value {transformation:[-0.3807612273512428f,0.36306010346984136f,0.8504165150174607f,-0.14041848736271206f,0.20483525889395043f,0.9299621682693129f,-0.30530784841154424f,1.3480064508479899f,-0.9017002852721205f,0.05794589594014593f,-0.42846104686875597f,0.2022399533300957f,0f,0f,0f,1f],start_interpolation:0}
execute if entity @s[tag=aj.lexiel.bone.left_wing] run data modify entity @s {} merge value {transformation:[-0.8609287061949187f,-0.11078898480324087f,0.49651542140784566f,0.11387651725972153f,0.040403359198367905f,0.9580247864854559f,0.2838240247846969f,1.1373535281550793f,-0.5071186561496541f,0.2644131413635939f,-0.820314792783359f,0.18563263461179424f,0f,0f,0f,1f],start_interpolation:0}
execute if entity @s[tag=aj.lexiel.bone.right_wing] run data modify entity @s {} merge value {transformation:[-0.08708679678435122f,-0.11078898480324087f,0.9900210556710943f,0.01868621042191082f,0.2556694449063251f,0.9580247864854559f,0.12969827840333195f,1.188562342878567f,-0.9628338510704393f,0.2644131413635939f,-0.05510595164865045f,-0.03979243670623589f,0f,0f,0f,1f],start_interpolation:0}
execute if entity @s[tag=aj.lexiel.bone.body] run data modify entity @s {} merge value {transformation:[-0.3807612273512428f,-0.11078898480324087f,0.9180123575378722f,-0.21323107269169428f,0.20483525889395043f,0.9580247864854559f,0.20057673143549054f,0.03703161159255164f,-0.9017002852721205f,0.2644131413635939f,-0.34208520315034474f,0.48968617352943566f,0f,0f,0f,1f],start_interpolation:0}
execute if entity @s[tag=aj.lexiel.bone.sword] run data modify entity @s {} merge value {transformation:[0.0000032944168822721633f,-0.000009814200488888196f,0.00000514972741217502f,0.028517753046650135f,0.000010470648782149572f,9.945927774880906e-7f,-0.000004802885126446206f,1.516692934228511f,0.000003633694777587934f,0.000006031886953588834f,0.000009170823752120363f,-0.7965042994216291f,0f,0f,0f,1f],start_interpolation:0}
execute if entity @s[tag=aj.lexiel.bone.rod] run data modify entity @s {} merge value {transformation:[-0.000007301654742498914f,-0.0000062926549399813224f,0.0000026623921250769523f,-0.042499086937839256f,0.0000067294376828047546f,-0.000005948025160045934f,0.000004397233808737935f,1.4351004574998392f,-0.0000011834299702941803f,0.000005002348498634338f,0.000008577645539635006f,-0.822303072333955f,0f,0f,0f,1f],start_interpolation:0}
execute if entity @s[tag=aj.lexiel.bone.right_hand] run data modify entity @s {} merge value {transformation:[-0.7301654742498913f,-0.25669834539082437f,0.6332174505547395f,-0.12086776494501186f,0.6729437682804754f,-0.10965750807153352f,0.7315202769958022f,1.446655906406037f,-0.11834299702941803f,0.960250587293314f,0.252811678244777f,-0.40509823965357095f,0f,0f,0f,1f],start_interpolation:0}
execute if entity @s[tag=aj.lexiel.bone.right_arm] run data modify entity @s {} merge value {transformation:[-0.7921194365589521f,-0.31693208975023f,0.5216328677451989f,-0.19515531059949148f,0.5392072737360185f,0.03711161603623683f,0.8413550046831297f,1.4414030591131104f,-0.2860110385556801f,0.9477218887636452f,0.14149525568926455f,-0.09999730446006685f,0f,0f,0f,1f],start_interpolation:0}
execute if entity @s[tag=aj.lexiel.bone.left_hand] run data modify entity @s {} merge value {transformation:[0.32911289311045966f,0.94081941778225f,0.08089206829060286f,-0.21033568033517194f,-0.6388254518866437f,0.2849167405250745f,-0.7146499093894808f,1.1490608215356866f,-0.695404016101639f,0.18352458716051007f,0.6947891624782843f,0.5413791283149668f,0f,0f,0f,1f],start_interpolation:0}
execute if entity @s[tag=aj.lexiel.bone.left_arm] run data modify entity @s {} merge value {transformation:[0.16847092636515704f,0.8481757605917875f,0.5022105396287586f,0.05471924484976162f,-0.541621298696329f,0.50534111657046f,-0.6717713336410115f,1.3069799204639554f,-0.8235677967041741f,-0.15883398580865443f,0.5445253430134988f,0.4917435077497623f,0f,0f,0f,1f],start_interpolation:0}
execute if entity @s[tag=aj.lexiel.bone.skirt_right] run data modify entity @s {} merge value {transformation:[-0.18660254191207526f,-0.13327754672538897f,0.9733532693173708f,-0.13998452937858993f,0.10674192394239035f,0.9821397265914452f,0.1549442452108442f,0.6921383191402483f,-0.9766195026851703f,0.1328105906535432f,-0.16904346773900447f,-0.1899020622917952f,0f,0f,0f,1f],start_interpolation:0}
execute if entity @s[tag=aj.lexiel.bone.skirt_left] run data modify entity @s {} merge value {transformation:[-0.18660254191207526f,0.29056638830417314f,0.9384831726460634f,-0.058345917292057015f,0.10674192394239035f,0.9556031497456048f,-0.2746430080474581f,0.6454387274154525f,-0.9766195026851703f,0.04892641601576504f,-0.2093335921222945f,0.2373689701329668f,0f,0f,0f,1f],start_interpolation:0}
execute if entity @s[tag=aj.lexiel.bone.skirt_back_middle] run data modify entity @s {} merge value {transformation:[-0.18660254191207526f,-0.30027378276072014f,0.9354224429307435f,0.16626053698985027f,0.10674192394239035f,0.9403130314677044f,0.3231370677051657f,0.7737503251553657f,-0.9766195026851703f,0.16014698947711667f,-0.14341300058358425f,-0.015509359465162766f,0f,0f,0f,1f],start_interpolation:0}
execute if entity @s[tag=aj.lexiel.bone.skirt_front_middle] run data modify entity @s {} merge value {transformation:[-0.18660254191207526f,0.20766649750413815f,0.9602364902284833f,-0.1987469390041638f,0.10674192394239035f,0.9759035066131712f,-0.1903116061967665f,0.715646233201299f,-0.9766195026851703f,0.06698486093499012f,-0.20427279647689484f,0.04788194093696391f,0f,0f,0f,1f],start_interpolation:0}
execute if entity @s[tag=aj.lexiel.bone.skirt] run data modify entity @s {} merge value {transformation:[-0.18660254191207526f,-0.13327754672538897f,0.9733532693173708f,-0.10166417733642452f,0.10674192394239035f,0.9821397265914452f,0.1549442452108442f,0.68720364315144f,-0.9766195026851703f,0.1328105906535432f,-0.16904346773900447f,0.02622365249533973f,0f,0f,0f,1f],start_interpolation:0}
execute if entity @s[tag=aj.lexiel.bone.rightupper] run data modify entity @s {} merge value {transformation:[-0.2264280186925131f,-0.021613932809551678f,0.9737880622905003f,-0.036495508170598406f,0.06251209834908424f,0.9973702119320698f,0.036672849774358064f,0.6788191720299752f,-0.9720198505745536f,0.06917729583528401f,-0.2244814286972093f,-0.1282570777578247f,0f,0f,0f,1f],start_interpolation:0}
execute if entity @s[tag=aj.lexiel.bone.rightfoot] run data modify entity @s {} merge value {transformation:[-0.23070153513369007f,-0.34369806354777516f,0.9103012923205527f,-0.10449499875065199f,0.10570625867433331f,0.9211480623406496f,0.3745830136607129f,0.3601721649894824f,-0.9672657280003432f,0.18264142016414675f,-0.1761792356561633f,-0.10288275695310722f,0f,0f,0f,1f],start_interpolation:0}
execute if entity @s[tag=aj.lexiel.bone.leftupper] run data modify entity @s {} merge value {transformation:[-0.16011301584321605f,0.4045308724281039f,0.9003991311691429f,0.016984049979808322f,0.062034883881843375f,0.914487921976911f,-0.39982935577583273f,0.632108053903876f,-0.98514744852705f,-0.008161728426528351f,-0.17151644483761708f,0.13780389537813703f,0f,0f,0f,1f],start_interpolation:0}
execute if entity @s[tag=aj.lexiel.bone.leftfoot] run data modify entity @s {} merge value {transformation:[-0.17427655932681513f,-0.27480695908484953f,0.9455732737909555f,-0.20867605804730993f,0.02073662134246229f,0.9590313197570701f,0.2825401215054449f,0.4116737320535476f,-0.9844783763011287f,0.06884811517790468f,-0.16143811084110082f,0.1666216217040807f,0f,0f,0f,1f],start_interpolation:0}
execute if entity @s[tag=aj.lexiel.bone.lower] run data modify entity @s {} merge value {transformation:[-0.18660254191207526f,-0.13327754672538897f,0.9733532693173708f,0f,0.10674192394239035f,0.9821397265914452f,0.1549442452108442f,0.625f,-0.9766195026851703f,0.1328105906535432f,-0.16904346773900447f,0f,0f,0f,0f,1f],start_interpolation:0}
execute if entity @s[tag=aj.lexiel.bone.sucidesword] run data modify entity @s {} merge value {transformation:[-2.5673907444456745e-16f,-1.022679080068608f,0.5394826796941912f,0.046874999999999604f,-1.15625f,1.2836953722228372e-16f,-6.418476861114186e-17f,1.1088035236143428f,-3.1441468573459355e-32f,-0.5394826796941912f,-1.022679080068608f,3.2294828037004883f,0f,0f,0f,1f],start_interpolation:0}