execute if entity @s[tag=aj.lexiel.bone.backhair] run data modify entity @s {} merge value {transformation:[-0.691608355759439f,0.09251434561338352f,0.716323235766824f,0.09583016631414258f,0.19030362869486114f,0.9800597484475787f,0.05716133639477715f,1.4913219453268471f,-0.69675132662184f,0.17585216896187514f,-0.6954233268463967f,-0.11939033838296878f,0f,0f,0f,1f],start_interpolation:0}
execute if entity @s[tag=aj.lexiel.bone.head] run data modify entity @s {} merge value {transformation:[-0.691608355759439f,0.09251434561338352f,0.716323235766824f,-0.09299765653621093f,0.19030362869486114f,0.9800597484475787f,0.05716133639477715f,1.4914518989164778f,-0.69675132662184f,0.17585216896187514f,-0.6954233268463967f,0.06807917295063465f,0f,0f,0f,1f],start_interpolation:0}
execute if entity @s[tag=aj.lexiel.bone.ring] run data modify entity @s {} merge value {transformation:[-0.01638424698407905f,-0.11798435316916052f,0.9928802792169957f,-0.026039343830139117f,0.258691279965289f,0.9587019988225959f,0.11819178957727795f,0.9351065316966137f,-0.9658210901200517f,0.2587859537548626f,0.01481391300436713f,0.019062168426177695f,0f,0f,0f,1f],start_interpolation:0}
execute if entity @s[tag=aj.lexiel.bone.bust] run data modify entity @s {} merge value {transformation:[0.004352434463848309f,0.39335107330094116f,0.91937804490168f,-0.15134125468986298f,0.08828432312528091f,0.9156456215267447f,-0.3921721230138781f,1.3747785981923037f,-0.9960858068482599f,0.0828735718543551f,-0.030741445697171573f,0.05748333874035688f,0f,0f,0f,1f],start_interpolation:0}
execute if entity @s[tag=aj.lexiel.bone.left_wing] run data modify entity @s {} merge value {transformation:[-0.6009741991904232f,-0.11903700036635f,0.7903544802499769f,0.0714872929338653f,-0.0019099400733693928f,0.9890584306130914f,0.1475119417609459f,1.155201496699727f,-0.7992661409295065f,0.08714134137681234f,-0.5946259518274528f,0.16448680183393383f,0f,0f,0f,1f],start_interpolation:0}
execute if entity @s[tag=aj.lexiel.bone.right_wing] run data modify entity @s {} merge value {transformation:[0.3027158486991655f,-0.11903700036635f,0.9456179500676399f,0.07257540154982739f,0.11973921202959026f,0.9890584306130914f,0.08617390519003643f,1.1772725774810473f,-0.9455292888371448f,0.08714134137681234f,0.3136570588623394f,-0.08453464987813131f,0f,0f,0f,1f],start_interpolation:0}
execute if entity @s[tag=aj.lexiel.bone.body] run data modify entity @s {} merge value {transformation:[0.004352434463848309f,-0.11903700036635f,0.9928802792169957f,-0.43909785665724704f,0.08828432312528091f,0.9890584306130914f,0.11819178957727795f,0.12098272834217483f,-0.9960858068482599f,0.08714134137681234f,0.01481391300436713f,0.4470652762335402f,0f,0f,0f,1f],start_interpolation:0}
execute if entity @s[tag=aj.lexiel.bone.sword] run data modify entity @s {} merge value {transformation:[0.0000040043375295220205f,-0.000008178930572673539f,0.000007124730302758664f,-0.037940268524768325f,0.00001066725595627745f,0.000004346107839417243f,-0.0000010061825189393563f,1.185269516996039f,-0.00000196630047625602f,0.000006921549507555519f,0.000009050813283983558f,-0.9457312030061993f,0f,0f,0f,1f],start_interpolation:0}
execute if entity @s[tag=aj.lexiel.bone.rod] run data modify entity @s {} merge value {transformation:[-0.000006903618411473171f,-0.000005127929375011315f,0.00000510337076388388f,-0.1183776104356499f,0.0000068363038331561115f,-0.0000023154752272101037f,0.000006921237199587321f,1.1134381263587008f,-0.000002367488696814345f,0.000008266977367640024f,0.000005104124065242138f,-0.9185937963873608f,0f,0f,0f,1f],start_interpolation:0}
execute if entity @s[tag=aj.lexiel.bone.right_hand] run data modify entity @s {} merge value {transformation:[-0.690361841147317f,-0.001736556046473249f,0.7234621708567657f,-0.08337207113371195f,0.6836303833156111f,0.3256765523199059f,0.653134199285851f,1.3027303716537815f,-0.23674886968143447f,0.9454796495124137f,-0.22364750180238113f,-0.5400727003099355f,0f,0f,0f,1f],start_interpolation:0}
execute if entity @s[tag=aj.lexiel.bone.right_arm] run data modify entity @s {} merge value {transformation:[-0.7839372926327146f,-0.06913206797751492f,0.6169789934810112f,-0.08047780198191302f,0.528089061870898f,0.4482845873690714f,0.7212231772895654f,1.4263165220231506f,-0.32644182322736165f,0.8912136028497845f,-0.3149191168276424f,-0.25136714244352276f,0f,0f,0f,1f],start_interpolation:0}
execute if entity @s[tag=aj.lexiel.bone.left_hand] run data modify entity @s {} merge value {transformation:[0.5910372616835919f,0.7555418024720939f,0.28254475754963243f,-0.27560767744935477f,-0.6520692061712673f,0.6537050916245876f,-0.3840252642044044f,1.1471611077297588f,-0.4748480869338471f,0.042734504809447266f,0.8790296106696047f,0.510708572801977f,0f,0f,0f,1f],start_interpolation:0}
execute if entity @s[tag=aj.lexiel.bone.left_arm] run data modify entity @s {} merge value {transformation:[0.4162818388133759f,0.6152754891217322f,0.6694367058655865f,-0.08333408709881349f,-0.6654188888787909f,0.707900247175764f,-0.23684370874441096f,1.368379934972185f,-0.6196185382939005f,-0.3468620944042534f,0.7041019489165081f,0.4023141683006478f,0f,0f,0f,1f],start_interpolation:0}
execute if entity @s[tag=aj.lexiel.bone.skirt_right] run data modify entity @s {} merge value {transformation:[0.2687501615110254f,-0.18247256321691632f,0.9457680023984985f,-0.04071096083532682f,0.10317533932846212f,0.9816961443605601f,0.1600860065779242f,0.6908497509328289f,-0.9576681053696288f,0.054556794449994665f,0.282657665979691f,-0.2327497445647339f,0f,0f,0f,1f],start_interpolation:0}
execute if entity @s[tag=aj.lexiel.bone.skirt_left] run data modify entity @s {} merge value {transformation:[0.2687501615110254f,0.23432252421959845f,0.9342731427859592f,-0.15828915649640043f,0.10317533932846212f,0.9573741299668034f,-0.26979552373003357f,0.6457105399766268f,-0.9576681053696288f,0.1689015391098083f,0.23311814610639692f,0.1862300515344787f,0f,0f,0f,1f],start_interpolation:0}
execute if entity @s[tag=aj.lexiel.bone.skirt_back_middle] run data modify entity @s {} merge value {transformation:[0.2687501615110254f,-0.3439312850802217f,0.8997136332360786f,0.15509265680765683f,0.10317533932846212f,0.9389833307562385f,0.3281236869175661f,0.774660343827304f,-0.9576681053696288f,0.004644965552886918f,0.28783714884072564f,0.05964742169478515f,0f,0f,0f,1f],start_interpolation:0}
execute if entity @s[tag=aj.lexiel.bone.skirt_front_middle] run data modify entity @s {} merge value {transformation:[0.2687501615110254f,0.15200358658233934f,0.9511405050537503f,-0.19957034409178012f,0.10317533932846212f,0.9772452616238118f,-0.1853282169240953f,0.7146280913605824f,-0.9576681053696288f,0.1479412325888665f,0.24695180027250754f,-0.046349203047598965f,0f,0f,0f,1f],start_interpolation:0}
execute if entity @s[tag=aj.lexiel.bone.skirt] run data modify entity @s {} merge value {transformation:[0.2687501615110254f,-0.18247256321691632f,0.9457680023984985f,-0.10292141922618081f,0.10317533932846212f,0.9816961443605601f,0.1600860065779242f,0.6866869481614883f,-0.9576681053696288f,0.054556794449994665f,0.282657665979691f,-0.0222369066191902f,0f,0f,0f,1f],start_interpolation:0}
execute if entity @s[tag=aj.lexiel.bone.rightupper] run data modify entity @s {} merge value {transformation:[0.2312390299657938f,-0.05420660505071074f,0.9713856880710952f,0.02440817710573848f,0.058729960422415343f,0.9974035063177018f,0.04167777985852503f,0.6782815249181361f,-0.9711227022211253f,0.04741191362970291f,0.2338221710546486f,-0.1313153256973775f,0f,0f,0f,1f],start_interpolation:0}
execute if entity @s[tag=aj.lexiel.bone.rightfoot] run data modify entity @s {} merge value {transformation:[0.22512013498051653f,-0.39275368312782566f,0.8916644375637515f,-0.04649499583622778f,0.1019109333647987f,0.9196274190958059f,0.3793409702469567f,0.359315806133543f,-0.9689866286420414f,0.005473064654685222f,0.24705254314865102f,-0.13743352258546296f,0f,0f,0f,1f],start_interpolation:0}
execute if entity @s[tag=aj.lexiel.bone.leftupper] run data modify entity @s {} merge value {transformation:[0.2964378605874935f,0.3619487986867849f,0.8838086116006696f,-0.04637189107072125f,0.05859915839947388f,0.9167667937014481f,-0.39510098025851575f,0.6325574354346026f,-0.9532527122674149f,0.16891333012986262f,0.25055449199576707f,0.130848716316754f,0f,0f,0f,1f],start_interpolation:0}
execute if entity @s[tag=aj.lexiel.bone.leftfoot] run data modify entity @s {} merge value {transformation:[0.2836310177868231f,-0.28044782649821837f,0.9170073404077179f,-0.2602692800373978f,0.017222269398573853f,0.9576138824441193f,0.28753964176625035f,0.41090798585593463f,-0.9587788270430119f,-0.06576221379124868f,0.27643894814461356f,0.056930870335709455f,0f,0f,0f,1f],start_interpolation:0}
execute if entity @s[tag=aj.lexiel.bone.lower] run data modify entity @s {} merge value {transformation:[0.2687501615110254f,-0.18247256321691632f,0.9457680023984985f,0f,0.10317533932846212f,0.9816961443605601f,0.1600860065779242f,0.625f,-0.9576681053696288f,0.054556794449994665f,0.282657665979691f,0f,0f,0f,0f,1f],start_interpolation:0}
execute if entity @s[tag=aj.lexiel.bone.sucidesword] run data modify entity @s {} merge value {transformation:[-3.8510861166685117e-16f,1.1334136089244662f,-0.22866493741895966f,0.04687499999999961f,-1.1562499999999998f,0f,4.8138576458356397e-17f,1.10880375f,-4.716220286018903e-32f,0.22866493741895966f,1.133413608924466f,3.1523991666666675f,0f,0f,0f,1f],start_interpolation:0}