execute if entity @s[tag=aj.lexiel.bone.backhair] run data modify entity @s {} merge value {transformation:[-0.9972422621276973f,0.05864216490903898f,-0.045485900246274046f,-0.03569589845934344f,0.060517389878607365f,0.9973244629370509f,-0.041006842716842525f,1.4729802871000977f,0.04295947100132342f,-0.04364644455284193f,-0.9981229742517612f,-0.24615102311995826f,0f,0f,0f,1f],start_interpolation:0}
execute if entity @s[tag=aj.lexiel.bone.head] run data modify entity @s {} merge value {transformation:[-0.9972422621276973f,0.05864216490903898f,-0.045485900246274046f,-0.022697422379723164f,0.060517389878607365f,0.9973244629370509f,-0.041006842716842525f,1.4994559244301504f,0.04295947100132342f,-0.04364644455284193f,-0.9981229742517612f,0.018293416219527642f,0f,0f,0f,1f],start_interpolation:0}
execute if entity @s[tag=aj.lexiel.bone.ring] run data modify entity @s {} merge value {transformation:[-0.9872057896030573f,0.14457013083547826f,-0.067262220037824f,-0.006355278266322539f,0.1434362386510504f,0.9894277729202235f,0.02141792743860855f,0.9373476588404421f,0.06964750114571863f,0.011496062123147754f,-0.997505421609235f,0.005122156541467748f,0f,0f,0f,1f],start_interpolation:0}
execute if entity @s[tag=aj.lexiel.bone.bust] run data modify entity @s {} merge value {transformation:[-0.99731225518428f,-0.0587914868269321f,-0.043724440944671476f,-0.014685311181343308f,-0.03055520981418241f,0.8761312529244556f,-0.4811033223770494f,1.3886176814752793f,0.06659312886819993f,-0.47847422994943256f,-0.8755728219068023f,0.0874280401269576f,0f,0f,0f,1f],start_interpolation:0}
execute if entity @s[tag=aj.lexiel.bone.left_wing] run data modify entity @s {} merge value {transformation:[-0.7502743637753085f,-0.02905270064604565f,-0.6604879405763039f,0.10354569786066192f,-0.037279485883313576f,0.9993035832705924f,-0.0016088489146075767f,1.162441959837483f,0.6600747071308154f,0.02341557276099538f,-0.7508349299003362f,-0.1227680057267439f,0f,0f,0f,1f],start_interpolation:0}
execute if entity @s[tag=aj.lexiel.bone.right_wing] run data modify entity @s {} merge value {transformation:[-0.9728819651976948f,-0.02905270064604565f,0.2294703082715552f,-0.14578236593540816f,-0.022891307309107822f,0.9993035832705924f,0.029467550156641743f,1.1548031573839375f,-0.23016661322344584f,0.02341557276099538f,-0.9728694882200403f,-0.10611972350969395f,0f,0f,0f,1f],start_interpolation:0}
execute if entity @s[tag=aj.lexiel.bone.body] run data modify entity @s {} merge value {transformation:[-0.99731225518428f,-0.02905270064604565f,-0.067262220037824f,0.5468135879340748f,-0.03055520981418241f,0.9993035832705924f,0.02141792743860855f,0.22366684955249067f,0.06659312886819993f,0.02341557276099538f,-0.997505421609235f,0.4537483599900199f,0f,0f,0f,1f],start_interpolation:0}
execute if entity @s[tag=aj.lexiel.bone.sword] run data modify entity @s {} merge value {transformation:[-1.0574861364701589f,0.09221303983706941f,0.45840363104738047f,-0.4552129192808988f,0.3677943095043537f,0.8639883636504938f,0.6746595555335724f,0.674131980395515f,-0.28872907641876255f,0.7628465935301469f,-0.8195209928182555f,-0.047241528435708086f,0f,0f,0f,1f],start_interpolation:0}
execute if entity @s[tag=aj.lexiel.bone.rod] run data modify entity @s {} merge value {transformation:[-0.000009883891841884448f,0.0000011330979208449925f,0.0000010123098140919046f,-0.4538986892686526f,0.0000015160557369583646f,0.000006910307244628321f,0.000007067476833161392f,0.6752722097601522f,1.0127714631476842e-7f,0.000007138889471522451f,-0.000007001856900352952f,0.06394896652248991f,0f,0f,0f,1f],start_interpolation:0}
execute if entity @s[tag=aj.lexiel.bone.right_hand] run data modify entity @s {} merge value {transformation:[-0.9883891841884447f,0.1517032357783951f,-0.008541008937179318f,-0.40625633789590254f,0.15160557369583644f,0.9883785907366457f,0.011113568184803316f,1.0929520869428722f,0.01012771463147684f,0.00968966603173807f,-0.9999017650592165f,0.0038749401996990146f,0f,0f,0f,1f],start_interpolation:0}
execute if entity @s[tag=aj.lexiel.bone.right_arm] run data modify entity @s {} merge value {transformation:[-0.9901703639078625f,0.1397750482705214f,-0.0050582921568681355f,-0.3316338114392439f,0.13838759732792066f,0.9843047548967221f,0.10951265859940182f,1.3962227104316003f,0.020286038163626584f,0.10773618411971558f,-0.9939725304488783f,0.0369085590444968f,0f,0f,0f,1f],start_interpolation:0}
execute if entity @s[tag=aj.lexiel.bone.left_hand] run data modify entity @s {} merge value {transformation:[-0.9329137729253983f,-0.28321420961991994f,0.2223996487305275f,0.4147986706062313f,-0.3156141397282763f,0.9404413605932878f,-0.1263240360700425f,1.1218527768087272f,-0.17337706621603124f,-0.18804190691122374f,-0.9667371070541941f,0.04338584542590815f,0f,0f,0f,1f],start_interpolation:0}
execute if entity @s[tag=aj.lexiel.bone.left_arm] run data modify entity @s {} merge value {transformation:[-0.9347293413420356f,-0.2942282066585326f,0.19927574072322002f,0.3228523560254399f,-0.3187019219406035f,0.9421497282029768f,-0.1038411026444833f,1.4162745668721575f,-0.15719460355129772f,-0.16057288704373618f,-0.9744260898399579f,-0.006793181775259404f,0f,0f,0f,1f],start_interpolation:0}
execute if entity @s[tag=aj.lexiel.bone.skirt_right] run data modify entity @s {} merge value {transformation:[-0.9941791727832533f,0.07512822808518355f,-0.07722384184166636f,-0.20690191964034532f,0.09336609830792718f,0.9584479295109567f,-0.26955581630325565f,0.6821374540961865f,0.0537637804731079f,-0.2751968672803901f,-0.9598833992461266f,0.09826821477768824f,0f,0f,0f,1f],start_interpolation:0}
execute if entity @s[tag=aj.lexiel.bone.skirt_left] run data modify entity @s {} merge value {transformation:[-0.9771974650598504f,-0.18770770044084784f,-0.09925186887817919f,0.22485540348646066f,-0.15596216525113224f,0.9517243705096368f,-0.2643795105302489f,0.7330157075995054f,0.14408649239530003f,-0.24287145112846098f,-0.9592979416927647f,0.04924508506500225f,0f,0f,0f,1f],start_interpolation:0}
execute if entity @s[tag=aj.lexiel.bone.skirt_back_middle] run data modify entity @s {} merge value {transformation:[-0.9868738814326994f,-0.12626783547871717f,-0.10067957026863929f,-0.02160698654747036f,-0.11629315086472904f,0.988222054023395f,-0.09946393820744831f,0.6915100705679671f,0.11205286791471085f,-0.08645001830711971f,-0.9899346186121522f,-0.21227536804214703f,0f,0f,0f,1f],start_interpolation:0}
execute if entity @s[tag=aj.lexiel.bone.skirt_front_middle] run data modify entity @s {} merge value {transformation:[-0.9868738814326994f,-0.14922522721351358f,-0.06173956356367856f,0.007351954143154531f,-0.11629315086472904f,0.9219413872953023f,-0.36945903893932086f,0.792593501681688f,0.11205286791471085f,-0.3574295874086091f,-0.9271937471947274f,0.14768090667515044f,0f,0f,0f,1f],start_interpolation:0}
execute if entity @s[tag=aj.lexiel.bone.skirt] run data modify entity @s {} merge value {transformation:[-0.9868738814326994f,-0.1418323672409495f,-0.07722384184166636f,0.006317385037289843f,-0.11629315086472904f,0.9559370088865891f,-0.26955581630325565f,0.7255003997644696f,0.11205286791471085f,-0.2570369908083067f,-0.9598833992461266f,0.06893720634368948f,0f,0f,0f,1f],start_interpolation:0}
execute if entity @s[tag=aj.lexiel.bone.rightupper] run data modify entity @s {} merge value {transformation:[-0.9911411540186557f,-0.06395494273628244f,-0.1164000777927845f,-0.13744776236960793f,-0.014205269349487815f,0.9224434582516263f,-0.3858708030565265f,0.6669689833002458f,0.13205083541301793f,-0.3807989385862033f,-0.9151801709162766f,0.005005034718980568f,0f,0f,0f,1f],start_interpolation:0}
execute if entity @s[tag=aj.lexiel.bone.rightfoot] run data modify entity @s {} merge value {transformation:[-0.9925542165635572f,0.0158104636306943f,-0.12077316101554038f,-0.07866931336198042f,0.027342603313672793f,0.9951555247028105f,-0.09443444126749978f,0.40945576089705255f,0.11869502612129237f,-0.0970335555014667f,-0.9881781114155532f,0.19745205663917856f,0f,0f,0f,1f],start_interpolation:0}
execute if entity @s[tag=aj.lexiel.bone.leftupper] run data modify entity @s {} merge value {transformation:[-0.9927497280508772f,-0.07819687024010272f,-0.0912865101729821f,0.1341353322337656f,-0.04924778826107662f,0.9573979461840403f,-0.28454143458198444f,0.6665805539300276f,0.10964776699186166f,-0.27798277307637986f,-0.9543075736189379f,-0.016340356684732937f,0f,0f,0f,1f],start_interpolation:0}
execute if entity @s[tag=aj.lexiel.bone.leftfoot] run data modify entity @s {} merge value {transformation:[-0.9887343421624308f,-0.11587098530956727f,-0.09475397296164027f,0.17389923994112677f,-0.09188644379105013f,0.9695843034894452f,-0.2268549313423038f,0.42039560838116596f,0.11815786929383668f,-0.21559265569651775f,-0.9693082712603166f,0.17899582452271812f,0f,0f,0f,1f],start_interpolation:0}
execute if entity @s[tag=aj.lexiel.bone.lower] run data modify entity @s {} merge value {transformation:[-0.996943877399994f,-0.011806081732689638f,-0.07722384184166636f,0f,0.009476570934387179f,0.9629381374213044f,-0.26955581630325565f,0.625f,0.07754418042632971f,-0.26946383789612666f,-0.9598833992461266f,0f,0f,0f,0f,1f],start_interpolation:0}