execute if entity @s[tag=aj.lexiel.bone.backhair] run data modify entity @s {} merge value {transformation:[-0.9305643729995077f,-0.08240885895030027f,-0.3567334126074294f,-0.1681253111185735f,-0.1884148097729877f,0.9432078864732567f,0.2736032572044072f,1.476681642033258f,0.31392643590854485f,0.32181930156713984f,-0.8932427049669067f,0.09650678133761614f,0f,0f,0f,1f],start_interpolation:0}
execute if entity @s[tag=aj.lexiel.bone.head] run data modify entity @s {} merge value {transformation:[-0.9305643729995077f,-0.08240885895030027f,-0.3567334126074294f,-0.07465563681582352f,-0.1884148097729877f,0.9432078864732567f,0.2736032572044072f,1.418743400064482f,0.31392643590854485f,0.32181930156713984f,-0.8932427049669067f,0.3388028014314373f,0f,0f,0f,1f],start_interpolation:0}
execute if entity @s[tag=aj.lexiel.bone.ring] run data modify entity @s {} merge value {transformation:[-0.3271695244650743f,-0.039344555619331555f,-0.944146232426108f,-0.020903578308430593f,-0.2781905692992547f,0.958866169155527f,0.056441800130406256f,0.9147481520180549f,0.9030892034645601f,0.28111861480898326f,-0.32465707291482937f,0.09486478440080232f,0f,0f,0f,1f],start_interpolation:0}
execute if entity @s[tag=aj.lexiel.bone.bust] run data modify entity @s {} merge value {transformation:[-0.31536697385811036f,-0.5548298240763601f,-0.7698750146062496f,0.0036566627940183283f,-0.4404695923611138f,0.8041723457449281f,-0.39911574329301275f,1.3166875696710816f,0.8405535140636866f,0.21323860967117356f,-0.4979950655786589f,0.3147051363467895f,0f,0f,0f,1f],start_interpolation:0}
execute if entity @s[tag=aj.lexiel.bone.left_wing] run data modify entity @s {} merge value {transformation:[0.32456236751704676f,-0.0955592151242541f,-0.9410248168866568f,-0.12040456393786081f,-0.3838076132996191f,0.8959915520825369f,-0.22336260781513223f,1.17286022809755f,0.8644946417213814f,0.4336675858322398f,0.25412878513355663f,0.04407824542929034f,0f,0f,0f,1f],start_interpolation:0}
execute if entity @s[tag=aj.lexiel.bone.right_wing] run data modify entity @s {} merge value {transformation:[-0.5846810763452928f,-0.0955592151242541f,-0.8056155878386081f,-0.19924630740238847f,-0.4031109398902818f,0.8959915520825369f,0.18628126244338192f,1.0627428300072714f,0.7040238696979553f,0.4336675858322398f,-0.562390270091823f,0.254216623945212f,0f,0f,0f,1f],start_interpolation:0}
execute if entity @s[tag=aj.lexiel.bone.body] run data modify entity @s {} merge value {transformation:[-0.31536697385811036f,-0.0955592151242541f,-0.944146232426108f,0.6775362107042362f,-0.4404695923611138f,0.8959915520825369f,0.056441800130406256f,0.46276812007408535f,0.8405535140636866f,0.4336675858322398f,-0.32465707291482937f,-0.47478201349054855f,0f,0f,0f,1f],start_interpolation:0}
execute if entity @s[tag=aj.lexiel.bone.sword] run data modify entity @s {} merge value {transformation:[0.5881413912215734f,-0.9218688078968574f,0.375714875216272f,0.23114791898943543f,0.9299089844582438f,0.664535841532226f,0.174858395402948f,0.8675250260831294f,-0.35534919031255674f,0.21322307296792023f,1.079433618430669f,0.0441583746771419f,0f,0f,0f,1f],start_interpolation:0}
execute if entity @s[tag=aj.lexiel.bone.rod] run data modify entity @s {} merge value {transformation:[0.0000063377248678648605f,-0.000007541146117319935f,0.0000017217313194798359f,0.15733897495676444f,0.000007729008424379272f,0.0000060847863893132f,-0.0000017993897221844595f,0.9302346111064328f,3.09309351817158e-7f,0.0000024711312862046196f,0.000009684928388543675f,-0.010486371006869666f,0f,0f,0f,1f],start_interpolation:0}
execute if entity @s[tag=aj.lexiel.bone.right_hand] run data modify entity @s {} merge value {transformation:[0.633772486786486f,-0.4114947666090075f,0.6549843448860984f,0.036748868265763346f,0.7729008424379271f,0.3030233043400961f,-0.557495439250898f,1.033572156979586f,0.030930935181715802f,0.8595632228522856f,0.5100924849167812f,0.38335931994969f,0f,0f,0f,1f],start_interpolation:0}
execute if entity @s[tag=aj.lexiel.bone.right_arm] run data modify entity @s {} merge value {transformation:[0.8107077241879939f,-0.5621228531631127f,0.16361810380787603f,-0.16424913972858418f,0.5256510987208176f,0.5758460297578739f,-0.6261727177270587f,1.197097444443896f,0.2577671591873577f,0.5936490949743419f,0.7623233196489689f,0.5608194384045669f,0f,0f,0f,1f],start_interpolation:0}
execute if entity @s[tag=aj.lexiel.bone.left_hand] run data modify entity @s {} merge value {transformation:[-0.8680371132919579f,-0.4245969137513475f,-0.25735001608819696f,0.14934537856923877f,-0.3630821316182324f,0.8963917236381242f,-0.2542700208294975f,1.2061644480444227f,0.3386486906032934f,-0.1272766224642341f,-0.932264836689002f,-0.07962052389099317f,0f,0f,0f,1f],start_interpolation:0}
execute if entity @s[tag=aj.lexiel.bone.left_arm] run data modify entity @s {} merge value {transformation:[-0.7381606435494638f,-0.3412318134510017f,-0.5819619521958305f,0.04271043686580074f,-0.4426417444713399f,0.8959717324366536f,0.036096270248192876f,1.486155614430877f,0.5091042627655069f,0.2842454998120504f,-0.8124145157926385f,0.009206194800272571f,0f,0f,0f,1f],start_interpolation:0}
execute if entity @s[tag=aj.lexiel.bone.skirt_right] run data modify entity @s {} merge value {transformation:[-0.9026821319326109f,-0.08712081487441546f,0.4213964075608789f,-0.24214042795225946f,-0.0053082562736926995f,0.9814701997615367f,0.1915412994510115f,0.6641566152274386f,-0.4302752503978463f,0.1706640284174351f,-0.8864180719611958f,-0.000887840090881567f,0f,0f,0f,1f],start_interpolation:0}
execute if entity @s[tag=aj.lexiel.bone.skirt_left] run data modify entity @s {} merge value {transformation:[-0.9026821319326109f,0.10023395783493769f,0.41847117270648465f,0.15278300476825782f,-0.0053082562736926995f,0.9698243789531792f,-0.24374678747301098f,0.6664789773471792f,-0.4302752503978463f,-0.22224722199574135f,-0.8749110704581617f,0.1873575819581762f,0f,0f,0f,1f],start_interpolation:0}
execute if entity @s[tag=aj.lexiel.bone.skirt_back_middle] run data modify entity @s {} merge value {transformation:[-0.9026821319326109f,-0.15897197218540332f,0.3998660785176456f,0.0683939771048454f,-0.0053082562736926995f,0.933298664477978f,0.35906186834437803f,0.7805306742430019f,-0.4302752503978463f,0.32199614119288145f,-0.8433158921495342f,-0.14540371002934932f,0f,0f,0f,1f],start_interpolation:0}
execute if entity @s[tag=aj.lexiel.bone.skirt_front_middle] run data modify entity @s {} merge value {transformation:[-0.9026821319326109f,0.06287083522740401f,0.42569029442472045f,-0.08962967573048418f,-0.0053082562736926995f,0.9875666177284537f,-0.15711141894755878f,0.7087026869488726f,-0.4302752503978463f,-0.14408134378257006f,-0.8911250054110701f,0.18700306695609908f,0f,0f,0f,1f],start_interpolation:0}
execute if entity @s[tag=aj.lexiel.bone.skirt] run data modify entity @s {} merge value {transformation:[-0.9026821319326109f,-0.08712081487441546f,0.4213964075608789f,-0.04631222687089611f,-0.0053082562736926995f,0.9814701997615367f,0.1915412994510115f,0.6837203625328377f,-0.4302752503978463f,0.1706640284174351f,-0.8864180719611958f,0.09643482146647422f,0f,0f,0f,1f],start_interpolation:0}
execute if entity @s[tag=aj.lexiel.bone.rightupper] run data modify entity @s {} merge value {transformation:[-0.9173556230678174f,-0.07381912337712988f,0.39116415716382924f,-0.13026532211231023f,-0.05101101871906956f,0.9963531753510135f,0.06839755797684166f,0.6631485366880112f,-0.394786697844671f,0.04279120227084961f,-0.9177757766541433f,-0.04747566486045513f,0f,0f,0f,1f],start_interpolation:0}
execute if entity @s[tag=aj.lexiel.bone.rightfoot] run data modify entity @s {} merge value {transformation:[-0.9211180334502074f,-0.16439866140276146f,0.35286633245721105f,-0.11296934844857062f,-0.007868505465515119f,0.9141285594599373f,0.405348076844382f,0.34548268304009955f,-0.38920387340642176f,0.3705968927401849f,-0.8433138727761794f,0.027310407990565888f,0f,0f,0f,1f],start_interpolation:0}
execute if entity @s[tag=aj.lexiel.bone.leftupper] run data modify entity @s {} merge value {transformation:[-0.8885888983699305f,0.12686542526282651f,0.4408116758510329f,0.11927463786172597f,-0.0491204527302338f,0.9291496999353425f,-0.36642600376288814f,0.6471322221982212f,-0.45606682713971947f,-0.34725494810433644f,-0.8194004211615736f,0.06790233610857938f,0f,0f,0f,1f],start_interpolation:0}
execute if entity @s[tag=aj.lexiel.bone.leftfoot] run data modify entity @s {} merge value {transformation:[-0.8916540745642597f,-0.2193354400596833f,0.396036584227744f,0.03446844497731336f,-0.0908288210008741f,0.9436826454911876f,0.31814020474367094f,0.41905185599193323f,-0.4435122733234617f,0.24769947382378266f,-0.8613604553721262f,0.27071134023482435f,0f,0f,0f,1f],start_interpolation:0}
execute if entity @s[tag=aj.lexiel.bone.lower] run data modify entity @s {} merge value {transformation:[-0.9026821319326109f,-0.08712081487441546f,0.4213964075608789f,0f,-0.0053082562736926995f,0.9814701997615367f,0.1915412994510115f,0.625f,-0.4302752503978463f,0.1706640284174351f,-0.8864180719611958f,0f,0f,0f,0f,1f],start_interpolation:0}
execute if entity @s[tag=aj.lexiel.bone.sucidesword] run data modify entity @s {} merge value {transformation:[-0.000003164228322708459f,-0.000008628336022305009f,0.000007016472251634965f,0.0468749999999997f,-0.000011121108999185722f,0.0000024549732604565065f,-0.0000019963584769960394f,0.9102741118496368f,-3.8750620871763127e-22f,-0.000007294952366303523f,-0.000008970790167168257f,2.4397769213475473f,0f,0f,0f,1f],start_interpolation:0}