execute if entity @s[tag=aj.lexiel.bone.backhair] run data modify entity @s {} merge value {transformation:[-0.9514297090834438f,0.05401757089579684f,-0.30309010328268904f,-0.08281969459768958f,-0.06334984389367349f,0.9290685535566924f,0.36444261560734464f,1.488845517898961f,0.3012777886802158f,0.36594224247358087f,-0.8805214189452555f,0.1308943140235052f,0f,0f,0f,1f],start_interpolation:0}
execute if entity @s[tag=aj.lexiel.bone.head] run data modify entity @s {} merge value {transformation:[-0.9514297090834438f,0.05401757089579684f,-0.30309010328268904f,-0.001467361367978471f,-0.06334984389367349f,0.9290685535566924f,0.36444261560734464f,1.4065571442775835f,0.3012777886802158f,0.36594224247358087f,-0.8805214189452555f,0.3705006634694884f,0f,0f,0f,1f],start_interpolation:0}
execute if entity @s[tag=aj.lexiel.bone.ring] run data modify entity @s {} merge value {transformation:[-0.66947584718775f,0.11613945763051567f,-0.7336986550441087f,-0.000410861183034017f,-0.19089276908142033f,0.9276341736362885f,0.32102147998934216f,0.9113360003977234f,0.7178872061436058f,0.3549738952140139f,-0.5988584916087594f,0.1037401857714566f,0f,0f,0f,1f],start_interpolation:0}
execute if entity @s[tag=aj.lexiel.bone.bust] run data modify entity @s {} merge value {transformation:[-0.6794724099376772f,-0.36847591596519186f,-0.6344625627151677f,0.05147266005483386f,-0.34907466277886223f,0.9229535686011556f,-0.16218381550640532f,1.2871907252044879f,0.6453403163752508f,0.111275377150585f,-0.7557470916256883f,0.3616735246681395f,0f,0f,0f,1f],start_interpolation:0}
execute if entity @s[tag=aj.lexiel.bone.left_wing] run data modify entity @s {} merge value {transformation:[-0.09241426435336364f,-0.0018782225510124428f,-0.9957188739920899f,-0.0076000030043719136f,-0.4723650446274532f,0.880393144675307f,0.04218027291078305f,1.1876840186414723f,0.876544846746663f,0.4742408492409451f,-0.08224809148604234f,0.051955520544912204f,0f,0f,0f,1f],start_interpolation:0}
execute if entity @s[tag=aj.lexiel.bone.right_wing] run data modify entity @s {} merge value {transformation:[-0.8686517955835593f,-0.0018782225510124428f,-0.4954195497853381f,-0.17746810548879122f,-0.23638540217068196f,0.880393144675307f,0.41113240257772066f,1.1004153529467569f,0.4353917772191653f,0.4742408492409451f,-0.765199070334749f,0.21329059963872482f,0f,0f,0f,1f],start_interpolation:0}
execute if entity @s[tag=aj.lexiel.bone.body] run data modify entity @s {} merge value {transformation:[-0.6794724099376772f,-0.0018782225510124428f,-0.7336986550441087f,0.7075246437663991f,-0.34907466277886223f,0.880393144675307f,0.32102147998934216f,0.2925800190571065f,0.6453403163752508f,0.4742408492409451f,-0.5988584916087594f,-0.26036133700371833f,0f,0f,0f,1f],start_interpolation:0}
execute if entity @s[tag=aj.lexiel.bone.sword] run data modify entity @s {} merge value {transformation:[0.6428054336198912f,-0.41624661106785643f,-0.8662874787178148f,0.35600020620978334f,0.7366542602329901f,0.8827567278138989f,0.12245457476094579f,0.7527534498774793f,0.6172971228584576f,-0.6199946618913931f,0.7559530037223527f,0.5797667822847555f,0f,0f,0f,1f],start_interpolation:0}
execute if entity @s[tag=aj.lexiel.bone.rod] run data modify entity @s {} merge value {transformation:[0.000004486212646540668f,-0.000004027309043477859f,-0.000007978388180474805f,0.38502092036466484f,0.000006443949205232855f,0.000007643323936912694f,-2.3477188033567187e-7f,0.8159461848586365f,0.000006192690427463452f,-0.00000503590915959958f,0.000006024135141733094f,0.4929864280096086f,0f,0f,0f,1f],start_interpolation:0}
execute if entity @s[tag=aj.lexiel.bone.right_hand] run data modify entity @s {} merge value {transformation:[0.4486212646540667f,-0.8489309919929436f,-0.27938348507752314f,0.01796325208598895f,0.6443949205232855f,0.5238637397979153f,-0.5570654975213695f,1.0099395809342153f,0.6192690427463451f,0.0698781293311344f,0.7820632325695964f,0.5822634828625397f,0f,0f,0f,1f],start_interpolation:0}
execute if entity @s[tag=aj.lexiel.bone.right_arm] run data modify entity @s {} merge value {transformation:[0.3719248800315478f,-0.7038944182219145f,-0.6051483550415977f,-0.2136264061093452f,0.47928983791133956f,0.7039125803084583f,-0.5242025663409237f,1.2149344548458791f,0.7949548005317288f,-0.09507748040162384f,0.5991720436001985f,0.5277094327204157f,0f,0f,0f,1f],start_interpolation:0}
execute if entity @s[tag=aj.lexiel.bone.left_hand] run data modify entity @s {} merge value {transformation:[-0.9498197995610906f,-0.22232962211066773f,-0.2200270153727881f,0.293317694047482f,-0.2421483916964812f,0.967903605171766f,0.06728125663441387f,1.1640477676748078f,0.1980063250518449f,0.11718425759301493f,-0.9731707686792884f,-0.020490151783639166f,0f,0f,0f,1f],start_interpolation:0}
execute if entity @s[tag=aj.lexiel.bone.left_arm] run data modify entity @s {} merge value {transformation:[-0.8886922156231913f,-0.19532905963272476f,-0.41481647068762645f,0.23227736291225548f,-0.33377224627897284f,0.8958941907830397f,0.293205877388383f,1.4440147022945076f,0.31436003802110657f,0.3990240060249487f,-0.8613696123680996f,0.10420485009915731f,0f,0f,0f,1f],start_interpolation:0}
execute if entity @s[tag=aj.lexiel.bone.skirt_right] run data modify entity @s {} merge value {transformation:[-0.9435014543926197f,-0.020764036801900275f,0.33071719086660845f,-0.2386285444772429f,0f,0.9980348378750521f,0.06266149046837625f,0.6783838037674208f,-0.3313683834631955f,0.05912120739132227f,-0.941647321069614f,0.019302924156562054f,0f,0f,0f,1f],start_interpolation:0}
execute if entity @s[tag=aj.lexiel.bone.skirt_left] run data modify entity @s {} merge value {transformation:[-0.9435014543926197f,0.07600188712124462f,0.322534833332806f,0.17415334181952818f,0f,0.9733422059217951f,-0.2293576904559635f,0.6783838037674208f,-0.3313683834631955f,-0.21639931452133385f,-0.9183497869089343f,0.16427659192171007f,0f,0f,0f,1f],start_interpolation:0}
execute if entity @s[tag=aj.lexiel.bone.skirt_back_middle] run data modify entity @s {} merge value {transformation:[-0.9435014543926197f,-0.07787702194345514f,0.3220872164681951f,0.05947885630225749f,0f,0.9719913924859062f,0.23501645247367056f,0.7583845253288424f,-0.3313683834631955f,0.22173836471510217f,-0.91707529246756f,-0.16935347554973523f,0f,0f,0f,1f],start_interpolation:0}
execute if entity @s[tag=aj.lexiel.bone.skirt_front_middle] run data modify entity @s {} merge value {transformation:[-0.9435014543926197f,0.06868582478209766f,0.324171656739164f,-0.06454009027272067f,0f,0.9782817942713269f,-0.20727935497119163f,0.7348864664032013f,-0.3313683834631955f,-0.19556837288088338f,-0.9230102957008184f,0.18376426985137f,0f,0f,0f,1f],start_interpolation:0}
execute if entity @s[tag=aj.lexiel.bone.skirt] run data modify entity @s {} merge value {transformation:[-0.9435014543926197f,-0.020764036801900275f,0.33071719086660845f,-0.032626927018893f,0f,0.9980348378750521f,0.06266149046837625f,0.6970969569775781f,-0.3313683834631955f,0.05912120739132227f,-0.941647321069614f,0.09289828067772336f,0f,0f,0f,1f],start_interpolation:0}
execute if entity @s[tag=aj.lexiel.bone.rightupper] run data modify entity @s {} merge value {transformation:[-0.9563832336506345f,-0.020826673228440118f,0.2913715155504941f,-0.13269210060730244f,-0.04036684174585776f,0.9973081550069338f,-0.061212433738012675f,0.6652632780803285f,-0.28931233724025823f,-0.07030429317546327f,-0.9546495052539845f,-0.038079522165381456f,0f,0f,0f,1f],start_interpolation:0}
execute if entity @s[tag=aj.lexiel.bone.rightfoot] run data modify entity @s {} merge value {transformation:[-0.9574394612105369f,-0.07888602664935716f,0.27764486834147284f,-0.1225847662408788f,0.0032794519272353892f,0.9588913296912959f,0.2837545824086643f,0.3578213703637172f,-0.2886155285356867f,0.2725883574959419f,-0.9178216951269623f,0.07228866708200946f,0f,0f,0f,1f],start_interpolation:0}
execute if entity @s[tag=aj.lexiel.bone.leftupper] run data modify entity @s {} merge value {transformation:[-0.9368023710179022f,0.07894733228458259f,0.34083520413886925f,0.12666815912696006f,-0.04493686030881594f,0.9389858934036763f,-0.34100758140323806f,0.6531642932249968f,-0.34696108750236376f,-0.33477277475034883f,-0.8760965660503008f,0.05130311191447409f,0f,0f,0f,1f],start_interpolation:0}
execute if entity @s[tag=aj.lexiel.bone.leftfoot] run data modify entity @s {} merge value {transformation:[-0.9381014414578693f,-0.13290109161772665f,0.31984837873824606f,0.06818946024213243f,-0.08698446758303878f,0.9842580169480968f,0.15385011690829253f,0.419125884200446f,-0.3352601794635969f,0.11650517550828632f,-0.934894195161046f,0.2566094302238733f,0f,0f,0f,1f],start_interpolation:0}
execute if entity @s[tag=aj.lexiel.bone.lower] run data modify entity @s {} merge value {transformation:[-0.9435014543926197f,-0.020764036801900275f,0.33071719086660845f,0f,0f,0.9980348378750521f,0.06266149046837625f,0.625f,-0.3313683834631955f,0.05912120739132227f,-0.941647321069614f,0f,0f,0f,0f,1f],start_interpolation:0}
execute if entity @s[tag=aj.lexiel.bone.sucidesword] run data modify entity @s {} merge value {transformation:[-0.000010781710152487865f,-0.000004097642000154429f,8.096063712141493e-7f,0.04687499999999989f,-0.000004176856765288957f,0.000010577233272989508f,-0.0000020898349458805457f,0.24850963235294118f,-1.3203786827578784e-21f,-0.000002241176605565498f,-0.000011343215314568702f,0.9324236764705883f,0f,0f,0f,1f],start_interpolation:0}