execute if entity @s[tag=aj.lexiel.bone.backhair] run data modify entity @s {} merge value {transformation:[-0.9972422635565421f,0.05864214824002613f,-0.045485890410310946f,-0.035695896269014864f,0.06051737668100572f,0.997324460009356f,-0.04100693339784679f,1.4729802631587625f,0.04295945642432274f,-0.04364653384681283f,-0.9981229709744615f,-0.2461510259716981f,0f,0f,0f,1f],start_interpolation:0}
execute if entity @s[tag=aj.lexiel.bone.head] run data modify entity @s {} merge value {transformation:[-0.9972422635565421f,0.05864214824002613f,-0.045485890410310946f,-0.02269742306252561f,0.06051737668100572f,0.997324460009356f,-0.04100693339784679f,1.4994559245302117f,0.04295945642432274f,-0.04364653384681283f,-0.9981229709744615f,0.018293411102036774f,0f,0f,0f,1f],start_interpolation:0}
execute if entity @s[tag=aj.lexiel.bone.ring] run data modify entity @s {} merge value {transformation:[-0.9872057890930996f,0.1445701298580892f,-0.06726222962321132f,-0.006355278457507163f,0.14343623804185124f,0.9894277731576961f,0.021417920548080883f,0.9373476588684593f,0.06964750962864191f,0.011496053975940902f,-0.9975054211108381f,0.005122155108570281f,0f,0f,0f,1f],start_interpolation:0}
execute if entity @s[tag=aj.lexiel.bone.bust] run data modify entity @s {} merge value {transformation:[-0.997312254512348f,-0.058791492376520815f,-0.04372444880886683f,-0.014685311079603802f,-0.030555210455363142f,0.876131249590111f,-0.48110332840846065f,1.3886176820565888f,0.06659313863699616f,-0.47847423537303674f,-0.8755728181999837f,0.08742803569009311f,0f,0f,0f,1f],start_interpolation:0}
execute if entity @s[tag=aj.lexiel.bone.left_wing] run data modify entity @s {} merge value {transformation:[-0.7502743574070149f,-0.02905270152003278f,-0.6604879477718567f,0.10354569619612769f,-0.037279482197308984f,0.999303583398671f,-0.0016088547715568183f,1.1624419591123492f,0.6600747145775177f,0.023415566210607072f,-0.7508349235580649f,-0.12276800975133872f,0f,0f,0f,1f],start_interpolation:0}
execute if entity @s[tag=aj.lexiel.bone.right_wing] run data modify entity @s {} merge value {transformation:[-0.9728819673788537f,-0.02905270152003278f,0.22947029891347379f,-0.14578236743195927f,-0.02289130995138367f,0.999303583398671f,0.0294675437606381f,1.1548031564985082f,-0.23016660374120476f,0.023415566210607072f,-0.9728694906210574f,-0.10611972509208967f,0f,0f,0f,1f],start_interpolation:0}
execute if entity @s[tag=aj.lexiel.bone.body] run data modify entity @s {} merge value {transformation:[-0.997312254512348f,-0.02905270152003278f,-0.06726222962321132f,0.546813592827796f,-0.030555210455363142f,0.999303583398671f,0.021417920548080883f,0.22366685325430563f,0.06659313863699616f,0.023415566210607072f,-0.9975054211108381f,0.4537483581316174f,0f,0f,0f,1f],start_interpolation:0}
execute if entity @s[tag=aj.lexiel.bone.sword] run data modify entity @s {} merge value {transformation:[-1.0574861679710803f,0.09221297582283558f,0.45840357125543585f,-0.45521291308621703f,0.3677942302738617f,0.8639883562789399f,0.6746596081667209f,0.6741319782555135f,-0.2887290619717693f,0.7628466096171055f,-0.8195209829336826f,-0.04724152215807765f,0f,0f,0f,1f],start_interpolation:0}
execute if entity @s[tag=aj.lexiel.bone.rod] run data modify entity @s {} merge value {transformation:[-0.000009883891856764987f,0.000001133097946350252f,0.0000010123096402542287f,-0.45389866899833436f,0.0000015160556315576514f,0.000006910307316135789f,0.000007067476785853812f,0.6752723062662582f,1.01277271868545e-7f,0.000007138889398256358f,-0.000007001856973236873f,0.06394873334297127f,0f,0f,0f,1f],start_interpolation:0}
execute if entity @s[tag=aj.lexiel.bone.right_hand] run data modify entity @s {} merge value {transformation:[-0.9883891856764987f,0.15170322528970934f,-0.008541023032853437f,-0.4062563354886512f,0.15160556315576512f,0.9883785924478363f,0.011113559783310772f,1.0929520857539106f,0.010127727186854498f,0.009689655697371485f,-0.999901765032193f,0.0038749423124295954f,0f,0f,0f,1f],start_interpolation:0}
execute if entity @s[tag=aj.lexiel.bone.right_arm] run data modify entity @s {} merge value {transformation:[-0.990170365111847f,0.1397750391960792f,-0.005058307227361912f,-0.33163381183013124f,0.1383875868531241f,0.9843047572945117f,0.10951265028462005f,1.3962227103192855f,0.020286050853748842f,0.10773617398593188f,-0.9939725312882806f,0.03690855759385366f,0f,0f,0f,1f],start_interpolation:0}
execute if entity @s[tag=aj.lexiel.bone.left_hand] run data modify entity @s {} merge value {transformation:[-0.9329137582873248f,-0.2832142420252484f,0.22239966886729576f,0.4147986800577316f,-0.31561417696225363f,0.9404413476340694f,-0.12632403952001647f,1.121852781191529f,-0.1733770772007014f,-0.18804192291688437f,-0.9667371019708835f,0.04338584262755406f,0f,0f,0f,1f],start_interpolation:0}
execute if entity @s[tag=aj.lexiel.bone.left_arm] run data modify entity @s {} merge value {transformation:[-0.934729326845225f,-0.29422823956523037f,0.19927576013609372f,0.32285235519359706f,-0.3187019590450442f,0.9421497151650825f,-0.10384110705883715f,1.4162745671806174f,-0.1571946145270997f,-0.1605729032455332f,-0.9744260853994915f,-0.006793189636675068f,0f,0f,0f,1f],start_interpolation:0}
execute if entity @s[tag=aj.lexiel.bone.skirt_right] run data modify entity @s {} merge value {transformation:[-0.9941791729795191f,0.07512822696850302f,-0.07722384040131697f,-0.20690191983143014f,0.09336609722490152f,0.9584479276500248f,-0.2695558232952181f,0.682137454494749f,0.05376377872461368f,-0.27519687406644294f,-0.9598833973985117f,0.0982682141436209f,0f,0f,0f,1f],start_interpolation:0}
execute if entity @s[tag=aj.lexiel.bone.skirt_left] run data modify entity @s {} merge value {transformation:[-0.9771974649192959f,-0.18770770459610323f,-0.09925186240349855f,0.22485540327346565f,-0.15596217077659957f,0.9517243693859684f,-0.26437951131570553f,0.7330157082844442f,0.1440864873676632f,-0.24287145232023974f,-0.9592979421461852f,0.049245084535181206f,0f,0f,0f,1f],start_interpolation:0}
execute if entity @s[tag=aj.lexiel.bone.skirt_back_middle] run data modify entity @s {} merge value {transformation:[-0.986873881382619f,-0.12626783684431353f,-0.10067956904686168f,-0.02160698641520512f,-0.11629315151930329f,0.9882220532174695f,-0.0994639454493795f,0.6915100690150264f,0.11205286767643359f,-0.08645002552519335f,-0.9899346180087759f,-0.21227536854217705f,0f,0f,0f,1f],start_interpolation:0}
execute if entity @s[tag=aj.lexiel.bone.skirt_front_middle] run data modify entity @s {} merge value {transformation:[-0.986873881382619f,-0.14922522818698972f,-0.06173956201128101f,0.007351953735288745f,-0.11629315151930329f,0.9219413845138046f,-0.36945904567418203f,0.7925935027507333f,0.11205286767643359f,-0.357429594176685f,-0.9271937446144564f,0.14768090548226487f,0f,0f,0f,1f],start_interpolation:0}
execute if entity @s[tag=aj.lexiel.bone.skirt] run data modify entity @s {} merge value {transformation:[-0.986873881382619f,-0.1418323683736399f,-0.07722384040131697f,0.00631738481401202f,-0.11629315151930329f,0.9559370068353591f,-0.2695558232952181f,0.7255004002677596f,0.11205286767643359f,-0.25703699781194644f,-0.9598833973985117f,0.06893720563042705f,0f,0f,0f,1f],start_interpolation:0}
execute if entity @s[tag=aj.lexiel.bone.rightupper] run data modify entity @s {} merge value {transformation:[-0.9911411504069081f,-0.06395489153659488f,-0.11640013667781232f,-0.13744751372457636f,-0.014205200322636592f,0.922443463452907f,-0.385870793163721f,0.6669687275416971f,0.13205086994739856f,-0.38079893458562586f,-0.9151801675979369f,0.005004926463146417f,0f,0f,0f,1f],start_interpolation:0}
execute if entity @s[tag=aj.lexiel.bone.rightfoot] run data modify entity @s {} merge value {transformation:[-0.9925542105133577f,0.015810529807977147f,-0.1207732020747826f,-0.07866932600504874f,0.027342672464929413f,0.9951555237838996f,-0.09443443092891446f,0.4094557576856586f,0.11869506078468808f,-0.09703355414279832f,-0.9881781073853722f,0.19745205420383885f,0f,0f,0f,1f],start_interpolation:0}
execute if entity @s[tag=aj.lexiel.bone.leftupper] run data modify entity @s {} merge value {transformation:[-0.992749729467698f,-0.07819686320928873f,-0.09128650078757555f,0.1341355132807165f,-0.04924778278612114f,0.9573979430226643f,-0.284541446166674f,0.6665804403455328f,0.10964775662303025f,-0.27798278594222164f,-0.9543075710625678f,-0.01634020840081409f,0f,0f,0f,1f],start_interpolation:0}
execute if entity @s[tag=aj.lexiel.bone.leftfoot] run data modify entity @s {} merge value {transformation:[-0.9887343438495473f,-0.11587097891884872f,-0.09475396317195661f,0.17389922581101944f,-0.09188643822601017f,0.9695843012657109f,-0.22685494310069693f,0.4203957033955079f,0.11815785950389596f,-0.2155926691320244f,-0.969308269465389f,0.1789958057227375f,0f,0f,0f,1f],start_interpolation:0}
execute if entity @s[tag=aj.lexiel.bone.lower] run data modify entity @s {} merge value {transformation:[-0.9969438774981879f,-0.011806082862226508f,-0.07722384040131697f,0f,0.009476570017673668f,0.9629381354730621f,-0.2695558232952181f,0.625f,0.07754417927593252f,-0.26946384480874785f,-0.9598833973985117f,0f,0f,0f,0f,1f],start_interpolation:0}