execute if entity @s[tag=aj.lexiel.bone.backhair] run data modify entity @s {} merge value {transformation:[-0.7745546558904937f,0.16684331165987243f,0.6101052322286096f,0.07784618590241123f,0.3280159287394986f,0.9306924359003398f,0.16191707831805813f,1.4679257803759538f,-0.5408055431775114f,0.3255378612577325f,-0.7755994232567597f,0.07918969905514545f,0f,0f,0f,1f],start_interpolation:0}
execute if entity @s[tag=aj.lexiel.bone.head] run data modify entity @s {} merge value {transformation:[-0.7745546558904937f,0.16684331165987243f,0.6101052322286096f,-0.08160608966362766f,0.3280159287394986f,0.9306924359003398f,0.16191707831805813f,1.4394586257586623f,-0.5408055431775114f,0.3255378612577325f,-0.7755994232567597f,0.2902948249398743f,0f,0f,0f,1f],start_interpolation:0}
execute if entity @s[tag=aj.lexiel.bone.ring] run data modify entity @s {} merge value {transformation:[-0.4919875894436418f,-0.019316507581935427f,0.8703878930501455f,-0.022849705105815743f,0.4360438559867112f,0.8598519024714022f,0.2655568893336232f,0.9205484152124255f,-0.7535343173934913f,0.5101779869331359f,-0.414613620325211f,0.08128255098316484f,0f,0f,0f,1f],start_interpolation:0}
execute if entity @s[tag=aj.lexiel.bone.bust] run data modify entity @s {} merge value {transformation:[-0.4811589161293931f,0.34473257468224106f,0.8060059239125608f,-0.132740366923699f,0.2801076541014498f,0.9316929773177857f,-0.23127450817265333f,1.3194725167315955f,-0.8306779156465942f,0.11448863685830665f,-0.5448546159181884f,0.2794539034091665f,0f,0f,0f,1f],start_interpolation:0}
execute if entity @s[tag=aj.lexiel.bone.left_wing] run data modify entity @s {} merge value {transformation:[-0.9115876108872605f,-0.1044557947694434f,0.3976141529371668f,0.12324394093581081f,0.06056355158867993f,0.9225070409710878f,0.3811991809772588f,1.1205279848288727f,-0.40662031908873186f,0.37157737592303913f,-0.8346197755902544f,0.2145731388815026f,0f,0f,0f,1f],start_interpolation:0}
execute if entity @s[tag=aj.lexiel.bone.right_wing] run data modify entity @s {} merge value {transformation:[-0.19715872705776288f,-0.1044557947694434f,0.9747909638912573f,0.002954211903462567f,0.34699791447180867f,0.9225070409710878f,0.16903611067160465f,1.1905548983542351f,-0.9169083289496164f,0.37157737592303913f,-0.1456343709601911f,0.006903659969853981f,0f,0f,0f,1f],start_interpolation:0}
execute if entity @s[tag=aj.lexiel.bone.body] run data modify entity @s {} merge value {transformation:[-0.4811589161293931f,-0.1044557947694434f,0.8703878930501455f,-0.1423865910756545f,0.2801076541014498f,0.9225070409710878f,0.2655568893336232f,-0.015335792203080345f,-0.8306779156465942f,0.37157737592303913f,-0.414613620325211f,0.43685708002438306f,0f,0f,0f,1f],start_interpolation:0}
execute if entity @s[tag=aj.lexiel.bone.sword] run data modify entity @s {} merge value {transformation:[0.000005701789602626702f,-0.000005052152649164731f,0.00000869808916871492f,-0.38994940539563133f,0.000008602256155362104f,-0.0000027331867377791475f,-0.000007226498844112754f,1.8075393975972962f,0.000005213654247733812f,0.000010034782016365176f,0.0000024108848000518884f,-0.6188866078227777f,0f,0f,0f,1f],start_interpolation:0}
execute if entity @s[tag=aj.lexiel.bone.rod] run data modify entity @s {} merge value {transformation:[-0.000006164724928246121f,-0.000003278766983640765f,0.000007158620930461964f,-0.4713430624668465f,0.0000056107234707569384f,-0.000008207910162547077f,0.0000010723772182649475f,1.733369875330435f,0.000005524124246770532f,0.000004677595304271596f,0.000006899576325811481f,-0.6343867710206973f,0f,0f,0f,1f],start_interpolation:0}
execute if entity @s[tag=aj.lexiel.bone.right_hand] run data modify entity @s {} merge value {transformation:[-0.616472492824612f,0.27434710358106607f,0.7380347771936553f,-0.31843698395370623f,0.5610723470756938f,-0.5045583732281904f,0.6562154138332126f,1.5726854917912794f,0.5524124246770531f,0.8186296566592259f,0.15711778479986638f,-0.27226067344658156f,0f,0f,0f,1f],start_interpolation:0}
execute if entity @s[tag=aj.lexiel.bone.right_arm] run data modify entity @s {} merge value {transformation:[-0.7697505055657345f,0.23106163347311787f,0.5950585523442466f,-0.22217552019442766f,0.49456375727880797f,-0.37351405376636976f,0.7847891064644577f,1.440507232574326f,0.40359738498603326f,0.8983862049117562f,0.1732379221091262f,-0.004127402692471305f,0f,0f,0f,1f],start_interpolation:0}
execute if entity @s[tag=aj.lexiel.bone.left_hand] run data modify entity @s {} merge value {transformation:[0.2168957921802308f,0.8950216011260799f,0.38973394624053276f,-0.1171847404174237f,-0.46589086347675923f,0.4457433778136367f,-0.7643680687104668f,1.0430274301738514f,-0.857847258352785f,-0.015785266959976743f,0.5136622496189617f,0.6280803747237773f,0f,0f,0f,1f],start_interpolation:0}
execute if entity @s[tag=aj.lexiel.bone.left_arm] run data modify entity @s {} merge value {transformation:[0.012906818349823768f,0.6744632285853128f,0.738195615894839f,0.09358501851548655f,-0.3882660426731453f,0.6837092940684739f,-0.6178924512496686f,1.2566865845702495f,-0.9214569410162473f,-0.2786412648741474f,0.2706956803540006f,0.5410049794506062f,0f,0f,0f,1f],start_interpolation:0}
execute if entity @s[tag=aj.lexiel.bone.skirt_right] run data modify entity @s {} merge value {transformation:[-0.314998369012569f,-0.11424798404169596f,0.9421907586374586f,-0.16401975089623688f,0.10682560635401071f,0.982152092633946f,0.15480812886233988f,0.692170119809236f,-0.9430611418919346f,0.14941440719411658f,-0.29717169713199726f,-0.16956329775558526f,0f,0f,0f,1f],start_interpolation:0}
execute if entity @s[tag=aj.lexiel.bone.skirt_left] run data modify entity @s {} merge value {transformation:[-0.314998369012569f,0.2946431830532857f,0.9021981058501782f,-0.02620796445323796f,0.10682560635401071f,0.9555568319316188f,-0.27477159746943686f,0.6454339170293563f,-0.9430611418919346f,0.009825254655034449f,-0.3324742802450206f,0.2430259518221361f,0f,0f,0f,1f],start_interpolation:0}
execute if entity @s[tag=aj.lexiel.bone.skirt_back_middle] run data modify entity @s {} merge value {transformation:[-0.314998369012569f,-0.2761220087022945f,0.9080378096916621f,0.16273679418944179f,0.10682560635401071f,0.9403488459981016f,0.3230051666105922f,0.7737263104514509f,-0.9430611418919346f,0.1987477902776493f,-0.2667114517849436f,-0.03750981233546653f,0f,0f,0f,1f],start_interpolation:0}
execute if entity @s[tag=aj.lexiel.bone.skirt_front_middle] run data modify entity @s {} merge value {transformation:[-0.314998369012569f,0.21489023076565614f,0.9244448151409064f,-0.19058474029960515f,0.10682560635401071f,0.975868572359033f,-0.19044374316065282f,0.7156732621280734f,-0.9430611418919346f,0.038764909433994396f,-0.3303527878648143f,0.07392957408903245f,0f,0f,0f,1f],start_interpolation:0}
execute if entity @s[tag=aj.lexiel.bone.skirt] run data modify entity @s {} merge value {transformation:[-0.314998369012569f,-0.11424798404169596f,0.9421907586374586f,-0.09725600737551923f,0.10682560635401071f,0.982152092633946f,0.15480812886233988f,0.6872173701561827f,-0.9430611418919346f,0.14941440719411658f,-0.29717169713199726f,0.0395328471681651f,0f,0f,0f,1f],start_interpolation:0}
execute if entity @s[tag=aj.lexiel.bone.rightupper] run data modify entity @s {} merge value {transformation:[-0.3538633039987936f,-0.012052100771446472f,0.9352194977383931f,-0.05324439363978198f,0.06260148278339543f,0.9973694876484395f,0.03653983389685477f,0.6788319567804876f,-0.9331997730584689f,0.07147623363667388f,-0.35217798282791357f,-0.12225161906786602f,0f,0f,0f,1f],start_interpolation:0}
execute if entity @s[tag=aj.lexiel.bone.rightfoot] run data modify entity @s {} merge value {transformation:[-0.3574588100904003f,-0.31616638610589143f,0.878784396416718f,-0.11730818702408888f,0.10579601118826461f,0.9211890961769199f,0.3744567439657111f,0.36019368873047647f,-0.9279172393621146f,0.22682474596368435f,-0.29583801566584117f,-0.08805825008185461f,0f,0f,0f,1f],start_interpolation:0}
execute if entity @s[tag=aj.lexiel.bone.leftupper] run data modify entity @s {} merge value {transformation:[-0.2898876515065423f,0.39998238832064353f,0.8694706657141089f,0.035187807116440914f,0.06211508671154447f,0.9144277964410908f,-0.3999543987740459f,0.6320976453910278f,-0.9550428605601108f,-0.061934595576343204f,-0.28992626711623787f,0.13431432397791734f,0f,0f,0f,1f],start_interpolation:0}
execute if entity @s[tag=aj.lexiel.bone.leftfoot] run data modify entity @s {} merge value {transformation:[-0.30384233721129184f,-0.2630391647800606f,0.915691122546128f,-0.18465800197922053f,0.020818907545623017f,0.9590685311077505f,0.2824077295815907f,0.4116954748537018f,-0.9524948331652968f,0.10487111342324061f,-0.28592943598514564f,0.1929226800419746f,0f,0f,0f,1f],start_interpolation:0}
execute if entity @s[tag=aj.lexiel.bone.lower] run data modify entity @s {} merge value {transformation:[-0.314998369012569f,-0.11424798404169596f,0.9421907586374586f,0f,0.10682560635401071f,0.982152092633946f,0.15480812886233988f,0.625f,-0.9430611418919346f,0.14941440719411658f,-0.29717169713199726f,0f,0f,0f,0f,1f],start_interpolation:0}
execute if entity @s[tag=aj.lexiel.bone.sucidesword] run data modify entity @s {} merge value {transformation:[-3.8510861166685117e-16f,0.9153918550564963f,-0.7063793698829446f,0.046874999999999625f,-1.1562499999999998f,1.2836953722228372e-16f,1.2836953722228372e-16f,1.1088035236143428f,-4.716220286018903e-32f,0.7063793698829446f,0.9153918550564961f,3.0607328037004886f,0f,0f,0f,1f],start_interpolation:0}