execute if entity @s[tag=aj.lexiel.bone.backhair] run data modify entity @s {} merge value {transformation:[-0.9506110251704161f,-0.0833871050098085f,-0.29897369372995697f,-0.15494269405272187f,-0.16549322873289393f,0.9510647336670027f,0.2609365126203599f,1.4833066732826767f,0.26258459602195433f,0.2975272476480033f,-0.91789262271738f,0.0680771482168846f,0f,0f,0f,1f],start_interpolation:0}
execute if entity @s[tag=aj.lexiel.bone.head] run data modify entity @s {} merge value {transformation:[-0.9506110251704161f,-0.0833871050098085f,-0.29897369372995697f,-0.0768307301714803f,-0.16549322873289393f,0.9510647336670027f,0.2609365126203599f,1.4288557985814405f,0.26258459602195433f,0.2975272476480033f,-0.91789262271738f,0.31654123937068873f,0f,0f,0f,1f],start_interpolation:0}
execute if entity @s[tag=aj.lexiel.bone.ring] run data modify entity @s {} merge value {transformation:[-0.31759093098014773f,-0.04386058911409975f,-0.9472128848794907f,-0.021512604448014505f,-0.25093498058083274f,0.9672038236514415f,0.03934970184039663f,0.9175796236028033f,0.9144220229631722f,0.25018595531443233f,-0.31818131887863044f,0.08863154702379283f,0f,0f,0f,1f],start_interpolation:0}
execute if entity @s[tag=aj.lexiel.bone.bust] run data modify entity @s {} merge value {transformation:[-0.30514969974455314f,-0.5587742685131014f,-0.7711387537878366f,0.002006498153240388f,-0.4150758957875319f,0.8068360169312874f,-0.42038986966699515f,1.3266127269602603f,0.8570855625210281f,0.19179926650043186f,-0.4781394983557719f,0.2950947481531938f,0f,0f,0f,1f],start_interpolation:0}
execute if entity @s[tag=aj.lexiel.bone.left_wing] run data modify entity @s {} merge value {transformation:[0.3345351357935029f,-0.0983433346194948f,-0.9372378734641174f,-0.12328310703789613f,-0.353256429120842f,0.908935422184244f,-0.2214639780721499f,1.1732124469090979f,0.8736682083058843f,0.40517278639448157f,0.2693304196724121f,0.030354733872628437f,0f,0f,0f,1f],start_interpolation:0}
execute if entity @s[tag=aj.lexiel.bone.right_wing] run data modify entity @s {} merge value {transformation:[-0.5758588490105485f,-0.0983433346194948f,-0.8116126998465245f,-0.1995705319740344f,-0.3840322341074025f,0.908935422184244f,0.1623442067498171f,1.0694434729622149f,0.7217380613371611f,0.40517278639448157f,-0.561185516547432f,0.24462612450288546f,0f,0f,0f,1f],start_interpolation:0}
execute if entity @s[tag=aj.lexiel.bone.body] run data modify entity @s {} merge value {transformation:[-0.30514969974455314f,-0.0983433346194948f,-0.9472128848794907f,0.6753529596217693f,-0.4150758957875319f,0.908935422184244f,0.03934970184039663f,0.45214538588144565f,0.8570855625210281f,0.40517278639448157f,-0.31818131887863044f,-0.47203851501843963f,0f,0f,0f,1f],start_interpolation:0}
execute if entity @s[tag=aj.lexiel.bone.sword] run data modify entity @s {} merge value {transformation:[0.5312072424393576f,-0.8747850179956244f,0.5380372667114884f,0.16183614709112878f,0.9242246624256631f,0.6713268448236636f,0.17900587499653042f,0.8805541185991714f,-0.4478188265851966f,0.3478297028856223f,1.0076640605114173f,-0.012724238212125483f,0f,0f,0f,1f],start_interpolation:0}
execute if entity @s[tag=aj.lexiel.bone.rod] run data modify entity @s {} merge value {transformation:[0.000006628166026966951f,-0.000006969626614433022f,0.0000027371006511175423f,0.08480762932239796f,0.0000074843642365806726f,0.000006277629453511113f,-0.000002139079339015266f,0.9474252292937336f,-2.273919373095318e-7f,0.0000034663631228993718f,0.000009377239444903279f,-0.05700925270586932f,0f,0f,0f,1f],start_interpolation:0}
execute if entity @s[tag=aj.lexiel.bone.right_hand] run data modify entity @s {} merge value {transformation:[0.6628166026966951f,-0.29928478102085004f,0.6863692672599158f,0.013758330112284972f,0.7484364236580672f,0.29263968502403753f,-0.5951511862467841f,1.0436035166936626f,-0.022739193730953178f,0.9081798470558208f,0.41796207300439603f,0.3504668626904217f,0f,0f,0f,1f],start_interpolation:0}
execute if entity @s[tag=aj.lexiel.bone.right_arm] run data modify entity @s {} merge value {transformation:[0.8577935243196226f,-0.47975233983479126f,0.18446669633937812f,-0.1629703237210755f,0.4717066136316248f,0.5922214409612474f,-0.6532737829746184f,1.213931885318064f,0.20416449321933133f,0.6473881813014714f,0.7343060686251114f,0.5463955289340274f,0f,0f,0f,1f],start_interpolation:0}
execute if entity @s[tag=aj.lexiel.bone.left_hand] run data modify entity @s {} merge value {transformation:[-0.883270332573316f,-0.4127574803263087f,-0.22240679402954638f,0.14364921328936478f,-0.3355738557747627f,0.8878058957808188f,-0.31494583460855097f,1.201462427109254f,0.32745031213343345f,-0.20354840665427695f,-0.9226832279998496f,-0.0881486976110877f,0f,0f,0f,1f],start_interpolation:0}
execute if entity @s[tag=aj.lexiel.bone.left_arm] run data modify entity @s {} merge value {transformation:[-0.7528919106680549f,-0.3403681489698474f,-0.5632968081015955f,0.03728416673628747f,-0.4111615138107463f,0.9115616474220086f,-0.0012539976591944002f,1.4863254419286318f,0.513906587242722f,0.23066184365020925f,-0.8262536738026798f,-0.016066871470397315f,0f,0f,0f,1f],start_interpolation:0}
execute if entity @s[tag=aj.lexiel.bone.skirt_right] run data modify entity @s {} merge value {transformation:[-0.9016105533739949f,-0.09883265980299787f,0.4211062994077667f,-0.24257421329584247f,-0.00829053872672384f,0.9773161383724569f,0.2116233272689223f,0.6613749034379324f,-0.4324692786918621f,0.1873106271224716f,-0.8819779203328885f,-0.0007956561972397996f,0f,0f,0f,1f],start_interpolation:0}
execute if entity @s[tag=aj.lexiel.bone.skirt_left] run data modify entity @s {} merge value {transformation:[-0.9016105533739949f,0.09951347505294267f,0.4209459327841595f,0.15188040380528026f,-0.00829053872672384f,0.9690212591867726f,-0.24683813767670176f,0.665002014130874f,-0.4324692786918621f,-0.22604173846210135f,-0.872854773407794f,0.18840965323044984f,0f,0f,0f,1f],start_interpolation:0}
execute if entity @s[tag=aj.lexiel.bone.skirt_back_middle] run data modify entity @s {} merge value {transformation:[-0.9016105533739949f,-0.17045551112103374f,0.3975466372302826f,0.0669122007254659f,-0.00829053872672384f,0.9257205050810867f,0.37811745984553313f,0.7837897782270661f,-0.4324692786918621f,0.3376188164200639f,-0.836052544871945f,-0.14254237738186537f,0f,0f,0f,1f],start_interpolation:0}
execute if entity @s[tag=aj.lexiel.bone.skirt_front_middle] run data modify entity @s {} merge value {transformation:[-0.9016105533739949f,0.05731891905263904f,0.42873412689366797f,-0.09100266155244661f,-0.00829053872672384f,0.9887090380684209f,-0.14961853163775715f,0.7044310305012202f,-0.4324692786918621f,-0.13845208398740289f,-0.8909552982205593f,0.1881993427429678f,0f,0f,0f,1f],start_interpolation:0}
execute if entity @s[tag=aj.lexiel.bone.skirt] run data modify entity @s {} merge value {transformation:[-0.9016105533739949f,-0.09883265980299787f,0.4211062994077667f,-0.047200017116587334f,-0.00829053872672384f,0.9773161383724569f,0.2116233272689223f,0.6815131363788868f,-0.4324692786918621f,0.1873106271224716f,-0.8819779203328885f,0.09731907277515138f,0f,0f,0f,1f],start_interpolation:0}
execute if entity @s[tag=aj.lexiel.bone.rightupper] run data modify entity @s {} merge value {transformation:[-0.9158335397118613f,-0.0854205589186724f,0.392367500760275f,-0.13059258858815453f,-0.054761915182733725f,0.994552018215019f,0.0886984538193954f,0.6624580411338804f,-0.3978065612635893f,0.05974622313129059f,-0.9155218886718024f,-0.047125130852662823f,0f,0f,0f,1f],start_interpolation:0}
execute if entity @s[tag=aj.lexiel.bone.rightfoot] run data modify entity @s {} merge value {transformation:[-0.9201064703602839f,-0.1757655113381279f,0.35001509713894685f,-0.10979201192800306f,-0.011768169635507544f,0.905654631116164f,0.4238528038379304f,0.3437711471955343f,-0.39149149848313425f,0.38587067025350813f,-0.8353671243552372f,0.02222688147463714f,0f,0f,0f,1f],start_interpolation:0}
execute if entity @s[tag=aj.lexiel.bone.leftupper] run data modify entity @s {} merge value {transformation:[-0.8864422275061582f,0.1284826752251035f,0.44464860222530916f,0.11891374830064166f,-0.05180291673886411f,0.92711979814947f,-0.37116753319307455f,0.6464020515041078f,-0.45993111996392133f,-0.35205266942076496f,-0.8151823617096036f,0.06864854720408961f,0f,0f,0f,1f],start_interpolation:0}
execute if entity @s[tag=aj.lexiel.bone.leftfoot] run data modify entity @s {} merge value {transformation:[-0.8895658191418816f,-0.2333146819428869f,0.3927300760119129f,0.0331603970351109f,-0.09343770466301113f,0.9344859476456772f,0.34351915376011954f,0.41950151747539066f,-0.4471487993517832f,0.2688871005508636f,-0.8530871458389281f,0.27238059269334325f,0f,0f,0f,1f],start_interpolation:0}
execute if entity @s[tag=aj.lexiel.bone.lower] run data modify entity @s {} merge value {transformation:[-0.9016105533739949f,-0.09883265980299787f,0.4211062994077667f,0f,-0.00829053872672384f,0.9773161383724569f,0.2116233272689223f,0.625f,-0.4324692786918621f,0.1873106271224716f,-0.8819779203328885f,0f,0f,0f,0f,1f],start_interpolation:0}
execute if entity @s[tag=aj.lexiel.bone.sucidesword] run data modify entity @s {} merge value {transformation:[-0.000006086871883269425f,-0.000008449801102767083f,0.00000502416741862175f,0.04687499999999976f,-0.000009830635631873668f,0.000005231895340001439f,-0.000003110832762237002f,0.7117447000849311f,-1.035791307551737e-22f,-0.000005909275651460798f,-0.000009938403670864481f,1.9875710389946062f,0f,0f,0f,1f],start_interpolation:0}