execute if entity @s[tag=aj.lexiel.bone.backhair] run data modify entity @s {} merge value {transformation:[-0.7682520819544951f,0.13361870898678282f,0.6260469464675061f,0.08179343682582502f,0.19417392011374146f,0.9805383246547675f,0.02900142463542399f,1.483630413900479f,-0.6099878911259187f,0.14384239462664417f,-0.7792458778766989f,-0.1267310320865112f,0f,0f,0f,1f],start_interpolation:0}
execute if entity @s[tag=aj.lexiel.bone.head] run data modify entity @s {} merge value {transformation:[-0.7682520819544951f,0.13361870898678282f,0.6260469464675061f,-0.08241249100168782f,0.19417392011374146f,0.9805383246547675f,0.02900142463542399f,1.4912478218044252f,-0.6099878911259187f,0.14384239462664417f,-0.7792458778766989f,0.08250369164052825f,0f,0f,0f,1f],start_interpolation:0}
execute if entity @s[tag=aj.lexiel.bone.ring] run data modify entity @s {} merge value {transformation:[-0.22869504425436685f,-0.06679020408272135f,0.9712042243380541f,-0.02307549748047255f,0.25165443674443205f,0.9596775357184663f,0.12525602542063471f,0.935049390105239f,-0.9404087521925428f,0.27305328431630416f,-0.20266544531257344f,0.023101033659347903f,0f,0f,0f,1f],start_interpolation:0}
execute if entity @s[tag=aj.lexiel.bone.bust] run data modify entity @s {} merge value {transformation:[-0.21362265543220357f,0.3942468343493558f,0.8938315247805961f,-0.14068004588574914f,0.08118498516043487f,0.9189515174153116f,-0.38592370596349296f,1.3740953499246973f,-0.973537035387249f,-0.00987634778691672f,-0.22831578675991257f,0.08551975369269549f,0f,0f,0f,1f],start_interpolation:0}
execute if entity @s[tag=aj.lexiel.bone.left_wing] run data modify entity @s {} merge value {transformation:[-0.7607099187163622f,-0.10548798848216041f,0.6404628824940075f,0.10195236501033705f,-0.011842657868492867f,0.9887972119096642f,0.14879457373938254f,1.156857660243003f,-0.6489839528225295f,0.10560472529987616f,-0.7534371048555959f,0.14256101607803018f,0f,0f,0f,1f],start_interpolation:0}
execute if entity @s[tag=aj.lexiel.bone.right_wing] run data modify entity @s {} merge value {transformation:[0.0883111952119616f,-0.10548798848216041f,0.9904915027834524f,0.04854670115228621f,0.11509270976058951f,0.9887972119096642f,0.09504599875659903f,1.1771539065331118f,-0.9894214475946027f,0.10560472529987616f,0.0994627620476034f,-0.10082324276878207f,0f,0f,0f,1f],start_interpolation:0}
execute if entity @s[tag=aj.lexiel.bone.body] run data modify entity @s {} merge value {transformation:[-0.21362265543220357f,-0.10548798848216041f,0.9712042243380541f,-0.326046790211845f,0.08118498516043487f,0.9887972119096642f,0.12525602542063471f,0.12113088875463307f,-0.973537035387249f,0.10560472529987616f,-0.20266544531257344f,0.5352988776999731f,0f,0f,0f,1f],start_interpolation:0}
execute if entity @s[tag=aj.lexiel.bone.sword] run data modify entity @s {} merge value {transformation:[0.0000035408279655723386f,-0.0000065994337105630435f,0.000008809166718146782f,-0.24136087870397005f,0.000010654810108042838f,0.000004377141952432329f,-0.0000010035218681250014f,1.1821195224788998f,-0.0000027620581329452595f,0.000008424933784792673f,0.000007421787644637237f,-0.9196438550606305f,0f,0f,0f,1f],start_interpolation:0}
execute if entity @s[tag=aj.lexiel.bone.rod] run data modify entity @s {} merge value {transformation:[-0.0000071367893425215975f,-0.000003376990304539586f,0.000006136951552971214f,-0.3156854353474771f,0.000006940172808463084f,-0.0000022222249638264027f,0.0000068480448011689014f,1.1116000268513184f,-9.48809395579426e-7f,0.000009146455744887873f,0.0000039296447724530794f,-0.8764094415829877f,0f,0f,0f,1f],start_interpolation:0}
execute if entity @s[tag=aj.lexiel.bone.right_hand] run data modify entity @s {} merge value {transformation:[-0.7136789342521597f,0.19515873145780935f,0.6727372803260424f,-0.20171408223317996f,0.6940172808463083f,0.3270948575532133f,0.6413649258019491f,1.3008927046254188f,-0.09488093955794259f,0.9246199347288709f,-0.36888424147770305f,-0.5137608859582136f,0f,0f,0f,1f],start_interpolation:0}
execute if entity @s[tag=aj.lexiel.bone.right_arm] run data modify entity @s {} merge value {transformation:[-0.822889333007855f,0.11749989975243388f,0.5559198855770994f,-0.1392800719040489f,0.5435144430495343f,0.4480336408653097f,0.7098294913917915f,1.4239183910505302f,-0.16566591628467758f,0.8862616037102942f,-0.4325449964690558f,-0.23162707491485046f,0f,0f,0f,1f],start_interpolation:0}
execute if entity @s[tag=aj.lexiel.bone.left_hand] run data modify entity @s {} merge value {transformation:[0.4867377143397972f,0.5641510278927253f,0.6669482852267117f,-0.08619128157214108f,-0.6205971254444653f,0.7606395023496035f,-0.19049082748367202f,1.1426294850214358f,-0.6147728078968168f,-0.3211871186597136f,0.7203424390369726f,0.6023989061412198f,0f,0f,0f,1f],start_interpolation:0}
execute if entity @s[tag=aj.lexiel.bone.left_arm] run data modify entity @s {} merge value {transformation:[0.2768760705498784f,0.27872344734552246f,0.9195938676702266f,0.0009097957233346887f,-0.6836643576850173f,0.7296360304561884f,-0.01530715817089938f,1.3706407445389948f,-0.6752352831332138f,-0.6244553650662021f,0.39257204364555115f,0.4072566045580317f,0f,0f,0f,1f],start_interpolation:0}
execute if entity @s[tag=aj.lexiel.bone.skirt_right] run data modify entity @s {} merge value {transformation:[0.16449584768670916f,-0.17631485169223676f,0.9704917254498233f,-0.06546882689867986f,0.1025118824013346f,0.981622481615738f,0.1609615406023912f,0.6906181646897521f,-0.9810364060830595f,0.0730094285644316f,0.17954718956399524f,-0.22709932803128072f,0f,0f,0f,1f],start_interpolation:0}
execute if entity @s[tag=aj.lexiel.bone.skirt_left] run data modify entity @s {} merge value {transformation:[0.16449584768670916f,0.2503520029844502f,0.9540780841710517f,-0.1374357602616151f,0.1025118824013346f,0.9576773855150715f,-0.2689708892046718f,0.6457692161391683f,-0.9810364060830595f,0.14204893478900388f,0.13186989825181256f,0.20210409963005785f,0f,0f,0f,1f],start_interpolation:0}
execute if entity @s[tag=aj.lexiel.bone.skirt_back_middle] run data modify entity @s {} merge value {transformation:[0.16449584768670916f,-0.3421603524829091f,0.9251310227652092f,0.16047882597185054f,0.1025118824013346f,0.9387587522261955f,0.3289731282114869f,0.7748155288098664f,-0.9810364060830595f,0.040722209020236544f,0.1894974185368926f,0.04256312214953921f,0f,0f,0f,1f],start_interpolation:0}
execute if entity @s[tag=aj.lexiel.bone.skirt_front_middle] run data modify entity @s {} merge value {transformation:[0.16449584768670916f,0.16624595396456734f,0.9722671437852056f,-0.2034555710718332f,0.1025118824013346f,0.9774754915586104f,-0.18448028991951487f,0.7144549510839696f,-0.9810364060830595f,0.13001517677819097f,0.14374847389440293f,-0.024767073936959004f,0f,0f,0f,1f],start_interpolation:0}
execute if entity @s[tag=aj.lexiel.bone.skirt] run data modify entity @s {} merge value {transformation:[0.16449584768670916f,-0.17631485169223676f,0.9704917254498233f,-0.10475819704937693f,0.1025118824013346f,0.981622481615738f,0.1609615406023912f,0.6865991119447553f,-0.9810364060830595f,0.0730094285644316f,0.17954718956399524f,-0.011128687415028333f,0f,0f,0f,1f],start_interpolation:0}
execute if entity @s[tag=aj.lexiel.bone.rightupper] run data modify entity @s {} merge value {transformation:[0.12579237098531587f,-0.049565106048379236f,0.9908176318900997f,0.010155008671694526f,0.05802982915847068f,0.997408619539492f,0.04252745696798354f,0.6781822761334565f,-0.990357924353479f,0.05214734826180435f,0.12834264972927253f,-0.1332175516753629f,0f,0f,0f,1f],start_interpolation:0}
execute if entity @s[tag=aj.lexiel.bone.rightfoot] run data modify entity @s {} merge value {transformation:[0.11990508913009756f,-0.39059824971134705f,0.9127188926077597f,-0.060755129671380394f,0.10120859518749006f,0.9193712015607411f,0.38014919965841587f,0.35916435158969295f,-0.9876130769997317f,0.046793173254135366f,0.14976918600276345f,-0.13144607598332575f,0f,0f,0f,1f],start_interpolation:0}
execute if entity @s[tag=aj.lexiel.bone.leftupper] run data modify entity @s {} merge value {transformation:[0.1925308587832785f,0.3772751319506092f,0.9058671774757178f,-0.032088081622755206f,0.057957971052067486f,0.9171547246079146f,-0.39429441375818153f,0.6326416711751067f,-0.9795778386670969f,0.12841606574346776f,0.15471448558964473f,0.13505855601548655f,0f,0f,0f,1f],start_interpolation:0}
execute if entity @s[tag=aj.lexiel.bone.leftfoot] run data modify entity @s {} merge value {transformation:[0.1792367431802871f,-0.2866017470326211f,0.9411342244823387f,-0.25250802637889314f,0.01656775725659497f,0.9573695182945854f,0.2883905595886941f,0.4107855403089409f,-0.9836664573490397f,-0.036097701287520906f,0.17634414265335427f,0.0846668442906267f,0f,0f,0f,1f],start_interpolation:0}
execute if entity @s[tag=aj.lexiel.bone.lower] run data modify entity @s {} merge value {transformation:[0.16449584768670916f,-0.17631485169223676f,0.9704917254498233f,0f,0.1025118824013346f,0.981622481615738f,0.1609615406023912f,0.625f,-0.9810364060830595f,0.0730094285644316f,0.17954718956399524f,0f,0f,0f,0f,1f],start_interpolation:0}
execute if entity @s[tag=aj.lexiel.bone.sucidesword] run data modify entity @s {} merge value {transformation:[-1.2836953722228372e-16f,1.1521206541883697f,-0.09763227280240422f,0.04687499999999969f,-1.15625f,0f,1.6046192152785466e-17f,1.10880375f,-1.5720734286729678e-32f,0.09763227280240422f,1.1521206541883697f,2.5482325f,0f,0f,0f,1f],start_interpolation:0}