execute if entity @s[tag=aj.lexiel.bone.backhair] run data modify entity @s {} merge value {transformation:[-0.8557318387962634f,-0.1284207509285532f,-0.5012296188388239f,-0.14973315418453362f,-0.1473912868299209f,0.9890766662831192f,-0.0017767332076974746f,1.475074021450274f,0.49598268985619465f,0.07235647134305165f,-0.8653124940839558f,-0.11420989551188275f,0f,0f,0f,1f],start_interpolation:0}
execute if entity @s[tag=aj.lexiel.bone.head] run data modify entity @s {} merge value {transformation:[-0.8557318387962634f,-0.1284207509285532f,-0.5012296188388239f,-0.018600610913729654f,-0.1473912868299209f,0.9890766662831192f,-0.0017767332076974746f,1.4910002891192424f,0.49598268985619465f,0.07235647134305165f,-0.8653124940839558f,0.11676930559390318f,0f,0f,0f,1f],start_interpolation:0}
execute if entity @s[tag=aj.lexiel.bone.ring] run data modify entity @s {} merge value {transformation:[-0.11297116989448915f,-0.004256205513892591f,-0.9935891502463653f,-0.005208171055844368f,0.0227516226355923f,0.9997175481728661f,-0.006869318938634683f,0.9349800809533878f,0.9933377464086011f,-0.02338180039810009f,-0.11284242539942735f,0.03269540556629291f,0f,0f,0f,1f],start_interpolation:0}
execute if entity @s[tag=aj.lexiel.bone.bust] run data modify entity @s {} merge value {transformation:[-0.11051580164768887f,-0.5174135851419985f,-0.8485690540531589f,0.05541769478814995f,-0.1511931560567305f,0.8526144521558239f,-0.5001891897438704f,1.383378980941263f,0.982306921052567f,0.07301902413431963f,-0.1724567626006525f,0.1085321521363406f,0f,0f,0f,1f],start_interpolation:0}
execute if entity @s[tag=aj.lexiel.bone.left_wing] run data modify entity @s {} merge value {transformation:[0.5171806705593802f,-0.023808781969573957f,-0.8555450285641751f,-0.1208005106865232f,-0.11576781897338122f,0.9884803700726305f,-0.09749035886292544f,1.1692506415465376f,0.848010593147218f,0.14946471116019608f,0.5084666498679171f,-0.07150285717391347f,0f,0f,0f,1f],start_interpolation:0}
execute if entity @s[tag=aj.lexiel.bone.right_wing] run data modify entity @s {} merge value {transformation:[-0.36390986211553195f,-0.023808781969573957f,-0.9311298266923792f,-0.14842946109844535f,-0.14781928476155157f,0.9884803700726305f,0.032496415704795535f,1.1314523525323552f,0.9196298555982392f,0.14946471116019608f,-0.363237152298827f,0.17407387308922828f,0f,0f,0f,1f],start_interpolation:0}
execute if entity @s[tag=aj.lexiel.bone.body] run data modify entity @s {} merge value {transformation:[-0.11051580164768887f,-0.023808781969573957f,-0.9935891502463653f,0.563956866931814f,-0.1511931560567305f,0.9884803700726305f,-0.006869318938634683f,0.3035410524613673f,0.982306921052567f,0.14946471116019608f,-0.11284242539942735f,-0.5094646034066679f,0f,0f,0f,1f],start_interpolation:0}
execute if entity @s[tag=aj.lexiel.bone.sword] run data modify entity @s {} merge value {transformation:[-1.0611260577531216f,0.32068151075186757f,-0.32876879523339647f,-0.20367013273753803f,0.4571329381129625f,0.8171741629307352f,-0.6783582584672071f,1.1163586944061044f,0.04421570930709375f,-0.7525316063796605f,-0.8767298414848888f,1.03798066700021f,0f,0f,0f,1f],start_interpolation:0}
execute if entity @s[tag=aj.lexiel.bone.rod] run data modify entity @s {} merge value {transformation:[-0.000003606018562625156f,0.000005318256844444562f,-0.000007662426134229381f,-0.10202118549891609f,0.000009056805139981634f,0.0000039602328663171454f,-0.000001513550891428412f,1.1598066037591785f,0.0000022295539424748295f,-0.000007485499300718698f,-0.000006244708915276586f,1.0258924830710574f,0f,0f,0f,1f],start_interpolation:0}
execute if entity @s[tag=aj.lexiel.bone.right_hand] run data modify entity @s {} merge value {transformation:[-0.36060185626251556f,-0.16575780010560992f,-0.9178728958653137f,-0.23620831666750747f,0.9056805139981633f,0.1730065415850717f,-0.3870549613850665f,1.2216402884834527f,0.22295539424748295f,-0.9708723336633514f,0.08773712955771884f,0.6277649013230825f,0f,0f,0f,1f],start_interpolation:0}
execute if entity @s[tag=aj.lexiel.bone.right_arm] run data modify entity @s {} merge value {transformation:[-0.34751665471924753f,0.5582198258833476f,-0.75340745993354f,-0.05090472561898486f,0.8651489918892933f,0.5007296341449371f,-0.028054506269345816f,1.3510823931572051f,0.36159286016967035f,-0.6615591126118985f,-0.6569552069924363f,0.409727901751562f,0f,0f,0f,1f],start_interpolation:0}
execute if entity @s[tag=aj.lexiel.bone.left_hand] run data modify entity @s {} merge value {transformation:[-0.5688536501820061f,-0.35530753845979657f,-0.7417291134829807f,0.07655940273597468f,-0.656846794157795f,0.7390036094648613f,0.14975297727435694f,1.2483870820011207f,0.4949321303767168f,0.57238991807294f,-0.6537675183191788f,-0.467005937994563f,0f,0f,0f,1f],start_interpolation:0}
execute if entity @s[tag=aj.lexiel.bone.left_arm] run data modify entity @s {} merge value {transformation:[-0.4445651184664723f,-0.17580202727572392f,-0.8783253967913244f,0.021621269212310956f,-0.7252489989980491f,0.6461306234186043f,0.2377585054903685f,1.4503029018194344f,0.5257145089259182f,0.7427037529772093f,-0.41474738144845386f,-0.2349110151891851f,0f,0f,0f,1f],start_interpolation:0}
execute if entity @s[tag=aj.lexiel.bone.skirt_right] run data modify entity @s {} merge value {transformation:[-0.9866653190012662f,0.09893987138365931f,-0.12923795932586818f,-0.20011030225146031f,0.15064612410125658f,0.8557476909367582f,-0.4949763981743729f,0.7144107163964809f,0.06162218410117097f,-0.5078452434620133f,-0.8592414766057386f,0.08770020395269837f,0f,0f,0f,1f],start_interpolation:0}
execute if entity @s[tag=aj.lexiel.bone.skirt_left] run data modify entity @s {} merge value {transformation:[-0.813628992650767f,-0.5631308670208728f,-0.14453888378709118f,0.2306924122541718f,-0.29168403316262387f,0.6104447786919104f,-0.736395000638767f,0.7310980559493789f,0.5029197621053317f,-0.5569926379909385f,-0.660931852847033f,0.013290501136297199f,0f,0f,0f,1f],start_interpolation:0}
execute if entity @s[tag=aj.lexiel.bone.skirt_back_middle] run data modify entity @s {} merge value {transformation:[-0.9846919188700163f,-0.09274005535287773f,-0.1475842371164029f,-0.028367049768664852f,-0.03814249040662415f,0.9408326759757407f,-0.336718021854945f,0.6377965768554754f,0.1700793207232027f,-0.32593428471008057f,-0.9299676697137714f,-0.22132067535648708f,0f,0f,0f,1f],start_interpolation:0}
execute if entity @s[tag=aj.lexiel.bone.skirt_front_middle] run data modify entity @s {} merge value {transformation:[-0.9846919188700163f,-0.14569692958309347f,-0.09567773838330712f,0.02009718497853571f,-0.03814249040662415f,0.7157232265135899f,-0.6973416762639079f,0.8234127261708653f,0.1700793207232027f,-0.6830173260899284f,-0.710324121034404f,0.10089487837066491f,0f,0f,0f,1f],start_interpolation:0}
execute if entity @s[tag=aj.lexiel.bone.skirt] run data modify entity @s {} merge value {transformation:[-0.9846919188700163f,-0.11695885935392282f,-0.12923795932586818f,0.013098076388469687f,-0.03814249040662415f,0.8680688427054073f,-0.4949763981743729f,0.7390306769736563f,0.1700793207232027f,-0.4824698016899339f,-0.8592414766057386f,0.041449043762811506f,0f,0f,0f,1f],start_interpolation:0}
execute if entity @s[tag=aj.lexiel.bone.rightupper] run data modify entity @s {} merge value {transformation:[-0.9842432500963811f,-0.04586330072040258f,-0.17076821216708604f,-0.13542414970480887f,0.06582509471746906f,0.8013210515958026f,-0.5946020763290634f,0.6733477929037016f,0.16411057718852012f,-0.5964739138608052f,-0.7856758800793263f,-0.0010776572939746182f,0f,0f,0f,1f],start_interpolation:0}
execute if entity @s[tag=aj.lexiel.bone.rightfoot] run data modify entity @s {} merge value {transformation:[-0.9846777158865077f,-0.013338679092826477f,-0.17387315916089208f,-0.0779932692624485f,0.10278838428730003f,0.7610524761691598f,-0.6404948684980987f,0.46905158404272823f,0.14086995383024958f,-0.6485531652508136f,-0.7480203526315407f,0.24745518770406738f,0f,0f,0f,1f],start_interpolation:0}
execute if entity @s[tag=aj.lexiel.bone.leftupper] run data modify entity @s {} merge value {transformation:[-0.9492557280942309f,-0.16253532613803043f,-0.2692504975622073f,0.12876945504323875f,-0.061183148444844064f,0.9351869990581443f,-0.3488293266613326f,0.6621079912687097f,0.30849665318552205f,-0.314654643299327f,-0.8976760386818317f,-0.03179562062367616f,0f,0f,0f,1f],start_interpolation:0}
execute if entity @s[tag=aj.lexiel.bone.leftfoot] run data modify entity @s {} merge value {transformation:[-0.9422615472155885f,-0.15316619191187786f,-0.2977974047806651f,0.21434950058972504f,-0.1030785169285672f,0.9787527181444661f,-0.17725105379835238f,0.430217996118354f,0.3186188883081048f,-0.13632033736766203f,-0.9380291944461401f,0.16631421106873384f,0f,0f,0f,1f],start_interpolation:0}
execute if entity @s[tag=aj.lexiel.bone.lower] run data modify entity @s {} merge value {transformation:[-0.9915339375578628f,0.01256982658137018f,-0.12923795932586818f,0f,0.07548954450955635f,0.8656209874535531f,-0.4949763981743729f,0.625f,0.10564932248121706f,-0.5005420117628989f,-0.8592414766057386f,0f,0f,0f,0f,1f],start_interpolation:0}