execute if entity @s[tag=aj.axia.bone.wing_right_1] run data modify entity @s {} merge value {transformation:[0.1310286871375535f,-0.6600558385906311f,0.46271180829310193f,-0.059384848320196096f,0.7997197284515164f,0.04763983254098096f,-0.15850314421280368f,1.6839614206523266f,0.10111519923773382f,0.47854067825246627f,0.6540022784251043f,0.08030356335071573f,0f,0f,0f,1f],start_interpolation:0}
execute if entity @s[tag=aj.axia.bone.wing_right_2] run data modify entity @s {} merge value {transformation:[-0.18470792148125523f,-0.6327957491384797f,0.4532687101646713f,-0.059384848320196096f,0.716432022125768f,-0.3203387050134261f,-0.15526838616764443f,1.6839614206523266f,0.3043158579746675f,0.3700711471360494f,0.6406552931511226f,0.08030356335071573f,0f,0f,0f,1f],start_interpolation:0}
execute if entity @s[tag=aj.axia.bone.wing_left_1] run data modify entity @s {} merge value {transformation:[0.24347749259614776f,-0.7260913825197363f,0.2836449528444233f,-0.04161337249749102f,0.36298100318598f,-0.15737567693618196f,-0.7144383332936599f,1.7391351642632598f,0.6898608166649537f,0.33907026555553454f,0.2758040121008157f,0.11783782020316479f,0f,0f,0f,1f],start_interpolation:0}
execute if entity @s[tag=aj.axia.bone.wing_left_2] run data modify entity @s {} merge value {transformation:[0.539989089823592f,-0.5207760270486307f,0.2778562803373943f,-0.04161337249749102f,0.3865822850410478f,0.02744037015246198f,-0.6998579591448097f,1.7391351642632598f,0.4460559603501907f,0.6066624726627977f,0.27017535879263577f,0.11783782020316479f,0f,0f,0f,1f],start_interpolation:0}
execute if entity @s[tag=aj.axia.bone.blade] run data modify entity @s {} merge value {transformation:[0.5628272234410704f,-0.9292352613355365f,1.6792103339499471f,-0.7103362285893685f,-1.5727837757393457f,-1.2261482964814658f,-0.1513656163291074f,2.2034027722686087f,1.099807579226797f,-1.277921039863684f,-1.0757978920545517f,-0.3965614428968797f,0f,0f,0f,1f],start_interpolation:0}
execute if entity @s[tag=aj.axia.bone.arm_right_2] run data modify entity @s {} merge value {transformation:[-0.5411742756360094f,-0.8396051669749733f,-0.046835531157100374f,-0.5379480231776105f,-0.20192620921337212f,0.0756828081645536f,0.9764721801367644f,2.3042960211857477f,-0.8163064433302966f,0.5378989460272761f,-0.210495877489768f,-0.10391419986179398f,0f,0f,0f,1f],start_interpolation:0}
execute if entity @s[tag=aj.axia.bone.arm_right_1] run data modify entity @s {} merge value {transformation:[-0.5509655166683771f,-0.7838647728256777f,0.2863442287969099f,-0.3451779765340705f,0.4283507953557679f,0.02883903607644639f,0.9031522053985492f,2.147389945292001f,-0.7162070898562999f,0.6202614996282859f,0.31987978447917004f,0.14699718009071708f,0f,0f,0f,1f],start_interpolation:0}
execute if entity @s[tag=aj.axia.bone.arm_left_2] run data modify entity @s {} merge value {transformation:[0.05916771549756497f,-0.8302621933092412f,-0.5542236658643579f,-0.6523496690701747f,-0.9251443567722178f,0.16294362837528475f,-0.34286629041714894f,1.921322794755676f,0.3749761333409354f,0.5330235119891292f,-0.758471380535519f,-0.35506189411860656f,0f,0f,0f,1f],start_interpolation:0}
execute if entity @s[tag=aj.axia.bone.arm_left_1] run data modify entity @s {} merge value {transformation:[0.26675605608458625f,-0.8302621933092412f,-0.48939339687364536f,-0.5473144719868688f,-0.7235126869810515f,0.16294362837528475f,-0.6708045659872601f,1.6364396742568867f,0.6366872060279338f,0.5330235119891292f,-0.5572390307104469f,-0.10436630674510759f,0f,0f,0f,1f],start_interpolation:0}
execute if entity @s[tag=aj.axia.bone.ear_edge_a1] run data modify entity @s {} merge value {transformation:[0.4158617188939625f,-0.9017512299362715f,0.11791416397948355f,-1.0425485713808238f,-0.297508621205118f,-0.25741920745889235f,-0.9193606321459852f,1.7551143192130998f,0.8593879514324068f,0.34724641242157905f,-0.3753295591785359f,0.1765752541523441f,0f,0f,0f,1f],start_interpolation:0}
execute if entity @s[tag=aj.axia.bone.ear_edge_a2] run data modify entity @s {} merge value {transformation:[0.5518067423058703f,-0.8255940703994927f,0.11791416397948355f,-0.9873085326127666f,-0.25357656038091836f,-0.3007905518554682f,-0.9193606321459852f,1.7228749185509142f,0.7944861529134197f,0.47740912730663276f,-0.3753295591785359f,0.27289918568987337f,0f,0f,0f,1f],start_interpolation:0}
execute if entity @s[tag=aj.axia.bone.ear_edge_b1] run data modify entity @s {} merge value {transformation:[0.3346512448612291f,-0.9411005042252689f,-0.04835685328652552f,-0.9654143343414403f,-0.2909136109813829f,-0.054366106051507046f,-0.9552034324993651f,1.6978951774915723f,0.8963134581487677f,0.3337276845869116f,-0.2919726310489675f,0.27824083469686145f,0f,0f,0f,1f],start_interpolation:0}
execute if entity @s[tag=aj.axia.bone.ear_edge_b2] run data modify entity @s {} merge value {transformation:[0.6090882963319971f,-0.7916268451812452f,-0.04835685328652552f,-0.9898156381143471f,-0.25987523471489127f,-0.1416024891141088f,-0.9552034324993651f,1.7044971228166428f,0.749317228984671f,0.5943699799494234f,-0.2919726310489675f,0.2606836049294097f,0f,0f,0f,1f],start_interpolation:0}
execute if entity @s[tag=aj.axia.bone.ear_right_2] run data modify entity @s {} merge value {transformation:[0.47775168664265594f,-0.8771630068865895f,-0.04835685328652552f,-1.1104075909795255f,-0.27882724897025357f,-0.09920568417742673f,-0.9552034324993651f,1.6773020887161283f,0.8330718403245774f,0.4698332593341661f,-0.2919726310489675f,0.2625955556830821f,0f,0f,0f,1f],start_interpolation:0}
execute if entity @s[tag=aj.axia.bone.ear_right_1] run data modify entity @s {} merge value {transformation:[0.47775168664265594f,-0.8705455621867917f,0.11791416397948355f,-0.9145348394874977f,-0.27882724897025357f,-0.27754529953111234f,-0.9193606321459852f,1.7397497811106284f,0.8330718403245774f,0.4063484106835761f,-0.3753295591785359f,0.17116716327927767f,0f,0f,0f,1f],start_interpolation:0}
execute if entity @s[tag=aj.axia.bone.ear_edge_a3] run data modify entity @s {} merge value {transformation:[0.6998542866077664f,-0.7074201943117113f,0.09879598269522322f,-0.8190161191394725f,-0.1970994216657963f,-0.32420541971335065f,-0.9252257366759201f,1.6588329931379717f,0.6865535634571736f,0.6280505668403387f,-0.366328663901402f,0.486602923542704f,0f,0f,0f,1f],start_interpolation:0}
execute if entity @s[tag=aj.axia.bone.ear_edge_a4] run data modify entity @s {} merge value {transformation:[0.5805730193422101f,-0.8081920087548223f,0.09879598269522322f,-0.8940338895319546f,-0.2453897021133532f,-0.28938077042060173f,-0.9252257366759201f,1.6841820081269194f,0.7763497042625764f,0.5129175827514826f,-0.366328663901402f,0.40234794037001f,0f,0f,0f,1f],start_interpolation:0}
execute if entity @s[tag=aj.axia.bone.ear_edge_b3] run data modify entity @s {} merge value {transformation:[0.7594808673183627f,-0.6477348773481354f,-0.06023571070505841f,-0.8980470324218094f,-0.19924417511885487f,-0.14346950671373804f,-0.9693906639350949f,1.6680241008010628f,0.6192661551050203f,0.7482352767078765f,-0.23801974672562926f,0.3710402742973318f,0f,0f,0f,1f],start_interpolation:0}
execute if entity @s[tag=aj.axia.bone.ear_edge_b4] run data modify entity @s {} merge value {transformation:[0.5221481429146778f,-0.8507249708375849f,-0.06023571070505841f,-0.8892815812674251f,-0.2338269868297753f,-0.07487777310780765f,-0.9693906639350949f,1.6604764428938172f,0.8201745284272499f,0.52025026966625f,-0.23801974672562926f,0.39956158827784977f,0f,0f,0f,1f],start_interpolation:0}
execute if entity @s[tag=aj.axia.bone.ear_left_2] run data modify entity @s {} merge value {transformation:[0.6488023385295745f,-0.7585691693408135f,-0.06023571070505841f,-0.9427060868510834f,-0.2192347242287382f,-0.11053450306499477f,-0.9693906639350949f,1.6074740914182821f,0.7286917463584344f,0.6421486891349718f,-0.23801974672562926f,0.49765449053104804f,0f,0f,0f,1f],start_interpolation:0}
execute if entity @s[tag=aj.axia.bone.ear_left_1] run data modify entity @s {} merge value {transformation:[0.6488023385295745f,-0.7545163214416508f,0.09879598269522322f,-0.7729399145267122f,-0.2192347242287382f,-0.30966671097302395f,-0.9252257366759201f,1.6771491013872124f,0.7286917463584344f,0.5786291116019907f,-0.366328663901402f,0.36746294042060035f,0f,0f,0f,1f],start_interpolation:0}
execute if entity @s[tag=aj.axia.bone.head] run data modify entity @s {} merge value {transformation:[0.5663796998431418f,-0.8182013134974043f,0.09879598269522322f,-0.42749657829891086f,-0.2504027188936642f,-0.28505405551081325f,-0.9252257366759201f,1.8834529489693348f,0.7851831085652909f,0.49929029234300215f,-0.366328663901402f,0.024876547771069152f,0f,0f,0f,1f],start_interpolation:0}
execute if entity @s[tag=aj.axia.bone.body_1] run data modify entity @s {} merge value {transformation:[0.25734722960131806f,-0.8238134693982302f,0.5050779851216818f,-0.11856652727457453f,0.7989662876994419f,-0.11259648618531046f,-0.5907409774329984f,1.9256766312888263f,0.5435303805090378f,0.5555658367257408f,0.6292227956192691f,-0.18346064100108364f,0f,0f,0f,1f],start_interpolation:0}
execute if entity @s[tag=aj.axia.bone.leg_left_2] run data modify entity @s {} merge value {transformation:[0.3752560381925584f,-0.008704985294718803f,0.9268803207701868f,-0.20870861523775228f,0.5836148963038832f,-0.7746441721486905f,-0.24355709673150217f,2.0804790933576385f,0.7201225997094058f,0.6323374334855477f,-0.28560954395936733f,-0.43466977701041204f,0f,0f,0f,1f],start_interpolation:0}
execute if entity @s[tag=aj.axia.bone.leg_left_1] run data modify entity @s {} merge value {transformation:[0.3752560381925584f,0.7829372328367932f,0.4961775843766931f,0.059011585463450394f,0.5836148963038832f,-0.6154404002974168f,0.5297421698278925f,1.9227324549039106f,0.7201225997094058f,0.09078768154117087f,-0.687881558313745f,-0.44633492100003447f,0f,0f,0f,1f],start_interpolation:0}
execute if entity @s[tag=aj.axia.bone.leg_right_2] run data modify entity @s {} merge value {transformation:[0.22426120507979666f,-0.5006399536380203f,-0.8361019965993853f,0.45410559886624174f,0.5395855556882656f,0.7782291923840331f,-0.32125807727414696f,2.137044250448849f,0.8115136104765855f,-0.3791028368960291f,0.4446647040958386f,-0.3939573707654906f,0f,0f,0f,1f],start_interpolation:0}
execute if entity @s[tag=aj.axia.bone.leg_right_1] run data modify entity @s {} merge value {transformation:[0.22426120507979666f,-0.9627564308833005f,0.15101975595598788f,0.14695599298678308f,0.5395855556882656f,-0.006373812979922289f,-0.8419066472006758f,2.071012350393575f,0.8115136104765855f,0.27029507820333243f,0.5180600647707863f,-0.2651713604145225f,0f,0f,0f,1f],start_interpolation:0}
execute if entity @s[tag=aj.axia.bone.coat_downer] run data modify entity @s {} merge value {transformation:[0.3752560381925584f,-0.8688597529211788f,0.3229018977240202f,0.05798083979029109f,0.5836148963038832f,-0.04916800783776393f,-0.8105406589539317f,1.9897026069668677f,0.7201225997094058f,0.4926106340295689f,0.48862890277669135f,-0.3156425705252758f,0f,0f,0f,1f],start_interpolation:0}
execute if entity @s[tag=aj.axia.bone.body_2] run data modify entity @s {} merge value {transformation:[0.3752560381925584f,-0.7783755454408909f,0.5033035029280254f,-0.11886913394253729f,0.5836148963038832f,-0.223435637035175f,-0.7806857043105719f,1.9352192154394467f,0.7201225997094058f,0.5866924461438727f,0.37042599129311393f,-0.19017943490023398f,0f,0f,0f,1f],start_interpolation:0}