execute if entity @s[tag=aj.axia.bone.wing_right_1] run data modify entity @s {} merge value {transformation:[-0.46130439252862593f,-0.08134041072212521f,-0.6689741695026765f,0.06764235636489532f,-0.19879014130212777f,-0.7581970690090266f,0.22926868236121015f,8.518608769833529f,-0.6439139551208063f,0.2923446366433312f,0.40847751011653394f,0.3084498097001161f,0f,0f,0f,1f],start_interpolation:0}
execute if entity @s[tag=aj.axia.bone.wing_right_2] run data modify entity @s {} merge value {transformation:[-0.4479843076700856f,0.09931572995825058f,-0.6553216354311934f,0.06764235636489532f,-0.46413805674277975f,-0.6116660180313286f,0.22458972965996096f,8.518608769833529f,-0.4731658529145887f,0.5059654812025797f,0.40014123439987f,0.3084498097001161f,0f,0f,0f,1f],start_interpolation:0}
execute if entity @s[tag=aj.axia.bone.wing_left_1] run data modify entity @s {} merge value {transformation:[-0.46130439252862604f,0.08134041072212514f,0.6689741695026765f,-0.06764235636489539f,0.19879014130212777f,-0.7581970690090266f,0.22926868236121015f,8.518608769833529f,0.6439139551208061f,0.29234463664333127f,0.40847751011653405f,0.30844980970011604f,0f,0f,0f,1f],start_interpolation:0}
execute if entity @s[tag=aj.axia.bone.wing_left_2] run data modify entity @s {} merge value {transformation:[-0.44798430767008574f,-0.09931572995825069f,0.6553216354311934f,-0.06764235636489539f,0.46413805674277975f,-0.6116660180313286f,0.22458972965996096f,8.518608769833529f,0.47316585291458846f,0.5059654812025796f,0.4001412343998701f,0.30844980970011604f,0f,0f,0f,1f],start_interpolation:0}
execute if entity @s[tag=aj.axia.bone.blade] run data modify entity @s {} merge value {transformation:[-0.036569294904736205f,-0.05594890348828138f,1.9988827896774313f,-0.0058176567019509115f,-0.8179537641238163f,-1.8238951764282696f,-0.06601534031853112f,7.646920665357237f,1.8247230821211893f,-0.8187039181536571f,0.010467472187646076f,-0.27942130791066955f,0f,0f,0f,1f],start_interpolation:0}
execute if entity @s[tag=aj.axia.bone.arm_right_2] run data modify entity @s {} merge value {transformation:[0.6396154490421248f,-0.7313141443874228f,-0.23679463584619653f,-0.2643159043903956f,-0.5158885524907354f,-0.6367557785131334f,0.5730628935284039f,7.821636623137301f,-0.5698693523568844f,-0.24438023804928438f,-0.7845554285678741f,-0.09706076998958851f,0f,0f,0f,1f],start_interpolation:0}
execute if entity @s[tag=aj.axia.bone.arm_right_1] run data modify entity @s {} merge value {transformation:[0.10447774185082566f,-0.9659258262890684f,-0.23679463584619653f,-0.2984375f,-0.7878192726635738f,-0.22569828018992613f,0.5730628935284039f,8.125865270318549f,-0.6069803910157144f,0.12667906072863858f,-0.7845554285678741f,0.13545557367752276f,0f,0f,0f,1f],start_interpolation:0}
execute if entity @s[tag=aj.axia.bone.arm_left_2] run data modify entity @s {} merge value {transformation:[0.5386877996245615f,0.8085442195514824f,0.2367946358461971f,0.25623982859878713f,0.5945883615519467f,-0.5639712761903964f,0.5730628935284039f,7.831138350195302f,0.5968920629750575f,-0.16790665460922008f,-0.784555428567874f,-0.09255794501814715f,0f,0f,0f,1f],start_interpolation:0}
execute if entity @s[tag=aj.axia.bone.arm_left_1] run data modify entity @s {} merge value {transformation:[0.10447774185082552f,0.9659258262890684f,0.2367946358461971f,0.2984375f,0.7878192726635739f,-0.2256982801899262f,0.5730628935284039f,8.125865270318549f,0.6069803910157145f,0.12667906072863913f,-0.784555428567874f,0.1354555736775228f,0f,0f,0f,1f],start_interpolation:0}
execute if entity @s[tag=aj.axia.bone.ear_edge_a1] run data modify entity @s {} merge value {transformation:[-0.9975640502598242f,0.06975647374412534f,-1.156558832967147e-16f,0.1859375f,-0.06587815027286216f,-0.9421014406617175f,-0.32879316419253934f,7.549061551494224f,-0.02293545172524487f,-0.3279922405696529f,0.9444019563619389f,0.14275120507478073f,0f,0f,0f,1f],start_interpolation:0}
execute if entity @s[tag=aj.axia.bone.ear_edge_a2] run data modify entity @s {} merge value {transformation:[-0.9961946980917455f,-0.08715574274765814f,-1.156558832967147e-16f,0.0703125f,0.08231005395906625f,-0.9408082217952356f,-0.32879316419253934f,7.549061551494224f,0.028656212435553375f,-0.3275420069374165f,0.9444019563619389f,0.14275120507478073f,0f,0f,0f,1f],start_interpolation:0}
execute if entity @s[tag=aj.axia.bone.ear_edge_b1] run data modify entity @s {} merge value {transformation:[-0.9876883405951378f,0.15643446504023095f,-8.002815822658709e-17f,0.04843749999999998f,-0.10222671654429205f,-0.6454340864217802f,-0.7569442109623765f,7.532887609990116f,-0.11841216270719915f,-0.7476249716485256f,0.6534795034968924f,0.20607839782809062f,0f,0f,0f,1f],start_interpolation:0}
execute if entity @s[tag=aj.axia.bone.ear_edge_b2] run data modify entity @s {} merge value {transformation:[-0.9876883405951378f,-0.15643446504023079f,-8.002815822658709e-17f,0.0765625f,0.10222671654429205f,-0.6454340864217802f,-0.7569442109623765f,7.524719116196405f,0.1184121627071989f,-0.7476249716485256f,0.6534795034968924f,0.19661659519106112f,0f,0f,0f,1f],start_interpolation:0}
execute if entity @s[tag=aj.axia.bone.ear_right_2] run data modify entity @s {} merge value {transformation:[-1f,9.269893050881934e-17f,-8.002815822658709e-17f,0.125f,0f,-0.6534795034968924f,-0.7569442109623765f,7.429590288908858f,-1.2246467991473532e-16f,-0.7569442109623765f,0.6534795034968924f,0.13424705660132907f,0f,0f,0f,1f],start_interpolation:0}
execute if entity @s[tag=aj.axia.bone.ear_right_1] run data modify entity @s {} merge value {transformation:[-1f,4.0265549610992355e-17f,-1.156558832967147e-16f,0.12499999999999999f,0f,-0.9444019563619389f,-0.32879316419253934f,7.642080729090294f,-1.2246467991473532e-16f,-0.32879316419253934f,0.9444019563619389f,0.20822551854465032f,0f,0f,0f,1f],start_interpolation:0}
execute if entity @s[tag=aj.axia.bone.ear_edge_a3] run data modify entity @s {} merge value {transformation:[-0.9878955005749042f,-0.1534719393078432f,-0.022557566113149956f,-0.19420853234589208f,0.1543049121052465f,-0.9573574652505531f,-0.24424716544768327f,7.549390793536822f,0.01588943183539258f,-0.2447714190303384f,0.969450606468335f,0.15102773074764855f,0f,0f,0f,1f],start_interpolation:0}
execute if entity @s[tag=aj.axia.bone.ear_edge_a4] run data modify entity @s {} merge value {transformation:[-0.9997411683685393f,0.0029584590852048953f,-0.022557566113149956f,-0.07902352037903401f,0.002641459654167788f,-0.9697094125879501f,-0.24424716544768327f,7.53931440406298f,-0.022596879430650727f,-0.2442435314561549f,0.969450606468335f,0.15116921702331682f,0f,0f,0f,1f],start_interpolation:0}
execute if entity @s[tag=aj.axia.bone.ear_edge_b3] run data modify entity @s {} merge value {transformation:[-0.9731131803095537f,-0.2241331909277685f,-0.05305705450138092f,-0.05758557321784595f,0.21103462299586057f,-0.7753360767239256f,-0.5952464666231507f,7.534061592488341f,0.09227744147309808f,-0.5904390576976486f,0.8017896188778522f,0.2009076061475026f,0f,0f,0f,1f],start_interpolation:0}
execute if entity @s[tag=aj.axia.bone.ear_edge_b4] run data modify entity @s {} merge value {transformation:[-0.994746596226267f,0.08754517841602448f,-0.05305705450138092f,-0.08646786534710652f,-0.03888617069558685f,-0.8026017129942397f,-0.5952464666231507f,7.526527562501937f,-0.09469464095126895f,-0.5900562109111458f,0.8017896188778522f,0.19340312625053394f,0f,0f,0f,1f],start_interpolation:0}
execute if entity @s[tag=aj.axia.bone.ear_left_2] run data modify entity @s {} merge value {transformation:[-0.9961946980917455f,-0.06914529963441812f,-0.05305705450138092f,-0.14394184613660807f,0.08714715220620332f,-0.7988034913763227f,-0.5952464666231507f,7.424778168735666f,-0.0012236650868604796f,-0.5976051453120726f,0.8017896188778522f,0.15303671779431405f,0f,0f,0f,1f],start_interpolation:0}
execute if entity @s[tag=aj.axia.bone.ear_left_1] run data modify entity @s {} merge value {transformation:[-0.9961946980917455f,-0.08418598282936916f,-0.022557566113149956f,-0.12500000000000003f,0.08714715220620332f,-0.9657891571316799f,-0.24424716544768327f,7.642080729090294f,-0.0012236650868604796f,-0.24528355889038364f,0.969450606468335f,0.2082255185446503f,0f,0f,0f,1f],start_interpolation:0}
execute if entity @s[tag=aj.axia.bone.head] run data modify entity @s {} merge value {transformation:[-1f,-1.7194019402607462e-18f,-1.2245260913343743e-16f,-2.0792433948846828e-17f,0f,-0.9999014345907219f,0.014039982315373456f,8.154091464870683f,-1.2246467991473532e-16f,0.014039982315373456f,0.9999014345907219f,0.16978310777706135f,0f,0f,0f,1f],start_interpolation:0}
execute if entity @s[tag=aj.axia.bone.body_1] run data modify entity @s {} merge value {transformation:[-1f,-5.994037501331073e-17f,-1.067930206983689e-16f,1.6852066811446975e-18f,0f,-0.8720311911379048f,0.48945030563133435f,8.481103161547399f,-1.2246467991473532e-16f,0.48945030563133435f,0.8720311911379048f,-0.013760756834689022f,0f,0f,0f,1f],start_interpolation:0}
execute if entity @s[tag=aj.axia.bone.leg_left_2] run data modify entity @s {} merge value {transformation:[-1f,-7.216090765040085e-17f,-9.894645639783618e-17f,0.12500000000000006f,0f,-0.8079591312917858f,0.5892385273912616f,8.429916088759672f,-1.2246467991473532e-16f,0.5892385273912616f,0.8079591312917858f,-0.470299858414596f,0f,0f,0f,1f],start_interpolation:0}
execute if entity @s[tag=aj.axia.bone.leg_left_1] run data modify entity @s {} merge value {transformation:[-1f,-1.0785683172173919e-16f,5.80043246453832e-17f,0.12500000000000003f,0f,0.4736412546521011f,0.8807178673625187f,8.659757674399488f,-1.2246467991473532e-16f,0.8807178673625187f,-0.4736412546521011f,-0.26698017973226024f,0f,0f,0f,1f],start_interpolation:0}
execute if entity @s[tag=aj.axia.bone.leg_right_2] run data modify entity @s {} merge value {transformation:[-1f,-1.2243742882755823e-16f,2.5833793208089678e-18f,-0.12499999999999997f,0f,0.021094893014113242f,0.9997774779863381f,8.322304937873936f,-1.2246467991473532e-16f,0.9997774779863381f,-0.021094893014113242f,-0.22210124949706417f,0f,0f,0f,1f],start_interpolation:0}
execute if entity @s[tag=aj.axia.bone.leg_right_1] run data modify entity @s {} merge value {transformation:[-1f,-2.2806627615156123e-17f,1.2032229869580356e-16f,-0.12499999999999997f,0f,0.9825061297639175f,0.18623024721115497f,8.655040224985356f,-1.2246467991473532e-16f,0.18623024721115497f,-0.9825061297639175f,-0.2560823033183969f,0f,0f,0f,1f],start_interpolation:0}
execute if entity @s[tag=aj.axia.bone.coat_downer] run data modify entity @s {} merge value {transformation:[-1f,-1.0755477146982363e-16f,-5.856252180953776e-17f,-0.007812499999999975f,0f,-0.47819928039914256f,0.8782513582259592f,8.631136123182811f,-1.2246467991473532e-16f,0.8782513582259592f,0.47819928039914256f,-0.20344316319183747f,0f,0f,0f,1f],start_interpolation:0}
execute if entity @s[tag=aj.axia.bone.body_2] run data modify entity @s {} merge value {transformation:[-1f,-1.1150591042743337e-16f,-5.063624952904571e-17f,0f,0f,-0.4134763555034859f,0.9105148562431888f,8.53875f,-1.2246467991473532e-16f,0.9105148562431888f,0.4134763555034859f,0f,0f,0f,0f,1f],start_interpolation:0}