execute if entity @s[tag=aj.axia.bone.wing_right_1] run data modify entity @s {} merge value {transformation:[-0.6936180794842616f,0.10227447209252703f,0.418781967872548f,0.2797328110524544f,-0.02289562315898906f,0.7834908561480642f,-0.22926472301027745f,1.116359835139363f,-0.43048135232222395f,-0.20646175223273822f,-0.6625736144854104f,-0.3165500089608609f,0f,0f,0f,1f],start_interpolation:0}
execute if entity @s[tag=aj.axia.bone.wing_right_2] run data modify entity @s {} merge value {transformation:[-0.5908687743773725f,0.35011571006209263f,0.4102353970996389f,0.2797328110524544f,0.2699896943812008f,0.7187953536356476f,-0.22458585111210855f,1.116359835139363f,-0.4668829150801384f,-0.027426796377285637f,-0.6490517039857082f,-0.3165500089608609f,0f,0f,0f,1f],start_interpolation:0}
execute if entity @s[tag=aj.axia.bone.wing_left_1] run data modify entity @s {} merge value {transformation:[0.01491057344916904f,0.22194891741586714f,0.785786737799631f,0.2983429189646823f,0.009721664937258368f,0.7858137804252816f,-0.22214102765815139f,1.0969242418913403f,-0.8164726624172478f,0.013409884268571535f,0.011705168671954544f,-0.40177495516249706f,0f,0f,0f,1f],start_interpolation:0}
execute if entity @s[tag=aj.axia.bone.wing_left_2] run data modify entity @s {} merge value {transformation:[-0.0688455990077382f,0.2067481548628679f,0.769750273762904f,0.2983429189646823f,-0.28279498902722955f,0.7160125375245074f,-0.21760753729778096f,1.0969242418913403f,-0.7451760044971625f,-0.2908285518454397f,0.01146628767864935f,-0.40177495516249706f,0f,0f,0f,1f],start_interpolation:0}
execute if entity @s[tag=aj.axia.bone.blade] run data modify entity @s {} merge value {transformation:[-1.6484948557792678f,0.8222515051325365f,0.778695815306959f,0.2410416525122447f,-0.5771661437287201f,0.5731913827040516f,-1.8271099806325664f,1.6478218374662983f,-0.9743428313497318f,-1.7307091324370756f,-0.235163657686076f,-1.2806281202460086f,0f,0f,0f,1f],start_interpolation:0}
execute if entity @s[tag=aj.axia.bone.arm_right_2] run data modify entity @s {} merge value {transformation:[0.27536413407147675f,-0.37872012999016436f,0.8835981308305824f,0.11673925900105243f,0.2366804792372767f,0.9175479184031468f,0.31951239128094167f,1.526309582611207f,-0.9317494000078984f,0.12114817610796068f,0.34229544988304456f,-0.9000189950350465f,0f,0f,0f,1f],start_interpolation:0}
execute if entity @s[tag=aj.axia.bone.arm_right_1] run data modify entity @s {} merge value {transformation:[0.44632558990539284f,-0.3764883269064796f,0.8118189499505188f,-0.0524844293519363f,0.29051499544436177f,0.9190152223735177f,0.26648087824029054f,1.421229209477087f,-0.8464009128170676f,0.11690834336741658f,0.5195555158339875f,-0.6189465049501055f,0f,0f,0f,1f],start_interpolation:0}
execute if entity @s[tag=aj.axia.bone.arm_left_2] run data modify entity @s {} merge value {transformation:[0.5527622717710452f,0.7081888284009122f,0.4392293868067765f,0.0800606919066288f,0.22409241878423647f,0.3813375590079853f,-0.8968635648376302f,1.4466771345289489f,-0.8026434194272969f,0.5941803172589738f,0.05208926791654421f,0.28678346016632067f,0f,0f,0f,1f],start_interpolation:0}
execute if entity @s[tag=aj.axia.bone.arm_left_1] run data modify entity @s {} merge value {transformation:[0.09282413917696378f,0.8986344941350035f,0.4287653497389713f,0.11241822582474953f,-0.030015820299820195f,0.43295437668482106f,-0.9009159551485295f,1.4376354827433873f,-0.9952299883533376f,0.07075700431889992f,0.06716186880984373f,-0.04107456540392823f,0f,0f,0f,1f],start_interpolation:0}
execute if entity @s[tag=aj.axia.bone.ear_edge_a1] run data modify entity @s {} merge value {transformation:[-0.8689101545435048f,0.08196787744359174f,0.48813564753926236f,0.20719662955468154f,0.20834376402373347f,0.955139992536596f,0.21047676985742197f,2.0402117493915215f,-0.4489855446711015f,0.2845854207871226f,-0.8470083346412894f,-0.15766941206479795f,0f,0f,0f,1f],start_interpolation:0}
execute if entity @s[tag=aj.axia.bone.ear_edge_a2] run data modify entity @s {} merge value {transformation:[-0.8710350297257105f,-0.05496877833967076f,0.48813564753926236f,0.10631250781325849f,0.05636189279095376f,0.9759727795340437f,0.21047676985742197f,2.0565390459451414f,-0.4879767556264869f,0.2108448885233817f,-0.8470083346412894f,-0.21175225585755625f,0f,0f,0f,1f],start_interpolation:0}
execute if entity @s[tag=aj.axia.bone.ear_edge_b1] run data modify entity @s {} merge value {transformation:[-0.8744248916364563f,0.056586334547779546f,0.48184966081654396f,0.09972868546206462f,0.28063047695352145f,0.869158844204371f,0.40719705174050735f,2.0553550189683f,-0.3957621056789179f,0.4912849379777169f,-0.7758939782114691f,-0.24659557338349142f,0f,0f,0f,1f],start_interpolation:0}
execute if entity @s[tag=aj.axia.bone.ear_edge_b2] run data modify entity @s {} merge value {transformation:[-0.8491136302261855f,-0.2163953496152135f,0.48184966081654396f,0.12325680983530517f,-0.001689409892774385f,0.9133387689943162f,0.40719705174050735f,2.0626629935897283f,-0.5282075244241826f,0.34494252523696844f,-0.7758939782114691f,-0.2281487174072043f,0f,0f,0f,1f],start_interpolation:0}
execute if entity @s[tag=aj.axia.bone.ear_right_2] run data modify entity @s {} merge value {transformation:[-0.8725113231690641f,-0.0809005272711532f,0.48184966081654396f,0.17172838378154132f,0.14120905127454952f,0.9023583350820118f,0.40719705174050735f,2.167243530935103f,-0.4677435138833151f,0.42332557186551945f,-0.7758939782114691f,-0.18343784334979846f,0f,0f,0f,1f],start_interpolation:0}
execute if entity @s[tag=aj.axia.bone.ear_right_1] run data modify entity @s {} merge value {transformation:[-0.8725113231690641f,0.021156099432412416f,0.48813564753926236f,0.16696826140924853f,0.14120905127454952f,0.9673466458248189f,0.21047676985742197f,1.9495905356245191f,-0.4677435138833151f,0.25257253664695695f,-0.8470083346412894f,-0.24026666409536368f,0f,0f,0f,1f],start_interpolation:0}
execute if entity @s[tag=aj.axia.bone.ear_edge_a3] run data modify entity @s {} merge value {transformation:[-0.8648625578314854f,-0.13710014064257467f,0.4829247430987224f,-0.12856137789232708f,-0.09952745567291438f,0.9897171371429243f,0.10273399638333015f,2.0672053407508795f,-0.49204373954807823f,0.0407865159262258f,-0.8696145229296384f,-0.3545400193120935f,0f,0f,0f,1f],start_interpolation:0}
execute if entity @s[tag=aj.axia.bone.ear_edge_a4] run data modify entity @s {} merge value {transformation:[-0.8756618517458078f,-0.0001178988389304303f,0.4829247430987224f,-0.027699445131791407f,0.05652376335286525f,0.993101601128273f,0.10273399638333015f,2.0707025153420373f,-0.4796054478146936f,0.11725696540642944f,-0.8696145229296384f,-0.2981150167450741f,0f,0f,0f,1f],start_interpolation:0}
execute if entity @s[tag=aj.axia.bone.ear_edge_b3] run data modify entity @s {} merge value {transformation:[-0.8158567975054396f,-0.425143985764153f,0.3919569840336285f,0.02100914919999007f,-0.16008558822669347f,0.8173955442237651f,0.5533869611088146f,2.070795571948289f,-0.5556530305921873f,0.38873784952292045f,-0.7349371360477119f,-0.34036351329976733f,0f,0f,0f,1f],start_interpolation:0}
execute if entity @s[tag=aj.axia.bone.ear_edge_b4] run data modify entity @s {} merge value {transformation:[-0.9073026402886679f,-0.15222234261919068f,0.3919569840336285f,-0.007178354896291976f,0.10033867244356273f,0.8268585260411935f,0.5533869611088146f,2.0803495947590367f,-0.4083308336844966f,0.5414178943482667f,-0.7349371360477119f,-0.3482025748477965f,0f,0f,0f,1f],start_interpolation:0}
execute if entity @s[tag=aj.axia.bone.ear_left_2] run data modify entity @s {} merge value {transformation:[-0.8723194184694977f,-0.29228163614619973f,0.3919569840336285f,-0.06915097493084797f,-0.03024583430190634f,0.8323749520391235f,0.5533869611088146f,2.187218915073968f,-0.4880000222012489f,0.47087512611048743f,-0.7349371360477119f,-0.3433048945063259f,0f,0f,0f,1f],start_interpolation:0}
execute if entity @s[tag=aj.axia.bone.ear_left_1] run data modify entity @s {} merge value {transformation:[-0.8723194184694977f,-0.07643640928294927f,0.4829247430987224f,-0.05195278284218441f,-0.03024583430190634f,0.9942489202883208f,0.10273399638333015f,1.9635129080090958f,-0.4880000222012489f,0.07501039822209939f,-0.8696145229296384f,-0.36018223410629824f,0f,0f,0f,1f],start_interpolation:0}
execute if entity @s[tag=aj.axia.bone.head] run data modify entity @s {} merge value {transformation:[-0.8756841770057318f,-0.001111540909408737f,0.4828829947498682f,0.042987310413670654f,0.05568948953830721f,0.9930925082437909f,0.10327609028724405f,1.444364433520388f,-0.4796622800437382f,0.11732874561190419f,-0.8695734946261756f,-0.3331812595198639f,0f,0f,0f,1f],start_interpolation:0}
execute if entity @s[tag=aj.axia.bone.body_1] run data modify entity @s {} merge value {transformation:[-0.26311597487254323f,0.27081576557293396f,0.9259745163253776f,-0.05856860167617958f,-0.08429446495725819f,0.9496697789227269f,-0.3016981176249345f,1.0882382664243655f,-0.96107462090331f,-0.15743612075379945f,-0.2270450196272849f,-0.2741427142371891f,0f,0f,0f,1f],start_interpolation:0}
execute if entity @s[tag=aj.axia.bone.leg_left_2] run data modify entity @s {} merge value {transformation:[-0.4823471191306509f,-0.2825287292255105f,0.8291675185561601f,-0.138356756417774f,4.117967185506082e-17f,0.9465596914171203f,0.3225286818010553f,0.40893804297623076f,-0.8759801691056492f,0.15557078050374532f,-0.4565703402402456f,-0.08917943936701633f,0f,0f,0f,1f],start_interpolation:0}
execute if entity @s[tag=aj.axia.bone.leg_left_1] run data modify entity @s {} merge value {transformation:[-0.4823471191306509f,0.0745914649952108f,0.8727985850218997f,-0.10249170102811833f,4.117967185506082e-17f,0.9963679724770507f,-0.08515200186708166f,0.7666465209909994f,-0.8759801691056492f,-0.04107282278879465f,-0.48059522111835284f,-0.10892806696702675f,0f,0f,0f,1f],start_interpolation:0}
execute if entity @s[tag=aj.axia.bone.leg_right_2] run data modify entity @s {} merge value {transformation:[-0.01781157485900625f,0.8574814481984103f,0.5142064894539927f,-0.5771785392363322f,0.20615386651606996f,0.5063870179657363f,-0.8373008846025684f,0.7455700586286429f,-0.9783574659200576f,0.09109200860298464f,-0.18579266629002691f,-0.3509221456479117f,0f,0f,0f,1f],start_interpolation:0}
execute if entity @s[tag=aj.axia.bone.leg_right_1] run data modify entity @s {} merge value {transformation:[-0.01781157485900625f,0.9748793046820716f,0.22202047001040887f,-0.1998115651057487f,0.20615386651606996f,0.22086513808861355f,-0.953267629838322f,0.8265213889695104f,-0.9783574659200576f,0.028791180588828347f,-0.2049090939875168f,-0.340734734617146f,0f,0f,0f,1f],start_interpolation:0}
execute if entity @s[tag=aj.axia.bone.coat_downer] run data modify entity @s {} merge value {transformation:[-0.4823471191306509f,0.3108754330939075f,0.8189613676877788f,-0.12981696664013825f,4.117967185506082e-17f,0.934908570503274f,-0.3548886653579184f,0.8824397526560002f,-0.8759801691056492f,-0.17117952534751352f,-0.4509504556328091f,-0.2454976390552893f,0f,0f,0f,1f],start_interpolation:0}
execute if entity @s[tag=aj.axia.bone.body_2] run data modify entity @s {} merge value {transformation:[-0.4823471191306509f,0.2982976976538035f,0.8236259710820208f,-0.05939773795240833f,4.117967185506082e-17f,0.9402335807703496f,-0.3405301948311877f,1.092523193359375f,-0.8759801691056492f,-0.1642537584538226f,-0.45351895899447414f,-0.2753544931386774f,0f,0f,0f,1f],start_interpolation:0}