execute if entity @s[tag=aj.axia.bone.wing_right_1] run data modify entity @s {} merge value {transformation:[0.06192282247033301f,0.7952238098612657f,-0.1752971783329253f,-0.03854299084525539f,-0.5404512644757363f,0.17163644910541095f,0.5877055423505106f,1.1595826065281f,0.6091161130920194f,0.07144554578602857f,0.5392750125895426f,-0.3603784847538491f,0f,0f,0f,1f],start_interpolation:0}
execute if entity @s[tag=aj.axia.bone.wing_right_2] run data modify entity @s {} merge value {transformation:[0.41350501789427946f,0.6629675331378864f,-0.17171968489755948f,-0.03854299084525539f,-0.3919672496716775f,0.3935960930130944f,0.5757115516902962f,1.1595826065281f,0.5615828303652743f,-0.2134389035998198f,0.5282694000877152f,-0.3603784847538491f,0f,0f,0f,1f],start_interpolation:0}
execute if entity @s[tag=aj.axia.bone.wing_left_1] run data modify entity @s {} merge value {transformation:[-0.020766403268958886f,0.7879668227267156f,-0.21359187068257102f,-0.034984278183158836f,0.579097782622126f,0.16482202524576314f,0.5517462302548758f,1.162924293101963f,0.5754641249477263f,-0.1374279109944345f,-0.5629378781200444f,-0.25795021781072713f,0f,0f,0f,1f],start_interpolation:0}
execute if entity @s[tag=aj.axia.bone.wing_left_2] run data modify entity @s {} merge value {transformation:[-0.37446133453223596f,0.6752779592153132f,-0.20923285291353896f,-0.034984278183158836f,0.4286298759844819f,0.4051557746866443f,0.5404861031068171f,1.162924293101963f,0.562187814127863f,0.1408846195866211f,-0.5514493499951455f,-0.25795021781072713f,0f,0f,0f,1f],start_interpolation:0}
execute if entity @s[tag=aj.axia.bone.blade] run data modify entity @s {} merge value {transformation:[-0.024295690816448258f,0.30911129106280677f,-1.9758187996740075f,0.39459337981849296f,1.8355208033001285f,-0.7809677393872517f,-0.1447507191305807f,0.3184228557840777f,-0.7938974115464832f,-1.815086664535292f,-0.2742030272734852f,-0.29550933364506415f,0f,0f,0f,1f],start_interpolation:0}
execute if entity @s[tag=aj.axia.bone.arm_right_2] run data modify entity @s {} merge value {transformation:[0.14520888638590596f,0.9879093998370035f,-0.05430835136750243f,0.3618750255896282f,-0.7417608774553337f,0.07237535956529068f,-0.6667477844016347f,0.5638151934228135f,-0.6547558170732498f,0.13710151363674267f,0.7433020886337235f,-0.041136423429613794f,0f,0f,0f,1f],start_interpolation:0}
execute if entity @s[tag=aj.axia.bone.arm_right_1] run data modify entity @s {} merge value {transformation:[0.19058184936607164f,0.9733201214615922f,-0.12777519262438633f,0.29537440498613654f,-0.9770568979008898f,0.17546684134421345f,-0.12071124990229971f,0.9095928558059546f,-0.09507037896473748f,0.14784900657994188f,0.984429933665584f,-0.013717382943100764f,0f,0f,0f,1f],start_interpolation:0}
execute if entity @s[tag=aj.axia.bone.arm_left_2] run data modify entity @s {} merge value {transformation:[-0.19751082955081578f,0.9374411372738574f,0.28669423844375574f,0.4544446724776232f,0.8021738436875812f,0.3226590979591598f,-0.5024024591974782f,0.5842631428249436f,-0.5634772370856173f,0.1307486927310477f,-0.8157194264178593f,-0.5321091575059294f,0f,0f,0f,1f],start_interpolation:0}
execute if entity @s[tag=aj.axia.bone.arm_left_1] run data modify entity @s {} merge value {transformation:[-0.29218934807827607f,0.9374411372738574f,0.18928681680531406f,0.339395116671802f,0.9333730932132175f,0.3226590979591598f,-0.15718070928002642f,0.951778798277648f,-0.2084227764309429f,0.1307486927310477f,-0.9692598854868283f,-0.6141756257256131f,0f,0f,0f,1f],start_interpolation:0}
execute if entity @s[tag=aj.axia.bone.ear_edge_a1] run data modify entity @s {} merge value {transformation:[-0.10713934737063435f,0.9934084388088918f,0.04075333051756877f,0.945896951983326f,0.8987486940874498f,0.07923900067438898f,0.4312446702838517f,0.9171722187536053f,0.42517284146697115f,0.08283027511365539f,-0.9013141518934994f,-0.2979505921661303f,0f,0f,0f,1f],start_interpolation:0}
execute if entity @s[tag=aj.axia.bone.ear_edge_a2] run data modify entity @s {} merge value {transformation:[-0.26122360190846783f,0.9644176459696763f,0.04075333051756877f,0.9255267140257768f,0.8752878955944601f,0.21885870825168063f,0.4312446702838517f,1.0201977884544595f,0.40698074847809257f,0.14832218298256555f,-0.9013141518934994f,-0.2495778103733985f,0f,0f,0f,1f],start_interpolation:0}
execute if entity @s[tag=aj.axia.bone.ear_edge_b1] run data modify entity @s {} merge value {transformation:[-0.02483799791250052f,0.9693696974212653f,0.24434701467606035f,0.9128156298775736f,0.8877242452415848f,-0.09100978788246741f,0.45129024243810933f,1.049481716729952f,0.4597050557367819f,0.2281219152799497f,-0.8582724820819144f,-0.2650126127516868f,0f,0f,0f,1f],start_interpolation:0}
execute if entity @s[tag=aj.axia.bone.ear_edge_b2] run data modify entity @s {} merge value {transformation:[-0.32317405010168065f,0.9142500039703436f,0.24434701467606035f,0.929689922985918f,0.8723994992203479f,0.1877664262860629f,0.45129024243810933f,1.025033710031884f,0.3667119402214267f,0.3590135086594751f,-0.8582724820819144f,-0.2730636266993148f,0f,0f,0f,1f],start_interpolation:0}
execute if entity @s[tag=aj.axia.bone.ear_right_2] run data modify entity @s {} merge value {transformation:[-0.17617503098420922f,0.9535496289531079f,0.24434701467606035f,1.0501537359245887f,0.8910319541695506f,0.04898136103606032f,0.45129024243810933f,1.0013345061913064f,0.41835919388308557f,0.2972270704267111f,-0.8582724820819144f,-0.287639704390165f,0f,0f,0f,1f],start_interpolation:0}
execute if entity @s[tag=aj.axia.bone.ear_right_1] run data modify entity @s {} merge value {transformation:[-0.17617503098420922f,0.9835148827086646f,0.04075333051756877f,0.8288628873151396f,0.8910319541695506f,0.14173951813296254f,0.4312446702838517f,0.9694431146113899f,0.41835919388308557f,0.11228706287901952f,-0.9013141518934994f,-0.31290429353794436f,0f,0f,0f,1f],start_interpolation:0}
execute if entity @s[tag=aj.axia.bone.ear_edge_a3] run data modify entity @s {} merge value {transformation:[-0.44044375074234915f,0.8968547644316422f,0.04075333051756877f,0.8363386700742136f,0.8174461814073111f,0.3818504613777201f,0.4312446702838517f,1.260541768742225f,0.3712021591190127f,0.22325267447868397f,-0.9013141518934994f,-0.13861500069108706f,0f,0f,0f,1f],start_interpolation:0}
execute if entity @s[tag=aj.axia.bone.ear_edge_a4] run data modify entity @s {} merge value {transformation:[-0.2947221620035631f,0.9547135765640242f,0.04075333051756877f,0.879907259964112f,0.8671166350910081f,0.24927249246601588f,0.4312446702838517f,1.1631749430695277f,0.4015564572664637f,0.16243525240571643f,-0.9013141518934994f,-0.18323136381526423f,0f,0f,0f,1f],start_interpolation:0}
execute if entity @s[tag=aj.axia.bone.ear_edge_b3] run data modify entity @s {} merge value {transformation:[-0.5124448588171459f,0.8267128739409201f,0.2322629775324072f,0.8798788018532907f,0.7961883674525906f,0.35609478903932384f,0.4891631473774557f,1.152709912898022f,0.32168983540835444f,0.4355942208975961f,-0.8406981173498382f,-0.2171110859742356f,0f,0f,0f,1f],start_interpolation:0}
execute if entity @s[tag=aj.axia.bone.ear_edge_b4] run data modify entity @s {} merge value {transformation:[-0.23189569470369864f,0.9446048359211746f,0.2322629775324072f,0.8804897705444745f,0.8672594764856992f,0.09263053326810122f,0.4891631473774557f,1.1792332274832873f,0.44055123109990296f,0.3148670961863081f,-0.8406981173498382f,-0.20150960765744017f,0f,0f,0f,1f],start_interpolation:0}
execute if entity @s[tag=aj.axia.bone.ear_left_2] run data modify entity @s {} merge value {transformation:[-0.3768094260747968f,0.8966987039630214f,0.2322629775324072f,0.9675727027628198f,0.8420914652773814f,0.22715936994712463f,0.4891631473774557f,1.2601539372761728f,0.38587124864153216f,0.37990795590019266f,-0.8406981173498382f,-0.16753835254196484f,0f,0f,0f,1f],start_interpolation:0}
execute if entity @s[tag=aj.axia.bone.ear_left_1] run data modify entity @s {} merge value {transformation:[-0.3768094260747968f,0.9253938742356724f,0.04075333051756877f,0.7593590810597939f,0.8420914652773814f,0.3238981297549665f,0.4312446702838517f,1.1872768580813053f,0.38587124864153216f,0.19681508851794605f,-0.9013141518934994f,-0.21182174745850263f,0f,0f,0f,1f],start_interpolation:0}
execute if entity @s[tag=aj.axia.bone.head] run data modify entity @s {} merge value {transformation:[-0.2780152250213832f,0.9597117800194156f,0.04075333051756877f,0.3009851553488421f,0.8713349738796616f,0.234101255113897f,0.4312446702838517f,0.9449066971541049f,0.40433018431776696f,0.15540238623027222f,-0.9013141518934994f,-0.3138406761945662f,0f,0f,0f,1f],start_interpolation:0}
execute if entity @s[tag=aj.axia.bone.body_1] run data modify entity @s {} merge value {transformation:[0.034704070227325357f,0.9457834139428338f,-0.3229386341401333f,-0.053683624879720566f,0.032587662042015755f,0.32189055057856386f,0.9462158938270191f,0.8241977406871435f,0.998866193137145f,-0.04336135789925312f,-0.019649957985722027f,-0.29758016698234624f,0f,0f,0f,1f],start_interpolation:0}
execute if entity @s[tag=aj.axia.bone.leg_left_2] run data modify entity @s {} merge value {transformation:[0.012793659825659276f,-0.30436210829939525f,-0.9524704873642081f,0.08009418534966115f,0.04649260946933899f,0.9516992912325292f,-0.303491179990841f,0.5779544360112057f,0.9988367031367024f,-0.04040007548320433f,0.02632630562677844f,-0.4129774222449849f,0f,0f,0f,1f],start_interpolation:0}
execute if entity @s[tag=aj.axia.bone.leg_left_1] run data modify entity @s {} merge value {transformation:[0.012793659825659276f,-0.968915085274941f,-0.24706250179847006f,-0.22931926887708307f,0.04649260946933899f,0.2473919083037382f,-0.9677994012038684f,0.5990258609343753f,0.9988367031367024f,0.0008951159078449053f,0.0482124385870978f,-0.4099950879559174f,0f,0f,0f,1f],start_interpolation:0}
execute if entity @s[tag=aj.axia.bone.leg_right_2] run data modify entity @s {} merge value {transformation:[-0.03264305705296648f,0.3194999323981902f,-0.9470238772194652f,0.06341119285071936f,0.16478177078220005f,0.9362826735632823f,0.3101962656175521f,0.43277617497602267f,0.9857897335862852f,-0.14592651706507734f,-0.08321089335619722f,-0.12072468669331496f,0f,0f,0f,1f],start_interpolation:0}
execute if entity @s[tag=aj.axia.bone.leg_right_1] run data modify entity @s {} merge value {transformation:[-0.03264305705296648f,-0.7145243100524808f,-0.698848653980433f,-0.22444802295394908f,0.16478177078220005f,0.6858051887873257f,-0.7088851889059775f,0.6132846337177433f,0.9857897335862852f,-0.1382976983771135f,0.09535380317257237f,-0.16043001831100767f,0f,0f,0f,1f],start_interpolation:0}
execute if entity @s[tag=aj.axia.bone.coat_downer] run data modify entity @s {} merge value {transformation:[0.012793659825659276f,0.7054135584981129f,-0.7086804877766105f,-0.19499990708046383f,0.04649260946933899f,0.7075523050613648f,0.7051298978678191f,0.6565952587421704f,0.9988367031367024f,-0.04196959720296133f,-0.02374433358981326f,-0.28014715803625867f,0f,0f,0f,1f],start_interpolation:0}
execute if entity @s[tag=aj.axia.bone.body_2] run data modify entity @s {} merge value {transformation:[0.012793659825659276f,0.5353059093501351f,-0.8445613688081465f,-0.075492443427431f,0.04649260946933899f,0.8433985331306402f,0.5352731560407415f,0.8446788949770685f,0.9988367031367024f,-0.04611396456507978f,-0.014097614659711766f,-0.29825415873702416f,0f,0f,0f,1f],start_interpolation:0}