execute if entity @s[tag=aj.axia.bone.wing_right_1] run data modify entity @s {} merge value {transformation:[-0.25034513283712717f,0.026070227072764494f,-0.7769119011635618f,-0.11267052260275062f,-0.6210228160080333f,0.48421372559363246f,0.21636121276381995f,1.1653980213961823f,0.4675493780411408f,0.6571163182051966f,-0.1286085840301238f,0.591228700424898f,0f,0f,0f,1f],start_interpolation:0}
execute if entity @s[tag=aj.axia.bone.wing_right_2] run data modify entity @s {} merge value {transformation:[-0.21679552683751666f,0.11744197607554768f,-0.7610565562418565f,-0.11267052260275062f,-0.3805221535580922f,0.6710304913410432f,0.21194567780945628f,1.1653980213961823f,0.6694793426198863f,0.41943469330286526f,-0.12598391904991718f,0.591228700424898f,0f,0f,0f,1f],start_interpolation:0}
execute if entity @s[tag=aj.axia.bone.wing_left_1] run data modify entity @s {} merge value {transformation:[-0.5204167812853432f,0.16197634823505686f,-0.6081730681421885f,-0.18656517826889046f,-0.2840139780540028f,0.6437961309206601f,0.41449613571898714f,1.1610266605987956f,0.5616465779037453f,0.47564130273607247f,-0.35392501621810823f,0.604773237001215f,0f,0f,0f,1f],start_interpolation:0}
execute if entity @s[tag=aj.axia.bone.wing_left_2] run data modify entity @s {} merge value {transformation:[-0.5317107698052108f,-0.04849787484477809f,-0.5957613728739807f,-0.18656517826889046f,-0.49838185899946374f,0.47618216278156955f,0.4060370309083956f,1.1610266605987956f,0.32999875741188567f,0.6410136535084154f,-0.346702056703453f,0.604773237001215f,0f,0f,0f,1f],start_interpolation:0}
execute if entity @s[tag=aj.axia.bone.blade] run data modify entity @s {} merge value {transformation:[1.3342547310958632f,1.3518074163894604f,-0.6264032419637964f,0.5316751719121051f,-1.1033279836077947f,1.4615751182842323f,0.8040308042608741f,1.1832394427756083f,1.001215098336148f,-0.19082683932529143f,1.7208002336868893f,1.2170775409195869f,0f,0f,0f,1f],start_interpolation:0}
execute if entity @s[tag=aj.axia.bone.arm_right_2] run data modify entity @s {} merge value {transformation:[0.8349090381361225f,0.3041902536181117f,-0.4586885518980856f,0.2565670638507167f,0.5487460372128324f,-0.3957386133171674f,0.736388984554371f,0.9872841318070734f,0.042481580500569854f,-0.866521343957293f,-0.49732894122966487f,1.229013749266542f,0f,0f,0f,1f],start_interpolation:0}
execute if entity @s[tag=aj.axia.bone.arm_right_1] run data modify entity @s {} merge value {transformation:[0.9440781138592564f,0.3041902536181117f,0.12721951318762742f,-0.060520417740559274f,0.0037571985116236495f,-0.3957386133171674f,0.9183555049049084f,0.9997464481140992f,0.3297004676843701f,-0.866521343957293f,-0.3747510668098938f,1.1120094285703888f,0f,0f,0f,1f],start_interpolation:0}
execute if entity @s[tag=aj.axia.bone.arm_left_2] run data modify entity @s {} merge value {transformation:[-0.14679338954992946f,0.6575246751469357f,-0.738994588855263f,0.43372129521508546f,0.4047222277164912f,0.7216156204908535f,0.5616678864380631f,1.2013778009880414f,0.9025805333468271f,-0.21663840342034638f,-0.37204325418805795f,0.4370133743904595f,0f,0f,0f,1f],start_interpolation:0}
execute if entity @s[tag=aj.axia.bone.arm_left_1] run data modify entity @s {} merge value {transformation:[-0.3110292219273972f,0.59761845750435f,-0.738994588855263f,0.3314189334063289f,0.20542814309513494f,0.8014539683404679f,0.5616678864380631f,1.2711803035433973f,0.9279332417430266f,0.02288483955454708f,-0.37204325418805795f,0.7455976978253549f,0f,0f,0f,1f],start_interpolation:0}
execute if entity @s[tag=aj.axia.bone.ear_edge_a1] run data modify entity @s {} merge value {transformation:[-0.8368251766402222f,0.061205018880119894f,-0.5440382058320399f,0.2228633835033993f,-0.04873010458104313f,0.9814596367274124f,0.18537086713509193f,1.7888505528429206f,0.5452971672845746f,0.1816340473005528f,-0.8183276068987524f,0.9579864576449405f,0f,0f,0f,1f],start_interpolation:0}
execute if entity @s[tag=aj.axia.bone.ear_edge_a2] run data modify entity @s {} merge value {transformation:[-0.8360970444703029f,-0.07045681530611017f,-0.5440382058320399f,0.12584751513508083f,-0.20166426936071014f,0.9617531721189149f,0.18537086713509193f,1.7753138063947875f,0.5101698292639767f,0.26470110142597747f,-0.8183276068987524f,1.0194178698486336f,0f,0f,0f,1f],start_interpolation:0}
execute if entity @s[tag=aj.axia.bone.ear_edge_b1] run data modify entity @s {} merge value {transformation:[-0.8106210034164215f,0.24556765758314547f,-0.531592056345165f,0.09330908681543335f,0.027630771272363103f,0.9228474969756945f,0.3841731872536006f,1.7677379121154888f,0.5849189083104155f,0.29673055601812004f,-0.7548647877773402f,1.0075346990478862f,0f,0f,0f,1f],start_interpolation:0}
execute if entity @s[tag=aj.axia.bone.ear_edge_b2] run data modify entity @s {} merge value {transformation:[-0.8468309670069435f,-0.01694694511715905f,-0.531592056345165f,0.11835423189843154f,-0.25889713471303066f,0.8862185034362536f,0.3841731872536006f,1.7824782356974056f,0.4645961546929417f,0.46295741188407724f,-0.7548647877773402f,0.9973991579438329f,0f,0f,0f,1f],start_interpolation:0}
execute if entity @s[tag=aj.axia.bone.ear_right_2] run data modify entity @s {} merge value {transformation:[-0.8390561588611327f,0.11573524920230889f,-0.531592056345165f,0.15504230571398378f,-0.11707456387574472f,0.9158081178329411f,0.3841731872536006f,1.9003209598747899f,0.5312987001400489f,0.38457878699086523f,-0.7548647877773402f,0.9901381573648833f,0f,0f,0f,1f],start_interpolation:0}
execute if entity @s[tag=aj.axia.bone.ear_right_1] run data modify entity @s {} merge value {transformation:[-0.8390561588611327f,0.0026819530675547404f,-0.5440382058320399f,0.15443886627378398f,-0.11707456387574472f,0.9756696101195774f,0.18537086713509193f,1.6807952975978853f,0.5312987001400489f,0.21922960342265627f,-0.8183276068987524f,0.9408114965947857f,0f,0f,0f,1f],start_interpolation:0}
execute if entity @s[tag=aj.axia.bone.ear_edge_a3] run data modify entity @s {} merge value {transformation:[-0.8005891682573497f,-0.26577000003427764f,-0.5370505476682667f,-0.10926440098276995f,-0.35596349160538493f,0.9319145728667835f,0.06946381448368222f,1.7138521106365112f,0.48202383376043556f,0.24678236557805425f,-0.8406851299544863f,1.149786624634913f,0f,0f,0f,1f],start_interpolation:0}
execute if entity @s[tag=aj.axia.bone.ear_edge_a4] run data modify entity @s {} merge value {transformation:[-0.8323081748736476f,-0.13725819206048348f,-0.5370505476682667f,-0.014778177237514997f,-0.20579743266656336f,0.976126116434361f,0.06946381448368222f,1.747393686873612f,0.5146945878347168f,0.16833892457497612f,-0.8406851299544863f,1.0921979381514346f,0f,0f,0f,1f],start_interpolation:0}
execute if entity @s[tag=aj.axia.bone.ear_edge_b3] run data modify entity @s {} merge value {transformation:[-0.8160887361298226f,-0.07119161203384013f,-0.5735250030626846f,-0.02694959645443619f,-0.41462322281000724f,0.7634456696109954f,0.4952154002642305f,1.7509914704726541f,0.4025999973530454f,0.6419364952456295f,-0.6525571072351337f,1.0304036309904891f,0f,0f,0f,1f],start_interpolation:0}
execute if entity @s[tag=aj.axia.bone.ear_edge_b4] run data modify entity @s {} merge value {transformation:[-0.7981459283467485f,0.1844780418517472f,-0.5735250030626846f,-0.04921586596369088f,-0.15841243166899582f,0.8542056010316567f,0.4952154002642305f,1.753069055542828f,0.5812646372834176f,0.48610764573362886f,-0.6525571072351337f,1.0515498483216674f,0f,0f,0f,1f],start_interpolation:0}
execute if entity @s[tag=aj.axia.bone.ear_left_2] run data modify entity @s {} merge value {transformation:[-0.817178151310313f,0.05734927970783052f,-0.5735250030626846f,-0.10044801154544909f,-0.2900893079965472f,0.8189077486061677f,0.4952154002642305f,1.844061370948802f,0.498064315532787f,0.5710526765454922f,-0.6525571072351337f,1.117741315501352f,0f,0f,0f,1f],start_interpolation:0}
execute if entity @s[tag=aj.axia.bone.ear_left_1] run data modify entity @s {} merge value {transformation:[-0.817178151310313f,-0.2092763203763727f,-0.5370505476682667f,-0.05336083946076531f,-0.2900893079965472f,0.9544752337611808f,0.06946381448368222f,1.6293044433525368f,0.498064315532787f,0.212556933234992f,-0.8406851299544863f,1.0699160055234789f,0f,0f,0f,1f],start_interpolation:0}
execute if entity @s[tag=aj.axia.bone.head] run data modify entity @s {} merge value {transformation:[-0.8311988229381971f,-0.12457824141611479f,-0.541838332449656f,0.13131781002131993f,-0.20596341698139445f,0.9742289070344038f,0.0919625334791247f,1.1528837264488563f,0.5164180357147723f,0.1880380239850948f,-0.8354364810829588f,0.9351016538006136f,0f,0f,0f,1f],start_interpolation:0}
execute if entity @s[tag=aj.axia.bone.body_1] run data modify entity @s {} merge value {transformation:[-0.6789184556578418f,0.08466874022326526f,-0.7293153878783694f,0.09956703243759546f,-0.46760713074531135f,0.7159554016762231f,0.5184124169874554f,0.8844004508202726f,0.5660506177395342f,0.6929928334691804f,-0.4464836289462899f,0.6752293412496709f,0f,0f,0f,1f],start_interpolation:0}
execute if entity @s[tag=aj.axia.bone.leg_left_2] run data modify entity @s {} merge value {transformation:[-0.9980479026036421f,-0.01187941519907812f,-0.06131283391753108f,0.2516121818251193f,-0.000038618512555745055f,0.9818599488185047f,-0.18960759324123566f,0.40998729166720754f,0.0624530432971951f,-0.18923509294169327f,-0.9799437213341731f,0.9093489341534873f,0f,0f,0f,1f],start_interpolation:0}
execute if entity @s[tag=aj.axia.bone.leg_left_1] run data modify entity @s {} merge value {transformation:[-0.9980479026036421f,-0.04884462928287675f,-0.03891768619392959f,0.2343689950967184f,-0.000038618512555745055f,0.6236335955445602f,-0.7817167882403284f,0.5905914957441807f,0.0624530432971951f,-0.7801892979901622f,-0.6224180883333457f,0.6339011613220018f,0f,0f,0f,1f],start_interpolation:0}
execute if entity @s[tag=aj.axia.bone.leg_right_2] run data modify entity @s {} merge value {transformation:[-0.9883790741159294f,0.09932591619711444f,-0.11507027514237511f,-0.030588600650859082f,-0.06909231086333273f,0.38073481475035725f,0.9220993728533686f,0.32255616670552884f,0.1353996249230503f,0.9193341956049579f,-0.3694476666079817f,0.27938498206517787f,0f,0f,0f,1f],start_interpolation:0}
execute if entity @s[tag=aj.axia.bone.leg_right_1] run data modify entity @s {} merge value {transformation:[-0.9883790741159294f,0.045451276050359646f,-0.145055118334832f,-0.013243323455838452f,-0.06909231086333273f,0.7156579154359862f,0.6950251798700414f,0.6096666489877929f,0.1353996249230503f,0.6969705370955165f,-0.7042009741483496f,0.5525086020846793f,0f,0f,0f,1f],start_interpolation:0}
execute if entity @s[tag=aj.axia.bone.coat_downer] run data modify entity @s {} merge value {transformation:[-0.9883790741159294f,0.006471452502324606f,-0.15187141321607656f,0.10363041418387818f,-0.06909231086333273f,0.8707997524886856f,0.4867587119356044f,0.693758801186618f,0.1353996249230503f,0.4915952719139538f,-0.8602331254971195f,0.5830712991383151f,0f,0f,0f,1f],start_interpolation:0}
execute if entity @s[tag=aj.axia.bone.body_2] run data modify entity @s {} merge value {transformation:[-0.9883790741159294f,0.01176774615305161f,-0.15155304681930828f,0.11398148148148135f,-0.06909231086333273f,0.853281650745581f,0.516852664770591f,0.8849537037037035f,0.1353996249230503f,0.5213175084834324f,-0.8425526671486617f,0.6984953703703707f,0f,0f,0f,1f],start_interpolation:0}