execute if entity @s[tag=aj.axia.bone.wing_right_1] run data modify entity @s {} merge value {transformation:[0.43658231687510196f,0.6015267533590345f,-0.3383871895177943f,-0.3459723640745695f,-0.46824365220904923f,0.5523113107640333f,0.3776831246064498f,1.4154483811906224f,0.5070386644057269f,-0.007888310332339547f,0.6401515537762927f,-0.29771418268499283f,0f,0f,0f,1f],start_interpolation:0}
execute if entity @s[tag=aj.axia.bone.wing_right_2] run data modify entity @s {} merge value {transformation:[0.6514358094657003f,0.3251945802082986f,-0.33148132850722706f,-0.3459723640745695f,-0.1570366141293513f,0.691706422528846f,0.36997530573693044f,1.4154483811906224f,0.4370021601417514f,-0.23620057162397878f,0.6270872363522868f,-0.29771418268499283f,0f,0f,0f,1f],start_interpolation:0}
execute if entity @s[tag=aj.axia.bone.wing_left_1] run data modify entity @s {} merge value {transformation:[-0.1964069095194263f,0.5591773489395826f,-0.5618624945396982f,-0.32520488041427326f,0.4477523576811108f,0.5559244788589525f,0.39674959916911484f,1.4136765402308316f,0.654130412477878f,-0.21263374775126104f,-0.440278022655252f,-0.1973102316871696f,0f,0f,0f,1f],start_interpolation:0}
execute if entity @s[tag=aj.axia.bone.wing_left_2] run data modify entity @s {} merge value {transformation:[-0.4235896377600792f,0.39703420219779384f,-0.5503959130184799f,-0.32520488041427326f,0.13759722579693565f,0.685577206931087f,0.3886526685738268f,1.4136765402308316f,0.6645591186909348f,0.11112036546795138f,-0.4312927568867775f,-0.1973102316871696f,0f,0f,0f,1f],start_interpolation:0}
execute if entity @s[tag=aj.axia.bone.blade] run data modify entity @s {} merge value {transformation:[-1.073246957514603f,0.624555288369296f,-1.56782386126618f,0.528268933431345f,1.426845044697574f,-0.6564246358010952f,-1.2382325774810559f,0.8896379369476143f,-0.9012514558144274f,-1.7829855269416366f,-0.09331893756911919f,-0.291496366222471f,0f,0f,0f,1f],start_interpolation:0}
execute if entity @s[tag=aj.axia.bone.arm_right_2] run data modify entity @s {} merge value {transformation:[0.5098065424436649f,0.7839119306330895f,0.3543718023386422f,0.37371683362248226f,-0.598966765796324f,0.619116288740528f,-0.5078718681790189f,1.1000106000975047f,-0.617524171796641f,0.04665946878455965f,0.7851667282938162f,-0.05097514351931654f,0f,0f,0f,1f],start_interpolation:0}
execute if entity @s[tag=aj.axia.bone.arm_right_1] run data modify entity @s {} merge value {transformation:[0.6994083144232662f,0.7147191606742792f,-0.002128633519212386f,0.12675157655126143f,-0.7129493187056484f,0.6974605472669799f,-0.07247105603754547f,1.3522237723656714f,-0.05031181444509254f,0.052204466964990245f,0.9973682444093274f,-0.03944233557095153f,0f,0f,0f,1f],start_interpolation:0}
execute if entity @s[tag=aj.axia.bone.arm_left_2] run data modify entity @s {} merge value {transformation:[-0.6728520788863781f,0.6581004009164819f,0.33789634838489274f,0.3249146115161513f,0.6190393474555672f,0.7509564761213111f,-0.22990140772350276f,1.1890227224718235f,-0.4050436596714787f,0.05448149488613932f,-0.9126726688549991f,-0.6173433936852001f,0f,0f,0f,1f],start_interpolation:0}
execute if entity @s[tag=aj.axia.bone.arm_left_1] run data modify entity @s {} merge value {transformation:[-0.7509415984743554f,0.6581004009164819f,0.0546861773608803f,0.02923135711687394f,0.6598972427465375f,0.7509564761213111f,0.024494897162065363f,1.4488572618032727f,-0.024946837400708494f,0.05448149488613932f,-0.9982030965783838f,-0.6271662109117291f,0f,0f,0f,1f],start_interpolation:0}
execute if entity @s[tag=aj.axia.bone.ear_edge_a1] run data modify entity @s {} merge value {transformation:[-0.45694545178183055f,0.817424000770926f,-0.3507404411520744f,0.6199025899682904f,0.6857879427799957f,0.5748736469862629f,0.4463352860107468f,1.71217151668417f,0.5664766117268039f,-0.03658268667507599f,-0.8232654222072934f,-0.4017477970884502f,0f,0f,0f,1f],start_interpolation:0}
execute if entity @s[tag=aj.axia.bone.ear_edge_a2] run data modify entity @s {} merge value {transformation:[-0.5791929812845369f,0.7358781375820173f,-0.3507404411520744f,0.560603965141507f,0.5874147037725047f,0.6750768684035661f,0.4463352860107468f,1.7866358943597975f,0.565225137642153f,0.05248417261666749f,-0.8232654222072934f,-0.3361134297491218f,0f,0f,0f,1f],start_interpolation:0}
execute if entity @s[tag=aj.axia.bone.ear_edge_b1] run data modify entity @s {} merge value {transformation:[-0.37523433188206695f,0.9092522983818125f,-0.18016507448562344f,0.532356913376806f,0.7166410626413467f,0.40784991075580124f,0.565759699548109f,1.8060730505628797f,0.5878986166961956f,0.08317877243549905f,-0.8046468220920426f,-0.3451497047152223f,0f,0f,0f,1f],start_interpolation:0}
execute if entity @s[tag=aj.axia.bone.ear_edge_b2] run data modify entity @s {} merge value {transformation:[-0.6378434688485586f,0.7487965379078803f,-0.18016507448562344f,0.5572728820970162f,0.555533598891888f,0.609342582517799f,0.565759699548109f,1.7943967933663005f,0.5334211560760079f,0.2607783770708607f,-0.8046468220920426f,-0.358938292228555f,0f,0f,0f,1f],start_interpolation:0}
execute if entity @s[tag=aj.axia.bone.ear_right_2] run data modify entity @s {} merge value {transformation:[-0.5128529714748831f,0.8393583117983479f,-0.18016507448562344f,0.6682888546780994f,0.6440162393567783f,0.514935962826434f,0.565759699548109f,1.8372033683174762f,0.5676485823941919f,0.17412230932031972f,-0.8046468220920426f,-0.39253435604674003f,0f,0f,0f,1f],start_interpolation:0}
execute if entity @s[tag=aj.axia.bone.ear_right_1] run data modify entity @s {} merge value {transformation:[-0.5128529714748831f,0.7835578935789179f,-0.3507404411520744f,0.4919883286228432f,0.6440162393567783f,0.6213114322998233f,0.4463352860107468f,1.6974082960500163f,0.5676485823941919f,0.0030218378036069513f,-0.8232654222072934f,-0.39321426955255157f,0f,0f,0f,1f],start_interpolation:0}
execute if entity @s[tag=aj.axia.bone.ear_edge_a3] run data modify entity @s {} merge value {transformation:[-0.7089637430425829f,0.6118427526672997f,-0.3507404411520744f,0.3866320440234195f,0.4478115021179191f,0.7747578144379043f,0.4463352860107468f,1.938977654390257f,0.5448259076273293f,0.1593699312163488f,-0.8232654222072934f,-0.179402740929347f,0f,0f,0f,1f],start_interpolation:0}
execute if entity @s[tag=aj.axia.bone.ear_edge_a4] run data modify entity @s {} merge value {transformation:[-0.6045219292055951f,0.7152163169629128f,-0.3507404411520744f,0.46347141825199234f,0.5634970236635956f,0.6951661073326104f,0.4463352860107468f,1.8810766979183087f,0.5630491465510046f,0.07217827350409725f,-0.8232654222072934f,-0.2435301955240435f,0f,0f,0f,1f],start_interpolation:0}
execute if entity @s[tag=aj.axia.bone.ear_edge_b3] run data modify entity @s {} merge value {transformation:[-0.7687436781064226f,0.6055086240913766f,-0.20589430182104773f,0.4622281041162644f,0.39563495581279506f,0.7031762209825135f,0.5907759168955344f,1.8742584457909137f,0.5024998896620938f,0.3726962682878908f,-0.7801226522117302f,-0.27830545753327746f,0f,0f,0f,1f],start_interpolation:0}
execute if entity @s[tag=aj.axia.bone.ear_edge_b4] run data modify entity @s {} merge value {transformation:[-0.5440062293389901f,0.8134277834682052f,-0.20589430182104773f,0.452516343197406f,0.593564605123854f,0.5465024021542854f,0.5907759168955344f,1.896250312382341f,0.5930752751418131f,0.19917420897696245f,-0.7801226522117302f,-0.2590881442798647f,0f,0f,0f,1f],start_interpolation:0}
execute if entity @s[tag=aj.axia.bone.ear_left_2] run data modify entity @s {} merge value {transformation:[-0.6645567500849545f,0.7183118141824945f,-0.20589430182104773f,0.49245803335946864f,0.5007650289465808f,0.6326280121843887f,0.5907759168955344f,2.008161554707594f,0.5546158235216998f,0.28949945734920246f,-0.7801226522117302f,-0.2249387700620799f,0f,0f,0f,1f],start_interpolation:0}
execute if entity @s[tag=aj.axia.bone.ear_left_1] run data modify entity @s {} merge value {transformation:[-0.6645567500849545f,0.6598071451999982f,-0.3507404411520744f,0.3440014256894693f,0.5007650289465808f,0.7416327920513192f,0.4463352860107468f,1.8412941764960475f,0.5546158235216998f,0.12097657995328545f,-0.8232654222072934f,-0.2521585005515691f,0f,0f,0f,1f],start_interpolation:0}
execute if entity @s[tag=aj.axia.bone.head] run data modify entity @s {} merge value {transformation:[-0.5919476117334956f,0.7256577484623581f,-0.3507404411520744f,0.05705591985519992f,0.5755435217841255f,0.6852258510841743f,0.4463352860107468f,1.4042250099045566f,0.5642230760039301f,0.06234071785366553f,-0.8232654222072934f,-0.328908958508086f,0f,0f,0f,1f],start_interpolation:0}
execute if entity @s[tag=aj.axia.bone.body_1] run data modify entity @s {} merge value {transformation:[0.20252160818377368f,0.6325426366840061f,-0.7475793008072811f,-0.18014756890130237f,-0.01727874625989423f,0.7655878993799562f,0.6430992250428176f,1.117129547637073f,0.9791253459830075f,-0.11732425622961186f,0.16597763630629328f,-0.28491236242198154f,0f,0f,0f,1f],start_interpolation:0}
execute if entity @s[tag=aj.axia.bone.leg_left_2] run data modify entity @s {} merge value {transformation:[0.008249751837850372f,-0.19526377490916733f,-0.9807160648234716f,0.053714133947509735f,0.015613798643334955f,0.980655028919442f,-0.19512027969161438f,0.9311944301657576f,0.9998440632851401f,-0.013703009276449721f,0.011138969890894657f,-0.40895785319626393f,0f,0f,0f,1f],start_interpolation:0}
execute if entity @s[tag=aj.axia.bone.leg_left_1] run data modify entity @s {} merge value {transformation:[0.008249751837850372f,-0.9998139889881458f,-0.017433560113349234f,-0.2447030559922801f,0.015613798643334955f,0.01756082274683221f,-0.9997238752757582f,0.8390568341490667f,0.9998440632851401f,0.007975269780152837f,0.015755766734580255f,-0.40505675923965045f,0f,0f,0f,1f],start_interpolation:0}
execute if entity @s[tag=aj.axia.bone.leg_right_2] run data modify entity @s {} merge value {transformation:[0.005506043581647f,0.06729186664517062f,-0.9977181406426794f,0.009399348541575897f,0.1655260402599995f,0.9839082016721665f,0.0672739227196435f,0.5902586056695747f,0.986190049371784f,-0.16551874626655472f,-0.005721114788732079f,-0.11362073731314876f,0f,0f,0f,1f],start_interpolation:0}
execute if entity @s[tag=aj.axia.bone.leg_right_1] run data modify entity @s {} merge value {transformation:[0.005506043581647f,-0.6293911069608258f,-0.7770691847980481f,-0.2421244476045807f,0.1655260402599995f,0.7669347715329669f,-0.6200098275104363f,0.8460419147371895f,0.986190049371784f,-0.12521138403636475f,0.10840339398642436f,-0.1551481258294373f,0f,0f,0f,1f],start_interpolation:0}
execute if entity @s[tag=aj.axia.bone.coat_downer] run data modify entity @s {} merge value {transformation:[0.008249751837850372f,0.37471844863162956f,-0.9271019500840879f,-0.23354206247569814f,0.015613798643334955f,0.9269722016316334f,0.37480494486349525f,0.9012223448635204f,0.9998440632851401f,-0.01756763095317917f,0.0017965122191697202f,-0.27328642660049396f,0f,0f,0f,1f],start_interpolation:0}
execute if entity @s[tag=aj.axia.bone.body_2] run data modify entity @s {} merge value {transformation:[0.008249751837850372f,0.16517453703577348f,-0.9862298484175135f,-0.19670032804300072f,0.015613798643334955f,0.9861218967324844f,0.16528706566653317f,1.1214369733627838f,0.9998440632851401f,-0.01676237154299319f,0.005556258967630734f,-0.28484305073654664f,0f,0f,0f,1f],start_interpolation:0}