execute if entity @s[tag=aj.axia.bone.wing_right_1] run data modify entity @s {} merge value {transformation:[-0.5969429093460704f,-0.19220232248596253f,0.523127015797211f,0.4484893878797114f,-0.1642433231122703f,0.7931903987138074f,0.10400753167782614f,1.2056196287667151f,-0.5325671208767322f,-0.029183952160008825f,-0.6184375499125478f,-0.2315963692088549f,0f,0f,0f,1f],start_interpolation:0}
execute if entity @s[tag=aj.axia.bone.wing_right_2] run data modify entity @s {} merge value {transformation:[-0.6122997360000443f,0.04983023963622098f,0.5124509542503292f,0.4484893878797114f,0.14870182503552923f,0.779427500461524f,0.10188492899052358f,1.2056196287667151f,-0.4929267699419245f,0.17323313407687913f,-0.6058163754245367f,-0.2315963692088549f,0f,0f,0f,1f],start_interpolation:0}
execute if entity @s[tag=aj.axia.bone.wing_left_1] run data modify entity @s {} merge value {transformation:[-0.3389211093070001f,-0.02718424572317606f,0.742521341710135f,0.41557248911795347f,0.1642433231122703f,0.7931903987138074f,0.10400753167782614f,1.2056196287667151f,-0.7246385698564458f,0.1924953314164726f,-0.32371119057535147f,-0.27581573400944875f,0f,0f,0f,1f],start_interpolation:0}
execute if entity @s[tag=aj.axia.bone.wing_left_2] run data modify entity @s {} merge value {transformation:[-0.29654137034954153f,-0.1516549828319867f,0.7273678449405404f,0.41557248911795347f,-0.14870182503552923f,0.779427500461524f,0.10188492899052358f,1.2056196287667151f,-0.7279773230687333f,-0.09743478694250318f,-0.3171048397472831f,-0.27581573400944875f,0f,0f,0f,1f],start_interpolation:0}
execute if entity @s[tag=aj.axia.bone.blade] run data modify entity @s {} merge value {transformation:[0.5095631819861708f,-1.3920750648470077f,-1.3425618709747895f,-0.48718541742643906f,1.8581869623166447f,0.7373139706625511f,-0.05923952854525983f,1.3876328423163706f,0.5361777472448569f,-1.2322723410419563f,1.4812218945392375f,-0.753142372664f,0f,0f,0f,1f],start_interpolation:0}
execute if entity @s[tag=aj.axia.bone.arm_right_2] run data modify entity @s {} merge value {transformation:[-0.6802857505912195f,0.6856550541609183f,-0.2590143707328404f,-0.26050761265245115f,0.26925435067756337f,-0.09489458960123706f,-0.9583825496666856f,1.2967244812554852f,-0.6816989014101056f,-0.7217147383613566f,-0.12006016928296431f,-0.5159060624244163f,0f,0f,0f,1f],start_interpolation:0}
execute if entity @s[tag=aj.axia.bone.arm_right_1] run data modify entity @s {} merge value {transformation:[-0.622290184198058f,0.777967088137784f,0.08673025092298844f,-0.05457814562814692f,-0.21790218061855057f,-0.06574116721558051f,-0.9737539415143921f,1.377150629890262f,-0.751846770514064f,-0.6248562304302894f,0.21043080801066605f,-0.26352075160153926f,0f,0f,0f,1f],start_interpolation:0}
execute if entity @s[tag=aj.axia.bone.arm_left_2] run data modify entity @s {} merge value {transformation:[-0.31062245804478494f,0.8077965533587115f,0.5009774615090006f,0.49507793001783384f,0.4967608637555015f,0.5873042684573088f,-0.6389853992797593f,1.2931226301257062f,-0.8103964047298728f,0.050382781122242565f,-0.5837116090735941f,0.47310657761215336f,0f,0f,0f,1f],start_interpolation:0}
execute if entity @s[tag=aj.axia.bone.arm_left_1] run data modify entity @s {} merge value {transformation:[-0.578261319798757f,0.6439219122569113f,0.5009774615090006f,0.3018286055673558f,0.25466990153527486f,0.7258380678631425f,-0.6389853992797593f,1.377150629890262f,-0.7750852129131436f,-0.2419166595257601f,-0.5837116090735941f,0.21526311751611077f,0f,0f,0f,1f],start_interpolation:0}
execute if entity @s[tag=aj.axia.bone.ear_edge_a1] run data modify entity @s {} merge value {transformation:[-0.9501831381639914f,-0.26967948569348693f,0.15628492871971303f,0.09228073505136607f,-0.2020760165324691f,0.9147452809541188f,0.34986619515829137f,2.0249571174789036f,-0.2373126366024334f,0.30085552341326016f,-0.9236712978871513f,0.16464693910378447f,0f,0f,0f,1f],start_interpolation:0}
execute if entity @s[tag=aj.axia.bone.ear_edge_a2] run data modify entity @s {} merge value {transformation:[-0.8962976409178879f,-0.4150006746260821f,0.15628492871971303f,-0.015141440085499919f,-0.34268581411716326f,0.8718715950690891f,0.34986619515829137f,1.9942710316558419f,-0.2814550971076665f,0.2600276173247362f,-0.9236712978871513f,0.13484792820200825f,0f,0f,0f,1f],start_interpolation:0}
execute if entity @s[tag=aj.axia.bone.ear_edge_b1] run data modify entity @s {} merge value {transformation:[-0.9741371841099228f,-0.21150894749878876f,0.0795029034837419f,-0.027801987809665942f,-0.13687639371259405f,0.8323099163590088f,0.5371452838615407f,1.9889137069935447f,-0.17978208859234412f,0.5123711235602713f,-0.8397346202003105f,0.10112607149377656f,0f,0f,0f,1f],start_interpolation:0}
execute if entity @s[tag=aj.axia.bone.ear_edge_b2] run data modify entity @s {} merge value {transformation:[-0.8610996574736695f,-0.5021819075159757f,0.0795029034837419f,-0.006188438916232556f,-0.3873750949090683f,0.7492766377443617f,0.5371452838615407f,2.006386022715617f,-0.3293143114760113f,0.43173817516420854f,-0.8397346202003105f,0.11434871542528215f,0f,0f,0f,1f],start_interpolation:0}
execute if entity @s[tag=aj.axia.bone.ear_right_2] run data modify entity @s {} merge value {transformation:[-0.9290566498323545f,-0.36129355064813545f,0.0795029034837419f,0.001780726191749224f,-0.2653931746859396f,0.8006506147224415f,0.5371452838615407f,2.1235979557204074f,-0.25772117536671346f,0.47793886994535184f,-0.8397346202003105f,0.15286494187612049f,0f,0f,0f,1f],start_interpolation:0}
execute if entity @s[tag=aj.axia.bone.ear_right_1] run data modify entity @s {} merge value {transformation:[-0.9290566498323545f,-0.33530398514982823f,0.15628492871971303f,0.07722412285046046f,-0.2653931746859396f,0.898420897083087f,0.34986619515829137f,1.921453253876713f,-0.25772117536671346f,0.28356856177486445f,-0.9236712978871513f,0.0890620154767761f,0f,0f,0f,1f],start_interpolation:0}
execute if entity @s[tag=aj.axia.bone.ear_edge_a3] run data modify entity @s {} merge value {transformation:[-0.8647291877880912f,-0.49918026558348944f,0.055339807004950003f,-0.25932468426679917f,-0.3979834723015495f,0.7482668848912613f,0.5307596675991215f,1.9021851901166094f,-0.30635369683121155f,0.4369390477253379f,-0.845713711022072f,0.08430581040947205f,0f,0f,0f,1f],start_interpolation:0}
execute if entity @s[tag=aj.axia.bone.ear_edge_a4] run data modify entity @s {} merge value {transformation:[-0.9321719343557946f,-0.35776108027569353f,0.055339807004950003f,-0.155557744193709f,-0.2760289054965239f,0.8013128094448893f,0.5307596675991215f,1.9420547187868444f,-0.2342296482723041f,0.47948387966594636f,-0.845713711022072f,0.1161174978290514f,0f,0f,0f,1f],start_interpolation:0}
execute if entity @s[tag=aj.axia.bone.ear_edge_b3] run data modify entity @s {} merge value {transformation:[-0.817503063277462f,-0.575356345000005f,-0.025569861168987927f,-0.13032812377149147f,-0.4444720065173371f,0.6020557763776163f,0.663304965723006f,1.9540269066359943f,-0.3662422380807794f,0.5536189288658591f,-0.7479122305772252f,0.09832437938643107f,0f,0f,0f,1f],start_interpolation:0}
execute if entity @s[tag=aj.axia.bone.ear_edge_b4] run data modify entity @s {} merge value {transformation:[-0.9552865038477363f,-0.29457406159770355f,-0.025569861168987927f,-0.16107356955718932f,-0.2366725316468089f,0.7099384728348593f,0.663304965723006f,1.9526310908166795f,-0.17723940964204069f,0.6396979654670947f,-0.7479122305772252f,0.09813759973748816f,0f,0f,0f,1f],start_interpolation:0}
execute if entity @s[tag=aj.axia.bone.ear_left_2] run data modify entity @s {} merge value {transformation:[-0.8974438060375366f,-0.44038709927137876f,-0.025569861168987927f,-0.2535099010564704f,-0.3448175452560866f,0.6641742112810228f,0.663304965723006f,2.0293013255060437f,-0.27512810741257804f,0.6040958697628814f,-0.7479122305772252f,0.12751181058446828f,0f,0f,0f,1f],start_interpolation:0}
execute if entity @s[tag=aj.axia.bone.ear_left_1] run data modify entity @s {} merge value {transformation:[-0.8974438060375366f,-0.43764382866152174f,0.055339807004950003f,-0.15504003960762816f,-0.3448175452560866f,0.7742060680036271f,0.5307596675991215f,1.855104960205228f,-0.27512810741257804f,0.45724483977498087f,-0.845713711022072f,0.02463172163509774f,0f,0f,0f,1f],start_interpolation:0}
execute if entity @s[tag=aj.axia.bone.head] run data modify entity @s {} merge value {transformation:[-0.9290566498323545f,-0.32215321523479f,0.18185446740778477f,0.12051261232275282f,-0.2653931746859396f,0.9228797688879583f,0.27903296401577177f,1.406583445360399f,-0.25772117536671346f,0.2109744963051121f,-0.9429048508075477f,-0.021811784212697208f,0f,0f,0f,1f],start_interpolation:0}
execute if entity @s[tag=aj.axia.bone.body_1] run data modify entity @s {} merge value {transformation:[-0.597121258547439f,-0.10484606810447489f,0.7952694540806621f,0.1598298878619309f,0f,0.9914211526782963f,0.13070615143151543f,1.0348005131060378f,-0.8021509849091519f,0.0780474216426787f,-0.591998646437817f,-0.05107956732870172f,0f,0f,0f,1f],start_interpolation:0}
execute if entity @s[tag=aj.axia.bone.leg_left_2] run data modify entity @s {} merge value {transformation:[-0.768893253252227f,-0.4332801706055702f,0.4701823676651591f,-0.03944624829292384f,-0.1657482452885069f,0.8453097772597226f,0.5079162329094231f,0.7541699563876086f,-0.6175197845308179f,0.3126014622952465f,-0.7217684126393215f,0.34272628774665637f,0f,0f,0f,1f],start_interpolation:0}
execute if entity @s[tag=aj.axia.bone.leg_left_1] run data modify entity @s {} merge value {transformation:[-0.768893253252227f,0.6234544027589446f,0.1418018786324588f,0.1632235521593869f,-0.1657482452885069f,0.01984022902891658f,-0.9859685007625046f,0.7684475646917885f,-0.6175197845308179f,-0.7816079407174469f,0.0880814550313761f,0.08654351483471215f,0f,0f,0f,1f],start_interpolation:0}
execute if entity @s[tag=aj.axia.bone.leg_right_2] run data modify entity @s {} merge value {transformation:[-0.597121258547439f,-0.11444763067160157f,0.7939445461897066f,-0.13992737204918274f,0f,0.9897694587754267f,0.14267592114789146f,0.42827536972226976f,-0.8021509849091519f,0.08519482560024402f,-0.5910123848958002f,0.01622874907630871f,0f,0f,0f,1f],start_interpolation:0}
execute if entity @s[tag=aj.axia.bone.leg_right_1] run data modify entity @s {} merge value {transformation:[-0.597121258547439f,0.3365635368132947f,0.7281285520280388f,-0.0009530454359834295f,0f,0.9077200748067442f,-0.41957629317305195f,0.7661359646336123f,-0.8021509849091519f,-0.25053792423616206f,-0.5420189534773785f,-0.08722375098196258f,0f,0f,0f,1f],start_interpolation:0}
execute if entity @s[tag=aj.axia.bone.coat_downer] run data modify entity @s {} merge value {transformation:[-0.597121258547439f,0.34803565564360056f,0.7227152862583244f,0.0977537751635474f,0f,0.9009716373285709f,-0.4338779882979481f,0.8476784647130329f,-0.8021509849091519f,-0.2590777704285018f,-0.5379893179971831f,-0.014609542245450531f,0f,0f,0f,1f],start_interpolation:0}
execute if entity @s[tag=aj.axia.bone.body_2] run data modify entity @s {} merge value {transformation:[-0.597121258547439f,0.32260124197617174f,0.7344212968495358f,0.17450000000000013f,0f,0.9155649131724412f,-0.4021702248644725f,1.0522500000000001f,-0.8021509849091519f,-0.24014439082138037f,-0.5467032732354048f,-0.06199999999999995f,0f,0f,0f,1f],start_interpolation:0}