execute if entity @s[tag=aj.axia.bone.wing_right_1] run data modify entity @s {} merge value {transformation:[-0.3185485950545712f,-0.13456316388976955f,0.7398405179207057f,0.6009235176203279f,-0.15638862035998416f,0.7977717277922338f,0.07776447904885032f,1.2417433884310467f,-0.735536427687374f,-0.11134392531168168f,-0.3369467885075136f,-0.04151209891863913f,0f,0f,0f,1f],start_interpolation:0}
execute if entity @s[tag=aj.axia.bone.wing_right_2] run data modify entity @s {} merge value {transformation:[-0.33873856702862465f,-0.0023675590698705867f,0.7247417318406914f,0.6009235176203279f,0.15752794537184608f,0.7806291966814142f,0.07617744886417992f,1.2417433884310467f,-0.707418638172842f,0.1749641447628077f,-0.3300703234359317f,-0.04151209891863913f,0f,0f,0f,1f],start_interpolation:0}
execute if entity @s[tag=aj.axia.bone.wing_left_1] run data modify entity @s {} merge value {transformation:[0.05212089433117802f,-0.08758477184411512f,0.8102819043762344f,0.5911105490127289f,0.1651813548265546f,0.7962213314715723f,0.07543974928209245f,1.2420473898945548f,-0.7980870734676926f,0.15907527619053627f,0.06853119080479017f,-0.09710522765553276f,0f,0f,0f,1f],start_interpolation:0}
execute if entity @s[tag=aj.axia.bone.wing_left_2] run data modify entity @s {} merge value {transformation:[0.08000392026218273f,-0.05972764929879716f,0.793745538980801f,0.5911105490127289f,-0.14898909959814355f,0.7825222132145753f,0.07390016256204975f,1.2420473898945548f,-0.781921748606353f,-0.15521466984471158f,0.06713259507408018f,-0.09710522765553276f,0f,0f,0f,1f],start_interpolation:0}
execute if entity @s[tag=aj.axia.bone.blade] run data modify entity @s {} merge value {transformation:[0.7242550239595676f,0.7628431613071276f,-1.7010364403845881f,0.25547371321280377f,1.2706526612371822f,1.1333481534295184f,1.0492682105204392f,1.6186288022812618f,1.364146793699341f,-1.460682126393298f,-0.07423779950242952f,-0.8972144460302995f,0f,0f,0f,1f],start_interpolation:0}
execute if entity @s[tag=aj.axia.bone.arm_right_2] run data modify entity @s {} merge value {transformation:[0.23100071961889102f,0.8905161001789348f,-0.3919435454981431f,0.15029869209053087f,0.5749529385322915f,-0.4499181535881743f,-0.6833760118301564f,1.432298122744489f,-0.7848998573121523f,-0.06748874271986836f,-0.6159362658566666f,-0.6326981504320027f,0f,0f,0f,1f],start_interpolation:0}
execute if entity @s[tag=aj.axia.bone.arm_right_1] run data modify entity @s {} merge value {transformation:[-0.0593941878327814f,0.8903536848625901f,-0.45137860638635807f,0.17479031220992444f,0.03827712678673336f,-0.4498129999640769f,-0.8923021498507491f,1.4283229908428723f,-0.9975004721886784f,-0.07027503763729967f,-0.007363903071027397f,-0.2977370983374142f,0f,0f,0f,1f],start_interpolation:0}
execute if entity @s[tag=aj.axia.bone.arm_left_2] run data modify entity @s {} merge value {transformation:[0.01137011326500606f,0.7104745856462367f,0.7036309996547546f,0.33283867319566285f,0.1790783008221404f,0.6908531367841769f,-0.7004662058730017f,1.4249142704479656f,-0.9837691206268854f,0.1339694239230425f,-0.1193755031601215f,0.6179876914777482f,0f,0f,0f,1f],start_interpolation:0}
execute if entity @s[tag=aj.axia.bone.arm_left_1] run data modify entity @s {} merge value {transformation:[-0.17146095135576514f,0.6895683856478824f,0.7036309996547546f,0.27730966582356215f,-0.004338138487124202f,0.7136723863120585f,-0.7004662058730017f,1.4249870037906813f,-0.9851813653914907f,-0.12315505077188407f,-0.1193755031601215f,0.29025815585264253f,0f,0f,0f,1f],start_interpolation:0}
execute if entity @s[tag=aj.axia.bone.ear_edge_a1] run data modify entity @s {} merge value {transformation:[-0.8770301003459237f,-0.2970337367424814f,0.37760980167895114f,0.1787884967652034f,-0.2020498294483075f,0.9411269407868881f,0.27102757746218853f,2.088876441258552f,-0.4358830915591111f,0.16140334743093454f,-0.8854122711657888f,0.11988772103830472f,0f,0f,0f,1f],start_interpolation:0}
execute if entity @s[tag=aj.axia.bone.ear_edge_a2] run data modify entity @s {} merge value {transformation:[-0.8197660907564417f,-0.4305744931157491f,0.37760980167895114f,0.08002466581964543f,-0.34678695028227535f,0.8979325494539642f,0.27102757746218853f,2.057980592229536f,-0.4557656937065577f,0.09122906614242873f,-0.8854122711657888f,0.06830969437254804f,0f,0f,0f,1f],start_interpolation:0}
execute if entity @s[tag=aj.axia.bone.ear_edge_b1] run data modify entity @s {} merge value {transformation:[-0.9106316175678687f,-0.2892365067683431f,0.2951140461553343f,0.07476128422716083f,-0.13121889597169836f,0.879626937077127f,0.45720679446863044f,2.049857487454107f,-0.3918311606109131f,0.37762242348774533f,-0.8389693956596668f,0.03421581680322938f,0f,0f,0f,1f],start_interpolation:0}
execute if entity @s[tag=aj.axia.bone.ear_edge_b2] run data modify entity @s {} merge value {transformation:[-0.7766831378472553f,-0.5564809099560994f,0.2951140461553343f,0.0934332975895795f,-0.3966162583417544f,0.7960260615775756f,0.45720679446863044f,2.067976070375053f,-0.4893453249012684f,0.2380577790027566f,-0.8389693956596668f,0.050657790374867756f,0f,0f,0f,1f],start_interpolation:0}
execute if entity @s[tag=aj.axia.bone.ear_right_2] run data modify entity @s {} merge value {transformation:[-0.8541736730426635f,-0.4281296953525088f,0.2951140461553343f,0.09720296339075706f,-0.2672073429536499f,0.8482701120299888f,0.45720679446863044f,2.187986181879795f,-0.4460802306227606f,0.3116773668298646f,-0.8389693956596668f,0.08013671992830956f,0f,0f,0f,1f],start_interpolation:0}
execute if entity @s[tag=aj.axia.bone.ear_right_1] run data modify entity @s {} merge value {transformation:[-0.8541736730426635f,-0.3574887046562282f,0.37760980167895114f,0.17763792193840827f,-0.2672073429536499f,0.9247401192370901f,0.27102757746218853f,1.9799196550514504f,-0.4460802306227606f,0.13060450955684538f,-0.8854122711657888f,0.05075070527801939f,0f,0f,0f,1f],start_interpolation:0}
execute if entity @s[tag=aj.axia.bone.ear_edge_a3] run data modify entity @s {} merge value {transformation:[-0.7858568525602205f,-0.557632970486824f,0.26734711053270105f,-0.1492487204660639f,-0.40471744604671744f,0.7906351446320895f,0.45945604462017553f,1.9668711516524633f,-0.4675818603726686f,0.25286664133221526f,-0.847009837930941f,-0.03049188824435554f,0f,0f,0f,1f],start_interpolation:0}
execute if entity @s[tag=aj.axia.bone.ear_edge_a4] run data modify entity @s {} merge value {transformation:[-0.8634146660774232f,-0.42783248695281095f,0.26734711053270105f,-0.05410772354770684f,-0.27605211680325803f,0.844212871182632f,0.45945604462017553f,2.007175674259695f,-0.4222680940005434f,0.3228993515591959f,-0.847009837930941f,0.02140104757338665f,0f,0f,0f,1f],start_interpolation:0}
execute if entity @s[tag=aj.axia.bone.ear_edge_b3] run data modify entity @s {} merge value {transformation:[-0.7276629334994965f,-0.665690000611725f,0.16541909894709445f,-0.024644784932844346f,-0.45579007331495286f,0.6494661273306306f,0.60864534707636f,2.0177284612241255f,-0.5126032230472775f,0.36749227547761376f,-0.7760073216058135f,0.007927893535713052f,0f,0f,0f,1f],start_interpolation:0}
execute if entity @s[tag=aj.axia.bone.ear_edge_b4] run data modify entity @s {} merge value {transformation:[-0.8977580977456353f,-0.4082486002862342f,0.16541909894709445f,-0.05458297321770293f,-0.23278604867278335f,0.7585258710324978f,0.60864534707636f,2.016834300901092f,-0.3739532771289089f,0.5079090305740988f,-0.7760073216058135f,0.0008447456100332887f,0f,0f,0f,1f],start_interpolation:0}
execute if entity @s[tag=aj.axia.bone.ear_left_2] run data modify entity @s {} merge value {transformation:[-0.8228410544290339f,-0.5436626903233721f,0.16541909894709445f,-0.14873309670363138f,-0.34857965498146426f,0.7127713978656132f,0.60864534707636f,2.0969295126006147f,-0.4488037692345271f,0.44315664672331456f,-0.7760073216058135f,0.003325842472916743f,0f,0f,0f,1f],start_interpolation:0}
execute if entity @s[tag=aj.axia.bone.ear_left_1] run data modify entity @s {} merge value {transformation:[-0.8228410544290339f,-0.5014560016949953f,0.26734711053270105f,-0.03590549632225762f,-0.34857965498146426f,0.8169408590558965f,0.45945604462017553f,1.913117819313038f,-0.4488037692345271f,0.2848675326692782f,-0.847009837930941f,-0.060769352377670754f,0f,0f,0f,1f],start_interpolation:0}
execute if entity @s[tag=aj.axia.bone.head] run data modify entity @s {} merge value {transformation:[-0.8541736730426635f,-0.32220745323605327f,0.408129505622837f,0.22324348554083903f,-0.2672073429536499f,0.9453090988897489f,0.18705866306563057f,1.4562022407804467f,-0.4460802306227606f,0.05072538452675473f,-0.8935543426183755f,-0.0030825099129632577f,0f,0f,0f,1f],start_interpolation:0}
execute if entity @s[tag=aj.axia.bone.body_1] run data modify entity @s {} merge value {transformation:[-0.17176017359352913f,-0.09453485392519617f,0.9805924760880345f,0.2586940557627876f,0.0055890882549794905f,0.9952755693025632f,0.09692937244167266f,1.0829739022919855f,-0.9851229389571631f,0.022129223727918423f,-0.17042034091504726f,-0.011380968810932666f,0f,0f,0f,1f],start_interpolation:0}
execute if entity @s[tag=aj.axia.bone.leg_left_2] run data modify entity @s {} merge value {transformation:[-0.4689279332586368f,-0.5774587836505896f,0.6683172499603494f,-0.07430702610100565f,-0.2469414732966123f,0.8122099350624578f,0.5285214566618237f,0.9004903239880016f,-0.8480132676885909f,0.08280322802052403f,-0.5234664490237164f,0.24479537076542274f,0f,0f,0f,1f],start_interpolation:0}
execute if entity @s[tag=aj.axia.bone.leg_left_1] run data modify entity @s {} merge value {transformation:[-0.4689279332586368f,0.8666773566500647f,-0.1702261815345653f,0.2210684666717717f,-0.2469414732966123f,-0.3136921985708533f,-0.9168517400986279f,0.8210540852011591f,-0.8480132676885909f,-0.3879014875272323f,0.3611176176791689f,0.10459270878810335f,0f,0f,0f,1f],start_interpolation:0}
execute if entity @s[tag=aj.axia.bone.leg_right_2] run data modify entity @s {} merge value {transformation:[-0.17364817766693041f,-0.11959850030079705f,0.9775185466878642f,0.022840319891410388f,0f,0.9925983459187355f,0.12144349994705472f,0.42569149838934106f,-0.9848077530122079f,0.021088442455300005f,-0.1723628939239978f,-0.09672191816163903f,0f,0f,0f,1f],start_interpolation:0}
execute if entity @s[tag=aj.axia.bone.leg_right_1] run data modify entity @s {} merge value {transformation:[-0.17364817766693041f,0.2853273004699798f,0.9425681100055676f,0.13995189829236587f,0f,0.9571087424145038f,-0.2897289339947375f,0.8043561055157546f,-0.9848077530122079f,-0.050310901405568535f,-0.16620018894936608f,-0.1173718491870822f,0f,0f,0f,1f],start_interpolation:0}
execute if entity @s[tag=aj.axia.bone.coat_downer] run data modify entity @s {} merge value {transformation:[-0.17364817766693041f,0.35138905118480757f,0.91998480699433f,0.18871828677000066f,0f,0.9341770555526137f,-0.3568097936983359f,0.8886146154437646f,-0.9848077530122079f,-0.0619593704494294f,-0.16221814331497014f,-0.006975373147038897f,0f,0f,0f,1f],start_interpolation:0}
execute if entity @s[tag=aj.axia.bone.body_2] run data modify entity @s {} merge value {transformation:[-0.17364817766693041f,0.3190679877309906f,0.9316876781401857f,0.26136666666666675f,0f,0.9460604623495854f,-0.3239901257428823f,1.1f,-0.9848077530122079f,-0.056260294917331144f,-0.1642816752497391f,-0.011852222222222198f,0f,0f,0f,1f],start_interpolation:0}