execute if entity @s[tag=aj.axia.bone.wing_right_1] run data modify entity @s {} merge value {transformation:[-0.7987121445924671f,-0.1408345009111727f,-0.09575488435608547f,0.025689767323813117f,-0.12813391315003228f,0.1944809335487837f,0.7827536721289131f,1.0513255242227773f,-0.11218313075416636f,0.7805685455381473f,-0.2123019908882136f,0.0438130653032235f,0f,0f,0f,1f],start_interpolation:0}
execute if entity @s[tag=aj.axia.bone.wing_right_2] run data modify entity @s {} merge value {transformation:[-0.7756494690233023f,0.17195734736429638f,-0.09380070304269597f,0.025689767323813117f,-0.043058614138656165f,0.22404409435693087f,0.7667791073915884f,1.0513255242227773f,0.19108599360583087f,0.7484884197308715f,-0.20796929719661744f,0.0438130653032235f,0f,0f,0f,1f],start_interpolation:0}
execute if entity @s[tag=aj.axia.bone.wing_left_1] run data modify entity @s {} merge value {transformation:[-0.7987121445924671f,0.14083450091117253f,0.09575488435608552f,-0.025689767323813145f,0.12813391315003228f,0.1944809335487837f,0.7827536721289131f,1.0513255242227773f,0.11218313075416617f,0.7805685455381474f,-0.2123019908882136f,0.04381306530322349f,0f,0f,0f,1f],start_interpolation:0}
execute if entity @s[tag=aj.axia.bone.wing_left_2] run data modify entity @s {} merge value {transformation:[-0.7756494690233023f,-0.17195734736429655f,0.09380070304269603f,-0.025689767323813145f,0.043058614138656165f,0.22404409435693087f,0.7667791073915884f,1.0513255242227773f,-0.19108599360583106f,0.7484884197308715f,-0.20796929719661744f,0.04381306530322349f,0f,0f,0f,1f],start_interpolation:0}
execute if entity @s[tag=aj.axia.bone.blade] run data modify entity @s {} merge value {transformation:[0.09254820836328842f,0.04813002342813372f,1.9972777298046336f,0.00011097649575697805f,1.986674098675261f,-0.21347654339537683f,-0.08691254841966782f,0.15934803358017877f,0.2110944214838104f,1.9879917671521599f,-0.05768777126606862f,0.6485811416812282f,0f,0f,0f,1f],start_interpolation:0}
execute if entity @s[tag=aj.axia.bone.arm_right_2] run data modify entity @s {} merge value {transformation:[0.5858224126733238f,-0.7679009281206282f,-0.2591143867118991f,-0.2893139686039906f,-0.7914999367213097f,-0.4733858898186328f,-0.3865664878009783f,0.3667821916841518f,0.17418367024428097f,0.43154833322827135f,-0.8851136001147718f,0.5523892390581495f,0f,0f,0f,1f],start_interpolation:0}
execute if entity @s[tag=aj.axia.bone.arm_right_1] run data modify entity @s {} merge value {transformation:[0.03942774910957198f,-0.9650415468771637f,-0.2591143867118991f,-0.2984375000000001f,-0.9198817829209088f,0.06621069369419078f,-0.3865664878009783f,0.7199479351587875f,0.390208864648668f,0.2535960505241851f,-0.8851136001147718f,0.4008177313930416f,0f,0f,0f,1f],start_interpolation:0}
execute if entity @s[tag=aj.axia.bone.arm_left_2] run data modify entity @s {} merge value {transformation:[0.4805656406624129f,0.8377807227353464f,0.2591912915739362f,0.28063824317699165f,0.8465397000252717f,-0.36600318958252587f,-0.3865387451427613f,0.37478167977609933f,-0.22896986984284146f,0.405172957918539f,-0.8851031989975486f,0.5463450766812777f,0f,0f,0f,1f],start_interpolation:0}
execute if entity @s[tag=aj.axia.bone.arm_left_1] run data modify entity @s {} merge value {transformation:[0.039422842402702156f,0.9650210950384072f,0.2591912915739362f,0.29843749999999997f,0.9198913498671886f,0.0662397383975878f,-0.3865387451427613f,0.7199479351587875f,-0.39018680646122994f,0.2536662831120696f,-0.8851031989975486f,0.4008177313930417f,0f,0f,0f,1f],start_interpolation:0}
execute if entity @s[tag=aj.axia.bone.ear_edge_a1] run data modify entity @s {} merge value {transformation:[-0.9975640502598242f,0.0697564737441252f,-7.232578577487029e-17f,0.1859374999999999f,-0.04119711724180906f,-0.589146224413744f,0.8069755410109991f,0.5573533084136969f,0.056291768138684944f,0.8050097891515451f,0.5905848594486697f,0.9525044016980624f,0f,0f,0f,1f],start_interpolation:0}
execute if entity @s[tag=aj.axia.bone.ear_edge_a2] run data modify entity @s {} merge value {transformation:[-0.9961946980917455f,-0.08715574274765828f,-7.232578577487029e-17f,0.07031249999999989f,0.051472862080770114f,-0.5883375057560235f,0.8069755410109991f,0.5573533084136969f,-0.07033255265600705f,0.8039047554448753f,0.5905848594486697f,0.9525044016980624f,0f,0f,0f,1f],start_interpolation:0}
execute if entity @s[tag=aj.axia.bone.ear_edge_b1] run data modify entity @s {} merge value {transformation:[-0.9876883405951378f,0.1564344650402308f,-1.1204896849417503e-16f,0.04843749999999987f,-0.14312959832091873f,-0.9036847181935312f,0.40356888902388155f,0.6131828332059852f,0.06313208326133109f,0.3986002863158209f,0.9149492618785096f,0.9864896027017409f,0f,0f,0f,1f],start_interpolation:0}
execute if entity @s[tag=aj.axia.bone.ear_edge_b2] run data modify entity @s {} merge value {transformation:[-0.9876883405951378f,-0.15643446504023092f,-1.1204896849417503e-16f,0.0765624999999999f,0.14312959832091873f,-0.9036847181935312f,0.40356888902388155f,0.6017459674325041f,-0.06313208326133134f,0.3986002863158209f,0.9149492618785096f,0.9915342138145393f,0f,0f,0f,1f],start_interpolation:0}
execute if entity @s[tag=aj.axia.bone.ear_right_2] run data modify entity @s {} merge value {transformation:[-1f,-4.942293481785499e-17f,-1.1204896849417503e-16f,0.12499999999999988f,0f,-0.9149492618785096f,0.40356888902388155f,0.5142849196965384f,-1.2246467991473532e-16f,0.40356888902388155f,0.9149492618785096f,1.0642667254852298f,0f,0f,0f,1f],start_interpolation:0}
execute if entity @s[tag=aj.axia.bone.ear_right_1] run data modify entity @s {} merge value {transformation:[-1f,-9.882600132893238e-17f,-7.232578577487029e-17f,0.1249999999999999f,0f,-0.5905848594486697f,0.8069755410109991f,0.6471665130724888f,-1.2246467991473532e-16f,0.8069755410109991f,0.5905848594486697f,0.8826972287577552f,0f,0f,0f,1f],start_interpolation:0}
execute if entity @s[tag=aj.axia.bone.ear_edge_a3] run data modify entity @s {} merge value {transformation:[-0.9878955005749042f,-0.1534719393078433f,-0.022557566113149904f,-0.1942085323458922f,0.06031696445735074f,-0.5140242118145996f,0.8556523671836771f,0.5653643408152126f,-0.14291376330679337f,0.8439345196835293f,0.5170591675466362f,0.9546097846556547f,0f,0f,0f,1f],start_interpolation:0}
execute if entity @s[tag=aj.axia.bone.ear_edge_a4] run data modify entity @s {} merge value {transformation:[-0.9997411683685393f,0.0029584590852047704f,-0.022557566113149904f,-0.07902352037903411f,-0.020836740058326555f,-0.5171313728606217f,0.8556523671836771f,0.5625530901891438f,-0.009133812613015935f,0.8559009234269641f,0.5170591675466362f,0.9642871041766888f,0f,0f,0f,1f],start_interpolation:0}
execute if entity @s[tag=aj.axia.bone.ear_edge_b3] run data modify entity @s {} merge value {transformation:[-0.9731131803095537f,-0.22413319092776868f,-0.05305705450138092f,-0.05758557321784605f,0.14995500399239875f,-0.7913556011917822f,0.5926801913680197f,0.6085813568563339f,-0.17482629975340036f,0.5687887351090294f,0.8036884593719165f,0.9838548850861741f,0f,0f,0f,1f],start_interpolation:0}
execute if entity @s[tag=aj.axia.bone.ear_edge_b4] run data modify entity @s {} merge value {transformation:[-0.994746596226267f,0.08754517841602433f,-0.05305705450138092f,-0.08646786534710661f,-0.10192664566402748f,-0.7989625458453276f,0.5926801913680197f,0.5992017891837957f,0.009495693757479162f,0.5949745306082098f,0.8036884593719165f,0.9888651282575506f,0f,0f,0f,1f],start_interpolation:0}
execute if entity @s[tag=aj.axia.bone.ear_left_2] run data modify entity @s {} merge value {transformation:[-0.9961946980917455f,-0.06914529963441828f,-0.05305705450138092f,-0.14394184613660818f,0.02431351892816285f,-0.8050708313914354f,0.5926801913680197f,0.530846109053691f,-0.08369573639813355f,0.5891348606059308f,0.8036884593719165f,1.074363005759912f,0f,0f,0f,1f],start_interpolation:0}
execute if entity @s[tag=aj.axia.bone.ear_left_1] run data modify entity @s {} merge value {transformation:[-0.9961946980917455f,-0.08418598282936929f,-0.022557566113149904f,-0.1250000000000001f,0.02431351892816285f,-0.5169795734168803f,0.8556523671836771f,0.6471665130724888f,-0.08369573639813355f,0.8518478977873654f,0.5170591675466362f,0.8826972287577552f,0f,0f,0f,1f],start_interpolation:0}
execute if entity @s[tag=aj.axia.bone.head] run data modify entity @s {} merge value {transformation:[-1f,-1.1760293980743887e-16f,-3.4163524046363854e-17f,-4.6760116803681074e-17f,0f,-0.27896634417490684f,0.960300879317356f,0.7601273619834613f,-1.2246467991473532e-16f,0.960300879317356f,0.27896634417490684f,0.3818253298521443f,0f,0f,0f,1f],start_interpolation:0}
execute if entity @s[tag=aj.axia.bone.body_1] run data modify entity @s {} merge value {transformation:[-1f,-1.1819446423285588e-16f,3.2057237113118855e-17f,-2.4371927163601203e-18f,0f,0.2617672061482409f,0.9651310428047293f,0.661964659677871f,-1.2246467991473532e-16f,0.9651310428047293f,-0.2617672061482409f,0.01990118880037076f,0f,0f,0f,1f],start_interpolation:0}
execute if entity @s[tag=aj.axia.bone.leg_left_2] run data modify entity @s {} merge value {transformation:[-1f,-1.2246467966009864e-16f,-7.897341081149772e-21f,0.12500000000000003f,0f,-0.00006448668372499577f,0.9999999979207337f,0.13877790541634805f,-1.2246467991473532e-16f,0.9999999979207337f,0.00006448668372499577f,-0.26212140151689384f,0f,0f,0f,1f],start_interpolation:0}
execute if entity @s[tag=aj.axia.bone.leg_left_1] run data modify entity @s {} merge value {transformation:[-1f,-4.687368786544435e-17f,1.131390967460474e-16f,0.12500000000000003f,0f,0.9238508345820137f,0.3827527079487705f,0.43494540157938727f,-1.2246467991473532e-16f,0.3827527079487705f,-0.9238508345820137f,-0.2185106061162988f,0f,0f,0f,1f],start_interpolation:0}
execute if entity @s[tag=aj.axia.bone.leg_right_2] run data modify entity @s {} merge value {transformation:[-1f,9.604039478016111e-18f,1.220875106320187e-16f,-0.125f,0f,0.9969201790836411f,-0.07842293373650933f,0.44848416637410254f,-1.2246467991473532e-16f,-0.07842293373650933f,-0.9969201790836411f,0.15386544297772428f,0f,0f,0f,1f],start_interpolation:0}
execute if entity @s[tag=aj.axia.bone.leg_right_1] run data modify entity @s {} merge value {transformation:[-1f,1.167950393988856e-16f,3.683091905493717e-17f,-0.12499999999999997f,0f,0.3007472773421716f,-0.9537038718445421f,0.4797189056149759f,-1.2246467991473532e-16f,-0.9537038718445421f,-0.3007472773421716f,-0.18246164839863996f,0f,0f,0f,1f],start_interpolation:0}
execute if entity @s[tag=aj.axia.bone.coat_downer] run data modify entity @s {} merge value {transformation:[-1f,-8.782052164271285e-17f,8.535311245069148e-17f,-0.007812499999999983f,0f,0.696961054486221f,0.7171089795348088f,0.5237141861274531f,-1.2246467991473532e-16f,0.7171089795348088f,-0.696961054486221f,-0.14495564289447505f,0f,0f,0f,1f],start_interpolation:0}
execute if entity @s[tag=aj.axia.bone.body_2] run data modify entity @s {} merge value {transformation:[-1f,-7.944927064126016e-17f,9.319555365568882e-17f,0f,0f,0.7609994467023079f,0.6487525276396087f,0.69375f,-1.2246467991473532e-16f,0.6487525276396087f,-0.7609994467023079f,0f,0f,0f,0f,1f],start_interpolation:0}