execute if entity @s[tag=aj.axia.bone.wing_right_1] run data modify entity @s {} merge value {transformation:[-0.717052513374594f,-0.2794843816736693f,-0.2732555908085116f,0.07775889765397564f,-0.31288076257228725f,0.7526099139848694f,0.05126782839477469f,1.753818100386744f,0.23427711352115896f,0.149703848369435f,-0.7678850410758238f,-0.22736870652715288f,0f,0f,0f,1f],start_interpolation:0}
execute if entity @s[tag=aj.axia.bone.wing_right_2] run data modify entity @s {} merge value {transformation:[-0.7532485042962743f,0.031059178856147063f,-0.2676789460981338f,0.07775889765397564f,0.015068952807417407f,0.7982798525331285f,0.05022154618263643f,1.753818100386744f,0.26905318700345027f,0.0422445789240315f,-0.7522139177885622f,-0.22736870652715288f,0f,0f,0f,1f],start_interpolation:0}
execute if entity @s[tag=aj.axia.bone.wing_left_1] run data modify entity @s {} merge value {transformation:[-0.13298525637102218f,-0.12959978824626742f,0.7952755880315329f,-0.026794686411107847f,0.22424115754283952f,0.7682394679109028f,0.16269132629696317f,1.7429155396702762f,-0.7739349257503665f,0.2448600810155469f,-0.08951377476834996f,-0.29374594345177896f,0f,0f,0f,1f],start_interpolation:0}
execute if entity @s[tag=aj.axia.bone.wing_left_2] run data modify entity @s {} merge value {transformation:[-0.06838640644640362f,-0.16855696030994854f,0.7790454739900731f,-0.026794686411107847f,-0.10074678567410461f,0.7774644295449464f,0.15937109514804557f,1.7429155396702762f,-0.7906790654808583f,-0.08448438863732045f,-0.08768696303838364f,-0.29374594345177896f,0f,0f,0f,1f],start_interpolation:0}
execute if entity @s[tag=aj.axia.bone.blade] run data modify entity @s {} merge value {transformation:[-0.1753788833809965f,0.1740288353531532f,1.984680380245056f,-0.8131554631623502f,1.9087156224756483f,-0.5563454069621766f,0.2174499038157767f,1.6438547307799483f,0.571005183672999f,1.913163284358582f,-0.11730016027631611f,0.3778457566824638f,0f,0f,0f,1f],start_interpolation:0}
execute if entity @s[tag=aj.axia.bone.arm_right_2] run data modify entity @s {} merge value {transformation:[-0.5920916316243736f,-0.8016395296603114f,0.08247159660381045f,-0.6984607431822636f,-0.32106790034462446f,0.14079182071656776f,-0.9365324695853361f,1.7705005536568326f,0.7391501221867458f,-0.5809920203456401f,-0.34074237946872743f,0.06446520215566637f,0f,0f,0f,1f],start_interpolation:0}
execute if entity @s[tag=aj.axia.bone.arm_right_1] run data modify entity @s {} merge value {transformation:[-0.7612837162481694f,-0.6431528116466529f,0.08247159660381045f,-0.40780053144325457f,-0.2798523734216695f,0.21116245523920746f,-0.9365324695853361f,1.878745377168527f,0.5849185861858341f,-0.7360467908824513f,-0.34074237946872743f,-0.1584577040326379f,0f,0f,0f,1f],start_interpolation:0}
execute if entity @s[tag=aj.axia.bone.arm_left_2] run data modify entity @s {} merge value {transformation:[0.24870738329658404f,0.5779688987123179f,0.7772365081588979f,0.10335030814701864f,0.8767343818404236f,0.20673507975989674f,-0.4342780566590482f,1.6286583714930831f,-0.411681261648689f,0.7894381286192983f,-0.4553086644128398f,0.45428988345611043f,0f,0f,0f,1f],start_interpolation:0}
execute if entity @s[tag=aj.axia.bone.arm_left_1] run data modify entity @s {} merge value {transformation:[-0.043177178313901166f,0.6029931057513305f,0.7965770808209426f,0.08842068644545281f,0.7764693966702787f,0.5219762100494996f,-0.35303840042813234f,1.9244529872563154f,-0.6286740071828508f,0.6032745233794692f,-0.49074315291599446f,0.21726273027846554f,0f,0f,0f,1f],start_interpolation:0}
execute if entity @s[tag=aj.axia.bone.ear_edge_a1] run data modify entity @s {} merge value {transformation:[-0.8954606440543236f,-0.2466641373131046f,0.3705496435208078f,-0.20505634042959928f,0.12969303942771082f,0.6517492810720399f,0.7472634007805289f,2.4363527664409905f,-0.42582854586537316f,0.7172026756682248f,-0.5516252093047602f,0.3966548970025688f,0f,0f,0f,1f],start_interpolation:0}
execute if entity @s[tag=aj.axia.bone.ear_edge_a2] run data modify entity @s {} merge value {transformation:[-0.8458492652290827f,-0.38370819928433025f,0.3705496435208078f,-0.3063522725576653f,0.02614025277423586f,0.6640136271484326f,0.7472634007805289f,2.4460552512450495f,-0.5327811067373919f,0.6417584598298327f,-0.5516252093047602f,0.341753744483398f,0f,0f,0f,1f],start_interpolation:0}
execute if entity @s[tag=aj.axia.bone.ear_edge_b1] run data modify entity @s {} merge value {transformation:[-0.9367242737261439f,-0.31398910071463776f,0.15478526946916327f,-0.2987918614712241f,0.10974322576012789f,0.15647908820554982f,0.981565443235509f,2.4958615112911793f,-0.33242150864826747f,0.9364428117011592f,-0.11211958348672652f,0.2905363992546989f,0f,0f,0f,1f],start_interpolation:0}
execute if entity @s[tag=aj.axia.bone.ear_edge_b2] run data modify entity @s {} merge value {transformation:[-0.7938497563297642f,-0.5880850999052201f,0.15478526946916327f,-0.2798605520943001f,0.05601731245860851f,0.18273297827921828f,0.981565443235509f,2.495647949842186f,-0.6055283850325175f,0.7878861427380697f,-0.11211958348672652f,0.31480212697473f,0f,0f,0f,1f],start_interpolation:0}
execute if entity @s[tag=aj.axia.bone.ear_right_2] run data modify entity @s {} merge value {transformation:[-0.8760729265130031f,-0.45665933450034824f,0.15478526946916327f,-0.28253584475639076f,0.08391338208916001f,0.17172019378115455f,0.981565443235509f,2.5410392116931657f,-0.4748207785441799f,0.8729114658781046f,-0.11211958348672652f,0.4297722130319212f,0f,0f,0f,1f],start_interpolation:0}
execute if entity @s[tag=aj.axia.bone.ear_right_1] run data modify entity @s {} merge value {transformation:[-0.8760729265130031f,-0.30852745277777904f,0.3705496435208078f,-0.21311716788139057f,0.08391338208916001f,0.6592085816797877f,0.7472634007805289f,2.3927172808152135f,-0.4748207785441799f,0.6857513082176205f,-0.5516252093047602f,0.2754781686829568f,0f,0f,0f,1f],start_interpolation:0}
execute if entity @s[tag=aj.axia.bone.ear_edge_a3] run data modify entity @s {} merge value {transformation:[-0.7764133232234922f,-0.48022954973079f,0.40811999594042875f,-0.5314481969187953f,-0.18090519316406492f,0.7901519442986402f,0.5856049999849308f,2.442668048727077f,-0.6037016337623455f,0.3808404974348725f,-0.7003605163815514f,0.17309359287140363f,0f,0f,0f,1f],start_interpolation:0}
execute if entity @s[tag=aj.axia.bone.ear_edge_a4] run data modify entity @s {} merge value {transformation:[-0.8419788395392145f,-0.3528593242097793f,0.40811999594042875f,-0.438020752679432f,-0.05507095333440204f,0.8087236697979658f,0.5856049999849308f,2.4571612151096685f,-0.536692485383425f,0.470591461064402f,-0.7003605163815514f,0.23965485349729007f,0f,0f,0f,1f],start_interpolation:0}
execute if entity @s[tag=aj.axia.bone.ear_edge_b3] run data modify entity @s {} merge value {transformation:[-0.7285931325565309f,-0.5650813411287543f,0.38708542351732894f,-0.41468657140991483f,-0.244504335399421f,0.7424692341272631f,0.6236642256417815f,2.457275728845381f,-0.6398200349804224f,0.3597534076038806f,-0.6791228228789302f,0.24487687431957955f,0f,0f,0f,1f],start_interpolation:0}
execute if entity @s[tag=aj.axia.bone.ear_edge_b4] run data modify entity @s {} merge value {transformation:[-0.8675529840587592f,-0.31227663177245957f,0.38708542351732894f,-0.44296400564459054f,-0.0031018302981591916f,0.7816861981021787f,0.6236642256417815f,2.463395077933444f,-0.4973350967904273f,0.539861086711581f,-0.6791228228789302f,0.23437897429900387f,0f,0f,0f,1f],start_interpolation:0}
execute if entity @s[tag=aj.axia.bone.ear_left_2] run data modify entity @s {} merge value {transformation:[-0.808021139367466f,-0.4441471751972674f,0.38708542351732894f,-0.5185847073849867f,-0.12534630384944281f,0.7715771107063248f,0.6236642256417815f,2.5612043698755467f,-0.5756649567644232f,0.45541415107390715f,-0.6791228228789302f,0.23508353751446914f,0f,0f,0f,1f],start_interpolation:0}
execute if entity @s[tag=aj.axia.bone.ear_left_1] run data modify entity @s {} merge value {transformation:[-0.808021139367466f,-0.42489987908786997f,0.40811999594042875f,-0.42298223459021617f,-0.12534630384944281f,0.8008464822323517f,0.5856049999849308f,2.381013911373268f,-0.5756649567644232f,0.42202488628892626f,-0.7003605163815514f,0.1401279380994609f,0f,0f,0f,1f],start_interpolation:0}
execute if entity @s[tag=aj.axia.bone.head] run data modify entity @s {} merge value {transformation:[-0.8394602668353025f,-0.30648179367871287f,0.4487486719181256f,-0.1750011779729044f,-0.04681347776778204f,0.8634998461127417f,0.5021717973587891f,1.9286290562939983f,-0.5414009223339836f,0.4005457850318117f,-0.7392212898646531f,0.025624003870675663f,0f,0f,0f,1f],start_interpolation:0}
execute if entity @s[tag=aj.axia.bone.body_1] run data modify entity @s {} merge value {transformation:[-0.8409821595294145f,-0.184559416749872f,0.5086126512801166f,-0.1057913966917024f,-0.0876953108563723f,0.9740905133067767f,0.20846391615707682f,1.5633451138039571f,-0.5339087373391137f,0.13071148983424383f,-0.8353777388811996f,-0.02339280481716577f,0f,0f,0f,1f],start_interpolation:0}
execute if entity @s[tag=aj.axia.bone.leg_left_2] run data modify entity @s {} merge value {transformation:[-0.9136063606823819f,0.04451435467127912f,0.40415577436044753f,-0.12152804610587213f,-0.16291423334598443f,0.8706371057187698f,-0.46416589999582447f,1.2966468220110612f,-0.37253505914743595f,-0.4899076467803326f,-0.7881675756666048f,0.3762008721397926f,0f,0f,0f,1f],start_interpolation:0}
execute if entity @s[tag=aj.axia.bone.leg_left_1] run data modify entity @s {} merge value {transformation:[-0.9136063606823819f,0.3648379287816631f,0.17949012073927495f,0.0010448173982791908f,-0.16291423334598443f,0.07599694814488894f,-0.9837090100461381f,1.2604558889250208f,-0.37253505914743595f,-0.927964304052138f,-0.00999400375461823f,0.09142947406133026f,0f,0f,0f,1f],start_interpolation:0}
execute if entity @s[tag=aj.axia.bone.leg_right_2] run data modify entity @s {} merge value {transformation:[-0.8331567773290502f,-0.12768134697103373f,0.5380959561512554f,-0.33920952022440987f,0.1369925789254021f,0.8950123318594212f,0.42448316708549083f,0.9461379326220576f,-0.5358010990190659f,0.42737618026186697f,-0.728194193079523f,0.0846197962261333f,0f,0f,0f,1f],start_interpolation:0}
execute if entity @s[tag=aj.axia.bone.leg_right_1] run data modify entity @s {} merge value {transformation:[-0.8331567773290502f,0.3364555916768661f,0.43891618701073354f,-0.2050589485178558f,0.1369925789254021f,0.8944703714023874f,-0.4256239983866543f,1.2331445862723929f,-0.5358010990190659f,-0.2944832584590253f,-0.7913259712516179f,-0.050599553790532374f,0f,0f,0f,1f],start_interpolation:0}
execute if entity @s[tag=aj.axia.bone.coat_downer] run data modify entity @s {} merge value {transformation:[-0.8792164719739052f,-0.005694567897039187f,0.4763884626082218f,-0.1009666505313521f,-0.06275689079944938f,0.9925997555718613f,-0.10395815454242777f,1.2975077970757776f,-0.47227107477268304f,-0.12129838059573303f,-0.8730674285517172f,-0.004802546164837183f,0f,0f,0f,1f],start_interpolation:0}
execute if entity @s[tag=aj.axia.bone.body_2] run data modify entity @s {} merge value {transformation:[-0.8792164719739052f,0.018319873332958758f,0.4760701394236184f,-0.090004425146223f,-0.06275689079944938f,0.9860996784920945f,-0.15384731630735093f,1.5183297321982256f,-0.47227107477268304f,-0.16514177641908914f,-0.8658453820482053f,-0.03801179406181582f,0f,0f,0f,1f],start_interpolation:0}