execute if entity @s[tag=aj.axia.bone.wing_right_1] run data modify entity @s {} merge value {transformation:[0.35846835988723574f,0.35435289513693846f,-0.6425565384557762f,-0.4790045840750049f,-0.32301463482806597f,0.7183175655099807f,0.21593023227688662f,1.4597288622353708f,0.6588675322787506f,0.1593685829526285f,0.45545545788916036f,-0.3751708357217614f,0f,0f,0f,1f],start_interpolation:0}
execute if entity @s[tag=aj.axia.bone.wing_right_2] run data modify entity @s {} merge value {transformation:[0.46978413887369436f,0.15200064714492828f,-0.6294431397117808f,-0.4790045840750049f,0.034022224331250545f,0.7707790216574356f,0.21152349284266447f,1.4597288622353708f,0.6466415940180893f,-0.15098179704961f,0.44616044854448367f,-0.3751708357217614f,0f,0f,0f,1f],start_interpolation:0}
execute if entity @s[tag=aj.axia.bone.wing_left_1] run data modify entity @s {} merge value {transformation:[-0.5266084566489331f,0.38400053073495766f,-0.4921093071925622f,-0.5008905326165197f,0.3195781634645402f,0.7189235081298024f,0.21900509432297266f,1.4625042960643606f,0.5361881901598583f,-0.051351984363344774f,-0.6138482246284389f,-0.2774623712801043f,0f,0f,0f,1f],start_interpolation:0}
execute if entity @s[tag=aj.axia.bone.wing_left_2] run data modify entity @s {} merge value {transformation:[-0.6299459405678521f,0.10382790004875572f,-0.4820662601069997f,-0.5008905326165197f,-0.03729563415825171f,0.7697944601573135f,0.21453560260209567f,1.4625042960643606f,0.4917083969537409f,0.19140599855431917f,-0.6013207098401034f,-0.2774623712801043f,0f,0f,0f,1f],start_interpolation:0}
execute if entity @s[tag=aj.axia.bone.blade] run data modify entity @s {} merge value {transformation:[-0.5173320997263031f,1.6829117324132192f,-0.9487758425986162f,0.4380111330131732f,0.37235760899955067f,-0.8769298820967358f,-1.7585061253535474f,1.2461493145328455f,-1.8957102388321145f,-0.6315077852186349f,-0.08649050581041733f,0.2278559109297273f,0f,0f,0f,1f],start_interpolation:0}
execute if entity @s[tag=aj.axia.bone.arm_right_2] run data modify entity @s {} merge value {transformation:[0.8790986337794646f,0.474378626908202f,-0.04637359614875591f,0.12371943577186248f,-0.4757924472822877f,0.8791715761011427f,-0.026055457872860593f,1.4319680735396303f,0.028410195286387552f,0.04496952421942719f,0.9985842992433176f,0.23913947550772863f,0f,0f,0f,1f],start_interpolation:0}
execute if entity @s[tag=aj.axia.bone.arm_right_1] run data modify entity @s {} merge value {transformation:[0.7638427245813499f,0.4082453367788184f,-0.4998800227079385f,-0.14092259333716387f,-0.33935634316446533f,0.9128646212795428f,0.22697016449348312f,1.5495021314425514f,0.5489822988568773f,-0.0037320523182434034f,0.8358256440952934f,0.03919826868199683f,0f,0f,0f,1f],start_interpolation:0}
execute if entity @s[tag=aj.axia.bone.arm_left_2] run data modify entity @s {} merge value {transformation:[-0.7926316917461569f,0.42241966237335365f,0.43965512629788256f,0.30773591608984685f,0.4064292424553097f,0.9035886723564132f,-0.1354355273418972f,1.4810327349481682f,-0.4544780215993161f,0.07133820876330103f,-0.8878967213891573f,-0.4959564369043656f,0f,0f,0f,1f],start_interpolation:0}
execute if entity @s[tag=aj.axia.bone.arm_left_1] run data modify entity @s {} merge value {transformation:[-0.9244880535611565f,0.3476505063003302f,0.15640001372067727f,-0.047575190826908614f,0.352698389785375f,0.9357244302376028f,0.00486173830203526f,1.6168907853798755f,-0.14465712794573166f,0.05965665198146571f,-0.9876818309601803f,-0.551551421026008f,0f,0f,0f,1f],start_interpolation:0}
execute if entity @s[tag=aj.axia.bone.ear_edge_a1] run data modify entity @s {} merge value {transformation:[-0.7197457027048297f,0.5938671654827047f,-0.3595662848481049f,0.3279830567534872f,0.3964025769313475f,0.7767490604556941f,0.4894138270251301f,2.04838131649377f,0.5699395761307666f,0.20972049695424247f,-0.7944722730952588f,-0.18269593879632892f,0f,0f,0f,1f],start_interpolation:0}
execute if entity @s[tag=aj.axia.bone.ear_edge_a2] run data modify entity @s {} merge value {transformation:[-0.8037857310922598f,0.47396264124191556f,-0.3595662848481049f,0.2401752906462949f,0.2700118796740706f,0.8291970156431412f,0.4894138270251301f,2.0878387737913253f,0.5301151604390848f,0.2962966823227958f,-0.7944722730952588f,-0.11864872262047793f,0f,0f,0f,1f],start_interpolation:0}
execute if entity @s[tag=aj.axia.bone.ear_edge_b1] run data modify entity @s {} merge value {transformation:[-0.6554067261085209f,0.7164721401385845f,-0.23897634982764854f,0.2087386610551576f,0.4439309700042143f,0.621421617938457f,0.645569877418292f,2.099946805970192f,0.6110379016418113f,0.3170218370459474f,-0.725348080298821f,-0.12971611240438158f,0f,0f,0f,1f],start_interpolation:0}
execute if entity @s[tag=aj.axia.bone.ear_edge_b2] run data modify entity @s {} merge value {transformation:[-0.8447309049881934f,0.4788736810275558f,-0.23897634982764854f,0.23766134409743467f,0.23017360119277747f,0.728189293167704f,0.645569877418292f,2.09888925846749f,0.48316644282459875f,0.4903267797449358f,-0.725348080298821f,-0.14018633799485958f,0f,0f,0f,1f],start_interpolation:0}
execute if entity @s[tag=aj.axia.bone.ear_right_2] run data modify entity @s {} merge value {transformation:[-0.7594185176838257f,0.6051229785935699f,-0.23897634982764854f,0.33316299339930266f,0.341253684735615f,0.6832169904389802f,0.645569877418292f,2.1772607001116935f,0.5539218696289815f,0.40870615942697586f,-0.725348080298821f,-0.14498181987702605f,0f,0f,0f,1f],start_interpolation:0}
execute if entity @s[tag=aj.axia.bone.ear_right_1] run data modify entity @s {} merge value {transformation:[-0.7594185176838257f,0.5422136127020717f,-0.3595662848481049f,0.21116493054133673f,0.341253684735615f,0.8025085847335105f,0.4894138270251301f,1.9966962685466538f,0.5539218696289815f,0.248966603442281f,-0.7944722730952588f,-0.20099930565153917f,0f,0f,0f,1f],start_interpolation:0}
execute if entity @s[tag=aj.axia.bone.ear_edge_a3] run data modify entity @s {} merge value {transformation:[-0.8762202112066618f,0.3109710279701103f,-0.36815100330729167f,0.008811206693010692f,0.10934339126245914f,0.8723055321082965f,0.47657851550451424f,2.1507315559529743f,0.46934226771107823f,0.3773328483136267f,-0.7983343643632961f,0.023413726108690594f,0f,0f,0f,1f],start_interpolation:0}
execute if entity @s[tag=aj.axia.bone.ear_edge_a4] run data modify entity @s {} merge value {transformation:[-0.8167858999991141f,0.44421349858651465f,-0.36815100330729167f,0.10736920980905149f,0.2444558419380585f,0.8444609285821747f,0.47657851550451424f,2.131083862873103f,0.5225917478347625f,0.2992659482327714f,-0.7983343643632961f,-0.03376519311349892f,0f,0f,0f,1f],start_interpolation:0}
execute if entity @s[tag=aj.axia.bone.ear_edge_b3] run data modify entity @s {} merge value {transformation:[-0.9123995422190595f,0.31177815795584063f,-0.265181929211086f,0.11080775468444667f,0.05545942019925475f,0.7360869707817091f,0.6746111651585454f,2.1333621743077558f,0.40552598938861245f,0.6008080822251565f,-0.6888964510456682f,-0.0728558991406455f,0f,0f,0f,1f],start_interpolation:0}
execute if entity @s[tag=aj.axia.bone.ear_edge_b4] run data modify entity @s {} merge value {transformation:[-0.7713987808088801f,0.5784656129680137f,-0.265181929211086f,0.09246756618086316f,0.2802084262799758f,0.6829224067821539f,0.6746111651585454f,2.147120702319436f,0.5713380425004733f,0.4460880192612336f,-0.6888964510456682f,-0.0523228521771569f,0f,0f,0f,1f],start_interpolation:0}
execute if entity @s[tag=aj.axia.bone.ear_left_2] run data modify entity @s {} merge value {transformation:[-0.8523935404630556f,0.4506703857552031f,-0.265181929211086f,0.0921848922188128f,0.16992599420429108f,0.7183487539747762f,0.6746111651585454f,2.255002486540902f,0.49452038246217944f,0.5299728965391939f,-0.6888964510456682f,0.008068250312152109f,0f,0f,0f,1f],start_interpolation:0}
execute if entity @s[tag=aj.axia.bone.ear_left_1] run data modify entity @s {} merge value {transformation:[-0.8523935404630556f,0.37133555033243376f,-0.36815100330729167f,0.008634393394015338f,0.16992599420429108f,0.8625532302723102f,0.47657851550451424f,2.0609280097296323f,0.49452038246217944f,0.3436740228852213f,-0.7983343643632961f,-0.06925840483702256f,0f,0f,0f,1f],start_interpolation:0}
execute if entity @s[tag=aj.axia.bone.head] run data modify entity @s {} merge value {transformation:[-0.8101221485892857f,0.4562531568426827f,-0.36815100330729167f,-0.11242536206084608f,0.2569269647319143f,0.8407505297965381f,0.47657851550451424f,1.5830344140079011f,0.5269636032580665f,0.29149889110925786f,-0.7983343643632961f,-0.25957408805142257f,0f,0f,0f,1f],start_interpolation:0}
execute if entity @s[tag=aj.axia.bone.body_1] run data modify entity @s {} merge value {transformation:[-0.17116857560779244f,0.3510882869234781f,-0.9205641387266488f,-0.24408346965715036f,0.009392600063629904f,0.9348925840857873f,0.35480647582230496f,1.2324496949757309f,0.9851969842566733f,0.052085228294945246f,-0.16332186383034966f,-0.27910604866202704f,0f,0f,0f,1f],start_interpolation:0}
execute if entity @s[tag=aj.axia.bone.leg_left_2] run data modify entity @s {} merge value {transformation:[-0.35162729353202093f,-0.09492794587916498f,-0.9313146254271475f,0.09782852905154155f,-1.4766330089420849e-16f,0.994845372915592f,-0.10140356989986568f,0.9935899477495768f,0.936140078430224f,-0.035656262838374704f,-0.34981478596116367f,-0.28397984839891005f,0f,0f,0f,1f],start_interpolation:0}
execute if entity @s[tag=aj.axia.bone.leg_left_1] run data modify entity @s {} merge value {transformation:[-0.35162729353202093f,-0.9268651740185659f,-0.1314503542592382f,-0.19617145776516265f,-1.4766330089420849e-16f,0.14041739830182481f,-0.9900923968267542f,0.9394726381154064f,0.936140078430224f,-0.34814350984282316f,-0.0493745897296786f,-0.3944103513169762f,0f,0f,0f,1f],start_interpolation:0}
execute if entity @s[tag=aj.axia.bone.leg_right_2] run data modify entity @s {} merge value {transformation:[-0.40307416001382f,-0.0863901593837137f,-0.9110806560841964f,-0.06413888941492973f,0.20013165596072394f,0.9631177469212306f,-0.17986529917633087f,0.6973584772082537f,0.8930165406147703f,-0.2548351347970471f,-0.3709184711785044f,-0.004040912631304822f,0f,0f,0f,1f],start_interpolation:0}
execute if entity @s[tag=aj.axia.bone.leg_right_1] run data modify entity @s {} merge value {transformation:[-0.40307416001382f,-0.563240468228267f,-0.7213122739002544f,-0.28527309375085474f,0.20013165596072394f,0.7148490120496597f,-0.6700285145081841f,0.9515737015769021f,0.8930165406147703f,-0.41442860051114716f,-0.17541491745800905f,-0.16082412001732518f,0f,0f,0f,1f],start_interpolation:0}
execute if entity @s[tag=aj.axia.bone.coat_downer] run data modify entity @s {} merge value {transformation:[-0.35162729353202093f,0.11551373231049802f,-0.9289859116752225f,-0.24617182744811575f,-1.4766330089420849e-16f,0.9923578031537781f,0.12339364051606302f,1.0093462809438007f,0.936140078430224f,0.0433885718537265f,-0.3489400885383449f,-0.2713187243395168f,0f,0f,0f,1f],start_interpolation:0}
execute if entity @s[tag=aj.axia.bone.body_2] run data modify entity @s {} merge value {transformation:[-0.35162729353202093f,-0.047166264223427734f,-0.9349511163491658f,-0.25396345137981896f,-1.4766330089420849e-16f,0.9987299314403335f,-0.05038376767558004f,1.2325000000000002f,0.936140078430224f,-0.017716307865710185f,-0.35118070276178526f,-0.2825908062409976f,0f,0f,0f,1f],start_interpolation:0}