execute if entity @s[tag=aj.axia.bone.wing_right_1] run data modify entity @s {} merge value {transformation:[-0.7397699641032468f,-0.21348209641700117f,-0.27223195838205244f,0.08045883952612365f,-0.22941561502264055f,0.7837314970191329f,0.00882386584080875f,1.6004999842215841f,0.25894655865430793f,0.08446762417633888f,-0.7699067116680697f,-0.2739800154860416f,0f,0f,0f,1f],start_interpolation:0}
execute if entity @s[tag=aj.axia.bone.wing_right_2] run data modify entity @s {} merge value {transformation:[-0.7483014131905491f,0.09449231274651118f,-0.2666762041293575f,0.08045883952612365f,0.09718601436271193f,0.7940278103187074f,0.008643786946098367f,1.6004999842215841f,0.2657063673104542f,-0.024311299272032266f,-0.7541943297972928f,-0.2739800154860416f,0f,0f,0f,1f],start_interpolation:0}
execute if entity @s[tag=aj.axia.bone.wing_left_1] run data modify entity @s {} merge value {transformation:[-0.3306311706478992f,-0.02474149617941683f,0.7463345977557574f,-0.014447171595352047f,0.1438773921384526f,0.7988141935954696f,0.09021986802418779f,1.5929158260319114f,-0.7327528706677867f,0.1680124606142885f,-0.31904464899273033f,-0.3159895628019932f,0f,0f,0f,1f],start_interpolation:0}
execute if entity @s[tag=aj.axia.bone.wing_left_2] run data modify entity @s {} merge value {transformation:[-0.28789878192143437f,-0.150340567275423f,0.7311032794342114f,-0.014447171595352047f,-0.1799911612974022f,0.7744626503232794f,0.08837864622777579f,1.5929158260319114f,-0.7243738490744728f,-0.13268502962107603f,-0.3125335337071644f,-0.3159895628019932f,0f,0f,0f,1f],start_interpolation:0}
execute if entity @s[tag=aj.axia.bone.blade] run data modify entity @s {} merge value {transformation:[-0.3855590095630133f,0.6878303123130933f,1.8379972011970154f,-0.6758363949987461f,1.9029911096299215f,-0.3266794015217067f,0.5214454959925315f,1.5245650645757776f,0.4795509220242061f,1.8493701711892865f,-0.5914903913852216f,0.43948478188013296f,0f,0f,0f,1f],start_interpolation:0}
execute if entity @s[tag=aj.axia.bone.arm_right_2] run data modify entity @s {} merge value {transformation:[-0.4488299139458364f,-0.8774565893494232f,0.16917931952414086f,-0.6295646639123424f,-0.34570512551234156f,-0.004084485646739133f,-0.9383343131163315f,1.6409548080634166f,0.8240386365589113f,-0.4796386668986141f,-0.30150800101133457f,0.10862640199069115f,0f,0f,0f,1f],start_interpolation:0}
execute if entity @s[tag=aj.axia.bone.arm_right_1] run data modify entity @s {} merge value {transformation:[-0.6663251744733572f,-0.7262156151642563f,0.16917931952414086f,-0.3734172981415313f,-0.3343051435608472f,0.08814072734703082f,-0.9383343131163315f,1.7704832571113291f,0.666521442154573f,-0.6817932916026216f,-0.30150800101133457f,-0.1474651249357761f,0f,0f,0f,1f],start_interpolation:0}
execute if entity @s[tag=aj.axia.bone.arm_left_2] run data modify entity @s {} merge value {transformation:[0.34378535452942477f,0.7389242334849091f,0.5794847773495155f,0.17868052510836138f,0.819945238174715f,0.06457852297248728f,-0.5687876763479509f,1.5232206784251832f,-0.4577132687673447f,0.6706866567477183f,-0.5836762562027694f,0.39478516079537096f,0f,0f,0f,1f],start_interpolation:0}
execute if entity @s[tag=aj.axia.bone.arm_left_1] run data modify entity @s {} merge value {transformation:[-0.00797964121180289f,0.8001227011015438f,0.5997832846187869f,0.17776771991077744f,0.7597787114796548f,0.39481486856866316f,-0.5165825482335077f,1.811437820227609f,-0.6501327825209602f,0.45158042776351476f,-0.6110666758648151f,0.15023667409380093f,0f,0f,0f,1f],start_interpolation:0}
execute if entity @s[tag=aj.axia.bone.ear_edge_a1] run data modify entity @s {} merge value {transformation:[-0.9363777933949238f,-0.08422379131873113f,0.34073887511223655f,-0.05770592956971837f,0.15614271618338454f,0.7694781271370872f,0.6192922283062137f,2.3732491922673695f,-0.31435025086633617f,0.6330953836772935f,-0.7073712992105151f,0.29721970556400323f,0f,0f,0f,1f],start_interpolation:0}
execute if entity @s[tag=aj.axia.bone.ear_edge_a2] run data modify entity @s {} merge value {transformation:[-0.9116739251897633f,-0.22966861587151546f,0.34073887511223655f,-0.16503156010156753f,0.03384744106433567f,0.7844306767923604f,0.6192922283062137f,2.3850529183463682f,-0.4095180153088339f,0.5761257156131304f,-0.7073712992105151f,0.2558552074213571f,0f,0f,0f,1f],start_interpolation:0}
execute if entity @s[tag=aj.axia.bone.ear_edge_b1] run data modify entity @s {} merge value {transformation:[-0.9642859704343826f,-0.1546484051749359f,0.2150265983553435f,-0.1616747222794201f,0.1552599918142438f,0.3276912415719352f,0.9319403334650156f,2.4251235892550715f,-0.21458541927461483f,0.9320420167427501f,-0.2919773567604947f,0.19743340862874378f,0f,0f,0f,1f],start_interpolation:0}
execute if entity @s[tag=aj.axia.bone.ear_edge_b2] run data modify entity @s {} merge value {transformation:[-0.8693014704015777f,-0.4450601257778382f,0.2150265983553435f,-0.1393633876583972f,0.04639886438131453f,0.35963086664695487f,0.9319403334650156f,2.4266017230459775f,-0.49209968394805914f,0.8201140921831398f,-0.2919773567604947f,0.21858252428223907f,0f,0f,0f,1f],start_interpolation:0}
execute if entity @s[tag=aj.axia.bone.ear_right_2] run data modify entity @s {} merge value {transformation:[-0.9282216694646414f,-0.3035919866136194f,0.2150265983553435f,-0.12088844288096379f,0.10208627960215037f,0.3479448323773569f,0.9319403334650156f,2.4888365203398037f,-0.3577470109634262f,0.8869984776119344f,-0.2919773567604947f,0.3238020612158199f,0f,0f,0f,1f],start_interpolation:0}
execute if entity @s[tag=aj.axia.bone.ear_right_1] run data modify entity @s {} merge value {transformation:[-0.9282216694646414f,-0.14933703935568665f,0.34073887511223655f,-0.08728760902593434f,0.10208627960215037f,0.7784956823749993f,0.6192922283062137f,2.313674991805429f,-0.3577470109634262f,0.6096252301209015f,-0.7073712992105151f,0.18663638443861727f,0f,0f,0f,1f],start_interpolation:0}
execute if entity @s[tag=aj.axia.bone.ear_edge_a3] run data modify entity @s {} merge value {transformation:[-0.8658542467870812f,-0.3688878079458038f,0.3379618446951016f,-0.41320036381568204f,-0.19026321890453565f,0.8675611133215629f,0.4594971405616518f,2.376126352735851f,-0.46270544718304424f,0.333555842103222f,-0.8213672560712106f,0.12251148745655599f,0f,0f,0f,1f],start_interpolation:0}
execute if entity @s[tag=aj.axia.bone.ear_edge_a4] run data modify entity @s {} merge value {transformation:[-0.9129009111022505f,-0.22889674099681975f,0.3379618446951016f,-0.310354541516256f,-0.052204304303944446f,0.8866437212476083f,0.4594971405616518f,2.3910745542983274f,-0.4048291455920909f,0.4018322952840255f,-0.8213672560712106f,0.17319115527909076f,0f,0f,0f,1f],start_interpolation:0}
execute if entity @s[tag=aj.axia.bone.ear_edge_b3] run data modify entity @s {} merge value {transformation:[-0.8286772761647684f,-0.45388014876869337f,0.3275466112202189f,-0.2873003755544658f,-0.2626858496385177f,0.832105684963826f,0.4884631751223134f,2.389426845181185f,-0.4942571358795242f,0.31873647360255264f,-0.8087749650104032f,0.17680014711132017f,0f,0f,0f,1f],start_interpolation:0}
execute if entity @s[tag=aj.axia.bone.ear_edge_b4] run data modify entity @s {} merge value {transformation:[-0.928375602781177f,-0.1755903119162246f,0.3275466112202189f,-0.31630015748182877f,0.0073057087325871795f,0.8725539256512129f,0.4884631751223134f,2.396577723696768f,-0.37157148273327006f,0.4558702547785064f,-0.8087749650104032f,0.1693742997104675f,0f,0f,0f,1f],start_interpolation:0}
execute if entity @s[tag=aj.axia.bone.ear_left_2] run data modify entity @s {} merge value {transformation:[-0.8894773820490897f,-0.31865844457859377f,0.3275466112202189f,-0.3840016539499834f,-0.12928174324304043f,0.8629542035435417f,0.4884631751223134f,2.4999657294935806f,-0.4383106406273278f,0.39213114934328114f,-0.8087749650104032f,0.16575875485792757f,0f,0f,0f,1f],start_interpolation:0}
execute if entity @s[tag=aj.axia.bone.ear_left_1] run data modify entity @s {} merge value {transformation:[-0.8894773820490897f,-0.3075902767536418f,0.3379618446951016f,-0.31479384168041413f,-0.12928174324304043f,0.8787198692869678f,0.4594971405616518f,2.3022537589040133f,-0.4383106406273278f,0.36502001721400434f,-0.8213672560712106f,0.08362925098477672f,0f,0f,0f,1f],start_interpolation:0}
execute if entity @s[tag=aj.axia.bone.head] run data modify entity @s {} merge value {transformation:[-0.9100249306179193f,-0.18752207032879717f,0.36971624091112476f,-0.11648929683813833f,-0.045684931605663455f,0.9317745311269612f,0.3601515100167112f,1.8191751934641314f,-0.41202853381536214f,0.3108563917353689f,-0.8565049859978808f,0.002584697759754168f,0f,0f,0f,1f],start_interpolation:0}
execute if entity @s[tag=aj.axia.bone.body_1] run data modify entity @s {} merge value {transformation:[-0.911989986176848f,-0.10013769492428962f,0.397802346861356f,-0.07893766124152972f,-0.07287922272604744f,0.9938723975771339f,0.08310400850215643f,1.4464730443727063f,-0.403686616087281f,0.046798497727269184f,-0.9136996314995816f,-0.014964738887971776f,0f,0f,0f,1f],start_interpolation:0}
execute if entity @s[tag=aj.axia.bone.leg_left_2] run data modify entity @s {} merge value {transformation:[-0.9617468210239558f,-0.031840931769698794f,0.27208308899002276f,-0.05060406016322935f,-0.1501344006650922f,0.892037701896217f,-0.4262961413532256f,1.176378382568729f,-0.22913470707696987f,-0.45083799025786764f,-0.8626948432400637f,0.4098181728574208f,0f,0f,0f,1f],start_interpolation:0}
execute if entity @s[tag=aj.axia.bone.leg_left_1] run data modify entity @s {} merge value {transformation:[-0.9617468210239558f,0.217070377563249f,0.16710327176588666f,0.02598092805760996f,-0.1501344006650922f,0.09256138704312189f,-0.9843231437721998f,1.1424716615812962f,-0.22913470707696987f,-0.9717576039389668f,-0.05643088870068674f,0.11058457092844465f,0f,0f,0f,1f],start_interpolation:0}
execute if entity @s[tag=aj.axia.bone.leg_right_2] run data modify entity @s {} merge value {transformation:[-0.8778205229281352f,0.00812722321332171f,0.47892074267984736f,-0.3395443076894703f,0.14217303618898516f,0.9592173435904199f,0.24431315055916103f,0.8688543838029066f,-0.45740349507517014f,0.2825527136627407f,-0.843176142152303f,0.19342380508708493f,0f,0f,0f,1f],start_interpolation:0}
execute if entity @s[tag=aj.axia.bone.leg_right_1] run data modify entity @s {} merge value {transformation:[-0.8778205229281352f,0.3709191818177954f,0.3030677978370401f,-0.19990992445017003f,0.14217303618898516f,0.8059755351538435f,-0.5746218447938441f,1.1207606908762737f,-0.45740349507517014f,-0.4613267792932605f,-0.7602365719958009f,0.0037452308386818f,0f,0f,0f,1f],start_interpolation:0}
execute if entity @s[tag=aj.axia.bone.coat_downer] run data modify entity @s {} merge value {transformation:[-0.93139318280912f,0.04118376189630971f,0.3616775314735011f,-0.08765851371669167f,-0.04982390197624677f,0.969805209093425f,-0.238737167628166f,1.182154573769658f,-0.36058884870245045f,-0.2403783562871786f,-0.9012180246866547f,0.030308499540356325f,0f,0f,0f,1f],start_interpolation:0}
execute if entity @s[tag=aj.axia.bone.body_2] run data modify entity @s {} merge value {transformation:[-0.93139318280912f,0.05368686915519298f,0.3600339693654066f,-0.068386344649132f,-0.04982390197624677f,0.960953848744525f,-0.27218611164963125f,1.3972569485827022f,-0.36058884870245045f,-0.27145058604356964f,-0.8923509744086371f,-0.027526640398265863f,0f,0f,0f,1f],start_interpolation:0}