execute if entity @s[tag=aj.axia.bone.wing_right_1] run data modify entity @s {} merge value {transformation:[-0.06303480830978657f,0.2444547688745817f,-0.7766678333497968f,-0.22601753706491046f,-0.4593498269246911f,0.6325142945723728f,0.23636380456896142f,1.2165780342239865f,0.6722862440137007f,0.45509556972193516f,0.08867735321863476f,0.36725123042222685f,0f,0f,0f,1f],start_interpolation:0}
execute if entity @s[tag=aj.axia.bone.wing_right_2] run data modify entity @s {} merge value {transformation:[0.03459156321086248f,0.24486772348453992f,-0.7608174694038826f,-0.22601753706491046f,-0.17861011796707102f,0.7446392612572221f,0.23154005345530915f,1.2165780342239865f,0.7790390551919834f,0.1598504569583627f,0.08686761131621365f,0.36725123042222685f,0f,0f,0f,1f],start_interpolation:0}
execute if entity @s[tag=aj.axia.bone.wing_left_1] run data modify entity @s {} merge value {transformation:[-0.3089648765122365f,0.3100483501237496f,-0.6894600569371395f,-0.28938947123412906f,-0.07913403745515174f,0.7274635285386971f,0.36260041810030946f,1.2210051185266564f,0.7518131108475492f,0.20398843025037813f,-0.24517383858430233f,0.405988518598534f,0f,0f,0f,1f],start_interpolation:0}
execute if entity @s[tag=aj.axia.bone.wing_left_2] run data modify entity @s {} merge value {transformation:[-0.39584982122353185f,0.16477869584744503f,-0.6753894435302592f,-0.28938947123412906f,-0.3443251176013757f,0.6287073106237691f,0.3552004095676501f,1.2210051185266564f,0.603939676148286f,0.46644946024520473f,-0.2401702908580921f,0.405988518598534f,0f,0f,0f,1f],start_interpolation:0}
execute if entity @s[tag=aj.axia.bone.blade] run data modify entity @s {} merge value {transformation:[0.2217139601433441f,1.5250878750517511f,-1.274735224761476f,0.5569009978100798f,-1.9857362957804505f,0.1133457987499687f,-0.2097715269665205f,1.120245257140505f,-0.08771706503121113f,1.2888986396438884f,1.5267763468257045f,1.296278081227544f,0f,0f,0f,1f],start_interpolation:0}
execute if entity @s[tag=aj.axia.bone.arm_right_2] run data modify entity @s {} merge value {transformation:[0.7671893373820665f,0.6369530243457353f,-0.07557357596466488f,0.2652318277171121f,0.0013978655623697045f,0.11616157406117052f,0.9932293464671192f,1.1223179102421503f,0.6414191816426565f,-0.7621006058837984f,0.08822754633566722f,1.0746765742419304f,0f,0f,0f,1f],start_interpolation:0}
execute if entity @s[tag=aj.axia.bone.arm_right_1] run data modify entity @s {} merge value {transformation:[0.7690595986626342f,0.6369530243457353f,0.053274557545692824f,0.0017715953922070437f,-0.1640659323620816f,0.11616157406117052f,0.9795860649017992f,1.1863972439781985f,0.6177618501842186f,-0.7621006058837984f,0.19383746533763446f,0.8642473549702426f,0f,0f,0f,1f],start_interpolation:0}
execute if entity @s[tag=aj.axia.bone.arm_left_2] run data modify entity @s {} merge value {transformation:[-0.055729184375632734f,0.6657045831004816f,-0.7441314843815175f,0.3343936184131029f,0.8526865640849083f,0.4194697994831381f,0.3114012054418698f,1.1024182454007394f,0.5194418941882724f,-0.6171567834518146f,-0.5910140634549315f,0.09878767912161071f,0f,0f,0f,1f],start_interpolation:0}
execute if entity @s[tag=aj.axia.bone.arm_left_1] run data modify entity @s {} merge value {transformation:[-0.28068764893512194f,0.6062035777586875f,-0.7441314843815175f,0.24220160685047237f,0.6570776134828284f,0.6864971224331979f,0.3114012054418698f,1.3221837339883422f,0.6996166475970855f,-0.4015456676438009f,-0.5910140634549315f,0.3306573163208095f,0f,0f,0f,1f],start_interpolation:0}
execute if entity @s[tag=aj.axia.bone.ear_edge_a1] run data modify entity @s {} merge value {transformation:[-0.6489154027648948f,0.47140256023752514f,-0.5972339794887602f,0.449294396530987f,0.3189014380498221f,0.8811818245637311f,0.34902788551674374f,1.8189408738921642f,0.6908043665642465f,0.036030795995093776f,-0.722143412955993f,0.5169736717267794f,0f,0f,0f,1f],start_interpolation:0}
execute if entity @s[tag=aj.axia.bone.ear_edge_a2] run data modify entity @s {} merge value {transformation:[-0.7146697846728369f,0.3640860785854084f,-0.5972339794887602f,0.3706441836008387f,0.17712802483203002f,0.9202201899278317f,0.34902788551674374f,1.8486167786250713f,0.6766629601912498f,0.14365280863764956f,-0.722143412955993f,0.5963627472304389f,0f,0f,0f,1f],start_interpolation:0}
execute if entity @s[tag=aj.axia.bone.ear_edge_b1] run data modify entity @s {} merge value {transformation:[-0.5873886832977318f,0.6396359258672529f,-0.49582296948981636f,0.33593754431105555f,0.3800550021071738f,0.7589083452287952f,0.5287875933826436f,1.8542250898607449f,0.7145157311823676f,0.12216384850697008f,-0.6888710068009052f,0.5917422197479552f,0f,0f,0f,1f],start_interpolation:0}
execute if entity @s[tag=aj.axia.bone.ear_edge_b2] run data modify entity @s {} merge value {transformation:[-0.7562982061540733f,0.4268168299100118f,-0.49582296948981636f,0.36181709108298754f,0.12693821045592868f,0.8392081814489409f,0.5287875933826436f,1.8571193593611264f,0.6417941368494866f,0.33698222786184096f,-0.6888710068009052f,0.5753367972316487f,0f,0f,0f,1f],start_interpolation:0}
execute if entity @s[tag=aj.axia.bone.ear_right_2] run data modify entity @s {} merge value {transformation:[-0.680218057774256f,0.5398731117624953f,-0.49582296948981636f,0.4383193070588942f,0.2566564733656826f,0.8090186251033302f,0.5287875933826436f,1.9496985858463605f,0.6866082205721904f,0.23243469498290814f,-0.6888710068009052f,0.5459745373489104f,0f,0f,0f,1f],start_interpolation:0}
execute if entity @s[tag=aj.axia.bone.ear_right_1] run data modify entity @s {} merge value {transformation:[-0.680218057774256f,0.4249881970382685f,-0.5972339794887602f,0.34269696272528394f,0.2566564733656826f,0.9012807497174238f,0.34902788551674374f,1.7469104171599406f,0.6866082205721904f,0.08413110344551718f,-0.722143412955993f,0.5270450390736691f,0f,0f,0f,1f],start_interpolation:0}
execute if entity @s[tag=aj.axia.bone.ear_edge_a3] run data modify entity @s {} merge value {transformation:[-0.7471607110286208f,0.18497204177086884f,-0.6383856324027992f,0.16663969590777078f,0.023361454413874577f,0.9672086662858885f,0.2529063824998118f,1.8934857750052536f,0.6642327260402594f,0.17404809572238522f,-0.7269815307368799f,0.7756239444407794f,0f,0f,0f,1f],start_interpolation:0}
execute if entity @s[tag=aj.axia.bone.ear_edge_a4] run data modify entity @s {} merge value {transformation:[-0.7090259204319166f,0.2995764151220048f,-0.6383856324027992f,0.25132780123714815f,0.1743786064366369f,0.9516461859893495f,0.2529063824998118f,1.8829900759998246f,0.6832820396972908f,0.06799638368746413f,-0.7269815307368799f,0.6976053201058957f,0f,0f,0f,1f],start_interpolation:0}
execute if entity @s[tag=aj.axia.bone.ear_edge_b3] run data modify entity @s {} merge value {transformation:[-0.8017421052356957f,0.37992690278755015f,-0.46137310848216373f,0.2281607296284922f,-0.02664060628200772f,0.7484682432412838f,0.6626353197319275f,1.888968613147596f,0.5970761046878045f,0.543553895577583f,-0.5899570220052237f,0.6392343703386274f,0f,0f,0f,1f],start_interpolation:0}
execute if entity @s[tag=aj.axia.bone.ear_edge_b4] run data modify entity @s {} merge value {transformation:[-0.6450981839910115f,0.6090838922357124f,-0.46137310848216373f,0.21381928859272967f,0.2059526847089615f,0.7200680000562013f,0.6626353197319275f,1.9008143818406216f,0.7358205111796424f,0.33244381106294907f,-0.5899570220052237f,0.6637551056067444f,0f,0f,0f,1f],start_interpolation:0}
execute if entity @s[tag=aj.axia.bone.ear_left_2] run data modify entity @s {} merge value {transformation:[-0.7324376677135342f,0.5006694694944601f,-0.46137310848216373f,0.21868465264874432f,0.09077361301992701f,0.7434208661472147f,0.6626353197319275f,2.0072302396977486f,0.674755669923319f,0.4434585641219042f,-0.5899570220052237f,0.7265057068818253f,0f,0f,0f,1f],start_interpolation:0}
execute if entity @s[tag=aj.axia.bone.ear_left_1] run data modify entity @s {} merge value {transformation:[-0.7324376677135342f,0.2366407556952873f,-0.6383856324027992f,0.16544048261730476f,0.09077361301992701f,0.9632229819051077f,0.2529063824998118f,1.7905050687690998f,0.674755669923319f,0.12728959059481607f,-0.7269815307368799f,0.6978655489979917f,0f,0f,0f,1f],start_interpolation:0}
execute if entity @s[tag=aj.axia.bone.head] run data modify entity @s {} merge value {transformation:[-0.7090259204319166f,0.2995764151220048f,-0.6383856324027992f,0.12048536093385431f,0.1743786064366369f,0.9516461859893494f,0.2529063824998118f,1.2730857481918594f,0.6832820396972908f,0.06799638368746413f,-0.7269815307368799f,0.6003253202315325f,0f,0f,0f,1f],start_interpolation:0}
execute if entity @s[tag=aj.axia.bone.body_1] run data modify entity @s {} merge value {transformation:[-0.43850245320653564f,0.3081879566217235f,-0.8442368044128239f,0.004914877200708007f,-0.2501075873423163f,0.8604125406649137f,0.4440005119595626f,0.9504310454425168f,0.8632275443274824f,0.40584534401650435f,-0.3002128635726151f,0.4481333162253434f,0f,0f,0f,1f],start_interpolation:0}
execute if entity @s[tag=aj.axia.bone.leg_left_2] run data modify entity @s {} merge value {transformation:[-0.8287321106989792f,-0.023491139166533226f,-0.5591522646623844f,0.25017955912575146f,-0.03415368677404915f,0.9993792975640267f,0.008633960862334478f,0.4029666613595849f,0.5586023759134531f,0.026252351915414085f,-0.8290200236681586f,0.5523746778084979f,0f,0f,0f,1f],start_interpolation:0}
execute if entity @s[tag=aj.axia.bone.leg_left_1] run data modify entity @s {} merge value {transformation:[-0.8287321106989792f,-0.36600057645837597f,-0.423375326074337f,0.11648067372608416f,-0.03415368677404915f,0.7881717847283389f,-0.6145069270869814f,0.6540902599466303f,0.5586023759134531f,-0.49480179444933414f,-0.6656835357987787f,0.36937552281834585f,0f,0f,0f,1f],start_interpolation:0}
execute if entity @s[tag=aj.axia.bone.leg_right_2] run data modify entity @s {} merge value {transformation:[-0.7969087043616421f,0.44575821224258616f,-0.40772065575702987f,-0.0886137143788205f,-0.05378677680875678f,0.6198862355924182f,0.782846113590395f,0.27641052244025915f,0.6017005065256086f,0.6457868620073918f,-0.4700168393850072f,0.4595865744197055f,0f,0f,0f,1f],start_interpolation:0}
execute if entity @s[tag=aj.axia.bone.leg_right_1] run data modify entity @s {} merge value {transformation:[-0.7969087043616421f,-0.10333858202325388f,-0.5951954757708363f,-0.11872413358662724f,-0.05378677680875678f,0.9934846737900033f,-0.10047480074573664f,0.6511481451751373f,0.6017005065256086f,-0.048055597070411404f,-0.7972748334401583f,0.4532057815814818f,0f,0f,0f,1f],start_interpolation:0}
execute if entity @s[tag=aj.axia.bone.coat_downer] run data modify entity @s {} merge value {transformation:[-0.7969087043616421f,0.09438739726778869f,-0.5966804305067007f,-0.015080514314942003f,-0.05378677680875678f,0.9727093880528102f,0.22570651083753118f,0.7433288899265444f,0.6017005065256086f,0.2119610002593407f,-0.7700837842831687f,0.4039538826958361f,0f,0f,0f,1f],start_interpolation:0}
execute if entity @s[tag=aj.axia.bone.body_2] run data modify entity @s {} merge value {transformation:[-0.7969087043616421f,0.11515374573255073f,-0.5930228762504968f,0.01687500000000013f,-0.05378677680875678f,0.964239796144629f,0.2595160846103556f,0.9591964285714284f,0.6017005065256086f,0.23870741583521718f,-0.7622173378191411f,0.4525892857142861f,0f,0f,0f,1f],start_interpolation:0}