execute if entity @s[tag=aj.axia.bone.wing_right_1] run data modify entity @s {} merge value {transformation:[-0.5826464522795617f,-0.19584562631438895f,-0.5376914047518425f,0.06571645494224251f,-0.46842918268657247f,0.603991130473611f,0.28759912997302944f,1.270699226324878f,0.3286969073448586f,0.513598724109765f,-0.5432486890358699f,0.37696970790566586f,0f,0f,0f,1f],start_interpolation:0}
execute if entity @s[tag=aj.axia.bone.wing_right_2] run data modify entity @s {} merge value {transformation:[-0.6007268654136317f,0.041173595294661816f,-0.5267181107773151f,0.06571645494224251f,-0.19751974078765963f,0.7222286994743456f,0.2817297599735799f,1.270699226324878f,0.49001345406987373f,0.34159982538945566f,-0.5321619810963624f,0.37696970790566586f,0f,0f,0f,1f],start_interpolation:0}
execute if entity @s[tag=aj.axia.bone.wing_left_1] run data modify entity @s {} merge value {transformation:[-0.8060263437367762f,0.04901485499915392f,-0.12191604339126443f,-0.002619148608006064f,-0.023784961637309886f,0.6907817644042418f,0.43497042889249227f,1.275679294156883f,0.12922945967031063f,0.43285395042718383f,-0.6803540613514004f,0.3555011713181475f,0f,0f,0f,1f],start_interpolation:0}
execute if entity @s[tag=aj.axia.bone.wing_left_2] run data modify entity @s {} merge value {transformation:[-0.7478482428649156f,-0.25779830838381684f,-0.11942796087307536f,-0.002619148608006064f,-0.28048180491987407f,0.6162583080559102f,0.4260934813640741f,1.275679294156883f,-0.04530963200852603f,0.44018828919737213f,-0.666469284589127f,0.3555011713181475f,0f,0f,0f,1f],start_interpolation:0}
execute if entity @s[tag=aj.axia.bone.blade] run data modify entity @s {} merge value {transformation:[-0.9260674333470252f,0.6860697156904462f,-1.6345358528054643f,-0.08823831944929204f,-1.7690380762898192f,-0.23950131269075273f,0.9017446455933203f,0.9424274684390844f,0.11359310512029115f,1.8633162550763727f,0.7177389079862487f,1.429839098686598f,0f,0f,0f,1f],start_interpolation:0}
execute if entity @s[tag=aj.axia.bone.arm_right_2] run data modify entity @s {} merge value {transformation:[0.2225564439276754f,0.8269785982831624f,0.5163090423843884f,-0.18824908874302665f,-0.29192530223227725f,-0.44876324533303f,0.8446248679471617f,1.0339596900768033f,0.9301872108252517f,-0.3387003803065228f,0.14154082519667543f,1.1186099379854209f,0f,0f,0f,1f],start_interpolation:0}
execute if entity @s[tag=aj.axia.bone.arm_right_1] run data modify entity @s {} merge value {transformation:[0.038228170545652834f,0.8269783847896786f,0.5609325788964192f,-0.20238187177536474f,-0.5561527333688829f,-0.4487601391971999f,0.6995058789131297f,1.2146108659280292f,0.8302004240802655f,-0.3387050170256779f,0.44277101000244234f,0.844753489916428f,0f,0f,0f,1f],start_interpolation:0}
execute if entity @s[tag=aj.axia.bone.arm_left_2] run data modify entity @s {} merge value {transformation:[-0.5673618880398827f,0.7602084641766363f,-0.3165178967989324f,0.6209978243829448f,0.6411844630986532f,0.6490150769934612f,0.4094654003894144f,1.1883091003509225f,0.5167039503242756f,0.029368704931806378f,-0.8556602753955082f,0.5730516861114049f,0f,0f,0f,1f],start_interpolation:0}
execute if entity @s[tag=aj.axia.bone.arm_left_1] run data modify entity @s {} merge value {transformation:[-0.7447875697843804f,0.5874588469847546f,-0.3165178967989324f,0.37449088337610414f,0.4513569557777755f,0.7928524354222264f,0.4094654003894144f,1.3398901019792313f,0.49149605732467067f,0.16210218611847005f,-0.8556602753955082f,0.7367744135364147f,0f,0f,0f,1f],start_interpolation:0}
execute if entity @s[tag=aj.axia.bone.ear_edge_a1] run data modify entity @s {} merge value {transformation:[-0.9856692063845921f,-0.022722880873231127f,-0.1671522846687689f,0.15930403772139118f,-0.07768661741171011f,0.9406997952268752f,0.3302252030588243f,1.9214112693418668f,0.149736452009171f,0.33847830941573803f,-0.9289840843603129f,0.9231344284457156f,0f,0f,0f,1f],start_interpolation:0}
execute if entity @s[tag=aj.axia.bone.ear_edge_a2] run data modify entity @s {} merge value {transformation:[-0.9699793411161473f,-0.17663575951062524f,-0.1671522846687689f,0.04579692955047893f,-0.22388803546759226f,0.9169653553102323f,0.3302252030588243f,1.904863334156013f,0.09494327455036886f,0.3577350215213548f,-0.9289840843603129f,0.9376755033977822f,0f,0f,0f,1f],start_interpolation:0}
execute if entity @s[tag=aj.axia.bone.ear_edge_b1] run data modify entity @s {} merge value {transformation:[-0.9781497822953749f,0.09956861080169391f,-0.18250779473362655f,0.020894875289483805f,-0.00933342844214674f,0.8559415522566328f,0.5169883424546645f,1.9009175619651826f,0.2076918161821165f,0.5073954580635571f,-0.8363097264933889f,0.9127421559425324f,0f,0f,0f,1f],start_interpolation:0}
execute if entity @s[tag=aj.axia.bone.ear_edge_b2] run data modify entity @s {} merge value {transformation:[-0.9610441172087305f,-0.20756952965201889f,-0.18250779473362655f,0.047821292637831816f,-0.2733771037782498f,0.8111646028370535f,0.5169883424546645f,1.9154920281576362f,0.04073283575087702f,0.5467420575227819f,-0.8363097264933889f,0.9158756219129234f,0f,0f,0f,1f],start_interpolation:0}
execute if entity @s[tag=aj.axia.bone.ear_right_2] run data modify entity @s {} merge value {transformation:[-0.9816830976943759f,-0.05467358194450708f,-0.18250779473362655f,0.08368827607179685f,-0.1431172772830585f,0.8439434215094415f,0.5169883424546645f,2.030886468705338f,0.12576064823408956f,0.5336387361579878f,-0.8363097264933889f,0.9420161483284462f,0f,0f,0f,1f],start_interpolation:0}
execute if entity @s[tag=aj.axia.bone.ear_right_1] run data modify entity @s {} merge value {transformation:[-0.9816830976943759f,-0.09142433719303156f,-0.1671522846687689f,0.10425875194022892f,-0.1431172772830585f,0.9329891533173591f,0.3302252030588243f,1.8209639092089325f,0.12576064823408956f,0.3480988801489779f,-0.9289840843603129f,0.8636939002949262f,0f,0f,0f,1f],start_interpolation:0}
execute if entity @s[tag=aj.axia.bone.ear_edge_a3] run data modify entity @s {} merge value {transformation:[-0.9304641519066347f,-0.3203707419602542f,-0.1777612154338044f,-0.21859724559822705f,-0.3600654904045212f,0.8892927092766292f,0.281977516563261f,1.8401941464705878f,0.06774440667995266f,0.3263756500158501f,-0.9428094348490115f,0.9612210017058995f,0f,0f,0f,1f],start_interpolation:0}
execute if entity @s[tag=aj.axia.bone.ear_edge_a4] run data modify entity @s {} merge value {transformation:[-0.9691256198130204f,-0.17086978465933012f,-0.1777612154338044f,-0.10869041970398587f,-0.21651645748334908f,0.9346706926996678f,0.281977516563261f,1.8745526315372296f,0.11796676083071174f,0.3117598641563682f,-0.9428094348490115f,0.9507747224267348f,0f,0f,0f,1f],start_interpolation:0}
execute if entity @s[tag=aj.axia.bone.ear_edge_b3] run data modify entity @s {} merge value {transformation:[-0.9159813676484159f,-0.29303903207629733f,-0.27405521305153924f,-0.09652510255262757f,-0.400590579225818f,0.6296833564587806f,0.6656020270659697f,1.891107485806566f,-0.02247936735011377f,0.7194629915976157f,-0.6941668976297759f,0.8910935908924206f,0f,0f,0f,1f],start_interpolation:0}
execute if entity @s[tag=aj.axia.bone.ear_edge_b4] run data modify entity @s {} merge value {transformation:[-0.9617040894337339f,0.004357128149180045f,-0.27405521305153924f,-0.12508594758879005f,-0.18640142251834313f,0.7226537561300087f,0.6656020270659697f,1.8913074799960625f,0.20094714242698505f,0.6911964729261003f,-0.6941668976297759f,0.9025610996953156f,0f,0f,0f,1f],start_interpolation:0}
execute if entity @s[tag=aj.axia.bone.ear_left_2] run data modify entity @s {} merge value {transformation:[-0.9505455212474913f,-0.1461401800861445f,-0.27405521305153924f,-0.19567630387899804f,-0.29715446544122687f,0.6845970824024966f,0.6656020270659697f,1.9725919298098378f,0.09034619917115475f,0.7141217560965205f,-0.6941668976297759f,0.9633515952397949f,0f,0f,0f,1f],start_interpolation:0}
execute if entity @s[tag=aj.axia.bone.ear_left_1] run data modify entity @s {} merge value {transformation:[-0.9505455212474913f,-0.2546844367522913f,-0.1777612154338044f,-0.13837230560973257f,-0.29715446544122687f,0.9122433358600952f,0.281977516563261f,1.7673371792413166f,0.09034619917115475f,0.32085500441011283f,-0.9428094348490115f,0.8911592192475196f,0f,0f,0f,1f],start_interpolation:0}
execute if entity @s[tag=aj.axia.bone.head] run data modify entity @s {} merge value {transformation:[-0.970524230199846f,-0.18685597453193337f,-0.1522089464411267f,0.08346343968914927f,-0.21450691987046322f,0.9576398127193188f,0.19212696432982734f,1.2973561725711664f,0.10986127581037347f,0.2191137464346533f,-0.9694945416043802f,0.7954274691486f,0f,0f,0f,1f],start_interpolation:0}
execute if entity @s[tag=aj.axia.bone.body_1] run data modify entity @s {} merge value {transformation:[-0.964001342663088f,-0.11227934268427839f,-0.24102854716848396f,0.12556819319575366f,-0.22488332421142684f,0.8279473738537385f,0.5137417995650304f,0.9868759073760145f,0.1418763610873283f,0.5494510854799397f,-0.823392131872496f,0.5893833120936226f,0f,0f,0f,1f],start_interpolation:0}
execute if entity @s[tag=aj.axia.bone.leg_left_2] run data modify entity @s {} merge value {transformation:[-0.9616956607339375f,-0.03059624159924365f,0.27240654567303685f,0.17024067690507705f,-0.060669276665833834f,0.9928637806352216f,-0.10266816435282794f,0.5794881413165063f,-0.26732133284562254f,-0.11526223623865484f,-0.9566890413833036f,0.9254034217390468f,0f,0f,0f,1f],start_interpolation:0}
execute if entity @s[tag=aj.axia.bone.leg_left_1] run data modify entity @s {} merge value {transformation:[-0.9616956607339375f,0.2172136563196748f,0.1672114937250242f,0.24523308383943843f,-0.060669276665833834f,0.42620661986189784f,-0.9025891402264601f,0.7018167094393994f,-0.26732133284562254f,-0.8781606599558727f,-0.3967028614864102f,0.6278534386021338f,0f,0f,0f,1f],start_interpolation:0}
execute if entity @s[tag=aj.axia.bone.leg_right_2] run data modify entity @s {} merge value {transformation:[-0.9759813978989201f,-0.19041229302064008f,0.10584644359586154f,0.08936875469409655f,-0.029746329751757124f,0.5977861244993765f,0.8011035546184498f,0.34841714242825145f,-0.21581350009109657f,0.7787136238840552f,-0.5890922042904595f,0.30388362636055694f,0f,0f,0f,1f],start_interpolation:0}
execute if entity @s[tag=aj.axia.bone.leg_right_1] run data modify entity @s {} merge value {transformation:[-0.9759813978989201f,-0.13089768561750625f,0.17414392569151096f,0.03826242644306005f,-0.029746329751757124f,0.8719456986585868f,0.4886981220110105f,0.6960636798055146f,-0.21581350009109657f,0.47178013363299776f,-0.8548965075888783f,0.487086332091931f,0f,0f,0f,1f],start_interpolation:0}
execute if entity @s[tag=aj.axia.bone.coat_downer] run data modify entity @s {} merge value {transformation:[-0.9759813978989201f,-0.0901730284010051f,0.19831574799864363f,0.14399269122552055f,-0.029746329751757124f,0.9569492050543115f,0.2887271632739481f,0.7838285153420455f,-0.21581350009109657f,0.27589317478856357f,-0.936646939504698f,0.5398450642106666f,0f,0f,0f,1f],start_interpolation:0}
execute if entity @s[tag=aj.axia.bone.body_2] run data modify entity @s {} merge value {transformation:[-0.9759813978989201f,-0.09703921722182958f,0.19504794609593964f,0.12993534579860333f,-0.029746329751757124f,0.9462898247718929f,0.32194832411348234f,0.9954975412657009f,-0.21581350009109657f,0.3084136148975183f,-0.9264478265527291f,0.6104422742587925f,0f,0f,0f,1f],start_interpolation:0}