execute if entity @s[tag=aj.axia.bone.wing_right_1] run data modify entity @s {} merge value {transformation:[-0.7584092524576177f,-0.13372801362721579f,-0.27180262802710575f,0.03070094641071354f,-0.29661384122818824f,0.17911290601660976f,0.7395155444847583f,1.0311174723504006f,-0.061482350499807104f,0.7854806361165427f,-0.21490587546043163f,0.04300415620418652f,0f,0f,0f,1f],start_interpolation:0}
execute if entity @s[tag=aj.axia.bone.wing_right_2] run data modify entity @s {} merge value {transformation:[-0.7365103159552719f,0.163280406028749f,-0.26625563561838933f,0.03070094641071354f,-0.2012982027575056f,0.2732943190780999f,0.7244233905156817f,1.0311174723504006f,0.23881287247144733f,0.7339276014476663f,-0.21052004126736162f,0.04300415620418652f,0f,0f,0f,1f],start_interpolation:0}
execute if entity @s[tag=aj.axia.bone.wing_left_1] run data modify entity @s {} merge value {transformation:[-0.7584092524576177f,0.13372801362721562f,0.27180262802710575f,-0.030700946410713567f,0.29661384122818824f,0.17911290601660976f,0.7395155444847583f,1.0311174723504006f,0.06148235049980691f,0.7854806361165427f,-0.21490587546043158f,0.04300415620418652f,0f,0f,0f,1f],start_interpolation:0}
execute if entity @s[tag=aj.axia.bone.wing_left_2] run data modify entity @s {} merge value {transformation:[-0.7365103159552719f,-0.16328040602874916f,0.26625563561838933f,-0.030700946410713567f,0.2012982027575056f,0.2732943190780999f,0.7244233905156817f,1.0311174723504006f,-0.2388128724714475f,0.7339276014476662f,-0.21052004126736157f,0.04300415620418652f,0f,0f,0f,1f],start_interpolation:0}
execute if entity @s[tag=aj.axia.bone.blade] run data modify entity @s {} merge value {transformation:[0.10132852106327428f,0.06911300969794232f,1.9962354376950695f,0.0058273043612652115f,1.9825434441987821f,-0.24706849312088133f,-0.09207959367531823f,0.1627439685922717f,0.2434214918275788f,1.983476884563435f,-0.08102731464738605f,0.6403130948495173f,0f,0f,0f,1f],start_interpolation:0}
execute if entity @s[tag=aj.axia.bone.arm_right_2] run data modify entity @s {} merge value {transformation:[0.5852597931878317f,-0.7645663088835557f,-0.27001728425771543f,-0.28873684838753305f,-0.7944108507983996f,-0.47396311594852136f,-0.3798293891395603f,0.37270369605732145f,0.16242652065318502f,0.4368035302519243f,-0.8847713271506693f,0.5489845416846858f,0f,0f,0f,1f],start_interpolation:0}
execute if entity @s[tag=aj.axia.bone.arm_right_1] run data modify entity @s {} merge value {transformation:[0.04087953722646182f,-0.9619872814326802f,-0.27001728425771543f,-0.2984375000000001f,-0.9225973474444569f,0.06740748945273685f,-0.3798293891395603f,0.726905754672205f,0.38359222870725973f,0.2646444798733588f,-0.8847713271506693f,0.3998872507761243f,0f,0f,0f,1f],start_interpolation:0}
execute if entity @s[tag=aj.axia.bone.arm_left_2] run data modify entity @s {} merge value {transformation:[0.4803867248080859f,0.8343480559232481f,0.2703551667811388f,0.2801131430710428f,0.8495767651078969f,-0.36611796186337764f,-0.37970641051976983f,0.38070534546189494f,-0.21782542279762068f,0.4120933869623523f,-0.8847209309182953f,0.5428706771959515f,0f,0f,0f,1f],start_interpolation:0}
execute if entity @s[tag=aj.axia.bone.arm_left_1] run data modify entity @s {} merge value {transformation:[0.04084917124187109f,0.9618936682417634f,0.2703551667811388f,0.29843749999999997f,0.9226382554380657f,0.06754029473133057f,-0.37970641051976983f,0.726905754672205f,-0.3834970597163103f,0.2649507116125751f,-0.8847209309182953f,0.3998872507761244f,0f,0f,0f,1f],start_interpolation:0}
execute if entity @s[tag=aj.axia.bone.ear_edge_a1] run data modify entity @s {} merge value {transformation:[-0.9975640502598242f,0.0697564737441252f,-6.923014658007405e-17f,0.1859374999999999f,-0.039433826190352954f,-0.5639299875734235f,0.8248805625467406f,0.5817364729230226f,0.05754075930333089f,0.8228711949547288f,0.5653070471279945f,0.956862071881305f,0f,0f,0f,1f],start_interpolation:0}
execute if entity @s[tag=aj.axia.bone.ear_edge_a2] run data modify entity @s {} merge value {transformation:[-0.9961946980917455f,-0.08715574274765828f,-6.923014658007405e-17f,0.07031249999999989f,0.04926975557292577f,-0.5631558831428086f,0.8248805625467406f,0.5817364729230226f,-0.0718930781068674f,0.8217416429679995f,0.5653070471279945f,0.956862071881305f,0f,0f,0f,1f],start_interpolation:0}
execute if entity @s[tag=aj.axia.bone.ear_edge_b1] run data modify entity @s {} merge value {transformation:[-0.9876883405951378f,0.1564344650402308f,-1.1046443267615119e-16f,0.04843749999999987f,-0.1411055370715673f,-0.8909052984146436f,0.4317139986894788f,0.6385918358942583f,0.06753494843536742f,0.4263988829773028f,0.9020105450245803f,0.9891017590262233f,0f,0f,0f,1f],start_interpolation:0}
execute if entity @s[tag=aj.axia.bone.ear_edge_b2] run data modify entity @s {} merge value {transformation:[-0.9876883405951378f,-0.15643446504023092f,-1.1046443267615119e-16f,0.0765624999999999f,0.1411055370715673f,-0.8909052984146436f,0.4317139986894788f,0.6273167040814512f,-0.06753494843536767f,0.4263988829773028f,0.9020105450245803f,0.9944981840098417f,0f,0f,0f,1f],start_interpolation:0}
execute if entity @s[tag=aj.axia.bone.ear_right_2] run data modify entity @s {} merge value {transformation:[-1f,-5.2869716664217474e-17f,-1.1046443267615119e-16f,0.12499999999999988f,0f,-0.9020105450245803f,0.4317139986894788f,0.542150363178434f,-1.2246467991473532e-16f,0.4317139986894788f,0.9020105450245803f,1.0699047321485216f,0f,0f,0f,1f],start_interpolation:0}
execute if entity @s[tag=aj.axia.bone.ear_right_1] run data modify entity @s {} merge value {transformation:[-1f,-1.0101873406017338e-16f,-6.923014658007405e-17f,0.1249999999999999f,0f,-0.5653070471279945f,0.8248805625467406f,0.6693444487822325f,-1.2246467991473532e-16f,0.8248805625467406f,0.5653070471279945f,0.8843066055755051f,0f,0f,0f,1f],start_interpolation:0}
execute if entity @s[tag=aj.axia.bone.ear_edge_a3] run data modify entity @s {} merge value {transformation:[-0.9878955005749042f,-0.1534719393078433f,-0.022557566113149897f,-0.1942085323458922f,0.05586155610808302f,-0.4876384008199808f,0.8712567225536427f,0.5898088718503527f,-0.14471339431111058f,0.8594504953112897f,0.490308963426262f,0.9587183189269033f,0f,0f,0f,1f],start_interpolation:0}
execute if entity @s[tag=aj.axia.bone.ear_edge_a4] run data modify entity @s {} merge value {transformation:[-0.9997411683685393f,0.0029584590852047704f,-0.022557566113149897f,-0.07902352037903411f,-0.02110964470989267f,-0.4903734355624363f,0.8712567225536427f,0.5872987057257337f,-0.008484053826447568f,0.8715073959608916f,0.490308963426262f,0.9684780683715138f,0f,0f,0f,1f],start_interpolation:0}
execute if entity @s[tag=aj.axia.bone.ear_edge_b3] run data modify entity @s {} merge value {transformation:[-0.9731131803095537f,-0.22413319092776868f,-0.053057054501380915f,-0.05758557321784605f,0.14446816187323833f,-0.7733588258618466f,0.6172884873918789f,0.6339109620979638f,-0.17938697977499346f,0.5930265079961624f,0.784945776663002f,0.9866108270694365f,0f,0f,0f,1f],start_interpolation:0}
execute if entity @s[tag=aj.axia.bone.ear_edge_b4] run data modify entity @s {} merge value {transformation:[-0.994746596226267f,0.08754517841602433f,-0.053057054501380915f,-0.08646786534710661f,-0.1015836331944398f,-0.7801510679352196f,0.6172884873918789f,0.6246910768594697f,0.012648113032130329f,0.6194353500855782f,0.784945776663002f,0.9919091798841371f,0f,0f,0f,1f],start_interpolation:0}
execute if entity @s[tag=aj.axia.bone.ear_left_2] run data modify entity @s {} merge value {transformation:[-0.9961946980917455f,-0.06914529963441828f,-0.053057054501380915f,-0.14394184613660818f,0.02170954486156949f,-0.7864372950180768f,0.6172884873918789f,0.559016319027096f,-0.08440864384528099f,0.6137876738279425f,0.784945776663002f,1.0794832185435312f,0f,0f,0f,1f],start_interpolation:0}
execute if entity @s[tag=aj.axia.bone.ear_left_1] run data modify entity @s {} merge value {transformation:[-0.9961946980917455f,-0.08418598282936929f,-0.022557566113149897f,-0.1250000000000001f,0.02170954486156949f,-0.4903472433561631f,0.8712567225536427f,0.6693444487822325f,-0.08440864384528099f,0.8674516131912285f,0.490308963426262f,0.8843066055755051f,0f,0f,0f,1f],start_interpolation:0}
execute if entity @s[tag=aj.axia.bone.head] run data modify entity @s {} merge value {transformation:[-1f,-1.1860466361325303e-16f,-3.0504615975384266e-17f,-4.655816604726738e-17f,0f,-0.24908909243565378f,0.9684805749366283f,0.7667375906887355f,-1.2246467991473532e-16f,0.9684805749366283f,0.24908909243565378f,0.3801762767818687f,0f,0f,0f,1f],start_interpolation:0}
execute if entity @s[tag=aj.axia.bone.body_1] run data modify entity @s {} merge value {transformation:[-1f,-1.1759964080425505e-16f,3.417487833670764e-17f,-2.458300745671736e-18f,0f,0.27905905899155187f,0.9602739409120449f,0.6620904435669035f,-1.2246467991473532e-16f,0.9602739409120449f,-0.27905905899155187f,0.020073548939851887f,0f,0f,0f,1f],start_interpolation:0}
execute if entity @s[tag=aj.axia.bone.leg_left_2] run data modify entity @s {} merge value {transformation:[-1f,-1.2246429534725848e-16f,-3.0690669270060634e-19f,0.12500000000000003f,0f,-0.002506083328795594f,0.9999968597682439f,0.13734556594730862f,-1.2246467991473532e-16f,0.9999968597682439f,0.002506083328795594f,-0.26127668948106825f,0f,0f,0f,1f],start_interpolation:0}
execute if entity @s[tag=aj.axia.bone.leg_left_1] run data modify entity @s {} merge value {transformation:[-1f,-4.7194708218602604e-17f,1.1300556332667672e-16f,0.12500000000000003f,0f,0.9227604514653169f,0.3853740380611078f,0.4333873733691319f,-1.2246467991473532e-16f,0.3853740380611078f,-0.9227604514653169f,-0.21676615561428875f,0f,0f,0f,1f],start_interpolation:0}
execute if entity @s[tag=aj.axia.bone.leg_right_2] run data modify entity @s {} merge value {transformation:[-1f,9.43635553618309e-18f,1.2210058566941166e-16f,-0.125f,0f,0.997026944866249f,-0.07705369044162808f,0.4466370449851979f,-1.2246467991473532e-16f,-0.07705369044162808f,-0.997026944866249f,0.155312442852845f,0f,0f,0f,1f],start_interpolation:0}
execute if entity @s[tag=aj.axia.bone.leg_right_1] run data modify entity @s {} merge value {transformation:[-1f,1.167342330819677e-16f,3.702319075097965e-17f,-0.12499999999999997f,0f,0.3023172948866289f,-0.9532073505866556f,0.4784613218268571f,-1.2246467991473532e-16f,-0.9532073505866556f,-0.3023172948866289f,-0.18097609662731956f,0f,0f,0f,1f],start_interpolation:0}
execute if entity @s[tag=aj.axia.bone.coat_downer] run data modify entity @s {} merge value {transformation:[-1f,-9.21386783819774e-17f,8.067255898160853e-17f,-0.007812499999999983f,0f,0.65874143498171f,0.7523694051715804f,0.5227151056735587f,-1.2246467991473532e-16f,0.7523694051715804f,-0.65874143498171f,-0.14377545454281493f,0f,0f,0f,1f],start_interpolation:0}
execute if entity @s[tag=aj.axia.bone.body_2] run data modify entity @s {} merge value {transformation:[-1f,-7.880241687353919e-17f,9.374314333063258e-17f,0f,0f,0.7654708557267303f,0.643470565786025f,0.69375f,-1.2246467991473532e-16f,0.643470565786025f,-0.7654708557267303f,0f,0f,0f,0f,1f],start_interpolation:0}