execute if entity @s[tag=aj.tultaria.bone.head] run data modify entity @s {} merge value {transformation:[0.8660254037844388f,0f,0.4999999999999999f,0f,0f,1f,0f,1.6885023441087994f,-0.4999999999999999f,0f,0.8660254037844388f,0f,0f,0f,0f,1f],start_interpolation:0}
execute if entity @s[tag=aj.tultaria.bone.bust] run data modify entity @s {} merge value {transformation:[0.25881904510252085f,0.4829629131445341f,0.8365163037378079f,-0.06942591876452686f,0f,0.8660254037844387f,-0.49999999999999994f,1.5791273441087994f,-0.9659258262890683f,0.1294095225512604f,0.22414386804201347f,-0.018602618866743692f,0f,0f,0f,1f],start_interpolation:0}
execute if entity @s[tag=aj.tultaria.bone.left_wing] run data modify entity @s {} merge value {transformation:[-0.13052619222005146f,0f,0.9914448613738105f,0.10456453796722598f,0f,1f,0f,1.4697523441087994f,-0.9914448613738105f,0f,-0.13052619222005146f,0.09272274478088188f,0f,0f,0f,1f],start_interpolation:0}
execute if entity @s[tag=aj.tultaria.bone.right_wing] run data modify entity @s {} merge value {transformation:[0.6087614290087207f,0f,0.7933533402912352f,0.13691691860504107f,0f,1f,0f,1.4697523441087994f,-0.7933533402912352f,0f,0.6087614290087207f,-0.028017983505251698f,0f,0f,0f,1f],start_interpolation:0}
execute if entity @s[tag=aj.tultaria.bone.body] run data modify entity @s {} merge value {transformation:[0.25881904510252085f,0f,0.9659258262890683f,-0.6123724356957946f,0f,1f,0f,0.4072523441087994f,-0.9659258262890683f,0f,0.25881904510252085f,0.35355339059327373f,0f,0f,0f,1f],start_interpolation:0}
execute if entity @s[tag=aj.tultaria.bone.right_ring] run data modify entity @s {} merge value {transformation:[-0.02255756611315014f,0.0009513254770635027f,0.9997450931066818f,0.0884933840154598f,0.9961946980917455f,-0.0841859828293694f,0.022557566113150095f,1.605595335523484f,0.08418598282936937f,0.996449604985064f,0.0009513254770637453f,-0.8302618052793991f,0f,0f,0f,1f],start_interpolation:0}
execute if entity @s[tag=aj.tultaria.bone.sword] run data modify entity @s {} merge value {transformation:[-2.2557566113149895e-7f,9.513254770635028e-9f,0.000009997450931066819f,0.10320137470610811f,0.000009961946980917456f,-8.418598282936941e-7f,2.2557566113149853e-7f,1.6554945655532936f,8.418598282936938e-7f,0.00000996449604985064f,9.513254770637248e-9f,-1.045589479945885f,0f,0f,0f,1f],start_interpolation:0}
execute if entity @s[tag=aj.tultaria.bone.right_hand] run data modify entity @s {} merge value {transformation:[-0.022557566113149893f,0.0009513254770635027f,0.9997450931066818f,0.18236813110000238f,0.9961946980917455f,-0.0841859828293694f,0.02255756611314985f,1.5945560475295029f,0.08418598282936937f,0.996449604985064f,0.0009513254770637247f,-0.6744773677370082f,0f,0f,0f,1f],start_interpolation:0}
execute if entity @s[tag=aj.tultaria.bone.right_arm] run data modify entity @s {} merge value {transformation:[-0.022557566113149893f,0.0009513254770635027f,0.9997450931066818f,0.08896904675399155f,0.9961946980917455f,-0.0841859828293694f,0.02255756611314985f,1.5635023441087994f,0.08418598282936937f,0.996449604985064f,0.0009513254770637247f,-0.3320370027868672f,0f,0f,0f,1f],start_interpolation:0}
execute if entity @s[tag=aj.tultaria.bone.left_ring] run data modify entity @s {} merge value {transformation:[0.45478801107224776f,-0.08388522639690682f,0.8866403632687206f,-0.04440502023063479f,-0.5540322932223235f,0.7528177795067779f,0.355406258984416f,1.1948178987458236f,-0.6972919639948265f,-0.6528618993713939f,0.2958973762935614f,0.6788698868279203f,0f,0f,0f,1f],start_interpolation:0}
execute if entity @s[tag=aj.tultaria.bone.left_hand] run data modify entity @s {} merge value {transformation:[0.454788011072248f,-0.08388522639690682f,0.8866403632687205f,0.02561044720129106f,-0.5540322932223234f,0.7528177795067779f,0.35540625898441613f,1.3457650135735466f,-0.6972919639948264f,-0.6528618993713939f,0.29589737629356155f,0.6046005940786614f,0f,0f,0f,1f],start_interpolation:0}
execute if entity @s[tag=aj.tultaria.bone.left_arm] run data modify entity @s {} merge value {transformation:[0.454788011072248f,-0.08388522639690682f,0.8866403632687205f,-0.08896904675399155f,-0.5540322932223234f,0.7528177795067779f,0.35540625898441613f,1.5947523441087994f,-0.6972919639948264f,-0.6528618993713939f,0.29589737629356155f,0.3320370027868672f,0f,0f,0f,1f],start_interpolation:0}
execute if entity @s[tag=aj.tultaria.bone.leftfoot] run data modify entity @s {} merge value {transformation:[0.17364817766693058f,-0.04295671085902569f,0.983870434246872f,-0.3307706743705382f,-1.3877787807814457e-17f,0.9990482215818577f,0.043619387365336104f,0.5810804902049452f,-0.9848077530122081f,-0.007574427126938572f,0.1734829030790774f,0.06854692522160223f,0f,0f,0f,1f],start_interpolation:0}
execute if entity @s[tag=aj.tultaria.bone.leftleg] run data modify entity @s {} merge value {transformation:[0.17364817766693058f,0.3368240888334651f,0.9254165783983235f,-0.04355569429221542f,-1.3877787807814457e-17f,0.9396926207859084f,-0.3420201433256686f,0.9072523441087994f,-0.9848077530122081f,0.059391174613884726f,0.16317591116653501f,0.11919067547305484f,0f,0f,0f,1f],start_interpolation:0}
execute if entity @s[tag=aj.tultaria.bone.rightfoot] run data modify entity @s {} merge value {transformation:[0.4881480035599668f,0.23143150936456283f,0.8415170723720696f,-0.14932126923203037f,0.21643961393810285f,0.9019798986505999f,-0.37361230700898823f,0.6015350101709538f,-0.8454971437791755f,0.36451573203840437f,0.3902087402375331f,-0.3088091119022558f,0f,0f,0f,1f],start_interpolation:0}
execute if entity @s[tag=aj.tultaria.bone.rightleg] run data modify entity @s {} merge value {transformation:[0.4881480035599668f,0.23143150936456283f,0.8415170723720696f,0.0814443057077846f,0.21643961393810285f,0.9019798986505999f,-0.37361230700898823f,0.9072523441087994f,-0.8454971437791755f,0.36451573203840437f,0.3902087402375331f,-0.09731567547305484f,0f,0f,0f,1f],start_interpolation:0}
execute if entity @s[tag=aj.tultaria.bone.skirt_right_back] run data modify entity @s {} merge value {transformation:[0.5711520382007044f,0.21262885918672694f,0.7928267890908659f,0.2581234319914887f,0.32139380484326957f,0.830825257073186f,-0.45435164181241916f,0.8799701247746022f,-0.7553087921291184f,0.5143134846085854f,0.4061899408924684f,-0.07772316469811413f,0f,0f,0f,1f],start_interpolation:0}
execute if entity @s[tag=aj.tultaria.bone.skirt_right] run data modify entity @s {} merge value {transformation:[0.5711520382007044f,0.21262885918672694f,0.7928267890908659f,0.03970009505428419f,0.32139380484326957f,0.830825257073186f,-0.45435164181241916f,0.9658735018686232f,-0.7553087921291184f,0.5143134846085854f,0.4061899408924684f,-0.2477120781161924f,0f,0f,0f,1f],start_interpolation:0}
execute if entity @s[tag=aj.tultaria.bone.skirt_left_back] run data modify entity @s {} merge value {transformation:[0.3685405825852042f,0.30120422257612994f,0.8794622534765592f,0.06724488782463164f,-0.3213938048432697f,0.9289983044877334f,-0.1834888892202554f,0.903780435938616f,-0.8722865705696293f,-0.2150306177297225f,0.43917874748517766f,0.2773629339905865f,0f,0f,0f,1f],start_interpolation:0}
execute if entity @s[tag=aj.tultaria.bone.skirt_left] run data modify entity @s {} merge value {transformation:[0.3685405825852042f,0.37670823549346544f,0.8498639563478135f,-0.20684050782232014f,-0.3213938048432697f,0.9094710750409668f,-0.2637581958389056f,0.9311640427296f,-0.8722865705696293f,-0.17593541137368557f,0.4562486929610292f,0.18729790763645326f,0f,0f,0f,1f],start_interpolation:0}
execute if entity @s[tag=aj.tultaria.bone.skirt_back_middle] run data modify entity @s {} merge value {transformation:[0.523912717304079f,0.14311966678906674f,0.8396619710486136f,0.10978702949714794f,0.08189960831908934f,0.9727507845824084f,-0.2169063513396711f,0.9204219899156928f,-0.8478254058497164f,0.18240798248019627f,0.4979150621574611f,0.06338557103370773f,0f,0f,0f,1f],start_interpolation:0}
execute if entity @s[tag=aj.tultaria.bone.skirt_front_middle] run data modify entity @s {} merge value {transformation:[0.5000000000000001f,0.3659981507706668f,0.7848855672213959f,-0.1445247459245314f,0f,0.90630778703665f,-0.4226182617406994f,1.0273032847049643f,-0.8660254037844387f,0.21130913087034972f,0.45315389351832513f,-0.08344140096409047f,0f,0f,0f,1f],start_interpolation:0}
execute if entity @s[tag=aj.tultaria.bone.lower] run data modify entity @s {} merge value {transformation:[0.5000000000000001f,0f,0.8660254037844387f,0f,0f,1f,0f,1.0010023441087994f,-0.8660254037844387f,0f,0.5000000000000001f,0f,0f,0f,0f,1f],start_interpolation:0}