execute if entity @s[tag=aj.tultaria.bone.head] run data modify entity @s {} merge value {transformation:[0.8660254037844386f,-0.06446190118331331f,0.4958272514655006f,0f,0f,0.9916545029310011f,0.12892380236662665f,1.7179426560172757f,-0.5000000000000002f,-0.11165128800198304f,0.858797991315477f,0f,0f,0f,0f,1f],start_interpolation:0}
execute if entity @s[tag=aj.tultaria.bone.bust] run data modify entity @s {} merge value {transformation:[0.25881904510252085f,0.4829629131445341f,0.8365163037378079f,-0.06942591876452686f,0f,0.8660254037844387f,-0.49999999999999994f,1.6085676560172757f,-0.9659258262890683f,0.1294095225512604f,0.22414386804201347f,-0.018602618866743692f,0f,0f,0f,1f],start_interpolation:0}
execute if entity @s[tag=aj.tultaria.bone.left_wing] run data modify entity @s {} merge value {transformation:[-0.13052619222005146f,0f,0.9914448613738105f,0.10456453796722598f,0f,1f,0f,1.4991926560172757f,-0.9914448613738105f,0f,-0.13052619222005146f,0.09272274478088188f,0f,0f,0f,1f],start_interpolation:0}
execute if entity @s[tag=aj.tultaria.bone.right_wing] run data modify entity @s {} merge value {transformation:[0.6087614290087207f,0f,0.7933533402912352f,0.13691691860504107f,0f,1f,0f,1.4991926560172757f,-0.7933533402912352f,0f,0.6087614290087207f,-0.028017983505251698f,0f,0f,0f,1f],start_interpolation:0}
execute if entity @s[tag=aj.tultaria.bone.body] run data modify entity @s {} merge value {transformation:[0.25881904510252085f,0f,0.9659258262890683f,-0.6123724356957946f,0f,1f,0f,0.4366926560172757f,-0.9659258262890683f,0f,0.25881904510252085f,0.35355339059327373f,0f,0f,0f,1f],start_interpolation:0}
execute if entity @s[tag=aj.tultaria.bone.right_ring] run data modify entity @s {} merge value {transformation:[-0.8630829629281682f,0.0000639815538550359f,-0.5050621694499549f,0.08893705597706403f,-0.5049427782450875f,-0.021851858245709455f,0.8628761712953611f,1.6038685851401304f,-0.010981338773867012f,0.9997612175902655f,0.018892273583753307f,-0.8319176115819998f,0f,0f,0f,1f],start_interpolation:0}
execute if entity @s[tag=aj.tultaria.bone.sword] run data modify entity @s {} merge value {transformation:[-5.855187770057275e-8f,6.39815538550359e-10f,0.000009999828561943142f,0.1043648175223801f,0.000009997440737845795f,-2.1851858245709457e-7f,5.855187770057308e-8f,1.6399821687460545f,2.1851858245709553e-7f,0.000009997612175902656f,6.398155385523019e-10f,-1.049931507647913f,0f,0f,0f,1f],start_interpolation:0}
execute if entity @s[tag=aj.tultaria.bone.right_hand] run data modify entity @s {} merge value {transformation:[-0.0058551877700572744f,0.0000639815538550359f,0.9999828561943142f,0.18269544586307082f,0.9997440737845794f,-0.021851858245709455f,0.005855187770057307f,1.6010031561426812f,0.02185185824570955f,0.9997612175902655f,0.00006398155385523019f,-0.675698923062847f,0f,0f,0f,1f],start_interpolation:0}
execute if entity @s[tag=aj.tultaria.bone.right_arm] run data modify entity @s {} merge value {transformation:[-0.0058551877700572744f,0.0000639815538550359f,0.9999828561943142f,0.08896904675399155f,0.9997440737845794f,-0.021851858245709455f,0.005855187770057307f,1.5929426560172757f,0.02185185824570955f,0.9997612175902655f,0.00006398155385523019f,-0.3320370027868672f,0f,0f,0f,1f],start_interpolation:0}
execute if entity @s[tag=aj.tultaria.bone.left_ring] run data modify entity @s {} merge value {transformation:[-0.9601181933561657f,0.2795442847817836f,0.005296001542061168f,-0.1396784501258434f,0.27099747848085876f,0.9350905202689189f,-0.22839896138165555f,1.1548152760435815f,-0.0687998651416481f,-0.21785479510225053f,-0.9735532172446699f,0.4950924071703786f,0f,0f,0f,1f],start_interpolation:0}
execute if entity @s[tag=aj.tultaria.bone.left_hand] run data modify entity @s {} merge value {transformation:[0.48464556855198965f,0.2795442847817836f,0.8288387453110284f,-0.01829602325578078f,-0.33329804199492413f,0.9350905202689189f,-0.1204912200351225f,1.2896271179573073f,-0.8087218854991305f,-0.21785479510225053f,0.546359039611946f,0.5122737553992719f,0f,0f,0f,1f],start_interpolation:0}
execute if entity @s[tag=aj.tultaria.bone.left_arm] run data modify entity @s {} merge value {transformation:[0.48464556855198965f,0.030086861497276032f,0.8741930299700189f,-0.08896904675399155f,-0.33329804199492413f,0.9303641829026348f,0.152757658970876f,1.6241926560172757f,-0.8087218854991305f,-0.3654001476972285f,0.4609247704100693f,0.3320370027868672f,0f,0f,0f,1f],start_interpolation:0}
execute if entity @s[tag=aj.tultaria.bone.leftfoot] run data modify entity @s {} merge value {transformation:[0.16972707666066628f,-0.10729500657438967f,0.9796328399009631f,-0.3093287902478269f,0.12114874572757989f,0.988787290870903f,0.08730793103043044f,0.6003828846448154f,-0.9780162068477489f,0.1038627699244627f,0.18082263178805796f,0.03140849251106194f,0f,0f,0f,1f],start_interpolation:0}
execute if entity @s[tag=aj.tultaria.bone.leftleg] run data modify entity @s {} merge value {transformation:[0.16972707666066628f,0.2757615971161184f,0.9461227515519284f,-0.04355569429221542f,0.12114874572757989f,0.9469316387623312f,-0.2977305038445338f,0.9366926560172757f,-0.9780162068477489f,0.16515451270508275f,0.12731176723417253f,0.11919067547305484f,0f,0f,0f,1f],start_interpolation:0}
execute if entity @s[tag=aj.tultaria.bone.rightfoot] run data modify entity @s {} merge value {transformation:[0.4881480035599668f,0.008565773486308118f,0.8727188288016938f,-0.0638523494513033f,0.21643961393810285f,0.967526731896342f,-0.13056001142887885f,0.5648509230415796f,-0.8454971437791755f,0.2526235353061256f,0.47044226985964077f,-0.27639085554335996f,0f,0f,0f,1f],start_interpolation:0}
execute if entity @s[tag=aj.tultaria.bone.rightleg] run data modify entity @s {} merge value {transformation:[0.4881480035599668f,0.008565773486308118f,0.8727188288016938f,0.0814443057077846f,0.21643961393810285f,0.967526731896342f,-0.13056001142887885f,0.9366926560172757f,-0.8454971437791755f,0.2526235353061256f,0.47044226985964077f,-0.09731567547305484f,0f,0f,0f,1f],start_interpolation:0}
execute if entity @s[tag=aj.tultaria.bone.skirt_right_back] run data modify entity @s {} merge value {transformation:[0.5711520382007044f,0.002838071979632692f,0.8208393841712396f,0.25289005015740035f,0.3213938048432696f,0.919382166092189f,-0.2268092918731521f,0.9789415294171852f,-0.7553087921291183f,0.3933552821802102f,0.5241948592969792f,-0.05209416904861891f,0f,0f,0f,1f],start_interpolation:0}
execute if entity @s[tag=aj.tultaria.bone.skirt_right] run data modify entity @s {} merge value {transformation:[0.5711520382007044f,0.002838071979632692f,0.8208393841712396f,0.03970009505428419f,0.3213938048432696f,0.919382166092189f,-0.2268092918731521f,0.9953138137770995f,-0.7553087921291183f,0.3933552821802102f,0.5241948592969792f,-0.2477120781161924f,0f,0f,0f,1f],start_interpolation:0}
execute if entity @s[tag=aj.tultaria.bone.skirt_left_back] run data modify entity @s {} merge value {transformation:[0.4599460777528984f,0.20851126970180167f,0.863117984963277f,0.06193382190897875f,-0.1151226054566165f,0.9778367432771833f,-0.17487735476599647f,0.9439700418266534f,-0.8804523787648059f,-0.018930237833014955f,0.47375653538814705f,0.29438681609471895f,0f,0f,0f,1f],start_interpolation:0}
execute if entity @s[tag=aj.tultaria.bone.skirt_left] run data modify entity @s {} merge value {transformation:[0.4599460777528984f,0.2829435104276493f,0.8416606058659296f,-0.20684050782232014f,-0.1151226054566165f,0.9588742135076531f,-0.25943598128046896f,0.9606043546380763f,-0.8804523787648059f,0.02243240016044589f,0.4736036276787128f,0.18729790763645326f,0f,0f,0f,1f],start_interpolation:0}
execute if entity @s[tag=aj.tultaria.bone.skirt_back_middle] run data modify entity @s {} merge value {transformation:[0.523912717304079f,0.006151525076088182f,0.8517497422284874f,0.10978702949714794f,0.08189960831908935f,0.9949768887215852f,-0.0575625317988539f,0.9498623018241691f,-0.8478254058497164f,0.09991571272403837f,0.5207772379305872f,0.06338557103370773f,0f,0f,0f,1f],start_interpolation:0}
execute if entity @s[tag=aj.tultaria.bone.skirt_front_middle] run data modify entity @s {} merge value {transformation:[0.5000000000000001f,0.3659981507706668f,0.7848855672213959f,-0.1445247459245314f,0f,0.90630778703665f,-0.4226182617406994f,1.0567435966134406f,-0.8660254037844387f,0.21130913087034972f,0.45315389351832513f,-0.08344140096409047f,0f,0f,0f,1f],start_interpolation:0}
execute if entity @s[tag=aj.tultaria.bone.lower] run data modify entity @s {} merge value {transformation:[0.5000000000000001f,0f,0.8660254037844387f,0f,0f,1f,0f,1.0304426560172757f,-0.8660254037844387f,0f,0.5000000000000001f,0f,0f,0f,0f,1f],start_interpolation:0}