execute if entity @s[tag=aj.tultaria.bone.head] run data modify entity @s {} merge value {transformation:[0.8660254037844388f,-0.02658110981937867f,0.49929294467353535f,0f,-3.469446951953614e-18f,0.9985858893470709f,0.05316221963875734f,1.612121357882651f,-0.4999999999999999f,-0.046039832728731855f,0.86480074803524f,0f,0f,0f,0f,1f],start_interpolation:0}
execute if entity @s[tag=aj.tultaria.bone.bust] run data modify entity @s {} merge value {transformation:[0.25881904510252085f,0.4829629131445341f,0.8365163037378079f,-0.06942591876452686f,0f,0.8660254037844387f,-0.49999999999999994f,1.502746357882651f,-0.9659258262890683f,0.1294095225512604f,0.22414386804201347f,-0.018602618866743692f,0f,0f,0f,1f],start_interpolation:0}
execute if entity @s[tag=aj.tultaria.bone.left_wing] run data modify entity @s {} merge value {transformation:[-0.13052619222005146f,0f,0.9914448613738105f,0.10456453796722598f,0f,1f,0f,1.393371357882651f,-0.9914448613738105f,0f,-0.13052619222005146f,0.09272274478088188f,0f,0f,0f,1f],start_interpolation:0}
execute if entity @s[tag=aj.tultaria.bone.right_wing] run data modify entity @s {} merge value {transformation:[0.6087614290087207f,0f,0.7933533402912352f,0.13691691860504107f,0f,1f,0f,1.393371357882651f,-0.7933533402912352f,0f,0.6087614290087207f,-0.028017983505251698f,0f,0f,0f,1f],start_interpolation:0}
execute if entity @s[tag=aj.tultaria.bone.body] run data modify entity @s {} merge value {transformation:[0.25881904510252085f,0f,0.9659258262890683f,-0.6123724356957946f,0f,1f,0f,0.330871357882651f,-0.9659258262890683f,0f,0.25881904510252085f,0.35355339059327373f,0f,0f,0f,1f],start_interpolation:0}
execute if entity @s[tag=aj.tultaria.bone.right_ring] run data modify entity @s {} merge value {transformation:[-0.992758879032155f,0.0004600076867319891f,-0.12012325543269138f,0.08873904291062554f,-0.11994380388760875f,-0.058569490386542356f,0.991051511630365f,1.5164061030759222f,-0.006579666540967938f,0.9982832279412435f,0.05820055669339244f,-0.8311786167574889f,0f,0f,0f,1f],start_interpolation:0}
execute if entity @s[tag=aj.tultaria.bone.sword] run data modify entity @s {} merge value {transformation:[-1.569364765017641e-7f,4.600076867319892e-9f,0.000009998767413118282f,0.1037710638230822f,0.000009981599692530716f,-5.856949038654236e-7f,1.569364765017646e-7f,1.5606558913816706f,5.856949038654228e-7f,0.000009982832279412435f,4.600076867322945e-9f,-1.0477155886749512f,0f,0f,0f,1f],start_interpolation:0}
execute if entity @s[tag=aj.tultaria.bone.right_hand] run data modify entity @s {} merge value {transformation:[-0.01569364765017641f,0.0004600076867319891f,0.9998767413118281f,0.18254936360966129f,0.9981599692530715f,-0.058569490386542356f,0.01569364765017646f,1.5087258996702289f,0.05856949038654227f,0.9982832279412435f,0.0004600076867322944f,-0.6751537366710385f,0f,0f,0f,1f],start_interpolation:0}
execute if entity @s[tag=aj.tultaria.bone.right_arm] run data modify entity @s {} merge value {transformation:[-0.01569364765017641f,0.0004600076867319891f,0.9998767413118281f,0.08896904675399155f,0.9981599692530715f,-0.058569490386542356f,0.01569364765017646f,1.487121357882651f,0.05856949038654227f,0.9982832279412435f,0.0004600076867322944f,-0.3320370027868672f,0f,0f,0f,1f],start_interpolation:0}
execute if entity @s[tag=aj.tultaria.bone.left_ring] run data modify entity @s {} merge value {transformation:[-0.9246519594766053f,0.07038101209536639f,0.3742529451754601f,-0.08655456237284927f,-0.12961841787271228f,0.865925129393801f,-0.4830866754864018f,1.078274489077408f,-0.3580751591275901f,-0.4951971157233865f,-0.7915566922179296f,0.6075929904398504f,0f,0f,0f,1f],start_interpolation:0}
execute if entity @s[tag=aj.tultaria.bone.left_hand] run data modify entity @s {} merge value {transformation:[0.46885519676457266f,0.07038101209536639f,0.8804665340620764f,0.006986208335371391f,-0.46689146210047483f,0.865925129393801f,0.1794046624310806f,1.2303944776481033f,-0.749791415718088f,-0.4951971157233865f,0.4388537905666353f,0.5713609839736933f,0f,0f,0f,1f],start_interpolation:0}
execute if entity @s[tag=aj.tultaria.bone.left_arm] run data modify entity @s {} merge value {transformation:[0.46885519676457266f,-0.03523771240174947f,0.8825718713462067f,-0.08896904675399155f,-0.46689146210047483f,0.8383135622193347f,0.2815008597088301f,1.518371357882651f,-0.749791415718088f,-0.5440484123897626f,0.3765954831004271f,0.3320370027868672f,0f,0f,0f,1f],start_interpolation:0}
execute if entity @s[tag=aj.tultaria.bone.leftfoot] run data modify entity @s {} merge value {transformation:[0.17298376299416446f,-0.06950197299900185f,0.982469385522839f,-0.3220301366411303f,0.04995614549913996f,0.996842345158046f,0.06172294894668884f,0.4998578839351879f,-0.983656953041683f,0.038403315599734596f,0.17590959065298192f,0.05340786978879511f,0f,0f,0f,1f],start_interpolation:0}
execute if entity @s[tag=aj.tultaria.bone.leftleg] run data modify entity @s {} merge value {transformation:[0.17298376299416446f,0.31176330632257077f,0.9342806101868956f,-0.04355569429221542f,0.04995614549913996f,0.9445825897906845f,-0.3244504809538617f,0.830871357882651f,-0.983656953041683f,0.10279772320018724f,0.14782295774882254f,0.11919067547305484f,0f,0f,0f,1f],start_interpolation:0}
execute if entity @s[tag=aj.tultaria.bone.rightfoot] run data modify entity @s {} merge value {transformation:[0.4881480035599668f,0.14077605093958007f,0.861332473614153f,-0.11571249194871966f,0.21643961393810288f,0.9365494532614754f,-0.27573359446022605f,0.4952048515949633f,-0.8454971437791755f,0.3210252717115713f,0.4267052317276742f,-0.2970717922616277f,0f,0f,0f,1f],start_interpolation:0}
execute if entity @s[tag=aj.tultaria.bone.rightleg] run data modify entity @s {} merge value {transformation:[0.4881480035599668f,0.14077605093958007f,0.861332473614153f,0.0814443057077846f,0.21643961393810288f,0.9365494532614754f,-0.27573359446022605f,0.830871357882651f,-0.8454971437791755f,0.3210252717115713f,0.4267052317276742f,-0.09731567547305484f,0f,0f,0f,1f],start_interpolation:0}
execute if entity @s[tag=aj.tultaria.bone.skirt_right_back] run data modify entity @s {} merge value {transformation:[0.5596246310178334f,0.17660525648893735f,0.8097103529896543f,0.26098069064387575f,0.24321034680169396f,0.8990131706343674f,-0.36417584521017005f,0.8356560590042095f,-0.7922556402871195f,0.4007317087608849f,0.4601576882187538f,-0.0684890077481401f,0f,0f,0f,1f],start_interpolation:0}
execute if entity @s[tag=aj.tultaria.bone.skirt_right] run data modify entity @s {} merge value {transformation:[0.5596246310178334f,0.17660525648893735f,0.8097103529896543f,0.03970009505428419f,0.24321034680169396f,0.8990131706343674f,-0.36417584521017005f,0.8894925156424748f,-0.7922556402871195f,0.4007317087608849f,0.4601576882187538f,-0.2477120781161924f,0f,0f,0f,1f],start_interpolation:0}
execute if entity @s[tag=aj.tultaria.bone.skirt_left_back] run data modify entity @s {} merge value {transformation:[0.4431618588071677f,0.2289272624523223f,0.8667178753231422f,0.06320823681092172f,-0.1577953127663753f,0.9716670596609025f,-0.17596523644998174f,0.8362715900274724f,-0.882444449338052f,-0.058782936946206746f,0.4667294292804351f,0.2908130086165463f,0f,0f,0f,1f],start_interpolation:0}
execute if entity @s[tag=aj.tultaria.bone.skirt_left] run data modify entity @s {} merge value {transformation:[0.4431618588071677f,0.30359556528012166f,0.8434674265440365f,-0.20684050782232014f,-0.1577953127663753f,0.9526331922640214f,-0.2599819998881112f,0.8547830565034515f,-0.882444449338052f,-0.017881100052945624f,0.4700766534229911f,0.18729790763645326f,0f,0f,0f,1f],start_interpolation:0}
execute if entity @s[tag=aj.tultaria.bone.skirt_back_middle] run data modify entity @s {} merge value {transformation:[0.523912717304079f,0.12389695326838594f,0.842712886823186f,0.10978702949714794f,0.08189960831908934f,0.9774528991452311f,-0.19462344183001806f,0.8440410036895444f,-0.8478254058497164f,0.17098355161650508f,0.5019528924833185f,0.06338557103370773f,0f,0f,0f,1f],start_interpolation:0}
execute if entity @s[tag=aj.tultaria.bone.skirt_front_middle] run data modify entity @s {} merge value {transformation:[0.5000000000000001f,0.3659981507706668f,0.7848855672213959f,-0.1445247459245314f,0f,0.90630778703665f,-0.4226182617406994f,0.9509222984788159f,-0.8660254037844387f,0.21130913087034972f,0.45315389351832513f,-0.08344140096409047f,0f,0f,0f,1f],start_interpolation:0}
execute if entity @s[tag=aj.tultaria.bone.lower] run data modify entity @s {} merge value {transformation:[0.5000000000000001f,0f,0.8660254037844387f,0f,0f,1f,0f,0.924621357882651f,-0.8660254037844387f,0f,0.5000000000000001f,0f,0f,0f,0f,1f],start_interpolation:0}