execute if entity @s[tag=aj.tultaria.bone.head] run data modify entity @s {} merge value {transformation:[0.8660254037844388f,-0.0024434512270122637f,0.49999402951045446f,0f,0f,0.9999880590209089f,0.004886902454024528f,1.667150029736257f,-0.4999999999999999f,-0.0042321816710017566f,0.8660150625931998f,0f,0f,0f,0f,1f],start_interpolation:0}
execute if entity @s[tag=aj.tultaria.bone.bust] run data modify entity @s {} merge value {transformation:[0.25881904510252085f,0.4829629131445341f,0.8365163037378079f,-0.06942591876452686f,0f,0.8660254037844387f,-0.49999999999999994f,1.557775029736257f,-0.9659258262890683f,0.1294095225512604f,0.22414386804201347f,-0.018602618866743692f,0f,0f,0f,1f],start_interpolation:0}
execute if entity @s[tag=aj.tultaria.bone.left_wing] run data modify entity @s {} merge value {transformation:[-0.13052619222005146f,0f,0.9914448613738105f,0.10456453796722598f,0f,1f,0f,1.448400029736257f,-0.9914448613738105f,0f,-0.13052619222005146f,0.09272274478088188f,0f,0f,0f,1f],start_interpolation:0}
execute if entity @s[tag=aj.tultaria.bone.right_wing] run data modify entity @s {} merge value {transformation:[0.6087614290087207f,0f,0.7933533402912352f,0.13691691860504107f,0f,1f,0f,1.448400029736257f,-0.7933533402912352f,0f,0.6087614290087207f,-0.028017983505251698f,0f,0f,0f,1f],start_interpolation:0}
execute if entity @s[tag=aj.tultaria.bone.body] run data modify entity @s {} merge value {transformation:[0.25881904510252085f,0f,0.9659258262890683f,-0.6123724356957946f,0f,1f,0f,0.3859000297362569f,-0.9659258262890683f,0f,0.25881904510252085f,0.35355339059327373f,0f,0f,0f,1f],start_interpolation:0}
execute if entity @s[tag=aj.tultaria.bone.right_ring] run data modify entity @s {} merge value {transformation:[0.9440514958902855f,0.0008988285888518188f,0.3297968544642026f,0.08851963245956562f,0.3287602650030991f,-0.08183451309438428f,-0.9408612015710376f,1.583067286283449f,0.02614309205902413f,0.9966455260391092f,-0.07755149362726985f,-0.8303597658064218f,0f,0f,0f,1f],start_interpolation:0}
execute if entity @s[tag=aj.tultaria.bone.sword] run data modify entity @s {} merge value {transformation:[-2.192749169663441e-7f,8.98828588851819e-9f,0.000009997591596054833f,0.10325901645907015f,0.000009964046856445922f,-8.183451309438429e-7f,2.1927491696634455e-7f,1.632448849506999f,8.183451309438427e-7f,0.000009966455260391093f,8.988285888520964e-9f,-1.0458046018965765f,0f,0f,0f,1f],start_interpolation:0}
execute if entity @s[tag=aj.tultaria.bone.right_hand] run data modify entity @s {} merge value {transformation:[-0.021927491696634407f,0.0008988285888518188f,0.9997591596054832f,0.18238749563958778f,0.9964046856445922f,-0.08183451309438428f,0.021927491696634452f,1.572336345959011f,0.08183451309438426f,0.9966455260391092f,0.0008988285888520964f,-0.6745496371826061f,0f,0f,0f,1f],start_interpolation:0}
execute if entity @s[tag=aj.tultaria.bone.right_arm] run data modify entity @s {} merge value {transformation:[-0.021927491696634407f,0.0008988285888518188f,0.9997591596054832f,0.08896904675399155f,0.9964046856445922f,-0.08183451309438428f,0.021927491696634452f,1.542150029736257f,0.08183451309438426f,0.9966455260391092f,0.0008988285888520964f,-0.3320370027868672f,0f,0f,0f,1f],start_interpolation:0}
execute if entity @s[tag=aj.tultaria.bone.left_ring] run data modify entity @s {} merge value {transformation:[0.9847118287920368f,-0.0695515257606556f,-0.1597034736673178f,-0.04844008620366261f,0.15538425063478753f,0.7651080618147016f,0.6248722976743459f,1.1691459854844715f,0.07872959349385944f,-0.6401345475839558f,0.7642181704839109f,0.6727148152312543f,0f,0f,0f,1f],start_interpolation:0}
execute if entity @s[tag=aj.tultaria.bone.left_hand] run data modify entity @s {} merge value {transformation:[0.45617971896504783f,-0.0695515257606556f,0.8871655140216707f,0.023864254835766582f,-0.5462724964511457f,0.7651080618147016f,0.34087536339134833f,1.3206511854609575f,-0.70248588856005f,-0.6401345475839558f,0.3110326950072635f,0.6018531073281922f,0f,0f,0f,1f],start_interpolation:0}
execute if entity @s[tag=aj.tultaria.bone.left_arm] run data modify entity @s {} merge value {transformation:[0.45617971896504783f,-0.07930201907153586f,0.8863471406712766f,-0.08896904675399155f,-0.5462724964511457f,0.7613137656279518f,0.3492673902419478f,1.573400029736257f,-0.70248588856005f,-0.6435157651810607f,0.303975387716557f,0.3320370027868672f,0f,0f,0f,1f],start_interpolation:0}
execute if entity @s[tag=aj.tultaria.bone.leftfoot] run data modify entity @s {} merge value {transformation:[0.17364256724196214f,-0.04539774738989755f,0.9837618123171604f,-0.3299730938052352f,0.0045921861745473885f,0.9989633856917309f,0.04528869476428177f,0.5592446083997666f,-0.9847980354711108f,-0.003346427832336976f,0.17367104178015402f,0.06716547515936797f,0f,0f,0f,1f],start_interpolation:0}
execute if entity @s[tag=aj.tultaria.bone.leftleg] run data modify entity @s {} merge value {transformation:[0.17364256724196214f,0.33452729733158815f,0.9262503690588437f,-0.04355569429221542f,0.0045921861745473885f,0.9402530589284989f,-0.3404454390966916f,0.8859000297362569f,-0.9847980354711108f,0.063369334189528f,0.16173174337963764f,0.11919067547305484f,0f,0f,0f,1f],start_interpolation:0}
execute if entity @s[tag=aj.tultaria.bone.rightfoot] run data modify entity @s {} merge value {transformation:[0.4881480035599668f,0.22319572987559433f,0.8437388178729953f,-0.14633651745853732f,0.2164396139381029f,0.9055883870114877f,-0.36477879163714694f,0.5772813011538764f,-0.8454971437791755f,0.3606845428837128f,0.39375276555984157f,-0.3078285954230374f,0f,0f,0f,1f],start_interpolation:0}
execute if entity @s[tag=aj.tultaria.bone.rightleg] run data modify entity @s {} merge value {transformation:[0.4881480035599668f,0.22319572987559433f,0.8437388178729953f,0.0814443057077846f,0.2164396139381029f,0.9055883870114877f,-0.36477879163714694f,0.8859000297362569f,-0.8454971437791755f,0.3606845428837128f,0.39375276555984157f,-0.09731567547305484f,0f,0f,0f,1f],start_interpolation:0}
execute if entity @s[tag=aj.tultaria.bone.skirt_right_back] run data modify entity @s {} merge value {transformation:[0.5711520382007044f,0.20486986142773045f,0.794867088976367f,0.25821232897434854f,0.3213938048432696f,0.835226265121915f,-0.4462097133174747f,0.8611827907943085f,-0.7553087921291183f,0.510318945297036f,0.41119727942117196f,-0.0765645094438881f,0f,0f,0f,1f],start_interpolation:0}
execute if entity @s[tag=aj.tultaria.bone.skirt_right] run data modify entity @s {} merge value {transformation:[0.5711520382007044f,0.20486986142773045f,0.794867088976367f,0.03970009505428419f,0.3213938048432696f,0.835226265121915f,-0.4462097133174747f,0.9445211874960807f,-0.7553087921291183f,0.510318945297036f,0.41119727942117196f,-0.2477120781161924f,0f,0f,0f,1f],start_interpolation:0}
execute if entity @s[tag=aj.tultaria.bone.skirt_left_back] run data modify entity @s {} merge value {transformation:[0.3723699102314653f,0.2980841600078737f,0.8789121022642771f,0.06708963511345542f,-0.3138304376989613f,0.9316733096345363f,-0.18301721363933998f,0.8829001804841127f,-0.8734134795890712f,-0.20767926633881834f,0.4404749890800628f,0.2779754703643288f,0f,0f,0f,1f],start_interpolation:0}
execute if entity @s[tag=aj.tultaria.bone.skirt_left] run data modify entity @s {} merge value {transformation:[0.3723699102314653f,0.37355209686772406f,0.8495878299975449f,-0.20684050782232014f,-0.3138304376989613f,0.9121770102211707f,-0.26352145718640174f,0.9098117283570575f,-0.8734134795890712f,-0.16849905919527486f,0.45689928947462644f,0.18729790763645326f,0f,0f,0f,1f],start_interpolation:0}
execute if entity @s[tag=aj.tultaria.bone.skirt_back_middle] run data modify entity @s {} merge value {transformation:[0.523912717304079f,0.13798782529717085f,0.8405205676941011f,0.10978702949714794f,0.08189960831908936f,0.974057632491981f,-0.21096014491201084f,0.8990696755431503f,-0.8478254058497164f,0.1793630080419994f,0.4990200322050104f,0.06338557103370773f,0f,0f,0f,1f],start_interpolation:0}
execute if entity @s[tag=aj.tultaria.bone.skirt_front_middle] run data modify entity @s {} merge value {transformation:[0.5000000000000001f,0.3659981507706668f,0.7848855672213959f,-0.1445247459245314f,0f,0.90630778703665f,-0.4226182617406994f,1.0059509703324219f,-0.8660254037844387f,0.21130913087034972f,0.45315389351832513f,-0.08344140096409047f,0f,0f,0f,1f],start_interpolation:0}
execute if entity @s[tag=aj.tultaria.bone.lower] run data modify entity @s {} merge value {transformation:[0.5000000000000001f,0f,0.8660254037844387f,0f,0f,1f,0f,0.9796500297362569f,-0.8660254037844387f,0f,0.5000000000000001f,0f,0f,0f,0f,1f],start_interpolation:0}