execute if entity @s[tag=aj.tultaria.bone.head] run data modify entity @s {} merge value {transformation:[0.8660254037844387f,-0.05221280118680252f,0.4972663505529279f,0f,-6.938893903907228e-18f,0.9945327011058559f,0.10442560237360504f,1.7311582512697463f,-0.4999999999999999f,-0.09043522446103455f,0.8612905840520274f,0f,0f,0f,0f,1f],start_interpolation:0}
execute if entity @s[tag=aj.tultaria.bone.bust] run data modify entity @s {} merge value {transformation:[0.25881904510252085f,0.4829629131445341f,0.8365163037378079f,-0.06942591876452686f,0f,0.8660254037844387f,-0.49999999999999994f,1.6217832512697463f,-0.9659258262890683f,0.1294095225512604f,0.22414386804201347f,-0.018602618866743692f,0f,0f,0f,1f],start_interpolation:0}
execute if entity @s[tag=aj.tultaria.bone.left_wing] run data modify entity @s {} merge value {transformation:[-0.13052619222005146f,0f,0.9914448613738105f,0.10456453796722598f,0f,1f,0f,1.5124082512697463f,-0.9914448613738105f,0f,-0.13052619222005146f,0.09272274478088188f,0f,0f,0f,1f],start_interpolation:0}
execute if entity @s[tag=aj.tultaria.bone.right_wing] run data modify entity @s {} merge value {transformation:[0.6087614290087207f,0f,0.7933533402912352f,0.13691691860504107f,0f,1f,0f,1.5124082512697463f,-0.7933533402912352f,0f,0.6087614290087207f,-0.028017983505251698f,0f,0f,0f,1f],start_interpolation:0}
execute if entity @s[tag=aj.tultaria.bone.body] run data modify entity @s {} merge value {transformation:[0.25881904510252085f,0f,0.9659258262890683f,-0.6123724356957946f,0f,1f,0f,0.4499082512697463f,-0.9659258262890683f,0f,0.25881904510252085f,0.35355339059327373f,0f,0f,0f,1f],start_interpolation:0}
execute if entity @s[tag=aj.tultaria.bone.right_ring] run data modify entity @s {} merge value {transformation:[-0.7491673861558563f,0.0001527447727331377f,0.6623807094031624f,0.08889267436762496f,0.6619992706629675f,-0.033760246081237844f,0.7487437555173553f,1.6230383743103651f,0.022476502443687426f,0.999429948747569f,0.02519095838451258f,-0.8317519771606516f,0f,0f,0f,1f],start_interpolation:0}
execute if entity @s[tag=aj.tultaria.bone.sword] run data modify entity @s {} merge value {transformation:[-9.046030673743655e-8f,1.527447727331377e-9f,0.000009999590721614982f,0.10420093349255849f,0.000009993890209090671f,-3.376024608123785e-7f,9.04603067374371e-8f,1.6617956792733215f,3.376024608123783e-7f,0.00000999429948747569f,1.5274477273335975e-9f,-1.0493198841220697f,0f,0f,0f,1f],start_interpolation:0}
execute if entity @s[tag=aj.tultaria.bone.right_hand] run data modify entity @s {} merge value {transformation:[-0.009046030673743655f,0.0001527447727331377f,0.9999590721614982f,0.18266270375350496f,0.999389020909067f,-0.033760246081237844f,0.00904603067374371f,1.6186114012358352f,0.03376024608123783f,0.999429948747569f,0.00015274477273335973f,-0.6755767278464002f,0f,0f,0f,1f],start_interpolation:0}
execute if entity @s[tag=aj.tultaria.bone.right_arm] run data modify entity @s {} merge value {transformation:[-0.009046030673743655f,0.0001527447727331377f,0.9999590721614982f,0.08896904675399155f,0.999389020909067f,-0.033760246081237844f,0.00904603067374371f,1.6061582512697463f,0.03376024608123783f,0.999429948747569f,0.00015274477273335973f,-0.3320370027868672f,0f,0f,0f,1f],start_interpolation:0}
execute if entity @s[tag=aj.tultaria.bone.left_ring] run data modify entity @s {} merge value {transformation:[-0.31099764536116126f,0.21371716559206946f,0.9260698881353963f,-0.12341631981247207f,-0.23819694915239287f,0.9257636457273284f,-0.29363903974801764f,1.1737584337085112f,-0.9200775391206469f,-0.311908072003495f,-0.2370035371566357f,0.5322648275127391f,0f,0f,0f,1f],start_interpolation:0}
execute if entity @s[tag=aj.tultaria.bone.left_hand] run data modify entity @s {} merge value {transformation:[0.48010600238155776f,0.21371716559206946f,0.8507779966645186f,-0.010262575501412616f,-0.3776012019660609f,0.9257636457273284f,-0.01946803851012127f,1.3165838747430825f,-0.7917799939067579f,-0.311908072003495f,0.5251645417086694f,0.5327633670473807f,0f,0f,0f,1f],start_interpolation:0}
execute if entity @s[tag=aj.tultaria.bone.left_arm] run data modify entity @s {} merge value {transformation:[0.48010600238155776f,0.009406088967625376f,0.8771600492313434f,-0.08896904675399155f,-0.3776012019660609f,0.9047753083941299f,0.1969745506254379f,1.6374082512697463f,-0.7917799939067579f,-0.4257853529780472f,0.4379398068666218f,0.3320370027868672f,0f,0f,0f,1f],start_interpolation:0}
execute if entity @s[tag=aj.tultaria.bone.leftfoot] run data modify entity @s {} merge value {transformation:[0.17107938745370138f,-0.09507903450757504f,0.9806588705485582f,-0.31346765018819145f,0.09812796797160006f,0.9920282311584737f,0.07906257323382704f,0.6151033566508795f,-0.9803584778489096f,0.08270408564089785f,0.17904549457630065f,0.03857720821318475f,0f,0f,0f,1f],start_interpolation:0}
execute if entity @s[tag=aj.tultaria.bone.leftleg] run data modify entity @s {} merge value {transformation:[0.17107938745370138f,0.28744032860831153f,0.9423958301467661f,-0.04355569429221542f,0.09812796797160006f,0.9467705153374267f,-0.30658847530438593f,0.9499082512697463f,-0.9803584778489096f,0.14492635639264992f,0.13376698446372964f,0.11919067547305484f,0f,0f,0f,1f],start_interpolation:0}
execute if entity @s[tag=aj.tultaria.bone.rightfoot] run data modify entity @s {} merge value {transformation:[0.4881480035599668f,0.0515931575663585f,0.8712345681346395f,-0.08109103187542746f,0.21643961393810288f,0.9599110171294325f,-0.17811438097992907f,0.5888879874701529f,-0.8454971437791755f,0.2755158530572628f,0.45741184350143926f,-0.28357341534655167f,0f,0f,0f,1f],start_interpolation:0}
execute if entity @s[tag=aj.tultaria.bone.rightleg] run data modify entity @s {} merge value {transformation:[0.4881480035599668f,0.0515931575663585f,0.8712345681346395f,0.0814443057077846f,0.21643961393810288f,0.9599110171294325f,-0.17811438097992907f,0.9499082512697463f,-0.8454971437791755f,0.2755158530572628f,0.45741184350143926f,-0.09731567547305484f,0f,0f,0f,1f],start_interpolation:0}
execute if entity @s[tag=aj.tultaria.bone.skirt_right_back] run data modify entity @s {} merge value {transformation:[0.5711520382007045f,0.04331400937648214f,0.8197007050447837f,0.2550995427403877f,0.3213938048432697f,0.9070785314836703f,-0.27187232284621105f,0.9787141700454506f,-0.7553087921291183f,0.41872715975102703f,0.5041588977884754f,-0.05614354087470955f,0f,0f,0f,1f],start_interpolation:0}
execute if entity @s[tag=aj.tultaria.bone.skirt_right] run data modify entity @s {} merge value {transformation:[0.5711520382007045f,0.04331400937648214f,0.8197007050447837f,0.03970009505428419f,0.3213938048432697f,0.9070785314836703f,-0.27187232284621105f,1.0085294090295702f,-0.7553087921291183f,0.41872715975102703f,0.5041588977884754f,-0.2477120781161924f,0f,0f,0f,1f],start_interpolation:0}
execute if entity @s[tag=aj.tultaria.bone.skirt_left_back] run data modify entity @s {} merge value {transformation:[0.4441881884929945f,0.22773252994231613f,0.8665072117468985f,0.06313503771638215f,-0.15526176384324625f,0.9720885612633998f,-0.17589091434504966f,0.9554247967413733f,-0.8823778317090679f,-0.05640677146341268f,0.46714841136567975f,0.29102446234496826f,0f,0f,0f,1f],start_interpolation:0}
execute if entity @s[tag=aj.tultaria.bone.skirt_left] run data modify entity @s {} merge value {transformation:[0.4441881884929945f,0.30238701854755823f,0.8433616924055959f,-0.20684050782232014f,-0.15526176384324625f,0.9530595675239243f,-0.2599446968864618f,0.9738199498905469f,-0.8823778317090679f,-0.015477459902360095f,0.47028694468736304f,0.18729790763645326f,0f,0f,0f,1f],start_interpolation:0}
execute if entity @s[tag=aj.tultaria.bone.skirt_back_middle] run data modify entity @s {} merge value {transformation:[0.523912717304079f,0.032407419090389744f,0.8511552289887881f,0.10978702949714794f,0.08189960831908935f,0.9927293311208902f,-0.08820957595096884f,0.9630778970766397f,-0.8478254058497164f,0.11592339850163916f,0.5174493664848708f,0.06338557103370773f,0f,0f,0f,1f],start_interpolation:0}
execute if entity @s[tag=aj.tultaria.bone.skirt_front_middle] run data modify entity @s {} merge value {transformation:[0.5000000000000001f,0.3659981507706668f,0.7848855672213959f,-0.1445247459245314f,0f,0.90630778703665f,-0.4226182617406994f,1.0699591918659113f,-0.8660254037844387f,0.21130913087034972f,0.45315389351832513f,-0.08344140096409047f,0f,0f,0f,1f],start_interpolation:0}
execute if entity @s[tag=aj.tultaria.bone.lower] run data modify entity @s {} merge value {transformation:[0.5000000000000001f,0f,0.8660254037844387f,0f,0f,1f,0f,1.0436582512697463f,-0.8660254037844387f,0f,0.5000000000000001f,0f,0f,0f,0f,1f],start_interpolation:0}