execute if entity @s[tag=aj.axia.bone.wing_right_1] run data modify entity @s {} merge value {transformation:[-0.811279334007595f,-0.09336944409163812f,-0.007241102585649763f,0.12287534294679918f,-0.08912412059679403f,0.7891548935160828f,-0.19035726834537378f,1.138234872115457f,0.028760698609136146f,-0.18831129916731756f,-0.7941386033091931f,-0.43197490398603805f,0f,0f,0f,1f],start_interpolation:0}
execute if entity @s[tag=aj.axia.bone.wing_right_2] run data modify entity @s {} merge value {transformation:[-0.7698305126717753f,0.2175101526370976f,-0.007093324981860993f,0.12287534294679918f,0.2131178410334701f,0.7482037290236141f,-0.18647242613424372f,1.138234872115457f,-0.04406549208558057f,-0.18132984689494697f,-0.7779316930375769f,-0.43197490398603805f,0f,0f,0f,1f],start_interpolation:0}
execute if entity @s[tag=aj.axia.bone.wing_left_1] run data modify entity @s {} merge value {transformation:[-0.6969577200866481f,0.17257344184942952f,0.38911796158017087f,0.06826934309390542f,0.08912412059679403f,0.7891548935160828f,-0.19035726834537378f,1.138234872115457f,-0.416234635733157f,-0.11998918973101738f,-0.6923118999469997f,-0.4460034691218422f,0f,0f,0f,1f],start_interpolation:0}
execute if entity @s[tag=aj.axia.bone.wing_left_2] run data modify entity @s {} merge value {transformation:[-0.6957435235768308f,-0.10317564047688889f,0.38117677869077965f,0.06826934309390542f,-0.2131178410334701f,0.7482037290236141f,-0.18647242613424372f,1.138234872115457f,-0.3324480940449628f,-0.2637156936690386f,-0.6781830856623671f,-0.4460034691218422f,0f,0f,0f,1f],start_interpolation:0}
execute if entity @s[tag=aj.axia.bone.blade] run data modify entity @s {} merge value {transformation:[-0.9088238270607287f,1.2588669458796269f,1.2606717510670216f,-0.2717469054142916f,1.6693732668215675f,0.10741179583587104f,1.0962005300750406f,0.9975104979829463f,0.6222797983127673f,1.5503924402186084f,-1.0995686126498923f,0.2709131280213448f,0f,0f,0f,1f],start_interpolation:0}
execute if entity @s[tag=aj.axia.bone.arm_right_2] run data modify entity @s {} merge value {transformation:[-0.019019958907877162f,-0.9937712253228952f,0.10980433909174034f,-0.37351545968281363f,-0.628115018755271f,-0.07356978552190996f,-0.7746347590137727f,1.1702386435892556f,0.7778880153191768f,-0.08370327579307368f,-0.622803337534651f,-0.009862278045722983f,0f,0f,0f,1f],start_interpolation:0}
execute if entity @s[tag=aj.axia.bone.arm_right_1] run data modify entity @s {} merge value {transformation:[-0.30169318357333513f,-0.9469502730352223f,0.11075379625052775f,-0.2552782461934359f,-0.6659783678510054f,0.1261868092068034f,-0.7352208530344584f,1.4268362471756624f,0.6822419193657749f,-0.295570752241698f,-0.6687180974666231f,-0.2726945378712255f,0f,0f,0f,1f],start_interpolation:0}
execute if entity @s[tag=aj.axia.bone.arm_left_2] run data modify entity @s {} merge value {transformation:[0.5617082238272817f,0.7886324553605488f,0.2500854286774663f,0.3017092536535134f,0.6013033105904879f,-0.18152782463864797f,-0.7781272245300763f,1.190802630068833f,-0.5682589198223991f,0.5874576573966434f,-0.5761729782004086f,0.21685828972107157f,0f,0f,0f,1f],start_interpolation:0}
execute if entity @s[tag=aj.axia.bone.arm_left_1] run data modify entity @s {} merge value {transformation:[0.117671390461006f,0.9610466805676928f,0.2500854286774663f,0.3488392959531647f,0.6150976601176792f,0.12717268166896692f,-0.7781272245300763f,1.4218616672431783f,-0.7796206208052283f,0.24539027447505368f,-0.5761729782004086f,-0.07473259847315455f,0f,0f,0f,1f],start_interpolation:0}
execute if entity @s[tag=aj.axia.bone.ear_edge_a1] run data modify entity @s {} merge value {transformation:[-0.9777876739596607f,0.1608897484623979f,0.13433448363046166f,0.20496905551843536f,0.187671328088644f,0.9574347905606105f,0.21931277764326565f,2.073636089556844f,-0.09333133057018399f,0.23965206167247186f,-0.9663623296001003f,-0.12543576035692588f,0f,0f,0f,1f],start_interpolation:0}
execute if entity @s[tag=aj.axia.bone.ear_edge_a2] run data modify entity @s {} merge value {transformation:[-0.9909181868787694f,0.00594923697878369f,0.13433448363046166f,0.09089008504276358f,0.035584983344903884f,0.9750054433297994f,0.21931277764326565f,2.087560449330103f,-0.12967210907992283f,0.22210131034424765f,-0.9663623296001003f,-0.13813384387829453f,0f,0f,0f,1f],start_interpolation:0}
execute if entity @s[tag=aj.axia.bone.ear_edge_b1] run data modify entity @s {} merge value {transformation:[-0.9704714772184589f,0.1796635473366314f,0.16095378735475724f,0.07602241184879491f,0.24097943337608835f,0.7516609674361118f,0.6139500816212572f,2.094734575100973f,-0.010678229963893573f,0.6346075951258596f,-0.7727607492706985f,-0.1958837329963708f,0f,0f,0f,1f],start_interpolation:0}
execute if entity @s[tag=aj.axia.bone.ear_edge_b2] run data modify entity @s {} merge value {transformation:[-0.978492311683906f,-0.12902199158145736f,0.16095378735475724f,0.10409180567013351f,-0.0030909525406298127f,0.78933880133289f,0.6139500816212572f,2.1010988719491768f,-0.20626013184296582f,0.6002479341061584f,-0.7727607492706985f,-0.18498095898557274f,0f,0f,0f,1f],start_interpolation:0}
execute if entity @s[tag=aj.axia.bone.ear_right_2] run data modify entity @s {} merge value {transformation:[-0.9866289338436478f,0.025636404558881214f,0.16095378735475724f,0.159715432256649f,0.12042689533629472f,0.7801042623629953f,0.6139500816212572f,2.199775537952942f,-0.10982126288751258f,0.625124079366953f,-0.7727607492706985f,-0.1354373187984077f,0f,0f,0f,1f],start_interpolation:0}
execute if entity @s[tag=aj.axia.bone.ear_right_1] run data modify entity @s {} merge value {transformation:[-0.9866289338436478f,0.09229080891553756f,0.13433448363046166f,0.13895000025065307f,0.12042689533629472f,0.9681938176016499f,0.21931277764326565f,1.9819319289925712f,-0.10982126288751258f,0.2325578167846849f,-0.9663623296001003f,-0.1877628275749617f,0f,0f,0f,1f],start_interpolation:0}
execute if entity @s[tag=aj.axia.bone.ear_edge_a3] run data modify entity @s {} merge value {transformation:[-0.9761017816794509f,-0.19655146985745953f,0.0926975269307309f,-0.1865404968688811f,-0.18862434484064267f,0.9781207572101766f,0.08775329536849093f,2.073224314179409f,-0.10791741442250986f,0.06817113767177013f,-0.9918198060398355f,-0.18196528723709365f,0f,0f,0f,1f],start_interpolation:0}
execute if entity @s[tag=aj.axia.bone.ear_edge_a4] run data modify entity @s {} merge value {transformation:[-0.9948317730389572f,-0.041435635063208326f,0.0926975269307309f,-0.07236834994061485f,-0.03329026875257986f,0.9955858160692889f,0.08775329536849093f,2.0870917535182314f,-0.09592445651941928f,0.08421384083722355f,-0.9918198060398355f,-0.17006757245758797f,0f,0f,0f,1f],start_interpolation:0}
execute if entity @s[tag=aj.axia.bone.ear_edge_b3] run data modify entity @s {} merge value {transformation:[-0.9543050118943615f,-0.28688595325434396f,0.08365640500672462f,-0.04894424062948423f,-0.2718414454966904f,0.9496629510094361f,0.15570005777237084f,2.0824350739771718f,-0.12411354794530964f,0.12584406742233045f,-0.984255605984051f,-0.17683422936357396f,0f,0f,0f,1f],start_interpolation:0}
execute if entity @s[tag=aj.axia.bone.ear_edge_b4] run data modify entity @s {} merge value {transformation:[-0.9962506350983056f,0.022051711216453357f,0.08365640500672462f,-0.07839169039997143f,0.03492541265145764f,0.9871867642755379f,0.15570005777237084f,2.0913181179982825f,-0.07915104305913091f,0.15803801590636457f,-0.984255605984051f,-0.17793188866118437f,0f,0f,0f,1f],start_interpolation:0}
execute if entity @s[tag=aj.axia.bone.ear_left_2] run data modify entity @s {} merge value {transformation:[-0.987434784244465f,-0.13406771708893167f,0.08365640500672462f,-0.13826995666195446f,-0.11993461049792163f,0.9804963953092294f,0.15570005777237084f,2.197616205344623f,-0.10289915484977893f,0.14371035460317377f,-0.984255605984051f,-0.1979557341265f,0f,0f,0f,1f],start_interpolation:0}
execute if entity @s[tag=aj.axia.bone.ear_left_1] run data modify entity @s {} merge value {transformation:[-0.987434784244465f,-0.12798326205021257f,0.0926975269307309f,-0.10947372270065668f,-0.11993461049792163f,0.9888958733641691f,0.08775329536849093f,1.9751146338376855f,-0.10289915484977893f,0.07553301449236881f,-0.9918198060398355f,-0.21495066238728294f,0f,0f,0f,1f],start_interpolation:0}
execute if entity @s[tag=aj.axia.bone.head] run data modify entity @s {} merge value {transformation:[-0.9936948918052391f,-0.025753459064439443f,0.10912021511338107f,0.024526779823230246f,-0.027269180619542553f,0.9995509580270124f,-0.01242071236365963f,1.4666415626876486f,-0.108751339249285f,-0.01531801728352089f,-0.9939509568172812f,-0.16244529372277783f,0f,0f,0f,1f],start_interpolation:0}
execute if entity @s[tag=aj.axia.bone.body_1] run data modify entity @s {} merge value {transformation:[-0.9685484280284506f,0.05990966386943836f,0.24150522714564193f,0.0020606558721908636f,0f,0.9705821615387301f,-0.24077015534074553f,1.1026732521106248f,-0.24882512446217558f,-0.23319755547144494f,-0.9400558268307927f,-0.07499621042098598f,0f,0f,0f,1f],start_interpolation:0}
execute if entity @s[tag=aj.axia.bone.leg_left_2] run data modify entity @s {} merge value {transformation:[-0.9939985739819884f,-0.04841497790454571f,0.09809599806452776f,0.06312546845766896f,-0.07312576652278195f,0.9610084940816426f,-0.2666745142929658f,0.7589176645551766f,-0.08136004665822816f,-0.272247431975833f,-0.9587814550721843f,0.41183429244281755f,0f,0f,0f,1f],start_interpolation:0}
execute if entity @s[tag=aj.axia.bone.leg_left_1] run data modify entity @s {} merge value {transformation:[-0.9939985739819884f,0.056196670711984115f,0.09385504313920649f,0.0861150248028319f,-0.07312576652278195f,0.29676088106277027f,-0.9521478885873267f,0.7931639315141373f,-0.08136004665822816f,-0.9532968654473469f,-0.2908704679681901f,0.10018414243735364f,0f,0f,0f,1f],start_interpolation:0}
execute if entity @s[tag=aj.axia.bone.leg_right_2] run data modify entity @s {} merge value {transformation:[-0.9127529415000386f,0.1436319776565776f,0.38242897742912707f,-0.29013161283505273f,0.13797909915103765f,0.989530257018796f,-0.042327752619101655f,0.6784976445866047f,-0.3845046631453192f,0.014132425084752542f,-0.9230148636835318f,0.30074978379955475f,0f,0f,0f,1f],start_interpolation:0}
execute if entity @s[tag=aj.axia.bone.leg_right_1] run data modify entity @s {} merge value {transformation:[-0.9127529415000386f,0.40422193164131637f,0.05904826638598562f,-0.14958306822760928f,0.13797909915103765f,0.4411041867439347f,-0.8867856926193838f,0.8061396557944779f,-0.3845046631453192f,-0.8012688228161228f,-0.45839332194346993f,0.01291408659794166f,0f,0f,0f,1f],start_interpolation:0}
execute if entity @s[tag=aj.axia.bone.coat_downer] run data modify entity @s {} merge value {transformation:[-0.9685484280284506f,0.11600261239835295f,0.2201302716129126f,-0.03212041347009503f,0f,0.8846786356028732f,-0.46620136390602607f,0.8613637785559343f,-0.24882512446217558f,-0.4515385981559012f,-0.8568541018235173f,0.02665558633576555f,0f,0f,0f,1f],start_interpolation:0}
execute if entity @s[tag=aj.axia.bone.body_2] run data modify entity @s {} merge value {transformation:[-0.9685484280284506f,0.12237613193967026f,0.21665185181553745f,0.0027897881041473024f,0f,0.8706992603091057f,-0.4918158172498891f,1.05591064453125f,-0.24882512446217558f,-0.4763474366769078f,-0.8433143998579191f,-0.07783434776187027f,0f,0f,0f,1f],start_interpolation:0}