execute if entity @s[tag=aj.axia.bone.wing_right_1] run data modify entity @s {} merge value {transformation:[-0.7917704178914637f,-0.17340580920006307f,-0.09987229411649941f,-0.1739043193209075f,-0.20007970720004978f,0.6931088651538062f,0.382769717005394f,1.1492986180526745f,0.003487199903013704f,0.3955691732495321f,-0.714462954292217f,0.16930096388016067f,0f,0f,0f,1f],start_interpolation:0}
execute if entity @s[tag=aj.axia.bone.wing_right_2] run data modify entity @s {} merge value {transformation:[-0.7788018434331372f,0.15458389523708818f,-0.09783408403248922f,-0.1739043193209075f,0.0919740784806937f,0.7006762444491678f,0.3749580901277329f,1.1492986180526745f,0.15814062587701616f,0.35377481509844483f,-0.6998820776740085f,0.16930096388016067f,0f,0f,0f,1f],start_interpolation:0}
execute if entity @s[tag=aj.axia.bone.wing_left_1] run data modify entity @s {} merge value {transformation:[-0.7796678342661714f,0.10368115317268012f,0.21980157217801177f,-0.22760467150876162f,0.20007970720004978f,0.6931088651538062f,0.382769717005394f,1.1492986180526745f,-0.13795152562362192f,0.41927886181684654f,-0.6871092031519656f,0.1647059493207374f,0f,0f,0f,1f],start_interpolation:0}
execute if entity @s[tag=aj.axia.bone.wing_left_2] run data modify entity @s {} merge value {transformation:[-0.7406134928711352f,-0.21243998996011287f,0.21531582580703196f,-0.22760467150876162f,-0.0919740784806937f,0.7006762444491678f,0.3749580901277329f,1.1492986180526745f,-0.28815347137392633f,0.3223694326860986f,-0.673086566352946f,0.1647059493207374f,0f,0f,0f,1f],start_interpolation:0}
execute if entity @s[tag=aj.axia.bone.blade] run data modify entity @s {} merge value {transformation:[1.270605692286162f,-0.13323891033809537f,1.538768523041045f,-0.5351584405526497f,1.3697846800815332f,1.0178247901447124f,-1.042939416639722f,0.8987329844194691f,-0.7136183188119076f,1.7164731542726754f,0.73788129513986f,0.9458411236713785f,0f,0f,0f,1f],start_interpolation:0}
execute if entity @s[tag=aj.axia.bone.arm_right_2] run data modify entity @s {} merge value {transformation:[0.10745770705391962f,-0.946715704165912f,-0.3036152444795144f,-0.6203864640668315f,-0.0648014167164937f,0.29806476871214005f,-0.9523435147278074f,0.9020230593086509f,0.9920955687766422f,0.12201134839931807f,-0.02931916225834058f,0.6069263983866658f,0f,0f,0f,1f],start_interpolation:0}
execute if entity @s[tag=aj.axia.bone.arm_right_1] run data modify entity @s {} merge value {transformation:[-0.2189292275684332f,-0.946715704165912f,-0.23621890017932623f,-0.5306228980979723f,-0.8734209011265333f,0.29806476871214005f,-0.385088721112282f,1.192555351679902f,0.43497807162155155f,0.12201134839931807f,-0.892136373022744f,0.5215805727950246f,0f,0f,0f,1f],start_interpolation:0}
execute if entity @s[tag=aj.axia.bone.arm_left_2] run data modify entity @s {} merge value {transformation:[0.9137247783122382f,0.38910194659259395f,0.11707563647533936f,-0.15737530540964537f,0.16698236229251415f,-0.09689705857238413f,-0.981186960126984f,1.063177978682944f,-0.3704374713517293f,0.9160844039704388f,-0.15351040557780643f,0.8736961242592971f,0f,0f,0f,1f],start_interpolation:0}
execute if entity @s[tag=aj.axia.bone.arm_left_1] run data modify entity @s {} merge value {transformation:[0.6764671011913068f,0.7271076648954576f,0.11707563647533936f,0.09857206898989304f,0.19195756290640814f,-0.020602022226006267f,-0.981186960126984f,1.1350976834533908f,-0.7110165645390149f,0.6862142524973335f,-0.15351040557780643f,0.6092093320962206f,0f,0f,0f,1f],start_interpolation:0}
execute if entity @s[tag=aj.axia.bone.ear_edge_a1] run data modify entity @s {} merge value {transformation:[-0.9433953936950511f,0.16857683867012746f,0.2856343477576625f,0.0018780064632823584f,0.1803599794471471f,0.983482306406594f,0.015258794152589902f,1.7943901746084956f,-0.2783440478414872f,0.0659120812078656f,-0.9582171928023747f,0.6632276696490677f,0f,0f,0f,1f],start_interpolation:0}
execute if entity @s[tag=aj.axia.bone.ear_edge_a2] run data modify entity @s {} merge value {transformation:[-0.9581518584992964f,0.018921824314769103f,0.2856343477576625f,-0.10829604435797986f,0.024288920330677907f,0.9995885241188891f,0.015258794152589902f,1.8072611303426962f,-0.2852280918905329f,0.021557991892153253f,-0.9582171928023747f,0.6305909166071032f,0f,0f,0f,1f],start_interpolation:0}
execute if entity @s[tag=aj.axia.bone.ear_edge_b1] run data modify entity @s {} merge value {transformation:[-0.9243550615288976f,0.254943428860176f,0.28385131373119327f,-0.13031433669751555f,0.26540789792576736f,0.9641348044815159f,-0.0016512134975314122f,1.804000079066155f,-0.2740918968968864f,0.07381007294675557f,-0.9588668860624299f,0.6261350425124309f,0f,0f,0f,1f],start_interpolation:0}
execute if entity @s[tag=aj.axia.bone.ear_edge_b2] run data modify entity @s {} merge value {transformation:[-0.9578957567594806f,-0.0431758135448292f,0.28385131373119327f,-0.10217519747151786f,-0.04551612865465558f,0.998962239289493f,-0.0016512134975314122f,1.8132916016457006f,-0.2834854515040852f,-0.014501503317371302f,-0.9588668860624299f,0.6344490112863503f,0f,0f,0f,1f],start_interpolation:0}
execute if entity @s[tag=aj.axia.bone.ear_right_2] run data modify entity @s {} merge value {transformation:[-0.9528566557514571f,0.10720366263903901f,0.28385131373119327f,-0.03542544905331198f,0.11131637391741135f,0.9937836476778356f,-0.0016512134975314122f,1.9165432008270413f,-0.28226381009266543f,0.030023929205060536f,-0.9588668860624299f,0.6214404416550664f,0f,0f,0f,1f],start_interpolation:0}
execute if entity @s[tag=aj.axia.bone.ear_right_1] run data modify entity @s {} merge value {transformation:[-0.9528566557514571f,0.10235825795315172f,0.2856343477576625f,-0.058456057092771074f,0.11131637391741135f,0.9936678691086313f,0.015258794152589902f,1.6929679302775997f,-0.28226381009266543f,0.0463352234256846f,-0.9582171928023747f,0.6110150163842873f,0f,0f,0f,1f],start_interpolation:0}
execute if entity @s[tag=aj.axia.bone.ear_edge_a3] run data modify entity @s {} merge value {transformation:[-0.9350310042953891f,-0.2397371057534158f,0.26123388205080095f,-0.38207078707381126f,-0.22164903288785115f,0.9702808535279311f,0.09709156243973971f,1.812667077071048f,-0.2767466842190463f,0.0328813838225393f,-0.9603801785603856f,0.5594499155268321f,0f,0f,0f,1f],start_interpolation:0}
execute if entity @s[tag=aj.axia.bone.ear_edge_a4] run data modify entity @s {} merge value {transformation:[-0.9610223669263469f,-0.0905144692076933f,0.26123388205080095f,-0.2722875631900712f,-0.06713479922709831f,0.9930086340187317f,0.09709156243973971f,1.830406927807637f,-0.268195691613455f,0.07576927892161987f,-0.9603801785603856f,0.5911055954995662f,0f,0f,0f,1f],start_interpolation:0}
execute if entity @s[tag=aj.axia.bone.ear_edge_b3] run data modify entity @s {} merge value {transformation:[-0.9062406542515662f,-0.34770600516216427f,0.24047538451131042f,-0.24640250548484108f,-0.3027603534177181f,0.930786798979802f,0.20487094289652735f,1.826282905059797f,-0.2950661705110771f,0.11285596492477817f,-0.9487884306845362f,0.5835464888077515f,0f,0f,0f,1f],start_interpolation:0}
execute if entity @s[tag=aj.axia.bone.ear_edge_b4] run data modify entity @s {} merge value {transformation:[-0.9693331441988673f,-0.050644298807227706f,0.24047538451131042f,-0.2756272566073714f,-0.00031326796912767296f,0.978788944880288f,0.20487094289652735f,1.8340514240176593f,-0.24575019312447732f,0.19851286199754636f,-0.9487884306845362f,0.5778167715348408f,0f,0f,0f,1f],start_interpolation:0}
execute if entity @s[tag=aj.axia.bone.ear_left_2] run data modify entity @s {} merge value {transformation:[-0.9494765308864003f,-0.20165789530802983f,0.24047538451131042f,-0.33615900260551873f,-0.1534257361002292f,0.9666894228545126f,0.20487094289652735f,1.9387537375155333f,-0.27377885381824096f,0.1576250392581871f,-0.9487884306845362f,0.5521462085129922f,0f,0f,0f,1f],start_interpolation:0}
execute if entity @s[tag=aj.axia.bone.ear_left_1] run data modify entity @s {} merge value {transformation:[-0.9494765308864003f,-0.17392865251187087f,0.26123388205080095f,-0.2970250557903478f,-0.1534257361002292f,0.9833787530779344f,0.09709156243973971f,1.7174935180729984f,-0.27377885381824096f,0.05210615923565981f,-0.9603801785603856f,0.5404223226849688f,0f,0f,0f,1f],start_interpolation:0}
execute if entity @s[tag=aj.axia.bone.head] run data modify entity @s {} merge value {transformation:[-0.9542759947903071f,0.10045464691896946f,0.28154251842191624f,-0.2380217666882162f,0.09810235118159466f,0.9949224949533322f,-0.022475714192873697f,1.1960353115802436f,-0.28237077479727424f,0.006171948494750279f,-0.9592854906607131f,0.6025332175142158f,0f,0f,0f,1f],start_interpolation:0}
execute if entity @s[tag=aj.axia.bone.body_1] run data modify entity @s {} merge value {transformation:[-0.9963590676131722f,-0.040753340963438266f,0.07488506917488971f,-0.22273926382692685f,0f,0.87835403342251f,0.4780106609380256f,0.8666525490468022f,-0.08525613400225396f,0.47627025644136733f,-0.8751560057751211f,0.4239318713487031f,0f,0f,0f,1f],start_interpolation:0}
execute if entity @s[tag=aj.axia.bone.leg_left_2] run data modify entity @s {} merge value {transformation:[-0.9963590676131722f,-0.0710024941676313f,0.04719379415755589f,-0.0757559857391061f,0f,0.5535530634817225f,0.8328139083312669f,0.34899958225530686f,-0.08525613400225396f,0.829781689200223f,-0.5515376142050642f,0.17235909994269877f,0f,0f,0f,1f],start_interpolation:0}
execute if entity @s[tag=aj.axia.bone.leg_left_1] run data modify entity @s {} merge value {transformation:[-0.9963590676131722f,-0.03419785101743314f,0.0780968332955935f,-0.08582457521703232f,0f,0.9160259752515738f,0.40111895076698f,0.6717897301241482f,-0.08525613400225396f,0.3996585037881621f,-0.9126907866111048f,0.290027236573679f,0f,0f,0f,1f],start_interpolation:0}
execute if entity @s[tag=aj.axia.bone.leg_right_2] run data modify entity @s {} merge value {transformation:[-0.9963590676131722f,0.025818110361488088f,0.08125289879365716f,-0.36156892378695443f,0f,0.9530446078109653f,-0.3028299448905993f,0.5313290084603104f,-0.08525613400225396f,-0.30172736153654584f,-0.9495746368322947f,0.5802161165910988f,0f,0f,0f,1f],start_interpolation:0}
execute if entity @s[tag=aj.axia.bone.leg_right_1] run data modify entity @s {} merge value {transformation:[-0.9963590676131722f,0.0751737343063415f,0.04021837957265119f,-0.33368767020015877f,0f,0.471735905496113f,-0.8817398910482401f,0.690670398301735f,-0.08525613400225396f,-0.8785295357221645f,-0.4700183469597626f,0.25437751092676364f,0f,0f,0f,1f],start_interpolation:0}
execute if entity @s[tag=aj.axia.bone.coat_downer] run data modify entity @s {} merge value {transformation:[-0.9963590676131722f,-0.01821641323776199f,0.08328727798266289f,-0.22196943302919758f,0f,0.9769065763697549f,0.2136668927221166f,0.6913382573885235f,-0.08525613400225396f,0.21288894601241176f,-0.973349725576945f,0.32329948874948033f,0f,0f,0f,1f],start_interpolation:0}
execute if entity @s[tag=aj.axia.bone.body_2] run data modify entity @s {} merge value {transformation:[-0.9963590676131722f,-0.03742335496820834f,0.07660353051872837f,-0.22254715868917874f,0f,0.8985104874295992f,0.43895205202735305f,0.8920991944235745f,-0.08525613400225396f,0.4373538572848621f,-0.8952390714960122f,0.42168680478345927f,0f,0f,0f,1f],start_interpolation:0}