execute if entity @s[tag=aj.axia.bone.wing_right_1] run data modify entity @s {} merge value {transformation:[-0.5325951890057805f,0.1901215765762509f,0.589186384103114f,0.3323988209710722f,0.001279105642714164f,0.7775412753111902f,-0.24974461659993197f,1.2999071308063532f,-0.6191002931521645f,-0.16194997916657178f,-0.5073770547741543f,-0.371717367437424f,0f,0f,0f,1f],start_interpolation:0}
execute if entity @s[tag=aj.axia.bone.wing_right_2] run data modify entity @s {} merge value {transformation:[-0.39670830332779194f,0.3866605088086946f,0.5771621721826423f,0.3323988209710722f,0.31845069068556464f,0.6919079545578357f,-0.24464778768972928f,1.2999071308063532f,-0.617423420087602f,0.10842985450231601f,-0.4970224210032532f,-0.371717367437424f,0f,0f,0f,1f],start_interpolation:0}
execute if entity @s[tag=aj.axia.bone.wing_left_1] run data modify entity @s {} merge value {transformation:[0.274603152624804f,0.23561253339813693f,0.7321367953590879f,0.31879801935301444f,-0.001279105642714164f,0.7775412753111902f,-0.24974461659993197f,1.2999071308063532f,-0.7691137216964196f,0.08282960664885522f,0.2618163169191763f,-0.4449011125026472f,0f,0f,0f,1f],start_interpolation:0}
execute if entity @s[tag=aj.axia.bone.wing_left_2] run data modify entity @s {} merge value {transformation:[0.14839194007077014f,0.3218863726577747f,0.7171952281068616f,0.31879801935301444f,-0.31845069068556464f,0.6919079545578357f,-0.24464778768972928f,1.2999071308063532f,-0.718727340320319f,-0.24010944487215036f,0.25647312677796863f,-0.4449011125026472f,0f,0f,0f,1f],start_interpolation:0}
execute if entity @s[tag=aj.axia.bone.blade] run data modify entity @s {} merge value {transformation:[-0.686189104806732f,-1.7281690129186906f,-0.7365978381940682f,-0.24856935074662145f,1.4136374307110298f,0.041466170782428445f,-1.4141816613057039f,1.4349043066189646f,1.2372444087314574f,-1.0058391618287095f,1.2072753843239183f,-1.2588654455567654f,0f,0f,0f,1f],start_interpolation:0}
execute if entity @s[tag=aj.axia.bone.arm_right_2] run data modify entity @s {} merge value {transformation:[-0.5845427111775325f,0.4145836139729743f,0.6974455145990457f,-0.013040893781537471f,-0.16593535561829964f,0.7803432906058588f,-0.602934330223656f,1.4966789760843695f,-0.7942136214930137f,-0.4681717375403262f,-0.3873499033218205f,-1.0007815687633275f,0f,0f,0f,1f],start_interpolation:0}
execute if entity @s[tag=aj.axia.bone.arm_right_1] run data modify entity @s {} merge value {transformation:[-0.29202010250152366f,0.43067641829848863f,0.8539567216531438f,0.08940892138518837f,-0.31804326414464923f,0.798333568394207f,-0.5113824358610579f,1.6036150378673724f,-0.9019826727089697f,-0.42092913453045444f,-0.09615571660710585f,-0.6679622038104367f,0f,0f,0f,1f],start_interpolation:0}
execute if entity @s[tag=aj.axia.bone.arm_left_2] run data modify entity @s {} merge value {transformation:[0.653809659198002f,-0.18824263084141657f,0.7328694573205347f,-0.07407193768671677f,0.7508876708069692f,0.28081423391604343f,-0.5977550266289947f,1.3771502948523884f,-0.09327719640660947f,0.9411206500571795f,0.3249481291936838f,0.18009695407520573f,0f,0f,0f,1f],start_interpolation:0}
execute if entity @s[tag=aj.axia.bone.arm_left_1] run data modify entity @s {} merge value {transformation:[0.6517479775799815f,0.19526118981279755f,0.7328694573205347f,0.17094374512394128f,0.4797246040968256f,0.6423030689354626f,-0.5977550266289947f,1.5590542184791214f,-0.5874426592822045f,0.7411611399614642f,0.3249481291936838f,-0.03787791459324136f,0f,0f,0f,1f],start_interpolation:0}
execute if entity @s[tag=aj.axia.bone.ear_edge_a1] run data modify entity @s {} merge value {transformation:[-0.8172489149496946f,0.10733013980759928f,0.5662017768449935f,0.3097575922610999f,0.0941857271323867f,0.9941688875969924f,-0.052509729943145095f,2.2601602399815195f,-0.5685360672974847f,0.010414606235458226f,-0.8225924119263865f,-0.3353744885186307f,0f,0f,0f,1f],start_interpolation:0}
execute if entity @s[tag=aj.axia.bone.ear_edge_a2] run data modify entity @s {} merge value {transformation:[-0.8239773576633358f,-0.021837169132452754f,0.5662017768449935f,0.2146276889465908f,-0.06249613355174348f,0.9966629127003674f,-0.052509729943145095f,2.263005375739672f,-0.5631656482325869f,-0.07865225039310722f,-0.8225924119263865f,-0.4010353392813936f,0f,0f,0f,1f],start_interpolation:0}
execute if entity @s[tag=aj.axia.bone.ear_edge_b1] run data modify entity @s {} merge value {transformation:[-0.8118512452699345f,0.1335325977621124f,0.5683894799242492f,0.2017543823532614f,0.18063357352186724f,0.9831790898384463f,0.027025717773341805f,2.2546950208871164f,-0.5552198372450112f,0.12461108553955409f,-0.8223156387241319f,-0.4212651190628305f,0f,0f,0f,1f],start_interpolation:0}
execute if entity @s[tag=aj.axia.bone.ear_edge_b2] run data modify entity @s {} merge value {transformation:[-0.813380259087833f,-0.12387878445339678f,0.5683894799242492f,0.2249551769980609f,-0.1320263101145215f,0.9908777240489259f,0.027025717773341805f,2.266494608840243f,-0.566552387307435f,-0.05306018041779513f,-0.8223156387241319f,-0.4048407932932208f,0f,0f,0f,1f],start_interpolation:0}
execute if entity @s[tag=aj.axia.bone.ear_right_2] run data modify entity @s {} merge value {transformation:[-0.8227451097471061f,0.004887074652971321f,0.5683894799242492f,0.2831035882892379f,0.024606579529964433f,0.9993318401925713f,0.027025717773341805f,2.37544920134574f,-0.5678776282184901f,0.036221398077173575f,-0.8223156387241319f,-0.39906986897182595f,0f,0f,0f,1f],start_interpolation:0}
execute if entity @s[tag=aj.axia.bone.ear_right_1] run data modify entity @s {} merge value {transformation:[-0.8227451097471061f,0.050060286503318674f,0.5662017768449935f,0.2718400238259912f,0.024606579529964433f,0.9983172063553414f,-0.052509729943145095f,2.150827829915788f,-0.5678776282184901f,-0.029269834472920322f,-0.8225924119263865f,-0.3924841562154189f,0f,0f,0f,1f],start_interpolation:0}
execute if entity @s[tag=aj.axia.bone.ear_edge_a3] run data modify entity @s {} merge value {transformation:[-0.841469535856913f,-0.04772716724105058f,0.5381924727566303f,-0.0014909456945951527f,-0.18280292363831827f,0.9624962450951097f,-0.2004596450338513f,2.2560939684005974f,-0.5084408631630967f,-0.2670638419647244f,-0.8186359343328424f,-0.5653115914451573f,0f,0f,0f,1f],start_interpolation:0}
execute if entity @s[tag=aj.axia.bone.ear_edge_a4] run data modify entity @s {} merge value {transformation:[-0.8385758234071146f,0.08449527007580769f,0.5381924727566303f,0.09595191173722895f,-0.029984731099585812f,0.9792429967141904f,-0.2004596450338513f,2.2694159664993623f,-0.5439591016776588f,-0.1842381684695885f,-0.8186359343328424f,-0.5045122943507194f,0f,0f,0f,1f],start_interpolation:0}
execute if entity @s[tag=aj.axia.bone.ear_edge_b3] run data modify entity @s {} merge value {transformation:[-0.8023767485253593f,-0.32122638673102444f,0.5029961847704242f,0.1401386669501005f,-0.26663583375621386f,0.9469513210761917f,0.17941161520142487f,2.253484976615014f,-0.5339446465533682f,0.009838901350545493f,-0.8454621874674307f,-0.5302388121129638f,0f,0f,0f,1f],start_interpolation:0}
execute if entity @s[tag=aj.axia.bone.ear_edge_b4] run data modify entity @s {} merge value {transformation:[-0.8623700477503063f,-0.05755639712083824f,0.5029961847704242f,0.1140394480343765f,0.03903830388671209f,0.9829992284638196f,0.17941161520142487f,2.2624570382528937f,-0.5047711477221961f,0.17435532108313692f,-0.8454621874674307f,-0.5438622664089635f,0f,0f,0f,1f],start_interpolation:0}
execute if entity @s[tag=aj.axia.bone.ear_left_2] run data modify entity @s {} merge value {transformation:[-0.8427490372482084f,-0.19175217944945303f,0.5029961847704242f,0.06796452768945825f,-0.11521728085418192f,0.9770038129523264f,0.17941161520142487f,2.3693426062282246f,-0.5258317586545973f,0.09324511329287083f,-0.8454621874674307f,-0.585554251310745f,0f,0f,0f,1f],start_interpolation:0}
execute if entity @s[tag=aj.axia.bone.ear_left_1] run data modify entity @s {} merge value {transformation:[-0.8427490372482084f,0.011087041324073631f,0.5381924727566303f,0.06546994339154169f,-0.11521728085418192f,0.9729033399600758f,-0.2004596450338513f,2.150439354737208f,-0.5258317586545973f,-0.2309462461466031f,-0.8186359343328424f,-0.5335913459277594f,0f,0f,0f,1f],start_interpolation:0}
execute if entity @s[tag=aj.axia.bone.head] run data modify entity @s {} merge value {transformation:[-0.8254803217377982f,0.09216456630302755f,0.5568553951806843f,0.10401891227906844f,-0.0015539007143203498f,0.9862036888589623f,-0.1655290593024233f,1.6503769848894807f,-0.5644287588493621f,-0.13750627912626384f,-0.8139485237928862f,-0.3671298916508512f,0f,0f,0f,1f],start_interpolation:0}
execute if entity @s[tag=aj.axia.bone.body_1] run data modify entity @s {} merge value {transformation:[-0.18271601270692783f,0.34251108567211125f,0.921575289866321f,-0.024422744847973285f,0f,0.9373549736933378f,-0.3483757357973746f,1.298868869754479f,-0.9831657330788547f,-0.06365382536873844f,-0.17126976328425392f,-0.34325970713757425f,0f,0f,0f,1f],start_interpolation:0}
execute if entity @s[tag=aj.axia.bone.leg_left_2] run data modify entity @s {} merge value {transformation:[-0.20844658421529927f,-0.1680957286940457f,0.9634800711606816f,-0.2725848821933311f,-0.02022093624969363f,0.9856495813501845f,0.16758883173228395f,0.6115522120166976f,-0.9778246955697938f,0.015450850430436716f,-0.2088543414794538f,-0.15942403181231765f,0f,0f,0f,1f],start_interpolation:0}
execute if entity @s[tag=aj.axia.bone.leg_left_1] run data modify entity @s {} merge value {transformation:[-0.20844658421529927f,0.38094386926641344f,0.900795087684934f,-0.12116896225363125f,-0.02022093624969363f,0.9191511053980287f,-0.3933857638282908f,0.9228602810350066f,-0.9778246955697938f,-0.1002148387910479f,-0.18389086660278783f,-0.1981396340019537f,0f,0f,0f,1f],start_interpolation:0}
execute if entity @s[tag=aj.axia.bone.leg_right_2] run data modify entity @s {} merge value {transformation:[-0.16351747313748005f,-0.6127318916297588f,0.7731892814560679f,-0.3860118007853521f,0.030524911994353362f,0.7802204152109415f,0.6247594204458248f,0.9616906936745275f,-0.986068083717585f,0.12576061652156156f,-0.10887608371743662f,-0.41154865003845786f,0f,0f,0f,1f],start_interpolation:0}
execute if entity @s[tag=aj.axia.bone.leg_right_1] run data modify entity @s {} merge value {transformation:[-0.16351747313748005f,0.9827865245085643f,0.08598071425098902f,-0.04996733184195369f,0.030524911994353362f,0.09215223928119548f,-0.9952769436409136f,1.0140697863551695f,-0.986068083717585f,-0.16012061716043327f,-0.04506797348108185f,-0.4656526983389503f,0f,0f,0f,1f],start_interpolation:0}
execute if entity @s[tag=aj.axia.bone.coat_downer] run data modify entity @s {} merge value {transformation:[-0.18271601270692783f,0.10638597274712358f,0.977392901295651f,-0.08640355992500037f,0f,0.9941283228361452f,-0.10820756782680799f,1.079435369767571f,-0.9831657330788547f,-0.019771255338028808f,-0.18164316326764596f,-0.33968717884755695f,0f,0f,0f,1f],start_interpolation:0}
execute if entity @s[tag=aj.axia.bone.body_2] run data modify entity @s {} merge value {transformation:[-0.18271601270692783f,0.2634009657082341f,0.9472247832296469f,-0.02612243780029394f,0f,0.9634436508108799f,-0.26791105186647923f,1.294704810495627f,-0.9831657330788547f,-0.048951639157162025f,-0.17603658234396968f,-0.3429438284320568f,0f,0f,0f,1f],start_interpolation:0}