execute if entity @s[tag=aj.axia.bone.wing_right_1] run data modify entity @s {} merge value {transformation:[-0.7801157657088712f,-0.002761856687642567f,0.24157029760411924f,0.24366812070714797f,-0.06959378328340586f,0.7845655859596157f,-0.2157730082762703f,1.2656570898588677f,-0.23134507097668652f,-0.22670169368561402f,-0.7496867643618301f,-0.4578630126947287f,0f,0f,0f,1f],start_interpolation:0}
execute if entity @s[tag=aj.axia.bone.wing_right_2] run data modify entity @s {} merge value {transformation:[-0.7088673103607778f,0.2854969504674358f,0.23664029153056582f,0.24366812070714797f,0.2264989588662355f,0.7375779047774889f,-0.21136947749512194f,1.2656570898588677f,-0.2936074895747518f,-0.12029266668356803f,-0.7343870344768949f,-0.4578630126947287f,0f,0f,0f,1f],start_interpolation:0}
execute if entity @s[tag=aj.axia.bone.wing_left_1] run data modify entity @s {} merge value {transformation:[-0.46240094887960664f,0.21632736407554526f,0.6374419804749373f,0.19576232991864836f,0.06959378328340586f,0.7845655859596157f,-0.2157730082762703f,1.2656570898588677f,-0.6695420167905716f,-0.06785099354037152f,-0.4626598911425571f,-0.4925971195634099f,0f,0f,0f,1f],start_interpolation:0}
execute if entity @s[tag=aj.axia.bone.wing_left_2] run data modify entity @s {} merge value {transformation:[-0.4994289055982189f,0.025578235622801496f,0.6244329604652448f,0.19576232991864836f,-0.2264989588662355f,0.7375779047774889f,-0.21136947749512194f,1.2656570898588677f,-0.582468016190998f,-0.30874680281174405f,-0.4532178525478111f,-0.4925971195634099f,0f,0f,0f,1f],start_interpolation:0}
execute if entity @s[tag=aj.axia.bone.blade] run data modify entity @s {} merge value {transformation:[-0.4161702281452964f,-0.5167013820321525f,1.8867490620142247f,-0.5510265284422013f,1.8986902534267915f,0.35768182127167136f,0.5167581990388596f,1.1080708459265496f,-0.4709327582018453f,1.8987057161492524f,0.41609967641727236f,-0.1355647704599961f,0f,0f,0f,1f],start_interpolation:0}
execute if entity @s[tag=aj.axia.bone.arm_right_2] run data modify entity @s {} merge value {transformation:[-0.5548253960831439f,-0.7752134397426045f,0.3020147392158568f,-0.410268296742346f,-0.672222700638602f,0.20382901017899085f,-0.7117375747813216f,1.2953523459269312f,0.4901891681864534f,-0.5979112454636494f,-0.6342055833409076f,-0.3709550731804828f,0f,0f,0f,1f],start_interpolation:0}
execute if entity @s[tag=aj.axia.bone.arm_right_1] run data modify entity @s {} merge value {transformation:[-0.6600653645561505f,-0.6478825948268145f,0.38021291118770556f,-0.1569128558037358f,-0.7072210356402266f,0.3652898861194131f,-0.6053112470843669f,1.5612206665921102f,0.25328269040998713f,-0.6684395577906354f,-0.6993114015367823f,-0.4641954734288728f,0f,0f,0f,1f],start_interpolation:0}
execute if entity @s[tag=aj.axia.bone.arm_left_2] run data modify entity @s {} merge value {transformation:[0.6472950095432923f,0.5233155549198328f,0.5542111516374392f,0.2196472455971947f,0.6634179140464415f,-0.02875004965021072f,-0.7476965333391473f,1.3219526216990052f,-0.3753476281297344f,0.8516538408438359f,-0.36578667749567495f,0.21907996025250506f,0f,0f,0f,1f],start_interpolation:0}
execute if entity @s[tag=aj.axia.bone.arm_left_1] run data modify entity @s {} merge value {transformation:[0.2989161445474655f,0.776852069527772f,0.5542111516374392f,0.33416846251976856f,0.5889117917150049f,0.3068106836660743f,-0.7476965333391473f,1.5437533269785884f,-0.7508875016325024f,0.549880047336484f,-0.36578667749567495f,-0.06078447771175685f,0f,0f,0f,1f],start_interpolation:0}
execute if entity @s[tag=aj.axia.bone.ear_edge_a1] run data modify entity @s {} merge value {transformation:[-0.9570953559187683f,0.08437987452401176f,0.27721564972785784f,0.2254203242551447f,0.12858864154347546f,0.9809869863245041f,0.145359877297591f,2.218786126268131f,-0.2596794965813241f,0.1747700473115436f,-0.9497483822665828f,-0.22283116839568923f,0f,0f,0f,1f],start_interpolation:0}
execute if entity @s[tag=aj.axia.bone.ear_edge_a2] run data modify entity @s {} merge value {transformation:[-0.9585118444100466f,-0.06638168174739478f,0.27721564972785784f,0.11434517237149601f,-0.026454672431643816f,0.9890251040183782f,0.145359877297591f,2.2257057290352056f,-0.28382246992122595f,0.13199551488525632f,-0.9497483822665828f,-0.25419309366456067f,0f,0f,0f,1f],start_interpolation:0}
execute if entity @s[tag=aj.axia.bone.ear_edge_b1] run data modify entity @s {} merge value {transformation:[-0.9601612804530433f,0.07869020704246163f,0.26813833525698477f,0.10446134811721287f,0.19812718183138545f,0.8683680689818117f,0.4546234888260316f,2.223231047093753f,-0.19706835194501887f,0.489637363860658f,-0.849364065977164f,-0.30038201218136185f,0f,0f,0f,1f],start_interpolation:0}
execute if entity @s[tag=aj.axia.bone.ear_edge_b2] run data modify entity @s {} merge value {transformation:[-0.9374842537361692f,-0.22186731882445246f,0.26813833525698477f,0.13057361685206295f,-0.07991034335200257f,0.8870917767813048f,0.4546234888260316f,2.232656287184462f,-0.33872940678674995f,0.40477533571678587f,-0.849364065977164f,-0.2870936753497091f,0f,0f,0f,1f],start_interpolation:0}
execute if entity @s[tag=aj.axia.bone.ear_right_2] run data modify entity @s {} merge value {transformation:[-0.9606499622369614f,-0.07248091624515815f,0.26813833525698477f,0.17755682216038238f,0.059845213120644204f,0.888670936778171f,0.4546234888260316f,2.341162902409857f,-0.27123827259564515f,0.45278083319203194f,-0.849364065977164f,-0.2509752949522654f,0f,0f,0f,1f],start_interpolation:0}
execute if entity @s[tag=aj.axia.bone.ear_right_1] run data modify entity @s {} merge value {transformation:[-0.9606499622369614f,0.01741073232481711f,0.27721564972785784f,0.17363940738729852f,0.059845213120644204f,0.9875672415276714f,0.145359877297591f,2.118960273066131f,-0.27123827259564515f,0.15622999027504175f,-0.9497483822665828f,-0.28612704276414974f,0f,0f,0f,1f],start_interpolation:0}
execute if entity @s[tag=aj.axia.bone.ear_edge_a3] run data modify entity @s {} merge value {transformation:[-0.9444088526367397f,-0.2123093670538017f,0.2510311767939812f,-0.14914876052026751f,-0.21778417721784493f,0.9759778740203778f,0.006102587665026658f,2.205610468809511f,-0.2462965107647756f,-0.04890728047926156f,-0.9679597650218834f,-0.3410566238130949f,0f,0f,0f,1f],start_interpolation:0}
execute if entity @s[tag=aj.axia.bone.ear_edge_a4] run data modify entity @s {} merge value {transformation:[-0.9659941147622311f,-0.0619573927966868f,0.2510311767939812f,-0.03850508521319183f,-0.06242631599069101f,0.9980309181060578f,0.006102587665026658f,2.2228585843272217f,-0.2509149762699795f,-0.00977588779681968f,-0.9679597650218834f,-0.3122534946318738f,0f,0f,0f,1f],start_interpolation:0}
execute if entity @s[tag=aj.axia.bone.ear_edge_b3] run data modify entity @s {} merge value {transformation:[-0.9159746589458428f,-0.3338189061548133f,0.22261033682794476f,-0.010835782230468397f,-0.2996093131720682f,0.9380780274477382f,0.17390765906170466f,2.216574066690629f,-0.2668795301809575f,0.09259887857509164f,-0.9592709544529257f,-0.326965105004429f,0f,0f,0f,1f],start_interpolation:0}
execute if entity @s[tag=aj.axia.bone.ear_edge_b4] run data modify entity @s {} merge value {transformation:[-0.9742993831971678f,-0.034428909929993645f,0.22261033682794476f,-0.040079346602972944f,0.004936662896068644f,0.9847495902406501f,0.17390765906170466f,2.2245460535435884f,-0.22520288910462322f,0.17053707714718214f,-0.9592709544529257f,-0.33230617169633775f,0f,0f,0f,1f],start_interpolation:0}
execute if entity @s[tag=aj.axia.bone.ear_left_2] run data modify entity @s {} merge value {transformation:[-0.95691827292606f,-0.1864190357167307f,0.22261033682794476f,-0.09986308445347311f,-0.14917289096398703f,0.97339795290576f,0.17390765906170466f,2.3292205070822662f,-0.24910814427002012f,0.13320798925484914f,-0.9592709544529257f,-0.35977994093632165f,0f,0f,0f,1f],start_interpolation:0}
execute if entity @s[tag=aj.axia.bone.ear_left_1] run data modify entity @s {} merge value {transformation:[-0.95691827292606f,-0.1459135607736159f,0.2510311767939812f,-0.06703253327940958f,-0.14917289096398703f,0.9887922972117232f,0.006102587665026658f,2.1067422402096287f,-0.24910814427002012f,-0.03160736871565265f,-0.9679597650218834f,-0.35266828297529984f,0f,0f,0f,1f],start_interpolation:0}
execute if entity @s[tag=aj.axia.bone.head] run data modify entity @s {} merge value {transformation:[-0.9626877626668324f,-0.03372618272145332f,0.26850477874810313f,0.06219733136281108f,-0.048872131426008394f,0.9975565702293065f,-0.04992398183460009f,1.6031636388276913f,-0.26616496084460034f,-0.06118360721125929f,-0.9619837731621105f,-0.2579790712626384f,0f,0f,0f,1f],start_interpolation:0}
execute if entity @s[tag=aj.axia.bone.body_1] run data modify entity @s {} merge value {transformation:[-0.8095910999895831f,0.16254585698680224f,0.5640399765921588f,0.0012426349927602432f,0f,0.9608952311555587f,-0.2769121787543935f,1.2428279271443567f,-0.5869942510942138f,-0.22418563539828146f,-0.7779322271659737f,-0.1739094579882829f,0f,0f,0f,1f],start_interpolation:0}
execute if entity @s[tag=aj.axia.bone.leg_left_2] run data modify entity @s {} merge value {transformation:[-0.8723783880902144f,0.00657055791837402f,0.48878704541114915f,-0.11666404856224369f,-0.06374132321083602f,0.9898434983377934f,-0.12707042344200442f,0.7762514121002441f,-0.48465760254890383f,-0.1420094242190984f,-0.8630992594855526f,0.2765715903421504f,0f,0f,0f,1f],start_interpolation:0}
execute if entity @s[tag=aj.axia.bone.leg_left_1] run data modify entity @s {} merge value {transformation:[-0.8723783880902144f,0.3750698441096805f,0.3134941148293847f,0.018711951739458915f,-0.06374132321083602f,0.548557029519829f,-0.833679932036098f,0.9127373373656189f,-0.48465760254890383f,-0.7472668849908455f,-0.4546418490280316f,0.0149458782136061f,0f,0f,0f,1f],start_interpolation:0}
execute if entity @s[tag=aj.axia.bone.leg_right_2] run data modify entity @s {} merge value {transformation:[-0.7426372253006629f,-0.04755517212706531f,0.6680033362204844f,-0.3749621638576047f,0.11003486995326885f,0.9752546012070978f,0.19175711256365843f,0.8397485119045676f,-0.6605923697652734f,0.21590963023531295f,-0.7190276438215369f,0.05671788537676872f,0f,0f,0f,1f],start_interpolation:0}
execute if entity @s[tag=aj.axia.bone.leg_right_1] run data modify entity @s {} merge value {transformation:[-0.7426372253006629f,0.6527393734146146f,0.14973730995322682f,-0.14883856458537587f,0.11003486995326885f,0.33948267586440717f,-0.9341540773246719f,0.9455627867321251f,-0.6605923697652734f,-0.6772612665598398f,-0.32393656450864305f,-0.17986453597970187f,0f,0f,0f,1f],start_interpolation:0}
execute if entity @s[tag=aj.axia.bone.coat_downer] run data modify entity @s {} merge value {transformation:[-0.8095910999895831f,0.20886708394468248f,0.5485770611884003f,-0.05830417945496223f,0f,0.9345526982007062f,-0.3558247522106633f,1.0076006230637105f,-0.5869942510942138f,-0.2880725525457517f,-0.7566055469345426f,-0.10509094582346172f,0f,0f,0f,1f],start_interpolation:0}
execute if entity @s[tag=aj.axia.bone.body_2] run data modify entity @s {} merge value {transformation:[-0.8095910999895831f,0.24788877279339583f,0.5320840226323669f,0.0034083986847307512f,0f,0.9064552534211554f,-0.4223018749013424f,1.2101367187499998f,-0.5869942510942138f,-0.3418918394290411f,-0.7338581057085696f,-0.17689651110921453f,0f,0f,0f,1f],start_interpolation:0}