execute if entity @s[tag=aj.axia.bone.wing_right_1] run data modify entity @s {} merge value {transformation:[-0.8050980693548471f,-0.11347793450782304f,-0.07670920117808769f,0.08506539458052281f,-0.09393810252188604f,0.7902943659058324f,-0.1831799458361372f,1.096729599294155f,0.09968538538888103f,-0.17176151501946169f,-0.7921522898676328f,-0.4129224351653348f,0f,0f,0f,1f],start_interpolation:0}
execute if entity @s[tag=aj.axia.bone.wing_right_2] run data modify entity @s {} merge value {transformation:[-0.7714508936832372f,0.19803267884891934f,-0.07514370727649407f,0.08506539458052281f,0.2101961177076771f,0.7507451708890448f,-0.1794415795945834f,1.096729599294155f,0.02609809832066371f,-0.19278160310231787f,-0.775985916605028f,-0.4129224351653348f,0f,0f,0f,1f],start_interpolation:0}
execute if entity @s[tag=aj.axia.bone.wing_left_1] run data modify entity @s {} merge value {transformation:[-0.7401380592458445f,0.1589888865299742f,0.3063700893693739f,0.029978486646903765f,0.09393810252188604f,0.7902943659058324f,-0.1831799458361372f,1.096729599294155f,-0.3321381197556624f,-0.13077382621114028f,-0.7345249622904018f,-0.4212092608096307f,0f,0f,0f,1f],start_interpolation:0}
execute if entity @s[tag=aj.axia.bone.wing_left_2] run data modify entity @s {} merge value {transformation:[-0.7296298524299227f,-0.13255067508204837f,0.3001176385659173f,0.029978486646903765f,-0.2101961177076771f,0.7507451708890448f,-0.1794415795945834f,1.096729599294155f,-0.25190845667366873f,-0.24251186965192467f,-0.7195346569375365f,-0.4212092608096307f,0f,0f,0f,1f],start_interpolation:0}
execute if entity @s[tag=aj.axia.bone.blade] run data modify entity @s {} merge value {transformation:[-0.6919620988039694f,1.6646596448906827f,0.8660812435858598f,-0.1765025277968613f,1.6300199500069366f,0.07591434766732601f,1.1564047623551303f,0.9766781748074388f,0.9296361742091306f,1.1059589858989658f,-1.3829791412422467f,0.33882397743326154f,0f,0f,0f,1f],start_interpolation:0}
execute if entity @s[tag=aj.axia.bone.arm_right_2] run data modify entity @s {} merge value {transformation:[0.1421006265547233f,-0.9872795733308969f,0.07131939439112539f,-0.3425759999493529f,-0.5936901119146365f,-0.14265961903997848f,-0.7919471472959253f,1.1368554685048187f,0.7920476393169421f,0.07019456659122553f,-0.6064101416314944f,0.08081141312625126f,0f,0f,0f,1f],start_interpolation:0}
execute if entity @s[tag=aj.axia.bone.arm_right_1] run data modify entity @s {} merge value {transformation:[-0.17064196478824817f,-0.983116774953156f,0.06605093987909352f,-0.2752798473933046f,-0.6358236997812278f,0.058655542726600694f,-0.7696023324444634f,1.3832759101139247f,0.7527347093430173f,-0.17332320708189441f,-0.635098042224293f,-0.2109499472853202f,0f,0f,0f,1f],start_interpolation:0}
execute if entity @s[tag=aj.axia.bone.arm_left_2] run data modify entity @s {} merge value {transformation:[0.5249225023826931f,0.8375556977685915f,0.15151508052883667f,0.3167421065410141f,0.582503285752027f,-0.22371001245029482f,-0.7814369791720771f,1.1492020797639175f,-0.620601553801136f,0.4984518868104094f,-0.6053093654940084f,0.21821650206219212f,0f,0f,0f,1f],start_interpolation:0}
execute if entity @s[tag=aj.axia.bone.arm_left_1] run data modify entity @s {} merge value {transformation:[0.06907222933636711f,0.9860386440230652f,0.15151508052883667f,0.3457255633047238f,0.6192526130145611f,0.07669712417722711f,-0.7814369791720771f,1.3816614881574318f,-0.7821478302783579f,0.14780170376588533f,-0.6053093654940084f,-0.07462705396792368f,0f,0f,0f,1f],start_interpolation:0}
execute if entity @s[tag=aj.axia.bone.ear_edge_a1] run data modify entity @s {} merge value {transformation:[-0.9770330096106815f,0.18955826257046554f,0.09733531333673537f,0.20285874594344513f,0.20764786048028155f,0.9495134104364167f,0.2351736580473379f,2.026159132058153f,-0.04784207530046663f,0.24998389646669478f,-0.9670673127235113f,-0.09577657323642652f,0f,0f,0f,1f],start_interpolation:0}
execute if entity @s[tag=aj.axia.bone.ear_edge_a2] run data modify entity @s {} merge value {transformation:[-0.9946575573682138f,0.03438284961922679f,0.09733531333673537f,0.08863559243088898f,0.056554748335753954f,0.9703066066977557f,0.2351736580473379f,2.0424515424875804f,-0.08635915707658537f,0.23942203042065358f,-0.9670673127235113f,-0.1033111063371652f,0f,0f,0f,1f],start_interpolation:0}
execute if entity @s[tag=aj.axia.bone.ear_edge_b1] run data modify entity @s {} merge value {transformation:[-0.965873797137437f,0.2166634721002153f,0.14193219458878475f,0.07195014625128417f,0.2560346194605055f,0.7157954288229473f,0.6496792883522506f,2.052730499708515f,0.03916735427653449f,0.6638477565930703f,-0.7468413984410106f,-0.1638276106347995f,0f,0f,0f,1f],start_interpolation:0}
execute if entity @s[tag=aj.axia.bone.ear_edge_b2] run data modify entity @s {} merge value {transformation:[-0.9855532636255516f,-0.09241221075288553f,0.14193219458878475f,0.10052040699608256f,0.022310441232869904f,0.7598809554779666f,0.6496792883522506f,2.058105423930746f,-0.16788987095420327f,0.643460112831912f,-0.7468413984410106f,-0.1537223637016711f,0f,0f,0f,1f],start_interpolation:0}
execute if entity @s[tag=aj.axia.bone.ear_right_2] run data modify entity @s {} merge value {transformation:[-0.987875922270756f,0.06290003447467113f,0.14193219458878475f,0.15968571933263898f,0.1409073334436938f,0.747035438026805f,0.6496792883522506f,2.1532897037622565f,-0.06516352951990212f,0.6618018132305054f,-0.7468413984410106f,-0.10152022561974591f,0f,0f,0f,1f],start_interpolation:0}
execute if entity @s[tag=aj.axia.bone.ear_right_1] run data modify entity @s {} merge value {transformation:[-0.987875922270756f,0.12094213068795762f,0.09733531333673537f,0.13247373992784856f,0.1409073334436938f,0.9616852260185873f,0.2351736580473379f,1.9369105279080747f,-0.06516352951990212f,0.24603765378948717f,-0.9670673127235113f,-0.15687869772238044f,0f,0f,0f,1f],start_interpolation:0}
execute if entity @s[tag=aj.axia.bone.ear_edge_a3] run data modify entity @s {} merge value {transformation:[-0.9819324142311902f,-0.18248435013801223f,0.05008189130628054f,-0.19141296645866768f,-0.1764447796510618f,0.9785690240871979f,0.1061598079826682f,2.0308244530822472f,-0.06838109107052141f,0.09540506827069593f,-0.9930870552636708f,-0.13487746487985913f,0f,0f,0f,1f],start_interpolation:0}
execute if entity @s[tag=aj.axia.bone.ear_edge_a4] run data modify entity @s {} merge value {transformation:[-0.9983900384806358f,-0.026629593046476746f,0.05008189130628054f,-0.07668175453042825f,-0.021190529832210356f,0.9941232602723433f,0.1061598079826682f,2.0432834451141644f,-0.052614565550475265f,0.10492763296513381f,-0.9930870552636708f,-0.12775965959831004f,0f,0f,0f,1f],start_interpolation:0}
execute if entity @s[tag=aj.axia.bone.ear_edge_b3] run data modify entity @s {} merge value {transformation:[-0.961983136127f,-0.2693166981353604f,0.04535374199257772f,-0.053878357922559086f,-0.2602442400805757f,0.9543086109309175f,0.14686051412134712f,2.03882709789878f,-0.08283345527107873f,0.1294742878280083f,-0.9881169098235716f,-0.13217715322302465f,0f,0f,0f,1f],start_interpolation:0}
execute if entity @s[tag=aj.axia.bone.ear_edge_b4] run data modify entity @s {} merge value {transformation:[-0.9981237667724053f,0.04113373665662211f,0.04535374199257772f,-0.08322987058068847f,0.04739059829909134f,0.9880213158555172f,0.14686051412134712f,2.0480874154796798f,-0.038769542129354614f,0.14873431051306196f,-0.9881169098235716f,-0.13214803311751575f,0f,0f,0f,1f],start_interpolation:0}
execute if entity @s[tag=aj.axia.bone.ear_left_2] run data modify entity @s {} merge value {transformation:[-0.9922699410009896f,-0.1155136453981249f,0.04535374199257772f,-0.14250994637607575f,-0.1077534446003625f,0.983270656822815f,0.14686051412134712f,2.1550027271631373f,-0.061559397029613966f,0.14083825175734782f,-0.9881169098235716f,-0.15060428605716436f,0f,0f,0f,1f],start_interpolation:0}
execute if entity @s[tag=aj.axia.bone.ear_left_1] run data modify entity @s {} merge value {transformation:[-0.9922699410009896f,-0.11354368476088379f,0.05008189130628054f,-0.11696261730487693f,-0.1077534446003625f,0.988493444766246f,0.1061598079826682f,1.9325917020907322f,-0.061559397029613966f,0.09994269010328595f,-0.9930870552636708f,-0.17309139133040366f,0f,0f,0f,1f],start_interpolation:0}
execute if entity @s[tag=aj.axia.bone.head] run data modify entity @s {} merge value {transformation:[-0.9977454289309019f,-0.01684769265421567f,0.06496317649037793f,0.01435990453144704f,-0.01727530326937003f,0.9998326102794014f,-0.006026219281587586f,1.4225252215837596f,-0.06485077443209289f,-0.0071348913171521144f,-0.9978694656023154f,-0.13014499192627924f,0f,0f,0f,1f],start_interpolation:0}
execute if entity @s[tag=aj.axia.bone.body_1] run data modify entity @s {} merge value {transformation:[-0.9888736170218781f,0.034346770882674335f,0.14473862265477402f,0.0014798654504441654f,0f,0.9729798355375658f,-0.23089010294356754f,1.0576577832571723f,-0.14875809073145563f,-0.22832113123235942f,-0.962154089257385f,-0.04452456771414445f,0f,0f,0f,1f],start_interpolation:0}
execute if entity @s[tag=aj.axia.bone.leg_left_2] run data modify entity @s {} merge value {transformation:[-0.996643939794931f,-0.08123707757308253f,-0.010069483473488933f,0.11394348398121092f,-0.07434287064932721f,0.9497509869563598f,-0.3040496675858033f,0.7473264958912416f,0.03426360829882476f,-0.302280664288679f,-0.9526029630142557f,0.43384689915158925f,0f,0f,0f,1f],start_interpolation:0}
execute if entity @s[tag=aj.axia.bone.leg_left_1] run data modify entity @s {} merge value {transformation:[-0.996643939794931f,-0.050114875479586915f,0.06472523870719515f,0.1027712829141988f,-0.07434287064932721f,0.2231744089135077f,-0.9719394635416979f,0.7535729797608646f,0.03426360829882476f,-0.9734894362353255f,-0.2261511058663494f,0.12242829862895874f,0f,0f,0f,1f],start_interpolation:0}
execute if entity @s[tag=aj.axia.bone.leg_right_2] run data modify entity @s {} merge value {transformation:[-0.942229619557161f,0.16944949402520448f,0.2889467303912085f,-0.2576175517995934f,0.14435197556765933f,0.9838083825548862f,-0.10622416657452471f,0.6286169313894874f,-0.30226784674999985f,-0.058377524693504323f,-0.9514337672333151f,0.3657198526060821f,0f,0f,0f,1f],start_interpolation:0}
execute if entity @s[tag=aj.axia.bone.leg_right_1] run data modify entity @s {} merge value {transformation:[-0.942229619557161f,0.3341639761749491f,0.023190106858649584f,-0.1420240800394065f,0.14435197556765933f,0.4675455184386676f,-0.8721030302307357f,0.762085713669292f,-0.30226784674999985f,-0.8183737686502823f,-0.4887724660885195f,0.0691315403356742f,0f,0f,0f,1f],start_interpolation:0}
execute if entity @s[tag=aj.axia.bone.coat_downer] run data modify entity @s {} merge value {transformation:[-0.9888736170218781f,0.07365871035855207f,0.12924149467714663f,-0.022856808439193656f,0f,0.8688031289031451f,-0.49515767509764486f,0.814889205476495f,-0.14875809073145563f,-0.48964836116995203f,-0.8591364925583782f,0.0647360086727182f,0f,0f,0f,1f],start_interpolation:0}
execute if entity @s[tag=aj.axia.bone.body_2] run data modify entity @s {} merge value {transformation:[-0.9888736170218781f,0.07590439007541178f,0.12793550377181354f,0.0018286538512645835f,0f,0.860023835629674f,-0.5102538604937972f,1.0070507812500002f,-0.14875809073145563f,-0.5045765806258781f,-0.8504548810641449f,-0.046843148477036904f,0f,0f,0f,1f],start_interpolation:0}