execute if entity @s[tag=aj.axia.bone.wing_right_1] run data modify entity @s {} merge value {transformation:[-0.31009741731934326f,-0.11608778166372065f,0.7465304167712885f,0.2977298419798903f,-0.16564822105533727f,0.7977797995598596f,0.05524945900076328f,1.2223825495495504f,-0.7371191919069259f,-0.13044333178461529f,-0.3264724774921366f,0.01355205189932479f,0f,0f,0f,1f],start_interpolation:0}
execute if entity @s[tag=aj.axia.bone.wing_right_2] run data modify entity @s {} merge value {transformation:[-0.3219557296649141f,0.039395199163713285f,0.7312951021433031f,0.2977298419798903f,0.216922726080885f,0.7681245659338758f,0.054121919021155866f,1.2223825495495504f,-0.6994919864055413f,0.2200742363198077f,-0.3198097738698481f,0.01355205189932479f,0f,0f,0f,1f],start_interpolation:0}
execute if entity @s[tag=aj.axia.bone.wing_left_1] run data modify entity @s {} merge value {transformation:[0.3213276457090154f,-0.11806797392833802f,0.7414532635844304f,0.2982441088335672f,0.16564822105533733f,0.7977797995598596f,0.05524945900076328f,1.2223825495495504f,-0.7322934216615277f,0.12865375778084448f,0.3378446383244289f,-0.05373689141620275f,0f,0f,0f,1f],start_interpolation:0}
execute if entity @s[tag=aj.axia.bone.wing_left_2] run data modify entity @s {} merge value {transformation:[0.3326094621770747f,0.04275430812183818f,0.7263215643276054f,0.2982441088335672f,-0.216922726080885f,0.7681245659338758f,0.054121919021155866f,1.2223825495495504f,-0.6944893639069748f,-0.2194463951536186f,0.33094984978719566f,-0.05373689141620275f,0f,0f,0f,1f],start_interpolation:0}
execute if entity @s[tag=aj.axia.bone.blade] run data modify entity @s {} merge value {transformation:[-0.6516260857020445f,-1.8579836694463507f,-0.3511127005724851f,-0.6475640240752736f,0.21164895320641808f,0.2973739840298945f,-1.9664113085081705f,1.1320276916943965f,1.8789859406177731f,-0.6778387696885297f,0.09973182675495908f,-0.5544171732606237f,0f,0f,0f,1f],start_interpolation:0}
execute if entity @s[tag=aj.axia.bone.arm_right_2] run data modify entity @s {} merge value {transformation:[-0.932001310040937f,0.06143977212175561f,0.3572096198083185f,-0.30976278365682797f,-0.24811151276099316f,0.6102898366582702f,-0.7523210700937955f,1.2362734462641642f,-0.2642238356345395f,-0.7897920420422381f,-0.5535470124653576f,-0.502874118208304f,0f,0f,0f,1f],start_interpolation:0}
execute if entity @s[tag=aj.axia.bone.arm_right_1] run data modify entity @s {} merge value {transformation:[-0.7508654913199093f,0.06143977212175561f,0.6575911863358096f,-0.004791563455749805f,-0.49306703391662854f,0.6102898366582702f,-0.6200251731472524f,1.4206476924859532f,-0.4394154230447185f,-0.7897920420422381f,-0.4279516518453716f,-0.3208526704968228f,0f,0f,0f,1f],start_interpolation:0}
execute if entity @s[tag=aj.axia.bone.arm_left_2] run data modify entity @s {} merge value {transformation:[0.25584189677307f,-0.9637582551504149f,0.07559728490485008f,-0.24448794039800867f,0.3784241467500945f,0.027883776060897536f,-0.9252122244053248f,1.2318323528601032f,0.8895729812736112f,0.2653158884462314f,0.3718432335352711f,0.047313706362736685f,0f,0f,0f,1f],start_interpolation:0}
execute if entity @s[tag=aj.axia.bone.arm_left_1] run data modify entity @s {} merge value {transformation:[0.6257190001081756f,-0.7763767020065965f,0.07559728490485008f,-0.012269492551213419f,0.334366306854539f,0.17939206407031388f,-0.9252122244053248f,1.357780318130775f,0.7047516624628003f,0.604200052904626f,0.3718432335352711f,0.31348370495161376f,0f,0f,0f,1f],start_interpolation:0}
execute if entity @s[tag=aj.axia.bone.ear_edge_a1] run data modify entity @s {} merge value {transformation:[-0.8045352683089646f,0.2660492362384337f,0.5309809845408479f,0.2666240754522585f,0.36740030907411964f,0.9254009631690767f,0.09300575389720123f,1.9797473508404115f,-0.466626204728435f,0.26990898699875f,-0.8422642838195412f,0.005140062689584904f,0f,0f,0f,1f],start_interpolation:0}
execute if entity @s[tag=aj.axia.bone.ear_edge_a2] run data modify entity @s {} merge value {transformation:[-0.8362493740516667f,0.13691668435303084f,0.5309809845408479f,0.17168044312863787f,0.21811239698248902f,0.9714818125032331f,0.09300575389720123f,2.014660623961268f,-0.5031043298171352f,0.19358953877006396f,-0.8422642838195412f,-0.05085913968139176f,0f,0f,0f,1f],start_interpolation:0}
execute if entity @s[tag=aj.axia.bone.ear_edge_b1] run data modify entity @s {} merge value {transformation:[-0.8316255875814337f,-0.001615879219591554f,0.5553343776628481f,0.19320487281584375f,0.41172000538111053f,0.6692797298930669f,0.6185073001373887f,2.026132205317512f,-0.37267347537598305f,0.7430087698598252f,-0.5559248588276794f,-0.12536723593137522f,0f,0f,0f,1f],start_interpolation:0}
execute if entity @s[tag=aj.axia.bone.ear_edge_b2] run data modify entity @s {} merge value {transformation:[-0.7904236000473973f,-0.2585232319810527f,0.5553343776628481f,0.21465313375538445f,0.18475018347914862f,0.7637513269259696f,0.6185073001373887f,2.02670787483886f,-0.5840358740630004f,0.5914808949956806f,-0.5559248588276794f,-0.10330128178768233f,0f,0f,0f,1f],start_interpolation:0}
execute if entity @s[tag=aj.axia.bone.ear_right_2] run data modify entity @s {} merge value {transformation:[-0.8211341173934761f,-0.1316908889720698f,0.5553343776628481f,0.2573773258872748f,0.3019526323965981f,0.7254469846002003f,0.6185073001373887f,2.11075616127709f,-0.4843174259111494f,0.6755621231953598f,-0.5559248588276794f,-0.023325201083983532f,0f,0f,0f,1f],start_interpolation:0}
execute if entity @s[tag=aj.axia.bone.ear_right_1] run data modify entity @s {} merge value {transformation:[-0.8211341173934761f,0.2092796103505276f,0.5309809845408479f,0.21028941355840614f,0.3019526323965981f,0.948775282946799f,0.09300575389720123f,1.8972817226140606f,-0.4843174259111494f,0.23670130367353936f,-0.8422642838195412f,-0.0765829944105298f,0f,0f,0f,1f],start_interpolation:0}
execute if entity @s[tag=aj.axia.bone.ear_edge_a3] run data modify entity @s {} merge value {transformation:[-0.9131239877639634f,0.06393163071073059f,0.4026379633923054f,-0.059682147424096325f,-0.04646942702674675f,0.9648689078970738f,-0.25858960328155906f,2.058656854304644f,-0.4050249070388666f,-0.2548347252008152f,-0.8780740786004231f,-0.2163997001717443f,0f,0f,0f,1f],start_interpolation:0}
execute if entity @s[tag=aj.axia.bone.ear_edge_a4] run data modify entity @s {} merge value {transformation:[-0.8918808057828213f,0.20598858878948062f,0.4026379633923054f,0.04512497971544365f,0.10504144017237621f,0.9602591904903589f,-0.25858960328155906f,2.0562345541681406f,-0.4399033122433819f,-0.18833743219901675f,-0.8780740786004231f,-0.1676273802781305f,0f,0f,0f,1f],start_interpolation:0}
execute if entity @s[tag=aj.axia.bone.ear_edge_b3] run data modify entity @s {} merge value {transformation:[-0.9035573188997976f,-0.08953902558361684f,0.4190070815155103f,0.0727322836339066f,-0.13520039760917138f,0.9875411989606379f,-0.08051852483564398f,2.040425118276677f,-0.4065772053976109f,-0.12940302644421678f,-0.9044057898964081f,-0.17587879288999797f,0f,0f,0f,1f],start_interpolation:0}
execute if entity @s[tag=aj.axia.bone.ear_edge_b4] run data modify entity @s {} merge value {transformation:[-0.8870031565509415f,0.1940578931878841f,0.4190070815155103f,0.04790004379120402f,0.1765837939723501f,0.9809867128889272f,-0.08051852483564398f,2.053470988042288f,-0.42666563486528464f,0.0025696744652489167f,-0.9044057898964081f,-0.1885449198218269f,0f,0f,0f,1f],start_interpolation:0}
execute if entity @s[tag=aj.axia.bone.ear_left_2] run data modify entity @s {} merge value {transformation:[-0.9064400185041295f,0.05291085421808703f,0.4190070815155103f,0.02287545137237322f,0.02094962280219026f,0.9965329299439823f,-0.08051852483564398f,2.160965320708278f,-0.4218146585393627f,-0.06420717283274988f,-0.9044057898964081f,-0.24426190780767204f,0f,0f,0f,1f],start_interpolation:0}
execute if entity @s[tag=aj.axia.bone.ear_left_1] run data modify entity @s {} merge value {transformation:[-0.9064400185041295f,0.1274722059490997f,0.4026379633923054f,-0.0058057949661741645f,0.02094962280219026f,0.9657600790978741f,-0.25858960328155906f,1.9436693029112568f,-0.4218146585393627f,-0.22596085132460103f,-0.8780740786004231f,-0.1934207162596369f,0f,0f,0f,1f],start_interpolation:0}
execute if entity @s[tag=aj.axia.bone.head] run data modify entity @s {} merge value {transformation:[-0.8643808340983211f,0.29191127261083644f,0.40943080314775077f,-0.06015743051530496f,0.18555032118878517f,0.9419432581004994f,-0.2798463450284011f,1.44647479126829f,-0.46735088739642827f,-0.1659238001063685f,-0.8683619295017674f,-0.022829597483639216f,0f,0f,0f,1f],start_interpolation:0}
execute if entity @s[tag=aj.axia.bone.body_1] run data modify entity @s {} merge value {transformation:[0.007642441829937771f,-0.07405260734166733f,0.9972250520463155f,-0.03238770276217972f,3.469446951953614e-18f,0.9972541757425754f,0.0740547700286546f,1.0725044753648243f,-0.9999707961150045f,-0.0005659592721733967f,0.007621457027775089f,-0.02261736275657419f,0f,0f,0f,1f],start_interpolation:0}
execute if entity @s[tag=aj.axia.bone.leg_left_2] run data modify entity @s {} merge value {transformation:[0.00937208931404953f,0.3489766350508188f,0.9370845597546131f,-0.24461059555114775f,0.011506337150515248f,0.9370260377230404f,-0.34906991969294365f,0.9826316881166494f,-0.9998898780102077f,0.01405392534728907f,0.004766448894583164f,0.10188409766002851f,0f,0f,0f,1f],start_interpolation:0}
execute if entity @s[tag=aj.axia.bone.leg_left_1] run data modify entity @s {} merge value {transformation:[0.00937208931404953f,0.9883924082659827f,-0.15163314685140727f,0.018227076281165013f,0.011506337150515248f,-0.1517363633066883f,-0.9883540257700373f,0.8458015189164267f,-0.9998898780102077f,0.0075182000925512376f,-0.012794863035617454f,0.10277311963722706f,0f,0f,0f,1f],start_interpolation:0}
execute if entity @s[tag=aj.axia.bone.leg_right_2] run data modify entity @s {} merge value {transformation:[0.007642441829937771f,0.44562356427397404f,0.8951878194248597f,-0.14107970905405262f,3.469446951953614e-18f,0.8952139631504858f,-0.4456365785933651f,0.4879053523893299f,-0.9999707961150045f,0.0034057516291922567f,0.006841620638725567f,-0.14845170994384277f,0f,0f,0f,1f],start_interpolation:0}
execute if entity @s[tag=aj.axia.bone.leg_right_1] run data modify entity @s {} merge value {transformation:[0.007642441829937771f,0.3547521334971136f,0.934929150717915f,-0.01130849354793499f,3.469446951953614e-18f,0.934956455078705f,-0.3547624939401874f,0.8429699683667209f,-0.9999707961150045f,0.0027112517233815127f,0.00714535032146375f,-0.14745991201378428f,0f,0f,0f,1f],start_interpolation:0}
execute if entity @s[tag=aj.axia.bone.coat_downer] run data modify entity @s {} merge value {transformation:[0.007642441829937771f,-0.15323687946520662f,0.988159932326059f,-0.03135127301672094f,3.469446951953614e-18f,0.9881887912778733f,0.15324135470810607f,0.8705990609806213f,-0.9999707961150045f,-0.0011711381392975396f,0.007552175354337586f,-0.030422169833221983f,0f,0f,0f,1f],start_interpolation:0}
execute if entity @s[tag=aj.axia.bone.body_2] run data modify entity @s {} merge value {transformation:[0.007642441829937771f,0.05362541072487981f,0.9985318765104416f,-0.019429051884677005f,3.469446951953614e-18f,0.9985610383721673f,-0.05362697684094412f,1.0937150429919025f,-0.9999707961150045f,0.0004098410510223402f,0.007631444649401464f,-0.02251832412873571f,0f,0f,0f,1f],start_interpolation:0}