execute if entity @s[tag=aj.louvert.bone.head] run data modify entity @s {} merge value {transformation:[-0.6477356683513416f,0.1014740813139026f,0.755077158154675f,0.004130956131715351f,0.32732489047288515f,0.9320225671628215f,0.15553890309545496f,1.464247778304608f,-0.6879657840491448f,0.34790364344272545f,-0.6369192530116533f,-0.3091393540648745f,0f,0f,0f,1f],start_interpolation:0}
execute if entity @s[tag=aj.louvert.bone.coat_0] run data modify entity @s {} merge value {transformation:[-0.9095176381108356f,0.4132540811043426f,0.04470716291482038f,-0.27106350483119485f,0.4060831627455608f,0.8604354633044573f,0.3078104585984794f,0.6574193382531037f,0.08873629978677952f,0.2981138674041335f,-0.9503967546038348f,-0.5375148379920861f,0f,0f,0f,1f],start_interpolation:0}
execute if entity @s[tag=aj.louvert.bone.coat_1] run data modify entity @s {} merge value {transformation:[-0.8421817261809472f,-0.5373371471162101f,0.04470716291482038f,0.2284030109022741f,-0.5000934902096589f,0.809419064902301f,0.3078104585984794f,0.6560454867405507f,-0.201584823676788f,0.23687458221957197f,-0.9503967546038348f,-0.5144646277307932f,0f,0f,0f,1f],start_interpolation:0}
execute if entity @s[tag=aj.louvert.bone.coat_2] run data modify entity @s {} merge value {transformation:[-0.998933031466938f,-0.02617124772269104f,0.038050813879744586f,-0.01574185160010782f,0.002747703025105814f,0.7887872751794556f,0.6146601375093845f,0.6952087198216372f,-0.046100420522585825f,0.6141088668205397f,-0.7878737531610212f,-0.644789327186919f,0f,0f,0f,1f],start_interpolation:0}
execute if entity @s[tag=aj.louvert.bone.right_leg_1] run data modify entity @s {} merge value {transformation:[-0.9784301462672718f,0.1801462000695974f,-0.10110289548717126f,-0.16716134207215005f,0.183052570738977f,0.9828962159963253f,-0.020168909885196817f,0.39988803439139414f,0.09574030092524818f,-0.038241014377105476f,-0.9946715134144303f,-0.2542659030700269f,0f,0f,0f,1f],start_interpolation:0}
execute if entity @s[tag=aj.louvert.bone.right_leg_0] run data modify entity @s {} merge value {transformation:[-0.9784301462672718f,0.06113858932263256f,-0.197323393876762f,-0.14619687589782762f,0.183052570738977f,0.6992937738254268f,-0.6909992577672169f,0.6570758753749655f,0.09574030092524818f,-0.7122150593638353f,-0.6954016853546672f,-0.5317522854267629f,0f,0f,0f,1f],start_interpolation:0}
execute if entity @s[tag=aj.louvert.bone.left_leg_1] run data modify entity @s {} merge value {transformation:[-0.9852429338233376f,-0.1539637054056809f,-0.07477659238648776f,0.17270193080928412f,-0.1700234400784259f,0.8300507355590003f,0.5311382176249986f,0.26571761320596543f,-0.01970764255511402f,0.5360139492734449f,-0.8439790607646642f,-0.6075833263827313f,0f,0f,0f,1f],start_interpolation:0}
execute if entity @s[tag=aj.louvert.bone.left_leg_0] run data modify entity @s {} merge value {transformation:[-0.9852429338233376f,-0.1702536586840055f,-0.01760832348329628f,0.10353638196890688f,-0.1700234400784259f,0.9616525204005503f,0.21521259217612515f,0.656388949618689f,-0.01970764255511402f,0.21503051344397478f,-0.9764084632534381f,-0.5202271802961165f,0f,0f,0f,1f],start_interpolation:0}
execute if entity @s[tag=aj.louvert.bone.body_1] run data modify entity @s {} merge value {transformation:[-0.998933031466938f,-0.011578783544964194f,0.04470716291482038f,-0.024948616822261675f,0.002747703025105814f,0.951443730183493f,0.3078104585984794f,0.9540585781791688f,-0.046100420522585825f,0.30760487653179236f,-0.9503967546038348f,-0.42986320894525454f,0f,0f,0f,1f],start_interpolation:0}
execute if entity @s[tag=aj.louvert.locator_origin.locator] at @s on origin run tp @s ^-1.42064 ^2.2769 ^0.03782 ~58.06564 ~-35.29702
execute if entity @s[tag=aj.louvert.bone.sword_0] run data modify entity @s {} merge value {transformation:[0.6666018245552519f,0.2754734944566964f,0.692644469660609f,-0.8055989761108332f,0.7414070118356383f,-0.3412408292988084f,-0.5778151427752753f,1.7609223424876692f,0.07718581670591922f,0.8987040949452041f,-0.4317097397883931f,-0.3176433861302571f,0f,0f,0f,1f],start_interpolation:0}
execute if entity @s[tag=aj.louvert.bone.right_arm_1] run data modify entity @s {} merge value {transformation:[-0.8368284997717552f,0.54711745769752f,0.019507676754445702f,-0.49753834816922515f,0.5393445080968735f,0.8177776382376144f,0.20086621414327277f,1.549626333569566f,0.09394447059563966f,0.17861193095958633f,-0.979424430246353f,-0.35218235226141376f,0f,0f,0f,1f],start_interpolation:0}
execute if entity @s[tag=aj.louvert.bone.right_arm_0] run data modify entity @s {} merge value {transformation:[-0.7865575249111418f,0.6045985584530896f,0.12564968413053917f,-0.2931178321504226f,0.5984743234592133f,0.6962136999750657f,0.3963773052623806f,1.383142123120264f,0.15217011587593465f,0.3869716618610144f,-0.9094488378962444f,-0.38667537842947164f,0f,0f,0f,1f],start_interpolation:0}
execute if entity @s[tag=aj.louvert.locator_origin.locator2] at @s on origin run tp @s ^0.24327 ^0.47436 ^0.2475 ~40.21007 ~30.99923
execute if entity @s[tag=aj.louvert.bone.sword_1] run data modify entity @s {} merge value {transformation:[-0.7650469817180903f,-0.32934542721858573f,0.5533847715055478f,0.7203420679369533f,0.0035342781148088856f,0.8571668984968979f,0.5150266177581659f,0.9486715077202833f,-0.6439647697213312f,0.39597537510736214f,-0.6546089501880775f,-0.3166751929101278f,0f,0f,0f,1f],start_interpolation:0}
execute if entity @s[tag=aj.louvert.bone.left_arm_1] run data modify entity @s {} merge value {transformation:[-0.5046230454522227f,0.5752688952939378f,0.6437556058830219f,0.5234393407126332f,0.767960500881787f,0.6397817006350276f,0.030266229001092437f,1.2299133449379962f,-0.3944518362030006f,0.5096519141922694f,-0.7646323791706947f,-0.4679122223174019f,0f,0f,0f,1f],start_interpolation:0}
execute if entity @s[tag=aj.louvert.bone.left_arm_0] run data modify entity @s {} merge value {transformation:[-0.8178039076172622f,0.5752688952939378f,0.01620082693040928f,0.26593809235262716f,0.46220671475986913f,0.6397817006350276f,0.6140393540836293f,1.3081039939534636f,0.3428727482854616f,0.5096519141922694f,-0.7891091209986932f,-0.3489927979176072f,0f,0f,0f,1f],start_interpolation:0}
execute if entity @s[tag=aj.louvert.bone.wing_0] run data modify entity @s {} merge value {transformation:[-0.9217401120819922f,0.004879416162507604f,0.3877774581857349f,0.07124079315516949f,0.08169652877391f,0.9799246589919824f,0.1818607706069144f,1.2288840759696804f,-0.37910531909400846f,0.19930843935307932f,-0.9036344963740981f,-0.8643548616814045f,0f,0f,0f,1f],start_interpolation:0}
execute if entity @s[tag=aj.louvert.bone.wing_1] run data modify entity @s {} merge value {transformation:[-0.9924416190629187f,0.11352050420401413f,-0.046612529185178386f,0.02763038066589561f,0.10042374925088306f,0.9695882605000791f,0.22318977504990375f,1.178926380989551f,0.07053157688701187f,0.21682181676597326f,-0.9736598977241151f,-0.6233105490855921f,0f,0f,0f,1f],start_interpolation:0}
execute if entity @s[tag=aj.louvert.bone.body_0] run data modify entity @s {} merge value {transformation:[-0.9829279280532058f,0.05850469223299962f,0.17444164995709552f,-0.007387441578343851f,0.09351834500495072f,0.9753573594041788f,0.19983077992051812f,1.322620625f,-0.15845190879433058f,0.21273274887245153f,-0.9641772503832496f,-0.3426304759424669f,0f,0f,0f,1f],start_interpolation:0}