# This file was generated by Animated Java via MC-Build. It is not recommended to edit this file directly.
$data merge entity $(bone_wing_right_1) { transformation: [-0.8005570130012148f,-0.14115980098749148f,-0.07827403122484951f,0.02546038016328217f,-0.09019554892634764f,0.7196631886339003f,-0.37535863160930016f,0.9314685674397897f,0.13385692485968648f,-0.35930940699472824f,-0.7210572225258196f,-0.7133375158986056f,0f,0f,0f,1f], start_interpolation: 0, interpolation_duration: 1 }
$data merge entity $(bone_wing_right_2) { transformation: [-0.7774410671745903f,0.17235453511203802f,-0.07667660201617911f,0.02546038016328217f,0.18815349315580715f,0.6851249951293303f,-0.3676982513723757f,0.9314685674397897f,-0.013551755742408494f,-0.3753633643222903f,-0.7063417690048845f,-0.7133375158986056f,0f,0f,0f,1f], start_interpolation: 0, interpolation_duration: 1 }
$data merge entity $(bone_wing_left_1) { transformation: [-0.8005570130012148f,0.14115980098749162f,0.07827403122484967f,-0.025460380163282018f,0.09019554892634764f,0.7196631886339003f,-0.37535863160930016f,0.9314685674397897f,-0.1338569248596867f,-0.3593094069947282f,-0.7210572225258196f,-0.7133375158986056f,0f,0f,0f,1f], start_interpolation: 0, interpolation_duration: 1 }
$data merge entity $(bone_wing_left_2) { transformation: [-0.7774410671745903f,-0.1723545351120379f,0.07667660201617928f,-0.025460380163282018f,-0.18815349315580715f,0.6851249951293303f,-0.3676982513723757f,0.9314685674397897f,0.013551755742408314f,-0.37536336432229034f,-0.7063417690048845f,-0.7133375158986056f,0f,0f,0f,1f], start_interpolation: 0, interpolation_duration: 1 }
$data merge entity $(bone_blade) { transformation: [-0.2505408274002372f,1.9718393882774214f,0.22153717666189804f,-0.0498393450271179f,1.9839209810885983f,0.25297060092537516f,-0.00796340780729744f,1.2932686907536375f,-0.03587247694340766f,0.2187585470448522f,-1.9876764987021323f,0.11298974044616558f,0f,0f,0f,1f], start_interpolation: 0, interpolation_duration: 1 }
$data merge entity $(bone_arm_right_2) { transformation: [0.36030314918965456f,-0.9320252894215935f,0.03886515872361396f,-0.2907020361451869f,0.021793479177397074f,-0.033241785203875315f,-0.9992097017052043f,1.2818611543477867f,0.9325806586828622f,0.36086540925261007f,0.00833495384417443f,-0.13366978475698887f,0f,0f,0f,1f], start_interpolation: 0, interpolation_duration: 1 }
$data merge entity $(bone_arm_right_1) { transformation: [0.019802787468321415f,-0.9990482215818575f,0.03886515872361396f,-0.29843749999999997f,0.009109811424420855f,-0.03869086912965015f,-0.9992097017052043f,1.2783026342601223f,0.9997624022458013f,0.02014119162610553f,0.00833495384417443f,-0.524201973134255f,0f,0f,0f,1f], start_interpolation: 0, interpolation_duration: 1 }
$data merge entity $(bone_arm_left_2) { transformation: [0.461748613235034f,0.8870108331782216f,1.5905716384037517e-16f,0.3328125f,-0.05415071591712703f,0.028189078470244537f,-0.9981347984218669f,1.3158535207073625f,-0.8853563791723565f,0.46088735899292715f,0.061048539534857005f,-0.10820877094178871f,0f,0f,0f,1f], start_interpolation: 0, interpolation_duration: 1 }
$data merge entity $(bone_arm_left_1) { transformation: [1.2223625860049279e-16f,1f,1.5905716384037517e-16f,0.33593750000000006f,-0.061048539534857005f,1.9695597001728107e-16f,-0.9981347984218669f,1.292960318381791f,-0.9981347984218669f,1.993589151428112e-17f,0.061048539534857005f,-0.48250932034998884f,0f,0f,0f,1f], start_interpolation: 0, interpolation_duration: 1 }
$data merge entity $(bone_ear_edge_a1) { transformation: [-0.9347094208241923f,0.3525597595782054f,0.04494345946476324f,0.2132500972166561f,0.3527733634277348f,0.9049372822131777f,0.23799048156703806f,1.913106492429318f,0.04323485490187534f,0.23830680054665943f,-0.9702270951353751f,-0.48425744932589343f,0f,0f,0f,1f], start_interpolation: 0, interpolation_duration: 1 }
$data merge entity $(bone_ear_edge_a2) { transformation: [-0.9783540941768178f,0.20199839568372185f,0.04494345946476324f,0.10259398432031555f,0.20686675829212592f,0.9489819150000681f,0.23799048156703806f,1.946497696443958f,0.005423165234939149f,0.2421362697821334f,-0.9702270951353751f,-0.48119268210389826f,0f,0f,0f,1f], start_interpolation: 0, interpolation_duration: 1 }
$data merge entity $(bone_ear_edge_b1) { transformation: [-0.90994482870536f,0.37257738154782644f,0.18217163190611868f,0.08299678581147919f,0.3922510365476429f,0.6305067357192022f,0.6697763660655816f,1.963170073939268f,0.1346830837175659f,0.6809165521351948f,-0.7198702077379266f,-0.5451334905915325f,0f,0f,0f,1f], start_interpolation: 0, interpolation_duration: 1 }
$data merge entity $(bone_ear_edge_b2) { transformation: [-0.9805417014273072f,0.07315373053168933f,0.18217163190611868f,0.11273368263744557f,0.17821560792705698f,0.7208597759281439f,0.6697763660655816f,1.9635992108364544f,-0.0823235619566533f,0.6892094856849573f,-0.7198702077379266f,-0.5372089443152277f,0f,0f,0f,1f], start_interpolation: 0, interpolation_duration: 1 }
$data merge entity $(bone_ear_right_2) { transformation: [-0.957025841265648f,0.22564360322960667f,0.18217163190611868f,0.18946225442405484f,0.28878879147796843f,0.6841057326003624f,0.6697763660655816f,2.0453655796919543f,0.02650609489293103f,0.6936024156134991f,-0.7198702077379266f,-0.48512601307068776f,0f,0f,0f,1f], start_interpolation: 0, interpolation_duration: 1 }
$data merge entity $(bone_ear_right_1) { transformation: [-0.957025841265648f,0.2864989085513551f,0.04494345946476324f,0.12500000000000006f,0.28878879147796843f,0.9273411263392688f,0.23799048156703806f,1.836713826265619f,0.02650609489293103f,0.24074220817857941f,-0.9702270951353751f,-0.539293009910868f,0f,0f,0f,1f], start_interpolation: 0, interpolation_duration: 1 }
$data merge entity $(bone_ear_edge_a3) { transformation: [-0.9855807385208294f,-0.16278042969474535f,-0.04618592388521099f,-0.19440229914816576f,-0.16623179658590737f,0.8805379461395543f,0.44386925463716975f,1.9138233339792836f,-0.031584769439683365f,0.4451465568964105f,-0.8949005225290197f,-0.46254487166403624f,0f,0f,0f,1f], start_interpolation: 0, interpolation_duration: 1 }
$data merge entity $(bone_ear_edge_a4) { transformation: [-0.9989110735904848f,-0.006597536902104906f,-0.04618592388521099f,-0.07940920108742279f,-0.02643872477211852f,0.8957014450252201f,0.44386925463716975f,1.9258950051044517f,0.03844035497662979f,0.4446070106133706f,-0.8949005225290197f,-0.4624921493904343f,0f,0f,0f,1f], start_interpolation: 0, interpolation_duration: 1 }
$data merge entity $(bone_ear_edge_b3) { transformation: [-0.9696437578929981f,-0.23542809403110893f,-0.06606508397046418f,-0.05800602495016213f,-0.22315504512304926f,0.7415501054679304f,0.6326968206942651f,1.931664634988426f,-0.09996403660954772f,0.6282332796194265f,-0.7715763978786185f,-0.4922657484673095f,0f,0f,0f,1f], start_interpolation: 0, interpolation_duration: 1 }
$data merge entity $(bone_ear_edge_b4) { transformation: [-0.9949372964379718f,0.07573097673128915f,-0.06606508397046418f,-0.08698786758526394f,0.01691852496171009f,0.7742147612881641f,0.6326968206942651f,1.938319901718107f,0.09906331142163347f,0.6283759404742006f,-0.7715763978786185f,-0.4843268664785789f,0f,0f,0f,1f], start_interpolation: 0, interpolation_duration: 1 }
$data merge entity $(bone_ear_left_2) { transformation: [-0.9945349021469664f,-0.08084388097747175f,-0.06606508397046418f,-0.1460674852639956f,-0.10440364216361513f,0.7673295332426223f,0.6326968206942651f,2.0369612936459145f,-0.0004559764203410203f,0.6361365060442292f,-0.7715763978786185f,-0.4388832849215585f,0f,0f,0f,1f], start_interpolation: 0, interpolation_duration: 1 }
$data merge entity $(bone_ear_left_1) { transformation: [-0.9945349021469664f,-0.09363326783998088f,-0.04618592388521099f,-0.12499999999999994f,-0.10440364216361513f,0.8899887439124244f,0.44386925463716975f,1.836713826265619f,-0.0004559764203410203f,0.44626544439693205f,-0.8949005225290197f,-0.539293009910868f,0f,0f,0f,1f], start_interpolation: 0, interpolation_duration: 1 }
$data merge entity $(bone_head) { transformation: [-1f,2.1373033680837975e-18f,1.224460279508133e-16f,6.112253948938277e-17f,0f,0.9998476951563912f,-0.01745240643728363f,1.3248372701991336f,-1.2246467991473532e-16f,-0.01745240643728363f,-0.9998476951563912f,-0.49910341113812295f,0f,0f,0f,1f], start_interpolation: 0, interpolation_duration: 1 }
$data merge entity $(bone_body_1) { transformation: [-1f,5.654789612090135e-17f,1.086274977660736e-16f,3.991707844404476e-17f,0f,0.8870108331782216f,-0.46174861323503397f,0.9922082077573005f,-1.2246467991473532e-16f,-0.46174861323503397f,-0.8870108331782216f,-0.3259476811749852f,0f,0f,0f,1f], start_interpolation: 0, interpolation_duration: 1 }
$data merge entity $(bone_leg_left_2) { transformation: [-0.9763825861650424f,-0.2065965810152833f,-0.0632052066404272f,0.15984560772106027f,-0.02007735885830418f,0.37805011961020607f,-0.9255673971807691f,0.9917428800517267f,0.21511379568716293f,-0.9024388953139733f,-0.373269467180959f,0.07831842980341827f,0f,0f,0f,1f], start_interpolation: 0, interpolation_duration: 1 }
$data merge entity $(bone_leg_left_1) { transformation: [-0.9763825861650424f,-0.15145938778623338f,0.1540684889426874f,0.125f,-0.02007735885830418f,-0.6464241896725607f,-0.7627140136823553f,0.7453790347092966f,0.21511379568716293f,-0.7477939695247564f,0.6281164175910936f,-0.10283675734462097f,0f,0f,0f,1f], start_interpolation: 0, interpolation_duration: 1 }
$data merge entity $(bone_leg_right_2) { transformation: [-0.9718475542053951f,0.23151303985810612f,0.0437497858354825f,-0.18456067131474224f,0.10126852286024643f,0.5781084299656245f,-0.8096513629213404f,0.8549267478995102f,-0.2127369682558614f,-0.7824272206271582f,-0.5852782472969291f,0.21809328188168733f,0f,0f,0f,1f], start_interpolation: 0, interpolation_duration: 1 }
$data merge entity $(bone_leg_right_1) { transformation: [-0.9718475542053951f,0.18866366825026837f,-0.14113239056766627f,-0.12499999999999999f,0.10126852286024643f,-0.2063732063744934f,-0.9732187760048685f,0.7474902541080956f,-0.2127369682558614f,-0.9601125558876229f,0.18145760486747642f,-0.10514074902215267f,0f,0f,0f,1f], start_interpolation: 0, interpolation_duration: 1 }
$data merge entity $(bone_coat_downer) { transformation: [-1f,9.029043306084033e-17f,8.273593852918141e-17f,-0.007812499999999983f,0f,0.6755902076156602f,-0.737277336810124f,0.786547812985876f,-1.2246467991473532e-16f,-0.737277336810124f,-0.6755902076156602f,-0.14776459505648795f,0f,0f,0f,1f], start_interpolation: 0, interpolation_duration: 1 }
$data merge entity $(bone_body_2) { transformation: [-1f,9.029043306084033e-17f,8.273593852918141e-17f,3.827021247335479e-17f,0f,0.6755902076156602f,-0.737277336810124f,0.9375f,-1.2246467991473532e-16f,-0.737277336810124f,-0.6755902076156602f,-0.3125f,0f,0f,0f,1f], start_interpolation: 0, interpolation_duration: 1 }