execute if entity @s[tag=aj.labyria.bone.wing_right_1] run data modify entity @s {} merge value {transformation:[-0.49098727425652305f,-0.004710373408456148f,0.6525747109296737f,0.3189744742516575f,0.012725315582630117f,0.8164210134419992f,0.015467372049113014f,1.1367021995961848f,-0.6524676293165176f,0.019467553445056223f,-0.49076618822142964f,0.07069213220571922f,0f,0f,0f,1f],start_interpolation:0}
execute if entity @s[tag=aj.labyria.bone.wing_right_2] run data modify entity @s {} merge value {transformation:[-0.44612147781823025f,0.17979514557796689f,0.639256859686211f,0.3189744742516575f,0.31757138379478367f,0.734110919300665f,0.015151711395049484f,1.1367021995961848f,-0.5832015459718403f,0.26221148676236583f,-0.4807505517271148f,0.07069213220571922f,0f,0f,0f,1f],start_interpolation:0}
execute if entity @s[tag=aj.labyria.bone.wing_left_1] run data modify entity @s {} merge value {transformation:[0.332066133433822f,0.023311711523555503f,0.745743314805167f,0.3102134023202958f,0.2284030438832991f,0.7739035778541866f,-0.12589577504339497f,1.149995225879762f,-0.7102876720143745f,0.25975808117318683f,0.3081584116879971f,-0.004434418975562626f,0f,0f,0f,1f],start_interpolation:0}
execute if entity @s[tag=aj.labyria.bone.wing_left_2] run data modify entity @s {} merge value {transformation:[0.2917891575570916f,0.1455804939027716f,0.7305240634826126f,0.3102134023202958f,-0.08340556416568783f,0.7860242316858448f,-0.12332647351189713f,1.149995225879762f,-0.7402044308151138f,-0.031180554801068322f,0.3018694645106911f,-0.004434418975562626f,0f,0f,0f,1f],start_interpolation:0}
execute if entity @s[tag=aj.labyria.bone.musket] run data modify entity @s {} merge value {transformation:[2.3318176312225331e-7f,-0.000016138668164882835f,-0.000001937699716582706f,0.1217444515346393f,0.000016090897194215504f,5.035095219351207e-7f,-0.0000022572482603843902f,1.4546003399937424f,0.0000023009384635480563f,-0.0000018856118602772299f,0.00001598173376582926f,-0.7896767534140734f,0f,0f,0f,1f],start_interpolation:0}
execute if entity @s[tag=aj.labyria.bone.omega_blade] run data modify entity @s {} merge value {transformation:[0.02573375768585869f,-1.7810508436280978f,-0.21384303089068504f,0.1217444515346393f,1.7757788765277942f,0.05556691851243833f,-0.24910815919641047f,1.4546003399937424f,0.25392977597469285f,-0.2080946556550188f,1.7637316856298664f,-0.7896767534140734f,0f,0f,0f,1f],start_interpolation:0}
execute if entity @s[tag=aj.labyria.bone.arm_right_2] run data modify entity @s {} merge value {transformation:[0.24775955893619575f,0.014344129988296955f,0.9687153590661298f,0.048421067864547f,0.13362343762911805f,0.9898283548921493f,-0.048832415132559426f,1.4043134209372605f,-0.9595623887334889f,0.14154177399757384f,0.24332272467178379f,-0.5078540986443134f,0f,0f,0f,1f],start_interpolation:0}
execute if entity @s[tag=aj.labyria.bone.arm_right_1] run data modify entity @s {} merge value {transformation:[0.24775955893619575f,0.014344129988296955f,0.9687153590661298f,-0.032875037411392236f,0.13362343762911805f,0.9898283548921493f,-0.048832415132559426f,1.3604682304652063f,-0.9595623887334889f,0.14154177399757384f,0.24332272467178379f,-0.1929976898411374f,0f,0f,0f,1f],start_interpolation:0}
execute if entity @s[tag=aj.labyria.bone.arm_left_2] run data modify entity @s {} merge value {transformation:[0.945365700398258f,0.29087889231275327f,0.14721807809306847f,-0.04614715185328732f,-0.013740450991207576f,0.4867221500553573f,-0.873448767044781f,1.0324143523586455f,-0.325722109346402f,0.8237056626322268f,0.4641272334506289f,0.5645824131511812f,0f,0f,0f,1f],start_interpolation:0}
execute if entity @s[tag=aj.labyria.bone.arm_left_1] run data modify entity @s {} merge value {transformation:[0.39901922662144995f,0.29087889231275327f,0.869582156436829f,0.036761331872228416f,0.7207726800437766f,0.4867221500553573f,-0.4935466465776075f,1.2724912367846857f,-0.5668071986918759f,0.8237056626322268f,-0.015446062885810491f,0.39344474629896053f,0f,0f,0f,1f],start_interpolation:0}
execute if entity @s[tag=aj.labyria.bone.himo_right_2] run data modify entity @s {} merge value {transformation:[-0.11408400474550179f,0.3512115584213805f,0.9293197948459151f,-0.27082121471082116f,0.17309773113368326f,0.9281459232932626f,-0.3295183159559847f,1.0939135817231551f,-0.9782750202972574f,0.12327037886419549f,-0.1666805278281729f,-0.06706853357750947f,0f,0f,0f,1f],start_interpolation:0}
execute if entity @s[tag=aj.labyria.bone.himo_right_1] run data modify entity @s {} merge value {transformation:[-0.11408400474550179f,0.22690632067600872f,0.9672116425573593f,-0.22223120681808603f,0.17309773113368326f,0.9632162773026546f,-0.2055518878910791f,1.2732319344180836f,-0.9782750202972574f,0.14397195829914916f,-0.14916453963964985f,-0.041006069769166806f,0f,0f,0f,1f],start_interpolation:0}
execute if entity @s[tag=aj.labyria.bone.himo_left_2] run data modify entity @s {} merge value {transformation:[-0.11408400474550179f,0.3512115584213805f,0.9293197948459151f,-0.23516996322785183f,0.17309773113368326f,0.9281459232932626f,-0.3295183159559847f,1.039820540743879f,-0.9782750202972574f,0.12327037886419549f,-0.1666805278281729f,0.23864241026538352f,0f,0f,0f,1f],start_interpolation:0}
execute if entity @s[tag=aj.labyria.bone.himo_left_1] run data modify entity @s {} merge value {transformation:[-0.11408400474550179f,0.22690632067600872f,0.9672116425573593f,-0.1865799553351167f,0.17309773113368326f,0.9632162773026546f,-0.2055518878910791f,1.2191388934388074f,-0.9782750202972574f,0.14397195829914916f,-0.14916453963964985f,0.26470487407372617f,0f,0f,0f,1f],start_interpolation:0}
execute if entity @s[tag=aj.labyria.bone.ribbon_left_himo_1] run data modify entity @s {} merge value {transformation:[-0.9448192829355198f,0.08606468746091597f,0.3160844699846319f,0.2945508438095277f,0.11103323858068076f,0.9918922609948765f,0.061817170015761785f,1.6051281036096536f,-0.3082014641812987f,0.09350193661484678f,-0.9467149757586901f,0.29342371717500154f,0f,0f,0f,1f],start_interpolation:0}
execute if entity @s[tag=aj.labyria.bone.ribbon_left_himo_2] run data modify entity @s {} merge value {transformation:[-0.9448192829355198f,0.08606468746091597f,0.3160844699846319f,0.33653081247936156f,0.11103323858068076f,0.9918922609948765f,0.061817170015761785f,1.613338196502372f,-0.3082014641812987f,0.09350193661484678f,-0.9467149757586901f,0.1676881344570505f,0f,0f,0f,1f],start_interpolation:0}
execute if entity @s[tag=aj.labyria.bone.ribbon_left] run data modify entity @s {} merge value {transformation:[-0.9448192829355198f,0.08606468746091597f,0.3160844699846319f,0.3242406603315579f,0.11103323858068076f,0.9918922609948765f,0.061817170015761785f,1.7153421573462655f,-0.3082014641812987f,0.09350193661484678f,-0.9467149757586901f,0.24038912865748718f,0f,0f,0f,1f],start_interpolation:0}
execute if entity @s[tag=aj.labyria.bone.ribbon_right_himo_1] run data modify entity @s {} merge value {transformation:[-0.9448192829355198f,0.08606468746091597f,0.3160844699846319f,-0.2733445964399032f,0.11103323858068076f,0.9918922609948765f,0.061817170015761785f,1.6718660195740542f,-0.3082014641812987f,0.09350193661484678f,-0.9467149757586901f,0.10817537461052967f,0f,0f,0f,1f],start_interpolation:0}
execute if entity @s[tag=aj.labyria.bone.ribbon_right_himo_2] run data modify entity @s {} merge value {transformation:[-0.9448192829355198f,0.08606468746091597f,0.3160844699846319f,-0.23136462777006928f,0.11103323858068076f,0.9918922609948765f,0.061817170015761785f,1.6800761124667725f,-0.3082014641812987f,0.09350193661484678f,-0.9467149757586901f,-0.01756020810742137f,0f,0f,0f,1f],start_interpolation:0}
execute if entity @s[tag=aj.labyria.bone.ribbon_right] run data modify entity @s {} merge value {transformation:[-0.9448192829355198f,0.08606468746091597f,0.3160844699846319f,-0.2426509094297539f,0.11103323858068076f,0.9918922609948765f,0.061817170015761785f,1.781962100494674f,-0.3082014641812987f,0.09350193661484678f,-0.9467149757586901f,0.05546825014870797f,0f,0f,0f,1f],start_interpolation:0}
execute if entity @s[tag=aj.labyria.bone.crown] run data modify entity @s {} merge value {transformation:[-0.9037954856521224f,0.28852093156195635f,0.3160844699846319f,0.21926980769453328f,0.3230860855218366f,0.9443484626097609f,0.061817170015761785f,2.0095700511235477f,-0.28065833580533667f,0.15799257329761435f,-0.9467149757586901f,0.24232799564533636f,0f,0f,0f,1f],start_interpolation:0}
execute if entity @s[tag=aj.labyria.bone.ear_edge_a1] run data modify entity @s {} merge value {transformation:[-0.9197235063830683f,0.2328073874278238f,0.3160844699846319f,0.249308461197833f,0.26483237039093516f,0.9623109960321355f,0.061817170015761785f,2.0041345461169366f,-0.28978006729164957f,0.1405641037913671f,-0.9467149757586901f,0.23422827095330057f,0f,0f,0f,1f],start_interpolation:0}
execute if entity @s[tag=aj.labyria.bone.ear_edge_a2] run data modify entity @s {} merge value {transformation:[-0.9448192829355198f,0.08606468746091597f,0.3160844699846319f,0.14134674758363702f,0.11103323858068079f,0.9918922609948765f,0.061817170015761785f,2.0269195889975355f,-0.3082014641812987f,0.09350193661484678f,-0.9467149757586901f,0.19967033641699455f,0f,0f,0f,1f],start_interpolation:0}
execute if entity @s[tag=aj.labyria.bone.ear_edge_b1] run data modify entity @s {} merge value {transformation:[-0.8959331800007487f,0.31208067035348586f,0.3160844699846319f,0.11987103594831658f,0.3476955328799385f,0.9355674502175554f,0.061817170015761785f,2.0251150188663622f,-0.276426397779015f,0.16528521193724782f,-0.9467149757586901f,0.19238230092049488f,0f,0f,0f,1f],start_interpolation:0}
execute if entity @s[tag=aj.labyria.bone.ear_edge_b2] run data modify entity @s {} merge value {transformation:[-0.9485213197599037f,0.019947776704822368f,0.3160844699846319f,0.1482330384602823f,0.04157186073091915f,0.9972213484912021f,0.061817170015761785f,2.031803218977438f,-0.3139730662912029f,0.07177512325258019f,-0.9467149757586901f,0.20228838075993932f,0f,0f,0f,1f],start_interpolation:0}
execute if entity @s[tag=aj.labyria.bone.ear_right_2] run data modify entity @s {} merge value {transformation:[-0.9337229285552084f,0.16808361170804265f,0.3160844699846319f,0.2217220275297621f,0.1970598303186925f,0.9784406271031526f,0.061817170015761785f,2.131206863598776f,-0.29887943382751136f,0.12000766104365768f,-0.9467149757586901f,0.2003063482701504f,0f,0f,0f,1f],start_interpolation:0}
execute if entity @s[tag=aj.labyria.bone.ear_right_1] run data modify entity @s {} merge value {transformation:[-0.9337229285552084f,0.16808361170804265f,0.3160844699846319f,0.18390321489545258f,0.1970598303186925f,0.9784406271031526f,0.061817170015761785f,1.9110577225005672f,-0.29887943382751136f,0.12000766104365768f,-0.9467149757586901f,0.17330462453532747f,0f,0f,0f,1f],start_interpolation:0}
execute if entity @s[tag=aj.labyria.bone.ear_edge_a3] run data modify entity @s {} merge value {transformation:[-0.9466504730666744f,-0.06279721074360131f,0.3160844699846319f,-0.11962131046714702f,-0.04549990006162196f,0.997049846590242f,0.061817170015761785f,2.0474904217818803f,-0.3190339181607878f,0.044137441443732425f,-0.9467149757586901f,0.11388282726808849f,0f,0f,0f,1f],start_interpolation:0}
execute if entity @s[tag=aj.labyria.bone.ear_edge_a4] run data modify entity @s {} merge value {transformation:[-0.9448192829355198f,0.08606468746091597f,0.3160844699846319f,-0.009924983258450766f,0.11103323858068076f,0.9918922609948765f,0.061817170015761785f,2.04469673483321f,-0.3082014641812987f,0.09350193661484679f,-0.9467149757586901f,0.15032527141163465f,0f,0f,0f,1f],start_interpolation:0}
execute if entity @s[tag=aj.labyria.bone.ear_edge_b3] run data modify entity @s {} merge value {transformation:[-0.9375750446702241f,-0.14506427350027362f,0.3160844699846319f,0.010807183699601132f,-0.13222537914110327f,0.9892901933215725f,0.061817170015761785f,2.0379319807404204f,-0.32166672927522244f,0.016163847054582077f,-0.9467149757586901f,0.15680550908378454f,0f,0f,0f,1f],start_interpolation:0}
execute if entity @s[tag=aj.labyria.bone.ear_edge_b4] run data modify entity @s {} merge value {transformation:[-0.9365141815375763f,0.1517622997108921f,0.3160844699846319f,-0.015833322215327517f,0.17995367365309944f,0.9817307741076453f,0.061817170015761785f,2.051083963662665f,-0.3009283355182061f,0.11477321794070766f,-0.9467149757586901f,0.14876968835347743f,0f,0f,0f,1f],start_interpolation:0}
execute if entity @s[tag=aj.labyria.bone.ear_left_2] run data modify entity @s {} merge value {transformation:[-0.9487249920752108f,0.0033907589749326006f,0.3160844699846319f,-0.05153868506906753f,0.02416161685336754f,0.997794995859507f,0.061817170015761785f,2.163319906214126f,-0.3151778952955342f,0.06628460599038397f,-0.9467149757586901f,0.11116829483783916f,0f,0f,0f,1f],start_interpolation:0}
execute if entity @s[tag=aj.labyria.bone.ear_left_1] run data modify entity @s {} merge value {transformation:[-0.9487249920752108f,0.0033907589749326006f,0.3160844699846319f,-0.05230160583842736f,0.02416161685336754f,0.997794995859507f,0.061817170015761785f,1.9388160321457373f,-0.3151778952955342f,0.06628460599038397f,-0.9467149757586901f,0.0962542584900028f,0f,0f,0f,1f],start_interpolation:0}
execute if entity @s[tag=aj.labyria.bone.head] run data modify entity @s {} merge value {transformation:[-0.9448192829355198f,0.08606468746091597f,0.3160844699846319f,0.011815012517773414f,0.11103323858068076f,0.9918922609948765f,0.061817170015761785f,1.4146603070002854f,-0.3082014641812987f,0.09350193661484678f,-0.9467149757586901f,0.11644454199001521f,0f,0f,0f,1f],start_interpolation:0}
execute if entity @s[tag=aj.labyria.bone.back_musket] run data modify entity @s {} merge value {transformation:[1.5901952333274414f,0.33275928033080365f,-0.05663057373371123f,0.21472681543117705f,-0.2640748036626743f,1.0565707298743725f,-1.206888326013744f,1.3629483636243491f,-0.21023857542849717f,1.1897840958558243f,1.0875983575177623f,-0.01747570889972988f,0f,0f,0f,1f],start_interpolation:0}
execute if entity @s[tag=aj.labyria.bone.body_1] run data modify entity @s {} merge value {transformation:[-0.11408400474550179f,0.09871865287355316f,0.9885542309029178f,-0.02520448230980902f,0.17309773113368326f,0.9818057337533936f,-0.07806841003460713f,1.0464831568427628f,-0.9782750202972574f,0.1622101376110364f,-0.1290963048216689f,0.055615740385876564f,0f,0f,0f,1f],start_interpolation:0}
execute if entity @s[tag=aj.labyria.bone.belt2] run data modify entity @s {} merge value {transformation:[-0.8827932548865491f,0.26835857329155266f,0.3855641908524894f,0.09151642309144248f,0.05836774009224316f,0.8770655872441747f,-0.4768114539192147f,0.7333680781890939f,-0.466121524973195f,-0.39842142489197724f,-0.7899310679696739f,0.5518064282588424f,0f,0f,0f,1f],start_interpolation:0}
execute if entity @s[tag=aj.labyria.bone.leg_left_2] run data modify entity @s {} merge value {transformation:[-0.9882069781932576f,0.14816916972129404f,0.03863761631173648f,0.04722148404886593f,0.12588751251370855f,0.9297949143258468f,-0.34588112334572696f,0.7982839773767904f,-0.08717397801673088f,-0.33693814630862673f,-0.9374824708328391f,0.3590272130562764f,0f,0f,0f,1f],start_interpolation:0}
execute if entity @s[tag=aj.labyria.bone.leg_left_1] run data modify entity @s {} merge value {transformation:[-0.9882069781932576f,0.10069088998770537f,-0.11536166141155568f,0.07053330623816689f,0.12588751251370855f,0.10533155510121543f,-0.9864368189058387f,0.7685603038352313f,-0.08717397801673088f,-0.989326340584058f,-0.11676510344831231f,0.05183984710121428f,0f,0f,0f,1f],start_interpolation:0}
execute if entity @s[tag=aj.labyria.bone.belt] run data modify entity @s {} merge value {transformation:[-0.9847251293886378f,0.139252320882959f,0.10452373261245584f,-0.2384529849040779f,0.16080676609439715f,0.9575413912148855f,0.23928156654561517f,0.5887028666933473f,-0.06676528685471667f,0.2524346949984713f,-0.9653077857513821f,-0.147065086013414f,0f,0f,0f,1f],start_interpolation:0}
execute if entity @s[tag=aj.labyria.bone.leg_right_2] run data modify entity @s {} merge value {transformation:[-0.8506864951337105f,-0.16768795394763916f,0.4982100331165342f,-0.1407691814383909f,0.352009713275604f,0.522172077426788f,0.7768046622642141f,0.48936210628997423f,-0.3904121524194025f,0.8361920064534504f,-0.3851769458140015f,-0.2733859617395056f,0f,0f,0f,1f],start_interpolation:0}
execute if entity @s[tag=aj.labyria.bone.leg_right_1] run data modify entity @s {} merge value {transformation:[-0.8506864951337105f,0.204533103748755f,0.48425065458708955f,-0.05429785121608504f,0.352009713275604f,0.9058101073887939f,0.23579060861690176f,0.8222093797432517f,-0.3904121524194025f,0.3710448205044816f,-0.8425580647172315f,-0.16169507254390425f,0f,0f,0f,1f],start_interpolation:0}
execute if entity @s[tag=aj.labyria.bone.skirt_forward_right] run data modify entity @s {} merge value {transformation:[-0.3725201416759941f,0.6109186167579034f,0.698575112456998f,-0.01039960203310916f,0.5908668248782373f,0.7365989068406474f,-0.32908729191427877f,0.9362411563572971f,-0.7156152173507826f,0.2901732140287476f,-0.6353694724774075f,0.02062442933648661f,0f,0f,0f,1f],start_interpolation:0}
execute if entity @s[tag=aj.labyria.bone.skirt_forward_left] run data modify entity @s {} merge value {transformation:[-0.655559158693224f,0.2867664584799362f,0.698575112456998f,-0.01039960203310916f,0.061513991495819154f,0.94229378813127f,-0.32908729191427877f,0.9362411563572971f,-0.7526341862443431f,-0.17276404469708534f,-0.6353694724774075f,0.02062442933648661f,0f,0f,0f,1f],start_interpolation:0}
execute if entity @s[tag=aj.labyria.bone.skirt_forward] run data modify entity @s {} merge value {transformation:[-0.5389855446957565f,0.47062447329554735f,0.698575112456998f,-0.01039960203310916f,0.3420201433256686f,0.8801839443321012f,-0.32908729191427877f,0.9362411563572971f,-0.7697511313200571f,0.061553466801418544f,-0.6353694724774075f,0.02062442933648661f,0f,0f,0f,1f],start_interpolation:0}
execute if entity @s[tag=aj.labyria.bone.skirt_back_right] run data modify entity @s {} merge value {transformation:[-0.5646766903743081f,0.0014759056662767833f,0.8253108850914194f,-0.01039960203310916f,0.5822867247486233f,0.7093863058658078f,0.3971312619671028f,0.9362411563572971f,-0.5848781116860492f,0.7048183388310261f,-0.40143331166961527f,0.02062442933648661f,0f,0f,0f,1f],start_interpolation:0}
execute if entity @s[tag=aj.labyria.bone.skirt_back_left] run data modify entity @s {} merge value {transformation:[-0.46340260999490995f,-0.3226762526116904f,0.8253108850914194f,-0.01039960203310916f,0.07009409162543312f,0.9150811871564303f,0.3971312619671028f,0.9362411563572971f,-0.8833712919090765f,0.2418810801051931f,-0.40143331166961527f,0.02062442933648661f,0f,0f,0f,1f],start_interpolation:0}
execute if entity @s[tag=aj.labyria.bone.skirt_back] run data modify entity @s {} merge value {transformation:[-0.5389855446957565f,-0.1683939593887997f,0.8253108850914194f,-0.01039960203310916f,0.3420201433256686f,0.8516507396391466f,0.3971312619671028f,0.9362411563572971f,-0.7697511313200571f,0.4963209567542538f,-0.40143331166961527f,0.02062442933648661f,0f,0f,0f,1f],start_interpolation:0}
execute if entity @s[tag=aj.labyria.bone.skirt_right] run data modify entity @s {} merge value {transformation:[-0.4644439833690258f,0.3590920952281509f,0.8095336024260937f,-0.10011190621463262f,0.6725137387224861f,0.7377628279852654f,0.0585771360915462f,1.0641260839603968f,-0.5762092133433965f,0.5716282680097622f,-0.5841438741186489f,-0.09114175079145626f,0f,0f,0f,1f],start_interpolation:0}
execute if entity @s[tag=aj.labyria.bone.skirt_left] run data modify entity @s {} merge value {transformation:[-0.5364333569799825f,-0.028646716357656185f,0.8434563528488661f,0.10169171190766885f,0.0027495685540325776f,0.9993591112816779f,0.035690426882594065f,0.9514944278509931f,-0.8439382047235174f,0.021464676569170858f,-0.5360107967828891f,0.20061939467654705f,0f,0f,0f,1f],start_interpolation:0}
execute if entity @s[tag=aj.labyria.bone.coat_downer] run data modify entity @s {} merge value {transformation:[-0.5389855446957565f,0.11675930147463637f,0.8341833420346956f,-0.020115019721934836f,0.3420201433256686f,0.9353664623639842f,0.09006554637692685f,0.8328858550595087f,-0.7697511313200571f,0.33385153377488064f,-0.544083035232355f,-0.018496169572848345f,0f,0f,0f,1f],start_interpolation:0}
execute if entity @s[tag=aj.labyria.bone.body_2] run data modify entity @s {} merge value {transformation:[-0.5389855446957565f,0.08757559606828767f,0.8377500209384079f,-7.654042494670958e-18f,0.3420201433256686f,0.9316534201490776f,0.12265449964846552f,1.046875f,-0.7697511313200571f,0.35263638453484986f,-0.5321003440458217f,0.0625f,0f,0f,0f,1f],start_interpolation:0}