# This file was generated by Animated Java via MC-Build. It is not recommended to edit this file directly.
$data merge entity $(bone_wing_right_1) { transformation: [-0.7154145820684236f,-0.12614689321093342f,-0.373113094840608f,0.036046815694278145f,-0.12989444361116245f,0.8059302196505764f,-0.023417066796778303f,1.0706604827735895f,0.3718250310660294f,0.03883151853388671f,-0.7260734838055601f,-0.3302289161476285f,0f,0f,0f,1f], start_interpolation: 0, interpolation_duration: 1 }
$data merge entity $(bone_wing_right_2) { transformation: [-0.6947571092662386f,0.1540239429575629f,-0.36549854188467723f,0.036046815694278145f,0.18456423660082172f,0.7780808680102203f,-0.022939167474395075f,1.0706604827735895f,0.3510678021294115f,-0.10424388630642968f,-0.7112556576054467f,-0.3302289161476285f,0f,0f,0f,1f], start_interpolation: 0, interpolation_duration: 1 }
$data merge entity $(bone_wing_left_1) { transformation: [-0.7154145820684236f,0.12614689321093342f,0.37311309484060823f,-0.03604681569427805f,0.12989444361116245f,0.8059302196505764f,-0.023417066796778303f,1.0706604827735895f,-0.3718250310660296f,0.03883151853388675f,-0.7260734838055601f,-0.33022891614762845f,0f,0f,0f,1f], start_interpolation: 0, interpolation_duration: 1 }
$data merge entity $(bone_wing_left_2) { transformation: [-0.6947571092662386f,-0.1540239429575629f,0.36549854188467745f,-0.03604681569427805f,-0.18456423660082172f,0.7780808680102203f,-0.022939167474395075f,1.0706604827735895f,-0.35106780212941174f,-0.10424388630642974f,-0.7112556576054467f,-0.33022891614762845f,0f,0f,0f,1f], start_interpolation: 0, interpolation_duration: 1 }
$data merge entity $(bone_staff) { transformation: [0.3937058859294064f,0.05209213753071413f,1.5111877231475985f,-0.6744646825374435f,1.3424708185158583f,-0.7306409393651508f,-0.32456458395359555f,0.8361102380016482f,0.6958261469777505f,1.380165380282773f,-0.22885748021641536f,-0.0915057036403889f,0f,0f,0f,1f], start_interpolation: 0, interpolation_duration: 1 }
$data merge entity $(bone_arm_right_2) { transformation: [-0.6641925853114821f,-0.747326369281734f,-0.01874853043390448f,-0.5276216788580544f,-0.7457310493687593f,0.6641118407280988f,-0.053297889377584146f,1.0362686316496061f,0.05228203921633651f,-0.02141870166274523f,-0.9984026380145756f,-0.11812187844075031f,0f,0f,0f,1f], start_interpolation: 0, interpolation_duration: 1 }
$data merge entity $(bone_arm_right_1) { transformation: [-0.620808687193283f,-0.747326369281734f,0.23685411476589135f,-0.2984375f,-0.7093618725147895f,0.6641118407280988f,0.23613808847165632f,1.3016753164694386f,-0.3337698424478523f,-0.02141870166274523f,-0.9424112326852955f,-0.0019423675392244832f,0f,0f,0f,1f], start_interpolation: 0, interpolation_duration: 1 }
$data merge entity $(bone_arm_left_2) { transformation: [0.45049819469478675f,0.8664493714313883f,0.21521352960000073f,0.4060077750118096f,0.5090228042328292f,-0.05123977994470991f,-0.8592265531989597f,1.0793299112546835f,-0.7334488130385683f,0.4966286053957926f,-0.46412591713342727f,0.22206605740107835f,0f,0f,0f,1f], start_interpolation: 0, interpolation_duration: 1 }
$data merge entity $(bone_arm_left_1) { transformation: [-0.2521121450326879f,0.8920806222797438f,0.37500883946915464f,0.2984375f,0.6774502245168745f,0.43942824512631806f,-0.5898847435620292f,1.3016753164694386f,-0.6910142253449297f,0.10533271447271104f,-0.7151254153173112f,-0.0019423675392244103f,0f,0f,0f,1f], start_interpolation: 0, interpolation_duration: 1 }
$data merge entity $(bone_himo_right_2) { transformation: [-1f,6.404732266218831e-17f,1.043816951693357e-16f,-0.15625000000000003f,0f,0.852341223951349f,-0.5229860781637656f,0.9690529196703563f,-1.2246467991473532e-16f,-0.5229860781637656f,-0.852341223951349f,0.2511190431102832f,0f,0f,0f,1f], start_interpolation: 0, interpolation_duration: 1 }
$data merge entity $(bone_himo_right_1) { transformation: [-1f,2.742359508636188e-17f,1.1935469935933754e-16f,-0.15625000000000003f,0f,0.9746050815830076f,-0.22393064764024417f,1.1503918059194187f,-1.2246467991473532e-16f,-0.22393064764024417f,-0.9746050815830076f,0.20304076491784367f,0f,0f,0f,1f], start_interpolation: 0, interpolation_duration: 1 }
$data merge entity $(bone_himo_left_2) { transformation: [-1f,5.365584600421011e-17f,1.1008473107652608e-16f,0.15624999999999997f,0f,0.898910046171446f,-0.43813323189647335f,0.963190713788677f,-1.2246467991473532e-16f,-0.43813323189647335f,-0.898910046171446f,0.21533155842589646f,0f,0f,0f,1f], start_interpolation: 0, interpolation_duration: 1 }
$data merge entity $(bone_himo_left_1) { transformation: [-1f,3.9476352423304915e-18f,1.224010375879718e-16f,0.15624999999999997f,0f,0.9994803209643154f,-0.03223488801080435f,1.1503918059194187f,-1.2246467991473532e-16f,-0.03223488801080435f,-0.9994803209643154f,0.2030407649178437f,0f,0f,0f,1f], start_interpolation: 0, interpolation_duration: 1 }
$data merge entity $(bone_ponpon1) { transformation: [-1f,8.836052603477587e-18f,1.2214549521372924e-16f,0.29375f,0f,0.9973936591249959f,-0.07215184500240879f,1.8409731052242893f,-1.2246467991473532e-16f,-0.07215184500240879f,-0.9973936591249959f,-0.017833700531787858f,0f,0f,0f,1f], start_interpolation: 0, interpolation_duration: 1 }
$data merge entity $(bone_ponpon2) { transformation: [-1f,8.836052603477587e-18f,1.2214549521372924e-16f,0.33125f,0f,0.9973936591249959f,-0.07215184500240879f,1.709534662364689f,-1.2246467991473532e-16f,-0.07215184500240879f,-0.9973936591249959f,-0.10232037544945512f,0f,0f,0f,1f], start_interpolation: 0, interpolation_duration: 1 }
$data merge entity $(bone_ponpon3) { transformation: [-1f,8.836052603477587e-18f,1.2214549521372924e-16f,-0.29375f,0f,0.9973936591249959f,-0.07215184500240879f,1.8409731052242893f,-1.2246467991473532e-16f,-0.07215184500240879f,-0.9973936591249959f,-0.017833700531787927f,0f,0f,0f,1f], start_interpolation: 0, interpolation_duration: 1 }
$data merge entity $(bone_ponpon4) { transformation: [-1f,8.836052603477587e-18f,1.2214549521372924e-16f,-0.33125f,0f,0.9973936591249959f,-0.07215184500240879f,1.709534662364689f,-1.2246467991473532e-16f,-0.07215184500240879f,-0.9973936591249959f,-0.1023203754494552f,0f,0f,0f,1f], start_interpolation: 0, interpolation_duration: 1 }
$data merge entity $(bone_ear_edge_a1) { transformation: [-0.9877416023094509f,0.15567278703957715f,0.011511318017017502f,0.19479503312769478f,0.15608430008575513f,0.9859371856287988f,0.05971228735447594f,1.9418587314740214f,-0.0020538582955969553f,0.060777046404823135f,-0.9981492535169315f,-0.032854720384186534f,0f,0f,0f,1f], start_interpolation: 0, interpolation_duration: 1 }
$data merge entity $(bone_ear_edge_a2) { transformation: [-0.9999334532836621f,-0.0007606324483192123f,0.011511318017017502f,0.07961002116083671f,-0.00007191285245897183f,0.9982156267898427f,0.05971228735447594f,1.9519098491346314f,-0.01153619663285951f,0.0597074858861133f,-0.9981492535169315f,-0.033581822142769543f,0f,0f,0f,1f], start_interpolation: 0, interpolation_duration: 1 }
$data merge entity $(bone_ear_edge_b1) { transformation: [-0.9708153516867638f,0.2386411098753719f,0.023832196851230662f,0.05720505709778867f,0.23845386874462635f,0.9498515606379566f,0.20229128808319716f,1.9454518689914286f,0.025637968133720324f,0.20207036752351695f,-0.9790353727822529f,-0.052135950764725714f,0f,0f,0f,1f], start_interpolation: 0, interpolation_duration: 1 }
$data merge entity $(bone_ear_edge_b2) { transformation: [-0.997044424849057f,-0.0730372594684211f,0.023832196851230662f,0.0862709587518268f,-0.06673716866532833f,0.9770488140743926f,0.20229128808319716f,1.9552002489725928f,-0.03806002096621598f,0.20010290763796032f,-0.9790353727822529f,-0.04941417307714431f,0f,0f,0f,1f], start_interpolation: 0, interpolation_duration: 1 }
$data merge entity $(bone_ear_right_2) { transformation: [-0.9961946980917455f,0.08383406161662553f,0.023832196851230662f,0.1444382460815651f,0.08692858517284362f,0.9754597151320442f,0.20229128808319716f,2.0640021547234504f,-0.006288447641798969f,0.2035932078124691f,-0.9790353727822529f,-0.057436424689451274f,0f,0f,0f,1f], start_interpolation: 0, interpolation_duration: 1 }
$data merge entity $(bone_ear_right_1) { transformation: [-0.9961946980917455f,0.08639220480695618f,0.011511318017017502f,0.125f,0.08692858517284362f,0.994423382578439f,0.05971228735447594f,1.8402568936433021f,-0.006288447641798969f,0.0604857266621537f,-0.9981492535169315f,-0.07104571318843583f,0f,0f,0f,1f], start_interpolation: 0, interpolation_duration: 1 }
$data merge entity $(bone_ear_edge_a3) { transformation: [-0.9877416023094509f,-0.15567278703957715f,-0.011511318017017255f,-0.1947950331276948f,-0.15608430008575513f,0.9859371856287988f,0.05971228735447594f,1.9418587314740214f,0.002053858295596714f,0.060777046404823086f,-0.9981492535169315f,-0.03285472038418658f,0f,0f,0f,1f], start_interpolation: 0, interpolation_duration: 1 }
$data merge entity $(bone_ear_edge_a4) { transformation: [-0.9999334532836621f,0.0007606324483192123f,-0.011511318017017255f,-0.07961002116083671f,0.00007191285245897183f,0.9982156267898427f,0.05971228735447594f,1.9519098491346314f,0.011536196632859264f,0.05970748588611329f,-0.9981492535169315f,-0.03358182214276956f,0f,0f,0f,1f], start_interpolation: 0, interpolation_duration: 1 }
$data merge entity $(bone_ear_edge_b3) { transformation: [-0.9708153516867638f,-0.23864110987537193f,-0.02383219685123042f,-0.05720505709778867f,-0.23845386874462635f,0.9498515606379566f,0.20229128808319716f,1.9454518689914286f,-0.025637968133720556f,0.20207036752351687f,-0.979035372782253f,-0.05213595076472573f,0f,0f,0f,1f], start_interpolation: 0, interpolation_duration: 1 }
$data merge entity $(bone_ear_edge_b4) { transformation: [-0.997044424849057f,0.07303725946842107f,-0.02383219685123042f,-0.08627095875182682f,0.06673716866532833f,0.9770488140743926f,0.20229128808319716f,1.9552002489725928f,0.03806002096621573f,0.2001029076379603f,-0.979035372782253f,-0.049414173077144324f,0f,0f,0f,1f], start_interpolation: 0, interpolation_duration: 1 }
$data merge entity $(bone_ear_left_2) { transformation: [-0.9961946980917455f,-0.08383406161662556f,-0.02383219685123042f,-0.1444382460815651f,-0.08692858517284362f,0.9754597151320442f,0.20229128808319716f,2.0640021547234504f,0.006288447641798724f,0.20359320781246903f,-0.979035372782253f,-0.05743642468945131f,0f,0f,0f,1f], start_interpolation: 0, interpolation_duration: 1 }
$data merge entity $(bone_ear_left_1) { transformation: [-0.9961946980917455f,-0.08639220480695618f,-0.011511318017017255f,-0.125f,-0.08692858517284362f,0.994423382578439f,0.05971228735447594f,1.8402568936433021f,0.006288447641798724f,0.06048572666215367f,-0.9981492535169315f,-0.07104571318843586f,0f,0f,0f,1f], start_interpolation: 0, interpolation_duration: 1 }
$data merge entity $(bone_head) { transformation: [-1f,8.836052603477587e-18f,1.2214549521372924e-16f,3.5506684022458013e-19f,0f,0.9973936591249959f,-0.07215184500240879f,1.3313473884980669f,-1.2246467991473532e-16f,-0.07215184500240879f,-0.9973936591249959f,-0.0028993407770452045f,0f,0f,0f,1f], start_interpolation: 0, interpolation_duration: 1 }
$data merge entity $(bone_body_1) { transformation: [-1f,3.9476352423304915e-18f,1.224010375879718e-16f,-1.1252963756493542e-18f,0f,0.9994803209643154f,-0.03223488801080435f,0.9565422681364486f,-1.2246467991473532e-16f,-0.03223488801080435f,-0.9994803209643154f,0.009188742227006426f,0f,0f,0f,1f], start_interpolation: 0, interpolation_duration: 1 }
$data merge entity $(bone_leg_left_2) { transformation: [-0.9151102538939808f,-0.4003954437500792f,0.04750486124883593f,0.18462488266422766f,-0.3863235480897009f,0.8369588686507663f,-0.38762606772276603f,0.6277759874450246f,0.11544409646871773f,-0.3730728357988651f,-0.9205918312583024f,0.3869732925701951f,0f,0f,0f,1f], start_interpolation: 0, interpolation_duration: 1 }
$data merge entity $(bone_leg_left_1) { transformation: [-0.9151102538939808f,-0.1799845850953545f,0.3608029550130474f,0.1315120644408806f,-0.3863235480897009f,0.13518299042075993f,-0.9124032416055335f,0.6632251728908762f,0.11544409646871773f,-0.97433623982122f,-0.19323962420157914f,0.08458252042256761f,0f,0f,0f,1f], start_interpolation: 0, interpolation_duration: 1 }
$data merge entity $(bone_leg_right_2) { transformation: [-0.90161405494573f,0.4324436614814928f,-0.009196497637595197f,-0.18291308566287343f,0.41443306055721085f,0.8575850978429373f,-0.30461949752913575f,0.6376602577383156f,-0.12384399154380248f,-0.2784605530451307f,-0.952429727673543f,0.3933108206953066f,0f,0f,0f,1f], start_interpolation: 0, interpolation_duration: 1 }
$data merge entity $(bone_leg_right_1) { transformation: [-0.90161405494573f,0.1930805482167194f,-0.3870555487583782f,-0.125f,0.41443306055721085f,0.12941068971172892f,-0.900831899804574f,0.6655702590424761f,-0.12384399154380248f,-0.9726113176848531f,-0.19669745923583468f,0.06508799590120462f,0f,0f,0f,1f], start_interpolation: 0, interpolation_duration: 1 }
$data merge entity $(bone_skirt_forward_right) { transformation: [-0.9824257038324614f,0.1866540555393664f,9.470410395420416e-17f,-3.2892073630795008e-18f,0.14434288393666886f,0.7597271805046933f,-0.6340187245336169f,0.8426631550775863f,-0.11834216622209603f,-0.622876291692898f,-0.773317694703002f,0.02685841636437196f,0f,0f,0f,1f], start_interpolation: 0, interpolation_duration: 1 }
$data merge entity $(bone_skirt_forward_left) { transformation: [-0.9824358047220022f,-0.18560701374710564f,0.01923346167786099f,-3.3897543150370918e-18f,-0.14430176480341414f,0.6903384700992327f,-0.7089497848054338f,0.8149812603628696f,0.11830845394498295f,-0.6992730748062107f,-0.7049966500460944f,0.02767944453369879f,0f,0f,0f,1f], start_interpolation: 0, interpolation_duration: 1 }
$data merge entity $(bone_skirt_forward) { transformation: [-1f,7.764490015995814e-17f,9.470410395420416e-17f,-3.2892073630795008e-18f,0f,0.773317694703002f,-0.6340187245336169f,0.8426631550775863f,-1.2246467991473532e-16f,-0.6340187245336169f,-0.773317694703002f,0.02685841636437196f,0f,0f,0f,1f], start_interpolation: 0, interpolation_duration: 1 }
$data merge entity $(bone_skirt_back_right) { transformation: [-0.9841657638381048f,0.17725052690742468f,1.2047769918866381e-16f,-3.524750582249129e-18f,0.17437464970841282f,0.9681977442804066f,-0.1794062694261288f,0.8610955688608611f,-0.03179985578627684f,-0.17656550818711086f,-0.9837750710861702f,0.028781772709512633f,0f,0f,0f,1f], start_interpolation: 0, interpolation_duration: 1 }
$data merge entity $(bone_skirt_back_left) { transformation: [-0.9841657638381048f,-0.17725052690742463f,1.2047769918866381e-16f,-3.524750582249129e-18f,-0.17437464970841282f,0.9681977442804066f,-0.1794062694261288f,0.8610955688608611f,0.0317998557862766f,-0.17656550818711092f,-0.9837750710861702f,0.028781772709512633f,0f,0f,0f,1f], start_interpolation: 0, interpolation_duration: 1 }
$data merge entity $(bone_skirt_back) { transformation: [-1f,2.1970931359967624e-17f,1.2047769918866381e-16f,-3.524750582249129e-18f,0f,0.9837750710861702f,-0.1794062694261288f,0.8610955688608611f,-1.2246467991473532e-16f,-0.1794062694261288f,-0.9837750710861702f,0.028781772709512633f,0f,0f,0f,1f], start_interpolation: 0, interpolation_duration: 1 }
$data merge entity $(bone_skirt_right) { transformation: [-0.9644907130008905f,0.2641167630708695f,1.1733768745061733e-16f,-0.19375f,0.253059496152323f,0.9241122412594038f,-0.28631705670751395f,0.8892144260066808f,-0.07562113422956727f,-0.2761501421681465f,-0.9581349294532301f,0.030790518608255196f,0f,0f,0f,1f], start_interpolation: 0, interpolation_duration: 1 }
$data merge entity $(bone_skirt_left) { transformation: [-0.9644907130008905f,-0.26356696045620626f,0.017032964830303397f,0.19375f,-0.2530594961523229f,0.9037238811224264f,-0.34531730060359117f,0.8902686729322755f,0.07562113422956701f,-0.33736568296863734f,-0.9383314126751479f,0.02154641348859744f,0f,0f,0f,1f], start_interpolation: 0, interpolation_duration: 1 }
$data merge entity $(bone_coat_downer) { transformation: [-1f,4.51569519397294e-17f,1.1383517698027945e-16f,-0.007812500000000009f,0f,0.9295347610391497f,-0.3687344952942304f,0.7433279746956287f,-1.2246467991473532e-16f,-0.3687344952942304f,-0.9295347610391497f,0.06397396735808514f,0f,0f,0f,1f], start_interpolation: 0, interpolation_duration: 1 }
$data merge entity $(bone_body_2) { transformation: [-1f,3.5063726703814815e-17f,1.1733768745061733e-16f,0f,0f,0.9581349294532301f,-0.28631705670751395f,0.9574112479953347f,-1.2246467991473532e-16f,-0.28631705670751395f,-0.9581349294532301f,0f,0f,0f,0f,1f], start_interpolation: 0, interpolation_duration: 1 }
$data merge entity $(bone_book_left) { transformation: [-0.35628649890200226f,0.09833577313218779f,-0.9291878208535927f,0.0010759296360312726f,-0.5294635175125731f,0.798136383218635f,0.2874833863128258f,0.5428548503787365f,0.7698885077226226f,0.5943975012608744f,-0.23230001328338767f,0.700786476200502f,0f,0f,0f,1f], start_interpolation: 0, interpolation_duration: 1 }
$data merge entity $(bone_book_right) { transformation: [-0.35628649890200226f,0.09833577313218779f,-0.9291878208535927f,-0.032325929636031425f,-0.5294635175125731f,0.798136383218635f,0.2874833863128258f,0.4932176456119328f,0.7698885077226226f,0.5943975012608744f,-0.23230001328338767f,0.7729635237994978f,0f,0f,0f,1f], start_interpolation: 0, interpolation_duration: 1 }
$data merge entity $(bone_book_loot_1) { transformation: [-0.35628649890200226f,0.09833577313218779f,-0.9291878208535927f,0.12375317312803885f,-0.5294635175125731f,0.798136383218635f,0.2874833863128258f,0.4749137400484108f,0.7698885077226226f,0.5943975012608744f,-0.23230001328338767f,0.7717200019925081f,0f,0f,0f,1f], start_interpolation: 0, interpolation_duration: 1 }
$data merge entity $(bone_book_left2) { transformation: [0.8076847240720535f,-0.4264434758680604f,-0.4071748376191956f,0.5929384039350757f,-0.1568678895890134f,0.5102708135567726f,-0.8455862830297087f,0.8947862163079915f,0.5683641893333361f,0.7468397811590359f,0.3452426531611981f,-0.4955133085447689f,0f,0f,0f,1f], start_interpolation: 0, interpolation_duration: 1 }
$data merge entity $(bone_book_right2) { transformation: [0.9034696374815077f,-0.4264434758680604f,-0.043457750040708815f,0.5109360960649246f,0.20062497820642286f,0.5102708135567726f,-0.8362854267245017f,0.8926892796826782f,0.37880368565881994f,0.7468397811590359f,0.5465693999938321f,-0.5409036914552311f,0f,0f,0f,1f], start_interpolation: 0, interpolation_duration: 1 }
$data merge entity $(bone_book_loot_2) { transformation: [0.8746912839482784f,-0.4264434758680604f,-0.23034999386689703f,0.5864897490800347f,0.0223673240033421f,0.5102708135567726f,-0.8597228621183917f,1.0226961773130936f,0.48416408437826325f,0.7468397811590359f,0.45586783246515833f,-0.5865886748697737f,0f,0f,0f,1f], start_interpolation: 0, interpolation_duration: 1 }
$data merge entity $(bone_air_staff_povit_1) { transformation: [-0.000015625f,0f,1.9135106236677393e-21f,-0.007217500000000084f,0f,0.000015625f,0f,1.1235337479953347f,-1.9135106236677393e-21f,0f,-0.000015625f,0.6875f,0f,0f,0f,1f], start_interpolation: 0, interpolation_duration: 1 }