# This file was generated by Animated Java via MC-Build. It is not recommended to edit this file directly.
$data merge entity $(bone_wing_right_1) { transformation: [-0.7950150490988707f,-0.14018260322539589f,-0.12346802786031581f,0.026149456607594476f,-0.1449022543939002f,0.8034389016154863f,0.020825764977804993f,0.6341317883026315f,0.1178933960081307f,0.04218072508026101f,-0.8070107669999316f,-0.3627849303220553f,0f,0f,0f,1f], start_interpolation: 0, interpolation_duration: 1 }
$data merge entity $(bone_wing_right_2) { transformation: [-0.7720591265251302f,0.1711613875953916f,-0.12094827218969713f,0.026149456607594476f,0.1700478656488985f,0.7814521948357169f,0.020400749366013056f,0.6341317883026315f,0.12250889166712389f,-0.006020513504747346f,-0.7905411595101371f,-0.3627849303220553f,0f,0f,0f,1f], start_interpolation: 0, interpolation_duration: 1 }
$data merge entity $(bone_wing_left_1) { transformation: [-0.7950150490988707f,0.14018260322539589f,0.12346802786031601f,-0.02614945660759438f,0.1449022543939002f,0.8034389016154863f,0.020825764977804993f,0.6341317883026315f,-0.1178933960081309f,0.042180725080261036f,-0.8070107669999316f,-0.3627849303220552f,0f,0f,0f,1f], start_interpolation: 0, interpolation_duration: 1 }
$data merge entity $(bone_wing_left_2) { transformation: [-0.7720591265251302f,-0.1711613875953916f,0.12094827218969732f,-0.02614945660759438f,-0.1700478656488985f,0.7814521948357169f,0.020400749366013056f,0.6341317883026315f,-0.12250889166712409f,-0.006020513504747388f,-0.7905411595101371f,-0.3627849303220552f,0f,0f,0f,1f], start_interpolation: 0, interpolation_duration: 1 }
$data merge entity $(bone_staff) { transformation: [0.0818994829349035f,0.5350626514693803f,1.4657444128147143f,-0.5213297927520579f,1.5495438747319292f,-0.20034779423138677f,-0.01344587770944156f,0.3006609850717009f,0.1833371347429506f,1.4542953518282227f,-0.5411273183596175f,0.15141082165939534f,0f,0f,0f,1f], start_interpolation: 0, interpolation_duration: 1 }
$data merge entity $(bone_arm_right_2) { transformation: [-0.3779648317427393f,-0.9063077870366502f,-0.18907348074865735f,-0.4516561868815824f,-0.821819863764155f,0.4224776101386595f,-0.3822627113049255f,0.5096726655220096f,0.42632698423668747f,0.01090248083038662f,-0.9045034209019854f,0.03400453154916705f,0f,0f,0f,1f], start_interpolation: 0, interpolation_duration: 1 }
$data merge entity $(bone_arm_right_1) { transformation: [-0.4215492606383001f,-0.9063077870366502f,-0.03004023987974622f,-0.2984375f,-0.9055481579702711f,0.4224776101386595f,-0.03866784876581431f,0.8449257015318816f,0.047736301196800265f,0.01090248083038662f,-0.9988004712953391f,0.00890818796195987f,0f,0f,0f,1f], start_interpolation: 0, interpolation_duration: 1 }
$data merge entity $(bone_arm_left_2) { transformation: [-0.010502804000148039f,0.9887849086384202f,0.1489768289266669f,0.3370851757362946f,0.09524678523761318f,0.14929688764263294f,-0.9841943350995894f,0.727493839516595f,-0.9953982826035186f,0.003852763830551958f,-0.09574661978801932f,0.31854901709921196f,0f,0f,0f,1f], start_interpolation: 0, interpolation_duration: 1 }
$data merge entity $(bone_arm_left_1) { transformation: [-0.046378722023172274f,0.9887849086384202f,0.14196273663327366f,0.2984375f,0.3314812660479568f,0.14929688764263294f,-0.9315742641354292f,0.8449257015318816f,-0.9423211683936326f,0.003852763830551958f,-0.33468787221547935f,0.008908187961959944f,0f,0f,0f,1f], start_interpolation: 0, interpolation_duration: 1 }
$data merge entity $(bone_himo_right_2) { transformation: [-1f,1.2847277911029596e-17f,1.217889374159055e-16f,-0.15625000000000003f,0f,0.9944821437552419f,-0.10490598530102205f,0.49440739734851263f,-1.2246467991473532e-16f,-0.10490598530102205f,-0.9944821437552419f,0.20618135792854475f,0f,0f,0f,1f], start_interpolation: 0, interpolation_duration: 1 }
$data merge entity $(bone_himo_right_1) { transformation: [-1f,-3.1592785878927596e-18f,1.2242392243929558e-16f,-0.15625000000000003f,0f,0.9996671899565808f,0.025797467401150867f,0.6820062296366287f,-1.2246467991473532e-16f,0.025797467401150867f,-0.9996671899565808f,0.20477046312903194f,0f,0f,0f,1f], start_interpolation: 0, interpolation_duration: 1 }
$data merge entity $(bone_himo_left_2) { transformation: [-1f,1.2847277911029596e-17f,1.217889374159055e-16f,0.15624999999999997f,0f,0.9944821437552419f,-0.10490598530102205f,0.49440739734851263f,-1.2246467991473532e-16f,-0.10490598530102205f,-0.9944821437552419f,0.20618135792854478f,0f,0f,0f,1f], start_interpolation: 0, interpolation_duration: 1 }
$data merge entity $(bone_himo_left_1) { transformation: [-1f,-3.1592785878927596e-18f,1.2242392243929558e-16f,0.15624999999999997f,0f,0.9996671899565808f,0.025797467401150867f,0.6820062296366287f,-1.2246467991473532e-16f,0.025797467401150867f,-0.9996671899565808f,0.20477046312903197f,0f,0f,0f,1f], start_interpolation: 0, interpolation_duration: 1 }
$data merge entity $(bone_ponpon1) { transformation: [-0.9934440384553105f,-0.007768131881415315f,-0.11405524356502199f,0.2903622525721364f,-0.00294915294015943f,0.9990980867712121f,-0.042359361504145765f,1.3853118338918788f,0.11428142873861483f,-0.0417452888021666f,-0.9925709475439448f,-0.023447636422616346f,0f,0f,0f,1f], start_interpolation: 0, interpolation_duration: 1 }
$data merge entity $(bone_ponpon2) { transformation: [-0.9934440384553105f,-0.007768131881415315f,-0.11405524356502199f,0.3178947414151666f,-0.00294915294015943f,0.9990980867712121f,-0.042359361504145765f,1.2565639761397196f,0.11428142873861483f,-0.0417452888021666f,-0.9925709475439448f,-0.11556855523228841f,0f,0f,0f,1f], start_interpolation: 0, interpolation_duration: 1 }
$data merge entity $(bone_ponpon3) { transformation: [-0.9934440384553105f,-0.007768131881415315f,-0.11405524356502199f,-0.29328612002035853f,-0.00294915294015943f,0.9990980867712121f,-0.042359361504145765f,1.3835792065395351f,0.11428142873861483f,-0.0417452888021666f,-0.9925709475439448f,0.043692702961319864f,0f,0f,0f,1f], start_interpolation: 0, interpolation_duration: 1 }
$data merge entity $(bone_ponpon4) { transformation: [-0.9934440384553105f,-0.007768131881415315f,-0.11405524356502199f,-0.34026193406147653f,-0.00294915294015943f,0.9990980867712121f,-0.042359361504145765f,1.254610162316864f,0.11428142873861483f,-0.0417452888021666f,-0.9925709475439448f,-0.03985710869295608f,0f,0f,0f,1f], start_interpolation: 0, interpolation_duration: 1 }
$data merge entity $(bone_ear_edge_a1) { transformation: [-0.9793760239389638f,0.1913859370955938f,-0.06476130646881263f,0.19241737358398792f,0.14689824607738272f,0.8945578908482705f,0.42212212121669485f,1.466092163085289f,0.1387209754611565f,0.40390296235993955f,-0.904222808805424f,0.009645380306204772f,0f,0f,0f,1f], start_interpolation: 0, interpolation_duration: 1 }
$data merge entity $(bone_ear_edge_a2) { transformation: [-0.9972576365887116f,0.035821494245072305f,-0.06476130646881263f,0.07790922768784725f,0.005149999802139871f,0.9065243473186783f,0.42212212121669485f,1.475820758698964f,0.07382874621402682f,0.4206309882408741f,-0.904222808805424f,0.02238820478956604f,0f,0f,0f,1f], start_interpolation: 0, interpolation_duration: 1 }
$data merge entity $(bone_ear_edge_b1) { transformation: [-0.9564728896567276f,0.2917745782100575f,0.005216019751902917f,0.05134794179889288f,0.17237043316377054f,0.5504481494508507f,0.8168814286890527f,1.5001449449289939f,0.23547408588344348f,0.7822240281891607f,-0.5767820425436976f,-0.036376388350906154f,0f,0f,0f,1f], start_interpolation: 0, interpolation_duration: 1 }
$data merge entity $(bone_ear_edge_b2) { transformation: [-0.9998230775611763f,-0.018072263666897598f,0.005216019751902917f,0.08093323738645562f,-0.006163809025531541f,0.5767726925932163f,0.8168814286890527f,1.5049114784774151f,-0.017771354320785027f,0.8167047534848352f,-0.5767820425436976f,-0.029358121618420933f,0f,0f,0f,1f], start_interpolation: 0, interpolation_duration: 1 }
$data merge entity $(bone_ear_right_2) { transformation: [-0.9903407212639189f,0.13855702416120397f,0.005216019751902917f,0.14422054120755534f,0.08413920530746073f,0.5706358958155024f,0.8168814286890527f,1.5887768314716886f,0.1102082117479894f,0.8094298150318102f,-0.5767820425436976f,0.03581061531464951f,0f,0f,0f,1f], start_interpolation: 0, interpolation_duration: 1 }
$data merge entity $(bone_ear_right_1) { transformation: [-0.9903407212639189f,0.12260191267232834f,-0.06476130646881263f,0.11663511085628152f,0.08413920530746073f,0.9026258964320416f,0.42212212121669485f,1.3856860047744795f,0.1102082117479894f,0.41259576112623825f,-0.904222808805424f,-0.05702343093875394f,0f,0f,0f,1f], start_interpolation: 0, interpolation_duration: 1 }
$data merge entity $(bone_ear_edge_a3) { transformation: [-0.9844150319602158f,-0.09991331073907254f,-0.14472171636601333f,-0.19086041013981672f,-0.1527279857931386f,0.8936931355123248f,0.4218847495391605f,1.4649543588819194f,0.08718490239908586f,0.43741274544222736f,-0.8950245152610933f,0.0537359692394601f,0f,0f,0f,1f], start_interpolation: 0, interpolation_duration: 1 }
$data merge entity $(bone_ear_edge_a4) { transformation: [-0.9879251346895602f,0.05531322681501723f,-0.14472171636601333f,-0.07650882912019985f,-0.011043243286465748f,0.9065822107696553f,0.4218847495391605f,1.4753623509290033f,0.15453794041053567f,0.4183887451346113f,-0.8950245152610933f,0.0401517782491274f,0f,0f,0f,1f], start_interpolation: 0, interpolation_duration: 1 }
$data merge entity $(bone_ear_edge_b3) { transformation: [-0.983930467157807f,-0.10975839808470161f,-0.14083298565499497f,-0.06412767752508206f,-0.1781307438036559f,0.5492561526077755f,0.8164478654111726f,1.4998021422656695f,-0.012258625966075798f,0.8284146141108233f,-0.5599812079141939f,-0.023092581462961448f,0f,0f,0f,1f], start_interpolation: 0, interpolation_duration: 1 }
$data merge entity $(bone_ear_edge_b4) { transformation: [-0.9696906926553105f,0.19966479591847047f,-0.14083298565499497f,-0.09137400763483673f,0.0003170807738327175f,0.5774190701088098f,0.8164478654111726f,1.5043999645937993f,0.24433554804294716f,0.791657240695437f,-0.5599812079141939f,-0.009536654700499858f,0f,0f,0f,1f], start_interpolation: 0, interpolation_duration: 1 }
$data merge entity $(bone_ear_left_2) { transformation: [-0.988986646656146f,0.0455135461959565f,-0.14083298565499497f,-0.13870103501877964f,-0.09001506635315774f,0.5703596855449868f,0.8164478654111726f,1.5879369462179003f,0.11748489505152605f,0.8201331271310117f,-0.5599812079141939f,0.06835666793619428f,0f,0f,0f,1f], start_interpolation: 0, interpolation_duration: 1 }
$data merge entity $(bone_ear_left_1) { transformation: [-0.988986646656146f,-0.031000605605482533f,-0.14472171636601333f,-0.1317258987575461f,-0.09001506635315774f,0.9021699096820489f,0.4218847495391605f,1.3849487165394396f,0.11748489505152605f,0.4302655186235319f,-0.8950245152610933f,-0.028453073754100236f,0f,0f,0f,1f], start_interpolation: 0, interpolation_duration: 1 }
$data merge entity $(bone_head) { transformation: [-0.9934440384553105f,-0.007768131881415315f,-0.11405524356502199f,-1.1847294704597849e-18f,-0.00294915294015943f,0.9990980867712121f,-0.042359361504145765f,0.8746033212337178f,0.11428142873861483f,-0.0417452888021666f,-0.9925709475439448f,0.009674050275431575f,0f,0f,0f,1f], start_interpolation: 0, interpolation_duration: 1 }
$data merge entity $(bone_body_1) { transformation: [-1f,-3.1592785878927596e-18f,1.2242392243929558e-16f,0f,0f,0.9996671899565808f,0.025797467401150867f,0.49972812499999997f,-1.2246467991473532e-16f,0.025797467401150867f,-0.9996671899565808f,0f,0f,0f,0f,1f], start_interpolation: 0, interpolation_duration: 1 }
$data merge entity $(bone_leg_left_2) { transformation: [-0.3721425141609471f,-0.6563192626892684f,-0.656319262689268f,0.3756097465494359f,-0.928175602541873f,0.2631444953310165f,0.2631444953310164f,0.09677220472996305f,9.936837351872584e-18f,0.7071067811865472f,-0.7071067811865477f,0.2296796083845573f,0f,0f,0f,1f], start_interpolation: 0, interpolation_duration: 1 }
$data merge entity $(bone_leg_left_1) { transformation: [-0.3721425141609471f,-0.6563192626892681f,0.6563192626892683f,0.15f,-0.928175602541873f,0.26314449533101647f,-0.26314449533101647f,0.18722812499999997f,9.936837351872584e-18f,-0.7071067811865476f,-0.7071067811865474f,0.07500000000000001f,0f,0f,0f,1f], start_interpolation: 0, interpolation_duration: 1 }
$data merge entity $(bone_leg_right_2) { transformation: [-0.3721425141609471f,0.6563192626892682f,0.6563192626892682f,-0.3711197235084756f,0.928175602541873f,0.2631444953310165f,0.2631444953310164f,0.08854893925086879f,-1.0108546511064308e-16f,0.7071067811865475f,-0.7071067811865475f,0.22677669529663683f,0f,0f,0f,1f], start_interpolation: 0, interpolation_duration: 1 }
$data merge entity $(bone_leg_right_1) { transformation: [-0.3721425141609471f,0.6563192626892683f,-0.6563192626892681f,-0.125f,0.928175602541873f,0.26314449533101647f,-0.26314449533101647f,0.18722812499999997f,-1.0108546511064308e-16f,-0.7071067811865474f,-0.7071067811865476f,0.04999999999999999f,0f,0f,0f,1f], start_interpolation: 0, interpolation_duration: 1 }
$data merge entity $(bone_skirt_forward_right) { transformation: [-0.9396926207859084f,0.3420201433256687f,9.71577628780522e-17f,0f,0.27134282315430625f,0.7455082795475254f,-0.6087614290087207f,0.36222812500000007f,-0.2082086712007016f,-0.5720486226585795f,-0.7933533402912352f,0f,0f,0f,0f,1f], start_interpolation: 0, interpolation_duration: 1 }
$data merge entity $(bone_skirt_forward_left) { transformation: [-0.9396926207859084f,-0.3420201433256686f,9.71577628780522e-17f,0f,-0.27134282315430625f,0.7455082795475254f,-0.6087614290087207f,0.36222812500000007f,0.20820867120070138f,-0.5720486226585795f,-0.7933533402912352f,0f,0f,0f,0f,1f], start_interpolation: 0, interpolation_duration: 1 }
$data merge entity $(bone_skirt_forward) { transformation: [-1f,7.455177354798984e-17f,9.71577628780522e-17f,0f,0f,0.7933533402912352f,-0.6087614290087207f,0.36222812500000007f,-1.2246467991473532e-16f,-0.6087614290087207f,-0.7933533402912352f,0f,0f,0f,0f,1f], start_interpolation: 0, interpolation_duration: 1 }
$data merge entity $(bone_skirt_back_right) { transformation: [-0.9063077870366499f,0.42261826174069944f,1.2060416625018976e-16f,0f,0.4161977407267834f,0.8925389352890299f,0.17364817766693033f,0.36222812500000007f,0.07338689100003813f,0.1573786956242627f,-0.984807753012208f,0f,0f,0f,0f,1f], start_interpolation: 0, interpolation_duration: 1 }
$data merge entity $(bone_skirt_back_left) { transformation: [-0.9063077870366499f,-0.42261826174069944f,1.2060416625018976e-16f,0f,-0.4161977407267834f,0.8925389352890299f,0.17364817766693033f,0.36222812500000007f,-0.07338689100003835f,0.1573786956242626f,-0.984807753012208f,0f,0f,0f,0f,1f], start_interpolation: 0, interpolation_duration: 1 }
$data merge entity $(bone_skirt_back) { transformation: [-1f,-2.1265768495757713e-17f,1.2060416625018976e-16f,0f,0f,0.984807753012208f,0.17364817766693033f,0.36222812500000007f,-1.2246467991473532e-16f,0.17364817766693033f,-0.984807753012208f,0f,0f,0f,0f,1f], start_interpolation: 0, interpolation_duration: 1 }
$data merge entity $(bone_skirt_right) { transformation: [-0.7933533402912352f,0.6087614290087207f,1.2246467991473532e-16f,-0.19375f,0.6087614290087207f,0.7933533402912352f,0f,0.4309781250000001f,-9.71577628780522e-17f,7.455177354798984e-17f,-1f,0.024999999999999977f,0f,0f,0f,1f], start_interpolation: 0, interpolation_duration: 1 }
$data merge entity $(bone_skirt_left) { transformation: [-0.7933533402912352f,-0.6087614290087207f,1.2246467991473532e-16f,0.19375f,-0.6087614290087207f,0.7933533402912352f,0f,0.4309781250000001f,-9.71577628780522e-17f,-7.455177354798984e-17f,-1f,0.025000000000000026f,0f,0f,0f,1f], start_interpolation: 0, interpolation_duration: 1 }
$data merge entity $(bone_coat_downer) { transformation: [-1f,1.0673500138322974e-17f,1.2199866483456202e-16f,-0.0078125f,0f,0.9961946980917455f,-0.08715574274765818f,0.276290625f,-1.2246467991473532e-16f,-0.08715574274765818f,-0.9961946980917455f,-9.567553118338697e-19f,0f,0f,0f,1f], start_interpolation: 0, interpolation_duration: 1 }
$data merge entity $(bone_body_2) { transformation: [-1f,0f,1.2246467991473532e-16f,0f,0f,1f,0f,0.49972812499999997f,-1.2246467991473532e-16f,0f,-1f,0f,0f,0f,0f,1f], start_interpolation: 0, interpolation_duration: 1 }
$data merge entity $(bone_book_left) { transformation: [0.060000292692701684f,0.5637440874715304f,-0.8237673025300783f,-0.01843751371997049f,-0.9981487854734341f,0.04210879871645967f,-0.043884520375240266f,0.0584729899440672f,0.009948212638374372f,0.8248754166003179f,0.5652270164754633f,0.9589086775325761f,0f,0f,0f,1f], start_interpolation: 0, interpolation_duration: 1 }
$data merge entity $(bone_book_right) { transformation: [0.060000292692701684f,0.5637440874715304f,-0.8237673025300783f,-0.01281248628002972f,-0.9981487854734341f,0.04210879871645967f,-0.043884520375240266f,-0.03510345869406724f,0.009948212638374372f,0.8248754166003179f,0.5652270164754633f,0.9598413224674237f,0f,0f,0f,1f], start_interpolation: 0, interpolation_duration: 1 }
$data merge entity $(bone_book_loot_1) { transformation: [0.060000292692701684f,0.5637440874715304f,-0.8237673025300783f,0.10794009537951166f,-0.9981487854734341f,0.04210879871645967f,-0.043884520375240266f,0.018267443681286022f,0.009948212638374372f,0.8248754166003179f,0.5652270164754633f,0.8745909475286804f,0f,0f,0f,1f], start_interpolation: 0, interpolation_duration: 1 }
$data merge entity $(bone_book_left2) { transformation: [0.015560795003414448f,-0.9825228523609227f,-0.18549044786030844f,0.5526044122657853f,0.99949084116886f,0.020452904542427652f,-0.02448953072933152f,0.10416089880479032f,0.027855342008782303f,-0.18501492719327933f,0.9823408556286553f,-0.5743192808433383f,0f,0f,0f,1f], start_interpolation: 0, interpolation_duration: 1 }
$data merge entity $(bone_book_right2) { transformation: [0.015560795003414448f,-0.9825228523609227f,-0.18549044786030844f,0.5511455877342151f,0.99949084116886f,0.020452904542427652f,-0.02448953072933152f,0.010458632445209698f,0.027855342008782303f,-0.18501492719327933f,0.9823408556286553f,-0.5769307191566616f,0f,0f,0f,1f], start_interpolation: 0, interpolation_duration: 1 }
$data merge entity $(bone_book_loot_2) { transformation: [0.015560795003414448f,-0.9825228523609227f,-0.18549044786030844f,0.5796985671790464f,0.99949084116886f,0.020452904542427652f,-0.02448953072933152f,0.06098319523439974f,0.027855342008782303f,-0.18501492719327933f,0.9823408556286553f,-0.7229761283442983f,0f,0f,0f,1f], start_interpolation: 0, interpolation_duration: 1 }
$data merge entity $(bone_air_staff_povit_1) { transformation: [-0.000015625f,0f,1.9135106236677393e-21f,-0.007217500000000084f,0f,0.000015625f,0f,0.6658506249999999f,-1.9135106236677393e-21f,0f,-0.000015625f,0.6875f,0f,0f,0f,1f], start_interpolation: 0, interpolation_duration: 1 }