execute if entity @s[tag=aj.labyria.bone.wing_right_1] run data modify entity @s {} merge value {transformation:[-0.7807926434332619f,-0.06945977353347813f,-0.22909088210930903f,0.03404689561598334f,-0.09765869577459405f,0.8059647688530992f,0.08847606993769604f,1.2262504763029227f,0.21856365558927834f,0.11198471178108521f,-0.7788669958517969f,-0.047601179946529196f,0f,0f,0f,1f],start_interpolation:0}
execute if entity @s[tag=aj.labyria.bone.wing_right_2] run data modify entity @s {} merge value {transformation:[-0.7326753766045393f,0.22983570186514557f,-0.22441555798462928f,0.03404689561598334f,0.2137513409751637f,0.7660278061399722f,0.0866704358573349f,1.2262504763029227f,0.2397856475035899f,0.019415209721685374f,-0.7629717510384949f,-0.047601179946529196f,0f,0f,0f,1f],start_interpolation:0}
execute if entity @s[tag=aj.labyria.bone.wing_left_1] run data modify entity @s {} merge value {transformation:[-0.7353987410990301f,0.19788567547728814f,0.29491421714678867f,-0.026358302960606067f,0.2280893656041858f,0.7829663226502646f,0.04339842552727242f,1.2314468457005527f,-0.27222853879173997f,0.1214472786062477f,-0.7603200810388313f,-0.04973919362969899f,0f,0f,0f,1f],start_interpolation:0}
execute if entity @s[tag=aj.labyria.bone.wing_left_2] run data modify entity @s {} merge value {transformation:[-0.7397362429160755f,-0.09659009539602192f,0.2888955596539971f,-0.026358302960606067f,-0.0870868342656827f,0.7941086512237651f,0.04251274337365461f,1.2314468457005527f,-0.29190096644922287f,0.007861521669504073f,-0.7448033446911001f,-0.04973919362969899f,0f,0f,0f,1f],start_interpolation:0}
execute if entity @s[tag=aj.labyria.bone.musket] run data modify entity @s {} merge value {transformation:[-0.000015519472373367332f,-0.0000037763915860200833f,0.000003024980645198423f,-0.7662665317571764f,-0.00000194443618819194f,0.000014173978094722204f,0.000007719013987737345f,0.9522079103496246f,-0.00000443066690520038f,0.000007007344405826785f,-0.000013983274981769835f,0.24509569567648004f,0f,0f,0f,1f],start_interpolation:0}
execute if entity @s[tag=aj.labyria.bone.omega_blade] run data modify entity @s {} merge value {transformation:[-1.7127168785460631f,-0.41675963291608764f,0.33383450697701567f,-0.7662665317571764f,-0.21458646264850567f,1.5642291783470992f,0.8518643691275436f,0.9522079103496246f,-0.48896494733768026f,0.7733250685919308f,-1.5431833313951562f,0.24509569567648004f,0f,0f,0f,1f],start_interpolation:0}
execute if entity @s[tag=aj.labyria.bone.arm_right_2] run data modify entity @s {} merge value {transformation:[-0.6204059334241314f,-0.679921001465624f,-0.39090140641613913f,-0.5659224258795803f,-0.7792124390426459f,0.59094903575085f,0.2088233990393593f,1.1880307730359223f,0.08901939459097172f,0.43415051412053385f,-0.8964311900394435f,0.21266770642265642f,0f,0f,0f,1f],start_interpolation:0}
execute if entity @s[tag=aj.labyria.bone.arm_right_1] run data modify entity @s {} merge value {transformation:[-0.7235565215930575f,-0.679921001465624f,-0.11905205511094127f,-0.30570567222746375f,-0.6367971347654288f,0.59094903575085f,0.4952460462231688f,1.4144067643728568f,-0.26637449054797974f,0.43415051412053385f,-0.8605567743468064f,0.3120575736234045f,0f,0f,0f,1f],start_interpolation:0}
execute if entity @s[tag=aj.labyria.bone.arm_left_2] run data modify entity @s {} merge value {transformation:[-0.6484918484614371f,0.7519274388238966f,0.11858941446353431f,0.5504803499147666f,0.75790081330696f,0.6523154513143642f,0.008420757993540168f,1.0979920442884992f,-0.07102590842584805f,0.09533980658818612f,-0.992907670235259f,0.21875012594410692f,0f,0f,0f,1f],start_interpolation:0}
execute if entity @s[tag=aj.labyria.bone.arm_left_1] run data modify entity @s {} merge value {transformation:[-0.6488423594710457f,0.7519274388238966f,-0.11665641559632182f,0.3022831279180298f,0.7066902613331814f,0.6523154513143642f,0.2739953038162829f,1.368317427819305f,0.2821213694367837f,0.09533980658818612f,-0.9546296947962811f,0.32666808034093214f,0f,0f,0f,1f],start_interpolation:0}
execute if entity @s[tag=aj.labyria.bone.himo_right_2] run data modify entity @s {} merge value {transformation:[-0.9957013235631653f,0.09137873324590207f,0.01512618143931451f,-0.18656326596179576f,0.08565540729715757f,0.9705841266639057f,-0.225010231475863f,1.0713147284567814f,-0.03524238152166842f,-0.22274734606373578f,-0.9742389821631258f,0.5144424002716594f,0f,0f,0f,1f],start_interpolation:0}
execute if entity @s[tag=aj.labyria.bone.himo_right_1] run data modify entity @s {} merge value {transformation:[-0.9957013235631653f,0.08751197253517884f,0.030340219471238078f,-0.1699651447397545f,0.08565540729715757f,0.9946424964746463f,-0.05787447975957284f,1.2574484810472804f,-0.03524238152166842f,-0.05502689224084226f,-0.9978627238628546f,0.4978882159523587f,0f,0f,0f,1f],start_interpolation:0}
execute if entity @s[tag=aj.labyria.bone.himo_left_2] run data modify entity @s {} merge value {transformation:[-0.9957013235631653f,0.0911755453674289f,0.016306262033731214f,0.1246612585077945f,0.08565540729715757f,0.973411948135005f,-0.21244371120080816f,1.044342313968402f,-0.03524238152166842f,-0.21013376490932206f,-0.9770372436042113f,0.5230398871167539f,0f,0f,0f,1f],start_interpolation:0}
execute if entity @s[tag=aj.labyria.bone.himo_left_1] run data modify entity @s {} merge value {transformation:[-0.9957013235631653f,0.08711242064749049f,0.03146903912570994f,0.14119151887373466f,0.08565540729715757f,0.9953075756029482f,-0.045010900325804334f,1.2306811662669186f,-0.03524238152166842f,-0.0421219196656102f,-0.9984907202515029f,0.5089014601778801f,0f,0f,0f,1f],start_interpolation:0}
execute if entity @s[tag=aj.labyria.bone.ribbon_left_himo_1] run data modify entity @s {} merge value {transformation:[-0.9996376528507964f,-0.018650720200862298f,-0.019409112265629636f,0.30697613221312636f,-0.01975387449176782f,0.9981042434291292f,0.0582898249382277f,1.6786827841587144f,0.018285170098037172f,0.05865210895402562f,-0.9981110071879434f,0.39517605929679067f,0f,0f,0f,1f],start_interpolation:0}
execute if entity @s[tag=aj.labyria.bone.ribbon_left_himo_2] run data modify entity @s {} merge value {transformation:[-0.9996376528507964f,-0.018650720200862298f,-0.019409112265629636f,0.30439835949034744f,-0.01975387449176782f,0.9981042434291292f,0.0582898249382277f,1.6864244015333227f,0.018285170098037172f,0.05865210895402562f,-0.9981110071879434f,0.26261444115464194f,0f,0f,0f,1f],start_interpolation:0}
execute if entity @s[tag=aj.labyria.bone.ribbon_left] run data modify entity @s {} merge value {transformation:[-0.9996376528507964f,-0.018650720200862298f,-0.019409112265629636f,0.3031621116282843f,-0.01975387449176782f,0.9981042434291292f,0.0582898249382277f,1.7892572852318767f,0.018285170098037172f,0.05865210895402562f,-0.9981110071879434f,0.33517586442385483f,0f,0f,0f,1f],start_interpolation:0}
execute if entity @s[tag=aj.labyria.bone.ribbon_right_himo_1] run data modify entity @s {} merge value {transformation:[-0.9996376528507964f,-0.018650720200862298f,-0.019409112265629636f,-0.29386857450350556f,-0.01975387449176782f,0.9981042434291292f,0.0582898249382277f,1.6668094709720063f,0.018285170098037172f,0.05865210895402562f,-0.9981110071879434f,0.4061665893488422f,0f,0f,0f,1f],start_interpolation:0}
execute if entity @s[tag=aj.labyria.bone.ribbon_right_himo_2] run data modify entity @s {} merge value {transformation:[-0.9996376528507964f,-0.018650720200862298f,-0.019409112265629636f,-0.2964463472262845f,-0.01975387449176782f,0.9981042434291292f,0.0582898249382277f,1.6745510883466148f,0.018285170098037172f,0.05865210895402562f,-0.9981110071879434f,0.27360497120669347f,0f,0f,0f,1f],start_interpolation:0}
execute if entity @s[tag=aj.labyria.bone.ribbon_right] run data modify entity @s {} merge value {transformation:[-0.9996376528507964f,-0.018650720200862298f,-0.019409112265629636f,-0.29662048008219355f,-0.01975387449176782f,0.9981042434291292f,0.0582898249382277f,1.777404960536816f,0.018285170098037172f,0.05865210895402562f,-0.9981110071879434f,0.3461469664826772f,0f,0f,0f,1f],start_interpolation:0}
execute if entity @s[tag=aj.labyria.bone.crown] run data modify entity @s {} merge value {transformation:[-0.978279258952307f,0.20638066252627754f,-0.019409112265629636f,0.16706011630074363f,0.2049612427196056f,0.9770328476010957f,0.0582898249382277f,2.0653641378523786f,0.03099323291558964f,0.05304561097498129f,-0.9981110071879434f,0.3708058832837572f,0f,0f,0f,1f],start_interpolation:0}
execute if entity @s[tag=aj.labyria.bone.ear_edge_a1] run data modify entity @s {} merge value {transformation:[-0.9902480699778583f,0.13795668257169247f,-0.019409112265629636f,0.1932268518562556f,0.1366272318581214f,0.9889061107220736f,0.0582898249382277f,2.0660839788471517f,0.0272352605993345f,0.05506957336275071f,-0.9981110071879434f,0.3534803668052108f,0f,0f,0f,1f],start_interpolation:0}
execute if entity @s[tag=aj.labyria.bone.ear_edge_a2] run data modify entity @s {} merge value {transformation:[-0.9996376528507963f,-0.018650720200862295f,-0.019409112265629636f,0.07789562640399052f,-0.019753874491767826f,0.9981042434291292f,0.0582898249382277f,2.0738669070680484f,0.018285170098037172f,0.05865210895402562f,-0.9981110071879434f,0.3561776040930985f,0f,0f,0f,1f],start_interpolation:0}
execute if entity @s[tag=aj.labyria.bone.ear_edge_b1] run data modify entity @s {} merge value {transformation:[-0.9744561599709876f,0.22373752178760117f,-0.019409112265629636f,0.05564780278789935f,0.2222961705796924f,0.9732351765397074f,0.0582898249382277f,2.0691141790786123f,0.031931251779431236f,0.05248630764368565f,-0.9981110071879434f,0.35633267183870276f,0f,0f,0f,1f],start_interpolation:0}
execute if entity @s[tag=aj.labyria.bone.ear_edge_b2] run data modify entity @s {} merge value {transformation:[-0.9959015772960642f,-0.08833648566856053f,-0.019409112265629636f,0.08455814928328906f,-0.08932998749699625f,0.99429495102935f,0.0582898249382277f,2.079671382114362f,0.014149264044398724f,0.0597847443523089f,-0.9981110071879434f,0.3563870278728845f,0f,0f,0f,1f],start_interpolation:0}
execute if entity @s[tag=aj.labyria.bone.ear_right_2] run data modify entity @s {} merge value {transformation:[-0.9974592471547251f,0.0685444135330452f,-0.019409112265629636f,0.13976309203922194f,0.06731181164018629f,0.9960278190504455f,0.0582898249382277f,2.187173065976003f,0.02332745762497503f,0.056835262390738016f,-0.9981110071879434f,0.33028249199353854f,0f,0f,0f,1f],start_interpolation:0}
execute if entity @s[tag=aj.labyria.bone.ear_right_1] run data modify entity @s {} merge value {transformation:[-0.9974592471547251f,0.0685444135330452f,-0.019409112265629636f,0.1243405989942868f,0.06731181164018629f,0.9960278190504455f,0.0582898249382277f,1.9630668066896528f,0.02332745762497503f,0.056835262390738016f,-0.9981110071879434f,0.3174945579556225f,0f,0f,0f,1f],start_interpolation:0}
execute if entity @s[tag=aj.labyria.bone.ear_edge_a3] run data modify entity @s {} merge value {transformation:[-0.9844128391033845f,-0.17479888034388025f,-0.019409112265629636f,-0.19710820763588832f,-0.17564857489231897f,0.9827257371448904f,0.0582898249382277f,2.0583705541347523f,0.008884838023925833f,0.06079043496766285f,-0.9981110071879434f,0.36062029689656616f,0f,0f,0f,1f],start_interpolation:0}
execute if entity @s[tag=aj.labyria.bone.ear_edge_a4] run data modify entity @s {} merge value {transformation:[-0.9996376528507964f,-0.01865072020086228f,-0.019409112265629636f,-0.0821528830758716f,-0.019753874491767826f,0.9981042434291292f,0.0582898249382277f,2.070704182895101f,0.018285170098037172f,0.058652108954025624f,-0.9981110071879434f,0.359105179111337f,0f,0f,0f,1f],start_interpolation:0}
execute if entity @s[tag=aj.labyria.bone.ear_edge_b3] run data modify entity @s {} merge value {transformation:[-0.9654321248004044f,-0.2599309499933333f,-0.019409112265629636f,-0.05974392898755426f,-0.2606303705732019f,0.9636773870147346f,0.0582898249382277f,2.06683391904601f,0.0035527930212789893f,0.061333473666644676f,-0.9981110071879434f,0.35844339409631676f,0f,0f,0f,1f],start_interpolation:0}
execute if entity @s[tag=aj.labyria.bone.ear_edge_b4] run data modify entity @s {} merge value {transformation:[-0.9985035942440651f,0.05112590970089069f,-0.019409112265629636f,-0.08902733384526773f,0.04991847740433196f,0.9970508722840095f,0.0582898249382277f,2.0762411533334277f,0.022331992640976857f,0.05723372637660771f,-0.9981110071879434f,0.35956221847970465f,0f,0f,0f,1f],start_interpolation:0}
execute if entity @s[tag=aj.labyria.bone.ear_left_2] run data modify entity @s {} merge value {transformation:[-0.9942082124109554f,-0.10570391069242847f,-0.019409112265629636f,-0.14935219412420866f,-0.10666922171112406f,0.9925844918434974f,0.0582898249382277f,2.1814598487314973f,0.013103721385765679f,0.06002257755306142f,-0.9981110071879434f,0.33557093042957054f,0f,0f,0f,1f],start_interpolation:0}
execute if entity @s[tag=aj.labyria.bone.ear_left_1] run data modify entity @s {} merge value {transformation:[-0.9942082124109554f,-0.10570391069242847f,-0.019409112265629636f,-0.1255688142184123f,-0.10666922171112406f,0.9925844918434974f,0.0582898249382277f,1.958128338066711f,0.013103721385765679f,0.06002257755306142f,-0.9981110071879434f,0.32206585048013175f,0f,0f,0f,1f],start_interpolation:0}
execute if entity @s[tag=aj.labyria.bone.head] run data modify entity @s {} merge value {transformation:[-0.9996376528507964f,-0.018650720200862298f,-0.019409112265629636f,0.009550921249180108f,-0.01975387449176782f,0.9981042434291292f,0.0582898249382277f,1.4472475905914335f,0.018285170098037172f,0.05865210895402562f,-0.9981110071879434f,0.3209119673535622f,0f,0f,0f,1f],start_interpolation:0}
execute if entity @s[tag=aj.labyria.bone.back_musket] run data modify entity @s {} merge value {transformation:[0.07909697920552235f,1.122491335530678f,1.1732065078936937f,-0.08380313472251896f,0.0009163793901718631f,1.174566679005917f,-1.123854491223319f,1.4225680320941105f,-1.623699315992457f,0.05534400466686559f,0.05651736917142871f,0.09187507496793287f,0f,0f,0f,1f],start_interpolation:0}
execute if entity @s[tag=aj.labyria.bone.body_1] run data modify entity @s {} merge value {transformation:[-0.9957013235631653f,0.08225962796288552f,0.042570269695744845f,-0.021296439236901964f,0.08565540729715757f,0.9926676827458919f,0.08528788209739646f,1.074997209561724f,-0.03524238152166842f,0.08856763087781572f,-0.9954465075057384f,0.2876991057743813f,0f,0f,0f,1f],start_interpolation:0}
execute if entity @s[tag=aj.labyria.bone.belt2] run data modify entity @s {} merge value {transformation:[-0.6453361846028113f,0.22731222123441758f,0.7292944281425449f,0.021698991910241543f,0.029396540933821512f,0.9613831082713401f,-0.27363910998185803f,0.34452006166667826f,-0.7633328580792342f,-0.155150485684101f,-0.6270975000496933f,0.6358591450291521f,0f,0f,0f,1f],start_interpolation:0}
execute if entity @s[tag=aj.labyria.bone.leg_left_2] run data modify entity @s {} merge value {transformation:[-0.8926620974506575f,0.08540941251311714f,0.4425602919706615f,0.03975918615809819f,0.013484365297889624f,0.9865031573904838f,-0.16318606665741936f,0.43704554315997596f,-0.45052475144824844f,-0.13970237189386162f,-0.8817656693360902f,0.4502444740992573f,0f,0f,0f,1f],start_interpolation:0}
execute if entity @s[tag=aj.labyria.bone.leg_left_1] run data modify entity @s {} merge value {transformation:[-0.8926620974506575f,0.20551443612489978f,0.4011461034576522f,0.11733209892878668f,0.013484365297889624f,0.9017773689489001f,-0.4319904498297532f,0.7733683503946601f,-0.45052475144824844f,-0.38021230042683246f,-0.8077537093301584f,0.3066090817696333f,0f,0f,0f,1f],start_interpolation:0}
execute if entity @s[tag=aj.labyria.bone.belt] run data modify entity @s {} merge value {transformation:[-0.987321978620503f,0.13537127815432512f,-0.08288502629401234f,-0.26270858118375245f,0.15800905083533778f,0.8879222849038636f,-0.4320036525600424f,0.6359078063449682f,0.015114575316906131f,-0.43962328535004425f,-0.8980550743640521f,0.3666209291476552f,0f,0f,0f,1f],start_interpolation:0}
execute if entity @s[tag=aj.labyria.bone.leg_right_2] run data modify entity @s {} merge value {transformation:[-0.9232923279957441f,-0.135385734287815f,0.35944676937698056f,-0.19123467372299746f,0.09123780731188805f,0.8317315108106171f,0.5476297621948678f,0.5009459877496303f,-0.37310446202252523f,0.5384174930999529f,-0.7555790253460217f,0.3410116647661442f,0f,0f,0f,1f],start_interpolation:0}
execute if entity @s[tag=aj.labyria.bone.leg_right_1] run data modify entity @s {} merge value {transformation:[-0.9232923279957441f,0.22340039015118607f,0.3124476640087055f,-0.09586080113833047f,0.09123780731188805f,0.9177354332799065f,-0.386571257363324f,0.7928106564733077f,-0.37310446202252523f,-0.3284112363833494f,-0.8677206464272023f,0.17636910833700353f,0f,0f,0f,1f],start_interpolation:0}
execute if entity @s[tag=aj.labyria.bone.skirt_forward_right] run data modify entity @s {} merge value {transformation:[-0.8585910401965507f,0.20067950609356922f,0.47175116484037f,-0.0033045386305673163f,0.13182355690085468f,0.9756807403161157f,-0.1751275044708955f,0.9793480334655936f,-0.49542302685706086f,-0.08817498970931327f,-0.8641650280181156f,0.2773405709575348f,0f,0f,0f,1f],start_interpolation:0}
execute if entity @s[tag=aj.labyria.bone.skirt_forward_left] run data modify entity @s {} merge value {transformation:[-0.8816565427614714f,0.011514298834218215f,0.47175116484037f,-0.0033045386305673163f,-0.08089156532240598f,0.9812170564342465f,-0.1751275044708955f,0.9793480334655936f,-0.4649067597546638f,-0.19256300030085977f,-0.8641650280181156f,0.2773405709575348f,0f,0f,0f,1f],start_interpolation:0}
execute if entity @s[tag=aj.labyria.bone.skirt_forward] run data modify entity @s {} merge value {transformation:[-0.8752492681557511f,0.10672186778995234f,0.47175116484037f,-0.0033045386305673163f,0.025616003602762883f,0.9842124656481546f,-0.1751275044708955f,0.9793480334655936f,-0.4829933114984568f,-0.1411958405839358f,-0.8641650280181156f,0.2773405709575348f,0f,0f,0f,1f],start_interpolation:0}
execute if entity @s[tag=aj.labyria.bone.skirt_back_right] run data modify entity @s {} merge value {transformation:[-0.8755309829674831f,0.044838509275667134f,0.48107692311098077f,-0.0033045386305673163f,0.13228072184003314f,0.9798864829679754f,0.149413155800055f,0.9793480334655936f,-0.4647013110520267f,0.19445304981559852f,-0.8638522460027177f,0.2773405709575348f,0f,0f,0f,1f],start_interpolation:0}
execute if entity @s[tag=aj.labyria.bone.skirt_back_left] run data modify entity @s {} merge value {transformation:[-0.8647165999905391f,-0.14432669798368386f,0.48107692311098077f,-0.0033045386305673163f,-0.08134873026158447f,0.9854227990861062f,0.149413155800055f,0.9793480334655936f,-0.4956284755596979f,0.09006503922405205f,-0.8638522460027177f,0.2773405709575348f,0f,0f,0f,1f],start_interpolation:0}
execute if entity @s[tag=aj.labyria.bone.skirt_back] run data modify entity @s {} merge value {transformation:[-0.8752492681557511f,-0.05003711265544297f,0.48107692311098077f,-0.0033045386305673163f,0.025616003602762883f,0.9884429822874418f,0.149413155800055f,0.9793480334655936f,-0.4829933114984568f,0.1430970234624563f,-0.8638522460027177f,0.2773405709575348f,0f,0f,0f,1f],start_interpolation:0}
execute if entity @s[tag=aj.labyria.bone.skirt_right] run data modify entity @s {} merge value {transformation:[-0.8702295531565778f,0.09369038401484148f,0.48365549387560397f,-0.17569730685973492f,0.13685006039914316f,0.9890840982254159f,0.05463247757851521f,1.015431739358334f,-0.47325742020770667f,0.11373108010024185f,-0.8735517475442303f,0.19050906742839832f,0f,0f,0f,1f],start_interpolation:0}
execute if entity @s[tag=aj.labyria.bone.skirt_left] run data modify entity @s {} merge value {transformation:[-0.8699112164744306f,-0.09894512605409687f,0.4831814746884601f,0.16703513492990849f,-0.08014913196613921f,0.995008025495427f,0.059457092468150785f,1.008220819963645f,-0.4866524345948047f,0.012995815858602607f,-0.8734990078260643f,0.37133758851541654f,0f,0f,0f,1f],start_interpolation:0}
execute if entity @s[tag=aj.labyria.bone.coat_downer] run data modify entity @s {} merge value {transformation:[-0.8752492681557511f,0.0011485353532227254f,0.4836707552244237f,-0.0027826070901697474f,0.025616003602762883f,0.9987038133528118f,0.04398310532438208f,0.8494347181368088f,-0.4829933114984568f,0.05088589255476261f,-0.8741442026271522f,0.2695046857347609f,0f,0f,0f,1f],start_interpolation:0}
execute if entity @s[tag=aj.labyria.bone.body_2] run data modify entity @s {} merge value {transformation:[-0.8752492681557511f,-0.0040102165487194245f,0.48365549387560397f,-0.0037037037037037403f,0.025616003602762883f,0.9981778963456647f,0.05463247757851521f,1.0787037037037037f,-0.4829933114984568f,0.060206356891744445f,-0.8735517475442303f,0.28333333333333344f,0f,0f,0f,1f],start_interpolation:0}
execute if entity @s[tag=aj.labyria.bone.sphere] run data modify entity @s {} merge value {transformation:[-0.9992479525042302f,0f,-0.03877537125681657f,0.7932148723667294f,0f,1f,0f,2.0474537037037037f,0.03877537125681657f,0f,-0.9992479525042302f,-0.16148807006859134f,0f,0f,0f,1f],start_interpolation:0}