execute if entity @s[tag=aj.labyria.bone.wing_right_1] run data modify entity @s {} merge value {transformation:[0.1776471212793214f,0.07522753608625703f,-0.793553251244052f,-0.286753332227982f,-0.5029988296254984f,0.6412896303242903f,-0.05180957323080819f,1.168412279780832f,0.6183673035833909f,0.5000328712168535f,0.18583177878414808f,0.8879130196142723f,0f,0f,0f,1f],start_interpolation:0}
execute if entity @s[tag=aj.labyria.bone.wing_right_2] run data modify entity @s {} merge value {transformation:[0.18897587370844685f,0.001487579510594944f,-0.777358286932949f,-0.286753332227982f,-0.21482390859966446f,0.7689440154759676f,-0.050752235001608026f,1.168412279780832f,0.7470868807910445f,0.220732616916701f,0.18203929350283896f,0.8879130196142723f,0f,0f,0f,1f],start_interpolation:0}
execute if entity @s[tag=aj.labyria.bone.wing_left_1] run data modify entity @s {} merge value {transformation:[-0.6760831454806561f,0.16311525531000973f,-0.4280764398172093f,-0.32033316628288616f,-0.04254813104044351f,0.7374842787331956f,0.3482111997204974f,1.1316585631174476f,0.45612024882303975f,0.3105717252921991f,-0.6020331938581788f,0.9603016752329795f,0f,0f,0f,1f],start_interpolation:0}
execute if entity @s[tag=aj.labyria.bone.wing_left_2] run data modify entity @s {} merge value {transformation:[-0.6730196435839065f,-0.10582234075636195f,-0.41934018594338873f,-0.32033316628288616f,-0.3149704775664841f,0.6514914277647398f,0.3411048487057934f,1.1316585631174476f,0.2963750286574975f,0.4520625529126534f,-0.5897468021467874f,0.9603016752329795f,0f,0f,0f,1f],start_interpolation:0}
execute if entity @s[tag=aj.labyria.bone.musket] run data modify entity @s {} merge value {transformation:[-0.000015636471704545826f,-0.000003429161532451795f,-0.000002829711624846357f,0.06732129742607722f,-0.000004231595631614432f,0.000014652867047122616f,0.000005626077654312122f,0.6077360007153343f,0.0000013638237077934455f,0.000006148170666645592f,-0.000014986849115486524f,1.816212570327707f,0f,0f,0f,1f],start_interpolation:0}
execute if entity @s[tag=aj.labyria.bone.omega_blade] run data modify entity @s {} merge value {transformation:[-1.7256288335705061f,-0.378439594761606f,-0.3122847700421399f,0.06732129742607722f,-0.4669955966985813f,1.6170789899897267f,0.6208895461605486f,0.6077360007153343f,0.15051052171771023f,0.6785073241933254f,-1.6539369908197175f,1.816212570327707f,0f,0f,0f,1f],start_interpolation:0}
execute if entity @s[tag=aj.labyria.bone.arm_right_2] run data modify entity @s {} merge value {transformation:[0.25785785717572923f,0.9590623934778661f,-0.1170839481280337f,-0.02334612496816528f,-0.6800029498620552f,0.266230844591131f,0.6831669821992257f,0.8162625180753516f,0.6863711194912303f,-0.09654254401454307f,0.7208149717670654f,1.6038499844360616f,0f,0f,0f,1f],start_interpolation:0}
execute if entity @s[tag=aj.labyria.bone.arm_right_1] run data modify entity @s {} merge value {transformation:[0.2545482549823451f,0.9590623934778661f,-0.12411491168248023f,-0.10717769752102135f,-0.6610023607914624f,0.266230844591131f,0.7015675423053772f,1.034196593118854f,0.7058902640733592f,-0.09654254401454307f,0.701711103148328f,1.3720461099269552f,0f,0f,0f,1f],start_interpolation:0}
execute if entity @s[tag=aj.labyria.bone.arm_left_2] run data modify entity @s {} merge value {transformation:[-0.15740088296568422f,0.11315414262132875f,-0.9810306325743631f,0.11044327169747725f,-0.3699580938480425f,0.9143120723989312f,0.1648163919696548f,1.4730790239262113f,0.9156178082791673f,0.38888246845699265f,-0.10205123658657997f,0.4972857996557284f,0f,0f,0f,1f],start_interpolation:0}
execute if entity @s[tag=aj.labyria.bone.arm_left_1] run data modify entity @s {} merge value {transformation:[0.013566609983570954f,0.11315414262132875f,-0.993484819763838f,0.11557256646940292f,-0.392781525778529f,0.9143120723989312f,0.09877300882661545f,1.3245752909284636f,0.9195317395830578f,0.38888246845699265f,0.0568489720764736f,0.8449444520511905f,0f,0f,0f,1f],start_interpolation:0}
execute if entity @s[tag=aj.labyria.bone.himo_right_2] run data modify entity @s {} merge value {transformation:[-0.3822173949771166f,-0.3429300214062607f,-0.8580844150753515f,0.14831846877391064f,-0.4183436349279456f,0.892196140878136f,-0.17021941521881492f,0.8524283840555493f,0.8239529513826507f,0.293913331818179f,-0.4844754764560909f,1.1722494271486819f,0f,0f,0f,1f],start_interpolation:0}
execute if entity @s[tag=aj.labyria.bone.himo_right_1] run data modify entity @s {} merge value {transformation:[-0.3822173949771166f,-0.10833524055198557f,-0.9177000264963765f,0.12226998600481101f,-0.4183436349279456f,0.9057914545386909f,0.06730857300490564f,1.0226849603628345f,0.8239529513826507f,0.4096404722915282f,-0.39153060846962273f,1.2466099494004084f,0f,0f,0f,1f],start_interpolation:0}
execute if entity @s[tag=aj.labyria.bone.himo_left_2] run data modify entity @s {} merge value {transformation:[-0.3822173949771166f,-0.3049143355418505f,-0.8723170931249591f,0.26020920036874623f,-0.4183436349279456f,0.8988109102385109f,-0.13087226884062733f,0.9836306672808781f,0.8239529513826507f,0.31490664587666517f,-0.4711001361605915f,0.9114993738696905f,0f,0f,0f,1f],start_interpolation:0}
execute if entity @s[tag=aj.labyria.bone.himo_left_1] run data modify entity @s {} merge value {transformation:[-0.3822173949771166f,-0.06792773836860944f,-0.9215723983155272f,0.24171292193515995f,-0.4183436349279456f,0.9019615008188455f,0.1070236149449731f,1.1534173462778177f,0.8239529513826507f,0.4264402342658837f,-0.37316251219418795f,0.98912465209333f,0f,0f,0f,1f],start_interpolation:0}
execute if entity @s[tag=aj.labyria.bone.ribbon_left_himo_1] run data modify entity @s {} merge value {transformation:[-0.9995629541313296f,0.005467443567064717f,0.029051812148131795f,0.3071344301120588f,0.011483916764040841f,0.9773799765103552f,0.21117883694247047f,1.5050023066482454f,-0.02724005110138289f,0.2114201706967878f,-0.9770156042963362f,1.2650636040064989f,0f,0f,0f,1f],start_interpolation:0}
execute if entity @s[tag=aj.labyria.bone.ribbon_left_himo_2] run data modify entity @s {} merge value {transformation:[-0.9995629541313296f,0.005467443567064717f,0.029051812148131795f,0.3109928739129826f,0.011483916764040841f,0.9773799765103552f,0.21117883694247047f,1.5330494959296672f,-0.02724005110138289f,0.2114201706967878f,-0.9770156042963362f,1.1353037190608917f,0f,0f,0f,1f],start_interpolation:0}
execute if entity @s[tag=aj.labyria.bone.ribbon_left] run data modify entity @s {} merge value {transformation:[-0.9995629541313296f,0.005467443567064717f,0.029051812148131795f,0.3091171961735678f,0.011483916764040841f,0.9773799765103552f,0.21117883694247047f,1.6235304148957979f,-0.02724005110138289f,0.2114201706967878f,-0.9770156042963362f,1.2227735742194148f,0f,0f,0f,1f],start_interpolation:0}
execute if entity @s[tag=aj.labyria.bone.ribbon_right_himo_1] run data modify entity @s {} merge value {transformation:[-0.9995629541313296f,0.005467443567064717f,0.029051812148131795f,-0.29366537800550346f,0.011483916764040841f,0.9773799765103552f,0.21117883694247047f,1.5119048583682317f,-0.02724005110138289f,0.2114201706967878f,-0.9770156042963362f,1.248690630791374f,0f,0f,0f,1f],start_interpolation:0}
execute if entity @s[tag=aj.labyria.bone.ribbon_right_himo_2] run data modify entity @s {} merge value {transformation:[-0.9995629541313296f,0.005467443567064717f,0.029051812148131795f,-0.2898069342045797f,0.011483916764040841f,0.9773799765103552f,0.21117883694247047f,1.5399520476496535f,-0.02724005110138289f,0.2114201706967878f,-0.9770156042963362f,1.118930745845767f,0f,0f,0f,1f],start_interpolation:0}
execute if entity @s[tag=aj.labyria.bone.ribbon_right] run data modify entity @s {} merge value {transformation:[-0.9995629541313296f,0.005467443567064717f,0.029051812148131795f,-0.29062057630522986f,0.011483916764040841f,0.9773799765103552f,0.21117883694247047f,1.6304207649542224f,-0.02724005110138289f,0.2114201706967878f,-0.9770156042963362f,1.2064295435585852f,0f,0f,0f,1f],start_interpolation:0}
execute if entity @s[tag=aj.labyria.bone.crown] run data modify entity @s {} merge value {transformation:[-0.9834728911649676f,0.17870944170504602f,0.029051812148131795f,0.17906224735155624f,0.18078823183074244f,0.9605826950654169f,0.21117883694247047f,1.9122503906385133f,0.00983298404012328f,0.2129408870704063f,-0.9770156042963362f,1.298534996464665f,0f,0f,0f,1f],start_interpolation:0}
execute if entity @s[tag=aj.labyria.bone.ear_edge_a1] run data modify entity @s {} merge value {transformation:[-0.9864013788767952f,0.1617662262676191f,0.029051812148131795f,0.20592900079036403f,0.16423844445863903f,0.9635503267548782f,0.21117883694247047f,1.8978387371940528f,0.006168720431614679f,0.21307852038556446f,-0.9770156042963362f,1.27899612394826f,0f,0f,0f,1f],start_interpolation:0}
execute if entity @s[tag=aj.labyria.bone.ear_edge_a2] run data modify entity @s {} merge value {transformation:[-0.9995629541313297f,0.005467443567064731f,0.029051812148131795f,0.09084942747863656f,0.011483916764040841f,0.9773799765103552f,0.21117883694247047f,1.9090109444045065f,-0.02724005110138289f,0.2114201706967878f,-0.9770156042963362f,1.27798904031845f,0f,0f,0f,1f],start_interpolation:0}
execute if entity @s[tag=aj.labyria.bone.ear_edge_b1] run data modify entity @s {} merge value {transformation:[-0.9685489682256105f,0.24712120176143304f,0.029051812148131795f,0.06849908949915307f,0.24759241199560197f,0.945569403243266f,0.21117883694247047f,1.9050454810948219f,0.02471626329576066f,0.21173005287431326f,-0.9770156042963362f,1.2764673248580556f,0f,0f,0f,1f],start_interpolation:0}
execute if entity @s[tag=aj.labyria.bone.ear_edge_b2] run data modify entity @s {} merge value {transformation:[-0.9975094585965576f,-0.0642718618161343f,0.029051812148131795f,0.09764847176734603f,-0.0567226381494951f,0.9758002055487525f,0.21117883694247047f,1.9144861654453331f,-0.041921621292169066f,0.20900499187746882f,-0.9770156042963362f,1.2793746633964378f,0f,0f,0f,1f],start_interpolation:0}
execute if entity @s[tag=aj.labyria.bone.ear_right_2] run data modify entity @s {} merge value {transformation:[-0.9952827962095347f,0.09256428998398511f,0.029051812148131795f,0.15688957055537286f,0.09662449479311312f,0.9726598613254285f,0.21117883694247047f,2.0227899274657126f,-0.008709912474030627f,0.21298978000401703f,-0.9770156042963362f,1.2725605693355775f,0f,0f,0f,1f],start_interpolation:0}
execute if entity @s[tag=aj.labyria.bone.ear_right_1] run data modify entity @s {} merge value {transformation:[-0.9952827962095347f,0.09256428998398511f,0.029051812148131795f,0.13606260530897624f,0.09662449479311312f,0.9726598613254285f,0.21117883694247047f,1.8039414586674916f,-0.008709912474030627f,0.21298978000401703f,-0.9770156042963362f,1.2246378688346737f,0f,0f,0f,1f],start_interpolation:0}
execute if entity @s[tag=aj.labyria.bone.ear_edge_a3] run data modify entity @s {} merge value {transformation:[-0.9881119720958981f,-0.15096596573951565f,0.029051812148131795f,-0.1843768906036957f,-0.14155338307422266f,0.9671432875059767f,0.21117883694247047f,1.9023229373644956f,-0.05997808217171792f,0.20455595474213775f,-0.9770156042963362f,1.2683595228389435f,0f,0f,0f,1f],start_interpolation:0}
execute if entity @s[tag=aj.labyria.bone.ear_edge_a4] run data modify entity @s {} merge value {transformation:[-0.9995629541313296f,0.005467443567064717f,0.029051812148131795f,-0.06918712224893271f,0.011483916764040841f,0.9773799765103552f,0.21117883694247047f,1.9108495943951644f,-0.02724005110138289f,0.21142017069678784f,-0.9770156042963362f,1.2736277304333148f,0f,0f,0f,1f],start_interpolation:0}
execute if entity @s[tag=aj.labyria.bone.ear_edge_b3] run data modify entity @s {} merge value {transformation:[-0.9711943568492676f,-0.2365111275078769f,0.029051812148131795f,-0.04688401953727499f,-0.22530682128148577f,0.9511258250681971f,0.21117883694247047f,1.9063711104758165f,-0.0775780736301838f,0.19855012327695654f,-0.9770156042963362f,1.273322908817627f,0f,0f,0f,1f],start_interpolation:0}
execute if entity @s[tag=aj.labyria.bone.ear_edge_b4] run data modify entity @s {} merge value {transformation:[-0.9967466794292907f,0.07518011211479052f,0.029051812148131795f,-0.07592404004778461f,0.07963452318946168f,0.9741980504722914f,0.21117883694247047f,1.916480329264602f,-0.012425770119791138f,0.21280533169635335f,-0.9770156042963362f,1.274644471994188f,0f,0f,0f,1f],start_interpolation:0}
execute if entity @s[tag=aj.labyria.bone.ear_left_2] run data modify entity @s {} merge value {transformation:[-0.9962358344195716f,-0.08167101339673372f,0.029051812148131795f,-0.13220411123812123f,-0.07374406080578431f,0.974661639915873f,0.21117883694247047f,2.0261113068395726f,-0.04556287649186107f,0.20824152623156666f,-0.9770156042963362f,1.2646821994614306f,0f,0f,0f,1f],start_interpolation:0}
execute if entity @s[tag=aj.labyria.bone.ear_left_1] run data modify entity @s {} merge value {transformation:[-0.9962358344195716f,-0.08167101339673372f,0.029051812148131795f,-0.11382813322385617f,-0.07374406080578431f,0.974661639915873f,0.21117883694247047f,1.8068124378585018f,-0.04556287649186107f,0.20824152623156666f,-0.9770156042963362f,1.217827856059328f,0f,0f,0f,1f],start_interpolation:0}
execute if entity @s[tag=aj.labyria.bone.head] run data modify entity @s {} merge value {transformation:[-0.9995629541313296f,0.005467443567064717f,0.029051812148131795f,0.007407302084810247f,0.011483916764040841f,0.9773799765103552f,0.21117883694247047f,1.2978703716469873f,-0.02724005110138289f,0.2114201706967878f,-0.9770156042963362f,1.1434117625991576f,0f,0f,0f,1f],start_interpolation:0}
execute if entity @s[tag=aj.labyria.bone.back_musket] run data modify entity @s {} merge value {transformation:[-1.4933290921478135f,0.3706828416172289f,0.5246132805224847f,-0.23790429723774492f,0.25147524812323285f,1.5590403924498f,-0.3857588559143312f,1.2599826505909486f,-0.5910880329962238f,-0.27321040658355517f,-1.4895058414145625f,1.1304233724507904f,0f,0f,0f,1f],start_interpolation:0}
execute if entity @s[tag=aj.labyria.bone.body_1] run data modify entity @s {} merge value {transformation:[-0.3822173949771166f,0.052942728856923985f,-0.9225545677292423f,-0.01244622123653625f,-0.4183436349279456f,0.880275710207462f,0.22383761331380977f,0.967766980319189f,0.8239529513826507f,0.4714994607419302f,-0.314308435184117f,0.9665994648209338f,0f,0f,0f,1f],start_interpolation:0}
execute if entity @s[tag=aj.labyria.bone.belt2] run data modify entity @s {} merge value {transformation:[-0.9441983524489507f,0.09937213828597345f,0.3140296950372054f,0.19241885149037574f,0.037088394247062076f,0.9794163204751467f,-0.19841401714369805f,0.30161344262395307f,-0.3272826335827511f,-0.1756953309550329f,-0.9284488291961707f,1.1437825284289023f,0f,0f,0f,1f],start_interpolation:0}
execute if entity @s[tag=aj.labyria.bone.leg_left_2] run data modify entity @s {} merge value {transformation:[-0.9978114153829293f,-0.015399087223048228f,-0.06430588965415274f,0.11192278422608407f,-0.009598526919530947f,0.9959355353678512f,-0.08955600299548339f,0.4051997770041873f,0.06542360134148958f,-0.08874276029203126f,-0.9939036547287976f,0.9821341572929736f,0f,0f,0f,1f],start_interpolation:0}
execute if entity @s[tag=aj.labyria.bone.leg_left_1] run data modify entity @s {} merge value {transformation:[-0.9978114153829293f,-0.04142590211682447f,-0.05153905281747418f,0.09685995449130239f,-0.009598526919530947f,0.8619169459498459f,-0.5069586241158796f,0.7086624622757877f,0.06542360134148958f,-0.5053544032837725f,-0.8604281954173818f,0.7969247152074652f,0f,0f,0f,1f],start_interpolation:0}
execute if entity @s[tag=aj.labyria.bone.belt] run data modify entity @s {} merge value {transformation:[-0.8610465072954502f,-0.15167637483851343f,-0.485379428478539f,-0.19341232214459625f,-0.3199956417538554f,0.9034259679104543f,0.2853494520120855f,0.4524299091060773f,0.3952236095336976f,0.4010184507237866f,-0.8264275531746563f,0.8271133786541017f,0f,0f,0f,1f],start_interpolation:0}
execute if entity @s[tag=aj.labyria.bone.leg_right_2] run data modify entity @s {} merge value {transformation:[-0.9913336071716332f,0.015536661841212534f,-0.13044650792915027f,-0.14113894094187415f,-0.07985446708580132f,0.7171987021921308f,0.692278329619212f,0.38215545423103425f,0.10431176049957529f,0.6966955100420523f,-0.7097425046513164f,0.6110172310185605f,0f,0f,0f,1f],start_interpolation:0}
execute if entity @s[tag=aj.labyria.bone.leg_right_1] run data modify entity @s {} merge value {transformation:[-0.9913336071716332f,-0.02248072493816969f,-0.12943066212583637f,-0.15100180139430158f,-0.07985446708580132f,0.8854474863179738f,0.4578274926865192f,0.7454263453319654f,0.10431176049957529f,0.4641953963358927f,-0.879569036882292f,0.7953820456397459f,0f,0f,0f,1f],start_interpolation:0}
execute if entity @s[tag=aj.labyria.bone.skirt_forward_right] run data modify entity @s {} merge value {transformation:[-0.9295247676330708f,0.36460555783158f,0.055195050095167036f,-0.017608800277354855f,0.3682930653064324f,0.9103631953240192f,0.1886771598435637f,0.8842536207595277f,0.018545198944135158f,0.19570804735054745f,-0.9804868361168132f,0.9075881509588106f,0f,0f,0f,1f],start_interpolation:0}
execute if entity @s[tag=aj.labyria.bone.skirt_forward_left] run data modify entity @s {} merge value {transformation:[-0.9752169939036884f,-0.21425527122207577f,0.055195050095167036f,-0.017608800277354855f,-0.20052943067854906f,0.9613474277206464f,0.1886771598435637f,0.8842536207595277f,-0.09348669548759471f,0.17293294066906803f,-0.9804868361168132f,0.9075881509588106f,0f,0f,0f,1f],start_interpolation:0}
execute if entity @s[tag=aj.labyria.bone.skirt_forward] run data modify entity @s {} merge value {transformation:[-0.9953794549761968f,0.07857001372203869f,0.055195050095167036f,-0.017608800277354855f,0.08766987660626545f,0.9781180512030277f,0.1886771598435637f,0.8842536207595277f,-0.03916290779719417f,0.1926443117626631f,-0.9804868361168132f,0.9075881509588106f,0f,0f,0f,1f],start_interpolation:0}
execute if entity @s[tag=aj.labyria.bone.skirt_back_right] run data modify entity @s {} merge value {transformation:[-0.9445107743851363f,0.31529409734461533f,0.09213592811728945f,-0.017608800277354855f,0.2720772811012437f,0.5937651235660067f,0.7572429802548186f,0.8842536207595277f,0.18404714118655835f,0.740292246492079f,-0.646601917415009f,0.9075881509588106f,0f,0f,0f,1f],start_interpolation:0}
execute if entity @s[tag=aj.labyria.bone.skirt_back_left] run data modify entity @s {} merge value {transformation:[-0.9602309871516229f,-0.26356673170904044f,0.09213592811728945f,-0.017608800277354855f,-0.10431364647336029f,0.6447493559626339f,0.7572429802548186f,0.8842536207595277f,-0.2589886377300179f,0.7175171398105996f,-0.646601917415009f,0.9075881509588106f,0f,0f,0f,1f],start_interpolation:0}
execute if entity @s[tag=aj.labyria.bone.skirt_back] run data modify entity @s {} merge value {transformation:[-0.9953794549761968f,0.027031673297356503f,0.09213592811728945f,-0.017608800277354855f,0.08766987660626545f,0.6472225750007818f,0.7572429802548186f,0.8842536207595277f,-0.03916290779719417f,0.7618216504196389f,-0.646601917415009f,0.9075881509588106f,0f,0f,0f,1f],start_interpolation:0}
execute if entity @s[tag=aj.labyria.bone.skirt_right] run data modify entity @s {} merge value {transformation:[-0.9172024081361974f,0.3897801693812834f,0.08252976472920906f,-0.20843544145582815f,0.36373815046361974f,0.7346669330484f,0.5726770952138415f,0.9499874868653807f,0.16258628603441844f,0.5552800347953779f,-0.8156161980681712f,0.9575792811286751f,0f,0f,0f,1f],start_interpolation:0}
execute if entity @s[tag=aj.labyria.bone.skirt_left] run data modify entity @s {} merge value {transformation:[-0.9515675142912413f,-0.2841569710617123f,0.11736303311784964f,0.17909833108529355f,-0.19792349841215995f,0.8583206085842948f,0.47340471232950104f,0.9262264569448216f,-0.23525635915290366f,0.42724764326619635f,-0.8729913497862398f,0.9492478809243287f,0f,0f,0f,1f],start_interpolation:0}
execute if entity @s[tag=aj.labyria.bone.coat_downer] run data modify entity @s {} merge value {transformation:[-0.9953794549761968f,0.00766173231175199f,0.09571331396034932f,-0.023857884939526126f,0.08766987660626545f,0.4790819359937404f,0.8733810688012033f,0.7804682633537314f,-0.03916290779719417f,0.8777367466743504f,-0.47754001946475205f,0.8340839309177899f,0f,0f,0f,1f],start_interpolation:0}
execute if entity @s[tag=aj.labyria.bone.body_2] run data modify entity @s {} merge value {transformation:[-0.9953794549761968f,0.04907727116528328f,0.08252976472920906f,-0.012585449218750119f,0.08766987660626545f,0.8150797122694683f,0.5726770952138415f,0.967681884765625f,-0.03916290779719417f,0.5772663892014589f,-0.8156161980681712f,0.9666748046875f,0f,0f,0f,1f],start_interpolation:0}
execute if entity @s[tag=aj.labyria.bone.sphere] run data modify entity @s {} merge value {transformation:[-0.9913276667363272f,0f,-0.13141330664399795f,0.6094526642741793f,0f,1f,0f,1.936431884765625f,0.13141330664399795f,0f,-0.9913276667363272f,0.024654610752698702f,0f,0f,0f,1f],start_interpolation:0}