execute if entity @s[tag=aj.axia.bone.wing_right_1] run data modify entity @s {} merge value {transformation:[-0.11543027439147892f,0.22901134301896572f,0.7753541777581404f,0.39756817926099297f,-0.11229969793037646f,0.7710826837930893f,-0.24446823319940175f,1.1280203487064386f,-0.8006304228813058f,-0.14117274513000194f,-0.07749597688787095f,0.09420125252910043f,0f,0f,0f,1f],start_interpolation:0}
execute if entity @s[tag=aj.axia.bone.wing_right_2] run data modify entity @s {} merge value {transformation:[-0.020145774770265044f,0.25041441715088614f,0.7595306231100152f,0.39756817926099297f,0.1829046586526057f,0.741077359937181f,-0.23947908558308745f,1.1280203487064386f,-0.7785499557524103f,0.16762149704474041f,-0.07591442633913889f,0.09420125252910043f,0f,0f,0f,1f],start_interpolation:0}
execute if entity @s[tag=aj.axia.bone.wing_left_1] run data modify entity @s {} merge value {transformation:[0.11543027439148017f,0.2290113430189655f,0.7753541777581402f,0.397568179260993f,0.11229969793037646f,0.7710826837930893f,-0.24446823319940175f,1.1280203487064386f,-0.8006304228813056f,0.14117274513000233f,0.07749597688787216f,0.04329874747090018f,0f,0f,0f,1f],start_interpolation:0}
execute if entity @s[tag=aj.axia.bone.wing_left_2] run data modify entity @s {} merge value {transformation:[0.020145774770266266f,0.2504144171508864f,0.759530623110015f,0.397568179260993f,-0.1829046586526057f,0.741077359937181f,-0.23947908558308745f,1.1280203487064386f,-0.77854995575241f,-0.16762149704474f,0.07591442633914008f,0.04329874747090018f,0f,0f,0f,1f],start_interpolation:0}
execute if entity @s[tag=aj.axia.bone.blade] run data modify entity @s {} merge value {transformation:[0.020379222441521575f,-1.9998167323169485f,-0.017824826446357602f,-0.6060593957035643f,-0.003229588803518854f,0.017792819979095986f,-1.9999182446573545f,1.4519855873338756f,1.9998935614299174f,0.02040717281632265f,-0.003047990945781652f,0.052054755115438264f,0f,0f,0f,1f],start_interpolation:0}
execute if entity @s[tag=aj.axia.bone.arm_right_2] run data modify entity @s {} merge value {transformation:[-0.75895009428093f,0.007990399785520796f,-0.6510997680096613f,-0.19651919839361065f,0.06180134566796724f,0.9962947162151992f,-0.05981163862748111f,1.441366701536105f,0.6482093396925067f,-0.08563289060252198f,-0.7566317862622878f,-0.23900920905033704f,0f,0f,0f,1f],start_interpolation:0}
execute if entity @s[tag=aj.axia.bone.arm_right_1] run data modify entity @s {} merge value {transformation:[-0.9999083658749213f,0.007990399785520796f,-0.01092764222564427f,0.16290952612185022f,0.008896397201427764f,0.9962947162151992f,-0.08554351266174653f,1.4330120107237687f,0.010203625344874389f,-0.08563289060252198f,-0.9962745073908482f,-0.2296874999999999f,0f,0f,0f,1f],start_interpolation:0}
execute if entity @s[tag=aj.axia.bone.arm_left_2] run data modify entity @s {} merge value {transformation:[0.7190062842688134f,0.11226243601235666f,-0.6858768902963025f,-0.19319577706238675f,-0.144567602443044f,0.9894402879494891f,0.010398312666099821f,1.4156949521715705f,0.6798015677429882f,0.09167912544850938f,0.7276432961631492f,0.38728436741708216f,0f,0f,0f,1f],start_interpolation:0}
execute if entity @s[tag=aj.axia.bone.arm_left_1] run data modify entity @s {} merge value {transformation:[0.9916639354845458f,0.11226243601235666f,-0.06324384966045644f,0.13219395176847984f,-0.117429115049943f,0.9894402879494891f,-0.08496069397679869f,1.377163523795808f,0.053038118347940366f,0.09167912544850938f,0.9943751283892345f,0.4046875000000001f,0f,0f,0f,1f],start_interpolation:0}
execute if entity @s[tag=aj.axia.bone.ear_edge_a1] run data modify entity @s {} merge value {transformation:[-0.0030427346494841024f,-0.0435131327300168f,0.9990482215818578f,0.13577421659669633f,0.06969008103788994f,0.9966145903260724f,0.043619387365335965f,2.0967970850071067f,-0.9975640502598242f,0.06975647374412527f,7.87847923662004e-16f,0.2546875000000001f,0f,0f,0f,1f],start_interpolation:0}
execute if entity @s[tag=aj.axia.bone.ear_edge_a2] run data modify entity @s {} merge value {transformation:[0.0038016801040244583f,-0.04345340242735769f,0.9990482215818578f,0.13577421659669642f,-0.08707278979269381f,0.9952465414778341f,0.043619387365335965f,2.0967970850071067f,-0.9961946980917455f,-0.08715574274765821f,7.87847923662004e-16f,0.13906250000000012f,0f,0f,0f,1f],start_interpolation:0}
execute if entity @s[tag=aj.axia.bone.ear_edge_b1] run data modify entity @s {} merge value {transformation:[-0.006823575527878158f,-0.043082360324645325f,0.9990482215818578f,0.1360468377677298f,0.15628557409255195f,0.9867482801487086f,0.043619387365335965f,2.09055303362222f,-0.9876883405951378f,0.15643446504023084f,7.87847923662004e-16f,0.11718750000000011f,0f,0f,0f,1f],start_interpolation:0}
execute if entity @s[tag=aj.axia.bone.ear_edge_b2] run data modify entity @s {} merge value {transformation:[0.006823575527879716f,-0.043082360324645075f,0.9990482215818578f,0.1355015954256631f,-0.15628557409255195f,0.9867482801487086f,0.043619387365335965f,2.103041136391993f,-0.9876883405951378f,-0.1564344650402309f,7.87847923662004e-16f,0.14531250000000012f,0f,0f,0f,1f],start_interpolation:0}
execute if entity @s[tag=aj.axia.bone.ear_right_2] run data modify entity @s {} merge value {transformation:[7.885984946898293e-16f,-0.043619387365335965f,0.9990482215818578f,0.16195098185701248f,0f,0.9990482215818578f,0.043619387365335965f,2.213675141482675f,-1f,-3.439818321559651e-17f,7.87847923662004e-16f,0.19375000000000014f,0f,0f,0f,1f],start_interpolation:0}
execute if entity @s[tag=aj.axia.bone.ear_right_1] run data modify entity @s {} merge value {transformation:[7.885984946898293e-16f,-0.043619387365335965f,0.9990482215818578f,0.17176534401421306f,0f,0.9990482215818578f,0.043619387365335965f,1.9888892916267575f,-1f,-3.439818321559651e-17f,7.87847923662004e-16f,0.19375000000000014f,0f,0f,0f,1f],start_interpolation:0}
execute if entity @s[tag=aj.axia.bone.ear_edge_a3] run data modify entity @s {} merge value {transformation:[-0.03890101816663687f,0.10312423111332494f,0.9939074925479155f,0.15032787446612278f,-0.19192530641654343f,0.9753697911243319f,-0.1087126824201895f,2.092651208753111f,-0.9806382551902177f,-0.19498503409072862f,-0.01815072830832111f,-0.1299163524608653f,0f,0f,0f,1f],start_interpolation:0}
execute if entity @s[tag=aj.axia.bone.ear_edge_a4] run data modify entity @s {} merge value {transformation:[-0.02228989815356876f,0.10794006066988754f,0.9939074925479155f,0.1539830899576714f,-0.03698093592183252f,0.9933851030991718f,-0.1087126824201895f,2.106921580207055f,-0.9990673504917719f,-0.039178823913290986f,-0.01815072830832111f,-0.015233587743246124f,0f,0f,0f,1f],start_interpolation:0}
execute if entity @s[tag=aj.axia.bone.ear_edge_b3] run data modify entity @s {} merge value {transformation:[0.022089354772652562f,-0.34154924023922223f,0.9396042661129942f,0.2101150145401597f,-0.26804267520326247f,0.9034019213923205f,0.33469104065472405f,2.0959584939698273f,-0.9631537700053955f,-0.25924715025757555f,-0.07159420652343193f,0.006396252744907113f,0f,0f,0f,1f],start_interpolation:0}
execute if entity @s[tag=aj.axia.bone.ear_edge_b4] run data modify entity @s {} merge value {transformation:[-0.08453629485248462f,-0.33165861658469814f,0.9396042661129942f,0.20496591133523817f,0.024242813563959187f,0.9420160260292608f,0.33469104065472405f,2.1041649557492565f,-0.9961254443307413f,0.051072191544550685f,-0.07159420652343193f,-0.022816866675103943f,0f,0f,0f,1f],start_interpolation:0}
execute if entity @s[tag=aj.axia.bone.ear_left_2] run data modify entity @s {} merge value {transformation:[-0.03161267452150152f,-0.3407997387203512f,0.9396042661129942f,0.1955223343065956f,-0.12341942879086745f,0.9342106571338147f,0.33469104065472405f,2.21082521281167f,-0.9918509380983281f,-0.1053849428796475f,-0.07159420652343193f,-0.0846234435705604f,0f,0f,0f,1f],start_interpolation:0}
execute if entity @s[tag=aj.axia.bone.ear_left_1] run data modify entity @s {} merge value {transformation:[-0.03161267452150152f,0.10558662352169937f,0.9939074925479155f,0.17176534401421328f,-0.12341942879086745f,0.9863818719329461f,-0.1087126824201895f,1.9888892916267575f,-0.9918509380983281f,-0.12610419364693587f,-0.01815072830832111f,-0.05624999999999987f,0f,0f,0f,1f],start_interpolation:0}
execute if entity @s[tag=aj.axia.bone.head] run data modify entity @s {} merge value {transformation:[7.885984946898293e-16f,0.04361938736533605f,0.9990482215818578f,0.11819015106504538f,0f,0.9990482215818578f,-0.04361938736533605f,1.478240183921222f,-1f,3.439818321559654e-17f,7.87847923662004e-16f,0.06875000000000009f,0f,0f,0f,1f],start_interpolation:0}
execute if entity @s[tag=aj.axia.bone.body_1] run data modify entity @s {} merge value {transformation:[7.885984946898293e-16f,0.3007057995042731f,0.9537169507482269f,0.005425476250942958f,0f,0.9537169507482269f,-0.3007057995042731f,1.120596327390637f,-1f,2.3713614083357137e-16f,7.520997517202258e-16f,0.06875f,0f,0f,0f,1f],start_interpolation:0}
execute if entity @s[tag=aj.axia.bone.leg_left_2] run data modify entity @s {} merge value {transformation:[0.06379240037646708f,-0.4431936330886616f,0.8941531933868385f,-0.21787800706199206f,0.17937714184873096f,0.8864779771694861f,0.426591885735859f,0.4221787783808092f,-0.9817099218386197f,0.13317732383243272f,0.1360493652335158f,0.1304064139322127f,0f,0f,0f,1f],start_interpolation:0}
execute if entity @s[tag=aj.axia.bone.leg_left_1] run data modify entity @s {} merge value {transformation:[0.06379240037646708f,0.243698963836714f,0.967750662453465f,-0.10691051708940977f,0.17937714184873096f,0.9511324098373716f,-0.25133837737029796f,0.7293870648466168f,-0.9817099218386197f,0.18962582625229618f,0.016960995894852574f,0.19374999999999992f,0f,0f,0f,1f],start_interpolation:0}
execute if entity @s[tag=aj.axia.bone.leg_right_2] run data modify entity @s {} merge value {transformation:[7.885984946898293e-16f,-0.5679874008018557f,0.823037248567981f,-0.315191371332335f,0f,0.823037248567981f,0.5679874008018557f,0.8869164738938293f,-1f,-4.479140092751322e-16f,6.490459352943686e-16f,-0.05625000000000025f,0f,0f,0f,1f],start_interpolation:0}
execute if entity @s[tag=aj.axia.bone.leg_right_1] run data modify entity @s {} merge value {transformation:[7.885984946898293e-16f,0.9767097418432024f,-0.21456486242762352f,0.027257754377129066f,0f,-0.21456486242762352f,-0.9767097418432024f,0.8436819818669339f,-1f,7.702318321664411e-16f,-1.6920552752375421e-16f,-0.05624999999999998f,0f,0f,0f,1f],start_interpolation:0}
execute if entity @s[tag=aj.axia.bone.coat_downer] run data modify entity @s {} merge value {transformation:[7.885984946898293e-16f,0.02617694830787315f,0.9996573249755574f,-0.0483607262392949f,0f,0.9996573249755574f,-0.02617694830787315f,0.9068588609091399f,-1f,2.064310203116225e-17f,7.88328261681386e-16f,0.060937499999999964f,0f,0f,0f,1f],start_interpolation:0}
execute if entity @s[tag=aj.axia.bone.body_2] run data modify entity @s {} merge value {transformation:[7.885984946898293e-16f,0.21643961393810288f,0.9762960071199334f,-5.421614650992577e-17f,0f,0.9762960071199334f,-0.21643961393810288f,1.125f,-1f,1.706839537428357e-16f,7.699055615864703e-16f,0.06875f,0f,0f,0f,1f],start_interpolation:0}