execute if entity @s[tag=aj.axia.bone.wing_right_1] run data modify entity @s {} merge value {transformation:[0.8120838502591123f,0.05162972745673475f,-0.06927218659406933f,-0.21599622477448097f,-0.07245305377159117f,0.7636633253942506f,-0.28020229280184356f,1.1189655507092857f,0.047061869830587744f,0.2847755978572997f,0.7639584306213989f,0.36732627344441826f,0f,0f,0f,1f],start_interpolation:0}
execute if entity @s[tag=aj.axia.bone.wing_right_2] run data modify entity @s {} merge value {transformation:[0.7552156875666419f,-0.25503821969664964f,-0.06785846850031282f,-0.21599622477448097f,0.21816838487655071f,0.7190696462752797f,-0.2744838786630304f,1.1189655507092857f,0.14849855586369082f,0.24061244834693712f,0.7483674422413704f,0.36732627344441826f,0f,0f,0f,1f],start_interpolation:0}
execute if entity @s[tag=aj.axia.bone.wing_left_1] run data modify entity @s {} merge value {transformation:[0.6796463522028234f,-0.21140255517500556f,-0.4004175820906456f,-0.16415090850763453f,0.07245305377159117f,0.7636633253942506f,-0.28020229280184356f,1.1189655507092857f,0.4469629015712725f,0.19766570152082008f,0.6542911274850938f,0.38449618156501186f,0f,0f,0f,1f],start_interpolation:0}
execute if entity @s[tag=aj.axia.bone.wing_left_2] run data modify entity @s {} merge value {transformation:[0.6945657465295135f,0.06100541195048821f,-0.3922457947010406f,-0.16415090850763453f,-0.21816838487655071f,0.7190696462752797f,-0.2744838786630304f,1.1189655507092857f,0.3316338034462966f,0.3452784144980616f,0.6409382473323368f,0.38449618156501186f,0f,0f,0f,1f],start_interpolation:0}
execute if entity @s[tag=aj.axia.bone.blade] run data modify entity @s {} merge value {transformation:[-1.8295913522828955f,0.8077287510344474f,-0.013028752970844675f,0.14580696536656496f,0.037225991037071464f,0.052077131114457886f,-1.9989752869923616f,1.492999955516964f,-0.8069756559171736f,-1.82889645337488f,-0.0626741859925537f,-0.5605470927990326f,0f,0f,0f,1f],start_interpolation:0}
execute if entity @s[tag=aj.axia.bone.arm_right_2] run data modify entity @s {} merge value {transformation:[-0.34498578805684754f,0.062055654993478426f,0.9365542705695844f,0.27587991771899983f,0.10128983670361179f,0.9944463319932452f,-0.028580793651262676f,1.4593018755654485f,-0.9331265589507949f,0.08500346150899252f,-0.34935545868375606f,-0.06824983889269332f,0f,0f,0f,1f],start_interpolation:0}
execute if entity @s[tag=aj.axia.bone.arm_right_1] run data modify entity @s {} merge value {transformation:[0.3040707439449848f,0.062055654993478426f,0.950626150681788f,0.15801748254294112f,0.06228183951239086f,0.9944463319932452f,-0.08483787628254956f,1.43156544127049f,-0.9506113586233313f,0.08500346150899252f,0.29851709563740725f,0.2741122814627456f,0f,0f,0f,1f],start_interpolation:0}
execute if entity @s[tag=aj.axia.bone.arm_left_2] run data modify entity @s {} merge value {transformation:[-0.8918726250038482f,-0.09927699842467355f,-0.44125649950174484f,-0.31790470568818446f,-0.1983656324254216f,0.9626333145503185f,0.18435882834930867f,1.4563291073400269f,0.40646561557062655f,0.25195471676802306f,-0.8782394457419556f,-0.25123077000729327f,0f,0f,0f,1f],start_interpolation:0}
execute if entity @s[tag=aj.axia.bone.arm_left_1] run data modify entity @s {} merge value {transformation:[-0.35557767187296846f,-0.08846393223976037f,-0.9304507789013234f,-0.4333436326856936f,-0.24129688009484265f,0.9704513448650447f,-0.00005390845053607554f,1.3777569308622406f,0.9029619786690329f,0.22449570138936964f,-0.36641690072347954f,0.04191748552504636f,0f,0f,0f,1f],start_interpolation:0}
execute if entity @s[tag=aj.axia.bone.ear_edge_a1] run data modify entity @s {} merge value {transformation:[0.9524436133905533f,-0.0858941931224023f,-0.292358257792383f,-0.3157853432175626f,0.08692898664655035f,0.9961694474286283f,-0.009475404495052922f,2.0933108133262843f,0.29205224633984567f,-0.016389618592037417f,0.9562619232251474f,0.11670433019910184f,0f,0f,0f,1f],start_interpolation:0}
execute if entity @s[tag=aj.axia.bone.ear_edge_a2] run data modify entity @s {} merge value {transformation:[0.9541542641713179f,0.06415831406991188f,-0.292358257792383f,-0.20523452499294992f,-0.06997648802737166f,0.9975036380048997f,-0.009475404495052922f,2.095302796675331f,0.29102049977114336f,0.02949920172981483f,0.9562619232251474f,0.15052280469464616f,0f,0f,0f,1f],start_interpolation:0}
execute if entity @s[tag=aj.axia.bone.ear_edge_b1] run data modify entity @s {} merge value {transformation:[0.9384610830615429f,-0.18671150756718333f,-0.2905677348243359f,-0.1820176365315393f,0.17301682861219003f,0.9822563091044565f,-0.0723720957377261f,2.0917105562593616f,0.29892469385438203f,0.017645287373125797f,0.9541135525908767f,0.14962999511661196f,0f,0f,0f,1f],start_interpolation:0}
execute if entity @s[tag=aj.axia.bone.ear_edge_b2] run data modify entity @s {} merge value {transformation:[0.950226557218714f,0.11242722728647428f,-0.2905677348243359f,-0.2093784401195538f,-0.1389851100649433f,0.9876464037998443f,-0.0723720957377261f,2.1036913810066205f,0.27884158430281836f,0.10915447597744435f,0.9541135525908767f,0.14220625681346824f,0f,0f,0f,1f],start_interpolation:0}
execute if entity @s[tag=aj.axia.bone.ear_right_2] run data modify entity @s {} merge value {transformation:[0.9561151846452983f,-0.03760512158923967f,-0.2905677348243359f,-0.26888357126289403f,0.01722796409986003f,0.9972288990053905f,-0.0723720957377261f,2.209667184332444f,0.2924841037452481f,0.06419016917531199f,0.9541135525908767f,0.16487590631032242f,0f,0f,0f,1f],start_interpolation:0}
execute if entity @s[tag=aj.axia.bone.ear_right_1] run data modify entity @s {} merge value {transformation:[0.9561151846452983f,-0.019245851274745214f,-0.292358257792383f,-0.2645532547260764f,0.01722796409986003f,0.999806688296607f,-0.009475404495052922f,1.984710679465708f,0.2924841037452481f,0.004022840548831695f,0.9562619232251474f,0.1639707671868353f,0f,0f,0f,1f],start_interpolation:0}
execute if entity @s[tag=aj.axia.bone.ear_edge_a3] run data modify entity @s {} merge value {transformation:[0.9551670115204334f,0.12238975583417724f,-0.26958621583822645f,0.04743256031681273f,-0.16381797850862012f,0.9769457786959613f,-0.13689636739333372f,2.097865874775891f,0.2466164025779178f,0.17492196304350077f,0.9531960222454428f,0.2404348845754593f,0f,0f,0f,1f],start_interpolation:0}
execute if entity @s[tag=aj.axia.bone.ear_edge_a4] run data modify entity @s {} merge value {transformation:[0.9625532965801576f,-0.028538105625572442f,-0.26958621583822645f,-0.0637267420820086f,-0.008973117089214458f,0.9905447328436068f,-0.13689636739333372f,2.1088815417842026f,0.27094396913822316f,0.1341890784046565f,0.9531960222454428f,0.21057847495257603f,0f,0f,0f,1f],start_interpolation:0}
execute if entity @s[tag=aj.axia.bone.ear_edge_b3] run data modify entity @s {} merge value {transformation:[0.9225676009817747f,0.3206997100214728f,-0.21452439863772224f,-0.10107961188414313f,-0.24110348955939925f,0.9132544538218103f,0.3283830231557463f,2.095901777352756f,0.3012277028113678f,-0.25123295676875296f,0.9198607897351732f,0.2601437552614956f,0f,0f,0f,1f],start_interpolation:0}
execute if entity @s[tag=aj.axia.bone.ear_edge_b4] run data modify entity @s {} merge value {transformation:[0.9765155891242567f,0.01991448182679406f,-0.21452439863772224f,-0.07188548771077971f,0.052908101572582786f,0.9430616750197612f,0.3283830231557463f,2.104968886676228f,0.20884931645876015f,-0.3320212199882599f,0.9198607897351732f,0.2637153469607854f,0f,0f,0f,1f],start_interpolation:0}
execute if entity @s[tag=aj.axia.bone.ear_left_2] run data modify entity @s {} merge value {transformation:[0.9613777504762925f,0.17242999529741723f,-0.21452439863772224f,-0.013163109643858119f,-0.09527063358539707f,0.9397276714449401f,0.3283830231557463f,2.2133988988998428f,0.25821759673844985f,-0.29526225671833356f,0.9198607897351732f,0.2726741021534605f,0f,0f,0f,1f],start_interpolation:0}
execute if entity @s[tag=aj.axia.bone.ear_left_1] run data modify entity @s {} merge value {transformation:[0.9613777504762925f,0.055462537979873064f,-0.26958621583822645f,-0.02564218068932954f,-0.09527063358539707f,0.9859933523968334f,-0.13689636739333372f,1.9915503946105557f,0.25821759673844985f,0.15729277132177677f,0.9531960222454428f,0.23728322860606077f,0f,0f,0f,1f],start_interpolation:0}
execute if entity @s[tag=aj.axia.bone.head] run data modify entity @s {} merge value {transformation:[0.9556442961469873f,-0.047362813759121394f,-0.29069011526804306f,-0.11174020955402689f,0.02735886057939105f,0.9969930941927844f,-0.07250008882542891f,1.4794372040401242f,0.29324984567690204f,0.061331346020745636f,0.9540665563815539f,0.13938010317389232f,0f,0f,0f,1f],start_interpolation:0}
execute if entity @s[tag=aj.axia.bone.body_1] run data modify entity @s {} merge value {transformation:[0.9492959811491295f,-0.11041411203053822f,-0.2943566952502008f,-0.07033491754257505f,-1.734723475976807e-18f,0.9362974338283881f,-0.3512080799275197f,1.1283256663544787f,0.3143837466761153f,0.3334004188222967f,0.8888233910935318f,0.014354946115531064f,0f,0f,0f,1f],start_interpolation:0}
execute if entity @s[tag=aj.axia.bone.leg_left_2] run data modify entity @s {} merge value {transformation:[0.9059891924858333f,0.00949575087359536f,-0.42319429794624414f,-0.05291431628255623f,0.18891820509430488f,0.8855889029015025f,0.4243138070363249f,0.41610784684011853f,0.3788053522362297f,-0.4643728305715785f,0.8005400548030848f,-0.22035057507281336f,0f,0f,0f,1f],start_interpolation:0}
execute if entity @s[tag=aj.axia.bone.leg_left_1] run data modify entity @s {} merge value {transformation:[0.9059891924858333f,-0.25966451858550293f,-0.3343021401167316f,-0.14916076811977497f,0.18891820509430488f,0.9547697297030736f,-0.22961854242779697f,0.727047693223076f,0.3788053522362297f,0.14487615756389607f,0.9140664112014548f,-0.1452300749513802f,0f,0f,0f,1f],start_interpolation:0}
execute if entity @s[tag=aj.axia.bone.leg_right_2] run data modify entity @s {} merge value {transformation:[0.9492959811491295f,0.2066551937100193f,-0.23691933455669295f,0.15124416778627653f,-1.734723475976807e-18f,0.7535991827235655f,0.6573342162084473f,0.8916978490792246f,0.3143837466761153f,-0.6240047297184921f,0.7153886755567493f,-0.25710989935341155f,0f,0f,0f,1f],start_interpolation:0}
execute if entity @s[tag=aj.axia.bone.leg_right_1] run data modify entity @s {} merge value {transformation:[0.9492959811491295f,-0.3065378640419611f,0.06979740742107833f,0.04334085791164932f,-1.734723475976807e-18f,-0.22201340927775468f,-0.9750436124096543f,0.8507367306876497f,0.3143837466761153f,0.9256049827056143f,-0.21075643718858939f,0.06870903848818302f,0f,0f,0f,1f],start_interpolation:0}
execute if entity @s[tag=aj.axia.bone.coat_downer] run data modify entity @s {} merge value {transformation:[0.9492959811491295f,-0.010628098259743667f,-0.3142040478757285f,-0.044283832380987515f,-1.734723475976807e-18f,0.9994284093809341f,-0.0338061314304933f,0.9144889321611496f,0.3143837466761153f,0.03209202470516656f,0.9487533724715878f,-0.03945728377018795f,0f,0f,0f,1f],start_interpolation:0}
execute if entity @s[tag=aj.axia.bone.body_2] run data modify entity @s {} merge value {transformation:[0.9492959811491295f,-0.07038578887852873f,-0.3064032977924014f,-0.06742703193626134f,-1.734723475976807e-18f,0.9746155805823654f,-0.2238849483241309f,1.1322546009475218f,0.3143837466761153f,0.212533081683878f,0.925198653812165f,0.005574453647646383f,0f,0f,0f,1f],start_interpolation:0}