execute if entity @s[tag=aj.axia.bone.wing_right_1] run data modify entity @s {} merge value {transformation:[0.08542152021005278f,0.6080296495834279f,-0.5384677832116808f,0.6254632199517601f,-0.30953765791436655f,0.5249460436920893f,0.5436566324338884f,0.9021820898027484f,0.75088883775319f,0.14722785362804564f,0.2853670564346673f,0.21324581551171706f,0f,0f,0f,1f],start_interpolation:0}
execute if entity @s[tag=aj.axia.bone.wing_right_2] run data modify entity @s {} merge value {transformation:[0.3047046504561708f,0.5185762772174546f,-0.5274786447787894f,0.6254632199517601f,-0.08396450426156843f,0.5910398507444462f,0.5325615991189111f,0.9021820898027484f,0.7349183886762474f,-0.14748064123561516f,0.2795432389564088f,0.21324581551171706f,0f,0f,0f,1f],start_interpolation:0}
execute if entity @s[tag=aj.axia.bone.wing_left_1] run data modify entity @s {} merge value {transformation:[-0.1612335937135294f,0.6213973636055441f,-0.5047905399338858f,0.6220284571132872f,0.34947126002541373f,0.5179046722030352f,0.5259173256044725f,0.9039913326607623f,0.720290227005f,-0.11218070894226925f,-0.36816018506451736f,0.2798994624422302f,0f,0f,0f,1f],start_interpolation:0}
execute if entity @s[tag=aj.axia.bone.wing_left_2] run data modify entity @s {} merge value {transformation:[-0.3783445680858648f,0.5023308880667223f,-0.494488692180133f,0.6220284571132872f,0.1227539349447912f,0.5995970221355534f,0.5151843189594832f,0.9039913326607623f,0.6941086797148487f,0.16777094486315147f,-0.3606467118999354f,0.2798994624422302f,0f,0f,0f,1f],start_interpolation:0}
execute if entity @s[tag=aj.axia.bone.blade] run data modify entity @s {} merge value {transformation:[-1.8532312965449091f,0.5334433423611096f,-0.5300678843290568f,1.244833269166403f,0.5863545792900948f,0.14230180617390578f,-1.9068137044045967f,0.5441688270747865f,-0.470873729201376f,-1.922287282497143f,-0.2882525536708f,0.35372025519262384f,0f,0f,0f,1f],start_interpolation:0}
execute if entity @s[tag=aj.axia.bone.arm_right_2] run data modify entity @s {} merge value {transformation:[0.41981033688880376f,0.7116395169702848f,0.5633191625780262f,1.1539218782775729f,-0.12928015892866923f,0.6612184368475592f,-0.7389701071628327f,0.6236045670627247f,-0.8983573462429563f,0.2374012987731322f,0.36958720458390193f,0.685897666333246f,0f,0f,0f,1f],start_interpolation:0}
execute if entity @s[tag=aj.axia.bone.arm_right_1] run data modify entity @s {} merge value {transformation:[0.6382728185764034f,0.7283848004935037f,-0.2491252525870713f,0.9739069589671333f,-0.7629257993532153f,0.6417083704342027f,-0.07845120774046507f,0.85191223567505f,0.10272309257314573f,0.2401373559542927f,0.9652885664543479f,0.5649493108096089f,0f,0f,0f,1f],start_interpolation:0}
execute if entity @s[tag=aj.axia.bone.arm_left_2] run data modify entity @s {} merge value {transformation:[-0.8193299315604063f,-0.28223036809932206f,-0.49904356780920545f,1.1996473733075759f,0.25576110253412515f,0.59910072497562f,-0.7587256287777653f,0.8022137531237383f,0.5131127767652529f,-0.7492825506150584f,-0.41867760587837005f,-0.3590386653149994f,0f,0f,0f,1f],start_interpolation:0}
execute if entity @s[tag=aj.axia.bone.arm_left_1] run data modify entity @s {} merge value {transformation:[-0.6386475165690207f,-0.6032726301229273f,-0.47769392221880747f,0.9559875846050263f,-0.03509269085326783f,0.6429730413212601f,-0.7650844209515484f,0.7910894079636348f,0.7686988048832253f,-0.4718557002714441f,-0.43180359596979495f,-0.06977321108208223f,0f,0f,0f,1f],start_interpolation:0}
execute if entity @s[tag=aj.axia.bone.ear_edge_a1] run data modify entity @s {} merge value {transformation:[-0.3627334641763085f,0.8958125554552279f,-0.2567962216533338f,1.5348542273384964f,0.31618511937002364f,0.3775258007579198f,0.8703454716668865f,1.2142626099968026f,0.8766136003140825f,0.23450828397066262f,-0.4201838413046324f,0.26503794667741837f,0f,0f,0f,1f],start_interpolation:0}
execute if entity @s[tag=aj.axia.bone.ear_edge_a2] run data modify entity @s {} merge value {transformation:[-0.4984035711995848f,0.8280396009612533f,-0.2567962216533338f,1.4857900780208955f,0.2532343091910042f,0.4223400816847716f,0.8703454716668865f,1.2476874895873866f,0.8291358542868924f,0.36875367746292137f,-0.4201838413046324f,0.3642580419257858f,0f,0f,0f,1f],start_interpolation:0}
execute if entity @s[tag=aj.axia.bone.ear_edge_b1] run data modify entity @s {} merge value {transformation:[-0.27855960201256524f,0.9538084691615787f,0.11248978745755714f,1.4558644694723903f,0.2881321151193041f,-0.028736052805488715f,0.9571594033942498f,1.2953592082975713f,0.9161792577675381f,0.29903786286155365f,-0.26681814820532224f,0.3588922023982653f,0f,0f,0f,1f],start_interpolation:0}
execute if entity @s[tag=aj.axia.bone.ear_edge_b2] run data modify entity @s {} merge value {transformation:[-0.5596689510203154f,0.82104610892542f,0.11248978745755714f,1.4790301070522383f,0.2829098543062714f,0.06170810992380202f,0.9571594033942498f,1.2874374762931788f,0.7789304716084893f,0.5675168686374519f,-0.26681814820532224f,0.3402410624178321f,0f,0f,0f,1f],start_interpolation:0}
execute if entity @s[tag=aj.axia.bone.ear_right_2] run data modify entity @s {} merge value {transformation:[-0.4243385886927656f,0.898489181829133f,0.11248978745755714f,1.601371567562654f,0.2890800397023471f,0.016691528978891146f,0.9571594033942498f,1.305172029208233f,0.8581197426885835f,0.4386782226146648f,-0.26681814820532224f,0.3383182508484165f,0f,0f,0f,1f],start_interpolation:0}
execute if entity @s[tag=aj.axia.bone.ear_right_1] run data modify entity @s {} merge value {transformation:[-0.4243385886927656f,0.8683273937235902f,-0.2567962216533338f,1.4059979039748467f,0.2890800397023471f,0.3986621258592721f,0.8703454716668865f,1.2154730508898968f,0.8581197426885835f,0.2950865071713077f,-0.4201838413046324f,0.2719237867348724f,0f,0f,0f,1f],start_interpolation:0}
execute if entity @s[tag=aj.axia.bone.ear_edge_a3] run data modify entity @s {} merge value {transformation:[-0.6202007886949499f,0.5008274776977094f,-0.6037572519523984f,1.3168953130192473f,0.017556582710227933f,0.7783328648699096f,0.6276063398874627f,1.3283080830066667f,0.7842466117910235f,0.37864203285735315f,-0.49151547569527276f,0.5798920400926958f,0f,0f,0f,1f],start_interpolation:0}
execute if entity @s[tag=aj.axia.bone.ear_edge_a4] run data modify entity @s {} merge value {transformation:[-0.5342184092708214f,0.5916822389687227f,-0.6037572519523984f,1.384391875275563f,0.13909851738274093f,0.7660038411098116f,0.6276063398874627f,1.320005332516179f,0.8338238984690207f,0.25129712193730636f,-0.49151547569527276f,0.4863804416523313f,0f,0f,0f,1f],start_interpolation:0}
execute if entity @s[tag=aj.axia.bone.ear_edge_b3] run data modify entity @s {} merge value {transformation:[-0.6768033845595602f,0.541547924471139f,-0.4986612318495644f,1.3785545159725534f,-0.031150597493868365f,0.6557036758524448f,0.7543754567517202f,1.3245830044592015f,0.7355044656047293f,0.526097457677371f,-0.4269129256662394f,0.4547126498706858f,0f,0f,0f,1f],start_interpolation:0}
execute if entity @s[tag=aj.axia.bone.ear_edge_b4] run data modify entity @s {} merge value {transformation:[-0.4763307572059221f,0.7241864301337795f,-0.4986612318495644f,1.3701458825899904f,0.17299760037949632f,0.6332373176886918f,0.7543754567517202f,1.3347588911985904f,0.8620793698973247f,0.2730650360198521f,-0.4269129256662394f,0.48251574032309363f,0f,0f,0f,1f],start_interpolation:0}
execute if entity @s[tag=aj.axia.bone.ear_left_2] run data modify entity @s {} merge value {transformation:[-0.583754051946515f,0.6407559462746327f,-0.4986612318495644f,1.3963698138273202f,0.07180757180962426f,0.6525039025794702f,0.7543754567517202f,1.43317891782624f,0.8087489594842336f,0.40456207735310656f,-0.4269129256662394f,0.5525974663315373f,0f,0f,0f,1f],start_interpolation:0}
execute if entity @s[tag=aj.axia.bone.ear_left_1] run data modify entity @s {} merge value {transformation:[-0.583754051946515f,0.5428705071662239f,-0.6037572519523984f,1.27422394971492f,0.07180757180962426f,0.775212199829097f,0.6276063398874627f,1.2587561728646934f,0.8087489594842336f,0.3230134017114749f,-0.49151547569527276f,0.4799194509464555f,0f,0f,0f,1f],start_interpolation:0}
execute if entity @s[tag=aj.axia.bone.head] run data modify entity @s {} merge value {transformation:[-0.5270958170397065f,0.6202899097220284f,-0.5808704051303368f,1.0403645482726667f,0.17313248789918667f,0.7475804227694446f,0.6412087438000952f,0.8339418719642016f,0.8319826568463322f,0.2374109083190914f,-0.5014388490314864f,0.2699184923593635f,0f,0f,0f,1f],start_interpolation:0}
execute if entity @s[tag=aj.axia.bone.body_1] run data modify entity @s {} merge value {transformation:[-0.05144432332336203f,0.715051863248622f,-0.6971759566009681f,0.7722200995544335f,0.0270980207179401f,0.6988427558659277f,0.7147618483431284f,0.5718758385144787f,0.9983081582712681f,0.01787835110934506f,-0.055327982889669045f,0.2632141106933591f,0f,0f,0f,1f],start_interpolation:0}
execute if entity @s[tag=aj.axia.bone.leg_left_2] run data modify entity @s {} merge value {transformation:[-0.0985876490517746f,0.9935118683859243f,-0.05669782033512222f,0.29571446263122914f,-0.12698603426927932f,0.04394948731610515f,0.9909303656994335f,0.23732285467904007f,0.9869929192020607f,0.10489332648439179f,0.12182925553426505f,0.08145283158902158f,0f,0f,0f,1f],start_interpolation:0}
execute if entity @s[tag=aj.axia.bone.leg_left_1] run data modify entity @s {} merge value {transformation:[-0.0985876490517746f,0.8867248906302474f,-0.4516629758915598f,0.6137667575228518f,-0.12698603426927932f,0.4389534431869889f,0.8894911027182051f,0.40224816988805406f,0.9869929192020607f,0.14504772680418873f,0.06932628934200852f,0.13444129659257192f,0f,0f,0f,1f],start_interpolation:0}
execute if entity @s[tag=aj.axia.bone.leg_right_2] run data modify entity @s {} merge value {transformation:[-0.05201909371339195f,-0.5911177583609506f,-0.8049060874658374f,0.8970243334832303f,0.009478733232384474f,0.805668771656639f,-0.5922904557677695f,0.33907244674811393f,0.9986011052995817f,-0.03843990280434227f,-0.03630711179433158f,0.40041649801820006f,0f,0f,0f,1f],start_interpolation:0}
execute if entity @s[tag=aj.axia.bone.leg_right_1] run data modify entity @s {} merge value {transformation:[-0.05201909371339195f,-0.9617055294864308f,-0.26910311860783215f,0.5556614745002431f,0.009478733232384474f,0.2689803356717909f,-0.9630990253541949f,0.3929658882032838f,0.9986011052995817f,-0.05265029512846275f,-0.004876363126259588f,0.38212267878518846f,0f,0f,0f,1f],start_interpolation:0}
execute if entity @s[tag=aj.axia.bone.coat_downer] run data modify entity @s {} merge value {transformation:[-0.05144432332336203f,0.5085788586595202f,-0.8594771818509092f,0.6648249835928555f,0.0270980207179401f,0.8610107421995585f,0.5078643510723463f,0.4016629780893144f,0.9983081582712681f,0.0028366074005825442f,-0.058075595455264084f,0.27012586684021067f,0f,0f,0f,1f],start_interpolation:0}
execute if entity @s[tag=aj.axia.bone.body_2] run data modify entity @s {} merge value {transformation:[-0.05144432332336203f,0.3218271303095482f,-0.9453997989181732f,0.737135141797359f,0.0270980207179401f,0.946754575173677f,0.3208137647621756f,0.6129917501928239f,0.9983081582712681f,-0.009114416296810679f,-0.05742602671783033f,0.2602900819623978f,0f,0f,0f,1f],start_interpolation:0}