execute if entity @s[tag=aj.axia.bone.wing_right_1] run data modify entity @s {} merge value {transformation:[-0.2568836864510068f,-0.30277916880648137f,-0.7136385576863414f,-0.36266967608928047f,-0.11389366461919884f,0.7583821948625455f,-0.28076524735002695f,1.139326359180695f,0.7668007884968525f,0.011210080141044815f,-0.2807762976254959f,-0.2850971142724096f,0f,0f,0f,1f],start_interpolation:0}
execute if entity @s[tag=aj.axia.bone.wing_right_2] run data modify entity @s {} merge value {transformation:[-0.34548034094984054f,-0.17871253395597675f,-0.699074505488661f,-0.36266967608928047f,0.1791350968712037f,0.7295657451053579f,-0.27503534434288357f,1.139326359180695f,0.6989663447449573f,-0.2753101047471704f,-0.2750461691025266f,-0.2850971142724096f,0f,0f,0f,1f],start_interpolation:0}
execute if entity @s[tag=aj.axia.bone.wing_left_1] run data modify entity @s {} merge value {transformation:[-0.43934463846206956f,-0.18001533039084644f,-0.6644661119450355f,-0.38457300649331827f,0.11389366461919884f,0.7583821948625455f,-0.28076524735002695f,1.139326359180695f,0.6789322250848661f,-0.24371165705436978f,-0.38288393332911f,-0.23961438003223162f,0f,0f,0f,1f],start_interpolation:0}
execute if entity @s[tag=aj.axia.bone.wing_left_2] run data modify entity @s {} merge value {transformation:[-0.3310704241823066f,-0.3266715497187929f,-0.650905579048198f,-0.38457300649331827f,-0.1791350968712037f,0.7295657451053579f,-0.27503534434288357f,1.139326359180695f,0.7059057949193307f,0.031929957300100814f,-0.37506997550606697f,-0.23961438003223162f,0f,0f,0f,1f],start_interpolation:0}
execute if entity @s[tag=aj.axia.bone.blade] run data modify entity @s {} merge value {transformation:[0.8351956085054963f,1.8144304506548694f,0.10144178266127357f,0.5150606443263624f,-0.027638163757499272f,0.12431181514128656f,-1.9959415583930284f,1.5118805563546296f,-1.817053776704818f,0.8320989799012137f,0.07698610400657188f,0.15735770700685947f,0f,0f,0f,1f],start_interpolation:0}
execute if entity @s[tag=aj.axia.bone.arm_right_2] run data modify entity @s {} merge value {transformation:[0.947113859790485f,-0.08598694093896553f,0.30916271214479923f,0.016826811088387683f,0.09832946836144313f,0.9948514477018753f,-0.02453390831561488f,1.4807108691746311f,-0.3054613760273548f,0.05363620972292776f,0.95069264473963f,0.2687019526291493f,0f,0f,0f,1f],start_interpolation:0}
execute if entity @s[tag=aj.axia.bone.arm_right_1] run data modify entity @s {} merge value {transformation:[0.9039717835686467f,-0.08598694093896553f,-0.41885708839612373f,-0.30250604155916344f,0.05527233600561121f,0.9948514477018753f,-0.08494448703692228f,1.4557544580159816f,0.42400469736101054f,0.05363620972292776f,0.9040703366565874f,0.10313221129721573f,0f,0f,0f,1f],start_interpolation:0}
execute if entity @s[tag=aj.axia.bone.arm_left_2] run data modify entity @s {} merge value {transformation:[-0.3415885307838801f,-0.12495676340319573f,0.9315058147519577f,0.28409896047331074f,-0.20156808343999588f,0.977799910143233f,0.05725070708919196f,1.4642952153837923f,-0.9179801650227732f,-0.16820565687182853f,-0.35919253001848395f,-0.29734638777068756f,0f,0f,0f,1f],start_interpolation:0}
execute if entity @s[tag=aj.axia.bone.arm_left_1] run data modify entity @s {} merge value {transformation:[-0.8595260126009848f,-0.12495676340319573f,0.4955813161753075f,0.00271716715793879f,-0.19136683879966154f,0.977799910143233f,-0.08535847193870069f,1.4013909850692061f,-0.4739132480423784f,-0.16820565687182853f,-0.8643570386861211f,-0.45398316839948727f,0f,0f,0f,1f],start_interpolation:0}
execute if entity @s[tag=aj.axia.bone.ear_edge_a1] run data modify entity @s {} merge value {transformation:[-0.4270180330411174f,0.05973407681180157f,-0.9022679422018368f,-0.07648299493340315f,0.07442202778872112f,0.9967520872713924f,0.030767487709223926f,2.120405295173258f,0.9011753221418738f,-0.05401033778420776f,-0.43007664686067953f,-0.32874781919231344f,0f,0f,0f,1f],start_interpolation:0}
execute if entity @s[tag=aj.axia.bone.ear_edge_a2] run data modify entity @s {} merge value {transformation:[-0.43110520080930714f,-0.0078016863580880474f,-0.9022679422018368f,-0.1262184732271644f,-0.0824206104196666f,0.9961225851661594f,0.030767487709223926f,2.12094998473757f,0.8985294368095108f,0.08762949852565473f,-0.43007664686067953f,-0.22436761926354665f,0f,0f,0f,1f],start_interpolation:0}
execute if entity @s[tag=aj.axia.bone.ear_edge_b1] run data modify entity @s {} merge value {transformation:[-0.42018693267324875f,0.09672384445166443f,-0.9022679422018368f,-0.1358141461357027f,0.16101149800577735f,0.9864728375429291f,0.030767487709223926f,2.1148060624426592f,0.893038766863221f,-0.13234741668990718f,-0.43007664686067953f,-0.2046761641302548f,0f,0f,0f,1f],start_interpolation:0}
execute if entity @s[tag=aj.axia.bone.ear_edge_b2] run data modify entity @s {} merge value {transformation:[-0.42951083207780943f,-0.03785506046344143f,-0.9022679422018368f,-0.12334381089886413f,-0.1517058369132031f,0.9879467094669264f,0.030767487709223926f,2.12716751373036f,0.8902279394482587f,0.15009428253861573f,-0.43007664686067953f,-0.2299536419740321f,0f,0f,0f,1f],start_interpolation:0}
execute if entity @s[tag=aj.axia.bone.ear_right_2] run data modify entity @s {} merge value {transformation:[-0.4301446771352325f,0.029801295392811483f,-0.9022679422018368f,-0.12744503461034495f,0.00471082866431685f,0.9995154675108125f,0.030767487709223926f,2.237222821216841f,0.902747675059605f,0.008984041381927762f,-0.43007664686067953f,-0.2861377481729796f,0f,0f,0f,1f],start_interpolation:0}
execute if entity @s[tag=aj.axia.bone.ear_right_1] run data modify entity @s {} merge value {transformation:[-0.4301446771352325f,0.029801295392811483f,-0.9022679422018368f,-0.13415032607372754f,0.00471082866431685f,0.9995154675108125f,0.030767487709223926f,2.012331841026908f,0.902747675059605f,0.008984041381927762f,-0.43007664686067953f,-0.28815915748391335f,0f,0f,0f,1f],start_interpolation:0}
execute if entity @s[tag=aj.axia.bone.ear_edge_a3] run data modify entity @s {} merge value {transformation:[-0.38255843970826164f,-0.21923446108626202f,-0.8975440330592125f,-0.25882711534768627f,-0.1864311031494455f,0.9697751318404578f,-0.1574154930186458f,2.1184512899895975f,0.9049267837711851f,0.10710949881331144f,-0.41186778373344524f,0.010645898608854815f,0f,0f,0f,1f],start_interpolation:0}
execute if entity @s[tag=aj.axia.bone.ear_edge_a4] run data modify entity @s {} merge value {transformation:[-0.4121443361345308f,-0.1566899962091721f,-0.8975440330592125f,-0.21293329012366788f,-0.03242957294621536f,0.9869998406059763f,-0.1574154930186458f,2.132133065910593f,0.9105412505706444f,-0.035770934174925544f,-0.41186778373344524f,-0.0945952836296345f,0f,0f,0f,1f],start_interpolation:0}
execute if entity @s[tag=aj.axia.bone.ear_edge_b3] run data modify entity @s {} merge value {transformation:[-0.42145754709353367f,0.12368844557437939f,-0.8983733658280925f,-0.24856562407514926f,-0.2670682743354282f,0.9297909372869108f,0.2533048554264694f,2.1183700520601643f,0.8666302976710417f,0.34668426755554094f,-0.3588341480239578f,-0.1359565013640387f,0f,0f,0f,1f],start_interpolation:0}
execute if entity @s[tag=aj.axia.bone.ear_edge_b4] run data modify entity @s {} merge value {transformation:[-0.36260811481477273f,0.2478722466134136f,-0.8983733658280925f,-0.2573777854490169f,0.033324178235055665f,0.9668123651269328f,0.2533048554264694f,2.127043581893991f,0.9313457221759461f,0.06191284193513841f,-0.3588341480239578f,-0.10777173034948856f,0f,0f,0f,1f],start_interpolation:0}
execute if entity @s[tag=aj.axia.bone.ear_left_2] run data modify entity @s {} merge value {transformation:[-0.3969195695050236f,0.1880961214768956f,-0.8983733658280925f,-0.2841047314925089f,-0.11832887283023336f,0.9601223505741869f,0.2533048554264694f,2.2342411859424054f,0.9101940085490967f,0.20684516192854752f,-0.3588341480239578f,-0.05227408560020549f,0f,0f,0f,1f],start_interpolation:0}
execute if entity @s[tag=aj.axia.bone.ear_left_1] run data modify entity @s {} merge value {transformation:[-0.3969195695050236f,-0.19201448920263847f,-0.8975440330592125f,-0.24168649535753567f,-0.11832887283023336f,0.9804175847119548f,-0.1574154930186458f,2.013509548192987f,0.9101940085490967f,0.04372408402501639f,-0.41186778373344524f,-0.0624722387190121f,0f,0f,0f,1f],start_interpolation:0}
execute if entity @s[tag=aj.axia.bone.head] run data modify entity @s {} merge value {transformation:[-0.4301446771352325f,-0.048949940193417446f,-0.9014318943144222f,-0.13466181966917945f,0.00471082866431685f,0.9983935726387406f,-0.05646310482914585f,1.5030084606585037f,0.902747675059605f,-0.028533795203451548f,-0.42922308617520255f,-0.14727890661671872f,0f,0f,0f,1f],start_interpolation:0}
execute if entity @s[tag=aj.axia.bone.body_1] run data modify entity @s {} merge value {transformation:[-0.4338837391175584f,-0.31049619044894017f,-0.8457759849073879f,-0.018225748250826897f,0f,0.9387405214971214f,-0.34462477174357703f,1.1509807650970831f,0.900968867902419f,-0.1495270845566383f,-0.4073042475283377f,-0.09120624990797935f,0f,0f,0f,1f],start_interpolation:0}
execute if entity @s[tag=aj.axia.bone.leg_left_2] run data modify entity @s {} merge value {transformation:[-0.49358885060389734f,0.39717890452920723f,-0.7737047010045257f,0.24879600057098203f,0.18865796644618515f,0.9173419838504693f,0.35055934784523357f,0.46668128856699204f,0.848986583083569f,0.027066630050013113f,-0.5277207398632557f,-0.02626887509319842f,0f,0f,0f,1f],start_interpolation:0}
execute if entity @s[tag=aj.axia.bone.leg_left_1] run data modify entity @s {} merge value {transformation:[-0.49358885060389734f,-0.2004637996367832f,-0.8462767346410436f,0.15594621898376498f,0.18865796644618515f,0.925222401297253f,-0.3291985416646542f,0.7628737545696866f,0.848986583083569f,-0.322145577608833f,-0.4188603688237379f,-0.14606898420186615f,0f,0f,0f,1f],start_interpolation:0}
execute if entity @s[tag=aj.axia.bone.leg_right_2] run data modify entity @s {} merge value {transformation:[-0.4338837391175584f,0.5586293254095742f,-0.7068791818421383f,0.2267309521601974f,0f,0.7845767007331247f,0.6200317739170511f,0.9236309919937435f,0.900968867902419f,0.26902170443882273f,-0.3404150725386057f,0.16549821273865256f,0f,0f,0f,1f],start_interpolation:0}
execute if entity @s[tag=aj.axia.bone.leg_right_1] run data modify entity @s {} merge value {transformation:[-0.4338837391175584f,-0.872313683350458f,0.22541902929638305f,-0.08145275791250961f,0f,-0.2501962468705383f,-0.9681951446128496f,0.8733864468209582f,0.900968867902419f,-0.42008412954008834f,0.10855608310536889f,0.017084760037698696f,0f,0f,0f,1f],start_interpolation:0}
execute if entity @s[tag=aj.axia.bone.coat_downer] run data modify entity @s {} merge value {transformation:[-0.4338837391175584f,-0.06972938296915071f,-0.8982665050418547f,0.03502847023489269f,0f,0.9970006035093577f,-0.07739377624832972f,0.9397367826503382f,0.900968867902419f,-0.033579901023052985f,-0.4325823497531024f,-0.0568891491269609f,0f,0f,0f,1f],start_interpolation:0}
execute if entity @s[tag=aj.axia.bone.body_2] run data modify entity @s {} merge value {transformation:[-0.4338837391175584f,-0.23241285760846533f,-0.8704764009136801f,-0.01351156092514285f,0f,0.9661559149543871f,-0.2579588106629642f,1.155612244897959f,0.900968867902419f,-0.11192413330876522f,-0.41919934095095523f,-0.08893601694362577f,0f,0f,0f,1f],start_interpolation:0}