execute if entity @s[tag=aj.axia.bone.wing_right_1] run data modify entity @s {} merge value {transformation:[-0.2459090767184015f,0.5765977753591967f,-0.5234579026844213f,0.626426933094547f,-0.06298627819542636f,0.5324105501373608f,0.6160488449027121f,1.0188689217191995f,0.7762125348066958f,0.2258726543822926f,-0.11584510889850151f,0.2194320422579506f,0f,0f,0f,1f],start_interpolation:0}
execute if entity @s[tag=aj.axia.bone.wing_right_2] run data modify entity @s {} merge value {transformation:[-0.007500069564542466f,0.6140077016865579f,-0.5127750883439229f,0.626426933094547f,0.14167879752151516f,0.5057107171540867f,0.6034764194965343f,1.0188689217191995f,0.7873187837778194f,-0.0851540534859634f,-0.11348092300261374f,0.2194320422579506f,0f,0f,0f,1f],start_interpolation:0}
execute if entity @s[tag=aj.axia.bone.wing_left_1] run data modify entity @s {} merge value {transformation:[-0.12966378566030337f,0.6428214042184696f,-0.48673646813371024f,0.6144824648057415f,0.23811878011780968f,0.5015299648494675f,0.5989253587532778f,1.024438718754859f,0.7703448537427179f,-0.046827140432993825f,-0.26705892547417986f,0.2686177197516548f,0f,0f,0f,1f],start_interpolation:0}
execute if entity @s[tag=aj.axia.bone.wing_left_2] run data modify entity @s {} merge value {transformation:[-0.3573721372315952f,0.533801449213569f,-0.47680307082485907f,0.6144824648057415f,0.028463906755438084f,0.5431115069141548f,0.5867023922481089f,1.024438718754859f,0.7151747769201173f,0.24512426210991378f,-0.2616087433216456f,0.2686177197516548f,0f,0f,0f,1f],start_interpolation:0}
execute if entity @s[tag=aj.axia.bone.blade] run data modify entity @s {} merge value {transformation:[-1.456746390342843f,1.1334032963702898f,-0.7702512070747155f,1.2302676418600882f,0.7920596489511367f,-0.22096364039812846f,-1.8231337257934228f,0.5739070778235709f,-1.1182716426371977f,-1.632964187420828f,-0.2879175157480626f,0.5159681233120564f,0f,0f,0f,1f],start_interpolation:0}
execute if entity @s[tag=aj.axia.bone.arm_right_2] run data modify entity @s {} merge value {transformation:[0.6622723342876629f,0.697019805524418f,0.27487951168443325f,1.0416946720188827f,-0.29537552808610895f,0.5800335207820473f,-0.7591537473904968f,0.7080450268090385f,-0.6885845283224291f,0.42157384344369f,0.5900227469166699f,0.7977142018350185f,0f,0f,0f,1f],start_interpolation:0}
execute if entity @s[tag=aj.axia.bone.arm_right_1] run data modify entity @s {} merge value {transformation:[0.5029554282461145f,0.697019805524418f,-0.5110765382058444f,0.9189050575654106f,-0.8145247180691054f,0.5800335207820473f,-0.010516578513298805f,0.9536426644560979f,0.2891112603345145f,0.42157384344369f,0.8594708684253956f,0.6331687245664186f,0f,0f,0f,1f],start_interpolation:0}
execute if entity @s[tag=aj.axia.bone.arm_left_2] run data modify entity @s {} merge value {transformation:[-0.7858806826430794f,-0.034109109489427136f,-0.6174367346524546f,1.286105634652225f,0.4823952775769082f,0.5908894550710129f,-0.6466408957507859f,0.7658572944907573f,0.3868932007931194f,-0.8060311535764109f,-0.4479145349777515f,-0.2399719075477461f,0f,0f,0f,1f],start_interpolation:0}
execute if entity @s[tag=aj.axia.bone.arm_left_1] run data modify entity @s {} merge value {transformation:[-0.7040643031856171f,-0.35080669275466475f,-0.6174367346524546f,1.0209852500427603f,0.2003536212341534f,0.7360122134862861f,-0.6466408957507859f,0.8432899406207095f,0.6812869317975451f,-0.5789824573487108f,-0.4479145349777515f,0.013701371697118603f,0f,0f,0f,1f],start_interpolation:0}
execute if entity @s[tag=aj.axia.bone.ear_edge_a1] run data modify entity @s {} merge value {transformation:[-0.47082049102623064f,0.8748282968130702f,-0.11403296157235321f,1.558292297123891f,0.3729211939136319f,0.3144880622597544f,0.8729416027582464f,1.2479006123716607f,0.799536020676899f,0.36847348587279294f,-0.47430943681198456f,0.4147508609162111f,0f,0f,0f,1f],start_interpolation:0}
execute if entity @s[tag=aj.axia.bone.ear_edge_a2] run data modify entity @s {} merge value {transformation:[-0.6018772061138947f,0.7904051571413048f,-0.11403296157235321f,1.4969302792352783f,0.3191331434081691f,0.3689539198223604f,0.8729416027582464f,1.2883780571832322f,0.7320504528643867f,0.4890119554899905f,-0.47430943681198456f,0.5040000617370799f,0f,0f,0f,1f],start_interpolation:0}
execute if entity @s[tag=aj.axia.bone.ear_edge_b1] run data modify entity @s {} merge value {transformation:[-0.4252742060956062f,0.7073898846124597f,0.564571873881194f,1.4841793511274126f,0.276441360916138f,-0.49245726838657083f,0.8252672371953647f,1.3908165374268147f,0.861813218513493f,0.5070358862656643f,0.013877551448531589f,0.47711384077126656f,0f,0f,0f,1f],start_interpolation:0}
execute if entity @s[tag=aj.axia.bone.ear_edge_b2] run data modify entity @s {} merge value {transformation:[-0.6230553009136576f,0.5413508023691004f,0.564571873881194f,1.5070071623500974f,0.4150890226077084f,-0.38292961562473454f,0.8252672371953647f,1.3754313056499383f,0.6629503716825034f,0.7485347141260879f,0.013877551448531589f,0.4633497097433642f,0f,0f,0f,1f],start_interpolation:0}
execute if entity @s[tag=aj.axia.bone.ear_right_2] run data modify entity @s {} merge value {transformation:[-0.5306985330907047f,0.6321531983606912f,0.564571873881194f,1.6194974996761662f,0.3500751983703485f,-0.44314934581683707f,0.8252672371953647f,1.335794679692513f,0.7718849800723782f,0.6356107229306769f,0.013877551448531589f,0.4959151273244178f,0f,0f,0f,1f],start_interpolation:0}
execute if entity @s[tag=aj.axia.bone.ear_right_1] run data modify entity @s {} merge value {transformation:[-0.5306985330907047f,0.8398544818302826f,-0.11403296157235321f,1.430530241264353f,0.3500751983703485f,0.33973565261806854f,0.8729416027582464f,1.2593541578534477f,0.7718849800723782f,0.42334871641445004f,-0.47430943681198456f,0.40066166613116666f,0f,0f,0f,1f],start_interpolation:0}
execute if entity @s[tag=aj.axia.bone.ear_edge_a3] run data modify entity @s {} merge value {transformation:[-0.7230982163780044f,0.4777898614588728f,-0.49884448253745334f,1.3055940082315596f,0.09105902505551518f,0.7818161528497246f,0.6168239271454983f,1.3967787847520958f,0.6847168929031089f,0.40059998930400254f,-0.6088369446270039f,0.6861286832435218f,0f,0f,0f,1f],start_interpolation:0}
execute if entity @s[tag=aj.axia.bone.ear_edge_a4] run data modify entity @s {} merge value {transformation:[-0.6394528760427303f,0.5850249580681331f,-0.49884448253745334f,1.3851449158345794f,0.21224092898415092f,0.7579459287869745f,0.6168239271454983f,1.3799699220393298f,0.7389545367508241f,0.28855461783279335f,-0.6088369446270039f,0.603920071414595f,0f,0f,0f,1f],start_interpolation:0}
execute if entity @s[tag=aj.axia.bone.ear_edge_b3] run data modify entity @s {} merge value {transformation:[-0.7742870082135982f,0.49059777669513943f,-0.3997417296373013f,1.384222621183554f,0.041166936041040575f,0.6693783560636348f,0.7417802233886654f,1.3825365968340337f,0.631494190225554f,0.5578946477027107f,-0.538487371974534f,0.5717359841644075f,0f,0f,0f,1f],start_interpolation:0}
execute if entity @s[tag=aj.axia.bone.ear_edge_b4] run data modify entity @s {} merge value {transformation:[-0.5847876542428581f,0.7058540564675633f,-0.3997417296373013f,1.3724434363887665f,0.24600137046816525f,0.6238953645582295f,0.7417802233886654f,1.3948089549919405f,0.7729855918275061f,0.3354469034751101f,-0.538487371974534f,0.597385655815606f,0f,0f,0f,1f],start_interpolation:0}
execute if entity @s[tag=aj.axia.bone.ear_left_2] run data modify entity @s {} merge value {transformation:[-0.6880078495396318f,0.6056828778811812f,-0.3997417296373013f,1.392872691893779f,0.14537394778608542f,0.6546972701138671f,0.7417802233886654f,1.496638651487429f,0.7109933996015292f,0.45223858299245095f,-0.538487371974534f,0.6644602632494002f,0f,0f,0f,1f],start_interpolation:0}
execute if entity @s[tag=aj.axia.bone.ear_left_1] run data modify entity @s {} merge value {transformation:[-0.6880078495396318f,0.5270667711151896f,-0.49884448253745334f,1.2742826683928616f,0.14537394778608542f,0.7735597315048744f,0.6168239271454983f,1.3225877118988325f,0.7109933996015292f,0.3518607119021883f,-0.6088369446270039f,0.5852916030714079f,0f,0f,0f,1f],start_interpolation:0}
execute if entity @s[tag=aj.axia.bone.head] run data modify entity @s {} merge value {transformation:[-0.6249902914859649f,0.6401555729617037f,-0.44675270335428485f,1.0382877456655555f,0.2529342161815388f,0.7074852367531096f,0.659915844680992f,0.9077623808938904f,0.738519747760965f,0.29944195127348033f,-0.6040886524216551f,0.3583904049618053f,0f,0f,0f,1f],start_interpolation:0}
execute if entity @s[tag=aj.axia.bone.body_1] run data modify entity @s {} merge value {transformation:[-0.23456971600980459f,0.7475995378619219f,-0.6213469073872666f,0.7579379189673348f,0.109381654946615f,0.6554197836580725f,0.7473021883754557f,0.6619799620221132f,0.9659258262890683f,0.10733050907475575f,-0.23551530720854316f,0.31814146405877186f,0f,0f,0f,1f],start_interpolation:0}
execute if entity @s[tag=aj.axia.bone.leg_left_2] run data modify entity @s {} merge value {transformation:[-0.2678763033602916f,0.944060139878178f,-0.19233496403727596f,0.3699496914973594f,-0.04392171360696658f,0.18745718022970898f,0.9812903182311308f,0.23325270255305733f,0.9624516451083933f,0.27131210417805096f,-0.008750597386796233f,0.09725321010963159f,0f,0f,0f,1f],start_interpolation:0}
execute if entity @s[tag=aj.axia.bone.leg_left_1] run data modify entity @s {} merge value {transformation:[-0.2678763033602916f,0.7485811683228689f,-0.6065216570992282f,0.6290502119986411f,-0.04392171360696658f,0.619385993244984f,0.7838570497518997f,0.46370717576848164f,0.9624516451083933f,0.2366161993699782f,-0.13303986253696337f,0.17988473285347428f,0f,0f,0f,1f],start_interpolation:0}
execute if entity @s[tag=aj.axia.bone.leg_right_2] run data modify entity @s {} merge value {transformation:[-0.23456971600980459f,-0.465644903789751f,-0.853318153976413f,0.8563014370202007f,0.109381654946615f,0.8595919897366748f,-0.4991365191424928f,0.4124054279623236f,0.9659258262890683f,-0.21041966342330737f,-0.15070123872285435f,0.4996998956591848f,0f,0f,0f,1f],start_interpolation:0}
execute if entity @s[tag=aj.axia.bone.leg_right_1] run data modify entity @s {} merge value {transformation:[-0.23456971600980459f,-0.9170228945485313f,-0.32256171379274534f,0.5289787527519151f,0.109381654946615f,0.3048138174849612f,-0.9461100307212605f,0.48170605157073176f,0.9659258262890683f,-0.25721109529738034f,0.028805391226341796f,0.41236378382169814f,0f,0f,0f,1f],start_interpolation:0}
execute if entity @s[tag=aj.axia.bone.coat_downer] run data modify entity @s {} merge value {transformation:[-0.23456971600980459f,0.49000061071224943f,-0.839569204909698f,0.6512972086921663f,0.109381654946615f,0.8714855357963465f,0.4780675835683639f,0.48527271262451255f,0.9659258262890683f,0.020306708235888146f,-0.25802119236295923f,0.32034282382985574f,0f,0f,0f,1f],start_interpolation:0}
execute if entity @s[tag=aj.axia.bone.body_2] run data modify entity @s {} merge value {transformation:[-0.23456971600980459f,0.3208005628431967f,-0.9176404781887991f,0.7248086603587697f,0.109381654946615f,0.9466934872619178f,0.302996855985353f,0.6959449945053269f,0.9659258262890683f,-0.0292991476899461f,-0.257155318926954f,0.3062500000000001f,0f,0f,0f,1f],start_interpolation:0}