execute if entity @s[tag=aj.axia.bone.wing_right_1] run data modify entity @s {} merge value {transformation:[-0.7510824395470493f,-0.13243609882847934f,-0.29202789794057443f,0.056176694708981414f,-0.1469132729600899f,0.8032287060025495f,0.013586041589382718f,1.325389780181037f,0.28501947946877493f,0.06502899372593404f,-0.7625480776598846f,-0.01788621046021946f,0f,0f,0f,1f],start_interpolation:0}
execute if entity @s[tag=aj.axia.bone.wing_right_2] run data modify entity @s {} merge value {transformation:[-0.7225332637468448f,0.1900281538103587f,-0.28606814492137905f,0.056176694708981414f,0.19852164318096013f,0.7748625901959428f,0.013308775434497357f,1.325389780181037f,0.2802406822145279f,-0.05896835655044999f,-0.7469858719933564f,-0.01788621046021946f,0f,0f,0f,1f],start_interpolation:0}
execute if entity @s[tag=aj.axia.bone.wing_left_1] run data modify entity @s {} merge value {transformation:[-0.7510824395470502f,0.13243609882847956f,0.29202789794057205f,-0.007047199943392257f,0.1469132729600899f,0.8032287060025495f,0.013586041589382718f,1.325389780181037f,-0.2850194794687726f,0.06502899372593363f,-0.7625480776598855f,-0.017886210460219362f,0f,0f,0f,1f],start_interpolation:0}
execute if entity @s[tag=aj.axia.bone.wing_left_2] run data modify entity @s {} merge value {transformation:[-0.7225332637468457f,-0.19002815381035887f,0.2860681449213767f,-0.007047199943392257f,-0.19852164318096013f,0.7748625901959428f,0.013308775434497357f,1.325389780181037f,-0.28024068221452564f,-0.058968356550449394f,-0.7469858719933573f,-0.017886210460219362f,0f,0f,0f,1f],start_interpolation:0}
execute if entity @s[tag=aj.axia.bone.blade] run data modify entity @s {} merge value {transformation:[-0.2479345519449615f,0.18673622483266444f,1.9757677090911008f,-0.5907425126411725f,1.8723367076380961f,-0.6381020514522442f,0.2952643310042211f,1.2532237670764357f,0.6579389874318013f,1.8862543185550782f,-0.09571277108899316f,0.8431513023992255f,0f,0f,0f,1f],start_interpolation:0}
execute if entity @s[tag=aj.axia.bone.arm_right_2] run data modify entity @s {} merge value {transformation:[-0.44965193942165327f,-0.8900322840328002f,0.07520416712990682f,-0.5151174180314696f,-0.4368421639799018f,0.1456925768395526f,-0.8876613074947043f,1.4113698364080245f,0.779090532058825f,-0.4319909795738891f,-0.4543145787041059f,0.5389367210850022f,0f,0f,0f,1f],start_interpolation:0}
execute if entity @s[tag=aj.axia.bone.arm_right_1] run data modify entity @s {} merge value {transformation:[-0.6392846444692349f,-0.7670349169957694f,0.05452136695954418f,-0.27387275261720495f,-0.35338133790017084f,0.23007328548836495f,-0.9067457820847444f,1.5403717183447718f,0.6829617656719368f,-0.5989354885243342f,-0.4181381436994095f,0.2832663873323042f,0f,0f,0f,1f],start_interpolation:0}
execute if entity @s[tag=aj.axia.bone.arm_left_2] run data modify entity @s {} merge value {transformation:[0.24591120456033302f,0.872460202289207f,0.42230424446500914f,0.413146259878853f,0.6358792471269098f,0.18361986684097642f,-0.7496274591919753f,1.2528013084742093f,-0.731563573823219f,0.45287629649030897f,-0.5096251539437799f,0.5555790978941746f,0f,0f,0f,1f],start_interpolation:0}
execute if entity @s[tag=aj.axia.bone.arm_left_1] run data modify entity @s {} merge value {transformation:[-0.1418902759241447f,0.8704691497724051f,0.4713285572641193f,0.3605022473827951f,0.7133684789320481f,0.4200259778485991f,-0.5609666578313761f,1.5134470207808024f,-0.6862744078459768f,0.25663522210880224f,-0.6805628552226602f,0.3153760567624082f,0f,0f,0f,1f],start_interpolation:0}
execute if entity @s[tag=aj.axia.bone.ear_edge_a1] run data modify entity @s {} merge value {transformation:[-0.9867548079467453f,0.1546772186014236f,0.04888667548227271f,0.2094214801676837f,0.1620589226952214f,0.9533304452693235f,0.2547507952832673f,2.1761516578762565f,-0.007201011654335527f,0.2592990940368291f,-0.9657702238435568f,0.39476147264261785f,0f,0f,0f,1f],start_interpolation:0}
execute if entity @s[tag=aj.axia.bone.ear_edge_a2] run data modify entity @s {} merge value {transformation:[-0.9988030667810194f,-0.0015895751387134116f,0.04888667548227271f,0.09435831821088647f,0.010929970223207214f,0.9669449664037051f,0.2547507952832673f,2.1871549011568763f,-0.047675670312544785f,0.25498020550116385f,-0.9657702238435568f,0.3918394831129737f,0f,0f,0f,1f],start_interpolation:0}
execute if entity @s[tag=aj.axia.bone.ear_edge_b1] run data modify entity @s {} merge value {transformation:[-0.972794026016248f,0.21941164219289283f,0.0743660824389557f,0.07381079192981925f,0.22292793779246486f,0.7991853955501418f,0.558216658736518f,2.190568932493782f,0.0630469467833178f,0.5596081082414562f,-0.8263557633923299f,0.3482157424906376f,0f,0f,0f,1f],start_interpolation:0}
execute if entity @s[tag=aj.axia.bone.ear_edge_b2] run data modify entity @s {} merge value {transformation:[-0.9929840236570688f,-0.09193701400687393f,0.0743660824389557f,0.10260577621864526f,-0.034944800979493956f,0.8289589994647149f,0.558216658736518f,2.198195214285133f,-0.11296720606583686f,0.5517015159141386f,-0.8263557633923299f,0.35595876069061405f,0f,0f,0f,1f],start_interpolation:0}
execute if entity @s[tag=aj.axia.bone.ear_right_2] run data modify entity @s {} merge value {transformation:[-0.9951408601668948f,0.06453180773056827f,0.0743660824389557f,0.1601900181797275f,0.09516318512968397f,0.8242197098498744f,0.558216658736518f,2.30117904885576f,-0.02527126079692269f,0.5625811192050563f,-0.8263557633923299f,0.39289152969250773f,0f,0f,0f,1f],start_interpolation:0}
execute if entity @s[tag=aj.axia.bone.ear_right_1] run data modify entity @s {} merge value {transformation:[-0.9951408601668948f,0.08546789681853381f,0.04888667548227271f,0.14095974139555742f,0.09516318512968397f,0.9623128392048585f,0.2547507952832673f,2.0846586600346675f,-0.02527126079692269f,0.25816513729568547f,-0.9657702238435568f,0.3348043738009786f,0f,0f,0f,1f],start_interpolation:0}
execute if entity @s[tag=aj.axia.bone.ear_edge_a3] run data modify entity @s {} merge value {transformation:[-0.9818453751330826f,-0.18935512385109782f,-0.011148829584823765f,-0.1821884495601604f,-0.18276083455711295f,0.9286453412735235f,0.32282550624597256f,2.165958797163041f,-0.05077535506290047f,0.3190022996818617f,-0.9463928339309845f,0.3898368185466002f,0f,0f,0f,1f],start_interpolation:0}
execute if entity @s[tag=aj.axia.bone.ear_edge_a4] run data modify entity @s {} merge value {transformation:[-0.999378896788478f,-0.033429392048509005f,-0.011148829584823765f,-0.06741186015310052f,-0.03523860823527111f,0.9458022695080999f,0.32282550624597256f,2.1795489681548843f,-0.0002472720878696488f,0.3230178675253034f,-0.9463928339309845f,0.39312047527282085f,0f,0f,0f,1f],start_interpolation:0}
execute if entity @s[tag=aj.axia.bone.ear_edge_b3] run data modify entity @s {} merge value {transformation:[-0.9635369579815178f,-0.2620149960590575f,-0.05426483616389772f,-0.045158158708091964f,-0.23449131719264463f,0.7291726024001652f,0.6429005662388463f,2.19008590202208f,-0.12888115752498921f,0.6321830887876887f,-0.764024992710236f,0.3419257781585896f,0f,0f,0f,1f],start_interpolation:0}
execute if entity @s[tag=aj.axia.bone.ear_edge_b4] run data modify entity @s {} merge value {transformation:[-0.9973451891428657f,0.04855822535561306f,-0.05426483616389772f,-0.07442752316511678f,0.002312230743559185f,0.7659461570624657f,0.6429005662388463f,2.1962411572717144f,0.07278205330003892f,0.6410683140130653f,-0.764024992710236f,0.34918406735740865f,0f,0f,0f,1f],start_interpolation:0}
execute if entity @s[tag=aj.axia.bone.ear_left_2] run data modify entity @s {} merge value {transformation:[-0.9926623948718691f,-0.10805876810028187f,-0.05426483616389772f,-0.13602431180781308f,-0.11753661398350844f,0.7568778014336678f,0.6429005662388463f,2.2934221297586594f,-0.028399193307854294f,0.6445613208482083f,-0.764024992710236f,0.39443159487713736f,0f,0f,0f,1f],start_interpolation:0}
execute if entity @s[tag=aj.axia.bone.ear_left_1] run data modify entity @s {} merge value {transformation:[-0.9926623948718691f,-0.12040379315509006f,-0.011148829584823765f,-0.10887732092084362f,-0.11753661398350844f,0.9391319592529705f,0.32282550624597256f,2.080491923604554f,-0.028399193307854294f,0.32176713583513006f,-0.9463928339309845f,0.32679933784648696f,0f,0f,0f,1f],start_interpolation:0}
execute if entity @s[tag=aj.axia.bone.head] run data modify entity @s {} merge value {transformation:[-0.9993482492656042f,-0.0185206146641681f,0.030984891838333268f,0.024564747382795148f,-0.01666694572045383f,0.9981159195016892f,0.05904933664020958f,1.5691955913049882f,-0.032020143817966466f,0.0584944276812651f,-0.997774078797459f,0.332003901599505f,0f,0f,0f,1f],start_interpolation:0}
execute if entity @s[tag=aj.axia.bone.body_1] run data modify entity @s {} merge value {transformation:[-1f,2.8360311357710106e-17f,-1.5917882162644104e-15f,0.024564747382795137f,0f,0.9998413215157692f,0.017813808958227234f,1.1942550957365747f,1.592040838891559e-15f,0.017813808958227234f,-0.9998413215157692f,0.3253237232401698f,0f,0f,0f,1f],start_interpolation:0}
execute if entity @s[tag=aj.axia.bone.leg_left_2] run data modify entity @s {} merge value {transformation:[-0.9891089308076355f,-0.05107104100515368f,-0.13804083369505596f,0.1959077497089501f,-0.10117640218662277f,0.9170709686068083f,0.38567366280203963f,0.6202979161655926f,0.10689648561644555f,0.39543973916289754f,-0.9122502694182297f,0.5684339614777066f,0f,0f,0f,1f],start_interpolation:0}
execute if entity @s[tag=aj.axia.bone.leg_left_1] run data modify entity @s {} merge value {transformation:[-0.9891089308076355f,-0.1421316613268328f,-0.03823759727088886f,0.14956474738279518f,-0.10117640218662277f,0.8452557459527437f,-0.5246961592907287f,0.854270110000189f,0.10689648561644555f,-0.5151129145947959f,-0.850430377268185f,0.3610762305895624f,0f,0f,0f,1f],start_interpolation:0}
execute if entity @s[tag=aj.axia.bone.leg_right_2] run data modify entity @s {} merge value {transformation:[-0.9883289254771505f,0.14879625693052734f,0.03264366689950096f,-0.14015872689740472f,0.1342227163199212f,0.9519329185984658f,-0.2753324915666671f,0.765782142761581f,-0.07204302526187412f,-0.267737543897137f,-0.9607946763482016f,0.6601272289635651f,0f,0f,0f,1f],start_interpolation:0}
execute if entity @s[tag=aj.axia.bone.leg_right_1] run data modify entity @s {} merge value {transformation:[-0.9883289254771505f,0.12677874014945492f,-0.08445759948813406f,-0.10043525261720485f,0.1342227163199212f,0.4625284013469718f,-0.8763856116864976f,0.8847565326624961f,-0.07204302526187412f,-0.8774933783189087f,-0.47414678478039407f,0.3368371841340812f,0f,0f,0f,1f],start_interpolation:0}
execute if entity @s[tag=aj.axia.bone.coat_downer] run data modify entity @s {} merge value {transformation:[-1f,-1.2504877672246813e-16f,-1.5871221868963818e-15f,0.01675224738279519f,0f,0.9969104737296803f,-0.07854621167226587f,0.9431788406325445f,1.592040838891559e-15f,-0.07854621167226587f,-0.9969104737296803f,0.35708812967942966f,0f,0f,0f,1f],start_interpolation:0}
execute if entity @s[tag=aj.axia.bone.body_2] run data modify entity @s {} merge value {transformation:[-1f,-3.107313080825453e-16f,-1.5614224562481e-15f,0.02456474738279512f,0f,0.9807678409400749f,-0.19517797564721304f,1.1623191550925924f,1.592040838891559e-15f,-0.19517797564721304f,-0.9807678409400749f,0.31347805074575547f,0f,0f,0f,1f],start_interpolation:0}