execute if entity @s[tag=aj.axia.bone.wing_right_1] run data modify entity @s {} merge value {transformation:[-0.25779547608611947f,0.31179922769664264f,-0.7094132635930573f,0.392968787944352f,-0.07308231214761718f,0.7345252229898871f,0.34939392794846813f,1.166642894110941f,0.7714563581986564f,0.17377681906364362f,-0.20396359723105603f,0.04365629037132149f,0f,0f,0f,1f],start_interpolation:0}
execute if entity @s[tag=aj.axia.bone.wing_right_2] run data modify entity @s {} merge value {transformation:[-0.11659706870624773f,0.378774147980461f,-0.6949354418870767f,0.392968787944352f,0.20890021845203474f,0.6922546039053351f,0.3422634396229892f,1.166642894110941f,0.7633910022392213f,-0.1315815647936416f,-0.1998010748385855f,0.04365629037132149f,0f,0f,0f,1f],start_interpolation:0}
execute if entity @s[tag=aj.axia.bone.wing_left_1] run data modify entity @s {} merge value {transformation:[-0.43089485111826276f,0.4332339137357162f,-0.5418324904557206f,0.3685307573531751f,0.3325576254779058f,0.6887727244219743f,0.2862551384224784f,1.175850320721042f,0.6088345402986851f,-0.06960570756776689f,-0.5398333006194815f,0.09263562094959263f,0f,0f,0f,1f],start_interpolation:0}
execute if entity @s[tag=aj.axia.bone.wing_left_2] run data modify entity @s {} merge value {transformation:[-0.552274326572725f,0.23080576784991552f,-0.5307746845280529f,0.3685307573531751f,0.04310798902809265f,0.7480041044874078f,0.2804131968220197f,1.175850320721042f,0.5771782822409354f,0.16498047519995157f,-0.5288162944843902f,0.09263562094959263f,0f,0f,0f,1f],start_interpolation:0}
execute if entity @s[tag=aj.axia.bone.blade] run data modify entity @s {} merge value {transformation:[-0.8196426930792058f,1.6596949485847134f,-0.7573628808730021f,1.0482194983553217f,0.7896006113565078f,-0.42575233024197157f,-1.7875306508809745f,0.9776918769610634f,-1.644602301538976f,-1.031575315202878f,-0.4807656797617604f,0.5690527643310911f,0f,0f,0f,1f],start_interpolation:0}
execute if entity @s[tag=aj.axia.bone.arm_right_2] run data modify entity @s {} merge value {transformation:[0.9541337324893993f,0.29028284252431447f,0.07324405683638646f,0.741503118065881f,-0.17780372793095128f,0.7462754899210685f,-0.6414504871593172f,1.0979637564998568f,-0.24086231515059375f,0.5990064811661667f,0.7636599902189607f,0.7100809895810765f,0f,0f,0f,1f],start_interpolation:0}
execute if entity @s[tag=aj.axia.bone.arm_right_1] run data modify entity @s {} merge value {transformation:[0.6088003559988195f,0.25375282204697336f,-0.7516459484617128f,0.5923507531890578f,-0.5852556870450396f,0.7832915182289055f,-0.20959527249462145f,1.2932887809234717f,0.5355725042579663f,0.5675067424919753f,0.6253784373553326f,0.4889894122865469f,0f,0f,0f,1f],start_interpolation:0}
execute if entity @s[tag=aj.axia.bone.arm_left_2] run data modify entity @s {} merge value {transformation:[-0.8142961849091221f,-0.004355344406852979f,-0.5804332469953342f,1.1344658313330034f,0.5487901464961501f,0.3199609205251786f,-0.7723045930495392f,0.9979503864241401f,0.1890796085017704f,-0.9474207303578375f,-0.2581527868085858f,-0.28132841713513634f,0f,0f,0f,1f],start_interpolation:0}
execute if entity @s[tag=aj.axia.bone.arm_left_1] run data modify entity @s {} merge value {transformation:[-0.7385161442534544f,-0.34306143831603203f,-0.5804332469953342f,0.8543775458857991f,0.36569794195225047f,0.519432989717128f,-0.7723045930495392f,1.1378001212818076f,0.5664441013276591f,-0.782622654115035f,-0.2581527868085858f,-0.0699576197298026f,0f,0f,0f,1f],start_interpolation:0}
execute if entity @s[tag=aj.axia.bone.ear_edge_a1] run data modify entity @s {} merge value {transformation:[-0.6444803098367454f,0.6614364391677504f,-0.38359740245968776f,1.1338643772620525f,0.31726859458213363f,0.6877870311271596f,0.652908599043668f,1.7636786318571682f,0.6956908574392872f,0.2990833274429963f,-0.6531182083826903f,0.2682299717913377f,0f,0f,0f,1f],start_interpolation:0}
execute if entity @s[tag=aj.axia.bone.ear_edge_a2] run data modify entity @s {} merge value {transformation:[-0.7400171432882175f,0.5524741265124787f,-0.38359740245968776f,1.054192986991929f,0.20576889542979324f,0.7289509743243625f,0.652908599043668f,1.7947260425176972f,0.6403388082204207f,0.4042311424987397f,-0.6531182083826903f,0.3460609970235813f,0f,0f,0f,1f],start_interpolation:0}
execute if entity @s[tag=aj.axia.bone.ear_edge_b1] run data modify entity @s {} merge value {transformation:[-0.5735960780509846f,0.7831759022035155f,-0.24004800655751898f,1.0223897245362679f,0.351024111436761f,0.49978932622377364f,0.7918287078546841f,1.8112949070528235f,0.7401145941234786f,0.3699272031096068f,-0.5615908225433733f,0.33939355817358f,0f,0f,0f,1f],start_interpolation:0}
execute if entity @s[tag=aj.axia.bone.ear_edge_b2] run data modify entity @s {} merge value {transformation:[-0.7875369511175505f,0.5675936091714163f,-0.24004800655751898f,1.0503167957945507f,0.1794003731482971f,0.5838003113492087f,0.7918287078546841f,1.8105996886813758f,0.5895770151038158f,0.5805296644413038f,-0.5615908225433733f,0.3264760898708985f,0f,0f,0f,1f],start_interpolation:0}
execute if entity @s[tag=aj.axia.bone.ear_right_2] run data modify entity @s {} merge value {transformation:[-0.6890498617956631f,0.6838035116224098f,-0.24004800655751898f,1.1509821573540568f,0.26851814625322373f,0.548548359353953f,0.7918287078546841f,1.8823354648970327f,0.6731331911977823f,0.48115221598050195f,-0.5615908225433733f,0.32894751134064293f,0f,0f,0f,1f],start_interpolation:0}
execute if entity @s[tag=aj.axia.bone.ear_right_1] run data modify entity @s {} merge value {transformation:[-0.6890498617956631f,0.6148685394338843f,-0.38359740245968776f,1.012636735981433f,0.26851814625322373f,0.7082431548751933f,0.652908599043668f,1.7229807550501144f,0.6731331911977823f,0.3468837165202123f,-0.6531182083826903f,0.25089867512359526f,0f,0f,0f,1f],start_interpolation:0}
execute if entity @s[tag=aj.axia.bone.ear_edge_a3] run data modify entity @s {} merge value {transformation:[-0.7922296253937925f,0.21327659751000216f,-0.5717388508777133f,0.8244026024494376f,-0.048276738767949336f,0.9120918630158792f,0.40713362660698266f,1.8402916727956304f,0.6083104282702562f,0.35014500763937684f,-0.7122898963784888f,0.5071798203197262f,0f,0f,0f,1f],start_interpolation:0}
execute if entity @s[tag=aj.axia.bone.ear_edge_a4] run data modify entity @s {} merge value {transformation:[-0.7491121536384246f,0.33458282631993164f,-0.5717388508777133f,0.9140608140349403f,0.09500023065537577f,0.9084146444555325f,0.40713362660698266f,1.8385035121633422f,0.6555958644215404f,0.2506734251381567f,-0.7122898963784888f,0.4341911348825821f,0f,0f,0f,1f],start_interpolation:0}
execute if entity @s[tag=aj.axia.bone.ear_edge_b3] run data modify entity @s {} merge value {transformation:[-0.8202146281542062f,0.22178012073842696f,-0.5273154101741258f,0.9182903466839316f,-0.11695814619740649f,0.8373050679025299f,0.5340795964112521f,1.8367712028669205f,0.5599721026979145f,0.49973373041049435f,-0.6608308731363024f,0.404775796303686f,0f,0f,0f,1f],start_interpolation:0}
execute if entity @s[tag=aj.axia.bone.ear_edge_b4] run data modify entity @s {} merge value {transformation:[-0.7115366405439625f,0.4643856881475848f,-0.5273154101741258f,0.9008235859645174f,0.14750768838330633f,0.8324664957612454f,0.5340795964112521f,1.847772320085071f,0.6869913325735817f,0.30223412460985727f,-0.6608308731363024f,0.4276045789020471f,0f,0f,0f,1f],start_interpolation:0}
execute if entity @s[tag=aj.axia.bone.ear_left_2] run data modify entity @s {} merge value {transformation:[-0.7754223704692121f,0.3473594760026013f,-0.5273154101741258f,0.8847779010147581f,0.015465173036006492f,0.8452927381210372f,0.5340795964112521f,1.9576652950238427f,0.6312534956725978f,0.4059822426055576f,-0.6608308731363024f,0.481934263098162f,0f,0f,0f,1f],start_interpolation:0}
execute if entity @s[tag=aj.axia.bone.ear_left_1] run data modify entity @s {} merge value {transformation:[-0.7754223704692121f,0.26802021150081246f,-0.5717388508777133f,0.8244733534270754f,0.015465173036006492f,0.9132376681394677f,0.40713362660698266f,1.7521868196924628f,0.6312534956725978f,0.30685848158108214f,-0.7122898963784888f,0.41289110474241864f,0f,0f,0f,1f],start_interpolation:0}
execute if entity @s[tag=aj.axia.bone.head] run data modify entity @s {} merge value {transformation:[-0.7526535302174302f,0.32398089100255784f,-0.5731919798081868f,0.7704270874344491f,0.11682425856939416f,0.922460018004198f,0.3679940322796095f,1.2533232146353992f,0.6479697184752936f,0.2100092794351804f,-0.7321416164173193f,0.2471445597355182f,0f,0f,0f,1f],start_interpolation:0}
execute if entity @s[tag=aj.axia.bone.body_1] run data modify entity @s {} merge value {transformation:[-0.44027350306264956f,0.43080980994123164f,-0.7877576722313424f,0.6088734087064872f,0.16588022315042886f,0.901293973111324f,0.40019111134652646f,0.9153379747186526f,0.882407498873682f,0.04552012402887255f,-0.46827868223942154f,0.230074513224691f,0f,0f,0f,1f],start_interpolation:0}
execute if entity @s[tag=aj.axia.bone.leg_left_2] run data modify entity @s {} merge value {transformation:[-0.41975981102615134f,0.7684161687736084f,-0.4830510248561525f,0.45369962654706086f,0.005996739252221258f,0.5345446665912079f,0.8451189493421829f,0.33209348020129126f,0.9076154142397708f,0.3518502394289137f,-0.22898835963468875f,0.06565446921930912f,0f,0f,0f,1f],start_interpolation:0}
execute if entity @s[tag=aj.axia.bone.leg_left_1] run data modify entity @s {} merge value {transformation:[-0.41975981102615134f,0.3727514387437515f,-0.8275615179319016f,0.564385481583876f,0.005996739252221258f,0.9128967264756896f,0.4081465495484565f,0.6574685307179078f,0.9076154142397708f,0.16636084787122574f,-0.38543265057586434f,0.11469537746972414f,0f,0f,0f,1f],start_interpolation:0}
execute if entity @s[tag=aj.axia.bone.leg_right_2] run data modify entity @s {} merge value {transformation:[-0.4464687205917194f,-0.3926888048540787f,-0.8040280990584027f,0.7240276929315581f,0.2052416760919339f,0.8296582937854602f,-0.5191752786371602f,0.6310876203347088f,0.870942900498171f,-0.3968155970917403f,-0.2898203684639137f,0.4891783328361291f,0f,0f,0f,1f],start_interpolation:0}
execute if entity @s[tag=aj.axia.bone.leg_right_1] run data modify entity @s {} merge value {transformation:[-0.4464687205917194f,-0.8353062074698367f,-0.3208258426242365f,0.42486021501539284f,0.2052416760919339f,0.2533873440177511f,-0.9453415828612448f,0.682739210483514f,0.870942900498171f,-0.4879122806960161f,0.058310122773366835f,0.32364511595087486f,0f,0f,0f,1f],start_interpolation:0}
execute if entity @s[tag=aj.axia.bone.coat_downer] run data modify entity @s {} merge value {transformation:[-0.44027350306264956f,0.2447336632303808f,-0.8638661219093974f,0.545883496344702f,0.16588022315042886f,0.9677436602848533f,0.18962056730755333f,0.7076138949552433f,0.882407498873682f,-0.05981339365320304f,-0.46666836604936063f,0.24654879222877318f,0f,0f,0f,1f],start_interpolation:0}
execute if entity @s[tag=aj.axia.bone.body_2] run data modify entity @s {} merge value {transformation:[-0.44027350306264956f,0.10528004543477558f,-0.8916699807295269f,0.5728466432392116f,0.16588022315042886f,0.985543696732501f,0.03445828490218189f,0.9265253754505487f,0.882407498873682f,-0.13273934557653816f,-0.4513726532117397f,0.2099960361165648f,0f,0f,0f,1f],start_interpolation:0}