execute if entity @s[tag=aj.axia.bone.wing_right_1] run data modify entity @s {} merge value {transformation:[-0.2331725323205144f,-0.26578454347955033f,-0.7361613892775484f,-0.3160548062902879f,-0.10890276979528438f,0.7716816538748338f,-0.2441148423352436f,1.1284427157954635f,0.7750581922324274f,0.02846833266653601f,-0.2557709857138481f,-0.2569191950013862f,0f,0f,0f,1f],start_interpolation:0}
execute if entity @s[tag=aj.axia.bone.wing_right_2] run data modify entity @s {} merge value {transformation:[-0.30967804198087284f,-0.15511268821777058f,-0.7211376874555576f,-0.3160548062902879f,0.18599757066420858f,0.7404190412213971f,-0.2391329067773815f,1.1284427157954635f,0.713795778932536f,-0.26023008540644144f,-0.25055116967887164f,-0.2569191950013862f,0f,0f,0f,1f],start_interpolation:0}
execute if entity @s[tag=aj.axia.bone.wing_left_1] run data modify entity @s {} merge value {transformation:[-0.4605841994566406f,-0.14345651361911224f,-0.6589589276696838f,-0.33826544952419724f,0.10890276979528438f,0.7716816538748338f,-0.2441148423352436f,1.1284427157954635f,0.6655425053189656f,-0.22554843873920966f,-0.4160835491106374f,-0.2107983190945378f,0f,0f,0f,1f],start_interpolation:0}
execute if entity @s[tag=aj.axia.bone.wing_left_2] run data modify entity @s {} merge value {transformation:[-0.36498691098757857f,-0.3001672526987726f,-0.6455107862886699f,-0.33826544952419724f,-0.18599757066420858f,0.7404190412213971f,-0.2391329067773815f,1.1284427157954635f,0.6871604314239568f,0.04097882140884836f,-0.4075920481083795f,-0.2107983190945378f,0f,0f,0f,1f],start_interpolation:0}
execute if entity @s[tag=aj.axia.bone.blade] run data modify entity @s {} merge value {transformation:[0.8493602512984543f,1.8106269577742893f,0.014737139995579936f,0.568626359417002f,-0.003229588803518854f,0.017792819979095986f,-1.9999182446573545f,1.4519855873338756f,-1.8106840512000948f,0.8493017339781044f,0.010480047299464798f,0.21605960294989013f,0f,0f,0f,1f],start_interpolation:0}
execute if entity @s[tag=aj.axia.bone.arm_right_2] run data modify entity @s {} merge value {transformation:[0.9650378992754293f,-0.04435382021491474f,0.2583303923165239f,0.07335547039149504f,0.06180134566796724f,0.9962947162151992f,-0.05981163862748111f,1.441366701536105f,-0.25472033023630947f,0.07368566396538048f,0.9642032857703225f,0.300606341103739f,0f,0f,0f,1f],start_interpolation:0}
execute if entity @s[tag=aj.axia.bone.arm_right_1] run data modify entity @s {} merge value {transformation:[0.9053134955256789f,-0.04435382021491474f,-0.4224218430093538f,-0.24643408264908567f,0.008896397201427764f,0.9962947162151992f,-0.08554351266174653f,1.4330120107237687f,0.42465083178525687f,0.07368566396538048f,0.9023536413125788f,0.13625749251472147f,0f,0f,0f,1f],start_interpolation:0}
execute if entity @s[tag=aj.axia.bone.arm_left_2] run data modify entity @s {} merge value {transformation:[-0.3528474318821016f,-0.0613668781333952f,0.9336663194537793f,0.34209976998012576f,-0.144567602443044f,0.9894402879494891f,0.010398312666099821f,1.4156949521715705f,-0.9244451839552609f,-0.13130888336511365f,-0.3579931270448239f,-0.2651066519345261f,0f,0f,0f,1f],start_interpolation:0}
execute if entity @s[tag=aj.axia.bone.arm_left_1] run data modify entity @s {} merge value {transformation:[-0.8704459561886096f,-0.0613668781333952f,0.4884239384213862f,0.05648469060573822f,-0.117429115049943f,0.9894402879494891f,-0.08496069397679869f,1.377163523795808f,-0.47805254971967703f,-0.13130888336511365f,-0.8684605557283088f,-0.4219676448112951f,0f,0f,0f,1f],start_interpolation:0}
execute if entity @s[tag=aj.axia.bone.ear_edge_a1] run data modify entity @s {} merge value {transformation:[-0.4300854109435057f,0.06947017759040731f,-0.9001113451785357f,-0.011823577410963224f,0.06969008103788994f,0.9966145903260724f,0.043619387365335965f,2.0967970850071067f,0.900094346109611f,-0.043968770448491776f,-0.4334707779386746f,-0.28837573331662925f,0f,0f,0f,1f],start_interpolation:0}
execute if entity @s[tag=aj.axia.bone.ear_edge_a2] run data modify entity @s {} merge value {transformation:[-0.4356578759165743f,0.0013347032425637395f,-0.9001113451785357f,-0.06199138474642989f,-0.08707278979269381f,0.9952465414778341f,0.043619387365335965f,2.0967970850071067f,0.8958909221716538f,0.09737833559711405f,-0.4334707779386746f,-0.1842012079654115f,0f,0f,0f,1f],start_interpolation:0}
execute if entity @s[tag=aj.axia.bone.ear_edge_b1] run data modify entity @s {} merge value {transformation:[-0.42239408118182636f,0.1066902360267688f,-0.9001113451785357f,-0.07172821472745844f,0.15628557409255195f,0.9867482801487086f,0.043619387365335965f,2.09055303362222f,0.8928370845306116f,-0.12224984728055138f,-0.4334707779386746f,-0.16461079987309657f,0f,0f,0f,1f],start_interpolation:0}
execute if entity @s[tag=aj.axia.bone.ear_edge_b2] run data modify entity @s {} merge value {transformation:[-0.43468973941862593f,-0.029058505210249108f,-0.9001113451785357f,-0.05903398818911307f,-0.15628557409255195f,0.9867482801487086f,0.043619387365335965f,2.103041136391993f,0.8869158076022373f,0.1596353184558847f,-0.4334707779386746f,-0.18971397749675112f,0f,0f,0f,1f],start_interpolation:0}
execute if entity @s[tag=aj.axia.bone.ear_right_2] run data modify entity @s {} merge value {transformation:[-0.4338837391175495f,0.039299710053144f,-0.9001113451785357f,-0.06184781832537338f,0f,0.9990482215818578f,0.043619387365335965f,2.213675141482675f,0.9009688679024234f,0.01892574288808879f,-0.4334707779386746f,-0.24483061571797363f,0f,0f,0f,1f],start_interpolation:0}
execute if entity @s[tag=aj.axia.bone.ear_right_1] run data modify entity @s {} merge value {transformation:[-0.4338837391175495f,0.039299710053144f,-0.9001113451785357f,-0.07069025308733076f,0f,0.9990482215818578f,0.043619387365335965f,1.9888892916267575f,0.9009688679024234f,0.01892574288808879f,-0.4334707779386746f,-0.24908890786779359f,0f,0f,0f,1f],start_interpolation:0}
execute if entity @s[tag=aj.axia.bone.ear_edge_a3] run data modify entity @s {} merge value {transformation:[-0.3904343865857943f,-0.17751255742272834f,-0.9033550142267531f,-0.1918093276501539f,-0.19192530641654343f,0.9753697911243319f,-0.1087126824201895f,2.092651208753111f,0.9004030578181589f,0.1309315184335676f,-0.41488705806808435f,0.05182576873172326f,0f,0f,0f,1f],start_interpolation:0}
execute if entity @s[tag=aj.axia.bone.ear_edge_a4] run data modify entity @s {} merge value {transformation:[-0.4133965733565515f,-0.11424968887679421f,-0.9033550142267531f,-0.14534357624549515f,-0.03698093592183252f,0.9933851030991718f,-0.1087126824201895f,2.106921580207055f,0.9097998040862655f,-0.01153453649711969f,-0.41488705806808435f,-0.053085770528583646f,0f,0f,0f,1f],start_interpolation:0}
execute if entity @s[tag=aj.axia.bone.ear_edge_b3] run data modify entity @s {} merge value {transformation:[-0.4377985800373164f,0.19524210940193903f,-0.8776177539416525f,-0.18653185672224779f,-0.26804267520326247f,0.9034019213923205f,0.33469104065472405f,2.0959584939698273f,0.8581873499342602f,0.3817662729222491f,-0.3431748610721175f,-0.09692831274781938f,0f,0f,0f,1f],start_interpolation:0}
execute if entity @s[tag=aj.axia.bone.ear_edge_b4] run data modify entity @s {} merge value {transformation:[-0.3560380625464432f,0.3209734817466768f,-0.8776177539416525f,-0.19456777252223878f,0.024242813563959187f,0.9420160260292608f,0.33469104065472405f,2.1041649557492565f,0.9341569375692066f,0.09788682607713273f,-0.3431748610721175f,-0.06837408946442017f,0f,0f,0f,1f],start_interpolation:0}
execute if entity @s[tag=aj.axia.bone.ear_left_2] run data modify entity @s {} merge value {transformation:[-0.40186595809434605f,0.2613251417130058f,-0.8776177539416525f,-0.2128762723032503f,-0.12341942879086745f,0.9342106571338147f,0.33469104065472405f,2.21082521281167f,0.9073430422513029f,0.24281601760650726f,-0.3431748610721175f,-0.008590873338164641f,0f,0f,0f,1f],start_interpolation:0}
execute if entity @s[tag=aj.axia.bone.ear_left_1] run data modify entity @s {} merge value {transformation:[-0.40186595809434605f,-0.14984481971792088f,-0.9033550142267531f,-0.17916118786671814f,-0.12341942879086745f,0.9863818719329461f,-0.1087126824201895f,1.9888892916267575f,0.9073430422513029f,0.067803633573436f,-0.41488705806808435f,-0.023846690892187716f,0f,0f,0f,1f],start_interpolation:0}
execute if entity @s[tag=aj.axia.bone.head] run data modify entity @s {} merge value {transformation:[-0.4338837391175495f,-0.03929971005314409f,-0.9001113451785357f,-0.07665613953795886f,0f,0.9990482215818578f,-0.04361938736533605f,1.478240183921222f,0.9009688679024234f,-0.01892574288808878f,-0.4334707779386746f,-0.11322239433926155f,0f,0f,0f,1f],start_interpolation:0}
execute if entity @s[tag=aj.axia.bone.body_1] run data modify entity @s {} merge value {transformation:[-0.4338837391175495f,-0.27092656375105806f,-0.8592692814149812f,0.024941321868687923f,0f,0.9537169507482269f,-0.3007057995042731f,1.120596327390637f,0.9009688679024234f,-0.1304713566632462f,-0.4138022766504285f,-0.06429563559054423f,0f,0f,0f,1f],start_interpolation:0}
execute if entity @s[tag=aj.axia.bone.leg_left_2] run data modify entity @s {} merge value {transformation:[-0.4834229383641006f,0.4570871410955383f,-0.7465745830849899f,0.2528825238452985f,0.17937714184873096f,0.8864779771694861f,0.426591885735859f,0.4221787783808092f,0.8568115916848927f,0.07230588799401819f,-0.5105347734638623f,-0.022958394752183683f,0f,0f,0f,1f],start_interpolation:0}
execute if entity @s[tag=aj.axia.bone.leg_left_1] run data modify entity @s {} merge value {transformation:[-0.4834229383641006f,-0.13728961702935696f,-0.8645541184445029f,0.1803880220029333f,0.17937714184873096f,0.9511324098373716f,-0.25133837737029796f,0.7293870648466168f,0.8568115916848927f,-0.2765839836521387f,-0.43517260522867723f,-0.1281759832503508f,0f,0f,0f,1f],start_interpolation:0}
execute if entity @s[tag=aj.axia.bone.leg_right_2] run data modify entity @s {} merge value {transformation:[-0.4338837391175495f,0.511738965483288f,-0.7415309380838192f,0.25957165267654403f,0f,0.823037248567981f,0.5679874008018557f,0.8869164738938293f,0.9009688679024234f,0.2464404972315674f,-0.35710247884169555f,0.18743590955077283f,0f,0f,0f,1f],start_interpolation:0}
execute if entity @s[tag=aj.axia.bone.leg_right_1] run data modify entity @s {} merge value {transformation:[-0.4338837391175495f,-0.8799850703777381f,0.1933162611930552f,-0.04896434842808642f,0f,-0.21456486242762352f,-0.9767097418432024f,0.8436819818669339f,0.9009688679024234f,-0.42377847482346515f,0.09309620479333991f,0.03885280243041482f,0f,0f,0f,1f],start_interpolation:0}
execute if entity @s[tag=aj.axia.bone.coat_downer] run data modify entity @s {} merge value {transformation:[-0.4338837391175495f,-0.023584615482084736f,-0.9006601283735928f,0.07001129912323217f,0f,0.9996573249755574f,-0.02617694830787315f,0.9068588609091399f,0.9009688679024234f,-0.011357752210506819f,-0.4337350579966421f,-0.03391985766065849f,0f,0f,0f,1f],start_interpolation:0}
execute if entity @s[tag=aj.axia.bone.body_2] run data modify entity @s {} merge value {transformation:[-0.4338837391175495f,-0.1950053539390501f,-0.8796123082725026f,0.02982950706433153f,0f,0.9762960071199334f,-0.21643961393810288f,1.125f,0.9009688679024234f,-0.09390962898862296f,-0.4235989620547304f,-0.06194160966829161f,0f,0f,0f,1f],start_interpolation:0}