execute if entity @s[tag=aj.axia.bone.wing_right_1] run data modify entity @s {} merge value {transformation:[-0.6903197280327082f,0.050819340648570376f,0.4333826394184897f,0.3451906614786896f,-0.11460071468735392f,0.7615206275954676f,-0.27184086224149084f,1.136363713518518f,-0.42103419543599996f,-0.2905996779198044f,-0.636574016050695f,-0.2866779966715766f,0f,0f,0f,1f],start_interpolation:0}
execute if entity @s[tag=aj.axia.bone.wing_right_2] run data modify entity @s {} merge value {transformation:[-0.6062630836754358f,0.3036650763974465f,0.4245380957568879f,0.3451906614786896f,0.18041567083208165f,0.7324876628176216f,-0.26629308954268494f,1.136363713518518f,-0.4897910361476224f,-0.10606293035981709f,-0.6235827096006809f,-0.2866779966715766f,0f,0f,0f,1f],start_interpolation:0}
execute if entity @s[tag=aj.axia.bone.wing_left_1] run data modify entity @s {} merge value {transformation:[-0.5640885797238716f,0.27200537013090303f,0.5241770667336564f,0.3057033514167766f,0.11460071468735392f,0.7615206275954676f,-0.27184086224149084f,1.136363713518518f,-0.5793230487928971f,-0.11420970541508252f,-0.5641678764080308f,-0.3181680756445011f,0f,0f,0f,1f],start_interpolation:0}
execute if entity @s[tag=aj.axia.bone.wing_left_2] run data modify entity @s {} merge value {transformation:[-0.6124171798794594f,0.0358318748457121f,0.5134795755758267f,0.3057033514167766f,-0.18041567083208165f,0.7324876628176216f,-0.26629308954268494f,1.136363713518518f,-0.48207404359361633f,-0.319652781256506f,-0.5526542462772547f,-0.3181680756445011f,0f,0f,0f,1f],start_interpolation:0}
execute if entity @s[tag=aj.axia.bone.blade] run data modify entity @s {} merge value {transformation:[1.5834724701483003f,-1.2193257258675463f,-0.07654874603817385f,-0.28996995407410003f,-0.021467130238345365f,0.09752433487306185f,-1.997505485956646f,1.4970378696446653f,1.221537596065617f,1.5823191139416675f,0.06412583764042666f,0.4715386454810415f,0f,0f,0f,1f],start_interpolation:0}
execute if entity @s[tag=aj.axia.bone.arm_right_2] run data modify entity @s {} merge value {transformation:[0.07359797971144055f,-0.04035589708370943f,-0.9964711430608327f,-0.2811302629273036f,0.08953601377507169f,0.9954132854912747f,-0.03370004903165767f,1.4709321240816953f,0.9932606101218672f,-0.08673979846664973f,0.07687371294727757f,-0.03696818784585115f,0f,0f,0f,1f],start_interpolation:0}
execute if entity @s[tag=aj.axia.bone.arm_right_1] run data modify entity @s {} merge value {transformation:[-0.6148845692169507f,-0.04035589708370943f,-0.7875838800467244f,-0.04888079308751844f,0.04368561068964144f,0.9954132854912747f,-0.08511144744474179f,1.4501302577437638f,0.7874062064510016f,-0.08673979846664973f,-0.6103012972331019f,-0.3116874083147935f,0f,0f,0f,1f],start_interpolation:0}
execute if entity @s[tag=aj.axia.bone.arm_left_2] run data modify entity @s {} merge value {transformation:[0.9734828536209998f,0.17930705191708063f,0.14205673105741834f,0.21095859421959792f,-0.18739193347550182f,0.9812247413278955f,0.04563189974477885f,1.4522337711742601f,-0.13120745776908949f,-0.07104215747575376f,0.9888061563759413f,0.3499250259288847f,0f,0f,0f,1f],start_interpolation:0}
execute if entity @s[tag=aj.axia.bone.arm_left_1] run data modify entity @s {} merge value {transformation:[0.6554274052536195f,0.17930705191708063f,0.7336647037818517f,0.42674261196939334f,-0.17299946822956438f,0.9812247413278955f,-0.08525955077463393f,1.3953844282463135f,-0.7351775978869288f,-0.07104215747575376f,0.6741416108106626f,0.10935820838214463f,0f,0f,0f,1f],start_interpolation:0}
execute if entity @s[tag=aj.axia.bone.ear_edge_a1] run data modify entity @s {} merge value {transformation:[-0.7831560715980744f,0.03635679798189486f,0.6207614282150391f,0.3196189490525246f,0.0732041258236558f,0.9967380152572607f,0.03397771186249644f,2.1145916399700457f,-0.617501193101249f,0.07205214904164993f,-0.7832628960553498f,0.0064516466227374294f,0f,0f,0f,1f],start_interpolation:0}
execute if entity @s[tag=aj.axia.bone.ear_edge_a2] run data modify entity @s {} merge value {transformation:[-0.7792015770265825f,-0.08660341563536314f,0.6207614282150391f,0.22899387031085794f,-0.08362131664254681f,0.9959181645594963f,0.03397771186249644f,2.11499596614901f,-0.6211701681200198f,-0.025433401281237424f,-0.7832628960553498f,-0.06535414874509987f,0f,0f,0f,1f],start_interpolation:0}
execute if entity @s[tag=aj.axia.bone.ear_edge_b1] run data modify entity @s {} merge value {transformation:[-0.7770072225723227f,0.10447499849662467f,0.6207614282150391f,0.21196334746411988f,0.15979700406854017f,0.9865649662274187f,0.03397771186249644f,2.108826107333295f,-0.6088716560665014f,0.12559674399371235f,-0.7832628960553498f,-0.07911904099897822f,0f,0f,0f,1f],start_interpolation:0}
execute if entity @s[tag=aj.axia.bone.ear_edge_b2] run data modify entity @s {} merge value {transformation:[-0.7712623322585604f,-0.1407468084167837f,0.6207614282150391f,0.2337777608952086f,-0.1528893586153902f,0.9876590297864762f,0.03397771186249644f,2.1212204636375573f,-0.6178828844216845f,-0.06870208731709267f,-0.7832628960553498f,-0.061292742351740086f,0f,0f,0f,1f],start_interpolation:0}
execute if entity @s[tag=aj.axia.bone.ear_right_2] run data modify entity @s {} merge value {transformation:[-0.7837844647927926f,-0.01836197129668616f,0.6207614282150391f,0.2891327749297544f,0.0034968750613111983f,0.999416473228951f,0.03397771186249644f,2.2314240640068945f,-0.6210230950731874f,0.028801927864379497f,-0.7832628960553498f,-0.05253869082569575f,0f,0f,0f,1f],start_interpolation:0}
execute if entity @s[tag=aj.axia.bone.ear_right_1] run data modify entity @s {} merge value {transformation:[-0.7837844647927926f,-0.01836197129668616f,0.6207614282150391f,0.2932642184715088f,0.0034968750613111983f,0.999416473228951f,0.03397771186249644f,2.006555357530381f,-0.6210230950731874f,0.028801927864379497f,-0.7832628960553498f,-0.059019124595181126f,0f,0f,0f,1f],start_interpolation:0}
execute if entity @s[tag=aj.axia.bone.ear_edge_a3] run data modify entity @s {} merge value {transformation:[-0.7955958899731586f,-0.0637626702435898f,0.6024628633710339f,0.028969606788383687f,-0.1878581410538695f,0.9713936341926781f,-0.14527121631529658f,2.112099421282015f,-0.5759657096543183f,-0.22875473619872555f,-0.7848151196103761f,-0.246298932255846f,0f,0f,0f,1f],start_interpolation:0}
execute if entity @s[tag=aj.axia.bone.ear_edge_a4] run data modify entity @s {} merge value {transformation:[-0.7957754635609934f,0.06148097147135127f,0.6024628633710339f,0.12125058036326697f,-0.03358585209636637f,0.9888216544196609f,-0.14527121631529658f,2.1259327423458676f,-0.6046597407908413f,-0.13583749812810747f,-0.7848151196103761f,-0.17802007923812108f,0f,0f,0f,1f],start_interpolation:0}
execute if entity @s[tag=aj.axia.bone.ear_edge_b3] run data modify entity @s {} merge value {transformation:[-0.7481528146793802f,-0.3782024974286949f,0.5451882581512729f,0.17042819762995026f,-0.26745212849387184f,0.9238361598793186f,0.27385417408455104f,2.112801033454777f,-0.6072369593918165f,0.05907301108062919f,-0.7923216862553045f,-0.2047810205617941f,0f,0f,0f,1f],start_interpolation:0}
execute if entity @s[tag=aj.axia.bone.ear_edge_b4] run data modify entity @s {} merge value {transformation:[-0.8284066086058991f,-0.12850001553328222f,0.5451882581512729f,0.14477510793093207f,0.03111898381969487f,0.9612676527286756f,0.27385417408455104f,2.1213649332541027f,-0.5592621028320286f,0.24382831219004936f,-0.7923216862553045f,-0.21947265879996303f,0f,0f,0f,1f],start_interpolation:0}
execute if entity @s[tag=aj.axia.bone.ear_left_2] run data modify entity @s {} merge value {transformation:[-0.7981057174043958f,-0.25650931176157266f,0.5451882581512729f,0.0950982893374619f,-0.11963953352520743f,0.9543009343777983f,0.27385417408455104f,2.2285045009866895f,-0.5905198098830264f,0.15333851318330002f,-0.7923216862553045f,-0.25606461490722693f,0f,0f,0f,1f],start_interpolation:0}
execute if entity @s[tag=aj.axia.bone.ear_left_1] run data modify entity @s {} merge value {transformation:[-0.7981057174043958f,-0.00810938377373037f,0.6024628633710339f,0.09731810227331064f,-0.11963953352520743f,0.9821316896059026f,-0.14527121631529658f,2.007429576295709f,-0.5905198098830264f,-0.18802016425550033f,-0.7848151196103761f,-0.214274898363478f,0f,0f,0f,1f],start_interpolation:0}
execute if entity @s[tag=aj.axia.bone.head] run data modify entity @s {} merge value {transformation:[-0.7837844647927926f,0.03581082489290727f,0.6199995948143555f,0.15756312527684613f,0.0034968750613111983f,0.9985747445304738f,-0.05325646862780631f,1.4968871749857962f,-0.6210230950731874f,-0.03957353163907004f,-0.78279259767791f,-0.09190330783687146f,0f,0f,0f,1f],start_interpolation:0}
execute if entity @s[tag=aj.axia.bone.body_1] run data modify entity @s {} merge value {transformation:[-0.781831482468025f,0.2080653593315404f,0.5877485340416317f,0.07953861552751848f,0f,0.9426754572239091f,-0.333710926323508f,1.1433838785268302f,-0.6234898018587395f,-0.2609057082432862f,-0.7370133502075922f,0.0059363327543608515f,0f,0f,0f,1f],start_interpolation:0}
execute if entity @s[tag=aj.axia.bone.leg_left_2] run data modify entity @s {} merge value {transformation:[-0.7204056222261845f,-0.12930287219990666f,0.6813930632944236f,-0.03532860368351497f,0.18641063244079006f,0.9102158624359475f,0.36980827449234965f,0.45526091975886007f,-0.6680320468195582f,0.39343087195953363f,-0.6316211945551168f,0.24366570701420015f,0f,0f,0f,1f],start_interpolation:0}
execute if entity @s[tag=aj.axia.bone.leg_left_1] run data modify entity @s {} merge value {transformation:[-0.7204056222261845f,0.34420671971226124f,0.6021108482412757f,0.09750583622871144f,0.18641063244079006f,0.9323048339054809f,-0.30993349736596465f,0.7544014741973643f,-0.6680320468195582f,-0.11103796999854855f,-0.7358014362860901f,0.18389058456824062f,0f,0f,0f,1f],start_interpolation:0}
execute if entity @s[tag=aj.axia.bone.leg_right_2] run data modify entity @s {} merge value {transformation:[-0.781831482468025f,-0.37861778342031005f,0.49536663906619866f,-0.22345279891214445f,0f,0.7945064018519923f,0.6072557759430542f,0.9144008422140415f,-0.6234898018587395f,0.4747716835428289f,-0.6211701179902795f,0.1853911151628072f,0f,0f,0f,1f],start_interpolation:0}
execute if entity @s[tag=aj.axia.bone.leg_right_1] run data modify entity @s {} merge value {transformation:[-0.781831482468025f,0.6050632402498632f,-0.15045932447072397f,-0.010118920437160644f,0f,-0.24131801999355346f,-0.970446089809419f,0.8659120481517268f,-0.6234898018587395f,-0.7587253050509962f,0.1886700253178084f,-0.08212110712457349f,0f,0f,0f,1f],start_interpolation:0}
execute if entity @s[tag=aj.axia.bone.coat_downer] run data modify entity @s {} merge value {transformation:[-0.781831482468025f,0.04027955952586f,0.6221873432546284f,0.035641344584779654f,0f,0.9979110185920795f,-0.06460339753076813f,0.931480159534318f,-0.6234898018587395f,-0.05050897006395161f,-0.7801982510370224f,0.048451492326237494f,0f,0f,0f,1f],start_interpolation:0}
execute if entity @s[tag=aj.axia.bone.body_2] run data modify entity @s {} merge value {transformation:[-0.781831482468025f,0.15438869311189124f,0.6040725655590167f,0.07624562665874929f,0f,0.9688571709724259f,-0.24762023797603383f,1.1479591836734693f,-0.6234898018587395f,-0.1935972977458877f,-0.7574830382811485f,0.01006561018816213f,0f,0f,0f,1f],start_interpolation:0}