execute if entity @s[tag=aj.axia.bone.wing_right_1] run data modify entity @s {} merge value {transformation:[-0.1423639596833356f,0.22426220761210064f,0.7722586416898637f,0.39421929997917643f,-0.1038075395778072f,0.7725800804350961f,-0.24349221442614297f,1.1290762462880974f,-0.7974339735392066f,-0.14060912486852287f,-0.10617238950699266f,0.09459869249548834f,0f,0f,0f,1f],start_interpolation:0}
execute if entity @s[tag=aj.axia.bone.wing_right_2] run data modify entity @s {} merge value {transformation:[-0.046424368730292515f,0.25603741663658625f,0.7564982612472134f,0.39421929997917643f,0.19090935358713293f,0.7393648653218128f,-0.23852298556030332f,1.1290762462880974f,-0.7754988050931716f,0.16668664376524217f,-0.10400560604766629f,0.09459869249548834f,0f,0f,0f,1f],start_interpolation:0}
execute if entity @s[tag=aj.axia.bone.wing_left_1] run data modify entity @s {} merge value {transformation:[0.14236395968333157f,0.22426220761210136f,0.7722586416898641f,0.39421929997917626f,0.1038075395778072f,0.7725800804350961f,-0.24349221442614297f,1.1290762462880974f,-0.7974339735392072f,0.1406091248685217f,0.10617238950698872f,0.042901307504509684f,0f,0f,0f,1f],start_interpolation:0}
execute if entity @s[tag=aj.axia.bone.wing_left_2] run data modify entity @s {} merge value {transformation:[0.04642436873028859f,0.2560374166365854f,0.7564982612472139f,0.39421929997917626f,-0.19090935358713293f,0.7393648653218128f,-0.23852298556030332f,1.1290762462880974f,-0.7754988050931718f,-0.16668664376524348f,0.10400560604766243f,0.042901307504509684f,0f,0f,0f,1f],start_interpolation:0}
execute if entity @s[tag=aj.axia.bone.blade] run data modify entity @s {} merge value {transformation:[0.020379222441528348f,-1.9998167323169482f,-0.017824826446357644f,-0.606059395703564f,-0.003229588803518854f,0.017792819979095986f,-1.9999182446573545f,1.4519855873338756f,1.9998935614299171f,0.02040717281632931f,-0.0030479909457816106f,0.05205475511544031f,0f,0f,0f,1f],start_interpolation:0}
execute if entity @s[tag=aj.axia.bone.arm_right_2] run data modify entity @s {} merge value {transformation:[-0.7589500942809277f,0.007990399785520519f,-0.6510997680096638f,-0.1965191983936114f,0.06180134566796724f,0.9962947162151992f,-0.05981163862748111f,1.441366701536105f,0.6482093396925093f,-0.085632890602522f,-0.7566317862622856f,-0.23900920905033637f,0f,0f,0f,1f],start_interpolation:0}
execute if entity @s[tag=aj.axia.bone.arm_right_1] run data modify entity @s {} merge value {transformation:[-0.9999083658749212f,0.007990399785520519f,-0.010927642225647587f,0.16290952612184947f,0.008896397201427764f,0.9962947162151992f,-0.08554351266174653f,1.4330120107237687f,0.010203625344877721f,-0.085632890602522f,-0.9962745073908481f,-0.22968750000000043f,0f,0f,0f,1f],start_interpolation:0}
execute if entity @s[tag=aj.axia.bone.arm_left_2] run data modify entity @s {} merge value {transformation:[0.7190062842688157f,0.11226243601235694f,-0.6858768902963f,-0.19319577706238544f,-0.144567602443044f,0.9894402879494891f,0.010398312666099821f,1.4156949521715705f,0.6798015677429857f,0.091679125448509f,0.7276432961631515f,0.3872843674170828f,0f,0f,0f,1f],start_interpolation:0}
execute if entity @s[tag=aj.axia.bone.arm_left_1] run data modify entity @s {} merge value {transformation:[0.9916639354845459f,0.11226243601235694f,-0.06324384966045313f,0.1321939517684812f,-0.117429115049943f,0.9894402879494891f,-0.08496069397679869f,1.377163523795808f,0.05303811834793706f,0.091679125448509f,0.9943751283892347f,0.40468749999999964f,0f,0f,0f,1f],start_interpolation:0}
execute if entity @s[tag=aj.axia.bone.ear_edge_a1] run data modify entity @s {} merge value {transformation:[-0.003042734649487425f,-0.043513132730016564f,0.9990482215818578f,0.1357742165966972f,0.06969008103788994f,0.9966145903260724f,0.043619387365335965f,2.0967970850071067f,-0.9975640502598242f,0.06975647374412541f,-2.539651091270977e-15f,0.2546874999999997f,0f,0f,0f,1f],start_interpolation:0}
execute if entity @s[tag=aj.axia.bone.ear_edge_a2] run data modify entity @s {} merge value {transformation:[0.0038016801040211406f,-0.043453402427357984f,0.9990482215818578f,0.13577421659669692f,-0.08707278979269381f,0.9952465414778341f,0.043619387365335965f,2.0967970850071067f,-0.9961946980917455f,-0.08715574274765807f,-2.539651091270977e-15f,0.13906249999999964f,0f,0f,0f,1f],start_interpolation:0}
execute if entity @s[tag=aj.axia.bone.ear_edge_b1] run data modify entity @s {} merge value {transformation:[-0.006823575527881448f,-0.043082360324644804f,0.9990482215818578f,0.13604683776773022f,0.15628557409255195f,0.9867482801487086f,0.043619387365335965f,2.09055303362222f,-0.9876883405951378f,0.15643446504023098f,-2.539651091270977e-15f,0.11718749999999965f,0f,0f,0f,1f],start_interpolation:0}
execute if entity @s[tag=aj.axia.bone.ear_edge_b2] run data modify entity @s {} merge value {transformation:[0.006823575527876426f,-0.043082360324645595f,0.9990482215818578f,0.1355015954256636f,-0.15628557409255195f,0.9867482801487086f,0.043619387365335965f,2.103041136391993f,-0.9876883405951378f,-0.15643446504023076f,-2.539651091270977e-15f,0.14531249999999965f,0f,0f,0f,1f],start_interpolation:0}
execute if entity @s[tag=aj.axia.bone.ear_right_2] run data modify entity @s {} merge value {transformation:[-2.5420705791856405e-15f,-0.043619387365335965f,0.9990482215818578f,0.16195098185701315f,0f,0.9990482215818578f,0.043619387365335965f,2.213675141482675f,-1f,1.1088356130352236e-16f,-2.539651091270977e-15f,0.1937499999999996f,0f,0f,0f,1f],start_interpolation:0}
execute if entity @s[tag=aj.axia.bone.ear_right_1] run data modify entity @s {} merge value {transformation:[-2.5420705791856405e-15f,-0.043619387365335965f,0.9990482215818578f,0.17176534401421373f,0f,0.9990482215818578f,0.043619387365335965f,1.9888892916267575f,-1f,1.1088356130352236e-16f,-2.539651091270977e-15f,0.19374999999999956f,0f,0f,0f,1f],start_interpolation:0}
execute if entity @s[tag=aj.axia.bone.ear_edge_a3] run data modify entity @s {} merge value {transformation:[-0.03890101816664014f,0.10312423111332429f,0.9939074925479154f,0.15032787446612234f,-0.19192530641654343f,0.9753697911243319f,-0.1087126824201895f,2.092651208753111f,-0.9806382551902176f,-0.19498503409072898f,-0.01815072830832442f,-0.12991635246086583f,0f,0f,0f,1f],start_interpolation:0}
execute if entity @s[tag=aj.axia.bone.ear_edge_a4] run data modify entity @s {} merge value {transformation:[-0.022289898153572085f,0.1079400606698874f,0.9939074925479154f,0.15398308995767132f,-0.03698093592183252f,0.9933851030991718f,-0.1087126824201895f,2.106921580207055f,-0.9990673504917718f,-0.03917882391329132f,-0.01815072830832442f,-0.015233587743246638f,0f,0f,0f,1f],start_interpolation:0}
execute if entity @s[tag=aj.axia.bone.ear_edge_b3] run data modify entity @s {} merge value {transformation:[0.022089354772649353f,-0.34154924023922306f,0.9396042661129939f,0.2101150145401597f,-0.26804267520326247f,0.9034019213923205f,0.33469104065472405f,2.0959584939698273f,-0.9631537700053955f,-0.2592471502575744f,-0.07159420652343507f,0.0063962527449064055f,0f,0f,0f,1f],start_interpolation:0}
execute if entity @s[tag=aj.axia.bone.ear_edge_b4] run data modify entity @s {} merge value {transformation:[-0.08453629485248794f,-0.331658616584698f,0.9396042661129939f,0.2049659113352381f,0.024242813563959187f,0.9420160260292608f,0.33469104065472405f,2.1041649557492565f,-0.9961254443307411f,0.051072191544551754f,-0.07159420652343507f,-0.022816866675104616f,0f,0f,0f,1f],start_interpolation:0}
execute if entity @s[tag=aj.axia.bone.ear_left_2] run data modify entity @s {} merge value {transformation:[-0.031612674521504826f,-0.3407997387203515f,0.9396042661129939f,0.1955223343065953f,-0.12341942879086745f,0.9342106571338147f,0.33469104065472405f,2.21082521281167f,-0.991850938098328f,-0.10538494287964639f,-0.07159420652343507f,-0.08462344357056105f,0f,0f,0f,1f],start_interpolation:0}
execute if entity @s[tag=aj.axia.bone.ear_left_1] run data modify entity @s {} merge value {transformation:[-0.031612674521504826f,0.10558662352169895f,0.9939074925479154f,0.17176534401421306f,-0.12341942879086745f,0.9863818719329461f,-0.1087126824201895f,1.9888892916267575f,-0.991850938098328f,-0.12610419364693623f,-0.01815072830832442f,-0.05625000000000044f,0f,0f,0f,1f],start_interpolation:0}
execute if entity @s[tag=aj.axia.bone.head] run data modify entity @s {} merge value {transformation:[-2.5420705791856405e-15f,0.04361938736533605f,0.9990482215818578f,0.1181901510650456f,0f,0.9990482215818578f,-0.04361938736533605f,1.478240183921222f,-1f,-1.1088356130352262e-16f,-2.539651091270977e-15f,0.0687499999999997f,0f,0f,0f,1f],start_interpolation:0}
execute if entity @s[tag=aj.axia.bone.body_1] run data modify entity @s {} merge value {transformation:[-2.5420705791856405e-15f,0.3007057995042731f,0.9537169507482269f,0.005425476250943187f,0f,0.9537169507482269f,-0.3007057995042731f,1.120596327390637f,-1f,-7.644153659103087e-16f,-2.424415801367708e-15f,0.06874999999999999f,0f,0f,0f,1f],start_interpolation:0}
execute if entity @s[tag=aj.axia.bone.leg_left_2] run data modify entity @s {} merge value {transformation:[0.0637924003764638f,-0.4431936330886612f,0.8941531933868391f,-0.21787800706199162f,0.17937714184873096f,0.8864779771694861f,0.426591885735859f,0.4221787783808092f,-0.9817099218386199f,0.1331773238324342f,0.13604936523351283f,0.13040641393221342f,0f,0f,0f,1f],start_interpolation:0}
execute if entity @s[tag=aj.axia.bone.leg_left_1] run data modify entity @s {} merge value {transformation:[0.0637924003764638f,0.2436989638367146f,0.9677506624534651f,-0.10691051708940912f,0.17937714184873096f,0.9511324098373716f,-0.25133837737029796f,0.7293870648466168f,-0.9817099218386199f,0.18962582625229538f,0.01696099589484935f,0.19375000000000028f,0f,0f,0f,1f],start_interpolation:0}
execute if entity @s[tag=aj.axia.bone.leg_right_2] run data modify entity @s {} merge value {transformation:[-2.5420705791856405e-15f,-0.5679874008018557f,0.823037248567981f,-0.3151913713323352f,0f,0.823037248567981f,0.5679874008018557f,0.8869164738938293f,-1f,1.4438640609265197e-15f,-2.0922187751585635e-15f,-0.05624999999999918f,0f,0f,0f,1f],start_interpolation:0}
execute if entity @s[tag=aj.axia.bone.leg_right_1] run data modify entity @s {} merge value {transformation:[-2.5420705791856405e-15f,0.9767097418432024f,-0.21456486242762352f,0.02725775437712888f,0f,-0.21456486242762352f,-0.9767097418432024f,0.8436819818669339f,-1f,-2.482865099143607e-15f,5.454390241042763e-16f,-0.05625000000000005f,0f,0f,0f,1f],start_interpolation:0}
execute if entity @s[tag=aj.axia.bone.coat_downer] run data modify entity @s {} merge value {transformation:[-2.5420705791856405e-15f,0.02617694830787315f,0.9996573249755574f,-0.0483607262392947f,0f,0.9996573249755574f,-0.02617694830787315f,0.9068588609091399f,-1f,-6.654365014630769e-17f,-2.541199475087783e-15f,0.06093750000000013f,0f,0f,0f,1f],start_interpolation:0}
execute if entity @s[tag=aj.axia.bone.body_2] run data modify entity @s {} merge value {transformation:[-2.5420705791856405e-15f,0.21643961393810288f,0.9762960071199334f,1.7476735231901281e-16f,0f,0.9762960071199334f,-0.21643961393810288f,1.125f,-1f,-5.502047747623496e-16f,-2.4818133562759973e-15f,0.06875f,0f,0f,0f,1f],start_interpolation:0}