execute if entity @s[tag=aj.axia.bone.wing_right_1] run data modify entity @s {} merge value {transformation:[0.43815910806336966f,-0.1720701790039841f,-0.6673476559958037f,-0.4335375955130384f,-0.1150562182841083f,0.7614403100215501f,-0.27187343627667954f,1.1363070771339525f,0.6795021023512113f,0.23988528970378098f,0.3842868526614736f,0.09986658146695007f,0f,0f,0f,1f],start_interpolation:0}
execute if entity @s[tag=aj.axia.bone.wing_right_2] run data modify entity @s {} merge value {transformation:[0.33310032627375236f,-0.3188784429759516f,-0.653728316077522f,-0.4335375955130384f,0.1788841812997349f,0.732851584356633f,-0.2663249988016453f,1.1363070771339525f,0.705013916399558f,-0.03528588827287131f,0.37644426383164764f,0.09986658146695007f,0f,0f,0f,1f],start_interpolation:0}
execute if entity @s[tag=aj.axia.bone.wing_left_1] run data modify entity @s {} merge value {transformation:[0.25806840055234886f,-0.2948338734843705f,-0.7165320175170116f,-0.4116341636122603f,0.1150562182841083f,0.7614403100215501f,-0.27187343627667954f,1.1363070771339525f,0.7662292161716077f,-0.01503614860701571f,0.2821544735859343f,0.14534952646728172f,0f,0f,0f,1f],start_interpolation:0}
execute if entity @s[tag=aj.axia.bone.wing_left_2] run data modify entity @s {} merge value {transformation:[0.343517418991746f,-0.17122983888952142f,-0.7019089151187052f,-0.4116341636122603f,-0.1788841812997349f,0.732851584356633f,-0.2663249988016453f,1.1363070771339525f,0.6999973089448078f,0.2713095972866446f,0.2763962190229561f,0.14534952646728172f,0f,0f,0f,1f],start_interpolation:0}
execute if entity @s[tag=aj.axia.bone.blade] run data modify entity @s {} merge value {transformation:[-0.8966540991305378f,1.785117052473371f,0.09679119526683734f,0.4678391751794676f,-0.021467130238345775f,0.09752433487306195f,-1.9975054859566461f,1.4970378696446658f,-1.787610301165142f,-0.896574655606741f,-0.024562127186386094f,-0.30775733036502056f,0f,0f,0f,1f],start_interpolation:0}
execute if entity @s[tag=aj.axia.bone.arm_right_2] run data modify entity @s {} merge value {transformation:[0.36465013897734116f,-0.0012755811803172035f,0.9311437316743626f,0.23924204244363018f,0.08953601377507173f,0.9954132854912747f,-0.03370004903165763f,1.4709321240816957f,-0.9268298540622626f,0.09565962554870455f,0.3630918033484171f,0.14655609733073752f,0f,0f,0f,1f],start_interpolation:0}
execute if entity @s[tag=aj.axia.bone.arm_right_1] run data modify entity @s {} merge value {transformation:[0.8956346032773953f,-0.0012755811803172035f,0.4447887479520974f,-0.08920370205338363f,0.043685610689641496f,0.9954132854912747f,-0.08511144744474179f,1.4501302577437643f,-0.4426400623879577f,0.09565962554870455f,0.8915823075908726f,0.29330029400551905f,0f,0f,0f,1f],start_interpolation:0}
execute if entity @s[tag=aj.axia.bone.arm_left_2] run data modify entity @s {} merge value {transformation:[-0.9340065269262903f,-0.19237410849321082f,0.3010382202321344f,-0.036248023855617484f,-0.18739193347550182f,0.9812247413278955f,0.045631899744778937f,1.4522337711742603f,-0.3041645458093394f,-0.013791641941653957f,-0.952519668922984f,-0.41553199679999825f,0f,0f,0f,1f],start_interpolation:0}
execute if entity @s[tag=aj.axia.bone.arm_left_1] run data modify entity @s {} merge value {transformation:[-0.9095012923902194f,-0.19237410849321082f,-0.36850997479303416f,-0.3350407363438773f,-0.17299946822956444f,0.9812247413278955f,-0.08525955077463387f,1.3953844282463137f,0.3779928347638462f,-0.013791641941653957f,-0.9257057888334417f,-0.292413960003115f,0f,0f,0f,1f],start_interpolation:0}
execute if entity @s[tag=aj.axia.bone.ear_edge_a1] run data modify entity @s {} merge value {transformation:[0.4376755126462997f,-0.0014940872806581164f,-0.8991317552689352f,-0.28317513483600937f,0.07320412582365582f,0.9967380152572607f,0.03397771186249644f,2.114591639970046f,0.8961480355344158f,-0.08069136660271799f,0.4363571951550619f,-0.15321913614067162f,0f,0f,0f,1f],start_interpolation:0}
execute if entity @s[tag=aj.axia.bone.ear_edge_a2] run data modify entity @s {} merge value {transformation:[0.4325207275492232f,0.06699184209509519f,-0.8991317552689352f,-0.23268012722306985f,-0.0836213166425468f,0.9959181645594963f,0.03397771186249644f,2.1149959661490105f,0.8977378769124411f,0.06049051655548771f,0.4363571951550619f,-0.04920360195702103f,0f,0f,0f,1f],start_interpolation:0}
execute if entity @s[tag=aj.axia.bone.ear_edge_b1] run data modify entity @s {} merge value {transformation:[0.43587980689615496f,-0.039634336214628245f,-0.8991317552689352f,-0.22330851925372106f,0.15979700406854017f,0.9865649662274187f,0.03397771186249644f,2.1088261073332957f,0.8857052057151349f,-0.1584887592402618f,0.4363571951550619f,-0.029412595634375774f,0f,0f,0f,1f],start_interpolation:0}
execute if entity @s[tag=aj.axia.bone.ear_edge_b2] run data modify entity @s {} merge value {transformation:[0.426794014121152f,0.0969997741098271f,-0.8991317552689352f,-0.23522808551499444f,-0.1528893586153902f,0.9876590297864762f,0.03397771186249644f,2.121220463637558f,0.891331427434559f,0.12296619333735076f,0.4363571951550619f,-0.054938455011605394f,0f,0f,0f,1f],start_interpolation:0}
execute if entity @s[tag=aj.axia.bone.ear_right_2] run data modify entity @s {} merge value {transformation:[0.43671357935515237f,0.029040252647223194f,-0.8991317552689352f,-0.2813029892338738f,0.0034968750613112148f,0.999416473228951f,0.03397771186249644f,2.231424064006895f,0.8995938091558969f,-0.01798267957760172f,0.4363571951550619f,-0.08684322337279865f,0f,0f,0f,1f],start_interpolation:0}
execute if entity @s[tag=aj.axia.bone.ear_right_1] run data modify entity @s {} merge value {transformation:[0.43671357935515237f,0.029040252647223194f,-0.8991317552689352f,-0.287837046079499f,0.0034968750613112148f,0.999416473228951f,0.03397771186249644f,2.0065553575303814f,0.8995938091558969f,-0.01798267957760172f,0.4363571951550619f,-0.08279712046783827f,0f,0f,0f,1f],start_interpolation:0}
execute if entity @s[tag=aj.axia.bone.ear_edge_a3] run data modify entity @s {} merge value {transformation:[0.4669049725886206f,-0.04180477945895144f,-0.883318802577194f,-0.13097349220767074f,-0.1878581410538695f,0.9713936341926781f,-0.1452712163152967f,2.112099421282015f,0.8641232929459797f,0.23376648148169082f,0.4456951499891674f,0.20060929016687112f,0f,0f,0f,1f],start_interpolation:0}
execute if entity @s[tag=aj.axia.bone.ear_edge_a4] run data modify entity @s {} merge value {transformation:[0.4546168892808871f,-0.11433012286428199f,-0.883318802577194f,-0.18449069244837768f,-0.03358585209636636f,0.9888216544196609f,-0.1452712163152967f,2.1259327423458676f,0.8900536357543463f,0.09570976312060817f,0.4456951499891674f,0.0990529553977369f,0f,0f,0f,1f],start_interpolation:0}
execute if entity @s[tag=aj.axia.bone.ear_edge_b3] run data modify entity @s {} merge value {transformation:[0.41059215198839133f,0.36637949487479504f,-0.8349731435566247f,-0.24040933188710062f,-0.26745212849387184f,0.9238361598793188f,0.2738541740845508f,2.112801033454777f,0.871712936516167f,0.11087296981105926f,0.47730885271031454f,0.1018263619455689f,0f,0f,0f,1f],start_interpolation:0}
execute if entity @s[tag=aj.axia.bone.ear_edge_b4] run data modify entity @s {} merge value {transformation:[0.5037138319950303f,0.22156765331620634f,-0.8349731435566247f,-0.22367115963531617f,0.031118983819694912f,0.9612676527286759f,0.2738541740845508f,2.1213649332541027f,0.863309900500922f,-0.16392765118018154f,0.47730885271031454f,0.12619352909517198f,0f,0f,0f,1f],start_interpolation:0}
execute if entity @s[tag=aj.axia.bone.ear_left_2] run data modify entity @s {} merge value {transformation:[0.46285146154124934f,0.29763799167494986f,-0.8349731435566247f,-0.1947905473636088f,-0.11963953352520741f,0.9543009343777985f,0.2738541740845508f,2.2285045009866895f,0.8783250574627823f,-0.02685800732301541f,0.47730885271031454f,0.180715706162268f,0f,0f,0f,1f],start_interpolation:0}
execute if entity @s[tag=aj.axia.bone.ear_left_1] run data modify entity @s {} merge value {transformation:[0.46285146154124934f,-0.07427258957866997f,-0.883318802577194f,-0.1786586512407109f,-0.11963953352520741f,0.9821316896059026f,-0.1452712163152967f,2.007429576295709f,0.8783250574627823f,0.17291884428579038f,0.4456951499891674f,0.14210133182113596f,0f,0f,0f,1f],start_interpolation:0}
execute if entity @s[tag=aj.axia.bone.head] run data modify entity @s {} merge value {transformation:[0.43671357935515237f,-0.04943475024006114f,-0.8982413122738865f,-0.17984249815351466f,0.0034968750613112148f,0.9985747445304738f,-0.05325646862780631f,1.4968871749857964f,0.8995938091558969f,0.020116785394334702f,0.43626401808283677f,0.005709002596963657f,0f,0f,0f,1f],start_interpolation:0}
execute if entity @s[tag=aj.axia.bone.body_1] run data modify entity @s {} merge value {transformation:[0.43388373911755107f,-0.30066315549635975f,-0.8493212394944238f,-0.06709381484237976f,0f,0.9426754572239091f,-0.3337109263235081f,1.1433838785268304f,0.9009688679024223f,0.1447917444976253f,0.4090115521546568f,-0.04858790158964583f,0f,0f,0f,1f],start_interpolation:0}
execute if entity @s[tag=aj.axia.bone.leg_left_2] run data modify entity @s {} merge value {transformation:[0.35921479556323765f,0.28720112019256466f,-0.887964102432411f,0.13954488341122057f,0.1864106324407901f,0.9102158624359477f,0.3698082744923495f,0.4552609197588603f,0.914448361998361f,-0.29836655363850717f,0.27342566249054556f,-0.2129356482103643f,0f,0f,0f,1f],start_interpolation:0}
execute if entity @s[tag=aj.axia.bone.leg_left_1] run data modify entity @s {} merge value {transformation:[0.35921479556323765f,-0.3582971081905549f,-0.8617354077155859f,-0.006070265168012796f,0.1864106324407901f,0.9323048339054809f,-0.30993349736596487f,0.7544014741973645f,0.914448361998361f,-0.04930394445437012f,0.401688080853483f,-0.21671482728420305f,0f,0f,0f,1f],start_interpolation:0}
execute if entity @s[tag=aj.axia.bone.leg_right_2] run data modify entity @s {} merge value {transformation:[0.43388373911755107f,0.5471185489786208f,-0.7158255334178163f,0.2837545288033805f,0f,0.7945064018519921f,0.6072557759430545f,0.9144008422140417f,0.9009688679024223f,-0.26347840666690225f,0.3447234083883739f,-0.07880802591826006f,0f,0f,0f,1f],start_interpolation:0}
execute if entity @s[tag=aj.axia.bone.leg_right_1] run data modify entity @s {} merge value {transformation:[0.43388373911755107f,-0.8743417148959247f,0.21742002327804602f,-0.024521857437153988f,0f,-0.24131801999355354f,-0.970446089809419f,0.8659120481517271f,0.9009688679024223f,0.4210607780585175f,-0.10470396483124696f,0.06965005727288487f,0f,0f,0f,1f],start_interpolation:0}
execute if entity @s[tag=aj.axia.bone.coat_downer] run data modify entity @s {} merge value {transformation:[0.43388373911755107f,-0.05820564993594643f,-0.899086760688259f,-0.009097103932869118f,0f,0.9979110185920795f,-0.0646033975307683f,0.9314801595343182f,0.9009688679024223f,0.028030363680347337f,0.4329773640533354f,-0.06784642472411817f,0f,0f,0f,1f],start_interpolation:0}
execute if entity @s[tag=aj.axia.bone.body_2] run data modify entity @s {} merge value {transformation:[0.43388373911755107f,-0.22309812547899566f,-0.8729101484901701f,-0.06233530805643807f,0f,0.9688571709724259f,-0.2476202379760339f,1.1479591836734695f,0.9009688679024223f,0.10743839473421941f,0.42037137201236857f,-0.050879477681178696f,0f,0f,0f,1f],start_interpolation:0}