execute if entity @s[tag=aj.frestchika_v2.bone.hair] run data modify entity @s {} merge value {transformation:[-0.8661410031402472f,-0.48288470464906247f,0.12892681914634269f,-0.05451643739579219f,-0.45508623228782213f,0.8686091410896931f,0.19599663567903383f,1.053462796576585f,-0.20663079117421101f,0.11108790227298945f,-0.9720921736683749f,-0.2374464861305054f,0f,0f,0f,1f],start_interpolation:0}
execute if entity @s[tag=aj.frestchika_v2.bone.side_hair_2] run data modify entity @s {} merge value {transformation:[-0.8661410031402472f,-0.48288470464906247f,0.12892681914634269f,0.17153487606506715f,-0.45508623228782213f,0.8686091410896931f,0.19599663567903383f,1.5060297576519468f,-0.20663079117421101f,0.11108790227298945f,-0.9720921736683749f,0.17696450236495959f,0f,0f,0f,1f],start_interpolation:0}
execute if entity @s[tag=aj.frestchika_v2.bone.side_hair_1] run data modify entity @s {} merge value {transformation:[-0.8661410031402472f,-0.48288470464906247f,0.12892681914634269f,-0.1525627220038249f,-0.45508623228782213f,0.8686091410896931f,0.19599663567903383f,1.7704028353035701f,-0.20663079117421101f,0.11108790227298945f,-0.9720921736683749f,0.1872838544218564f,0f,0f,0f,1f],start_interpolation:0}
execute if entity @s[tag=aj.frestchika_v2.bone.head] run data modify entity @s {} merge value {transformation:[-0.8661410031402472f,-0.48288470464906247f,0.12892681914634269f,-0.17679094329631537f,-0.45508623228782213f,0.8686091410896931f,0.19599663567903383f,1.1530597460484584f,-0.20663079117421101f,0.11108790227298945f,-0.9720921736683749f,0.055741970306101285f,0f,0f,0f,1f],start_interpolation:0}
execute if entity @s[tag=aj.frestchika_v2.bone.group] run data modify entity @s {} merge value {transformation:[-0.000007888395896918079f,-0.000006128820574270197f,-4.59095351630082e-7f,-0.4797611169144288f,-0.000005911966498391098f,0.000007770992378380174f,-0.0000021587796499547084f,0.8791195018511525f,0.0000016798399612425356f,-0.0000014315152194648845f,-0.000009753404630233133f,-0.43711053584439086f,0f,0f,0f,1f],start_interpolation:0}
execute if entity @s[tag=aj.frestchika_v2.bone.group2] run data modify entity @s {} merge value {transformation:[-0.000007888395896918079f,-0.000006128820574270197f,-4.59095351630082e-7f,-0.4797611169144288f,-0.000005911966498391098f,0.000007770992378380174f,-0.0000021587796499547084f,0.8791195018511525f,0.0000016798399612425356f,-0.0000014315152194648845f,-0.000009753404630233133f,-0.43711053584439086f,0f,0f,0f,1f],start_interpolation:0}
execute if entity @s[tag=aj.frestchika_v2.bone.group3] run data modify entity @s {} merge value {transformation:[-0.000007888395896918079f,-0.000006128820574270197f,-4.59095351630082e-7f,-0.4797611169144288f,-0.000005911966498391098f,0.000007770992378380174f,-0.0000021587796499547084f,0.8791195018511525f,0.0000016798399612425356f,-0.0000014315152194648845f,-0.000009753404630233133f,-0.43711053584439086f,0f,0f,0f,1f],start_interpolation:0}
execute if entity @s[tag=aj.frestchika_v2.locator_origin.muzzle] at @s on origin run tp @s ^-0.47977 ^0.87912 ^-0.43711 ~-2.69494 ~-12.46704
execute if entity @s[tag=aj.frestchika_v2.bone.gun] run data modify entity @s {} merge value {transformation:[-0.000007888395896918079f,-0.000006128820574270197f,-4.59095351630082e-7f,-0.4797628510377902f,-0.000005911966498391098f,0.000007770992378380174f,-0.0000021587796499547084f,0.8791196698608329f,0.0000016798399612425356f,-0.0000014315152194648845f,-0.000009753404630233133f,-0.43711529741941674f,0f,0f,0f,1f],start_interpolation:0}
execute if entity @s[tag=aj.frestchika_v2.bone.sword] run data modify entity @s {} merge value {transformation:[-0.4081504115517456f,0.8377664505578073f,0.48896352417119393f,-0.2605113269129121f,0.9509745178764363f,0.4501854851457438f,0.02247681947630986f,0.7001310543233982f,-0.1912731554605089f,0.45056088976282044f,-0.931629849627155f,-0.3900369509758709f,0f,0f,0f,1f],start_interpolation:0}
execute if entity @s[tag=aj.frestchika_v2.bone.arm_right_1] run data modify entity @s {} merge value {transformation:[-0.7888395896918079f,-0.6128820574270196f,-0.04590953516300819f,-0.2355491879222775f,-0.5911966498391097f,0.7770992378380173f,-0.21587796499547082f,1.0530751424433402f,0.16798399612425355f,-0.14315152194648845f,-0.9753404630233131f,-0.5383772596975726f,0f,0f,0f,1f],start_interpolation:0}
execute if entity @s[tag=aj.frestchika_v2.bone.arm_right_0] run data modify entity @s {} merge value {transformation:[-0.22383698558536097f,-0.6128820574270196f,0.7578077510609681f,-0.23355166991235082f,-0.34448530640623304f,0.7770992378380173f,0.526732045941555f,1.1191035224568513f,-0.9117164458066239f,-0.14315152194648845f,-0.3850724142419726f,-0.1884937226211743f,0f,0f,0f,1f],start_interpolation:0}
execute if entity @s[tag=aj.frestchika_v2.bone.arm_left_1] run data modify entity @s {} merge value {transformation:[-0.13306916724166995f,-0.27402344666829903f,0.9524724391842707f,0.13755691077262264f,0.5677516755690033f,0.7666359204455844f,0.2998789762073042f,0.9458517945873868f,-0.8123734557567704f,0.5806724689173557f,0.05356166747987515f,0.5928000690128636f,0f,0f,0f,1f],start_interpolation:0}
execute if entity @s[tag=aj.frestchika_v2.bone.arm_left_0] run data modify entity @s {} merge value {transformation:[-0.4982454249468085f,-0.27402344666829903f,0.8225950687887692f,-0.07435922299539854f,0.403269865543472f,0.7666359204455844f,0.49964265333045943f,1.10280453513288f,-0.7675447296829834f,0.5806724689173557f,-0.2714674414682141f,0.2855776542376341f,0f,0f,0f,1f],start_interpolation:0}
execute if entity @s[tag=aj.frestchika_v2.bone.right_wing_0] run data modify entity @s {} merge value {transformation:[-0.300705799504273f,-0.47144251545684096f,0.8290464261814426f,0.38899389437664356f,5.551115123125783e-17f,0.8692793239451437f,0.49432120828614456f,1.1351787026695068f,-0.9537169507482269f,0.14864525414960342f,-0.2613973340994583f,-0.3331375936660733f,0f,0f,0f,1f],start_interpolation:0}
execute if entity @s[tag=aj.frestchika_v2.bone.right_wing_1] run data modify entity @s {} merge value {transformation:[-0.300705799504273f,-0.47144251545684096f,0.8290464261814426f,-0.3512845665675359f,5.551115123125783e-17f,0.8692793239451437f,0.49432120828614456f,1.520799957081752f,-0.9537169507482269f,0.14864525414960342f,-0.2613973340994583f,0.3196829585591485f,0f,0f,0f,1f],start_interpolation:0}
execute if entity @s[tag=aj.frestchika_v2.bone.right_wing_2] run data modify entity @s {} merge value {transformation:[-0.300705799504273f,-0.47144251545684096f,0.8290464261814426f,-0.3405656081558183f,5.551115123125783e-17f,0.8692793239451437f,0.49432120828614456f,1.5045009697577805f,-0.9537169507482269f,0.14864525414960342f,-0.2613973340994583f,0.3228565909860199f,0f,0f,0f,1f],start_interpolation:0}
execute if entity @s[tag=aj.frestchika_v2.bone.left_wing_0] run data modify entity @s {} merge value {transformation:[-0.300705799504273f,-0.47144251545684096f,0.8290464261814426f,0.38899389437664356f,5.551115123125783e-17f,0.8692793239451437f,0.49432120828614456f,1.1351787026695068f,-0.9537169507482269f,0.14864525414960342f,-0.2613973340994583f,-0.3331375936660733f,0f,0f,0f,1f],start_interpolation:0}
execute if entity @s[tag=aj.frestchika_v2.bone.left_wing_1] run data modify entity @s {} merge value {transformation:[-0.300705799504273f,-0.47144251545684096f,0.8290464261814426f,-0.3512845665675359f,5.551115123125783e-17f,0.8692793239451437f,0.49432120828614456f,1.520799957081752f,-0.9537169507482269f,0.14864525414960342f,-0.2613973340994583f,0.3196829585591485f,0f,0f,0f,1f],start_interpolation:0}
execute if entity @s[tag=aj.frestchika_v2.bone.left_wing_2] run data modify entity @s {} merge value {transformation:[-0.300705799504273f,-0.47144251545684096f,0.8290464261814426f,-0.3405656081558183f,5.551115123125783e-17f,0.8692793239451437f,0.49432120828614456f,1.5045009697577805f,-0.9537169507482269f,0.14864525414960342f,-0.2613973340994583f,0.3228565909860199f,0f,0f,0f,1f],start_interpolation:0}
execute if entity @s[tag=aj.frestchika_v2.bone.leg_right_1] run data modify entity @s {} merge value {transformation:[-0.0676116264731384f,-0.3573224481451711f,0.9315306414805681f,-0.3502791258882446f,0.023806099494091168f,0.9328235392117024f,0.3595462617236216f,0.3604108632900076f,-0.9974276603305797f,0.046485618680351705f,-0.054563262946516415f,-0.1571952964703755f,0f,0f,0f,1f],start_interpolation:0}
execute if entity @s[tag=aj.frestchika_v2.bone.leg_right_0] run data modify entity @s {} merge value {transformation:[-0.0676116264731384f,0.7943266683538465f,0.6037166652557602f,-0.04460994317035761f,0.023806099494091168f,0.6062134274552793f,-0.7949456270713113f,0.48970437551033263f,-0.9974276603305797f,-0.03937542780468072f,-0.05989689551774892f,-0.1748294739550707f,0f,0f,0f,1f],start_interpolation:0}
execute if entity @s[tag=aj.frestchika_v2.bone.leg_left_1] run data modify entity @s {} merge value {transformation:[-0.3401128889431376f,-0.18895535694678076f,0.9212052408968742f,0.03939185431367414f,-0.6317880217441839f,0.7715033394390278f,-0.07500995143978446f,0.24503676207774394f,-0.6965393875118071f,-0.6075182880502801f,-0.3817779607692585f,0.38203772748107f,0f,0f,0f,1f],start_interpolation:0}
execute if entity @s[tag=aj.frestchika_v2.bone.leg_left_0] run data modify entity @s {} merge value {transformation:[-0.3401128889431376f,-0.1647762646933211f,0.9258358414797246f,-0.022399244946321277f,-0.6317880217441839f,0.7692754328919126f,-0.09517985043868835f,0.5335150494122112f,-0.6965393875118071f,-0.6173038886502151f,-0.36574416017484046f,0.15054876923723937f,0f,0f,0f,1f],start_interpolation:0}
execute if entity @s[tag=aj.frestchika_v2.bone.body_0] run data modify entity @s {} merge value {transformation:[-0.0676116264731384f,0.0045948047566807815f,0.9977011354784082f,-0.03101382802932964f,0.023806099494091168f,0.9997121209688856f,-0.0029907883191208073f,0.8463347047306143f,-0.9974276603305797f,0.02354916043387406f,-0.06770154688281069f,0.009778622416148705f,0f,0f,0f,1f],start_interpolation:0}
execute if entity @s[tag=aj.frestchika_v2.bone.body_1] run data modify entity @s {} merge value {transformation:[-0.300705799504273f,-0.47144251545684096f,0.8290464261814426f,0f,5.551115123125783e-17f,0.8692793239451437f,0.49432120828614456f,0.8270799995690296f,-0.9537169507482269f,0.14864525414960342f,-0.2613973340994583f,0f,0f,0f,0f,1f],start_interpolation:0}