execute if entity @s[tag=aj.frestchika_v2.bone.hair] run data modify entity @s {} merge value {transformation:[-0.775985320484299f,-0.6173927404899672f,0.1291239187105433f,-0.08360728115949864f,-0.5885091108848658f,0.7823399765831355f,0.20396369148797946f,0.9869363544248253f,-0.22694450598854304f,0.08228222791214881f,-0.9704255902290649f,-0.2581857808614909f,0f,0f,0f,1f],start_interpolation:0}
execute if entity @s[tag=aj.frestchika_v2.bone.side_hair_2] run data modify entity @s {} merge value {transformation:[-0.775985320484299f,-0.6173927404899672f,0.1291239187105433f,0.05406245665561543f,-0.5885091108848658f,0.7823399765831355f,0.20396369148797946f,1.4737928952809525f,-0.22694450598854304f,0.08228222791214881f,-0.9704255902290649f,0.1561453305405856f,0f,0f,0f,1f],start_interpolation:0}
execute if entity @s[tag=aj.frestchika_v2.bone.side_hair_1] run data modify entity @s {} merge value {transformation:[-0.775985320484299f,-0.6173927404899672f,0.1291239187105433f,-0.3078592025272661f,-0.5885091108848658f,0.7823399765831355f,0.20396369148797946f,1.6836384639503987f,-0.22694450598854304f,0.08228222791214881f,-0.9704255902290649f,0.1520936380550517f,0f,0f,0f,1f],start_interpolation:0}
execute if entity @s[tag=aj.frestchika_v2.bone.head] run data modify entity @s {} merge value {transformation:[-0.775985320484299f,-0.6173927404899672f,0.1291239187105433f,-0.2298964651966144f,-0.5885091108848658f,0.7823399765831355f,0.20396369148797946f,1.0689258745227022f,-0.22694450598854304f,0.08228222791214881f,-0.9704255902290649f,0.029402938237285146f,0f,0f,0f,1f],start_interpolation:0}
execute if entity @s[tag=aj.frestchika_v2.bone.group] run data modify entity @s {} merge value {transformation:[-0.0000069020677997544465f,-0.000006828019250271217f,-0.0000023957489863336003f,-0.4461492814321697f,-0.000006795227742272854f,0.000007253993386848756f,-0.0000010974788718694685f,0.8800775080472809f,0.0000024872354167304217f,8.704786393015042e-7f,-0.000009646550000921657f,-0.445691686737803f,0f,0f,0f,1f],start_interpolation:0}
execute if entity @s[tag=aj.frestchika_v2.bone.group2] run data modify entity @s {} merge value {transformation:[-0.0000069020677997544465f,-0.000006828019250271217f,-0.0000023957489863336003f,-0.4461492814321697f,-0.000006795227742272854f,0.000007253993386848756f,-0.0000010974788718694685f,0.8800775080472809f,0.0000024872354167304217f,8.704786393015042e-7f,-0.000009646550000921657f,-0.445691686737803f,0f,0f,0f,1f],start_interpolation:0}
execute if entity @s[tag=aj.frestchika_v2.bone.group3] run data modify entity @s {} merge value {transformation:[-0.0000069020677997544465f,-0.000006828019250271217f,-0.0000023957489863336003f,-0.4461492814321697f,-0.000006795227742272854f,0.000007253993386848756f,-0.0000010974788718694685f,0.8800775080472809f,0.0000024872354167304217f,8.704786393015042e-7f,-0.000009646550000921657f,-0.445691686737803f,0f,0f,0f,1f],start_interpolation:0}
execute if entity @s[tag=aj.frestchika_v2.locator_origin.muzzle] at @s on origin run tp @s ^-0.44616 ^0.88007 ^-0.44569 ~-13.94739 ~-6.30078
execute if entity @s[tag=aj.frestchika_v2.bone.gun] run data modify entity @s {} merge value {transformation:[-0.0000069020677997544465f,-0.000006828019250271217f,-0.0000023957489863336003f,-0.4461520082275446f,-0.000006795227742272854f,0.000007253993386848756f,-0.0000010974788718694685f,0.8800780352015193f,0.0000024872354167304217f,8.704786393015042e-7f,-0.000009646550000921657f,-0.44569592875421093f,0f,0f,0f,1f],start_interpolation:0}
execute if entity @s[tag=aj.frestchika_v2.bone.sword] run data modify entity @s {} merge value {transformation:[-0.4268065607721337f,0.9585754027565749f,0.08058578666199334f,-0.22070588382233436f,0.9619506367241419f,0.42561897624665274f,0.03200268214959732f,0.7020267498973234f,-0.003441553120295654f,0.08663946207601164f,-1.0488119332956214f,-0.49226077174863503f,0f,0f,0f,1f],start_interpolation:0}
execute if entity @s[tag=aj.frestchika_v2.bone.arm_right_1] run data modify entity @s {} merge value {transformation:[-0.6902067799754446f,-0.6828019250271217f,-0.23957489863336f,-0.2424442988307364f,-0.6795227742272854f,0.7253993386848755f,-0.10974788718694684f,1.0869416025433893f,0.24872354167304217f,0.08704786393015042f,-0.9646550000921655f,-0.5716540104203923f,0f,0f,0f,1f],start_interpolation:0}
execute if entity @s[tag=aj.frestchika_v2.bone.arm_right_0] run data modify entity @s {} merge value {transformation:[-0.23957489863336018f,-0.6828019250271217f,0.6902067799754446f,-0.2493609611553664f,-0.10974788718694699f,0.7253993386848755f,0.6795227742272854f,1.0383552433956549f,-0.9646550000921655f,0.08704786393015042f,-0.2487235416730424f,-0.22102159893073223f,0f,0f,0f,1f],start_interpolation:0}
execute if entity @s[tag=aj.frestchika_v2.bone.arm_left_1] run data modify entity @s {} merge value {transformation:[0.0012767446895934342f,-0.5609409915245582f,0.8278548024565918f,-0.004441290559439842f,0.385753397559949f,0.7640572186745023f,0.5171178616740478f,0.9502029481321616f,-0.9226010438938129f,0.3186875752501644f,0.21736039930773313f,0.6461210466269772f,0f,0f,0f,1f],start_interpolation:0}
execute if entity @s[tag=aj.frestchika_v2.bone.arm_left_0] run data modify entity @s {} merge value {transformation:[-0.30893609032867175f,-0.5609409915245582f,0.7680518837421596f,-0.13954722580223974f,0.163948561505632f,0.7640572186745023f,0.6239690984108249f,1.0090074375136893f,-0.9368454308329995f,0.3186875752501644f,-0.14407938127470551f,0.267328582617005f,0f,0f,0f,1f],start_interpolation:0}
execute if entity @s[tag=aj.frestchika_v2.bone.right_wing_0] run data modify entity @s {} merge value {transformation:[-0.17364817766693041f,-0.6130572405243051f,0.7707185804388512f,0.37678262202365276f,5.551115123125783e-17f,0.7826081568524139f,0.6225146366376194f,1.1525489692205073f,-0.9848077530122079f,0.10809853222311387f,-0.1358984802646969f,-0.28141403795750075f,0f,0f,0f,1f],start_interpolation:0}
execute if entity @s[tag=aj.frestchika_v2.bone.right_wing_1] run data modify entity @s {} merge value {transformation:[-0.17364817766693041f,-0.6130572405243051f,0.7707185804388512f,-0.49032323320475657f,5.551115123125783e-17f,0.7826081568524139f,0.6225146366376194f,1.3943435262578694f,-0.9848077530122079f,0.10809853222311387f,-0.1358984802646969f,0.27765076420385393f,0f,0f,0f,1f],start_interpolation:0}
execute if entity @s[tag=aj.frestchika_v2.bone.right_wing_2] run data modify entity @s {} merge value {transformation:[-0.17364817766693041f,-0.6130572405243051f,0.7707185804388512f,-0.4777431088345073f,5.551115123125783e-17f,0.7826081568524139f,0.6225146366376194f,1.3796696233168864f,-0.9848077530122079f,0.10809853222311387f,-0.1358984802646969f,0.2817789651809968f,0f,0f,0f,1f],start_interpolation:0}
execute if entity @s[tag=aj.frestchika_v2.bone.left_wing_0] run data modify entity @s {} merge value {transformation:[-0.17364817766693041f,-0.6130572405243051f,0.7707185804388512f,0.37678262202365276f,5.551115123125783e-17f,0.7826081568524139f,0.6225146366376194f,1.1525489692205073f,-0.9848077530122079f,0.10809853222311387f,-0.1358984802646969f,-0.28141403795750075f,0f,0f,0f,1f],start_interpolation:0}
execute if entity @s[tag=aj.frestchika_v2.bone.left_wing_1] run data modify entity @s {} merge value {transformation:[-0.17364817766693041f,-0.6130572405243051f,0.7707185804388512f,-0.49032323320475657f,5.551115123125783e-17f,0.7826081568524139f,0.6225146366376194f,1.3943435262578694f,-0.9848077530122079f,0.10809853222311387f,-0.1358984802646969f,0.27765076420385393f,0f,0f,0f,1f],start_interpolation:0}
execute if entity @s[tag=aj.frestchika_v2.bone.left_wing_2] run data modify entity @s {} merge value {transformation:[-0.17364817766693041f,-0.6130572405243051f,0.7707185804388512f,-0.4777431088345073f,5.551115123125783e-17f,0.7826081568524139f,0.6225146366376194f,1.3796696233168864f,-0.9848077530122079f,0.10809853222311387f,-0.1358984802646969f,0.2817789651809968f,0f,0f,0f,1f],start_interpolation:0}
execute if entity @s[tag=aj.frestchika_v2.bone.leg_right_1] run data modify entity @s {} merge value {transformation:[0.07685561252241353f,-0.3528134594790679f,0.9325319713737517f,-0.3316544956797514f,0.035007348232838714f,0.9356765607238807f,0.3511180133254833f,0.3546922531942319f,-0.9964274687068342f,0.00566008147835337f,0.0842630588345155f,-0.23491637765069628f,0f,0f,0f,1f],start_interpolation:0}
execute if entity @s[tag=aj.frestchika_v2.bone.leg_right_0] run data modify entity @s {} merge value {transformation:[0.07685561252241353f,0.8570993010457236f,0.5093859077072469f,-0.010699164623872638f,0.035007348232838714f,0.5082622714005427f,-0.8604905281526727f,0.43602986518884185f,-0.9964274687068342f,0.08396577646691711f,0.00905803448869177f,-0.2073030956685516f,0f,0f,0f,1f],start_interpolation:0}
execute if entity @s[tag=aj.frestchika_v2.bone.leg_left_1] run data modify entity @s {} merge value {transformation:[-0.29829914661560986f,-0.13377452023159758f,0.9450513196992024f,0.008186628209657494f,-0.7667529053810985f,0.6232464016608354f,-0.15379826041429756f,0.2680250348171569f,-0.568425545887975f,-0.7704987349461557f,-0.2884858718002168f,0.43278483352458863f,0f,0f,0f,1f],start_interpolation:0}
execute if entity @s[tag=aj.frestchika_v2.bone.leg_left_0] run data modify entity @s {} merge value {transformation:[-0.29829914661560986f,-0.13377452023159758f,0.9450513196992024f,-0.0419788168771916f,-0.7667529053810985f,0.6232464016608354f,-0.15379826041429756f,0.5017424354399702f,-0.568425545887975f,-0.7704987349461557f,-0.2884858718002168f,0.14384780791978025f,0f,0f,0f,1f],start_interpolation:0}
execute if entity @s[tag=aj.frestchika_v2.bone.body_0] run data modify entity @s {} merge value {transformation:[0.07685561252241353f,-0.056066404742070086f,0.9954646016223291f,-0.04608921878390963f,0.035007348232838714f,0.9979538192975592f,0.053503832751672364f,0.7941240566493994f,-0.9964274687068342f,0.03073650612403027f,0.078661088206165f,-0.003007238555003901f,0f,0f,0f,1f],start_interpolation:0}
execute if entity @s[tag=aj.frestchika_v2.bone.body_1] run data modify entity @s {} merge value {transformation:[-0.17364817766693041f,-0.6130572405243051f,0.7707185804388512f,1.363523135701771e-18f,5.551115123125783e-17f,0.7826081568524139f,0.6225146366376194f,0.7754478157030469f,-0.9848077530122079f,0.10809853222311387f,-0.1358984802646969f,-0.011134011346382556f,0f,0f,0f,1f],start_interpolation:0}