execute if entity @s[tag=aj.frestchika_v2.bone.hair] run data modify entity @s {} merge value {transformation:[-0.7885477847376652f,-0.6031375306193738f,0.12007293759913135f,-0.0846343275405238f,-0.5723943281120106f,0.79121268707107f,0.21528403787317155f,0.9800598691550593f,-0.22484911458691798f,0.10103268271277885f,-0.9691415132442414f,-0.28523131969376303f,0f,0f,0f,1f],start_interpolation:0}
execute if entity @s[tag=aj.frestchika_v2.bone.side_hair_2] run data modify entity @s {} merge value {transformation:[-0.7885477847376652f,-0.6031375306193738f,0.12007293759913135f,0.06644160456823739f,-0.5723943281120106f,0.79121268707107f,0.21528403787317155f,1.4587639432693407f,-0.22484911458691798f,0.10103268271277885f,-0.9691415132442414f,0.13389991288621755f,0f,0f,0f,1f],start_interpolation:0}
execute if entity @s[tag=aj.frestchika_v2.bone.side_hair_1] run data modify entity @s {} merge value {transformation:[-0.7885477847376652f,-0.6031375306193738f,0.12007293759913135f,-0.2919474790257515f,-0.5723943281120106f,0.79121268707107f,0.21528403787317155f,1.6745962562178272f,-0.22484911458691798f,0.10103268271277885f,-0.9691415132442414f,0.1374416265756612f,0f,0f,0f,1f],start_interpolation:0}
execute if entity @s[tag=aj.frestchika_v2.bone.head] run data modify entity @s {} merge value {transformation:[-0.7885477847376652f,-0.6031375306193738f,0.12007293759913135f,-0.2258387138818555f,-0.5723943281120106f,0.79121268707107f,0.21528403787317155f,1.0604459933877641f,-0.22484911458691798f,0.10103268271277885f,-0.9691415132442414f,0.005336177514393657f,0f,0f,0f,1f],start_interpolation:0}
execute if entity @s[tag=aj.frestchika_v2.bone.group] run data modify entity @s {} merge value {transformation:[-0.0000069778590598419494f,-0.0000067261334747785156f,-0.000002463455179305179f,-0.44583952503874763f,-0.000006685919406266466f,0.000007349957169085828f,-0.000001129872251855632f,0.8723995010189819f,0.0000025705961631285264f,8.586373460709285e-7f,-0.000009625735154991602f,-0.4675355136091372f,0f,0f,0f,1f],start_interpolation:0}
execute if entity @s[tag=aj.frestchika_v2.bone.group2] run data modify entity @s {} merge value {transformation:[-0.0000069778590598419494f,-0.0000067261334747785156f,-0.000002463455179305179f,-0.44583952503874763f,-0.000006685919406266466f,0.000007349957169085828f,-0.000001129872251855632f,0.8723995010189819f,0.0000025705961631285264f,8.586373460709285e-7f,-0.000009625735154991602f,-0.4675355136091372f,0f,0f,0f,1f],start_interpolation:0}
execute if entity @s[tag=aj.frestchika_v2.bone.group3] run data modify entity @s {} merge value {transformation:[-0.0000069778590598419494f,-0.0000067261334747785156f,-0.000002463455179305179f,-0.44583952503874763f,-0.000006685919406266466f,0.000007349957169085828f,-0.000001129872251855632f,0.8723995010189819f,0.0000025705961631285264f,8.586373460709285e-7f,-0.000009625735154991602f,-0.4675355136091372f,0f,0f,0f,1f],start_interpolation:0}
execute if entity @s[tag=aj.frestchika_v2.locator_origin.muzzle] at @s on origin run tp @s ^-0.44585 ^0.8724 ^-0.46754 ~-14.35524 ~-6.48754
execute if entity @s[tag=aj.frestchika_v2.bone.gun] run data modify entity @s {} merge value {transformation:[-0.0000069778590598419494f,-0.0000067261334747785156f,-0.000002463455179305179f,-0.4458422680205329f,-0.000006685919406266466f,0.000007349957169085828f,-0.000001129872251855632f,0.8724000361058609f,0.0000025705961631285264f,8.586373460709285e-7f,-0.000009625735154991602f,-0.46753974418129357f,0f,0f,0f,1f],start_interpolation:0}
execute if entity @s[tag=aj.frestchika_v2.bone.sword] run data modify entity @s {} merge value {transformation:[-0.4140028210595075f,0.9646094693716009f,0.07519938732069072f,-0.22304237539405158f,0.96750628828135f,0.4133812942467513f,0.02392069821149598f,0.6910543719141011f,-0.0076130408388529885f,0.07854418670734777f,-1.0494272554320607f,-0.5141279158064925f,0f,0f,0f,1f],start_interpolation:0}
execute if entity @s[tag=aj.frestchika_v2.bone.arm_right_1] run data modify entity @s {} merge value {transformation:[-0.6977859059841949f,-0.6726133474778515f,-0.2463455179305179f,-0.24010460683568796f,-0.6685919406266465f,0.7349957169085828f,-0.11298722518556319f,1.0756857983668344f,0.2570596163128526f,0.08586373460709285f,-0.9625735154991601f,-0.5959987583853898f,0f,0f,0f,1f],start_interpolation:0}
execute if entity @s[tag=aj.frestchika_v2.bone.arm_right_0] run data modify entity @s {} merge value {transformation:[-0.24634551793051807f,-0.6726133474778515f,0.6977859059841949f,-0.24572589226922822f,-0.11298722518556334f,0.7349957169085828f,0.6685919406266465f,1.0295388241312216f,-0.96257351549916f,0.08586373460709285f,-0.25705961631285285f,-0.24501382933718652f,0f,0f,0f,1f],start_interpolation:0}
execute if entity @s[tag=aj.frestchika_v2.bone.arm_left_1] run data modify entity @s {} merge value {transformation:[0.012393806868799428f,-0.5503768144405988f,0.8348243861301116f,-0.004205952031348881f,0.38698603649896285f,0.7724683759754875f,0.5035220111103549f,0.938378284894212f,-0.9220022782543015f,0.31682482580128035f,0.22256196586538785f,0.6228295129139719f,0f,0f,0f,1f],start_interpolation:0}
execute if entity @s[tag=aj.frestchika_v2.bone.arm_left_0] run data modify entity @s {} merge value {transformation:[-0.30123938176336124f,-0.5503768144405988f,0.7786784939890447f,-0.13631793204757744f,0.17018453969265282f,0.7724683759754875f,0.6118249999529218f,0.9998679416449407f,-0.9382388061279643f,0.31682482580128035f,-0.13903227118752162f,0.24340790131433046f,0f,0f,0f,1f],start_interpolation:0}
execute if entity @s[tag=aj.frestchika_v2.bone.right_wing_0] run data modify entity @s {} merge value {transformation:[-0.17364817766693041f,-0.6022365703516147f,0.7792030696320945f,0.38192766161402353f,0f,0.79122353296749f,0.6115270401858313f,1.1349654829123454f,-0.984807753012208f,0.1061905561223213f,-0.1373945246269951f,-0.30567251693919073f,0f,0f,0f,1f],start_interpolation:0}
execute if entity @s[tag=aj.frestchika_v2.bone.right_wing_1] run data modify entity @s {} merge value {transformation:[-0.17364817766693041f,-0.6022365703516147f,0.7792030696320945f,-0.4817622105004596f,0f,0.79122353296749f,0.6115270401858313f,1.3900146879328599f,-0.984807753012208f,0.1061905561223213f,-0.1373945246269951f,0.2527899552335344f,0f,0f,0f,1f],start_interpolation:0}
execute if entity @s[tag=aj.frestchika_v2.bone.right_wing_2] run data modify entity @s {} merge value {transformation:[-0.17364817766693041f,-0.6022365703516147f,0.7792030696320945f,-0.46938497369594834f,0f,0.79122353296749f,0.6115270401858313f,1.3751792466897192f,-0.984807753012208f,0.1061905561223213f,-0.1373945246269951f,0.2569539307625671f,0f,0f,0f,1f],start_interpolation:0}
execute if entity @s[tag=aj.frestchika_v2.bone.left_wing_0] run data modify entity @s {} merge value {transformation:[-0.17364817766693041f,-0.6022365703516147f,0.7792030696320945f,0.38192766161402353f,0f,0.79122353296749f,0.6115270401858313f,1.1349654829123454f,-0.984807753012208f,0.1061905561223213f,-0.1373945246269951f,-0.30567251693919073f,0f,0f,0f,1f],start_interpolation:0}
execute if entity @s[tag=aj.frestchika_v2.bone.left_wing_1] run data modify entity @s {} merge value {transformation:[-0.17364817766693041f,-0.6022365703516147f,0.7792030696320945f,-0.4817622105004596f,0f,0.79122353296749f,0.6115270401858313f,1.3900146879328599f,-0.984807753012208f,0.1061905561223213f,-0.1373945246269951f,0.2527899552335344f,0f,0f,0f,1f],start_interpolation:0}
execute if entity @s[tag=aj.frestchika_v2.bone.left_wing_2] run data modify entity @s {} merge value {transformation:[-0.17364817766693041f,-0.6022365703516147f,0.7792030696320945f,-0.46938497369594834f,0f,0.79122353296749f,0.6115270401858313f,1.3751792466897192f,-0.984807753012208f,0.1061905561223213f,-0.1373945246269951f,0.2569539307625671f,0f,0f,0f,1f],start_interpolation:0}
execute if entity @s[tag=aj.frestchika_v2.bone.leg_right_1] run data modify entity @s {} merge value {transformation:[0.0773130902791536f,-0.35296764195241204f,0.9324358046568357f,-0.33079236050420574f,0.031531320764044496f,0.9356328944750651f,0.35156345456700505f,0.3352919511823392f,-0.9965081343784216f,0.0022204753467245427f,0.08346620637642639f,-0.2571105325919663f,0f,0f,0f,1f],start_interpolation:0}
execute if entity @s[tag=aj.frestchika_v2.bone.leg_right_0] run data modify entity @s {} merge value {transformation:[0.0773130902791536f,0.8569778218117987f,0.5095210486272301f,-0.009863081492892077f,0.031531320764044496f,0.5086933628241723f,-0.8603701752324462f,0.41677825665450224f,-0.9965081343784216f,0.08258374865153478f,0.012307013297211584f,-0.22963318021267604f,0f,0f,0f,1f],start_interpolation:0}
execute if entity @s[tag=aj.frestchika_v2.bone.leg_left_1] run data modify entity @s {} merge value {transformation:[-0.29749766007271244f,-0.1347857577100165f,0.9451602730594412f,0.008806243199049935f,-0.7611777415775889f,0.6310544512291808f,-0.14959520483852212f,0.2545545742714037f,-0.5762842944052029f,-0.763939185473801f,-0.29033314126968524f,0.4079522722409941f,0f,0f,0f,1f],start_interpolation:0}
execute if entity @s[tag=aj.frestchika_v2.bone.leg_left_0] run data modify entity @s {} merge value {transformation:[-0.29749766007271244f,-0.1347857577100165f,0.9451602730594412f,-0.04173841594220625f,-0.7611777415775889f,0.6310544512291808f,-0.14959520483852212f,0.4911999934823465f,-0.5762842944052029f,-0.763939185473801f,-0.29033314126968524f,0.12147507768831874f,0f,0f,0f,1f],start_interpolation:0}
execute if entity @s[tag=aj.frestchika_v2.bone.body_0] run data modify entity @s {} merge value {transformation:[0.0773130902791536f,-0.0562423690699026f,0.995419249358225f,-0.045827926693685496f,0.031531320764044496f,0.9980461208205522f,0.05394178830853541f,0.7830650220876372f,-0.9965081343784216f,0.027216477296901687f,0.07893542602143128f,-0.026404581085450393f,0f,0f,0f,1f],start_interpolation:0}
execute if entity @s[tag=aj.frestchika_v2.bone.body_1] run data modify entity @s {} merge value {transformation:[-0.17364817766693041f,-0.6022365703516147f,0.7792030696320945f,4.223228903289503e-18f,0f,0.79122353296749f,0.6115270401858313f,0.7637371685249553f,-0.984807753012208f,0.1061905561223213f,-0.1373945246269951f,-0.03448528103147683f,0f,0f,0f,1f],start_interpolation:0}