execute if entity @s[tag=aj.ecual.bone.wing_right_1] run data modify entity @s {} merge value {transformation:[-0.7511424934851129f,-0.13244668795805778f,-0.2918685899070891f,0.03160448034249004f,-0.12913998955577602f,0.8057049253331723f,-0.03326981869271026f,1.4127123003558304f,0.2933466584485764f,0.015552896426474165f,-0.7620041271766487f,-0.33813424688841687f,0f,0f,0f,1f],start_interpolation:0}
execute if entity @s[tag=aj.ecual.bone.wing_right_2] run data modify entity @s {} merge value {transformation:[-0.7294533833961462f,0.16171592174575972f,-0.28591208807225055f,0.03160448034249004f,0.18516257938349773f,0.7775941461723905f,-0.03259084280102229f,1.4127123003558304f,0.27131638477608566f,-0.09589215031664666f,-0.7464530225403906f,-0.33813424688841687f,0f,0f,0f,1f],start_interpolation:0}
execute if entity @s[tag=aj.ecual.bone.wing_left_1] run data modify entity @s {} merge value {transformation:[-0.7511424934851129f,0.13244668795805778f,0.2918685899070893f,-0.03160448034248994f,0.12913998955577602f,0.8057049253331723f,-0.03326981869271026f,1.4127123003558304f,-0.2933466584485766f,0.0155528964264742f,-0.7620041271766487f,-0.33813424688841687f,0f,0f,0f,1f],start_interpolation:0}
execute if entity @s[tag=aj.ecual.bone.wing_left_2] run data modify entity @s {} merge value {transformation:[-0.7294533833961462f,-0.16171592174575972f,0.28591208807225077f,-0.03160448034248994f,-0.18516257938349773f,0.7775941461723905f,-0.03259084280102229f,1.4127123003558304f,-0.27131638477608583f,-0.0958921503166467f,-0.7464530225403906f,-0.33813424688841687f,0f,0f,0f,1f],start_interpolation:0}
execute if entity @s[tag=aj.ecual.bone.staff] run data modify entity @s {} merge value {transformation:[-0.04047931178135435f,-0.06877681200829701f,1.5604606452735945f,-0.5487937975584865f,1.5314712032477094f,-0.3087393137721222f,0.026119719648813978f,1.1517060982745702f,0.30718663535499313f,1.5301490242004188f,0.07540944766926812f,-0.22383111732045594f,0f,0f,0f,1f],start_interpolation:0}
execute if entity @s[tag=aj.ecual.bone.arm_right_2] run data modify entity @s {} merge value {transformation:[-0.46628644349434767f,-0.8660254037844385f,0.1804908657339552f,-0.45122153104790486f,-0.8226089264619856f,0.4995241107909291f,0.2716435473991441f,1.3712987370597796f,-0.32540975203342004f,-0.021809693682668198f,-0.9453215487563035f,-0.156026875495639f,0f,0f,0f,1f],start_interpolation:0}
execute if entity @s[tag=aj.ecual.bone.arm_right_1] run data modify entity @s {} merge value {transformation:[-0.4362927695146617f,-0.8660254037844385f,0.2442306681586619f,-0.2984375f,-0.7762683869173272f,0.4995241107909291f,0.3845556581449585f,1.6478860893408607f,-0.4550340764624083f,-0.021809693682668198f,-0.8902069009614964f,-0.0025620040789264154f,0f,0f,0f,1f],start_interpolation:0}
execute if entity @s[tag=aj.ecual.bone.arm_left_2] run data modify entity @s {} merge value {transformation:[0.7276042764181685f,0.6594903857021315f,0.18885033255053318f,0.3600816534064951f,0.3578246275699114f,-0.12998728173061586f,-0.9246971625849945f,1.4685890726255735f,-0.5852807470286778f,0.7403889097999372f,-0.33056120371697173f,0.27175824880219673f,0f,0f,0f,1f],start_interpolation:0}
execute if entity @s[tag=aj.ecual.bone.arm_left_1] run data modify entity @s {} merge value {transformation:[-0.11184484285229081f,0.8845093944813904f,0.4529170588546099f,0.2984375f,0.5433598563458164f,0.4360422596240443f,-0.7173752256203244f,1.6478860893408607f,-0.8320161041946245f,0.16586222866017877f,-0.5293759755265424f,-0.0025620040789263426f,0f,0f,0f,1f],start_interpolation:0}
execute if entity @s[tag=aj.ecual.bone.himo_right_2] run data modify entity @s {} merge value {transformation:[-1f,5.742216287210055e-17f,1.0816789282272506e-16f,-0.15625000000000003f,0f,0.8832578740093533f,-0.46888754302122126f,1.3155220123736275f,-1.2246467991473532e-16f,-0.46888754302122126f,-0.8832578740093533f,0.24350569292061042f,0f,0f,0f,1f],start_interpolation:0}
execute if entity @s[tag=aj.ecual.bone.himo_right_1] run data modify entity @s {} merge value {transformation:[-1f,2.169960795039636e-17f,1.2052686356749548e-16f,-0.15625000000000003f,0f,0.9841765287053459f,-0.17719074565421206f,1.498947669345541f,-1.2246467991473532e-16f,-0.17719074565421206f,-0.9841765287053459f,0.20413132480603727f,0f,0f,0f,1f],start_interpolation:0}
execute if entity @s[tag=aj.ecual.bone.himo_left_2] run data modify entity @s {} merge value {transformation:[-1f,6.580022455450642e-17f,1.0328566345430089e-16f,0.15624999999999997f,0f,0.8433914458128857f,-0.5372996083468239f,1.311898748969976f,-1.2246467991473532e-16f,-0.5372996083468239f,-0.8433914458128857f,0.21855401132192442f,0f,0f,0f,1f],start_interpolation:0}
execute if entity @s[tag=aj.ecual.bone.himo_left_1] run data modify entity @s {} merge value {transformation:[-1f,5.341834311772731e-18f,1.2234812067540777e-16f,0.15624999999999997f,0f,0.9990482215818578f,-0.04361938736533605f,1.498947669345541f,-1.2246467991473532e-16f,-0.04361938736533605f,-0.9990482215818578f,0.20413132480603732f,0f,0f,0f,1f],start_interpolation:0}
execute if entity @s[tag=aj.ecual.bone.ponpon1] run data modify entity @s {} merge value {transformation:[-1f,-5.3418343117727156e-18f,1.2234812067540777e-16f,0.29375f,0f,0.9990482215818578f,0.043619387365335965f,2.185481347188714f,-1.2246467991473532e-16f,0.043619387365335965f,-0.9990482215818578f,0.04021585064498638f,0f,0f,0f,1f],start_interpolation:0}
execute if entity @s[tag=aj.ecual.bone.ponpon2] run data modify entity @s {} merge value {transformation:[-1f,-5.3418343117727156e-18f,1.2234812067540777e-16f,0.33125f,0f,0.9990482215818578f,0.043619387365335965f,2.0646896370564822f,-1.2246467991473532e-16f,0.043619387365335965f,-0.9990482215818578f,-0.05889734354897977f,0f,0f,0f,1f],start_interpolation:0}
execute if entity @s[tag=aj.ecual.bone.ponpon3] run data modify entity @s {} merge value {transformation:[-1f,-5.3418343117727156e-18f,1.2234812067540777e-16f,-0.29375f,0f,0.9990482215818578f,0.043619387365335965f,2.185481347188714f,-1.2246467991473532e-16f,0.043619387365335965f,-0.9990482215818578f,0.04021585064498631f,0f,0f,0f,1f],start_interpolation:0}
execute if entity @s[tag=aj.ecual.bone.ponpon4] run data modify entity @s {} merge value {transformation:[-1f,-5.3418343117727156e-18f,1.2234812067540777e-16f,-0.33125f,0f,0.9990482215818578f,0.043619387365335965f,2.0646896370564822f,-1.2246467991473532e-16f,0.043619387365335965f,-0.9990482215818578f,-0.05889734354897985f,0f,0f,0f,1f],start_interpolation:0}
execute if entity @s[tag=aj.ecual.bone.ear_edge_a1] run data modify entity @s {} merge value {transformation:[-0.9879418537973799f,0.1528090573432942f,0.024905531699807523f,0.19406247866219614f,0.15252117427592338f,0.932914854714276f,0.3262011116641614f,2.2783735515633174f,0.026611743890427423f,0.32606635190907857f,-0.9449722478675314f,0.05235611239450241f,0f,0f,0f,1f],start_interpolation:0}
execute if entity @s[tag=aj.ecual.bone.ear_edge_a2] run data modify entity @s {} merge value {transformation:[-0.9996832533204186f,-0.003620431114341613f,0.024905531699807523f,0.07887746669533806f,0.004703349300896109f,0.9452886930744592f,0.3262011116641614f,2.2884413428830976f,-0.024723906165037318f,0.32621492796027474f,-0.9449722478675314f,0.05279568165653013f,0f,0f,0f,1f],start_interpolation:0}
execute if entity @s[tag=aj.ecual.bone.ear_edge_b1] run data modify entity @s {} merge value {transformation:[-0.9731790667817778f,0.22371720011396742f,0.05360147713370648f,0.05747037821162175f,0.20456972089047454f,0.7349936495136161f,0.6464793612091951f,2.296798337763708f,0.10523180732336378f,0.6401054206518039f,-0.7610461991099067f,0.005896704699374936f,0f,0f,0f,1f],start_interpolation:0}
execute if entity @s[tag=aj.ecual.bone.ear_edge_b2] run data modify entity @s {} merge value {transformation:[-0.994680709754043f,-0.08796116922982558f,0.05360147713370648f,0.08634740563848703f,-0.03256816236780456f,0.7622360200951771f,0.6464793612091951f,2.3038237457118758f,-0.09772205709653063f,0.6412948482384578f,-0.7610461991099067f,0.013898364224116347f,0f,0f,0f,1f],start_interpolation:0}
execute if entity @s[tag=aj.ecual.bone.ear_right_2] run data modify entity @s {} merge value {transformation:[-0.9961946980917455f,0.06872412344279634f,0.05360147713370648f,0.14379233348929013f,0.0870727897926938f,0.7579464128869984f,0.6464793612091951f,2.402709026403595f,0.0038016801040235506f,0.6486865422133797f,-0.7610461991099067f,0.06088161717648154f,0f,0f,0f,1f],start_interpolation:0}
execute if entity @s[tag=aj.ecual.bone.ear_right_1] run data modify entity @s {} merge value {transformation:[-0.9961946980917455f,0.0835214821746229f,0.024905531699807523f,0.125f,0.0870727897926938f,0.9412816603051303f,0.3262011116641614f,2.190920652834941f,0.0038016801040235506f,0.3271284120778436f,-0.9449722478675314f,-0.01272227554103315f,0f,0f,0f,1f],start_interpolation:0}
execute if entity @s[tag=aj.ecual.bone.ear_edge_a3] run data modify entity @s {} merge value {transformation:[-0.9877351712521341f,-0.1557647554439422f,-0.010796871445287706f,-0.1948274431904496f,-0.15537387210071055f,0.9737103342378051f,0.16657474258402416f,2.287834776932804f,-0.01543344873802444f,0.16620928361553922f,-0.9859697169284968f,0.03611022141620332f,0f,0f,0f,1f],start_interpolation:0}
execute if entity @s[tag=aj.ecual.bone.ear_edge_a4] run data modify entity @s {} merge value {transformation:[-0.9999414884314701f,0.0006687902886137187f,-0.010796871445287706f,-0.07964243122359148f,-0.0011391066663565402f,0.9860281728069785f,0.16657474258402416f,2.297902568252584f,0.010757422993397409f,0.1665772948227972f,-0.9859697169284968f,0.03654979067823107f,0f,0f,0f,1f],start_interpolation:0}
execute if entity @s[tag=aj.ecual.bone.ear_edge_b3] run data modify entity @s {} merge value {transformation:[-0.9714475397728904f,-0.23464963138903044f,-0.0350603473769248f,-0.057367446058343666f,-0.2257939455717316f,0.8689981302427063f,0.4402946102075638f,2.295907634284567f,-0.07284759167157426f,0.435639530028753f,-0.8971685617898003f,-0.0006752392486363001f,0f,0f,0f,1f],start_interpolation:0}
execute if entity @s[tag=aj.ecual.bone.ear_edge_b4] run data modify entity @s {} merge value {transformation:[-0.9964122367629303f,0.07702873795476256f,-0.0350603473769248f,-0.08638283230278487f,0.0537923870490616f,0.8962405008242673f,0.4402946102075638f,2.3046289780257037f,0.06533784144474064f,0.4368289576154071f,-0.8971685617898003f,0.004738737980242373f,0f,0f,0f,1f],start_interpolation:0}
execute if entity @s[tag=aj.ecual.bone.ear_left_2] run data modify entity @s {} merge value {transformation:[-0.9961946980917455f,-0.07979282884887172f,-0.0350603473769248f,-0.14445898950247804f,-0.08707278979269381f,0.8936212763245327f,0.4402946102075638f,2.411910423437102f,-0.0038016801040237956f,0.4416719585443566f,-0.8971685617898003f,0.024825947010061463f,0f,0f,0f,1f],start_interpolation:0}
execute if entity @s[tag=aj.ecual.bone.ear_left_1] run data modify entity @s {} merge value {transformation:[-0.9961946980917455f,-0.08648439778879138f,-0.010796871445287706f,-0.125f,-0.08707278979269381f,0.9821767582318284f,0.16657474258402416f,2.190920652834941f,-0.0038016801040237956f,0.16688098911597646f,-0.9859697169284968f,-0.012722275541033178f,0f,0f,0f,1f],start_interpolation:0}
execute if entity @s[tag=aj.ecual.bone.head] run data modify entity @s {} merge value {transformation:[-1f,-5.3418343117727156e-18f,1.2234812067540777e-16f,4.723407155967195e-19f,0f,0.9990482215818578f,0.043619387365335965f,1.6775453334190722f,-1.2246467991473532e-16f,0.043619387365335965f,-0.9990482215818578f,-0.003856954641334797f,0f,0f,0f,1f],start_interpolation:0}
execute if entity @s[tag=aj.ecual.bone.body_1] run data modify entity @s {} merge value {transformation:[-1f,5.341834311772731e-18f,1.2234812067540777e-16f,-1.5308471513180546e-18f,0f,0.9990482215818578f,-0.04361938736533605f,1.3029022503258756f,-1.2246467991473532e-16f,-0.04361938736533605f,-0.9990482215818578f,0.012500315620666221f,0f,0f,0f,1f],start_interpolation:0}
execute if entity @s[tag=aj.ecual.bone.leg_left_2] run data modify entity @s {} merge value {transformation:[-0.9914448613738104f,-0.12918789121046514f,0.018643380059926468f,0.13811407448052998f,-0.1205904774487396f,0.8519243804118659f,-0.5095908033005926f,1.03314503041103f,0.04995021125231469f,-0.5074793974384094f,-0.8602148787200776f,0.39535981216916427f,0f,0f,0f,1f],start_interpolation:0}
execute if entity @s[tag=aj.ecual.bone.leg_left_1] run data modify entity @s {} merge value {transformation:[-0.9914448613738104f,-0.06197101513330356f,0.11487680418088635f,0.12499999999999999f,-0.1205904774487396f,0.09808367776884536f,-0.9878448911160205f,1.0103187970027432f,0.04995021125231469f,-0.9932467897953082f,-0.10471767261147458f,0.08779756783041519f,0f,0f,0f,1f],start_interpolation:0}
execute if entity @s[tag=aj.ecual.bone.leg_right_2] run data modify entity @s {} merge value {transformation:[-0.984807753012208f,0.15068640737168779f,-0.08629771862835994f,-0.14194378798208773f,0.1604299972043605f,0.5993519577299576f,-0.7842445070016595f,1.0406541659313686f,-0.06645228065352395f,-0.7861748135107616f,-0.6144210746688825f,0.4316903174746379f,0f,0f,0f,1f],start_interpolation:0}
execute if entity @s[tag=aj.ecual.bone.leg_right_1] run data modify entity @s {} merge value {transformation:[-0.984807753012208f,0.06610448347664151f,-0.1605736182295593f,-0.125f,0.1604299972043605f,-0.00751009199385938f,-0.9870186495275826f,1.0141902644663037f,-0.06645228065352395f,-0.9977844435460649f,-0.0032091452779656193f,0.06958870415798651f,0f,0f,0f,1f],start_interpolation:0}
execute if entity @s[tag=aj.ecual.bone.skirt_forward_right] run data modify entity @s {} merge value {transformation:[-0.9914448613738104f,0.13016394317774557f,-0.009717754467288122f,-4.100723895728975e-18f,0.09715576518993758f,0.6862049697168386f,-0.7208907662234759f,1.1970630700157832f,-0.08716561332213286f,-0.7156675816552913f,-0.6929805685745043f,0.03348495173125884f,0f,0f,0f,1f],start_interpolation:0}
execute if entity @s[tag=aj.ecual.bone.skirt_forward_left] run data modify entity @s {} merge value {transformation:[-0.9914448613738104f,-0.12731070374072903f,0.028793602909433814f,-4.452832365980122e-18f,-0.09715576518993761f,0.5724768923882796f,-0.8141443145854522f,1.1596734346569744f,0.08716561332213263f,-0.8099766616356909f,-0.5799482420524077f,0.03636013558423831f,0f,0f,0f,1f],start_interpolation:0}
execute if entity @s[tag=aj.ecual.bone.skirt_forward] run data modify entity @s {} merge value {transformation:[-1f,8.178212168382487e-17f,9.115526534167203e-17f,-4.100723895728975e-18f,0f,0.7443392282994402f,-0.6678017020153466f,1.1970630700157832f,-1.2246467991473532e-16f,-0.6678017020153466f,-0.7443392282994402f,0.03348495173125884f,0f,0f,0f,1f],start_interpolation:0}
execute if entity @s[tag=aj.ecual.bone.skirt_back_right] run data modify entity @s {} merge value {transformation:[-0.9961946980917455f,0.08715574274765821f,1.1795203021539759e-16f,-4.100705354660506e-18f,0.08394417728584823f,0.9594863368895159f,-0.26895974498452446f,1.2220628846552626f,-0.02344138634334708f,-0.26793627195369124f,-0.9631514188214954f,0.03348480033194532f,0f,0f,0f,1f],start_interpolation:0}
execute if entity @s[tag=aj.ecual.bone.skirt_back_left] run data modify entity @s {} merge value {transformation:[-0.9961946980917455f,-0.08715574274765815f,1.1795203021539759e-16f,-4.100705354660506e-18f,-0.08394417728584823f,0.9594863368895159f,-0.26895974498452446f,1.2220628846552626f,0.02344138634334684f,-0.26793627195369124f,-0.9631514188214954f,0.03348480033194532f,0f,0f,0f,1f],start_interpolation:0}
execute if entity @s[tag=aj.ecual.bone.skirt_back] run data modify entity @s {} merge value {transformation:[-1f,3.2938069079478624e-17f,1.1795203021539759e-16f,-4.100705354660506e-18f,0f,0.9631514188214954f,-0.26895974498452446f,1.2220628846552626f,-1.2246467991473532e-16f,-0.26895974498452446f,-0.9631514188214954f,0.03348480033194532f,0f,0f,0f,1f],start_interpolation:0}
execute if entity @s[tag=aj.ecual.bone.skirt_right] run data modify entity @s {} merge value {transformation:[-0.9914448613738104f,0.1298824257032973f,-0.01294767735516009f,-0.19375f,0.12059047744873963f,0.8734972744964491f,-0.4716571299110829f,1.2345632002759288f,-0.049950211252314934f,-0.46918340437477385f,-0.8816869679512942f,0.03348489375606983f,0f,0f,0f,1f],start_interpolation:0}
execute if entity @s[tag=aj.ecual.bone.skirt_left] run data modify entity @s {} merge value {transformation:[-0.9914448613738104f,-0.12864316958782648f,0.022091214857122673f,0.19375f,-0.1205904774487396f,0.8379932226357047f,-0.5321891539343049f,1.2345627162753454f,0.04995021125231469f,-0.5303001920940854f,-0.846337215689364f,0.02098481731254889f,0f,0f,0f,1f],start_interpolation:0}
execute if entity @s[tag=aj.ecual.bone.coat_downer] run data modify entity @s {} merge value {transformation:[-1f,5.654789612090135e-17f,1.086274977660736e-16f,-0.00781250000000001f,0f,0.8870108331782217f,-0.46174861323503386f,1.0964730107045095f,-1.2246467991473532e-16f,-0.46174861323503386f,-0.8870108331782217f,0.08550582941907472f,0f,0f,0f,1f],start_interpolation:0}
execute if entity @s[tag=aj.ecual.bone.body_2] run data modify entity @s {} merge value {transformation:[-1f,4.6865204053262974e-17f,1.1314261122877003e-16f,0f,0f,0.9238795325112867f,-0.3826834323650897f,1.30290234375f,-1.2246467991473532e-16f,-0.3826834323650897f,-0.9238795325112867f,0f,0f,0f,0f,1f],start_interpolation:0}
execute if entity @s[tag=aj.ecual.bone.book_left] run data modify entity @s {} merge value {transformation:[0.35458174203948356f,-0.24200228284914205f,-0.9031648151406526f,-0.05252807236122588f,1.3877787807814457e-17f,0.9659258262890683f,-0.25881904510252074f,1.38102734375f,0.9350250200995935f,0.09177250788544741f,0.3424996621665054f,0.3035713510500189f,0f,0f,0f,1f],start_interpolation:0}
execute if entity @s[tag=aj.ecual.bone.book_right] run data modify entity @s {} merge value {transformation:[0.35458174203948356f,-0.24200228284914205f,-0.9031648151406526f,-0.019286034045024283f,1.3877787807814457e-17f,0.9659258262890683f,-0.25881904510252074f,1.38102734375f,0.9350250200995935f,0.09177250788544741f,0.3424996621665054f,0.3912299466843558f,0f,0f,0f,1f],start_interpolation:0}
execute if entity @s[tag=aj.ecual.bone.book_loot_1] run data modify entity @s {} merge value {transformation:[0.35458174203948356f,-0.24200228284914205f,-0.9031648151406526f,0.09956766906797283f,1.3877787807814457e-17f,0.9659258262890683f,-0.25881904510252074f,1.4198502005153781f,0.9350250200995935f,0.09177250788544741f,0.3424996621665054f,0.29602569954221153f,0f,0f,0f,1f],start_interpolation:0}
execute if entity @s[tag=aj.ecual.bone.book_left2] run data modify entity @s {} merge value {transformation:[-0.7670926040866392f,-0.5489564193883943f,-0.33198762984161306f,0.5415520018565803f,-0.5488418288031484f,0.8294993993759021f,-0.10345720560228344f,2.2451571454579975f,0.3321770367012059f,0.10284744064531116f,-0.9375930995059183f,-0.3878031630881606f,0f,0f,0f,1f],start_interpolation:0}
execute if entity @s[tag=aj.ecual.bone.book_right2] run data modify entity @s {} merge value {transformation:[0.49246728014428076f,-0.5489564193883943f,-0.6753686605103673f,0.5621625934559198f,0.22155611237749442f,0.8294993993759021f,-0.5126827825304733f,2.2697198920420023f,0.8416584028306647f,0.10284744064531116f,0.5301259632363271f,-0.4758993462868395f,0f,0f,0f,1f],start_interpolation:0}
execute if entity @s[tag=aj.ecual.bone.book_loot_2] run data modify entity @s {} merge value {transformation:[-0.21984631039295455f,-0.5489564193883943f,-0.8064207645013104f,0.6728204123314466f,-0.26200263022938497f,0.8294993993759021f,-0.49323966607309844f,2.331424468660965f,0.9396926207859082f,0.10284744064531116f,-0.3261904081870286f,-0.38292269345944574f,0f,0f,0f,1f],start_interpolation:0}
execute if entity @s[tag=aj.ecual.bone.air_staff_povit_1] run data modify entity @s {} merge value {transformation:[-0.000015625f,0f,1.9135106236677393e-21f,-0.007217500000000084f,0f,0.000015625f,0f,1.46902484375f,-1.9135106236677393e-21f,0f,-0.000015625f,0.6875f,0f,0f,0f,1f],start_interpolation:0}