execute if entity @s[tag=aj.ecual.bone.wing_right_1] run data modify entity @s {} merge value {transformation:[-0.7307937497817159f,-0.12885865541962738f,-0.3409991006555134f,0.03413460147002535f,-0.1270295044111997f,0.8060770608065455f,-0.0323685263021076f,1.4060723700074376f,0.34168471539339923f,0.02407620006086863f,-0.7413611375717001f,-0.33212399186123864f,0f,0f,0f,1f],start_interpolation:0}
execute if entity @s[tag=aj.ecual.bone.wing_right_2] run data modify entity @s {} merge value {transformation:[-0.7096922061614062f,0.15733497422527667f,-0.33403993533601317f,0.03413460147002535f,0.18721212463312886f,0.777139772929702f,-0.03170794413267683f,1.4060723700074376f,0.31825868865453805f,-0.10629900853866253f,-0.7262313184375838f,-0.33212399186123864f,0f,0f,0f,1f],start_interpolation:0}
execute if entity @s[tag=aj.ecual.bone.wing_left_1] run data modify entity @s {} merge value {transformation:[-0.7307937497817159f,0.12885865541962738f,0.34099910065551364f,-0.034134601470025255f,0.1270295044111997f,0.8060770608065455f,-0.0323685263021076f,1.4060723700074376f,-0.34168471539339945f,0.024076200060868667f,-0.7413611375717001f,-0.3321239918612387f,0f,0f,0f,1f],start_interpolation:0}
execute if entity @s[tag=aj.ecual.bone.wing_left_2] run data modify entity @s {} merge value {transformation:[-0.7096922061614062f,-0.15733497422527667f,0.3340399353360134f,-0.034134601470025255f,-0.18721212463312886f,0.777139772929702f,-0.03170794413267683f,1.4060723700074376f,-0.31825868865453827f,-0.10629900853866259f,-0.7262313184375838f,-0.3321239918612387f,0f,0f,0f,1f],start_interpolation:0}
execute if entity @s[tag=aj.ecual.bone.staff] run data modify entity @s {} merge value {transformation:[-0.00997458191476956f,0.10209591292139697f,1.5591289819256047f,-0.5704319546126092f,1.5596216353001762f,-0.09342135112638048f,0.016095212248542184f,1.1131115797758186f,0.09427148253437867f,1.5563595746865402f,-0.10131145967906244f,-0.09048358826008929f,0f,0f,0f,1f],start_interpolation:0}
execute if entity @s[tag=aj.ecual.bone.arm_right_2] run data modify entity @s {} merge value {transformation:[-0.49448899540677776f,-0.8660254037844387f,0.07403130028302726f,-0.46726135790341017f,-0.8621232845163211f,0.499524110790929f,0.08496531664933685f,1.3400540422931686f,-0.1105625421034901f,-0.021809693682668135f,-0.993629841311684f,-0.0766401990603726f,0f,0f,0f,1f],start_interpolation:0}
execute if entity @s[tag=aj.ecual.bone.arm_right_1] run data modify entity @s {} merge value {transformation:[-0.48179033927907083f,-0.8660254037844387f,0.13370889640318573f,-0.2984375f,-0.8453557013772073f,0.499524110790929f,0.18933938018167723f,1.640983745590861f,-0.23076353075477019f,-0.021809693682668135f,-0.9727654034427111f,-0.0025620040789264154f,0f,0f,0f,1f],start_interpolation:0}
execute if entity @s[tag=aj.ecual.bone.arm_left_2] run data modify entity @s {} merge value {transformation:[0.7257755306720528f,0.6612982006689871f,0.18956415502320104f,0.36095530038237406f,0.3582449881484796f,-0.12807581065263152f,-0.9248011219674027f,1.4621125887279733f,-0.5872907351084262f,0.7391084335316649f,-0.32986105550393924f,0.271838536865968f,0f,0f,0f,1f],start_interpolation:0}
execute if entity @s[tag=aj.ecual.bone.arm_left_1] run data modify entity @s {} merge value {transformation:[-0.1144941935367031f,0.8841910209039048f,0.4528767141279077f,0.2984375f,0.5421844209633732f,0.43760922560941246f,-0.7173104065369065f,1.640983745590861f,-0.8324224488269112f,0.163414822505307f,-0.5294983120601683f,-0.0025620040789263426f,0f,0f,0f,1f],start_interpolation:0}
execute if entity @s[tag=aj.ecual.bone.himo_right_2] run data modify entity @s {} merge value {transformation:[-1f,6.4189280797582e-17f,1.0429445842089472e-16f,-0.15625000000000003f,0f,0.8516288818417574f,-0.5241452543073897f,1.3113343310277061f,-1.2246467991473532e-16f,-0.5241452543073897f,-0.8516288818417574f,0.2545183166025696f,0f,0f,0f,1f],start_interpolation:0}
execute if entity @s[tag=aj.ecual.bone.himo_right_1] run data modify entity @s {} merge value {transformation:[-1f,2.8943501098342046e-17f,1.1899525860633625e-16f,-0.15625000000000003f,0f,0.9716700250977296f,-0.2363416220782485f,1.4920453255955413f,-1.2246467991473532e-16f,-0.2363416220782485f,-0.9716700250977296f,0.20413132480603727f,0f,0f,0f,1f],start_interpolation:0}
execute if entity @s[tag=aj.ecual.bone.himo_left_2] run data modify entity @s {} merge value {transformation:[-1f,6.580022455450642e-17f,1.0328566345430089e-16f,0.15624999999999997f,0f,0.8433914458128857f,-0.5372996083468239f,1.3049964052199763f,-1.2246467991473532e-16f,-0.5372996083468239f,-0.8433914458128857f,0.21855401132192442f,0f,0f,0f,1f],start_interpolation:0}
execute if entity @s[tag=aj.ecual.bone.himo_left_1] run data modify entity @s {} merge value {transformation:[-1f,5.341834311772731e-18f,1.2234812067540777e-16f,0.15624999999999997f,0f,0.9990482215818578f,-0.04361938736533605f,1.4920453255955413f,-1.2246467991473532e-16f,-0.04361938736533605f,-0.9990482215818578f,0.20413132480603732f,0f,0f,0f,1f],start_interpolation:0}
execute if entity @s[tag=aj.ecual.bone.ponpon1] run data modify entity @s {} merge value {transformation:[-1f,-5.3418343117727156e-18f,1.2234812067540777e-16f,0.29375f,0f,0.9990482215818578f,0.043619387365335965f,2.1785790034387142f,-1.2246467991473532e-16f,0.043619387365335965f,-0.9990482215818578f,0.04021585064498638f,0f,0f,0f,1f],start_interpolation:0}
execute if entity @s[tag=aj.ecual.bone.ponpon2] run data modify entity @s {} merge value {transformation:[-1f,-5.3418343117727156e-18f,1.2234812067540777e-16f,0.33125f,0f,0.9990482215818578f,0.043619387365335965f,2.0577872933064825f,-1.2246467991473532e-16f,0.043619387365335965f,-0.9990482215818578f,-0.05889734354897977f,0f,0f,0f,1f],start_interpolation:0}
execute if entity @s[tag=aj.ecual.bone.ponpon3] run data modify entity @s {} merge value {transformation:[-1f,-5.3418343117727156e-18f,1.2234812067540777e-16f,-0.29375f,0f,0.9990482215818578f,0.043619387365335965f,2.1785790034387142f,-1.2246467991473532e-16f,0.043619387365335965f,-0.9990482215818578f,0.04021585064498631f,0f,0f,0f,1f],start_interpolation:0}
execute if entity @s[tag=aj.ecual.bone.ponpon4] run data modify entity @s {} merge value {transformation:[-1f,-5.3418343117727156e-18f,1.2234812067540777e-16f,-0.33125f,0f,0.9990482215818578f,0.043619387365335965f,2.0577872933064825f,-1.2246467991473532e-16f,0.043619387365335965f,-0.9990482215818578f,-0.05889734354897985f,0f,0f,0f,1f],start_interpolation:0}
execute if entity @s[tag=aj.ecual.bone.ear_edge_a1] run data modify entity @s {} merge value {transformation:[-0.9879226884870641f,0.15308313404982699f,0.023964883516802093f,0.1941219242588122f,0.15277286568415432f,0.9365142095430682f,0.31559719079005394f,2.272197221100088f,0.025869153119933028f,0.31544680913492373f,-0.9485905847748292f,0.051304836636809445f,0f,0f,0f,1f],start_interpolation:0}
execute if entity @s[tag=aj.ecual.bone.ear_edge_a2] run data modify entity @s {} merge value {transformation:[-0.9997071990098423f,-0.0033467306318038653f,0.023964883516802093f,0.0789369122919541f,0.004388878823101697f,0.9488831070833238f,0.31559719079005394f,2.282265012419868f,-0.023796091918041423f,0.3156099625898645f,-0.9485905847748292f,0.051744405898837165f,0f,0f,0f,1f],start_interpolation:0}
execute if entity @s[tag=aj.ecual.bone.ear_edge_b1] run data modify entity @s {} merge value {transformation:[-0.9729671433870061f,0.2250552317687019f,0.05181776281223455f,0.05742283179980791f,0.2071293610021231f,0.7511545811455602f,0.6267888185305241f,2.2893289908686603f,0.1021389529032939f,0.6205779063724183f,-0.7774642734056947f,0.006424119485327645f,0f,0f,0f,1f],start_interpolation:0}
execute if entity @s[tag=aj.ecual.bone.ear_edge_b2] run data modify entity @s {} merge value {transformation:[-0.9948926331488147f,-0.08662313757509112f,0.05181776281223455f,0.08631679310651844f,-0.035127802479453116f,0.7783969517271212f,0.6267888185305241f,2.296558928562798f,-0.09462920267646076f,0.6217673339590722f,-0.7774642734056947f,0.014178642420053997f,0f,0f,0f,1f],start_interpolation:0}
execute if entity @s[tag=aj.ecual.bone.ear_right_2] run data modify entity @s {} merge value {transformation:[-0.9961946980917455f,0.0700788338304154f,0.05181776281223455f,0.14385415133342136f,0.08707278979269381f,0.7743087925645861f,0.6267888185305241f,2.396618515073045f,0.0038016801040235493f,0.6289156150121746f,-0.7774642734056947f,0.058486385388044f,0f,0f,0f,1f],start_interpolation:0}
execute if entity @s[tag=aj.ecual.bone.ear_right_1] run data modify entity @s {} merge value {transformation:[-0.9961946980917455f,0.08379622814853947f,0.023964883516802093f,0.125f,0.08707278979269381f,0.9448898043915723f,0.31559719079005394f,2.184018309084941f,0.0038016801040235493f,0.3164829374625656f,-0.9485905847748292f,-0.01272227554103315f,0f,0f,0f,1f],start_interpolation:0}
execute if entity @s[tag=aj.ecual.bone.ear_edge_a3] run data modify entity @s {} merge value {transformation:[-0.9877316120624318f,-0.15581565422801916f,-0.010380001447205005f,-0.1948460510265778f,-0.15542906864746145f,0.9744996816314124f,0.1618399676212854f,2.281166940592522f,-0.015101892329517148f,0.16146780607220237f,-0.9867624235094775f,0.03561512802439393f,0f,0f,0f,1f],start_interpolation:0}
execute if entity @s[tag=aj.ecual.bone.ear_edge_a4] run data modify entity @s {} merge value {transformation:[-0.9999459353853575f,0.0006179613730933758f,-0.010380001447205005f,-0.0796610390597197f,-0.0010701425147736504f,0.9868164366665867f,0.1618399676212854f,2.291234731912302f,0.010343166889337493f,0.16184232588665426f,-0.9867624235094775f,0.036054697286421675f,0f,0f,0f,1f],start_interpolation:0}
execute if entity @s[tag=aj.ecual.bone.ear_edge_b3] run data modify entity @s {} merge value {transformation:[-0.9713610567247765f,-0.23519566386505358f,-0.03377420876352727f,-0.057351740848032726f,-0.22688220453791724f,0.8758691269388195f,0.4258846530921783f,2.2887857974942007f,-0.07058443697119288f,0.4213505336112761f,-0.9041468714113613f,0.00023657448259643832f,0f,0f,0f,1f],start_interpolation:0}
execute if entity @s[tag=aj.ecual.bone.ear_edge_b4] run data modify entity @s {} merge value {transformation:[-0.9964987198110443f,0.07648270547873942f,-0.03377420876352727f,-0.08637403757796797f,0.054880646015247225f,0.9031114975203804f,0.4258846530921783f,2.297594099292015f,0.06307468674435926f,0.4225399611979302f,-0.9041468714113613f,0.005469712829535046f,0f,0f,0f,1f],start_interpolation:0}
execute if entity @s[tag=aj.ecual.bone.ear_left_2] run data modify entity @s {} merge value {transformation:[-0.9961946980917455f,-0.08034566768839282f,-0.03377420876352727f,-0.14447046969406507f,-0.08707278979269382f,0.9005779208587519f,0.4258846530921783f,2.4051861165394883f,-0.003801680104023797f,0.42720484798915154f,-0.9041468714113613f,0.023756509466704805f,0f,0f,0f,1f],start_interpolation:0}
execute if entity @s[tag=aj.ecual.bone.ear_left_1] run data modify entity @s {} merge value {transformation:[-0.9961946980917455f,-0.08653542086251152f,-0.010380001447205005f,-0.125f,-0.08707278979269382f,0.9829680331313215f,0.1618399676212854f,2.184018309084941f,-0.003801680104023797f,0.16212793336772463f,-0.9867624235094775f,-0.012722275541033178f,0f,0f,0f,1f],start_interpolation:0}
execute if entity @s[tag=aj.ecual.bone.head] run data modify entity @s {} merge value {transformation:[-1f,-5.3418343117727156e-18f,1.2234812067540777e-16f,4.723407155967195e-19f,0f,0.9990482215818578f,0.043619387365335965f,1.6706429896690722f,-1.2246467991473532e-16f,0.043619387365335965f,-0.9990482215818578f,-0.003856954641334797f,0f,0f,0f,1f],start_interpolation:0}
execute if entity @s[tag=aj.ecual.bone.body_1] run data modify entity @s {} merge value {transformation:[-1f,5.341834311772731e-18f,1.2234812067540777e-16f,-1.5308471513180546e-18f,0f,0.9990482215818578f,-0.04361938736533605f,1.2959999065758756f,-1.2246467991473532e-16f,-0.04361938736533605f,-0.9990482215818578f,0.012500315620666221f,0f,0f,0f,1f],start_interpolation:0}
execute if entity @s[tag=aj.ecual.bone.leg_left_2] run data modify entity @s {} merge value {transformation:[-0.9914448613738104f,-0.12409934167148318f,0.04045293873342591f,0.13404363260948732f,-0.1205904774487396f,0.7522727791207776f,-0.6477218558475439f,1.0403861851165153f,0.0499502112523147f,-0.6470587447756239f,-0.760802180073929f,0.40179255007798653f,0f,0f,0f,1f],start_interpolation:0}
execute if entity @s[tag=aj.ecual.bone.leg_left_1] run data modify entity @s {} merge value {transformation:[-0.9914448613738104f,-0.053814601398078f,0.11891625427935332f,0.12499999999999999f,-0.1205904774487396f,0.02900247220540675f,-0.9922785865646097f,1.0034164532527432f,0.0499502112523147f,-0.9981296735807129f,-0.035243880511495185f,0.08779756783041519f,0f,0f,0f,1f],start_interpolation:0}
execute if entity @s[tag=aj.ecual.bone.leg_right_2] run data modify entity @s {} merge value {transformation:[-0.984807753012208f,0.16375816839045743f,-0.057766356059980255f,-0.14636555563492526f,0.1604299972043605f,0.7307195299153141f,-0.663559480828472f,1.007794340524928f,-0.06645228065352396f,-0.6627459776458436f,-0.7458899808351097f,0.42764985015882107f,0f,0f,0f,1f],start_interpolation:0}
execute if entity @s[tag=aj.ecual.bone.leg_right_1] run data modify entity @s {} merge value {transformation:[-0.984807753012208f,0.0813020287319194f,-0.15343946601549413f,-0.125f,0.1604299972043605f,0.0878408255162329f,-0.9831308180347291f,1.0072879207163037f,-0.06645228065352396f,-0.9928111449297399f,-0.09954961024154946f,0.06958870415798651f,0f,0f,0f,1f],start_interpolation:0}
execute if entity @s[tag=aj.ecual.bone.skirt_forward_right] run data modify entity @s {} merge value {transformation:[-0.9914448613738104f,0.13019149552700285f,-0.00934137826598767f,-4.100723895728975e-18f,0.09726769264274883f,0.6892028569130755f,-0.7180100403133723f,1.1901607262657832f,-0.08704069636337715f,-0.7127759791935313f,-0.6959700573022385f,0.03348495173125884f,0f,0f,0f,1f],start_interpolation:0}
execute if entity @s[tag=aj.ecual.bone.skirt_forward_left] run data modify entity @s {} merge value {transformation:[-0.9914448613738104f,-0.12740254600340012f,0.02838446982625089f,-4.446948184024112e-18f,-0.09726769264274883f,0.5761273141761281f,-0.8115517936818061f,1.1527674271698694f,0.0870406963633769f,-0.8073697474714125f,-0.5835906168235794f,0.036312087592277636f,0f,0f,0f,1f],start_interpolation:0}
execute if entity @s[tag=aj.ecual.bone.skirt_forward] run data modify entity @s {} merge value {transformation:[-1f,8.166491980189033e-17f,9.126027997091283e-17f,-4.100723895728975e-18f,0f,0.7451967378222994f,-0.6668446760220876f,1.1901607262657832f,-1.2246467991473532e-16f,-0.6668446760220876f,-0.7451967378222994f,0.03348495173125884f,0f,0f,0f,1f],start_interpolation:0}
execute if entity @s[tag=aj.ecual.bone.skirt_back_right] run data modify entity @s {} merge value {transformation:[-0.9961946980917455f,0.08715574274765821f,1.179096074699026e-16f,-4.100705354660506e-18f,0.08391398583884828f,0.9591412470712105f,-0.2701971708721628f,1.2151605409052626f,-0.02354923511567938f,-0.26916898906223796f,-0.9628050108161461f,0.03348480033194532f,0f,0f,0f,1f],start_interpolation:0}
execute if entity @s[tag=aj.ecual.bone.skirt_back_left] run data modify entity @s {} merge value {transformation:[-0.9961946980917455f,-0.08715574274765815f,1.179096074699026e-16f,-4.100705354660506e-18f,-0.08391398583884828f,0.9591412470712105f,-0.2701971708721628f,1.2151605409052626f,0.023549235115679138f,-0.26916898906223796f,-0.9628050108161461f,0.03348480033194532f,0f,0f,0f,1f],start_interpolation:0}
execute if entity @s[tag=aj.ecual.bone.skirt_back] run data modify entity @s {} merge value {transformation:[-1f,3.308961004472646e-17f,1.179096074699026e-16f,-4.100705354660506e-18f,0f,0.9628050108161461f,-0.2701971708721628f,1.2151605409052626f,-1.2246467991473532e-16f,-0.2701971708721628f,-0.9628050108161461f,0.03348480033194532f,0f,0f,0f,1f],start_interpolation:0}
execute if entity @s[tag=aj.ecual.bone.skirt_right] run data modify entity @s {} merge value {transformation:[-0.9914448613738104f,0.1299313737341119f,-0.012446886158088128f,-0.19375f,0.1205904774487396f,0.8753090158243909f,-0.46828630512243363f,1.2276608565259288f,-0.04995021125231493f,-0.4657810268099191f,-0.8834891122474269f,0.03348489375606983f,0f,0f,0f,1f],start_interpolation:0}
execute if entity @s[tag=aj.ecual.bone.skirt_left] run data modify entity @s {} merge value {transformation:[-0.9914448613738104f,-0.1287134736127295f,0.021677835823970606f,0.19375f,-0.12059047744873963f,0.8396985514738374f,-0.5294943620109889f,1.2276603725253454f,0.0499502112523147f,-0.527578604914267f,-0.8480364331988131f,0.02098481731254889f,0f,0f,0f,1f],start_interpolation:0}
execute if entity @s[tag=aj.ecual.bone.coat_downer] run data modify entity @s {} merge value {transformation:[-1f,5.654789612090135e-17f,1.086274977660736e-16f,-0.00781250000000001f,0f,0.8870108331782217f,-0.46174861323503386f,1.0895706669545095f,-1.2246467991473532e-16f,-0.46174861323503386f,-0.8870108331782217f,0.08550582941907472f,0f,0f,0f,1f],start_interpolation:0}
execute if entity @s[tag=aj.ecual.bone.body_2] run data modify entity @s {} merge value {transformation:[-1f,4.6865204053262974e-17f,1.1314261122877003e-16f,0f,0f,0.9238795325112867f,-0.3826834323650897f,1.296f,-1.2246467991473532e-16f,-0.3826834323650897f,-0.9238795325112867f,0f,0f,0f,0f,1f],start_interpolation:0}
execute if entity @s[tag=aj.ecual.bone.book_left] run data modify entity @s {} merge value {transformation:[0.3635764299265095f,-0.24110660127121145f,-0.899822085984412f,-0.05216278515280513f,0f,0.9659258262890683f,-0.2588190451025207f,1.374125f,0.9315643722265755f,0.09410050441536273f,0.3511878634959932f,0.3058955900518792f,0f,0f,0f,1f],start_interpolation:0}
execute if entity @s[tag=aj.ecual.bone.book_right] run data modify entity @s {} merge value {transformation:[0.3635764299265095f,-0.24110660127121145f,-0.899822085984412f,-0.018077494847194883f,0f,0.9659258262890683f,-0.2588190451025207f,1.374125f,0.9315643722265755f,0.09410050441536273f,0.3511878634959932f,0.39322974994812065f,0f,0f,0f,1f],start_interpolation:0}
execute if entity @s[tag=aj.ecual.bone.book_loot_1] run data modify entity @s {} merge value {transformation:[0.3635764299265095f,-0.24110660127121145f,-0.899822085984412f,0.09985317289766181f,0f,0.9659258262890683f,-0.2588190451025207f,1.4129478567653782f,0.9315643722265755f,0.09410050441536273f,0.3511878634959932f,0.29688449047560095f,0f,0f,0f,1f],start_interpolation:0}
execute if entity @s[tag=aj.ecual.bone.book_left2] run data modify entity @s {} merge value {transformation:[-0.7622133269136345f,-0.5489564193883943f,-0.343041825274298f,0.5415533635753302f,-0.5472889309913623f,0.8294993993759021f,-0.11138030548238442f,2.155230732957998f,0.34569592171383867f,0.10284744064531116f,-0.9326932687990883f,-0.38780498965066057f,0f,0f,0f,1f],start_interpolation:0}
execute if entity @s[tag=aj.ecual.bone.book_right2] run data modify entity @s {} merge value {transformation:[0.48265287448777416f,-0.5489564193883943f,-0.6824170662878839f,0.5621639551746698f,0.21412175746558101f,0.8294993993759021f,-0.5158319681978506f,2.1797934795420026f,0.849233816877625f,0.10284744064531116f,0.5179037827861168f,-0.47590117284933947f,0f,0f,0f,1f],start_interpolation:0}
execute if entity @s[tag=aj.ecual.bone.book_loot_2] run data modify entity @s {} merge value {transformation:[-0.21984631039295455f,-0.5489564193883943f,-0.8064207645013104f,0.6728217740501966f,-0.26200263022938497f,0.8294993993759021f,-0.49323966607309844f,2.241498056160965f,0.9396926207859082f,0.10284744064531116f,-0.3261904081870286f,-0.3829245200219457f,0f,0f,0f,1f],start_interpolation:0}
execute if entity @s[tag=aj.ecual.bone.air_staff_povit_1] run data modify entity @s {} merge value {transformation:[-0.000015625f,0f,1.9135106236677393e-21f,-0.007217500000000084f,0f,0.000015625f,0f,1.4621225f,-1.9135106236677393e-21f,0f,-0.000015625f,0.6875f,0f,0f,0f,1f],start_interpolation:0}