execute if entity @s[tag=aj.axia.bone.wing_right_1] run data modify entity @s {} merge value {transformation:[-0.7003264128296516f,-0.10211510296435951f,0.40750443639815165f,0.21834203414774972f,-0.14042089465641192f,0.8035100648325354f,-0.039974898388261404f,1.4657539763451728f,-0.3959410717284705f,-0.10434809966567295f,-0.7066021414198498f,-0.4242654625421213f,0f,0f,0f,1f],start_interpolation:0}
execute if entity @s[tag=aj.axia.bone.wing_right_2] run data modify entity @s {} merge value {transformation:[-0.6720930582750178f,0.1701171544638637f,0.39918801932880166f,0.21834203414774972f,0.174130284773905f,0.7798366560083159f,-0.039159084135439746f,1.4657539763451728f,-0.3974538525956095f,0.05399021858527366f,-0.6921816895541386f,-0.4242654625421213f,0f,0f,0f,1f],start_interpolation:0}
execute if entity @s[tag=aj.axia.bone.wing_left_1] run data modify entity @s {} merge value {transformation:[-0.5186264740035663f,0.11281917919680895f,0.6206793517690362f,0.17766226269453733f,0.1296240990963605f,0.8054138311949658f,-0.038086715502235205f,1.4653936579271647f,-0.6173885468977617f,0.07432925244915085f,-0.5293873712455419f,-0.45808302656592764f,0f,0f,0f,1f],start_interpolation:0}
execute if entity @s[tag=aj.axia.bone.wing_left_2] run data modify entity @s {} merge value {transformation:[-0.5116627739579156f,-0.09231519541462903f,0.6080124262227294f,0.17766226269453733f,-0.18461532472228345f,0.7775121786141623f,-0.03730943559402632f,1.4653936579271647f,-0.5866160478740562f,-0.16417282601642033f,-0.5185835473425717f,-0.45808302656592764f,0f,0f,0f,1f],start_interpolation:0}
execute if entity @s[tag=aj.axia.bone.blade] run data modify entity @s {} merge value {transformation:[-0.5413513198379126f,-1.8971647353153471f,0.2739111408187595f,-0.898797173026664f,-0.02918358767584394f,0.2927496865698525f,1.9699666333983052f,1.7899717327374045f,-1.9166141145778801f,0.5314002122394544f,-0.10736269236446169f,-0.5292890583440797f,0f,0f,0f,1f],start_interpolation:0}
execute if entity @s[tag=aj.axia.bone.arm_right_2] run data modify entity @s {} merge value {transformation:[-0.9473767897823183f,0.1244651255696914f,0.29493329872815344f,-0.5591252634307042f,0.11788417892647576f,0.9922188654478046f,-0.040062993002291575f,1.740614772526062f,-0.2976248285015547f,-0.003186779940937027f,-0.9546775926421591f,-0.46093074042431065f,0f,0f,0f,1f],start_interpolation:0}
execute if entity @s[tag=aj.axia.bone.arm_right_1] run data modify entity @s {} merge value {transformation:[-0.8903510716044695f,0.12410807105594533f,0.438032140363633f,-0.26138276503738156f,0.1098634993729133f,0.992263004664686f,-0.0578285489991489f,1.7039226221983994f,-0.4418200774051706f,-0.003363966792567851f,-0.8970973765033023f,-0.29922170796887226f,0f,0f,0f,1f],start_interpolation:0}
execute if entity @s[tag=aj.axia.bone.arm_left_2] run data modify entity @s {} merge value {transformation:[0.6742871201152429f,-0.13834028744093987f,0.7253956468834438f,-0.06495840183474935f,0.27148496899523206f,0.9599455075903426f,-0.06928588649052089f,1.627865048839832f,-0.6867552629986535f,0.24365259556975316f,0.6848362004273523f,0.4227330989269782f,0f,0f,0f,1f],start_interpolation:0}
execute if entity @s[tag=aj.axia.bone.arm_left_1] run data modify entity @s {} merge value {transformation:[0.3352916553284818f,-0.1385261144049628f,0.9318744665967351f,0.04501854009784165f,0.2774213036927041f,0.9597919187854224f,0.04285898845793715f,1.7192941890168276f,-0.9003426715004277f,0.24415156821544362f,0.36024031647417354f,0.12571157261293656f,0f,0f,0f,1f],start_interpolation:0}
execute if entity @s[tag=aj.axia.bone.ear_edge_a1] run data modify entity @s {} merge value {transformation:[-0.9587499577607304f,0.16972139697543637f,0.2280200997774192f,0.17759277879315416f,0.1630638752639658f,0.9854535708158008f,-0.04786890797046586f,2.3441690608613537f,-0.2328275994758689f,-0.008712472386954238f,-0.9724789981008387f,-0.17637675870076208f,0f,0f,0f,1f],start_interpolation:0}
execute if entity @s[tag=aj.axia.bone.ear_edge_a2] run data modify entity @s {} merge value {transformation:[-0.9734964307680873f,0.017650308192513578f,0.2280200997774192f,0.06563844967684156f,0.006897386197923822f,0.9988298121869168f,-0.04786890797046586f,2.355029126697812f,-0.22859817441403935f,-0.04502746836496048f,-0.9724789981008387f,-0.2031616011894564f,0f,0f,0f,1f],start_interpolation:0}
execute if entity @s[tag=aj.axia.bone.ear_edge_b1] run data modify entity @s {} merge value {transformation:[-0.9516829432917148f,0.18082658564017734f,0.24819613488798462f,0.052048098090686265f,0.2434790223191861f,0.9368555565153458f,0.2510371126284215f,2.3453080649878557f,-0.18712974412987446f,0.29933829048759725f,-0.9356169337447087f,-0.2447287506456275f,0f,0f,0f,1f],start_interpolation:0}
execute if entity @s[tag=aj.axia.bone.ear_edge_b2] run data modify entity @s {} merge value {transformation:[-0.960982752662148f,-0.12210990014141493f,0.24819613488798462f,0.07965178592736807f,-0.057941977480005735f,0.9662417375216679f,0.2510371126284215f,2.354709050109423f,-0.2704715813751741f,0.2268613606557142f,-0.9356169337447087f,-0.23488377621401552f,0f,0f,0f,1f],start_interpolation:0}
execute if entity @s[tag=aj.axia.bone.ear_right_2] run data modify entity @s {} merge value {transformation:[-0.968253657222163f,0.029724298184679546f,0.24819613488798462f,0.13755879677826544f,0.09392489372071755f,0.9634098205969964f,0.2510371126284215f,2.46337742196726f,-0.23165269179411294f,0.26637939799220806f,-0.9356169337447087f,-0.22376588147936258f,0f,0f,0f,1f],start_interpolation:0}
execute if entity @s[tag=aj.axia.bone.ear_right_1] run data modify entity @s {} merge value {transformation:[-0.968253657222163f,0.10242894792685417f,0.2280200997774192f,0.11451228349472327f,0.09392489372071755f,0.994427816379483f,-0.04786890797046586f,2.239631163281877f,-0.23165269179411294f,-0.02493248157185312f,-0.9724789981008387f,-0.21815607312569563f,0f,0f,0f,1f],start_interpolation:0}
execute if entity @s[tag=aj.axia.bone.ear_edge_a3] run data modify entity @s {} merge value {transformation:[-0.9533223741142589f,-0.189232409976258f,0.2353030939612365f,-0.20855216665575232f,-0.233488048244603f,0.9561022176330628f,-0.17706462312970733f,2.3429488638547404f,-0.19146744459588666f,-0.22374012704858456f,-0.9556571420798385f,-0.2800877352690736f,0f,0f,0f,1f],start_interpolation:0}
execute if entity @s[tag=aj.axia.bone.ear_edge_a4] run data modify entity @s {} merge value {transformation:[-0.971187864564039f,-0.03777016939082212f,0.2353030939612365f,-0.09706650530755609f,-0.08104608398030283f,0.9808565906937632f,-0.17706462312970733f,2.3621686253002583f,-0.2241108297137814f,-0.19103340754118422f,-0.9556571420798385f,-0.2561986434334114f,0f,0f,0f,1f],start_interpolation:0}
execute if entity @s[tag=aj.axia.bone.ear_edge_b3] run data modify entity @s {} merge value {transformation:[-0.9256911150942483f,-0.3190217256717873f,0.20327591589994717f,-0.06835799544954307f,-0.318327917169143f,0.9472580635134437f,0.03700673262416104f,2.351183515715082f,-0.20436070215753976f,-0.030451595330225595f,-0.9784218945605838f,-0.27546095571917595f,0f,0f,0f,1f],start_interpolation:0}
execute if entity @s[tag=aj.axia.bone.ear_edge_b4] run data modify entity @s {} merge value {transformation:[-0.9789677018943165f,-0.017353404933860145f,0.20327591589994717f,-0.09760467984674995f,-0.010029000258019949f,0.9992646901068348f,0.03700673262416104f,2.358825853635421f,-0.20376863792444977f,0.03418974177868264f,-0.9784218945605838f,-0.28124816125220464f,0f,0f,0f,1f],start_interpolation:0}
execute if entity @s[tag=aj.axia.bone.ear_left_2] run data modify entity @s {} merge value {transformation:[-0.964200314362778f,-0.1702840444603014f,0.20327591589994717f,-0.15658057756466912f,-0.1662249638531267f,0.9853932022966825f,0.03700673262416104f,2.45970817384449f,-0.20660836182194306f,0.0018923714570755201f,-0.9784218945605838f,-0.3216244598548556f,0f,0f,0f,1f],start_interpolation:0}
execute if entity @s[tag=aj.axia.bone.ear_left_1] run data modify entity @s {} merge value {transformation:[-0.964200314362778f,-0.12227104217675501f,0.2353030939612365f,-0.1290695930748993f,-0.1662249638531267f,0.9700605035913799f,-0.17706462312970733f,2.2414445605364297f,-0.20660836182194306f,-0.20983901357242596f,-0.9556571420798385f,-0.2744106818010598f,0f,0f,0f,1f],start_interpolation:0}
execute if entity @s[tag=aj.axia.bone.head] run data modify entity @s {} merge value {transformation:[-0.9743275062784902f,0.027280779919216805f,0.22347632884969748f,-0.028243689775239677f,0.007253589018209546f,0.9959197063751937f,-0.08995178652980101f,1.7329400057209228f,-0.22501843470145672f,-0.08602149441010208f,-0.9705498475317789f,-0.1718676788428323f,0f,0f,0f,1f],start_interpolation:0}
execute if entity @s[tag=aj.axia.bone.body_1] run data modify entity @s {} merge value {transformation:[-0.7689675102661078f,0.025771420727689204f,0.6387681911529566f,-0.03790797254812313f,-0.006811079484978399f,0.9988001313475945f,-0.04849646189442253f,1.3583899564655748f,-0.6392515759475239f,-0.04164290448208785f,-0.7678693190608041f,-0.15625158966204936f,0f,0f,0f,1f],start_interpolation:0}
execute if entity @s[tag=aj.axia.bone.leg_left_2] run data modify entity @s {} merge value {transformation:[-0.8183285505470332f,-0.308970082359136f,0.4846399401272873f,-0.20093449492802443f,-0.03061644877808298f,0.8654540818040906f,0.5000518626631223f,1.130176601503431f,-0.5739346795793149f,0.39436876206873683f,-0.7176853510282636f,0.2558757891391937f,0f,0f,0f,1f],start_interpolation:0}
execute if entity @s[tag=aj.axia.bone.leg_left_1] run data modify entity @s {} merge value {transformation:[-0.8183285505470332f,0.5657755244063409f,-0.101175290176612f,-0.019780370043017914f,-0.03061644877808298f,-0.21869431200159484f,-0.9753129912814492f,1.1053562740726035f,-0.5739346795793149f,-0.7950288383957398f,0.19628583671602542f,-0.00109366645708725f,0f,0f,0f,1f],start_interpolation:0}
execute if entity @s[tag=aj.axia.bone.leg_right_2] run data modify entity @s {} merge value {transformation:[-0.7501186992549915f,-0.31878760322180033f,0.5793931316991077f,-0.29333954175328725f,-0.0038340130916127424f,0.878220112945201f,0.47824129219686956f,0.7588879592341065f,-0.6612920968616011f,0.3565163351806173f,-0.6599915646262222f,-0.07427910405210095f,0f,0f,0f,1f],start_interpolation:0}
execute if entity @s[tag=aj.axia.bone.leg_right_1] run data modify entity @s {} merge value {transformation:[-0.7501186992549915f,0.19068352533953611f,0.6332153900467723f,-0.19780293050085582f,-0.0038340130916127424f,0.9562564749499146f,-0.29250445203445474f,1.0936108257353152f,-0.6612920968616011f,-0.22184081518162924f,-0.7165747800110868f,-0.18458910285947852f,0f,0f,0f,1f],start_interpolation:0}
execute if entity @s[tag=aj.axia.bone.coat_downer] run data modify entity @s {} merge value {transformation:[-0.7864821821051806f,0.14656917922059828f,0.5999693766632374f,-0.0956703837241051f,0.06078501978521464f,0.9850857551931532f,-0.16096967504858173f,1.1628490401537086f,-0.6146144796543478f,-0.0901306308539726f,-0.7836616047638677f,-0.11438689305910271f,0f,0f,0f,1f],start_interpolation:0}
execute if entity @s[tag=aj.axia.bone.body_2] run data modify entity @s {} merge value {transformation:[-0.7864821821051806f,0.3458331873007867f,0.5117081040910457f,-0.012253888888888866f,0.06078501978521464f,0.8678460926741565f,-0.4931007410255135f,1.3562835185185185f,-0.6146144796543478f,-0.3567107595679985f,-0.7035669658302875f,-0.18928777777777778f,0f,0f,0f,1f],start_interpolation:0}