execute if entity @s[tag=aj.axia.bone.wing_right_1] run data modify entity @s {} merge value {transformation:[-0.13392181644214043f,-0.16730008111798883f,-0.7880482690693484f,-0.30474848070861105f,-0.09409558023914288f,0.7966432251201753f,-0.15313405269249927f,1.288784711146638f,0.8000971274193783f,0.06568636976180406f,-0.14991441547502654f,-0.22333453142491053f,0f,0f,0f,1f],start_interpolation:0}
execute if entity @s[tag=aj.axia.bone.wing_right_2] run data modify entity @s {} merge value {transformation:[-0.1839189496602289f,-0.10120698156513508f,-0.7719656513332394f,-0.30474848070861105f,0.2134816487281626f,0.7562558596100681f,-0.15000886794367277f,1.288784711146638f,0.7487318649638091f,-0.24048746680006264f,-0.14685493760818927f,-0.22333453142491053f,0f,0f,0f,1f],start_interpolation:0}
execute if entity @s[tag=aj.axia.bone.wing_left_1] run data modify entity @s {} merge value {transformation:[-0.591735214159982f,-0.03934716788204641f,-0.5614674355179885f,-0.33251688155138986f,0.09154226718859956f,0.797093443101181f,-0.15233680030616242f,1.2886870046306467f,0.5553502445173277f,-0.17331557284101906f,-0.5731424452697411f,-0.1714662184920109f,0f,0f,0f,1f],start_interpolation:0}
execute if entity @s[tag=aj.axia.bone.wing_left_2] run data modify entity @s {} merge value {transformation:[-0.5207848592029161f,-0.2574360547342448f,-0.5500089164257846f,-0.33251688155138986f,-0.21596123530426845f,0.7557061485005844f,-0.14922788601419992f,1.2886870046306467f,0.5675771976311711f,0.05133122676577595f,-0.5614456606723995f,-0.1714662184920109f,0f,0f,0f,1f],start_interpolation:0}
execute if entity @s[tag=aj.axia.bone.blade] run data modify entity @s {} merge value {transformation:[0.7444003411345104f,1.4188975280133092f,-1.196931415016698f,0.20901385409960613f,1.31227060759157f,0.5098805467206504f,1.4205683917588872f,1.1119368001575936f,1.3129588187401027f,-1.3140770556595613f,-0.7412067911312071f,0.38330544108152304f,0f,0f,0f,1f],start_interpolation:0}
execute if entity @s[tag=aj.axia.bone.arm_right_2] run data modify entity @s {} merge value {transformation:[0.6145079406819325f,-0.34404439263906833f,-0.7099390443780826f,-0.03270952293044094f,-0.7258926639494897f,0.10585183164387549f,-0.679614030286272f,1.3043788094104636f,0.30896574448175224f,0.932967762375127f,-0.18469250960876887f,0.3983678772872483f,0f,0f,0f,1f],start_interpolation:0}
execute if entity @s[tag=aj.axia.bone.arm_right_1] run data modify entity @s {} merge value {transformation:[0.47429628906550914f,-0.4933784311665728f,-0.729123277531515f,-0.21133772550483093f,-0.6892859350858489f,0.30709414249332034f,-0.6561844918459436f,1.5683072428078475f,0.547656762828246f,0.8138002895710372f,-0.19442520109950362f,0.1904763583849756f,0f,0f,0f,1f],start_interpolation:0}
execute if entity @s[tag=aj.axia.bone.arm_left_2] run data modify entity @s {} merge value {transformation:[-0.493820436980866f,0.8256701800416039f,-0.27278220215052806f,0.40037052184625116f,0.5109811016189133f,0.02171125065173296f,-0.8593177150411013f,1.3644556853178096f,-0.703590569726704f,-0.5637351997039058f,-0.4326233174557852f,-0.17270245198373568f,0f,0f,0f,1f],start_interpolation:0}
execute if entity @s[tag=aj.axia.bone.arm_left_1] run data modify entity @s {} merge value {transformation:[-0.7311506982222474f,0.5956937250719977f,-0.3325171309857085f,0.1295917745432243f,0.5620504326501711f,0.2497112296286148f,-0.7885072053920119f,1.5775171102504115f,-0.3866755327750579f,-0.7634089911097537f,-0.5173864558006062f,-0.3175626853681568f,0f,0f,0f,1f],start_interpolation:0}
execute if entity @s[tag=aj.axia.bone.ear_edge_a1] run data modify entity @s {} merge value {transformation:[-0.3298002961313875f,0.26037251982186876f,-0.9074347996375604f,0.021904870432158635f,0.24833227734952673f,0.9512892881870721f,0.18270131419048746f,2.199631172392702f,0.9108034061739377f,-0.1650904028165904f,-0.3783943897573126f,-0.2581511890344446f,0f,0f,0f,1f],start_interpolation:0}
execute if entity @s[tag=aj.axia.bone.ear_edge_a2] run data modify entity @s {} merge value {transformation:[-0.36647114306330614f,0.20557476914401282f,-0.9074347996375604f,-0.01823545693362076f,0.0964604640355189f,0.9784250654348146f,0.18270131419048746f,2.220601935978628f,0.9254157337002253f,-0.02057682240446096f,-0.3783943897573126f,-0.15176452718912092f,0f,0f,0f,1f],start_interpolation:0}
execute if entity @s[tag=aj.axia.bone.ear_edge_b1] run data modify entity @s {} merge value {transformation:[-0.24454821200690885f,0.6751847828967057f,-0.695932238762476f,-0.08167944571091364f,0.3000720694656161f,0.7351891296544865f,0.607827028655769f,2.2287929878245927f,0.9220373772959786f,-0.060186814026055066f,-0.3823932822194273f,-0.15354236486550318f,0f,0f,0f,1f],start_interpolation:0}
execute if entity @s[tag=aj.axia.bone.ear_edge_b2] run data modify entity @s {} merge value {transformation:[-0.4412227428359408f,0.5665693340230982f,-0.695932238762476f,-0.06405787768395999f,0.05819956188048324f,0.7919337814693971f,0.607827028655769f,2.2333554830910693f,0.8955084043163689f,0.22768415735883846f,-0.3823932822194273f,-0.17836029391316582f,0f,0f,0f,1f],start_interpolation:0}
execute if entity @s[tag=aj.axia.bone.ear_right_2] run data modify entity @s {} merge value {transformation:[-0.34715958802836233f,0.6286163690924899f,-0.695932238762476f,-0.0002353022306724878f,0.18136876614855074f,0.773079345152392f,0.607827028655769f,2.3281205815022847f,0.9201008592027997f,0.08479260939329143f,-0.3823932822194273f,-0.22560327769776728f,0f,0f,0f,1f],start_interpolation:0}
execute if entity @s[tag=aj.axia.bone.ear_right_1] run data modify entity @s {} merge value {transformation:[-0.34715958802836233f,0.2367325597519659f,-0.9074347996375604f,-0.05350012817486473f,0.18136876614855074f,0.966294779277432f,0.18270131419048746f,2.110704256164863f,0.9201008592027997f,-0.10115381700391164f,-0.3783943897573126f,-0.2028436688718872f,0f,0f,0f,1f],start_interpolation:0}
execute if entity @s[tag=aj.axia.bone.ear_edge_a3] run data modify entity @s {} merge value {transformation:[-0.34538976090766316f,0.0014642455164570502f,-0.9384581871587112f,-0.12946791376441558f,-0.14845117883442263f,0.9873228751805615f,0.05617639760485636f,2.2193754023375027f,0.9266434916206003f,0.15871797670792118f,-0.3407938428242596f,0.10930739819597896f,0f,0f,0f,1f],start_interpolation:0}
execute if entity @s[tag=aj.axia.bone.ear_edge_a4] run data modify entity @s {} merge value {transformation:[-0.3409083813453867f,0.05547708070233687f,-0.9384581871587112f,-0.08964131400316654f,0.007827827318490882f,0.9983901729642637f,0.05617639760485636f,2.228534913866137f,0.9400639343406068f,0.011804916142584096f,-0.3407938428242596f,0.0011450853277063244f,0f,0f,0f,1f],start_interpolation:0}
execute if entity @s[tag=aj.axia.bone.ear_edge_b3] run data modify entity @s {} merge value {transformation:[-0.35068240014258434f,0.012264878246994432f,-0.9364141322042415f,-0.08737806134668646f,-0.23339715174673753f,0.9672181156821789f,0.10007440358415984f,2.2230962149099014f,0.9069441128243497f,0.25365072335359384f,-0.3363237826194452f,-0.02186639600140909f,0f,0f,0f,1f],start_interpolation:0}
execute if entity @s[tag=aj.axia.bone.ear_edge_b4] run data modify entity @s {} merge value {transformation:[-0.32972872599336844f,0.12003141365062478f,-0.9364141322042415f,-0.09622845400360447f,0.07691295295964355f,0.9920027779267062f,0.10007440358415984f,2.233265993297241f,0.9409374925688837f,-0.03902497050261902f,-0.3363237826194452f,0.005801487588969971f,0f,0f,0f,1f],start_interpolation:0}
execute if entity @s[tag=aj.axia.bone.ear_left_2] run data modify entity @s {} merge value {transformation:[-0.3444462682053971f,0.0669726909087047f,-0.9364141322042415f,-0.13485037368304637f,-0.07921739700440499f,0.9918214142471016f,0.10007440358415984f,2.341036692925122f,0.9354578410228984f,0.10865054492880354f,-0.3363237826194452f,0.05248626190824683f,0f,0f,0f,1f],start_interpolation:0}
execute if entity @s[tag=aj.axia.bone.ear_left_1] run data modify entity @s {} merge value {transformation:[-0.3444462682053971f,0.025553850476216805f,-0.9384581871587112f,-0.14059999004019513f,-0.07921739700440499f,0.9952732370379438f,0.05617639760485636f,2.117100214591585f,0.9354578410228984f,0.09369196530040129f,-0.3407938428242596f,0.03140556971565658f,0f,0f,0f,1f],start_interpolation:0}
execute if entity @s[tag=aj.axia.bone.head] run data modify entity @s {} merge value {transformation:[-0.34839944746132157f,-0.019445330488355006f,-0.9371444414447776f,-0.05779856343709868f,0.02558383370689061f,0.999215060915023f,-0.0302444952585548f,1.6027496571361044f,0.9369969543501752f,-0.034512912986087066f,-0.3476284890162351f,-0.057167791390988355f,0f,0f,0f,1f],start_interpolation:0}
execute if entity @s[tag=aj.axia.bone.body_1] run data modify entity @s {} merge value {transformation:[-0.4719804409100787f,-0.17326914806882926f,-0.8644144062461185f,0.007177367088712285f,-0.0016607209309016536f,0.9806693271649445f,-0.19566530802327886f,1.2349986594492504f,0.8816074553928849f,-0.09091464725420759f,-0.4631444931231781f,-0.023074798670660514f,0f,0f,0f,1f],start_interpolation:0}
execute if entity @s[tag=aj.axia.bone.leg_left_2] run data modify entity @s {} merge value {transformation:[-0.30657373806774707f,-0.15777624610730637f,-0.9386794976409442f,0.48142313657189073f,-0.06775083565855425f,0.987282225257109f,-0.14381805157538113f,0.9746185991179711f,0.9494326555342069f,0.01950548270764127f,-0.3133642748457551f,0.032229159995305554f,0f,0f,0f,1f],start_interpolation:0}
execute if entity @s[tag=aj.axia.bone.leg_left_1] run data modify entity @s {} merge value {transformation:[-0.30657373806774707f,-0.9509673922354864f,-0.04090919251228259f,0.1901977334199583f,-0.06775083565855425f,0.06467097245861086f,-0.995604082750179f,0.9471146916658794f,0.9494326555342069f,-0.3024544333054091f,-0.08425525727910302f,-0.06377077496274103f,0f,0f,0f,1f],start_interpolation:0}
execute if entity @s[tag=aj.axia.bone.leg_right_2] run data modify entity @s {} merge value {transformation:[-0.5937260251303946f,-0.005606587310790112f,-0.8046477324031853f,0.28050953932860284f,0.12257291878322121f,0.9876759348794686f,-0.0973248541788228f,0.7390707693544056f,0.7952768616424244f,-0.15641231997094654f,-0.5857216911618369f,0.34594233067047686f,0f,0f,0f,1f],start_interpolation:0}
execute if entity @s[tag=aj.axia.bone.leg_right_1] run data modify entity @s {} merge value {transformation:[-0.5937260251303946f,-0.5552200765975464f,-0.5824260241660537f,0.06601033323860842f,0.12257291878322121f,0.6529588651434094f,-0.7474092587141214f,0.9465638802295253f,0.7952768616424244f,-0.5151459860793303f,-0.3196237262196449f,0.15382458574165697f,0f,0f,0f,1f],start_interpolation:0}
execute if entity @s[tag=aj.axia.bone.coat_downer] run data modify entity @s {} merge value {transformation:[-0.4670464007048942f,-0.39661674133941693f,-0.7902928698134035f,0.09780754202750547f,0.0122957819994395f,0.8907615739615565f,-0.45430455874727105f,0.9996919320046423f,0.8841473142715673f,-0.22189857782967512f,-0.4111502740161338f,0.03690873163929993f,0f,0f,0f,1f],start_interpolation:0}
execute if entity @s[tag=aj.axia.bone.body_2] run data modify entity @s {} merge value {transformation:[-0.4670464007048942f,-0.46218244023580435f,-0.7538269373843577f,-0.0018125469571750555f,0.0122957819994395f,0.8490437972940702f,-0.5281793672811236f,1.1893040946656654f,0.8841473142715673f,-0.2559531641026203f,-0.39085995503790283f,-0.027188204357625895f,0f,0f,0f,1f],start_interpolation:0}