execute if entity @s[tag=aj.axia.bone.wing_right_1] run data modify entity @s {} merge value {transformation:[0.38979506808505815f,0.09467182949120262f,0.7113659353959804f,0.15466209069147416f,-0.14523214164847614f,0.8031850163663516f,-0.027311150858668472f,1.3388274001050222f,-0.702788641323411f,-0.11347034251211471f,0.4001962661512743f,0.1663821370501899f,0f,0f,0f,1f],start_interpolation:0}
execute if entity @s[tag=aj.axia.bone.wing_right_2] run data modify entity @s {} merge value {transformation:[0.3882641886716127f,-0.06044350922591353f,0.696848263245042f,0.15466209069147416f,0.16965413461761222f,0.7813460883882974f,-0.026753780432981364f,1.3388274001050222f,-0.6785782153903287f,0.16076340489291704f,0.39202899541349323f,0.1663821370501899f,0f,0f,0f,1f],start_interpolation:0}
execute if entity @s[tag=aj.axia.bone.wing_left_1] run data modify entity @s {} merge value {transformation:[0.7345027355012311f,-0.10357220763232654f,0.3416474407804328f,0.19854509759690575f,0.12312938128189228f,0.8070823293671141f,-0.02004279254335813f,1.3379646966623027f,-0.335096003334554f,0.06953672320410233f,0.7414983190268801f,0.12587196360389685f,0f,0f,0f,1f],start_interpolation:0}
execute if entity @s[tag=aj.axia.bone.wing_left_2] run data modify entity @s {} merge value {transformation:[0.7035697095355172f,0.18161023849924215f,0.33467504402981174f,0.19854509759690575f,-0.19111868158658007f,0.7765875128892286f,-0.019633755960840618f,1.3379646966623027f,-0.3293376889648608f,-0.0626861714955604f,0.7263657002712296f,0.12587196360389685f,0f,0f,0f,1f],start_interpolation:0}
execute if entity @s[tag=aj.axia.bone.blade] run data modify entity @s {} merge value {transformation:[-0.39113114365704515f,-2.255308237338895f,0.6158383519907048f,-0.3699722274680906f,0.46433395664851135f,0.5370179340777488f,2.261561718793403f,1.7700787113442615f,-2.291302271175594f,0.4938139181918252f,0.3531818356532054f,-0.7260313010979605f,0f,0f,0f,1f],start_interpolation:0}
execute if entity @s[tag=aj.axia.bone.arm_right_2] run data modify entity @s {} merge value {transformation:[-0.8878300012743898f,0.2395728445749394f,0.3928902403717731f,-0.04826322202742088f,0.2966943658402765f,0.9506483828779106f,0.09077502635774791f,1.6635886489936056f,-0.35175324037704875f,0.19716111247881915f,-0.9150940681757045f,-0.639004101137939f,0f,0f,0f,1f],start_interpolation:0}
execute if entity @s[tag=aj.axia.bone.arm_right_1] run data modify entity @s {} merge value {transformation:[-0.42791593492541014f,0.2395728445749394f,0.8714888437491239f,0.08660203275968291f,0.2856778909073241f,0.9506483828779106f,-0.12106112001116075f,1.5677928814034379f,-0.8574824168947464f,0.19716111247881915f,-0.47523825650136703f,-0.3409836746768989f,0f,0f,0f,1f],start_interpolation:0}
execute if entity @s[tag=aj.axia.bone.arm_left_2] run data modify entity @s {} merge value {transformation:[0.3490952855699779f,0.0649740247688529f,-0.9348319943701925f,-0.45141622082144006f,-0.3000398371032848f,0.9528256217190215f,-0.04581954546691462f,1.6782818088009024f,0.8877547959565463f,0.29648222661923074f,0.3521217283199849f,-0.31480650000054256f,0f,0f,0f,1f],start_interpolation:0}
execute if entity @s[tag=aj.axia.bone.arm_left_1] run data modify entity @s {} merge value {transformation:[0.3371080995720177f,0.0649740247688529f,-0.9392212227735692f,-0.34080262564937175f,-0.30060142242991056f,0.9528256217190215f,-0.04197760627852436f,1.579646967066088f,0.8921865914908474f,0.29648222661923074f,0.340736518827739f,-0.022057774667608235f,0f,0f,0f,1f],start_interpolation:0}
execute if entity @s[tag=aj.axia.bone.ear_edge_a1] run data modify entity @s {} merge value {transformation:[0.8186502253171937f,-0.24154019735175128f,0.52102796628529f,-0.2553826152191657f,0.17042515647414047f,0.9685606218536401f,0.18123351741677146f,2.2054109768399326f,-0.5484223505920167f,-0.0595705871866936f,0.8340768972423103f,-0.04505169223794497f,0f,0f,0f,1f],start_interpolation:0}
execute if entity @s[tag=aj.axia.bone.ear_edge_a2] run data modify entity @s {} merge value {transformation:[0.8463564941298077f,-0.11050132665681361f,0.52102796628529f,-0.15900859647827362f,0.016810677254902942f,0.9832964015468464f,0.18123351741677146f,2.217256369100906f,-0.532351468462831f,-0.14462933143767148f,0.8340768972423103f,-0.10782808763393643f,0f,0f,0f,1f],start_interpolation:0}
execute if entity @s[tag=aj.axia.bone.ear_edge_b1] run data modify entity @s {} merge value {transformation:[0.7619109730158381f,-0.5176253347252562f,0.3893015310124347f,-0.1101336543682715f,0.226654006869717f,0.7761517523173921f,0.5884015793185335f,2.222114834818402f,-0.6067286299227698f,-0.36007286793815574f,0.7086803929888493f,-0.07216933198288283f,0f,0f,0f,1f],start_interpolation:0}
execute if entity @s[tag=aj.axia.bone.ear_edge_b2] run data modify entity @s {} merge value {transformation:[0.8845754208726185f,-0.2568475087272689f,0.3893015310124347f,-0.1384767754066008f,-0.024283311502118238f,0.8082041216412764f,0.5884015793185335f,2.2292591798699823f,-0.4657645817046646f,-0.5299391050136314f,0.7086803929888493f,-0.06253131099356316f,0f,0f,0f,1f],start_interpolation:0}
execute if entity @s[tag=aj.axia.bone.ear_right_2] run data modify entity @s {} merge value {transformation:[0.8335050269482558f,-0.39206337243277656f,0.3893015310124347f,-0.2095659336651033f,0.10244663577058075f,0.8020525346102623f,0.5884015793185335f,2.3304089662765466f,-0.5429309872085748f,-0.45055304207372987f,0.7086803929888493f,-0.06336606799656049f,0f,0f,0f,1f],start_interpolation:0}
execute if entity @s[tag=aj.axia.bone.ear_right_1] run data modify entity @s {} merge value {transformation:[0.8335050269482558f,-0.18384566462280919f,0.52102796628529f,-0.16820065912497129f,0.10244663577058075f,0.9780895148114181f,0.18123351741677146f,2.1103388254439777f,-0.5429309872085748f,-0.09768148553007756f,0.8340768972423103f,-0.04138773375229307f,0f,0f,0f,1f],start_interpolation:0}
execute if entity @s[tag=aj.axia.bone.ear_edge_a3] run data modify entity @s {} merge value {transformation:[0.8330043205424846f,0.12158972851453388f,0.539740437504284f,0.0833138071676423f,-0.20437138192245893f,0.9741788915519571f,0.09595741506368691f,2.2108057884046874f,-0.5141363050871415f,-0.19024044042832258f,0.8363446864881606f,-0.2515201999830533f,0f,0f,0f,1f],start_interpolation:0}
execute if entity @s[tag=aj.axia.bone.ear_edge_a4] run data modify entity @s {} merge value {transformation:[0.8417694791997449f,-0.010217828070331308f,0.539740437504284f,-0.013748389331707737f,-0.049460077322713084f,0.9941558606403358f,0.09595741506368691f,2.226521337128982f,-0.5375665955386567f,-0.10746962707667021f,0.8363446864881606f,-0.19068359780955996f,0f,0f,0f,1f],start_interpolation:0}
execute if entity @s[tag=aj.axia.bone.ear_edge_b3] run data modify entity @s {} merge value {transformation:[0.8396214599892539f,0.0650272818173678f,0.5392654787254222f,-0.016610638827562127f,-0.2804909001416779f,0.9020987315010011f,0.32793708781105624f,2.2223212268503754f,-0.46514584687302674f,-0.42660207599556943f,0.7756610148080443f,-0.15258995669651632f,0f,0f,0f,1f],start_interpolation:0}
execute if entity @s[tag=aj.axia.bone.ear_edge_b4] run data modify entity @s {} merge value {transformation:[0.8186219959236062f,-0.1976126798692154f,0.5392654787254222f,0.006160096572026416f,0.012001140296656027f,0.944623331846924f,0.32793708781105624f,2.2301844113478495f,-0.5742072800144835f,-0.2619847126939344f,0.7756610148080443f,-0.17174536230226117f,0f,0f,0f,1f],start_interpolation:0}
execute if entity @s[tag=aj.axia.bone.ear_left_2] run data modify entity @s {} merge value {transformation:[0.8394568345889732f,-0.06711904585810816f,0.5392654787254222f,0.05633218756686867f,-0.13591825923714038f,0.9348708430815186f,0.32793708781105624f,2.3361004031221873f,-0.5261543971761586f,-0.34858505481323776f,0.7756610148080443f,-0.21111804957292785f,0f,0f,0f,1f],start_interpolation:0}
execute if entity @s[tag=aj.axia.bone.ear_left_1] run data modify entity @s {} merge value {transformation:[0.8394568345889732f,0.0631860980322861f,0.539740437504284f,0.04211531550960432f,-0.13591825923714038f,0.9860620676713211f,0.09595741506368691f,2.1142364378961402f,-0.5261543971761586f,-0.15391268861017754f,0.8363446864881606f,-0.17648769463563796f,0f,0f,0f,1f],start_interpolation:0}
execute if entity @s[tag=aj.axia.bone.head] run data modify entity @s {} merge value {transformation:[0.8412638985383024f,-0.05229269268909724f,0.5380897019154527f,-0.053057969989379034f,0.015590449808649265f,0.9972436650787908f,0.072539715570058f,1.5989333872056142f,-0.5403998435333794f,-0.052635983429062554f,0.8397603600775368f,-0.10820428393899396f,0f,0f,0f,1f],start_interpolation:0}
execute if entity @s[tag=aj.axia.bone.body_1] run data modify entity @s {} merge value {transformation:[0.7347035751055846f,0.03128124298562296f,0.677666688398026f,-0.06478843610898764f,-0.0144436616430558f,0.9994311770898903f,-0.030474627135660237f,1.2241466957969054f,-0.6782345002765736f,0.012601829152588118f,0.7347374745693834f,-0.11292996987121451f,0f,0f,0f,1f],start_interpolation:0}
execute if entity @s[tag=aj.axia.bone.leg_left_2] run data modify entity @s {} merge value {transformation:[0.6972413419410829f,0.21491798082582858f,0.6838601996065767f,-0.43794674021376684f,-0.0008935610084828743f,0.9542573498237286f,-0.29898513651370395f,0.9373429239649796f,-0.7168359035629578f,0.20785372699363122f,0.6655397174759257f,-0.32781166179546395f,0f,0f,0f,1f],start_interpolation:0}
execute if entity @s[tag=aj.axia.bone.leg_left_1] run data modify entity @s {} merge value {transformation:[0.6972413419410829f,0.6921637228552758f,0.1864507759472269f,-0.20830889803517816f,-0.0008935610084828743f,0.2609412678275582f,-0.9653542646579392f,0.963060699282009f,-0.7168359035629578f,0.672918297795261f,0.1825575302621239f,-0.10448298079037635f,0f,0f,0f,1f],start_interpolation:0}
execute if entity @s[tag=aj.axia.bone.leg_right_2] run data modify entity @s {} merge value {transformation:[0.7551067356247327f,-0.211380192754466f,0.6205902286736757f,-0.14708725487550084f,0.032401990797247454f,0.9574720888487906f,0.2867007325904641f,0.7036792451193287f,-0.6548006786851517f,-0.19638129540925853f,0.7298427625227549f,-0.43499278304602385f,0f,0f,0f,1f],start_interpolation:0}
execute if entity @s[tag=aj.axia.bone.leg_right_1] run data modify entity @s {} merge value {transformation:[0.7551067356247327f,0.3762305178910205f,0.5369026124183182f,0.012587516591084313f,0.032401990797247454f,0.7965285507677997f,-0.6037320422208216f,0.9421477338464197f,-0.6548006786851517f,0.47327884510001433f,0.5892734560238239f,-0.23905781627330797f,0f,0f,0f,1f],start_interpolation:0}
execute if entity @s[tag=aj.axia.bone.coat_downer] run data modify entity @s {} merge value {transformation:[0.7111476063148771f,0.15676736528811291f,0.6853415755761825f,-0.08794335770547829f,0.06519984194297183f,0.95591485487113f,-0.2863141122042676f,1.0229211621197851f,-0.7000129017691261f,0.24829575795274844f,0.669575353443836f,-0.16635604239626928f,0f,0f,0f,1f],start_interpolation:0}
execute if entity @s[tag=aj.axia.bone.body_2] run data modify entity @s {} merge value {transformation:[0.7111476063148771f,0.2785978109306329f,0.6454861282609257f,-0.031249999999999986f,0.06519984194297183f,0.8880404810236769f,-0.4551187588683288f,1.2208333333333334f,-0.7000129017691261f,0.365742209497203f,0.6133633291523646f,-0.0791666666666667f,0f,0f,0f,1f],start_interpolation:0}