execute if entity @s[tag=aj.axia.bone.wing_right_1] run data modify entity @s {} merge value {transformation:[-0.6484644818256828f,-0.08079350019519055f,0.48980676861513756f,0.2348918250689498f,-0.14156453637294636f,0.8024164427002903f,-0.05506159251391824f,1.4894835818648136f,-0.47581271766999444f,-0.1286262308196341f,-0.6511543556585279f,-0.4244314388019616f,0f,0f,0f,1f],start_interpolation:0}
execute if entity @s[tag=aj.axia.bone.wing_right_2] run data modify entity @s {} merge value {transformation:[-0.6171638167707143f,0.16997206773709567f,0.47981071211278786f,0.2348918250689498f,0.17268529057402557f,0.77927562185308f,-0.053937886544246444f,1.4894835818648136f,-0.47884090644844535f,0.06195967539191749f,-0.6378654912573335f,-0.4244314388019616f,0f,0f,0f,1f],start_interpolation:0}
execute if entity @s[tag=aj.axia.bone.wing_left_1] run data modify entity @s {} merge value {transformation:[-0.5331419034766292f,0.12755558611100926f,0.6053376972018495f,0.19731280535569318f,0.13107017258671333f,0.804266882181173f,-0.05403551174097111f,1.4891498261332041f,-0.6045864413463555f,0.06187729084968362f,-0.5455189091696984f,-0.45879173153554703f,0f,0f,0f,1f],start_interpolation:0}
execute if entity @s[tag=aj.axia.bone.wing_left_2] run data modify entity @s {} merge value {transformation:[-0.5303238877287846f,-0.08441983179884223f,0.5929838666467098f,0.19731280535569318f,-0.18287663141395025f,0.7770162559836936f,-0.05293274619523701f,1.4891498261332041f,-0.5703619129876344f,-0.17064298970698558f,-0.5343858702070515f,-0.45879173153554703f,0f,0f,0f,1f],start_interpolation:0}
execute if entity @s[tag=aj.axia.bone.blade] run data modify entity @s {} merge value {transformation:[-0.15785640825119818f,-1.9452552802937484f,0.3279007595848159f,-0.835029913829087f,-0.023254762832959373f,0.33076102212430686f,1.9510284522584096f,1.8450914065542645f,-1.9725608304061473f,0.15177186829433223f,-0.04924154358703545f,-0.6576247070718337f,0f,0f,0f,1f],start_interpolation:0}
execute if entity @s[tag=aj.axia.bone.arm_right_2] run data modify entity @s {} merge value {transformation:[-0.8753976366224563f,0.15824679304699682f,0.4567679173126752f,-0.5144108369752867f,0.15459758488569036f,0.9869231686478436f,-0.04563163303687315f,1.7833535168075438f,-0.458015899880484f,0.03066939315410432f,-0.8884147813832393f,-0.5296097668699588f,0f,0f,0f,1f],start_interpolation:0}
execute if entity @s[tag=aj.axia.bone.arm_right_1] run data modify entity @s {} merge value {transformation:[-0.7955873891137495f,0.15570189757459738f,0.585489218837407f,-0.25118596945993854f,0.14262294659589725f,0.9873845832160467f,-0.06877775753524963f,1.7357060525197419f,-0.5888118556784256f,0.028785481044153308f,-0.8077573860346837f,-0.3190258166885036f,0f,0f,0f,1f],start_interpolation:0}
execute if entity @s[tag=aj.axia.bone.arm_left_2] run data modify entity @s {} merge value {transformation:[0.7925136697658658f,-0.1615443307981077f,0.588069309198526f,-0.11418436880012525f,0.2735330962781594f,0.9560027645776875f,-0.10601112847386292f,1.653386707937455f,-0.5450703885506192f,0.24487168743407273f,0.8018329802511657f,0.4098874022280311f,0f,0f,0f,1f],start_interpolation:0}
execute if entity @s[tag=aj.axia.bone.arm_left_1] run data modify entity @s {} merge value {transformation:[0.4427634079068492f,-0.16350360138724712f,0.8816048644104189f,0.032229217322910925f,0.29621406077132767f,0.9547023901894839f,0.02829445825328509f,1.753837855933396f,-0.8462965170790158f,0.2486160061216632f,0.4711393495347632f,0.12043780649022126f,0f,0f,0f,1f],start_interpolation:0}
execute if entity @s[tag=aj.axia.bone.ear_edge_a1] run data modify entity @s {} merge value {transformation:[-0.95950785287619f,0.1878780723437613f,0.20987260469464858f,0.19295413908136477f,0.176939914581993f,0.98173590130731f,-0.06990627090641024f,2.3709188187149253f,-0.21917332615225069f,-0.029940775152219455f,-0.9752264368271829f,-0.1991822086777077f,0f,0f,0f,1f],start_interpolation:0}
execute if entity @s[tag=aj.axia.bone.ear_edge_a2] run data modify entity @s {} merge value {transformation:[-0.9770853247351738f,0.0354648838408355f,0.20987260469464858f,0.08076594746793507f,0.02118416008673614f,0.9973286041467873f,-0.06990627090641024f,2.383409378524718f,-0.21179116966620612f,-0.06385841655394316f,-0.9752264368271829f,-0.22422090279593945f,0f,0f,0f,1f],start_interpolation:0}
execute if entity @s[tag=aj.axia.bone.ear_edge_b1] run data modify entity @s {} merge value {transformation:[-0.9499467545235495f,0.2047177912775619f,0.2359910792903245f,0.06612479561073642f,0.2582091811264487f,0.9397144956232899f,0.22419787130451235f,2.373204976866929f,-0.17586694502431227f,0.2739111035535114f,-0.9455387485438728f,-0.2647258592223437f,0f,0f,0f,1f],start_interpolation:0}
execute if entity @s[tag=aj.axia.bone.ear_edge_b2] run data modify entity @s {} merge value {transformation:[-0.9667143275787243f,-0.09885150150302686f,0.2359910792903245f,0.09408372723233949f,-0.04481622473053411f,0.9735126195912549f,0.22419787130451235f,2.382273455913038f,-0.2519025900123248f,0.2061590651588465f,-0.9455387485438728f,-0.2555975266599969f,0f,0f,0f,1f],start_interpolation:0}
execute if entity @s[tag=aj.axia.bone.ear_right_2] run data modify entity @s {} merge value {transformation:[-0.9702762517918242f,0.053592963196641884f,0.2359910792903245f,0.1543179347559613f,0.10802646321983173f,0.968537865933356f,0.22419787130451235f,2.489980936665554f,-0.21655086804957213f,0.24302715187621257f,-0.9455387485438728f,-0.24807533514438104f,0f,0f,0f,1f],start_interpolation:0}
execute if entity @s[tag=aj.axia.bone.ear_right_1] run data modify entity @s {} merge value {transformation:[-0.9702762517918242f,0.12048852645581082f,0.20987260469464858f,0.12720801630340392f,0.10802646321983173f,0.9916871464994259f,-0.06990627090641024f,2.2668513287031837f,-0.21655086804957213f,-0.04515659929991884f,-0.9752264368271829f,-0.23791510030189933f,0f,0f,0f,1f],start_interpolation:0}
execute if entity @s[tag=aj.axia.bone.ear_edge_a3] run data modify entity @s {} merge value {transformation:[-0.9604872051119185f,-0.17546219966585186f,0.21604940477750925f,-0.194931629410327f,-0.21940644229814837f,0.9549421943209233f,-0.199865501234228f,2.375259547376023f,-0.17124585219608832f,-0.2393708879416222f,-0.9557072962532382f,-0.2964274554684033f,0f,0f,0f,1f],start_interpolation:0}
execute if entity @s[tag=aj.axia.bone.ear_edge_a4] run data modify entity @s {} merge value {transformation:[-0.9761103491193622f,-0.02304866671546847f,0.21604940477750925f,-0.08273061740252799f,-0.06731931359640315f,0.9775080007004036f,-0.199865501234228f,2.3928644455875516f,-0.20658338839070742f,-0.209635081819192f,-0.9557072962532382f,-0.27474471836287484f,0f,0f,0f,1f],start_interpolation:0}
execute if entity @s[tag=aj.axia.bone.ear_edge_b3] run data modify entity @s {} merge value {transformation:[-0.9345922107013503f,-0.30237135496540923f,0.18737385995048886f,-0.05451940249148381f,-0.3049756051995976f,0.9522343446282425f,0.01548008861605557f,2.380942174470393f,-0.1831045601002391f,-0.04267688609545275f,-0.9821666882274586f,-0.2943981235785932f,0f,0f,0f,1f],start_interpolation:0}
execute if entity @s[tag=aj.axia.bone.ear_edge_b4] run data modify entity @s {} merge value {transformation:[-0.9822878993627034f,0.001232628436321409f,0.18737385995048886f,-0.08371711841390306f,0.0042075584814819655f,0.9998713233751954f,0.01548008861605557f,2.389012645124369f,-0.18733066811718876f,0.015994290202256435f,-0.9821666882274586f,-0.2998411478608285f,0f,0f,0f,1f],start_interpolation:0}
execute if entity @s[tag=aj.axia.bone.ear_left_2] run data modify entity @s {} merge value {transformation:[-0.9703871308782616f,-0.15244622931745597f,0.18737385995048886f,-0.14153861827396283f,-0.15225857912673443f,0.988219455353287f,0.01548008861605557f,2.4902078758964357f,-0.18752637496673283f,-0.013507598903677726f,-0.9821666882274586f,-0.34109455928547744f,0f,0f,0f,1f],start_interpolation:0}
execute if entity @s[tag=aj.axia.bone.ear_left_1] run data modify entity @s {} merge value {transformation:[-0.9703871308782616f,-0.10803458206120732f,0.21604940477750925f,-0.11723083731019121f,-0.15225857912673443f,0.9679210228622472f,-0.199865501234228f,2.2724256457524303f,-0.18752637496673283f,-0.22684228569682838f,-0.9557072962532382f,-0.2900550450036911f,0f,0f,0f,1f],start_interpolation:0}
execute if entity @s[tag=aj.axia.bone.head] run data modify entity @s {} merge value {transformation:[-0.9777554144543805f,0.044329411424567845f,0.2050103723909945f,-0.024136807995703245f,0.022297268196986735f,0.993840256462996f,-0.10855586794143404f,1.7636877266636914f,-0.20855977880716714f,-0.10156991639416568f,-0.9727211166349724f,-0.1815329556059424f,0f,0f,0f,1f],start_interpolation:0}
execute if entity @s[tag=aj.axia.bone.body_1] run data modify entity @s {} merge value {transformation:[-0.7379901531763352f,0.04045544101903237f,0.6735977220171733f,-0.03930759837784038f,-0.0065544137493035205f,0.9977245196071203f,-0.06710307470708093f,1.3895410318110213f,-0.6747796480890427f,-0.05393644655237062f,-0.7360457093537947f,-0.16130678814880342f,0f,0f,0f,1f],start_interpolation:0}
execute if entity @s[tag=aj.axia.bone.leg_left_2] run data modify entity @s {} merge value {transformation:[-0.7900028679509028f,-0.35808905353176324f,0.4976622332165411f,-0.22351282951859516f,-0.03065297971118642f,0.8337641414368472f,0.5512692185211353f,1.1606722975988282f,-0.612336397304761f,0.42024943330693953f,-0.6696525594224385f,0.24482609289483526f,0f,0f,0f,1f],start_interpolation:0}
execute if entity @s[tag=aj.axia.bone.leg_left_1] run data modify entity @s {} merge value {transformation:[-0.7900028679509028f,0.6042889906418245f,-0.1035870861566909f,-0.028694485667602493f,-0.03065297971118642f,-0.2076736133774118f,-0.9777177839957679f,1.137188782567204f,-0.612336397304761f,-0.7692246005529559f,0.18258600833571942f,-0.005342297121144812f,0f,0f,0f,1f],start_interpolation:0}
execute if entity @s[tag=aj.axia.bone.leg_right_2] run data modify entity @s {} merge value {transformation:[-0.718971131088183f,-0.3113610763685929f,0.6213974515431895f,-0.28051195399056056f,-0.005721438042241379f,0.896666702776971f,0.44266927754002044f,0.773071287131964f,-0.6950163867194125f,0.3147111441523262f,-0.6464589066118789f,-0.10861909196217354f,0f,0f,0f,1f],start_interpolation:0}
execute if entity @s[tag=aj.axia.bone.leg_right_1] run data modify entity @s {} merge value {transformation:[-0.718971131088183f,0.16426057451449852f,0.6753510023106104f,-0.19785479351526028f,-0.005721438042241379f,0.9702405856213898f,-0.24207534190782648f,1.1252803758162102f,-0.6950163867194125f,-0.1779091612965144f,-0.6966351645720039f,-0.19702456816728464f,0f,0f,0f,1f],start_interpolation:0}
execute if entity @s[tag=aj.axia.bone.coat_downer] run data modify entity @s {} merge value {transformation:[-0.7567603045687683f,0.13600325151053447f,0.6393879550066199f,-0.09903739236218903f,0.06128180335693836f,0.9885699755740343f,-0.13774593994334222f,1.1946168372922694f,-0.6508136307778952f,-0.0650578125371244f,-0.7564450403179187f,-0.12221213842702949f,0f,0f,0f,1f],start_interpolation:0}
execute if entity @s[tag=aj.axia.bone.body_2] run data modify entity @s {} merge value {transformation:[-0.7567603045687683f,0.3630156692312467f,0.543629897376492f,-0.012013888888888864f,0.06128180335693836f,0.8673644379805154f,-0.49388609243839426f,1.3879398148148148f,-0.6508136307778952f,-0.3404387692659794f,-0.67863323111557f,-0.19319444444444445f,0f,0f,0f,1f],start_interpolation:0}