execute if entity @s[tag=aj.ecual.bone.wing_right_1] run data modify entity @s {} merge value {transformation:[0.6001955352752765f,0.06252720240323802f,-0.5502727622186047f,-0.31446514546727833f,-0.19697744698642564f,0.7824863202370358f,-0.12593446099085528f,1.5066459186243208f,0.5175998930243112f,0.22527750008816208f,0.5901566259389908f,-0.3121595668087285f,0f,0f,0f,1f],start_interpolation:0}
execute if entity @s[tag=aj.ecual.bone.wing_right_2] run data modify entity @s {} merge value {transformation:[0.5666316685492327f,-0.16840876898331722f,-0.5390427058467965f,-0.31446514546727833f,0.115063953472606f,0.7820112012228712f,-0.1233643699502256f,1.5066459186243208f,0.5528913444867503f,0.009847217448897175f,0.5781126131647257f,-0.3121595668087285f,0f,0f,0f,1f],start_interpolation:0}
execute if entity @s[tag=aj.ecual.bone.wing_left_1] run data modify entity @s {} merge value {transformation:[-0.5921021803137388f,0.0611001255590682f,-0.5591298839883513f,-0.31362208970303596f,0.02035460875662664f,0.8136296920262559f,0.06735620684145567f,1.4882477509208014f,0.5620899771518129f,0.0348990451784916f,-0.5914231637969114f,-0.19969214471098906f,0f,0f,0f,1f],start_interpolation:0}
execute if entity @s[tag=aj.ecual.bone.wing_left_2] run data modify entity @s {} merge value {transformation:[-0.5587720078178476f,-0.16666632414898483f,-0.5477190700294053f,-0.31362208970303596f,-0.2865868376779456f,0.7439854932734243f,0.06598159037530352f,1.4882477509208014f,0.49562266670216554f,0.24229717743581955f,-0.5793533033112602f,-0.19969214471098906f,0f,0f,0f,1f],start_interpolation:0}
execute if entity @s[tag=aj.ecual.bone.staff] run data modify entity @s {} merge value {transformation:[-0.07623224968775706f,-0.03129778155031608f,1.560325396504707f,-0.012931643955443864f,1.4559015053139124f,0.5612212780494993f,0.08238770472083795f,1.654517591930519f,-0.5620904739739193f,1.4578948439220556f,0.0017813290711933077f,0.5958899984925439f,0f,0f,0f,1f],start_interpolation:0}
execute if entity @s[tag=aj.ecual.bone.arm_right_2] run data modify entity @s {} merge value {transformation:[-0.020030580192202725f,-0.9986082537630124f,0.048788639800164305f,-0.008564678305228808f,0.3591816179516793f,-0.052728131021336236f,-0.9317769634009041f,1.5851680451357955f,0.9330527001101157f,-0.0011400506055642108f,0.35973790334330813f,0.4156647071423805f,0f,0f,0f,1f],start_interpolation:0}
execute if entity @s[tag=aj.ecual.bone.arm_right_1] run data modify entity @s {} merge value {transformation:[-0.0021506065667179263f,-0.9986082537630124f,0.05269658819868351f,-0.010112758907211517f,0.01911263921572931f,-0.052728131021336236f,-0.9984259868519074f,1.5748314937217827f,0.999815023848714f,-0.0011400506055642108f,0.019199436736847264f,0.05686756769403539f,0f,0f,0f,1f],start_interpolation:0}
execute if entity @s[tag=aj.ecual.bone.arm_left_2] run data modify entity @s {} merge value {transformation:[-0.9871131698937621f,-0.02275767256046777f,-0.15839721639574122f,0.2650163623352148f,0.13133541283025252f,0.45030219294139595f,-0.8831641661485574f,1.484585873249691f,0.09142537480916244f,-0.8925861433899814f,-0.4415103367637091f,-0.654777792326965f,0f,0f,0f,1f],start_interpolation:0}
execute if entity @s[tag=aj.ecual.bone.arm_left_1] run data modify entity @s {} merge value {transformation:[-0.7865561372370267f,-0.02275767256046777f,-0.6170992880520915f,0.010926637781749668f,0.5430350243122822f,0.45030219294139595f,-0.7087601127337294f,1.6632682096311864f,0.29401089324194535f,-0.8925861433899814f,-0.3418297401971822f,-0.533648263860144f,0f,0f,0f,1f],start_interpolation:0}
execute if entity @s[tag=aj.ecual.bone.himo_right_2] run data modify entity @s {} merge value {transformation:[0.1166073859719598f,-0.5588871677123646f,-0.8210041725248647f,0.25494907748332185f,-0.4840929928385994f,0.6898157887223194f,-0.5383383247679585f,1.386588557496595f,0.8672120224151381f,0.4602165918302551f,-0.1901157457518715f,-0.11999475756737829f,0f,0f,0f,1f],start_interpolation:0}
execute if entity @s[tag=aj.ecual.bone.himo_right_1] run data modify entity @s {} merge value {transformation:[0.007397467795279505f,-0.30889859886933735f,-0.9510662085716105f,0.19108642639174853f,-0.16143635907791262f,0.9382472734672734f,-0.30599077731019036f,1.5605974789135202f,0.986855399457228f,0.1558002228746401f,-0.04292681113625148f,-0.09105050834798484f,0f,0f,0f,1f],start_interpolation:0}
execute if entity @s[tag=aj.ecual.bone.himo_left_2] run data modify entity @s {} merge value {transformation:[0.02874225758819445f,-0.5376000615070025f,-0.8427099480226877f,0.20427601498925801f,-0.5622140953191904f,0.688374552039528f,-0.4583184342013785f,1.4375067581059728f,0.8264921013858257f,0.48695651753729136f,-0.2824608935318224f,-0.46900599633892903f,0f,0f,0f,1f],start_interpolation:0}
execute if entity @s[tag=aj.ecual.bone.himo_left_1] run data modify entity @s {} merge value {transformation:[0.01850715911349152f,-0.04938664372008282f,-0.9986082537630127f,0.18877471770572368f,-0.37058151272510426f,0.9273020471374848f,-0.05272813102133658f,1.611046341125368f,0.9286155434236072f,0.3710416052098409f,-0.0011400506055642239f,-0.3994428206783686f,0f,0f,0f,1f],start_interpolation:0}
execute if entity @s[tag=aj.ecual.bone.ponpon1] run data modify entity @s {} merge value {transformation:[-0.9697278265597917f,-0.04942957710406042f,-0.23913314137303585f,0.24532823827436037f,-0.04872383091283866f,0.9987729414863f,-0.008865644701941159f,2.283309096008439f,0.239277936084378f,0.003054220378050976f,-0.9709463121311509f,-0.2626670489104266f,0f,0f,0f,1f],start_interpolation:0}
execute if entity @s[tag=aj.ecual.bone.ponpon2] run data modify entity @s {} merge value {transformation:[-0.9697278265597917f,-0.04942957710406042f,-0.23913314137303585f,0.265452996904638f,-0.04872383091283866f,0.9987729414863f,-0.008865644701941159f,2.159458467791076f,0.239277936084378f,0.003054220378050976f,-0.9709463121311509f,-0.3630479658231425f,0f,0f,0f,1f],start_interpolation:0}
execute if entity @s[tag=aj.ecual.bone.ponpon3] run data modify entity @s {} merge value {transformation:[-0.9697278265597917f,-0.04942957710406042f,-0.23913314137303585f,-0.3243868598295173f,-0.04872383091283866f,0.9987729414863f,-0.008865644701941159f,2.254683845347146f,0.239277936084378f,0.003054220378050976f,-0.9709463121311509f,-0.12209126146085451f,0f,0f,0f,1f],start_interpolation:0}
execute if entity @s[tag=aj.ecual.bone.ponpon4] run data modify entity @s {} merge value {transformation:[-0.9697278265597917f,-0.04942957710406042f,-0.23913314137303585f,-0.376991688191224f,-0.04872383091283866f,0.9987729414863f,-0.008865644701941159f,2.12717892981132f,0.239277936084378f,0.003054220378050976f,-0.9709463121311509f,-0.2045263331672421f,0f,0f,0f,1f],start_interpolation:0}
execute if entity @s[tag=aj.ecual.bone.ear_edge_a1] run data modify entity @s {} merge value {transformation:[-0.9613906078152553f,0.1619503064991783f,-0.22248639830209005f,0.14524652504385385f,0.10601777676941357f,0.9640560031016244f,0.24363138938279605f,2.3737725653973167f,0.25394552607495335f,0.21063741621217955f,-0.9440039982319841f,-0.2339826326264979f,0f,0f,0f,1f],start_interpolation:0}
execute if entity @s[tag=aj.ecual.bone.ear_edge_a2] run data modify entity @s {} merge value {transformation:[-0.9748889036571008f,0.009561804056765488f,-0.22248639830209005f,0.03305029296906378f,-0.04609906310305794f,0.9687717081379023f,0.24363138938279605f,2.3782253275674425f,0.21786808372792119f,0.24776995260675033f,-0.9440039982319841f,-0.20639062214744536f,0f,0f,0f,1f],start_interpolation:0}
execute if entity @s[tag=aj.ecual.bone.ear_edge_b1] run data modify entity @s {} merge value {transformation:[-0.9306581434893703f,0.32694581401599976f,-0.16426154344317587f,-0.0006823703691186678f,0.1607253669416372f,0.7686042548858742f,0.6192050191921948f,2.383798937713888f,0.32869861024713065f,0.5498671967564036f,-0.7678562948578719f,-0.25278806791438263f,0f,0f,0f,1f],start_interpolation:0}
execute if entity @s[tag=aj.ecual.bone.ear_edge_b2] run data modify entity @s {} merge value {transformation:[-0.9861403045794105f,0.023354764603686157f,-0.16426154344317587f,0.028825274496648505f,-0.08465286914485512f,0.780652954873507f,0.6192050191921948f,2.3925193890007166f,0.14269264672565282f,0.6245282371659177f,-0.7678562948578719f,-0.2520681729013402f,0f,0f,0f,1f],start_interpolation:0}
execute if entity @s[tag=aj.ecual.bone.ear_right_2] run data modify entity @s {} merge value {transformation:[-0.9703457909171034f,0.17733355969789524f,-0.16426154344317587f,0.09008908360355374f,0.03851037552541326f,0.7842844478785012f,0.6192050191921948f,2.4957853110226718f,0.23863360414315699f,0.5945172103655096f,-0.7678562948578719f,-0.22259717743260524f,0f,0f,0f,1f],start_interpolation:0}
execute if entity @s[tag=aj.ecual.bone.ear_right_1] run data modify entity @s {} merge value {transformation:[-0.9703457909171034f,0.09449258500022673f,-0.22248639830209005f,0.06882825197850276f,0.03851037552541326f,0.9691030373929803f,0.24363138938279605f,2.2777371276092517f,0.23863360414315699f,0.22783865847497178f,-0.9440039982319841f,-0.2738608755894738f,0f,0f,0f,1f],start_interpolation:0}
execute if entity @s[tag=aj.ecual.bone.ear_edge_a3] run data modify entity @s {} merge value {transformation:[-0.9500563783923316f,-0.20051987076873565f,-0.23913314137303585f,-0.23936606662191906f,-0.20436647049980683f,0.9788543027843677f,-0.008865644701941159f,2.3659315036886244f,0.23585424230125335f,0.04044793378429925f,-0.9709463121311509f,-0.1665762870847064f,0f,0f,0f,1f],start_interpolation:0}
execute if entity @s[tag=aj.ecual.bone.ear_edge_a4] run data modify entity @s {} merge value {transformation:[-0.9697278265597917f,-0.04942957710406043f,-0.23913314137303585f,-0.12816607608293934f,-0.04872383091283866f,0.9987729414863001f,-0.008865644701941159f,2.3816087759522833f,0.239277936084378f,0.0030542203780509723f,-0.9709463121311509f,-0.1941067404682222f,0f,0f,0f,1f],start_interpolation:0}
execute if entity @s[tag=aj.ecual.bone.ear_edge_b3] run data modify entity @s {} merge value {transformation:[-0.9289646687701725f,-0.2825597014327903f,-0.23913314137303585f,-0.10629224733735629f,-0.28890156818054336f,0.9573177551089512f,-0.008865644701941159f,2.3783827104603343f,0.2314314759913758f,0.06085006885263678f,-0.9709463121311509f,-0.19946456114929773f,0f,0f,0f,1f],start_interpolation:0}
execute if entity @s[tag=aj.ecual.bone.ear_edge_b4] run data modify entity @s {} merge value {transformation:[-0.9708136513100849f,0.018335624533808992f,-0.23913314137303585f,-0.13501287908001156f,0.0210657363595457f,0.9997387834307766f,-0.008865644701941159f,2.386953391750132f,0.23890811870175377f,-0.013644404615303786f,-0.9709463121311509f,-0.19246925132545967f,0f,0f,0f,1f],start_interpolation:0}
execute if entity @s[tag=aj.ecual.bone.ear_left_2] run data modify entity @s {} merge value {transformation:[-0.9617296479046893f,-0.13375883162687302f,-0.23913314137303585f,-0.20369944177749155f,-0.1355872195775904f,0.9907257472334295f,-0.008865644701941159f,2.4884694630085633f,0.23810121845202886f,0.02389704438997879f,-0.9709463121311509f,-0.20866455658063407f,0f,0f,0f,1f],start_interpolation:0}
execute if entity @s[tag=aj.ecual.bone.ear_left_1] run data modify entity @s {} merge value {transformation:[-0.9617296479046893f,-0.13375883162687302f,-0.23913314137303585f,-0.17360370466144517f,-0.1355872195775904f,0.9907257472334295f,-0.008865644701941159f,2.265556169881042f,0.23810121845202886f,0.02389704438997879f,-0.9709463121311509f,-0.21404139156837929f,0f,0f,0f,1f],start_interpolation:0}
execute if entity @s[tag=aj.ecual.bone.head] run data modify entity @s {} merge value {transformation:[-0.9697278265597917f,-0.04942957710406042f,-0.23913314137303585f,-0.019582157407732864f,-0.04872383091283866f,0.9987729414863f,-0.008865644701941159f,1.7600525676303536f,0.239277936084378f,0.003054220378050976f,-0.9709463121311509f,-0.2151743492685792f,0f,0f,0f,1f],start_interpolation:0}
execute if entity @s[tag=aj.ecual.bone.body_1] run data modify entity @s {} merge value {transformation:[0.007397467795279505f,-0.052219086420621064f,-0.9986082537630127f,3.377269710348613e-17f,-0.16143635907791262f,0.985473513680943f,-0.05272813102133658f,1.3904999999999998f,0.986855399457228f,0.1616017352837886f,-0.0011400506055642239f,-0.27577499999999994f,0f,0f,0f,1f],start_interpolation:0}
execute if entity @s[tag=aj.ecual.bone.leg_left_2] run data modify entity @s {} merge value {transformation:[0.01607115399288933f,-0.5654800194081413f,-0.8246053999698919f,0.3276957907761957f,-0.1975074355760041f,0.8066665976570837f,-0.5570276592024268f,0.8473622965157774f,0.980169643940031f,0.17181777519951932f,-0.09872244539090393f,-0.4961931319168795f,0f,0f,0f,1f],start_interpolation:0}
execute if entity @s[tag=aj.ecual.bone.leg_left_1] run data modify entity @s {} merge value {transformation:[0.01607115399288933f,-0.7062834025995909f,-0.7077467578319814f,0.058425243535101694f,-0.1975074355760041f,0.6916486627258306f,-0.6947034908806495f,1.1110533491800003f,0.980169643940031f,0.1509499339579665f,-0.12838063146969686f,-0.4386434695954048f,0f,0f,0f,1f],start_interpolation:0}
execute if entity @s[tag=aj.ecual.bone.leg_right_2] run data modify entity @s {} merge value {transformation:[-0.07308838465011974f,-0.06926942636180701f,-0.9949169988500257f,0.3218134699921864f,0.1822792888734393f,0.9798540014483715f,-0.08161125347283549f,1.2422944513148788f,0.9805265671449344f,-0.1873175977240801f,-0.05898956438091635f,-0.18199859535458324f,0f,0f,0f,1f],start_interpolation:0}
execute if entity @s[tag=aj.ecual.bone.leg_right_1] run data modify entity @s {} merge value {transformation:[-0.07308838465011974f,-0.9972848183332672f,-0.009004396216198696f,0.011007623227822698f,0.1822792888734393f,-0.0044812143158077244f,-0.9832365837203418f,1.129059312719842f,0.9805265671449344f,-0.07350448857204542f,0.18211189220567842f,-0.18411569937887892f,0f,0f,0f,1f],start_interpolation:0}
execute if entity @s[tag=aj.ecual.bone.skirt_forward_right] run data modify entity @s {} merge value {transformation:[-0.09360737047833097f,-0.7799709694359792f,-0.6187753607160126f,0.016364031785640405f,-0.03922210955231986f,0.6239107621723297f,-0.7805107218788275f,1.2816305069117488f,0.9948363113167905f,-0.04879188131894127f,-0.0889947526709302f,-0.2901079406761419f,0f,0f,0f,1f],start_interpolation:0}
execute if entity @s[tag=aj.ecual.bone.skirt_forward_left] run data modify entity @s {} merge value {transformation:[0.0936073704783303f,-0.7349074121523388f,-0.6716760794874901f,0.021762494387543883f,-0.21959693555020088f,0.6427832059461114f,-0.733898450775446f,1.2444596242402761f,0.9710895149722777f,0.21619631291303573f,-0.10121416992553552f,-0.2950015802173693f,0f,0f,0f,1f],start_interpolation:0}
execute if entity @s[tag=aj.ecual.bone.skirt_forward] run data modify entity @s {} merge value {transformation:[-3.41561960149953e-16f,-0.7171539204983456f,-0.6969148113750007f,0.016364031785640405f,-0.13052619222005157f,0.6909526085530427f,-0.7110185692921668f,1.2816305069117488f,0.9914448613738104f,0.09096563663053406f,-0.09360737047833087f,-0.2901079406761419f,0f,0f,0f,1f],start_interpolation:0}
execute if entity @s[tag=aj.ecual.bone.skirt_back_right] run data modify entity @s {} merge value {transformation:[-0.008080919691408143f,-0.1615963277606553f,-0.9868238574290813f,0.020159074834201686f,-0.04399160807875395f,0.9859580922892314f,-0.16109431606368035f,1.306082317146673f,0.9989992177952824f,0.04211017814793139f,-0.015076330480695876f,-0.2868887987881811f,0f,0f,0f,1f],start_interpolation:0}
execute if entity @s[tag=aj.ecual.bone.skirt_back_left] run data modify entity @s {} merge value {transformation:[0.008080919691407463f,-0.16159632776065536f,-0.9868238574290813f,0.020159074834201686f,-0.21606739322468488f,0.963261301078214f,-0.15950720181294642f,1.306082317146673f,0.9763450109065086f,0.21450942333468123f,-0.027131660078072876f,-0.2868887987881811f,0f,0f,0f,1f],start_interpolation:0}
execute if entity @s[tag=aj.ecual.bone.skirt_back] run data modify entity @s {} merge value {transformation:[-3.41561960149953e-16f,-0.09271815530050007f,-0.995692394104561f,0.020159074834201686f,-0.13052619222005157f,0.9871741076439539f,-0.09192493862873963f,1.306082317146673f,0.9914448613738104f,0.12996393682493523f,-0.012102147761042004f,-0.2868887987881811f,0f,0f,0f,1f],start_interpolation:0}
execute if entity @s[tag=aj.ecual.bone.skirt_right] run data modify entity @s {} merge value {transformation:[-0.04198513823824338f,-0.4629603796552967f,-0.8853840607536028f,0.01955281850554323f,0.04747549002663218f,0.8842400150151096f,-0.4646134669731493f,1.3048483305301937f,0.9979896422377572f,-0.061540902784263975f,-0.015145668379144914f,-0.0916293950958254f,0f,0f,0f,1f],start_interpolation:0}
execute if entity @s[tag=aj.ecual.bone.skirt_left] run data modify entity @s {} merge value {transformation:[0.030071854591855792f,-0.43362105079406665f,-0.9005933976382771f,0.009725194387705036f,-0.25533773625279976f,0.8677743768180765f,-0.4263452490450605f,1.3454789599713644f,0.9663841492940072f,0.2427764717723868f,-0.0846242326231058f,-0.4771239934761565f,0f,0f,0f,1f],start_interpolation:0}
execute if entity @s[tag=aj.ecual.bone.coat_downer] run data modify entity @s {} merge value {transformation:[-3.41561960149953e-16f,-0.3143238488429039f,-0.9493158157581614f,0.05147763752305072f,-0.13052619222005157f,0.941194287354316f,-0.3116347647425353f,1.173913681122821f,0.9914448613738104f,0.1239105786451847f,-0.04102749511341563f,-0.2964092160689082f,0f,0f,0f,1f],start_interpolation:0}
execute if entity @s[tag=aj.ecual.bone.body_2] run data modify entity @s {} merge value {transformation:[-3.41561960149953e-16f,-0.23038942667659051f,-0.9730985109821266f,3.377269710348613e-17f,-0.13052619222005157f,0.9647735183237358f,-0.22841841319336387f,1.3904999999999998f,0.9914448613738104f,0.12701484329349894f,-0.03007185459185646f,-0.27577499999999994f,0f,0f,0f,1f],start_interpolation:0}
execute if entity @s[tag=aj.ecual.bone.book_left] run data modify entity @s {} merge value {transformation:[-0.018121667704346922f,-0.7329629490645151f,-0.680027146853905f,-0.879518599062895f,0.4322222775337178f,0.6075607962628502f,-0.6663736051555593f,2.5486385313198654f,0.901584997636484f,-0.3059986832375275f,0.3057929003324311f,-0.7816169891223343f,0f,0f,0f,1f],start_interpolation:0}
execute if entity @s[tag=aj.ecual.bone.book_right] run data modify entity @s {} merge value {transformation:[-0.532283799729532f,-0.7329629490645151f,-0.4236027287968538f,-0.9079814009371049f,-0.2321144281286092f,0.6075607962628502f,-0.759600402250407f,2.5589865936268157f,0.8141233621509827f,-0.3059986832375275f,-0.49352604496305863f,-0.6928935479359097f,0f,0f,0f,1f],start_interpolation:0}
execute if entity @s[tag=aj.ecual.bone.book_loot_1] run data modify entity @s {} merge value {transformation:[-0.30360321999157225f,-0.7329629490645151f,-0.6087613654868369f,-0.8024357951769744f,0.11037933127413563f,0.6075607962628502f,-0.7865661333110688f,2.671797482470001f,0.9463833726551959f,-0.3059986832375275f,-0.10355345391958543f,-0.7217222504411842f,0f,0f,0f,1f],start_interpolation:0}
execute if entity @s[tag=aj.ecual.bone.book_left2] run data modify entity @s {} merge value {transformation:[-0.0904859055367844f,0.03133477050277814f,-0.9954046579440576f,0.48332277448635463f,-0.12999073934222738f,0.990582375256818f,0.0429995990193089f,1.8913867293055238f,0.9873776929749067f,0.13328424508582576f,-0.08556051324911683f,-0.6069881966885877f,0f,0f,0f,1f],start_interpolation:0}
execute if entity @s[tag=aj.ecual.bone.book_right2] run data modify entity @s {} merge value {transformation:[-0.0904859055367844f,0.03133477050277814f,-0.9954046579440576f,0.49180582813042817f,-0.12999073934222738f,0.990582375256818f,0.0429995990193089f,1.9035733611188577f,0.9873776929749067f,0.13328424508582576f,-0.08556051324911683f,-0.6995548554049852f,0f,0f,0f,1f],start_interpolation:0}
execute if entity @s[tag=aj.ecual.bone.book_loot_2] run data modify entity @s {} merge value {transformation:[-0.0904859055367844f,0.03133477050277814f,-0.9954046579440576f,0.6368750000000001f,-0.12999073934222738f,0.990582375256818f,0.0429995990193089f,1.8910301053592944f,0.9873776929749067f,0.13328424508582576f,-0.08556051324911683f,-0.6404374490594189f,0f,0f,0f,1f],start_interpolation:0}
execute if entity @s[tag=aj.ecual.bone.air_staff_povit_1] run data modify entity @s {} merge value {transformation:[-5.3369056273430165e-21f,-7.0261695522793565e-22f,-0.000015625f,0.6875f,-0.0000020394717534383057f,0.000015491325958965787f,0f,1.5542592261912225f,0.000015491325958965787f,0.0000020394717534383057f,-5.382957575621355e-21f,-0.24693590934595872f,0f,0f,0f,1f],start_interpolation:0}