execute if entity @s[tag=aj.ecual.bone.wing_right_1] run data modify entity @s {} merge value {transformation:[0.4163715322078468f,0.030291960016590992f,-0.7018985601706901f,-0.33769326403539063f,-0.25088932617793896f,0.7685188437370193f,-0.11566234164817459f,1.4701059885644014f,0.6562268949237863f,0.27460085291912806f,0.4011297525729271f,-0.21965216130557474f,0f,0f,0f,1f],start_interpolation:0}
execute if entity @s[tag=aj.ecual.bone.wing_right_2] run data modify entity @s {} merge value {transformation:[0.3881822378051352f,-0.12867170471062694f,-0.6875740997590434f,-0.33769326403539063f,0.061036325463366445f,0.7895804263478305f,-0.11330188569617103f,1.4701059885644014f,0.6968422470161575f,0.002518478755008935f,0.392943431091847f,-0.21965216130557474f,0f,0f,0f,1f],start_interpolation:0}
execute if entity @s[tag=aj.ecual.bone.wing_left_1] run data modify entity @s {} merge value {transformation:[-0.40150379002362724f,0.027670375927295682f,-0.7106148755388882f,-0.33687362884992333f,-0.015604882499135041f,0.8155089629293393f,0.04057170773514464f,1.4554145830067486f,0.7109821648137846f,0.03352500741834284f,-0.40040589361140627f,-0.14428008144532778f,0f,0f,0f,1f],start_interpolation:0}
execute if entity @s[tag=aj.ecual.bone.wing_left_2] run data modify entity @s {} merge value {transformation:[-0.3737437991149994f,-0.1254707799161265f,-0.6961125311401355f,-0.33687362884992333f,-0.31983555977778494f,0.7322060174042444f,0.03974371369973353f,1.4554145830067486f,0.6308888866707973f,0.2968693845182665f,-0.39223434476219393f,-0.14428008144532778f,0f,0f,0f,1f],start_interpolation:0}
execute if entity @s[tag=aj.ecual.bone.staff] run data modify entity @s {} merge value {transformation:[-0.08162716020382543f,-0.014759403373222122f,1.560296579733842f,-0.00751848057226579f,1.5326480397247562f,0.2924312609906841f,0.08294693438132776f,1.5454180261909705f,-0.2928023959002401f,1.5348199788924644f,-0.0007995921548911905f,0.6713143966498163f,0f,0f,0f,1f],start_interpolation:0}
execute if entity @s[tag=aj.ecual.bone.arm_right_2] run data modify entity @s {} merge value {transformation:[-0.00944601815886259f,-0.9985898110296588f,0.052241382530448056f,-0.005196007062473173f,0.18715600703403762f,-0.05308603800404964f,-0.9808947454238439f,1.5092966026056203f,0.9822847864911771f,0.000511738979129884f,0.18739353337615344f,0.4815792271454806f,0f,0f,0f,1f],start_interpolation:0}
execute if entity @s[tag=aj.ecual.bone.arm_right_1] run data modify entity @s {} merge value {transformation:[0.005137627160813051f,-0.9985898110296588f,0.05283932337669211f,-0.009084593635899774f,-0.0870396857352247f,-0.05308603800404964f,-0.994789407702025f,1.5319809892924838f,0.9961915969803548f,0.000511738979129884f,-0.08718967960112849f,0.1320285283159681f,0f,0f,0f,1f],start_interpolation:0}
execute if entity @s[tag=aj.ecual.bone.arm_left_2] run data modify entity @s {} merge value {transformation:[-0.977923504731278f,-0.025817134921341467f,-0.20736223001922854f,0.25302277743246565f,0.17021946160335727f,0.4771725636665902f,-0.8621668512389682f,1.4527071001856573f,0.12120624482904097f,-0.8784303159774868f,-0.4622436870159887f,-0.588461034550384f,0f,0f,0f,1f],start_interpolation:0}
execute if entity @s[tag=aj.ecual.bone.arm_left_1] run data modify entity @s {} merge value {transformation:[-0.7547799653237461f,-0.025817134921341467f,-0.6554698158499277f,0.009997224217036119f,0.5668640793950983f,0.4771725636665902f,-0.6715440863974618f,1.6383061277262922f,0.33010955671932996f,-0.8784303159774868f,-0.3455254846379067f,-0.4555967820770228f,0f,0f,0f,1f],start_interpolation:0}
execute if entity @s[tag=aj.ecual.bone.himo_right_2] run data modify entity @s {} merge value {transformation:[0.07508426488111948f,-0.571741690800798f,-0.816990692827958f,0.25545790814672326f,-0.3824529699528626f,0.7401367543866827f,-0.5531069612472637f,1.3493026398530321f,0.9209191489710139f,0.35399014648178f,-0.16309168357801465f,-0.05132726690999265f,0f,0f,0f,1f],start_interpolation:0}
execute if entity @s[tag=aj.ecual.bone.himo_right_1] run data modify entity @s {} merge value {transformation:[0.01067303922636526f,-0.30868662082171855f,-0.9511039145957403f,0.19163476727642767f,-0.19130699924488073f,0.932958062392127f,-0.30494407004801277f,1.5223263761137558f,0.9814722198175512f,0.18520751589284032f,-0.04909641313998039f,-0.01690771026220997f,0f,0f,0f,1f],start_interpolation:0}
execute if entity @s[tag=aj.ecual.bone.himo_left_2] run data modify entity @s {} merge value {transformation:[0.023359529940929838f,-0.5405809958058312f,-0.8409676089686896f,0.20396079172285925f,-0.43071409492697577f,0.7536815837568227f,-0.4964367419289629f,1.404673462701974f,0.9021860677222714f,0.37381313149671924f,-0.21523020682153696f,-0.382493717163782f,0f,0f,0f,1f],start_interpolation:0}
execute if entity @s[tag=aj.ecual.bone.himo_left_1] run data modify entity @s {} merge value {transformation:[0.017153554081176112f,-0.05024086872392204f,-0.9985898110296589f,0.18829944251818853f,-0.31351945326428377f,0.9480967382044394f,-0.05308603800404997f,1.582109813377781f,0.9494268313078416f,0.313987945813161f,0.0005117389791298339f,-0.3236177789551947f,0f,0f,0f,1f],start_interpolation:0}
execute if entity @s[tag=aj.ecual.bone.ponpon1] run data modify entity @s {} merge value {transformation:[-0.9689253302098996f,-0.04086483143336994f,-0.2439544425288452f,0.24964108105085625f,-0.05636749190909979f,0.996787072227369f,0.05690552254629738f,2.248419998314997f,0.2408451999387052f,0.06888830228937169f,-0.9681156911620498f,-0.1487154502738176f,0f,0f,0f,1f],start_interpolation:0}
execute if entity @s[tag=aj.ecual.bone.ponpon2] run data modify entity @s {} merge value {transformation:[-0.9689253302098996f,-0.04086483143336994f,-0.2439544425288452f,0.26821315587581945f,-0.05636749190909979f,0.996787072227369f,0.05690552254629738f,2.1312702879718826f,0.2408451999387052f,0.06888830228937169f,-0.9681156911620498f,-0.25711902910413265f,0f,0f,0f,1f],start_interpolation:0}
execute if entity @s[tag=aj.ecual.bone.ponpon3] run data modify entity @s {} merge value {transformation:[-0.9689253302098996f,-0.04086483143336994f,-0.2439544425288452f,-0.3196025504474598f,-0.05636749190909979f,0.996787072227369f,0.05690552254629738f,2.215304096818401f,0.2408451999387052f,0.06888830228937169f,-0.9681156911620498f,-0.007218895309828305f,0f,0f,0f,1f],start_interpolation:0}
execute if entity @s[tag=aj.ecual.bone.ponpon4] run data modify entity @s {} merge value {transformation:[-0.9689253302098996f,-0.04086483143336994f,-0.2439544425288452f,-0.37369987538823896f,-0.05636749190909979f,0.996787072227369f,0.05690552254629738f,2.093926824582104f,0.2408451999387052f,0.06888830228937169f,-0.9681156911620498f,-0.09755908414474049f,0f,0f,0f,1f],start_interpolation:0}
execute if entity @s[tag=aj.ecual.bone.ear_edge_a1] run data modify entity @s {} merge value {transformation:[-0.9566806639436863f,0.2071441234516858f,-0.20458108259489796f,0.15377864502226046f,0.09251253067907221f,0.8825625844156286f,0.46100403062984147f,2.325768482451672f,0.27604988481001286f,0.422107328423754f,-0.863493986306413f,-0.099129350832767f,0f,0f,0f,1f],start_interpolation:0}
execute if entity @s[tag=aj.ecual.bone.ear_edge_a2] run data modify entity @s {} merge value {transformation:[-0.9773068175883862f,0.054936007677666474f,-0.20458108259489796f,0.041761158719460525f,-0.04668965784691286f,0.8861689227191271f,0.46100403062984147f,2.3293207970738488f,0.20661911853794954f,0.4600942028185761f,-0.863493986306413f,-0.07069337980614114f,0f,0f,0f,1f],start_interpolation:0}
execute if entity @s[tag=aj.ecual.bone.ear_edge_b1] run data modify entity @s {} merge value {transformation:[-0.9226293637083697f,0.3677553811269557f,-0.11623698583177715f,0.00730637605779301f,0.11973746345560057f,0.5595990340642297f,0.8200682050412633f,2.3516716768287957f,0.36663060028904826f,0.7427010843714641f,-0.560336597238788f,-0.12026575507412109f,0f,0f,0f,1f],start_interpolation:0}
execute if entity @s[tag=aj.ecual.bone.ear_edge_b2] run data modify entity @s {} merge value {transformation:[-0.9911153310211614f,0.06464799872816837f,-0.11623698583177715f,0.03729008111589269f,-0.059048516697550374f,0.5692112189303892f,0.8200682050412633f,2.357950606641508f,0.11917916466661907f,0.8196457920981619f,-0.560336597238788f,-0.11729622709885047f,0f,0f,0f,1f],start_interpolation:0}
execute if entity @s[tag=aj.ecual.bone.ear_right_2] run data modify entity @s {} merge value {transformation:[-0.968799881537729f,0.21889667118808792f,-0.11623698583177715f,0.10452574298183051f,0.030722721056665354f,0.5714405073944921f,0.8200682050412633f,2.444590911744138f,0.2459327223924399f,0.7909108634046567f,-0.560336597238788f,-0.06021323631856208f,0f,0f,0f,1f],start_interpolation:0}
execute if entity @s[tag=aj.ecual.bone.ear_right_1] run data modify entity @s {} merge value {transformation:[-0.968799881537729f,0.13990486116208464f,-0.20458108259489796f,0.07304714922036151f,0.030722721056665354f,0.8868660542347498f,0.46100403062984147f,2.2450460495413194f,0.2459327223924399f,0.4403353627285723f,-0.863493986306413f,-0.1592886929324907f,0f,0f,0f,1f],start_interpolation:0}
execute if entity @s[tag=aj.ecual.bone.ear_edge_a3] run data modify entity @s {} merge value {transformation:[-0.9506035835113731f,-0.19193503324243988f,-0.2439544425288452f,-0.2338517971233095f,-0.21160536695011506f,0.9756971508524761f,0.05690552254629738f,2.3285314529767427f,0.2271034911515963f,0.10571666298452453f,-0.9681156911620498f,-0.04476710952301033f,0f,0f,0f,1f],start_interpolation:0}
execute if entity @s[tag=aj.ecual.bone.ear_edge_a4] run data modify entity @s {} merge value {transformation:[-0.9689253302098997f,-0.04086483143336994f,-0.2439544425288452f,-0.12265793191567102f,-0.05636749190909977f,0.996787072227369f,0.05690552254629738f,2.3450691480591024f,0.2408451999387052f,0.06888830228937169f,-0.9681156911620498f,-0.07181465297058463f,0f,0f,0f,1f],start_interpolation:0}
execute if entity @s[tag=aj.ecual.bone.ear_edge_b3] run data modify entity @s {} merge value {transformation:[-0.9302580094995025f,-0.27405522387370074f,-0.2439544425288452f,-0.10083902511901466f,-0.2958377545227843f,0.9535417056965309f,0.05690552254629738f,2.3420223933961974f,0.21702547952012582f,0.12510775261703883f,-0.9681156911620498f,-0.07749186330867233f,0f,0f,0f,1f],start_interpolation:0}
execute if entity @s[tag=aj.ecual.bone.ear_edge_b4] run data modify entity @s {} merge value {transformation:[-0.969415663344465f,0.02682352759894728f,-0.2439544425288452f,-0.12945064071129514f,0.013302167700482537f,0.9982909464871456f,0.05690552254629738f,2.3503507263817855f,0.24506391818641785f,0.05191998198138585f,-0.9681156911620498f,-0.06979251607135836f,0f,0f,0f,1f],start_interpolation:0}
execute if entity @s[tag=aj.ecual.bone.ear_left_2] run data modify entity @s {} merge value {transformation:[-0.9616766720660626f,-0.1251567352337998f,-0.2439544425288452f,-0.1973444487597183f,-0.1430287142258145f,0.9880812458551386f,0.05690552254629738f,2.45327245688145f,0.23392470008712912f,0.08961720378907963f,-0.9681156911620498f,-0.07891352209527151f,0f,0f,0f,1f],start_interpolation:0}
execute if entity @s[tag=aj.ecual.bone.ear_left_1] run data modify entity @s {} merge value {transformation:[-0.9616766720660626f,-0.1251567352337998f,-0.2439544425288452f,-0.16918418333211338f,-0.1430287142258145f,0.9880812458551386f,0.05690552254629738f,2.2309541765640444f,0.23392470008712912f,0.08961720378907963f,-0.9681156911620498f,-0.0990773929478144f,0f,0f,0f,1f],start_interpolation:0}
execute if entity @s[tag=aj.ecual.bone.head] run data modify entity @s {} merge value {transformation:[-0.9689253302098996f,-0.04086483143336994f,-0.2439544425288452f,-0.019501714617247427f,-0.05636749190909979f,0.996787072227369f,0.05690552254629738f,1.7253684409565833f,0.2408451999387052f,0.06888830228937169f,-0.9681156911620498f,-0.1342346825146415f,0f,0f,0f,1f],start_interpolation:0}
execute if entity @s[tag=aj.ecual.bone.body_1] run data modify entity @s {} merge value {transformation:[0.01067303922636526f,-0.05200457231265987f,-0.9985898110296589f,2.523826963209482e-17f,-0.19130699924488073f,0.9800936203286662f,-0.05308603800404997f,1.3578333333333334f,0.9814722198175512f,0.1916038095905861f,0.0005117389791298339f,-0.20608611111111128f,0f,0f,0f,1f],start_interpolation:0}
execute if entity @s[tag=aj.ecual.bone.leg_left_2] run data modify entity @s {} merge value {transformation:[0.011915868687918732f,-0.45599681818961396f,-0.8899016315719175f,0.27295203847765587f,-0.19835143094434765f,0.8712016228746315f,-0.4490706427088481f,0.7800292870907635f,0.9800585298418364f,0.18186432883211737f,-0.08006649725510365f,-0.43195802658198823f,0f,0f,0f,1f],start_interpolation:0}
execute if entity @s[tag=aj.ecual.bone.leg_left_1] run data modify entity @s {} merge value {transformation:[0.011915868687918732f,-0.610532800784314f,-0.7919013267067265f,0.040186408178636154f,-0.19835143094434765f,0.7747766466120197f,-0.6003147988405443f,1.075412883611596f,0.9800585298418364f,0.1642280336334048f,-0.11186791789053417f,-0.3693460887592527f,0f,0f,0f,1f],start_interpolation:0}
execute if entity @s[tag=aj.ecual.bone.leg_right_2] run data modify entity @s {} merge value {transformation:[-0.051226563672297214f,0.01175905943240406f,-0.9986178266462066f,0.3151593323536892f,0.1684301960116812f,0.9857091183032091f,0.0029670128709907984f,1.1829929413836882f,0.9843815867059861f,-0.16804540640902732f,-0.05247507159623609f,-0.11269707374842665f,0f,0f,0f,1f],start_interpolation:0}
execute if entity @s[tag=aj.ecual.bone.leg_right_1] run data modify entity @s {} merge value {transformation:[-0.051226563672297214f,-0.994616815988831f,-0.09007346183292905f,-0.0040393723963370555f,0.1684301960116812f,0.08029571263326135f,-0.9824377169083969f,1.0961825068220648f,0.9843815867059861f,-0.06549799909124521f,0.16341023183769282f,-0.11445447584460713f,0f,0f,0f,1f],start_interpolation:0}
execute if entity @s[tag=aj.ecual.bone.skirt_forward_right] run data modify entity @s {} merge value {transformation:[-0.08790565355841762f,-0.7413207767862229f,-0.6653691471488129f,0.009659863059567377f,-0.03374828143818823f,0.6697878532210778f,-0.741785201508812f,1.2481790462723146f,0.9955569544593801f,-0.0427520477003292f,-0.08389644119384611f,-0.22052237187385965f,0f,0f,0f,1f],start_interpolation:0}
execute if entity @s[tag=aj.ecual.bone.skirt_forward_left] run data modify entity @s {} merge value {transformation:[0.08790565355841695f,-0.6931011511893864f,-0.7154602646495576f,0.012769696451362576f,-0.2250707636643325f,0.6858471869619208f,-0.6920670397295152f,1.210751581738131f,0.9703688718296881f,0.22186579356982325f,-0.09570696018373377f,-0.2254497910581486f,0f,0f,0f,1f],start_interpolation:0}
execute if entity @s[tag=aj.ecual.bone.skirt_forward] run data modify entity @s {} merge value {transformation:[-3.41561960149953e-16f,-0.6734713704833958f,-0.739213306927856f,0.009659863059567377f,-0.13052619222005157f,0.7328892346127642f,-0.6677097295481405f,1.2481790462723146f,0.9914448613738104f,0.0964866981916851f,-0.08790565355841755f,-0.22052237187385965f,0f,0f,0f,1f],start_interpolation:0}
execute if entity @s[tag=aj.ecual.bone.skirt_back_right] run data modify entity @s {} merge value {transformation:[-0.0027916863186813533f,-0.10155207161708348f,-0.9948263080748201f,0.014946835099741946f,-0.0436637265023892f,0.9938937713643097f,-0.10133434872319472f,1.2723569731879039f,0.9990423842237238f,0.043154930118217534f,-0.007208781524579729f,-0.2173392874089368f,0f,0f,0f,1f],start_interpolation:0}
execute if entity @s[tag=aj.ecual.bone.skirt_back_left] run data modify entity @s {} merge value {transformation:[0.0027916863186806724f,-0.10155207161708353f,-0.9948263080748201f,0.014946835099741946f,-0.21639527480104964f,0.9711969801532923f,-0.09974723447246078f,1.2723569731879039f,0.9763018444780672f,0.21555417530496737f,-0.019264111121956726f,-0.2173392874089368f,0f,0f,0f,1f],start_interpolation:0}
execute if entity @s[tag=aj.ecual.bone.skirt_back] run data modify entity @s {} merge value {transformation:[-3.41561960149953e-16f,-0.032031008292405655f,-0.9994868756055639f,0.014946835099741946f,-0.13052619222005157f,0.9909361268297012f,-0.031756978576127415f,1.2723569731879039f,0.9914448613738104f,0.13045921604671062f,-0.00418088554537694f,-0.2173392874089368f,0f,0f,0f,1f],start_interpolation:0}
execute if entity @s[tag=aj.ecual.bone.skirt_right] run data modify entity @s {} merge value {transformation:[-0.031129649701096863f,-0.4093105590547435f,-0.9118639214026293f,0.015816347417678178f,0.04968038845695147f,0.9105448006512321f,-0.41041445516669395f,1.2711150476477964f,0.9982799226230353f,-0.05807781205676735f,-0.008010233108056323f,-0.022080928895704927f,0f,0f,0f,1f],start_interpolation:0}
execute if entity @s[tag=aj.ecual.bone.skirt_left] run data modify entity @s {} merge value {transformation:[0.02229661110068914f,-0.3786034798159962f,-0.9252903685895814f,0.005397042472902413f,-0.25691699471826257f,0.8922683628239547f,-0.3712826773879922f,1.3123562570190626f,0.9661762359726929f,0.24600116620593138f,-0.07737510754086781f,-0.4074951429032622f,0f,0f,0f,1f],start_interpolation:0}
execute if entity @s[tag=aj.ecual.bone.coat_downer] run data modify entity @s {} merge value {transformation:[-3.41561960149953e-16f,-0.25604568209533474f,-0.9666646826487119f,0.0381678110582696f,-0.13052619222005157f,0.9583947322836106f,-0.2538551757903718f,1.1385436063709637f,0.9914448613738104f,0.12617506017974084f,-0.0334206679182902f,-0.22707623760643286f,0f,0f,0f,1f],start_interpolation:0}
execute if entity @s[tag=aj.ecual.bone.body_2] run data modify entity @s {} merge value {transformation:[-3.41561960149953e-16f,-0.17082097256847925f,-0.9853020832875362f,2.523826963209482e-17f,-0.13052619222005157f,0.9768726873763379f,-0.16935957546789532f,1.3578333333333334f,0.9914448613738104f,0.12860772911800616f,-0.02229661110068981f,-0.20608611111111128f,0f,0f,0f,1f],start_interpolation:0}
execute if entity @s[tag=aj.ecual.bone.book_left] run data modify entity @s {} merge value {transformation:[-0.07999412443427967f,-0.7329629490645151f,-0.675548854898476f,-0.879518599062895f,0.36972112358561704f,0.6075607962628502f,-0.7029766494123687f,2.5242339051646474f,0.925692838273356f,-0.3059986832375275f,0.22239059113711934f,-0.7108403819649453f,0f,0f,0f,1f],start_interpolation:0}
execute if entity @s[tag=aj.ecual.bone.book_right] run data modify entity @s {} merge value {transformation:[-0.4914820750284472f,-0.7329629490645151f,-0.4703304000640199f,-0.9079814009371049f,-0.16195270552492794f,0.6075607962628502f,-0.7775867797343313f,2.5345819674715977f,0.8556966115971756f,-0.3059986832375275f,-0.41731057350372935f,-0.6221169407785206f,0f,0f,0f,1f],start_interpolation:0}
execute if entity @s[tag=aj.ecual.bone.book_loot_1] run data modify entity @s {} merge value {transformation:[-0.30360321999157225f,-0.7329629490645151f,-0.6087613654868369f,-0.8024357951769744f,0.11037933127413563f,0.6075607962628502f,-0.7865661333110688f,2.647392856314783f,0.9463833726551959f,-0.3059986832375275f,-0.10355345391958543f,-0.6509456432837951f,0f,0f,0f,1f],start_interpolation:0}
execute if entity @s[tag=aj.ecual.bone.book_left2] run data modify entity @s {} merge value {transformation:[-0.8720202367158576f,-0.015824060643179767f,0.48921396736272765f,0.6693811465083535f,0.06388863208686081f,0.9872468826595093f,0.14581438670155553f,1.8573206172830308f,-0.48528233993015735f,0.15840830718065899f,-0.8598882827251855f,-0.7258904967535517f,0f,0f,0f,1f],start_interpolation:0}
execute if entity @s[tag=aj.ecual.bone.book_right2] run data modify entity @s {} merge value {transformation:[-0.8720202367158576f,-0.015824060643179767f,0.48921396736272765f,0.7511330437004651f,0.06388863208686081f,0.9872468826595093f,0.14581438670155553f,1.8513310580248876f,-0.48528233993015735f,0.15840830718065899f,-0.8598882827251855f,-0.6803952773850994f,0f,0f,0f,1f],start_interpolation:0}
execute if entity @s[tag=aj.ecual.bone.book_loot_2] run data modify entity @s {} merge value {transformation:[-0.8720202367158576f,-0.015824060643179767f,0.48921396736272765f,0.6368750000000001f,0.06388863208686081f,0.9872468826595093f,0.14581438670155553f,1.8324536796487259f,-0.48528233993015735f,0.15840830718065899f,-0.8598882827251855f,-0.5741596446605477f,0f,0f,0f,1f],start_interpolation:0}
execute if entity @s[tag=aj.ecual.bone.air_staff_povit_1] run data modify entity @s {} merge value {transformation:[-5.3369056273430165e-21f,-7.0261695522793565e-22f,-0.000015625f,0.6875f,-0.0000020394717534383057f,0.000015491325958965787f,0f,1.521592559524556f,0.000015491325958965787f,0.0000020394717534383057f,-5.382957575621355e-21f,-0.17724702045707005f,0f,0f,0f,1f],start_interpolation:0}