execute if entity @s[tag=aj.ecual.bone.wing_right_1] run data modify entity @s {} merge value {transformation:[0.6178768022828103f,0.06614005489086507f,-0.5299039486399841f,-0.3128624936856343f,-0.23015541951031412f,0.7642328315920115f,-0.1729771847132796f,1.5352976233938436f,0.48187258120300297f,0.2802108432954265f,0.5968459962409612f,-0.1319949501619527f,0f,0f,0f,1f],start_interpolation:0}
execute if entity @s[tag=aj.ecual.bone.wing_right_2] run data modify entity @s {} merge value {transformation:[0.5839880174351639f,-0.17176728733078384f,-0.5190895823412089f,-0.3128624936856343f,0.07819431353886805f,0.7779288853191564f,-0.16944703808647799f,1.5352976233938436f,0.5411502978122915f,0.0729564828450431f,0.5846654657054314f,-0.1319949501619527f,0f,0f,0f,1f],start_interpolation:0}
execute if entity @s[tag=aj.ecual.bone.wing_left_1] run data modify entity @s {} merge value {transformation:[-0.6041687452416886f,0.06372295458142468f,-0.5457691423825112f,-0.3113364357561559f,-0.019233288442405502f,0.8082067894880997f,0.11565600064620202f,1.5075342712169475f,0.5491399205423141f,0.0984155217899938f,-0.5964094040020064f,-0.017216845653049304f,0f,0f,0f,1f],start_interpolation:0}
execute if entity @s[tag=aj.ecual.bone.wing_left_2] run data modify entity @s {} merge value {transformation:[-0.5706757781794153f,-0.16881603493995856f,-0.5346309966196028f,-0.3113364357561559f,-0.3203819655153305f,0.7242371755179488f,0.11329567410240199f,1.5075342712169475f,0.46009189557288716f,0.29492653313144745f,-0.5842377835121696f,-0.017216845653049304f,0f,0f,0f,1f],start_interpolation:0}
execute if entity @s[tag=aj.ecual.bone.staff] run data modify entity @s {} merge value {transformation:[-0.08293998521466582f,0.0058774752320992435f,1.5602860840683952f,-0.0019386056101368904f,1.5571791797459253f,-0.09841782030990494f,0.08314556399023448f,1.4970045404715426f,0.09859113052601617f,1.5593863017002372f,-0.0006332860797018512f,0.7660647478288108f,0f,0f,0f,1f],start_interpolation:0}
execute if entity @s[tag=aj.ecual.bone.arm_right_2] run data modify entity @s {} merge value {transformation:[0.003761584148543084f,-0.9985830938037729f,0.053081590537385905f,-0.0021672684842705308f,-0.06298740499833941f,-0.05321316095374982f,-0.9965946750373922f,1.5091999829689664f,0.9980072330881518f,0.0004053030910087555f,-0.06309832353665057f,0.5732933688135197f,0f,0f,0f,1f],start_interpolation:0}
execute if entity @s[tag=aj.ecual.bone.arm_right_1] run data modify entity @s {} merge value {transformation:[0.012921958697572292f,-0.9985830938037729f,0.05162196967090178f,-0.008323161420421695f,-0.23508733397729437f,-0.05321316095374982f,-0.9705165144935755f,1.575211252793368f,0.9718883518114959f,0.0004053030910087555f,-0.23544185554513908f,0.24143730760123944f,0f,0f,0f,1f],start_interpolation:0}
execute if entity @s[tag=aj.ecual.bone.arm_left_2] run data modify entity @s {} merge value {transformation:[-0.9782905153418471f,-0.02784691670861711f,-0.20535875151063482f,0.25284113085830917f,0.16187639020120898f,0.5160467197432463f,-0.841125327961096f,1.5289917541126905f,0.12939745703687236f,-0.8561076639489091f,-0.5003358530430656f,-0.48210454953736614f,0f,0f,0f,1f],start_interpolation:0}
execute if entity @s[tag=aj.ecual.bone.arm_left_1] run data modify entity @s {} merge value {transformation:[-0.7560722656914021f,-0.02784691670861711f,-0.6538954643382177f,0.009412577792723873f,0.5493659318189587f,0.5160467197432463f,-0.657185556748566f,1.7077607419615322f,0.35574120088760763f,-0.8561076639489091f,-0.374870465252978f,-0.3408759523592582f,0f,0f,0f,1f],start_interpolation:0}
execute if entity @s[tag=aj.ecual.bone.himo_right_2] run data modify entity @s {} merge value {transformation:[0.012921958697572292f,-0.5800758328389777f,-0.8144599751612013f,0.25581065515764123f,-0.23508733397729437f,0.7899339158046726f,-0.5663376678845797f,1.4009731998849038f,0.9718883518114959f,0.19878741614514417f,-0.12616098761293443f,0.04947926503763804f,0f,0f,0f,1f],start_interpolation:0}
execute if entity @s[tag=aj.ecual.bone.himo_right_1] run data modify entity @s {} merge value {transformation:[0.012921958697572292f,-0.3083153165028486f,-0.9511964511041694f,0.19205655549395612f,-0.23508733397729437f,0.923674386684457f,-0.30258812400115814f,1.5722709716132321f,0.9718883518114959f,0.2275242690194619f,-0.06054534350627843f,0.09176165708187291f,0f,0f,0f,1f],start_interpolation:0}
execute if entity @s[tag=aj.ecual.bone.himo_left_2] run data modify entity @s {} merge value {transformation:[0.012921958697572292f,-0.5439974840302774f,-0.8389873421882754f,0.2039387070505325f,-0.23508733397729437f,0.8138853758668897f,-0.5313422064484054f,1.464096499269552f,0.9718883518114959f,0.20410127956174093f,-0.11736992499952363f,-0.25610133391825196f,0f,0f,0f,1f],start_interpolation:0}
execute if entity @s[tag=aj.ecual.bone.himo_left_1] run data modify entity @s {} merge value {transformation:[0.012921958697572292f,-0.051621969670902004f,-0.9985830938037729f,0.1880184434009648f,-0.23508733397729437f,0.9705165144935755f,-0.05321316095375003f,1.6457357634811365f,0.9718883518114959f,0.23544185554513908f,0.00040530309100870326f,-0.21195345285921957f,0f,0f,0f,1f],start_interpolation:0}
execute if entity @s[tag=aj.ecual.bone.ponpon1] run data modify entity @s {} merge value {transformation:[-0.968370411979196f,-0.02825087238180195f,-0.24791255194707199f,0.25613336884666243f,-0.06725460285119353f,0.9863496696054133f,0.15030351847052797f,2.2992225949002325f,0.24028225818518253f,0.16222274032625408f,-0.9570518371135756f,0.017115314592889737f,0f,0f,0f,1f],start_interpolation:0}
execute if entity @s[tag=aj.ecual.bone.ponpon2] run data modify entity @s {} merge value {transformation:[-0.968370411979196f,-0.02825087238180195f,-0.24791255194707199f,0.2727368165985695f,-0.06725460285119353f,0.9863496696054133f,0.15030351847052797f,2.1925418886630874f,0.24028225818518253f,0.16222274032625408f,-0.9570518371135756f,-0.10189672235923405f,0f,0f,0f,1f],start_interpolation:0}
execute if entity @s[tag=aj.ecual.bone.ponpon3] run data modify entity @s {} merge value {transformation:[-0.968370411979196f,-0.02825087238180195f,-0.24791255194707199f,-0.3127842481911152f,-0.06725460285119353f,0.9863496696054133f,0.15030351847052797f,2.259710515725156f,0.24028225818518253f,0.16222274032625408f,-0.9570518371135756f,0.1582811412766845f,0f,0f,0f,1f],start_interpolation:0}
execute if entity @s[tag=aj.ecual.bone.ponpon4] run data modify entity @s {} merge value {transformation:[-0.968370411979196f,-0.02825087238180195f,-0.24791255194707199f,-0.3688085813376478f,-0.06725460285119353f,0.9863496696054133f,0.15030351847052797f,2.1479857142741716f,0.24028225818518253f,0.16222274032625408f,-0.9570518371135756f,0.05729027368844934f,0f,0f,0f,1f],start_interpolation:0}
execute if entity @s[tag=aj.ecual.bone.ear_edge_a1] run data modify entity @s {} merge value {transformation:[-0.951150878607823f,0.26253868799713537f,-0.1624359671634008f,0.1648622161550616f,0.0672412851882348f,0.6896869485229832f,0.7209788641862466f,2.351017965235129f,0.30131481160042733f,0.6748372769355578f,-0.6736497858445443f,0.08885945770404928f,0f,0f,0f,1f],start_interpolation:0}
execute if entity @s[tag=aj.ecual.bone.ear_edge_a2] run data modify entity @s {} merge value {transformation:[-0.9805107321569639f,0.11051362222235486f,-0.1624359671634008f,0.05303576380872697f,-0.04147737545037009f,0.6917146121938286f,0.7209788641862466f,2.3532110661519643f,0.1920373178597425f,0.7136649315896334f,-0.6736497858445443f,0.11817115313439797f,0f,0f,0f,1f],start_interpolation:0}
execute if entity @s[tag=aj.ecual.bone.ear_edge_b1] run data modify entity @s {} merge value {transformation:[-0.9157873915385301f,0.40039237431183133f,-0.03192804553977091f,0.019674390893145557f,0.04952537003252978f,0.19144292312020578f,0.9802534595247965f,2.401627712506107f,0.3985984084541686f,0.896122510475061f,-0.19515059568876109f,0.07356200733561497f,0f,0f,0f,1f],start_interpolation:0}
execute if entity @s[tag=aj.ecual.bone.ear_edge_b2] run data modify entity @s {} merge value {transformation:[-0.9946936143441513f,0.09780190944444572f,-0.03192804553977091f,0.05002794695581746f,-0.012057690805593956f,0.19737722052482326f,0.9802534595247965f,2.403554673249114f,0.10217252896647863f,0.9754368351292235f,-0.19515059568876109f,0.078275189025847f,0f,0f,0f,1f],start_interpolation:0}
execute if entity @s[tag=aj.ecual.bone.ear_right_2] run data modify entity @s {} merge value {transformation:[-0.9671476959682996f,0.25220216908508153f,-0.03192804553977091f,0.12346102429984492f,0.018967359280742058f,0.19683341782223684f,0.9802534595247965f,2.45479751746841f,0.2535065550732859f,0.9474442841334771f,-0.19515059568876109f,0.16352422772631f,0f,0f,0f,1f],start_interpolation:0}
execute if entity @s[tag=aj.ecual.bone.ear_right_1] run data modify entity @s {} merge value {transformation:[-0.9671476959682996f,0.19555022565801433f,-0.1624359671634008f,0.07946222352679176f,0.018967359280742058f,0.6926974207246804f,0.7209788641862466f,2.298940597805357f,0.2535065550732859f,0.6942120659902671f,-0.6736497858445443f,0.007326512878500172f,0f,0f,0f,1f],start_interpolation:0}
execute if entity @s[tag=aj.ecual.bone.ear_edge_a3] run data modify entity @s {} merge value {transformation:[-0.952028755181195f,-0.17938956462190048f,-0.24791255194707199f,-0.22582791746751607f,-0.22072566999481166f,0.9636851306006133f,0.15030351847052797f,2.3749390310391982f,0.21194675726107753f,0.1978139357174915f,-0.9570518371135756f,0.13099597910975114f,0f,0f,0f,1f],start_interpolation:0}
execute if entity @s[tag=aj.ecual.bone.ear_edge_a4] run data modify entity @s {} merge value {transformation:[-0.968370411979196f,-0.028250872381801947f,-0.24791255194707199f,-0.11457085482950076f,-0.06725460285119353f,0.9863496696054133f,0.15030351847052797f,2.392625576424516f,0.24028225818518253f,0.1622227403262541f,-0.9570518371135756f,0.10495384497113197f,0f,0f,0f,1f],start_interpolation:0}
execute if entity @s[tag=aj.ecual.bone.ear_edge_b3] run data modify entity @s {} merge value {transformation:[-0.9327711675965902f,-0.2616817064442693f,-0.24791255194707199f,-0.09281883128373056f,-0.3038764355139501f,0.9407805080223102f,0.15030351847052797f,2.3898670878151425f,0.19389961536792816f,0.21553357102247322f,-0.9570518371135756f,0.09888603340053959f,0f,0f,0f,1f],start_interpolation:0}
execute if entity @s[tag=aj.ecual.bone.ear_edge_b4] run data modify entity @s {} merge value {transformation:[-0.9679821915632913f,0.03936805054125081f,-0.24791255194707199f,-0.12128814018094454f,0.0017135008115041206f,0.9886384153219765f,0.15030351847052797f,2.397774138734608f,0.2510130290070559f,0.14506633084983195f,-0.9570518371135756f,0.10750244922569463f,0f,0f,0f,1f],start_interpolation:0}
execute if entity @s[tag=aj.ecual.bone.ear_left_2] run data modify entity @s {} merge value {transformation:[-0.9622232444368892f,-0.11254241179412021f,-0.24791255194707199f,-0.18795242212168425f,-0.15296471684599203f,0.9767346864607631f,0.15030351847052797f,2.5018922515462303f,0.22522926822589562f,0.18254741250414247f,-0.9570518371135756f,0.10847024523822779f,0f,0f,0f,1f],start_interpolation:0}
execute if entity @s[tag=aj.ecual.bone.ear_left_1] run data modify entity @s {} merge value {transformation:[-0.9622232444368892f,-0.11254241179412021f,-0.24791255194707199f,-0.16263037946800724f,-0.15296471684599203f,0.9767346864607631f,0.15030351847052797f,2.282126947092559f,0.22522926822589562f,0.18254741250414247f,-0.9570518371135756f,0.06739707742479581f,0f,0f,0f,1f],start_interpolation:0}
execute if entity @s[tag=aj.ecual.bone.head] run data modify entity @s {} merge value {transformation:[-0.968370411979196f,-0.02825087238180195f,-0.24791255194707199f,-0.01935823862658824f,-0.06725460285119353f,0.9863496696054133f,0.15030351847052797f,1.7803325818239797f,0.24028225818518253f,0.16222274032625408f,-0.9570518371135756f,-0.01586948935575802f,0f,0f,0f,1f],start_interpolation:0}
execute if entity @s[tag=aj.ecual.bone.body_1] run data modify entity @s {} merge value {transformation:[0.012921958697572292f,-0.051621969670902004f,-0.9985830938037729f,1.2755943738563258e-17f,-0.23508733397729437f,0.9705165144935755f,-0.05321316095375003f,1.416388888888889f,0.9718883518114959f,0.23544185554513908f,0.00040530309100870326f,-0.10416018518518518f,0f,0f,0f,1f],start_interpolation:0}
execute if entity @s[tag=aj.ecual.bone.leg_left_2] run data modify entity @s {} merge value {transformation:[0.008216349254611744f,-0.367521174884775f,-0.9299788586931644f,0.22926697918816127f,-0.1990972903557659f,0.9107886725556739f,-0.36169636840486163f,0.8162002890091702f,0.979945284481699f,0.1881280945408958f,-0.06568911223706463f,-0.33355469659713866f,0f,0f,0f,1f],start_interpolation:0}
execute if entity @s[tag=aj.ecual.bone.leg_left_1] run data modify entity @s {} merge value {transformation:[0.008216349254611744f,-0.5308421848496617f,-0.847430862306161f,0.026883396214227757f,-0.1990972903557659f,0.8296235042791646f,-0.5216177816376188f,1.1324942500156017f,0.979945284481699f,0.1730069823203573f,-0.09887276414910975f,-0.26759578458750244f,0f,0f,0f,1f],start_interpolation:0}
execute if entity @s[tag=aj.ecual.bone.leg_right_2] run data modify entity @s {} merge value {transformation:[-0.03553210582290079f,0.04436211467168423f,-0.9983834294686817f,0.30694330824395233f,0.1445512122889935f,0.9887367518407739f,0.03878894926571154f,1.230825084677259f,0.9888591489598366f,-0.14293928200887238f,-0.041544496352892875f,-0.011973506743309815f,0f,0f,0f,1f],start_interpolation:0}
execute if entity @s[tag=aj.ecual.bone.leg_right_1] run data modify entity @s {} merge value {transformation:[-0.03553210582290079f,-0.9918251351475394f,-0.12255762214303638f,-0.015083303880022514f,0.1445512122889935f,0.11624476734259669f,-0.9826454605254368f,1.1551576943982846f,0.9888591489598366f,-0.0526313153458152f,0.139239104289696f,-0.012483660959650741f,0f,0f,0f,1f],start_interpolation:0}
execute if entity @s[tag=aj.ecual.bone.skirt_forward_right] run data modify entity @s {} merge value {transformation:[-0.09417419283964831f,-0.7791451714255759f,-0.6197289917756071f,0.004750551306672137f,-0.03910220126742989f,0.6249100027812952f,-0.7797169398441482f,1.3064175493355679f,0.9947875347324382f,-0.04919644568555206f,-0.08931668641897991f,-0.1186349214221876f,0f,0f,0f,1f],start_interpolation:0}
execute if entity @s[tag=aj.ecual.bone.skirt_forward_left] run data modify entity @s {} merge value {transformation:[0.09282150122203117f,-0.7341950805496287f,-0.6725635677076276f,0.010103905381794242f,-0.21971684383509085f,0.6437246410195145f,-0.7330368988526045f,1.2692397781099385f,0.9711378261843344f,0.21581512977782935f,-0.10156353830457031f,-0.123525785542273f,0f,0f,0f,1f],start_interpolation:0}
execute if entity @s[tag=aj.ecual.bone.skirt_forward] run data modify entity @s {} merge value {transformation:[-0.0006821819701313382f,-0.7163148287756187f,-0.6977768989468738f,0.004750551306672137f,-0.13052619222005157f,0.6918712616053575f,-0.7101246865932385f,1.3064175493355679f,0.991444626679823f,0.0905937273809121f,-0.09396982913115895f,-0.1186349214221876f,0f,0f,0f,1f],start_interpolation:0}
execute if entity @s[tag=aj.ecual.bone.skirt_back_right] run data modify entity @s {} merge value {transformation:[0.0003906635367700918f,-0.05748867681834912f,-0.9983460819874422f,0.011112705069256663f,-0.0436259982346594f,0.9973946857319652f,-0.057450963017723136f,1.3303389515627286f,0.9990478565414324f,0.04357628840676667f,-0.00211835517790646f,-0.11548123072910832f,0f,0f,0f,1f],start_interpolation:0}
execute if entity @s[tag=aj.ecual.bone.skirt_back_left] run data modify entity @s {} merge value {transformation:[-0.0017498356603273331f,-0.05760729930691363f,-0.9983377870949921f,0.011112705069256663f,-0.21643300306877944f,0.9746978945209478f,-0.0558638487669892f,1.3303389515627286f,0.976295904558547f,0.21597549278331327f,-0.014173681921556054f,-0.11548123072910832f,0f,0f,0f,1f],start_interpolation:0}
execute if entity @s[tag=aj.ecual.bone.skirt_back] run data modify entity @s {} merge value {transformation:[-0.0006821819701313382f,0.012279736995041202f,-0.9999243684834831f,0.011112705069256663f,-0.13052619222005157f,0.9913690101548889f,0.012263720848504689f,1.3303389515627286f,0.991444626679823f,0.13052468641543838f,0.0009265332469518134f,-0.11548123072910832f,0f,0f,0f,1f],start_interpolation:0}
execute if entity @s[tag=aj.ecual.bone.skirt_right] run data modify entity @s {} merge value {transformation:[-0.023815097603528866f,-0.41013206595732554f,-0.9117151581495782f,0.012923737562600072f,0.05087497290198903f,0.9102949676880533f,-0.41082211349199266f,1.3290350510209452f,0.9984210425759046f,-0.05616725269569223f,-0.0008133057616764444f,0.07977026095452822f,0f,0f,0f,1f],start_interpolation:0}
execute if entity @s[tag=aj.ecual.bone.skirt_left] run data modify entity @s {} merge value {transformation:[0.015900786510671838f,-0.39296762136406826f,-0.9194148212574171f,0.0023617622380754516f,-0.257772615807921f,0.8868369862883538f,-0.383501549267447f,1.3707440396954218f,0.9660747608378369f,0.24309793974951013f,-0.08719488609809381f,-0.3055897273239599f,0f,0f,0f,1f],start_interpolation:0}
execute if entity @s[tag=aj.ecual.bone.coat_downer] run data modify entity @s {} merge value {transformation:[-0.0006821819701313382f,-0.2129690328230789f,-0.9770587114836866f,0.028371756612353048f,-0.13052619222005157f,0.9687190235857436f,-0.21106010160051047f,1.1956344916257244f,0.991444626679823f,0.12738777178946967f,-0.028458879567197105f,-0.12532362248176712f,0f,0f,0f,1f],start_interpolation:0}
execute if entity @s[tag=aj.ecual.bone.body_2] run data modify entity @s {} merge value {transformation:[-0.0006821819701313382f,-0.12700234364864757f,-0.991902182342347f,1.2755943738563258e-17f,-0.13052619222005157f,0.983427855156119f,-0.125827528178732f,1.416388888888889f,0.991444626679823f,0.12938337764483612f,-0.01724800907119286f,-0.10416018518518518f,0f,0f,0f,1f],start_interpolation:0}
execute if entity @s[tag=aj.ecual.bone.book_left] run data modify entity @s {} merge value {transformation:[-0.17797473136725012f,-0.7327522275057831f,-0.656809841643735f,-0.8791702280962046f,0.26363229018085926f,0.6075607962628502f,-0.7492448828109851f,2.5733259818177143f,0.9480627672094027f,-0.3065029395124372f,0.08504667836832216f,-0.610765395928136f,0f,0f,0f,1f],start_interpolation:0}
execute if entity @s[tag=aj.ecual.bone.book_right] run data modify entity @s {} merge value {transformation:[-0.4185351705743748f,-0.7327522275057831f,-0.536565451811419f,-0.9076940710370585f,-0.047226610034454455f,0.6075607962628502f,-0.792867912170183f,2.5836740441246646f,0.9069718619102426f,-0.3065029395124372f,-0.28889096519846846f,-0.5220615601013975f,0f,0f,0f,1f],start_interpolation:0}
execute if entity @s[tag=aj.ecual.bone.book_loot_1] run data modify entity @s {} merge value {transformation:[-0.30425432470244074f,-0.7327522275057831f,-0.6086899695125384f,-0.8021286541397508f,0.11037933127413563f,0.6075607962628502f,-0.7865661333110688f,2.69648493296785f,0.9461742488185441f,-0.3065029395124372f,-0.10397229892090908f,-0.5508176331766304f,0f,0f,0f,1f],start_interpolation:0}
execute if entity @s[tag=aj.ecual.bone.book_left2] run data modify entity @s {} merge value {transformation:[0.7979909130609472f,-0.007786121507138063f,0.6026191823897016f,0.7649305629252012f,0.07873518878897004f,0.9926934750931878f,-0.0914354119243503f,1.8395601412724611f,-0.5975042030969503f,0.12041196294092399f,0.7927734143260559f,-0.3863410521762318f,0f,0f,0f,1f],start_interpolation:0}
execute if entity @s[tag=aj.ecual.bone.book_right2] run data modify entity @s {} merge value {transformation:[0.7979909130609472f,-0.007786121507138063f,0.6026191823897016f,0.6901189148257374f,0.07873518878897004f,0.9926934750931878f,-0.0914354119243503f,1.8321787173234951f,-0.5975042030969503f,0.12041196294092399f,0.7927734143260559f,-0.3303250331358927f,0f,0f,0f,1f],start_interpolation:0}
execute if entity @s[tag=aj.ecual.bone.book_loot_2] run data modify entity @s {} merge value {transformation:[0.7979909130609472f,-0.007786121507138063f,0.6026191823897016f,0.6371318615170141f,0.07873518878897004f,0.9926934750931878f,-0.0914354119243503f,1.8495847410866306f,-0.5975042030969503f,0.12041196294092399f,0.7927734143260559f,-0.47724905480497065f,0f,0f,0f,1f],start_interpolation:0}
execute if entity @s[tag=aj.ecual.bone.air_staff_povit_1] run data modify entity @s {} merge value {transformation:[-1.0659093283302161e-8f,-1.4032962527637648e-9f,-0.000015624996301263242f,0.6874799939859813f,-0.0000020394717534383057f,0.000015491325958965787f,0f,1.5801481150801115f,0.000015491322291872238f,0.0000020394712706562814f,-1.0751070179063945e-8f,-0.07484805427003047f,0f,0f,0f,1f],start_interpolation:0}