execute if entity @s[tag=aj.ecual.bone.wing_right_1] run data modify entity @s {} merge value {transformation:[-0.6516840741355727f,-0.1231765393577638f,-0.47652896251366605f,-0.04496681754919448f,-0.12825266657828494f,0.8058613843147066f,-0.03291089835280424f,1.1926385498407388f,0.47518792648600094f,0.04857379814956415f,-0.6624058160219495f,-0.3342345333567317f,0f,0f,0f,1f],start_interpolation:0}
execute if entity @s[tag=aj.ecual.bone.wing_right_2] run data modify entity @s {} merge value {transformation:[-0.6359659088578348f,0.13282130420537896f,-0.46680388164604025f,-0.04496681754919448f,0.186024281062886f,0.7774031115092797f,-0.032239247366012316f,1.1926385498407388f,0.4482659139681096f,-0.1341748984157347f,-0.6488873299806852f,-0.3342345333567317f,0f,0f,0f,1f],start_interpolation:0}
execute if entity @s[tag=aj.ecual.bone.wing_left_1] run data modify entity @s {} merge value {transformation:[-0.7950613783924148f,0.13192371814019802f,0.13197720115710707f,-0.10846459839692729f,0.12825266657828494f,0.8058613843147066f,-0.03291089835280424f,1.1926385498407388f,-0.13554741808222387f,-0.011313987223561877f,-0.8052597938484154f,-0.3193276825821526f,0f,0f,0f,1f],start_interpolation:0}
execute if entity @s[tag=aj.ecual.bone.wing_left_2] run data modify entity @s {} merge value {transformation:[-0.7690050179806227f,-0.17865325144321148f,0.12928378888859468f,-0.10846459839692729f,-0.186024281062886f,0.7774031115092797f,-0.032239247366012316f,1.1926385498407388f,-0.11843246672960277f,-0.06105258360183603f,-0.7888259205045702f,-0.3193276825821526f,0f,0f,0f,1f],start_interpolation:0}
execute if entity @s[tag=aj.ecual.bone.staff] run data modify entity @s {} merge value {transformation:[0.04001637057654342f,0.7539251878044525f,1.3679918681336891f,-0.5631332529212189f,1.5619815829015389f,-0.015549014044091689f,-0.03712159531404124f,0.8872451431537018f,-0.00429822780731234f,1.3684886880629583f,-0.7540732629403053f,0.145202143986859f,0f,0f,0f,1f],start_interpolation:0}
execute if entity @s[tag=aj.ecual.bone.arm_right_2] run data modify entity @s {} merge value {transformation:[-0.4344657830117752f,-0.8276949978516555f,-0.3551907570916125f,-0.47964395399078386f,-0.8560864424222187f,0.5020444404848211f,-0.12274926834467145f,1.1100299906842974f,0.27992050030827376f,0.2507436346343228f,-0.926699597063436f,0.0694992868312735f,0f,0f,0f,1f],start_interpolation:0}
execute if entity @s[tag=aj.ecual.bone.arm_right_1] run data modify entity @s {} merge value {transformation:[-0.5202523144851658f,-0.8276949978516555f,-0.21037708954203138f,-0.29113742494852823f,-0.8539798880546456f,0.5020444404848211f,0.13663722251442972f,1.4277020109035634f,-0.00747529738558278f,0.2507436346343228f,-0.9680246637453852f,0.06565672468840408f,0f,0f,0f,1f],start_interpolation:0}
execute if entity @s[tag=aj.ecual.bone.arm_left_2] run data modify entity @s {} merge value {transformation:[0.5176396924107465f,0.8453551178750399f,0.13199952092104367f,0.43404851565976066f,0.36488682637142783f,-0.07857040444430907f,-0.9277307235863459f,1.2606323429113582f,-0.7738906594484101f,0.528395132668664f,-0.3491301061074075f,0.17925825957155447f,0f,0f,0f,1f],start_interpolation:0}
execute if entity @s[tag=aj.ecual.bone.arm_left_1] run data modify entity @s {} merge value {transformation:[-0.3650294101910454f,0.8742571144930793f,0.3200437899004014f,0.2899398413043516f,0.5092534984935387f,0.47527896127564445f,-0.7174752840626886f,1.4277020109035634f,-0.7793679515913319f,-0.09891616009014555f,-0.618709293049128f,-0.0707579969111353f,0f,0f,0f,1f],start_interpolation:0}
execute if entity @s[tag=aj.ecual.bone.himo_right_2] run data modify entity @s {} merge value {transformation:[-0.9754615928930185f,0.05019323890328206f,-0.21437191877438833f,-0.11041711629923442f,0.17894126934303123f,0.7480192527153734f,-0.6390987558218518f,1.102744396337597f,0.12827588595102218f,-0.6617762736269203f,-0.7386456936501749f,0.2990984016197306f,0f,0f,0f,1f],start_interpolation:0}
execute if entity @s[tag=aj.ecual.bone.himo_right_1] run data modify entity @s {} merge value {transformation:[-0.9753628245434022f,0.03363160638035413f,-0.2180281531155857f,-0.10547386605989043f,0.09973786833342521f,0.9487634914454297f,-0.29983361205939263f,1.2787635909082438f,0.1967732657629606f,-0.31419222197972213f,-0.9287429835688796f,0.23438271635122723f,0f,0f,0f,1f],start_interpolation:0}
execute if entity @s[tag=aj.ecual.bone.himo_left_2] run data modify entity @s {} merge value {transformation:[-0.9735325926749818f,-0.12279887160322263f,-0.19275561764188112f,0.20205134854921045f,0f,0.8433914458128857f,-0.5372996083468239f,1.0917146705326788f,0.22854822466938535f,-0.5230786807571357f,-0.8210690608821201f,0.17700235153919439f,0f,0f,0f,1f],start_interpolation:0}
execute if entity @s[tag=aj.ecual.bone.himo_left_1] run data modify entity @s {} merge value {transformation:[-0.9735325926749818f,-0.009969133543513767f,-0.22833069740164028f,0.19875506915104138f,0f,0.9990482215818578f,-0.04361938736533605f,1.2787635909082438f,0.22854822466938535f,-0.04246489527267f,-0.9726060053639157f,0.1629613961420443f,0f,0f,0f,1f],start_interpolation:0}
execute if entity @s[tag=aj.ecual.bone.ponpon1] run data modify entity @s {} merge value {transformation:[-0.9968604942832588f,0.011298299866331582f,-0.07836774436888577f,0.2994023856240279f,0.007732101611047061f,0.9989270674670111f,0.04566101714191322f,1.9629195903745589f,0.07879955293028648f,0.04491171675507515f,-0.9958782898306895f,0.01770306194911807f,0f,0f,0f,1f],start_interpolation:0}
execute if entity @s[tag=aj.ecual.bone.ponpon2] run data modify entity @s {} merge value {transformation:[-0.9968604942832588f,0.011298299866331582f,-0.07836774436888577f,0.32802539064177566f,0.007732101611047061f,0.9989270674670111f,0.04566101714191322f,1.8420444734878227f,0.07879955293028648f,0.04491171675507515f,-0.9958782898306895f,-0.0842294755517792f,0f,0f,0f,1f],start_interpolation:0}
execute if entity @s[tag=aj.ecual.bone.ponpon3] run data modify entity @s {} merge value {transformation:[-0.9968604942832588f,0.011298299866331582f,-0.07836774436888577f,-0.28625315476738666f,0.007732101611047061f,0.9989270674670111f,0.04566101714191322f,1.9674622000710493f,0.07879955293028648f,0.04491171675507515f,-0.9958782898306895f,0.06399779929566138f,0f,0f,0f,1f],start_interpolation:0}
execute if entity @s[tag=aj.ecual.bone.ponpon4] run data modify entity @s {} merge value {transformation:[-0.9968604942832588f,0.011298299866331582f,-0.07836774436888577f,-0.3323946868208833f,0.007732101611047061f,0.9989270674670111f,0.04566101714191322f,1.8471669908051414f,0.07879955293028648f,0.04491171675507515f,-0.9958782898306895f,-0.03202477173546441f,0f,0f,0f,1f],start_interpolation:0}
execute if entity @s[tag=aj.ecual.bone.ear_edge_a1] run data modify entity @s {} merge value {transformation:[-0.982820043908027f,0.16710253718946505f,-0.07836774436888577f,0.20069199357859596f,0.16390352802293656f,0.9854190504628985f,0.04566101714191322f,2.0713383098831053f,0.08485514005797193f,0.032031813087040305f,-0.9958782898306895f,0.008476251490975379f,0f,0f,0f,1f],start_interpolation:0}
execute if entity @s[tag=aj.ecual.bone.ear_edge_a2] run data modify entity @s {} merge value {transformation:[-0.9968604942832588f,0.011298299866331601f,-0.07836774436888577f,0.08598246290752674f,0.007732101611047065f,0.9989270674670111f,0.04566101714191322f,2.0822955025030954f,0.0787995529302865f,0.04491171675507515f,-0.9958782898306895f,0.018005371498167427f,0f,0f,0f,1f],start_interpolation:0}
execute if entity @s[tag=aj.ecual.bone.ear_edge_b1] run data modify entity @s {} merge value {transformation:[-0.9645161711757071f,0.25212507249991395f,-0.07836774436888577f,0.0636673009124738f,0.24916475487576722f,0.9673840997459411f,0.04566101714191322f,2.0781531601948355f,0.08732399709273929f,0.024514309609866232f,-0.9958782898306895f,0.019571471857578432f,0f,0f,0f,1f],start_interpolation:0}
execute if entity @s[tag=aj.ecual.bone.ear_edge_b2] run data modify entity @s {} merge value {transformation:[-0.9952203217791971f,-0.05826669512031814f,-0.07836774436888577f,0.09279633697405676f,-0.061968363153922026f,0.9970330954795783f,0.04566101714191322f,2.0879185465167587f,0.075474718189171f,0.050299093015345124f,-0.9958782898306895f,0.017726990058647217f,0f,0f,0f,1f],start_interpolation:0}
execute if entity @s[tag=aj.ecual.bone.ear_right_2] run data modify entity @s {} merge value {transformation:[-0.9920824274254634f,0.0981374232193453f,-0.07836774436888577f,0.14913511820556585f,0.09476490914585912f,0.9944519513320607f,0.04566101714191322f,2.193523460192635f,0.08241401087301228f,0.03787298054978156f,-0.9958782898306895f,-0.013243777902591002f,0f,0f,0f,1f],start_interpolation:0}
execute if entity @s[tag=aj.ecual.bone.ear_right_1] run data modify entity @s {} merge value {transformation:[-0.9920824274254634f,0.0981374232193453f,-0.07836774436888577f,0.1270541979812132f,0.09476490914585912f,0.9944519513320607f,0.04566101714191322f,1.969771771142922f,0.08241401087301228f,0.03787298054978156f,-0.9958782898306895f,-0.02176519852629184f,0f,0f,0f,1f],start_interpolation:0}
execute if entity @s[tag=aj.ecual.bone.ear_edge_a3] run data modify entity @s {} merge value {transformation:[-0.9863549308989344f,-0.1447841390964184f,-0.07836774436888577f,-0.1885586506240804f,-0.14862971480388043f,0.9878381848212202f,0.04566101714191322f,2.074357514225539f,0.07080365928873483f,0.05668574490315774f,-0.9958782898306895f,0.03924562886814848f,0f,0f,0f,1f],start_interpolation:0}
execute if entity @s[tag=aj.ecual.bone.ear_edge_a4] run data modify entity @s {} merge value {transformation:[-0.996860494283259f,0.011298299866331601f,-0.07836774436888577f,-0.07362140536853914f,0.007732101611047065f,0.9989270674670112f,0.04566101714191322f,2.0835334624123343f,0.0787995529302865f,0.04491171675507515f,-0.9958782898306895f,0.030621693980824295f,0f,0f,0f,1f],start_interpolation:0}
execute if entity @s[tag=aj.ecual.bone.ear_edge_b3] run data modify entity @s {} merge value {transformation:[-0.96998278341714f,-0.2301996883509415f,-0.07836774436888577f,-0.05140385356618701f,-0.2341599045791058f,0.9711252291033687f,0.04566101714191322f,2.0790457042007744f,0.06559374178869302f,0.06264098404446874f,-0.9958782898306895f,0.02866758468388715f,0f,0f,0f,1f],start_interpolation:0}
execute if entity @s[tag=aj.ecual.bone.ear_edge_b4] run data modify entity @s {} merge value {transformation:[-0.9936440626632392f,0.08080825067173368f,-0.07836774436888577f,-0.0803068970012235f,0.07739489635419528f,0.9959543671935425f,0.04566101714191322f,2.0892612136221094f,0.08174048417042899f,0.03930553512528444f,-0.9958782898306895f,0.03141040667136626f,0f,0f,0f,1f],start_interpolation:0}
execute if entity @s[tag=aj.ecual.bone.ear_left_2] run data modify entity @s {} merge value {transformation:[-0.9940518508587353f,-0.07562681037076488f,-0.07836774436888577f,-0.13917695792302356f,-0.07935955188579567f,0.995799745449883f,0.04566101714191322f,2.195759739271907f,0.07458538280929025f,0.0516086476774266f,-0.9958782898306895f,0.009546635433700745f,0f,0f,0f,1f],start_interpolation:0}
execute if entity @s[tag=aj.ecual.bone.ear_left_1] run data modify entity @s {} merge value {transformation:[-0.9940518508587353f,-0.07562681037076488f,-0.07836774436888577f,-0.1221609255896015f,-0.07935955188579567f,0.995799745449883f,0.04566101714191322f,1.9717047965456838f,0.07458538280929025f,0.0516086476774266f,-0.9958782898306895f,-0.0020653102937202225f,0f,0f,0f,1f],start_interpolation:0}
execute if entity @s[tag=aj.ecual.bone.head] run data modify entity @s {} merge value {transformation:[-0.9968604942832588f,0.011298299866331582f,-0.07836774436888577f,-0.0008947504741613978f,0.007732101611047061f,0.9989270674670111f,0.04566101714191322f,1.4573612549817747f,0.07879955293028648f,0.04491171675507515f,-0.9958782898306895f,-0.003811312689773007f,0f,0f,0f,1f],start_interpolation:0}
execute if entity @s[tag=aj.ecual.bone.body_1] run data modify entity @s {} merge value {transformation:[-0.9735325926749818f,-0.009969133543513767f,-0.22833069740164028f,0.0028436746046562648f,0f,0.9990482215818578f,-0.04361938736533605f,1.082718171888578f,0.22854822466938535f,-0.04246489527267f,-0.9726060053639157f,0.012113023037478243f,0f,0f,0f,1f],start_interpolation:0}
execute if entity @s[tag=aj.ecual.bone.leg_left_2] run data modify entity @s {} merge value {transformation:[-0.9537878542839562f,-0.28024984888965515f,-0.1083916565872663f,0.21739798065018956f,-0.1205904774487396f,0.6874100033118677f,-0.7161881206048187f,0.8657398349435621f,0.2752211215896983f,-0.6700205291960112f,-0.6894387751546943f,0.35210254163597066f,0f,0f,0f,1f],start_interpolation:0}
execute if entity @s[tag=aj.ecual.bone.leg_left_1] run data modify entity @s {} merge value {transformation:[-0.9537878542839562f,-0.2621551836126057f,0.14684477765806797f,0.14176774884312504f,-0.1205904774487396f,-0.11366080434050607f,-0.9861740000148826f,0.790299590841975f,0.2752211215896983f,-0.9583088652734617f,0.07679487593061379f,0.05694869915428685f,0f,0f,0f,1f],start_interpolation:0}
execute if entity @s[tag=aj.ecual.bone.leg_right_2] run data modify entity @s {} merge value {transformation:[-0.9739299958449926f,0.04344023534005029f,-0.2226506437156055f,-0.04880969489729896f,0.16042999720436046f,0.8258146461388018f,-0.5406407182405468f,0.7986555806935887f,0.16038260251779607f,-0.5622660546184931f,-0.8112547717168584f,0.4378353069597748f,0f,0f,0f,1f],start_interpolation:0}
execute if entity @s[tag=aj.ecual.bone.leg_right_1] run data modify entity @s {} merge value {transformation:[-0.9739299958449926f,-0.1438654213693512f,-0.1753941382361209f,-0.105797076101229f,0.16042999720436046f,0.10982323354654205f,-0.9809184845696357f,0.7941606554871357f,0.16038260251779607f,-0.9834844167080639f,-0.08387981224357832f,0.09627332803642441f,0f,0f,0f,1f],start_interpolation:0}
execute if entity @s[tag=aj.ecual.bone.skirt_forward_right] run data modify entity @s {} merge value {transformation:[-0.9855489405879275f,-0.02746452679227887f,-0.16714959011044478f,0.0076658186097198384f,0.0954608138383901f,0.7250968693170416f,-0.6819983600624984f,0.9769874592473031f,0.13993040672893703f,-0.6880989971469957f,-0.7119966652997562f,0.0326536085628862f,0f,0f,0f,1f],start_interpolation:0}
execute if entity @s[tag=aj.ecual.bone.skirt_forward_left] run data modify entity @s {} merge value {transformation:[-0.9448588321871395f,-0.30212967308228056f,-0.1263307083853681f,0.008484023445145553f,-0.0954608138383901f,0.6231244498095685f,-0.7762751787032963f,0.9395447324627396f,0.31325551912020144f,-0.7214108265702122f,-0.6176061844314842f,0.036138864577994076f,0f,0f,0f,1f],start_interpolation:0}
execute if entity @s[tag=aj.ecual.bone.skirt_forward] run data modify entity @s {} merge value {transformation:[-0.9735325926749818f,-0.15586951441971625f,-0.16714959011044478f,0.0076658186097198384f,0f,0.7313537016191706f,-0.6819983600624984f,0.9769874592473031f,0.22854822466938535f,-0.6639476316717299f,-0.7119966652997562f,0.0326536085628862f,0f,0f,0f,1f],start_interpolation:0}
execute if entity @s[tag=aj.ecual.bone.skirt_back_right] run data modify entity @s {} merge value {transformation:[-0.9758178533499449f,0.016384701908087093f,-0.21797031593060687f,0.007652891669274947f,0.08312190921349345f,0.95008776981561f,-0.30070579950427306f,1.0019730409052625f,0.20216395646160373f,-0.3115521965741591f,-0.9284745357399994f,0.032598544482362816f,0f,0f,0f,1f],start_interpolation:0}
execute if entity @s[tag=aj.ecual.bone.skirt_back_left] run data modify entity @s {} merge value {transformation:[-0.9638381611347107f,-0.15331321049919572f,-0.21797031593060687f,0.007652891669274947f,-0.08312190921349345f,0.95008776981561f,-0.30070579950427306f,1.0019730409052625f,0.2531931028862418f,-0.2717136160247212f,-0.9284745357399994f,0.032598544482362816f,0f,0f,0f,1f],start_interpolation:0}
execute if entity @s[tag=aj.ecual.bone.skirt_back] run data modify entity @s {} merge value {transformation:[-0.9735325926749818f,-0.06872577662448975f,-0.21797031593060687f,0.007652891669274947f,0f,0.9537169507482269f,-0.30070579950427306f,1.0019730409052625f,0.22854822466938535f,-0.29274689662379827f,-0.9284745357399994f,0.032598544482362816f,0f,0f,0f,1f],start_interpolation:0}
execute if entity @s[tag=aj.ecual.bone.skirt_right] run data modify entity @s {} merge value {transformation:[-0.9766199184911108f,0.03203726445103801f,-0.2125726899037364f,-0.18094748963910093f,0.12059047744873963f,0.9002453499844771f,-0.41834943119360296f,1.014415380410502f,0.17796480425944014f,-0.43420262956115363f,-0.8830609293401439f,0.07697159450293095f,0f,0f,0f,1f],start_interpolation:0}
execute if entity @s[tag=aj.ecual.bone.skirt_left] run data modify entity @s {} merge value {transformation:[-0.9537878542839562f,-0.2387226962261914f,-0.18248343302038136f,0.19341316286470095f,-0.12059047744873963f,0.8603580892325452f,-0.4952190374377874f,1.0144375511810602f,0.27522112158969836f,-0.45032813880394057f,-0.8493867797607207f,-0.02387234513307515f,0f,0f,0f,1f],start_interpolation:0}
execute if entity @s[tag=aj.ecual.bone.coat_downer] run data modify entity @s {} merge value {transformation:[-0.9735325926749818f,-0.10553182579841763f,-0.20272475118539487f,0.011936482132339532f,0f,0.8870108331782217f,-0.46174861323503386f,0.8763831669545094f,0.22854822466938535f,-0.44952732460678f,-0.86353395615479f,0.08502824480840612f,0f,0f,0f,1f],start_interpolation:0}
execute if entity @s[tag=aj.ecual.bone.body_2] run data modify entity @s {} merge value {transformation:[-0.9735325926749818f,-0.08746161907742805f,-0.21115102696383625f,0f,0f,0.9238795325112867f,-0.3826834323650897f,1.0828125f,0.22854822466938535f,-0.3725547940841469f,-0.8994268366050632f,0f,0f,0f,0f,1f],start_interpolation:0}
execute if entity @s[tag=aj.ecual.bone.book_left] run data modify entity @s {} merge value {transformation:[0.7456111006346571f,-0.17247218137638456f,-0.643674943788902f,0.041971535967049806f,0f,0.9659258262890683f,-0.2588190451025207f,1.1609375f,0.6663813372314493f,0.1929783530841015f,0.7202050184708328f,0.36478976724983697f,0f,0f,0f,1f],start_interpolation:0}
execute if entity @s[tag=aj.ecual.bone.book_right] run data modify entity @s {} merge value {transformation:[0.7456111006346571f,-0.17247218137638456f,-0.643674943788902f,0.11187257665154891f,0f,0.9659258262890683f,-0.2588190451025207f,1.1609375f,0.6663813372314493f,0.1929783530841015f,0.7202050184708328f,0.42726301761528535f,0f,0f,0f,1f],start_interpolation:0}
execute if entity @s[tag=aj.ecual.bone.book_loot_1] run data modify entity @s {} merge value {transformation:[0.7456111006346571f,-0.17247218137638456f,-0.643674943788902f,0.17347329787763469f,0f,0.9659258262890683f,-0.2588190451025207f,1.199760356765378f,0.6663813372314493f,0.1929783530841015f,0.7202050184708328f,0.2879956396619362f,0f,0f,0f,1f],start_interpolation:0}
execute if entity @s[tag=aj.ecual.bone.book_left2] run data modify entity @s {} merge value {transformation:[-0.3073742690964725f,-0.5109213662614823f,-0.8027953762914367f,0.412959589172562f,-0.4213618150379628f,0.8294993993759021f,-0.3665855524470804f,1.9819150017079978f,0.8532146737634807f,0.22558835061349622f,-0.47024952582874474f,-0.6110265016723925f,0f,0f,0f,1f],start_interpolation:0}
execute if entity @s[tag=aj.ecual.bone.book_right2] run data modify entity @s {} merge value {transformation:[0.30875135935603715f,-0.5109213662614823f,-0.8022667608677921f,0.41289044557862514f,-0.06783923950791293f,0.8294993993759021f,-0.5543722431886409f,2.0064777482920024f,0.9487204201864672f,0.22558835061349622f,0.22144855020680337f,-0.7015015214259872f,0f,0f,0f,1f],start_interpolation:0}
execute if entity @s[tag=aj.ecual.bone.book_loot_2] run data modify entity @s {} merge value {transformation:[0.0007375316686595301f,-0.5109213662614823f,-0.8596271363472292f,0.541869087827678f,-0.26200263022938497f,0.8294993993759021f,-0.49323966607309844f,2.068182324910965f,0.9650668773716781f,0.22558835061349622f,-0.1332509597247255f,-0.636276367590481f,0f,0f,0f,1f],start_interpolation:0}
execute if entity @s[tag=aj.ecual.bone.air_staff_povit_1] run data modify entity @s {} merge value {transformation:[-0.000015211446760546593f,0f,-0.0000035710660104591462f,0.15010043297257072f,0f,0.000015625f,0f,1.248935f,0.0000035710660104591462f,0f,-0.000015211446760546593f,0.6709532042756012f,0f,0f,0f,1f],start_interpolation:0}