execute if entity @s[tag=aj.ecual.bone.wing_right_1] run data modify entity @s {} merge value {transformation:[0.427085052280013f,0.032240522130709943f,-0.695344052463356f,-0.3362740904047564f,-0.27691245148185123f,0.7563301858187007f,-0.13501329074652385f,1.4671681053499577f,0.6386409764317776f,0.30638153207501456f,0.4064634109856345f,-0.11904304445208788f,0f,0f,0f,1f],start_interpolation:0}
execute if entity @s[tag=aj.ecual.bone.wing_right_2] run data modify entity @s {} merge value {transformation:[0.3986087041109286f,-0.13092442305727256f,-0.6811533575151243f,-0.3362740904047564f,0.03291554477272113f,0.788304769857367f,-0.13225791746598256f,1.4671681053499577f,0.6928402903406536f,0.03787327906643384f,0.3981682393328665f,-0.11904304445208788f,0f,0f,0f,1f],start_interpolation:0}
execute if entity @s[tag=aj.ecual.bone.wing_left_1] run data modify entity @s {} merge value {transformation:[-0.4132507493840347f,0.029801161270855737f,-0.70376143213797f,-0.3354876077353977f,-0.04521685647087693f,0.8131302740877125f,0.06098391343114882f,1.448854994823009f,0.702939327729549f,0.06982472766430377f,-0.40981124116131806f,-0.042773956901416166f,0f,0f,0f,1f],start_interpolation:0}
execute if entity @s[tag=aj.ecual.bone.wing_left_2] run data modify entity @s {} merge value {transformation:[-0.38517386432763195f,-0.1279459907838527f,-0.6893989539310728f,-0.3354876077353977f,-0.3457434244562898f,0.7189524986056121f,0.05973934376928864f,1.448854994823009f,0.6100021136718765f,0.3267064863009085f,-0.40144774644374015f,-0.042773956901416166f,0f,0f,0f,1f],start_interpolation:0}
execute if entity @s[tag=aj.ecual.bone.staff] run data modify entity @s {} merge value {transformation:[-0.08263272543822028f,0.001337621572905994f,1.5603128831920794f,-0.004420585253533093f,1.5573731224202094f,-0.09580809248777149f,0.08255917257931514f,1.4361478576702684f,0.09574466172992732f,1.5595593192252681f,0.003733573066040574f,0.7607508489713619f,0f,0f,0f,1f],start_interpolation:0}
execute if entity @s[tag=aj.ecual.bone.arm_right_2] run data modify entity @s {} merge value {transformation:[0.0008560778066594044f,-0.9986002452429308f,0.052884944280460755f,-0.004088022372421341f,-0.061317179192174f,-0.05283787045076144f,-0.9967187983489341f,1.4480204987484901f,0.9981179643041717f,-0.0023894867622663973f,-0.061276583507153704f,0.5679594708767157f,0f,0f,0f,1f],start_interpolation:0}
execute if entity @s[tag=aj.ecual.bone.arm_right_1] run data modify entity @s {} merge value {transformation:[0.01002644626149903f,-0.9986002452429308f,0.05193284679394888f,-0.009260638484281231f,-0.2334640364409568f,-0.05283787045076144f,-0.9709287837606443f,1.513478160617253f,0.9723137426078379f,-0.0023894867622663973f,-0.2336670201139906f,0.23597699141396752f,0f,0f,0f,1f],start_interpolation:0}
execute if entity @s[tag=aj.ecual.bone.arm_left_2] run data modify entity @s {} merge value {transformation:[-0.9693013220856221f,-0.025125853772710455f,-0.24458871289423262f,0.24441981013392483f,0.19720710912903128f,0.5146717196922377f,-0.8343994109885295f,1.4573149567064032f,0.14684789107111915f,-0.8570190852141083f,-0.4939169813508518f,-0.4916339266223365f,0f,0f,0f,1f],start_interpolation:0}
execute if entity @s[tag=aj.ecual.bone.arm_left_1] run data modify entity @s {} merge value {transformation:[-0.7291910774375626f,-0.025125853772710455f,-0.6838487143057584f,0.01020670297315308f,0.5770060856073566f,0.5146717196922377f,-0.6341742647893485f,1.6450454967814618f,0.36789176364458376f,-0.8570190852141083f,-0.3607962552760917f,-0.3465036648495977f,0f,0f,0f,1f],start_interpolation:0}
execute if entity @s[tag=aj.ecual.bone.himo_right_2] run data modify entity @s {} merge value {transformation:[0.01002644626149903f,-0.5803472394067968f,-0.8143074063818132f,0.2553601084600755f,-0.2334640364409568f,0.790483263618162f,-0.5662426632003938f,1.338819790100162f,0.9723137426078379f,0.19578889563121152f,-0.12756447108599517f,0.04507446094042642f,0f,0f,0f,1f],start_interpolation:0}
execute if entity @s[tag=aj.ecual.bone.himo_right_1] run data modify entity @s {} merge value {transformation:[0.01002644626149903f,-0.3086200398639073f,-0.9511325572020788f,0.19154927250307993f,-0.2334640364409568f,0.9241697405465236f,-0.30233232434998847f,1.5102120394254477f,0.9723137426078379f,0.2250865647980158f,-0.06278554199310356f,0.08688578220259749f,0f,0f,0f,1f],start_interpolation:0}
execute if entity @s[tag=aj.ecual.bone.himo_left_2] run data modify entity @s {} merge value {transformation:[0.01002644626149903f,-0.5442752872358705f,-0.8388467572087741f,0.20439466835299525f,-0.2334640364409568f,0.8144300567768651f,-0.5312233299725528f,1.401450640548443f,0.9723137426078379f,0.20116683206419203f,-0.11890286629512466f,-0.2607598943414609f,0f,0f,0f,1f],start_interpolation:0}
execute if entity @s[tag=aj.ecual.bone.himo_left_1] run data modify entity @s {} merge value {transformation:[0.01002644626149903f,-0.0519328467939491f,-0.9986002452429308f,0.1884160080463615f,-0.2334640364409568f,0.9709287837606443f,-0.05283787045076165f,1.5831695508132466f,0.9723137426078379f,0.2336670201139906f,-0.0023894867622664493f,-0.21696226236235183f,0f,0f,0f,1f],start_interpolation:0}
execute if entity @s[tag=aj.ecual.bone.ponpon1] run data modify entity @s {} merge value {transformation:[-0.9690856262622792f,-0.02834442693212476f,-0.24509109007415186f,0.25611751029363466f,-0.06648885789897516f,0.9866305165343549f,0.14879333190180924f,2.2370135352164744f,0.23759688707375026f,0.1604893058899611f,-0.9580140405796892f,0.011208140586508264f,0f,0f,0f,1f],start_interpolation:0}
execute if entity @s[tag=aj.ecual.bone.ponpon2] run data modify entity @s {} merge value {transformation:[-0.9690856262622792f,-0.02834442693212476f,-0.24509109007415186f,0.273023984950534f,-0.06648885789897516f,0.9866305165343549f,0.14879333190180924f,2.130127427686686f,0.23759688707375026f,0.1604893058899611f,-0.9580140405796892f,-0.10757672221934837f,0f,0f,0f,1f],start_interpolation:0}
execute if entity @s[tag=aj.ecual.bone.ponpon3] run data modify entity @s {} merge value {transformation:[-0.9690856262622792f,-0.02834442693212476f,-0.24509109007415186f,-0.3132202951354544f,-0.06648885789897516f,0.9866305165343549f,0.14879333190180924f,2.1979513312008265f,0.23759688707375026f,0.1604893058899611f,-0.9580140405796892f,0.15079631174233654f,0f,0f,0f,1f],start_interpolation:0}
execute if entity @s[tag=aj.ecual.bone.ponpon4] run data modify entity @s {} merge value {transformation:[-0.9690856262622792f,-0.02834442693212476f,-0.24509109007415186f,-0.36899524244822596f,-0.06648885789897516f,0.9866305165343549f,0.14879333190180924f,2.086078559328615f,0.23759688707375026f,0.1604893058899611f,-0.9580140405796892f,0.049831215467011164f,0f,0f,0f,1f],start_interpolation:0}
execute if entity @s[tag=aj.ecual.bone.ear_edge_a1] run data modify entity @s {} merge value {transformation:[-0.9519912911978061f,0.26085111854721f,-0.16021633947947928f,0.16465927371634032f,0.06810259589053756f,0.6907177361285074f,0.7199104426458053f,2.2889632247876444f,0.2984537115140377f,0.6744373232185322f,-0.6753219077842189f,0.08260160308951257f,0f,0f,0f,1f],start_interpolation:0}
execute if entity @s[tag=aj.ecual.bone.ear_edge_a2] run data modify entity @s {} merge value {transformation:[-0.9810768038492623f,0.10871536005879195f,-0.16021633947947928f,0.052749496619237765f,-0.04078791961971613f,0.6928674477723831f,0.7199104426458053f,2.2912473582479636f,0.18927400920890347f,0.7128223273051085f,-0.6753219077842189f,0.11158651553395992f,0f,0f,0f,1f],start_interpolation:0}
execute if entity @s[tag=aj.ecual.bone.ear_edge_b1] run data modify entity @s {} merge value {transformation:[-0.9169155727677478f,0.39787601736358674f,-0.030992050962855067f,0.019535459302803426f,0.050536381731222935f,0.1927933671081687f,0.9799371366167378f,2.3396017309270016f,0.3958685470424613f,0.8969533947792306f,-0.1968824549229941f,0.06680023299286401f,0f,0f,0f,1f],start_interpolation:0}
execute if entity @s[tag=aj.ecual.bone.ear_edge_b2] run data modify entity @s {} merge value {transformation:[-0.9949889813928396f,0.09506008459893f,-0.030992050962855067f,0.04987601026252432f,-0.011513471683733203f,0.19897398887587509f,0.9799371366167378f,2.341525198304588f,0.09931951911194392f,0.9753834794924855f,-0.1968824549229941f,0.07159782256554888f,0f,0f,0f,1f],start_interpolation:0}
execute if entity @s[tag=aj.ecual.bone.ear_right_2] run data modify entity @s {} merge value {transformation:[-0.9678683424614274f,0.24954030623946366f,-0.030992050962855067f,0.12308210250285181f,0.01975466776492281f,0.19832539267800908f,0.9799371366167378f,2.392883206928155f,0.2506803238438689f,0.9478378944635146f,-0.1968824549229941f,0.15697268736996484f,0f,0f,0f,1f],start_interpolation:0}
execute if entity @s[tag=aj.ecual.bone.ear_right_1] run data modify entity @s {} merge value {transformation:[-0.9678683424614274f,0.19380814282368466f,-0.16021633947947928f,0.07947527036752283f,0.01975466776492281f,0.6937857793807956f,0.7199104426458053f,2.2367814065674763f,0.2506803238438689f,0.693613506287339f,-0.6753219077842189f,0.000909648455313803f,0f,0f,0f,1f],start_interpolation:0}
execute if entity @s[tag=aj.ecual.bone.ear_edge_a3] run data modify entity @s {} merge value {transformation:[-0.9527205288335916f,-0.1795938515242272f,-0.24509109007415186f,-0.2261417770156073f,-0.22001328677272314f,0.9640823087397784f,0.14879333190180924f,2.313101363123283f,0.2095656164128687f,0.19568175814232744f,-0.9580140405796892f,0.12356955837042348f,0f,0f,0f,1f],start_interpolation:0}
execute if entity @s[tag=aj.ecual.bone.ear_edge_a4] run data modify entity @s {} merge value {transformation:[-0.9690856262622793f,-0.02834442693212476f,-0.24509109007415186f,-0.1148032751968483f,-0.06648885789897513f,0.986630516534355f,0.14879333190180924f,2.3307025363691145f,0.23759688707375026f,0.16048930588996113f,-0.9580140405796892f,0.09781927025311452f,0f,0f,0f,1f],start_interpolation:0}
execute if entity @s[tag=aj.ecual.bone.ear_edge_b3] run data modify entity @s {} merge value {transformation:[-0.9334425040646813f,-0.26194550801974464f,-0.24509109007415186f,-0.09303487215363568f,-0.30320137948081805f,0.9412382630675864f,0.14879333190180924f,2.327925730540819f,0.19171336699976615f,0.21320197692749226f,-0.9580140405796892f,0.09181892831784126f,0f,0f,0f,1f],start_interpolation:0}
execute if entity @s[tag=aj.ecual.bone.ear_edge_b4] run data modify entity @s {} merge value {transformation:[-0.9687021896558606f,0.03932461471146986f,-0.24509109007415186f,-0.12152593475103936f,0.002496971338929954f,0.9888651624542604f,0.14879333190180924f,2.3358578791225217f,0.24821328105094237f,0.14352444099213152f,-0.9580140405796892f,0.10033984352388649f,0f,0f,0f,1f],start_interpolation:0}
execute if entity @s[tag=aj.ecual.bone.ear_left_2] run data modify entity @s {} merge value {transformation:[-0.9629275832973754f,-0.11269794537319999f,-0.24509109007415186f,-0.18815317390701697f,-0.15222636320719185f,0.9770812037524159f,0.14879333190180924f,2.4400024629370254f,0.22270519452807755f,0.1805865287954478f,-0.9580140405796892f,0.10094083920272706f,0f,0f,0f,1f],start_interpolation:0}
execute if entity @s[tag=aj.ecual.bone.ear_left_1] run data modify entity @s {} merge value {transformation:[-0.9629275832973754f,-0.11269794537319999f,-0.24509109007415186f,-0.162796136198047f,-0.15222636320719185f,0.9770812037524159f,0.14879333190180924f,2.220159192092732f,0.22270519452807755f,0.1805865287954478f,-0.9580140405796892f,0.060308870223751365f,0f,0f,0f,1f],start_interpolation:0}
execute if entity @s[tag=aj.ecual.bone.head] run data modify entity @s {} merge value {transformation:[-0.9690856262622792f,-0.02834442693212476f,-0.24509109007415186f,-0.019474817547730897f,-0.06648885789897516f,0.9866305165343549f,0.14879333190180924f,1.7181723679843155f,0.23759688707375026f,0.1604893058899611f,-0.9580140405796892f,-0.021703571160957225f,0f,0f,0f,1f],start_interpolation:0}
execute if entity @s[tag=aj.ecual.bone.body_1] run data modify entity @s {} merge value {transformation:[0.01002644626149903f,-0.0519328467939491f,-0.9986002452429308f,1.3388904704567012e-17f,-0.2334640364409568f,0.9709287837606443f,-0.05283787045076165f,1.354074074074074f,0.9723137426078379f,0.2336670201139906f,-0.0023894867622664493f,-0.1093287037037037f,0f,0f,0f,1f],start_interpolation:0}
execute if entity @s[tag=aj.ecual.bone.leg_left_2] run data modify entity @s {} merge value {transformation:[0.006368673780512082f,-0.3260451827360632f,-0.9453327344426854f,0.2080380894085519f,-0.1994670465805783f,0.9259396363638002f,-0.3207003073570324f,0.7448377637616466f,0.979883838688392f,0.1906051642140914f,-0.05913826216774045f,-0.34017373278641616f,0f,0f,0f,1f],start_interpolation:0}
execute if entity @s[tag=aj.ecual.bone.leg_left_1] run data modify entity @s {} merge value {transformation:[0.006368673780512082f,-0.49285873363891197f,-0.8700860352115334f,0.020135697208716725f,-0.1994670465805783f,0.851991702525988f,-0.48406924727283573f,1.0696596003496794f,0.979883838688392f,0.17663637083770828f,-0.09288301876330655f,-0.2728311164045399f,0f,0f,0f,1f],start_interpolation:0}
execute if entity @s[tag=aj.ecual.bone.leg_right_2] run data modify entity @s {} merge value {transformation:[-0.02989157156088741f,0.09121835590241216f,-0.9953821906665203f,0.3045924479572125f,0.14690715612246172f,0.9854139469888417f,0.08589319274472684f,1.153603071135209f,0.9886985290924787f,-0.14366128436824233f,-0.042856200765303415f,-0.01674659148264548f,0f,0f,0f,1f],start_interpolation:0}
execute if entity @s[tag=aj.ecual.bone.leg_right_1] run data modify entity @s {} merge value {transformation:[-0.02989157156088741f,-0.9851568498468236f,-0.16903394673704902f,-0.020649509967796402f,0.14690715612246172f,0.16294309989525002f,-0.9756371424236253f,1.0932385465894836f,0.9886985290924787f,-0.05399562386351103f,0.13985596581468815f,-0.017610366033827818f,0f,0f,0f,1f],start_interpolation:0}
execute if entity @s[tag=aj.ecual.bone.skirt_forward_right] run data modify entity @s {} merge value {transformation:[-0.08635090112996761f,-0.7238154224524647f,-0.6845690294586828f,0.0022658070682538105f,-0.03150292870535858f,0.6887758044932862f,-0.7242896220626189f,1.2440249766307525f,0.9957665827677827f,-0.04097713221525741f,-0.08227871704387263f,-0.12381468037908798f,0f,0f,0f,1f],start_interpolation:0}
execute if entity @s[tag=aj.ecual.bone.skirt_forward_left] run data modify entity @s {} merge value {transformation:[0.08438209695158898f,-0.6745581630236639f,-0.7333832193418344f,0.0043927931997684265f,-0.22731611639716215f,0.7035684546108847f,-0.6732895461111538f,1.2065297096164609f,0.9701582576776658f,0.22352340900807657f,-0.09396936035348774f,-0.12874889830326966f,0f,0f,0f,1f],start_interpolation:0}
execute if entity @s[tag=aj.ecual.bone.skirt_forward] run data modify entity @s {} merge value {transformation:[-0.000992896456011949f,-0.6540181521334858f,-0.7564782024860521f,0.0022658070682538105f,-0.13052619222005157f,0.750091550061025f,-0.6483252113496613f,1.2440249766307525f,0.9914443641985977f,0.09809649946328125f,-0.08611126228251839f,-0.12381468037908798f,0f,0f,0f,1f],start_interpolation:0}
execute if entity @s[tag=aj.ecual.bone.skirt_back_right] run data modify entity @s {} merge value {transformation:[0.0020321772115586664f,-0.03517874551712341f,-0.9993789702208179f,0.009166611157893264f,-0.043671714632115666f,0.9984244338826284f,-0.03523394907251229f,1.2677988204250399f,0.9990438687049092f,0.04371619482519956f,0.0004926592466600048f,-0.12067788198562421f,0f,0f,0f,1f],start_interpolation:0}
execute if entity @s[tag=aj.ecual.bone.skirt_back_left] run data modify entity @s {} merge value {transformation:[-0.004010413582025042f,-0.035351397175560434f,-0.9993668972407667f,0.009166611157893264f,-0.21638728667132318f,0.9757276426716109f,-0.033646834821778354f,1.2677988204250399f,0.9762993694302602f,0.2161153535597071f,-0.011562664305387304f,-0.12067788198562421f,0f,0f,0f,1f],start_interpolation:0}
execute if entity @s[tag=aj.ecual.bone.skirt_back] run data modify entity @s {} merge value {transformation:[-0.000992896456011949f,0.03466547701325205f,-0.999398478515988f,0.009166611157893264f,-0.13052619222005157f,0.9908444733198506f,0.034498446864203f,1.2677988204250399f,0.9914443641985977f,0.13048193129683427f,0.003540946750013209f,-0.12067788198562421f,0f,0f,0f,1f],start_interpolation:0}
execute if entity @s[tag=aj.ecual.bone.skirt_right] run data modify entity @s {} merge value {transformation:[-0.020066166096346722f,-0.36481823793449814f,-0.9308625044809582f,0.011458641813890204f,0.05133139586831789f,0.929446123158626f,-0.3653696647829569f,1.2664456204678511f,0.9984800632843922f,-0.05511404009658725f,0.00007620910649138932f,0.07456822026829488f,0f,0f,0f,1f],start_interpolation:0}
execute if entity @s[tag=aj.ecual.bone.skirt_left] run data modify entity @s {} merge value {transformation:[0.012689687625115206f,-0.33876091232315264f,-0.9407869132327269f,0.0008194479934428706f,-0.25810872645557503f,0.9078674080820229f,-0.3303886418597207f,1.3083976309843786f,0.966032534211689f,0.2470178407006566f,-0.07591659383907376f,-0.31076326299445656f,0f,0f,0f,1f],start_interpolation:0}
execute if entity @s[tag=aj.ecual.bone.coat_downer] run data modify entity @s {} merge value {transformation:[-0.000992896456011949f,-0.19103873836861252f,-0.9815819958613528f,0.023399839346057705f,-0.13052619222005157f,0.9732096556560833f,-0.1892772550580285f,1.1327443154864285f,0.9914443641985977f,0.12793422755578998f,-0.02590185550383519f,-0.13056398200687774f,0f,0f,0f,1f],start_interpolation:0}
execute if entity @s[tag=aj.ecual.bone.body_2] run data modify entity @s {} merge value {transformation:[-0.000992896456011949f,-0.10476127037592296f,-0.9944969031554852f,1.3388904704567012e-17f,-0.13052619222005157f,0.9860028988461039f,-0.10373618757026844f,1.354074074074074f,0.9914443641985977f,0.12970489465052015f,-0.01465308849818632f,-0.1093287037037037f,0f,0f,0f,1f],start_interpolation:0}
execute if entity @s[tag=aj.ecual.bone.book_left] run data modify entity @s {} merge value {transformation:[-0.1675937403264943f,-0.7326561348068676f,-0.6596418166954221f,-0.8790098983273462f,0.2757512205302872f,0.6075607962628502f,-0.7448698834162303f,2.4994925055231882f,0.9465059971175209f,-0.3067325658848643f,0.10020743708056207f,-0.6177258775617772f,0f,0f,0f,1f],start_interpolation:0}
execute if entity @s[tag=aj.ecual.bone.book_right] run data modify entity @s {} merge value {transformation:[-0.42746652835744137f,-0.7326561348068676f,-0.5296105694412623f,-0.9075615392714339f,-0.06008162911203965f,0.6075607962628502f,-0.7919975231575506f,2.5098405678301385f,0.9020324633721781f,-0.3067325658848643f,-0.30373107850269004f,-0.529030985341924f,0f,0f,0f,1f],start_interpolation:0}
execute if entity @s[tag=aj.ecual.bone.book_loot_1] run data modify entity @s {} merge value {transformation:[-0.3045508367369355f,-0.7326561348068676f,-0.6086573551454822f,-0.8019871155275677f,0.11037933127413563f,0.6075607962628502f,-0.7865661333110688f,2.622651456673324f,0.9460788503451004f,-0.3067325658848643f,-0.10416305465653485f,-0.5577539732533704f,0f,0f,0f,1f],start_interpolation:0}
execute if entity @s[tag=aj.ecual.bone.book_left2] run data modify entity @s {} merge value {transformation:[-0.7355844285804647f,-0.003000178744524891f,0.6774264147178293f,0.7043815893353172f,0.08832738209974232f,0.9910289046114018f,0.1002994705675506f,1.8110626574847581f,-0.6716500740723232f,0.13361403052159504f,-0.7287204325709666f,-0.6224029587833264f,0f,0f,0f,1f],start_interpolation:0}
execute if entity @s[tag=aj.ecual.bone.book_right2] run data modify entity @s {} merge value {transformation:[-0.7355844285804647f,-0.003000178744524891f,0.6774264147178293f,0.7733426295147359f,0.08832738209974232f,0.9910289046114018f,0.1002994705675506f,1.8027819654129074f,-0.6716500740723232f,0.13361403052159504f,-0.7287204325709666f,-0.5594357643390461f,0f,0f,0f,1f],start_interpolation:0}
execute if entity @s[tag=aj.ecual.bone.book_loot_2] run data modify entity @s {} merge value {transformation:[-0.7355844285804647f,-0.003000178744524891f,0.6774264147178293f,0.6372481472173521f,0.08832738209974232f,0.9910289046114018f,0.1002994705675506f,1.7918773908637002f,-0.6716500740723232f,0.13361403052159504f,-0.7287204325709666f,-0.4816112966755412f,0f,0f,0f,1f],start_interpolation:0}
execute if entity @s[tag=aj.ecual.bone.air_staff_povit_1] run data modify entity @s {} merge value {transformation:[-1.5514007125186703e-8f,-2.0424577856194846e-9f,-0.00001562499216460441f,0.6874707739280392f,-0.0000020394717534383057f,0.000015491325958965787f,0f,1.5178333002652966f,0.000015491318190603092f,0.000002039470730713955f,-1.5647876881110147e-8f,-0.07980112092869764f,0f,0f,0f,1f],start_interpolation:0}