execute if entity @s[tag=aj.ecual.bone.wing_right_1] run data modify entity @s {} merge value {transformation:[-0.7227900365452156f,-0.2430410828431803f,0.2923183873207856f,0.20606841772639517f,-0.37737898022331995f,0.5344890412204518f,-0.488723863286103f,0.6204630105604642f,-0.04587060933776161f,-0.5676239435666016f,-0.5853574893458919f,-0.8819826250070467f,0f,0f,0f,1f],start_interpolation:0}
execute if entity @s[tag=aj.ecual.bone.wing_right_2] run data modify entity @s {} merge value {transformation:[-0.7452526205930117f,0.0509966596567028f,0.286352705946892f,0.20606841772639517f,-0.14117154119758873f,0.6251952675815065f,-0.4787499068925091f,0.6204630105604642f,-0.2543012533495389f,-0.4965180944311565f,-0.5734114181347513f,-0.8819826250070467f,0f,0f,0f,1f],start_interpolation:0}
execute if entity @s[tag=aj.ecual.bone.wing_left_1] run data modify entity @s {} merge value {transformation:[-0.5189028314938208f,-0.024097128454622585f,0.6301615858749099f,0.16066318855062794f,-0.375674780372814f,0.6672727371375234f,-0.2838309322629933f,0.5929259444617114f,-0.5065103703814738f,-0.4702242732119251f,-0.435064158513182f,-0.9021816497595174f,0f,0f,0f,1f],start_interpolation:0}
execute if entity @s[tag=aj.ecual.bone.wing_left_2] run data modify entity @s {} merge value {transformation:[-0.46058657980617485f,-0.21633145507742724f,0.6173011453468505f,0.16066318855062794f,-0.5901379218010301f,0.4630678628944381f,-0.2780384642576261f,0.5929259444617114f,-0.2821298207471369f,-0.6154420004342089f,-0.426185298135362f,-0.9021816497595174f,0f,0f,0f,1f],start_interpolation:0}
execute if entity @s[tag=aj.ecual.bone.staff] run data modify entity @s {} merge value {transformation:[0.4258498670873784f,-0.5898129802257067f,1.3828155296564082f,-0.6649967064682983f,1.4641621671983878f,-0.1632900940009028f,-0.5205494629198054f,0.3678808268931017f,0.34100922105799963f,1.4376589454938349f,0.5081886633869063f,-1.1336543646409414f,0f,0f,0f,1f],start_interpolation:0}
execute if entity @s[tag=aj.ecual.bone.arm_right_2] run data modify entity @s {} merge value {transformation:[-0.7271363110586896f,-0.5442405709988914f,0.4184196291030827f,-0.4919190520083496f,-0.6527934765393895f,0.7367841497369083f,-0.17609597861415976f,0.5450570120033478f,-0.2124463747103686f,-0.40118738461629344f,-0.891019203102357f,-1.1021681051511676f,0f,0f,0f,1f],start_interpolation:0}
execute if entity @s[tag=aj.ecual.bone.arm_right_1] run data modify entity @s {} merge value {transformation:[-0.527413702606275f,-0.5442405709988914f,0.652408604466511f,-0.29363545771644806f,-0.6723829157318942f,0.7367841497369083f,0.071065683197571f,0.7957406318706902f,-0.5193611469247736f,-0.40118738461629344f,-0.7545281184221841f,-0.9169893857085123f,0f,0f,0f,1f],start_interpolation:0}
execute if entity @s[tag=aj.ecual.bone.arm_left_2] run data modify entity @s {} merge value {transformation:[0.8511026735108895f,0.1650919678612174f,0.4983662120271869f,0.11762335146483903f,0.3113576704542581f,0.605583960937393f,-0.7323417694660571f,1.1272276636871916f,-0.4227063285449055f,0.7784681807261544f,0.46401147766515116f,-0.38060170565702606f,0f,0f,0f,1f],start_interpolation:0}
execute if entity @s[tag=aj.ecual.bone.arm_left_1] run data modify entity @s {} merge value {transformation:[0.26127424132914245f,0.5601163334939737f,0.7861332353813497f,0.18337457473838142f,-0.09166028990050296f,0.8251390254636269f,-0.5574441495901554f,1.0850345531199024f,-0.9609027849232388f,0.07358859701206216f,0.2669279983751415f,-0.7047861301003635f,0f,0f,0f,1f],start_interpolation:0}
execute if entity @s[tag=aj.ecual.bone.himo_right_2] run data modify entity @s {} merge value {transformation:[-0.7991791119662064f,0.40144305629623384f,0.4473882201717482f,-0.3159285632046529f,-0.48468091518192596f,0.009851415637587624f,-0.8746355584289642f,0.788775575584787f,-0.3555237790293592f,-0.9158310008737824f,0.18669874231823072f,-0.4574434319947216f,0f,0f,0f,1f],start_interpolation:0}
execute if entity @s[tag=aj.ecual.bone.himo_right_1] run data modify entity @s {} merge value {transformation:[-0.7991791119662064f,0.19967696348583364f,0.5669584263859061f,-0.2749456423861472f,-0.48468091518192596f,0.34381005884198185f,-0.8042879172892525f,0.8482131621346007f,-0.3555237790293592f,-0.9175640324751999f,-0.17798620410732235f,-0.6305991018594923f,0f,0f,0f,1f],start_interpolation:0}
execute if entity @s[tag=aj.ecual.bone.himo_left_2] run data modify entity @s {} merge value {transformation:[-0.7991791119662064f,0.17163570399355865f,0.5760676454302407f,-0.0027204122806420324f,-0.48468091518192596f,0.38283508080829476f,-0.7864615129559215f,0.8668409997000779f,-0.3555237790293592f,-0.9077326071135384f,-0.22276524982039164f,-0.388942340601631f,0f,0f,0f,1f],start_interpolation:0}
execute if entity @s[tag=aj.ecual.bone.himo_left_1] run data modify entity @s {} merge value {transformation:[-0.7991791119662064f,-0.1393929428602722f,0.5847070672376543f,-0.025202169896707743f,-0.48468091518192596f,0.7247756619178124f,-0.4896781089144251f,0.9996759481289526f,-0.3555237790293592f,-0.6747368726936076f,-0.6467866689816152f,-0.5194979209128175f,0f,0f,0f,1f],start_interpolation:0}
execute if entity @s[tag=aj.ecual.bone.ponpon1] run data modify entity @s {} merge value {transformation:[-0.8463708056843502f,-0.4162789053678565f,0.3322172967064829f,-0.02995656609762598f,-0.4893383605310474f,0.8540435365096488f,-0.1765151740187758f,1.5445372092057397f,-0.2102484915475274f,-0.3119639573601913f,-0.926538753161549f,-0.9077971199753818f,0f,0f,0f,1f],start_interpolation:0}
execute if entity @s[tag=aj.ecual.bone.ponpon2] run data modify entity @s {} merge value {transformation:[-0.8463708056843502f,-0.4162789053678565f,0.3322172967064829f,0.08496257385275194f,-0.4893383605310474f,0.8540435365096488f,-0.1765151740187758f,1.4395836580976875f,-0.2102484915475274f,-0.3119639573601913f,-0.926538753161549f,-0.9477803149812208f,0f,0f,0f,1f],start_interpolation:0}
execute if entity @s[tag=aj.ecual.bone.ponpon3] run data modify entity @s {} merge value {transformation:[-0.8463708056843502f,-0.4162789053678565f,0.3322172967064829f,-0.5271994144371818f,-0.4893383605310474f,0.8540435365096488f,-0.1765151740187758f,1.2570509223937494f,-0.2102484915475274f,-0.3119639573601913f,-0.926538753161549f,-1.0313181087595542f,0f,0f,0f,1f],start_interpolation:0}
execute if entity @s[tag=aj.ecual.bone.ponpon4] run data modify entity @s {} merge value {transformation:[-0.8463708056843502f,-0.4162789053678565f,0.3322172967064829f,-0.47575808491313f,-0.4893383605310474f,0.8540435365096488f,-0.1765151740187758f,1.1153969942458688f,-0.2102484915475274f,-0.3119639573601913f,-0.926538753161549f,-1.0870699406314577f,0f,0f,0f,1f],start_interpolation:0}
execute if entity @s[tag=aj.ecual.bone.ear_edge_a1] run data modify entity @s {} merge value {transformation:[-0.9054712112439492f,-0.3416790037252126f,0.25174857302825304f,-0.15489877394088913f,-0.34852015901537003f,0.9371216266724787f,0.018350901411876758f,1.5794380522429134f,-0.24218914998058155f,-0.07112323977486877f,-0.9676186750965535f,-0.9584235716108581f,0f,0f,0f,1f],start_interpolation:0}
execute if entity @s[tag=aj.ecual.bone.ear_edge_a2] run data modify entity @s {} merge value {transformation:[-0.8408729859269729f,-0.4791192727458322f,0.25174857302825304f,-0.256583007184347f,-0.49082741786798456f,0.871063539752651f,0.018350901411876758f,1.5316801309363126f,-0.22808127368835787f,-0.10813432478675075f,-0.9676186750965535f,-0.9857848268299189f,0f,0f,0f,1f],start_interpolation:0}
execute if entity @s[tag=aj.ecual.bone.ear_edge_b1] run data modify entity @s {} merge value {transformation:[-0.9393341841195306f,-0.3089997791405439f,0.14889737081490417f,-0.264215496655664f,-0.2702510990375631f,0.9340500635879743f,0.23348409406272225f,1.5139182903944364f,-0.2112241321759547f,0.17907991289476363f,-0.9608926843223016f,-1.018858033642472f,0f,0f,0f,1f],start_interpolation:0}
execute if entity @s[tag=aj.ecual.bone.ear_edge_b2] run data modify entity @s {} merge value {transformation:[-0.7978737137731378f,-0.5841464797756383f,0.14889737081490417f,-0.2451332404709519f,-0.5456614120212857f,0.8048222171701316f,0.23348409406272225f,1.536538504204028f,-0.2562248237403978f,0.1050432716316633f,-0.9608926843223016f,-1.0104046880852764f,0f,0f,0f,1f],start_interpolation:0}
execute if entity @s[tag=aj.ecual.bone.ear_right_2] run data modify entity @s {} merge value {transformation:[-0.8794312064299062f,-0.4521397196903283f,0.14889737081490417f,-0.2473355304126672f,-0.41304148157060133f,0.8802737712335136f,0.23348409406272225f,1.6601215226357298f,-0.2366378829756602f,0.1438324078804184f,-0.9608926843223016f,-1.013238767401794f,0f,0f,0f,1f],start_interpolation:0}
execute if entity @s[tag=aj.ecual.bone.ear_right_1] run data modify entity @s {} merge value {transformation:[-0.8794312064299062f,-0.40400916961806455f,0.25174857302825304f,-0.15643346724860283f,-0.41304148157060133f,0.9105273081678188f,0.018350901411876758f,1.4552528782979708f,-0.2366378829756602f,-0.08784424821915118f,-0.9676186750965535f,-0.993473811552485f,0f,0f,0f,1f],start_interpolation:0}
execute if entity @s[tag=aj.ecual.bone.ear_edge_a3] run data modify entity @s {} merge value {transformation:[-0.7663109382411362f,-0.6081839644053119f,0.20707441023030393f,-0.4841772489418545f,-0.6182279597601924f,0.7857465477114887f,0.019913626747206065f,1.3885030524685795f,-0.17481915141865748f,-0.1127591601587905f,-0.9781225056696858f,-1.0375452006549402f,0f,0f,0f,1f],start_interpolation:0}
execute if entity @s[tag=aj.ecual.bone.ear_edge_a4] run data modify entity @s {} merge value {transformation:[-0.8520173120890826f,-0.4808187689018252f,0.20707441023030393f,-0.39088301942301f,-0.4876987068366071f,0.8727848639955176f,0.019913626747206065f,1.4534740209892016f,-0.19030625646677002f,-0.08402316735317236f,-0.9781225056696858f,-1.0164715058441693f,0f,0f,0f,1f],start_interpolation:0}
execute if entity @s[tag=aj.ecual.bone.ear_edge_b3] run data modify entity @s {} merge value {transformation:[-0.7051783753772801f,-0.7055513797840214f,0.0701477682119944f,-0.36143715958236444f,-0.6799391125580421f,0.7009763140284373f,0.21520922467424064f,1.4579368165451827f,-0.20101308940972515f,0.10406468015599449f,-0.9740453173389769f,-1.0405671419200502f,0f,0f,0f,1f],start_interpolation:0}
execute if entity @s[tag=aj.ecual.bone.ear_edge_b4] run data modify entity @s {} merge value {transformation:[-0.8886918558109475f,-0.45310713526733476f,0.0701477682119944f,-0.3914622339163252f,-0.43004692999317284f,0.8767808321459585f,0.21520922467424064f,1.452116967992224f,-0.15901705386134377f,0.16108785289794533f,-0.9740453173389769f,-1.0440153152133689f,0f,0f,0f,1f],start_interpolation:0}
execute if entity @s[tag=aj.ecual.bone.ear_left_2] run data modify entity @s {} merge value {transformation:[-0.806869012054871f,-0.586550669593406f,0.0701477682119944f,-0.49250681341788694f,-0.5619110790972717f,0.7987120437321901f,0.21520922467424064f,1.5189838181527282f,-0.18225898214720773f,0.13422884636573237f,-0.9740453173389769f,-1.0686011207567152f,0f,0f,0f,1f],start_interpolation:0}
execute if entity @s[tag=aj.ecual.bone.ear_left_1] run data modify entity @s {} merge value {transformation:[-0.806869012054871f,-0.5532473099919858f,0.20707441023030393f,-0.36802616866969035f,-0.5619110790972717f,0.8269579110556429f,0.019913626747206065f,1.3329182881652089f,-0.18225898214720773f,-0.10028971696599343f,-0.9781225056696858f,-1.0460359344393668f,0f,0f,0f,1f],start_interpolation:0}
execute if entity @s[tag=aj.ecual.bone.head] run data modify entity @s {} merge value {transformation:[-0.8463708056843502f,-0.4162789053678565f,0.3322172967064829f,-0.059268669480197676f,-0.4893383605310474f,0.8540435365096488f,-0.1765151740187758f,0.9619043699584815f,-0.2102484915475274f,-0.3119639573601913f,-0.926538753161549f,-0.8309190088125294f,0f,0f,0f,1f],start_interpolation:0}
execute if entity @s[tag=aj.ecual.bone.body_1] run data modify entity @s {} merge value {transformation:[-0.7991791119662064f,-0.1393929428602722f,0.5847070672376543f,-0.006996315907595596f,-0.48468091518192596f,0.7247756619178124f,-0.4896781089144251f,0.6901134967393018f,-0.3555237790293592f,-0.6747368726936076f,-0.6467866689816152f,-0.5778926815524266f,0f,0f,0f,1f],start_interpolation:0}
execute if entity @s[tag=aj.ecual.bone.leg_left_2] run data modify entity @s {} merge value {transformation:[-0.8671137667929705f,-0.026275518850747692f,0.49741663879209974f,-0.03041856918505234f,-0.46338404065048083f,0.40888043156924525f,-0.7861882875941245f,0.7981142435439473f,-0.18272642476812057f,-0.9122096194345201f,-0.366721507281191f,-0.22220721669598176f,0f,0f,0f,1f],start_interpolation:0}
execute if entity @s[tag=aj.ecual.bone.leg_left_1] run data modify entity @s {} merge value {transformation:[-0.8671137667929705f,0.47006953657105227f,0.16476755210290156f,0.12341057754122758f,-0.46338404065048083f,-0.639906964901967f,-0.613020641691931f,0.5546366165627138f,-0.18272642476812057f,-0.6079092918008653f,0.7726948599761947f,-0.3347455334058606f,0f,0f,0f,1f],start_interpolation:0}
execute if entity @s[tag=aj.ecual.bone.leg_right_2] run data modify entity @s {} merge value {transformation:[-0.7137646366488681f,0.4198545404399073f,0.5605909456470948f,-0.3330110031705725f,-0.4926378537963895f,0.26797827312882627f,-0.827946610680773f,0.5425828969036697f,-0.4978433372823189f,-0.8671273320584966f,0.015562824959397592f,-0.17887085637788586f,0f,0f,0f,1f],start_interpolation:0}
execute if entity @s[tag=aj.ecual.bone.leg_right_1] run data modify entity @s {} merge value {transformation:[-0.7137646366488681f,0.6654664619602888f,0.2183905480453886f,-0.0815632806672374f,-0.4926378537963895f,-0.25537571618469285f,-0.8319201816220367f,0.4275645301972369f,-0.4978433372823189f,-0.7013826570348105f,0.5101121248651049f,-0.4255590849233859f,0f,0f,0f,1f],start_interpolation:0}
execute if entity @s[tag=aj.ecual.bone.skirt_forward_right] run data modify entity @s {} merge value {transformation:[-0.757960388747828f,0.3654682528151487f,0.5403045486329761f,0.002618158844285851f,-0.4479994220091437f,0.3103912681695424f,-0.8384233885833436f,0.6164128620725158f,-0.47412294499287266f,-0.8775478430423866f,-0.07153472026183932f,-0.49902987315715136f,0f,0f,0f,1f],start_interpolation:0}
execute if entity @s[tag=aj.ecual.bone.skirt_forward_left] run data modify entity @s {} merge value {transformation:[-0.8267236590045327f,0.23051013721031272f,0.5132183436759058f,0.00711608552783394f,-0.5130693835170086f,0.06538882330028793f,-0.8558528550427817f,0.5898570583199699f,-0.23084150263683975f,-0.970870423089861f,0.06420920673610137f,-0.4729375475218458f,0f,0f,0f,1f],start_interpolation:0}
execute if entity @s[tag=aj.ecual.bone.skirt_forward] run data modify entity @s {} merge value {transformation:[-0.7991791119662064f,0.2634079378519598f,0.5403045486329761f,0.002618158844285851f,-0.48468091518192596f,0.24926016917035565f,-0.8384233885833436f,0.6164128620725158f,-0.3555237790293592f,-0.9319257622481221f,-0.07153472026183932f,-0.49902987315715136f,0f,0f,0f,1f],start_interpolation:0}
execute if entity @s[tag=aj.ecual.bone.skirt_back_right] run data modify entity @s {} merge value {transformation:[-0.7929488258034157f,0.10610541028309943f,0.5999781675741539f,-0.0010196979406034582f,-0.4348017939072486f,0.5912825907519422f,-0.6792144712008938f,0.6346594671346075f,-0.42682497545483794f,-0.7994539009738624f,-0.42272201332039777f,-0.5157277213344444f,0f,0f,0f,1f],start_interpolation:0}
execute if entity @s[tag=aj.ecual.bone.skirt_back_left] run data modify entity @s {} merge value {transformation:[-0.7993271625293928f,-0.03320068790055776f,0.5999781675741539f,-0.0010196979406034582f,-0.5308713220337308f,0.5067971404353512f,-0.6792144712008938f,0.6346594671346075f,-0.28151683197434f,-0.8614257790253785f,-0.42272201332039777f,-0.5157277213344444f,0f,0f,0f,1f],start_interpolation:0}
execute if entity @s[tag=aj.ecual.bone.skirt_back] run data modify entity @s {} merge value {transformation:[-0.7991791119662064f,0.03659160328909291f,0.5999781675741539f,-0.0010196979406034582f,-0.48468091518192596f,0.5511371086850357f,-0.6792144712008938f,0.6346594671346075f,-0.3555237790293592f,-0.8336119852779424f,-0.42272201332039777f,-0.5157277213344444f,0f,0f,0f,1f],start_interpolation:0}
execute if entity @s[tag=aj.ecual.bone.skirt_right] run data modify entity @s {} merge value {transformation:[-0.780758620001894f,0.1922984940042181f,0.5945059011451844f,-0.15767973732712473f,-0.4165971363873312f,0.5489153083303949f,-0.7246646191407601f,0.5498762218826062f,-0.4656853049502566f,-0.8134576039869914f,-0.3484593566961995f,-0.5929595397422589f,0f,0f,0f,1f],start_interpolation:0}
execute if entity @s[tag=aj.ecual.bone.skirt_left] run data modify entity @s {} merge value {transformation:[-0.8039254277504667f,0.03554762183970303f,0.5936668031798398f,0.15929244177153956f,-0.5444716691388211f,0.35762220198292494f,-0.7587206087579736f,0.7316640835389795f,-0.23927914267945577f,-0.9331895451784837f,-0.2681469087052079f,-0.46336666592901343f,0f,0f,0f,1f],start_interpolation:0}
execute if entity @s[tag=aj.ecual.bone.coat_downer] run data modify entity @s {} merge value {transformation:[-0.7991791119662064f,0.06398820162578438f,0.5976773854259536f,-0.008847458339134218f,-0.48468091518192596f,0.5195025502806931f,-0.7037055568277593f,0.5521844334155771f,-0.3555237790293592f,-0.8520696041430851f,-0.3841617266726729f,-0.4076692462263438f,0f,0f,0f,1f],start_interpolation:0}
execute if entity @s[tag=aj.ecual.bone.body_2] run data modify entity @s {} merge value {transformation:[-0.7991791119662064f,0.011653690749754642f,0.6009799817704539f,7.189539314964776e-17f,-0.48468091518192596f,0.5788576667157447f,-0.6557501141004969f,0.6853095129722351f,-0.3555237790293592f,-0.8153453214290941f,-0.4569626345428807f,-0.5870704369594901f,0f,0f,0f,1f],start_interpolation:0}
execute if entity @s[tag=aj.ecual.bone.book_left] run data modify entity @s {} merge value {transformation:[-0.0175146008713028f,-0.6127837201189551f,-0.7900565493137139f,-0.2261794429715529f,0.5368495652824928f,0.6608505689808354f,-0.5244702753576265f,0.8396595105795275f,0.8434961665664622f,-0.4333274025894049f,0.31739813980677695f,-0.4050162593566166f,0f,0f,0f,1f],start_interpolation:0}
execute if entity @s[tag=aj.ecual.bone.book_right] run data modify entity @s {} merge value {transformation:[-0.0175146008713028f,-0.6127837201189551f,-0.7900565493137139f,-0.22782143680323758f,0.5368495652824928f,0.6608505689808354f,-0.5244702753576265f,0.8899891573247612f,0.8434961665664622f,-0.4333274025894049f,0.31739813980677695f,-0.3259384937410108f,0f,0f,0f,1f],start_interpolation:0}
execute if entity @s[tag=aj.ecual.bone.book_loot_1] run data modify entity @s {} merge value {transformation:[-0.0175146008713028f,-0.6127837201189551f,-0.7900565493137139f,-0.10849195749033813f,0.5368495652824928f,0.6608505689808354f,-0.5244702753576265f,0.9434948752557883f,0.8434961665664622f,-0.4333274025894049f,0.31739813980677695f,-0.41308709751983025f,0f,0f,0f,1f],start_interpolation:0}
execute if entity @s[tag=aj.ecual.bone.book_left2] run data modify entity @s {} merge value {transformation:[-0.5835396168128827f,-0.7927720441625731f,-0.1760511334929981f,0.2728002150110528f,-0.390957176311982f,0.4642621369924276f,-0.7947409354282603f,1.698132346663694f,0.7117822714145355f,-0.3949343668883726f,-0.5808552693661686f,-1.057325345881671f,0f,0f,0f,1f],start_interpolation:0}
execute if entity @s[tag=aj.ecual.bone.book_right2] run data modify entity @s {} merge value {transformation:[-0.4391365816611418f,-0.7927720441625731f,-0.4226955744282908f,0.32211262783705624f,0.01429565573479366f,0.4642621369924276f,-0.8855824650377494f,1.7162945845510014f,0.8983065717638267f,-0.3949343668883726f,-0.19254129161403466f,-1.1349622028260542f,0f,0f,0f,1f],start_interpolation:0}
execute if entity @s[tag=aj.ecual.bone.book_loot_2] run data modify entity @s {} merge value {transformation:[-0.5259990701440368f,-0.7927720441625731f,-0.30795691939280084f,0.34364995933297465f,-0.19373053746461305f,0.4642621369924276f,-0.86425062742754f,1.8368510597214787f,0.8281264740734233f,-0.3949343668883726f,-0.39778560656363554f,-1.0364759333693172f,0f,0f,0f,1f],start_interpolation:0}
execute if entity @s[tag=aj.ecual.bone.air_staff_povit_1] run data modify entity @s {} merge value {transformation:[-0.000012487173624471977f,-0.0000057483472892610475f,0.00000742749105111118f,-0.3936931901333651f,-0.000007573139299717594f,0.000013471027578679661f,-0.000002306426266223344f,0.9265158940328462f,-0.000005555059047333738f,-0.000005443210855414036f,-0.00001355187808254407f,-0.05122514110372056f,0f,0f,0f,1f],start_interpolation:0}