execute if entity @s[tag=aj.ecual.bone.wing_right_1] run data modify entity @s {} merge value {transformation:[-0.665901886033351f,-0.12937137281729502f,0.4547330761194295f,0.2751709652534877f,-0.4401730860690834f,0.4563017452027596f,-0.514762873631908f,0.4663110659692204f,-0.17253051011948498f,-0.6648279549362592f,-0.4417934561054816f,-1.0065874670199202f,0f,0f,0f,1f],start_interpolation:0}
execute if entity @s[tag=aj.ecual.bone.wing_right_2] run data modify entity @s {} merge value {transformation:[-0.6511556612242116f,0.132544707846704f,0.4454528092598493f,0.2751709652534877f,-0.22731211781209715f,0.5779736722811372f,-0.5042575088639099f,0.4663110659692204f,-0.40537082523467216f,-0.5370086913371968f,-0.4327772631237371f,-1.0065874670199202f,0f,0f,0f,1f],start_interpolation:0}
execute if entity @s[tag=aj.ecual.bone.wing_left_1] run data modify entity @s {} merge value {transformation:[-0.3565905393244831f,0.050921629343327314f,0.7329356174820129f,0.23778128210488564f,-0.464294790972448f,0.615783835109288f,-0.26867277483658897f,0.43323720986819675f,-0.5694014214809878f,-0.5340053375459485f,-0.23992658279630572f,-1.0337178389937405f,0f,0f,0f,1f],start_interpolation:0}
execute if entity @s[tag=aj.ecual.bone.wing_left_2] run data modify entity @s {} merge value {transformation:[-0.3418124715112932f,-0.08759102735528371f,0.717977747737482f,0.23778128210488564f,-0.6510394051059054f,0.3832478277259181f,-0.2631896569827811f,0.43323720986819675f,-0.31513794966441333f,-0.6967416411197274f,-0.23503012192291173f,-1.0337178389937405f,0f,0f,0f,1f],start_interpolation:0}
execute if entity @s[tag=aj.ecual.bone.staff] run data modify entity @s {} merge value {transformation:[0.1475549744606096f,-1.0281205981294546f,1.1673053650240202f,-0.4618512462568476f,1.3689750958512479f,-0.4709297443190415f,-0.5878253251219016f,0.20647411967452323f,0.738607450849906f,1.0782390558765411f,0.8563094195041118f,-1.5712521867672882f,0f,0f,0f,1f],start_interpolation:0}
execute if entity @s[tag=aj.ecual.bone.arm_right_2] run data modify entity @s {} merge value {transformation:[-0.5696959346311449f,-0.42839100922933754f,0.7013755664950241f,-0.3213782904579091f,-0.6128662243387836f,0.790039354880044f,-0.015258073451384246f,0.3771204823934673f,-0.5475778785976204f,-0.43854185769683773f,-0.7126285890408384f,-1.455123744192871f,0f,0f,0f,1f],start_interpolation:0}
execute if entity @s[tag=aj.ecual.bone.arm_right_1] run data modify entity @s {} merge value {transformation:[-0.2854965804674138f,-0.42839100922933754f,0.8573055731493195f,-0.21062015265874118f,-0.5788124915877109f,0.790039354880044f,0.2020245463371968f,0.5943568977739271f,-0.7638506412404455f,-0.43854185769683773f,-0.47351160167874096f,-1.1776515943950217f,0f,0f,0f,1f],start_interpolation:0}
execute if entity @s[tag=aj.ecual.bone.arm_left_2] run data modify entity @s {} merge value {transformation:[0.9080498368056873f,-0.06589789269172058f,0.41364593750689116f,0.03714882336024469f,0.34169326765419394f,0.6877201932204964f,-0.6405362180833825f,1.0084556270576757f,-0.24226267710269303f,0.7229788403373598f,0.6470010755072069f,-0.599843684592094f,0f,0f,0f,1f],start_interpolation:0}
execute if entity @s[tag=aj.ecual.bone.arm_left_1] run data modify entity @s {} merge value {transformation:[0.4921450616099777f,0.4747602966701705f,0.7296546436764195f,0.18218160819459106f,-0.15873216573743f,0.873078776538051f,-0.46101794923747286f,0.9418182245537858f,-0.855919001946572f,0.11106804519965088f,0.5050411383662841f,-0.892630246619277f,0f,0f,0f,1f],start_interpolation:0}
execute if entity @s[tag=aj.ecual.bone.himo_right_2] run data modify entity @s {} merge value {transformation:[-0.6580971909584623f,0.6535928831642466f,0.37379731182771825f,-0.3554515991520606f,-0.582134160050025f,-0.12682002838959905f,-0.8031416438599813f,0.6441192977522789f,-0.47752267690177086f,-0.7461454439158015f,0.4639386484959604f,-0.7409555268088335f,0f,0f,0f,1f],start_interpolation:0}
execute if entity @s[tag=aj.ecual.bone.himo_right_1] run data modify entity @s {} merge value {transformation:[-0.6580971909584623f,0.4607950490514133f,0.595462853604057f,-0.26533088461989524f,-0.582134160050025f,0.19018257240602726f,-0.7905380502264758f,0.6748376672644936f,-0.47752267690177086f,-0.8668901383236123f,0.14308592216509358f,-0.9026031407309789f,0f,0f,0f,1f],start_interpolation:0}
execute if entity @s[tag=aj.ecual.bone.himo_left_2] run data modify entity @s {} merge value {transformation:[-0.6580971909584623f,0.3639126317367098f,0.6591476949174918f,-0.06167743154544912f,-0.582134160050025f,0.3092965776136491f,-0.7519677165805296f,0.7391377066698737f,-0.47752267690177086f,-0.8785802317028f,0.00829876530703505f,-0.6072350001278988f,0f,0f,0f,1f],start_interpolation:0}
execute if entity @s[tag=aj.ecual.bone.himo_left_1] run data modify entity @s {} merge value {transformation:[-0.6580971909584623f,-0.014416263616704061f,0.7527949645128578f,-0.05967551244537579f,-0.582134160050025f,0.6438425518072702f,-0.496574856577691f,0.8567545922801263f,-0.47752267690177086f,-0.7650221825709606f,-0.4321031742754626f,-0.7533773041991755f,0f,0f,0f,1f],start_interpolation:0}
execute if entity @s[tag=aj.ecual.bone.ponpon1] run data modify entity @s {} merge value {transformation:[-0.7624798013578717f,-0.44787633776296565f,0.4669382599373222f,-0.02902009739346062f,-0.5720247428907164f,0.8038725644667054f,-0.16302329164426888f,1.3682726271747292f,-0.30234458163173733f,-0.3914022051161136f,-0.8691329402273126f,-1.1493970108614497f,0f,0f,0f,1f],start_interpolation:0}
execute if entity @s[tag=aj.ecual.bone.ponpon2] run data modify entity @s {} merge value {transformation:[-0.7624798013578717f,-0.44787633776296565f,0.4669382599373222f,0.09933289924695417f,-0.5720247428907164f,0.8038725644667054f,-0.16302329164426888f,1.2739560508831427f,-0.30234458163173733f,-0.3914022051161136f,-0.8691329402273126f,-1.170615026557056f,0f,0f,0f,1f],start_interpolation:0}
execute if entity @s[tag=aj.ecual.bone.ponpon3] run data modify entity @s {} merge value {transformation:[-0.7624798013578717f,-0.44787633776296565f,0.4669382599373222f,-0.47697698069121036f,-0.5720247428907164f,0.8038725644667054f,-0.16302329164426888f,1.0322080907264333f,-0.30234458163173733f,-0.3914022051161136f,-0.8691329402273126f,-1.3270244525700954f,0f,0f,0f,1f],start_interpolation:0}
execute if entity @s[tag=aj.ecual.bone.ponpon4] run data modify entity @s {} merge value {transformation:[-0.7624798013578717f,-0.44787633776296565f,0.4669382599373222f,-0.40580996915263584f,-0.5720247428907164f,0.8038725644667054f,-0.16302329164426888f,0.8949896587180431f,-0.30234458163173733f,-0.3914022051161136f,-0.8691329402273126f,-1.370918311888082f,0f,0f,0f,1f],start_interpolation:0}
execute if entity @s[tag=aj.ecual.bone.ear_edge_a1] run data modify entity @s {} merge value {transformation:[-0.8313153054655456f,-0.4397718394442889f,0.33987584811297356f,-0.15056319360447382f,-0.43844247295354133f,0.8947048659301401f,0.08527250900092703f,1.387660698657831f,-0.34158902325617807f,-0.07812766547591499f,-0.9365965017435062f,-1.2092426563983472f,0f,0f,0f,1f],start_interpolation:0}
execute if entity @s[tag=aj.ecual.bone.ear_edge_a2] run data modify entity @s {} merge value {transformation:[-0.7522849621233791f,-0.5644038834314598f,0.33987584811297356f,-0.24290285993100158f,-0.5730071956285848f,0.8151020506455322f,0.08527250900092703f,1.3298729533211586f,-0.32516163599184156f,-0.1306020803851737f,-0.9365965017435062f,-1.2480125304838972f,0f,0f,0f,1f],start_interpolation:0}
execute if entity @s[tag=aj.ecual.bone.ear_edge_b1] run data modify entity @s {} merge value {transformation:[-0.8792598411059285f,-0.4463297969811915f,0.16640866607573515f,-0.24189126322905716f,-0.3698338154158549f,0.8598192101454091f,0.3520424332944484f,1.3138162553579833f,-0.3002083956076656f,0.24799322206796925f,-0.9210723538436152f,-1.2917275809978839f,0f,0f,0f,1f],start_interpolation:0}
execute if entity @s[tag=aj.ecual.bone.ear_edge_b2] run data modify entity @s {} merge value {transformation:[-0.6983023090373264f,-0.6961910952088031f,0.16640866607573515f,-0.2266600293044595f,-0.6174316081225235f,0.7034517285865168f,0.3520424332944484f,1.3377649671260397f,-0.3621492709979865f,0.14308607374796728f,-0.9210723538436152f,-1.2798223576574865f,0f,0f,0f,1f],start_interpolation:0}
execute if entity @s[tag=aj.ecual.bone.ear_right_2] run data modify entity @s {} merge value {transformation:[-0.7986133303915914f,-0.5783812794132821f,0.16640866607573515f,-0.2460373777345778f,-0.4997859056144651f,0.7913786538119744f,0.3520424332944484f,1.4595317132303764f,-0.3353070191182698f,0.1979770742156829f,-0.9210723538436152f,-1.270710692484218f,0f,0f,0f,1f],start_interpolation:0}
execute if entity @s[tag=aj.ecual.bone.ear_right_1] run data modify entity @s {} merge value {transformation:[-0.7986133303915914f,-0.49669020162505484f,0.33987584811297356f,-0.13428208236894063f,-0.4997859056144651f,0.8619412089915506f,0.08527250900092703f,1.2655949412072778f,-0.3353070191182698f,-0.10176539614154939f,-0.9365965017435062f,-1.2478134783523693f,0f,0f,0f,1f],start_interpolation:0}
execute if entity @s[tag=aj.ecual.bone.ear_edge_a3] run data modify entity @s {} merge value {transformation:[-0.67459932736266f,-0.6821919282507638f,0.2820104972360983f,-0.4469090222723774f,-0.6916537912406894f,0.7176227266828404f,0.08144111498908801f,1.164625037046874f,-0.2579356132530507f,-0.14011350819171534f,-0.9559484422488395f,-1.3231211256369255f,0f,0f,0f,1f],start_interpolation:0}
execute if entity @s[tag=aj.ecual.bone.ear_edge_a4] run data modify entity @s {} merge value {transformation:[-0.7730122195600937f,-0.5682624286889169f,0.2820104972360983f,-0.3635961985111171f,-0.5708774579875104f,0.8169860909165175f,0.08144111498908801f,1.2386146454206135f,-0.2766785795331758f,-0.09803845872677368f,-0.9559484422488395f,-1.2922398712157428f,0f,0f,0f,1f],start_interpolation:0}
execute if entity @s[tag=aj.ecual.bone.ear_edge_b3] run data modify entity @s {} merge value {transformation:[-0.6037290034786775f,-0.7942446889242896f,0.06845921759852108f,-0.33030963507289746f,-0.7414934539776873f,0.5910098687141372f,0.31763940686057474f,1.24830365093709f,-0.2927434850972476f,0.14100606085575568f,-0.9457370367787552f,-1.32335215794275f,0f,0f,0f,1f],start_interpolation:0}
execute if entity @s[tag=aj.ecual.bone.ear_edge_b4] run data modify entity @s {} merge value {transformation:[-0.8196155094044246f,-0.5688090648622997f,0.06845921759852108f,-0.35920019396760994f,-0.5225700879197052f,0.7912178653322066f,0.31763940686057474f,1.2390527872338322f,-0.23484232999039398f,0.2245674449015761f,-0.9457370367787552f,-1.3285504992642574f,0f,0f,0f,1f],start_interpolation:0}
execute if entity @s[tag=aj.ecual.bone.ear_left_2] run data modify entity @s {} merge value {transformation:[-0.7205433406379269f,-0.6900221951416743f,0.06845921759852108f,-0.4674333390734263f,-0.639910126475586f,0.6997286883094488f,0.31763940686057474f,1.2945161972309098f,-0.2670811193183375f,0.18506521274567905f,-0.9457370367787552f,-1.3508000157365168f,0f,0f,0f,1f],start_interpolation:0}
execute if entity @s[tag=aj.ecual.bone.ear_left_1] run data modify entity @s {} merge value {transformation:[-0.7205433406379269f,-0.6334724727334133f,0.2820104972360983f,-0.32490203270840856f,-0.639910126475586f,0.764121963316939f,0.08144111498908801f,1.1225887554845988f,-0.2670811193183375f,-0.12177951989427932f,-0.9559484422488395f,-1.3233996237603038f,0f,0f,0f,1f],start_interpolation:0}
execute if entity @s[tag=aj.ecual.bone.head] run data modify entity @s {} merge value {transformation:[-0.7624798013578717f,-0.44787633776296565f,0.4669382599373222f,-0.014647255058195956f,-0.5720247428907164f,0.8038725644667054f,-0.16302329164426888f,0.7872016369206349f,-0.30234458163173733f,-0.3914022051161136f,-0.8691329402273126f,-1.0578525165522248f,0f,0f,0f,1f],start_interpolation:0}
execute if entity @s[tag=aj.ecual.bone.body_1] run data modify entity @s {} merge value {transformation:[-0.6580971909584623f,-0.014416263616704061f,0.7527949645128578f,-0.009241156201931933f,-0.582134160050025f,0.6438425518072702f,-0.496574856577691f,0.5457606799929086f,-0.47752267690177086f,-0.7650221825709606f,-0.4321031742754626f,-0.7709691980881146f,0f,0f,0f,1f],start_interpolation:0}
execute if entity @s[tag=aj.ecual.bone.leg_left_2] run data modify entity @s {} merge value {transformation:[-0.7909866249976514f,0.0877513866684598f,0.6055079299336941f,-0.09839368302461886f,-0.5253737052510324f,0.40978624189312973f,-0.7456927690315273f,0.6938400107134104f,-0.313564393555177f,-0.9079509513695481f,-0.27803316529059324f,-0.48057844252914406f,0f,0f,0f,1f],start_interpolation:0}
execute if entity @s[tag=aj.ecual.bone.leg_left_1] run data modify entity @s {} merge value {transformation:[-0.7909866249976514f,0.6117353595237611f,-0.01095486116569365f,0.07749193859108024f,-0.5253737052510324f,-0.688277708081648f,-0.5002562007498508f,0.4418570237229539f,-0.313564393555177f,-0.389940567864141f,0.8658081338426922f,-0.5020666562118985f,0f,0f,0f,1f],start_interpolation:0}
execute if entity @s[tag=aj.ecual.bone.leg_right_2] run data modify entity @s {} merge value {transformation:[-0.5133780309373469f,0.6538331372578026f,0.5558284141482082f,-0.4186438243050251f,-0.6254948237196591f,0.15834721296945617f,-0.7639910900296669f,0.3955705884286387f,-0.5875365715007067f,-0.7398840373791188f,0.3276772625324646f,-0.45239516690246595f,0f,0f,0f,1f],start_interpolation:0}
execute if entity @s[tag=aj.ecual.bone.leg_right_1] run data modify entity @s {} merge value {transformation:[-0.5133780309373469f,0.8441503137754388f,0.1544449581686649f,-0.09684406700826169f,-0.6254948237196591f,-0.24486283596481961f,-0.7408092987153838f,0.28899667487417635f,-0.5875365715007067f,-0.4769197409586798f,0.6537188522852165f,-0.6201183338766728f,0f,0f,0f,1f],start_interpolation:0}
execute if entity @s[tag=aj.ecual.bone.skirt_forward_right] run data modify entity @s {} merge value {transformation:[-0.5909471606615284f,0.5531890875619525f,0.5871654679121142f,-0.012804644467738586f,-0.5541709532468576f,0.25055673175286153f,-0.7937983867146581f,0.4794541619408064f,-0.5862388658930306f,-0.7944829498332225f,0.15849553476598074f,-0.6852258129247214f,0f,0f,0f,1f],start_interpolation:0}
execute if entity @s[tag=aj.ecual.bone.skirt_forward_left] run data modify entity @s {} merge value {transformation:[-0.713986995859085f,0.4593972122197601f,0.5283718114631321f,-0.013422526636159315f,-0.6001368899766556f,-0.012845625332026378f,-0.7997941630188212f,0.4560942660160658f,-0.36063594251442344f,-0.8881380474422553f,0.28487282364625727f,-0.6558969022994636f,0f,0f,0f,1f],start_interpolation:0}
execute if entity @s[tag=aj.ecual.bone.skirt_forward] run data modify entity @s {} merge value {transformation:[-0.6580971909584623f,0.4713223955469643f,0.5871654679121142f,-0.012804644467738586f,-0.582134160050025f,0.17607935981272224f,-0.7937983867146581f,0.4794541619408064f,-0.47752267690177086f,-0.8642055649576741f,0.15849553476598074f,-0.6852258129247214f,0f,0f,0f,1f],start_interpolation:0}
execute if entity @s[tag=aj.ecual.bone.skirt_back_right] run data modify entity @s {} merge value {transformation:[-0.6372251544530846f,0.267301612804301f,0.7228374300798638f,-0.013213747106601411f,-0.5392652017923164f,0.5154109613775409f,-0.6659914286443717f,0.4955821769990127f,-0.5505789177476148f,-0.8141875635773974f,-0.18428637130229353f,-0.7043232079655221f,0f,0f,0f,1f],start_interpolation:0}
execute if entity @s[tag=aj.ecual.bone.skirt_back_left] run data modify entity @s {} merge value {transformation:[-0.6739607104706978f,0.15258771384803652f,0.7228374300798638f,-0.013213747106601411f,-0.6205727258475368f,0.4139382911816529f,-0.6659914286443717f,0.4955821769990127f,-0.40083220014862875f,-0.8974252507458451f,-0.18428637130229353f,-0.7043232079655221f,0f,0f,0f,1f],start_interpolation:0}
execute if entity @s[tag=aj.ecual.bone.skirt_back] run data modify entity @s {} merge value {transformation:[-0.6580971909584623f,0.21074661783316745f,0.7228374300798638f,-0.013213747106601411f,-0.582134160050025f,0.46644960786250067f,-0.6659914286443717f,0.4955821769990127f,-0.47752267690177086f,-0.8590754486055344f,-0.18428637130229353f,-0.7043232079655221f,0f,0f,0f,1f],start_interpolation:0}
execute if entity @s[tag=aj.ecual.bone.skirt_right] run data modify entity @s {} merge value {transformation:[-0.6168407246642795f,0.35650794229494415f,0.7017190374190165f,-0.14092476316640398f,-0.5240781019293654f,0.47913463091132946f,-0.7041108922176803f,0.3908580381248425f,-0.5872390173291964f,-0.8020798542178258f,-0.10871174722241861f,-0.8063921626219765f,0f,0f,0f,1f],start_interpolation:0}
execute if entity @s[tag=aj.ecual.bone.skirt_left] run data modify entity @s {} merge value {transformation:[-0.6880934318563339f,0.24516606760699122f,0.6829502385461893f,0.12349740179463263f,-0.6302297412941478f,0.2645548429108378f,-0.7299460310740332f,0.6102483849159394f,-0.3596357910782577f,-0.9326866217473829f,-0.027527502410674157f,-0.6267778638494993f,0f,0f,0f,1f],start_interpolation:0}
execute if entity @s[tag=aj.ecual.bone.coat_downer] run data modify entity @s {} merge value {transformation:[-0.6580971909584623f,0.21472856990340777f,0.721664554013718f,-0.03888363138014891f,-0.582134160050025f,0.46277076783480575f,-0.6685529419129321f,0.4204448989042989f,-0.47752267690177086f,-0.8600784020685682f,-0.179547306690313f,-0.5937090789204479f,0f,0f,0f,1f],start_interpolation:0}
execute if entity @s[tag=aj.ecual.bone.body_2] run data modify entity @s {} merge value {transformation:[-0.6580971909584623f,0.15101425264687451f,0.7376332305082839f,9.526826783899596e-17f,-0.582134160050025f,0.5192780135674331f,-0.6256757661347551f,0.541019003186163f,-0.47752267690177086f,-0.8411569652109924f,-0.2538248469350475f,-0.7779244424214838f,0f,0f,0f,1f],start_interpolation:0}
execute if entity @s[tag=aj.ecual.bone.book_left] run data modify entity @s {} merge value {transformation:[-0.2684277757964172f,-0.5935520453321121f,-0.7587110771980692f,-0.2654665035178156f,0.5643753803016678f,0.5413828152951825f,-0.6232054857046835f,0.683939618167651f,0.7806580296713383f,-0.5954835151245824f,0.1896639763490549f,-0.6705268977310177f,0f,0f,0f,1f],start_interpolation:0}
execute if entity @s[tag=aj.ecual.bone.book_right] run data modify entity @s {} merge value {transformation:[-0.2684277757964172f,-0.5935520453321121f,-0.7587110771980692f,-0.2906316074987297f,0.5643753803016678f,0.5413828152951825f,-0.6232054857046835f,0.7368498100709324f,0.7806580296713383f,-0.5954835151245824f,0.1896639763490549f,-0.5973402074493297f,0f,0f,0f,1f],start_interpolation:0}
execute if entity @s[tag=aj.ecual.bone.book_loot_1] run data modify entity @s {} merge value {transformation:[-0.2684277757964172f,-0.5935520453321121f,-0.7587110771980692f,-0.16424239392856224f,0.5643753803016678f,0.5413828152951825f,-0.6232054857046835f,0.8038755369749943f,0.7806580296713383f,-0.5954835151245824f,0.1896639763490549f,-0.6623831490425319f,0f,0f,0f,1f],start_interpolation:0}
execute if entity @s[tag=aj.ecual.bone.book_left2] run data modify entity @s {} merge value {transformation:[-0.6458186633531802f,-0.7627224251874392f,-0.03424552789639809f,0.22310519895758452f,-0.3799529805070219f,0.35997489680576106f,-0.8520879099444566f,1.5796352234397921f,0.6622340875162968f,-0.537282584666461f,-0.522277165445307f,-1.2170942801226208f,0f,0f,0f,1f],start_interpolation:0}
execute if entity @s[tag=aj.ecual.bone.book_right2] run data modify entity @s {} merge value {transformation:[-0.6113479902961945f,-0.7627224251874392f,-0.21096951646386086f,0.28261428741100264f,-0.13030827675261397f,0.35997489680576106f,-0.9238169876547225f,1.6037888885123346f,0.780559663171604f,-0.537282584666461f,-0.31945897458603173f,-1.285390190358935f,0f,0f,0f,1f],start_interpolation:0}
execute if entity @s[tag=aj.ecual.bone.book_loot_2] run data modify entity @s {} merge value {transformation:[-0.6347636101697937f,-0.7627224251874392f,-0.1238130094957769f,0.2714316946086601f,-0.25763909410712f,0.35997489680576106f,-0.8966828708397101f,1.72621448660202f,0.7284897091873518f,-0.537282584666461f,-0.4250060797474012f,-1.1874913232786677f,0f,0f,0f,1f],start_interpolation:0}
execute if entity @s[tag=aj.ecual.bone.air_staff_povit_1] run data modify entity @s {} merge value {transformation:[-0.000010282768608725974f,-0.000006332790166967564f,0.000009914689276046864f,-0.5083253564305769f,-0.000009095846250781642f,0.000012630947512237635f,-0.00000136578582700199f,0.7312022392725981f,-0.000007461291826590171f,-0.000006670499130069422f,-0.000011998924561568084f,-0.32433796110406393f,0f,0f,0f,1f],start_interpolation:0}