# This file was generated by Animated Java via MC-Build. It is not recommended to edit this file directly.
$data merge entity $(bone_wing_right_1) { transformation: [-0.6829488174333304f,0.03639819244444086f,0.4463188644877534f,0.336074138570302f,-0.09008331851576802f,0.7861571178466124f,-0.20195649588151143f,0.8548149535439497f,-0.43864604516175304f,-0.21812061363000446f,-0.6534198416164511f,-0.19102544947899203f,0f,0f,0f,1f], start_interpolation: 0, interpolation_duration: 1 }
$data merge entity $(bone_wing_right_2) { transformation: [-0.6044409295963276f,0.2889607274496899f,0.4372103162329013f,0.336074138570302f,0.21318188085391826f,0.7452615811053067f,-0.19783493474107244f,0.8548149535439497f,-0.4787532227612815f,-0.032967767897820494f,-0.6400847428079521f,-0.19102544947899203f,0f,0f,0f,1f], start_interpolation: 0, interpolation_duration: 1 }
$data merge entity $(bone_wing_left_1) { transformation: [-0.3541423989186963f,0.21926535534306313f,0.7024601836964395f,0.29913727453342653f,0.08762578199147322f,0.786590447841922f,-0.20134953225342228f,0.854727426341875f,-0.730649935374621f,-0.01194218382748163f,-0.3646265221112377f,-0.23267089586880765f,0f,0f,0f,1f], start_interpolation: 0, interpolation_duration: 1 }
$data merge entity $(bone_wing_left_2) { transformation: [-0.4027044565585619f,0.06568197083368828f,0.6881242615801857f,0.29913727453342653f,-0.21556845643447017f,0.7447324900371043f,-0.19724035812580143f,0.854727426341875f,-0.6567795377890006f,-0.28470932016802153f,-0.35718516451713084f,-0.23267089586880765f,0f,0f,0f,1f], start_interpolation: 0, interpolation_duration: 1 }
$data merge entity $(bone_blade) { transformation: [0.8430644067833771f,-1.7392311630818351f,0.5141180480979047f,-0.5660564666224589f,0.9438959287842265f,0.9048869702966423f,1.513353906596843f,1.495544349173016f,-1.5486454990215013f,-0.39529044050213413f,1.2022656054333727f,-0.6206475891974109f,0f,0f,0f,1f], start_interpolation: 0, interpolation_duration: 1 }
$data merge entity $(bone_arm_right_2) { transformation: [-0.7310054424896693f,0.6799552063736454f,0.05737560784737816f,-0.27710739520240996f,0.493120327802237f,0.5845136999386192f,-0.6443415840160249f,1.328607333257798f,-0.471660243563836f,-0.44272412618857704f,-0.762582430122714f,-0.4404008952051086f,0f,0f,0f,1f], start_interpolation: 0, interpolation_duration: 1 }
$data merge entity $(bone_arm_right_1) { transformation: [-0.6481069656557186f,0.7593848831078226f,0.05737560784737816f,-0.06594754470231186f,0.5569668985049322f,0.5240341564034892f,-0.6443415840160249f,1.1471418449138877f,-0.5193700367159565f,-0.38564595450983574f,-0.762582430122714f,-0.27118484736304643f,0f,0f,0f,1f], start_interpolation: 0, interpolation_duration: 1 }
$data merge entity $(bone_arm_left_2) { transformation: [0.4926663903982302f,0.846643561352695f,0.20118277210537705f,0.32332594257062097f,0.6029108610255253f,-0.16537628716336225f,-0.7804800941097223f,0.9249087068147306f,-0.6275175865499218f,0.5058115890962627f,-0.5919259370111052f,0.5339686178089924f,0f,0f,0f,1f], start_interpolation: 0, interpolation_duration: 1 }
$data merge entity $(bone_arm_left_1) { transformation: [0.0033398289993017416f,0.9795480272810779f,0.20118277210537705f,0.32213994534277923f,0.6048242654473353f,0.1582353646457405f,-0.7804800941097223f,1.15321229377539f,-0.7963519658218637f,0.12428689241097862f,-0.5919259370111052f,0.2325373135015727f,0f,0f,0f,1f], start_interpolation: 0, interpolation_duration: 1 }
$data merge entity $(bone_ear_edge_a1) { transformation: [-0.6530849071131621f,0.6646180956605674f,0.36299158533155157f,0.4410354402660433f,0.5907175177564741f,0.747027423030616f,-0.30496367563345417f,1.710101206132585f,-0.4738490459171801f,0.015258314479578258f,-0.8804738869055801f,0.13891322870452744f,0f,0f,0f,1f], start_interpolation: 0, interpolation_duration: 1 }
$data merge entity $(bone_ear_edge_a2) { transformation: [-0.7490135244250467f,0.5542705559623899f,0.36299158533155157f,0.36034590503417513f,0.466583969581194f,0.8302388547122982f,-0.30496367563345417f,1.7722113209695123f,-0.4704021041175573f,-0.059055862699264466f,-0.8804738869055801f,0.08413482818015247f,0f,0f,0f,1f], start_interpolation: 0, interpolation_duration: 1 }
$data merge entity $(bone_ear_edge_b1) { transformation: [-0.7109753462749356f,-0.027913414873362352f,0.7026627201291832f,0.42277247995962636f,0.6162025808645342f,0.45672508161393477f,0.6416358618099768f,1.7785835342217196f,-0.3388339362063998f,0.8891698606536615f,-0.30751995476720745f,-0.04676876203696756f,0f,0f,0f,1f], start_interpolation: 0, interpolation_duration: 1 }
$data merge entity $(bone_ear_edge_b2) { transformation: [-0.6675520164330734f,-0.2462506996879294f,0.7026627201291832f,0.44066477917561686f,0.44490766791311587f,0.6247884344892123f,0.6416358618099768f,1.7703193854388426f,-0.5970188207990182f,0.7409453455091841f,-0.30751995476720745f,-0.023129068750887688f,0f,0f,0f,1f], start_interpolation: 0, interpolation_duration: 1 }
$data merge entity $(bone_ear_right_2) { transformation: [-0.6978554398431841f,-0.13879080236792735f,0.7026627201291832f,0.481245118038066f,0.5371685607518012f,0.5474973590613991f,0.6416358618099768f,1.8242339276063295f,-0.47375913967026995f,0.8252173986283009f,-0.30751995476720745f,0.0804667939653862f,0f,0f,0f,1f], start_interpolation: 0, interpolation_duration: 1 }
$data merge entity $(bone_ear_right_1) { transformation: [-0.6978554398431841f,0.6174422192074032f,0.36299158533155157f,0.3423206187164005f,0.5371685607518012f,0.7864140727911547f,-0.30496367563345417f,1.64729076122832f,-0.47375913967026995f,-0.017832892537814393f,-0.8804738869055801f,0.08447919478639443f,0f,0f,0f,1f], start_interpolation: 0, interpolation_duration: 1 }
$data merge entity $(bone_ear_edge_a3) { transformation: [-0.8366660404316553f,0.04544048078874151f,0.5458251546915953f,0.08576293645908203f,-0.00847091276202546f,0.9953598129614334f,-0.09584928992099245f,1.8294546764073014f,-0.547647861700741f,-0.08481748314509419f,-0.8323988311666096f,-0.06228672214807621f,0f,0f,0f,1f], start_interpolation: 0, interpolation_duration: 1 }
$data merge entity $(bone_ear_edge_a4) { transformation: [-0.8192568358028883f,0.17576443751833148f,0.5458251546915953f,0.18190029040659234f,0.147341958093915f,0.9844304246652947f,-0.09584928992099245f,1.8224035733862478f,-0.554173785355542f,0.0018977610945476175f,-0.8323988311666096f,0.001564916414748617f,0f,0f,0f,1f], start_interpolation: 0, interpolation_duration: 1 }
$data merge entity $(bone_ear_edge_b3) { transformation: [-0.8193354825270525f,-0.14197698166589393f,0.5554564823181063f,0.21324633409065225f,-0.09491112014417749f,0.9890730877876247f,0.1128109315945547f,1.808556682562089f,-0.5654036136647339f,0.03971100214419472f,-0.8238578700015945f,-0.00754784385777757f,0f,0f,0f,1f], start_interpolation: 0, interpolation_duration: 1 }
$data merge entity $(bone_ear_edge_b4) { transformation: [-0.8231076498340086f,0.11816045461799099f,0.5554564823181063f,0.18971086355055256f,0.21537455352328808f,0.9699935543123023f,0.1128109315945547f,1.8226686073182519f,-0.5254594165864567f,0.21248673266125723f,-0.8238578700015945f,-0.02148343968761164f,0f,0f,0f,1f], start_interpolation: 0, interpolation_duration: 1 }
$data merge entity $(bone_ear_left_2) { transformation: [-0.8314581963027916f,-0.012056701526694205f,0.5554564823181063f,0.16547642051009473f,0.06098251261451795f,0.9917433271103915f,0.1128109315945547f,1.9376197157880466f,-0.5522303875703768f,0.12767070564662564f,-0.8238578700015945f,-0.060013674093001915f,0f,0f,0f,1f], start_interpolation: 0, interpolation_duration: 1 }
$data merge entity $(bone_ear_left_1) { transformation: [-0.8314581963027916f,0.10369266274334275f,0.5458251546915953f,0.14214557139284265f,0.06098251261451795f,0.9935260674873416f,-0.09584928992099245f,1.7140763506033951f,-0.5522303875703768f,-0.04640888833331043f,-0.8323988311666096f,-0.04957167421800709f,0f,0f,0f,1f], start_interpolation: 0, interpolation_duration: 1 }
$data merge entity $(bone_head) { transformation: [-0.8007001892942316f,0.23209482375780421f,0.5522781904520724f,0.10602580442711962f,0.2671423575003f,0.96349629326213f,-0.017602661711150686f,1.1874417887974893f,-0.5362034760176061f,0.13344244322916549f,-0.8334740227815547f,-0.024889428658830072f,0f,0f,0f,1f], start_interpolation: 0, interpolation_duration: 1 }
$data merge entity $(bone_body_1) { transformation: [-0.6635466496349163f,0.18910780371673305f,0.7238398181446717f,0.03511037803334473f,-0.0015723690465600697f,0.9671711373545249f,-0.2541210709955714f,0.8247526122895426f,-0.7481332577915909f,-0.1697593285854665f,-0.6414658205581593f,0.038770319560719864f,0f,0f,0f,1f], start_interpolation: 0, interpolation_duration: 1 }
$data merge entity $(bone_leg_left_2) { transformation: [-0.6751469448251974f,0.5824305394860875f,0.45271543994781893f,-0.182610141252727f,-0.03750867452557124f,0.5858010498319116f,-0.8095864557606958f,0.3814236065445896f,-0.7367290561858795f,-0.5635705782683971f,-0.37365559153007166f,0.4171506345283873f,0f,0f,0f,1f], start_interpolation: 0, interpolation_duration: 1 }
$data merge entity $(bone_leg_left_1) { transformation: [-0.6751469448251974f,0.5824305394860875f,0.45271543994781893f,0.017600356695615542f,-0.03750867452557124f,0.5858010498319116f,-0.8095864557606958f,0.5827927174243093f,-0.7367290561858795f,-0.5635705782683971f,-0.37365559153007166f,0.22342324824862583f,0f,0f,0f,1f], start_interpolation: 0, interpolation_duration: 1 }
$data merge entity $(bone_leg_right_2) { transformation: [-0.6350463982486917f,0.7501261676094595f,0.18446355937937792f,-0.43724455782420135f,-0.011835348381234956f,0.2293195012652159f,-0.9732792460893058f,0.7061992376614534f,-0.7723833223212803f,-0.6202606702081133f,-0.13675051880312294f,0.28434664502764545f,0f,0f,0f,1f], start_interpolation: 0, interpolation_duration: 1 }
$data merge entity $(bone_leg_right_1) { transformation: [-0.6350463982486917f,0.7523391715382577f,-0.17521941399426122f,-0.1566652774144913f,-0.011835348381234956f,-0.23627842023800255f,-0.9716133143686991f,0.6045820654157555f,-0.7723833223212803f,-0.6149457529725383f,0.1589519559520394f,0.05521406059991437f,0f,0f,0f,1f], start_interpolation: 0, interpolation_duration: 1 }
$data merge entity $(bone_coat_downer) { transformation: [-0.6630538726489431f,0.1617654933350915f,0.7308840449286698f,-0.04441904775439313f,-0.00964440773171165f,0.9744443983337514f,-0.2244217011687546f,0.6312411568687761f,-0.74850955061692f,-0.15585262180030143f,-0.644548999621618f,0.10030183967334158f,0f,0f,0f,1f], start_interpolation: 0, interpolation_duration: 1 }
$data merge entity $(bone_body_2) { transformation: [-0.6630538726489431f,0.4273630853116566f,0.61458958279338f,0.05625f,-0.00964440773171165f,0.816071176965493f,-0.5778709367373128f,0.8136574074074074f,-0.74850955061692f,-0.38908691501906967f,-0.5369774903999232f,0.01921296296296291f,0f,0f,0f,1f], start_interpolation: 0, interpolation_duration: 1 }