# This file was generated by Animated Java via MC-Build. It is not recommended to edit this file directly.
$data merge entity $(bone_wing_right_1) { transformation: [-0.5124266457978313f,0.09450618541797284f,0.6288338079640534f,0.3755729059429926f,-0.11963568267083516f,0.7788478861675066f,-0.21454071429156407f,0.9573857852582681f,-0.6245403754383791f,-0.22673551899646216f,-0.47485236475891923f,-0.1738985747942073f,0f,0f,0f,1f], start_interpolation: 0, interpolation_duration: 1 }
$data merge entity $(bone_wing_right_2) { transformation: [-0.42833097653931f,0.2776256503372662f,0.6160004649443789f,0.3755729059429926f,0.18369621922410737f,0.7497249449609689f,-0.21016233236724646f,0.9573857852582681f,-0.6502217110952615f,0.0289223992449162f,-0.46516150017200253f,-0.1738985747942073f,0f,0f,0f,1f], start_interpolation: 0, interpolation_duration: 1 }
$data merge entity $(bone_wing_left_1) { transformation: [-0.3429467505487715f,0.2453315937741144f,0.699388575706478f,0.34854616777566444f,0.11963568267083512f,0.7788478861675066f,-0.21454071429156407f,0.9573857852582681f,-0.7314501173452406f,0.012362190465457069f,-0.36300460951201946f,-0.21674302163154985f,0f,0f,0f,1f], start_interpolation: 0, interpolation_duration: 1 }
$data merge entity $(bone_wing_left_2) { transformation: [-0.4023436603555983f,0.0934695169448029f,0.6851153394675704f,0.34854616777566444f,-0.18369621922410742f,0.7497249449609689f,-0.21016233236724646f,0.9573857852582681f,-0.6666147898257492f,-0.2630132245826767f,-0.3555963521750395f,-0.21674302163154985f,0f,0f,0f,1f], start_interpolation: 0, interpolation_duration: 1 }
$data merge entity $(bone_blade) { transformation: [0.9416597551889646f,-1.6636818870893764f,0.5877410008057881f,-0.45065728858915466f,0.9587738238997877f,1.041728929275663f,1.4126406452154625f,1.6204152816957735f,-1.481225728936018f,-0.3833580786691599f,1.2880244265762404f,-0.7237442988827326f,0f,0f,0f,1f], start_interpolation: 0, interpolation_duration: 1 }
$data merge entity $(bone_arm_right_2) { transformation: [-0.6438892109283264f,0.7474499453594081f,0.16347863234170562f,-0.1900932290532173f,0.4986762961902809f,0.572019984438108f,-0.6512411911276572f,1.4499874171738127f,-0.5802832374522291f,-0.33780425779679624f,-0.7410530667545445f,-0.5172473034863645f,0f,0f,0f,1f], start_interpolation: 0, interpolation_duration: 1 }
$data merge entity $(bone_arm_right_1) { transformation: [-0.5209016649509538f,0.8378163236766215f,0.16347863234170562f,-0.016805447380897436f,0.5809347040390441f,0.4882619999771621f,-0.6512411911276572f,1.2567285106796855f,-0.6254409045580503f,-0.24426220984690247f,-0.7410530667545445f,-0.3091825684116581f,0f,0f,0f,1f], start_interpolation: 0, interpolation_duration: 1 }
$data merge entity $(bone_arm_left_2) { transformation: [0.6334608782308787f,0.6926222875026834f,0.34496620501943964f,0.20893874146531266f,0.6599342399915454f,-0.2508320948063856f,-0.7082161104506322f,0.9989573773662725f,-0.40399766662413467f,0.6762822096355859f,-0.6159774819688328f,0.5111001914465524f,0f,0f,0f,1f], start_interpolation: 0, interpolation_duration: 1 }
$data merge entity $(bone_arm_left_1) { transformation: [0.205188589211268f,0.9159126378929245f,0.34496620501943964f,0.2845638404268369f,0.6972899953638116f,0.11052874406105292f,-0.7082161104506322f,1.2622306151489338f,-0.6867927673054115f,0.3858593480587336f,-0.6159774819688328f,0.25075586109436226f,0f,0f,0f,1f], start_interpolation: 0, interpolation_duration: 1 }
$data merge entity $(bone_ear_edge_a1) { transformation: [-0.5755699676988646f,0.710482397108419f,0.4048876087041966f,0.48625386454082054f,0.6540856372120458f,0.6971510553028432f,-0.29351726573243375f,1.7828824619693622f,-0.4908066742374637f,0.09589144638187004f,-0.8659755418224887f,0.15537947552442283f,0f,0f,0f,1f], start_interpolation: 0, interpolation_duration: 1 }
$data merge entity $(bone_ear_edge_a2) { transformation: [-0.679627680005045f,0.6116961998318752f,0.4048876087041966f,0.41413523882203734f,0.5369743052365462f,0.7908895057039792f,-0.29351726573243375f,1.8527039500099773f,-0.4997647567473007f,0.017931784031664337f,-0.8659755418224887f,0.09799477148904172f,0f,0f,0f,1f], start_interpolation: 0, interpolation_duration: 1 }
$data merge entity $(bone_ear_edge_b1) { transformation: [-0.5458535856879145f,0.5407723457065202f,0.6400071352029715f,0.4157625264757231f,0.7210306206907161f,0.6922516662254778f,0.030041215594750925f,1.8444133065741652f,-0.42680054711540305f,0.47786284719270405f,-0.7677814742847568f,0.041786070233968936f,0f,0f,0f,1f], start_interpolation: 0, interpolation_duration: 1 }
$data merge entity $(bone_ear_edge_b2) { transformation: [-0.6862454545228849f,0.3456270287983344f,0.6400071352029715f,0.43891394773259584f,0.4718233410081983f,0.8811811733380663f,0.030041215594750925f,1.8373862381115196f,-0.5535791822553849f,0.3225859524507914f,-0.7677814742847568f,0.06080967734745047f,0f,0f,0f,1f], start_interpolation: 0, interpolation_duration: 1 }
$data merge entity $(bone_ear_right_2) { transformation: [-0.6237286548651523f,0.44872422710323234f,0.6400071352029715f,0.5382052397671355f,0.6038615181891045f,0.7965229389138392f,0.030041215594750925f,1.896195180255272f,-0.49630014300870157f,0.4052132473089538f,-0.7677814742847568f,0.10517624337745263f,0f,0f,0f,1f], start_interpolation: 0, interpolation_duration: 1 }
$data merge entity $(bone_ear_right_1) { transformation: [-0.6237286548651523f,0.6686019663580904f,0.4048876087041966f,0.38776979733656536f,0.6038615181891045f,0.7410795379494065f,-0.29351726573243375f,1.7294522842166558f,-0.49630014300870157f,0.06142091675308395f,-0.8659755418224887f,0.09135653710800876f,0f,0f,0f,1f], start_interpolation: 0, interpolation_duration: 1 }
$data merge entity $(bone_ear_edge_a3) { transformation: [-0.8051154981458979f,0.1443338491861732f,0.575288427333964f,0.15719200596492536f,0.09152078888389f,0.9885543050244866f,-0.11993469564569201f,1.93846433268421f,-0.5860144877452717f,-0.043910431524381226f,-0.8091099394742282f,-0.061052172887845924f,0f,0f,0f,1f], start_interpolation: 0, interpolation_duration: 1 }
$data merge entity $(bone_ear_edge_a4) { transformation: [-0.7726244018665133f,0.26850467224245284f,0.575288427333964f,0.24889258129355243f,0.24503797997241f,0.9620665554687036f,-0.11993469564569201f,1.9199347429441862f,-0.5856687818310393f,0.048303041649123996f,-0.8091099394742282f,0.006894860994916027f,0f,0f,0f,1f], start_interpolation: 0, interpolation_duration: 1 }
$data merge entity $(bone_ear_edge_b3) { transformation: [-0.7966741958105397f,-0.039762608831478766f,0.6030996274816828f,0.27811137327207835f,0.004274862365268112f,0.9974379974970232f,0.07140844978632731f,1.9037500462878982f,-0.6043938709826466f,0.059467437207628135f,-0.7944631348467772f,0.0002723651590792603f,0f,0f,0f,1f], start_interpolation: 0, interpolation_duration: 1 }
$data merge entity $(bone_ear_edge_b4) { transformation: [-0.7699695071594252f,0.20836937725137822f,0.6030996274816828f,0.25687275587810277f,0.3122909277706496f,0.9472989020004513f,0.07140844978632731f,1.9205633581020674f,-0.5564362806978163f,0.2433248710933848f,-0.7944631348467772f,-0.014339250153124684f,0f,0f,0f,1f], start_interpolation: 0, interpolation_duration: 1 }
$data merge entity $(bone_ear_left_2) { transformation: [-0.7930860568962341f,0.08535423649848108f,0.6030996274816828f,0.2466401329730154f,0.16025591126507024f,0.9844891447871407f,0.07140844978632731f,2.0382357680708854f,-0.5876500227698331f,0.15328332625581242f,-0.7944631348467772f,-0.050865157285770776f,0f,0f,0f,1f], start_interpolation: 0, interpolation_duration: 1 }
$data merge entity $(bone_ear_left_1) { transformation: [-0.7930860568962341f,0.20014427729115228f,0.575288427333964f,0.20160767058250623f,0.16025591126507024f,0.9797620689151919f,-0.11993469564569201f,1.8177893025649676f,-0.5876500227698331f,-0.002925163692038317f,-0.8091099394742282f,-0.05020699545506216f,0f,0f,0f,1f], start_interpolation: 0, interpolation_duration: 1 }
$data merge entity $(bone_head) { transformation: [-0.7446485070162365f,0.31806518288425606f,0.5867990630831773f,0.11334285701000521f,0.3533480733932476f,0.9337105431153147f,-0.057704078751716514f,1.2968973925052039f,-0.5662541302522837f,0.1643750623181904f,-0.807673881501761f,-0.03842763981466928f,0f,0f,0f,1f], start_interpolation: 0, interpolation_duration: 1 }
$data merge entity $(bone_body_1) { transformation: [-0.5335284594853615f,0.22292127837306114f,0.815875901450519f,0.029747377620107287f,-2.7755575615628914e-17f,0.9646407612179507f,-0.26356821089966936f,0.9351571070484724f,-0.8457821131468654f,-0.14062114153061347f,-0.5146632992893996f,0.014305288259310775f,0f,0f,0f,1f], start_interpolation: 0, interpolation_duration: 1 }
$data merge entity $(bone_leg_left_2) { transformation: [-0.5695766458085377f,0.6410300322981788f,0.5144540234474712f,-0.2567859675907534f,-0.04375928545309899f,0.6013663281675565f,-0.7977741937935224f,0.5131471689752424f,-0.8207725443057471f,-0.47690568987805804f,-0.3144731999325279f,0.3671220967095291f,0f,0f,0f,1f], start_interpolation: 0, interpolation_duration: 1 }
$data merge entity $(bone_leg_left_1) { transformation: [-0.5695766458085377f,0.6797717379584448f,0.46205284202399494f,-0.02296712906570838f,-0.04375928545309899f,0.5362742583935639f,-0.8429086811280728f,0.6915726051834751f,-0.8207725443057471f,-0.5003202015283696f,-0.27570296780499437f,0.19535036732215538f,0f,0f,0f,1f], start_interpolation: 0, interpolation_duration: 1 }
$data merge entity $(bone_leg_right_2) { transformation: [-0.45248100325863666f,0.8647718404000501f,0.2177856876407812f,-0.4815236330730942f,-0.005371519491080799f,0.24156883928666614f,-0.9703688178543505f,0.8327397355744597f,-0.8917578642593597f,-0.4402432962996745f,-0.10466017196040837f,0.15902539834096507f,0f,0f,0f,1f], start_interpolation: 0, interpolation_duration: 1 }
$data merge entity $(bone_leg_right_1) { transformation: [-0.45248100325863666f,0.8583102340082225f,-0.24200099976406705f,-0.16644183618564992f,-0.005371519491080799f,-0.2739885933483959f,-0.9617179407151164f,0.7143939621370068f,-0.8917578642593597f,-0.4338591855795121f,0.12858506375107404f,-0.00013532972655722983f,0f,0f,0f,1f], start_interpolation: 0, interpolation_duration: 1 }
$data merge entity $(bone_coat_downer) { transformation: [-0.5335284594853615f,0.23041251033269028f,0.8137920238005314f,-0.06337998048366969f,-2.7755575615628914e-17f,0.9621769143032481f,-0.27242537617094337f,0.7407409755013019f,-0.8457821131468654f,-0.14534669127320352f,-0.5133487668405905f,0.06381401545295218f,0f,0f,0f,1f], start_interpolation: 0, interpolation_duration: 1 }
$data merge entity $(bone_body_2) { transformation: [-0.5335284594853615f,0.499633183301551f,0.6824324619060377f,0.05242499999999998f,-2.7755575615628914e-17f,0.8068655641899786f,-0.5907351024989014f,0.9210250000000002f,-0.8457821131468654f,-0.315173989200166f,-0.43048574147406626f,6.420210844529996e-18f,0f,0f,0f,1f], start_interpolation: 0, interpolation_duration: 1 }