# This file was generated by Animated Java via MC-Build. It is not recommended to edit this file directly.
$data merge entity $(bone_wing_right_1) { transformation: [-0.7087428540408934f,-0.11662664645671708f,-0.38862094208453707f,-0.10854006923911577f,-0.14390622803277467f,0.8036059463435163f,0.021282034187669666f,1.3760355930351535f,0.37936658896612413f,0.08694913905293139f,-0.7179591094474713f,-0.5280176418993707f,0f,0f,0f,1f], start_interpolation: 0, interpolation_duration: 1 }
$data merge entity $(bone_wing_right_2) { transformation: [-0.6851501407673164f,0.16013894835115888f,-0.38068990245015877f,-0.10854006923911577f,0.17101191490809842f,0.7812299905111186f,0.020847706959349878f,1.3760355930351535f,0.3759311234335244f,-0.06352337480788059f,-0.7033068827240536f,-0.5280176418993707f,0f,0f,0f,1f], start_interpolation: 0, interpolation_duration: 1 }
$data merge entity $(bone_wing_left_1) { transformation: [-0.7686900414741946f,0.14388463520882333f,-0.23528127068185672f,-0.1556616640348532f,0.14390622803277467f,0.8036059463435163f,0.021282034187669666f,1.3760355930351535f,0.23526806437811387f,-0.021427533610052108f,-0.7817507551205882f,-0.508414338649372f,0f,0f,0f,1f], start_interpolation: 0, interpolation_duration: 1 }
$data merge entity $(bone_wing_left_2) { transformation: [-0.7496221344289684f,-0.15794240716792482f,-0.23047961209651271f,-0.1556616640348532f,-0.17101191490809842f,0.7812299905111186f,0.020847706959349878f,1.3760355930351535f,0.22095606018759206f,0.06880332800089735f,-0.765796658077311f,-0.508414338649372f,0f,0f,0f,1f], start_interpolation: 0, interpolation_duration: 1 }
$data merge entity $(bone_blade) { transformation: [0.6921106071673514f,1.8148572554339542f,-0.47673477935344155f,0.11222906709171397f,1.2147208366779627f,-0.046052115298128034f,1.588185282521204f,1.2816068932845956f,1.43018746896581f,-0.8391497751148497f,-1.118209040626066f,0.19054308739040202f,0f,0f,0f,1f], start_interpolation: 0, interpolation_duration: 1 }
$data merge entity $(bone_arm_right_2) { transformation: [0.8513753372910957f,-0.4155898808691527f,-0.3200704390780822f,-0.22397034232751176f,-0.46167209892058236f,-0.3039727307544975f,-0.8333423378395686f,1.3990451675614195f,0.2490359575056117f,0.8572547053687236f,-0.4506611387644224f,0.21309913852180792f,0f,0f,0f,1f], start_interpolation: 0, interpolation_duration: 1 }
$data merge entity $(bone_arm_right_1) { transformation: [0.25525194482344665f,-0.9123603228397275f,-0.3200704390780822f,-0.2797426290593488f,-0.5339486627490816f,0.14296633699073968f,-0.8333423378395686f,1.5876979005526919f,0.806067782641333f,0.3836134353685211f,-0.4506611387644224f,-0.09613819583147068f,0f,0f,0f,1f], start_interpolation: 0, interpolation_duration: 1 }
$data merge entity $(bone_arm_left_2) { transformation: [0.5829804544343533f,0.7542303133204811f,-0.30210995385124884f,0.47505599358424266f,0.44614401125723346f,-0.6079276911958437f,-0.656794826027578f,1.3236083359799804f,-0.6790355741541234f,0.24811399949575552f,-0.6909052990731797f,-0.1221699206796292f,0f,0f,0f,1f], start_interpolation: 0, interpolation_duration: 1 }
$data merge entity $(bone_arm_left_1) { transformation: [-0.3618043763060292f,0.8819451054741454f,-0.30210995385124884f,0.3227055055555622f,0.7495423596714625f,0.08250337909164274f,-0.656794826027578f,1.5803039963666123f,-0.5543318900658168f,-0.46407545008183637f,-0.6909052990731797f,-0.2995745271612041f,0f,0f,0f,1f], start_interpolation: 0, interpolation_duration: 1 }
$data merge entity $(bone_ear_edge_a1) { transformation: [-0.9862662197871175f,0.15472085922632778f,-0.057796188690052104f,0.18436088650742927f,0.12458592937639788f,0.9266564752184031f,0.3546633941319912f,2.215631049703661f,0.10843103756880876f,0.3425919331450636f,-0.9332060208955361f,-0.023103967612536747f,0f,0f,0f,1f], start_interpolation: 0, interpolation_duration: 1 }
$data merge entity $(bone_ear_edge_a2) { transformation: [-0.9983273208502129f,-0.0014700397749429217f,-0.057796188690052104f,0.06935372795497866f,-0.021908940129579398f,0.9347373295237407f,0.3546633941319912f,2.2225271740178365f,0.05350288577669919f,0.355336409305162f,-0.9332060208955361f,-0.013360376070660401f,0f,0f,0f,1f], start_interpolation: 0, interpolation_duration: 1 }
$data merge entity $(bone_ear_edge_b1) { transformation: [-0.9672741011859072f,0.25116686715108527f,-0.036000250283913765f,0.045013120009021385f,0.18768165114047766f,0.8037156154307306f,0.5646386520049669f,2.2248335208044883f,0.17075248460909542f,0.5394037581981712f,-0.8245527118635348f,-0.042708089922079334f,0f,0f,0f,1f], start_interpolation: 0, interpolation_duration: 1 }
$data merge entity $(bone_ear_edge_b2) { transformation: [-0.9975471673499949f,-0.06003024980371899f,-0.036000250283913765f,0.07419732899729245f,-0.06986592650643045f,0.8223757930383238f,0.5646386520049669f,2.2334458404256146f,-0.004289664951881669f,0.5657688787244233f,-0.8245527118635348f,-0.03808472302419234f,0f,0f,0f,1f], start_interpolation: 0, interpolation_duration: 1 }
$data merge entity $(bone_ear_right_2) { transformation: [-0.9946565063995728f,0.0967595796626473f,-0.036000250283913765f,0.1318340747302515f,0.059642156230707656f,0.823180421209206f,0.5646386520049669f,2.3382372399281017f,0.08426889982163327f,0.5594743764296467f,-0.8245527118635348f,-0.006741260183045564f,0f,0f,0f,1f], start_interpolation: 0, interpolation_duration: 1 }
$data merge entity $(bone_ear_right_1) { transformation: [-0.9946565063995728f,0.08554551332419785f,-0.057796188690052104f,0.11258633423230702f,0.059642156230707656f,0.9330898617297948f,0.3546633941319912f,2.1282920210388983f,0.08426889982163327f,0.3493211632397495f,-0.9332060208955361f,-0.08533852191198907f,0f,0f,0f,1f], start_interpolation: 0, interpolation_duration: 1 }
$data merge entity $(bone_ear_edge_a3) { transformation: [-0.9791763763769123f,-0.1883100320417662f,-0.07584824175818401f,-0.20761419042770632f,-0.20242672507264742f,0.9339869572080027f,0.2944346867162545f,2.199392375647931f,0.015396263239557943f,0.30365720080012104f,-0.9526569474267708f,-0.006396563915721798f,0f,0f,0f,1f], start_interpolation: 0, interpolation_duration: 1 }
$data merge entity $(bone_ear_edge_a4) { transformation: [-0.9965792694578351f,-0.0328146904461952f,-0.07584824175818401f,-0.09315388154490252f,-0.05382676617372435f,0.9541545443488597f,0.2944346867162545f,2.2152077929048035f,0.06270916145322582f,0.29751017056453727f,-0.9526569474267708f,-0.010621595565800182f,0f,0f,0f,1f], start_interpolation: 0, interpolation_duration: 1 }
$data merge entity $(bone_ear_edge_b3) { transformation: [-0.9588950833442631f,-0.27383672810860216f,-0.074388611204769f,-0.07068631615099001f,-0.2836080237882858f,0.9162581357732772f,0.28290902684817587f,2.2122207006167818f,-0.009311712039248424f,0.2923772818945655f,-0.9562577147667064f,-0.011780051050492832f,0f,0f,0f,1f], start_interpolation: 0, interpolation_duration: 1 }
$data merge entity $(bone_ear_edge_b4) { transformation: [-0.9965836201275358f,0.035880671907328604f,-0.074388611204769f,-0.10003377670860308f,0.01341207609081041f,0.9590529697272995f,0.28290902684817587f,2.220240501569489f,0.08149358446178413f,0.28094479642934517f,-0.9562577147667064f,-0.00712441183570213f,0f,0f,0f,1f], start_interpolation: 0, interpolation_duration: 1 }
$data merge entity $(bone_ear_left_2) { transformation: [-0.9899269957431678f,-0.12046110418691974f,-0.074388611204769f,-0.16348344293550615f,-0.13678198708646655f,0.94934354716114f,0.28290902684817587f,2.3262904816297434f,0.036540814270948095f,0.29023430507362874f,-0.9562577147667064f,-0.003493142613484518f,0f,0f,0f,1f], start_interpolation: 0, interpolation_duration: 1 }
$data merge entity $(bone_ear_left_1) { transformation: [-0.9899269957431678f,-0.11954742707853772f,-0.07584824175818401f,-0.1365852718428352f,-0.13678198708646655f,0.9458323864549039f,0.2944346867162545f,2.1134781946773904f,0.036540814270948095f,0.3018435180883017f,-0.9526569474267708f,-0.07140793418335228f,0f,0f,0f,1f], start_interpolation: 0, interpolation_duration: 1 }
$data merge entity $(bone_head) { transformation: [-0.9966864243005689f,-0.044428355478699263f,-0.06813437344251977f,0.012899262547648031f,-0.05925530544603131f,0.9704252311868485f,0.23401640851113192f,1.6162291641089115f,0.05572235091454719f,0.2372783005363317f,-0.9698422694970281f,-0.1696707861507586f,0f,0f,0f,1f], start_interpolation: 0, interpolation_duration: 1 }
$data merge entity $(bone_body_1) { transformation: [-0.9232903037779367f,0.010061729877883563f,-0.38397106211472465f,0.009126113843441695f,0f,0.9996568415248412f,0.026195404035411263f,1.241357848537096f,0.38410287026999057f,0.024185962549440665f,-0.9229734688851634f,-0.17874052210679883f,0f,0f,0f,1f], start_interpolation: 0, interpolation_duration: 1 }
$data merge entity $(bone_leg_left_2) { transformation: [-0.8791842788810191f,-0.13381309709013137f,-0.4573063074303798f,0.3005590809807793f,-0.05718000832445311f,0.9824499306108784f,-0.17754599542286456f,0.9576395383343878f,0.4730385295263774f,-0.12994686948836992f,-0.871405967786367f,0.12266131462052365f,0f,0f,0f,1f], start_interpolation: 0, interpolation_duration: 1 }
$data merge entity $(bone_leg_left_1) { transformation: [-0.8791842788810191f,-0.4756443864181258f,-0.028238651479605997f,0.1581227563492979f,-0.05718000832445311f,0.16415729767757847f,-0.9847755217648388f,0.9249369531428911f,0.4730385295263774f,-0.8641844706358242f,-0.17152186535658642f,-0.14602232004730625f,0f,0f,0f,1f], start_interpolation: 0, interpolation_duration: 1 }
$data merge entity $(bone_leg_right_2) { transformation: [-0.9421518241395249f,-0.2058849038918964f,-0.26450207299752926f,0.038508245965253984f,0.03396507023896532f,0.7264159341948748f,-0.6864155188742819f,0.7563954440660869f,0.3334611135863189f,-0.6556914647127959f,-0.6774012022638874f,0.28186543245595513f,0f,0f,0f,1f], start_interpolation: 0, interpolation_duration: 1 }
$data merge entity $(bone_leg_right_1) { transformation: [-0.9421518241395249f,-0.28117705399934745f,-0.18245384231310055f,-0.07316917639053853f,0.03396507023896532f,0.46144683724970975f,-0.8865174507001552f,0.9278131396124747f,0.3334611135863189f,-0.841431090878206f,-0.42520278106955534f,-0.05112482257838902f,0f,0f,0f,1f], start_interpolation: 0, interpolation_duration: 1 }
$data merge entity $(bone_coat_downer) { transformation: [-0.9232903037779367f,-0.11268242385338498f,-0.3672025140221283f,0.02634580536942158f,0f,0.956000442704365f,-0.293365222119218f,0.9810225892997717f,0.38410287026999057f,-0.2708612650483347f,-0.8826659391563552f,-0.11700894951189118f,0f,0f,0f,1f], start_interpolation: 0, interpolation_duration: 1 }
$data merge entity $(bone_body_2) { transformation: [-0.9232903037779367f,-0.15019417451272365f,-0.3535204730876088f,2.4575904607645155e-17f,0f,0.9203796702667568f,-0.39102591034310763f,1.186669921875f,0.38410287026999057f,-0.3610304315457321f,-0.8497776253516311f,-0.20067749023437498f,0f,0f,0f,1f], start_interpolation: 0, interpolation_duration: 1 }