# This file was generated by Animated Java via MC-Build. It is not recommended to edit this file directly.
$data merge entity $(bone_wing_right_1) { transformation: [-0.7972317593411574f,-0.14057346904952392f,-0.10772681254743299f,0.02587383539483637f,-0.17624141405331623f,0.5807261175428736f,0.5464801778843513f,1.4405441930438512f,-0.01746225399926264f,0.5567231993077055f,-0.5972426587931428f,-0.13524645018772133f,0f,0f,0f,1f], start_interpolation: 0, interpolation_duration: 1 }
$data merge entity $(bone_wing_right_2) { transformation: [-0.7742118296410764f,0.17163863038645163f,-0.10552830616891395f,0.02587383539483637f,0.05819601178839531f,0.591639813793376f,0.535327521192834f,1.4405441930438512f,0.1928970374467735f,0.5103944663626382f,-0.5850540331034868f,-0.13524645018772133f,0f,0f,0f,1f], start_interpolation: 0, interpolation_duration: 1 }
$data merge entity $(bone_wing_left_1) { transformation: [-0.7972317593411574f,0.1405734690495238f,0.10772681254743313f,-0.025873835394836314f,0.17624141405331623f,0.5807261175428736f,0.5464801778843513f,1.4405441930438512f,0.01746225399926244f,0.5567231993077055f,-0.5972426587931428f,-0.13524645018772136f,0f,0f,0f,1f], start_interpolation: 0, interpolation_duration: 1 }
$data merge entity $(bone_wing_left_2) { transformation: [-0.7742118296410764f,-0.17163863038645175f,0.1055283061689141f,-0.025873835394836314f,-0.05819601178839531f,0.591639813793376f,0.535327521192834f,1.4405441930438512f,-0.1928970374467737f,0.5103944663626381f,-0.5850540331034868f,-0.13524645018772136f,0f,0f,0f,1f], start_interpolation: 0, interpolation_duration: 1 }
$data merge entity $(bone_blade) { transformation: [0.23458874129664126f,0.525570628827563f,1.9153964698126222f,-0.38636148303682194f,1.98589546744049f,-0.028605456684562155f,-0.2353740007884988f,0.7529722140228822f,-0.03445743542654161f,1.9294966291656659f,-0.5252194238431763f,0.2128716808825202f,0f,0f,0f,1f], start_interpolation: 0, interpolation_duration: 1 }
$data merge entity $(bone_arm_right_2) { transformation: [-0.05024380842882921f,-0.9687865422944089f,-0.242751303155741f,-0.45399974251715475f,-0.9871005543102561f,0.011174411008081475f,0.15971107732091627f,1.0297959179797742f,-0.1520133395296357f,0.24764443867744304f,-0.9568511778731225f,0.19965987347033623f,0f,0f,0f,1f], start_interpolation: 0, interpolation_duration: 1 }
$data merge entity $(bone_arm_right_1) { transformation: [-0.398239340843916f,-0.8860138384025269f,-0.23745506009227085f,-0.2984375000000001f,-0.9071604106360024f,0.3420709469915205f,0.24504582550829906f,1.3841554533844627f,-0.13588751516943226f,0.31299671784787936f,-0.9399827859261743f,0.2527409340833957f,0f,0f,0f,1f], start_interpolation: 0, interpolation_duration: 1 }
$data merge entity $(bone_arm_left_2) { transformation: [-0.09491353709307215f,0.8480541100718696f,-0.521340240981541f,0.502608554459733f,0.13419812241304546f,0.5298241198341395f,0.8374229910760704f,1.4107536996558043f,0.9863986437629035f,0.009519896648002568f,-0.16409475052699302f,-0.04960347644353236f,0f,0f,0f,1f], start_interpolation: 0, interpolation_duration: 1 }
$data merge entity $(bone_arm_left_1) { transformation: [-0.45046932361348246f,0.721581406503317f,-0.5257353538348988f,0.33593749999999994f,-0.16623799919157073f,0.5107761227865789f,0.8434883994554357f,1.3500106253426734f,0.8771786112919051f,0.4673628421042952f,-0.11013472527863638f,0.280799011672508f,0f,0f,0f,1f], start_interpolation: 0, interpolation_duration: 1 }
$data merge entity $(bone_ear_edge_a1) { transformation: [-0.9890596179200833f,0.14710253596563783f,-0.011041562944476883f,0.1945983575183169f,0.13935324826697773f,0.9562610413877396f,0.2571876609044017f,1.9535622424364802f,0.04839157361794176f,0.2528352519656104f,-0.9662983964419405f,0.532509061875158f,0f,0f,0f,1f], start_interpolation: 0, interpolation_duration: 1 }
$data merge entity $(bone_ear_edge_a2) { transformation: [-0.9998945592929941f,-0.00943155257698601f,-0.011041562944476883f,0.07933044537526304f,-0.011954605910951627f,0.966287531988298f,0.2571876609044017f,1.9619229003229899f,0.008243645660940106f,0.25729254038924493f,-0.9662983964419405f,0.5360514417088236f,0f,0f,0f,1f], start_interpolation: 0, interpolation_duration: 1 }
$data merge entity $(bone_ear_edge_b1) { transformation: [-0.973240998343049f,0.22790940555716915f,0.029313171148876223f,0.056372657294544326f,0.18185363832339607f,0.6859506676310215f,0.7045572622612722f,1.9749085569499725f,0.14046783750299904f,0.6910347201372256f,-0.70904146718799f,0.4723744596886298f,0f,0f,0f,1f], start_interpolation: 0, interpolation_duration: 1 }
$data merge entity $(bone_ear_edge_b2) { transformation: [-0.9960350728948149f,-0.08399328283034159f,0.029313171148876223f,0.08532148593172008f,-0.03901732586137889f,0.7085737170383387f,0.7045572622612722f,1.9816993040758775f,-0.07994862003842242f,0.7006200225242314f,-0.70904146718799f,0.4803190615671031f,0f,0f,0f,1f], start_interpolation: 0, interpolation_duration: 1 }
$data merge entity $(bone_ear_right_2) { transformation: [-0.9969116725885739f,0.07285502764976956f,0.029313171148876223f,0.14249395032032505f,0.07230839253197537f,0.7059536532693506f,0.7045572622612722f,2.07742796158461f,0.030636798561432036f,0.7045009470411014f,-0.70904146718799f,0.5337323368697795f,0f,0f,0f,1f], start_interpolation: 0, interpolation_duration: 1 }
$data merge entity $(bone_ear_right_1) { transformation: [-0.9969116725885739f,0.07775089031255623f,-0.011041562944476883f,0.12499999999999993f,0.07230839253197537f,0.963652428756325f,0.2571876609044017f,1.860606165114437f,0.030636798561432036f,0.25559498353379434f,-0.9662983964419405f,0.4762234655746759f,0f,0f,0f,1f], start_interpolation: 0, interpolation_duration: 1 }
$data merge entity $(bone_ear_edge_a3) { transformation: [-0.9879491439318334f,-0.1527048035635081f,-0.025253355677766775f,-0.19404017856135003f,-0.13340904722042687f,0.757411166998698f,0.6391637898265263f,1.9193999857083188f,-0.07847620737583658f,0.6348303451114324f,-0.7686559163901647f,0.5680361685925117f,0f,0f,0f,1f], start_interpolation: 0, interpolation_duration: 1 }
$data merge entity $(bone_ear_edge_a4) { transformation: [-0.9996741448169505f,0.003724541785382618f,-0.025253355677766775f,-0.07885516659449195f,-0.01328134974458349f,0.7689559516146253f,0.6391637898265263f,1.9286788615838928f,0.021799310389572148f,0.6392909136417746f,-0.7686559163901647f,0.571967593993108f,0f,0f,0f,1f], start_interpolation: 0, interpolation_duration: 1 }
$data merge entity $(bone_ear_edge_b3) { transformation: [-0.9755389597657693f,-0.2088174222118196f,-0.06869513927441608f,-0.05881373287320088f,-0.11946873290380414f,0.2413032015853604f,0.9630680073406105f,1.9774261956060117f,-0.1845290216672712f,0.9477172833105163f,-0.2603478271026169f,0.5130840222378913f,0f,0f,0f,1f], start_interpolation: 0, interpolation_duration: 1 }
$data merge entity $(bone_ear_edge_b4) { transformation: [-0.9923208167700515f,0.10286094713197343f,-0.06869513927441608f,-0.08750219148121727f,-0.03905472683472804f,0.26641085103435697f,0.9630680073406105f,1.9783819390703228f,0.1173632179035784f,0.9583553015485764f,-0.2603478271026169f,0.5241891796940713f,0f,0f,0f,1f], start_interpolation: 0, interpolation_duration: 1 }
$data merge entity $(bone_ear_left_2) { transformation: [-0.9961946980917455f,-0.05363861793488491f,-0.06869513927441608f,-0.14376881910898973f,-0.0802497373022612f,0.25702138607497943f,0.9630680073406105f,2.0327024317510896f,-0.03400151697812978f,0.9649160096952125f,-0.2603478271026169f,0.6199440501789002f,0f,0f,0f,1f], start_interpolation: 0, interpolation_duration: 1 }
$data merge entity $(bone_ear_left_1) { transformation: [-0.9961946980917455f,-0.08341697381773198f,-0.025253355677766775f,-0.12500000000000006f,-0.0802497373022612f,0.7648722961629019f,0.6391637898265263f,1.860606165114437f,-0.03400151697812978f,0.6387581537965537f,-0.7686559163901647f,0.4762234655746758f,0f,0f,0f,1f], start_interpolation: 0, interpolation_duration: 1 }
$data merge entity $(bone_head) { transformation: [-1f,-4.777636862550827e-17f,1.1276088163710908e-16f,-3.7358942910075306e-17f,0f,0.9207624738464804f,0.39012365572483465f,1.3765240330267146f,-1.2246467991473532e-16f,0.39012365572483465f,-0.9207624738464804f,0.3050589193234005f,0f,0f,0f,1f], start_interpolation: 0, interpolation_duration: 1 }
$data merge entity $(bone_body_1) { transformation: [-1f,-8.267079861502836e-17f,9.035007959582548e-17f,-6.357393429439668e-18f,0f,0.7377643877298394f,0.6750582998509203f,1.0998623876280247f,-1.2246467991473532e-16f,0.6750582998509203f,-0.7377643877298394f,0.05191205687930539f,0f,0f,0f,1f], start_interpolation: 0, interpolation_duration: 1 }
$data merge entity $(bone_leg_left_2) { transformation: [-0.9896743510745687f,0.08389990840858666f,-0.11621309820395538f,0.17014477759644742f,-0.12136310546807473f,-0.059126561449786286f,0.9908456218615842f,0.6234559478047413f,0.07626057602900982f,0.9947184803250391f,0.0686983947670411f,0.08338017754292643f,0f,0f,0f,1f], start_interpolation: 0, interpolation_duration: 1 }
$data merge entity $(bone_leg_left_1) { transformation: [-0.9896743510745687f,-0.1330292223447764f,0.05336576456376743f,0.12500000000000003f,-0.12136310546807473f,0.5796357174623185f,-0.8057874606079994f,0.8407050541728188f,0.07626057602900982f,-0.8039438170943832f,-0.5897954420809272f,-0.15675179125061683f,0f,0f,0f,1f], start_interpolation: 0, interpolation_duration: 1 }
$data merge entity $(bone_leg_right_2) { transformation: [-0.996120580436722f,-0.0458946223897236f,0.07508310639626388f,-0.13654178873405565f,0.0835746874137273f,-0.2262625644756166f,0.9704743806719554f,0.6190598943697163f,-0.027551059037826026f,0.9729845505210357f,0.22922042577674467f,-0.41798911894798957f,0f,0f,0f,1f], start_interpolation: 0, interpolation_duration: 1 }
$data merge entity $(bone_leg_right_1) { transformation: [-0.996120580436722f,0.02435111525455293f,0.08456247640808233f,-0.12499999999999999f,0.0835746874137273f,0.5626479939145401f,0.8224612492802572f,0.8433124391258491f,-0.027551059037826026f,0.8263378595524975f,-0.5625003831252838f,-0.1550292440940167f,0f,0f,0f,1f], start_interpolation: 0, interpolation_duration: 1 }
$data merge entity $(bone_coat_downer) { transformation: [-1f,-6.750437957474533e-17f,1.0218002037995139e-16f,-0.007812499999999985f,0f,0.8343631849696835f,0.5512150901120593f,0.891549060756909f,-1.2246467991473532e-16f,0.5512150901120593f,-0.8343631849696835f,-0.12316212169691322f,0f,0f,0f,1f], start_interpolation: 0, interpolation_duration: 1 }
$data merge entity $(bone_body_2) { transformation: [-1f,-6.750437957474533e-17f,1.0218002037995139e-16f,0f,0f,0.8343631849696835f,0.5512150901120593f,1.0779770848985726f,-1.2246467991473532e-16f,0.5512150901120593f,-0.8343631849696835f,0f,0f,0f,0f,1f], start_interpolation: 0, interpolation_duration: 1 }