execute if entity @s[tag=aj.ecual.bone.wing_right_1] run data modify entity @s {} merge value {transformation:[-0.7063814750692482f,-0.12455411272735233f,-0.3904560527461951f,0.037169973723050476f,-0.0945483018432763f,0.806577129203314f,-0.08624614605382358f,1.439404121180162f,0.3987860011860875f,-0.029394763024844405f,-0.7120745168935393f,-0.34414677760574364f,0f,0f,0f,1f],start_interpolation:0}
execute if entity @s[tag=aj.ecual.bone.wing_right_2] run data modify entity @s {} merge value {transformation:[-0.6859848316753976f,0.1520791758364512f,-0.3824875618738238f,0.037169973723050476f,0.21679588247902293f,0.7654160030070163f,-0.08448602062415372f,1.439404121180162f,0.3498919205289229f,-0.1760973214380872f,-0.697542383895712f,-0.34414677760574364f,0f,0f,0f,1f],start_interpolation:0}
execute if entity @s[tag=aj.ecual.bone.wing_left_1] run data modify entity @s {} merge value {transformation:[-0.7289067971527078f,0.1285259347598145f,0.34513824708823804f,-0.03436922129633496f,0.09991456772529746f,0.8056309117426584f,-0.08899639119315009f,1.4387368906679507f,-0.35448047148650186f,-0.03720702330546156f,-0.7347813805451922f,-0.3496556364519462f,0f,0f,0f,1f],start_interpolation:0}
execute if entity @s[tag=aj.ecual.bone.wing_left_2] run data modify entity @s {} merge value {transformation:[-0.7078597389644674f,-0.1569287260282471f,0.33809460939255975f,-0.03436922129633496f,-0.21158456659981922f,0.7665713239227822f,-0.08718013831165723f,1.4387368906679507f,-0.3068657053662445f,-0.1665586391827947f,-0.7197858421667189f,-0.3496556364519462f,0f,0f,0f,1f],start_interpolation:0}
execute if entity @s[tag=aj.ecual.bone.staff] run data modify entity @s {} merge value {transformation:[-0.8841519891097432f,-1.2532347091125589f,0.29846988797673385f,-0.8010223472156992f,-0.026353575316375073f,0.37951830416228594f,1.515479328751741f,1.6927979190907936f,-1.2880166921361422f,0.8525109211507749f,-0.23589061044757445f,0.22637582446990723f,0f,0f,0f,1f],start_interpolation:0}
execute if entity @s[tag=aj.ecual.bone.arm_right_2] run data modify entity @s {} merge value {transformation:[-0.8277231825179246f,-0.5607240151308683f,-0.02151538932754917f,-0.6092889949692519f,0.06481599756730395f,-0.057452809374727284f,-0.9962419691793288f,1.6622648079759983f,0.5573806774384573f,-0.8260071147093525f,0.08389890862089622f,0.0694367069320645f,0f,0f,0f,1f],start_interpolation:0}
execute if entity @s[tag=aj.ecual.bone.arm_right_1] run data modify entity @s {} merge value {transformation:[-0.9375419022577915f,-0.34692994014728934f,-0.02558902382350207f,-0.2984375f,0.05398646236962849f,-0.07243590192927843f,-0.9959108905883622f,1.6454716135614709f,0.34365774164370894f,-0.9350896517131877f,0.08664121344519365f,-0.03322966327618366f,0f,0f,0f,1f],start_interpolation:0}
execute if entity @s[tag=aj.ecual.bone.arm_left_2] run data modify entity @s {} merge value {transformation:[-0.8417466286168547f,0.5393971398896878f,0.022656978858261602f,0.6111557141463779f,-0.0656206711701921f,-0.06056672567340591f,-0.9960048188921459f,1.6628103893306114f,-0.5358698916036735f,-0.8398704645479725f,0.08637743948879459f,0.06515914335814652f,0f,0f,0f,1f],start_interpolation:0}
execute if entity @s[tag=aj.ecual.bone.arm_left_1] run data modify entity @s {} merge value {transformation:[-0.9425251997507386f,0.33305859572987473f,0.026799620244965617f,0.2984375f,-0.05483614881543304f,-0.07506450927845307f,-0.9956697827241103f,1.6454716135614709f,-0.32960467930222437f,-0.9399134488117665f,0.08901384232156767f,-0.03322966327618359f,0f,0f,0f,1f],start_interpolation:0}
execute if entity @s[tag=aj.ecual.bone.himo_right_2] run data modify entity @s {} merge value {transformation:[-1f,1.1222720201097168e-16f,4.901686398992827e-17f,-0.15625000000000006f,0f,0.4002530690812708f,-0.9164046489902937f,1.4214904021367567f,-1.2246467991473532e-16f,-0.9164046489902937f,-0.4002530690812708f,0.29803233804789225f,0f,0f,0f,1f],start_interpolation:0}
execute if entity @s[tag=aj.ecual.bone.himo_right_1] run data modify entity @s {} merge value {transformation:[-1f,7.523835958016523e-17f,9.662705146233291e-17f,-0.15625000000000003f,0f,0.7890197527124426f,-0.6143678294227292f,1.5655918068364476f,-1.2246467991473532e-16f,-0.6143678294227292f,-0.7890197527124426f,0.1779069965766778f,0f,0f,0f,1f],start_interpolation:0}
execute if entity @s[tag=aj.ecual.bone.himo_left_2] run data modify entity @s {} merge value {transformation:[-1f,1.0662044398355306e-16f,6.024681527988514e-17f,0.15624999999999997f,0f,0.491952580301776f,-0.8706219953196821f,1.4154010134888084f,-1.2246467991473532e-16f,-0.8706219953196821f,-0.491952580301776f,0.2903260256314013f,0f,0f,0f,1f],start_interpolation:0}
execute if entity @s[tag=aj.ecual.bone.himo_left_1] run data modify entity @s {} merge value {transformation:[-1f,7.007817888602042e-17f,1.004322989413142e-16f,0.15624999999999997f,0f,0.820091956401136f,-0.5722317564118207f,1.5655918068364476f,-1.2246467991473532e-16f,-0.5722317564118207f,-0.820091956401136f,0.17790699657667786f,0f,0f,0f,1f],start_interpolation:0}
execute if entity @s[tag=aj.ecual.bone.ponpon1] run data modify entity @s {} merge value {transformation:[-1f,4.201327210445347e-18f,1.2239259240774888e-16f,0.29375f,0f,0.9994113608345145f,-0.03430644013743779f,2.2375089039530636f,-1.2246467991473532e-16f,-0.03430644013743779f,-0.9994113608345145f,-0.038799823909995465f,0f,0f,0f,1f],start_interpolation:0}
execute if entity @s[tag=aj.ecual.bone.ponpon2] run data modify entity @s {} merge value {transformation:[-1f,4.201327210445347e-18f,1.2239259240774888e-16f,0.33125f,0f,0.9994113608345145f,-0.03430644013743779f,2.109366255085864f,-1.2246467991473532e-16f,-0.03430644013743779f,-0.9994113608345145f,-0.12820633397105147f,0f,0f,0f,1f],start_interpolation:0}
execute if entity @s[tag=aj.ecual.bone.ponpon3] run data modify entity @s {} merge value {transformation:[-1f,4.201327210445347e-18f,1.2239259240774888e-16f,-0.29375f,0f,0.9994113608345145f,-0.03430644013743779f,2.2375089039530636f,-1.2246467991473532e-16f,-0.03430644013743779f,-0.9994113608345145f,-0.038799823909995534f,0f,0f,0f,1f],start_interpolation:0}
execute if entity @s[tag=aj.ecual.bone.ponpon4] run data modify entity @s {} merge value {transformation:[-1f,4.201327210445347e-18f,1.2239259240774888e-16f,-0.33125f,0f,0.9994113608345145f,-0.03430644013743779f,2.109366255085864f,-1.2246467991473532e-16f,-0.03430644013743779f,-0.9994113608345145f,-0.12820633397105155f,0f,0f,0f,1f],start_interpolation:0}
execute if entity @s[tag=aj.ecual.bone.ear_edge_a1] run data modify entity @s {} merge value {transformation:[-0.9744169295809725f,0.22428085654083715f,0.014482566599138312f,0.2017712157796887f,0.22474447161333921f,0.9727358644550878f,0.05722639672436153f,2.3353426268959514f,-0.0012529266662556198f,0.05901724656506333f,-0.9982561769318772f,-0.05404849277113724f,0f,0f,0f,1f],start_interpolation:0}
execute if entity @s[tag=aj.ecual.bone.ear_edge_a2] run data modify entity @s {} merge value {transformation:[-0.9975054960373706f,0.06908719591893184f,0.014482566599138312f,0.0875697513983759f,0.06980807964423183f,0.9959176529886046f,0.05722639672436153f,2.3534197147669804f,-0.010469832454434497f,0.058094645413571164f,-0.9982561769318772f,-0.05466901856983221f,0f,0f,0f,1f],start_interpolation:0}
execute if entity @s[tag=aj.ecual.bone.ear_edge_b1] run data modify entity @s {} merge value {transformation:[-0.9514760057657505f,0.3063684420945757f,0.028840737518241375f,0.06478679580842568f,0.30717752466567916f,0.940031200797548f,0.1482676966415346f,2.3489936886122234f,0.018313350111858778f,0.1499323821449613f,-0.9885266319083252f,-0.06669051296694857f,0f,0f,0f,1f],start_interpolation:0}
execute if entity @s[tag=aj.ecual.bone.ear_edge_b2] run data modify entity @s {} merge value {transformation:[-0.9995805105294031f,-0.002648552280371752f,0.028840737518241375f,0.0944874416154455f,0.0016575702035785123f,0.9889458744509905f,0.1482676966415346f,2.3568029467371665f,-0.0289146231308341f,0.1482533054511233f,-0.9885266319083252f,-0.06465268294853199f,0f,0f,0f,1f],start_interpolation:0}
execute if entity @s[tag=aj.ecual.bone.ear_right_2] run data modify entity @s {} merge value {transformation:[-0.9876883405951378f,0.1537528982225282f,0.028840737518241375f,0.16004659190355655f,0.1563423815872764f,0.9765110085668427f,0.1482676966415346f,2.4606693697110793f,-0.005366709610334905f,0.15095130485007596f,-0.9885266319083252f,-0.0787738912309395f,0f,0f,0f,1f],start_interpolation:0}
execute if entity @s[tag=aj.ecual.bone.ear_right_1] run data modify entity @s {} merge value {transformation:[-0.9876883405951378f,0.1557626306824738f,0.014482566599138312f,0.125f,0.1563423815872764f,0.986043710612042f,0.05722639672436153f,2.2388095348233703f,-0.005366709610334905f,0.05878608377252931f,-0.9982561769318772f,-0.09200076007975858f,0f,0f,0f,1f],start_interpolation:0}
execute if entity @s[tag=aj.ecual.bone.ear_edge_a3] run data modify entity @s {} merge value {transformation:[-0.9744169295809725f,-0.22428085654083715f,-0.01448256659913807f,-0.2017712157796887f,-0.22474447161333921f,0.9727358644550878f,0.05722639672436153f,2.3353426268959514f,0.0012529266662553813f,0.059017246565063276f,-0.9982561769318772f,-0.05404849277113728f,0f,0f,0f,1f],start_interpolation:0}
execute if entity @s[tag=aj.ecual.bone.ear_edge_a4] run data modify entity @s {} merge value {transformation:[-0.9975054960373706f,-0.06908719591893184f,-0.01448256659913807f,-0.08756975139837592f,-0.06980807964423183f,0.9959176529886046f,0.05722639672436153f,2.3534197147669804f,0.010469832454434254f,0.05809464541357114f,-0.9982561769318772f,-0.05466901856983223f,0f,0f,0f,1f],start_interpolation:0}
execute if entity @s[tag=aj.ecual.bone.ear_edge_b3] run data modify entity @s {} merge value {transformation:[-0.9514760057657505f,-0.3063684420945757f,-0.028840737518241136f,-0.06478679580842568f,-0.30717752466567916f,0.940031200797548f,0.1482676966415346f,2.3489936886122234f,-0.018313350111859014f,0.14993238214496124f,-0.9885266319083252f,-0.06669051296694858f,0f,0f,0f,1f],start_interpolation:0}
execute if entity @s[tag=aj.ecual.bone.ear_edge_b4] run data modify entity @s {} merge value {transformation:[-0.9995805105294031f,0.0026485522803717243f,-0.028840737518241136f,-0.0944874416154455f,-0.0016575702035785123f,0.9889458744509905f,0.1482676966415346f,2.3568029467371665f,0.028914623130833858f,0.1482533054511233f,-0.9885266319083252f,-0.06465268294853202f,0f,0f,0f,1f],start_interpolation:0}
execute if entity @s[tag=aj.ecual.bone.ear_left_2] run data modify entity @s {} merge value {transformation:[-0.9876883405951378f,-0.15375289822252822f,-0.028840737518241136f,-0.16004659190355655f,-0.1563423815872764f,0.9765110085668427f,0.1482676966415346f,2.4606693697110793f,0.005366709610334664f,0.15095130485007593f,-0.9885266319083252f,-0.07877389123093954f,0f,0f,0f,1f],start_interpolation:0}
execute if entity @s[tag=aj.ecual.bone.ear_left_1] run data modify entity @s {} merge value {transformation:[-0.9876883405951378f,-0.1557626306824738f,-0.01448256659913807f,-0.125f,-0.1563423815872764f,0.986043710612042f,0.05722639672436153f,2.2388095348233703f,0.005366709610334664f,0.058786083772529266f,-0.9982561769318772f,-0.0920007600797586f,0f,0f,0f,1f],start_interpolation:0}
execute if entity @s[tag=aj.ecual.bone.head] run data modify entity @s {} merge value {transformation:[-1f,4.201327210445347e-18f,1.2239259240774888e-16f,5.2888949269846006e-18f,0f,0.9994113608345145f,-0.03430644013743779f,1.7276832886499762f,-1.2246467991473532e-16f,-0.03430644013743779f,-0.9994113608345145f,-0.04318710448324313f,0f,0f,0f,1f],start_interpolation:0}
execute if entity @s[tag=aj.ecual.bone.body_1] run data modify entity @s {} merge value {transformation:[-1f,1.4725251021190487e-17f,1.2157616875433074e-16f,-2.330742059618318e-19f,0f,0.9927447557857236f,-0.12024079948147319f,1.3554040052303298f,-1.2246467991473532e-16f,-0.12024079948147319f,-0.9927447557857236f,0.001903195322309315f,0f,0f,0f,1f],start_interpolation:0}
execute if entity @s[tag=aj.ecual.bone.leg_left_2] run data modify entity @s {} merge value {transformation:[-0.9642435683772799f,-0.2649407572229465f,-0.006382476414510743f,0.21217173687594093f,-0.2643616878844609f,0.9598846458503892f,0.09345782278414061f,0.7592373938140868f,-0.01863434522404702f,0.09180338677197397f,-0.995602781914186f,0.12669098070435067f,0f,0f,0f,1f],start_interpolation:0}
execute if entity @s[tag=aj.ecual.bone.leg_left_1] run data modify entity @s {} merge value {transformation:[-0.9642435683772799f,-0.24424181583598872f,0.10286046976457497f,0.125f,-0.2643616878844609f,0.9137437292545779f,-0.30852114226875216f,1.0856931766867408f,-0.01863434522404702f,-0.3246818945446076f,-0.9456396927651648f,0.00607417738062508f,0f,0f,0f,1f],start_interpolation:0}
execute if entity @s[tag=aj.ecual.bone.leg_right_2] run data modify entity @s {} merge value {transformation:[-0.9593139745400575f,0.2795676067126904f,0.039479761006069494f,-0.21037009425879608f,0.28164264347340534f,0.9377062624112399f,0.20343152855950186f,0.810378548087993f,0.019852446435393842f,0.20627389246262268f,-0.978292881328924f,0.1724077012006894f,0f,0f,0f,1f],start_interpolation:0}
execute if entity @s[tag=aj.ecual.bone.leg_right_1] run data modify entity @s {} merge value {transformation:[-0.9593139745400575f,0.24476089102683146f,-0.140743754660409f,-0.125f,0.28164264347340534f,0.8646183085607286f,-0.4160680255425752f,1.1146758755680422f,0.019852446435393842f,-0.43877931437721196f,-0.8983755304131973f,-0.019325811114565532f,0f,0f,0f,1f],start_interpolation:0}
execute if entity @s[tag=aj.ecual.bone.skirt_forward_right] run data modify entity @s {} merge value {transformation:[-0.9723699203976767f,0.23344536385590542f,1.1396833952805315e-16f,2.097849250811221e-18f,0.21724941842581413f,0.9049089526213208f,-0.3659815263909232f,1.2809329941032224f,-0.08543669059286882f,-0.3558694276837621f,-0.9306221157594365f,-0.017130239120959817f,0f,0f,0f,1f],start_interpolation:0}
execute if entity @s[tag=aj.ecual.bone.skirt_forward_left] run data modify entity @s {} merge value {transformation:[-0.9723699203976767f,-0.2333543470196389f,0.0065181771112767925f,2.356033958223443e-18f,-0.21724941842581416f,0.8943373382714573f,-0.39110537655109084f,1.2736565968491078f,0.08543669059286858f,-0.3817151740507089f,-0.9203228226008391f,-0.019238477248001675f,0f,0f,0f,1f],start_interpolation:0}
execute if entity @s[tag=aj.ecual.bone.skirt_forward] run data modify entity @s {} merge value {transformation:[-1f,4.4819810484170675e-17f,1.1396833952805315e-16f,2.097849250811221e-18f,0f,0.9306221157594365f,-0.3659815263909232f,1.2809329941032224f,-1.2246467991473532e-16f,-0.3659815263909232f,-0.9306221157594365f,-0.017130239120959817f,0f,0f,0f,1f],start_interpolation:0}
execute if entity @s[tag=aj.ecual.bone.skirt_back_right] run data modify entity @s {} merge value {transformation:[-0.9743700647852352f,0.22495105434386492f,1.182740761966393e-16f,9.687300143940317e-19f,0.2172534820693173f,0.9410282161874735f,0.2593584794599525f,1.278403444777273f,0.058342963407537834f,0.252711138433994f,-0.9657811238226918f,-0.007910280866846663f,0f,0f,0f,1f],start_interpolation:0}
execute if entity @s[tag=aj.ecual.bone.skirt_back_left] run data modify entity @s {} merge value {transformation:[-0.9743700647852352f,-0.22495105434386498f,1.182740761966393e-16f,9.687300143940317e-19f,-0.2172534820693173f,0.9410282161874735f,0.2593584794599525f,1.278403444777273f,-0.05834296340753807f,0.252711138433994f,-0.9657811238226918f,-0.007910280866846663f,0f,0f,0f,1f],start_interpolation:0}
execute if entity @s[tag=aj.ecual.bone.skirt_back] run data modify entity @s {} merge value {transformation:[-1f,-3.176225317023553e-17f,1.182740761966393e-16f,9.687300143940317e-19f,0f,0.9657811238226918f,0.2593584794599525f,1.278403444777273f,-1.2246467991473532e-16f,0.2593584794599525f,-0.9657811238226918f,-0.007910280866846663f,0f,0f,0f,1f],start_interpolation:0}
execute if entity @s[tag=aj.ecual.bone.skirt_right] run data modify entity @s {} merge value {transformation:[-0.9723699203976767f,0.23344536385590536f,1.2216157191008955e-16f,-0.19375f,0.23286757147951215f,0.9699632419451261f,0.07031360770530373f,1.3541614442876642f,0.016414385734785902f,0.06837083712727968f,-0.9975249353131302f,0.015975656631680935f,0f,0f,0f,1f],start_interpolation:0}
execute if entity @s[tag=aj.ecual.bone.skirt_left] run data modify entity @s {} merge value {transformation:[-0.9723699203976767f,-0.23340980899627212f,0.0040741833709129205f,0.19375f,-0.23286757147951215f,0.971042653505f,0.05337470587462709f,1.3553259640412774f,-0.01641438573478614f,0.050951213315213836f,-0.9985662430718641f,0.013676848518017594f,0f,0f,0f,1f],start_interpolation:0}
execute if entity @s[tag=aj.ecual.bone.coat_downer] run data modify entity @s {} merge value {transformation:[-1f,2.068916275297085e-18f,1.2244720254895326e-16f,-0.007812499999999998f,0f,0.9998572864780749f,-0.016893983446799057f,1.1677405222659725f,-1.2246467991473532e-16f,-0.016893983446799057f,-0.9998572864780749f,-0.0157106967216538f,0f,0f,0f,1f],start_interpolation:0}
execute if entity @s[tag=aj.ecual.bone.body_2] run data modify entity @s {} merge value {transformation:[-1f,-8.610933461280289e-18f,1.2216157191008955e-16f,0f,0f,0.9975249353131302f,0.07031360770530373f,1.390625f,-1.2246467991473532e-16f,0.07031360770530373f,-0.9975249353131302f,0f,0f,0f,0f,1f],start_interpolation:0}
execute if entity @s[tag=aj.ecual.bone.book_left] run data modify entity @s {} merge value {transformation:[0.8597508488121246f,0.23217876330481285f,-0.4548862493383145f,-2.311439954751378f,-0.16595587755980026f,0.9693596624036293f,0.18110905998342125f,2.29375f,0.4829980586608895f,-0.08021762134948628f,0.8719392229707541f,-0.4536801776429227f,0f,0f,0f,1f],start_interpolation:0}
execute if entity @s[tag=aj.ecual.bone.book_right] run data modify entity @s {} merge value {transformation:[-0.37822304601951817f,0.23217876330481285f,-0.8961251861932937f,-2.2808251309544594f,0.16595587755980026f,0.9693596624036293f,0.18110905998342125f,2.29375f,0.9107172855299686f,-0.08021762134948628f,-0.40516559461775165f,-0.36506982235707797f,0f,0f,0f,1f],start_interpolation:0}
execute if entity @s[tag=aj.ecual.bone.book_loot_1] run data modify entity @s {} merge value {transformation:[0.32655812050046606f,0.23217876330481285f,-0.9162165769104219f,-2.158700056316355f,0f,0.9693596624036293f,0.24564577119242637f,2.2569031343211363f,0.9451771230490099f,-0.08021762134948628f,0.31655226944349557f,-0.45685784041652466f,0f,0f,0f,1f],start_interpolation:0}
execute if entity @s[tag=aj.ecual.bone.book_left2] run data modify entity @s {} merge value {transformation:[0.8584639595231595f,-0.2663545544583291f,0.4382863008572418f,2.2392299751037954f,0.16071261739752074f,0.9512339825883555f,0.26329710400673684f,2.2622160386899743f,-0.48704320630623504f,-0.15559293585635978f,0.8594066287285322f,-0.47592309159933927f,0f,0f,0f,1f],start_interpolation:0}
execute if entity @s[tag=aj.ecual.bone.book_right2] run data modify entity @s {} merge value {transformation:[-0.3617984251458911f,-0.2663545544583291f,0.893396413067155f,2.2076527167756583f,-0.2482881514962209f,0.9512339825883555f,0.18304891203087204f,2.267783961310026f,-0.898584939440086f,-0.15559293585635978f,-0.410287636814779f,-0.38782690840066036f,0f,0f,0f,1f],start_interpolation:0}
execute if entity @s[tag=aj.ecual.bone.book_loot_2] run data modify entity @s {} merge value {transformation:[0.3368240888334656f,-0.2663545544583291f,0.903108401301201f,2.0879750857445467f,-0.05939117461388488f,0.9512339825883555f,0.3026988581859524f,2.219595171272107f,-0.9396926207859084f,-0.15559293585635978f,0.3045794095997133f,-0.4775619114399568f,0f,0f,0f,1f],start_interpolation:0}