execute if entity @s[tag=aj.ecual.bone.wing_right_1] run data modify entity @s {} merge value {transformation:[-0.6666192985298585f,-0.22066356439165918f,0.41697811288120595f,0.32577804005965627f,-0.1447312881528009f,0.7826739529632364f,0.18280804694262476f,1.3688982058948267f,-0.4490167140559855f,0.0753227664608388f,-0.6779785511323315f,-0.42980490800518223f,0f,0f,0f,1f],start_interpolation:0}
execute if entity @s[tag=aj.ecual.bone.wing_right_2] run data modify entity @s {} merge value {transformation:[-0.6860279667997545f,0.05019194500875855f,0.40846835547546706f,0.32577804005965627f,0.16241836398794265f,0.7625953096098324f,0.17907727047440794f,1.3688982058948267f,-0.37813476937207857f,0.23649347225097322f,-0.6641422541704473f,-0.42980490800518223f,0f,0f,0f,1f],start_interpolation:0}
execute if entity @s[tag=aj.ecual.bone.wing_left_1] run data modify entity @s {} merge value {transformation:[-0.4192275839186526f,-0.02919946209781376f,0.7002428641117106f,0.28654469570701513f,0.21926992876416584f,0.7695307795181211f,0.1633631603466185f,1.3715914034367205f,-0.6656676165068652f,0.27187168891202274f,-0.38719097813177095f,-0.47008019441283033f,0f,0f,0f,1f],start_interpolation:0}
execute if entity @s[tag=aj.ecual.bone.wing_left_2] run data modify entity @s {} merge value {transformation:[-0.3684652739929424f,-0.18358357826803878f,0.6859521934155532f,0.28654469570701513f,-0.09003201378235787f,0.7786429770986131f,0.16002921829872832f,1.3715914034367205f,-0.7043632431889097f,-0.0034905594553879815f,-0.3792891214352042f,-0.47008019441283033f,0f,0f,0f,1f],start_interpolation:0}
execute if entity @s[tag=aj.ecual.bone.staff] run data modify entity @s {} merge value {transformation:[-0.8133577744171024f,-1.3158347305247728f,0.22007803784125432f,-0.6029102681945918f,-0.6237354188590124f,0.14720986825164262f,-1.425022677696782f,1.5708815822794946f,1.1793258701716123f,-0.829647194073561f,-0.6018988912681574f,-0.7587315050026529f,0f,0f,0f,1f],start_interpolation:0}
execute if entity @s[tag=aj.ecual.bone.arm_right_2] run data modify entity @s {} merge value {transformation:[-0.8448573735606606f,-0.06065175872682295f,0.5315424559746155f,-0.38772667402673466f,0.09266109766556777f,0.9619474349417817f,0.2570429018439113f,1.5742274768993316f,-0.5269060061525157f,0.26641789837071717f,-0.8070883248493533f,-0.6322064249129091f,0f,0f,0f,1f],start_interpolation:0}
execute if entity @s[tag=aj.ecual.bone.arm_right_1] run data modify entity @s {} merge value {transformation:[-0.7430548960200469f,-0.06065175872682295f,0.666476395428961f,-0.16671511644440754f,0.13470411896777812f,0.9619474349417817f,0.23772238586645814f,1.52535237830877f,-0.6555335398236708f,0.26641789837071717f,-0.7066097095242734f,-0.39603604832474215f,0f,0f,0f,1f],start_interpolation:0}
execute if entity @s[tag=aj.ecual.bone.arm_left_2] run data modify entity @s {} merge value {transformation:[0.2370791587030155f,-0.04031951495502813f,0.970653289914819f,0.3361515066389499f,0.3746566848978421f,0.9256441674084781f,-0.053058871115246556f,1.3812573117196605f,-0.8963402484380745f,0.3762408963104045f,0.23455691627729522f,0.34229532138864993f,0f,0f,0f,1f],start_interpolation:0}
execute if entity @s[tag=aj.ecual.bone.arm_left_1] run data modify entity @s {} merge value {transformation:[-0.2889250941235347f,-0.04031951495502813f,0.956502287869453f,0.2356793968562307f,0.34966058369305597f,0.9256441674084781f,0.144638693142937f,1.4881183482624325f,-0.8912125258304766f,0.3762408963104045f,-0.25334368305999916f,0.04370661656240643f,0f,0f,0f,1f],start_interpolation:0}
execute if entity @s[tag=aj.ecual.bone.himo_right_2] run data modify entity @s {} merge value {transformation:[-0.7829620354461757f,0.10532780099637182f,0.6130876816469649f,-0.2002225375586857f,-0.3650951980509531f,0.7201602705827452f,-0.5899785428592492f,1.139490132356917f,-0.5036625332602347f,-0.6857661693401447f,-0.5254034769378929f,-0.11452293858490697f,0f,0f,0f,1f],start_interpolation:0}
execute if entity @s[tag=aj.ecual.bone.himo_right_1] run data modify entity @s {} merge value {transformation:[-0.7409540553622425f,-0.0394767575620556f,0.6703944163361101f,-0.20343446449947045f,-0.23019534569955213f,0.9527216672093939f,-0.19832177804773946f,1.31688593384588f,-0.6308701852683409f,-0.30126900013466335f,-0.7150103488043718f,-0.17547969079018366f,0f,0f,0f,1f],start_interpolation:0}
execute if entity @s[tag=aj.ecual.bone.himo_left_2] run data modify entity @s {} merge value {transformation:[-0.7499469365642552f,-0.03200358585269364f,0.6607233633151308f,0.03442012646992368f,-0.49494917394446175f,0.6898161067245012f,-0.5283739718373215f,1.1304642726317473f,-0.43886775633393726f,-0.7232769244183177f,-0.5331656244117722f,0.12153730984998831f,0f,0f,0f,1f],start_interpolation:0}
execute if entity @s[tag=aj.ecual.bone.himo_left_1] run data modify entity @s {} merge value {transformation:[-0.7350666348764112f,-0.12910861793813777f,0.6655884667462115f,0.014372188523686658f,-0.3376942796993835f,0.9209841778089136f,-0.19429543917435155f,1.3019344594760789f,-0.587911231181871f,-0.367585512499804f,-0.7205839820940185f,0.048111376368187464f,0f,0f,0f,1f],start_interpolation:0}
execute if entity @s[tag=aj.ecual.bone.ponpon1] run data modify entity @s {} merge value {transformation:[-0.9506221276237854f,-0.030697224303994075f,0.3088288375331188f,0.2802511165454263f,0.017657820137799374f,0.9881344659960344f,0.1525728629170765f,2.030717220001543f,-0.3098479818556328f,0.1504923836304089f,-0.9388004423780536f,0.024794885302266062f,0f,0f,0f,1f],start_interpolation:0}
execute if entity @s[tag=aj.ecual.bone.ponpon2] run data modify entity @s {} merge value {transformation:[-0.9506221276237854f,-0.030697224303994075f,0.3088288375331188f,0.3486893028880474f,0.017657820137799374f,0.9881344659960344f,0.1525728629170765f,1.920841949395347f,-0.3098479818556328f,0.1504923836304089f,-0.9388004423780536f,-0.07040990480489133f,0f,0f,0f,1f],start_interpolation:0}
execute if entity @s[tag=aj.ecual.bone.ponpon3] run data modify entity @s {} merge value {transformation:[-0.9506221276237854f,-0.030697224303994075f,0.3088288375331188f,-0.27823938343354765f,0.017657820137799374f,0.9881344659960344f,0.1525728629170765f,2.0410911893324997f,-0.3098479818556328f,0.1504923836304089f,-0.9388004423780536f,-0.1572408040379182f,0f,0f,0f,1f],start_interpolation:0}
execute if entity @s[tag=aj.ecual.bone.ponpon4] run data modify entity @s {} merge value {transformation:[-0.9506221276237854f,-0.030697224303994075f,0.3088288375331188f,-0.2810978566627104f,0.017657820137799374f,0.9881344659960344f,0.1525728629170765f,1.932540255236639f,-0.3098479818556328f,0.1504923836304089f,-0.9388004423780536f,-0.27568419278424805f,0f,0f,0f,1f],start_interpolation:0}
execute if entity @s[tag=aj.ecual.bone.ear_edge_a1] run data modify entity @s {} merge value {transformation:[-0.9433150950147067f,0.12418827232710594f,0.3077887336044048f,0.19074984687558172f,0.17220713318605657f,0.975901181513929f,0.13402084613804263f,2.1421752702735155f,-0.2837275714435146f,0.17942730264964057f,-0.9419684221175566f,-0.01203637005921604f,0f,0f,0f,1f],start_interpolation:0}
execute if entity @s[tag=aj.ecual.bone.ear_edge_a2] run data modify entity @s {} merge value {transformation:[-0.9511286467991816f,-0.024907683636863874f,0.3077887336044048f,0.0809430780504424f,0.017422398352921364f,0.9908253493103996f,0.13402084613804263f,2.1541669957248417f,-0.30830302832374146f,0.132833483955555f,-0.9419684221175566f,-0.0462096442055782f,0f,0f,0f,1f],start_interpolation:0}
execute if entity @s[tag=aj.ecual.bone.ear_edge_b1] run data modify entity @s {} merge value {transformation:[-0.9276946616209186f,0.21355244119696773f,0.30623188870342183f,0.05891401620123346f,0.25708540074400027f,0.9601978227359914f,0.10921189466975839f,2.1506788401848462f,-0.27072072607088354f,0.18004303949855235f,-0.9456716091771901f,-0.05066300082585888f,0f,0f,0f,1f],start_interpolation:0}
execute if entity @s[tag=aj.ecual.bone.ear_edge_b2] run data modify entity @s {} merge value {transformation:[-0.9482813865869218f,-0.0835729752606664f,0.30623188870342183f,0.08644626875737799f,-0.05221469956531223f,0.9926461540810733f,0.10921189466975839f,2.1601193491354356f,-0.31310706954984163f,0.08757380084325603f,-0.9456716091771901f,-0.040657128303259446f,0f,0f,0f,1f],start_interpolation:0}
execute if entity @s[tag=aj.ecual.bone.ear_right_2] run data modify entity @s {} merge value {transformation:[-0.9496801628120158f,0.06579983816452738f,0.30623188870342183f,0.14921300546481212f,0.10371222011957835f,0.9885932113162166f,0.10921189466975839f,2.2666360426695347f,-0.29555264126583497f,0.13547635895982846f,-0.9456716091771901f,-0.04107580826750151f,0f,0f,0f,1f],start_interpolation:0}
execute if entity @s[tag=aj.ecual.bone.ear_right_1] run data modify entity @s {} merge value {transformation:[-0.9496801628120158f,0.0580834212795674f,0.3077887336044048f,0.13614423567690948f,0.10371222011957835f,0.9855364976490273f,0.13402084613804263f,2.044890330698504f,-0.29555264126583497f,0.15919839187048682f,-0.9419684221175566f,-0.07689544643836099f,0f,0f,0f,1f],start_interpolation:0}
execute if entity @s[tag=aj.ecual.bone.ear_edge_a3] run data modify entity @s {} merge value {transformation:[-0.9341162879035405f,-0.1790293545239216f,0.3088288375331188f,-0.18111395264710295f,-0.13713786350547336f,0.9787311826515189f,0.1525728629170765f,2.148195044794563f,-0.3295754345615945f,0.10016866937474436f,-0.9388004423780536f,-0.13118491970106955f,0f,0f,0f,1f],start_interpolation:0}
execute if entity @s[tag=aj.ecual.bone.ear_edge_a4] run data modify entity @s {} merge value {transformation:[-0.9506221276237855f,-0.030697224303994075f,0.3088288375331188f,-0.07192587917963064f,0.017657820137799374f,0.9881344659960344f,0.1525728629170765f,2.1561189377981274f,-0.3098479818556328f,0.1504923836304089f,-0.9388004423780536f,-0.09397850685153593f,0f,0f,0f,1f],start_interpolation:0}
execute if entity @s[tag=aj.ecual.bone.ear_edge_b3] run data modify entity @s {} merge value {transformation:[-0.9149582570434834f,-0.25976169266443655f,0.3088288375331188f,-0.050559722405545016f,-0.2219180557060691f,0.9630544626618606f,0.1525728629170765f,2.1514560945878407f,-0.33705157531094393f,0.07106310555542736f,-0.9388004423780536f,-0.0877076725448839f,0f,0f,0f,1f],start_interpolation:0}
execute if entity @s[tag=aj.ecual.bone.ear_edge_b4] run data modify entity @s {} merge value {transformation:[-0.9504477900201741f,0.03568960007774648f,0.3088288375331188f,-0.07853689089054425f,0.08654358250834027f,0.9844956728335118f,0.1525728629170765f,2.161852577360246f,-0.2985953897373322f,0.17173969435858863f,-0.9388004423780536f,-0.09522144752987269f,0f,0f,0f,1f],start_interpolation:0}
execute if entity @s[tag=aj.ecual.bone.ear_left_2] run data modify entity @s {} merge value {transformation:[-0.9443292840430036f,-0.1134325897031821f,0.3088288375331188f,-0.1270336289122528f,-0.06853096651731157f,0.9859132964563821f,0.1525728629170765f,2.271135277435639f,-0.32178519221218255f,0.12291468367831175f,-0.9388004423780536f,-0.1267016380746491f,0f,0f,0f,1f],start_interpolation:0}
execute if entity @s[tag=aj.ecual.bone.ear_left_1] run data modify entity @s {} merge value {transformation:[-0.9443292840430036f,-0.1134325897031821f,0.3088288375331188f,-0.10151129622903689f,-0.06853096651731157f,0.9859132964563821f,0.1525728629170765f,2.0493047857329536f,-0.32178519221218255f,0.12291468367831175f,-0.9388004423780536f,-0.1543574419022692f,0f,0f,0f,1f],start_interpolation:0}
execute if entity @s[tag=aj.ecual.bone.head] run data modify entity @s {} merge value {transformation:[-0.9506221276237854f,-0.030697224303994075f,0.3088288375331188f,0.023397896006823293f,0.017657820137799374f,0.9881344659960344f,0.1525728629170765f,1.5359107424266025f,-0.3098479818556328f,0.1504923836304089f,-0.9388004423780536f,-0.1634162769565855f,0f,0f,0f,1f],start_interpolation:0}
execute if entity @s[tag=aj.ecual.bone.body_1] run data modify entity @s {} merge value {transformation:[-0.6969812896741028f,-0.12435179097905784f,0.7062249740164427f,0.07002981762396998f,0.04784471798336361f,0.9745906547730965f,0.2188239899783375f,1.1704392468866913f,-0.7154914149067877f,0.1863053614613596f,-0.6733218750979616f,-0.23328078750459535f,0f,0f,0f,1f],start_interpolation:0}
execute if entity @s[tag=aj.ecual.bone.leg_left_2] run data modify entity @s {} merge value {transformation:[-0.8111362581848542f,-0.36688086140693116f,0.4554738238265525f,0.27098255110660846f,-0.1689052517060068f,0.892541799530301f,0.4181389147608033f,0.5448979115226282f,-0.5599365915923015f,0.26223571386163247f,-0.7859411197866389f,-0.2086169840286406f,0f,0f,0f,1f],start_interpolation:0}
execute if entity @s[tag=aj.ecual.bone.leg_left_1] run data modify entity @s {} merge value {transformation:[-0.8111362581848542f,-0.14458093446231773f,0.5667047944458175f,0.22878109440502856f,-0.1689052517060068f,0.9855846552997255f,0.00969036551692587f,0.8871851866869931f,-0.5599365915923015f,-0.08785920912302884f,-0.8238639285514762f,-0.2507342291643215f,0f,0f,0f,1f],start_interpolation:0}
execute if entity @s[tag=aj.ecual.bone.leg_right_2] run data modify entity @s {} merge value {transformation:[-0.8551896732164134f,0.06457169092088702f,0.5142772788638649f,-0.07816701532853636f,0.16560629121448955f,0.9742415232018615f,0.15306211412200835f,0.5311805684972153f,-0.49114679998365646f,0.21606469216633817f,-0.8438547681117169f,-0.34156173043566523f,0f,0f,0f,1f],start_interpolation:0}
execute if entity @s[tag=aj.ecual.bone.leg_right_1] run data modify entity @s {} merge value {transformation:[-0.8551896732164134f,0.25646185788445464f,0.45041973566270144f,0.0240270779495817f,0.16560629121448955f,0.958656138206087f,-0.23141513561125127f,0.9012134774545038f,-0.49114679998365646f,-0.12331149228780713f,-0.8623045266815942f,-0.39473433698895044f,0f,0f,0f,1f],start_interpolation:0}
execute if entity @s[tag=aj.ecual.bone.skirt_forward_right] run data modify entity @s {} merge value {transformation:[-0.778283789877697f,0.3748284843646222f,0.5037637836551265f,0.08272210501155107f,0.23102146799427659f,0.916941471639013f,-0.32534200299723126f,1.045819839024643f,-0.5838693550267718f,-0.13682815827672762f,-0.8002341103472285f,-0.2534776555411728f,0f,0f,0f,1f],start_interpolation:0}
execute if entity @s[tag=aj.ecual.bone.skirt_forward_left] run data modify entity @s {} merge value {transformation:[-0.8630245464174595f,0.01530435230456606f,0.5049301031642659f,0.0849401875127295f,-0.2298268883379961f,0.8782093710406026f,-0.4194376020498677f,1.015891436121283f,-0.44985356915091035f,-0.47803146069794045f,-0.7543988924336915f,-0.2688114730590683f,0f,0f,0f,1f],start_interpolation:0}
execute if entity @s[tag=aj.ecual.bone.skirt_forward] run data modify entity @s {} merge value {transformation:[-0.8459664179716101f,0.1748223954239104f,0.5037637836551265f,0.08602362594913161f,0.0016734153566090087f,0.9455949348250516f,-0.32534200299723126f,1.063677399368814f,-0.53323355046858f,-0.27438540283960455f,-0.8002341103472285f,-0.25865942387379876f,0f,0f,0f,1f],start_interpolation:0}
execute if entity @s[tag=aj.ecual.bone.skirt_back_right] run data modify entity @s {} merge value {transformation:[-0.8678662956961688f,-0.012778166300237703f,0.49663347778881506f,0.08356476766187892f,0.1947604804620552f,0.910896265575404f,0.3637806325396834f,1.0558399383145616f,-0.45703002969695483f,0.4124375247559153f,-0.7880474859603411f,-0.25475775961179703f,0f,0f,0f,1f],start_interpolation:0}
execute if entity @s[tag=aj.ecual.bone.skirt_back_left] run data modify entity @s {} merge value {transformation:[-0.7888757662642621f,-0.35213406275181697f,0.503663208156872f,0.08354731175675051f,-0.1894663241401494f,0.9189968139623603f,0.34575622618233565f,1.0559237719329748f,-0.5846174282535487f,0.17733149121611202f,-0.791691862283096f,-0.25473006095118145f,0f,0f,0f,1f],start_interpolation:0}
execute if entity @s[tag=aj.ecual.bone.skirt_back] run data modify entity @s {} merge value {transformation:[-0.846012316763579f,-0.193954501426773f,0.49663347778881506f,0.08112288048891585f,0f,0.9314846490356283f,0.3637806325396834f,1.06756733004592f,-0.5331633519704084f,0.30776289572861776f,-0.7880474859603411f,-0.25088302475457375f,0f,0f,0f,1f],start_interpolation:0}
execute if entity @s[tag=aj.ecual.bone.skirt_right] run data modify entity @s {} merge value {transformation:[-0.8138768643758425f,0.17156811335983385f,0.5551295633560633f,-0.09086848010869623f,0.24391826321040877f,0.9680340567923434f,0.05842898050262173f,1.114934871860933f,-0.5273597733105589f,0.18296023439071457f,-0.8297091189841959f,-0.34136784592467484f,0f,0f,0f,1f],start_interpolation:0}
execute if entity @s[tag=aj.ecual.bone.skirt_left] run data modify entity @s {} merge value {transformation:[-0.8292001944654758f,-0.19348241470885777f,0.524396407974775f,0.24584154533923375f,-0.23125396392227388f,0.9728702284813293f,-0.0067173435911584145f,1.1179299957555755f,-0.5088699653827615f,-0.12683877062284868f,-0.8514477579970666f,-0.14885804397757896f,0f,0f,0f,1f],start_interpolation:0}
execute if entity @s[tag=aj.ecual.bone.coat_downer] run data modify entity @s {} merge value {transformation:[-0.846012316763579f,-0.13587976544799413f,0.5155578039619997f,0.09040031577693464f,0f,0.9669790732177221f,0.25485578659115293f,0.9579403467992861f,-0.5331633519704084f,0.21561113445458555f,-0.8180762059948236f,-0.28025737027881414f,0f,0f,0f,1f],start_interpolation:0}
execute if entity @s[tag=aj.ecual.bone.body_2] run data modify entity @s {} merge value {transformation:[-0.846012316763579f,-0.12647736839899332f,0.5179446255799812f,0.06875000000000003f,0f,0.97145579054865f,0.2372206715476068f,1.175f,-0.5331633519704084f,0.20069160992020285f,-0.8218635639954575f,-0.23125f,0f,0f,0f,1f],start_interpolation:0}
execute if entity @s[tag=aj.ecual.bone.book_left] run data modify entity @s {} merge value {transformation:[0.15556326362461864f,-0.718013177952542f,-0.6784225433289699f,1.521746262515242f,0.49916322219261994f,0.6497869983935901f,-0.5732477076525728f,0.8154904769596637f,0.8524295563979105f,-0.24946729846843554f,0.4594887576145057f,-0.339069871727507f,0f,0f,0f,1f],start_interpolation:0}
execute if entity @s[tag=aj.ecual.bone.book_right] run data modify entity @s {} merge value {transformation:[-0.6487002901437822f,-0.718013177952542f,-0.252279626315451f,1.491195342810976f,-0.49482042055182135f,0.6497869983935901f,-0.5770005269699214f,0.8157595230403365f,0.5782220031893384f,-0.24946729846843554f,-0.776804597065806f,-0.250437871753288f,0f,0f,0f,1f],start_interpolation:0}
execute if entity @s[tag=aj.ecual.bone.book_loot_1] run data modify entity @s {} merge value {transformation:[-0.3258764768455039f,-0.718013177952542f,-0.6150297538536265f,1.598725265741153f,0.0028698248605092402f,0.6497869983935901f,-0.7601109266573651f,0.9296416389986049f,0.9454079997250031f,-0.24946729846843554f,-0.20968972566825686f,-0.263300412890159f,0f,0f,0f,1f],start_interpolation:0}
execute if entity @s[tag=aj.ecual.bone.book_left2] run data modify entity @s {} merge value {transformation:[0.40999330272662926f,0.4737615052463387f,0.7793943339966193f,-1.0482406531704695f,-0.2101236371511616f,0.8805921048913466f,-0.42474180617569823f,2.546671954110704f,-0.8875548145493198f,0.010372123685671558f,0.46058535606396744f,-0.6849803753644856f,0f,0f,0f,1f],start_interpolation:0}
execute if entity @s[tag=aj.ecual.bone.book_right2] run data modify entity @s {} merge value {transformation:[-0.7175416282172585f,0.4737615052463387f,0.5105722749249598f,-1.029093419313967f,0.3928145915727716f,0.8805921048913466f,-0.2650551668059766f,2.535298045889296f,-0.5751788490746527f,0.010372123685671558f,-0.8179619249252419f,-0.593914025116903f,0f,0f,0f,1f],start_interpolation:0}
execute if entity @s[tag=aj.ecual.bone.book_loot_2] run data modify entity @s {} merge value {transformation:[-0.2042371611360288f,0.4737615052463387f,0.8566429934096345f,-1.1671634852536634f,0.12132168769502252f,0.8805921048913466f,-0.45808142605639324f,2.609697213908459f,-0.9713744026408804f,0.010372123685671558f,-0.23732717700322886f,-0.60384812369021f,0f,0f,0f,1f],start_interpolation:0}
execute if entity @s[tag=aj.ecual.bone.air_staff_povit_1] run data modify entity @s {} merge value {transformation:[-0.000013218942449430923f,0f,0.000008330677374537632f,-0.3039058983758969f,0f,0.000015625f,0f,1.3411225f,-0.000008330677374537632f,0f,-0.000013218942449430923f,0.3465353612821142f,0f,0f,0f,1f],start_interpolation:0}