execute if entity @s[tag=aj.ecual.bone.wing_right_1] run data modify entity @s {} merge value {transformation:[-0.8047015650329501f,-0.13860276416416709f,-0.013751706949229668f,0.11709448238667527f,-0.1384097198270356f,0.8047639347758914f,-0.01192489772998916f,1.0618009833716997f,0.015575144794406408f,-0.009419527298196482f,-0.8164637970017755f,-0.3224474210467541f,0f,0f,0f,1f],start_interpolation:0}
execute if entity @s[tag=aj.ecual.bone.wing_right_2] run data modify entity @s {} merge value {transformation:[-0.7802334242344903f,0.17622239997610387f,-0.013471059868633145f,0.11709448238667527f,0.17642049066597898f,0.7802175031824927f,-0.011681532470193464f,1.0618009833716997f,0.010564761260788218f,-0.014363616339175617f,-0.7998012705323516f,-0.3224474210467541f,0f,0f,0f,1f],start_interpolation:0}
execute if entity @s[tag=aj.ecual.bone.wing_left_1] run data modify entity @s {} merge value {transformation:[-0.6873129059883659f,0.12447964268435904f,0.42314327628292353f,0.0612664933806019f,0.1384097198270356f,0.8047639347758914f,-0.01192489772998916f,1.0618009833716997f,-0.4187937000047562f,0.061678783107673975f,-0.6983924462615038f,-0.337534996606205f,0f,0f,0f,1f],start_interpolation:0}
execute if entity @s[tag=aj.ecual.bone.wing_left_2] run data modify entity @s {} merge value {transformation:[-0.6686993859874638f,-0.1449982705783391f,0.4145076992159251f,0.0612664933806019f,-0.17642049066597898f,0.7802175031824927f,-0.011681532470193464f,1.0618009833716997f,-0.4021404501578575f,-0.10117385658838818f,-0.6841395391949425f,-0.337534996606205f,0f,0f,0f,1f],start_interpolation:0}
execute if entity @s[tag=aj.ecual.bone.staff] run data modify entity @s {} merge value {transformation:[0.43233148752129513f,-0.3459246057354523f,1.4611063965517355f,-0.8271265836400913f,1.395523620174276f,0.6536580405912504f,-0.2581690173240954f,1.024265605283948f,-0.554084434390018f,1.3763987732910765f,0.4898194631183155f,-0.02256028958734957f,0f,0f,0f,1f],start_interpolation:0}
execute if entity @s[tag=aj.ecual.bone.arm_right_2] run data modify entity @s {} merge value {transformation:[-0.868906568755836f,-0.49417481026536403f,-0.028153715068373858f,-0.6235792221992493f,-0.42878888906837603f,0.779913662136459f,-0.4559328549516969f,1.1432104373778156f,0.24726799911122255f,-0.38409105237181557f,-0.8895687719920501f,-0.10475496946350935f,0f,0f,0f,1f],start_interpolation:0}
execute if entity @s[tag=aj.ecual.bone.arm_right_1] run data modify entity @s {} merge value {transformation:[-0.9178925181722267f,-0.31897054796917373f,0.23607438364145641f,-0.29031929232177406f,-0.38163095081893506f,0.8726063849352171f,-0.30482111860454675f,1.2759216309022474f,-0.10877105525131206f,-0.3698863156410855f,-0.9226879055460625f,-0.06965543268633152f,0f,0f,0f,1f],start_interpolation:0}
execute if entity @s[tag=aj.ecual.bone.arm_left_2] run data modify entity @s {} merge value {transformation:[0.7478776121700926f,0.6512597167845483f,0.1286073812363444f,0.3326457556434053f,0.42213035310479463f,-0.3170427202586784f,-0.8492878655194591f,1.0559076016110642f,-0.5123329407742412f,0.6894524601629088f,-0.5120256467921609f,0.3309065527468052f,0f,0f,0f,1f],start_interpolation:0}
execute if entity @s[tag=aj.ecual.bone.arm_left_1] run data modify entity @s {} merge value {transformation:[-0.06818892186324485f,0.9346881361167095f,0.34886725145504804f,0.28588476466388796f,0.6658687779316155f,0.3030380372331455f,-0.681752681377741f,1.2759216309022474f,-0.7429461901853899f,0.18581183006621f,-0.6430434839856949f,0.08606434877467643f,0f,0f,0f,1f],start_interpolation:0}
execute if entity @s[tag=aj.ecual.bone.himo_right_2] run data modify entity @s {} merge value {transformation:[-0.9014436772988484f,0.41212023412410503f,0.13249984635244896f,-0.24872703852571004f,0.3268036204200848f,0.8485899998244624f,-0.4160461583505415f,0.954087221022654f,-0.2838990847788257f,-0.33174074941648585f,-0.8996384745209233f,0.2006985931165643f,0f,0f,0f,1f],start_interpolation:0}
execute if entity @s[tag=aj.ecual.bone.himo_right_1] run data modify entity @s {} merge value {transformation:[-0.9501223867891613f,0.22158429111701905f,0.21947175684410003f,-0.20580828546099336f,0.17300177215563425f,0.9599752361696487f,-0.22026786595424433f,1.132705903642249f,-0.25949535054231254f,-0.17131242766126195f,-0.9504284376930898f,0.16263733519449589f,0f,0f,0f,1f],start_interpolation:0}
execute if entity @s[tag=aj.ecual.bone.himo_left_2] run data modify entity @s {} merge value {transformation:[-0.9048981601083805f,0.4030609886321158f,0.13675218197662908f,0.05492279909761772f,0.3169437331185112f,0.8525549278951663f,-0.4155680028088895f,0.953596347645292f,-0.28408799670061663f,-0.33270397407390373f,-0.89922304005517f,0.28209317231630154f,0f,0f,0f,1f],start_interpolation:0}
execute if entity @s[tag=aj.ecual.bone.himo_left_1] run data modify entity @s {} merge value {transformation:[-0.951874202895337f,0.21097023920859023f,0.22232197379169932f,0.0958692312854265f,0.16259428733141715f,0.9624908583035244f,-0.21719678959260236f,1.132705903642249f,-0.25980492603019556f,-0.17059573807810932f,-0.9504727742339756f,0.24416601658769374f,0f,0f,0f,1f],start_interpolation:0}
execute if entity @s[tag=aj.ecual.bone.ponpon1] run data modify entity @s {} merge value {transformation:[-0.9653680535885436f,-0.02710165979820164f,0.2594802904785824f,0.2620420215125336f,0f,0.9945897491397709f,0.10388084956375393f,1.8214916240150092f,-0.2608917804582332f,0.10028325354848543f,-0.9601451702461787f,0.1563215355516624f,0f,0f,0f,1f],start_interpolation:0}
execute if entity @s[tag=aj.ecual.bone.ponpon2] run data modify entity @s {} merge value {transformation:[-0.9653680535885436f,-0.02710165979820164f,0.2594802904785824f,0.32595730822924623f,0f,0.9945897491397709f,0.10388084956375393f,1.7069067350191398f,-0.2608917804582332f,0.10028325354848543f,-0.9601451702461787f,0.06355596091470621f,0f,0f,0f,1f],start_interpolation:0}
execute if entity @s[tag=aj.ecual.bone.ponpon3] run data modify entity @s {} merge value {transformation:[-0.9653680535885436f,-0.02710165979820164f,0.2594802904785824f,-0.30511170997073583f,0f,0.9945897491397709f,0.10388084956375393f,1.8214916240150092f,-0.2608917804582332f,0.10028325354848543f,-0.9601451702461787f,0.00304761453245039f,0f,0f,0f,1f],start_interpolation:0}
execute if entity @s[tag=aj.ecual.bone.ponpon4] run data modify entity @s {} merge value {transformation:[-0.9653680535885436f,-0.02710165979820164f,0.2594802904785824f,-0.31359902727316386f,0f,0.9945897491397709f,0.10388084956375393f,1.7069067350191398f,-0.2608917804582332f,0.10028325354848543f,-0.9601451702461787f,-0.10928484363887327f,0f,0f,0f,1f],start_interpolation:0}
execute if entity @s[tag=aj.ecual.bone.ear_edge_a1] run data modify entity @s {} merge value {transformation:[-0.9551950581212599f,0.14238110757355915f,0.2594802904785824f,0.17164547054083795f,0.1741814905450051f,0.9792188608505418f,0.10388084956375393f,1.9286163358241213f,-0.23929732403903556f,0.14442313789934616f,-0.9601451702461787f,0.12069888358995418f,0f,0f,0f,1f],start_interpolation:0}
execute if entity @s[tag=aj.ecual.bone.ear_edge_a2] run data modify entity @s {} merge value {transformation:[-0.9657083342955687f,-0.008797268054845098f,0.2594802904785824f,0.06032169106111952f,0.018853448704324954f,0.9944110400462507f,0.10388084956375393f,1.9408090312052861f,-0.2589439332056877f,0.10521070054374265f,-0.9601451702461787f,0.09193267204423354f,0f,0f,0f,1f],start_interpolation:0}
execute if entity @s[tag=aj.ecual.bone.ear_edge_b1] run data modify entity @s {} merge value {transformation:[-0.9391509213600282f,0.22509003923266102f,0.2594802904785824f,0.038789165262880454f,0.25886322451659627f,0.9603117202694044f,0.10388084956375393f,1.9369346084866492f,-0.22579941962166467f,0.16472970027125086f,-0.9601451702461787f,0.08569429835027434f,0f,0f,0f,1f],start_interpolation:0}
execute if entity @s[tag=aj.ecual.bone.ear_edge_b2] run data modify entity @s {} merge value {transformation:[-0.962742250931468f,-0.07614024641778444f,0.2594802904785824f,0.06681046287561283f,-0.05055908495500237f,0.9933038548311516f,0.10388084956375393f,1.9463311154619174f,-0.2656522862689559f,0.08689139688722633f,-0.9601451702461787f,0.09428371985363584f,0f,0f,0f,1f],start_interpolation:0}
execute if entity @s[tag=aj.ecual.bone.ear_right_2] run data modify entity @s {} merge value {transformation:[-0.9628002549597268f,0.0754032353592055f,0.2594802904785824f,0.1298020881700934f,0.10545033843169545f,0.988983819492793f,0.10388084956375393f,2.0526397465000237f,-0.24878885661163785f,0.12737879289273646f,-0.9601451702461787f,0.09026194899821201f,0f,0f,0f,1f],start_interpolation:0}
execute if entity @s[tag=aj.ecual.bone.ear_right_1] run data modify entity @s {} merge value {transformation:[-0.9628002549597268f,0.0754032353592055f,0.2594802904785824f,0.11283636021427218f,0.10545033843169545f,0.988983819492793f,0.10388084956375393f,1.8301183871141458f,-0.24878885661163785f,0.12737879289273646f,-0.9601451702461787f,0.06160172059734635f,0f,0f,0f,1f],start_interpolation:0}
execute if entity @s[tag=aj.ecual.bone.ear_edge_a3] run data modify entity @s {} merge value {transformation:[-0.9457024859245783f,-0.19574674191215408f,0.2594802904785824f,-0.20907715558201734f,-0.1741814905450051f,0.9792188608505418f,0.10388084956375393f,1.9286163358241213f,-0.2744223323047766f,0.05304371390978885f,-0.9601451702461787f,0.017808174268573406f,0f,0f,0f,1f],start_interpolation:0}
execute if entity @s[tag=aj.ecual.bone.ear_edge_a4] run data modify entity @s {} merge value {transformation:[-0.9646808558739393f,-0.045396312223292296f,0.2594802904785824f,-0.09841785566792735f,-0.018853448704324954f,0.9944110400462507f,0.10388084956375393f,1.9408090312052861f,-0.2627458730071274f,0.09531976851975277f,-0.9601451702461787f,0.04903313458665237f,0f,0f,0f,1f],start_interpolation:0}
execute if entity @s[tag=aj.ecual.bone.ear_edge_b3] run data modify entity @s {} merge value {transformation:[-0.9250433497684605f,-0.27742526904068454f,0.2594802904785824f,-0.07667418092807546f,-0.25886322451659627f,0.9603117202694044f,0.10388084956375393f,1.9369346084866492f,-0.27800113676389154f,0.028924384365459563f,-0.9601451702461787f,0.05449020178477625f,0f,0f,0f,1f],start_interpolation:0}
execute if entity @s[tag=aj.ecual.bone.ear_edge_b4] run data modify entity @s {} merge value {transformation:[-0.9654976284554049f,0.02200700570590375f,0.2594802904785824f,-0.10520757095992919f,0.05055908495500237f,0.9933038548311516f,0.10388084956375393f,1.9463311154619174f,-0.2554566663359992f,0.11341579994619243f,-0.9601451702461787f,0.04779565662070128f,0f,0f,0f,1f],start_interpolation:0}
execute if entity @s[tag=aj.ecual.bone.ear_left_2] run data modify entity @s {} merge value {transformation:[-0.9570534046624f,-0.12930104205790105f,0.2594802904785824f,-0.1575983876458914f,-0.10545033843169545f,0.988983819492793f,0.10388084956375393f,2.0526397465000237f,-0.27005371085906127f,0.07205723630689212f,-0.9601451702461787f,0.012591653651838744f,0f,0f,0f,1f],start_interpolation:0}
execute if entity @s[tag=aj.ecual.bone.ear_left_1] run data modify entity @s {} merge value {transformation:[-0.9570534046624f,-0.12930104205790105f,0.2594802904785824f,-0.12850565318286372f,-0.10545033843169545f,0.988983819492793f,0.10388084956375393f,1.8301183871141458f,-0.27005371085906127f,0.07205723630689212f,-0.9601451702461787f,-0.0036212245172119566f,0f,0f,0f,1f],start_interpolation:0}
execute if entity @s[tag=aj.ecual.bone.head] run data modify entity @s {} merge value {transformation:[-0.9653680535885436f,-0.02710165979820164f,0.2594802904785824f,-0.0020538049151731306f,0f,0.9945897491397709f,0.10388084956375393f,1.3171448641311456f,-0.2608917804582332f,0.10028325354848543f,-0.9601451702461787f,0.007599617166661476f,0f,0f,0f,1f],start_interpolation:0}
execute if entity @s[tag=aj.ecual.bone.body_1] run data modify entity @s {} merge value {transformation:[-0.9653680535885436f,0.0039647554235561905f,0.2608616526534675f,-0.003540588199006702f,0f,0.9998845199158334f,-0.015196934976611565f,0.942188169162708f,-0.2608917804582332f,-0.014670635538883203f,-0.9652565728044635f,0.013101105493742677f,0f,0f,0f,1f],start_interpolation:0}
execute if entity @s[tag=aj.ecual.bone.leg_left_2] run data modify entity @s {} merge value {transformation:[-0.9694698828460552f,0.07502979826816654f,0.23344951408451103f,0.026814851138819012f,-0.11493376362923083f,0.7019424856443985f,-0.7028989805266355f,0.6576601497304202f,-0.21660650090077208f,-0.708270623574917f,-0.6718886422230415f,0.43510361134380726f,0f,0f,0f,1f],start_interpolation:0}
execute if entity @s[tag=aj.ecual.bone.leg_left_1] run data modify entity @s {} merge value {transformation:[-0.9694698828460552f,0.2090148481792507f,0.1282222269930641f,0.09851289575661626f,-0.11493376362923083f,0.07457947528560166f,-0.9905695996971361f,0.6569081783699365f,-0.21660650090077208f,-0.9750644568984808f,-0.04827969201221888f,0.11460229800091713f,0f,0f,0f,1f],start_interpolation:0}
execute if entity @s[tag=aj.ecual.bone.leg_right_2] run data modify entity @s {} merge value {transformation:[-0.9388476528825441f,0.2575321924640692f,0.22856564597854112f,-0.2423866446512136f,0.14653187882893323f,0.8995030367651149f,-0.4116098824581347f,0.6631931419443593f,-0.31159828812719914f,-0.35294681850809506f,-0.8822329908483434f,0.34473162632608323f,0f,0f,0f,1f],start_interpolation:0}
execute if entity @s[tag=aj.ecual.bone.leg_right_1] run data modify entity @s {} merge value {transformation:[-0.9388476528825441f,0.3322002211791105f,-0.09059855255735723f,-0.1348628655582054f,0.14653187882893323f,0.1473519755292521f,-0.9781696191328422f,0.6613650927456578f,-0.31159828812719914f,-0.9316278271692924f,-0.18701897893000674f,0.019902129596334306f,0f,0f,0f,1f],start_interpolation:0}
execute if entity @s[tag=aj.ecual.bone.skirt_forward_right] run data modify entity @s {} merge value {transformation:[-0.9311604246850128f,0.30994886590622106f,0.19202073852548873f,-0.009268752966677344f,0.10298175705115102f,0.7287767261110879f,-0.6769632495146706f,0.8430001975994267f,-0.3497642366153012f,-0.6105867538706125f,-0.7105271245931881f,0.02909272493162774f,0f,0f,0f,1f],start_interpolation:0}
execute if entity @s[tag=aj.ecual.bone.skirt_forward_left] run data modify entity @s {} merge value {transformation:[-0.9805833040026067f,0.06051239967476982f,0.18653319650113911f,-0.009950377094694f,-0.10298175705115102f,0.6505868755660666f,-0.7524170884927063f,0.8137629161855697f,-0.16688661308202454f,-0.7570171509462545f,-0.631722954741417f,0.03161491308407424f,0f,0f,0f,1f],start_interpolation:0}
execute if entity @s[tag=aj.ecual.bone.skirt_forward] run data modify entity @s {} merge value {transformation:[-0.9653680535885436f,0.17661414747067355f,0.19202073852548873f,-0.009268752966677344f,0f,0.7360168196492101f,-0.6769632495146706f,0.8430001975994267f,-0.2608917804582332f,-0.6535186945349531f,-0.7105271245931881f,0.02909272493162774f,0f,0f,0f,1f],start_interpolation:0}
execute if entity @s[tag=aj.ecual.bone.skirt_back_right] run data modify entity @s {} merge value {transformation:[-0.9523624846622911f,0.1732956280178861f,0.2509468531736427f,-0.010152975484536234f,0.1019824301364956f,0.9564594554893616f,-0.2734682686317531f,0.8646586027244311f,-0.2874113458987347f,-0.23484874986867685f,-0.9285692127858847f,0.03236458029443497f,0f,0f,0f,1f],start_interpolation:0}
execute if entity @s[tag=aj.ecual.bone.skirt_back_left] run data modify entity @s {} merge value {transformation:[-0.9674911749598356f,-0.031408649399220445f,0.2509468531736427f,-0.010152975484536234f,-0.1019824301364956f,0.9564594554893616f,-0.2734682686317531f,0.8646586027244311f,-0.23143122157196447f,-0.2901703064545212f,-0.9285692127858847f,0.03236458029443497f,0f,0f,0f,1f],start_interpolation:0}
execute if entity @s[tag=aj.ecual.bone.skirt_back] run data modify entity @s {} merge value {transformation:[-0.9653680535885436f,0.07134562350216847f,0.2509468531736427f,-0.010152975484536234f,0f,0.9618810248942181f,-0.2734682686317531f,0.8646586027244311f,-0.2608917804582332f,-0.26399753020726446f,-0.9285692127858847f,0.03236458029443497f,0f,0f,0f,1f],start_interpolation:0}
execute if entity @s[tag=aj.ecual.bone.skirt_right] run data modify entity @s {} merge value {transformation:[-0.940672196308529f,0.24510070920482416f,0.23465178763303868f,-0.19695733315459638f,0.13950069470301338f,0.9097461475331275f,-0.39102621808007904f,0.8870663175395727f,-0.30931436318002614f,-0.33509340398749293f,-0.8899646258894844f,-0.01905536406193237f,0f,0f,0f,1f],start_interpolation:0}
execute if entity @s[tag=aj.ecual.bone.skirt_left] run data modify entity @s {} merge value {transformation:[-0.9688765947261536f,-0.01695229601784173f,0.24696308196079897f,0.17967449304370114f,-0.13073717273946198f,0.8822080179344107f,-0.45234589061505837f,0.8873441348048141f,-0.21020450959944922f,-0.47055460124406573f,-0.8569669955092164f,0.07259822111983229f,0f,0f,0f,1f],start_interpolation:0}
execute if entity @s[tag=aj.ecual.bone.coat_downer] run data modify entity @s {} merge value {transformation:[-0.9653680535885436f,0.1138381869132793f,0.23474536909375707f,-0.02830946846211805f,0f,0.8997806242935201f,-0.4363425582566559f,0.7409626115540293f,-0.2608917804582332f,-0.4212311661620737f,-0.8686194699309202f,0.07480709600402921f,0f,0f,0f,1f],start_interpolation:0}
execute if entity @s[tag=aj.ecual.bone.body_2] run data modify entity @s {} merge value {transformation:[-0.9653680535885436f,0.09294559124344641f,0.24377374382626427f,0f,0f,0.9343864471241577f,-0.3562610944668159f,0.9497395833333333f,-0.2608917804582332f,-0.34392307933475436f,-0.9020268257597628f,0f,0f,0f,0f,1f],start_interpolation:0}
execute if entity @s[tag=aj.ecual.bone.book_left] run data modify entity @s {} merge value {transformation:[0.4310694486958718f,-0.1443090762972426f,-0.8907042275072428f,-0.3279665911605586f,0.02413657219199909f,0.9886190609563903f,-0.14849167719614917f,1.0782071080217819f,0.901995873762102f,0.042511678535922026f,0.4296466000147108f,0.3790384846522525f,0f,0f,0f,1f],start_interpolation:0}
execute if entity @s[tag=aj.ecual.bone.book_right] run data modify entity @s {} merge value {transformation:[0.1267718537656496f,-0.1443090762972426f,-0.9813785139236837f,-0.30147459509380203f,-0.02413657219199909f,0.9886190609563903f,-0.14849167719614917f,1.0782071080217819f,0.9916382016520146f,0.042511678535922026f,0.12184594458748821f,0.46896754916645145f,0f,0f,0f,1f],start_interpolation:0}
execute if entity @s[tag=aj.ecual.bone.book_loot_1] run data modify entity @s {} merge value {transformation:[0.28258129137873644f,-0.1443090762972426f,-0.9483262646689496f,-0.17247165342683785f,0f,0.9886190609563903f,-0.15044052749742987f,1.1007731871463964f,0.9592433548181223f,0.042511678535922026f,0.2793652509266905f,0.38209822927034837f,0f,0f,0f,1f],start_interpolation:0}
execute if entity @s[tag=aj.ecual.bone.book_left2] run data modify entity @s {} merge value {transformation:[-0.08192702254091327f,-0.8553683728201447f,0.5115006449229549f,0.8105779066061419f,-0.9880418081835278f,0.002444435639911813f,-0.15416682527647513f,1.8536663733531262f,0.13061909607329852f,-0.5180144510662037f,-0.8453399790779885f,-0.19247191963348165f,0f,0f,0f,1f],start_interpolation:0}
execute if entity @s[tag=aj.ecual.bone.book_right2] run data modify entity @s {} merge value {transformation:[-0.4992538984212042f,-0.8553683728201447f,0.13816834547119675f,0.8429572439812683f,-0.27061096903440024f,0.002444435639911813f,-0.9626856850357053f,1.9237897057643347f,0.8231131443182602f,-0.5180144510662037f,-0.23269245827290325f,-0.24560721169718347f,0f,0f,0f,1f],start_interpolation:0}
execute if entity @s[tag=aj.ecual.bone.book_loot_2] run data modify entity @s {} merge value {transformation:[-0.3453795986680135f,-0.8553683728201447f,0.38608014660552026f,0.768855553302877f,-0.7479822123862253f,0.002444435639911813f,-0.6637142718732287f,1.9882851803397148f,0.5667764486794858f,-0.5180144510662037f,-0.6406445861075f,-0.12294287774920755f,0f,0f,0f,1f],start_interpolation:0}
execute if entity @s[tag=aj.ecual.bone.air_staff_povit_1] run data modify entity @s {} merge value {transformation:[-0.000015083875837320996f,0f,0.000004076434069659894f,-0.18633064299181062f,0f,0.000015625f,0f,1.1158620833333333f,-0.000004076434069659894f,0f,-0.000015083875837320996f,0.6618075504166665f,0f,0f,0f,1f],start_interpolation:0}