execute if entity @s[tag=aj.ecual.bone.wing_right_1] run data modify entity @s {} merge value {transformation:[-0.7549129056258882f,-0.13311151334686722f,-0.28165985581624836f,0.03113567501691611f,-0.16687564558438225f,0.7962812056033574f,0.07094508410104193f,1.5038293987225295f,0.26306552087781987f,0.1231341181875074f,-0.7632686061328021f,-0.31983438676468656f,0f,0f,0f,1f],start_interpolation:0}
execute if entity @s[tag=aj.ecual.bone.wing_right_2] run data modify entity @s {} merge value {transformation:[-0.7331149255359413f,0.1625276660951945f,-0.2759116954934678f,0.03113567501691611f,0.14747816959159477f,0.7832115456105064f,0.069497225241837f,1.5038293987225295f,0.2842405591226276f,0.012823126609792249f,-0.7476916958035613f,-0.31983438676468656f,0f,0f,0f,1f],start_interpolation:0}
execute if entity @s[tag=aj.ecual.bone.wing_left_1] run data modify entity @s {} merge value {transformation:[-0.7549129056258882f,0.13311151334686722f,0.2816598558162486f,-0.031135675016916012f,0.16687564558438225f,0.7962812056033574f,0.07094508410104193f,1.5038293987225295f,-0.2630655208778201f,0.12313411818750744f,-0.7632686061328021f,-0.3198343867646865f,0f,0f,0f,1f],start_interpolation:0}
execute if entity @s[tag=aj.ecual.bone.wing_left_2] run data modify entity @s {} merge value {transformation:[-0.7331149255359413f,-0.1625276660951945f,0.275911695493468f,-0.031135675016916012f,-0.14747816959159477f,0.7832115456105064f,0.069497225241837f,1.5038293987225295f,-0.2842405591226278f,0.0128231266097922f,-0.7476916958035613f,-0.3198343867646865f,0f,0f,0f,1f],start_interpolation:0}
execute if entity @s[tag=aj.ecual.bone.staff] run data modify entity @s {} merge value {transformation:[-1.5184107904922253f,0.3654087902754932f,0.04807636951950397f,-0.4649725808713995f,-0.008445203689834037f,-0.23826195638985798f,1.544204056681601f,1.6119473599996772f,0.3684611239349581f,1.5003712560985287f,0.23351390541445166f,0.5007748014407777f,0f,0f,0f,1f],start_interpolation:0}
execute if entity @s[tag=aj.ecual.bone.arm_right_2] run data modify entity @s {} merge value {transformation:[0.20398418548324362f,-0.9788359501029489f,-0.016450983520597307f,-0.5391859379116224f,-0.09320118559984643f,-0.0026891640087231897f,-0.9956436648719849f,1.6219437831886698f,0.9745275732761596f,0.2046288131788666f,-0.09177721798729722f,0.26262376792953457f,0f,0f,0f,1f],start_interpolation:0}
execute if entity @s[tag=aj.ecual.bone.arm_right_1] run data modify entity @s {} merge value {transformation:[-0.6783779498717671f,-0.7345863957733738f,-0.01364493578081365f,-0.2984375f,-0.04835157609876103f,0.06316797799976388f,-0.9968309443652857f,1.636354557323291f,0.7331203736198744f,-0.6755683782564913f,-0.07837017342937559f,0.04073944126709009f,0f,0f,0f,1f],start_interpolation:0}
execute if entity @s[tag=aj.ecual.bone.arm_left_2] run data modify entity @s {} merge value {transformation:[0.16755061736654714f,0.9856928166444745f,0.018342896051907524f,0.5409314196335142f,0.09145231234482883f,0.0029857738714508253f,-0.9958049807674054f,1.6237070637230497f,-0.9816125840609793f,0.16852523956330911f,-0.08964361908834614f,0.26263054945729813f,0f,0f,0f,1f],start_interpolation:0}
execute if entity @s[tag=aj.ecual.bone.arm_left_1] run data modify entity @s {} merge value {transformation:[-0.6833350604598357f,0.7299287576168423f,0.01603757931502537f,0.2984375f,0.04466198643955813f,0.06371588639101787f,-0.9969682004902062f,1.636354557323291f,-0.7287376085489381f,-0.6805470554086177f,-0.07613936735378521f,0.04073944126709017f,0f,0f,0f,1f],start_interpolation:0}
execute if entity @s[tag=aj.ecual.bone.himo_right_2] run data modify entity @s {} merge value {transformation:[-0.9993895030926653f,0.033188265913291236f,-0.010916048454653703f,-0.15931009329992302f,0.03493260586051611f,0.94405599547481f,-0.3279298559995102f,1.3299844841547208f,-0.0005780622713096857f,-0.3281109818548205f,-0.9446390048215647f,0.2583891626466825f,0f,0f,0f,1f],start_interpolation:0}
execute if entity @s[tag=aj.ecual.bone.himo_right_1] run data modify entity @s {} merge value {transformation:[-0.9998588102464107f,0.01643687245605476f,-0.0034912456939651254f,-0.15625000000000003f,0.01673143793900414f,0.9930712255494722f,-0.1163168086312657f,1.5154583588913015f,0.0015551710920328212f,-0.11635879945037515f,-0.9932060265792501f,0.23036435008361686f,0f,0f,0f,1f],start_interpolation:0}
execute if entity @s[tag=aj.ecual.bone.himo_left_2] run data modify entity @s {} merge value {transformation:[-0.9993353339964582f,0.034576540772158534f,-0.011547859300250641f,0.1529123580485242f,0.03645116625364953f,0.9438841001482172f,-0.3282592237335288f,1.3300101151205588f,-0.00045022764900416994f,-0.3284619739263913f,-0.9445170877117274f,0.2585267634842987f,0f,0f,0f,1f],start_interpolation:0}
execute if entity @s[tag=aj.ecual.bone.himo_left_1] run data modify entity @s {} merge value {transformation:[-0.999831973276253f,0.017928152226456457f,-0.0038218545575703687f,0.15624999999999997f,0.018252314460189427f,0.992958815903782f,-0.11704547379461307f,1.5154583588913015f,0.0016965351044340026f,-0.1170955647183278f,-0.9931192025592575f,0.2303643500836169f,0f,0f,0f,1f],start_interpolation:0}
execute if entity @s[tag=aj.ecual.bone.ponpon1] run data modify entity @s {} merge value {transformation:[-1f,-4.004357678638608e-17f,1.1573292437664998e-16f,0.29375f,0f,0.9450310445201648f,0.3269806185282645f,2.1948861225548115f,-1.2246467991473532e-16f,0.3269806185282645f,-0.9450310445201648f,0.2358041957772401f,0f,0f,0f,1f],start_interpolation:0}
execute if entity @s[tag=aj.ecual.bone.ponpon2] run data modify entity @s {} merge value {transformation:[-1f,-4.004357678638608e-17f,1.1573292437664998e-16f,0.33125f,0f,0.9450310445201648f,0.3269806185282645f,2.1074116749768157f,-1.2246467991473532e-16f,0.3269806185282645f,-0.9450310445201648f,0.10633495803744161f,0f,0f,0f,1f],start_interpolation:0}
execute if entity @s[tag=aj.ecual.bone.ponpon3] run data modify entity @s {} merge value {transformation:[-1f,-4.004357678638608e-17f,1.1573292437664998e-16f,-0.29375f,0f,0.9450310445201648f,0.3269806185282645f,2.1948861225548115f,-1.2246467991473532e-16f,0.3269806185282645f,-0.9450310445201648f,0.23580419577724004f,0f,0f,0f,1f],start_interpolation:0}
execute if entity @s[tag=aj.ecual.bone.ponpon4] run data modify entity @s {} merge value {transformation:[-1f,-4.004357678638608e-17f,1.1573292437664998e-16f,-0.33125f,0f,0.9450310445201648f,0.3269806185282645f,2.1074116749768157f,-1.2246467991473532e-16f,0.3269806185282645f,-0.9450310445201648f,0.10633495803744156f,0f,0f,0f,1f],start_interpolation:0}
execute if entity @s[tag=aj.ecual.bone.ear_edge_a1] run data modify entity @s {} merge value {transformation:[-0.9695520458057832f,0.24488534148417312f,1.1573292437664998e-16f,0.20430089254891198f,0.2314242500504654f,0.916256782564502f,0.3269806185282645f,2.2965559370673407f,0.08007276042700008f,0.3170247276329192f,-0.9450310445201648f,0.24783455065381804f,0f,0f,0f,1f],start_interpolation:0}
execute if entity @s[tag=aj.ecual.bone.ear_edge_a2] run data modify entity @s {} merge value {transformation:[-0.995923758633806f,0.09019904095228747f,1.1573292437664998e-16f,0.09049437275242672f,0.08524089388585736f,0.9411788698841543f,0.3269806185282645f,2.315859030162576f,0.0294933382012351f,0.3256477666050759f,-0.9450310445201648f,0.25451341835492464f,0f,0f,0f,1f],start_interpolation:0}
execute if entity @s[tag=aj.ecual.bone.ear_edge_b1] run data modify entity @s {} merge value {transformation:[-0.9445194437306597f,0.32845550751163444f,1.1573292437664998e-16f,0.06785930778972751f,0.31040065134212075f,0.8926001964783904f,0.3269806185282645f,2.3136974156521353f,0.10739858500516913f,0.3088395519230234f,-0.9450310445201648f,0.2537655000153716f,0f,0f,0f,1f],start_interpolation:0}
execute if entity @s[tag=aj.ecual.bone.ear_edge_b2] run data modify entity @s {} merge value {transformation:[-0.9997897054446607f,0.020507191101625938f,1.1573292437664998e-16f,0.09775017828316838f,0.01937993222694423f,0.9448323096368757f,0.3269806185282645f,2.3206291707669675f,0.006705454030686869f,0.32691185628448655f,-0.9450310445201648f,0.2561638863838163f,0f,0f,0f,1f],start_interpolation:0}
execute if entity @s[tag=aj.ecual.bone.ear_right_2] run data modify entity @s {} merge value {transformation:[-0.9842726036452778f,0.1766562812733978f,1.1573292437664998e-16f,0.1647476632865144f,0.16694567001284719f,0.9301681667154791f,0.3269806185282645f,2.424498027439234f,0.05776318011767857f,0.32183806474035825f,-0.9450310445201648f,0.2590348005365878f,0f,0f,0f,1f],start_interpolation:0}
execute if entity @s[tag=aj.ecual.bone.ear_right_1] run data modify entity @s {} merge value {transformation:[-0.9842726036452778f,0.1766562812733978f,1.1573292437664998e-16f,0.12499999999999999f,0.16694567001284719f,0.9301681667154791f,0.3269806185282645f,2.2152101899282512f,0.05776318011767857f,0.32183806474035825f,-0.9450310445201648f,0.18662123597000727f,0f,0f,0f,1f],start_interpolation:0}
execute if entity @s[tag=aj.ecual.bone.ear_edge_a3] run data modify entity @s {} merge value {transformation:[-0.9695520458057832f,-0.24488534148417318f,1.1573292437664998e-16f,-0.20430089254891204f,-0.2314242500504654f,0.916256782564502f,0.3269806185282645f,2.2965559370673407f,-0.08007276042700032f,0.3170247276329192f,-0.9450310445201648f,0.247834550653818f,0f,0f,0f,1f],start_interpolation:0}
execute if entity @s[tag=aj.ecual.bone.ear_edge_a4] run data modify entity @s {} merge value {transformation:[-0.995923758633806f,-0.09019904095228752f,1.1573292437664998e-16f,-0.0904943727524268f,-0.08524089388585736f,0.9411788698841543f,0.3269806185282645f,2.315859030162576f,-0.029493338201235335f,0.3256477666050759f,-0.9450310445201648f,0.2545134183549246f,0f,0f,0f,1f],start_interpolation:0}
execute if entity @s[tag=aj.ecual.bone.ear_edge_b3] run data modify entity @s {} merge value {transformation:[-0.9445194437306597f,-0.32845550751163444f,1.1573292437664998e-16f,-0.06785930778972757f,-0.31040065134212075f,0.8926001964783904f,0.3269806185282645f,2.3136974156521353f,-0.10739858500516937f,0.3088395519230234f,-0.9450310445201648f,0.2537655000153715f,0f,0f,0f,1f],start_interpolation:0}
execute if entity @s[tag=aj.ecual.bone.ear_edge_b4] run data modify entity @s {} merge value {transformation:[-0.9997897054446607f,-0.020507191101625993f,1.1573292437664998e-16f,-0.09775017828316844f,-0.01937993222694423f,0.9448323096368757f,0.3269806185282645f,2.3206291707669675f,-0.006705454030687105f,0.32691185628448655f,-0.9450310445201648f,0.2561638863838162f,0f,0f,0f,1f],start_interpolation:0}
execute if entity @s[tag=aj.ecual.bone.ear_left_2] run data modify entity @s {} merge value {transformation:[-0.9842726036452778f,-0.17665628127339786f,1.1573292437664998e-16f,-0.16474766328651447f,-0.16694567001284719f,0.9301681667154791f,0.3269806185282645f,2.424498027439234f,-0.05776318011767881f,0.32183806474035825f,-0.9450310445201648f,0.2590348005365877f,0f,0f,0f,1f],start_interpolation:0}
execute if entity @s[tag=aj.ecual.bone.ear_left_1] run data modify entity @s {} merge value {transformation:[-0.9842726036452778f,-0.17665628127339786f,1.1573292437664998e-16f,-0.12500000000000003f,-0.16694567001284719f,0.9301681667154791f,0.3269806185282645f,2.2152101899282512f,-0.05776318011767881f,0.32183806474035825f,-0.9450310445201648f,0.1866212359700072f,0f,0f,0f,1f],start_interpolation:0}
execute if entity @s[tag=aj.ecual.bone.head] run data modify entity @s {} merge value {transformation:[-1f,-4.004357678638608e-17f,1.1573292437664998e-16f,-5.948830712106659e-18f,0f,0.9450310445201648f,0.3269806185282645f,1.7206636352826585f,-1.2246467991473532e-16f,0.3269806185282645f,-0.9450310445201648f,0.04857588911552677f,0f,0f,0f,1f],start_interpolation:0}
execute if entity @s[tag=aj.ecual.bone.body_1] run data modify entity @s {} merge value {transformation:[-1f,-1.1334119013983287e-17f,1.2193906499885688e-16f,-1.6985360818629265e-18f,0f,0.9957080285005897f,0.09255010523748194f,1.3472731245949374f,-1.2246467991473532e-16f,0.09255010523748194f,-0.9957080285005897f,0.013869599651471047f,0f,0f,0f,1f],start_interpolation:0}
execute if entity @s[tag=aj.ecual.bone.leg_left_2] run data modify entity @s {} merge value {transformation:[-0.9955780613406975f,-0.08803823619595448f,0.03276572514997593f,0.14881489519326319f,-0.09081421417395992f,0.8128260013782883f,-0.5753839326809091f,0.9106082511930037f,0.024022953212804097f,-0.5758152138063809f,-0.8172268578969044f,0.3867229700298057f,0f,0f,0f,1f],start_interpolation:0}
execute if entity @s[tag=aj.ecual.bone.leg_left_1] run data modify entity @s {} merge value {transformation:[-0.9955780613406975f,-0.06675503758668658f,0.0660915178665046f,0.12499999999999999f,-0.09081421417395992f,0.5040370010169417f,-0.8588943358235713f,1.0891879123869912f,0.024022953212804097f,-0.8610984070143479f,-0.5078704865970141f,0.07485392035927249f,0f,0f,0f,1f],start_interpolation:0}
execute if entity @s[tag=aj.ecual.bone.leg_right_2] run data modify entity @s {} merge value {transformation:[-0.9957204054512709f,0.09234591113503009f,0.0036203403980452874f,-0.12746830408473658f,0.08934376989187383f,0.9718895031677736f,-0.21782673025550836f,1.1615913210058657f,-0.0236339787057638f,-0.2165710653086863f,-0.9759807419829535f,0.32752036330355216f,0f,0f,0f,1f],start_interpolation:0}
execute if entity @s[tag=aj.ecual.bone.leg_right_1] run data modify entity @s {} merge value {transformation:[-0.9957204054512709f,0.029925757212603737f,-0.08743753898188632f,-0.12499999999999999f,0.08934376989187383f,0.0697517319582065f,-0.9935554270750768f,1.101999087314236f,-0.0236339787057638f,-0.9971154120482157f,-0.07212690279259665f,-0.0017485953936498405f,0f,0f,0f,1f],start_interpolation:0}
execute if entity @s[tag=aj.ecual.bone.skirt_forward_right] run data modify entity @s {} merge value {transformation:[-0.984541327174954f,0.17515243385285936f,7.448478067506192e-17f,-0.006468822337962965f,0.10653023083322295f,0.5988122034142284f,-0.793772798073112f,1.2742357403375932f,-0.1390312375086999f,-0.7815021240902784f,-0.6082143906873487f,0.019233879116495232f,0f,0f,0f,1f],start_interpolation:0}
execute if entity @s[tag=aj.ecual.bone.skirt_forward_left] run data modify entity @s {} merge value {transformation:[-0.984541327174954f,-0.17515034097782128f,-0.0008562359097634727f,-0.006468822337962965f,-0.10653023083322298f,0.6026854212729115f,-0.7908360088562696f,1.2755037054653524f,0.13903123750869967f,-0.7785195187279804f,-0.6120275107839136f,0.018893200305126114f,0f,0f,0f,1f],start_interpolation:0}
execute if entity @s[tag=aj.ecual.bone.skirt_forward] run data modify entity @s {} merge value {transformation:[-1f,9.720913164104749e-17f,7.448478067506192e-17f,-0.006468822337962965f,0f,0.6082143906873487f,-0.793772798073112f,1.2742357403375932f,-1.2246467991473532e-16f,-0.793772798073112f,-0.6082143906873487f,0.019233879116495232f,0f,0f,0f,1f],start_interpolation:0}
execute if entity @s[tag=aj.ecual.bone.skirt_back_right] run data modify entity @s {} merge value {transformation:[-0.9842726036452778f,0.17665628127339786f,1.2066857729752367e-16f,-0.006468822337962967f,0.17406538886782474f,0.969836975342588f,-0.1706384530421953f,1.2819251854144948f,-0.030144354556679662f,-0.16795475445784402f,-0.985333709127708f,0.03360221810439327f,0f,0f,0f,1f],start_interpolation:0}
execute if entity @s[tag=aj.ecual.bone.skirt_back_left] run data modify entity @s {} merge value {transformation:[-0.9842726036452778f,-0.1766562812733978f,1.2066857729752367e-16f,-0.006468822337962967f,-0.17406538886782474f,0.969836975342588f,-0.1706384530421953f,1.2819251854144948f,0.03014435455667942f,-0.16795475445784408f,-0.985333709127708f,0.03360221810439327f,0f,0f,0f,1f],start_interpolation:0}
execute if entity @s[tag=aj.ecual.bone.skirt_back] run data modify entity @s {} merge value {transformation:[-1f,2.0897183532958043e-17f,1.2066857729752367e-16f,-0.006468822337962967f,0f,0.985333709127708f,-0.1706384530421953f,1.2819251854144948f,-1.2246467991473532e-16f,-0.1706384530421953f,-0.985333709127708f,0.03360221810439327f,0f,0f,0f,1f],start_interpolation:0}
execute if entity @s[tag=aj.ecual.bone.skirt_right] run data modify entity @s {} merge value {transformation:[-0.9756606190737679f,0.21570690003778983f,-0.0394574411826092f,-0.20021882233796298f,0.21199423333400286f,0.8818072431823785f,-0.42127714263204696f,1.3418670942190636f,-0.05607852906166919f,-0.4193882677748396f,-0.9060732196854175f,0.03428035867226194f,0f,0f,0f,1f],start_interpolation:0}
execute if entity @s[tag=aj.ecual.bone.skirt_left] run data modify entity @s {} merge value {transformation:[-0.9845899391573053f,-0.17211998472128134f,0.030941276149501713f,0.18728117766203703f,-0.16906382145823068f,0.8915864785130575f,-0.42010829033312924f,1.3418086008836754f,0.04472220907058755f,-0.4188654464052045f,-0.9069463389989594f,0.03471407947532222f,0f,0f,0f,1f],start_interpolation:0}
execute if entity @s[tag=aj.ecual.bone.coat_downer] run data modify entity @s {} merge value {transformation:[-1f,4.1517586741213404e-17f,1.1521235965730588e-16f,-0.007812500000000007f,0f,0.9407803110049461f,-0.3390168232189033f,1.1675712491674253f,-1.2246467991473532e-16f,-0.3390168232189033f,-0.9407803110049461f,0.05714019808965527f,0f,0f,0f,1f],start_interpolation:0}
execute if entity @s[tag=aj.ecual.bone.body_2] run data modify entity @s {} merge value {transformation:[-1f,3.1318181009518123e-17f,1.183924379547682e-16f,0f,0f,0.9667476209238257f,-0.2557323550865691f,1.3835789207175926f,-1.2246467991473532e-16f,-0.2557323550865691f,-0.9667476209238257f,0f,0f,0f,0f,1f],start_interpolation:0}
execute if entity @s[tag=aj.ecual.bone.book_left] run data modify entity @s {} merge value {transformation:[0.8637590851094624f,0.24932476177203425f,-0.437901137310904f,-1.4583061314832029f,-0.18259575925587707f,0.964819276690304f,0.18916276596774623f,2.3123061342592592f,0.46965842012321524f,-0.08343216702277922f,0.8788970599070455f,-0.5352728482475448f,0f,0f,0f,1f],start_interpolation:0}
execute if entity @s[tag=aj.ecual.bone.book_right] run data modify entity @s {} merge value {transformation:[-0.40712134650435694f,0.24932476177203425f,-0.8786861626245164f,-1.4285558476834637f,0.18259575925587707f,0.964819276690304f,0.18916276596774623f,2.3123061342592592f,0.894936309422212f,-0.08343216702277922f,-0.4383241672365715f,-0.44636850013208446f,0f,0f,0f,1f],start_interpolation:0}
execute if entity @s[tag=aj.ecual.bone.book_loot_1] run data modify entity @s {} merge value {transformation:[0.31733636053055225f,0.24932476177203425f,-0.9149507076627363f,-1.3061883834339227f,0f,0.964819276690304f,0.2629139846542944f,2.272869036561115f,0.9483130465649112f,-0.08343216702277922f,0.3061722378346209f,-0.5367465098650078f,0f,0f,0f,1f],start_interpolation:0}
execute if entity @s[tag=aj.ecual.bone.book_left2] run data modify entity @s {} merge value {transformation:[0.8415919279588553f,-0.13076198192396887f,0.52404611522061f,1.4624877197660398f,0.07769108778154427f,0.9894689656847392f,0.12212805093872867f,2.2838662320028047f,-0.5344970735877023f,-0.062068269108200264f,0.8428881351022179f,-0.4538368058126453f,0f,0f,0f,1f],start_interpolation:0}
execute if entity @s[tag=aj.ecual.bone.book_right2] run data modify entity @s {} merge value {transformation:[-0.46215505847966076f,-0.13076198192396887f,0.8771054702856307f,1.4381929338074557f,-0.11622358679273112f,0.9894689656847392f,0.086274236129941f,2.286333411371038f,-0.8791500325852774f,-0.062068269108200264f,-0.4724857142551701f,-0.3633230560218452f,0f,0f,0f,1f],start_interpolation:0}
execute if entity @s[tag=aj.ecual.bone.book_loot_2] run data modify entity @s {} merge value {transformation:[0.2591443835582298f,-0.13076198192396887f,0.956945919346303f,1.3067984388848022f,-0.026316579927822867f,0.9894689656847392f,0.14233272135273334f,2.2637499134840113f,-0.9654799977685338f,-0.062068269108200264f,0.2529741170135483f,-0.4465260484692775f,0f,0f,0f,1f],start_interpolation:0}
execute if entity @s[tag=aj.ecual.bone.air_staff_povit_1] run data modify entity @s {} merge value {transformation:[-0.000015625f,0f,1.9135106236677393e-21f,-0.007217500000000084f,0f,0.000015625f,0f,1.5497014207175925f,-1.9135106236677393e-21f,0f,-0.000015625f,0.6875f,0f,0f,0f,1f],start_interpolation:0}