execute if entity @s[tag=aj.ecual.bone.wing_right_1] run data modify entity @s {} merge value {transformation:[-0.4555376903404035f,-0.08032358553663102f,-0.6730363873746461f,0.06835937630751676f,-0.1905426758293429f,0.7933869262122691f,0.034280000695534836f,1.4782572618749812f,0.6504793200491228f,0.17615263655827418f,-0.4612931251020808f,-0.27588289180695463f,0f,0f,0f,1f],start_interpolation:0}
execute if entity @s[tag=aj.ecual.bone.wing_right_2] run data modify entity @s {} merge value {transformation:[-0.44238411801403316f,0.09807419780171557f,-0.6593009508976125f,0.06835937630751676f,0.12497393029992139f,0.7894642948780013f,0.03358040884460556f,1.4782572618749812f,0.6547349149650845f,-0.0844249894185983f,-0.4518789796918343f,-0.27588289180695463f,0f,0f,0f,1f],start_interpolation:0}
execute if entity @s[tag=aj.ecual.bone.wing_left_1] run data modify entity @s {} merge value {transformation:[-0.5976814083551842f,0.10538735816085272f,0.5464566618597343f,-0.05068551745226055f,0.18130455636560594f,0.7950158559247339f,0.04497656182700006f,1.4794059107338293f,-0.5261654078254087f,0.15423273975580953f,-0.6052327403898292f,-0.29133982911710826f,0f,0f,0f,1f],start_interpolation:0}
execute if entity @s[tag=aj.ecual.bone.wing_left_2] run data modify entity @s {} merge value {transformation:[-0.5804234606603357f,-0.12867678330114082f,0.5353044850870867f,-0.05068551745226055f,-0.1339453006557303f,0.7874753899535253f,0.04405867281012251f,1.4794059107338293f,-0.5340105455394357f,-0.05766104106599745f,-0.592881051810445f,-0.29133982911710826f,0f,0f,0f,1f],start_interpolation:0}
execute if entity @s[tag=aj.ecual.bone.staff] run data modify entity @s {} merge value {transformation:[-0.6649888173184255f,1.3674825858969972f,0.3594266268794014f,-0.16521769107361f,1.2598545601120317f,0.3927580617008249f,0.8366085358959299f,1.5643736583885264f,0.6418431352023343f,0.6458627812759253f,-1.2697656900216534f,0.4878557436866196f,0f,0f,0f,1f],start_interpolation:0}
execute if entity @s[tag=aj.ecual.bone.arm_right_2] run data modify entity @s {} merge value {transformation:[0.7720131980360744f,-0.5835228166603501f,-0.25198560374530304f,-0.3740325101604647f,-0.2540974293610526f,0.08005219213703431f,-0.9638600224753386f,1.6166873461011428f,0.5826063151479035f,0.8081415525579829f,-0.0864702988254056f,0.36142377557809424f,0f,0f,0f,1f],start_interpolation:0}
execute if entity @s[tag=aj.ecual.bone.arm_right_1] run data modify entity @s {} merge value {transformation:[-0.09963922092771539f,-0.9541967167382931f,-0.2821004278954215f,-0.2984375f,-0.08417932134973444f,0.29057852553227f,-0.9531411030674264f,1.6309412978201654f,0.9914564375251271f,-0.0712232143711155f,-0.10927664995153391f,0.0351248865347413f,0f,0f,0f,1f],start_interpolation:0}
execute if entity @s[tag=aj.ecual.bone.arm_left_2] run data modify entity @s {} merge value {transformation:[0.875614518626934f,0.412910303662602f,0.25060785282784087f,0.338293932585344f,0.247443653728945f,0.06211932288593412f,-0.9669089036478375f,1.6195774714804752f,-0.4148142391468655f,0.9086507969805843f,-0.04777945319440413f,0.36446814630985197f,0f,0f,0f,1f],start_interpolation:0}
execute if entity @s[tag=aj.ecual.bone.arm_left_1] run data modify entity @s {} merge value {transformation:[0.0173147889997446f,0.9584332125528177f,0.28479110793277934f,0.2984375f,0.07191585143421003f,0.28290226077464903f,-0.9564488596684536f,1.6309412978201654f,-0.9972604014972153f,0.037041705202083317f,-0.06402814757069733f,0.03512488653474138f,0f,0f,0f,1f],start_interpolation:0}
execute if entity @s[tag=aj.ecual.bone.himo_right_2] run data modify entity @s {} merge value {transformation:[-1f,6.714655485257275e-17f,1.0241551639302034e-16f,-0.15625000000000003f,0f,0.8362861558477597f,-0.5482932295199139f,1.3205736389260714f,-1.2246467991473532e-16f,-0.5482932295199139f,-0.8362861558477597f,0.26732813124189214f,0f,0f,0f,1f],start_interpolation:0}
execute if entity @s[tag=aj.ecual.bone.himo_right_1] run data modify entity @s {} merge value {transformation:[-1f,2.2842606366214253e-17f,1.2031547348955895e-16f,-0.15625000000000003f,0f,0.9824503977255099f,-0.18652403600873466f,1.5036173132745498f,-1.2246467991473532e-16f,-0.18652403600873466f,-0.9824503977255099f,0.22621455950447f,0f,0f,0f,1f],start_interpolation:0}
execute if entity @s[tag=aj.ecual.bone.himo_left_2] run data modify entity @s {} merge value {transformation:[-1f,5.320419938850672e-17f,1.1030372157840639e-16f,0.15624999999999997f,0f,0.900698239322588f,-0.4344452574044171f,1.316169725504675f,-1.2246467991473532e-16f,-0.4344452574044171f,-0.900698239322588f,0.21855203124970446f,0f,0f,0f,1f],start_interpolation:0}
execute if entity @s[tag=aj.ecual.bone.himo_left_1] run data modify entity @s {} merge value {transformation:[-1f,-9.075672530743864e-18f,1.2212792471311905e-16f,0.15624999999999997f,0f,0.9972501850994857f,0.07410849019539922f,1.5036173132745498f,-1.2246467991473532e-16f,0.07410849019539922f,-0.9972501850994857f,0.22621455950447006f,0f,0f,0f,1f],start_interpolation:0}
execute if entity @s[tag=aj.ecual.bone.ponpon1] run data modify entity @s {} merge value {transformation:[-1f,-4.735843413637272e-17f,1.1293704681267977e-16f,0.29375f,0f,0.9222009716704518f,0.38671096163682067f,2.1667102386786143f,-1.2246467991473532e-16f,0.38671096163682067f,-0.9222009716704518f,0.25781390673525684f,0f,0f,0f,1f],start_interpolation:0}
execute if entity @s[tag=aj.ecual.bone.ponpon2] run data modify entity @s {} merge value {transformation:[-1f,-4.735843413637272e-17f,1.1293704681267977e-16f,0.33125f,0f,0.9222009716704518f,0.38671096163682067f,2.08768926987326f,-1.2246467991473532e-16f,0.38671096163682067f,-0.9222009716704518f,0.12301869543654943f,0f,0f,0f,1f],start_interpolation:0}
execute if entity @s[tag=aj.ecual.bone.ponpon3] run data modify entity @s {} merge value {transformation:[-1f,-4.735843413637272e-17f,1.1293704681267977e-16f,-0.29375f,0f,0.9222009716704518f,0.38671096163682067f,2.1667102386786143f,-1.2246467991473532e-16f,0.38671096163682067f,-0.9222009716704518f,0.25781390673525684f,0f,0f,0f,1f],start_interpolation:0}
execute if entity @s[tag=aj.ecual.bone.ponpon4] run data modify entity @s {} merge value {transformation:[-1f,-4.735843413637272e-17f,1.1293704681267977e-16f,-0.33125f,0f,0.9222009716704518f,0.38671096163682067f,2.08768926987326f,-1.2246467991473532e-16f,0.38671096163682067f,-0.9222009716704518f,0.12301869543654938f,0f,0f,0f,1f],start_interpolation:0}
execute if entity @s[tag=aj.ecual.bone.ear_edge_a1] run data modify entity @s {} merge value {transformation:[-0.9881511284719194f,0.14981629006672167f,0.03335305878500269f,0.19347036020383535f,0.12906274620465794f,0.6934588662044846f,0.7088424425953223f,2.239733954748377f,0.08306717066196483f,0.7047480969204775f,-0.704577863011024f,0.3075224937762201f,0f,0f,0f,1f],start_interpolation:0}
execute if entity @s[tag=aj.ecual.bone.ear_edge_a2] run data modify entity @s {} merge value {transformation:[-0.9994217795285427f,-0.006609090231285031f,0.03335305878500269f,0.07828534823697728f,0.018992902869426412f,0.7051110984916418f,0.7088424425953223f,2.2490273269171155f,-0.02820241558082652f,0.7090660467898777f,-0.704577863011024f,0.31141952815226503f,0f,0f,0f,1f],start_interpolation:0}
execute if entity @s[tag=aj.ecual.bone.ear_edge_b1] run data modify entity @s {} merge value {transformation:[-0.9742890798676322f,0.21670885331184472f,0.061628416716219395f,0.05740930866239019f,0.13823107446509475f,0.3589625207854336f,0.9230590873414293f,2.2792727162976893f,0.17791278454036982f,0.9078453511296031f,-0.3796891617224008f,0.2712885880500047f,0f,0f,0f,1f],start_interpolation:0}
execute if entity @s[tag=aj.ecual.bone.ear_edge_b2] run data modify entity @s {} merge value {transformation:[-0.9935706966681885f,-0.09496951603194828f,0.061628416716219395f,0.08619763975517328f,0.02054004485813969f,0.3841093956591443f,0.9230590873414293f,2.2817142563191526f,-0.11133452869400437f,0.9183903109196135f,-0.3796891617224008f,0.2818969102649399f,0f,0f,0f,1f],start_interpolation:0}
execute if entity @s[tag=aj.ecual.bone.ear_right_2] run data modify entity @s {} merge value {transformation:[-0.9961946980917455f,0.061628416716219235f,0.061628416716219395f,0.14311731654471052f,0.0803751106485503f,0.376167200676296f,0.9230590873414293f,2.347809970950503f,0.033704081090118125f,0.9244999596475985f,-0.3796891617224008f,0.36951626561976836f,0f,0f,0f,1f],start_interpolation:0}
execute if entity @s[tag=aj.ecual.bone.ear_right_1] run data modify entity @s {} merge value {transformation:[-0.9961946980917455f,0.08052140686538031f,0.03335305878500269f,0.12499999999999997f,0.0803751106485503f,0.7007725973265011f,0.7088424425953223f,2.1901361365520406f,0.033704081090118125f,0.7088258388861748f,-0.704577863011024f,0.2100304518703793f,0f,0f,0f,1f],start_interpolation:0}
execute if entity @s[tag=aj.ecual.bone.ear_edge_a3] run data modify entity @s {} merge value {transformation:[-0.9881511284719194f,-0.14981629006672184f,-0.033353058785002526f,-0.19347036020383543f,-0.12906274620465794f,0.6934588662044846f,0.7088424425953223f,2.239733954748377f,-0.08306717066196508f,0.7047480969204775f,-0.704577863011024f,0.30752249377622004f,0f,0f,0f,1f],start_interpolation:0}
execute if entity @s[tag=aj.ecual.bone.ear_edge_a4] run data modify entity @s {} merge value {transformation:[-0.9994217795285427f,0.006609090231284864f,-0.033353058785002526f,-0.07828534823697736f,-0.018992902869426412f,0.7051110984916418f,0.7088424425953223f,2.2490273269171155f,0.02820241558082627f,0.7090660467898777f,-0.704577863011024f,0.311419528152265f,0f,0f,0f,1f],start_interpolation:0}
execute if entity @s[tag=aj.ecual.bone.ear_edge_b3] run data modify entity @s {} merge value {transformation:[-0.9742890798676321f,-0.21670885331184495f,-0.0616284167162193f,-0.05740930866239026f,-0.13823107446509475f,0.3589625207854336f,0.9230590873414293f,2.2792727162976893f,-0.17791278454037007f,0.9078453511296031f,-0.3796891617224008f,0.2712885880500048f,0f,0f,0f,1f],start_interpolation:0}
execute if entity @s[tag=aj.ecual.bone.ear_edge_b4] run data modify entity @s {} merge value {transformation:[-0.9935706966681886f,0.09496951603194806f,-0.0616284167162193f,-0.08619763975517333f,-0.02054004485813969f,0.3841093956591443f,0.9230590873414293f,2.2817142563191526f,0.11133452869400412f,0.9183903109196135f,-0.3796891617224008f,0.2818969102649399f,0f,0f,0f,1f],start_interpolation:0}
execute if entity @s[tag=aj.ecual.bone.ear_left_2] run data modify entity @s {} merge value {transformation:[-0.9961946980917455f,-0.06162841671621945f,-0.0616284167162193f,-0.1431173165447106f,-0.0803751106485503f,0.376167200676296f,0.9230590873414293f,2.347809970950503f,-0.033704081090118375f,0.9244999596475985f,-0.3796891617224008f,0.36951626561976836f,0f,0f,0f,1f],start_interpolation:0}
execute if entity @s[tag=aj.ecual.bone.ear_left_1] run data modify entity @s {} merge value {transformation:[-0.9961946980917455f,-0.08052140686538048f,-0.033353058785002526f,-0.12500000000000003f,-0.0803751106485503f,0.7007725973265011f,0.7088424425953223f,2.1901361365520406f,-0.033704081090118375f,0.7088258388861748f,-0.704577863011024f,0.21003045187037925f,0f,0f,0f,1f],start_interpolation:0}
execute if entity @s[tag=aj.ecual.bone.head] run data modify entity @s {} merge value {transformation:[-1f,-4.735843413637272e-17f,1.1293704681267977e-16f,-4.979397278658427e-18f,0f,0.9222009716704518f,0.38671096163682067f,1.7054234210197834f,-1.2246467991473532e-16f,0.38671096163682067f,-0.9222009716704518f,0.04065986439621022f,0f,0f,0f,1f],start_interpolation:0}
execute if entity @s[tag=aj.ecual.bone.body_1] run data modify entity @s {} merge value {transformation:[-1f,-9.075672530743864e-18f,1.2212792471311905e-16f,-1.576020079629478e-18f,0f,0.9972501850994857f,0.07410849019539922f,1.3314546016074762f,-1.2246467991473532e-16f,0.07410849019539922f,-0.9972501850994857f,0.012869180572935516f,0f,0f,0f,1f],start_interpolation:0}
execute if entity @s[tag=aj.ecual.bone.leg_left_2] run data modify entity @s {} merge value {transformation:[-0.9958049275746618f,-0.09118735658265209f,0.007577085025981735f,0.1526784780473202f,-0.08584602585288718f,0.9023855238622808f,-0.4222923468038021f,0.8442462673695268f,0.03167027096960371f,-0.421171262461324f,-0.9064280234047526f,0.3770256101034687f,0f,0f,0f,1f],start_interpolation:0}
execute if entity @s[tag=aj.ecual.bone.leg_left_1] run data modify entity @s {} merge value {transformation:[-0.9958049275746618f,-0.0796389549914128f,0.045057552817462536f,0.12499999999999999f,-0.08584602585288718f,0.6426984505771559f,-0.7612943986862037f,1.06413614520947f,0.03167027096960371f,-0.7619687253907464f,-0.6468389718184219f,0.10277179339981936f,0f,0f,0f,1f],start_interpolation:0}
execute if entity @s[tag=aj.ecual.bone.leg_right_2] run data modify entity @s {} merge value {transformation:[-0.984807753012208f,0.1554037210237093f,0.07748143712548801f,-0.13914564991630324f,0.16291521578584225f,0.981300628906857f,0.10250711278959916f,1.092902659370893f,-0.060102596220947685f,0.1135727044627901f,-0.9917100981277288f,0.3818550098225178f,0f,0f,0f,1f],start_interpolation:0}
execute if entity @s[tag=aj.ecual.bone.leg_right_1] run data modify entity @s {} merge value {transformation:[-0.984807753012208f,0.09330109785058148f,-0.14645338762528518f,-0.125f,0.16291521578584225f,0.2045194148434571f,-0.9652100504126252f,1.0550703055551915f,-0.060102596220947685f,-0.9744058261791984f,-0.21661247386874f,0.04752316630824776f,0f,0f,0f,1f],start_interpolation:0}
execute if entity @s[tag=aj.ecual.bone.skirt_forward_right] run data modify entity @s {} merge value {transformation:[-0.9914448613738104f,0.13052619222005166f,9.683154556045829e-17f,-3.609607333160086e-18f,0.10320569928887956f,0.7839251148301821f,-0.6122172800344492f,1.2429637335955734f,-0.07991039037421378f,-0.6069796763344057f,-0.7906895737438435f,0.029474680664443295f,0f,0f,0f,1f],start_interpolation:0}
execute if entity @s[tag=aj.ecual.bone.skirt_forward_left] run data modify entity @s {} merge value {transformation:[-0.9914448613738104f,-0.12925592028994135f,0.018165734927774232f,-3.620626584848513e-18f,-0.10320569928887956f,0.6910918321771673f,-0.715360512701323f,1.2051233765406277f,0.07991039037421353f,-0.7111153117237784f,-0.6985193933902153f,0.02956465968285169f,0f,0f,0f,1f],start_interpolation:0}
execute if entity @s[tag=aj.ecual.bone.skirt_forward] run data modify entity @s {} merge value {transformation:[-1f,7.497499323768871e-17f,9.683154556045829e-17f,-3.609607333160086e-18f,0f,0.7906895737438435f,-0.6122172800344492f,1.2429637335955734f,-1.2246467991473532e-16f,-0.6122172800344492f,-0.7906895737438435f,0.029474680664443295f,0f,0f,0f,1f],start_interpolation:0}
execute if entity @s[tag=aj.ecual.bone.skirt_back_right] run data modify entity @s {} merge value {transformation:[-0.9961946980917455f,0.08715574274765821f,1.1815237079848967e-16f,-3.708872528202214e-18f,0.08408675580182562f,0.9611160167843875f,-0.2630312144579748f,1.2679082581067829f,-0.022924680861903482f,-0.26203030127566734f,-0.964787323828813f,0.030285242494280603f,0f,0f,0f,1f],start_interpolation:0}
execute if entity @s[tag=aj.ecual.bone.skirt_back_left] run data modify entity @s {} merge value {transformation:[-0.9961946980917455f,-0.08715574274765815f,1.1815237079848967e-16f,-3.708872528202214e-18f,-0.08408675580182562f,0.9611160167843875f,-0.2630312144579748f,1.2679082581067829f,0.02292468086190324f,-0.26203030127566734f,-0.964787323828813f,0.030285242494280603f,0f,0f,0f,1f],start_interpolation:0}
execute if entity @s[tag=aj.ecual.bone.skirt_back] run data modify entity @s {} merge value {transformation:[-1f,3.221203348617998e-17f,1.1815237079848967e-16f,-3.708872528202214e-18f,0f,0.964787323828813f,-0.2630312144579748f,1.2679082581067829f,-1.2246467991473532e-16f,-0.2630312144579748f,-0.964787323828813f,0.030285242494280603f,0f,0f,0f,1f],start_interpolation:0}
execute if entity @s[tag=aj.ecual.bone.skirt_right] run data modify entity @s {} merge value {transformation:[-0.9914448613738104f,0.13052619222005163f,1.1489530165252494e-16f,-0.19375f,0.12245854265180514f,0.9301649789857773f,-0.34611705707749296f,1.2802140396060997f,-0.045177341522735524f,-0.34315597767330625f,-0.9381913359224842f,0.03105175364705169f,0f,0f,0f,1f],start_interpolation:0}
execute if entity @s[tag=aj.ecual.bone.skirt_left] run data modify entity @s {} merge value {transformation:[-0.9914448613738104f,-0.1300295006517194f,0.011376107230962308f,0.19375f,-0.12245854265180517f,0.8964593312290287f,-0.4258691968010818f,1.2807858012773061f,0.0451773415227353f,-0.4236189282983788f,-0.9047132205291747f,0.018218261153594612f,0f,0f,0f,1f],start_interpolation:0}
execute if entity @s[tag=aj.ecual.bone.coat_downer] run data modify entity @s {} merge value {transformation:[-1f,5.2239604193664084e-17f,1.1076380988530455e-16f,-0.007812500000000009f,0f,0.904455145454368f,-0.4265687399014583f,1.1403728733798202f,-1.2246467991473532e-16f,-0.4265687399014583f,-0.904455145454368f,0.07733552994075232f,0f,0f,0f,1f],start_interpolation:0}
execute if entity @s[tag=aj.ecual.bone.body_2] run data modify entity @s {} merge value {transformation:[-1f,4.238711460802535e-17f,1.1489530165252494e-16f,0f,0f,0.9381913359224842f,-0.34611705707749296f,1.35f,-1.2246467991473532e-16f,-0.34611705707749296f,-0.9381913359224842f,0f,0f,0f,0f,1f],start_interpolation:0}
execute if entity @s[tag=aj.ecual.bone.book_left] run data modify entity @s {} merge value {transformation:[0.7255330323557359f,0.15756575351017202f,-0.6699065996700305f,-1.11076881853288f,-0.07289883721466629f,0.9855560590580777f,0.15285618726980074f,2.131728505073438f,0.6843154086336506f,-0.0620668009058186f,0.72653983630072f,-0.16805628619422838f,0f,0f,0f,1f],start_interpolation:0}
execute if entity @s[tag=aj.ecual.bone.book_right] run data modify entity @s {} merge value {transformation:[-0.06391928240670114f,0.15756575351017202f,-0.9854376482849557f,-1.0764093285274772f,0.07289883721466629f,0.9855560590580777f,0.15285618726980074f,2.131728505073438f,0.9952889454170392f,-0.0620668009058186f,-0.07448239628231285f,-0.08082963919591357f,0f,0f,0f,1f],start_interpolation:0}
execute if entity @s[tag=aj.ecual.bone.book_loot_1] run data modify entity @s {} merge value {transformation:[0.36650122672429697f,0.15756575351017202f,-0.9169786715787653f,-0.9560422727933637f,0f,0.9855560590580777f,0.16934950384902464f,2.1063260794960845f,0.9304175679820246f,-0.0620668009058186f,0.36120750465034923f,-0.17862408839262336f,0f,0f,0f,1f],start_interpolation:0}
execute if entity @s[tag=aj.ecual.bone.book_left2] run data modify entity @s {} merge value {transformation:[0.843932920854682f,0.262505990844269f,0.4678331218164802f,0.9926170216068503f,-0.26843013444944797f,0.9617049942888088f,-0.055396451866643465f,2.2291429120985278f,-0.46445935023114365f,-0.07882961836030056f,0.8820790232468023f,-0.4707512354020648f,0f,0f,0f,1f],start_interpolation:0}
execute if entity @s[tag=aj.ecual.bone.book_right2] run data modify entity @s {} merge value {transformation:[0.06738174262407709f,0.262505990844269f,0.9625748311335649f,0.9440100248862502f,-0.09976488958411121f,0.9617049942888088f,-0.2552850774452595f,2.2487814135327335f,-0.9927268846803801f,-0.07882961836030056f,0.09099023959720437f,-0.3930289629750297f,0f,0f,0f,1f],start_interpolation:0}
execute if entity @s[tag=aj.ecual.bone.book_loot_2] run data modify entity @s {} merge value {transformation:[0.5184746316864005f,0.262505990844269f,0.8138025934270053f,0.8462431342324994f,-0.2094773486315295f,0.9617049942888088f,-0.1767561720853524f,2.2654755886284335f,-0.8290375725550415f,-0.07882961836030056f,0.5536087016668122f,-0.5149314044385691f,0f,0f,0f,1f],start_interpolation:0}
execute if entity @s[tag=aj.ecual.bone.air_staff_povit_1] run data modify entity @s {} merge value {transformation:[-0.000015625f,0f,1.9135106236677393e-21f,-0.007217500000000084f,0f,0.000015625f,0f,1.5161225f,-1.9135106236677393e-21f,0f,-0.000015625f,0.6875f,0f,0f,0f,1f],start_interpolation:0}