execute if entity @s[tag=aj.ecual.bone.wing_right_1] run data modify entity @s {} merge value {transformation:[-0.681686887116743f,-0.15245304183060704f,0.42309041872172504f,0.3797691007935967f,-0.10120834527809519f,0.8006072471410787f,0.1254167098743145f,1.2925332660323232f,-0.4381829563362766f,0.05225466779363621f,-0.687175080248565f,-0.2474558095243347f,0f,0f,0f,1f],start_interpolation:0}
execute if entity @s[tag=aj.ecual.bone.wing_right_2] run data modify entity @s {} merge value {transformation:[-0.6740941870145889f,0.11757260350405596f,0.41445592038046536f,0.3797691007935967f,0.2085304267009433f,0.7625097856348023f,0.12285718518300195f,1.2925332660323232f,-0.37697756985404735f,0.21155498036313386f,-0.6731510990190025f,-0.2474558095243347f,0f,0f,0f,1f],start_interpolation:0}
execute if entity @s[tag=aj.ecual.bone.wing_left_1] run data modify entity @s {} merge value {transformation:[0.3533210793412224f,-0.09455329037765332f,0.7301837677025949f,0.35121445579457045f,0.2662399118160177f,0.7715077292918586f,-0.028923648517495133f,1.3068843881179244f,-0.6864582789170781f,0.2505592611860987f,0.3646087387659868f,-0.3452544550090063f,0f,0f,0f,1f],start_interpolation:0}
execute if entity @s[tag=aj.ecual.bone.wing_left_2] run data modify entity @s {} merge value {transformation:[0.355209885366157f,0.04687765582797738f,0.715282058157644f,0.35121445579457045f,-0.048264118214376886f,0.798039970827761f,-0.028333369976321764f,1.3068843881179244f,-0.7151898434899298f,-0.03057270588777143f,0.35716774409729324f,-0.3452544550090063f,0f,0f,0f,1f],start_interpolation:0}
execute if entity @s[tag=aj.ecual.bone.staff] run data modify entity @s {} merge value {transformation:[0.9587037786307804f,-0.5461765889040061f,-1.106338306564609f,-0.20485752624095938f,1.2337711980809447f,0.4129133993193053f,0.8652845806140811f,1.6448891143567541f,-0.01009681261457658f,-1.4044927583991877f,0.684619891603557f,-0.9954508473530682f,0f,0f,0f,1f],start_interpolation:0}
execute if entity @s[tag=aj.ecual.bone.arm_right_2] run data modify entity @s {} merge value {transformation:[-0.3810346837895f,-0.02757291178738595f,0.9241495032109257f,-0.09882781003441053f,0.22278112781366982f,0.9673654998875403f,0.12071685349361407f,1.6142861269259141f,-0.8973188612970893f,0.2518803766927753f,-0.3624570829734199f,-0.771519732750612f,0f,0f,0f,1f],start_interpolation:0}
execute if entity @s[tag=aj.ecual.bone.arm_right_1] run data modify entity @s {} merge value {transformation:[-0.26811010646517536f,-0.02757291178738595f,0.9629936164621224f,-0.019969542768954712f,0.2355869802298648f,0.9673654998875403f,0.09328860795136062f,1.538770790606064f,-0.9341390397352022f,0.2518803766927753f,-0.2528646481414513f,-0.4629395879382694f,0f,0f,0f,1f],start_interpolation:0}
execute if entity @s[tag=aj.ecual.bone.arm_left_2] run data modify entity @s {} merge value {transformation:[0.5064620147950667f,-0.08895813609695519f,0.8576611671236359f,0.09203061401228203f,0.27667345764788587f,0.9588352480566955f,-0.06392781020197075f,1.3534613175771593f,-0.8166688590872591f,0.2696690881547443f,0.5102259866871772f,0.4222473313710976f,0f,0f,0f,1f],start_interpolation:0}
execute if entity @s[tag=aj.ecual.bone.arm_left_1] run data modify entity @s {} merge value {transformation:[0.1544794185967872f,-0.08895813609695519f,0.9839830076033602f,0.13930908818360593f,0.28074802075607064f,0.9588352480566955f,0.0426088714425129f,1.4376079096708088f,-0.9472679969636616f,0.2696690881547443f,0.1730951322892738f,0.10388709901778304f,0f,0f,0f,1f],start_interpolation:0}
execute if entity @s[tag=aj.ecual.bone.himo_right_2] run data modify entity @s {} merge value {transformation:[-0.2661548124580678f,0.6291553796412971f,0.7302911228228277f,-0.22751439809691215f,-0.0011921951954549485f,0.7574027505660949f,-0.652946898381124f,1.1626477404271207f,-0.9639295588765949f,-0.17465560885161793f,-0.20083631101134078f,-0.28719997242451417f,0f,0f,0f,1f],start_interpolation:0}
execute if entity @s[tag=aj.ecual.bone.himo_right_1] run data modify entity @s {} merge value {transformation:[-0.26379538387287566f,0.25853594957175063f,0.9292852943129982f,-0.1732308744627527f,0.025844680314719915f,0.9649591591218062f,-0.2611242495946455f,1.341945556202493f,-0.9642323620096933f,-0.044866290307646245f,-0.2612335507687287f,-0.2972451115495024f,0f,0f,0f,1f],start_interpolation:0}
execute if entity @s[tag=aj.ecual.bone.himo_left_2] run data modify entity @s {} merge value {transformation:[-0.26683953038556335f,0.5707266652209415f,0.7765743613005747f,-0.13740379835498817f,0.11758473576289684f,0.819051611106266f,-0.5615409942825189f,1.1181219417409833f,-0.9565409008187689f,-0.0585280441328212f,-0.28566409139197874f,-0.01114044692496309f,0f,0f,0f,1f],start_interpolation:0}
execute if entity @s[tag=aj.ecual.bone.himo_left_1] run data modify entity @s {} merge value {transformation:[-0.26737683027132575f,0.24037111301979758f,0.9331298723434389f,-0.08650215296162965f,0.1334272871430343f,0.9682937920603574f,-0.21119728052942308f,1.2983570447489914f,-0.9543095879638374f,0.06803572798902983f,-0.2909713904102838f,-0.0002023191170842653f,0f,0f,0f,1f],start_interpolation:0}
execute if entity @s[tag=aj.ecual.bone.ponpon1] run data modify entity @s {} merge value {transformation:[-0.812869158107837f,0.05142841296404965f,0.5801713972069424f,0.3071120779922521f,0.12736842950683733f,0.9876811377552516f,0.09090243829212631f,1.9849669828357885f,-0.5683493775504801f,0.14778730819150604f,-0.809405891117362f,0.08680069896027409f,0f,0f,0f,1f],start_interpolation:0}
execute if entity @s[tag=aj.ecual.bone.ponpon2] run data modify entity @s {} merge value {transformation:[-0.812869158107837f,0.05142841296404965f,0.5801713972069424f,0.3855571882889406f,0.12736842950683733f,0.9876811377552516f,0.09090243829212631f,1.8652526280997626f,-0.5683493775504801f,0.14778730819150604f,-0.809405891117362f,0.013758584802226137f,0f,0f,0f,1f],start_interpolation:0}
execute if entity @s[tag=aj.ecual.bone.ponpon3] run data modify entity @s {} merge value {transformation:[-0.812869158107837f,0.05142841296404965f,0.5801713972069424f,-0.17044855239610218f,0.12736842950683733f,0.9876811377552516f,0.09090243829212631f,2.0597959351710555f,-0.5683493775504801f,0.14778730819150604f,-0.809405891117362f,-0.247104560350633f,0f,0f,0f,1f],start_interpolation:0}
execute if entity @s[tag=aj.ecual.bone.ponpon4] run data modify entity @s {} merge value {transformation:[-0.812869158107837f,0.05142841296404965f,0.5801713972069424f,-0.1529686289575014f,0.12736842950683733f,0.9876811377552516f,0.09090243829212631f,1.9496342126480424f,-0.5683493775504801f,0.14778730819150604f,-0.809405891117362f,-0.3627728778249669f,0f,0f,0f,1f],start_interpolation:0}
execute if entity @s[tag=aj.ecual.bone.ear_edge_a1] run data modify entity @s {} merge value {transformation:[-0.8077837784045876f,-0.007488820353332086f,0.5894313233245447f,0.22459540748146128f,0.2749975147800388f,0.8796573855288161f,0.3880454238222766f,2.0873483583363455f,-0.5214036192923968f,0.4755489476955273f,-0.7085135595981675f,0.052120385715279965f,0f,0f,0f,1f],start_interpolation:0}
execute if entity @s[tag=aj.ecual.bone.ear_edge_a2] run data modify entity @s {} merge value {transformation:[-0.7966671100463416f,-0.13376184379069572f,0.5894313233245447f,0.13148332757925135f,0.13400310651699493f,0.9118464325172222f,0.3880454238222766f,2.1119725332785397f,-0.5893765207524008f,0.388128654767113f,-0.7085135595981675f,-0.011855634868222206f,0f,0f,0f,1f],start_interpolation:0}
execute if entity @s[tag=aj.ecual.bone.ear_edge_b1] run data modify entity @s {} merge value {transformation:[-0.8421196050290547f,-0.16913185497749744f,0.5120829878619091f,0.14532017883317527f,0.31363754303524943f,0.6188553594377675f,0.7201732678279333f,2.1294587517811263f,-0.43870954220819186f,0.7670804779989012f,-0.46810413141570983f,-0.06479877106476585f,0f,0f,0f,1f],start_interpolation:0}
execute if entity @s[tag=aj.ecual.bone.ear_edge_b2] run data modify entity @s {} merge value {transformation:[-0.7486387203845777f,-0.4210832220397322f,0.5120829878619091f,0.164234236994999f,0.10705020593218895f,0.6854857531093643f,0.7201732678279333f,2.131722836909657f,-0.654278472632883f,0.5939681829868716f,-0.46810413141570983f,-0.04062444692981f,0f,0f,0f,1f],start_interpolation:0}
execute if entity @s[tag=aj.ecual.bone.ear_right_2] run data modify entity @s {} merge value {transformation:[-0.8052936640191131f,-0.2987860910971126f,0.5120829878619091f,0.18656351350286277f,0.21296583733789465f,0.6602999442927477f,0.7201732678279333f,2.216133025190245f,-0.5533061239654242f,0.6890071518742766f,-0.46810413141570983f,0.04690822157927331f,0f,0f,0f,1f],start_interpolation:0}
execute if entity @s[tag=aj.ecual.bone.ear_right_1] run data modify entity @s {} merge value {transformation:[-0.8052936640191131f,-0.06381872589254811f,0.5894313233245447f,0.20092272682868606f,0.21296583733789465f,0.8966974412685471f,0.3880454238222766f,2.014376100904822f,-0.5533061239654242f,0.43801925648068557f,-0.7085135595981675f,-0.05164611112888079f,0f,0f,0f,1f],start_interpolation:0}
execute if entity @s[tag=aj.ecual.bone.ear_edge_a3] run data modify entity @s {} merge value {transformation:[-0.8109065661623953f,-0.07636550803639866f,0.5801713972069424f,-0.0721890064539381f,-0.028707057631252406f,0.9954459561195186f,0.09090243829212631f,2.1546945654813277f,-0.5844710820877871f,0.05705837035563322f,-0.809405891117362f,-0.19304157980626857f,0f,0f,0f,1f],start_interpolation:0}
execute if entity @s[tag=aj.ecual.bone.ear_edge_a4] run data modify entity @s {} merge value {transformation:[-0.812869158107837f,0.051428412964049645f,0.5801713972069424f,0.021959601052134077f,0.12736842950683736f,0.9876811377552516f,0.09090243829212631f,2.1499768722696317f,-0.5683493775504801f,0.14778730819150604f,-0.809405891117362f,-0.12608694068075396f,0f,0f,0f,1f],start_interpolation:0}
execute if entity @s[tag=aj.ecual.bone.ear_edge_b3] run data modify entity @s {} merge value {transformation:[-0.801165129285547f,-0.14675007829577952f,0.5801713972069424f,0.039894084162658425f,-0.11535665028081724f,0.9891559987931812f,0.09090243829212631f,2.1428654381978594f,-0.5872199578121152f,0.0059012347561484685f,-0.809405891117362f,-0.11403040942167464f,0f,0f,0f,1f],start_interpolation:0}
execute if entity @s[tag=aj.ecual.bone.ear_edge_b4] run data modify entity @s {} merge value {transformation:[-0.8073015849547186f,0.1080060220198108f,0.5801713972069424f,0.016747902739727608f,0.19595531976746558f,0.9763904236356361f,0.09090243829212631f,2.1564507802317143f,-0.5566557855483313f,0.1870733541691057f,-0.809405891117362f,-0.1290955477336827f,0f,0f,0f,1f],start_interpolation:0}
execute if entity @s[tag=aj.ecual.bone.ear_left_2] run data modify entity @s {} merge value {transformation:[-0.8142582270795431f,-0.019613502905493074f,0.5801713972069424f,-0.00670760085200911f,0.04080167102007255f,0.9950236029132757f,0.09090243829212631f,2.2700985189370178f,-0.5790671491936399f,0.0976900207250478f,-0.809405891117362f,-0.1717532008533651f,0f,0f,0f,1f],start_interpolation:0}
execute if entity @s[tag=aj.ecual.bone.ear_left_1] run data modify entity @s {} merge value {transformation:[-0.8142582270795431f,-0.019613502905493074f,0.5801713972069424f,-0.0022945626982731754f,0.04080167102007255f,0.9950236029132757f,0.09090243829212631f,2.0462182082815312f,-0.5790671491936399f,0.0976900207250478f,-0.809405891117362f,-0.1937334555165008f,0f,0f,0f,1f],start_interpolation:0}
execute if entity @s[tag=aj.ecual.bone.head] run data modify entity @s {} merge value {transformation:[-0.812869158107837f,0.05142841296404965f,0.5801713972069424f,0.05482666425841404f,0.12736842950683733f,0.9876811377552516f,0.09090243829212631f,1.5212698702969811f,-0.5683493775504801f,0.14778730819150604f,-0.809405891117362f,-0.1731368446734201f,0f,0f,0f,1f],start_interpolation:0}
execute if entity @s[tag=aj.ecual.bone.body_1] run data modify entity @s {} merge value {transformation:[-0.27753190880359374f,-0.03889377780956502f,0.9599288065494931f,0.06941183093700092f,0.13948323665120474f,0.9869618801932923f,0.08031608642498385f,1.1511591652244966f,-0.9505369357837379f,0.1561842536654116f,-0.2684883845119573f,-0.23170593979794946f,0f,0f,0f,1f],start_interpolation:0}
execute if entity @s[tag=aj.ecual.bone.leg_left_2] run data modify entity @s {} merge value {transformation:[-0.5602437149907101f,-0.47653635509993486f,0.6775249678657433f,-0.06149679660212068f,-0.32294188306138216f,0.8788772035078608f,0.3511173611756774f,0.7391287428889455f,-0.7627814365715624f,-0.022089894120869147f,-0.6462789773770707f,0.06692971518292706f,0f,0f,0f,1f],start_interpolation:0}
execute if entity @s[tag=aj.ecual.bone.leg_left_1] run data modify entity @s {} merge value {transformation:[-0.5602437149907101f,0.49692345556837236f,0.6627171788322644f,0.14338104986992584f,-0.32294188306138216f,0.6057215663609845f,-0.7271931821806116f,0.8509091837745905f,-0.7627814365715624f,-0.6214245435700003f,-0.17887430410945074f,-0.13087283304634176f,0f,0f,0f,1f],start_interpolation:0}
execute if entity @s[tag=aj.ecual.bone.leg_right_2] run data modify entity @s {} merge value {transformation:[-0.5559171299203909f,0.16848109687721338f,0.8139841918957187f,-0.16043279546722194f,0.10926015274652497f,0.9855580216887778f,-0.12937389577000702f,0.5181999324862798f,-0.8240257057172922f,0.01701487231670082f,-0.5662968571669501f,-0.27299641660717155f,0f,0f,0f,1f],start_interpolation:0}
execute if entity @s[tag=aj.ecual.bone.leg_right_1] run data modify entity @s {} merge value {transformation:[-0.5559171299203909f,0.44095508569535874f,0.7046380326525626f,0.014462109465190567f,0.10926015274652497f,0.8791054080237823f,-0.46393523320086955f,0.8601863404439094f,-0.8240257057172922f,-0.1809206842313448f,-0.5368885753435072f,-0.345641706677258f,0f,0f,0f,1f],start_interpolation:0}
execute if entity @s[tag=aj.ecual.bone.skirt_forward_right] run data modify entity @s {} merge value {transformation:[-0.5104778791117623f,0.48974923079060856f,0.706794189193406f,0.0615666467238595f,0.09685238838465375f,0.8494747758776866f,-0.5186638796096585f,1.0380460582391442f,-0.8544190715344229f,-0.1963117319152407f,-0.4810714646605987f,-0.22572485521860794f,0f,0f,0f,1f],start_interpolation:0}
execute if entity @s[tag=aj.ecual.bone.skirt_forward_left] run data modify entity @s {} merge value {transformation:[-0.6709497837434522f,0.3019528352026654f,0.677237678372731f,0.06441944956145734f,-0.27147386476996427f,0.7498887108072108f,-0.6032983193667611f,1.0055792873400897f,-0.6900205275507925f,-0.5886352068276f,-0.4211653651970386f,-0.23442318427412798f,0f,0f,0f,1f],start_interpolation:0}
execute if entity @s[tag=aj.ecual.bone.skirt_forward] run data modify entity @s {} merge value {transformation:[-0.5749068934800706f,0.4151260537659884f,0.7050903653531032f,0.06935026023197179f,-0.023901253447033685f,0.8528499996055114f,-0.5216086734866856f,1.0540369957317475f,-0.8178696680478837f,-0.316728965611857f,-0.4803873108541563f,-0.23166352332383025f,0f,0f,0f,1f],start_interpolation:0}
execute if entity @s[tag=aj.ecual.bone.skirt_back_right] run data modify entity @s {} merge value {transformation:[-0.5701243606081675f,0.021036390836512715f,0.821289037855554f,0.05848518898188759f,0.1419309468947739f,0.9871632989675251f,0.07324088670343609f,1.0313772765152178f,-0.8092056720974471f,0.15832274451930833f,-0.5657915595103845f,-0.2241785024317606f,0f,0f,0f,1f],start_interpolation:0}
execute if entity @s[tag=aj.ecual.bone.skirt_back_left] run data modify entity @s {} merge value {transformation:[-0.5438894209777448f,-0.1305052944182562f,0.8289467207711829f,0.05853515728557015f,-0.19890118076745938f,0.9797319475150664f,0.02374092053071089f,1.0305510311022577f,-0.815243900951f,-0.15196604603377473f,-0.5588234988035641f,-0.22421292593330944f,0f,0f,0f,1f],start_interpolation:0}
execute if entity @s[tag=aj.ecual.bone.skirt_back] run data modify entity @s {} merge value {transformation:[-0.5673152094789041f,-0.060313923700962946f,0.821289037855554f,0.057731264935625554f,0f,0.9973142797107111f,0.07324088670343609f,1.0438437050116016f,-0.8235007304756367f,0.04155066898258056f,-0.5657915595103845f,-0.22365911906947836f,0f,0f,0f,1f],start_interpolation:0}
execute if entity @s[tag=aj.ecual.bone.skirt_right] run data modify entity @s {} merge value {transformation:[-0.5170014474295778f,0.24837884289848725f,0.8191565502125525f,-0.050988461126556535f,0.13588307274564884f,0.9686555160939665f,-0.2079477859510218f,1.0951348163515364f,-0.8451303413657104f,0.003800202776152728f,-0.5345467842592806f,-0.38403741740840314f,0f,0f,0f,1f],start_interpolation:0}
execute if entity @s[tag=aj.ecual.bone.skirt_left] run data modify entity @s {} merge value {transformation:[-0.6226132914411626f,0.12711814783437095f,0.7721357819787663f,0.18929415994148158f,-0.21885742366786287f,0.919054168046825f,-0.32778173271435335f,1.0882956991606905f,-0.7513016154822693f,-0.37306891144521437f,-0.5443945902438923f,-0.0790176339413414f,0f,0f,0f,1f],start_interpolation:0}
execute if entity @s[tag=aj.ecual.bone.coat_downer] run data modify entity @s {} merge value {transformation:[-0.5673152094789041f,0.05837803452911756f,0.8214289124315167f,0.04807281430869168f,0f,0.9974841333256338f,-0.07089008226550039f,0.9336850213969268f,-0.8235007304756367f,-0.0402170218704291f,-0.565887920049515f,-0.22649228481298875f,0f,0f,0f,1f],start_interpolation:0}
execute if entity @s[tag=aj.ecual.bone.body_2] run data modify entity @s {} merge value {transformation:[-0.5673152094789041f,0.072705054510789f,0.8202849676438612f,0.06875000000000003f,0f,0.9960950091326354f,-0.08828778387214799f,1.15625f,-0.8235007304756367f,-0.05008700260185585f,-0.565099848766972f,-0.23125f,0f,0f,0f,1f],start_interpolation:0}
execute if entity @s[tag=aj.ecual.bone.book_left] run data modify entity @s {} merge value {transformation:[0.6713691245029336f,0.4197118607465058f,-0.6108235855080177f,-0.8309642600713012f,-0.43264650379509145f,0.8911268641002278f,0.13678419072677234f,0.7923346787913998f,0.6017312534828557f,0.17243800633155043f,0.7798619317253225f,1.0272111396964736f,0f,0f,0f,1f],start_interpolation:0}
execute if entity @s[tag=aj.ecual.bone.book_right] run data modify entity @s {} merge value {transformation:[-0.7347254566724812f,0.4197118607465058f,-0.5329356971212569f,-0.8356706006417367f,0.22200991862043556f,0.8911268641002278f,0.39573287469332347f,0.7766878212086001f,0.641007097738833f,0.17243800633155043f,-0.7479137882275192f,1.1195262993736288f,0f,0f,0f,1f],start_interpolation:0}
execute if entity @s[tag=aj.ecual.bone.book_loot_1] run data modify entity @s {} merge value {transformation:[-0.05020096608464464f,0.4197118607465058f,-0.9062680712420992f,-0.697377219670204f,-0.16689981421652994f,0.8911268641002278f,0.4219447405684563f,0.7212195389147316f,0.984695036556322f,0.17243800633155043f,0.02531440210125463f,1.069571559219863f,0f,0f,0f,1f],start_interpolation:0}
execute if entity @s[tag=aj.ecual.bone.book_left2] run data modify entity @s {} merge value {transformation:[0.706160393017827f,-0.489250500352442f,0.5118314637044051f,0.577066259545107f,0.4367024164930962f,0.8699537897493071f,0.22906637276105982f,2.1557128176946723f,-0.5573405590498495f,0.06176043722079422f,0.8279837858510865f,-1.4116372575022058f,0f,0f,0f,1f],start_interpolation:0}
execute if entity @s[tag=aj.ecual.bone.book_right2] run data modify entity @s {} merge value {transformation:[-0.5550514170000896f,-0.489250500352442f,0.6727197576934084f,0.566719834617396f,-0.25596605961543545f,0.8699537897493071f,0.4214994424975742f,2.1433378073053273f,-0.7914539157848297f,0.06176043722079422f,-0.6081006064650457f,-1.3192853592592415f,0f,0f,0f,1f],start_interpolation:0}
execute if entity @s[tag=aj.ecual.bone.book_loot_2] run data modify entity @s {} merge value {transformation:[0.11036186589558578f,-0.489250500352442f,0.8651324791388486f,0.4421231752104242f,0.13200011081967636f,0.8699537897493071f,0.47513826876437937f,2.078254572185343f,-0.9850869145916202f,0.06176043722079422f,0.16059084374477417f,-1.3895499349424398f,0f,0f,0f,1f],start_interpolation:0}
execute if entity @s[tag=aj.ecual.bone.air_staff_povit_1] run data modify entity @s {} merge value {transformation:[-0.000008864300148107877f,0f,0.000012867198913681823f,-0.5015013497264142f,0f,0.000015625f,0f,1.3223725f,-0.000012867198913681823f,0f,-0.000008864300148107877f,0.15283558999453867f,0f,0f,0f,1f],start_interpolation:0}