execute if entity @s[tag=aj.ecual.bone.wing_right_1] run data modify entity @s {} merge value {transformation:[-0.7601626349157714f,-0.13456532526432735f,-0.2664383346270986f,0.030272380134589466f,-0.13769511606836002f,0.8048591945549676f,-0.013644647144354491f,1.482355244722433f,0.2648344160664865f,0.03222257937035564f,-0.7718606622246587f,-0.3303233281353766f,0f,0f,0f,1f],start_interpolation:0}
execute if entity @s[tag=aj.ecual.bone.wing_right_2] run data modify entity @s {} merge value {transformation:[-0.738411056647845f,0.1631799149268461f,-0.26100081759389254f,0.030272380134589466f,0.1771029351972958f,0.7800358295900119f,-0.013366184957735013f,1.482355244722433f,0.2517611204390296f,-0.07011718705345503f,-0.7561084038119106f,-0.3303233281353766f,0f,0f,0f,1f],start_interpolation:0}
execute if entity @s[tag=aj.ecual.bone.wing_left_1] run data modify entity @s {} merge value {transformation:[-0.7558537052310152f,0.13274925869845278f,0.27929778919282744f,-0.031220479281314925f,0.1365086886829482f,0.8050683937136671f,-0.0132175565745749f,1.4823071206946858f,-0.27747972655142167f,0.034452288788285344f,-0.7673085986711221f,-0.33083624892608876f,0f,0f,0f,1f],start_interpolation:0}
execute if entity @s[tag=aj.ecual.bone.wing_left_2] run data modify entity @s {} merge value {transformation:[-0.7338305728637383f,-0.16320819645661647f,0.27359783431134116f,-0.031220479281314925f,-0.17825510469635725f,0.7797803997616101f,-0.012947810522032557f,1.4823071206946858f,-0.2640412997623067f,-0.07283963726572375f,-0.7516492395145686f,-0.33083624892608876f,0f,0f,0f,1f],start_interpolation:0}
execute if entity @s[tag=aj.ecual.bone.staff] run data modify entity @s {} merge value {transformation:[-1.550761025829123f,0.1371429983592803f,-0.13318516723131668f,-0.4017359913877864f,-0.12027125478745582f,0.14624300690401099f,1.5509848671742494f,1.6750202381931285f,0.14859783323204356f,1.5495841477418055f,-0.1345879007416414f,0.5438203017329319f,0f,0f,0f,1f],start_interpolation:0}
execute if entity @s[tag=aj.ecual.bone.arm_right_2] run data modify entity @s {} merge value {transformation:[0.13167390527305864f,-0.9889691231636974f,0.06783845590053851f,-0.4571353266945501f,0.01116579217790744f,-0.06695028598563878f,-0.9976938329424921f,1.657554774220801f,0.9912301991743296f,0.13212771335064005f,0.0022270180847359516f,0.3010244568145397f,0f,0f,0f,1f],start_interpolation:0}
execute if entity @s[tag=aj.ecual.bone.arm_right_1] run data modify entity @s {} merge value {transformation:[-0.4272972204925456f,-0.901069502237148f,0.07410018554257068f,-0.3020762777745044f,0.01355086288534056f,-0.08833274800885259f,-0.995998845252477f,1.6524779563690548f,0.9040096567373644f,-0.42458341673610267f,0.04995460697762874f,0.010032096101219518f,0f,0f,0f,1f],start_interpolation:0}
execute if entity @s[tag=aj.ecual.bone.arm_left_2] run data modify entity @s {} merge value {transformation:[0.23550653537587574f,0.9712248788929577f,-0.03548107121566458f,0.416955114893753f,-0.023317814647435646f,-0.030850767315350157f,-0.999251975067411f,1.66229328687723f,-0.9715929967405689f,0.23615771165772625f,0.015381284382878724f,0.32142633241397583f,0f,0f,0f,1f],start_interpolation:0}
execute if entity @s[tag=aj.ecual.bone.arm_left_1] run data modify entity @s {} merge value {transformation:[-0.32846236671864015f,0.9435662330675056f,-0.04237024267557558f,0.2949421806219952f,-0.027542363125871515f,-0.0544084905232578f,-0.9981388352290592f,1.6538464681837821f,-0.9441154017825533f,-0.32668406752362167f,0.043859185391313935f,0.016796520265926665f,0f,0f,0f,1f],start_interpolation:0}
execute if entity @s[tag=aj.ecual.bone.himo_right_2] run data modify entity @s {} merge value {transformation:[-0.9999649082784806f,0.002914125384444334f,0.007854303588067463f,-0.16161087418510328f,-0.0007825679184417948f,0.9009570259985543f,-0.4339076225319086f,1.3734644906737568f,-0.008340851219319162f,-0.4338985424924632f,-0.9009231293644607f,0.2648469243010416f,0f,0f,0f,1f],start_interpolation:0}
execute if entity @s[tag=aj.ecual.bone.himo_right_1] run data modify entity @s {} merge value {transformation:[-0.9999649082784806f,0.0011971868539174084f,0.008291498974648648f,-0.16133457978140223f,-0.0007825679184417948f,0.9720598798519479f,-0.23473171402618323f,1.5542586449333333f,-0.008340851219319162f,-0.23472996554733616f,-0.9720248317173195f,0.21475990056268285f,0f,0f,0f,1f],start_interpolation:0}
execute if entity @s[tag=aj.ecual.bone.himo_left_2] run data modify entity @s {} merge value {transformation:[-0.9999649082784806f,0.002897668990113257f,0.007860389687129274f,0.15088464284268013f,-0.0007825679184417948f,0.9018638233145374f,-0.4320197122631533f,1.3735008235380652f,-0.008340851219319162f,-0.43201070323651525f,-0.9018299077376113f,0.2666957218082359f,0f,0f,0f,1f],start_interpolation:0}
execute if entity @s[tag=aj.ecual.bone.himo_left_1] run data modify entity @s {} merge value {transformation:[-0.9999649082784806f,0.0011624451029121547f,0.00829644098348851f,0.15115445405562297f,-0.0007825679184417948f,0.9730345910300365f,-0.2306579117361087f,1.5545031974078465f,-0.008340851219319162f,-0.23065631008145474f,-0.9729995358788949f,0.21736641656872008f,0f,0f,0f,1f],start_interpolation:0}
execute if entity @s[tag=aj.ecual.bone.ponpon1] run data modify entity @s {} merge value {transformation:[-0.999682391782978f,-0.0010227508933866717f,-0.025180737472804353f,0.2901477371806318f,-0.00439066690694266f,0.9909633066438244f,0.13406135509404016f,2.241491590290955f,0.024816075499089194f,0.13412933633679144f,-0.9906530591133685f,0.09553070692774515f,0f,0f,0f,1f],start_interpolation:0}
execute if entity @s[tag=aj.ecual.bone.ponpon2] run data modify entity @s {} merge value {transformation:[-0.999682391782978f,-0.0010227508933866717f,-0.025180737472804353f,0.3254029765960913f,-0.00439066690694266f,0.9909633066438244f,0.13406135509404016f,2.1303540790095536f,0.024816075499089194f,0.13412933633679144f,-0.9906530591133685f,-0.01503978723744791f,0f,0f,0f,1f],start_interpolation:0}
execute if entity @s[tag=aj.ecual.bone.ponpon3] run data modify entity @s {} merge value {transformation:[-0.999682391782978f,-0.0010227508933866717f,-0.025180737472804353f,-0.29716566799186783f,-0.00439066690694266f,0.9909633066438244f,0.13406135509404016f,2.2389120734831263f,0.024816075499089194f,0.13412933633679144f,-0.9906530591133685f,0.11011015128346005f,0f,0f,0f,1f],start_interpolation:0}
execute if entity @s[tag=aj.ecual.bone.ponpon4] run data modify entity @s {} merge value {transformation:[-0.999682391782978f,-0.0010227508933866717f,-0.025180737472804353f,-0.3368866079601316f,-0.00439066690694266f,0.9909633066438244f,0.13406135509404016f,2.1274452621837043f,0.024816075499089194f,0.13412933633679144f,-0.9906530591133685f,0.0014008627806986734f,0f,0f,0f,1f],start_interpolation:0}
execute if entity @s[tag=aj.ecual.bone.ear_edge_a1] run data modify entity @s {} merge value {transformation:[-0.9692175879423348f,0.24491467429202368f,-0.025180737472804353f,0.200183746941134f,0.23950548480570405f,0.9615948605407241f,0.13406135509404016f,2.3430538104308773f,0.05704726085647806f,0.12390369848433726f,-0.9906530591133685f,0.08948008055929604f,0f,0f,0f,1f],start_interpolation:0}
execute if entity @s[tag=aj.ecual.bone.ear_edge_a2] run data modify entity @s {} merge value {transformation:[-0.9955980071637618f,0.09028033336154546f,-0.025180737472804353f,0.0864155680463472f,0.08613019725705623f,0.9872229445220623f,0.13406135509404016f,2.3629233417093016f,0.036962105621929406f,0.13130239608368902f,-0.9906530591133685f,0.09506074563968821f,0f,0f,0f,1f],start_interpolation:0}
execute if entity @s[tag=aj.ecual.bone.ear_edge_b1] run data modify entity @s {} merge value {transformation:[-0.944183702057702f,0.3284555787757887f,-0.025180737472804353f,0.0637874280680295f,0.3224026084200931f,0.9370614233625618f,0.13406135509404016f,2.360582695209858f,0.06762909767646452f,0.1184602111123893f,-0.9906530591133685f,0.09531916407228203f,0f,0f,0f,1f],start_interpolation:0}
execute if entity @s[tag=aj.ecual.bone.ear_edge_b2] run data modify entity @s {} merge value {transformation:[-0.9994704181606373f,0.020611008760528016f,-0.025180737472804353f,0.09366962979563957f,0.017055197016275336f,0.9908262578903964f,0.13406135509404016f,2.3679490600031268f,0.02771287564539073f,0.1335608961964082f,-0.9906530591133685f,0.09555647113687706f,0f,0f,0f,1f],start_interpolation:0}
execute if entity @s[tag=aj.ecual.bone.ear_right_2] run data modify entity @s {} merge value {transformation:[-0.9839410066576155f,0.1767088732291729f,-0.025180737472804353f,0.15986990726903347f,0.17184459484042608f,0.9759595218524587f,0.13406135509404016f,2.470560327489845f,0.048265211506094294f,0.12758129105631671f,-0.9906530591133685f,0.07621492056654249f,0f,0f,0f,1f],start_interpolation:0}
execute if entity @s[tag=aj.ecual.bone.ear_right_1] run data modify entity @s {} merge value {transformation:[-0.9839410066576155f,0.1767088732291729f,-0.025180737472804353f,0.12011041079246963f,0.17184459484042608f,0.9759595218524587f,0.13406135509404016f,2.250969435073042f,0.048265211506094294f,0.12758129105631671f,-0.9906530591133685f,0.04750913007887127f,0f,0f,0f,1f],start_interpolation:0}
execute if entity @s[tag=aj.ecual.bone.ear_edge_a3] run data modify entity @s {} merge value {transformation:[-0.968714426971908f,-0.24689732569797787f,-0.025180737472804353f,-0.20850773153279037f,-0.24801700209932448f,0.9594347918123532f,0.13406135509404016f,2.341258812174997f,-0.008940114437263941f,0.13611241979765565f,-0.9906530591133685f,0.0996254213885512f,0f,0f,0f,1f],start_interpolation:0}
execute if entity @s[tag=aj.ecual.bone.ear_edge_a4] run data modify entity @s {} merge value {transformation:[-0.9954111959518804f,-0.0923172867559088f,-0.025180737472804353f,-0.09478159764868917f,-0.09487483284471182f,0.9864209644786743f,0.13406135509404016f,2.362127512548372f,0.012462626783105737f,0.13583519206372713f,-0.9906530591133685f,0.09955877679545269f,0f,0f,0f,1f],start_interpolation:0}
execute if entity @s[tag=aj.ecual.bone.ear_edge_b3] run data modify entity @s {} merge value {transformation:[-0.9435096563107807f,-0.3303868322264652f,-0.025180737472804353f,-0.07214883137871629f,-0.3306934744263068f,0.9341677467362101f,0.13406135509404016f,2.3599856547490954f,-0.02076907364738154f,0.1348152886328337f,-0.9906530591133685f,0.09869364031115786f,0f,0f,0f,1f],start_interpolation:0}
execute if entity @s[tag=aj.ecual.bone.ear_edge_b4] run data modify entity @s {} merge value {transformation:[-0.9994261526974509f,-0.022656031530196297f,-0.025180737472804353f,-0.10204596744783748f,-0.02583447441098316f,0.9906362263728591f,0.13406135509404016f,2.3670894649926986f,0.02190765245935312f,0.1346349554649342f,-0.9906530591133685f,0.10041490725365307f,0f,0f,0f,1f],start_interpolation:0}
execute if entity @s[tag=aj.ecual.bone.ear_left_2] run data modify entity @s {} merge value {transformation:[-0.9835773741327671f,-0.17872179373097252f,-0.025180737472804353f,-0.17002259074274365f,-0.18048605728324274f,0.9743984483755607f,0.13406135509404016f,2.4691114192308072f,0.000576385670041181f,0.13640448764202734f,-0.9906530591133685f,0.08440415867309967f,0f,0f,0f,1f],start_interpolation:0}
execute if entity @s[tag=aj.ecual.bone.ear_left_1] run data modify entity @s {} merge value {transformation:[-0.9835773741327671f,-0.17872179373097252f,-0.025180737472804353f,-0.1298101871532749f,-0.18048605728324274f,0.9743984483755607f,0.13406135509404016f,2.2498717683463063f,0.000576385670041181f,0.13640448764202734f,-0.9906530591133685f,0.053713148953643555f,0f,0f,0f,1f],start_interpolation:0}
execute if entity @s[tag=aj.ecual.bone.head] run data modify entity @s {} merge value {transformation:[-0.999682391782978f,-0.0010227508933866717f,-0.025180737472804353f,-0.003538830301516822f,-0.00439066690694266f,0.9909633066438244f,0.13406135509404016f,1.738362489708025f,0.024816075499089194f,0.13412933633679144f,-0.9906530591133685f,0.012827762740944533f,0f,0f,0f,1f],start_interpolation:0}
execute if entity @s[tag=aj.ecual.bone.body_1] run data modify entity @s {} merge value {transformation:[-0.9999649082784806f,-0.0006368808040448972f,0.008353238560656064f,-0.0032999999999999857f,-0.0007825679184417948f,0.9998474459507762f,-0.017449137891677277f,1.3634196974764838f,-0.008340851219319162f,-0.017455062547902286f,-0.9998128579851261f,0.01937341119640789f,0f,0f,0f,1f],start_interpolation:0}
execute if entity @s[tag=aj.ecual.bone.leg_left_2] run data modify entity @s {} merge value {transformation:[-0.9815738612503142f,-0.18681265783660622f,0.040171952680594605f,0.1757450413087877f,-0.19024758414902665f,0.9358023715768939f,-0.2967823749425154f,0.8448442772492177f,0.017849695672696324f,-0.2989564386713957f,-0.9540998040778063f,0.29776848564226444f,0f,0f,0f,1f],start_interpolation:0}
execute if entity @s[tag=aj.ecual.bone.leg_left_1] run data modify entity @s {} merge value {transformation:[-0.9815738612503142f,-0.15209042530138026f,0.11567738517875532f,0.12170000000000002f,-0.19024758414902665f,0.721306092251002f,-0.6659755085639771f,1.100652596793741f,0.017849695672696324f,-0.6757114945102196f,-0.7369500420999769f,0.052258132934403f,0f,0f,0f,1f],start_interpolation:0}
execute if entity @s[tag=aj.ecual.bone.leg_right_2] run data modify entity @s {} merge value {transformation:[-0.983596666453268f,0.18025553630024282f,0.006748286829294944f,-0.1602509000135711f,0.1795930774649712f,0.9821049610555871f,-0.05671130395842111f,0.9831275083040085f,-0.016850052482987925f,-0.054569103924431595f,-0.9983678122957516f,0.31959242403001725f,0f,0f,0f,1f],start_interpolation:0}
execute if entity @s[tag=aj.ecual.bone.leg_right_1] run data modify entity @s {} merge value {transformation:[-0.983596666453268f,0.11338088497130466f,-0.1402938796424932f,-0.1283f,0.1795930774649712f,0.542893527724609f,-0.8203736612552782f,1.1281276686532957f,-0.016850052482987925f,-0.8321126080512499f,-0.5543506861666788f,-0.000037067861772537014f,0f,0f,0f,1f],start_interpolation:0}
execute if entity @s[tag=aj.ecual.bone.skirt_forward_right] run data modify entity @s {} merge value {transformation:[-0.9854371562553916f,0.170038277649634f,-0.0007714954523017724f,-0.009848736966738155f,0.13512002947822094f,0.7803019391353261f,-0.6106320180071255f,1.289878109464886f,-0.10322881722218673f,-0.6018437238316902f,-0.791914101010528f,0.011371620708157424f,0f,0f,0f,1f],start_interpolation:0}
execute if entity @s[tag=aj.ecual.bone.skirt_forward_left] run data modify entity @s {} merge value {transformation:[-0.9842369770366978f,-0.1768505155370996f,-0.00121168804772654f,-0.009547384517602389f,-0.13941109593392417f,0.7800523953313628f,-0.6099859071063081f,1.290746079374399f,0.10882150230613939f,-0.6002017624866369f,-0.7924113356986823f,0.012103409569496551f,0f,0f,0f,1f],start_interpolation:0}
execute if entity @s[tag=aj.ecual.bone.skirt_forward] run data modify entity @s {} merge value {transformation:[-0.999998596323258f,0.0014033702909192962f,-0.000915370602674837f,-0.009849999999999982f,0.0016701930479402648f,0.7914033431495779f,-0.6112920406048602f,1.2891658464560514f,-0.00013344173368258296f,-0.6112927113940572f,-0.7914045761744152f,0.011921784148412072f,0f,0f,0f,1f],start_interpolation:0}
execute if entity @s[tag=aj.ecual.bone.skirt_back_right] run data modify entity @s {} merge value {transformation:[-0.9849586733685164f,0.17279001939277888f,0.0001447562620087622f,-0.009849999999999984f,0.1727839394796659f,0.9849162619005981f,0.009255663219866875f,1.2904991077693069f,0.0014567134307894541f,0.009141457323400073f,-0.9999571549541434f,0.0251855583436014f,0f,0f,0f,1f],start_interpolation:0}
execute if entity @s[tag=aj.ecual.bone.skirt_back_left] run data modify entity @s {} merge value {transformation:[-0.9841431463804017f,-0.1773758106996988f,-0.0002986822857910845f,-0.009849999999999984f,-0.1773697586509864f,0.9840925809319722f,0.010087659329132543f,1.2898991290918798f,-0.0014953757300644552f,0.0099806779967302f,-0.9999490736623298f,0.02518050002047121f,0f,0f,0f,1f],start_interpolation:0}
execute if entity @s[tag=aj.ecual.bone.skirt_back] run data modify entity @s {} merge value {transformation:[-1f,-1.0324432050733746e-18f,1.2246032781128295e-16f,-0.009849999999999984f,0f,0.9999644623784145f,0.00843053855031671f,1.2898991290918798f,-1.2246467991473532e-16f,0.00843053855031671f,-0.9999644623784145f,0.02518050002047121f,0f,0f,0f,1f],start_interpolation:0}
execute if entity @s[tag=aj.ecual.bone.skirt_right] run data modify entity @s {} merge value {transformation:[-0.9725261585875898f,0.23004331085912955f,-0.03567836868238211f,-0.2036f,0.2320541573372446f,0.9457775406734786f,-0.22727892911602726f,1.352785611990256f,-0.018540197554703316f,-0.2293140176408688f,-0.9731759051620812f,0.0387000264053793f,0f,0f,0f,1f],start_interpolation:0}
execute if entity @s[tag=aj.ecual.bone.skirt_left] run data modify entity @s {} merge value {transformation:[-0.9769937899043704f,-0.2108025967592468f,0.032332641213693634f,0.1839f,-0.21259031112305818f,0.950558985187029f,-0.2263691129478733f,1.354362160068395f,0.016985114214994f,-0.22803482383128254f,-0.9735048150961246f,0.03884492691371596f,0f,0f,0f,1f],start_interpolation:0}
execute if entity @s[tag=aj.ecual.bone.coat_downer] run data modify entity @s {} merge value {transformation:[-1f,2.262838036485782e-17f,1.203559480403104e-16f,-0.011112499999999987f,0f,0.982780897513527f,-0.18477474795681972f,1.1794144979008576f,-1.2246467991473532e-16f,-0.18477474795681972f,-0.982780897513527f,0.031972024627416266f,0f,0f,0f,1f],start_interpolation:0}
execute if entity @s[tag=aj.ecual.bone.body_2] run data modify entity @s {} merge value {transformation:[-1f,1.1439824627329842e-17f,1.2192919354738025e-16f,-0.003299999999999985f,0f,0.9956274219821757f,-0.09341325707375134f,1.401875f,-1.2246467991473532e-16f,-0.09341325707375134f,-0.9956274219821757f,0.011099999999999957f,0f,0f,0f,1f],start_interpolation:0}
execute if entity @s[tag=aj.ecual.bone.book_left] run data modify entity @s {} merge value {transformation:[0.8607853703734359f,0.286437980206064f,-0.4207158538093577f,-1.6775230181600282f,-0.21007992036929918f,0.9528599486372878f,0.21891629756729855f,2.3446f,0.463589228961044f,-0.10005599321587687f,0.8803827718741938f,-0.4097678564000591f,0f,0f,0f,1f],start_interpolation:0}
execute if entity @s[tag=aj.ecual.bone.book_right] run data modify entity @s {} merge value {transformation:[-0.3849134846565402f,0.286437980206064f,-0.8773795602959015f,-1.6466069818399698f,0.21007992036929923f,0.9528599486372878f,0.2189162975672985f,2.3446f,0.8987257848683257f,-0.10005599321587687f,-0.4269435112920633f,-0.3212621435999419f,0f,0f,0f,1f],start_interpolation:0}
execute if entity @s[tag=aj.ecual.bone.book_loot_1] run data modify entity @s {} merge value {transformation:[0.3297710540806237f,0.286437980206064f,-0.8995578554968127f,-1.5271313216754772f,5.551115123125783e-17f,0.9528599486372878f,0.3034104782022946f,2.2990884282696555f,0.9440609365345831f,-0.10005599321587687f,0.31422562965332734f,-0.4126488444479996f,0f,0f,0f,1f],start_interpolation:0}
execute if entity @s[tag=aj.ecual.bone.book_left2] run data modify entity @s {} merge value {transformation:[0.8983535114214984f,-0.19356269345595098f,0.39432784864721615f,1.7209600667496772f,0.14058928122885503f,0.9771577008664021f,0.15936587351450415f,2.2879925140433635f,-0.41616778169413626f,-0.08772862326267628f,0.9050458917315838f,-0.49128447362034805f,0f,0f,0f,1f],start_interpolation:0}
execute if entity @s[tag=aj.ecual.bone.book_right2] run data modify entity @s {} merge value {transformation:[-0.3570008756570116f,-0.19356269345595098f,0.9138292282927949f,1.6857899332503197f,-0.15344149988897396f,0.9771577008664021f,0.1470324241428027f,2.2888274859566358f,-0.9214152597455445f,-0.08772862326267628f,-0.3785467048707288f,-0.4043855263796512f,0f,0f,0f,1f],start_interpolation:0}
execute if entity @s[tag=aj.ecual.bone.book_loot_2] run data modify entity @s {} merge value {transformation:[0.37514809065981425f,-0.19356269345595098f,0.9065304152516748f,1.5673954377122472f,-0.008906367074905358f,0.9771577008664021f,0.21232876456809632f,2.2565606853147853f,-0.9269221039007666f,-0.08772862326267628f,0.3648549053536384f,-0.5025632358030454f,0f,0f,0f,1f],start_interpolation:0}
execute if entity @s[tag=aj.ecual.bone.air_staff_povit_1] run data modify entity @s {} merge value {transformation:[-0.000015625f,0f,1.9135106236677393e-21f,-0.010517500000000068f,0f,0.000015625f,0f,1.5679975f,-1.9135106236677393e-21f,0f,-0.000015625f,0.6986f,0f,0f,0f,1f],start_interpolation:0}