execute if entity @s[tag=aj.ecual.bone.wing_right_1] run data modify entity @s {} merge value {transformation:[-0.7878814084544228f,-0.14926579974379464f,-0.15461905342862756f,0.08020168263645663f,-0.16333059696773355f,0.7977505830991961f,0.06214151352759892f,1.6069613193039722f,0.13967980079626097f,0.09087448836820142f,-0.7994847247182268f,-0.31351344060659353f,0f,0f,0f,1f],start_interpolation:0}
execute if entity @s[tag=aj.ecual.bone.wing_right_2] run data modify entity @s {} merge value {transformation:[-0.7690080547571088f,0.1602666557356011f,-0.15146356254232904f,0.08020168263645663f,0.1512373574598985f,0.7832124237376097f,0.06087331937397446f,1.6069613193039722f,0.16048013405787823f,0.02988140496003052f,-0.783168709928059f,-0.31351344060659353f,0f,0f,0f,1f],start_interpolation:0}
execute if entity @s[tag=aj.ecual.bone.wing_left_1] run data modify entity @s {} merge value {transformation:[-0.7078251655654992f,0.11446762447894039f,0.3909285642962998f,0.019166219991769984f,0.16333059696773355f,0.7977505830991961f,0.06214151352759892f,1.6069613193039722f,-0.3731636310397647f,0.13204398719928623f,-0.7143232702062683f,-0.323041240942902f,0f,0f,0f,1f],start_interpolation:0}
execute if entity @s[tag=aj.ecual.bone.wing_left_2] run data modify entity @s {} merge value {transformation:[-0.6835102496254597f,-0.1617488997371875f,0.38295043033106924f,0.019166219991769984f,-0.1512373574598985f,0.7832124237376097f,0.06087331937397446f,1.6069613193039722f,-0.3872221589288102f,-0.020386091750707817f,-0.6997452442836914f,-0.323041240942902f,0f,0f,0f,1f],start_interpolation:0}
execute if entity @s[tag=aj.ecual.bone.staff] run data modify entity @s {} merge value {transformation:[-1.3868607045592942f,-0.6304003239963334f,-0.3473025592399472f,-0.675973199968084f,-0.24234527752832563f,-0.3009320078998759f,1.513973230635558f,1.599360959319465f,-0.6777111498337752f,1.3976557545142034f,0.1693287904176812f,0.29544766350563567f,0f,0f,0f,1f],start_interpolation:0}
execute if entity @s[tag=aj.ecual.bone.arm_right_2] run data modify entity @s {} merge value {transformation:[-0.3440411514347709f,-0.9035827828448926f,0.25529167762721333f,-0.6088131465859614f,-0.2647858742829935f,-0.16748945235270302f,-0.9496503167644301f,1.6486046895130995f,0.9008463392275222f,-0.39431641849772325f,-0.18163269310204186f,0.06009851902404002f,0f,0f,0f,1f],start_interpolation:0}
execute if entity @s[tag=aj.ecual.bone.arm_right_1] run data modify entity @s {} merge value {transformation:[-0.909966313892965f,-0.3216133628911093f,0.26177500337106585f,-0.3007119950931442f,-0.31013054180039257f,0.10874507589977761f,-0.9444541045017204f,1.7480691631692205f,0.27528231803485836f,-0.94060584373978f,-0.19869648235419726f,-0.008582743629626369f,0f,0f,0f,1f],start_interpolation:0}
execute if entity @s[tag=aj.ecual.bone.arm_left_2] run data modify entity @s {} merge value {transformation:[0.0320303247736383f,0.9824875373557724f,-0.18355461649189023f,0.5528382877257666f,0.2544375653964431f,-0.18561372357783193f,-0.9491096200833191f,1.6472110783704579f,-0.9665586291632938f,-0.016302900360421146f,-0.25592700488579195f,0.25274620948138365f,0f,0f,0f,1f],start_interpolation:0}
execute if entity @s[tag=aj.ecual.bone.arm_left_1] run data modify entity @s {} merge value {transformation:[-0.7562565467656281f,0.6281867731926495f,-0.18291367761852564f,0.2890209313133408f,0.31334638213581956f,0.10232568097414607f,-0.9441098981662938f,1.7480691631692205f,-0.5743605838465241f,-0.7713046304794129f,-0.27422451882444043f,0.0834761567387974f,0f,0f,0f,1f],start_interpolation:0}
execute if entity @s[tag=aj.ecual.bone.himo_right_2] run data modify entity @s {} merge value {transformation:[-0.6962602214002266f,-0.6094959692539611f,0.3791257938453698f,-0.12746086431031106f,-0.713278053127955f,0.6466245370465302f,-0.27039069328539095f,1.4530475605318807f,-0.08035000324643067f,-0.45868439209606293f,-0.8849590416656375f,0.2437379998843805f,0f,0f,0f,1f],start_interpolation:0}
execute if entity @s[tag=aj.ecual.bone.himo_right_1] run data modify entity @s {} merge value {transformation:[-0.9119894455643152f,-0.339277911905179f,0.23057699293848588f,-0.18963436658666658f,-0.3719936437963597f,0.9209274129069256f,-0.11624727580319345f,1.6249949049781593f,-0.17290454058352542f,-0.1917894643869113f,-0.9660853074111941f,0.20173944214051467f,0f,0f,0f,1f],start_interpolation:0}
execute if entity @s[tag=aj.ecual.bone.himo_left_2] run data modify entity @s {} merge value {transformation:[-0.6696060744641561f,-0.6315754557165759f,0.3908198418416118f,0.18780434860416684f,-0.7378380712125863f,0.6258769671377424f,-0.25273108767176145f,1.455072928862517f,-0.08498638543904154f,-0.45759202980696756f,-0.885091435133764f,0.29000231730408416f,0f,0f,0f,1f],start_interpolation:0}
execute if entity @s[tag=aj.ecual.bone.himo_left_1] run data modify entity @s {} merge value {transformation:[-0.8982171098335027f,-0.37398153852495675f,0.23096283780049046f,0.1191263278669905f,-0.40391461335303336f,0.9095207681847679f,-0.09810686704027924f,1.6249949049781593f,-0.173375340582849f,-0.18141053189684384f,-0.9680037242669499f,0.2499378192967575f,0f,0f,0f,1f],start_interpolation:0}
execute if entity @s[tag=aj.ecual.bone.ponpon1] run data modify entity @s {} merge value {transformation:[-0.9880342222517026f,-0.04681453760765779f,0.1469584115593741f,0.2563279851514012f,0f,0.9528226119197485f,0.3035277091377794f,2.3067557359936854f,-0.15423480689997698f,0.2998957640297868f,-0.9414213483119644f,0.26251647966756936f,0f,0f,0f,1f],start_interpolation:0}
execute if entity @s[tag=aj.ecual.bone.ponpon2] run data modify entity @s {} merge value {transformation:[-0.9880342222517026f,-0.04681453760765779f,0.1469584115593741f,0.3130084367704886f,0f,0.9528226119197485f,0.3035277091377794f,2.2161086322353833f,-0.15423480689997698f,0.2998957640297868f,-0.9414213483119644f,0.1425550630183485f,0f,0f,0f,1f],start_interpolation:0}
execute if entity @s[tag=aj.ecual.bone.ponpon3] run data modify entity @s {} merge value {transformation:[-0.9880342222517026f,-0.04681453760765779f,0.1469584115593741f,-0.32414212042147406f,0f,0.9528226119197485f,0.3035277091377794f,2.3067557359936854f,-0.15423480689997698f,0.2998957640297868f,-0.9414213483119644f,0.17190353061383287f,0f,0f,0f,1f],start_interpolation:0}
execute if entity @s[tag=aj.ecual.bone.ponpon4] run data modify entity @s {} merge value {transformation:[-0.9880342222517026f,-0.04681453760765779f,0.1469584115593741f,-0.34156423547126435f,0f,0.9528226119197485f,0.3035277091377794f,2.2161086322353833f,-0.15423480689997698f,0.2998957640297868f,-0.9414213483119644f,0.040374503447113734f,0f,0f,0f,1f],start_interpolation:0}
execute if entity @s[tag=aj.ecual.bone.ear_edge_a1] run data modify entity @s {} merge value {transformation:[-0.9708187645758927f,0.1895102942303744f,0.1469584115593741f,0.1657565810495062f,0.22660731716479585f,0.9254836862921707f,0.3035277091377794f,2.4092388880780424f,-0.07848598699583945f,0.32797224697795946f,-0.9414213483119644f,0.2581839315376098f,0f,0f,0f,1f],start_interpolation:0}
execute if entity @s[tag=aj.ecual.bone.ear_edge_a2] run data modify entity @s {} merge value {transformation:[-0.9885123161001306f,0.035307593946647176f,0.1469584115593741f,0.05225058622849154f,0.07903985968863671f,0.949538640796662f,0.3035277091377794f,2.4279119595862952f,-0.1288258572599318f,0.3116564509900708f,-0.9414213483119644f,0.24648580497223735f,0f,0f,0f,1f],start_interpolation:0}
execute if entity @s[tag=aj.ecual.bone.ear_edge_b1] run data modify entity @s {} merge value {transformation:[-0.9506075956265073f,0.2734015808460815f,0.1469584115593741f,0.03001818058133557f,0.30640622598799905f,0.9022118124151128f,0.3035277091377794f,2.425575724207632f,-0.049602659333770505f,0.3335647180525852f,-0.9414213483119644f,0.2422620307836958f,0f,0f,0f,1f],start_interpolation:0}
execute if entity @s[tag=aj.ecual.bone.ear_edge_b2] run data modify entity @s {} merge value {transformation:[-0.9885672830306734f,-0.0337335470014366f,0.1469584115593741f,0.05914434392686169f,0.01261085529719988f,0.9527391542884363f,0.3035277091377794f,2.4327715830066143f,-0.1502520989870877f,0.30191083400974056f,-0.9414213483119644f,0.24912875124653927f,0f,0f,0f,1f],start_interpolation:0}
execute if entity @s[tag=aj.ecual.bone.ear_right_2] run data modify entity @s {} merge value {transformation:[-0.9816734687222889f,0.12132776301694087f,0.1469584115593741f,0.1245568270093059f,0.16149683466597026f,0.9390365819170432f,0.3035277091377794f,2.5371414471352134f,-0.1011729865113293f,0.3216984173769916f,-0.9414213483119644f,0.25979566504654134f,0f,0f,0f,1f],start_interpolation:0}
execute if entity @s[tag=aj.ecual.bone.ear_right_1] run data modify entity @s {} merge value {transformation:[-0.9816734687222889f,0.12132776301694087f,0.1469584115593741f,0.09725808033049424f,0.16149683466597026f,0.9390365819170432f,0.3035277091377794f,2.325858216203879f,-0.1011729865113293f,0.3216984173769916f,-0.9414213483119644f,0.18741352113671833f,0f,0f,0f,1f],start_interpolation:0}
execute if entity @s[tag=aj.ecual.bone.ear_edge_a3] run data modify entity @s {} merge value {transformation:[-0.9485512057693112f,-0.2804529110305889f,0.1469584115593741f,-0.2365593418174537f,-0.22660731716479585f,0.9254836862921707f,0.3035277091377794f,2.4092388880780424f,-0.22113284206774758f,0.25460972310876767f,-0.9414213483119644f,0.19538133090019583f,0f,0f,0f,1f],start_interpolation:0}
execute if entity @s[tag=aj.ecual.bone.ear_edge_a4] run data modify entity @s {} merge value {transformation:[-0.9807454675018537f,-0.12861396987308998f,0.1469584115593741f,-0.12488825560888749f,-0.07903985968863671f,0.949538640796662f,0.3035277091377794f,2.4279119595862952f,-0.17858059400441892f,0.28606785276838015f,-0.9414213483119644f,0.21883395400394803f,0f,0f,0f,1f],start_interpolation:0}
execute if entity @s[tag=aj.ecual.bone.ear_edge_b3] run data modify entity @s {} merge value {transformation:[-0.9204986002893064f,-0.3620573879060798f,0.1469584115593741f,-0.10242627988724635f,-0.30640622598799905f,0.9022118124151128f,0.3035277091377794f,2.425575724207632f,-0.24248206437016973f,0.2343678591472466f,-0.9414213483119644f,0.22158709329135917f,0f,0f,0f,1f],start_interpolation:0}
execute if entity @s[tag=aj.ecual.bone.ear_edge_b4] run data modify entity @s {} merge value {transformation:[-0.9873280778476939f,-0.059887327253131756f,0.1469584115593741f,-0.13225954400504658f,-0.01261085529719988f,0.9527391542884363f,0.3035277091377794f,2.4327715830066143f,-0.1581904959921776f,0.29782815837363597f,-0.9414213483119644f,0.2192500881089357f,0f,0f,0f,1f],start_interpolation:0}
execute if entity @s[tag=aj.ecual.bone.ear_left_2] run data modify entity @s {} merge value {transformation:[-0.9658039888308428f,-0.21360215455462706f,0.1469584115593741f,-0.19781096000722243f,-0.16149683466597026f,0.9390365819170432f,0.3035277091377794f,2.5371414471352134f,-0.20283349711353257f,0.26941495391157727f,-0.9414213483119644f,0.20947318404182885f,0f,0f,0f,1f],start_interpolation:0}
execute if entity @s[tag=aj.ecual.bone.ear_left_1] run data modify entity @s {} merge value {transformation:[-0.9658039888308428f,-0.21360215455462706f,0.1469584115593741f,-0.14975047523243143f,-0.16149683466597026f,0.9390365819170432f,0.3035277091377794f,2.325858216203879f,-0.20283349711353257f,0.26941495391157727f,-0.9414213483119644f,0.14885481941172407f,0f,0f,0f,1f],start_interpolation:0}
execute if entity @s[tag=aj.ecual.bone.head] run data modify entity @s {} merge value {transformation:[-0.9880342222517026f,-0.04681453760765779f,0.1469584115593741f,-0.0068461972882744f,0f,0.9528226119197485f,0.3035277091377794f,1.8280513866844523f,-0.15423480689997698f,0.2998957640297868f,-0.9414213483119644f,0.04385700834370428f,0f,0f,0f,1f],start_interpolation:0}
execute if entity @s[tag=aj.ecual.bone.body_1] run data modify entity @s {} merge value {transformation:[-0.9880342222517026f,-0.012470138022234734f,0.1537298647536633f,-0.002169895529936375f,0f,0.9967261466042411f,0.08085164608998896f,1.454279081707862f,-0.15423480689997698f,0.07988419326229215f,-0.9847995430580578f,0.013900435870344726f,0f,0f,0f,1f],start_interpolation:0}
execute if entity @s[tag=aj.ecual.bone.leg_left_2] run data modify entity @s {} merge value {transformation:[-0.9873092741831283f,0.0005217618011210193f,0.15880845341670985f,0.08605804605323947f,-0.09404025372147086f,0.80389647680526f,-0.5872877363440272f,1.0322778259256058f,-0.12797198049567643f,-0.5947690159588955f,-0.7936453804208157f,0.41133123176137315f,0f,0f,0f,1f],start_interpolation:0}
execute if entity @s[tag=aj.ecual.bone.leg_left_1] run data modify entity @s {} merge value {transformation:[-0.9873092741831283f,0.07000294796355516f,0.14254818269061237f,0.11184507429612976f,-0.09404025372147086f,0.46560022304999515f,-0.879984581101167f,1.1934188626589677f,-0.12797198049567643f,-0.8822222053270969f,-0.4531083232912497f,0.09396866567569644f,0f,0f,0f,1f],start_interpolation:0}
execute if entity @s[tag=aj.ecual.bone.leg_right_2] run data modify entity @s {} merge value {transformation:[-0.9790482828066921f,0.1347175698792763f,0.15269458503525812f,-0.17886387191820063f,0.09606382246316658f,0.9667508154615748f,-0.23699072306346725f,1.2573865789577385f,-0.17954442889444544f,-0.2173569349484899f,-0.9594372104951763f,0.31114741456218153f,0f,0f,0f,1f],start_interpolation:0}
execute if entity @s[tag=aj.ecual.bone.leg_right_1] run data modify entity @s {} merge value {transformation:[-0.9790482828066921f,0.1875041555323182f,-0.07941442936506937f,-0.12408660845955673f,0.09606382246316658f,0.08143257022464381f,-0.9920385468923945f,1.2050576111651246f,-0.17954442889444544f,-0.9788824894565847f,-0.09773878395113555f,-0.015548917699009339f,0f,0f,0f,1f],start_interpolation:0}
execute if entity @s[tag=aj.ecual.bone.skirt_forward_right] run data modify entity @s {} merge value {transformation:[-0.9526968714605105f,0.28830146101232057f,0.09618180018858458f,-0.009001246221430472f,0.10699276471663854f,0.6143593324454248f,-0.7817385489634638f,1.3785064900947348f,-0.28446655235307616f,-0.7344691131799712f,-0.6161443843588783f,0.0190981918847002f,0f,0f,0f,1f],start_interpolation:0}
execute if entity @s[tag=aj.ecual.bone.skirt_forward_left] run data modify entity @s {} merge value {transformation:[-0.9940699483957381f,-0.050084386326511354f,0.096521976475781f,-0.009068491621676335f,-0.10699276471663857f,0.6090700299316552f,-0.785866557971099f,1.3767473124551837f,-0.019428998810656184f,-0.791533481847325f,-0.6108168801857607f,0.01952896855611013f,0f,0f,0f,1f],start_interpolation:0}
execute if entity @s[tag=aj.ecual.bone.skirt_forward] run data modify entity @s {} merge value {transformation:[-0.9880342222517026f,0.12057129414564804f,0.09618180018858458f,-0.009001246221430472f,0f,0.623606318974157f,-0.7817385489634638f,1.3785064900947348f,-0.15423480689997698f,-0.7723844392292905f,-0.6161443843588783f,0.0190981918847002f,0f,0f,0f,1f],start_interpolation:0}
execute if entity @s[tag=aj.ecual.bone.skirt_back_right] run data modify entity @s {} merge value {transformation:[-0.969036484351466f,0.19480654440519943f,0.15171915585270035f,-0.01106577364296785f,0.16672855380248008f,0.9694568416432444f,-0.1798750164365208f,1.3876595578680693f,-0.18212600402656512f,-0.1490095381108545f,-0.9719188629763831f,0.03232363551999351f,0f,0f,0f,1f],start_interpolation:0}
execute if entity @s[tag=aj.ecual.bone.skirt_back_left] run data modify entity @s {} merge value {transformation:[-0.9784409732016657f,-0.1401233731663685f,0.15171915585270035f,-0.01106577364296785f,-0.16672855380248008f,0.9694568416432444f,-0.1798750164365208f,1.3876595578680693f,-0.12188047959829676f,-0.20129300157626884f,-0.9719188629763831f,0.03232363551999351f,0f,0f,0f,1f],start_interpolation:0}
execute if entity @s[tag=aj.ecual.bone.skirt_back] run data modify entity @s {} merge value {transformation:[-0.9880342222517026f,0.02774298842621697f,0.15171915585270035f,-0.01106577364296785f,0f,0.9836894725785985f,-0.1798750164365208f,1.3876595578680693f,-0.15423480689997698f,-0.17772267196737007f,-0.9719188629763831f,0.03232363551999351f,0f,0f,0f,1f],start_interpolation:0}
execute if entity @s[tag=aj.ecual.bone.skirt_right] run data modify entity @s {} merge value {transformation:[-0.9568316996219828f,0.2708610886163252f,0.10539150474344194f,-0.20253315584352502f,0.20473364383282008f,0.8855144140576549f,-0.4170711660844755f,1.4438170857114876f,-0.20629404664566475f,-0.3774897259127822f,-0.9027426394874946f,0.002669668086629967f,0f,0f,0f,1f],start_interpolation:0}
execute if entity @s[tag=aj.ecual.bone.skirt_left] run data modify entity @s {} merge value {transformation:[-0.9803939066059509f,-0.10218537894772625f,0.16848126370380603f,0.18042256260944448f,-0.16544062082987063f,0.891323006545684f,-0.42210508049748663f,1.443892127288303f,-0.10703825890469645f,-0.4417028937325092f,-0.8907532569679321f,0.06184337047533302f,0f,0f,0f,1f],start_interpolation:0}
execute if entity @s[tag=aj.ecual.bone.coat_downer] run data modify entity @s {} merge value {transformation:[-0.9880342222517026f,0.053667265024852834f,0.1445966815809595f,-0.01684881073422192f,0f,0.9375100503398828f,-0.3479581950633015f,1.272209697971276f,-0.15423480689997698f,-0.34379460463547534f,-0.9262920134407204f,0.05728085499781187f,0f,0f,0f,1f],start_interpolation:0}
execute if entity @s[tag=aj.ecual.bone.body_2] run data modify entity @s {} merge value {transformation:[-0.9880342222517026f,0.04086061369680782f,0.1487238578970887f,0f,0f,0.9642690964921932f,-0.2649247243088675f,1.4876635742187503f,-0.15423480689997698f,-0.26175469393775863f,-0.952730866794016f,0f,0f,0f,0f,1f],start_interpolation:0}
execute if entity @s[tag=aj.ecual.bone.book_left] run data modify entity @s {} merge value {transformation:[0.7657165385649306f,0.2176389432720581f,-0.6052367081890881f,-1.4702261418432532f,-0.14381112068212315f,0.9751192693394142f,0.16870320723423954f,2.263319172024907f,0.6268943644158029f,-0.04213906660557208f,0.7779638519425682f,0.47327783756702907f,0f,0f,0f,1f],start_interpolation:0}
execute if entity @s[tag=aj.ecual.bone.book_right] run data modify entity @s {} merge value {transformation:[-0.4763943175026003f,0.2176389432720581f,-0.8518695584551979f,-1.4524053105002648f,0.14381112068212315f,0.9751192693394142f,0.16870320723423954f,2.263319172024907f,0.867390809162389f,-0.04213906660557208f,-0.4958401791366123f,0.5653184833179405f,0f,0f,0f,1f],start_interpolation:0}
execute if entity @s[tag=aj.ecual.bone.book_loot_1] run data modify entity @s {} merge value {transformation:[0.190088867658541f,0.2176389432720581f,-0.9573398104976706f,-1.3177147545971084f,0f,0.9751192693394142f,0.22168087550117388f,2.2300670406997307f,0.9817668880097221f,-0.04213906660557208f,0.185359317740753f,0.4914942627813718f,0f,0f,0f,1f],start_interpolation:0}
execute if entity @s[tag=aj.ecual.bone.book_left2] run data modify entity @s {} merge value {transformation:[0.9641807748552997f,-0.13658754791034655f,0.2273747460807229f,1.4531579486756123f,0.07354190041026208f,0.9612746103262338f,0.265598780920008f,2.3872551090290557f,-0.2548470566506145f,-0.23936366745599902f,0.9368874064787789f,-0.23096100817881182f,0f,0f,0f,1f],start_interpolation:0}
execute if entity @s[tag=aj.ecual.bone.book_right2] run data modify entity @s {} merge value {transformation:[-0.12177208007056867f,-0.13658754791034655f,0.9831151520911099f,1.4001084533129315f,-0.25608811661175157f,0.9612746103262338f,0.10183319730025767f,2.398750698651775f,-0.9589527814473104f,-0.23936366745599902f,-0.15203485671542888f,-0.15452368116516657f,0f,0f,0f,1f],start_interpolation:0}
execute if entity @s[tag=aj.ecual.bone.book_loot_2] run data modify entity @s {} merge value {transformation:[0.565861283868595f,-0.13658754791034655f,0.8131081411315623f,1.3046669798245376f,-0.12261962264233892f,0.9612746103262338f,0.24681076087804132f,2.355981289708709f,-0.8153314881455493f,-0.23936366745599902f,0.5271997715670769f,-0.27182231040705074f,0f,0f,0f,1f],start_interpolation:0}
execute if entity @s[tag=aj.ecual.bone.air_staff_povit_1] run data modify entity @s {} merge value {transformation:[-0.000015438034722682852f,0f,0.000002409918857812141f,-0.11316756674283583f,0f,0.000015625f,0f,1.6537860742187502f,-0.000002409918857812141f,0f,-0.000015438034722682852f,0.6781603380792449f,0f,0f,0f,1f],start_interpolation:0}