execute if entity @s[tag=aj.ecual.bone.wing_right_1] run data modify entity @s {} merge value {transformation:[-0.39870906704847603f,-0.07030316597374671f,-0.709248185864332f,0.07542533096965388f,-0.20270955491150414f,0.7903067330174725f,0.03561668905546244f,1.5062273561663035f,0.6832893681635607f,0.19343520115470567f,-0.40329010247379593f,-0.26946556185575565f,0f,0f,0f,1f],start_interpolation:0}
execute if entity @s[tag=aj.ecual.bone.wing_right_2] run data modify entity @s {} merge value {transformation:[-0.3871964114289535f,0.08583937780829878f,-0.6947737330915906f,0.07542533096965388f,0.11280791939770339f,0.7912376848530015f,0.03488981785024892f,1.5062273561663035f,0.690907600405222f,-0.08108345876901428f,-0.3950596922192287f,-0.26946556185575565f,0f,0f,0f,1f],start_interpolation:0}
execute if entity @s[tag=aj.ecual.bone.wing_left_1] run data modify entity @s {} merge value {transformation:[-0.5686974629280153f,0.1002767065746611f,0.577470537969014f,-0.05428932188134522f,0.19129281513600355f,0.7923198122716207f,0.05080175591109604f,1.5076468902139384f,-0.5540168760796242f,0.1706409729368862f,-0.5752316088486197f,-0.28553903883291715f,0f,0f,0f,1f],start_interpolation:0}
execute if entity @s[tag=aj.ecual.bone.wing_left_2] run data modify entity @s {} merge value {transformation:[-0.5522764216638837f,-0.12243673498642474f,0.5656854249492382f,-0.05428932188134522f,-0.12389500277911686f,0.7887797376430649f,0.04976498538229817f,1.5076468902139384f,-0.5653678292585269f,-0.053251961556375835f,-0.5634921882598724f,-0.28553903883291715f,0f,0f,0f,1f],start_interpolation:0}
execute if entity @s[tag=aj.ecual.bone.staff] run data modify entity @s {} merge value {transformation:[-0.2987771977947298f,1.5336207874165446f,-0.01207130820523071f,-0.07659949836729518f,1.1742923304355704f,0.2366698710789763f,1.0032104190067301f,1.5796579685159753f,0.986496811326892f,0.18275913801317187f,-1.197843641179664f,0.4234989082586463f,0f,0f,0f,1f],start_interpolation:0}
execute if entity @s[tag=aj.ecual.bone.arm_right_2] run data modify entity @s {} merge value {transformation:[0.9148717138462835f,-0.310342812791739f,-0.25825778933553095f,-0.3144301686333635f,-0.26438514404154423f,0.022940076882440888f,-0.9641443089510822f,1.6331611709970137f,0.3051397103198725f,0.950347879158542f,-0.06106280180899759f,0.36966722503055854f,0f,0f,0f,1f],start_interpolation:0}
execute if entity @s[tag=aj.ecual.bone.arm_right_1] run data modify entity @s {} merge value {transformation:[0.09883134516872381f,-0.9616098500623387f,-0.25600558875779894f,-0.2984375f,-0.0881865311310216f,0.24778922042088708f,-0.9647920179864085f,1.6496687342402958f,0.9911889330189364f,0.11792793776834945f,-0.06031169500591364f,0.038751673728942525f,0f,0f,0f,1f],start_interpolation:0}
execute if entity @s[tag=aj.ecual.bone.arm_left_2] run data modify entity @s {} merge value {transformation:[0.9107231566177156f,0.3222172275303864f,0.25837838586633943f,0.31669390169828526f,0.26483061561314586f,0.024472156322504032f,-0.9639843663664308f,1.6332136671607622f,-0.3169354461625048f,0.9463493920574779f,-0.06304562727276024f,0.36978148998714444f,0f,0f,0f,1f],start_interpolation:0}
execute if entity @s[tag=aj.ecual.bone.arm_left_1] run data modify entity @s {} merge value {transformation:[0.09149879653797711f,0.9623004301259037f,0.2561363941567119f,0.2984375f,0.088319702265555f,0.2483595646942412f,-0.9646331721523009f,1.6496687342402958f,-0.9918808398309876f,0.11088466442384065f,-0.06226548620051636f,0.0387516737289426f,0f,0f,0f,1f],start_interpolation:0}
execute if entity @s[tag=aj.ecual.bone.himo_right_2] run data modify entity @s {} merge value {transformation:[-1f,6.571547670535098e-17f,1.0333960493444442e-16f,-0.15625000000000003f,0f,0.8438319114245306f,-0.5366075896422107f,1.3413930983844573f,-1.2246467991473532e-16f,-0.5366075896422107f,-0.8438319114245306f,0.26708264965317335f,0f,0f,0f,1f],start_interpolation:0}
execute if entity @s[tag=aj.ecual.bone.himo_right_1] run data modify entity @s {} merge value {transformation:[-1f,2.1166829181730457e-17f,1.206215700818474e-16f,-0.15625000000000003f,0f,0.9849498660824396f,-0.17284027685752024f,1.5249909465445552f,-1.2246467991473532e-16f,-0.17284027685752024f,-0.9849498660824396f,0.22851916107937306f,0f,0f,0f,1f],start_interpolation:0}
execute if entity @s[tag=aj.ecual.bone.himo_left_2] run data modify entity @s {} merge value {transformation:[-1f,5.166474655463308e-17f,1.1103311123292955e-16f,0.15624999999999997f,0f,0.9066541578374688f,-0.4218746710529442f,1.3376680780671248f,-1.2246467991473532e-16f,-0.4218746710529442f,-0.9066541578374688f,0.21825001090093604f,0f,0f,0f,1f],start_interpolation:0}
execute if entity @s[tag=aj.ecual.bone.himo_left_1] run data modify entity @s {} merge value {transformation:[-1f,-1.0773572620067968e-17f,1.2198986826625685e-16f,0.15624999999999997f,0f,0.9961228686605063f,0.08797289657368113f,1.5249909465445552f,-1.2246467991473532e-16f,0.08797289657368113f,-0.9961228686605063f,0.22851916107937312f,0f,0f,0f,1f],start_interpolation:0}
execute if entity @s[tag=aj.ecual.bone.ponpon1] run data modify entity @s {} merge value {transformation:[-1f,-5.2028791733038576e-17f,1.108629904766179e-16f,0.29375f,0f,0.9052650164423328f,0.4248473255249028f,2.181184396237592f,-1.2246467991473532e-16f,0.4248473255249028f,-0.9052650164423328f,0.2819987841287604f,0f,0f,0f,1f],start_interpolation:0}
execute if entity @s[tag=aj.ecual.bone.ponpon2] run data modify entity @s {} merge value {transformation:[-1f,-5.2028791733038576e-17f,1.108629904766179e-16f,0.33125f,0f,0.9052650164423328f,0.4248473255249028f,2.1078557059502603f,-1.2246467991473532e-16f,0.4248473255249028f,-0.9052650164423328f,0.14402427314667887f,0f,0f,0f,1f],start_interpolation:0}
execute if entity @s[tag=aj.ecual.bone.ponpon3] run data modify entity @s {} merge value {transformation:[-1f,-5.2028791733038576e-17f,1.108629904766179e-16f,-0.29375f,0f,0.9052650164423328f,0.4248473255249028f,2.181184396237592f,-1.2246467991473532e-16f,0.4248473255249028f,-0.9052650164423328f,0.28199878412876034f,0f,0f,0f,1f],start_interpolation:0}
execute if entity @s[tag=aj.ecual.bone.ponpon4] run data modify entity @s {} merge value {transformation:[-1f,-5.2028791733038576e-17f,1.108629904766179e-16f,-0.33125f,0f,0.9052650164423328f,0.4248473255249028f,2.1078557059502603f,-1.2246467991473532e-16f,0.4248473255249028f,-0.9052650164423328f,0.14402427314667882f,0f,0f,0f,1f],start_interpolation:0}
execute if entity @s[tag=aj.ecual.bone.ear_edge_a1] run data modify entity @s {} merge value {transformation:[-0.9882649751216611f,0.14818820712432212f,0.03704853866296809f,0.19317637005319443f,0.12305034515255797f,0.6286377944734571f,0.7679017749148543f,2.2473071187871527f,0.09050387563866415f,0.763449263951984f,-0.6394953243500336f,0.3369514358078874f,0f,0f,0f,1f],start_interpolation:0}
execute if entity @s[tag=aj.ecual.bone.ear_edge_a2] run data modify entity @s {} merge value {transformation:[-0.9992795362529728f,-0.008234938310763842f,0.03704853866296809f,0.07799135808633635f,0.023194774130863044f,0.6401475349758323f,0.7679017749148543f,2.2564298208527327f,-0.03004015444470573f,0.7682078620109164f,-0.6394953243500336f,0.34123278491972403f,0f,0f,0f,1f],start_interpolation:0}
execute if entity @s[tag=aj.ecual.bone.ear_edge_b1] run data modify entity @s {} merge value {transformation:[-0.9752230216048884f,0.21081217725362508f,0.06706924819481379f,0.05759968505322391f,0.1168758155333127f,0.23356640366240236f,0.9652910332245062f,2.295145249016478f,0.18782998130025574f,0.9492128112292825f,-0.2524181790659058f,0.3008932705958294f,0f,0f,0f,1f],start_interpolation:0}
execute if entity @s[tag=aj.ecual.bone.ear_edge_b2] run data modify entity @s {} merge value {transformation:[-0.9926367549309324f,-0.10086619209016792f,0.06706924819481379f,0.08631338891016928f,0.03897951791354607f,0.2582514634219771f,0.9652910332245062f,2.296038391120544f,-0.11468596227706217f,0.9607976857453583f,-0.2524181790659058f,0.3119382302153834f,0f,0f,0f,1f],start_interpolation:0}
execute if entity @s[tag=aj.ecual.bone.ear_right_2] run data modify entity @s {} merge value {transformation:[-0.9961946980917455f,0.05565823784920278f,0.06706924819481379f,0.14275010336983268f,0.0788990448915025f,0.24897421933118674f,0.9652910332245062f,2.3496136186612264f,0.03702788421047889f,0.9669095090379178f,-0.2524181790659058f,0.40801235152915105f,0f,0f,0f,1f],start_interpolation:0}
execute if entity @s[tag=aj.ecual.bone.ear_right_1] run data modify entity @s {} merge value {transformation:[-0.9961946980917455f,0.07888934831036773f,0.03704853866296809f,0.12499999999999997f,0.0788990448915025f,0.6356900225721849f,0.7679017749148543f,2.206583363582485f,0.03702788421047889f,0.7679027711405528f,-0.6394953243500336f,0.23523422802252694f,0f,0f,0f,1f],start_interpolation:0}
execute if entity @s[tag=aj.ecual.bone.ear_edge_a3] run data modify entity @s {} merge value {transformation:[-0.9882649751216611f,-0.1481882071243223f,-0.037048538662967936f,-0.19317637005319452f,-0.12305034515255797f,0.6286377944734571f,0.7679017749148543f,2.2473071187871527f,-0.0905038756386644f,0.7634492639519839f,-0.6394953243500336f,0.33695143580788733f,0f,0f,0f,1f],start_interpolation:0}
execute if entity @s[tag=aj.ecual.bone.ear_edge_a4] run data modify entity @s {} merge value {transformation:[-0.9992795362529729f,0.008234938310763676f,-0.037048538662967936f,-0.07799135808633643f,-0.023194774130863044f,0.6401475349758323f,0.7679017749148543f,2.2564298208527327f,0.03004015444470548f,0.7682078620109164f,-0.6394953243500336f,0.341232784919724f,0f,0f,0f,1f],start_interpolation:0}
execute if entity @s[tag=aj.ecual.bone.ear_edge_b3] run data modify entity @s {} merge value {transformation:[-0.9752230216048884f,-0.2108121772536253f,-0.06706924819481372f,-0.057599685053223965f,-0.1168758155333127f,0.23356640366240236f,0.9652910332245062f,2.295145249016478f,-0.18782998130025602f,0.9492128112292825f,-0.2524181790659058f,0.3008932705958294f,0f,0f,0f,1f],start_interpolation:0}
execute if entity @s[tag=aj.ecual.bone.ear_edge_b4] run data modify entity @s {} merge value {transformation:[-0.9926367549309324f,0.1008661920901677f,-0.06706924819481372f,-0.08631338891016935f,-0.03897951791354607f,0.2582514634219771f,0.9652910332245062f,2.296038391120544f,0.11468596227706192f,0.9607976857453583f,-0.2524181790659058f,0.31193823021538336f,0f,0f,0f,1f],start_interpolation:0}
execute if entity @s[tag=aj.ecual.bone.ear_left_2] run data modify entity @s {} merge value {transformation:[-0.9961946980917455f,-0.055658237849203f,-0.06706924819481372f,-0.14275010336983276f,-0.0788990448915025f,0.24897421933118674f,0.9652910332245062f,2.3496136186612264f,-0.03702788421047914f,0.9669095090379178f,-0.2524181790659058f,0.408012351529151f,0f,0f,0f,1f],start_interpolation:0}
execute if entity @s[tag=aj.ecual.bone.ear_left_1] run data modify entity @s {} merge value {transformation:[-0.9961946980917455f,-0.0788893483103679f,-0.037048538662967936f,-0.12500000000000003f,-0.0788990448915025f,0.6356900225721849f,0.7679017749148543f,2.206583363582485f,-0.03702788421047914f,0.7679027711405528f,-0.6394953243500336f,0.2352342280225269f,0f,0f,0f,1f],start_interpolation:0}
execute if entity @s[tag=aj.ecual.bone.head] run data modify entity @s {} merge value {transformation:[-1f,-5.2028791733038576e-17f,1.108629904766179e-16f,-5.607597128980645e-18f,0f,0.9052650164423328f,0.4248473255249028f,1.7293585637331363f,-1.2246467991473532e-16f,0.4248473255249028f,-0.9052650164423328f,0.04578950545483706f,0f,0f,0f,1f],start_interpolation:0}
execute if entity @s[tag=aj.ecual.bone.body_1] run data modify entity @s {} merge value {transformation:[-1f,-1.0773572620067968e-17f,1.2198986826625685e-16f,-1.5675073964551568e-18f,0f,0.9961228686605063f,0.08797289657368113f,1.3558124879854465f,-1.2246467991473532e-16f,0.08797289657368113f,-0.9961228686605063f,0.012799669239706636f,0f,0f,0f,1f],start_interpolation:0}
execute if entity @s[tag=aj.ecual.bone.leg_left_2] run data modify entity @s {} merge value {transformation:[-0.9962189977235398f,-0.08680386162985743f,0.003577454521061476f,0.15291363512442663f,-0.08164648649688132f,0.9213677171311676f,-0.3800202377126977f,0.8433989017032809f,0.029691073025747538f,-0.3788754669210521f,-0.924971254011677f,0.35923978470622875f,0f,0f,0f,1f],start_interpolation:0}
execute if entity @s[tag=aj.ecual.bone.leg_left_1] run data modify entity @s {} merge value {transformation:[-0.9962189977235398f,-0.07891692103582508f,0.03632943914969025f,0.12499999999999999f,-0.08164648649688132f,0.7075348965154287f,-0.7019460246027583f,1.091379544536877f,0.029691073025747538f,-0.7022581361487575f,-0.7113029947887558f,0.10457248476328992f,0f,0f,0f,1f],start_interpolation:0}
execute if entity @s[tag=aj.ecual.bone.leg_right_2] run data modify entity @s {} merge value {transformation:[-0.984807753012208f,0.1500507702527998f,0.08739826058673761f,-0.13782997654470944f,0.1631924899486207f,0.9717499544097637f,0.17049996284161226f,1.1248726727642566f,-0.059345604988197236f,0.18217242505704112f,-0.981474047908258f,0.3784912607082141f,0f,0f,0f,1f],start_interpolation:0}
execute if entity @s[tag=aj.ecual.bone.leg_right_1] run data modify entity @s {} merge value {transformation:[-0.984807753012208f,0.09330109785058148f,-0.14645338762528518f,-0.125f,0.1631924899486207f,0.20904094745937174f,-0.9641940123801109f,1.0809874890833586f,-0.059345604988197236f,-0.973445831787863f,-0.22109118422818308f,0.04490644389035282f,0f,0f,0f,1f],start_interpolation:0}
execute if entity @s[tag=aj.ecual.bone.skirt_forward_right] run data modify entity @s {} merge value {transformation:[-0.9914448613738104f,0.13052619222005166f,9.717857787208624e-17f,-3.55103903359366e-18f,0.10357557578098861f,0.7867346057163198f,-0.6085398592286487f,1.2693944634714225f,-0.07943039063924186f,-0.6033337163733857f,-0.7935233076160879f,0.028996434205078817f,0f,0f,0f,1f],start_interpolation:0}
execute if entity @s[tag=aj.ecual.bone.skirt_forward_left] run data modify entity @s {} merge value {transformation:[-0.9914448613738104f,-0.12925592028994135f,0.018165734927774232f,-3.539523592575502e-18f,-0.10357557578098861f,0.694385779348208f,-0.7121098858607557f,1.2315162799982773f,0.07943039063924161f,-0.7078992135247659f,-0.7018329691129618f,0.028902403493316246f,0f,0f,0f,1f],start_interpolation:0}
execute if entity @s[tag=aj.ecual.bone.skirt_forward] run data modify entity @s {} merge value {transformation:[-1f,7.452463907579455e-17f,9.717857787208624e-17f,-3.55103903359366e-18f,0f,0.7935233076160879f,-0.6085398592286487f,1.2693944634714225f,-1.2246467991473532e-16f,-0.6085398592286487f,-0.7935233076160879f,0.028996434205078817f,0f,0f,0f,1f],start_interpolation:0}
execute if entity @s[tag=aj.ecual.bone.skirt_back_right] run data modify entity @s {} merge value {transformation:[-0.9961946980917455f,0.08715574274765821f,1.1830064377186927e-16f,-3.662159338360683e-18f,0.08419227880758776f,0.9623221502593935f,-0.2585492976384248f,1.2943310417586522f,-0.022534056072562383f,-0.25756543950274347f,-0.9659980645377491f,0.02990380035215395f,0f,0f,0f,1f],start_interpolation:0}
execute if entity @s[tag=aj.ecual.bone.skirt_back_left] run data modify entity @s {} merge value {transformation:[-0.9961946980917455f,-0.08715574274765815f,1.1830064377186927e-16f,-3.662159338360683e-18f,-0.08419227880758776f,0.9623221502593935f,-0.2585492976384248f,1.2943310417586522f,0.02253405607256214f,-0.25756543950274347f,-0.9659980645377491f,0.02990380035215395f,0f,0f,0f,1f],start_interpolation:0}
execute if entity @s[tag=aj.ecual.bone.skirt_back] run data modify entity @s {} merge value {transformation:[-1f,3.1663156977469326e-17f,1.1830064377186927e-16f,-3.662159338360683e-18f,0f,0.9659980645377491f,-0.2585492976384248f,1.2943310417586522f,-1.2246467991473532e-16f,-0.2585492976384248f,-0.9659980645377491f,0.02990380035215395f,0f,0f,0f,1f],start_interpolation:0}
execute if entity @s[tag=aj.ecual.bone.skirt_right] run data modify entity @s {} merge value {transformation:[-0.9914448613738104f,0.1305261922200516f,1.150908481422694e-16f,-0.19375f,0.12266696142794625f,0.9317480767618203f,-0.3417577183103312f,1.3066124464098057f,-0.044608333632860646f,-0.338833933653616f,-0.9397880941868312f,0.030757966492096854f,0f,0f,0f,1f],start_interpolation:0}
execute if entity @s[tag=aj.ecual.bone.skirt_left] run data modify entity @s {} merge value {transformation:[-0.9914448613738104f,-0.13002950065171942f,0.011376107230962308f,0.19375f,-0.12266696142794628f,0.8984163462482243f,-0.4216644226965627f,1.3072530139758047f,0.04460833363286042f,-0.41945249761356196f,-0.9066805936029756f,0.017889194282076627f,0f,0f,0f,1f],start_interpolation:0}
execute if entity @s[tag=aj.ecual.bone.coat_downer] run data modify entity @s {} merge value {transformation:[-1f,5.172481368406417e-17f,1.1100514166455273e-16f,-0.007812500000000009f,0f,0.9064257689795854f,-0.4223651563869436f,1.16657859770513f,-1.2246467991473532e-16f,-0.4223651563869436f,-0.9064257689795854f,0.07636149018496462f,0f,0f,0f,1f],start_interpolation:0}
execute if entity @s[tag=aj.ecual.bone.body_2] run data modify entity @s {} merge value {transformation:[-1f,4.185324958126499e-17f,1.150908481422694e-16f,0f,0f,0.9397880941868312f,-0.3417577183103312f,1.3765625f,-1.2246467991473532e-16f,-0.3417577183103312f,-0.9397880941868312f,0f,0f,0f,0f,1f],start_interpolation:0}
execute if entity @s[tag=aj.ecual.bone.book_left] run data modify entity @s {} merge value {transformation:[0.7507738036374936f,0.20626266131084386f,-0.6275304058933385f,-1.0940849069572938f,-0.10884476510854976f,0.975641864576166f,0.1904619888450368f,2.325323922640206f,0.6515301319817486f,-0.0746904721856168f,0.7549369645768678f,-0.5374050330029622f,0f,0f,0f,1f],start_interpolation:0}
execute if entity @s[tag=aj.ecual.bone.book_right] run data modify entity @s {} merge value {transformation:[-0.15955089384078314f,0.20626266131084386f,-0.9654010704487411f,-1.0621650930427062f,0.10884476510854973f,0.975641864576166f,0.1904619888450368f,2.325323922640206f,0.9811708971341699f,-0.0746904721856168f,-0.1781151424826587f,-0.4492563632474967f,0f,0f,0f,1f],start_interpolation:0}
execute if entity @s[tag=aj.ecual.bone.book_loot_1] run data modify entity @s {} merge value {transformation:[0.34047801508893294f,0.20626266131084386f,-0.9173496802147305f,-0.9405225479677903f,-1.3877787807814457e-17f,0.975641864576166f,0.21936944200672592f,2.2924185063391973f,0.9402524773916314f,-0.0746904721856168f,0.33218460548855855f,-0.5431583889485132f,0f,0f,0f,1f],start_interpolation:0}
execute if entity @s[tag=aj.ecual.bone.book_left2] run data modify entity @s {} merge value {transformation:[0.7405352640334725f,-0.2663545544583291f,0.6169787468318342f,1.0331019643573471f,0.09862551813579158f,0.9512339825883555f,0.2922788352610276f,2.240375346714862f,-0.6647409494647687f,-0.15559293585635978f,0.7306916643949599f,-0.4759230915993394f,0f,0f,0f,1f],start_interpolation:0}
execute if entity @s[tag=aj.ecual.bone.book_right2] run data modify entity @s {} merge value {transformation:[-0.1556572129859407f,-0.2663545544583291f,0.9512234665759434f,1.0015247060292096f,-0.2017552989596545f,0.9512339825883555f,0.2333424730108017f,2.2459432693349135f,-0.9669879168775328f,-0.15559293585635978f,-0.20180487339122605f,-0.3878269084006605f,0f,0f,0f,1f],start_interpolation:0}
execute if entity @s[tag=aj.ecual.bone.book_loot_2] run data modify entity @s {} merge value {transformation:[0.3368240888334656f,-0.2663545544583291f,0.903108401301201f,0.8818470749980982f,-0.05939117461388488f,0.9512339825883555f,0.3026988581859524f,2.1977544792969947f,-0.9396926207859084f,-0.15559293585635978f,0.3045794095997133f,-0.4775619114399569f,0f,0f,0f,1f],start_interpolation:0}
execute if entity @s[tag=aj.ecual.bone.air_staff_povit_1] run data modify entity @s {} merge value {transformation:[-0.000015625f,0f,1.9135106236677393e-21f,-0.007217500000000084f,0f,0.000015625f,0f,1.5426849999999999f,-1.9135106236677393e-21f,0f,-0.000015625f,0.6875f,0f,0f,0f,1f],start_interpolation:0}