# This file was generated by Animated Java via MC-Build. It is not recommended to edit this file directly.
$data merge entity $(bone_head) { transformation: [-0.13413031666450445f,-0.3866106303639474f,0.9124369998203004f,0f,0f,0.9207572368443383f,0.39013601576729495f,1.6493938096574767f,-0.9909637017325506f,0.05232906733709539f,-0.12350145974906529f,0f,0f,0f,0f,1f], start_interpolation: 0, interpolation_duration: 1 }
$data merge entity $(bone_bust) { transformation: [-0.2902846772544625f,0.4784701678661043f,0.8287346406501024f,-0.06878008663075252f,0f,0.8660254037844387f,-0.49999999999999994f,1.5400188096574767f,-0.9569403357322087f,-0.14514233862723122f,-0.25139390483173135f,0.02086421117766446f,0f,0f,0f,1f], start_interpolation: 0, interpolation_duration: 1 }
$data merge entity $(bone_left_wing) { transformation: [-0.6343932841636455f,0f,0.7730104533627368f,0.13776033429493f,0f,1f,0f,1.4306438096574767f,-0.7730104533627368f,0f,-0.6343932841636455f,0.023523186326455114f,0f,0f,0f,1f], start_interpolation: 0, interpolation_duration: 1 }
$data merge entity $(bone_right_wing) { transformation: [0.09801714032956038f,0f,0.9951847266721968f,0.10147474963812225f,0f,1f,0f,1.4306438096574767f,-0.9951847266721968f,0f,0.09801714032956038f,-0.09609435564007085f,0f,0f,0f,1f], start_interpolation: 0, interpolation_duration: 1 }
$data merge entity $(bone_body) { transformation: [-0.2902846772544625f,0f,0.9569403357322087f,-0.3333278292388731f,0f,1f,0f,0.36814380965747673f,-0.9569403357322087f,0f,-0.2902846772544625f,0.6236125064933355f,0f,0f,0f,1f], start_interpolation: 0, interpolation_duration: 1 }
$data merge entity $(bone_right_ring) { transformation: [-0.909331334931394f,0.4058263111257313f,0.09176888639386377f,-0.36596993310061204f,0.18438930278295046f,0.5907790970487946f,-0.7854811541402048f,1.2508840432127437f,-0.37298405908444143f,-0.6973414254784324f,-0.6120439755283942f,-0.2642289800822808f,0f,0f,0f,1f], start_interpolation: 0, interpolation_duration: 1 }
$data merge entity $(bone_sword) { transformation: [-0.6766590005871764f,0.7307257388038164f,-0.09040183390827938f,-0.48548939970273247f,0.7071067811865475f,0.6791448329698737f,0.19688142586420482f,1.1376769288217001f,0.20526226376117848f,0.06929783907120673f,-0.9762505890270681f,-0.11600107454692687f,0f,0f,0f,1f], start_interpolation: 0, interpolation_duration: 1 }
$data merge entity $(bone_right_hand) { transformation: [-0.6766590005871764f,0.4058263111257313f,-0.6143595056011134f,-0.36015577563732093f,0.7071067811865475f,0.5907790970487946f,-0.388561524716757f,1.3067656341844218f,0.20526226376117848f,-0.6973414254784324f,-0.6867185299577581f,-0.43756843999682565f,0f,0f,0f,1f], start_interpolation: 0, interpolation_duration: 1 }
$data merge entity $(bone_right_arm) { transformation: [-0.6766590005871764f,0.7287336072329966f,-0.10526123034407311f,-0.09978535780622148f,0.7071067811865475f,0.6830127018922194f,0.18301270189221902f,1.5243938096574767f,0.20526226376117848f,0.04940626218481442f,-0.9774591676037222f,-0.32894824040794673f,0f,0f,0f,1f], start_interpolation: 0, interpolation_duration: 1 }
$data merge entity $(bone_left_ring) { transformation: [0.6841262352150644f,0.059209896410769236f,0.7269563139952002f,0.20617444498407939f,-0.6214702226538769f,0.5690191733969409f,0.5385089996102229f,1.275666104866441f,-0.3817670188020475f,-0.820189836851011f,0.4260781323669508f,0.7129759400657931f,0f,0f,0f,1f], start_interpolation: 0, interpolation_duration: 1 }
$data merge entity $(bone_left_hand) { transformation: [-0.08246402049819383f,0.059209896410769236f,0.9948335908534147f,0.3086916404407697f,-0.8160349234517086f,0.5690191733969409f,-0.10150952671462202f,1.3550588325802173f,-0.5720897560963994f,-0.820189836851011f,0.0013937345062750017f,0.5849519406677859f,0f,0f,0f,1f], start_interpolation: 0, interpolation_duration: 1 }
$data merge entity $(bone_left_arm) { transformation: [-0.08246402049819383f,-0.32123266508584764f,0.9434030210917904f,0.09978535780622148f,-0.8160349234517086f,0.565171424754573f,0.12111261019419232f,1.5556438096574767f,-0.5720897560963994f,-0.759862379331106f,-0.3087433812194725f,0.32894824040794673f,0f,0f,0f,1f], start_interpolation: 0, interpolation_duration: 1 }
$data merge entity $(bone_leftfoot) { transformation: [-0.2902846772544625f,-0.3083890425888589f,0.9058868607957614f,-0.10827309084031103f,0f,0.9466492601156963f,0.3222656952305111f,0.4662263841061468f,-0.9569403357322087f,0.09354879333017388f,-0.27479777494586066f,0.1634689367652471f,0f,0f,0f,1f], start_interpolation: 0, interpolation_duration: 1 }
$data merge entity $(bone_leftleg) { transformation: [-0.2902846772544625f,0.024715855456286566f,0.9566211019208891f,0.05721865450094987f,0f,0.9996664015514872f,-0.02582800048591857f,0.8681438096574767f,-0.9569403357322087f,-0.007497472785182972f,-0.2901878387365034f,0.11326756465158472f,0f,0f,0f,1f], start_interpolation: 0, interpolation_duration: 1 }
$data merge entity $(bone_rightfoot) { transformation: [-0.2878012515994919f,-0.29614244373149773f,0.9107524870119776f,-0.31965403819034f,0.13052619222005163f,0.929985175439236f,0.34364296385607523f,0.5576827634633754f,-0.9487535785030272f,0.21777792928575285f,-0.22899655192537183f,-0.07637080400625129f,0f,0f,0f,1f], start_interpolation: 0, interpolation_duration: 1 }
$data merge entity $(bone_rightleg) { transformation: [-0.2878012515994919f,0.4012107800727719f,0.8695978090652964f,-0.015352514812665748f,0.13052619222005163f,0.9159756150367535f,-0.37940952255126037f,0.8681438096574767f,-0.9487535785030272f,0.004310755321174267f,-0.3159874438427275f,-0.12596751928146746f,0f,0f,0f,1f], start_interpolation: 0, interpolation_duration: 1 }
$data merge entity $(bone_skirt_right_back) { transformation: [-0.2792678104375738f,0.14340589217638622f,0.949444174315951f,0.1301019134611372f,0.13126462152429305f,0.9852036296731972f,-0.11019712888656452f,0.8710262938169796f,-0.9511987642914005f,0.09385391929937024f,-0.293959780654871f,-0.23266399861211948f,0f,0f,0f,1f], start_interpolation: 0, interpolation_duration: 1 }
$data merge entity $(bone_skirt_right) { transformation: [-0.2792678104375738f,0.31244279510187317f,0.9079586939075655f,-0.15351626297040682f,0.13126462152429305f,0.9491254915726844f,-0.2862348692647253f,0.896311526997025f,-0.9511987642914005f,0.039246669105023f,-0.30607288310902914f,-0.17875887844087524f,0f,0f,0f,1f], start_interpolation: 0, interpolation_duration: 1 }
$data merge entity $(bone_skirt_left_back) { transformation: [-0.2931802062849204f,-0.08467264022367957f,0.952300325863791f,0.23051631499463784f,-0.050499146941960525f,0.9960514700822306f,0.07301578668453462f,0.9380369983163329f,-0.9547225789730049f,-0.02668357068644487f,-0.296298471569726f,0.10641864756385672f,0f,0f,0f,1f], start_interpolation: 0, interpolation_duration: 1 }
$data merge entity $(bone_skirt_left) { transformation: [-0.2931802062849204f,0.049783209043086016f,0.9547601786522644f,-0.03195955437010065f,-0.050499146941960525f,0.9964429288221474f,-0.0674635142760534f,0.896311526997025f,-0.9547225789730049f,-0.06799354158825219f,-0.2896233338345183f,0.22195988714698717f,0f,0f,0f,1f], start_interpolation: 0, interpolation_duration: 1 }
$data merge entity $(bone_skirt_back_middle) { transformation: [-0.2902846772544625f,-0.01889993931927908f,0.9567536769958086f,0.12196506951783205f,0f,0.999804942137529f,0.01975038423353498f,0.9439114921173106f,-0.9569403357322087f,0.005733233912883329f,-0.29022805494580917f,-0.03699769935417334f,0f,0f,0f,1f], start_interpolation: 0, interpolation_duration: 1 }
$data merge entity $(bone_skirt_front_middle) { transformation: [-0.2902846772544625f,0.14752572571337075f,0.9455003788492186f,-0.17639748631100055f,0f,0.9880452767473358f,-0.15416397470641735f,0.9649938403285773f,-0.9569403357322087f,-0.04475143964191748f,-0.28681440427339644f,0.05350959246911363f,0f,0f,0f,1f], start_interpolation: 0, interpolation_duration: 1 }
$data merge entity $(bone_lower) { transformation: [-0.2902846772544625f,0f,0.9569403357322087f,0f,0f,1f,0f,0.9618938096574767f,-0.9569403357322087f,0f,-0.2902846772544625f,0f,0f,0f,0f,1f], start_interpolation: 0, interpolation_duration: 1 }
data modify entity @s data merge value {"locators":{"locator_right_hand":{"posx":-0.5012541768730733,"posy":1.1068245090798499,"posz":-0.06168725842393491,"roty":318.1832066411892,"rotx":-22.865022838509976},"locator_left_hand":{"posx":0.1920986622591191,"posy":1.1411305537064174,"posz":0.9615321365581524,"roty":90.08026975914471,"rotx":-5.826102366685481}},"cameras":{}}