# This file was generated by Animated Java via MC-Build. It is not recommended to edit this file directly.
$data merge entity $(bone_wing_right_1) { transformation: [0.16246297952860592f,-0.2534609433734738f,-0.7591493758881455f,-0.3095398104761235f,0.02702842177519774f,0.7759277535660173f,-0.2532785622724123f,1.053534786244702f,0.7998872977760517f,0.025260955537487473f,0.16274716411140108f,-0.20851648538494663f,0f,0f,0f,1f], start_interpolation: 0, interpolation_duration: 1 }
$data merge entity $(bone_wing_right_2) { transformation: [0.026518710583190344f,-0.2937204813641227f,-0.743656531482265f,-0.3095398104761235f,0.37445688205517796f,0.6619846402325582f,-0.24810961202195495f,1.053534786244702f,0.706455095155042f,-0.33985969888087414f,0.15942579341525004f,-0.20851648538494663f,0f,0f,0f,1f], start_interpolation: 0, interpolation_duration: 1 }
$data merge entity $(bone_wing_left_1) { transformation: [-0.6775422570177092f,-0.16263856954832265f,-0.42594557175191783f,-0.34041610027143104f,-0.02702842177519774f,0.7759277535660173f,-0.2532785622724123f,1.053534786244702f,0.45513778003604005f,-0.19603382714652495f,-0.6491261697409801f,-0.13328434210827528f,0f,0f,0f,1f], start_interpolation: 0, interpolation_duration: 1 }
$data merge entity $(bone_wing_left_2) { transformation: [-0.51515675555585f,-0.44778746514419654f,-0.41725280498147055f,-0.34041610027143104f,-0.37445688205517796f,0.6619846402325582f,-0.24810961202195495f,1.053534786244702f,0.48414415279613227f,0.03553480203835961f,-0.6358786968891235f,-0.13328434210827528f,0f,0f,0f,1f], start_interpolation: 0, interpolation_duration: 1 }
$data merge entity $(bone_blade) { transformation: [-0.19593425940783885f,0.7926987055303226f,1.825715894722081f,0.038427539418014134f,-1.98397636291225f,0.06925015275551177f,-0.24298602377259323f,1.8215305009838232f,-0.1595229055520831f,-1.8348932335680697f,0.7795635086446341f,0.06985278869164385f,0f,0f,0f,1f], start_interpolation: 0, interpolation_duration: 1 }
$data merge entity $(bone_arm_right_2) { transformation: [0.4070534769606958f,-0.9074518897462153f,0.10410828348517961f,-0.16734271118767569f,0.6805622490405961f,0.3773325451673576f,0.6280566658656919f,1.6484378995415476f,-0.6092146518879971f,-0.18480048201654195f,0.7711720234626254f,0.297299225682095f,0f,0f,0f,1f], start_interpolation: 0, interpolation_duration: 1 }
$data merge entity $(bone_arm_right_1) { transformation: [0.3521617664575382f,-0.899279160940694f,-0.2593821137690633f,-0.2706266080180547f,0.9033610960266318f,0.39907259023108443f,-0.1570980519033101f,1.3621123246357574f,0.24478729630246032f,-0.1789917831188177f,0.9529119167818594f,0.17400024838579664f,0f,0f,0f,1f], start_interpolation: 0, interpolation_duration: 1 }
$data merge entity $(bone_arm_left_2) { transformation: [-0.5642710302228976f,-0.4874308968156821f,0.6663402473816578f,0.13005502151099613f,-0.7664014870629539f,0.009170983481026629f,-0.6422963908427968f,1.6368695846694046f,0.3069641104085003f,-0.8731134026525134f,-0.3787426844569642f,-0.6325626669210145f,0f,0f,0f,1f], start_interpolation: 0, interpolation_duration: 1 }
$data merge entity $(bone_arm_left_1) { transformation: [-0.3200556790328336f,-0.6734649486336926f,0.6663402473816578f,0.00792956390920323f,-0.7051375316586435f,-0.3003937545234121f,-0.6422963908427968f,1.3715042798145276f,0.6327285545675863f,-0.6754321247950419f,-0.3787426844569642f,-0.39740018434815416f,0f,0f,0f,1f], start_interpolation: 0, interpolation_duration: 1 }
$data merge entity $(bone_ear_edge_a1) { transformation: [-0.9558418387034168f,-0.2690056723024946f,0.11833143138301808f,-0.1555757739440326f,-0.2919580959063103f,0.9151997806669238f,-0.27779458544395036f,2.0347802016964485f,-0.033568580828398614f,-0.3000755067250531f,-0.9533246250070695f,-0.25677301050809376f,0f,0f,0f,1f], start_interpolation: 0, interpolation_duration: 1 }
$data merge entity $(bone_ear_edge_a2) { transformation: [-0.9019920811009546f,-0.41522037278776996f,0.11833143138301808f,-0.26365607722399564f,-0.43153239536258653f,0.8582598441326799f,-0.27779458544395036f,1.9937231505252637f,0.013786855471675113f,-0.30163236227456314f,-0.9533246250070695f,-0.25822463616159885f,0f,0f,0f,1f], start_interpolation: 0, interpolation_duration: 1 }
$data merge entity $(bone_ear_edge_b1) { transformation: [-0.9719084750808769f,-0.16105210606060769f,0.17162789749748444f,-0.2865902186489731f,-0.22009001501960798f,0.880289828571193f,-0.4202977551721733f,1.9918478646619562f,-0.0833924538230707f,-0.44626453684730794f,-0.8910071053576536f,-0.24002036065590246f,0f,0f,0f,1f], start_interpolation: 0, interpolation_duration: 1 }
$data merge entity $(bone_ear_edge_b2) { transformation: [-0.8745720507155497f,-0.45350589070903013f,0.17162789749748444f,-0.2641892810203377f,-0.48134255995980413f,0.7691938227576806f,-0.4202977551721733f,2.0122724941501384f,0.05859238925440899f,-0.45019248119402777f,-0.8910071053576536f,-0.2453399591960609f,0f,0f,0f,1f], start_interpolation: 0, interpolation_duration: 1 }
$data merge entity $(bone_ear_right_2) { transformation: [-0.9347485689077883f,-0.3111092697516972f,0.17162789749748444f,-0.2475766017961622f,-0.35508801012916663f,0.8350223362639712f,-0.4202977551721733f,2.1076683328205115f,-0.01255460024653034f,-0.4538157337673795f,-0.8910071053576536f,-0.3222119136698534f,0f,0f,0f,1f], start_interpolation: 0, interpolation_duration: 1 }
$data merge entity $(bone_ear_right_1) { transformation: [-0.9347485689077883f,-0.3350265441299949f,0.11833143138301808f,-0.17219562936691346f,-0.35508801012916663f,0.8926044327475259f,-0.27779458544395036f,1.9068323354523184f,-0.01255460024653034f,-0.3016861636995969f,-0.9533246250070695f,-0.25433252683744423f,0f,0f,0f,1f], start_interpolation: 0, interpolation_duration: 1 }
$data merge entity $(bone_ear_edge_a3) { transformation: [-0.7739097939793466f,-0.6326539100179839f,0.028507208242854118f,-0.5211741532837878f,-0.6300127697104341f,0.7645397650702225f,-0.13624557838020346f,1.8797222835895968f,0.06440140359209784f,-0.12340169271661278f,-0.9902648541930801f,-0.23833232627717985f,0f,0f,0f,1f], start_interpolation: 0, interpolation_duration: 1 }
$data merge entity $(bone_ear_edge_a4) { transformation: [-0.8633505561550595f,-0.5037987259461336f,0.028507208242854118f,-0.426806081734414f,-0.5026558979183012f,0.8536827224793704f,-0.13624557838020346f,1.9462235967524522f,0.044304237660694586f,-0.1319570122246722f,-0.9902648541930801f,-0.24476529174172984f,0f,0f,0f,1f], start_interpolation: 0, interpolation_duration: 1 }
$data merge entity $(bone_ear_edge_b3) { transformation: [-0.715717718660577f,-0.6983771036297632f,-0.0041914580996981685f,-0.4042398802462971f,-0.6952531705825307f,0.7130587118266498f,-0.09038972443290613f,1.9515485170239009f,0.06611486966059162f,-0.06177940282829876f,-0.9958976500604575f,-0.2518621381470983f,0f,0f,0f,1f], start_interpolation: 0, interpolation_duration: 1 }
$data merge entity $(bone_ear_edge_b4) { transformation: [-0.8964983936639939f,-0.4430271569970363f,-0.0041914580996981685f,-0.43441697608051755f,-0.4408777984158387f,0.8930041794868298f,-0.09038972443290613f,1.9455355386007154f,0.043788092238430394f,-0.0791863219386842f,-0.9958976500604575f,-0.25118938076544184f,0f,0f,0f,1f], start_interpolation: 0, interpolation_duration: 1 }
$data merge entity $(bone_ear_left_2) { transformation: [-0.8161562944810709f,-0.5778160041552375f,-0.0041914580996981685f,-0.537279155114539f,-0.5751464922192898f,0.8130413336385729f,-0.09038972443290613f,2.003778597362034f,0.055636458071783704f,-0.0713614401290002f,-0.9958976500604575f,-0.2874214489060885f,0f,0f,0f,1f], start_interpolation: 0, interpolation_duration: 1 }
$data merge entity $(bone_ear_left_1) { transformation: [-0.8161562944810709f,-0.5771275786662127f,0.028507208242854118f,-0.40742544991464136f,-0.5751464922192898f,0.8066248538569152f,-0.13624557838020346f,1.8222880052442283f,0.055636458071783704f,-0.1275935072140595f,-0.9902648541930801f,-0.25871290978292516f,0f,0f,0f,1f], start_interpolation: 0, interpolation_duration: 1 }
$data merge entity $(bone_head) { transformation: [-0.9409192821909118f,-0.32167216027307516f,0.10582025187359839f,-0.1282604403718763f,-0.33817732083236124f,0.9087695837335765f,-0.2444871026360041f,1.4064559806421904f,-0.017521531781923727f,-0.265828638385624f,-0.9638610537510373f,-0.09016488320783243f,0f,0f,0f,1f], start_interpolation: 0, interpolation_duration: 1 }
$data merge entity $(bone_body_1) { transformation: [-0.37968077008407963f,-0.3401898397389398f,-0.8602984283181937f,-0.0006892504697738814f,0f,0.9299341607787962f,-0.36772606192196367f,1.057730670350142f,0.9251175670304612f,-0.1396185143705171f,-0.3530781182919857f,-0.037807940318888525f,0f,0f,0f,1f], start_interpolation: 0, interpolation_duration: 1 }
$data merge entity $(bone_leg_left_2) { transformation: [-0.3898544018224696f,0.15714959717623475f,-0.9073684750348071f,0.1533780142032393f,0.010096186930346217f,0.9860015157295609f,0.16643039983271024f,0.4627362301945674f,0.9208211620011302f,0.05572266223320113f,-0.3859836428199162f,-0.10485460784710895f,0f,0f,0f,1f], start_interpolation: 0, interpolation_duration: 1 }
$data merge entity $(bone_leg_left_1) { transformation: [-0.3898544018224696f,-0.1914401746491627f,-0.90075757277413f,0.07707539499643998f,0.010096186930346217f,0.9772050489227223f,-0.21205744356048267f,0.8139538139406897f,0.9208211620011302f,-0.0917657446449266f,-0.379034874016429f,-0.14101023906080484f,0f,0f,0f,1f], start_interpolation: 0, interpolation_duration: 1 }
$data merge entity $(bone_leg_right_2) { transformation: [-0.37263438149106143f,-0.6448531869133067f,-0.6673140078392821f,0.26004308247940655f,-0.01446745479470795f,0.7230548481020552f,-0.6906391093674589f,0.8931944015024533f,0.9278654592571797f,-0.2477015421103903f,-0.2787644804375144f,0.2024622673324818f,0f,0f,0f,1f], start_interpolation: 0, interpolation_duration: 1 }
$data merge entity $(bone_leg_right_1) { transformation: [-0.37263438149106143f,-0.9218405591750695f,0.10655327864767368f,-0.06348340487334907f,-0.01446745479470795f,-0.10903802446594474f,-0.9939322924486994f,0.8294240373386569f,0.9278654592571797f,-0.371914899782677f,0.027294630188080895f,0.07153845056630485f,0f,0f,0f,1f], start_interpolation: 0, interpolation_duration: 1 }
$data merge entity $(bone_coat_downer) { transformation: [-0.37968077008407963f,-0.38488915283554326f,-0.8412507669285644f,0.033018725367384524f,0f,0.9093447113202042f,-0.4160435025258471f,0.8648905611286961f,0.9251175670304612f,-0.15796371742749132f,-0.34526070026594025f,-0.015528858223424223f,0f,0f,0f,1f], start_interpolation: 0, interpolation_duration: 1 }
$data merge entity $(bone_body_2) { transformation: [-0.37968077008407963f,-0.17165898146377548f,-0.9090520925179035f,-0.002370072287145926f,0f,0.9826341266395726f,-0.1855536934778834f,1.0844478737997256f,0.9251175670304612f,-0.070451169231628f,-0.37308728191341f,-0.03849777234104158f,0f,0f,0f,1f], start_interpolation: 0, interpolation_duration: 1 }