# This file was generated by Animated Java via MC-Build. It is not recommended to edit this file directly.
$data merge entity $(bone_wing_right_1) { transformation: [0.20483632931547732f,0.0984216034862452f,-0.7844104222944785f,-0.3650547499813961f,-0.16889832452071082f,0.7970524994506191f,0.055902714943569f,1.2095107069270095f,0.7723081500354003f,0.14820575404201286f,0.22027169655264478f,-0.13360949130870403f,0f,0f,0f,1f], start_interpolation: 0, interpolation_duration: 1 }
$data merge entity $(bone_wing_right_2) { transformation: [0.2225440726265257f,-0.005694816570084381f,-0.7684020463292852f,-0.3650547499813961f,0.20879456031241717f,0.7703284832538552f,0.05476184321002678f,1.2095107069270095f,0.7395126552823448f,-0.2157813637737241f,0.21577635580667245f,-0.13360949130870403f,0f,0f,0f,1f], start_interpolation: 0, interpolation_duration: 1 }
$data merge entity $(bone_wing_left_1) { transformation: [-0.47757794180646435f,0.1465133085303391f,-0.6460631581879898f,-0.3785275545375927f,0.16889832452071082f,0.7970524994506191f,0.055902714943569f,1.2095107069270095f,0.6405756082762145f,-0.10092377315310276f,-0.4964088300368388f,-0.06381630294077233f,0f,0f,0f,1f], start_interpolation: 0, interpolation_duration: 1 }
$data merge entity $(bone_wing_left_2) { transformation: [-0.48180662864352963f,-0.0856011793521779f,-0.63287819577599f,-0.3785275545375927f,-0.20879456031241717f,0.7703284832538552f,0.05476184321002678f,1.2095107069270095f,0.6035455278428467f,0.19815767959211528f,-0.4862780375871074f,-0.06381630294077233f,0f,0f,0f,1f], start_interpolation: 0, interpolation_duration: 1 }
$data merge entity $(bone_blade) { transformation: [0.04122515904511706f,1.9951624110369268f,0.13276836915102094f,0.4732538054708597f,0.2227155815231462f,0.1273887016190859f,-1.9834741965668745f,1.1740200671435668f,-1.9871331752070645f,0.0556693118793519f,-0.21955106856120632f,0.45559399903008096f,0f,0f,0f,1f], start_interpolation: 0, interpolation_duration: 1 }
$data merge entity $(bone_arm_right_2) { transformation: [0.9889288773154955f,-0.09463296191615246f,-0.11429907318298788f,0.10996358295547962f,-0.02403624194856585f,0.6579319990205961f,-0.7526936586273013f,1.2258009125932432f,0.14643064803689138f,0.747107814966313f,0.6483733323724516f,0.45874770792458663f,0f,0f,0f,1f], start_interpolation: 0, interpolation_duration: 1 }
$data merge entity $(bone_arm_right_1) { transformation: [0.7120723222612693f,-0.09463296191615246f,-0.6956993678223514f,-0.1331159559574193f,-0.4797234636219935f,0.6579319990205961f,-0.5805091585111128f,1.4073950628671947f,0.5126581768780843f,0.747107814966313f,0.4230975141693701f,0.2513078499226788f,0f,0f,0f,1f], start_interpolation: 0, interpolation_duration: 1 }
$data merge entity $(bone_arm_left_2) { transformation: [-0.27018267319801564f,0.9478222101603928f,0.16921696436895062f,0.22516416784933926f,0.2199779092289493f,0.23187381468933227f,-0.9475464387103555f,1.3035205433837658f,-0.9373425428064356f,-0.21878663576207208f,-0.27114823520923015f,-0.08137568646333693f,0f,0f,0f,1f], start_interpolation: 0, interpolation_duration: 1 }
$data merge entity $(bone_arm_left_1) { transformation: [-0.6323381778271062f,0.7559854812309906f,0.16921696436895062f,-0.009600194206978718f,0.10664824275390382f,0.30130034650631765f,-0.9475464387103555f,1.344455197999312f,-0.7673164804562714f,-0.5811230965665714f,-0.27114823520923015f,-0.37093537631120926f,0f,0f,0f,1f], start_interpolation: 0, interpolation_duration: 1 }
$data merge entity $(bone_ear_edge_a1) { transformation: [0.26077092951450725f,-0.2438704967961043f,-0.9340908430728573f,-0.29019948004083956f,0.34356865966462724f,0.9276654270022819f,-0.14627860964927697f,1.9712207034092848f,0.9021968180039164f,-0.28277912995321164f,0.32569443539384174f,-0.24410562932815683f,0f,0f,0f,1f], start_interpolation: 0, interpolation_duration: 1 }
$data merge entity $(bone_ear_edge_a2) { transformation: [0.2957101573530292f,-0.20007448544401044f,-0.9340908430728573f,-0.25815432919677794f,0.19421991453523202f,0.9699903057025889f,-0.14627860964927697f,2.0033668901686243f,0.9353256799832742f,-0.13816297303298325f,0.32569443539384174f,-0.13776245084822317f,0f,0f,0f,1f], start_interpolation: 0, interpolation_duration: 1 }
$data merge entity $(bone_ear_edge_b1) { transformation: [0.30633375643772864f,0.16246438413992703f,-0.9379578634207321f,-0.3033934178840072f,0.4180556522276716f,0.8622627930175751f,0.2858886976045516f,1.9939496032508393f,0.855212898234847f,-0.4796959450147198f,0.19622104634617726f,-0.09749921797086966f,0f,0f,0f,1f], start_interpolation: 0, interpolation_duration: 1 }
$data merge entity $(bone_ear_edge_b2) { transformation: [0.24113645954137716f,0.2491751478921307f,-0.9379578634207321f,-0.30858336761442234f,0.13114069556550914f,0.9492469491910774f,0.2858886976045516f,1.997593325769416f,0.9615899988282142f,-0.19194263498339073f,0.19622104634617726f,-0.12761654409726034f,0f,0f,0f,1f], start_interpolation: 0, interpolation_duration: 1 }
$data merge entity $(bone_ear_right_2) { transformation: [0.27714725054323525f,0.208385335289076f,-0.9379578634207321f,-0.32852672474726546f,0.27802107467536724f,0.917045219505738f,0.2858886976045516f,2.0933625226484103f,0.9197247868534801f,-0.3400053196909313f,0.19622104634617726f,-0.20322188760335336f,0f,0f,0f,1f], start_interpolation: 0, interpolation_duration: 1 }
$data merge entity $(bone_ear_right_1) { transformation: [0.27714725054323525f,-0.22508598002488744f,-0.9340908430728573f,-0.27788237924166587f,0.27802107467536724f,0.9493718188336057f,-0.14627860964927697f,1.8797538634108495f,0.9197247868534801f,-0.21915622555795145f,0.32569443539384174f,-0.15391173685281437f,0f,0f,0f,1f], start_interpolation: 0, interpolation_duration: 1 }
$data merge entity $(bone_ear_edge_a3) { transformation: [0.4065255916503097f,-0.16547651151885837f,-0.8985290576653128f,-0.16534695030093283f,-0.05261687322106297f,0.9775887916116079f,-0.20384214276688464f,2.0344694875093725f,0.912123022396543f,0.13014483720419157f,0.3887080052729688f,0.13002288539298598f,0f,0f,0f,1f], start_interpolation: 0, interpolation_duration: 1 }
$data merge entity $(bone_ear_edge_a4) { transformation: [0.37563435747037477f,-0.22703383452451298f,-0.8985290576653128f,-0.21090230511020477f,0.1009595074460712f,0.9737841437857016f,-0.20384214276688464f,2.0326536609739f,0.9212524123952489f,-0.014144938764249437f,0.3887080052729688f,0.02376587128476617f,0f,0f,0f,1f], start_interpolation: 0, interpolation_duration: 1 }
$data merge entity $(bone_ear_edge_b3) { transformation: [0.39453301412906466f,0.02759366213625382f,-0.918467359557293f,-0.2370629216818159f,-0.1408300172363105f,0.9895556692222557f,-0.030764976114312975f,2.018281937665844f,0.908025664288987f,0.1414855728334307f,0.39429839674102185f,0.011423682305391786f,0f,0f,0f,1f], start_interpolation: 0, interpolation_duration: 1 }
$data merge entity $(bone_ear_edge_b4) { transformation: [0.3837501045181578f,-0.09567427402472119f,-0.918467359557293f,-0.22641269721390803f,0.17185221308719922f,0.9846422360947745f,-0.030764976114312975f,2.031216166017357f,0.9073051714496811f,-0.146034585588911f,0.39429839674102185f,0.037241197304595186f,0f,0f,0f,1f], start_interpolation: 0, interpolation_duration: 1 }
$data merge entity $(bone_ear_left_2) { transformation: [0.39399225780991964f,-0.03446462263969066f,-0.918467359557293f,-0.2398003703136216f,0.015704445712195047f,0.9994032652686095f,-0.030764976114312975f,2.1403251767417233f,0.9189795814764955f,-0.002302858385844292f,0.39429839674102185f,0.09382422054456814f,0f,0f,0f,1f], start_interpolation: 0, interpolation_duration: 1 }
$data merge entity $(bone_ear_left_1) { transformation: [0.39399225780991964f,-0.19343121081388864f,-0.8985290576653128f,-0.19627834788049675f,0.015704445712195047f,0.978877801984026f,-0.20384214276688464f,1.9200776712953176f,0.9189795814764955f,0.06620132525860212f,0.3887080052729688f,0.07892892236138269f,0f,0f,0f,1f], start_interpolation: 0, interpolation_duration: 1 }
$data merge entity $(bone_head) { transformation: [0.32641612544467646f,-0.36350655110389174f,-0.8725339536970691f,-0.023516570067303344f,0.16129523153787287f,0.930977193115475f,-0.32751383815340634f,1.4330247633236963f,0.9313626368567882f,-0.033829768006674726f,0.3625178415799496f,-0.03148233369166845f,0f,0f,0f,1f], start_interpolation: 0, interpolation_duration: 1 }
$data merge entity $(bone_body_1) { transformation: [-0.18953975283310204f,0.07513090147534503f,-0.9789943971951366f,-0.05169065812055773f,0f,0.9970682048335686f,0.07651793848480885f,1.059124186511108f,0.981873047850875f,0.014503191147709173f,-0.1889840611018993f,-0.03692103037205939f,0f,0f,0f,1f], start_interpolation: 0, interpolation_duration: 1 }
$data merge entity $(bone_leg_left_2) { transformation: [-0.18373947136540378f,-0.08009496334238503f,-0.9797063863778497f,0.22128487074522712f,-0.04617662797615388f,0.9962777745499134f,-0.07278952511607839f,0.756667976595683f,0.9818897726787432f,0.031865228463865f,-0.18675406695392693f,-0.1168835702840468f,0f,0f,0f,1f], start_interpolation: 0, interpolation_duration: 1 }
$data merge entity $(bone_leg_left_1) { transformation: [-0.18373947136540378f,-0.8875444863609896f,-0.4224980371464105f,-0.07954351197130155f,-0.04617662797615388f,0.43713459392682963f,-0.8982099230253348f,0.8326156181765947f,0.9818897726787432f,-0.14552708174986995f,-0.12130269076262408f,-0.1696054169327475f,0f,0f,0f,1f], start_interpolation: 0, interpolation_duration: 1 }
$data merge entity $(bone_leg_right_2) { transformation: [-0.18953975283310204f,-0.29527307955320203f,-0.9364232432971404f,0.08744844792251862f,0f,0.9537111191174712f,-0.3007242944487539f,0.5250097632399399f,0.981873047850875f,-0.05699920844072581f,-0.1807661697917066f,0.11724593866752017f,0f,0f,0f,1f], start_interpolation: 0, interpolation_duration: 1 }
$data merge entity $(bone_leg_right_1) { transformation: [-0.18953975283310204f,-0.5238236133423637f,-0.8304718563569249f,-0.11503066927081913f,0f,0.8458036995461508f,-0.5334942378639576f,0.8298185300102574f,0.981873047850875f,-0.10111836598261864f,-0.16031342415730068f,0.07815958029288977f,0f,0f,0f,1f], start_interpolation: 0, interpolation_duration: 1 }
$data merge entity $(bone_coat_downer) { transformation: [-0.18953975283310204f,0.1611167256064571f,-0.9685639281048105f,-0.05626590702975494f,0f,0.986445172545274f,0.16409119891732396f,0.8574017923762216f,0.981873047850875f,0.031101805284876962f,-0.18697057418763788f,-0.029847500379762786f,0f,0f,0f,1f], start_interpolation: 0, interpolation_duration: 1 }
$data merge entity $(bone_body_2) { transformation: [-0.18953975283310204f,-0.02665415251626227f,-0.9815112012858573f,-0.06074066491359868f,0f,0.9996314731667095f,-0.02714623094564304f,1.0807569496619083f,0.981873047850875f,-0.005145289903787487f,-0.18946990234820776f,-0.03866803427897526f,0f,0f,0f,1f], start_interpolation: 0, interpolation_duration: 1 }