# This file was generated by Animated Java via MC-Build. It is not recommended to edit this file directly.
$data merge entity $(bone_wing_right_1) { transformation: [-0.40633731152924457f,0.23395401915670047f,0.6686553302143462f,0.291537179060426f,0.03721436028180979f,0.7768300016592025f,-0.24918805018584533f,1.2464027943487184f,-0.7074245720163005f,-0.093515292262998f,-0.3971773023033476f,-0.32575773630416316f,0f,0f,0f,1f], start_interpolation: 0, interpolation_duration: 1 }
$data merge entity $(bone_wing_right_2) { transformation: [-0.2507494879551482f,0.3848213964760326f,0.6550093030671147f,0.291537179060426f,0.37772663784141847f,0.6616165941183382f,-0.24410257977388933f,1.2464027943487184f,-0.6591261498038513f,0.23275733114444816f,-0.38907164307266706f,-0.32575773630416316f,0f,0f,0f,1f], start_interpolation: 0, interpolation_duration: 1 }
$data merge entity $(bone_wing_left_1) { transformation: [0.5410009215789484f,0.21020919138533406f,0.5745211424763209f,0.30020308918387156f,-0.03721436028180979f,0.7768300016592025f,-0.24918805018584533f,1.2464027943487184f,-0.6106369941986717f,0.13889452409555852f,0.524190058029265f,-0.41057800115352416f,0f,0f,0f,1f], start_interpolation: 0, interpolation_duration: 1 }
$data merge entity $(bone_wing_left_2) { transformation: [0.37886053653513674f,0.423939980725872f,0.562796221201294f,0.30020308918387156f,-0.37772663784141847f,0.6616165941183382f,-0.24410257977388933f,1.2464027943487184f,-0.5948002025229366f,-0.1501278626018416f,0.5134923017429535f,-0.41057800115352416f,0f,0f,0f,1f], start_interpolation: 0, interpolation_duration: 1 }
$data merge entity $(bone_blade) { transformation: [-1.5282935225736094f,0.1267589965563407f,-1.2838423056012664f,0.2650390285131857f,1.2694549961154145f,0.5022777988011321f,-1.4615748443610754f,1.660937063404647f,0.22978886330098697f,-1.9317476982317117f,-0.46427137396066215f,-1.369611672371706f,0f,0f,0f,1f], start_interpolation: 0, interpolation_duration: 1 }
$data merge entity $(bone_arm_right_2) { transformation: [-0.06028826728998654f,0.5768967643647176f,0.8145891283909275f,0.27423527594139996f,0.2939907643308026f,0.7901375686505699f,-0.5378215810983752f,1.5666002507660008f,-0.9539050032971635f,0.2070573492356291f,-0.21723834563021585f,-1.0216233348290822f,0f,0f,0f,1f], start_interpolation: 0, interpolation_duration: 1 }
$data merge entity $(bone_arm_right_1) { transformation: [0.2970811103839056f,0.5805707615440252f,0.7580767802097994f,0.15991612339355474f,0.0178052878279122f,0.7904141956964406f,-0.6123139480421085f,1.5502522493887256f,-0.9546862236245116f,0.1954046828551951f,0.2244798974069387f,-0.682049051510194f,0f,0f,0f,1f], start_interpolation: 0, interpolation_duration: 1 }
$data merge entity $(bone_arm_left_2) { transformation: [0.6479396172747264f,-0.3955104259720455f,0.6509575679821937f,-0.2235419870358743f,0.7581039332963488f,0.4177108846112205f,-0.5007954105200213f,1.3377668343805567f,-0.07384225542659173f,0.8179786793216085f,0.5704894402956037f,0.13264694359209026f,0f,0f,0f,1f], start_interpolation: 0, interpolation_duration: 1 }
$data merge entity $(bone_arm_left_1) { transformation: [0.7589100350843294f,0.01760123106517472f,0.6509575679821937f,0.061104279967827906f,0.4119028161707934f,0.7612752635102843f,-0.5007954105200213f,1.4946093756430738f,-0.5043725098366002f,0.6481899180273768f,0.5704894402956037f,-0.05446715410279929f,0f,0f,0f,1f], start_interpolation: 0, interpolation_duration: 1 }
$data merge entity $(bone_ear_edge_a1) { transformation: [-0.7149861526019212f,0.16137215277891387f,0.6802601192889388f,0.3215714256871224f,0.1017019787228403f,0.9866542538141323f,-0.12716167250526633f,2.199036554606158f,-0.6917018932396826f,-0.021735034805045406f,-0.7218559961312659f,-0.3316879978963612f,0f,0f,0f,1f], start_interpolation: 0, interpolation_duration: 1 }
$data merge entity $(bone_ear_edge_a2) { transformation: [-0.7314276530042533f,0.04753691750301604f,0.6802601192889388f,0.23780097043561674f,-0.053896871775077806f,0.9904165973258546f,-0.12716167250526633f,2.202809249924123f,-0.6797857865780592f,-0.12967345609563752f,-0.7218559961312659f,-0.4112959009085201f,0f,0f,0f,1f], start_interpolation: 0, interpolation_duration: 1 }
$data merge entity $(bone_ear_edge_b1) { transformation: [-0.695961487313252f,0.2372123564684006f,0.6777668523286122f,0.21959133386482615f,0.18685375697950413f,0.9711706487601856f,-0.1480312280884159f,2.1983328153917068f,-0.6933421101298917f,0.02361924904455283f,-0.7202213891541965f,-0.42411819008433377f,0f,0f,0f,1f], start_interpolation: 0, interpolation_duration: 1 }
$data merge entity $(bone_ear_edge_b2) { transformation: [-0.7352013570241989f,0.010538430354742001f,0.6777668523286122f,0.24153567503532142f,-0.12239975173545187f,0.9813791603074394f,-0.1480312280884159f,2.2097706864220776f,-0.6667062812100065f,-0.19179125423210286f,-0.7202213891541965f,-0.4058182823827766f,0f,0f,0f,1f], start_interpolation: 0, interpolation_duration: 1 }
$data merge entity $(bone_ear_right_2) { transformation: [-0.7245012346076166f,0.1254195157724849f,0.6777668523286122f,0.3115266772595125f,0.03262871626347998f,0.988444294022497f,-0.1480312280884159f,2.3116753517590127f,-0.6885007828078605f,-0.08513414519311677f,-0.7202213891541965f,-0.4042874912570867f,0f,0f,0f,1f], start_interpolation: 0, interpolation_duration: 1 }
$data merge entity $(bone_ear_right_1) { transformation: [-0.7245012346076166f,0.11110414554389138f,0.6802601192889388f,0.286528244512137f,0.03262871626347998f,0.9913451850494158f,-0.12716167250526633f,2.0886226851228944f,-0.6885007828078605f,-0.06993277430719504f,-0.7218559961312659f,-0.38855261703796784f,0f,0f,0f,1f], start_interpolation: 0, interpolation_duration: 1 }
$data merge entity $(bone_ear_edge_a3) { transformation: [-0.7635973567448483f,0.06904117437096138f,0.6419909602274471f,0.05285030746139066f,-0.14553039840395837f,0.9502815585021623f,-0.2752923222886654f,2.20697188141952f,-0.6290786754553568f,-0.3036416898454159f,-0.7155848966231431f,-0.6063841011650237f,0f,0f,0f,1f], start_interpolation: 0, interpolation_duration: 1 }
$data merge entity $(bone_ear_edge_a4) { transformation: [-0.743395786987682f,0.18764410695570907f,0.6419909602274471f,0.14036932156922868f,0.0049181095361277155f,0.961347985636577f,-0.2752923222886654f,2.2160932605259447f,-0.668833698379168f,-0.20149377071584654f,-0.7155848966231431f,-0.531375013463673f,0f,0f,0f,1f], start_interpolation: 0, interpolation_duration: 1 }
$data merge entity $(bone_ear_edge_b3) { transformation: [-0.7190988517553865f,-0.2983719186731959f,0.6275914591128219f,0.19370569405824822f,-0.2310341062943393f,0.9544066260957522f,0.18902707158843482f,2.194800381216112f,-0.6553778170893954f,-0.009065881744164339f,-0.7552467985071769f,-0.5572975982658882f,0f,0f,0f,1f], start_interpolation: 0, interpolation_duration: 1 }
$data merge entity $(bone_ear_edge_b4) { transformation: [-0.7761056423366002f,-0.06155479170570516f,0.6275914591128219f,0.17013970245809262f,0.07520137472998506f,0.9790881060688161f,0.18902707158843482f,2.204816642299485f,-0.626102855106103f,0.19390071730823022f,-0.7552467985071769f,-0.5743734343745855f,0f,0f,0f,1f], start_interpolation: 0, interpolation_duration: 1 }
$data merge entity $(bone_ear_left_2) { transformation: [-0.7569212030948153f,-0.18220662104911808f,0.6275914591128219f,0.1331597156032159f,-0.078887603082596f,0.9787979936057203f,0.18902707158843482f,2.313958650562936f,-0.6487272449846548f,0.0935694125196884f,-0.7552467985071769f,-0.6191634682625381f,0f,0f,0f,1f], start_interpolation: 0, interpolation_duration: 1 }
$data merge entity $(bone_ear_left_1) { transformation: [-0.7569212030948153f,0.12213885250704651f,0.6419909602274471f,0.10567847378913048f,-0.078887603082596f,0.9581184078018731f,-0.2752923222886654f,2.0983820088075147f,-0.6487272449846548f,-0.2590197238425397f,-0.7155848966231431f,-0.5608840303979667f,0f,0f,0f,1f], start_interpolation: 0, interpolation_duration: 1 }
$data merge entity $(bone_head) { transformation: [-0.723399082892026f,0.1699240133940714f,0.6691932430494403f,0.0881050134408771f,0.03903729473848119f,0.9777569552066457f,-0.20607626298176648f,1.5988417906399786f,-0.6893256534399954f,-0.12295188578090475f,-0.7139418584817974f,-0.38939479917769737f,0f,0f,0f,1f], start_interpolation: 0, interpolation_duration: 1 }
$data merge entity $(bone_body_1) { transformation: [0.10163883068010453f,0.3685217945865531f,0.9240461216912755f,-0.050090659529080324f,-5.421010862427522e-20f,0.9288563296659089f,-0.37044016904160953f,1.2505206670152627f,-0.9948213649183361f,0.03765110561832945f,0.09440787121705665f,-0.40351396378457094f,0f,0f,0f,1f], start_interpolation: 0, interpolation_duration: 1 }
$data merge entity $(bone_leg_left_2) { transformation: [0.10749107262389175f,-0.2762123816816079f,0.955066693750724f,-0.2458866233263304f,0.005519703527299139f,0.960783543648247f,0.2772445042335153f,0.5046340999016762f,-0.9941907272647116f,-0.024529624140837855f,0.10480026412358544f,-0.30024912528739f,0f,0f,0f,1f], start_interpolation: 0, interpolation_duration: 1 }
$data merge entity $(bone_leg_left_1) { transformation: [0.10749107262389175f,0.17510796046658214f,0.9786638194433261f,-0.1728536384127751f,0.005519703527299139f,0.9842469138730913f,-0.17671317269594336f,0.8553495443140882f,-0.9941907272647116f,0.024397022616079345f,0.10483121247192821f,-0.29040570300180035f,0f,0f,0f,1f], start_interpolation: 0, interpolation_duration: 1 }
$data merge entity $(bone_leg_right_2) { transformation: [0.09765146340385103f,-0.7422436490945684f,0.6629770411363165f,-0.3535617295099113f,-0.007308236946029002f,0.6656080694607582f,0.7462656950051118f,0.9547853493673144f,-0.9951938411022383f,-0.07771913051174255f,0.059573109576986846f,-0.5586285013875453f,0f,0f,0f,1f], start_interpolation: 0, interpolation_duration: 1 }
$data merge entity $(bone_leg_right_1) { transformation: [0.09765146340385103f,0.994482203470082f,-0.03833195372501455f,-0.010409943860370426f,-0.007308236946029002f,-0.03779844074791738f,-0.9992586589816305f,0.9756428898452509f,-0.9951938411022383f,0.09785920936895257f,0.0035768385281505066f,-0.5251105666770035f,0f,0f,0f,1f], start_interpolation: 0, interpolation_duration: 1 }
$data merge entity $(bone_coat_downer) { transformation: [0.10163883068010453f,0.007530888580177142f,0.9947928597528101f,-0.10136166197695468f,-5.421010862427522e-20f,0.9999713464481854f,-0.007570091320661748f,1.0381154677044269f,-0.9948213649183361f,0.0007694152299736676f,0.10163591836660324f,-0.4166053842102549f,0f,0f,0f,1f], start_interpolation: 0, interpolation_duration: 1 }
$data merge entity $(bone_body_2) { transformation: [0.10163883068010453f,0.20375767222063362f,0.9737311534038592f,-0.05662861045484517f,-5.421010862427522e-20f,0.9788000014291931f,-0.20481835172223095f,1.2568160930237622f,-0.9948213649183361f,0.020817497770873925f,0.09948408761494781f,-0.40418193263865076f,0f,0f,0f,1f], start_interpolation: 0, interpolation_duration: 1 }