# This file was generated by Animated Java via MC-Build. It is not recommended to edit this file directly.
$data merge entity $(bone_wing_right_1) { transformation: [-0.748089989119514f,0.0345469472936224f,0.32574886194168307f,0.2779581242227932f,-0.06163628852466663f,0.7827619939105401f,-0.22456418519110338f,1.2964147289530892f,-0.3217246968457878f,-0.2302924526907727f,-0.7144249786489819f,-0.45026299849726115f,0f,0f,0f,1f], start_interpolation: 0, interpolation_duration: 1 }
$data merge entity $(bone_wing_right_2) { transformation: [-0.666074919759568f,0.3074391001542208f,0.31910092598368955f,0.2779581242227932f,0.23295748851781933f,0.7330341475209126f,-0.21998124263618293f,1.2964147289530892f,-0.37692838817307883f,-0.09023379779579335f,-0.6998448770439007f,-0.45026299849726115f,0f,0f,0f,1f], start_interpolation: 0, interpolation_duration: 1 }
$data merge entity $(bone_wing_left_1) { transformation: [-0.3527085166713362f,0.2286474241881127f,0.7001867623170916f,0.23439625827464922f,0.06163628852466663f,0.7827619939105401f,-0.22456418519110338f,1.2964147289530892f,-0.7339905412529878f,-0.0441413722688974f,-0.35532220455497676f,-0.49204078565771137f,0f,0f,0f,1f], start_interpolation: 0, interpolation_duration: 1 }
$data merge entity $(bone_wing_left_2) { transformation: [-0.4044363215330542f,0.07730616217556854f,0.6858972365555184f,0.23439625827464922f,-0.23295748851781933f,0.7330341475209126f,-0.21998124263618293f,1.2964147289530892f,-0.6497400021302999f,-0.3109416277341678f,-0.3480707309926303f,-0.49204078565771137f,0f,0f,0f,1f], start_interpolation: 0, interpolation_duration: 1 }
$data merge entity $(bone_blade) { transformation: [0.03711852068845389f,-0.9844019200886225f,1.7405674577986725f,-0.5953532026394581f,1.9383643295068262f,0.44542192231404826f,0.2105778649754288f,1.155490368521329f,-0.49129007878996744f,1.683018767229852f,0.9623314853181603f,-0.32342603410166093f,0f,0f,0f,1f], start_interpolation: 0, interpolation_duration: 1 }
$data merge entity $(bone_arm_right_2) { transformation: [-0.6940423375842704f,-0.6113130349851097f,0.38026517970734014f,-0.3873470370447801f,-0.6514833098496816f,0.3085056289056042f,-0.6931044466174355f,1.336337081914019f,0.3063898344068636f,-0.728780248216739f,-0.6123762072299043f,-0.501041833787939f,0f,0f,0f,1f], start_interpolation: 0, interpolation_duration: 1 }
$data merge entity $(bone_arm_right_1) { transformation: [-0.7187916318810864f,-0.4848633168536233f,0.4982430670941921f,-0.11372530563373844f,-0.6933109699017725f,0.4467677087586626f,-0.5654365688778877f,1.5942603632761774f,0.051560536765903886f,-0.7518684581628876f,-0.6572939469279889f,-0.5166133304357415f,0f,0f,0f,1f], start_interpolation: 0, interpolation_duration: 1 }
$data merge entity $(bone_arm_left_2) { transformation: [0.6610125750524829f,0.4016202263151891f,0.6338482227134676f,0.17912369433284211f,0.6834431356722758f,0.026498029422225677f,-0.7295226759595523f,1.3553013651926116f,-0.3097867910756248f,0.9154228794667931f,-0.25696905616005994f,0.2220473332980787f,0f,0f,0f,1f], start_interpolation: 0, interpolation_duration: 1 }
$data merge entity $(bone_arm_left_1) { transformation: [0.36519007321584285f,0.6818156942954491f,0.6338482227134676f,0.3182006458334565f,0.5751436001024843f,0.37014389704811756f,-0.7295226759595523f,1.5721369149093185f,-0.7320150611058223f,0.6309681881762716f,-0.25696905616005994f,-0.05048653902855382f,0f,0f,0f,1f], start_interpolation: 0, interpolation_duration: 1 }
$data merge entity $(bone_ear_edge_a1) { transformation: [-0.9409945497685255f,0.07020721226660902f,0.33105921623129764f,0.23791277754014362f,0.11349414467475175f,0.9870609560950195f,0.11326847786269786f,2.254124678396814f,-0.31882336242891035f,0.1441583029122404f,-0.9367870874809209f,-0.2500361676859948f,0f,0f,0f,1f], start_interpolation: 0, interpolation_duration: 1 }
$data merge entity $(bone_ear_edge_a2) { transformation: [-0.9403921730628366f,-0.07786113401739454f,0.33105921623129764f,0.12880905738311405f,-0.042313509207753154f,0.9926629935991332f,0.11326847786269786f,2.2592542412657783f,-0.3374494447775565f,0.0925085128425077f,-0.9367870874809209f,-0.2879730423288792f,0f,0f,0f,1f], start_interpolation: 0, interpolation_duration: 1 }
$data merge entity $(bone_ear_edge_b1) { transformation: [-0.9458134079931246f,0.06028637258961757f,0.31906511959225026f,0.11982630045390757f,0.18792998488285367f,0.9029497937418218f,0.3864763780149207f,2.2541781457858767f,-0.26480052500393875f,0.42549644330074876f,-0.8653516387550505f,-0.3294968326378874f,0f,0f,0f,1f], start_interpolation: 0, interpolation_duration: 1 }
$data merge entity $(bone_ear_edge_b2) { transformation: [-0.9181515185305997f,-0.2349366690824079f,0.31906511959225026f,0.1452598723547599f,-0.10029479460348878f,0.9168298443069534f,0.3864763780149207f,2.2644458106531062f,-0.38332589684940127f,0.3228433027159632f,-0.8653516387550505f,-0.31553351986697137f,0f,0f,0f,1f], start_interpolation: 0, interpolation_duration: 1 }
$data merge entity $(bone_ear_right_2) { transformation: [-0.943599741898634f,-0.08841366720374247f,0.31906511959225026f,0.19126602498982348f,0.04436378697482637f,0.9212317100717498f,0.3864763780149207f,2.375134044823577f,-0.3281026996141351f,0.3788339475414862f,-0.8653516387550505f,-0.285248321053157f,0f,0f,0f,1f], start_interpolation: 0, interpolation_duration: 1 }
$data merge entity $(bone_ear_right_1) { transformation: [-0.943599741898634f,0.004395729421836539f,0.33105921623129764f,0.19027698586991026f,0.04436378697482637f,0.9925734765385985f,0.11326847786269786f,2.1518050126023924f,-0.3281026996141351f,0.12156714702143114f,-0.9367870874809209f,-0.312600929132979f,0f,0f,0f,1f], start_interpolation: 0, interpolation_duration: 1 }
$data merge entity $(bone_ear_edge_a3) { transformation: [-0.929643033435591f,-0.20220779730866315f,0.3080192154594444f,-0.12805122090208743f,-0.22137122070074783f,0.9747816398754976f,-0.028205269137099878f,2.238940628210881f,-0.2945481506140106f,-0.09440742168502461f,-0.9509619475566055f,-0.38972746864909247f,0f,0f,0f,1f], start_interpolation: 0, interpolation_duration: 1 }
$data merge entity $(bone_ear_edge_a4) { transformation: [-0.9498298536387731f,-0.05429007316531735f,0.3080192154594444f,-0.01919215969132089f,-0.06615632926447916f,0.9974105488168618f,-0.028205269137099878f,2.2566121336533933f,-0.30569034861244315f,-0.0471676272940553f,-0.9509619475566055f,-0.3549918484199119f,0f,0f,0f,1f], start_interpolation: 0, interpolation_duration: 1 }
$data merge entity $(bone_ear_edge_b3) { transformation: [-0.8989929674861156f,-0.34237276521399823f,0.2731163379408647f,0.010741561266044877f,-0.3030669152311277f,0.9365008976204483f,0.1763987348264799f,2.249272629655007f,-0.3161678182592224f,0.07580869604349352f,-0.9456695788177751f,-0.3722525104767649f,0f,0f,0f,1f], start_interpolation: 0, interpolation_duration: 1 }
$data merge entity $(bone_ear_edge_b4) { transformation: [-0.9607921226934567f,-0.047811744581989446f,0.2731163379408647f,-0.01820672114422122f,0.0011609280080764062f,0.984318108437398f,0.1763987348264799f,2.257128919461832f,-0.277267288399411f,0.16979958328055267f,-0.9456695788177751f,-0.37914752903849896f,0f,0f,0f,1f], start_interpolation: 0, interpolation_duration: 1 }
$data merge entity $(bone_ear_left_2) { transformation: [-0.9414837726336565f,-0.19752410439556245f,0.2731163379408647f,-0.07687915473877656f,-0.1528346416649689f,0.972381128292172f,0.1763987348264799f,2.361592637876469f,-0.3004161749550751f,0.12433490871019769f,-0.9456695788177751f,-0.409651981210763f,0f,0f,0f,1f], start_interpolation: 0, interpolation_duration: 1 }
$data merge entity $(bone_ear_left_1) { transformation: [-0.9414837726336565f,-0.13686660942408882f,0.3080192154594444f,-0.046084167618356625f,-0.1528346416649689f,0.9878491965376315f,-0.028205269137099878f,2.1393265686555023f,-0.3004161749550751f,-0.07363080961601343f,-0.9509619475566055f,-0.39308504904716f,0f,0f,0f,1f], start_interpolation: 0, interpolation_duration: 1 }
$data merge entity $(bone_head) { transformation: [-0.9454446139530677f,-0.025175887694288385f,0.32480864616869354f,0.07484878137632794f,-0.04991377578755922f,0.9964322451732559f,-0.0680543589023768f,1.6370209636933528f,-0.321936479656724f,-0.08055405301900595f,-0.9433281229818429f,-0.28208003307464635f,0f,0f,0f,1f], start_interpolation: 0, interpolation_duration: 1 }
$data merge entity $(bone_body_1) { transformation: [-0.7217315929864175f,0.20072640597445812f,0.6624291793315457f,-0.00042362086409385765f,0f,0.9570282974043136f,-0.2899945481684107f,1.2781353521667351f,-0.6921730330526379f,-0.2092982272069634f,-0.690717557618694f,-0.20359319787203506f,0f,0f,0f,1f], start_interpolation: 0, interpolation_duration: 1 }
$data merge entity $(bone_leg_left_2) { transformation: [-0.7875397352218991f,0.0003681765768930312f,0.6162637664933979f,-0.170809673393965f,-0.05839714811911377f,0.9954553869955294f,-0.07522197546684939f,0.767824519037187f,-0.6134907811354425f,-0.09522834109438849f,-0.7839391714375774f,0.21055738146632047f,0f,0f,0f,1f], start_interpolation: 0, interpolation_duration: 1 }
$data merge entity $(bone_leg_left_1) { transformation: [-0.7875397352218991f,0.44695736226943883f,0.4242761857089868f,-0.006968680609990169f,-0.05839714811911377f,0.6312422731301277f,-0.7733840997234579f,0.9402429941003125f,-0.6134907811354425f,-0.633847228381299f,-0.47102733735439367f,-0.01617795601482755f,0f,0f,0f,1f], start_interpolation: 0, interpolation_duration: 1 }
$data merge entity $(bone_leg_right_2) { transformation: [-0.658221204101788f,-0.1452094789283755f,0.7386873856376199f,-0.3918500640381564f,0.09805653123821054f,0.9563251321477249f,0.2753673152430521f,0.8842831967610103f,-0.7464112560461038f,0.25368572851460575f,-0.6152347421884523f,-0.029621965570497982f,0f,0f,0f,1f], start_interpolation: 0, interpolation_duration: 1 }
$data merge entity $(bone_leg_right_1) { transformation: [-0.658221204101788f,0.7347023790295437f,0.16418666425480755f,-0.1383131296068697f,0.09805653123821054f,0.29990671950388736f,-0.9489156318018723f,0.9816949385578504f,-0.7464112560461038f,-0.608496814983238f,-0.269447328810164f,-0.2404059368581032f,0f,0f,0f,1f], start_interpolation: 0, interpolation_duration: 1 }
$data merge entity $(bone_coat_downer) { transformation: [-0.7217315929864175f,0.2172283576622819f,0.657202669130791f,-0.06494780259661695f,0f,0.9494774250773397f,-0.3138353378262315f,1.0454037921440356f,-0.6921730330526379f,-0.22650487830475652f,-0.6852678545057102f,-0.1476004928441701f,0f,0f,0f,1f], start_interpolation: 0, interpolation_duration: 1 }
$data merge entity $(bone_body_2) { transformation: [-0.7217315929864175f,0.27414751615839705f,0.6355679720293256f,0.001945561115231264f,0f,0.9182212274672543f,-0.396067894973234f,1.2505688476562502f,-0.6921730330526379f,-0.2858547127698093f,-0.6627092692138851f,-0.2060635534079506f,0f,0f,0f,1f], start_interpolation: 0, interpolation_duration: 1 }