# This file was generated by Animated Java via MC-Build. It is not recommended to edit this file directly.
$data merge entity $(bone_wing_right_1) { transformation: [-0.7347277636893407f,-0.129552328214024f,-0.3321682585119032f,0.033645454235739974f,-0.14693339046026577f,0.8032544408949576f,0.011718634511937892f,1.3819001874942642f,0.32485402333410596f,0.07030605863863448f,-0.7459700839087244f,-0.6184356829832811f,0f,0f,0f,1f], start_interpolation: 0, interpolation_duration: 1 }
$data merge entity $(bone_wing_right_2) { transformation: [-0.7135126260952189f,0.15818194093365767f,-0.3253893144606399f,0.033645454235739974f,0.16814048759064962f,0.7820466725211654f,0.011479478705571812f,1.3819001874942642f,0.32035684608805065f,-0.05815045624097816f,-0.7307462046452812f,-0.6184356829832811f,0f,0f,0f,1f], start_interpolation: 0, interpolation_duration: 1 }
$data merge entity $(bone_wing_left_1) { transformation: [-0.7347277636893407f,0.129552328214024f,0.33216825851190346f,-0.03364545423573982f,0.14693339046026577f,0.8032544408949576f,0.011718634511937892f,1.3819001874942642f,-0.3248540233341061f,0.07030605863863452f,-0.7459700839087244f,-0.6184356829832811f,0f,0f,0f,1f], start_interpolation: 0, interpolation_duration: 1 }
$data merge entity $(bone_wing_left_2) { transformation: [-0.7135126260952189f,-0.15818194093365767f,0.3253893144606401f,-0.03364545423573982f,-0.16814048759064962f,0.7820466725211654f,0.011479478705571812f,1.3819001874942642f,-0.3203568460880509f,-0.0581504562409782f,-0.7307462046452812f,-0.6184356829832811f,0f,0f,0f,1f], start_interpolation: 0, interpolation_duration: 1 }
$data merge entity $(bone_staff) { transformation: [-0.000010529924891422476f,0.000006450391044703763f,0.000009573597137513511f,-0.09566384914190401f,0.0000043349587863466256f,0.000014219293933574156f,-0.000004812529205240994f,1.4410903451886714f,-0.000010699039167218595f,-5.871630106084892e-7f,-0.000011372177693709135f,0.38381106933576925f,0f,0f,0f,1f], start_interpolation: 0, interpolation_duration: 1 }
$data merge entity $(bone_arm_right_2) { transformation: [0.2995660843396886f,-0.9252047896222025f,-0.23292972840219958f,-0.19514951232084043f,-0.048144993628762345f,0.22917136183719128f,-0.9721947060657006f,1.4457492370213956f,0.9528600215676346f,0.30245096160174956f,0.02410798880669998f,0.1548903336619349f,0f,0f,0f,1f], start_interpolation: 0, interpolation_duration: 1 }
$data merge entity $(bone_arm_right_1) { transformation: [0.272473333398768f,-0.9252047896222025f,-0.26411054474727f,-0.29843749999999997f,-0.15353087645776356f,0.22917136183719128f,-0.9612017253874434f,1.5018311307608407f,0.949835013336882f,0.30245096160174956f,-0.07960441737430281f,-0.19529835250708943f,0f,0f,0f,1f], start_interpolation: 0, interpolation_duration: 1 }
$data merge entity $(bone_arm_left_2) { transformation: [0.29956608433968884f,0.9252047896222025f,0.23292972840219955f,0.1997755362689515f,0.048144993628762345f,0.22917136183719128f,-0.9721947060657006f,1.4468950938305816f,-0.9528600215676346f,0.3024509616017498f,0.02410798880670005f,0.1564025884699437f,0f,0f,0f,1f], start_interpolation: 0, interpolation_duration: 1 }
$data merge entity $(bone_arm_left_1) { transformation: [0.2724733333987682f,0.9252047896222025f,0.26411054474727f,0.2984375000000001f,0.15353087645776356f,0.22917136183719128f,-0.9612017253874434f,1.5018311307608407f,-0.949835013336882f,0.3024509616017498f,-0.07960441737430274f,-0.19529835250708938f,0f,0f,0f,1f], start_interpolation: 0, interpolation_duration: 1 }
$data merge entity $(bone_himo_right_2) { transformation: [-1f,7.215574331020494e-17f,9.895022250591655e-17f,-0.15625f,0f,0.8079898838980311f,-0.5891963573533412f,1.2514442474385954f,-1.2246467991473532e-16f,-0.5891963573533412f,-0.8079898838980311f,-0.04272672524264042f,0f,0f,0f,1f], start_interpolation: 0, interpolation_duration: 1 }
$data merge entity $(bone_himo_right_1) { transformation: [-1f,1.831279797077389e-17f,1.2108773371857366e-16f,-0.15625f,0f,0.9887563810470058f,-0.14953534344370942f,1.4359014729883859f,-1.2246467991473532e-16f,-0.14953534344370942f,-0.9887563810470058f,-0.0769443295198797f,0f,0f,0f,1f], start_interpolation: 0, interpolation_duration: 1 }
$data merge entity $(bone_himo_left_2) { transformation: [-1f,7.215574331020494e-17f,9.895022250591655e-17f,0.15625f,0f,0.8079898838980311f,-0.5891963573533412f,1.2514442474385954f,-1.2246467991473532e-16f,-0.5891963573533412f,-0.8079898838980311f,-0.042726725242640394f,0f,0f,0f,1f], start_interpolation: 0, interpolation_duration: 1 }
$data merge entity $(bone_himo_left_1) { transformation: [-1f,1.831279797077389e-17f,1.2108773371857366e-16f,0.15625f,0f,0.9887563810470058f,-0.14953534344370942f,1.4359014729883859f,-1.2246467991473532e-16f,-0.14953534344370942f,-0.9887563810470058f,-0.07694432951987967f,0f,0f,0f,1f], start_interpolation: 0, interpolation_duration: 1 }
$data merge entity $(bone_ponpon1) { transformation: [-1f,-1.2588455115273837e-17f,1.2181596210854026e-16f,0.29375000000000007f,0f,0.9947028171171741f,0.10279253678724681f,2.1309479657679007f,-1.2246467991473532e-16f,0.10279253678724681f,-0.9947028171171741f,-0.19985546146980335f,0f,0f,0f,1f], start_interpolation: 0, interpolation_duration: 1 }
$data merge entity $(bone_ponpon2) { transformation: [-1f,-1.2588455115273837e-17f,1.2181596210854026e-16f,0.33125000000000004f,0f,0.9947028171171741f,0.10279253678724681f,2.0162469139520587f,-1.2246467991473532e-16f,0.10279253678724681f,-0.9947028171171741f,-0.3059579176729443f,0f,0f,0f,1f], start_interpolation: 0, interpolation_duration: 1 }
$data merge entity $(bone_ponpon3) { transformation: [-1f,-1.2588455115273837e-17f,1.2181596210854026e-16f,-0.29374999999999996f,0f,0.9947028171171741f,0.10279253678724681f,2.1309479657679007f,-1.2246467991473532e-16f,0.10279253678724681f,-0.9947028171171741f,-0.19985546146980343f,0f,0f,0f,1f], start_interpolation: 0, interpolation_duration: 1 }
$data merge entity $(bone_ponpon4) { transformation: [-1f,-1.2588455115273837e-17f,1.2181596210854026e-16f,-0.33124999999999993f,0f,0.9947028171171741f,0.10279253678724681f,2.0162469139520587f,-1.2246467991473532e-16f,0.10279253678724681f,-0.9947028171171741f,-0.30595791767294434f,0f,0f,0f,1f], start_interpolation: 0, interpolation_duration: 1 }
$data merge entity $(bone_ear_edge_a1) { transformation: [-0.9876883405951377f,0.15643446504023084f,1.2181596210854026e-16f,0.19523827377799088f,0.15560580306973576f,0.9824563748237705f,0.10279253678724681f,2.2394036997987876f,0.016080295502441087f,0.10152699008496047f,-0.9947028171171741f,-0.2106391445812373f,0f,0f,0f,1f], start_interpolation: 0, interpolation_duration: 1 }
$data merge entity $(bone_ear_edge_a2) { transformation: [-1f,-1.3877787807814457e-17f,1.2181596210854026e-16f,0.08005326181113279f,0f,0.9947028171171741f,0.10279253678724681f,2.249427700814551f,-1.214306433183765e-16f,0.10279253678724681f,-0.9947028171171741f,-0.2096032648436545f,0f,0f,0f,1f], start_interpolation: 0, interpolation_duration: 1 }
$data merge entity $(bone_ear_edge_b1) { transformation: [-0.9702957262759965f,0.2419218955996677f,1.2181596210854026e-16f,0.05771677939820301f,0.24064039107531637f,0.9651558923634882f,0.10279253678724681f,2.245130897985473f,0.024867765353069213f,0.09973915913773376f,-0.9947028171171741f,-0.2100472962219465f,0f,0f,0f,1f], start_interpolation: 0, interpolation_duration: 1 }
$data merge entity $(bone_ear_edge_b2) { transformation: [-0.9975640502598243f,-0.06975647374412529f,1.2181596210854026e-16f,0.08682420206637906f,-0.0693869609454416f,0.9922797710482656f,0.10279253678724681f,2.2550790983754885f,-0.007170444893491739f,0.10254213933396791f,-0.9947028171171741f,-0.20901924971704045f,0f,0f,0f,1f], start_interpolation: 0, interpolation_duration: 1 }
$data merge entity $(bone_ear_right_2) { transformation: [-0.9961946980917455f,0.08715574274765817f,1.2181596210854026e-16f,0.1446100421182231f,0.08669406283903532f,0.9909176725890521f,0.10279253678724681f,2.3624737419207515f,0.00895895989260835f,0.102401380150856f,-0.9947028171171741f,-0.2293375114177505f,0f,0f,0f,1f], start_interpolation: 0, interpolation_duration: 1 }
$data merge entity $(bone_ear_right_1) { transformation: [-0.9961946980917455f,0.08715574274765817f,1.2181596210854026e-16f,0.12500000000000003f,0.08669406283903532f,0.9909176725890521f,0.10279253678724681f,2.139517265588215f,0.00895895989260835f,0.102401380150856f,-0.9947028171171741f,-0.25237782195169306f,0f,0f,0f,1f], start_interpolation: 0, interpolation_duration: 1 }
$data merge entity $(bone_ear_edge_a3) { transformation: [-0.9876883405951377f,-0.1564344650402309f,1.2181596210854026e-16f,-0.19523827377799083f,-0.15560580306973576f,0.9824563748237705f,0.10279253678724681f,2.2394036997987876f,-0.016080295502441326f,0.10152699008496043f,-0.9947028171171741f,-0.2106391445812374f,0f,0f,0f,1f], start_interpolation: 0, interpolation_duration: 1 }
$data merge entity $(bone_ear_edge_a4) { transformation: [-1f,-1.3877787807814457e-17f,1.2181596210854026e-16f,-0.08005326181113276f,0f,0.9947028171171741f,0.10279253678724681f,2.249427700814551f,-1.214306433183765e-16f,0.10279253678724681f,-0.9947028171171741f,-0.20960326484365452f,0f,0f,0f,1f], start_interpolation: 0, interpolation_duration: 1 }
$data merge entity $(bone_ear_edge_b3) { transformation: [-0.9702957262759965f,-0.24192189559966773f,1.2181596210854026e-16f,-0.05771677939820295f,-0.24064039107531637f,0.9651558923634882f,0.10279253678724681f,2.245130897985473f,-0.024867765353069442f,0.09973915913773371f,-0.9947028171171741f,-0.21004729622194657f,0f,0f,0f,1f], start_interpolation: 0, interpolation_duration: 1 }
$data merge entity $(bone_ear_edge_b4) { transformation: [-0.9975640502598243f,0.06975647374412527f,1.2181596210854026e-16f,-0.086824202066379f,0.0693869609454416f,0.9922797710482656f,0.10279253678724681f,2.2550790983754885f,0.007170444893491492f,0.10254213933396791f,-0.9947028171171741f,-0.2090192497170405f,0f,0f,0f,1f], start_interpolation: 0, interpolation_duration: 1 }
$data merge entity $(bone_ear_left_2) { transformation: [-0.9961946980917455f,-0.0871557427476582f,1.2181596210854026e-16f,-0.14461004211822304f,-0.08669406283903532f,0.9909176725890521f,0.10279253678724681f,2.3624737419207515f,-0.008958959892608594f,0.10240138015085597f,-0.9947028171171741f,-0.22933751141775055f,0f,0f,0f,1f], start_interpolation: 0, interpolation_duration: 1 }
$data merge entity $(bone_ear_left_1) { transformation: [-0.9961946980917455f,-0.0871557427476582f,1.2181596210854026e-16f,-0.12499999999999997f,-0.08669406283903532f,0.9909176725890521f,0.10279253678724681f,2.139517265588215f,-0.008958959892608594f,0.10240138015085597f,-0.9947028171171741f,-0.2523778219516931f,0f,0f,0f,1f], start_interpolation: 0, interpolation_duration: 1 }
$data merge entity $(bone_head) { transformation: [-1f,-1.2588455115273837e-17f,1.2181596210854026e-16f,3.355220361357811e-17f,0f,0.9947028171171741f,0.10279253678724681f,1.6265198050410614f,-1.2246467991473532e-16f,0.10279253678724681f,-0.9947028171171741f,-0.2739745340202454f,0f,0f,0f,1f], start_interpolation: 0, interpolation_duration: 1 }
$data merge entity $(bone_body_1) { transformation: [-1f,-1.9235915869112995e-18f,1.2244957175109002e-16f,3.427355045866985e-17f,0f,0.9998766324816606f,0.015707317311820672f,1.2515660678604386f,-1.2246467991473532e-16f,0.015707317311820672f,-0.9998766324816606f,-0.2798647780121782f,0f,0f,0f,1f], start_interpolation: 0, interpolation_duration: 1 }
$data merge entity $(bone_leg_left_2) { transformation: [-0.9522830933080618f,-0.3041569369918178f,-0.02540605989492585f,0.22391994579549127f,-0.3041912536044608f,0.9526074417183485f,-0.0025967697952501423f,0.6553837974989762f,0.024991827267644574f,0.005255441235357761f,-0.9996738412638624f,-0.1433327393440672f,0f,0f,0f,1f], start_interpolation: 0, interpolation_duration: 1 }
$data merge entity $(bone_leg_left_1) { transformation: [-0.9522830933080618f,-0.2863968653473738f,0.10551656608716664f,0.12500000000000003f,-0.3041912536044608f,0.8622581000813917f,-0.4049427738268399f,0.9521123478546278f,0.024991827267644574f,-0.4177173737866631f,-0.9082332322738457f,-0.30088673557282236f,0f,0f,0f,1f], start_interpolation: 0, interpolation_duration: 1 }
$data merge entity $(bone_leg_right_2) { transformation: [-0.951553706391118f,0.19272345337417432f,0.2395896791868516f,-0.22237266646888476f,0.30706906939888456f,0.6360088229730856f,0.7079557639562613f,0.6672781664329662f,-0.015941470190326212f,0.7472285109790197f,-0.664375964276439f,-0.18154490716786523f,0f,0f,0f,1f], start_interpolation: 0, interpolation_duration: 1 }
$data merge entity $(bone_leg_right_1) { transformation: [-0.951553706391118f,0.30385247534746446f,-0.04710856693367491f,-0.12499999999999996f,0.30706906939888456f,0.9311120878282846f,-0.19682191574760127f,0.9626459502059204f,-0.015941470190326212f,-0.20175220723766893f,-0.9793068550780698f,-0.30430718459376144f,0f,0f,0f,1f], start_interpolation: 0, interpolation_duration: 1 }
$data merge entity $(bone_skirt_forward_right) { transformation: [-0.9795752495993441f,0.20107792114596457f,1.1522466220790924e-16f,-0.006249999999999964f,0.18919034906753224f,0.9216635140915581f,-0.3387379202452912f,1.1454063656606275f,-0.06811271681623081f,-0.33181928277304384f,-0.9408807689542255f,-0.29753251354470855f,0f,0f,0f,1f], start_interpolation: 0, interpolation_duration: 1 }
$data merge entity $(bone_skirt_forward_left) { transformation: [-0.9795752495993441f,-0.2010779211459645f,1.1522466220790924e-16f,-0.006249999999999964f,-0.18919034906753224f,0.9216635140915581f,-0.3387379202452912f,1.1454063656606275f,0.06811271681623056f,-0.33181928277304384f,-0.9408807689542255f,-0.29753251354470855f,0f,0f,0f,1f], start_interpolation: 0, interpolation_duration: 1 }
$data merge entity $(bone_skirt_forward) { transformation: [-1f,4.148343097782272e-17f,1.1522466220790924e-16f,-0.006249999999999964f,0f,0.9408807689542255f,-0.3387379202452912f,1.1454063656606275f,-1.2246467991473532e-16f,-0.3387379202452912f,-0.9408807689542255f,-0.29753251354470855f,0f,0f,0f,1f], start_interpolation: 0, interpolation_duration: 1 }
$data merge entity $(bone_skirt_back_right) { transformation: [-0.9795752495993441f,0.2010779211459645f,1.2130242436799578e-16f,-0.006249999999999965f,0.19916958374336433f,0.9702785546821786f,0.13744454603714654f,1.168784114933969f,0.02763706359000012f,0.13463727549040638f,-0.9905094632383088f,-0.28880685661168776f,0f,0f,0f,1f], start_interpolation: 0, interpolation_duration: 1 }
$data merge entity $(bone_skirt_back_left) { transformation: [-0.9795752495993441f,-0.20107792114596457f,1.2130242436799578e-16f,-0.006249999999999965f,-0.19916958374336433f,0.9702785546821786f,0.13744454603714654f,1.168784114933969f,-0.027637063590000364f,0.13463727549040633f,-0.9905094632383088f,-0.28880685661168776f,0f,0f,0f,1f], start_interpolation: 0, interpolation_duration: 1 }
$data merge entity $(bone_skirt_back) { transformation: [-1f,-1.6832102336465256e-17f,1.2130242436799578e-16f,-0.006249999999999965f,0f,0.9905094632383088f,0.13744454603714654f,1.168784114933969f,-1.2246467991473532e-16f,0.13744454603714654f,-0.9905094632383088f,-0.28880685661168776f,0f,0f,0f,1f], start_interpolation: 0, interpolation_duration: 1 }
$data merge entity $(bone_skirt_right) { transformation: [-0.9698777424184543f,0.24340939829134373f,-0.009435548989242946f,-0.19999999999999998f,0.2434602134379312f,0.9673497100298147f,-0.07043907280757152f,1.2048280203379573f,-0.00801805674957486f,-0.07061446968348174f,-0.997471456953672f,-0.2966913355563196f,0f,0f,0f,1f], start_interpolation: 0, interpolation_duration: 1 }
$data merge entity $(bone_skirt_left) { transformation: [-0.9698777424184543f,-0.24340939829134373f,0.009435548989243193f,0.18750000000000003f,-0.2434602134379312f,0.9673497100298147f,-0.07043907280757152f,1.2048280203379573f,0.008018056749574622f,-0.0706144696834818f,-0.997471456953672f,-0.29669133555631955f,0f,0f,0f,1f], start_interpolation: 0, interpolation_duration: 1 }
$data merge entity $(bone_coat_downer) { transformation: [-1f,1.4075741345420672e-17f,1.2165307777526794e-16f,-0.0078124999999999644f,0f,0.9933727656003964f,-0.11493715049286661f,1.0328996149206708f,-1.2246467991473532e-16f,-0.11493715049286661f,-0.9933727656003964f,-0.28501125884770256f,0f,0f,0f,1f], start_interpolation: 0, interpolation_duration: 1 }
$data merge entity $(bone_body_2) { transformation: [-1f,3.419414548976742e-18f,1.2241693277794874e-16f,3.566783802516666e-17f,0f,0.9996101150403544f,-0.02792163872356888f,1.25625f,-1.2246467991473532e-16f,-0.02792163872356888f,-0.9996101150403544f,-0.29125f,0f,0f,0f,1f], start_interpolation: 0, interpolation_duration: 1 }
$data merge entity $(bone_book_left) { transformation: [0.7020402082778932f,-1.7367824416286498e-18f,0.7121373083620406f,-1.1667125385087203f,0.003590113902930472f,0.999987292452509f,-0.0035392111641387677f,2.1336758317361797f,-0.7121282588433744f,0.005041322594357472f,0.7020312870686058f,-0.5994392948064261f,0f,0f,0f,1f], start_interpolation: 0, interpolation_duration: 1 }
$data merge entity $(bone_book_right) { transformation: [0.7020402082778932f,-1.7367824416286498e-18f,0.7121373083620406f,-1.1008962689826678f,0.003590113902930472f,0.999987292452509f,-0.0035392111641387677f,2.1340124049145794f,-0.7121282588433744f,0.005041322594357472f,0.7020312870686058f,-0.6662013190729924f,0f,0f,0f,1f], start_interpolation: 0, interpolation_duration: 1 }
$data merge entity $(bone_book_loot_1) { transformation: [0.7020402082778932f,-1.7367824416286498e-18f,0.7121373083620406f,-1.240625f,0.003590113902930472f,0.999987292452509f,-0.0035392111641387677f,2.1343750000000004f,-0.7121282588433744f,0.005041322594357472f,0.7020312870686058f,-0.7381250000000001f,0f,0f,0f,1f], start_interpolation: 0, interpolation_duration: 1 }
$data merge entity $(bone_book_left2) { transformation: [-0.7020402082778928f,-5.020145258988279e-19f,-0.7121373083620409f,1.1008962689826678f,0.003590113902930472f,0.999987292452509f,-0.0035392111641387677f,2.1340124049145794f,0.7121282588433747f,-0.005041322594357472f,-0.7020312870686055f,-0.8100486809270075f,0f,0f,0f,1f], start_interpolation: 0, interpolation_duration: 1 }
$data merge entity $(bone_book_right2) { transformation: [-0.7020402082778928f,-5.020145258988279e-19f,-0.7121373083620409f,1.1667125385087203f,0.003590113902930472f,0.999987292452509f,-0.0035392111641387677f,2.1336758317361797f,0.7121282588433747f,-0.005041322594357472f,-0.7020312870686055f,-0.876810705193574f,0f,0f,0f,1f], start_interpolation: 0, interpolation_duration: 1 }
$data merge entity $(bone_book_loot_2) { transformation: [-0.7020402082778928f,-5.020145258988279e-19f,-0.7121373083620409f,1.240625f,0.003590113902930472f,0.999987292452509f,-0.0035392111641387677f,2.1343750000000004f,0.7121282588433747f,-0.005041322594357472f,-0.7020312870686055f,-0.7381249999999999f,0f,0f,0f,1f], start_interpolation: 0, interpolation_duration: 1 }
$data merge entity $(bone_air_staff_povit_1) { transformation: [0.05463545327338212f,-1.5615444973633035f,1.9135106236677394e-16f,-0.00034250000000012385f,-1.5615444973633035f,-0.05463545327338212f,0f,1.3779975f,6.690913297121219e-18f,-1.9123404704221318e-16f,-1.5625f,1.011875f,0f,0f,0f,1f], start_interpolation: 0, interpolation_duration: 1 }