# This file was generated by Animated Java via MC-Build. It is not recommended to edit this file directly.
$data merge entity $(bone_wing_right_1) { transformation: [-0.7634375704857643f,-0.1346146417631607f,-0.25687821752381773f,0.030075735642696694f,-0.14078127840223498f,0.8044346520548864f,-0.0031570032008801764f,1.7460261987868002f,0.2535510837418572f,0.04133077837101395f,-0.7752083972307189f,-0.5289753894564041f,0f,0f,0f,1f], start_interpolation: 0, interpolation_duration: 1 }
$data merge entity $(bone_wing_right_2) { transformation: [-0.7413934421666585f,0.16436296904682532f,-0.25163580492129084f,0.030075735642696694f,0.1741507318385461f,0.7808085287589167f,-0.00309257456412752f,1.7460261987868002f,0.24496384735787521f,-0.05764421760634997f,-0.7593878176953981f,-0.5289753894564041f,0f,0f,0f,1f], start_interpolation: 0, interpolation_duration: 1 }
$data merge entity $(bone_wing_left_1) { transformation: [-0.7634375704857643f,0.1346146417631607f,0.25687821752381795f,-0.03007573564269654f,0.14078127840223498f,0.8044346520548864f,-0.0031570032008801764f,1.7460261987868002f,-0.2535510837418574f,0.04133077837101398f,-0.7752083972307189f,-0.5289753894564041f,0f,0f,0f,1f], start_interpolation: 0, interpolation_duration: 1 }
$data merge entity $(bone_wing_left_2) { transformation: [-0.7413934421666585f,-0.16436296904682532f,0.25163580492129106f,-0.03007573564269654f,-0.1741507318385461f,0.7808085287589167f,-0.00309257456412752f,1.7460261987868002f,-0.24496384735787544f,-0.057644217606350016f,-0.7593878176953981f,-0.5289753894564041f,0f,0f,0f,1f], start_interpolation: 0, interpolation_duration: 1 }
$data merge entity $(bone_staff) { transformation: [-1.1656378252505093f,0.8088272329634395f,0.6545939333372786f,-0.015133223558582681f,0.8751142625197056f,1.2938137656441762f,-0.04033878238405389f,1.5834098699268562f,-0.5629118384612776f,0.336527409056591f,-1.4181980873889943f,0.3131226320523562f,0f,0f,0f,1f], start_interpolation: 0, interpolation_duration: 1 }
$data merge entity $(bone_arm_right_2) { transformation: [0.46268059565698244f,-0.812999327462078f,-0.35349506354220706f,-0.1539693014017458f,-0.43671892518537675f,0.13798185460795803f,-0.8889530854796993f,1.6833993235953204f,0.7714941651026465f,0.5656793273093486f,-0.2912106657858075f,0.1313095748994623f,0f,0f,0f,1f], start_interpolation: 0, interpolation_duration: 1 }
$data merge entity $(bone_arm_right_1) { transformation: [0.3816901537923377f,-0.812999327462078f,-0.43970981344995086f,-0.2984375f,-0.6073674925764774f,0.13798185460795803f,-0.7823463023241759f,1.9054807984933169f,0.6967189931811422f,0.5656793273093486f,-0.44112304768114113f,-0.12607589077252782f,0f,0f,0f,1f], start_interpolation: 0, interpolation_duration: 1 }
$data merge entity $(bone_arm_left_2) { transformation: [0.1620542816759453f,0.8823210173050337f,0.44186879524617256f,0.3732752882239257f,0.5139351647299788f,0.3067952218475932f,-0.8010913420487427f,1.7111436057519918f,-0.8423829629357794f,0.3569121940664069f,-0.40373831807526084f,0.16417050895316043f,0f,0f,0f,1f], start_interpolation: 0, interpolation_duration: 1 }
$data merge entity $(bone_arm_left_1) { transformation: [-0.18404403115515378f,0.8656994199956767f,0.46550221139679876f,0.2984375f,0.5507041051137982f,0.48309773072727746f,-0.6806919796625824f,1.9054807984933169f,-0.8141577139639293f,0.1310766828436845f,-0.5656554781912083f,-0.12607589077252773f,0f,0f,0f,1f], start_interpolation: 0, interpolation_duration: 1 }
$data merge entity $(bone_himo_right_2) { transformation: [-1f,5.381301867723595e-17f,1.100079853804351e-16f,-0.15625f,0f,0.8982833700053513f,-0.43941664416795656f,1.6273577105774981f,-1.2246467991473532e-16f,-0.43941664416795656f,-0.8982833700053513f,0.060022369233465656f,0f,0f,0f,1f], start_interpolation: 0, interpolation_duration: 1 }
$data merge entity $(bone_himo_right_1) { transformation: [-1f,2.17567434132174e-17f,1.2051656293916613e-16f,-0.15625f,0f,0.9840924176919782f,-0.17765729211365508f,1.8107646808190336f,-1.2246467991473532e-16f,-0.17765729211365508f,-0.9840924176919782f,0.020561049351580485f,0f,0f,0f,1f], start_interpolation: 0, interpolation_duration: 1 }
$data merge entity $(bone_himo_left_2) { transformation: [-1f,4.896331967985445e-17f,1.122505730611071e-16f,0.15625f,0f,0.9165954880971424f,-0.39981584660936215f,1.6246163488272367f,-1.2246467991473532e-16f,-0.39981584660936215f,-0.9165954880971424f,0.043887236281118236f,0f,0f,0f,1f], start_interpolation: 0, interpolation_duration: 1 }
$data merge entity $(bone_himo_left_1) { transformation: [-1f,1.1170241879631764e-17f,1.2195418616418663e-16f,0.15625f,0f,0.9958315021857396f,-0.09121194688467664f,1.8107646808190336f,-1.2246467991473532e-16f,-0.09121194688467664f,-0.9958315021857396f,0.020561049351580513f,0f,0f,0f,1f], start_interpolation: 0, interpolation_duration: 1 }
$data merge entity $(bone_ponpon1) { transformation: [-1f,-1.017658138018156e-17f,1.2204112019328204e-16f,0.29375f,0f,0.9965413724042869f,0.08309809315850818f,2.503244132050768f,-1.2246467991473532e-16f,0.08309809315850818f,-0.9965413724042869f,-0.1160734378912513f,0f,0f,0f,1f], start_interpolation: 0, interpolation_duration: 1 }
$data merge entity $(bone_ponpon2) { transformation: [-1f,-1.017658138018156e-17f,1.2204112019328204e-16f,0.33125f,0f,0.9965413724042869f,0.08309809315850818f,2.3864669067338427f,-1.2246467991473532e-16f,0.08309809315850818f,-0.9965413724042869f,-0.2198864531989667f,0f,0f,0f,1f], start_interpolation: 0, interpolation_duration: 1 }
$data merge entity $(bone_ponpon3) { transformation: [-1f,-1.017658138018156e-17f,1.2204112019328204e-16f,-0.29375f,0f,0.9965413724042869f,0.08309809315850818f,2.503244132050768f,-1.2246467991473532e-16f,0.08309809315850818f,-0.9965413724042869f,-0.11607343789125137f,0f,0f,0f,1f], start_interpolation: 0, interpolation_duration: 1 }
$data merge entity $(bone_ponpon4) { transformation: [-1f,-1.017658138018156e-17f,1.2204112019328204e-16f,-0.33125f,0f,0.9965413724042869f,0.08309809315850818f,2.3864669067338427f,-1.2246467991473532e-16f,0.08309809315850818f,-0.9965413724042869f,-0.21988645319896677f,0f,0f,0f,1f], start_interpolation: 0, interpolation_duration: 1 }
$data merge entity $(bone_ear_edge_a1) { transformation: [-0.9876883405951377f,0.15643446504023084f,1.2204112019328204e-16f,0.19523827377799088f,0.1558934164825221f,0.9842722944443913f,0.08309809315850818f,2.611465357716655f,0.012999405749114373f,0.08207501773834712f,-0.9965413724042869f,-0.12900016914858853f,0f,0f,0f,1f], start_interpolation: 0, interpolation_duration: 1 }
$data merge entity $(bone_ear_edge_a2) { transformation: [-1f,-1.3877787807814457e-17f,1.2204112019328204e-16f,0.08005326181113279f,0f,0.996541372404287f,0.08309809315850818f,2.621507886557763f,-1.222980050563649e-16f,0.08309809315850818f,-0.9965413724042869f,-0.12816275785760314f,0f,0f,0f,1f], start_interpolation: 0, interpolation_duration: 1 }
$data merge entity $(bone_ear_edge_b1) { transformation: [-0.9702957262759965f,0.2419218955996677f,1.2204112019328204e-16f,0.05771677939820301f,0.24108517785553948f,0.9669398347010959f,0.08309809315850818f,2.6172031417490076f,0.02010324821762396f,0.08062972465338514f,-0.9965413724042869f,-0.1285217154433565f,0f,0f,0f,1f], start_interpolation: 0, interpolation_duration: 1 }
$data merge entity $(bone_ear_edge_b2) { transformation: [-0.9975640502598243f,-0.06975647374412529f,1.2204112019328204e-16f,0.08682420206637906f,-0.06951521207905423f,0.9941138477071044f,0.08309809315850818f,2.62716972985856f,-0.005796629953598476f,0.08289567038006959f,-0.9965413724042869f,-0.1276906365838788f,0f,0f,0f,1f], start_interpolation: 0, interpolation_duration: 1 }
$data merge entity $(bone_ear_right_2) { transformation: [-0.9961946980917455f,0.08715574274765817f,1.2204112019328204e-16f,0.1446100421182231f,0.08685430349066625f,0.9927492316182224f,0.08309809315850818f,2.7341414871526775f,0.007242476030143751f,0.08278187982603981f,-0.9965413724042869f,-0.15012909379824976f,0f,0f,0f,1f], start_interpolation: 0, interpolation_duration: 1 }
$data merge entity $(bone_ear_right_1) { transformation: [-0.9961946980917455f,0.08715574274765817f,1.2204112019328204e-16f,0.12500000000000003f,0.08685430349066625f,0.9927492316182224f,0.08309809315850818f,2.5107729100385776f,0.007242476030143751f,0.08278187982603981f,-0.9965413724042869f,-0.1687550167591087f,0f,0f,0f,1f], start_interpolation: 0, interpolation_duration: 1 }
$data merge entity $(bone_ear_edge_a3) { transformation: [-0.9876883405951377f,-0.1564344650402309f,1.2204112019328204e-16f,-0.19523827377799083f,-0.1558934164825221f,0.9842722944443913f,0.08309809315850818f,2.611465357716655f,-0.012999405749114616f,0.08207501773834708f,-0.9965413724042869f,-0.12900016914858856f,0f,0f,0f,1f], start_interpolation: 0, interpolation_duration: 1 }
$data merge entity $(bone_ear_edge_a4) { transformation: [-1f,-1.3877787807814457e-17f,1.2204112019328204e-16f,-0.08005326181113276f,0f,0.996541372404287f,0.08309809315850818f,2.621507886557763f,-1.240327285323417e-16f,0.08309809315850818f,-0.9965413724042869f,-0.12816275785760317f,0f,0f,0f,1f], start_interpolation: 0, interpolation_duration: 1 }
$data merge entity $(bone_ear_edge_b3) { transformation: [-0.9702957262759965f,-0.24192189559966773f,1.2204112019328204e-16f,-0.05771677939820295f,-0.24108517785553948f,0.9669398347010959f,0.08309809315850818f,2.6172031417490076f,-0.020103248217624197f,0.08062972465338507f,-0.9965413724042869f,-0.12852171544335653f,0f,0f,0f,1f], start_interpolation: 0, interpolation_duration: 1 }
$data merge entity $(bone_ear_edge_b4) { transformation: [-0.9975640502598243f,0.06975647374412527f,1.2204112019328204e-16f,-0.086824202066379f,0.06951521207905423f,0.9941138477071044f,0.08309809315850818f,2.62716972985856f,0.005796629953598229f,0.0828956703800696f,-0.9965413724042869f,-0.12769063658387886f,0f,0f,0f,1f], start_interpolation: 0, interpolation_duration: 1 }
$data merge entity $(bone_ear_left_2) { transformation: [-0.9961946980917455f,-0.0871557427476582f,1.2204112019328204e-16f,-0.14461004211822304f,-0.08685430349066625f,0.9927492316182224f,0.08309809315850818f,2.7341414871526775f,-0.007242476030143995f,0.08278187982603978f,-0.9965413724042869f,-0.15012909379824982f,0f,0f,0f,1f], start_interpolation: 0, interpolation_duration: 1 }
$data merge entity $(bone_ear_left_1) { transformation: [-0.9961946980917455f,-0.0871557427476582f,1.2204112019328204e-16f,-0.12499999999999997f,-0.08685430349066625f,0.9927492316182224f,0.08309809315850818f,2.5107729100385776f,-0.007242476030143995f,0.08278187982603978f,-0.9965413724042869f,-0.16875501675910873f,0f,0f,0f,1f], start_interpolation: 0, interpolation_duration: 1 }
$data merge entity $(bone_head) { transformation: [-1f,-1.017658138018156e-17f,1.2204112019328204e-16f,2.206824206271303e-17f,0f,0.9965413724042869f,0.08309809315850818f,1.997448641270177f,-1.2246467991473532e-16f,0.08309809315850818f,-0.9965413724042869f,-0.1802008716152102f,0f,0f,0f,1f], start_interpolation: 0, interpolation_duration: 1 }
$data merge entity $(bone_body_1) { transformation: [-1f,4.987280605656716e-19f,1.2246366439454674e-16f,2.1881219040000904e-17f,0f,0.9999917076483662f,-0.004072423664626457f,1.6224517509020397f,-1.2246467991473532e-16f,-0.004072423664626457f,-0.9999917076483662f,-0.1786737127409753f,0f,0f,0f,1f], start_interpolation: 0, interpolation_duration: 1 }
$data merge entity $(bone_leg_left_2) { transformation: [-0.9814618099228766f,-0.18802867431666503f,0.03712052394065621f,0.1702841860384696f,-0.19107988191899916f,0.9449442561880796f,-0.2656479463933009f,1.109674212212981f,0.014872605310861677f,-0.2678162996008163f,-0.9633551968403933f,0.094389483978575f,0f,0f,0f,1f], start_interpolation: 0, interpolation_duration: 1 }
$data merge entity $(bone_leg_left_1) { transformation: [-0.9814618099228766f,-0.14054693388854742f,0.13030454726309285f,0.12500000000000003f,-0.19107988191899916f,0.6647988604948005f,-0.7221710003943914f,1.3218881189986122f,0.014872605310861677f,-0.7336818346254341f,-0.6793303843873938f,-0.167494083736909f,0f,0f,0f,1f], start_interpolation: 0, interpolation_duration: 1 }
$data merge entity $(bone_leg_right_2) { transformation: [-0.9791174878536196f,0.17625886590797293f,0.10130033152982408f,-0.1800511640425822f,0.20185032359951852f,0.9021740477024031f,0.3812327825817601f,1.092057783197912f,-0.02419487222505491f,0.39371918906893166f,-0.9189122963139169f,0.055728118751571964f,0f,0f,0f,1f], start_interpolation: 0, interpolation_duration: 1 }
$data merge entity $(bone_leg_right_1) { transformation: [-0.9791174878536196f,0.1801396526902722f,-0.09422659129908696f,-0.12499999999999997f,0.20185032359951852f,0.8062662301840702f,-0.5560496496964435f,1.3312961308201277f,-0.02419487222505491f,-0.5634576040780672f,-0.8257906130276713f,-0.17618959933505593f,0f,0f,0f,1f], start_interpolation: 0, interpolation_duration: 1 }
$data merge entity $(bone_skirt_forward_right) { transformation: [-0.987229113117374f,0.15930686806752262f,1.1152658302420787e-16f,-0.004166666666666645f,0.14507816180329813f,0.8990534227881657f,-0.41310442982454176f,1.5148465152594481f,-0.06581037290016753f,-0.40782871988054087f,-0.9106836608061771f,-0.1834870712026705f,0f,0f,0f,1f], start_interpolation: 0, interpolation_duration: 1 }
$data merge entity $(bone_skirt_forward_left) { transformation: [-0.987229113117374f,-0.15913435646639704f,0.007411801772086832f,-0.004166666666666645f,-0.14507816180329813f,0.8788600354627087f,-0.45448582489915157f,1.502671826646572f,0.06581037290016728f,-0.4497569284163524f,-0.8907231332800496f,-0.18632028941736392f,0f,0f,0f,1f], start_interpolation: 0, interpolation_duration: 1 }
$data merge entity $(bone_skirt_forward) { transformation: [-1f,5.0590701769821745e-17f,1.1152658302420787e-16f,-0.004166666666666645f,0f,0.9106836608061771f,-0.41310442982454176f,1.5148465152594481f,-1.2246467991473532e-16f,-0.41310442982454176f,-0.9106836608061771f,-0.1834870712026705f,0f,0f,0f,1f], start_interpolation: 0, interpolation_duration: 1 }
$data merge entity $(bone_skirt_back_right) { transformation: [-0.9894416385809445f,0.14493185930724675f,1.2239735078602038e-16f,-0.004166666666666646f,0.14485217808146814f,0.988897659341491f,-0.03315517838852633f,1.5391102720991252f,-0.004805241649512688f,-0.032805114032186986f,-0.9994502159417572f,-0.17759672676587832f,0f,0f,0f,1f], start_interpolation: 0, interpolation_duration: 1 }
$data merge entity $(bone_skirt_back_left) { transformation: [-0.9894416385809445f,-0.14493185930724675f,1.2239735078602038e-16f,-0.004166666666666646f,-0.14485217808146814f,0.988897659341491f,-0.03315517838852633f,1.5391102720991252f,0.004805241649512445f,-0.03280511403218703f,-0.9994502159417572f,-0.17759672676587832f,0f,0f,0f,1f], start_interpolation: 0, interpolation_duration: 1 }
$data merge entity $(bone_skirt_back) { transformation: [-1f,4.060338308866827e-18f,1.2239735078602038e-16f,-0.004166666666666646f,0f,0.9994502159417572f,-0.03315517838852633f,1.5391102720991252f,-1.2246467991473532e-16f,-0.03315517838852633f,-0.9994502159417572f,-0.17759672676587832f,0f,0f,0f,1f], start_interpolation: 0, interpolation_duration: 1 }
$data merge entity $(bone_skirt_right) { transformation: [-0.9821780704706307f,0.18787324100281275f,-0.0054665529987202284f,-0.19791666666666666f,0.18585580496103418f,0.9664767791389166f,-0.17714472938123718f,1.5531841700976015f,-0.02799745790022391f,-0.17500365910564486f,-0.9841696305265473f,-0.18273930039503186f,0f,0f,0f,1f], start_interpolation: 0, interpolation_duration: 1 }
$data merge entity $(bone_skirt_left) { transformation: [-0.9821780704706307f,-0.1876347680871877f,0.010928480747847307f,0.18958333333333335f,-0.18585580496103418f,0.9609157065860691f,-0.20517949361103743f,1.55418732273736f,0.02799745790022367f,-0.20355392072142217f,-0.9786633454411492f,-0.18678343296732078f,0f,0f,0f,1f], start_interpolation: 0, interpolation_duration: 1 }
$data merge entity $(bone_coat_downer) { transformation: [-1f,2.872734937980602e-17f,1.1904762586557168e-16f,-0.00781249999999998f,0f,0.9720976362201517f,-0.23457660935224034f,1.4046893982602284f,-1.2246467991473532e-16f,-0.23457660935224034f,-0.9720976362201517f,-0.15734746547966327f,0f,0f,0f,1f], start_interpolation: 0, interpolation_duration: 1 }
$data merge entity $(bone_body_2) { transformation: [-1f,1.8242348887732727e-17f,1.2109836718006073e-16f,2.3345531824964608e-17f,0f,0.9888432098493553f,-0.14896008302503025f,1.6256340529609437f,-1.2246467991473532e-16f,-0.14896008302503025f,-0.9888432098493553f,-0.19063073403056846f,0f,0f,0f,1f], start_interpolation: 0, interpolation_duration: 1 }
$data merge entity $(bone_book_left) { transformation: [0.20221757233204035f,-0.08535515929293f,-0.9756139350287155f,-0.9416279018209527f,2.2040889667036666e-16f,0.9961946980917455f,-0.08715574274765817f,2.5133957734889365f,0.979340621765551f,0.017624422713227058f,0.2014480734181628f,-0.2008551454300389f,0f,0f,0f,1f], start_interpolation: 0, interpolation_duration: 1 }
$data merge entity $(bone_book_right) { transformation: [0.20221757233204035f,-0.08535515929293f,-0.9756139350287155f,-0.9226700044148239f,2.2040889667036666e-16f,0.9961946980917455f,-0.08715574274765817f,2.5133957734889365f,0.979340621765551f,0.017624422713227058f,0.2014480734181628f,-0.1090419621395185f,0f,0f,0f,1f], start_interpolation: 0, interpolation_duration: 1 }
$data merge entity $(bone_book_loot_1) { transformation: [0.20221757233204035f,-0.08535515929293f,-0.9756139350287155f,-0.7858068628635809f,2.2040889667036666e-16f,0.9961946980917455f,-0.08715574274765817f,2.526469134901085f,0.979340621765551f,0.017624422713227058f,0.2014480734181628f,-0.18516576479750313f,0f,0f,0f,1f], start_interpolation: 0, interpolation_duration: 1 }
$data merge entity $(bone_book_left2) { transformation: [-0.6629884128264887f,-0.3434606420900482f,0.6651925674516403f,1.0750735913739626f,-0.1800630087465348f,0.9356220650778921f,0.3036258622392465f,2.516580804406609f,-0.7266523772334048f,0.08152385340789749f,-0.6821511445321843f,-0.66056712634997f,0f,0f,0f,1f], start_interpolation: 0, interpolation_duration: 1 }
$data merge entity $(bone_book_right2) { transformation: [-0.8505145764585924f,-0.3434606420900482f,0.3983211550577657f,1.1471134919593704f,-0.27305004151607404f,0.9356220650778921f,0.22372980616683777f,2.538148134848611f,-0.44952044454010215f,0.08152385340789749f,-0.8895421469868622f,-0.6045835083778339f,0f,0f,0f,1f], start_interpolation: 0, interpolation_duration: 1 }
$data merge entity $(bone_book_loot_2) { transformation: [-0.7684256062443485f,-0.3434606420900482f,0.5399600679708613f,1.0300995314710373f,-0.2300515247146881f,0.9356220650778921f,0.2677454898141663f,2.487202646155485f,-0.5971585917027842f,0.08152385340789749f,-0.79796959696537f,-0.5128798778190964f,0f,0f,0f,1f], start_interpolation: 0, interpolation_duration: 1 }
$data merge entity $(bone_air_staff_povit_1) { transformation: [-0.000013066313015078888f,0.000006225656833384936f,0.0000058867041869714795f,0.18509206426388694f,0.0000061382370638153304f,0.000014291382696829695f,-0.0000014896480662091157f,2.077274652550503f,-0.0000059778035213934436f,0.000001066865786162558f,-0.00001439681518440561f,0.4368729673689988f,0f,0f,0f,1f], start_interpolation: 0, interpolation_duration: 1 }