# This file was generated by Animated Java via MC-Build. It is not recommended to edit this file directly.
$data merge entity $(bone_wing_right_1) { transformation: [-0.7711400387221001f,-0.13597279473127666f,-0.23194586484153673f,0.02911802651318074f,-0.1358656841909315f,0.8050316389585337f,-0.020224257205435362f,1.6968172900715883f,0.2320086226489274f,0.019491121392768464f,-0.7827748971753274f,-0.4239866449629529f,0f,0f,0f,1f], start_interpolation: 0, interpolation_duration: 1 }
$data merge entity $(bone_wing_right_2) { transformation: [-0.7488735029596881f,0.1660212586008847f,-0.22721227576313804f,0.02911802651318074f,0.17882326135298104f,0.7795060904077932f,-0.019811517262467295f,1.6968172900715883f,0.2172802746775914f,-0.0693339506283593f,-0.7667998992737902f,-0.4239866449629529f,0f,0f,0f,1f], start_interpolation: 0, interpolation_duration: 1 }
$data merge entity $(bone_wing_left_1) { transformation: [-0.7711400387221001f,0.13597279473127666f,0.2319458648415369f,-0.029118026513180628f,0.1358656841909315f,0.8050316389585337f,-0.020224257205435362f,1.6968172900715883f,-0.23200862264892758f,0.01949112139276849f,-0.7827748971753274f,-0.42398664496295285f,0f,0f,0f,1f], start_interpolation: 0, interpolation_duration: 1 }
$data merge entity $(bone_wing_left_2) { transformation: [-0.7488735029596881f,-0.1660212586008847f,0.2272122757631382f,-0.029118026513180628f,-0.17882326135298104f,0.7795060904077932f,-0.019811517262467295f,1.6968172900715883f,-0.21728027467759156f,-0.06933395062835934f,-0.7667998992737902f,-0.42398664496295285f,0f,0f,0f,1f], start_interpolation: 0, interpolation_duration: 1 }
$data merge entity $(bone_staff) { transformation: [-0.7255904786039179f,0.8764502598120051f,1.070868642474326f,-0.25817359544473856f,1.3623082845454704f,0.6647358436525799f,0.3790100869663894f,1.332523520786843f,-0.24298322003404885f,1.1096699735682505f,-1.0728457272799867f,0.1704510479866268f,0f,0f,0f,1f], start_interpolation: 0, interpolation_duration: 1 }
$data merge entity $(bone_arm_right_2) { transformation: [0.0883049739403389f,-0.9142931117674437f,-0.39531043162557783f,-0.3070146980127953f,-0.8578909515139039f,0.1318660651880512f,-0.4966230523872094f,1.5420425920963576f,0.5061870670888031f,0.38298752802986324f,-0.7727193581667348f,0.04375937752569868f,0f,0f,0f,1f], start_interpolation: 0, interpolation_duration: 1 }
$data merge entity $(bone_arm_right_1) { transformation: [-0.035513427890847576f,-0.9142931117674437f,-0.40349337319718914f,-0.2984375f,-0.9679795966196745f,0.1318660651880512f,-0.21360440393361024f,1.8986787617206722f,0.24850411861265773f,0.38298752802986324f,-0.8897000935181029f,-0.05204027688986687f,0f,0f,0f,1f], start_interpolation: 0, interpolation_duration: 1 }
$data merge entity $(bone_arm_left_2) { transformation: [-0.25303753815079877f,0.7871105562327354f,0.5625202010182184f,0.5786138664220054f,0.1273938546766599f,0.6034879707958061f,-0.7871296430038589f,1.9207695425641713f,-0.9590322257761756f,-0.12751173033001317f,-0.25297815824896996f,0.14642828703611455f,0f,0f,0f,1f], start_interpolation: 0, interpolation_duration: 1 }
$data merge entity $(bone_arm_left_1) { transformation: [-0.7860036039695464f,0.4135693356005859f,0.4595201183819642f,0.2984375f,-0.047209690147796385f,0.7009700219727831f,-0.7116264985591986f,1.8986787617206722f,-0.6164167256840405f,-0.5810347949532506f,-0.5314404833568861f,-0.0520402768898668f,0f,0f,0f,1f], start_interpolation: 0, interpolation_duration: 1 }
$data merge entity $(bone_himo_right_2) { transformation: [-1f,6.800218275195108e-17f,1.0184940337374991e-16f,-0.15625000000000003f,0f,0.8316634922384272f,-0.5552799615309234f,1.5933648588654459f,-1.2246467991473532e-16f,-0.5552799615309234f,-0.8316634922384272f,0.179211674603379f,0f,0f,0f,1f], start_interpolation: 0, interpolation_duration: 1 }
$data merge entity $(bone_himo_right_1) { transformation: [-1f,3.0103649491797076e-17f,1.1870706850855006e-16f,-0.15625000000000003f,0f,0.9693167743646459f,-0.24581495262761813f,1.7735754106048944f,-1.2246467991473532e-16f,-0.24581495262761813f,-0.9693167743646459f,0.1270631411459216f,0f,0f,0f,1f], start_interpolation: 0, interpolation_duration: 1 }
$data merge entity $(bone_himo_left_2) { transformation: [-1f,5.839752340162561e-17f,1.0764444754456758e-16f,0.15624999999999997f,0f,0.8789836189464085f,-0.476851966152888f,1.5868791858140092f,-1.2246467991473532e-16f,-0.476851966152888f,-0.8789836189464085f,0.14549767799476146f,0f,0f,0f,1f], start_interpolation: 0, interpolation_duration: 1 }
$data merge entity $(bone_himo_left_1) { transformation: [-1f,7.96691608910665e-18f,1.2220526205793148e-16f,0.15624999999999997f,0f,0.9978816924440219f,-0.06505480677901194f,1.7735754106048944f,-1.2246467991473532e-16f,-0.06505480677901194f,-0.9978816924440219f,0.1270631411459216f,0f,0f,0f,1f], start_interpolation: 0, interpolation_duration: 1 }
$data merge entity $(bone_ponpon1) { transformation: [-1f,-7.518957900608132e-18f,1.222336414360116e-16f,0.29375f,0f,0.9981134276520828f,0.06139695058071537f,2.462918229714941f,-1.2246467991473532e-16f,0.06139695058071537f,-0.9981134276520828f,-0.02460508632354439f,0f,0f,0f,1f], start_interpolation: 0, interpolation_duration: 1 }
$data merge entity $(bone_ponpon2) { transformation: [-1f,-7.518957900608132e-18f,1.222336414360116e-16f,0.33125f,0f,0.9981134276520828f,0.06139695058071537f,2.3439100153753727f,-1.2246467991473532e-16f,0.06139695058071537f,-0.9981134276520828f,-0.12585283898851657f,0f,0f,0f,1f], start_interpolation: 0, interpolation_duration: 1 }
$data merge entity $(bone_ponpon3) { transformation: [-1f,-7.518957900608132e-18f,1.222336414360116e-16f,-0.29375f,0f,0.9981134276520828f,0.06139695058071537f,2.462918229714941f,-1.2246467991473532e-16f,0.06139695058071537f,-0.9981134276520828f,-0.02460508632354446f,0f,0f,0f,1f], start_interpolation: 0, interpolation_duration: 1 }
$data merge entity $(bone_ponpon4) { transformation: [-1f,-7.518957900608132e-18f,1.222336414360116e-16f,-0.33125f,0f,0.9981134276520828f,0.06139695058071537f,2.3439100153753727f,-1.2246467991473532e-16f,0.06139695058071537f,-0.9981134276520828f,-0.12585283898851662f,0f,0f,0f,1f], start_interpolation: 0, interpolation_duration: 1 }
$data merge entity $(bone_ear_edge_a1) { transformation: [-0.9876883405951377f,0.15643446504023084f,1.222336414360116e-16f,0.19523827377799086f,0.15613934010422476f,0.9858249950834107f,0.06139695058071537f,2.5708325955363684f,0.00960459911919558f,0.060641052236668457f,-0.9981134276520828f,-0.03988329678764423f,0f,0f,0f,1f], start_interpolation: 0, interpolation_duration: 1 }
$data merge entity $(bone_ear_edge_a2) { transformation: [-1f,-1.3877787807814457e-17f,1.222336414360116e-16f,0.08005326181113276f,1.3877787807814457e-17f,0.9981134276520828f,0.06139695058071537f,2.580890966579921f,-1.231653667943533e-16f,0.06139695058071537f,-0.9981134276520828f,-0.0392645762166404f,0f,0f,0f,1f], start_interpolation: 0, interpolation_duration: 1 }
$data merge entity $(bone_ear_edge_b1) { transformation: [-0.9702957262759965f,0.2419218955996677f,1.222336414360116e-16f,0.05771677939820298f,0.24146549244107368f,0.968465193189502f,0.06139695058071537f,2.5765794309877075f,0.014853266668525664f,0.05957319875484672f,-0.9981134276520828f,-0.03952979170252445f,0f,0f,0f,1f], start_interpolation: 0, interpolation_duration: 1 }
$data merge entity $(bone_ear_edge_b2) { transformation: [-0.9975640502598243f,-0.06975647374412529f,1.222336414360116e-16f,0.08682420206637903f,-0.0696248731096714f,0.9956820735073278f,0.06139695058071537f,2.5865617415023445f,-0.004282834771153153f,0.06124739069490069f,-0.9981134276520828f,-0.03891574984278288f,0f,0f,0f,1f], start_interpolation: 0, interpolation_duration: 1 }
$data merge entity $(bone_ear_right_2) { transformation: [-0.9961946980917455f,0.08715574274765817f,1.222336414360116e-16f,0.14461004211822306f,0.08699131713342827f,0.9943153047211839f,0.06139695058071537f,2.693019990738221f,0.005351096830303389f,0.06116331664750958f,-0.9981134276520828f,-0.06367625045130693f,0f,0f,0f,1f], start_interpolation: 0, interpolation_duration: 1 }
$data merge entity $(bone_ear_right_1) { transformation: [-0.9961946980917455f,0.08715574274765817f,1.222336414360116e-16f,0.125f,0.08699131713342827f,0.9943153047211839f,0.06139695058071537f,2.4692990471759546f,0.005351096830303389f,0.06116331664750958f,-0.9981134276520828f,-0.07743799669699657f,0f,0f,0f,1f], start_interpolation: 0, interpolation_duration: 1 }
$data merge entity $(bone_ear_edge_a3) { transformation: [-0.9876883405951377f,-0.1564344650402309f,1.222336414360116e-16f,-0.19523827377799086f,-0.15613934010422476f,0.9858249950834107f,0.06139695058071537f,2.5708325955363684f,-0.009604599119195822f,0.060641052236668415f,-0.9981134276520828f,-0.03988329678764428f,0f,0f,0f,1f], start_interpolation: 0, interpolation_duration: 1 }
$data merge entity $(bone_ear_edge_a4) { transformation: [-1f,-1.3877787807814457e-17f,1.222336414360116e-16f,-0.08005326181113277f,-1.3877787807814457e-17f,0.9981134276520828f,0.06139695058071537f,2.580890966579921f,-1.231653667943533e-16f,0.06139695058071536f,-0.9981134276520828f,-0.03926457621664042f,0f,0f,0f,1f], start_interpolation: 0, interpolation_duration: 1 }
$data merge entity $(bone_ear_edge_b3) { transformation: [-0.9702957262759965f,-0.24192189559966773f,1.222336414360116e-16f,-0.05771677939820295f,-0.24146549244107368f,0.968465193189502f,0.06139695058071537f,2.5765794309877075f,-0.014853266668525902f,0.05957319875484665f,-0.9981134276520828f,-0.03952979170252447f,0f,0f,0f,1f], start_interpolation: 0, interpolation_duration: 1 }
$data merge entity $(bone_ear_edge_b4) { transformation: [-0.9975640502598243f,0.06975647374412527f,1.222336414360116e-16f,-0.086824202066379f,0.0696248731096714f,0.9956820735073278f,0.06139695058071537f,2.5865617415023445f,0.004282834771152907f,0.061247390694900705f,-0.9981134276520828f,-0.038915749842782905f,0f,0f,0f,1f], start_interpolation: 0, interpolation_duration: 1 }
$data merge entity $(bone_ear_left_2) { transformation: [-0.9961946980917455f,-0.0871557427476582f,1.222336414360116e-16f,-0.14461004211822304f,-0.08699131713342827f,0.9943153047211839f,0.06139695058071537f,2.693019990738221f,-0.005351096830303634f,0.061163316647509555f,-0.9981134276520828f,-0.06367625045130697f,0f,0f,0f,1f], start_interpolation: 0, interpolation_duration: 1 }
$data merge entity $(bone_ear_left_1) { transformation: [-0.9961946980917455f,-0.0871557427476582f,1.222336414360116e-16f,-0.12499999999999999f,-0.08699131713342827f,0.9943153047211839f,0.06139695058071537f,2.4692990471759546f,-0.005351096830303634f,0.061163316647509555f,-0.9981134276520828f,-0.0774379966969966f,0f,0f,0f,1f], start_interpolation: 0, interpolation_duration: 1 }
$data merge entity $(bone_head) { transformation: [-1f,-7.518957900608132e-18f,1.222336414360116e-16f,9.517084107922321e-18f,0f,0.9981134276520828f,0.06139695058071537f,1.9558472607986146f,-1.2246467991473532e-16f,0.06139695058071537f,-0.9981134276520828f,-0.07771288925548563f,0f,0f,0f,1f], start_interpolation: 0, interpolation_duration: 1 }
$data merge entity $(bone_body_1) { transformation: [-1f,3.1630178123456582e-18f,1.2242382588751814e-16f,8.330952428292698e-18f,0f,0.9996664015514873f,-0.025828000485918684f,1.5809723602168069f,-1.2246467991473532e-16f,-0.025828000485918684f,-0.9996664015514873f,-0.06802738907326612f,0f,0f,0f,1f], start_interpolation: 0, interpolation_duration: 1 }
$data merge entity $(bone_leg_left_2) { transformation: [-0.9874368466122184f,-0.14924788425315122f,0.051899354509243156f,0.1489010021178837f,-0.1533306571999406f,0.8256387641084614f,-0.5429644010099435f,1.2088247765521665f,0.038186169160475195f,-0.5441008180911057f,-0.8381504138503049f,0.29832346901632534f,0f,0f,0f,1f], start_interpolation: 0, interpolation_duration: 1 }
$data merge entity $(bone_leg_left_1) { transformation: [-0.9874368466122184f,-0.08332606842834285f,0.13425811064063595f,0.125f,-0.1533306571999406f,0.29994326197949694f,-0.9415539013544223f,1.2831163406669819f,0.038186169160475195f,-0.9503108996077936f,-0.30895146960562203f,-0.021414176326125994f,0f,0f,0f,1f], start_interpolation: 0, interpolation_duration: 1 }
$data merge entity $(bone_leg_right_2) { transformation: [-0.9823618003686007f,0.18378113263962548f,0.03449331039865472f,-0.16403533518483368f,0.18029102865575272f,0.9798467442598858f,-0.085997108960431f,1.1639626448226863f,-0.049602803981348774f,-0.07826144037134797f,-0.9956981012275706f,0.2793888523685362f,0f,0f,0f,1f], start_interpolation: 0, interpolation_duration: 1 }
$data merge entity $(bone_leg_right_1) { transformation: [-0.9823618003686007f,0.13423706736918659f,-0.13017566178315368f,-0.12499999999999999f,0.18029102865575272f,0.4952850226223817f,-0.8498163868461217f,1.2900006640158184f,-0.049602803981348774f,-0.8582966597337234f,-0.5107508254786484f,-0.03557918907477161f,0f,0f,0f,1f], start_interpolation: 0, interpolation_duration: 1 }
$data merge entity $(bone_skirt_forward_right) { transformation: [-0.9896513868196702f,0.14349262199117938f,1.0273079875846867e-16f,-0.0018749999999999936f,0.12037031153279618f,0.8301795875447187f,-0.5443462505846606f,1.4735697939083243f,-0.0781096707674606f,-0.5387130218011971f,-0.8388606317347487f,-0.058601834844677396f,0f,0f,0f,1f], start_interpolation: 0, interpolation_duration: 1 }
$data merge entity $(bone_skirt_forward_left) { transformation: [-0.9896513868196702f,-0.1428077891008571f,0.01400242614794287f,-0.0018749999999999934f,-0.12037031153279618f,0.7730985868250475f,-0.6227596351326984f,1.4474014331232976f,0.07810967076746035f,-0.6180004129620296f,-0.7822879066631157f,-0.060670683777467455f,0f,0f,0f,1f], start_interpolation: 0, interpolation_duration: 1 }
$data merge entity $(bone_skirt_forward) { transformation: [-1f,6.666318934063676e-17f,1.0273079875846867e-16f,-0.0018749999999999936f,0f,0.8388606317347487f,-0.5443462505846606f,1.4735697939083243f,-1.2246467991473532e-16f,-0.5443462505846606f,-0.8388606317347487f,-0.058601834844677396f,0f,0f,0f,1f], start_interpolation: 0, interpolation_duration: 1 }
$data merge entity $(bone_skirt_back_right) { transformation: [-0.9935718556765875f,0.11320321376790675f,1.2042178044076387e-16f,-0.001874999999999994f,0.11131480981323709f,0.9769975468821843f,-0.18189229368622684f,1.498412095968378f,-0.02059079220489693f,-0.18072306377109523f,-0.9833184598580275f,-0.055929285817555706f,0f,0f,0f,1f], start_interpolation: 0, interpolation_duration: 1 }
$data merge entity $(bone_skirt_back_left) { transformation: [-0.9935718556765875f,-0.1132032137679067f,1.2042178044076387e-16f,-0.001874999999999994f,-0.11131480981323709f,0.9769975468821843f,-0.18189229368622684f,1.498412095968378f,0.020590792204896687f,-0.18072306377109523f,-0.9833184598580275f,-0.055929285817555706f,0f,0f,0f,1f], start_interpolation: 0, interpolation_duration: 1 }
$data merge entity $(bone_skirt_back) { transformation: [-1f,2.22753815252408e-17f,1.2042178044076387e-16f,-0.001874999999999994f,0f,0.9833184598580275f,-0.18189229368622684f,1.498412095968378f,-1.2246467991473532e-16f,-0.18189229368622684f,-0.9833184598580275f,-0.055929285817555706f,0f,0f,0f,1f], start_interpolation: 0, interpolation_duration: 1 }
$data merge entity $(bone_skirt_right) { transformation: [-0.9876883405951378f,0.156421062920102f,-0.002047663880796127f,-0.195625f,0.1502001565561497f,0.9445867587254857f,-0.2918831413613834f,1.5112142311725116f,-0.04372247503208552f,-0.2885971349743908f,-0.9564517964129932f,-0.05831641222734887f,0f,0f,0f,1f], start_interpolation: 0, interpolation_duration: 1 }
$data merge entity $(bone_skirt_left) { transformation: [-0.9876883405951378f,-0.1560042992173092f,0.011593122018656591f,0.19187500000000002f,-0.15020015655614968f,0.9250058745174686f,-0.34900436254964085f,1.5121695215119657f,0.04372247503208527f,-0.34644882844929537f,-0.9370493874087852f,-0.06701416233402163f,0f,0f,0f,1f], start_interpolation: 0, interpolation_duration: 1 }
$data merge entity $(bone_coat_downer) { transformation: [-1f,4.434601395012927e-17f,1.1415353202312014e-16f,-0.007812499999999997f,0f,0.9321343272411137f,-0.36211268408985103f,1.367892048633536f,-1.2246467991473532e-16f,-0.36211268408985103f,-0.9321343272411137f,-0.017935586998401046f,0f,0f,0f,1f], start_interpolation: 0, interpolation_duration: 1 }
$data merge entity $(bone_body_2) { transformation: [-1f,3.4228128107877745e-17f,1.175841531536001e-16f,9.844323294946006e-18f,0f,0.9601474746471127f,-0.2794938763707928f,1.5824250000000002f,-1.2246467991473532e-16f,-0.2794938763707928f,-0.9601474746471127f,-0.08038500000000005f,0f,0f,0f,1f], start_interpolation: 0, interpolation_duration: 1 }
$data merge entity $(bone_book_left) { transformation: [0.41469324265624113f,-0.16582727037568912f,-0.8947238852824932f,-0.4447645345012259f,4.32470518161974e-16f,0.9832549075639546f,-0.18223552549214742f,1.923009705075446f,0.9099612708765423f,0.0755718409935023f,0.40774916597535904f,0.4718611141245072f,0f,0f,0f,1f], start_interpolation: 0, interpolation_duration: 1 }
$data merge entity $(bone_book_right) { transformation: [0.41469324265624113f,-0.16582727037568912f,-0.8947238852824932f,-0.40588704300220324f,4.32470518161974e-16f,0.9832549075639546f,-0.18223552549214742f,1.923009705075446f,0.9099612708765423f,0.0755718409935023f,0.40774916597535904f,0.557169983269183f,0f,0f,0f,1f], start_interpolation: 0, interpolation_duration: 1 }
$data merge entity $(bone_book_loot_1) { transformation: [0.41469324265624113f,-0.16582727037568912f,-0.8947238852824932f,-0.29111720595934054f,4.32470518161974e-16f,0.9832549075639546f,-0.18223552549214742f,1.950345033899268f,0.9099612708765423f,0.0755718409935023f,0.40774916597535904f,0.45335317380054124f,0f,0f,0f,1f], start_interpolation: 0, interpolation_duration: 1 }
$data merge entity $(bone_book_left2) { transformation: [-0.8601368377801821f,-0.49540794665977034f,-0.12139022481179662f,0.7680071617234313f,-0.509449433457054f,0.8460905233767144f,0.15681868830724255f,2.4851927432275946f,0.025017894471660362f,0.1967277119230219f,-0.980138925008969f,-0.4993464409336289f,0f,0f,0f,1f], start_interpolation: 0, interpolation_duration: 1 }
$data merge entity $(bone_book_right2) { transformation: [-0.5579803254644757f,-0.49540794665977034f,-0.6657544012478683f,0.8392107132765685f,-0.48352689431142576f,0.8460905233767144f,-0.22434921156461562f,2.5350500067724053f,0.6744328720281247f,0.1967277119230219f,-0.7116449314717471f,-0.5344658090663709f,0f,0f,0f,1f], start_interpolation: 0, interpolation_duration: 1 }
$data merge entity $(bone_book_loot_2) { transformation: [-0.7595045499001304f,-0.49540794665977034f,-0.4215730127360507f,0.8668448894104075f,-0.5318108111446443f,0.8460905233767144f,-0.03616749095241205f,2.5155464986428617f,0.3746065934159137f,0.1967277119230219f,-0.9060729040926325f,-0.380995189386105f,0f,0f,0f,1f], start_interpolation: 0, interpolation_duration: 1 }
$data merge entity $(bone_air_staff_povit_1) { transformation: [-0.000015082393164457205f,0.0000029765940402381314f,0.0000027931933968763174f,0.07443656212880775f,0.000003020152079723886f,0.000015330311986053224f,-2.899699316167979e-8f,1.8697776256675618f,-0.0000027460376632657663f,5.119055868925122e-7f,-0.00001537328380086812f,0.5816407522049402f,0f,0f,0f,1f], start_interpolation: 0, interpolation_duration: 1 }