# This file was generated by Animated Java via MC-Build. It is not recommended to edit this file directly.
$data merge entity $(bone_wing_right_1) { transformation: [-0.7596775710549076f,-0.1339516524160522f,-0.2681256930910748f,0.03054324627323958f,-0.12225235423246744f,0.8055168612193154f,-0.056048127715793095f,1.2375714920256848f,0.2736581706530602f,-0.011999397936383296f,-0.7693579560441481f,-0.36807396811684445f,0f,0f,0f,1f], start_interpolation: 0, interpolation_duration: 1 }
$data merge entity $(bone_wing_right_2) { transformation: [-0.7377420120715771f,0.16355346648373198f,-0.2626537401708488f,0.03054324627323958f,0.19132556023118213f,0.7748419510585997f,-0.05490428837465446f,1.2375714920256848f,0.24316918724790218f,-0.11344696770234834f,-0.7536567732677371f,-0.36807396811684445f,0f,0f,0f,1f], start_interpolation: 0, interpolation_duration: 1 }
$data merge entity $(bone_wing_left_1) { transformation: [-0.7596775710549076f,0.1339516524160522f,0.26812569309107503f,-0.030543246273239483f,0.12225235423246744f,0.8055168612193154f,-0.056048127715793095f,1.2375714920256848f,-0.2736581706530604f,-0.011999397936383254f,-0.7693579560441481f,-0.36807396811684445f,0f,0f,0f,1f], start_interpolation: 0, interpolation_duration: 1 }
$data merge entity $(bone_wing_left_2) { transformation: [-0.7377420120715771f,-0.16355346648373198f,0.262653740170849f,-0.030543246273239483f,-0.19132556023118213f,0.7748419510585997f,-0.05490428837465446f,1.2375714920256848f,-0.2431691872479024f,-0.11344696770234838f,-0.7536567732677371f,-0.36807396811684445f,0f,0f,0f,1f], start_interpolation: 0, interpolation_duration: 1 }
$data merge entity $(bone_staff) { transformation: [-0.2599434861306642f,0.6029853948464728f,1.4178308247531084f,-0.4730135722883943f,1.3231740241542056f,0.8240055586172049f,-0.10784985475889008f,0.9776919765142165f,-0.7893327155400331f,1.1827213124695908f,-0.6477116728980618f,0.2734751755448961f,0f,0f,0f,1f], start_interpolation: 0, interpolation_duration: 1 }
$data merge entity $(bone_arm_right_2) { transformation: [-0.2879381453516673f,-0.9293475242268224f,-0.23109479367765454f,-0.4266531174569882f,-0.677389720499772f,0.36823030471067625f,-0.6368277704795258f,1.1461777773438926f,0.6769304181470079f,-0.026825769442053015f,-0.7355580106838338f,0.09515078648807909f,0f,0f,0f,1f], start_interpolation: 0, interpolation_duration: 1 }
$data merge entity $(bone_arm_right_1) { transformation: [-0.35519825359576124f,-0.9293475242268224f,-0.10073420400239884f,-0.2984375f,-0.8719003959472638f,0.36823030471067625f,-0.322794272315491f,1.4670333512803888f,0.33708144444559107f,-0.026825769442053015f,-0.941093235500243f,-0.035448762564119586f,0f,0f,0f,1f], start_interpolation: 0, interpolation_duration: 1 }
$data merge entity $(bone_arm_left_2) { transformation: [0.663387282450544f,0.7390335934893175f,0.11724615634274821f,0.34017407594701593f,0.03488525420658073f,0.12597231510800122f,-0.9914201908702852f,1.3872730809764446f,-0.7474625960687425f,0.6617857081567997f,0.05778705700742262f,0.29172237512640364f,0f,0f,0f,1f], start_interpolation: 0, interpolation_duration: 1 }
$data merge entity $(bone_arm_left_1) { transformation: [-0.06220888182047057f,0.9284111065354212f,0.36630980369670874f,0.2984375f,0.23134717545780142f,0.37043809640142195f,-0.8995855163030295f,1.4670333512803888f,-0.9708802909887212f,0.028782529356633325f,-0.23782982692145793f,-0.03544876256411951f,0f,0f,0f,1f], start_interpolation: 0, interpolation_duration: 1 }
$data merge entity $(bone_himo_right_2) { transformation: [-1f,7.665351767214052e-17f,9.550830359243856e-17f,-0.15625000000000003f,0f,0.7798844830928818f,-0.6259234721840591f,1.163268788183067f,-1.2246467991473532e-16f,-0.6259234721840591f,-0.7798844830928818f,0.23798184679260573f,0f,0f,0f,1f], start_interpolation: 0, interpolation_duration: 1 }
$data merge entity $(bone_himo_right_1) { transformation: [-1f,3.7674227378658396e-17f,1.1652575002135675e-16f,-0.15625000000000003f,0f,0.9515049572046939f,-0.3076334123837882f,1.3397532588315484f,-1.2246467991473532e-16f,-0.3076334123837882f,-0.9515049572046939f,0.17435367598811613f,0f,0f,0f,1f], start_interpolation: 0, interpolation_duration: 1 }
$data merge entity $(bone_himo_left_2) { transformation: [-1f,6.580022455450645e-17f,1.0328566345430088e-16f,0.15624999999999997f,0f,0.8433914458128857f,-0.537299608346824f,1.1536805180942495f,-1.2246467991473532e-16f,-0.537299608346824f,-0.8433914458128857f,0.1982753743916567f,0f,0f,0f,1f], start_interpolation: 0, interpolation_duration: 1 }
$data merge entity $(bone_himo_left_1) { transformation: [-1f,1.156040941264233e-17f,1.2191781970175922e-16f,0.15624999999999997f,0f,0.995534547484574f,-0.09439790656939726f,1.3397532588315484f,-1.2246467991473532e-16f,-0.09439790656939726f,-0.995534547484574f,0.17435367598811616f,0f,0f,0f,1f], start_interpolation: 0, interpolation_duration: 1 }
$data merge entity $(bone_ponpon1) { transformation: [-1f,-1.78111377061373e-18f,1.2245172706154333e-16f,0.29375f,0f,0.9998942319271077f,0.014543897651582621f,2.0212290631951255f,-1.2246467991473532e-16f,0.014543897651582621f,-0.9998942319271077f,-0.009460092672807442f,0f,0f,0f,1f], start_interpolation: 0, interpolation_duration: 1 }
$data merge entity $(bone_ponpon2) { transformation: [-1f,-1.78111377061373e-18f,1.2245172706154333e-16f,0.33125f,0f,0.9998942319271077f,0.014543897651582621f,1.897605774609073f,-1.2246467991473532e-16f,0.014543897651582621f,-0.9998942319271077f,-0.1050181641224216f,0f,0f,0f,1f], start_interpolation: 0, interpolation_duration: 1 }
$data merge entity $(bone_ponpon3) { transformation: [-1f,-1.78111377061373e-18f,1.2245172706154333e-16f,-0.29375f,0f,0.9998942319271077f,0.014543897651582621f,2.0212290631951255f,-1.2246467991473532e-16f,0.014543897651582621f,-0.9998942319271077f,-0.009460092672807511f,0f,0f,0f,1f], start_interpolation: 0, interpolation_duration: 1 }
$data merge entity $(bone_ponpon4) { transformation: [-1f,-1.78111377061373e-18f,1.2245172706154333e-16f,-0.33125f,0f,0.9998942319271077f,0.014543897651582621f,1.897605774609073f,-1.2246467991473532e-16f,0.014543897651582621f,-0.9998942319271077f,-0.10501816412242168f,0f,0f,0f,1f], start_interpolation: 0, interpolation_duration: 1 }
$data merge entity $(bone_ear_edge_a1) { transformation: [-0.9876883405951377f,0.15643446504023087f,1.2245172706154333e-16f,0.19523827377799086f,0.15641791926832962f,0.9875838747027348f,0.014543897651582621f,2.1283086598391914f,0.0022751668487250767f,0.014364838137277177f,-0.9998942319271077f,-0.029779887164148332f,0f,0f,0f,1f], start_interpolation: 0, interpolation_duration: 1 }
$data merge entity $(bone_ear_edge_a2) { transformation: [-1f,0f,1.2245172706154333e-16f,0.08005326181113277f,0f,0.9998942319271078f,0.014543897651582621f,2.1383849767290357f,-1.22514845490862e-16f,0.014543897651582621f,-0.9998942319271077f,-0.02963332274076092f,0f,0f,0f,1f], start_interpolation: 0, interpolation_duration: 1 }
$data merge entity $(bone_ear_edge_b1) { transformation: [-0.9702957262759965f,0.24192189559966773f,1.2245172706154333e-16f,0.05771677939820298f,0.24189630798697973f,0.9701930999668927f,0.014543897651582621f,2.134065748623324f,0.0035184872892783043f,0.01411188173472615f,-0.9998942319271077f,-0.029696147797149377f,0f,0f,0f,1f], start_interpolation: 0, interpolation_duration: 1 }
$data merge entity $(bone_ear_edge_b2) { transformation: [-0.9975640502598243f,-0.06975647374412527f,1.2245172706154333e-16f,0.08682420206637903f,-0.06974909573632562f,0.9974585398326418f,0.014543897651582621f,2.14406586927932f,-0.0010145310146699906f,0.014508469447877098f,-0.9998942319271077f,-0.029550691681212014f,0f,0f,0f,1f], start_interpolation: 0, interpolation_duration: 1 }
$data merge entity $(bone_ear_right_2) { transformation: [-0.9961946980917455f,0.08715574274765818f,1.2245172706154333e-16f,0.14461004211822306f,0.08714652445270626f,0.9960893324983029f,0.014543897651582621f,2.249246477044756f,0.0012675842022694828f,0.014488553730095607f,-0.9998942319271077f,-0.05927409947450235f,0f,0f,0f,1f], start_interpolation: 0, interpolation_duration: 1 }
$data merge entity $(bone_ear_right_1) { transformation: [-0.9961946980917455f,0.08715574274765818f,1.2245172706154333e-16f,0.125f,0.08714652445270626f,0.9960893324983029f,0.014543897651582621f,2.025126377232638f,0.0012675842022694828f,0.014488553730095607f,-0.9998942319271077f,-0.06253402406377385f,0f,0f,0f,1f], start_interpolation: 0, interpolation_duration: 1 }
$data merge entity $(bone_ear_edge_a3) { transformation: [-0.9876883405951377f,-0.15643446504023087f,1.2245172706154333e-16f,-0.19523827377799086f,-0.15641791926832962f,0.9875838747027348f,0.014543897651582621f,2.1283086598391914f,-0.0022751668487253187f,0.01436483813727714f,-0.9998942319271077f,-0.029779887164148373f,0f,0f,0f,1f], start_interpolation: 0, interpolation_duration: 1 }
$data merge entity $(bone_ear_edge_a4) { transformation: [-1f,0f,1.2245172706154333e-16f,-0.08005326181113279f,0f,0.9998942319271078f,0.014543897651582621f,2.1383849767290357f,-1.22514845490862e-16f,0.014543897651582621f,-0.9998942319271077f,-0.029633322740760935f,0f,0f,0f,1f], start_interpolation: 0, interpolation_duration: 1 }
$data merge entity $(bone_ear_edge_b3) { transformation: [-0.9702957262759965f,-0.24192189559966773f,1.2245172706154333e-16f,-0.05771677939820298f,-0.24189630798697973f,0.9701930999668927f,0.014543897651582621f,2.134065748623324f,-0.003518487289278543f,0.01411188173472609f,-0.9998942319271077f,-0.029696147797149384f,0f,0f,0f,1f], start_interpolation: 0, interpolation_duration: 1 }
$data merge entity $(bone_ear_edge_b4) { transformation: [-0.9975640502598243f,0.06975647374412527f,1.2245172706154333e-16f,-0.08682420206637903f,0.06974909573632562f,0.9974585398326418f,0.014543897651582621f,2.14406586927932f,0.0010145310146697465f,0.014508469447877115f,-0.9998942319271077f,-0.029550691681212028f,0f,0f,0f,1f], start_interpolation: 0, interpolation_duration: 1 }
$data merge entity $(bone_ear_left_2) { transformation: [-0.9961946980917455f,-0.08715574274765818f,1.2245172706154333e-16f,-0.14461004211822306f,-0.08714652445270626f,0.9960893324983029f,0.014543897651582621f,2.249246477044756f,-0.001267584202269727f,0.014488553730095586f,-0.9998942319271077f,-0.05927409947450238f,0f,0f,0f,1f], start_interpolation: 0, interpolation_duration: 1 }
$data merge entity $(bone_ear_left_1) { transformation: [-0.9961946980917455f,-0.08715574274765818f,1.2245172706154333e-16f,-0.125f,-0.08714652445270626f,0.9960893324983029f,0.014543897651582621f,2.025126377232638f,-0.001267584202269727f,0.014488553730095586f,-0.9998942319271077f,-0.06253402406377388f,0f,0f,0f,1f], start_interpolation: 0, interpolation_duration: 1 }
$data merge entity $(bone_head) { transformation: [-1f,-1.78111377061373e-18f,1.2245172706154333e-16f,4.744413577516735e-18f,0f,0.9998942319271077f,0.014543897651582621f,1.5122260865683836f,-1.2246467991473532e-16f,0.014543897651582621f,-0.9998942319271077f,-0.03874107686248785f,0f,0f,0f,1f], start_interpolation: 0, interpolation_duration: 1 }
$data merge entity $(bone_body_1) { transformation: [-1f,8.89803512779873e-18f,1.2214099556448292e-16f,1.4076504045922117e-18f,0f,0.9973569167005724f,-0.07265797072261065f,1.138217242805669f,-1.2246467991473532e-16f,-0.07265797072261065f,-0.9973569167005724f,-0.011494337841508856f,0f,0f,0f,1f], start_interpolation: 0, interpolation_duration: 1 }
$data merge entity $(bone_leg_left_2) { transformation: [-0.9914448613738104f,-0.12359918410143642f,0.04195626943527115f,0.14268317356421095f,-0.12165143829660727f,0.7584941369016852f,-0.6402246260853564f,0.8268626002773404f,0.04730765705287673f,-0.6398514561796564f,-0.7670411329315662f,0.38359698461004255f,0f,0f,0f,1f], start_interpolation: 0, interpolation_duration: 1 }
$data merge entity $(bone_leg_left_1) { transformation: [-0.9914448613738104f,-0.06443933485155183f,0.11351061174778072f,0.12499999999999999f,-0.12165143829660727f,0.14099545216908504f,-0.9825076132163058f,0.8449062253479083f,0.04730765705287673f,-0.9879108535649989f,-0.14762835429768428f,0.05940298354259241f,0f,0f,0f,1f], start_interpolation: 0, interpolation_duration: 1 }
$data merge entity $(bone_leg_right_2) { transformation: [-0.9860445064163191f,0.16621416726180754f,0.009438324409634755f,-0.15492912800183703f,0.15516246423391364f,0.9380708054011584f,-0.309754376477366f,0.7905338505654301f,-0.06033938232246931f,-0.303967127590281f,-0.9507697640782742f,0.37954429405059076f,0f,0f,0f,1f], start_interpolation: 0, interpolation_duration: 1 }
$data merge entity $(bone_leg_right_1) { transformation: [-0.9860445064163191f,0.10589552659010111f,-0.128461546053295f,-0.125f,0.15516246423391364f,0.3048905725234913f,-0.9396628908705277f,0.8499243614937966f,-0.06033938232246931f,-0.9464818414710887f,-0.3170666849519829f,0.04317568305259992f,0f,0f,0f,1f], start_interpolation: 0, interpolation_duration: 1 }
$data merge entity $(bone_skirt_forward_right) { transformation: [-0.9904694403346358f,0.13773266774151083f,9.606321332448011e-17f,-0.0010416666666666677f,0.10803966214760416f,0.7769397446226135f,-0.6202354912682599f,1.0320043311206206f,-0.08542668884034406f,-0.6143242999121513f,-0.7844156649195758f,0.007241282060820418f,0f,0f,0f,1f], start_interpolation: 0, interpolation_duration: 1 }
$data merge entity $(bone_skirt_forward_left) { transformation: [-0.9904694403346358f,-0.13680136871499476f,0.01598978676835416f,-0.0010416666666666677f,-0.10803966214760416f,0.699681410388183f,-0.7062388798135051f,1.0007576167352554f,0.08542668884034381f,-0.7012355591917077f,-0.7077930286170302f,0.007695585729053761f,0f,0f,0f,1f], start_interpolation: 0, interpolation_duration: 1 }
$data merge entity $(bone_skirt_forward) { transformation: [-1f,7.595694090992607e-17f,9.606321332448011e-17f,-0.0010416666666666677f,0f,0.7844156649195758f,-0.6202354912682599f,1.0320043311206206f,-1.2246467991473532e-16f,-0.6202354912682599f,-0.7844156649195758f,0.007241282060820418f,0f,0f,0f,1f], start_interpolation: 0, interpolation_duration: 1 }
$data merge entity $(bone_skirt_back_right) { transformation: [-0.9948217482960331f,0.1016350781828019f,1.1781829947711552e-16f,-0.0010416666666666677f,0.09777898482287706f,0.9570776386195153f,-0.272839996667461f,1.0569909781044218f,-0.027730114392692923f,-0.2714271624898074f,-0.9620594244736133f,0.007754995016490528f,0f,0f,0f,1f], start_interpolation: 0, interpolation_duration: 1 }
$data merge entity $(bone_skirt_back_left) { transformation: [-0.9948217482960331f,-0.10163507818280185f,1.1781829947711552e-16f,-0.0010416666666666677f,-0.09777898482287706f,0.9570776386195153f,-0.272839996667461f,1.0569909781044218f,0.02773011439269268f,-0.2714271624898074f,-0.9620594244736133f,0.007754995016490528f,0f,0f,0f,1f], start_interpolation: 0, interpolation_duration: 1 }
$data merge entity $(bone_skirt_back) { transformation: [-1f,3.3413262859818066e-17f,1.1781829947711552e-16f,-0.0010416666666666677f,0f,0.9620594244736133f,-0.272839996667461f,1.0569909781044218f,-1.2246467991473532e-16f,-0.272839996667461f,-0.9620594244736133f,0.007754995016490528f,0f,0f,0f,1f], start_interpolation: 0, interpolation_duration: 1 }
$data merge entity $(bone_skirt_right) { transformation: [-0.9894416385809445f,0.1449280269657138f,-0.0010539649334374152f,-0.19479166666666667f,0.1350776333841414f,0.919507308503015f,-0.36913458598305415f,1.0695143215365455f,-0.052528818772128075f,-0.36537949670085035f,-0.9293753529059388f,0.005932788270962846f,0f,0f,0f,1f], start_interpolation: 0, interpolation_duration: 1 }
$data merge entity $(bone_skirt_left) { transformation: [-0.9894416385809445f,-0.14446839116474522f,0.011581355556484436f,0.19270833333333334f,-0.1350776333841414f,0.8902564041511491f,-0.43496846762403973f,1.0697411580741574f,0.05252881877212784f,-0.4319402954369226f,-0.9003712036578407f,-0.004481471997574982f,0f,0f,0f,1f], start_interpolation: 0, interpolation_duration: 1 }
$data merge entity $(bone_coat_downer) { transformation: [-1f,5.416474287757752e-17f,1.098352332160518e-16f,-0.007812500000000007f,0f,0.8968727415326884f,-0.4422886902190013f,0.9302961583737913f,-1.2246467991473532e-16f,-0.4422886902190013f,-0.8968727415326884f,0.05702391584568124f,0f,0f,0f,1f], start_interpolation: 0, interpolation_duration: 1 }
$data merge entity $(bone_body_2) { transformation: [-1f,4.438585834733811e-17f,1.141380453897324e-16f,2.9340496229572006e-18f,0f,0.9320078692827986f,-0.36243803828370164f,1.1385416666666666f,-1.2246467991473532e-16f,-0.36243803828370164f,-0.9320078692827986f,-0.023958333333333335f,0f,0f,0f,1f], start_interpolation: 0, interpolation_duration: 1 }
$data merge entity $(bone_book_left) { transformation: [0.5125425007998649f,-0.1429516789348873f,-0.8466788070830154f,-0.09486067748224866f,1.3877787807814457e-17f,0.9860445064163191f,-0.16648192504352424f,1.151850458333333f,0.8586618571206135f,0.08532906219978355f,0.5053897172185885f,0.6345411938857817f,0f,0f,0f,1f], start_interpolation: 0, interpolation_duration: 1 }
$data merge entity $(bone_book_right) { transformation: [0.5125425007998649f,-0.1429516789348873f,-0.8466788070830154f,-0.046809818032261336f,1.3877787807814457e-17f,0.9860445064163191f,-0.16648192504352424f,1.151850458333333f,0.8586618571206135f,0.08532906219978355f,0.5053897172185885f,0.7150407429908392f,0f,0f,0f,1f], start_interpolation: 0, interpolation_duration: 1 }
$data merge entity $(bone_book_loot_1) { transformation: [0.5125425007998649f,-0.1429516789348873f,-0.8466788070830154f,0.05616657330519731f,1.3877787807814457e-17f,0.9860445064163191f,-0.16648192504352424f,1.1768227470898618f,0.8586618571206135f,0.08532906219978355f,0.5053897172185885f,0.5989825108555221f,0f,0f,0f,1f], start_interpolation: 0, interpolation_duration: 1 }
$data merge entity $(bone_book_left2) { transformation: [-0.6779025113134893f,-0.5270178025357657f,-0.5125430918130075f,0.6096206216012008f,-0.5236003709500142f,0.8355185959477003f,-0.16658729653425258f,2.0621010010795495f,0.5160337553841531f,0.1554378063276633f,-0.842346871347055f,-0.418776902669719f,0f,0f,0f,1f], start_interpolation: 0, interpolation_duration: 1 }
$data merge entity $(bone_book_right2) { transformation: [-0.0431165475053254f,-0.5270178025357657f,-0.8487598006159301f,0.6469123329442539f,-0.20895055806966734f,0.8355185959477003f,-0.5081814047246889f,2.0999891504356016f,0.9769752441150162f,0.1554378063276633f,-0.14614534118625983f,-0.49599658217876585f,0f,0f,0f,1f], start_interpolation: 0, interpolation_duration: 1 }
$data merge entity $(bone_book_loot_2) { transformation: [-0.3977782543258991f,-0.5270178025357657f,-0.751015776262931f,0.740918843712167f,-0.40414025979788815f,0.8355185959477003f,-0.3722624426880571f,2.136884442160784f,0.8236765814298327f,0.1554378063276633f,-0.545340240187819f,-0.3755857063960696f,0f,0f,0f,1f], start_interpolation: 0, interpolation_duration: 1 }
$data merge entity $(bone_air_staff_povit_1) { transformation: [-0.000014488795755140334f,-2.332845120731379e-7f,0.000005844741303278899f,-0.031523578125000076f,-0.0000012096765156961934f,0.000015394562774804414f,-0.0000023842702657164033f,1.4634638770833333f,-0.000005722945508494786f,-0.0000026633888767945716f,-0.000014293175973091717f,0.6181703208333333f,0f,0f,0f,1f], start_interpolation: 0, interpolation_duration: 1 }