# This file was generated by Animated Java via MC-Build. It is not recommended to edit this file directly.
$data merge entity $(bone_wing_right_1) { transformation: [-0.614863308900344f,-0.1084169908068139f,-0.5264345276641339f,0.04854915511883258f,-0.147898936300268f,0.8031291630181152f,0.007341430072897048f,1.3294729052793544f,0.5167334520367477f,0.10086499917543844f,-0.6243054027733298f,-0.592562713274435f,0f,0f,0f,1f], start_interpolation: 0, interpolation_duration: 1 }
$data merge entity $(bone_wing_right_2) { transformation: [-0.5971092367874339f,0.13237593081057347f,-0.51569096587507f,0.04854915511883258f,0.1672196812489136f,0.7822952505422595f,0.007191604969368538f,1.3294729052793544f,0.5054682359418247f,-0.10242438147754651f,-0.611564476186119f,-0.592562713274435f,0f,0f,0f,1f], start_interpolation: 0, interpolation_duration: 1 }
$data merge entity $(bone_wing_left_1) { transformation: [-0.6148633089003438f,0.10841699080681386f,0.5264345276641341f,-0.048549155118832454f,0.147898936300268f,0.8031291630181152f,0.007341430072897048f,1.3294729052793544f,-0.5167334520367479f,0.10086499917543848f,-0.6243054027733295f,-0.592562713274435f,0f,0f,0f,1f], start_interpolation: 0, interpolation_duration: 1 }
$data merge entity $(bone_wing_left_2) { transformation: [-0.5971092367874337f,-0.13237593081057342f,0.5156909658750702f,-0.048549155118832454f,-0.1672196812489136f,0.7822952505422595f,0.007191604969368538f,1.3294729052793544f,-0.5054682359418249f,-0.10242438147754657f,-0.6115644761861188f,-0.592562713274435f,0f,0f,0f,1f], start_interpolation: 0, interpolation_duration: 1 }
$data merge entity $(bone_staff) { transformation: [-0.00001031032731796414f,0.000006315398521146604f,0.000009897146917952754f,-0.10973424840919409f,0.000004066186432352213f,0.000014277449990865597f,-0.0000048745435330589585f,1.399252130756408f,-0.00001101380513236897f,-6.409276694225417e-7f,-0.000011064625309009407f,0.389287221208704f,0f,0f,0f,1f], start_interpolation: 0, interpolation_duration: 1 }
$data merge entity $(bone_arm_right_2) { transformation: [0.2767378418170625f,-0.9346210804496452f,-0.22338219017095398f,-0.20365444303375266f,-0.031090233088538297f,0.22363089978491482f,-0.97417791910302f,1.3995204689658287f,0.9604423794861069f,0.27653689923864994f,0.03282954532944421f,0.15798064821735608f,0f,0f,0f,1f], start_interpolation: 0, interpolation_duration: 1 }
$data merge entity $(bone_arm_right_1) { transformation: [0.24942024451436973f,-0.9346210804496452f,-0.2535211581022968f,-0.29843749999999997f,-0.14212605233224174f,0.22363089978491482f,-0.9642558819679777f,1.4513720369430527f,0.9579090389357671f,0.27653689923864994f,-0.07705593088548056f,-0.19525198070505312f,0f,0f,0f,1f], start_interpolation: 0, interpolation_duration: 1 }
$data merge entity $(bone_arm_left_2) { transformation: [0.27673784181706274f,0.9346210804496452f,0.22338219017095395f,0.20832754843600093f,0.031090233088538297f,0.22363089978491482f,-0.97417791910302f,1.4006386234647532f,-0.9604423794861069f,0.27653689923865016f,0.032829545329444265f,0.1593633327135494f,0f,0f,0f,1f], start_interpolation: 0, interpolation_duration: 1 }
$data merge entity $(bone_arm_left_1) { transformation: [0.24942024451436995f,0.9346210804496452f,0.2535211581022968f,0.2984375000000001f,0.14212605233224174f,0.22363089978491482f,-0.9642558819679777f,1.4513720369430527f,-0.9579090389357671f,0.27653689923865016f,-0.07705593088548049f,-0.19525198070505306f,0f,0f,0f,1f], start_interpolation: 0, interpolation_duration: 1 }
$data merge entity $(bone_himo_right_2) { transformation: [-1f,3.9942825689060773e-17f,1.1576773515359055e-16f,-0.15625f,0f,0.9453152960853085f,-0.32615792338550614f,1.2004469745875637f,-1.2246467991473532e-16f,-0.32615792338550614f,-0.9453152960853085f,-0.04669372616323236f,0f,0f,0f,1f], start_interpolation: 0, interpolation_duration: 1 }
$data merge entity $(bone_himo_right_1) { transformation: [-1f,1.4483515613195552e-17f,1.216052038446583e-16f,-0.15625f,0f,0.9929818452906143f,-0.1182668800774194f,1.38589190257907f,-1.2246467991473532e-16f,-0.1182668800774194f,-0.9929818452906143f,-0.07507490271081482f,0f,0f,0f,1f], start_interpolation: 0, interpolation_duration: 1 }
$data merge entity $(bone_himo_left_2) { transformation: [-1f,3.9942825689060773e-17f,1.1576773515359055e-16f,0.15625f,0f,0.9453152960853085f,-0.32615792338550614f,1.2004469745875637f,-1.2246467991473532e-16f,-0.32615792338550614f,-0.9453152960853085f,-0.046693726163232335f,0f,0f,0f,1f], start_interpolation: 0, interpolation_duration: 1 }
$data merge entity $(bone_himo_left_1) { transformation: [-1f,1.4483515613195552e-17f,1.216052038446583e-16f,0.15625f,0f,0.9929818452906143f,-0.1182668800774194f,1.38589190257907f,-1.2246467991473532e-16f,-0.1182668800774194f,-0.9929818452906143f,-0.0750749027108148f,0f,0f,0f,1f], start_interpolation: 0, interpolation_duration: 1 }
$data merge entity $(bone_ponpon1) { transformation: [-1f,-1.2107288900725093e-17f,1.2186472574987792e-16f,0.29375000000000007f,0f,0.9951010024663837f,0.09886351647801356f,2.0804475824439335f,-1.2246467991473532e-16f,0.09886351647801356f,-0.9951010024663837f,-0.20072991076768917f,0f,0f,0f,1f], start_interpolation: 0, interpolation_duration: 1 }
$data merge entity $(bone_ponpon2) { transformation: [-1f,-1.2107288900725093e-17f,1.2186472574987792e-16f,0.33125000000000004f,0f,0.9951010024663837f,0.09886351647801356f,1.9653284118054493f,-1.2246467991473532e-16f,0.09886351647801356f,-0.9951010024663837f,-0.3063785693086643f,0f,0f,0f,1f], start_interpolation: 0, interpolation_duration: 1 }
$data merge entity $(bone_ponpon3) { transformation: [-1f,-1.2107288900725093e-17f,1.2186472574987792e-16f,-0.29374999999999996f,0f,0.9951010024663837f,0.09886351647801356f,2.0804475824439335f,-1.2246467991473532e-16f,0.09886351647801356f,-0.9951010024663837f,-0.20072991076768926f,0f,0f,0f,1f], start_interpolation: 0, interpolation_duration: 1 }
$data merge entity $(bone_ponpon4) { transformation: [-1f,-1.2107288900725093e-17f,1.2186472574987792e-16f,-0.33124999999999993f,0f,0.9951010024663837f,0.09886351647801356f,1.9653284118054493f,-1.2246467991473532e-16f,0.09886351647801356f,-0.9951010024663837f,-0.3063785693086644f,0f,0f,0f,1f], start_interpolation: 0, interpolation_duration: 1 }
$data merge entity $(bone_ear_edge_a1) { transformation: [-0.9876883405951377f,0.15643446504023084f,1.2186472574987792e-16f,0.19523827377799088f,0.1556680929818262f,0.9828496578505804f,0.09886351647801356f,2.188859884497127f,0.01546566131223398f,0.0976463425355693f,-0.9951010024663837f,-0.2119418164555459f,0f,0f,0f,1f], start_interpolation: 0, interpolation_duration: 1 }
$data merge entity $(bone_ear_edge_a2) { transformation: [-1f,-1.3877787807814457e-17f,1.2186472574987792e-16f,0.08005326181113279f,0f,0.9951010024663837f,0.09886351647801356f,2.198887898179062f,-1.214306433183765e-16f,0.09886351647801357f,-0.9951010024663837f,-0.21094553095947216f,0f,0f,0f,1f], start_interpolation: 0, interpolation_duration: 1 }
$data merge entity $(bone_ear_edge_b1) { transformation: [-0.9702957262759965f,0.2419218955996677f,1.2186472574987792e-16f,0.05771677939820301f,0.24073672082979716f,0.9655422499060918f,0.09886351647801356f,2.1945893753147074f,0.02391724931200991f,0.09592684752323316f,-0.9951010024663837f,-0.21137259020770718f,0f,0f,0f,1f], start_interpolation: 0, interpolation_duration: 1 }
$data merge entity $(bone_ear_edge_b2) { transformation: [-0.9975640502598243f,-0.06975647374412529f,1.2186472574987792e-16f,0.08682420206637906f,-0.06941473695129904f,0.9926769864379771f,0.09886351647801356f,2.2045415580274605f,-0.006896370291450574f,0.09862268992073608f,-0.9951010024663837f,-0.2103838385360921f,0f,0f,0f,1f], start_interpolation: 0, interpolation_duration: 1 }
$data merge entity $(bone_ear_right_2) { transformation: [-0.9961946980917455f,0.08715574274765817f,1.2186472574987792e-16f,0.1446100421182231f,0.0867287669788969f,0.9913143427227924f,0.09886351647801356f,2.3118551245021637f,0.008616523209286494f,0.09848731095010305f,-0.9951010024663837f,-0.23112605807094888f,0f,0f,0f,1f], start_interpolation: 0, interpolation_duration: 1 }
$data merge entity $(bone_ear_right_1) { transformation: [-0.9961946980917455f,0.08715574274765817f,1.2186472574987792e-16f,0.12500000000000003f,0.0867287669788969f,0.9913143427227924f,0.09886351647801356f,2.088809397389536f,0.008616523209286494f,0.09848731095010305f,-0.9951010024663837f,-0.25328570303472203f,0f,0f,0f,1f], start_interpolation: 0, interpolation_duration: 1 }
$data merge entity $(bone_ear_edge_a3) { transformation: [-0.9876883405951377f,-0.1564344650402309f,1.2186472574987792e-16f,-0.19523827377799083f,-0.1556680929818262f,0.9828496578505804f,0.09886351647801356f,2.188859884497127f,-0.015465661312234223f,0.09764634253556924f,-0.9951010024663837f,-0.21194181645554594f,0f,0f,0f,1f], start_interpolation: 0, interpolation_duration: 1 }
$data merge entity $(bone_ear_edge_a4) { transformation: [-1f,-1.3877787807814457e-17f,1.2186472574987792e-16f,-0.08005326181113276f,0f,0.9951010024663837f,0.09886351647801356f,2.198887898179062f,-1.214306433183765e-16f,0.09886351647801356f,-0.9951010024663837f,-0.21094553095947216f,0f,0f,0f,1f], start_interpolation: 0, interpolation_duration: 1 }
$data merge entity $(bone_ear_edge_b3) { transformation: [-0.9702957262759965f,-0.24192189559966773f,1.2186472574987792e-16f,-0.05771677939820295f,-0.24073672082979716f,0.9655422499060918f,0.09886351647801356f,2.1945893753147074f,-0.02391724931201015f,0.09592684752323309f,-0.9951010024663837f,-0.21137259020770716f,0f,0f,0f,1f], start_interpolation: 0, interpolation_duration: 1 }
$data merge entity $(bone_ear_edge_b4) { transformation: [-0.9975640502598243f,0.06975647374412527f,1.2186472574987792e-16f,-0.086824202066379f,0.06941473695129904f,0.9926769864379771f,0.09886351647801356f,2.2045415580274605f,0.00689637029145033f,0.0986226899207361f,-0.9951010024663837f,-0.21038383853609208f,0f,0f,0f,1f], start_interpolation: 0, interpolation_duration: 1 }
$data merge entity $(bone_ear_left_2) { transformation: [-0.9961946980917455f,-0.0871557427476582f,1.2186472574987792e-16f,-0.14461004211822304f,-0.0867287669788969f,0.9913143427227924f,0.09886351647801356f,2.3118551245021637f,-0.008616523209286736f,0.09848731095010302f,-0.9951010024663837f,-0.23112605807094888f,0f,0f,0f,1f], start_interpolation: 0, interpolation_duration: 1 }
$data merge entity $(bone_ear_left_1) { transformation: [-0.9961946980917455f,-0.0871557427476582f,1.2186472574987792e-16f,-0.12499999999999997f,-0.0867287669788969f,0.9913143427227924f,0.09886351647801356f,2.088809397389536f,-0.008616523209286736f,0.09848731095010302f,-0.9951010024663837f,-0.25328570303472203f,0f,0f,0f,1f], start_interpolation: 0, interpolation_duration: 1 }
$data merge entity $(bone_head) { transformation: [-1f,-1.2107288900725093e-17f,1.2186472574987792e-16f,3.3415265431063863e-17f,0f,0.9951010024663837f,0.09886351647801356f,1.575730648735576f,-1.2246467991473532e-16f,0.09886351647801356f,-0.9951010024663837f,-0.2728563489026295f,0f,0f,0f,1f], start_interpolation: 0, interpolation_duration: 1 }
$data merge entity $(bone_body_1) { transformation: [-1f,-1.4400063236971003e-18f,1.2245621343323617e-16f,3.395526780245028e-17f,0f,0.999930865932079f,0.011758543971206133f,1.2007565740110464f,-1.2246467991473532e-16f,0.011758543971206133f,-0.999930865932079f,-0.2772658028918318f,0f,0f,0f,1f], start_interpolation: 0, interpolation_duration: 1 }
$data merge entity $(bone_leg_left_2) { transformation: [-0.9642503587849752f,-0.26484699925242083f,-0.008792756680055969f,0.2090126041363945f,-0.26486714487659735f,0.9642841791501259f,0.0011905484818164336f,0.6002482414454405f,0.008163402964820966f,0.0034768991581833886f,-0.9999606342373072f,-0.1389505740685231f,0f,0f,0f,1f], start_interpolation: 0, interpolation_duration: 1 }
$data merge entity $(bone_leg_left_1) { transformation: [-0.9642503587849752f,-0.24374887733979297f,0.10396023460264517f,0.12500000000000003f,-0.26486714487659735f,0.8744414080099063f,-0.4064451002565685f,0.9012221704957006f,0.008163402964820966f,-0.41945048426869536f,-0.907741510617858f,-0.2971050124452897f,0f,0f,0f,1f], start_interpolation: 0, interpolation_duration: 1 }
$data merge entity $(bone_leg_right_2) { transformation: [-0.9642627133354017f,0.17121433225119664f,0.20219562829800694f,-0.20815983700307455f,0.26481735668636813f,0.6467761975536119f,0.715228856993156f,0.6128535940050697f,-0.00831788847567863f,0.743213430119416f,-0.669002698067383f,-0.17589067813200338f,0f,0f,0f,1f], start_interpolation: 0, interpolation_duration: 1 }
$data merge entity $(bone_leg_right_1) { transformation: [-0.9642627133354017f,0.26071371676582805f,-0.047178147072522096f,-0.12499999999999996f,0.26481735668636813f,0.9427944584525864f,-0.20251018914795252f,0.911742182881883f,-0.00831788847567863f,-0.2077666166669761f,-0.9781430599508765f,-0.30056703344386404f,0f,0f,0f,1f], start_interpolation: 0, interpolation_duration: 1 }
$data merge entity $(bone_skirt_forward_right) { transformation: [-0.9848905124510205f,0.17317816976734163f,1.1725536747288902e-16f,-0.006249999999999964f,0.1658116442103133f,0.9429959645377803f,-0.2885569432707064f,1.0945279273047492f,-0.049971763309279674f,-0.2841969957291861f,-0.9574627358233145f,-0.2945141613339758f,0f,0f,0f,1f], start_interpolation: 0, interpolation_duration: 1 }
$data merge entity $(bone_skirt_forward_left) { transformation: [-0.9848905124510205f,-0.17317816976734157f,1.1725536747288902e-16f,-0.006249999999999964f,-0.1658116442103133f,0.9429959645377803f,-0.2885569432707064f,1.0945279273047492f,0.04997176330927944f,-0.2841969957291861f,-0.9574627358233145f,-0.2945141613339758f,0f,0f,0f,1f], start_interpolation: 0, interpolation_duration: 1 }
$data merge entity $(bone_skirt_forward) { transformation: [-1f,3.53380336948215e-17f,1.1725536747288902e-16f,-0.006249999999999964f,0f,0.9574627358233145f,-0.2885569432707064f,1.0945279273047492f,-1.2246467991473532e-16f,-0.2885569432707064f,-0.9574627358233145f,-0.2945141613339758f,0f,0f,0f,1f], start_interpolation: 0, interpolation_duration: 1 }
$data merge entity $(bone_skirt_back_right) { transformation: [-0.9848905124510205f,0.1731781697673416f,1.2187192664547187e-16f,-0.006249999999999965f,0.17233995317814932f,0.9801234475999274f,0.09826987332537741f,1.1179399531051242f,0.01701819680575724f,0.09678506589792786f,-0.9951598022411347f,-0.28588089440177805f,0f,0f,0f,1f], start_interpolation: 0, interpolation_duration: 1 }
$data merge entity $(bone_skirt_back_left) { transformation: [-0.9848905124510205f,-0.1731781697673416f,1.2187192664547187e-16f,-0.006249999999999965f,-0.17233995317814932f,0.9801234475999274f,0.09826987332537741f,1.1179399531051242f,-0.017018196805757484f,0.0967850658979278f,-0.9951598022411347f,-0.28588089440177805f,0f,0f,0f,1f], start_interpolation: 0, interpolation_duration: 1 }
$data merge entity $(bone_skirt_back) { transformation: [-1f,-1.2034588582053933e-17f,1.2187192664547187e-16f,-0.006249999999999965f,0f,0.9951598022411347f,0.09826987332537741f,1.1179399531051242f,-1.2246467991473532e-16f,0.09826987332537741f,-0.9951598022411347f,-0.28588089440177805f,0f,0f,0f,1f], start_interpolation: 0, interpolation_duration: 1 }
$data merge entity $(bone_skirt_right) { transformation: [-0.9763990913756959f,0.21576765257983155f,-0.009441104856134749f,-0.19999999999999998f,0.21586506442617848f,0.9735843246199044f,-0.0744032043307696f,1.133620976210835f,-0.006862093047842063f,-0.07468522581202752f,-0.9971835481617258f,-0.29325938110464805f,0f,0f,0f,1f], start_interpolation: 0, interpolation_duration: 1 }
$data merge entity $(bone_skirt_left) { transformation: [-0.9763990913756959f,-0.21576765257983155f,0.009441104856134992f,0.18750000000000003f,-0.21586506442617848f,0.9735843246199044f,-0.0744032043307696f,1.133620976210835f,0.006862093047841824f,-0.07468522581202758f,-0.9971835481617258f,-0.293259381104648f,0f,0f,0f,1f], start_interpolation: 0, interpolation_duration: 1 }
$data merge entity $(bone_coat_downer) { transformation: [-1f,1.4556056383150967e-17f,1.2159654209388154e-16f,-0.007812499999999966f,0f,0.9929111167280378f,-0.11885922041592285f,0.9820715020418792f,-1.2246467991473532e-16f,-0.11885922041592285f,-0.9929111167280378f,-0.2815486995856789f,0f,0f,0f,1f], start_interpolation: 0, interpolation_duration: 1 }
$data merge entity $(bone_body_2) { transformation: [-1f,3.902829252280373e-18f,1.2240247444576487e-16f,3.535180978622653e-17f,0f,0.9994920537985829f,-0.031869019336821645f,1.2053955078125f,-1.2246467991473532e-16f,-0.031869019336821645f,-0.9994920537985829f,-0.28866943359374997f,0f,0f,0f,1f], start_interpolation: 0, interpolation_duration: 1 }
$data merge entity $(bone_book_left) { transformation: [0.06027719027263555f,-8.494970141937813e-19f,-0.9981816770171833f,-1.3931777448466074f,-0.002461333820490285f,0.9999969598674735f,-0.00014863254900201173f,2.083613587952985f,0.9981786424125997f,0.0024658174730730043f,0.06027700702198879f,-0.7732925064035425f,0f,0f,0f,1f], start_interpolation: 0, interpolation_duration: 1 }
$data merge entity $(bone_book_right) { transformation: [0.06027719027263555f,-8.494970141937813e-19f,-0.9981816770171833f,-1.3875267582585478f,-0.002461333820490285f,0.9999969598674735f,-0.00014863254900201173f,2.0833828379073145f,0.9981786424125997f,0.0024658174730730043f,0.06027700702198879f,-0.6797132586773613f,0f,0f,0f,1f], start_interpolation: 0, interpolation_duration: 1 }
$data merge entity $(bone_book_loot_1) { transformation: [0.06027719027263555f,-8.494970141937813e-19f,-0.9981816770171833f,-1.240625f,-0.002461333820490285f,0.9999969598674735f,-0.00014863254900201173f,2.0835205078125f,0.9981786424125997f,0.0024658174730730043f,0.06027700702198879f,-0.7355444335937502f,0f,0f,0f,1f], start_interpolation: 0, interpolation_duration: 1 }
$data merge entity $(bone_book_left2) { transformation: [-0.06027719027263599f,-2.4554591905768733e-19f,0.9981816770171833f,1.3875267582585478f,-0.002461333820490285f,0.9999969598674735f,-0.00014863254900201173f,2.0833828379073145f,-0.9981786424125997f,-0.0024658174730730043f,-0.06027700702198924f,-0.7913756085101388f,0f,0f,0f,1f], start_interpolation: 0, interpolation_duration: 1 }
$data merge entity $(bone_book_right2) { transformation: [-0.06027719027263599f,-2.4554591905768733e-19f,0.9981816770171833f,1.3931777448466074f,-0.002461333820490285f,0.9999969598674735f,-0.00014863254900201173f,2.083613587952985f,-0.9981786424125997f,-0.0024658174730730043f,-0.06027700702198924f,-0.6977963607839576f,0f,0f,0f,1f], start_interpolation: 0, interpolation_duration: 1 }
$data merge entity $(bone_book_loot_2) { transformation: [-0.06027719027263599f,-2.4554591905768733e-19f,0.9981816770171833f,1.240625f,-0.002461333820490285f,0.9999969598674735f,-0.00014863254900201173f,2.0835205078125f,-0.9981786424125997f,-0.0024658174730730043f,-0.06027700702198924f,-0.7355444335937498f,0f,0f,0f,1f], start_interpolation: 0, interpolation_duration: 1 }
$data merge entity $(bone_air_staff_povit_1) { transformation: [-1.557506222889501f,-0.12482233638448059f,1.9135106236677394e-16f,-0.0021540234375001356f,-0.12482233638448059f,1.557506222889501f,0f,1.338482119140625f,-1.9073950105137115e-16f,-1.5286327471534835e-17f,-1.5625f,1.0010827636718749f,0f,0f,0f,1f], start_interpolation: 0, interpolation_duration: 1 }