# This file was generated by Animated Java via MC-Build. It is not recommended to edit this file directly.
$data merge entity $(bone_wing_right_1) { transformation: [-0.6337652646805956f,-0.11174991559903057f,-0.5027902048492876f,0.046198924639327885f,-0.14957268809153887f,0.8027890615124442f,0.010108320210822634f,1.3378220226308173f,0.49286310949983897f,0.09993059353382652f,-0.6434627232517601f,-0.5975457772121027f,0f,0f,0f,1f], start_interpolation: 0, interpolation_duration: 1 }
$data merge entity $(bone_wing_right_2) { transformation: [-0.6154654018510498f,0.13644539463176994f,-0.49252918026052667f,0.046198924639327885f,0.1655773992237687f,0.7826148955319852f,0.009902027961622173f,1.3378220226308173f,0.4835146988361559f,-0.0943216813635158f,-0.6303308309404998f,-0.5975457772121027f,0f,0f,0f,1f], start_interpolation: 0, interpolation_duration: 1 }
$data merge entity $(bone_wing_left_1) { transformation: [-0.6337652646805954f,0.11174991559903052f,0.5027902048492877f,-0.04619892463932776f,0.14957268809153887f,0.8027890615124442f,0.010108320210822634f,1.3378220226308173f,-0.4928631094998391f,0.09993059353382654f,-0.6434627232517599f,-0.5975457772121027f,0f,0f,0f,1f], start_interpolation: 0, interpolation_duration: 1 }
$data merge entity $(bone_wing_left_2) { transformation: [-0.6154654018510496f,-0.13644539463176988f,0.4925291802605268f,-0.04619892463932776f,-0.1655773992237687f,0.7826148955319852f,0.009902027961622173f,1.3378220226308173f,-0.483514698836156f,-0.09432168136351583f,-0.6303308309404996f,-0.5975457772121027f,0f,0f,0f,1f], start_interpolation: 0, interpolation_duration: 1 }
$data merge entity $(bone_staff) { transformation: [-0.000010529924891422476f,0.000006450391044703763f,0.000009573597137513511f,-0.09566384914190401f,0.0000043349587863466256f,0.000014219293933574156f,-0.000004812529205240994f,1.3973403451886712f,-0.000010699039167218595f,-5.871630106084892e-7f,-0.000011372177693709135f,0.38381106933576925f,0f,0f,0f,1f], start_interpolation: 0, interpolation_duration: 1 }
$data merge entity $(bone_arm_right_2) { transformation: [0.2995660843396886f,-0.9252047896222025f,-0.23292972840219958f,-0.19514951232084043f,-0.048144993628762345f,0.22917136183719128f,-0.9721947060657006f,1.4019992370213954f,0.9528600215676346f,0.30245096160174956f,0.02410798880669998f,0.1548903336619349f,0f,0f,0f,1f], start_interpolation: 0, interpolation_duration: 1 }
$data merge entity $(bone_arm_right_1) { transformation: [0.272473333398768f,-0.9252047896222025f,-0.26411054474727f,-0.29843749999999997f,-0.15353087645776356f,0.22917136183719128f,-0.9612017253874434f,1.4580811307608406f,0.949835013336882f,0.30245096160174956f,-0.07960441737430281f,-0.19529835250708943f,0f,0f,0f,1f], start_interpolation: 0, interpolation_duration: 1 }
$data merge entity $(bone_arm_left_2) { transformation: [0.29956608433968884f,0.9252047896222025f,0.23292972840219955f,0.1997755362689515f,0.048144993628762345f,0.22917136183719128f,-0.9721947060657006f,1.4031450938305814f,-0.9528600215676346f,0.3024509616017498f,0.02410798880670005f,0.1564025884699437f,0f,0f,0f,1f], start_interpolation: 0, interpolation_duration: 1 }
$data merge entity $(bone_arm_left_1) { transformation: [0.2724733333987682f,0.9252047896222025f,0.26411054474727f,0.2984375000000001f,0.15353087645776356f,0.22917136183719128f,-0.9612017253874434f,1.4580811307608406f,-0.949835013336882f,0.3024509616017498f,-0.07960441737430274f,-0.19529835250708938f,0f,0f,0f,1f], start_interpolation: 0, interpolation_duration: 1 }
$data merge entity $(bone_himo_right_2) { transformation: [-1f,5.673740064671978e-17f,1.0852863766984354e-16f,-0.15625f,0f,0.8862035792312148f,-0.4632960351198611f,1.2071251616303287f,-1.2246467991473532e-16f,-0.4632960351198611f,-0.8862035792312148f,-0.04595115922009714f,0f,0f,0f,1f], start_interpolation: 0, interpolation_duration: 1 }
$data merge entity $(bone_himo_right_1) { transformation: [-1f,1.6196736499516814e-17f,1.2138889386341652e-16f,-0.15625f,0f,0.9912155402515417f,-0.13225639025712235f,1.3921514729883857f,-1.2246467991473532e-16f,-0.13225639025712235f,-0.9912155402515417f,-0.0769443295198797f,0f,0f,0f,1f], start_interpolation: 0, interpolation_duration: 1 }
$data merge entity $(bone_himo_left_2) { transformation: [-1f,5.673740064671978e-17f,1.0852863766984354e-16f,0.15625f,0f,0.8862035792312148f,-0.4632960351198611f,1.2071251616303287f,-1.2246467991473532e-16f,-0.4632960351198611f,-0.8862035792312148f,-0.04595115922009711f,0f,0f,0f,1f], start_interpolation: 0, interpolation_duration: 1 }
$data merge entity $(bone_himo_left_1) { transformation: [-1f,1.6196736499516814e-17f,1.2138889386341652e-16f,0.15625f,0f,0.9912155402515417f,-0.13225639025712235f,1.3921514729883857f,-1.2246467991473532e-16f,-0.13225639025712235f,-0.9912155402515417f,-0.07694432951987967f,0f,0f,0f,1f], start_interpolation: 0, interpolation_duration: 1 }
$data merge entity $(bone_ponpon1) { transformation: [-1f,-1.2588455115273837e-17f,1.2181596210854026e-16f,0.29375000000000007f,0f,0.9947028171171741f,0.10279253678724681f,2.0871979657679005f,-1.2246467991473532e-16f,0.10279253678724681f,-0.9947028171171741f,-0.19985546146980335f,0f,0f,0f,1f], start_interpolation: 0, interpolation_duration: 1 }
$data merge entity $(bone_ponpon2) { transformation: [-1f,-1.2588455115273837e-17f,1.2181596210854026e-16f,0.33125000000000004f,0f,0.9947028171171741f,0.10279253678724681f,1.9724969139520583f,-1.2246467991473532e-16f,0.10279253678724681f,-0.9947028171171741f,-0.3059579176729443f,0f,0f,0f,1f], start_interpolation: 0, interpolation_duration: 1 }
$data merge entity $(bone_ponpon3) { transformation: [-1f,-1.2588455115273837e-17f,1.2181596210854026e-16f,-0.29374999999999996f,0f,0.9947028171171741f,0.10279253678724681f,2.0871979657679005f,-1.2246467991473532e-16f,0.10279253678724681f,-0.9947028171171741f,-0.19985546146980343f,0f,0f,0f,1f], start_interpolation: 0, interpolation_duration: 1 }
$data merge entity $(bone_ponpon4) { transformation: [-1f,-1.2588455115273837e-17f,1.2181596210854026e-16f,-0.33124999999999993f,0f,0.9947028171171741f,0.10279253678724681f,1.9724969139520583f,-1.2246467991473532e-16f,0.10279253678724681f,-0.9947028171171741f,-0.30595791767294434f,0f,0f,0f,1f], start_interpolation: 0, interpolation_duration: 1 }
$data merge entity $(bone_ear_edge_a1) { transformation: [-0.9876883405951377f,0.15643446504023084f,1.2181596210854026e-16f,0.19523827377799088f,0.15560580306973576f,0.9824563748237705f,0.10279253678724681f,2.1956536997987874f,0.016080295502441087f,0.10152699008496047f,-0.9947028171171741f,-0.2106391445812373f,0f,0f,0f,1f], start_interpolation: 0, interpolation_duration: 1 }
$data merge entity $(bone_ear_edge_a2) { transformation: [-1f,-1.3877787807814457e-17f,1.2181596210854026e-16f,0.08005326181113279f,0f,0.9947028171171741f,0.10279253678724681f,2.205677700814551f,-1.214306433183765e-16f,0.10279253678724681f,-0.9947028171171741f,-0.2096032648436545f,0f,0f,0f,1f], start_interpolation: 0, interpolation_duration: 1 }
$data merge entity $(bone_ear_edge_b1) { transformation: [-0.9702957262759965f,0.2419218955996677f,1.2181596210854026e-16f,0.05771677939820301f,0.24064039107531637f,0.9651558923634882f,0.10279253678724681f,2.201380897985473f,0.024867765353069213f,0.09973915913773376f,-0.9947028171171741f,-0.2100472962219465f,0f,0f,0f,1f], start_interpolation: 0, interpolation_duration: 1 }
$data merge entity $(bone_ear_edge_b2) { transformation: [-0.9975640502598243f,-0.06975647374412529f,1.2181596210854026e-16f,0.08682420206637906f,-0.0693869609454416f,0.9922797710482656f,0.10279253678724681f,2.2113290983754883f,-0.007170444893491739f,0.10254213933396791f,-0.9947028171171741f,-0.20901924971704045f,0f,0f,0f,1f], start_interpolation: 0, interpolation_duration: 1 }
$data merge entity $(bone_ear_right_2) { transformation: [-0.9961946980917455f,0.08715574274765817f,1.2181596210854026e-16f,0.1446100421182231f,0.08669406283903532f,0.9909176725890521f,0.10279253678724681f,2.3187237419207514f,0.00895895989260835f,0.102401380150856f,-0.9947028171171741f,-0.2293375114177505f,0f,0f,0f,1f], start_interpolation: 0, interpolation_duration: 1 }
$data merge entity $(bone_ear_right_1) { transformation: [-0.9961946980917455f,0.08715574274765817f,1.2181596210854026e-16f,0.12500000000000003f,0.08669406283903532f,0.9909176725890521f,0.10279253678724681f,2.095767265588215f,0.00895895989260835f,0.102401380150856f,-0.9947028171171741f,-0.25237782195169306f,0f,0f,0f,1f], start_interpolation: 0, interpolation_duration: 1 }
$data merge entity $(bone_ear_edge_a3) { transformation: [-0.9876883405951377f,-0.1564344650402309f,1.2181596210854026e-16f,-0.19523827377799083f,-0.15560580306973576f,0.9824563748237705f,0.10279253678724681f,2.1956536997987874f,-0.016080295502441326f,0.10152699008496043f,-0.9947028171171741f,-0.2106391445812374f,0f,0f,0f,1f], start_interpolation: 0, interpolation_duration: 1 }
$data merge entity $(bone_ear_edge_a4) { transformation: [-1f,-1.3877787807814457e-17f,1.2181596210854026e-16f,-0.08005326181113276f,0f,0.9947028171171741f,0.10279253678724681f,2.205677700814551f,-1.214306433183765e-16f,0.10279253678724681f,-0.9947028171171741f,-0.20960326484365452f,0f,0f,0f,1f], start_interpolation: 0, interpolation_duration: 1 }
$data merge entity $(bone_ear_edge_b3) { transformation: [-0.9702957262759965f,-0.24192189559966773f,1.2181596210854026e-16f,-0.05771677939820295f,-0.24064039107531637f,0.9651558923634882f,0.10279253678724681f,2.201380897985473f,-0.024867765353069442f,0.09973915913773371f,-0.9947028171171741f,-0.21004729622194657f,0f,0f,0f,1f], start_interpolation: 0, interpolation_duration: 1 }
$data merge entity $(bone_ear_edge_b4) { transformation: [-0.9975640502598243f,0.06975647374412527f,1.2181596210854026e-16f,-0.086824202066379f,0.0693869609454416f,0.9922797710482656f,0.10279253678724681f,2.2113290983754883f,0.007170444893491492f,0.10254213933396791f,-0.9947028171171741f,-0.2090192497170405f,0f,0f,0f,1f], start_interpolation: 0, interpolation_duration: 1 }
$data merge entity $(bone_ear_left_2) { transformation: [-0.9961946980917455f,-0.0871557427476582f,1.2181596210854026e-16f,-0.14461004211822304f,-0.08669406283903532f,0.9909176725890521f,0.10279253678724681f,2.3187237419207514f,-0.008958959892608594f,0.10240138015085597f,-0.9947028171171741f,-0.22933751141775055f,0f,0f,0f,1f], start_interpolation: 0, interpolation_duration: 1 }
$data merge entity $(bone_ear_left_1) { transformation: [-0.9961946980917455f,-0.0871557427476582f,1.2181596210854026e-16f,-0.12499999999999997f,-0.08669406283903532f,0.9909176725890521f,0.10279253678724681f,2.095767265588215f,-0.008958959892608594f,0.10240138015085597f,-0.9947028171171741f,-0.2523778219516931f,0f,0f,0f,1f], start_interpolation: 0, interpolation_duration: 1 }
$data merge entity $(bone_head) { transformation: [-1f,-1.2588455115273837e-17f,1.2181596210854026e-16f,3.355220361357811e-17f,0f,0.9947028171171741f,0.10279253678724681f,1.5827698050410612f,-1.2246467991473532e-16f,0.10279253678724681f,-0.9947028171171741f,-0.2739745340202454f,0f,0f,0f,1f], start_interpolation: 0, interpolation_duration: 1 }
$data merge entity $(bone_body_1) { transformation: [-1f,-1.9235915869112995e-18f,1.2244957175109002e-16f,3.427355045866985e-17f,0f,0.9998766324816606f,0.015707317311820672f,1.2078160678604384f,-1.2246467991473532e-16f,0.015707317311820672f,-0.9998766324816606f,-0.2798647780121782f,0f,0f,0f,1f], start_interpolation: 0, interpolation_duration: 1 }
$data merge entity $(bone_leg_left_2) { transformation: [-0.9621405622295347f,-0.2723523678184533f,-0.010475030134406316f,0.2116216102434847f,-0.27238212870428896f,0.962187988137152f,0.0015004822891414582f,0.607992917696996f,0.009670288266383142f,0.00429688587954119f,-0.9999440095808282f,-0.14299071894920545f,0f,0f,0f,1f], start_interpolation: 0, interpolation_duration: 1 }
$data merge entity $(bone_leg_left_1) { transformation: [-0.9621405622295347f,-0.2512620107988184f,0.10560748288814234f,0.12500000000000003f,-0.27238212870428896f,0.8726725974586382f,-0.4052783162313444f,0.9083623478546277f,0.009670288266383142f,-0.41870029803443887f,-0.9080729849250649f,-0.30088673557282236f,0f,0f,0f,1f], start_interpolation: 0, interpolation_duration: 1 }
$data merge entity $(bone_leg_right_2) { transformation: [-0.9620494252057022f,0.17522346284638388f,0.20918327258530953f,-0.21081455034720487f,0.2727416187405329f,0.6414539535488553f,0.7170417246460186f,0.620049604256953f,-0.00853890321831601f,0.7468825634225671f,-0.6649011382056458f,-0.1813402577936776f,0f,0f,0f,1f], start_interpolation: 0, interpolation_duration: 1 }
$data merge entity $(bone_leg_right_1) { transformation: [-0.9620494252057022f,0.2687697595288349f,-0.04715633387139238f,-0.12499999999999996f,0.2727416187405329f,0.9417033258912861f,-0.19699455680826253f,0.9188959502059202f,-0.00853890321831601f,-0.20237999497999354f,-0.9792698426704082f,-0.30430718459376144f,0f,0f,0f,1f], start_interpolation: 0, interpolation_duration: 1 }
$data merge entity $(bone_skirt_forward_right) { transformation: [-0.9822872507286887f,0.18738131458572457f,1.1633802321791102e-16f,-0.006249999999999964f,0.17800701183438702f,0.9331454347612431f,-0.3123349185122324f,1.1016563656606273f,-0.05852572762184738f,-0.3068026084119498f,-0.9499720515246525f,-0.29753251354470855f,0f,0f,0f,1f], start_interpolation: 0, interpolation_duration: 1 }
$data merge entity $(bone_skirt_forward_left) { transformation: [-0.9822872507286887f,-0.18738131458572452f,1.1633802321791102e-16f,-0.006249999999999964f,-0.17800701183438702f,0.9331454347612431f,-0.3123349185122324f,1.1016563656606273f,0.05852572762184714f,-0.3068026084119498f,-0.9499720515246525f,-0.29753251354470855f,0f,0f,0f,1f], start_interpolation: 0, interpolation_duration: 1 }
$data merge entity $(bone_skirt_forward) { transformation: [-1f,3.8249995821795484e-17f,1.1633802321791102e-16f,-0.006249999999999964f,0f,0.9499720515246525f,-0.3123349185122324f,1.1016563656606273f,-1.2246467991473532e-16f,-0.3123349185122324f,-0.9499720515246525f,-0.29753251354470855f,0f,0f,0f,1f], start_interpolation: 0, interpolation_duration: 1 }
$data merge entity $(bone_skirt_back_right) { transformation: [-0.9822872507286887f,0.18738131458572452f,1.21577710112393e-16f,-0.006249999999999965f,0.18602417579536915f,0.9751728800445958f,0.12013683883464701f,1.1250341149339689f,0.02251139879100936f,0.118008885130121f,-0.9927573419294455f,-0.28880685661168776f,0f,0f,0f,1f], start_interpolation: 0, interpolation_duration: 1 }
$data merge entity $(bone_skirt_back_left) { transformation: [-0.9822872507286887f,-0.18738131458572457f,1.21577710112393e-16f,-0.006249999999999965f,-0.18602417579536915f,0.9751728800445958f,0.12013683883464701f,1.1250341149339689f,-0.022511398791009603f,0.11800888513012095f,-0.9927573419294455f,-0.28880685661168776f,0f,0f,0f,1f], start_interpolation: 0, interpolation_duration: 1 }
$data merge entity $(bone_skirt_back) { transformation: [-1f,-1.471251951385319e-17f,1.21577710112393e-16f,-0.006249999999999965f,0f,0.9927573419294455f,0.12013683883464701f,1.1250341149339689f,-1.2246467991473532e-16f,0.12013683883464701f,-0.9927573419294455f,-0.28880685661168776f,0f,0f,0f,1f], start_interpolation: 0, interpolation_duration: 1 }
$data merge entity $(bone_skirt_right) { transformation: [-0.9731817359494578f,0.22984395181583775f,-0.009437511752500355f,-0.19999999999999998f,0.2299301398813742f,0.9706540615740722f,-0.07044731026724091f,1.1510819191875536f,-0.007031329072901585f,-0.07072800409622809f,-0.9974708566409509f,-0.2964121191690839f,0f,0f,0f,1f], start_interpolation: 0, interpolation_duration: 1 }
$data merge entity $(bone_skirt_left) { transformation: [-0.9731817359494578f,-0.22984395181583775f,0.009437511752500601f,0.18750000000000003f,-0.2299301398813742f,0.9706540615740722f,-0.07044731026724091f,1.1510819191875536f,0.0070313290729013475f,-0.07072800409622815f,-0.9974708566409509f,-0.29641211916908383f,0f,0f,0f,1f], start_interpolation: 0, interpolation_duration: 1 }
$data merge entity $(bone_coat_downer) { transformation: [-1f,1.4075741345420672e-17f,1.2165307777526794e-16f,-0.0078124999999999644f,0f,0.9933727656003964f,-0.11493715049286661f,0.9891496149206708f,-1.2246467991473532e-16f,-0.11493715049286661f,-0.9933727656003964f,-0.28501125884770256f,0f,0f,0f,1f], start_interpolation: 0, interpolation_duration: 1 }
$data merge entity $(bone_body_2) { transformation: [-1f,3.419414548976742e-18f,1.2241693277794874e-16f,3.566783802516666e-17f,0f,0.9996101150403544f,-0.02792163872356888f,1.2125f,-1.2246467991473532e-16f,-0.02792163872356888f,-0.9996101150403544f,-0.29125f,0f,0f,0f,1f], start_interpolation: 0, interpolation_duration: 1 }
$data merge entity $(bone_book_left) { transformation: [0.3616716373938995f,3.365037601582851e-18f,-0.9323055436415766f,-1.3974241895490755f,0.009693221334335063f,0.9999459492820233f,0.00376031576291713f,2.0907346776143907f,0.9322551518575691f,-0.01039704354483771f,0.36165208878222654f,-0.7275766469259897f,0f,0f,0f,1f], start_interpolation: 0, interpolation_duration: 1 }
$data merge entity $(bone_book_right) { transformation: [0.3616716373938995f,3.365037601582851e-18f,-0.9323055436415766f,-1.3635174735433975f,0.009693221334335063f,0.9999459492820233f,0.00376031576291713f,2.0916434171144846f,0.9322551518575691f,-0.01039704354483771f,0.36165208878222654f,-0.6401777264393426f,0f,0f,0f,1f], start_interpolation: 0, interpolation_duration: 1 }
$data merge entity $(bone_book_loot_1) { transformation: [0.3616716373938995f,3.365037601582851e-18f,-0.9323055436415766f,-1.240625f,0.009693221334335063f,0.9999459492820233f,0.00376031576291713f,2.090625f,0.9322551518575691f,-0.01039704354483771f,0.36165208878222654f,-0.7381250000000001f,0f,0f,0f,1f], start_interpolation: 0, interpolation_duration: 1 }
$data merge entity $(bone_book_left2) { transformation: [-0.36167163739389996f,1.252177251020822e-18f,0.9323055436415765f,1.3635174735433975f,0.009693221334335063f,0.9999459492820233f,0.00376031576291713f,2.0916434171144846f,-0.932255151857569f,0.01039704354483771f,-0.361652088782227f,-0.8360722735606575f,0f,0f,0f,1f], start_interpolation: 0, interpolation_duration: 1 }
$data merge entity $(bone_book_right2) { transformation: [-0.36167163739389996f,1.252177251020822e-18f,0.9323055436415765f,1.3974241895490755f,0.009693221334335063f,0.9999459492820233f,0.00376031576291713f,2.0907346776143907f,-0.932255151857569f,0.01039704354483771f,-0.361652088782227f,-0.7486733530740104f,0f,0f,0f,1f], start_interpolation: 0, interpolation_duration: 1 }
$data merge entity $(bone_book_loot_2) { transformation: [-0.36167163739389996f,1.252177251020822e-18f,0.9323055436415765f,1.240625f,0.009693221334335063f,0.9999459492820233f,0.00376031576291713f,2.090625f,-0.932255151857569f,0.01039704354483771f,-0.361652088782227f,-0.7381249999999999f,0f,0f,0f,1f], start_interpolation: 0, interpolation_duration: 1 }
$data merge entity $(bone_air_staff_povit_1) { transformation: [1.201556337552598f,0.9988336286325098f,1.9135106236677394e-16f,-0.00034250000000012385f,0.9988336286325098f,-1.201556337552598f,0f,1.3342474999999998f,1.4714821227790056e-16f,1.2232184061855392e-16f,-1.5625f,1.011875f,0f,0f,0f,1f], start_interpolation: 0, interpolation_duration: 1 }