# This file was generated by Animated Java via MC-Build. It is not recommended to edit this file directly.
$data merge entity $(bone_wing_right_1) { transformation: [-0.6820508776847075f,-0.12026397195170302f,-0.43276739912378387f,0.04019519038435747f,-0.1484895271661502f,0.8029800520080395f,0.010878457775978422f,1.356706700642482f,0.423912614834635f,0.08777276099115598f,-0.6924871708966861f,-0.6061189405409682f,0f,0f,0f,1f], start_interpolation: 0, interpolation_duration: 1 }
$data merge entity $(bone_wing_right_2) { transformation: [-0.6623567760985442f,0.14684096202643201f,-0.4239354113865638f,0.04019519038435747f,0.16662928406404892f,0.7823816982771801f,0.010656448433611515f,1.356706700642482f,0.41655513782528913f,-0.07947710407449236f,-0.6783547796538967f,-0.6061189405409682f,0f,0f,0f,1f], start_interpolation: 0, interpolation_duration: 1 }
$data merge entity $(bone_wing_left_1) { transformation: [-0.6820508776847075f,0.12026397195170302f,0.432767399123784f,-0.040195190384357316f,0.1484895271661502f,0.8029800520080395f,0.010878457775978422f,1.356706700642482f,-0.4239126148346351f,0.087772760991156f,-0.6924871708966861f,-0.6061189405409682f,0f,0f,0f,1f], start_interpolation: 0, interpolation_duration: 1 }
$data merge entity $(bone_wing_left_2) { transformation: [-0.6623567760985442f,-0.14684096202643201f,0.42393541138656393f,-0.040195190384357316f,-0.16662928406404892f,0.7823816982771801f,0.010656448433611515f,1.356706700642482f,-0.41655513782528925f,-0.07947710407449238f,-0.6783547796538967f,-0.6061189405409682f,0f,0f,0f,1f], start_interpolation: 0, interpolation_duration: 1 }
$data merge entity $(bone_staff) { transformation: [-0.000010529924891422476f,0.000006450391044703763f,0.000009573597137513511f,-0.09566384914190401f,0.0000043349587863466256f,0.000014219293933574156f,-0.000004812529205240994f,1.4160903451886713f,-0.000010699039167218595f,-5.871630106084892e-7f,-0.000011372177693709135f,0.38381106933576925f,0f,0f,0f,1f], start_interpolation: 0, interpolation_duration: 1 }
$data merge entity $(bone_arm_right_2) { transformation: [0.2995660843396886f,-0.9252047896222025f,-0.23292972840219958f,-0.19514951232084043f,-0.048144993628762345f,0.22917136183719128f,-0.9721947060657006f,1.4207492370213954f,0.9528600215676346f,0.30245096160174956f,0.02410798880669998f,0.1548903336619349f,0f,0f,0f,1f], start_interpolation: 0, interpolation_duration: 1 }
$data merge entity $(bone_arm_right_1) { transformation: [0.272473333398768f,-0.9252047896222025f,-0.26411054474727f,-0.29843749999999997f,-0.15353087645776356f,0.22917136183719128f,-0.9612017253874434f,1.4768311307608406f,0.949835013336882f,0.30245096160174956f,-0.07960441737430281f,-0.19529835250708943f,0f,0f,0f,1f], start_interpolation: 0, interpolation_duration: 1 }
$data merge entity $(bone_arm_left_2) { transformation: [0.29956608433968884f,0.9252047896222025f,0.23292972840219955f,0.1997755362689515f,0.048144993628762345f,0.22917136183719128f,-0.9721947060657006f,1.4218950938305814f,-0.9528600215676346f,0.3024509616017498f,0.02410798880670005f,0.1564025884699437f,0f,0f,0f,1f], start_interpolation: 0, interpolation_duration: 1 }
$data merge entity $(bone_arm_left_1) { transformation: [0.2724733333987682f,0.9252047896222025f,0.26411054474727f,0.2984375000000001f,0.15353087645776356f,0.22917136183719128f,-0.9612017253874434f,1.4768311307608406f,-0.949835013336882f,0.3024509616017498f,-0.07960441737430274f,-0.19529835250708938f,0f,0f,0f,1f], start_interpolation: 0, interpolation_duration: 1 }
$data merge entity $(bone_himo_right_2) { transformation: [-1f,9.793312573434603e-17f,7.353027070886761e-17f,-0.15625f,0f,0.6004202253258836f,-0.7996846584870909f,1.2277507909641738f,-1.2246467991473532e-16f,-0.7996846584870909f,-0.6004202253258836f,-0.036310105347809964f,0f,0f,0f,1f], start_interpolation: 0, interpolation_duration: 1 }
$data merge entity $(bone_himo_right_1) { transformation: [-1f,2.2527543272670036e-17f,1.2037486291047878e-16f,-0.15625f,0f,0.9829353491495542f,-0.18395135061272025f,1.4109014729883858f,-1.2246467991473532e-16f,-0.18395135061272025f,-0.9829353491495542f,-0.0769443295198797f,0f,0f,0f,1f], start_interpolation: 0, interpolation_duration: 1 }
$data merge entity $(bone_himo_left_2) { transformation: [-1f,9.793312573434603e-17f,7.353027070886761e-17f,0.15625f,0f,0.6004202253258836f,-0.7996846584870909f,1.2277507909641738f,-1.2246467991473532e-16f,-0.7996846584870909f,-0.6004202253258836f,-0.036310105347809936f,0f,0f,0f,1f], start_interpolation: 0, interpolation_duration: 1 }
$data merge entity $(bone_himo_left_1) { transformation: [-1f,2.2527543272670036e-17f,1.2037486291047878e-16f,0.15625f,0f,0.9829353491495542f,-0.18395135061272025f,1.4109014729883858f,-1.2246467991473532e-16f,-0.18395135061272025f,-0.9829353491495542f,-0.07694432951987967f,0f,0f,0f,1f], start_interpolation: 0, interpolation_duration: 1 }
$data merge entity $(bone_ponpon1) { transformation: [-1f,-1.2588455115273837e-17f,1.2181596210854026e-16f,0.29375000000000007f,0f,0.9947028171171741f,0.10279253678724681f,2.1059479657679003f,-1.2246467991473532e-16f,0.10279253678724681f,-0.9947028171171741f,-0.19985546146980335f,0f,0f,0f,1f], start_interpolation: 0, interpolation_duration: 1 }
$data merge entity $(bone_ponpon2) { transformation: [-1f,-1.2588455115273837e-17f,1.2181596210854026e-16f,0.33125000000000004f,0f,0.9947028171171741f,0.10279253678724681f,1.991246913952058f,-1.2246467991473532e-16f,0.10279253678724681f,-0.9947028171171741f,-0.3059579176729443f,0f,0f,0f,1f], start_interpolation: 0, interpolation_duration: 1 }
$data merge entity $(bone_ponpon3) { transformation: [-1f,-1.2588455115273837e-17f,1.2181596210854026e-16f,-0.29374999999999996f,0f,0.9947028171171741f,0.10279253678724681f,2.1059479657679003f,-1.2246467991473532e-16f,0.10279253678724681f,-0.9947028171171741f,-0.19985546146980343f,0f,0f,0f,1f], start_interpolation: 0, interpolation_duration: 1 }
$data merge entity $(bone_ponpon4) { transformation: [-1f,-1.2588455115273837e-17f,1.2181596210854026e-16f,-0.33124999999999993f,0f,0.9947028171171741f,0.10279253678724681f,1.991246913952058f,-1.2246467991473532e-16f,0.10279253678724681f,-0.9947028171171741f,-0.30595791767294434f,0f,0f,0f,1f], start_interpolation: 0, interpolation_duration: 1 }
$data merge entity $(bone_ear_edge_a1) { transformation: [-0.9876883405951377f,0.15643446504023084f,1.2181596210854026e-16f,0.19523827377799088f,0.15560580306973576f,0.9824563748237705f,0.10279253678724681f,2.2144036997987873f,0.016080295502441087f,0.10152699008496047f,-0.9947028171171741f,-0.2106391445812373f,0f,0f,0f,1f], start_interpolation: 0, interpolation_duration: 1 }
$data merge entity $(bone_ear_edge_a2) { transformation: [-1f,-1.3877787807814457e-17f,1.2181596210854026e-16f,0.08005326181113279f,0f,0.9947028171171741f,0.10279253678724681f,2.2244277008145508f,-1.214306433183765e-16f,0.10279253678724681f,-0.9947028171171741f,-0.2096032648436545f,0f,0f,0f,1f], start_interpolation: 0, interpolation_duration: 1 }
$data merge entity $(bone_ear_edge_b1) { transformation: [-0.9702957262759965f,0.2419218955996677f,1.2181596210854026e-16f,0.05771677939820301f,0.24064039107531637f,0.9651558923634882f,0.10279253678724681f,2.220130897985473f,0.024867765353069213f,0.09973915913773376f,-0.9947028171171741f,-0.2100472962219465f,0f,0f,0f,1f], start_interpolation: 0, interpolation_duration: 1 }
$data merge entity $(bone_ear_edge_b2) { transformation: [-0.9975640502598243f,-0.06975647374412529f,1.2181596210854026e-16f,0.08682420206637906f,-0.0693869609454416f,0.9922797710482656f,0.10279253678724681f,2.230079098375488f,-0.007170444893491739f,0.10254213933396791f,-0.9947028171171741f,-0.20901924971704045f,0f,0f,0f,1f], start_interpolation: 0, interpolation_duration: 1 }
$data merge entity $(bone_ear_right_2) { transformation: [-0.9961946980917455f,0.08715574274765817f,1.2181596210854026e-16f,0.1446100421182231f,0.08669406283903532f,0.9909176725890521f,0.10279253678724681f,2.337473741920751f,0.00895895989260835f,0.102401380150856f,-0.9947028171171741f,-0.2293375114177505f,0f,0f,0f,1f], start_interpolation: 0, interpolation_duration: 1 }
$data merge entity $(bone_ear_right_1) { transformation: [-0.9961946980917455f,0.08715574274765817f,1.2181596210854026e-16f,0.12500000000000003f,0.08669406283903532f,0.9909176725890521f,0.10279253678724681f,2.1145172655882147f,0.00895895989260835f,0.102401380150856f,-0.9947028171171741f,-0.25237782195169306f,0f,0f,0f,1f], start_interpolation: 0, interpolation_duration: 1 }
$data merge entity $(bone_ear_edge_a3) { transformation: [-0.9876883405951377f,-0.1564344650402309f,1.2181596210854026e-16f,-0.19523827377799083f,-0.15560580306973576f,0.9824563748237705f,0.10279253678724681f,2.2144036997987873f,-0.016080295502441326f,0.10152699008496043f,-0.9947028171171741f,-0.2106391445812374f,0f,0f,0f,1f], start_interpolation: 0, interpolation_duration: 1 }
$data merge entity $(bone_ear_edge_a4) { transformation: [-1f,-1.3877787807814457e-17f,1.2181596210854026e-16f,-0.08005326181113276f,0f,0.9947028171171741f,0.10279253678724681f,2.2244277008145508f,-1.214306433183765e-16f,0.10279253678724681f,-0.9947028171171741f,-0.20960326484365452f,0f,0f,0f,1f], start_interpolation: 0, interpolation_duration: 1 }
$data merge entity $(bone_ear_edge_b3) { transformation: [-0.9702957262759965f,-0.24192189559966773f,1.2181596210854026e-16f,-0.05771677939820295f,-0.24064039107531637f,0.9651558923634882f,0.10279253678724681f,2.220130897985473f,-0.024867765353069442f,0.09973915913773371f,-0.9947028171171741f,-0.21004729622194657f,0f,0f,0f,1f], start_interpolation: 0, interpolation_duration: 1 }
$data merge entity $(bone_ear_edge_b4) { transformation: [-0.9975640502598243f,0.06975647374412527f,1.2181596210854026e-16f,-0.086824202066379f,0.0693869609454416f,0.9922797710482656f,0.10279253678724681f,2.230079098375488f,0.007170444893491492f,0.10254213933396791f,-0.9947028171171741f,-0.2090192497170405f,0f,0f,0f,1f], start_interpolation: 0, interpolation_duration: 1 }
$data merge entity $(bone_ear_left_2) { transformation: [-0.9961946980917455f,-0.0871557427476582f,1.2181596210854026e-16f,-0.14461004211822304f,-0.08669406283903532f,0.9909176725890521f,0.10279253678724681f,2.337473741920751f,-0.008958959892608594f,0.10240138015085597f,-0.9947028171171741f,-0.22933751141775055f,0f,0f,0f,1f], start_interpolation: 0, interpolation_duration: 1 }
$data merge entity $(bone_ear_left_1) { transformation: [-0.9961946980917455f,-0.0871557427476582f,1.2181596210854026e-16f,-0.12499999999999997f,-0.08669406283903532f,0.9909176725890521f,0.10279253678724681f,2.1145172655882147f,-0.008958959892608594f,0.10240138015085597f,-0.9947028171171741f,-0.2523778219516931f,0f,0f,0f,1f], start_interpolation: 0, interpolation_duration: 1 }
$data merge entity $(bone_head) { transformation: [-1f,-1.2588455115273837e-17f,1.2181596210854026e-16f,3.355220361357811e-17f,0f,0.9947028171171741f,0.10279253678724681f,1.601519805041061f,-1.2246467991473532e-16f,0.10279253678724681f,-0.9947028171171741f,-0.2739745340202454f,0f,0f,0f,1f], start_interpolation: 0, interpolation_duration: 1 }
$data merge entity $(bone_body_1) { transformation: [-1f,-1.9235915869112995e-18f,1.2244957175109002e-16f,3.427355045866985e-17f,0f,0.9998766324816606f,0.015707317311820672f,1.2265660678604384f,-1.2246467991473532e-16f,0.015707317311820672f,-0.9998766324816606f,-0.2798647780121782f,0f,0f,0f,1f], start_interpolation: 0, interpolation_duration: 1 }
$data merge entity $(bone_leg_left_2) { transformation: [-0.9580732152653799f,-0.2860243278528579f,-0.01690556320794369f,0.2169102681146661f,-0.2860629890662242f,0.958210805383328f,-0.0001368690283184426f,0.6282442408181004f,0.01623824120877115f,0.004704925393081094f,-0.9998570813868806f,-0.14313183957433664f,0f,0f,0f,1f], start_interpolation: 0, interpolation_duration: 1 }
$data merge entity $(bone_leg_left_1) { transformation: [-0.9580732152653799f,-0.2663706753516576f,0.1055574606731271f,0.12500000000000003f,-0.2860629890662242f,0.8683760711907361f,-0.4050814304184269f,0.9271123478546277f,0.01623824120877115f,-0.4182937512036767f,-0.908166646175911f,-0.30088673557282236f,0f,0f,0f,1f], start_interpolation: 0, interpolation_duration: 1 }
$data merge entity $(bone_leg_right_2) { transformation: [-0.957708661539981f,0.18274259101519869f,0.22225945433288088f,-0.2157843141719808f,0.2875011829953655f,0.6391765098925258f,0.7132996978675058f,0.6402362477471157f,-0.011712787352441627f,0.7470331549741696f,-0.6646835908774752f,-0.18142586864748578f,0f,0f,0f,1f], start_interpolation: 0, interpolation_duration: 1 }
$data merge entity $(bone_leg_right_1) { transformation: [-0.957708661539981f,0.28385362919114154f,-0.0471299990061115f,-0.12499999999999996f,0.2875011829953655f,0.9373239138112878f,-0.19689324613544987f,0.9376459502059202f,-0.011712787352441627f,-0.2021162976914712f,-0.9792914851156059f,-0.30430718459376144f,0f,0f,0f,1f], start_interpolation: 0, interpolation_duration: 1 }
$data merge entity $(bone_skirt_forward_right) { transformation: [-0.9735789028731603f,0.22835087011065583f,1.1272933223801343e-16f,-0.006249999999999964f,0.21019808422694644f,0.8961841053136461f,-0.39073112848927377f,1.1204063656606276f,-0.08922379316984423f,-0.3804075833929789f,-0.9205048534524404f,-0.29753251354470855f,0f,0f,0f,1f], start_interpolation: 0, interpolation_duration: 1 }
$data merge entity $(bone_skirt_forward_left) { transformation: [-0.9735789028731603f,-0.22835087011065572f,1.1272933223801343e-16f,-0.006249999999999964f,-0.21019808422694644f,0.8961841053136461f,-0.39073112848927377f,1.1204063656606276f,0.08922379316984398f,-0.38040758339297903f,-0.9205048534524404f,-0.29753251354470855f,0f,0f,0f,1f], start_interpolation: 0, interpolation_duration: 1 }
$data merge entity $(bone_skirt_forward) { transformation: [-1f,4.785076258316223e-17f,1.1272933223801343e-16f,-0.006249999999999964f,0f,0.9205048534524404f,-0.39073112848927377f,1.1204063656606276f,-1.2246467991473532e-16f,-0.39073112848927377f,-0.9205048534524404f,-0.29753251354470855f,0f,0f,0f,1f], start_interpolation: 0, interpolation_duration: 1 }
$data merge entity $(bone_skirt_back_right) { transformation: [-0.9735789028731603f,0.22835087011065575f,1.2064109830856497e-16f,-0.006249999999999965f,0.2249505717815644f,0.959081656967883f,0.1719291002794096f,1.1437841149339691f,0.03926015964614526f,0.1673865448219972f,-0.9851093261547739f,-0.28880685661168776f,0f,0f,0f,1f], start_interpolation: 0, interpolation_duration: 1 }
$data merge entity $(bone_skirt_back_left) { transformation: [-0.9735789028731603f,-0.2283508701106558f,1.2064109830856497e-16f,-0.006249999999999965f,-0.2249505717815644f,0.959081656967883f,0.1719291002794096f,1.1437841149339691f,-0.039260159646145494f,0.16738654482199714f,-0.9851093261547739f,-0.28880685661168776f,0f,0f,0f,1f], start_interpolation: 0, interpolation_duration: 1 }
$data merge entity $(bone_skirt_back) { transformation: [-1f,-2.1055242233746327e-17f,1.2064109830856497e-16f,-0.006249999999999965f,0f,0.9851093261547739f,0.1719291002794096f,1.1437841149339691f,-1.2246467991473532e-16f,0.1719291002794096f,-0.9851093261547739f,-0.28880685661168776f,0f,0f,0f,1f], start_interpolation: 0, interpolation_duration: 1 }
$data merge entity $(bone_skirt_right) { transformation: [-0.9627032125356749f,0.2703950207595011f,-0.00943701870084431f,-0.19999999999999998f,0.27037524900095455f,0.9601741415663431f,-0.07044744562443753f,1.1998202226387646f,-0.0099874571920449f,-0.07037151849864573f,-0.9974708517460708f,-0.297249768330791f,0f,0f,0f,1f], start_interpolation: 0, interpolation_duration: 1 }
$data merge entity $(bone_skirt_left) { transformation: [-0.9627032125356749f,-0.2703950207595011f,0.009437018700844556f,0.18750000000000003f,-0.27037524900095455f,0.9601741415663431f,-0.07044744562443753f,1.1998202226387646f,0.009987457192044665f,-0.0703715184986458f,-0.9974708517460708f,-0.2972497683307909f,0f,0f,0f,1f], start_interpolation: 0, interpolation_duration: 1 }
$data merge entity $(bone_coat_downer) { transformation: [-1f,1.4075741345420672e-17f,1.2165307777526794e-16f,-0.0078124999999999644f,0f,0.9933727656003964f,-0.11493715049286661f,1.007899614920671f,-1.2246467991473532e-16f,-0.11493715049286661f,-0.9933727656003964f,-0.28501125884770256f,0f,0f,0f,1f], start_interpolation: 0, interpolation_duration: 1 }
$data merge entity $(bone_body_2) { transformation: [-1f,3.419414548976742e-18f,1.2241693277794874e-16f,3.566783802516666e-17f,0f,0.9996101150403544f,-0.02792163872356888f,1.23125f,-1.2246467991473532e-16f,-0.02792163872356888f,-0.9996101150403544f,-0.29125f,0f,0f,0f,1f], start_interpolation: 0, interpolation_duration: 1 }
$data merge entity $(bone_book_left) { transformation: [0.663918783982307f,2.7243845923981506e-18f,0.747804685914347f,-1.1595754901120188f,-0.005913650673814929f,0.9999687311605041f,0.005250279702987924f,2.110439744330783f,-0.7477813029296487f,-0.007908015000714069f,0.6638980240124123f,-0.603488047823311f,0f,0f,0f,1f], start_interpolation: 0, interpolation_duration: 1 }
$data merge entity $(bone_book_right) { transformation: [0.663918783982307f,2.7243845923981506e-18f,0.747804685914347f,-1.0973331041136773f,-0.005913650673814929f,0.9999687311605041f,0.005250279702987924f,2.109885339580113f,-0.7477813029296487f,-0.007908015000714069f,0.6638980240124123f,-0.6735925449729656f,0f,0f,0f,1f], start_interpolation: 0, interpolation_duration: 1 }
$data merge entity $(bone_book_loot_1) { transformation: [0.663918783982307f,2.7243845923981506e-18f,0.747804685914347f,-1.240625f,-0.005913650673814929f,0.9999687311605041f,0.005250279702987924f,2.109375f,-0.7477813029296487f,-0.007908015000714069f,0.6638980240124123f,-0.7381250000000001f,0f,0f,0f,1f], start_interpolation: 0, interpolation_duration: 1 }
$data merge entity $(bone_book_left2) { transformation: [-0.6639187839823066f,7.874795407514027e-19f,-0.7478046859143473f,1.0973331041136773f,-0.005913650673814929f,0.9999687311605041f,0.005250279702987924f,2.109885339580113f,0.7477813029296491f,0.007908015000714069f,-0.6638980240124119f,-0.8026574550270344f,0f,0f,0f,1f], start_interpolation: 0, interpolation_duration: 1 }
$data merge entity $(bone_book_right2) { transformation: [-0.6639187839823066f,7.874795407514027e-19f,-0.7478046859143473f,1.1595754901120185f,-0.005913650673814929f,0.9999687311605041f,0.005250279702987924f,2.110439744330783f,0.7477813029296491f,0.007908015000714069f,-0.6638980240124119f,-0.8727619521766891f,0f,0f,0f,1f], start_interpolation: 0, interpolation_duration: 1 }
$data merge entity $(bone_book_loot_2) { transformation: [-0.6639187839823066f,7.874795407514027e-19f,-0.7478046859143473f,1.240625f,-0.005913650673814929f,0.9999687311605041f,0.005250279702987924f,2.109375f,0.7477813029296491f,0.007908015000714069f,-0.6638980240124119f,-0.7381249999999999f,0f,0f,0f,1f], start_interpolation: 0, interpolation_duration: 1 }
$data merge entity $(bone_air_staff_povit_1) { transformation: [-1.4340436190118209f,0.620423362528749f,1.9135106236677394e-16f,-0.00034250000000012385f,0.620423362528749f,1.4340436190118209f,0f,1.3529974999999999f,-1.7561969278605128e-16f,7.597994850370704e-17f,-1.5625f,1.011875f,0f,0f,0f,1f], start_interpolation: 0, interpolation_duration: 1 }