# This file was generated by Animated Java via MC-Build. It is not recommended to edit this file directly.
$data merge entity $(bone_wing_right_1) { transformation: [-0.7228637985445837f,-0.12746039106081852f,-0.35800310321107975f,0.03512059537008337f,-0.14733302160902795f,0.8031839751410993f,0.011529408681276944f,1.3756004981754815f,0.35029323993148015f,0.07479167889283815f,-0.733924584185011f,-0.6152726228789751f,0f,0f,0f,1f], start_interpolation: 0, interpolation_duration: 1 }
$data merge entity $(bone_wing_right_2) { transformation: [-0.7019912309000363f,0.15562770911268567f,-0.3506969174312618f,0.03512059537008337f,0.1677523957224576f,0.7821327104169588f,0.011294114626557007f,1.3756004981754815f,0.3450615096889654f,-0.06362734830369027f,-0.7189465314465415f,-0.6152726228789751f,0f,0f,0f,1f], start_interpolation: 0, interpolation_duration: 1 }
$data merge entity $(bone_wing_left_1) { transformation: [-0.7228637985445837f,0.12746039106081852f,0.35800310321108f,-0.03512059537008322f,0.14733302160902795f,0.8031839751410993f,0.011529408681276944f,1.3756004981754815f,-0.35029323993148037f,0.07479167889283819f,-0.733924584185011f,-0.6152726228789751f,0f,0f,0f,1f], start_interpolation: 0, interpolation_duration: 1 }
$data merge entity $(bone_wing_left_2) { transformation: [-0.7019912309000363f,-0.15562770911268567f,0.350696917431262f,-0.03512059537008322f,-0.1677523957224576f,0.7821327104169588f,0.011294114626557007f,1.3756004981754815f,-0.3450615096889656f,-0.06362734830369031f,-0.7189465314465415f,-0.6152726228789751f,0f,0f,0f,1f], start_interpolation: 0, interpolation_duration: 1 }
$data merge entity $(bone_staff) { transformation: [-0.000010529924891422476f,0.000006450391044703763f,0.000009573597137513511f,-0.09566384914190401f,0.0000043349587863466256f,0.000014219293933574156f,-0.000004812529205240994f,1.4348403451886713f,-0.000010699039167218595f,-5.871630106084892e-7f,-0.000011372177693709135f,0.38381106933576925f,0f,0f,0f,1f], start_interpolation: 0, interpolation_duration: 1 }
$data merge entity $(bone_arm_right_2) { transformation: [0.2995660843396886f,-0.9252047896222025f,-0.23292972840219958f,-0.19514951232084043f,-0.048144993628762345f,0.22917136183719128f,-0.9721947060657006f,1.4394992370213955f,0.9528600215676346f,0.30245096160174956f,0.02410798880669998f,0.1548903336619349f,0f,0f,0f,1f], start_interpolation: 0, interpolation_duration: 1 }
$data merge entity $(bone_arm_right_1) { transformation: [0.272473333398768f,-0.9252047896222025f,-0.26411054474727f,-0.29843749999999997f,-0.15353087645776356f,0.22917136183719128f,-0.9612017253874434f,1.4955811307608406f,0.949835013336882f,0.30245096160174956f,-0.07960441737430281f,-0.19529835250708943f,0f,0f,0f,1f], start_interpolation: 0, interpolation_duration: 1 }
$data merge entity $(bone_arm_left_2) { transformation: [0.29956608433968884f,0.9252047896222025f,0.23292972840219955f,0.1997755362689515f,0.048144993628762345f,0.22917136183719128f,-0.9721947060657006f,1.4406450938305815f,-0.9528600215676346f,0.3024509616017498f,0.02410798880670005f,0.1564025884699437f,0f,0f,0f,1f], start_interpolation: 0, interpolation_duration: 1 }
$data merge entity $(bone_arm_left_1) { transformation: [0.2724733333987682f,0.9252047896222025f,0.26411054474727f,0.2984375000000001f,0.15353087645776356f,0.22917136183719128f,-0.9612017253874434f,1.4955811307608406f,-0.949835013336882f,0.3024509616017498f,-0.07960441737430274f,-0.19529835250708938f,0f,0f,0f,1f], start_interpolation: 0, interpolation_duration: 1 }
$data merge entity $(bone_himo_right_2) { transformation: [-1f,8.598894888620674e-17f,8.719804181324203e-17f,-0.15625f,0f,0.7120260459909967f,-0.7021530529951623f,1.2458195207046416f,-1.2246467991473532e-16f,-0.7021530529951623f,-0.7120260459909967f,-0.039512714278919905f,0f,0f,0f,1f], start_interpolation: 0, interpolation_duration: 1 }
$data merge entity $(bone_himo_right_1) { transformation: [-1f,2.0423281186369023e-17f,1.207496890770369e-16f,-0.15625f,0f,0.985996037070505f,-0.1667687467161022f,1.4296514729883858f,-1.2246467991473532e-16f,-0.1667687467161022f,-0.985996037070505f,-0.0769443295198797f,0f,0f,0f,1f], start_interpolation: 0, interpolation_duration: 1 }
$data merge entity $(bone_himo_left_2) { transformation: [-1f,8.598894888620674e-17f,8.719804181324203e-17f,0.15625f,0f,0.7120260459909967f,-0.7021530529951623f,1.2458195207046416f,-1.2246467991473532e-16f,-0.7021530529951623f,-0.7120260459909967f,-0.03951271427891988f,0f,0f,0f,1f], start_interpolation: 0, interpolation_duration: 1 }
$data merge entity $(bone_himo_left_1) { transformation: [-1f,2.0423281186369023e-17f,1.207496890770369e-16f,0.15625f,0f,0.985996037070505f,-0.1667687467161022f,1.4296514729883858f,-1.2246467991473532e-16f,-0.1667687467161022f,-0.985996037070505f,-0.07694432951987967f,0f,0f,0f,1f], start_interpolation: 0, interpolation_duration: 1 }
$data merge entity $(bone_ponpon1) { transformation: [-1f,-1.2588455115273837e-17f,1.2181596210854026e-16f,0.29375000000000007f,0f,0.9947028171171741f,0.10279253678724681f,2.1246979657679006f,-1.2246467991473532e-16f,0.10279253678724681f,-0.9947028171171741f,-0.19985546146980335f,0f,0f,0f,1f], start_interpolation: 0, interpolation_duration: 1 }
$data merge entity $(bone_ponpon2) { transformation: [-1f,-1.2588455115273837e-17f,1.2181596210854026e-16f,0.33125000000000004f,0f,0.9947028171171741f,0.10279253678724681f,2.0099969139520586f,-1.2246467991473532e-16f,0.10279253678724681f,-0.9947028171171741f,-0.3059579176729443f,0f,0f,0f,1f], start_interpolation: 0, interpolation_duration: 1 }
$data merge entity $(bone_ponpon3) { transformation: [-1f,-1.2588455115273837e-17f,1.2181596210854026e-16f,-0.29374999999999996f,0f,0.9947028171171741f,0.10279253678724681f,2.1246979657679006f,-1.2246467991473532e-16f,0.10279253678724681f,-0.9947028171171741f,-0.19985546146980343f,0f,0f,0f,1f], start_interpolation: 0, interpolation_duration: 1 }
$data merge entity $(bone_ponpon4) { transformation: [-1f,-1.2588455115273837e-17f,1.2181596210854026e-16f,-0.33124999999999993f,0f,0.9947028171171741f,0.10279253678724681f,2.0099969139520586f,-1.2246467991473532e-16f,0.10279253678724681f,-0.9947028171171741f,-0.30595791767294434f,0f,0f,0f,1f], start_interpolation: 0, interpolation_duration: 1 }
$data merge entity $(bone_ear_edge_a1) { transformation: [-0.9876883405951377f,0.15643446504023084f,1.2181596210854026e-16f,0.19523827377799088f,0.15560580306973576f,0.9824563748237705f,0.10279253678724681f,2.233153699798787f,0.016080295502441087f,0.10152699008496047f,-0.9947028171171741f,-0.2106391445812373f,0f,0f,0f,1f], start_interpolation: 0, interpolation_duration: 1 }
$data merge entity $(bone_ear_edge_a2) { transformation: [-1f,-1.3877787807814457e-17f,1.2181596210854026e-16f,0.08005326181113279f,0f,0.9947028171171741f,0.10279253678724681f,2.2431777008145506f,-1.214306433183765e-16f,0.10279253678724681f,-0.9947028171171741f,-0.2096032648436545f,0f,0f,0f,1f], start_interpolation: 0, interpolation_duration: 1 }
$data merge entity $(bone_ear_edge_b1) { transformation: [-0.9702957262759965f,0.2419218955996677f,1.2181596210854026e-16f,0.05771677939820301f,0.24064039107531637f,0.9651558923634882f,0.10279253678724681f,2.2388808979854726f,0.024867765353069213f,0.09973915913773376f,-0.9947028171171741f,-0.2100472962219465f,0f,0f,0f,1f], start_interpolation: 0, interpolation_duration: 1 }
$data merge entity $(bone_ear_edge_b2) { transformation: [-0.9975640502598243f,-0.06975647374412529f,1.2181596210854026e-16f,0.08682420206637906f,-0.0693869609454416f,0.9922797710482656f,0.10279253678724681f,2.248829098375488f,-0.007170444893491739f,0.10254213933396791f,-0.9947028171171741f,-0.20901924971704045f,0f,0f,0f,1f], start_interpolation: 0, interpolation_duration: 1 }
$data merge entity $(bone_ear_right_2) { transformation: [-0.9961946980917455f,0.08715574274765817f,1.2181596210854026e-16f,0.1446100421182231f,0.08669406283903532f,0.9909176725890521f,0.10279253678724681f,2.356223741920751f,0.00895895989260835f,0.102401380150856f,-0.9947028171171741f,-0.2293375114177505f,0f,0f,0f,1f], start_interpolation: 0, interpolation_duration: 1 }
$data merge entity $(bone_ear_right_1) { transformation: [-0.9961946980917455f,0.08715574274765817f,1.2181596210854026e-16f,0.12500000000000003f,0.08669406283903532f,0.9909176725890521f,0.10279253678724681f,2.1332672655882146f,0.00895895989260835f,0.102401380150856f,-0.9947028171171741f,-0.25237782195169306f,0f,0f,0f,1f], start_interpolation: 0, interpolation_duration: 1 }
$data merge entity $(bone_ear_edge_a3) { transformation: [-0.9876883405951377f,-0.1564344650402309f,1.2181596210854026e-16f,-0.19523827377799083f,-0.15560580306973576f,0.9824563748237705f,0.10279253678724681f,2.233153699798787f,-0.016080295502441326f,0.10152699008496043f,-0.9947028171171741f,-0.2106391445812374f,0f,0f,0f,1f], start_interpolation: 0, interpolation_duration: 1 }
$data merge entity $(bone_ear_edge_a4) { transformation: [-1f,-1.3877787807814457e-17f,1.2181596210854026e-16f,-0.08005326181113276f,0f,0.9947028171171741f,0.10279253678724681f,2.2431777008145506f,-1.214306433183765e-16f,0.10279253678724681f,-0.9947028171171741f,-0.20960326484365452f,0f,0f,0f,1f], start_interpolation: 0, interpolation_duration: 1 }
$data merge entity $(bone_ear_edge_b3) { transformation: [-0.9702957262759965f,-0.24192189559966773f,1.2181596210854026e-16f,-0.05771677939820295f,-0.24064039107531637f,0.9651558923634882f,0.10279253678724681f,2.2388808979854726f,-0.024867765353069442f,0.09973915913773371f,-0.9947028171171741f,-0.21004729622194657f,0f,0f,0f,1f], start_interpolation: 0, interpolation_duration: 1 }
$data merge entity $(bone_ear_edge_b4) { transformation: [-0.9975640502598243f,0.06975647374412527f,1.2181596210854026e-16f,-0.086824202066379f,0.0693869609454416f,0.9922797710482656f,0.10279253678724681f,2.248829098375488f,0.007170444893491492f,0.10254213933396791f,-0.9947028171171741f,-0.2090192497170405f,0f,0f,0f,1f], start_interpolation: 0, interpolation_duration: 1 }
$data merge entity $(bone_ear_left_2) { transformation: [-0.9961946980917455f,-0.0871557427476582f,1.2181596210854026e-16f,-0.14461004211822304f,-0.08669406283903532f,0.9909176725890521f,0.10279253678724681f,2.356223741920751f,-0.008958959892608594f,0.10240138015085597f,-0.9947028171171741f,-0.22933751141775055f,0f,0f,0f,1f], start_interpolation: 0, interpolation_duration: 1 }
$data merge entity $(bone_ear_left_1) { transformation: [-0.9961946980917455f,-0.0871557427476582f,1.2181596210854026e-16f,-0.12499999999999997f,-0.08669406283903532f,0.9909176725890521f,0.10279253678724681f,2.1332672655882146f,-0.008958959892608594f,0.10240138015085597f,-0.9947028171171741f,-0.2523778219516931f,0f,0f,0f,1f], start_interpolation: 0, interpolation_duration: 1 }
$data merge entity $(bone_head) { transformation: [-1f,-1.2588455115273837e-17f,1.2181596210854026e-16f,3.355220361357811e-17f,0f,0.9947028171171741f,0.10279253678724681f,1.6202698050410613f,-1.2246467991473532e-16f,0.10279253678724681f,-0.9947028171171741f,-0.2739745340202454f,0f,0f,0f,1f], start_interpolation: 0, interpolation_duration: 1 }
$data merge entity $(bone_body_1) { transformation: [-1f,-1.9235915869112995e-18f,1.2244957175109002e-16f,3.427355045866985e-17f,0f,0.9998766324816606f,0.015707317311820672f,1.2453160678604385f,-1.2246467991473532e-16f,0.015707317311820672f,-0.9998766324816606f,-0.2798647780121782f,0f,0f,0f,1f], start_interpolation: 0, interpolation_duration: 1 }
$data merge entity $(bone_leg_left_2) { transformation: [-0.9537697889427817f,-0.2996344435441678f,-0.023289266669829778f,0.22217217779660417f,-0.2996717761377291f,0.9540403635363628f,-0.0019522627546733062f,0.6485841986872373f,0.022803865604328268f,0.00511712667240749f,-0.9997268620618924f,-0.14328115226475596f,0f,0f,0f,1f], start_interpolation: 0, interpolation_duration: 1 }
$data merge entity $(bone_leg_left_1) { transformation: [-0.9537697889427817f,-0.28140349884569177f,0.10552374395103808f,0.12500000000000003f,-0.2996717761377291f,0.8638291487284409f,-0.4049642310051047f,0.9458623478546277f,0.022803865604328268f,-0.4178651369096252f,-0.9082228311758078f,-0.30088673557282236f,0f,0f,0f,1f], start_interpolation: 0, interpolation_duration: 1 }
$data merge entity $(bone_leg_right_2) { transformation: [-0.9531316628384988f,0.19023310864741672f,0.23526877750576763f,-0.2207297975027501f,0.3021894776611534f,0.636814753630835f,0.7093296054366957f,0.6605041899575259f,-0.014884652686494991f,0.7471802553149001f,-0.6644547487842669f,-0.18151462491611176f,0f,0f,0f,1f], start_interpolation: 0, interpolation_duration: 1 }
$data merge entity $(bone_leg_right_1) { transformation: [-0.9531316628384988f,0.29886529236101206f,-0.04711231597666419f,-0.12499999999999996f,0.3021894776611534f,0.9327048347799883f,-0.1968329514306837f,0.9563959502059203f,-0.014884652686494991f,-0.20184456445493235f,-0.9793044567009798f,-0.30430718459376144f,0f,0f,0f,1f], start_interpolation: 0, interpolation_duration: 1 }
$data merge entity $(bone_skirt_forward_right) { transformation: [-0.9766722783341679f,0.2147353271670632f,1.1402145247235727e-16f,-0.006249999999999964f,0.1999305752300369f,0.909336404934733f,-0.3648767843376196f,1.1391563656606274f,-0.07835193566040481f,-0.3563650402702678f,-0.9310558158625283f,-0.29753251354470855f,0f,0f,0f,1f], start_interpolation: 0, interpolation_duration: 1 }
$data merge entity $(bone_skirt_forward_left) { transformation: [-0.9766722783341679f,-0.2147353271670631f,1.1402145247235727e-16f,-0.006249999999999964f,-0.1999305752300369f,0.909336404934733f,-0.3648767843376196f,1.1391563656606274f,0.07835193566040456f,-0.3563650402702678f,-0.9310558158625283f,-0.29753251354470855f,0f,0f,0f,1f], start_interpolation: 0, interpolation_duration: 1 }
$data merge entity $(bone_skirt_forward) { transformation: [-1f,4.468451860222449e-17f,1.1402145247235727e-16f,-0.006249999999999964f,0f,0.9310558158625283f,-0.3648767843376196f,1.1391563656606274f,-1.2246467991473532e-16f,-0.3648767843376196f,-0.9310558158625283f,-0.29753251354470855f,0f,0f,0f,1f], start_interpolation: 0, interpolation_duration: 1 }
$data merge entity $(bone_skirt_back_right) { transformation: [-0.9766722783341679f,0.21473532716706312f,1.209901887300531e-16f,-0.006249999999999965f,0.21214988500391757f,0.964913013003708f,0.154710386299468f,1.162534114933969f,0.03322178541815887f,0.15110134546906068f,-0.9879598657693891f,-0.28880685661168776f,0f,0f,0f,1f], start_interpolation: 0, interpolation_duration: 1 }
$data merge entity $(bone_skirt_back_left) { transformation: [-0.9766722783341679f,-0.21473532716706317f,1.209901887300531e-16f,-0.006249999999999965f,-0.21214988500391757f,0.964913013003708f,0.154710386299468f,1.162534114933969f,-0.03322178541815911f,0.15110134546906062f,-0.9879598657693891f,-0.28880685661168776f,0f,0f,0f,1f], start_interpolation: 0, interpolation_duration: 1 }
$data merge entity $(bone_skirt_back) { transformation: [-1f,-1.89465579376494e-17f,1.209901887300531e-16f,-0.006249999999999965f,0f,0.9879598657693891f,0.154710386299468f,1.162534114933969f,-1.2246467991473532e-16f,0.154710386299468f,-0.9879598657693891f,-0.28880685661168776f,0f,0f,0f,1f], start_interpolation: 0, interpolation_duration: 1 }
$data merge entity $(bone_skirt_right) { transformation: [-0.9663846733072673f,0.256927301330754f,-0.009435307504385555f,-0.19999999999999998f,0.25694279703964956f,0.9638561756338773f,-0.07043913501653637f,1.2085741214883607f,-0.009003457460764617f,-0.070495634782108f,-0.9974714548449092f,-0.29697055194355526f,0f,0f,0f,1f], start_interpolation: 0, interpolation_duration: 1 }
$data merge entity $(bone_skirt_left) { transformation: [-0.9663846733072673f,-0.256927301330754f,0.009435307504385801f,0.18750000000000003f,-0.25694279703964956f,0.9638561756338773f,-0.07043913501653637f,1.2085741214883607f,0.009003457460764381f,-0.07049563478210806f,-0.9974714548449092f,-0.2969705519435552f,0f,0f,0f,1f], start_interpolation: 0, interpolation_duration: 1 }
$data merge entity $(bone_coat_downer) { transformation: [-1f,1.4075741345420672e-17f,1.2165307777526794e-16f,-0.0078124999999999644f,0f,0.9933727656003964f,-0.11493715049286661f,1.0266496149206707f,-1.2246467991473532e-16f,-0.11493715049286661f,-0.9933727656003964f,-0.28501125884770256f,0f,0f,0f,1f], start_interpolation: 0, interpolation_duration: 1 }
$data merge entity $(bone_body_2) { transformation: [-1f,3.419414548976742e-18f,1.2241693277794874e-16f,3.566783802516666e-17f,0f,0.9996101150403544f,-0.02792163872356888f,1.25f,-1.2246467991473532e-16f,-0.02792163872356888f,-0.9996101150403544f,-0.29125f,0f,0f,0f,1f], start_interpolation: 0, interpolation_duration: 1 }
$data merge entity $(bone_book_left) { transformation: [-0.03779239261074506f,2.1944145508834492e-18f,-0.9992856123555244f,-1.3887463234497002f,0.00636513146303545f,0.9999797133705678f,-0.00024072551860624194f,2.1277905256348792f,0.9992653402186096f,-0.006369681885073386f,-0.03779162593048081f,-0.7906343067123196f,0f,0f,0f,1f], start_interpolation: 0, interpolation_duration: 1 }
$data merge entity $(bone_book_right) { transformation: [-0.03779239261074506f,2.1944145508834492e-18f,-0.9992856123555244f,-1.3922893602569575f,0.00636513146303545f,0.9999797133705678f,-0.00024072551860624194f,2.1283872567095385f,0.9992653402186096f,-0.006369681885073386f,-0.03779162593048081f,-0.6969531810668249f,0f,0f,0f,1f], start_interpolation: 0, interpolation_duration: 1 }
$data merge entity $(bone_book_loot_1) { transformation: [-0.03779239261074506f,2.1944145508834492e-18f,-0.9992856123555244f,-1.240625f,0.00636513146303545f,0.9999797133705678f,-0.00024072551860624194f,2.128125f,0.9992653402186096f,-0.006369681885073386f,-0.03779162593048081f,-0.7381250000000001f,0f,0f,0f,1f], start_interpolation: 0, interpolation_duration: 1 }
$data merge entity $(bone_book_left2) { transformation: [0.037792392610744616f,6.342924444550486e-19f,0.9992856123555244f,1.3922893602569575f,0.00636513146303545f,0.9999797133705678f,-0.00024072551860624194f,2.1283872567095385f,-0.9992653402186096f,0.006369681885073386f,0.03779162593048037f,-0.7792968189331752f,0f,0f,0f,1f], start_interpolation: 0, interpolation_duration: 1 }
$data merge entity $(bone_book_right2) { transformation: [0.037792392610744616f,6.342924444550486e-19f,0.9992856123555244f,1.3887463234497002f,0.00636513146303545f,0.9999797133705678f,-0.00024072551860624194f,2.1277905256348792f,-0.9992653402186096f,0.006369681885073386f,0.03779162593048037f,-0.6856156932876806f,0f,0f,0f,1f], start_interpolation: 0, interpolation_duration: 1 }
$data merge entity $(bone_book_loot_2) { transformation: [0.037792392610744616f,6.342924444550486e-19f,0.9992856123555244f,1.240625f,0.00636513146303545f,0.9999797133705678f,-0.00024072551860624194f,2.128125f,-0.9992653402186096f,0.006369681885073386f,0.03779162593048037f,-0.7381249999999999f,0f,0f,0f,1f], start_interpolation: 0, interpolation_duration: 1 }
$data merge entity $(bone_air_staff_povit_1) { transformation: [1.4768780716293357f,0.5101346994083178f,1.9135106236677394e-16f,-0.00034250000000012385f,0.5101346994083178f,-1.4768780716293357f,0f,1.3717475f,1.8086540031517812e-16f,6.247348267643936e-17f,-1.5625f,1.011875f,0f,0f,0f,1f], start_interpolation: 0, interpolation_duration: 1 }