# This file was generated by Animated Java via MC-Build. It is not recommended to edit this file directly.
$data merge entity $(bone_wing_right_1) { transformation: [-0.6687174718148412f,-0.11791293275210896f,-0.45371569029934167f,0.04185303876974551f,-0.06206827247867192f,0.8057223555827121f,-0.11791293275210898f,1.251036893408178f,0.4646600013832962f,-0.06206827247867195f,-0.6687174718148412f,-0.43799071063299966f,0f,0f,0f,1f], start_interpolation: 0, interpolation_duration: 1 }
$data merge entity $(bone_wing_right_2) { transformation: [-0.6494083700260272f,0.14397036951042164f,-0.4444561864156817f,0.04185303876974551f,0.24587068408780316f,0.7524665071961717f,-0.11550654636941289f,1.251036893408178f,0.39726109254032693f,-0.23036208075771997f,-0.6550701764716812f,-0.43799071063299966f,0f,0f,0f,1f], start_interpolation: 0, interpolation_duration: 1 }
$data merge entity $(bone_wing_left_1) { transformation: [-0.6687174718148412f,0.11791293275210898f,0.4537156902993418f,-0.0418530387697454f,0.06206827247867192f,0.8057223555827121f,-0.11791293275210898f,1.251036893408178f,-0.46466000138329633f,-0.06206827247867192f,-0.6687174718148412f,-0.4379907106329997f,0f,0f,0f,1f], start_interpolation: 0, interpolation_duration: 1 }
$data merge entity $(bone_wing_left_2) { transformation: [-0.6494083700260272f,-0.14397036951042158f,0.4444561864156818f,-0.0418530387697454f,-0.24587068408780316f,0.7524665071961717f,-0.11550654636941289f,1.251036893408178f,-0.39726109254032704f,-0.23036208075771997f,-0.6550701764716812f,-0.4379907106329997f,0f,0f,0f,1f], start_interpolation: 0, interpolation_duration: 1 }
$data merge entity $(bone_staff) { transformation: [-0.000006264188295005839f,0.000001490247083656728f,0.000014236563266264947f,-0.3187380559043941f,-0.000011526363853479413f,0.000008689526155983065f,-0.000005981278834972448f,1.8900966102342098f,-0.000008487844621687828f,-0.000012900074566223977f,-0.0000023843646667291f,0.2727096021649173f,0f,0f,0f,1f], start_interpolation: 0, interpolation_duration: 1 }
$data merge entity $(bone_arm_right_2) { transformation: [-0.09906771976464127f,-0.9914448613738105f,0.08498631511072982f,-0.31666645360681855f,0.854125239376695f,-0.1285432060694683f,-0.5039312647902349f,1.6684483282773261f,0.5105444763782466f,0.022665635416815204f,0.8595525618662385f,0.15783988820425196f,0f,0f,0f,1f], start_interpolation: 0, interpolation_duration: 1 }
$data merge entity $(bone_arm_right_1) { transformation: [-0.055162752467670655f,-0.9914448613738105f,0.11829690442127493f,-0.2984375f,0.5700158069832215f,-0.1285432060694683f,-0.8115162499683226f,1.4553140482425417f,0.8197798793148422f,0.022665635416815204f,0.5722300397931714f,-0.14329296872918526f,0f,0f,0f,1f], start_interpolation: 0, interpolation_duration: 1 }
$data merge entity $(bone_arm_left_2) { transformation: [0.05107342225657643f,0.992276411173104f,-0.11304436902573473f,0.34935133688686454f,-0.9720407813255705f,0.023414403995628552f,-0.2336417880549283f,1.7324478240789944f,-0.22919036842541163f,0.12181662249034224f,0.9657289917497917f,0.08117240698447384f,0f,0f,0f,1f], start_interpolation: 0, interpolation_duration: 1 }
$data merge entity $(bone_arm_left_1) { transformation: [-0.12164362098621133f,0.9891900282974557f,-0.0818896659551243f,0.2984375f,-0.7756580468311097f,-0.14621335349644773f,-0.613983916438754f,1.4553140482425417f,-0.6193201303522362f,-0.011168848472501627f,0.7850591270498594f,-0.1432929687291852f,0f,0f,0f,1f], start_interpolation: 0, interpolation_duration: 1 }
$data merge entity $(bone_himo_right_2) { transformation: [-1f,6.914440646708537e-17f,1.0107744001968524e-16f,-0.15625000000000003f,0f,0.8253599330848637f,-0.5646069259743004f,1.229065033625226f,-1.2246467991473532e-16f,-0.5646069259743004f,-0.8253599330848637f,0.13696188337780263f,0f,0f,0f,1f], start_interpolation: 0, interpolation_duration: 1 }
$data merge entity $(bone_himo_right_1) { transformation: [-1f,4.062760144268439e-17f,1.155291990261898e-16f,-0.15625000000000003f,0f,0.9433675007898251f,-0.3317495417533521f,1.4038730053873598f,-1.2246467991473532e-16f,-0.3317495417533521f,-0.9433675007898251f,0.06886279741911273f,0f,0f,0f,1f], start_interpolation: 0, interpolation_duration: 1 }
$data merge entity $(bone_himo_left_2) { transformation: [-1f,6.580022455450645e-17f,1.0328566345430089e-16f,0.15624999999999997f,0f,0.8433914458128855f,-0.5372996083468238f,1.224985417591862f,-1.2246467991473532e-16f,-0.5372996083468238f,-0.8433914458128855f,0.12538308963976616f,0f,0f,0f,1f], start_interpolation: 0, interpolation_duration: 1 }
$data merge entity $(bone_himo_left_1) { transformation: [-1f,3.2984643495599375e-17f,1.179390144103587e-16f,0.15624999999999997f,0f,0.9630451367077626f,-0.269340053953226f,1.4038730053873598f,-1.2246467991473532e-16f,-0.269340053953226f,-0.9630451367077626f,0.06886279741911279f,0f,0f,0f,1f], start_interpolation: 0, interpolation_duration: 1 }
$data merge entity $(bone_ponpon1) { transformation: [-1f,1.067350013832298e-17f,1.2199866483456202e-16f,0.29375f,0f,0.9961946980917455f,-0.08715574274765817f,2.0631380297568507f,-1.2246467991473532e-16f,-0.08715574274765817f,-0.9961946980917455f,-0.18326098393720971f,0f,0f,0f,1f], start_interpolation: 0, interpolation_duration: 1 }
$data merge entity $(bone_ponpon2) { transformation: [-1f,1.067350013832298e-17f,1.2199866483456202e-16f,0.33125f,0f,0.9961946980917455f,-0.08715574274765817f,1.9304428416127895f,-1.2246467991473532e-16f,-0.08715574274765817f,-0.9961946980917455f,-0.26575976903985354f,0f,0f,0f,1f], start_interpolation: 0, interpolation_duration: 1 }
$data merge entity $(bone_ponpon3) { transformation: [-1f,1.067350013832298e-17f,1.2199866483456202e-16f,-0.29375f,0f,0.9961946980917455f,-0.08715574274765817f,2.0631380297568507f,-1.2246467991473532e-16f,-0.08715574274765817f,-0.9961946980917455f,-0.1832609839372098f,0f,0f,0f,1f], start_interpolation: 0, interpolation_duration: 1 }
$data merge entity $(bone_ponpon4) { transformation: [-1f,1.067350013832298e-17f,1.2199866483456202e-16f,-0.33125f,0f,0.9961946980917455f,-0.08715574274765817f,1.9304428416127895f,-1.2246467991473532e-16f,-0.08715574274765817f,-0.9961946980917455f,-0.26575976903985365f,0f,0f,0f,1f], start_interpolation: 0, interpolation_duration: 1 }
$data merge entity $(bone_ear_edge_a1) { transformation: [-0.9876883405951377f,0.1564344650402309f,1.2199866483456202e-16f,0.19523827377799088f,0.1558391846718965f,0.9839298882679104f,-0.08715574274765817f,2.1675979373953482f,-0.013634161991914008f,-0.08608271092777117f,-0.9961946980917455f,-0.21435860059480408f,0f,0f,0f,1f], start_interpolation: 0, interpolation_duration: 1 }
$data merge entity $(bone_ear_edge_a2) { transformation: [-1f,1.3877787807814457e-17f,1.2199866483456202e-16f,0.0800532618111328f,-1.3877787807814457e-17f,0.9961946980917455f,-0.08715574274765817f,2.1776369726667175f,-1.231653667943533e-16f,-0.08715574274765817f,-0.9961946980917455f,-0.21523690237378582f,0f,0f,0f,1f], start_interpolation: 0, interpolation_duration: 1 }
$data merge entity $(bone_ear_edge_b1) { transformation: [-0.9702957262759965f,0.24192189559966773f,1.2199866483456202e-16f,0.05771677939820301f,0.24100130974869377f,0.9666034580972274f,-0.08715574274765817f,2.1733337253817866f,-0.021084882497910577f,-0.08456684470846286f,-0.9961946980917455f,-0.2148604170200056f,0f,0f,0f,1f], start_interpolation: 0, interpolation_duration: 1 }
$data merge entity $(bone_ear_edge_b2) { transformation: [-0.9975640502598243f,-0.06975647374412527f,1.2199866483456202e-16f,0.08682420206637906f,-0.06949102930147366f,0.9937680178757646f,-0.08715574274765817f,2.183296846339671f,0.0060796772806266325f,-0.0869434357387572f,-0.9961946980917455f,-0.2157320771571581f,0f,0f,0f,1f], start_interpolation: 0, interpolation_duration: 1 }
$data merge entity $(bone_ear_right_2) { transformation: [-0.9961946980917455f,0.0871557427476582f,1.2199866483456202e-16f,0.1446100421182231f,0.08682408883346518f,0.9924038765061041f,-0.08715574274765817f,2.284911861568791f,-0.007596123493896092f,-0.08682408883346515f,-0.9961946980917455f,-0.2559916089569498f,0f,0f,0f,1f], start_interpolation: 0, interpolation_duration: 1 }
$data merge entity $(bone_ear_right_1) { transformation: [-0.9961946980917455f,0.0871557427476582f,1.2199866483456202e-16f,0.12500000000000003f,0.08682408883346518f,0.9924038765061041f,-0.08715574274765817f,2.061620989354918f,-0.007596123493896092f,-0.08682408883346515f,-0.9961946980917455f,-0.23645618896942017f,0f,0f,0f,1f], start_interpolation: 0, interpolation_duration: 1 }
$data merge entity $(bone_ear_edge_a3) { transformation: [-0.9876883405951377f,-0.15643446504023084f,1.2199866483456202e-16f,-0.19523827377799086f,-0.1558391846718965f,0.9839298882679104f,-0.08715574274765817f,2.1675979373953482f,0.013634161991913765f,-0.08608271092777121f,-0.9961946980917455f,-0.21435860059480413f,0f,0f,0f,1f], start_interpolation: 0, interpolation_duration: 1 }
$data merge entity $(bone_ear_edge_a4) { transformation: [-1f,1.3877787807814457e-17f,1.2199866483456202e-16f,-0.08005326181113276f,1.3877787807814457e-17f,0.9961946980917455f,-0.08715574274765817f,2.1776369726667175f,-1.231653667943533e-16f,-0.08715574274765817f,-0.9961946980917455f,-0.21523690237378584f,0f,0f,0f,1f], start_interpolation: 0, interpolation_duration: 1 }
$data merge entity $(bone_ear_edge_b3) { transformation: [-0.9702957262759965f,-0.2419218955996677f,1.2199866483456202e-16f,-0.05771677939820295f,-0.24100130974869377f,0.9666034580972274f,-0.08715574274765817f,2.1733337253817866f,0.021084882497910337f,-0.08456684470846293f,-0.9961946980917455f,-0.21486041702000563f,0f,0f,0f,1f], start_interpolation: 0, interpolation_duration: 1 }
$data merge entity $(bone_ear_edge_b4) { transformation: [-0.9975640502598243f,0.06975647374412529f,1.2199866483456202e-16f,-0.086824202066379f,0.06949102930147366f,0.9937680178757646f,-0.08715574274765817f,2.183296846339671f,-0.006079677280626878f,-0.08694343573875718f,-0.9961946980917455f,-0.21573207715715811f,0f,0f,0f,1f], start_interpolation: 0, interpolation_duration: 1 }
$data merge entity $(bone_ear_left_2) { transformation: [-0.9961946980917455f,-0.08715574274765817f,1.2199866483456202e-16f,-0.14461004211822304f,-0.08682408883346518f,0.9924038765061041f,-0.08715574274765817f,2.284911861568791f,0.007596123493895848f,-0.08682408883346518f,-0.9961946980917455f,-0.25599160895694983f,0f,0f,0f,1f], start_interpolation: 0, interpolation_duration: 1 }
$data merge entity $(bone_ear_left_1) { transformation: [-0.9961946980917455f,-0.08715574274765817f,1.2199866483456202e-16f,-0.12499999999999999f,-0.08682408883346518f,0.9924038765061041f,-0.08715574274765817f,2.061620989354918f,0.007596123493895848f,-0.08682408883346518f,-0.9961946980917455f,-0.2364561889694202f,0f,0f,0f,1f], start_interpolation: 0, interpolation_duration: 1 }
$data merge entity $(bone_head) { transformation: [-1f,1.067350013832298e-17f,1.2199866483456202e-16f,1.9674904399027624e-17f,0f,0.9961946980917455f,-0.08715574274765817f,1.5537948235437626f,-1.2246467991473532e-16f,-0.08715574274765817f,-0.9961946980917455f,-0.1606577864958783f,0f,0f,0f,1f], start_interpolation: 0, interpolation_duration: 1 }
$data merge entity $(bone_body_1) { transformation: [-1f,2.1265768495757722e-17f,1.2060416625018979e-16f,1.1700241213118478e-17f,0f,0.984807753012208f,-0.17364817766693036f,1.1844919161641847f,-1.2246467991473532e-16f,-0.17364817766693036f,-0.984807753012208f,-0.0955397198707794f,0f,0f,0f,1f], start_interpolation: 0, interpolation_duration: 1 }
$data merge entity $(bone_leg_left_2) { transformation: [-0.9914448613738104f,-0.1303320970233078f,-0.007115570319582605f,0.16382631554658833f,-0.12490577820490298f,0.9631674864644948f,-0.23813218931655344f,0.6561800813869503f,0.037889753581851475f,-0.23520615957745294f,-0.9712066871013256f,0.20828775402865896f,0f,0f,0f,1f], start_interpolation: 0, interpolation_duration: 1 }
$data merge entity $(bone_leg_left_1) { transformation: [-0.9914448613738104f,-0.11642869211047407f,0.0590037838524808f,0.125f,-0.12490577820490298f,0.7150614167191803f,-0.6878122686391879f,0.8890433865533087f,0.037889753581851475f,-0.6892978528713135f,-0.7234865835663461f,-0.04001628065579023f,0f,0f,0f,1f], start_interpolation: 0, interpolation_duration: 1 }
$data merge entity $(bone_leg_right_2) { transformation: [-0.9899620837148079f,0.1196936682835818f,0.07515649393003615f,-0.163864330345118f,0.1352474377753914f,0.9566523638284333f,0.2579232160094598f,0.6933824264928254f,-0.0410268617155555f,0.26549892759536836f,-0.9632378294395845f,0.21622392215931394f,0f,0f,0f,1f], start_interpolation: 0, interpolation_duration: 1 }
$data merge entity $(bone_leg_right_1) { transformation: [-0.9899620837148079f,0.12702943674824493f,-0.06195639600928473f,-0.12499999999999999f,0.1352474377753914f,0.7242063152880589f,-0.676190316014718f,0.8973980516502011f,-0.0410268617155555f,-0.677782218043758f,-0.7341171987642412f,-0.04900774380133413f,0f,0f,0f,1f], start_interpolation: 0, interpolation_duration: 1 }
$data merge entity $(bone_skirt_forward_right) { transformation: [-0.986643332084879f,0.1628954733945888f,1.0328566345430089e-16f,-0.004687499999999991f,0.13738464882263662f,0.8321265463487091f,-0.5372996083468239f,1.0773473604039876f,-0.08752367405638313f,-0.5301230759072108f,-0.8433914458128856f,-0.08471901752208118f,0f,0f,0f,1f], start_interpolation: 0, interpolation_duration: 1 }
$data merge entity $(bone_skirt_forward_left) { transformation: [-0.986643332084879f,-0.1627962418734851f,0.005684970036586885f,-0.004687499999999991f,-0.13738464882263662f,0.8128681514302253f,-0.5660130976031289f,1.068008035137329f,0.08752367405638288f,-0.5592340762348785f,-0.8243766459922273f,-0.08553616084908809f,0f,0f,0f,1f], start_interpolation: 0, interpolation_duration: 1 }
$data merge entity $(bone_skirt_forward) { transformation: [-1f,6.580022455450645e-17f,1.0328566345430089e-16f,-0.004687499999999991f,0f,0.8433914458128856f,-0.5372996083468239f,1.0773473604039876f,-1.2246467991473532e-16f,-0.5372996083468239f,-0.8433914458128856f,-0.08471901752208118f,0f,0f,0f,1f], start_interpolation: 0, interpolation_duration: 1 }
$data merge entity $(bone_skirt_back_right) { transformation: [-0.9883615104677607f,0.15212338618991672f,1.2060416625018979e-16f,-0.004687499999999991f,0.14981229013430022f,0.9733460782875073f,-0.17364817766693036f,1.1022052206234318f,-0.026415948792401837f,-0.17162717516886133f,-0.984807753012208f,-0.08241259074023456f,0f,0f,0f,1f], start_interpolation: 0, interpolation_duration: 1 }
$data merge entity $(bone_skirt_back_left) { transformation: [-0.9883615104677607f,-0.15212338618991667f,1.2060416625018979e-16f,-0.004687499999999991f,-0.14981229013430022f,0.9733460782875073f,-0.17364817766693036f,1.1022052206234318f,0.026415948792401594f,-0.1716271751688614f,-0.984807753012208f,-0.08241259074023456f,0f,0f,0f,1f], start_interpolation: 0, interpolation_duration: 1 }
$data merge entity $(bone_skirt_back) { transformation: [-1f,2.1265768495757722e-17f,1.2060416625018979e-16f,-0.004687499999999991f,0f,0.984807753012208f,-0.17364817766693036f,1.1022052206234318f,-1.2246467991473532e-16f,-0.17364817766693036f,-0.984807753012208f,-0.08241259074023456f,0f,0f,0f,1f], start_interpolation: 0, interpolation_duration: 1 }
$data merge entity $(bone_skirt_right) { transformation: [-0.9807852804032304f,0.194985868214481f,-0.006383176403772561f,-0.1984375f,0.18668979824821852f,0.9285526340854039f,-0.320837848395568f,1.1154811791048507f,-0.05663173116192105f,-0.3158647130176194f,-0.9471126279888263f,-0.09057832430923843f,0f,0f,0f,1f], start_interpolation: 0, interpolation_duration: 1 }
$data merge entity $(bone_skirt_left) { transformation: [-0.9807852804032304f,-0.19480021859864188f,0.010635251679107522f,0.18906250000000002f,-0.18668979824821852f,0.9213326229261272f,-0.3410177666370216f,1.1157873641240774f,0.056631731161920815f,-0.33645069886386625f,-0.9399966884301347f,-0.09368830745903341f,0f,0f,0f,1f], start_interpolation: 0, interpolation_duration: 1 }
$data merge entity $(bone_coat_downer) { transformation: [-1f,4.562824585278073e-17f,1.1364708974283843e-16f,-0.007812499999999996f,0f,0.9279989121921846f,-0.372582902144103f,0.9721211437348347f,-1.2246467991473532e-16f,-0.372582902144103f,-0.9279989121921846f,-0.04295201742595607f,0f,0f,0f,1f], start_interpolation: 0, interpolation_duration: 1 }
$data merge entity $(bone_body_2) { transformation: [-1f,3.5549620084119986e-17f,1.1719139191294432e-16f,1.3203223303307401e-17f,0f,0.9569403357322088f,-0.2902846772544624f,1.1859375f,-1.2246467991473532e-16f,-0.2902846772544624f,-0.9569403357322088f,-0.10781249999999999f,0f,0f,0f,1f], start_interpolation: 0, interpolation_duration: 1 }
$data merge entity $(bone_book_left) { transformation: [0.27982901403099214f,0.15638777551260186f,-0.9472267872989356f,-0.8527248187463716f,-1.3877787807814457e-17f,0.986643332084879f,0.16289547339458874f,1.0531756554777771f,0.9600498543859287f,-0.045582879710119435f,0.2760914308175645f,0.9321574656401453f,0f,0f,0f,1f], start_interpolation: 0, interpolation_duration: 1 }
$data merge entity $(bone_book_right) { transformation: [0.27982901403099214f,0.15638777551260186f,-0.9472267872989356f,-0.8264908486809661f,-1.3877787807814457e-17f,0.986643332084879f,0.16289547339458874f,1.0531756554777771f,0.9600498543859287f,-0.045582879710119435f,0.2760914308175645f,1.0221621394888263f,0f,0f,0f,1f], start_interpolation: 0, interpolation_duration: 1 }
$data merge entity $(bone_book_loot_1) { transformation: [0.27982901403099214f,0.15638777551260186f,-0.9472267872989356f,-0.6975238156188285f,-1.3877787807814457e-17f,0.986643332084879f,0.16289547339458874f,1.0287413344685887f,0.9600498543859287f,-0.045582879710119435f,0.2760914308175645f,0.9357460879418511f,0f,0f,0f,1f], start_interpolation: 0, interpolation_duration: 1 }
$data merge entity $(bone_book_left2) { transformation: [-0.8802158747178539f,-0.47272840757617285f,-0.04180749412700045f,0.8544406227488034f,-0.47199222978531036f,0.8628489442905997f,0.18087297852053102f,2.0828664534720227f,-0.04943024293865217f,0.178940079376012f,-0.9826174734228637f,-0.5422323741814288f,0f,0f,0f,1f], start_interpolation: 0, interpolation_duration: 1 }
$data merge entity $(bone_book_right2) { transformation: [-0.8394026703915185f,-0.47272840757617285f,-0.2681995704882532f,0.9357432977057419f,-0.5027228561429283f,0.8628489442905997f,0.052549303021965255f,2.12895047834616f,0.20657416791817018f,0.178940079376012f,-0.9619290832186238f,-0.5496620576367527f,0f,0f,0f,1f], start_interpolation: 0, interpolation_duration: 1 }
$data merge entity $(bone_book_loot_2) { transformation: [-0.8672285328740104f,-0.47272840757617285f,-0.1563410516776938f,0.9185431179789267f,-0.4915629319907968f,0.8628489442905997f,0.1177182366042279f,2.088250730418457f,0.07924995685678837f,0.178940079376012f,-0.9806629861125093f,-0.39884776799221433f,0f,0f,0f,1f], start_interpolation: 0, interpolation_duration: 1 }
$data merge entity $(bone_air_staff_povit_1) { transformation: [-0.8838517396300901f,0.26951313226204265f,1.25999008880672f,-0.09375291564941413f,-0.19010793311915697f,1.4839373723802578f,-0.4507716701594478f,1.9174169793701172f,-1.2743905704759533f,-0.4082876392832369f,-0.8066201878768569f,0.49626884460449217f,0f,0f,0f,1f], start_interpolation: 0, interpolation_duration: 1 }