# This file was generated by Animated Java via MC-Build. It is not recommended to edit this file directly.
$data merge entity $(bone_head) { transformation: [-0.9035569892604713f,-0.07440267525755218f,0.42195853951907597f,0f,0f,0.984807753012208f,0.17364817766693033f,1.6493938096574767f,-0.42846793014011264f,0.156901024603299f,-0.8898299283120806f,0f,0f,0f,0f,1f], start_interpolation: 0, interpolation_duration: 1 }
$data merge entity $(bone_bust) { transformation: [-0.25256976040378065f,0.4837893436532001f,0.8379477233677425f,-0.06954471815014757f,0f,0.8660254037844387f,-0.49999999999999994f,1.5400188096574767f,-0.9675786873064003f,-0.1262848802018903f,-0.21873182873742308f,0.018153451529021702f,0f,0f,0f,1f], start_interpolation: 0, interpolation_duration: 1 }
$data merge entity $(bone_left_wing) { transformation: [-0.6036203653100537f,0f,0.7972718824735745f,0.13673294593853624f,0f,1f,0f,1.4306438096574767f,-0.7972718824735745f,0f,-0.6036203653100537f,0.028902447906177464f,0f,0f,0f,1f], start_interpolation: 0, interpolation_duration: 1 }
$data merge entity $(bone_right_wing) { transformation: [0.13693230097338857f,0f,0.9905804081194687f,0.10516172588806372f,0f,1f,0f,1.4306438096574767f,-0.9905804081194687f,0f,0.13693230097338857f,-0.09204488800712252f,0f,0f,0f,1f], start_interpolation: 0, interpolation_duration: 1 }
$data merge entity $(bone_body) { transformation: [-0.25256976040378065f,0f,0.9675786873064003f,-0.3575044634513098f,0f,1f,0f,0.36814380965747673f,-0.9675786873064003f,0f,-0.25256976040378065f,0.6100742238550905f,0f,0f,0f,1f], start_interpolation: 0, interpolation_duration: 1 }
$data merge entity $(bone_right_ring) { transformation: [-0.40548418349419446f,-0.6563906613852524f,-0.6361869824055483f,-0.044074231510250195f,0.1586043628549489f,-0.735932975456722f,0.6582152472548715f,1.881841872533236f,-0.900237320388031f,0.16599384109552634f,0.40251560429246835f,-0.4749217632272287f,0f,0f,0f,1f], start_interpolation: 0, interpolation_duration: 1 }
$data merge entity $(bone_sword) { transformation: [0.20145718644036428f,-0.6563906613852524f,-0.7270256540712737f,0.09444698689917153f,-0.383022221559489f,-0.735932975456722f,0.5582979790640923f,2.0395811724135364f,-0.9015037325619711f,0.16599384109552634f,-0.39967119597887857f,-0.5456497700466066f,0f,0f,0f,1f], start_interpolation: 0, interpolation_duration: 1 }
$data merge entity $(bone_right_hand) { transformation: [0.20145718644036428f,-0.6563906613852524f,-0.7270256540712737f,-0.21479392742087777f,-0.383022221559489f,-0.735932975456722f,0.5582979790640923f,1.8191927806553818f,-0.9015037325619711f,0.16599384109552634f,-0.39967119597887857f,-0.48645440017907254f,0f,0f,0f,1f], start_interpolation: 0, interpolation_duration: 1 }
$data merge entity $(bone_right_arm) { transformation: [0.20145718644036428f,0.10674059311011082f,-0.9736639296050944f,-0.0868208551387996f,-0.383022221559489f,-0.90630778703665f,-0.17860619515673043f,1.5243938096574767f,-0.9015037325619711f,0.40891642292677866f,-0.14169819772178424f,-0.3326051737615751f,0f,0f,0f,1f], start_interpolation: 0, interpolation_duration: 1 }
$data merge entity $(bone_left_ring) { transformation: [0.7511935995485309f,-0.0687362023905694f,0.6564933438186893f,0.21332601545568072f,-0.11507952391016486f,0.9656942922893172f,0.23279011365701155f,1.0842938956092407f,-0.6499729834184886f,-0.2504193848741691f,0.717513242041784f,0.4562522721770582f,0f,0f,0f,1f], start_interpolation: 0, interpolation_duration: 1 }
$data merge entity $(bone_left_hand) { transformation: [0.014776997339591147f,-0.0687362023905694f,0.9975254256561825f,0.29610399248742136f,-0.24999999999999994f,0.9656942922893172f,0.0702462371934226f,1.2417692135163299f,-0.9681330695465503f,-0.2504193848741691f,-0.0029139886096247875f,0.41685105685831697f,0f,0f,0f,1f], start_interpolation: 0, interpolation_duration: 1 }
$data merge entity $(bone_left_arm) { transformation: [0.014776997339591147f,-0.3213795779799149f,0.9468351531323059f,0.0868208551387996f,-0.24999999999999994f,0.9156751133619656f,0.31470476127563013f,1.5556438096574767f,-0.9681330695465503f,-0.24135917970320309f,-0.06681396578089915f,0.3326051737615751f,0f,0f,0f,1f], start_interpolation: 0, interpolation_duration: 1 }
$data merge entity $(bone_leftfoot) { transformation: [-0.25256976040378065f,-0.3118174183550224f,0.9159576484423205f,-0.11459452117019645f,0f,0.9466492601156963f,0.3222656952305111f,0.4662263841061468f,-0.9675786873064003f,0.08139456943072797f,-0.23909497681383762f,0.15910138655916234f,0f,0f,0f,1f], start_interpolation: 0, interpolation_duration: 1 }
$data merge entity $(bone_leftleg) { transformation: [-0.25256976040378065f,0.02499062280591416f,0.9672559045575009f,0.052737003835300084f,0f,0.9996664015514872f,-0.02582800048591857f,0.8681438096574767f,-0.9675786873064003f,-0.006523371894437183f,-0.2524855035235687f,0.11542237240446733f,0f,0f,0f,1f], start_interpolation: 0, interpolation_duration: 1 }
$data merge entity $(bone_rightfoot) { transformation: [-0.2504089910907428f,-0.3044474050869252f,0.9190250892749088f,-0.31641647199429385f,0.13052619222005163f,0.929985175439236f,0.34364296385607523f,0.5576827634633754f,-0.9593009175047474f,0.20600813333237927f,-0.19313828899381463f,-0.08883591664769852f,0f,0f,0f,1f], start_interpolation: 0, interpolation_duration: 1 }
$data merge entity $(bone_rightleg) { transformation: [-0.2504089910907428f,0.4007338411379268f,0.8813102324084062f,-0.010405436265645076f,0.13052619222005163f,0.9159756150367535f,-0.37940952255126037f,0.8681438096574767f,-0.9593009175047474f,0.020026513048556474f,-0.28167479200252477f,-0.12647229942213273f,0f,0f,0f,1f], start_interpolation: 0, interpolation_duration: 1 }
$data merge entity $(bone_skirt_right_back) { transformation: [-0.2417863017410791f,0.13961867608293926f,0.960232268557571f,0.13911758229832227f,0.13126462152429305f,0.9852036296731972f,-0.11019712888656452f,0.8710262938169796f,-0.9614098935555302f,0.09940036905165542f,-0.2565357347543199f,-0.22738808770887514f,0f,0f,0f,1f], start_interpolation: 0, interpolation_duration: 1 }
$data merge entity $(bone_skirt_right) { transformation: [-0.2417863017410791f,0.31066525494993313f,0.9192532206401373f,-0.14639478637049586f,0.13126462152429305f,0.9491254915726844f,-0.2862348692647253f,0.896311526997025f,-0.9614098935555302f,0.05145775562345588f,-0.2702648996072941f,-0.1846362535944f,0f,0f,0f,1f], start_interpolation: 0, interpolation_duration: 1 }
$data merge entity $(bone_skirt_left_back) { transformation: [-0.25554995592211766f,-0.0835621913815682f,0.9631778549155466f,0.22616994153771952f,-0.050499146941960525f,0.9960514700822306f,0.07301578668453462f,0.9380369983163329f,-0.9654760774800886f,-0.029980478957770944f,-0.25876072865704464f,0.1153683560290775f,0f,0f,0f,1f], start_interpolation: 0, interpolation_duration: 1 }
$data merge entity $(bone_skirt_left) { transformation: [-0.25554995592211766f,0.0524089098664657f,0.965374293315713f,-0.04063119920141272f,-0.050499146941960525f,0.9964429288221474f,-0.0674635142760534f,0.896311526997025f,-0.9654760774800886f,-0.06599087639173809f,-0.251994341298991f,0.2205373217151551f,0f,0f,0f,1f], start_interpolation: 0, interpolation_duration: 1 }
$data merge entity $(bone_skirt_back_middle) { transformation: [-0.25256976040378065f,-0.019110050850480786f,0.9673899534758819f,0.12332096104090033f,0f,0.999804942137529f,0.01975038423353498f,0.9439114921173106f,-0.9675786873064003f,0.0049883498137465385f,-0.25252049468619153f,-0.03219081403040546f,0f,0f,0f,1f], start_interpolation: 0, interpolation_duration: 1 }
$data merge entity $(bone_skirt_front_middle) { transformation: [-0.25256976040378065f,0.1491657762763724f,0.9560115518744761f,-0.17835850562026f,0f,0.9880452767473358f,-0.15416397470641735f,0.9649938403285773f,-0.9675786873064003f,-0.038937158154494333f,-0.24955035881616175f,0.04655741762552923f,0f,0f,0f,1f], start_interpolation: 0, interpolation_duration: 1 }
$data merge entity $(bone_lower) { transformation: [-0.25256976040378065f,0f,0.9675786873064003f,0f,0f,1f,0f,0.9618938096574767f,-0.9675786873064003f,0f,-0.25256976040378065f,0f,0f,0f,0f,1f], start_interpolation: 0, interpolation_duration: 1 }
data modify entity @s data merge value {"locators":{"locator_right_hand":{"posx":0.14683117908061344,"posy":2.076853577456705,"posz":-0.5497795226779071,"roty":298.7991200832719,"rotx":33.938173190782635},"locator_left_hand":{"posx":0.23219629121116614,"posy":0.8205048759028701,"posz":0.556936882596248,"roty":89.83262704922325,"rotx":4.028130385644819}},"cameras":{}}