# This file was generated by Animated Java via MC-Build. It is not recommended to edit this file directly.
$data merge entity $(bone_head) { transformation: [-0.9996657333896874f,0.004489473691797988f,-0.025461070527945995f,0f,0f,0.984807753012208f,0.17364817766693033f,1.6709631577156878f,0.025853848581176175f,0.17359013287919467f,-0.9844785646627991f,0f,0f,0f,0f,1f], start_interpolation: 0, interpolation_duration: 1 }
$data merge entity $(bone_bust) { transformation: [-0.9169311471514614f,0.19952272513645222f,0.3455834972009353f,-0.02868139173836498f,0f,0.8660254037844387f,-0.49999999999999994f,1.5615881577156878f,-0.3990454502729045f,-0.45846557357573064f,-0.794085666954373f,0.06590442620151138f,0f,0f,0f,1f], start_interpolation: 0, interpolation_duration: 1 }
$data merge entity $(bone_left_wing) { transformation: [-0.9998420021554378f,0f,0.017775565414506533f,0.1071888779810794f,0f,1f,0f,1.4522131577156878f,-0.017775565414506533f,0f,-0.9998420021554378f,-0.08967605275187607f,0f,0f,0f,1f], start_interpolation: 0, interpolation_duration: 1 }
$data merge entity $(bone_right_wing) { transformation: [-0.6944258369952222f,0f,0.7195642826832673f,-0.007427515412853247f,0f,1f,0f,1.4522131577156878f,-0.7195642826832673f,0f,-0.6944258369952222f,-0.13955673403598912f,0f,0f,0f,1f], start_interpolation: 0, interpolation_duration: 1 }
$data merge entity $(bone_body) { transformation: [-0.9169311471514614f,0f,0.3990454502729045f,0.25894284843927845f,0f,1f,0f,0.3897131577156878f,-0.3990454502729045f,0f,-0.9169311471514614f,0.657988298712183f,0f,0f,0f,1f], start_interpolation: 0, interpolation_duration: 1 }
$data merge entity $(bone_right_ring) { transformation: [-0.46133468123558935f,0.638748884882224f,0.6157679546314282f,-0.6575519718330523f,-0.32378226789454445f,-0.7673785920827874f,0.5534393728405169f,1.7893637538159082f,0.8260359283265606f,0.05594603180525559f,0.5608339207278057f,-0.03250517003558692f,0f,0f,0f,1f], start_interpolation: 0, interpolation_duration: 1 }
$data merge entity $(bone_sword) { transformation: [-0.5641721080654639f,0.8000054336808882f,-0.20420856632870366f,-0.8230832425219693f,-0.5165631111524469f,-0.534945960850068f,-0.6685771243220207f,1.935149931080692f,-0.6441058800208822f,-0.2717059532863641f,0.7150548861949501f,-0.052951552787395856f,0f,0f,0f,1f], start_interpolation: 0, interpolation_duration: 1 }
$data merge entity $(bone_right_hand) { transformation: [-0.5641721080654639f,0.638748884882224f,-0.5231727196086259f,-0.6067949010335134f,-0.5165631111524469f,-0.7673785920827874f,-0.37985872190795356f,1.633849093624102f,-0.6441058800208822f,0.05594603180525559f,0.7628877091995716f,0.047757120171444095f,0f,0f,0f,1f], start_interpolation: 0, interpolation_duration: 1 }
$data merge entity $(bone_right_arm) { transformation: [-0.5641721080654639f,0.8183032506882708f,-0.10995281894512568f,-0.31519508183331485f,-0.5165631111524469f,-0.45371178095539766f,-0.7261598804800401f,1.5459631577156878f,-0.6441058800208822f,-0.35288158032871364f,0.6786768049574365f,-0.1371718735313109f,0f,0f,0f,1f], start_interpolation: 0, interpolation_duration: 1 }
$data merge entity $(bone_left_ring) { transformation: [0.5424150357624677f,-0.5700816313622685f,0.6170841616523112f,0.6278181186505568f,0.22962786446836989f,0.8071617544059478f,0.5438390810561599f,1.1615154753221513f,-0.8081194050624554f,-0.15328677636262997f,0.5687232994645607f,0.18960832910575207f,0f,0f,0f,1f], start_interpolation: 0, interpolation_duration: 1 }
$data merge entity $(bone_left_hand) { transformation: [-0.6704015201897184f,-0.5700816313622685f,0.4749407703184148f,0.5832685609675538f,-0.5648625214636238f,0.8071617544059478f,0.17152327559275893f,1.3037148065349018f,-0.481136294175644f,-0.15328677636262997f,-0.8631402149241346f,0.08473787514995351f,0f,0f,0f,1f], start_interpolation: 0, interpolation_duration: 1 }
$data merge entity $(bone_left_arm) { transformation: [-0.6704015201897184f,-0.6088294487358723f,0.4241326491550592f,0.31519508183331485f,-0.5648625214636238f,0.7894118382839537f,0.2403316072074296f,1.5772131577156878f,-0.481136294175644f,-0.07845796281527415f,-0.8731278339955755f,0.1371718735313109f,0f,0f,0f,1f], start_interpolation: 0, interpolation_duration: 1 }
$data merge entity $(bone_leftfoot) { transformation: [-0.9169311471514614f,-0.09134838178642189f,0.3884491530799201f,0.048155977179852774f,0f,0.973445888968944f,0.2289172366805569f,0.49481835927882717f,-0.3990454502729045f,0.20990134443224567f,-0.892582855662168f,0.2025941770467227f,0f,0f,0f,1f], start_interpolation: 0, interpolation_duration: 1 }
$data merge entity $(bone_leftleg) { transformation: [-0.9169311471514614f,0.02579765809598666f,0.39821068822956984f,0.12334551261865245f,0f,0.9979081028420101f,-0.06464842057049847f,0.8897131577156878f,-0.3990454502729045f,-0.05927815043523729f,-0.9150130214906629f,0.029822812440174845f,0f,0f,0f,1f], start_interpolation: 0, interpolation_duration: 1 }
$data merge entity $(bone_rightfoot) { transformation: [-0.8744927777073656f,0.14749293665710392f,0.4620694919315922f,-0.3141747965142557f,0.3007057995042731f,0.9123355561145006f,0.277884607694887f,0.5910662295425382f,-0.3805764100442277f,0.38195505846304584f,-0.842182836106471f,0.172696222376025f,0f,0f,0f,1f], start_interpolation: 0, interpolation_duration: 1 }
$data merge entity $(bone_rightleg) { transformation: [-0.8744927777073656f,0.407446165153196f,0.26315395539419645f,-0.1058872741692129f,0.3007057995042731f,0.8811195706053618f,-0.36497167621709864f,0.8897131577156878f,-0.3805764100442277f,-0.24003317437008015f,-0.8930541256383459f,-0.06993855012805128f,0f,0f,0f,1f], start_interpolation: 0, interpolation_duration: 1 }
$data merge entity $(bone_skirt_right_back) { transformation: [-0.8445526978851275f,0.35391481961006266f,0.40183957116656543f,-0.09671163508548214f,0.3222031858052843f,0.9352602005177064f,-0.14653826935140507f,0.8910261812388447f,-0.4276866230686645f,0.005714699288350042f,-0.903909007953879f,-0.2479519434966046f,0f,0f,0f,1f], start_interpolation: 0, interpolation_duration: 1 }
$data merge entity $(bone_skirt_right) { transformation: [-0.8445526978851275f,0.4014879483766036f,0.35431365737619835f,-0.24784761980498587f,0.3222031858052843f,0.9095192793492144f,-0.2626019564835934f,0.9181068760969445f,-0.4276866230686645f,-0.10762020163719856f,-0.8974976571822851f,-0.0021696717826577283f,0f,0f,0f,1f], start_interpolation: 0, interpolation_duration: 1 }
$data merge entity $(bone_skirt_left_back) { transformation: [-0.9180663944293884f,-0.08454739281054457f,0.3873058659359061f,0.22641986224445243f,-0.12496969645145316f,0.9889013410706421f,-0.08035367196038552f,0.9278633173302971f,-0.3762135967615395f,-0.1221715023957104f,-0.9184429506584068f,-0.10878061346634288f,0f,0f,0f,1f], start_interpolation: 0, interpolation_duration: 1 }
$data merge entity $(bone_skirt_left) { transformation: [-0.9180663944293884f,-0.04948112818059462f,0.39332647174249297f,0.14757893740408184f,-0.12496969645145316f,0.9777140057674595f,-0.16869468840179794f,0.9181068760969445f,-0.3762135967615395f,-0.20402681412040824f,-0.9037900136268502f,0.16991867864753235f,0f,0f,0f,1f], start_interpolation: 0, interpolation_duration: 1 }
$data merge entity $(bone_skirt_back_middle) { transformation: [-0.9169311471514614f,0.03278002617516913f,0.39769679564645766f,0.05157476682585803f,0f,0.9966202982003065f,-0.08214609677356575f,0.9428091850715287f,-0.3990454502729045f,-0.07532231474860063f,-0.9138321933032386f,-0.11850908230468857f,0f,0f,0f,1f], start_interpolation: 0, interpolation_duration: 1 }
$data merge entity $(bone_skirt_front_middle) { transformation: [-0.9169311471514614f,0.10134134774923466f,0.38596269589155086f,-0.07133975559367103f,0f,0.9672148764698196f,-0.2539594115906546f,0.9955262751970906f,-0.3990454502729045f,-0.2328632945997291f,-0.8868694462234307f,0.16392529695370212f,0f,0f,0f,1f], start_interpolation: 0, interpolation_duration: 1 }
$data merge entity $(bone_lower) { transformation: [-0.9169311471514614f,0f,0.3990454502729045f,0f,0f,1f,0f,0.9834631577156878f,-0.3990454502729045f,0f,-0.9169311471514614f,0f,0f,0f,0f,1f], start_interpolation: 0, interpolation_duration: 1 }
data modify entity @s data merge value {"locators":{"locator_right_hand":{"posx":-0.8548304740832235,"posy":1.9890463856156781,"posz":-0.06836830023146763,"roty":214.44152907478554,"rotx":-22.324931844010273},"locator_left_hand":{"posx":0.8091036249771235,"posy":0.9521531856912168,"posz":0.24775574415073062,"roty":28.821681172050376,"rotx":9.876397333802654}},"cameras":{}}