# This file was generated by Animated Java via MC-Build. It is not recommended to edit this file directly.
$data merge entity $(bone_wing_right_1) { transformation: [0.3994304755433828f,-0.5361059982445195f,0.4690310206136463f,0.013770569179205244f,0.11989906564641697f,0.5806670710828576f,0.5615998673981468f,1.153179888774196f,-0.7021566447088196f,-0.20581680118675236f,0.3627119174840409f,-0.5315704797121732f,0f,0f,0f,1f], start_interpolation: 0, interpolation_duration: 1 }
$data merge entity $(bone_wing_right_2) { transformation: [0.16052253795532012f,-0.6349251765617684f,0.4594589589684699f,0.013770569179205244f,0.32618836950986774f,0.48057113749987657f,0.5501386456145112f,1.153179888774196f,-0.7126244890577904f,0.07695064632660316f,0.3553096334537544f,-0.5315704797121732f,0f,0f,0f,1f], start_interpolation: 0, interpolation_duration: 1 }
$data merge entity $(bone_wing_left_1) { transformation: [0.35948706091895366f,-0.6699236360556297f,0.2981875573029517f,0.040224969402516256f,0.524806195055082f,0.4669881390164986f,0.41646726173153026f,1.1756530695524054f,-0.5121444670286931f,0.008297247516855582f,0.6360688995855592f,-0.5738986722471073f,0f,0f,0f,1f], start_interpolation: 0, interpolation_duration: 1 }
$data merge entity $(bone_wing_left_2) { transformation: [0.576481385391604f,-0.4715353404088489f,0.29210209694983025f,0.040224969402516256f,0.29990113786177663f,0.6193718396209177f,0.40796792985945823f,1.1756530695524054f,-0.4666138872838962f,-0.18448020769207524f,0.6230879016348336f,-0.5738986722471073f,0f,0f,0f,1f], start_interpolation: 0, interpolation_duration: 1 }
$data merge entity $(bone_blade) { transformation: [1.520362403755956f,0.9323620209351479f,-0.9050962507728881f,0.23870009428334785f,0.5667690341937281f,0.7777643228663143f,1.7532414323062901f,1.5831940270637415f,1.1693036488117707f,-1.5892714431443202f,0.32702485667216324f,-1.536460330288463f,0f,0f,0f,1f], start_interpolation: 0, interpolation_duration: 1 }
$data merge entity $(bone_arm_right_2) { transformation: [0.4661810104675744f,-0.7314143481921991f,0.4977030407160599f,0.0703324076226432f,0.3888821614331569f,0.6747247093075361f,0.6273095178370378f,1.4352149592185883f,-0.79463572157216f,-0.0988919506756814f,0.5989778394006335f,-1.2534351895271376f,0f,0f,0f,1f], start_interpolation: 0, interpolation_duration: 1 }
$data merge entity $(bone_arm_right_1) { transformation: [0.5971631855115948f,-0.7314143481921991f,0.3292858653635552f,-0.1629344617178235f,0.5636982154467467f,0.6747247093075361f,0.47643560798077833f,1.215020343809703f,-0.5706491494533203f,-0.0988919506756814f,0.8152177195815611f,-1.0305253655219344f,0f,0f,0f,1f], start_interpolation: 0, interpolation_duration: 1 }
$data merge entity $(bone_arm_left_2) { transformation: [0.15944239077065508f,-0.5645081522747675f,0.8098818864752229f,-0.5229621870974986f,0.14963666172973977f,0.8247174477648567f,0.5453897696314078f,0.8916772478614193f,-0.9758006935290204f,0.03422977311564779f,0.21596603700752154f,-0.1735600361619829f,0f,0f,0f,1f], start_interpolation: 0, interpolation_duration: 1 }
$data merge entity $(bone_arm_left_1) { transformation: [0.15944239077065508f,-0.5645081522747675f,0.8098818864752229f,-0.4649353785343616f,0.14963666172973977f,0.8247174477648567f,0.5453897696314078f,0.9503682380343369f,-0.9758006935290204f,0.03422977311564779f,0.21596603700752154f,-0.5393783281943791f,0f,0f,0f,1f], start_interpolation: 0, interpolation_duration: 1 }
$data merge entity $(bone_ear_edge_a1) { transformation: [-0.7546616439790295f,-0.6411797208864891f,0.13919184110713206f,-0.5617525261711869f,-0.2621993243075956f,0.4891862771873677f,0.8318342987303445f,1.6313709177180884f,-0.6014460220497845f,0.5912574327105647f,-0.5372870097303704f,-0.5652078254540119f,0f,0f,0f,1f], start_interpolation: 0, interpolation_duration: 1 }
$data merge entity $(bone_ear_edge_a2) { transformation: [-0.6450679002209238f,-0.7513408251078707f,0.13919184110713206f,-0.6436262290517883f,-0.33549680910736346f,0.4421465713251356f,0.8318342987303445f,1.597182393979356f,-0.6865342636630357f,0.48989118586850605f,-0.5372870097303704f,-0.639349461841302f,0f,0f,0f,1f], start_interpolation: 0, interpolation_duration: 1 }
$data merge entity $(bone_ear_edge_b1) { transformation: [-0.7981210510604236f,-0.512661750830406f,-0.31651337584643746f,-0.6479897185605503f,-0.31425724637112334f,-0.0939926412777995f,0.9446733649727095f,1.6588034366425497f,-0.5140478294453201f,0.8534303208939359f,-0.08609016448717965f,-0.697060277515537f,0f,0f,0f,1f], start_interpolation: 0, interpolation_duration: 1 }
$data merge entity $(bone_ear_edge_b2) { transformation: [-0.6006370330307426f,-0.734203267128606f,-0.31651337584643746f,-0.6359645394558424f,-0.26983107845320015f,-0.18650314370519594f,0.9446733649727095f,1.6653446127870464f,-0.7526130105524425f,0.6528109526698832f,-0.08609016448717965f,-0.6694944706681698f,0f,0f,0f,1f], start_interpolation: 0, interpolation_duration: 1 }
$data merge entity $(bone_ear_right_2) { transformation: [-0.7080968897781742f,-0.6312036736242658f,-0.31651337584643746f,-0.6805950411550673f,-0.2956845296322813f,-0.14199610011290653f,0.9446733649727095f,1.693657051396658f,-0.641224963349536f,0.7625083802529369f,-0.08609016448717965f,-0.557726100055986f,0f,0f,0f,1f], start_interpolation: 0, interpolation_duration: 1 }
$data merge entity $(bone_ear_right_1) { transformation: [-0.7080968897781742f,-0.6922603744659113f,0.13919184110713206f,-0.5248364569002375f,-0.2956845296322813f,0.4697045437207654f,0.8318342987303445f,1.5879735290594859f,-0.641224963349536f,0.547862405675352f,-0.5372870097303704f,-0.68099514133294f,0f,0f,0f,1f], start_interpolation: 0, interpolation_duration: 1 }
$data merge entity $(bone_ear_edge_a3) { transformation: [-0.5552577332947335f,-0.7784061401338191f,0.29286981855145877f,-0.8169115689511077f,-0.47903477874841005f,0.5871976143506191f,0.6524757792059438f,1.5167590360075514f,-0.6798636115912201f,0.2219973934597222f,-0.6989296294558078f,-0.8337452280855732f,0f,0f,0f,1f], start_interpolation: 0, interpolation_duration: 1 }
$data merge entity $(bone_ear_edge_a4) { transformation: [-0.6701911373163579f,-0.6819612223904253f,0.29286981855145877f,-0.7465879790414718f,-0.3812791210355372f,0.6549057866685596f,0.6524757792059438f,1.5672764124075957f,-0.6367653188773521f,0.32561833754227076f,-0.6989296294558078f,-0.7571180265910804f,0f,0f,0f,1f], start_interpolation: 0, interpolation_duration: 1 }
$data merge entity $(bone_ear_edge_b3) { transformation: [-0.4766456776040846f,-0.8784933834122071f,-0.0325311131429144f,-0.7117594693939902f,-0.4784999420255478f,0.22822192391798427f,0.8479107022114543f,1.605724527107584f,-0.7374596283884911f,0.41971910695624465f,-0.5291400266025637f,-0.781420973853464f,0f,0f,0f,1f], start_interpolation: 0, interpolation_duration: 1 }
$data merge entity $(bone_ear_edge_b4) { transformation: [-0.724786362569602f,-0.6882052421413318f,-0.0325311131429144f,-0.7387791307363235f,-0.38455603493064705f,0.3649165617969371f,0.8479107022114543f,1.5971898418290789f,-0.5716654481701211f,0.6270641495217961f,-0.5291400266025637f,-0.7934360757316204f,0f,0f,0f,1f], start_interpolation: 0, interpolation_duration: 1 }
$data merge entity $(bone_ear_left_2) { transformation: [-0.6082040208400943f,-0.7931138604964775f,-0.0325311131429144f,-0.8560024387732839f,-0.43690703913552076f,0.3002660157745317f,0.8479107022114543f,1.6353659620403995f,-0.6627217426550721f,0.5299157707214075f,-0.5291400266025637f,-0.7841127485501517f,0f,0f,0f,1f], start_interpolation: 0, interpolation_duration: 1 }
$data merge entity $(bone_ear_left_1) { transformation: [-0.6082040208400943f,-0.7377771604052125f,0.29286981855145877f,-0.6900025776821113f,-0.43690703913552076f,0.6191830074407964f,0.6524757792059438f,1.4960497853662207f,-0.6627217426550721f,0.26888150713835346f,-0.6989296294558078f,-0.8446110876562811f,0f,0f,0f,1f], start_interpolation: 0, interpolation_duration: 1 }
$data merge entity $(bone_head) { transformation: [-0.6606644831274953f,-0.5730710667414051f,0.4848834841461897f,-0.3288732044657726f,-0.3676949747730605f,0.8101732889370274f,0.45653000714038316f,1.1125312839094896f,-0.6544637852933644f,0.12332394072858596f,-0.745968068607936f,-0.8026951319740129f,0f,0f,0f,1f], start_interpolation: 0, interpolation_duration: 1 }
$data merge entity $(bone_body_1) { transformation: [0.48326661122008174f,-0.7314143481921991f,0.48113037083356014f,-0.05459282389369795f,0.4105380513768574f,0.6747247093075361f,0.6133555861175094f,0.8595095179191635f,-0.7732476258298833f,-0.0988919506756814f,0.6263453450294075f,-0.7656106504706324f,0f,0f,0f,1f], start_interpolation: 0, interpolation_duration: 1 }
$data merge entity $(bone_leg_left_2) { transformation: [0.03936254870225342f,0.4428098702373794f,0.895751086284587f,-0.41747596876957577f,-0.531817110365859f,0.7682151229907824f,-0.3563931620140379f,0.42659745196007837f,-0.8459439407441667f,-0.4623472111180208f,0.26573277082365687f,-0.6039412026744024f,0f,0f,0f,1f], start_interpolation: 0, interpolation_duration: 1 }
$data merge entity $(bone_leg_left_1) { transformation: [0.03936254870225342f,0.8115075713654522f,0.583014623638385f,-0.1261606359961877f,-0.531817110365859f,0.5109772389056003f,-0.6753316388579141f,0.5969978400913145f,-0.8459439407441667f,-0.28347437791968744f,0.45168697809575614f,-0.697511147720096f,0f,0f,0f,1f], start_interpolation: 0, interpolation_duration: 1 }
$data merge entity $(bone_leg_right_2) { transformation: [0.7499756888567131f,-0.023587524075824595f,0.6610446995717242f,0.01948943976395652f,0.32580057994455025f,0.8829067033654479f,-0.338126803522217f,0.4357067117371769f,-0.5756652223573118f,0.468955628882232f,0.6698433920760711f,-1.1310623760811893f,0f,0f,0f,1f], start_interpolation: 0, interpolation_duration: 1 }
$data merge entity $(bone_leg_right_1) { transformation: [0.7499756888567131f,0.2843140839305047f,0.5972453162668223f,0.13534975071579672f,0.32580057994455025f,0.6270182279468444f,-0.7076030836070415f,0.6659123725968232f,-0.5756652223573118f,0.7252679804742225f,0.3776187339991882f,-0.8498337243504023f,0f,0f,0f,1f], start_interpolation: 0, interpolation_duration: 1 }
$data merge entity $(bone_coat_downer) { transformation: [0.7016936126399888f,-0.047531662853447704f,0.7108915634656439f,0.016102337267567227f,0.15190755084059548f,0.98481065280733f,-0.08409562482562458f,0.7011431475043044f,-0.6960963798051626f,0.16699915911041735f,0.6982557632261694f,-0.7940021275809617f,0f,0f,0f,1f], start_interpolation: 0, interpolation_duration: 1 }
$data merge entity $(bone_body_2) { transformation: [0.7016936126399888f,-0.047531662853447704f,0.7108915634656439f,9.200159078594491e-17f,0.15190755084059548f,0.98481065280733f,-0.08409562482562458f,0.92f,-0.6960963798051626f,0.16699915911041735f,0.6982557632261694f,-0.75125f,0f,0f,0f,1f], start_interpolation: 0, interpolation_duration: 1 }