# This file was generated by Animated Java via MC-Build. It is not recommended to edit this file directly.
$data merge entity $(bone_wing_right_1) { transformation: [-0.8024315876771638f,0.039277685453481544f,-0.14664670118270012f,-0.024547592941519508f,-0.02663892984369469f,0.7401937839951793f,0.3440174036238936f,1.2350209670046415f,0.14946022534150505f,0.3428044194650349f,-0.726010478905471f,-0.37246503628403826f,0f,0f,0f,1f], start_interpolation: 0, interpolation_duration: 1 }
$data merge entity $(bone_wing_right_2) { transformation: [-0.7114963597819818f,0.33635767237748904f,-0.14365391136264502f,-0.024547592941519508f,0.25337019019492457f,0.6798799976153579f,0.3369966402846305f,1.2350209670046415f,0.2637735330498052f,0.25421782997134296f,-0.7111939385196451f,-0.37246503628403826f,0f,0f,0f,1f], start_interpolation: 0, interpolation_duration: 1 }
$data merge entity $(bone_wing_left_1) { transformation: [-0.7293540382318623f,0.3093728199626463f,0.1981806994328152f,-0.07794268273349642f,0.36186902955466416f,0.6810836726705464f,0.26855219365183f,1.2467064411155622f,-0.0635447622427324f,0.3276552052606588f,-0.745351309183498f,-0.36947018910106133f,0f,0f,0f,1f], start_interpolation: 0, interpolation_duration: 1 }
$data merge entity $(bone_wing_left_2) { transformation: [-0.7760592200822642f,0.006574539936862217f,0.19413619536275775f,-0.07794268273349642f,0.07218019814193319f,0.7520527811309757f,0.26307153663852734f,1.2467064411155622f,-0.18033886414608333f,0.27271485074667895f,-0.7301400579756716f,-0.36947018910106133f,0f,0f,0f,1f], start_interpolation: 0, interpolation_duration: 1 }
$data merge entity $(bone_blade) { transformation: [-1.9730331598901925f,-0.2519569973466914f,-0.20894454159361184f,-0.6056333243493681f,-0.17728425650211083f,-0.2506337324735864f,1.976297807655226f,1.2222759721438747f,-0.2751553059096245f,1.9681718430143236f,0.2249203281061607f,0.6627433155580131f,0f,0f,0f,1f], start_interpolation: 0, interpolation_duration: 1 }
$data merge entity $(bone_arm_right_2) { transformation: [-0.12597849867334565f,-0.11307716476748025f,-0.9855673354368835f,-0.5526353039564463f,-0.1253168662367935f,0.9873377394663784f,-0.09726186951735703f,1.2635700204940832f,0.9840859215071616f,0.11125530564233749f,-0.13855380203311146f,0.30801141095955764f,0f,0f,0f,1f], start_interpolation: 0, interpolation_duration: 1 }
$data merge entity $(bone_arm_right_1) { transformation: [-0.6232163356832814f,-0.11307716476748025f,-0.773831347094218f,-0.3165758185219199f,-0.15768832346528713f,0.9873377394663784f,-0.017279492704612348f,1.3205092538129304f,0.7659868090118854f,0.11125530564233749f,-0.6331559566064426f,0.04262796329288701f,0f,0f,0f,1f], start_interpolation: 0, interpolation_duration: 1 }
$data merge entity $(bone_arm_left_2) { transformation: [-0.5938480391149894f,0.7946412972523315f,-0.12605441341108992f,0.5908916340358044f,0.7822073858031424f,0.6068945377991892f,0.1408212540226862f,0.9785220725011209f,0.18840411894195874f,-0.014974267616151195f,-0.9819774229966105f,-0.046818655321947886f,0f,0f,0f,1f], start_interpolation: 0, interpolation_duration: 1 }
$data merge entity $(bone_arm_left_1) { transformation: [-0.750349406701485f,0.6489114367325605f,-0.12605441341108992f,0.31147494213635746f,0.6339704321741525f,0.7604280804549475f,0.1408212540226862f,1.2232918598887434f,0.18723583789341158f,0.02575037345919373f,-0.9819774229966105f,0.024150894455250815f,0f,0f,0f,1f], start_interpolation: 0, interpolation_duration: 1 }
$data merge entity $(bone_ear_edge_a1) { transformation: [-0.9726813196637134f,0.21882973919657f,-0.07748932584826332f,0.20347545286331625f,0.18319196036424468f,0.9285746535432594f,0.3227844767874076f,1.9192289174714776f,0.1425894667749415f,0.2997710093390898f,-0.9432950683241491f,0.04110425702163113f,0f,0f,0f,1f], start_interpolation: 0, interpolation_duration: 1 }
$data merge entity $(bone_ear_edge_a2) { transformation: [-0.9949385117326506f,0.06397470008370817f,-0.07748932584826332f,0.08951814602249544f,0.035675484165573576f,0.9457998949960987f,0.3227844767874076f,1.9328693860937145f,0.09393943634475693f,0.3183862377279649f,-0.9432950683241491f,0.05513317210273401f,0f,0f,0f,1f], start_interpolation: 0, interpolation_duration: 1 }
$data merge entity $(bone_ear_edge_b1) { transformation: [-0.9471266078556947f,0.3203309459531458f,0.018419385346110373f,0.06185452375725181f,0.2111524108232154f,0.5790357880452162f,0.7874847398943037f,1.9557837199358976f,0.24159024834481568f,0.7497370480559288f,-0.6160588532576025f,-0.011567443174575198f,0f,0f,0f,1f], start_interpolation: 0, interpolation_duration: 1 }
$data merge entity $(bone_ear_edge_b2) { transformation: [-0.9997586382814078f,0.011974615867623745f,0.018419385346110373f,0.09167666736728419f,0.02188597738758849f,0.6159454427361164f,0.7874847398943037f,1.960027498247225f,-0.0019155092000872342f,0.7876977974752958f,-0.6160588532576025f,-0.005251137201389228f,0f,0f,0f,1f], start_interpolation: 0, interpolation_duration: 1 }
$data merge entity $(bone_ear_right_2) { transformation: [-0.9855767078125042f,0.16822389622445919f,0.018419385346110373f,0.15839063359356853f,0.1179716205166425f,0.6049384110686622f,0.7874847398943037f,2.045087284710782f,0.12133115745818714f,0.7782995821358151f,-0.6160588532576025f,0.05474656249103453f,0f,0f,0f,1f], start_interpolation: 0, interpolation_duration: 1 }
$data merge entity $(bone_ear_right_1) { transformation: [-0.9855767078125042f,0.1504458620137084f,-0.07748932584826332f,0.12454031464048418f,0.1179716205166425f,0.9390915175305102f,0.3227844767874076f,1.8337916932664176f,0.12133115745818714f,0.3089873206220531f,-0.9432950683241491f,-0.014775584648927309f,0f,0f,0f,1f], start_interpolation: 0, interpolation_duration: 1 }
$data merge entity $(bone_ear_edge_a3) { transformation: [-0.9845707414956174f,-0.1119099414059646f,-0.134523678232808f,-0.18416882172389448f,-0.1252794109421228f,0.9875248212229083f,0.09539285435847587f,1.9438610598587274f,0.12217006255529698f,0.11077406051588186f,-0.9863080570146725f,0.06658447853579279f,0f,0f,0f,1f], start_interpolation: 0, interpolation_duration: 1 }
$data merge entity $(bone_ear_edge_a4) { transformation: [-0.9899556136828563f,0.04348865291677409f,-0.134523678232808f,-0.06970252071422604f,0.03074590361779367f,0.9949647696014505f,0.09539285435847587f,1.9503462333937913f,0.1379948272527816f,0.0902986396321473f,-0.9863080570146725f,0.05159951666116347f,0f,0f,0f,1f], start_interpolation: 0, interpolation_duration: 1 }
$data merge entity $(bone_ear_edge_b3) { transformation: [-0.979058441821074f,-0.14686157420138934f,-0.14098313914075275f,-0.05379959570550964f,-0.1951968196472884f,0.8738843804109305f,0.445223866468755f,1.9466408810541658f,0.057816685294774156f,0.46341964535061925f,-0.8842507920294057f,0.0026852963193622f,0f,0f,0f,1f], start_interpolation: 0, interpolation_duration: 1 }
$data merge entity $(bone_ear_edge_b4) { transformation: [-0.9765226331765987f,0.16287203987137205f,-0.14098313914075275f,-0.08154143726679319f,0.0844019173801554f,0.891432568997322f,0.445223866468755f,1.956234167955741f,0.19819148124073357f,0.4228719351753822f,-0.8842507920294057f,0.011938657774136423f,0f,0f,0f,1f], start_interpolation: 0, interpolation_duration: 1 }
$data merge entity $(bone_ear_left_2) { transformation: [-0.9899788195430783f,0.008105019069241784f,-0.14098313914075275f,-0.13301277297586125f,-0.05608798733028115f,0.8936609236191599f,0.445223866468755f,2.0651748154174245f,0.12959967026706443f,0.448669658281053f,-0.8842507920294057f,0.0396565484262686f,0f,0f,0f,1f], start_interpolation: 0, interpolation_duration: 1 }
$data merge entity $(bone_ear_left_1) { transformation: [-0.9899788195430783f,-0.042957151334900634f,-0.134523678232808f,-0.12334741392550863f,-0.05608798733028115f,0.9938583103312969f,0.09539285435847587f,1.8415566955928833f,0.12959967026706443f,0.10198206771099327f,-0.9863080570146725f,0.016710583191295147f,0f,0f,0f,1f], start_interpolation: 0, interpolation_duration: 1 }
$data merge entity $(bone_head) { transformation: [-0.9915509142639714f,0.025254283836003304f,-0.12723602308392626f,-0.008370244387091219f,0.031060009305862675f,0.9985550140446743f,-0.04385384530642383f,1.3272851823975804f,0.12594467136088985f,-0.047435272468603074f,-0.9909025354098286f,0.05624378064290014f,0f,0f,0f,1f], start_interpolation: 0, interpolation_duration: 1 }
$data merge entity $(bone_body_1) { transformation: [-0.9754167125975016f,0.2179858188458995f,0.03231748083570163f,-0.09011492645430352f,0.21346919326897157f,0.8982543414272461f,0.38414846300902816f,0.9904398043623631f,0.05470959980275589f,0.38160361750013183f,-0.9227055536845085f,-0.0868575759196493f,0f,0f,0f,1f], start_interpolation: 0, interpolation_duration: 1 }
$data merge entity $(bone_leg_left_2) { transformation: [-0.9374960607609107f,-0.3261479574177857f,-0.12136163285808772f,0.13928494938394273f,-0.3355153275288696f,0.9396864179003729f,0.06647481483059081f,0.3608110847313523f,0.09236125297423392f,0.1030385650413096f,-0.9903799538880305f,0.016057775120346812f,0f,0f,0f,1f], start_interpolation: 0, interpolation_duration: 1 }
$data merge entity $(bone_leg_left_1) { transformation: [-0.9374960607609107f,-0.3479255520344031f,0.006996163186409887f,0.012931113077615103f,-0.3355153275288696f,0.8983551073417032f,-0.28352701124632274f,0.685505359988809f,0.09236125297423392f,-0.2681527761456757f,-0.9589387298437773f,-0.08697588220900282f,0f,0f,0f,1f], start_interpolation: 0, interpolation_duration: 1 }
$data merge entity $(bone_leg_right_2) { transformation: [-0.955311700218835f,0.11676623263510325f,0.2715606789305174f,-0.35189470125265593f,0.1953937217906719f,0.938793972609124f,0.28370260921882373f,0.5273215524159909f,-0.22181264371038034f,0.3240856737175899f,-0.9196562549024649f,0.09234927579305618f,0f,0f,0f,1f], start_interpolation: 0, interpolation_duration: 1 }
$data merge entity $(bone_leg_right_1) { transformation: [-0.955311700218835f,0.29354113998442244f,-0.03483036838226522f,-0.24725838208490553f,0.1953937217906719f,0.5386515542891527f,-0.8195582935622514f,0.7405829595307862f,-0.22181264371038034f,-0.7897392621609525f,-0.5719362279937216f,-0.17044169474520676f,0f,0f,0f,1f], start_interpolation: 0, interpolation_duration: 1 }
$data merge entity $(bone_coat_downer) { transformation: [-0.979284418988404f,0.07706855716439247f,0.1872497375783017f,-0.13011003829160853f,0.09956067506923807f,0.9884981726422689f,0.11383775587498585f,0.8010549804652054f,-0.17632271182777814f,0.1301222509008127f,-0.9756938562449823f,-0.1223107004337739f,0f,0f,0f,1f], start_interpolation: 0, interpolation_duration: 1 }
$data merge entity $(bone_body_2) { transformation: [-0.979284418988404f,0.09250622023619612f,0.180123918301142f,-0.10179002018423655f,0.09956067506923807f,0.9945637473959074f,0.03050613619532235f,1.0225f,-0.17632271182777814f,0.047807442761795355f,-0.9831707632503501f,-0.11025120375553074f,0f,0f,0f,1f], start_interpolation: 0, interpolation_duration: 1 }