execute if entity @s[tag=aj.tultaria.bone.head] run data modify entity @s {} merge value {transformation:[-0.6087614290087204f,-0.20533495396307266f,0.7663204807600038f,0f,0f,0.9659258262890683f,0.2588190451025207f,1.6446493301907352f,-0.7933533402912353f,0.15755905175128299f,-0.5880183863281623f,0f,0f,0f,0f,1f],start_interpolation:0}
execute if entity @s[tag=aj.tultaria.bone.bust] run data modify entity @s {} merge value {transformation:[-0.25881904510252063f,0.4829629131445341f,0.8365163037378079f,-0.0694259187645268f,0f,0.8660254037844387f,-0.49999999999999994f,1.5352743301907352f,-0.9659258262890683f,-0.1294095225512603f,-0.22414386804201328f,0.018602618866743637f,0f,0f,0f,1f],start_interpolation:0}
execute if entity @s[tag=aj.tultaria.bone.left_wing] run data modify entity @s {} merge value {transformation:[-0.6205491853911538f,0f,0.7841675257943136f,0.13691691860504107f,0f,1f,0f,1.4258993301907352f,-0.7841675257943136f,0f,-0.6205491853911538f,0.028017983505251642f,0f,0f,0f,1f],start_interpolation:0}
execute if entity @s[tag=aj.tultaria.bone.right_wing] run data modify entity @s {} merge value {transformation:[0.1453275959493219f,0f,0.9893835908562415f,0.10456453796722598f,0f,1f,0f,1.4258993301907352f,-0.9893835908562415f,0f,0.1453275959493219f,-0.09272274478088183f,0f,0f,0f,1f],start_interpolation:0}
execute if entity @s[tag=aj.tultaria.bone.body] run data modify entity @s {} merge value {transformation:[-0.25881904510252063f,0f,0.9659258262890683f,-0.35355339059327384f,0f,1f,0f,0.3633993301907352f,-0.9659258262890683f,0f,-0.25881904510252063f,0.6123724356957945f,0f,0f,0f,1f],start_interpolation:0}
execute if entity @s[tag=aj.tultaria.locator_origin.locator_right_hand] at @s on origin run tp @s ^-0.43813 ^1.15322 ^-0.27083 ~75 ~-75
execute if entity @s[tag=aj.tultaria.bone.right_ring] run data modify entity @s {} merge value {transformation:[0.1577846456692135f,0.9330127018922194f,0.32340578797977837f,-0.1676342352100506f,-0.918650051349999f,0.25881904510252074f,-0.29848749562898547f,1.2260144006080664f,-0.36219620200339625f,-0.2499999999999999f,0.897949837827434f,-0.31095872906762406f,0f,0f,0f,1f],start_interpolation:0}
execute if entity @s[tag=aj.tultaria.bone.sword] run data modify entity @s {} merge value {transformation:[-0.0000025881904510252067f,0.000009330127018922195f,0.0000024999999999999998f,-0.3759126089084273f,0f,0.0000025881904510252075f,-0.000009659258262890684f,1.1543051434561233f,-0.000009659258262890684f,-0.000002499999999999999f,-6.698729810778064e-7f,-0.28750308767209154f,0f,0f,0f,1f],start_interpolation:0}
execute if entity @s[tag=aj.tultaria.bone.right_hand] run data modify entity @s {} merge value {transformation:[-0.25881904510252063f,0.9330127018922194f,0.24999999999999997f,0.0015864994606086952f,0f,0.25881904510252074f,-0.9659258262890683f,1.1758993301907352f,-0.9659258262890683f,-0.2499999999999999f,-0.06698729810778063f,-0.3563012882652285f,0f,0f,0f,1f],start_interpolation:0}
execute if entity @s[tag=aj.tultaria.bone.right_arm] run data modify entity @s {} merge value {transformation:[-0.25881904510252063f,0f,0.9659258262890683f,-0.08896904675399146f,0f,1f,0f,1.5196493301907352f,-0.9659258262890683f,0f,-0.25881904510252063f,-0.3320370027868672f,0f,0f,0f,1f],start_interpolation:0}
execute if entity @s[tag=aj.tultaria.locator_origin.locator_left_hand] at @s on origin run tp @s ^0.19072 ^0.82415 ^0.55286 ~90.93458 ~-1.6668
execute if entity @s[tag=aj.tultaria.bone.left_ring] run data modify entity @s {} merge value {transformation:[0.9531600144796001f,0.03223837005930602f,0.30074353574626983f,0.20005727702401307f,-0.10491774232472457f,0.9678088341861335f,0.22877571509397493f,1.0885315210813098f,-0.2836868945558313f,-0.24961319670080773f,0.9258590594091913f,0.4524018608382234f,0f,0f,0f,1f],start_interpolation:0}
execute if entity @s[tag=aj.tultaria.bone.left_hand] run data modify entity @s {} merge value {transformation:[0.008518543427733005f,0.03223837005930602f,0.9994439063368135f,0.2987923885648559f,-0.24999999999999994f,0.9678088341861335f,-0.029087118648585708f,1.2370247340495883f,-0.9682083631212187f,-0.24961319670080773f,0.01630391409858474f,0.41492829080046456f,0f,0f,0f,1f],start_interpolation:0}
execute if entity @s[tag=aj.tultaria.bone.left_arm] run data modify entity @s {} merge value {transformation:[0.008518543427733005f,-0.3229330423748423f,0.9463834764831844f,0.08896904675399146f,-0.24999999999999994f,0.9156751133619656f,0.31470476127563013f,1.5508993301907352f,-0.9682083631212187f,-0.23927669529663687f,-0.07293304237484233f,0.3320370027868672f,0f,0f,0f,1f],start_interpolation:0}
execute if entity @s[tag=aj.tultaria.bone.leftfoot] run data modify entity @s {} merge value {transformation:[-0.25881904510252063f,-0.023705006439142945f,0.9656349074893366f,-0.15936017092320853f,0f,0.9996988186962041f,0.024541228522912323f,0.4853900751165392f,-0.9659258262890683f,0.006351737331942914f,-0.2587410936450695f,0.17210995165581977f,0f,0f,0f,1f],start_interpolation:0}
execute if entity @s[tag=aj.tultaria.bone.leftleg] run data modify entity @s {} merge value {transformation:[-0.25881904510252063f,0.14173075478008232f,0.9554711377334679f,0.053482008087888444f,0f,0.989176509964781f,-0.14673047445536175f,0.8633993301907352f,-0.9659258262890683f,-0.037976641285976526f,-0.2560177197469286f,0.1150790616745159f,0f,0f,0f,1f],start_interpolation:0}
execute if entity @s[tag=aj.tultaria.bone.rightfoot] run data modify entity @s {} merge value {transformation:[-0.25881904510252063f,-0.1651365036647337f,0.9517051208486832f,-0.306405405135121f,0f,0.9852776423889412f,0.17096188876030116f,0.550259327867352f,-0.9659258262890683f,0.0442481927978645f,-0.2550086185639686f,-0.04730844168877377f,0f,0f,0f,1f],start_interpolation:0}
execute if entity @s[tag=aj.tultaria.bone.rightleg] run data modify entity @s {} merge value {transformation:[-0.25881904510252063f,0.36964381061438606f,0.8923991008325228f,-0.01122275318774171f,0f,0.9238795325112867f,-0.3826834323650897f,0.8633993301907352f,-0.9659258262890683f,-0.09904576054128757f,-0.2391176183943344f,-0.12640239489775118f,0f,0f,0f,1f],start_interpolation:0}
execute if entity @s[tag=aj.tultaria.bone.skirt_right_back] run data modify entity @s {} merge value {transformation:[-0.22836742115729344f,0.16717233067310744f,0.9591150779814113f,0.13792593909114426f,0.143911089532401f,0.9801217881019675f,-0.13656822030545462f,0.855124928519739f,-0.9628800129110401f,0.10683956357606092f,-0.24788583741575929f,-0.21152793910749487f,0f,0f,0f,1f],start_interpolation:0}
execute if entity @s[tag=aj.tultaria.bone.skirt_right] run data modify entity @s {} merge value {transformation:[-0.22836742115729344f,0.34859654533948853f,0.909026275490066f,-0.14666146688532022f,0.143911089532401f,0.9355291346014544f,-0.32260631832227205f,0.8918846061831747f,-0.9628800129110401f,0.05714618875504977f,-0.26381128453348546f,-0.17099265253311272f,0f,0f,0f,1f],start_interpolation:0}
execute if entity @s[tag=aj.tultaria.bone.skirt_left_back] run data modify entity @s {} merge value {transformation:[-0.2836680183365638f,0.07572520437511432f,0.9559278993707391f,0.22534244313874668f,-0.143911089532401f,0.9822250795198729f,-0.1205134493398003f,0.8931538416116321f,-0.9480622625558958f,-0.17175443686998748f,-0.26772814520118965f,0.10841377319645455f,0f,0f,0f,1f],start_interpolation:0}
execute if entity @s[tag=aj.tultaria.bone.skirt_left] run data modify entity @s {} merge value {transformation:[-0.2836680183365638f,0.14842653065156217f,0.9473658323856459f,-0.04151622981242121f,-0.143911089532401f,0.9701697606940967f,-0.19509032201612828f,0.8918846061831747f,-0.9480622625558958f,-0.1916773341673455f,-0.25384590972457205f,0.22141471439682128f,0f,0f,0f,1f],start_interpolation:0}
execute if entity @s[tag=aj.tultaria.bone.skirt_back_middle] run data modify entity @s {} merge value {transformation:[-0.25881904510252063f,0.10041290212555776f,0.9606924330809223f,0.12492510126639114f,0f,0.9945819926688867f,-0.10395508577643894f,0.9105076782673485f,-0.9659258262890683f,-0.02690555603420855f,-0.25741676161872346f,-0.03347357999870572f,0f,0f,0f,1f],start_interpolation:0}
execute if entity @s[tag=aj.tultaria.bone.skirt_front_middle] run data modify entity @s {} merge value {transformation:[-0.25881904510252063f,0.27029407159754126f,0.9273369488764278f,-0.1711267213541232f,0f,0.9600498543859287f,-0.2798290140309921f,0.9714734038973886f,-0.9659258262890683f,-0.07242507820348121f,-0.24847918656298004f,0.04585326679022304f,0f,0f,0f,1f],start_interpolation:0}
execute if entity @s[tag=aj.tultaria.bone.lower] run data modify entity @s {} merge value {transformation:[-0.25881904510252063f,0f,0.9659258262890683f,0f,0f,1f,0f,0.9571493301907352f,-0.9659258262890683f,0f,-0.25881904510252063f,0f,0f,0f,0f,1f],start_interpolation:0}