execute if entity @s[tag=aj.tultaria.bone.head] run data modify entity @s {} merge value {transformation:[-0.9190779651203649f,0.04056042543862288f,-0.39198283880604695f,0f,3.469446951953614e-18f,0.9946890724016927f,0.1029254547945262f,1.6139584894862185f,0.39407574656429867f,0.09459651755164124f,-0.914196808590411f,0f,0f,0f,0f,1f],start_interpolation:0}
execute if entity @s[tag=aj.tultaria.bone.bust] run data modify entity @s {} merge value {transformation:[-0.699522267943466f,-0.35730540041091935f,-0.618871107330454f,0.051362651309069696f,0f,0.8660254037844387f,-0.49999999999999994f,1.5045834894862185f,0.7146108008218388f,-0.3497611339717329f,-0.6058040545519464f,0.05027816300843663f,0f,0f,0f,1f],start_interpolation:0}
execute if entity @s[tag=aj.tultaria.bone.left_wing] run data modify entity @s {} merge value {transformation:[-0.29504466709021426f,0f,-0.9554834610926684f,-0.04560620835626328f,0f,1f,0f,1.3952084894862185f,0.9554834610926684f,0f,-0.29504466709021426f,-0.13210345854429817f,0f,0f,0f,1f],start_interpolation:0}
execute if entity @s[tag=aj.tultaria.bone.right_wing] run data modify entity @s {} merge value {transformation:[-0.9489705069791805f,0f,-0.31536483139956656f,-0.13304649184919648f,0f,1f,0f,1.3952084894862185f,0.31536483139956656f,0f,-0.9489705069791805f,-0.042777108441568346f,0f,0f,0f,1f],start_interpolation:0}
execute if entity @s[tag=aj.tultaria.bone.body] run data modify entity @s {} merge value {transformation:[-0.699522267943466f,0f,-0.7146108008218388f,0.7070665343826523f,0f,1f,0f,0.33270848948621845f,0.7146108008218388f,0f,-0.699522267943466f,-0.007544266439186431f,0f,0f,0f,1f],start_interpolation:0}
execute if entity @s[tag=aj.tultaria.bone.right_ring] run data modify entity @s {} merge value {transformation:[0.7816101936982146f,0.414367755074614f,-0.4662455025643293f,-0.5190782633673088f,-0.3133389170605687f,0.907138313230652f,0.28092490762543215f,1.1275008359205787f,0.539355382064877f,-0.07348091060589965f,0.8388660963551803f,0.21683547121926078f,0f,0f,0f,1f],start_interpolation:0}
execute if entity @s[tag=aj.tultaria.bone.sword] run data modify entity @s {} merge value {transformation:[-0.000004386836760240877f,0.00000414367755074614f,-0.000007974057912659138f,-0.6358895401541632f,0.0000026981840525932344f,0.00000907138313230652f,0.0000032295217734575357f,0.9425422828367548f,0.00000857178313172533f,-7.348091060589965e-7f,-0.00000509750816775431f,0.25173138618882684f,0f,0f,0f,1f],start_interpolation:0}
execute if entity @s[tag=aj.tultaria.bone.right_hand] run data modify entity @s {} merge value {transformation:[-0.43868367602408764f,0.414367755074614f,-0.7974057912659137f,-0.5290900945680798f,0.26981840525932343f,0.907138313230652f,0.32295217734575354f,1.2995179639890324f,0.8571783131725329f,-0.07348091060589965f,-0.509750816775431f,0.1575649398643923f,0f,0f,0f,1f],start_interpolation:0}
execute if entity @s[tag=aj.tultaria.bone.right_arm] run data modify entity @s {} merge value {transformation:[-0.43868367602408764f,0.6791552964691715f,-0.5884766058798472f,-0.24046077960556642f,0.26981840525932343f,0.7241814752752649f,0.6346331373726528f,1.4889584894862185f,0.8571783131725329f,0.11962137829841529f,-0.500935190699035f,0.2456474627825071f,0f,0f,0f,1f],start_interpolation:0}
execute if entity @s[tag=aj.tultaria.bone.left_ring] run data modify entity @s {} merge value {transformation:[0.48599801625081673f,-0.13172360902070074f,-0.8639761680896252f,0.26129069685491646f,-0.07986230242118475f,0.977746777954716f,-0.19399291443544645f,1.03959493184269f,0.8703033613931741f,0.16327929760301138f,0.46466324378199875f,-0.4010503192592826f,0f,0f,0f,1f],start_interpolation:0}
execute if entity @s[tag=aj.tultaria.bone.left_hand] run data modify entity @s {} merge value {transformation:[-0.8464887709863128f,-0.13172360902070074f,-0.5158542928198263f,0.19234754299357326f,-0.1966618933534877f,0.977746777954716f,0.0730433973867087f,1.1992156844031183f,0.49475333277978334f,0.16327929760301138f,-0.8535566827560803f,-0.4555588680171946f,0f,0f,0f,1f],start_interpolation:0}
execute if entity @s[tag=aj.tultaria.bone.left_arm] run data modify entity @s {} merge value {transformation:[-0.8464887709863128f,-0.004794282701281488f,-0.5323849879997198f,0.24046077960556642f,-0.1966618933534877f,0.9320552482698838f,0.3042977388597994f,1.5202084894862185f,0.49475333277978334f,0.3622844587143442f,-0.7899171543126225f,-0.2456474627825071f,0f,0f,0f,1f],start_interpolation:0}
execute if entity @s[tag=aj.tultaria.bone.leftfoot] run data modify entity @s {} merge value {transformation:[-0.699522267943466f,0.19749947537224813f,-0.6867769316735358f,0.20089500605692706f,0f,0.9610503100200939f,0.276373482103984f,0.43419282344642957f,0.7146108008218388f,0.1933294050008118f,-0.6722760924730272f,0.02173285127736256f,0f,0f,0f,1f],start_interpolation:0}
execute if entity @s[tag=aj.tultaria.bone.leftleg] run data modify entity @s {} merge value {transformation:[-0.699522267943466f,-0.0321981838354902f,-0.7138850563003303f,0.07180817222495552f,0f,0.9989844198818799f,-0.04505695099830657f,0.8327084894862185f,0.7146108008218388f,-0.03151834054895302f,-0.6988118470359603f,-0.10462839971399317f,0f,0f,0f,1f],start_interpolation:0}
execute if entity @s[tag=aj.tultaria.bone.rightfoot] run data modify entity @s {} merge value {transformation:[-0.699522267943466f,0.22824297338890276f,-0.677180730492106f,0.1153094991234581f,0f,0.9476217399923339f,0.31939479941586635f,0.5195684871628352f,0.7146108008218388f,0.2234237744567352f,-0.6628825087119709f,0.2877952055940734f,0f,0f,0f,1f],start_interpolation:0}
execute if entity @s[tag=aj.tultaria.bone.rightleg] run data modify entity @s {} merge value {transformation:[-0.699522267943466f,-0.27346971406366677f,-0.6602142925907967f,-0.10307239476091097f,0f,0.9238795325112867f,-0.3826834323650897f,0.8327084894862185f,0.7146108008218388f,-0.26769558251241754f,-0.6462743058888444f,0.07402430049146654f,0f,0f,0f,1f],start_interpolation:0}
execute if entity @s[tag=aj.tultaria.bone.skirt_right_back] run data modify entity @s {} merge value {transformation:[-0.699069011504289f,0.019626157992939153f,-0.7147848145259191f,-0.2583303143017333f,0.13171451872651044f,0.986052447626415f,-0.10174407150591111f,0.8297155640108486f,0.7028184706672554f,-0.16527366533235846f,-0.6919037598080731f,-0.010159951846225673f,0f,0f,0f,1f],start_interpolation:0}
execute if entity @s[tag=aj.tultaria.bone.skirt_right] run data modify entity @s {} merge value {transformation:[-0.699069011504289f,-0.13026891428856852f,-0.7030878516405286f,-0.07429095549430814f,0.13171451872651044f,0.9429804694868724f,-0.3056781309203546f,0.8608673376994722f,0.7028184706672554f,-0.30629698682225937f,-0.6420501173214944f,0.21152328253518757f,0f,0f,0f,1f],start_interpolation:0}
execute if entity @s[tag=aj.tultaria.bone.skirt_left_back] run data modify entity @s {} merge value {transformation:[-0.6877422936961228f,-0.030737318697294888f,-0.7253039050638684f,-0.020651455714698452f,-0.13171451872651044f,0.9878041442251688f,0.08303166991109809f,0.9017010119976236f,0.7139060323447616f,0.15263744590002398f,-0.6834032390111109f,-0.24957271469075484f,0f,0f,0f,1f],start_interpolation:0}
execute if entity @s[tag=aj.tultaria.bone.skirt_left] run data modify entity @s {} merge value {transformation:[-0.6877422936961228f,-0.13484818631955608f,-0.713320758220257f,0.2098899658577249f,-0.13171451872651044f,0.989466557474594f,-0.060060113186870066f,0.8608673376994722f,0.7139060323447616f,0.052648820363823894f,-0.6982594637354069f,-0.07878735529868444f,0f,0f,0f,1f],start_interpolation:0}
execute if entity @s[tag=aj.tultaria.bone.skirt_back_middle] run data modify entity @s {} merge value {transformation:[-0.699522267943466f,0.08032439991999675f,-0.710082099076383f,-0.09092188602784279f,0f,0.9936627017948125f,0.11240300290398576f,0.9101163605623318f,0.7146108008218388f,0.0786284035150521f,-0.6950891867303391f,-0.08900213073570748f,0f,0f,0f,1f],start_interpolation:0}
execute if entity @s[tag=aj.tultaria.bone.skirt_front_middle] run data modify entity @s {} merge value {transformation:[-0.699522267943466f,-0.10492628402490628f,-0.7068656672748751f,0.1319908509159875f,0f,0.989161745752994f,-0.14682997220897825f,0.9288851459332287f,0.7146108008218388f,-0.10271083516170054f,-0.6919406677520524f,0.1292039516816072f,0f,0f,0f,1f],start_interpolation:0}
execute if entity @s[tag=aj.tultaria.bone.lower] run data modify entity @s {} merge value {transformation:[-0.699522267943466f,0f,-0.7146108008218388f,0f,0f,1f,0f,0.9264584894862185f,0.7146108008218388f,0f,-0.699522267943466f,0f,0f,0f,0f,1f],start_interpolation:0}