execute if entity @s[tag=aj.tultaria.bone.head] run data modify entity @s {} merge value {transformation:[-0.8076390851265121f,-0.058610149100969657f,-0.5867571547057375f,0f,0f,0.995048193059432f,-0.0993936290169509f,1.7256001154851475f,0.5896771219710077f,-0.08027417960665416f,-0.8036398122993085f,0f,0f,0f,0f,1f],start_interpolation:0}
execute if entity @s[tag=aj.tultaria.bone.bust] run data modify entity @s {} merge value {transformation:[-0.45291293292322454f,-0.4457773758253335f,-0.772109063794204f,0.06408049777489166f,0f,0.8660254037844387f,-0.49999999999999994f,1.6162251154851475f,0.8915547516506671f,-0.22645646646161224f,-0.39223410561402994f,0.03255311705385677f,0f,0f,0f,1f],start_interpolation:0}
execute if entity @s[tag=aj.tultaria.bone.left_wing] run data modify entity @s {} merge value {transformation:[0.1380657991821364f,0f,-0.9904230586452427f,-0.08313728564863188f,0f,1f,0f,1.5068501154851475f,0.9904230586452427f,0f,0.1380657991821364f,-0.11233628859356976f,0f,0f,0f,1f],start_interpolation:0}
execute if entity @s[tag=aj.tultaria.bone.right_wing] run data modify entity @s {} merge value {transformation:[-0.8812819706113943f,0f,-0.47259082542438086f,-0.13975140226403493f,0f,1f,0f,1.5068501154851475f,0.47259082542438086f,0f,-0.8812819706113943f,-0.0008919446372363526f,0f,0f,0f,1f],start_interpolation:0}
execute if entity @s[tag=aj.tultaria.bone.body] run data modify entity @s {} merge value {transformation:[-0.45291293292322454f,0f,-0.8915547516506671f,0.6722338422869458f,0f,1f,0f,0.44435011548514747f,0.8915547516506671f,0f,-0.45291293292322454f,-0.21932090936372128f,0f,0f,0f,1f],start_interpolation:0}
execute if entity @s[tag=aj.tultaria.bone.right_ring] run data modify entity @s {} merge value {transformation:[-0.3624529573346908f,-0.376163749847814f,0.8527184101564643f,-0.16843760696101928f,-0.4126875160598807f,0.8851243625171984f,0.2150438954419514f,1.1817389079980591f,-0.835653557287745f,-0.2739629467262944f,-0.4760540263598063f,0.36822902681022085f,0f,0f,0f,1f],start_interpolation:0}
execute if entity @s[tag=aj.tultaria.bone.sword] run data modify entity @s {} merge value {transformation:[-0.000003316211432983867f,-0.00000376163749847814f,-0.000008651752716172037f,-0.11003331102890337f,0.0000014748051341990727f,0.000008851243625171984f,-0.000004413664702261872f,0.9858303686445099f,0.000009318137772531976f,-0.0000027396294672629443f,-0.000002380491301016957f,0.4535580842879212f,0f,0f,0f,1f],start_interpolation:0}
execute if entity @s[tag=aj.tultaria.bone.right_hand] run data modify entity @s {} merge value {transformation:[-0.33162114329838666f,-0.376163749847814f,-0.8651752716172036f,-0.30832337458885306f,0.14748051341990726f,0.8851243625171984f,-0.44136647022618714f,1.2786614830576664f,0.9318137772531975f,-0.2739629467262944f,-0.2380491301016957f,0.3031052104372034f,0f,0f,0f,1f],start_interpolation:0}
execute if entity @s[tag=aj.tultaria.bone.right_arm] run data modify entity @s {} merge value {transformation:[-0.33162114329838666f,0.19212532113191935f,-0.9236423974122387f,-0.15568882069235843f,0.14748051341990726f,0.977564391209681f,0.15039068854236412f,1.6006001154851475f,0.9318137772531975f,-0.08634652291090061f,-0.35251576206224566f,0.30647194587991683f,0f,0f,0f,1f],start_interpolation:0}
execute if entity @s[tag=aj.tultaria.bone.left_ring] run data modify entity @s {} merge value {transformation:[-0.11408435941682504f,-0.028446063266559556f,0.9930637343197504f,0.16955979661677792f,0.5931819001318477f,0.7999022387778324f,0.09105845240383922f,1.2077517611915949f,-0.7969441588294774f,0.5994557780877973f,-0.07438264464732469f,-0.6254735589145763f,0f,0f,0f,1f],start_interpolation:0}
execute if entity @s[tag=aj.tultaria.bone.left_hand] run data modify entity @s {} merge value {transformation:[-0.6077746151198229f,-0.028446063266559556f,-0.7935999235764745f,0.0907151063960835f,-0.4899538657687139f,0.7999022387778324f,0.34655680316003695f,1.3652261862968846f,0.6249441788145915f,0.5994557780877973f,-0.500097533970034f,-0.5786927373980487f,0f,0f,0f,1f],start_interpolation:0}
execute if entity @s[tag=aj.tultaria.bone.left_arm] run data modify entity @s {} merge value {transformation:[-0.6077746151198229f,-0.025164451413776878f,-0.7937107581487067f,0.15568882069235843f,-0.4899538657687139f,0.7984624615347558f,0.3498612681308859f,1.6318501154851475f,0.6249441788145915f,0.601518451840758f,-0.49761463549704155f,-0.30647194587991683f,0f,0f,0f,1f],start_interpolation:0}
execute if entity @s[tag=aj.tultaria.bone.leftfoot] run data modify entity @s {} merge value {transformation:[-0.45291293292322454f,0.007079378301032724f,-0.8915266443543645f,0.23579969455951713f,0f,0.9999684738416227f,0.007940486311048905f,0.5678125880544761f,0.8915547516506671f,0.0035963489439738844f,-0.45289865431837f,-0.020417443483920855f,0f,0f,0f,1f],start_interpolation:0}
execute if entity @s[tag=aj.tultaria.bone.leftleg] run data modify entity @s {} merge value {transformation:[-0.45291293292322454f,-0.13667227466149393f,-0.8810167788014799f,0.03711135642304472f,0f,0.9881802291674441f,-0.15329655796063263f,0.9443501154851475f,0.8915547516506671f,-0.0694299936729852f,-0.44755960584897125f,-0.12135181436402892f,0f,0f,0f,1f],start_interpolation:0}
execute if entity @s[tag=aj.tultaria.bone.rightfoot] run data modify entity @s {} merge value {transformation:[-0.45291293292322454f,0.1436636675815946f,-0.8799037594009289f,0.19633830431064148f,0f,0.9869318264210167f,0.1611383566916208f,0.6312101131617642f,0.8915547516506671f,0.0729816457356307f,-0.44699418809961744f,0.239945058735244f,0f,0f,0f,1f],start_interpolation:0}
execute if entity @s[tag=aj.tultaria.bone.rightleg] run data modify entity @s {} merge value {transformation:[-0.45291293292322454f,-0.3411832325030824f,-0.8236891871632347f,-0.07611687680776141f,0f,0.9238795325112867f,-0.3826834323650897f,0.9443501154851475f,0.8915547516506671f,-0.1733222757335992f,-0.41843698873742446f,0.10153687354863786f,0f,0f,0f,1f],start_interpolation:0}
execute if entity @s[tag=aj.tultaria.bone.skirt_right_back] run data modify entity @s {} merge value {transformation:[-0.48319508196364247f,-0.009966534388142045f,-0.8754559845922802f,-0.24212565219766385f,0.2338278012269383f,0.9621441728231701f,-0.14001124981869512f,0.9324854222697618f,0.8437103010746783f,-0.2723586952801537f,-0.46257287962630084f,0.06364346062413634f,0f,0f,0f,1f],start_interpolation:0}
execute if entity @s[tag=aj.tultaria.bone.skirt_right] run data modify entity @s {} merge value {transformation:[-0.48319508196364247f,-0.1772821930568459f,-0.8573759600030222f,-0.005008372692124827f,0.2338278012269383f,0.9175813987134459f,-0.32151039813426185f,0.9728685031137745f,0.8437103010746783f,-0.3558305787309901f,-0.4019173137604854f,0.22528806319854344f,0f,0f,0f,1f],start_interpolation:0}
execute if entity @s[tag=aj.tultaria.bone.skirt_left_back] run data modify entity @s {} merge value {transformation:[-0.3964154855548422f,-0.22111891758733357f,-0.8910449972348897f,-0.09667593501159566f,-0.2338278012269383f,0.9628718675150872f,-0.13491599653630315f,0.967669659126575f,0.8877946396468579f,0.15486830222164358f,-0.4334010691972177f,-0.22616418673203167f,0f,0f,0f,1f],start_interpolation:0}
execute if entity @s[tag=aj.tultaria.bone.skirt_left] run data modify entity @s {} merge value {transformation:[-0.3964154855548422f,-0.2845853221974053f,-0.872849332475037f,0.17898750630793514f,-0.2338278012269383f,0.9506857530127698f,-0.2037674124876652f,0.9728685031137745f,0.8877946396468579f,0.12331988245348714f,-0.443410514541507f,-0.1369060546595401f,0f,0f,0f,1f],start_interpolation:0}
execute if entity @s[tag=aj.tultaria.bone.skirt_back_middle] run data modify entity @s {} merge value {transformation:[-0.45291293292322454f,0.010200229995592391f,-0.8914963995995272f,-0.1153005874731929f,0f,0.9999345502325775f,0.011440946253392953f,0.9894830895366742f,0.8915547516506671f,0.0051817525230411915f,-0.45288328987710214f,-0.05857310181295082f,0f,0f,0f,1f],start_interpolation:0}
execute if entity @s[tag=aj.tultaria.bone.skirt_front_middle] run data modify entity @s {} merge value {transformation:[-0.45291293292322454f,-0.25705232825858826f,-0.85369431046934f,0.15746482892525615f,0f,0.9575343621788448f,-0.28831917252717154f,1.0531604059390696f,0.8915547516506671f,-0.13058348204727843f,-0.43367969634918974f,0.07999268398127013f,0f,0f,0f,1f],start_interpolation:0}
execute if entity @s[tag=aj.tultaria.bone.lower] run data modify entity @s {} merge value {transformation:[-0.45291293292322454f,0f,-0.8915547516506671f,0f,0f,1f,0f,1.0381001154851475f,0.8915547516506671f,0f,-0.45291293292322454f,0f,0f,0f,0f,1f],start_interpolation:0}