execute if entity @s[tag=aj.frestchika_v2.bone.hair] run data modify entity @s {} merge value {transformation:[-0.9206624192142225f,-0.1471172669594158f,-0.36157602189443794f,0.007380679958503333f,-0.2481347791529549f,0.9356069083106237f,0.25113511203364286f,1.4125767149400559f,0.3013467126439733f,0.3209302461343088f,-0.8978830301853593f,-0.22461380524531818f,0f,0f,0f,1f],start_interpolation:0}
execute if entity @s[tag=aj.frestchika_v2.bone.side_hair_2] run data modify entity @s {} merge value {transformation:[-0.9206624192142225f,0.13243235479866344f,-0.3672089068215748f,0.4283031528820017f,-0.2481347791529549f,0.5276471145012707f,0.8124147056357344f,1.8723664800490492f,0.3013467126439733f,0.8390769892929754f,-0.4529237958174719f,-0.17736603897447223f,0f,0f,0f,1f],start_interpolation:0}
execute if entity @s[tag=aj.frestchika_v2.bone.side_hair_1] run data modify entity @s {} merge value {transformation:[-0.9206624192142225f,-0.04269692240363249f,-0.3880176318981823f,0.2687465755782743f,-0.2481347791529549f,0.831351160570758f,0.49727696426877427f,2.146760252078147f,0.3013467126439733f,0.5541048823417023f,-0.7759883621187622f,0.08631119800030672f,0f,0f,0f,1f],start_interpolation:0}
execute if entity @s[tag=aj.frestchika_v2.bone.head] run data modify entity @s {} merge value {transformation:[-0.9206624192142225f,-0.1928909347265323f,-0.3393726523262294f,0.06847054067709177f,-0.2481347791529549f,0.9603213697739172f,0.12732634499686768f,1.547823424400666f,0.3013467126439733f,0.20143473895004238f,-0.931994745008146f,0.07339027966369918f,0f,0f,0f,1f],start_interpolation:0}
execute if entity @s[tag=aj.frestchika_v2.bone.group] run data modify entity @s {} merge value {transformation:[0.000009943148087746326f,7.621834254604528e-7f,-7.435607111056609e-7f,0.3070509131192693f,-9.152851671236831e-7f,0.000009686226743429025f,-0.0000023106848633519274f,1.2694895777627042f,5.441131940965577e-7f,0.0000023656051870153056f,0.000009700920210535511f,0.4916285688535487f,0f,0f,0f,1f],start_interpolation:0}
execute if entity @s[tag=aj.frestchika_v2.bone.group2] run data modify entity @s {} merge value {transformation:[0.000009943148087746326f,7.621834254604528e-7f,-7.435607111056609e-7f,0.3070509131192693f,-9.152851671236831e-7f,0.000009686226743429025f,-0.0000023106848633519274f,1.2694895777627042f,5.441131940965577e-7f,0.0000023656051870153056f,0.000009700920210535511f,0.4916285688535487f,0f,0f,0f,1f],start_interpolation:0}
execute if entity @s[tag=aj.frestchika_v2.bone.group3] run data modify entity @s {} merge value {transformation:[0.000009943148087746326f,7.621834254604528e-7f,-7.435607111056609e-7f,0.3070509131192693f,-9.152851671236831e-7f,0.000009686226743429025f,-0.0000023106848633519274f,1.2694895777627042f,5.441131940965577e-7f,0.0000023656051870153056f,0.000009700920210535511f,0.4916285688535487f,0f,0f,0f,1f],start_interpolation:0}
execute if entity @s[tag=aj.frestchika_v2.locator_origin.muzzle] at @s on origin run tp @s ^0.30706 ^1.26949 ^0.49163 ~-175.61694 ~-13.35999
execute if entity @s[tag=aj.frestchika_v2.bone.gun] run data modify entity @s {} merge value {transformation:[0.000009943148087746326f,7.621834254604528e-7f,-7.435607111056609e-7f,0.30705117356964484f,-9.152851671236831e-7f,0.000009686226743429025f,-0.0000023106848633519274f,1.2694902678926967f,5.441131940965577e-7f,0.0000023656051870153056f,0.000009700920210535511f,0.49163358521617595f,0f,0f,0f,1f],start_interpolation:0}
execute if entity @s[tag=aj.frestchika_v2.bone.sword] run data modify entity @s {} merge value {transformation:[0.08021142151203257f,-0.16140676457286782f,-1.0368407285157821f,0.24150321897587732f,1.0193688162517272f,0.25869454546205295f,0.03858834930045999f,1.0410091230033138f,0.24895392427630364f,-1.0072485793478692f,0.1760595214384266f,0.3518607725321831f,0f,0f,0f,1f],start_interpolation:0}
execute if entity @s[tag=aj.frestchika_v2.bone.arm_right_1] run data modify entity @s {} merge value {transformation:[0.9943148087746325f,0.07621834254604527f,-0.07435607111056608f,-0.0073875333109552355f,-0.09152851671236831f,0.9686226743429025f,-0.23106848633519272f,1.2865415181940625f,0.05441131940965577f,0.23656051870153053f,0.9700920210535511f,0.5231353181294536f,0f,0f,0f,1f],start_interpolation:0}
execute if entity @s[tag=aj.frestchika_v2.bone.arm_right_0] run data modify entity @s {} merge value {transformation:[0.5783033977125701f,0.07621834254604527f,-0.8122536207697881f,-0.16553750968390188f,-0.23621365649810594f,0.9686226743429025f,-0.07728663036126138f,1.3708533698600212f,0.7808766155276338f,0.23656051870153053f,0.5781615970589632f,0.22886625519054857f,0f,0f,0f,1f],start_interpolation:0}
execute if entity @s[tag=aj.frestchika_v2.bone.arm_left_1] run data modify entity @s {} merge value {transformation:[-0.7796716098363207f,0.39731997766134736f,-0.4839927852421217f,0.15240271706428293f,0.5953389687639014f,0.7099438924423093f,-0.376232882474402f,1.3587504311677172f,0.19412288140859285f,-0.5814778628073893f,-0.7900631632841619f,-0.42772947072036893f,0f,0f,0f,1f],start_interpolation:0}
execute if entity @s[tag=aj.frestchika_v2.bone.arm_left_0] run data modify entity @s {} merge value {transformation:[-0.0959132520773991f,0.39731997766134736f,-0.9126540874981736f,0.1595489418976147f,0.662294825543497f,0.7099438924423093f,0.23946864855795127f,1.575888250689407f,0.7430788734274756f,-0.5814778628073893f,-0.3312359928067974f,-0.15773637774030136f,0f,0f,0f,1f],start_interpolation:0}
execute if entity @s[tag=aj.frestchika_v2.bone.right_wing_0] run data modify entity @s {} merge value {transformation:[-0.000003654547805600433f,0.0000018258810847224473f,-0.000009127455209478372f,-0.5798372742821236f,-0.000001182812707788338f,0.000009635144998192427f,0.000002401027896985349f,1.3313110335305423f,0.00000923283458288274f,0.0000019570741243653118f,-0.000003305242265986606f,0.0064657610577670555f,0f,0f,0f,1f],start_interpolation:0}
execute if entity @s[tag=aj.frestchika_v2.bone.right_wing_1] run data modify entity @s {} merge value {transformation:[-0.000003654547805600433f,0.0000018258810847224473f,-0.000009127455209478372f,0.25093425074861325f,-0.000001182812707788338f,0.000009635144998192427f,0.000002401027896985349f,1.9888082134423544f,0.00000923283458288274f,0.0000019570741243653118f,-0.000003305242265986606f,-0.0137024467485478f,0f,0f,0f,1f],start_interpolation:0}
execute if entity @s[tag=aj.frestchika_v2.bone.right_wing_2] run data modify entity @s {} merge value {transformation:[-0.000003654547805600433f,0.0000018258810847224473f,-0.000009127455209478372f,0.24979481609325893f,-0.000001182812707788338f,0.000009635144998192427f,0.000002401027896985349f,1.971481574513111f,0.00000923283458288274f,0.0000019570741243653118f,-0.000003305242265986606f,-0.02314248234603454f,0f,0f,0f,1f],start_interpolation:0}
execute if entity @s[tag=aj.frestchika_v2.bone.left_wing_0] run data modify entity @s {} merge value {transformation:[-0.000003654547805600433f,0.0000018258810847224473f,-0.000009127455209478372f,-0.5798372742821236f,-0.000001182812707788338f,0.000009635144998192427f,0.000002401027896985349f,1.3313110335305423f,0.00000923283458288274f,0.0000019570741243653118f,-0.000003305242265986606f,0.0064657610577670555f,0f,0f,0f,1f],start_interpolation:0}
execute if entity @s[tag=aj.frestchika_v2.bone.left_wing_1] run data modify entity @s {} merge value {transformation:[-0.000003654547805600433f,0.0000018258810847224473f,-0.000009127455209478372f,0.25093425074861325f,-0.000001182812707788338f,0.000009635144998192427f,0.000002401027896985349f,1.9888082134423544f,0.00000923283458288274f,0.0000019570741243653118f,-0.000003305242265986606f,-0.0137024467485478f,0f,0f,0f,1f],start_interpolation:0}
execute if entity @s[tag=aj.frestchika_v2.bone.left_wing_2] run data modify entity @s {} merge value {transformation:[-0.000003654547805600433f,0.0000018258810847224473f,-0.000009127455209478372f,0.24979481609325893f,-0.000001182812707788338f,0.000009635144998192427f,0.000002401027896985349f,1.971481574513111f,0.00000923283458288274f,0.0000019570741243653118f,-0.000003305242265986606f,-0.02314248234603454f,0f,0f,0f,1f],start_interpolation:0}
execute if entity @s[tag=aj.frestchika_v2.bone.leg_right_1] run data modify entity @s {} merge value {transformation:[-0.584471469681904f,0.06267995153535272f,-0.8089896938795955f,0.36098135738197135f,-0.2643719102031122f,0.9278977900686041f,0.2628938650508196f,0.7644964238566588f,0.7671379238594797f,0.3675281143821884f,-0.5257589665571483f,0.2519826417449924f,0f,0f,0f,1f],start_interpolation:0}
execute if entity @s[tag=aj.frestchika_v2.bone.leg_right_0] run data modify entity @s {} merge value {transformation:[-0.584471469681904f,-0.7491361472570559f,-0.3117501146763708f,0.08644794270598447f,-0.2643719102031122f,0.5390552143439852f,-0.7997043009663746f,0.8727395624244364f,0.7671379238594797f,-0.3849863747737252f,-0.5131129476198707f,0.08012240782560667f,0f,0f,0f,1f],start_interpolation:0}
execute if entity @s[tag=aj.frestchika_v2.bone.leg_left_1] run data modify entity @s {} merge value {transformation:[-0.45436194177465195f,0.07283125784430194f,-0.8878349135664723f,0.48669910720989784f,-0.5067698866599896f,0.7985332345426215f,0.32485220532654524f,0.7097308600540477f,0.7326250799975312f,0.5975284773228098f,-0.3259144227353178f,-0.11604030481313982f,0f,0f,0f,1f],start_interpolation:0}
execute if entity @s[tag=aj.frestchika_v2.bone.leg_left_0] run data modify entity @s {} merge value {transformation:[-0.45436194177465195f,-0.6954736106854283f,-0.5566611920252225f,0.2176667877858104f,-0.5067698866599896f,0.7157177774700882f,-0.4805542060869914f,0.9428732950767252f,0.7326250799975312f,0.06375358698497488f,-0.6776400019960158f,-0.12162089684201802f,0f,0f,0f,1f],start_interpolation:0}
execute if entity @s[tag=aj.frestchika_v2.bone.body_0] run data modify entity @s {} merge value {transformation:[-0.584471469681904f,-0.3920173240195475f,-0.7104333317042696f,0.022827517742988558f,-0.2643719102031122f,0.9197757689217481f,-0.29003452897881776f,1.2414203089747695f,0.7671379238594797f,0.018301709563870616f,-0.6412210642232576f,-0.004237246477108629f,0f,0f,0f,1f],start_interpolation:0}
execute if entity @s[tag=aj.frestchika_v2.bone.body_1] run data modify entity @s {} merge value {transformation:[-0.36545478056004327f,0.18258810847224471f,-0.9127455209478371f,0f,-0.1182812707788338f,0.9635144998192426f,0.2401027896985349f,1.18650548696845f,0.923283458288274f,0.19570741243653117f,-0.33052422659866054f,0f,0f,0f,0f,1f],start_interpolation:0}