execute if entity @s[tag=aj.frestchika_v2.bone.hair] run data modify entity @s {} merge value {transformation:[-0.48723153926096435f,0.7237233697860106f,-0.48870227252896314f,0.03910992825125226f,0.7299292596850745f,0.030307138291967572f,-0.6828504618319817f,1.2068379437612284f,-0.47938366993984166f,-0.6894243695969361f,-0.5430334571652803f,-0.04053685244185562f,0f,0f,0f,1f],start_interpolation:0}
execute if entity @s[tag=aj.frestchika_v2.bone.side_hair_2] run data modify entity @s {} merge value {transformation:[-0.48723153926096435f,0.8098324167208127f,-0.32676732391339197f,0.540927957210315f,0.7299292596850745f,0.17225889988986137f,-0.661460616563325f,0.8326029538404199f,-0.47938366993984166f,-0.5608015052020302f,-0.6750503453507348f,-0.10371644473705172f,0f,0f,0f,1f],start_interpolation:0}
execute if entity @s[tag=aj.frestchika_v2.bone.side_hair_1] run data modify entity @s {} merge value {transformation:[-0.48723153926096435f,0.4759498425221371f,-0.7321729130147773f,0.649743754962959f,0.7299292596850745f,-0.2382919932432049f,-0.6406404622030829f,0.8613348148083341f,-0.47938366993984166f,-0.8465746708704042f,-0.23130634153796129f,-0.5007171136441289f,0f,0f,0f,1f],start_interpolation:0}
execute if entity @s[tag=aj.frestchika_v2.bone.head] run data modify entity @s {} merge value {transformation:[-0.48723153926096435f,0.3022281643653483f,-0.8193067580666863f,0.32337434573508544f,0.7299292596850745f,-0.3740813647267275f,-0.5720720307966369f,1.301099959330834f,-0.47938366993984166f,-0.8767675115037856f,-0.038340941126532135f,-0.18592767573663033f,0f,0f,0f,1f],start_interpolation:0}
execute if entity @s[tag=aj.frestchika_v2.bone.group] run data modify entity @s {} merge value {transformation:[-0.0000045751579241131f,0.000008647003935988217f,-0.0000020729816449813133f,-0.20162477380024668f,0.0000012674464489814997f,-0.00000167331749724171f,-0.000009777197351613038f,1.641037490205275f,-0.000008801222044033963f,-0.000004735961516358538f,-3.3039226259348087e-7f,-0.857549052808849f,0f,0f,0f,1f],start_interpolation:0}
execute if entity @s[tag=aj.frestchika_v2.bone.group2] run data modify entity @s {} merge value {transformation:[-0.0000045751579241131f,0.000008647003935988217f,-0.0000020729816449813133f,-0.20162477380024668f,0.0000012674464489814997f,-0.00000167331749724171f,-0.000009777197351613038f,1.641037490205275f,-0.000008801222044033963f,-0.000004735961516358538f,-3.3039226259348087e-7f,-0.857549052808849f,0f,0f,0f,1f],start_interpolation:0}
execute if entity @s[tag=aj.frestchika_v2.bone.group3] run data modify entity @s {} merge value {transformation:[-0.0000045751579241131f,0.000008647003935988217f,-0.0000020729816449813133f,-0.20162477380024668f,0.0000012674464489814997f,-0.00000167331749724171f,-0.000009777197351613038f,1.641037490205275f,-0.000008801222044033963f,-0.000004735961516358538f,-3.3039226259348087e-7f,-0.857549052808849f,0f,0f,0f,1f],start_interpolation:0}
execute if entity @s[tag=aj.frestchika_v2.locator_origin.muzzle] at @s on origin run tp @s ^-0.20163 ^1.64104 ^-0.85756 ~-80.94435 ~-77.88266
execute if entity @s[tag=aj.frestchika_v2.bone.gun] run data modify entity @s {} merge value {transformation:[-0.0000045751579241131f,0.000008647003935988217f,-0.0000020729816449813133f,-0.20162433865768245f,0.0000012674464489814997f,-0.00000167331749724171f,-0.000009777197351613038f,1.641032652808538f,-0.000008801222044033963f,-0.000004735961516358538f,-3.3039226259348087e-7f,-0.8575505082302897f,0f,0f,0f,1f],start_interpolation:0}
execute if entity @s[tag=aj.frestchika_v2.bone.sword] run data modify entity @s {} merge value {transformation:[0.9100020472194641f,0.40120313393480744f,0.3441758728866305f,-0.3764451140182359f,-0.17609826009222038f,0.8761677238796478f,-0.555737559036683f,1.7408405141687222f,-0.4984078540200562f,0.4229549350137045f,0.8247565980934471f,-0.6643392976497433f,0f,0f,0f,1f],start_interpolation:0}
execute if entity @s[tag=aj.frestchika_v2.bone.arm_right_1] run data modify entity @s {} merge value {transformation:[-0.45751579241131f,0.8647003935988217f,-0.2072981644981313f,-0.06901463365060806f,0.12674464489814996f,-0.16733174972417098f,-0.9777197351613037f,1.5525388732766796f,-0.8801222044033962f,-0.4735961516358538f,-0.03303922625934808f,-0.5841674037409543f,0f,0f,0f,1f],start_interpolation:0}
execute if entity @s[tag=aj.frestchika_v2.bone.arm_right_0] run data modify entity @s {} merge value {transformation:[-0.46523245151271997f,0.8647003935988217f,-0.18934623146370744f,0.10496859435066028f,0.08862034028827759f,-0.16733174972417098f,-0.9819096296612218f,1.5217975442548557f,-0.8807412794610316f,-0.4735961516358538f,0.0012181170119537899f,-0.2556441132350192f,0f,0f,0f,1f],start_interpolation:0}
execute if entity @s[tag=aj.frestchika_v2.bone.arm_left_1] run data modify entity @s {} merge value {transformation:[0.3841754854496331f,0.8089967339195678f,-0.4448971576522053f,0.2218547196981857f,0.20158427430076759f,-0.5437495889407453f,-0.8146779516357391f,0.9662518099599443f,-0.900984448663889f,0.22329502689097902f,-0.37197628181321646f,0.21964453388728836f,0f,0f,0f,1f],start_interpolation:0}
execute if entity @s[tag=aj.frestchika_v2.bone.arm_left_0] run data modify entity @s {} merge value {transformation:[0.5277249600769568f,0.8089967339195678f,-0.2589027829499845f,0.40514898151167217f,0.5045378947200048f,-0.5437495889407453f,-0.6706548272533913f,1.1453632174756991f,-0.6833358466400544f,0.22329502689097902f,-0.695119739082755f,-0.008272342053108062f,0f,0f,0f,1f],start_interpolation:0}
execute if entity @s[tag=aj.frestchika_v2.bone.right_wing_0] run data modify entity @s {} merge value {transformation:[-0.0000033248811553526457f,0.000008623315886268945f,-0.000003818846478768495f,-0.2512077935576821f,0.000006235892143260689f,-0.0000010275950488457903f,-0.000007749690161110138f,1.025794277489154f,-0.000007075225401384787f,-0.000004958071352976809f,-0.0000050357436370798554f,-0.44229006821953604f,0f,0f,0f,1f],start_interpolation:0}
execute if entity @s[tag=aj.frestchika_v2.bone.right_wing_1] run data modify entity @s {} merge value {transformation:[-0.0000033248811553526457f,0.000008623315886268945f,-0.000003818846478768495f,0.7822280159480646f,0.000006235892143260689f,-0.0000010275950488457903f,-0.000007749690161110138f,1.1562155818835633f,-0.000007075225401384787f,-0.000004958071352976809f,-0.0000050357436370798554f,-0.24763309816384144f,0f,0f,0f,1f],start_interpolation:0}
execute if entity @s[tag=aj.frestchika_v2.bone.right_wing_2] run data modify entity @s {} merge value {transformation:[-0.0000033248811553526457f,0.000008623315886268945f,-0.000003818846478768495f,0.7681373493834055f,0.000006235892143260689f,-0.0000010275950488457903f,-0.000007749690161110138f,1.1542448900106113f,-0.000007075225401384787f,-0.000004958071352976809f,-0.0000050357436370798554f,-0.23391469850114432f,0f,0f,0f,1f],start_interpolation:0}
execute if entity @s[tag=aj.frestchika_v2.bone.left_wing_0] run data modify entity @s {} merge value {transformation:[-0.0000033248811553526457f,0.000008623315886268945f,-0.000003818846478768495f,-0.2512077935576821f,0.000006235892143260689f,-0.0000010275950488457903f,-0.000007749690161110138f,1.025794277489154f,-0.000007075225401384787f,-0.000004958071352976809f,-0.0000050357436370798554f,-0.44229006821953604f,0f,0f,0f,1f],start_interpolation:0}
execute if entity @s[tag=aj.frestchika_v2.bone.left_wing_1] run data modify entity @s {} merge value {transformation:[-0.0000033248811553526457f,0.000008623315886268945f,-0.000003818846478768495f,0.7822280159480646f,0.000006235892143260689f,-0.0000010275950488457903f,-0.000007749690161110138f,1.1562155818835633f,-0.000007075225401384787f,-0.000004958071352976809f,-0.0000050357436370798554f,-0.24763309816384144f,0f,0f,0f,1f],start_interpolation:0}
execute if entity @s[tag=aj.frestchika_v2.bone.left_wing_2] run data modify entity @s {} merge value {transformation:[-0.0000033248811553526457f,0.000008623315886268945f,-0.000003818846478768495f,0.7681373493834055f,0.000006235892143260689f,-0.0000010275950488457903f,-0.000007749690161110138f,1.1542448900106113f,-0.000007075225401384787f,-0.000004958071352976809f,-0.0000050357436370798554f,-0.23391469850114432f,0f,0f,0f,1f],start_interpolation:0}
execute if entity @s[tag=aj.frestchika_v2.bone.leg_right_1] run data modify entity @s {} merge value {transformation:[-0.5823256036657911f,0.7675844272051953f,0.2677891678678295f,-0.47774910495948614f,0.44833206151225447f,0.5780025034844113f,-0.6818441673769202f,1.4211724551805007f,-0.6781557740928293f,-0.27699684669292823f,-0.6807183653955062f,0.32574767929259474f,0f,0f,0f,1f],start_interpolation:0}
execute if entity @s[tag=aj.frestchika_v2.bone.leg_right_0] run data modify entity @s {} merge value {transformation:[-0.5823256036657911f,0.7905139623987173f,-0.18969598458573572f,-0.18741313807071386f,0.44833206151225447f,0.11762832434973874f,-0.8860936406107681f,1.449752996504224f,-0.6781557740928293f,-0.6010418060030034f,-0.42291073940159474f,0.09533381253370872f,0f,0f,0f,1f],start_interpolation:0}
execute if entity @s[tag=aj.frestchika_v2.bone.leg_left_1] run data modify entity @s {} merge value {transformation:[-0.5823256036657911f,0.6731536567485317f,0.4558081237992059f,-0.17739249599943938f,0.44833206151225447f,0.7336282993529872f,-0.5106739478459974f,1.5458410057245353f,-0.6781557740928293f,-0.09302511915888208f,-0.7290069089316173f,0.5189002994538033f,0f,0f,0f,1f],start_interpolation:0}
execute if entity @s[tag=aj.frestchika_v2.bone.leg_left_0] run data modify entity @s {} merge value {transformation:[-0.5823256036657911f,0.5460455638503687f,-0.6022716442890242f,-0.06065589843940035f,0.44833206151225447f,-0.40229424725942486f,-0.7982215865548521f,1.3362599208275485f,-0.6781557740928293f,-0.7348425551240929f,-0.010543492934037765f,0.28010467803996303f,0f,0f,0f,1f],start_interpolation:0}
execute if entity @s[tag=aj.frestchika_v2.bone.body_0] run data modify entity @s {} merge value {transformation:[-0.5823256036657911f,0.6139535639871766f,-0.5328770145002654f,0.057127083075779336f,0.44833206151225447f,-0.3042616084981754f,-0.8404898787101933f,1.3270058100948738f,-0.6781557740928293f,-0.7283446264383f,-0.09807574217414222f,-0.011475763959723162f,0f,0f,0f,1f],start_interpolation:0}
execute if entity @s[tag=aj.frestchika_v2.bone.body_1] run data modify entity @s {} merge value {transformation:[-0.33248811553526453f,0.8623315886268945f,-0.38188464787684945f,0f,0.6235892143260688f,-0.10275950488457902f,-0.7749690161110137f,1.3396347736625513f,-0.7075225401384787f,-0.49580713529768083f,-0.5035743637079855f,0f,0f,0f,0f,1f],start_interpolation:0}