execute if entity @s[tag=aj.frestchika_v2.bone.hair] run data modify entity @s {} merge value {transformation:[-0.43798701120937994f,-0.8134376905842813f,0.38273555041148943f,-0.012001044591858134f,-0.226003871136995f,0.5117024148376002f,0.8289046319574171f,1.3537298206184685f,-0.870108974923812f,0.27654974631389523f,-0.4079590783041275f,-0.07718999526948175f,0f,0f,0f,1f],start_interpolation:0}
execute if entity @s[tag=aj.frestchika_v2.bone.side_hair_2] run data modify entity @s {} merge value {transformation:[-0.43798701120937994f,-0.891674678720761f,0.11438376344613999f,-0.09986306401556405f,-0.226003871136995f,0.23236563579097458f,0.9460065864118226f,1.6963679786005985f,-0.870108974923812f,0.3884874240328563f,-0.30329505951358454f,0.43817562111467684f,0f,0f,0f,1f],start_interpolation:0}
execute if entity @s[tag=aj.frestchika_v2.bone.side_hair_1] run data modify entity @s {} merge value {transformation:[-0.43798701120937994f,-0.7202708134864558f,0.5379380384871791f,-0.4469934966951471f,-0.226003871136995f,0.6673889643338596f,0.7095873593268633f,1.910462120197325f,-0.870108974923812f,0.18921396757358497f,-0.4550916899176422f,0.3754054846679806f,0f,0f,0f,1f],start_interpolation:0}
execute if entity @s[tag=aj.frestchika_v2.bone.head] run data modify entity @s {} merge value {transformation:[-0.43798701120937994f,-0.5145061819417558f,0.7371911331232841f,-0.31098246444115707f,-0.226003871136995f,0.8567110477034778f,0.4636468817687681f,1.3759307904931846f,-0.870108974923812f,0.03646326214872156f,-0.4915087000964547f,0.06754184520288717f,0f,0f,0f,1f],start_interpolation:0}
execute if entity @s[tag=aj.frestchika_v2.bone.group] run data modify entity @s {} merge value {transformation:[0.000002703490881334112f,-0.000009172151956724653f,0.000002926220350092498f,-0.015136425030162716f,0.000004064700824641516f,0.000003842629747806308f,0.000008289294531347807f,1.5685245227383593f,-0.000008727505042147036f,-0.000001051582190808774f,0.000004767056810577353f,-0.8642140420395967f,0f,0f,0f,1f],start_interpolation:0}
execute if entity @s[tag=aj.frestchika_v2.bone.group2] run data modify entity @s {} merge value {transformation:[0.000002703490881334112f,-0.000009172151956724653f,0.000002926220350092498f,-0.015136425030162716f,0.000004064700824641516f,0.000003842629747806308f,0.000008289294531347807f,1.5685245227383593f,-0.000008727505042147036f,-0.000001051582190808774f,0.000004767056810577353f,-0.8642140420395967f,0f,0f,0f,1f],start_interpolation:0}
execute if entity @s[tag=aj.frestchika_v2.bone.group3] run data modify entity @s {} merge value {transformation:[0.000002703490881334112f,-0.000009172151956724653f,0.000002926220350092498f,-0.015136425030162716f,0.000004064700824641516f,0.000003842629747806308f,0.000008289294531347807f,1.5685245227383593f,-0.000008727505042147036f,-0.000001051582190808774f,0.000004767056810577353f,-0.8642140420395967f,0f,0f,0f,1f],start_interpolation:0}
execute if entity @s[tag=aj.frestchika_v2.locator_origin.muzzle] at @s on origin run tp @s ^-0.01514 ^1.56853 ^-0.86422 ~148.45664 ~55.98892
execute if entity @s[tag=aj.frestchika_v2.bone.gun] run data modify entity @s {} merge value {transformation:[0.000002703490881334112f,-0.000009172151956724653f,0.000002926220350092498f,-0.015136646416730433f,0.000004064700824641516f,0.000003842629747806308f,0.000008289294531347807f,1.5685293193710996f,-0.000008727505042147036f,-0.000001051582190808774f,0.000004767056810577353f,-0.8642124137551764f,0f,0f,0f,1f],start_interpolation:0}
execute if entity @s[tag=aj.frestchika_v2.bone.sword] run data modify entity @s {} merge value {transformation:[-0.9652680997737455f,-0.3079525034233844f,-0.28451267686072074f,0.1926179148373071f,0.4043945120293881f,-0.8723570671845118f,-0.4277650500844482f,1.391325679461832f,-0.11066745817852475f,-0.5016802916883498f,0.9184739031305118f,-0.8573250323847963f,0f,0f,0f,1f],start_interpolation:0}
execute if entity @s[tag=aj.frestchika_v2.bone.arm_right_1] run data modify entity @s {} merge value {transformation:[0.2703490881334112f,-0.9172151956724652f,0.29262203500924977f,-0.08499111625434519f,0.4064700824641516f,0.38426297478063076f,0.8289294531347806f,1.4829557138238771f,-0.8727505042147035f,-0.10515821908087739f,0.47670568105773525f,-0.5676448569060203f,0f,0f,0f,1f],start_interpolation:0}
execute if entity @s[tag=aj.frestchika_v2.bone.arm_right_0] run data modify entity @s {} merge value {transformation:[0.2703490881334112f,-0.9172151956724652f,0.29262203500924977f,-0.18637202430437438f,0.4064700824641516f,0.38426297478063076f,0.8289294531347806f,1.3305294328998203f,-0.8727505042147035f,-0.10515821908087739f,0.47670568105773525f,-0.2403634178255065f,0f,0f,0f,1f],start_interpolation:0}
execute if entity @s[tag=aj.frestchika_v2.bone.arm_left_1] run data modify entity @s {} merge value {transformation:[-0.13582809860627837f,-0.2749872781234609f,0.9518049823883322f,0.0866610816140489f,0.8216178321126995f,0.5055773564816312f,0.2633166811416885f,1.3723525424359468f,-0.5536197843135946f,0.8177857503547588f,0.15726284028108126f,0.4364193324853969f,0f,0f,0f,1f],start_interpolation:0}
execute if entity @s[tag=aj.frestchika_v2.bone.arm_left_0] run data modify entity @s {} merge value {transformation:[-0.8475061876054174f,-0.2749872781234609f,0.45399918374462017f,-0.2254657893632035f,0.2741805142623948f,0.5055773564816312f,0.818056588636663f,1.4291288744512507f,-0.454486861822583f,0.8177857503547588f,-0.35308378459986567f,0.2963633991549838f,0f,0f,0f,1f],start_interpolation:0}
execute if entity @s[tag=aj.frestchika_v2.bone.right_wing_0] run data modify entity @s {} merge value {transformation:[-0.0000033688365923779537f,-0.000008292865718430856f,0.000004458622902862453f,0.15393516581220265f,-0.0000021609860117907602f,0.000005290024554898271f,0.000008206447444870286f,1.6137444336627f,-0.000009164119132284345f,0.0000018011158720769915f,-0.0000035741995110307406f,-0.37850276885513245f,0f,0f,0f,1f],start_interpolation:0}
execute if entity @s[tag=aj.frestchika_v2.bone.right_wing_1] run data modify entity @s {} merge value {transformation:[-0.0000033688365923779537f,-0.000008292865718430856f,0.000004458622902862453f,-0.6239222396025481f,-0.0000021609860117907602f,0.000005290024554898271f,0.000008206447444870286f,1.6262092254465847f,-0.000009164119132284345f,0.0000018011158720769915f,-0.0000035741995110307406f,0.34099226990970644f,0f,0f,0f,1f],start_interpolation:0}
execute if entity @s[tag=aj.frestchika_v2.bone.right_wing_2] run data modify entity @s {} merge value {transformation:[-0.0000033688365923779537f,-0.000008292865718430856f,0.000004458622902862453f,-0.6062675935102537f,-0.0000021609860117907602f,0.000005290024554898271f,0.000008206447444870286f,1.6176410456635195f,-0.000009164119132284345f,0.0000018011158720769915f,-0.0000035741995110307406f,0.34334275210723975f,0f,0f,0f,1f],start_interpolation:0}
execute if entity @s[tag=aj.frestchika_v2.bone.left_wing_0] run data modify entity @s {} merge value {transformation:[-0.0000033688365923779537f,-0.000008292865718430856f,0.000004458622902862453f,0.15393516581220265f,-0.0000021609860117907602f,0.000005290024554898271f,0.000008206447444870286f,1.6137444336627f,-0.000009164119132284345f,0.0000018011158720769915f,-0.0000035741995110307406f,-0.37850276885513245f,0f,0f,0f,1f],start_interpolation:0}
execute if entity @s[tag=aj.frestchika_v2.bone.left_wing_1] run data modify entity @s {} merge value {transformation:[-0.0000033688365923779537f,-0.000008292865718430856f,0.000004458622902862453f,-0.6239222396025481f,-0.0000021609860117907602f,0.000005290024554898271f,0.000008206447444870286f,1.6262092254465847f,-0.000009164119132284345f,0.0000018011158720769915f,-0.0000035741995110307406f,0.34099226990970644f,0f,0f,0f,1f],start_interpolation:0}
execute if entity @s[tag=aj.frestchika_v2.bone.left_wing_2] run data modify entity @s {} merge value {transformation:[-0.0000033688365923779537f,-0.000008292865718430856f,0.000004458622902862453f,-0.6062675935102537f,-0.0000021609860117907602f,0.000005290024554898271f,0.000008206447444870286f,1.6176410456635195f,-0.000009164119132284345f,0.0000018011158720769915f,-0.0000035741995110307406f,0.34334275210723975f,0f,0f,0f,1f],start_interpolation:0}
execute if entity @s[tag=aj.frestchika_v2.bone.leg_right_1] run data modify entity @s {} merge value {transformation:[-0.04936388474747773f,-0.9969636749175765f,0.06022157235973352f,0.4521340077618074f,-0.1401382405184307f,0.06661223518701515f,0.9878887000405401f,0.7118057958472482f,-0.9889006423433228f,0.04032667874039056f,-0.14300097396428157f,-0.05151105321984846f,0f,0f,0f,1f],start_interpolation:0}
execute if entity @s[tag=aj.frestchika_v2.bone.leg_right_0] run data modify entity @s {} merge value {transformation:[-0.04936388474747773f,-0.8332850829490454f,0.5506352489781602f,0.1465350422681424f,-0.1401382405184307f,0.5516322378950888f,0.8222305927531854f,0.9289457674673214f,-0.9889006423433228f,-0.0365765587427087f,-0.14400581558918024f,-0.06702733544322897f,0f,0f,0f,1f],start_interpolation:0}
execute if entity @s[tag=aj.frestchika_v2.bone.leg_left_1] run data modify entity @s {} merge value {transformation:[-0.04936388474747773f,-0.7309760497420573f,0.680615325706184f,-0.08802346081874313f,-0.1401382405184307f,0.6797741243790059f,0.7199086145957375f,0.8483570146765653f,-0.9889006423433228f,-0.059842748334722785f,-0.1359939890021277f,0.2089076505913524f,0f,0f,0f,1f],start_interpolation:0}
execute if entity @s[tag=aj.frestchika_v2.bone.leg_left_0] run data modify entity @s {} merge value {transformation:[-0.04936388474747773f,0.6211654959394393f,0.7821231575250462f,0.1930736264989893f,-0.1401382405184307f,0.7710238396922573f,-0.6211952287088229f,1.0281188705281599f,-0.9889006423433228f,-0.14026997283994486f,0.048988307711584966f,0.1694016044429759f,0f,0f,0f,1f],start_interpolation:0}
execute if entity @s[tag=aj.frestchika_v2.bone.body_0] run data modify entity @s {} merge value {transformation:[-0.04936388474747773f,-0.5225042477218933f,0.8512065072561512f,-0.04311744036975393f,-0.1401382405184307f,0.847438256644149f,0.512064131452618f,1.2062340769248658f,-0.9889006423433228f,-0.09400910747637142f,-0.11505567037073772f,0.02954787484786043f,0f,0f,0f,1f],start_interpolation:0}
execute if entity @s[tag=aj.frestchika_v2.bone.body_1] run data modify entity @s {} merge value {transformation:[-0.33688365923779534f,-0.8292865718430855f,0.4458622902862452f,0f,-0.216098601179076f,0.529002455489827f,0.8206447444870285f,1.1775548696844993f,-0.9164119132284344f,0.18011158720769913f,-0.357419951103074f,0f,0f,0f,0f,1f],start_interpolation:0}