execute if entity @s[tag=aj.frestchika_v2.bone.hair] run data modify entity @s {} merge value {transformation:[-0.9860542950789236f,-0.0400968037507424f,0.1615214335169827f,0.04777777753586565f,0.0010647031328590104f,0.9690023357040215f,0.24704926595193447f,1.3539088309340623f,-0.16642053227785764f,0.2437759621642897f,-0.9554462238698885f,-0.27509818725310864f,0f,0f,0f,1f],start_interpolation:0}
execute if entity @s[tag=aj.frestchika_v2.bone.side_hair_2] run data modify entity @s {} merge value {transformation:[-0.9860542950789236f,-0.05161159788783482f,0.15821874136735842f,0.49040028950710335f,0.0010647031328590104f,0.9487212175989114f,0.3161121916106334f,1.6859777512968548f,-0.16642053227785764f,0.3118722402540876f,-0.9354356804159497f,0.033055500816768356f,0f,0f,0f,1f],start_interpolation:0}
execute if entity @s[tag=aj.frestchika_v2.bone.side_hair_1] run data modify entity @s {} merge value {transformation:[-0.9860542950789236f,-0.026942146150565872f,0.16422864523952013f,0.3236892932821482f,0.0010647031328590104f,0.9857675926425985f,0.1681104390061925f,2.0661163288883904f,-0.16642053227785764f,0.16594087518275125f,-0.9719916832874326f,0.07224209341879986f,0f,0f,0f,1f],start_interpolation:0}
execute if entity @s[tag=aj.frestchika_v2.bone.head] run data modify entity @s {} merge value {transformation:[-0.9860542950789236f,-0.001645562641398075f,0.16641580237465387f,0.0006802172724952179f,0.0010647031328590104f,0.9998682760699024f,0.016195583232484104f,1.5274553598248777f,-0.16642053227785764f,0.016146907833844693f,-0.9859226560961867f,0.005068727731847418f,0f,0f,0f,1f],start_interpolation:0}
execute if entity @s[tag=aj.frestchika_v2.bone.group] run data modify entity @s {} merge value {transformation:[-0.0000057107356236594265f,-0.000006755546799350621f,0.00000466369875511388f,-0.48775784704439906f,-0.000008182608921922492f,0.000005139610915070071f,-0.0000025747448169803323f,0.9221040448768424f,-6.575787918885901e-7f,-0.0000052864909990915695f,-0.00000846289566572708f,-0.32868942851428984f,0f,0f,0f,1f],start_interpolation:0}
execute if entity @s[tag=aj.frestchika_v2.bone.group2] run data modify entity @s {} merge value {transformation:[-0.0000057107356236594265f,-0.000006755546799350621f,0.00000466369875511388f,-0.48775784704439906f,-0.000008182608921922492f,0.000005139610915070071f,-0.0000025747448169803323f,0.9221040448768424f,-6.575787918885901e-7f,-0.0000052864909990915695f,-0.00000846289566572708f,-0.32868942851428984f,0f,0f,0f,1f],start_interpolation:0}
execute if entity @s[tag=aj.frestchika_v2.bone.group3] run data modify entity @s {} merge value {transformation:[-0.0000057107356236594265f,-0.000006755546799350621f,0.00000466369875511388f,-0.48775784704439906f,-0.000008182608921922492f,0.000005139610915070071f,-0.0000025747448169803323f,0.9221040448768424f,-6.575787918885901e-7f,-0.0000052864909990915695f,-0.00000846289566572708f,-0.32868942851428984f,0f,0f,0f,1f],start_interpolation:0}
execute if entity @s[tag=aj.frestchika_v2.locator_origin.muzzle] at @s on origin run tp @s ^-0.48776 ^0.9221 ^-0.32869 ~28.8581 ~-14.92026
execute if entity @s[tag=aj.frestchika_v2.bone.gun] run data modify entity @s {} merge value {transformation:[-0.0000057107356236594265f,-0.000006755546799350621f,0.00000466369875511388f,-0.48775719529136485f,-0.000008182608921922492f,0.000005139610915070071f,-0.0000025747448169803323f,0.9221034180824628f,-6.575787918885901e-7f,-0.0000052864909990915695f,-0.00000846289566572708f,-0.32869441753770134f,0f,0f,0f,1f],start_interpolation:0}
execute if entity @s[tag=aj.frestchika_v2.bone.sword] run data modify entity @s {} merge value {transformation:[-0.7109469896168599f,-0.3415106949136096f,0.6967420866535533f,-0.31925763440612864f,0.5408875130910592f,0.45942726993602023f,0.7771048796149107f,0.8513008765055206f,-0.5563450262533975f,0.8830751615795559f,-0.1348450327759524f,-0.12222043570291335f,0f,0f,0f,1f],start_interpolation:0}
execute if entity @s[tag=aj.frestchika_v2.bone.arm_right_1] run data modify entity @s {} merge value {transformation:[-0.5710735623659426f,-0.675554679935062f,0.466369875511388f,-0.2859810855487068f,-0.8182608921922491f,0.5139610915070071f,-0.2574744816980332f,1.1649355110837079f,-0.065757879188859f,-0.5286490999091569f,-0.8462895665727079f,-0.35046092492581526f,0f,0f,0f,1f],start_interpolation:0}
execute if entity @s[tag=aj.frestchika_v2.bone.arm_right_0] run data modify entity @s {} merge value {transformation:[-0.28101063501348006f,-0.675554679935062f,0.6816589304242675f,-0.1893593548779048f,-0.8423582701679984f,0.5139610915070071f,0.16210040436872367f,1.4796461899402311f,-0.4598538547070126f,-0.5286490999091569f,-0.7134876042906001f,-0.16796599266828802f,0f,0f,0f,1f],start_interpolation:0}
execute if entity @s[tag=aj.frestchika_v2.bone.arm_left_1] run data modify entity @s {} merge value {transformation:[0.1593647799680385f,0.6397904937553838f,0.7518450578450193f,0.30533103377642f,0.8243376535383938f,0.3328078853066859f,-0.45793705291940134f,1.1637264036818709f,-0.5432037369758731f,0.6927532284861135f,-0.4743655389649555f,0.23662175589133527f,0f,0f,0f,1f],start_interpolation:0}
execute if entity @s[tag=aj.frestchika_v2.bone.arm_left_0] run data modify entity @s {} merge value {transformation:[-0.3047421841453901f,0.6397904937553838f,0.705549661825827f,0.17080901023403186f,0.9373448819120793f,0.3328078853066859f,0.10307028587775324f,1.5231084445176521f,-0.16886910183786455f,0.6927532284861135f,-0.7011249466867793f,0.1882073078809039f,0f,0f,0f,1f],start_interpolation:0}
execute if entity @s[tag=aj.frestchika_v2.bone.right_wing_0] run data modify entity @s {} merge value {transformation:[-0.0000068052650880068824f,1.8139127266539145e-8f,0.000007327212161116715f,0.27514792366565727f,1.11382424714049e-7f,0.000009999070011996743f,7.869466724183787e-8f,1.194060854229014f,-0.000007326387993917568f,1.3516607284926449e-7f,-0.000006804834244515513f,-0.5289491664570005f,0f,0f,0f,1f],start_interpolation:0}
execute if entity @s[tag=aj.frestchika_v2.bone.right_wing_1] run data modify entity @s {} merge value {transformation:[-0.0000068052650880068824f,1.8139127266539145e-8f,0.000007327212161116715f,0.113722424437326f,1.11382424714049e-7f,0.000009999070011996743f,7.869466724183787e-8f,1.9661104060602135f,-0.000007326387993917568f,1.3516607284926449e-7f,-0.000006804834244515513f,0.17870323600915955f,0f,0f,0f,1f],start_interpolation:0}
execute if entity @s[tag=aj.frestchika_v2.bone.right_wing_2] run data modify entity @s {} merge value {transformation:[-0.0000068052650880068824f,1.8139127266539145e-8f,0.000007327212161116715f,0.11794170425370554f,1.11382424714049e-7f,0.000009999070011996743f,7.869466724183787e-8f,1.9472925357722732f,-0.000007326387993917568f,1.3516607284926449e-7f,-0.000006804834244515513f,0.18302879211876563f,0f,0f,0f,1f],start_interpolation:0}
execute if entity @s[tag=aj.frestchika_v2.bone.left_wing_0] run data modify entity @s {} merge value {transformation:[-0.0000068052650880068824f,1.8139127266539145e-8f,0.000007327212161116715f,0.27514792366565727f,1.11382424714049e-7f,0.000009999070011996743f,7.869466724183787e-8f,1.194060854229014f,-0.000007326387993917568f,1.3516607284926449e-7f,-0.000006804834244515513f,-0.5289491664570005f,0f,0f,0f,1f],start_interpolation:0}
execute if entity @s[tag=aj.frestchika_v2.bone.left_wing_1] run data modify entity @s {} merge value {transformation:[-0.0000068052650880068824f,1.8139127266539145e-8f,0.000007327212161116715f,0.113722424437326f,1.11382424714049e-7f,0.000009999070011996743f,7.869466724183787e-8f,1.9661104060602135f,-0.000007326387993917568f,1.3516607284926449e-7f,-0.000006804834244515513f,0.17870323600915955f,0f,0f,0f,1f],start_interpolation:0}
execute if entity @s[tag=aj.frestchika_v2.bone.left_wing_2] run data modify entity @s {} merge value {transformation:[-0.0000068052650880068824f,1.8139127266539145e-8f,0.000007327212161116715f,0.11794170425370554f,1.11382424714049e-7f,0.000009999070011996743f,7.869466724183787e-8f,1.9472925357722732f,-0.000007326387993917568f,1.3516607284926449e-7f,-0.000006804834244515513f,0.18302879211876563f,0f,0f,0f,1f],start_interpolation:0}
execute if entity @s[tag=aj.frestchika_v2.bone.leg_right_1] run data modify entity @s {} merge value {transformation:[-0.5057599992855939f,-0.5265504410777361f,0.6833384638109269f,-0.22254936000965553f,-0.0017324235202310833f,0.7927348057102785f,0.6095642103373804f,0.51973868328261f,-0.8626724881618646f,0.30710936295777247f,-0.40184576313840703f,-0.008335777759227142f,0f,0f,0f,1f],start_interpolation:0}
execute if entity @s[tag=aj.frestchika_v2.bone.leg_right_0] run data modify entity @s {} merge value {transformation:[-0.5057599992855939f,0.29395948328892074f,0.8110454027408988f,-0.08087761184763106f,-0.0017324235202310833f,0.9398045937660544f,-0.34170795168530754f,0.8110352103905186f,-0.8626724881618646f,-0.17422728753192657f,-0.4748063083488729f,-0.09197882097008109f,0f,0f,0f,1f],start_interpolation:0}
execute if entity @s[tag=aj.frestchika_v2.bone.leg_left_1] run data modify entity @s {} merge value {transformation:[-0.5057599992855939f,0.12781603164473887f,0.853152908438591f,-0.06953308984872428f,-0.0017324235202310833f,0.9888105406270462f,-0.14916673038447767f,0.4662681104250388f,-0.8626724881618646f,-0.07692058761762038f,-0.4998793868216387f,0.19185969313004184f,0f,0f,0f,1f],start_interpolation:0}
execute if entity @s[tag=aj.frestchika_v2.bone.leg_left_0] run data modify entity @s {} merge value {transformation:[-0.5057599992855939f,0.27820170307608905f,0.8165847387308922f,0.032148935041290884f,-0.0017324235202310833f,0.946244254664024f,-0.3234483099725096f,0.8130264762748438f,-0.8626724881618646f,-0.16500188762826218f,-0.47809053038909677f,0.13155009255911818f,0f,0f,0f,1f],start_interpolation:0}
execute if entity @s[tag=aj.frestchika_v2.bone.body_0] run data modify entity @s {} merge value {transformation:[-0.5057599992855939f,0.08515606705747326f,0.8584609876784961f,0.0016823618967571955f,-0.0017324235202310833f,0.9950138056849549f,-0.09972224027311909f,1.1638625414664612f,-0.8626724881618646f,-0.05192273817554558f,-0.5030906552789182f,0.0038086563228989447f,0f,0f,0f,1f],start_interpolation:0}
execute if entity @s[tag=aj.frestchika_v2.bone.body_1] run data modify entity @s {} merge value {transformation:[-0.6805265088006882f,0.0018139127266539143f,0.7327212161116714f,0f,0.011138242471404899f,0.9999070011996742f,0.007869466724183786f,1.1524902343749999f,-0.7326387993917567f,0.013516607284926447f,-0.6804834244515513f,0f,0f,0f,0f,1f],start_interpolation:0}