execute if entity @s[tag=aj.frestchika_v2.bone.hair] run data modify entity @s {} merge value {transformation:[-0.04680325896187047f,0.9987126748458706f,0.019556279113227104f,0.045018192861204454f,0.49214068007636336f,0.006017893843045241f,0.8704948799204214f,1.3854126737720038f,0.8692565823532905f,0.050366437792444596f,-0.49178879204347187f,-0.2027346791235064f,0f,0f,0f,1f],start_interpolation:0}
execute if entity @s[tag=aj.frestchika_v2.bone.side_hair_2] run data modify entity @s {} merge value {transformation:[-0.04680325896187047f,0.9747643279277279f,0.2182749640938067f,0.4710424344014838f,0.49214068007636336f,-0.16765168328389501f,0.8542192131449934f,1.1584481631437142f,0.8692565823532905f,0.1474022323158002f,-0.47187453411240177f,-0.6119827546713164f,0f,0f,0f,1f],start_interpolation:0}
execute if entity @s[tag=aj.frestchika_v2.bone.side_hair_1] run data modify entity @s {} merge value {transformation:[-0.04680325896187047f,0.9236775679715618f,-0.38030146644036056f,0.8179652781349216f,0.49214068007636336f,0.3526277930478067f,0.795896469764886f,1.3657281391794156f,0.8692565823532905f,-0.14991127374675292f,-0.47108343638797523f,-0.5285832293822942f,0f,0f,0f,1f],start_interpolation:0}
execute if entity @s[tag=aj.frestchika_v2.bone.head] run data modify entity @s {} merge value {transformation:[-0.04680325896187047f,0.843606173610425f,-0.5349187590624631f,0.34573144352187923f,0.49214068007636336f,0.4854765561072801f,0.7225718403620431f,1.2686648552267885f,0.8692565823532905f,-0.22943656490758496f,-0.43789480097265937f,-0.12044515447410957f,0f,0f,0f,1f],start_interpolation:0}
execute if entity @s[tag=aj.frestchika_v2.bone.group] run data modify entity @s {} merge value {transformation:[-0.000002648750259896693f,0.000009219505160583446f,0.0000028257470967290125f,0.21072236031174876f,-0.000002526840003001849f,0.0000021643961393810298f,-0.0000094302952738004f,0.9830838498751427f,-0.000009305869204965589f,-0.0000032118707859762554f,0.0000017563269610939344f,-0.13123657430532737f,0f,0f,0f,1f],start_interpolation:0}
execute if entity @s[tag=aj.frestchika_v2.bone.group2] run data modify entity @s {} merge value {transformation:[-0.000002648750259896693f,0.000009219505160583446f,0.0000028257470967290125f,0.21072236031174876f,-0.000002526840003001849f,0.0000021643961393810298f,-0.0000094302952738004f,0.9830838498751427f,-0.000009305869204965589f,-0.0000032118707859762554f,0.0000017563269610939344f,-0.13123657430532737f,0f,0f,0f,1f],start_interpolation:0}
execute if entity @s[tag=aj.frestchika_v2.bone.group3] run data modify entity @s {} merge value {transformation:[-0.000002648750259896693f,0.000009219505160583446f,0.0000028257470967290125f,0.21072236031174876f,-0.000002526840003001849f,0.0000021643961393810298f,-0.0000094302952738004f,0.9830838498751427f,-0.000009305869204965589f,-0.0000032118707859762554f,0.0000017563269610939344f,-0.13123657430532737f,0f,0f,0f,1f],start_interpolation:0}
execute if entity @s[tag=aj.frestchika_v2.locator_origin.muzzle] at @s on origin run tp @s ^0.21072 ^0.98308 ^-0.13125 ~121.86278 ~-70.56671
execute if entity @s[tag=aj.frestchika_v2.bone.gun] run data modify entity @s {} merge value {transformation:[-0.000002648750259896693f,0.000009219505160583446f,0.0000028257470967290125f,0.21072528937774954f,-0.000002526840003001849f,0.0000021643961393810298f,-0.0000094302952738004f,0.9830797168028842f,-0.000009305869204965589f,-0.0000032118707859762554f,0.0000017563269610939344f,-0.13123678946545572f,0f,0f,0f,1f],start_interpolation:0}
execute if entity @s[tag=aj.frestchika_v2.bone.sword] run data modify entity @s {} merge value {transformation:[0.9702515035946414f,-0.15171110771238308f,0.37831266390251855f,-0.027036034749402582f,0.22777888531232016f,1.0118349695650424f,-0.17841380515864538f,1.0103721619059884f,-0.33801406964535513f,0.24637054666090258f,0.9656980659397603f,0.012217592728175616f,0f,0f,0f,1f],start_interpolation:0}
execute if entity @s[tag=aj.frestchika_v2.bone.arm_right_1] run data modify entity @s {} merge value {transformation:[-0.2648750259896693f,0.9219505160583445f,0.2825747096729012f,0.3076289755647602f,-0.2526840003001849f,0.21643961393810296f,-0.9430295273800399f,1.0148919033306776f,-0.9305869204965588f,-0.3211870785976255f,0.17563269610939342f,0.16835036828636374f,0f,0f,0f,1f],start_interpolation:0}
execute if entity @s[tag=aj.frestchika_v2.bone.arm_right_0] run data modify entity @s {} merge value {transformation:[0.14415863673389437f,0.9219505160583445f,0.3594795312598166f,0.2351622093725453f,-0.9614638770465724f,0.21643961393810296f,-0.16953202249987687f,1.3450321391492213f,-0.2341057465967012f,-0.3211870785976255f,0.9176237572950715f,0.18281126353248484f,0f,0f,0f,1f],start_interpolation:0}
execute if entity @s[tag=aj.frestchika_v2.bone.arm_left_1] run data modify entity @s {} merge value {transformation:[0.4039438496845299f,0.3406009731611154f,-0.8490113917867907f,-0.06236477213549868f,0.8714098800560041f,0.13912470208475056f,0.4704137946644533f,1.2540450561787229f,0.2783418532000225f,-0.9298576742445752f,-0.24060448542295831f,-0.476992944212283f,0f,0f,0f,1f],start_interpolation:0}
execute if entity @s[tag=aj.frestchika_v2.bone.arm_left_0] run data modify entity @s {} merge value {transformation:[0.9177227731081044f,0.3406009731611154f,-0.2043915086310391f,0.26204455962302015f,0.16580236352810068f,0.13912470208475056f,0.9762960071199335f,1.2683266683300103f,0.3609632778653066f,-0.9298576742445752f,0.07120546103497195f,-0.3560270563663639f,0f,0f,0f,1f],start_interpolation:0}
execute if entity @s[tag=aj.frestchika_v2.bone.right_wing_0] run data modify entity @s {} merge value {transformation:[0.00000328985344870072f,0.000009219505160583446f,-0.0000020439150863103913f,-0.01660884991811927f,0f,0.0000021643961393810298f,0.000009762960071199335f,1.7436135786706788f,0.000009443350268102525f,-0.0000032118707859762554f,7.120546103497196e-7f,0.21836563546174814f,0f,0f,0f,1f],start_interpolation:0}
execute if entity @s[tag=aj.frestchika_v2.bone.right_wing_1] run data modify entity @s {} merge value {transformation:[0.00000328985344870072f,0.000009219505160583446f,-0.0000020439150863103913f,0.6934283110541134f,0f,0.0000021643961393810298f,0.000009762960071199335f,1.3330312728323614f,0.000009443350268102525f,-0.0000032118707859762554f,7.120546103497196e-7f,-0.45257402290626236f,0f,0f,0f,1f],start_interpolation:0}
execute if entity @s[tag=aj.frestchika_v2.bone.right_wing_2] run data modify entity @s {} merge value {transformation:[0.00000328985344870072f,0.000009219505160583446f,-0.0000020439150863103913f,0.674085580472581f,0f,0.0000021643961393810298f,0.000009762960071199335f,1.3289730300710219f,0.000009443350268102525f,-0.0000032118707859762554f,7.120546103497196e-7f,-0.4524538591001209f,0f,0f,0f,1f],start_interpolation:0}
execute if entity @s[tag=aj.frestchika_v2.bone.left_wing_0] run data modify entity @s {} merge value {transformation:[0.00000328985344870072f,0.000009219505160583446f,-0.0000020439150863103913f,-0.01660884991811927f,0f,0.0000021643961393810298f,0.000009762960071199335f,1.7436135786706788f,0.000009443350268102525f,-0.0000032118707859762554f,7.120546103497196e-7f,0.21836563546174814f,0f,0f,0f,1f],start_interpolation:0}
execute if entity @s[tag=aj.frestchika_v2.bone.left_wing_1] run data modify entity @s {} merge value {transformation:[0.00000328985344870072f,0.000009219505160583446f,-0.0000020439150863103913f,0.6934283110541134f,0f,0.0000021643961393810298f,0.000009762960071199335f,1.3330312728323614f,0.000009443350268102525f,-0.0000032118707859762554f,7.120546103497196e-7f,-0.45257402290626236f,0f,0f,0f,1f],start_interpolation:0}
execute if entity @s[tag=aj.frestchika_v2.bone.left_wing_2] run data modify entity @s {} merge value {transformation:[0.00000328985344870072f,0.000009219505160583446f,-0.0000020439150863103913f,0.674085580472581f,0f,0.0000021643961393810298f,0.000009762960071199335f,1.3289730300710219f,0.000009443350268102525f,-0.0000032118707859762554f,7.120546103497196e-7f,-0.4524538591001209f,0f,0f,0f,1f],start_interpolation:0}
execute if entity @s[tag=aj.frestchika_v2.bone.leg_right_1] run data modify entity @s {} merge value {transformation:[0.07451868089929028f,0.25656341670893057f,-0.9636504446134343f,-0.08792121996749873f,0.16557346416317523f,0.9497410813090705f,0.2656638975075153f,0.7688877286194067f,0.9833780525118689f,-0.17935186556185467f,0.02829335889297957f,0.1726216434392578f,0f,0f,0f,1f],start_interpolation:0}
execute if entity @s[tag=aj.frestchika_v2.bone.leg_right_0] run data modify entity @s {} merge value {transformation:[0.07451868089929028f,-0.2596347857550503f,-0.9628274737578686f,-0.19731960804761595f,0.16557346416317523f,0.9553318521851148f,-0.2447988565446415f,1.1240771874820168f,0.9833780525118689f,-0.14117659234620777f,0.11417870034063798f,0.12110765506368784f,0f,0f,0f,1f],start_interpolation:0}
execute if entity @s[tag=aj.frestchika_v2.bone.leg_left_1] run data modify entity @s {} merge value {transformation:[0.07451868089929028f,0.9394886874738634f,-0.3343769912922645f,-0.06562139193598882f,0.16557346416317523f,0.318998696609854f,0.9331801859910123f,0.8106120154605602f,0.9833780525118689f,-0.12490331328612468f,-0.13178303444720307f,-0.0903191328173856f,0f,0f,0f,1f],start_interpolation:0}
execute if entity @s[tag=aj.frestchika_v2.bone.leg_left_0] run data modify entity @s {} merge value {transformation:[0.07451868089929028f,-0.2596347857550503f,-0.9628274737578686f,-0.25068039898218464f,0.16557346416317523f,0.9553318521851148f,-0.2447988565446415f,1.0891141648366973f,0.9833780525118689f,-0.14117659234620777f,0.11417870034063798f,-0.12318768471654654f,0f,0f,0f,1f],start_interpolation:0}
execute if entity @s[tag=aj.frestchika_v2.bone.body_0] run data modify entity @s {} merge value {transformation:[0.07451868089929028f,0.8159615455439353f,-0.573283282845909f,0.04696868824091203f,0.16557346416317523f,0.5567784160797575f,0.8139921518987284f,1.1935728782395187f,0.9833780525118689f,-0.1555781205095025f,-0.09361118660018819f,-0.03621808905527724f,0f,0f,0f,1f],start_interpolation:0}
execute if entity @s[tag=aj.frestchika_v2.bone.body_1] run data modify entity @s {} merge value {transformation:[0.32898534487007197f,0.9219505160583445f,-0.2043915086310391f,0f,0f,0.21643961393810296f,0.9762960071199335f,1.1875f,0.9443350268102524f,-0.3211870785976255f,0.07120546103497195f,0f,0f,0f,0f,1f],start_interpolation:0}