execute if entity @s[tag=aj.frestchika_v2.bone.hair] run data modify entity @s {} merge value {transformation:[-0.9576667450121674f,0.2798618746334212f,-0.06746655930509132f,-0.008615312876517275f,0.236616470936692f,0.8987008524115928f,0.36925522820420875f,0.9185201476578931f,0.16397271474018446f,0.3376597533040381f,-0.9268758491941571f,-0.24003177095297057f,0f,0f,0f,1f],start_interpolation:0}
execute if entity @s[tag=aj.frestchika_v2.bone.side_hair_2] run data modify entity @s {} merge value {transformation:[-0.9576667450121674f,0.28749862653275554f,0.014796798288120194f,0.5202630463160346f,0.236616470936692f,0.7568179621129584f,0.6092940323888411f,1.1738471303603877f,0.16397271474018446f,0.5870017989452567f,-0.7928063047527852f,-0.49193177695164186f,0f,0f,0f,1f],start_interpolation:0}
execute if entity @s[tag=aj.frestchika_v2.bone.side_hair_1] run data modify entity @s {} merge value {transformation:[-0.9576667450121674f,0.24399218248608934f,-0.1527816100958327f,0.46261817544136047f,0.236616470936692f,0.969425680607009f,0.06501150252919069f,1.5802750636495277f,0.16397271474018446f,0.026108708610578957f,-0.9861193052341191f,-0.4498683404295144f,0f,0f,0f,1f],start_interpolation:0}
execute if entity @s[tag=aj.frestchika_v2.bone.head] run data modify entity @s {} merge value {transformation:[-0.9576667450121674f,0.11223476361527011f,-0.26509953476765025f,0.08593574854585435f,0.236616470936692f,0.831396093997999f,-0.5027854219906701f,1.2080209768361627f,0.16397271474018446f,-0.5442277948810541f,-0.8227569848379527f,-0.10557194493048419f,0f,0f,0f,1f],start_interpolation:0}
execute if entity @s[tag=aj.frestchika_v2.bone.group] run data modify entity @s {} merge value {transformation:[0.000008602956685176727f,6.548902520555128e-7f,0.000005055715085992854f,0.5480068724809476f,-0.0000016791532457703297f,0.000009727761670530763f,0.0000015972154703018403f,1.200913112727295f,-0.00000481347905887125f,-0.0000022230095904235813f,0.000008478717338766091f,0.2525079411190222f,0f,0f,0f,1f],start_interpolation:0}
execute if entity @s[tag=aj.frestchika_v2.bone.group2] run data modify entity @s {} merge value {transformation:[0.000008602956685176727f,6.548902520555128e-7f,0.000005055715085992854f,0.5480068724809476f,-0.0000016791532457703297f,0.000009727761670530763f,0.0000015972154703018403f,1.200913112727295f,-0.00000481347905887125f,-0.0000022230095904235813f,0.000008478717338766091f,0.2525079411190222f,0f,0f,0f,1f],start_interpolation:0}
execute if entity @s[tag=aj.frestchika_v2.bone.group3] run data modify entity @s {} merge value {transformation:[0.000008602956685176727f,6.548902520555128e-7f,0.000005055715085992854f,0.5480068724809476f,-0.0000016791532457703297f,0.000009727761670530763f,0.0000015972154703018403f,1.200913112727295f,-0.00000481347905887125f,-0.0000022230095904235813f,0.000008478717338766091f,0.2525079411190222f,0f,0f,0f,1f],start_interpolation:0}
execute if entity @s[tag=aj.frestchika_v2.locator_origin.muzzle] at @s on origin run tp @s ^0.54802 ^1.20092 ^0.25251 ~149.19309 ~9.19073
execute if entity @s[tag=aj.frestchika_v2.bone.gun] run data modify entity @s {} merge value {transformation:[0.000008602956685176727f,6.548902520555128e-7f,0.000005055715085992854f,0.548009768402911f,-0.0000016791532457703297f,0.000009727761670530763f,0.0000015972154703018403f,1.2009156066670514f,-0.00000481347905887125f,-0.0000022230095904235813f,0.000008478717338766091f,0.25251127307164567f,0f,0f,0f,1f],start_interpolation:0}
execute if entity @s[tag=aj.frestchika_v2.bone.sword] run data modify entity @s {} merge value {transformation:[0.06891999523607005f,-0.7840518694770319f,-0.6985967451443152f,0.4397652745775285f,1.023739910444987f,-0.10580356192277944f,0.21974283639414263f,0.9471659130827217f,-0.23394730628658733f,-0.693969008208597f,0.7557780002270679f,0.27699259986436225f,0f,0f,0f,1f],start_interpolation:0}
execute if entity @s[tag=aj.frestchika_v2.bone.arm_right_1] run data modify entity @s {} merge value {transformation:[0.8602956685176726f,0.06548902520555128f,0.5055715085992853f,0.3044480872749409f,-0.16791532457703295f,0.9727761670530762f,0.159721547030184f,1.2613770689899542f,-0.48134790588712495f,-0.2223009590423581f,0.8478717338766091f,0.445324456640655f,0f,0f,0f,1f],start_interpolation:0}
execute if entity @s[tag=aj.frestchika_v2.bone.arm_right_0] run data modify entity @s {} merge value {transformation:[0.9220700930234068f,0.06548902520555128f,-0.3814419105570762f,0.018560595109331807f,0.026165574202430625f,0.9727761670530762f,0.23026482914284307f,1.2396241115848337f,0.38613741890480263f,-0.2223009590423581f,0.8952542528971225f,0.26591339211435305f,0f,0f,0f,1f],start_interpolation:0}
execute if entity @s[tag=aj.frestchika_v2.bone.arm_left_1] run data modify entity @s {} merge value {transformation:[-0.04364472894952315f,0.13902593059985838f,-0.9893265023518603f,-0.24887500123813755f,0.9201988719985801f,0.3911870964782904f,0.014376770201449174f,1.1154460170926594f,0.3890105057803238f,-0.9097496612638707f,-0.14500475931088838f,-0.4036687210822274f,0f,0f,0f,1f],start_interpolation:0}
execute if entity @s[tag=aj.frestchika_v2.bone.arm_left_0] run data modify entity @s {} merge value {transformation:[0.9311272772301458f,0.13902593059985838f,-0.33715543035641315f,0.08211447932793253f,0.2611348100864709f,0.3911870964782904f,0.8824858449346297f,1.1350473994310704f,0.2545792696962529f,-0.9097496612638707f,0.32794046604710825f,-0.34465915978840406f,0f,0f,0f,1f],start_interpolation:0}
execute if entity @s[tag=aj.frestchika_v2.bone.right_wing_0] run data modify entity @s {} merge value {transformation:[1.3852814395923093e-7f,0.000002291619961222783f,-0.000009732897200045651f,-0.5360847833385329f,0.0000028607063639127346f,0.000009317877166554231f,0.000002234619477333107f,1.0741204053253646f,0.000009581083918471874f,-0.0000028152518648129118f,-5.264863577216611e-7f,0.1529249107398902f,0f,0f,0f,1f],start_interpolation:0}
execute if entity @s[tag=aj.frestchika_v2.bone.right_wing_1] run data modify entity @s {} merge value {transformation:[1.3852814395923093e-7f,0.000002291619961222783f,-0.000009732897200045651f,0.2152976716263383f,0.0000028607063639127346f,0.000009317877166554231f,0.000002234619477333107f,1.5549707729392517f,0.000009581083918471874f,-0.0000028152518648129118f,-5.264863577216611e-7f,-0.41899987044776993f,0f,0f,0f,1f],start_interpolation:0}
execute if entity @s[tag=aj.frestchika_v2.bone.right_wing_2] run data modify entity @s {} merge value {transformation:[1.3852814395923093e-7f,0.000002291619961222783f,-0.000009732897200045651f,0.210914304109071f,0.0000028607063639127346f,0.000009317877166554231f,0.000002234619477333107f,1.5357118117745165f,0.000009581083918471874f,-0.0000028152518648129118f,-5.264863577216611e-7f,-0.4197094506502906f,0f,0f,0f,1f],start_interpolation:0}
execute if entity @s[tag=aj.frestchika_v2.bone.left_wing_0] run data modify entity @s {} merge value {transformation:[1.3852814395923093e-7f,0.000002291619961222783f,-0.000009732897200045651f,-0.5360847833385329f,0.0000028607063639127346f,0.000009317877166554231f,0.000002234619477333107f,1.0741204053253646f,0.000009581083918471874f,-0.0000028152518648129118f,-5.264863577216611e-7f,0.1529249107398902f,0f,0f,0f,1f],start_interpolation:0}
execute if entity @s[tag=aj.frestchika_v2.bone.left_wing_1] run data modify entity @s {} merge value {transformation:[1.3852814395923093e-7f,0.000002291619961222783f,-0.000009732897200045651f,0.2152976716263383f,0.0000028607063639127346f,0.000009317877166554231f,0.000002234619477333107f,1.5549707729392517f,0.000009581083918471874f,-0.0000028152518648129118f,-5.264863577216611e-7f,-0.41899987044776993f,0f,0f,0f,1f],start_interpolation:0}
execute if entity @s[tag=aj.frestchika_v2.bone.left_wing_2] run data modify entity @s {} merge value {transformation:[1.3852814395923093e-7f,0.000002291619961222783f,-0.000009732897200045651f,0.210914304109071f,0.0000028607063639127346f,0.000009317877166554231f,0.000002234619477333107f,1.5357118117745165f,0.000009581083918471874f,-0.0000028152518648129118f,-5.264863577216611e-7f,-0.4197094506502906f,0f,0f,0f,1f],start_interpolation:0}
execute if entity @s[tag=aj.frestchika_v2.bone.leg_right_1] run data modify entity @s {} merge value {transformation:[-0.23941626873912297f,0.3414969231433647f,-0.9088782656366311f,0.23627896949568095f,0.15173753211219948f,0.93776084752113f,0.3123784791001955f,0.5058903231061174f,0.9589867421458627f,-0.06312245511754738f,-0.2763331034248301f,0.21332128288193267f,0f,0f,0f,1f],start_interpolation:0}
execute if entity @s[tag=aj.frestchika_v2.bone.leg_right_0] run data modify entity @s {} merge value {transformation:[-0.23941626873912297f,-0.743817166844258f,-0.6240319483574673f,-0.05271531161328215f,0.15173753211219948f,0.6061619459789194f,-0.7807326153015184f,0.637892920715555f,0.9589867421458627f,-0.2816091574413561f,-0.03226005011828301f,0.1202859186348026f,0f,0f,0f,1f],start_interpolation:0}
execute if entity @s[tag=aj.frestchika_v2.bone.leg_left_1] run data modify entity @s {} merge value {transformation:[-0.23941626873912297f,0.5647943542612724f,-0.7897386831462846f,0.03940383130484392f,0.15173753211219948f,0.8251656391829679f,0.5441299378459737f,0.23422989201961714f,0.9589867421458627f,0.010440560634178558f,-0.28325857989142833f,-0.05353749249060835f,0f,0f,0f,1f],start_interpolation:0}
execute if entity @s[tag=aj.frestchika_v2.bone.leg_left_0] run data modify entity @s {} merge value {transformation:[-0.23941626873912297f,0.08274449104735496f,-0.9673847215375844f,0.06780468964233194f,0.15173753211219948f,0.9873077270208197f,0.04689534639472866f,0.6037306587182087f,0.9589867421458627f,-0.1355610613941056f,-0.24893297696803487f,-0.10491203684564007f,0f,0f,0f,1f],start_interpolation:0}
execute if entity @s[tag=aj.frestchika_v2.bone.body_0] run data modify entity @s {} merge value {transformation:[-0.23941626873912297f,-0.022557210626348023f,-0.9706549451333333f,0.01925927118069984f,0.15173753211219948f,0.9865764662196785f,-0.06035393649125609f,0.9055841600642505f,0.9589867421458627f,-0.16173450018548874f,-0.23277968089636772f,-0.034447108891939845f,0f,0f,0f,1f],start_interpolation:0}
execute if entity @s[tag=aj.frestchika_v2.bone.body_1] run data modify entity @s {} merge value {transformation:[0.013852814395923091f,0.22916199612227828f,-0.973289720004565f,0f,0.28607063639127345f,0.931787716655423f,0.22346194773331068f,0.8586005830903791f,0.9581083918471874f,-0.28152518648129116f,-0.05264863577216611f,0f,0f,0f,0f,1f],start_interpolation:0}