execute if entity @s[tag=aj.frestchika_v2.bone.hair] run data modify entity @s {} merge value {transformation:[-0.14153899761588973f,0.9595863055664466f,-0.24323000292568198f,-0.02009770234297298f,-0.22558547309315805f,0.2079738398990667f,0.9517657675326285f,1.2123626775688408f,0.9638868743183635f,0.1895811279821264f,0.18703232188528118f,-0.0016479854634037297f,0f,0f,0f,1f],start_interpolation:0}
execute if entity @s[tag=aj.frestchika_v2.bone.side_hair_2] run data modify entity @s {} merge value {transformation:[-0.14153899761588973f,0.9898765929991964f,0.010537684100047129f,0.3246369521796194f,-0.22558547309315805f,-0.04261680005361157f,0.9732908109514476f,1.5856618311051573f,0.9638868743183635f,0.13538145731780898f,0.22933371869675218f,-0.36930016627585815f,0f,0f,0f,1f],start_interpolation:0}
execute if entity @s[tag=aj.frestchika_v2.bone.side_hair_1] run data modify entity @s {} merge value {transformation:[-0.14153899761588973f,0.8169036020426121f,-0.5591379231671687f,0.6169991395129275f,-0.22558547309315805f,0.5233470359937799f,0.8217171497820046f,1.7442363649433763f,0.9638868743183635f,0.2424384146259225f,0.11020757065848102f,-0.12505766910641442f,0f,0f,0f,1f],start_interpolation:0}
execute if entity @s[tag=aj.frestchika_v2.bone.head] run data modify entity @s {} merge value {transformation:[-0.14153899761588973f,0.47907108124663117f,-0.8662895654843551f,0.30888077429655814f,-0.22558547309315805f,0.8364659767593774f,0.49943554544437146f,1.2208919325228755f,0.9638868743183635f,0.2661119479413961f,-0.01032107938204635f,0.048656008839858f,0f,0f,0f,1f],start_interpolation:0}
execute if entity @s[tag=aj.frestchika_v2.bone.group] run data modify entity @s {} merge value {transformation:[0.0000031577188910532677f,0.000007665046304766186f,0.000005592483933895165f,0.6556110021695106f,0.000002013960313662537f,0.000005218301802318054f,-0.000008289347993353663f,0.78904264640116f,-0.000009272150519705639f,0.0000037438471450787574f,1.0408311202122435e-7f,-0.2747180299801228f,0f,0f,0f,1f],start_interpolation:0}
execute if entity @s[tag=aj.frestchika_v2.bone.group2] run data modify entity @s {} merge value {transformation:[0.0000031577188910532677f,0.000007665046304766186f,0.000005592483933895165f,0.6556110021695106f,0.000002013960313662537f,0.000005218301802318054f,-0.000008289347993353663f,0.78904264640116f,-0.000009272150519705639f,0.0000037438471450787574f,1.0408311202122435e-7f,-0.2747180299801228f,0f,0f,0f,1f],start_interpolation:0}
execute if entity @s[tag=aj.frestchika_v2.bone.group3] run data modify entity @s {} merge value {transformation:[0.0000031577188910532677f,0.000007665046304766186f,0.000005592483933895165f,0.6556110021695106f,0.000002013960313662537f,0.000005218301802318054f,-0.000008289347993353663f,0.78904264640116f,-0.000009272150519705639f,0.0000037438471450787574f,1.0408311202122435e-7f,-0.2747180299801228f,0f,0f,0f,1f],start_interpolation:0}
execute if entity @s[tag=aj.frestchika_v2.locator_origin.muzzle] at @s on origin run tp @s ^0.65562 ^0.78904 ^-0.27472 ~91.06622 ~-55.98947
execute if entity @s[tag=aj.frestchika_v2.bone.gun] run data modify entity @s {} merge value {transformation:[0.0000031577188910532677f,0.000007665046304766186f,0.000005592483933895165f,0.6556152088606098f,0.000002013960313662537f,0.000005218301802318054f,-0.000008289347993353663f,0.7890398336052658f,-0.000009272150519705639f,0.0000037438471450787574f,1.0408311202122435e-7f,-0.27471771385187993f,0f,0f,0f,1f],start_interpolation:0}
execute if entity @s[tag=aj.frestchika_v2.bone.sword] run data modify entity @s {} merge value {transformation:[0.8066618080672888f,-0.6738475698480365f,-0.05244894770639415f,0.394482429846149f,0.5491688633741497f,0.7010563578808121f,-0.5607657752352888f,0.6942418307754602f,0.39399872970094335f,0.40246011949606364f,0.888996943363281f,-0.300746447294443f,0f,0f,0f,1f],start_interpolation:0}
execute if entity @s[tag=aj.frestchika_v2.bone.arm_right_1] run data modify entity @s {} merge value {transformation:[0.3157718891053267f,0.7665046304766185f,0.5592483933895165f,0.5849014039724877f,0.20139603136625367f,0.5218301802318054f,-0.8289347993353663f,0.684658498143561f,-0.9272150519705638f,0.3743847145078757f,0.010408311202122433f,0.015556121179110843f,0f,0f,0f,1f],start_interpolation:0}
execute if entity @s[tag=aj.frestchika_v2.bone.arm_right_0] run data modify entity @s {} merge value {transformation:[0.6272539095582828f,0.7665046304766185f,0.13792456054579905f,0.36603407587859643f,-0.48307791976941605f,0.5218301802318054f,-0.703085333676144f,0.8836143912806743f,-0.6108913621709697f,0.3743847145078757f,0.6976014830601729f,0.18634736449721426f,0f,0f,0f,1f],start_interpolation:0}
execute if entity @s[tag=aj.frestchika_v2.bone.arm_left_1] run data modify entity @s {} merge value {transformation:[0.9303561531239091f,0.1489797265919671f,-0.33502607273026325f,-0.0675805732898071f,-0.08716360037197349f,0.9774020591705945f,0.19258172680521007f,1.4945497968732568f,0.35614594636844554f,-0.14996751579480233f,0.9223176291775297f,0.18789880577591228f,0f,0f,0f,1f],start_interpolation:0}
execute if entity @s[tag=aj.frestchika_v2.bone.arm_left_0] run data modify entity @s {} merge value {transformation:[0.8281652675762905f,0.1489797265919671f,0.5403215067391576f,0.18342574714096377f,-0.20619895638826277f,0.9774020591705945f,0.046553250299769325f,1.4232089112929172f,-0.5211758627993839f,-0.14996751579480233f,0.840169902008905f,-0.027707055982094074f,0f,0f,0f,1f],start_interpolation:0}
execute if entity @s[tag=aj.frestchika_v2.bone.right_wing_0] run data modify entity @s {} merge value {transformation:[0.0000049667209571743515f,0.000008236820647908217f,-0.0000027361411783308833f,-0.025271982867797832f,-0.00000812717965807399f,0.000005520081163572987f,0.0000018648471124880658f,0.9747939554711088f,0.0000030464132580714407f,0.00000129749356906288f,0.000009435882401730481f,0.5958646071811229f,0f,0f,0f,1f],start_interpolation:0}
execute if entity @s[tag=aj.frestchika_v2.bone.right_wing_1] run data modify entity @s {} merge value {transformation:[0.0000049667209571743515f,0.000008236820647908217f,-0.0000027361411783308833f,0.582019174426454f,-0.00000812717965807399f,0.000005520081163572987f,0.0000018648471124880658f,1.6204121853942293f,0.0000030464132580714407f,0.00000129749356906288f,0.000009435882401730481f,0.015119244338555573f,0f,0f,0f,1f],start_interpolation:0}
execute if entity @s[tag=aj.frestchika_v2.bone.right_wing_2] run data modify entity @s {} merge value {transformation:[0.0000049667209571743515f,0.000008236820647908217f,-0.0000027361411783308833f,0.5634709351133919f,-0.00000812717965807399f,0.000005520081163572987f,0.0000018648471124880658f,1.6151415204988258f,0.0000030464132580714407f,0.00000129749356906288f,0.000009435882401730481f,0.010782435610267972f,0f,0f,0f,1f],start_interpolation:0}
execute if entity @s[tag=aj.frestchika_v2.bone.left_wing_0] run data modify entity @s {} merge value {transformation:[0.0000049667209571743515f,0.000008236820647908217f,-0.0000027361411783308833f,-0.025271982867797832f,-0.00000812717965807399f,0.000005520081163572987f,0.0000018648471124880658f,0.9747939554711088f,0.0000030464132580714407f,0.00000129749356906288f,0.000009435882401730481f,0.5958646071811229f,0f,0f,0f,1f],start_interpolation:0}
execute if entity @s[tag=aj.frestchika_v2.bone.left_wing_1] run data modify entity @s {} merge value {transformation:[0.0000049667209571743515f,0.000008236820647908217f,-0.0000027361411783308833f,0.582019174426454f,-0.00000812717965807399f,0.000005520081163572987f,0.0000018648471124880658f,1.6204121853942293f,0.0000030464132580714407f,0.00000129749356906288f,0.000009435882401730481f,0.015119244338555573f,0f,0f,0f,1f],start_interpolation:0}
execute if entity @s[tag=aj.frestchika_v2.bone.left_wing_2] run data modify entity @s {} merge value {transformation:[0.0000049667209571743515f,0.000008236820647908217f,-0.0000027361411783308833f,0.5634709351133919f,-0.00000812717965807399f,0.000005520081163572987f,0.0000018648471124880658f,1.6151415204988258f,0.0000030464132580714407f,0.00000129749356906288f,0.000009435882401730481f,0.010782435610267972f,0f,0f,0f,1f],start_interpolation:0}
execute if entity @s[tag=aj.frestchika_v2.bone.leg_right_1] run data modify entity @s {} merge value {transformation:[0.23148838928405102f,0.8994932722525693f,-0.3705738506681776f,-0.16356659528504436f,-0.8543215125188814f,0.37017047418666704f,0.36484047649331475f,0.6594136402907927f,0.4653470520741765f,0.23213287835372048f,0.8541466196813577f,-0.36867672223223247f,0f,0f,0f,1f],start_interpolation:0}
execute if entity @s[tag=aj.frestchika_v2.bone.leg_right_0] run data modify entity @s {} merge value {transformation:[0.23148838928405102f,0.18929819953627613f,-0.9542427978659308f,-0.15313730958134847f,-0.8543215125188814f,0.5087532231423506f,-0.10632455591123102f,0.8262901541636238f,0.4653470520741765f,0.839843050572304f,0.27949198831322447f,-0.06749948996636002f,0f,0f,0f,1f],start_interpolation:0}
execute if entity @s[tag=aj.frestchika_v2.bone.leg_left_1] run data modify entity @s {} merge value {transformation:[0.23148838928405102f,0.8549611817322798f,0.4641707696070697f,-0.5069018859405137f,-0.8543215125188814f,-0.049575246952179186f,0.5173751522223321f,0.8782217627587341f,0.4653470520741765f,-0.5163174146013032f,0.7189356358571323f,-0.3334113875034797f,0f,0f,0f,1f],start_interpolation:0}
execute if entity @s[tag=aj.frestchika_v2.bone.leg_left_0] run data modify entity @s {} merge value {transformation:[0.23148838928405102f,0.8996129981165346f,-0.3702831068877644f,-0.1929255533024999f,-0.8543215125188814f,0.370052535084333f,0.3649600999083452f,1.0286884191828118f,0.4653470520741765f,0.23185679825581623f,0.8542216025297152f,-0.21336114600053188f,0f,0f,0f,1f],start_interpolation:0}
execute if entity @s[tag=aj.frestchika_v2.bone.body_0] run data modify entity @s {} merge value {transformation:[0.23148838928405102f,0.7002160277678474f,-0.6753596375885167f,0.03872960258623862f,-0.8543215125188814f,0.4783906569220191f,0.2031677450216198f,1.0590122778475703f,0.4653470520741765f,0.5299432930292975f,0.7089514985520076f,-0.004311050033986801f,0f,0f,0f,1f],start_interpolation:0}
execute if entity @s[tag=aj.frestchika_v2.bone.body_1] run data modify entity @s {} merge value {transformation:[0.49667209571743515f,0.8236820647908217f,-0.2736141178330883f,0f,-0.8127179658073989f,0.5520081163572986f,0.18648471124880656f,1.0138888888888886f,0.30464132580714404f,0.129749356906288f,0.943588240173048f,0f,0f,0f,0f,1f],start_interpolation:0}