execute if entity @s[tag=aj.lexiel.bone.backhair] run data modify entity @s {} merge value {transformation:[-0.6955493800039897f,-0.048298356500374895f,0.7168530733249512f,-0.1428304742702674f,0.15774662249768268f,0.9631271277073503f,0.21794985424350005f,1.461439635148906f,-0.7009472612591041f,0.2646760371351209f,-0.6622835739317477f,-0.08512172708056406f,0f,0f,0f,1f],start_interpolation:0}
execute if entity @s[tag=aj.lexiel.bone.head] run data modify entity @s {} merge value {transformation:[-0.6955493800039897f,-0.048298356500374895f,0.7168530733249512f,-0.33399923369252593f,0.15774662249768268f,0.9631271277073503f,0.21794985424350005f,1.4185955664859038f,-0.7009472612591041f,0.2646760371351209f,-0.6622835739317477f,0.09493291032529269f,0f,0f,0f,1f],start_interpolation:0}
execute if entity @s[tag=aj.lexiel.bone.ring] run data modify entity @s {} merge value {transformation:[0.34055917434743566f,-0.49416396007352215f,0.7998883855465381f,-0.09351978543390727f,0.46706742156771963f,0.8272649316653288f,0.3122190842130588f,0.914706758616053f,-0.8160070296743005f,0.26727273224407566f,0.5125405487577656f,0.02658121489108195f,0f,0f,0f,1f],start_interpolation:0}
execute if entity @s[tag=aj.lexiel.bone.bust] run data modify entity @s {} merge value {transformation:[0.42119598639223177f,0.029701861608772473f,0.90648317163864f,-0.34473131868672974f,0.3163185701078697f,0.9318971124139904f,-0.1775115040761564f,1.2981764405000633f,-0.8500214722299593f,0.3615045937349064f,0.38311607308565443f,0.044803450937787315f,0f,0f,0f,1f],start_interpolation:0}
execute if entity @s[tag=aj.lexiel.bone.left_wing] run data modify entity @s {} merge value {transformation:[-0.11592545608966381f,-0.4275190191264332f,0.8965426799185724f,-0.13970302097352627f,0.07898208886403485f,0.8958023251019567f,0.4373785819865921f,1.1101510814952547f,-0.9901126795820144f,0.12151412521637464f,-0.07007994794391675f,0.22348268240562946f,0f,0f,0f,1f],start_interpolation:0}
execute if entity @s[tag=aj.lexiel.bone.right_wing] run data modify entity @s {} merge value {transformation:[0.6271934253952827f,-0.4275190191264332f,0.6510421610203937f,-0.0344040243754683f,0.39072189448815436f,0.8958023251019567f,0.21183624692086078f,1.189230724022222f,-0.6737691060805026f,0.12151412521637464f,0.7288823698405522f,0.0109773143481397f,0f,0f,0f,1f],start_interpolation:0}
execute if entity @s[tag=aj.lexiel.bone.body] run data modify entity @s {} merge value {transformation:[0.42119598639223177f,-0.4275190191264332f,0.7998883855465381f,-0.3967826764061683f,0.3163185701078697f,0.8958023251019567f,0.3122190842130588f,-0.043419989711442564f,-0.8500214722299593f,0.12151412521637464f,0.5125405487577656f,0.10798339912790955f,0f,0f,0f,1f],start_interpolation:0}
execute if entity @s[tag=aj.lexiel.bone.sword] run data modify entity @s {} merge value {transformation:[0.0000030037559936765314f,-0.000008368828795601517f,0.0000073913165789568995f,0.1337519902852068f,0.00001044792842143013f,-5.930120160731148e-7f,-0.000004917370709989781f,1.5308882780676154f,0.000003938229028525995f,0.000007956283528677426f,0.000007408057152868855f,-0.8280083235179156f,0f,0f,0f,1f],start_interpolation:0}
execute if entity @s[tag=aj.lexiel.bone.rod] run data modify entity @s {} merge value {transformation:[0.08540606268509277f,-0.9910528030041561f,0.10256776352360816f,0.0234373514954926f,0.9828886080346715f,0.06694232152077734f,-0.17160626382820177f,1.5419159112087713f,0.1632047445765456f,0.11546890164461455f,0.9798117901417038f,-0.8366930957415887f,0f,0f,0f,1f],start_interpolation:0}
execute if entity @s[tag=aj.lexiel.bone.right_hand] run data modify entity @s {} merge value {transformation:[0.08540606268509277f,-0.11436658808717404f,0.9897606215575199f,0.04044302652987608f,0.9828886080346715f,-0.15304953994616582f,-0.1024979147004099f,1.4864827276549502f,0.1632047445765456f,0.9815783829381967f,0.0993382579681103f,-0.4160113499241105f,0f,0f,0f,1f],start_interpolation:0}
execute if entity @s[tag=aj.lexiel.bone.right_arm] run data modify entity @s {} merge value {transformation:[0.08540606268509277f,-0.6402229343130154f,0.7634267475247786f,-0.16229557990185037f,0.9828886080346715f,-0.07137218236019932f,-0.16981164795386672f,1.4334636516663044f,0.1632047445765456f,0.7648663974608731f,0.6231722116581656f,-0.18209074898560468f,0f,0f,0f,1f],start_interpolation:0}
execute if entity @s[tag=aj.lexiel.bone.left_hand] run data modify entity @s {} merge value {transformation:[0.6486634287535822f,0.5537609128325125f,-0.5220963585551509f,-0.5677288642205235f,-0.6382122083131767f,0.022046342880932157f,-0.769544758883845f,0.961157581542613f,-0.4146334928074008f,0.8323838118226942f,0.36771763142098085f,0.27118219199368204f,0f,0f,0f,1f],start_interpolation:0}
execute if entity @s[tag=aj.lexiel.bone.left_arm] run data modify entity @s {} merge value {transformation:[0.5263227948367294f,0.41287493839606715f,0.743315949566332f,-0.4387054459717525f,0.07788794248584574f,0.8471104271692859f,-0.5256780313047065f,1.2258795900330148f,-0.8467099763499751f,0.3345716805491969f,0.4136955481074341f,0.3757358421653061f,0f,0f,0f,1f],start_interpolation:0}