execute if entity @s[tag=aj.lexiel.bone.backhair] run data modify entity @s {} merge value {transformation:[-0.7158467337606289f,0.010840180576733867f,-0.6981732909882066f,-0.18562165824025384f,0.08240515467672684f,0.9942036237350111f,-0.06905465252158724f,1.466122926303094f,0.6933778509924757f,-0.10696562549359598f,-0.7125907035008385f,-0.1876105677190728f,0f,0f,0f,1f],start_interpolation:0}
execute if entity @s[tag=aj.lexiel.bone.head] run data modify entity @s {} merge value {transformation:[-0.7158467337606289f,0.010840180576733867f,-0.6981732909882066f,0f,0.08240515467672684f,0.9942036237350111f,-0.06905465252158724f,1.5f,0.6933778509924757f,-0.10696562549359598f,-0.7125907035008385f,0f,0f,0f,0f,1f],start_interpolation:0}
execute if entity @s[tag=aj.lexiel.bone.ring] run data modify entity @s {} merge value {transformation:[-0.5002596882149357f,0.08820928039309767f,-0.8613706328866959f,0f,0.17364817766693033f,0.984807753012208f,0f,0.9375f,0.8482844774838505f,-0.14957544069658518f,-0.5079770002671113f,0f,0f,0f,0f,1f],start_interpolation:0}
execute if entity @s[tag=aj.lexiel.bone.bust] run data modify entity @s {} merge value {transformation:[-0.5079770002671113f,-0.4306853164433479f,-0.7459688501537584f,0.06191101423873124f,0f,0.8660254037844387f,-0.49999999999999994f,1.390625f,0.8613706328866959f,-0.2539885001335556f,-0.439920986769533f,0.036510846894198645f,0f,0f,0f,1f],start_interpolation:0}
execute if entity @s[tag=aj.lexiel.bone.left_wing] run data modify entity @s {} merge value {transformation:[0.08782985170486601f,0f,-0.996135491361241f,-0.0441742040774481f,0f,1f,0f,1.15625f,0.996135491361241f,0f,0.08782985170486601f,-0.17116845414422588f,0f,0f,0f,1f],start_interpolation:0}
execute if entity @s[tag=aj.lexiel.bone.right_wing] run data modify entity @s {} merge value {transformation:[-0.73057167647324f,0f,-0.6828360165772449f,-0.17116845414422588f,0f,1f,0f,1.15625f,0.6828360165772449f,0f,-0.73057167647324f,0.0441742040774481f,0f,0f,0f,1f],start_interpolation:0}
execute if entity @s[tag=aj.lexiel.bone.body] run data modify entity @s {} merge value {transformation:[-0.5079770002671113f,0f,-0.8613706328866959f,0.6846738165769036f,0f,1f,0f,0.21875f,0.8613706328866959f,0f,-0.5079770002671113f,-0.17669681630979228f,0f,0f,0f,1f],start_interpolation:0}
execute if entity @s[tag=aj.lexiel.bone.sword] run data modify entity @s {} merge value {transformation:[-0.0000030283016315900397f,-0.0000056352771744214815f,-0.000009631430145391357f,0.3491497492683099f,0.000009860353410464629f,0.0000033210159672852973f,-0.000005043380792263721f,1.2360804053985648f,0.000005224387629076509f,-0.000009534459101725714f,0.000003935895042893295f,0.7176257892511405f,0f,0f,0f,1f],start_interpolation:0}
execute if entity @s[tag=aj.lexiel.bone.rod] run data modify entity @s {} merge value {transformation:[-0.03739195436579512f,0.28063424539911586f,-0.9590861598719768f,0.3863746344161065f,0.9366282645661741f,0.3443823263505617f,0.06425190513231432f,1.2739086116314362f,0.34832360781960076f,-0.8959047011857029f,-0.27572709447729815f,0.6199032829820379f,0f,0f,0f,1f],start_interpolation:0}
execute if entity @s[tag=aj.lexiel.bone.right_hand] run data modify entity @s {} merge value {transformation:[-0.03739195436579512f,-0.9341113081956348f,-0.35501817650614176f,-0.028871231139963704f,0.9366282645661741f,0.09107376386189742f,-0.33827956419474126f,1.3049938207332776f,0.34832360781960076f,-0.34516899257764594f,0.8715096274846708f,0.5365981630912835f,0f,0f,0f,1f],start_interpolation:0}
execute if entity @s[tag=aj.lexiel.bone.right_arm] run data modify entity @s {} merge value {transformation:[-0.19130834853194928f,-0.4347198954724224f,-0.8800112091686243f,-0.15874281258347228f,0.8299442508814567f,0.40701419874165756f,-0.38148654294942547f,1.40625f,0.5240168472585548f,-0.803341804279556f,0.2829280638008037f,0.26917832277709247f,0f,0f,0f,1f],start_interpolation:0}
execute if entity @s[tag=aj.lexiel.bone.left_hand] run data modify entity @s {} merge value {transformation:[-0.49498329570484834f,0.07398465139513316f,-0.8657469655338719f,0.1577293406546933f,-0.2576624710328227f,0.9390548071620708f,0.22756563924957052f,1.1118146039672618f,0.829820214259948f,0.3357116925335584f,-0.4457533751995908f,-0.39943468298768525f,0f,0f,0f,1f],start_interpolation:0}
execute if entity @s[tag=aj.lexiel.bone.left_arm] run data modify entity @s {} merge value {transformation:[-0.5004744246681931f,0.054040810198803996f,-0.8640630423100492f,0.17461709384181953f,-0.26101086760574654f,0.9421932673047619f,0.2101075297015144f,1.40625f,0.8254687621253372f,0.3306832893852275f,-0.45743839462448854f,-0.2960961550548017f,0f,0f,0f,1f],start_interpolation:0}
execute if entity @s[tag=aj.lexiel.bone.skirt_right] run data modify entity @s {} merge value {transformation:[-0.9259011823858522f,-0.08541178812266789f,-0.36798346009864236f,-0.17253933415861777f,-0.0009137498465119007f,0.9746082633995378f,-0.2239149346840341f,0.7049613975586521f,0.3777646959652247f,-0.206986857947614f,-0.9024689884529418f,0.15492697858529358f,0f,0f,0f,1f],start_interpolation:0}
execute if entity @s[tag=aj.lexiel.bone.skirt_left] run data modify entity @s {} merge value {transformation:[-0.9266057188833677f,-0.058034074536338826f,-0.37152912123459153f,0.23285066785285563f,0.007865605888722411f,0.9848116352602427f,-0.17344790370612728f,0.701520194982336f,0.37595209000169216f,-0.1636401211462439f,-0.9120756200966027f,-0.009552060790446737f,0f,0f,0f,1f],start_interpolation:0}
execute if entity @s[tag=aj.lexiel.bone.skirt_back_middle] run data modify entity @s {} merge value {transformation:[-0.9266057188833677f,-0.00904330349002469f,-0.3759256048670061f,-0.0781620299261912f,0.007865605888722411f,0.9990259296192178f,-0.04342032004097762f,0.7034426695075464f,0.37595209000169216f,-0.043190399517079425f,-0.9256320086367554f,-0.19428641306933175f,0f,0f,0f,1f],start_interpolation:0}
execute if entity @s[tag=aj.lexiel.bone.skirt_front_middle] run data modify entity @s {} merge value {transformation:[-0.9266057188833677f,-0.10603186647725098f,-0.36077567133052024f,0.0600795064704462f,0.007865605888722411f,0.9537469407805959f,-0.30050774565002114f,0.7845325569831768f,0.37595209000169216f,-0.2812899149329833f,-0.8829133648214612f,0.14473970357050286f,0f,0f,0f,1f],start_interpolation:0}
execute if entity @s[tag=aj.lexiel.bone.skirt] run data modify entity @s {} merge value {transformation:[-0.9266057188833677f,-0.0741847116133128f,-0.36864409705769974f,0.028764703504369285f,0.007865605888722411f,0.9763086215004035f,-0.2162396999350143f,0.7215465829236266f,0.37595209000169216f,-0.20326855179006748f,-0.9040696443728925f,0.06887617355135965f,0f,0f,0f,1f],start_interpolation:0}
execute if entity @s[tag=aj.lexiel.bone.rightupper] run data modify entity @s {} merge value {transformation:[-0.9071212910222605f,-0.11205649968945006f,-0.4056775865776364f,-0.1284297625118637f,-0.019789644568631252f,0.9741943450060796f,-0.22484160675022508f,0.6711983992223268f,0.42040377417662966f,-0.19593039334295204f,-0.8859299902489596f,0.04884622488942002f,0f,0f,0f,1f],start_interpolation:0}
execute if entity @s[tag=aj.lexiel.bone.rightfoot] run data modify entity @s {} merge value {transformation:[-0.9096526369241206f,0.07171959929623473f,-0.40913124937332923f,-0.0327883863104069f,0.02342791267280625f,0.9922715697255017f,0.12185345634114869f,0.38410632876306083f,0.4147085881010775f,0.10125922669700965f,-0.90430269045488f,0.17227512046851512f,0f,0f,0f,1f],start_interpolation:0}
execute if entity @s[tag=aj.lexiel.bone.leftupper] run data modify entity @s {} merge value {transformation:[-0.9196097453089125f,-0.08091709522704055f,-0.3844090790198576f,0.1243189552336235f,-0.033701823057929056f,0.9911986874578989f,-0.1280208932335286f,0.6706391321174826f,0.3913848533802109f,-0.10477397425771601f,-0.9142430261493902f,-0.05353634664262744f,0f,0f,0f,1f],start_interpolation:0}
execute if entity @s[tag=aj.lexiel.bone.leftfoot] run data modify entity @s {} merge value {transformation:[-0.9166140807319223f,-0.10632119318109637f,-0.38537570095235757f,0.1996182493189822f,-0.07725522817418545f,0.9929239897430691f,-0.09018636433774167f,0.39567369201558594f,0.3922375004047006f,-0.05289380373213225f,-0.9183419781339734f,0.08455218481303872f,0f,0f,0f,1f],start_interpolation:0}
execute if entity @s[tag=aj.lexiel.bone.lower] run data modify entity @s {} merge value {transformation:[-0.9266057188833677f,-0.0741847116133128f,-0.36864409705769974f,0f,0.007865605888722411f,0.9763086215004035f,-0.2162396999350143f,0.625f,0.37595209000169216f,-0.20326855179006748f,-0.9040696443728925f,0f,0f,0f,0f,1f],start_interpolation:0}