execute if entity @s[tag=aj.lexiel.bone.backhair] run data modify entity @s {} merge value {transformation:[-0.9583977539952152f,-0.008790770251620228f,-0.28530066157531087f,-0.07564563244576039f,0.014754252257935738f,0.9966637291377488f,-0.08027280399702844f,1.463104665670512f,0.2850544810685072f,-0.08114267298788827f,-0.95507057825228f,-0.25242276808282615f,0f,0f,0f,1f],start_interpolation:0}
execute if entity @s[tag=aj.lexiel.bone.head] run data modify entity @s {} merge value {transformation:[-0.9583977539952152f,-0.008790770251620228f,-0.28530066157531087f,0f,0.014754252257935738f,0.9966637291377488f,-0.08027280399702844f,1.5f,0.2850544810685072f,-0.08114267298788827f,-0.95507057825228f,0f,0f,0f,0f,1f],start_interpolation:0}
execute if entity @s[tag=aj.lexiel.bone.left_wing] run data modify entity @s {} merge value {transformation:[0.165566357211697f,0f,-0.9861986520775866f,-0.06764951251827456f,0f,1f,0f,1.15625f,0.9861986520775866f,0f,0.165566357211697f,-0.1633203706095471f,0f,0f,0f,1f],start_interpolation:0}
execute if entity @s[tag=aj.lexiel.bone.right_wing] run data modify entity @s {} merge value {transformation:[-0.6004259602904418f,0f,-0.799680352521744f,-0.16332037060954707f,0f,1f,0f,1.15625f,0.799680352521744f,0f,-0.6004259602904418f,0.06764951251827456f,0f,0f,0f,1f],start_interpolation:0}
execute if entity @s[tag=aj.lexiel.bone.sword] run data modify entity @s {} merge value {transformation:[-0.00001126775495937222f,-8.906900877332555e-8f,0.0000025925221575174448f,-0.11511324061057954f,-0.0000018748339168728931f,0.00000826594247620599f,-0.000007864515179856714f,1.2876747905294783f,-0.0000017927917362833328f,-0.000008084408942014858f,-0.000008069673853296954f,1.0151199102977047f,0f,0f,0f,1f],start_interpolation:0}
execute if entity @s[tag=aj.lexiel.bone.rod] run data modify entity @s {} merge value {transformation:[-0.9993345687150871f,0.034358996726371493f,-0.012242512609268352f,-0.11269202493690661f,0.019468514632439593f,0.7862859519565698f,0.617555972114073f,1.3985289717474463f,0.030844719305537394f,0.6169066875141722f,-0.7864316513157736f,1.0235958594323789f,0f,0f,0f,1f],start_interpolation:0}
execute if entity @s[tag=aj.lexiel.bone.right_hand] run data modify entity @s {} merge value {transformation:[-0.9993345687150871f,-0.028786305894182518f,-0.022400186695593724f,-0.14182205729450506f,0.019468514632439593f,0.09837029015679577f,-0.994959427792146f,1.3761176754082651f,0.030844719305537394f,-0.9947334490241266f,-0.09774440487070482f,0.6005304542081147f,0f,0f,0f,1f],start_interpolation:0}
execute if entity @s[tag=aj.lexiel.bone.right_arm] run data modify entity @s {} merge value {transformation:[-0.9993345687150871f,-0.028786305894182518f,-0.022400186695593724f,-0.11958857261409063f,0.019468514632439593f,0.09837029015679577f,-0.994959427792146f,1.40625f,0.030844719305537394f,-0.9947334490241266f,-0.09774440487070482f,0.28871235390977706f,0f,0f,0f,1f],start_interpolation:0}
execute if entity @s[tag=aj.lexiel.bone.left_hand] run data modify entity @s {} merge value {transformation:[-0.3640197568640498f,0.08018520850058641f,-0.9279331597428531f,0.12474442904455503f,-0.24700373808157947f,0.9523028284714979f,0.179188382042227f,1.107030079868966f,0.8980416304305523f,0.2944310704102101f,-0.3268509978426459f,-0.40745799375759617f,0f,0f,0f,1f],start_interpolation:0}
execute if entity @s[tag=aj.lexiel.bone.left_arm] run data modify entity @s {} merge value {transformation:[-0.3802019291514564f,0.021769602659022905f,-0.9246472719202599f,0.1315474298754997f,-0.2581240122544824f,0.9575037444193082f,0.12868012169970938f,1.40625f,0.8881545402502645f,0.28759809426189253f,-0.35842551361443115f,-0.31758358930075475f,0f,0f,0f,1f],start_interpolation:0}
execute if entity @s[tag=aj.lexiel.bone.skirt_right] run data modify entity @s {} merge value {transformation:[-0.6236472127140069f,-0.15013947269958788f,-0.7671520662890376f,-0.0718557257501087f,-0.002867798279206312f,0.9818147571779926f,-0.18981980486911657f,0.704120301635412f,0.7817006650931543f,-0.11618055484894795f,-0.6127366064369834f,0.22077759888867027f,0f,0f,0f,1f],start_interpolation:0}
execute if entity @s[tag=aj.lexiel.bone.skirt_left] run data modify entity @s {} merge value {transformation:[-0.6268310413305072f,-0.08338496096539685f,-0.7746804463191975f,0.20238285483198817f,0.022226796352160537f,0.991938595022885f,-0.12475493267981401f,0.6943960782313418f,0.778838118705313f,-0.09541892888114278f,-0.6199245219079045f,-0.11996407804490423f,0f,0f,0f,1f],start_interpolation:0}
execute if entity @s[tag=aj.lexiel.bone.skirt_back_middle] run data modify entity @s {} merge value {transformation:[-0.6268310413305072f,0.018444497780376462f,-0.7789368691531693f,-0.15870351853258438f,0.022226796352160537f,0.9997362091571612f,0.005786330788007721f,0.7136322519354731f,0.778838118705313f,-0.013686219408527364f,-0.6270756511377794f,-0.13025852274313748f,0f,0f,0f,1f],start_interpolation:0}
execute if entity @s[tag=aj.lexiel.bone.skirt_front_middle] run data modify entity @s {} merge value {transformation:[-0.6268310413305072f,-0.18378767991037342f,-0.7571690262667076f,0.13016120194615605f,0.022226796352160537f,0.9671686365104313f,-0.2531616046608822f,0.7765962322278217f,0.778838118705313f,-0.17551899402547677f,-0.6021663122326365f,0.10043111822169626f,0f,0f,0f,1f],start_interpolation:0}
execute if entity @s[tag=aj.lexiel.bone.skirt] run data modify entity @s {} merge value {transformation:[-0.6268310413305072f,-0.11709668343150081f,-0.7703059212766411f,0.0630680017265991f,0.022226796352160537f,0.9855527555417225f,-0.16790394744626294f,0.7177373040997842f,0.778838118705313f,-0.12236883906232306f,-0.6151723759062233f,0.048112344689464445f,0f,0f,0f,1f],start_interpolation:0}
execute if entity @s[tag=aj.lexiel.bone.rightupper] run data modify entity @s {} merge value {transformation:[-0.594753480084378f,-0.028686381174581332f,-0.8033961597260894f,-0.08501952862238099f,-0.007919663582620957f,0.9995237169074033f,-0.029826469257145313f,0.6784733607772686f,0.8038691291847568f,-0.011376769080716671f,-0.5946973955458563f,0.10671742635592855f,0f,0f,0f,1f],start_interpolation:0}
execute if entity @s[tag=aj.lexiel.bone.rightfoot] run data modify entity @s {} merge value {transformation:[-0.5925063064698262f,0.2728109365092853f,-0.7579646889627584f,0.0085266253771627f,0.03567768803032336f,0.9488733287348753f,0.3136343549300814f,0.36676361440708927f,0.8047753595695478f,0.15878790551085473f,-0.5719466948004689f,0.1365498435544063f,0f,0f,0f,1f],start_interpolation:0}
execute if entity @s[tag=aj.lexiel.bone.leftupper] run data modify entity @s {} merge value {transformation:[-0.6093041252147524f,0.06057906252100659f,-0.7906191625431055f,0.08609486134787267f,-0.02080402855579137f,0.995512825432692f,0.09231146621557006f,0.6746612522780366f,0.7926636584277944f,0.0726938208040717f,-0.6053097826937628f,-0.10479865910959946f,0f,0f,0f,1f],start_interpolation:0}
execute if entity @s[tag=aj.lexiel.bone.leftfoot] run data modify entity @s {} merge value {transformation:[-0.6142401115550192f,0.055763090622538855f,-0.7871464686328079f,0.16682106747876002f,-0.06375436574465272f,0.990732486637483f,0.1199354858647198f,0.3719169076200583f,0.7865395515836279f,0.12385321007277879f,-0.6049924926387876f,-0.05817719537142034f,0f,0f,0f,1f],start_interpolation:0}
execute if entity @s[tag=aj.lexiel.bone.lower] run data modify entity @s {} merge value {transformation:[-0.6268310413305072f,-0.11709668343150081f,-0.7703059212766411f,0f,0.022226796352160537f,0.9855527555417225f,-0.16790394744626294f,0.625f,0.778838118705313f,-0.12236883906232306f,-0.6151723759062233f,0f,0f,0f,0f,1f],start_interpolation:0}