execute if entity @s[tag=aj.lexiel.bone.backhair] run data modify entity @s {} merge value {transformation:[-0.8976131199032633f,-0.010135244266468078f,-0.4406676341656924f,-0.11689397713359848f,0.030195875315620915f,0.9959731106235817f,-0.08441428806019743f,1.4620153748805167f,0.43974867378020926f,-0.08907771740702353f,-0.8936924885944277f,-0.23599522794841013f,0f,0f,0f,1f],start_interpolation:0}
execute if entity @s[tag=aj.lexiel.bone.head] run data modify entity @s {} merge value {transformation:[-0.8976131199032633f,-0.010135244266468078f,-0.4406676341656924f,0f,0.030195875315620915f,0.9959731106235817f,-0.08441428806019743f,1.5f,0.43974867378020926f,-0.08907771740702353f,-0.8936924885944277f,0f,0f,0f,0f,1f],start_interpolation:0}
execute if entity @s[tag=aj.lexiel.bone.ring] run data modify entity @s {} merge value {transformation:[-0.37797503498977997f,0.0666471967029243f,-0.9234137881232423f,0f,0.17364817766693033f,0.984807753012208f,0f,0.9375f,0.9093850577821414f,-0.16034912154011793f,-0.3838059091570682f,0f,0f,0f,0f,1f],start_interpolation:0}
execute if entity @s[tag=aj.lexiel.bone.bust] run data modify entity @s {} merge value {transformation:[-0.3838059091570682f,-0.4617068940616211f,-0.799699798719549f,0.06637036602135804f,0f,0.8660254037844387f,-0.49999999999999994f,1.390625f,0.9234137881232423f,-0.19190295457853407f,-0.33238566745260356f,0.027586049720664307f,0f,0f,0f,1f],start_interpolation:0}
execute if entity @s[tag=aj.lexiel.bone.left_wing] run data modify entity @s {} merge value {transformation:[0.1828167599623134f,0f,-0.9831470044082329f,-0.06745098487077172f,0f,1f,0f,1.15625f,0.9831470044082329f,0f,0.1828167599623134f,-0.16340246216003879f,0f,0f,0f,1f],start_interpolation:0}
execute if entity @s[tag=aj.lexiel.bone.right_wing] run data modify entity @s {} merge value {transformation:[-0.6098447765977265f,0f,-0.7925208820318042f,-0.16340246216003884f,0f,1f,0f,1.15625f,0.7925208820318042f,0f,-0.6098447765977265f,0.06745098487077178f,0f,0f,0f,1f],start_interpolation:0}
execute if entity @s[tag=aj.lexiel.bone.body] run data modify entity @s {} merge value {transformation:[-0.3838059091570682f,0f,-0.9234137881232423f,0.6536098486401553f,0f,1f,0f,0.21875f,0.9234137881232423f,0f,-0.3838059091570682f,-0.269803939483087f,0f,0f,0f,1f],start_interpolation:0}
execute if entity @s[tag=aj.lexiel.bone.sword] run data modify entity @s {} merge value {transformation:[-0.000011452035446478328f,0.0000012692569202587667f,-9.650270737026756e-7f,-0.06958481777482639f,0.0000014603745417682548f,0.000005540757103778231f,-0.000010042844376205689f,1.3955279700282217f,-6.399973283999554e-7f,-0.000010068783632460589f,-0.000005648132951014397f,1.0224416140839065f,0f,0f,0f,1f],start_interpolation:0}
execute if entity @s[tag=aj.lexiel.bone.rod] run data modify entity @s {} merge value {transformation:[-0.9350875118331421f,0.35409276701751835f,-0.015154456756370976f,-0.03335646374001307f,0.34682997028810963f,0.9230333114830771f,0.16648867109366358f,1.4980779942133602f,0.07294050262818506f,0.15042545741483557f,-0.9859269064377364f,0.999261894339291f,0f,0f,0f,1f],start_interpolation:0}
execute if entity @s[tag=aj.lexiel.bone.right_hand] run data modify entity @s {} merge value {transformation:[-0.9350875118331421f,-0.1324838141490306f,-0.32872387227311056f,-0.12467823772853945f,0.34682997028810963f,-0.15117572150462652f,-0.9256645574599389f,1.3805604569351437f,0.07294050262818506f,-0.979588658680816f,0.187311886596305f,0.6015370993723008f,0f,0f,0f,1f],start_interpolation:0}
execute if entity @s[tag=aj.lexiel.bone.right_arm] run data modify entity @s {} merge value {transformation:[-0.9569566679638599f,-0.08053121522212797f,-0.27883446525555955f,-0.11993934661158381f,0.26959246726994357f,0.10916578453453474f,-0.9567668122788666f,1.40625f,0.10748877723190936f,-0.9907560521449297f,-0.08275631641984876f,0.2885668087885132f,0f,0f,0f,1f],start_interpolation:0}
execute if entity @s[tag=aj.lexiel.bone.left_hand] run data modify entity @s {} merge value {transformation:[-0.36809921070153007f,0.0938753322962618f,-0.9250353469285252f,0.11723258676581783f,-0.25271182994235625f,0.9473361659593955f,0.19670007542585788f,1.1085862628401713f,0.8947847238794905f,0.30617251779285964f,-0.3249902879476322f,-0.4114258256014176f,0f,0f,0f,1f],start_interpolation:0}
execute if entity @s[tag=aj.lexiel.bone.left_arm] run data modify entity @s {} merge value {transformation:[-0.38135363518140897f,0.04704222242215801f,-0.9232315171415613f,0.1319332812727422f,-0.26120496490926404f,0.9525239589114516f,0.15642913413557447f,1.40625f,0.8867589138208168f,0.30080747498896965f,-0.35096081227123554f,-0.31742348966736456f,0f,0f,0f,1f],start_interpolation:0}
execute if entity @s[tag=aj.lexiel.bone.skirt_right] run data modify entity @s {} merge value {transformation:[-0.7260286065681963f,-0.13934176423502087f,-0.6733990905729789f,-0.10267283918142027f,-0.002237981767023906f,0.9797288760806183f,-0.20031555309415927f,0.7044086253993568f,0.6876608567326292f,-0.1439277670002572f,-0.7116230350431793f,0.2081311459912015f,0f,0f,0f,1f],start_interpolation:0}
execute if entity @s[tag=aj.lexiel.bone.skirt_left] run data modify entity @s {} merge value {transformation:[-0.7284805251702209f,-0.08279712865884867f,-0.6800446749542042f,0.21603739058055133f,0.017878697769005976f,0.9900337021461953f,-0.13969116214271834f,0.6965866951254167f,0.6848331742941515f,-0.11392060437229404f,-0.7197399664362453f,-0.09148336776248975f,0f,0f,0f,1f],start_interpolation:0}
execute if entity @s[tag=aj.lexiel.bone.skirt_back_middle] run data modify entity @s {} merge value {transformation:[-0.7284805251702209f,0.006674854215973192f,-0.6850339924185622f,-0.14040633930718627f,0.017878697769005976f,0.9997971820610178f,-0.00927075557507026f,0.7105386132946411f,0.6848331742941515f,-0.019001080601998954f,-0.7284521139526966f,-0.1515881629382226f,0f,0f,0f,1f],start_interpolation:0}
execute if entity @s[tag=aj.lexiel.bone.skirt_front_middle] run data modify entity @s {} merge value {transformation:[-0.7284805251702209f,-0.17085242970661674f,-0.6634196045573757f,0.11301335934837708f,0.017878697769005976f,0.963330471098452f,-0.26772141419639744f,0.7790671897951554f,0.6848331742941515f,-0.20689091501702062f,-0.6987128685444516f,0.1161940069987181f,0f,0f,0f,1f],start_interpolation:0}
execute if entity @s[tag=aj.lexiel.bone.skirt] run data modify entity @s {} merge value {transformation:[-0.7284805251702209f,-0.11238145624126847f,-0.6757858630815023f,0.05457512339504174f,0.017878697769005976f,0.9829981665222419f,-0.18274287066803827f,0.7189288758846788f,0.6848331742941515f,-0.1452067935979673f,-0.7140857864985085f,0.05560126173439398f,0f,0f,0f,1f],start_interpolation:0}
execute if entity @s[tag=aj.lexiel.bone.rightupper] run data modify entity @s {} merge value {transformation:[-0.6985157570374732f,-0.06876336432040775f,-0.7122831858872597f,-0.09999326644821811f,-0.011687026531433256f,0.9963358736183723f,-0.08472449676432853f,0.6764898993589382f,0.7154992317125289f,-0.05085692350559569f,-0.6967599462873326f,0.09326685653870966f,0f,0f,0f,1f],start_interpolation:0}
execute if entity @s[tag=aj.lexiel.bone.rightfoot] run data modify entity @s {} merge value {transformation:[-0.6982451639730722f,0.2084059125181815f,-0.6848508353033392f,0.0015719732891576882f,0.031975324110415676f,0.9648093683435408f,0.260998968205953f,0.37048258074608653f,0.7151442299538263f,0.16034293992565504f,-0.6803373222010876f,0.14663093625319057f,0f,0f,0f,1f],start_interpolation:0}
execute if entity @s[tag=aj.lexiel.bone.leftupper] run data modify entity @s {} merge value {transformation:[-0.7138604971613748f,0.004172435728779279f,-0.7002755039072864f,0.09870712119429478f,-0.024531639882144744f,0.9992194977573218f,0.030961168361327812f,0.6736992552719256f,0.6998581207910696f,0.0392808615192555f,-0.713200970751651f,-0.09283120214591647f,0f,0f,0f,1f],start_interpolation:0}
execute if entity @s[tag=aj.lexiel.bone.leftfoot] run data modify entity @s {} merge value {transformation:[-0.7159137475478932f,-0.005439339265572865f,-0.6981675441183767f,0.18574623056404674f,-0.0678632713965637f,0.995776880312067f,0.061830259835486276f,0.3772523145473716f,0.6948827832572106f,0.09164506655746071f,-0.7132594894625592f,-0.022919538382314295f,0f,0f,0f,1f],start_interpolation:0}
execute if entity @s[tag=aj.lexiel.bone.lower] run data modify entity @s {} merge value {transformation:[-0.7284805251702209f,-0.11238145624126847f,-0.6757858630815023f,0f,0.017878697769005976f,0.9829981665222419f,-0.18274287066803827f,0.625f,0.6848331742941515f,-0.1452067935979673f,-0.7140857864985085f,0f,0f,0f,0f,1f],start_interpolation:0}