execute if entity @s[tag=aj.lexiel.bone.backhair] run data modify entity @s {} merge value {transformation:[-0.9583996644341465f,-0.008788617896454215f,-0.28529431015704765f,-0.07564397898083369f,0.014750737998969813f,0.9966651819495794f,-0.08025540989800889f,1.4631092632778793f,0.2850482396735705f,-0.08112505953700004f,-0.9550739373337108f,-0.2524239355490013f,0f,0f,0f,1f],start_interpolation:0}
execute if entity @s[tag=aj.lexiel.bone.head] run data modify entity @s {} merge value {transformation:[-0.9583996644341465f,-0.008788617896454215f,-0.28529431015704765f,0f,0.014750737998969813f,0.9966651819495794f,-0.08025540989800889f,1.5f,0.2850482396735705f,-0.08112505953700004f,-0.9550739373337108f,0f,0f,0f,0f,1f],start_interpolation:0}
execute if entity @s[tag=aj.lexiel.bone.left_wing] run data modify entity @s {} merge value {transformation:[0.16512293603640815f,0f,-0.9862729926317136f,-0.06764951251827456f,0f,1f,0f,1.15625f,0.9862729926317136f,0f,0.16512293603640815f,-0.1633203706095471f,0f,0f,0f,1f],start_interpolation:0}
execute if entity @s[tag=aj.lexiel.bone.right_wing] run data modify entity @s {} merge value {transformation:[-0.6002221991917689f,0f,-0.7998333023808127f,-0.16332037060954707f,0f,1f,0f,1.15625f,0.7998333023808127f,0f,-0.6002221991917689f,0.06764951251827456f,0f,0f,0f,1f],start_interpolation:0}
execute if entity @s[tag=aj.lexiel.bone.sword] run data modify entity @s {} merge value {transformation:[-0.000011149996908859104f,-7.521824322284168e-9f,0.0000030608689296654444f,-0.13752021189754315f,-0.000002160405800358627f,0.000008210175561247353f,-0.000007849654150424306f,1.2923994943570614f,-0.0000021683223838279256f,-0.000008141521167795093f,-0.000007918675227848103f,1.0156680372581195f,0f,0f,0f,1f],start_interpolation:0}
execute if entity @s[tag=aj.lexiel.bone.rod] run data modify entity @s {} merge value {transformation:[-0.9999812471408545f,-0.006120641926968461f,0.00020762712501925075f,-0.13807339387491957f,-0.0047129712376497435f,0.7907622390632907f,0.612105276217845f,1.4033307375099513f,-0.00391066090760811f,0.6120928189531496f,-0.7907762564197618f,1.0234303684889747f,0f,0f,0f,1f],start_interpolation:0}
execute if entity @s[tag=aj.lexiel.bone.right_hand] run data modify entity @s {} merge value {transformation:[-0.9999812471408545f,0.0034637294513512606f,0.005050539071133876f,-0.1519204020407896f,-0.0047129712376497435f,0.09136811255490063f,-0.9958060332766959f,1.377550184475417f,-0.00391066090760811f,-0.9958111621117945f,-0.09135007468427626f,0.5997811339163501f,0f,0f,0f,1f],start_interpolation:0}
execute if entity @s[tag=aj.lexiel.bone.right_arm] run data modify entity @s {} merge value {transformation:[-0.9999812471408545f,0.0034637294513512606f,0.005050539071133876f,-0.11958857261409063f,-0.0047129712376497435f,0.09136811255490063f,-0.9958060332766959f,1.40625f,-0.00391066090760811f,-0.9958111621117945f,-0.09135007468427626f,0.28871235390977706f,0f,0f,0f,1f],start_interpolation:0}
execute if entity @s[tag=aj.lexiel.bone.left_hand] run data modify entity @s {} merge value {transformation:[-0.3639356934017582f,0.08046166557677056f,-0.9279422026402254f,0.12474438807902326f,-0.24695193795895162f,0.9522717174288097f,0.17942496070364145f,1.10703007133018f,0.8980899461671417f,0.29445627274316494f,-0.32669550354374854f,-0.4074579622284318f,0f,0f,0f,1f],start_interpolation:0}
execute if entity @s[tag=aj.lexiel.bone.left_arm] run data modify entity @s {} merge value {transformation:[-0.3801945550716306f,0.021769733748724596f,-0.9246503009172681f,0.1315474298754997f,-0.25812489775119984f,0.9575037717434244f,0.1286781421145369f,1.40625f,0.8881574395650905f,0.28759799336856645f,-0.358418410179439f,-0.31758358930075475f,0f,0f,0f,1f],start_interpolation:0}
execute if entity @s[tag=aj.lexiel.bone.skirt_right] run data modify entity @s {} merge value {transformation:[-0.6234025203162791f,-0.14998719730558344f,-0.7673806997232385f,-0.07176330984172286f,-0.002883300636524845f,0.9818636878846163f,-0.18956630763682653f,0.7041130195995918f,0.781895763027752f,-0.11596352468787986f,-0.6125287558157682f,0.22081026496835576f,0f,0f,0f,1f],start_interpolation:0}
execute if entity @s[tag=aj.lexiel.bone.skirt_left] run data modify entity @s {} merge value {transformation:[-0.6265943727695568f,-0.08306783705355653f,-0.7749059468482414f,0.20237172824495825f,0.022331019012970833f,0.9919814850728736f,-0.12439477023757309f,0.694343198781417f,0.779025556450729f,-0.09524950246515747f,-0.6197150269896413f,-0.12001341597883818f,0f,0f,0f,1f],start_interpolation:0}
execute if entity @s[tag=aj.lexiel.bone.skirt_back_middle] run data modify entity @s {} merge value {transformation:[-0.6265943727695568f,0.018788342378589007f,-0.7791190475172524f,-0.15871093937530978f,0.022331019012970833f,0.9997317216446603f,0.006149010265536492f,0.7137065042511558f,0.779025556450729f,-0.013545587032988082f,-0.6268458338926436f,-0.13019892261899257f,0f,0f,0f,1f],start_interpolation:0}
execute if entity @s[tag=aj.lexiel.bone.skirt_front_middle] run data modify entity @s {} merge value {transformation:[-0.6265943727695568f,-0.18350270276296027f,-0.7574339905841395f,0.13024345059840325f,0.022331019012970833f,0.9672581702622632f,-0.25281012173317174f,0.7765362537398681f,0.779025556450729f,-0.17532367250199685f,-0.6019807241573807f,0.10041500387744651f,0f,0f,0f,1f],start_interpolation:0}
execute if entity @s[tag=aj.lexiel.bone.skirt] run data modify entity @s {} merge value {transformation:[-0.6265943727695568f,-0.1167896975462831f,-0.7705450399299014f,0.06311440237262489f,0.022331019012970833f,0.9856113148349699f,-0.16754599863656613f,0.7177083213436601f,0.779025556450729f,-0.12219043586275316f,-0.6149704706571709f,0.04810735382233218f,0f,0f,0f,1f],start_interpolation:0}
execute if entity @s[tag=aj.lexiel.bone.rightupper] run data modify entity @s {} merge value {transformation:[-0.5945192820107659f,-0.028334875946469433f,-0.8035819548263274f,-0.08496944768785122f,-0.007820877584625168f,0.9995354172863903f,-0.0294581646395022f,0.6784872869654589f,0.8040433179818173f,-0.01122873079292127f,-0.5944646822255889f,0.1067498612074746f,0f,0f,0f,1f],start_interpolation:0}
execute if entity @s[tag=aj.lexiel.bone.rightfoot] run data modify entity @s {} merge value {transformation:[-0.5922563633826072f,0.2731945848117291f,-0.7580218459004703f,0.00847480139212766f,0.035775546498747667f,0.9487542253990718f,0.3139833276785932f,0.3667404014844381f,0.8049549740858335f,0.15883997801861435f,-0.5716794128508749f,0.13651147537864416f,0f,0f,0f,1f],start_interpolation:0}
execute if entity @s[tag=aj.lexiel.bone.leftupper] run data modify entity @s {} merge value {transformation:[-0.6090783687076453f,0.060946816834264055f,-0.790764836275744f,0.08608152185848184f,-0.020707921949753197f,0.9954810506838166f,0.09267502197446435f,0.6746464441096105f,0.792839657648983f,0.07282144771435936f,-0.6050638925037821f,-0.10481676334009833f,0f,0f,0f,1f],start_interpolation:0}
execute if entity @s[tag=aj.lexiel.bone.leftfoot] run data modify entity @s {} merge value {transformation:[-0.6140310991722345f,0.056085220650899825f,-0.7872866423824789f,0.1667158979925301f,-0.06365564346123025f,0.9907039203461979f,0.12022354705385711f,0.37186748593585933f,0.7867107272084665f,0.12393623455315289f,-0.6047528763552199f,-0.058263183158628794f,0f,0f,0f,1f],start_interpolation:0}
execute if entity @s[tag=aj.lexiel.bone.lower] run data modify entity @s {} merge value {transformation:[-0.6265943727695568f,-0.1167896975462831f,-0.7705450399299014f,0f,0.022331019012970833f,0.9856113148349699f,-0.16754599863656613f,0.625f,0.779025556450729f,-0.12219043586275316f,-0.6149704706571709f,0f,0f,0f,0f,1f],start_interpolation:0}