execute if entity @s[tag=aj.lexiel.bone.backhair] run data modify entity @s {} merge value {transformation:[-0.9329430197906579f,-0.10280158578692461f,0.34503500660597014f,-0.2895664849612694f,0.023367411144068206f,0.9390554570895326f,0.3429705710506269f,1.4220061218258604f,-0.35926492442251073f,0.32803457511375633f,-0.87368302696666f,0.029046438135439695f,0f,0f,0f,1f],start_interpolation:0}
execute if entity @s[tag=aj.lexiel.bone.head] run data modify entity @s {} merge value {transformation:[-0.9329430197906579f,-0.10280158578692461f,0.34503500660597014f,-0.3828226833689009f,0.023367411144068206f,0.9390554570895326f,0.3429705710506269f,1.3455773054075615f,-0.35926492442251073f,0.32803457511375633f,-0.87368302696666f,0.2662440324096112f,0f,0f,0f,1f],start_interpolation:0}
execute if entity @s[tag=aj.lexiel.bone.ring] run data modify entity @s {} merge value {transformation:[-0.09783480750373533f,-0.4803213594023267f,0.8716190349818022f,-0.10719035134329225f,0.5176935153840897f,0.7234329880183352f,0.45676923711665013f,0.8942616455141172f,-0.8499539837955762f,0.4959194526823526f,0.17788232593842945f,0.07454832907469117f,0f,0f,0f,1f],start_interpolation:0}
execute if entity @s[tag=aj.lexiel.bone.bust] run data modify entity @s {} merge value {transformation:[-0.012941548189418783f,0.011445781244635744f,0.9998507440724146f,-0.3918751258365718f,0.3842057676008702f,0.9232305325022546f,-0.005595712450582269f,1.2249911937327433f,-0.9231567821733682f,0.38407600543031f,-0.01634556759520761f,0.21618457569544103f,0f,0f,0f,1f],start_interpolation:0}
execute if entity @s[tag=aj.lexiel.bone.left_wing] run data modify entity @s {} merge value {transformation:[-0.8657902569666597f,-0.49001303471219315f,-0.1014616023614484f,-0.10381062979018191f,-0.4934527542646289f,0.8023389509216785f,0.3357924763042678f,1.0788437247177067f,-0.08313609474985949f,0.3407923614843023f,-0.9364555280971413f,0.286726546663357f,0f,0f,0f,1f],start_interpolation:0}
execute if entity @s[tag=aj.lexiel.bone.right_wing] run data modify entity @s {} merge value {transformation:[0.6648777868865915f,-0.49001303471219315f,0.5637594826847131f,-0.10704601683753656f,0.5968332708082951f,0.8023389509216785f,-0.006500360772512537f,1.1748951666179246f,-0.44914093040053804f,0.3407923614843023f,0.8259134282676922f,0.05593735112001491f,0f,0f,0f,1f],start_interpolation:0}
execute if entity @s[tag=aj.lexiel.bone.body] run data modify entity @s {} merge value {transformation:[-0.012941548189418783f,-0.49001303471219315f,0.8716190349818022f,-0.18433222604009508f,0.3842057676008702f,0.8023389509216785f,0.45676923711665013f,-0.10290697781959934f,-0.9231567821733682f,0.3407923614843023f,0.17788232593842945f,0.20224104737531823f,0f,0f,0f,1f],start_interpolation:0}
execute if entity @s[tag=aj.lexiel.locator_origin.locator_right_hand] at @s on origin run tp @s ^-0.92963 ^1.34948 ^-0.24498 ~-9.08784 ~5.20233
execute if entity @s[tag=aj.lexiel.bone.sword] run data modify entity @s {} merge value {transformation:[9.974013718074553e-7f,0.000009905875929129523f,0.000005879644447601304f,-0.8671154575791413f,0.000011429321399846467f,-1.1438217718046884e-7f,-0.0000017461200722043834f,1.4080785259437094f,-0.0000014377792224567024f,0.000005962545181735374f,-0.0000098016453778555f,-0.3290177377236155f,0f,0f,0f,1f],start_interpolation:0}
execute if entity @s[tag=aj.lexiel.bone.rod] run data modify entity @s {} merge value {transformation:[-0.04823924198480789f,0.36705937513383236f,0.9289458491532707f,-0.8472563201376573f,0.9938818072663664f,-0.07487371132307973f,0.08119655496170512f,1.3981492888672038f,0.0993575800715385f,0.9271792396721729f,-0.3612017840532619f,-0.22005294792873742f,0f,0f,0f,1f],start_interpolation:0}
execute if entity @s[tag=aj.lexiel.bone.right_hand] run data modify entity @s {} merge value {transformation:[-0.04823924198480789f,0.986372312805302f,-0.15729792135896123f,-0.4443700362067158f,0.9938818072663664f,0.06306623522812659f,0.09067305641198868f,1.4459636976498003f,0.0993575800715385f,-0.1519615428497272f,-0.9833797642706801f,-0.3454781249745382f,0f,0f,0f,1f],start_interpolation:0}
execute if entity @s[tag=aj.lexiel.bone.right_arm] run data modify entity @s {} merge value {transformation:[-0.04823924198480789f,0.32618996710676595f,0.9440726036124647f,-0.34092819517382617f,0.9938818072663664f,-0.0783441921241616f,0.07785332841538334f,1.3904223311339259f,0.0993575800715385f,0.942052171017773f,-0.3204150095782476f,-0.054191745908719724f,0f,0f,0f,1f],start_interpolation:0}
execute if entity @s[tag=aj.lexiel.locator_origin.locator_left_hand] at @s on origin run tp @s ^-0.8008 ^0.82449 ^0.23316 ~-158.50449 ~-58.28518
execute if entity @s[tag=aj.lexiel.bone.left_hand] run data modify entity @s {} merge value {transformation:[0.528510361501753f,0.8267836112852225f,-0.19262828944745458f,-0.4451046737856924f,-0.5099279967399941f,0.12776997831969128f,-0.850675185238715f,0.8538088673477686f,-0.6787121893159302f,0.5478172074244766f,0.48912786807094266f,0.48811700629852345f,0f,0f,0f,1f],start_interpolation:0}
execute if entity @s[tag=aj.lexiel.bone.left_arm] run data modify entity @s {} merge value {transformation:[0.12387198366468169f,0.36054198275575156f,0.9244810492019446f,-0.33243530417452005f,0.1692353205775928f,0.9103309721538763f,-0.37769951999754797f,1.138287296145855f,-0.9777602660836535f,0.20324123550089487f,0.05174806527874819f,0.5516298923925531f,0f,0f,0f,1f],start_interpolation:0}
execute if entity @s[tag=aj.lexiel.bone.skirt_right] run data modify entity @s {} merge value {transformation:[0.10699173438956425f,0.6319025920068226f,0.7676274376202117f,-0.042509649270211454f,-0.005624680467502607f,0.7724314509855251f,-0.6350732371136694f,0.6919069675005622f,-0.9942440001035718f,0.06362992804848495f,0.08619803080461405f,-0.2321258345031899f,0f,0f,0f,1f],start_interpolation:0}
execute if entity @s[tag=aj.lexiel.bone.skirt_left] run data modify entity @s {} merge value {transformation:[-0.1845297384585443f,0.7953886043247564f,0.5773263754019364f,0.038222111305401686f,-0.191929543963584f,0.5469414532073853f,-0.8148730557070373f,0.7758761429846303f,-0.9639044692179572f,-0.261174299795577f,0.05173160878938705f,0.1895823707796664f,0f,0f,0f,1f],start_interpolation:0}
execute if entity @s[tag=aj.lexiel.bone.skirt_back_middle] run data modify entity @s {} merge value {transformation:[-0.1845297384585443f,0.7132277311036478f,0.6762063140855489f,0.20155532825697992f,-0.191929543963584f,0.6486245703589439f,-0.7365115184982554f,0.5301465768437597f,-0.9639044692179572f,-0.26569224736792385f,0.017198950846783162f,-0.019698817014335245f,0f,0f,0f,1f],start_interpolation:0}
execute if entity @s[tag=aj.lexiel.bone.skirt_front_middle] run data modify entity @s {} merge value {transformation:[-0.1845297384585443f,0.8639401580024855f,0.46856822237008555f,-0.0017256186103659643f,-0.191929543963584f,0.4359000161506289f,-0.8792918890071784f,0.844379599931023f,-0.9639044692179572f,-0.2521875875425318f,0.08537912456289289f,-0.04335180503180744f,0f,0f,0f,1f],start_interpolation:0}
execute if entity @s[tag=aj.lexiel.bone.skirt] run data modify entity @s {} merge value {transformation:[-0.1845297384585443f,0.8198141934220062f,0.542082524979589f,0.01322774714425777f,-0.191929543963584f,0.5108766226657748f,-0.8379547282327025f,0.7434704919175795f,-0.9639044692179572f,-0.25866921865084186f,0.06307463471325919f,-0.026121779711465072f,0f,0f,0f,1f],start_interpolation:0}
execute if entity @s[tag=aj.lexiel.bone.rightupper] run data modify entity @s {} merge value {transformation:[-0.011327321143423623f,0.7684467972716023f,0.6398134193331138f,0.013183819946009052f,0.02245921211884403f,0.6398885724200026f,-0.768139439605396f,0.6340762213899906f,-0.9996835877349965f,0.005668743185945443f,-0.024506932977777538f,-0.1426946926764051f,0f,0f,0f,1f],start_interpolation:0}
execute if entity @s[tag=aj.lexiel.bone.rightfoot] run data modify entity @s {} merge value {transformation:[0.0197804051278705f,0.503129483692298f,0.8639846400327376f,-0.2817142833937179f,0.05307372119430451f,0.8624068928595983f,-0.5034257951941304f,0.49633759869004f,-0.998394669302459f,0.055812846082019245f,-0.009644196216288595f,-0.11325182537948833f,0f,0f,0f,1f],start_interpolation:0}
execute if entity @s[tag=aj.lexiel.bone.leftupper] run data modify entity @s {} merge value {transformation:[-0.21999967135486415f,0.855135526605705f,0.4694074730343939f,0.055015420556384684f,-0.21414685034936523f,0.4271224778102095f,-0.8784688471623303f,0.6759911317580831f,-0.9517044032099454f,-0.2937849895519692f,0.0891577748979362f,0.11988297595347014f,0f,0f,0f,1f],start_interpolation:0}
execute if entity @s[tag=aj.lexiel.bone.leftfoot] run data modify entity @s {} merge value {transformation:[-0.2552790620354256f,0.6943169927949799f,0.6728718406966137f,-0.25064936962796946f,-0.23572502560453967f,0.6302364352363055f,-0.7397538428452894f,0.6574776096861674f,-0.9376920138243966f,-0.34745639901543013f,0.0027817248565893266f,0.20094172931835513f,0f,0f,0f,1f],start_interpolation:0}
execute if entity @s[tag=aj.lexiel.bone.lower] run data modify entity @s {} merge value {transformation:[-0.1845297384585443f,0.8198141934220062f,0.542082524979589f,0f,-0.191929543963584f,0.5108766226657748f,-0.8379547282327025f,0.625f,-0.9639044692179572f,-0.25866921865084186f,0.06307463471325919f,0f,0f,0f,0f,1f],start_interpolation:0}