execute if entity @s[tag=aj.lexiel.bone.backhair] run data modify entity @s {} merge value {transformation:[-0.9584022264100205f,-0.008785753485137649f,-0.2852857917037129f,-0.07564176102309346f,0.014746053134376009f,0.9966671157106064f,-0.08023225272955317f,1.4631153841857343f,0.2850398679645956f,-0.08110160908884069f,-0.9550784274989813f,-0.25242549466240377f,0f,0f,0f,1f],start_interpolation:0}
execute if entity @s[tag=aj.lexiel.bone.head] run data modify entity @s {} merge value {transformation:[-0.9584022264100205f,-0.008785753485137649f,-0.2852857917037129f,0f,0.014746053134376009f,0.9966671157106064f,-0.08023225272955317f,1.5f,0.2850398679645956f,-0.08110160908884069f,-0.9550784274989813f,0f,0f,0f,0f,1f],start_interpolation:0}
execute if entity @s[tag=aj.lexiel.bone.left_wing] run data modify entity @s {} merge value {transformation:[0.18243986118049355f,0f,-0.9832170142203815f,-0.06764951251827456f,0f,1f,0f,1.15625f,0.9832170142203815f,0f,0.18243986118049355f,-0.1633203706095471f,0f,0f,0f,1f],start_interpolation:0}
execute if entity @s[tag=aj.lexiel.bone.right_wing] run data modify entity @s {} merge value {transformation:[-0.6081623530151783f,0f,-0.793812668313527f,-0.16332037060954707f,0f,1f,0f,1.15625f,0.793812668313527f,0f,-0.6081623530151783f,0.06764951251827456f,0f,0f,0f,1f],start_interpolation:0}
execute if entity @s[tag=aj.lexiel.bone.sword] run data modify entity @s {} merge value {transformation:[-0.000011057535851036358f,1.3190503161806866e-7f,0.0000033771153690212364f,-0.15708585529772076f,-0.0000023210972539255395f,0.000008101611167019871f,-0.00000791630029030217f,1.3017724392622512f,-0.0000024565859827950104f,-0.000008248509187183631f,-0.000007721313861518799f,1.0163293135586255f,0f,0f,0f,1f],start_interpolation:0}
execute if entity @s[tag=aj.lexiel.bone.rod] run data modify entity @s {} merge value {transformation:[-0.9993360380281199f,-0.03278721993992026f,0.01588966037621146f,-0.15913645335193563f,-0.016636347399835882f,0.7986215026705858f,0.6016036298239626f,1.4127818514959465f,-0.03241473497426778f,0.6009398419815306f,-0.7986367079440821f,1.022574787682558f,0f,0f,0f,1f],start_interpolation:0}
execute if entity @s[tag=aj.lexiel.bone.right_hand] run data modify entity @s {} merge value {transformation:[-0.9993360380281199f,0.03101776407066903f,0.01911495253241196f,-0.16051087507455344f,-0.016636347399835882f,0.07828833456125439f,-0.9967919384790473f,1.3812650095933632f,-0.03241473497426778f,-0.9964481095288813f,-0.07772033178561816f,0.5990894276696066f,0f,0f,0f,1f],start_interpolation:0}
execute if entity @s[tag=aj.lexiel.bone.right_arm] run data modify entity @s {} merge value {transformation:[-0.9993360380281199f,0.03101776407066903f,0.01911495253241196f,-0.11958857261409063f,-0.016636347399835882f,0.07828833456125439f,-0.9967919384790473f,1.40625f,-0.03241473497426778f,-0.9964481095288813f,-0.07772033178561816f,0.28871235390977706f,0f,0f,0f,1f],start_interpolation:0}
execute if entity @s[tag=aj.lexiel.bone.left_hand] run data modify entity @s {} merge value {transformation:[-0.36692023628019454f,0.06966389498932167f,-0.9276402761539643f,0.12474435874794342f,-0.24901033246716683f,0.9534470383791286f,0.170095853361155f,1.1070300633862211f,0.8963054136468648f,0.2934036242805894f,-0.3324919829504728f,-0.4074579335602796f,0f,0f,0f,1f],start_interpolation:0}
execute if entity @s[tag=aj.lexiel.bone.left_arm] run data modify entity @s {} merge value {transformation:[-0.3801847061134047f,0.02176982760818008f,-0.9246543483071792f,0.1315474298754997f,-0.2581261495142145f,0.9575037971640923f,0.1286754419200115f,1.40625f,0.8881612917564183f,0.28759790163047955f,-0.3584089379512117f,-0.31758358930075475f,0f,0f,0f,1f],start_interpolation:0}
execute if entity @s[tag=aj.lexiel.bone.skirt_right] run data modify entity @s {} merge value {transformation:[-0.6329763365350048f,-0.15580994157599976f,-0.758329888302451f,-0.07537322741529223f,-0.002290501812423098f,0.9799104123876249f,-0.19942501672498897f,0.7043851630518312f,0.7741677537770296f,-0.12449436051644419f,-0.6206169859191979f,0.21950600925996724f,0f,0f,0f,1f],start_interpolation:0}
execute if entity @s[tag=aj.lexiel.bone.skirt_left] run data modify entity @s {} merge value {transformation:[-0.6358026236211332f,-0.0953533521604282f,-0.7659391372871952f,0.2027904204189535f,0.018250109796808283f,0.9902051682646988f,-0.13842202943998436f,0.6964007400157275f,0.7716358968379375f,-0.10198756283806769f,-0.6278348347594794f,-0.11808469560663046f,0f,0f,0f,1f],start_interpolation:0}
execute if entity @s[tag=aj.lexiel.bone.skirt_back_middle] run data modify entity @s {} merge value {transformation:[-0.6358026236211332f,0.005437528048185036f,-0.7718325317613975f,-0.15837898752726012f,0.018250109796808283f,0.999801526203998f,-0.007990099659000188f,0.710802571226241f,0.7716358968379375f,-0.019166154775580674f,-0.6357756689448174f,-0.13252841471098115f,0f,0f,0f,1f],start_interpolation:0}
execute if entity @s[tag=aj.lexiel.bone.skirt_front_middle] run data modify entity @s {} merge value {transformation:[-0.6358026236211332f,-0.19451271007663284f,-0.746940311815561f,0.12701509177608206f,0.018250109796808283f,0.9636661253596519f,-0.2664855199194134f,0.7788584806557899f,0.7716358968379375f,-0.18306393542410096f,-0.609151572482705f,0.10101732532791283f,0f,0f,0f,1f],start_interpolation:0}
execute if entity @s[tag=aj.lexiel.bone.skirt] run data modify entity @s {} merge value {transformation:[-0.6358026236211332f,-0.12867239282534584f,-0.7610508781422458f,0.061295989136355394f,0.018250109796808283f,0.983224828233973f,-0.18148242514546353f,0.7188284170631664f,0.7716358968379375f,-0.12927626413566495f,-0.6227886401037173f,0.04828672687412467f,0f,0f,0f,1f],start_interpolation:0}
execute if entity @s[tag=aj.lexiel.bone.rightupper] run data modify entity @s {} merge value {transformation:[-0.6036138507144172f,-0.04169294800754578f,-0.7961859188105208f,-0.08691246295751912f,-0.011308510869658268f,0.998978985890075f,-0.04373903670576356f,0.6779349592999006f,0.7971966111365651f,-0.01739781125536752f,-0.6034690376116231f,0.10545299030297835f,0f,0f,0f,1f],start_interpolation:0}
execute if entity @s[tag=aj.lexiel.bone.rightfoot] run data modify entity @s {} merge value {transformation:[-0.6019503186213643f,0.25850852544008346f,-0.7555323660746981f,0.010381161317222706f,0.03231908110254421f,0.9532615094439063f,0.3004130017316371f,0.36765877501517125f,0.7978792458187675f,0.1564155902955941f,-0.5821708273386391f,0.13810788446151862f,0f,0f,0f,1f],start_interpolation:0}
execute if entity @s[tag=aj.lexiel.bone.leftupper] run data modify entity @s {} merge value {transformation:[-0.6178677086844195f,0.046648342015727144f,-0.7848970803565579f,0.08660898486860949f,-0.02446789570851661f,0.9966144138043317f,0.0784922434196231f,0.6752139062901947f,0.7859012766529028f,0.06770260249526562f,-0.6146344775317323f,-0.10410955311787512f,0f,0f,0f,1f],start_interpolation:0}
execute if entity @s[tag=aj.lexiel.bone.leftfoot] run data modify entity @s {} merge value {transformation:[-0.622168664716383f,0.04355224608916218f,-0.7816708735175067f,0.17078240517482396f,-0.0675130275734979f,0.9917471126805233f,0.10899383284253028f,0.37382686351832595f,0.7799667581076088f,0.12058551467914531f,-0.614093632841664f,-0.05486605894653419f,0f,0f,0f,1f],start_interpolation:0}
execute if entity @s[tag=aj.lexiel.bone.lower] run data modify entity @s {} merge value {transformation:[-0.6358026236211332f,-0.12867239282534584f,-0.7610508781422458f,0f,0.018250109796808283f,0.983224828233973f,-0.18148242514546353f,0.625f,0.7716358968379375f,-0.12927626413566495f,-0.6227886401037173f,0f,0f,0f,0f,1f],start_interpolation:0}