execute if entity @s[tag=aj.lexiel.bone.backhair] run data modify entity @s {} merge value {transformation:[-0.950409369454089f,-0.008805649020150099f,-0.31087697084090227f,-0.08243910711367482f,0.017392538312001334f,0.9965298173879938f,-0.08139915643123864f,1.4628075706762649f,0.3105149433842867f,-0.08276946056357758f,-0.9469581227979765f,-0.25024247854690657f,0f,0f,0f,1f],start_interpolation:0}
execute if entity @s[tag=aj.lexiel.bone.head] run data modify entity @s {} merge value {transformation:[-0.950409369454089f,-0.008805649020150099f,-0.31087697084090227f,0f,0.017392538312001334f,0.9965298173879938f,-0.08139915643123864f,1.5f,0.3105149433842867f,-0.08276946056357758f,-0.9469581227979765f,0f,0f,0f,0f,1f],start_interpolation:0}
execute if entity @s[tag=aj.lexiel.bone.ring] run data modify entity @s {} merge value {transformation:[-0.381321241404828f,0.06723722317691702f,-0.921994179305346f,0f,0.17364817766693033f,0.984807753012208f,0f,0.9375f,0.9079870160120326f,-0.16010260905589035f,-0.3872037361997708f,0f,0f,0f,0f,1f],start_interpolation:0}
execute if entity @s[tag=aj.lexiel.bone.bust] run data modify entity @s {} merge value {transformation:[-0.3872037361997708f,-0.46099708965267294f,-0.7984703814198144f,0.06626833163757184f,0f,0.8660254037844387f,-0.49999999999999994f,1.390625f,0.921994179305346f,-0.19360186809988536f,-0.33532827198924975f,0.02783026853935855f,0f,0f,0f,1f],start_interpolation:0}
execute if entity @s[tag=aj.lexiel.bone.left_wing] run data modify entity @s {} merge value {transformation:[0.16595852930892402f,0f,-0.986132732723957f,-0.06684880538819682f,0f,1f,0f,1.15625f,0.986132732723957f,0f,0.16595852930892402f,-0.1636497394381396f,0f,0f,0f,1f],start_interpolation:0}
execute if entity @s[tag=aj.lexiel.bone.right_wing] run data modify entity @s {} merge value {transformation:[-0.6067234070062428f,0f,-0.7949130187578621f,-0.16364973943813954f,0f,1f,0f,1.15625f,0.7949130187578621f,0f,-0.6067234070062428f,0.06684880538819687f,0f,0f,0f,1f],start_interpolation:0}
execute if entity @s[tag=aj.lexiel.bone.body] run data modify entity @s {} merge value {transformation:[-0.3872037361997708f,0f,-0.921994179305346f,0.6545989577525584f,0f,1f,0f,0.21875f,0.921994179305346f,0f,-0.3872037361997708f,-0.2673952215527876f,0f,0f,0f,1f],start_interpolation:0}
execute if entity @s[tag=aj.lexiel.locator_origin.locator_right_hand] at @s on origin run tp @s ^-0.04786 ^1.37675 ^1.09754 ~-58.34213 ~-84.5135
execute if entity @s[tag=aj.lexiel.bone.sword] run data modify entity @s {} merge value {transformation:[-0.000011396640663735922f,1.8422372165370447e-7f,0.000001942691290982935f,-0.10458986722694286f,-0.0000012982934029090566f,0.000007877801215303284f,-0.000008363377816536143f,1.3069113316039451f,-0.0000014568534832452115f,-0.000008461543351100091f,-0.000007744111846804004f,1.0181220247963423f,0f,0f,0f,1f],start_interpolation:0}
execute if entity @s[tag=aj.lexiel.bone.rod] run data modify entity @s {} merge value {transformation:[-0.9955535768186071f,0.09418311493685624f,-0.0016175736361967313f,-0.09565578235672914f,0.07879268057779272f,0.842035552276978f,0.5336364325914884f,1.4177100732947145f,0.051621595975361985f,0.5311362062243499f,-0.8457124459688182f,1.0213034507591985f,0f,0f,0f,1f],start_interpolation:0}
execute if entity @s[tag=aj.lexiel.bone.right_hand] run data modify entity @s {} merge value {transformation:[-0.9955535768186071f,-0.047431197087224986f,-0.0813840108777542f,-0.1363405526260119f,0.07879268057779272f,0.054159199726494335f,-0.9954187533758599f,1.3776511336870814f,0.051621595975361985f,-0.9974051647288871f,-0.05018115384382856f,0.6005005499498877f,0f,0f,0f,1f],start_interpolation:0}
execute if entity @s[tag=aj.lexiel.bone.right_arm] run data modify entity @s {} merge value {transformation:[-0.9962122896725785f,-0.050535196763790535f,-0.07076205051694964f,-0.12100116756242837f,0.06556016694848815f,0.09807238889618819f,-0.993017457573572f,1.40625f,0.057122135945749775f,-0.9938953669397195f,-0.09438782315932226f,0.2881231810329206f,0f,0f,0f,1f],start_interpolation:0}
execute if entity @s[tag=aj.lexiel.locator_origin.locator_left_hand] at @s on origin run tp @s ^0.11943 ^0.68521 ^-0.52676 ~-70.29204 ~10.4218
execute if entity @s[tag=aj.lexiel.bone.left_hand] run data modify entity @s {} merge value {transformation:[-0.36926836414678693f,0.07977107361342273f,-0.9258927859395589f,0.12539706620144622f,-0.24796963202705996f,0.9517293064199646f,0.18089330804023054f,1.1072474017644054f,0.895629352373358f,0.2963914693710586f,-0.33166272032193256f,-0.4074581000244211f,0f,0f,0f,1f],start_interpolation:0}
execute if entity @s[tag=aj.lexiel.bone.left_arm] run data modify entity @s {} merge value {transformation:[-0.38455661360808724f,0.024653497975119953f,-0.9227721365363559f,0.13310128431867121f,-0.2583874150513302f,0.9568083143539025f,0.13324336128428876f,1.40625f,0.8862009674297203f,0.2896723228422671f,-0.3615768116262345f,-0.31693549913621266f,0f,0f,0f,1f],start_interpolation:0}
execute if entity @s[tag=aj.lexiel.bone.skirt_right] run data modify entity @s {} merge value {transformation:[-0.644847240720864f,-0.149059229204002f,-0.7496354996421908f,-0.07815279741541849f,-0.0026866160652377485f,0.9812344320294125f,-0.1927998223392189f,0.7042047754003617f,0.7643067566290423f,-0.12231245067050689f,-0.6331467809143222f,0.21859725395101104f,0f,0f,0f,1f],start_interpolation:0}
execute if entity @s[tag=aj.lexiel.bone.skirt_left] run data modify entity @s {} merge value {transformation:[-0.6478647379817719f,-0.08477189961291243f,-0.7570237818693863f,0.20528802545160674f,0.02099874941443853f,0.991423418374698f,-0.12899092224361375f,0.6950178225315449f,0.7614659111233015f,-0.0994652227376318f,-0.6405281692969589f,-0.1145440821654334f,0f,0f,0f,1f],start_interpolation:0}
execute if entity @s[tag=aj.lexiel.bone.skirt_back_middle] run data modify entity @s {} merge value {transformation:[-0.6478647379817719f,0.014764767407315416f,-0.7616122917359054f,-0.1554597091091841f,0.02099874941443853f,0.9997783475046633f,0.0015193366559368704f,0.712757726889211f,0.7614659111233015f,-0.01500858102061392f,-0.6480311787969063f,-0.13468714058857478f,0f,0f,0f,1f],start_interpolation:0}
execute if entity @s[tag=aj.lexiel.bone.skirt_front_middle] run data modify entity @s {} merge value {transformation:[-0.6478647379817719f,-0.18285809592755248f,-0.7394823852084376f,0.1267673776326428f,0.02099874941443853f,0.9661049596818401f,-0.2572941107005361f,0.7773002644880251f,0.7614659111233015f,-0.18221998691663913f,-0.6220655452323817f,0.10365532803488936f,0f,0f,0f,1f],start_interpolation:0}
execute if entity @s[tag=aj.lexiel.bone.skirt] run data modify entity @s {} merge value {transformation:[-0.6478647379817719f,-0.11771212913452832f,-0.7526055646448717f,0.061360511596821696f,0.02099874941443853f,0.9848532979578921f,-0.17211343359683756f,0.7180772983026639f,0.7614659111233015f,-0.12731000022024797f,-0.6355799163292377f,0.049639523388659165f,0f,0f,0f,1f],start_interpolation:0}
execute if entity @s[tag=aj.lexiel.bone.rightupper] run data modify entity @s {} merge value {transformation:[-0.6161008204962538f,-0.038320603473195936f,-0.7867345869690064f,-0.08818479845619731f,-0.008992022878714695f,0.9990929445818271f,-0.04162248924996191f,0.6780478225733093f,0.7876159740053471f,-0.01856931437249659f,-0.6158865626520389f,0.1042181596478554f,0f,0f,0f,1f],start_interpolation:0}
execute if entity @s[tag=aj.lexiel.bone.rightfoot] run data modify entity @s {} merge value {transformation:[-0.6143131283482122f,0.2589689810059904f,-0.7453552490026162f,0.007622272591758135f,0.034630604102311585f,0.9525472462519783f,0.30241439270855175f,0.3674912372617277f,0.7883020370381786f,0.15996502909852572f,-0.594130531000525f,0.13855930738834069f,0f,0f,0f,1f],start_interpolation:0}
execute if entity @s[tag=aj.lexiel.bone.leftupper] run data modify entity @s {} merge value {transformation:[-0.630839213178869f,0.04780784349259576f,-0.77443934379424f,0.08863031798560672f,-0.021872554345469735f,0.9966076535693674f,0.07933962574504803f,0.6745414835580443f,0.7756052336609586f,0.06698951371332147f,-0.6276535083708071f,-0.10260155663979675f,0f,0f,0f,1f],start_interpolation:0}
execute if entity @s[tag=aj.lexiel.bone.leftfoot] run data modify entity @s {} merge value {transformation:[-0.635140129012911f,0.042304356356719586f,-0.7712375496244374f,0.17128601200439258f,-0.06491677784778f,0.992042496750684f,0.10787722926795626f,0.3730393455017641f,0.7696641010670335f,0.11858341399164093f,-0.6273397368689172f,-0.05152579968224983f,0f,0f,0f,1f],start_interpolation:0}
execute if entity @s[tag=aj.lexiel.bone.lower] run data modify entity @s {} merge value {transformation:[-0.6478647379817719f,-0.11771212913452832f,-0.7526055646448717f,0f,0.02099874941443853f,0.9848532979578921f,-0.17211343359683756f,0.625f,0.7614659111233015f,-0.12731000022024797f,-0.6355799163292377f,0f,0f,0f,0f,1f],start_interpolation:0}