execute if entity @s[tag=aj.lexiel.bone.backhair] run data modify entity @s {} merge value {transformation:[-0.9583983834131414f,-0.008790050216838274f,-0.28529856937647363f,-0.07564508795598772f,0.014753080467490954f,0.9966642148609859f,-0.08026698843394013f,1.4631062028400317f,0.28505242550765436f,-0.08113678470780072f,-0.9550716920103344f,-0.2524231559291857f,0f,0f,0f,1f],start_interpolation:0}
execute if entity @s[tag=aj.lexiel.bone.head] run data modify entity @s {} merge value {transformation:[-0.9583983834131414f,-0.008790050216838274f,-0.28529856937647363f,0f,0.014753080467490954f,0.9966642148609859f,-0.08026698843394013f,1.5f,0.28505242550765436f,-0.08113678470780072f,-0.9550716920103344f,0f,0f,0f,0f,1f],start_interpolation:0}
execute if entity @s[tag=aj.lexiel.bone.left_wing] run data modify entity @s {} merge value {transformation:[0.164334549363865f,0f,-0.9864046613258552f,-0.06764951251827456f,0f,1f,0f,1.15625f,0.9864046613258552f,0f,0.164334549363865f,-0.1633203706095471f,0f,0f,0f,1f],start_interpolation:0}
execute if entity @s[tag=aj.lexiel.bone.right_wing] run data modify entity @s {} merge value {transformation:[-0.599859861045139f,0f,-0.8001050850400255f,-0.16332037060954707f,0f,1f,0f,1.15625f,0.8001050850400255f,0f,-0.599859861045139f,0.06764951251827456f,0f,0f,0f,1f],start_interpolation:0}
execute if entity @s[tag=aj.lexiel.locator_origin.locator_right_hand] at @s on origin run tp @s ^-0.07318 ^1.35824 ^1.09967 ~-7.05014 ~-84.40445
execute if entity @s[tag=aj.lexiel.bone.sword] run data modify entity @s {} merge value {transformation:[-0.000011228265073418766f,-7.293881363829643e-8f,0.0000027590124357293785f,-0.12239936965984095f,-0.0000019822831437814463f,0.000008255628865523464f,-0.000007848984126790915f,1.2885400702498464f,-0.00000192042266934242f,-0.000008095102112648169f,-0.000008029489697787458f,1.015268971616327f,0f,0f,0f,1f],start_interpolation:0}
execute if entity @s[tag=aj.lexiel.bone.rod] run data modify entity @s {} merge value {transformation:[-0.9997625947856783f,0.019876524509605177f,-0.008926244497387228f,-0.12111260379453488f,0.010147268039594481f,0.7872674347240739f,0.6165281981988409f,1.3994213056422455f,0.019281779449539738f,0.6162912541943101f,-0.787282225751899f,1.0236353552643807f,0f,0f,0f,1f],start_interpolation:0}
execute if entity @s[tag=aj.lexiel.bone.right_hand] run data modify entity @s {} merge value {transformation:[-0.9997625947856783f,-0.018207967086637633f,-0.01196762307143702f,-0.14514116398656882f,0.010147268039594481f,0.09697612412188028f,-0.9952349794403483f,1.3762620633381497f,0.019281779449539738f,-0.9951201441458564f,-0.09676834036186482f,0.6002899545631553f,0f,0f,0f,1f],start_interpolation:0}
execute if entity @s[tag=aj.lexiel.bone.right_arm] run data modify entity @s {} merge value {transformation:[-0.9997625947856783f,-0.018207967086637633f,-0.01196762307143702f,-0.11958857261409063f,0.010147268039594481f,0.09697612412188028f,-0.9952349794403483f,1.40625f,0.019281779449539738f,-0.9951201441458564f,-0.09676834036186482f,0.28871235390977706f,0f,0f,0f,1f],start_interpolation:0}
execute if entity @s[tag=aj.lexiel.locator_origin.locator_left_hand] at @s on origin run tp @s ^0.11833 ^0.68482 ^-0.5261 ~-70.61904 ~10.36105
execute if entity @s[tag=aj.lexiel.bone.left_hand] run data modify entity @s {} merge value {transformation:[-0.36380439672315096f,0.08095271799044955f,-0.9279509784330545f,0.12474440274611921f,-0.24685773728931937f,0.9522158768305886f,0.17985044190146132f,1.1070300753019164f,0.8981690366881399f,0.29450226036774696f,-0.3264365178300158f,-0.40745797656181004f,0f,0f,0f,1f],start_interpolation:0}
execute if entity @s[tag=aj.lexiel.bone.left_arm] run data modify entity @s {} merge value {transformation:[-0.3801994795345697f,0.021769686814017544f,-0.9246482771830931f,0.1315474298754997f,-0.25812427185882497f,0.9575037590338673f,0.1286794922020025f,1.40625f,0.888155513431625f,0.28759803923537686f,-0.3584231462796075f,-0.31758358930075475f,0f,0f,0f,1f],start_interpolation:0}
execute if entity @s[tag=aj.lexiel.bone.skirt_right] run data modify entity @s {} merge value {transformation:[-0.62296752174654f,-0.14971604011116524f,-0.7677868025581098f,-0.07159899850999661f,-0.002910894477135096f,0.9819505433310657f,-0.1891154598259174f,0.7041000336457868f,0.7822422857032959f,-0.11557784296852551f,-0.6121591040509207f,0.22086824967523258f,0f,0f,0f,1f],start_interpolation:0}
execute if entity @s[tag=aj.lexiel.bone.skirt_left] run data modify entity @s {} merge value {transformation:[-0.6261734649234311f,-0.08250366880452889f,-0.775306350070459f,0.20235189239400447f,0.022516297505653475f,0.9920574041472627f,-0.12375428567622163f,0.6942491534870634f,0.7793585876683603f,-0.0949486782972126f,-0.6193423450057254f,-0.12010113242967504f,0f,0f,0f,1f],start_interpolation:0}
execute if entity @s[tag=aj.lexiel.bone.skirt_back_middle] run data modify entity @s {} merge value {transformation:[-0.6261734649234311f,0.019399947197986406f,-0.7794423865010804f,-0.15872399367614126f,0.022516297505653475f,0.9997233912098745f,0.006793924820374525f,0.7138385086110441f,0.7793585876683603f,-0.013295981217771646f,-0.6264370748215938f,-0.13009296231642084f,0f,0f,0f,1f],start_interpolation:0}
execute if entity @s[tag=aj.lexiel.bone.skirt_front_middle] run data modify entity @s {} merge value {transformation:[-0.6261734649234311f,-0.18299562415946025f,-0.7579046070346017f,0.1303896328477464f,0.022516297505653475f,0.9674170398494153f,-0.2521850260337275f,0.7764295468178359f,0.7793585876683603f,-0.1749767771662413f,-0.6016504959526703f,0.1003862621147671f,0f,0f,0f,1f],start_interpolation:0}
execute if entity @s[tag=aj.lexiel.bone.skirt] run data modify entity @s {} merge value {transformation:[-0.6261734649234311f,-0.11624353160367133f,-0.7709696707303672f,0.06319688072443509f,0.022516297505653475f,0.9857150991954055f,-0.16690943521811152f,0.717656751676339f,0.7793585876683603f,-0.12187364185293849f,-0.6146112651498346f,0.04809842783803617f,0f,0f,0f,1f],start_interpolation:0}
execute if entity @s[tag=aj.lexiel.bone.rightupper] run data modify entity @s {} merge value {transformation:[-0.5941044034766831f,-0.027726830269892366f,-0.8039099331721179f,-0.0848806184790567f,-0.007668147365811374f,0.999555558092947f,-0.028807738569235554f,0.678512001990961f,0.8043513891860886f,-0.010950304501784556f,-0.5940529720031099f,0.10680815167037103f,0f,0f,0f,1f],start_interpolation:0}
execute if entity @s[tag=aj.lexiel.bone.rightfoot] run data modify entity @s {} merge value {transformation:[-0.5918142338934347f,0.27386007275518326f,-0.7581270164765617f,0.008387658877558914f,0.035926636700498886f,0.9485443139702793f,0.31459968405903166f,0.36669994798079664f,0.8052733631112587f,0.15894761711072591f,-0.5712008978269422f,0.13643876732720883f,0f,0f,0f,1f],start_interpolation:0}
execute if entity @s[tag=aj.lexiel.bone.leftupper] run data modify entity @s {} merge value {transformation:[-0.6086768862667127f,0.06160088654831614f,-0.7910232480155818f,0.08605747193274443f,-0.020537060277776888f,0.9954241978418934f,0.09332146326526426f,0.674620405603477f,0.7931523670013259f,0.07304790980777333f,-0.6046266001367367f,-0.10484883674884746f,0f,0f,0f,1f],start_interpolation:0}
execute if entity @s[tag=aj.lexiel.bone.leftfoot] run data modify entity @s {} merge value {transformation:[-0.6136593945059308f,0.056658119592043775f,-0.787535399216383f,0.16652876111768483f,-0.06348011541216872f,0.9906528891994871f,0.12073577791179536f,0.3717795306071727f,0.7870148807245463f,0.1240834824019792f,-0.6043267881809689f,-0.058415960428202296f,0f,0f,0f,1f],start_interpolation:0}
execute if entity @s[tag=aj.lexiel.bone.lower] run data modify entity @s {} merge value {transformation:[-0.6261734649234311f,-0.11624353160367133f,-0.7709696707303672f,0f,0.022516297505653475f,0.9857150991954055f,-0.16690943521811152f,0.625f,0.7793585876683603f,-0.12187364185293849f,-0.6146112651498346f,0f,0f,0f,0f,1f],start_interpolation:0}