execute if entity @s[tag=aj.lexiel.bone.backhair] run data modify entity @s {} merge value {transformation:[-0.9420854833398129f,0.3181613172240101f,0.10605808928447608f,0.0974358619333061f,0.33154422426013f,0.9311822418421009f,0.151585157049323f,1.4976437357579286f,-0.0505308761069872f,0.17796912288428626f,-0.9827378194918815f,-0.07000982042770315f,0f,0f,0f,1f],start_interpolation:0}
execute if entity @s[tag=aj.lexiel.bone.head] run data modify entity @s {} merge value {transformation:[-0.9420854833398129f,0.3181613172240101f,0.10605808928447608f,0.0742354525487423f,0.33154422426013f,0.9311822418421009f,0.151585157049323f,1.471928650945485f,-0.0505308761069872f,0.17796912288428626f,-0.9827378194918815f,0.19381068041989485f,0f,0f,0f,1f],start_interpolation:0}
execute if entity @s[tag=aj.lexiel.bone.ring] run data modify entity @s {} merge value {transformation:[-0.8501857189846262f,0.24639791807113381f,0.4652658478814073f,0.020785926713647818f,0.36223099989942364f,0.9150698879317664f,0.17730144644759155f,0.9296400222647359f,-0.38206406000363047f,0.31927287102219515f,-0.8672323148284933f,0.05426699051757056f,0f,0f,0f,1f],start_interpolation:0}
execute if entity @s[tag=aj.lexiel.bone.bust] run data modify entity @s {} merge value {transformation:[-0.8800560370102963f,0.3149238522845693f,0.35542135414740994f,0.0304015063754422f,0.1978276786050834f,0.9235586852166053f,-0.32848677985376984f,1.3537400983496966f,-0.43170080067038985f,-0.218774592270725f,-0.8750840510929921f,0.22900950778940754f,0f,0f,0f,1f],start_interpolation:0}
execute if entity @s[tag=aj.lexiel.bone.left_wing] run data modify entity @s {} merge value {transformation:[-0.981431299030825f,0.09502137926239014f,-0.16662395615799136f,0.2097370890387586f,0.04901296771865485f,0.9640686732102208f,0.2610925551027728f,1.1379642655097852f,0.18544631103927978f,0.2480776709374654f,-0.9508244500980005f,0.054092541765378144f,0f,0f,0f,1f],start_interpolation:0}
execute if entity @s[tag=aj.lexiel.bone.right_wing] run data modify entity @s {} merge value {transformation:[-0.6994162213358165f,0.09502137926239014f,0.7083698799464875f,-0.010276920213815571f,0.24198718362012747f,0.9640686732102208f,0.10960746461023109f,1.187421185161056f,-0.6725021578373758f,0.2480776709374654f,-0.6972792244763326f,-0.05383265840221929f,0f,0f,0f,1f],start_interpolation:0}
execute if entity @s[tag=aj.lexiel.bone.body] run data modify entity @s {} merge value {transformation:[-0.8800560370102963f,0.09502137926239014f,0.4652658478814073f,0.15988440493324943f,0.1978276786050834f,0.9640686732102208f,0.17730144644759155f,0.04915110086855212f,-0.43170080067038985f,0.2480776709374654f,-0.8672323148284933f,0.5254277222807089f,0f,0f,0f,1f],start_interpolation:0}
execute if entity @s[tag=aj.lexiel.bone.sword] run data modify entity @s {} merge value {transformation:[-0.000007366727390699935f,-0.0000011480867976945117f,0.000008837682417131254f,-0.3997519988612919f,0.000006290578795607352f,0.000007452194974617731f,0.000006211667628466402f,0.7831923408413466f,-0.000006312792743102413f,0.000008765734026038084f,-0.000004123343427049429f,-0.23144039014886303f,0f,0f,0f,1f],start_interpolation:0}
execute if entity @s[tag=aj.lexiel.bone.rod] run data modify entity @s {} merge value {transformation:[-0.8132425334093426f,0.4898263524659683f,-0.3141762662644003f,-0.454978473871854f,0.3864723543108908f,0.050984923087831334f,-0.9208906867653323f,0.7752696969031689f,-0.4350582733466308f,-0.8703279163899164f,-0.2307674516586674f,-0.13524491897261798f,0f,0f,0f,1f],start_interpolation:0}
execute if entity @s[tag=aj.lexiel.bone.right_hand] run data modify entity @s {} merge value {transformation:[-0.8132425334093426f,0.29251131466471036f,0.5030643225742382f,-0.3126368426923056f,0.3864723543108908f,0.91779027177424f,0.09110508432554086f,1.172153191454452f,-0.4350582733466308f,0.26851098269845386f,-0.8594336221971765f,-0.08467415380350125f,0f,0f,0f,1f],start_interpolation:0}
execute if entity @s[tag=aj.lexiel.bone.right_arm] run data modify entity @s {} merge value {transformation:[-0.8132425334093426f,0.2481046406414057f,0.5263845259372214f,-0.2096903133228244f,0.3864723543108908f,0.9065357824444111f,0.16979986602261077f,1.4433683623961153f,-0.4350582733466308f,0.34152154022857506f,-0.8331190409254551f,0.03564689856001066f,0f,0f,0f,1f],start_interpolation:0}
execute if entity @s[tag=aj.lexiel.bone.left_hand] run data modify entity @s {} merge value {transformation:[-0.8299404962066053f,-0.12250895476904103f,0.5442337078477688f,0.43627535458178873f,-0.14574243696546707f,0.9893224662340234f,0.0004470704604876419f,1.0178454993474693f,-0.5384774041904641f,-0.07894690498066939f,-0.8389335321527401f,0.24454514732335295f,0f,0f,0f,1f],start_interpolation:0}
execute if entity @s[tag=aj.lexiel.bone.left_arm] run data modify entity @s {} merge value {transformation:[-0.8967719246797627f,-0.2189724595731397f,0.3845142091713173f,0.3678464609651826f,-0.09900606285975509f,0.9462350366849923f,0.30795625479402344f,1.3135439483115294f,-0.43127475537430204f,0.23809728536512342f,-0.8702366161444799f,0.318950548999954f,0f,0f,0f,1f],start_interpolation:0}
execute if entity @s[tag=aj.lexiel.bone.skirt_right] run data modify entity @s {} merge value {transformation:[-0.9743603745712047f,0.07903354420413981f,0.21065507199209305f,-0.23106194595765014f,0.003012122818004774f,0.9407720007527273f,-0.339026502969664f,0.7055772476911819f,-0.2249728596555391f,-0.32969947147401174f,-0.9168890177814143f,0.01684339365382998f,0f,0f,0f,1f],start_interpolation:0}
execute if entity @s[tag=aj.lexiel.bone.skirt_left] run data modify entity @s {} merge value {transformation:[-0.9776945571238798f,0.02787256909874295f,0.20817414071439422f,0.19667942278404724f,-0.045996012787249727f,0.9386820914027727f,-0.34170206040846757f,0.7257005032856036f,-0.20493345207168048f,-0.34365542505764796f,-0.9164623445894717f,0.1065017789351902f,0f,0f,0f,1f],start_interpolation:0}
execute if entity @s[tag=aj.lexiel.bone.skirt_back_middle] run data modify entity @s {} merge value {transformation:[-0.9776945571238798f,0.0004619375001040718f,0.21003128239404387f,0.04326795479412116f,-0.045996012787249727f,0.9752526048037636f,-0.21625615281686011f,0.6657911729053534f,-0.20493345207168048f,-0.22109306510431312f,-0.9534779162543642f,-0.21557766564730088f,0f,0f,0f,1f],start_interpolation:0}
execute if entity @s[tag=aj.lexiel.bone.skirt_front_middle] run data modify entity @s {} merge value {transformation:[-0.9776945571238798f,0.05480629331236625f,0.20275508177034549f,-0.03426712795775201f,-0.045996012787249727f,0.8860504671660371f,-0.4613013510087768f,0.809161762975255f,-0.20493345207168048f,-0.4603377454089622f,-0.8637658481172881f,0.12214734800384767f,0f,0f,0f,1f],start_interpolation:0}
execute if entity @s[tag=aj.lexiel.bone.skirt] run data modify entity @s {} merge value {transformation:[-0.9776945571238798f,0.03692646907228372f,0.20676022067166178f,-0.016498890291696128f,-0.045996012787249727f,0.9228838395101885f,-0.3823215735197373f,0.7329429474792089f,-0.20493345207168048f,-0.3833038672551928f,-0.9006000364030627f,0.054485638783475204f,0f,0f,0f,1f],start_interpolation:0}
execute if entity @s[tag=aj.lexiel.bone.rightupper] run data modify entity @s {} merge value {transformation:[-0.9868976709674496f,0.058008763592152256f,0.15055886020269144f,-0.13415262038142178f,-0.018210105932547786f,0.887126929534594f,-0.4611661337700863f,0.6602456272969356f,-0.16031649659641756f,-0.4578654761401362f,-0.8744471548801663f,-0.039131053514610256f,0f,0f,0f,1f],start_interpolation:0}
execute if entity @s[tag=aj.lexiel.bone.rightfoot] run data modify entity @s {} merge value {transformation:[-0.9839821105777314f,0.044554150721650004f,0.17260977294598834f,-0.13618356145371255f,0.02207967726183459f,0.9912682450075061f,-0.12999905496484387f,0.42025416650733916f,-0.17689458418788961f,-0.12410557639853165f,-0.9763739611397787f,0.18268796279767055f,0f,0f,0f,1f],start_interpolation:0}
execute if entity @s[tag=aj.lexiel.bone.leftupper] run data modify entity @s {} merge value {transformation:[-0.9786747848717765f,0.004578164850058398f,0.20536481164695122f,0.1327209065874446f,-0.08564135425745024f,0.8996249825866289f,-0.4281827286882992f,0.6716334591861093f,-0.1867116062196776f,-0.4366393604711027f,-0.8800482060604718f,0.016960063091399948f,0f,0f,0f,1f],start_interpolation:0}
execute if entity @s[tag=aj.lexiel.bone.leftfoot] run data modify entity @s {} merge value {transformation:[-0.9771924879990096f,-0.053893202344288973f,0.20540293118498346f,0.11254381669515838f,-0.12625561057433934f,0.9251825003882271f,-0.35790621924449584f,0.4598338937199877f,-0.17074648516677082f,-0.375676541344367f,-0.9108857085753009f,0.2516472273481239f,0f,0f,0f,1f],start_interpolation:0}
execute if entity @s[tag=aj.lexiel.bone.lower] run data modify entity @s {} merge value {transformation:[-0.9776945571238798f,0.03692646907228372f,0.20676022067166178f,0f,-0.045996012787249727f,0.9228838395101885f,-0.3823215735197373f,0.625f,-0.20493345207168048f,-0.3833038672551928f,-0.9006000364030627f,0f,0f,0f,0f,1f],start_interpolation:0}