execute if entity @s[tag=aj.lexiel.bone.backhair] run data modify entity @s {} merge value {transformation:[-0.958397102370091f,-0.008791482613706283f,-0.28530282859107065f,-0.07564619692866399f,0.014755422960161326f,0.9966632476336732f,-0.08027856693767124f,1.4631031424129048f,0.28505661132813553f,-0.08114850984307917f,-0.9550694465264649f,-0.25242237626729414f,0f,0f,0f,1f],start_interpolation:0}
execute if entity @s[tag=aj.lexiel.bone.head] run data modify entity @s {} merge value {transformation:[-0.958397102370091f,-0.008791482613706283f,-0.28530282859107065f,0f,0.014755422960161326f,0.9966632476336732f,-0.08027856693767124f,1.5f,0.28505661132813553f,-0.08114850984307917f,-0.9550694465264649f,0f,0f,0f,0f,1f],start_interpolation:0}
execute if entity @s[tag=aj.lexiel.bone.ring] run data modify entity @s {} merge value {transformation:[-0.3768696111424636f,0.06645228065352386f,-0.9238795325112866f,0f,0.17364817766693033f,0.984807753012208f,0f,0.9375f,0.9098437264664093f,-0.16042999720436044f,-0.38268343236509f,0f,0f,0f,0f,1f],start_interpolation:0}
execute if entity @s[tag=aj.lexiel.bone.bust] run data modify entity @s {} merge value {transformation:[-0.38268343236509f,-0.46193976625564326f,-0.8001031451912655f,0.06640384139924871f,0f,0.8660254037844387f,-0.49999999999999994f,1.390625f,0.9238795325112866f,-0.19134171618254497f,-0.331413574035592f,0.02750537170124079f,0f,0f,0f,1f],start_interpolation:0}
execute if entity @s[tag=aj.lexiel.bone.left_wing] run data modify entity @s {} merge value {transformation:[0.1677501268712771f,0f,-0.9858295465924474f,-0.06764951251827456f,0f,1f,0f,1.15625f,0.9858295465924474f,0f,0.1677501268712771f,-0.1633203706095471f,0f,0f,0f,1f],start_interpolation:0}
execute if entity @s[tag=aj.lexiel.bone.right_wing] run data modify entity @s {} merge value {transformation:[-0.6014291032633672f,0f,-0.7989261754053513f,-0.16332037060954707f,0f,1f,0f,1.15625f,0.7989261754053513f,0f,-0.6014291032633672f,0.06764951251827456f,0f,0f,0f,1f],start_interpolation:0}
execute if entity @s[tag=aj.lexiel.bone.body] run data modify entity @s {} merge value {transformation:[-0.38268343236509f,0f,-0.9238795325112866f,0.6532814824381883f,0f,1f,0f,0.21875f,0.9238795325112866f,0f,-0.38268343236509f,-0.27059805007309834f,0f,0f,0f,1f],start_interpolation:0}
execute if entity @s[tag=aj.lexiel.locator_origin.locator_right_hand] at @s on origin run tp @s ^-0.05611 ^1.35652 ^1.09841 ~-19.14378 ~-84.10386
execute if entity @s[tag=aj.lexiel.bone.sword] run data modify entity @s {} merge value {transformation:[-0.000011305013938820476f,-9.049459310844164e-8f,0.000002424845731524574f,-0.10855611456252184f,-0.000001759269281474689f,0.000008263627272235665f,-0.000007893595008031673f,1.2878866385613157f,-0.0000016712383696930652f,-0.000008086759628193557f,-0.000008093373046973964f,1.0150844668197347f,0f,0f,0f,1f],start_interpolation:0}
execute if entity @s[tag=aj.lexiel.bone.rod] run data modify entity @s {} merge value {transformation:[-0.9986935880858676f,0.04905611518581285f,-0.014304358743126609f,-0.10490313886066313f,0.02977092303827883f,0.7861040257629738f,0.6173768321055588f,1.3987127021968129f,0.041530822982752014f,0.6161444296933332f,-0.7865374959277233f,1.0234832697978715f,0f,0f,0f,1f],start_interpolation:0}
execute if entity @s[tag=aj.lexiel.bone.right_hand] run data modify entity @s {} merge value {transformation:[-0.9986935880858676f,-0.038422005278145654f,-0.033687781562191765f,-0.13879087059235348f,0.02977092303827883f,0.0983169538785792f,-0.9947097409402839f,1.3764562932578903f,0.041530822982752014f,-0.9944131566358342f,-0.09704465287655908f,0.6007643035766863f,0f,0f,0f,1f],start_interpolation:0}
execute if entity @s[tag=aj.lexiel.bone.right_arm] run data modify entity @s {} merge value {transformation:[-0.9986935880858676f,-0.038422005278145654f,-0.033687781562191765f,-0.11958857261409063f,0.02977092303827883f,0.0983169538785792f,-0.9947097409402839f,1.40625f,0.041530822982752014f,-0.9944131566358342f,-0.09704465287655908f,0.28871235390977706f,0f,0f,0f,1f],start_interpolation:0}
execute if entity @s[tag=aj.lexiel.locator_origin.locator_left_hand] at @s on origin run tp @s ^0.11926 ^0.68477 ^-0.52598 ~-70.55503 ~10.2541
execute if entity @s[tag=aj.lexiel.bone.left_hand] run data modify entity @s {} merge value {transformation:[-0.36439970361833407f,0.07882454461916663f,-0.9279006127643473f,0.12474441741425256f,-0.2472626704123306f,0.9524558629246147f,0.17801404720159264f,1.1070300792734913f,0.8978162550452256f,0.29430344942951087f,-0.3275842667627032f,-0.4074579908947231f,0f,0f,0f,1f],start_interpolation:0}
execute if entity @s[tag=aj.lexiel.bone.left_arm] run data modify entity @s {} merge value {transformation:[-0.380204403986726f,0.021769639875990815f,-0.9246462534227714f,0.1315474298754997f,-0.25812364595920523f,0.9575037463248282f,0.1286808422829366f,1.40625f,0.8881535872729588f,0.28759808510069873f,-0.35842788237047896f,-0.31758358930075475f,0f,0f,0f,1f],start_interpolation:0}
execute if entity @s[tag=aj.lexiel.bone.skirt_right] run data modify entity @s {} merge value {transformation:[-0.6248526480363805f,-0.1508869943474783f,-0.7660236831708971f,-0.07231087919786174f,-0.0027917243830002034f,0.981572943933769f,-0.19106742792052026f,0.7041559177844312f,0.7807377117296771f,-0.11725046129537352f,-0.6137596881590788f,0.2206161668018384f,0f,0f,0f,1f],start_interpolation:0}
execute if entity @s[tag=aj.lexiel.bone.skirt_left] run data modify entity @s {} merge value {transformation:[-0.6279959280593568f,-0.08494482659993163f,-0.7735667332394631f,0.20243733932810687f,0.021713280019539673f,0.9917253744788935f,-0.1265279221574884f,0.6946563577758826f,0.7779136506140383f,-0.09625569099334298f,-0.6209550661197103f,-0.11972105534180336f,0f,0f,0f,1f],start_interpolation:0}
execute if entity @s[tag=aj.lexiel.bone.skirt_back_middle] run data modify entity @s {} merge value {transformation:[-0.6279959280593568f,0.016752608285059936f,-0.7780362873648724f,-0.15866614556829506f,0.021713280019539673f,0.9997562343098488f,0.004000678615387332f,0.7132664897336386f,0.7779136506140383f,-0.014381309892979116f,-0.6282065982732924f,-0.13055208411052668f,0f,0f,0f,1f],start_interpolation:0}
execute if entity @s[tag=aj.lexiel.bone.skirt_front_middle] run data modify entity @s {} merge value {transformation:[-0.6279959280593568f,-0.18518883195064312f,-0.7558612378351092f,0.12975581486481588f,0.021713280019539673f,0.9667258185323847f,-0.25489159510208204f,0.7768912205641315f,0.7779136506140383f,-0.17648311053369142f,-0.6030788206235504f,0.10050995597106763f,0f,0f,0f,1f],start_interpolation:0}
execute if entity @s[tag=aj.lexiel.bone.skirt] run data modify entity @s {} merge value {transformation:[-0.6279959280593568f,-0.11860648493735065f,-0.7691252278216292f,0.06283935847254722f,0.021713280019539673f,0.9852624012216219f,-0.16966594888131428f,0.7178798078030624f,0.7779136506140383f,-0.12324975646957562f,-0.6161654402175848f,0.04813662279621298f,0f,0f,0f,1f],start_interpolation:0}
execute if entity @s[tag=aj.lexiel.bone.rightupper] run data modify entity @s {} merge value {transformation:[-0.595903269099926f,-0.03038341756568031f,-0.8024812407857588f,-0.08526548612548217f,-0.00836320318385596f,0.9994646168766194f,-0.031631257391666626f,0.6784041323698822f,0.803012671574071f,-0.0121378560175112f,-0.595838335241004f,0.10655531790426491f,0f,0f,0f,1f],start_interpolation:0}
execute if entity @s[tag=aj.lexiel.bone.rightfoot] run data modify entity @s {} merge value {transformation:[-0.5937321581194912f,0.2709533950357787f,-0.7576716849225373f,0.008771576823408747f,0.03523857813342749f,0.9494536012213605f,0.31192323052142856f,0.3668770162829807f,0.8038907680934678f,0.1584995799564628f,-0.5732691480689667f,0.13674784522206157f,0f,0f,0f,1f],start_interpolation:0}
execute if entity @s[tag=aj.lexiel.bone.leftupper] run data modify entity @s {} merge value {transformation:[-0.6104154128607318f,0.058769147531411874f,-0.7898982282803864f,0.0861616405207172f,-0.02127749632130693f,0.9956671935153035f,0.09052131189756259f,0.6747330855682786f,0.7917956124482878f,0.07206266062108856f,-0.6065201406811241f,-0.10470980659867599f,0f,0f,0f,1f],start_interpolation:0}
execute if entity @s[tag=aj.lexiel.bone.leftfoot] run data modify entity @s {} merge value {transformation:[-0.6152689776665328f,0.05417755322380166f,-0.7864533538919276f,0.16733825304771904f,-0.06424062194616478f,0.9908717425039332f,0.11851722406127012f,0.3721613725000203f,0.7856953783834734f,0.12344222386971777f,-0.6061722442944324f,-0.05775289033916851f,0f,0f,0f,1f],start_interpolation:0}
execute if entity @s[tag=aj.lexiel.bone.lower] run data modify entity @s {} merge value {transformation:[-0.6279959280593568f,-0.11860648493735065f,-0.7691252278216292f,0f,0.021713280019539673f,0.9852624012216219f,-0.16966594888131428f,0.625f,0.7779136506140383f,-0.12324975646957562f,-0.6161654402175848f,0f,0f,0f,0f,1f],start_interpolation:0}