execute if entity @s[tag=aj.lexiel.bone.backhair] run data modify entity @s {} merge value {transformation:[-0.9584028711595135f,-0.008785038909651724f,-0.28528364769919246f,-0.07564120268713469f,0.014744882143907772f,0.9966675982465968f,-0.08022647353537785f,1.4631169117445622f,0.28503776066297487f,-0.08109575634221752f,-0.9550795533878425f,-0.2524258851757985f,0f,0f,0f,1f],start_interpolation:0}
execute if entity @s[tag=aj.lexiel.bone.head] run data modify entity @s {} merge value {transformation:[-0.9584028711595135f,-0.008785038909651724f,-0.28528364769919246f,0f,0.014744882143907772f,0.9966675982465968f,-0.08022647353537785f,1.5f,0.28503776066297487f,-0.08109575634221752f,-0.9550795533878425f,0f,0f,0f,0f,1f],start_interpolation:0}
execute if entity @s[tag=aj.lexiel.bone.left_wing] run data modify entity @s {} merge value {transformation:[0.19060346419247182f,0f,-0.9816671123338243f,-0.06764951251827456f,0f,1f,0f,1.15625f,0.9816671123338243f,0f,0.19060346419247182f,-0.1633203706095471f,0f,0f,0f,1f],start_interpolation:0}
execute if entity @s[tag=aj.lexiel.bone.right_wing] run data modify entity @s {} merge value {transformation:[-0.6118934149489689f,0f,-0.7909402308278981f,-0.16332037060954707f,0f,1f,0f,1.15625f,0.7909402308278981f,0f,-0.6118934149489689f,0.06764951251827456f,0f,0f,0f,1f],start_interpolation:0}
execute if entity @s[tag=aj.lexiel.bone.sword] run data modify entity @s {} merge value {transformation:[-0.000011060814963790468f,1.3905663562156199e-7f,0.000003366072167806034f,-0.1570193610446958f,-0.0000023126398269741035f,0.000008087325325624037f,-0.000007933364504307947f,1.3030604189475699f,-0.000002449790933423093f,-0.000008262399081357043f,-0.000007708611551564155f,1.0165165125367301f,0f,0f,0f,1f],start_interpolation:0}
execute if entity @s[tag=aj.lexiel.bone.rod] run data modify entity @s {} merge value {transformation:[-0.9993627135345265f,-0.03171801171020565f,0.016374813893869876f,-0.158941126824175f,-0.015545883793798676f,0.799685455000852f,0.600217875906033f,1.4140828637269516f,-0.03213241811593587f,0.5995808042234437f,-0.7996689108079613f,1.0225726717218968f,0f,0f,0f,1f],start_interpolation:0}
execute if entity @s[tag=aj.lexiel.bone.right_hand] run data modify entity @s {} merge value {transformation:[-0.9993627135345265f,0.030852453234301302f,0.01795251866265197f,-0.16046004904776373f,-0.015545883793798676f,0.07654794039051915f,-0.9969447017357779f,1.3818429597594066f,-0.03213241811593587f,-0.996588450139472f,-0.07601952877141432f,0.5991421065122391f,0f,0f,0f,1f],start_interpolation:0}
execute if entity @s[tag=aj.lexiel.bone.right_arm] run data modify entity @s {} merge value {transformation:[-0.9993627135345265f,0.030852453234301302f,0.01795251866265197f,-0.11958857261409063f,-0.015545883793798676f,0.07654794039051915f,-0.9969447017357779f,1.40625f,-0.03213241811593587f,-0.996588450139472f,-0.07601952877141432f,0.28871235390977706f,0f,0f,0f,1f],start_interpolation:0}
execute if entity @s[tag=aj.lexiel.bone.left_hand] run data modify entity @s {} merge value {transformation:[-0.36833063351174605f,0.06456656335038034f,-0.9274501082613325f,0.12474435870990529f,-0.2499814250234208f,0.9539684107538534f,0.16569115373799223f,1.1070300623929423f,0.8954562142059741f,0.29287442732490054f,-0.33523534756796747f,-0.4074579302504628f,0f,0f,0f,1f],start_interpolation:0}
execute if entity @s[tag=aj.lexiel.bone.left_arm] run data modify entity @s {} merge value {transformation:[-0.38018223901685744f,0.02176982772990209f,-0.9246553626820857f,0.1315474298754997f,-0.25812648296755386f,0.9575038003425845f,0.1286747493500922f,1.40625f,0.8881622509017877f,0.28759789103906575f,-0.35840656961466477f,-0.31758358930075475f,0f,0f,0f,1f],start_interpolation:0}
execute if entity @s[tag=aj.lexiel.bone.skirt_right] run data modify entity @s {} merge value {transformation:[-0.6375019354198399f,-0.15846585783676156f,-0.7539760302794895f,-0.0770755292629269f,-0.0020200353635935926f,0.9789597357898928f,-0.2040435129067159f,0.7045048125552901f,0.7704461057031102f,-0.12855507614342798f,-0.6244088329009042f,0.21887065402741382f,0f,0f,0f,1f],start_interpolation:0}
execute if entity @s[tag=aj.lexiel.bone.skirt_left] run data modify entity @s {} merge value {transformation:[-0.6401192118188729f,-0.10107345657498158f,-0.761598024574887f,0.20297662590782997f,0.016318859411980642f,0.9892959428308788f,-0.1450076974710472f,0.6973653115625486f,0.7681022649933256f,-0.10525062410431604f,-0.6316179356523808f,-0.1171740869071661f,0f,0f,0f,1f],start_interpolation:0}
execute if entity @s[tag=aj.lexiel.bone.skirt_back_middle] run data modify entity @s {} merge value {transformation:[-0.6401192118188729f,-0.0008002689924812012f,-0.7682751813184677f,-0.15819241731491845f,0.016318859411980642f,0.9997596814911266f,-0.014638104120857365f,0.7094306534258555f,0.7681022649933256f,-0.02190750634601582f,-0.6399523198472072f,-0.1336278020890329f,0f,0f,0f,1f],start_interpolation:0}
execute if entity @s[tag=aj.lexiel.bone.skirt_front_middle] run data modify entity @s {} merge value {transformation:[-0.6401192118188729f,-0.19961724929262775f,-0.7418897144759656f,0.12548172884399378f,0.016318859411980642f,0.9619050763041407f,-0.27289616891377827f,0.7799389653846399f,0.7681022649933256f,-0.18679287450320547f,-0.6124763934609666f,0.10128187575701675f,0f,0f,0f,1f],start_interpolation:0}
execute if entity @s[tag=aj.lexiel.bone.skirt] run data modify entity @s {} merge value {transformation:[-0.6401192118188729f,-0.13419769629097317f,-0.7564643897570993f,0.06043434151699578f,0.016318859411980642f,0.9820292053763916f,-0.18802216522342513f,0.7193481096597267f,0.7681022649933256f,-0.1327012362339126f,-0.6264258075894658f,0.048360135380737995f,0f,0f,0f,1f],start_interpolation:0}
execute if entity @s[tag=aj.lexiel.bone.rightupper] run data modify entity @s {} merge value {transformation:[-0.6078838148222845f,-0.047931204196522824f,-0.7925779881761653f,-0.08782236552415654f,-0.012961320780578899f,0.99864237772761f,-0.050452012548248625f,0.6776699502481078f,0.7939201923623866f,-0.020396104304914033f,-0.607679789929247f,0.10483042180315053f,0f,0f,0f,1f],start_interpolation:0}
execute if entity @s[tag=aj.lexiel.bone.rightfoot] run data modify entity @s {} merge value {transformation:[-0.6065007373059281f,0.2515984143470771f,-0.7542248295736504f,0.01125675433910419f,0.030677670254766726f,0.9553103477109429f,0.2940085374681106f,0.3681088778166739f,0.7944908660237102f,0.15517853412902854f,-0.5871148834346313f,0.1388758689054289f,0f,0f,0f,1f],start_interpolation:0}
execute if entity @s[tag=aj.lexiel.bone.leftupper] run data modify entity @s {} merge value {transformation:[-0.6219920073750291f,0.039953887854441705f,-0.7820035994846163f,0.08685699722190277f,-0.02624503017323412f,0.9970724761559658f,0.07181695958070697f,0.6754786309958053f,0.7825836320501393f,0.06519328291722667f,-0.6191225199503623f,-0.1037742450027268f,0f,0f,0f,1f],start_interpolation:0}
execute if entity @s[tag=aj.lexiel.bone.leftfoot] run data modify entity @s {} merge value {transformation:[-0.6259872650653637f,0.03767812416534036f,-0.7789225269148191f,0.17267006826323575f,-0.06933272356935226f,0.9921876734128742f,0.103714001803053f,0.37476858013905756f,0.7767450787861111f,0.11892846457820382f,-0.618484521143924f,-0.053237113980546986f,0f,0f,0f,1f],start_interpolation:0}
execute if entity @s[tag=aj.lexiel.bone.lower] run data modify entity @s {} merge value {transformation:[-0.6401192118188729f,-0.13419769629097317f,-0.7564643897570993f,0f,0.016318859411980642f,0.9820292053763916f,-0.18802216522342513f,0.625f,0.7681022649933256f,-0.1327012362339126f,-0.6264258075894658f,0f,0f,0f,0f,1f],start_interpolation:0}