execute if entity @s[tag=aj.lexiel.bone.backhair] run data modify entity @s {} merge value {transformation:[-0.9584054287558588f,-0.008782173401213574f,-0.2852751436099014f,-0.0756389885619861f,0.014740197189476261f,0.9966695321315825f,-0.0802033060878905f,1.4631230353808482f,0.2850294032518648f,-0.08107229582886817f,-0.9550840393027843f,-0.252427443317476f,0f,0f,0f,1f],start_interpolation:0}
execute if entity @s[tag=aj.lexiel.bone.head] run data modify entity @s {} merge value {transformation:[-0.9584054287558588f,-0.008782173401213574f,-0.2852751436099014f,0f,0.014740197189476261f,0.9966695321315825f,-0.0802033060878905f,1.5f,0.2850294032518648f,-0.08107229582886817f,-0.9550840393027843f,0f,0f,0f,0f,1f],start_interpolation:0}
execute if entity @s[tag=aj.lexiel.bone.left_wing] run data modify entity @s {} merge value {transformation:[0.2412611027298046f,0f,-0.9704602414883357f,-0.06764951251827456f,0f,1f,0f,1.15625f,0.9704602414883357f,0f,0.2412611027298046f,-0.1633203706095471f,0f,0f,0f,1f],start_interpolation:0}
execute if entity @s[tag=aj.lexiel.bone.right_wing] run data modify entity @s {} merge value {transformation:[-0.6348818769025759f,0f,-0.7726092171212187f,-0.16332037060954707f,0f,1f,0f,1.15625f,0.7726092171212187f,0f,-0.6348818769025759f,0.06764951251827456f,0f,0f,0f,1f],start_interpolation:0}
execute if entity @s[tag=aj.lexiel.locator_origin.locator_right_hand] at @s on origin run tp @s ^-0.07606 ^1.36554 ^1.10023 ~-9.26146 ~-84.90139
execute if entity @s[tag=aj.lexiel.bone.sword] run data modify entity @s {} merge value {transformation:[-0.00001122692946788997f,-2.3678718554487205e-8f,0.0000027653029293933604f,-0.12517706694182631f,-0.0000019703337467104466f,0.000008181350064449588f,-0.000007929356991553902f,1.2951975679367012f,-0.0000019404241545594757f,-0.000008170456333107618f,-0.0000079479433603407f,1.0163002681434972f,0f,0f,0f,1f],start_interpolation:0}
execute if entity @s[tag=aj.lexiel.bone.rod] run data modify entity @s {} merge value {transformation:[-0.9997914749851491f,0.01989409671299644f,-0.00460776116938046f,-0.1236219526654027f,0.012967433477354684f,0.792815481128622f,0.6093237715302122f,1.4061468897482858f,0.01577505042877797f,0.6091369614452614f,-0.7929081346443635f,1.0236575851150462f,0f,0f,0f,1f],start_interpolation:0}
execute if entity @s[tag=aj.lexiel.bone.right_hand] run data modify entity @s {} merge value {transformation:[-0.9997914749851491f,-0.014575236726911078f,-0.014302762718251618f,-0.14627729473021683f,0.012967433477354684f,0.08791900913731887f,-0.9960432186914996f,1.3791805419407552f,0.01577505042877797f,-0.9960209888886211f,-0.08771167241195993f,0.6004618832633705f,0f,0f,0f,1f],start_interpolation:0}
execute if entity @s[tag=aj.lexiel.bone.right_arm] run data modify entity @s {} merge value {transformation:[-0.9997914749851491f,-0.014575236726911078f,-0.014302762718251618f,-0.11958857261409063f,0.012967433477354684f,0.08791900913731887f,-0.9960432186914996f,1.40625f,0.01577505042877797f,-0.9960209888886211f,-0.08771167241195993f,0.28871235390977706f,0f,0f,0f,1f],start_interpolation:0}
execute if entity @s[tag=aj.lexiel.locator_origin.locator_left_hand] at @s on origin run tp @s ^0.13931 ^0.68414 ^-0.52293 ~-69.15695 ~7.94603
execute if entity @s[tag=aj.lexiel.bone.left_hand] run data modify entity @s {} merge value {transformation:[-0.3771124901324241f,0.032823281524549046f,-0.9255856535059748f,0.12474432208992885f,-0.25602454364190846f,0.9567345804933876f,0.13824028190471235f,1.1070300534553623f,0.8900773016087281f,0.28910478148605917f,-0.3523929943725089f,-0.40745789772247276f,0f,0f,0f,1f],start_interpolation:0}
execute if entity @s[tag=aj.lexiel.bone.left_arm] run data modify entity @s {} merge value {transformation:[-0.3801723948549717f,0.021769944913826708f,-0.9246594073974937f,0.1315474298754997f,-0.25812771417722885f,0.9575038289428405f,0.12867206664011602f,1.40625f,0.8881661068538217f,0.28759778694949756f,-0.35839709761363453f,-0.31758358930075475f,0f,0f,0f,1f],start_interpolation:0}
execute if entity @s[tag=aj.lexiel.bone.skirt_right] run data modify entity @s {} merge value {transformation:[-0.6657442969106774f,-0.17364130901151106f,-0.7256949958044885f,-0.08764438800830456f,-0.00047747254140291084f,0.9726458211412605f,-0.23229265730198032f,0.7051250328404866f,0.7461798061800385f,-0.1543010123790897f,-0.6476163172959032f,0.2146263170908001f,0f,0f,0f,1f],start_interpolation:0}
execute if entity @s[tag=aj.lexiel.bone.skirt_left] run data modify entity @s {} merge value {transformation:[-0.6665613479244976f,-0.13550230763829418f,-0.7330314413978256f,0.20397620170866315f,0.0042307481620257785f,0.9826371342473064f,-0.18548952306863847f,0.7032740805196003f,0.7454381733068586f,-0.12674141794590482f,-0.654414656585559f,-0.11150288373095052f,0f,0f,0f,1f],start_interpolation:0}
execute if entity @s[tag=aj.lexiel.bone.skirt_back_middle] run data modify entity @s {} merge value {transformation:[-0.6665613479244976f,-0.03866326378904594f,-0.744446856052368f,-0.1565998592728195f,0.0042307481620257785f,0.9984417784874416f,-0.0556427510177559f,0.7008760195757766f,0.7454381733068586f,-0.04023887428859205f,-0.6653591231605083f,-0.14046024118614303f,0f,0f,0f,1f],start_interpolation:0}
execute if entity @s[tag=aj.lexiel.bone.skirt_front_middle] run data modify entity @s {} merge value {transformation:[-0.6665613479244976f,-0.23002286943551406f,-0.709073655546255f,0.11580885206954739f,0.0042307481620257785f,0.9500192962017161f,-0.312162517952405f,0.7864416475540592f,0.7454381733068586f,-0.2110753808028035f,-0.6322729737984102f,0.1026385397517159f,0f,0f,0f,1f],start_interpolation:0}
execute if entity @s[tag=aj.lexiel.bone.skirt] run data modify entity @s {} merge value {transformation:[-0.6665613479244976f,-0.16734772185957794f,-0.7264232302463117f,0.05502813706531219f,0.0042307481620257785f,0.9736109420711222f,-0.22817500794208714f,0.722454761843877f,0.7454381733068586f,-0.155165954602778f,-0.6482634158342905f,0.048652355031122696f,0f,0f,0f,1f],start_interpolation:0}
execute if entity @s[tag=aj.lexiel.bone.rightupper] run data modify entity @s {} merge value {transformation:[-0.6341348204908697f,-0.08573012667787423f,-0.7684551872561001f,-0.09337922645339f,-0.023306672355867912f,0.9955021828258949f,-0.09182702768017041f,0.6759560223729616f,0.7728711590328031f,-0.04032058244463002f,-0.633280681978076f,0.10079687519746465f,0f,0f,0f,1f],start_interpolation:0}
execute if entity @s[tag=aj.lexiel.bone.rightfoot] run data modify entity @s {} merge value {transformation:[-0.6344589589454941f,0.20897126786518594f,-0.7441725865823171f,0.016340335797059645f,0.020356374533633384f,0.9669445988686596f,0.254172698641246f,0.3711438714308159f,0.7726884543136684f,0.14611348988215928f,-0.61774056095161f,0.14386510326530724f,0f,0f,0f,1f],start_interpolation:0}
execute if entity @s[tag=aj.lexiel.bone.leftupper] run data modify entity @s {} merge value {transformation:[-0.6473171331357718f,-0.000885309506030274f,-0.7622202735272553f,0.08839376732796003f,-0.037336902791086445f,0.9988357005494812f,0.03054830597260893f,0.6770781161120168f,0.7613057761759424f,0.048233386102425994f,-0.6465965168683171f,-0.1016649566718488f,0f,0f,0f,1f],start_interpolation:0}
execute if entity @s[tag=aj.lexiel.bone.leftfoot] run data modify entity @s {} merge value {transformation:[-0.6494395657594718f,0.0017405652552609746f,-0.7604112182620274f,0.18395331806560905f,-0.08064113591548437f,0.9942006423586859f,0.07114836563011834f,0.3808691846772928f,0.7561251600260428f,0.10752698808284733f,-0.6455328722918936f,-0.04273383453643164f,0f,0f,0f,1f],start_interpolation:0}
execute if entity @s[tag=aj.lexiel.bone.lower] run data modify entity @s {} merge value {transformation:[-0.6665613479244976f,-0.16734772185957794f,-0.7264232302463117f,0f,0.0042307481620257785f,0.9736109420711222f,-0.22817500794208714f,0.625f,0.7454381733068586f,-0.155165954602778f,-0.6482634158342905f,0f,0f,0f,0f,1f],start_interpolation:0}