execute if entity @s[tag=aj.lexiel.bone.backhair] run data modify entity @s {} merge value {transformation:[-0.7369852310839016f,-0.017111604709025174f,0.6756922096254259f,-0.14267950563142703f,0.21471028546070947f,0.9419733581042804f,0.2580420235913638f,1.466045889269511f,-0.6408995728517759f,0.33525122759809156f,-0.690546415465596f,-0.029012438801862495f,0f,0f,0f,1f],start_interpolation:0}
execute if entity @s[tag=aj.lexiel.bone.head] run data modify entity @s {} merge value {transformation:[-0.7369852310839016f,-0.017111604709025174f,0.6756922096254259f,-0.3224276176367593f,0.21471028546070947f,0.9419733581042804f,0.2580420235913638f,1.4122218104734343f,-0.6408995728517759f,0.33525122759809156f,-0.690546415465596f,0.15965225323740662f,0f,0f,0f,1f],start_interpolation:0}
execute if entity @s[tag=aj.lexiel.bone.ring] run data modify entity @s {} merge value {transformation:[0.26443169760358864f,-0.4657004695368219f,0.8445110715530424f,-0.09027973293829261f,0.5073892657708456f,0.8118708383353023f,0.28882845227098985f,0.9129221069325617f,-0.8201414574834065f,0.3521204545804134f,0.4509758033232788f,0.04470263090647386f,0f,0f,0f,1f],start_interpolation:0}
execute if entity @s[tag=aj.lexiel.bone.bust] run data modify entity @s {} merge value {transformation:[0.3412824238158968f,0.06484048584995589f,0.9377217170296784f,-0.33798698443548797f,0.35870099114845233f,0.9131364081238235f,-0.19368918170057942f,1.2943762120001763f,-0.8688267411535309f,0.4024644227176657f,0.2883790600981139f,0.104887051920309f,0f,0f,0f,1f],start_interpolation:0}
execute if entity @s[tag=aj.lexiel.bone.left_wing] run data modify entity @s {} merge value {transformation:[-0.24334821581528532f,-0.4127073505750519f,0.8777552555472617f,-0.11765588490944201f,0.10874900815053659f,0.8876439174059959f,0.4475063453387137f,1.0983601465054402f,-0.963823271707937f,0.20435488414388048f,-0.17112504854856692f,0.2543805798725489f,0f,0f,0f,1f],start_interpolation:0}
execute if entity @s[tag=aj.lexiel.bone.right_wing] run data modify entity @s {} merge value {transformation:[0.5794362095472291f,-0.4127073505750519f,0.7027989199243698f,-0.03233527895546784f,0.4289516061681985f,0.8876439174059959f,0.16759712246294772f,1.1880353942925534f,-0.693003750806056f,0.20435488414388048f,0.6913645078359741f,0.0371738945841662f,0f,0f,0f,1f],start_interpolation:0}
execute if entity @s[tag=aj.lexiel.bone.body] run data modify entity @s {} merge value {transformation:[0.3412824238158968f,-0.4127073505750519f,0.8445110715530424f,-0.38654307239694363f,0.35870099114845233f,0.8876439174059959f,0.28882845227098985f,-0.04883668041271905f,-0.8688267411535309f,0.20435488414388048f,0.4509758033232788f,0.1067480268431858f,0f,0f,0f,1f],start_interpolation:0}
execute if entity @s[tag=aj.lexiel.locator_origin.locator_right_hand] at @s on origin run tp @s ^0.00518 ^1.44063 ^-0.88834 ~93.80904 ~-6.82836
execute if entity @s[tag=aj.lexiel.bone.sword] run data modify entity @s {} merge value {transformation:[0.0000034083746528907435f,-0.00000801372821160138f,0.00000760621776089247f,0.08220399465382575f,0.000010680899157449647f,3.530362771309538e-7f,-0.000004414200360815188f,1.473107229152179f,0.000002827150803180355f,0.000008327480518597067f,0.00000750677645853818f,-0.8022177097024352f,0f,0f,0f,1f],start_interpolation:0}
execute if entity @s[tag=aj.lexiel.bone.rod] run data modify entity @s {} merge value {transformation:[0.1144018111120485f,-0.787351852154505f,-0.6057964068258856f,-0.028118061143770023f,0.9910923449749076f,0.13230547346661026f,0.01520609821469273f,1.4861815518555854f,0.06817763083608852f,-0.6021397865941487f,0.7954743792567623f,-0.8071580127622202f,0f,0f,0f,1f],start_interpolation:0}
execute if entity @s[tag=aj.lexiel.bone.right_hand] run data modify entity @s {} merge value {transformation:[0.1144018111120485f,-0.07347860244120469f,0.9907134402023476f,0.006553045038083238f,0.9910923449749076f,-0.05999853580028699f,-0.11889549795497081f,1.468854391218305f,0.06817763083608852f,0.99549036694742f,0.0659601392393086f,-0.38427181719152115f,0f,0f,0f,1f],start_interpolation:0}
execute if entity @s[tag=aj.lexiel.bone.right_arm] run data modify entity @s {} merge value {transformation:[0.1144018111120485f,-0.5762033104598789f,0.8092601377983224f,-0.17708554607788043f,0.9910923449749076f,0.010292792040558184f,-0.13277809369074633f,1.4410992529505136f,0.06817763083608852f,0.8172415820594827f,0.5722482041968255f,-0.13101437376156055f,0f,0f,0f,1f],start_interpolation:0}
execute if entity @s[tag=aj.lexiel.locator_origin.locator_left_hand] at @s on origin run tp @s ^-0.7255 ^0.93181 ^0.01899 ~-125.02494 ~-55.19357
execute if entity @s[tag=aj.lexiel.bone.left_hand] run data modify entity @s {} merge value {transformation:[0.6846985091544348f,0.5591899025064818f,-0.4674340643304529f,-0.49545962098691965f,-0.5706709584070293f,0.012400742305299806f,-0.821085183657019f,0.9115764313385223f,-0.4533460144222041f,0.8289468466223084f,0.3276042073637544f,0.39189021854368733f,0f,0f,0f,1f],start_interpolation:0}
execute if entity @s[tag=aj.lexiel.bone.left_arm] run data modify entity @s {} merge value {transformation:[0.42054034761157694f,0.30210394969554233f,0.8554992808933782f,-0.4010521367070627f,0.010795576105574937f,0.9412009477466217f,-0.3376747421667926f,1.2057017275093416f,-0.9072096072944128f,0.15124146104562167f,0.39255158755697683f,0.4391531751204441f,0f,0f,0f,1f],start_interpolation:0}
execute if entity @s[tag=aj.lexiel.bone.skirt_right] run data modify entity @s {} merge value {transformation:[0.03557857078682414f,0.6265975177333217f,0.7785304849979905f,-0.0579503590971719f,-0.006836299602357904f,0.7791580694520659f,-0.6267902103698466f,0.6918524047593321f,-0.9993434996579074f,0.01697803222311681f,0.032004938889444424f,-0.22877615147432492f,0f,0f,0f,1f],start_interpolation:0}
execute if entity @s[tag=aj.lexiel.bone.skirt_left] run data modify entity @s {} merge value {transformation:[-0.2377725861021439f,0.7653566227824172f,0.5980747756438078f,0.046075147322516066f,-0.19221084749703918f,0.5664826383350607f,-0.8013441274317912f,0.7759446505392867f,-0.9521130118860726f,-0.30549412503032075f,0.012415803203587298f,0.18777329122583183f,0f,0f,0f,1f],start_interpolation:0}
execute if entity @s[tag=aj.lexiel.bone.skirt_back_middle] run data modify entity @s {} merge value {transformation:[-0.2377725861021439f,0.6807444676483935f,0.6928572486915351f,0.202141207930207f,-0.19221084749703918f,0.6662326984463462f,-0.7205476955936851f,0.5349722528289618f,-0.9521130118860726f,-0.3045011679567176f,-0.027565400599778998f,-0.032306383592479095f,0f,0f,0f,1f],start_interpolation:0}
execute if entity @s[tag=aj.lexiel.bone.skirt_front_middle] run data modify entity @s {} merge value {transformation:[-0.2377725861021439f,0.8368733139036892f,0.49305907736716054f,-0.009404224811596695f,-0.19221084749703918f,0.45703990322320326f,-0.8684293390749733f,0.8444563969626134f,-0.9521130118860726f,-0.30125999292568206f,0.05218456917182924f,-0.041954928350323904f,0f,0f,0f,1f],start_interpolation:0}
execute if entity @s[tag=aj.lexiel.bone.skirt] run data modify entity @s {} merge value {transformation:[-0.2377725861021439f,0.7907158281789144f,0.5641211539781432f,0.00888831589102676f,-0.19221084749703918f,0.5309893324782567f,-0.8252910510230711f,0.7438545776332768f,-0.9521130118860726f,-0.30466179258585857f,0.02572945268758617f,-0.026213838735231403f,0f,0f,0f,1f],start_interpolation:0}
execute if entity @s[tag=aj.lexiel.bone.rightupper] run data modify entity @s {} merge value {transformation:[-0.08099133830291004f,0.7583847714133649f,0.646755704735723f,0.004065556371390177f,0.018197118927589025f,0.64990436763527f,-0.7597981164699837f,0.6345363192234174f,-0.9965486781801676f,-0.04976797581676164f,-0.06643704238196835f,-0.14332695506103152f,0f,0f,0f,1f],start_interpolation:0}
execute if entity @s[tag=aj.lexiel.bone.rightfoot] run data modify entity @s {} merge value {transformation:[-0.050280219954311076f,0.4942443639817495f,0.8678677365553013f,-0.2862143029537892f,0.04922099503917844f,0.8691371913134849f,-0.4921156737222055f,0.49307395909386187f,-0.9975215251455477f,0.01797362923793507f,-0.06802760853740171f,-0.09303077321746162f,0f,0f,0f,1f],start_interpolation:0}
execute if entity @s[tag=aj.lexiel.bone.leftupper] run data modify entity @s {} merge value {transformation:[-0.27196267335256014f,0.8249260633580652f,0.49551316258550976f,0.06098275301955f,-0.21523996124759795f,0.4497302609070774f,-0.8668416530754535f,0.6768116533449672f,-0.937927536318804f,-0.3424028072563325f,0.05524720986549043f,0.11661463086259362f,0f,0f,0f,1f],start_interpolation:0}
execute if entity @s[tag=aj.lexiel.bone.leftfoot] run data modify entity @s {} merge value {transformation:[-0.3057832149337818f,0.6621297010428487f,0.6841643694768591f,-0.23865159041754308f,-0.23775819685549715f,0.6427138349314749f,-0.7282787695763894f,0.6502829794286156f,-0.9219369096054151f,-0.3853611103686833f,-0.039104338923349156f,0.2159107820885291f,0f,0f,0f,1f],start_interpolation:0}
execute if entity @s[tag=aj.lexiel.bone.lower] run data modify entity @s {} merge value {transformation:[-0.2377725861021439f,0.7907158281789144f,0.5641211539781432f,0f,-0.19221084749703918f,0.5309893324782567f,-0.8252910510230711f,0.625f,-0.9521130118860726f,-0.30466179258585857f,0.02572945268758617f,0f,0f,0f,0f,1f],start_interpolation:0}