execute if entity @s[tag=aj.lexiel.bone.backhair] run data modify entity @s {} merge value {transformation:[-0.9200604969372711f,-0.009698228846363056f,-0.3916562604284335f,-0.10388215935057822f,0.02510255523896709f,0.9961800402588513f,-0.0836372471471179f,1.4622185430975023f,0.39097128244414064f,-0.08678290008473469f,-0.9163024525542134f,-0.24203685614588893f,0f,0f,0f,1f],start_interpolation:0}
execute if entity @s[tag=aj.lexiel.bone.head] run data modify entity @s {} merge value {transformation:[-0.9200604969372711f,-0.009698228846363056f,-0.3916562604284335f,0f,0.02510255523896709f,0.9961800402588513f,-0.0836372471471179f,1.5f,0.39097128244414064f,-0.08678290008473469f,-0.9163024525542134f,0f,0f,0f,0f,1f],start_interpolation:0}
execute if entity @s[tag=aj.lexiel.bone.ring] run data modify entity @s {} merge value {transformation:[-0.3800705159676493f,0.06701668653688403f,-0.922526512690937f,0f,0.17364817766693033f,0.984807753012208f,0f,0.9375f,0.9085112620573499f,-0.16019504777820948f,-0.3859337163066971f,0f,0f,0f,0f,1f],start_interpolation:0}
execute if entity @s[tag=aj.lexiel.bone.bust] run data modify entity @s {} merge value {transformation:[-0.3859337163066971f,-0.46126325634546844f,-0.7989313956550188f,0.06630659309966114f,0f,0.8660254037844387f,-0.49999999999999994f,1.390625f,0.922526512690937f,-0.19296685815334852f,-0.33422840249853636f,0.02773898585954393f,0f,0f,0f,1f],start_interpolation:0}
execute if entity @s[tag=aj.lexiel.bone.left_wing] run data modify entity @s {} merge value {transformation:[0.17555197528580763f,0f,-0.9844701640848497f,-0.06707409954803001f,0f,1f,0f,1.15625f,0.9844701640848497f,0f,0.17555197528580763f,-0.16355752862470427f,0f,0f,0f,1f],start_interpolation:0}
execute if entity @s[tag=aj.lexiel.bone.right_wing] run data modify entity @s {} merge value {transformation:[-0.6093908261165644f,0f,-0.792869990001495f,-0.1635575286247043f,0f,1f,0f,1.15625f,0.792869990001495f,0f,-0.6093908261165644f,0.06707409954803001f,0f,0f,0f,1f],start_interpolation:0}
execute if entity @s[tag=aj.lexiel.bone.body] run data modify entity @s {} merge value {transformation:[-0.3859337163066971f,0f,-0.922526512690937f,0.6542301144988171f,0f,1f,0f,0.21875f,0.922526512690937f,0f,-0.3859337163066971f,-0.2682963981921199f,0f,0f,0f,1f],start_interpolation:0}
execute if entity @s[tag=aj.lexiel.bone.sword] run data modify entity @s {} merge value {transformation:[-0.000011517409480278119f,9.885225516417337e-7f,2.520084889352115e-7f,-0.08869583974612154f,3.499870338270293e-7f,0.000006511863797408395f,-0.000009548012631440897f,1.3625174083454739f,-9.582244986184866e-7f,-0.000009503149967189703f,-0.000006516391084131592f,1.023557081553167f,0f,0f,0f,1f],start_interpolation:0}
execute if entity @s[tag=aj.lexiel.bone.rod] run data modify entity @s {} merge value {transformation:[-0.9677931468905853f,0.2514851042210433f,0.011474632305601265f,-0.06262649083259446f,0.2429974673776336f,0.9212752211307519f,0.30365144125878996f,1.4698460724238824f,0.0657925199371f,0.29666009048305664f,-0.9527140888193638f,1.010624664213316f,0f,0f,0f,1f],start_interpolation:0}
execute if entity @s[tag=aj.lexiel.bone.right_hand] run data modify entity @s {} merge value {transformation:[-0.9677931468905853f,-0.08667012942886905f,-0.23635717356661898f,-0.1293023260081558f,0.2429974673776336f,-0.07623957251765831f,-0.967026244954283f,1.3794800293495943f,0.0657925199371f,-0.9933155673033156f,0.09484475775296446f,0.6010842367014277f,0f,0f,0f,1f],start_interpolation:0}
execute if entity @s[tag=aj.lexiel.bone.right_arm] run data modify entity @s {} merge value {transformation:[-0.9779050754331717f,-0.0699567806239157f,-0.19699673166522255f,-0.12060428634584285f,0.18920233640044964f,0.10458413972134295f,-0.9763527198811697f,1.40625f,0.08890522674541401f,-0.9920525220790902f,-0.08903737470221461f,0.2882895352159178f,0f,0f,0f,1f],start_interpolation:0}
execute if entity @s[tag=aj.lexiel.bone.left_hand] run data modify entity @s {} merge value {transformation:[-0.3693480390051822f,0.08816972079093942f,-0.9250989819574302f,0.12072367831282232f,-0.2508651075947943f,0.9490697759016974f,0.1906128491507169f,1.1080476698912418f,0.894789765182011f,0.3024775376875934f,-0.32841835411555764f,-0.40979551912265993f,0f,0f,0f,1f],start_interpolation:0}
execute if entity @s[tag=aj.lexiel.bone.left_arm] run data modify entity @s {} merge value {transformation:[-0.38337321169764477f,0.03821131733633534f,-0.922802728528722f,0.13266471498042712f,-0.2600731493868618f,0.9542474563480264f,0.14755930679330406f,1.40625f,0.8862205919073601f,0.29656649723248113f,-0.35589517445256935f,-0.3171184887375096f,0f,0f,0f,1f],start_interpolation:0}
execute if entity @s[tag=aj.lexiel.bone.skirt_right] run data modify entity @s {} merge value {transformation:[-0.6963540064228638f,-0.14337542225463268f,-0.7032315308859038f,-0.09354922307816932f,-0.0024056394032233516f,0.9803033712382287f,-0.19748294416993334f,0.7043333498951696f,0.7176944409969246f,-0.13582631789262756f,-0.6829830896368102f,0.212416520263565f,0f,0f,0f,1f],start_interpolation:0}
execute if entity @s[tag=aj.lexiel.bone.skirt_left] run data modify entity @s {} merge value {transformation:[-0.6990226083059612f,-0.0838064575483448f,-0.7101717191991865f,0.2122731680556887f,0.019058476068934963f,0.9905727435938835f,-0.13565549800437932f,0.6959952666150105f,0.7148455550446269f,-0.10836105076125742f,-0.6908355195781812f,-0.10032841006845927f,0f,0f,0f,1f],start_interpolation:0}
execute if entity @s[tag=aj.lexiel.bone.skirt_back_middle] run data modify entity @s {} merge value {transformation:[-0.6990226083059612f,0.009606528643188686f,-0.7150350394802749f,-0.14632458238956064f,0.019058476068934963f,0.9998048520613392f,-0.005199258075267971f,0.7113772586935121f,0.7148455550446269f,-0.01726187712941442f,-0.6990692812811248f,-0.14538862195548444f,0f,0f,0f,1f],start_interpolation:0}
execute if entity @s[tag=aj.lexiel.bone.skirt_front_middle] run data modify entity @s {} merge value {transformation:[-0.6990226083059612f,-0.17578549201568636f,-0.6931571639058013f,0.11836549514099934f,0.019058476068934963f,0.9643916608448864f,-0.2637906347518262f,0.7784027187855527f,0.7148455550446269f,-0.1976061367712162f,-0.6707813705994635f,0.1116556360163995f,0f,0f,0f,1f],start_interpolation:0}
execute if entity @s[tag=aj.lexiel.bone.skirt] run data modify entity @s {} merge value {transformation:[-0.6990226083059612f,-0.11470394768640527f,-0.70584020674816f,0.05721127346963958f,0.019058476068934963f,0.9837127281192403f,-0.17873456024544165f,0.7186089219073258f,0.7148455550446269f,-0.1383917371859895f,-0.6854513545916905f,0.053449210025315545f,0f,0f,0f,1f],start_interpolation:0}
execute if entity @s[tag=aj.lexiel.bone.rightupper] run data modify entity @s {} merge value {transformation:[-0.6683042410359739f,-0.05804311079567393f,-0.741620144482667f,-0.09568700612349099f,-0.010677281283159753f,0.9975970343519862f,-0.06845547981368905f,0.677081856276668f,0.7438114257509971f,-0.03783060059374187f,-0.6673180715228576f,0.0975654004143782f,0f,0f,0f,1f],start_interpolation:0}
execute if entity @s[tag=aj.lexiel.bone.rightfoot] run data modify entity @s {} merge value {transformation:[-0.6674891749424796f,0.22722782609595044f,-0.709102049342911f,0.00407657685729762f,0.032979674535696994f,0.9603882964724073f,0.27670681427523075f,0.369288254532096f,0.7438887970672278f,0.16131284836161075f,-0.648542691386879f,0.14354396288919472f,0f,0f,0f,1f],start_interpolation:0}
execute if entity @s[tag=aj.lexiel.bone.leftupper] run data modify entity @s {} merge value {transformation:[-0.6834921548403379f,0.019894984507211465f,-0.7296866888351259f,0.09501139996795419f,-0.02351520315260281f,0.9985095770823761f,0.049250986746117185f,0.6740215277434249f,0.7295789946896798f,0.05082139378482461f,-0.6820056278663426f,-0.09665008297236016f,0f,0f,0f,1f],start_interpolation:0}
execute if entity @s[tag=aj.lexiel.bone.leftfoot] run data modify entity @s {} merge value {transformation:[-0.6863655084839644f,0.011872734863185503f,-0.7271598358892065f,0.18079102165452848f,-0.0667502606559761f,0.9946178183353425f,0.0792451774696912f,0.375582029123437f,0.724186986534492f,0.10292926511304792f,-0.6818788564821316f,-0.03404051404092416f,0f,0f,0f,1f],start_interpolation:0}
execute if entity @s[tag=aj.lexiel.bone.lower] run data modify entity @s {} merge value {transformation:[-0.6990226083059612f,-0.11470394768640527f,-0.70584020674816f,0f,0.019058476068934963f,0.9837127281192403f,-0.17873456024544165f,0.625f,0.7148455550446269f,-0.1383917371859895f,-0.6854513545916905f,0f,0f,0f,0f,1f],start_interpolation:0}