execute if entity @s[tag=aj.tultaria.bone.head] run data modify entity @s {} merge value {transformation:[-0.9659258262890682f,-0.06698729810778067f,0.25f,0f,1.3877787807814457e-17f,0.9659258262890683f,0.25881904510252074f,1.625f,-0.25881904510252074f,0.24999999999999997f,-0.9330127018922192f,0f,0f,0f,0f,1f],start_interpolation:0}
execute if entity @s[tag=aj.tultaria.bone.bust] run data modify entity @s {} merge value {transformation:[-0.7071067811865475f,0.3535533905932737f,0.6123724356957945f,-0.050823299897783114f,0f,0.8660254037844387f,-0.49999999999999994f,1.515625f,-0.7071067811865475f,-0.3535533905932737f,-0.6123724356957945f,0.050823299897783114f,0f,0f,0f,1f],start_interpolation:0}
execute if entity @s[tag=aj.tultaria.bone.left_wing] run data modify entity @s {} merge value {transformation:[-0.9238795325112866f,0f,0.3826834323650897f,0.13258252147247768f,0f,1f,0f,1.40625f,-0.3826834323650897f,0f,-0.9238795325112866f,-0.04419417382415913f,0f,0f,0f,1f],start_interpolation:0}
execute if entity @s[tag=aj.tultaria.bone.right_wing] run data modify entity @s {} merge value {transformation:[-0.3826834323650897f,0f,0.9238795325112866f,0.04419417382415919f,0f,1f,0f,1.40625f,-0.9238795325112866f,0f,-0.3826834323650897f,-0.13258252147247762f,0f,0f,0f,1f],start_interpolation:0}
execute if entity @s[tag=aj.tultaria.bone.body] run data modify entity @s {} merge value {transformation:[-0.7071067811865475f,0f,0.7071067811865475f,0f,0f,1f,0f,0.34375f,-0.7071067811865475f,0f,-0.7071067811865475f,0.7071067811865475f,0f,0f,0f,1f],start_interpolation:0}
execute if entity @s[tag=aj.tultaria.locator_origin.locator_right_hand] at @s on origin run tp @s ^-0.7671 ^1.54675 ^-0.3992 ~-11.43467 ~16.30124
execute if entity @s[tag=aj.tultaria.bone.right_ring] run data modify entity @s {} merge value {transformation:[-0.06314249372484493f,0.9796970371579183f,-0.19028068969342135f,-0.4895848826403173f,0.9527729338984343f,0.1159234646677977f,0.28068752514136336f,1.5495754880826378f,0.29704673355682176f,-0.1635709806885377f,-0.940748517064902f,-0.45448208595565875f,0f,0f,0f,1f],start_interpolation:0}
execute if entity @s[tag=aj.tultaria.bone.sword] run data modify entity @s {} merge value {transformation:[-0.8009269377460214f,0.5896308731503714f,-0.10417040760557293f,-0.6772378143483373f,0.542706211089939f,0.788372161984622f,0.289722803127568f,1.5471126581299226f,0.25295455883850565f,0.17551287028484136f,-0.9514248386116443f,-0.4338703674438717f,0f,0f,0f,1f],start_interpolation:0}
execute if entity @s[tag=aj.tultaria.bone.right_hand] run data modify entity @s {} merge value {transformation:[-0.06314249372484497f,0.9796970371579183f,-0.19028068969342132f,-0.3543460352431508f,0.9527729338984344f,0.1159234646677977f,0.28068752514136314f,1.594002984918984f,0.29704673355682154f,-0.1635709806885377f,-0.9407485170649021f,-0.5682352251630773f,0f,0f,0f,1f],start_interpolation:0}
execute if entity @s[tag=aj.tultaria.bone.right_arm] run data modify entity @s {} merge value {transformation:[-0.06314249372484497f,0.5507102594973845f,0.8323047732474753f,-0.24306795603287568f,0.9527729338984344f,-0.2149594701586266f,0.21451378188753292f,1.5f,0.29704673355682154f,0.8065423958313946f,-0.5111287526737041f,-0.24306795603287568f,0f,0f,0f,1f],start_interpolation:0}
execute if entity @s[tag=aj.tultaria.locator_origin.locator_left_hand] at @s on origin run tp @s ^0.19943 ^1.27573 ^0.99324 ~92.96756 ~-15.49453
execute if entity @s[tag=aj.tultaria.bone.left_ring] run data modify entity @s {} merge value {transformation:[-0.23177650791375953f,0.14190047810233355f,0.9623637070742183f,0.23209841360584488f,-0.9026628476741618f,0.3373908735554022f,-0.2671463678777899f,1.3424102402434763f,-0.362600929132946f,-0.9306082165744355f,0.04988901117553359f,0.7201795782969413f,0f,0f,0f,1f],start_interpolation:0}
execute if entity @s[tag=aj.tultaria.bone.left_hand] run data modify entity @s {} merge value {transformation:[-0.2317765079137593f,0.14190047810233355f,0.9623637070742184f,0.34449196084754247f,-0.9026628476741619f,0.3373908735554022f,-0.26714636787778967f,1.3700825922479651f,-0.362600929132946f,-0.9306082165744355f,0.04988901117553368f,0.579449139254892f,0f,0f,0f,1f],start_interpolation:0}
execute if entity @s[tag=aj.tultaria.bone.left_arm] run data modify entity @s {} merge value {transformation:[-0.2317765079137593f,-0.027368012994912427f,0.9723839993767962f,0.24306795603287568f,-0.9026628476741619f,0.3786546280252392f,-0.20450050392074945f,1.53125f,-0.362600929132946f,-0.9251333225756048f,-0.11246733593424452f,0.24306795603287568f,0f,0f,0f,1f],start_interpolation:0}
execute if entity @s[tag=aj.tultaria.bone.leftfoot] run data modify entity @s {} merge value {transformation:[-0.3826834323650897f,0.23911761839433446f,0.8923991008325227f,-0.1741110925386627f,0f,0.9659258262890683f,-0.25881904510252074f,0.4934007278992256f,-0.9238795325112866f,-0.09904576054128761f,-0.36964381061438606f,0.20741820092566032f,0f,0f,0f,1f],start_interpolation:0}
execute if entity @s[tag=aj.tultaria.bone.leftleg] run data modify entity @s {} merge value {transformation:[-0.3826834323650897f,0.23911761839433446f,0.8923991008325227f,0.06804529381932062f,0f,0.9659258262890683f,-0.25881904510252074f,0.84375f,-0.9238795325112866f,-0.09904576054128761f,-0.36964381061438606f,0.1071137414809245f,0f,0f,0f,1f],start_interpolation:0}
execute if entity @s[tag=aj.tultaria.bone.rightfoot] run data modify entity @s {} merge value {transformation:[-0.35355339059327373f,0.1464466094067262f,0.9238795325112866f,-0.3558173467817501f,0.3826834323650897f,0.9238795325112867f,0f,0.5544463610428896f,-0.8535533905932736f,0.3535533905932736f,-0.3826834323650898f,-0.11762149015582535f,0f,0f,0f,1f],start_interpolation:0}
execute if entity @s[tag=aj.tultaria.bone.rightleg] run data modify entity @s {} merge value {transformation:[-0.35355339059327373f,0.4888524156298229f,0.797510699447278f,-0.02762556427195182f,0.3826834323650897f,0.8535533905932737f,-0.35355339059327373f,0.84375f,-0.8535533905932736f,0.18019413181236782f,-0.48885241562982296f,-0.12385614164689716f,0f,0f,0f,1f],start_interpolation:0}
execute if entity @s[tag=aj.tultaria.bone.skirt_right_back] run data modify entity @s {} merge value {transformation:[-0.14594862854290408f,0.46476232007664114f,0.8733241000129465f,0.10479131157346275f,0.4190780399360754f,0.8287022828362256f,-0.37097994941150897f,0.8660961453166582f,-0.8961431773270285f,0.31184693722883694f,-0.3157196437841826f,-0.25655640908949445f,0f,0f,0f,1f],start_interpolation:0}
execute if entity @s[tag=aj.tultaria.bone.skirt_right] run data modify entity @s {} merge value {transformation:[-0.14594862854290408f,0.46476232007664114f,0.8733241000129465f,-0.17443963120193426f,0.4190780399360754f,0.8287022828362256f,-0.37097994941150897f,0.9317365521593834f,-0.8961431773270285f,0.31184693722883694f,-0.3157196437841826f,-0.21525516714346504f,0f,0f,0f,1f],start_interpolation:0}
execute if entity @s[tag=aj.tultaria.bone.skirt_left_back] run data modify entity @s {} merge value {transformation:[-0.4514268527293089f,0.20617270782914965f,0.8681627791959908f,0.2281436263267823f,-0.24321034680169396f,0.9076733711903687f,-0.34202014332566866f,0.825941860411765f,-0.8585234556163917f,-0.36554324748011313f,-0.3596047974904981f,0.07517954362059534f,0f,0f,0f,1f],start_interpolation:0}
execute if entity @s[tag=aj.tultaria.bone.skirt_left] run data modify entity @s {} merge value {transformation:[-0.4514268527293089f,0.20617270782914965f,0.8681627791959908f,-0.014805860413621072f,-0.24321034680169396f,0.9076733711903687f,-0.34202014332566866f,0.8730057633602641f,-0.8585234556163917f,-0.36554324748011313f,-0.3596047974904981f,0.22599370387031725f,0f,0f,0f,1f],start_interpolation:0}
execute if entity @s[tag=aj.tultaria.bone.skirt_back_middle] run data modify entity @s {} merge value {transformation:[-0.3826834323650897f,0.23911761839433443f,0.8923991008325227f,0.11712126346916568f,0f,0.9659258262890684f,-0.25881904510252063f,0.8569196458068934f,-0.9238795325112866f,-0.0990457605412876f,-0.3696438106143861f,-0.04851321577120096f,0f,0f,0f,1f],start_interpolation:0}
execute if entity @s[tag=aj.tultaria.bone.skirt_front_middle] run data modify entity @s {} merge value {transformation:[-0.3826834323650897f,0.3904483620877299f,0.8373192145987589f,-0.15417960502958145f,0f,0.90630778703665f,-0.4226182617406994f,0.963800940596165f,-0.9238795325112866f,-0.16172900698309872f,-0.34682897472239405f,0.0638632834445797f,0f,0f,0f,1f],start_interpolation:0}
execute if entity @s[tag=aj.tultaria.bone.lower] run data modify entity @s {} merge value {transformation:[-0.3826834323650897f,0f,0.9238795325112866f,0f,0f,1f,0f,0.9375f,-0.9238795325112866f,0f,-0.3826834323650897f,0f,0f,0f,0f,1f],start_interpolation:0}