execute if entity @s[tag=aj.frestchika_v2.bone.hair] run data modify entity @s {} merge value {transformation:[-0.9999380996910633f,0.010895039137559617f,-0.0022571903810275486f,0.0004462001044865686f,0.008408614775000395f,0.8728285047629911f,0.4879546049283343f,1.4596289167787753f,0.007286424623284313f,0.48790542054315433f,-0.8728660885959639f,-0.25280639559245327f,0f,0f,0f,1f],start_interpolation:0}
execute if entity @s[tag=aj.frestchika_v2.bone.side_hair_2] run data modify entity @s {} merge value {transformation:[-0.9999380996910633f,0.011124424858742736f,-0.00020966112502267677f,0.49211457996951335f,0.008408614775000395f,0.767894675590527f,0.6405209304911783f,1.740588377658244f,0.007286424623284313f,0.6404795190880668f,-0.7679406836761077f,0.007415958239682385f,0f,0f,0f,1f],start_interpolation:0}
execute if entity @s[tag=aj.frestchika_v2.bone.side_hair_1] run data modify entity @s {} merge value {transformation:[-0.9999380996910633f,0.010971242768647842f,-0.001851652866104099f,0.33810399964837684f,0.008408614775000395f,0.8541350371022755f,0.5199833012625118f,2.0727128917074538f,0.007286424623284313f,0.5199355442998737f,-0.8541744188336498f,0.2099324133849707f,0f,0f,0f,1f],start_interpolation:0}
execute if entity @s[tag=aj.frestchika_v2.bone.head] run data modify entity @s {} merge value {transformation:[-0.9999380996910633f,0.010041085117575522f,-0.004793057050230309f,0.0035828156864319838f,0.008408614775000395f,0.9640851179129799f,0.2654603183458523f,1.556695863872254f,0.007286424623284313f,0.2654035832998063f,-0.9641098723630166f,0.06562451928492315f,0f,0f,0f,1f],start_interpolation:0}
execute if entity @s[tag=aj.frestchika_v2.bone.group] run data modify entity @s {} merge value {transformation:[0.000007138721529597868f,8.031769319697778e-7f,-0.000006956548119491984f,0.04595700771995588f,-0.000001765213280561559f,0.000009819609925635006f,-6.777041998538877e-7f,1.3406390153360348f,0.000006776627258229934f,0.0000017117732689588642f,0.000007151723937533725f,0.6057400664282856f,0f,0f,0f,1f],start_interpolation:0}
execute if entity @s[tag=aj.frestchika_v2.bone.group2] run data modify entity @s {} merge value {transformation:[0.000007138721529597868f,8.031769319697778e-7f,-0.000006956548119491984f,0.04595700771995588f,-0.000001765213280561559f,0.000009819609925635006f,-6.777041998538877e-7f,1.3406390153360348f,0.000006776627258229934f,0.0000017117732689588642f,0.000007151723937533725f,0.6057400664282856f,0f,0f,0f,1f],start_interpolation:0}
execute if entity @s[tag=aj.frestchika_v2.bone.group3] run data modify entity @s {} merge value {transformation:[0.000007138721529597868f,8.031769319697778e-7f,-0.000006956548119491984f,0.04595700771995588f,-0.000001765213280561559f,0.000009819609925635006f,-6.777041998538877e-7f,1.3406390153360348f,0.000006776627258229934f,0.0000017117732689588642f,0.000007151723937533725f,0.6057400664282856f,0f,0f,0f,1f],start_interpolation:0}
execute if entity @s[tag=aj.frestchika_v2.locator_origin.muzzle] at @s on origin run tp @s ^0.04596 ^1.34064 ^0.60575 ~-135.79259 ~-3.88594
execute if entity @s[tag=aj.frestchika_v2.bone.gun] run data modify entity @s {} merge value {transformation:[0.000007138721529597868f,8.031769319697778e-7f,-0.000006956548119491984f,0.04595423206127131f,-0.000001765213280561559f,0.000009819609925635006f,-6.777041998538877e-7f,1.3406404560946796f,0.000006776627258229934f,0.0000017117732689588642f,0.000007151723937533725f,0.605744057410772f,0f,0f,0f,1f],start_interpolation:0}
execute if entity @s[tag=aj.frestchika_v2.bone.sword] run data modify entity @s {} merge value {transformation:[0.0000075127191505335f,8.452553714356744e-7f,-0.0000073210016754721685f,0.000017285970483839997f,-0.0000018576928043301791f,0.000010334059289639023f,-7.132091228842329e-7f,1.3400136858658578f,0.0000071316547602885994f,0.000001801453070519619f,0.000007526402754621117f,0.6309146716308993f,0f,0f,0f,1f],start_interpolation:0}
execute if entity @s[tag=aj.frestchika_v2.bone.arm_right_1] run data modify entity @s {} merge value {transformation:[0.7138721529597867f,0.08031769319697778f,-0.6956548119491983f,-0.21191172102706662f,-0.1765213280561559f,0.9819609925635006f,-0.06777041998538877f,1.3924166973490426f,0.6776627258229934f,0.1711773268958864f,0.7151723937533725f,0.4297350355467313f,0f,0f,0f,1f],start_interpolation:0}
execute if entity @s[tag=aj.frestchika_v2.bone.arm_right_0] run data modify entity @s {} merge value {transformation:[0.14286503967255548f,0.08031769319697778f,-0.9864779007148993f,-0.24698965026587055f,-0.18129980296082263f,0.9819609925635006f,0.053693486849634584f,1.4593973705809204f,0.9729953555314258f,0.1711773268958864f,0.15484947811036623f,0.06195834950787725f,0f,0f,0f,1f],start_interpolation:0}
execute if entity @s[tag=aj.frestchika_v2.bone.arm_left_1] run data modify entity @s {} merge value {transformation:[0.4917545282997611f,-0.07207733444106879f,0.8677455512744214f,0.2470163793828655f,0.19098346173327416f,0.9812293121588287f,-0.02672740736934688f,1.3849554264399766f,-0.8495309301261811f,0.17886837288962615f,0.4962895363986262f,0.42789675783960507f,0f,0f,0f,1f],start_interpolation:0}
execute if entity @s[tag=aj.frestchika_v2.bone.arm_left_0] run data modify entity @s {} merge value {transformation:[0.04420825654441742f,-0.07207733444106879f,0.996418831572935f,0.2522444466059708f,0.18230149944477902f,0.9812293121588287f,0.06289038289354941f,1.457089896431719f,-0.98224833588736f,0.17886837288962615f,0.056518243305409555f,0.034290945443343386f,0f,0f,0f,1f],start_interpolation:0}
execute if entity @s[tag=aj.frestchika_v2.bone.right_wing_0] run data modify entity @s {} merge value {transformation:[-0.9985129789397631f,0.009554175163818623f,-0.053670742735490926f,-0.23027038870442668f,0f,0.9845223036593437f,0.17525933241142722f,1.3203496642838162f,0.05451450163800619f,0.1749987180931284f,-0.9830582982595293f,-0.5353020005695053f,0f,0f,0f,1f],start_interpolation:0}
execute if entity @s[tag=aj.frestchika_v2.bone.right_wing_1] run data modify entity @s {} merge value {transformation:[-0.9985129789397631f,0.009554175163818623f,-0.053670742735490926f,0.20846600571740959f,0f,0.9845223036593437f,0.17525933241142722f,1.9854474853983937f,0.05451450163800619f,0.1749987180931284f,-0.9830582982595293f,0.16330081187714443f,0f,0f,0f,1f],start_interpolation:0}
execute if entity @s[tag=aj.frestchika_v2.bone.right_wing_2] run data modify entity @s {} merge value {transformation:[-0.9985129789397631f,0.009554175163818623f,-0.053670742735490926f,0.2145275710514615f,0f,0.9845223036593437f,0.17525933241142722f,1.9669876922047809f,0.05451450163800619f,0.1749987180931284f,-0.9830582982595293f,0.15967887027766067f,0f,0f,0f,1f],start_interpolation:0}
execute if entity @s[tag=aj.frestchika_v2.bone.left_wing_0] run data modify entity @s {} merge value {transformation:[-0.9985129789397631f,0.009554175163818623f,-0.053670742735490926f,-0.23027038870442668f,0f,0.9845223036593437f,0.17525933241142722f,1.3203496642838162f,0.05451450163800619f,0.1749987180931284f,-0.9830582982595293f,-0.5353020005695053f,0f,0f,0f,1f],start_interpolation:0}
execute if entity @s[tag=aj.frestchika_v2.bone.left_wing_1] run data modify entity @s {} merge value {transformation:[-0.9985129789397631f,0.009554175163818623f,-0.053670742735490926f,0.245790815238103f,0f,0.9845223036593437f,0.17525933241142722f,1.973140956602652f,0.05451450163800619f,0.1749987180931284f,-0.9830582982595293f,0.15906903408955508f,0f,0f,0f,1f],start_interpolation:0}
execute if entity @s[tag=aj.frestchika_v2.bone.left_wing_2] run data modify entity @s {} merge value {transformation:[-0.9985129789397631f,0.009554175163818623f,-0.053670742735490926f,0.2897743260405869f,0f,0.9845223036593437f,0.17525933241142722f,2.0039072785920062f,0.05451450163800619f,0.1749987180931284f,-0.9830582982595293f,0.1621527345833025f,0f,0f,0f,1f],start_interpolation:0}
execute if entity @s[tag=aj.frestchika_v2.bone.leg_right_1] run data modify entity @s {} merge value {transformation:[-0.9976883582033584f,-0.027787768366639688f,-0.0620143518444658f,-0.09653955320959035f,-0.0023896543834161436f,0.9263556976473122f,-0.37664228518355336f,1.1331713422160192f,0.06791339674478843f,-0.3756234302670206f,-0.9242806982605564f,0.4164443583038018f,0f,0f,0f,1f],start_interpolation:0}
execute if entity @s[tag=aj.frestchika_v2.bone.leg_right_0] run data modify entity @s {} merge value {transformation:[-0.9976883582033584f,-0.06620231183104618f,0.015336029920163283f,-0.11621197311147864f,-0.0023896543834161436f,-0.19135955883078315f,-0.9815170955189805f,0.9841418059435103f,0.06791339674478843f,-0.9792848273879836f,0.19075900343174368f,0.1222008900598496f,0f,0f,0f,1f],start_interpolation:0}
execute if entity @s[tag=aj.frestchika_v2.bone.leg_left_1] run data modify entity @s {} merge value {transformation:[-0.9976883582033584f,-0.0583323781973305f,-0.03486077393476545f,0.1638244995930273f,-0.0023896543834161436f,0.5427930237518541f,-0.8398630977238177f,0.7748359221205842f,0.06791339674478843f,-0.83783832988242f,-0.5416776749344782f,0.5475802901718424f,0f,0f,0f,1f],start_interpolation:0}
execute if entity @s[tag=aj.frestchika_v2.bone.leg_left_0] run data modify entity @s {} merge value {transformation:[-0.9976883582033584f,-0.06165677045387018f,-0.028572409115893305f,0.14070321067282598f,-0.0023896543834161436f,0.45202994781408845f,-0.8919995604433448f,0.9443471525508673f,0.06791339674478843f,-0.8898692987941496f,-0.45113235486517006f,0.21387930312403633f,0f,0f,0f,1f],start_interpolation:0}
execute if entity @s[tag=aj.frestchika_v2.bone.body_0] run data modify entity @s {} merge value {transformation:[-0.9976883582033584f,-0.04431271430455778f,-0.05152012477129555f,-0.000625101966802977f,-0.0023896543834161436f,0.7805545405842889f,-0.6250831134538651f,1.2367563984720487f,0.06791339674478843f,-0.6235150299104365f,-0.7788560701556948f,-0.011449658499278793f,0f,0f,0f,1f],start_interpolation:0}
execute if entity @s[tag=aj.frestchika_v2.bone.body_1] run data modify entity @s {} merge value {transformation:[-0.9985129789397631f,0.009554175163818623f,-0.053670742735490926f,0f,0f,0.9845223036593437f,0.17525933241142722f,1.1875f,0.05451450163800619f,0.1749987180931284f,-0.9830582982595293f,0f,0f,0f,0f,1f],start_interpolation:0}