execute if entity @s[tag=aj.frestchika_v2.bone.hair] run data modify entity @s {} merge value {transformation:[-0.99997469439349f,0.006938189014154842f,-0.0015722931820195292f,0.00025229489354095273f,0.005338283075794983f,0.8778947299862816f,0.47882391940682756f,1.4581298817953114f,0.004702478755831321f,0.4788034091310518f,-0.8779095523446783f,-0.2535706104462468f,0f,0f,0f,1f],start_interpolation:0}
execute if entity @s[tag=aj.frestchika_v2.bone.side_hair_2] run data modify entity @s {} merge value {transformation:[-0.99997469439349f,0.0071080594228548075f,-0.0002933664730828125f,0.4903848401223535f,0.005338283075794983f,0.7769803946670018f,0.6295021596761308f,1.740881404453708f,0.004702478755831321f,0.6294846636689027f,-0.776998677540187f,0.008282663828668657f,0f,0f,0f,1f],start_interpolation:0}
execute if entity @s[tag=aj.frestchika_v2.bone.side_hair_1] run data modify entity @s {} merge value {transformation:[-0.99997469439349f,0.006990706819729299f,-0.0013193145216188302f,0.33482686611555873f,0.005338283075794983f,0.8599285440582635f,0.5103865220082108f,2.0747637173652915f,0.004702478755831321f,0.5103665634933345f,-0.8599441014168043f,0.20668423674482087f,0f,0f,0f,1f],start_interpolation:0}
execute if entity @s[tag=aj.frestchika_v2.bone.head] run data modify entity @s {} merge value {transformation:[-0.99997469439349f,0.006377984825444416f,-0.003151488888250252f,0.0022747296903936234f,0.005338283075794983f,0.9655381049862053f,0.2602069763735209f,1.5569331446409267f,0.004702478755831321f,0.26018356813837f,-0.9655477189473014f,0.06433488358232892f,0f,0f,0f,1f],start_interpolation:0}
execute if entity @s[tag=aj.frestchika_v2.bone.group] run data modify entity @s {} merge value {transformation:[0.000006790119277676637f,5.197365595090265e-7f,-0.000007322851500859063f,0.016843274975795814f,-0.000001596179523895483f,0.000009840797422862243f,-7.816118024215383e-7f,1.3501440424179676f,0.000007165646594859454f,0.0000016995822989480613f,0.000006764978114279567f,0.6160239677277929f,0f,0f,0f,1f],start_interpolation:0}
execute if entity @s[tag=aj.frestchika_v2.bone.group2] run data modify entity @s {} merge value {transformation:[0.000006790119277676637f,5.197365595090265e-7f,-0.000007322851500859063f,0.016843274975795814f,-0.000001596179523895483f,0.000009840797422862243f,-7.816118024215383e-7f,1.3501440424179676f,0.000007165646594859454f,0.0000016995822989480613f,0.000006764978114279567f,0.6160239677277929f,0f,0f,0f,1f],start_interpolation:0}
execute if entity @s[tag=aj.frestchika_v2.bone.group3] run data modify entity @s {} merge value {transformation:[0.000006790119277676637f,5.197365595090265e-7f,-0.000007322851500859063f,0.016843274975795814f,-0.000001596179523895483f,0.000009840797422862243f,-7.816118024215383e-7f,1.3501440424179676f,0.000007165646594859454f,0.0000016995822989480613f,0.000006764978114279567f,0.6160239677277929f,0f,0f,0f,1f],start_interpolation:0}
execute if entity @s[tag=aj.frestchika_v2.locator_origin.muzzle] at @s on origin run tp @s ^0.01685 ^1.35015 ^0.61603 ~-132.73229 ~-4.48288
execute if entity @s[tag=aj.frestchika_v2.bone.gun] run data modify entity @s {} merge value {transformation:[0.000006790119277676637f,5.197365595090265e-7f,-0.000007322851500859063f,0.016840258126600834f,-0.000001596179523895483f,0.000009840797422862243f,-7.816118024215383e-7f,1.3501454463660367f,0.000007165646594859454f,0.0000016995822989480613f,0.000006764978114279567f,0.6160277933726491f,0f,0f,0f,1f],start_interpolation:0}
execute if entity @s[tag=aj.frestchika_v2.bone.sword] run data modify entity @s {} merge value {transformation:[0.000007145853626634116f,5.469655578617043e-7f,-0.00000770649569098907f,-0.030383609084487978f,-0.0000016798033691523673f,0.000010356356799845995f,-8.225604447504026e-7f,1.3487350251565566f,0.00000754105481996414f,0.00000178862341558995f,0.000007119395317686673f,0.6386568179854651f,0f,0f,0f,1f],start_interpolation:0}
execute if entity @s[tag=aj.frestchika_v2.bone.arm_right_1] run data modify entity @s {} merge value {transformation:[0.6790119277676636f,0.05197365595090264f,-0.7322851500859062f,-0.23196353721301538f,-0.1596179523895483f,0.9840797422862242f,-0.07816118024215382f,1.3961198886673059f,0.7165646594859453f,0.1699582298948061f,0.6764978114279566f,0.42592827528327337f,0f,0f,0f,1f],start_interpolation:0}
execute if entity @s[tag=aj.frestchika_v2.bone.arm_right_0] run data modify entity @s {} merge value {transformation:[0.09290942658390502f,0.05197365595090264f,-0.9943171413281312f,-0.2481611257820773f,-0.1742149474759172f,0.9840797422862242f,0.035159819365889314f,1.4607912473576643f,0.980314740543981f,0.1699582298948061f,0.10048487231026809f,0.056426156223462955f,0f,0f,0f,1f],start_interpolation:0}
execute if entity @s[tag=aj.frestchika_v2.bone.arm_left_1] run data modify entity @s {} merge value {transformation:[0.47889776683817603f,-0.046899031140717f,0.8766170257275805f,0.25250840195357316f,0.1743009633075331f,0.983770975594842f,-0.042589221256542846f,1.3899544805363937f,-0.8603929934091011f,0.17319107498723724f,0.47930026959860056f,0.4326388535492711f,0f,0f,0f,1f],start_interpolation:0}
execute if entity @s[tag=aj.frestchika_v2.bone.arm_left_0] run data modify entity @s {} merge value {transformation:[0.028725233081795254f,-0.046899031140717f,0.9984865256288931f,0.2515174136159301f,0.17463839732110534f,0.983770975594842f,0.04118370743738976f,1.4592950431218685f,-0.9842135394138367f,0.17319107498723724f,0.036449422207394354f,0.03849782000614396f,0f,0f,0f,1f],start_interpolation:0}
execute if entity @s[tag=aj.frestchika_v2.bone.right_wing_0] run data modify entity @s {} merge value {transformation:[-0.999375504106507f,0.006065945841049663f,-0.0348110053419662f,-0.21996851833628558f,0f,0.9851550523758044f,0.1716668948237432f,1.3183532566266074f,0.03533555987762111f,0.1715596895528771f,-0.9845398270911419f,-0.5401046131994018f,0f,0f,0f,1f],start_interpolation:0}
execute if entity @s[tag=aj.frestchika_v2.bone.right_wing_1] run data modify entity @s {} merge value {transformation:[-0.999375504106507f,0.006065945841049663f,-0.0348110053419662f,0.2051897379164297f,0f,0.9851550523758044f,0.1716668948237432f,1.9860784224936072f,0.03533555987762111f,0.1715596895528771f,-0.9845398270911419f,0.1643626926481005f,0f,0f,0f,1f],start_interpolation:0}
execute if entity @s[tag=aj.frestchika_v2.bone.right_wing_2] run data modify entity @s {} merge value {transformation:[-0.999375504106507f,0.006065945841049663f,-0.0348110053419662f,0.2113220983325757f,0f,0.9851550523758044f,0.1716668948237432f,1.9676067652615608f,0.03533555987762111f,0.1715596895528771f,-0.9845398270911419f,0.16092510121974887f,0f,0f,0f,1f],start_interpolation:0}
execute if entity @s[tag=aj.frestchika_v2.bone.left_wing_0] run data modify entity @s {} merge value {transformation:[-0.999375504106507f,0.006065945841049663f,-0.0348110053419662f,-0.21996851833628558f,0f,0.9851550523758044f,0.1716668948237432f,1.3183532566266074f,0.03533555987762111f,0.1715596895528771f,-0.9845398270911419f,-0.5401046131994018f,0f,0f,0f,1f],start_interpolation:0}
execute if entity @s[tag=aj.frestchika_v2.bone.left_wing_1] run data modify entity @s {} merge value {transformation:[-0.999375504106507f,0.006065945841049663f,-0.0348110053419662f,0.2051897379164297f,0f,0.9851550523758044f,0.1716668948237432f,1.9860784224936072f,0.03533555987762111f,0.1715596895528771f,-0.9845398270911419f,0.1643626926481005f,0f,0f,0f,1f],start_interpolation:0}
execute if entity @s[tag=aj.frestchika_v2.bone.left_wing_2] run data modify entity @s {} merge value {transformation:[-0.999375504106507f,0.006065945841049663f,-0.0348110053419662f,0.2113220983325757f,0f,0.9851550523758044f,0.1716668948237432f,1.9676067652615608f,0.03533555987762111f,0.1715596895528771f,-0.9845398270911419f,0.16092510121974887f,0f,0f,0f,1f],start_interpolation:0}
execute if entity @s[tag=aj.frestchika_v2.bone.leg_right_1] run data modify entity @s {} merge value {transformation:[-0.9990289170620007f,-0.017337238594916753f,-0.04050485195416724f,-0.1064384004525837f,-0.0015167824829191148f,0.9323140296800371f,-0.3616465808391812f,1.121951979406572f,0.04403319480602772f,-0.3612339549650253f,-0.9314349722527605f,0.41771124578909113f,0f,0f,0f,1f],start_interpolation:0}
execute if entity @s[tag=aj.frestchika_v2.bone.leg_right_0] run data modify entity @s {} merge value {transformation:[-0.9990289170620007f,-0.04316195009092659f,0.00884697339627731f,-0.11938687479381316f,-0.0015167824829191148f,-0.16698586839131213f,-0.9859581224009968f,0.9810410108442307f,0.04403319480602772f,-0.9850140942250257f,0.1667582439738039f,0.11908127707080861f,0f,0f,0f,1f],start_interpolation:0}
execute if entity @s[tag=aj.frestchika_v2.bone.leg_left_1] run data modify entity @s {} merge value {transformation:[-0.9990289170620007f,-0.037362912548612084f,-0.023350281364703997f,0.1499598361801626f,-0.0015167824829191148f,0.5588249970172678f,-0.829284222736421f,0.7648548433753664f,0.04403319480602772f,-0.8284435016792246f,-0.5583390030086014f,0.5450609423961331f,0f,0f,0f,1f],start_interpolation:0}
execute if entity @s[tag=aj.frestchika_v2.bone.leg_left_0] run data modify entity @s {} merge value {transformation:[-0.9990289170620007f,-0.03959900363224457f,-0.019316878248297746f,0.13511020981807087f,-0.0015167824829191148f,0.4690798897980344f,-0.8831544351685969f,0.9407598020496293f,0.04403319480602772f,-0.8822675194624348f,-0.46868443739554333f,0.21421062259772006f,0f,0f,0f,1f],start_interpolation:0}
execute if entity @s[tag=aj.frestchika_v2.bone.body_0] run data modify entity @s {} merge value {transformation:[-0.9990289170620007f,-0.02835894110488313f,-0.03371933174509612f,-0.0004030077290103891f,-0.0015167824829191148f,0.787000039298153f,-0.6169510819470254f,1.2356952189760717f,0.04403319480602772f,-0.6163008263860398f,-0.7862788113328878f,-0.011398037946291368f,0f,0f,0f,1f],start_interpolation:0}
execute if entity @s[tag=aj.frestchika_v2.bone.body_1] run data modify entity @s {} merge value {transformation:[-0.999375504106507f,0.006065945841049663f,-0.0348110053419662f,0f,0f,0.9851550523758044f,0.1716668948237432f,1.1875f,0.03533555987762111f,0.1715596895528771f,-0.9845398270911419f,0f,0f,0f,0f,1f],start_interpolation:0}