execute if entity @s[tag=aj.louvert.bone.head] run data modify entity @s {} merge value {transformation:[-0.9875295028722417f,-0.08781165847966363f,0.13066978836729592f,-0.021430430935403318f,-0.08793057658633141f,0.9961146975129194f,0.004870636502597808f,1.385183582604153f,-0.13058979538271087f,-0.006679972589468397f,-0.9914139817997858f,-0.2671118094432777f,0f,0f,0f,1f],start_interpolation:0}
execute if entity @s[tag=aj.louvert.bone.coat_0] run data modify entity @s {} merge value {transformation:[-0.9072157722235002f,-0.16521359256846663f,-0.3868643321108044f,-0.06041623490400594f,0.11512988897965039f,0.7870206044850601f,-0.6060888357159405f,0.6090329130553769f,0.40460431447582396f,-0.5943929987361827f,-0.6949764828833829f,0.10500722537472093f,0f,0f,0f,1f],start_interpolation:0}
execute if entity @s[tag=aj.louvert.bone.coat_1] run data modify entity @s {} merge value {transformation:[-0.685568648921192f,-0.6438044383966207f,-0.33986978788527705f,0.36254864431786554f,-0.3289469977693208f,0.6904162092751769f,-0.6442975482094015f,0.6211285388525216f,0.6494532317841848f,-0.32991105327179826f,-0.6851052449472059f,-0.1613654586253528f,0f,0f,0f,1f],start_interpolation:0}
execute if entity @s[tag=aj.louvert.bone.coat_2] run data modify entity @s {} merge value {transformation:[-0.845929758443743f,-0.16980658895573608f,-0.5055378978143265f,0.09372541717764282f,-0.024191251594289233f,0.959195445221761f,-0.2817070840645115f,0.5555223502811685f,0.5327453680001475f,-0.22607481109810895f,-0.815519805192579f,-0.12193323105631615f,0f,0f,0f,1f],start_interpolation:0}
execute if entity @s[tag=aj.louvert.bone.right_leg_1] run data modify entity @s {} merge value {transformation:[-0.8748361720306987f,0.08138186109257534f,-0.47753394098407553f,0.2009334990712812f,0.01070957443966064f,0.9887954959533505f,0.1488918137363146f,0.5046238668882248f,0.4843005029132172f,0.1251417590873517f,-0.8659056317004346f,0.32187962430335415f,0f,0f,0f,1f],start_interpolation:0}
execute if entity @s[tag=aj.louvert.bone.right_leg_0] run data modify entity @s {} merge value {transformation:[-0.8748361720306987f,-0.42432550750327985f,-0.23368683272439153f,0.04532498490146192f,0.01070957443966064f,0.46534694701142276f,-0.885063570554381f,0.6120568195046632f,0.4843005029132172f,-0.7767883125982473f,-0.4025579961803923f,0.03841405437470252f,0f,0f,0f,1f],start_interpolation:0}
execute if entity @s[tag=aj.louvert.bone.left_leg_1] run data modify entity @s {} merge value {transformation:[-0.7858493836311538f,-0.2714718857668937f,-0.5556471555625047f,0.45902376333924677f,-0.17643607831810837f,0.9595749673850315f,-0.21928564074225732f,0.34552224435676127f,0.5927149875903781f,-0.07428928056040535f,-0.8019788315657437f,0.09219483819721885f,0f,0f,0f,1f],start_interpolation:0}
execute if entity @s[tag=aj.louvert.bone.left_leg_0] run data modify entity @s {} merge value {transformation:[-0.7858493836311538f,-0.5169757436937719f,-0.33937711572645424f,0.2568074245123977f,-0.17643607831810837f,0.713401281741561f,-0.6781805965059929f,0.6181046324032353f,0.5927149875903781f,-0.47306943638515636f,-0.6518391303411974f,-0.09477228762533435f,0f,0f,0f,1f],start_interpolation:0}
execute if entity @s[tag=aj.louvert.bone.body_1] run data modify entity @s {} merge value {transformation:[-0.845929758443743f,-0.27197982508389384f,-0.4587263002342957f,0.06607250936821296f,-0.024191251594289233f,0.8788594746194506f,-0.4764670053822462f,0.8897243117725275f,0.5327453680001475f,-0.3919604554275318f,-0.7500329154480019f,-0.1506667589464196f,0f,0f,0f,1f],start_interpolation:0}
execute if entity @s[tag=aj.louvert.locator_origin.locator] at @s on origin run tp @s ^-0.53803 ^1.11206 ^1.02553 ~9.86588 ~-23.99215
execute if entity @s[tag=aj.louvert.bone.sword_0] run data modify entity @s {} merge value {transformation:[-0.9028628336468598f,-0.400417736593351f,0.15653862092346488f,-0.41107873486387114f,-0.4283768382225899f,0.8069450585299932f,-0.4066115554044705f,0.7762269438067305f,0.03649641206447024f,-0.434171980596956f,-0.9000903861118263f,0.22429835525228917f,0f,0f,0f,1f],start_interpolation:0}
execute if entity @s[tag=aj.louvert.bone.right_arm_1] run data modify entity @s {} merge value {transformation:[-0.051456994421042374f,-0.8012456065482746f,-0.5961188268392805f,-0.38188336965861813f,-0.7388905974079888f,0.43211546125267875f,-0.5170269946612553f,1.0501561572685107f,0.6718577697602507f,0.4138619409096129f,-0.6142682077719063f,-0.0303596717499017f,0f,0f,0f,1f],start_interpolation:0}
execute if entity @s[tag=aj.louvert.bone.right_arm_0] run data modify entity @s {} merge value {transformation:[-0.3451520349738704f,-0.8012456065482746f,-0.4887489649508052f,-0.2663866561519273f,-0.8988041142474992f,0.43211546125267875f,-0.0736708379085832f,1.3321835498131758f,0.2702244196314689f,0.4138619409096129f,-0.8693083784833572f,-0.10122185947093329f,0f,0f,0f,1f],start_interpolation:0}
execute if entity @s[tag=aj.louvert.locator_origin.locator2] at @s on origin run tp @s ^0.62311 ^1.55749 ^0.31721 ~-1.72484 ~-44.45311
execute if entity @s[tag=aj.louvert.bone.sword_1] run data modify entity @s {} merge value {transformation:[-0.9927384812596882f,-0.11835821835050364f,-0.02148580869089789f,0.6011699300611792f,-0.06954295462952687f,0.7104282494671177f,-0.7003252671583985f,0.961380092106031f,0.09815337634336851f,-0.6937456554876442f,-0.7135004416287464f,-0.3270263291543168f,0f,0f,0f,1f],start_interpolation:0}
execute if entity @s[tag=aj.louvert.bone.left_arm_1] run data modify entity @s {} merge value {transformation:[-0.7287876508776263f,0.6844026007790802f,-0.02148580869089789f,0.3208011817430881f,0.4995182631621756f,0.5099274702807853f,-0.7003252671583985f,1.1452114996925213f,-0.4683482301618257f,-0.5211209601425274f,-0.7135004416287464f,-0.49537024085064985f,0f,0f,0f,1f],start_interpolation:0}
execute if entity @s[tag=aj.louvert.bone.left_arm_0] run data modify entity @s {} merge value {transformation:[-0.4796720493541223f,0.6844026007790802f,-0.5490972638023679f,0.20326966115121595f,0.8531893786512569f,0.5099274702807853f,-0.10973540545202795f,1.3916093838088859f,0.20489658177992778f,-0.5211209601425274f,-0.8285229843975555f,-0.40862229781831694f,0f,0f,0f,1f],start_interpolation:0}
execute if entity @s[tag=aj.louvert.bone.wing_0] run data modify entity @s {} merge value {transformation:[-0.983229919545281f,-0.13182233219119405f,0.12602300602133987f,-0.23448915978072254f,-0.15008289539547795f,0.977456106110347f,-0.14850819888917993f,0.9443089025399651f,-0.1036052596188542f,-0.16493160207574742f,-0.980848365862959f,-0.6254406486972748f,0f,0f,0f,1f],start_interpolation:0}
execute if entity @s[tag=aj.louvert.bone.wing_1] run data modify entity @s {} merge value {transformation:[-0.33672320987249293f,-0.13182233219119405f,-0.9323306026666933f,-0.10530283201270144f,0.11233588634692664f,0.977456106110347f,-0.17877418512259702f,0.9967459743343431f,0.9348786705085401f,-0.16493160207574742f,-0.31432377903192726f,-0.41792860996350717f,0f,0f,0f,1f],start_interpolation:0}
execute if entity @s[tag=aj.louvert.bone.body_0] run data modify entity @s {} merge value {transformation:[-0.845929758443743f,-0.13182233219119405f,-0.5167453110720843f,-0.0060787499999999705f,-0.024191251594289233f,0.977456106110347f,-0.2097482871775119f,1.242040625f,0.5327453680001475f,-0.16493160207574742f,-0.8300481549350706f,-0.24288375f,0f,0f,0f,1f],start_interpolation:0}