execute if entity @s[tag=aj.louvert.bone.head] run data modify entity @s {} merge value {transformation:[-0.9583475650836781f,-0.12917539899833896f,0.2547227135373f,-0.02287008388539297f,-0.14235898294290028f,0.989233099681555f,-0.033938097617364826f,1.2990625061784498f,-0.2475961721708323f,-0.0687865596467995f,-0.9664184108026446f,-0.4014727773746824f,0f,0f,0f,1f],start_interpolation:0}
execute if entity @s[tag=aj.louvert.bone.coat_0] run data modify entity @s {} merge value {transformation:[-0.986976315450536f,-0.02713498214308044f,-0.1585605420140161f,-0.09246708843813463f,0.11143385081015217f,0.595552175664382f,-0.7955501888347724f,0.5584803435421373f,0.11601831593892678f,-0.8028582059152883f,-0.5847721364439142f,0.009235689053905843f,0f,0f,0f,1f],start_interpolation:0}
execute if entity @s[tag=aj.louvert.bone.coat_1] run data modify entity @s {} merge value {transformation:[-0.7185888342467317f,-0.6953775977676226f,-0.008948956299665856f,0.37302371766570663f,-0.3809604952385194f,0.40437710318443154f,-0.8314735470763877f,0.5832278702411507f,0.5818068307982855f,-0.5940784080768278f,-0.5554922651966966f,-0.17161195222205233f,0f,0f,0f,1f],start_interpolation:0}
execute if entity @s[tag=aj.louvert.bone.coat_2] run data modify entity @s {} merge value {transformation:[-0.9309816122076825f,-0.228698055606676f,-0.2845530479416973f,0.10709649123412887f,-0.049495053398027046f,0.8513312289260594f,-0.5222885967971845f,0.49730799860524455f,0.36169528255191635f,-0.47215711158148543f,-0.8038931425026077f,-0.17666030843747094f,0f,0f,0f,1f],start_interpolation:0}
execute if entity @s[tag=aj.louvert.bone.right_leg_1] run data modify entity @s {} merge value {transformation:[-0.966857841138611f,-0.022922084680989177f,-0.2542842760822264f,0.11107904056122254f,0.000882753744094307f,0.9956555874444517f,-0.0931083881101547f,0.5163029473016151f,0.25531379863730763f,-0.09024704551685592f,-0.9626371772380635f,0.29431147211095954f,0f,0f,0f,1f],start_interpolation:0}
execute if entity @s[tag=aj.louvert.bone.right_leg_0] run data modify entity @s {} merge value {transformation:[-0.966857841138611f,-0.2445645484233791f,-0.07330823066513767f,0.023905613087825683f,0.000882753744094307f,0.28392433600389744f,-0.9588462818254934f,0.5646672252168906f,0.25531379863730763f,-0.9271327591446732f,-0.2742985802846485f,-0.03597622126508371f,0f,0f,0f,1f],start_interpolation:0}
execute if entity @s[tag=aj.louvert.bone.left_leg_1] run data modify entity @s {} merge value {transformation:[-0.8733193411968374f,-0.3418472520909809f,-0.34706452502289414f,0.4371356993793941f,-0.1888904585741025f,0.8943295365252009f,-0.4055799240079383f,0.4287747101590493f,0.44903643833344636f,-0.2886436147508984f,-0.8456069658608234f,0.16225065162323854f,0f,0f,0f,1f],start_interpolation:0}
execute if entity @s[tag=aj.louvert.bone.left_leg_0] run data modify entity @s {} merge value {transformation:[-0.8733193411968374f,-0.48495003521596164f,-0.04622544359505182f,0.25665101613974634f,-0.1888904585741025f,0.4245656451744905f,-0.8854741145833875f,0.5770409885663974f,0.44903643833344636f,-0.7645701251563561f,-0.4623838240760665f,-0.1264000419030628f,0f,0f,0f,1f],start_interpolation:0}
execute if entity @s[tag=aj.louvert.bone.body_1] run data modify entity @s {} merge value {transformation:[-0.9309816122076825f,-0.25061344726902324f,-0.265454587037257f,0.06196161234221624f,-0.049495053398027046f,0.8070764008867682f,-0.5883688662911959f,0.8230654821687591f,0.36169528255191635f,-0.5346219067524236f,-0.7637774148271813f,-0.24825747744420565f,0f,0f,0f,1f],start_interpolation:0}
execute if entity @s[tag=aj.louvert.locator_origin.locator] at @s on origin run tp @s ^-0.77729 ^1.06693 ^0.74621 ~21.33034 ~-26.48638
execute if entity @s[tag=aj.louvert.bone.sword_0] run data modify entity @s {} merge value {transformation:[-0.889248269946441f,-0.32131637349795367f,0.32556612618542613f,-0.4999441677264566f,-0.4440766672190675f,0.7771056796948488f,-0.44598506277409433f,0.6957691905194962f,-0.10969698277011536f,-0.5411677657696649f,-0.8337289855000856f,0.0004280946820014878f,0f,0f,0f,1f],start_interpolation:0}
execute if entity @s[tag=aj.louvert.bone.right_arm_1] run data modify entity @s {} merge value {transformation:[-0.1675843324029414f,-0.8688282695077576f,-0.465889396356276f,-0.4268362168987896f,-0.7067952182964635f,0.4353341614520727f,-0.5576062116458845f,0.9577347915150491f,0.6872816096232423f,0.23584233287723283f,-0.6870388512280142f,-0.25796994221983793f,0f,0f,0f,1f],start_interpolation:0}
execute if entity @s[tag=aj.louvert.bone.right_arm_0] run data modify entity @s {} merge value {transformation:[-0.4160188259002242f,-0.8688282695077576f,-0.2684506930532192f,-0.292635791726013f,-0.9001607442339881f,0.4353341614520727f,-0.013957163498834968f,1.2392531047678397f,0.12899213556148068f,0.23584233287723283f,-0.9631923084131813f,-0.2832301047638447f,0f,0f,0f,1f],start_interpolation:0}
execute if entity @s[tag=aj.louvert.locator_origin.locator2] at @s on origin run tp @s ^0.44803 ^1.52503 ^0.26297 ~16.87566 ~-44.5048
execute if entity @s[tag=aj.louvert.bone.sword_1] run data modify entity @s {} merge value {transformation:[-0.9770532440314976f,-0.05002839176156848f,0.2070365145216613f,0.6284200737200281f,-0.18381857454644185f,0.6890959556163403f,-0.7009689690741789f,0.927797117885536f,-0.10759967462423464f,-0.7229411621777764f,-0.6824795865443924f,-0.35480256264902305f,0f,0f,0f,1f],start_interpolation:0}
execute if entity @s[tag=aj.louvert.bone.left_arm_1] run data modify entity @s {} merge value {transformation:[-0.6663616907746142f,0.7163085778648193f,0.2070365145216613f,0.3705335420399948f,0.40972182542696506f,0.5837555397286424f,-0.7009689690741789f,1.0771874799915697f,-0.6229687976430227f,-0.3822714887529566f,-0.6824795865443924f,-0.5826563546775465f,0f,0f,0f,1f],start_interpolation:0}
execute if entity @s[tag=aj.louvert.bone.left_arm_0] run data modify entity @s {} merge value {transformation:[-0.5622963214062151f,0.7163085778648193f,-0.4131886593437904f,0.2244219068572727f,0.807295775674472f,0.5837555397286424f,-0.08661986154615064f,1.3122096297373007f,0.1791546190060178f,-0.3822714887529566f,-0.9065164815795722f,-0.49754808680253515f,0f,0f,0f,1f],start_interpolation:0}
execute if entity @s[tag=aj.louvert.bone.wing_0] run data modify entity @s {} merge value {transformation:[-0.9548532524739503f,-0.1412151100487614f,0.26136862652934184f,-0.14265113324797338f,-0.19423014675078992f,0.9624652252388405f,-0.1895661897573369f,0.8347882043759096f,-0.22478860365482256f,-0.2317735595357337f,-0.9464412822605798f,-0.7733140545338528f,0f,0f,0f,1f],start_interpolation:0}
execute if entity @s[tag=aj.louvert.bone.wing_1] run data modify entity @s {} merge value {transformation:[-0.5668534612367943f,-0.1412151100487614f,-0.8116251882351744f,-0.058489261527052305f,0.11332956389969928f,0.9624652252388405f,-0.24661123281848302f,0.901501644689254f,0.8159862519860062f,-0.2317735595357337f,-0.5295728974088133f,-0.5475573354090634f,0f,0f,0f,1f],start_interpolation:0}
execute if entity @s[tag=aj.louvert.bone.body_0] run data modify entity @s {} merge value {transformation:[-0.9309816122076825f,-0.1412151100487614f,-0.33664748688368423f,-0.006078749999999955f,-0.049495053398027046f,0.9624652252388405f,-0.26685376125337734f,1.1579085258746358f,0.36169528255191635f,-0.2317735595357337f,-0.9030268764991577f,-0.3682134293002915f,0f,0f,0f,1f],start_interpolation:0}