execute if entity @s[tag=aj.louvert.bone.head] run data modify entity @s {} merge value {transformation:[-0.905322659413139f,-0.14979894369116686f,0.39743069687950894f,-0.02036592857114232f,-0.19663582790129105f,0.9772413881759812f,-0.07958404627471144f,1.195595694240938f,-0.37646411985565814f,-0.1501983545345694f,-0.9141746117435184f,-0.4927439382217629f,0f,0f,0f,1f],start_interpolation:0}
execute if entity @s[tag=aj.louvert.bone.coat_0] run data modify entity @s {} merge value {transformation:[-0.9656674220408381f,0.25900132380937907f,0.020118257230457917f,-0.1520145852725026f,0.05587886226731756f,0.2827209512768235f,-0.9575731911769658f,0.5112307056465575f,-0.2537005769814328f,-0.9235730496144402f,-0.2874871114766208f,-0.039868726885177286f,0f,0f,0f,1f],start_interpolation:0}
execute if entity @s[tag=aj.louvert.bone.coat_1] run data modify entity @s {} merge value {transformation:[-0.7490794264722255f,-0.5692654200943588f,0.33884641701047274f,0.3412118153508943f,-0.3936937067071856f,-0.028845076644742285f,-0.9187890001804091f,0.5518446561547117f,0.5328088570352397f,-0.821647639221432f,-0.20250895986758033f,-0.11113039085823906f,0f,0f,0f,1f],start_interpolation:0}
execute if entity @s[tag=aj.louvert.bone.coat_2] run data modify entity @s {} merge value {transformation:[-0.9864528012467938f,-0.16204846649708293f,-0.02551794306556279f,0.08985774955874452f,-0.0812279010163085f,0.6176477595788796f,-0.7822488563006502f,0.4399954479357642f,0.14252332794612357f,-0.7695788066164078f,-0.6224432194168618f,-0.16048510928059634f,0f,0f,0f,1f],start_interpolation:0}
execute if entity @s[tag=aj.louvert.bone.right_leg_1] run data modify entity @s {} merge value {transformation:[-0.9983877804919986f,-0.017938688323831564f,0.05385204940836449f,-0.0447887842485282f,-0.03811201873115834f,0.9149330082055752f,-0.4018022704317795f,0.5591081625840348f,-0.04206321186614666f,-0.403206887288793f,-0.9141416149866424f,0.2898199130493757f,0f,0f,0f,1f],start_interpolation:0}
execute if entity @s[tag=aj.louvert.bone.right_leg_0] run data modify entity @s {} merge value {transformation:[-0.9983877804919986f,0.04128231172018003f,0.038956520677524406f,-0.028707985116653373f,-0.03811201873115834f,0.02105031268291696f,-0.9990517295736929f,0.521384193273596f,-0.04206321186614666f,-0.9989257505315345f,-0.0194430227206151f,-0.05768414287844273f,0f,0f,0f,1f],start_interpolation:0}
execute if entity @s[tag=aj.louvert.bone.left_leg_1] run data modify entity @s {} merge value {transformation:[-0.9437519763985236f,-0.31991903435637725f,-0.08357044035042291f,0.30820925237996083f,-0.19739381299230047f,0.747873490467393f,-0.6338145823886341f,0.5656922923050499f,0.2652694660835302f,-0.5816674769252628f,-0.7689571227650847f,0.2458205021153229f,0f,0f,0f,1f],start_interpolation:0}
execute if entity @s[tag=aj.louvert.bone.left_leg_0] run data modify entity @s {} merge value {transformation:[-0.9437519763985236f,-0.26618128794327905f,0.19616250659271675f,0.21790521519504508f,-0.19739381299230047f,-0.022397773502892515f,-0.980068376356708f,0.5416911685276731f,0.2652694660835302f,-0.9636627323347988f,-0.03140459636404408f,-0.09331497486497362f,0f,0f,0f,1f],start_interpolation:0}
execute if entity @s[tag=aj.louvert.bone.body_1] run data modify entity @s {} merge value {transformation:[-0.9864528012467938f,-0.1596008125296186f,-0.037926923843610634f,0.044723361123690034f,-0.0812279010163085f,0.676079345535737f,-0.7323378637189629f,0.7428124763805524f,0.14252332794612357f,-0.7193360127088418f,-0.6798844032711052f,-0.30029206284322124f,0f,0f,0f,1f],start_interpolation:0}
execute if entity @s[tag=aj.louvert.locator_origin.locator] at @s on origin run tp @s ^-1.0879 ^0.83672 ^0.37795 ~37.39586 ~-20.13103
execute if entity @s[tag=aj.louvert.bone.sword_0] run data modify entity @s {} merge value {transformation:[-0.8093171855619022f,-0.14092304805758024f,0.5702160885842512f,-0.5911438040909893f,-0.3911167470176158f,0.8535665580761966f,-0.344168303503263f,0.5569023150476365f,-0.43821613771804435f,-0.5015623844150562f,-0.745923448608075f,-0.28974036518878804f,0f,0f,0f,1f],start_interpolation:0}
execute if entity @s[tag=aj.louvert.bone.right_arm_1] run data modify entity @s {} merge value {transformation:[-0.369488974046044f,-0.901036343736914f,-0.2271814370137131f,-0.44260779020553576f,-0.7843928991578082f,0.43350823596459986f,-0.44361964463002546f,0.8476892030382842f,0.4982024466110248f,0.014286938653004726f,-0.8669430232574193f,-0.47445726318580733f,0f,0f,0f,1f],start_interpolation:0}
execute if entity @s[tag=aj.louvert.bone.right_arm_0] run data modify entity @s {} merge value {transformation:[-0.43332966715703514f,-0.901036343736914f,0.01894483641489128f,-0.30748828228794495f,-0.8982493315716641f,0.43350823596459986f,0.07224090033990427f,1.1272633550866182f,-0.0733044193253875f,0.014286938653004726f,-0.9972072730838324f,-0.43596826850468884f,0f,0f,0f,1f],start_interpolation:0}
execute if entity @s[tag=aj.louvert.locator_origin.locator2] at @s on origin run tp @s ^0.31167 ^1.3993 ^0.2523 ~30.14443 ~-39.86672
execute if entity @s[tag=aj.louvert.bone.sword_1] run data modify entity @s {} merge value {transformation:[-0.9226734293613943f,0.010359671641555102f,0.3854431474990357f,0.650202657515636f,-0.2596671436975081f,0.7222790445172778f,-0.6410038660844302f,0.8555627564406911f,-0.2850380978649377f,-0.691524156522885f,-0.6637376166158211f,-0.3482027946462192f,0f,0f,0f,1f],start_interpolation:0}
execute if entity @s[tag=aj.louvert.bone.left_arm_1] run data modify entity @s {} merge value {transformation:[-0.5851470792869421f,0.7134679219474397f,0.3854431474990357f,0.42233655812632864f,0.3863870258222933f,0.6631885930419917f,-0.6410038660844302f,0.9952189528926405f,-0.7129571949830957f,-0.22615130866520658f,-0.6637376166158211f,-0.6114773311961544f,0f,0f,0f,1f],start_interpolation:0}
execute if entity @s[tag=aj.louvert.bone.left_arm_0] run data modify entity @s {} merge value {transformation:[-0.6525790927035381f,0.7134679219474397f,-0.2551549570716377f,0.24166059676003734f,0.7464514252425555f,0.6631885930419917f,-0.0546914967096464f,1.217171855448395f,0.13019522848240248f,-0.22615130866520658f,-0.9653521575411895f,-0.530601697207452f,0f,0f,0f,1f],start_interpolation:0}
execute if entity @s[tag=aj.louvert.bone.wing_0] run data modify entity @s {} merge value {transformation:[-0.9746079224182984f,-0.12225752860457116f,0.1875966264595138f,-0.03302986474216099f,-0.17286863773569458f,0.9433131955222024f,-0.28333134179101394f,0.7104263426868188f,-0.1423229835511225f,-0.3085665436387971f,-0.9404950061004648f,-0.8569065221498922f,0f,0f,0f,1f],start_interpolation:0}
execute if entity @s[tag=aj.louvert.bone.wing_1] run data modify entity @s {} merge value {transformation:[-0.9098367882881044f,-0.12225752860457116f,-0.3965477466549133f,-0.00568488392774099f,0.017697008400262837f,0.9433131955222024f,-0.33143178943392293f,0.7908790629834999f,0.41458875355135705f,-0.3085665436387971f,-0.8560974556529989f,-0.6217903554979093f,0f,0f,0f,1f],start_interpolation:0}
execute if entity @s[tag=aj.louvert.bone.body_0] run data modify entity @s {} merge value {transformation:[-0.9864528012467938f,-0.12225752860457116f,-0.10937992325768f,-0.006078749999999945f,-0.0812279010163085f,0.9433131955222024f,-0.3218108811867243f,1.057020451895044f,0.14252332794612357f,-0.3085665436387971f,-0.9404646666079317f,-0.4490935313411079f,0f,0f,0f,1f],start_interpolation:0}