execute if entity @s[tag=aj.axia.bone.wing_right_1] run data modify entity @s {} merge value {transformation:[-0.28571044636286297f,0.22907886531470303f,-0.7299567512871609f,0.319233328714461f,-0.07100233590141862f,0.767895008190894f,0.26877568553813264f,1.1960964290128309f,0.7617562953990733f,0.1574946802469188f,-0.24873121347801336f,-0.030285938846969562f,0f,0f,0f,1f],start_interpolation:0}
execute if entity @s[tag=aj.axia.bone.wing_right_2] run data modify entity @s {} merge value {transformation:[-0.17287326897860036f,0.31433182219953243f,-0.7150596747302801f,0.319233328714461f,0.22320565114380894f,0.7217044873347002f,0.2632904674659259f,1.1960964290128309f,0.7485279354640818f,-0.14261184562889243f,-0.24365506626417638f,-0.030285938846969562f,0f,0f,0f,1f],start_interpolation:0}
execute if entity @s[tag=aj.axia.bone.wing_left_1] run data modify entity @s {} merge value {transformation:[-0.6687129442791973f,0.39736946010415336f,-0.24872666679394315f,0.29375030228507015f,0.3820810692569554f,0.7130434343756985f,0.11192659046721071f,1.2031253916563909f,0.2716275006573398f,-0.024718764424760644f,-0.769773946049361f,0.040299076775139574f,0f,0f,0f,1f],start_interpolation:0}
execute if entity @s[tag=aj.axia.bone.wing_left_2] run data modify entity @s {} merge value {transformation:[-0.7541047835836575f,0.10936340552568416f,-0.24365061236957697f,0.29375030228507015f,0.078927722018244f,0.7885105988172542f,0.10964237433522682f,1.2031253916563909f,0.2551399421361852f,0.07931381395872965f,-0.7540642736810067f,0.040299076775139574f,0f,0f,0f,1f],start_interpolation:0}
execute if entity @s[tag=aj.axia.bone.blade] run data modify entity @s {} merge value {transformation:[-0.20892644383939646f,1.83805585914491f,-0.7601976057103117f,0.8973807553252704f,1.0475906464714229f,-0.5480897005801185f,-1.6131185689662069f,1.059866840914412f,-1.690829257639639f,-0.5666995136587495f,-0.9055098468424994f,0.6275661351815777f,0f,0f,0f,1f],start_interpolation:0}
execute if entity @s[tag=aj.axia.bone.arm_right_2] run data modify entity @s {} merge value {transformation:[0.98060922725541f,0.05560867578647504f,-0.18791811673923914f,0.553491811253098f,-0.17186303179760118f,0.7048111945286812f,-0.6882617804065472f,1.1821427140000098f,0.09417346612971345f,0.7072120299063982f,0.7007014364426463f,0.6664896016572912f,0f,0f,0f,1f],start_interpolation:0}
execute if entity @s[tag=aj.axia.bone.arm_right_1] run data modify entity @s {} merge value {transformation:[0.5216822268733693f,0.0017582304187012676f,-0.8531380678355862f,0.42830084879670693f,-0.5495046316345868f,0.7656348914343398f,-0.33443664995102396f,1.3777614983826534f,0.6526042552547291f,0.6432729759939567f,0.400384270893974f,0.4203285558950183f,0f,0f,0f,1f],start_interpolation:0}
execute if entity @s[tag=aj.axia.bone.arm_left_2] run data modify entity @s {} merge value {transformation:[-0.7587268834575536f,0.1962140394295132f,-0.6211550265831723f,1.073058239116686f,0.6507407943788528f,0.1851300672728814f,-0.7363852773668944f,1.026712075229487f,-0.029494657990349615f,-0.962926221951761f,-0.26814763886288556f,-0.21371401388374084f,0f,0f,0f,1f],start_interpolation:0}
execute if entity @s[tag=aj.axia.bone.arm_left_1] run data modify entity @s {} merge value {transformation:[-0.7704712355594588f,-0.14331960133191635f,-0.6211550265831723f,0.7900859247219989f,0.5112457613622005f,0.44313033609364394f,-0.7363852773668944f,1.214272207135592f,0.3807910800749736f,-0.8849265489901378f,-0.26814763886288556f,-0.07681467041327278f,0f,0f,0f,1f],start_interpolation:0}
execute if entity @s[tag=aj.axia.bone.ear_edge_a1] run data modify entity @s {} merge value {transformation:[-0.7234412774421589f,0.5803964000509533f,-0.3738619222396834f,0.9702153875090886f,0.3115732824108539f,0.7577179403015826f,0.5733983019096358f,1.8745247057835024f,0.6160801959003257f,0.298334613736022f,-0.729000446135937f,0.23033985282832956f,0f,0f,0f,1f],start_interpolation:0}
execute if entity @s[tag=aj.axia.bone.ear_edge_a2] run data modify entity @s {} merge value {transformation:[-0.8053285151881194f,0.4600796080290324f,-0.3738619222396834f,0.8820900111578631f,0.1892040976356928f,0.7971299748504064f,0.5733983019096358f,1.9043511658960572f,0.5618254106595415f,0.39103779545057105f,-0.729000446135937f,0.29899435701493804f,0f,0f,0f,1f],start_interpolation:0}
execute if entity @s[tag=aj.axia.bone.ear_edge_b1] run data modify entity @s {} merge value {transformation:[-0.65805875569496f,0.7172873102891189f,-0.22903621668068652f,0.8482047916177966f,0.34997977745564185f,0.5606972329789458f,0.75042172696548f,1.9202065908238894f,0.6666879550624121f,0.4136635437501778f,-0.6200077766824739f,0.28545173428529613f,0f,0f,0f,1f],start_interpolation:0}
execute if entity @s[tag=aj.axia.bone.ear_edge_b2] run data modify entity @s {} merge value {transformation:[-0.847505036437606f,0.47882943169931597f,-0.22903621668068652f,0.8772096095212153f,0.1595855742312124f,0.6414044560146438f,0.75042172696548f,1.9205582936676266f,0.506228859025428f,0.5994353168967185f,-0.6200077766824739f,0.2751627854323169f,0f,0f,0f,1f],start_interpolation:0}
execute if entity @s[tag=aj.axia.bone.ear_right_2] run data modify entity @s {} merge value {transformation:[-0.7621654170916805f,0.6055132438172285f,-0.22903621668068652f,0.9731976261828315f,0.2579585739464194f,0.6085430188784328f,0.75042172696548f,1.9980734968995968f,0.5937686848571543f,0.5128636326902711f,-0.6200077766824739f,0.2831213315637196f,0f,0f,0f,1f],start_interpolation:0}
execute if entity @s[tag=aj.axia.bone.ear_right_1] run data modify entity @s {} merge value {transformation:[-0.7621654170916805f,0.5285178711157398f,-0.3738619222396834f,0.8542811051817902f,0.2579585739464194f,0.7776064309756421f,0.5733983019096358f,1.8231120499300777f,0.5937686848571543f,0.34058346762080294f,-0.729000446135937f,0.20649005134903906f,0f,0f,0f,1f],start_interpolation:0}
execute if entity @s[tag=aj.axia.bone.ear_edge_a3] run data modify entity @s {} merge value {transformation:[-0.8401632354614013f,0.13150801280110475f,-0.5261476792195654f,0.6375181103454015f,-0.0658713126854992f,0.9382279167687704f,0.3396900739804188f,1.940262083901454f,0.5383184075843214f,0.3200531499061331f,-0.7796019967207901f,0.4388849528588762f,0f,0f,0f,1f],start_interpolation:0}
execute if entity @s[tag=aj.axia.bone.ear_edge_a4] run data modify entity @s {} merge value {transformation:[-0.8092470462308687f,0.26131941722436114f,-0.5261476792195654f,0.7333646568383838f,0.0817108547263687f,0.9369813177748337f,0.3396900739804188f,1.9402925374956619f,0.5817581579887822f,0.2319012124212732f,-0.7796019967207901f,0.3742120897480846f,0f,0f,0f,1f],start_interpolation:0}
execute if entity @s[tag=aj.axia.bone.ear_edge_b3] run data modify entity @s {} merge value {transformation:[-0.8582877697567765f,0.1200356855835536f,-0.4989323986998893f,0.7418335236342674f,-0.13977414248548153f,0.880815543926115f,0.4523573439998408f,1.9367995483652263f,0.4937664360589808f,0.45799062410122365f,-0.739215323743349f,0.34765239327946795f,0f,0f,0f,1f],start_interpolation:0}
execute if entity @s[tag=aj.axia.bone.ear_edge_b4] run data modify entity @s {} merge value {transformation:[-0.7791871095068507f,0.3793862278812108f,-0.4989323986998893f,0.7216797942518837f,0.13925386296239806f,0.8808979481071909f,0.4523573439998408f,1.9479400999361647f,0.6111266726533945f,0.282992747459377f,-0.739215323743349f,0.36807250414295006f,0f,0f,0f,1f],start_interpolation:0}
execute if entity @s[tag=aj.axia.bone.ear_left_2] run data modify entity @s {} merge value {transformation:[-0.8289431048041715f,0.2528236352186939f,-0.4989323986998893f,0.6935888102556047f,-0.0002633824363918189f,0.8918367361569615f,0.4523573439998408f,2.0596081523665646f,0.5593328701473863f,0.375109911246961f,-0.739215323743349f,0.4130923577163708f,0f,0f,0f,1f],start_interpolation:0}
execute if entity @s[tag=aj.axia.bone.ear_left_1] run data modify entity @s {} merge value {transformation:[-0.8289431048041715f,0.18979449056673348f,-0.5261476792195654f,0.6508309434130578f,-0.0002633824363918189f,0.940537391212529f,0.3396900739804188f,1.8480221714166893f,0.5593328701473863f,0.28172232265414177f,-0.7796019967207901f,0.34962466464644837f,0f,0f,0f,1f],start_interpolation:0}
execute if entity @s[tag=aj.axia.bone.head] run data modify entity @s {} merge value {transformation:[-0.8138006470749295f,0.24256799408103064f,-0.528099682889444f,0.6447430424211908f,0.09964048594644663f,0.9535073271358954f,0.2844214314332109f,1.3380064357839492f,0.5725384531896371f,0.17884223591105614f,-0.8001344726191667f,0.21140491436267636f,0f,0f,0f,1f],start_interpolation:0}
execute if entity @s[tag=aj.axia.bone.body_1] run data modify entity @s {} merge value {transformation:[-0.5766163064673616f,0.33699396852792907f,-0.7442773006694043f,0.5183703042232175f,0.1828314216310185f,0.9410918985369088f,0.2844621411938279f,0.9850969738326084f,0.7962953637817557f,0.027948232215897983f,-0.6042620209277494f,0.2009243272817146f,0f,0f,0f,1f],start_interpolation:0}
execute if entity @s[tag=aj.axia.bone.leg_left_2] run data modify entity @s {} merge value {transformation:[-0.5346693073490973f,0.605566247149376f,-0.5894219643788798f,0.5036225375407513f,0.02659127091556824f,0.7092009011581238f,0.7045047807556739f,0.3643729032260902f,0.8446429044809004f,0.3610036040123787f,-0.39529073072884274f,0.10969916086834029f,0f,0f,0f,1f],start_interpolation:0}
execute if entity @s[tag=aj.axia.bone.leg_left_1] run data modify entity @s {} merge value {transformation:[-0.5346693073490973f,0.11620237330846508f,-0.8370338943055512f,0.5186694382261723f,0.02659127091556824f,0.992323679993277f,0.1207750737350028f,0.7048720925410781f,0.8446429044809004f,0.04231692996993808f,-0.5336549834377902f,0.10850434798702954f,0f,0f,0f,1f],start_interpolation:0}
execute if entity @s[tag=aj.axia.bone.leg_right_2] run data modify entity @s {} merge value {transformation:[-0.5891828300220451f,-0.2758671268938892f,-0.7594477737846921f,0.6146403548073558f,0.24677999434589698f,0.8335615056696554f,-0.494241692551707f,0.6790888970589987f,0.7693914655088482f,-0.4786152364530905f,-0.4230416388927917f,0.5138266480989131f,0f,0f,0f,1f],start_interpolation:0}
execute if entity @s[tag=aj.axia.bone.leg_right_1] run data modify entity @s {} merge value {transformation:[-0.5891828300220451f,-0.7236911687441274f,-0.35935314815508845f,0.3523957724957462f,0.24677999434589698f,0.2623206610373619f,-0.9328920115337898f,0.7342781738580747f,0.7693914655088482f,-0.6383251233303295f,0.024037673087604766f,0.2953037996948975f,0f,0f,0f,1f],start_interpolation:0}
execute if entity @s[tag=aj.axia.bone.coat_downer] run data modify entity @s {} merge value {transformation:[-0.5766163064673616f,0.15004285893121674f,-0.8031194030775778f,0.4721983823632387f,0.1828314216310185f,0.9817601887922549f,0.052149812722356165f,0.7658409381772725f,0.7962953637817557f,-0.11676502980919887f,-0.5935314831020664f,0.22764294278840605f,0f,0f,0f,1f],start_interpolation:0}
execute if entity @s[tag=aj.axia.bone.body_2] run data modify entity @s {} merge value {transformation:[-0.5766163064673616f,0.040502824983904916f,-0.8160105123613671f,0.4857530472148562f,0.1828314216310185f,0.979838172816127f,-0.08055945851813062f,0.9833451594343835f,0.7962953637817557f,-0.19564425946261965f,-0.5723958572168432f,0.177707621035182f,0f,0f,0f,1f],start_interpolation:0}