execute if entity @s[tag=aj.axia.bone.wing_right_1] run data modify entity @s {} merge value {transformation:[0.1049817252602371f,0.558968268902595f,-0.5860697536691898f,0.5849200326049104f,-0.29891495060695406f,0.57599085062388f,0.49581129146648695f,0.9488870457591658f,0.7527105247766043f,0.15077618778195617f,0.2786356968030371f,0.19163119549459698f,0f,0f,0f,1f],start_interpolation:0}
execute if entity @s[tag=aj.axia.bone.wing_right_2] run data modify entity @s {} merge value {transformation:[0.30390180957131785f,0.46695008095091345f,-0.5741091464514513f,0.5849200326049104f,-0.05548597123383289f,0.6332644900045233f,0.4856926936814566f,0.9488870457591658f,0.7379464730829175f,-0.14468485615034613f,0.27294925401113845f,0.19163119549459698f,0f,0f,0f,1f],start_interpolation:0}
execute if entity @s[tag=aj.axia.bone.wing_left_1] run data modify entity @s {} merge value {transformation:[-0.41311687784206663f,0.613300810007491f,-0.34661362657954276f,0.6031445394338283f,0.5288231593492363f,0.5354518303362619f,0.31714641408958655f,0.9304200045268174f,0.46542986133504555f,-0.06401482858015474f,-0.6679981963627883f,0.2891561718640512f,0f,0f,0f,1f],start_interpolation:0}
execute if entity @s[tag=aj.axia.bone.wing_left_2] run data modify entity @s {} merge value {transformation:[-0.6032319482990993f,0.40102853645740216f,-0.3395398790983276f,0.6031445394338283f,0.278824514210384f,0.6824503880918991f,0.3106740382918399f,0.9304200045268174f,0.4453853464435222f,0.11592057945011484f,-0.6543655801104866f,0.2891561718640512f,0f,0f,0f,1f],start_interpolation:0}
execute if entity @s[tag=aj.axia.bone.blade] run data modify entity @s {} merge value {transformation:[-1.8248883539158935f,0.6739838848583867f,-0.46425016822111864f,1.2390633943549312f,0.5199452316754276f,0.07865337365209636f,-1.9296296543303657f,0.6423303285872567f,-0.6320122244071906f,-1.8813716724146614f,-0.24698416636605192f,0.34608403572964974f,0f,0f,0f,1f],start_interpolation:0}
execute if entity @s[tag=aj.axia.bone.arm_right_2] run data modify entity @s {} merge value {transformation:[0.48326474679734177f,0.6480856929042201f,0.5885916404059424f,1.1165588256512757f,-0.11936326078530796f,0.714809133724567f,-0.689057555156775f,0.7261825628657139f,-0.8672990236807601f,0.2627410074518076f,0.42279967659118356f,0.6800127658196554f,0f,0f,0f,1f],start_interpolation:0}
execute if entity @s[tag=aj.axia.bone.arm_right_1] run data modify entity @s {} merge value {transformation:[0.6946501188188678f,0.6622521826822451f,-0.2808616366781609f,0.9209265489020989f,-0.7069482102128781f,0.7006723024769348f,-0.09634600468352834f,0.9402540413102018f,0.13298661775434695f,0.26548139496822176f,0.9549000934254777f,0.5532263556090256f,0f,0f,0f,1f],start_interpolation:0}
execute if entity @s[tag=aj.axia.bone.arm_left_2] run data modify entity @s {} merge value {transformation:[-0.8014706853249774f,-0.28767519046589063f,-0.5242973634829046f,1.1525791069110651f,0.2900313864585826f,0.5797253206421614f,-0.7614462210000492f,0.8535051739191478f,0.5229976438126884f,-0.7623395158305495f,-0.3811980156947565f,-0.3599918423701609f,0f,0f,0f,1f],start_interpolation:0}
execute if entity @s[tag=aj.axia.bone.arm_left_1] run data modify entity @s {} merge value {transformation:[-0.6143982271415703f,-0.5895990952589486f,-0.5242973634829046f,0.9306813669741106f,0.028311014153442365f,0.6476095575285684f,-0.7614462210000492f,0.8633137142140679f,0.788487986568533f,-0.48267459832425536f,-0.3811980156947565f,-0.07981797033146665f,0f,0f,0f,1f],start_interpolation:0}
execute if entity @s[tag=aj.axia.bone.ear_edge_a1] run data modify entity @s {} merge value {transformation:[-0.39426841633640725f,0.8587079345313022f,-0.3273730273748374f,1.464250633041233f,0.30193961696205324f,0.4574938258070943f,0.8363802168016626f,1.3375812018773252f,0.8679774672123639f,0.23091141704422632f,-0.4396533110193046f,0.2548034315237187f,0f,0f,0f,1f],start_interpolation:0}
execute if entity @s[tag=aj.axia.bone.ear_edge_a2] run data modify entity @s {} merge value {transformation:[-0.5237458342445849f,0.7864586461212552f,-0.3273730273748374f,1.4118484076542772f,0.22665443733784046f,0.499095080097841f,0.8363802168016626f,1.3687179681078079f,0.8211687202679551f,0.3638501050752244f,-0.4396533110193046f,0.3530564171689547f,0f,0f,0f,1f],start_interpolation:0}
execute if entity @s[tag=aj.axia.bone.ear_edge_b1] run data modify entity @s {} merge value {transformation:[-0.30882457783338685f,0.9472720792423622f,-0.08545752169283932f,1.3821013105090871f,0.30159121512090964f,0.18274218287470606f,0.9357606710906803f,1.3989597834532765f,0.9020366506345094f,0.2632126563941012f,-0.3421242149074474f,0.35335005151302395f,0f,0f,0f,1f],start_interpolation:0}
execute if entity @s[tag=aj.axia.bone.ear_edge_b2] run data modify entity @s {} merge value {transformation:[-0.5864327979233241f,0.8054772408367225f,-0.08545752169283932f,1.405939032520553f,0.23035985030065592f,0.2669949546515415f,0.9357606710906803f,1.3942318702482486f,0.776550650562654f,0.5290747666300878f,-0.3421242149074474f,0.33446419778517256f,0f,0f,0f,1f],start_interpolation:0}
execute if entity @s[tag=aj.axia.bone.ear_right_2] run data modify entity @s {} merge value {transformation:[-0.45320843577907793f,0.8872987804143535f,-0.08545752169283932f,1.5222690726835206f,0.26929095118255375f,0.22767158375852428f,0.9357606710906803f,1.435332190245516f,0.8497555515263652f,0.4010816927062191f,-0.3421242149074474f,0.32648109168199924f,0f,0f,0f,1f],start_interpolation:0}
execute if entity @s[tag=aj.axia.bone.ear_right_1] run data modify entity @s {} merge value {transformation:[-0.45320843577907793f,0.8291133907289854f,-0.3273730273748374f,1.3357185597694992f,0.26929095118255375f,0.4774416368039122f,0.8363802168016626f,1.327907821964636f,0.8497555515263652f,0.29089597583996546f,-0.4396533110193046f,0.2610294971180071f,0f,0f,0f,1f],start_interpolation:0}
execute if entity @s[tag=aj.axia.bone.ear_edge_a3] run data modify entity @s {} merge value {transformation:[-0.6291915898052662f,0.4457350989663454f,-0.6367402648394273f,1.23561213497412f,-0.015758575851731654f,0.8117376179476311f,0.5838096495398396f,1.4366384128588976f,0.7770904777472484f,0.37736224129895096f,-0.5037143319743697f,0.5668344601535911f,0f,0f,0f,1f],start_interpolation:0}
execute if entity @s[tag=aj.axia.bone.ear_edge_a4] run data modify entity @s {} merge value {transformation:[-0.5517168654947254f,0.5386746100020784f,-0.6367402648394273f,1.3045900789539453f,0.11141917838352956f,0.8042089652525074f,0.5838096495398396f,1.4319089150214646f,0.8265556648024466f,0.2511525527375746f,-0.5037143319743697f,0.47415859641592856f,0f,0f,0f,1f],start_interpolation:0}
execute if entity @s[tag=aj.axia.bone.ear_edge_b3] run data modify entity @s {} merge value {transformation:[-0.6823618090930721f,0.4947426444744782f,-0.53815618293357f,1.2986437449774606f,-0.0678886130176477f,0.6901072381296858f,0.7205158819231934f,1.4359843483091201f,0.7278554098952416f,0.5281871975156323f,-0.43731543154434027f,0.44223294284758236f,0f,0f,0f,1f],start_interpolation:0}
execute if entity @s[tag=aj.axia.bone.ear_edge_b4] run data modify entity @s {} merge value {transformation:[-0.49608076002429935f,0.6813896112387418f,-0.53815618293357f,1.289307781747957f,0.14868895673055776f,0.6773097209126864f,0.7205158819231934f,1.4457876540985184f,0.8554504507451569f,0.27741618491554443f,-0.43731543154434027f,0.4698735038255528f,0f,0f,0f,1f],start_interpolation:0}
execute if entity @s[tag=aj.axia.bone.ear_left_2] run data modify entity @s {} merge value {transformation:[-0.5965660019876784f,0.5953964461120064f,-0.53815618293357f,1.3087157216035055f,0.04090376508050267f,0.6922309917207419f,0.7205158819231934f,1.5459978162491612f,0.8015209836770816f,0.40782266496421093f,-0.43731543154434027f,0.5396366732171114f,0f,0f,0f,1f],start_interpolation:0}
execute if entity @s[tag=aj.axia.bone.ear_left_1] run data modify entity @s {} merge value {transformation:[-0.5965660019876784f,0.48853949728210666f,-0.6367402648394273f,1.1986332349287816f,0.04090376508050267f,0.810859528590747f,0.5838096495398396f,1.3637021302828116f,0.8015209836770816f,0.3222359143375209f,-0.5037143319743697f,0.46700614920590355f,0f,0f,0f,1f],start_interpolation:0}
execute if entity @s[tag=aj.axia.bone.head] run data modify entity @s {} merge value {transformation:[-0.5483412993628706f,0.5577593221734112f,-0.6230781314905024f,1.0007954363443452f,0.14317723327270127f,0.7966973909120155f,0.5871742051438918f,0.9191483693705691f,0.8239066083515858f,0.23276126362142793f,-0.5167205191125497f,0.26087519177824064f,0f,0f,0f,1f],start_interpolation:0}
execute if entity @s[tag=aj.axia.bone.body_1] run data modify entity @s {} merge value {transformation:[-0.08035354851570731f,0.6517302852530422f,-0.7541823005911251f,0.7563965793744543f,0.04047709880018807f,0.7581383165005613f,0.6508363062448301f,0.6348465006828586f,0.9959442312266555f,0.021769895215247602f,-0.08729925514380665f,0.2527114810725228f,0f,0f,0f,1f],start_interpolation:0}
execute if entity @s[tag=aj.axia.bone.leg_left_2] run data modify entity @s {} merge value {transformation:[-0.11530562627876852f,0.9855939846255652f,-0.12372998835513571f,0.3147254502273763f,-0.11476252228024532f,0.11050882592356881f,0.9872271080520786f,0.25354211576651414f,0.9866783549000845f,0.12803240551866316f,0.1003669622374187f,0.0656461370983322f,0f,0f,0f,1f],start_interpolation:0}
execute if entity @s[tag=aj.axia.bone.leg_left_1] run data modify entity @s {} merge value {transformation:[-0.11530562627876852f,0.8379572868436851f,-0.5334155959231329f,0.6114023662380761f,-0.11476252228024532f,0.5221634972302827f,0.845088661407853f,0.44904297423495165f,0.9866783549000845f,0.15865959657647752f,0.0359577027332426f,0.12305561501739995f,0f,0f,0f,1f],start_interpolation:0}
execute if entity @s[tag=aj.axia.bone.leg_right_2] run data modify entity @s {} merge value {transformation:[-0.08019656242799236f,-0.5710364751847481f,-0.8169980755077161f,0.8883919964222007f,0.026711867539574385f,0.8181125195320647f,-0.574437447871781f,0.3976952140097617f,0.9964210894532901f,-0.06789145302227521f,-0.05035636106037492f,0.3977767786756624f,0f,0f,0f,1f],start_interpolation:0}
execute if entity @s[tag=aj.axia.bone.leg_right_1] run data modify entity @s {} merge value {transformation:[-0.08019656242799236f,-0.965175477364514f,-0.24900764901688385f,0.5470769994730029f,0.026711867539574385f,0.2476415780459889f,-0.9684834149098478f,0.4457332391125732f,0.9964210894532901f,-0.08432049998117269f,0.00592163623027467f,0.36901838011589494f,0f,0f,0f,1f],start_interpolation:0}
execute if entity @s[tag=aj.axia.bone.coat_downer] run data modify entity @s {} merge value {transformation:[-0.08035354851570731f,0.4666539156096954f,-0.8807822831364589f,0.6575172594313079f,0.04047709880018807f,0.8844383624649954f,0.46489825496871595f,0.4581613825460571f,0.9959442312266555f,0.0017047129895267216f,-0.08995655751511202f,0.25975896077171196f,0f,0f,0f,1f],start_interpolation:0}
execute if entity @s[tag=aj.axia.bone.body_2] run data modify entity @s {} merge value {transformation:[-0.08035354851570731f,0.2794060474287584f,-0.9568048745178781f,0.7205748102514501f,0.04047709880018807f,0.9600316869957634f,0.2769490285897179f,0.6723522352747965f,0.9959442312266555f,-0.01647484823319978f,-0.0884514989247743f,0.24829704756314816f,0f,0f,0f,1f],start_interpolation:0}