execute if entity @s[tag=aj.axia.bone.wing_right_1] run data modify entity @s {} merge value {transformation:[0.18931044946751388f,0.20755581944377832f,0.7668289118061954f,0.26978027582137254f,-0.12474337469773061f,0.786288570843361f,-0.1820269712832984f,1.120509492334932f,-0.7845668159155559f,-0.07493536962323485f,0.21397206870991295f,0.19997880377276245f,0f,0f,0f,1f],start_interpolation:0}
execute if entity @s[tag=aj.axia.bone.wing_right_2] run data modify entity @s {} merge value {transformation:[0.24855909896607903f,0.11810152499842172f,0.7511793421774976f,0.26978027582137254f,0.17812499373231958f,0.759260343407701f,-0.17831213513465966f,1.120509492334932f,-0.7392495254844823f,0.2226561490762543f,0.20960529179746576f,0.19997880377276245f,0f,0f,0f,1f],start_interpolation:0}
execute if entity @s[tag=aj.axia.bone.wing_left_1] run data modify entity @s {} merge value {transformation:[0.34629671049278926f,0.11311382608214224f,0.730909224935201f,0.2887012939818505f,0.1280133031457768f,0.7857119942329842f,-0.18224626410595793f,1.1201029161269596f,-0.7284474085093754f,0.19184986033857307f,0.31544008712985294f,0.15318520920048828f,0f,0f,0f,1f],start_interpolation:0}
execute if entity @s[tag=aj.axia.bone.wing_left_2] run data modify entity @s {} merge value {transformation:[0.2721442153936835f,0.23085052534761008f,0.7159927101406052f,0.2887012939818505f,-0.17494605456215775f,0.7599486858931859f,-0.17852695259359144f,1.1201029161269596f,-0.7316634499692402f,-0.09584377786769653f,0.30900253433128455f,0.15318520920048828f,0f,0f,0f,1f],start_interpolation:0}
execute if entity @s[tag=aj.axia.bone.blade] run data modify entity @s {} merge value {transformation:[-1.7809145935427106f,-0.91012856624734f,-0.0030337117796455084f,-0.014633846247200849f,0.06882926614027586f,-0.12803429348922116f,-1.9947104431002773f,1.3624835293745148f,0.9075272682565474f,-1.7763088730824024f,0.14533081152849528f,-0.8619007503804841f,0f,0f,0f,1f],start_interpolation:0}
execute if entity @s[tag=aj.axia.bone.arm_right_2] run data modify entity @s {} merge value {transformation:[-0.5278199563601537f,-0.07807626786165181f,0.8457601256058133f,0.16335018748178434f,-0.08880647023844694f,0.995381139744886f,0.036466388413984266f,1.4000405259995643f,-0.8447008372860496f,-0.05586128388219619f,-0.5323157075000506f,-0.5501423566436259f,0f,0f,0f,1f],start_interpolation:0}
execute if entity @s[tag=aj.axia.bone.arm_right_1] run data modify entity @s {} merge value {transformation:[0.05100841881384638f,-0.07807626786165181f,0.9956416210700045f,0.13598910897610633f,-0.05197047409723817f,0.995381139744886f,0.08071837747551683f,1.4062155837821297f,-0.9973450812192435f,-0.05586128388219619f,0.046715157398997786f,-0.19322633963908173f,0f,0f,0f,1f],start_interpolation:0}
execute if entity @s[tag=aj.axia.bone.arm_left_2] run data modify entity @s {} merge value {transformation:[0.6292124258918332f,0.021571503825414312f,-0.7769339697336084f,-0.4280542739401001f,-0.01869709655314511f,0.9997455989115326f,0.01261570598513485f,1.3546571348396454f,0.7770084566359595f,0.006588450480282754f,0.6294556780556296f,0.45335591774109674f,0f,0f,0f,1f],start_interpolation:0}
execute if entity @s[tag=aj.axia.bone.arm_left_1] run data modify entity @s {} merge value {transformation:[0.9984432712394287f,0.021571503825414312f,0.05143641063894222f,-0.10558706734751114f,-0.021203423914134906f,0.9997455989115326f,-0.007691051380564945f,1.3480908638346931f,-0.05158923270436622f,0.006588450480282754f,0.9986466559245282f,0.393933441501361f,0f,0f,0f,1f],start_interpolation:0}
execute if entity @s[tag=aj.axia.bone.ear_edge_a1] run data modify entity @s {} merge value {transformation:[-0.7848196140772573f,-0.03614556814978911f,0.618669274542347f,0.10523848967783943f,-0.04161568300710415f,0.999118103964971f,0.005581151968329479f,2.0820145555004466f,-0.6183254064709595f,-0.02136614688169862f,-0.785631707277623f,0.11036086914275635f,0f,0f,0f,1f],start_interpolation:0}
execute if entity @s[tag=aj.axia.bone.ear_edge_a2] run data modify entity @s {} merge value {transformation:[-0.7695027696773952f,-0.15847339270698985f,0.618669274542347f,0.015006306909195091f,-0.19739983099779f,0.9803071750552224f,0.005581151968329479f,2.0691559842254086f,-0.6073703929077066f,-0.11783049834056475f,-0.785631707277623f,0.03921348013535329f,0f,0f,0f,1f],start_interpolation:0}
execute if entity @s[tag=aj.axia.bone.ear_edge_b1] run data modify entity @s {} merge value {transformation:[-0.7849834323413046f,0.03239351303750003f,0.618669274542347f,-0.0014971230365398297f,0.0456215576745551f,0.9989432036998168f,0.005581151968329479f,2.0605121481818762f,-0.6178346740229234f,0.03260576781852646f,-0.785631707277623f,0.026155952671137194f,0f,0f,0f,1f],start_interpolation:0}
execute if entity @s[tag=aj.axia.bone.ear_edge_b2] run data modify entity @s {} merge value {transformation:[-0.7565737545480274f,-0.2117651592362334f,0.618669274542347f,0.019316198642951088f,-0.26530174664867745f,0.964149279918762f,0.005581151968329479f,2.076062175502043f,-0.5976714290931618f,-0.15991148603457278f,-0.785631707277623f,0.042656495571541976f,0f,0f,0f,1f],start_interpolation:0}
execute if entity @s[tag=aj.axia.bone.ear_right_2] run data modify entity @s {} merge value {transformation:[-0.7803864455666537f,-0.09080376816570088f,0.618669274542347f,0.06651791978641068f,-0.11120926508140852f,0.9937813391801837f,0.005581151968329479f,2.1903181192512666f,-0.6153287697937562f,-0.06444630000357068f,-0.785631707277623f,0.040861677943110776f,0f,0f,0f,1f],start_interpolation:0}
execute if entity @s[tag=aj.axia.bone.ear_right_1] run data modify entity @s {} merge value {transformation:[-0.7803864455666537f,-0.09080376816570088f,0.618669274542347f,0.08694876762369334f,-0.11120926508140852f,0.9937813391801837f,0.005581151968329479f,1.9667173179357258f,-0.6153287697937562f,-0.06444630000357068f,-0.785631707277623f,0.055362095443914155f,0f,0f,0f,1f],start_interpolation:0}
execute if entity @s[tag=aj.axia.bone.ear_edge_a3] run data modify entity @s {} merge value {transformation:[-0.7743204624053616f,-0.19196928633346177f,0.6029723166157533f,-0.18991468881035067f,-0.29872053768291995f,0.9509083329078597f,-0.08086645023012846f,2.033356613733655f,-0.5578475256436782f,-0.24273676176264714f,-0.7936529484744638f,-0.13083978951170888f,0f,0f,0f,1f],start_interpolation:0}
execute if entity @s[tag=aj.axia.bone.ear_edge_a4] run data modify entity @s {} merge value {transformation:[-0.7948179052137414f,-0.06847541855784277f,0.6029723166157533f,-0.09905363188896259f,-0.14628795580499176f,0.9859312608968105f,-0.08086645023012846f,2.060142400360032f,-0.5889518923800457f,-0.15248169017870095f,-0.7936529484744638f,-0.06453797509509987f,0f,0f,0f,1f],start_interpolation:0}
execute if entity @s[tag=aj.axia.bone.ear_edge_b3] run data modify entity @s {} merge value {transformation:[-0.7104189561782248f,-0.5379430752763368f,0.45378646350996293f,-0.04086946702899058f,-0.36652112384212365f,0.8332421072169804f,0.4139684245665514f,2.0544110257281383f,-0.6008054364602141f,0.1277686914812991f,-0.7891184885662029f,-0.1038107836179286f,0f,0f,0f,1f],start_interpolation:0}
execute if entity @s[tag=aj.axia.bone.ear_edge_b4] run data modify entity @s {} merge value {transformation:[-0.8418821298396115f,-0.29208273655223194f,0.45378646350996293f,-0.06822313137393474f,-0.0910963316310357f,0.9057215917848351f,0.4139684245665514f,2.058899564742883f,-0.5319172283542696f,0.30717433679085837f,-0.7891184885662029f,-0.1171859729405976f,0f,0f,0f,1f],start_interpolation:0}
execute if entity @s[tag=aj.axia.bone.ear_left_2] run data modify entity @s {} merge value {transformation:[-0.7858253571579511f,-0.4201860939901505f,0.45378646350996293f,-0.13806357415675935f,-0.23166085730920905f,0.880320050125322f,0.4139684245665514f,2.15690001071713f,-0.573421097657159f,0.2201823239150924f,-0.7891184885662029f,-0.14553856844784685f,0f,0f,0f,1f],start_interpolation:0}
execute if entity @s[tag=aj.axia.bone.ear_left_1] run data modify entity @s {} merge value {transformation:[-0.7858253571579511f,-0.1374877937949775f,0.6029723166157533f,-0.10814784376797008f,-0.23166085730920905f,0.9694296593450915f,-0.08086645023012846f,1.9389150016653738f,-0.573421097657159f,-0.2032319909351118f,-0.7936529484744638f,-0.0984700970045249f,0f,0f,0f,1f],start_interpolation:0}
execute if entity @s[tag=aj.axia.bone.head] run data modify entity @s {} merge value {transformation:[-0.7803864455666537f,-0.03653765227553013f,0.6242291210301204f,-0.011381151313120424f,-0.11120926508140852f,0.9904861305990009f,-0.08105383674491717f,1.4477249502668403f,-0.6153287697937562f,-0.13267337734907916f,-0.7770252762985846f,0.07072314499542849f,0f,0f,0f,1f],start_interpolation:0}
execute if entity @s[tag=aj.axia.bone.body_1] run data modify entity @s {} merge value {transformation:[0.34206926304529317f,0.21003571298901258f,0.9159004413957048f,-0.09014454368400014f,0f,0.9746994371800589f,-0.22351959010537825f,1.0822126613243181f,-0.9396747412161561f,0.07645918146353274f,0.33341471816684476f,0.042050951946603715f,0f,0f,0f,1f],start_interpolation:0}
execute if entity @s[tag=aj.axia.bone.leg_left_2] run data modify entity @s {} merge value {transformation:[0.38021443019284834f,-0.5326534179118114f,0.7561199134132048f,-0.25898601361569107f,0.18121646663264643f,0.8445738883803567f,0.5038407876375864f,0.37213471455752034f,-0.906971652971749f,-0.05454615892021733f,0.4176447500600765f,0.04732219971770331f,0f,0f,0f,1f],start_interpolation:0}
execute if entity @s[tag=aj.axia.bone.leg_left_1] run data modify entity @s {} merge value {transformation:[0.38021443019284834f,0.08602776549240561f,0.9208888155676075f,-0.20171154080984396f,0.18121646663264643f,0.969437439314811f,-0.16538332284701807f,0.6880926374915821f,-0.906971652971749f,0.22976134317836347f,0.35300445590185925f,0.1344620338924693f,0f,0f,0f,1f],start_interpolation:0}
execute if entity @s[tag=aj.axia.bone.leg_right_2] run data modify entity @s {} merge value {transformation:[0.34206926304529317f,-0.4357230990042959f,0.8325466955515123f,-0.32836611024247764f,0f,0.8859945458084832f,0.46369565967088744f,0.8380262251154376f,-0.9396747412161561f,-0.1586160325809215f,0.30307150134685706f,-0.17769346243119485f,0f,0f,0f,1f],start_interpolation:0}
execute if entity @s[tag=aj.axia.bone.leg_right_1] run data modify entity @s {} merge value {transformation:[0.34206926304529317f,0.9295066354409213f,-0.13786237322398026f,-0.006010996668711424f,0f,-0.1467128647573888f,-0.989179121956524f,0.8079509841849504f,-0.9396747412161561f,0.33836777326745837f,-0.05018596152682375f,-0.06034671328228401f,0f,0f,0f,1f],start_interpolation:0}
execute if entity @s[tag=aj.axia.bone.coat_downer] run data modify entity @s {} merge value {transformation:[0.34206926304529317f,-0.04989677064693898f,0.9383490456960334f,-0.12169806888909024f,0f,0.998589197451017f,0.05310004457751097f,0.8648419821007524f,-0.9396747412161561f,-0.0181638931163014f,0.3415866708570602f,0.022250493024715698f,0f,0f,0f,1f],start_interpolation:0}
execute if entity @s[tag=aj.axia.bone.body_2] run data modify entity @s {} merge value {transformation:[0.34206926304529317f,0.12894653158169364f,0.9307853733663315f,-0.09555899435634692f,0f,0.9905399523261424f,-0.13722464372598442f,1.0861657526986248f,-0.9396747412161561f,0.0469403327510004f,0.3388332715091234f,0.04007993253951857f,0f,0f,0f,1f],start_interpolation:0}