execute if entity @s[tag=aj.axia.bone.wing_right_1] run data modify entity @s {} merge value {transformation:[-0.7628023439750984f,-0.12357517521628705f,-0.26420863827816826f,0.03259089322575533f,-0.08040613964676384f,0.8001766430147438f,-0.14211487299084807f,1.1137501599314001f,0.2803781039554357f,-0.10672844273371414f,-0.7595667204258197f,-0.35732237668144506f,0f,0f,0f,1f],start_interpolation:0}
execute if entity @s[tag=aj.axia.bone.wing_right_2] run data modify entity @s {} merge value {transformation:[-0.7366831202036035f,0.17410323058520735f,-0.2588166252520832f,0.03259089322575533f,0.22718261546391433f,0.7543257670800625f,-0.1392145694604226f,1.1137501599314001f,0.21374292886095303f,-0.20169457657277176f,-0.7440653587844765f,-0.35732237668144506f,0f,0f,0f,1f],start_interpolation:0}
execute if entity @s[tag=aj.axia.bone.wing_left_1] run data modify entity @s {} merge value {transformation:[-0.7927584595686489f,0.15071216458101552f,0.12555601408969622f,-0.02273740889668839f,0.12625788605839616f,0.7920917430097705f,-0.1536035849459682f,1.1159424320744213f,-0.15012466631054389f,-0.12969563812053622f,-0.7922033012188847f,-0.34976193649677384f,0f,0f,0f,1f],start_interpolation:0}
execute if entity @s[tag=aj.axia.bone.wing_left_2] run data modify entity @s {} merge value {transformation:[-0.773966861152043f,-0.16077269908197828f,0.12299364645521262f,-0.02273740889668839f,-0.1826546614912632f,0.7641965777687092f,-0.15046881790625458f,1.1159424320744213f,-0.08725005715738093f,-0.17365405194376887f,-0.7760358869082953f,-0.34976193649677384f,0f,0f,0f,1f],start_interpolation:0}
execute if entity @s[tag=aj.axia.bone.blade] run data modify entity @s {} merge value {transformation:[0.014291291504650373f,1.9737805636858503f,0.32246867352208997f,0.010537166219921568f,1.7881497633327297f,-0.1570389819187467f,0.8819632543655253f,1.0356074056907418f,0.8957210407711955f,0.2820089441381084f,-1.7658297688468945f,0.4561457168851053f,0f,0f,0f,1f],start_interpolation:0}
execute if entity @s[tag=aj.axia.bone.arm_right_2] run data modify entity @s {} merge value {transformation:[0.3840552067592064f,-0.9180244703250776f,-0.0986542956262139f,-0.23528132661283313f,-0.48567792417701433f,-0.10999173168214042f,-0.8671901596124526f,1.1769230802777966f,0.7852506301355319f,0.3809631095603946f,-0.48810711634417414f,0.2529796852140398f,0f,0f,0f,1f],start_interpolation:0}
execute if entity @s[tag=aj.axia.bone.arm_right_1] run data modify entity @s {} merge value {transformation:[0.06270431459522928f,-0.9893464144109055f,-0.1313843263994135f,-0.2577296079929109f,-0.5645792748733013f,0.07339261985983203f,-0.8221093392813684f,1.3989164085364283f,0.8229935669947124f,0.12572667037027294f,-0.5539624473219505f,-0.060482666718330386f,0f,0f,0f,1f],start_interpolation:0}
execute if entity @s[tag=aj.axia.bone.arm_left_2] run data modify entity @s {} merge value {transformation:[0.3104524209275379f,0.9437770207201694f,-0.11359678472910673f,0.4327399315580322f,0.5906584328592049f,-0.28515291584567953f,-0.7548578874708899f,1.131117833492947f,-0.744809982500596f,0.16725055977564626f,-0.6459762690859427f,0.1979792551869462f,0f,0f,0f,1f],start_interpolation:0}
execute if entity @s[tag=aj.axia.bone.arm_left_1] run data modify entity @s {} merge value {transformation:[-0.15605700979850595f,0.9811941602924252f,-0.11359678472910673f,0.37737555210904317f,0.6556708697680308f,0.016890241579654856f,-0.7548578874708899f,1.37633609803824f,-0.7387434739003671f,-0.19228296738770917f,-0.6459762690859427f,-0.0788867137488502f,0f,0f,0f,1f],start_interpolation:0}
execute if entity @s[tag=aj.axia.bone.ear_edge_a1] run data modify entity @s {} merge value {transformation:[-0.9652222294813007f,0.26080291982962683f,-0.01810758745631528f,0.25262357914558453f,0.2463728271812851f,0.9306100382254353f,0.27067579644429723f,2.0224927152477745f,0.0874441406947744f,0.2568010781955466f,-0.9625002485691925f,-0.03184694141188166f,0f,0f,0f,1f],start_interpolation:0}
execute if entity @s[tag=aj.axia.bone.ear_edge_a2] run data modify entity @s {} merge value {transformation:[-0.9941373073864032f,0.10659797999504463f,-0.01810758745631528f,0.1391880901429226f,0.09776008535555133f,0.9576938858166115f,0.27067579644429723f,2.0434042596990216f,0.046195018928314645f,0.26731870815649134f,-0.9625002485691925f,-0.02383209466409647f,0f,0f,0f,1f],start_interpolation:0}
execute if entity @s[tag=aj.axia.bone.ear_edge_b1] run data modify entity @s {} merge value {transformation:[-0.9411198273643601f,0.3294070016331179f,0.07605588614141523f,0.11537217002009471f,0.28844149427438254f,0.6650305618551359f,0.6888656299884643f,2.0580668820824344f,0.17633767300959327f,0.6702427762189769f,-0.7208880953406293f,-0.08358267567879264f,0f,0f,0f,1f],start_interpolation:0}
execute if entity @s[tag=aj.axia.bone.ear_edge_b2] run data modify entity @s {} merge value {transformation:[-0.9968505060001741f,0.02246265501762118f,0.07605588614141523f,0.1451911847401221f,0.06881841730760613f,0.7216149730014424f,0.6888656299884643f,2.0617548542255872f,-0.039409315224611025f,0.6919300975313092f,-0.7208880953406293f,-0.07691252968353048f,0f,0f,0f,1f],start_interpolation:0}
execute if entity @s[tag=aj.axia.bone.ear_right_2] run data modify entity @s {} merge value {transformation:[-0.9810636886716705f,0.17812787809093597f,0.07605588614141523f,0.21457094026827148f,0.18085660065943446f,0.701965122935969f,0.6888656299884643f,2.151299098889407f,0.06931759349435836f,0.6895762649832944f,-0.7208880953406293f,-0.027375449615260297f,0f,0f,0f,1f],start_interpolation:0}
execute if entity @s[tag=aj.axia.bone.ear_right_1] run data modify entity @s {} merge value {transformation:[-0.9810636886716705f,0.19283711791677233f,-0.01810758745631528f,0.17118258873699777f,0.18085660065943446f,0.9455292185951524f,0.27067579644429723f,1.9385550247054983f,0.06931759349435836f,0.26227531858029196f,-0.9625002485691925f,-0.0863873962958259f,0f,0f,0f,1f],start_interpolation:0}
execute if entity @s[tag=aj.axia.bone.ear_edge_a3] run data modify entity @s {} merge value {transformation:[-0.987081154165246f,-0.1393949115829783f,-0.0789927447084816f,-0.14402173010125058f,-0.1489744455539994f,0.9799529406605588f,0.1322832138353229f,2.0396967398235333f,0.05896956557143826f,0.14234216773499328f,-0.9880593593609743f,-0.019036026214391162f,0f,0f,0f,1f],start_interpolation:0}
execute if entity @s[tag=aj.axia.bone.ear_edge_a4] run data modify entity @s {} merge value {transformation:[-0.9967347156130187f,0.01673478339433615f,-0.0789927447084816f,-0.029044187137992075f,0.00615809111652528f,0.9911928315172578f,0.1322832138353229f,2.048976049571991f,0.08051077322716052f,0.1313648270030675f,-0.9880593593609743f,-0.026985846949742362f,0f,0f,0f,1f],start_interpolation:0}
execute if entity @s[tag=aj.axia.bone.ear_edge_b3] run data modify entity @s {} merge value {transformation:[-0.9713336249172226f,-0.22389871315357798f,-0.07987712659666821f,-0.006947878935238891f,-0.23354106361575266f,0.9615035652686347f,0.1448083753825287f,2.0443792747465754f,0.0443797331041021f,0.15931183328264156f,-0.9862302870353012f,-0.03093216822941413f,0f,0f,0f,1f],start_interpolation:0}
execute if entity @s[tag=aj.axia.bone.ear_edge_b4] run data modify entity @s {} merge value {transformation:[-0.9929816808572542f,0.08721826717243289f,-0.07987712659666821f,-0.035780290541592846f,0.07501019144584703f,0.9866123887314259f,0.1448083753825287f,2.054449642000903f,0.09143769824946066f,0.13780046543139138f,-0.9862302870353012f,-0.027118329044978295f,0f,0f,0f,1f],start_interpolation:0}
execute if entity @s[tag=aj.axia.bone.ear_left_2] run data modify entity @s {} merge value {transformation:[-0.9944003715741275f,-0.0691920924665302f,-0.07987712659666821f,-0.09401060385938727f,-0.08025348971639265f,0.9861997322081433f,0.1448083753825287f,2.162953221033735f,0.06875520635979418f,0.15040792044533302f,-0.9862302870353012f,-0.03815682890807063f,0f,0f,0f,1f],start_interpolation:0}
execute if entity @s[tag=aj.axia.bone.ear_left_1] run data modify entity @s {} merge value {transformation:[-0.9944003715741275f,-0.07020005197047705f,-0.0789927447084816f,-0.0782158500463213f,-0.08025348971639265f,0.9879577565492055f,0.1322832138353229f,1.9406631576629103f,0.06875520635979418f,0.13788192041599667f,-0.9880593593609743f,-0.0691834866274712f,0f,0f,0f,1f],start_interpolation:0}
execute if entity @s[tag=aj.axia.bone.head] run data modify entity @s {} merge value {transformation:[-0.9975937551332763f,0.009095877442430143f,-0.06873110454983868f,0.04396957917327525f,0.008432531829648277f,0.999915087526651f,0.009935297857236597f,1.4268421307687569f,0.06881563867341878f,0.009331813870964906f,-0.9975857482561824f,-0.05139344143751237f,0f,0f,0f,1f],start_interpolation:0}
execute if entity @s[tag=aj.axia.bone.body_1] run data modify entity @s {} merge value {transformation:[-0.9949741895467681f,0.013177281206323138f,-0.09926087545332994f,0.03902809872090407f,0.031573537637133595f,0.9820194385017489f,-0.1861207514647053f,1.058584841330601f,0.09502354369748849f,-0.18831936083345108f,-0.9775000483265727f,0.019226318875031786f,0f,0f,0f,1f],start_interpolation:0}
execute if entity @s[tag=aj.axia.bone.leg_left_2] run data modify entity @s {} merge value {transformation:[-0.9570667355478283f,-0.12455479222061708f,-0.2617429415336776f,0.2563399719785106f,-0.05310918069611642f,0.9630367046807797f,-0.26408279073686786f,0.7441583983327063f,0.284960837017318f,-0.2388439012670491f,-0.9283053981281837f,0.44049153579172373f,0f,0f,0f,1f],start_interpolation:0}
execute if entity @s[tag=aj.axia.bone.leg_left_1] run data modify entity @s {} merge value {transformation:[-0.9570667355478283f,-0.28893544606103294f,-0.023228683073630692f,0.1669757567514864f,-0.05310918069611642f,0.25356755431709826f,-0.9658586388925829f,0.7588127341484239f,0.284960837017318f,-0.9231575181989026f,-0.25802619626548035f,0.1430849206920056f,0f,0f,0f,1f],start_interpolation:0}
execute if entity @s[tag=aj.axia.bone.leg_right_2] run data modify entity @s {} merge value {transformation:[-0.981706424237378f,0.18912713207311027f,0.02198691712954913f,-0.12722043169242206f,0.1772833651100261f,0.9500776702412053f,-0.2567548031961797f,0.6414193999105133f,-0.0694485785767178f,-0.24815992509437135f,-0.9662264468078017f,0.48306859921176154f,0f,0f,0f,1f],start_interpolation:0}
execute if entity @s[tag=aj.axia.bone.leg_right_1] run data modify entity @s {} merge value {transformation:[-0.981706424237378f,0.14484884983725405f,-0.12357713102304159f,-0.08206278197423003f,0.1772833651100261f,0.4586517047515995f,-0.8707521014523691f,0.7664277196144118f,-0.0694485785767178f,-0.8767311015523951f,-0.47594061657353576f,0.16384450993161814f,0f,0f,0f,1f],start_interpolation:0}
execute if entity @s[tag=aj.axia.bone.coat_downer] run data modify entity @s {} merge value {transformation:[-0.9949741895467681f,-0.020497851159861444f,-0.09801122503866669f,0.033913235444420625f,0.031573537637133595f,0.8646642506508541f,-0.5013570039078679f,0.8147931462942446f,0.09502354369748849f,-0.5019318397394463f,-0.8596714223463208f,0.12889081790554704f,0f,0f,0f,1f],start_interpolation:0}
execute if entity @s[tag=aj.axia.bone.body_2] run data modify entity @s {} merge value {transformation:[-0.9949741895467681f,-0.021863835621130413f,-0.09771558129430631f,0.03680127052865843f,0.031573537637133595f,0.8575823879460858f,-0.513376625496103f,1.006162542838158f,0.09502354369748849f,-0.5138817184689698f,-0.8525820227793628f,0.013328000000000007f,0f,0f,0f,1f],start_interpolation:0}