execute if entity @s[tag=aj.frestchika_v2.bone.hair] run data modify entity @s {} merge value {transformation:[-0.7696958453983697f,-0.6251298581301563f,-0.12954136810555733f,-0.08984148478613799f,-0.483374443683554f,0.43810376042112237f,0.7579012087986707f,1.2115679585444314f,-0.41703411463584567f,0.6459703983767694f,-0.6393784416531838f,-0.16633893372298353f,0f,0f,0f,1f],start_interpolation:0}
execute if entity @s[tag=aj.frestchika_v2.bone.side_hair_2] run data modify entity @s {} merge value {transformation:[-0.6812556639788195f,-0.7050745785627333f,-0.19687701481219638f,0.07090724557733052f,-0.5699275754386337f,0.3420587696716175f,0.7471133493957793f,1.6045786034949578f,-0.4594271205005405f,0.6211808406215724f,-0.6348709193160906f,0.36625366373071555f,0f,0f,0f,1f],start_interpolation:0}
execute if entity @s[tag=aj.frestchika_v2.bone.side_hair_1] run data modify entity @s {} merge value {transformation:[-0.6812556639788195f,-0.7320052658699522f,-0.0076818640601270805f,-0.32040932196825156f,-0.5699275754386337f,0.5237705634084407f,0.6331247552113604f,1.7172250049846578f,-0.4594271205005405f,0.43569793165158033f,-0.7740116493329517f,0.46227969397072755f,0f,0f,0f,1f],start_interpolation:0}
execute if entity @s[tag=aj.frestchika_v2.bone.head] run data modify entity @s {} merge value {transformation:[-0.7696958453983697f,-0.6271180164680401f,0.11954622117691502f,-0.23516925617551504f,-0.483374443683554f,0.6947913333460293f,0.532554363704647f,1.185546750004761f,-0.41703411463584567f,0.35211929303637673f,-0.8379108250294051f,0.13204473488864127f,0f,0f,0f,1f],start_interpolation:0}
execute if entity @s[tag=aj.frestchika_v2.bone.group] run data modify entity @s {} merge value {transformation:[-0.000008379978038573229f,-3.2774355649456415e-7f,0.000005446884635661626f,-0.4686651073225454f,-2.100531839724182e-8f,0.000009983809902736231f,5.684176304663409e-7f,1.1865531672145695f,-0.000005456695598036362f,4.648913714000659e-7f,-0.000008367099208397636f,-0.6080422847132697f,0f,0f,0f,1f],start_interpolation:0}
execute if entity @s[tag=aj.frestchika_v2.bone.group2] run data modify entity @s {} merge value {transformation:[-0.000008379978038573229f,-3.2774355649456415e-7f,0.000005446884635661626f,-0.4686651073225454f,-2.100531839724182e-8f,0.000009983809902736231f,5.684176304663409e-7f,1.1865531672145695f,-0.000005456695598036362f,4.648913714000659e-7f,-0.000008367099208397636f,-0.6080422847132697f,0f,0f,0f,1f],start_interpolation:0}
execute if entity @s[tag=aj.frestchika_v2.bone.group3] run data modify entity @s {} merge value {transformation:[-0.000008379978038573229f,-3.2774355649456415e-7f,0.000005446884635661626f,-0.4686651073225454f,-2.100531839724182e-8f,0.000009983809902736231f,5.684176304663409e-7f,1.1865531672145695f,-0.000005456695598036362f,4.648913714000659e-7f,-0.000008367099208397636f,-0.6080422847132697f,0f,0f,0f,1f],start_interpolation:0}
execute if entity @s[tag=aj.frestchika_v2.locator_origin.muzzle] at @s on origin run tp @s ^-0.46867 ^1.18656 ^-0.60805 ~33.06366 ~3.25855
execute if entity @s[tag=aj.frestchika_v2.bone.gun] run data modify entity @s {} merge value {transformation:[-0.000008379978038573229f,-3.2774355649456415e-7f,0.000005446884635661626f,-0.46866300835875985f,-2.100531839724182e-8f,0.000009983809902736231f,5.684176304663409e-7f,1.1865553046400663f,-0.000005456695598036362f,4.648913714000659e-7f,-0.000008367099208397636f,-0.6080463754064976f,0f,0f,0f,1f],start_interpolation:0}
execute if entity @s[tag=aj.frestchika_v2.bone.sword] run data modify entity @s {} merge value {transformation:[-0.03449140414193141f,-0.28150150792989354f,1.0134554534726792f,-0.44934298730872146f,1.0506861703540584f,-0.05638633091569167f,0.02009639800035682f,0.9234807800844129f,0.04892470303477149f,1.012473305731594f,0.2828937799137644f,-0.5239600124802073f,0f,0f,0f,1f],start_interpolation:0}
execute if entity @s[tag=aj.frestchika_v2.bone.arm_right_1] run data modify entity @s {} merge value {transformation:[-0.8379978038573228f,-0.03277435564945641f,0.5446884635661625f,-0.17955628462355788f,-0.0021005318397241818f,0.9983809902736231f,0.05684176304663409f,1.190056097291169f,-0.5456695598036362f,0.04648913714000659f,-0.8367099208397635f,-0.47936128909096976f,0f,0f,0f,1f],start_interpolation:0}
execute if entity @s[tag=aj.frestchika_v2.bone.arm_right_0] run data modify entity @s {} merge value {transformation:[-0.03074351176826366f,-0.03277435564945641f,0.9989898288250574f,-0.22112986206580357f,0.04548506584236655f,0.9983809902736231f,0.03415416585974501f,1.172986934100551f,-0.998491835354436f,0.04648913714000659f,-0.029202993999031184f,-0.1421001179606043f,0f,0f,0f,1f],start_interpolation:0}
execute if entity @s[tag=aj.frestchika_v2.bone.arm_left_1] run data modify entity @s {} merge value {transformation:[0.11720379202019138f,-0.6517693931205436f,0.7493062987372827f,0.06625673633336371f,0.39174677265392205f,0.723666370520808f,0.568191385267743f,1.1276452320271884f,-0.9125775239678674f,0.22694413931300106f,0.3401449990521061f,0.6221784810288237f,0f,0f,0f,1f],start_interpolation:0}
execute if entity @s[tag=aj.frestchika_v2.bone.arm_left_0] run data modify entity @s {} merge value {transformation:[-0.47326481820381117f,-0.6517693931205436f,0.5926356975763372f,-0.11790581558723073f,-0.15425434785862863f,0.723666370520808f,0.6726905531847089f,1.0526346304896461f,-0.8673096379132558f,0.22694413931300106f,-0.4430240959747655f,0.33246461075839556f,0f,0f,0f,1f],start_interpolation:0}
execute if entity @s[tag=aj.frestchika_v2.bone.right_wing_0] run data modify entity @s {} merge value {transformation:[-0.2299650185746972f,-0.6271180164680401f,0.7442036573768837f,0.35008820543608354f,0.26675928222228595f,0.6947913333460293f,0.6679105392606839f,1.3780926676988556f,-0.9359249839491356f,0.35211929303637673f,0.0075118500632199514f,-0.17136802478934604f,0f,0f,0f,1f],start_interpolation:0}
execute if entity @s[tag=aj.frestchika_v2.bone.right_wing_1] run data modify entity @s {} merge value {transformation:[-0.2299650185746972f,-0.6271180164680401f,0.7442036573768837f,-0.48973265906721875f,0.26675928222228595f,0.6947913333460293f,0.6679105392606839f,1.417622801300496f,-0.9359249839491356f,0.35211929303637673f,0.0075118500632199514f,0.4736350054999407f,0f,0f,0f,1f],start_interpolation:0}
execute if entity @s[tag=aj.frestchika_v2.bone.right_wing_2] run data modify entity @s {} merge value {transformation:[-0.2299650185746972f,-0.6271180164680401f,0.7442036573768837f,-0.47653691489235095f,0.26675928222228595f,0.6947913333460293f,0.6679105392606839f,1.4029282182863683f,-0.9359249839491356f,0.35211929303637673f,0.0075118500632199514f,0.4728822999051906f,0f,0f,0f,1f],start_interpolation:0}
execute if entity @s[tag=aj.frestchika_v2.bone.left_wing_0] run data modify entity @s {} merge value {transformation:[-0.2299650185746972f,-0.6271180164680401f,0.7442036573768837f,0.35008820543608354f,0.26675928222228595f,0.6947913333460293f,0.6679105392606839f,1.3780926676988556f,-0.9359249839491356f,0.35211929303637673f,0.0075118500632199514f,-0.17136802478934604f,0f,0f,0f,1f],start_interpolation:0}
execute if entity @s[tag=aj.frestchika_v2.bone.left_wing_1] run data modify entity @s {} merge value {transformation:[-0.2299650185746972f,-0.6271180164680401f,0.7442036573768837f,-0.48973265906721875f,0.26675928222228595f,0.6947913333460293f,0.6679105392606839f,1.417622801300496f,-0.9359249839491356f,0.35211929303637673f,0.0075118500632199514f,0.4736350054999407f,0f,0f,0f,1f],start_interpolation:0}
execute if entity @s[tag=aj.frestchika_v2.bone.left_wing_2] run data modify entity @s {} merge value {transformation:[-0.2299650185746972f,-0.6271180164680401f,0.7442036573768837f,-0.47653691489235095f,0.26675928222228595f,0.6947913333460293f,0.6679105392606839f,1.4029282182863683f,-0.9359249839491356f,0.35211929303637673f,0.0075118500632199514f,0.4728822999051906f,0f,0f,0f,1f],start_interpolation:0}
execute if entity @s[tag=aj.frestchika_v2.bone.leg_right_1] run data modify entity @s {} merge value {transformation:[-0.026555404120832935f,0.1536765058471797f,0.9877643150380463f,-0.04640796689753056f,0.7739349555166145f,0.6285680912077557f,-0.07698596849383826f,0.34763160063025994f,-0.6327080647039951f,0.7624209377148821f,-0.13562749939626825f,-0.4341435822638493f,0f,0f,0f,1f],start_interpolation:0}
execute if entity @s[tag=aj.frestchika_v2.bone.leg_right_0] run data modify entity @s {} merge value {transformation:[-0.026555404120832935f,0.1536765058471797f,0.9877643150380463f,0.011220722795161831f,0.7739349555166145f,0.6285680912077557f,-0.07698596849383826f,0.5833446348331683f,-0.6327080647039951f,0.7624209377148821f,-0.13562749939626825f,-0.14823573062076853f,0f,0f,0f,1f],start_interpolation:0}
execute if entity @s[tag=aj.frestchika_v2.bone.leg_left_1] run data modify entity @s {} merge value {transformation:[0.01262094117013007f,-0.32998349490466183f,0.9439023280692155f,-0.2524234100931815f,-0.4105300250983426f,0.8590392338654503f,0.30580499206620887f,0.4465539222588017f,-0.9117597327896939f,-0.39135979324703857f,-0.12462624881179997f,0.1797463338671537f,0f,0f,0f,1f],start_interpolation:0}
execute if entity @s[tag=aj.frestchika_v2.bone.leg_left_0] run data modify entity @s {} merge value {transformation:[0.01262094117013007f,0.7741170502068837f,0.6329166646747207f,0.042677651920442844f,-0.4105300250983426f,0.5811714163331438f,-0.702641361812754f,0.5871280389424466f,-0.9117597327896939f,-0.2509632989429333f,0.3251332223057886f,0.12053617074422333f,0f,0f,0f,1f],start_interpolation:0}
execute if entity @s[tag=aj.frestchika_v2.bone.body_0] run data modify entity @s {} merge value {transformation:[-0.0016094371190291668f,-0.03331514001751934f,0.9994436007888453f,0f,0.013039097617986273f,0.9993592303983044f,0.03333332493192215f,0.925f,-0.9999136920982071f,0.013085490564803695f,-0.0011740064778020627f,0f,0f,0f,0f,1f],start_interpolation:0}
execute if entity @s[tag=aj.frestchika_v2.bone.body_1] run data modify entity @s {} merge value {transformation:[-0.2299650185746972f,-0.6271180164680401f,0.7442036573768837f,0f,0.26675928222228595f,0.6947913333460293f,0.6679105392606839f,0.925f,-0.9359249839491356f,0.35211929303637673f,0.0075118500632199514f,0f,0f,0f,0f,1f],start_interpolation:0}