execute if entity @s[tag=aj.frestchika_v2.bone.hair] run data modify entity @s {} merge value {transformation:[-0.949760002489186f,-0.027885336013281595f,0.31173441533967283f,0.09861912290050306f,0.09705979782103302f,0.9206757510431879f,0.3780681910555317f,1.2909132163310215f,-0.29754887551237946f,0.3893309254047104f,-0.8717144585268907f,-0.24224809190503993f,0f,0f,0f,1f],start_interpolation:0}
execute if entity @s[tag=aj.frestchika_v2.bone.side_hair_2] run data modify entity @s {} merge value {transformation:[-0.9469780414565631f,-0.15716132217755097f,0.28023723487519614f,0.5559278587160413f,-0.06926714042693793f,0.9515539230632732f,0.2995783616350972f,1.568101528360056f,-0.3137429716442532f,0.2642828982630133f,-0.9119867857757233f,0.23579807051787147f,0f,0f,0f,1f],start_interpolation:0}
execute if entity @s[tag=aj.frestchika_v2.bone.side_hair_1] run data modify entity @s {} merge value {transformation:[-0.9469780414565631f,-0.09575253871372814f,0.3066986148142306f,0.36896671400024084f,-0.06926714042693793f,0.9929555382571409f,0.0961320045642776f,1.9416954469705638f,-0.3137429716442532f,0.06979076138248831f,-0.9469395954175144f,0.21317108150710978f,0f,0f,0f,1f],start_interpolation:0}
execute if entity @s[tag=aj.frestchika_v2.bone.head] run data modify entity @s {} merge value {transformation:[-0.949760002489186f,0.0629451653543236f,0.3065841545648733f,0.02360443700787135f,0.09705979782103302f,0.9905093990951724f,0.09731662731034467f,1.4399774016138147f,-0.29754887551237946f,0.12218443625371107f,-0.9468556543732953f,0.045819163595141654f,0f,0f,0f,1f],start_interpolation:0}
execute if entity @s[tag=aj.frestchika_v2.bone.group] run data modify entity @s {} merge value {transformation:[-0.000005930770134086581f,8.639003696795602e-7f,0.000008004976062918249f,-0.18136209965286557f,-0.000004148875250513737f,0.000008192742356379138f,-0.0000039580054115255826f,1.0931488781735452f,-0.0000069002028790682094f,-0.000005668566735362541f,-0.000004500505682080632f,-0.6992632746132117f,0f,0f,0f,1f],start_interpolation:0}
execute if entity @s[tag=aj.frestchika_v2.bone.group2] run data modify entity @s {} merge value {transformation:[-0.000005930770134086581f,8.639003696795602e-7f,0.000008004976062918249f,-0.18136209965286557f,-0.000004148875250513737f,0.000008192742356379138f,-0.0000039580054115255826f,1.0931488781735452f,-0.0000069002028790682094f,-0.000005668566735362541f,-0.000004500505682080632f,-0.6992632746132117f,0f,0f,0f,1f],start_interpolation:0}
execute if entity @s[tag=aj.frestchika_v2.bone.group3] run data modify entity @s {} merge value {transformation:[-0.000005930770134086581f,8.639003696795602e-7f,0.000008004976062918249f,-0.18136209965286557f,-0.000004148875250513737f,0.000008192742356379138f,-0.0000039580054115255826f,1.0931488781735452f,-0.0000069002028790682094f,-0.000005668566735362541f,-0.000004500505682080632f,-0.6992632746132117f,0f,0f,0f,1f],start_interpolation:0}
execute if entity @s[tag=aj.frestchika_v2.locator_origin.muzzle] at @s on origin run tp @s ^-0.18136 ^1.09315 ^-0.69927 ~60.65472 ~-23.31591
execute if entity @s[tag=aj.frestchika_v2.bone.gun] run data modify entity @s {} merge value {transformation:[-0.000005930770134086581f,8.639003696795602e-7f,0.000008004976062918249f,-0.1813584633438668f,-0.000004148875250513737f,0.000008192742356379138f,-0.0000039580054115255826f,1.093148364519173f,-0.0000069002028790682094f,-0.000005668566735362541f,-0.000004500505682080632f,-0.699266770528523f,0f,0f,0f,1f],start_interpolation:0}
execute if entity @s[tag=aj.frestchika_v2.bone.sword] run data modify entity @s {} merge value {transformation:[0.09091601100470728f,-0.615760164991118f,0.848586124240258f,-0.2271451557732629f,0.8621960128429843f,0.528553164084939f,0.2911602656157958f,0.9357756357184008f,-0.5965542946628184f,0.6700714021997289f,0.5501381658942018f,-0.4761314121921464f,0f,0f,0f,1f],start_interpolation:0}
execute if entity @s[tag=aj.frestchika_v2.bone.arm_right_1] run data modify entity @s {} merge value {transformation:[-0.593077013408658f,0.08639003696795601f,0.8004976062918249f,0.04400181059745277f,-0.4148875250513737f,0.8192742356379138f,-0.39580054115255825f,1.203011611383208f,-0.6900202879068209f,-0.566856673536254f,-0.45005056820806316f,-0.5061408566388825f,0f,0f,0f,1f],start_interpolation:0}
execute if entity @s[tag=aj.frestchika_v2.bone.arm_right_0] run data modify entity @s {} merge value {transformation:[0.06959614844299339f,0.08639003696795601f,0.9938275190567908f,-0.00593301352246238f,-0.5725567045050562f,0.8192742356379138f,-0.03112148688963891f,1.414673793842097f,-0.8169058674340702f,-0.566856673536254f,0.10648152618741909f,-0.20783705368482508f,0f,0f,0f,1f],start_interpolation:0}
execute if entity @s[tag=aj.frestchika_v2.bone.arm_left_1] run data modify entity @s {} merge value {transformation:[-0.08043775496035896f,0.04819276088023032f,0.9955939058550319f,0.05325265062230404f,-0.009916763229113454f,0.9987423548707319f,-0.04914637722480326f,1.3212172653891623f,-0.9967103016343288f,-0.013826293285110716f,-0.07985867661061727f,0.6551859389619237f,0f,0f,0f,1f],start_interpolation:0}
execute if entity @s[tag=aj.frestchika_v2.bone.arm_left_0] run data modify entity @s {} merge value {transformation:[-0.030647085292032847f,0.04819276088023032f,0.9983677749015358f,0.04401229078517976f,-0.012357315897879258f,0.9987423548707319f,-0.048590177310491235f,1.316450577626533f,-0.9994538773284652f,-0.013826293285110716f,-0.030013008964301077f,0.27865614129981386f,0f,0f,0f,1f],start_interpolation:0}
execute if entity @s[tag=aj.frestchika_v2.bone.right_wing_0] run data modify entity @s {} merge value {transformation:[-0.10356778841172637f,0.0629451653543236f,0.9926286412158479f,0.53914018176851f,0.12824912748506348f,0.9905093990951724f,-0.04942966319367614f,1.1010934901607334f,-0.9863193572585016f,0.12218443625371107f,-0.11065753040141009f,-0.25590938984400313f,0f,0f,0f,1f],start_interpolation:0}
execute if entity @s[tag=aj.frestchika_v2.bone.right_wing_1] run data modify entity @s {} merge value {transformation:[-0.10356778841172637f,0.0629451653543236f,0.9926286412158479f,0.040369951844356086f,0.12824912748506348f,0.9905093990951724f,-0.04942966319367614f,1.852978169731057f,-0.9863193572585016f,0.12218443625371107f,-0.11065753040141009f,0.2997778525584466f,0f,0f,0f,1f],start_interpolation:0}
execute if entity @s[tag=aj.frestchika_v2.bone.right_wing_2] run data modify entity @s {} merge value {transformation:[-0.10356778841172637f,0.0629451653543236f,0.9926286412158479f,0.039837028671535796f,0.12824912748506348f,0.9905093990951724f,-0.04942966319367614f,1.8336045614512408f,-0.9863193572585016f,0.12218443625371107f,-0.11065753040141009f,0.3036513903615551f,0f,0f,0f,1f],start_interpolation:0}
execute if entity @s[tag=aj.frestchika_v2.bone.left_wing_0] run data modify entity @s {} merge value {transformation:[-0.10356778841172637f,0.0629451653543236f,0.9926286412158479f,0.53914018176851f,0.12824912748506348f,0.9905093990951724f,-0.04942966319367614f,1.1010934901607334f,-0.9863193572585016f,0.12218443625371107f,-0.11065753040141009f,-0.25590938984400313f,0f,0f,0f,1f],start_interpolation:0}
execute if entity @s[tag=aj.frestchika_v2.bone.left_wing_1] run data modify entity @s {} merge value {transformation:[-0.10356778841172637f,0.0629451653543236f,0.9926286412158479f,0.040369951844356086f,0.12824912748506348f,0.9905093990951724f,-0.04942966319367614f,1.852978169731057f,-0.9863193572585016f,0.12218443625371107f,-0.11065753040141009f,0.2997778525584466f,0f,0f,0f,1f],start_interpolation:0}
execute if entity @s[tag=aj.frestchika_v2.bone.left_wing_2] run data modify entity @s {} merge value {transformation:[-0.10356778841172637f,0.0629451653543236f,0.9926286412158479f,0.039837028671535796f,0.12824912748506348f,0.9905093990951724f,-0.04942966319367614f,1.8336045614512408f,-0.9863193572585016f,0.12218443625371107f,-0.11065753040141009f,0.3036513903615551f,0f,0f,0f,1f],start_interpolation:0}
execute if entity @s[tag=aj.frestchika_v2.bone.leg_right_1] run data modify entity @s {} merge value {transformation:[-0.09017388575370078f,-0.33822308048033944f,0.9367357248223579f,-0.1581952548935485f,0.5476452733302648f,0.768760203772087f,0.33029139209994357f,0.41703126787257083f,-0.8318373187872121f,0.5427825503152149f,0.11590417656932367f,-0.30043837357440273f,0f,0f,0f,1f],start_interpolation:0}
execute if entity @s[tag=aj.frestchika_v2.bone.leg_right_0] run data modify entity @s {} merge value {transformation:[-0.09017388575370078f,0.2922780928249613f,0.9520725743254459f,-0.0246575605547207f,0.5476452733302648f,0.813014040122666f,-0.1977190561439122f,0.701492351354825f,-0.8318373187872121f,0.5035689496166569f,-0.23337735120375044f,-0.12763757253326774f,0f,0f,0f,1f],start_interpolation:0}
execute if entity @s[tag=aj.frestchika_v2.bone.leg_left_1] run data modify entity @s {} merge value {transformation:[-0.12496015046014522f,-0.21047446290617744f,0.9695800437619032f,-0.07765011473549868f,-0.2777299016450886f,0.9455923653672615f,0.1694732435854009f,0.44143797026767323f,-0.952497276914316f,-0.2481039681736335f,-0.1766164161319931f,0.2349630019829095f,0f,0f,0f,1f],start_interpolation:0}
execute if entity @s[tag=aj.frestchika_v2.bone.leg_left_0] run data modify entity @s {} merge value {transformation:[-0.12496015046014522f,0.2873122538784038f,0.9496507934858421f,0.04186751093867001f,-0.2777299016450886f,0.9087588796473496f,-0.31148579485155214f,0.7793029307792608f,-0.952497276914316f,-0.3026697332628511f,-0.033763442321648005f,0.12076829993456648f,0f,0f,0f,1f],start_interpolation:0}
execute if entity @s[tag=aj.frestchika_v2.bone.body_0] run data modify entity @s {} merge value {transformation:[-0.1232508539677016f,0.023615467077972144f,0.9920945200488316f,0f,-0.000026671136073045548f,0.9997167343598415f,-0.023800217006246294f,1.068536376953125f,-0.9923755470006719f,-0.0029598573585780334f,-0.1232153113843165f,0f,0f,0f,0f,1f],start_interpolation:0}
execute if entity @s[tag=aj.frestchika_v2.bone.body_1] run data modify entity @s {} merge value {transformation:[-0.10356778841172637f,0.0629451653543236f,0.9926286412158479f,0f,0.12824912748506348f,0.9905093990951724f,-0.04942966319367614f,1.068536376953125f,-0.9863193572585016f,0.12218443625371107f,-0.11065753040141009f,0f,0f,0f,0f,1f],start_interpolation:0}