execute if entity @s[tag=aj.frestchika_v2.bone.hair] run data modify entity @s {} merge value {transformation:[-0.6972441400955727f,-0.05683117058187925f,0.7145773766028971f,0.18623434699860245f,-0.0762993493024282f,0.997073161152445f,0.004849804686401057f,1.331855473808809f,-0.7127615438548934f,-0.05114029096283604f,-0.6995396001956036f,-0.20400308664456357f,0f,0f,0f,1f],start_interpolation:0}
execute if entity @s[tag=aj.frestchika_v2.bone.side_hair_2] run data modify entity @s {} merge value {transformation:[-0.6972441400955727f,-0.07280110875284013f,0.7131273432331301f,0.29879233002962596f,-0.0762993493024282f,0.9967151993238587f,0.027151809015731096f,1.6902031336231345f,-0.7127615438548934f,-0.03547971252924454f,-0.7005085092990881f,0.3313194078592078f,0f,0f,0f,1f],start_interpolation:0}
execute if entity @s[tag=aj.frestchika_v2.bone.side_hair_1] run data modify entity @s {} merge value {transformation:[-0.6972441400955727f,-0.07280110875284013f,0.7131273432331301f,0.16024515835094358f,-0.0762993493024282f,0.9967151993238587f,0.027151809015731096f,2.064140129266273f,-0.7127615438548934f,-0.03547971252924454f,-0.7005085092990881f,0.2047703233223703f,0f,0f,0f,1f],start_interpolation:0}
execute if entity @s[tag=aj.frestchika_v2.bone.head] run data modify entity @s {} merge value {transformation:[-0.6972441400955727f,-0.07280110875284013f,0.7131273432331301f,-0.027300415782315048f,-0.0762993493024282f,0.9967151993238587f,0.027151809015731096f,1.501758922402697f,-0.7127615438548934f,-0.03547971252924454f,-0.7005085092990881f,-0.013304892198466704f,0f,0f,0f,1f],start_interpolation:0}
execute if entity @s[tag=aj.frestchika_v2.bone.group] run data modify entity @s {} merge value {transformation:[-0.0000051577478177754094f,-0.000004664597735273272f,0.000007186039619729108f,-0.2909826911766326f,-0.000008470820774983247f,0.0000040315139214736586f,-0.0000034629598465873517f,0.8737001783695802f,-0.000001281730410946553f,-0.000007873272729243382f,-0.0000060306503533704595f,-0.4365232201901064f,0f,0f,0f,1f],start_interpolation:0}
execute if entity @s[tag=aj.frestchika_v2.bone.group2] run data modify entity @s {} merge value {transformation:[-0.0000051577478177754094f,-0.000004664597735273272f,0.000007186039619729108f,-0.2909826911766326f,-0.000008470820774983247f,0.0000040315139214736586f,-0.0000034629598465873517f,0.8737001783695802f,-0.000001281730410946553f,-0.000007873272729243382f,-0.0000060306503533704595f,-0.4365232201901064f,0f,0f,0f,1f],start_interpolation:0}
execute if entity @s[tag=aj.frestchika_v2.bone.group3] run data modify entity @s {} merge value {transformation:[-0.0000051577478177754094f,-0.000004664597735273272f,0.000007186039619729108f,-0.2909826911766326f,-0.000008470820774983247f,0.0000040315139214736586f,-0.0000034629598465873517f,0.8737001783695802f,-0.000001281730410946553f,-0.000007873272729243382f,-0.0000060306503533704595f,-0.4365232201901064f,0f,0f,0f,1f],start_interpolation:0}
execute if entity @s[tag=aj.frestchika_v2.locator_origin.muzzle] at @s on origin run tp @s ^-0.29099 ^0.87369 ^-0.43653 ~49.99604 ~-20.26093
execute if entity @s[tag=aj.frestchika_v2.bone.gun] run data modify entity @s {} merge value {transformation:[-0.0000051577478177754094f,-0.000004664597735273272f,0.000007186039619729108f,-0.29098043910206517f,-0.000008470820774983247f,0.0000040315139214736586f,-0.0000034629598465873517f,0.8736989139462886f,-0.000001281730410946553f,-0.000007873272729243382f,-0.0000060306503533704595f,-0.4365275833772093f,0f,0f,0f,1f],start_interpolation:0}
execute if entity @s[tag=aj.frestchika_v2.bone.sword] run data modify entity @s {} merge value {transformation:[-0.49089760106242386f,-0.5580280203183166f,0.7450832073740339f,-0.19200417718251664f,0.42427249358196645f,0.615638514217139f,0.740612437852791f,0.8471438391847999f,-0.8285753487528442f,0.6458472423508009f,-0.06220082866785908f,-0.17933016368841564f,0f,0f,0f,1f],start_interpolation:0}
execute if entity @s[tag=aj.frestchika_v2.bone.arm_right_1] run data modify entity @s {} merge value {transformation:[-0.5157747817775409f,-0.46645977352732715f,0.7186039619729108f,-0.09387288582691328f,-0.8470820774983246f,0.40315139214736584f,-0.3462959846587351f,1.121096231042628f,-0.12817304109465527f,-0.787327272924338f,-0.6030650353370459f,-0.42662886459446936f,0f,0f,0f,1f],start_interpolation:0}
execute if entity @s[tag=aj.frestchika_v2.bone.arm_right_0] run data modify entity @s {} merge value {transformation:[0.00565698571665052f,-0.46645977352732715f,0.8845243231214369f,-0.11016779485496904f,-0.8887176962798998f,0.40315139214736584f,0.2182883673689193f,1.4537197658982353f,-0.4584199546611698f,-0.787327272924338f,-0.41227043366942473f,-0.2466547095184158f,0f,0f,0f,1f],start_interpolation:0}
execute if entity @s[tag=aj.frestchika_v2.bone.arm_left_1] run data modify entity @s {} merge value {transformation:[0.8619210956863861f,0.08697524435280794f,-0.4995271080537561f,-0.261860568373695f,-0.2639011062161706f,0.9181742499738639f,-0.29548646808748147f,1.3849664946650002f,0.43295292001401386f,0.3865117767348132f,0.8143466187666263f,0.4068065496747153f,0f,0f,0f,1f],start_interpolation:0}
execute if entity @s[tag=aj.frestchika_v2.bone.arm_left_0] run data modify entity @s {} merge value {transformation:[0.9485261543076275f,0.08697524435280794f,0.3045216600902996f,0.06946034372133365f,0.04227318228763101f,0.9181742499738639f,-0.3939149968511093f,1.4144636508429729f,-0.3138647999595676f,0.3865117767348132f,0.8672355699529619f,0.262179012032866f,0f,0f,0f,1f],start_interpolation:0}
execute if entity @s[tag=aj.frestchika_v2.bone.right_wing_0] run data modify entity @s {} merge value {transformation:[-0.3412450557960022f,-0.07280110875284013f,0.9371509005806591f,0.45551605526817834f,-0.05832035657738747f,0.9967151993238587f,0.056192058562461164f,1.1826575997578512f,-0.9381633908352369f,-0.03547971252924454f,-0.34436992042768844f,-0.38306445015036483f,0f,0f,0f,1f],start_interpolation:0}
execute if entity @s[tag=aj.frestchika_v2.bone.right_wing_1] run data modify entity @s {} merge value {transformation:[-0.3412450557960022f,-0.07280110875284013f,0.9371509005806591f,-0.02129513584634356f,-0.05832035657738747f,0.9967151993238587f,0.056192058562461164f,1.9513054570891097f,-0.9381633908352369f,-0.03547971252924454f,-0.34436992042768844f,0.16895202102419762f,0f,0f,0f,1f],start_interpolation:0}
execute if entity @s[tag=aj.frestchika_v2.bone.right_wing_2] run data modify entity @s {} merge value {transformation:[-0.3412450557960022f,-0.07280110875284013f,0.9371509005806591f,-0.017797333458502772f,-0.05832035657738747f,0.9967151993238587f,0.056192058562461164f,1.9329815493303957f,-0.9381633908352369f,-0.03547971252924454f,-0.34436992042768844f,0.1754807868268412f,0f,0f,0f,1f],start_interpolation:0}
execute if entity @s[tag=aj.frestchika_v2.bone.left_wing_0] run data modify entity @s {} merge value {transformation:[-0.3412450557960022f,-0.07280110875284013f,0.9371509005806591f,0.45551605526817834f,-0.05832035657738747f,0.9967151993238587f,0.056192058562461164f,1.1826575997578512f,-0.9381633908352369f,-0.03547971252924454f,-0.34436992042768844f,-0.38306445015036483f,0f,0f,0f,1f],start_interpolation:0}
execute if entity @s[tag=aj.frestchika_v2.bone.left_wing_1] run data modify entity @s {} merge value {transformation:[-0.3412450557960022f,-0.07280110875284013f,0.9371509005806591f,-0.02129513584634356f,-0.05832035657738747f,0.9967151993238587f,0.056192058562461164f,1.9513054570891097f,-0.9381633908352369f,-0.03547971252924454f,-0.34436992042768844f,0.16895202102419762f,0f,0f,0f,1f],start_interpolation:0}
execute if entity @s[tag=aj.frestchika_v2.bone.left_wing_2] run data modify entity @s {} merge value {transformation:[-0.3412450557960022f,-0.07280110875284013f,0.9371509005806591f,-0.017797333458502772f,-0.05832035657738747f,0.9967151993238587f,0.056192058562461164f,1.9329815493303957f,-0.9381633908352369f,-0.03547971252924454f,-0.34436992042768844f,0.1754807868268412f,0f,0f,0f,1f],start_interpolation:0}
execute if entity @s[tag=aj.frestchika_v2.bone.leg_right_1] run data modify entity @s {} merge value {transformation:[-0.03468703067193281f,-0.28893447980459913f,0.95672027065554f,-0.36067804903186973f,0.019098643161828757f,0.9569298891044161f,0.289690229672985f,0.531691178602901f,-0.9992157183173918f,0.02832055293696449f,-0.02767479988731749f,-0.06520723750126974f,0f,0f,0f,1f],start_interpolation:0}
execute if entity @s[tag=aj.frestchika_v2.bone.leg_right_0] run data modify entity @s {} merge value {transformation:[-0.03468703067193281f,0.6353878486928823f,0.7714136968168215f,-0.11173919371107238f,0.019098643161828757f,0.7721586735594843f,-0.6351426805657409f,0.7534255046956173f,-0.9992157183173918f,-0.007298258716185842f,-0.0389189373849042f,-0.069610816086467f,0f,0f,0f,1f],start_interpolation:0}
execute if entity @s[tag=aj.frestchika_v2.bone.leg_left_1] run data modify entity @s {} merge value {transformation:[-0.035461224651511504f,-0.1299775386511796f,0.9908826070692712f,-0.2113961287563296f,0.01643943589622121f,0.9912961869533713f,0.13062011590532496f,0.5121082275504105f,-0.9992358312698904f,0.02092150037372101f,-0.0330158193671356f,0.16624562573940962f,0f,0f,0f,1f],start_interpolation:0}
execute if entity @s[tag=aj.frestchika_v2.bone.leg_left_0] run data modify entity @s {} merge value {transformation:[-0.035461224651511504f,0.40730735101095095f,0.91260244540471f,-0.05489611062920058f,0.01643943589622121f,0.9132909700592287f,-0.4069758579519025f,0.842958117720059f,-0.9992358312698904f,0.0005708070733913611f,-0.039082319348471395f,0.16613484434367512f,0f,0f,0f,1f],start_interpolation:0}
execute if entity @s[tag=aj.frestchika_v2.bone.body_0] run data modify entity @s {} merge value {transformation:[-0.07578438347285485f,0.2713311786844524f,0.9594978471551381f,0f,-0.12356460354181825f,0.9522925546538953f,-0.27905318328646794f,1.12799072265625f,-0.9894384851890452f,-0.13970784453445534f,-0.03864197461755681f,0f,0f,0f,0f,1f],start_interpolation:0}
execute if entity @s[tag=aj.frestchika_v2.bone.body_1] run data modify entity @s {} merge value {transformation:[-0.3412450557960022f,-0.07280110875284013f,0.9371509005806591f,0f,-0.05832035657738747f,0.9967151993238587f,0.056192058562461164f,1.12799072265625f,-0.9381633908352369f,-0.03547971252924454f,-0.34436992042768844f,0f,0f,0f,0f,1f],start_interpolation:0}