execute if entity @s[tag=aj.frestchika_v2.bone.hair] run data modify entity @s {} merge value {transformation:[-0.4899083016280183f,0.6990274098698921f,-0.520913175343589f,-0.05216212426223371f,0.46177442419745507f,0.7149002175903232f,0.525054340089117f,1.1105344810901623f,0.7394283177922387f,0.01668409841432525f,-0.673028531124083f,-0.1391305537854349f,0f,0f,0f,1f],start_interpolation:0}
execute if entity @s[tag=aj.frestchika_v2.bone.side_hair_2] run data modify entity @s {} merge value {transformation:[-0.5174182278473929f,0.6738985109802282f,-0.5273890161824518f,0.5437777734533806f,0.3929906542112015f,0.7345958509445314f,0.5531069349391056f,1.1194396835758644f,0.7601557229896486f,0.07892865559295137f,-0.6449291000818411f,-0.474793587680737f,0f,0f,0f,1f],start_interpolation:0}
execute if entity @s[tag=aj.frestchika_v2.bone.side_hair_1] run data modify entity @s {} merge value {transformation:[-0.5452520261740796f,0.4918421847195537f,-0.6788162441216011f,0.6479641765624378f,0.34575344775685735f,0.8696433319646467f,0.35238477341348584f,1.5109616834763655f,0.76364571714723f,-0.04256454510180706f,-0.6442309199215516f,-0.37041646715617144f,0f,0f,0f,1f],start_interpolation:0}
execute if entity @s[tag=aj.frestchika_v2.bone.head] run data modify entity @s {} merge value {transformation:[-0.4899083016280183f,0.4561150292367479f,-0.7429326591961827f,0.2380331757194884f,0.46177442419745507f,0.8586049307147658f,0.22262514258142885f,1.2008601630227032f,0.7394283177922387f,-0.23400139541603807f,-0.6312599383695172f,-0.0032701946774899952f,0f,0f,0f,1f],start_interpolation:0}
execute if entity @s[tag=aj.frestchika_v2.bone.group] run data modify entity @s {} merge value {transformation:[-0.000006413020739518204f,0.0000032231387791931733f,0.000006963084187669325f,0.16978897423042044f,0.0000012976514813176754f,0.000009399798965480487f,-0.000003155927762415687f,1.0184649194791466f,-0.000007562358469918196f,-0.000001120337368212429f,-0.0000064463616524240595f,-0.25528176588175394f,0f,0f,0f,1f],start_interpolation:0}
execute if entity @s[tag=aj.frestchika_v2.bone.group2] run data modify entity @s {} merge value {transformation:[-0.000006413020739518204f,0.0000032231387791931733f,0.000006963084187669325f,0.16978897423042044f,0.0000012976514813176754f,0.000009399798965480487f,-0.000003155927762415687f,1.0184649194791466f,-0.000007562358469918196f,-0.000001120337368212429f,-0.0000064463616524240595f,-0.25528176588175394f,0f,0f,0f,1f],start_interpolation:0}
execute if entity @s[tag=aj.frestchika_v2.bone.group3] run data modify entity @s {} merge value {transformation:[-0.000006413020739518204f,0.0000032231387791931733f,0.000006963084187669325f,0.16978897423042044f,0.0000012976514813176754f,0.000009399798965480487f,-0.000003155927762415687f,1.0184649194791466f,-0.000007562358469918196f,-0.000001120337368212429f,-0.0000064463616524240595f,-0.25528176588175394f,0f,0f,0f,1f],start_interpolation:0}
execute if entity @s[tag=aj.frestchika_v2.locator_origin.muzzle] at @s on origin run tp @s ^0.16979 ^1.01847 ^-0.25529 ~47.20676 ~-18.3966
execute if entity @s[tag=aj.frestchika_v2.bone.gun] run data modify entity @s {} merge value {transformation:[-0.000006413020739518204f,0.0000032231387791931733f,0.000006963084187669325f,0.16979254190430734f,0.0000012976514813176754f,0.000009399798965480487f,-0.000003155927762415687f,1.0184652634277271f,-0.000007562358469918196f,-0.000001120337368212429f,-0.0000064463616524240595f,-0.25528535216258835f,0f,0f,0f,1f],start_interpolation:0}
execute if entity @s[tag=aj.frestchika_v2.bone.sword] run data modify entity @s {} merge value {transformation:[0.33919990198351047f,-0.4959260420628941f,0.864017071242351f,0.07357239981534458f,0.9892254433282011f,0.2756893964632572f,-0.2301153863822452f,0.7902788267472101f,-0.11790318429330787f,0.8863280597958969f,0.5550190281890709f,-0.1314927050257043f,0f,0f,0f,1f],start_interpolation:0}
execute if entity @s[tag=aj.frestchika_v2.bone.arm_right_1] run data modify entity @s {} merge value {transformation:[-0.6413020739518204f,0.3223138779193173f,0.6963084187669325f,0.4050141182562402f,0.12976514813176754f,0.9399798965480486f,-0.3155927762415687f,0.9621364749227013f,-0.7562358469918196f,-0.11203373682124289f,-0.6446361652424059f,-0.05119546436265049f,0f,0f,0f,1f],start_interpolation:0}
execute if entity @s[tag=aj.frestchika_v2.bone.arm_right_0] run data modify entity @s {} merge value {transformation:[0.3215127673674627f,0.3223138779193173f,0.890361333684436f,0.24504664647803026f,-0.22001533420297953f,0.9399798965480486f,-0.2608276189383932f,1.0500676312844495f,-0.9209901156555742f,-0.11203373682124289f,0.373129533377621f,0.22634399805923255f,0f,0f,0f,1f],start_interpolation:0}
execute if entity @s[tag=aj.frestchika_v2.bone.arm_left_1] run data modify entity @s {} merge value {transformation:[0.8466631741841456f,0.07542274331905652f,-0.5267569451565443f,-0.22962325477777118f,0.36989833551974305f,0.628209231945615f,0.6844913310466573f,1.3020157697234709f,0.3825397899044621f,-0.7743801202823635f,0.5039828751568068f,-0.17200740400095008f,0f,0f,0f,1f],start_interpolation:0}
execute if entity @s[tag=aj.frestchika_v2.bone.arm_left_0] run data modify entity @s {} merge value {transformation:[0.9603633072988544f,0.07542274331905652f,0.26835373629639236f,0.09811784851756562f,-0.2547602523332261f,0.628209231945615f,0.7351533001554247f,1.1898761407769847f,-0.11313501591071318f,-0.7743801202823635f,0.6225238127865907f,-0.23105852871928065f,0f,0f,0f,1f],start_interpolation:0}
execute if entity @s[tag=aj.frestchika_v2.bone.right_wing_0] run data modify entity @s {} merge value {transformation:[0.3176609134928781f,0.634755135251969f,-0.704398652972963f,-0.3098514869926724f,-0.25064211379391155f,0.7726641384309122f,0.5832397962894306f,1.2154820414385221f,0.9144780340892774f,-0.00872051913997332f,0.4045415648782451f,0.41057533999033746f,0f,0f,0f,1f],start_interpolation:0}
execute if entity @s[tag=aj.frestchika_v2.bone.right_wing_1] run data modify entity @s {} merge value {transformation:[0.3176609134928781f,0.634755135251969f,-0.704398652972963f,0.4772232972284741f,-0.25064211379391155f,0.7726641384309122f,0.5832397962894306f,1.5730841160583877f,0.9144780340892774f,-0.00872051913997332f,0.4045415648782451f,-0.20222533336993567f,0f,0f,0f,1f],start_interpolation:0}
execute if entity @s[tag=aj.frestchika_v2.bone.right_wing_2] run data modify entity @s {} merge value {transformation:[0.3176609134928781f,0.634755135251969f,-0.704398652972963f,0.463336257733169f,-0.25064211379391155f,0.7726641384309122f,0.5832397962894306f,1.5601631766740198f,0.9144780340892774f,-0.00872051913997332f,0.4045415648782451f,-0.20777731134911917f,0f,0f,0f,1f],start_interpolation:0}
execute if entity @s[tag=aj.frestchika_v2.bone.left_wing_0] run data modify entity @s {} merge value {transformation:[0.3176609134928781f,0.634755135251969f,-0.704398652972963f,-0.3098514869926724f,-0.25064211379391155f,0.7726641384309122f,0.5832397962894306f,1.2154820414385221f,0.9144780340892774f,-0.00872051913997332f,0.4045415648782451f,0.41057533999033746f,0f,0f,0f,1f],start_interpolation:0}
execute if entity @s[tag=aj.frestchika_v2.bone.left_wing_1] run data modify entity @s {} merge value {transformation:[0.3176609134928781f,0.634755135251969f,-0.704398652972963f,0.4772232972284741f,-0.25064211379391155f,0.7726641384309122f,0.5832397962894306f,1.5730841160583877f,0.9144780340892774f,-0.00872051913997332f,0.4045415648782451f,-0.20222533336993567f,0f,0f,0f,1f],start_interpolation:0}
execute if entity @s[tag=aj.frestchika_v2.bone.left_wing_2] run data modify entity @s {} merge value {transformation:[0.3176609134928781f,0.634755135251969f,-0.704398652972963f,0.463336257733169f,-0.25064211379391155f,0.7726641384309122f,0.5832397962894306f,1.5601631766740198f,0.9144780340892774f,-0.00872051913997332f,0.4045415648782451f,-0.20777731134911917f,0f,0f,0f,1f],start_interpolation:0}
execute if entity @s[tag=aj.frestchika_v2.bone.leg_right_1] run data modify entity @s {} merge value {transformation:[0.4492055815617539f,-0.0846469684643742f,-0.8894094873698828f,0.32569444571697526f,0.29866055691929905f,0.9524592074863178f,0.0601941011660575f,0.3340969944699823f,0.8420310072879859f,-0.2926710590480832f,0.4531307029558391f,0.05099277107019895f,0f,0f,0f,1f],start_interpolation:0}
execute if entity @s[tag=aj.frestchika_v2.bone.leg_right_0] run data modify entity @s {} merge value {transformation:[0.4492055815617539f,-0.7050212919574652f,-0.5487798496486483f,0.057235676412003646f,0.29866055691929905f,0.6974007691149385f,-0.6514860236248714f,0.5609487393896729f,0.8420310072879859f,0.12875226259961065f,0.5238383697678707f,0.11374759679253782f,0f,0f,0f,1f],start_interpolation:0}
execute if entity @s[tag=aj.frestchika_v2.bone.leg_left_1] run data modify entity @s {} merge value {transformation:[0.4650004923611348f,0.04081739741629293f,-0.8843689739990104f,0.17976254818905835f,0.13801551118014502f,0.9833809937930412f,0.11795566845342302f,0.6876717467949227f,0.8744862839276469f,-0.17690607992596213f,0.45163921232289356f,-0.2721157178184696f,0f,0f,0f,1f],start_interpolation:0}
execute if entity @s[tag=aj.frestchika_v2.bone.leg_left_0] run data modify entity @s {} merge value {transformation:[0.4650004923611348f,-0.8852759549430825f,0.007811895001541037f,-0.09587895960198399f,0.13801551118014502f,0.0637724316109602f,-0.9883748254787292f,0.5801643405178727f,0.8744862839276469f,0.46067294316688323f,0.1518360255551237f,-0.10857841700608621f,0f,0f,0f,1f],start_interpolation:0}
execute if entity @s[tag=aj.frestchika_v2.bone.body_0] run data modify entity @s {} merge value {transformation:[0.4676818821116502f,0.029072273866315834f,-0.8834186210606761f,0f,-0.04736437113232534f,0.9988472534433932f,0.007796193675716434f,0.9111111111111111f,0.882626916364861f,0.03819642890155908f,0.4685197534015235f,0f,0f,0f,0f,1f],start_interpolation:0}
execute if entity @s[tag=aj.frestchika_v2.bone.body_1] run data modify entity @s {} merge value {transformation:[0.3176609134928781f,0.634755135251969f,-0.704398652972963f,0f,-0.25064211379391155f,0.7726641384309122f,0.5832397962894306f,0.9111111111111111f,0.9144780340892774f,-0.00872051913997332f,0.4045415648782451f,0f,0f,0f,0f,1f],start_interpolation:0}