# This file was generated by Animated Java via MC-Build. It is not recommended to edit this file directly.
$data merge entity $(bone_wing_right_1) { transformation: [-0.020584351619463707f,0.2304195991748661f,-0.7832161497498277f,-0.24568333887663793f,-0.2404502480244068f,0.747003052734798f,0.22608529778457137f,1.2015511807593786f,0.7801951083785718f,0.23630000415876215f,0.04901372604854092f,0.3575746750017131f,0f,0f,0f,1f], start_interpolation: 0, interpolation_duration: 1 }
$data merge entity $(bone_wing_right_2) { transformation: [0.06774886721161263f,0.21625199206320947f,-0.7672321466937088f,-0.24568333887663793f,0.06241824927746037f,0.766194766405368f,0.2214713121154985f,1.2015511807593786f,0.7946785848056306f,-0.07861714737712926f,0.04801344592510132f,0.3575746750017131f,0f,0f,0f,1f], start_interpolation: 0, interpolation_duration: 1 }
$data merge entity $(bone_wing_left_1) { transformation: [-0.1937131572643421f,0.26820603188969305f,-0.746649302956287f,-0.25281166043238207f,0.10810791348222795f,0.77033857700453f,0.2486676502193227f,1.197148989054173f,0.7859595003495048f,-0.039855309320906904f,-0.21822846416940075f,0.4096707246253121f,0f,0f,0f,1f], start_interpolation: 0, interpolation_duration: 1 }
$data merge entity $(bone_wing_left_2) { transformation: [-0.2758585724465968f,0.170115181168418f,-0.7314115620796281f,-0.25281166043238207f,-0.1909392217103032f,0.7377023527793263f,0.24359280021484672f,1.197148989054173f,0.7262535794200184f,0.2585653956736724f,-0.21377482204349463f,0.4096707246253121f,0f,0f,0f,1f], start_interpolation: 0, interpolation_duration: 1 }
$data merge entity $(bone_blade) { transformation: [1.7757456341819682f,0.858800234037597f,0.3304384976068111f,0.40809007035281397f,-0.3935805748600931f,0.05967058999199174f,1.9599830998717327f,0.8315502505996588f,0.8317582423856564f,-1.8052428032558319f,0.22198343973492077f,0.40051506667028147f,0f,0f,0f,1f], start_interpolation: 0, interpolation_duration: 1 }
$data merge entity $(bone_arm_right_2) { transformation: [0.50223446941812f,0.06211770257456639f,-0.8624974949268877f,0.2428354868397471f,-0.548387895478768f,-0.7483155328499712f,-0.37322189028489683f,0.9372142653487143f,-0.6686039588730139f,0.6604280841411282f,-0.34176525841140043f,0.7055889969132336f,0f,0f,0f,1f], start_interpolation: 0, interpolation_duration: 1 }
$data merge entity $(bone_arm_right_1) { transformation: [0.42344270329746136f,-0.27711793205958535f,-0.8624974949268877f,0.07742818086417624f,-0.9020635491201132f,-0.2167643281561652f,-0.37322189028489683f,1.2895828392237585f,-0.08353221158908226f,0.9360656375329802f,-0.34176525841140043f,0.7382187670652189f,0f,0f,0f,1f], start_interpolation: 0, interpolation_duration: 1 }
$data merge entity $(bone_arm_left_2) { transformation: [-0.3984957286995911f,0.24344975122950552f,-0.8842699660366584f,0.37908625078190894f,0.7443860705716673f,-0.47739300747596625f,-0.46688895291270777f,0.990359089740824f,-0.5358082979453138f,-0.8442914988553085f,0.009018470690843022f,0.1339306491026247f,0f,0f,0f,1f], start_interpolation: 0, interpolation_duration: 1 }
$data merge entity $(bone_arm_left_1) { transformation: [-0.46669885008149425f,0.016087588325700106f,-0.8842699660366584f,0.2029178992682561f,0.8829149183461601f,-0.04975894502367001f,-0.46688895291270777f,1.323663958343336f,-0.0515114578943773f,-0.9986316822993317f,0.009018470690843022f,0.11574340729631871f,0f,0f,0f,1f], start_interpolation: 0, interpolation_duration: 1 }
$data merge entity $(bone_ear_edge_a1) { transformation: [-0.6969303747795351f,0.283572564993528f,-0.6586916221515555f,0.421883722425094f,0.11538390298329398f,0.9508725448408786f,0.28727679753188107f,1.8991445267154372f,0.7077955973598578f,0.12420951594311497f,-0.6954116683714608f,0.608174444515218f,0f,0f,0f,1f], start_interpolation: 0, interpolation_duration: 1 }
$data merge entity $(bone_ear_edge_a2) { transformation: [-0.7327105278811952f,0.1710573858078403f,-0.6586916221515555f,0.33921026225274475f,-0.03478590220466581f,0.9572157450688086f,0.28727679753188107f,1.9047839415960752f,0.6796508098574349f,0.23340391631880053f,-0.6954116683714608f,0.6888121317832381f,0f,0f,0f,1f], start_interpolation: 0, interpolation_duration: 1 }
$data merge entity $(bone_ear_edge_b1) { transformation: [-0.6269297289630851f,0.6124131655051133f,-0.4815695481010807f,0.2833550829772762f,0.161324171873008f,0.7067795814694843f,0.6887939712187594f,1.9157569357487085f,0.7621900199502487f,0.3541366091409183f,-0.5418981782165461f,0.6621456262867174f,0f,0f,0f,1f], start_interpolation: 0, interpolation_duration: 1 }
$data merge entity $(bone_ear_edge_b2) { transformation: [-0.7854916797095339f,0.3887075911901074f,-0.4815695481010807f,0.3097998426400919f,-0.06497849705553974f,0.7220392372531387f,0.6887939712187594f,1.923426618839562f,0.615451554573955f,0.5723335988897472f,-0.5418981782165461f,0.6483936710562134f,0f,0f,0f,1f], start_interpolation: 0, interpolation_duration: 1 }
$data merge entity $(bone_ear_right_2) { transformation: [-0.7150137095986957f,0.5067999264282036f,-0.4815695481010807f,0.38481551277370474f,0.048773317886599f,0.7233146125131331f,0.6887939712187594f,2.02170150859864f,0.697407025020715f,0.46900938785630253f,-0.5418981782165461f,0.6489766020092885f,0f,0f,0f,1f], start_interpolation: 0, interpolation_duration: 1 }
$data merge entity $(bone_ear_right_1) { transformation: [-0.7150137095986957f,0.234266391087719f,-0.6586916221515555f,0.33210557477896807f,0.048773317886599f,0.9566050413112821f,0.28727679753188107f,1.8064653743036017f,0.697407025020715f,0.1732802728084664f,-0.6954116683714608f,0.6099885406273836f,0f,0f,0f,1f], start_interpolation: 0, interpolation_duration: 1 }
$data merge entity $(bone_ear_edge_a3) { transformation: [-0.8023624647232092f,-0.0558723019543568f,-0.5942160895479166f,0.10482808769527815f,-0.39440843487983324f,0.7968753809933733f,0.45763698895774024f,1.8150819504601297f,0.4479469407183587f,0.6015545802676491f,-0.6614194019380405f,0.8695931115223301f,0f,0f,0f,1f], start_interpolation: 0, interpolation_duration: 1 }
$data merge entity $(bone_ear_edge_a4) { transformation: [-0.8012244050050872f,0.0703327217348072f,-0.5942160895479166f,0.19782590013106435f,-0.2648938386337595f,0.8487635952322445f,0.45763698895774024f,1.8541470660509394f,0.5365358395094546f,0.5240741051242745f,-0.6614194019380405f,0.8130735197772105f,0f,0f,0f,1f], start_interpolation: 0, interpolation_duration: 1 }
$data merge entity $(bone_ear_edge_b3) { transformation: [-0.8095373146476976f,-0.030267229760377476f,-0.5862876691485388f,0.20340855772478267f,-0.449023541427669f,0.6752658842149614f,0.5851442940498873f,1.8628029281858294f,0.3781893645209349f,0.7369531059830191f,-0.5602436292767925f,0.7834912169907976f,0f,0f,0f,1f], start_interpolation: 0, interpolation_duration: 1 }
$data merge entity $(bone_ear_edge_b4) { transformation: [-0.7792688266483807f,0.221374941712988f,-0.5862876691485388f,0.18199678004850744f,-0.21837813110066284f,0.7809719245900207f,0.5851442940498873f,1.8625155402485296f,0.5874104933273129f,0.5840171129202726f,-0.5602436292767925f,0.8055982025364401f,0f,0f,0f,1f], start_interpolation: 0, interpolation_duration: 1 }
$data merge entity $(bone_ear_left_2) { transformation: [-0.8043054048500428f,0.09674494681057862f,-0.5862876691485388f,0.13529822589759868f,-0.3378604591637605f,0.737194998134491f,0.5851442940498873f,1.9450668863678038f,0.48881809076860194f,0.6687181394220635f,-0.5602436292767925f,0.8849087618924327f,0f,0f,0f,1f], start_interpolation: 0, interpolation_duration: 1 }
$data merge entity $(bone_ear_left_1) { transformation: [-0.8043054048500428f,0.00023377636880813832f,-0.5942160895479166f,0.13524562621461686f,-0.3378604591637605f,0.8224467742482466f,0.45763698895774024f,1.7600163621619487f,0.48881809076860194f,0.5688420245351632f,-0.6614194019380405f,0.7569193063720212f,0f,0f,0f,1f], start_interpolation: 0, interpolation_duration: 1 }
$data merge entity $(bone_head) { transformation: [-0.7874397942574047f,0.1649902434698064f,-0.5938996463878639f,0.16767746466813738f,-0.18579604856661172f,0.8551643439545797f,0.4839150474678036f,1.329846796722684f,0.5877230629785501f,0.49139817296008254f,-0.6427358997711295f,0.4516978567255078f,0f,0f,0f,1f], start_interpolation: 0, interpolation_duration: 1 }
$data merge entity $(bone_body_1) { transformation: [-0.13509454012408925f,0.2822368688088352f,-0.9497851415523643f,0.0618386388648242f,-0.08342946643219282f,0.9519283411175707f,0.29474049180251716f,0.9728736688035949f,0.9873140277335777f,0.11905789878094747f,-0.10505345010215142f,0.40705114468265247f,0f,0f,0f,1f], start_interpolation: 0, interpolation_duration: 1 }
$data merge entity $(bone_leg_left_2) { transformation: [0.12304308942243487f,-0.145697762204413f,-0.9816478799620607f,0.23945832162399208f,-0.3588353412070649f,0.9157055630827591f,-0.18088814123677777f,0.41760993196404644f,0.9252554220571698f,0.37450698768903284f,0.060389735269286704f,0.16155242443284729f,0f,0f,0f,1f], start_interpolation: 0, interpolation_duration: 1 }
$data merge entity $(bone_leg_left_1) { transformation: [0.12304308942243487f,-0.37588545084368896f,-0.9184609550707198f,0.09992544461313221f,-0.3588353412070649f,0.8460232609812771f,-0.39431185599651364f,0.6942569898538574f,0.9252554220571698f,0.37809359915587376f,-0.030783668253887286f,0.28739799626030227f,0f,0f,0f,1f], start_interpolation: 0, interpolation_duration: 1 }
$data merge entity $(bone_leg_right_2) { transformation: [-0.9289766826286678f,-0.08276283663680298f,-0.3607667335052733f,0.23055767419968082f,0.030575710910738296f,0.9541909673991475f,-0.2976318592425592f,0.753176477689881f,0.3688732153932269f,-0.28752375659362367f,-0.8838906269215397f,0.8400851430174238f,0f,0f,0f,1f], start_interpolation: 0, interpolation_duration: 1 }
$data merge entity $(bone_leg_right_1) { transformation: [-0.9289766826286678f,-0.36299609961059187f,-0.07236127969938227f,0.10648850198408533f,0.030575710910738296f,0.11957134639111704f,-0.9923546840845359f,0.7230969086586909f,0.3688732153932269f,-0.9240868599810911f,-0.09998012890444444f,0.530120474825332f,0f,0f,0f,1f], start_interpolation: 0, interpolation_duration: 1 }
$data merge entity $(bone_coat_downer) { transformation: [-0.05853895138105425f,-0.04328087928407842f,-0.9973464576863964f,0.07886865248487154f,0.06796233948400064f,0.9965690465186539f,-0.04723617186820453f,0.7625595347188568f,0.9959690314377588f,-0.07054715450886827f,-0.055396637150948454f,0.4148496064216963f,0f,0f,0f,1f], start_interpolation: 0, interpolation_duration: 1 }
$data merge entity $(bone_body_2) { transformation: [-0.05853895138105425f,-0.2179624639665951f,-0.9741999566171293f,0.03062499999999995f,0.06796233948400064f,0.9727392271143472f,-0.22171945436709864f,0.979375f,0.9959690314377588f,-0.07918813253634147f,-0.04212989535162404f,0.389375f,0f,0f,0f,1f], start_interpolation: 0, interpolation_duration: 1 }