# This file was generated by Animated Java via MC-Build. It is not recommended to edit this file directly.
$data merge entity $(bone_wing_right_1) { transformation: [-0.6364785075380083f,0.02434262736490156f,0.511123263391139f,0.3321381222586966f,-0.13021330751930227f,0.7811832480361913f,-0.1993531338528548f,0.8482789237754056f,-0.4948576041969223f,-0.23686412544968513f,-0.6049427924092347f,-0.21740313410986706f,0f,0f,0f,1f], start_interpolation: 0, interpolation_duration: 1 }
$data merge entity $(bone_wing_right_2) { transformation: [-0.5669034571150157f,0.2606296506918234f,0.5006921763831567f,0.3321381222586966f,0.17499867133412336f,0.7558037774325774f,-0.19528470254973532f,0.8482789237754056f,-0.5366525275654029f,-0.028858884228349327f,-0.5925970211355769f,-0.21740313410986706f,0f,0f,0f,1f], start_interpolation: 0, interpolation_duration: 1 }
$data merge entity $(bone_wing_left_1) { transformation: [-0.48901576183932804f,0.22279763368888703f,0.6149546678738025f,0.2964322531327348f,0.109319238778786f,0.7848674360919218f,-0.1974255713927764f,0.8476160675492513f,-0.6448700125994176f,-0.03589939594993218f,-0.49979830398361846f,-0.2535605506616975f,0f,0f,0f,1f], start_interpolation: 0, interpolation_duration: 1 }
$data merge entity $(bone_wing_left_2) { transformation: [-0.5260923591395779f,0.01831831193711657f,0.6024045726110718f,0.2964322531327348f,-0.19528942743948718f,0.7513054251030286f,-0.19339647809904628f,0.8476160675492513f,-0.5701656506536594f,-0.2742345668556977f,-0.4895983385961977f,-0.2535605506616975f,0f,0f,0f,1f], start_interpolation: 0, interpolation_duration: 1 }
$data merge entity $(bone_blade) { transformation: [0.8901667303887967f,-1.6768015771704559f,0.6292373661088404f,-0.5822386794591186f,1.0419616567605299f,1.0563845243539054f,1.3410323048108965f,1.5409291356029389f,-1.456680849723017f,-0.2690505668164346f,1.343760653742319f,-0.5585567845717432f,0f,0f,0f,1f], start_interpolation: 0, interpolation_duration: 1 }
$data merge entity $(bone_arm_right_2) { transformation: [-0.7001162385173209f,0.7140104316704432f,0.005133812437690788f,-0.30364317246940825f,0.5879191527257681f,0.5805289976455191f,-0.5633268613788125f,1.3369483567358573f,-0.40520158245319465f,-0.3913760165856822f,-0.8262181862068583f,-0.401612105379373f,0f,0f,0f,1f], start_interpolation: 0, interpolation_duration: 1 }
$data merge entity $(bone_arm_right_1) { transformation: [-0.6632408967417559f,0.7483883730116645f,0.005133812437690788f,-0.08649007553247527f,0.6164302285261799f,0.5501605407590204f,-0.5633268613788125f,1.1378113749065002f,-0.42441169428793235f,-0.3704567755254261f,-0.8262181862068583f,-0.26448847857027463f,0f,0f,0f,1f], start_interpolation: 0, interpolation_duration: 1 }
$data merge entity $(bone_arm_left_2) { transformation: [0.5393029389073218f,0.8296289183868892f,0.14445829108128833f,0.32318905056412756f,0.580001571063517f,-0.241568002526887f,-0.777973699889027f,0.9165086250520083f,-0.6105329783474251f,0.5033495385230531f,-0.6114644097728434f,0.5145419852599741f,0f,0f,0f,1f], start_interpolation: 0, interpolation_duration: 1 }
$data merge entity $(bone_arm_left_1) { transformation: [0.018997540081970243f,0.9893285074274916f,0.14445829108128833f,0.32789917413905384f,0.6200127545193256f,0.10169123125587864f,-0.777973699889027f,1.1506967197764886f,-0.7843617008142304f,0.10434556951282475f,-0.6114644097728434f,0.21769435321581115f,0f,0f,0f,1f], start_interpolation: 0, interpolation_duration: 1 }
$data merge entity $(bone_ear_edge_a1) { transformation: [-0.6989375735689417f,0.5998106198049002f,0.3895041573883673f,0.3875146617901392f,0.5426536931645154f,0.799525020022437f,-0.2574620586669683f,1.726901731439446f,-0.46584679622003666f,0.0314159629389749f,-0.8843075255385677f,0.1467453506654021f,0f,0f,0f,1f], start_interpolation: 0, interpolation_duration: 1 }
$data merge entity $(bone_ear_edge_a2) { transformation: [-0.7841635456525289f,0.48308803032866854f,0.3895041573883673f,0.3020590373862555f,0.4108994569259935f,0.8745712804825517f,-0.2574620586669683f,1.7830445798427683f,-0.46502598848621157f,-0.04184531405399242f,-0.8843075255385677f,0.09275963537048426f,0f,0f,0f,1f], start_interpolation: 0, interpolation_duration: 1 }
$data merge entity $(bone_ear_edge_b1) { transformation: [-0.7515053014310336f,-0.020311084248434683f,0.6594143172374289f,0.3577766053611069f,0.5686968508769404f,0.4866924878099348f,0.6631095792642624f,1.7920672139050753f,-0.33440046908415455f,0.8733372098828889f,-0.3542011351058436f,-0.032905459981816404f,0f,0f,0f,1f], start_interpolation: 0, interpolation_duration: 1 }
$data merge entity $(bone_ear_edge_b2) { transformation: [-0.7084475437493905f,-0.2515448985325505f,0.6594143172374289f,0.376842829208218f,0.39046659605515566f,0.6386090535320279f,0.6631095792642624f,1.7855316489158135f,-0.5879097848484541f,0.7272576165081917f,-0.3542011351058436f,-0.009645384240689003f,0f,0f,0f,1f], start_interpolation: 0, interpolation_duration: 1 }
$data merge entity $(bone_ear_right_2) { transformation: [-0.7390756705200754f,-0.13762235090128566f,0.6594143172374289f,0.41819605978287566f,0.48555976997467953f,0.5696642833021119f,0.6631095792642624f,1.8450415528958417f,-0.4669034836317218f,0.810273221118836f,-0.3542011351058436f,0.0905251013355376f,0f,0f,0f,1f], start_interpolation: 0, interpolation_duration: 1 }
$data merge entity $(bone_ear_right_1) { transformation: [-0.7390756705200754f,0.5495940907819873f,0.3895041573883673f,0.29453738935692875f,0.48555976997467953f,0.8354310253570325f,-0.2574620586669683f,1.6570695721905098f,-0.4669034836317218f,-0.0011563945770915462f,-0.8843075255385677f,0.0907852901153832f,0f,0f,0f,1f], start_interpolation: 0, interpolation_duration: 1 }
$data merge entity $(bone_ear_edge_a3) { transformation: [-0.8316006650919605f,-0.037694173286541365f,0.5540933884453534f,0.02403466635573498f,-0.06832757655477217f,0.9970586163864043f,-0.0347197029333612f,1.819816164264272f,-0.5511548567333512f,-0.06673278646867147f,-0.8317301600335085f,-0.05374012048605412f,0f,0f,0f,1f], start_interpolation: 0, interpolation_duration: 1 }
$data merge entity $(bone_ear_edge_a4) { transformation: [-0.8272589487757053f,0.09286090970727146f,0.5540933884453534f,0.1202582932002711f,0.08848798056388975f,0.9954719581806128f,-0.0347197029333612f,1.8196554271087497f,-0.5548085336097851f,0.0203084200368751f,-0.8317301600335085f,0.010370162818968874f,0f,0f,0f,1f], start_interpolation: 0, interpolation_duration: 1 }
$data merge entity $(bone_ear_edge_b3) { transformation: [-0.8070595081271268f,-0.22425412407960876f,0.5462280093284196f,0.15267566489045206f,-0.15267979257588116f,0.972868799183338f,0.17382514350506365f,1.808643647244589f,-0.5703891928153851f,0.05688925565392422f,-0.8194020876898934f,0.0011393472077885075f,0f,0f,0f,1f], start_interpolation: 0, interpolation_duration: 1 }
$data merge entity $(bone_ear_edge_b4) { transformation: [-0.8368575396415325f,0.03611675747119432f,0.5462280093284196f,0.12807940205423068f,0.1554258806089152f,0.972433861567144f,0.17382514350506365f,1.8209924398660606f,-0.5248926118570011f,0.2303648512846082f,-0.8194020876898934f,-0.01263732874410197f,0f,0f,0f,1f], start_interpolation: 0, interpolation_duration: 1 }
$data merge entity $(bone_ear_left_2) { transformation: [-0.832204340277069f,-0.09524126127430596f,0.5462280093284196f,0.09442211666169606f,0.0013901591828953674f,0.9847755515562368f,0.17382514350506365f,1.9342016373874789f,-0.5544673150704692f,0.14541738275732083f,-0.8194020876898934f,-0.049195628319055024f,0f,0f,0f,1f], start_interpolation: 0, interpolation_duration: 1 }
$data merge entity $(bone_ear_left_1) { transformation: [-0.832204340277069f,0.020407177785166618f,0.5540933884453534f,0.08983050166003358f,0.0013901591828953674f,0.9993961225088205f,-0.0347197029333612f,1.7093375098229946f,-0.5544673150704692f,-0.028123609462144747f,-0.8317301600335085f,-0.04286781619007247f,0f,0f,0f,1f], start_interpolation: 0, interpolation_duration: 1 }
$data merge entity $(bone_head) { transformation: [-0.8188275507875806f,0.15040104736999987f,0.5539864321634776f,0.09779133272624752f,0.2090717505299397f,0.9769189562178894f,0.0437990423696239f,1.181163855871033f,-0.5346124252218227f,0.15168677573261458f,-0.8313727664930362f,-0.027800336647402245f,0f,0f,0f,1f], start_interpolation: 0, interpolation_duration: 1 }
$data merge entity $(bone_body_1) { transformation: [-0.7025900884143701f,0.1646891523866754f,0.6922749820324625f,0.03603290058124424f,-0.013043127808955215f,0.9697060686710333f,-0.24392625360860293f,0.8175240801193955f,-0.7114752592176675f,-0.18040959915904597f,-0.6791578108602044f,0.039853263037239996f,0f,0f,0f,1f], start_interpolation: 0, interpolation_duration: 1 }
$data merge entity $(bone_leg_left_2) { transformation: [-0.7130027613757755f,0.5745140403341326f,0.4019461154551315f,-0.15367444073311406f,-0.04913616451781053f,0.5309075125255269f,-0.8460040487376146f,0.36641442879684827f,-0.6994374165048635f,-0.6229533133413034f,-0.3503091060621948f,0.4295503483995212f,0f,0f,0f,1f], start_interpolation: 0, interpolation_duration: 1 }
$data merge entity $(bone_leg_left_1) { transformation: [-0.7130027613757755f,0.5422138582216764f,0.4445573013941879f,0.03219315474770921f,-0.04913616451781053f,0.5938321802249034f,-0.8030871553360922f,0.5756074097325288f,-0.6994374165048635f,-0.5944472000789487f,-0.39676167495273607f,0.22538190361009888f,0f,0f,0f,1f], start_interpolation: 0, interpolation_duration: 1 }
$data merge entity $(bone_leg_right_2) { transformation: [-0.6752755994409756f,0.7170936313985589f,0.1725676348776299f,-0.4240132763139326f,-0.022906066176179442f,0.21346689136920807f,-0.9766817283135273f,0.6831890829739364f,-0.7372097238452323f,-0.663482185214339f,-0.12772318885481132f,0.3139184266512881f,0f,0f,0f,1f], start_interpolation: 0, interpolation_duration: 1 }
$data merge entity $(bone_leg_right_1) { transformation: [-0.6752755994409756f,0.7241353868952846f,-0.1401099791080126f,-0.1511558448624948f,-0.022906066176179442f,-0.21046083696550022f,-0.9773338980287716f,0.5944270993572232f,-0.7372097238452323f,-0.6567603653919727f,0.15870616093346432f,0.06674211871520874f,0f,0f,0f,1f], start_interpolation: 0, interpolation_duration: 1 }
$data merge entity $(bone_coat_downer) { transformation: [-0.701992856006343f,0.13802190748353557f,0.6986816035725174f,-0.037081853100686714f,-0.021107173151698178f,0.9765778729740847f,-0.21412647024353798f,0.6228921025571181f,-0.7118711381687013f,-0.16506244597732972f,-0.6826374378616946f,0.10572543627720074f,0f,0f,0f,1f], start_interpolation: 0, interpolation_duration: 1 }
$data merge entity $(bone_body_2) { transformation: [-0.701992856006343f,0.3931637881427118f,0.5938251138250477f,0.05625f,-0.021107173151698178f,0.8219567468110649f,-0.5691586717369026f,0.806712962962963f,-0.7118711381687013f,-0.412079290992697f,-0.5687091880542761f,0.019212962962963008f,0f,0f,0f,1f], start_interpolation: 0, interpolation_duration: 1 }