# This file was generated by Animated Java via MC-Build. It is not recommended to edit this file directly.
$data merge entity $(bone_wing_right_1) { transformation: [-0.6713910497891699f,-0.17248918337522356f,-0.43177075436623713f,-0.11122270156786429f,-0.0680446507382651f,0.7866749220789719f,-0.2084632747569588f,1.020485799294765f,0.4599439402941932f,-0.13540492249189584f,-0.6611062873669101f,-0.2832245712046444f,0f,0f,0f,1f], start_interpolation: 0, interpolation_duration: 1 }
$data merge entity $(bone_wing_right_2) { transformation: [-0.6722872182380693f,0.09557976028659453f,-0.4229591063179466f,-0.11122270156786429f,0.233321533932498f,0.7374684928136587f,-0.20420892221089842f,1.020485799294765f,0.3655009685310081f,-0.29496564466172626f,-0.6476143223186059f,-0.2832245712046444f,0f,0f,0f,1f], start_interpolation: 0, interpolation_duration: 1 }
$data merge entity $(bone_wing_left_1) { transformation: [-0.7946495718699627f,0.0860133330378923f,-0.1675655361673223f,-0.160354587865837f,0.1302855757263543f,0.7757001676993202f,-0.21968013800374256f,1.0225716992380656f,0.1360226860820722f,-0.24048991832383254f,-0.7685095136041316f,-0.26325175183530963f,0f,0f,0f,1f], start_interpolation: 0, interpolation_duration: 1 }
$data merge entity $(bone_wing_left_2) { transformation: [-0.7514217330471356f,-0.22004891537031268f,-0.16414583134758104f,-0.160354587865837f,-0.17287780493027607f,0.7508685449236876f,-0.21519686988121722f,1.0225716992380656f,0.21325722418461918f,-0.16665804237579768f,-0.7528256459795575f,-0.26325175183530963f,0f,0f,0f,1f], start_interpolation: 0, interpolation_duration: 1 }
$data merge entity $(bone_blade) { transformation: [0.22866029373684724f,1.9548584738973687f,-0.35530665220317975f,0.13681663686587808f,1.5513001964219033f,0.04781436135750933f,1.2614204245331286f,0.997133264172683f,1.2414435833534858f,-0.4198120220761025f,-1.5108195443105807f,0.4599678744526674f,0f,0f,0f,1f], start_interpolation: 0, interpolation_duration: 1 }
$data merge entity $(bone_arm_right_2) { transformation: [0.6801495621610065f,-0.7111767606620232f,-0.17783190992187853f,-0.1771265848658476f,-0.48049416184583654f,-0.24928065254452442f,-0.8408237132116596f,1.119579308251973f,0.5536442301011169f,0.6573330749028591f,-0.511264408221904f,0.3679158758436997f,0f,0f,0f,1f], start_interpolation: 0, interpolation_duration: 1 }
$data merge entity $(bone_arm_right_1) { transformation: [0.3328618219366409f,-0.9260555163220818f,-0.17783190992187853f,-0.30715073405984794f,-0.5403175900814081f,-0.032747292248006f,-0.8408237132116596f,1.330640866877523f,0.7728259243488403f,0.375963822115728f,-0.511264408221904f,0.06603074914493397f,0f,0f,0f,1f], start_interpolation: 0, interpolation_duration: 1 }
$data merge entity $(bone_arm_left_2) { transformation: [0.18474472781135245f,0.9444207174772197f,-0.27191707181735325f,0.399195485030412f,0.4637586801900846f,-0.3277123540951985f,-0.8231236234744662f,1.1000454771204955f,-0.866485586778142f,0.025963847426716147f,-0.4985264351391424f,0.16084829944176823f,0f,0f,0f,1f], start_interpolation: 0, interpolation_duration: 1 }
$data merge entity $(bone_arm_left_1) { transformation: [-0.27833003065519707f,0.9211913482495122f,-0.27191707181735325f,0.29678062113067827f,0.5631749816703463f,-0.07281099160752434f,-0.8231236234744662f,1.3113383224122197f,-0.778052912118503f,-0.38223691529125725f,-0.4985264351391424f,-0.13215879553363782f,0f,0f,0f,1f], start_interpolation: 0, interpolation_duration: 1 }
$data merge entity $(bone_ear_edge_a1) { transformation: [-0.9485422883542217f,0.1946130711614003f,-0.24978646828214013f,0.12308520819504525f,0.1825813531319886f,0.9806453741982687f,0.07070148196487287f,1.973651879270652f,0.2587113771990495f,0.021456994119981365f,-0.9657163251758282f,-0.09754407513521818f,0f,0f,0f,1f], start_interpolation: 0, interpolation_duration: 1 }
$data merge entity $(bone_ear_edge_a2) { transformation: [-0.9673083504458659f,0.04383235586679783f,-0.24978646828214013f,0.012107499700428199f,0.026926739191665466f,0.9971340186577101f,0.07070148196487287f,1.9868019372109151f,0.25216959744228135f,0.06166419880847873f,-0.9657163251758282f,-0.06787650330246556f,0f,0f,0f,1f], start_interpolation: 0, interpolation_duration: 1 }
$data merge entity $(bone_ear_edge_b1) { transformation: [-0.9113705660389008f,0.38135539088868853f,-0.15482815376432563f,-0.02558874384111033f,0.24197281939218612f,0.800741074466387f,0.5479624862504844f,1.9879567819595998f,0.3329457103392841f,0.4619326763745463f,-0.8220494854107738f,-0.12414440877389495f,0f,0f,0f,1f], start_interpolation: 0, interpolation_duration: 1 }
$data merge entity $(bone_ear_edge_b2) { transformation: [-0.984610212272005f,0.08106153644983705f,-0.15482815376432563f,0.0043319652289753735f,-0.017312773454920008f,0.8363237301054456f,0.5479624862504844f,1.9951173131128979f,0.17390514013385727f,0.54220996465475f,-0.8220494854107738f,-0.12500672388215306f,0f,0f,0f,1f], start_interpolation: 0, interpolation_duration: 1 }
$data merge entity $(bone_ear_right_2) { transformation: [-0.9598072086020933f,0.23409050625215105f,-0.15482815376432563f,0.07158789621183312f,0.11373023083470632f,0.8287355116419665f,0.5479624862504844f,2.0973752793380096f,0.25658440504002267f,0.508329702679412f,-0.8220494854107738f,-0.10752551618980516f,0f,0f,0f,1f], start_interpolation: 0, interpolation_duration: 1 }
$data merge entity $(bone_ear_right_1) { transformation: [-0.9598072086020933f,0.1279720382684961f,-0.24978646828214013f,0.042794187601421535f,0.11373023083470632f,0.9909928027197044f,0.07070148196487287f,1.8744018987260767f,0.25658440504002267f,0.03945151935162185f,-0.9657163251758282f,-0.11640210804392007f,0f,0f,0f,1f], start_interpolation: 0, interpolation_duration: 1 }
$data merge entity $(bone_ear_edge_a3) { transformation: [-0.9275349055599663f,-0.2400664913708456f,-0.28643861242639124f,-0.2643047402371667f,-0.25065445497819816f,0.968076572277726f,0.0003072565553012413f,1.9512746399778769f,0.27722074808254704f,0.0720821054624523f,-0.958098547595524f,0.005325037685328632f,0f,0f,0f,1f], start_interpolation: 0, interpolation_duration: 1 }
$data merge entity $(bone_ear_edge_a4) { transformation: [-0.9536700848682743f,-0.09201244773715304f,-0.28643861242639124f,-0.15538348475326993f,-0.09612794199794875f,0.9953689388164813f,0.0003072565553012413f,1.9723778519063488f,0.2850838262591858f,0.027827775706467373f,-0.958098547595524f,-0.027231915106873512f,0f,0f,0f,1f], start_interpolation: 0, interpolation_duration: 1 }
$data merge entity $(bone_ear_edge_b3) { transformation: [-0.9045222762020678f,-0.31090056161251506f,-0.2918566302883203f,-0.1346370208757643f,-0.3339946103262794f,0.9420450734795378f,0.03160189560657293f,1.96930928111732f,0.2651170536333475f,0.12606316005064588f,-0.955939866074649f,-0.0375007717908209f,0f,0f,0f,1f], start_interpolation: 0, interpolation_duration: 1 }
$data merge entity $(bone_ear_edge_b4) { transformation: [-0.9563253620150839f,-0.016171249904256335f,-0.2918566302883203f,-0.1632010603352247f,-0.026539813385895422f,0.9991481163969198f,0.03160189560657293f,1.976459757449783f,0.2910969602592254f,0.03796751475960688f,-0.955939866074649f,-0.028543542142248163f,0f,0f,0f,1f], start_interpolation: 0, interpolation_duration: 1 }
$data merge entity $(bone_ear_left_2) { transformation: [-0.9420216690499182f,-0.16557440139451896f,-0.2918566302883203f,-0.2360604547788656f,-0.18251426532732612f,0.9826952035835411f,0.03160189560657293f,2.076089069852646f,0.2815736457703969f,0.08303766890242678f,-0.955939866074649f,-0.03569569445387442f,0f,0f,0f,1f], start_interpolation: 0, interpolation_duration: 1 }
$data merge entity $(bone_ear_left_1) { transformation: [-0.9420216690499182f,-0.17478013717711235f,-0.28643861242639124f,-0.1967349239140154f,-0.18251426532732612f,0.9832031573105506f,0.0003072565553012413f,1.8548683594577724f,0.2815736457703969f,0.052568575241432755f,-0.958098547595524f,-0.04752362388319677f,0f,0f,0f,1f], start_interpolation: 0, interpolation_duration: 1 }
$data merge entity $(bone_head) { transformation: [-0.9581164460617477f,-0.10160662176846713f,-0.26774796021409025f,-0.016529850743267193f,-0.07813415707321736f,0.9922189676394918f,-0.09693592602785969f,1.3591521558650554f,0.2755139366428932f,-0.07195564376211624f,-0.9586002587347424f,-0.015129340450013129f,0f,0f,0f,1f], start_interpolation: 0, interpolation_duration: 1 }
$data merge entity $(bone_body_1) { transformation: [-0.9256655017657053f,-0.06524430955210772f,-0.3726748702447136f,0.007936765338773202f,0.03929923646608002f,0.9631094595481576f,-0.2662249780581055f,0.9979861085344962f,0.3762963577474919f,-0.2610811157474329f,-0.888953149578788f,0.08277607795527422f,0f,0f,0f,1f], start_interpolation: 0, interpolation_duration: 1 }
$data merge entity $(bone_leg_left_2) { transformation: [-0.8110320278697662f,-0.2923911218453571f,-0.5066897291592444f,0.3539243178559054f,-0.03778363275619029f,0.8905065870474654f,-0.4533987378906346f,0.7208815366240501f,0.5837803070207148f,-0.3485763191771477f,-0.7332769618934656f,0.4519064770437361f,0f,0f,0f,1f], start_interpolation: 0, interpolation_duration: 1 }
$data merge entity $(bone_leg_left_1) { transformation: [-0.8110320278697662f,-0.5806257800456347f,-0.07141955835660879f,0.17171166215272127f,-0.03778363275619029f,0.17381991001093605f,-0.9840523542878883f,0.7168131597739197f,0.5837803070207148f,-0.7953994860635681f,-0.16291166534233031f,0.19849947455288508f,0f,0f,0f,1f], start_interpolation: 0, interpolation_duration: 1 }
$data merge entity $(bone_leg_right_2) { transformation: [-0.993623720056172f,0.1012689621838258f,-0.04956309352678695f,-0.06083391775933625f,0.11227405990195222f,0.9289496240120263f,-0.35277065002781594f,0.6767007172694546f,0.010316899479351105f,-0.3560859353388251f,-0.9343962586820471f,0.6305685461545051f,0f,0f,0f,1f], start_interpolation: 0, interpolation_duration: 1 }
$data merge entity $(bone_leg_right_1) { transformation: [-0.993623720056172f,0.025074750893340103f,-0.10992342702704966f,-0.057107477161594485f,0.11227405990195222f,0.30926622587666275f,-0.9443245930320452f,0.7406856532247369f,0.010316899479351105f,-0.9506448644996942f,-0.31010950192712716f,0.2931446166166773f,0f,0f,0f,1f], start_interpolation: 0, interpolation_duration: 1 }
$data merge entity $(bone_coat_downer) { transformation: [-0.9234335219874732f,-0.16397152826482211f,-0.3469637854132758f,0.038353041507866524f,0.07244180259421704f,0.8133842051708069f,-0.5771986833106563f,0.7747576657194368f,0.3768590130363231f,-0.5581392950663424f,-0.7392278482282272f,0.2130064243677723f,0f,0f,0f,1f], start_interpolation: 0, interpolation_duration: 1 }
$data merge entity $(bone_body_2) { transformation: [-0.9234335219874732f,-0.17583763701978988f,-0.3411035852598264f,0.006278643876784363f,0.07244180259421704f,0.7929982201185264f,-0.6049016516143344f,0.9513772539444028f,0.3768590130363231f,-0.5832966211938364f,-0.7195431439442269f,0.07973187453042824f,0f,0f,0f,1f], start_interpolation: 0, interpolation_duration: 1 }