# This file was generated by Animated Java via MC-Build. It is not recommended to edit this file directly.
$data merge entity $(bone_wing_right_1) { transformation: [-0.7231072974209897f,-0.12750332648250107f,-0.3574957098999282f,0.03509031921836096f,-0.08419071800437791f,0.8039275957744927f,-0.11643362142695539f,0.815911005745445f,0.37009755992557447f,-0.06624022141105049f,-0.72497205025366f,-0.9306228186025296f,0f,0f,0f,1f], start_interpolation: 0, interpolation_duration: 1 }
$data merge entity $(bone_wing_right_2) { transformation: [-0.7022276987883371f,0.15568013278140844f,-0.350199879085644f,0.03509031921836096f,0.22517651317452056f,0.7591353250249055f,-0.11405742507130325f,0.815911005745445f,0.31011577994194617f,-0.19868883853023556f,-0.7101767022892996f,-0.9306228186025296f,0f,0f,0f,1f], start_interpolation: 0, interpolation_duration: 1 }
$data merge entity $(bone_wing_left_1) { transformation: [-0.7231072974209897f,0.1275033264825011f,0.35749570989992846f,-0.03509031921836071f,0.08419071800437791f,0.8039275957744927f,-0.11643362142695539f,0.815911005745445f,-0.3700975599255747f,-0.06624022141105045f,-0.72497205025366f,-0.9306228186025297f,0f,0f,0f,1f], start_interpolation: 0, interpolation_duration: 1 }
$data merge entity $(bone_wing_left_2) { transformation: [-0.7022276987883371f,-0.15568013278140838f,0.3501998790856442f,-0.03509031921836071f,-0.22517651317452056f,0.7591353250249055f,-0.11405742507130325f,0.815911005745445f,-0.3101157799419464f,-0.1986888385302356f,-0.7101767022892996f,-0.9306228186025297f,0f,0f,0f,1f], start_interpolation: 0, interpolation_duration: 1 }
$data merge entity $(bone_staff) { transformation: [0.4507494429551987f,0.30629528692247987f,1.4643819129191178f,-0.6887876815951942f,1.496011060271225f,-0.07848454925807707f,-0.4440690634055955f,0.6324906367857491f,-0.013494340359728964f,1.5301730695371787f,-0.3159027224343336f,-0.5472309884756341f,0f,0f,0f,1f], start_interpolation: 0, interpolation_duration: 1 }
$data merge entity $(bone_arm_right_2) { transformation: [-0.661108651687185f,-0.7353287490926157f,-0.1490871604875535f,-0.544100040820851f,-0.6733556808761396f,0.6691357661600978f,-0.3144033293035707f,0.8113455105054808f,0.3309493582048209f,-0.10746607466185874f,-0.9375092346748317f,-0.6442621643918142f,0f,0f,0f,1f], start_interpolation: 0, interpolation_duration: 1 }
$data merge entity $(bone_arm_right_1) { transformation: [-0.6678379383568656f,-0.7353287490926157f,0.11525675185923241f,-0.29843749999999997f,-0.7424164768665691f,0.6691357661600978f,-0.03278873773676194f,1.0869501395157304f,-0.05301191345615275f,-0.10746607466185874f,-0.9927944297932423f,-0.6323531898306807f,0f,0f,0f,1f], start_interpolation: 0, interpolation_duration: 1 }
$data merge entity $(bone_arm_left_2) { transformation: [0.6808104481292684f,0.702216990140585f,0.20829890176360133f,0.3815959628982377f,0.28918955914028305f,0.0035801008610611973f,-0.9572651574992548f,0.9528432284015799f,-0.6729535887431417f,0.7119539884260233f,-0.20063645172800523f,-0.3385862253285562f,0f,0f,0f,1f], start_interpolation: 0, interpolation_duration: 1 }
$data merge entity $(bone_arm_left_1) { transformation: [-0.17724486640549342f,0.8737249081167114f,0.4529779710640937f,0.2984375000000001f,0.40870679540626254f,0.4840467025461446f,-0.7737296331038043f,1.0869501395157304f,-0.8952893458104156f,0.04799556948978123f,-0.4428921003898233f,-0.6323531898306807f,0f,0f,0f,1f], start_interpolation: 0, interpolation_duration: 1 }
$data merge entity $(bone_himo_right_2) { transformation: [-1f,8.369451925357044e-17f,8.940260216309308e-17f,-0.15624999999999994f,0f,0.7300276473619877f,-0.6834176132403387f,0.7895508265212248f,-1.2246467991473532e-16f,-0.6834176132403387f,-0.7300276473619877f,-0.3380042096505703f,0f,0f,0f,1f], start_interpolation: 0, interpolation_duration: 1 }
$data merge entity $(bone_himo_right_1) { transformation: [-1f,4.31107586636025e-17f,1.1462574018983341e-16f,-0.15624999999999994f,0f,0.9359901995386779f,-0.3520260592165667f,0.9628488260646233f,-1.2246467991473532e-16f,-0.3520260592165667f,-0.9359901995386779f,-0.4098590345007933f,0f,0f,0f,1f], start_interpolation: 0, interpolation_duration: 1 }
$data merge entity $(bone_himo_left_2) { transformation: [-1f,7.7275367990832e-17f,9.50058699686502e-17f,0.15625000000000006f,0f,0.7757818012082912f,-0.6310012653822648f,0.7787122686590118f,-1.2246467991473532e-16f,-0.6310012653822648f,-0.7757818012082912f,-0.3739558211792819f,0f,0f,0f,1f], start_interpolation: 0, interpolation_duration: 1 }
$data merge entity $(bone_himo_left_1) { transformation: [-1f,1.9419496782526275e-17f,1.2091518089690816e-16f,0.15625000000000006f,0f,0.9873473803311619f,-0.15857222503702206f,0.9628488260646233f,-1.2246467991473532e-16f,-0.15857222503702206f,-0.9873473803311619f,-0.40985903450079325f,0f,0f,0f,1f], start_interpolation: 0, interpolation_duration: 1 }
$data merge entity $(bone_ponpon1) { transformation: [-1f,-2.5357626897229194e-17f,1.1981063635904572e-16f,0.29375000000000007f,0f,0.978328089719114f,0.20706073714383735f,1.610068431944964f,-1.2246467991473532e-16f,0.20706073714383735f,-0.978328089719114f,-0.5101883128162195f,0f,0f,0f,1f], start_interpolation: 0, interpolation_duration: 1 }
$data merge entity $(bone_ponpon2) { transformation: [-1f,-2.5357626897229194e-17f,1.1981063635904572e-16f,0.33125000000000004f,0f,0.978328089719114f,0.20706073714383735f,1.5071893648373096f,-1.2246467991473532e-16f,0.20706073714383735f,-0.978328089719114f,-0.627789163370366f,0f,0f,0f,1f], start_interpolation: 0, interpolation_duration: 1 }
$data merge entity $(bone_ponpon3) { transformation: [-1f,-2.5357626897229194e-17f,1.1981063635904572e-16f,-0.29374999999999996f,0f,0.978328089719114f,0.20706073714383735f,1.610068431944964f,-1.2246467991473532e-16f,0.20706073714383735f,-0.978328089719114f,-0.5101883128162196f,0f,0f,0f,1f], start_interpolation: 0, interpolation_duration: 1 }
$data merge entity $(bone_ponpon4) { transformation: [-1f,-2.5357626897229194e-17f,1.1981063635904572e-16f,-0.33124999999999993f,0f,0.978328089719114f,0.20706073714383735f,1.5071893648373096f,-1.2246467991473532e-16f,0.20706073714383735f,-0.978328089719114f,-0.6277891633703662f,0f,0f,0f,1f], start_interpolation: 0, interpolation_duration: 1 }
$data merge entity $(bone_ear_edge_a1) { transformation: [-0.9878285852617219f,0.15442887286912554f,0.01861207576269544f,0.19443674910791517f,0.14839149388764822f,0.8997460018768095f,0.41041088758522015f,1.705406683933148f,0.046633150028889445f,0.40817748018609207f,-0.9117107512732948f,-0.4892322240652831f,0f,0f,0f,1f], start_interpolation: 0, interpolation_duration: 1 }
$data merge entity $(bone_ear_edge_a2) { transformation: [-0.9998247742836402f,-0.002002839102781484f,0.01861207576269544f,0.07925173714105707f,0.005813263880639519f,0.9118821795136507f,0.41041088758522015f,1.7152656705534093f,-0.017794007185622844f,0.41044716995121616f,-0.9117107512732948f,-0.4871455937635112f,0f,0f,0f,1f], start_interpolation: 0, interpolation_duration: 1 }
$data merge entity $(bone_ear_edge_b1) { transformation: [-0.9715392556606264f,0.23407056006391802f,0.03636547293463799f,0.057096807370781f,0.20925818644475008f,0.7761394497304124f,0.5948265007361618f,1.718927461016098f,0.11100669401549784f,0.5855070686879338f,-0.8030311241790153f,-0.5152869079398348f,0f,0f,0f,1f], start_interpolation: 0, interpolation_duration: 1 }
$data merge entity $(bone_ear_edge_b2) { transformation: [-0.9963205208751944f,-0.077607809279875f,0.03636547293463799f,0.08610486499619698f,-0.04082391816513187f,0.8028168170433525f,0.5948265007361618f,1.726520817605824f,-0.07535799485540973f,0.5911532679527021f,-0.8030311241790153f,-0.5083486694384712f,0f,0f,0f,1f], start_interpolation: 0, interpolation_duration: 1 }
$data merge entity $(bone_ear_right_2) { transformation: [-0.9961946980917455f,0.07920653932685152f,0.03636547293463799f,0.14415768195309772f,0.08526691131036694f,0.7993190776264276f,0.5948265007361618f,1.8284045538526237f,0.018046532339648636f,0.5956637778733076f,-0.8030311241790153f,-0.4691667952743742f,0f,0f,0f,1f], start_interpolation: 0, interpolation_duration: 1 }
$data merge entity $(bone_ear_right_1) { transformation: [-0.9961946980917455f,0.08514525312487861f,0.01861207576269544f,0.12500000000000006f,0.08526691131036694f,0.9079055331845389f,0.41041088758522015f,1.6241258088861028f,0.018046532339648636f,0.4104361444648833f,-0.9117107512732948f,-0.5615149277789728f,0f,0f,0f,1f], start_interpolation: 0, interpolation_duration: 1 }
$data merge entity $(bone_ear_edge_a3) { transformation: [-0.9878285852617219f,-0.15442887286912566f,-0.018612075762695218f,-0.19443674910791503f,-0.14839149388764822f,0.8997460018768095f,0.41041088758522015f,1.705406683933148f,-0.04663315002888969f,0.40817748018609207f,-0.9117107512732948f,-0.4892322240652832f,0f,0f,0f,1f], start_interpolation: 0, interpolation_duration: 1 }
$data merge entity $(bone_ear_edge_a4) { transformation: [-0.9998247742836402f,0.002002839102781373f,-0.018612075762695218f,-0.07925173714105696f,-0.005813263880639519f,0.9118821795136507f,0.41041088758522015f,1.7152656705534093f,0.0177940071856226f,0.4104471699512162f,-0.9117107512732948f,-0.4871455937635113f,0f,0f,0f,1f], start_interpolation: 0, interpolation_duration: 1 }
$data merge entity $(bone_ear_edge_b3) { transformation: [-0.9716788151232836f,-0.23318941629517845f,-0.03824887408180292f,-0.05714667910408673f,-0.2069976187911556f,0.7618667872835049f,0.6137678585989187f,1.7200967071647801f,-0.113983621873509f,0.6043026514605284f,-0.7885594710498203f,-0.5180584127593987f,0f,0f,0f,1f], start_interpolation: 0, interpolation_duration: 1 }
$data merge entity $(bone_ear_edge_b4) { transformation: [-0.9961809614125372f,0.07848895304861456f,-0.03824887408180292f,-0.08614358513779452f,0.03856335051153739f,0.788544154596445f,0.6137678585989187f,1.7275094315922608f,0.07833492271342041f,0.6099488507252969f,-0.7885594710498203f,-0.5108823008570836f,0f,0f,0f,1f], start_interpolation: 0, interpolation_duration: 1 }
$data merge entity $(bone_ear_left_2) { transformation: [-0.9961946980917455f,-0.07831441199019731f,-0.03824887408180292f,-0.1441576819530976f,-0.08526691131036694f,0.7848685046467897f,0.6137678585989187f,1.8284045538526237f,-0.01804653233964888f,0.6146936499494216f,-0.7885594710498203f,-0.4691667952743743f,0f,0f,0f,1f], start_interpolation: 0, interpolation_duration: 1 }
$data merge entity $(bone_ear_left_1) { transformation: [-0.9961946980917455f,-0.08514525312487872f,-0.018612075762695218f,-0.12499999999999992f,-0.08526691131036694f,0.9079055331845389f,0.41041088758522015f,1.6241258088861028f,-0.01804653233964888f,0.4104361444648833f,-0.9117107512732948f,-0.5615149277789729f,0f,0f,0f,1f], start_interpolation: 0, interpolation_duration: 1 }
$data merge entity $(bone_head) { transformation: [-1f,-2.5357626897229194e-17f,1.1981063635904572e-16f,7.801744729640742e-17f,0f,0.978328089719114f,0.20706073714383735f,1.1162620148693119f,-1.2246467991473532e-16f,0.20706073714383735f,-0.978328089719114f,-0.6370608027614673f,0f,0f,0f,1f], start_interpolation: 0, interpolation_duration: 1 }
$data merge entity $(bone_body_1) { transformation: [-1f,1.9419496782526275e-17f,1.2091518089690816e-16f,7.073513600296006e-17f,0f,0.9873473803311619f,-0.15857222503702206f,0.7460067472451261f,-1.2246467991473532e-16f,-0.15857222503702206f,-0.9873473803311619f,-0.577596218372584f,0f,0f,0f,1f], start_interpolation: 0, interpolation_duration: 1 }
$data merge entity $(bone_leg_left_2) { transformation: [-0.9744477430361239f,-0.2203638848071553f,0.04348970412066459f,0.13684310371991487f,-0.16104319685407684f,0.5504636627205353f,-0.8191793727696711f,0.6768221514101295f,0.15657804711652012f,-0.8052512119189834f,-0.5718861782419515f,-0.1459459308870935f,0f,0f,0f,1f], start_interpolation: 0, interpolation_duration: 1 }
$data merge entity $(bone_leg_left_1) { transformation: [-0.9744477430361239f,-0.07682262446439334f,0.21106842601916315f,0.12500000000000006f,-0.16104319685407684f,-0.41610273931513564f,-0.894943349649272f,0.5019820059932592f,0.15657804711652012f,-0.9060666612920061f,0.3930986141623165f,-0.39947637386954293f,0f,0f,0f,1f], start_interpolation: 0, interpolation_duration: 1 }
$data merge entity $(bone_leg_right_2) { transformation: [-0.9570656386988358f,0.25362532256307246f,-0.1403551173871727f,-0.15119596884075698f,0.2078309042912143f,0.2628576716414816f,-0.9421847800090569f,0.6798827935933892f,-0.20206849938445554f,-0.9309028092201658f,-0.3042832255358776f,-0.10755630386507942f,0f,0f,0f,1f], start_interpolation: 0, interpolation_duration: 1 }
$data merge entity $(bone_leg_right_1) { transformation: [-0.9570656386988358f,0.09676319470099681f,-0.2732439338269865f,-0.12499999999999996f,0.2078309042912143f,-0.42804975136145074f,-0.8795338115052179f,0.4988481789461633f,-0.20206849938445554f,-0.8985601229248141f,0.3895613264248098f,-0.41782658107822024f,0f,0f,0f,1f], start_interpolation: 0, interpolation_duration: 1 }
$data merge entity $(bone_skirt_forward_right) { transformation: [-0.9914448613738104f,0.13052619222005168f,3.650977229777603e-17f,6.328942975971487e-17f,0.03891310996907632f,0.29557441508653753f,-0.954526864482496f,0.6564103337333541f,-0.12459075699264552f,-0.9463607548344262f,-0.29812491506282096f,-0.5167974129665749f,0f,0f,0f,1f], start_interpolation: 0, interpolation_duration: 1 }
$data merge entity $(bone_skirt_forward_left) { transformation: [-0.9914448613738104f,-0.12925592028994132f,0.018165734927774162f,6.064517831303216e-17f,-0.03891310996907632f,0.15985344151744768f,-0.986373482565079f,0.6257502760246085f,0.12459075699264527f,-0.9786418059254508f,-0.16351562300578912f,-0.4952054613236707f,0f,0f,0f,1f], start_interpolation: 0, interpolation_duration: 1 }
$data merge entity $(bone_skirt_forward) { transformation: [-1f,1.1689582692886485e-16f,3.650977229777603e-17f,6.328942975971487e-17f,0f,0.29812491506282096f,-0.954526864482496f,0.6564103337333541f,-1.2246467991473532e-16f,-0.954526864482496f,-0.29812491506282096f,-0.5167974129665749f,0f,0f,0f,1f], start_interpolation: 0, interpolation_duration: 1 }
$data merge entity $(bone_skirt_back_right) { transformation: [-0.9961946980917455f,0.08715574274765826f,8.286997864633874e-17f,6.468769610350344e-17f,0.05897696009521175f,0.6741097385461389f,-0.7362728968087743f,0.6786505361530832f,-0.06417041118633873f,-0.7334711561495518f,-0.6766847282337735f,-0.5282151241365391f,0f,0f,0f,1f], start_interpolation: 0, interpolation_duration: 1 }
$data merge entity $(bone_skirt_back_left) { transformation: [-0.9961946980917455f,-0.0871557427476581f,8.286997864633874e-17f,6.468769610350344e-17f,-0.05897696009521175f,0.6741097385461389f,-0.7362728968087743f,0.6786505361530832f,0.06417041118633848f,-0.7334711561495518f,-0.6766847282337735f,-0.5282151241365391f,0f,0f,0f,1f], start_interpolation: 0, interpolation_duration: 1 }
$data merge entity $(bone_skirt_back) { transformation: [-1f,9.016742463758149e-17f,8.286997864633874e-17f,6.468769610350344e-17f,0f,0.6766847282337735f,-0.7362728968087743f,0.6786505361530832f,-1.2246467991473532e-16f,-0.7362728968087743f,-0.6766847282337735f,-0.5282151241365391f,0f,0f,0f,1f], start_interpolation: 0, interpolation_duration: 1 }
$data merge entity $(bone_skirt_right) { transformation: [-0.9914448613738104f,0.13052619222005166f,7.925000149804095e-17f,-0.19374999999999995f,0.08446681064429926f,0.6415891243402126f,-0.7623835999206299f,0.6897710778345014f,-0.09951102830865516f,-0.7558613025369754f,-0.647125371602799f,-0.5339240157397177f,0f,0f,0f,1f], start_interpolation: 0, interpolation_duration: 1 }
$data merge entity $(bone_skirt_left) { transformation: [-0.9914448613738104f,-0.13002950065171937f,0.011376107230962268f,0.19375000000000006f,-0.08446681064429927f,0.5727015751113296f,-0.8154006768237209f,0.6840617817779656f,0.09951102830865492f,-0.8093857144929519f,-0.5787852109545365f,-0.5450440809313858f,0f,0f,0f,1f], start_interpolation: 0, interpolation_duration: 1 }
$data merge entity $(bone_coat_downer) { transformation: [-1f,9.269759196451637e-17f,8.002970867495774e-17f,-0.007812499999999947f,0f,0.6534921638686153f,-0.7569332809186783f,0.5811865416619275f,-1.2246467991473532e-16f,-0.7569332809186783f,-0.6534921638686153f,-0.4334534563373811f,0f,0f,0f,1f], start_interpolation: 0, interpolation_duration: 1 }
$data merge entity $(bone_body_2) { transformation: [-1f,8.536980093947856e-17f,8.780429895040664e-17f,7.215755368570781e-17f,0f,0.7169765111993059f,-0.6970973263386336f,0.7413859808830224f,-1.2246467991473532e-16f,-0.6970973263386336f,-0.7169765111993059f,-0.5892111401911695f,0f,0f,0f,1f], start_interpolation: 0, interpolation_duration: 1 }
$data merge entity $(bone_book_left) { transformation: [0.5735764363510457f,-0.21201214989665462f,-0.7912401152362238f,-0.04251139545395524f,0f,0.9659258262890683f,-0.2588190451025207f,0.8195109808830224f,0.8191520442889917f,0.14845250554968448f,0.5540322932223231f,-0.22448389226721605f,0f,0f,0f,1f], start_interpolation: 0, interpolation_duration: 1 }
$data merge entity $(bone_book_right) { transformation: [0.5735764363510457f,-0.21201214989665462f,-0.7912401152362238f,0.011261395453955297f,0f,0.9659258262890683f,-0.2588190451025207f,0.8195109808830224f,0.8191520442889917f,0.14845250554968448f,0.5540322932223231f,-0.14768838811512308f,0f,0f,0f,1f], start_interpolation: 0, interpolation_duration: 1 }
$data merge entity $(bone_book_loot_1) { transformation: [0.5735764363510457f,-0.21201214989665462f,-0.7912401152362238f,0.10306101728543363f,0f,0.9659258262890683f,-0.2588190451025207f,0.8583338376484005f,0.8191520442889917f,0.14845250554968448f,0.5540322932223231f,-0.26919098417451803f,0f,0f,0f,1f], start_interpolation: 0, interpolation_duration: 1 }
$data merge entity $(bone_book_left2) { transformation: [-0.40278663179405627f,-0.5489564193883943f,-0.7324000128756639f,0.5417253292003303f,-0.37034160103382613f,0.8294993993759021f,-0.4180644029078772f,1.67804585759102f,0.8370245084773216f,0.10284744064531116f,-0.5374126684039068f,-0.9772467985918298f,0f,0f,0f,1f], start_interpolation: 0, interpolation_duration: 1 }
$data merge entity $(bone_book_right2) { transformation: [-0.024650604738777365f,-0.5489564193883943f,-0.8354874010410246f,0.5623359207996699f,-0.13905826121271864f,0.8294993993759021f,-0.5409191681050994f,1.7026086041750248f,0.9899773470511877f,0.10284744064531116f,-0.09678458698677864f,-1.0653429817905087f,0f,0f,0f,1f], start_interpolation: 0, interpolation_duration: 1 }
$data merge entity $(bone_book_loot_2) { transformation: [-0.21984631039295455f,-0.5489564193883943f,-0.8064207645013104f,0.6729937396751967f,-0.26200263022938497f,0.8294993993759021f,-0.49323966607309844f,1.7643131807939871f,0.9396926207859082f,0.10284744064531116f,-0.3261904081870286f,-0.972366328963115f,0f,0f,0f,1f], start_interpolation: 0, interpolation_duration: 1 }
$data merge entity $(bone_air_staff_povit_1) { transformation: [-0.000015625f,0f,1.9135106236677393e-21f,-0.007217500000000012f,0f,0.000015625f,0f,0.9075084808830224f,-1.9135106236677393e-21f,0f,-0.000015625f,0.09828885980883051f,0f,0f,0f,1f], start_interpolation: 0, interpolation_duration: 1 }