# This file was generated by Animated Java via MC-Build. It is not recommended to edit this file directly.
$data merge entity $(bone_wing_right_1) { transformation: [-0.29564411378452227f,-0.03957607408961744f,0.7602451820226565f,0.31267993191986965f,-0.08625014020646732f,0.8120524053530876f,0.008732051252350048f,1.461428333968901f,-0.7563728681962182f,-0.07713021304496734f,-0.29815341510153587f,0.08752739158883902f,0f,0f,0f,1f], start_interpolation: 0, interpolation_duration: 1 }
$data merge entity $(bone_wing_right_2) { transformation: [-0.2824012932294936f,0.07501183287482285f,0.7447299742262757f,0.31267993191986965f,0.226358461251784f,0.7672605025258363f,0.008553846124751067f,1.461428333968901f,-0.7134503182436983f,0.21373943527707043f,-0.2920686515280352f,0.08752739158883902f,0f,0f,0f,1f], start_interpolation: 0, interpolation_duration: 1 }
$data merge entity $(bone_wing_left_1) { transformation: [0.4815466670892492f,-0.0723557100198344f,0.6556080407432523f,0.3226006081464326f,0.17802461228646252f,0.7958700897851088f,-0.04292414297504263f,1.4663258719918295f,-0.635109824581493f,0.16822572888061105f,0.48505675885106136f,0.013271018965028442f,0f,0f,0f,1f], start_interpolation: 0, interpolation_duration: 1 }
$data merge entity $(bone_wing_left_2) { transformation: [0.4629359423357262f,0.11503540100379062f,0.6422282848097166f,0.3226006081464326f,-0.13723396124175433f,0.7870189284887805f,-0.042048140057184616f,1.4663258719918295f,-0.6378535515113402f,-0.085837420256372f,0.4751576413234887f,0.013271018965028442f,0f,0f,0f,1f], start_interpolation: 0, interpolation_duration: 1 }
$data merge entity $(bone_staff) { transformation: [1.517897094898217f,0.31354944954764924f,-0.19769016664447428f,0.01587417365402448f,-0.3701581381129133f,1.3259172728941293f,-0.7391431446139346f,1.5748630226368863f,0.019432243522950306f,0.7648767077963354f,1.3623480685134415f,-0.9996673905191615f,0f,0f,0f,1f], start_interpolation: 0, interpolation_duration: 1 }
$data merge entity $(bone_arm_right_2) { transformation: [0.1265217066524637f,0.9911152296495623f,0.041022668153637525f,0.0717733907401799f,0.4730516125529179f,-0.02393489826137036f,-0.8807095392388469f,1.8438646965112024f,-0.8719027638486027f,0.1308347132909054f,-0.4718769417880627f,-0.5609956075973103f,0f,0f,0f,1f], start_interpolation: 0, interpolation_duration: 1 }
$data merge entity $(bone_arm_right_1) { transformation: [0.1265217066524637f,0.9911152296495623f,0.041022668153637525f,0.03025845574484024f,0.4730516125529179f,-0.02393489826137036f,-0.8807095392388469f,1.6886446361422762f,-0.8719027638486027f,0.1308347132909054f,-0.4718769417880627f,-0.2749025132094875f,0f,0f,0f,1f], start_interpolation: 0, interpolation_duration: 1 }
$data merge entity $(bone_arm_left_2) { transformation: [0.44072208054668316f,-0.5708862085163018f,0.6927142157083863f,-0.24830775962388824f,0.64832644851723f,-0.3312896936893079f,-0.6855070787441077f,1.4974047196566524f,0.6208356174315701f,0.7512230532811985f,0.22411394500841583f,0.5714005362454955f,0f,0f,0f,1f], start_interpolation: 0, interpolation_duration: 1 }
$data merge entity $(bone_arm_left_1) { transformation: [0.6630501320136224f,0.2837455511408653f,0.6927142157083863f,-0.051554885088960875f,0.4830653140352351f,0.5447274064775514f,-0.6855070787441077f,1.6179337626021413f,-0.5718500020221717f,0.7891517692053965f,0.22411394500841583f,0.33192413491566153f,0f,0f,0f,1f], start_interpolation: 0, interpolation_duration: 1 }
$data merge entity $(bone_himo_right_2) { transformation: [-0.06760960435581312f,0.49739391560988055f,0.8648862550145666f,-0.24875245300037271f,-0.8635840135935691f,0.4049516210898447f,-0.3003944673963367f,1.3906542004462632f,-0.49965147139228216f,-0.767211494498732f,0.4021628150942721f,-0.08915115571197764f,0f,0f,0f,1f], start_interpolation: 0, interpolation_duration: 1 }
$data merge entity $(bone_himo_right_1) { transformation: [0.10331316461870002f,0.28800140783872946f,0.9520407444533977f,-0.18880193437777723f,-0.48098279569527247f,0.8522753990645383f,-0.20562634654766757f,1.5491706731049413f,-0.8706215826991823f,-0.4366713102921826f,0.2265749909104694f,-0.16961093269857144f,0f,0f,0f,1f], start_interpolation: 0, interpolation_duration: 1 }
$data merge entity $(bone_himo_left_2) { transformation: [-0.06760960435581312f,0.49739391560988055f,0.8648862550145666f,-0.290046726830994f,-0.8635840135935691f,0.4049516210898447f,-0.3003944673963367f,1.3702684654826345f,-0.49965147139228216f,-0.767211494498732f,0.4021628150942721f,0.21993694622466176f,0f,0f,0f,1f], start_interpolation: 0, interpolation_duration: 1 }
$data merge entity $(bone_himo_left_1) { transformation: [0.10331316461870002f,0.28800140783872946f,0.9520407444533977f,-0.23009620820839846f,-0.48098279569527247f,0.8522753990645383f,-0.20562634654766757f,1.5287849381413126f,-0.8706215826991823f,-0.4366713102921826f,0.2265749909104694f,0.13947716923806794f,0f,0f,0f,1f], start_interpolation: 0, interpolation_duration: 1 }
$data merge entity $(bone_ponpon1) { transformation: [0.4443542395313824f,-0.016127580330476593f,0.8957059846641481f,-0.16672513958020604f,0.11163250525599047f,0.9930417565569211f,-0.037500046728183745f,2.195096525586305f,-0.8888686593534267f,0.11665320778713605f,0.4430626767537672f,0.3346492532553612f,0f,0f,0f,1f], start_interpolation: 0, interpolation_duration: 1 }
$data merge entity $(bone_ponpon2) { transformation: [0.4443542395313824f,-0.016127580330476593f,0.8957059846641481f,-0.09740003995905944f,0.11163250525599047f,0.9930417565569211f,-0.037500046728183745f,2.063264457688823f,-0.8888686593534267f,0.11665320778713605f,0.4430626767537672f,0.3949373029533884f,0f,0f,0f,1f], start_interpolation: 0, interpolation_duration: 1 }
$data merge entity $(bone_ponpon3) { transformation: [0.4443542395313824f,-0.016127580330476593f,0.8957059846641481f,0.09433297614448112f,0.11163250525599047f,0.9930417565569211f,-0.037500046728183745f,2.2606806224241995f,-0.8888686593534267f,0.11665320778713605f,0.4430626767537672f,-0.187561084114777f,0f,0f,0f,1f], start_interpolation: 0, interpolation_duration: 1 }
$data merge entity $(bone_ponpon4) { transformation: [0.4443542395313824f,-0.016127580330476593f,0.8957059846641481f,0.19698464373048144f,0.11163250525599047f,0.9930417565569211f,-0.037500046728183745f,2.1372209924209167f,-0.8888686593534267f,0.11665320778713605f,0.4430626767537672f,-0.1939381838682568f,0f,0f,0f,1f], start_interpolation: 0, interpolation_duration: 1 }
$data merge entity $(bone_ear_edge_a1) { transformation: [0.42725340476493595f,-0.12314754221501509f,0.8957059846641481f,-0.10886967152696198f,0.34855508691924436f,0.9365378251187199f,-0.037500046728183745f,2.303853779867904f,-0.8342444962356586f,0.3282248999821602f,0.4430626767537672f,0.2762645410679624f,0f,0f,0f,1f], start_interpolation: 0, interpolation_duration: 1 }
$data merge entity $(bone_ear_edge_a2) { transformation: [0.44125772625332743f,-0.054794233807697934f,0.8957059846641481f,-0.05859557751486184f,0.19775700174287425f,0.9795335189553509f,-0.037500046728183745f,2.336503556672246f,-0.8753192487792167f,0.19367931532400268f,0.4430626767537672f,0.1773926635147917f,0f,0f,0f,1f], start_interpolation: 0, interpolation_duration: 1 }
$data merge entity $(bone_ear_edge_b1) { transformation: [0.41489456105917755f,-0.15991651647138128f,0.8957059846641481f,-0.04850273824349166f,0.4288533793413572f,0.9025954384567219f,-0.037500046728183745f,2.3366894762242176f,-0.8024632591159613f,0.3996851038464862f,0.4430626767537672f,0.15700447687736646f,0f,0f,0f,1f], start_interpolation: 0, interpolation_duration: 1 }
$data merge entity $(bone_ear_edge_b2) { transformation: [0.44400509714164627f,-0.02388017481230828f,0.8957059846641481f,-0.06189462029811034f,0.12894647142936116f,0.9909422556341521f,-0.037500046728183745f,2.3407297691208613f,-0.8866974011567612f,0.13214833805096687f,0.4430626767537672f,0.18441978561800454f,0f,0f,0f,1f], start_interpolation: 0, interpolation_duration: 1 }
$data merge entity $(bone_ear_right_2) { transformation: [0.4348029752397849f,-0.09304387007997975f,0.8957059846641481f,-0.06514125068053057f,0.2823764480375523f,0.9585704398160207f,-0.037500046728183745f,2.430723925313664f,-0.855108130189584f,0.26923140632448567f,0.4430626767537672f,0.26913197938935834f,0f,0f,0f,1f], start_interpolation: 0, interpolation_duration: 1 }
$data merge entity $(bone_ear_right_1) { transformation: [0.4348029752397849f,-0.09304387007997975f,0.8957059846641481f,-0.04420637991253516f,0.2823764480375523f,0.9585704398160207f,-0.037500046728183745f,2.2150455763550596f,-0.855108130189584f,0.26923140632448567f,0.4430626767537672f,0.20855491296634918f,0f,0f,0f,1f], start_interpolation: 0, interpolation_duration: 1 }
$data merge entity $(bone_ear_edge_a3) { transformation: [0.4739761638403337f,-0.4647247040780067f,0.7479154668348627f,0.016025239611969333f,-0.1191378442007594f,0.8077285543103769f,0.5773913375093742f,2.3101405081059507f,-0.8724406972341425f,-0.36277476755044263f,0.32747778220564155f,-0.11139830879995562f,0f,0f,0f,1f], start_interpolation: 0, interpolation_duration: 1 }
$data merge entity $(bone_ear_edge_a4) { transformation: [0.39544177027168576f,-0.5331493794365563f,0.7479154668348627f,-0.034896475791248785f,0.008685524650532774f,0.816421340381718f,0.5773913375093742f,2.317367456181679f,-0.9184499812107029f,-0.22182861442053442f,0.32747778220564155f,-0.007842088576811195f,0f,0f,0f,1f], start_interpolation: 0, interpolation_duration: 1 }
$data merge entity $(bone_ear_edge_b3) { transformation: [0.5579218575674116f,-0.7073178442176669f,0.43407910350511203f,0.00363134797353408f,-0.13298669182554992f,0.4400952836301616f,0.888048805597859f,2.3476419918031253f,-0.8191689329105598f,-0.553188583195424f,0.15147491797790946f,0.03341479822048976f,0f,0f,0f,1f], start_interpolation: 0, interpolation_duration: 1 }
$data merge entity $(bone_ear_edge_b4) { transformation: [0.31204198393507265f,-0.8451065803566213f,0.43407910350511203f,0.006194113740328883f,0.00951906194475785f,0.45965063508702786f,0.888048805597859f,2.351577594044255f,-0.9500206248927208f,-0.2729764852547375f,0.15147491797790946f,0.0029975516057128837f,0f,0f,0f,1f], start_interpolation: 0, interpolation_duration: 1 }
$data merge entity $(bone_ear_left_2) { transformation: [0.44040402510891347f,-0.7858877951514873f,0.43407910350511203f,-0.04486532190361729f,-0.06250333470900137f,0.4554806823856207f,0.888048805597859f,2.426119813580148f,-0.8956213640920598f,-0.4182316599750234f,0.15147491797790946f,-0.08139460484045476f,0f,0f,0f,1f], start_interpolation: 0, interpolation_duration: 1 }
$data merge entity $(bone_ear_left_1) { transformation: [0.44040402510891347f,-0.49665556388412413f,0.7479154668348627f,0.06688217997031046f,-0.06250333470900137f,0.814071604049294f,0.5773913375093742f,2.242953702669057f,-0.8956213640920598f,-0.301032679859766f,0.32747778220564155f,-0.013662251872007512f,0f,0f,0f,1f], start_interpolation: 0, interpolation_duration: 1 }
$data merge entity $(bone_head) { transformation: [0.4443542395313824f,-0.016127580330476593f,0.8957059846641481f,-0.008387527072497718f,0.11163250525599047f,0.9930417565569211f,-0.037500046728183745f,1.7212376157368918f,-0.8888686593534267f,0.11665320778713605f,0.4430626767537672f,0.023815852907708362f,0f,0f,0f,1f], start_interpolation: 0, interpolation_duration: 1 }
$data merge entity $(bone_body_1) { transformation: [0.13214167625798784f,0.015138657550280904f,0.9911152296495623f,-0.014064523653853057f,0.06523435188361189f,0.9975828787522082f,-0.023934898261370352f,1.3471440362048137f,-0.989081926197246f,0.06781755722548825f,0.13083471329090532f,-0.0016157310518497313f,0f,0f,0f,1f], start_interpolation: 0, interpolation_duration: 1 }
$data merge entity $(bone_leg_left_2) { transformation: [0.06440868426252845f,0.06870462876274386f,0.9955557218850904f,-0.2627664530863101f,-0.09623912537726625f,0.9934047597363211f,-0.062329881115245955f,0.7906299788839621f,-0.9932721440462271f,-0.09179682630568123f,0.0705959668962459f,0.14726431380915625f,0f,0f,0f,1f], start_interpolation: 0, interpolation_duration: 1 }
$data merge entity $(bone_leg_left_1) { transformation: [0.09163227192928121f,0.4601632226204451f,0.8830930501870372f,-0.08843965854444005f,-0.15498710841391425f,0.8826072458570967f,-0.44382817146508846f,1.0942657440264567f,-0.9836577265322384f,-0.09619905461134792f,0.15219467443150253f,0.11566219432187314f,0f,0f,0f,1f], start_interpolation: 0, interpolation_duration: 1 }
$data merge entity $(bone_leg_right_2) { transformation: [0.13023204854805448f,-0.2622328098038879f,0.956176535475189f,-0.31538819266471046f,0.12503135614104569f,0.961034490178426f,0.24653573507510795f,1.005805007000691f,-0.9835683878167844f,0.08744519512157782f,0.15794481421572862f,-0.18018282278583184f,0f,0f,0f,1f], start_interpolation: 0, interpolation_duration: 1 }
$data merge entity $(bone_leg_right_1) { transformation: [0.13023204854805448f,0.9721397736039691f,0.19489452046735695f,-0.002013878986176682f,0.12503135614104569f,0.17889680923397758f,-0.9758909219925312f,1.1052082650858668f,-0.9835683878167844f,0.15146020012902944f,-0.098249856307102f,-0.12605348754550352f,0f,0f,0f,1f], start_interpolation: 0, interpolation_duration: 1 }
$data merge entity $(bone_skirt_forward_right) { transformation: [0.2045784007770042f,0.5029775346981401f,0.8397388150636511f,-0.004974556837698541f,0.14677817699038412f,0.832420406682196f,-0.5343523493898263f,1.279751186656275f,-0.9677829532983637f,0.2325722815127137f,0.09646910996307642f,-0.0068625832519047065f,0f,0f,0f,1f], start_interpolation: 0, interpolation_duration: 1 }
$data merge entity $(bone_skirt_forward_left) { transformation: [0.020212365075283623f,0.5426142117320175f,0.8397388150636511f,-0.004974556837698541f,-0.14677817699038412f,0.832420406682196f,-0.5343523493898263f,1.279751186656275f,-0.9889629047934219f,-0.11245480765840533f,0.09646910996307642f,-0.0068625832519047065f,0f,0f,0f,1f], start_interpolation: 0, interpolation_duration: 1 }
$data merge entity $(bone_skirt_forward) { transformation: [0.11412926287629523f,0.530860842246637f,0.8397388150636511f,-0.004974556837698541f,0f,0.8452618332218562f,-0.5343523493898263f,1.279751186656275f,-0.9934659085018034f,0.060985239752077446f,0.09646910996307642f,-0.0068625832519047065f,0f,0f,0f,1f], start_interpolation: 0, interpolation_duration: 1 }
$data merge entity $(bone_skirt_back_right) { transformation: [0.11329865760602391f,-0.014695613246814312f,0.9934522903169397f,-0.015297611449894909f,0.1736457973406761f,0.9847942535111975f,-0.0052359638314196655f,1.2729736939440162f,-0.9782691609422193f,0.17310204274537935f,0.11412769842059835f,-0.008048494719464212f,0f,0f,0f,1f], start_interpolation: 0, interpolation_duration: 1 }
$data merge entity $(bone_skirt_back_left) { transformation: [0.11149210824626392f,0.024941063787063105f,0.9934522903169397f,-0.015297611449894909f,-0.1736457973406761f,0.9847942535111975f,-0.0052359638314196655f,1.2729736939440162f,-0.9784766971495663f,-0.17192504642573966f,0.11412769842059835f,-0.008048494719464212f,0f,0f,0f,1f], start_interpolation: 0, interpolation_duration: 1 }
$data merge entity $(bone_skirt_back) { transformation: [0.11412926287629523f,0.005201751564663903f,0.9934522903169397f,-0.015297611449894909f,0f,0.9999862922474267f,-0.0052359638314196655f,1.2729736939440162f,-0.9934659085018034f,0.0005975766925268647f,0.11412769842059835f,-0.008048494719464212f,0f,0f,0f,1f], start_interpolation: 0, interpolation_duration: 1 }
$data merge entity $(bone_skirt_right) { transformation: [0.1451366623836366f,0.18609775926010524f,0.9717525267425375f,-0.005446585348090173f,0.2564244100082036f,0.9415189031455496f,-0.21860621439370387f,1.3440563861234283f,-0.9556054997665528f,0.2809088446773601f,0.08892890305152627f,-0.2019411165034519f,0f,0f,0f,1f], start_interpolation: 0, interpolation_duration: 1 }
$data merge entity $(bone_skirt_left) { transformation: [0.07534414271145892f,0.24495060462364737f,0.9666035699569834f,-0.04967167471265458f,-0.2564244100082036f,0.9415189031455496f,-0.21860621439370387f,1.3440563861234283f,-0.9636232573526959f,-0.23139005232315177f,0.13374924887590606f,0.1830269230409969f,0f,0f,0f,1f], start_interpolation: 0, interpolation_duration: 1 }
$data merge entity $(bone_coat_downer) { transformation: [0.11412926287629523f,0.22010087946473378f,0.9687776392001233f,-0.02923417389734029f,0f,0.9751493543055633f,-0.22154849761946735f,1.169254779394662f,-0.9934659085018034f,0.025285166724660454f,0.11129307700118918f,-0.011222302267537386f,0f,0f,0f,1f], start_interpolation: 0, interpolation_duration: 1 }
$data merge entity $(bone_body_2) { transformation: [0.11412926287629523f,0.13482879446628857f,0.9842742034301625f,0f,0f,0.9907478404714436f,-0.13571557243430443f,1.390625f,-0.9934659085018034f,0.015489118242761616f,0.11307332072928719f,0f,0f,0f,0f,1f], start_interpolation: 0, interpolation_duration: 1 }
$data merge entity $(bone_book_left) { transformation: [-0.9849599636748685f,0.11304169840911565f,-0.13067304380928507f,0.29793806387496313f,0.1724536294439345f,0.5965190301972856f,-0.7838525322432172f,0.6063105132636095f,-0.010659064181017447f,-0.7945984023601307f,-0.6070418134836447f,0.9823546740964257f,0f,0f,0f,1f], start_interpolation: 0, interpolation_duration: 1 }
$data merge entity $(bone_book_right) { transformation: [-0.9479016996289156f,0.11304169840911565f,0.29783207057231903f,0.20513537923155997f,-0.17497432736990326f,0.5965190301972856f,-0.7832937069668947f,0.6061894867363903f,-0.26620734888815945f,-0.7945984023601307f,-0.5456620074411128f,0.9690614587007149f,0f,0f,0f,1f], start_interpolation: 0, interpolation_duration: 1 }
$data merge entity $(bone_book_loot_1) { transformation: [-0.9898953028629672f,0.11304169840911565f,0.08560878337306324f,0.23869540404730208f,-0.0012909496236724327f,0.5965190301972856f,-0.8025978943789716f,0.7266396841568457f,-0.14179429755424838f,-0.7945984023601307f,-0.5903454549226449f,1.064259884636967f,0f,0f,0f,1f], start_interpolation: 0, interpolation_duration: 1 }
$data merge entity $(bone_book_left2) { transformation: [0.4360301100089586f,-0.4268143369039963f,-0.7922797895811665f,-0.4661892340609527f,-0.22069896104329692f,0.8027778168635521f,-0.5539311738349797f,0.6017699282017672f,0.8724504064759125f,0.4163859970808232f,0.25583781908667064f,-0.8907587491327851f,0f,0f,0f,1f], start_interpolation: 0, interpolation_duration: 1 }
$data merge entity $(bone_book_right2) { transformation: [0.7300093915686461f,-0.4268143369039963f,-0.5337750556505777f,-0.522174407858489f,0.034080242825686086f,0.8027778168635521f,-0.5953035476130908f,0.6107300717982327f,0.6825868628024697f,0.4163859970808232f,0.6005812818965401f,-0.9654209125195392f,0f,0f,0f,1f], start_interpolation: 0, interpolation_duration: 1 }
$data merge entity $(bone_book_loot_2) { transformation: [0.5971751871737206f,-0.4268143369039963f,-0.6791254064141864f,-0.3923130099975929f,-0.09557486502896534f,0.8027778168635521f,-0.5885687911591f,0.694535318673865f,0.796396409458711f,0.4163859970808232f,0.4386062704023759f,-0.9938807713865185f,0f,0f,0f,1f], start_interpolation: 0, interpolation_duration: 1 }
$data merge entity $(bone_air_staff_povit_1) { transformation: [0.0000017832697324421131f,0f,0.00001552290482034068f,-0.6821840841401802f,0f,0.000015625f,0f,1.5567475f,-0.00001552290482034068f,0f,0.0000017832697324421131f,-0.08563420842206473f,0f,0f,0f,1f], start_interpolation: 0, interpolation_duration: 1 }