# This file was generated by Animated Java via MC-Build. It is not recommended to edit this file directly.
$data merge entity $(bone_wing_right_1) { transformation: [-0.06736966321528053f,-0.0046484631842605185f,0.8138698696430092f,0.2816407608365469f,-0.074361314466699f,0.8132727452695884f,-0.001510349925176742f,1.4559988706785438f,-0.8104789743315299f,-0.07423124703341814f,-0.06751295116360456f,0.1704900451577477f,0f,0f,0f,1f], start_interpolation: 0, interpolation_duration: 1 }
$data merge entity $(bone_wing_right_2) { transformation: [-0.06271380519512011f,0.021048131228995737f,0.7972602804666213f,0.2816407608365469f,0.2375756171386058f,0.7639081339681316f,-0.0014795264573159925f,1.4559988706785438f,-0.7613309430064952f,0.23664602052241296f,-0.06613513583373509f,0.1704900451577477f,0f,0f,0f,1f], start_interpolation: 0, interpolation_duration: 1 }
$data merge entity $(bone_wing_left_1) { transformation: [0.6287333758959253f,-0.10363203172053284f,0.510782917177574f,0.31065700498551857f,0.17752986120737507f,0.7950813469187249f,-0.057212276707373375f,1.461331534107085f,-0.4900223819976469f,0.15508223053536915f,0.634643215797641f,0.10326862699532408f,0f,0f,0f,1f], start_interpolation: 0, interpolation_duration: 1 }
$data merge entity $(bone_wing_left_2) { transformation: [0.6078682373865325f,0.14190595916197435f,0.5003587760106847f,0.31065700498551857f,-0.13738604441069682f,0.7861196274943857f,-0.05604467922354943f,1.461331534107085f,-0.5016186607152612f,-0.04334316580971648f,0.621691313434424f,0.10326862699532408f,0f,0f,0f,1f], start_interpolation: 0, interpolation_duration: 1 }
$data merge entity $(bone_staff) { transformation: [1.033736275039312f,-1.0277770424066734f,-0.5625565880599382f,0.6292238179963368f,0.7196728029110396f,1.1489885059829426f,-0.7767256400230736f,1.6453845422556237f,0.9245899742145249f,0.25476658772467886f,1.2335451411931009f,-0.7736612989256944f,0f,0f,0f,1f], start_interpolation: 0, interpolation_duration: 1 }
$data merge entity $(bone_arm_right_2) { transformation: [0.3600362163583608f,0.9185278003559784f,0.16334198138740563f,0.2269172929600502f,0.4971044096147671f,-0.040718870339890065f,-0.8667347803912089f,1.8556477084351608f,-0.7894688903635845f,0.3932539301411382f,-0.47126448792226994f,-0.5104047849149274f,0f,0f,0f,1f], start_interpolation: 0, interpolation_duration: 1 }
$data merge entity $(bone_arm_right_1) { transformation: [0.3600362163583608f,0.9185278003559784f,0.16334198138740563f,0.10878040946746306f,0.4971044096147671f,-0.040718870339890065f,-0.8667347803912089f,1.6925353240303154f,-0.7894688903635845f,0.3932539301411382f,-0.47126448792226994f,-0.25136030526437625f,0f,0f,0f,1f], start_interpolation: 0, interpolation_duration: 1 }
$data merge entity $(bone_arm_left_2) { transformation: [0.2251521801435305f,-0.7203278856723602f,0.6560748683644287f,-0.37643583473432973f,0.666327679643478f,-0.37744015953670784f,-0.643075694852358f,1.4835221519572697f,0.7108543585837774f,0.581950739402994f,0.3949929338491446f,0.49557747850222744f,0f,0f,0f,1f], start_interpolation: 0, interpolation_duration: 1 }
$data merge entity $(bone_arm_left_1) { transformation: [0.7531304111163323f,0.04858344319150382f,0.6560748683644287f,-0.13483141757062528f,0.5241887600719912f,0.5582828982732192f,-0.643075694852358f,1.615843373590345f,-0.3975182104834102f,0.828226934205422f,0.3949929338491446f,0.3097057366305646f,0f,0f,0f,1f], start_interpolation: 0, interpolation_duration: 1 }
$data merge entity $(bone_himo_right_2) { transformation: [0.05911214470552332f,0.6912004708862252f,0.7202413924476809f,-0.2137544774595304f,-0.8575849402916048f,0.4044487497358295f,-0.31775663489873673f,1.3957324899413377f,-0.5109342663526865f,-0.5988848953545123f,0.6166709475748448f,-0.15199723071762117f,0f,0f,0f,1f], start_interpolation: 0, interpolation_duration: 1 }
$data merge entity $(bone_himo_right_1) { transformation: [0.328674214821094f,0.4058980746419585f,0.8527719586816213f,-0.1323187637224031f,-0.4741679193752178f,0.8518073828861327f,-0.22268580263693183f,1.5540545879660068f,-0.8167851888637027f,-0.3311660240160948f,0.4724309682802949f,-0.2111381666688871f,0f,0f,0f,1f], start_interpolation: 0, interpolation_duration: 1 }
$data merge entity $(bone_himo_left_2) { transformation: [0.05911214470552332f,0.6912004708862252f,0.7202413924476809f,-0.33727330093190466f,-0.8575849402916048f,0.4044487497358295f,-0.31775663489873673f,1.3730319533286115f,-0.5109342663526865f,-0.5988848953545123f,0.6166709475748448f,0.1341566367828806f,0f,0f,0f,1f], start_interpolation: 0, interpolation_duration: 1 }
$data merge entity $(bone_himo_left_1) { transformation: [0.328674214821094f,0.4058980746419585f,0.8527719586816213f,-0.25583758719477734f,-0.4741679193752178f,0.8518073828861327f,-0.22268580263693183f,1.5313540513532806f,-0.8167851888637027f,-0.3311660240160948f,0.4724309682802949f,0.07501570083161466f,0f,0f,0f,1f], start_interpolation: 0, interpolation_duration: 1 }
$data merge entity $(bone_ponpon1) { transformation: [0.6418509823228826f,-0.034196844844020885f,0.7660665064430534f,-0.23145819192236006f,0.11882153684129468f,0.9913744498508088f,-0.05530047527534619f,2.192696504587247f,-0.7575676596013214f,0.12651986399660842f,0.6403779861460388f,0.29909121294538454f,0f,0f,0f,1f], start_interpolation: 0, interpolation_duration: 1 }
$data merge entity $(bone_ponpon2) { transformation: [0.6418509823228826f,-0.034196844844020885f,0.7660665064430534f,-0.17943426317492925f,0.11882153684129468f,0.9913744498508088f,-0.05530047527534619f,2.059134471167283f,-0.7575676596013214f,0.12651986399660842f,0.6403779861460388f,0.3717204533820492f,0f,0f,0f,1f], start_interpolation: 0, interpolation_duration: 1 }
$data merge entity $(bone_ponpon3) { transformation: [0.6418509823228826f,-0.034196844844020885f,0.7660665064430534f,0.14562926019233352f,0.11882153684129468f,0.9913744498508088f,-0.05530047527534619f,2.2625041574815072f,-0.7575676596013214f,0.12651986399660842f,0.6403779861460388f,-0.14597978707039186f,0f,0f,0f,1f], start_interpolation: 0, interpolation_duration: 1 }
$data merge entity $(bone_ponpon4) { transformation: [0.6418509823228826f,-0.034196844844020885f,0.7660665064430534f,0.24579201261398043f,0.11882153684129468f,0.9913744498508088f,-0.05530047527534619f,2.1378537393246413f,-0.7575676596013214f,0.12651986399660842f,0.6403779861460388f,-0.13016812110382628f,0f,0f,0f,1f], start_interpolation: 0, interpolation_duration: 1 }
$data merge entity $(bone_ear_edge_a1) { transformation: [0.6145122995257498f,-0.18845885874033738f,0.7660665064430534f,-0.16052570606942926f,0.35512721554363946f,0.9331808603987451f,-0.05530047527534619f,2.301542399181729f,-0.7044567371469994f,0.3060338875806849f,0.6403779861460388f,0.25779564610839445f,0f,0f,0f,1f], start_interpolation: 0, interpolation_duration: 1 }
$data merge entity $(bone_ear_edge_a2) { transformation: [0.6364280941430271f,-0.0900077146227445f,0.7660665064430534f,-0.08812577062069402f,0.20477336153820896f,0.9772459914671755f,-0.05530047527534619f,2.334977303182999f,-0.7436579532216515f,0.19206478977086827f,0.6403779861460388f,0.174072906267627f,0f,0f,0f,1f], start_interpolation: 0, interpolation_duration: 1 }
$data merge entity $(bone_ear_edge_b1) { transformation: [0.5957486228888286f,-0.24129999177828343f,0.7660665064430534f,-0.0735214007148916f,0.4351079202786095f,0.8986784492493097f,-0.05530047527534619f,2.3353298249302976f,-0.6751034558028033f,0.3662667864039222f,0.6403779861460388f,0.15663254408468552f,0f,0f,0f,1f], start_interpolation: 0, interpolation_duration: 1 }
$data merge entity $(bone_ear_edge_b2) { transformation: [0.6411564080743092f,-0.04539348071458364f,0.7660665064430534f,-0.09294636546585644f,0.13610530957604333f,0.9891497369658097f,-0.05530047527534619f,2.339143011706142f,-0.7552442022885442f,0.13972197310761292f,0.6403779861460388f,0.18019938468830254f,0f,0f,0f,1f], start_interpolation: 0, interpolation_duration: 1 }
$data merge entity $(bone_ear_right_2) { transformation: [0.6261616038809534f,-0.145133571345045f,0.7660665064430534f,-0.115210474193359f,0.28916673730828124f,0.9556801010112141f,-0.05530047527534619f,2.427935869063519f,-0.7240885607850157f,0.25614798652308096f,0.6403779861460388f,0.2633004224443524f,0f,0f,0f,1f], start_interpolation: 0, interpolation_duration: 1 }
$data merge entity $(bone_ear_right_1) { transformation: [0.6261616038809534f,-0.145133571345045f,0.7660665064430534f,-0.08255542064072394f,0.28916673730828124f,0.9556801010112141f,-0.05530047527534619f,2.2129078463359964f,-0.7240885607850157f,0.25614798652308096f,0.6403779861460388f,0.20566712547665927f,0f,0f,0f,1f], start_interpolation: 0, interpolation_duration: 1 }
$data merge entity $(bone_ear_edge_a3) { transformation: [0.664710462437691f,-0.35915258262799366f,0.6551102376833332f,0.052057464842609966f,-0.11252056960619058f,0.8187409166835637f,0.563029690836688f,2.311848962361478f,-0.7385791240898766f,-0.44796510326118066f,0.5038136001725545f,-0.08951245507621812f,0f,0f,0f,1f], start_interpolation: 0, interpolation_duration: 1 }
$data merge entity $(bone_ear_edge_a4) { transformation: [0.6003429314900823f,-0.4587144439543859f,0.6551102376833332f,-0.02171568393235998f,0.016944042630783446f,0.8262629524888975f,0.563029690836688f,2.318223830636955f,-0.7995631707558952f,-0.326910679317683f,0.5038136001725545f,-0.0007091657266874267f,0f,0f,0f,1f], start_interpolation: 0, interpolation_duration: 1 }
$data merge entity $(bone_ear_edge_b3) { transformation: [0.7336518144866397f,-0.5534669086090145f,0.39424535022653395f,0.0063028322164648265f,-0.1282057642793294f,0.45701784872905166f,0.8801692836884407f,2.347405530973269f,-0.6673217343276139f,-0.6962823184727952f,0.26433432595131295f,0.048954327280241544f,0f,0f,0f,1f], start_interpolation: 0, interpolation_duration: 1 }
$data merge entity $(bone_ear_edge_b4) { transformation: [0.5267136582749306f,-0.7530891886167255f,0.39424535022653395f,0.015979886667962857f,0.01929535444549927f,0.4742675630360987f,0.8801692836884407f,2.3517479748484895f,-0.8498237531885435f,-0.4559900795416528f,0.26433432595131295f,0.02006205455320781f,0f,0f,0f,1f], start_interpolation: 0, interpolation_duration: 1 }
$data merge entity $(bone_ear_left_2) { transformation: [0.6380380434591995f,-0.6614212416633705f,0.39424535022653395f,-0.013137926714334128f,-0.05513399589601588f,0.4714470007836675f,0.8801692836884407f,2.4281472277482536f,-0.7680284484283736f,-0.5833178091988709f,0.26433432595131295f,-0.07267926111268952f,0f,0f,0f,1f], start_interpolation: 0, interpolation_duration: 1 }
$data merge entity $(bone_ear_left_1) { transformation: [0.6380380434591995f,-0.40464556290813775f,0.6551102376833332f,0.07790732493999672f,-0.05513399589601588f,0.8245955431197054f,0.563029690836688f,2.2426132305463202f,-0.7680284484283736f,-0.3953532075067493f,0.5038136001725545f,0.016275210576328927f,0f,0f,0f,1f], start_interpolation: 0, interpolation_duration: 1 }
$data merge entity $(bone_head) { transformation: [0.6418509823228826f,-0.034196844844020885f,0.7660665064430534f,-0.008737743194148336f,0.11882153684129468f,0.9913744498508088f,-0.05530047527534619f,1.7214092727449732f,-0.7575676596013214f,0.12651986399660842f,0.6403779861460388f,0.026117925661168558f,0f,0f,0f,1f], start_interpolation: 0, interpolation_duration: 1 }
$data merge entity $(bone_body_1) { transformation: [0.3952602351115977f,0.008719318363979656f,0.9185278003559785f,-0.012007487580640706f,0.07264171716072428f,0.9965265448176405f,-0.04071887033989029f,1.347711818438358f,-0.9156923760016056f,0.08281798694174491f,0.39325393014113813f,-0.004938819441985785f,0f,0f,0f,1f], start_interpolation: 0, interpolation_duration: 1 }
$data merge entity $(bone_leg_left_2) { transformation: [0.3308125978600318f,0.06433039800698231f,0.9415012612786879f,-0.27817347115214186f,-0.09778933084854688f,0.9946397348722112f,-0.03360125868968161f,0.7824135920761133f,-0.9386161472451293f,-0.08095305865500521f,0.3353301812022129f,0.07788698230695734f,0f,0f,0f,1f], start_interpolation: 0, interpolation_duration: 1 }
$data merge entity $(bone_leg_left_1) { transformation: [0.35774860058241004f,0.43801467052859194f,0.8247175802558452f,-0.11244412301246232f,-0.15814190173007167f,0.8988286698237913f,-0.4087764195987708f,1.0931703487196736f,-0.9203298743920701f,0.01581678553066597f,0.39082317177587267f,0.08891104898525087f,0f,0f,0f,1f], start_interpolation: 0, interpolation_duration: 1 }
$data merge entity $(bone_leg_right_2) { transformation: [0.39152992754479254f,-0.30653796469204236f,0.867605205170664f,-0.24961100657475138f,0.1267082403759196f,0.9518582131041532f,0.2791253552922181f,1.003221974115947f,-0.9113996585788299f,0.0006467987546868656f,0.4115218633241294f,-0.2572055048962728f,0f,0f,0f,1f], start_interpolation: 0, interpolation_duration: 1 }
$data merge entity $(bone_leg_right_1) { transformation: [0.39152992754479254f,0.895513521646312f,0.21156523434957353f,0.036388020022800824f,0.1267082403759196f,0.175260705205387f,-0.9763343213427196f,1.104993051294147f,-0.9113996585788299f,0.4090711646639628f,-0.04484913135013273f,-0.12019380964640913f,0f,0f,0f,1f], start_interpolation: 0, interpolation_duration: 1 }
$data merge entity $(bone_skirt_forward_right) { transformation: [0.4583634088198273f,0.40892063545775514f,0.7891051256657087f,-0.001365863200768841f,0.14816488071975106f,0.8402847943317509f,-0.5215061193659662f,1.2796772721985512f,-0.876327651952379f,0.35595698941258785f,0.32456812553292563f,-0.007319826733771781f,0f,0f,0f,1f], start_interpolation: 0, interpolation_duration: 1 }
$data merge entity $(bone_skirt_forward_left) { transformation: [0.29086161855818127f,0.5410292224065364f,0.7891051256657087f,-0.001365863200768841f,-0.14816488071975106f,0.8402847943317509f,-0.5215061193659662f,1.2796772721985512f,-0.9452230884669592f,0.03476844714717714f,0.32456812553292563f,-0.007319826733771781f,0f,0f,0f,1f], start_interpolation: 0, interpolation_duration: 1 }
$data merge entity $(bone_skirt_forward) { transformation: [0.3803915155452279f,0.4823021828162413f,0.7891051256657087f,-0.001365863200768841f,0f,0.8532475417273998f,-0.5215061193659662f,1.2796772721985512f,-0.9248255483609894f,0.19837650311173038f,0.32456812553292563f,-0.007319826733771781f,0f,0f,0f,1f], start_interpolation: 0, interpolation_duration: 1 }
$data merge entity $(bone_skirt_back_right) { transformation: [0.3730242302676049f,-0.07506189636657312f,0.9247803173441328f,-0.010879772611576665f,0.17363968494777363f,0.9847595884084555f,0.009890037858741f,1.2727433853637349f,-0.9114286496728633f,0.15688933918996298f,0.3803729115013817f,-0.011233008442420445f,0f,0f,0f,1f], start_interpolation: 0, interpolation_duration: 1 }
$data merge entity $(bone_skirt_back_left) { transformation: [0.37620079711040366f,0.057046690582208126f,0.9247803173441328f,-0.010879772611576665f,-0.17363968494777363f,0.9847595884084555f,0.009890037858741f,1.2727433853637349f,-0.910122090746475f,-0.16429920307544774f,0.3803729115013817f,-0.011233008442420445f,0f,0f,0f,1f], start_interpolation: 0, interpolation_duration: 1 }
$data merge entity $(bone_skirt_back) { transformation: [0.3803915155452279f,-0.009146559686021113f,0.9247803173441328f,-0.010879772611576665f,0f,0.9999510923795987f,0.009890037858741f,1.2727433853637349f,-0.9248255483609894f,-0.003762086489886171f,0.3803729115013817f,-0.011233008442420445f,0f,0f,0f,1f], start_interpolation: 0, interpolation_duration: 1 }
$data merge entity $(bone_skirt_right) { transformation: [0.3963244808684936f,0.0893618615575477f,0.9137512591308912f,0.05041369743474589f,0.25692637419201225f,0.9446925702556476f,-0.20382538102092368f,1.3436312630331415f,-0.8814282410434018f,0.3155477862428261f,0.3514453734058632f,-0.1955212607923947f,0f,0f,0f,1f], start_interpolation: 0, interpolation_duration: 1 }
$data merge entity $(bone_skirt_left) { transformation: [0.3385354970642568f,0.2855177156985854f,0.8965898456093057f,-0.0969880148390299f,-0.25692637419201225f,0.9446925702556476f,-0.20382538102092368f,1.3436312630331415f,-0.905197522904257f,-0.16135545149154493f,0.3931690003064293f,0.16284863919748868f,0f,0f,0f,1f], start_interpolation: 0, interpolation_duration: 1 }
$data merge entity $(bone_coat_downer) { transformation: [0.3803915155452279f,0.1912293451631738f,0.9048390091334859f,-0.021972696554197795f,0f,0.978388854781397f,-0.20677342391987075f,1.1688214356186066f,-0.9248255483609894f,0.07865485609935552f,0.3721708192628555f,-0.0174851650362872f,0f,0f,0f,1f], start_interpolation: 0, interpolation_duration: 1 }
$data merge entity $(bone_body_2) { transformation: [0.3803915155452279f,0.1116397438630261f,0.9180625591382119f,0f,0f,0.9926872811474952f,-0.12071438128074884f,1.390625f,-0.9248255483609894f,0.04591872644348854f,0.3776098193381674f,0f,0f,0f,0f,1f], start_interpolation: 0, interpolation_duration: 1 }
$data merge entity $(bone_book_left) { transformation: [-0.9639949535907236f,0.2655184129537755f,-0.01461854418630848f,-0.043938246321364935f,0.17618726223636702f,0.5965591554825996f,-0.7829912021444054f,0.5977975757080248f,-0.1991777549759821f,-0.757375168851208f,-0.6218609776552405f,1.0502934639639767f,0f,0f,0f,1f], start_interpolation: 0, interpolation_duration: 1 }
$data merge entity $(bone_book_right) { transformation: [-0.879854196836504f,0.2655184129537755f,0.3941529711821271f,-0.13246716408396592f,-0.17122649306704155f,0.5965591554825996f,-0.7840909781918486f,0.5980357576253084f,-0.44332615576024015f,-0.757375168851208f,-0.4794212899178042f,1.0194448580123796f,0f,0f,0f,1f], start_interpolation: 0, interpolation_duration: 1 }
$data merge entity $(bone_book_loot_1) { transformation: [-0.9443084561344106f,0.2655184129537755f,0.19437466927445635f,-0.11735890559383388f,0.0025406071176915512f,0.5965591554825996f,-0.8025650872828702f,0.7183014297590972f,-0.3290517968170353f,-0.757375168851208f,-0.5640104330764498f,1.1194707259496457f,0f,0f,0f,1f], start_interpolation: 0, interpolation_duration: 1 }
$data merge entity $(bone_book_left2) { transformation: [0.20743603207409028f,-0.5190859426852157f,-0.8291683042084753f,-0.14817083168518902f,-0.2188337528440229f,0.8015021318526915f,-0.5565124628000635f,0.5935481427670807f,0.9534579598564159f,0.29689074883227995f,0.052666897044063465f,-1.0017450544988107f,0f,0f,0f,1f], start_interpolation: 0, interpolation_duration: 1 }
$data merge entity $(bone_book_right2) { transformation: [0.5384225585958016f,-0.5190859426852157f,-0.6638154355705751f,-0.18398181645075126f,0.0368615953966069f,0.8015021318526915f,-0.5968547188557762f,0.6022851905662526f,0.8418683811499088f,0.29689074883227995f,0.45068116454744434f,-1.0879442416520297f,0f,0f,0f,1f], start_interpolation: 0, interpolation_duration: 1 }
$data merge entity $(bone_book_loot_2) { transformation: [0.3819838374993306f,-0.5190859426852157f,-0.7646163299301727f,-0.051383874578444205f,-0.09319517652450132f,0.8015021318526915f,-0.590685188326369f,0.686519444915622f,0.9194579963010017f,0.29689074883227995f,0.25778455402904965f,-1.0835123311797776f,0f,0f,0f,1f], start_interpolation: 0, interpolation_duration: 1 }
$data merge entity $(bone_air_staff_povit_1) { transformation: [0.0000059436174303941855f,0f,0.00001445039919314046f,-0.6330720887347325f,0f,0.000015625f,0f,1.5567475f,-0.00001445039919314046f,0f,0.0000059436174303941855f,-0.2681940953326396f,0f,0f,0f,1f], start_interpolation: 0, interpolation_duration: 1 }