# This file was generated by Animated Java via MC-Build. It is not recommended to edit this file directly.
$data merge entity $(bone_wing_right_1) { transformation: [-0.4312464475229308f,-0.05487310228170505f,-0.6913464316746548f,-0.1826240963023803f,0.03258105187577892f,0.8116044613223778f,-0.08474147664942486f,1.4886584570113544f,0.6927549501822158f,-0.07232969965400621f,-0.42638414369021904f,-0.31181087166995664f,0f,0f,0f,1f], start_interpolation: 0, interpolation_duration: 1 }
$data merge entity $(bone_wing_right_2) { transformation: [-0.41085922624684607f,0.11200137271823121f,-0.6772373208241517f,-0.1826240963023803f,0.33373572044805344f,0.7223084292722008f,-0.08301205875862028f,1.4886584570113544f,0.5998459511448433f,-0.32515569426285273f,-0.41768242647205134f,-0.31181087166995664f,0f,0f,0f,1f], start_interpolation: 0, interpolation_duration: 1 }
$data merge entity $(bone_wing_left_1) { transformation: [-0.7615988386696464f,0.15545770548495688f,-0.25048863284956235f,-0.2316013147841798f,0.21469405400757147f,0.7680031884976006f,-0.17613066194094978f,1.498811363701052f,0.20203493894691676f,-0.2301052991726083f,-0.7570851201693535f,-0.2750715556811541f,0f,0f,0f,1f], start_interpolation: 0, interpolation_duration: 1 }
$data merge entity $(bone_wing_left_2) { transformation: [-0.747542857816003f,-0.14481018651296063f,-0.24537661993426518f,-0.2316013147841798f,-0.09360064064534868f,0.775545094777797f,-0.17253615863603244f,1.498811363701052f,0.26910703409436093f,-0.13251345534767184f,-0.7416344034312035f,-0.2750715556811541f,0f,0f,0f,1f], start_interpolation: 0, interpolation_duration: 1 }
$data merge entity $(bone_staff) { transformation: [1.2636918312716554f,-0.00175058760128671f,0.9189592705992691f,-0.5603020688107083f,0.8513392140545725f,-0.5860561859111039f,-1.1718216330006341f,2.4216712227655437f,0.34599241059629315f,1.448427192646693f,-0.4730266053948616f,-0.1717474450258492f,0f,0f,0f,1f], start_interpolation: 0, interpolation_duration: 1 }
$data merge entity $(bone_arm_right_2) { transformation: [-0.588133933183532f,-0.6136407802071968f,-0.5268239454549987f,-0.41726581052507355f,0.7499658451204061f,-0.1699679579670198f,-0.6392668647891556f,2.05261109092875f,0.30273702745271125f,-0.771074501025176f,0.5601735499627523f,0.20069451159681004f,0f,0f,0f,1f], start_interpolation: 0, interpolation_duration: 1 }
$data merge entity $(bone_arm_right_1) { transformation: [-0.588133933183532f,-0.6136407802071968f,-0.5268239454549987f,-0.2242843636992271f,0.7499658451204061f,-0.1699679579670198f,-0.6392668647891556f,1.8065285479986168f,0.30273702745271125f,-0.771074501025176f,0.5601735499627523f,0.10135892446388917f,0f,0f,0f,1f], start_interpolation: 0, interpolation_duration: 1 }
$data merge entity $(bone_arm_left_2) { transformation: [0.556882503339378f,0.5597560811113802f,-0.6136407802071969f,0.46398831567892174f,0.5991405921144852f,-0.7823946856575813f,-0.16996795796701977f,1.4272914853193752f,-0.5752498834030055f,-0.2730049184787785f,-0.7710745010251759f,-0.3627908228874609f,0f,0f,0f,1f], start_interpolation: 0, interpolation_duration: 1 }
$data merge entity $(bone_arm_left_1) { transformation: [-0.4877168391291433f,0.6209486916779677f,-0.6136407802071969f,0.2604333062083811f,0.8495797048824176f,0.4993247623705692f,-0.16996795796701977f,1.6633005956506108f,0.20086465563105255f,-0.6042329881651568f,-0.7710745010251759f,-0.2528200377438291f,0f,0f,0f,1f], start_interpolation: 0, interpolation_duration: 1 }
$data merge entity $(bone_himo_right_2) { transformation: [-0.6447952922949796f,-0.6295940846638425f,-0.4334170273426394f,0.07029055674283072f,-0.3682869976117906f,0.7527793773011141f,-0.5456078229829919f,1.5024479964164237f,0.6697788578511006f,-0.19218349998489767f,-0.7172599137754947f,0.25182120895006904f,0f,0f,0f,1f], start_interpolation: 0, interpolation_duration: 1 }
$data merge entity $(bone_himo_right_1) { transformation: [-0.7647878079846749f,-0.3196206501550821f,-0.5594124138347651f,0.006865357252285551f,-0.11487227289381563f,0.922005495536383f,-0.3697434612280758f,1.67301313019682f,0.6339589652952347f,-0.21851431576707142f,-0.7418541124282079f,0.20621318654106685f,0f,0f,0f,1f], start_interpolation: 0, interpolation_duration: 1 }
$data merge entity $(bone_himo_left_2) { transformation: [-0.6447952922949796f,-0.6295940846638425f,-0.4334170273426394f,0.3169070054770817f,-0.3682869976117906f,0.7527793773011141f,-0.5456078229829919f,1.4513247625995844f,0.6697788578511006f,-0.19218349998489767f,-0.7172599137754947f,0.06682663557610409f,0f,0f,0f,1f], start_interpolation: 0, interpolation_duration: 1 }
$data merge entity $(bone_himo_left_1) { transformation: [-0.7647878079846749f,-0.3196206501550821f,-0.5594124138347651f,0.2534818059865366f,-0.11487227289381563f,0.922005495536383f,-0.3697434612280758f,1.6218898963799808f,0.6339589652952347f,-0.21851431576707142f,-0.7418541124282079f,0.02121861316710192f,0f,0f,0f,1f], start_interpolation: 0, interpolation_duration: 1 }
$data merge entity $(bone_ponpon1) { transformation: [-0.7839449149014915f,0.09420914640731991f,-0.6136407802071969f,0.3039264236294018f,0.24766764499423233f,0.9538194959674143f,-0.16996795796701977f,2.212483327511867f,0.5692900034456113f,-0.2852244832507754f,-0.7710745010251759f,-0.38011982247614856f,0f,0f,0f,1f], start_interpolation: 0, interpolation_duration: 1 }
$data merge entity $(bone_ponpon2) { transformation: [-0.7839449149014915f,0.09420914640731991f,-0.6136407802071969f,0.264019391492868f,0.24766764499423233f,0.9538194959674143f,-0.16996795796701977f,2.0680338577692488f,0.5692900034456113f,-0.2852244832507754f,-0.7710745010251759f,-0.43810337167012225f,0f,0f,0f,1f], start_interpolation: 0, interpolation_duration: 1 }
$data merge entity $(bone_ponpon3) { transformation: [-0.7839449149014915f,0.09420914640731991f,-0.6136407802071969f,-0.15664121387522448f,0.24766764499423233f,0.9538194959674143f,-0.16996795796701977f,2.357988068945979f,0.5692900034456113f,-0.2852244832507754f,-0.7710745010251759f,-0.0456619454518519f,0f,0f,0f,1f], start_interpolation: 0, interpolation_duration: 1 }
$data merge entity $(bone_ponpon4) { transformation: [-0.7839449149014915f,0.09420914640731991f,-0.6136407802071969f,-0.2553441146293701f,0.24766764499423233f,0.9538194959674143f,-0.16996795796701977f,2.2321136725779276f,0.5692900034456113f,-0.2852244832507754f,-0.7710745010251759f,-0.0609487443874048f,0f,0f,0f,1f], start_interpolation: 0, interpolation_duration: 1 }
$data merge entity $(bone_ear_edge_a1) { transformation: [-0.7378671452830314f,0.28106417199382117f,-0.6136407802071969f,0.2295925914012812f,0.47106067799910073f,0.8655707544201969f,-0.16996795796701977f,2.326619096043857f,0.4833776096954606f,-0.4144758139070105f,-0.7710745010251759f,-0.3744915112168523f,0f,0f,0f,1f], start_interpolation: 0, interpolation_duration: 1 }
$data merge entity $(bone_ear_edge_a2) { transformation: [-0.7727508996920976f,0.16217595349421024f,-0.6136407802071969f,0.1422175789298969f,0.32985604145035974f,0.9286042672652436f,-0.16996795796701977f,2.373971468754999f,0.5422647314216112f,-0.3337560110694994f,-0.7710745010251759f,-0.31539412870924444f,0f,0f,0f,1f], start_interpolation: 0, interpolation_duration: 1 }
$data merge entity $(bone_ear_edge_b1) { transformation: [-0.7105629813571708f,0.34430399706002796f,-0.6136407802071969f,0.12425649301722483f,0.5447076119043502f,0.8212213531064455f,-0.16996795796701977f,2.377328014508263f,0.4454142645428734f,-0.45502774290202036f,-0.7710745010251759f,-0.30184012124119797f,0f,0f,0f,1f], start_interpolation: 0, interpolation_duration: 1 }
$data merge entity $(bone_ear_edge_b2) { transformation: [-0.7821813399806195f,0.10787652317731229f,-0.6136407802071969f,0.14837123072481426f,0.2642763695237227f,0.9493518282364458f,-0.16996795796701977f,2.377013892287024f,0.5642254442131118f,-0.2951165227012758f,-0.7710745010251759f,-0.32096200340599235f,0f,0f,0f,1f], start_interpolation: 0, interpolation_duration: 1 }
$data merge entity $(bone_ear_right_2) { transformation: [-0.7556757835362964f,0.22890850365049162f,-0.6136407802071969f,0.19083486969515123f,0.40953403425852664f,0.8963217993825975f,-0.16996795796701977f,2.449900785623629f,0.5111124973630956f,-0.37974745411659516f,-0.7710745010251759f,-0.41134997094805664f,0f,0f,0f,1f], start_interpolation: 0, interpolation_duration: 1 }
$data merge entity $(bone_ear_right_1) { transformation: [-0.7556757835362964f,0.22890850365049162f,-0.6136407802071969f,0.13933045637379068f,0.40953403425852664f,0.8963217993825975f,-0.16996795796701977f,2.2482283807625447f,0.5111124973630956f,-0.37974745411659516f,-0.7710745010251759f,-0.32590679377182286f,0f,0f,0f,1f], start_interpolation: 0, interpolation_duration: 1 }
$data merge entity $(bone_ear_edge_a3) { transformation: [-0.810132869437256f,0.2833450244958026f,-0.5132254192368405f,-0.05156388302803f,0.016503653883440626f,0.8861191590238318f,0.4631635406844895f,2.39699865109617f,0.586013961664612f,0.3667539135501764f,-0.722550485177179f,-0.08827742689329042f,0f,0f,0f,1f], start_interpolation: 0, interpolation_duration: 1 }
$data merge entity $(bone_ear_edge_a4) { transformation: [-0.7558338621472488f,0.4065892791020723f,-0.5132254192368405f,0.039594205218029026f,0.1549200431216844f,0.8726278214793423f,0.4631635406844895f,2.387947988635174f,0.6361721096297361f,0.2705657836820364f,-0.722550485177179f,-0.15882832399134894f,0f,0f,0f,1f], start_interpolation: 0, interpolation_duration: 1 }
$data merge entity $(bone_ear_edge_b3) { transformation: [-0.862822321747176f,0.40787220677892566f,-0.29862669678396486f,0.023802767904174633f,-0.011729636114883757f,0.574433673996635f,0.8184670853585624f,2.40783649343189f,0.5053712068682041f,0.7096944533501847f,-0.4908500037206456f,-0.21763435517747232f,0f,0f,0f,1f], start_interpolation: 0, interpolation_duration: 1 }
$data merge entity $(bone_ear_edge_b4) { transformation: [-0.6945533480746646f,0.6545362806187077f,-0.29862669678396486f,0.008352001014044855f,0.16635422054536736f,0.5499435457311989f,0.8184670853585624f,2.417152960442433f,0.6999442263387969f,0.5187912430471678f,-0.4908500037206456f,-0.19269958287154723f,0f,0f,0f,1f], start_interpolation: 0, interpolation_duration: 1 }
$data merge entity $(bone_ear_left_2) { transformation: [-0.7883942767226726f,0.5378257714156434f,-0.29862669678396486f,0.019656762709377502f,0.07827599966266363f,0.5691963616024531f,0.8184670853585624f,2.5087774026438168f,0.6101699208480738f,0.6218994625658539f,-0.4908500037206456f,-0.11046328622859856f,0f,0f,0f,1f], start_interpolation: 0, interpolation_duration: 1 }
$data merge entity $(bone_ear_left_1) { transformation: [-0.7883942767226726f,0.33916682249315483f,-0.5132254192368405f,-0.05665577235158221f,0.07827599966266363f,0.8828093805898406f,0.4631635406844895f,2.3101452920111027f,0.6101699208480738f,0.32498225191920704f,-0.722550485177179f,-0.18358429291042003f,0f,0f,0f,1f], start_interpolation: 0, interpolation_duration: 1 }
$data merge entity $(bone_head) { transformation: [-0.7839449149014915f,0.09420914640731991f,-0.6136407802071969f,0.012231428858827671f,0.24766764499423233f,0.9538194959674143f,-0.16996795796701977f,1.795665843389993f,0.5692900034456113f,-0.2852244832507754f,-0.7710745010251759f,-0.08447191751806227f,0f,0f,0f,1f], start_interpolation: 0, interpolation_duration: 1 }
$data merge entity $(bone_body_1) { transformation: [-0.7891726359496033f,0.025525350831231933f,-0.6136407802071969f,0.002659422297115697f,0.16359434821388594f,0.9717755823733149f,-0.16996795796701977f,1.43125f,0.5919826347966878f,-0.23452222489126118f,-0.7710745010251759f,0.003473916816160668f,0f,0f,0f,1f], start_interpolation: 0, interpolation_duration: 1 }
$data merge entity $(bone_leg_left_2) { transformation: [-0.7440421293713845f,0.02560418913504492f,-0.6676419214064023f,0.2083161578561804f,-0.1387508378548357f,0.9715591653024426f,0.19188797073136754f,0.817202790726629f,0.6535667637778693f,0.2354086103258713f,-0.719328347466833f,-0.05252942035497588f,0f,0f,0f,1f], start_interpolation: 0, interpolation_duration: 1 }
$data merge entity $(bone_leg_left_1) { transformation: [-0.7773994355771799f,-0.2294724945070341f,-0.5856556085525018f,0.1197703096109116f,-0.2036417511401775f,0.9727520268882693f,-0.11083109391017358f,1.165f,0.5951303678664399f,0.0331039038405274f,-0.8029470572794155f,-0.04918470733578047f,0f,0f,0f,1f], start_interpolation: 0, interpolation_duration: 1 }
$data merge entity $(bone_leg_right_2) { transformation: [-0.7863106049161804f,0.3850619907675729f,-0.48315928622190835f,0.0689377705988087f,0.1391731009600654f,0.8723179700949832f,0.4687133527205379f,1.0830842201230853f,0.6019522244875501f,0.3013115037888224f,-0.7395031420616199f,0.31896215285740354f,0f,0f,0f,1f], start_interpolation: 0, interpolation_duration: 1 }
$data merge entity $(bone_leg_right_1) { transformation: [-0.7863106049161804f,-0.5966292012595982f,-0.16046566237262175f,-0.11293179513261409f,0.1391731009600654f,0.0820023237290618f,-0.9868669955329307f,1.18375f,0.6019522244875501f,-0.7983164880593208f,0.018555439286694175f,0.058117636291622185f,0f,0f,0f,1f], start_interpolation: 0, interpolation_duration: 1 }
$data merge entity $(bone_skirt_forward_right) { transformation: [-0.8257479186071024f,-0.11036581625736994f,-0.5531362956070435f,-0.010661500374048876f,0.1580131164351957f,0.8961369145000617f,-0.414693242656239f,1.358125f,0.5414538114654613f,-0.429834871866108f,-0.7225439453606757f,-0.003644932753036149f,0f,0f,0f,1f], start_interpolation: 0, interpolation_duration: 1 }
$data merge entity $(bone_skirt_forward_left) { transformation: [-0.7382018934498169f,-0.3861323645969378f,-0.5531362956070435f,-0.010661500374048876f,-0.1580131164351957f,0.8961369145000617f,-0.414693242656239f,1.358125f,0.6558123356125153f,-0.21872454704739144f,-0.7225439453606757f,-0.003644932753036149f,0f,0f,0f,1f], start_interpolation: 0, interpolation_duration: 1 }
$data merge entity $(bone_skirt_forward) { transformation: [-0.7940381294081527f,-0.2520787327961628f,-0.5531362956070435f,-0.010661500374048876f,0f,0.9099612708765432f,-0.414693242656239f,1.358125f,0.607867953626445f,-0.32928224667696115f,-0.7225439453606757f,-0.003644932753036149f,0f,0f,0f,1f], start_interpolation: 0, interpolation_duration: 1 }
$data merge entity $(bone_skirt_back_right) { transformation: [-0.768197192609997f,0.2160205697958142f,-0.6026675590167525f,-0.004962738308800955f,0.17216259343480453f,0.9763825861650423f,0.13052619222005157f,1.35f,0.6166304522872036f,-0.0034869555138307834f,-0.7872450231365856f,0.0037991747101652814f,0f,0f,0f,1f], start_interpolation: 0, interpolation_duration: 1 }
$data merge entity $(bone_skirt_back_left) { transformation: [-0.7957526194469223f,-0.059745978543753644f,-0.6026675590167525f,-0.004962738308800955f,-0.17216259343480453f,0.9763825861650423f,0.13052619222005157f,1.35f,0.580635694790773f,0.20762336930488579f,-0.7872450231365856f,0.0037991747101652814f,0f,0f,0f,1f], start_interpolation: 0, interpolation_duration: 1 }
$data merge entity $(bone_skirt_back) { transformation: [-0.7940381294081527f,0.07934268935945475f,-0.6026675590167525f,-0.004962738308800955f,0f,0.9914448613738104f,0.13052619222005157f,1.35f,0.607867953626445f,0.10364277350917872f,-0.7872450231365856f,0.0037991747101652814f,0f,0f,0f,1f], start_interpolation: 0, interpolation_duration: 1 }
$data merge entity $(bone_skirt_right) { transformation: [-0.766981936253596f,0.1517509715071912f,-0.6234664001430297f,-0.14551051439605203f,0.25881904510252074f,0.9622501868990583f,-0.08418598282936919f,1.4187500000000002f,0.587155355381269f,-0.22593410645440662f,-0.7773045530470954f,0.13894317480609233f,0f,0f,0f,1f], start_interpolation: 0, interpolation_duration: 1 }
$data merge entity $(bone_skirt_left) { transformation: [-0.766981936253596f,-0.2577093374888149f,-0.5876432649420573f,0.16217926074960712f,-0.25881904510252074f,0.9622501868990583f,-0.08418598282936919f,1.4187500000000002f,0.587155355381269f,0.08752414057734928f,-0.8047285961510826f,-0.0966056572241551f,0f,0f,0f,1f], start_interpolation: 0, interpolation_duration: 1 }
$data merge entity $(bone_coat_downer) { transformation: [-0.7940381294081527f,-0.05297918299081185f,-0.6055548325425435f,-0.006203422886001193f,0f,0.9961946980917455f,-0.08715574274765818f,1.2453125f,0.607867953626445f,-0.06920498293852867f,-0.791016574599089f,0.004748968387706601f,0f,0f,0f,1f], start_interpolation: 0, interpolation_duration: 1 }
$data merge entity $(bone_body_2) { transformation: [-0.7940381294081527f,0f,-0.607867953626445f,0f,0f,1f,0f,1.46875f,0.607867953626445f,0f,-0.7940381294081527f,0f,0f,0f,0f,1f], start_interpolation: 0, interpolation_duration: 1 }
$data merge entity $(bone_book_left) { transformation: [0.9773145515095435f,-0.17595565197612661f,0.11788077004056172f,1.1076768716889258f,0.20185462742074683f,0.605346478711893f,-0.7699417835784361f,0.6079488766698269f,0.06411689946130511f,0.7762700878230256f,0.6271313849224106f,-0.7900976412992716f,0f,0f,0f,1f], start_interpolation: 0, interpolation_duration: 1 }
$data merge entity $(bone_book_right) { transformation: [0.9355663545445277f,-0.17595565197612661f,-0.3061947171032168f,1.1995202181917959f,-0.14244903753664795f,0.605346478711893f,-0.7831116857868963f,0.6108011233301731f,0.3231468210413735f,0.7762700878230256f,0.5412770850517196f,-0.7715039086954538f,0f,0f,0f,1f], start_interpolation: 0, interpolation_duration: 1 }
$data merge entity $(bone_book_loot_1) { transformation: [0.9796623626972812f,-0.17595565197612661f,-0.09644305911799228f,1.1680650038080598f,0.03042396437702588f,0.605346478711893f,-0.7953804266529931f,0.728682063997949f,0.19833314777405675f,0.7762700878230256f,0.5983884300730304f,-0.8705590395083173f,0f,0f,0f,1f], start_interpolation: 0, interpolation_duration: 1 }
$data merge entity $(bone_book_left2) { transformation: [0.09863708606814427f,0.6010738114012477f,0.7930832229341146f,-0.8467837658057316f,-0.2013636754618549f,0.7925386745691951f,-0.5756171640218837f,0.6059998033324049f,-0.9745375290138794f,-0.10292095296721929f,0.19920813734343562f,0.8311222103771609f,0f,0f,0f,1f], start_interpolation: 0, interpolation_duration: 1 }
$data merge entity $(bone_book_right2) { transformation: [-0.24577589389796367f,0.6010738114012477f,0.7604633345705983f,-0.8397191751828842f,0.060768858189639605f,0.7925386745691951f,-0.6067862846063932f,0.612750196667595f,-0.9674199480334194f,-0.10292095296721929f,-0.2313134703975f,0.9243616132557283f,0f,0f,0f,1f], start_interpolation: 0, interpolation_duration: 1 }
$data merge entity $(bone_book_loot_2) { transformation: [-0.07535563331037165f,0.6010738114012477f,0.7956329566929525f,-0.9625964139982508f,-0.07200419557536095f,0.7925386745691951f,-0.6055558150423861f,0.7002083722563579f,-0.9945536307047185f,-0.10292095296721929f,-0.016442417473761295f,0.8802082744375088f,0f,0f,0f,1f], start_interpolation: 0, interpolation_duration: 1 }
$data merge entity $(bone_air_staff_povit_1) { transformation: [-0.000012406845772002387f,0f,-0.000009497936775413202f,0.4121782479191776f,0f,0.000015625f,0f,1.6348725f,0.000009497936775413202f,0f,-0.000012406845772002387f,0.5502885009234039f,0f,0f,0f,1f], start_interpolation: 0, interpolation_duration: 1 }