# This file was generated by Animated Java via MC-Build. It is not recommended to edit this file directly.
$data merge entity $(bone_wing_right_1) { transformation: [-0.7444106813471009f,0.014066752739059522f,-0.3355582042033359f,0.024840380696845174f,0.05019807308711172f,0.8114446512712684f,-0.07734452680076967f,1.5425752494331864f,0.3320803146817505f,-0.09112710263731717f,-0.7405153342168154f,-0.3606268447232293f,0f,0f,0f,1f], start_interpolation: 0, interpolation_duration: 1 }
$data merge entity $(bone_wing_right_2) { transformation: [-0.668436910098567f,0.2917906477436649f,-0.32871007758694126f,0.024840380696845174f,0.34961965383131804f,0.7155596416341493f,-0.07576606707014172f,1.5425752494331864f,0.26637979441532306f,-0.20696042412437293f,-0.725402776375656f,-0.3606268447232293f,0f,0f,0f,1f], start_interpolation: 0, interpolation_duration: 1 }
$data merge entity $(bone_wing_left_1) { transformation: [-0.7387772258742058f,0.27559279824269933f,0.2126058901602116f,-0.03605806021782454f,0.23188548945013895f,0.7617057083815875f,-0.18159839769617406f,1.5541573619103286f,-0.2595799968343606f,-0.10391086478375147f,-0.7673103686695565f,-0.35765004299687514f,0f,0f,0f,1f], start_interpolation: 0, interpolation_duration: 1 }
$data merge entity $(bone_wing_left_2) { transformation: [-0.7719242018324203f,-0.027529723049885158f,0.20826699444265628f,-0.03605806021782454f,-0.07568120556362715f,0.7762903335077854f,-0.17789230794727257f,1.5541573619103286f,-0.1959729107550756f,-0.19135159380357367f,-0.751650973390586f,-0.35765004299687514f,0f,0f,0f,1f], start_interpolation: 0, interpolation_duration: 1 }
$data merge entity $(bone_staff) { transformation: [0.9237520493623601f,0.8572763991116583f,0.9236696253666614f,-0.8215945488549509f,0.5549803515285019f,0.7514644875752884f,-1.2524792147299328f,2.1095477513492153f,-1.13140850744377f,1.0685431902545437f,0.13977299397416446f,-0.42346538609649725f,0f,0f,0f,1f], start_interpolation: 0, interpolation_duration: 1 }
$data merge entity $(bone_arm_right_2) { transformation: [-0.5911485602346633f,-0.08010803245663507f,-0.8025746587504563f,-0.42765667580987354f,0.801586697427157f,-0.16871100280993212f,-0.5735811747596763f,2.1297862294173306f,-0.08945471614346556f,-0.9824048557833952f,0.16394679958113914f,-0.07130856663325932f,0f,0f,0f,1f], start_interpolation: 0, interpolation_duration: 1 }
$data merge entity $(bone_arm_right_1) { transformation: [-0.5911485602346633f,-0.08010803245663507f,-0.8025746587504563f,-0.2336860544828746f,0.801586697427157f,-0.16871100280993212f,-0.5735811747596763f,1.8667655943240449f,-0.08945471614346556f,-0.9824048557833952f,0.16394679958113914f,-0.04195623789868468f,0f,0f,0f,1f], start_interpolation: 0, interpolation_duration: 1 }
$data merge entity $(bone_arm_left_2) { transformation: [0.7973854202709769f,0.5981297473585511f,-0.08010803245663514f,0.587369380116324f,0.5805544093162147f,-0.7965507989791787f,-0.16871100280993215f,1.4682172731984964f,-0.1647211867452952f,0.08802062241558976f,-0.9824048557833953f,-0.04046362361333733f,0f,0f,0f,1f], start_interpolation: 0, interpolation_duration: 1 }
$data merge entity $(bone_arm_left_1) { transformation: [-0.49649454131366455f,0.8643355098465297f,-0.08010803245663514f,0.3627350363924985f,0.8613652147879344f,0.47915192192477163f,-0.16871100280993215f,1.7095328075640048f,-0.1074389929172333f,-0.15276636453793396f,-0.9824048557833953f,-0.06358807211822676f,0f,0f,0f,1f], start_interpolation: 0, interpolation_duration: 1 }
$data merge entity $(bone_himo_right_2) { transformation: [-0.9951799113190489f,-0.032820599056384306f,-0.09241078067298039f,-0.1171543247673531f,0.02482614246761071f,0.8273179533425529f,-0.5611850556877537f,1.5594205950073659f,0.09487152764232012f,-0.5607742971594448f,-0.822515398572053f,0.2508092327693333f,0f,0f,0f,1f], start_interpolation: 0, interpolation_duration: 1 }
$data merge entity $(bone_himo_right_1) { transformation: [-0.9926031126484923f,0.07257484924700844f,-0.09732395397484775f,-0.10415481524588181f,0.10369921369875355f,0.9236988130699363f,-0.3688183506978078f,1.7303090077661176f,0.06313108456841626f,-0.37618266040577264f,-0.9243922718041572f,0.174497532244475f,0f,0f,0f,1f], start_interpolation: 0, interpolation_duration: 1 }
$data merge entity $(bone_himo_left_2) { transformation: [-0.9951799113190489f,-0.032820599056384306f,-0.09241078067298039f,0.18948941077694945f,0.02482614246761071f,0.8273179533425529f,-0.5611850556877537f,1.5011008386697349f,0.09487152764232012f,-0.5607742971594448f,-0.822515398572053f,0.23582005426765362f,0f,0f,0f,1f], start_interpolation: 0, interpolation_duration: 1 }
$data merge entity $(bone_himo_left_1) { transformation: [-0.9926031126484923f,0.07257484924700844f,-0.09732395397484775f,0.20248892029842072f,0.10369921369875355f,0.9236988130699363f,-0.3688183506978078f,1.6719892514284866f,0.06313108456841626f,-0.37618266040577264f,-0.9243922718041572f,0.15950835374279532f,0f,0f,0f,1f], start_interpolation: 0, interpolation_duration: 1 }
$data merge entity $(bone_ponpon1) { transformation: [-0.9622521572178098f,0.2601028432478164f,-0.08010803245663514f,0.482908129693746f,0.2702656112431822f,0.9478887576663289f,-0.16871100280993215f,2.2560072238907f,0.03205129184636013f,-0.18399297275761836f,-0.9824048557833953f,-0.14496804125863477f,0f,0f,0f,1f], start_interpolation: 0, interpolation_duration: 1 }
$data merge entity $(bone_ponpon2) { transformation: [-0.9622521572178098f,0.2601028432478164f,-0.08010803245663514f,0.4789696021406273f,0.2702656112431822f,0.9478887576663289f,-0.16871100280993215f,2.1115695122473586f,0.03205129184636013f,-0.18399297275761836f,-0.9824048557833953f,-0.2152712983378643f,0f,0f,0f,1f], start_interpolation: 0, interpolation_duration: 1 }
$data merge entity $(bone_ponpon3) { transformation: [-0.9622521572178098f,0.2601028432478164f,-0.08010803245663514f,-0.08241501267171723f,0.2702656112431822f,0.9478887576663289f,-0.16871100280993215f,2.4147882704960697f,0.03205129184636013f,-0.18399297275761836f,-0.9824048557833953f,-0.12613790729889818f,0f,0f,0f,1f], start_interpolation: 0, interpolation_duration: 1 }
$data merge entity $(bone_ponpon4) { transformation: [-0.9622521572178098f,0.2601028432478164f,-0.08010803245663514f,-0.1585224520161717f,0.2702656112431822f,0.9478887576663289f,-0.16871100280993215f,2.290620479695967f,0.03205129184636013f,-0.18399297275761836f,-0.9824048557833953f,-0.1940373174896507f,0f,0f,0f,1f], start_interpolation: 0, interpolation_duration: 1 }
$data merge entity $(bone_ear_edge_a1) { transformation: [-0.8707445828589241f,0.4851665431145936f,-0.08010803245663514f,0.4208750005782499f,0.49155261262088196f,0.8543492415613491f,-0.16871100280993215f,2.3716039582540014f,-0.013412697246393131f,-0.18628150441142255f,-0.9824048557833953f,-0.1820282093157056f,0f,0f,0f,1f], start_interpolation: 0, interpolation_duration: 1 }
$data merge entity $(bone_ear_edge_a2) { transformation: [-0.9359210407536857f,0.34297887487491757f,-0.08010803245663514f,0.316527253698064f,0.3518511177135468f,0.9207265546809188f,-0.16871100280993215f,2.421410447362783f,0.01589328280329529f,-0.18608627809416986f,-0.9824048557833953f,-0.18207280399566053f,0f,0f,0f,1f], start_interpolation: 0, interpolation_duration: 1 }
$data merge entity $(bone_ear_edge_b1) { transformation: [-0.8251460864147027f,0.5592107288048278f,-0.08010803245663514f,0.2941405091335334f,0.564143549240246f,0.8082565517095951f,-0.16871100280993215f,2.4252923149869807f,-0.02959716076109529f,-0.1844036534564544f,-0.9824048557833953f,-0.18091396986142547f,0f,0f,0f,1f], start_interpolation: 0, interpolation_duration: 1 }
$data merge entity $(bone_ear_edge_b2) { transformation: [-0.9575661810176386f,0.27685684406787137f,-0.08010803245663514f,0.32481295138689364f,0.28676738833765353f,0.9430276043238971f,-0.16871100280993215f,2.4242591863749072f,0.028835290137198023f,-0.1845243219088201f,-0.9824048557833953f,-0.18323766443799752f,0f,0f,0f,1f], start_interpolation: 0, interpolation_duration: 1 }
$data merge entity $(bone_ear_right_2) { transformation: [-0.9024670000448506f,0.4232446301679138f,-0.08010803245663514f,0.4123152021119118f,0.4307588247245978f,0.8865570666644931f,-0.16871100280993215f,2.495089266130928f,-0.0003856837185291645f,-0.18676335449245793f,-0.9824048557833953f,-0.23434637652372495f,0f,0f,0f,1f], start_interpolation: 0, interpolation_duration: 1 }
$data merge entity $(bone_ear_right_1) { transformation: [-0.9024670000448506f,0.4232446301679138f,-0.08010803245663514f,0.31708516032413137f,0.4307588247245978f,0.8865570666644931f,-0.16871100280993215f,2.2956139261314172f,-0.0003856837185291645f,-0.18676335449245793f,-0.9824048557833953f,-0.19232462176292198f,0f,0f,0f,1f], start_interpolation: 0, interpolation_duration: 1 }
$data merge entity $(bone_ear_edge_a3) { transformation: [-0.9987117548944501f,0.049875997897696964f,-0.009338922280257025f,0.02937691059651911f,0.03989088924011788f,0.8854632920934371f,0.4629940337743945f,2.4512078889188347f,0.03136156232205904f,0.46202504606218203f,-0.8863121962491312f,-0.10257251907629245f,0f,0f,0f,1f], start_interpolation: 0, interpolation_duration: 1 }
$data merge entity $(bone_ear_edge_a4) { transformation: [-0.9786136308750835f,0.2054948807054064f,-0.009338922280257025f,0.14416938394689816f,0.17791674260983503f,0.8683214597074178f,0.4629940337743945f,2.4394649544962403f,0.10325209036427098f,0.45143072183387145f,-0.8863121962491312f,-0.10991637216912889f,0f,0f,0f,1f], start_interpolation: 0, interpolation_duration: 1 }
$data merge entity $(bone_ear_edge_b3) { transformation: [-0.9978221009521873f,-0.04642528368863123f,0.04685880798519303f,0.16450325927709328f,0.011573121945954196f,0.5761510182021394f,0.8172613211654289f,2.4588497648943717f,-0.06493933861525812f,0.8160237112113032f,-0.5743589339786965f,-0.16748228273462115f,0f,0f,0f,1f], start_interpolation: 0, interpolation_duration: 1 }
$data merge entity $(bone_ear_edge_b4) { transformation: [-0.9633314128423633f,0.2641909179842164f,0.04685880798519303f,0.1379587664489296f,0.1890471489914689f,0.5443758888719588f,0.8172613211654289f,2.4687967444480137f,0.19040421342326824f,0.7961520272344486f,-0.5743589339786965f,-0.15549424189155636f,0f,0f,0f,1f], start_interpolation: 0, interpolation_duration: 1 }
$data merge entity $(bone_ear_left_2) { transformation: [-0.9927997695167917f,0.11024005515969194f,0.04685880798519303f,0.1033918713955886f,0.10156051392514065f,0.5672472079598093f,0.8172613211654289f,2.5612981614982866f,0.06351440512723401f,0.8161358559089222f,-0.5743589339786965f,-0.08110162034000187f,0f,0f,0f,1f], start_interpolation: 0, interpolation_duration: 1 }
$data merge entity $(bone_ear_left_1) { transformation: [-0.9927997695167917f,0.11942111278182108f,-0.009338922280257025f,0.0765221210196789f,0.10156051392514065f,0.8805237002492189f,0.4629940337743945f,2.363180328942213f,0.06351440512723401f,0.4587119042725787f,-0.8863121962491312f,-0.18431179880133192f,0f,0f,0f,1f], start_interpolation: 0, interpolation_duration: 1 }
$data merge entity $(bone_head) { transformation: [-0.9622521572178098f,0.2601028432478164f,-0.08010803245663514f,0.06600430952166901f,0.2702656112431822f,0.9478887576663289f,-0.16871100280993215f,1.8488763580706316f,0.03205129184636013f,-0.18399297275761836f,-0.9824048557833953f,-0.06332166000061641f,0f,0f,0f,1f], start_interpolation: 0, interpolation_duration: 1 }
$data merge entity $(bone_body_1) { transformation: [-0.981259953741768f,0.1752472719292085f,-0.08010803245663514f,0.00028658254821583044f,0.1866232202804191f,0.9678369548550175f,-0.16871100280993215f,1.4859375f,0.047965371205375015f,-0.1804993698003869f,-0.9824048557833953f,0.004365603674528659f,0f,0f,0f,1f], start_interpolation: 0, interpolation_duration: 1 }
$data merge entity $(bone_leg_left_2) { transformation: [-0.9793610049330781f,-0.12402969284229066f,-0.1595890262828819f,0.20777202688823898f,-0.15382366653570712f,0.9695710986094647f,0.19044727447445242f,0.8730355832590955f,0.1311117905833908f,0.21106520327776165f,-0.9686388276005324f,0.07146181483319362f,0f,0f,0f,1f], start_interpolation: 0, interpolation_duration: 1 }
$data merge entity $(bone_leg_left_1) { transformation: [-0.9737256835168014f,-0.22411297044013873f,-0.04039393197294929f,0.12694231321562663f,-0.21856904463536456f,0.9695487647497824f,-0.11046612828987543f,1.2196875f,0.06392077899182516f,-0.09873484315412018f,-0.9930586914983471f,0.025489441254483068f,0f,0f,0f,1f], start_interpolation: 0, interpolation_duration: 1 }
$data merge entity $(bone_leg_right_2) { transformation: [-0.9881412387809365f,0.15354444122282426f,0.0009983937334313991f,-0.11719516787557484f,0.13917310096006547f,0.8928691710605798f,0.428270348423461f,1.1522848314080119f,0.0648670963558236f,0.4233305421761628f,-0.9036501047812701f,0.30783348407308636f,0f,0f,0f,1f], start_interpolation: 0, interpolation_duration: 1 }
$data merge entity $(bone_leg_right_1) { transformation: [-0.9881412387809365f,-0.060310115944802144f,-0.14120758526085206f,-0.12620538666307163f,0.13917310096006547f,0.03671888694969938f,-0.9895870711111452f,1.2384375f,0.0648670963558236f,-0.9975040918492012f,-0.027889900581833944f,-0.014263603234266516f,0f,0f,0f,1f], start_interpolation: 0, interpolation_duration: 1 }
$data merge entity $(bone_skirt_forward_right) { transformation: [-0.9874096828743791f,0.1465236071666792f,-0.05960663309383205f,-0.006850682138360577f,0.1580131164351957f,0.8961369145000617f,-0.414693242656239f,1.4128125f,-0.007346645517195202f,-0.41889075307671053f,-0.9080069183582639f,-0.008945461376538793f,0f,0f,0f,1f], start_interpolation: 0, interpolation_duration: 1 }
$data merge entity $(bone_skirt_forward_left) { transformation: [-0.9779756178133495f,-0.20002684883238656f,-0.05960663309383205f,-0.006850682138360577f,-0.1580131164351957f,0.8961369145000617f,-0.414693242656239f,1.4128125f,0.13636548682505562f,-0.39614125033439096f,-0.9080069183582639f,-0.008945461376538793f,0f,0f,0f,1f], start_interpolation: 0, interpolation_duration: 1 }
$data merge entity $(bone_skirt_forward) { transformation: [-0.9978522684636932f,-0.027164307704756724f,-0.05960663309383205f,-0.006850682138360577f,0f,0.9099612708765432f,-0.414693242656239f,1.4128125f,0.06550458244933266f,-0.4138025929010929f,-0.9080069183582639f,-0.008945461376538793f,0f,0f,0f,1f], start_interpolation: 0, interpolation_duration: 1 }
$data merge entity $(bone_skirt_back_right) { transformation: [-0.981207947359937f,0.18169539703981194f,-0.06494418166582795f,-0.006236576677898083f,0.17216259343480453f,0.9763825861650423f,0.13052619222005157f,1.4046875f,0.0871263763707705f,0.11689237840085538f,-0.9893155039785285f,0.00040940364030832917f,0f,0f,0f,1f], start_interpolation: 0, interpolation_duration: 1 }
$data merge entity $(bone_skirt_back_left) { transformation: [-0.9841773533277917f,-0.16485505895925381f,-0.06494418166582795f,-0.006236576677898083f,-0.17216259343480453f,0.9763825861650423f,0.13052619222005157f,1.4046875f,0.041892464937089924f,0.139641881143175f,-0.9893155039785285f,0.00040940364030832917f,0f,0f,0f,1f], start_interpolation: 0, interpolation_duration: 1 }
$data merge entity $(bone_skirt_back) { transformation: [-0.9978522684636932f,0.008550063720075812f,-0.06494418166582795f,-0.006236576677898083f,0f,0.9914448613738104f,0.13052619222005157f,1.4046875f,0.06550458244933266f,0.13024585700070654f,-0.9893155039785285f,0.00040940364030832917f,0f,0f,0f,1f], start_interpolation: 0, interpolation_duration: 1 }
$data merge entity $(bone_skirt_right) { transformation: [-0.9638512769302141f,0.25157130140191764f,-0.08776443625376511f,-0.1981375409516595f,0.25881904510252074f,0.9622501868990583f,-0.08418598282936919f,1.4734375000000002f,0.06327256792809205f,-0.10385787463487312f,-0.9925775153730373f,0.03492893486250982f,0f,0f,0f,1f], start_interpolation: 0, interpolation_duration: 1 }
$data merge entity $(bone_skirt_left) { transformation: [-0.9638512769302141f,-0.2629895024754112f,-0.0427461992197125f,0.18853021307802162f,-0.25881904510252074f,0.9622501868990583f,-0.08418598282936919f,1.4734375000000002f,0.06327256792809205f,-0.07007923658590448f,-0.9955327632716674f,0.009545909163393415f,0f,0f,0f,1f], start_interpolation: 0, interpolation_duration: 1 }
$data merge entity $(bone_coat_downer) { transformation: [-0.9978522684636932f,-0.005709100536746802f,-0.0652553177367388f,-0.007795720847372603f,0f,0.9961946980917455f,-0.08715574274765818f,1.3f,0.06550458244933266f,-0.0869685556103888f,-0.9940551393223523f,0.0005117545503854114f,0f,0f,0f,1f], start_interpolation: 0, interpolation_duration: 1 }
$data merge entity $(bone_body_2) { transformation: [-0.9978522684636932f,0f,-0.06550458244933266f,0f,0f,1f,0f,1.5234375f,0.06550458244933266f,0f,-0.9978522684636932f,0f,0f,0f,0f,1f], start_interpolation: 0, interpolation_duration: 1 }
$data merge entity $(bone_book_left) { transformation: [0.7777171886678715f,-0.57690167009065f,-0.2496806710523683f,1.3599023676290847f,0.20185462742074683f,0.605346478711893f,-0.7699417835784361f,0.6626363766698269f,0.5953240158429473f,0.5483977605331103f,0.5872386332683635f,-0.04321903953175091f,0f,0f,0f,1f], start_interpolation: 0, interpolation_duration: 1 }
$data merge entity $(bone_book_right) { transformation: [0.5993315330115401f,-0.57690167009065f,-0.554965022847977f,1.4260187486835785f,-0.14244903753664795f,0.605346478711893f,-0.7831116857868963f,0.6654886233301731f,0.7877245617872529f,0.5483977605331103f,0.28062414543183845f,0.023185413219894452f,0f,0f,0f,1f], start_interpolation: 0, interpolation_duration: 1 }
$data merge entity $(bone_book_loot_1) { transformation: [0.7052413979146017f,-0.57690167009065f,-0.4120910502717535f,1.4547742156970946f,0.03042396437702588f,0.605346478711893f,-0.7953804266529931f,0.783369563997949f,0.7083141626842171f,0.5483977605331103f,0.4444670327293416f,-0.07668686806532948f,0f,0f,0f,1f], start_interpolation: 0, interpolation_duration: 1 }
$data merge entity $(bone_book_left2) { transformation: [0.6225100238573785f,0.5572588446055298f,0.5494941767716885f,-1.165550083893673f,-0.2013636754618549f,0.7925386745691951f,-0.5756171640218837f,0.6606873033324049f,-0.7562631423000716f,0.24767928742834597f,0.6055749583473609f,0.22203575511571463f,0f,0f,0f,1f], start_interpolation: 0, interpolation_duration: 1 }
$data merge entity $(bone_book_right2) { transformation: [0.33195940830642534f,0.5572588446055298f,0.7610949555382414f,-1.2113771223188974f,0.060768858189639605f,0.7925386745691951f,-0.6067862846063932f,0.667437696667595f,-0.9413342111658192f,0.24767928742834597f,0.22922668576719255f,0.303542670398979f,0f,0f,0f,1f], start_interpolation: 0, interpolation_duration: 1 }
$data merge entity $(bone_book_loot_2) { transformation: [0.48882174320239324f,0.5572588446055298f,0.6712047999541445f,-1.2891443230994069f,-0.07200419557536095f,0.7925386745691951f,-0.6055558150423861f,0.7548958722563579f,-0.8694070963548195f,0.24767928742834597f,0.4275351112913043f,0.19865894606365114f,0f,0f,0f,1f], start_interpolation: 0, interpolation_duration: 1 }
$data merge entity $(bone_air_staff_povit_1) { transformation: [-0.00001559144169474521f,0f,-0.0000010235091007708229f,0.0378324016862795f,0f,0.000015625f,0f,1.68956f,0.0000010235091007708229f,0f,-0.00001559144169474521f,0.6864962138926172f,0f,0f,0f,1f], start_interpolation: 0, interpolation_duration: 1 }