# This file was generated by Animated Java via MC-Build. It is not recommended to edit this file directly.
$data merge entity $(bone_wing_right_1) { transformation: [0.07673113074729555f,0.07463303119919995f,0.809621324245295f,0.21085850681047838f,-0.1292844287623276f,0.8039920158373295f,-0.061861291563226194f,1.4487164139795f,-0.8027093586711722f,-0.12235682885842986f,0.08735523097026789f,0.16199312946751374f,0f,0f,0f,1f], start_interpolation: 0, interpolation_duration: 1 }
$data merge entity $(bone_wing_right_2) { transformation: [0.09742153053158646f,0.0387802750928205f,0.7930984400770237f,0.21085850681047838f,0.18438973382089358f,0.7760980669564668f,-0.06059881622520118f,1.4487164139795f,-0.7723402562668499f,0.19017854960578717f,0.08557247115454814f,0.16199312946751374f,0f,0f,0f,1f], start_interpolation: 0, interpolation_duration: 1 }
$data merge entity $(bone_wing_left_1) { transformation: [0.8006865362094967f,-0.0800793768355567f,0.1394016089681595f,0.272409473557834f,0.08621154973233738f,0.8115869265471085f,-0.02895986524504819f,1.445694845751813f,-0.13569481887688808f,0.0431091464528299f,0.8041597864022557f,0.09616395084136165f,0f,0f,0f,1f], start_interpolation: 0, interpolation_duration: 1 }
$data merge entity $(bone_wing_left_2) { transformation: [0.7546608524575344f,0.22768239153358596f,0.13655667817289097f,0.272409473557834f,-0.22621889088969413f,0.7668247660914604f,-0.028368847586985987f,1.445694845751813f,-0.1389676623272634f,-0.011853551970774482f,0.7877483621899648f,0.09616395084136165f,0f,0f,0f,1f], start_interpolation: 0, interpolation_duration: 1 }
$data merge entity $(bone_staff) { transformation: [0.7286934549150142f,-1.3288979314186364f,-0.3800557677963711f,0.0744260091058424f,0.17067712711453653f,0.5128645673786029f,-1.4660305262195217f,2.029269067407062f,1.3715981251970084f,0.6421888144454309f,0.3843414621885385f,-0.6890304129599305f,0f,0f,0f,1f], start_interpolation: 0, interpolation_duration: 1 }
$data merge entity $(bone_arm_right_2) { transformation: [-0.6490664334959165f,0.52917572886682f,0.5465215575685562f,0.20422315931230292f,0.7012566790046351f,0.6946742326635055f,0.16020855353182745f,1.8146053720517445f,-0.2948759655520969f,0.48723788692140896f,-0.8219777408714173f,-0.574828419359616f,0f,0f,0f,1f], start_interpolation: 0, interpolation_duration: 1 }
$data merge entity $(bone_arm_right_1) { transformation: [-0.10910822816844512f,0.52917572886682f,0.8414680282246096f,0.22323933252847328f,0.6251675774060101f,0.6946742326635055f,-0.3557993966179122f,1.61360633952855f,-0.772826561853462f,0.48723788692140896f,-0.40661818311791875f,-0.30455807524847905f,0f,0f,0f,1f], start_interpolation: 0, interpolation_duration: 1 }
$data merge entity $(bone_arm_left_2) { transformation: [0.6503896977630897f,-0.7453208729982891f,0.14659480658162743f,-0.4443391006903429f,0.45175404590510637f,0.2243822446467985f,-0.8634644696197007f,1.3658576748678737f,0.6106648205456113f,0.6278131924070502f,0.482637620153738f,0.07604766435525531f,0f,0f,0f,1f], start_interpolation: 0, interpolation_duration: 1 }
$data merge entity $(bone_arm_left_1) { transformation: [0.6805370556169822f,-0.6113100782210429f,0.4039422040311592f,-0.20470446882625476f,0.702394366277592f,0.3873374312270444f,-0.5971698825224981f,1.5923656793676493f,0.20859403192245962f,0.6901229619682399f,0.6929782299686729f,0.11778810558306844f,0f,0f,0f,1f], start_interpolation: 0, interpolation_duration: 1 }
$data merge entity $(bone_himo_right_2) { transformation: [0.5285952192322851f,0.697457435078218f,0.48388037825363983f,-0.10802857006696734f,-0.4947315008072005f,0.7163270086900676f,-0.49205320721462087f,1.371842204858665f,-0.6898027517441687f,0.020706107196982376f,0.7237011958059208f,-0.34235033127052544f,0f,0f,0f,1f], start_interpolation: 0, interpolation_duration: 1 }
$data merge entity $(bone_himo_right_1) { transformation: [0.6382051817521943f,0.4158240021652422f,0.6479078215363117f,-0.026012145776382497f,-0.29823178275776957f,0.909407967144773f,-0.28988782838666044f,1.5405443997708932f,-0.7097548518592677f,-0.00821879047621954f,0.7044008104377343f,-0.3394888494195808f,0f,0f,0f,1f], start_interpolation: 0, interpolation_duration: 1 }
$data merge entity $(bone_himo_left_2) { transformation: [0.5648077102104428f,0.6614976208931774f,0.49336918026920007f,-0.29990093299556436f,-0.46343826191036364f,0.7489399434293714f,-0.47361792463283214f,1.3736715197308444f,-0.6828010163175928f,0.03885690014239307f,0.7295703622180567f,-0.10272763542453003f,0f,0f,0f,1f], start_interpolation: 0, interpolation_duration: 1 }
$data merge entity $(bone_himo_left_1) { transformation: [0.6486371066782364f,0.2997724503992816f,0.699575858518357f,-0.23932124942995933f,-0.25642428529708794f,0.9515021492670961f,-0.16997130890233902f,1.5510158520377855f,-0.7166006487228181f,-0.06913854150694043f,0.6940485374441252f,-0.1113533085980556f,0f,0f,0f,1f], start_interpolation: 0, interpolation_duration: 1 }
$data merge entity $(bone_ponpon1) { transformation: [0.9513840339610864f,-0.009443066491479829f,-0.3078623855217915f,-0.25097999628523104f,-0.008870227153882748f,0.9982753340916906f,-0.05803168457284501f,2.2311754750645614f,0.3078794228170652f,0.057941227458185154f,0.9496594522071952f,-0.16617950895582062f,0f,0f,0f,1f], start_interpolation: 0, interpolation_duration: 1 }
$data merge entity $(bone_ponpon2) { transformation: [0.9513840339610864f,-0.009443066491479829f,-0.3078623855217915f,-0.31433861289000475f,-0.008870227153882748f,0.9982753340916906f,-0.05803168457284501f,2.1012832213926664f,0.3078794228170652f,0.057941227458185154f,0.9496594522071952f,-0.09593706709930915f,0f,0f,0f,1f], start_interpolation: 0, interpolation_duration: 1 }
$data merge entity $(bone_ponpon3) { transformation: [0.9513840339610864f,-0.009443066491479829f,-0.3078623855217915f,0.3079581236669072f,-0.008870227153882748f,0.9982753340916906f,-0.05803168457284501f,2.225964216611655f,0.3078794228170652f,0.057941227458185154f,0.9496594522071952f,0.014699651949205209f,0f,0f,0f,1f], start_interpolation: 0, interpolation_duration: 1 }
$data merge entity $(bone_ponpon4) { transformation: [0.9513840339610864f,-0.009443066491479829f,-0.3078623855217915f,0.31595330960921497f,-0.008870227153882748f,0.9982753340916906f,-0.05803168457284501f,2.095406695903219f,0.3078794228170652f,0.057941227458185154f,0.9496594522071952f,0.10803305051699652f,0f,0f,0f,1f], start_interpolation: 0, interpolation_duration: 1 }
$data merge entity $(bone_ear_edge_a1) { transformation: [0.9484239195144986f,0.0068927900961398f,-0.3169298949885393f,-0.14655090710629184f,0.15221730582657703f,0.8670640297323161f,0.47437312334412013f,2.3050891713278383f,0.2780682662578638f,-0.4981490317054204f,0.8212950636106965f,-0.1605104090539554f,0f,0f,0f,1f], start_interpolation: 0, interpolation_duration: 1 }
$data merge entity $(bone_ear_edge_a2) { transformation: [0.9356689773146875f,0.15517411689273652f,-0.3169298949885393f,-0.037212115787653766f,0.01470456055491276f,0.8802010655228902f,0.47437312334412013f,2.3156530393501304f,0.35257246175754287f,-0.448516530017488f,0.8212950636106965f,-0.12441921857224766f,0f,0f,0f,1f], start_interpolation: 0, interpolation_duration: 1 }
$data merge entity $(bone_ear_edge_b1) { transformation: [0.9670516624621068f,0.06081052523627237f,-0.2472107646316489f,-0.03601779634497782f,0.17735248082310445f,0.5357246216014458f,0.8255575251645872f,2.3400459859606233f,0.18263948005610983f,-0.842200219562116f,0.5072884884307524f,-0.0650964992757882f,0f,0f,0f,1f], start_interpolation: 0, interpolation_duration: 1 }
$data merge entity $(bone_ear_edge_b2) { transformation: [0.9009292994437732f,0.3566696444246241f,-0.2472107646316489f,-0.05997194285455885f,0.003124220187989954f,0.5643093228827066f,0.8255575251645872f,2.34443730897902f,0.43395464815112783f,-0.7445413036586174f,0.5072884884307524f,-0.08391619035044778f,0f,0f,0f,1f], start_interpolation: 0, interpolation_duration: 1 }
$data merge entity $(bone_ear_right_2) { transformation: [0.9456327897828157f,0.21134205624485816f,-0.2472107646316489f,-0.09038583010262165f,0.09136318289550074f,0.5568730029866102f,0.8255575251645872f,2.426718562170573f,0.31214002578774247f,-0.8032602279503636f,0.5072884884307524f,-0.17103929501815157f,0f,0f,0f,1f], start_interpolation: 0, interpolation_duration: 1 }
$data merge entity $(bone_ear_right_1) { transformation: [0.9456327897828157f,0.07303470784580957f,-0.3169298949885393f,-0.10681863936792878f,0.09136318289550074f,0.875570047831667f,0.47437312334412013f,2.229715301408448f,0.31214002578774247f,-0.4775385039867777f,0.8212950636106965f,-0.06359313162112676f,0f,0f,0f,1f], start_interpolation: 0, interpolation_duration: 1 }
$data merge entity $(bone_ear_edge_a3) { transformation: [0.9371117288571444f,0.18205138547795097f,-0.29779002784501085f,0.21078687419031533f,-0.17803077824934546f,0.9831781136496915f,0.0408146889754935f,2.3282107031864743f,0.30021100851618715f,0.014767866663550195f,0.95375849169478f,0.001204897624253777f,0f,0f,0f,1f], start_interpolation: 0, interpolation_duration: 1 }
$data merge entity $(bone_ear_edge_a4) { transformation: [0.9540534395242298f,0.033213458839069857f,-0.29779002784501085f,0.10122892207904012f,-0.022035981695904136f,0.9989237091362541f,0.0408146889754935f,2.3408154545620263f,0.2988251161510436f,-0.03237729879736579f,0.95375849169478f,-0.033541555388162406f,0f,0f,0f,1f], start_interpolation: 0, interpolation_duration: 1 }
$data merge entity $(bone_ear_edge_b3) { transformation: [0.9143317247931044f,0.28416660260940574f,-0.28852528311795345f,0.07687800178526497f,-0.2621642561183297f,0.9583726520852887f,0.11310067439645582f,2.3354182503192935f,0.30865417517148525f,-0.027770518476226025f,0.9507688459624516f,-0.03151229309819632f,0f,0f,0f,1f], start_interpolation: 0, interpolation_duration: 1 }
$data merge entity $(bone_ear_edge_b4) { transformation: [0.9573934543599676f,-0.012285542332096028f,-0.28852528311795345f,0.10524767145423096f,0.04682041231753403f,0.992479766263012f,0.11310067439645582f,2.3446970424590345f,0.28496600242678954f,-0.12179071807048061f,0.9507688459624516f,-0.02400686277734017f,0f,0f,0f,1f], start_interpolation: 0, interpolation_duration: 1 }
$data merge entity $(bone_ear_left_2) { transformation: [0.9475282344758936f,0.13763504594652098f,-0.28852528311795345f,0.15718098836462174f,-0.10901406595072233f,0.9875850195684209f,0.11310067439645582f,2.4509681812297317f,0.30050986389116696f,-0.0757127680866353f,0.9507688459624516f,0.011979526181739107f,0f,0f,0f,1f], start_interpolation: 0, interpolation_duration: 1 }
$data merge entity $(bone_ear_left_1) { transformation: [0.9475282344758936f,0.11623830774346205f,-0.29779002784501085f,0.1310273691223428f,-0.10901406595072233f,0.9932019404877969f,0.0408146889754935f,2.2274977446199777f,0.30050986389116696f,-0.006209768450668618f,0.95375849169478f,0.013376724083139543f,0f,0f,0f,1f], start_interpolation: 0, interpolation_duration: 1 }
$data merge entity $(bone_head) { transformation: [0.9513840339610864f,-0.009443066491479829f,-0.3078623855217915f,0.02656463600164642f,-0.008870227153882748f,0.9982753340916906f,-0.05803168457284501f,1.7188039044351227f,0.3078794228170652f,0.057941227458185154f,0.9496594522071952f,-0.08447994072278836f,0f,0f,0f,1f], start_interpolation: 0, interpolation_duration: 1 }
$data merge entity $(bone_body_1) { transformation: [0.6825891316914459f,0.07368363273206116f,0.7270782623377793f,-0.0010667262728765146f,-0.033508647254055744f,0.9970133583818012f,-0.06958113082902151f,1.3449238950419473f,-0.7300337306288807f,0.023131914655922233f,0.683019521440222f,-0.0931544087187592f,0f,0f,0f,1f], start_interpolation: 0, interpolation_duration: 1 }
$data merge entity $(bone_leg_left_2) { transformation: [0.6693249119953414f,0.22088470790079157f,0.7093758580597527f,-0.2512984460439868f,-0.08882679192578828f,0.9717264735848989f,-0.21876348317401878f,0.7150630016357965f,-0.7376408090789184f,0.08341226738219329f,0.670021216404048f,-0.07808905102507009f,0f,0f,0f,1f], start_interpolation: 0, interpolation_duration: 1 }
$data merge entity $(bone_leg_left_1) { transformation: [0.6733876793206068f,0.36591659070348553f,0.6423815703981126f,-0.11202137100592408f,-0.10136547736046331f,0.9064101379407943f,-0.4100557301607131f,1.0568334476442396f,-0.7323073626140141f,0.21101116199407075f,0.6474567291913946f,0.0026744984823139917f,0f,0f,0f,1f], start_interpolation: 0, interpolation_duration: 1 }
$data merge entity $(bone_leg_right_2) { transformation: [0.684479195716965f,-0.18231593299015295f,0.7058676442567592f,-0.1460924219918272f,0.0917907522330382f,0.9820723087533593f,0.16464640349652082f,1.1209548649556784f,-0.7232307297364718f,-0.047904915799699f,0.6889429806646367f,-0.3746960909037258f,0f,0f,0f,1f], start_interpolation: 0, interpolation_duration: 1 }
$data merge entity $(bone_leg_right_1) { transformation: [0.684479195716965f,0.7050475595578954f,0.18546204299562882f,0.09022148800896641f,0.0917907522330382f,0.1690244654891241f,-0.9813282773214113f,1.090394877867465f,-0.7232307297364718f,0.6887224904325192f,0.0509768843425986f,-0.15492275396472172f,0f,0f,0f,1f], start_interpolation: 0, interpolation_duration: 1 }
$data merge entity $(bone_skirt_forward_right) { transformation: [0.7343493507502686f,0.41766411600081005f,0.5350586110492201f,-0.0038173755461754603f,0.04143874093807891f,0.7592184116554523f,-0.6495153840771122f,1.2397389575390785f,-0.6775056175428553f,0.4991433557692956f,0.5402240725747424f,-0.08686771037281617f,0f,0f,0f,1f], start_interpolation: 0, interpolation_duration: 1 }
$data merge entity $(bone_skirt_forward_left) { transformation: [0.6066326662989486f,0.5708301142707053f,0.5533080415290581f,-0.004489622220731737f,-0.18115671805143851f,0.7769484885573675f,-0.6029372186498803f,1.2077196251249256f,-0.7740665679926113f,0.2655259436855758f,0.5747320432567027f,-0.08440678856167881f,0f,0f,0f,1f], start_interpolation: 0, interpolation_duration: 1 }
$data merge entity $(bone_skirt_forward) { transformation: [0.6768825531985841f,0.4657834304818883f,0.5699787759766934f,-0.0038173755461754603f,-0.0705249286521649f,0.8118068280839745f,-0.5796515404230744f,1.2397389575390785f,-0.7327047451831965f,0.3521583021380583f,0.5823472216996206f,-0.08686771037281617f,0f,0f,0f,1f], start_interpolation: 0, interpolation_duration: 1 }
$data merge entity $(bone_skirt_back_right) { transformation: [0.6735287046407342f,-0.02364771915209815f,0.7387826943045417f,-0.008775479588646596f,0.029736741550944426f,0.9995458318144756f,0.0048842915801539655f,1.25871016052272f,-0.7385626650643174f,0.018679279461775812f,0.6739260154437443f,-0.09327410652490538f,0f,0f,0f,1f], start_interpolation: 0, interpolation_duration: 1 }
$data merge entity $(bone_skirt_back_left) { transformation: [0.6734012647229265f,0.11198062386610866f,0.7307469305772827f,-0.008775479588646596f,-0.17007444052095466f,0.9854146074693209f,0.005721544159427244f,1.25871016052272f,-0.7194479976697742f,-0.12813427045346262f,0.6826244848995028f,-0.09327410652490538f,0f,0f,0f,1f], start_interpolation: 0, interpolation_duration: 1 }
$data merge entity $(bone_skirt_back) { transformation: [0.6768825531985841f,0.0006349030504143732f,0.7360907593996017f,-0.008775479588646596f,-0.0705249286521649f,0.99545520106007f,0.06399357093538721f,1.25871016052272f,-0.7327047451831965f,-0.0952288799712144f,0.6738510345806817f,-0.09327410652490538f,0f,0f,0f,1f], start_interpolation: 0, interpolation_duration: 1 }
$data merge entity $(bone_skirt_right) { transformation: [0.6838313889274698f,0.13433663082716316f,0.7171668572483909f,0.11997898176426161f,0.123749976100029f,0.9473113100051641f,-0.29544411544578447f,1.2760346659371469f,-0.719069242098958f,0.29078334125995986f,0.6311770540133125f,-0.24042773379541466f,0f,0f,0f,1f], start_interpolation: 0, interpolation_duration: 1 }
$data merge entity $(bone_skirt_left) { transformation: [0.6538634216216704f,0.34224312753125496f,0.6747831262878664f,-0.13562156067311146f,-0.21916500509582462f,0.9392854659457229f,-0.2640255934648631f,1.2962927562416573f,-0.7241749280433206f,0.024747830627170828f,0.689172125432174f,0.05035754262506535f,0f,0f,0f,1f], start_interpolation: 0, interpolation_duration: 1 }
$data merge entity $(bone_coat_downer) { transformation: [0.6768825531985841f,0.16524369110517462f,0.7173036537794182f,-0.017524322465542783f,-0.0705249286521649f,0.9845524157116101f,-0.16025846359877532f,1.127724355402533f,-0.7327047451831965f,0.057888369007690725f,0.6780801524301213f,-0.09811463003292822f,0f,0f,0f,1f], start_interpolation: 0, interpolation_duration: 1 }
$data merge entity $(bone_body_2) { transformation: [0.6768825531985841f,0.10209775625133086f,0.7289760334495295f,1.1353700474895108e-17f,-0.0705249286521649f,0.994773341951876f,-0.07383923469608246f,1.350545f,-0.7327047451831965f,-0.001430493040852479f,0.6805451565294452f,-0.09270999999999997f,0f,0f,0f,1f], start_interpolation: 0, interpolation_duration: 1 }
$data merge entity $(bone_book_left) { transformation: [-0.26728902372023644f,0.19147585379110232f,0.9444011728146315f,-0.7051435097262583f,0.044000438671720474f,0.9814621857045487f,-0.18653669727092945f,1.5847694124813223f,-0.9626113126259108f,-0.008305145815612959f,-0.27075909099714895f,-0.056571011069134675f,0f,0f,0f,1f], start_interpolation: 0, interpolation_duration: 1 }
$data merge entity $(bone_book_right) { transformation: [-0.2041122310616402f,0.19147585379110232f,0.9600391630272216f,-0.7272525987688566f,0.03154118781625842f,0.9814621857045487f,-0.18904267111736897f,1.588312374086756f,-0.9784392421618111f,-0.008305145815612959f,-0.20636781229349294f,-0.14760780640359755f,0f,0f,0f,1f], start_interpolation: 0, interpolation_duration: 1 }
$data merge entity $(bone_book_loot_1) { transformation: [-0.23583028312104914f,0.19147585379110232f,0.9527439713679716f,-0.8591096499527532f,0.03779159045795887f,0.9814621857045487f,-0.18789298476182692f,1.6147248409983133f,-0.9710591502342706f,-0.008305145815612959f,-0.23869468217636886f,-0.06628520640991077f,0f,0f,0f,1f], start_interpolation: 0, interpolation_duration: 1 }
$data merge entity $(bone_book_left2) { transformation: [0.901765778998783f,0.33594729372167537f,0.271952009861667f,0.6210807634668905f,-0.30013165126278435f,0.9394614825739345f,-0.16532729559954534f,2.1886745970966324f,-0.3110296959085937f,0.06746509172207096f,0.9480026316745858f,0.7900806002629549f,0f,0f,0f,1f], start_interpolation: 0, interpolation_duration: 1 }
$data merge entity $(bone_book_right2) { transformation: [0.7021351201034802f,0.33594729372167537f,0.6278102332380014f,0.5440696439440023f,-0.20204859117711754f,0.9394614825739345f,-0.2767462548316184f,2.212786724407128f,-0.6827756878511517f,0.06746509172207096f,0.727506578305873f,0.8377980529023601f,0f,0f,0f,1f], start_interpolation: 0, interpolation_duration: 1 }
$data merge entity $(bone_book_loot_2) { transformation: [0.8214519415774744f,0.33594729372167537f,0.46082114048693545f,0.513452032632406f,-0.25719602464528735f,0.9394614825739345f,-0.22641185407713485f,2.2346924388634504f,-0.508986161486988f,0.06746509172207096f,0.8581267673331687f,0.6852203114826821f,0f,0f,0f,1f], start_interpolation: 0, interpolation_duration: 1 }
$data merge entity $(bone_air_staff_povit_1) { transformation: [0.000010576289893727879f,7.477539847112397e-7f,0.000011477089398544305f,-0.49215653298342615f,-0.0000011019520101900767f,0.00001558609401894003f,0f,1.5157448441617805f,-0.000011448511643487446f,-8.094209109668552e-7f,0.000010602690410354439f,-0.5731223081720088f,0f,0f,0f,1f], start_interpolation: 0, interpolation_duration: 1 }