# This file was generated by Animated Java via MC-Build. It is not recommended to edit this file directly.
$data merge entity $(bone_wing_right_1) { transformation: [0.3563641033250408f,0.02034730233591513f,-0.7345305014724949f,-0.34548476140898876f,-0.28972153246137045f,0.7541118354957539f,-0.11967128994835971f,1.5108002250418107f,0.6752854980924875f,0.31280308709685106f,0.33628584450301374f,-0.112897613786269f,0f,0f,0f,1f], start_interpolation: 0, interpolation_duration: 1 }
$data merge entity $(bone_wing_right_2) { transformation: [0.33014603429977557f,-0.11517666814252708f,-0.7195400830750971f,-0.34548476140898876f,0.02049140730689486f,0.7910988935622235f,-0.1172290187249238f,1.5108002250418107f,0.728411764225918f,0.029947883401198666f,0.32942286808458493f,-0.112897613786269f,0f,0f,0f,1f], start_interpolation: 0, interpolation_duration: 1 }
$data merge entity $(bone_wing_left_1) { transformation: [-0.33564825633027356f,0.016694539582509285f,-0.744315782994704f,-0.3445095046020683f,-0.05037849994515421f,0.8140806473488474f,0.04097744257273518f,1.4947890587244457f,0.7427965395787511f,0.06275696299737382f,-0.3335555558368398f,-0.04613741033623703f,0f,0f,0f,1f], start_interpolation: 0, interpolation_duration: 1 }
$data merge entity $(bone_wing_left_2) { transformation: [-0.3100283538179571f,-0.11071668575495189f,-0.729125664974404f,-0.3445095046020683f,-0.3507711098717389f,0.7178776463242998f,0.0401411682345161f,1.4947890587244457f,0.6487233989215095f,0.3352513988088976f,-0.3267482995952717f,-0.04613741033623703f,0f,0f,0f,1f], start_interpolation: 0, interpolation_duration: 1 }
$data merge entity $(bone_staff) { transformation: [-0.08269594701252575f,0.0079547424506935f,1.5602898296214858f,-0.0007696050512353344f,1.557374524687164f,-0.09537945497919403f,0.0830277027461375f,1.4817513615306077f,0.0956672368323168f,1.5595658792242202f,-0.0028806520883933283f,0.7607229990564321f,0f,0f,0f,1f], start_interpolation: 0, interpolation_duration: 1 }
$data merge entity $(bone_arm_right_2) { transformation: [0.005091035168443538f,-0.9985854909577508f,0.05292540608801624f,-0.0012550581128900123f,-0.06104285118668687f,-0.05313772975752775f,-0.9967196957997848f,1.4935711639970934f,0.9981221627035007f,0.0018436173365713006f,-0.061227031572685414f,0.5679286986301664f,0f,0f,0f,1f], start_interpolation: 0, interpolation_duration: 1 }
$data merge entity $(bone_arm_right_1) { transformation: [0.01420409122420729f,-0.9985854909577508f,0.05123730126735944f,-0.007849767293043288f,-0.2331940319349895f,-0.05313772975752775f,-0.9709773041354359f,1.5589361137888558f,0.9723264818271676f,0.0018436173365713006f,-0.2336189500291421f,0.23595315544279608f,0f,0f,0f,1f], start_interpolation: 0, interpolation_duration: 1 }
$data merge entity $(bone_arm_left_2) { transformation: [-0.9760377616890867f,-0.02892076942716715f,-0.21567076031001103f,0.25011562409478916f,0.17046359441708964f,0.5144124021629983f,-0.840429677890601f,1.5092131587790096f,0.13524958682141552f,-0.8570551146785335f,-0.49715599128241644f,-0.48901587069636154f,0f,0f,0f,1f], start_interpolation: 0, interpolation_duration: 1 }
$data merge entity $(bone_arm_left_1) { transformation: [-0.7491026018813651f,-0.02892076942716715f,-0.6618223938114437f,0.009117152730833255f,0.5565392120088973f,0.5144124021629983f,-0.6524139682727593f,1.690349332617721f,0.3593179613532903f,-0.8570551146785335f,-0.3692521266726586f,-0.3466404814877322f,0f,0f,0f,1f], start_interpolation: 0, interpolation_duration: 1 }
$data merge entity $(bone_himo_right_2) { transformation: [0.01420409122420729f,-0.5797526947878491f,-0.8146686790829273f,0.25601467845569253f,-0.2331940319349895f,0.7903630709991243f,-0.5665216319530404f,1.3843046265763694f,0.9723264818271676f,0.1980227989072476f,-0.12396847926203772f,0.04398216755675185f,0f,0f,0f,1f], start_interpolation: 0, interpolation_duration: 1 }
$data merge entity $(bone_himo_right_1) { transformation: [0.01420409122420729f,-0.30794437578641326f,-0.9512983260859922f,0.19232949345770262f,-0.2331940319349895f,0.9241389983301938f,-0.3026345241957188f,1.5556892229870576f,0.9723264818271676f,0.22613574062226946f,-0.05868423596520763f,0.08601584244864482f,0f,0f,0f,1f], start_interpolation: 0, interpolation_duration: 1 }
$data merge entity $(bone_himo_left_2) { transformation: [0.01420409122420729f,-0.5436655499977654f,-0.8391817523862883f,0.2037388682562537f,-0.2331940319349895f,0.8143221470006526f,-0.5315072759371694f,1.446836224252332f,0.9723264818271676f,0.20324175419897f,-0.11521285556624293f,-0.26165125886116275f,0f,0f,0f,1f], start_interpolation: 0, interpolation_duration: 1 }
$data merge entity $(bone_himo_left_1) { transformation: [0.01420409122420729f,-0.05123730126735966f,-0.9985854909577508f,0.18789071495013784f,-0.2331940319349895f,0.9709773041354359f,-0.053137729757527966f,1.6285623579667416f,0.9723264818271676f,0.2336189500291421f,0.0018436173365712488f,-0.21783618312234504f,0f,0f,0f,1f], start_interpolation: 0, interpolation_duration: 1 }
$data merge entity $(bone_ponpon1) { transformation: [-0.9680532148588399f,-0.02796295302352345f,-0.2491807505801152f,0.25635884361210715f,-0.06671397647315352f,0.9866660099670885f,0.14845682914155364f,2.282489225329291f,0.24170688559618f,0.16033794944999497f,-0.9570107227307154f,0.009867461177875979f,0f,0f,0f,1f], start_interpolation: 0, interpolation_duration: 1 }
$data merge entity $(bone_ponpon2) { transformation: [-0.9680532148588399f,-0.02796295302352345f,-0.2491807505801152f,0.2727955129303682f,-0.06671397647315352f,0.9866660099670885f,0.14845682914155364f,2.175575575933169f,0.24170688559618f,0.16033794944999497f,-0.9570107227307154f,-0.1089585459692347f,0f,0f,0f,1f], start_interpolation: 0, interpolation_duration: 1 }
$data merge entity $(bone_ponpon3) { transformation: [-0.9680532148588399f,-0.02796295302352345f,-0.2491807505801152f,-0.31237242011746136f,-0.06671397647315352f,0.9866660099670885f,0.14845682914155364f,2.2432947641513135f,0.24170688559618f,0.16033794944999497f,-0.9570107227307154f,0.15187025646563174f,0f,0f,0f,1f], start_interpolation: 0, interpolation_duration: 1 }
$data merge entity $(bone_ponpon4) { transformation: [-0.9680532148588399f,-0.02796295302352345f,-0.2491807505801152f,-0.36853974191361316f,-0.06671397647315352f,0.9866660099670885f,0.14845682914155364f,2.131377566519705f,0.24170688559618f,0.16033794944999497f,-0.9570107227307154f,0.05117226573823455f,0f,0f,0f,1f], start_interpolation: 0, interpolation_duration: 1 }
$data merge entity $(bone_ear_edge_a1) { transformation: [-0.9507424281190345f,0.26349016397195196f,-0.16328431910124364f,0.16518740132795606f,0.06789929838703522f,0.6909810262800675f,0.719676945996947f,2.3344311107029023f,0.30245416289558846f,0.6731405163938494f,-0.6748357759752746f,0.08163245562641974f,0f,0f,0f,1f], start_interpolation: 0, interpolation_duration: 1 }
$data merge entity $(bone_ear_edge_a2) { transformation: [-0.9802561540065963f,0.11151727968274666f,-0.16328431910124364f,0.05340038680930148f,-0.04102990184760716f,0.6930956936490681f,0.719676945996947f,2.3366896715584677f,0.19342807367745865f,0.7121672947961575f,-0.6748357759752746f,0.1110892530230789f,0f,0f,0f,1f], start_interpolation: 0, interpolation_duration: 1 }
$data merge entity $(bone_ear_edge_b1) { transformation: [-0.91525021433528f,0.4016036147208039f,-0.032118247187678806f,0.01998290471897883f,0.05037034378791965f,0.1931588539133566f,0.9798737090164044f,2.3850217908616598f,0.399724747327347f,0.8952118150460611f,-0.19701759458491497f,0.06643047034490221f,0f,0f,0f,1f], start_interpolation: 0, interpolation_duration: 1 }
$data merge entity $(bone_ear_edge_b2) { transformation: [-0.9945570223352412f,0.0991198644129942f,-0.032118247187678806f,0.05034287230976463f,-0.011784324785686917f,0.19927027893737717f,0.9798737090164044f,2.386955666265056f,0.10352516125563202f,0.9749187701603503f,-0.19701759458491497f,0.07109931589927322f,0f,0f,0f,1f], start_interpolation: 0, interpolation_duration: 1 }
$data merge entity $(bone_ear_right_2) { transformation: [-0.9668066120532287f,0.2534825301431037f,-0.032118247187678806f,0.12389352409087989f,0.01953349929137692f,0.19866040567729754f,0.9798737090164044f,2.438359047670847f,0.2547614909981334f,0.9467209990955003f,-0.19701759458491497f,0.1561501156243429f,0f,0f,0f,1f], start_interpolation: 0, interpolation_duration: 1 }
$data merge entity $(bone_ear_right_1) { transformation: [-0.9668066120532287f,0.19652787595097426f,-0.16328431910124364f,0.07967475200191075f,0.01953349929137692f,0.6940342468538141f,0.719676945996947f,2.2822013421287393f,0.2547614909981334f,0.6925989158006656f,-0.6748357759752746f,0.0003153595691933672f,0f,0f,0f,1f], start_interpolation: 0, interpolation_duration: 1 }
$data merge entity $(bone_ear_edge_a3) { transformation: [-0.9517605037945359f,-0.17905556946686196f,-0.2491807505801152f,-0.225444336935472f,-0.22024118615985266f,0.9640821488857348f,0.14845682914155364f,2.3584634016263735f,0.21364869139705225f,0.19617521057147128f,-0.9570107227307154f,0.1242444068803314f,0f,0f,0f,1f], start_interpolation: 0, interpolation_duration: 1 }
$data merge entity $(bone_ear_edge_a4) { transformation: [-0.9680532148588399f,-0.027962953023523446f,-0.2491807505801152f,-0.11422090917798475f,-0.06671397647315355f,0.9866660099670885f,0.14845682914155364f,2.3760908628387725f,0.24170688559618f,0.16033794944999497f,-0.9570107227307154f,0.09801918325725459f,0f,0f,0f,1f], start_interpolation: 0, interpolation_duration: 1 }
$data merge entity $(bone_ear_edge_b3) { transformation: [-0.9325330465832562f,-0.26132560259278426f,-0.2491807505801152f,-0.09247721442104521f,-0.303428397709777f,0.9412182410814788f,0.14845682914155364f,2.3733189320471015f,0.1957378974379482f,0.21404941505410677f,-0.9570107227307154f,0.09192769222440984f,0f,0f,0f,1f], start_interpolation: 0, interpolation_duration: 1 }
$data merge entity $(bone_ear_edge_b4) { transformation: [-0.967645682880022f,0.03963314198984548f,-0.2491807505801152f,-0.12093441099472324f,0.0022748770389923734f,0.9889162729046846f,0.14845682914155364f,2.38124488298347f,0.25230270973200875f,0.14308675424482772f,-0.9570107227307154f,0.10056672515184564f,0f,0f,0f,1f], start_interpolation: 0, interpolation_duration: 1 }
$data merge entity $(bone_ear_left_2) { transformation: [-0.9619323481728627f,-0.11222794250530313f,-0.2491807505801152f,-0.1875898387764924f,-0.15245371859372292f,0.9770969417453834f,0.14845682914155364f,2.4853696599031614f,0.22681274484823183f,0.1807939582863456f,-0.9570107227307154f,0.10142072158266606f,0f,0f,0f,1f], start_interpolation: 0, interpolation_duration: 1 }
$data merge entity $(bone_ear_left_1) { transformation: [-0.9619323481728627f,-0.11222794250530313f,-0.2491807505801152f,-0.16233855171279923f,-0.15245371859372292f,0.9770969417453834f,0.14845682914155364f,2.2655228480104506f,0.22681274484823183f,0.1807939582863456f,-0.9570107227307154f,0.06074208096823837f,0f,0f,0f,1f], start_interpolation: 0, interpolation_duration: 1 }
$data merge entity $(bone_head) { transformation: [-0.9680532148588399f,-0.02796295302352345f,-0.2491807505801152f,-0.01921398797525986f,-0.06671397647315352f,0.9866660099670885f,0.14845682914155364f,1.7635564890507882f,0.24170688559618f,0.16033794944999497f,-0.9570107227307154f,-0.021737893739071715f,0f,0f,0f,1f], start_interpolation: 0, interpolation_duration: 1 }
$data merge entity $(bone_body_1) { transformation: [0.01420409122420729f,-0.05123730126735966f,-0.9985854909577508f,1.3390900425276734e-17f,-0.2331940319349895f,0.9709773041354359f,-0.053137729757527966f,1.3994399999999998f,0.9723264818271676f,0.2336189500291421f,0.0018436173365712488f,-0.109345f,0f,0f,0f,1f], start_interpolation: 0, interpolation_duration: 1 }
$data merge entity $(bone_leg_left_2) { transformation: [0.009911622097258052f,-0.36119890095202617f,-0.9324361177573773f,0.22569435407373067f,-0.19931127530931395f,0.913057345193188f,-0.3558107642038705f,0.797901475039962f,0.9798861032191324f,0.18937169360761386f,-0.0629411342303903f,-0.3394594008538297f,0f,0f,0f,1f], start_interpolation: 0, interpolation_duration: 1 }
$data merge entity $(bone_leg_left_1) { transformation: [0.009911622097258052f,-0.52507357787516f,-0.8509991172526441f,0.025510052508825966f,-0.19931127530931395f,0.8329267539580629f,-0.5162441651732824f,1.1154547999864735f,0.9798861032191324f,0.17473053642183695f,-0.09639742921759432f,-0.2728433838430044f,0f,0f,0f,1f], start_interpolation: 0, interpolation_duration: 1 }
$data merge entity $(bone_leg_right_2) { transformation: [-0.032846086504843774f,0.0537653888269152f,-0.9980132351655497f,0.3069819207434287f,0.14626971377949188f,0.98805927954273f,0.04841519328027899f,1.2108023501540692f,0.9886992998036267f,-0.14438886062917686f,-0.040318128602730104f,-0.017640694301941633f,0f,0f,0f,1f], start_interpolation: 0, interpolation_duration: 1 }
$data merge entity $(bone_leg_right_1) { transformation: [-0.032846086504843774f,-0.9907183096427974f,-0.13190286403196352f,-0.015763904973001064f,0.14626971377949188f,0.12578818299557856f,-0.9812148102477543f,1.1382621198313887f,0.9886992998036267f,-0.051522460705882143f,0.14078043404759405f,-0.01763108428579245f,0f,0f,0f,1f], start_interpolation: 0, interpolation_duration: 1 }
$data merge entity $(bone_skirt_forward_right) { transformation: [-0.09016770762003067f,-0.7653108245484299f,-0.6373139935161876f,0.004336180269618963f,-0.03704937756835226f,0.6420552977059089f,-0.7657625861254742f,1.289452968002095f,0.9952372220352022f,-0.04543497019674466f,-0.08624694405527988f,-0.12383056464074463f,0f,0f,0f,1f], start_interpolation: 0, interpolation_duration: 1 }
$data merge entity $(bone_skirt_forward_left) { transformation: [0.0926547472982253f,-0.718662563461963f,-0.6891583400651714f,0.008838963133926457f,-0.2217696675341685f,0.6598547643586185f,-0.7179205419230016f,1.2521657486175204f,0.9706870311098661f,0.2193531623467331f,-0.09823888132303497f,-0.12874522048256187f,0f,0f,0f,1f], start_interpolation: 0, interpolation_duration: 1 }
$data merge entity $(bone_skirt_forward) { transformation: [0.0012542501227695213f,-0.7003286153097883f,-0.7138194851885905f,0.004336180269618963f,-0.13052619222005157f,0.7075985548341128f,-0.6944546049535628f,1.289452968002095f,0.9914440680145117f,0.09404315910766509f,-0.09052372188485575f,-0.12383056464074463f,0f,0f,0f,1f], start_interpolation: 0, interpolation_duration: 1 }
$data merge entity $(bone_skirt_back_right) { transformation: [0.0026452599990408033f,-0.05394151556948361f,-0.9985405928141353f,0.01078841645240007f,-0.04363024174380442f,0.9975869881637518f,-0.054005583523854164f,1.3133522637199537f,0.9990442455691912f,0.043709426265303025f,0.000285395591029402f,-0.12069232270744057f,0f,0f,0f,1f], start_interpolation: 0, interpolation_duration: 1 }
$data merge entity $(bone_skirt_back_left) { transformation: [-0.0001463053542729673f,-0.05372341793958493f,-0.9985558436860865f,0.01078841645240007f,-0.21642875955963442f,0.9748901969527344f,-0.05241846927312023f,1.3133522637199537f,0.9762984024519457f,0.21610853349728645f,-0.011769924359610587f,-0.12069232270744057f,0f,0f,0f,1f], start_interpolation: 0, interpolation_duration: 1 }
$data merge entity $(bone_skirt_back) { transformation: [0.0012542501227695213f,0.016014810185234624f,-0.9998709680310558f,0.01078841645240007f,-0.13052619222005157f,0.9913203213478035f,0.0157141219106246f,1.3133522637199537f,0.9914440680145117f,0.13048964072913502f,0.00333371582735998f,-0.12069232270744057f,0f,0f,0f,1f], start_interpolation: 0, interpolation_duration: 1 }
$data merge entity $(bone_skirt_right) { transformation: [-0.021234680484905538f,-0.39969153779736843f,-0.9164037117765722f,0.013064988564523438f,0.05094539284930136f,0.9149869946442186f,-0.40025412749823186f,1.3120415049033827f,0.9984756658487649f,-0.055185815615205004f,0.0009329859325143686f,0.07455424994043738f,0f,0f,0f,1f], start_interpolation: 0, interpolation_duration: 1 }
$data merge entity $(bone_skirt_left) { transformation: [0.017336901777565184f,-0.3793520603489398f,-0.9250899665144843f,0.001719304712996448f,-0.2578290015624424f,0.8922417861612303f,-0.3707139071860284f,1.3537879088957765f,0.9660350085737416f,0.24494205301832422f,-0.08233925475190595f,-0.3107794091611846f,0f,0f,0f,1f], start_interpolation: 0, interpolation_duration: 1 }
$data merge entity $(bone_coat_downer) { transformation: [0.0012542501227695213f,-0.20931767682869662f,-0.977846888333581f,0.027558790841462892f,-0.13052619222005157f,0.9694477540264624f,-0.20768718149558904f,1.1785890804081627f,0.9914440680145117f,0.1278951225812968f,-0.02610550935629076f,-0.13057554227513668f,0f,0f,0f,1f], start_interpolation: 0, interpolation_duration: 1 }
$data merge entity $(bone_body_2) { transformation: [0.0012542501227695213f,-0.12329618802742935f,-0.9923691232976439f,1.3390900425276734e-17f,-0.13052619222005157f,0.9838598432005282f,-0.12240393001029853f,1.3994399999999998f,0.9914440680145117f,0.12968368808503522f,-0.0148593756093456f,-0.109345f,0f,0f,0f,1f], start_interpolation: 0, interpolation_duration: 1 }
$data merge entity $(bone_book_left) { transformation: [0.9958639830931271f,-0.0004392172639359791f,0.0908555681622613f,0.6602320211200903f,0.011696105793752562f,0.9922876408904091f,-0.12340356091056547f,1.8227300972213116f,-0.09010065641910502f,0.12395581803344831f,0.9881886595627909f,-0.3250495903456063f,0f,0f,0f,1f], start_interpolation: 0, interpolation_duration: 1 }
$data merge entity $(bone_book_right) { transformation: [0.9958639830931271f,-0.0004392172639359791f,0.0908555681622613f,0.7535942695350709f,0.011696105793752562f,0.9922876408904091f,-0.12340356091056547f,1.823826607139476f,-0.09010065641910502f,0.12395581803344831f,0.9881886595627909f,-0.3334965268848974f,0f,0f,0f,1f], start_interpolation: 0, interpolation_duration: 1 }
$data merge entity $(bone_book_loot_1) { transformation: [0.9958639830931271f,-0.0004392172639359791f,0.0908555681622613f,0.6932848101032414f,0.011696105793752562f,0.9922876408904091f,-0.12340356091056547f,1.8417888863169787f,-0.09010065641910502f,0.12395581803344831f,0.9881886595627909f,-0.47750135754967055f,0f,0f,0f,1f], start_interpolation: 0, interpolation_duration: 1 }
$data merge entity $(bone_book_left2) { transformation: [-0.2711883023492842f,-0.7312375476000975f,-0.6258981975119503f,-0.9384496510406231f,0.007615677906130158f,0.6486156150018105f,-0.7610780416132455f,2.5441081837988264f,0.9624961849892929f,-0.2111621011346923f,-0.17032809787418712f,-0.4693912810456256f,0f,0f,0f,1f], start_interpolation: 0, interpolation_duration: 1 }
$data merge entity $(bone_book_right2) { transformation: [0.018735938086731685f,-0.7312375476000975f,-0.6818655392405494f,-0.9263286298661982f,0.32854762718549424f,0.6486156150018105f,-0.6865524310980221f,2.5279679406643134f,0.9443015520980528f,-0.2111621011346923f,0.2523987831777132f,-0.5609425557349927f,0f,0f,0f,1f], start_interpolation: 0, interpolation_duration: 1 }
$data merge entity $(bone_book_loot_2) { transformation: [-0.12929089252719844f,-0.7312375476000975f,-0.669757802559489f,-0.8319254700694872f,0.1721625934348046f,0.6486156150018105f,-0.7413891187477903f,2.6472464300437384f,0.9765469300199159f,-0.2111621011346923f,0.04203166084107732f,-0.5214716675164708f,0f,0f,0f,1f], start_interpolation: 0, interpolation_duration: 1 }
$data merge entity $(bone_air_staff_povit_1) { transformation: [1.959765816827377e-8f,2.580080644717271e-9f,-0.0000156249874967943f,0.687535933413812f,-0.0000020394717534383057f,0.000015491325958965787f,0f,1.5631992261912224f,0.000015491313562726746f,0.0000020394701214424757f,1.9766765588071115e-8f,-0.08137567010902343f,0f,0f,0f,1f], start_interpolation: 0, interpolation_duration: 1 }