# This file was generated by Animated Java via MC-Build. It is not recommended to edit this file directly.
$data merge entity $(bone_wing_right_1) { transformation: [0.5864791701158265f,0.06145253438318944f,-0.5649869144348199f,-0.31685179418301107f,-0.24277346397755475f,0.761164015557022f,-0.16921829408752795f,1.465169848077702f,0.5138556924400415f,0.2894777571480011f,0.5648888385407987f,-0.11700368208372425f,0f,0f,0f,1f], start_interpolation: 0, interpolation_duration: 1 }
$data merge entity $(bone_wing_right_2) { transformation: [0.553815152619928f,-0.1642394675196529f,-0.5534565692422726f,-0.31685179418301107f,0.06562425174898946f,0.7798817018834238f,-0.1657648595143131f,1.465169848077702f,0.5735697292491567f,0.06935364717356672f,0.553360494897109f,-0.11700368208372425f,0f,0f,0f,1f], start_interpolation: 0, interpolation_duration: 1 }
$data merge entity $(bone_wing_left_1) { transformation: [-0.5698649963513179f,0.05852300728632786f,-0.582042428003424f,-0.3152456808966783f,-0.028001872862049613f,0.8089090131522669f,0.10874993334107257f,1.4389936522419295f,0.5843066194167015f,0.09584211237047387f,-0.5624451159416674f,-0.010842936167436146f,0f,0f,0f,1f], start_interpolation: 0, interpolation_duration: 1 }
$data merge entity $(bone_wing_left_2) { transformation: [-0.5376807102605005f,-0.16066254776384764f,-0.5701640111053949f,-0.3152456808966783f,-0.32858099738781843f,0.7215855948693382f,0.1065305469463568f,1.4389936522419295f,0.4928833350493705f,0.3057805994877582f,-0.5509666441877558f,-0.010842936167436146f,0f,0f,0f,1f], start_interpolation: 0, interpolation_duration: 1 }
$data merge entity $(bone_staff) { transformation: [-0.08184415354812603f,0.008871982446582303f,1.5603297960551346f,-0.0001889178885421442f,1.5567766920396109f,-0.10529223249083242f,0.08225647025798292f,1.4240032086604641f,0.10561304678966851f,1.5589230525284317f,-0.003324250778636297f,0.7760136025793114f,0f,0f,0f,1f], start_interpolation: 0, interpolation_duration: 1 }
$data merge entity $(bone_arm_right_2) { transformation: [0.00567806876581237f,-0.9986110694752861f,0.05238025827080042f,-0.0007877460383334317f,-0.06738702879413544f,-0.052644140965108825f,-0.9963370829053508f,1.4370481815489964f,0.9977107536181962f,0.002127520498326802f,-0.06759234994539051f,0.5832986427057731f,0f,0f,0f,1f], start_interpolation: 0, interpolation_duration: 1 }
$data merge entity $(bone_arm_right_1) { transformation: [0.01468754253715613f,-0.9986110694752861f,0.050598498156015255f,-0.007554769682752353f,-0.23937538719742096f,-0.052644140965108825f,-0.9694988491102662f,1.5045247648174453f,0.9708159970346101f,0.002127520498326802f,-0.2398161244750344f,0.25174933079815964f,0f,0f,0f,1f], start_interpolation: 0, interpolation_duration: 1 }
$data merge entity $(bone_arm_left_2) { transformation: [-0.9659086129538671f,-0.02922302012424155f,-0.25722862693789467f,0.24011167546577836f,0.20511601254402673f,0.5198302909022758f,-0.8292791388058027f,1.4506302085691696f,0.1579492729314544f,-0.8537695729851664f,-0.4961144458944443f,-0.47861081812412376f,0f,0f,0f,1f], start_interpolation: 0, interpolation_duration: 1 }
$data merge entity $(bone_arm_left_1) { transformation: [-0.7200957952428838f,-0.02922302012424155f,-0.6932590141991208f,0.009118241022477382f,0.581441011183508f,0.5198302909022758f,-0.6258616613712291f,1.639629000864625f,0.3786666029469966f,-0.8537695729851664f,-0.3573361443477391f,-0.33000793161128483f,0f,0f,0f,1f], start_interpolation: 0, interpolation_duration: 1 }
$data merge entity $(bone_himo_right_2) { transformation: [0.01468754253715613f,-0.5792276770356366f,-0.8150334804473491f,0.2561018437282977f,-0.23937538719742096f,0.789381359742728f,-0.5653109700817831f,1.3309835240186134f,0.9708159970346101f,0.20340198388074304f,-0.12705877716660877f,0.058508314983985246f,0f,0f,0f,1f], start_interpolation: 0, interpolation_duration: 1 }
$data merge entity $(bone_himo_right_1) { transformation: [0.01468754253715613f,-0.3073339595707357f,-0.9514883674479644f,0.19252992401223498f,-0.23937538719742096f,0.9228386706183026f,-0.3017751017157131f,1.502129680373822f,0.9708159970346101f,0.23219523101480263f,-0.06001395334152246f,0.10166983359087622f,0f,0f,0f,1f], start_interpolation: 0, interpolation_duration: 1 }
$data merge entity $(bone_himo_left_2) { transformation: [0.01468754253715613f,-0.5431251195340925f,-0.8395233055879371f,0.2036686045578471f,-0.23937538719742096f,0.8132885617867124f,-0.5303405879913266f,1.3954824805458732f,0.9708159970346101f,0.20875061628167427f,-0.1180655754388941f,-0.2466889858246229f,0f,0f,0f,1f], start_interpolation: 0, interpolation_duration: 1 }
$data merge entity $(bone_himo_left_1) { transformation: [0.01468754253715613f,-0.05059849815601548f,-0.9986110694752861f,0.18794006696937368f,-0.23937538719742096f,0.9694988491102662f,-0.05264414096510904f,1.5769344888730161f,0.9708159970346101f,0.2398161244750344f,0.0021275204983267487f,-0.20171016548243942f,0f,0f,0f,1f], start_interpolation: 0, interpolation_duration: 1 }
$data merge entity $(bone_ponpon1) { transformation: [-0.9679371737503356f,-0.027361553777928527f,-0.24969776340021663f,0.2568819550994027f,-0.0677598071893737f,0.9856411687061772f,0.15466122681907113f,2.2293664899734926f,0.24188062386613757f,0.16662182307962786f,-0.9558927407778288f,0.03010157306797523f,0f,0f,0f,1f], start_interpolation: 0, interpolation_duration: 1 }
$data merge entity $(bone_ponpon2) { transformation: [-0.9679371737503356f,-0.027361553777928527f,-0.24969776340021663f,0.273190628018511f,-0.0677598071893737f,0.9856411687061772f,0.15466122681907113f,2.12320182666911f,0.24188062386613757f,0.16662182307962786f,-0.9558927407778288f,-0.08941162265987986f,0f,0f,0f,1f], start_interpolation: 0, interpolation_duration: 1 }
$data merge entity $(bone_ponpon3) { transformation: [-0.9679371737503356f,-0.027361553777928527f,-0.24969776340021663f,-0.31178113447891953f,-0.0677598071893737f,0.9856411687061772f,0.15466122681907113f,2.1895576032497353f,0.24188062386613757f,0.16662182307962786f,-0.9558927407778288f,0.17220643958933105f,0f,0f,0f,1f], start_interpolation: 0, interpolation_duration: 1 }
$data merge entity $(bone_ponpon4) { transformation: [-0.9679371737503356f,-0.027361553777928527f,-0.24969776340021663f,-0.36806774959108635f,-0.0677598071893737f,0.9856411687061772f,0.15466122681907113f,2.0783109544061498f,0.24188062386613757f,0.16662182307962786f,-0.9558927407778288f,0.07083429065143626f,0f,0f,0f,1f], start_interpolation: 0, interpolation_duration: 1 }
$data merge entity $(bone_ear_edge_a1) { transformation: [-0.9505202714833639f,0.26425855915313645f,-0.163335934238308f,0.16578141584914144f,0.06645595591403683f,0.6865562792879061f,0.7240332045520417f,2.280897305159644f,0.3034712826986174f,0.6773535925088575f,-0.6701472161343363f,0.10225192030968586f,0f,0f,0f,1f], start_interpolation: 0, interpolation_duration: 1 }
$data merge entity $(bone_ear_edge_a2) { transformation: [-0.9801569359768667f,0.11231096759862835f,-0.163335934238308f,0.054013828057345115f,-0.04176329145101626f,0.6884996341271934f,0.7240332045520417f,2.283025074273997f,0.1937736007396737f,0.7164876135452595f,-0.6701472161343363f,0.1317920547508003f,0f,0f,0f,1f], start_interpolation: 0, interpolation_duration: 1 }
$data merge entity $(bone_ear_edge_b1) { transformation: [-0.9149767533507316f,0.40225615181376223f,-0.031741599766530765f,0.02059329668889394f,0.04829130286802959f,0.18726326907490543f,0.9811220199968443f,2.3316568820582053f,0.4006064039616234f,0.8961709972897827f,-0.19076701161776782f,0.08746210899646999f,0f,0f,0f,1f], start_interpolation: 0, interpolation_duration: 1 }
$data merge entity $(bone_ear_edge_b2) { transformation: [-0.994498590535118f,0.09982496815890046f,-0.031741599766530765f,0.05095712988464998f,-0.011939774293331935f,0.19302078558315028f,0.9811220199968443f,2.333545718743173f,0.10406726292878277f,0.976103453566751f,-0.19076701161776782f,0.0921242495603974f,0f,0f,0f,1f], start_interpolation: 0, interpolation_duration: 1 }
$data merge entity $(bone_ear_right_2) { transformation: [-0.9666385971182384f,0.25416981214445167f,-0.031741599766530765f,0.12458658514315996f,0.018402327475483718f,0.19251217161727008f,0.9811220199968443f,2.3843704379016195f,0.25548224381504386f,0.9478062936980622f,-0.19076701161776782f,0.17745417263577654f,0f,0f,0f,1f], start_interpolation: 0, interpolation_duration: 1 }
$data merge entity $(bone_ear_right_1) { transformation: [-0.9666385971182384f,0.19730989622364004f,-0.163335934238308f,0.08019185849284102f,0.018402327475483718f,0.6895195958416169f,0.7240332045520417f,2.2292285288372558f,0.25548224381504386f,0.6968726797648406f,-0.6701472161343363f,0.020657819688687663f,0f,0f,0f,1f], start_interpolation: 0, interpolation_duration: 1 }
$data merge entity $(bone_ear_edge_a3) { transformation: [-0.9517399709138967f,-0.1784434216152136f,-0.24969776340021663f,-0.22481157931577433f,-0.22111382047009775f,0.9629063211527575f,0.15466122681907113f,2.3048555634016092f,0.2128372762509725f,0.2024088979425508f,-0.9558927407778288f,0.14525887702037232f,0f,0f,0f,1f], start_interpolation: 0, interpolation_duration: 1 }
$data merge entity $(bone_ear_edge_a4) { transformation: [-0.9679371737503356f,-0.027361553777928524f,-0.24969776340021663f,-0.11359545722437224f,-0.06775980718937367f,0.9856411687061774f,0.15466122681907113f,2.3225931609199217f,0.2418806238661376f,0.16662182307962786f,-0.9558927407778288f,0.11907696635234245f,0f,0f,0f,1f], start_interpolation: 0, interpolation_duration: 1 }
$data merge entity $(bone_ear_edge_b3) { transformation: [-0.9325659440371087f,-0.26071399459006106f,-0.24969776340021663f,-0.09185695227290647f,-0.30419523124360515f,0.939970832636561f,0.15466122681907113f,2.319849017299063f,0.19438626831858907f,0.22018866187300432f,-0.9558927407778288f,0.11295445026308641f,0f,0f,0f,1f], start_interpolation: 0, interpolation_duration: 1 }
$data merge entity $(bone_ear_edge_b4) { transformation: [-0.9674879729511406f,0.04022498163856575f,-0.24969776340021663f,-0.12030475648781065f,0.0011601046013250405f,0.9879668815684735f,0.15466122681907113f,2.3277342771783904f,0.2529143656501297f,0.14934320130505854f,-0.9558927407778288f,0.12166138640537814f,0f,0f,0f,1f], start_interpolation: 0, interpolation_duration: 1 }
$data merge entity $(bone_ear_left_2) { transformation: [-0.9618691640337477f,-0.11161871811640414f,-0.24969776340021663f,-0.18690664652093378f,-0.15340624880702974f,0.9759848501620175f,0.15466122681907113f,2.4318851683263665f,0.22643814631809614f,0.18706906216762625f,-0.9558927407778288f,0.1232185146429379f,0f,0f,0f,1f], start_interpolation: 0, interpolation_duration: 1 }
$data merge entity $(bone_ear_left_1) { transformation: [-0.9618691640337477f,-0.11161871811640414f,-0.24969776340021663f,-0.16179243494474288f,-0.15340624880702974f,0.9759848501620175f,0.15466122681907113f,2.2122885770399128f,0.22643814631809614f,0.18706906216762625f,-0.9558927407778288f,0.08112797565522206f,0f,0f,0f,1f], start_interpolation: 0, interpolation_duration: 1 }
$data merge entity $(bone_head) { transformation: [-0.9679371737503356f,-0.027361553777928527f,-0.24969776340021663f,-0.018974436808505794f,-0.0677598071893737f,0.9856411687061772f,0.15466122681907113f,1.7107842906385722f,0.24188062386613757f,0.16662182307962786f,-0.9558927407778288f,-0.004629138507047298f,0f,0f,0f,1f], start_interpolation: 0, interpolation_duration: 1 }
$data merge entity $(bone_body_1) { transformation: [0.01468754253715613f,-0.05059849815601548f,-0.9986110694752861f,1.1580282811381802e-17f,-0.23937538719742096f,0.9694988491102662f,-0.05264414096510904f,1.3472222222222223f,0.9708159970346101f,0.2398161244750344f,0.0021275204983267487f,-0.09456018518518519f,0f,0f,0f,1f], start_interpolation: 0, interpolation_duration: 1 }
$data merge entity $(bone_leg_left_2) { transformation: [0.01095334458527811f,-0.29877884212982075f,-0.9542595180232472f,0.19355950981622422f,-0.1991903145100091f,0.9345387744456599f,-0.2948906537396662f,0.7327367025962437f,0.9798996085557947f,0.19330929246460882f,-0.049277526307968555f,-0.32722727804430596f,0f,0f,0f,1f], start_interpolation: 0, interpolation_duration: 1 }
$data merge entity $(bone_leg_left_1) { transformation: [0.01095334458527811f,-0.46767574752327207f,-0.8838322348845085f,0.015258131072976744f,-0.1991903145100091f,0.8651502830355278f,-0.4602588471381619f,1.0625752480035386f,0.9798996085557947f,0.18109219459185663f,-0.08368019006972517f,-0.2581858788561606f,0f,0f,0f,1f], start_interpolation: 0, interpolation_duration: 1 }
$data merge entity $(bone_leg_right_2) { transformation: [-0.020340982479403434f,0.10791220917096304f,-0.9939523125098179f,0.3029290609397897f,0.142952175468009f,0.9842572672141581f,0.10393414965775526f,1.1411869011318148f,0.9895205505499802f,-0.13997352266753668f,-0.03544704488817669f,-0.003842576506621523f,0f,0f,0f,1f], start_interpolation: 0, interpolation_duration: 1 }
$data merge entity $(bone_leg_right_1) { transformation: [-0.020340982479403434f,-0.9824215948956166f,-0.18556415148008895f,-0.023343569205521286f,0.142952175468009f,0.1808376905098122f,-0.9730685511412035f,1.0866730610541133f,0.9895205505499802f,-0.04631996949297557f,0.13676088792280355f,-0.0026741660291581537f,0f,0f,0f,1f], start_interpolation: 0, interpolation_duration: 1 }
$data merge entity $(bone_skirt_forward_right) { transformation: [-0.07943794060211493f,-0.7151553944023784f,-0.6944367325034536f,0.000737363762552139f,-0.030410633563390882f,0.6980526041380029f,-0.7154004160066066f,1.2371533826949337f,0.9963758361979519f,-0.03571167474834006f,-0.07720018994471935f,-0.10905460168939814f,0f,0f,0f,1f], start_interpolation: 0, interpolation_duration: 1 }
$data merge entity $(bone_skirt_forward_left) { transformation: [0.0885634419719322f,-0.6637711909176938f,-0.7426737661004263f,0.0023444267235230177f,-0.22840841153912986f,0.7122025767690647f,-0.6637748768834778f,1.1996339246042313f,0.9695288104457008f,0.22841912299807796f,-0.0885358117629993f,-0.11400164507100635f,0f,0f,0f,1f], start_interpolation: 0, interpolation_duration: 1 }
$data merge entity $(bone_skirt_forward) { transformation: [0.004602122480705782f,-0.6435542925009904f,-0.7653866297971387f,0.000737363762552139f,-0.13052619222005157f,0.7584599481839567f,-0.6385150116836127f,1.2371533826949337f,0.99143418017194f,0.10284152665309607f,-0.08051016570877126f,-0.10905460168939814f,0f,0f,0f,1f], start_interpolation: 0, interpolation_duration: 1 }
$data merge entity $(bone_skirt_back_right) { transformation: [0.008804811542446247f,-0.021954412974700917f,-0.999720200378405f,0.007967594804188372f,-0.04371822956721921f,0.9987945600130934f,-0.02231912390214308f,1.2608360092926552f,0.9990051009365317f,0.04390251290288042f,0.007834389804094285f,-0.10597025305193017f,0f,0f,0f,1f], start_interpolation: 0, interpolation_duration: 1 }
$data merge entity $(bone_skirt_back_left) { transformation: [0.00036440848804961687f,-0.021154164294374646f,-0.9997761592173822f,0.007967594804188372f,-0.21634077173621963f,0.976097768802076f,-0.020732009651409145f,1.2608360092926552f,0.9763178466519142f,0.2162999007688534f,-0.00422080991676203f,-0.10597025305193017f,0f,0f,0f,1f], start_interpolation: 0, interpolation_duration: 1 }
$data merge entity $(bone_skirt_back) { transformation: [0.004602122480705782f,0.048421382162011445f,-0.9988163946482822f,0.007967594804188372f,-0.13052619222005157f,0.9903107742928315f,0.047407630863255834f,1.2608360092926552f,0.99143418017194f,0.1301535249966478f,0.01087779011289747f,-0.10597025305193017f,0f,0f,0f,1f], start_interpolation: 0, interpolation_duration: 1 }
$data merge entity $(bone_skirt_right) { transformation: [-0.01206898421191873f,-0.3532106363021697f,-0.9354659726698288f,0.01167579783972272f,0.05157533131681244f,0.934068940756158f,-0.35334855187793f,1.2594486377081866f,0.9985961770503898f,-0.05251152556996971f,0.006943692293076811f,0.08925384748469381f,0f,0f,0f,1f], start_interpolation: 0, interpolation_duration: 1 }
$data merge entity $(bone_skirt_left) { transformation: [0.016448234238542647f,-0.3251799585755398f,-0.9455090957422062f,-0.001250127789809291f,-0.25827424751134054f,0.9121624854116241f,-0.31820435773279365f,1.3015438241516586f,0.9659316066176139f,0.24943455002966028f,-0.06898214688320477f,-0.2959920887040078f,0f,0f,0f,1f], start_interpolation: 0, interpolation_duration: 1 }
$data merge entity $(bone_coat_downer) { transformation: [0.004602122480705782f,-0.17750445579787932f,-0.9841092361321334f,0.020381776528290103f,-0.13052619222005157f,0.9755935698518569f,-0.17657887644971665f,1.1256091211860724f,0.99143418017194f,0.129264668937838f,-0.01867917961754241f,-0.11595102895517287f,0f,0f,0f,1f], start_interpolation: 0, interpolation_duration: 1 }
$data merge entity $(bone_body_2) { transformation: [0.004602122480705782f,-0.09105822633358135f,-0.9958349360640321f,1.1580282811381802e-17f,-0.13052619222005157f,0.9872710049093408f,-0.0908783583139272f,1.3472222222222223f,0.99143418017194f,0.1304007756199428f,-0.0073419414673917376f,-0.09456018518518519f,0f,0f,0f,1f], start_interpolation: 0, interpolation_duration: 1 }
$data merge entity $(bone_book_left) { transformation: [-0.9211252573729544f,0.006969917904813183f,-0.38920390603642274f,0.676834838321129f,-0.05025554107911032f,0.9893428885702839f,0.13665661135215015f,1.812425328730107f,0.3860086020031864f,0.14543750919142878f,-0.9109584458688217f,-0.6197934278553942f,0f,0f,0f,1f], start_interpolation: 0, interpolation_duration: 1 }
$data merge entity $(bone_book_right) { transformation: [-0.9211252573729544f,0.006969917904813183f,-0.38920390603642274f,0.5904793454424146f,-0.05025554107911032f,0.9893428885702839f,0.13665661135215015f,1.8077138717539405f,0.3860086020031864f,0.14543750919142878f,-0.9109584458688217f,-0.5836051214175955f,0f,0f,0f,1f], start_interpolation: 0, interpolation_duration: 1 }
$data merge entity $(bone_book_loot_1) { transformation: [-0.9211252573729544f,0.006969917904813183f,-0.38920390603642274f,0.6920376777872352f,-0.05025554107911032f,0.9893428885702839f,0.13665661135215015f,1.7895711085392012f,0.3860086020031864f,0.14543750919142878f,-0.9109584458688217f,-0.4650555077561715f,0f,0f,0f,1f], start_interpolation: 0, interpolation_duration: 1 }
$data merge entity $(bone_book_left2) { transformation: [-0.2679366270825782f,-0.7319464246350795f,-0.6264697880437134f,-0.9396600944665865f,0.007615677906130158f,0.6486156150018105f,-0.7610780416132455f,2.491890406021049f,0.9634064382791104f,-0.2086916755401296f,-0.16821361194211293f,-0.45143548399430433f,0f,0f,0f,1f], start_interpolation: 0, interpolation_duration: 1 }
$data merge entity $(bone_book_right2) { transformation: [0.021924521298822983f,-0.7319464246350795f,-0.6810093588415224f,-0.9278482900809143f,0.32854762718549424f,0.6486156150018105f,-0.6865524310980221f,2.475750162886536f,0.9442329013737017f,-0.2086916755401296f,0.25469984790661787f,-0.5430271666336871f,0f,0f,0f,1f], start_interpolation: 0, interpolation_duration: 1 }
$data merge entity $(bone_book_loot_2) { transformation: [-0.12599258011383724f,-0.7319464246350795f,-0.6696120527739791f,-0.8333123843576535f,0.1721625934348046f,0.6486156150018105f,-0.7413891187477903f,2.595028652265961f,0.9769779481534168f,-0.2086916755401296f,0.0442930398843066f,-0.5038752812966417f,0f,0f,0f,1f], start_interpolation: 0, interpolation_duration: 1 }
$data merge entity $(bone_air_staff_povit_1) { transformation: [7.190816376102785e-8f,9.466889356062784e-9f,-0.000015624831666100934f,0.6876264595803769f,-0.0000020394717534383057f,0.000015491325958965787f,0f,1.510981448413445f,0.00001549115906518656f,0.0000020394497814554394f,7.252865647151292e-8f,-0.0689126661100716f,0f,0f,0f,1f], start_interpolation: 0, interpolation_duration: 1 }