# This file was generated by Animated Java via MC-Build. It is not recommended to edit this file directly.
$data merge entity $(bone_wing_right_1) { transformation: [0.42717335979772453f,0.03400822427381656f,-0.6952055852805774f,-0.3372038840382718f,-0.2651728976399551f,0.762127648185653f,-0.12565518959708544f,1.4460289628431227f,0.6435454136895064f,0.2914606885965781f,0.40968818870752777f,-0.16185869380313211f,0f,0f,0f,1f], start_interpolation: 0, interpolation_duration: 1 }
$data merge entity $(bone_wing_right_2) { transformation: [0.3993512894154547f,-0.12935771284769443f,-0.6810177161932187f,-0.3372038840382718f,0.04571344809967763f,0.7891507689391761f,-0.12309079797265514f,1.4460289628431227f,0.6916854981167755f,0.022531001076746743f,0.40132720526451704f,-0.16185869380313211f,0f,0f,0f,1f], start_interpolation: 0, interpolation_duration: 1 }
$data merge entity $(bone_wing_left_1) { transformation: [-0.3992836952721969f,0.029090523935058284f,-0.711808061594843f,-0.3356469763727981f,-0.031609734804185705f,0.8144584336912385f,0.051016947177066896f,1.4294614220249526f,0.7117006391734046f,0.05249424397819623f,-0.39707807669747913f,-0.08620367951015147f,0f,0f,0f,1f], start_interpolation: 0, interpolation_duration: 1 }
$data merge entity $(bone_wing_left_2) { transformation: [-0.3722669341481371f,-0.12335325584380491f,-0.6972813664602544f,-0.3356469763727981f,-0.33392653316312315f,0.7252554662767546f,0.04997578498977982f,1.4294614220249526f,0.6244280584579813f,0.31430635200138723f,-0.38897444247916324f,-0.08620367951015147f,0f,0f,0f,1f], start_interpolation: 0, interpolation_duration: 1 }
$data merge entity $(bone_staff) { transformation: [-0.0833957318475046f,0.009539960245485809f,1.5602436960514006f,0.002934523419953475f,1.558056507910689f,0.08376064088838021f,0.08276667925631118f,1.46373334392926f,-0.08313434949988102f,1.5602241487031543f,-0.013983409339258185f,0.7218178266132665f,0f,0f,0f,1f], start_interpolation: 0, interpolation_duration: 1 }
$data merge entity $(bone_arm_right_2) { transformation: [0.006105574557110617f,-0.9985559654728964f,0.0533732683824027f,0.002253089889015264f,0.05360681016856064f,-0.05297067472403896f,-0.9971561650628411f,1.4534077655170714f,0.9985434551700189f,0.008949381977124781f,0.05320598367992119f,0.5289383208313622f,0f,0f,0f,1f], start_interpolation: 0, interpolation_duration: 1 }
$data merge entity $(bone_arm_right_1) { transformation: [0.017660595653530255f,-0.9985559654728964f,0.05073546274209917f,-0.005756222578560696f,-0.1663528893330054f,-0.05297067472403896f,-0.9846424852858224f,1.4996438760965032f,0.9859081192341015f,0.008949381977124781f,-0.16704816368492104f,0.188290354567431f,0f,0f,0f,1f], start_interpolation: 0, interpolation_duration: 1 }
$data merge entity $(bone_arm_left_2) { transformation: [-0.9682603590191329f,-0.03414953630659552f,-0.2475998512159991f,0.2408820304583731f,0.19843508845914132f,0.4972922886140372f,-0.8445850432924005f,1.429277245906638f,0.15197168427162053f,-0.8669107156190063f,-0.47473194365303595f,-0.5404133530598056f,0f,0f,0f,1f], start_interpolation: 0, interpolation_duration: 1 }
$data merge entity $(bone_arm_left_1) { transformation: [-0.7268208017989222f,-0.03414953630659552f,-0.6859776463139429f,0.0076783834879701005f,0.5830181930586391f,0.4972922886140372f,-0.6424874833392886f,1.6194805104727705f,0.3630720433123593f,-0.8669107156190063f,-0.34153257898761386f,-0.39688598524066976f,0f,0f,0f,1f], start_interpolation: 0, interpolation_duration: 1 }
$data merge entity $(bone_himo_right_2) { transformation: [0.04968328465152585f,-0.5753123988732114f,-0.8164234286992177f,0.25693952804791076f,-0.3027576027047492f,0.7702963072042041f,-0.5612320670738973f,1.3212095474363759f,0.951771719074857f,0.27506225260896355f,-0.13590935199232632f,-0.0017769892996321104f,0f,0f,0f,1f], start_interpolation: 0, interpolation_duration: 1 }
$data merge entity $(bone_himo_right_1) { transformation: [0.020098605791259626f,-0.3065677015439322f,-0.9516366378063206f,0.19351035502213398f,-0.21387554266661568f,0.9284771067959663f,-0.30362396875881237f,1.493401355155877f,0.9766541344274892f,0.20963422078912153f,-0.046906238176064194f,0.037236263109727774f,0f,0f,0f,1f], start_interpolation: 0, interpolation_duration: 1 }
$data merge entity $(bone_himo_left_2) { transformation: [0.02574645223567525f,-0.540110910770406f,-0.8411999312078187f,0.20257683869135062f,-0.3256691705369855f,0.7910415883326477f,-0.5178733405862033f,1.3803177171603165f,0.9451331713356734f,0.2872862850797519f,-0.15553095783813475f,-0.3188470127254499f,0f,0f,0f,1f], start_interpolation: 0, interpolation_duration: 1 }
$data merge entity $(bone_himo_left_1) { transformation: [0.02296137602758f,-0.04856705703882518f,-0.9985559654728962f,0.18722954071236533f,-0.27022954221766055f,0.9613376629114837f,-0.05297067472403895f,1.5602374622391944f,0.9625220879147415f,0.2710556010092281f,0.00894938197712479f,-0.2679681538988626f,0f,0f,0f,1f], start_interpolation: 0, interpolation_duration: 1 }
$data merge entity $(bone_ponpon1) { transformation: [-0.966570065464448f,-0.032916090084669294f,-0.2542810247769012f,0.25404323030563875f,-0.06179312847473346f,0.9923989278231568f,0.10642357506095021f,2.220444133817037f,0.24884516837053158f,0.11857866194634917f,-0.9612570848163644f,-0.06500245710340449f,0f,0f,0f,1f], start_interpolation: 0, interpolation_duration: 1 }
$data merge entity $(bone_ponpon2) { transformation: [-0.966570065464448f,-0.032916090084669294f,-0.2542810247769012f,0.2705652729483047f,-0.06179312847473346f,0.9923989278231568f,0.10642357506095021f,2.1086887203189093f,0.24884516837053158f,0.11857866194634917f,-0.9612570848163644f,-0.17927433536212722f,0f,0f,0f,1f], start_interpolation: 0, interpolation_duration: 1 }
$data merge entity $(bone_ponpon3) { transformation: [-0.966570065464448f,-0.032916090084669294f,-0.2542810247769012f,-0.3138166831547245f,-0.06179312847473346f,0.9923989278231568f,0.10642357506095021f,2.1841406708381315f,0.24884516837053158f,0.11857866194634917f,-0.9612570848163644f,0.08119407931428281f,0f,0f,0f,1f], start_interpolation: 0, interpolation_duration: 1 }
$data merge entity $(bone_ponpon4) { transformation: [-0.966570065464448f,-0.032916090084669294f,-0.2542810247769012f,-0.3697873954218921f,-0.06179312847473346f,0.9923989278231568f,0.10642357506095021f,2.0677507727043984f,0.24884516837053158f,0.11857866194634917f,-0.9612570848163644f,-0.01441441131665007f,0f,0f,0f,1f], start_interpolation: 0, interpolation_duration: 1 }
$data merge entity $(bone_ear_edge_a1) { transformation: [-0.9511058463924077f,0.2433007227228647f,-0.19026935454958033f,0.16140957833347666f,0.08019887101358275f,0.7894354308274824f,0.6085719691559692f,2.2849802307183142f,0.29827136980663926f,0.5635569703914227f,-0.77034909688849f,-0.0016041368452414662f,0f,0f,0f,1f], start_interpolation: 0, interpolation_duration: 1 }
$data merge entity $(bone_ear_edge_a2) { transformation: [-0.977456773556704f,0.09151955281471169f,-0.19026935454958033f,0.049743485737559635f,-0.04428341947629236f,0.7922620381648441f,0.6085719691559692f,2.2878633723170045f,0.20643942110848273f,0.6032785710892459f,-0.77034909688849f,0.028254059414445615f,0f,0f,0f,1f], start_interpolation: 0, interpolation_duration: 1 }
$data merge entity $(bone_ear_edge_b1) { transformation: [-0.9150378109578196f,0.39625937754109875f,-0.07539436469831973f,0.015165588645884853f,0.0837734128402765f,0.3695269096101195f,0.9254360476959427f,2.324131001467328f,0.3945729588030773f,0.8404929320254487f,-0.3713270948862333f,-0.01985489134758102f,0f,0f,0f,1f], start_interpolation: 0, interpolation_duration: 1 }
$data merge entity $(bone_ear_edge_b2) { transformation: [-0.9927035546085251f,0.09410282907190673f,-0.07539436469831973f,0.045430577626716706f,-0.034516844774352955f,0.37732838357554827f,0.9254360476959427f,2.328155727618887f,0.11553458397563468f,0.9212860296937794f,-0.3713270948862333f,-0.015969322355132584f,0f,0f,0f,1f], start_interpolation: 0, interpolation_duration: 1 }
$data merge entity $(bone_ear_right_2) { transformation: [-0.9657608008295527f,0.24823731660005963f,-0.07539436469831973f,0.1170044990232072f,0.024935278691375302f,0.37808246918033145f,0.9254360476959427f,2.3972205716143704f,0.2582330487324288f,0.8918698790438577f,-0.3713270948862333f,0.05746681065211755f,0f,0f,0f,1f], start_interpolation: 0, interpolation_duration: 1 }
$data merge entity $(bone_ear_right_1) { transformation: [-0.9657608008295527f,0.17636226438880734f,-0.19026935454958033f,0.07732298953572561f,0.024935278691375302f,0.7931067962350401f,0.6085719691559692f,2.2187715424614867f,0.2582330487324288f,0.5829905329123646f,-0.77034909688849f,-0.07370605925316427f,0f,0f,0f,1f], start_interpolation: 0, interpolation_duration: 1 }
$data merge entity $(bone_ear_edge_a3) { transformation: [-0.9495207730839029f,-0.18371570950943894f,-0.2542810247769012f,-0.227675136103546f,-0.21627774790390586f,0.9705142752339403f,0.10642357506095021f,2.2985171890087033f,0.22723168186624446f,0.1560467226396717f,-0.9612570848163644f,0.04831338236800918f,0f,0f,0f,1f], start_interpolation: 0, interpolation_duration: 1 }
$data merge entity $(bone_ear_edge_a4) { transformation: [-0.966570065464448f,-0.032916090084669294f,-0.2542810247769012f,-0.11667245958480454f,-0.061793128474733464f,0.9923989278231569f,0.10642357506095021f,2.3156356150930573f,0.24884516837053156f,0.11857866194634917f,-0.9612570848163644f,0.020845111234387273f,0f,0f,0f,1f], start_interpolation: 0, interpolation_duration: 1 }
$data merge entity $(bone_ear_edge_b3) { transformation: [-0.9298956807574514f,-0.2657728040019245f,-0.2542810247769012f,-0.09494049717640982f,-0.3000406382823134f,0.9479713276520488f,0.10642357506095021f,2.3127290054673986f,0.2127666286986246f,0.17525746375708623f,-0.9612570848163644f,0.014774563041336862f,0f,0f,0f,1f], start_interpolation: 0, interpolation_duration: 1 }
$data merge entity $(bone_ear_edge_b4) { transformation: [-0.9665116597383687f,0.034588611249848286f,-0.2542810247769012f,-0.12340406030147738f,0.007583646232913327f,0.9942919646567904f,0.10642357506095021f,2.320855525540926f,0.2565106233659694f,0.10093124883179916f,-0.9612570848163644f,0.0232037308958671f,0f,0f,0f,1f], start_interpolation: 0, interpolation_duration: 1 }
$data merge entity $(bone_ear_left_2) { transformation: [-0.9600231482701963f,-0.11703296639746438f,-0.2542810247769012f,-0.19065194426981583f,-0.1480512526214384f,0.9832369242804447f,0.10642357506095021f,2.4245515683059033f,0.23756342602051375f,0.1398157198162662f,-0.9612570848163644f,0.019963769798128465f,0f,0f,0f,1f], start_interpolation: 0, interpolation_duration: 1 }
$data merge entity $(bone_ear_left_1) { transformation: [-0.9600231482701963f,-0.11703296639746438f,-0.2542810247769012f,-0.1643195268303864f,-0.1480512526214384f,0.9832369242804447f,0.10642357506095021f,2.2033232603428035f,0.23756342602051375f,0.1398157198162662f,-0.9612570848163644f,-0.011494767160531383f,0f,0f,0f,1f], start_interpolation: 0, interpolation_duration: 1 }
$data merge entity $(bone_head) { transformation: [-0.966570065464448f,-0.032916090084669294f,-0.2542810247769012f,-0.018682490454659213f,-0.06179312847473346f,0.9923989278231568f,0.10642357506095021f,1.6991172141721222f,0.24884516837053158f,0.11857866194634917f,-0.9612570848163644f,-0.07333269355384041f,0f,0f,0f,1f], start_interpolation: 0, interpolation_duration: 1 }
$data merge entity $(bone_body_1) { transformation: [0.020098605791259626f,-0.04981997454575794f,-0.9985559654728962f,1.8837449028551305e-17f,-0.21387554266661568f,0.9754236822367707f,-0.05297067472403895f,1.3333333333333333f,0.9766541344274892f,0.21463133570827753f,0.00894938197712479f,-0.15381944444444448f,0f,0f,0f,1f], start_interpolation: 0, interpolation_duration: 1 }
$data merge entity $(bone_leg_left_2) { transformation: [0.018184880860597316f,-0.36708655237728305f,-0.9300090177906054f,0.2270571196923928f,-0.19881922248989353f,0.9102593789306322f,-0.36317871611278885f,0.7334143740778379f,0.9798674537286153f,0.19150803150933346f,-0.056430904572052104f,-0.38539301516110763f,0f,0f,0f,1f], start_interpolation: 0, interpolation_duration: 1 }
$data merge entity $(bone_leg_left_1) { transformation: [0.018184880860597316f,-0.530420336195203f,-0.847539720047771f,0.024834366517971662f,-0.19881922248989353f,0.828832937311284f,-0.5229788511942555f,1.049406931427765f,0.9798674537286153f,0.17801749627077942f,-0.09038553061681354f,-0.317523844707873f,0f,0f,0f,1f], start_interpolation: 0, interpolation_duration: 1 }
$data merge entity $(bone_leg_right_2) { transformation: [-0.026572397500784786f,0.07152004659314833f,-0.997085147129559f,0.3095945867432259f,0.15705084298295371f,0.9853495492807584f,0.06649284510794778f,1.138659850191801f,0.9872329716988812f,-0.15482618857131317f,-0.03741538350834151f,-0.0638508547704752f,0f,0f,0f,1f], start_interpolation: 0, interpolation_duration: 1 }
$data merge entity $(bone_leg_right_1) { transformation: [-0.026572397500784786f,-0.9884000681991918f,-0.14952997316556116f,-0.014436218888730633f,0.15705084298295371f,0.14359750446975328f,-0.9770950769645719f,1.072120260012998f,0.9872329716988812f,-0.04944756711803234f,0.15141333394620102f,-0.06198723857013362f,0f,0f,0f,1f], start_interpolation: 0, interpolation_duration: 1 }
$data merge entity $(bone_skirt_forward_right) { transformation: [-0.0738409865942518f,-0.7108626406624212f,-0.6994439325701793f,0.0044676148821686966f,-0.02987396175194902f,0.7026205756404287f,-0.7109373200894407f,1.223356410429723f,0.9968224792349091f,-0.0316011518328433f,-0.07311847984474901f,-0.1683417753839996f,0f,0f,0f,1f], start_interpolation: 0, interpolation_duration: 1 }
$data merge entity $(bone_skirt_forward_left) { transformation: [0.09272925982586301f,-0.6578550991570771f,-0.7474141776051485f,0.005805431793617924f,-0.22894508335057173f,0.7164480910893327f,-0.6590040072594787f,1.185827289763791f,0.9690126073389073f,0.23222575500465878f,-0.08417698931874931f,-0.17329566001662364f,0f,0f,0f,1f], start_interpolation: 0, interpolation_duration: 1 }
$data merge entity $(bone_skirt_forward) { transformation: [0.009525629698376975f,-0.6380721125277954f,-0.7699176849463625f,0.0044676148821686966f,-0.13052619222005157f,0.7625715506318171f,-0.6335988820314633f,1.223356410429723f,0.9913991000214715f,0.10652985206646336f,-0.07602114900022157f,-0.1683417753839996f,0f,0f,0f,1f], start_interpolation: 0, interpolation_duration: 1 }
$data merge entity $(bone_skirt_back_right) { transformation: [0.01078170074801463f,-0.055838539686651714f,-0.9983815965925268f,0.010890957956963513f,-0.04362734884345859f,0.9974626109430013f,-0.056258281200745316f,1.2472701923769154f,0.9989896943221543f,0.04416330214593542f,0.008318255928701921f,-0.1652550381542349f,0f,0f,0f,1f], start_interpolation: 0, interpolation_duration: 1 }
$data merge entity $(bone_skirt_back_left) { transformation: [0.0081970628550022f,-0.05418215773954765f,-0.9984974221014485f,0.010890957956963513f,-0.21643165245998025f,0.9747658197319838f,-0.05467116695001138f,1.2472701923769154f,0.9762633599464816f,0.21655459003429245f,-0.0037365172401667875f,-0.1652550381542349f,0f,0f,0f,1f], start_interpolation: 0, interpolation_duration: 1 }
$data merge entity $(bone_skirt_back) { transformation: [0.009525629698376975f,0.014827697014158467f,-0.9998446888292732f,0.010890957956963513f,-0.13052619222005157f,0.9913535136568199f,0.013458235575720526f,1.2472701923769154f,0.9913991000214715f,0.13037772187583951f,0.011378669301930502f,-0.1652550381542349f,0f,0f,0f,1f], start_interpolation: 0, interpolation_duration: 1 }
$data merge entity $(bone_skirt_right) { transformation: [-0.013316385810292512f,-0.36858776487659856f,-0.9294975704391191f,0.014741320979387f,0.05090247199339906f,0.9281248122621367f,-0.3687726551797659f,1.2459639504451918f,0.9986148467822381f,-0.05222444299986944f,0.0064027602985526925f,0.02996687003388665f,0f,0f,0f,1f], start_interpolation: 0, interpolation_duration: 1 }
$data merge entity $(bone_skirt_left) { transformation: [0.02569048257867554f,-0.3340108259950135f,-0.942219065410483f,0.00020153776152967255f,-0.2577923120317037f,0.9084380078000404f,-0.32906459828070617f,1.2876858798069735f,0.9658587489701709f,0.25135065964190884f,-0.06276721226367997f,-0.35526214099631626f,0f,0f,0f,1f], start_interpolation: 0, interpolation_duration: 1 }
$data merge entity $(bone_coat_downer) { transformation: [0.009525629698376975f,-0.21046845283195717f,-0.9775542403065786f,0.027885258050693248f,-0.13052619222005157f,0.9689726316092326f,-0.209892716254787f,1.1125452196571899f,0.9913991000214715f,0.12959579296721255f,-0.018241571254029497f,-0.1752757443415987f,0f,0f,0f,1f], start_interpolation: 0, interpolation_duration: 1 }
$data merge entity $(bone_body_2) { transformation: [0.009525629698376975f,-0.12446809093672578f,-0.9921778856220373f,1.8837449028551305e-17f,-0.13052619222005157f,0.983578753787633f,-0.12464248169103832f,1.3333333333333333f,0.9913991000214715f,0.13069249954046194f,-0.006877138975097834f,-0.15381944444444448f,0f,0f,0f,1f], start_interpolation: 0, interpolation_duration: 1 }
$data merge entity $(bone_book_left) { transformation: [0.3784413173639973f,-0.029049043227489555f,0.9251693479571027f,0.8112356423822356f,0.12034231300530981f,0.9925681504357851f,-0.0180608538285644f,1.7755940861653523f,-0.9177689780180714f,0.11817199257037246f,0.37912462747705206f,-0.4267701455329971f,0f,0f,0f,1f], start_interpolation: 0, interpolation_duration: 1 }
$data merge entity $(bone_book_right) { transformation: [0.3784413173639973f,-0.029049043227489555f,0.9251693479571027f,0.8467145158851104f,0.12034231300530981f,0.9925681504357851f,-0.0180608538285644f,1.7868761780096f,-0.9177689780180714f,0.11817199257037246f,0.37912462747705206f,-0.5128109872221913f,0f,0f,0f,1f], start_interpolation: 0, interpolation_duration: 1 }
$data merge entity $(bone_book_loot_1) { transformation: [0.3784413173639973f,-0.029049043227489555f,0.9251693479571027f,0.6901996769401075f,0.12034231300530981f,0.9925681504357851f,-0.0180608538285644f,1.7839442601617608f,-0.9177689780180714f,0.11817199257037246f,0.37912462747705206f,-0.526659260499152f,0f,0f,0f,1f], start_interpolation: 0, interpolation_duration: 1 }
$data merge entity $(bone_book_left2) { transformation: [-0.29917784310514917f,-0.7329737831787053f,-0.6109353905018493f,-0.9416192373704173f,-0.03664995913266622f,0.6486156150018105f,-0.760233230312512f,2.480720812803411f,0.9534932609570582f,-0.2050541810071651f,-0.22091487989937686f,-0.5266780419428505f,0f,0f,0f,1f], start_interpolation: 0, interpolation_duration: 1 }
$data merge entity $(bone_book_right2) { transformation: [0.06609152182048672f,-0.7329737831787053f,-0.6770386576231437f,-0.9302624323412512f,0.3679112502442118f,0.6486156150018105f,-0.6662875474744848f,2.464580569668898f,0.9275091496514701f,-0.2050541810071651f,0.31253729403750785f,-0.6183272537839151f,0f,0f,0f,1f], start_interpolation: 0, interpolation_duration: 1 }
$data merge entity $(bone_book_loot_2) { transformation: [-0.12113925364443816f,-0.7329737831787053f,-0.6693838318925583f,-0.8355332600719505f,0.1721625934348046f,0.6486156150018105f,-0.7413891187477903f,2.583859059048323f,0.9775915929713547f,-0.2050541810071651f,0.04761785592831847f,-0.5796453262526305f,0f,0f,0f,1f], start_interpolation: 0, interpolation_duration: 1 }
$data merge entity $(bone_air_staff_povit_1) { transformation: [1.4883796403714025e-7f,1.9594889701312515e-8f,-0.00001562427880898056f,0.6877453485596146f,-0.0000020394717534383057f,0.000015491325958965787f,0f,1.4970925595245559f,0.000015490610937835494f,0.000002039377619120675f,1.5012228096164692e-7f,-0.13158706525628003f,0f,0f,0f,1f], start_interpolation: 0, interpolation_duration: 1 }