# This file was generated by Animated Java via MC-Build. It is not recommended to edit this file directly.
$data merge entity $(bone_wing_right_1) { transformation: [0.5345516428880784f,0.05307799405974912f,-0.6151273949977307f,-0.32361909822968116f,-0.25412035152888f,0.7604441404455314f,-0.15521598063775416f,1.4285012119370353f,0.5626915962309543f,0.29300491506644466f,0.5142671793167545f,-0.1252587739084253f,0f,0f,0f,1f], start_interpolation: 0, interpolation_duration: 1 }
$data merge entity $(bone_wing_right_2) { transformation: [0.5036800563765718f,-0.15235237727828543f,-0.6025737746916546f,-0.32361909822968116f,0.05508517441519424f,0.7834838452238301f,-0.15204830756351428f,1.4285012119370353f,0.6190896739311208f,0.054238523310801756f,0.5037719307592697f,-0.1252587739084253f,0f,0f,0f,1f], start_interpolation: 0, interpolation_duration: 1 }
$data merge entity $(bone_wing_left_1) { transformation: [-0.5120197499791016f,0.04910501341346277f,-0.6343255613117342f,-0.32184918121550105f,-0.03304446554376652f,0.8110790456056498f,0.08946110619034045f,1.4059439462131116f,0.6353646853364686f,0.08175526821885046f,-0.5065296014945214f,-0.03114949488523852f,0f,0f,0f,1f], start_interpolation: 0, interpolation_duration: 1 }
$data merge entity $(bone_wing_left_2) { transformation: [-0.4817987679934394f,-0.14750141243199405f,-0.6213801416931275f,-0.32184918121550105f,-0.3339581568689942f,0.7216591934585044f,0.0876353693293131f,1.4059439462131116f,0.5443729389129005f,0.31217197476293046f,-0.49619226268851085f,-0.03114949488523852f,0f,0f,0f,1f], start_interpolation: 0, interpolation_duration: 1 }
$data merge entity $(bone_staff) { transformation: [-0.08137001977784784f,0.01466482628611668f,1.5603109025932465f,0.003053138083769103f,1.5574375074151383f,-0.09514142136579978f,0.0821143741193712f,1.3949471802395355f,0.09577880964949065f,1.5595317575511227f,-0.009662650342078648f,0.7606751228833958f,0f,0f,0f,1f], start_interpolation: 0, interpolation_duration: 1 }
$data merge entity $(bone_arm_right_2) { transformation: [0.009385488823114371f,-0.9985989776596778f,0.05207681265782237f,0.0017381933063555736f,-0.06089050967411455f,-0.052553199436397316f,-0.9967600047456884f,1.4067372655570083f,0.9981003248327184f,0.006184096218929905f,-0.06129843817567668f,0.5678828759430323f,0f,0f,0f,1f], start_interpolation: 0, interpolation_duration: 1 }
$data merge entity $(bone_arm_right_1) { transformation: [0.018285945775545445f,-0.9985989776596778f,0.049655875826940615f,-0.006258471260529492f,-0.23305100440730248f,-0.052553199436397316f,-0.9710434545239186f,1.4720544059239327f,0.9722925760962291f,0.006184096218929905f,-0.23368547969891867f,0.235928733545182f,0f,0f,0f,1f], start_interpolation: 0, interpolation_duration: 1 }
$data merge entity $(bone_arm_left_2) { transformation: [-0.9602770756698368f,-0.032371426287225835f,-0.2771642630338877f,0.23416540322674456f,0.22178194804371865f,0.5142630916381503f,-0.8284601620480644f,1.4096307832659996f,0.16935378786705851f,-0.8570213319042312f,-0.48665565978027764f,-0.49706435966252516f,0f,0f,0f,1f], start_interpolation: 0, interpolation_duration: 1 }
$data merge entity $(bone_arm_left_1) { transformation: [-0.705505353587713f,-0.032371426287225835f,-0.7079648909509619f,0.008257603132061336f,0.5956203189985428f,0.5142630916381503f,-0.6170655622985664f,1.6033670217792895f,0.3840555059560411f,-0.8570213319042312f,-0.3435342850516485f,-0.34675380158990543f,0f,0f,0f,1f], start_interpolation: 0, interpolation_duration: 1 }
$data merge entity $(bone_himo_right_2) { transformation: [0.018285945775545445f,-0.5784261804988723f,-0.8155297529217315f,0.25666856320466547f,-0.23305100440730248f,0.7907329295835182f,-0.5660641866582045f,1.2972387029461905f,0.9722925760962291f,0.2004110470651589f,-0.12034350286743939f,0.042842465814894884f,0f,0f,0f,1f], start_interpolation: 0, interpolation_duration: 1 }
$data merge entity $(bone_himo_right_1) { transformation: [0.018285945775545445f,-0.30642032672647646f,-0.951720656262085f,0.19326649784181313f,-0.23305100440730248f,0.9243541822783967f,-0.3020870322426701f,1.4686670681718732f,0.9722925760962291f,0.22732340194814085f,-0.05450887445987771f,0.08512492321479706f,0f,0f,0f,1f], start_interpolation: 0, interpolation_duration: 1 }
$data merge entity $(bone_himo_left_2) { transformation: [0.018285945775545445f,-0.5423027387431352f,-0.8399841449329798f,0.20310386011487955f,-0.23305100440730248f,0.8146717000781141f,-0.5310341330240296f,1.3597533168223979f,0.9722925760962291f,0.2054696100242812f,-0.11148715542441878f,-0.2625711848601901f,0f,0f,0f,1f], start_interpolation: 0, interpolation_duration: 1 }
$data merge entity $(bone_himo_left_1) { transformation: [0.018285945775545445f,-0.04965587582694084f,-0.9985989776596778f,0.18755213978695517f,-0.23305100440730248f,0.9710434545239186f,-0.05255319943639753f,1.5414955070491552f,0.9722925760962291f,0.23368547969891867f,0.006184096218929853f,-0.21871650681527452f,0f,0f,0f,1f], start_interpolation: 0, interpolation_duration: 1 }
$data merge entity $(bone_ponpon1) { transformation: [-0.9670343238565708f,-0.026690498934567916f,-0.2532434278513255f,0.25738960628721713f,-0.06610998393157724f,0.9867071379569935f,0.14845367603830228f,2.195417627459876f,0.24591479521946666f,0.16030171917775063f,-0.9559441784543833f,0.008584550901232505f,0f,0f,0f,1f], start_interpolation: 0, interpolation_duration: 1 }
$data merge entity $(bone_ponpon2) { transformation: [-0.9670343238565708f,-0.026690498934567916f,-0.2532434278513255f,0.27324813443759777f,-0.06610998393157724f,0.9867071379569935f,0.14845367603830228f,2.0884758917412767f,0.24591479521946666f,0.16030171917775063f,-0.9559441784543833f,-0.11029473554681474f,0f,0f,0f,1f], start_interpolation: 0, interpolation_duration: 1 }
$data merge entity $(bone_ponpon3) { transformation: [-0.9670343238565708f,-0.026690498934567916f,-0.2532434278513255f,-0.3107430589785182f,-0.06610998393157724f,0.9867071379569935f,0.14845367603830228f,2.1565780119000744f,0.24591479521946666f,0.16030171917775063f,-0.9559441784543833f,0.15305949309266917f,0f,0f,0f,1f], start_interpolation: 0, interpolation_duration: 1 }
$data merge entity $(bone_ponpon4) { transformation: [-0.9670343238565708f,-0.026690498934567916f,-0.2532434278513255f,-0.3674121051173804f,-0.06610998393157724f,0.9867071379569935f,0.14845367603830228f,2.044678027386607f,0.24591479521946666f,0.16030171917775063f,-0.9559441784543833f,0.052623816286081926f,0f,0f,0f,1f], start_interpolation: 0, interpolation_duration: 1 }
$data merge entity $(bone_ear_edge_a1) { transformation: [-0.9493814963604653f,0.26681173527767f,-0.1657898437374349f,0.16656073099115531f,0.06850259073135678f,0.6909314831561755f,0.7196673402668069f,2.2474240109076318f,0.3065651145049884f,0.671881822571296f,-0.6742348604654148f,0.08073617781064146f,0f,0f,0f,1f], start_interpolation: 0, interpolation_duration: 1 }
$data merge entity $(bone_ear_edge_a2) { transformation: [-0.9794315858066148f,0.11501085356546774f,-0.1657898437374349f,0.054903900451682836f,-0.04042628678106795f,0.69314113619839f,0.7196673402668069f,2.249752557113823f,0.19768531574559442f,0.711567192099065f,-0.6742348604654148f,0.11067729822129364f,0f,0f,0f,1f], start_interpolation: 0, interpolation_duration: 1 }
$data merge entity $(bone_ear_edge_b1) { transformation: [-0.9134778751678917f,0.4055963616862491f,-0.032400045765891575f,0.02132123875359694f,0.05096800963285232f,0.1930631517194868f,0.9798616644415701f,2.2980972698799547f,0.40368358100475155f,0.8934305853478581f,-0.19703135687540785f,0.06615626592504296f,0f,0f,0f,1f], start_interpolation: 0, interpolation_duration: 1 }
$data merge entity $(bone_ear_edge_b2) { transformation: [-0.9941052542875731f,0.10346487535491783f,-0.032400045765891575f,0.05170230052799614f,-0.011186337184991912f,0.19936394964531517f,0.9798616644415701f,2.300014108964631f,0.10784066606908638f,0.9744480669330777f,-0.19703135687540785f,0.07069305315650887f,0f,0f,0f,1f], start_interpolation: 0, interpolation_duration: 1 }
$data merge entity $(bone_ear_right_2) { transformation: [-0.9656806965575997f,0.2577033746973407f,-0.032400045765891575f,0.1256512644448424f,0.020138777999490057f,0.19865937727296779f,0.9798616644415701f,2.3513876833083107f,0.2589502305786134f,0.9455809973191716f,-0.19703135687540785f,0.15541584304228517f,0f,0f,0f,1f], start_interpolation: 0, interpolation_duration: 1 }
$data merge entity $(bone_ear_right_1) { transformation: [-0.9656806965575997f,0.1999362898764173f,-0.1657898437374349f,0.08066559922264858f,0.020138777999490057f,0.6940269079610584f,0.7196673402668069f,2.195231629017073f,0.2589502305786134f,0.6916300535810066f,-0.6742348604654148f,-0.00020091901344108584f,0f,0f,0f,1f], start_interpolation: 0, interpolation_duration: 1 }
$data merge entity $(bone_ear_edge_a3) { transformation: [-0.9509532127059513f,-0.1776393917303837f,-0.2532434278513255f,-0.22386835616111705f,-0.2196510636038303f,0.9642172557719659f,0.14845367603830228f,2.2716914714013607f,0.21781046233350737f,0.19679768844485546f,-0.9559441784543833f,0.12503857731712542f,0f,0f,0f,1f], start_interpolation: 0, interpolation_duration: 1 }
$data merge entity $(bone_ear_edge_a4) { transformation: [-0.9670343238565708f,-0.026690498934567916f,-0.2532434278513255f,-0.11274946636902627f,-0.06610998393157723f,0.9867071379569936f,0.14845367603830228f,2.289249776188127f,0.24591479521946663f,0.16030171917775063f,-0.9559441784543833f,0.09832830046741416f,0f,0f,0f,1f], start_interpolation: 0, interpolation_duration: 1 }
$data merge entity $(bone_ear_edge_b3) { transformation: [-0.9318522555034771f,-0.25984445378570986f,-0.2532434278513255f,-0.09103402665386874f,-0.3028522960892629f,0.9414042664149002f,0.14845367603830228f,2.2864641766677125f,0.1998295790581183f,0.21503224644836388f,-0.9559441784543833f,0.09214297603863689f,0f,0f,0f,1f], start_interpolation: 0, interpolation_duration: 1 }
$data merge entity $(bone_ear_edge_b4) { transformation: [-0.9665405119347782f,0.040831422201145745f,-0.2532434278513255f,-0.11944883989606339f,0.0028802672286419584f,0.9889151683190053f,0.14845367603830228f,2.294408119598644f,0.2564978418029073f,0.1427570832905512f,-0.9559441784543833f,0.10090412802460874f,0f,0f,0f,1f], start_interpolation: 0, interpolation_duration: 1 }
$data merge entity $(bone_ear_left_2) { transformation: [-0.961028236039704f,-0.1108715282862388f,-0.2532434278513255f,-0.18603907560589783f,-0.15185560896662553f,0.9771905546494452f,0.14845367603830228f,2.398572007830303f,0.23100779978128663f,0.18112460936985794f,-0.9559441784543833f,0.10203081689964355f,0f,0f,0f,1f], start_interpolation: 0, interpolation_duration: 1 }
$data merge entity $(bone_ear_left_1) { transformation: [-0.961028236039704f,-0.1108715282862388f,-0.2532434278513255f,-0.16109298174149414f,-0.15185560896662553f,0.9771905546494452f,0.14845367603830228f,2.1787041330341785f,0.23100779978128663f,0.18112460936985794f,-0.9559441784543833f,0.06127777979142558f,0f,0f,0f,1f], start_interpolation: 0, interpolation_duration: 1 }
$data merge entity $(bone_head) { transformation: [-0.9670343238565708f,-0.026690498934567916f,-0.2532434278513255f,-0.0186209534351028f,-0.06610998393157724f,0.9867071379569935f,0.14845367603830228f,1.6766412954464696f,0.24591479521946666f,0.16030171917775063f,-0.9559441784543833f,-0.021742945112905504f,0f,0f,0f,1f], start_interpolation: 0, interpolation_duration: 1 }
$data merge entity $(bone_body_1) { transformation: [0.018285945775545445f,-0.04965587582694084f,-0.9985989776596778f,1.3394574365674175e-17f,-0.23305100440730248f,0.9710434545239186f,-0.05255319943639753f,1.3125f,0.9722925760962291f,0.23368547969891867f,0.006184096218929853f,-0.109375f,0f,0f,0f,1f], start_interpolation: 0, interpolation_duration: 1 }
$data merge entity $(bone_leg_left_2) { transformation: [0.015326628612182f,-0.2903377303731081f,-0.956801492879885f,0.18841336899333835f,-0.19910476088854995f,0.9368640119126088f,-0.2874771597440825f,0.6965589819745794f,0.9798583513176268f,0.19490978811953966f,-0.04344865761215858f,-0.3431144052132648f,0f,0f,0f,1f], start_interpolation: 0, interpolation_duration: 1 }
$data merge entity $(bone_leg_left_1) { transformation: [0.015326628612182f,-0.4598392210869758f,-0.8878699145739244f,0.013099665953928842f,-0.19910476088854995f,0.8687875861601748f,-0.45339323365649176f,1.0277842491981461f,0.9798583513176268f,0.18372811674890782f,-0.07824059348574831f,-0.2730680607027437f,0f,0f,0f,1f], start_interpolation: 0, interpolation_duration: 1 }
$data merge entity $(bone_leg_right_2) { transformation: [-0.014690918508299672f,0.12381986919360491f,-0.9921959569088463f,0.30311230985189624f,0.14676950111604792f,0.9818218192406917f,0.12035210345085147f,1.10112636096273f,0.9890616211619623f,-0.14385602266077227f,-0.032596844765935225f,-0.019775343359141877f,0f,0f,0f,1f], start_interpolation: 0, interpolation_duration: 1 }
$data merge entity $(bone_leg_right_1) { transformation: [-0.014690918508299672f,-0.9794225529322863f,-0.20128497142356538f,-0.0240169861521258f,0.14676950111604792f,0.19701395018488896f,-0.9693524730327417f,1.0520599754314368f,0.9890616211619623f,-0.04378317302513741f,0.1408550435885133f,-0.017353230271881792f,0f,0f,0f,1f], start_interpolation: 0, interpolation_duration: 1 }
$data merge entity $(bone_skirt_forward_right) { transformation: [-0.07005266337813182f,-0.6834739906873424f,-0.7266057585840818f,0.00016552184567783079f,-0.026742045569724038f,0.7294201298264327f,-0.6835430763329673f,1.2024286775378725f,0.9971847809470303f,-0.02845308872352658f,-0.06937531542064634f,-0.12386837172492696f,0f,0f,0f,1f], start_interpolation: 0, interpolation_duration: 1 }
$data merge entity $(bone_skirt_forward_left) { transformation: [0.08860379261458784f,-0.6286828121639564f,-0.7725977540893652f,0.000035418283245286335f,-0.2320769995327967f,0.741271437062942f,-0.629807052106036f,1.1648745226058383f,0.9686535160841391f,0.23510546204684546f,-0.0802233600242094f,-0.12881146239816066f,0f,0f,0f,1f], start_interpolation: 0, interpolation_duration: 1 }
$data merge entity $(bone_skirt_forward) { transformation: [0.00935560309967736f,-0.6077571608204269f,-0.7940678221425016f,0.00016552184567783079f,-0.13052619222005157f,0.786566092485493f,-0.6035533905932737f,1.2024286775378725f,0.991400719101603f,0.10929325516058509f,-0.07196942782340145f,-0.12386837172492696f,0f,0f,0f,1f], start_interpolation: 0, interpolation_duration: 1 }
$data merge entity $(bone_skirt_back_right) { transformation: [0.013988379866650164f,-0.017236866016477066f,-0.9997535774772884f,0.0075184253138306225f,-0.0437378094224483f,0.998883856147771f,-0.01783384294774628f,1.2260786899942968f,0.9989451082294923f,0.04397649801074783f,0.013218864061590403f,-0.12082403741361983f,0f,0f,0f,1f], start_interpolation: 0, interpolation_duration: 1 }
$data merge entity $(bone_skirt_back_left) { transformation: [0.0046516245440484105f,-0.01561004946268884f,-0.9998673355725118f,0.0075184253138306225f,-0.21632119188099053f,0.9761870649367536f,-0.016246728697012346f,1.2260786899942968f,0.9763111718772294f,0.2163680674358836f,0.0011640712057523137f,-0.12082403741361983f,0f,0f,0f,1f], start_interpolation: 0, interpolation_duration: 1 }
$data merge entity $(bone_skirt_back) { transformation: [0.00935560309967736f,0.05356362660825713f,-0.9985206110017023f,0.0075184253138306225f,-0.13052619222005157f,0.9900861206485413f,0.05188821488215124f,1.2260786899942968f,0.991400719101603f,0.12984764766330337f,0.016254309001959465f,-0.12082403741361983f,0f,0f,0f,1f], start_interpolation: 0, interpolation_duration: 1 }
$data merge entity $(bone_skirt_right) { transformation: [-0.006459619486900393f,-0.33288858388191717f,-0.9429440407771696f,0.012271646437412891f,0.05164842770667405f,0.9415940497664529f,-0.3327658115850229f,1.2246785035339276f,0.9986444378413736f,-0.050851117642607545f,0.011110832686381453f,0.07437732366469471f,0f,0f,0f,1f], start_interpolation: 0, interpolation_duration: 1 }
$data merge entity $(bone_skirt_left) { transformation: [0.020491009506286947f,-0.2976078495139837f,-0.954468274190963f,-0.00253977341343582f,-0.2583266027994101f,0.92067514926049f,-0.2926168754878812f,1.26682374206629f,0.9658402998506166f,0.2525605619288896f,-0.058014461495686634f,-0.31079525627324966f,0f,0f,0f,1f], start_interpolation: 0, interpolation_duration: 1 }
$data merge entity $(bone_coat_downer) { transformation: [0.00935560309967736f,-0.17242746990049357f,-0.9849777867111298f,0.01927192671846228f,-0.13052619222005157f,0.9763825861650423f,-0.17216259343480456f,1.0907972760730027f,0.991400719101603f,0.13017608481352502f,-0.013371653130652309f,-0.13086561670608368f,0f,0f,0f,1f], start_interpolation: 0, interpolation_duration: 1 }
$data merge entity $(bone_body_2) { transformation: [0.00935560309967736f,-0.08592486072949276f,-0.9962576930690467f,1.3394574365674175e-17f,-0.13052619222005157f,0.9876721143508955f,-0.08641011328638344f,1.3125f,0.991400719101603f,0.1308461418699411f,-0.0019751765935728006f,-0.109375f,0f,0f,0f,1f], start_interpolation: 0, interpolation_duration: 1 }
$data merge entity $(bone_book_left) { transformation: [0.3998041895894217f,0.03132798174392102f,-0.9160650454779936f,0.5341027671075449f,-0.12012335138734995f,0.9925869342110832f,-0.018481300952959613f,1.757707473270317f,0.9086952131700801f,0.11742970490167796f,0.4006036369885923f,-0.4656886526825722f,0f,0f,0f,1f], start_interpolation: 0, interpolation_duration: 1 }
$data merge entity $(bone_book_right) { transformation: [0.3998041895894217f,0.03132798174392102f,-0.9160650454779936f,0.5715844098815532f,-0.12012335138734995f,0.9925869342110832f,-0.018481300952959613f,1.7464459090777529f,0.9086952131700801f,0.11742970490167796f,0.4006036369885923f,-0.38049847644787715f,0f,0f,0f,1f], start_interpolation: 0, interpolation_duration: 1 }
$data merge entity $(bone_book_loot_1) { transformation: [0.3998041895894217f,0.03132798174392102f,-0.9160650454779936f,0.6902533453162482f,-0.12012335138734995f,0.9925869342110832f,-0.018481300952959613f,1.7548488863169789f,0.9086952131700801f,0.11742970490167796f,0.4006036369885923f,-0.48318411011351353f,0f,0f,0f,1f], start_interpolation: 0, interpolation_duration: 1 }
$data merge entity $(bone_book_left2) { transformation: [-0.26331439575686544f,-0.7329386052943367f,-0.6272691048157795f,-0.941360369306206f,0.007615677906130158f,0.6486156150018105f,-0.7610780416132455f,2.4571681837988266f,0.9646800145318795f,-0.20517988411395374f,-0.16520800439977956f,-0.46174089950325214f,0f,0f,0f,1f], start_interpolation: 0, interpolation_duration: 1 }
$data merge entity $(bone_book_right2) { transformation: [0.026451491407591954f,-0.7329386052943367f,-0.6797803464881187f,-0.9299878464643624f,0.32854762718549424f,0.6486156150018105f,-0.6865524310980221f,2.4410279406643136f,0.9441169288139557f,-0.20517988411395374f,0.2579620900091502f,-0.553388162287094f,0f,0f,0f,1f], start_interpolation: 0, interpolation_duration: 1 }
$data merge entity $(bone_book_loot_2) { transformation: [-0.12130691031299895f,-0.7329386052943367f,-0.6693919885833013f,-0.835265309597789f,0.1721625934348046f,0.6486156150018105f,-0.7413891187477903f,2.5603064300437386f,0.9775708030276459f,-0.20517988411395374f,0.04750305487932629f,-0.514689989127072f,0f,0f,0f,1f], start_interpolation: 0, interpolation_duration: 1 }
$data merge entity $(bone_air_staff_povit_1) { transformation: [1.4618129843245876e-7f,1.9245133039201668e-8f,-0.000015624304325404156f,0.6877415255584062f,-0.0000020394717534383057f,0.000015491325958965787f,0f,1.4762592261912226f,0.000015490636235962548f,0.000002039380949682286f,1.4744269109418802e-7f,-0.08702467176195836f,0f,0f,0f,1f], start_interpolation: 0, interpolation_duration: 1 }