# This file was generated by Animated Java via MC-Build. It is not recommended to edit this file directly.
$data merge entity $(bone_wing_right_1) { transformation: [0.496255295845535f,0.04541268150013983f,-0.6470029475579476f,-0.32836831287158175f,-0.2275090454898352f,0.7750874438077634f,-0.1200980146226221f,1.488679337809825f,0.6073835361697f,0.25322240670003576f,0.48364046271944305f,-0.2621085583702316f,0f,0f,0f,1f], start_interpolation: 0, interpolation_duration: 1 }
$data merge entity $(bone_wing_right_2) { transformation: [0.4661473876519831f,-0.14493338741788336f,-0.6337988057710507f,-0.32836831287158175f,0.08465845497815563f,0.7867605234246272f,-0.11764703473236451f,1.488679337809825f,0.6446235792972079f,0.0014805378023955984f,0.4737702491945565f,-0.2621085583702316f,0f,0f,0f,1f], start_interpolation: 0, interpolation_duration: 1 }
$data merge entity $(bone_wing_left_1) { transformation: [-0.47424198064372075f,0.04153114009522017f,-0.6635617172817889f,-0.32684753487680274f,0.0005974309949706256f,0.815098083679326f,0.050588551105372845f,1.4730032714418146f,0.6648598584030861f,0.028891570208728137f,-0.4733614795265317f,-0.1742163103952506f,0f,0f,0f,1f], start_interpolation: 0, interpolation_duration: 1 }
$data merge entity $(bone_wing_left_2) { transformation: [-0.44476970313406217f,-0.1401940688605957f,-0.6500196414188953f,-0.32684753487680274f,-0.3050180356978976f,0.7379079805168244f,0.04955613169505912f,1.4730032714418146f,0.5908840064454568f,0.27538597521640884f,-0.4637010411688474f,-0.1742163103952506f,0f,0f,0f,1f], start_interpolation: 0, interpolation_duration: 1 }
$data merge entity $(bone_staff) { transformation: [-0.08288183982441855f,-0.011329809536595705f,1.5602591086236879f,-0.0032110873092066126f,1.4982939820549477f,0.4355150776241554f,0.08275270690408554f,1.6028111205009974f,-0.43549052109689723f,1.5005347388774075f,-0.012237379493282803f,0.632879903708521f,0f,0f,0f,1f], start_interpolation: 0, interpolation_duration: 1 }
$data merge entity $(bone_arm_right_2) { transformation: [-0.007251078103421554f,-0.9985658295191603f,0.053044377487627664f,-0.0013125941577635959f,0.2787296496794569f,-0.052961732418614654f,-0.9589081485151673f,1.549001558539516f,0.9603422328815416f,0.007831922875700505f,0.2787139335020117f,0.4473791963321273f,0f,0f,0f,1f], start_interpolation: 0, interpolation_duration: 1 }
$data merge entity $(bone_arm_right_1) { transformation: [0.009495429019292657f,-0.9985658295191603f,0.05268890722392556f,-0.006892509571568441f,-0.031231264323489882f,-0.052961732418614654f,-0.9981080417609985f,1.5545433279703689f,0.9994670804766387f,0.007831922875700505f,-0.03168936773703751f,0.09262453413663352f,0f,0f,0f,1f], start_interpolation: 0, interpolation_duration: 1 }
$data merge entity $(bone_arm_left_2) { transformation: [-0.982174946340115f,-0.03150595198317658f,-0.1853098749970607f,0.2562679105828794f,0.14996358213287797f,0.4630405608006315f,-0.8735584485810393f,1.4693618060851548f,0.11332827897602624f,-0.8857769550191915f,-0.4500620925397534f,-0.6254335545596956f,0f,0f,0f,1f], start_interpolation: 0, interpolation_duration: 1 }
$data merge entity $(bone_arm_left_1) { transformation: [-0.769189553802422f,-0.03150595198317658f,-0.638243531350585f,0.008381816370900097f,0.5546706440061855f,0.4630405608006315f,-0.6913276471624725f,1.6514382189802754f,0.3173135783400935f,-0.8857769550191915f,-0.3386905356781245f,-0.49674015034419083f,0f,0f,0f,1f], start_interpolation: 0, interpolation_duration: 1 }
$data merge entity $(bone_himo_right_2) { transformation: [0.10160255898922683f,-0.5616173796809755f,-0.8211350917158007f,0.25645530219032114f,-0.4411897531348175f,0.714359269803947f,-0.5431780880834665f,1.3689218775801546f,0.891643719058055f,0.4174646721405857f,-0.17519910324791607f,-0.08949100457858342f,0f,0f,0f,1f], start_interpolation: 0, interpolation_duration: 1 }
$data merge entity $(bone_himo_right_1) { transformation: [0.017031474136708552f,-0.307474780303433f,-0.9514037987973807f,0.19285750714094385f,-0.175559167629125f,0.9358393595985254f,-0.30558742069592837f,1.5424818361255286f,0.9843215468281183f,0.1722322632481418f,-0.038041292647902576f,-0.05743521329860621f,0f,0f,0f,1f], start_interpolation: 0, interpolation_duration: 1 }
$data merge entity $(bone_himo_left_2) { transformation: [0.027570974565382482f,-0.5364067517548972f,-0.8435091214878923f,0.20261707924365258f,-0.4971345723837419f,0.7247195333980765f,-0.47711509602202706f,1.4215604882722102f,0.867235295812128f,0.4324920745898523f,-0.2466851173350685f,-0.42881640567943213f,0f,0f,0f,1f], start_interpolation: 0, interpolation_duration: 1 }
$data merge entity $(bone_himo_left_1) { transformation: [0.025358188508501987f,-0.047151313791655484f,-0.9985658295191603f,0.18753517147322243f,-0.3390459533251835f,0.9392778590135277f,-0.052961732418614876f,1.5973440760096302f,0.9404279896990438f,0.3399027172216843f,0.007831922875700479f,-0.36503569668239316f,0f,0f,0f,1f], start_interpolation: 0, interpolation_duration: 1 }
$data merge entity $(bone_ponpon1) { transformation: [-0.9673446790140842f,-0.045836361504049905f,-0.24928557909997373f,0.24722907166857583f,-0.05239556135256165f,0.9984313510130456f,0.01973683016125221f,2.26717664157752f,0.24798987304664102f,0.03215377549113347f,-0.9682288766546767f,-0.21191849663721946f,0f,0f,0f,1f], start_interpolation: 0, interpolation_duration: 1 }
$data merge entity $(bone_ponpon2) { transformation: [-0.9673446790140842f,-0.045836361504049905f,-0.24928557909997373f,0.2658635192789877f,-0.05239556135256165f,0.9984313510130456f,0.01973683016125221f,2.146187884079228f,0.24798987304664102f,0.03215377549113347f,-0.9682288766546767f,-0.31600879599923615f,0f,0f,0f,1f], start_interpolation: 0, interpolation_duration: 1 }
$data merge entity $(bone_ponpon3) { transformation: [-0.9673446790140842f,-0.045836361504049905f,-0.24928557909997373f,-0.3210859272521986f,-0.05239556135256165f,0.9984313510130456f,0.01973683016125221f,2.23639424928289f,0.24798987304664102f,0.03215377549113347f,-0.9682288766546767f,-0.06622444622231788f,0f,0f,0f,1f], start_interpolation: 0, interpolation_duration: 1 }
$data merge entity $(bone_ponpon4) { transformation: [-0.9673446790140842f,-0.045836361504049905f,-0.24928557909997373f,-0.375002330567843f,-0.05239556135256165f,0.9984313510130456f,0.01973683016125221f,2.111475824683156f,0.24798987304664102f,0.03215377549113347f,-0.9682288766546767f,-0.15171550510583645f,0f,0f,0f,1f], start_interpolation: 0, interpolation_duration: 1 }
$data merge entity $(bone_ear_edge_a1) { transformation: [-0.9569454074178166f,0.18699635161347683f,-0.22200867484221942f,0.1496093653590348f,0.09996520015156454f,0.9303630316686873f,0.3527486187965965f,2.3516313702100065f,0.2725113685346117f,0.31536802911439504f,-0.9089997581033208f,-0.17173727897653743f,0f,0f,0f,1f], start_interpolation: 0, interpolation_duration: 1 }
$data merge entity $(bone_ear_edge_a2) { transformation: [-0.9744164957217706f,0.0349948733403479f,-0.22200867484221942f,0.03772384637173909f,-0.04680638049733887f,0.9345467215082569f,0.3527486187965965f,2.3556577617275494f,0.21982187245595836f,0.3541154955068491f,-0.9089997581033208f,-0.1428485365793516f,0f,0f,0f,1f], start_interpolation: 0, interpolation_duration: 1 }
$data merge entity $(bone_ear_edge_b1) { transformation: [-0.9234126357934566f,0.355514039998179f,-0.14463357639619928f,0.002799243974808102f,0.14034651264839584f,0.6635095955497269f,0.7348862993694135f,2.3700497538248495f,0.35722816300568405f,0.6583044766501375f,-0.6625883002121103f,-0.19256368737271373f,0f,0f,0f,1f], start_interpolation: 0, interpolation_duration: 1 }
$data merge entity $(bone_ear_edge_b2) { transformation: [-0.9880774845989823f,0.05276374709394202f,-0.14463357639619928f,0.03259818436688554f,-0.07155827556215655f,0.6744045819815424f,0.7348862993694135f,2.3775365578313536f,0.13631690147270495f,0.7364743354624842f,-0.6625883002121103f,-0.1907646481075487f,0f,0f,0f,1f], start_interpolation: 0, interpolation_duration: 1 }
$data merge entity $(bone_ear_right_2) { transformation: [-0.9676585425928277f,0.20668351053233586f,-0.14463357639619928f,0.09755535472581862f,0.03482284555712712f,0.6772957230238745f,0.7348862993694135f,2.472894242810711f,0.24984858289458006f,0.7060824527260233f,-0.6625883002121103f,-0.14634480495622457f,0f,0f,0f,1f], start_interpolation: 0, interpolation_duration: 1 }
$data merge entity $(bone_ear_right_1) { transformation: [-0.9676585425928277f,0.11978770071224795f,-0.22200867484221942f,0.07060312206556288f,0.03482284555712712f,0.9350699339431237f,0.3527486187965965f,2.2625035076735083f,0.24984858289458006f,0.3336092405699744f,-0.9089997581033208f,-0.22140688408446868f,0f,0f,0f,1f], start_interpolation: 0, interpolation_duration: 1 }
$data merge entity $(bone_ear_edge_a3) { transformation: [-0.9482646741076802f,-0.196598087203936f,-0.24928557909997373f,-0.23613832911612806f,-0.2079395593219831f,0.977942532669566f,0.01973683016125221f,2.3485928227143598f,0.23990674752585658f,0.07055207228415228f,-0.9682288766546767f,-0.10840121660273189f,0f,0f,0f,1f], start_interpolation: 0, interpolation_duration: 1 }
$data merge entity $(bone_ear_edge_a4) { transformation: [-0.9673446790140843f,-0.04583636150404992f,-0.24928557909997373f,-0.1251766312467962f,-0.05239556135256164f,0.9984313510130457f,0.01973683016125221f,2.3646895809547126f,0.24798987304664102f,0.03215377549113348f,-0.9682288766546767f,-0.13664190719462f,0f,0f,0f,1f], start_interpolation: 0, interpolation_duration: 1 }
$data merge entity $(bone_ear_edge_b3) { transformation: [-0.9275215884207402f,-0.27849668412076056f,-0.24928557909997373f,-0.10337155519395014f,-0.29238159431943556f,0.9560980393445071f,0.01973683016125221f,2.3615470045683953f,0.23284481165938156f,0.09119285111964903f,-0.9682288766546767f,-0.14232002281388692f,0f,0f,0f,1f], start_interpolation: 0, interpolation_duration: 1 }
$data merge entity $(bone_ear_edge_b4) { transformation: [-0.968185658942363f,0.021753847272011767f,-0.24928557909997373f,-0.131986883263246f,0.017379121923754542f,0.9996541520227609f,0.01973683016125221f,2.370007394941077f,0.2496287161756486f,0.014776551442093194f,-0.9682288766546767f,-0.1347801011147974f,0f,0f,0f,1f], start_interpolation: 0, interpolation_duration: 1 }
$data merge entity $(bone_ear_left_2) { transformation: [-0.9596687383293565f,-0.1299715843026186f,-0.24928557909997373f,-0.2004766541560473f,-0.1392152064030525f,0.9900654442214116f,0.01973683016125221f,2.472169342285185f,0.24424381052443767f,0.05364516224717693f,-0.9682288766546767f,-0.14733925431719364f,0f,0f,0f,1f], start_interpolation: 0, interpolation_duration: 1 }
$data merge entity $(bone_ear_left_1) { transformation: [-0.9596687383293565f,-0.1299715843026186f,-0.24928557909997373f,-0.17123304768795816f,-0.1392152064030525f,0.9900654442214116f,0.01973683016125221f,2.249404617335368f,0.24424381052443767f,0.05364516224717693f,-0.9682288766546767f,-0.15940941582280843f,0f,0f,0f,1f], start_interpolation: 0, interpolation_duration: 1 }
$data merge entity $(bone_head) { transformation: [-0.9673446790140842f,-0.045836361504049905f,-0.24928557909997373f,-0.019033653193497875f,-0.05239556135256165f,0.9984313510130456f,0.01973683016125221f,1.7436412191677126f,0.24798987304664102f,0.03215377549113347f,-0.9682288766546767f,-0.17662980749738583f,0f,0f,0f,1f], start_interpolation: 0, interpolation_duration: 1 }
$data merge entity $(bone_body_1) { transformation: [0.017031474136708552f,-0.05075640851599442f,-0.9985658295191603f,2.9723198354305554e-17f,-0.175559167629125f,0.9830432511139007f,-0.052961732418614876f,1.375f,0.9843215468281183f,0.17620940222919337f,0.007831922875700479f,-0.24270833333333336f,0f,0f,0f,1f], start_interpolation: 0, interpolation_duration: 1 }
$data merge entity $(bone_leg_left_2) { transformation: [0.021695696459110746f,-0.5131882896018292f,-0.8580017926383974f,0.3005180194455143f,-0.19793913806918f,0.8390106787447416f,-0.5068344686115163f,0.8147021737732678f,0.9799741804637428f,0.18082826208266586f,-0.0833771266989844f,-0.4681548790718021f,0f,0f,0f,1f], start_interpolation: 0, interpolation_duration: 1 }
$data merge entity $(bone_leg_left_1) { transformation: [0.021695696459110746f,-0.6609533118100133f,-0.7501133356783691f,0.04852956931794676f,-0.19793913806918f,0.7325981216493787f,-0.6512450305194137f,1.0940052076520934f,0.9799741804637428f,0.1626060016210274f,-0.11493430236982441f,-0.40616134095378537f,0f,0f,0f,1f], start_interpolation: 0, interpolation_duration: 1 }
$data merge entity $(bone_leg_right_2) { transformation: [-0.05487877820746606f,-0.03232498036092828f,-0.9979696465059053f,0.3196466194861704f,0.17590604337615467f,0.9835305215765437f,-0.041530434997937515f,1.2141395011894263f,0.9828760774412012f,-0.17782803145746484f,-0.04828879395636976f,-0.15155700749218204f,0f,0f,0f,1f], start_interpolation: 0, interpolation_duration: 1 }
$data merge entity $(bone_leg_right_1) { transformation: [-0.05487877820746606f,-0.9974294278697982f,-0.046074462794298277f,0.004579133311262947f,0.17590604337615467f,0.035764504816710674f,-0.983757065590363f,1.1133464842872132f,0.9828760774412012f,-0.06209216226338802f,0.17349115187598166f,-0.151109766869354f,0f,0f,0f,1f], start_interpolation: 0, interpolation_duration: 1 }
$data merge entity $(bone_skirt_forward_right) { transformation: [-0.08323427638496911f,-0.7623153844678039f,-0.6418312160049363f,0.01307717773122304f,-0.036581991052917706f,0.645969358340402f,-0.7624862923462252f,1.2657077326433095f,0.9958583298668917f,-0.03998553099552018f,-0.08165380668242887f,-0.2571986393556252f,0f,0f,0f,1f], start_interpolation: 0, interpolation_duration: 1 }
$data merge entity $(bone_skirt_forward_left) { transformation: [0.09845868895665308f,-0.7136834291831685f,-0.6935141306983521f,0.01735351237598817f,-0.22223705404960303f,0.6635307478371358f,-0.7143791979628501f,1.2283979000407639f,0.970008545517147f,0.22446137659750062f,-0.09327653531121387f,-0.2621438368416722f,0f,0f,0f,1f], start_interpolation: 0, interpolation_duration: 1 }
$data merge entity $(bone_skirt_forward) { transformation: [0.007677891713810508f,-0.696001937432257f,-0.7179988531114629f,0.01307717773122304f,-0.13052619222005157f,0.7111793420116518f,-0.6907871283111809f,1.2657077326433095f,0.9914151315787778f,0.09902144508347076f,-0.08538612469374661f,-0.2571986393556252f,0f,0f,0f,1f], start_interpolation: 0, interpolation_duration: 1 }
$data merge entity $(bone_skirt_back_right) { transformation: [0.0021629991874723155f,-0.1328324696551375f,-0.9911361442505425f,0.017606888051314027f,-0.04379626949232332f,0.9901748607520386f,-0.13279921653848956f,1.2900408051388923f,0.9990381415206684f,0.04369531027464871f,-0.003675819219085095f,-0.2540301133038512f,0f,0f,0f,1f], start_interpolation: 0, interpolation_duration: 1 }
$data merge entity $(bone_skirt_back_left) { transformation: [0.013134350848168833f,-0.13149738508547987f,-0.9912295024581737f,0.017606888051314027f,-0.21626273181111552f,0.9674780695410212f,-0.13121210228775562f,1.2900408051388923f,0.9762468538527491f,0.21608938584035067f,-0.015730787321343257f,-0.2540301133038512f,0f,0f,0f,1f], start_interpolation: 0, interpolation_duration: 1 }
$data merge entity $(bone_skirt_back) { transformation: [0.007677891713810508f,-0.0629410714361178f,-0.9979877110993426f,0.017606888051314027f,-0.13052619222005157f,0.9894153665704735f,-0.06340461764532457f,1.2900408051388923f,0.9914151315787778f,0.13075034960063844f,-0.0006188343442984877f,-0.2540301133038512f,0f,0f,0f,1f], start_interpolation: 0, interpolation_duration: 1 }
$data merge entity $(bone_skirt_right) { transformation: [-0.02912039525050973f,-0.4381557994707327f,-0.8984272357684941f,0.01921304539583713f,0.04860329260146934f,0.8971245929677978f,-0.43909587181008536f,1.2888141461519698f,0.9983935709572405f,-0.05645316716116223f,-0.00482880820946819f,-0.05877632827955409f,0f,0f,0f,1f], start_interpolation: 0, interpolation_duration: 1 }
$data merge entity $(bone_skirt_left) { transformation: [0.03387689261935904f,-0.4057987307961315f,-0.9133344109529136f,0.006115275736602581f,-0.25614552482899483f,0.8798100384013049f,-0.40040450351909496f,1.329730039005863f,0.96604442250682f,0.247510982407939f,-0.07413829867835992f,-0.44414349575353906f,0f,0f,0f,1f], start_interpolation: 0, interpolation_duration: 1 }
$data merge entity $(bone_coat_downer) { transformation: [0.007677891713810508f,-0.2858262836868799f,-0.9582506903376479f,0.045020429802905305f,-0.13052619222005157f,0.949793779235194f,-0.2843495912968076f,1.1570308915315237f,0.9914151315787778f,0.1272600191728521f,-0.03001540265863801f,-0.26387387647116084f,0f,0f,0f,1f], start_interpolation: 0, interpolation_duration: 1 }
$data merge entity $(bone_body_2) { transformation: [0.007677891713810508f,-0.20122157772930302f,-0.9795156592086527f,2.9723198354305554e-17f,-0.13052619222005157f,0.9709622269840884f,-0.20048757296808586f,1.375f,0.9914151315787778f,0.12939177109163277f,-0.018809743496532923f,-0.24270833333333336f,0f,0f,0f,1f], start_interpolation: 0, interpolation_duration: 1 }
$data merge entity $(bone_book_left) { transformation: [0.6005090347699109f,-0.022563418841229272f,0.7992995629236296f,0.7826562792598836f,0.10376617216091895f,0.9933482800063921f,-0.04991769349051321f,1.8297833145077043f,-0.792856532214234f,0.11291628199040894f,0.5988559364210078f,-0.4850922295304692f,0f,0f,0f,1f], start_interpolation: 0, interpolation_duration: 1 }
$data merge entity $(bone_book_right) { transformation: [0.6005090347699109f,-0.022563418841229272f,0.7992995629236296f,0.8389540012695627f,0.10376617216091895f,0.9933482800063921f,-0.04991769349051321f,1.8395113931477904f,-0.792856532214234f,0.11291628199040894f,0.5988559364210078f,-0.5594225294255536f,0f,0f,0f,1f], start_interpolation: 0, interpolation_duration: 1 }
$data merge entity $(bone_book_loot_1) { transformation: [0.6005090347699109f,-0.022563418841229272f,0.7992995629236296f,0.6909102058261787f,0.10376617216091895f,0.9933482800063921f,-0.04991769349051321f,1.8421350078513243f,-0.792856532214234f,0.11291628199040894f,0.5988559364210078f,-0.6120857699411626f,0f,0f,0f,1f], start_interpolation: 0, interpolation_duration: 1 }
$data merge entity $(bone_book_left2) { transformation: [-0.3697967995636957f,-0.7325903401472357f,-0.5714557905519949f,-0.9412425984083929f,-0.12465983634205549f,0.6486156150018105f,-0.7508380046181699f,2.52782607081258f,0.9207118182339249f,-0.20641990577165892f,-0.331180570483233f,-0.6586301912247718f,0f,0f,0f,1f], start_interpolation: 0, interpolation_duration: 1 }
$data merge entity $(bone_book_right2) { transformation: [0.14259444001506325f,-0.7325903401472357f,-0.6655660892802068f,-0.9297150017585428f,0.44277482901901155f,0.6486156150018105f,-0.619070460257157f,2.511685827678067f,0.8852215973777278f,-0.20641990577165892f,0.41686154300588074f,-0.7502580776297151f,0f,0f,0f,1f], start_interpolation: 0, interpolation_duration: 1 }
$data merge entity $(bone_book_loot_2) { transformation: [-0.12296103093173397f,-0.7325903401472357f,-0.6694714171607051f,-0.8350580875093621f,0.1721625934348046f,0.6486156150018105f,-0.7413891187477903f,2.630964317057492f,0.9773641216527276f,-0.20641990577165892f,0.046370208185990434f,-0.711399665655142f,0f,0f,0f,1f], start_interpolation: 0, interpolation_duration: 1 }
$data merge entity $(bone_air_staff_povit_1) { transformation: [1.199670580282892e-7f,1.579396281763632e-8f,-0.00001562453146355841f,0.6877027184656574f,-0.0000020394717534383057f,0.000015491325958965787f,0f,1.5387592261912226f,0.000015490861430918404f,0.0000020394105971606687f,1.210022490429322e-7f,-0.21919420641573586f,0f,0f,0f,1f], start_interpolation: 0, interpolation_duration: 1 }