# This file was generated by Animated Java via MC-Build. It is not recommended to edit this file directly.
$data merge entity $(bone_wing_right_1) { transformation: [0.4266132317629519f,0.033146573483756984f,-0.695591043354858f,-0.33701063396889536f,-0.25466614391102843f,0.7666629128334208f,-0.11965608081374869f,1.4624983216695189f,0.648144081261799f,0.27941676255461995f,0.4108283913913909f,-0.20040975713188483f,0f,0f,0f,1f], start_interpolation: 0, interpolation_duration: 1 }
$data merge entity $(bone_wing_right_2) { transformation: [0.39852134952116675f,-0.12992755102911238f,-0.6813953077761875f,-0.33701063396889536f,0.05692247213107399f,0.7893165918968194f,-0.11721411998081506f,1.4624983216695189f,0.6913324570294057f,0.009907029825694663f,0.4024441385058523f,-0.20040975713188483f,0f,0f,0f,1f], start_interpolation: 0, interpolation_duration: 1 }
$data merge entity $(bone_wing_left_1) { transformation: [-0.4031834474466913f,0.029015270356620215f,-0.7096095167312636f,-0.3356971931626533f,-0.020445084364961938f,0.8151724450743234f,0.04494805625722975f,1.44707597255202f,0.7099081283340507f,0.039955516792124356f,-0.4017193677775116f,-0.1242792573793747f,0f,0f,0f,1f], start_interpolation: 0, interpolation_duration: 1 }
$data merge entity $(bone_wing_left_2) { transformation: [-0.3757680961904431f,-0.12488327620792825f,-0.695127689859197f,-0.3356971931626533f,-0.3240899110880714f,0.7300869966480696f,0.04403074898667404f,1.44707597255202f,0.6275062289860841f,0.3022865274023568f,-0.3935210133330726f,-0.1242792573793747f,0f,0f,0f,1f], start_interpolation: 0, interpolation_duration: 1 }
$data merge entity $(bone_staff) { transformation: [-0.08354239346634335f,-0.002000678867070188f,1.5602637327637865f,-0.0013061563993948633f,1.5438221113274357f,0.22613823513844117f,0.08295201736527827f,1.5192465763375773f,-0.22592079822453948f,1.5460477825386063f,-0.010114199772845858f,0.6880491714012794f,0f,0f,0f,1f], start_interpolation: 0, interpolation_duration: 1 }
$data merge entity $(bone_arm_right_2) { transformation: [-0.0012804344749252211f,-0.9985687889688233f,0.053467131818459517f,-0.000560929962178899f,0.14472847048859971f,-0.053089291113777935f,-0.9880461512495592f,1.4913203161090862f,0.9894705808247084f,0.006473087854620878f,0.14458931086370264f,0.4969231545980119f,0f,0f,0f,1f], start_interpolation: 0, interpolation_duration: 1 }
$data merge entity $(bone_arm_right_1) { transformation: [0.01241999801408605f,-0.9985687889688233f,0.05202035511861873f,-0.00692588563596675f,-0.1124653277161561f,-0.053089291113777935f,-0.992236401887541f,1.5216575165759727f,0.9935780259803593f,0.006473087854620878f,-0.11296373498870613f,0.15006155434208468f,0f,0f,0f,1f], start_interpolation: 0, interpolation_duration: 1 }
$data merge entity $(bone_arm_left_2) { transformation: [-0.9746046454063028f,-0.031381910008688854f,-0.22172271168434943f,0.24792345526167908f,0.17932984556423653f,0.48361684638604197f,-0.8567120592016472f,1.4451745485790848f,0.13411409934217133f,-0.874717052317963f,-0.46570751200921395f,-0.5739346193874911f,0f,0f,0f,1f], start_interpolation: 0, interpolation_duration: 1 }
$data merge entity $(bone_arm_left_1) { transformation: [-0.7449151258902776f,-0.031381910008688854f,-0.6664207611892641f,0.00842288874798104f,0.5721876650907536f,0.48361684638604197f,-0.6623564159949016f,1.6322993383870084f,0.3430783163329672f,-0.874717052317963f,-0.34229716219435774f,-0.43687580061263753f,0f,0f,0f,1f], start_interpolation: 0, interpolation_duration: 1 }
$data merge entity $(bone_himo_right_2) { transformation: [0.05188514777144537f,-0.5733984605112155f,-0.8176320302704041f,0.2564366773181933f,-0.32930301355656605f,0.7631188967210618f,-0.5560657108020539f,1.3403321666372867f,0.9427976753807251f,0.2981002431240159f,-0.14922730429148423f,-0.036311029881306835f,0f,0f,0f,1f], start_interpolation: 0, interpolation_duration: 1 }
$data merge entity $(bone_himo_right_1) { transformation: [0.016906608860302725f,-0.30745962712598324f,-0.9514109229267844f,0.19284167896377905f,-0.19851646377775806f,0.931571139385086f,-0.3045758130153258f,1.5130981564406445f,0.9799517233956061f,0.19402007615791714f,-0.04528608905234804f,-0.000215303658274546f,0f,0f,0f,1f], start_interpolation: 0, interpolation_duration: 1 }
$data merge entity $(bone_himo_left_2) { transformation: [0.013418683610124688f,-0.5418870970136886f,-0.8403441634355822f,0.20306751678092688f,-0.34253626410306626f,0.7870776811387183f,-0.5130084128234276f,1.395028761294138f,0.9394087750838214f,0.2947322478850506f,-0.17505443539693363f,-0.3566167703327536f,0f,0f,0f,1f], start_interpolation: 0, interpolation_duration: 1 }
$data merge entity $(bone_himo_left_1) { transformation: [0.020422119171755994f,-0.049429856826332434f,-0.9985687889688234f,0.18755836369493442f,-0.2666365977528736f,0.9623338567814231f,-0.053089291113778164f,1.5751345513711938f,0.9635807500086885f,0.2673391803427239f,0.006473087854620856f,-0.30645021721940147f,0f,0f,0f,1f], start_interpolation: 0, interpolation_duration: 1 }
$data merge entity $(bone_ponpon1) { transformation: [-0.9673764424063312f,-0.03779421004417546f,-0.2505083159585848f,0.25136780069838605f,-0.05813728115803848f,0.9955391657709317f,0.07430898973656287f,2.2395520711205816f,0.24658239032181636f,0.08644863852747575f,-0.965258389075135f,-0.12198506038190954f,0f,0f,0f,1f], start_interpolation: 0, interpolation_duration: 1 }
$data merge entity $(bone_ponpon2) { transformation: [-0.9673764424063312f,-0.03779421004417546f,-0.2505083159585848f,0.2688835389230281f,-0.05813728115803848f,0.9955391657709317f,0.07430898973656287f,2.1242562912304446f,0.24658239032181636f,0.08644863852747575f,-0.965258389075135f,-0.232530953810706f,0f,0f,0f,1f], start_interpolation: 0, interpolation_duration: 1 }
$data merge entity $(bone_ponpon3) { transformation: [-0.9673764424063312f,-0.03779421004417546f,-0.2505083159585848f,-0.3169658592153336f,-0.05813728115803848f,0.9955391657709317f,0.07430898973656287f,2.205396418440234f,0.24658239032181636f,0.08644863852747575f,-0.965258389075135f,0.022882093932157593f,0f,0f,0f,1f], start_interpolation: 0, interpolation_duration: 1 }
$data merge entity $(bone_ponpon4) { transformation: [-0.9673764424063312f,-0.03779421004417546f,-0.2505083159585848f,-0.37200335417116637f,-0.05813728115803848f,0.9955391657709317f,0.07430898973656287f,2.085740342463244f,0.24658239032181636f,0.08644863852747575f,-0.965258389075135f,-0.06917012022250266f,0f,0f,0f,1f], start_interpolation: 0, interpolation_duration: 1 }
$data merge entity $(bone_ear_edge_a1) { transformation: [-0.9531105818429858f,0.23224243132818667f,-0.19401977185250174f,0.1577534640539472f,0.08650324849177943f,0.8234594392020369f,0.5607421332390106f,2.3080253028991438f,0.28999552889535f,0.5176659203384351f,-0.8049376299694695f,-0.06296290851070901f,0f,0f,0f,1f], start_interpolation: 0, interpolation_duration: 1 }
$data merge entity $(bone_ear_edge_a2) { transformation: [-0.9777069294886324f,0.08028379761952625f,-0.19401977185250174f,0.045945330238371815f,-0.04337918689496469f,0.8268533764549163f,0.5607421332390106f,2.311361188694499f,0.20544441139695577f,0.5566578892685267f,-0.8049376299694695f,-0.033689136911567f,0f,0f,0f,1f], start_interpolation: 0, interpolation_duration: 1 }
$data merge entity $(bone_ear_edge_b1) { transformation: [-0.9172836476659975f,0.3899326251285601f,-0.080890404776534f,0.010907839166871172f,0.09407697963117173f,0.4095506172990429f,0.9074237233913653f,2.3457436897276183f,0.3869628297757264f,0.8247550180085733f,-0.41235776777167593f,-0.08502778000371909f,0f,0f,0f,1f], start_interpolation: 0, interpolation_duration: 1 }
$data merge entity $(bone_ear_edge_b2) { transformation: [-0.9928843982296954f,0.08739172825355765f,-0.080890404776534f,0.0411248763914506f,-0.03708557629056225f,0.4185771688204552f,0.9074237233913653f,2.3501725736923045f,0.11316020406155189f,0.9039667248162998f,-0.41235776777167593f,-0.08120923666944632f,0f,0f,0f,1f], start_interpolation: 0, interpolation_duration: 1 }
$data merge entity $(bone_ear_right_2) { transformation: [-0.9669892654320031f,0.2416371307443515f,-0.080890404776534f,0.11186465496171f,0.02885090417604249f,0.419225251571009f,0.9074237233913653f,2.4229848612678366f,0.2531785651817688f,0.8751352384008204f,-0.41235776777167593f,-0.010640836963213385f,0f,0f,0f,1f], start_interpolation: 0, interpolation_duration: 1 }
$data merge entity $(bone_ear_right_1) { transformation: [-0.9669892654320031f,0.16519106716035675f,-0.19401977185250174f,0.07469666485062978f,0.02885090417604249f,0.8274876949772658f,0.5607421332390106f,2.236800129897952f,0.2531785651817688f,0.536633977671591f,-0.8049376299694695f,-0.13138348193932117f,0f,0f,0f,1f], start_interpolation: 0, interpolation_duration: 1 }
$data merge entity $(bone_ear_edge_a3) { transformation: [-0.9495541161012585f,-0.18865991686299188f,-0.2505083159585848f,-0.23118319681825206f,-0.21315815157766943f,0.974187752160908f,0.07430898973656287f,2.3190455780431747f,0.2300230053954354f,0.12395829665224617f,-0.965258389075135f,-0.013293832075064863f,0f,0f,0f,1f], start_interpolation: 0, interpolation_duration: 1 }
$data merge entity $(bone_ear_edge_a4) { transformation: [-0.9673764424063312f,-0.03779421004417545f,-0.2505083159585848f,-0.12013679644376768f,-0.058137281158038484f,0.9955391657709317f,0.07430898973656287f,2.335774550690348f,0.2465823903218164f,0.08644863852747575f,-0.965258389075135f,-0.04082525163599262f,0f,0f,0f,1f], start_interpolation: 0, interpolation_duration: 1 }
$data merge entity $(bone_ear_edge_b3) { transformation: [-0.929497980830362f,-0.2707011031892433f,-0.2505083159585848f,-0.09836575046942161f,-0.2972530775719664f,0.9519027166251425f,0.07430898973656287f,2.332772717456666f,0.21834402099960068f,0.14353442379373915f,-0.965258389075135f,-0.04670646574704764f,0f,0f,0f,1f], start_interpolation: 0, interpolation_duration: 1 }
$data merge entity $(bone_ear_edge_b4) { transformation: [-0.967656352833426f,0.02977862415736439f,-0.2505083159585848f,-0.12690157209723743f,0.011449640015241375f,0.9971695341253929f,0.07430898973656287f,2.3410370559033775f,0.2520120801958373f,0.06903733595266877f,-0.965258389075135f,-0.038664499627765726f,0f,0f,0f,1f], start_interpolation: 0, interpolation_duration: 1 }
$data merge entity $(bone_ear_left_2) { transformation: [-0.960401300536081f,-0.12196280401908437f,-0.2505083159585848f,-0.19458907665524697f,-0.14468300667825662f,0.9866838407630233f,0.07430898973656287f,2.4442696737801226f,0.23810957458099685f,0.10761074673531201f,-0.965258389075135f,-0.04552546634342191f,0f,0f,0f,1f], start_interpolation: 0, interpolation_duration: 1 }
$data merge entity $(bone_ear_left_1) { transformation: [-0.960401300536081f,-0.12196280401908437f,-0.2505083159585848f,-0.16714744575095303f,-0.14468300667825662f,0.9866838407630233f,0.07430898973656287f,2.2222658096084427f,0.23810957458099685f,0.10761074673531201f,-0.965258389075135f,-0.06973788435886707f,0f,0f,0f,1f], start_interpolation: 0, interpolation_duration: 1 }
$data merge entity $(bone_head) { transformation: [-0.9673764424063312f,-0.03779421004417546f,-0.2505083159585848f,-0.019027472928815934f,-0.05813728115803848f,0.9955391657709317f,0.07430898973656287f,1.716996991366327f,0.24658239032181636f,0.08644863852747575f,-0.965258389075135f,-0.1147012857358275f,0f,0f,0f,1f], start_interpolation: 0, interpolation_duration: 1 }
$data merge entity $(bone_body_1) { transformation: [0.016906608860302725f,-0.05073992781017589f,-0.9985687889688234f,2.3191748758853022e-17f,-0.19851646377775806f,0.9786586436435385f,-0.053089291113778164f,1.35f,0.9799517233956061f,0.19912990470446051f,0.006473087854620856f,-0.18937500000000018f,0f,0f,0f,1f], start_interpolation: 0, interpolation_duration: 1 }
$data merge entity $(bone_leg_left_2) { transformation: [0.016906608860302735f,-0.4274363832266605f,-0.9038873297435669f,0.257819446079813f,-0.19851646377775814f,0.8845842110961429f,-0.4220213111782254f,0.7647507165149308f,0.979951723395606f,0.1865714655930157f,-0.06989784002710935f,-0.41800610778940506f,0f,0f,0f,1f], start_interpolation: 0, interpolation_duration: 1 }
$data merge entity $(bone_leg_left_1) { transformation: [0.016906608860302735f,-0.584999304000514f,-0.8108575589434672f,0.03478846142961703f,-0.19851646377775814f,0.7928644913024228f,-0.5761571938637272f,1.0670303038239795f,0.979951723395606f,0.17070943954762585f,-0.1027273433089588f,-0.3529231339618727f,0f,0f,0f,1f], start_interpolation: 0, interpolation_duration: 1 }
$data merge entity $(bone_leg_right_2) { transformation: [-0.040231814797502395f,0.03031232226624063f,-0.9987304762531913f,0.31379958274858394f,0.1648798690931595f,0.9860387543093428f,0.023285269332803588f,1.1688002056070117f,0.9854927852835461f,-0.16373374154066783f,-0.044668020273700815f,-0.09803318398829562f,0f,0f,0f,1f], start_interpolation: 0, interpolation_duration: 1 }
$data merge entity $(bone_leg_right_1) { transformation: [-0.040231814797502395f,-0.9932734461099284f,-0.10857836953558547f,-0.0070867709839854175f,0.1648798690931595f,0.10057719763423825f,-0.981172184727974f,1.08843366160934f,0.9854927852835461f,-0.05737672497581264f,0.15972439258024407f,-0.09768717952790466f,0f,0f,0f,1f], start_interpolation: 0, interpolation_duration: 1 }
$data merge entity $(bone_skirt_forward_right) { transformation: [-0.0803972116647028f,-0.7318788206801269f,-0.6766754615001253f,0.007957430033447172f,-0.03248752031192055f,0.6804363922237884f,-0.732086659598068f,1.2402177112539f,0.9962333307917997f,-0.03687421832854758f,-0.07848211670269273f,-0.20387705623112365f,0f,0f,0f,1f], start_interpolation: 0, interpolation_duration: 1 }
$data merge entity $(bone_skirt_forward_left) { transformation: [0.09242200005498995f,-0.6813113775468228f,-0.726135648987905f,0.010486210496687144f,-0.2263315247906002f,0.6957932505746613f,-0.6816493184480628f,1.2027492647630103f,0.9696557197231381f,0.22734678198733524f,-0.08989563909448371f,-0.20882543090651784f,0f,0f,0f,1f], start_interpolation: 0, interpolation_duration: 1 }
$data merge entity $(bone_skirt_forward) { transformation: [0.00606427490764581f,-0.6620097038774417f,-0.7494707309441418f,0.007957430033447172f,-0.13052619222005157f,0.7425483007727743f,-0.6569512418467596f,1.2402177112539f,0.9914263148183925f,0.10180949362199564f,-0.08190658883175501f,-0.20387705623112365f,0f,0f,0f,1f], start_interpolation: 0, interpolation_duration: 1 }
$data merge entity $(bone_skirt_back_right) { transformation: [0.004589722056313495f,-0.08682280392644924f,-0.9962131976488742f,0.013618761720520326f,-0.043632548044126265f,0.9952575263635497f,-0.08694053696570651f,1.2643166286318361f,0.9990371040169742f,0.04386635310870638f,0.0007796552568162351f,-0.20073894298582032f,0f,0f,0f,1f], start_interpolation: 0, interpolation_duration: 1 }
$data merge entity $(bone_skirt_back_left) { transformation: [0.0074926749652216365f,-0.08576830613497913f,-0.9962869353176331f,0.013618761720520326f,-0.2164264532593126f,0.9725607351525323f,-0.08535342271497258f,1.2643166286318361f,0.9762701727244666f,0.21626237329295792f,-0.011275448826417546f,-0.20073894298582032f,0f,0f,0f,1f], start_interpolation: 0, interpolation_duration: 1 }
$data merge entity $(bone_skirt_back) { transformation: [0.00606427490764581f,-0.016653824621247593f,-0.9998429250113885f,0.013618761720520326f,-0.13052619222005157f,0.9912938595192522f,-0.017303098680852114f,1.2643166286318361f,0.9914263148183925f,0.1306106205670499f,0.0038377181646739762f,-0.20073894298582032f,0f,0f,0f,1f], start_interpolation: 0, interpolation_duration: 1 }
$data merge entity $(bone_skirt_right) { transformation: [-0.022400954206998742f,-0.39655613465753703f,-0.9177371242987227f,0.01603616773535259f,0.05011152901646912f,0.9163682085495304f,-0.3971877906222143f,1.2630595747073752f,0.9984923794953305f,-0.05488659604309359f,-0.0006554880279174991f,-0.005493710102683208f,0f,0f,0f,1f], start_interpolation: 0, interpolation_duration: 1 }
$data merge entity $(bone_skirt_left) { transformation: [0.026327881168077463f,-0.3636787785360237f,-0.9311522908288125f,0.003123520890808069f,-0.25722579913712373f,0.8976455361731062f,-0.3578650299299509f,1.3044524184784736f,0.9659926143255275f,0.24893822010901095f,-0.06991445943072101f,-0.39081618759524983f,0f,0f,0f,1f], start_interpolation: 0, interpolation_duration: 1 }
$data merge entity $(bone_coat_downer) { transformation: [0.00606427490764581f,-0.24114270833469276f,-0.9704707202109982f,0.034823857969758946f,-0.13052619222005157f,0.961994711829306f,-0.23985222024610217f,1.130181655093862f,0.9914263148183925f,0.12812637757097417f,-0.02564163910832351f,-0.21064812203998654f,0f,0f,0f,1f], start_interpolation: 0, interpolation_duration: 1 }
$data merge entity $(bone_body_2) { transformation: [0.00606427490764581f,-0.15564299109166077f,-0.9877947579805663f,2.3191748758853022e-17f,-0.13052619222005157f,0.9792385299218751f,-0.15509614650589804f,1.35f,0.9914263148183925f,0.12987363412365896f,-0.014377115327328688f,-0.18937500000000018f,0f,0f,0f,1f], start_interpolation: 0, interpolation_duration: 1 }
$data merge entity $(bone_book_left) { transformation: [0.9072080145913964f,0.011518466959170843f,-0.420524604726105f,0.5858984315769493f,-0.05562706888414508f,0.9941319361691627f,-0.092775657884546f,1.7959117294088485f,0.4169883061531761f,0.10755937154642656f,0.9025251986089045f,-0.4431002208561817f,0f,0f,0f,1f], start_interpolation: 0, interpolation_duration: 1 }
$data merge entity $(bone_book_right) { transformation: [0.9072080145913964f,0.011518466959170843f,-0.420524604726105f,0.6709491829448927f,-0.05562706888414508f,0.9941319361691627f,-0.092775657884546f,1.79069669170096f,0.4169883061531761f,0.10755937154642656f,0.9025251986089045f,-0.40400756715432146f,0f,0f,0f,1f], start_interpolation: 0, interpolation_duration: 1 }
$data merge entity $(bone_book_loot_1) { transformation: [0.9072080145913964f,0.011518466959170843f,-0.420524604726105f,0.6915024979698368f,-0.05562706888414508f,0.9941319361691627f,-0.092775657884546f,1.807220559237586f,0.4169883061531761f,0.10755937154642656f,0.9025251986089045f,-0.5589326737965873f,0f,0f,0f,1f], start_interpolation: 0, interpolation_duration: 1 }
$data merge entity $(bone_book_left2) { transformation: [-0.33056529785345623f,-0.7322534050825313f,-0.5954255071796082f,-0.9404127990919164f,-0.07198035969086913f,0.6486156150018105f,-0.7577048315766477f,2.4995629160070787f,0.9410342244965528f,-0.20761198115923105f,-0.26711767744818055f,-0.5820425959950402f,0f,0f,0f,1f], start_interpolation: 0, interpolation_duration: 1 }
$data merge entity $(bone_book_right2) { transformation: [0.09433483013348601f,-0.7322534050825313f,-0.6744671160024958f,-0.9287360860693293f,0.3985120794826145f,0.6486156150018105f,-0.648448846465367f,2.4834226728725657f,0.912298779090561f,-0.20761198115923105f,0.35299887103078725f,-0.673651598961708f,0f,0f,0f,1f], start_interpolation: 0, interpolation_duration: 1 }
$data merge entity $(bone_book_loot_2) { transformation: [-0.12455160557426215f,-0.7322534050825313f,-0.669546001626409f,-0.8341425423366615f,0.1721625934348046f,0.6486156150018105f,-0.7413891187477903f,2.6027011622519907f,0.9771626983111232f,-0.20761198115923105f,0.04528052902146215f,-0.6346391768315934f,0f,0f,0f,1f], start_interpolation: 0, interpolation_duration: 1 }
$data merge entity $(bone_air_staff_povit_1) { transformation: [9.475429543196579e-8f,1.2474639650752269e-8f,-0.00001562470770948573f,0.6876635364943424f,-0.0000020394717534383057f,0.000015491325958965787f,0f,1.5137592261912227f,0.000015491036169037384f,0.0000020394336018704557f,9.557192651204836e-8f,-0.1647416135936182f,0f,0f,0f,1f], start_interpolation: 0, interpolation_duration: 1 }