# This file was generated by Animated Java via MC-Build. It is not recommended to edit this file directly.
$data merge entity $(bone_wing_right_1) { transformation: [0.44825944241975824f,0.02142785638644123f,-0.6823113392701706f,-0.3226724217539922f,-0.24681591172176756f,0.7661313490380876f,-0.13809093448332255f,1.4538724752093504f,0.636466670334688f,0.2820071762140223f,0.4269971598984158f,-0.14118119309755478f,0f,0f,0f,1f], start_interpolation: 0, interpolation_duration: 1 }
$data merge entity $(bone_wing_right_2) { transformation: [0.413718670762507f,-0.14864787337883767f,-0.6683866180605753f,-0.3226724217539922f,0.06382785811056815f,0.7858926689158089f,-0.13527275214692822f,1.4538724752093504f,0.6817351875849753f,0.01662897123505036f,0.4182829321453869f,-0.14118119309755478f,0f,0f,0f,1f], start_interpolation: 0, interpolation_duration: 1 }
$data merge entity $(bone_wing_left_1) { transformation: [-0.5454336873436716f,0.03856229759649974f,-0.6065966422254654f,-0.32962696347248777f,-0.020945524958011223f,0.8133449147179937f,0.07053920279573156f,1.4347093926101298f,0.6074601403708424f,0.06266931746000595f,-0.5422261326736086f,-0.05215615455385035f,0f,0f,0f,1f], start_interpolation: 0, interpolation_duration: 1 }
$data merge entity $(bone_wing_left_2) { transformation: [-0.5080870261058853f,-0.169568834080857f,-0.5942171189147416f,-0.32962696347248777f,-0.32385772943743735f,0.7282454343149115f,0.06909962722847174f,1.4347093926101298f,0.5262734507710843f,0.28443803878515417f,-0.5311602932312901f,-0.05215615455385035f,0f,0f,0f,1f], start_interpolation: 0, interpolation_duration: 1 }
$data merge entity $(bone_staff) { transformation: [0.18341636399390887f,-0.01303433808551179f,1.5516426113799293f,-0.08091302900951045f,1.5461677741220026f,0.13332298923816305f,-0.18164923563619378f,1.436945097691653f,-0.1308812503220636f,1.5567470367954042f,0.02854841051372314f,0.7784429427791646f,0f,0f,0f,1f], start_interpolation: 0, interpolation_duration: 1 }
$data merge entity $(bone_arm_right_2) { transformation: [-0.0771165795466428f,-0.9918831411949738f,-0.10109830548638193f,-0.06763252885228196f,-0.052110978245299644f,0.10527151802372497f,-0.9930772142382981f,1.4461949536292942f,0.9956593187960145f,-0.07131438638992865f,-0.059806180186363245f,0.5804288604278478f,0f,0f,0f,1f], start_interpolation: 0, interpolation_duration: 1 }
$data merge entity $(bone_arm_right_1) { transformation: [-0.09535810706701524f,-0.9918831411949738f,-0.08411103155821564f,-0.03867494193422633f,-0.244849433923032f,0.10527151802372497f,-0.9638291665023172f,1.5173654294619094f,0.9648603972203265f,-0.07131438638992865f,-0.25290051832620175f,0.24768035138804367f,0f,0f,0f,1f], start_interpolation: 0, interpolation_duration: 1 }
$data merge entity $(bone_arm_left_2) { transformation: [-0.9430593422543992f,-0.002358267920309763f,-0.33261616851728026f,0.2426310611125266f,0.2785890198730104f,0.540749971788955f,-0.7937112989093957f,1.4515644865587847f,0.18173396763647515f,-0.8411800678705245f,-0.5093023251708598f,-0.5127382090678354f,0f,0f,0f,1f], start_interpolation: 0, interpolation_duration: 1 }
$data merge entity $(bone_arm_left_1) { transformation: [-0.6692971827531058f,-0.060334514482364016f,-0.7405410370269382f,0.02974220267901868f,0.5730953988282553f,0.5924097563624969f,-0.5662264073746562f,1.6355391136083366f,0.4728667306976025f,-0.8033744002199126f,-0.36192074832849347f,-0.33386180678235133f,0f,0f,0f,1f], start_interpolation: 0, interpolation_duration: 1 }
$data merge entity $(bone_himo_right_2) { transformation: [0.002763787464466559f,-0.6021644719689645f,-0.7983672777470211f,0.2424901802264866f,-0.34579645062022407f,0.7485426172103189f,-0.5657815523312695f,1.3306284862052298f,0.9383054812891727f,0.27763627089821014f,-0.20615752439440443f,0.06889507544140494f,0f,0f,0f,1f], start_interpolation: 0, interpolation_duration: 1 }
$data merge entity $(bone_himo_right_1) { transformation: [-0.05142484448497886f,-0.3273669981846684f,-0.9434968647903684f,0.17521201266192152f,-0.28027648341101297f,0.9115091922517701f,-0.30099183591466727f,1.49965526077797f,0.9585408589186231f,0.24896152501960042f,-0.1386274894941943f,0.11470893957324131f,0f,0f,0f,1f], start_interpolation: 0, interpolation_duration: 1 }
$data merge entity $(bone_himo_left_2) { transformation: [-0.026150731209732915f,-0.5641798407077873f,-0.8252376909691728f,0.21958807236963593f,-0.3649415780138895f,0.7739317637644797f,-0.5175396310169239f,1.3872234348708372f,0.9306630882837935f,0.2876295053977205f,-0.2261315628804041f,-0.24546851110957957f,0f,0f,0f,1f], start_interpolation: 0, interpolation_duration: 1 }
$data merge entity $(bone_himo_left_1) { transformation: [-0.06897163550219089f,-0.07660328808045151f,-0.9946732376772867f,0.19900824811906825f,-0.3045124878187926f,0.9510807098933985f,-0.052130874067856006f,1.5652252500129253f,0.9500079253661847f,0.299294870527265f,-0.08892424988441039f,-0.18990649944749494f,0f,0f,0f,1f], start_interpolation: 0, interpolation_duration: 1 }
$data merge entity $(bone_ponpon1) { transformation: [-0.9659801555073069f,-0.03097594746312357f,-0.2567544154339725f,0.24874390441488137f,-0.06632166520071145f,0.9892710059220339f,0.1301703252166632f,2.225623844931213f,0.24996754967612078f,0.14277033137444525f,-0.9576705365563604f,0.0032491998593943763f,0f,0f,0f,1f], start_interpolation: 0, interpolation_duration: 1 }
$data merge entity $(bone_ponpon2) { transformation: [-0.9659801555073069f,-0.03097594746312357f,-0.2567544154339725f,0.2647694272323609f,-0.06632166520071145f,0.9892710059220339f,0.1301703252166632f,2.1166554996250477f,0.24996754967612078f,0.14277033137444525f,-0.9576705365563604f,-0.11375248747742457f,0f,0f,0f,1f], start_interpolation: 0, interpolation_duration: 1 }
$data merge entity $(bone_ponpon3) { transformation: [-0.9659801555073069f,-0.03097594746312357f,-0.2567544154339725f,-0.3187694369456614f,-0.06632166520071145f,0.9892710059220339f,0.1301703252166632f,2.1866598666257953f,0.24996754967612078f,0.14277033137444525f,-0.9576705365563604f,0.15010513529411534f,0f,0f,0f,1f], start_interpolation: 0, interpolation_duration: 1 }
$data merge entity $(bone_ponpon4) { transformation: [-0.9659801555073069f,-0.03097594746312357f,-0.2567544154339725f,-0.37519242579122986f,-0.06632166520071145f,0.9892710059220339f,0.1301703252166632f,2.072717396429576f,0.24996754967612078f,0.14277033137444525f,-0.9576705365563604f,0.05185101418300543f,0f,0f,0f,1f], start_interpolation: 0, interpolation_duration: 1 }
$data merge entity $(bone_ear_edge_a1) { transformation: [-0.9496096058302427f,0.2538493644902601f,-0.1838534651912274f,0.15700021516171103f,0.07255259063650456f,0.748668837611641f,0.6589621333439167f,2.284858027360637f,0.3049224788480879f,0.6124177265046507f,-0.7293605488069753f,0.07100741861909798f,0f,0f,0f,1f], start_interpolation: 0, interpolation_duration: 1 }
$data merge entity $(bone_ear_edge_a2) { transformation: [-0.9776291253305118f,0.10217238688939673f,-0.1838534651912274f,0.04542162291106368f,-0.04545826125242104f,0.7508012075794369f,0.6589621333439167f,2.287188028136127f,0.2053651377167145f,0.6525782328997671f,-0.7293605488069753f,0.10123868509521487f,0f,0f,0f,1f], start_interpolation: 0, interpolation_duration: 1 }
$data merge entity $(bone_ear_edge_b1) { transformation: [-0.913548077878274f,0.40082763077231254f,-0.06904433223926268f,0.011512817935854028f,0.07216053878423019f,0.3267870973113708f,0.9423391372925026f,2.324999842082521f,0.4002783607032494f,0.8558898313686542f,-0.32745966242035984f,0.05683758777718281f,0f,0f,0f,1f], start_interpolation: 0, interpolation_duration: 1 }
$data merge entity $(bone_ear_edge_b2) { transformation: [-0.9926984021387361f,0.09890784891420104f,-0.06904433223926268f,0.04181583624955143f,-0.03235401598156197f,0.33309183114673724f,0.9423391372925026f,2.328608737651545f,0.11620284007314519f,0.9376924172917679f,-0.32745966242035984f,0.06083365820343806f,0f,0f,0f,1f], start_interpolation: 0, interpolation_duration: 1 }
$data merge entity $(bone_ear_right_2) { transformation: [-0.9650040410866799f,0.25298237265076695f,-0.06904433223926268f,0.11407053111588816f,0.02015135805829324f,0.3340522011530955f,0.9423391372925026f,2.393617713787107f,0.2614596019556056f,0.9079697385005516f,-0.32745966242035984f,0.137245284431575f,0f,0f,0f,1f], start_interpolation: 0, interpolation_duration: 1 }
$data merge entity $(bone_ear_right_1) { transformation: [-0.9650040410866799f,0.18698958266051974f,-0.1838534651912274f,0.07199787501727128f,0.02015135805829324f,0.7519061308349869f,0.6589621333439167f,2.224438834349235f,0.2614596019556056f,0.6321962245926529f,-0.7293605488069753f,-0.004998866101771689f,0f,0f,0f,1f], start_interpolation: 0, interpolation_duration: 1 }
$data merge entity $(bone_ear_edge_a3) { transformation: [-0.949241631070337f,-0.18170717101447925f,-0.2567544154339725f,-0.23253295401566795f,-0.2202612160388214f,0.9667164440217656f,0.1301703252166632f,2.3016679821279205f,0.22455583393006254f,0.18011613159244505f,-0.9576705365563604f,0.11977533725025995f,0f,0f,0f,1f], start_interpolation: 0, interpolation_duration: 1 }
$data merge entity $(bone_ear_edge_a4) { transformation: [-0.965980155507307f,-0.030975947463123557f,-0.2567544154339725f,-0.12157867472260217f,-0.06632166520071145f,0.9892710059220339f,0.1301703252166632f,2.319276506503022f,0.24996754967612078f,0.14277033137444525f,-0.9576705365563604f,0.09242157332483653f,0f,0f,0f,1f], start_interpolation: 0, interpolation_duration: 1 }
$data merge entity $(bone_ear_edge_b3) { transformation: [-0.9297926566278878f,-0.2637475797728081f,-0.2567544154339725f,-0.099868269632552f,-0.30367794531820635f,0.9438407662102228f,0.1301703252166632f,2.3164845600955872f,0.20800317595692433f,0.19900206582768332f,-0.9576705365563604f,0.0862214546901703f,0f,0f,0f,1f], start_interpolation: 0, interpolation_duration: 1 }
$data merge entity $(bone_ear_edge_b4) { transformation: [-0.9657878492643948f,0.036482877743042444f,-0.2567544154339725f,-0.1282952582865623f,0.0028479479928270324f,0.9914875569694348f,0.1301703252166632f,2.324447983231417f,0.2593177961603964f,0.12498569520696323f,-0.9576705365563604f,0.09492523737498601f,0f,0f,0f,1f], start_interpolation: 0, interpolation_duration: 1 }
$data merge entity $(bone_ear_left_2) { transformation: [-0.959604577669758f,-0.11504879256386984f,-0.2567544154339725f,-0.1953831421864261f,-0.15228994054142236f,0.9797262170845884f,0.1301703252166632f,2.428296816893089f,0.2365730934090675f,0.1640131546148584f,-0.9576705365563604f,0.09439598110560159f,0f,0f,0f,1f], start_interpolation: 0, interpolation_duration: 1 }
$data merge entity $(bone_ear_left_1) { transformation: [-0.959604577669758f,-0.11504879256386984f,-0.2567544154339725f,-0.16949716385955543f,-0.15228994054142236f,0.9797262170845884f,0.1301703252166632f,2.207858418049057f,0.2365730934090675f,0.1640131546148584f,-0.9576705365563604f,0.0574930213172585f,0f,0f,0f,1f], start_interpolation: 0, interpolation_duration: 1 }
$data merge entity $(bone_head) { transformation: [-0.9659801555073069f,-0.03097594746312357f,-0.2567544154339725f,-0.02485089586397959f,-0.06632166520071145f,0.9892710059220339f,0.1301703252166632f,1.7050794130010827f,0.24996754967612078f,0.14277033137444525f,-0.9576705365563604f,-0.016995512954273553f,0f,0f,0f,1f], start_interpolation: 0, interpolation_duration: 1 }
$data merge entity $(bone_body_1) { transformation: [-0.07614795346286957f,-0.06947401983475818f,-0.9946732376772867f,0.0012018615740547263f,-0.20982396555185684f,0.976348439569099f,-0.052130874067856006f,1.3389487481626705f,0.9747694048663559f,0.20473662378525512f,-0.08892424988441039f,-0.09377174687374422f,0f,0f,0f,1f], start_interpolation: 0, interpolation_duration: 1 }
$data merge entity $(bone_leg_left_2) { transformation: [-0.07861347022497027f,-0.35749674532753983f,-0.9305998062429433f,0.2529736638396278f,-0.19199986082504145f,0.9214416899872824f,-0.3377591825495579f,0.749704389817343f,0.9782412666322926f,0.15212261184188572f,-0.14107705420815442f,-0.29308664216007596f,0f,0f,0f,1f], start_interpolation: 0, interpolation_duration: 1 }
$data merge entity $(bone_leg_left_1) { transformation: [-0.07861347022497027f,-0.5712973104855438f,-0.8169695865398979f,0.03618414244961177f,-0.19199986082504145f,0.8128398095763995f,-0.549934084605571f,1.0528007743941004f,0.9782412666322926f,0.11362582012811576f,-0.17358916227074966f,-0.2510194257441286f,0f,0f,0f,1f], start_interpolation: 0, interpolation_duration: 1 }
$data merge entity $(bone_leg_right_2) { transformation: [-0.1192104926282749f,0.07884995899550609f,-0.9897330662424748f,0.3018654783970565f,0.14857018443954734f,0.9870347187560575f,0.06074013718908727f,1.1171913204600095f,0.9816902560089525f,-0.13980396252094304f,-0.12937964801513346f,0.032062505220371885f,0f,0f,0f,1f], start_interpolation: 0, interpolation_duration: 1 }
$data merge entity $(bone_leg_right_1) { transformation: [-0.1192104926282749f,-0.9698747307014156f,-0.21244261623831626f,-0.02511816999068677f,0.14857018443954734f,0.19413414161853837f,-0.9696591335895476f,1.074474898804461f,0.9816902560089525f,-0.1471561816740628f,0.12095164096525232f,-0.0011796452053664669f,0f,0f,0f,1f], start_interpolation: 0, interpolation_duration: 1 }
$data merge entity $(bone_skirt_forward_right) { transformation: [-0.16845363495351162f,-0.6720630406855538f,-0.7210788044419533f,0.004821300948293786f,-0.014041524187062573f,0.7330945774863384f,-0.6799817468569513f,1.2290952619493842f,0.985609561880085f,-0.10442035148674217f,-0.1329292357832995f,-0.1065017656116552f,0f,0f,0f,1f], start_interpolation: 0, interpolation_duration: 1 }
$data merge entity $(bone_skirt_forward_left) { transformation: [-0.007106299612410064f,-0.659125266856015f,-0.7519995898255567f,0.005307454299838961f,-0.21902217327058607f,0.7347844836142854f,-0.6419665491717752f,1.191517196958206f,0.9756940033236076f,0.16014257782262314f,-0.14958464709547253f,-0.11092368880265335f,0f,0f,0f,1f], start_interpolation: 0, interpolation_duration: 1 }
$data merge entity $(bone_skirt_forward) { transformation: [-0.08853741716037258f,-0.6180649745343417f,-0.7811253503865007f,0.004821300948293786f,-0.11753739745783769f,0.785208874928147f,-0.6079736696049525f,1.2290952619493842f,0.9891137881767741f,0.03798302236443465f,-0.1421661142841514f,-0.1065017656116552f,0f,0f,0f,1f], start_interpolation: 0, interpolation_duration: 1 }
$data merge entity $(bone_skirt_back_right) { transformation: [-0.08767441700747382f,-0.04884011197028502f,-0.9949511747141814f,0.011154131550941443f,-0.03055041020255654f,0.9984593670947834f,-0.046320240685257766f,1.2529945302683159f,0.9956806059368913f,0.026335066421307896f,-0.08903142837071742f,-0.10309492778924671f,0f,0f,0f,1f], start_interpolation: 0, interpolation_duration: 1 }
$data merge entity $(bone_skirt_back_left) { transformation: [-0.08872659410832677f,-0.06424274700221831f,-0.993982123056318f,0.011154131550941443f,-0.20362985414744367f,0.9780116773641567f,-0.04503378108974952f,1.2529945302683159f,0.9750192172453972f,0.19840874072721099f,-0.09985738633278622f,-0.10309492778924671f,0f,0f,0f,1f], start_interpolation: 0, interpolation_duration: 1 }
$data merge entity $(bone_skirt_back) { transformation: [-0.08853741716037258f,0.006036189169423556f,-0.9960545618503441f,0.011154131550941443f,-0.11753739745783769f,0.9929319542718122f,0.016464944117672978f,1.2529945302683159f,0.9891137881767741f,0.1185314245517649f,-0.08720215268169021f,-0.10309492778924671f,0f,0f,0f,1f], start_interpolation: 0, interpolation_duration: 1 }
$data merge entity $(bone_skirt_right) { transformation: [-0.10971215412948142f,-0.33001220680955656f,-0.9375794294847533f,-0.003953959055738705f,0.05895851723375091f,0.9394520169860245f,-0.3375704386146505f,1.2530213726726627f,0.9922132515149483f,-0.09231387294213433f,-0.08361227410229354f,0.09143832608489665f,0f,0f,0f,1f], start_interpolation: 0, interpolation_duration: 1 }
$data merge entity $(bone_skirt_left) { transformation: [-0.07114103792449311f,-0.3362252068833891f,-0.9390908172159113f,0.019454908090688238f,-0.2452548164082618f,0.9184699215331898f,-0.31026291797017214f,1.2909997965296112f,0.9668448829836023f,0.20824411995309294f,-0.1478017549063143f,-0.29371812286799465f,0f,0f,0f,1f], start_interpolation: 0, interpolation_duration: 1 }
$data merge entity $(bone_coat_downer) { transformation: [-0.08853741716037258f,-0.2130903037025623f,-0.9730126660175189f,0.027791173067445777f,-0.11753739745783769f,0.9722591766489724f,-0.20223019957637506f,1.118016751323647f,0.9891137881767741f,0.09646043691489246f,-0.11112739603166986f,-0.10974677739985861f,0f,0f,0f,1f], start_interpolation: 0, interpolation_duration: 1 }
$data merge entity $(bone_body_2) { transformation: [-0.08853741716037258f,-0.1274757891536165f,-0.9878821027542876f,1.14919980884274e-17f,-0.11753739745783769f,0.9861849601988383f,-0.1167226819279526f,1.3392857142857142f,0.9891137881767741f,0.10577876657098252f,-0.10229744171441012f,-0.09383928571428575f,0f,0f,0f,1f], start_interpolation: 0, interpolation_duration: 1 }
$data merge entity $(bone_book_left) { transformation: [0.1291389656546369f,-0.02559478735968753f,-0.9912961386032242f,0.5508619441776459f,-0.11475129182535547f,0.9925652049898701f,-0.040576530997968485f,1.7724466979500821f,0.9849646027010629f,0.11899252372913754f,0.12524180900365506f,-0.42160442115236907f,0f,0f,0f,1f], start_interpolation: 0, interpolation_duration: 1 }
$data merge entity $(bone_book_right) { transformation: [0.1291389656546369f,-0.02559478735968753f,-0.9912961386032242f,0.5629687222077682f,-0.11475129182535547f,0.9925652049898701f,-0.040576530997968485f,1.7616887643414552f,0.9849646027010629f,0.11899252372913754f,0.12524180900365506f,-0.32926398964914444f,0f,0f,0f,1f], start_interpolation: 0, interpolation_duration: 1 }
$data merge entity $(bone_book_loot_1) { transformation: [0.1291389656546369f,-0.02559478735968753f,-0.9912961386032242f,0.7056097539831907f,-0.11475129182535547f,0.9925652049898701f,-0.040576530997968485f,1.7731542107954639f,0.9849646027010629f,0.11899252372913754f,0.12524180900365506f,-0.394220476751305f,0f,0f,0f,1f], start_interpolation: 0, interpolation_duration: 1 }
$data merge entity $(bone_book_left2) { transformation: [-0.2680977577000821f,-0.6490011321471946f,-0.7119839343607746f,-0.8446073234415085f,-0.09343167538730807f,0.7530708296931494f,-0.6512717155685421f,2.461336190641447f,0.9588504129166909f,-0.1080826347612375f,-0.2625338639348459f,-0.5475131723599584f,0f,0f,0f,1f], start_interpolation: 0, interpolation_duration: 1 }
$data merge entity $(bone_book_right2) { transformation: [0.10412047411121204f,-0.6490011321471946f,-0.7536288591491942f,-0.8366768756078196f,0.22865064919778966f,0.7530708296931494f,-0.6169304710311372f,2.4547965834808747f,0.9679244843954954f,-0.1080826347612375f,0.22680462202253104f,-0.6406979567152519f,0f,0f,0f,1f], start_interpolation: 0, interpolation_duration: 1 }
$data merge entity $(bone_book_loot_2) { transformation: [-0.08459144355934863f,-0.6490011321471946f,-0.7560699823086519f,-0.7272316021783662f,0.06975580971277152f,0.7530708296931494f,-0.6542311919165785f,2.5562010658486476f,0.9939710331231293f,-0.1080826347612375f,-0.018431749108746925f,-0.5913408021712931f,0f,0f,0f,1f], start_interpolation: 0, interpolation_duration: 1 }
$data merge entity $(bone_air_staff_povit_1) { transformation: [-0.0000013833971431308218f,-1.637358418902885e-7f,-0.000015562776998931068f,0.6823823558713692f,-0.000001836521835278714f,0.000015516694639920727f,0f,1.503408402860057f,0.000015454902940262095f,0.0000018292083056710557f,-0.0000013930531510111311f,-0.005958168271064379f,0f,0f,0f,1f], start_interpolation: 0, interpolation_duration: 1 }