# This file was generated by Animated Java via MC-Build. It is not recommended to edit this file directly.
$data merge entity $(bone_wing_right_1) { transformation: [-0.20665899127966134f,-0.2122869888855052f,0.7610326800589067f,0.1748511757826266f,-0.3350082914413704f,0.7359648215284419f,0.11432265996987197f,1.5505640773147982f,-0.7155459107794907f,-0.2832568803524081f,-0.2733203866238572f,0.1453387442220043f,0f,0f,0f,1f], start_interpolation: 0, interpolation_duration: 1 }
$data merge entity $(bone_wing_right_2) { transformation: [-0.2666123028302326f,-0.11465400679617435f,0.745501400874031f,0.1748511757826266f,-0.027297070708695526f,0.7916522038510995f,0.11198954446028275f,1.5505640773147982f,-0.7537723462095732f,0.011884732360468386f,-0.26774241954990097f,0.1453387442220043f,0f,0f,0f,1f], start_interpolation: 0, interpolation_duration: 1 }
$data merge entity $(bone_wing_left_1) { transformation: [0.7340870251109826f,-0.3052867816319842f,0.1867101094449273f,0.22946884719135813f,0.2621556887389449f,0.7488107009997139f,0.1936527133157987f,1.5430198451912844f,-0.2435879284159234f,-0.11413570639176238f,0.7710916975956469f,0.04601589161283887f,0f,0f,0f,1f], start_interpolation: 0, interpolation_duration: 1 }
$data merge entity $(bone_wing_left_2) { transformation: [0.778810943052495f,-0.0011023020459273447f,0.18289969904809206f,0.22946884719135813f,-0.04345192564209176f,0.7759675289727851f,0.18970061712568037f,1.5430198451912844f,-0.17766666862323172f,-0.19461032580536258f,0.755355132338593f,0.04601589161283887f,0f,0f,0f,1f], start_interpolation: 0, interpolation_duration: 1 }
$data merge entity $(bone_staff) { transformation: [-1.381378183109804f,0.029672450739896102f,-0.7296027075712808f,0.3104215725143378f,-0.03995324466434559f,-1.5619420786580356f,0.012121516332722073f,2.085031279597154f,-0.7291119965197707f,0.02937241196262124f,1.381643661711098f,-0.8523078838817466f,0f,0f,0f,1f], start_interpolation: 0, interpolation_duration: 1 }
$data merge entity $(bone_arm_right_2) { transformation: [0.46694573284561947f,0.8508095054629639f,0.241008024744268f,0.20033468941888793f,-0.00775777045294191f,0.2764762527785956f,-0.9609894373233793f,1.6037217228721903f,-0.8842519434951028f,0.4468602321345819f,0.13569979131067472f,-0.6255803202851675f,0f,0f,0f,1f], start_interpolation: 0, interpolation_duration: 1 }
$data merge entity $(bone_arm_right_1) { transformation: [0.46694573284561947f,0.8508095054629639f,0.241008024744268f,0.047118120828919065f,-0.00775777045294191f,0.2764762527785956f,-0.9609894373233793f,1.6062672413020618f,-0.8842519434951028f,0.4468602321345819f,0.13569979131067472f,-0.33543515132583684f,0f,0f,0f,1f], start_interpolation: 0, interpolation_duration: 1 }
$data merge entity $(bone_arm_left_2) { transformation: [-0.263704759535248f,-0.9589869375579185f,0.10394158644037094f,-0.519569111535948f,0.2634469712853236f,-0.1752612492434975f,-0.948619622311387f,1.5564333984543708f,0.9279307587956369f,-0.22277241325373476f,0.29885942978942504f,0.023480761969825986f,0f,0f,0f,1f], start_interpolation: 0, interpolation_duration: 1 }
$data merge entity $(bone_arm_left_1) { transformation: [0.7048053069289199f,-0.7017447013929563f,0.10394158644037094f,-0.24793924684212137f,0.2822671220554154f,0.14298980373563241f,-0.948619622311387f,1.6429566687929604f,0.6508262065493243f,0.6979314365283709f,0.29885942978942504f,0.20364584160883017f,0f,0f,0f,1f], start_interpolation: 0, interpolation_duration: 1 }
$data merge entity $(bone_himo_right_2) { transformation: [0.3012628610628958f,0.6586918700151728f,0.689467699693113f,-0.2211220588645009f,-0.9187752872447479f,0.39398470386672524f,0.02506042033525313f,1.3026387063064568f,-0.2551326323552694f,-0.6410156577611527f,0.7238827711808782f,-0.18534233736207636f,0f,0f,0f,1f], start_interpolation: 0, interpolation_duration: 1 }
$data merge entity $(bone_himo_right_1) { transformation: [0.5194279959517902f,0.2546405493566988f,0.8156915762988025f,-0.16827888350825237f,-0.5711315870024143f,0.8134898770505637f,0.10974028551248663f,1.4558539350378905f,-0.635612513525033f,-0.5228694010549643f,0.5679826776327007f,-0.2798304583246778f,0f,0f,0f,1f], start_interpolation: 0, interpolation_duration: 1 }
$data merge entity $(bone_himo_left_2) { transformation: [0.3012628610628958f,0.6586918700151728f,0.689467699693113f,-0.3713683003815732f,-0.9187752872447479f,0.39398470386672524f,0.02506042033525313f,1.32339192577654f,-0.2551326323552694f,-0.6410156577611527f,0.7238827711808782f,0.08788215054415088f,0f,0f,0f,1f], start_interpolation: 0, interpolation_duration: 1 }
$data merge entity $(bone_himo_left_1) { transformation: [0.5194279959517902f,0.2546405493566988f,0.8156915762988025f,-0.3185251250253247f,-0.5711315870024143f,0.8134898770505637f,0.10974028551248663f,1.4766071545079738f,-0.635612513525033f,-0.5228694010549643f,0.5679826776327007f,-0.006605970418450548f,0f,0f,0f,1f], start_interpolation: 0, interpolation_duration: 1 }
$data merge entity $(bone_ponpon1) { transformation: [0.9734954930722182f,-0.22136245183104988f,0.057490780890715076f,-0.5129782904658191f,0.197635506452065f,0.9407316218563313f,0.27561607759525253f,2.1163870705725514f,-0.11509444624965148f,-0.2569487897595599f,0.9595470743447574f,-0.20742848893956836f,0f,0f,0f,1f], start_interpolation: 0, interpolation_duration: 1 }
$data merge entity $(bone_ponpon2) { transformation: [0.9734954930722182f,-0.22136245183104988f,0.057490780890715076f,-0.5164243042686414f,0.197635506452065f,0.9407316218563313f,0.27561607759525253f,2.0172232936231125f,-0.11509444624965148f,-0.2569487897595599f,0.9595470743447574f,-0.08103631026544045f,0f,0f,0f,1f], start_interpolation: 0, interpolation_duration: 1 }
$data merge entity $(bone_ponpon3) { transformation: [0.9734954930722182f,-0.22136245183104988f,0.057490780890715076f,0.058950311714109194f,0.197635506452065f,0.9407316218563313f,0.27561607759525253f,2.23249793061314f,-0.11509444624965148f,-0.2569487897595599f,0.9595470743447574f,-0.2750464761112386f,0f,0f,0f,1f], start_interpolation: 0, interpolation_duration: 1 }
$data merge entity $(bone_ponpon4) { transformation: [0.9734954930722182f,-0.22136245183104988f,0.057490780890715076f,0.1285164598917031f,0.197635506452065f,0.9407316218563313f,0.27561607759525253f,2.1481568166476057f,-0.11509444624965148f,-0.2569487897595599f,0.9595470743447574f,-0.15728638090583452f,0f,0f,0f,1f], start_interpolation: 0, interpolation_duration: 1 }
$data merge entity $(bone_ear_edge_a1) { transformation: [0.8910260925153592f,-0.450296916011408f,0.057490780890715076f,-0.4465468925049433f,0.41934846448086427f,0.864975515901201f,0.27561607759525253f,2.2344676836136075f,-0.17383718760481245f,-0.22147244596578075f,0.9595470743447574f,-0.22252843425569094f,0f,0f,0f,1f], start_interpolation: 0, interpolation_duration: 1 }
$data merge entity $(bone_ear_edge_a2) { transformation: [0.9504980399089754f,-0.30536582363088816f,0.057490780890715076f,-0.34014105268863754f,0.2788736069113218f,0.9199267846623866f,0.27561607759525253f,2.2758601976787305f,-0.1370510397533145f,-0.2459398800905454f,0.9595470743447574f,-0.24079309021618675f,0f,0f,0f,1f], start_interpolation: 0, interpolation_duration: 1 }
$data merge entity $(bone_ear_edge_b1) { transformation: [0.8483895070532521f,-0.5262414411983485f,0.057490780890715076f,-0.31759118577174605f,0.4931403005156596f,0.8251353960280291f,0.27561607759525253f,2.2781154591708996f,-0.19247828014938248f,-0.20547876724165995f,0.9595470743447574f,-0.24279194554672565f,0f,0f,0f,1f], start_interpolation: 0, interpolation_duration: 1 }
$data merge entity $(bone_ear_edge_b2) { transformation: [0.9694839175140828f,-0.23831857626740297f,0.057490780890715076f,-0.3483117520627848f,0.2140234362202049f,0.9371391286887468f,0.27561607759525253f,2.2791985191683346f,-0.11956129152046716f,-0.2549009801596971f,0.9595470743447574f,-0.2412624316370661f,0f,0f,0f,1f], start_interpolation: 0, interpolation_duration: 1 }
$data merge entity $(bone_ear_right_2) { transformation: [0.9202667227356172f,-0.3870451771279698f,0.057490780890715076f,-0.4334236507908281f,0.3579893108334956f,0.8921207491701818f,0.27561607759525253f,2.3680471212901772f,-0.15796459209077443f,-0.233059219431482f,0.9595470743447574f,-0.22911602775971388f,0f,0f,0f,1f], start_interpolation: 0, interpolation_duration: 1 }
$data merge entity $(bone_ear_right_1) { transformation: [0.9202667227356172f,-0.3870451771279698f,0.057490780890715076f,-0.34633848593703503f,0.3579893108334956f,0.8921207491701818f,0.27561607759525253f,2.1673199527268867f,-0.15796459209077443f,-0.233059219431482f,0.9595470743447574f,-0.1766777033876305f,0f,0f,0f,1f], start_interpolation: 0, interpolation_duration: 1 }
$data merge entity $(bone_ear_edge_a3) { transformation: [0.9998666240167006f,-0.0040985975073402625f,0.01580935406390655f,-0.05077091454189611f,-0.010265356008232022f,0.5951705283254448f,0.8035338603188015f,2.258540841661498f,-0.012702623487665515f,-0.8035889768477936f,0.5950490733084516f,-0.31581618949211665f,0f,0f,0f,1f], start_interpolation: 0, interpolation_duration: 1 }
$data merge entity $(bone_ear_edge_a4) { transformation: [0.9869154447830415f,-0.1604617374104265f,0.01580935406390655f,-0.16606581620495675f,0.08296621076491353f,0.5894488469684853f,0.8035338603188015f,2.254924479327208f,-0.13825524481914825f,-0.7917083349534414f,0.5950490733084516f,-0.3078696053849485f,0f,0f,0f,1f], start_interpolation: 0, interpolation_duration: 1 }
$data merge entity $(bone_ear_edge_b3) { transformation: [0.996255932310647f,0.08409097617305969f,-0.020070502288300894f,-0.18642272462681608f,0.006450065982886256f,0.1592103903811023f,0.9872236059999343f,2.2981898525181235f,0.08621202923408772f,-0.9836568300586133f,0.15807190355778555f,-0.2652459595823598f,0f,0f,0f,1f], start_interpolation: 0, interpolation_duration: 1 }
$data merge entity $(bone_ear_edge_b4) { transformation: [0.9734812370327985f,-0.22788474297983827f,-0.020070502288300894f,-0.15928793240561712f,0.055333093592387944f,0.14942489923029095f,0.9872236059999343f,2.3010225236418025f,-0.22197416493499367f,-0.9621542201783615f,0.15807190355778555f,-0.279491823909154f,0f,0f,0f,1f], start_interpolation: 0, interpolation_duration: 1 }
$data merge entity $(bone_ear_left_2) { transformation: [0.9971450954643082f,-0.07279308709877791f,-0.020070502288300894f,-0.11957766394200293f,0.031276647215480124f,0.15624123365950798f,0.9872236059999343f,2.350477108860309f,-0.06872721389983283f,-0.9850329148689323f,0.15807190355778555f,-0.3856190264100358f,0f,0f,0f,1f], start_interpolation: 0, interpolation_duration: 1 }
$data merge entity $(bone_ear_left_1) { transformation: [0.9971450954643082f,-0.07383578343565536f,0.01580935406390655f,-0.1029646126689805f,0.031276647215480124f,0.5944367978684726f,0.8035338603188015f,2.216728829339903f,-0.06872721389983283f,-0.8007453842666343f,0.5950490733084516f,-0.20545131495004337f,0f,0f,0f,1f], start_interpolation: 0, interpolation_duration: 1 }
$data merge entity $(bone_head) { transformation: [0.9734954930722182f,-0.22136245183104988f,0.057490780890715076f,-0.11299987964242952f,0.197635506452065f,0.9407316218563313f,0.27561607759525253f,1.701286432407173f,-0.11509444624965148f,-0.2569487897595599f,0.9595470743447574f,-0.0893641004903361f,0f,0f,0f,1f], start_interpolation: 0, interpolation_duration: 1 }
$data merge entity $(bone_body_1) { transformation: [0.48078797285463154f,-0.21205214116391352f,0.850809505462964f,-0.03348032670596197f,-0.06641030230426662f,0.958723397752116f,0.27647625277859544f,1.3417651582501295f,-0.874318361299927f,-0.18942897357700458f,0.44686023213458204f,-0.018328235398959385f,0f,0f,0f,1f], start_interpolation: 0, interpolation_duration: 1 }
$data merge entity $(bone_leg_left_2) { transformation: [0.4436676228139545f,0.5274724258766996f,0.7245218287990801f,-0.48273451938815226f,-0.08692968745674942f,0.829962516254343f,-0.5510040390518305f,1.0140566137007585f,-0.8919653972578118f,0.18148019603391644f,0.4140805097347674f,-0.0944377382080161f,0f,0f,0f,1f], start_interpolation: 0, interpolation_duration: 1 }
$data merge entity $(bone_leg_left_1) { transformation: [0.4411445628789072f,0.8413160557538724f,0.31237600575768387f,-0.19300877051496335f,-0.09593148067952709f,0.3902890148420075f,-0.9156809684100072f,1.1252607737574145f,-0.8922940242190414f,0.3739809877846759f,0.25288257179684526f,0.036845175192637164f,0f,0f,0f,1f], start_interpolation: 0, interpolation_duration: 1 }
$data merge entity $(bone_leg_right_2) { transformation: [0.5126749418128073f,0.2595350144394888f,0.8184167522217081f,-0.3079771007582471f,0.09194805698279471f,0.9311397917093f,-0.3528799273303174f,1.061698888925378f,-0.8536451012302029f,0.25616452637993353f,0.4535082982374422f,-0.3326367431006648f,0f,0f,0f,1f], start_interpolation: 0, interpolation_duration: 1 }
$data merge entity $(bone_leg_right_1) { transformation: [0.5126749418128073f,0.8192709243532887f,0.25682592654664393f,-0.021147172923117116f,0.09194805698279471f,0.24501752961209505f,-0.9651486750754387f,1.1201291041407828f,-0.8536451012302029f,0.5184221857637784f,0.05028397810021551f,-0.15408120391754243f,0f,0f,0f,1f], start_interpolation: 0, interpolation_duration: 1 }
$data merge entity $(bone_skirt_forward_right) { transformation: [0.5859102708374453f,0.5575636419324481f,0.5880747739209833f,-0.027989528212687503f,0.11641836064159694f,0.6602413321763867f,-0.7419758409756163f,1.2853751330590086f,-0.8019700242731733f,0.5031939670554233f,0.3219315326064085f,-0.022447618344375756f,0f,0f,0f,1f], start_interpolation: 0, interpolation_duration: 1 }
$data merge entity $(bone_skirt_forward_left) { transformation: [0.35987756122170256f,0.7243315547502425f,0.5880747739209833f,-0.027989528212687503f,-0.11641836064159694f,0.6602413321763867f,-0.7419758409756163f,1.2853751330590086f,-0.9257077866339045f,0.19855775502116796f,0.3219315326064085f,-0.022447618344375756f,0f,0f,0f,1f], start_interpolation: 0, interpolation_duration: 1 }
$data merge entity $(bone_skirt_forward) { transformation: [0.4801890669352923f,0.6508352481800577f,0.5880747739209833f,-0.027989528212687503f,0f,0.6704266189587991f,-0.7419758409756163f,1.2853751330590086f,-0.8771650129797774f,0.35628868676660996f,0.3219315326064085f,-0.022447618344375756f,0f,0f,0f,1f], start_interpolation: 0, interpolation_duration: 1 }
$data merge entity $(bone_skirt_back_right) { transformation: [0.5146228653467373f,0.15327267520528032f,0.843605828273922f,-0.03836707119557577f,0.16700462579022768f,0.9471302980361772f,-0.2739592186924324f,1.2816416382000273f,-0.8409951019042736f,0.28187175377699447f,0.46181766206556185f,-0.02812862774203272f,0f,0f,0f,1f], start_interpolation: 0, interpolation_duration: 1 }
$data merge entity $(bone_skirt_back_left) { transformation: [0.43116496671241056f,0.3200405880230746f,0.843605828273922f,-0.03836707119557577f,-0.16700462579022768f,0.9471302980361772f,-0.2739592186924324f,1.2816416382000273f,-0.8866827090028042f,-0.02276445825726084f,0.46181766206556185f,-0.02812862774203272f,0f,0f,0f,1f], start_interpolation: 0, interpolation_duration: 1 }
$data merge entity $(bone_skirt_back) { transformation: [0.4801890669352923f,0.24030744162027712f,0.843605828273922f,-0.03836707119557577f,0f,0.9617413095492113f,-0.2739592186924324f,1.2816416382000273f,-0.8771650129797774f,0.13155222160224078f,0.46181766206556185f,-0.02812862774203272f,0f,0f,0f,1f], start_interpolation: 0, interpolation_duration: 1 }
$data merge entity $(bone_skirt_right) { transformation: [0.5539903198127626f,0.28156671690787194f,0.7834634066014028f,0.061009739976592384f,0.23753237585794934f,0.8484958407029461f,-0.4728986981680945f,1.3534248788234369f,-0.7979179757174484f,0.4480792254049756f,0.4031772709211745f,-0.19460852560316463f,0f,0f,0f,1f], start_interpolation: 0, interpolation_duration: 1 }
$data merge entity $(bone_skirt_left) { transformation: [0.37366372269613524f,0.5291850068133969f,0.7617996133529936f,-0.12506352346083338f,-0.23753237585794934f,0.8484958407029461f,-0.4728986981680945f,1.3534248788234369f,-0.8966347041912572f,-0.004246984071757526f,0.44275068646604104f,0.14529291692649912f,0f,0f,0f,1f], start_interpolation: 0, interpolation_duration: 1 }
$data merge entity $(bone_coat_downer) { transformation: [0.4801890669352923f,0.4172009155226243f,0.7715969518361884f,-0.07408615659273587f,0f,0.8796485728666166f,-0.47562420907027514f,1.1855642008237355f,-0.8771650129797774f,0.2283895451652918f,0.422397627435782f,-0.04946374030548352f,0f,0f,0f,1f], start_interpolation: 0, interpolation_duration: 1 }
$data merge entity $(bone_body_2) { transformation: [0.4801890669352923f,0.3483642346435485f,0.8050222481503401f,0f,0f,0.9177546256839811f,-0.3971478906347805f,1.390625f,-0.8771650129797774f,0.19070607503923476f,0.4406957373827393f,0f,0f,0f,0f,1f], start_interpolation: 0, interpolation_duration: 1 }
$data merge entity $(bone_book_left) { transformation: [0.30475593561034575f,0.7110474172511695f,0.6336682019248747f,1.053283455453428f,0.12262172659775772f,0.6304877968423347f,-0.7664522491317274f,0.7584144778206492f,-0.9445039607521227f,0.3112823612949181f,0.10495503642137666f,0.676229782290444f,0f,0f,0f,1f], start_interpolation: 0, interpolation_duration: 1 }
$data merge entity $(bone_book_right) { transformation: [0.5440024316071413f,0.7110474172511695f,0.44550300203922144f,1.0940349777101734f,-0.2127836915598732f,0.6304877968423347f,-0.7464638227262266f,0.7540855221793505f,-0.8116553794632732f,0.3112823612949181f,0.4942861888976768f,0.5919111243503792f,0f,0f,0f,1f], start_interpolation: 0, interpolation_duration: 1 }
$data merge entity $(bone_book_loot_1) { transformation: [0.43468290407195176f,0.7110474172511695f,0.5526864783292743f,0.9907562448324096f,-0.04617552684051872f,0.6304877968423347f,-0.7748244696406401f,0.8724736704460959f,-0.8993990180273573f,0.3112823612949181f,0.3068952556135157f,0.5880361649783842f,0f,0f,0f,1f], start_interpolation: 0, interpolation_duration: 1 }
$data merge entity $(bone_book_left2) { transformation: [-0.38159880223607334f,-0.5572413313906531f,-0.7374716623179268f,-1.1656643043708828f,-0.2404126784817685f,0.8302219064801792f,-0.5029247757126688f,0.7503502612296435f,0.8925156010721692f,-0.014617954384545134f,-0.4507795661433595f,-0.8045600051688454f,0f,0f,0f,1f], start_interpolation: 0, interpolation_duration: 1 }
$data merge entity $(bone_book_right2) { transformation: [-0.0341769739785856f,-0.5572413313906531f,-0.829646932760942f,-1.1457016195212786f,-0.0053426881123460335f,0.8302219064801792f,-0.557407428802443f,0.7621497387703562f,0.9994015159751365f,-0.014617954384545134f,-0.03135163913115363f,-0.8953968151269324f,0f,0f,0f,1f], start_interpolation: 0, interpolation_duration: 1 }
$data merge entity $(bone_book_loot_2) { transformation: [-0.21293530506244449f,-0.5572413313906531f,-0.8025837367203099f,-1.0352954014380342f,-0.1258610937676019f,0.8302219064801792f,-0.5430382777263858f,0.8377057416589577f,0.9689259728862604f,-0.014617954384545134f,-0.24691855838722362f,-0.8129406263898054f,0f,0f,0f,1f], start_interpolation: 0, interpolation_duration: 1 }
$data merge entity $(bone_air_staff_povit_1) { transformation: [0.000007502954170863943f,0f,0.000013705703327809023f,-0.5995851818329916f,0f,0.000015625f,0f,1.5567475f,-0.000013705703327809023f,0f,0.000007502954170863943f,-0.336460921999195f,0f,0f,0f,1f], start_interpolation: 0, interpolation_duration: 1 }