execute if entity @s[tag=aj.frestchika_v2.bone.hair] run data modify entity @s {} merge value {transformation:[-0.9897451176217906f,0.05097550207516671f,-0.13343950064359633f,-0.03386298801467789f,0.0028668974040061074f,0.9410585873042172f,0.3382314535348035f,1.4382084643897464f,0.142815906127793f,0.33438037240420637f,-0.931554283714976f,-0.3719545596076965f,0f,0f,0f,1f],start_interpolation:0}
execute if entity @s[tag=aj.frestchika_v2.bone.side_hair_2] run data modify entity @s {} merge value {transformation:[-0.9897451176217906f,0.04690023238879956f,-0.13492579570157912f,0.460419758369092f,0.0028668974040061074f,0.9508947510122099f,0.30950113634153625f,1.8143670270228116f,0.142815906127793f,0.30594042017900136f,-0.9412778953410058f,-0.36665996762687003f,0f,0f,0f,1f],start_interpolation:0}
execute if entity @s[tag=aj.frestchika_v2.bone.side_hair_1] run data modify entity @s {} merge value {transformation:[-0.9897451176217906f,0.041495349819603455f,-0.1366848129353675f,0.31984394374867486f,0.0028668974040061074f,0.9624548538052612f,0.2714266664975425f,2.187565097139103f,0.142815906127793f,0.2682513566229293f,-0.9527039553958278f,-0.24016685677425445f,0f,0f,0f,1f],start_interpolation:0}
execute if entity @s[tag=aj.frestchika_v2.bone.head] run data modify entity @s {} merge value {transformation:[-0.9897451176217906f,-0.017340431657417846f,-0.1417882631735155f,0.0029261966138957943f,0.0028668974040061074f,0.9899931253711138f,-0.1410864721268801f,1.654231560132161f,0.142815906127793f,-0.14004613935367313f,-0.9797911490766943f,-0.12133401750224931f,0f,0f,0f,1f],start_interpolation:0}
execute if entity @s[tag=aj.frestchika_v2.bone.group] run data modify entity @s {} merge value {transformation:[-7.902766396785996e-7f,0.00000935729887202797f,-0.0000034375020948826243f,-0.39155245158423874f,0.000008683182045499919f,0.000002339969292051496f,0.000004373430378657459f,2.1096201696791814f,0.00000489671444924923f,-0.000002639223660813944f,-0.000008310035262904345f,0.26654648723917357f,0f,0f,0f,1f],start_interpolation:0}
execute if entity @s[tag=aj.frestchika_v2.bone.group2] run data modify entity @s {} merge value {transformation:[-7.902766396785996e-7f,0.00000935729887202797f,-0.0000034375020948826243f,-0.39155245158423874f,0.000008683182045499919f,0.000002339969292051496f,0.000004373430378657459f,2.1096201696791814f,0.00000489671444924923f,-0.000002639223660813944f,-0.000008310035262904345f,0.26654648723917357f,0f,0f,0f,1f],start_interpolation:0}
execute if entity @s[tag=aj.frestchika_v2.bone.group3] run data modify entity @s {} merge value {transformation:[-7.902766396785996e-7f,0.00000935729887202797f,-0.0000034375020948826243f,-0.39155245158423874f,0.000008683182045499919f,0.000002339969292051496f,0.000004373430378657459f,2.1096201696791814f,0.00000489671444924923f,-0.000002639223660813944f,-0.000008310035262904345f,0.26654648723917357f,0f,0f,0f,1f],start_interpolation:0}
execute if entity @s[tag=aj.frestchika_v2.locator_origin.muzzle] at @s on origin run tp @s ^-0.39155 ^2.10963 ^0.26655 ~-22.47276 ~25.93448
execute if entity @s[tag=aj.frestchika_v2.bone.gun] run data modify entity @s {} merge value {transformation:[-7.902766396785996e-7f,0.00000935729887202797f,-0.0000034375020948826243f,-0.3915523454640247f,0.000008683182045499919f,0.000002339969292051496f,0.000004373430378657459f,2.109623065493072f,0.00000489671444924923f,-0.000002639223660813944f,-0.000008310035262904345f,0.26654232658919746f,0f,0f,0f,1f],start_interpolation:0}
execute if entity @s[tag=aj.frestchika_v2.bone.sword] run data modify entity @s {} merge value {transformation:[-1.040852114272842f,0.1349992328197537f,0.07698568342122193f,-0.13347751821261056f,-0.007184823705939968f,0.47897250197891156f,-0.9370477217070515f,2.174577815909079f,-0.15524163945948646f,-0.9272999846792512f,-0.47279962340487475f,0.1357689239008894f,0f,0f,0f,1f],start_interpolation:0}
execute if entity @s[tag=aj.frestchika_v2.bone.arm_right_1] run data modify entity @s {} merge value {transformation:[-0.07902766396785996f,0.9357298872027969f,-0.3437502094882624f,-0.3840417444453698f,0.8683182045499918f,0.23399692920514956f,0.4373430378657458f,1.8601433239120315f,0.48967144492492304f,-0.26392236608139436f,-0.8310035262904344f,0.07197034990416909f,0f,0f,0f,1f],start_interpolation:0}
execute if entity @s[tag=aj.frestchika_v2.bone.arm_right_0] run data modify entity @s {} merge value {transformation:[-0.1127781019929407f,0.9357298872027969f,-0.3342015528185217f,-0.3354836770826698f,0.9074616670091492f,0.23399692920514956f,0.3489394790383232f,1.513302583551632f,0.4047152364562595f,-0.26392236608139436f,-0.8755287328592664f,-0.063381700025817f,0f,0f,0f,1f],start_interpolation:0}
execute if entity @s[tag=aj.frestchika_v2.bone.arm_left_1] run data modify entity @s {} merge value {transformation:[-0.5196670948391702f,0.8212045596080839f,0.2357311642959195f,0.3942512896152879f,0.8490787548223448f,0.5270587023595222f,0.03569863269696655f,1.5580839117781904f,-0.09492828161698363f,0.21870572819656414f,-0.9711624095913398f,-0.4004219133505695f,0f,0f,0f,1f],start_interpolation:0}
execute if entity @s[tag=aj.frestchika_v2.bone.arm_left_0] run data modify entity @s {} merge value {transformation:[-0.4483378780534215f,0.8212045596080839f,-0.3530102241882637f,0.26655259712244816f,0.35883695549406086f,0.5270587023595222f,0.7703539210251674f,1.628338481779244f,0.8186752631381435f,0.21870572819656414f,-0.530978924233064f,-0.09024043529363233f,0f,0f,0f,1f],start_interpolation:0}
execute if entity @s[tag=aj.frestchika_v2.bone.right_wing_0] run data modify entity @s {} merge value {transformation:[-0.9746832058153602f,0.0078031909703887405f,-0.22345415304301672f,-0.32094484257973693f,4.336808689942018e-19f,0.9993908270190958f,0.03489949670250023f,1.333964134673623f,0.22359035824805215f,0.03401595332733551f,-0.9740894551414363f,-0.635333877122776f,0f,0f,0f,1f],start_interpolation:0}
execute if entity @s[tag=aj.frestchika_v2.bone.right_wing_1] run data modify entity @s {} merge value {transformation:[-0.9746832058153602f,0.0078031909703887405f,-0.22345415304301672f,0.20770058606131456f,4.336808689942018e-19f,0.9993908270190958f,0.03489949670250023f,2.0940166421151822f,0.22359035824805215f,0.03401595332733551f,-0.9740894551414363f,-0.11982944289478822f,0f,0f,0f,1f],start_interpolation:0}
execute if entity @s[tag=aj.frestchika_v2.bone.right_wing_2] run data modify entity @s {} merge value {transformation:[-0.9746832058153602f,0.0078031909703887405f,-0.22345415304301672f,0.2136460462669658f,4.336808689942018e-19f,0.9993908270190958f,0.03489949670250023f,2.075278064108574f,0.22359035824805215f,0.03401595332733551f,-0.9740894551414363f,-0.1218646817587261f,0f,0f,0f,1f],start_interpolation:0}
execute if entity @s[tag=aj.frestchika_v2.bone.left_wing_0] run data modify entity @s {} merge value {transformation:[-0.9746832058153602f,0.0078031909703887405f,-0.22345415304301672f,-0.32094484257973693f,4.336808689942018e-19f,0.9993908270190958f,0.03489949670250023f,1.333964134673623f,0.22359035824805215f,0.03401595332733551f,-0.9740894551414363f,-0.635333877122776f,0f,0f,0f,1f],start_interpolation:0}
execute if entity @s[tag=aj.frestchika_v2.bone.left_wing_1] run data modify entity @s {} merge value {transformation:[-0.9746832058153602f,0.0078031909703887405f,-0.22345415304301672f,0.20770058606131456f,4.336808689942018e-19f,0.9993908270190958f,0.03489949670250023f,2.0940166421151822f,0.22359035824805215f,0.03401595332733551f,-0.9740894551414363f,-0.11982944289478822f,0f,0f,0f,1f],start_interpolation:0}
execute if entity @s[tag=aj.frestchika_v2.bone.left_wing_2] run data modify entity @s {} merge value {transformation:[-0.9746832058153602f,0.0078031909703887405f,-0.22345415304301672f,0.2136460462669658f,4.336808689942018e-19f,0.9993908270190958f,0.03489949670250023f,2.075278064108574f,0.22359035824805215f,0.03401595332733551f,-0.9740894551414363f,-0.1218646817587261f,0f,0f,0f,1f],start_interpolation:0}
execute if entity @s[tag=aj.frestchika_v2.bone.leg_right_1] run data modify entity @s {} merge value {transformation:[-0.957306933489288f,0.24497741801038347f,-0.15345846264804605f,-0.07108736786381138f,0.08322051617119139f,0.7419450399198104f,0.6652758100416633f,0.8780436536493557f,0.27683529540421026f,0.6241022531631787f,-0.7306562781603311f,0.15468932486124776f,0f,0f,0f,1f],start_interpolation:0}
execute if entity @s[tag=aj.frestchika_v2.bone.leg_right_0] run data modify entity @s {} merge value {transformation:[-0.957306933489288f,-0.1485541543258499f,-0.24798205242691956f,-0.14584103334540757f,0.08322051617119139f,0.6799054529768912f,-0.7285622284338441f,1.00242402259169f,0.27683529540421026f,-0.7180948671622852f,-0.6385154508495808f,-0.14120213888658395f,0f,0f,0f,1f],start_interpolation:0}
execute if entity @s[tag=aj.frestchika_v2.bone.leg_left_1] run data modify entity @s {} merge value {transformation:[-0.9719463709645031f,0.04768240924237373f,-0.23031856160061273f,0.18587377262258079f,-0.07262070629841116f,0.8705517562937927f,0.4866886814283986f,0.6062808095297559f,0.2237107171899736f,0.48976119432090176f,-0.8426668900293353f,-0.1890748094740967f,0f,0f,0f,1f],start_interpolation:0}
execute if entity @s[tag=aj.frestchika_v2.bone.leg_left_0] run data modify entity @s {} merge value {transformation:[-0.9719463709645031f,-0.0875882835111008f,-0.21828546575645266f,0.15302816630591798f,-0.07262070629841116f,0.9944835351741327f,-0.07568838275640234f,0.9792121352200557f,0.2237107171899736f,-0.05771300424634632f,-0.9729453860084897f,-0.21071718606647655f,0f,0f,0f,1f],start_interpolation:0}
execute if entity @s[tag=aj.frestchika_v2.bone.body_0] run data modify entity @s {} merge value {transformation:[-0.9632929831818665f,0.020715571631567543f,-0.2676518142000117f,0.00004447818853123205f,-0.00824067427699967f,0.9942665150117311f,0.10661232768253126f,1.2851565277140091f,0.26832577185212864f,0.10490453859773856f,-0.9575992470452109f,-0.1338961090660343f,0f,0f,0f,1f],start_interpolation:0}
execute if entity @s[tag=aj.frestchika_v2.bone.body_1] run data modify entity @s {} merge value {transformation:[-0.9746832058153602f,0.0078031909703887405f,-0.22345415304301672f,1.6421288929766874e-17f,4.336808689942018e-19f,0.9993908270190958f,0.03489949670250023f,1.2794600000000003f,0.22359035824805215f,0.03401595332733551f,-0.9740894551414363f,-0.13409000000000013f,0f,0f,0f,1f],start_interpolation:0}