execute if entity @s[tag=aj.frestchika_v2.bone.hair] run data modify entity @s {} merge value {transformation:[-0.9996695819531751f,0.019440018313415214f,0.016817033196682693f,0.005661386307435489f,0.018962632999717583f,0.99942537038738f,-0.02809533014161475f,1.4430577420334316f,-0.017353543363885893f,-0.027767151708851634f,-0.9994637761413343f,-0.4052430048350043f,0f,0f,0f,1f],start_interpolation:0}
execute if entity @s[tag=aj.frestchika_v2.bone.side_hair_2] run data modify entity @s {} merge value {transformation:[-0.9996695819531751f,0.020397699070908305f,0.01564163642899659f,0.5012321651681951f,0.018962632999717583f,0.9960303967245488f,-0.08697049701166512f,1.8135747684866237f,-0.017353543363885893f,-0.086645153778793f,-0.996088084387805f,-0.46296493044766956f,0f,0f,0f,1f],start_interpolation:0}
execute if entity @s[tag=aj.frestchika_v2.bone.side_hair_1] run data modify entity @s {} merge value {transformation:[-0.9996695819531751f,0.020110436517384915f,0.016009286700052507f,0.35080355563259025f,0.018962632999717583f,0.9974448697705155f,-0.06887779263447369f,2.2028714089489174f,-0.017353543363885893f,-0.0685514559404814f,-0.9974966428119736f,-0.4922604155238165f,0f,0f,0f,1f],start_interpolation:0}
execute if entity @s[tag=aj.frestchika_v2.bone.head] run data modify entity @s {} merge value {transformation:[-0.9996695819531751f,0.024953805209362162f,0.006167213563470664f,0.008371754045627003f,0.018962632999717583f,0.8779065787298554f,-0.4784563277589274f,1.7340006935518857f,-0.017353543363885893f,-0.4781812905461832f,-0.8780896924029483f,-0.24345632122521402f,0f,0f,0f,1f],start_interpolation:0}
execute if entity @s[tag=aj.frestchika_v2.bone.group] run data modify entity @s {} merge value {transformation:[0.0000010815151414986651f,0.000009886545648970917f,0.0000010423723564654597f,-0.2722387018948071f,0.000009553732165367803f,-7.43687479832746e-7f,-0.000002858868770118112f,2.2556420663839143f,-0.0000027489137329362936f,0.0000013050456172694698f,-0.000009525771844093265f,-0.40222820037392265f,0f,0f,0f,1f],start_interpolation:0}
execute if entity @s[tag=aj.frestchika_v2.bone.group2] run data modify entity @s {} merge value {transformation:[0.0000010815151414986651f,0.000009886545648970917f,0.0000010423723564654597f,-0.2722387018948071f,0.000009553732165367803f,-7.43687479832746e-7f,-0.000002858868770118112f,2.2556420663839143f,-0.0000027489137329362936f,0.0000013050456172694698f,-0.000009525771844093265f,-0.40222820037392265f,0f,0f,0f,1f],start_interpolation:0}
execute if entity @s[tag=aj.frestchika_v2.bone.group3] run data modify entity @s {} merge value {transformation:[0.0000010815151414986651f,0.000009886545648970917f,0.0000010423723564654597f,-0.2722387018948071f,0.000009553732165367803f,-7.43687479832746e-7f,-0.000002858868770118112f,2.2556420663839143f,-0.0000027489137329362936f,0.0000013050456172694698f,-0.000009525771844093265f,-0.40222820037392265f,0f,0f,0f,1f],start_interpolation:0}
execute if entity @s[tag=aj.frestchika_v2.locator_origin.muzzle] at @s on origin run tp @s ^-0.27223 ^2.25565 ^-0.40223 ~6.24483 ~-16.61187
execute if entity @s[tag=aj.frestchika_v2.bone.gun] run data modify entity @s {} merge value {transformation:[0.0000010815151414986651f,0.000009886545648970917f,0.0000010423723564654597f,-0.27223630885943356f,0.000009553732165367803f,-7.43687479832746e-7f,-0.000002858868770118112f,2.255641034678971f,-0.0000027489137329362936f,0.0000013050456172694698f,-0.000009525771844093265f,-0.40223254973875255f,0f,0f,0f,1f],start_interpolation:0}
execute if entity @s[tag=aj.frestchika_v2.bone.sword] run data modify entity @s {} merge value {transformation:[-1.0451223637390132f,-0.04729211316950923f,-0.11405004578929406f,-0.01777362755838502f,0.12257430165461783f,-0.28077598231782924f,-1.006809366477756f,2.1547975484429207f,0.014815447561935757f,-1.013140175832259f,0.28434521048915024f,-0.5753884761243577f,0f,0f,0f,1f],start_interpolation:0}
execute if entity @s[tag=aj.frestchika_v2.bone.arm_right_1] run data modify entity @s {} merge value {transformation:[0.10815151414986651f,0.9886545648970917f,0.10423723564654595f,-0.3008192743326093f,0.9553732165367803f,-0.0743687479832746f,-0.28588687701181115f,1.9427945991454822f,-0.27489137329362934f,0.13050456172694697f,-0.9525771844093265f,-0.36395819073859526f,0f,0f,0f,1f],start_interpolation:0}
execute if entity @s[tag=aj.frestchika_v2.bone.arm_right_0] run data modify entity @s {} merge value {transformation:[0.10705403430515997f,0.9886545648970917f,0.1053640595608007f,-0.3429401133138093f,0.9583145784748803f,-0.0743687479832746f,-0.2758667395789363f,1.588599133584507f,-0.2649011181960207f,0.13050456172694697f,-0.9554035571144558f,-0.24670645471919142f,0f,0f,0f,1f],start_interpolation:0}
execute if entity @s[tag=aj.frestchika_v2.bone.arm_left_1] run data modify entity @s {} merge value {transformation:[-0.1879568232250746f,0.7506871600699776f,0.6333569454179925f,0.46200611736109265f,0.807817856146724f,0.48494457114666134f,-0.3350508531639502f,1.5982704160270518f,-0.5586613857191566f,0.4486619558436534f,-0.6975671333175746f,-0.31552055440042315f,0f,0f,0f,1f],start_interpolation:0}
execute if entity @s[tag=aj.frestchika_v2.bone.arm_left_0] run data modify entity @s {} merge value {transformation:[-0.6592060805839716f,0.7506871600699776f,0.04377363392717461f,0.2452283922895374f,0.5948146793033681f,0.48494457114666134f,0.6411117376874421f,1.7421469171212367f,0.46004656351976986f,0.4486619558436534f,-0.7661981524202455f,-0.10832641754878305f,0f,0f,0f,1f],start_interpolation:0}
execute if entity @s[tag=aj.frestchika_v2.bone.right_wing_0] run data modify entity @s {} merge value {transformation:[-0.9942261194715235f,0.02232467745500529f,0.1049572872035381f,-0.13983479536928398f,-0.0014982156866233678f,0.9751351828050281f,-0.22160580002689637f,1.277557543755723f,-0.10729482145170081f,-0.22048352326723739f,-0.9694714215784358f,-0.7347342458695117f,0f,0f,0f,1f],start_interpolation:0}
execute if entity @s[tag=aj.frestchika_v2.bone.right_wing_1] run data modify entity @s {} merge value {transformation:[-0.9942261194715235f,0.02232467745500529f,0.1049572872035381f,0.21297841740394757f,-0.0014982156866233678f,0.9751351828050281f,-0.22160580002689637f,2.17155963536277f,-0.10729482145170081f,-0.22048352326723739f,-0.9694714215784358f,-0.28844541327916445f,0f,0f,0f,1f],start_interpolation:0}
execute if entity @s[tag=aj.frestchika_v2.bone.right_wing_2] run data modify entity @s {} merge value {transformation:[-0.9942261194715235f,0.02232467745500529f,0.1049572872035381f,0.21877374294836324f,-0.0014982156866233678f,0.9751351828050281f,-0.22160580002689637f,2.1532852145332173f,-0.10729482145170081f,-0.22048352326723739f,-0.9694714215784358f,-0.2836407545838306f,0f,0f,0f,1f],start_interpolation:0}
execute if entity @s[tag=aj.frestchika_v2.bone.left_wing_0] run data modify entity @s {} merge value {transformation:[-0.9942261194715235f,0.02232467745500529f,0.1049572872035381f,-0.13983479536928398f,-0.0014982156866233678f,0.9751351828050281f,-0.22160580002689637f,1.277557543755723f,-0.10729482145170081f,-0.22048352326723739f,-0.9694714215784358f,-0.7347342458695117f,0f,0f,0f,1f],start_interpolation:0}
execute if entity @s[tag=aj.frestchika_v2.bone.left_wing_1] run data modify entity @s {} merge value {transformation:[-0.9942261194715235f,0.02232467745500529f,0.1049572872035381f,0.21297841740394757f,-0.0014982156866233678f,0.9751351828050281f,-0.22160580002689637f,2.17155963536277f,-0.10729482145170081f,-0.22048352326723739f,-0.9694714215784358f,-0.28844541327916445f,0f,0f,0f,1f],start_interpolation:0}
execute if entity @s[tag=aj.frestchika_v2.bone.left_wing_2] run data modify entity @s {} merge value {transformation:[-0.9942261194715235f,0.02232467745500529f,0.1049572872035381f,0.21877374294836324f,-0.0014982156866233678f,0.9751351828050281f,-0.22160580002689637f,2.1532852145332173f,-0.10729482145170081f,-0.22048352326723739f,-0.9694714215784358f,-0.2836407545838306f,0f,0f,0f,1f],start_interpolation:0}
execute if entity @s[tag=aj.frestchika_v2.bone.leg_right_1] run data modify entity @s {} merge value {transformation:[-0.997578868365994f,-0.05479000102463596f,0.04283056358890791f,-0.15453209079549254f,-0.03145599007525265f,0.9047646542126018f,0.4247486800167095f,1.1053987749701906f,-0.06202356066857736f,0.4223730297678487f,-0.9042975736154113f,0.11121274791886254f,0f,0f,0f,1f],start_interpolation:0}
execute if entity @s[tag=aj.frestchika_v2.bone.leg_right_0] run data modify entity @s {} merge value {transformation:[-0.997578868365994f,0.04581493613815996f,0.05232010145517128f,-0.1341327625514288f,-0.03145599007525265f,0.3737105109130756f,-0.9270118525248066f,1.1015568101321254f,-0.06202356066857736f,-0.9264132153956703f,-0.3713645543966832f,-0.21493889122062432f,0f,0f,0f,1f],start_interpolation:0}
execute if entity @s[tag=aj.frestchika_v2.bone.leg_left_1] run data modify entity @s {} merge value {transformation:[-0.9878827728489487f,-0.06560755524867476f,0.14065303339268917f,0.1560817665971256f,0.0425802196689885f,0.7569137208446364f,0.6521261719100594f,0.6969900183448441f,-0.14924661470604125f,0.65021324801285f,-0.7449484412409806f,-0.17883188820773682f,0f,0f,0f,1f],start_interpolation:0}
execute if entity @s[tag=aj.frestchika_v2.bone.leg_left_0] run data modify entity @s {} merge value {transformation:[-0.9878827728489487f,0.03758174104590681f,0.1505829998646303f,0.17017491948934066f,0.0425802196689885f,0.9986393091491732f,0.03010739302899939f,1.071479759275784f,-0.14924661470604125f,0.03615443212139228f,-0.9881388085875215f,-0.1652739761622147f,0f,0f,0f,1f],start_interpolation:0}
execute if entity @s[tag=aj.frestchika_v2.bone.body_0] run data modify entity @s {} merge value {transformation:[-0.9939316142525768f,-0.02641451909412994f,0.10678117516815844f,-0.000013394806472983561f,-0.0182378848260539f,0.9968768029062588f,0.07683761698847533f,1.367739918890317f,-0.1084773052132965f,0.07442387391436897f,-0.99130911488054f,-0.16064270988603965f,0f,0f,0f,1f],start_interpolation:0}
execute if entity @s[tag=aj.frestchika_v2.bone.body_1] run data modify entity @s {} merge value {transformation:[-0.9942261194715235f,0.02232467745500529f,0.1049572872035381f,1.968925891329157e-17f,-0.0014982156866233678f,0.9751351828050281f,-0.22160580002689637f,1.368325f,-0.10729482145170081f,-0.22048352326723739f,-0.9694714215784358f,-0.160775f,0f,0f,0f,1f],start_interpolation:0}