execute if entity @s[tag=aj.frestchika_v2.bone.hair] run data modify entity @s {} merge value {transformation:[-0.9995186678809511f,-0.009376627383778988f,0.029572139192063474f,0.007982526237190214f,0.00474411267054152f,0.8958202167260502f,0.4443913058328905f,1.2787100548303834f,-0.030658211827473247f,0.4443176995842032f,-0.8953445459060684f,-0.33907145182074083f,0f,0f,0f,1f],start_interpolation:0}
execute if entity @s[tag=aj.frestchika_v2.bone.side_hair_2] run data modify entity @s {} merge value {transformation:[-0.9995186678809511f,-0.012928904718297319f,0.028200637940908355f,0.49235654004864327f,0.00474411267054152f,0.8346293647229889f,0.5507915367333356f,1.63253488224416f,-0.030658211827473247f,0.5506602100795783f,-0.834166294621556f,-0.17868731612543587f,0f,0f,0f,1f],start_interpolation:0}
execute if entity @s[tag=aj.frestchika_v2.bone.side_hair_1] run data modify entity @s {} merge value {transformation:[-0.9995186678809511f,-0.008464341726145462f,0.029846063000537326f,0.33088523259688235f,0.00474411267054152f,0.9090407970094745f,0.41668012043694685f,1.9853435950612706f,-0.030658211827473247f,0.416621151997258f,-0.9085630906855173f,-0.022188449298729658f,0f,0f,0f,1f],start_interpolation:0}
execute if entity @s[tag=aj.frestchika_v2.bone.head] run data modify entity @s {} merge value {transformation:[-0.9995186678809511f,0.0038006681073789114f,0.030789405311349605f,6.4426182742475526e-18f,0.00474411267054152f,0.9995196250527211f,0.030626990211855998f,1.4481356470458149f,-0.030658211827473247f,0.03075831686561324f,-0.9990565549512883f,-0.05260797054900364f,0f,0f,0f,1f],start_interpolation:0}
execute if entity @s[tag=aj.frestchika_v2.bone.group] run data modify entity @s {} merge value {transformation:[-0.000004226276327493353f,-0.000001900610105876495f,-0.00000886150493026492f,-0.5191905260800685f,-0.000003798847573991414f,0.000009248740906028561f,-1.7189753556568995e-7f,1.089067707021795f,0.000008228447333078633f,0.0000032937020020934114f,-0.000004630786284008043f,0.6254601898233851f,0f,0f,0f,1f],start_interpolation:0}
execute if entity @s[tag=aj.frestchika_v2.bone.group2] run data modify entity @s {} merge value {transformation:[-0.000004226276327493353f,-0.000001900610105876495f,-0.00000886150493026492f,-0.5191905260800685f,-0.000003798847573991414f,0.000009248740906028561f,-1.7189753556568995e-7f,1.089067707021795f,0.000008228447333078633f,0.0000032937020020934114f,-0.000004630786284008043f,0.6254601898233851f,0f,0f,0f,1f],start_interpolation:0}
execute if entity @s[tag=aj.frestchika_v2.bone.group3] run data modify entity @s {} merge value {transformation:[-0.000004226276327493353f,-0.000001900610105876495f,-0.00000886150493026492f,-0.5191905260800685f,-0.000003798847573991414f,0.000009248740906028561f,-1.7189753556568995e-7f,1.089067707021795f,0.000008228447333078633f,0.0000032937020020934114f,-0.000004630786284008043f,0.6254601898233851f,0f,0f,0f,1f],start_interpolation:0}
execute if entity @s[tag=aj.frestchika_v2.locator_origin.muzzle] at @s on origin run tp @s ^-0.5192 ^1.08907 ^0.62547 ~-62.40963 ~-0.98495
execute if entity @s[tag=aj.frestchika_v2.bone.gun] run data modify entity @s {} merge value {transformation:[-0.000004226276327493353f,-0.000001900610105876495f,-0.00000886150493026492f,-0.5191952343816023f,-0.000003798847573991414f,0.000009248740906028561f,-1.7189753556568995e-7f,1.089069182512765f,0.000008228447333078633f,0.0000032937020020934114f,-0.000004630786284008043f,0.6254590224199087f,0f,0f,0f,1f],start_interpolation:0}
execute if entity @s[tag=aj.frestchika_v2.bone.sword] run data modify entity @s {} merge value {transformation:[-0.9231483315053218f,0.2790111643637431f,0.42127739115614643f,-0.2916655298680232f,0.4206628134006573f,0.9104549729438286f,0.31880911493195385f,1.107262443877762f,-0.2799368992483558f,0.4480504709318367f,-0.9101707642178886f,0.709583802596308f,0f,0f,0f,1f],start_interpolation:0}
execute if entity @s[tag=aj.frestchika_v2.bone.arm_right_1] run data modify entity @s {} merge value {transformation:[-0.4226276327493353f,-0.1900610105876495f,-0.8861504930264918f,-0.43143303767154406f,-0.37988475739914135f,0.924874090602856f,-0.017189753556568994f,1.2069249273588436f,0.8228447333078632f,0.3293702002093411f,-0.46307862840080427f,0.3451687711917856f,0f,0f,0f,1f],start_interpolation:0}
execute if entity @s[tag=aj.frestchika_v2.bone.arm_right_0] run data modify entity @s {} merge value {transformation:[-0.5854776737501041f,-0.1900610105876495f,-0.7880943508201085f,-0.19710214093737805f,-0.37607661189045416f,0.924874090602856f,0.05634091338039158f,1.3468972646918815f,0.7181798350894876f,0.3293702002093411f,-0.6129706319921822f,0.08734453238308112f,0f,0f,0f,1f],start_interpolation:0}
execute if entity @s[tag=aj.frestchika_v2.bone.arm_left_1] run data modify entity @s {} merge value {transformation:[-0.514205402048829f,0.8478767902891531f,-0.12921978560872946f,0.27580117985949915f,0.8545496948898389f,0.5193221875873828f,0.007020287966926053f,1.2096989221731043f,0.07305904097020072f,-0.1068148583691384f,-0.9915911267070192f,-0.4954459850145432f,0f,0f,0f,1f],start_interpolation:0}
execute if entity @s[tag=aj.frestchika_v2.bone.arm_left_0] run data modify entity @s {} merge value {transformation:[-0.17556942948281973f,0.8478767902891531f,-0.5002802453825667f,0.24309614181531322f,0.46510853443630407f,0.5193221875873828f,0.7169229503049603f,1.3307020707333f,0.8676689614280269f,-0.1068148583691384f,-0.4855318315064322f,-0.1667484829243558f,0f,0f,0f,1f],start_interpolation:0}
execute if entity @s[tag=aj.frestchika_v2.bone.right_wing_0] run data modify entity @s {} merge value {transformation:[-0.7884085637495122f,-1.8727538280709844e-17f,-0.6151519622064384f,-0.5039085714053431f,-0.09407024073141514f,0.9882382686653837f,0.12056497896976f,1.1609100702397888f,0.6079167100970042f,0.15292195507920067f,-0.7791355140407797f,-0.4203540095770221f,0f,0f,0f,1f],start_interpolation:0}
execute if entity @s[tag=aj.frestchika_v2.bone.right_wing_1] run data modify entity @s {} merge value {transformation:[-0.7884085637495122f,-1.8727538280709844e-17f,-0.6151519622064384f,0.17670133165453455f,-0.09407024073141514f,0.9882382686653837f,0.12056497896976f,1.899013857663891f,0.6079167100970042f,0.15292195507920067f,-0.7791355140407797f,-0.08143870474848527f,0f,0f,0f,1f],start_interpolation:0}
execute if entity @s[tag=aj.frestchika_v2.bone.right_wing_2] run data modify entity @s {} merge value {transformation:[-0.7884085637495122f,-1.8727538280709844e-17f,-0.6151519622064384f,0.18162888517796902f,-0.09407024073141514f,0.9882382686653837f,0.12056497896976f,1.881072329130986f,0.6079167100970042f,0.15292195507920067f,-0.7791355140407797f,-0.08810547084432663f,0f,0f,0f,1f],start_interpolation:0}
execute if entity @s[tag=aj.frestchika_v2.bone.left_wing_0] run data modify entity @s {} merge value {transformation:[-0.7884085637495122f,-1.8727538280709844e-17f,-0.6151519622064384f,-0.5039085714053431f,-0.09407024073141514f,0.9882382686653837f,0.12056497896976f,1.1609100702397888f,0.6079167100970042f,0.15292195507920067f,-0.7791355140407797f,-0.4203540095770221f,0f,0f,0f,1f],start_interpolation:0}
execute if entity @s[tag=aj.frestchika_v2.bone.left_wing_1] run data modify entity @s {} merge value {transformation:[-0.7884085637495122f,-1.8727538280709844e-17f,-0.6151519622064384f,0.17670133165453455f,-0.09407024073141514f,0.9882382686653837f,0.12056497896976f,1.899013857663891f,0.6079167100970042f,0.15292195507920067f,-0.7791355140407797f,-0.08143870474848527f,0f,0f,0f,1f],start_interpolation:0}
execute if entity @s[tag=aj.frestchika_v2.bone.left_wing_2] run data modify entity @s {} merge value {transformation:[-0.7884085637495122f,-1.8727538280709844e-17f,-0.6151519622064384f,0.18162888517796902f,-0.09407024073141514f,0.9882382686653837f,0.12056497896976f,1.881072329130986f,0.6079167100970042f,0.15292195507920067f,-0.7791355140407797f,-0.08810547084432663f,0f,0f,0f,1f],start_interpolation:0}
execute if entity @s[tag=aj.frestchika_v2.bone.leg_right_1] run data modify entity @s {} merge value {transformation:[-0.9893522662889679f,0.12620591919165652f,-0.07248557890968262f,-0.16564227597771633f,0.11493045175768819f,0.983040273480959f,0.14290840413794842f,0.5096213675803776f,0.0892921298192424f,0.13305595317561159f,-0.9870780257289051f,0.20097473467857568f,0f,0f,0f,1f],start_interpolation:0}
execute if entity @s[tag=aj.frestchika_v2.bone.leg_right_0] run data modify entity @s {} merge value {transformation:[-0.9893522662889679f,0.03589305295400247f,-0.14104531874019757f,-0.15597789812851268f,0.11493045175768819f,0.7872459757162534f,-0.6058339417508215f,0.7803291555344603f,0.0892921298192424f,-0.615593585467072f,-0.7829887949927115f,-0.040380178460257f,0f,0f,0f,1f],start_interpolation:0}
execute if entity @s[tag=aj.frestchika_v2.bone.leg_left_1] run data modify entity @s {} merge value {transformation:[-0.7702329081681821f,-0.2361032027308622f,-0.5924496137521011f,0.2749090193044111f,-0.4374153778436291f,0.8715976257938405f,0.2213263787632546f,0.42055562901054205f,0.46412180987398083f,0.4296194320218416f,-0.774608345700284f,-0.19914105274653854f,0f,0f,0f,1f],start_interpolation:0}
execute if entity @s[tag=aj.frestchika_v2.bone.leg_left_0] run data modify entity @s {} merge value {transformation:[-0.7702329081681821f,-0.4928111599876369f,-0.4048190061822989f,0.09010483430904727f,-0.4374153778436291f,0.8701334563690719f,-0.22701443860056067f,0.746855675148944f,0.46412180987398083f,0.0022200673080355338f,-0.8857686023451318f,-0.1983085275060252f,0f,0f,0f,1f],start_interpolation:0}
execute if entity @s[tag=aj.frestchika_v2.bone.body_0] run data modify entity @s {} merge value {transformation:[-0.8131850003671162f,0.11509149383247286f,-0.5705121411725985f,1.3465445129513745e-17f,0.09615901248820416f,0.9933492119096867f,0.06333077858117461f,1.077546296296296f,0.5740066197311896f,-0.003360244903905761f,-0.8188437636441761f,-0.10995370370370389f,0f,0f,0f,1f],start_interpolation:0}
execute if entity @s[tag=aj.frestchika_v2.bone.body_1] run data modify entity @s {} merge value {transformation:[-0.7884085637495122f,-1.8727538280709844e-17f,-0.6151519622064384f,1.3465445129513745e-17f,-0.09407024073141514f,0.9882382686653837f,0.12056497896976f,1.077546296296296f,0.6079167100970042f,0.15292195507920067f,-0.7791355140407797f,-0.10995370370370389f,0f,0f,0f,1f],start_interpolation:0}