execute if entity @s[tag=aj.frestchika_v2.bone.hair] run data modify entity @s {} merge value {transformation:[-1f,-1.3417564555935108e-16f,1.432323113912364e-16f,6.878302962080623e-17f,6.938893903907228e-18f,0.7933533402912352f,0.6087614290087207f,1.2316734908972071f,-2.220446049250313e-16f,0.6087614290087208f,-0.7933533402912353f,-0.3638371604675595f,0f,0f,0f,1f],start_interpolation:0}
execute if entity @s[tag=aj.frestchika_v2.bone.side_hair_2] run data modify entity @s {} merge value {transformation:[-1f,-1.5700924586837752e-16f,1.1775693440128314e-16f,0.48737937500000006f,6.938893903907228e-18f,0.6755902076156602f,0.7372773368101242f,1.618582110704228f,-2.220446049250313e-16f,0.7372773368101242f,-0.6755902076156604f,-0.26995917127976143f,0f,0f,0f,1f],start_interpolation:0}
execute if entity @s[tag=aj.frestchika_v2.bone.side_hair_1] run data modify entity @s {} merge value {transformation:[-1f,-1.2780023440186065e-16f,1.4894864542712095e-16f,0.32911f,6.938893903907228e-18f,0.8191520442889918f,0.5735764363510462f,1.9358274101766901f,-2.220446049250313e-16f,0.5735764363510462f,-0.8191520442889919f,-0.04782162112754662f,0f,0f,0f,1f],start_interpolation:0}
execute if entity @s[tag=aj.frestchika_v2.bone.head] run data modify entity @s {} merge value {transformation:[-1f,-2.7755575615628914e-17f,1.942890293094024e-16f,9.195278221002899e-18f,6.938893903907228e-18f,0.9990482215818578f,0.04361938736533599f,1.397361002669975f,-2.220446049250313e-16f,0.043619387365336f,-0.9990482215818579f,-0.07508514477321142f,0f,0f,0f,1f],start_interpolation:0}
execute if entity @s[tag=aj.frestchika_v2.bone.group] run data modify entity @s {} merge value {transformation:[4.857477549486464e-7f,5.160021840992094e-7f,-0.000009974857937061922f,-0.00013384672318979455f,-2.6597341480869024e-7f,0.000009983773564400477f,5.035112286664412e-7f,1.2321781642473977f,0.000009984653587439944f,2.408467578835769e-7f,4.986838457776786e-7f,0.8249262722686753f,0f,0f,0f,1f],start_interpolation:0}
execute if entity @s[tag=aj.frestchika_v2.bone.group2] run data modify entity @s {} merge value {transformation:[4.857477549486464e-7f,5.160021840992094e-7f,-0.000009974857937061922f,-0.00013384672318979455f,-2.6597341480869024e-7f,0.000009983773564400477f,5.035112286664412e-7f,1.2321781642473977f,0.000009984653587439944f,2.408467578835769e-7f,4.986838457776786e-7f,0.8249262722686753f,0f,0f,0f,1f],start_interpolation:0}
execute if entity @s[tag=aj.frestchika_v2.bone.group3] run data modify entity @s {} merge value {transformation:[4.857477549486464e-7f,5.160021840992094e-7f,-0.000009974857937061922f,-0.00013384672318979455f,-2.6597341480869024e-7f,0.000009983773564400477f,5.035112286664412e-7f,1.2321781642473977f,0.000009984653587439944f,2.408467578835769e-7f,4.986838457776786e-7f,0.8249262722686753f,0f,0f,0f,1f],start_interpolation:0}
execute if entity @s[tag=aj.frestchika_v2.locator_origin.muzzle] at @s on origin run tp @s ^-0.00014 ^1.23218 ^0.82494 ~-92.86207 ~2.88613
execute if entity @s[tag=aj.frestchika_v2.bone.gun] run data modify entity @s {} merge value {transformation:[4.857477549486464e-7f,5.160021840992094e-7f,-0.000009974857937061922f,-0.0001384029180122605f,-2.6597341480869024e-7f,0.000009983773564400477f,5.035112286664412e-7f,1.2321802597583256f,0.000009984653587439944f,2.408467578835769e-7f,4.986838457776786e-7f,0.8249270192161321f,0f,0f,0f,1f],start_interpolation:0}
execute if entity @s[tag=aj.frestchika_v2.bone.sword] run data modify entity @s {} merge value {transformation:[-1.0497440744384592f,0.05430355385241686f,-0.05111960798304081f,0.21450099678125914f,0.052989018193627745f,1.0506823461439416f,0.02799077620105175f,1.354819034546848f,0.052480989245797326f,0.025346471952909736f,-1.050774958888592f,0.79584550674641f,0f,0f,0f,1f],start_interpolation:0}
execute if entity @s[tag=aj.frestchika_v2.bone.arm_right_1] run data modify entity @s {} merge value {transformation:[0.048574775494864636f,0.051600218409920934f,-0.9974857937061922f,-0.06519207909704708f,-0.02659734148086902f,0.9983773564400477f,0.050351122866644116f,1.2430117167560677f,0.9984653587439943f,0.024084675788357685f,0.04986838457776785f,0.515402378108154f,0f,0f,0f,1f],start_interpolation:0}
execute if entity @s[tag=aj.frestchika_v2.bone.arm_right_0] run data modify entity @s {} merge value {transformation:[0.048574775494864636f,0.051600218409920934f,-0.9974857937061922f,-0.06470476127563021f,-0.02659734148086902f,0.9983773564400477f,0.050351122866644116f,1.252041636257644f,0.9984653587439943f,0.024084675788357685f,0.04986838457776785f,0.1400428363683231f,0f,0f,0f,1f],start_interpolation:0}
execute if entity @s[tag=aj.frestchika_v2.bone.arm_left_1] run data modify entity @s {} merge value {transformation:[-0.38157061143203513f,0.6158265326425393f,-0.6893196284633498f,-0.042617494790770566f,0.7901390735044425f,0.6042978676637697f,0.10249064180969225f,1.2562431755538872f,0.4796708381931555f,-0.5055509557210717f,-0.7171709127931687f,-0.5840719473284f,0f,0f,0f,1f],start_interpolation:0}
execute if entity @s[tag=aj.frestchika_v2.bone.arm_left_0] run data modify entity @s {} merge value {transformation:[0.5067926351080618f,0.6158265326425393f,-0.6032569159932563f,0.16733438031884376f,0.1874772625347459f,0.6042978676637697f,0.7743877343873025f,1.2590942057986318f,0.8414353813767905f,-0.5055509557210717f,0.19080023620741715f,-0.32491546609649924f,0f,0f,0f,1f],start_interpolation:0}
execute if entity @s[tag=aj.frestchika_v2.bone.right_wing_0] run data modify entity @s {} merge value {transformation:[-0.25881904510252085f,-2.6506208041798655e-17f,-0.9659258262890683f,-0.5946865263790821f,-0.20906461293484896f,0.9762960071199334f,0.05601869420181802f,1.0548451622088755f,0.9430295273800398f,0.21643961393810288f,-0.25268400030018506f,-0.1013599217376849f,0f,0f,0f,1f],start_interpolation:0}
execute if entity @s[tag=aj.frestchika_v2.bone.right_wing_1] run data modify entity @s {} merge value {transformation:[-0.25881904510252085f,-2.6506208041798655e-17f,-0.9659258262890683f,0.08235955102106046f,-0.20906461293484896f,0.9762960071199334f,0.05601869420181802f,1.8679411632629337f,0.9430295273800398f,0.21643961393810288f,-0.25268400030018506f,-0.159447159122323f,0f,0f,0f,1f],start_interpolation:0}
execute if entity @s[tag=aj.frestchika_v2.bone.right_wing_2] run data modify entity @s {} merge value {transformation:[-0.25881904510252085f,-2.6506208041798655e-17f,-0.9659258262890683f,0.08397717005295122f,-0.20906461293484896f,0.9762960071199334f,0.05601869420181802f,1.8509422669602775f,0.9430295273800398f,0.21643961393810288f,-0.25268400030018506f,-0.16939933642978774f,0f,0f,0f,1f],start_interpolation:0}
execute if entity @s[tag=aj.frestchika_v2.bone.left_wing_0] run data modify entity @s {} merge value {transformation:[-0.25881904510252085f,-2.6506208041798655e-17f,-0.9659258262890683f,-0.5946865263790821f,-0.20906461293484896f,0.9762960071199334f,0.05601869420181802f,1.0548451622088755f,0.9430295273800398f,0.21643961393810288f,-0.25268400030018506f,-0.1013599217376849f,0f,0f,0f,1f],start_interpolation:0}
execute if entity @s[tag=aj.frestchika_v2.bone.left_wing_1] run data modify entity @s {} merge value {transformation:[-0.25881904510252085f,-2.6506208041798655e-17f,-0.9659258262890683f,0.08235955102106046f,-0.20906461293484896f,0.9762960071199334f,0.05601869420181802f,1.8679411632629337f,0.9430295273800398f,0.21643961393810288f,-0.25268400030018506f,-0.159447159122323f,0f,0f,0f,1f],start_interpolation:0}
execute if entity @s[tag=aj.frestchika_v2.bone.left_wing_2] run data modify entity @s {} merge value {transformation:[-0.25881904510252085f,-2.6506208041798655e-17f,-0.9659258262890683f,0.08397717005295122f,-0.20906461293484896f,0.9762960071199334f,0.05601869420181802f,1.8509422669602775f,0.9430295273800398f,0.21643961393810288f,-0.25268400030018506f,-0.16939933642978774f,0f,0f,0f,1f],start_interpolation:0}
execute if entity @s[tag=aj.frestchika_v2.bone.leg_right_1] run data modify entity @s {} merge value {transformation:[-0.8368893637264908f,0.04322697434601905f,-0.5456625528386183f,0.056996282181245375f,0.07525741246376462f,0.9964965734938567f,-0.03648151428136348f,0.4930419106705963f,0.5421738787056495f,-0.07159614307971568f,-0.8372105335848212f,0.22527827383074212f,0f,0f,0f,1f],start_interpolation:0}
execute if entity @s[tag=aj.frestchika_v2.bone.leg_right_0] run data modify entity @s {} merge value {transformation:[-0.8368893637264908f,-0.3329956125419391f,-0.434430794154015f,-0.07330745744890697f,0.07525741246376462f,0.7161303744259354f,-0.6938974050202438f,0.752917083517569f,0.5421738787056495f,-0.6134094952414645f,-0.5742615052368423f,-0.011928555700267574f,0f,0f,0f,1f],start_interpolation:0}
execute if entity @s[tag=aj.frestchika_v2.bone.leg_left_1] run data modify entity @s {} merge value {transformation:[-0.26739711767938223f,0.05046151762065393f,-0.9622642135589264f,0.23233446691431855f,-0.6660032860945125f,0.7120207142273957f,0.22240981413242614f,0.46889492673928074f,0.6963751893685399f,0.7003428715640148f,-0.15678475015574894f,-0.4780679095701288f,0f,0f,0f,1f],start_interpolation:0}
execute if entity @s[tag=aj.frestchika_v2.bone.leg_left_0] run data modify entity @s {} merge value {transformation:[-0.26739711767938223f,-0.5595319619559442f,-0.7844888558841933f,0.022509981180839474f,-0.6660032860945125f,0.6956865834315292f,-0.26918358149165955f,0.7297773955261042f,0.6963751893685399f,0.45049324210591446f,-0.5586747125553766f,-0.3091329437804109f,0f,0f,0f,1f],start_interpolation:0}
execute if entity @s[tag=aj.frestchika_v2.bone.body_0] run data modify entity @s {} merge value {transformation:[-0.2500000000000001f,0.06698729810778066f,-0.9659258262890683f,1.9135106236677395e-17f,0.05074309130328672f,0.9971394308645655f,0.05601869420181802f,1.03125f,0.9669152696513725f,-0.035009388845134354f,-0.25268400030018506f,-0.15625f,0f,0f,0f,1f],start_interpolation:0}
execute if entity @s[tag=aj.frestchika_v2.bone.body_1] run data modify entity @s {} merge value {transformation:[-0.25881904510252085f,-2.6506208041798655e-17f,-0.9659258262890683f,1.9135106236677395e-17f,-0.20906461293484896f,0.9762960071199334f,0.05601869420181802f,1.03125f,0.9430295273800398f,0.21643961393810288f,-0.25268400030018506f,-0.15625f,0f,0f,0f,1f],start_interpolation:0}