execute if entity @s[tag=aj.frestchika_v2.bone.hair] run data modify entity @s {} merge value {transformation:[-0.6449316490913581f,0.760657575931547f,-0.07391359941339615f,-0.01976780258226088f,0.20578562904867992f,0.2659884946982074f,0.9417549551583049f,1.3585530784560491f,0.7360132083579345f,0.5921572197196656f,-0.3280767962787603f,-0.1259031264779889f,0f,0f,0f,1f],start_interpolation:0}
execute if entity @s[tag=aj.frestchika_v2.bone.side_hair_2] run data modify entity @s {} merge value {transformation:[-0.6449316490913581f,0.7628711892647139f,-0.04572435445298667f,0.5923256595083124f,0.20578562904867992f,0.23096853084479024f,0.9509499527506368f,1.3425522493520736f,0.7360132083579345f,0.6038883061868645f,-0.30594684305189246f,-0.2472707696113497f,0f,0f,0f,1f],start_interpolation:0}
execute if entity @s[tag=aj.frestchika_v2.bone.side_hair_1] run data modify entity @s {} merge value {transformation:[-0.6449316490913581f,0.734080713540787f,-0.21257627809271265f,0.7745511796325475f,0.20578562904867992f,0.4346865898535388f,0.8767552928146716f,1.5434694081970177f,0.7360132083579345f,0.5217020937364066f,-0.43140640064063623f,0.07126497623990957f,0f,0f,0f,1f],start_interpolation:0}
execute if entity @s[tag=aj.frestchika_v2.bone.head] run data modify entity @s {} merge value {transformation:[-0.6449316490913581f,0.6551501400513096f,-0.39349899871670674f,0.20760240950345246f,0.20578562904867992f,0.6447426888756737f,0.736178741895204f,1.2663475987540025f,0.7360132083579345f,0.393808531055532f,-0.5506354492679741f,0.0991102382228955f,0f,0f,0f,1f],start_interpolation:0}
execute if entity @s[tag=aj.frestchika_v2.bone.group] run data modify entity @s {} merge value {transformation:[0.000008245101701213392f,0.000005119531923069417f,0.0000024101225747503454f,0.4915967984919389f,-0.0000023952540285556425f,0.000007016652651420876f,-0.000006710390726924654f,0.9568607409773506f,-0.000005126505249713106f,0.000004955499819188934f,0.000007011559417610496f,0.16465999065929837f,0f,0f,0f,1f],start_interpolation:0}
execute if entity @s[tag=aj.frestchika_v2.bone.group2] run data modify entity @s {} merge value {transformation:[0.000008245101701213392f,0.000005119531923069417f,0.0000024101225747503454f,0.4915967984919389f,-0.0000023952540285556425f,0.000007016652651420876f,-0.000006710390726924654f,0.9568607409773506f,-0.000005126505249713106f,0.000004955499819188934f,0.000007011559417610496f,0.16465999065929837f,0f,0f,0f,1f],start_interpolation:0}
execute if entity @s[tag=aj.frestchika_v2.bone.group3] run data modify entity @s {} merge value {transformation:[0.000008245101701213392f,0.000005119531923069417f,0.0000024101225747503454f,0.4915967984919389f,-0.0000023952540285556425f,0.000007016652651420876f,-0.000006710390726924654f,0.9568607409773506f,-0.000005126505249713106f,0.000004955499819188934f,0.000007011559417610496f,0.16465999065929837f,0f,0f,0f,1f],start_interpolation:0}
execute if entity @s[tag=aj.frestchika_v2.locator_origin.muzzle] at @s on origin run tp @s ^0.49161 ^0.95686 ^0.16466 ~161.03033 ~-42.14731
execute if entity @s[tag=aj.frestchika_v2.bone.gun] run data modify entity @s {} merge value {transformation:[0.000008245101701213392f,0.000005119531923069417f,0.0000024101225747503454f,0.49159927463827363f,-0.0000023952540285556425f,0.000007016652651420876f,-0.000006710390726924654f,0.9568587988265369f,-0.000005126505249713106f,0.000004955499819188934f,0.000007011559417610496f,0.1646639661790579f,0f,0f,0f,1f],start_interpolation:0}
execute if entity @s[tag=aj.frestchika_v2.bone.sword] run data modify entity @s {} merge value {transformation:[0.5387744200519023f,-0.5028240124494898f,-0.7512754813661444f,0.2900636055016019f,0.7384255083828816f,0.7493101159671236f,0.028050504074238914f,0.8397862119262455f,0.5215118454716243f,-0.5415044549341506f,0.736425849912433f,0.01523382003767021f,0f,0f,0f,1f],start_interpolation:0}
execute if entity @s[tag=aj.frestchika_v2.bone.arm_right_1] run data modify entity @s {} merge value {transformation:[0.8245101701213391f,0.5119531923069416f,0.24101225747503452f,0.24599354192136388f,-0.23952540285556423f,0.7016652651420875f,-0.6710390726924653f,0.9981595913191892f,-0.5126505249713106f,0.4955499819188933f,0.7011559417610496f,0.35992500503267066f,0f,0f,0f,1f],start_interpolation:0}
execute if entity @s[tag=aj.frestchika_v2.bone.arm_right_0] run data modify entity @s {} merge value {transformation:[0.8008468638389786f,0.5119531923069416f,-0.3107221098763399f,-0.04849799245807176f,-0.5985309832530176f,0.7016652651420875f,-0.3865572632602575f,1.2298566587252007f,0.02012368667636727f,0.4955499819188933f,0.8683462746247813f,0.33609712987981827f,0f,0f,0f,1f],start_interpolation:0}
execute if entity @s[tag=aj.frestchika_v2.bone.arm_left_1] run data modify entity @s {} merge value {transformation:[0.32263691410999956f,0.691771670370732f,-0.6460320253099409f,0.0767740253646087f,0.3734230697493399f,0.5341412163892352f,0.7584512983265357f,1.280323012200589f,0.869747453363651f,-0.4859476484424175f,-0.08598982696068297f,-0.44852915240457497f,0f,0f,0f,1f],start_interpolation:0}
execute if entity @s[tag=aj.frestchika_v2.bone.arm_left_0] run data modify entity @s {} merge value {transformation:[0.5807639974342232f,0.691771670370732f,-0.42914465551455816f,0.31444393253222996f,-0.011607292526262136f,0.5341412163892352f,0.8453155811378599f,1.2651136504258609f,0.8139892198576288f,-0.4859476484424175f,0.3182395841639647f,-0.126911459263573f,0f,0f,0f,1f],start_interpolation:0}
execute if entity @s[tag=aj.frestchika_v2.bone.right_wing_0] run data modify entity @s {} merge value {transformation:[-0.43082613227350064f,0.5536064253425399f,-0.71267718468442f,-0.46759236325160125f,0f,0.7897269300106736f,0.6134585365091242f,1.3424613181210492f,0.9024349526421591f,0.264293968594388f,-0.3402349988087241f,-0.0007809530628770378f,0f,0f,0f,1f],start_interpolation:0}
execute if entity @s[tag=aj.frestchika_v2.bone.right_wing_1] run data modify entity @s {} merge value {transformation:[-0.43082613227350064f,0.5536064253425399f,-0.71267718468442f,0.5603951878630328f,0f,0.7897269300106736f,0.6134585365091242f,1.5951944761395958f,0.9024349526421591f,0.264293968594388f,-0.3402349988087241f,0.0467392593873049f,0f,0f,0f,1f],start_interpolation:0}
execute if entity @s[tag=aj.frestchika_v2.bone.right_wing_2] run data modify entity @s {} merge value {transformation:[-0.43082613227350064f,0.5536064253425399f,-0.71267718468442f,0.5527077307145694f,0f,0.7897269300106736f,0.6134585365091242f,1.5803870962018953f,0.9024349526421591f,0.264293968594388f,-0.3402349988087241f,0.036143529022146584f,0f,0f,0f,1f],start_interpolation:0}
execute if entity @s[tag=aj.frestchika_v2.bone.left_wing_0] run data modify entity @s {} merge value {transformation:[-0.43082613227350064f,0.5536064253425399f,-0.71267718468442f,-0.46759236325160125f,0f,0.7897269300106736f,0.6134585365091242f,1.3424613181210492f,0.9024349526421591f,0.264293968594388f,-0.3402349988087241f,-0.0007809530628770378f,0f,0f,0f,1f],start_interpolation:0}
execute if entity @s[tag=aj.frestchika_v2.bone.left_wing_1] run data modify entity @s {} merge value {transformation:[-0.43082613227350064f,0.5536064253425399f,-0.71267718468442f,0.5603951878630328f,0f,0.7897269300106736f,0.6134585365091242f,1.5951944761395958f,0.9024349526421591f,0.264293968594388f,-0.3402349988087241f,0.0467392593873049f,0f,0f,0f,1f],start_interpolation:0}
execute if entity @s[tag=aj.frestchika_v2.bone.left_wing_2] run data modify entity @s {} merge value {transformation:[-0.43082613227350064f,0.5536064253425399f,-0.71267718468442f,0.5527077307145694f,0f,0.7897269300106736f,0.6134585365091242f,1.5803870962018953f,0.9024349526421591f,0.264293968594388f,-0.3402349988087241f,0.036143529022146584f,0f,0f,0f,1f],start_interpolation:0}
execute if entity @s[tag=aj.frestchika_v2.bone.leg_right_1] run data modify entity @s {} merge value {transformation:[-0.20784087684272287f,0.8245569936602603f,-0.5262204235101495f,0.15053593029688578f,0.3026045888436187f,0.565778871161912f,0.7670232928389705f,0.36983153233643423f,0.9301788176066107f,0.00018207884504035932f,-0.3671067067260712f,0.17513178786328568f,0f,0f,0f,1f],start_interpolation:0}
execute if entity @s[tag=aj.frestchika_v2.bone.leg_right_0] run data modify entity @s {} merge value {transformation:[-0.20784087684272287f,-0.34839643189398695f,-0.9140142756854437f,-0.05047658032438894f,0.3026045888436187f,0.865680322824792f,-0.39878320110650156f,0.6084508091020986f,0.9301788176066107f,-0.35946836427911494f,-0.07449739833353228f,0.05258986104000137f,0f,0f,0f,1f],start_interpolation:0}
execute if entity @s[tag=aj.frestchika_v2.bone.leg_left_1] run data modify entity @s {} merge value {transformation:[-0.29261211110584495f,-0.27314243644605307f,-0.9163903981636288f,0.17057671463261334f,-0.5202221321216374f,0.8495762362844589f,-0.08711573905759551f,0.3590366248353501f,0.8023385106580628f,0.4512354464722901f,-0.39069103670541805f,-0.3737304466370318f,0f,0f,0f,1f],start_interpolation:0}
execute if entity @s[tag=aj.frestchika_v2.bone.leg_left_0] run data modify entity @s {} merge value {transformation:[-0.29261211110584495f,-0.3674350136731141f,-0.8828191565440902f,0.03278858450519557f,-0.5202221321216374f,0.8358160944393478f,-0.17544340833149916f,0.6724676602501055f,0.8023385106580628f,0.4079251978037073f,-0.43571773811931f,-0.22075849746064158f,0f,0f,0f,1f],start_interpolation:0}
execute if entity @s[tag=aj.frestchika_v2.bone.body_0] run data modify entity @s {} merge value {transformation:[-0.2799669773891068f,0.08822771327104895f,-0.9559468406677061f,0.017604684325892767f,-0.1658442383826675f,0.9763519399317528f,0.13868157046549406f,0.9953133163743394f,0.9455761101925535f,0.19736453582765162f,-0.2587142435790021f,0.008404548201301536f,0f,0f,0f,1f],start_interpolation:0}
execute if entity @s[tag=aj.frestchika_v2.bone.body_1] run data modify entity @s {} merge value {transformation:[-0.43082613227350064f,0.5536064253425399f,-0.71267718468442f,0f,0f,0.7897269300106736f,0.6134585365091242f,0.9702f,0.9024349526421591f,0.264293968594388f,-0.3402349988087241f,0f,0f,0f,0f,1f],start_interpolation:0}