execute if entity @s[tag=aj.frestchika_v2.bone.hair] run data modify entity @s {} merge value {transformation:[-0.9998910671038347f,0.014583068313714136f,0.0022777279276941682f,0.0009808295244399098f,0.012495200743653893f,0.7541918232534792f,0.6565352722405464f,1.2071223678613199f,0.007856454946783609f,0.6564922146196024f,-0.7542918853199464f,-0.3649674401929401f,0f,0f,0f,1f],start_interpolation:0}
execute if entity @s[tag=aj.frestchika_v2.bone.side_hair_2] run data modify entity @s {} merge value {transformation:[-0.9998910671038347f,0.013849166831873358f,0.0051043612742428515f,0.4939427593877188f,0.012495200743653893f,0.6101661197879233f,0.7921749656618323f,1.5935322491402817f,0.007856454946783609f,0.7921524517673428f,-0.6102727007450495f,-0.27579413475264597f,0f,0f,0f,1f],start_interpolation:0}
execute if entity @s[tag=aj.frestchika_v2.bone.side_hair_1] run data modify entity @s {} merge value {transformation:[-0.9998910671038347f,0.014671658209484871f,0.0016113259568152063f,0.3413727382787722f,0.012495200743653893f,0.7833048400662784f,0.6215121861131265f,1.8988720717375478f,0.007856454946783609f,0.621464616831985f,-0.7834028377160395f,-0.03386677440872765f,0f,0f,0f,1f],start_interpolation:0}
execute if entity @s[tag=aj.frestchika_v2.bone.head] run data modify entity @s {} merge value {transformation:[-0.9998910671038347f,0.013006698969862833f,-0.006977084481530976f,0.005259952788877315f,0.012495200743653893f,0.9975434670711889f,0.06892678189185604f,1.365424140526291f,0.007856454946783609f,0.06883209342667898f,-0.9975973230869107f,-0.07213247643311926f,0f,0f,0f,1f],start_interpolation:0}
execute if entity @s[tag=aj.frestchika_v2.bone.group] run data modify entity @s {} merge value {transformation:[0.0000021229039512566273f,2.769961464567258e-7f,-0.000009768139636009878f,0.17402407387263996f,-4.927425094014219e-7f,0.000009986300382463897f,1.7609511813286143e-7f,1.1809450083741408f,0.000009759635425217881f,4.439344614349736e-7f,0.0000021336444316667777f,0.8028100961453243f,0f,0f,0f,1f],start_interpolation:0}
execute if entity @s[tag=aj.frestchika_v2.bone.group2] run data modify entity @s {} merge value {transformation:[0.0000021229039512566273f,2.769961464567258e-7f,-0.000009768139636009878f,0.17402407387263996f,-4.927425094014219e-7f,0.000009986300382463897f,1.7609511813286143e-7f,1.1809450083741408f,0.000009759635425217881f,4.439344614349736e-7f,0.0000021336444316667777f,0.8028100961453243f,0f,0f,0f,1f],start_interpolation:0}
execute if entity @s[tag=aj.frestchika_v2.bone.group3] run data modify entity @s {} merge value {transformation:[0.0000021229039512566273f,2.769961464567258e-7f,-0.000009768139636009878f,0.17402407387263996f,-4.927425094014219e-7f,0.000009986300382463897f,1.7609511813286143e-7f,1.1809450083741408f,0.000009759635425217881f,4.439344614349736e-7f,0.0000021336444316667777f,0.8028100961453243f,0f,0f,0f,1f],start_interpolation:0}
execute if entity @s[tag=aj.frestchika_v2.locator_origin.muzzle] at @s on origin run tp @s ^0.17402 ^1.18095 ^0.80282 ~-102.32153 ~1.009
execute if entity @s[tag=aj.frestchika_v2.bone.gun] run data modify entity @s {} merge value {transformation:[0.0000021229039512566273f,2.769961464567258e-7f,-0.000009768139636009878f,0.17401964650508575f,-4.927425094014219e-7f,0.000009986300382463897f,1.7609511813286143e-7f,1.1809469402527442f,0.000009759635425217881f,4.439344614349736e-7f,0.0000021336444316667777f,0.8028116370117737f,0f,0f,0f,1f],start_interpolation:0}
execute if entity @s[tag=aj.frestchika_v2.bone.sword] run data modify entity @s {} merge value {transformation:[-1.0255598784895694f,0.0794024527904963f,-0.22236658522204414f,0.3833248896291297f,0.0668594185927058f,1.0481925911235648f,0.06593043424028296f,1.2987954806961128f,0.22645411428787282f,0.050122395239253346f,-1.0265139997669661f,0.7426494319344104f,0f,0f,0f,1f],start_interpolation:0}
execute if entity @s[tag=aj.frestchika_v2.bone.arm_right_1] run data modify entity @s {} merge value {transformation:[0.21229039512566272f,0.027699614645672575f,-0.9768139636009877f,0.0588387543923579f,-0.049274250940142185f,0.9986300382463895f,0.01760951181328614f,1.1972277990438667f,0.9759635425217881f,0.044393446143497356f,0.21336444316667777f,0.5084936110139375f,0f,0f,0f,1f],start_interpolation:0}
execute if entity @s[tag=aj.frestchika_v2.bone.arm_right_0] run data modify entity @s {} merge value {transformation:[0.24029397765961097f,0.027699614645672575f,-0.9703048673736538f,-0.013078270966740201f,-0.04976028843004711f,0.9986300382463895f,0.016185190989694474f,1.2155844348740776f,0.969423910369391f,0.044393446143497356f,0.24134312491476415f,0.140434461033264f,0f,0f,0f,1f],start_interpolation:0}
execute if entity @s[tag=aj.frestchika_v2.bone.arm_left_1] run data modify entity @s {} merge value {transformation:[-0.2937876387313526f,0.4919198535613459f,-0.81957530526538f,-0.1300763909683646f,0.7610309030935997f,0.6391763225189835f,0.11084039546865748f,1.2313420155919492f,0.5783777207545224f,-0.5911585966585384f,-0.5621483129313041f,-0.5614197847518412f,0f,0f,0f,1f],start_interpolation:0}
execute if entity @s[tag=aj.frestchika_v2.bone.arm_left_0] run data modify entity @s {} merge value {transformation:[0.6778066879936129f,0.4919198535613459f,-0.5464365941107107f,0.1304603781145796f,0.14500022300485893f,0.6391763225189835f,0.7552672136798005f,1.2192697376762194f,0.7208002698665357f,-0.5911585966585384f,0.3619094977436167f,-0.35767260798263234f,0f,0f,0f,1f],start_interpolation:0}
execute if entity @s[tag=aj.frestchika_v2.bone.right_wing_0] run data modify entity @s {} merge value {transformation:[-0.06999450972514044f,0.014026540770339454f,-0.9974487579632126f,-0.5740029020243181f,-0.2407346011184318f,0.9701105335909427f,0.030535298266855266f,1.0043357646421005f,0.9680638514233898f,0.24225773211584864f,-0.06452573748047341f,0.0035593947493891276f,0f,0f,0f,1f],start_interpolation:0}
execute if entity @s[tag=aj.frestchika_v2.bone.right_wing_1] run data modify entity @s {} merge value {transformation:[-0.06999450972514044f,0.014026540770339454f,-0.9974487579632126f,0.05718833688322319f,-0.2407346011184318f,0.9701105335909427f,0.030535298266855266f,1.8403981261114524f,0.9680638514233898f,0.24225773211584864f,-0.06452573748047341f,-0.15609013597542887f,0f,0f,0f,1f],start_interpolation:0}
execute if entity @s[tag=aj.frestchika_v2.bone.right_wing_2] run data modify entity @s {} merge value {transformation:[-0.06999450972514044f,0.014026540770339454f,-0.9974487579632126f,0.05736280492956145f,-0.2407346011184318f,0.9701105335909427f,0.030535298266855266f,1.823713144863612f,0.9680638514233898f,0.24225773211584864f,-0.06452573748047341f,-0.16668286752399727f,0f,0f,0f,1f],start_interpolation:0}
execute if entity @s[tag=aj.frestchika_v2.bone.left_wing_0] run data modify entity @s {} merge value {transformation:[-0.06999450972514044f,0.014026540770339454f,-0.9974487579632126f,-0.5740029020243181f,-0.2407346011184318f,0.9701105335909427f,0.030535298266855266f,1.0043357646421005f,0.9680638514233898f,0.24225773211584864f,-0.06452573748047341f,0.0035593947493891276f,0f,0f,0f,1f],start_interpolation:0}
execute if entity @s[tag=aj.frestchika_v2.bone.left_wing_1] run data modify entity @s {} merge value {transformation:[-0.06999450972514044f,0.014026540770339454f,-0.9974487579632126f,0.05718833688322319f,-0.2407346011184318f,0.9701105335909427f,0.030535298266855266f,1.8403981261114524f,0.9680638514233898f,0.24225773211584864f,-0.06452573748047341f,-0.15609013597542887f,0f,0f,0f,1f],start_interpolation:0}
execute if entity @s[tag=aj.frestchika_v2.bone.left_wing_2] run data modify entity @s {} merge value {transformation:[-0.06999450972514044f,0.014026540770339454f,-0.9974487579632126f,0.05736280492956145f,-0.2407346011184318f,0.9701105335909427f,0.030535298266855266f,1.823713144863612f,0.9680638514233898f,0.24225773211584864f,-0.06452573748047341f,-0.16668286752399727f,0f,0f,0f,1f],start_interpolation:0}
execute if entity @s[tag=aj.frestchika_v2.bone.leg_right_1] run data modify entity @s {} merge value {transformation:[-0.7719325253625611f,-0.04017315911548397f,-0.6344338370342971f,0.12926121627312645f,0.04649549233696532f,0.9917603215696984f,-0.11937182981051836f,0.4557364429118308f,0.6340018497447165f,-0.12164531165092302f,-0.7637041787718774f,0.21130792428249273f,0f,0f,0f,1f],start_interpolation:0}
execute if entity @s[tag=aj.frestchika_v2.bone.leg_right_0] run data modify entity @s {} merge value {transformation:[-0.7719325253625611f,-0.42153200813777103f,-0.475847604178814f,-0.0332071944578529f,0.04649549233696532f,0.7090932633074377f,-0.7035800687372773f,0.724420254210687f,0.6340018497447165f,-0.5652411078887902f,-0.5277728152083345f,-0.006210741841349343f,0f,0f,0f,1f],start_interpolation:0}
execute if entity @s[tag=aj.frestchika_v2.bone.leg_left_1] run data modify entity @s {} merge value {transformation:[-0.09703264961346617f,0.1311462217441715f,-0.9866029259186389f,0.2028425014469824f,-0.7351289142545245f,0.6588064964042469f,0.15987332398660123f,0.4760562595566281f,0.6709471993651618f,0.740793269959838f,0.032483639670707165f,-0.5405555235980753f,0f,0f,0f,1f],start_interpolation:0}
execute if entity @s[tag=aj.frestchika_v2.bone.leg_left_0] run data modify entity @s {} merge value {transformation:[-0.09703264961346617f,-0.5326594714209808f,-0.8407488045870252f,0.0030951996641145913f,-0.7351289142545245f,0.6078162519653825f,-0.3002413750196972f,0.7039873540436465f,0.6709471993651618f,0.5889255397350974f,-0.45055140029942187f,-0.3197084461974138f,0f,0f,0f,1f],start_interpolation:0}
execute if entity @s[tag=aj.frestchika_v2.bone.body_0] run data modify entity @s {} merge value {transformation:[-0.05341209059415142f,0.020852066492164513f,-0.9983548166365347f,1.995918649550305e-17f,0.048902791318444175f,0.9986369505667276f,0.018241654641280126f,1.0016326904296875f,0.9973743858650206f,-0.04784801234945276f,-0.0543590115305619f,-0.1629791259765625f,0f,0f,0f,1f],start_interpolation:0}
execute if entity @s[tag=aj.frestchika_v2.bone.body_1] run data modify entity @s {} merge value {transformation:[-0.06999450972514044f,0.014026540770339454f,-0.9974487579632126f,1.995918649550305e-17f,-0.2407346011184318f,0.9701105335909427f,0.030535298266855266f,1.0016326904296875f,0.9680638514233898f,0.24225773211584864f,-0.06452573748047341f,-0.1629791259765625f,0f,0f,0f,1f],start_interpolation:0}