execute if entity @s[tag=aj.louvert.bone.right_leg_1] run data modify entity @s {} merge value {transformation:[-0.9537225314461908f,0.1724237596076233f,0.24633996860972862f,-0.23661379758494244f,0.296130811186086f,0.3965104737416032f,0.8689568383294303f,0.48366834775041834f,0.052152427346578836f,0.9016925703009766f,-0.42922096056213055f,-0.6001887609985922f,0f,0f,0f,1f],start_interpolation:0}
execute if entity @s[tag=aj.louvert.bone.right_leg_0] run data modify entity @s {} merge value {transformation:[-0.9537225314461908f,0.29611067193744994f,0.052266652624990785f,-0.12769499999999995f,0.296130811186086f,0.8948205177353408f,0.3340700281469844f,0.8150129748992396f,0.052152427346578836f,0.33408787916446203f,-0.9410979828462345f,-0.4898016049646637f,0f,0f,0f,1f],start_interpolation:0}
execute if entity @s[tag=aj.louvert.bone.left_leg_1] run data modify entity @s {} merge value {transformation:[-0.8750997535440384f,-0.479092450894933f,0.0683435793813118f,0.23786819865723327f,-0.4605147199396746f,0.8677978108030423f,0.18668998978073326f,0.5297710056207697f,-0.14875017333114773f,0.1318991397277991f,-0.9800387762088907f,-0.28658302540499525f,0f,0f,0f,1f],start_interpolation:0}
execute if entity @s[tag=aj.louvert.bone.left_leg_0] run data modify entity @s {} merge value {transformation:[-0.8750997535440384f,-0.30705175329823364f,0.3740583405615281f,0.12230500000000007f,-0.4605147199396746f,0.765933587794254f,-0.4486334046941943f,0.8150129748992396f,-0.14875017333114773f,-0.5648583538243037f,-0.8116701460869749f,-0.48980160496466363f,0f,0f,0f,1f],start_interpolation:0}
execute if entity @s[tag=aj.louvert.locator_origin.locator] at @s on origin run tp @s ^-1.59362 ^1.65103 ^0.61915 ~55.82133 ~-12.30363
execute if entity @s[tag=aj.louvert.bone.sword_0] run data modify entity @s {} merge value {transformation:[0.553664718894471f,0.2003118963002958f,0.8082886385766443f,-0.8790494528527139f,0.5922326811031944f,-0.7770792102734573f,-0.21309235648915312f,1.4437836287475454f,0.585419362922706f,0.5966766671836248f,-0.5488725939175811f,0.15299552109335593f,0f,0f,0f,1f],start_interpolation:0}
execute if entity @s[tag=aj.louvert.bone.right_arm_1] run data modify entity @s {} merge value {transformation:[-0.9094351063697785f,-0.05185168253835441f,-0.4126005214734116f,-0.5482329456012391f,0.2581753338331191f,0.7074143740337959f,-0.6579592695680558f,1.3497475394741758f,0.3259958347929417f,-0.7048945356777238f,-0.629960641047787f,0.028990593860956954f,0f,0f,0f,1f],start_interpolation:0}
execute if entity @s[tag=aj.louvert.bone.right_arm_0] run data modify entity @s {} merge value {transformation:[-0.9063077870366499f,-0.09147133341434896f,-0.4126005214734116f,-0.29957f,0.22707262651349322f,0.7180025221945487f,-0.6579592695680558f,1.291790082946681f,0.3564326267964168f,-0.6900038936742799f,-0.629960641047787f,-0.07334090284352192f,0f,0f,0f,1f],start_interpolation:0}
execute if entity @s[tag=aj.louvert.locator_origin.locator2] at @s on origin run tp @s ^0.52818 ^0.37726 ^0.58903 ~8.75854 ~33.13925
execute if entity @s[tag=aj.louvert.bone.sword_1] run data modify entity @s {} merge value {transformation:[-0.9914955700527397f,-0.026067239581921163f,0.1275030728507024f,0.6394015299238898f,0.048322914928402266f,0.8359488846502233f,0.5466757340003943f,0.8787987936208059f,-0.12083637887083176f,0.5481878886591953f,-0.8275799709204896f,-0.1229769731097191f,0f,0f,0f,1f],start_interpolation:0}
execute if entity @s[tag=aj.louvert.bone.left_arm_1] run data modify entity @s {} merge value {transformation:[-0.43480027593263376f,0.6856844017334525f,0.5837684654624152f,0.4676883857496063f,0.8624772550759359f,0.1306352533517337f,0.4889452066013197f,1.1995935564970812f,0.25900136008442987f,0.7160805344381076f,-0.6481874448593167f,-0.03162266131852737f,0f,0f,0f,1f],start_interpolation:0}
execute if entity @s[tag=aj.louvert.bone.left_arm_0] run data modify entity @s {} merge value {transformation:[-0.6552268343987402f,0.6856844017334525f,0.31704052848688513f,0.26293f,0.5392568975260951f,0.1306352533517337f,0.8319473715640063f,1.368111336973986f,0.5290366659829322f,0.7160805344381076f,-0.455355766675352f,0.13370129680113896f,0f,0f,0f,1f],start_interpolation:0}
execute if entity @s[tag=aj.louvert.bone.wing_0] run data modify entity @s {} merge value {transformation:[-0.7071067811865475f,-1.0328566345430088e-16f,0.7071067811865476f,-0.0026949999999999474f,0.5963678105290181f,0.5372996083468238f,0.596367810529018f,1.605110319511208f,-0.37992819659091537f,0.8433914458128856f,-0.37992819659091503f,-0.4248643168704524f,0f,0f,0f,1f],start_interpolation:0}
execute if entity @s[tag=aj.louvert.bone.wing_1] run data modify entity @s {} merge value {transformation:[-0.7071067811865475f,-1.0328566345430088e-16f,-0.7071067811865476f,-0.002694999999999964f,-0.5963678105290181f,0.5372996083468238f,0.596367810529018f,1.3942624580579865f,0.37992819659091515f,0.8433914458128856f,-0.37992819659091526f,-0.29053941478374645f,0f,0f,0f,1f],start_interpolation:0}