execute if entity @s[tag=aj.louvert.bone.right_leg_1] run data modify entity @s {} merge value {transformation:[-0.9537225314461908f,0.2682429499639037f,0.13586409682669004f,-0.23100111104693435f,0.2961308111860861f,0.7595484738499324f,0.5791309511142613f,0.470510943041476f,0.052152427346578906f,0.5925637819398861f,-0.803833495604008f,-0.42283827103309474f,0f,0f,0f,1f],start_interpolation:0}
execute if entity @s[tag=aj.louvert.bone.right_leg_0] run data modify entity @s {} merge value {transformation:[-0.9537225314461908f,0.28574683311089827f,-0.09360598473902186f,-0.12769499999999995f,0.2961308111860861f,0.9465892992270893f,-0.1275744537712713f,0.8150129748992396f,0.052152427346578906f,-0.14939024719124083f,-0.987401984181721f,-0.4898016049646637f,0f,0f,0f,1f],start_interpolation:0}
execute if entity @s[tag=aj.louvert.bone.left_leg_1] run data modify entity @s {} merge value {transformation:[-0.9022477262113822f,-0.4308289769407192f,-0.018314834823281f,0.27801026659037925f,-0.3499147748027783f,0.7066528829738404f,0.6149807747885134f,0.45685842004774707f,-0.25200930721128495f,0.5612736370193889f,-0.7883293813285885f,-0.5499626859288134f,0f,0f,0f,1f],start_interpolation:0}
execute if entity @s[tag=aj.louvert.bone.left_leg_0] run data modify entity @s {} merge value {transformation:[-0.9022477262113822f,-0.3932225190455648f,0.1769889574573828f,0.12230500000000007f,-0.3499147748027783f,0.9074909491681942f,0.23242165895744443f,0.8150129748992396f,-0.25200930721128495f,0.14777086212535306f,-0.9563760146436222f,-0.48980160496466363f,0f,0f,0f,1f],start_interpolation:0}
execute if entity @s[tag=aj.louvert.locator_origin.locator] at @s on origin run tp @s ^0.7708 ^0.87233 ^0.67655 ~-73.21259 ~14.20596
execute if entity @s[tag=aj.louvert.bone.sword_0] run data modify entity @s {} merge value {transformation:[0.285214783429157f,0.23931503915883012f,-0.9281060496224913f,-0.03747415710467017f,0.9520150999322311f,-0.18287173160236353f,0.2454081891090351f,1.0829424293586536f,-0.11099449001856776f,-0.9535650170875396f,-0.2799892522443625f,0.4059947401717655f,0f,0f,0f,1f],start_interpolation:0}
execute if entity @s[tag=aj.louvert.bone.right_arm_1] run data modify entity @s {} merge value {transformation:[0.6865556463216063f,-0.6509167485976505f,-0.3239579153207783f,-0.29201389651867804f,-0.4500201398709528f,-0.03046766024817968f,-0.8924985128220269f,1.2442182240940665f,0.57107199039565f,0.7585374796765578f,-0.31384339042185666f,0.19897008312503423f,0f,0f,0f,1f],start_interpolation:0}
execute if entity @s[tag=aj.louvert.bone.right_arm_0] run data modify entity @s {} merge value {transformation:[0.14087363591765822f,-0.9355243918810213f,-0.3239579153207783f,-0.29957f,-0.37354197311951987f,0.25280980781695617f,-0.8924985128220269f,1.3385152731080359f,0.9168538667755701f,0.2467413894489514f,-0.31384339042185666f,-0.06138944321987927f,0f,0f,0f,1f],start_interpolation:0}
execute if entity @s[tag=aj.louvert.locator_origin.locator2] at @s on origin run tp @s ^0.77747 ^0.39167 ^-0.5614 ~-176.63932 ~73.80146
execute if entity @s[tag=aj.louvert.bone.sword_1] run data modify entity @s {} merge value {transformation:[-0.9843211441951137f,-0.17562588436786278f,-0.01635340424585119f,0.7585416001837969f,0.03346050013052232f,-0.2769527101825211f,0.9603007816583153f,1.2272229787326854f,-0.1731827936644903f,0.9446971710884724f,0.27848693850161066f,-0.2923983681198164f,0f,0f,0f,1f],start_interpolation:0}
execute if entity @s[tag=aj.louvert.bone.left_arm_1] run data modify entity @s {} merge value {transformation:[-0.694358164315523f,0.6773492047539171f,0.24303249673163746f,0.4904684788095294f,0.4206407527635613f,0.10800585090772663f,0.9007752734640323f,1.3814922209680185f,0.5838904835351247f,0.7276900377145024f,-0.3599154237431125f,-0.08008233822405089f,0f,0f,0f,1f],start_interpolation:0}
execute if entity @s[tag=aj.louvert.bone.left_arm_0] run data modify entity @s {} merge value {transformation:[-0.7281231321904941f,0.6773492047539171f,-0.10504646204580337f,0.26293f,-0.04281882878090454f,0.10800585090772663f,0.993227710080387f,1.368111336973986f,0.6841076320806075f,0.7276900377145024f,-0.04963825883459361f,0.13370129680113896f,0f,0f,0f,1f],start_interpolation:0}
execute if entity @s[tag=aj.louvert.bone.wing_0] run data modify entity @s {} merge value {transformation:[-0.7064025173835362f,-1.0328566345430088e-16f,0.7078103442548737f,-0.0026949999999999474f,0.5969611896024342f,0.5372996083468238f,0.5957738404619627f,1.605110319511208f,-0.38030622075197423f,0.8433914458128856f,-0.3795497959253843f,-0.4248643168704524f,0f,0f,0f,1f],start_interpolation:0}
execute if entity @s[tag=aj.louvert.bone.wing_1] run data modify entity @s {} merge value {transformation:[-0.7064025173835362f,-1.0328566345430088e-16f,-0.7078103442548737f,-0.002694999999999964f,-0.5969611896024342f,0.5372996083468238f,0.5957738404619627f,1.3942624580579865f,0.380306220751974f,0.8433914458128856f,-0.3795497959253845f,-0.29053941478374645f,0f,0f,0f,1f],start_interpolation:0}