execute if entity @s[tag=aj.labyria.bone.wing_right_1] run data modify entity @s {} merge value {transformation:[0.5225918278985804f,0.01596097042665423f,-0.6273655021445669f,-0.33003290950285946f,-0.14987916312816602f,0.7959521630742055f,-0.10459844646044539f,1.2370441876078757f,0.6094082886850701f,0.18207099155268397f,0.5122656890339244f,0.12889808674098086f,0f,0f,0f,1f],start_interpolation:0}
execute if entity @s[tag=aj.labyria.bone.wing_right_2] run data modify entity @s {} merge value {transformation:[0.47894193560807424f,-0.18146078745793104f,-0.6145621245497799f,-0.33003290950285946f,0.1627370591996294f,0.7765422219509273f,-0.10246378428778324f,1.2370441876078757f,0.6197832458844365f,-0.06367228708523556f,0.5018112872169056f,0.12889808674098086f,0f,0f,0f,1f],start_interpolation:0}
execute if entity @s[tag=aj.labyria.bone.wing_left_1] run data modify entity @s {} merge value {transformation:[0.03580442272715354f,-0.08249935448510871f,-0.8116996638333419f,-0.30820438694246255f,0.0725842017009944f,0.8095813502466358f,-0.07908233330338607f,1.2340226150105897f,0.8126463077016033f,-0.0686756018307729f,0.04282621552946846f,0.18448827167606563f,0f,0f,0f,1f],start_interpolation:0}
execute if entity @s[tag=aj.labyria.bone.wing_left_2] run data modify entity @s {} merge value {transformation:[0.06333071948401447f,-0.06124183412679912f,-0.795134364571437f,-0.30820438694246255f,-0.23780014193233656f,0.7599011371475607f,-0.07746840813392922f,1.2340226150105897f,0.761209769029929f,0.24248649346846116f,0.041952211130907885f,0.18448827167606563f,0f,0f,0f,1f],start_interpolation:0}
execute if entity @s[tag=aj.labyria.bone.musket] run data modify entity @s {} merge value {transformation:[-1.1046942437443803e-7f,-5.680780777627717e-7f,0.000016245945582401284f,0.32520739246029806f,0.000014611408710068203f,0.0000071169617775651916f,3.482163501605832e-7f,1.389389116703102f,-0.000007124619012699657f,0.000014604513220807518f,4.6223540500172297e-7f,-0.1365314289257278f,0f,0f,0f,1f],start_interpolation:0}
execute if entity @s[tag=aj.labyria.bone.omega_blade] run data modify entity @s {} merge value {transformation:[-1.219131959756926e-7f,-6.269265402256681e-7f,0.00001792889895836212f,0.32520739246029806f,0.000016125036802162198f,0.000007854223563244965f,3.8428885077897403e-7f,1.389389116703102f,-0.000007862674028275143f,0.000016117426993942894f,5.101193912794421e-7f,-0.1365314289257278f,0f,0f,0f,1f],start_interpolation:0}
execute if entity @s[tag=aj.labyria.bone.arm_right_2] run data modify entity @s {} merge value {transformation:[-0.12960832382696924f,0.1765789667119479f,0.9757159171140461f,0.36357614820183437f,-0.1045136569844291f,0.9761017077981027f,-0.1905317599177855f,1.4112102194926561f,-0.986041874312904f,-0.1266701407142518f,-0.1080559926747568f,0.1714514210325029f,0f,0f,0f,1f],start_interpolation:0}
execute if entity @s[tag=aj.labyria.bone.arm_right_1] run data modify entity @s {} merge value {transformation:[0.7532719564067423f,0.1765789667119479f,0.6335623317449514f,0.09414657037370877f,-0.21684800343496283f,0.9761017077981027f,-0.014226715710167565f,1.4803642063623246f,-0.6209334127726012f,-0.1266701407142518f,0.7735608394651338f,0.32875548746559846f,0f,0f,0f,1f],start_interpolation:0}
execute if entity @s[tag=aj.labyria.bone.arm_left_2] run data modify entity @s {} merge value {transformation:[-0.35066738577215345f,-0.3696808711059703f,-0.8604466503473966f,-0.3696293211956519f,0.660144294178855f,0.5541218699364783f,-0.5071079412917945f,1.3142248583490517f,0.6642604123525842f,-0.7458451627492344f,0.049730250197872944f,-0.25022273994314914f,0f,0f,0f,1f],start_interpolation:0}
execute if entity @s[tag=aj.labyria.bone.arm_left_1] run data modify entity @s {} merge value {transformation:[0.6626150470795424f,-0.3696808711059703f,-0.6513657597096328f,-0.1237527231485887f,0.7199439141060039f,0.5541218699364783f,0.41788720224461007f,1.5107389626815726f,0.20645110783307227f,-0.7458451627492344f,0.6333189822499128f,-0.2260932169404388f,0f,0f,0f,1f],start_interpolation:0}
execute if entity @s[tag=aj.labyria.bone.himo_right_2] run data modify entity @s {} merge value {transformation:[0.363585489036206f,-0.3918505577735361f,-0.8451382919587017f,0.29947247998984783f,-0.043192101924653094f,0.8991615324004347f,-0.4354801728926736f,1.1788876777769752f,0.930558990335182f,0.1948375708734617f,0.30999723624976955f,0.0794857559082235f,0f,0f,0f,1f],start_interpolation:0}
execute if entity @s[tag=aj.labyria.bone.himo_right_1] run data modify entity @s {} merge value {transformation:[0.3647064199592372f,-0.27671434560899727f,-0.889054777938177f,0.24203194782604728f,-0.047023022141001077f,0.9481284096572459f,-0.3143904486296445f,1.3546968142837736f,0.9299344399629704f,0.15646625749664578f,0.33277657314743453f,0.11090303277101604f,0f,0f,0f,1f],start_interpolation:0}
execute if entity @s[tag=aj.labyria.bone.himo_left_2] run data modify entity @s {} merge value {transformation:[0.363585489036206f,-0.3918505577735361f,-0.8451382919587017f,0.18539951869813873f,-0.043192101924653094f,0.8991615324004347f,-0.4354801728926736f,1.1946780150742715f,0.930558990335182f,0.1948375708734617f,0.30999723624976955f,-0.21102117129004122f,0f,0f,0f,1f],start_interpolation:0}
execute if entity @s[tag=aj.labyria.bone.himo_left_1] run data modify entity @s {} merge value {transformation:[0.3647064199592372f,-0.27671434560899727f,-0.889054777938177f,0.12795898653433815f,-0.047023022141001077f,0.9481284096572459f,-0.3143904486296445f,1.37048715158107f,0.9299344399629704f,0.15646625749664578f,0.33277657314743453f,-0.17960389442724867f,0f,0f,0f,1f],start_interpolation:0}
execute if entity @s[tag=aj.labyria.bone.ribbon_left_himo_1] run data modify entity @s {} merge value {transformation:[-0.47362411124180337f,0.10215616806661618f,-0.874782440711036f,0.20638531431558832f,0.18205501894470366f,0.9831541667243756f,0.01624359964855325f,1.6950268355511167f,0.8617053854580784f,-0.15156517336922803f,-0.4842435615411944f,-0.20765042925541333f,0f,0f,0f,1f],start_interpolation:0}
execute if entity @s[tag=aj.labyria.bone.ribbon_left_himo_2] run data modify entity @s {} merge value {transformation:[-0.47362411124180337f,0.10215616806661618f,-0.874782440711036f,0.09020327140865385f,0.18205501894470366f,0.9831541667243756f,0.01624359964855325f,1.69718418862944f,0.8617053854580784f,-0.15156517336922803f,-0.4842435615411944f,-0.2719640272726032f,0f,0f,0f,1f],start_interpolation:0}
execute if entity @s[tag=aj.labyria.bone.ribbon_left] run data modify entity @s {} merge value {transformation:[-0.47362411124180337f,0.10215616806661618f,-0.874782440711036f,0.15896489830468125f,0.18205501894470366f,0.9831541667243756f,0.01624359964855325f,1.801317999968492f,0.8617053854580784f,-0.15156517336922803f,-0.4842435615411944f,-0.25555432197345473f,0f,0f,0f,1f],start_interpolation:0}
execute if entity @s[tag=aj.labyria.bone.ribbon_right_himo_1] run data modify entity @s {} merge value {transformation:[-0.47362411124180337f,0.10215616806661618f,-0.874782440711036f,-0.07829237804768815f,0.18205501894470366f,0.9831541667243756f,0.01624359964855325f,1.8044532803755677f,0.8617053854580784f,-0.15156517336922803f,-0.4842435615411944f,0.31028836399148296f,0f,0f,0f,1f],start_interpolation:0}
execute if entity @s[tag=aj.labyria.bone.ribbon_right_himo_2] run data modify entity @s {} merge value {transformation:[-0.47362411124180337f,0.10215616806661618f,-0.874782440711036f,-0.1944744209546226f,0.18205501894470366f,0.9831541667243756f,0.01624359964855325f,1.8066106334538912f,0.8617053854580784f,-0.15156517336922803f,-0.4842435615411944f,0.2459747659742931f,0f,0f,0f,1f],start_interpolation:0}
execute if entity @s[tag=aj.labyria.bone.ribbon_right] run data modify entity @s {} merge value {transformation:[-0.47362411124180337f,0.10215616806661618f,-0.874782440711036f,-0.12520956844040076f,0.18205501894470366f,0.9831541667243756f,0.01624359964855325f,1.9105510113353144f,0.8617053854580784f,-0.15156517336922803f,-0.4842435615411944f,0.2614689093013923f,0f,0f,0f,1f],start_interpolation:0}
execute if entity @s[tag=aj.labyria.bone.crown] run data modify entity @s {} merge value {transformation:[-0.44028668710336544f,0.20224567877506322f,-0.874782440711036f,0.14043069863980073f,0.3905330963593191f,0.9204455693404474f,0.01624359964855325f,2.103161575354125f,0.8084748195259677f,-0.3344796545357484f,-0.4842435615411944f,-0.17719851793599795f,0f,0f,0f,1f],start_interpolation:0}
execute if entity @s[tag=aj.labyria.bone.ear_edge_a1] run data modify entity @s {} merge value {transformation:[-0.45181226699620264f,0.17498959059154046f,-0.874782440711036f,0.13789229466511183f,0.3336128156821124f,0.9425702279846901f,0.01624359964855325f,2.0951091034817333f,0.8273863454302378f,-0.2844995755734876f,-0.4842435615411944f,-0.20763180827832853f,0f,0f,0f,1f],start_interpolation:0}
execute if entity @s[tag=aj.labyria.bone.ear_edge_a2] run data modify entity @s {} merge value {transformation:[-0.47362411124180337f,0.10215616806661619f,-0.874782440711036f,0.08436736255034381f,0.1820550189447037f,0.9831541667243756f,0.01624359964855325f,2.125986733862955f,0.8617053854580784f,-0.15156517336922803f,-0.4842435615411944f,-0.10990364340683337f,0f,0f,0f,1f],start_interpolation:0}
execute if entity @s[tag=aj.labyria.bone.ear_edge_b1] run data modify entity @s {} merge value {transformation:[-0.4348416371733149f,0.2137017360810951f,-0.874782440711036f,0.07334698345337062f,0.4144937265098143f,0.9099071909565641f,0.01624359964855325f,2.1258062862944826f,0.7994421187706077f,-0.35552844027090313f,-0.4842435615411944f,-0.09000146241494128f,0f,0f,0f,1f],start_interpolation:0}
execute if entity @s[tag=aj.labyria.bone.ear_edge_b2] run data modify entity @s {} merge value {transformation:[-0.47959644076662233f,0.06886897289513344f,-0.874782440711036f,0.08815464271288884f,0.11303017425107134f,0.9934587687363932f,0.01624359964855325f,2.130339834185645f,0.8701789664849181f,-0.09108643912866177f,-0.4842435615411944f,-0.11659931563230708f,0f,0f,0f,1f],start_interpolation:0}
execute if entity @s[tag=aj.labyria.bone.ear_right_2] run data modify entity @s {} merge value {transformation:[-0.4629183318033991f,0.1430464942038112f,-0.874782440711036f,0.09888600844093795f,0.267049776270024f,0.9635458279005664f,0.01624359964855325f,2.2233000480632077f,0.8452165610507689f,-0.2260909950250371f,-0.4842435615411944f,-0.19740080668722945f,0f,0f,0f,1f],start_interpolation:0}
execute if entity @s[tag=aj.labyria.bone.ear_right_1] run data modify entity @s {} merge value {transformation:[-0.4629183318033991f,0.1430464942038112f,-0.874782440711036f,0.06670054724508048f,0.267049776270024f,0.9635458279005664f,0.01624359964855325f,2.0065022367855807f,0.8452165610507689f,-0.2260909950250371f,-0.4842435615411944f,-0.1465303328065962f,0f,0f,0f,1f],start_interpolation:0}
execute if entity @s[tag=aj.labyria.bone.ear_edge_a3] run data modify entity @s {} merge value {transformation:[-0.49913803077643076f,0.24565434184474977f,-0.8309724246721124f,-0.024424275705664127f,0.02756179201193748f,0.9629894777030094f,0.2681261148310178f,2.1542660842496435f,0.8660840454908044f,0.11092885182002125f,-0.4874353454358582f,0.1427437381660062f,0f,0f,0f,1f],start_interpolation:0}
execute if entity @s[tag=aj.labyria.bone.ear_edge_a4] run data modify entity @s {} merge value {transformation:[-0.45456400779420425f,0.32071232008237693f,-0.8309724246721124f,0.031166625775591948f,0.17786720439994047f,0.9468218650541261f,0.2681261148310178f,2.1433199345174656f,0.8727742092987285f,-0.02592226075799224f,-0.4874353454358582f,0.04195200188002872f,0f,0f,0f,1f],start_interpolation:0}
execute if entity @s[tag=aj.labyria.bone.ear_edge_b3] run data modify entity @s {} merge value {transformation:[-0.5623687793577486f,0.47725359941712425f,-0.6752557721686464f,0.0010071295288001138f,-0.03144275307080324f,0.803691460580744f,0.594214935413878f,2.144567448196153f,0.8262885145534848f,0.3553998284087795f,-0.4369648185884145f,0.0000879951014629704f,0f,0f,0f,1f],start_interpolation:0}
execute if entity @s[tag=aj.labyria.bone.ear_edge_b4] run data modify entity @s {} merge value {transformation:[-0.38736501932263345f,0.6276766555784123f,-0.6752557721686464f,-0.0055230857072474625f,0.21845048435522615f,0.7740723457248994f,0.594214935413878f,2.1572139678493776f,0.8956716628821877f,0.08266812944449128f,-0.4369648185884145f,0.027376957240604308f,0f,0f,0f,1f],start_interpolation:0}
execute if entity @s[tag=aj.labyria.bone.ear_left_2] run data modify entity @s {} merge value {transformation:[-0.48078617497302545f,0.5593516748055131f,-0.6752557721686464f,0.01126618049407941f,0.09466940308910614f,0.7987154153075007f,0.594214935413878f,2.267728232342448f,0.87171231382467f,0.22176426502580265f,-0.4369648185884145f,0.08020083834779597f,0f,0f,0f,1f],start_interpolation:0}
execute if entity @s[tag=aj.labyria.bone.ear_left_1] run data modify entity @s {} merge value {transformation:[-0.48078617497302545f,0.27987404915311054f,-0.8309724246721124f,-0.05170548056537037f,0.09466940308910614f,0.958721070314185f,0.2681261148310178f,2.0520159915217566f,0.87171231382467f,0.05024366573276716f,-0.4874353454358582f,0.06889601355792338f,0f,0f,0f,1f],start_interpolation:0}
execute if entity @s[tag=aj.labyria.bone.head] run data modify entity @s {} merge value {transformation:[-0.47362411124180337f,0.10215616806661618f,-0.874782440711036f,-0.01752055152206588f,0.18205501894470366f,0.9831541667243756f,0.01624359964855325f,1.5248849912184088f,0.8617053854580784f,-0.15156517336922803f,-0.4842435615411944f,0.05399260302555531f,0f,0f,0f,1f],start_interpolation:0}
execute if entity @s[tag=aj.labyria.bone.back_musket] run data modify entity @s {} merge value {transformation:[-1.495920381911803f,-0.5740625115766459f,-0.274465087776495f,-0.18218819639273123f,-0.32571194819453275f,1.2932115427475197f,-0.9296086666618937f,1.4416178864885885f,0.546617396731176f,-0.8004453629898137f,-1.3050491496813204f,0.2205252258065523f,0f,0f,0f,1f],start_interpolation:0}
execute if entity @s[tag=aj.labyria.bone.body_1] run data modify entity @s {} merge value {transformation:[0.36503347613346926f,-0.09187179325279704f,-0.9264502873367958f,0.01693137094773301f,-0.05052907935134792f,0.9916972711466516f,-0.11825115027005016f,1.1529985145384145f,0.929622167034447f,0.08997830852377767f,0.35736050502731653f,0.020250737329138683f,0f,0f,0f,1f],start_interpolation:0}
execute if entity @s[tag=aj.labyria.bone.belt2] run data modify entity @s {} merge value {transformation:[-0.45222369916256466f,-0.12312531040788977f,-0.8833650909180686f,0.2084164891771032f,0.06038295170459968f,0.9839267298662506f,-0.16805382887083037f,0.3609165828966089f,0.8898582050299735f,-0.12933811577283455f,-0.4375203158130679f,-0.17908020472963976f,0f,0f,0f,1f],start_interpolation:0}
execute if entity @s[tag=aj.labyria.bone.leg_left_2] run data modify entity @s {} merge value {transformation:[-0.07265797072261072f,-0.052197627951038536f,-0.995990073708949f,0.04128808945568059f,0f,0.9986295347545739f,-0.052335956242943835f,0.47130999199942863f,0.9973569167005724f,-0.003802624376439649f,-0.07255839549893221f,-0.12232340214647919f,0f,0f,0f,1f],start_interpolation:0}
execute if entity @s[tag=aj.labyria.bone.leg_left_1] run data modify entity @s {} merge value {transformation:[-0.07265797072261072f,-0.09559242421241672f,-0.9927652832989609f,0.004843477724696715f,0f,0.9953961983671789f,-0.095845752520224f,0.8508047926269156f,0.9973569167005724f,-0.006963957880501028f,-0.07232346783836051f,-0.1249784110884202f,0f,0f,0f,1f],start_interpolation:0}
execute if entity @s[tag=aj.labyria.bone.belt] run data modify entity @s {} merge value {transformation:[0.45774420457754017f,-0.7524519824988318f,-0.4735887004661884f,0.2629211192065499f,0.4194780030204717f,0.6524344338042201f,-0.6311636194906387f,0.8160074527628904f,0.7839058924116035f,0.09025144663740664f,0.6142851359281154f,0.1581557678759023f,0f,0f,0f,1f],start_interpolation:0}
execute if entity @s[tag=aj.labyria.bone.leg_right_2] run data modify entity @s {} merge value {transformation:[0.15469877356665804f,0.42041490949526616f,-0.8940467511998798f,0.25513283627290984f,0.2294905834739285f,0.8648966632559415f,0.44641665961916605f,0.6987838588274111f,0.9609382714585615f,-0.27423542032863973f,0.03731719018638151f,0.11586017780525079f,0f,0f,0f,1f],start_interpolation:0}
execute if entity @s[tag=aj.labyria.bone.leg_right_1] run data modify entity @s {} merge value {transformation:[0.15469877356665804f,-0.7245527289825123f,-0.6716335551332783f,-0.029476777641199096f,0.2294905834739285f,0.6875762708997224f,-0.6888925488001937f,0.8599719515093349f,0.9609382714585615f,-0.04756274402960585f,0.27264523437354715f,0.12318386236251824f,0f,0f,0f,1f],start_interpolation:0}
execute if entity @s[tag=aj.labyria.bone.skirt_forward_right] run data modify entity @s {} merge value {transformation:[-0.0992429057541206f,-0.3006948823641019f,-0.9485427947001221f,0.007605971000210847f,0.08289003707270438f,0.9474374591188378f,-0.3090169943749474f,1.0690829639169723f,0.9916048040482482f,-0.10929249186691427f,-0.06910183651652142f,0.0005540989479258392f,0f,0f,0f,1f],start_interpolation:0}
execute if entity @s[tag=aj.labyria.bone.skirt_forward_left] run data modify entity @s {} merge value {transformation:[-0.045520064661819556f,-0.31336000117383545f,-0.9485427947001221f,0.007605971000210847f,-0.08289003707270438f,0.9474374591188378f,-0.3090169943749474f,1.0690829639169723f,0.9955185409962336f,0.064558273852191f,-0.06910183651652142f,0.0005540989479258392f,0f,0f,0f,1f],start_interpolation:0}
execute if entity @s[tag=aj.labyria.bone.skirt_forward] run data modify entity @s {} merge value {transformation:[-0.07265797072261072f,-0.30820023671787566f,-0.9485427947001221f,0.007605971000210847f,0f,0.9510565162951536f,-0.3090169943749474f,1.0690829639169723f,0.9973569167005724f,-0.022452547730084094f,-0.06910183651652142f,0.0005540989479258392f,0f,0f,0f,1f],start_interpolation:0}
execute if entity @s[tag=aj.labyria.bone.skirt_back_right] run data modify entity @s {} merge value {transformation:[-0.07238148520797008f,0.00633255940486674f,-0.9973569167005725f,0.007605971000210847f,0.08715574274765818f,0.9961946980917455f,0f,1.0690829639169723f,0.9935616725222409f,-0.08692538285955263f,-0.07265797072261074f,0.0005540989479258392f,0f,0f,0f,1f],start_interpolation:0}
execute if entity @s[tag=aj.labyria.bone.skirt_back_left] run data modify entity @s {} merge value {transformation:[-0.07238148520797008f,-0.00633255940486674f,-0.9973569167005725f,0.007605971000210847f,-0.08715574274765818f,0.9961946980917455f,0f,1.0690829639169723f,0.9935616725222409f,0.08692538285955263f,-0.07265797072261074f,0.0005540989479258392f,0f,0f,0f,1f],start_interpolation:0}
execute if entity @s[tag=aj.labyria.bone.skirt_back] run data modify entity @s {} merge value {transformation:[-0.07265797072261072f,0f,-0.9973569167005725f,0.007605971000210847f,0f,1f,0f,1.0690829639169723f,0.9973569167005724f,8.673617379884035e-19f,-0.07265797072261074f,0.0005540989479258392f,0f,0f,0f,1f],start_interpolation:0}
execute if entity @s[tag=aj.labyria.bone.skirt_right] run data modify entity @s {} merge value {transformation:[-0.07995753151471895f,-0.08026204612941469f,-0.9935616725222409f,-0.008644645398783797f,0.08682408883346518f,0.9924038765061041f,-0.08715574274765818f,1.093987831369266f,0.993009753603816f,-0.09323384496403189f,-0.07238148520797008f,0.19363368757354008f,0f,0f,0f,1f],start_interpolation:0}
execute if entity @s[tag=aj.labyria.bone.skirt_left] run data modify entity @s {} merge value {transformation:[-0.06480543890122122f,-0.09292716493914817f,-0.9935616725222409f,0.01951031825622786f,-0.08682408883346518f,0.9924038765061041f,-0.08715574274765818f,1.093987831369266f,0.9941135914406658f,0.08061692075507337f,-0.07238148520797008f,-0.19284211764793172f,0f,0f,0f,1f],start_interpolation:0}
execute if entity @s[tag=aj.labyria.bone.coat_downer] run data modify entity @s {} merge value {transformation:[-0.07265797072261072f,-0.12154723257888113f,-0.9899227694840077f,0.019965673875553498f,0f,0.9925461516413221f,-0.12186934340514749f,0.9274365302820522f,0.9973569167005724f,-0.008854779185114998f,-0.07211638922679513f,0.0014545097383053295f,0f,0f,0f,1f],start_interpolation:0}
execute if entity @s[tag=aj.labyria.bone.body_2] run data modify entity @s {} merge value {transformation:[-0.07265797072261072f,-0.08692538285955263f,-0.9935616725222409f,0f,0f,0.9961946980917455f,-0.08715574274765818f,1.15625f,0.9973569167005724f,-0.00633255940486674f,-0.07238148520797008f,0f,0f,0f,0f,1f],start_interpolation:0}
execute if entity @s[tag=aj.labyria.bone.sphere] run data modify entity @s {} merge value {transformation:[0.4412013251799227f,0f,-0.8974081516564691f,0.3542050230446172f,0f,1f,0f,1.3764467592592593f,0.8974081516564691f,0f,0.4412013251799227f,-0.357674823937375f,0f,0f,0f,1f],start_interpolation:0}