execute if entity @s[tag=aj.labyria.bone.wing_right_1] run data modify entity @s {} merge value {transformation:[-0.7156880028120339f,-0.12619510466511732f,-0.3725720368384167f,0.03601281911885301f,-0.14181267842799308f,0.8042596649599698f,0f,1.28125f,0.36691183043402276f,0.06469645524664751f,-0.7267286438626992f,-0.3356289342646837f,0f,0f,0f,1f],start_interpolation:0}
execute if entity @s[tag=aj.labyria.bone.wing_right_2] run data modify entity @s {} merge value {transformation:[-0.6950226350329836f,0.15408280860284443f,-0.3649685258825307f,0.03601281911885301f,0.17315169115048232f,0.7810368056959467f,0f,1.28125f,0.3563173145435628f,-0.07899364684157345f,-0.7118974470491748f,-0.3356289342646837f,0f,0f,0f,1f],start_interpolation:0}
execute if entity @s[tag=aj.labyria.bone.wing_left_1] run data modify entity @s {} merge value {transformation:[-0.7156880028120342f,0.12619510466511738f,0.37257203683841617f,-0.03601281911885326f,0.14181267842799308f,0.8042596649599698f,0f,1.28125f,-0.3669118304340222f,0.06469645524664741f,-0.7267286438626994f,-0.33562893426468365f,0f,0f,0f,1f],start_interpolation:0}
execute if entity @s[tag=aj.labyria.bone.wing_left_2] run data modify entity @s {} merge value {transformation:[-0.6950226350329838f,-0.15408280860284448f,0.36496852588253015f,-0.03601281911885326f,-0.17315169115048232f,0.7810368056959467f,0f,1.28125f,-0.35631731454356225f,-0.07899364684157333f,-0.711897447049175f,-0.33562893426468365f,0f,0f,0f,1f],start_interpolation:0}
execute if entity @s[tag=aj.labyria.bone.musket] run data modify entity @s {} merge value {transformation:[-0.00000590617698705738f,0.000012697596214477715f,0.000008255530742122822f,-0.8879388951149916f,0.00001514519091129844f,0.000004996612160689306f,0.0000031500354344792435f,1.5125f,-7.700467762989502e-8f,0.000008835755844987623f,-0.000013645114619888329f,-0.21127073854780776f,0f,0f,0f,1f],start_interpolation:0}
execute if entity @s[tag=aj.labyria.bone.omega_blade] run data modify entity @s {} merge value {transformation:[-0.000006518010902724186f,0.000014012968244216118f,0.000009110739400943805f,-0.8879388951149916f,0.00001671411468027574f,0.000005514222247559738f,0.000003476354560809194f,1.5125f,-8.49817622215358e-8f,0.000009751071303423974f,-0.000015058642173482373f,-0.21127073854780776f,0f,0f,0f,1f],start_interpolation:0}
execute if entity @s[tag=aj.labyria.bone.arm_right_2] run data modify entity @s {} merge value {transformation:[-0.9284858268809136f,0f,0.37136783555023445f,-0.5992378333192074f,0f,1f,0f,1.5015625f,-0.37136783555023445f,0f,-0.9284858268809136f,-0.09579855218140673f,0f,0f,0f,1f],start_interpolation:0}
execute if entity @s[tag=aj.labyria.bone.arm_right_1] run data modify entity @s {} merge value {transformation:[-0.9466492601156965f,0f,0.32226569523051074f,-0.2984375f,0f,1f,0f,1.5015625f,-0.32226569523051074f,0f,-0.9466492601156965f,1.0964415873616147e-16f,0f,0f,0f,1f],start_interpolation:0}
execute if entity @s[tag=aj.labyria.bone.arm_left_2] run data modify entity @s {} merge value {transformation:[-0.9284858268809134f,0f,-0.3713678355502351f,0.6090567884754629f,0f,1f,0f,1.4828124999999999f,0.3713678355502351f,0f,-0.9284858268809134f,-0.10574343124751166f,0f,0f,0f,1f],start_interpolation:0}
execute if entity @s[tag=aj.labyria.bone.arm_left_1] run data modify entity @s {} merge value {transformation:[-0.9466492601156963f,0f,-0.3222656952305114f,0.2984375f,0f,1f,0f,1.4828124999999999f,0.3222656952305114f,0f,-0.9466492601156963f,-1.0964415873616147e-16f,0f,0f,0f,1f],start_interpolation:0}
execute if entity @s[tag=aj.labyria.bone.himo_right_2] run data modify entity @s {} merge value {transformation:[-0.8593037087211504f,0.4980597928581367f,-0.11633391129067347f,-0.22761393264281077f,0.511132165565473f,0.8280225295642002f,-0.2304834047354665f,1.1729816159948931f,-0.018467417318783777f,-0.2575172484945679f,-0.966097211063856f,0.23067019142484607f,0f,0f,0f,1f],start_interpolation:0}
execute if entity @s[tag=aj.labyria.bone.himo_right_1] run data modify entity @s {} merge value {transformation:[-0.9226727398701149f,0.3822852677714237f,-0.05032881029297471f,-0.15624999999999992f,0.38558399227739654f,0.9147791466739198f,-0.12043295940048829f,1.34375f,3.3898446526273636e-16f,-0.13052619222005174f,-0.9914448613738104f,0.20000000000000007f,0f,0f,0f,1f],start_interpolation:0}
execute if entity @s[tag=aj.labyria.bone.himo_left_2] run data modify entity @s {} merge value {transformation:[-0.8593037087211504f,0.4980597928581367f,-0.11633391129067347f,0.08488606735718923f,0.511132165565473f,0.8280225295642002f,-0.2304834047354665f,1.1729816159948931f,-0.018467417318783777f,-0.2575172484945679f,-0.966097211063856f,0.23067019142484596f,0f,0f,0f,1f],start_interpolation:0}
execute if entity @s[tag=aj.labyria.bone.himo_left_1] run data modify entity @s {} merge value {transformation:[-0.9226727398701149f,0.3822852677714237f,-0.05032881029297471f,0.15625000000000008f,0.38558399227739654f,0.9147791466739198f,-0.12043295940048829f,1.34375f,3.3898446526273636e-16f,-0.13052619222005174f,-0.9914448613738104f,0.19999999999999996f,0f,0f,0f,1f],start_interpolation:0}
execute if entity @s[tag=aj.labyria.bone.ribbon_left_himo_1] run data modify entity @s {} merge value {transformation:[-1f,-1.2821867078571428e-17f,-3.671702332218485e-16f,0.30053125f,0f,0.9993908270190958f,-0.034899496702500976f,1.7632325537060238f,3.6739403974420594e-16f,-0.034899496702500976f,-0.9993908270190958f,0.05834571826701848f,0f,0f,0f,1f],start_interpolation:0}
execute if entity @s[tag=aj.labyria.bone.ribbon_left_himo_2] run data modify entity @s {} merge value {transformation:[-1f,-1.2821867078571428e-17f,-3.671702332218485e-16f,0.30053125f,0f,0.9993908270190958f,-0.034899496702500976f,1.758597464300223f,3.6739403974420594e-16f,-0.034899496702500976f,-0.9993908270190958f,-0.07438587594645518f,0f,0f,0f,1f],start_interpolation:0}
execute if entity @s[tag=aj.labyria.bone.ribbon_left] run data modify entity @s {} merge value {transformation:[-1f,-1.2821867078571428e-17f,-3.671702332218485e-16f,0.3f,0f,0.9993908270190958f,-0.034899496702500976f,1.8677667531316706f,3.6739403974420594e-16f,-0.034899496702500976f,-0.9993908270190958f,-0.011751423966222559f,0f,0f,0f,1f],start_interpolation:0}
execute if entity @s[tag=aj.labyria.bone.ribbon_right_himo_1] run data modify entity @s {} merge value {transformation:[-1f,-1.2821867078571428e-17f,-3.671702332218485e-16f,-0.30053125f,0f,0.9993908270190958f,-0.034899496702500976f,1.7632325537060238f,3.6739403974420594e-16f,-0.034899496702500976f,-0.9993908270190958f,0.058345718267018704f,0f,0f,0f,1f],start_interpolation:0}
execute if entity @s[tag=aj.labyria.bone.ribbon_right_himo_2] run data modify entity @s {} merge value {transformation:[-1f,-1.2821867078571428e-17f,-3.671702332218485e-16f,-0.30053125f,0f,0.9993908270190958f,-0.034899496702500976f,1.758597464300223f,3.6739403974420594e-16f,-0.034899496702500976f,-0.9993908270190958f,-0.07438587594645496f,0f,0f,0f,1f],start_interpolation:0}
execute if entity @s[tag=aj.labyria.bone.ribbon_right] run data modify entity @s {} merge value {transformation:[-1f,-1.2821867078571428e-17f,-3.671702332218485e-16f,-0.3f,0f,0.9993908270190958f,-0.034899496702500976f,1.8677667531316706f,3.6739403974420594e-16f,-0.034899496702500976f,-0.9993908270190958f,-0.011751423966222337f,0f,0f,0f,1f],start_interpolation:0}
execute if entity @s[tag=aj.labyria.bone.crown] run data modify entity @s {} merge value {transformation:[-0.9762960071199334f,0.21643961393810288f,-3.671702332218485e-16f,0.16875f,0.21630776477329444f,0.9757012739710312f,-0.034899496702500976f,2.1511709881191132f,-0.007553633592923046f,-0.03407223928114706f,-0.9993908270190958f,-0.004810986203480871f,0f,0f,0f,1f],start_interpolation:0}
execute if entity @s[tag=aj.labyria.bone.ear_edge_a1] run data modify entity @s {} merge value {transformation:[-0.9876883405951377f,0.15643446504023084f,-3.671702332218485e-16f,0.19523827377799086f,0.15633916939084616f,0.987086667544493f,-0.034899496702500976f,2.1470224014734094f,-0.005459484096828679f,-0.03446982598569873f,-0.9993908270190958f,-0.021503246091232952f,0f,0f,0f,1f],start_interpolation:0}
execute if entity @s[tag=aj.labyria.bone.ear_edge_a2] run data modify entity @s {} merge value {transformation:[-1f,-1.3877787807814457e-17f,-3.671702332218485e-16f,0.08005326181113277f,0f,0.9993908270190958f,-0.034899496702500976f,2.1570936453593146f,3.673276960380889e-16f,-0.03489949670250098f,-0.9993908270190958f,-0.021854941677467783f,0f,0f,0f,1f],start_interpolation:0}
execute if entity @s[tag=aj.labyria.bone.ear_edge_b1] run data modify entity @s {} merge value {transformation:[-0.9702957262759965f,0.2419218955996677f,-3.671702332218485e-16f,0.057716779398202966f,0.24177452331737928f,0.9697046483360624f,-0.034899496702500976f,2.1527765918042285f,-0.008442952397743033f,-0.03386283249962002f,-0.9993908270190958f,-0.021704186845387073f,0f,0f,0f,1f],start_interpolation:0}
execute if entity @s[tag=aj.labyria.bone.ear_edge_b2] run data modify entity @s {} merge value {transformation:[-0.9975640502598243f,-0.06975647374412529f,-3.671702332218485e-16f,0.08682420206637902f,-0.0697139799850772f,0.9969563611936846f,-0.034899496702500976f,2.1627716778179016f,0.0024344658254115636f,-0.034814483282576233f,-0.9993908270190958f,-0.02205322294012075f,0f,0f,0f,1f],start_interpolation:0}
execute if entity @s[tag=aj.labyria.bone.ear_right_2] run data modify entity @s {} merge value {transformation:[-0.9961946980917455f,0.08715574274765817f,-3.671702332218485e-16f,0.14461004211822304f,0.08710264982404567f,0.995587843197948f,-0.034899496702500976f,2.2663544542948717f,-0.003041691556625554f,-0.03476669358110186f,-0.9993908270190958f,-0.056939461460126455f,0f,0f,0f,1f],start_interpolation:0}
execute if entity @s[tag=aj.labyria.bone.ear_right_1] run data modify entity @s {} merge value {transformation:[-0.9961946980917455f,0.08715574274765817f,-3.671702332218485e-16f,0.12499999999999999f,0.08710264982404567f,0.995587843197948f,-0.034899496702500976f,2.0423471895753336f,-0.003041691556625554f,-0.03476669358110186f,-0.9993908270190958f,-0.04911695540437855f,0f,0f,0f,1f],start_interpolation:0}
execute if entity @s[tag=aj.labyria.bone.ear_edge_a3] run data modify entity @s {} merge value {transformation:[-0.9975640502598242f,-0.06975647374412532f,-3.671702332218485e-16f,-0.18593749999999998f,-0.06971397998507722f,0.9969563611936845f,-0.034899496702500976f,2.1527461705525f,0.0024344658254115636f,-0.03481448328257623f,-0.9993908270190958f,-0.02170312451186773f,0f,0f,0f,1f],start_interpolation:0}
execute if entity @s[tag=aj.labyria.bone.ear_edge_a4] run data modify entity @s {} merge value {transformation:[-0.9961946980917455f,0.08715574274765817f,-3.671702332218485e-16f,-0.07031249999999999f,0.08710264982404567f,0.995587843197948f,-0.034899496702500976f,2.1527461705525f,-0.003041691556625554f,-0.03476669358110186f,-0.9993908270190958f,-0.021703124511867775f,0f,0f,0f,1f],start_interpolation:0}
execute if entity @s[tag=aj.labyria.bone.ear_edge_b3] run data modify entity @s {} merge value {transformation:[-0.9876883405951378f,-0.15643446504023087f,-3.671702332218485e-16f,-0.04843749999999998f,-0.15633916939084616f,0.987086667544493f,-0.034899496702500976f,2.146499977883631f,0.005459484096829404f,-0.034469825985698616f,-0.9993908270190958f,-0.021485002657477145f,0f,0f,0f,1f],start_interpolation:0}
execute if entity @s[tag=aj.labyria.bone.ear_edge_b4] run data modify entity @s {} merge value {transformation:[-0.9876883405951378f,0.15643446504023087f,-3.671702332218485e-16f,-0.07656249999999999f,0.15633916939084616f,0.987086667544493f,-0.034899496702500976f,2.1589923632213694f,-0.005459484096828679f,-0.03446982598569873f,-0.9993908270190958f,-0.02192124636625839f,0f,0f,0f,1f],start_interpolation:0}
execute if entity @s[tag=aj.labyria.bone.ear_left_2] run data modify entity @s {} merge value {transformation:[-1f,-1.2821867078571428e-17f,-3.671702332218485e-16f,-0.125f,0f,0.9993908270190958f,-0.034899496702500976f,2.2672101256546298f,3.6739403974420594e-16f,-0.034899496702500976f,-0.9993908270190958f,-0.05696934216244116f,0f,0f,0f,1f],start_interpolation:0}
execute if entity @s[tag=aj.labyria.bone.ear_left_1] run data modify entity @s {} merge value {transformation:[-1f,-1.2821867078571428e-17f,-3.671702332218485e-16f,-0.125f,0f,0.9993908270190958f,-0.034899496702500976f,2.0423471895753336f,3.6739403974420594e-16f,-0.034899496702500976f,-0.9993908270190958f,-0.04911695540437845f,0f,0f,0f,1f],start_interpolation:0}
execute if entity @s[tag=aj.labyria.bone.head] run data modify entity @s {} merge value {transformation:[-1f,-1.2821867078571428e-17f,-3.671702332218485e-16f,0f,0f,0.9993908270190958f,-0.034899496702500976f,1.53125f,3.6739403974420594e-16f,-0.034899496702500976f,-0.9993908270190958f,0f,0f,0f,0f,1f],start_interpolation:0}
execute if entity @s[tag=aj.labyria.bone.belt2] run data modify entity @s {} merge value {transformation:[-0.9012763984093094f,-0.1864725621808643f,0.39106116813619757f,0.32769482202139855f,-0.1514235509932713f,0.9812882307240437f,0.11892988037942347f,0.3706436419867038f,-0.4059208812994618f,0.047972823516856986f,-0.9126482599166496f,0.2002302826403516f,0f,0f,0f,1f],start_interpolation:0}
execute if entity @s[tag=aj.labyria.bone.leg_left_2] run data modify entity @s {} merge value {transformation:[-0.9526614812535863f,-0.3040330609254902f,-3.469446951953614e-16f,0.22609541920031243f,-0.30143201594232794f,0.9445113302176307f,0.13052619222005166f,0.48251641832346426f,-0.039684277751610854f,0.12434727562274478f,-0.9914448613738103f,0.0570451414162921f,0f,0f,0f,1f],start_interpolation:0}
execute if entity @s[tag=aj.labyria.bone.leg_left_1] run data modify entity @s {} merge value {transformation:[-0.9526614812535863f,-0.2808899221958176f,0.11634841530743072f,0.12499999999999999f,-0.30143201594232794f,0.9225648974653932f,-0.24085836030665994f,0.8154408289027526f,-0.039684277751610854f,-0.2645276196798667f,-0.9635612572773132f,-0.04486837857564278f,0f,0f,0f,1f],start_interpolation:0}
execute if entity @s[tag=aj.labyria.bone.belt] run data modify entity @s {} merge value {transformation:[-0.8548882693994286f,0.1542039585394588f,-0.4953657093643149f,-0.24074659659984485f,0.29531342392245286f,0.9296678954459701f,-0.2202443775179257f,0.6799811251950412f,0.4265630416414995f,-0.3345724784674044f,-0.8403006772326976f,0.17727502566610412f,0f,0f,0f,1f],start_interpolation:0}
execute if entity @s[tag=aj.labyria.bone.leg_right_2] run data modify entity @s {} merge value {transformation:[-0.9526614812535863f,0.30403306092549026f,-3.7470027081099033e-16f,-0.23487322926893167f,0.30143201594232794f,0.9445113302176307f,0.13052619222005166f,0.4846689171956024f,0.03968427775161155f,0.12434727562274464f,-0.9914448613738103f,0.0693905730381647f,0f,0f,0f,1f],start_interpolation:0}
execute if entity @s[tag=aj.labyria.bone.leg_right_1] run data modify entity @s {} merge value {transformation:[-0.9526614812535863f,0.2808899221958174f,-0.11634841530743141f,-0.12500000000000003f,0.30143201594232794f,0.9225648974653932f,-0.24085836030665994f,0.8464234808206843f,0.03968427775161155f,-0.2645276196798669f,-0.9635612572773131f,-0.04078943506876607f,0f,0f,0f,1f],start_interpolation:0}
execute if entity @s[tag=aj.labyria.bone.skirt_forward_right] run data modify entity @s {} merge value {transformation:[-0.9406224471894911f,0.3389234812124654f,-0.018981194010824497f,-6.282045401832102e-18f,0.33591084534635596f,0.9212879108994827f,-0.1959400143134706f,1.026370723160031f,-0.04892152718333148f,-0.1906815646917399f,-0.9804321623981744f,-0.017098931180826744f,0f,0f,0f,1f],start_interpolation:0}
execute if entity @s[tag=aj.labyria.bone.skirt_forward_left] run data modify entity @s {} merge value {transformation:[-0.9695739608558245f,-0.2440615674461497f,-0.018981194010824497f,-6.282045401832102e-18f,-0.23576473735002879f,0.9518521415708999f,-0.1959400143134706f,1.026370723160031f,0.06588871718754269f,-0.18550323954750667f,-0.9804321623981744f,-0.017098931180826744f,0f,0f,0f,1f],start_interpolation:0}
execute if entity @s[tag=aj.labyria.bone.skirt_forward] run data modify entity @s {} merge value {transformation:[-0.9982696214949979f,0.055654982473782505f,-0.018981194010824497f,-6.282045401832102e-18f,0.05829967920220842f,0.9788813299863045f,-0.1959400143134706f,1.026370723160031f,0.007675298375515062f,-0.19670756144613874f,-0.9804321623981744f,-0.017098931180826744f,0f,0f,0f,1f],start_interpolation:0}
execute if entity @s[tag=aj.labyria.bone.skirt_back_right] run data modify entity @s {} merge value {transformation:[-0.9399709968862409f,0.34110538912456184f,0.010081593270298504f,-6.282045401832102e-18f,0.32841954218188335f,0.8961972269824974f,0.29828029546371987f,1.026370723160031f,0.09270992031993452f,0.2836858189248506f,-0.9544250765854845f,-0.017098931180826744f,0f,0f,0f,1f],start_interpolation:0}
execute if entity @s[tag=aj.labyria.bone.skirt_back_left] run data modify entity @s {} merge value {transformation:[-0.9702518671513365f,-0.24188773380739556f,0.010081593270298504f,-6.282045401832102e-18f,-0.22796920551675198f,0.9268543071454848f,0.29828029546371987f,1.026370723160031f,-0.08149451285458467f,0.28710872079995353f,-0.9544250765854845f,-0.017098931180826744f,0f,0f,0f,1f],start_interpolation:0}
execute if entity @s[tag=aj.labyria.bone.skirt_back] run data modify entity @s {} merge value {transformation:[-0.9982696214949979f,0.0579320660546978f,0.010081593270298504f,-6.282045401832102e-18f,0.05829967920220842f,0.952696180711876f,0.29828029546371987f,1.026370723160031f,0.007675298375515062f,0.2983519113054893f,-0.9544250765854845f,-0.017098931180826744f,0f,0f,0f,1f],start_interpolation:0}
execute if entity @s[tag=aj.labyria.bone.skirt_right] run data modify entity @s {} merge value {transformation:[-0.9123268100397246f,0.409462808668553f,-3.642509328037584e-16f,-0.1790580826624169f,0.40595979757812456f,0.9045217277074455f,0.13052619222005157f,1.0989005598440449f,0.053445621271234076f,0.11908254457475141f,-0.9914448613738104f,-0.007550197031770324f,0f,0f,0f,1f],start_interpolation:0}
execute if entity @s[tag=aj.labyria.bone.skirt_left] run data modify entity @s {} merge value {transformation:[-0.9705110753034126f,-0.24105653426823664f,-3.642509328037584e-16f,0.19856585961227893f,-0.23899426220082315f,0.9622082185159396f,0.13052619222005157f,1.1017754458117222f,-0.031464191527794956f,0.12667711516674227f,-0.9914448613738104f,-0.00717171111384678f,0f,0f,0f,1f],start_interpolation:0}