execute if entity @s[tag=aj.labyria.bone.wing_right_1] run data modify entity @s {} merge value {transformation:[-0.7289067971527077f,-0.12852593475981447f,-0.34513824708823815f,0.03436922129633488f,-0.14181267842799308f,0.8042596649599698f,0f,1.28125f,0.3398948215935401f,0.05993262765003128f,-0.7401513594132639f,-0.33898817382593005f,0f,0f,0f,1f],start_interpolation:0}
execute if entity @s[tag=aj.labyria.bone.wing_right_2] run data modify entity @s {} merge value {transformation:[-0.7078597389644673f,0.1569287260282471f,-0.33809460939255986f,0.03436922129633488f,0.17315169115048232f,0.7810368056959467f,0f,1.28125f,0.3300804171787297f,-0.07317706673147935f,-0.7250462296293199f,-0.33898817382593005f,0f,0f,0f,1f],start_interpolation:0}
execute if entity @s[tag=aj.labyria.bone.wing_left_1] run data modify entity @s {} merge value {transformation:[-0.7289067971527079f,0.1285259347598145f,0.3451382470882376f,-0.03436922129633513f,0.14181267842799308f,0.8042596649599698f,0f,1.28125f,-0.3398948215935395f,0.059932627650031184f,-0.7401513594132642f,-0.33898817382593f,0f,0f,0f,1f],start_interpolation:0}
execute if entity @s[tag=aj.labyria.bone.wing_left_2] run data modify entity @s {} merge value {transformation:[-0.7078597389644675f,-0.15692872602824712f,0.3380946093925593f,-0.03436922129633513f,-0.17315169115048232f,0.7810368056959467f,0f,1.28125f,-0.33008041717872916f,-0.07317706673147922f,-0.7250462296293201f,-0.33898817382593f,0f,0f,0f,1f],start_interpolation:0}
execute if entity @s[tag=aj.labyria.bone.musket] run data modify entity @s {} merge value {transformation:[-0.000005906676973274328f,0.000012804595025099037f,0.00000808821225235217f,-0.8904759952150119f,0.00001514519091129844f,0.000004996612160689306f,0.0000031500354344792435f,1.5125f,-4.843161560659731e-9f,0.000008679969885970844f,-0.000013744954106322998f,-0.20405303230435418f,0f,0f,0f,1f],start_interpolation:0}
execute if entity @s[tag=aj.labyria.bone.omega_blade] run data modify entity @s {} merge value {transformation:[-0.0000065185626836173794f,0.00001413105129789646f,0.000008926088019357659f,-0.8904759952150119f,0.00001671411468027574f,0.000005514222247559738f,0.000003476354560809194f,1.5125f,-5.3448753610349815e-9f,0.000009579147132917763f,-0.000015168824252774882f,-0.20405303230435418f,0f,0f,0f,1f],start_interpolation:0}
execute if entity @s[tag=aj.labyria.bone.arm_right_2] run data modify entity @s {} merge value {transformation:[-0.932953534825489f,0f,0.3599968081200509f,-0.6003857554802113f,0f,1f,0f,1.5015625f,-0.3599968081200509f,0f,-0.932953534825489f,-0.09211652477952585f,0f,0f,0f,1f],start_interpolation:0}
execute if entity @s[tag=aj.labyria.bone.arm_right_1] run data modify entity @s {} merge value {transformation:[-0.9505157316277838f,0f,0.31067642963073144f,-0.2984375f,0f,1f,0f,1.5015625f,-0.31067642963073144f,0f,-0.9505157316277838f,1.0964415873616147e-16f,0f,0f,0f,1f],start_interpolation:0}
execute if entity @s[tag=aj.labyria.bone.arm_left_2] run data modify entity @s {} merge value {transformation:[-0.9329535348254888f,0f,-0.3599968081200515f,0.6103254744403666f,0f,1f,0f,1.4828124999999999f,0.3599968081200515f,0f,-0.9329535348254888f,-0.10194070347258409f,0f,0f,0f,1f],start_interpolation:0}
execute if entity @s[tag=aj.labyria.bone.arm_left_1] run data modify entity @s {} merge value {transformation:[-0.9505157316277836f,0f,-0.3106764296307321f,0.2984375f,0f,1f,0f,1.4828124999999999f,0.3106764296307321f,0f,-0.9505157316277836f,-1.0964415873616147e-16f,0f,0f,0f,1f],start_interpolation:0}
execute if entity @s[tag=aj.labyria.bone.himo_right_2] run data modify entity @s {} merge value {transformation:[-0.8685578159712908f,0.48274214168907087f,-0.11210417009473997f,-0.22450265750514695f,0.4952448073232153f,0.8370439834391901f,-0.23257246313277105f,1.1717144612254538f,-0.018436407854370708f,-0.25752163875236167f,-0.9660966330754525f,0.23067019142484604f,0f,0f,0f,1f],start_interpolation:0}
execute if entity @s[tag=aj.labyria.bone.himo_right_1] run data modify entity @s {} merge value {transformation:[-0.9295192599081746f,0.36561866035412344f,-0.04813460980017851f,-0.15624999999999992f,0.3687735693616875f,0.921567093783947f,-0.12132660959101446f,1.34375f,3.414998359177088e-16f,-0.13052619222005168f,-0.9914448613738104f,0.20000000000000007f,0f,0f,0f,1f],start_interpolation:0}
execute if entity @s[tag=aj.labyria.bone.himo_left_2] run data modify entity @s {} merge value {transformation:[-0.8685578159712908f,0.48274214168907087f,-0.11210417009473997f,0.08799734249485305f,0.4952448073232153f,0.8370439834391901f,-0.23257246313277105f,1.1717144612254538f,-0.018436407854370708f,-0.25752163875236167f,-0.9660966330754525f,0.23067019142484593f,0f,0f,0f,1f],start_interpolation:0}
execute if entity @s[tag=aj.labyria.bone.himo_left_1] run data modify entity @s {} merge value {transformation:[-0.9295192599081746f,0.36561866035412344f,-0.04813460980017851f,0.15625000000000008f,0.3687735693616875f,0.921567093783947f,-0.12132660959101446f,1.34375f,3.414998359177088e-16f,-0.13052619222005168f,-0.9914448613738104f,0.19999999999999996f,0f,0f,0f,1f],start_interpolation:0}
execute if entity @s[tag=aj.labyria.bone.ribbon_left_himo_1] run data modify entity @s {} merge value {transformation:[-1f,-1.495774787072602e-17f,-3.67089425369627e-16f,0.30053125f,0f,0.9991708782897213f,-0.04071309344359584f,1.7635680675468581f,3.6739403974420594e-16f,-0.04071309344359584f,-0.9991708782897213f,0.056995118697621146f,0f,0f,0f,1f],start_interpolation:0}
execute if entity @s[tag=aj.labyria.bone.ribbon_left_himo_2] run data modify entity @s {} merge value {transformation:[-1f,-1.495774787072602e-17f,-3.67089425369627e-16f,0.30053125f,0f,0.9991708782897213f,-0.04071309344359584f,1.7581608598238807f,3.6739403974420594e-16f,-0.04071309344359584f,-0.9991708782897213f,-0.07570726357523246f,0f,0f,0f,1f],start_interpolation:0}
execute if entity @s[tag=aj.labyria.bone.ribbon_left] run data modify entity @s {} merge value {transformation:[-1f,-1.495774787072602e-17f,-3.67089425369627e-16f,0.3f,0f,0.9991708782897213f,-0.04071309344359584f,1.8676926915831118f,3.6739403974420594e-16f,-0.04071309344359584f,-0.9991708782897213f,-0.01370898916137791f,0f,0f,0f,1f],start_interpolation:0}
execute if entity @s[tag=aj.labyria.bone.ribbon_right_himo_1] run data modify entity @s {} merge value {transformation:[-1f,-1.495774787072602e-17f,-3.67089425369627e-16f,-0.30053125f,0f,0.9991708782897213f,-0.04071309344359584f,1.7635680675468581f,3.6739403974420594e-16f,-0.04071309344359584f,-0.9991708782897213f,0.05699511869762137f,0f,0f,0f,1f],start_interpolation:0}
execute if entity @s[tag=aj.labyria.bone.ribbon_right_himo_2] run data modify entity @s {} merge value {transformation:[-1f,-1.495774787072602e-17f,-3.67089425369627e-16f,-0.30053125f,0f,0.9991708782897213f,-0.04071309344359584f,1.7581608598238807f,3.6739403974420594e-16f,-0.04071309344359584f,-0.9991708782897213f,-0.07570726357523223f,0f,0f,0f,1f],start_interpolation:0}
execute if entity @s[tag=aj.labyria.bone.ribbon_right] run data modify entity @s {} merge value {transformation:[-1f,-1.495774787072602e-17f,-3.67089425369627e-16f,-0.3f,0f,0.9991708782897213f,-0.04071309344359584f,1.8676926915831118f,3.6739403974420594e-16f,-0.04071309344359584f,-0.9991708782897213f,-0.013708989161377689f,0f,0f,0f,1f],start_interpolation:0}
execute if entity @s[tag=aj.labyria.bone.crown] run data modify entity @s {} merge value {transformation:[-0.9762960071199334f,0.21643961393810285f,-3.67089425369627e-16f,0.16875f,0.21626015915522245f,0.9754865389047718f,-0.04071309344359584f,2.1511325080827595f,-0.008811926227157431f,-0.03974803056648343f,-0.9991708782897213f,-0.008417438556676288f,0f,0f,0f,1f],start_interpolation:0}
execute if entity @s[tag=aj.labyria.bone.ear_edge_a1] run data modify entity @s {} merge value {transformation:[-0.9876883405951377f,0.15643446504023084f,-3.67089425369627e-16f,0.19523827377799086f,0.1563047618290302f,0.986869426748961f,-0.04071309344359584f,2.146886880560443f,-0.006368930992981484f,-0.04021184770380001f,-0.9991708782897213f,-0.025085280596332096f,0f,0f,0f,1f],start_interpolation:0}
execute if entity @s[tag=aj.labyria.bone.ear_edge_a2] run data modify entity @s {} merge value {transformation:[-1f,-1.3877787807814457e-17f,-3.67089425369627e-16f,0.08005326181113276f,0f,0.9991708782897213f,-0.04071309344359584f,2.1569559079388156f,3.677613769070831e-16f,-0.040713093443595846f,-0.9991708782897213f,-0.025495562022111312f,0f,0f,0f,1f],start_interpolation:0}
execute if entity @s[tag=aj.labyria.bone.ear_edge_b1] run data modify entity @s {} merge value {transformation:[-0.9702957262759965f,0.2419218955996677f,-3.67089425369627e-16f,0.057716779398202966f,0.24172131290383425f,0.9694912330239505f,-0.04071309344359584f,2.1526398044929547f,-0.009849388741600754f,-0.03950374057179643f,-0.9991708782897213f,-0.025319694283447464f,0f,0f,0f,1f],start_interpolation:0}
execute if entity @s[tag=aj.labyria.bone.ear_edge_b2] run data modify entity @s {} merge value {transformation:[-0.9975640502598243f,-0.06975647374412529f,-3.67089425369627e-16f,0.08682420206637902f,-0.06969863713731154f,0.9967369482483603f,-0.04071309344359584f,2.1626326907601325f,0.00284000183384068f,-0.04061391839420014f,-0.9991708782897213f,-0.02572687319669125f,0f,0f,0f,1f],start_interpolation:0}
execute if entity @s[tag=aj.labyria.bone.ear_right_2] run data modify entity @s {} merge value {transformation:[-0.9961946980917455f,0.08715574274765817f,-3.67089425369627e-16f,0.14461004211822304f,0.08708348002917063f,0.9953687314398931f,-0.04071309344359584f,2.2660107555273457f,-0.003548379898631042f,-0.04055816783142402f,-0.9991708782897213f,-0.061215138098467105f,0f,0f,0f,1f],start_interpolation:0}
execute if entity @s[tag=aj.labyria.bone.ear_right_1] run data modify entity @s {} merge value {transformation:[-0.9961946980917455f,0.08715574274765817f,-3.67089425369627e-16f,0.12499999999999997f,0.08708348002917063f,0.9953687314398931f,-0.04071309344359584f,2.04205279095337f,-0.003548379898631042f,-0.04055816783142402f,-0.9991708782897213f,-0.052089550336396714f,0f,0f,0f,1f],start_interpolation:0}
execute if entity @s[tag=aj.labyria.bone.ear_edge_a3] run data modify entity @s {} merge value {transformation:[-0.9975640502598242f,-0.06975647374412532f,-3.67089425369627e-16f,-0.18593749999999998f,-0.06969863713731156f,0.9967369482483602f,-0.04071309344359584f,2.1526093899364205f,0.0028400018338406796f,-0.04061391839420013f,-0.9991708782897213f,-0.025318454985236098f,0f,0f,0f,1f],start_interpolation:0}
execute if entity @s[tag=aj.labyria.bone.ear_edge_a4] run data modify entity @s {} merge value {transformation:[-0.9961946980917455f,0.08715574274765817f,-3.67089425369627e-16f,-0.07031249999999999f,0.08708348002917063f,0.9953687314398931f,-0.04071309344359584f,2.1526093899364205f,-0.003548379898631042f,-0.04055816783142402f,-0.9991708782897213f,-0.02531845498523614f,0f,0f,0f,1f],start_interpolation:0}
execute if entity @s[tag=aj.labyria.bone.ear_edge_b3] run data modify entity @s {} merge value {transformation:[-0.9876883405951378f,-0.1564344650402309f,-3.67089425369627e-16f,-0.04843749999999998f,-0.15630476182903016f,0.9868694267489612f,-0.04071309344359584f,2.1463645719471094f,0.006368930992982209f,-0.0402118477037999f,-0.9991708782897213f,-0.02506399815121367f,0f,0f,0f,1f],start_interpolation:0}
execute if entity @s[tag=aj.labyria.bone.ear_edge_b4] run data modify entity @s {} merge value {transformation:[-0.9876883405951378f,0.15643446504023084f,-3.67089425369627e-16f,-0.07656249999999999f,0.15630476182903016f,0.9868694267489612f,-0.04071309344359584f,2.1588542079257307f,-0.006368930992981484f,-0.04021184770380001f,-0.9991708782897213f,-0.025572911819258595f,0f,0f,0f,1f],start_interpolation:0}
execute if entity @s[tag=aj.labyria.bone.ear_left_2] run data modify entity @s {} merge value {transformation:[-1f,-1.495774787072602e-17f,-3.67089425369627e-16f,-0.125f,0f,0.9991708782897213f,-0.04071309344359584f,2.2668662385685567f,3.6739403974420594e-16f,-0.04071309344359584f,-0.9991708782897213f,-0.061249996361205664f,0f,0f,0f,1f],start_interpolation:0}
execute if entity @s[tag=aj.labyria.bone.ear_left_1] run data modify entity @s {} merge value {transformation:[-1f,-1.495774787072602e-17f,-3.67089425369627e-16f,-0.125f,0f,0.9991708782897213f,-0.04071309344359584f,2.04205279095337f,3.6739403974420594e-16f,-0.04071309344359584f,-0.9991708782897213f,-0.05208955033639662f,0f,0f,0f,1f],start_interpolation:0}
execute if entity @s[tag=aj.labyria.bone.head] run data modify entity @s {} merge value {transformation:[-1f,-1.495774787072602e-17f,-3.67089425369627e-16f,0f,0f,0.9991708782897213f,-0.04071309344359584f,1.53125f,3.6739403974420594e-16f,-0.04071309344359584f,-0.9991708782897213f,0f,0f,0f,0f,1f],start_interpolation:0}
execute if entity @s[tag=aj.labyria.bone.belt2] run data modify entity @s {} merge value {transformation:[-0.9023275279241045f,-0.1813431865038627f,0.39104946114142597f,0.32555053385078586f,-0.14674211211965438f,0.9822429342036052f,0.11689983206897607f,0.36959697732988905f,-0.4053045581794474f,0.04809851261439656f,-0.912915520846943f,0.2000924866241455f,0f,0f,0f,1f],start_interpolation:0}
execute if entity @s[tag=aj.labyria.bone.leg_left_2] run data modify entity @s {} merge value {transformation:[-0.9542403285162769f,-0.29904079225608654f,-3.469446951953614e-16f,0.2244354171848815f,-0.29648245682345026f,0.9460766702231194f,0.13052619222005155f,0.4819959199817241f,-0.03903265593165412f,0.12455335654404076f,-0.9914448613738103f,0.05697661650961195f,0f,0f,0f,1f],start_interpolation:0}
execute if entity @s[tag=aj.labyria.bone.leg_left_1] run data modify entity @s {} merge value {transformation:[-0.9542403285162769f,-0.2762776673513582f,0.11443795679773464f,0.12499999999999999f,-0.29648245682345026f,0.9240110830578852f,-0.24145738999277885f,0.8154408289027526f,-0.03903265593165412f,-0.2643372257346403f,-0.9636401210316198f,-0.04486837857564278f,0f,0f,0f,1f],start_interpolation:0}
execute if entity @s[tag=aj.labyria.bone.belt] run data modify entity @s {} merge value {transformation:[-0.8567010989819182f,0.14960443819619634f,-0.49364130608689377f,-0.24003001139124214f,0.29087081826617717f,0.930456461282318f,-0.22281144660710522f,0.6793821208526813f,0.4259781615110549f,-0.33446866180553725f,-0.8406386382897676f,0.1771961652483668f,0f,0f,0f,1f],start_interpolation:0}
execute if entity @s[tag=aj.labyria.bone.leg_right_2] run data modify entity @s {} merge value {transformation:[-0.9542403285162769f,0.29904079225608665f,-3.7470027081099033e-16f,-0.2330690942896114f,0.29648245682345026f,0.9460766702231194f,0.13052619222005155f,0.4841032255540969f,0.03903265593165483f,0.12455335654404057f,-0.9914448613738103f,0.06931609832069627f,0f,0f,0f,1f],start_interpolation:0}
execute if entity @s[tag=aj.labyria.bone.leg_right_1] run data modify entity @s {} merge value {transformation:[-0.9542403285162769f,0.276277667351358f,-0.11443795679773533f,-0.12500000000000003f,0.29648245682345026f,0.9240110830578852f,-0.24145738999277885f,0.8464234808206843f,0.03903265593165483f,-0.2643372257346405f,-0.9636401210316197f,-0.04078943506876607f,0f,0f,0f,1f],start_interpolation:0}
execute if entity @s[tag=aj.labyria.bone.skirt_forward_right] run data modify entity @s {} merge value {transformation:[-0.933775381376568f,0.35673158732356525f,-0.028392107013296048f,-6.018295404045258e-18f,0.3559755368587907f,0.9178003858526066f,-0.1758518378832078f,1.031823669897587f,-0.03667361848987137f,-0.1743130125217731f,-0.9840071236390737f,-0.01638103712361646f,0f,0f,0f,1f],start_interpolation:0}
execute if entity @s[tag=aj.labyria.bone.skirt_forward_left] run data modify entity @s {} merge value {transformation:[-0.9801944654129157f,-0.1959915769446079f,-0.028392107013296048f,-6.018295404045258e-18f,-0.18811483041673813f,0.9662758103618136f,-0.1758518378832078f,1.031823669897587f,0.06190008522748941f,-0.1670280218298295f,-0.9840071236390737f,-0.01638103712361646f,0f,0f,0f,1f],start_interpolation:0}
execute if entity @s[tag=aj.labyria.bone.skirt_forward] run data modify entity @s {} merge value {transformation:[-0.9956324199296875f,0.08893802698677211f,-0.028392107013296048f,-6.018295404045258e-18f,0.09256126456703266f,0.9800553777286514f,-0.1758518378832078f,1.031823669897587f,0.012185921660097942f,-0.1777118002296145f,-0.9840071236390737f,-0.01638103712361646f,0f,0f,0f,1f],start_interpolation:0}
execute if entity @s[tag=aj.labyria.bone.skirt_back_right] run data modify entity @s {} merge value {transformation:[-0.9329021470531702f,0.35981674033228805f,0.015016570854623778f,-6.018295404045258e-18f,0.348679951129111f,0.8920249465905117f,0.2876000457941469f,1.031823669897587f,0.09008815518249827f,0.27353867740566673f,-0.9576328713337762f,-0.01638103712361646f,0f,0f,0f,1f],start_interpolation:0}
execute if entity @s[tag=aj.labyria.bone.skirt_back_left] run data modify entity @s {} merge value {transformation:[-0.9811003883719824f,-0.19291586387882514f,0.015016570854623778f,-6.018295404045258e-18f,-0.18054614188117976f,0.9405792387199631f,0.2876000457941469f,1.031823669897587f,-0.06960688606859392f,0.2794533326923497f,-0.9576328713337762f,-0.01638103712361646f,0f,0f,0f,1f],start_interpolation:0}
execute if entity @s[tag=aj.labyria.bone.skirt_back] run data modify entity @s {} merge value {transformation:[-0.9956324199296875f,0.09214438118910086f,0.015016570854623778f,-6.018295404045258e-18f,0.09256126456703266f,0.9532673423342248f,0.2876000457941469f,1.031823669897587f,0.012185921660097942f,0.2877338823536798f,-0.9576328713337762f,-0.01638103712361646f,0f,0f,0f,1f],start_interpolation:0}
execute if entity @s[tag=aj.labyria.bone.skirt_right] run data modify entity @s {} merge value {transformation:[-0.9077131511965756f,0.4195912715307394f,-3.642509328037584e-16f,-0.17878612262878663f,0.41600161003645464f,0.8999475393552734f,0.13052619222005157f,1.1083862051258353f,0.05476765096167747f,0.1184803412537528f,-0.9914448613738104f,-0.006301388139194524f,0f,0f,0f,1f],start_interpolation:0}
execute if entity @s[tag=aj.labyria.bone.skirt_left] run data modify entity @s {} merge value {transformation:[-0.981443841284093f,-0.19174980157883903f,-3.642509328037584e-16f,0.20060848594530992f,-0.19010935544478771f,0.9730474531680875f,0.13052619222005157f,1.0953533890848823f,-0.025028371459035935f,0.12810412748063338f,-0.9914448613738104f,-0.008017190921583173f,0f,0f,0f,1f],start_interpolation:0}