execute if entity @s[tag=aj.labyria.bone.wing_right_1] run data modify entity @s {} merge value {transformation:[-0.6747942713364184f,-0.19518648652189377f,0.4165325573052302f,0.3027304089703513f,-0.19122175068009648f,0.7916047732551281f,0.06116019515159028f,1.3115177777496396f,-0.41836751532932775f,-0.04699534959312635f,-0.69978889936768f,-0.05254886038823618f,0f,0f,0f,1f],start_interpolation:0}
execute if entity @s[tag=aj.labyria.bone.wing_right_2] run data modify entity @s {} merge value {transformation:[-0.6838758372803906f,0.07631391475097389f,0.4080318928704296f,0.3027304089703513f,0.12369126865130811f,0.7881059693796948f,0.05991202790359865f,1.3115177777496396f,-0.39625031134811056f,0.11430296340634716f,-0.6855074932581355f,-0.05254886038823618f,0f,0f,0f,1f],start_interpolation:0}
execute if entity @s[tag=aj.labyria.bone.wing_left_1] run data modify entity @s {} merge value {transformation:[0.2744391579309507f,-0.12459307816391255f,0.759015255388346f,0.27114765412099223f,0.19199191292080448f,0.7914689728725685f,0.06050136194744863f,1.311578533424859f,-0.7448266230550604f,0.1581071608059772f,0.2952623777840853f,-0.14430958501672253f,0f,0f,0f,1f],start_interpolation:0}
execute if entity @s[tag=aj.labyria.bone.wing_left_2] run data modify entity @s {} merge value {transformation:[0.2950809087994148f,-0.009879845755901978f,0.7435251481355227f,0.27114765412099223f,-0.12294334471261331f,0.7882717801249662f,0.05926664027505173f,1.311578533424859f,-0.7333567966910697f,-0.1361249033294659f,0.28923661497216524f,-0.14430958501672253f,0f,0f,0f,1f],start_interpolation:0}
execute if entity @s[tag=aj.labyria.bone.musket] run data modify entity @s {} merge value {transformation:[-0.000004249028766323722f,0.000003610631399701268f,-0.00001527006088727039f,-0.47133601125442137f,0.000012695969150836651f,0.00001008767744868306f,-0.000001147516917014884f,1.293571224466752f,0.000009220834340039821f,-0.000012225701151644535f,-0.000005456565722752717f,0.0535885100471305f,0f,0f,0f,1f],start_interpolation:0}
execute if entity @s[tag=aj.labyria.bone.omega_blade] run data modify entity @s {} merge value {transformation:[-0.000004689195038614182f,0.0000039846646791220715f,-0.000016851920212787146f,-0.47133601125442137f,0.000014011172629459718f,0.000011132682230445712f,-0.00000126639072830934f,1.293571224466752f,0.000010176040930080111f,-0.000013492188529820728f,-0.000006021823414752295f,0.0535885100471305f,0f,0f,0f,1f],start_interpolation:0}
execute if entity @s[tag=aj.labyria.bone.arm_right_2] run data modify entity @s {} merge value {transformation:[-0.1444352540818385f,-0.35726419590131064f,-0.922767983680245f,-0.42251809729567913f,-0.2991825025932034f,0.9046667878872632f,-0.30342681660626103f,1.3767034908743092f,0.9432010854109438f,0.23225050531857125f,-0.23755297358460004f,-0.2422283173497567f,0f,0f,0f,1f],start_interpolation:0}
execute if entity @s[tag=aj.labyria.bone.arm_right_1] run data modify entity @s {} merge value {transformation:[-0.8771011493553763f,-0.35726419590131064f,-0.3210231582401308f,-0.12858689185848574f,-0.4104273145491222f,0.9046667878872632f,0.11457496395695549f,1.500142898453564f,0.24948545703402034f,0.23225050531857125f,-0.9401152639478811f,-0.2709061304872283f,0f,0f,0f,1f],start_interpolation:0}
execute if entity @s[tag=aj.labyria.bone.arm_left_2] run data modify entity @s {} merge value {transformation:[0.8360380058953614f,-0.16117870707159856f,-0.5244634182526321f,-0.1917184869115554f,-0.3552533412566109f,0.5694408383860962f,-0.7413043876196563f,1.3209851783744961f,0.41813337133565576f,0.8060760236881306f,0.4188149087730886f,0.354012965293087f,0f,0f,0f,1f],start_interpolation:0}
execute if entity @s[tag=aj.labyria.bone.arm_left_1] run data modify entity @s {} merge value {transformation:[0.8989300984368127f,-0.16117870707159856f,0.4073648272876657f,0.06740799691456996f,0.4218309543657584f,0.5694408383860962f,-0.7055464389514082f,1.4808923810757657f,-0.11825110597053717f,0.8060760236881306f,0.5798776767318058f,0.2928623808686171f,0f,0f,0f,1f],start_interpolation:0}
execute if entity @s[tag=aj.labyria.bone.himo_right_2] run data modify entity @s {} merge value {transformation:[-0.2437197467547762f,-0.029248813433203083f,0.9694045553609377f,-0.25036288731813994f,-0.610485394403358f,0.7813008434646092f,-0.12990987345720298f,1.1449262040391406f,-0.7535968871100543f,-0.6234689237758686f,-0.20827441711308692f,-0.01960052990198531f,0f,0f,0f,1f],start_interpolation:0}
execute if entity @s[tag=aj.labyria.bone.himo_right_1] run data modify entity @s {} merge value {transformation:[-0.2823655114170021f,-0.06212092412414362f,0.9572934287605745f,-0.2560274766616633f,-0.3006605623542156f,0.9533540830052506f,-0.026818252405115844f,1.323512480525093f,-0.9109736243201894f,-0.2953929301848303f,-0.28787162519039333f,-0.07678590196908094f,0f,0f,0f,1f],start_interpolation:0}
execute if entity @s[tag=aj.labyria.bone.himo_left_2] run data modify entity @s {} merge value {transformation:[-0.2437197467547762f,-0.029248813433203083f,0.9694045553609377f,-0.14866027492637268f,-0.610485394403358f,0.7813008434646092f,-0.12990987345720298f,1.1447305589500114f,-0.7535968871100543f,-0.6234689237758686f,-0.20827441711308692f,0.27588684775683964f,0f,0f,0f,1f],start_interpolation:0}
execute if entity @s[tag=aj.labyria.bone.himo_left_1] run data modify entity @s {} merge value {transformation:[-0.2823655114170021f,-0.06212092412414362f,0.9572934287605745f,-0.15432486426989606f,-0.3006605623542156f,0.9533540830052506f,-0.026818252405115844f,1.323316835435964f,-0.9109736243201894f,-0.2953929301848303f,-0.28787162519039333f,0.218701475689744f,0f,0f,0f,1f],start_interpolation:0}
execute if entity @s[tag=aj.labyria.bone.ribbon_left_himo_1] run data modify entity @s {} merge value {transformation:[0.8892260330789585f,-0.091551398237902f,0.4482135691557587f,-0.35223227566701015f,0.0958898312247376f,0.9953062646938335f,0.013060617477748074f,1.728543566919694f,-0.44730549109344775f,0.03136528242968334f,0.8938310895777545f,0.09452402926666756f,0f,0f,0f,1f],start_interpolation:0}
execute if entity @s[tag=aj.labyria.bone.ribbon_left_himo_2] run data modify entity @s {} merge value {transformation:[0.8892260330789585f,-0.091551398237902f,0.4482135691557587f,-0.29270391101351095f,0.0958898312247376f,0.9953062646938335f,0.013060617477748074f,1.7302781801784572f,-0.44730549109344775f,0.03136528242968334f,0.8938310895777545f,0.21323597085121307f,0f,0f,0f,1f],start_interpolation:0}
execute if entity @s[tag=aj.labyria.bone.ribbon_left] run data modify entity @s {} merge value {transformation:[0.8892260330789585f,-0.091551398237902f,0.4482135691557587f,-0.3317840814116643f,0.0958898312247376f,0.9953062646938335f,0.013060617477748074f,1.8358768505109013f,-0.44730549109344775f,0.03136528242968334f,0.8938310895777545f,0.15699584699767105f,0f,0f,0f,1f],start_interpolation:0}
execute if entity @s[tag=aj.labyria.bone.ribbon_right_himo_1] run data modify entity @s {} merge value {transformation:[0.8892260330789585f,-0.091551398237902f,0.4482135691557587f,0.18224814684051138f,0.0958898312247376f,0.9953062646938335f,0.013060617477748074f,1.7861793486002129f,-0.44730549109344775f,0.03136528242968334f,0.8938310895777545f,-0.1743345274736879f,0f,0f,0f,1f],start_interpolation:0}
execute if entity @s[tag=aj.labyria.bone.ribbon_right_himo_2] run data modify entity @s {} merge value {transformation:[0.8892260330789585f,-0.091551398237902f,0.4482135691557587f,0.24177651149401058f,0.0958898312247376f,0.9953062646938335f,0.013060617477748074f,1.7879139618589763f,-0.44730549109344775f,0.03136528242968334f,0.8938310895777545f,-0.055622585889142394f,0f,0f,0f,1f],start_interpolation:0}
execute if entity @s[tag=aj.labyria.bone.ribbon_right] run data modify entity @s {} merge value {transformation:[0.8892260330789585f,-0.091551398237902f,0.4482135691557587f,0.20175153843571075f,0.0958898312247376f,0.9953062646938335f,0.013060617477748074f,1.893410749245744f,-0.44730549109344775f,0.03136528242968334f,0.8938310895777545f,-0.11138744765839759f,0f,0f,0f,1f],start_interpolation:0}
execute if entity @s[tag=aj.labyria.bone.crown] run data modify entity @s {} merge value {transformation:[0.84833247623198f,-0.2818450038492311f,0.4482135691557587f,-0.24852327123925883f,0.3090405630286242f,0.9509591740311731f,0.013060617477748074f,2.12990371926072f,-0.4299138752972137f,0.12743642780294817f,0.8938310895777545f,0.09212265894769192f,0f,0f,0f,1f],start_interpolation:0}
execute if entity @s[tag=aj.labyria.bone.ear_edge_a1] run data modify entity @s {} merge value {transformation:[0.8639563910187222f,-0.22952984738931154f,0.4482135691557587f,-0.26420905601520694f,0.25040947135087915f,0.9680519185089576f,0.013060617477748074f,2.1240367507297058f,-0.43689180705945724f,0.10095311896403301f,0.8938310895777545f,0.11889962283969614f,0f,0f,0f,1f],start_interpolation:0}
execute if entity @s[tag=aj.labyria.bone.ear_edge_a2] run data modify entity @s {} merge value {transformation:[0.8892260330789585f,-0.091551398237902f,0.4482135691557587f,-0.16270614323558222f,0.0958898312247376f,0.9953062646938337f,0.013060617477748074f,2.1451119042747933f,-0.4473054910934477f,0.031365282429683346f,0.8938310895777545f,0.06769281445152485f,0f,0f,0f,1f],start_interpolation:0}
execute if entity @s[tag=aj.labyria.bone.ear_edge_b1] run data modify entity @s {} merge value {transformation:[0.840663931783358f,-0.3039551779838626f,0.4482135691557587f,-0.14244848838577007f,0.3338278716876464f,0.9425435652295318f,0.013060617477748074f,2.142954336271006f,-0.4264306577663502f,0.1386465918124285f,0.8938310895777545f,0.05756609507677582f,0f,0f,0f,1f],start_interpolation:0}
execute if entity @s[tag=aj.labyria.bone.ear_edge_b2] run data modify entity @s {} merge value {transformation:[0.8934462258621425f,-0.029299111204086598f,0.4482135691557587f,-0.1692471882503099f,0.0262271930948014f,0.9995706851511144f,0.013060617477748074f,2.150117466000889f,-0.4484038088989228f,0.00008642443303506775f,0.8938310895777545f,0.07089969485489936f,0f,0f,0f,1f],start_interpolation:0}
execute if entity @s[tag=aj.labyria.bone.ear_right_2] run data modify entity @s {} merge value {transformation:[0.8778630294454026f,-0.16870417291103423f,0.4482135691557587f,-0.2162140236150985f,0.18227159822778424f,0.9831614744031569f,0.013060617477748074f,2.2492301160207555f,-0.442869694167968f,0.07023117037195617f,0.8938310895777545f,0.12796495147489784f,0f,0f,0f,1f],start_interpolation:0}
execute if entity @s[tag=aj.labyria.bone.ear_right_1] run data modify entity @s {} merge value {transformation:[0.8778630294454026f,-0.16870417291103423f,0.4482135691557587f,-0.17825558471011585f,0.18227159822778424f,0.9831614744031569f,0.013060617477748074f,2.0280187842800457f,-0.442869694167968f,0.07023117037195617f,0.8938310895777545f,0.11216293814120772f,0f,0f,0f,1f],start_interpolation:0}
execute if entity @s[tag=aj.labyria.bone.ear_edge_a3] run data modify entity @s {} merge value {transformation:[0.8933024491709157f,-0.02857511564497414f,0.4485467612982171f,0.0742820430566637f,0.02723392064119398f,0.9995844961257915f,0.009441857415612926f,2.1664561760139227f,-0.44863019054868863f,0.0037812525469706204f,0.8937094909742335f,-0.051012147820848064f,0f,0f,0f,1f],start_interpolation:0}
execute if entity @s[tag=aj.labyria.bone.ear_edge_a4] run data modify entity @s {} merge value {transformation:[0.8778342807418099f,-0.16796659930887892f,0.4485467612982171f,-0.028523972786824482f,0.1832680917999475f,0.9830176284566566f,0.009441857415612926f,2.1552526835638672f,-0.44251529022454733f,0.0739159229128695f,0.8937094909742335f,0.000703860226080797f,0f,0f,0f,1f],start_interpolation:0}
execute if entity @s[tag=aj.labyria.bone.ear_edge_b3] run data modify entity @s {} merge value {transformation:[0.8920249211830076f,0.051718116099937594f,0.4490175680922991f,-0.04770812129517094f,-0.05999485202968147f,0.9981897892104945f,0.004214551677882678f,2.147071775082055f,-0.4479867829728751f,-0.030698227684709922f,0.8935129887688438f,0.009702935573779912f,0f,0f,0f,1f],start_interpolation:0}
execute if entity @s[tag=aj.labyria.bone.ear_edge_b4] run data modify entity @s {} merge value {transformation:[0.8643478907807074f,-0.22646400872416744f,0.4490175680922991f,-0.02380702833996414f,0.25139911351059724f,0.9678743323801084f,0.004214551677882678f,2.1622380199098417f,-0.4355470232122225f,0.10923977971572407f,0.8935129887688438f,-0.0023796303114195817f,0f,0f,0f,1f],start_interpolation:0}
execute if entity @s[tag=aj.labyria.bone.ear_left_2] run data modify entity @s {} merge value {transformation:[0.8891331099977355f,-0.08846206107836387f,0.4490175680922991f,0.02361661774798946f,0.0968950698383176f,0.9952856790867546f,0.004214551677882678f,2.275922450745183f,-0.4472735831085739f,0.03976029117833286f,0.8935129887688438f,0.008226618253415398f,0f,0f,0f,1f],start_interpolation:0}
execute if entity @s[tag=aj.labyria.bone.ear_left_1] run data modify entity @s {} merge value {transformation:[0.8891331099977355f,-0.0908191369405971f,0.4485467612982171f,0.04405092355962378f,0.0968950698383176f,0.9952498162620131f,0.009441857415612926f,2.0519912420862303f,-0.4472735831085739f,0.03506690171364282f,0.8937094909742335f,0.00033656536784577515f,0f,0f,0f,1f],start_interpolation:0}
execute if entity @s[tag=aj.labyria.bone.head] run data modify entity @s {} merge value {transformation:[0.8892260330789585f,-0.091551398237902f,0.4482135691557587f,-0.03418891301443872f,0.0958898312247376f,0.9953062646938335f,0.013060617477748074f,1.5295024082313686f,-0.44730549109344775f,0.03136528242968334f,0.8938310895777545f,0.012242822960009198f,0f,0f,0f,1f],start_interpolation:0}
execute if entity @s[tag=aj.labyria.bone.back_musket] run data modify entity @s {} merge value {transformation:[1.5438379085717302f,0.30295623871848393f,0.4091927053399344f,0.14728237025852692f,0.02200141903485404f,1.2655930669982283f,-1.0200229247185923f,1.4989642974944737f,-0.5086620589766041f,0.9742424476548776f,1.197819353479528f,-0.15484265093745583f,0f,0f,0f,1f],start_interpolation:0}
execute if entity @s[tag=aj.labyria.bone.body_1] run data modify entity @s {} merge value {transformation:[-0.32544835965365526f,-0.09189106492937224f,0.9410841606279913f,0.00027023633407586217f,0.0006260642852130968f,0.9952455019089796f,0.0973960932145326f,1.1562853450155013f,-0.9455596085082398f,0.032286577955693084f,-0.3238434863350738f,0.0001353562266242913f,0f,0f,0f,1f],start_interpolation:0}
execute if entity @s[tag=aj.labyria.bone.belt2] run data modify entity @s {} merge value {transformation:[0.062358074520401596f,0.17466879710301975f,0.9826506407979858f,-0.12137896313158789f,0.06722166200106748f,0.9815959978676956f,-0.17874715418136686f,0.3620532454845334f,-0.9957874867158767f,0.07720173760160595f,0.04946890954296951f,0.24204934429172573f,0f,0f,0f,1f],start_interpolation:0}
execute if entity @s[tag=aj.labyria.bone.leg_left_2] run data modify entity @s {} merge value {transformation:[-0.3293002158009503f,0.05988797004748765f,0.9423241474763547f,0.010625967814502736f,0.01055375300780162f,0.998157681241921f,-0.059748319434125105f,0.47195569438989265f,-0.9441662915879266f,-0.00973007817764884f,-0.3293255826803605f,0.12442242842306603f,0f,0f,0f,1f],start_interpolation:0}
execute if entity @s[tag=aj.labyria.bone.leg_left_1] run data modify entity @s {} merge value {transformation:[-0.3293002158009503f,0.0876527436756145f,0.940148054510344f,0.0438721626667615f,0.01055375300780162f,0.995961420498539f,-0.08915978452185166f,0.8524448627291088f,-0.9441662915879266f,-0.019438245925744602f,-0.3288953761067985f,0.11708008788795307f,0f,0f,0f,1f],start_interpolation:0}
execute if entity @s[tag=aj.labyria.bone.belt] run data modify entity @s {} merge value {transformation:[-0.6312271880980928f,0.7658245809403925f,-0.12273935079365164f,-0.2897922048770072f,0.5288006353341441f,0.3091785818292806f,-0.7904293090518848f,0.9307722700766566f,-0.5673818159546362f,-0.5638451168233233f,-0.6001304517840372f,-0.013564099577046046f,0f,0f,0f,1f],start_interpolation:0}
execute if entity @s[tag=aj.labyria.bone.leg_right_2] run data modify entity @s {} merge value {transformation:[-0.5347024755730744f,-0.1724212923554524f,0.8272630540272552f,-0.3014126236856397f,0.229623675369585f,0.9124816324054839f,0.33860041085678994f,0.8515483726656932f,-0.8132442623995507f,0.3710096608783916f,-0.4483141768995396f,0.05624491946976909f,0f,0f,0f,1f],start_interpolation:0}
execute if entity @s[tag=aj.labyria.bone.leg_right_1] run data modify entity @s {} merge value {transformation:[-0.5347024755730744f,0.8233432876752599f,0.19026059301946835f,-0.022553809215903185f,0.229623675369585f,0.3582427172179539f,-0.9049503429857686f,0.8606260166431645f,-0.8132442623995507f,-0.44019085201806624f,-0.3806123795593356f,-0.12453970239123904f,0f,0f,0f,1f],start_interpolation:0}
execute if entity @s[tag=aj.labyria.bone.skirt_forward_right] run data modify entity @s {} merge value {transformation:[-0.3058013876296368f,0.32013217252345316f,0.8966609746382425f,-0.007695593791590811f,0.08048093553617638f,0.9470973863042436f,-0.3106917441305647f,1.0716733181341893f,-0.9486876885145135f,-0.02284585238253331f,-0.3153882316921561f,0.002692804732385985f,0f,0f,0f,1f],start_interpolation:0}
execute if entity @s[tag=aj.labyria.bone.skirt_forward_left] run data modify entity @s {} merge value {transformation:[-0.35129724287228387f,0.26942409638176207f,0.8966609746382425f,-0.007695593791590811f,-0.06578096657308864f,0.9482317778717491f,-0.3106917441305647f,1.0716733181341893f,-0.9339502725450869f,-0.1681283786963198f,-0.3153882316921561f,0.002692804732385985f,0f,0f,0f,1f],start_interpolation:0}
execute if entity @s[tag=aj.labyria.bone.skirt_forward] run data modify entity @s {} merge value {transformation:[-0.329630616694543f,0.29553807385576f,0.8966609746382425f,-0.007695593791590811f,0.007035908577773305f,0.9504846848422088f,-0.3106917441305647f,1.0716733181341893f,-0.9440837635125713f,-0.09610468657684947f,-0.3153882316921561f,0.002692804732385985f,0f,0f,0f,1f],start_interpolation:0}
execute if entity @s[tag=aj.labyria.bone.skirt_back_right] run data modify entity @s {} merge value {transformation:[-0.32745925899796996f,0.040766609996906095f,0.9439854433230742f,-0.007695593791590811f,0.08429887852170906f,0.9963451527032601f,-0.013785346013041475f,1.0716733181341893f,-0.941097302501969f,0.07506277502249234f,-0.3296990249143f,0.002692804732385985f,0f,0f,0f,1f],start_interpolation:0}
execute if entity @s[tag=aj.labyria.bone.skirt_back_left] run data modify entity @s {} merge value {transformation:[-0.3298368487779223f,-0.009956705398346036f,0.9439854433230742f,-0.007695593791590811f,-0.069564097412952f,0.9974822307121175f,-0.013785346013041475f,1.0716733181341893f,-0.9414714491366011f,-0.07021441042398989f,-0.3296990249143f,0.002692804732385985f,0f,0f,0f,1f],start_interpolation:0}
execute if entity @s[tag=aj.labyria.bone.skirt_back] run data modify entity @s {} merge value {transformation:[-0.329630616694543f,0.01533425354279322f,0.9439854433230742f,-0.007695593791590811f,0.007035908577773305f,0.9998802229396209f,-0.013785346013041475f,1.0716733181341893f,-0.9440837635125713f,0.0020977231703434365f,-0.3296990249143f,0.002692804732385985f,0f,0f,0f,1f],start_interpolation:0}
execute if entity @s[tag=aj.labyria.bone.skirt_right] run data modify entity @s {} merge value {transformation:[-0.3219617893475235f,0.11673788870892093f,0.9395280046597465f,-0.06965389933270669f,0.07974228112613255f,0.9921864414573135f,-0.0959543328311646f,1.0961622350282116f,-0.9433884538200273f,0.0440264775794823f,-0.32875506759744655f,-0.1815214837409506f,0f,0f,0f,1f],start_interpolation:0}
execute if entity @s[tag=aj.labyria.bone.skirt_left] run data modify entity @s {} merge value {transformation:[-0.33577764857890685f,0.06738322621317311f,0.9395280046597465f,0.058198940857428286f,-0.06921796690725479f,0.9929761523159316f,-0.0959543328311646f,1.0920447485997133f,-0.9393946155753963f,-0.09725153858398372f,-0.32875506759744655f,0.18506271944060054f,0f,0f,0f,1f],start_interpolation:0}
execute if entity @s[tag=aj.labyria.bone.coat_downer] run data modify entity @s {} merge value {transformation:[-0.33027906195516654f,0.12330357711950438f,0.9357948328044722f,-0.020802726873185923f,0f,0.9914306172763395f,-0.1306343413006573f,0.9276223384649837f,-0.9438833303083678f,-0.04314578770391217f,-0.3274487742676611f,0.007279188960293127f,0f,0f,0f,1f],start_interpolation:0}
execute if entity @s[tag=aj.labyria.bone.body_2] run data modify entity @s {} merge value {transformation:[-0.33027906195516654f,0.0905696952301972f,0.9395280046597465f,0f,0f,0.9953857372953091f,-0.0959543328311646f,1.15625f,-0.9438833303083678f,-0.031691707038010886f,-0.32875506759744655f,0f,0f,0f,0f,1f],start_interpolation:0}
execute if entity @s[tag=aj.labyria.bone.sphere] run data modify entity @s {} merge value {transformation:[-0.3376973317048112f,0f,0.9841751684326581f,-0.5851774360979711f,0f,1.0405f,0f,1.2485532407407407f,-0.9841751684326581f,0f,-0.3376973317048112f,0.20347491128087244f,0f,0f,0f,1f],start_interpolation:0}