execute if entity @s[tag=aj.labyria.bone.wing_right_1] run data modify entity @s {} merge value {transformation:[-0.7113509485816621f,-0.12543036498750698f,-0.38104001881103605f,0.03655207956163398f,-0.14181267842799308f,0.8042596649599698f,0f,1.28125f,0.3752511647330259f,0.06616690488470926f,-0.722324683579988f,-0.3345920385129344f,0f,0f,0f,1f],start_interpolation:0}
execute if entity @s[tag=aj.labyria.bone.wing_right_2] run data modify entity @s {} merge value {transformation:[-0.6908108124963053f,0.1531490700264636f,-0.37326369189652514f,0.03655207956163398f,0.17315169115048232f,0.7810368056959467f,0f,1.28125f,0.3644158520014225f,-0.08078904937119488f,-0.7075833635069271f,-0.3345920385129344f,0f,0f,0f,1f],start_interpolation:0}
execute if entity @s[tag=aj.labyria.bone.wing_left_1] run data modify entity @s {} merge value {transformation:[-0.7113509485816624f,0.12543036498750704f,0.3810400188110355f,-0.036552079561634226f,0.14181267842799308f,0.8042596649599698f,0f,1.28125f,-0.37525116473302533f,0.06616690488470917f,-0.7223246835799882f,-0.33459203851293434f,0f,0f,0f,1f],start_interpolation:0}
execute if entity @s[tag=aj.labyria.bone.wing_left_2] run data modify entity @s {} merge value {transformation:[-0.6908108124963055f,-0.15314907002646366f,0.3732636918965246f,-0.036552079561634226f,-0.17315169115048232f,0.7810368056959467f,0f,1.28125f,-0.36441585200142196f,-0.08078904937119476f,-0.7075833635069273f,-0.33459203851293434f,0f,0f,0f,1f],start_interpolation:0}
execute if entity @s[tag=aj.labyria.bone.musket] run data modify entity @s {} merge value {transformation:[-0.000005902887483673057f,0.000013114061667501592f,0.000007579114064226857f,-0.8975556383548008f,0.00001514519091129844f,0.000004996612160689306f,0.0000031500354344792435f,1.5125f,2.116026415691642e-7f,0.000008204932513989199f,-0.0000140321050033651f,-0.18222150285664768f,0f,0f,0f,1f],start_interpolation:0}
execute if entity @s[tag=aj.labyria.bone.omega_blade] run data modify entity @s {} merge value {transformation:[-0.000006514380632420647f,0.000014472576273126552f,0.000008364251225771966f,-0.8975556383548008f,0.00001671411468027574f,0.000005514222247559738f,0.000003476354560809194f,1.5125f,2.3352302645441378e-7f,0.000009054899590630605f,-0.000015485721745306676f,-0.18222150285664768f,0f,0f,0f,1f],start_interpolation:0}
execute if entity @s[tag=aj.labyria.bone.arm_right_2] run data modify entity @s {} merge value {transformation:[-0.945518575599317f,0f,0.3255681544571563f,-0.6035584562543882f,0f,1f,0f,1.5015625f,-0.3255681544571563f,0f,-0.945518575599317f,-0.08099015483012564f,0f,0f,0f,1f],start_interpolation:0}
execute if entity @s[tag=aj.labyria.bone.arm_right_1] run data modify entity @s {} merge value {transformation:[-0.961261695938319f,0f,0.27563735581699883f,-0.2984375f,0f,1f,0f,1.5015625f,-0.27563735581699883f,0f,-0.961261695938319f,1.0964415873616147e-16f,0f,0f,0f,1f],start_interpolation:0}
execute if entity @s[tag=aj.labyria.bone.arm_left_2] run data modify entity @s {} merge value {transformation:[-0.9455185755993167f,0f,-0.3255681544571569f,0.6138514939797608f,0f,1f,0f,1.4828124999999999f,0.3255681544571569f,0f,-0.9455185755993167f,-0.09044350737745308f,0f,0f,0f,1f],start_interpolation:0}
execute if entity @s[tag=aj.labyria.bone.arm_left_1] run data modify entity @s {} merge value {transformation:[-0.9612616959383188f,0f,-0.2756373558169995f,0.2984375f,0f,1f,0f,1.4828124999999999f,0.2756373558169995f,0f,-0.9612616959383188f,-1.0964415873616147e-16f,0f,0f,0f,1f],start_interpolation:0}
execute if entity @s[tag=aj.labyria.bone.himo_right_2] run data modify entity @s {} merge value {transformation:[-0.9444624905036076f,0.3203031937599184f,-0.07346065680974273f,-0.2002409341410326f,0.3283837122529727f,0.9114401370042398f,-0.2478729799406329f,1.1639738904321193f,-0.012439516014679557f,-0.2582300151510059f,-0.966003373553339f,0.23067019142484604f,0f,0f,0f,1f],start_interpolation:0}
execute if entity @s[tag=aj.labyria.bone.himo_right_1] run data modify entity @s {} merge value {transformation:[-0.9713420698132614f,0.23565245656783299f,-0.031024234469760912f,-0.15624999999999992f,0.23768589232617301f,0.9630321037525591f,-0.12678558171586854f,1.34375f,3.568652870021926e-16f,-0.13052619222005168f,-0.9914448613738104f,0.20000000000000007f,0f,0f,0f,1f],start_interpolation:0}
execute if entity @s[tag=aj.labyria.bone.himo_left_2] run data modify entity @s {} merge value {transformation:[-0.9444624905036076f,0.3203031937599184f,-0.07346065680974273f,0.1122590658589674f,0.3283837122529727f,0.9114401370042398f,-0.2478729799406329f,1.1639738904321193f,-0.012439516014679557f,-0.2582300151510059f,-0.966003373553339f,0.23067019142484593f,0f,0f,0f,1f],start_interpolation:0}
execute if entity @s[tag=aj.labyria.bone.himo_left_1] run data modify entity @s {} merge value {transformation:[-0.9713420698132614f,0.23565245656783299f,-0.031024234469760912f,0.15625000000000008f,0.23768589232617301f,0.9630321037525591f,-0.12678558171586854f,1.34375f,3.568652870021926e-16f,-0.13052619222005168f,-0.9914448613738104f,0.19999999999999996f,0f,0f,0f,1f],start_interpolation:0}
execute if entity @s[tag=aj.labyria.bone.ribbon_left_himo_1] run data modify entity @s {} merge value {transformation:[-1f,-2.1362063583655405e-17f,-3.667724671768793e-16f,0.30053125f,0f,0.9983081582712682f,-0.058144828910475815f,1.764527386356365f,3.6739403974420594e-16f,-0.058144828910475815f,-0.9983081582712682f,0.052931928727429405f,0f,0f,0f,1f],start_interpolation:0}
execute if entity @s[tag=aj.labyria.bone.ribbon_left_himo_2] run data modify entity @s {} merge value {transformation:[-1f,-2.1362063583655405e-17f,-3.667724671768793e-16f,0.30053125f,0f,0.9983081582712682f,-0.058144828910475815f,1.7568050262666925f,3.6739403974420594e-16f,-0.058144828910475815f,-0.9983081582712682f,-0.07965587354297342f,0f,0f,0f,1f],start_interpolation:0}
execute if entity @s[tag=aj.labyria.bone.ribbon_left] run data modify entity @s {} merge value {transformation:[-1f,-2.1362063583655405e-17f,-3.667724671768793e-16f,0.3f,0f,0.9983081582712682f,-0.058144828910475815f,1.8674021948808983f,3.6739403974420594e-16f,-0.058144828910475815f,-0.9983081582712682f,-0.01957863581228974f,0f,0f,0f,1f],start_interpolation:0}
execute if entity @s[tag=aj.labyria.bone.ribbon_right_himo_1] run data modify entity @s {} merge value {transformation:[-1f,-2.1362063583655405e-17f,-3.667724671768793e-16f,-0.30053125f,0f,0.9983081582712682f,-0.058144828910475815f,1.764527386356365f,3.6739403974420594e-16f,-0.058144828910475815f,-0.9983081582712682f,0.05293192872742963f,0f,0f,0f,1f],start_interpolation:0}
execute if entity @s[tag=aj.labyria.bone.ribbon_right_himo_2] run data modify entity @s {} merge value {transformation:[-1f,-2.1362063583655405e-17f,-3.667724671768793e-16f,-0.30053125f,0f,0.9983081582712682f,-0.058144828910475815f,1.7568050262666925f,3.6739403974420594e-16f,-0.058144828910475815f,-0.9983081582712682f,-0.0796558735429732f,0f,0f,0f,1f],start_interpolation:0}
execute if entity @s[tag=aj.labyria.bone.ribbon_right] run data modify entity @s {} merge value {transformation:[-1f,-2.1362063583655405e-17f,-3.667724671768793e-16f,-0.3f,0f,0.9983081582712682f,-0.058144828910475815f,1.8674021948808983f,3.6739403974420594e-16f,-0.058144828910475815f,-0.9983081582712682f,-0.019578635812289517f,0f,0f,0f,1f],start_interpolation:0}
execute if entity @s[tag=aj.labyria.bone.crown] run data modify entity @s {} merge value {transformation:[-0.9762960071199334f,0.21643961393810285f,-3.667724671768793e-16f,0.16875f,0.2160734323674918f,0.9746442687954936f,-0.058144828910475815f,2.1508911924154583f,-0.012584844321880069f,-0.05676656429996928f,-0.9983081582712682f,-0.019234598014436315f,0f,0f,0f,1f],start_interpolation:0}
execute if entity @s[tag=aj.labyria.bone.ear_edge_a1] run data modify entity @s {} merge value {transformation:[-0.9876883405951377f,0.15643446504023084f,-3.667724671768793e-16f,0.19523827377799086f,0.15616980268446395f,0.986017328245537f,-0.058144828910475815f,2.146355317569069f,-0.009095855205465672f,-0.057428969580776104f,-0.9983081582712682f,-0.03582580504391619f,0f,0f,0f,1f],start_interpolation:0}
execute if entity @s[tag=aj.labyria.bone.ear_edge_a2] run data modify entity @s {} merge value {transformation:[-1f,-2.7755575615628914e-17f,-3.667724671768793e-16f,0.08005326181113276f,0f,0.9983081582712682f,-0.058144828910475815f,2.1564156509876056f,3.668940151690947e-16f,-0.05814482891047582f,-0.9983081582712682f,-0.036411752740082515f,0f,0f,0f,1f],start_interpolation:0}
execute if entity @s[tag=aj.labyria.bone.ear_edge_b1] run data modify entity @s {} merge value {transformation:[-0.9702957262759965f,0.2419218955996677f,-3.667724671768793e-16f,0.057716779398202966f,0.2415126020415983f,0.9686541394770727f,-0.058144828910475815f,2.152103274220459f,-0.014066507229340316f,-0.05641767899688378f,-0.9983081582712682f,-0.03616058539536457f,0f,0f,0f,1f],start_interpolation:0}
execute if entity @s[tag=aj.labyria.bone.ear_edge_b2] run data modify entity @s {} merge value {transformation:[-0.9975640502598243f,-0.0697564737441253f,-3.667724671768793e-16f,0.08682420206637903f,-0.06963845683099579f,0.995876329772512f,-0.058144828910475815f,2.16208753227077f,0.004055978231250631f,-0.058003191029598763f,-0.9983081582712682f,-0.036742102205903994f,0f,0f,0f,1f],start_interpolation:0}
execute if entity @s[tag=aj.labyria.bone.ear_right_2] run data modify entity @s {} merge value {transformation:[-0.9961946980917455f,0.08715574274765815f,-3.667724671768793e-16f,0.14461004211822304f,0.08700828902517907f,0.9945092943315725f,-0.058144828910475815f,2.2648304964351764f,-0.005067655750627662f,-0.05792357028206769f,-0.9983081582712682f,-0.07402915807606125f,0f,0f,0f,1f],start_interpolation:0}
execute if entity @s[tag=aj.labyria.bone.ear_right_1] run data modify entity @s {} merge value {transformation:[-0.9961946980917455f,0.08715574274765815f,-3.667724671768793e-16f,0.12499999999999997f,0.08700828902517907f,0.9945092943315725f,-0.058144828910475815f,2.041065905210573f,-0.005067655750627662f,-0.05792357028206769f,-0.9983081582712682f,-0.060996354762596044f,0f,0f,0f,1f],start_interpolation:0}
execute if entity @s[tag=aj.labyria.bone.ear_edge_a3] run data modify entity @s {} merge value {transformation:[-0.9975640502598242f,-0.06975647374412533f,-3.667724671768793e-16f,-0.18593749999999998f,-0.0696384568309958f,0.995876329772512f,-0.058144828910475815f,2.1520728859249454f,0.004055978231250631f,-0.05800319102959875f,-0.9983081582712682f,-0.03615881547870209f,0f,0f,0f,1f],start_interpolation:0}
execute if entity @s[tag=aj.labyria.bone.ear_edge_a4] run data modify entity @s {} merge value {transformation:[-0.9961946980917455f,0.08715574274765815f,-3.667724671768793e-16f,-0.07031249999999999f,0.08700828902517907f,0.9945092943315725f,-0.058144828910475815f,2.1520728859249454f,-0.005067655750627662f,-0.05792357028206769f,-0.9983081582712682f,-0.03615881547870213f,0f,0f,0f,1f],start_interpolation:0}
execute if entity @s[tag=aj.labyria.bone.ear_edge_b3] run data modify entity @s {} merge value {transformation:[-0.9876883405951378f,-0.1564344650402309f,-3.667724671768793e-16f,-0.04843749999999998f,-0.15616980268446395f,0.986017328245537f,-0.058144828910475815f,2.1458334599357496f,0.009095855205466397f,-0.05742896958077599f,-0.9983081582712682f,-0.03579541029801166f,0f,0f,0f,1f],start_interpolation:0}
execute if entity @s[tag=aj.labyria.bone.ear_edge_b4] run data modify entity @s {} merge value {transformation:[-0.9876883405951378f,0.15643446504023084f,-3.667724671768793e-16f,-0.07656249999999999f,0.15616980268446395f,0.986017328245537f,-0.058144828910475815f,2.1583123119141403f,-0.009095855205465672f,-0.057428969580776104f,-0.9983081582712682f,-0.03652222065939258f,0f,0f,0f,1f],start_interpolation:0}
execute if entity @s[tag=aj.labyria.bone.ear_left_2] run data modify entity @s {} merge value {transformation:[-1f,-2.1362063583655405e-17f,-3.667724671768793e-16f,-0.125f,0f,0.9983081582712682f,-0.058144828910475815f,2.265685240821608f,3.6739403974420594e-16f,-0.058144828910475815f,-0.9983081582712682f,-0.07407894126745299f,0f,0f,0f,1f],start_interpolation:0}
execute if entity @s[tag=aj.labyria.bone.ear_left_1] run data modify entity @s {} merge value {transformation:[-1f,-2.1362063583655405e-17f,-3.667724671768793e-16f,-0.125f,0f,0.9983081582712682f,-0.058144828910475815f,2.041065905210573f,3.6739403974420594e-16f,-0.058144828910475815f,-0.9983081582712682f,-0.06099635476259595f,0f,0f,0f,1f],start_interpolation:0}
execute if entity @s[tag=aj.labyria.bone.head] run data modify entity @s {} merge value {transformation:[-1f,-2.1362063583655405e-17f,-3.667724671768793e-16f,0f,0f,0.9983081582712682f,-0.058144828910475815f,1.53125f,3.6739403974420594e-16f,-0.058144828910475815f,-0.9983081582712682f,0f,0f,0f,0f,1f],start_interpolation:0}
execute if entity @s[tag=aj.labyria.bone.belt2] run data modify entity @s {} merge value {transformation:[-0.9053323780013529f,-0.1659257929578198f,0.39095001799940365f,0.3190849160728272f,-0.13266595509408458f,0.9849471003296495f,0.11081044134552318f,0.3665239708739887f,-0.40345139695059873f,0.04845452283878156f,-0.9137172043444711f,0.19968791764912402f,0f,0f,0f,1f],start_interpolation:0}
execute if entity @s[tag=aj.labyria.bone.leg_left_2] run data modify entity @s {} merge value {transformation:[-0.958819734868193f,-0.2840153447039226f,-3.469446951953614e-16f,0.21943923711704805f,-0.28158555405801555f,0.9506168991188693f,0.13052619222005152f,0.4804862277723177f,-0.03707144147626806f,0.1251510890177847f,-0.9914448613738103f,0.05677786175965536f,0f,0f,0f,1f],start_interpolation:0}
execute if entity @s[tag=aj.labyria.bone.leg_left_1] run data modify entity @s {} merge value {transformation:[-0.958819734868193f,-0.2623959638910921f,0.10868796695565089f,0.12499999999999999f,-0.28158555405801555f,0.9282057076075848f,-0.2431948603703276f,0.8154408289027526f,-0.03707144147626806f,-0.2637849929362309f,-0.9638688633463082f,-0.04486837857564278f,0f,0f,0f,1f],start_interpolation:0}
execute if entity @s[tag=aj.labyria.bone.belt] run data modify entity @s {} merge value {transformation:[-0.861998470791373f,0.13578177323039275f,-0.4883870866553952f,-0.23786141314414777f,0.2774873909164831f,0.9326787493973584f,-0.23045845244846752f,0.6776075417595535f,0.42421619987418824f,-0.33417609202483334f,-0.8416453857078483f,0.17696253747859012f,0f,0f,0f,1f],start_interpolation:0}
execute if entity @s[tag=aj.labyria.bone.leg_right_2] run data modify entity @s {} merge value {transformation:[-0.958819734868193f,0.28401534470392265f,-3.7470027081099033e-16f,-0.22763911098864464f,0.28158555405801555f,0.9506168991188693f,0.13052619222005152f,0.48246245132751236f,0.03707144147626877f,0.12515108901778452f,-0.9914448613738103f,0.06910008629578937f,0f,0f,0f,1f],start_interpolation:0}
execute if entity @s[tag=aj.labyria.bone.leg_right_1] run data modify entity @s {} merge value {transformation:[-0.958819734868193f,0.2623959638910919f,-0.10868796695565158f,-0.12500000000000003f,0.28158555405801555f,0.9282057076075848f,-0.2431948603703276f,0.8464234808206843f,0.03707144147626877f,-0.26378499293623114f,-0.9638688633463081f,-0.04078943506876607f,0f,0f,0f,1f],start_interpolation:0}
execute if entity @s[tag=aj.labyria.bone.skirt_forward_right] run data modify entity @s {} merge value {transformation:[-0.9444613585813818f,0.3275736771253583f,-0.026234103780804f,-5.1950757139832905e-18f,0.32835343814472906f,0.9374465438981947f,-0.11566329146218066f,1.0488434733511707f,-0.013295179771107307f,-0.11785356756543813f,-0.9929419795773329f,-0.014140337490505576f,0f,0f,0f,1f],start_interpolation:0}
execute if entity @s[tag=aj.labyria.bone.skirt_forward_left] run data modify entity @s {} merge value {transformation:[-0.9909313150588523f,-0.13178353703915882f,-0.026234103780804f,-5.1950757139832905e-18f,-0.12793464890220874f,0.9850150905536438f,-0.11566329146218066f,1.0488434733511707f,0.041083505765719654f,-0.11125812665619277f,-0.9929419795773329f,-0.014140337490505576f,0f,0f,0f,1f],start_interpolation:0}
execute if entity @s[tag=aj.labyria.bone.skirt_forward] run data modify entity @s {} merge value {transformation:[-0.9942826571151405f,0.10350734060381371f,-0.026234103780804f,-5.1950757139832905e-18f,0.10586661860044452f,0.9876306303847823f,-0.11566329146218066f,1.0488434733511707f,0.013937604749881144f,-0.1177793206249868f,-0.9929419795773329f,-0.014140337490505576f,0f,0f,0f,1f],start_interpolation:0}
execute if entity @s[tag=aj.labyria.bone.skirt_back_right] run data modify entity @s {} merge value {transformation:[-0.9439140637206492f,0.32990979754020955f,0.013629592706613044f,-5.1950757139832905e-18f,0.32229100081057993f,0.9115691154109199f,0.25528466194714367f,1.0488434733511707f,0.07179659537112465f,0.24535947773813546f,-0.9667698669162089f,-0.014140337490505576f,0f,0f,0f,1f],start_interpolation:0}
execute if entity @s[tag=aj.labyria.bone.skirt_back_left] run data modify entity @s {} merge value {transformation:[-0.9914921915786228f,-0.12945064017327734f,0.013629592706613044f,-5.1950757139832905e-18f,-0.12172176623645202f,0.959173369625539f,0.25528466194714367f,1.0488434733511707f,-0.046119905278502155f,0.25145373085304895f,-0.9667698669162089f,-0.014140337490505576f,0f,0f,0f,1f],start_interpolation:0}
execute if entity @s[tag=aj.labyria.bone.skirt_back] run data modify entity @s {} merge value {transformation:[-0.9942826571151405f,0.10590671349214711f,0.013629592706613044f,-5.1950757139832905e-18f,0.10586661860044452f,0.9610525482202523f,0.25528466194714367f,1.0488434733511707f,0.013937604749881144f,0.25526803089429684f,-0.9667698669162089f,-0.014140337490505576f,0f,0f,0f,1f],start_interpolation:0}
execute if entity @s[tag=aj.labyria.bone.skirt_right] run data modify entity @s {} merge value {transformation:[-0.931596586513509f,0.3634938788980884f,-3.642509328037584e-16f,-0.18516538226926305f,0.3603841383743438f,0.9236266485722009f,0.13052619222005157f,1.1211861708331028f,0.04744547190786436f,0.12159775512280604f,-0.9914448613738104f,-0.004616240684799733f,0f,0f,0f,1f],start_interpolation:0}
execute if entity @s[tag=aj.labyria.bone.skirt_left] run data modify entity @s {} merge value {transformation:[-0.9916963628470692f,-0.12860141490626695f,-3.642509328037584e-16f,0.19973622302358215f,-0.1275012119742197f,0.9832122629878246f,0.13052619222005157f,1.0938220557519693f,-0.016785853001825647f,0.12944235008090263f,-0.9914448613738104f,-0.008218794779500011f,0f,0f,0f,1f],start_interpolation:0}