execute if entity @s[tag=aj.labyria.bone.wing_right_1] run data modify entity @s {} merge value {transformation:[-0.6530089884453006f,-0.11514310330804875f,-0.4767239989917453f,0.04380619942841424f,-0.14181267842799308f,0.8042596649599698f,0f,1.28125f,0.4694814902540548f,0.08278225367500809f,-0.6630827046679492f,-0.32287563277652104f,0f,0f,0f,1f],start_interpolation:0}
execute if entity @s[tag=aj.labyria.bone.wing_right_2] run data modify entity @s {} merge value {transformation:[-0.6341534664074496f,0.14058843879905047f,-0.46699493778783213f,0.04380619942841424f,0.17315169115048232f,0.7810368056959467f,0f,1.28125f,0.4559252931074822f,-0.10107620404584676f,-0.649550404572685f,-0.32287563277652104f,0f,0f,0f,1f],start_interpolation:0}
execute if entity @s[tag=aj.labyria.bone.wing_left_1] run data modify entity @s {} merge value {transformation:[-0.653008988445301f,0.11514310330804882f,0.47672399899174484f,-0.04380619942841446f,0.14181267842799308f,0.8042596649599698f,0f,1.28125f,-0.46948149025405433f,0.08278225367500801f,-0.6630827046679496f,-0.322875632776521f,0f,0f,0f,1f],start_interpolation:0}
execute if entity @s[tag=aj.labyria.bone.wing_left_2] run data modify entity @s {} merge value {transformation:[-0.6341534664074501f,-0.14058843879905056f,0.4669949377878317f,-0.04380619942841446f,-0.17315169115048232f,0.7810368056959467f,0f,1.28125f,-0.45592529310748175f,-0.10107620404584666f,-0.6495504045726854f,-0.322875632776521f,0f,0f,0f,1f],start_interpolation:0}
execute if entity @s[tag=aj.labyria.bone.musket] run data modify entity @s {} merge value {transformation:[-0.000005899861799527046f,0.000013213322628003046f,0.000007407118193824383f,-0.8997371262173057f,0.00001514519091129844f,0.000004996612160689306f,0.0000031500354344792435f,1.5125f,2.83702430910578e-7f,0.000008044105674744362f,-0.000014123651825457218f,-0.17488847680732422f,0f,0f,0f,1f],start_interpolation:0}
execute if entity @s[tag=aj.labyria.bone.omega_blade] run data modify entity @s {} merge value {transformation:[-0.000006511041510972861f,0.000014582119895706966f,0.000008174437923366107f,-0.8997371262173057f,0.00001671411468027574f,0.000005514222247559738f,0.000003476354560809194f,1.5125f,3.1309179217905773e-7f,0.000008877412343982618f,-0.000015586752104846148f,-0.17488847680732422f,0f,0f,0f,1f],start_interpolation:0}
execute if entity @s[tag=aj.labyria.bone.arm_right_2] run data modify entity @s {} merge value {transformation:[-0.9494254776419039f,0f,0.3139924559674046f,-0.6045251417630262f,0f,1f,0f,1.5015625f,-0.3139924559674046f,0f,-0.9494254776419039f,-0.07725644752995936f,0f,0f,0f,1f],start_interpolation:0}
execute if entity @s[tag=aj.labyria.bone.arm_right_1] run data modify entity @s {} merge value {transformation:[-0.9645574184577982f,0f,0.2638730499653726f,-0.2984375f,0f,1f,0f,1.5015625f,-0.2638730499653726f,0f,-0.9645574184577982f,1.0964415873616147e-16f,0f,0f,0f,1f],start_interpolation:0}
execute if entity @s[tag=aj.labyria.bone.arm_left_2] run data modify entity @s {} merge value {transformation:[-0.9494254776419037f,0f,-0.31399245596740527f,0.614932902931465f,0f,1f,0f,1.4828124999999999f,0.31399245596740527f,0f,-0.9494254776419037f,-0.08658334451988821f,0f,0f,0f,1f],start_interpolation:0}
execute if entity @s[tag=aj.labyria.bone.arm_left_1] run data modify entity @s {} merge value {transformation:[-0.964557418457798f,0f,-0.26387304996537325f,0.2984375f,0f,1f,0f,1.4828124999999999f,0.26387304996537325f,0f,-0.964557418457798f,-1.0964415873616147e-16f,0f,0f,0f,1f],start_interpolation:0}
execute if entity @s[tag=aj.labyria.bone.himo_right_2] run data modify entity @s {} merge value {transformation:[-0.9827108426356564f,-0.1831262429643943f,0.02727964266745083f,-0.15179267560642423f,-0.18394146541409656f,0.9488704272385491f,-0.25653547437625096f,1.1587235583295896f,0.021093531416832467f,-0.25711804963844725f,-0.9661497665902984f,0.23067019142484602f,0f,0f,0f,1f],start_interpolation:0}
execute if entity @s[tag=aj.labyria.bone.himo_right_1] run data modify entity @s {} merge value {transformation:[-0.9997099573147569f,-0.023877179777505336f,0.003143490353051467f,-0.15624999999999992f,-0.0240832150205706f,0.991157300043947f,-0.1304883340527655f,1.34375f,3.670706393558791e-16f,-0.13052619222005157f,-0.9914448613738104f,0.20000000000000007f,0f,0f,0f,1f],start_interpolation:0}
execute if entity @s[tag=aj.labyria.bone.himo_left_2] run data modify entity @s {} merge value {transformation:[-0.9827108426356564f,-0.1831262429643943f,0.02727964266745083f,0.16070732439357577f,-0.18394146541409656f,0.9488704272385491f,-0.25653547437625096f,1.1587235583295896f,0.021093531416832467f,-0.25711804963844725f,-0.9661497665902984f,0.2306701914248459f,0f,0f,0f,1f],start_interpolation:0}
execute if entity @s[tag=aj.labyria.bone.himo_left_1] run data modify entity @s {} merge value {transformation:[-0.9997099573147569f,-0.023877179777505336f,0.003143490353051467f,0.15625000000000008f,-0.0240832150205706f,0.991157300043947f,-0.1304883340527655f,1.34375f,3.670706393558791e-16f,-0.13052619222005157f,-0.9914448613738104f,0.19999999999999996f,0f,0f,0f,1f],start_interpolation:0}
execute if entity @s[tag=aj.labyria.bone.ribbon_left_himo_1] run data modify entity @s {} merge value {transformation:[-1f,-4.274727306272859e-18f,-3.673691701082498e-16f,0.30053125f,0f,0.9999323080037622f,-0.011635265801397026f,1.7618120984104286f,3.6739403974420594e-16f,-0.011635265801397026f,-0.9999323080037622f,0.06372791257088468f,0f,0f,0f,1f],start_interpolation:0}
execute if entity @s[tag=aj.labyria.bone.ribbon_left_himo_2] run data modify entity @s {} merge value {transformation:[-1f,-4.274727306272859e-18f,-3.673691701082498e-16f,0.30053125f,0f,0.9999323080037622f,-0.011635265801397026f,1.7602667896711806f,3.6739403974420594e-16f,-0.011635265801397026f,-0.9999323080037622f,-0.06907559708586498f,0f,0f,0f,1f],start_interpolation:0}
execute if entity @s[tag=aj.labyria.bone.ribbon_left] run data modify entity @s {} merge value {transformation:[-1f,-4.274727306272859e-18f,-3.673691701082498e-16f,0.3f,0f,0.9999323080037622f,-0.011635265801397026f,1.8679490816241044f,3.6739403974420594e-16f,-0.011635265801397026f,-0.9999323080037622f,-0.003917848516769895f,0f,0f,0f,1f],start_interpolation:0}
execute if entity @s[tag=aj.labyria.bone.ribbon_right_himo_1] run data modify entity @s {} merge value {transformation:[-1f,-4.274727306272859e-18f,-3.673691701082498e-16f,-0.30053125f,0f,0.9999323080037622f,-0.011635265801397026f,1.7618120984104286f,3.6739403974420594e-16f,-0.011635265801397026f,-0.9999323080037622f,0.0637279125708849f,0f,0f,0f,1f],start_interpolation:0}
execute if entity @s[tag=aj.labyria.bone.ribbon_right_himo_2] run data modify entity @s {} merge value {transformation:[-1f,-4.274727306272859e-18f,-3.673691701082498e-16f,-0.30053125f,0f,0.9999323080037622f,-0.011635265801397026f,1.7602667896711806f,3.6739403974420594e-16f,-0.011635265801397026f,-0.9999323080037622f,-0.06907559708586476f,0f,0f,0f,1f],start_interpolation:0}
execute if entity @s[tag=aj.labyria.bone.ribbon_right] run data modify entity @s {} merge value {transformation:[-1f,-4.274727306272859e-18f,-3.673691701082498e-16f,-0.3f,0f,0.9999323080037622f,-0.011635265801397026f,1.8679490816241044f,3.6739403974420594e-16f,-0.011635265801397026f,-0.9999323080037622f,-0.003917848516769675f,0f,0f,0f,1f],start_interpolation:0}
execute if entity @s[tag=aj.labyria.bone.crown] run data modify entity @s {} merge value {transformation:[-0.9762960071199334f,0.21643961393810288f,-3.673691701082498e-16f,0.16875f,0.21642496270857048f,0.9762299196942924f,-0.011635265801397026f,2.1511150856716283f,-0.002518332438121225f,-0.011359463543683107f,-0.9999323080037622f,0.009615230841374745f,0f,0f,0f,1f],start_interpolation:0}
execute if entity @s[tag=aj.labyria.bone.ear_edge_a1] run data modify entity @s {} merge value {transformation:[-0.9876883405951377f,0.15643446504023087f,-3.673691701082498e-16f,0.19523827377799086f,0.1564238756790119f,0.987621481999702f,-0.011635265801397026f,2.147356033759464f,-0.0018201565812420739f,-0.011492016371765239f,-0.9999323080037622f,-0.007169042751450885f,0f,0f,0f,1f],start_interpolation:0}
execute if entity @s[tag=aj.labyria.bone.ear_edge_a2] run data modify entity @s {} merge value {transformation:[-1f,0f,-3.673691701082498e-16f,0.08005326181113279f,0f,0.9999323080037622f,-0.011635265801397026f,2.1574327343565067f,3.673276960380889e-16f,-0.011635265801397026f,-0.9999323080037622f,-0.007286295778389986f,0f,0f,0f,1f],start_interpolation:0}
execute if entity @s[tag=aj.labyria.bone.ear_edge_b1] run data modify entity @s {} merge value {transformation:[-0.9702957262759965f,0.24192189559966773f,-3.673691701082498e-16f,0.057716779398202966f,0.24190551942362098f,0.9702300450213439f,-0.011635265801397026f,2.153113341774138f,-0.0028148255584795993f,-0.01128964868118088f,-0.9999323080037622f,-0.007236035095347572f,0f,0f,0f,1f],start_interpolation:0}
execute if entity @s[tag=aj.labyria.bone.ear_edge_b2] run data modify entity @s {} merge value {transformation:[-0.9975640502598243f,-0.06975647374412527f,-3.673691701082498e-16f,0.08682420206637902f,-0.06975175178916705f,0.9974965231578872f,-0.011635265801397026f,2.163113843235772f,0.0008116351133814371f,-0.01160692287869121f,-0.9999323080037622f,-0.007352401465072815f,0f,0f,0f,1f],start_interpolation:0}
execute if entity @s[tag=aj.labyria.bone.ear_right_2] run data modify entity @s {} merge value {transformation:[-0.9961946980917455f,0.08715574274765818f,-3.673691701082498e-16f,0.14461004211822304f,0.087149843001448f,0.9961272636839902f,-0.011635265801397026f,2.267480340124532f,-0.001014080232986818f,-0.011590990102239953f,-0.9999323080037622f,-0.03981893112133758f,0f,0f,0f,1f],start_interpolation:0}
execute if entity @s[tag=aj.labyria.bone.ear_right_1] run data modify entity @s {} merge value {transformation:[-0.9961946980917455f,0.08715574274765818f,-3.673691701082498e-16f,0.12499999999999999f,0.087149843001448f,0.9961272636839902f,-0.011635265801397026f,2.0433517057956347f,-0.001014080232986818f,-0.011590990102239953f,-0.9999323080037622f,-0.03721095834833359f,0f,0f,0f,1f],start_interpolation:0}
execute if entity @s[tag=aj.labyria.bone.ear_edge_a3] run data modify entity @s {} merge value {transformation:[-0.9975640502598242f,-0.0697564737441253f,-3.673691701082498e-16f,-0.18593749999999998f,-0.06975175178916705f,0.9974965231578871f,-0.011635265801397026f,2.15308290403984f,0.0008116351133814372f,-0.01160692287869121f,-0.9999323080037622f,-0.007235680920243712f,0f,0f,0f,1f],start_interpolation:0}
execute if entity @s[tag=aj.labyria.bone.ear_edge_a4] run data modify entity @s {} merge value {transformation:[-0.9961946980917455f,0.08715574274765818f,-3.673691701082498e-16f,-0.07031249999999999f,0.087149843001448f,0.9961272636839902f,-0.011635265801397026f,2.15308290403984f,-0.001014080232986818f,-0.011590990102239953f,-0.9999323080037622f,-0.007235680920243754f,0f,0f,0f,1f],start_interpolation:0}
execute if entity @s[tag=aj.labyria.bone.ear_edge_b3] run data modify entity @s {} merge value {transformation:[-0.9876883405951378f,-0.15643446504023087f,-3.673691701082498e-16f,-0.04843749999999998f,-0.1564238756790119f,0.9876214819997021f,-0.011635265801397026f,2.1468333271148166f,0.0018201565812427996f,-0.011492016371765126f,-0.9999323080037622f,-0.007162960508985031f,0f,0f,0f,1f],start_interpolation:0}
execute if entity @s[tag=aj.labyria.bone.ear_edge_b4] run data modify entity @s {} merge value {transformation:[-0.9876883405951378f,0.15643446504023087f,-3.673691701082498e-16f,-0.07656249999999999f,0.1564238756790119f,0.9876214819997021f,-0.011635265801397026f,2.159332480964863f,-0.001820156581242074f,-0.01149201637176524f,-0.9999323080037622f,-0.007308401331502477f,0f,0f,0f,1f],start_interpolation:0}
execute if entity @s[tag=aj.labyria.bone.ear_left_2] run data modify entity @s {} merge value {transformation:[-1f,-4.274727306272859e-18f,-3.673691701082498e-16f,-0.125f,0f,0.9999323080037622f,-0.011635265801397026f,2.268336475096481f,3.6739403974420594e-16f,-0.011635265801397026f,-0.9999323080037622f,-0.03982889315364783f,0f,0f,0f,1f],start_interpolation:0}
execute if entity @s[tag=aj.labyria.bone.ear_left_1] run data modify entity @s {} merge value {transformation:[-1f,-4.274727306272859e-18f,-3.673691701082498e-16f,-0.125f,0f,0.9999323080037622f,-0.011635265801397026f,2.0433517057956347f,3.6739403974420594e-16f,-0.011635265801397026f,-0.9999323080037622f,-0.0372109583483335f,0f,0f,0f,1f],start_interpolation:0}
execute if entity @s[tag=aj.labyria.bone.head] run data modify entity @s {} merge value {transformation:[-1f,-4.274727306272859e-18f,-3.673691701082498e-16f,0f,0f,0.9999323080037622f,-0.011635265801397026f,1.53125f,3.6739403974420594e-16f,-0.011635265801397026f,-0.9999323080037622f,0f,0f,0f,0f,1f],start_interpolation:0}
execute if entity @s[tag=aj.labyria.bone.belt2] run data modify entity @s {} merge value {transformation:[-0.9062843903385479f,-0.16077737591081318f,0.39089543259536763f,0.31691898934517787f,-0.1279637180676638f,0.9857950918939531f,0.10878108133353008f,0.36552205816920463f,-0.40283233570182253f,0.048566163046155256f,-0.9139843746585541f,0.1995560133391746f,0f,0f,0f,1f],start_interpolation:0}
execute if entity @s[tag=aj.labyria.bone.leg_left_2] run data modify entity @s {} merge value {transformation:[-0.9602936856769431f,-0.2789911060392293f,-3.7470027081099033e-16f,0.2177686046127295f,-0.2766042984515897f,0.9520782400741222f,0.13052619222005163f,0.4800003106289117f,-0.03641564673456089f,0.12534347820437064f,-0.9914448613738103f,0.05671388955410538f,0f,0f,0f,1f],start_interpolation:0}
execute if entity @s[tag=aj.labyria.bone.leg_left_1] run data modify entity @s {} merge value {transformation:[-0.9602936856769431f,-0.25775417262233014f,0.10676527405842463f,0.12499999999999999f,-0.2766042984515897f,0.9295558106061635f,-0.24375409134293938f,0.8154408289027526f,-0.03641564673456089f,-0.2636072485044677f,-0.9639424875005808f,-0.04486837857564278f,0f,0f,0f,1f],start_interpolation:0}
execute if entity @s[tag=aj.labyria.bone.belt] run data modify entity @s {} merge value {transformation:[-0.863717061048235f,0.13116660465832922f,-0.48660883703094127f,-0.2371323322472106f,0.2730081193549146f,0.933371641276363f,-0.23298915431273004f,0.6770235474298576f,0.4236264925857355f,-0.3340848710784043f,-0.8419785589289276f,0.17688565316650876f,0f,0f,0f,1f],start_interpolation:0}
execute if entity @s[tag=aj.labyria.bone.leg_right_2] run data modify entity @s {} merge value {transformation:[-0.9602936856769431f,0.27899110603922933f,-3.469446951953614e-16f,-0.22582342250717727f,0.2766042984515897f,0.9520782400741222f,0.13052619222005163f,0.48193434346540076f,0.036415646734561595f,0.12534347820437036f,-0.9914448613738103f,0.06903055957674681f,0f,0f,0f,1f],start_interpolation:0}
execute if entity @s[tag=aj.labyria.bone.leg_right_1] run data modify entity @s {} merge value {transformation:[-0.9602936856769431f,0.2577541726223299f,-0.10676527405842533f,-0.12500000000000003f,0.2766042984515897f,0.9295558106061635f,-0.24375409134293938f,0.8464234808206843f,0.036415646734561595f,-0.26360724850446793f,-0.9639424875005806f,-0.04078943506876607f,0f,0f,0f,1f],start_interpolation:0}
execute if entity @s[tag=aj.labyria.bone.skirt_forward_right] run data modify entity @s {} merge value {transformation:[-0.976244252585704f,0.21138195631873025f,0.04759020735662277f,-7.07063125380085e-18f,0.19296195113833742f,0.9480851255175557f,-0.25278504739253527f,1.0100669632174393f,-0.09855376556106724f,-0.23759685038995532f,-0.9663513294752106f,-0.019245361897334258f,0f,0f,0f,1f],start_interpolation:0}
execute if entity @s[tag=aj.labyria.bone.skirt_forward_left] run data modify entity @s {} merge value {transformation:[-0.8938702124619755f,-0.44579279428556956f,0.04759020735662277f,-7.07063125380085e-18f,-0.44254809630250913f,0.860378348329256f,-0.25278504739253527f,1.0100669632174393f,0.07174416862859048f,-0.24701797968829106f,-0.9663513294752106f,-0.019245361897334258f,0f,0f,0f,1f],start_interpolation:0}
execute if entity @s[tag=aj.labyria.bone.skirt_forward] run data modify entity @s {} merge value {transformation:[-0.9921164101891145f,-0.11593187998656096f,0.04759020735662277f,-7.07063125380085e-18f,-0.12424757823220871f,0.9595114689873095f,-0.25278504739253527f,1.0100669632174393f,-0.01635750399345527f,-0.2567051617801962f,-0.9663513294752106f,-0.019245361897334258f,0f,0f,0f,1f],start_interpolation:0}
execute if entity @s[tag=aj.labyria.bone.skirt_back_right] run data modify entity @s {} merge value {transformation:[-0.9784377656830311f,0.20496879036456367f,-0.02544275263577711f,-7.07063125380085e-18f,0.18556140298889368f,0.926448170857008f,0.32750687387671296f,1.0100669632174393f,0.09070007941557263f,0.3157239010467712f,-0.944506174623447f,-0.019245361897334258f,0f,0f,0f,1f],start_interpolation:0}
execute if entity @s[tag=aj.labyria.bone.skirt_back_left] run data modify entity @s {} merge value {transformation:[-0.8915696575667846f,-0.45216834480595913f,-0.02544275263577711f,-7.07063125380085e-18f,-0.4347864069407975f,0.8388683018823717f,0.32750687387671296f,1.0100669632174393f,-0.12674512237461977f,0.30305735439422227f,-0.944506174623447f,-0.019245361897334258f,0f,0f,0f,1f],start_interpolation:0}
execute if entity @s[tag=aj.labyria.bone.skirt_back] run data modify entity @s {} merge value {transformation:[-0.9921164101891145f,-0.1227097998196533f,-0.02544275263577711f,-7.07063125380085e-18f,-0.12424757823220871f,0.9366438954410229f,0.32750687387671296f,1.0100669632174393f,-0.01635750399345527f,0.32808614442138007f,-0.944506174623447f,-0.019245361897334258f,0f,0f,0f,1f],start_interpolation:0}
execute if entity @s[tag=aj.labyria.bone.skirt_right] run data modify entity @s {} merge value {transformation:[-0.9540427377039696f,0.2996705768578467f,-3.642509328037584e-16f,-0.1835503173731295f,0.29710685353063765f,0.9458807698276027f,0.13052619222005157f,1.0557002487190272f,0.039114859317641394f,0.1245275657676925f,-0.9914448613738104f,-0.013237625887931445f,0f,0f,0f,1f],start_interpolation:0}
execute if entity @s[tag=aj.labyria.bone.skirt_left] run data modify entity @s {} merge value {transformation:[-0.8906838058797094f,-0.45462331434236397f,-3.642509328037584e-16f,0.1794499236558208f,-0.45073394886546736f,0.8830638824483064f,0.13052619222005157f,1.1343917346197165f,-0.05934025011556802f,0.11625756565354224f,-0.9914448613738104f,-0.00287769523024246f,0f,0f,0f,1f],start_interpolation:0}