# This file was generated by Animated Java via MC-Build. It is not recommended to edit this file directly.
$data merge entity $(bone_wing_right_1) { transformation: [-0.7430390432809011f,-0.13101783105022768f,-0.3125248030981565f,0.03261204674887137f,-0.06532001039220246f,0.794410464040231f,-0.17773507056906926f,1.1089161324566708f,0.3325217599601717f,-0.1367142531513209f,-0.7332686660308831f,-0.3592257819743118f,0f,0f,0f,1f], start_interpolation: 0, interpolation_duration: 1 }
$data merge entity $(bone_wing_right_2) { transformation: [-0.7086671427300978f,0.20991677111287366f,-0.3061467458920717f,0.03261204674887137f,0.2899661289463995f,0.7249869720246106f,-0.174107824230925f,1.1089161324566708f,0.2317553125142968f,-0.2651958514006809f,-0.7183039993771917f,-0.3592257819743118f,0f,0f,0f,1f], start_interpolation: 0, interpolation_duration: 1 }
$data merge entity $(bone_wing_left_1) { transformation: [-0.7430390432809011f,0.13101783105022774f,0.3125248030981567f,-0.032612046748871276f,0.06532001039220246f,0.794410464040231f,-0.17773507056906926f,1.1089161324566708f,-0.33252175996017197f,-0.13671425315132085f,-0.7332686660308831f,-0.3592257819743118f,0f,0f,0f,1f], start_interpolation: 0, interpolation_duration: 1 }
$data merge entity $(bone_wing_left_2) { transformation: [-0.7086671427300978f,-0.2099167711128736f,0.3061467458920719f,-0.032612046748871276f,-0.2899661289463995f,0.7249869720246106f,-0.174107824230925f,1.1089161324566708f,-0.231755312514297f,-0.265195851400681f,-0.7183039993771917f,-0.3592257819743118f,0f,0f,0f,1f], start_interpolation: 0, interpolation_duration: 1 }
$data merge entity $(bone_blade) { transformation: [-0.23154526794873442f,1.9768064459510564f,0.19652751496139148f,-0.0417408927608041f,1.648709452312161f,0.08084800364759942f,1.129256721105848f,1.041418746939695f,1.1082165540845714f,0.2927454108138143f,-1.63894972274941f,0.40710657668225464f,0f,0f,0f,1f], start_interpolation: 0, interpolation_duration: 1 }
$data merge entity $(bone_arm_right_2) { transformation: [0.3721552427673817f,-0.9277114801455635f,0.029187067116769116f,-0.28577518671443636f,-0.5154121418068446f,-0.2327071573985838f,-0.8247409914473464f,1.1732364637065413f,0.7719137253338821f,0.2918883151165842f,-0.5647569496160002f,0.20202795236011212f,0f,0f,0f,1f], start_interpolation: 0, interpolation_duration: 1 }
$data merge entity $(bone_arm_right_1) { transformation: [0.032415522011043044f,-0.9990482215818577f,0.029187067116769116f,-0.2984375f,-0.5639195216457247f,-0.04239186399894725f,-0.8247409914473464f,1.3935175268494024f,0.8251933149508716f,0.010275252834940931f,-0.5647569496160002f,-0.1203131862925721f,0f,0f,0f,1f], start_interpolation: 0, interpolation_duration: 1 }
$data merge entity $(bone_arm_left_2) { transformation: [-0.5127672811217637f,0.7106775233627713f,0.4816712293649597f,0.5221445535379126f,0.4331336720939262f,0.6985530945959854f,-0.5695777349307147f,1.6317567930720163f,-0.7412590218738827f,-0.08343279821107445f,-0.6660135364039118f,-0.10293908211703066f,0f,0f,0f,1f], start_interpolation: 0, interpolation_duration: 1 }
$data merge entity $(bone_arm_left_1) { transformation: [-0.8009369156424686f,-0.35565838098261865f,0.4816712293649597f,0.2822337962962963f,-0.5945494390591416f,0.5675316452724521f,-0.5695777349307147f,1.397749433180163f,-0.07078857023269511f,-0.7425731934638942f,-0.6660135364039118f,-0.0763220966401473f,0f,0f,0f,1f], start_interpolation: 0, interpolation_duration: 1 }
$data merge entity $(bone_ear_edge_a1) { transformation: [-0.9969514401123638f,0.03331598300806304f,-0.07055403130998256f,0.06801211562262911f,0.021886370324560672f,0.9873600282040438f,0.15697503463584986f,2.066890326362539f,0.07489200793075143f,0.15495231518475774f,-0.985079167969247f,-0.04428068870179517f,0f,0f,0f,1f], start_interpolation: 0, interpolation_duration: 1 }
$data merge entity $(bone_ear_edge_a2) { transformation: [-0.9898890815176692f,-0.12305175723253582f,-0.07055403130998256f,-0.047248309734177735f,-0.13284022502669088f,0.9786277704602154f,0.15697503463584986f,2.061451130070953f,0.04973008050428894f,0.164760286252644f,-0.985079167969247f,-0.036892176316371955f,0f,0f,0f,1f], start_interpolation: 0, interpolation_duration: 1 }
$data merge entity $(bone_ear_edge_b1) { transformation: [-0.9861366106808179f,0.1460757985491803f,-0.07871750855539067f,-0.07178011941805003f,0.0901518137318654f,0.8699080022323084f,0.4849048547220882f,2.057802679188941f,0.13930985448202782f,0.4710859037695925f,-0.8710171271070293f,-0.07994476496336358f,0f,0f,0f,1f], start_interpolation: 0, interpolation_duration: 1 }
$data merge entity $(bone_ear_edge_b2) { transformation: [-0.9830115537637968f,-0.16580663139246798f,-0.07871750855539067f,-0.04386865461264321f,-0.18307688632702548f,0.855190116617207f,0.4849048547220882f,2.070041987459903f,-0.01308200518602301f,0.49107843103371007f,-0.8710171271070293f,-0.07565348421457846f,0f,0f,0f,1f], start_interpolation: 0, interpolation_duration: 1 }
$data merge entity $(bone_ear_right_2) { transformation: [-0.996846922004816f,-0.009988390078290655f,-0.07871750855539067f,0.0008637158647960587f,-0.047041697656959036f,0.8733008419488109f,0.4849048547220882f,2.1829911259883783f,0.06390064765771429f,0.4870789171326779f,-0.8710171271070293f,-0.052693700496207f,0f,0f,0f,1f], start_interpolation: 0, interpolation_duration: 1 }
$data merge entity $(bone_ear_right_1) { transformation: [-0.996846922004816f,-0.03630899000845517f,-0.07055403130998256f,0.00903323861669846f,-0.047041697656959036f,0.9864815848167796f,0.15697503463584986f,1.9610327694046032f,0.06390064765771429f,0.15979906151771012f,-0.985079167969247f,-0.08864848933769172f,0f,0f,0f,1f], start_interpolation: 0, interpolation_duration: 1 }
$data merge entity $(bone_ear_edge_a3) { transformation: [-0.9300390055431444f,-0.34193193370153196f,-0.13457340332862927f,-0.3185007547239892f,-0.3665318200702134f,0.8892626909128184f,0.2736170525141114f,1.9789191926727574f,0.026112698909449165f,0.30379996587495584f,-0.9523779227229284f,-0.009756626357454307f,0f,0f,0f,1f], start_interpolation: 0, interpolation_duration: 1 }
$data merge entity $(bone_ear_edge_a4) { transformation: [-0.9720786212024314f,-0.19223202989546267f,-0.13457340332862927f,-0.2084690628511255f,-0.22290787180728178f,0.9356526007337546f,0.2736170525141114f,2.0140237679378767f,0.07331599339522343f,0.29597475808323825f,-0.9523779227229284f,-0.015218879010963277f,0f,0f,0f,1f], start_interpolation: 0, interpolation_duration: 1 }
$data merge entity $(bone_ear_edge_b3) { transformation: [-0.9000489795966533f,-0.40053552199311027f,-0.17170652273204384f,-0.18737567269430944f,-0.4352949118138577f,0.8075494850728098f,0.39797257305950884f,2.0167984197352813f,-0.020740638273426898f,0.43293778396017457f,-0.9011851647378936f,-0.03553146850338515f,0f,0f,0f,1f], start_interpolation: 0, interpolation_duration: 1 }
$data merge entity $(bone_ear_edge_b4) { transformation: [-0.9797697301769124f,-0.10280148773403217f,-0.17170652273204384f,-0.21732520809042563f,-0.16444354770445746f,0.9025387253247177f,0.39797257305950884f,2.0190807482141717f,0.11405961356866015f,0.4181575102863798f,-0.9011851647378936f,-0.028817160551613503f,0f,0f,0f,1f], start_interpolation: 0, interpolation_duration: 1 }
$data merge entity $(bone_ear_left_2) { transformation: [-0.9516254432247673f,-0.25480558443357426f,-0.17170652273204384f,-0.29665475512942385f,-0.303607137428057f,0.8657023375243567f,0.39797257305950884f,2.1114976135698362f,0.04724110403034793f,0.4308521520734575f,-0.9011851647378936f,-0.007566501840168285f,0f,0f,0f,1f], start_interpolation: 0, interpolation_duration: 1 }
$data merge entity $(bone_ear_left_1) { transformation: [-0.9516254432247673f,-0.2762227632252912f,-0.13457340332862927f,-0.2345046334037334f,-0.303607137428057f,0.9126644589750557f,0.2736170525141114f,1.906148110300449f,0.04724110403034793f,0.3012383946311521f,-0.9523779227229284f,-0.0753451406321774f,0f,0f,0f,1f], start_interpolation: 0, interpolation_duration: 1 }
$data merge entity $(bone_head) { transformation: [-0.9741514880817275f,-0.21592500674247966f,-0.06637220601589196f,1.038350546614806e-17f,-0.21953863641661744f,0.9741631374693623f,0.05299970486880842f,1.4326755911223275f,0.05321339482205729f,0.0662010049705338f,-0.9963863515486366f,-0.08478775654643825f,0f,0f,0f,1f], start_interpolation: 0, interpolation_duration: 1 }
$data merge entity $(bone_body_1) { transformation: [-1f,2.884853789748656e-17f,1.1901831660629326e-16f,-4.346962454094011e-19f,0f,0.9718583079558811f,-0.23556618869679036f,1.068228725638872f,-1.2246467991473532e-16f,-0.23556618869679036f,-0.9718583079558811f,0.0035495642148581363f,0f,0f,0f,1f], start_interpolation: 0, interpolation_duration: 1 }
$data merge entity $(bone_leg_left_2) { transformation: [-0.9763825861650424f,-0.14248098747409296f,-0.1624075541410281f,0.18179796050232233f,-0.06301209515631015f,0.9068357213653266f,-0.41674746588292483f,0.8625572206084559f,0.20665556198098256f,-0.3966713282608599f,-0.894396632394202f,0.4609720477495305f,0f,0f,0f,1f], start_interpolation: 0, interpolation_duration: 1 }
$data merge entity $(bone_leg_left_1) { transformation: [-0.9763825861650424f,-0.2048969329563174f,0.06851490566846007f,0.12499999999999999f,-0.06301209515631015f,-0.033269573095521754f,-0.9974580749936579f,0.7773841721731086f,0.20665556198098256f,-0.9782179626091192f,0.019572846782932918f,0.16664911148848857f,0f,0f,0f,1f], start_interpolation: 0, interpolation_duration: 1 }
$data merge entity $(bone_leg_right_2) { transformation: [-0.9718469864732346f,0.19284968244465378f,0.13536038882881798f,-0.1936262126340162f,0.1419896547149906f,0.9378364478959146f,-0.31670449152465596f,0.7421902956836174f,-0.188022266864354f,-0.2885685308188843f,-0.9388161855146194f,0.49104229348410644f,0f,0f,0f,1f], start_interpolation: 0, interpolation_duration: 1 }
$data merge entity $(bone_leg_right_1) { transformation: [-0.9718469864732346f,0.21954495823311151f,-0.08551868916975935f,-0.12500000000000003f,0.1419896547149906f,0.2560835585158339f,-0.9561695189723343f,0.7799163515997778f,-0.188022266864354f,-0.9413932347177182f,-0.280047147442892f,0.1648178025710326f,0f,0f,0f,1f], start_interpolation: 0, interpolation_duration: 1 }
$data merge entity $(bone_coat_downer) { transformation: [-1f,7.176661132839663e-17f,9.92328137515884e-17f,-0.007812500000000016f,0f,0.8102974165341235f,-0.5860188535858938f,0.8267616709931569f,-1.2246467991473532e-16f,-0.5860188535858938f,-0.8102974165341235f,0.13093858759809812f,0f,0f,0f,1f], start_interpolation: 0, interpolation_duration: 1 }
$data merge entity $(bone_body_2) { transformation: [-1f,7.176661132839663e-17f,9.92328137515884e-17f,0f,0f,0.8102974165341235f,-0.5860188535858938f,1.0078125f,-1.2246467991473532e-16f,-0.5860188535858938f,-0.8102974165341235f,0f,0f,0f,0f,1f], start_interpolation: 0, interpolation_duration: 1 }