# This file was generated by Animated Java via MC-Build. It is not recommended to edit this file directly.
$data merge entity $(bone_wing_right_1) { transformation: [-0.7843354426308324f,-0.1382995004617321f,-0.18065327577870172f,0.027477337009077715f,-0.0927947793102471f,0.7865327152167015f,-0.19924824032108798f,1.156791486360048f,0.2077293595289381f,-0.17083319498950678f,-0.7711089268863502f,-0.3739410136386615f,0f,0f,0f,1f], start_interpolation: 0, interpolation_duration: 1 }
$data merge entity $(bone_wing_right_2) { transformation: [-0.7613563503770031f,0.17035074035188413f,-0.1769664742321976f,0.027477337009077715f,0.21232780464645667f,0.7462043352088145f,-0.19518194970229027f,1.156791486360048f,0.12350470077946932f,-0.2327223998181872f,-0.7553720100111186f,-0.3739410136386615f,0f,0f,0f,1f], start_interpolation: 0, interpolation_duration: 1 }
$data merge entity $(bone_wing_left_1) { transformation: [-0.7843354426308324f,0.13829950046173214f,0.18065327577870188f,-0.027477337009077618f,0.0927947793102471f,0.7865327152167015f,-0.19924824032108798f,1.156791486360048f,-0.20772935952893826f,-0.17083319498950675f,-0.7711089268863502f,-0.37394101363866145f,0f,0f,0f,1f], start_interpolation: 0, interpolation_duration: 1 }
$data merge entity $(bone_wing_left_2) { transformation: [-0.7613563503770031f,-0.17035074035188408f,0.17696647423219777f,-0.027477337009077618f,-0.21232780464645667f,0.7462043352088145f,-0.19518194970229027f,1.156791486360048f,-0.12350470077946948f,-0.23272239981818724f,-0.7553720100111186f,-0.37394101363866145f,0f,0f,0f,1f], start_interpolation: 0, interpolation_duration: 1 }
$data merge entity $(bone_blade) { transformation: [-0.23154526794873442f,1.9768064459510564f,0.19652751496139148f,-0.0417408927608041f,1.6652116102534353f,0.08524741759898316f,1.1044469977639773f,1.1048820028123456f,1.0832622406267596f,0.2914946878401999f,-1.6557698405857122f,0.4089549680778449f,0f,0f,0f,1f], start_interpolation: 0, interpolation_duration: 1 }
$data merge entity $(bone_arm_right_2) { transformation: [0.3721552427673817f,-0.9277114801455635f,0.029187067116769116f,-0.28577518671443636f,-0.5037291053443335f,-0.22828509373505404f,-0.8331523896667251f,1.2335964021327939f,0.7795880089571336f,0.29535965463228925f,-0.5522727683905359f,0.20191449856750232f,0f,0f,0f,1f], start_interpolation: 0, interpolation_duration: 1 }
$data merge entity $(bone_arm_right_1) { transformation: [0.032415522011043044f,-0.9990482215818577f,0.029187067116769116f,-0.2984375f,-0.5514286236455346f,-0.042232317211069896f,-0.8331523896667251f,1.448998208244331f,0.8335920506801527f,0.010912485377345113f,-0.5522727683905359f,-0.12370739622943233f,0f,0f,0f,1f], start_interpolation: 0, interpolation_duration: 1 }
$data merge entity $(bone_arm_left_2) { transformation: [0.0988445674453351f,0.9746885722526963f,-0.2005291465262466f,0.6354745299729987f,0.770848198255954f,-0.20243711442596202f,-0.6039969122010803f,1.3011630709096427f,-0.6293034297793825f,-0.09487571777272746f,-0.7713467387919752f,-0.04003902841671236f,0f,0f,0f,1f], start_interpolation: 0, interpolation_duration: 1 }
$data merge entity $(bone_arm_left_1) { transformation: [-0.8253158637696763f,0.5278653108545477f,-0.2005291465262466f,0.3283375f,0.5283756137696897f,0.5966631720033206f,-0.6039969122010803f,1.4538921158753975f,-0.19918066116874128f,-0.6044429441819694f,-0.7713467387919752f,-0.07978502529959074f,0f,0f,0f,1f], start_interpolation: 0, interpolation_duration: 1 }
$data merge entity $(bone_ear_edge_a1) { transformation: [-0.9937233072786676f,0.09563564227093552f,-0.05803285706022278f,0.10674876108535168f,0.07757123770655655f,0.9628887407621801f,0.25851107518653044f,2.111772492813847f,0.08060205736716347f,0.25238680005271413f,-0.9642635591514034f,-0.007181056450486049f,0f,0f,0f,1f], start_interpolation: 0, interpolation_duration: 1 }
$data merge entity $(bone_ear_edge_a2) { transformation: [-0.9964496349142121f,-0.060994365155816826f,-0.05803285706022278f,-0.008641965600198677f,-0.07401277800609339f,0.9631687976142732f,0.25851107518653044f,2.1129535507249373f,0.04012771824006574f,0.2618884394575563f,-0.9642635591514034f,0.00008020529877392213f,0f,0f,0f,1f], start_interpolation: 0, interpolation_duration: 1 }
$data merge entity $(bone_ear_edge_b1) { transformation: [-0.978428691934485f,0.20194553214346686f,-0.043535007139825076f,-0.033564645815794325f,0.13401674136431568f,0.7808523393610551f,0.6101713998119365f,2.1173262611858705f,0.15721580020297823f,0.5911747847816751f,-0.7910724151459699f,-0.04835679400755304f,0f,0f,0f,1f], start_interpolation: 0, interpolation_duration: 1 }
$data merge entity $(bone_ear_edge_b2) { transformation: [-0.9929455845648588f,-0.11028947931006935f,-0.043535007139825076f,-0.004916640234973915f,-0.113839147792825f,0.7840481562259716f,0.6101713998119365f,2.126941521686058f,-0.03316194389589024f,0.6108229853829736f,-0.7910724151459699f,-0.04251691671818974f,0f,0f,0f,1f], start_interpolation: 0, interpolation_duration: 1 }
$data merge entity $(bone_ear_right_2) { transformation: [-0.9979738524155707f,0.04639927853059882f,-0.043535007139825076f,0.047137170357569994f,0.010214554906729262f,0.7922035885551135f,0.6101713998119365f,2.2321618779251016f,0.06280010161522134f,0.608490411783325f,-0.7910724151459699f,-0.0037261708246874234f,0f,0f,0f,1f], start_interpolation: 0, interpolation_duration: 1 }
$data merge entity $(bone_ear_right_1) { transformation: [-0.9979738524155707f,0.026084044859884352f,-0.05803285706022278f,0.041268260264096024f,0.010214554906729262f,0.9659542881906791f,0.25851107518653044f,2.014822163082199f,0.06280010161522134f,0.25739451379115696f,-0.9642635591514034f,-0.06163993642769765f,0f,0f,0f,1f], start_interpolation: 0, interpolation_duration: 1 }
$data merge entity $(bone_ear_edge_a3) { transformation: [-0.95050399630238f,-0.2906648793457294f,-0.10980018637569611f,-0.28523549024409756f,-0.31060910573873113f,0.8979895035869625f,0.31166782779078517f,2.04976100463175f,0.008008523296513193f,0.33034645353412423f,-0.9438257700402316f,0.0162202698504574f,0f,0f,0f,1f], start_interpolation: 0, interpolation_duration: 1 }
$data merge entity $(bone_ear_edge_a4) { transformation: [-0.984271719743377f,-0.138394728170105f,-0.10980018637569611f,-0.17325679707388844f,-0.16630848461545805f,0.9355237319625215f,0.31166782779078517f,2.078344880145929f,0.05958749582189883f,0.3250265314549557f,-0.9438257700402316f,0.012632100194202862f,0f,0f,0f,1f], start_interpolation: 0, interpolation_duration: 1 }
$data merge entity $(bone_ear_edge_b3) { transformation: [-0.923505843000401f,-0.3600767883631333f,-0.13221824543613514f,-0.15149394139917408f,-0.3819171600458425f,0.8310395645755285f,0.4043668198216003f,2.0796207464153773f,-0.03572451268578951f,0.42393153762395114f,-0.9049893980600853f,-0.0029333662205797383f,0f,0f,0f,1f], start_interpolation: 0, interpolation_duration: 1 }
$data merge entity $(bone_ear_edge_b4) { transformation: [-0.98957609670634f,-0.05707437604770288f,-0.13221824543613514f,-0.18137169568845965f,-0.10641945529474273f,0.9083844860862255f,0.4043668198216003f,2.0836748255199216f,0.09702601899601433f,0.41422233285595517f,-0.9049893980600853f,0.0032431915783216157f,0f,0f,0f,1f], start_interpolation: 0, interpolation_duration: 1 }
$data merge entity $(bone_ear_left_2) { transformation: [-0.968464373363971f,-0.21117550307391456f,-0.13221824543613514f,-0.2555108295918656f,-0.24721189633884658f,0.8805530951259651f,0.4043668198216003f,2.180647457189836f,0.03103281864868791f,0.4243007819525699f,-0.9049893980600853f,0.022873323068302108f,0f,0f,0f,1f], start_interpolation: 0, interpolation_duration: 1 }
$data merge entity $(bone_ear_left_1) { transformation: [-0.968464373363971f,-0.2236530272466558f,-0.10980018637569611f,-0.20518889846136812f,-0.24721189633884658f,0.9174690422181694f,0.31166782779078517f,1.9742169226907482f,0.03103281864868791f,0.3289830998314074f,-0.9438257700402316f,-0.05114787439376444f,0f,0f,0f,1f], start_interpolation: 0, interpolation_duration: 1 }
$data merge entity $(bone_head) { transformation: [-0.9858286349018565f,-0.156190349862486f,-0.06120847341158213f,1.0871886900875208e-17f,-0.16242096156580188f,0.9799583237482815f,0.11533045981222304f,1.4886868250963472f,0.04196824813573281f,0.12363760886677122f,-0.9914395633734439f,-0.0887756935995312f,0f,0f,0f,1f], start_interpolation: 0, interpolation_duration: 1 }
$data merge entity $(bone_body_1) { transformation: [-1f,3.063761573764897e-17f,1.18570377112206e-16f,-6.172190007431548e-19f,0f,0.968200604409037f,-0.25017511791138525f,1.1256115984429584f,-1.2246467991473532e-16f,-0.25017511791138525f,-0.968200604409037f,0.005039975617238263f,0f,0f,0f,1f], start_interpolation: 0, interpolation_duration: 1 }
$data merge entity $(bone_leg_left_2) { transformation: [-0.9763825861650424f,-0.14343763376015436f,-0.1615632713674473f,0.18258430327404748f,-0.05361426656809806f,0.8852820975190526f,-0.4619535888296911f,0.9283510592056042f,0.20929060144695588f,-0.44238134345104807f,-0.87206432739358f,0.4683983909134106f,0f,0f,0f,1f], start_interpolation: 0, interpolation_duration: 1 }
$data merge entity $(bone_leg_left_1) { transformation: [-0.9763825861650424f,-0.20641068356922326f,0.06380967906320778f,0.12499999999999997f,-0.05361426656809806f,-0.05462154128047081f,-0.9970666966901014f,0.8390756493887341f,0.20929060144695588f,-0.9769396690362366f,0.042264964324363f,0.1768862725893228f,0f,0f,0f,1f], start_interpolation: 0, interpolation_duration: 1 }
$data merge entity $(bone_leg_right_2) { transformation: [-0.9718469864732346f,0.19239626202400734f,0.13600409274018965f,-0.19699041142003004f,0.13335280040192243f,0.9250401500193182f,-0.3556933390959161f,0.7945642232605794f,-0.1942433152205183f,-0.32754297307594127f,-0.9246540624907864f,0.5028901346069363f,0f,0f,0f,1f], start_interpolation: 0, interpolation_duration: 1 }
$data merge entity $(bone_leg_right_1) { transformation: [-0.9718469864732346f,0.22407460112678174f,-0.07282862083526136f,-0.12500000000000003f,0.13335280040192243f,0.26828214336813344f,-0.9540658898497343f,0.8415225344229238f,-0.1942433152205183f,-0.936917960485161f,-0.2906101681161008f,0.17494246739603347f,0f,0f,0f,1f], start_interpolation: 0, interpolation_duration: 1 }
$data merge entity $(bone_coat_downer) { transformation: [-1f,7.617519386008627e-17f,9.589023760006465e-17f,-0.007812500000000017f,0f,0.783003210940715f,-0.6220176618525636f,0.886789907555434f,-1.2246467991473532e-16f,-0.6220176618525636f,-0.783003210940715f,0.13898207132018214f,0f,0f,0f,1f], start_interpolation: 0, interpolation_duration: 1 }
$data merge entity $(bone_body_2) { transformation: [-1f,7.617519386008627e-17f,9.589023760006465e-17f,0f,0f,0.783003210940715f,-0.6220176618525636f,1.0617421875f,-1.2246467991473532e-16f,-0.6220176618525636f,-0.783003210940715f,0f,0f,0f,0f,1f], start_interpolation: 0, interpolation_duration: 1 }