# This file was generated by Animated Java via MC-Build. It is not recommended to edit this file directly.
$data merge entity $(bone_wing_right_1) { transformation: [-0.7485029219296371f,-0.13198126027531673f,-0.29877879316206324f,0.03193267926511127f,-0.06701992042390928f,0.7931916548066372f,-0.18248225518095074f,1.1245489772211306f,0.31968132659511517f,-0.14273188195246306f,-0.7378183406131482f,-0.36055196128807665f,0f,0f,0f,1f], start_interpolation: 0, interpolation_duration: 1 }
$data merge entity $(bone_wing_right_2) { transformation: [-0.7153947633775726f,0.20627168640719745f,-0.29268126677100076f,0.03193267926511127f,0.28267413809539377f,0.7267330070225717f,-0.17875812752419665f,1.1245489772211306f,0.21978549584531998f,-0.2632700664539391f,-0.7227608234577779f,-0.36055196128807665f,0f,0f,0f,1f], start_interpolation: 0, interpolation_duration: 1 }
$data merge entity $(bone_wing_left_1) { transformation: [-0.7485029219296371f,0.1319812602753168f,0.29877879316206346f,-0.031932679265111175f,0.06701992042390928f,0.7931916548066372f,-0.18248225518095074f,1.1245489772211306f,-0.3196813265951154f,-0.142731881952463f,-0.7378183406131482f,-0.36055196128807665f,0f,0f,0f,1f], start_interpolation: 0, interpolation_duration: 1 }
$data merge entity $(bone_wing_left_2) { transformation: [-0.7153947633775726f,-0.2062716864071974f,0.292681266771001f,-0.031932679265111175f,-0.28267413809539377f,0.7267330070225717f,-0.17875812752419665f,1.1245489772211306f,-0.21978549584532014f,-0.26327006645393913f,-0.7227608234577779f,-0.36055196128807665f,0f,0f,0f,1f], start_interpolation: 0, interpolation_duration: 1 }
$data merge entity $(bone_blade) { transformation: [-0.23154526794873442f,1.9768064459510564f,0.19652751496139148f,-0.0417408927608041f,1.6538558534664647f,0.08221132300341258f,1.1216069339678396f,1.0610275628263683f,1.100521514939739f,0.29236547952242864f,-1.6441942773098195f,0.40772056699472153f,0f,0f,0f,1f], start_interpolation: 0, interpolation_duration: 1 }
$data merge entity $(bone_arm_right_2) { transformation: [0.3721552427673817f,-0.9277114801455635f,0.029187067116769116f,-0.28577518671443636f,-0.5118094180993517f,-0.23134442756361698f,-0.8273638107749607f,1.1918881794286866f,0.7743071708473025f,0.29296956401884133f,-0.560907514420208f,0.2020298972258961f,0f,0f,0f,1f], start_interpolation: 0, interpolation_duration: 1 }
$data merge entity $(bone_arm_right_1) { transformation: [0.032415522011043044f,-0.9990482215818577f,0.029187067116769116f,-0.2984375f,-0.5600679877095935f,-0.042343520907703644f,-0.8273638107749607f,1.4106647371277465f,0.8278122269426066f,0.010472687872082576f,-0.560907514420208f,-0.12133425392355962f,0f,0f,0f,1f], start_interpolation: 0, interpolation_duration: 1 }
$data merge entity $(bone_arm_left_2) { transformation: [-0.6694941535008901f,0.7047484924456136f,0.23474910185932849f,0.5178335390529899f,0.32582495199400174f,0.5626140747280307f,-0.759804911524023f,1.6100237370077248f,-0.6675445146851505f,-0.43219783122264377f,-0.6062914774266666f,-0.2375885693448565f,0f,0f,0f,1f], start_interpolation: 0, interpolation_duration: 1 }
$data merge entity $(bone_arm_left_1) { transformation: [-0.7924434459837982f,-0.562962027221696f,0.23474910185932849f,0.3007523148148149f,-0.5108114400581888f,0.40220413862819826f,-0.759804911524023f,1.4151015965249116f,0.3333242529774909f,-0.7220149491366419f,-0.6062914774266666f,-0.07736336265797582f,0f,0f,0f,1f], start_interpolation: 0, interpolation_duration: 1 }
$data merge entity $(bone_ear_edge_a1) { transformation: [-0.988719092733357f,0.14861231662424845f,-0.018679802250054514f,0.141964953640505f,0.138010084032072f,0.9523646092258573f,0.27194644288819125f,2.0655663924245475f,0.05820457344562743f,0.26630063920624375f,-0.9621310706906613f,-0.020261227865192695f,0f,0f,0f,1f], start_interpolation: 0, interpolation_duration: 1 }
$data merge entity $(bone_ear_edge_a2) { transformation: [-0.9997944082660432f,-0.007887089948201975f,-0.018679802250054514f,0.026724141535750305f,-0.012671697284462824f,0.9622289541935384f,0.27194644288819125f,2.0738035522907388f,0.01582938052745931f,0.2721272377469009f,-0.9621310706906613f,-0.015695590146819066f,0f,0f,0f,1f], start_interpolation: 0, interpolation_duration: 1 }
$data merge entity $(bone_ear_edge_b1) { transformation: [-0.9719668261898032f,0.2344559569823546f,0.01763215874499776f,0.003262376206135606f,0.18708105386455331f,0.7257829920896053f,0.6619967731631236f,2.0832023508910518f,0.14241196604024753f,0.6467375453991738f,-0.7492992588409538f,-0.07086322217405078f,0f,0f,0f,1f], start_interpolation: 0, interpolation_duration: 1 }
$data merge entity $(bone_ear_edge_b2) { transformation: [-0.9968462588105206f,-0.07737340158904536f,0.01763215874499776f,0.03228792890401501f,-0.04635462343073797f,0.7480718690127348f,0.6619967731631236f,2.0905251339559565f,-0.06441106412770227f,0.6590916745934013f,-0.7492992588409538f,-0.06371061679090786f,0f,0f,0f,1f], start_interpolation: 0, interpolation_duration: 1 }
$data merge entity $(bone_ear_right_2) { transformation: [-0.9966772938789594f,0.0795203046026939f,0.01763215874499776f,0.08981302360297792f,0.07124030154543476f,0.7461133236696201f,0.6619967731631236f,2.1893679757875617f,0.0394865964832314f,0.6610532727387162f,-0.7492992588409538f,-0.016736148941047115f,0f,0f,0f,1f], start_interpolation: 0, interpolation_duration: 1 }
$data merge entity $(bone_ear_right_1) { transformation: [-0.9966772938789594f,0.07928074705761089f,-0.018679802250054514f,0.0719748555150155f,0.07124030154543476f,0.9596717937066688f,0.27194644288819125f,1.9734418222035617f,0.0394865964832314f,0.2697120900327086f,-0.9621310706906613f,-0.07742136919840645f,0f,0f,0f,1f], start_interpolation: 0, interpolation_duration: 1 }
$data merge entity $(bone_ear_edge_a3) { transformation: [-0.9671276525266519f,-0.24566198156335256f,-0.06568328959982532f,-0.2538355662821879f,-0.2542913634747176f,0.9342282142927665f,0.25010706923539255f,2.0323910071839606f,-0.00007861587964971134f,0.25858815601979035f,-0.9659876600587751f,-0.011588414538482097f,0f,0f,0f,1f], start_interpolation: 0, interpolation_duration: 1 }
$data merge entity $(bone_ear_edge_a4) { transformation: [-0.9936507069343059f,-0.09134537796899994f,-0.06568328959982532f,-0.1403024200497947f,-0.10501512388963975f,0.9625062481214998f,0.25010706923539255f,2.0541867193524794f,0.040374451864980024f,0.25541680494982005f,-0.9659876600587751f,-0.013665013354116073f,0f,0f,0f,1f], start_interpolation: 0, interpolation_duration: 1 }
$data merge entity $(bone_ear_edge_b3) { transformation: [-0.9426932086008637f,-0.3248721490705622f,-0.07607628550397764f,-0.1178999547635084f,-0.3321718616431457f,0.8922510662226653f,0.3058592636443165f,2.0526386956362517f,-0.031486009438084855f,0.31360185200791f,-0.9490324070477643f,-0.02311064478143659f,0f,0f,0f,1f], start_interpolation: 0, interpolation_duration: 1 }
$data merge entity $(bone_ear_edge_b4) { transformation: [-0.996945533968953f,-0.01766355239685452f,-0.07607628550397764f,-0.1476836595441419f,-0.040193470833635725f,0.9512279410032602f,0.3058592636443165f,2.0590023997004505f,0.06696332728968013f,0.30798279687576946f,-0.9490324070477643f,-0.018672196277357368f,0f,0f,0f,1f], start_interpolation: 0, interpolation_duration: 1 }
$data merge entity $(bone_ear_left_2) { transformation: [-0.9819082917396166f,-0.17340272603654494f,-0.07607628550397764f,-0.21658814950752597f,-0.188503456592598f,0.9332291024692697f,0.3058592636443165f,2.161501798593208f,0.017959773540618184f,0.3146663898599531f,-0.9490324070477643f,-0.013042896075793939f,0f,0f,0f,1f], start_interpolation: 0, interpolation_duration: 1 }
$data merge entity $(bone_ear_left_1) { transformation: [-0.9819082917396166f,-0.17760014662249932f,-0.06568328959982532f,-0.17662811651746368f,-0.188503456592598f,0.9496909501364772f,0.25010706923539255f,1.9478213348125006f,0.017959773540618184f,0.2579637322348661f,-0.9659876600587751f,-0.07108473582863872f,0f,0f,0f,1f], start_interpolation: 0, interpolation_duration: 1 }
$data merge entity $(bone_head) { transformation: [-0.9944118881299167f,-0.10004571884670908f,-0.03370238695314099f,1.053094441989312e-17f,-0.10248194956424447f,0.9914605631527802f,0.08064367133435396f,1.4499879251630325f,0.025346533479070888f,0.08364691179724984f,-0.9961730509240737f,-0.08599168696823584f,0f,0f,0f,1f], start_interpolation: 0, interpolation_duration: 1 }
$data merge entity $(bone_body_1) { transformation: [-1f,2.9402851474268273e-17f,1.1888258977579809e-16f,-4.951248829574816e-19f,0f,0.9707500142781477f,-0.24009250254636422f,1.0859566698087273f,-1.2246467991473532e-16f,-0.24009250254636422f,-0.9707500142781477f,0.004043001486650738f,0f,0f,0f,1f], start_interpolation: 0, interpolation_duration: 1 }
$data merge entity $(bone_leg_left_2) { transformation: [-0.9763825861650424f,-0.1428550343996401f,-0.16207863702641762f,0.1834692256019791f,-0.060116968932724016f,0.9002098608063765f,-0.43128662923084665f,0.8664566158440242f,0.2075162535321161f,-0.4113570780400424f,-0.8875372436502892f,0.4652453981494078f,0f,0f,0f,1f], start_interpolation: 0, interpolation_duration: 1 }
$data merge entity $(bone_leg_left_1) { transformation: [-0.9763825861650424f,-0.2080806239591626f,0.05813346167595006f,0.12499999999999999f,-0.060116968932724016f,0.003215795620694184f,-0.9981861593434702f,0.7964238828296831f,0.2075162535321161f,-0.9781063912434532f,-0.015649023250766447f,0.16985412977467426f,0f,0f,0f,1f], start_interpolation: 0, interpolation_duration: 1 }
$data merge entity $(bone_leg_right_2) { transformation: [-0.9718469864732345f,0.1890822191487139f,0.14057506636914804f,-0.20017149561182251f,0.1393472974251302f,0.9423667286693755f,-0.30418297026180086f,0.7148583440763722f,-0.18998885647112296f,-0.2760305474015096f,-0.9421843616394924f,0.4908486611752478f,0f,0f,0f,1f], start_interpolation: 0, interpolation_duration: 1 }
$data merge entity $(bone_leg_right_1) { transformation: [-0.9718469864732345f,0.22853211450636962f,-0.0573280692343655f,-0.12500000000000003f,0.1393472974251302f,0.36130165929330804f,-0.9219780049937278f,0.7989302137875987f,-0.18998885647112296f,-0.9040100572621688f,-0.38297526132329374f,0.1679876008760514f,0f,0f,0f,1f], start_interpolation: 0, interpolation_duration: 1 }
$data merge entity $(bone_coat_downer) { transformation: [-1f,7.314683651886204e-17f,9.821984592688712e-17f,-0.007812500000000016f,0f,0.8020259065329824f,-0.597289247559294f,0.8452973365090367f,-1.2246467991473532e-16f,-0.597289247559294f,-0.8020259065329824f,0.13345681625152972f,0f,0f,0f,1f], start_interpolation: 0, interpolation_duration: 1 }
$data merge entity $(bone_body_2) { transformation: [-1f,7.314683651886204e-17f,9.821984592688712e-17f,0f,0f,0.8020259065329824f,-0.597289247559294f,1.0245f,-1.2246467991473532e-16f,-0.597289247559294f,-0.8020259065329824f,0f,0f,0f,0f,1f], start_interpolation: 0, interpolation_duration: 1 }