# This file was generated by Animated Java via MC-Build. It is not recommended to edit this file directly.
$data merge entity $(bone_wing_right_1) { transformation: [-0.7754016818747894f,-0.13672423740124726f,-0.2168021196788435f,0.028588142529392818f,-0.09127928150353175f,0.7927865483003917f,-0.17349935459993523f,1.0527552490832435f,0.2395094339653267f,-0.14050059140602375f,-0.7680099343762492f,-0.3718340859815666f,0f,0f,0f,1f], start_interpolation: 0, interpolation_duration: 1 }
$data merge entity $(bone_wing_right_2) { transformation: [-0.7494845465237456f,0.18212269276997645f,-0.21237758662417325f,0.028588142529392818f,0.22973258263274127f,0.7472195335158632f,-0.16995855144483452f,1.0527552490832435f,0.15967421519765215f,-0.22021419915743068f,-0.7523362622461217f,-0.3718340859815666f,0f,0f,0f,1f], start_interpolation: 0, interpolation_duration: 1 }
$data merge entity $(bone_wing_left_1) { transformation: [-0.7754016818747894f,0.1367242374012473f,0.2168021196788437f,-0.02858814252939272f,0.09127928150353175f,0.7927865483003917f,-0.17349935459993523f,1.0527552490832435f,-0.23950943396532687f,-0.14050059140602372f,-0.7680099343762492f,-0.3718340859815666f,0f,0f,0f,1f], start_interpolation: 0, interpolation_duration: 1 }
$data merge entity $(bone_wing_left_2) { transformation: [-0.7494845465237456f,-0.1821226927699764f,0.21237758662417341f,-0.02858814252939272f,-0.22973258263274127f,0.7472195335158632f,-0.16995855144483452f,1.0527552490832435f,-0.15967421519765232f,-0.2202141991574307f,-0.7523362622461217f,-0.3718340859815666f,0f,0f,0f,1f], start_interpolation: 0, interpolation_duration: 1 }
$data merge entity $(bone_blade) { transformation: [-0.23154526794873442f,1.9768064459510564f,0.19652751496139148f,-0.0417408927608041f,1.6311954243258031f,0.07626479745660583f,1.1547229833719699f,0.9758770812509875f,1.1338378528471826f,0.2939727128752838f,-1.6211081911876317f,0.4047833295782006f,0f,0f,0f,1f], start_interpolation: 0, interpolation_duration: 1 }
$data merge entity $(bone_arm_right_2) { transformation: [0.3721552427673817f,-0.9277114801455635f,0.029187067116769123f,-0.28577518671443636f,-0.5274082674033475f,-0.2372387092274818f,-0.8158175741663555f,1.110882499777633f,0.7637676313875509f,0.28821728686913606f,-0.5775723338201406f,0.2017890203576408f,0f,0f,0f,1f], start_interpolation: 0, interpolation_duration: 1 }
$data merge entity $(bone_arm_right_1) { transformation: [0.03241552201104304f,-0.9990482215818577f,0.029187067116769123f,-0.2984375f,-0.5767420743527867f,-0.04254721321740298f,-0.8158175741663555f,1.3361723725716903f,0.8162829249739305f,0.009611742899185916f,-0.5775723338201406f,-0.1170714972103008f,0f,0f,0f,1f], start_interpolation: 0, interpolation_duration: 1 }
$data merge entity $(bone_arm_left_2) { transformation: [-0.10753332166225993f,0.9891576243044533f,-0.1000188932784741f,0.6276010562152876f,0.8452648612494762f,0.0379965498316408f,-0.5329949123001037f,1.142460287387556f,-0.5234156083545699f,-0.14185716929807068f,-0.8401860772766673f,0.01776649025947391f,0f,0f,0f,1f], start_interpolation: 0, interpolation_duration: 1 }
$data merge entity $(bone_arm_left_1) { transformation: [-0.7643962526505561f,0.6369415906667866f,-0.1000188932784741f,0.33906250000000004f,0.5817184683728172f,0.6144266001860503f,-0.5329949123001037f,1.3397165229728825f,-0.2780323587062682f,-0.4656021510503092f,-0.8401860772766673f,-0.07301966412774072f,0f,0f,0f,1f], start_interpolation: 0, interpolation_duration: 1 }
$data merge entity $(bone_ear_edge_a1) { transformation: [-0.9931743968970203f,0.11439300158004004f,-0.022778466536375917f,0.12002076138690435f,0.1065607247058096f,0.9692987731900858f,0.22159580375622354f,1.9969804793458106f,0.04742814879807651f,0.21765598884869453f,-0.9748725256257273f,-0.057466955895946505f,0f,0f,0f,1f], start_interpolation: 0, interpolation_duration: 1 }
$data merge entity $(bone_ear_edge_a2) { transformation: [-0.9988417799993146f,-0.042382071563952614f,-0.022778466536375917f,0.004542058647577306f,-0.046382949690846796f,0.9740348667966714f,0.22159580375622354f,2.0014535809002303f,0.012795331405523483f,0.22239567953163647f,-0.9748725256257273f,-0.05375195910913872f,0f,0f,0f,1f], start_interpolation: 0, interpolation_duration: 1 }
$data merge entity $(bone_ear_edge_b1) { transformation: [-0.9785718049752307f,0.20590580328140265f,0.00015060730163441935f,-0.018966764820881596f,0.15810053132698637f,0.7509072101819037f,0.6412040109754109f,2.008444373194328f,0.13191453483844598f,0.6274879774719757f,-0.7673704409387201f,-0.11209442839807605f,0f,0f,0f,1f], start_interpolation: 0, interpolation_duration: 1 }
$data merge entity $(bone_ear_edge_b2) { transformation: [-0.9943054842387816f,-0.106567261999747f,0.00015060730163441935f,0.009751254413294247f,-0.08168054859663232f,0.7630109463762615f,0.6412040109754109f,2.0169362548199516f,-0.06844627085265656f,0.6375403629417349f,-0.7673704409387201f,-0.10499309452887286f,0f,0f,0f,1f], start_interpolation: 0, interpolation_duration: 1 }
$data merge entity $(bone_ear_right_2) { transformation: [-0.9987347263941796f,0.0502884043471641f,0.00015060730163441935f,0.06363246842665947f,0.03868628371390245f,0.7663946684062021f,0.6412040109754109f,2.1189244301524695f,0.03212970193995923f,0.640398538901178f,-0.7673704409387201f,-0.060486113053608286f,0f,0f,0f,1f], start_interpolation: 0, interpolation_duration: 1 }
$data merge entity $(bone_ear_right_1) { transformation: [-0.9987347263941796f,0.04483400223707873f,-0.022778466536375917f,0.05354481792331677f,0.03868628371390245f,0.9743709104904766f,0.22159580375622354f,1.8996909752921125f,0.03212970193995923f,0.22043421021557635f,-0.9748725256257273f,-0.11008381035211288f,0f,0f,0f,1f], start_interpolation: 0, interpolation_duration: 1 }
$data merge entity $(bone_ear_edge_a3) { transformation: [-0.9575434805351224f,-0.28041460288912684f,-0.0669188566191691f,-0.2746332130275121f,-0.2877734401075882f,0.9435985582686511f,0.16373212269425597f,1.9523884384951768f,0.017231658461330988f,0.17603809621742625f,-0.9842325226422951f,-0.050807130401594514f,0f,0f,0f,1f], start_interpolation: 0, interpolation_duration: 1 }
$data merge entity $(bone_ear_edge_a4) { transformation: [-0.989621039729857f,-0.12716943167593361f,-0.0669188566191691f,-0.16192523676133336f,-0.13661913585172847f,0.9769989783603459f,0.16373212269425597f,1.9779705079495347f,0.04455793355984793f,0.17117514986136265f,-0.9842325226422951f,-0.054214539008572746f,0f,0f,0f,1f], start_interpolation: 0, interpolation_duration: 1 }
$data merge entity $(bone_ear_edge_b3) { transformation: [-0.9299102425680369f,-0.3599602058758782f,-0.07546913907585304f,-0.1393548341848485f,-0.36776050431714935f,0.9076160537440078f,0.20244829080668955f,1.9764939910540904f,-0.0043763262505121595f,0.2160133078584499f,-0.9763806115427526f,-0.06102465118992512f,0f,0f,0f,1f], start_interpolation: 0, interpolation_duration: 1 }
$data merge entity $(bone_ear_edge_b4) { transformation: [-0.9956310166782895f,-0.054984431208345924f,-0.07546913907585304f,-0.16939601895984463f,-0.06929223909239288f,0.9768384079012312f,0.20244829080668955f,1.9821959781583347f,0.06258964954142526f,0.20679322322958732f,-0.9763806115427526f,-0.05752034164629611f,0f,0f,0f,1f], start_interpolation: 0, interpolation_duration: 1 }
$data merge entity $(bone_ear_left_2) { transformation: [-0.9747716866264107f,-0.21005848709026806f,-0.07546913907585304f,-0.24194508015242985f,-0.22125033041606698f,0.9539722117757051f,0.20244829080668955f,2.0821463850294832f,0.02946947984413601f,0.2140384338410194f,-0.9763806115427526f,-0.0631943541256953f,0f,0f,0f,1f], start_interpolation: 0, interpolation_duration: 1 }
$data merge entity $(bone_ear_left_1) { transformation: [-0.9747716866264107f,-0.21293667035127098f,-0.0669188566191691f,-0.19403432932339396f,-0.22125033041606698f,0.961374060024928f,0.16373212269425597f,1.865837221523875f,0.02946947984413601f,0.1744072565316588f,-0.9842325226422951f,-0.10243598684531846f,0f,0f,0f,1f], start_interpolation: 0, interpolation_duration: 1 }
$data merge entity $(bone_head) { transformation: [-0.9903165889868428f,-0.135119596062429f,-0.031870806977398775f,9.912127825051878e-18f,-0.13541501507295026f,0.9907621418406226f,0.007290541006974682f,1.3747706713082064f,0.03059129402717768f,0.011535729509127374f,-0.9994654069423488f,-0.08093866600519506f,0f,0f,0f,1f], start_interpolation: 0, interpolation_duration: 1 }
$data merge entity $(bone_body_1) { transformation: [-1f,2.6985684317680013e-17f,1.1945447111148705e-16f,-2.0750379407812573e-19f,0f,0.9754197797655283f,-0.22035483485090152f,1.0089882538961332f,-1.2246467991473532e-16f,-0.22035483485090152f,-0.9754197797655283f,0.0016943970638930196f,0f,0f,0f,1f], start_interpolation: 0, interpolation_duration: 1 }
$data merge entity $(bone_leg_left_2) { transformation: [-0.9763825861650424f,-0.13591876667496422f,-0.16793788821829414f,0.18389284653147042f,-0.07262501801129237f,0.938563533493853f,-0.33737827487019983f,0.7645809122194249f,0.20347641679694248f,-0.3172137803770342f,-0.9262681929907705f,0.4563625586555752f,0f,0f,0f,1f], start_interpolation: 0, interpolation_duration: 1 }
$data merge entity $(bone_leg_left_1) { transformation: [-0.9763825861650424f,-0.20874860748928534f,0.05568720054867098f,0.12499999999999999f,-0.07262501801129237f,0.0743682585873004f,-0.9945828114709964f,0.7138841435240373f,0.20347641679694248f,-0.9751376215621959f,-0.08777224402680062f,0.15567020076088742f,0f,0f,0f,1f], start_interpolation: 0, interpolation_duration: 1 }
$data merge entity $(bone_leg_right_2) { transformation: [-0.9718469864732346f,0.17630583831797156f,0.1562999880290778f,-0.19976261360941433f,0.15064285225117277f,0.9750310859784026f,-0.16315977580705354f,0.6093521930076554f,-0.181163368119838f,-0.1350208604282091f,-0.9741402369785892f,0.4659258556809668f,0f,0f,0f,1f], start_interpolation: 0, interpolation_duration: 1 }
$data merge entity $(bone_leg_right_1) { transformation: [-0.9718469864732346f,0.23011569091992054f,-0.05059845526634388f,-0.12500000000000003f,0.15064285225117277f,0.44174469282613343f,-0.8844028253152385f,0.7164993418094874f,-0.181163368119838f,-0.8671265162318544f,-0.46397353254154866f,0.15395953921406444f,0f,0f,0f,1f], start_interpolation: 0, interpolation_duration: 1 }
$data merge entity $(bone_coat_downer) { transformation: [-1f,6.703859800771749e-17f,1.0248621470118911e-16f,-0.007812500000000016f,0f,0.8368634513440447f,-0.5474116949833403f,0.7648805100903151f,-1.2246467991473532e-16f,-0.5474116949833403f,-0.8368634513440447f,0.12231230059784007f,0f,0f,0f,1f], start_interpolation: 0, interpolation_duration: 1 }
$data merge entity $(bone_body_2) { transformation: [-1f,6.703859800771749e-17f,1.0248621470118911e-16f,0f,0f,0.8368634513440447f,-0.5474116949833403f,0.9518671875f,-1.2246467991473532e-16f,-0.5474116949833403f,-0.8368634513440447f,0f,0f,0f,0f,1f], start_interpolation: 0, interpolation_duration: 1 }