# This file was generated by Animated Java via MC-Build. It is not recommended to edit this file directly.
$data merge entity $(bone_wing_right_1) { transformation: [-0.7754016818747894f,-0.13672423740124726f,-0.21680211967884344f,0.028588142529392818f,-0.09127928150353178f,0.7927865483003917f,-0.17349935459993523f,1.0527552490832435f,0.23950943396532665f,-0.14050059140602375f,-0.7680099343762492f,-0.3718340859815666f,0f,0f,0f,1f], start_interpolation: 0, interpolation_duration: 1 }
$data merge entity $(bone_wing_right_2) { transformation: [-0.7494845465237456f,0.18212269276997642f,-0.2123775866241732f,0.028588142529392818f,0.22973258263274124f,0.7472195335158632f,-0.16995855144483452f,1.0527552490832435f,0.1596742151976521f,-0.22021419915743065f,-0.7523362622461217f,-0.3718340859815666f,0f,0f,0f,1f], start_interpolation: 0, interpolation_duration: 1 }
$data merge entity $(bone_wing_left_1) { transformation: [-0.7754016818747894f,0.1367242374012473f,0.2168021196788436f,-0.02858814252939272f,0.09127928150353178f,0.7927865483003917f,-0.17349935459993523f,1.0527552490832435f,-0.2395094339653268f,-0.14050059140602372f,-0.7680099343762492f,-0.3718340859815666f,0f,0f,0f,1f], start_interpolation: 0, interpolation_duration: 1 }
$data merge entity $(bone_wing_left_2) { transformation: [-0.7494845465237456f,-0.18212269276997636f,0.21237758662417336f,-0.02858814252939272f,-0.22973258263274124f,0.7472195335158632f,-0.16995855144483452f,1.0527552490832435f,-0.15967421519765226f,-0.22021419915743068f,-0.7523362622461217f,-0.3718340859815666f,0f,0f,0f,1f], start_interpolation: 0, interpolation_duration: 1 }
$data merge entity $(bone_blade) { transformation: [-0.23154526794873442f,1.9768064459510564f,0.19652751496139148f,-0.0417408927608041f,1.6311954243258031f,0.07626479745660583f,1.1547229833719699f,0.9758770812509875f,1.1338378528471826f,0.2939727128752838f,-1.6211081911876317f,0.4047833295782006f,0f,0f,0f,1f], start_interpolation: 0, interpolation_duration: 1 }
$data merge entity $(bone_arm_right_2) { transformation: [0.3721552427673817f,-0.9277114801455635f,0.029187067116769123f,-0.28577518671443636f,-0.5274082674033475f,-0.2372387092274818f,-0.8158175741663555f,1.110882499777633f,0.7637676313875509f,0.28821728686913606f,-0.5775723338201406f,0.2017890203576408f,0f,0f,0f,1f], start_interpolation: 0, interpolation_duration: 1 }
$data merge entity $(bone_arm_right_1) { transformation: [0.03241552201104304f,-0.9990482215818577f,0.029187067116769123f,-0.2984375f,-0.5767420743527867f,-0.04254721321740298f,-0.8158175741663555f,1.3361723725716903f,0.8162829249739305f,0.009611742899185916f,-0.5775723338201406f,-0.11707149721030079f,0f,0f,0f,1f], start_interpolation: 0, interpolation_duration: 1 }
$data merge entity $(bone_arm_left_2) { transformation: [0.3435457370958978f,0.9172751467828466f,0.2014513132688484f,0.48804771016976045f,0.6066192445304484f,-0.052988807897906276f,-0.7932246077895383f,1.1859650594955655f,-0.7169305536023308f,0.39471317603047695f,-0.5746408356350855f,0.19860106600759392f,0f,0f,0f,1f], start_interpolation: 0, interpolation_duration: 1 }
$data merge entity $(bone_arm_left_1) { transformation: [-0.4233109796230214f,0.8833035621533825f,0.2014513132688484f,0.31865234375f,0.4585479181969399f,0.4006601157020569f,-0.7932246077895383f,1.3397165229728825f,-0.781371628130847f,-0.24340560546700635f,-0.5746408356350855f,-0.0730196641277407f,0f,0f,0f,1f], start_interpolation: 0, interpolation_duration: 1 }
$data merge entity $(bone_ear_edge_a1) { transformation: [-0.9746359119966684f,0.2210765019669548f,0.03478533203057391f,0.1916775060291036f,0.22245524765871175f,0.9400296333360947f,0.2585690454000797f,1.9764177645803156f,0.024464297159809644f,0.2597488570293665f,-0.9653662669869991f,-0.047328696139432f,0f,0f,0f,1f], start_interpolation: 0, interpolation_duration: 1 }
$data merge entity $(bone_ear_edge_a2) { transformation: [-0.9972205109225843f,0.06588803587012292f,0.03478533203057391f,0.07747662850134084f,0.07266342160381703f,0.9632559763228657f,0.2585690454000797f,1.9944946008319415f,-0.01647057242860163f,0.26037797680959873f,-0.9653662669869991f,-0.04660193068838708f,0f,0f,0f,1f], start_interpolation: 0, interpolation_duration: 1 }
$data merge entity $(bone_ear_edge_b1) { transformation: [-0.9573793424761509f,0.26906379616420883f,0.10502127495721114f,0.05717931486076587f,0.2646369632180196f,0.6714545775731793f,0.6921820771695608f,2.008713086593643f,0.11572412150747848f,0.6904733331923314f,-0.7140409679084203f,-0.10948245562877922f,0f,0f,0f,1f], start_interpolation: 0, interpolation_duration: 1 }
$data merge entity $(bone_ear_edge_b2) { transformation: [-0.99366714781409f,-0.039951610247561775f,0.10502127495721114f,0.08640770730517866f,0.04419383290009456f,0.7203685703713278f,0.6921820771695608f,2.0131233458072098f,-0.10330781426692633f,0.6924398830655238f,-0.7140409679084203f,-0.10090829014259119f,0f,0f,0f,1f], start_interpolation: 0, interpolation_duration: 1 }
$data merge entity $(bone_ear_right_2) { transformation: [-0.9876832651049752f,0.11598404906683119f,0.10502127495721114f,0.1502162856677984f,0.15634020541946775f,0.7045861992791448f,0.6921820771695608f,2.1042454225649094f,0.006285539036064065f,0.7000757017262005f,-0.7140409679084203f,-0.046955746310485505f,0f,0f,0f,1f], start_interpolation: 0, interpolation_duration: 1 }
$data merge entity $(bone_ear_right_1) { transformation: [-0.9876832651049752f,0.15255080631415222f,0.03478533203057391f,0.11589235424711421f,0.15634020541946775f,0.95325746203756f,0.2585690454000797f,1.8897624936064588f,0.006285539036064065f,0.2608226649710716f,-0.9653662669869991f,-0.10564084592897652f,0f,0f,0f,1f], start_interpolation: 0, interpolation_duration: 1 }
$data merge entity $(bone_ear_edge_a3) { transformation: [-0.9849047623316364f,-0.17210026571773657f,-0.018550139523668265f,-0.20535373649081837f,-0.17292002953757324f,0.973384875341851f,0.15040128935768354f,1.9818295474946996f,-0.007827676614927745f,0.15133863682355975f,-0.9884509823371105f,-0.0570220975217724f,0f,0f,0f,1f], start_interpolation: 0, interpolation_duration: 1 }
$data merge entity $(bone_ear_edge_a4) { transformation: [-0.9997013633524181f,-0.015908376251808257f,-0.018550139523668265f,-0.09036343778628891f,-0.018520154777273617f,0.9884515446022492f,0.15040128935768354f,1.9939237962942715f,0.015943273764898007f,0.1506999254759561f,-0.9884509823371105f,-0.05733986287097205f,0f,0f,0f,1f], start_interpolation: 0, interpolation_duration: 1 }
$data merge entity $(bone_ear_edge_b3) { transformation: [-0.9661858670292918f,-0.2571055922724823f,-0.019534195019813048f,-0.06795635185291021f,-0.2568660370633875f,0.9531447007358836f,0.15979680366782387f,1.9899548566904794f,-0.022465737383989322f,0.15941108456226863f,-0.9869566336787421f,-0.05954499147677961f,0f,0f,0f,1f], start_interpolation: 0, interpolation_duration: 1 }
$data merge entity $(bone_ear_edge_b4) { transformation: [-0.998347362151524f,0.054045903730275194f,-0.019534195019813048f,-0.09721190788319899f,0.050243792261764314f,0.9858704493373881f,0.15979680366782387f,1.9992829199992792f,0.027894548289064142f,0.1585512453854406f,-0.9869566336787421f,-0.05745566113773529f,0f,0f,0f,1f], start_interpolation: 0, interpolation_duration: 1 }
$data merge entity $(bone_ear_left_2) { transformation: [-0.994510691498633f,-0.1027954265511792f,-0.019534195019813048f,-0.1572372128760684f,-0.1045989085368375f,0.9815926089118892f,0.15979680366782387f,2.1065717520813836f,0.0027482408579429293f,0.16096288519317695f,-0.9869566336787421f,-0.07055962245563564f,0f,0f,0f,1f], start_interpolation: 0, interpolation_duration: 1 }
$data merge entity $(bone_ear_left_1) { transformation: [-0.994510691498633f,-0.10297755492612654f,-0.018550139523668265f,-0.13406726301768995f,-0.1045989085368375f,0.9830760502079422f,0.15040128935768354f,1.885379640784597f,0.0027482408579429293f,0.15151601462877756f,-0.9884509823371105f,-0.10465072574711054f,0f,0f,0f,1f], start_interpolation: 0, interpolation_duration: 1 }
$data merge entity $(bone_head) { transformation: [-0.9998384690592165f,-0.017475501651521428f,-0.004200313244260445f,9.912127825051877e-18f,-0.01753141128744701f,0.9997529344049823f,0.013664544152571373f,1.3747706713082064f,0.003960480727463942f,0.01373597432492027f,-0.999897813579844f,-0.08093866600519505f,0f,0f,0f,1f], start_interpolation: 0, interpolation_duration: 1 }
$data merge entity $(bone_body_1) { transformation: [-1f,2.6985684317680013e-17f,1.1945447111148705e-16f,-2.0750379407812727e-19f,0f,0.9754197797655283f,-0.22035483485090152f,1.0089882538961332f,-1.2246467991473532e-16f,-0.22035483485090152f,-0.9754197797655283f,0.00169439706389303f,0f,0f,0f,1f], start_interpolation: 0, interpolation_duration: 1 }
$data merge entity $(bone_leg_left_2) { transformation: [-0.9763825861650424f,-0.14188580619412466f,-0.16292778594919555f,0.1843936765793976f,-0.07262501801129234f,0.9257881734485607f,-0.3710011653103491f,0.7544631951177604f,0.20347641679694245f,-0.3504064438668626f,-0.9142279102631115f,0.4551545678073654f,0f,0f,0f,1f], start_interpolation: 0, interpolation_duration: 1 }
$data merge entity $(bone_leg_left_1) { transformation: [-0.9763825861650424f,-0.20978369769182498f,0.05165119181982707f,0.12499999999999999f,-0.07262501801129234f,0.0935346524377842f,-0.9929636828969135f,0.7138841435240373f,0.20347641679694245f,-0.9732636174110729f,-0.1065611506665965f,0.15567020076088742f,0f,0f,0f,1f], start_interpolation: 0, interpolation_duration: 1 }
$data merge entity $(bone_leg_right_2) { transformation: [-0.9718469864732346f,0.18468199204600505f,0.14630788323536079f,-0.20317701594242935f,0.1506428522511728f,0.9645125626568892f,-0.2168461379473276f,0.5834543604602738f,-0.18116336811983802f,-0.18870102885506346f,-0.9651796494749134f,0.4627075077877696f,0f,0f,0f,1f], start_interpolation: 0, interpolation_duration: 1 }
$data merge entity $(bone_leg_right_1) { transformation: [-0.9718469864732346f,0.23228691773224153f,-0.039448989002856365f,-0.12500000000000003f,0.1506428522511728f,0.48385605530667536f,-0.8620847109238712f,0.7164993418094874f,-0.18116336811983802f,-0.8437571366178294f,-0.5052264130644375f,0.15395953921406444f,0f,0f,0f,1f], start_interpolation: 0, interpolation_duration: 1 }
$data merge entity $(bone_coat_downer) { transformation: [-1f,6.703859800771749e-17f,1.0248621470118911e-16f,-0.007812500000000016f,0f,0.8368634513440447f,-0.5474116949833403f,0.7648805100903151f,-1.2246467991473532e-16f,-0.5474116949833403f,-0.8368634513440447f,0.12231230059784007f,0f,0f,0f,1f], start_interpolation: 0, interpolation_duration: 1 }
$data merge entity $(bone_body_2) { transformation: [-1f,6.703859800771749e-17f,1.0248621470118911e-16f,0f,0f,0.8368634513440447f,-0.5474116949833403f,0.9518671875f,-1.2246467991473532e-16f,-0.5474116949833403f,-0.8368634513440447f,0f,0f,0f,0f,1f], start_interpolation: 0, interpolation_duration: 1 }