execute if entity @s[tag=aj.lexiel.bone.backhair] run data modify entity @s {} merge value {transformation:[-0.9924474285192972f,0.12267032727230921f,-0.00030402687207600754f,-0.001997481001525021f,0.12267006264815775f,0.9924311771605238f,-0.005693358382720361f,1.488562135261052f,-0.000396680389543963f,-0.005687653882013893f,-0.9999837464869051f,-0.26553181306867774f,0f,0f,0f,1f],start_interpolation:0}
execute if entity @s[tag=aj.lexiel.bone.head] run data modify entity @s {} merge value {transformation:[-0.9924474285192972f,0.12267032727230921f,-0.00030402687207600754f,0f,0.12267006264815775f,0.9924311771605238f,-0.005693358382720361f,1.5055811707245954f,-0.000396680389543963f,-0.005687653882013893f,-0.9999837464869051f,0f,0f,0f,0f,1f],start_interpolation:0}
execute if entity @s[tag=aj.lexiel.bone.ring] run data modify entity @s {} merge value {transformation:[-0.9614638770465722f,0.16953202249987687f,0.216439613938103f,0f,0.17364817766693033f,0.984807753012208f,0f,0.9430811707245954f,-0.21315140986521297f,0.037584344535285516f,-0.9762960071199334f,0f,0f,0f,0f,1f],start_interpolation:0}
execute if entity @s[tag=aj.lexiel.bone.bust] run data modify entity @s {} merge value {transformation:[-0.9762960071199334f,0.10821980696905148f,0.18744220405569367f,-0.01555659725180114f,0f,0.8660254037844387f,-0.49999999999999994f,1.3962061707245954f,-0.216439613938103f,-0.4881480035599666f,-0.8454971437791755f,0.07017127551174529f,0f,0f,0f,1f],start_interpolation:0}
execute if entity @s[tag=aj.lexiel.bone.left_wing] run data modify entity @s {} merge value {transformation:[-0.8999323508802577f,0f,-0.43602954468606003f,0.14909195263225458f,0f,1f,0f,1.1618311707245954f,0.43602954468606003f,0f,-0.8999323508802577f,-0.09498204914772879f,0f,0f,0f,1f],start_interpolation:0}
execute if entity @s[tag=aj.lexiel.bone.right_wing] run data modify entity @s {} merge value {transformation:[-0.8565957012014264f,0f,0.5159881826972752f,-0.09498204914772884f,0f,1f,0f,1.1618311707245954f,-0.5159881826972752f,0f,-0.8565957012014264f,-0.1490919526322545f,0f,0f,0f,1f],start_interpolation:0}
execute if entity @s[tag=aj.lexiel.bone.body] run data modify entity @s {} merge value {transformation:[-0.9762960071199334f,0f,0.216439613938103f,0.3799281965909152f,0f,1f,0f,0.2243311707245954f,-0.216439613938103f,0f,-0.9762960071199334f,0.5963678105290182f,0f,0f,0f,1f],start_interpolation:0}
execute if entity @s[tag=aj.lexiel.locator_origin.locator_right_hand] at @s on origin run tp @s ^-0.29989 ^0.59882 ^-0.03447 ~12.5 ~0
execute if entity @s[tag=aj.lexiel.bone.sword] run data modify entity @s {} merge value {transformation:[-1.0360752514801985f,-0.15544994080080482f,0.48918038766417254f,-0.3269461761049107f,0.21839819163822882f,0.8637136803842512f,0.7370311870648643f,0.6780215895295687f,-0.4645044301827436f,0.7528267109515427f,-0.7445815201295871f,-0.12049532444747005f,0f,0f,0f,1f],start_interpolation:0}
execute if entity @s[tag=aj.lexiel.bone.rod] run data modify entity @s {} merge value {transformation:[-0.000009760295788254082f,-0.0000013691900371152703f,0.0000016917283375453501f,-0.3509546502460036f,2.3360642444835504e-7f,0.000007069138138360873f,0.000007069138138360874f,0.6804247796809052f,-0.000002163805482072297f,0.000006939207780650185f,-0.000006867702760946911f,-0.011940645366390557f,0f,0f,0f,1f],start_interpolation:0}
execute if entity @s[tag=aj.lexiel.bone.right_hand] run data modify entity @s {} merge value {transformation:[-0.9760295788254081f,0.022806901942649338f,0.216439613938103f,-0.3427205834203511f,0.023360642444835503f,0.999727102955884f,0f,1.1001464711272828f,-0.21638054820722966f,0.0050561684321062585f,-0.9762960071199334f,-0.07597932412216632f,0f,0f,0f,1f],start_interpolation:0}
execute if entity @s[tag=aj.lexiel.bone.right_arm] run data modify entity @s {} merge value {transformation:[-0.9760295788254081f,0.022806901942649338f,0.216439613938103f,-0.3050925022249792f,0.023360642444835503f,0.999727102955884f,0f,1.4118311707245954f,-0.21638054820722966f,0.0050561684321062585f,-0.9762960071199334f,-0.06763737935565718f,0f,0f,0f,1f],start_interpolation:0}
execute if entity @s[tag=aj.lexiel.locator_origin.locator_left_hand] at @s on origin run tp @s ^0.47964 ^0.67604 ^0.03781 ~11.19047 ~7.38485
execute if entity @s[tag=aj.lexiel.bone.left_hand] run data modify entity @s {} merge value {transformation:[-0.960691618370025f,-0.2000755236408962f,0.19246142271479597f,0.39812535358525714f,-0.1774512601695927f,0.975699858705068f,0.12853340416846457f,1.1069249648792616f,-0.21350097109335528f,0.08932844207043751f,-0.9728503301019448f,0.046485979144211174f,0f,0f,0f,1f],start_interpolation:0}
execute if entity @s[tag=aj.lexiel.bone.left_arm] run data modify entity @s {} merge value {transformation:[-0.960691618370025f,-0.2000755236408962f,0.19246142271479597f,0.3356017524474771f,-0.1774512601695927f,0.975699858705068f,0.12853340416846457f,1.4118311707245954f,-0.21350097109335528f,0.08932844207043751f,-0.9728503301019448f,0.0744011172912229f,0f,0f,0f,1f],start_interpolation:0}
execute if entity @s[tag=aj.lexiel.bone.skirt_right] run data modify entity @s {} merge value {transformation:[-1f,3.055197140602594e-17f,1.1859247391729355e-16f,-0.21875f,0f,0.96838103851545f,-0.24947577887189523f,0.7108726571847016f,-1.2246467991473532e-16f,-0.24947577887189523f,-0.96838103851545f,0.07660111178714439f,0f,0f,0f,1f],start_interpolation:0}
execute if entity @s[tag=aj.lexiel.bone.skirt_left] run data modify entity @s {} merge value {transformation:[-1f,2.4415530273663994e-17f,1.2000616529193144e-16f,0.21875f,0f,0.9799247046208297f,-0.19936793441719713f,0.7108726571847016f,-1.2246467991473532e-16f,-0.19936793441719713f,-0.9799247046208297f,0.07660111178714445f,0f,0f,0f,1f],start_interpolation:0}
execute if entity @s[tag=aj.lexiel.bone.skirt_back_middle] run data modify entity @s {} merge value {transformation:[-1f,8.542704229054945e-18f,1.221663621095163e-16f,2.5890831079099144e-17f,0f,0.9975640502598242f,-0.06975647374412527f,0.7034756069395448f,-1.2246467991473532e-16f,-0.06975647374412527f,-0.9975640502598242f,-0.21141467970295885f,0f,0f,0f,1f],start_interpolation:0}
execute if entity @s[tag=aj.lexiel.bone.skirt_front_middle] run data modify entity @s {} merge value {transformation:[-1f,3.961388553018588e-17f,1.158807054682526e-16f,-1.8669277248785437e-17f,0f,0.9462377687095843f,-0.32347192315177414f,0.7941963177894202f,-1.2246467991473532e-16f,-0.32347192315177414f,-0.9462377687095843f,0.15244621765053987f,0f,0f,0f,1f],start_interpolation:0}
execute if entity @s[tag=aj.lexiel.bone.skirt] run data modify entity @s {} merge value {transformation:[-1f,2.962688750897932e-17f,1.1882695554102554e-16f,-8.825426495332135e-18f,0f,0.9702957262759965f,-0.24192189559966767f,0.7290657020523765f,-1.2246467991473532e-16f,-0.24192189559966767f,-0.9702957262759965f,0.07206507624465064f,0f,0f,0f,1f],start_interpolation:0}
execute if entity @s[tag=aj.lexiel.bone.rightupper] run data modify entity @s {} merge value {transformation:[-0.9982019166211662f,-0.04332608605695026f,-0.041422022171982736f,-0.1378181758015836f,-0.025129438121740743f,0.9298680404393802f,-0.3670339748703281f,0.6711038737790751f,0.05441916016915451f,-0.3653331050375983f,-0.9292848203699827f,-0.00450614066781628f,0f,0f,0f,1f],start_interpolation:0}
execute if entity @s[tag=aj.lexiel.bone.rightfoot] run data modify entity @s {} merge value {transformation:[-0.9989841248739492f,0.01553802295166148f,-0.042299977453699275f,-0.09159148364103012f,0.016683177535819563f,0.9995001102811273f,-0.026855188238445515f,0.40999935654748776f,0.04186155559864148f,-0.02753360475432992f,-0.998743966576066f,0.18652062704934036f,0f,0f,0f,1f],start_interpolation:0}
execute if entity @s[tag=aj.lexiel.bone.leftupper] run data modify entity @s {} merge value {transformation:[-0.9994877712881095f,-0.031996575668830435f,-0.00064357672141187f,0.13547175947824222f,-0.030533415021204168f,0.9594208668835975f,-0.28032001490344743f,0.6724185994453014f,0.009586741504308915f,-0.2801567763481635f,-0.9599063886929469f,-0.004493807837242916f,0f,0f,0f,1f],start_interpolation:0}
execute if entity @s[tag=aj.lexiel.bone.leftfoot] run data modify entity @s {} merge value {transformation:[-0.9971453960848632f,-0.07550478471228649f,-0.00029419774382678386f,0.15085754520885047f,-0.07326252605017308f,0.9684611920832003f,-0.2381502082836258f,0.4250233619701137f,0.01826639930333603f,-0.2374488300967977f,-0.9712282902295182f,0.19274490546992995f,0f,0f,0f,1f],start_interpolation:0}
execute if entity @s[tag=aj.lexiel.bone.lower] run data modify entity @s {} merge value {transformation:[-1f,2.962688750897932e-17f,1.1882695554102554e-16f,0f,0f,0.9702957262759965f,-0.24192189559966767f,0.6305811707245954f,-1.2246467991473532e-16f,-0.24192189559966767f,-0.9702957262759965f,0f,0f,0f,0f,1f],start_interpolation:0}