execute if entity @s[tag=aj.lexiel.bone.backhair] run data modify entity @s {} merge value {transformation:[-0.9977458994366198f,0.06710497586244489f,-0.00020584438592349819f,-0.0011031926628616306f,0.06710506013036951f,0.9977297076857488f,-0.005686941727301858f,1.5284604567647317f,-0.00017624502834551192f,-0.00568793598864533f,-0.9999838080298497f,-0.26553182500810624f,0f,0f,0f,1f],start_interpolation:0}
execute if entity @s[tag=aj.lexiel.bone.head] run data modify entity @s {} merge value {transformation:[-0.9977458994366198f,0.06710497586244489f,-0.00020584438592349819f,0f,0.06710506013036951f,0.9977297076857488f,-0.005686941727301858f,1.545560577343636f,-0.00017624502834551192f,-0.00568793598864533f,-0.9999838080298497f,0f,0f,0f,0f,1f],start_interpolation:0}
execute if entity @s[tag=aj.lexiel.bone.ring] run data modify entity @s {} merge value {transformation:[-0.9614638770465722f,0.16953202249987687f,0.216439613938103f,0f,0.17364817766693033f,0.984807753012208f,0f,0.983060577343636f,-0.21315140986521297f,0.037584344535285516f,-0.9762960071199334f,0f,0f,0f,0f,1f],start_interpolation:0}
execute if entity @s[tag=aj.lexiel.bone.bust] run data modify entity @s {} merge value {transformation:[-0.9762960071199334f,0.10821980696905148f,0.18744220405569367f,-0.01555659725180114f,0f,0.8660254037844387f,-0.49999999999999994f,1.436185577343636f,-0.216439613938103f,-0.4881480035599666f,-0.8454971437791755f,0.07017127551174529f,0f,0f,0f,1f],start_interpolation:0}
execute if entity @s[tag=aj.lexiel.bone.left_wing] run data modify entity @s {} merge value {transformation:[-0.8474992823890365f,0f,-0.5307965395046093f,0.14909195263225458f,0f,1f,0f,1.201810577343636f,0.5307965395046093f,0f,-0.8474992823890365f,-0.09498204914772879f,0f,0f,0f,1f],start_interpolation:0}
execute if entity @s[tag=aj.lexiel.bone.right_wing] run data modify entity @s {} merge value {transformation:[-0.7790741998219991f,0f,0.626931727679906f,-0.09498204914772884f,0f,1f,0f,1.201810577343636f,-0.626931727679906f,0f,-0.7790741998219991f,-0.1490919526322545f,0f,0f,0f,1f],start_interpolation:0}
execute if entity @s[tag=aj.lexiel.bone.body] run data modify entity @s {} merge value {transformation:[-0.9762960071199334f,0f,0.216439613938103f,0.3799281965909152f,0f,1f,0f,0.26431057734363606f,-0.216439613938103f,0f,-0.9762960071199334f,0.5963678105290182f,0f,0f,0f,1f],start_interpolation:0}
execute if entity @s[tag=aj.lexiel.bone.sword] run data modify entity @s {} merge value {transformation:[-0.9853899895261579f,-0.11836734415438445f,0.5932198604897476f,-0.4458350083107089f,0.40058575741645314f,0.7219532652337844f,0.8094619177412632f,0.7337126848297804f,-0.45326778177664995f,0.8953695980745127f,-0.5742609714643341f,-0.14685234399534758f,0f,0f,0f,1f],start_interpolation:0}
execute if entity @s[tag=aj.lexiel.bone.rod] run data modify entity @s {} merge value {transformation:[-0.00000958594463176611f,-2.2182347244495483e-7f,0.0000028390949022156656f,-0.46945349906489275f,0.0000018956242396772724f,0.000006942859956168926f,0.000006942859956168927f,0.7360728516480983f,-0.0000021251527612532896f,0.00000719357282413256f,-0.000006613337717464536f,-0.03821096145783397f,0f,0f,0f,1f],start_interpolation:0}
execute if entity @s[tag=aj.lexiel.bone.right_hand] run data modify entity @s {} merge value {transformation:[-0.9585944631766109f,0.18506903761966803f,0.216439613938103f,-0.3928826534553945f,0.1895624239677272f,0.9818686711671167f,0f,1.1509004433529035f,-0.21251527612532894f,0.04102881786074588f,-0.9762960071199334f,-0.0870999873160568f,0f,0f,0f,1f],start_interpolation:0}
execute if entity @s[tag=aj.lexiel.bone.right_arm] run data modify entity @s {} merge value {transformation:[-0.9585944631766109f,0.18506903761966803f,0.216439613938103f,-0.3050925022249792f,0.1895624239677272f,0.9818686711671167f,0f,1.451810577343636f,-0.21251527612532894f,0.04102881786074588f,-0.9762960071199334f,-0.06763737935565718f,0f,0f,0f,1f],start_interpolation:0}
execute if entity @s[tag=aj.lexiel.bone.left_hand] run data modify entity @s {} merge value {transformation:[-0.9547339129050877f,-0.22680517492887364f,0.1924644595098624f,0.4064783696127501f,-0.20461135613943093f,0.9703694916798539f,0.12851942481883832f,1.1485701111936817f,-0.21591051036881784f,0.08332143927264522f,-0.9728515761768655f,0.048363167518521266f,0f,0f,0f,1f],start_interpolation:0}
execute if entity @s[tag=aj.lexiel.bone.left_arm] run data modify entity @s {} merge value {transformation:[-0.9547339129050877f,-0.22680517492887364f,0.1924644595098624f,0.3356017524474771f,-0.20461135613943093f,0.9703694916798539f,0.12851942481883832f,1.451810577343636f,-0.21591051036881784f,0.08332143927264522f,-0.9728515761768655f,0.0744011172912229f,0f,0f,0f,1f],start_interpolation:0}
execute if entity @s[tag=aj.lexiel.bone.skirt_right] run data modify entity @s {} merge value {transformation:[-1f,3.712098841039122e-17f,1.1670317067695366e-16f,-0.21875f,0f,0.9529537068010707f,-0.30311587337864515f,0.7508520638037423f,-1.2246467991473532e-16f,-0.30311587337864515f,-0.9529537068010707f,0.07660111178714439f,0f,0f,0f,1f],start_interpolation:0}
execute if entity @s[tag=aj.lexiel.bone.skirt_left] run data modify entity @s {} merge value {transformation:[-1f,2.4415530273663994e-17f,1.2000616529193144e-16f,0.21875f,0f,0.9799247046208297f,-0.19936793441719713f,0.7508520638037423f,-1.2246467991473532e-16f,-0.19936793441719713f,-0.9799247046208297f,0.07660111178714445f,0f,0f,0f,1f],start_interpolation:0}
execute if entity @s[tag=aj.lexiel.bone.skirt_back_middle] run data modify entity @s {} merge value {transformation:[-1f,8.542704229054945e-18f,1.221663621095163e-16f,2.5890831079099144e-17f,0f,0.9975640502598242f,-0.06975647374412527f,0.7434550135585855f,-1.2246467991473532e-16f,-0.06975647374412527f,-0.9975640502598242f,-0.21141467970295885f,0f,0f,0f,1f],start_interpolation:0}
execute if entity @s[tag=aj.lexiel.bone.skirt_front_middle] run data modify entity @s {} merge value {transformation:[-1f,3.8598183865396146e-17f,1.1622296687364183e-16f,-1.8669277248785437e-17f,0f,0.9490325451759707f,-0.31517808965221406f,0.8341757244084609f,-1.2246467991473532e-16f,-0.31517808965221406f,-0.9490325451759707f,0.15244621765053987f,0f,0f,0f,1f],start_interpolation:0}
execute if entity @s[tag=aj.lexiel.bone.skirt] run data modify entity @s {} merge value {transformation:[-1f,2.962688750897932e-17f,1.1882695554102554e-16f,-8.825426495332135e-18f,0f,0.9702957262759965f,-0.24192189559966767f,0.7690451086714172f,-1.2246467991473532e-16f,-0.24192189559966767f,-0.9702957262759965f,0.07206507624465064f,0f,0f,0f,1f],start_interpolation:0}
execute if entity @s[tag=aj.lexiel.bone.rightupper] run data modify entity @s {} merge value {transformation:[-0.9980923070805695f,-0.04583816914626305f,-0.0413595067173777f,-0.13785075412633735f,-0.02436266905547632f,0.9079573295113934f,-0.4183538551788811f,0.7090265030409276f,0.05672924204569959f,-0.41654813651708655f,-0.9073419658877588f,-0.004457534796334019f,0f,0f,0f,1f],start_interpolation:0}
execute if entity @s[tag=aj.lexiel.bone.rightfoot] run data modify entity @s {} merge value {transformation:[-0.9989841278421179f,0.013153715276886588f,-0.043100952355345064f,-0.09084196559193537f,0.016683103418276404f,0.9964449314397571f,-0.08257828206225198f,0.4590823909476049f,0.04186151430440876f,-0.08321345073022957f,-0.9956521155693435f,0.20077875989001104f,0f,0f,0f,1f],start_interpolation:0}
execute if entity @s[tag=aj.lexiel.bone.leftupper] run data modify entity @s {} merge value {transformation:[-0.9986583807283855f,0.05164737013511851f,-0.0037400212679889536f,0.13631529079923413f,0.05091008668095121f,0.9660643057663323f,-0.2532349110970932f,0.7125214566047966f,-0.009465816134754336f,-0.25308557106706164f,-0.9673975873665194f,-0.004234285386318613f,0f,0f,0f,1f],start_interpolation:0}
execute if entity @s[tag=aj.lexiel.bone.leftfoot] run data modify entity @s {} merge value {transformation:[-0.9999667450120794f,0.00815117202579376f,0.0002593541072939379f,0.1275512891326582f,0.007913049872538712f,0.9774662719809016f,-0.2109432880692647f,0.4594455738892395f,-0.0019729449211186847f,-0.21093422087078234f,-0.9774982669825938f,0.18608179202779646f,0f,0f,0f,1f],start_interpolation:0}
execute if entity @s[tag=aj.lexiel.bone.lower] run data modify entity @s {} merge value {transformation:[-1f,2.962688750897932e-17f,1.1882695554102554e-16f,0f,0f,0.9702957262759965f,-0.24192189559966767f,0.670560577343636f,-1.2246467991473532e-16f,-0.24192189559966767f,-0.9702957262759965f,0f,0f,0f,0f,1f],start_interpolation:0}