execute if entity @s[tag=aj.lexiel.bone.backhair] run data modify entity @s {} merge value {transformation:[-0.9942682640799465f,0.10691387527890922f,-0.0002057092503036928f,-0.001725170820844875f,0.1069133100269426f,0.994252056851273f,-0.0056913606541548825f,1.499892466594303f,-0.00040395857791780676f,-0.005680732334712616f,-0.9999837829173075f,-0.2655319308946799f,0f,0f,0f,1f],start_interpolation:0}
execute if entity @s[tag=aj.lexiel.bone.head] run data modify entity @s {} merge value {transformation:[-0.9942682640799465f,0.10691387527890922f,-0.0002057092503036928f,0f,0.1069133100269426f,0.994252056851273f,-0.0056913606541548825f,1.516939422656364f,-0.00040395857791780676f,-0.005680732334712616f,-0.9999837829173075f,0f,0f,0f,0f,1f],start_interpolation:0}
execute if entity @s[tag=aj.lexiel.bone.ring] run data modify entity @s {} merge value {transformation:[-0.9614638770465722f,0.16953202249987687f,0.216439613938103f,0f,0.17364817766693033f,0.984807753012208f,0f,0.954439422656364f,-0.21315140986521297f,0.037584344535285516f,-0.9762960071199334f,0f,0f,0f,0f,1f],start_interpolation:0}
execute if entity @s[tag=aj.lexiel.bone.bust] run data modify entity @s {} merge value {transformation:[-0.9762960071199334f,0.10821980696905148f,0.18744220405569367f,-0.01555659725180114f,0f,0.8660254037844387f,-0.49999999999999994f,1.407564422656364f,-0.216439613938103f,-0.4881480035599666f,-0.8454971437791755f,0.07017127551174529f,0f,0f,0f,1f],start_interpolation:0}
execute if entity @s[tag=aj.lexiel.bone.left_wing] run data modify entity @s {} merge value {transformation:[-0.8862634684265899f,0f,-0.46318145961649926f,0.14909195263225458f,0f,1f,0f,1.173189422656364f,0.46318145961649926f,0f,-0.8862634684265899f,-0.09498204914772879f,0f,0f,0f,1f],start_interpolation:0}
execute if entity @s[tag=aj.lexiel.bone.right_wing] run data modify entity @s {} merge value {transformation:[-0.8363747516134453f,0f,0.5481580747043208f,-0.09498204914772884f,0f,1f,0f,1.173189422656364f,-0.5481580747043208f,0f,-0.8363747516134453f,-0.1490919526322545f,0f,0f,0f,1f],start_interpolation:0}
execute if entity @s[tag=aj.lexiel.bone.body] run data modify entity @s {} merge value {transformation:[-0.9762960071199334f,0f,0.216439613938103f,0.3799281965909152f,0f,1f,0f,0.23568942265636394f,-0.216439613938103f,0f,-0.9762960071199334f,0.5963678105290182f,0f,0f,0f,1f],start_interpolation:0}
execute if entity @s[tag=aj.lexiel.bone.sword] run data modify entity @s {} merge value {transformation:[-1.0247143940473769f,-0.14515137007897985f,0.5155633354848966f,-0.360959592262806f,0.2710047984442547f,0.8194877582444186f,0.7693570535243868f,0.691766882845233f,-0.46198579237061604f,0.802673630033859f,-0.6922414562823882f,-0.12803591726792857f,0f,0f,0f,1f],start_interpolation:0}
execute if entity @s[tag=aj.lexiel.bone.rod] run data modify entity @s {} merge value {transformation:[-0.000009738426277152485f,-0.00000104135643928113f,0.0000020195619353794904f,-0.38485667635274134f,7.084897762980713e-7f,0.000007053298598417662f,0.000007053298598417663f,0.6941645923506484f,-0.000002158957128186462f,0.000007011886739525046f,-0.00000679502380207205f,-0.01945629738599896f,0f,0f,0f,1f],start_interpolation:0}
execute if entity @s[tag=aj.lexiel.bone.right_hand] run data modify entity @s {} merge value {transformation:[-0.9738426277152483f,0.06916957396851017f,0.216439613938103f,-0.3571405762062401f,0.07084897762980712f,0.99748705373494f,0f,1.1136887489151266f,-0.2158957128186462f,0.015334525366104747f,-0.9762960071199334f,-0.07917615955814761f,0f,0f,0f,1f],start_interpolation:0}
execute if entity @s[tag=aj.lexiel.bone.right_arm] run data modify entity @s {} merge value {transformation:[-0.9738426277152483f,0.06916957396851017f,0.216439613938103f,-0.3050925022249792f,0.07084897762980712f,0.99748705373494f,0f,1.423189422656364f,-0.2158957128186462f,0.015334525366104747f,-0.9762960071199334f,-0.06763737935565718f,0f,0f,0f,1f],start_interpolation:0}
execute if entity @s[tag=aj.lexiel.bone.left_hand] run data modify entity @s {} merge value {transformation:[-0.9590749588320043f,-0.20768429169762379f,0.1924641741297466f,0.40050309360298453f,-0.1851825361290258f,0.9742639235864599f,0.1285193974104253f,1.1187319465355952f,-0.21420236145806412f,0.08761873190119275f,-0.9728516362559173f,0.047020263572100165f,0f,0f,0f,1f],start_interpolation:0}
execute if entity @s[tag=aj.lexiel.bone.left_arm] run data modify entity @s {} merge value {transformation:[-0.9590749588320043f,-0.20768429169762379f,0.1924641741297466f,0.3356017524474771f,-0.1851825361290258f,0.9742639235864599f,0.1285193974104253f,1.423189422656364f,-0.21420236145806412f,0.08761873190119275f,-0.9728516362559173f,0.0744011172912229f,0f,0f,0f,1f],start_interpolation:0}
execute if entity @s[tag=aj.lexiel.bone.skirt_right] run data modify entity @s {} merge value {transformation:[-1f,3.2428821827851725e-17f,1.1809305373931195e-16f,-0.21875f,0f,0.9643029632832336f,-0.26480142560638653f,0.7222309091164701f,-1.2246467991473532e-16f,-0.26480142560638653f,-0.9643029632832336f,0.07660111178714439f,0f,0f,0f,1f],start_interpolation:0}
execute if entity @s[tag=aj.lexiel.bone.skirt_left] run data modify entity @s {} merge value {transformation:[-1f,2.4415530273663994e-17f,1.2000616529193144e-16f,0.21875f,0f,0.9799247046208297f,-0.19936793441719713f,0.7222309091164701f,-1.2246467991473532e-16f,-0.19936793441719713f,-0.9799247046208297f,0.07660111178714445f,0f,0f,0f,1f],start_interpolation:0}
execute if entity @s[tag=aj.lexiel.bone.skirt_back_middle] run data modify entity @s {} merge value {transformation:[-1f,8.542704229054945e-18f,1.221663621095163e-16f,2.5890831079099144e-17f,0f,0.9975640502598242f,-0.06975647374412527f,0.7148338588713133f,-1.2246467991473532e-16f,-0.06975647374412527f,-0.9975640502598242f,-0.21141467970295885f,0f,0f,0f,1f],start_interpolation:0}
execute if entity @s[tag=aj.lexiel.bone.skirt_front_middle] run data modify entity @s {} merge value {transformation:[-1f,3.9324602241894376e-17f,1.159791941907486e-16f,-1.8669277248785437e-17f,0f,0.9470419901599206f,-0.3211097458407901f,0.8055545697211888f,-1.2246467991473532e-16f,-0.3211097458407901f,-0.9470419901599206f,0.15244621765053987f,0f,0f,0f,1f],start_interpolation:0}
execute if entity @s[tag=aj.lexiel.bone.skirt] run data modify entity @s {} merge value {transformation:[-1f,2.962688750897932e-17f,1.1882695554102554e-16f,-8.825426495332135e-18f,0f,0.9702957262759965f,-0.24192189559966767f,0.7404239539841451f,-1.2246467991473532e-16f,-0.24192189559966767f,-0.9702957262759965f,0.07206507624465064f,0f,0f,0f,1f],start_interpolation:0}
execute if entity @s[tag=aj.lexiel.bone.rightupper] run data modify entity @s {} merge value {transformation:[-0.9981708155769813f,-0.0440401135470816f,-0.04141849018426885f,-0.13782810928438016f,-0.024924794837021785f,0.9239346964000622f,-0.3817373853717464f,0.6818777491963915f,0.05507973795068917f,-0.38000676992243837f,-0.9233423402402807f,-0.004503934881760922f,0f,0f,0f,1f],start_interpolation:0}
execute if entity @s[tag=aj.lexiel.bone.rightfoot] run data modify entity @s {} merge value {transformation:[-0.9989841278421179f,0.014865184083214869f,-0.04254102280969816f,-0.09137773823879436f,0.016683103418276404f,0.998948538945876f,-0.04270234886086449f,0.423862728369326f,0.04186151430440876f,-0.043368685016634045f,-0.9981817323413956f,0.19062277800888416f,0f,0f,0f,1f],start_interpolation:0}
execute if entity @s[tag=aj.lexiel.bone.leftupper] run data modify entity @s {} merge value {transformation:[-0.9999639956626954f,-0.008246751842042049f,-0.0019996155511735236f,0.1357024783295238f,-0.007388999447361195f,0.9620753107412733f,-0.2726838813521061f,0.6838187141139453f,0.004172537053594008f,-0.27265928839146186f,-0.9621016071020763f,-0.0044247040657976675f,0f,0f,0f,1f],start_interpolation:0}
execute if entity @s[tag=aj.lexiel.bone.leftfoot] run data modify entity @s {} merge value {transformation:[-0.9986592691842849f,-0.05176185207853474f,-0.0006121615062727924f,0.1442927450596986f,-0.05022781607150779f,0.9717879523071417f,-0.2304459638253171f,0.4345916408057563f,0.012523201068283524f,-0.23010625028471623f,-0.973084931038864f,0.19091216574506176f,0f,0f,0f,1f],start_interpolation:0}
execute if entity @s[tag=aj.lexiel.bone.lower] run data modify entity @s {} merge value {transformation:[-1f,2.962688750897932e-17f,1.1882695554102554e-16f,0f,0f,0.9702957262759965f,-0.24192189559966767f,0.641939422656364f,-1.2246467991473532e-16f,-0.24192189559966767f,-0.9702957262759965f,0f,0f,0f,0f,1f],start_interpolation:0}