execute if entity @s[tag=aj.lexiel.bone.backhair] run data modify entity @s {} merge value {transformation:[-0.9963262584660266f,0.0856385459872244f,-0.00016165482455859914f,-0.001381041843823759f,0.0856380779190847f,0.9963100763441496f,-0.005687827831388716f,1.5151690157184239f,-0.00032603897470845355f,-0.005680776030507997f,-0.9999838111100992f,-0.2655319377006434f,0f,0f,0f,1f],start_interpolation:0}
execute if entity @s[tag=aj.lexiel.bone.head] run data modify entity @s {} merge value {transformation:[-0.9963262584660266f,0.0856385459872244f,-0.00016165482455859914f,0f,0.0856380779190847f,0.9963100763441496f,-0.005687827831388716f,1.5322471899290138f,-0.00032603897470845355f,-0.005680776030507997f,-0.9999838111100992f,0f,0f,0f,0f,1f],start_interpolation:0}
execute if entity @s[tag=aj.lexiel.bone.ring] run data modify entity @s {} merge value {transformation:[-0.9614638770465722f,0.16953202249987687f,0.216439613938103f,0f,0.17364817766693033f,0.984807753012208f,0f,0.9697471899290138f,-0.21315140986521297f,0.037584344535285516f,-0.9762960071199334f,0f,0f,0f,0f,1f],start_interpolation:0}
execute if entity @s[tag=aj.lexiel.bone.bust] run data modify entity @s {} merge value {transformation:[-0.9762960071199334f,0.10821980696905148f,0.18744220405569367f,-0.01555659725180114f,0f,0.8660254037844387f,-0.49999999999999994f,1.4228721899290138f,-0.216439613938103f,-0.4881480035599666f,-0.8454971437791755f,0.07017127551174529f,0f,0f,0f,1f],start_interpolation:0}
execute if entity @s[tag=aj.lexiel.bone.left_wing] run data modify entity @s {} merge value {transformation:[-0.8631675587780688f,0f,-0.5049175828520027f,0.14909195263225458f,0f,1f,0f,1.1884971899290138f,0.5049175828520027f,0f,-0.8631675587780688f,-0.09498204914772879f,0f,0f,0f,1f],start_interpolation:0}
execute if entity @s[tag=aj.lexiel.bone.right_wing] run data modify entity @s {} merge value {transformation:[-0.8022202647115448f,0f,0.5970281793065878f,-0.09498204914772884f,0f,1f,0f,1.1884971899290138f,-0.5970281793065878f,0f,-0.8022202647115448f,-0.1490919526322545f,0f,0f,0f,1f],start_interpolation:0}
execute if entity @s[tag=aj.lexiel.bone.body] run data modify entity @s {} merge value {transformation:[-0.9762960071199334f,0f,0.216439613938103f,0.3799281965909152f,0f,1f,0f,0.25099718992901376f,-0.216439613938103f,0f,-0.9762960071199334f,0.5963678105290182f,0f,0f,0f,1f],start_interpolation:0}
execute if entity @s[tag=aj.lexiel.bone.sword] run data modify entity @s {} merge value {transformation:[-1.0055672416353203f,-0.09453270249841597f,0.5628606872115687f,-0.4065501379284035f,0.34091316875618405f,0.8150287847515512f,0.7459358912768761f,0.7129054736837466f,-0.4577409708760523f,0.814681355306942f,-0.6809416681307537f,-0.13814309790897075f,0f,0f,0f,1f],start_interpolation:0}
execute if entity @s[tag=aj.lexiel.bone.rod] run data modify entity @s {} merge value {transformation:[-0.000009674147656101592f,-6.014122348632724e-7f,0.000002459506139797348f,-0.43029766668815306f,0.0000013457709451626124f,0.0000070067432007729576f,0.000007006743200772958f,0.7152873570734937f,-0.0000021447069009774316f,0.00000710942002150518f,-0.000006697490520091916f,-0.02953032240856915f,0f,0f,0f,1f],start_interpolation:0}
execute if entity @s[tag=aj.lexiel.bone.right_hand] run data modify entity @s {} merge value {transformation:[-0.9674147656101592f,0.13138708002602772f,0.216439613938103f,-0.37638267615843035f,0.13457709451626124f,0.9909031262598587f,0f,1.133045497176441f,-0.21447069009774314f,0.029127814382011178f,-0.9762960071199334f,-0.08344203041559015f,0f,0f,0f,1f],start_interpolation:0}
execute if entity @s[tag=aj.lexiel.bone.right_arm] run data modify entity @s {} merge value {transformation:[-0.9674147656101592f,0.13138708002602772f,0.216439613938103f,-0.3050925022249792f,0.13457709451626124f,0.9909031262598587f,0f,1.4384971899290138f,-0.21447069009774314f,0.029127814382011178f,-0.9762960071199334f,-0.06763737935565718f,0f,0f,0f,1f],start_interpolation:0}
execute if entity @s[tag=aj.lexiel.bone.left_hand] run data modify entity @s {} merge value {transformation:[-0.9568007368525085f,-0.21792050610804037f,0.19246558907013006f,0.4037019106062397f,-0.19558359325071858f,0.9722301331402305f,0.1285131365474637f,1.1346752733226917f,-0.21512649304452042f,0.08531835225638808f,-0.9728521834064108f,0.047739132211101626f,0f,0f,0f,1f],start_interpolation:0}
execute if entity @s[tag=aj.lexiel.bone.left_arm] run data modify entity @s {} merge value {transformation:[-0.9568007368525085f,-0.21792050610804037f,0.19246558907013006f,0.3356017524474771f,-0.19558359325071858f,0.9722301331402305f,0.1285131365474637f,1.4384971899290138f,-0.21512649304452042f,0.08531835225638808f,-0.9728521834064108f,0.0744011172912229f,0f,0f,0f,1f],start_interpolation:0}
execute if entity @s[tag=aj.lexiel.bone.skirt_right] run data modify entity @s {} merge value {transformation:[-1f,3.4945305213396527e-17f,1.173730099731669e-16f,-0.21875f,0f,0.958423359738388f,-0.2853500718552223f,0.73753867638912f,-1.2246467991473532e-16f,-0.2853500718552223f,-0.958423359738388f,0.07660111178714439f,0f,0f,0f,1f],start_interpolation:0}
execute if entity @s[tag=aj.lexiel.bone.skirt_left] run data modify entity @s {} merge value {transformation:[-1f,2.4415530273663994e-17f,1.2000616529193144e-16f,0.21875f,0f,0.9799247046208297f,-0.19936793441719713f,0.73753867638912f,-1.2246467991473532e-16f,-0.19936793441719713f,-0.9799247046208297f,0.07660111178714445f,0f,0f,0f,1f],start_interpolation:0}
execute if entity @s[tag=aj.lexiel.bone.skirt_back_middle] run data modify entity @s {} merge value {transformation:[-1f,8.542704229054945e-18f,1.221663621095163e-16f,2.5890831079099144e-17f,0f,0.9975640502598242f,-0.06975647374412527f,0.7301416261439632f,-1.2246467991473532e-16f,-0.06975647374412527f,-0.9975640502598242f,-0.21141467970295885f,0f,0f,0f,1f],start_interpolation:0}
execute if entity @s[tag=aj.lexiel.bone.skirt_front_middle] run data modify entity @s {} merge value {transformation:[-1f,3.600062239454047e-17f,1.1705363306546399e-16f,-1.8669277248785437e-17f,0f,0.9558154493765982f,-0.2939673905946229f,0.8208623369938386f,-1.2246467991473532e-16f,-0.2939673905946229f,-0.9558154493765982f,0.15244621765053987f,0f,0f,0f,1f],start_interpolation:0}
execute if entity @s[tag=aj.lexiel.bone.skirt] run data modify entity @s {} merge value {transformation:[-1f,2.962688750897932e-17f,1.1882695554102554e-16f,-8.825426495332135e-18f,0f,0.9702957262759965f,-0.24192189559966767f,0.7557317212567949f,-1.2246467991473532e-16f,-0.24192189559966767f,-0.9702957262759965f,0.07206507624465064f,0f,0f,0f,1f],start_interpolation:0}
execute if entity @s[tag=aj.lexiel.bone.rightupper] run data modify entity @s {} merge value {transformation:[-0.9981288456547386f,-0.0450020859319531f,-0.04139589029979f,-0.13784053098715457f,-0.024632353713123712f,0.915571154159168f,-0.4014009327619961f,0.6963977869990793f,0.055964762328546504f,-0.39963017145033236f,-0.9149664865141713f,-0.004486432211043438f,0f,0f,0f,1f],start_interpolation:0}
execute if entity @s[tag=aj.lexiel.bone.rightfoot] run data modify entity @s {} merge value {transformation:[-0.9989841278421179f,0.013952599975862677f,-0.042849005512808375f,-0.09109065293896434f,0.016683103418276404f,0.9978077341640448f,-0.06404217128384909f,0.4426491154267308f,0.04186151430440876f,-0.06469196701545193f,-0.9970268617363393f,0.1960874509440664f,0f,0f,0f,1f],start_interpolation:0}
execute if entity @s[tag=aj.lexiel.bone.leftupper] run data modify entity @s {} merge value {transformation:[-0.9997117703557622f,0.02378960938274464f,-0.003229659047710208f,0.13602481466481833f,0.023803630874770207f,0.9646899566940809f,-0.26231026402096835f,0.699174526516113f,-0.003124639071271245f,-0.2623115360387127f,-0.964978183531465f,-0.004325734812618678f,0f,0f,0f,1f],start_interpolation:0}
execute if entity @s[tag=aj.lexiel.bone.leftfoot] run data modify entity @s {} merge value {transformation:[-0.9998054072292681f,-0.019721827462618056f,-0.00044406829659049586f,0.135371114183598f,-0.019140855233358747f,0.9753069623682533f,-0.22002262796573024f,0.44775126664656956f,0.004772351208043656f,-0.21997131330595193f,-0.9754946673285313f,0.18836660165154512f,0f,0f,0f,1f],start_interpolation:0}
execute if entity @s[tag=aj.lexiel.bone.lower] run data modify entity @s {} merge value {transformation:[-1f,2.962688750897932e-17f,1.1882695554102554e-16f,0f,0f,0.9702957262759965f,-0.24192189559966767f,0.6572471899290138f,-1.2246467991473532e-16f,-0.24192189559966767f,-0.9702957262759965f,0f,0f,0f,0f,1f],start_interpolation:0}