execute if entity @s[tag=aj.lexiel.bone.backhair] run data modify entity @s {} merge value {transformation:[-0.9952618437682604f,0.09723082016527385f,-0.00017305776727352673f,-0.0015652000345144344f,0.09723022778908987f,0.9952456533118856f,-0.005689672036218941f,1.5068481585223212f,-0.00038097648790214045f,-0.005679539927336649f,-0.9999837987103238f,-0.26553195372106514f,0f,0f,0f,1f],start_interpolation:0}
execute if entity @s[tag=aj.lexiel.bone.head] run data modify entity @s {} merge value {transformation:[-0.9952618437682604f,0.09723082016527385f,-0.00017305776727352673f,0f,0.09723022778908987f,0.9952456533118856f,-0.005689672036218941f,1.5239101909899402f,-0.00038097648790214045f,-0.005679539927336649f,-0.9999837987103238f,0f,0f,0f,0f,1f],start_interpolation:0}
execute if entity @s[tag=aj.lexiel.bone.ring] run data modify entity @s {} merge value {transformation:[-0.9614638770465722f,0.16953202249987687f,0.216439613938103f,0f,0.17364817766693033f,0.984807753012208f,0f,0.9614101909899402f,-0.21315140986521297f,0.037584344535285516f,-0.9762960071199334f,0f,0f,0f,0f,1f],start_interpolation:0}
execute if entity @s[tag=aj.lexiel.bone.bust] run data modify entity @s {} merge value {transformation:[-0.9762960071199334f,0.10821980696905148f,0.18744220405569367f,-0.01555659725180114f,0f,0.8660254037844387f,-0.49999999999999994f,1.4145351909899402f,-0.216439613938103f,-0.4881480035599666f,-0.8454971437791755f,0.07017127551174529f,0f,0f,0f,1f],start_interpolation:0}
execute if entity @s[tag=aj.lexiel.bone.left_wing] run data modify entity @s {} merge value {transformation:[-0.8774117065436238f,0f,-0.4797381548513793f,0.14909195263225458f,0f,1f,0f,1.1801601909899402f,0.4797381548513793f,0f,-0.8774117065436238f,-0.09498204914772879f,0f,0f,0f,1f],start_interpolation:0}
execute if entity @s[tag=aj.lexiel.bone.right_wing] run data modify entity @s {} merge value {transformation:[-0.8232812628888961f,0f,0.5676336513774219f,-0.09498204914772884f,0f,1f,0f,1.1801601909899402f,-0.5676336513774219f,0f,-0.8232812628888961f,-0.1490919526322545f,0f,0f,0f,1f],start_interpolation:0}
execute if entity @s[tag=aj.lexiel.bone.body] run data modify entity @s {} merge value {transformation:[-0.9762960071199334f,0f,0.216439613938103f,0.3799281965909152f,0f,1f,0f,0.24266019098994018f,-0.216439613938103f,0f,-0.9762960071199334f,0.5963678105290182f,0f,0f,0f,1f],start_interpolation:0}
execute if entity @s[tag=aj.lexiel.bone.sword] run data modify entity @s {} merge value {transformation:[-1.0165377815706145f,-0.1392606780312284f,0.5330773533867073f,-0.3817652604349814f,0.302994614867188f,0.7930563385302702f,0.7849649481208991f,0.7010217272900252f,-0.4601730810260183f,0.8298085140387774f,-0.6607364285611759f,-0.13264842285441997f,0f,0f,0f,1f],start_interpolation:0}
execute if entity @s[tag=aj.lexiel.bone.rod] run data modify entity @s {} merge value {transformation:[-0.000009714100123876045f,-8.406591673448352e-7f,0.0000022202592073157854f,-0.40559411917617844f,9.992098057089077e-7f,0.0000070356797739868455f,0.000007035679773986846f,0.7034134474243368f,-0.0000021535641498424415f,0.0000070563802535203215f,-0.000006750530288076775f,-0.024053677776818105f,0f,0f,0f,1f],start_interpolation:0}
execute if entity @s[tag=aj.lexiel.bone.right_hand] run data modify entity @s {} merge value {transformation:[-0.9714100123876044f,0.09755245435886908f,0.216439613938103f,-0.3659342070992384f,0.09992098057089076f,0.9949953756886268f,0f,1.1223466667300848f,-0.21535641498424413f,0.021626858459080286f,-0.9762960071199334f,-0.0811256605923774f,0f,0f,0f,1f],start_interpolation:0}
execute if entity @s[tag=aj.lexiel.bone.right_arm] run data modify entity @s {} merge value {transformation:[-0.9714100123876044f,0.09755245435886908f,0.216439613938103f,-0.3050925022249792f,0.09992098057089076f,0.9949953756886268f,0f,1.4301601909899402f,-0.21535641498424413f,0.021626858459080286f,-0.9762960071199334f,-0.06763737935565718f,0f,0f,0f,1f],start_interpolation:0}
execute if entity @s[tag=aj.lexiel.bone.left_hand] run data modify entity @s {} merge value {transformation:[-0.9580529085278893f,-0.2123482666207463f,0.19246516080687504f,0.4019605857664603f,-0.18992161543661493f,0.9733518059120735f,0.12851475369642124f,1.1259877516424173f,-0.21462619702915667f,0.0865706393118921f,-0.9728520545067126f,0.04734779250625661f,0f,0f,0f,1f],start_interpolation:0}
execute if entity @s[tag=aj.lexiel.bone.left_arm] run data modify entity @s {} merge value {transformation:[-0.9580529085278893f,-0.2123482666207463f,0.19246516080687504f,0.3356017524474771f,-0.18992161543661493f,0.9733518059120735f,0.12851475369642124f,1.4301601909899402f,-0.21462619702915667f,0.0865706393118921f,-0.9728520545067126f,0.0744011172912229f,0f,0f,0f,1f],start_interpolation:0}
execute if entity @s[tag=aj.lexiel.bone.skirt_right] run data modify entity @s {} merge value {transformation:[-1f,3.357667075337034e-17f,1.1777183452650444e-16f,-0.21875f,0f,0.9616800093586311f,-0.27417432337836284f,0.7292016774500464f,-1.2246467991473532e-16f,-0.27417432337836284f,-0.9616800093586311f,0.07660111178714439f,0f,0f,0f,1f],start_interpolation:0}
execute if entity @s[tag=aj.lexiel.bone.skirt_left] run data modify entity @s {} merge value {transformation:[-1f,2.4415530273663994e-17f,1.2000616529193144e-16f,0.21875f,0f,0.9799247046208297f,-0.19936793441719713f,0.7292016774500464f,-1.2246467991473532e-16f,-0.19936793441719713f,-0.9799247046208297f,0.07660111178714445f,0f,0f,0f,1f],start_interpolation:0}
execute if entity @s[tag=aj.lexiel.bone.skirt_back_middle] run data modify entity @s {} merge value {transformation:[-1f,8.542704229054945e-18f,1.221663621095163e-16f,2.5890831079099144e-17f,0f,0.9975640502598242f,-0.06975647374412527f,0.7218046272048896f,-1.2246467991473532e-16f,-0.06975647374412527f,-0.9975640502598242f,-0.21141467970295885f,0f,0f,0f,1f],start_interpolation:0}
execute if entity @s[tag=aj.lexiel.bone.skirt_front_middle] run data modify entity @s {} merge value {transformation:[-1f,3.91595019110723e-17f,1.160350431408344e-16f,-1.8669277248785437e-17f,0f,0.9474980314456586f,-0.3197615993308166f,0.812525338054765f,-1.2246467991473532e-16f,-0.3197615993308166f,-0.9474980314456586f,0.15244621765053987f,0f,0f,0f,1f],start_interpolation:0}
execute if entity @s[tag=aj.lexiel.bone.skirt] run data modify entity @s {} merge value {transformation:[-1f,2.962688750897932e-17f,1.1882695554102554e-16f,-8.825426495332135e-18f,0f,0.9702957262759965f,-0.24192189559966767f,0.7473947223177213f,-1.2246467991473532e-16f,-0.24192189559966767f,-0.9702957262759965f,0.07206507624465064f,0f,0f,0f,1f],start_interpolation:0}
execute if entity @s[tag=aj.lexiel.bone.rightupper] run data modify entity @s {} merge value {transformation:[-0.998151710262866f,-0.0444782307705733f,-0.04141075086056067f,-0.1378338539758418f,-0.0247939728135395f,0.920178223568278f,-0.390713828502204f,0.6884897612401714f,0.05548353099287447f,-0.388964939111802f,-0.9195802596458424f,-0.004498050892631014f,0f,0f,0f,1f],start_interpolation:0}
execute if entity @s[tag=aj.lexiel.bone.rightfoot] run data modify entity @s {} merge value {transformation:[-0.9989841278421179f,0.01445043352674445f,-0.0426836888098049f,-0.09124686280436843f,0.016683103418276404f,0.9984856065737929f,-0.05242296753618436f,0.43240306785551985f,0.04186151430440875f,-0.05308180889771835f,-0.9977123509229942f,0.1931204698767453f,0f,0f,0f,1f],start_interpolation:0}
execute if entity @s[tag=aj.lexiel.bone.leftupper] run data modify entity @s {} merge value {transformation:[-0.9999764043449956f,0.006339948680673176f,-0.002644958219023745f,0.1358476912950527f,0.006816856824664731f,0.9634031213620393f,-0.26797006588966554f,0.6908125710803341f,0.0008492445383825671f,-0.26798177326192557f,-0.9634236077567894f,-0.004380444682172989f,0f,0f,0f,1f],start_interpolation:0}
execute if entity @s[tag=aj.lexiel.bone.leftfoot] run data modify entity @s {} merge value {transformation:[-0.9993085660193995f,-0.03717532419849069f,-0.0006206053402980843f,0.14024001062440097f,-0.03607608416535614f,0.9735278312589319f,-0.22570351772973013f,0.4405464044096644f,0.008994778015350615f,-0.22552506963754068f,-0.9741958411599985f,0.18976376154258978f,0f,0f,0f,1f],start_interpolation:0}
execute if entity @s[tag=aj.lexiel.bone.lower] run data modify entity @s {} merge value {transformation:[-1f,2.962688750897932e-17f,1.1882695554102554e-16f,0f,0f,0.9702957262759965f,-0.24192189559966767f,0.6489101909899402f,-1.2246467991473532e-16f,-0.24192189559966767f,-0.9702957262759965f,0f,0f,0f,0f,1f],start_interpolation:0}