execute if entity @s[tag=aj.lexiel.bone.backhair] run data modify entity @s {} merge value {transformation:[-0.9934593427401497f,0.1141861406931714f,-0.0002441227334086249f,-0.0018490035493924691f,0.11418567457383513f,0.9934431170796777f,-0.005692525725186564f,1.4946649734679476f,-0.0004074854941281958f,-0.005683168184468318f,-0.9999837676457349f,-0.26553188877801603f,0f,0f,0f,1f],start_interpolation:0}
execute if entity @s[tag=aj.lexiel.bone.head] run data modify entity @s {} merge value {transformation:[-0.9934593427401497f,0.1141861406931714f,-0.0002441227334086249f,0f,0.11418567457383513f,0.9934431170796777f,-0.005692525725186564f,1.5116995993180702f,-0.0004074854941281958f,-0.005683168184468318f,-0.9999837676457349f,0f,0f,0f,0f,1f],start_interpolation:0}
execute if entity @s[tag=aj.lexiel.bone.ring] run data modify entity @s {} merge value {transformation:[-0.9614638770465722f,0.16953202249987687f,0.216439613938103f,0f,0.17364817766693033f,0.984807753012208f,0f,0.9491995993180702f,-0.21315140986521297f,0.037584344535285516f,-0.9762960071199334f,0f,0f,0f,0f,1f],start_interpolation:0}
execute if entity @s[tag=aj.lexiel.bone.bust] run data modify entity @s {} merge value {transformation:[-0.9762960071199334f,0.10821980696905148f,0.18744220405569367f,-0.01555659725180114f,0f,0.8660254037844387f,-0.49999999999999994f,1.4023245993180702f,-0.216439613938103f,-0.4881480035599666f,-0.8454971437791755f,0.07017127551174529f,0f,0f,0f,1f],start_interpolation:0}
execute if entity @s[tag=aj.lexiel.bone.left_wing] run data modify entity @s {} merge value {transformation:[-0.8914450429863257f,0f,-0.4531288286294617f,0.14909195263225458f,0f,1f,0f,1.1679495993180702f,0.4531288286294617f,0f,-0.8914450429863257f,-0.09498204914772879f,0f,0f,0f,1f],start_interpolation:0}
execute if entity @s[tag=aj.lexiel.bone.right_wing] run data modify entity @s {} merge value {transformation:[-0.8440401818967911f,0f,0.536279937480074f,-0.09498204914772884f,0f,1f,0f,1.1679495993180702f,-0.536279937480074f,0f,-0.8440401818967911f,-0.1490919526322545f,0f,0f,0f,1f],start_interpolation:0}
execute if entity @s[tag=aj.lexiel.bone.body] run data modify entity @s {} merge value {transformation:[-0.9762960071199334f,0f,0.216439613938103f,0.3799281965909152f,0f,1f,0f,0.2304495993180702f,-0.216439613938103f,0f,-0.9762960071199334f,0.5963678105290182f,0f,0f,0f,1f],start_interpolation:0}
execute if entity @s[tag=aj.lexiel.locator_origin.locator_right_hand] at @s on origin run tp @s ^-0.32022 ^0.60489 ^-0.03898 ~12.5 ~0
execute if entity @s[tag=aj.lexiel.bone.sword] run data modify entity @s {} merge value {transformation:[-1.0302588165089424f,-0.13422074977166934f,0.5074107052835253f,-0.3452823109718817f,0.24680505782251816f,0.8626245849079623f,0.729301139067799f,0.6852200435985525f,-0.4632149575940064f,0.7581409356729768f,-0.7399785721344141f,-0.12456034768097865f,0f,0f,0f,1f],start_interpolation:0}
execute if entity @s[tag=aj.lexiel.bone.rod] run data modify entity @s {} merge value {transformation:[-0.000009751254175389963f,-0.000001192501084326157f,0.0000018684172903344633f,-0.3692307187876487f,4.895492036193934e-7f,0.000007062589524290493f,0.000007062589524290494f,0.6876210075145925f,-0.000002161801004758638f,0.000006978378778431502f,-0.000006828531763165594f,-0.015992352216169806f,0f,0f,0f,1f],start_interpolation:0}
execute if entity @s[tag=aj.lexiel.bone.right_hand] run data modify entity @s {} merge value {transformation:[-0.9751254175389962f,0.04779449327823569f,0.216439613938103f,-0.35050095067252146f,0.04895492036193933f,0.9988009890725761f,0f,1.1073541314942008f,-0.21618010047586378f,0.010595784063508727f,-0.9762960071199334f,-0.0777041900153744f,0f,0f,0f,1f],start_interpolation:0}
execute if entity @s[tag=aj.lexiel.bone.right_arm] run data modify entity @s {} merge value {transformation:[-0.9751254175389962f,0.04779449327823569f,0.216439613938103f,-0.3050925022249792f,0.04895492036193933f,0.9988009890725761f,0f,1.4179495993180702f,-0.21618010047586378f,0.010595784063508727f,-0.9762960071199334f,-0.06763737935565718f,0f,0f,0f,1f],start_interpolation:0}
execute if entity @s[tag=aj.lexiel.locator_origin.locator_left_hand] at @s on origin run tp @s ^0.48272 ^0.68273 ^0.0385 ~11.19056 ~7.38436
execute if entity @s[tag=aj.lexiel.bone.left_hand] run data modify entity @s {} merge value {transformation:[-0.9598282601583829f,-0.20417559175718336f,0.19246308407571483f,0.3994066248715969f,-0.1816173371744346f,0.9749340998718494f,0.12852487597634324f,1.1132826931081172f,-0.21388046623990561f,0.08840717526123482f,-0.9728511281400304f,0.04677387502208702f,0f,0f,0f,1f],start_interpolation:0}
execute if entity @s[tag=aj.lexiel.bone.left_arm] run data modify entity @s {} merge value {transformation:[-0.9598282601583829f,-0.20417559175718336f,0.19246308407571483f,0.3356017524474771f,-0.1816173371744346f,0.9749340998718494f,0.12852487597634324f,1.4179495993180702f,-0.21388046623990561f,0.08840717526123482f,-0.9728511281400304f,0.0744011172912229f,0f,0f,0f,1f],start_interpolation:0}
execute if entity @s[tag=aj.lexiel.bone.skirt_right] run data modify entity @s {} merge value {transformation:[-1f,3.156397236327469e-17f,1.183271459778736e-16f,-0.21875f,0f,0.9662144714725712f,-0.2577393938011413f,0.7169910857781764f,-1.2246467991473532e-16f,-0.2577393938011413f,-0.9662144714725712f,0.07660111178714439f,0f,0f,0f,1f],start_interpolation:0}
execute if entity @s[tag=aj.lexiel.bone.skirt_left] run data modify entity @s {} merge value {transformation:[-1f,2.4415530273663994e-17f,1.2000616529193144e-16f,0.21875f,0f,0.9799247046208297f,-0.19936793441719713f,0.7169910857781764f,-1.2246467991473532e-16f,-0.19936793441719713f,-0.9799247046208297f,0.07660111178714445f,0f,0f,0f,1f],start_interpolation:0}
execute if entity @s[tag=aj.lexiel.bone.skirt_back_middle] run data modify entity @s {} merge value {transformation:[-1f,8.542704229054945e-18f,1.221663621095163e-16f,2.5890831079099144e-17f,0f,0.9975640502598242f,-0.06975647374412527f,0.7095940355330196f,-1.2246467991473532e-16f,-0.06975647374412527f,-0.9975640502598242f,-0.21141467970295885f,0f,0f,0f,1f],start_interpolation:0}
execute if entity @s[tag=aj.lexiel.bone.skirt_front_middle] run data modify entity @s {} merge value {transformation:[-1f,3.533469192922485e-17f,1.172563745511746e-16f,-1.8669277248785437e-17f,0f,0.9574709592415793f,-0.2885296556837958f,0.800314746382895f,-1.2246467991473532e-16f,-0.2885296556837958f,-0.9574709592415793f,0.15244621765053987f,0f,0f,0f,1f],start_interpolation:0}
execute if entity @s[tag=aj.lexiel.bone.skirt] run data modify entity @s {} merge value {transformation:[-1f,2.962688750897932e-17f,1.1882695554102554e-16f,-8.825426495332135e-18f,0f,0.9702957262759965f,-0.24192189559966767f,0.7351841306458513f,-1.2246467991473532e-16f,-0.24192189559966767f,-0.9702957262759965f,0.07206507624465064f,0f,0f,0f,1f],start_interpolation:0}
execute if entity @s[tag=aj.lexiel.bone.rightupper] run data modify entity @s {} merge value {transformation:[-0.9981851678093749f,-0.043710694708846566f,-0.041421563628623335f,-0.13782343564123914f,-0.025020464650397693f,0.9267008317492821f,-0.37496605817575945f,0.6769073726699238f,0.05477542436210128f,-0.37324917093445614f,-0.9261126871405514f,-0.004506151851706927f,0f,0f,0f,1f],start_interpolation:0}
execute if entity @s[tag=aj.lexiel.bone.rightfoot] run data modify entity @s {} merge value {transformation:[-0.9989841248739492f,0.015176094272847952f,-0.04243117264996889f,-0.09147627893956832f,0.016683177535819736f,0.999234218434851f,-0.03539277180725908f,0.4174591409911577f,0.04186155559864153f,-0.036064703957110644f,-0.9984723067222985f,0.18873529845268172f,0f,0f,0f,1f],start_interpolation:0}
execute if entity @s[tag=aj.lexiel.bone.leftupper] run data modify entity @s {} merge value {transformation:[-0.999814525674084f,-0.019206649026664184f,-0.0014208744747595601f,0.13559523875379081f,-0.018067059730766603f,0.9609263053951325f,-0.27621407812120236f,0.6785601328950126f,0.006670502514158488f,-0.2761371764772489f,-0.961095085911577f,-0.004456929335335945f,0f,0f,0f,1f],start_interpolation:0}
execute if entity @s[tag=aj.lexiel.bone.leftfoot] run data modify entity @s {} merge value {transformation:[-0.998031056966534f,-0.06271958930647935f,-0.0005122962906188514f,0.14732742484326788f,-0.06085857950487729f,0.970328929525254f,-0.2340042773690758f,0.43015700208355323f,0.015173748083823858f,-0.23351235865281603f,-0.9722354322516163f,0.19176354963576608f,0f,0f,0f,1f],start_interpolation:0}
execute if entity @s[tag=aj.lexiel.bone.lower] run data modify entity @s {} merge value {transformation:[-1f,2.962688750897932e-17f,1.1882695554102554e-16f,0f,0f,0.9702957262759965f,-0.24192189559966767f,0.6366995993180702f,-1.2246467991473532e-16f,-0.24192189559966767f,-0.9702957262759965f,0f,0f,0f,0f,1f],start_interpolation:0}