execute if entity @s[tag=aj.lexiel.bone.backhair] run data modify entity @s {} merge value {transformation:[-0.9984395393527363f,0.05584275529937391f,-0.0002700697501602789f,-0.0009442803289390414f,0.05584338770464712f,0.9984233344294245f,-0.0056887007741687435f,1.536531598020799f,-0.00004802878481971473f,-0.005694905390242092f,-0.9999837827414163f,-0.26553170939396614f,0f,0f,0f,1f],start_interpolation:0}
execute if entity @s[tag=aj.lexiel.bone.head] run data modify entity @s {} merge value {transformation:[-0.9984395393527363f,0.05584275529937391f,-0.0002700697501602789f,0f,0.05584338770464712f,0.9984233344294245f,-0.0056887007741687435f,1.5536430237643972f,-0.00004802878481971473f,-0.005694905390242092f,-0.9999837827414163f,0f,0f,0f,0f,1f],start_interpolation:0}
execute if entity @s[tag=aj.lexiel.bone.ring] run data modify entity @s {} merge value {transformation:[-0.9614638770465722f,0.16953202249987687f,0.216439613938103f,0f,0.17364817766693033f,0.984807753012208f,0f,0.9911430237643972f,-0.21315140986521297f,0.037584344535285516f,-0.9762960071199334f,0f,0f,0f,0f,1f],start_interpolation:0}
execute if entity @s[tag=aj.lexiel.bone.bust] run data modify entity @s {} merge value {transformation:[-0.9762960071199334f,0.10821980696905148f,0.18744220405569367f,-0.01555659725180114f,0f,0.8660254037844387f,-0.49999999999999994f,1.4442680237643972f,-0.216439613938103f,-0.4881480035599666f,-0.8454971437791755f,0.07017127551174529f,0f,0f,0f,1f],start_interpolation:0}
execute if entity @s[tag=aj.lexiel.bone.left_wing] run data modify entity @s {} merge value {transformation:[-0.8351861510259944f,0f,-0.5499673564261655f,0.14909195263225458f,0f,1f,0f,1.2098930237643972f,0.5499673564261655f,0f,-0.8351861510259944f,-0.09498204914772879f,0f,0f,0f,1f],start_interpolation:0}
execute if entity @s[tag=aj.lexiel.bone.right_wing] run data modify entity @s {} merge value {transformation:[-0.7609048565824265f,0f,0.648863467325197f,-0.09498204914772884f,0f,1f,0f,1.2098930237643972f,-0.648863467325197f,0f,-0.7609048565824265f,-0.1490919526322545f,0f,0f,0f,1f],start_interpolation:0}
execute if entity @s[tag=aj.lexiel.bone.body] run data modify entity @s {} merge value {transformation:[-0.9762960071199334f,0f,0.216439613938103f,0.3799281965909152f,0f,1f,0f,0.2723930237643972f,-0.216439613938103f,0f,-0.9762960071199334f,0.5963678105290182f,0f,0f,0f,1f],start_interpolation:0}
execute if entity @s[tag=aj.lexiel.bone.sword] run data modify entity @s {} merge value {transformation:[-0.9715684273029761f,-0.10413103339514473f,0.6181630702752153f,-0.46946371172067025f,0.43621733311230226f,0.7065476280307578f,0.8046234834483149f,0.7474340503805815f,-0.450203611558606f,0.9093191077439039f,-0.5544091728420614f,-0.15209070142650905f,0f,0f,0f,1f],start_interpolation:0}
execute if entity @s[tag=aj.lexiel.bone.rod] run data modify entity @s {} merge value {transformation:[-0.000009517856090096417f,6.714322727525009e-9f,0.0000030676326973881456f,-0.4930044400429607f,0.000002226672658487472f,0.000006893545128304606f,0.000006893545128304607f,0.7497775467780046f,-0.000002110057894977977f,0.0000072442384335344846f,-0.000006562672108062612f,-0.0434323255939275f,0f,0f,0f,1f],start_interpolation:0}
execute if entity @s[tag=aj.lexiel.bone.right_hand] run data modify entity @s {} merge value {transformation:[-0.9517856090096416f,0.21738916256444457f,0.216439613938103f,-0.40276991580791943f,0.2226672658487472f,0.9748945013279351f,0f,1.1621968441571908f,-0.2110057894977977f,0.048194017056955786f,-0.9762960071199334f,-0.08929194060776205f,0f,0f,0f,1f],start_interpolation:0}
execute if entity @s[tag=aj.lexiel.bone.right_arm] run data modify entity @s {} merge value {transformation:[-0.9517856090096416f,0.21738916256444457f,0.216439613938103f,-0.3050925022249792f,0.2226672658487472f,0.9748945013279351f,0f,1.4598930237643972f,-0.2110057894977977f,0.048194017056955786f,-0.9762960071199334f,-0.06763737935565718f,0f,0f,0f,1f],start_interpolation:0}
execute if entity @s[tag=aj.lexiel.bone.left_hand] run data modify entity @s {} merge value {transformation:[-0.953438878753462f,-0.23219050260204274f,0.19246265867110918f,0.40816128451061545f,-0.21008340448280574f,0.9691983085124528f,0.12852860357723545f,1.1570185523542558f,-0.21637760429918557f,0.08211095711298877f,-0.9728507198330759f,0.048741443193413905f,0f,0f,0f,1f],start_interpolation:0}
execute if entity @s[tag=aj.lexiel.bone.left_arm] run data modify entity @s {} merge value {transformation:[-0.953438878753462f,-0.23219050260204274f,0.19246265867110918f,0.3356017524474771f,-0.21008340448280574f,0.9691983085124528f,0.12852860357723545f,1.4598930237643972f,-0.21637760429918557f,0.08211095711298877f,-0.9728507198330759f,0.0744011172912229f,0f,0f,0f,1f],start_interpolation:0}
execute if entity @s[tag=aj.lexiel.bone.skirt_right] run data modify entity @s {} merge value {transformation:[-1f,3.843561812301283e-17f,1.1627682953245887e-16f,-0.21875f,0f,0.949472367162641f,-0.3138506396274681f,0.7589345102245034f,-1.2246467991473532e-16f,-0.3138506396274681f,-0.949472367162641f,0.07660111178714439f,0f,0f,0f,1f],start_interpolation:0}
execute if entity @s[tag=aj.lexiel.bone.skirt_left] run data modify entity @s {} merge value {transformation:[-1f,2.4415530273663994e-17f,1.2000616529193144e-16f,0.21875f,0f,0.9799247046208297f,-0.19936793441719713f,0.7589345102245034f,-1.2246467991473532e-16f,-0.19936793441719713f,-0.9799247046208297f,0.07660111178714445f,0f,0f,0f,1f],start_interpolation:0}
execute if entity @s[tag=aj.lexiel.bone.skirt_back_middle] run data modify entity @s {} merge value {transformation:[-1f,8.542704229054945e-18f,1.221663621095163e-16f,2.5890831079099144e-17f,0f,0.9975640502598242f,-0.06975647374412527f,0.7515374599793466f,-1.2246467991473532e-16f,-0.06975647374412527f,-0.9975640502598242f,-0.21141467970295885f,0f,0f,0f,1f],start_interpolation:0}
execute if entity @s[tag=aj.lexiel.bone.skirt_front_middle] run data modify entity @s {} merge value {transformation:[-1f,3.8323710363507373e-17f,1.1631376122623056e-16f,-1.8669277248785437e-17f,0f,0.9497739373279931f,-0.31293684342448636f,0.842258170829222f,-1.2246467991473532e-16f,-0.31293684342448636f,-0.9497739373279931f,0.15244621765053987f,0f,0f,0f,1f],start_interpolation:0}
execute if entity @s[tag=aj.lexiel.bone.skirt] run data modify entity @s {} merge value {transformation:[-1f,2.962688750897932e-17f,1.1882695554102554e-16f,-8.825426495332135e-18f,0f,0.9702957262759965f,-0.24192189559966767f,0.7771275550921783f,-1.2246467991473532e-16f,-0.24192189559966767f,-0.9702957262759965f,0.07206507624465064f,0f,0f,0f,1f],start_interpolation:0}
execute if entity @s[tag=aj.lexiel.bone.rightupper] run data modify entity @s {} merge value {transformation:[-0.9980701132711804f,-0.04634531540238932f,-0.041329901223038035f,-0.13785643648423257f,-0.02419194962853709f,0.9031819511257163f,-0.4285756791208697f,0.7166933355955581f,0.05719089584910653f,-0.42674872571689937f,-0.9025600958002626f,-0.004433866068838367f,0f,0f,0f,1f],start_interpolation:0}
execute if entity @s[tag=aj.lexiel.bone.rightfoot] run data modify entity @s {} merge value {transformation:[-0.9989841248739492f,0.012666554714974349f,-0.04324669515098774f,-0.09069149127415271f,0.01668317753582092f,0.9954495862141404f,-0.09381787086373783f,0.46910128781724647f,0.04186155559864188f,-0.09444405591538979f,-0.9946496521213448f,0.2035982174942117f,0f,0f,0f,1f],start_interpolation:0}
execute if entity @s[tag=aj.lexiel.bone.leftupper] run data modify entity @s {} merge value {transformation:[-0.9976408398230563f,0.0685444948714894f,-0.003795647502016354f,0.13649625055826284f,0.06734670155809007f,0.9664904015198471f,-0.24771097181846913f,0.7206201526983367f,-0.01331076655917112f,-0.24738220629790098f,-0.9688265414927433f,-0.004176108807621398f,0f,0f,0f,1f],start_interpolation:0}
execute if entity @s[tag=aj.lexiel.bone.leftfoot] run data modify entity @s {} merge value {transformation:[-0.9996854324391707f,0.025063007828177934f,0.0009390460654083267f,0.1227800855419271f,0.02433559265835764f,0.9783682110399267f,-0.2054347160450251f,0.46665926370741706f,-0.006067544715513602f,-0.20534724070495397f,-0.9786703712874867f,0.18466236617882903f,0f,0f,0f,1f],start_interpolation:0}
execute if entity @s[tag=aj.lexiel.bone.lower] run data modify entity @s {} merge value {transformation:[-1f,2.962688750897932e-17f,1.1882695554102554e-16f,0f,0f,0.9702957262759965f,-0.24192189559966767f,0.6786430237643972f,-1.2246467991473532e-16f,-0.24192189559966767f,-0.9702957262759965f,0f,0f,0f,0f,1f],start_interpolation:0}