execute if entity @s[tag=aj.lexiel.bone.backhair] run data modify entity @s {} merge value {transformation:[-0.9990334770017217f,0.043954250462970884f,-0.00036836950024321524f,-0.0007846333119860241f,0.043955636281344336f,0.9990172617871085f,-0.005693214425091725f,1.5450482068352087f,0.00011776651667902427f,-0.005703903718185577f,-0.9999837256742838f,-0.265531553636635f,0f,0f,0f,1f],start_interpolation:0}
execute if entity @s[tag=aj.lexiel.bone.head] run data modify entity @s {} merge value {transformation:[-0.9990334770017217f,0.043954250462970884f,-0.00036836950024321524f,0f,0.043955636281344336f,0.9990172617871085f,-0.005693214425091725f,1.5621701116322972f,0.00011776651667902427f,-0.005703903718185577f,-0.9999837256742838f,0f,0f,0f,0f,1f],start_interpolation:0}
execute if entity @s[tag=aj.lexiel.bone.ring] run data modify entity @s {} merge value {transformation:[-0.9614638770465722f,0.16953202249987687f,0.216439613938103f,0f,0.17364817766693033f,0.984807753012208f,0f,0.9996701116322972f,-0.21315140986521297f,0.037584344535285516f,-0.9762960071199334f,0f,0f,0f,0f,1f],start_interpolation:0}
execute if entity @s[tag=aj.lexiel.bone.bust] run data modify entity @s {} merge value {transformation:[-0.9762960071199334f,0.10821980696905148f,0.18744220405569367f,-0.01555659725180114f,0f,0.8660254037844387f,-0.49999999999999994f,1.4527951116322972f,-0.216439613938103f,-0.4881480035599666f,-0.8454971437791755f,0.07017127551174529f,0f,0f,0f,1f],start_interpolation:0}
execute if entity @s[tag=aj.lexiel.bone.left_wing] run data modify entity @s {} merge value {transformation:[-0.8192918929928218f,0f,-0.573376659863513f,0.14909195263225458f,0f,1f,0f,1.2184201116322972f,0.573376659863513f,0f,-0.8192918929928218f,-0.09498204914772879f,0f,0f,0f,1f],start_interpolation:0}
execute if entity @s[tag=aj.lexiel.bone.right_wing] run data modify entity @s {} merge value {transformation:[-0.7374832403869954f,0f,0.675365434522894f,-0.09498204914772884f,0f,1f,0f,1.2184201116322972f,-0.675365434522894f,0f,-0.7374832403869954f,-0.1490919526322545f,0f,0f,0f,1f],start_interpolation:0}
execute if entity @s[tag=aj.lexiel.bone.body] run data modify entity @s {} merge value {transformation:[-0.9762960071199334f,0f,0.216439613938103f,0.3799281965909152f,0f,1f,0f,0.28092011163229724f,-0.216439613938103f,0f,-0.9762960071199334f,0.5963678105290182f,0f,0f,0f,1f],start_interpolation:0}
execute if entity @s[tag=aj.lexiel.bone.sword] run data modify entity @s {} merge value {transformation:[-0.9557197312316226f,-0.06773911349877076f,0.6472443667865759f,-0.49417524012161995f,0.4732672210694856f,0.7169850577450181f,0.7738634420435815f,0.7627941144068668f,-0.44669004387351396f,0.904576089653476f,-0.564910758643792f,-0.15756911537874901f,0f,0f,0f,1f],start_interpolation:0}
execute if entity @s[tag=aj.lexiel.bone.rod] run data modify entity @s {} merge value {transformation:[-0.000009434214224659348f,2.4591229902434975e-7f,0.00000330683067368497f,-0.5176347280362634f,0.000002573162882460714f,0.000006832965417017947f,0.000006832965417017948f,0.7651169235013568f,-0.00000209151493983708f,0.000007297267348194483f,-0.000006509643193402613f,-0.04889248276036424f,0f,0f,0f,1f],start_interpolation:0}
execute if entity @s[tag=aj.lexiel.bone.right_hand] run data modify entity @s {} merge value {transformation:[-0.9434214224659347f,0.25121686478156136f,0.216439613938103f,-0.4130796919212776f,0.2573162882460714f,0.9663272363973111f,0f,1.1744839842658272f,-0.209151493983708f,0.05569343808796532f,-0.9762960071199334f,-0.09157756294513722f,0f,0f,0f,1f],start_interpolation:0}
execute if entity @s[tag=aj.lexiel.bone.right_arm] run data modify entity @s {} merge value {transformation:[-0.9434214224659347f,0.25121686478156136f,0.216439613938103f,-0.3050925022249792f,0.2573162882460714f,0.9663272363973111f,0f,1.4684201116322972f,-0.209151493983708f,0.05569343808796532f,-0.9762960071199334f,-0.06763737935565718f,0f,0f,0f,1f],start_interpolation:0}
execute if entity @s[tag=aj.lexiel.bone.left_hand] run data modify entity @s {} merge value {transformation:[-0.9520396851633501f,-0.23786491543088323f,0.19245965780164942f,0.4099345385196281f,-0.21584922254679872f,0.9679286828184409f,0.1285425147696302f,1.1659423982515345f,-0.21686297747658956f,0.08083530778327502f,-0.9728494755179609f,0.04914008360894945f,0f,0f,0f,1f],start_interpolation:0}
execute if entity @s[tag=aj.lexiel.bone.left_arm] run data modify entity @s {} merge value {transformation:[-0.9520396851633501f,-0.23786491543088323f,0.19245965780164942f,0.3356017524474771f,-0.21584922254679872f,0.9679286828184409f,0.1285425147696302f,1.4684201116322972f,-0.21686297747658956f,0.08083530778327502f,-0.9728494755179609f,0.0744011172912229f,0f,0f,0f,1f],start_interpolation:0}
execute if entity @s[tag=aj.lexiel.bone.skirt_right] run data modify entity @s {} merge value {transformation:[-1f,3.981726023312039e-17f,1.1581098226915504e-16f,-0.21875f,0f,0.9456684355831181f,-0.32513260362777835f,0.7674615980924034f,-1.2246467991473532e-16f,-0.32513260362777835f,-0.9456684355831181f,0.07660111178714439f,0f,0f,0f,1f],start_interpolation:0}
execute if entity @s[tag=aj.lexiel.bone.skirt_left] run data modify entity @s {} merge value {transformation:[-1f,2.4415530273663994e-17f,1.2000616529193144e-16f,0.21875f,0f,0.9799247046208297f,-0.19936793441719713f,0.7674615980924034f,-1.2246467991473532e-16f,-0.19936793441719713f,-0.9799247046208297f,0.07660111178714445f,0f,0f,0f,1f],start_interpolation:0}
execute if entity @s[tag=aj.lexiel.bone.skirt_back_middle] run data modify entity @s {} merge value {transformation:[-1f,8.542704229054945e-18f,1.221663621095163e-16f,2.5890831079099144e-17f,0f,0.9975640502598242f,-0.06975647374412527f,0.7600645478472466f,-1.2246467991473532e-16f,-0.06975647374412527f,-0.9975640502598242f,-0.21141467970295885f,0f,0f,0f,1f],start_interpolation:0}
execute if entity @s[tag=aj.lexiel.bone.skirt_front_middle] run data modify entity @s {} merge value {transformation:[-1f,3.752203256029955e-17f,1.1657484676877084e-16f,-1.8669277248785437e-17f,0f,0.9519058625714351f,-0.30639064738032096f,0.8507852586971221f,-1.2246467991473532e-16f,-0.30639064738032096f,-0.9519058625714351f,0.15244621765053987f,0f,0f,0f,1f],start_interpolation:0}
execute if entity @s[tag=aj.lexiel.bone.skirt] run data modify entity @s {} merge value {transformation:[-1f,2.962688750897932e-17f,1.1882695554102554e-16f,-8.825426495332135e-18f,0f,0.9702957262759965f,-0.24192189559966767f,0.7856546429600784f,-1.2246467991473532e-16f,-0.24192189559966767f,-0.9702957262759965f,0.07206507624465064f,0f,0f,0f,1f],start_interpolation:0}
execute if entity @s[tag=aj.lexiel.bone.rightupper] run data modify entity @s {} merge value {transformation:[-0.9980466943824332f,-0.0468800643286847f,-0.04129231648668291f,-0.13786274595905149f,-0.02400634960521075f,0.8980192651228155f,-0.43930068819307655f,0.724782788438806f,0.05767574022871659f,-0.43745132190543967f,-0.8973905782613573f,-0.004403662188552038f,0f,0f,0f,1f],start_interpolation:0}
execute if entity @s[tag=aj.lexiel.bone.rightfoot] run data modify entity @s {} merge value {transformation:[-0.9989841278421179f,0.012150701301494394f,-0.04339438647342519f,-0.09053314198966134f,0.016683103418276404f,0.9942620568264545f,-0.10566284311697743f,0.4797057619354386f,0.04186151430440875f,-0.106279456213841f,-0.9934547250917034f,0.2065488957351204f,0f,0f,0f,1f],start_interpolation:0}
execute if entity @s[tag=aj.lexiel.bone.leftupper] run data modify entity @s {} merge value {transformation:[-0.9962581747195957f,0.0863501877584473f,-0.0036461456993378966f,0.13669042931924558f,0.08466532086803699f,0.9666058411093946f,-0.24187792659834031f,0.7291612570634578f,-0.017361818645874712f,-0.24128156375338888f,-0.970299837290529f,-0.004112991624705055f,0f,0f,0f,1f],start_interpolation:0}
execute if entity @s[tag=aj.lexiel.bone.leftfoot] run data modify entity @s {} merge value {transformation:[-0.9990781204817936f,0.04288868913816308f,0.0018626643757894783f,0.11772930183998219f,0.04165393975429111f,0.9789851097389608f,-0.19963242274826226f,0.47436362994214615f,-0.010385493609487692f,-0.1993707983968691f,-0.9798690862911649f,0.18313834833800335f,0f,0f,0f,1f],start_interpolation:0}
execute if entity @s[tag=aj.lexiel.bone.lower] run data modify entity @s {} merge value {transformation:[-1f,2.962688750897932e-17f,1.1882695554102554e-16f,0f,0f,0.9702957262759965f,-0.24192189559966767f,0.6871701116322972f,-1.2246467991473532e-16f,-0.24192189559966767f,-0.9702957262759965f,0f,0f,0f,0f,1f],start_interpolation:0}