execute if entity @s[tag=aj.lexiel.bone.backhair] run data modify entity @s {} merge value {transformation:[-0.9972070248943452f,0.0746867969408038f,-0.00017850515970263547f,-0.0012143966352460719f,0.07468660272041013f,0.9971908398185328f,-0.005686858191715367f,1.5230246732887442f,-0.00024672951287998957f,-0.005684306882302769f,-0.9999838137589104f,-0.26553188323467464f,0f,0f,0f,1f],start_interpolation:0}
execute if entity @s[tag=aj.lexiel.bone.head] run data modify entity @s {} merge value {transformation:[-0.9972070248943452f,0.0746867969408038f,-0.00017850515970263547f,0f,0.07468660272041013f,0.9971908398185328f,-0.005686858191715367f,1.5401163518680832f,-0.00024672951287998957f,-0.005684306882302769f,-0.9999838137589104f,0f,0f,0f,0f,1f],start_interpolation:0}
execute if entity @s[tag=aj.lexiel.bone.ring] run data modify entity @s {} merge value {transformation:[-0.9614638770465722f,0.16953202249987687f,0.216439613938103f,0f,0.17364817766693033f,0.984807753012208f,0f,0.9776163518680832f,-0.21315140986521297f,0.037584344535285516f,-0.9762960071199334f,0f,0f,0f,0f,1f],start_interpolation:0}
execute if entity @s[tag=aj.lexiel.bone.bust] run data modify entity @s {} merge value {transformation:[-0.9762960071199334f,0.10821980696905148f,0.18744220405569367f,-0.01555659725180114f,0f,0.8660254037844387f,-0.49999999999999994f,1.4307413518680832f,-0.216439613938103f,-0.4881480035599666f,-0.8454971437791755f,0.07017127551174529f,0f,0f,0f,1f],start_interpolation:0}
execute if entity @s[tag=aj.lexiel.bone.left_wing] run data modify entity @s {} merge value {transformation:[-0.8516834860652291f,0f,-0.524056523252768f,0.14909195263225458f,0f,1f,0f,1.1963663518680832f,0.524056523252768f,0f,-0.8516834860652291f,-0.09498204914772879f,0f,0f,0f,1f],start_interpolation:0}
execute if entity @s[tag=aj.lexiel.bone.right_wing] run data modify entity @s {} merge value {transformation:[-0.7852527631299567f,0f,0.6191753370385227f,-0.09498204914772884f,0f,1f,0f,1.1963663518680832f,-0.6191753370385227f,0f,-0.7852527631299567f,-0.1490919526322545f,0f,0f,0f,1f],start_interpolation:0}
execute if entity @s[tag=aj.lexiel.bone.body] run data modify entity @s {} merge value {transformation:[-0.9762960071199334f,0f,0.216439613938103f,0.3799281965909152f,0f,1f,0f,0.25886635186808316f,-0.216439613938103f,0f,-0.9762960071199334f,0.5963678105290182f,0f,0f,0f,1f],start_interpolation:0}
execute if entity @s[tag=aj.lexiel.bone.sword] run data modify entity @s {} merge value {transformation:[-0.9940332155695076f,-0.08224623194081106f,0.5848483445954888f,-0.42982002562996624f,0.37632381089937356f,0.7942470007157267f,0.7513096257231402f,0.7249330764270132f,-0.455183938858477f,0.8362543403089822f,-0.6560490245550796f,-0.14330190781270782f,0f,0f,0f,1f],start_interpolation:0}
execute if entity @s[tag=aj.lexiel.bone.rod] run data modify entity @s {} merge value {transformation:[-0.000009625628137552856f,-3.766237767575407e-7f,0.00000268429459790308f,-0.4534911394449652f,0.0000016713882618367448f,0.000006971601726941749f,0.00000697160172694175f,0.7273030137684451f,-0.0000021339503826811712f,0.000007159254422890957f,-0.000006647656118706139f,-0.034672191526908855f,0f,0f,0f,1f],start_interpolation:0}
execute if entity @s[tag=aj.lexiel.bone.right_hand] run data modify entity @s {} merge value {transformation:[-0.9625628137552855f,0.16317696863783393f,0.216439613938103f,-0.38616539285415497f,0.16713882618367445f,0.9859333713704712f,0f,1.1434852616330506f,-0.21339503826811712f,0.036175463013262195f,-0.9762960071199334f,-0.08561080649318029f,0f,0f,0f,1f],start_interpolation:0}
execute if entity @s[tag=aj.lexiel.bone.right_arm] run data modify entity @s {} merge value {transformation:[-0.9625628137552855f,0.16317696863783393f,0.216439613938103f,-0.3050925022249792f,0.16713882618367445f,0.9859333713704712f,0f,1.4463663518680832f,-0.21339503826811712f,0.036175463013262195f,-0.9762960071199334f,-0.06763737935565718f,0f,0f,0f,1f],start_interpolation:0}
execute if entity @s[tag=aj.lexiel.bone.left_hand] run data modify entity @s {} merge value {transformation:[-0.9555890804395517f,-0.22317404839783106f,0.1924652006634307f,0.4053436425717993f,-0.20092174673350807f,0.9711406739075283f,0.12851553669493712f,1.1428848912719807f,-0.21559211728226088f,0.08413759922979877f,-0.9728519431864222f,0.04810811753191078f,0f,0f,0f,1f],start_interpolation:0}
execute if entity @s[tag=aj.lexiel.bone.left_arm] run data modify entity @s {} merge value {transformation:[-0.9555890804395517f,-0.22317404839783106f,0.1924652006634307f,0.3356017524474771f,-0.20092174673350807f,0.9711406739075283f,0.12851553669493712f,1.4463663518680832f,-0.21559211728226088f,0.08413759922979877f,-0.9728519431864222f,0.0744011172912229f,0f,0f,0f,1f],start_interpolation:0}
execute if entity @s[tag=aj.lexiel.bone.skirt_right] run data modify entity @s {} merge value {transformation:[-1f,3.6232796815506244e-17f,1.1698197408808256e-16f,-0.21875f,0f,0.9552303094208874f,-0.2958632386148637f,0.7454078383281894f,-1.2246467991473532e-16f,-0.2958632386148637f,-0.9552303094208874f,0.07660111178714439f,0f,0f,0f,1f],start_interpolation:0}
execute if entity @s[tag=aj.lexiel.bone.skirt_left] run data modify entity @s {} merge value {transformation:[-1f,2.4415530273663994e-17f,1.2000616529193144e-16f,0.21875f,0f,0.9799247046208297f,-0.19936793441719713f,0.7454078383281894f,-1.2246467991473532e-16f,-0.19936793441719713f,-0.9799247046208297f,0.07660111178714445f,0f,0f,0f,1f],start_interpolation:0}
execute if entity @s[tag=aj.lexiel.bone.skirt_back_middle] run data modify entity @s {} merge value {transformation:[-1f,8.542704229054945e-18f,1.221663621095163e-16f,2.5890831079099144e-17f,0f,0.9975640502598242f,-0.06975647374412527f,0.7380107880830326f,-1.2246467991473532e-16f,-0.06975647374412527f,-0.9975640502598242f,-0.21141467970295885f,0f,0f,0f,1f],start_interpolation:0}
execute if entity @s[tag=aj.lexiel.bone.skirt_front_middle] run data modify entity @s {} merge value {transformation:[-1f,3.6273657716762826e-17f,1.169693104299829e-16f,-1.8669277248785437e-17f,0f,0.9551269028051312f,-0.296196893194168f,0.828731498932908f,-1.2246467991473532e-16f,-0.296196893194168f,-0.9551269028051312f,0.15244621765053987f,0f,0f,0f,1f],start_interpolation:0}
execute if entity @s[tag=aj.lexiel.bone.skirt] run data modify entity @s {} merge value {transformation:[-1f,2.962688750897932e-17f,1.1882695554102554e-16f,-8.825426495332135e-18f,0f,0.9702957262759965f,-0.24192189559966767f,0.7636008831958643f,-1.2246467991473532e-16f,-0.24192189559966767f,-0.9702957262759965f,0.07206507624465064f,0f,0f,0f,1f],start_interpolation:0}
execute if entity @s[tag=aj.lexiel.bone.rightupper] run data modify entity @s {} merge value {transformation:[-0.9981072519939156f,-0.04549635378914017f,-0.04137626504468275f,-0.13784663907717368f,-0.024474669629870244f,0.9111088779550648f,-0.4114384559784995f,0.7038621945419486f,0.056417231974487655f,-0.4096470362438331f,-0.9104978866713425f,-0.004470888710501095f,0f,0f,0f,1f],start_interpolation:0}
execute if entity @s[tag=aj.lexiel.bone.rightfoot] run data modify entity @s {} merge value {transformation:[-0.9989841278421179f,0.013480967113128491f,-0.04299971912952308f,-0.0909435430772784f,0.016683103418276408f,0.9970438611127783f,-0.07500142050426611f,0.45235180586288815f,0.04186151430440876f,-0.07564259741056883f,-0.9962558963826134f,0.1988673664170189f,0f,0f,0f,1f],start_interpolation:0}
execute if entity @s[tag=aj.lexiel.bone.leftupper] run data modify entity @s {} merge value {transformation:[-0.9991828497807093f,0.04025809025307058f,-0.003594283416248579f,0.1361953874683065f,0.03982945081480558f,0.9656034567880865f,-0.2569505382105459f,0.7070644782687192f,-0.006873685466449498f,-0.25688372935644227f,-0.9664178713372568f,-0.004272294545338083f,0f,0f,0f,1f],start_interpolation:0}
execute if entity @s[tag=aj.lexiel.bone.leftfoot] run data modify entity @s {} merge value {transformation:[-0.9999947285919518f,-0.003245692697761807f,-0.00009092425648157698f,0.13075528205165257f,-0.0031505172486377448f,0.9766846050134834f,-0.21465613564657768f,0.4546352602606301f,0.0007855121735257187f,-0.21465471764805827f,-0.976689682121224f,0.187024110566326f,0f,0f,0f,1f],start_interpolation:0}
execute if entity @s[tag=aj.lexiel.bone.lower] run data modify entity @s {} merge value {transformation:[-1f,2.962688750897932e-17f,1.1882695554102554e-16f,0f,0f,0.9702957262759965f,-0.24192189559966767f,0.6651163518680832f,-1.2246467991473532e-16f,-0.24192189559966767f,-0.9702957262759965f,0f,0f,0f,0f,1f],start_interpolation:0}