execute if entity @s[tag=aj.lexiel.bone.backhair] run data modify entity @s {} merge value {transformation:[-0.997045577288023f,0.07681202268972413f,-0.00017314937601814462f,-0.0012461806575317592f,0.07681176349578901f,0.997029393245615f,-0.005687002105477927f,1.5215006148063295f,-0.00026419511745029434f,-0.005683500206214588f,-0.9999838138821777f,-0.26553189587173137f,0f,0f,0f,1f],start_interpolation:0}
execute if entity @s[tag=aj.lexiel.bone.head] run data modify entity @s {} merge value {transformation:[-0.997045577288023f,0.07681202268972413f,-0.00017314937601814462f,0f,0.07681176349578901f,0.997029393245615f,-0.005687002105477927f,1.5385898090100598f,-0.00026419511745029434f,-0.005683500206214588f,-0.9999838138821777f,0f,0f,0f,0f,1f],start_interpolation:0}
execute if entity @s[tag=aj.lexiel.bone.ring] run data modify entity @s {} merge value {transformation:[-0.9614638770465722f,0.16953202249987687f,0.216439613938103f,0f,0.17364817766693033f,0.984807753012208f,0f,0.9760898090100598f,-0.21315140986521297f,0.037584344535285516f,-0.9762960071199334f,0f,0f,0f,0f,1f],start_interpolation:0}
execute if entity @s[tag=aj.lexiel.bone.bust] run data modify entity @s {} merge value {transformation:[-0.9762960071199334f,0.10821980696905148f,0.18744220405569367f,-0.01555659725180114f,0f,0.8660254037844387f,-0.49999999999999994f,1.4292148090100598f,-0.216439613938103f,-0.4881480035599666f,-0.8454971437791755f,0.07017127551174529f,0f,0f,0f,1f],start_interpolation:0}
execute if entity @s[tag=aj.lexiel.bone.left_wing] run data modify entity @s {} merge value {transformation:[-0.8575601417847156f,0f,-0.5143837120498456f,0.14909195263225458f,0f,1f,0f,1.1948398090100598f,0.5143837120498456f,0f,-0.8575601417847156f,-0.09498204914772879f,0f,0f,0f,1f],start_interpolation:0}
execute if entity @s[tag=aj.lexiel.bone.right_wing] run data modify entity @s {} merge value {transformation:[-0.7939337578278526f,0f,0.6080042665815304f,-0.09498204914772884f,0f,1f,0f,1.1948398090100598f,-0.6080042665815304f,0f,-0.7939337578278526f,-0.1490919526322545f,0f,0f,0f,1f],start_interpolation:0}
execute if entity @s[tag=aj.lexiel.bone.body] run data modify entity @s {} merge value {transformation:[-0.9762960071199334f,0f,0.216439613938103f,0.3799281965909152f,0f,1f,0f,0.2573398090100598f,-0.216439613938103f,0f,-0.9762960071199334f,0.5963678105290182f,0f,0f,0f,1f],start_interpolation:0}
execute if entity @s[tag=aj.lexiel.bone.sword] run data modify entity @s {} merge value {transformation:[-0.9963596638664517f,-0.12633033173858585f,0.5729067376133313f,-0.42531654454343115f,0.3694851410199163f,0.7419309354803126f,0.8061843958070638f,0.7225384899994973f,-0.4556996963850472f,0.8777774186888877f,-0.5989646504214159f,-0.14230351009250955f,0f,0f,0f,1f],start_interpolation:0}
execute if entity @s[tag=aj.lexiel.bone.rod] run data modify entity @s {} merge value {transformation:[-0.000009635858722905499f,-4.2014030880069634e-7f,0.000002640778065859924f,-0.44900238431020933f,0.0000016083523901809525f,0.000006979011484049845f,0.0000069790114840498455f,0.7249110411275506f,-0.0000021362184488495656f,0.000007149607040000259f,-0.000006657303501596838f,-0.03367730469265934f,0f,0f,0f,1f],start_interpolation:0}
execute if entity @s[tag=aj.lexiel.bone.right_hand] run data modify entity @s {} merge value {transformation:[-0.9635858722905498f,0.1570228016575465f,0.216439613938103f,-0.3842741862520421f,0.16083523901809524f,0.9869812692700871f,0f,1.141434263582473f,-0.21362184488495653f,0.03481111704071905f,-0.9762960071199334f,-0.08519153608353677f,0f,0f,0f,1f],start_interpolation:0}
execute if entity @s[tag=aj.lexiel.bone.right_arm] run data modify entity @s {} merge value {transformation:[-0.9635858722905498f,0.1570228016575465f,0.216439613938103f,-0.3050925022249792f,0.16083523901809524f,0.9869812692700871f,0f,1.4448398090100598f,-0.21362184488495653f,0.03481111704071905f,-0.9762960071199334f,-0.06763737935565718f,0f,0f,0f,1f],start_interpolation:0}
execute if entity @s[tag=aj.lexiel.bone.left_hand] run data modify entity @s {} merge value {transformation:[-0.9558263809261887f,-0.2221553748680756f,0.19246537076255926f,0.40502530709375073f,-0.19988665543011988f,0.9713543474701103f,0.12851481094362888f,1.1412915754256503f,-0.21550233062894036f,0.08436658739181617f,-0.9728520054074792f,0.04803655873128034f,0f,0f,0f,1f],start_interpolation:0}
execute if entity @s[tag=aj.lexiel.bone.left_arm] run data modify entity @s {} merge value {transformation:[-0.9558263809261887f,-0.2221553748680756f,0.19246537076255926f,0.3356017524474771f,-0.19988665543011988f,0.9713543474701103f,0.12851481094362888f,1.4448398090100598f,-0.21550233062894036f,0.08436658739181617f,-0.9728520054074792f,0.0744011172912229f,0f,0f,0f,1f],start_interpolation:0}
execute if entity @s[tag=aj.lexiel.bone.skirt_right] run data modify entity @s {} merge value {transformation:[-1f,3.59833727780192e-17f,1.1705893690845087e-16f,-0.21875f,0f,0.9558587585412535f,-0.2938265367865431f,0.743881295470166f,-1.2246467991473532e-16f,-0.2938265367865431f,-0.9558587585412535f,0.07660111178714439f,0f,0f,0f,1f],start_interpolation:0}
execute if entity @s[tag=aj.lexiel.bone.skirt_left] run data modify entity @s {} merge value {transformation:[-1f,2.4415530273663994e-17f,1.2000616529193144e-16f,0.21875f,0f,0.9799247046208297f,-0.19936793441719713f,0.743881295470166f,-1.2246467991473532e-16f,-0.19936793441719713f,-0.9799247046208297f,0.07660111178714445f,0f,0f,0f,1f],start_interpolation:0}
execute if entity @s[tag=aj.lexiel.bone.skirt_back_middle] run data modify entity @s {} merge value {transformation:[-1f,8.542704229054945e-18f,1.221663621095163e-16f,2.5890831079099144e-17f,0f,0.9975640502598242f,-0.06975647374412527f,0.7364842452250092f,-1.2246467991473532e-16f,-0.06975647374412527f,-0.9975640502598242f,-0.21141467970295885f,0f,0f,0f,1f],start_interpolation:0}
execute if entity @s[tag=aj.lexiel.bone.skirt_front_middle] run data modify entity @s {} merge value {transformation:[-1f,3.879497249749329e-17f,1.1615742737998856e-16f,-1.8669277248785437e-17f,0f,0.9484973745970012f,-0.31678499077859723f,0.8272049560748846f,-1.2246467991473532e-16f,-0.31678499077859723f,-0.9484973745970012f,0.15244621765053987f,0f,0f,0f,1f],start_interpolation:0}
execute if entity @s[tag=aj.lexiel.bone.skirt] run data modify entity @s {} merge value {transformation:[-1f,2.962688750897932e-17f,1.1882695554102554e-16f,-8.825426495332135e-18f,0f,0.9702957262759965f,-0.24192189559966767f,0.7620743403378409f,-1.2246467991473532e-16f,-0.24192189559966767f,-0.9702957262759965f,0.07206507624465064f,0f,0f,0f,1f],start_interpolation:0}
execute if entity @s[tag=aj.lexiel.bone.rightupper] run data modify entity @s {} merge value {transformation:[-0.9981114412727259f,-0.045400436391600706f,-0.04138056519592369f,-0.13784520997303396f,-0.02450557391403636f,0.9119831360279738f,-0.40949509941844975f,0.7024139020675386f,0.056329633831808036f,-0.4077076893756537f,-0.9113733660670251f,-0.004474333344437538f,0f,0f,0f,1f],start_interpolation:0}
execute if entity @s[tag=aj.lexiel.bone.rightfoot] run data modify entity @s {} merge value {transformation:[-0.9989841248739492f,0.013572660034415132f,-0.04297093377412309f,-0.0909720668773488f,0.0166831775358205f,0.9972014584915646f,-0.07287607817112979f,0.4504671817302887f,0.04186155559864177f,-0.07351893689306527f,-0.9964148614312089f,0.19832966202780955f,0f,0f,0f,1f],start_interpolation:0}
execute if entity @s[tag=aj.lexiel.bone.leftupper] run data modify entity @s {} merge value {transformation:[-0.9993066390159265f,0.037063801115150105f,-0.0035377769276176457f,0.1361621953711893f,0.03672139095971382f,0.9654491102452941f,-0.25799138546190625f,0.7055339860578806f,-0.0061465978131673305f,-0.25794241639068716f,-0.966140739831344f,-0.004282634556973301f,0f,0f,0f,1f],start_interpolation:0}
execute if entity @s[tag=aj.lexiel.bone.leftfoot] run data modify entity @s {} merge value {transformation:[-0.9999792365011122f,-0.006441772562962685f,-0.00017358830567504104f,0.13165215856216866f,-0.006252693368405231f,0.9764402589086519f,-0.21569729856455214f,0.4532935670114638f,0.0015589715499351538f,-0.21569173453948554f,-0.9764602630210072f,0.18728632566960185f,0f,0f,0f,1f],start_interpolation:0}
execute if entity @s[tag=aj.lexiel.bone.lower] run data modify entity @s {} merge value {transformation:[-1f,2.962688750897932e-17f,1.1882695554102554e-16f,0f,0f,0.9702957262759965f,-0.24192189559966767f,0.6635898090100598f,-1.2246467991473532e-16f,-0.24192189559966767f,-0.9702957262759965f,0f,0f,0f,0f,1f],start_interpolation:0}