execute if entity @s[tag=aj.lexiel.bone.backhair] run data modify entity @s {} merge value {transformation:[-0.9982920118377092f,0.058420845175256864f,-0.0002528834270709157f,-0.0009799978661791005f,0.05842133791618459f,0.9982758099272278f,-0.005688109547161707f,1.5346843006956679f,-0.0000798567592182331f,-0.005693168111535652f,-0.9999837905985035f,-0.2655317386259848f,0f,0f,0f,1f],start_interpolation:0}
execute if entity @s[tag=aj.lexiel.bone.head] run data modify entity @s {} merge value {transformation:[-0.9982920118377092f,0.058420845175256864f,-0.0002528834270709157f,0f,0.05842133791618459f,0.9982758099272278f,-0.005688109547161707f,1.5517932643242456f,-0.0000798567592182331f,-0.005693168111535652f,-0.9999837905985035f,0f,0f,0f,0f,1f],start_interpolation:0}
execute if entity @s[tag=aj.lexiel.bone.ring] run data modify entity @s {} merge value {transformation:[-0.9614638770465722f,0.16953202249987687f,0.216439613938103f,0f,0.17364817766693033f,0.984807753012208f,0f,0.9892932643242456f,-0.21315140986521297f,0.037584344535285516f,-0.9762960071199334f,0f,0f,0f,0f,1f],start_interpolation:0}
execute if entity @s[tag=aj.lexiel.bone.bust] run data modify entity @s {} merge value {transformation:[-0.9762960071199334f,0.10821980696905148f,0.18744220405569367f,-0.01555659725180114f,0f,0.8660254037844387f,-0.49999999999999994f,1.4424182643242456f,-0.216439613938103f,-0.4881480035599666f,-0.8454971437791755f,0.07017127551174529f,0f,0f,0f,1f],start_interpolation:0}
execute if entity @s[tag=aj.lexiel.bone.left_wing] run data modify entity @s {} merge value {transformation:[-0.8380790801013517f,0f,-0.5455487654614133f,0.14909195263225458f,0f,1f,0f,1.2080432643242456f,0.5455487654614133f,0f,-0.8380790801013517f,-0.09498204914772879f,0f,0f,0f,1f],start_interpolation:0}
execute if entity @s[tag=aj.lexiel.bone.right_wing] run data modify entity @s {} merge value {transformation:[-0.7651718682345181f,0f,0.6438260728352786f,-0.09498204914772884f,0f,1f,0f,1.2080432643242456f,-0.6438260728352786f,0f,-0.7651718682345181f,-0.1490919526322545f,0f,0f,0f,1f],start_interpolation:0}
execute if entity @s[tag=aj.lexiel.bone.body] run data modify entity @s {} merge value {transformation:[-0.9762960071199334f,0f,0.216439613938103f,0.3799281965909152f,0f,1f,0f,0.2705432643242456f,-0.216439613938103f,0f,-0.9762960071199334f,0.5963678105290182f,0f,0f,0f,1f],start_interpolation:0}
execute if entity @s[tag=aj.lexiel.bone.sword] run data modify entity @s {} merge value {transformation:[-0.9748353869323102f,-0.1082086283672389f,0.6122915348356648f,-0.46407266713966383f,0.42810521926345724f,0.7089337693453529f,0.8068784880148789f,0.7442215544731863f,-0.4509278790714992f,0.906982836622982f,-0.5576380945088029f,-0.15089553561682978f,0f,0f,0f,1f],start_interpolation:0}
execute if entity @s[tag=aj.lexiel.bone.rod] run data modify entity @s {} merge value {transformation:[-0.000009534403235505329f,-4.5443312900335684e-8f,0.000003015475061760285f,-0.48763112672053266f,0.000002151119716399926f,0.00000690552981188683f,0.000006905529811886831f,0.746569125125913f,-0.0000021137263087971096f,0.000007232675364099712f,-0.000006574235177497384f,-0.042241090709637004f,0f,0f,0f,1f],start_interpolation:0}
execute if entity @s[tag=aj.lexiel.bone.right_hand] run data modify entity @s {} merge value {transformation:[-0.9534403235505328f,0.21001295899582112f,0.216439613938103f,-0.40051656202212743f,0.2151119716399926f,0.9765893915342082f,0f,1.1595813285835552f,-0.21137263087971092f,0.04655875209522416f,-0.9762960071199334f,-0.0887923841004057f,0f,0f,0f,1f],start_interpolation:0}
execute if entity @s[tag=aj.lexiel.bone.right_arm] run data modify entity @s {} merge value {transformation:[-0.9534403235505328f,0.21001295899582112f,0.216439613938103f,-0.3050925022249792f,0.2151119716399926f,0.9765893915342082f,0f,1.4580432643242456f,-0.21137263087971092f,0.04655875209522416f,-0.9762960071199334f,-0.06763737935565718f,0f,0f,0f,1f],start_interpolation:0}
execute if entity @s[tag=aj.lexiel.bone.left_hand] run data modify entity @s {} merge value {transformation:[-0.9537379425430059f,-0.23095858715231082f,0.1924631600448313f,0.4077763109325742f,-0.20883164840525173f,0.9694691170250932f,0.12852615982332716f,1.155084165253904f,-0.21627131011342954f,0.08238787626340768f,-0.972850943498862f,0.04865490595890799f,0f,0f,0f,1f],start_interpolation:0}
execute if entity @s[tag=aj.lexiel.bone.left_arm] run data modify entity @s {} merge value {transformation:[-0.9537379425430059f,-0.23095858715231082f,0.1924631600448313f,0.3356017524474771f,-0.20883164840525173f,0.9694691170250932f,0.12852615982332716f,1.4580432643242456f,-0.21627131011342954f,0.08238787626340768f,-0.972850943498862f,0.0744011172912229f,0f,0f,0f,1f],start_interpolation:0}
execute if entity @s[tag=aj.lexiel.bone.skirt_right] run data modify entity @s {} merge value {transformation:[-1f,3.8135176117356103e-17f,1.1637571125074512e-16f,-0.21875f,0f,0.9502797976671351f,-0.31139734447440104f,0.7570847507843518f,-1.2246467991473532e-16f,-0.31139734447440104f,-0.9502797976671351f,0.07660111178714439f,0f,0f,0f,1f],start_interpolation:0}
execute if entity @s[tag=aj.lexiel.bone.skirt_left] run data modify entity @s {} merge value {transformation:[-1f,2.4415530273663994e-17f,1.2000616529193144e-16f,0.21875f,0f,0.9799247046208297f,-0.19936793441719713f,0.7570847507843518f,-1.2246467991473532e-16f,-0.19936793441719713f,-0.9799247046208297f,0.07660111178714445f,0f,0f,0f,1f],start_interpolation:0}
execute if entity @s[tag=aj.lexiel.bone.skirt_back_middle] run data modify entity @s {} merge value {transformation:[-1f,8.542704229054945e-18f,1.221663621095163e-16f,2.5890831079099144e-17f,0f,0.9975640502598242f,-0.06975647374412527f,0.749687700539195f,-1.2246467991473532e-16f,-0.06975647374412527f,-0.9975640502598242f,-0.21141467970295885f,0f,0f,0f,1f],start_interpolation:0}
execute if entity @s[tag=aj.lexiel.bone.skirt_front_middle] run data modify entity @s {} merge value {transformation:[-1f,3.839347663939945e-17f,1.1629075104305785e-16f,-1.8669277248785437e-17f,0f,0.9495860449235161f,-0.3135065282996737f,0.8404084113890704f,-1.2246467991473532e-16f,-0.3135065282996737f,-0.9495860449235161f,0.15244621765053987f,0f,0f,0f,1f],start_interpolation:0}
execute if entity @s[tag=aj.lexiel.bone.skirt] run data modify entity @s {} merge value {transformation:[-1f,2.962688750897932e-17f,1.1882695554102554e-16f,-8.825426495332135e-18f,0f,0.9702957262759965f,-0.24192189559966767f,0.7752777956520267f,-1.2246467991473532e-16f,-0.24192189559966767f,-0.9702957262759965f,0.07206507624465064f,0f,0f,0f,1f],start_interpolation:0}
execute if entity @s[tag=aj.lexiel.bone.rightupper] run data modify entity @s {} merge value {transformation:[-0.9980751929926638f,-0.04622926771882123f,-0.04133719800420368f,-0.1378550944434944f,-0.02423146378247917f,0.9042850168847717f,-0.4262410637194247f,0.714938611867804f,0.05708542104264089f,-0.424418971116855f,-0.9036646455740618f,-0.0044397144007100806f,0f,0f,0f,1f],start_interpolation:0}
execute if entity @s[tag=aj.lexiel.bone.rightfoot] run data modify entity @s {} merge value {transformation:[-0.9989841248739492f,0.012778207806822144f,-0.043213836384606866f,-0.09072589771182886f,0.016683177535820867f,0.9956885740592565f,-0.09124656199086528f,0.4668055394076696f,0.04186155559864187f,-0.09187481098260941f,-0.9948902599130075f,0.20295488325851796f,0f,0f,0f,1f],start_interpolation:0}
execute if entity @s[tag=aj.lexiel.bone.leftupper] run data modify entity @s {} merge value {transformation:[-0.9978988956004514f,0.0646788618650686f,-0.0037998667395970995f,0.1364545771395657f,0.06358662858828915f,0.9664200913416603f,-0.24897579745017745f,0.7187669168368452f,-0.012431203649457764f,-0.24869429402182958f,-0.9685022526028577f,-0.004189553653827942f,0f,0f,0f,1f],start_interpolation:0}
execute if entity @s[tag=aj.lexiel.bone.leftfoot] run data modify entity @s {} merge value {transformation:[-0.9997750955428636f,0.021193644261996943f,0.000766664955393591f,0.12387349052210482f,0.020577552929020308f,0.9781890447833645f,-0.2066948402386038f,0.46500071288240236f,-0.0051305601751925976f,-0.20663257755906864f,-0.978405159043831f,0.18498937208870259f,0f,0f,0f,1f],start_interpolation:0}
execute if entity @s[tag=aj.lexiel.bone.lower] run data modify entity @s {} merge value {transformation:[-1f,2.962688750897932e-17f,1.1882695554102554e-16f,0f,0f,0.9702957262759965f,-0.24192189559966767f,0.6767932643242456f,-1.2246467991473532e-16f,-0.24192189559966767f,-0.9702957262759965f,0f,0f,0f,0f,1f],start_interpolation:0}