execute if entity @s[tag=aj.lexiel.bone.backhair] run data modify entity @s {} merge value {transformation:[-0.9983377376342712f,0.057634148436791946f,-0.0002579714144547718f,-0.0009690572262894229f,0.05763468290115087f,0.9983215347954059f,-0.005688276595690716f,1.53524801619945f,-0.00007030055925372203f,-0.0056936892882495024f,-0.9999837883486514f,-0.26553172988498164f,0f,0f,0f,1f],start_interpolation:0}
execute if entity @s[tag=aj.lexiel.bone.head] run data modify entity @s {} merge value {transformation:[-0.9983377376342712f,0.057634148436791946f,-0.0002579714144547718f,0f,0.05763468290115087f,0.9983215347954059f,-0.005688276595690716f,1.5523577386513585f,-0.00007030055925372203f,-0.0056936892882495024f,-0.9999837883486514f,0f,0f,0f,0f,1f],start_interpolation:0}
execute if entity @s[tag=aj.lexiel.bone.ring] run data modify entity @s {} merge value {transformation:[-0.9614638770465722f,0.16953202249987687f,0.216439613938103f,0f,0.17364817766693033f,0.984807753012208f,0f,0.9898577386513585f,-0.21315140986521297f,0.037584344535285516f,-0.9762960071199334f,0f,0f,0f,0f,1f],start_interpolation:0}
execute if entity @s[tag=aj.lexiel.bone.bust] run data modify entity @s {} merge value {transformation:[-0.9762960071199334f,0.10821980696905148f,0.18744220405569367f,-0.01555659725180114f,0f,0.8660254037844387f,-0.49999999999999994f,1.4429827386513585f,-0.216439613938103f,-0.4881480035599666f,-0.8454971437791755f,0.07017127551174529f,0f,0f,0f,1f],start_interpolation:0}
execute if entity @s[tag=aj.lexiel.bone.left_wing] run data modify entity @s {} merge value {transformation:[-0.8333268215723707f,0f,-0.5527806151160606f,0.14909195263225458f,0f,1f,0f,1.2086077386513585f,0.5527806151160606f,0f,-0.8333268215723707f,-0.09498204914772879f,0f,0f,0f,1f],start_interpolation:0}
execute if entity @s[tag=aj.lexiel.bone.right_wing] run data modify entity @s {} merge value {transformation:[-0.7581630061106853f,0f,0.6520650704992631f,-0.09498204914772884f,0f,1f,0f,1.2086077386513585f,-0.6520650704992631f,0f,-0.7581630061106853f,-0.1490919526322545f,0f,0f,0f,1f],start_interpolation:0}
execute if entity @s[tag=aj.lexiel.bone.body] run data modify entity @s {} merge value {transformation:[-0.9762960071199334f,0f,0.216439613938103f,0.3799281965909152f,0f,1f,0f,0.2711077386513585f,-0.216439613938103f,0f,-0.9762960071199334f,0.5963678105290182f,0f,0f,0f,1f],start_interpolation:0}
execute if entity @s[tag=aj.lexiel.locator_origin.locator_right_hand] at @s on origin run tp @s ^-0.45454 ^0.65875 ^-0.06876 ~12.5 ~0
execute if entity @s[tag=aj.lexiel.bone.sword] run data modify entity @s {} merge value {transformation:[-0.9738449413115955f,-0.06782929633222072f,0.6196283396850819f,-0.46571889331152866f,0.4305834632007126f,0.7578768622309892f,0.7596937576504041f,0.745197349140124f,-0.45070830256374905f,0.8705951474445432f,-0.6130580541401588f,-0.15126049517263535f,0f,0f,0f,1f],start_interpolation:0}
execute if entity @s[tag=aj.lexiel.bone.rod] run data modify entity @s {} merge value {transformation:[-0.000009529414252227054f,-2.9517256194326737e-8f,0.0000030314011184662937f,-0.48927193874687136f,0.0000021741894055357067f,0.00000690191641607084f,0.000006901916416070841f,0.7475436914002138f,-0.000002112620277832301f,0.0000072362060858683835f,-0.000006570704455728713f,-0.04260484997827664f,0f,0f,0f,1f],start_interpolation:0}
execute if entity @s[tag=aj.lexiel.bone.right_hand] run data modify entity @s {} merge value {transformation:[-0.9529414252227053f,0.2122652435346972f,0.216439613938103f,-0.4012048103677816f,0.21741894055357067f,0.9760783801972888f,0f,1.1603775867320048f,-0.21126202778323008f,0.0470580715562462f,-0.9762960071199334f,-0.08894496508521006f,0f,0f,0f,1f],start_interpolation:0}
execute if entity @s[tag=aj.lexiel.bone.right_arm] run data modify entity @s {} merge value {transformation:[-0.9529414252227053f,0.2122652435346972f,0.216439613938103f,-0.3050925022249792f,0.21741894055357067f,0.9760783801972888f,0f,1.4586077386513585f,-0.21126202778323008f,0.0470580715562462f,-0.9762960071199334f,-0.06763737935565718f,0f,0f,0f,1f],start_interpolation:0}
execute if entity @s[tag=aj.lexiel.locator_origin.locator_left_hand] at @s on origin run tp @s ^0.50309 ^0.72755 ^0.04308 ~11.19056 ~7.38447
execute if entity @s[tag=aj.lexiel.bone.left_hand] run data modify entity @s {} merge value {transformation:[-0.9536468486937537f,-0.23133455625944535f,0.1924630121782322f,0.4078938012785538f,-0.2092136726978642f,0.9693866511430992f,0.12852688334289575f,1.15567441016914f,-0.2163037843699083f,0.08230336363608051f,-0.972850877165377f,0.04868131615494774f,0f,0f,0f,1f],start_interpolation:0}
execute if entity @s[tag=aj.lexiel.bone.left_arm] run data modify entity @s {} merge value {transformation:[-0.9536468486937537f,-0.23133455625944535f,0.1924630121782322f,0.3356017524474771f,-0.2092136726978642f,0.9693866511430992f,0.12852688334289575f,1.4586077386513585f,-0.2163037843699083f,0.08230336363608051f,-0.972850877165377f,0.0744011172912229f,0f,0f,0f,1f],start_interpolation:0}
execute if entity @s[tag=aj.lexiel.bone.skirt_right] run data modify entity @s {} merge value {transformation:[-1f,3.8226886343859084e-17f,1.1634561868447069e-16f,-0.21875f,0f,0.950034073215845f,-0.31214621530447906f,0.7576492251114647f,-1.2246467991473532e-16f,-0.31214621530447906f,-0.950034073215845f,0.07660111178714439f,0f,0f,0f,1f],start_interpolation:0}
execute if entity @s[tag=aj.lexiel.bone.skirt_left] run data modify entity @s {} merge value {transformation:[-1f,2.4415530273663994e-17f,1.2000616529193144e-16f,0.21875f,0f,0.9799247046208297f,-0.19936793441719713f,0.7576492251114647f,-1.2246467991473532e-16f,-0.19936793441719713f,-0.9799247046208297f,0.07660111178714445f,0f,0f,0f,1f],start_interpolation:0}
execute if entity @s[tag=aj.lexiel.bone.skirt_back_middle] run data modify entity @s {} merge value {transformation:[-1f,8.542704229054945e-18f,1.221663621095163e-16f,2.5890831079099144e-17f,0f,0.9975640502598242f,-0.06975647374412527f,0.7502521748663079f,-1.2246467991473532e-16f,-0.06975647374412527f,-0.9975640502598242f,-0.21141467970295885f,0f,0f,0f,1f],start_interpolation:0}
execute if entity @s[tag=aj.lexiel.bone.skirt_front_middle] run data modify entity @s {} merge value {transformation:[-1f,3.6776876075387696e-17f,1.1681206792431232e-16f,-1.8669277248785437e-17f,0f,0.9538429203068298f,-0.30030598292498034f,0.8409728857161833f,-1.2246467991473532e-16f,-0.30030598292498034f,-0.9538429203068298f,0.15244621765053987f,0f,0f,0f,1f],start_interpolation:0}
execute if entity @s[tag=aj.lexiel.bone.skirt] run data modify entity @s {} merge value {transformation:[-1f,2.962688750897932e-17f,1.1882695554102554e-16f,-8.825426495332135e-18f,0f,0.9702957262759965f,-0.24192189559966767f,0.7758422699791396f,-1.2246467991473532e-16f,-0.24192189559966767f,-0.9702957262759965f,0.07206507624465064f,0f,0f,0f,1f],start_interpolation:0}
execute if entity @s[tag=aj.lexiel.bone.rightupper] run data modify entity @s {} merge value {transformation:[-0.9980736428892174f,-0.046264682934714314f,-0.04133500311838991f,-0.13785550509791197f,-0.024219434518027987f,0.9039490429694824f,-0.4269537992642575f,0.7154740834276948f,0.057117618660741665f,-0.42513022337574086f,-0.9033282187616077f,-0.004437955720948336f,0f,0f,0f,1f],start_interpolation:0}
execute if entity @s[tag=aj.lexiel.bone.rightfoot] run data modify entity @s {} merge value {transformation:[-0.9989841248739492f,0.012744144647035351f,-0.04322389416798705f,-0.09071539603929658f,0.016683177535820888f,0.9956163483919526f,-0.09203129034183055f,0.4675059357533741f,0.04186155559864189f,-0.09265890994334791f,-0.9948175393362204f,0.20315132586222873f,0f,0f,0f,1f],start_interpolation:0}
execute if entity @s[tag=aj.lexiel.bone.leftupper] run data modify entity @s {} merge value {transformation:[-0.9978217310358891f,0.06585860433199921f,-0.00379964577074809f,0.1364672759182108f,0.06473416601024751f,0.9664432589822503f,-0.2485898528072392f,0.7193324694092522f,-0.012699638715321981f,-0.24829432414618f,-0.9686013874516658f,-0.004185461436421151f,0f,0f,0f,1f],start_interpolation:0}
execute if entity @s[tag=aj.lexiel.bone.leftfoot] run data modify entity @s {} merge value {transformation:[-0.9997493246709143f,0.022374502261788134f,0.0008182106013684961f,0.12353991511261574f,0.02172439520555682f,0.9782454339320943f,-0.20631025578957835f,0.4655063565054f,-0.005416500069577572f,-0.20624076376784903f,-0.9784862844656794f,0.1848897185998402f,0f,0f,0f,1f],start_interpolation:0}
execute if entity @s[tag=aj.lexiel.bone.lower] run data modify entity @s {} merge value {transformation:[-1f,2.962688750897932e-17f,1.1882695554102554e-16f,0f,0f,0.9702957262759965f,-0.24192189559966767f,0.6773577386513585f,-1.2246467991473532e-16f,-0.24192189559966767f,-0.9702957262759965f,0f,0f,0f,0f,1f],start_interpolation:0}