execute if entity @s[tag=aj.lexiel.bone.backhair] run data modify entity @s {} merge value {transformation:[-0.9974020489302249f,0.07203553264530108f,-0.00018661805146247268f,-0.0011751256175025486f,0.07203542757945906f,0.9973858616343798f,-0.005686843174407484f,1.524925712009004f,-0.0002235245710842937f,-0.005685512145230035f,-0.9999838123631866f,-0.2655318640317022f,0f,0f,0f,1f],start_interpolation:0}
execute if entity @s[tag=aj.lexiel.bone.head] run data modify entity @s {} merge value {transformation:[-0.9974020489302249f,0.07203553264530108f,-0.00018661805146247268f,0f,0.07203542757945906f,0.9973858616343798f,-0.005686843174407484f,1.5420204338152432f,-0.0002235245710842937f,-0.005685512145230035f,-0.9999838123631866f,0f,0f,0f,0f,1f],start_interpolation:0}
execute if entity @s[tag=aj.lexiel.bone.ring] run data modify entity @s {} merge value {transformation:[-0.9614638770465722f,0.16953202249987687f,0.216439613938103f,0f,0.17364817766693033f,0.984807753012208f,0f,0.9795204338152432f,-0.21315140986521297f,0.037584344535285516f,-0.9762960071199334f,0f,0f,0f,0f,1f],start_interpolation:0}
execute if entity @s[tag=aj.lexiel.bone.bust] run data modify entity @s {} merge value {transformation:[-0.9762960071199334f,0.10821980696905148f,0.18744220405569367f,-0.01555659725180114f,0f,0.8660254037844387f,-0.49999999999999994f,1.4326454338152432f,-0.216439613938103f,-0.4881480035599666f,-0.8454971437791755f,0.07017127551174529f,0f,0f,0f,1f],start_interpolation:0}
execute if entity @s[tag=aj.lexiel.bone.left_wing] run data modify entity @s {} merge value {transformation:[-0.8488597070846807f,0f,-0.5286181965162665f,0.14909195263225458f,0f,1f,0f,1.1982704338152432f,0.5286181965162665f,0f,-0.8488597070846807f,-0.09498204914772879f,0f,0f,0f,1f],start_interpolation:0}
execute if entity @s[tag=aj.lexiel.bone.right_wing] run data modify entity @s {} merge value {transformation:[-0.7810828329401236f,0f,0.6244274241945424f,-0.09498204914772884f,0f,1f,0f,1.1982704338152432f,-0.6244274241945424f,0f,-0.7810828329401236f,-0.1490919526322545f,0f,0f,0f,1f],start_interpolation:0}
execute if entity @s[tag=aj.lexiel.bone.body] run data modify entity @s {} merge value {transformation:[-0.9762960071199334f,0f,0.216439613938103f,0.3799281965909152f,0f,1f,0f,0.26077043381524323f,-0.216439613938103f,0f,-0.9762960071199334f,0.5963678105290182f,0f,0f,0f,1f],start_interpolation:0}
execute if entity @s[tag=aj.lexiel.bone.sword] run data modify entity @s {} merge value {transformation:[-0.9910717398953168f,-0.07957716271136091f,0.5902188950344431f,-0.4354295514169964f,0.38483206587550717f,0.7889617216117429f,0.7525674357859392f,0.7279611669279177f,-0.4545273918641853f,0.8414992213343064f,-0.6497676300331506f,-0.14454550973965036f,0f,0f,0f,1f],start_interpolation:0}
execute if entity @s[tag=aj.lexiel.bone.rod] run data modify entity @s {} merge value {transformation:[-0.000009612316533665517f,-3.2241113190100643e-7f,0.000002738507242759614f,-0.4590821676435315f,0.0000017499179875030386f,0.000006961960465164009f,0.00000696196046516401f,0.7303279214737208f,-0.0000021309992711481313f,0.000007171273076903408f,-0.000006635637464693689f,-0.03591193885825414f,0f,0f,0f,1f],start_interpolation:0}
execute if entity @s[tag=aj.lexiel.bone.right_hand] run data modify entity @s {} merge value {transformation:[-0.9612316533665517f,0.1708437943986566f,0.216439613938103f,-0.3885196771422641f,0.17499179875030385f,0.9845698910540243f,0f,1.1460608365718077f,-0.21309992711481313f,0.03787515736384998f,-0.9762960071199334f,-0.08613273875419822f,0f,0f,0f,1f],start_interpolation:0}
execute if entity @s[tag=aj.lexiel.bone.right_arm] run data modify entity @s {} merge value {transformation:[-0.9612316533665517f,0.1708437943986566f,0.216439613938103f,-0.3050925022249792f,0.17499179875030385f,0.9845698910540243f,0f,1.4482704338152432f,-0.21309992711481313f,0.03787515736384998f,-0.9762960071199334f,-0.06763737935565718f,0f,0f,0f,1f],start_interpolation:0}
execute if entity @s[tag=aj.lexiel.bone.left_hand] run data modify entity @s {} merge value {transformation:[-0.9552915542413872f,-0.22444434014002726f,0.19246502169013072f,0.40574060874123563f,-0.20221248549414217f,0.9708725769488566f,0.12851673057998203f,1.1448727535187255f,-0.21570386437279254f,0.08385211689512735f,-0.9728518208786218f,0.0481973307614956f,0f,0f,0f,1f],start_interpolation:0}
execute if entity @s[tag=aj.lexiel.bone.left_arm] run data modify entity @s {} merge value {transformation:[-0.9552915542413872f,-0.22444434014002726f,0.19246502169013072f,0.3356017524474771f,-0.20221248549414217f,0.9708725769488566f,0.12851673057998203f,1.4482704338152432f,-0.21570386437279254f,0.08385211689512735f,-0.9728518208786218f,0.0744011172912229f,0f,0f,0f,1f],start_interpolation:0}
execute if entity @s[tag=aj.lexiel.bone.skirt_right] run data modify entity @s {} merge value {transformation:[-1f,3.65436766685964e-17f,1.1688523226721011e-16f,-0.21875f,0f,0.9544403525048216f,-0.2984017652603145f,0.7473119202753494f,-1.2246467991473532e-16f,-0.2984017652603145f,-0.9544403525048216f,0.07660111178714439f,0f,0f,0f,1f],start_interpolation:0}
execute if entity @s[tag=aj.lexiel.bone.skirt_left] run data modify entity @s {} merge value {transformation:[-1f,2.4415530273663994e-17f,1.2000616529193144e-16f,0.21875f,0f,0.9799247046208297f,-0.19936793441719713f,0.7473119202753494f,-1.2246467991473532e-16f,-0.19936793441719713f,-0.9799247046208297f,0.07660111178714445f,0f,0f,0f,1f],start_interpolation:0}
execute if entity @s[tag=aj.lexiel.bone.skirt_back_middle] run data modify entity @s {} merge value {transformation:[-1f,8.542704229054945e-18f,1.221663621095163e-16f,2.5890831079099144e-17f,0f,0.9975640502598242f,-0.06975647374412527f,0.7399148700301926f,-1.2246467991473532e-16f,-0.06975647374412527f,-0.9975640502598242f,-0.21141467970295885f,0f,0f,0f,1f],start_interpolation:0}
execute if entity @s[tag=aj.lexiel.bone.skirt_front_middle] run data modify entity @s {} merge value {transformation:[-1f,3.6343817606004336e-17f,1.1694752989456453e-16f,-1.8669277248785437e-17f,0f,0.954949051236552f,-0.2967697921662663f,0.8306355808800681f,-1.2246467991473532e-16f,-0.2967697921662663f,-0.954949051236552f,0.15244621765053987f,0f,0f,0f,1f],start_interpolation:0}
execute if entity @s[tag=aj.lexiel.bone.skirt] run data modify entity @s {} merge value {transformation:[-1f,2.962688750897932e-17f,1.1882695554102554e-16f,-8.825426495332135e-18f,0f,0.9702957262759965f,-0.24192189559966767f,0.7655049651430244f,-1.2246467991473532e-16f,-0.24192189559966767f,-0.9702957262759965f,0.07206507624465064f,0f,0f,0f,1f],start_interpolation:0}
execute if entity @s[tag=aj.lexiel.bone.rightupper] run data modify entity @s {} merge value {transformation:[-0.9981020250672864f,-0.0456158646868311f,-0.0413707680065857f,-0.13784782960083217f,-0.024435694342742027f,0.910012626989705f,-0.4138597776557707f,0.7056681111173287f,0.05652649289112235f,-0.4120633587303883f,-0.9094001011618931f,-0.004466540782044587f,0f,0f,0f,1f],start_interpolation:0}
execute if entity @s[tag=aj.lexiel.bone.rightfoot] run data modify entity @s {} merge value {transformation:[-0.9989841248739492f,0.013366671938835692f,-0.04303545434998251f,-0.09090801007808413f,0.016683177535820593f,0.9968409391512401f,-0.07765187453875039f,0.4547041238654468f,0.041861555598641784f,-0.07829095805617076f,-0.9960512717975459f,0.19953697001402115f,0f,0f,0f,1f],start_interpolation:0}
execute if entity @s[tag=aj.lexiel.bone.leftupper] run data modify entity @s {} merge value {transformation:[-0.9990141587740408f,0.044241952358823f,-0.003655163536032163f,0.13623729874272686f,0.04370555235777547f,0.9657805512676805f,-0.2556516213251875f,0.7089730414220817f,-0.007780440996322135f,-0.2555593403587021f,-0.96676206395024f,-0.004258933319236866f,0f,0f,0f,1f],start_interpolation:0}
execute if entity @s[tag=aj.lexiel.bone.leftfoot] run data modify entity @s {} merge value {transformation:[-0.9999997255127261f,0.0007406093211521033f,0.000021732599284394205f,0.1296356512073907f,0.0007189193840198036f,0.9769739308090095f,-0.21335749734778953f,0.4563132863898319f,-0.00017924673422302972f,-0.2133574231598848f,-0.9769741950804955f,0.18669577961522954f,0f,0f,0f,1f],start_interpolation:0}
execute if entity @s[tag=aj.lexiel.bone.lower] run data modify entity @s {} merge value {transformation:[-1f,2.962688750897932e-17f,1.1882695554102554e-16f,0f,0f,0.9702957262759965f,-0.24192189559966767f,0.6670204338152432f,-1.2246467991473532e-16f,-0.24192189559966767f,-0.9702957262759965f,0f,0f,0f,0f,1f],start_interpolation:0}