execute if entity @s[tag=aj.lexiel.bone.backhair] run data modify entity @s {} merge value {transformation:[-0.9986844571080431f,0.0512763360286352f,-0.0003041287422326233f,-0.0008819769476029655f,0.051277236546328854f,0.9986682472601588f,-0.005690072626444216f,1.5398032123705654f,0.000011957641925991469f,-0.005698181973301776f,-0.9999837651578218f,-0.2655316535267136f,0f,0f,0f,1f],start_interpolation:0}
execute if entity @s[tag=aj.lexiel.bone.head] run data modify entity @s {} merge value {transformation:[-0.9986844571080431f,0.0512763360286352f,-0.0003041287422326233f,0f,0.051277236546328854f,0.9986682472601588f,-0.005690072626444216f,1.5569188292754046f,0.000011957641925991469f,-0.005698181973301776f,-0.9999837651578218f,0f,0f,0f,0f,1f],start_interpolation:0}
execute if entity @s[tag=aj.lexiel.bone.ring] run data modify entity @s {} merge value {transformation:[-0.9614638770465722f,0.16953202249987687f,0.216439613938103f,0f,0.17364817766693033f,0.984807753012208f,0f,0.9944188292754046f,-0.21315140986521297f,0.037584344535285516f,-0.9762960071199334f,0f,0f,0f,0f,1f],start_interpolation:0}
execute if entity @s[tag=aj.lexiel.bone.bust] run data modify entity @s {} merge value {transformation:[-0.9762960071199334f,0.10821980696905148f,0.18744220405569367f,-0.01555659725180114f,0f,0.8660254037844387f,-0.49999999999999994f,1.4475438292754046f,-0.216439613938103f,-0.4881480035599666f,-0.8454971437791755f,0.07017127551174529f,0f,0f,0f,1f],start_interpolation:0}
execute if entity @s[tag=aj.lexiel.bone.left_wing] run data modify entity @s {} merge value {transformation:[-0.8299120205197436f,0f,-0.5578942894463403f,0.14909195263225458f,0f,1f,0f,1.2131688292754046f,0.5578942894463403f,0f,-0.8299120205197436f,-0.09498204914772879f,0f,0f,0f,1f],start_interpolation:0}
execute if entity @s[tag=aj.lexiel.bone.right_wing] run data modify entity @s {} merge value {transformation:[-0.7531286948202303f,0f,0.657873216538245f,-0.09498204914772884f,0f,1f,0f,1.2131688292754046f,-0.657873216538245f,0f,-0.7531286948202303f,-0.1490919526322545f,0f,0f,0f,1f],start_interpolation:0}
execute if entity @s[tag=aj.lexiel.bone.body] run data modify entity @s {} merge value {transformation:[-0.9762960071199334f,0f,0.216439613938103f,0.3799281965909152f,0f,1f,0f,0.2756688292754046f,-0.216439613938103f,0f,-0.9762960071199334f,0.5963678105290182f,0f,0f,0f,1f],start_interpolation:0}
execute if entity @s[tag=aj.lexiel.bone.sword] run data modify entity @s {} merge value {transformation:[-0.9656327556925716f,-0.09499392373225213f,0.628843063162441f,-0.4789850308198322f,0.450518892027865f,0.7047795902533379f,0.7982684508286183f,0.753227927715652f,-0.44888770484337803f,0.9116885137569126f,-0.5515776870252784f,-0.15420152705211354f,0f,0f,0f,1f],start_interpolation:0}
execute if entity @s[tag=aj.lexiel.bone.rod] run data modify entity @s {} merge value {transformation:[-0.000009487152682640239f,9.885406188001782e-8f,0.0000031597724365406384f,-0.5024944357602132f,0.000002360141675868148f,0.000006871307418163966f,0.000006871307418163967f,0.7555638642882488f,-0.000002103251113419991f,0.000007264665321921905f,-0.000006542245219675192f,-0.04553620699294674f,0f,0f,0f,1f],start_interpolation:0}
execute if entity @s[tag=aj.lexiel.bone.right_hand] run data modify entity @s {} merge value {transformation:[-0.9487152682640239f,0.23041968943874205f,0.216439613938103f,-0.40674600730783683f,0.23601416758681476f,0.9717496142002336f,0f,1.1668725175749195f,-0.21032511134199908f,0.05108281531641293f,-0.9762960071199334f,-0.09017341887147369f,0f,0f,0f,1f],start_interpolation:0}
execute if entity @s[tag=aj.lexiel.bone.right_arm] run data modify entity @s {} merge value {transformation:[-0.9487152682640239f,0.23041968943874205f,0.216439613938103f,-0.3050925022249792f,0.23601416758681476f,0.9717496142002336f,0f,1.4631688292754046f,-0.21032511134199908f,0.05108281531641293f,-0.9762960071199334f,-0.06763737935565718f,0f,0f,0f,1f],start_interpolation:0}
execute if entity @s[tag=aj.lexiel.bone.left_hand] run data modify entity @s {} merge value {transformation:[-0.9529053517967574f,-0.23437129398936948f,0.1924616509095948f,0.40884278181915507f,-0.21229931830728785f,0.9687146911694485f,0.12853344529242508f,1.160445488284952f,-0.21656497861694785f,0.08162073061562539f,-0.9728502795242505f,0.048894638973839964f,0f,0f,0f,1f],start_interpolation:0}
execute if entity @s[tag=aj.lexiel.bone.left_arm] run data modify entity @s {} merge value {transformation:[-0.9529053517967574f,-0.23437129398936948f,0.1924616509095948f,0.3356017524474771f,-0.21229931830728785f,0.9687146911694485f,0.12853344529242508f,1.4631688292754046f,-0.21656497861694785f,0.08162073061562539f,-0.9728502795242505f,0.0744011172912229f,0f,0f,0f,1f],start_interpolation:0}
execute if entity @s[tag=aj.lexiel.bone.skirt_right] run data modify entity @s {} merge value {transformation:[-1f,3.896705134341539e-17f,1.1609981367865413e-16f,-0.21875f,0f,0.9480269230237433f,-0.318190121188785f,0.7622103157355108f,-1.2246467991473532e-16f,-0.318190121188785f,-0.9480269230237433f,0.07660111178714439f,0f,0f,0f,1f],start_interpolation:0}
execute if entity @s[tag=aj.lexiel.bone.skirt_left] run data modify entity @s {} merge value {transformation:[-1f,2.4415530273663994e-17f,1.2000616529193144e-16f,0.21875f,0f,0.9799247046208297f,-0.19936793441719713f,0.7622103157355108f,-1.2246467991473532e-16f,-0.19936793441719713f,-0.9799247046208297f,0.07660111178714445f,0f,0f,0f,1f],start_interpolation:0}
execute if entity @s[tag=aj.lexiel.bone.skirt_back_middle] run data modify entity @s {} merge value {transformation:[-1f,8.542704229054945e-18f,1.221663621095163e-16f,2.5890831079099144e-17f,0f,0.9975640502598242f,-0.06975647374412527f,0.754813265490354f,-1.2246467991473532e-16f,-0.06975647374412527f,-0.9975640502598242f,-0.21141467970295885f,0f,0f,0f,1f],start_interpolation:0}
execute if entity @s[tag=aj.lexiel.bone.skirt_front_middle] run data modify entity @s {} merge value {transformation:[-1f,3.818217711262142e-17f,1.1636029897503266e-16f,-1.8669277248785437e-17f,0f,0.9501539468853161f,-0.31178113672615926f,0.8455339763402294f,-1.2246467991473532e-16f,-0.31178113672615926f,-0.9501539468853161f,0.15244621765053987f,0f,0f,0f,1f],start_interpolation:0}
execute if entity @s[tag=aj.lexiel.bone.skirt] run data modify entity @s {} merge value {transformation:[-1f,2.962688750897932e-17f,1.1882695554102554e-16f,-8.825426495332135e-18f,0f,0.9702957262759965f,-0.24192189559966767f,0.7804033606031857f,-1.2246467991473532e-16f,-0.24192189559966767f,-0.9702957262759965f,0.07206507624465064f,0f,0f,0f,1f],start_interpolation:0}
execute if entity @s[tag=aj.lexiel.bone.rightupper] run data modify entity @s {} merge value {transformation:[-0.9980611168039252f,-0.046550780667980005f,-0.04131624309280031f,-0.13785878730693266f,-0.024121304024068042f,0.901213726630604f,-0.43270311025547004f,0.7198008767903382f,0.057377432987893676f,-0.43086754780533265f,-0.900589244013018f,-0.004422907352750902f,0f,0f,0f,1f],start_interpolation:0}
execute if entity @s[tag=aj.lexiel.bone.rightfoot] run data modify entity @s {} merge value {transformation:[-0.9989841248739492f,0.012468617398220548f,-0.04330417797403275f,-0.09063061039867171f,0.01668317753582101f,0.9950100627317611f,-0.09836994789998149f,0.4731709874739001f,0.04186155559864191f,-0.09899246760594255f,-0.9942072729165423f,0.20473468627701646f,0f,0f,0f,1f],start_interpolation:0}
execute if entity @s[tag=aj.lexiel.bone.leftupper] run data modify entity @s {} merge value {transformation:[-0.9971471915804389f,0.0753877605186301f,-0.0037634940187477504f,0.1365704737549597f,0.07400289059371037f,0.9665753092897186f,-0.2454704537317271f,0.7239017098044992f,-0.014867767385145798f,-0.24504868299068722f,-0.9693967673030022f,-0.004152052324435156f,0f,0f,0f,1f],start_interpolation:0}
execute if entity @s[tag=aj.lexiel.bone.leftfoot] run data modify entity @s {} merge value {transformation:[-0.9994898320701184f,0.03191340972046741f,0.001268805918945522f,0.12084171805802385f,0.030989908630062558f,0.9786458293872633f,-0.20320424746056812f,0.4696075997918706f,-0.007726652027026268f,-0.20306125899080063f,-0.9791355493217087f,0.18408011233435284f,0f,0f,0f,1f],start_interpolation:0}
execute if entity @s[tag=aj.lexiel.bone.lower] run data modify entity @s {} merge value {transformation:[-1f,2.962688750897932e-17f,1.1882695554102554e-16f,0f,0f,0.9702957262759965f,-0.24192189559966767f,0.6819188292754046f,-1.2246467991473532e-16f,-0.24192189559966767f,-0.9702957262759965f,0f,0f,0f,0f,1f],start_interpolation:0}