execute if entity @s[tag=aj.lexiel.bone.backhair] run data modify entity @s {} merge value {transformation:[-0.9959006431440233f,0.09045375892037988f,-0.00016273443020486944f,-0.001456566316154104f,0.09045321851751874f,0.9958844591038299f,-0.005688530152338778f,1.511713462270497f,-0.00035248424500880504f,-0.0056799306902340085f,-0.9999838069399979f,-0.26553194980140205f,0f,0f,0f,1f],start_interpolation:0}
execute if entity @s[tag=aj.lexiel.bone.head] run data modify entity @s {} merge value {transformation:[-0.9959006431440233f,0.09045375892037988f,-0.00016273443020486944f,0f,0.09045321851751874f,0.9958844591038299f,-0.005688530152338778f,1.5287851727657094f,-0.00035248424500880504f,-0.0056799306902340085f,-0.9999838069399979f,0f,0f,0f,0f,1f],start_interpolation:0}
execute if entity @s[tag=aj.lexiel.bone.ring] run data modify entity @s {} merge value {transformation:[-0.9614638770465722f,0.16953202249987687f,0.216439613938103f,0f,0.17364817766693033f,0.984807753012208f,0f,0.9662851727657094f,-0.21315140986521297f,0.037584344535285516f,-0.9762960071199334f,0f,0f,0f,0f,1f],start_interpolation:0}
execute if entity @s[tag=aj.lexiel.bone.bust] run data modify entity @s {} merge value {transformation:[-0.9762960071199334f,0.10821980696905148f,0.18744220405569367f,-0.01555659725180114f,0f,0.8660254037844387f,-0.49999999999999994f,1.4194101727657094f,-0.216439613938103f,-0.4881480035599666f,-0.8454971437791755f,0.07017127551174529f,0f,0f,0f,1f],start_interpolation:0}
execute if entity @s[tag=aj.lexiel.bone.left_wing] run data modify entity @s {} merge value {transformation:[-0.8710062633257523f,0f,-0.4912719096867949f,0.14909195263225458f,0f,1f,0f,1.1850351727657094f,0.4912719096867949f,0f,-0.8710062633257523f,-0.09498204914772879f,0f,0f,0f,1f],start_interpolation:0}
execute if entity @s[tag=aj.lexiel.bone.right_wing] run data modify entity @s {} merge value {transformation:[-0.8138086276277764f,0f,0.5811329603443565f,-0.09498204914772884f,0f,1f,0f,1.1850351727657094f,-0.5811329603443565f,0f,-0.8138086276277764f,-0.1490919526322545f,0f,0f,0f,1f],start_interpolation:0}
execute if entity @s[tag=aj.lexiel.bone.body] run data modify entity @s {} merge value {transformation:[-0.9762960071199334f,0f,0.216439613938103f,0.3799281965909152f,0f,1f,0f,0.24753517276570935f,-0.216439613938103f,0f,-0.9762960071199334f,0.5963678105290182f,0f,0f,0f,1f],start_interpolation:0}
execute if entity @s[tag=aj.lexiel.bone.sword] run data modify entity @s {} merge value {transformation:[-1.0102796731785533f,-0.13518038228059268f,0.545871146616771f,-0.39627275995536226f,0.3252149035089686f,0.7751934636883707f,0.793866753863946f,0.7078630845259657f,-0.45878569179725714f,0.8471808665221965f,-0.6393076965756104f,-0.1358646580663834f,0f,0f,0f,1f],start_interpolation:0}
execute if entity @s[tag=aj.lexiel.bone.rod] run data modify entity @s {} merge value {transformation:[-0.00000969217174524451f,-7.006410709588609e-7f,0.0000023602773037017596f,-0.4200540207229374f,0.0000012020330165410942f,0.000007019797597763952f,0.000007019797597763953f,0.7102494056481179f,-0.0000021487027453394162f,0.000007087421518162517f,-0.000006719489023434579f,-0.027259360772076954f,0f,0f,0f,1f],start_interpolation:0}
execute if entity @s[tag=aj.lexiel.bone.right_hand] run data modify entity @s {} merge value {transformation:[-0.9692171745244508f,0.11735400344753989f,0.216439613938103f,-0.3720536650062245f,0.1202033016541094f,0.9927492967871854f,0f,1.128557370696405f,-0.2148702745339416f,0.026016756204100776f,-0.9762960071199334f,-0.08248231174862435f,0f,0f,0f,1f],start_interpolation:0}
execute if entity @s[tag=aj.lexiel.bone.right_arm] run data modify entity @s {} merge value {transformation:[-0.9692171745244508f,0.11735400344753989f,0.216439613938103f,-0.3050925022249792f,0.1202033016541094f,0.9927492967871854f,0f,1.4350351727657094f,-0.2148702745339416f,0.026016756204100776f,-0.9762960071199334f,-0.06763737935565718f,0f,0f,0f,1f],start_interpolation:0}
execute if entity @s[tag=aj.lexiel.bone.left_hand] run data modify entity @s {} merge value {transformation:[-0.9573246523505939f,-0.21560736567536237f,0.1924655134520082f,0.4029790542210278f,-0.19323319988278956f,0.9726999872936174f,0.1285132879590843f,1.1310664267364539f,-0.21491961396036532f,0.0858382116864465f,-0.9728521783650383f,0.047576676139208365f,0f,0f,0f,1f],start_interpolation:0}
execute if entity @s[tag=aj.lexiel.bone.left_arm] run data modify entity @s {} merge value {transformation:[-0.9573246523505939f,-0.21560736567536237f,0.1924655134520082f,0.3356017524474771f,-0.19323319988278956f,0.9726999872936174f,0.1285132879590843f,1.4350351727657094f,-0.21491961396036532f,0.0858382116864465f,-0.9728521783650383f,0.0744011172912229f,0f,0f,0f,1f],start_interpolation:0}
execute if entity @s[tag=aj.lexiel.bone.skirt_right] run data modify entity @s {} merge value {transformation:[-1f,3.437753118141136e-17f,1.1754055970808402e-16f,-0.21875f,0f,0.9597915071506359f,-0.280713845047783f,0.7340766592258156f,-1.2246467991473532e-16f,-0.280713845047783f,-0.9597915071506359f,0.07660111178714439f,0f,0f,0f,1f],start_interpolation:0}
execute if entity @s[tag=aj.lexiel.bone.skirt_left] run data modify entity @s {} merge value {transformation:[-1f,2.4415530273663994e-17f,1.2000616529193144e-16f,0.21875f,0f,0.9799247046208297f,-0.19936793441719713f,0.7340766592258156f,-1.2246467991473532e-16f,-0.19936793441719713f,-0.9799247046208297f,0.07660111178714445f,0f,0f,0f,1f],start_interpolation:0}
execute if entity @s[tag=aj.lexiel.bone.skirt_back_middle] run data modify entity @s {} merge value {transformation:[-1f,8.542704229054945e-18f,1.221663621095163e-16f,2.5890831079099144e-17f,0f,0.9975640502598242f,-0.06975647374412527f,0.7266796089806588f,-1.2246467991473532e-16f,-0.06975647374412527f,-0.9975640502598242f,-0.21141467970295885f,0f,0f,0f,1f],start_interpolation:0}
execute if entity @s[tag=aj.lexiel.bone.skirt_front_middle] run data modify entity @s {} merge value {transformation:[-1f,3.904275215250046e-17f,1.1607437844320769e-16f,-1.8669277248785437e-17f,0f,0.9478192285647027f,-0.31880826520498434f,0.8174003198305342f,-1.2246467991473532e-16f,-0.31880826520498434f,-0.9478192285647027f,0.15244621765053987f,0f,0f,0f,1f],start_interpolation:0}
execute if entity @s[tag=aj.lexiel.bone.skirt] run data modify entity @s {} merge value {transformation:[-1f,2.962688750897932e-17f,1.1882695554102554e-16f,-8.825426495332135e-18f,0f,0.9702957262759965f,-0.24192189559966767f,0.7522697040934905f,-1.2246467991473532e-16f,-0.24192189559966767f,-0.9702957262759965f,0.07206507624465064f,0f,0f,0f,1f],start_interpolation:0}
execute if entity @s[tag=aj.lexiel.bone.rightupper] run data modify entity @s {} merge value {transformation:[-0.9981383421722455f,-0.044784571496288304f,-0.04140280233915702f,-0.13783778395159557f,-0.024700148269239375f,0.9174993696262187f,-0.3969695320940497f,0.6931138887722759f,0.05576515543884958f,-0.3952078553007075f,-0.9168974852989269f,-0.004491862777044324f,0f,0f,0f,1f],start_interpolation:0}
execute if entity @s[tag=aj.lexiel.bone.rightfoot] run data modify entity @s {} merge value {transformation:[-0.9989841278421179f,0.014159563445621215f,-0.042781059857751914f,-0.09115547749277464f,0.016683103418276404f,0.9981056480323253f,-0.05921815115576351f,0.43839015058014486f,0.04186151430440875f,-0.059871713930713444f,-0.9973279257551854f,0.19485808452990463f,0f,0f,0f,1f],start_interpolation:0}
execute if entity @s[tag=aj.lexiel.bone.leftupper] run data modify entity @s {} merge value {transformation:[-0.999858613921485f,0.01654334567520242f,-0.003011624292256909f,0.135950810201303f,0.016750452630874237f,0.9641954322022581f,-0.264663164903924f,0.6957025048790219f,-0.0014746198383952462f,-0.26467619128696035f,-0.9643362169192654f,-0.004348690211905155f,0f,0f,0f,1f],start_interpolation:0}
execute if entity @s[tag=aj.lexiel.bone.leftfoot] run data modify entity @s {} merge value {transformation:[-0.9996360905330989f,-0.026970218246565297f,-0.0005420622056380954f,0.13739574557260512f,-0.02617437249010839f,0.9746080777521576f,-0.22238254653860168f,0.4447483691075725f,0.006526004018632092f,-0.22228743128655956f,-0.9749593371846704f,0.1889499216836369f,0f,0f,0f,1f],start_interpolation:0}
execute if entity @s[tag=aj.lexiel.bone.lower] run data modify entity @s {} merge value {transformation:[-1f,2.962688750897932e-17f,1.1882695554102554e-16f,0f,0f,0.9702957262759965f,-0.24192189559966767f,0.6537851727657094f,-1.2246467991473532e-16f,-0.24192189559966767f,-0.9702957262759965f,0f,0f,0f,0f,1f],start_interpolation:0}