execute if entity @s[tag=aj.lexiel.bone.backhair] run data modify entity @s {} merge value {transformation:[-0.9933000649741803f,0.11556347626896353f,-0.0002527348846242672f,-0.0018728120204308761f,0.11556303655581829f,0.99328383586487f,-0.005692626069615627f,1.4936745719406241f,-0.0004068221820476281f,-0.005683692655533687f,-0.9999837649349662f,-0.26553187986310767f,0f,0f,0f,1f],start_interpolation:0}
execute if entity @s[tag=aj.lexiel.bone.head] run data modify entity @s {} merge value {transformation:[-0.9933000649741803f,0.11556347626896353f,-0.0002527348846242672f,0f,0.11556303655581829f,0.99328383586487f,-0.005692626069615627f,1.5107067356757544f,-0.0004068221820476281f,-0.005683692655533687f,-0.9999837649349662f,0f,0f,0f,0f,1f],start_interpolation:0}
execute if entity @s[tag=aj.lexiel.bone.ring] run data modify entity @s {} merge value {transformation:[-0.9614638770465722f,0.16953202249987687f,0.216439613938103f,0f,0.17364817766693033f,0.984807753012208f,0f,0.9482067356757544f,-0.21315140986521297f,0.037584344535285516f,-0.9762960071199334f,0f,0f,0f,0f,1f],start_interpolation:0}
execute if entity @s[tag=aj.lexiel.bone.bust] run data modify entity @s {} merge value {transformation:[-0.9762960071199334f,0.10821980696905148f,0.18744220405569367f,-0.01555659725180114f,0f,0.8660254037844387f,-0.49999999999999994f,1.4013317356757544f,-0.216439613938103f,-0.4881480035599666f,-0.8454971437791755f,0.07017127551174529f,0f,0f,0f,1f],start_interpolation:0}
execute if entity @s[tag=aj.lexiel.bone.left_wing] run data modify entity @s {} merge value {transformation:[-0.8938787774302276f,0f,-0.448308745464375f,0.14909195263225458f,0f,1f,0f,1.1669567356757544f,0.448308745464375f,0f,-0.8938787774302276f,-0.09498204914772879f,0f,0f,0f,1f],start_interpolation:0}
execute if entity @s[tag=aj.lexiel.bone.right_wing] run data modify entity @s {} merge value {transformation:[-0.8476405907546114f,0f,0.5305708519181708f,-0.09498204914772884f,0f,1f,0f,1.1669567356757544f,-0.5305708519181708f,0f,-0.8476405907546114f,-0.1490919526322545f,0f,0f,0f,1f],start_interpolation:0}
execute if entity @s[tag=aj.lexiel.bone.body] run data modify entity @s {} merge value {transformation:[-0.9762960071199334f,0f,0.216439613938103f,0.3799281965909152f,0f,1f,0f,0.22945673567575442f,-0.216439613938103f,0f,-0.9762960071199334f,0.5963678105290182f,0f,0f,0f,1f],start_interpolation:0}
execute if entity @s[tag=aj.lexiel.bone.sword] run data modify entity @s {} merge value {transformation:[-1.0312509079534107f,-0.15066763115040513f,0.5007343529944712f,-0.342308755386332f,0.2422059420878863f,0.8436493209936854f,0.752666039691053f,0.6840192293644576f,-0.4634349026158752f,0.776188862719905f,-0.7208834877613685f,-0.12390112627859015f,0f,0f,0f,1f],start_interpolation:0}
execute if entity @s[tag=aj.lexiel.bone.rod] run data modify entity @s {} merge value {transformation:[-0.000009753156350098019f,-0.000001221161141446425f,0.0000018397572332141955f,-0.3662669625717218f,4.4803367842797316e-7f,0.000007063967221858915f,0.000007063967221858916f,0.686420565578636f,-0.000002162222706738829f,0.0000069720249967368974f,-0.000006834885544860199f,-0.015335057060687024f,0f,0f,0f,1f],start_interpolation:0}
execute if entity @s[tag=aj.lexiel.bone.right_hand] run data modify entity @s {} merge value {transformation:[-0.9753156350098019f,0.043741349130448644f,0.216439613938103f,-0.3492402874223007f,0.044803367842797315f,0.9989958249311871f,0f,1.106170645629846f,-0.21622227067388286f,0.009697223639021868f,-0.9762960071199334f,-0.07742470770141036f,0f,0f,0f,1f],start_interpolation:0}
execute if entity @s[tag=aj.lexiel.bone.right_arm] run data modify entity @s {} merge value {transformation:[-0.9753156350098019f,0.043741349130448644f,0.216439613938103f,-0.3050925022249792f,0.044803367842797315f,0.9989958249311871f,0f,1.4169567356757544f,-0.21622227067388286f,0.009697223639021868f,-0.9762960071199334f,-0.06763737935565718f,0f,0f,0f,1f],start_interpolation:0}
execute if entity @s[tag=aj.lexiel.bone.left_hand] run data modify entity @s {} merge value {transformation:[-0.9599695537917784f,-0.20351047661495786f,0.19246283199819797f,0.3991987763896514f,-0.18094151660972715f,0.9750595936724774f,0.1285260921145397f,1.112250612653105f,-0.21381913702890515f,0.0885566185850386f,-0.9728510173428399f,0.04672717398339833f,0f,0f,0f,1f],start_interpolation:0}
execute if entity @s[tag=aj.lexiel.bone.left_arm] run data modify entity @s {} merge value {transformation:[-0.9599695537917784f,-0.20351047661495786f,0.19246283199819797f,0.3356017524474771f,-0.18094151660972715f,0.9750595936724774f,0.1285260921145397f,1.4169567356757544f,-0.21381913702890515f,0.0885566185850386f,-0.9728510173428399f,0.0744011172912229f,0f,0f,0f,1f],start_interpolation:0}
execute if entity @s[tag=aj.lexiel.bone.skirt_right] run data modify entity @s {} merge value {transformation:[-1f,3.139990526175145e-17f,1.1837078937040005e-16f,-0.21875f,0f,0.9665708468173386f,-0.2563996842486608f,0.7159982221358606f,-1.2246467991473532e-16f,-0.2563996842486608f,-0.9665708468173386f,0.07660111178714439f,0f,0f,0f,1f],start_interpolation:0}
execute if entity @s[tag=aj.lexiel.bone.skirt_left] run data modify entity @s {} merge value {transformation:[-1f,2.4415530273663994e-17f,1.2000616529193144e-16f,0.21875f,0f,0.9799247046208297f,-0.19936793441719713f,0.7159982221358606f,-1.2246467991473532e-16f,-0.19936793441719713f,-0.9799247046208297f,0.07660111178714445f,0f,0f,0f,1f],start_interpolation:0}
execute if entity @s[tag=aj.lexiel.bone.skirt_back_middle] run data modify entity @s {} merge value {transformation:[-1f,8.542704229054945e-18f,1.221663621095163e-16f,2.5890831079099144e-17f,0f,0.9975640502598242f,-0.06975647374412527f,0.7086011718907038f,-1.2246467991473532e-16f,-0.06975647374412527f,-0.9975640502598242f,-0.21141467970295885f,0f,0f,0f,1f],start_interpolation:0}
execute if entity @s[tag=aj.lexiel.bone.skirt_front_middle] run data modify entity @s {} merge value {transformation:[-1f,3.947650228931013e-17f,1.1592757908979497e-16f,-1.8669277248785437e-17f,0f,0.9466205208759642f,-0.32235010385684426f,0.7993218827405792f,-1.2246467991473532e-16f,-0.32235010385684426f,-0.9466205208759642f,0.15244621765053987f,0f,0f,0f,1f],start_interpolation:0}
execute if entity @s[tag=aj.lexiel.bone.skirt] run data modify entity @s {} merge value {transformation:[-1f,2.962688750897932e-17f,1.1882695554102554e-16f,-8.825426495332135e-18f,0f,0.9702957262759965f,-0.24192189559966767f,0.7341912670035355f,-1.2246467991473532e-16f,-0.24192189559966767f,-0.9702957262759965f,0.07206507624465064f,0f,0f,0f,1f],start_interpolation:0}
execute if entity @s[tag=aj.lexiel.bone.rightupper] run data modify entity @s {} merge value {transformation:[-0.9981878868778896f,-0.04364833724002494f,-0.04142179554817377f,-0.1378228484858146f,-0.025038429111167215f,0.9272193788311266f,-0.3736807468784884f,0.6759658656345751f,0.05471763479810427f,-0.37196645840209963f,-0.9266320382254762f,-0.004506241113331387f,0f,0f,0f,1f],start_interpolation:0}
execute if entity @s[tag=aj.lexiel.bone.rightfoot] run data modify entity @s {} merge value {transformation:[-0.9989841278421179f,0.015234828611856047f,-0.042410049713369785f,-0.09149494948659184f,0.016683103418276404f,0.9992823238196635f,-0.03400751919661682f,0.41624732795891883f,0.04186151430440876f,-0.034680503150048725f,-0.9985213449503226f,0.1883767000403862f,0f,0f,0f,1f],start_interpolation:0}
execute if entity @s[tag=aj.lexiel.bone.leftupper] run data modify entity @s {} merge value {transformation:[-0.9997726485206133f,-0.02128275429856268f,-0.0013021672494411927f,0.13557489835126277f,-0.020090235748297203f,0.9606939999126094f,-0.2768816009768236f,0.6775637366940903f,0.007143787346803267f,-0.27679249068820155f,-0.9609031602617224f,-0.0044631477022456165f,0f,0f,0f,1f],start_interpolation:0}
execute if entity @s[tag=aj.lexiel.bone.leftfoot] run data modify entity @s {} merge value {transformation:[-0.9978984727425343f,-0.06479508869553066f,-0.00048433362042498167f,0.14790127894050942f,-0.06287215401167773f,0.9700378541584368f,-0.23467776577602514f,0.42932058374291926f,0.015675788594180354f,-0.23415413295654924f,-0.9720730999628151f,0.1919237582110463f,0f,0f,0f,1f],start_interpolation:0}
execute if entity @s[tag=aj.lexiel.bone.lower] run data modify entity @s {} merge value {transformation:[-1f,2.962688750897932e-17f,1.1882695554102554e-16f,0f,0f,0.9702957262759965f,-0.24192189559966767f,0.6357067356757544f,-1.2246467991473532e-16f,-0.24192189559966767f,-0.9702957262759965f,0f,0f,0f,0f,1f],start_interpolation:0}