execute if entity @s[tag=aj.lexiel.bone.backhair] run data modify entity @s {} merge value {transformation:[-0.9932086590439188f,0.11634643581285761f,-0.0002578251839414625f,-0.0018863978740603512f,0.11634601220077671f,0.9931924276793747f,-0.005692718623537554f,1.4931115012817742f,-0.0004062575015784109f,-0.005684054362394591f,-0.9999837631086056f,-0.26553187372631093f,0f,0f,0f,1f],start_interpolation:0}
execute if entity @s[tag=aj.lexiel.bone.head] run data modify entity @s {} merge value {transformation:[-0.9932086590439188f,0.11634643581285761f,-0.0002578251839414625f,0f,0.11634601220077671f,0.9931924276793747f,-0.005692718623537554f,1.5101422613486415f,-0.0004062575015784109f,-0.005684054362394591f,-0.9999837631086056f,0f,0f,0f,0f,1f],start_interpolation:0}
execute if entity @s[tag=aj.lexiel.bone.ring] run data modify entity @s {} merge value {transformation:[-0.9614638770465722f,0.16953202249987687f,0.216439613938103f,0f,0.17364817766693033f,0.984807753012208f,0f,0.9476422613486415f,-0.21315140986521297f,0.037584344535285516f,-0.9762960071199334f,0f,0f,0f,0f,1f],start_interpolation:0}
execute if entity @s[tag=aj.lexiel.bone.bust] run data modify entity @s {} merge value {transformation:[-0.9762960071199334f,0.10821980696905148f,0.18744220405569367f,-0.01555659725180114f,0f,0.8660254037844387f,-0.49999999999999994f,1.4007672613486415f,-0.216439613938103f,-0.4881480035599666f,-0.8454971437791755f,0.07017127551174529f,0f,0f,0f,1f],start_interpolation:0}
execute if entity @s[tag=aj.lexiel.bone.left_wing] run data modify entity @s {} merge value {transformation:[-0.8934770034414597f,0f,-0.449108944824382f,0.14909195263225458f,0f,1f,0f,1.1663922613486415f,0.449108944824382f,0f,-0.8934770034414597f,-0.09498204914772879f,0f,0f,0f,1f],start_interpolation:0}
execute if entity @s[tag=aj.lexiel.bone.right_wing] run data modify entity @s {} merge value {transformation:[-0.8470462184324682f,0f,0.5315192412690771f,-0.09498204914772884f,0f,1f,0f,1.1663922613486415f,-0.5315192412690771f,0f,-0.8470462184324682f,-0.1490919526322545f,0f,0f,0f,1f],start_interpolation:0}
execute if entity @s[tag=aj.lexiel.bone.body] run data modify entity @s {} merge value {transformation:[-0.9762960071199334f,0f,0.216439613938103f,0.3799281965909152f,0f,1f,0f,0.2288922613486415f,-0.216439613938103f,0f,-0.9762960071199334f,0.5963678105290182f,0f,0f,0f,1f],start_interpolation:0}
execute if entity @s[tag=aj.lexiel.bone.sword] run data modify entity @s {} merge value {transformation:[-1.031806629700283f,-0.13760918841708406f,0.5033416858057107f,-0.34061782708775074f,0.23958928690626569f,0.8658710818745851f,0.7278587127135889f,0.6833421733055719f,-0.4635581031610713f,0.7538202991008714f,-0.7441659117140361f,-0.1235262564998828f,0f,0f,0f,1f],start_interpolation:0}
execute if entity @s[tag=aj.lexiel.bone.rod] run data modify entity @s {} merge value {transformation:[-0.00000975416268122592f,-0.0000012374577026821263f,0.0000018234606719784943f,-0.364581574151998f,4.244272949628187e-7f,0.000007064696082326916f,0.000007064696082326917f,0.685743757289733f,-0.0000021624458049787355f,0.000006968412136091508f,-0.000006838498405505588f,-0.01496141544355404f,0f,0f,0f,1f],start_interpolation:0}
execute if entity @s[tag=aj.lexiel.bone.right_hand] run data modify entity @s {} merge value {transformation:[-0.975416268122592f,0.04143666733849141f,0.216439613938103f,-0.3485232191470887f,0.04244272949628187f,0.9990989013670796f,0f,1.105500189968188f,-0.21624458049787354f,0.009186287986654584f,-0.9762960071199334f,-0.0772657374920453f,0f,0f,0f,1f],start_interpolation:0}
execute if entity @s[tag=aj.lexiel.bone.right_arm] run data modify entity @s {} merge value {transformation:[-0.975416268122592f,0.04143666733849141f,0.216439613938103f,-0.3050925022249792f,0.04244272949628187f,0.9990989013670796f,0f,1.4163922613486415f,-0.21624458049787354f,0.009186287986654584f,-0.9762960071199334f,-0.06763737935565718f,0f,0f,0f,1f],start_interpolation:0}
execute if entity @s[tag=aj.lexiel.bone.left_hand] run data modify entity @s {} merge value {transformation:[-0.9600496768494693f,-0.20313229934692878f,0.1924626897433872f,0.3990805959933923f,-0.18055725051175678f,0.9751307279401821f,0.12852681710244473f,1.1116639088673346f,-0.21378423063655633f,0.08864159513952963f,-0.9728509497051722f,0.04670061881011989f,0f,0f,0f,1f],start_interpolation:0}
execute if entity @s[tag=aj.lexiel.bone.left_arm] run data modify entity @s {} merge value {transformation:[-0.9600496768494693f,-0.20313229934692878f,0.1924626897433872f,0.3356017524474771f,-0.18055725051175678f,0.9751307279401821f,0.12852681710244473f,1.4163922613486415f,-0.21378423063655633f,0.08864159513952963f,-0.9728509497051722f,0.0744011172912229f,0f,0f,0f,1f],start_interpolation:0}
execute if entity @s[tag=aj.lexiel.bone.skirt_right] run data modify entity @s {} merge value {transformation:[-1f,3.130660100774694e-17f,1.183955005900153e-16f,-0.21875f,0f,0.9667726292384617f,-0.25563779719625135f,0.7154337478087477f,-1.2246467991473532e-16f,-0.25563779719625135f,-0.9667726292384617f,0.07660111178714439f,0f,0f,0f,1f],start_interpolation:0}
execute if entity @s[tag=aj.lexiel.bone.skirt_left] run data modify entity @s {} merge value {transformation:[-1f,2.4415530273663994e-17f,1.2000616529193144e-16f,0.21875f,0f,0.9799247046208297f,-0.19936793441719713f,0.7154337478087477f,-1.2246467991473532e-16f,-0.19936793441719713f,-0.9799247046208297f,0.07660111178714445f,0f,0f,0f,1f],start_interpolation:0}
execute if entity @s[tag=aj.lexiel.bone.skirt_back_middle] run data modify entity @s {} merge value {transformation:[-1f,8.542704229054945e-18f,1.221663621095163e-16f,2.5890831079099144e-17f,0f,0.9975640502598242f,-0.06975647374412527f,0.7080366975635909f,-1.2246467991473532e-16f,-0.06975647374412527f,-0.9975640502598242f,-0.21141467970295885f,0f,0f,0f,1f],start_interpolation:0}
execute if entity @s[tag=aj.lexiel.bone.skirt_front_middle] run data modify entity @s {} merge value {transformation:[-1f,3.5281944804218644e-17f,1.1727225672532547e-16f,-1.8669277248785437e-17f,0f,0.9576006470353329f,-0.2880989427219611f,0.7987574084134663f,-1.2246467991473532e-16f,-0.2880989427219611f,-0.9576006470353329f,0.15244621765053987f,0f,0f,0f,1f],start_interpolation:0}
execute if entity @s[tag=aj.lexiel.bone.skirt] run data modify entity @s {} merge value {transformation:[-1f,2.962688750897932e-17f,1.1882695554102554e-16f,-8.825426495332135e-18f,0f,0.9702957262759965f,-0.24192189559966767f,0.7336267926764226f,-1.2246467991473532e-16f,-0.24192189559966767f,-0.9702957262759965f,0.07206507624465064f,0f,0f,0f,1f],start_interpolation:0}
execute if entity @s[tag=aj.lexiel.bone.rightupper] run data modify entity @s {} merge value {transformation:[-0.9981894324060356f,-0.043612854167925486f,-0.04142192637050895f,-0.13782236624813618f,-0.0250485647474622f,0.9275134004880449f,-0.3729496766578514f,0.6754304460961481f,0.054684791642730005f,-0.3712368662544588f,-0.9269265141836004f,-0.004506312211042508f,0f,0f,0f,1f],start_interpolation:0}
execute if entity @s[tag=aj.lexiel.bone.rightfoot] run data modify entity @s {} merge value {transformation:[-0.9989841278421179f,0.015268249562668498f,-0.0423980291383361f,-0.09150557361634692f,0.016683103418276404f,0.9993088166367716f,-0.033219919511495055f,0.4155585931802634f,0.04186151430440875f,-0.03389350302502209f,-0.9985483684192943f,0.1881726871857274f,0f,0f,0f,1f],start_interpolation:0}
execute if entity @s[tag=aj.lexiel.bone.leftupper] run data modify entity @s {} merge value {transformation:[-0.9997469144910266f,-0.022462985187682808f,-0.0012333945557276894f,0.13556345004841636f,-0.021240445367199268f,0.9605598554506011f,-0.27726090163837286f,0.6769971688398368f,0.007412856822789702f,-0.2771645330722861f,-0.960793875480348f,-0.004466577229501868f,0f,0f,0f,1f],start_interpolation:0}
execute if entity @s[tag=aj.lexiel.bone.leftfoot] run data modify entity @s {} merge value {transformation:[-0.9978211704079755f,-0.06597494717248882f,-0.00046715227197911715f,0.14822735915860039f,-0.06401681402970073f,0.969870293385261f,-0.23506054864709738f,0.4288456717386713f,0.01596118439040847f,-0.2345184861676687f,-0.9719806172133683f,0.19201466704654807f,0f,0f,0f,1f],start_interpolation:0}
execute if entity @s[tag=aj.lexiel.bone.lower] run data modify entity @s {} merge value {transformation:[-1f,2.962688750897932e-17f,1.1882695554102554e-16f,0f,0f,0.9702957262759965f,-0.24192189559966767f,0.6351422613486415f,-1.2246467991473532e-16f,-0.24192189559966767f,-0.9702957262759965f,0f,0f,0f,0f,1f],start_interpolation:0}