execute if entity @s[tag=aj.lexiel.bone.backhair] run data modify entity @s {} merge value {transformation:[-0.9942682646662612f,0.10691386981382114f,-0.0002057157627490258f,-0.0017251724653211654f,0.10691330457182867f,0.9942520570537045f,-0.005691427765387334f,1.4998924487647187f,-0.0004039592468817743f,-0.005680799759763048f,-0.9999837825340051f,-0.2655319297393488f,0f,0f,0f,1f],start_interpolation:0}
execute if entity @s[tag=aj.lexiel.bone.head] run data modify entity @s {} merge value {transformation:[-0.9942682646662612f,0.10691386981382114f,-0.0002057157627490258f,0f,0.10691330457182867f,0.9942520570537045f,-0.005691427765387334f,1.516939422656364f,-0.0004039592468817743f,-0.005680799759763048f,-0.9999837825340051f,0f,0f,0f,0f,1f],start_interpolation:0}
execute if entity @s[tag=aj.lexiel.bone.ring] run data modify entity @s {} merge value {transformation:[-0.9614638770465722f,0.16953202249987687f,0.216439613938103f,0f,0.17364817766693033f,0.984807753012208f,0f,0.954439422656364f,-0.21315140986521297f,0.037584344535285516f,-0.9762960071199334f,0f,0f,0f,0f,1f],start_interpolation:0}
execute if entity @s[tag=aj.lexiel.bone.bust] run data modify entity @s {} merge value {transformation:[-0.9762960071199334f,0.10821980696905148f,0.18744220405569367f,-0.01555659725180114f,0f,0.8660254037844387f,-0.49999999999999994f,1.407564422656364f,-0.216439613938103f,-0.4881480035599666f,-0.8454971437791755f,0.07017127551174529f,0f,0f,0f,1f],start_interpolation:0}
execute if entity @s[tag=aj.lexiel.bone.left_wing] run data modify entity @s {} merge value {transformation:[-0.8862634684265899f,0f,-0.46318145961649926f,0.14909195263225458f,0f,1f,0f,1.173189422656364f,0.46318145961649926f,0f,-0.8862634684265899f,-0.09498204914772879f,0f,0f,0f,1f],start_interpolation:0}
execute if entity @s[tag=aj.lexiel.bone.right_wing] run data modify entity @s {} merge value {transformation:[-0.8363747516134453f,0f,0.5481580747043208f,-0.09498204914772884f,0f,1f,0f,1.173189422656364f,-0.5481580747043208f,0f,-0.8363747516134453f,-0.1490919526322545f,0f,0f,0f,1f],start_interpolation:0}
execute if entity @s[tag=aj.lexiel.bone.body] run data modify entity @s {} merge value {transformation:[-0.9762960071199334f,0f,0.216439613938103f,0.3799281965909152f,0f,1f,0f,0.23568942265636394f,-0.216439613938103f,0f,-0.9762960071199334f,0.5963678105290182f,0f,0f,0f,1f],start_interpolation:0}
execute if entity @s[tag=aj.lexiel.locator_origin.locator_right_hand] at @s on origin run tp @s ^-0.33762 ^0.61052 ^-0.04284 ~12.5 ~0
execute if entity @s[tag=aj.lexiel.bone.sword] run data modify entity @s {} merge value {transformation:[-1.0247144132734698f,-0.14515143743126002f,0.5155632783095082f,-0.360959592262806f,0.27100472469273273f,0.8194877360280207f,0.7693571031672387f,0.691766882845233f,-0.4619857929891617f,0.8026736405359952f,-0.6922414436920601f,-0.12803591726792857f,0f,0f,0f,1f],start_interpolation:0}
execute if entity @s[tag=aj.lexiel.bone.rod] run data modify entity @s {} merge value {transformation:[-0.000009738426277152485f,-0.00000104135643928113f,0.0000020195619353794904f,-0.38485661767306745f,7.084897762980713e-7f,0.000007053298598417662f,0.000007053298598417663f,0.6941646882628654f,-0.000002158957128186462f,0.000007011886739525046f,-0.00000679502380207205f,-0.019456530598065416f,0f,0f,0f,1f],start_interpolation:0}
execute if entity @s[tag=aj.lexiel.bone.right_hand] run data modify entity @s {} merge value {transformation:[-0.9738426277152483f,0.06916957396851017f,0.216439613938103f,-0.3571405762062401f,0.07084897762980712f,0.99748705373494f,0f,1.1136887489151266f,-0.2158957128186462f,0.015334525366104747f,-0.9762960071199334f,-0.07917615955814761f,0f,0f,0f,1f],start_interpolation:0}
execute if entity @s[tag=aj.lexiel.bone.right_arm] run data modify entity @s {} merge value {transformation:[-0.9738426277152483f,0.06916957396851017f,0.216439613938103f,-0.3050925022249792f,0.07084897762980712f,0.99748705373494f,0f,1.423189422656364f,-0.2158957128186462f,0.015334525366104747f,-0.9762960071199334f,-0.06763737935565718f,0f,0f,0f,1f],start_interpolation:0}
execute if entity @s[tag=aj.lexiel.locator_origin.locator_left_hand] at @s on origin run tp @s ^0.48535 ^0.68848 ^0.03909 ~11.19061 ~7.38404
execute if entity @s[tag=aj.lexiel.bone.left_hand] run data modify entity @s {} merge value {transformation:[-0.9590749559121019f,-0.20768429169559377f,0.19246418868220516f,0.40050309360235015f,-0.1851825312090002f,0.9742639223728495f,0.12851941369963477f,1.1187319469148485f,-0.21420237878517503f,0.08761874540056905f,-0.9728516312250305f,0.04702025935354507f,0f,0f,0f,1f],start_interpolation:0}
execute if entity @s[tag=aj.lexiel.bone.left_arm] run data modify entity @s {} merge value {transformation:[-0.9590749559121019f,-0.20768429169559377f,0.19246418868220516f,0.3356017524474771f,-0.1851825312090002f,0.9742639223728495f,0.12851941369963477f,1.423189422656364f,-0.21420237878517503f,0.08761874540056905f,-0.9728516312250305f,0.0744011172912229f,0f,0f,0f,1f],start_interpolation:0}
execute if entity @s[tag=aj.lexiel.bone.skirt_right] run data modify entity @s {} merge value {transformation:[-1f,3.2428821827851725e-17f,1.1809305373931195e-16f,-0.21875f,0f,0.9643029632832336f,-0.26480142560638653f,0.7222309091164701f,-1.2246467991473532e-16f,-0.26480142560638653f,-0.9643029632832336f,0.07660111178714439f,0f,0f,0f,1f],start_interpolation:0}
execute if entity @s[tag=aj.lexiel.bone.skirt_left] run data modify entity @s {} merge value {transformation:[-1f,2.4415530273663994e-17f,1.2000616529193144e-16f,0.21875f,0f,0.9799247046208297f,-0.19936793441719713f,0.7222309091164701f,-1.2246467991473532e-16f,-0.19936793441719713f,-0.9799247046208297f,0.07660111178714445f,0f,0f,0f,1f],start_interpolation:0}
execute if entity @s[tag=aj.lexiel.bone.skirt_back_middle] run data modify entity @s {} merge value {transformation:[-1f,8.542704229054945e-18f,1.221663621095163e-16f,2.5890831079099144e-17f,0f,0.9975640502598242f,-0.06975647374412527f,0.7148338588713133f,-1.2246467991473532e-16f,-0.06975647374412527f,-0.9975640502598242f,-0.21141467970295885f,0f,0f,0f,1f],start_interpolation:0}
execute if entity @s[tag=aj.lexiel.bone.skirt_front_middle] run data modify entity @s {} merge value {transformation:[-1f,3.9324602241894376e-17f,1.159791941907486e-16f,-1.8669277248785437e-17f,0f,0.9470419901599206f,-0.3211097458407901f,0.8055545697211888f,-1.2246467991473532e-16f,-0.3211097458407901f,-0.9470419901599206f,0.15244621765053987f,0f,0f,0f,1f],start_interpolation:0}
execute if entity @s[tag=aj.lexiel.bone.skirt] run data modify entity @s {} merge value {transformation:[-1f,2.962688750897932e-17f,1.1882695554102554e-16f,-8.825426495332135e-18f,0f,0.9702957262759965f,-0.24192189559966767f,0.7404239539841451f,-1.2246467991473532e-16f,-0.24192189559966767f,-0.9702957262759965f,0.07206507624465064f,0f,0f,0f,1f],start_interpolation:0}
execute if entity @s[tag=aj.lexiel.bone.rightupper] run data modify entity @s {} merge value {transformation:[-0.9981708151796196f,-0.04404006001318914f,-0.04141855668282476f,-0.13782785050590993f,-0.024924720983482394f,0.9239347055358671f,-0.38173736808209624f,0.6818774968442256f,0.05507977857207872f,-0.38000675391417055f,-0.923342344405403f,-0.0045040243790585716f,0f,0f,0f,1f],start_interpolation:0}
execute if entity @s[tag=aj.lexiel.bone.rightfoot] run data modify entity @s {} merge value {transformation:[-0.9989841248739492f,0.014865257059860382f,-0.042541067010291554f,-0.09137775104168497f,0.016683177535819885f,0.9989485384999028f,-0.042702330337069105f,0.42386272341323106f,0.04186155559864158f,-0.043368670275351184f,-0.9981817312500815f,0.1906227726592456f,0f,0f,0f,1f],start_interpolation:0}
execute if entity @s[tag=aj.lexiel.bone.leftupper] run data modify entity @s {} merge value {transformation:[-0.9999639956626954f,-0.00824675184204198f,-0.0019996155511719377f,0.13570263747156383f,-0.007388999447361561f,0.9620753107412733f,-0.2726838813521061f,0.683818591832656f,0.004172537053592463f,-0.27265928839146186f,-0.9621016071020763f,-0.004424538962986689f,0f,0f,0f,1f],start_interpolation:0}
execute if entity @s[tag=aj.lexiel.bone.leftfoot] run data modify entity @s {} merge value {transformation:[-0.9986592691842849f,-0.05176185207853474f,-0.0006121615062727924f,0.14429274008149684f,-0.05022781607150779f,0.9717879523071417f,-0.2304459638253171f,0.4345917342675688f,0.012523201068283524f,-0.23010625028471623f,-0.973084931038864f,0.19091214361456804f,0f,0f,0f,1f],start_interpolation:0}
execute if entity @s[tag=aj.lexiel.bone.lower] run data modify entity @s {} merge value {transformation:[-1f,2.962688750897932e-17f,1.1882695554102554e-16f,0f,0f,0.9702957262759965f,-0.24192189559966767f,0.641939422656364f,-1.2246467991473532e-16f,-0.24192189559966767f,-0.9702957262759965f,0f,0f,0f,0f,1f],start_interpolation:0}