execute if entity @s[tag=aj.lexiel.bone.backhair] run data modify entity @s {} merge value {transformation:[-0.9980711317980399f,0.062080290791126584f,-0.00023101226992916502f,-0.0010313671778112874f,0.06208059971790277f,0.9980549343968615f,-0.00568744799904722f,1.5320618757426745f,-0.00012251548973124526f,-0.005690819041710954f,-0.999983799653069f,-0.2655317777353197f,0f,0f,0f,1f],start_interpolation:0}
execute if entity @s[tag=aj.lexiel.bone.head] run data modify entity @s {} merge value {transformation:[-0.9980711317980399f,0.062080290791126584f,-0.00023101226992916502f,0f,0.06208059971790277f,0.9980549343968615f,-0.00568744799904722f,1.5491672124673723f,-0.00012251548973124526f,-0.005690819041710954f,-0.999983799653069f,0f,0f,0f,0f,1f],start_interpolation:0}
execute if entity @s[tag=aj.lexiel.bone.ring] run data modify entity @s {} merge value {transformation:[-0.9614638770465722f,0.16953202249987687f,0.216439613938103f,0f,0.17364817766693033f,0.984807753012208f,0f,0.9866672124673723f,-0.21315140986521297f,0.037584344535285516f,-0.9762960071199334f,0f,0f,0f,0f,1f],start_interpolation:0}
execute if entity @s[tag=aj.lexiel.bone.bust] run data modify entity @s {} merge value {transformation:[-0.9762960071199334f,0.10821980696905148f,0.18744220405569367f,-0.01555659725180114f,0f,0.8660254037844387f,-0.49999999999999994f,1.4397922124673723f,-0.216439613938103f,-0.4881480035599666f,-0.8454971437791755f,0.07017127551174529f,0f,0f,0f,1f],start_interpolation:0}
execute if entity @s[tag=aj.lexiel.bone.left_wing] run data modify entity @s {} merge value {transformation:[-0.8381435982733622f,0f,-0.5454496389891379f,0.14909195263225458f,0f,1f,0f,1.2054172124673723f,0.5454496389891379f,0f,-0.8381435982733622f,-0.09498204914772879f,0f,0f,0f,1f],start_interpolation:0}
execute if entity @s[tag=aj.lexiel.bone.right_wing] run data modify entity @s {} merge value {transformation:[-0.7652670444319525f,0f,0.6437129412295391f,-0.09498204914772884f,0f,1f,0f,1.2054172124673723f,-0.6437129412295391f,0f,-0.7652670444319525f,-0.1490919526322545f,0f,0f,0f,1f],start_interpolation:0}
execute if entity @s[tag=aj.lexiel.bone.body] run data modify entity @s {} merge value {transformation:[-0.9762960071199334f,0f,0.216439613938103f,0.3799281965909152f,0f,1f,0f,0.2679172124673723f,-0.216439613938103f,0f,-0.9762960071199334f,0.5963678105290182f,0f,0f,0f,1f],start_interpolation:0}
execute if entity @s[tag=aj.lexiel.bone.sword] run data modify entity @s {} merge value {transformation:[-0.9793678280167478f,-0.07087007438681829f,0.6105162999479742f,-0.4564018132895526f,0.4165447802728036f,0.7679947024498234f,0.7573563530706592f,0.7397343901120212f,-0.4519327007124399f,0.8614381185351704f,-0.6249762111163482f,-0.14919494826034607f,0f,0f,0f,1f],start_interpolation:0}
execute if entity @s[tag=aj.lexiel.bone.rod] run data modify entity @s {} merge value {transformation:[-0.00000955691269906854f,-1.196422229059813e-7f,0.000002941276151754639f,-0.47998556838780526f,0.000002043638886735533f,0.000006921832853393036f,0.000006921832853393037f,0.7420874089436924f,-0.0000021187165367280295f,0.000007216225861777537f,-0.00000659068467981956f,-0.04054586501330912f,0f,0f,0f,1f],start_interpolation:0}
execute if entity @s[tag=aj.lexiel.bone.right_hand] run data modify entity @s {} merge value {transformation:[-0.955691269906854f,0.19951964851149265f,0.216439613938103f,-0.3973077445694098f,0.2043638886735533f,0.978894989774809f,0f,1.1558988996837931f,-0.21187165367280295f,0.04423244116739333f,-0.9762960071199334f,-0.08808100639774269f,0f,0f,0f,1f],start_interpolation:0}
execute if entity @s[tag=aj.lexiel.bone.right_arm] run data modify entity @s {} merge value {transformation:[-0.955691269906854f,0.19951964851149265f,0.216439613938103f,-0.3050925022249792f,0.2043638886735533f,0.978894989774809f,0f,1.4554172124673723f,-0.21187165367280295f,0.04423244116739333f,-0.9762960071199334f,-0.06763737935565718f,0f,0f,0f,1f],start_interpolation:0}
execute if entity @s[tag=aj.lexiel.bone.left_hand] run data modify entity @s {} merge value {transformation:[-0.9541597892670388f,-0.22920907974702795f,0.1924637480342748f,0.40722958986842334f,-0.20705397841818887f,0.9698507554723f,0.12852300234202824f,1.1523388513822785f,-0.2161197505252132f,0.0827810960988643f,-0.9728512443131222f,0.0485320247603278f,0f,0f,0f,1f],start_interpolation:0}
execute if entity @s[tag=aj.lexiel.bone.left_arm] run data modify entity @s {} merge value {transformation:[-0.9541597892670388f,-0.22920907974702795f,0.1924637480342748f,0.3356017524474771f,-0.20705397841818887f,0.9698507554723f,0.12852300234202824f,1.4554172124673723f,-0.2161197505252132f,0.0827810960988643f,-0.9728512443131222f,0.0744011172912229f,0f,0f,0f,1f],start_interpolation:0}
execute if entity @s[tag=aj.lexiel.bone.skirt_right] run data modify entity @s {} merge value {transformation:[-1f,3.770821054470508e-17f,1.1651475736633008e-16f,-0.21875f,0f,0.9514151953645099f,-0.30791090599313203f,0.7544586989274785f,-1.2246467991473532e-16f,-0.30791090599313203f,-0.9514151953645099f,0.07660111178714439f,0f,0f,0f,1f],start_interpolation:0}
execute if entity @s[tag=aj.lexiel.bone.skirt_left] run data modify entity @s {} merge value {transformation:[-1f,2.4415530273663994e-17f,1.2000616529193144e-16f,0.21875f,0f,0.9799247046208297f,-0.19936793441719713f,0.7544586989274785f,-1.2246467991473532e-16f,-0.19936793441719713f,-0.9799247046208297f,0.07660111178714445f,0f,0f,0f,1f],start_interpolation:0}
execute if entity @s[tag=aj.lexiel.bone.skirt_back_middle] run data modify entity @s {} merge value {transformation:[-1f,8.542704229054945e-18f,1.221663621095163e-16f,2.5890831079099144e-17f,0f,0.9975640502598242f,-0.06975647374412527f,0.7470616486823217f,-1.2246467991473532e-16f,-0.06975647374412527f,-0.9975640502598242f,-0.21141467970295885f,0f,0f,0f,1f],start_interpolation:0}
execute if entity @s[tag=aj.lexiel.bone.skirt_front_middle] run data modify entity @s {} merge value {transformation:[-1f,3.663055320399116e-17f,1.1685803523330413e-16f,-1.8669277248785437e-17f,0f,0.9542182718696137f,-0.2991111660071686f,0.8377823595321972f,-1.2246467991473532e-16f,-0.2991111660071686f,-0.9542182718696137f,0.15244621765053987f,0f,0f,0f,1f],start_interpolation:0}
execute if entity @s[tag=aj.lexiel.bone.skirt] run data modify entity @s {} merge value {transformation:[-1f,2.962688750897932e-17f,1.1882695554102554e-16f,-8.825426495332135e-18f,0f,0.9702957262759965f,-0.24192189559966767f,0.7726517437951534f,-1.2246467991473532e-16f,-0.24192189559966767f,-0.9702957262759965f,0.07206507624465064f,0f,0f,0f,1f],start_interpolation:0}
execute if entity @s[tag=aj.lexiel.bone.rightupper] run data modify entity @s {} merge value {transformation:[-0.9980824045474266f,-0.04606453698300812f,-0.04134697286825645f,-0.13785343018938848f,-0.02428716609343754f,0.9058406445974443f,-0.42292181329228745f,0.7124477601847493f,0.05693546606445788f,-0.4211066195488118f,-0.9052223857573316f,-0.004447517588304847f,0f,0f,0f,1f],start_interpolation:0}
execute if entity @s[tag=aj.lexiel.bone.rightfoot] run data modify entity @s {} merge value {transformation:[-0.9989841278421179f,0.01293650108931439f,-0.04316664521467116f,-0.09077476675190282f,0.016683103418276404f,0.9960164498414265f,-0.08759512375478568f,0.4635491952556324f,0.04186151430440875f,-0.08822629191373327f,-0.9952204454467837f,0.20203959060815863f,0f,0f,0f,1f],start_interpolation:0}
execute if entity @s[tag=aj.lexiel.bone.leftupper] run data modify entity @s {} merge value {transformation:[-0.9982395842256163f,0.05918935014961025f,-0.0037885767691784996f,0.13639556417345447f,0.05824683086338246f,0.9662925399850658f,-0.2507708792176286f,0.7161357855074039f,-0.011182091908119925f,-0.250550090796385f,-0.9680390554220846f,-0.0042086337623743475f,0f,0f,0f,1f],start_interpolation:0}
execute if entity @s[tag=aj.lexiel.bone.leftfoot] run data modify entity @s {} merge value {transformation:[-0.9998766145256223f,0.015699207201274337f,0.0005390900033444628f,0.12542430072901267f,0.015241851888781913f,0.9779069066508402f,-0.20848445475762778f,0.46265381288695706f,-0.0038002204910616774f,-0.2084505140742914f,-0.978025532134199f,0.18545143160365196f,0f,0f,0f,1f],start_interpolation:0}
execute if entity @s[tag=aj.lexiel.bone.lower] run data modify entity @s {} merge value {transformation:[-1f,2.962688750897932e-17f,1.1882695554102554e-16f,0f,0f,0.9702957262759965f,-0.24192189559966767f,0.6741672124673723f,-1.2246467991473532e-16f,-0.24192189559966767f,-0.9702957262759965f,0f,0f,0f,0f,1f],start_interpolation:0}