execute if entity @s[tag=aj.lexiel.bone.backhair] run data modify entity @s {} merge value {transformation:[-0.9929982277324115f,0.11812894166002078f,-0.0002699306825308667f,-0.001917465050985086f,0.11812855764510359f,0.9929819910872693f,-0.005692911825229994f,1.4918294529212874f,-0.0004044613422832244f,-0.0056849378752817994f,-0.9999837588143003f,-0.26553185878074725f,0f,0f,0f,1f],start_interpolation:0}
execute if entity @s[tag=aj.lexiel.bone.head] run data modify entity @s {} merge value {transformation:[-0.9929982277324115f,0.11812894166002078f,-0.0002699306825308667f,0f,0.11812855764510359f,0.9929819910872693f,-0.005692911825229994f,1.5088569762356028f,-0.0004044613422832244f,-0.0056849378752817994f,-0.9999837588143003f,0f,0f,0f,0f,1f],start_interpolation:0}
execute if entity @s[tag=aj.lexiel.bone.ring] run data modify entity @s {} merge value {transformation:[-0.9614638770465722f,0.16953202249987687f,0.216439613938103f,0f,0.17364817766693033f,0.984807753012208f,0f,0.9463569762356028f,-0.21315140986521297f,0.037584344535285516f,-0.9762960071199334f,0f,0f,0f,0f,1f],start_interpolation:0}
execute if entity @s[tag=aj.lexiel.bone.bust] run data modify entity @s {} merge value {transformation:[-0.9762960071199334f,0.10821980696905148f,0.18744220405569367f,-0.01555659725180114f,0f,0.8660254037844387f,-0.49999999999999994f,1.3994819762356028f,-0.216439613938103f,-0.4881480035599666f,-0.8454971437791755f,0.07017127551174529f,0f,0f,0f,1f],start_interpolation:0}
execute if entity @s[tag=aj.lexiel.bone.left_wing] run data modify entity @s {} merge value {transformation:[-0.8960851556087256f,0f,-0.44388218470410135f,0.14909195263225458f,0f,1f,0f,1.1651069762356028f,0.44388218470410135f,0f,-0.8960851556087256f,-0.09498204914772879f,0f,0f,0f,1f],start_interpolation:0}
execute if entity @s[tag=aj.lexiel.bone.right_wing] run data modify entity @s {} merge value {transformation:[-0.8509046030596135f,0f,0.5253202418448787f,-0.09498204914772884f,0f,1f,0f,1.1651069762356028f,-0.5253202418448787f,0f,-0.8509046030596135f,-0.1490919526322545f,0f,0f,0f,1f],start_interpolation:0}
execute if entity @s[tag=aj.lexiel.bone.body] run data modify entity @s {} merge value {transformation:[-0.9762960071199334f,0f,0.216439613938103f,0.3799281965909152f,0f,1f,0f,0.22760697623560278f,-0.216439613938103f,0f,-0.9762960071199334f,0.5963678105290182f,0f,0f,0f,1f],start_interpolation:0}
execute if entity @s[tag=aj.lexiel.bone.sword] run data modify entity @s {} merge value {transformation:[-1.0330494549512685f,-0.15236686728217472f,0.49649493842284353f,-0.33676671572381023f,0.23362630199566725f,0.8508757403450288f,0.7472237201856808f,0.681815814317145f,-0.46383363088581264f,0.7679250450056408f,-0.7294268644712562f,-0.1226724856652536f,0f,0f,0f,1f],start_interpolation:0}
execute if entity @s[tag=aj.lexiel.bone.rod] run data modify entity @s {} merge value {transformation:[-0.000009756250871878819f,-0.0000012745702692464047f,0.0000017863481054142157f,-0.36074307889276086f,3.7066788737852725e-7f,0.000007066208506592002f,0.000007066208506592003f,0.6842179124372081f,-0.000002162908745701064f,0.000006960184478167227f,-0.0000068467260634298695f,-0.01411044153200093f,0f,0f,0f,1f],start_interpolation:0}
execute if entity @s[tag=aj.lexiel.bone.right_hand] run data modify entity @s {} merge value {transformation:[-0.9756250871878818f,0.036188157841523724f,0.216439613938103f,-0.34688958552507665f,0.03706678873785272f,0.9993127904578543f,0f,1.1039800663655812f,-0.21629087457010637f,0.008022721444346067f,-0.9762960071199334f,-0.07690356963733115f,0f,0f,0f,1f],start_interpolation:0}
execute if entity @s[tag=aj.lexiel.bone.right_arm] run data modify entity @s {} merge value {transformation:[-0.9756250871878818f,0.036188157841523724f,0.216439613938103f,-0.3050925022249792f,0.03706678873785272f,0.9993127904578543f,0f,1.4151069762356028f,-0.21629087457010637f,0.008022721444346067f,-0.9762960071199334f,-0.06763737935565718f,0f,0f,0f,1f],start_interpolation:0}
execute if entity @s[tag=aj.lexiel.bone.left_hand] run data modify entity @s {} merge value {transformation:[-0.9602315574554686f,-0.20227110183572286f,0.1924623532767061f,0.3988114717711405f,-0.1796821875664774f,0.9752921231635854f,0.12852854144660228f,1.1103281877469824f,-0.2137046268520414f,0.0888351048697999f,-0.9728507884587447f,0.046640147019410425f,0f,0f,0f,1f],start_interpolation:0}
execute if entity @s[tag=aj.lexiel.bone.left_arm] run data modify entity @s {} merge value {transformation:[-0.9602315574554686f,-0.20227110183572286f,0.1924623532767061f,0.3356017524474771f,-0.1796821875664774f,0.9752921231635854f,0.12852854144660228f,1.4151069762356028f,-0.2137046268520414f,0.0888351048697999f,-0.9728507884587447f,0.0744011172912229f,0f,0f,0f,1f],start_interpolation:0}
execute if entity @s[tag=aj.lexiel.bone.skirt_right] run data modify entity @s {} merge value {transformation:[-1f,3.1094078550604605e-17f,1.1845149262760435e-16f,-0.21875f,0f,0.9672298389223316f,-0.2539024196384909f,0.714148462695709f,-1.2246467991473532e-16f,-0.2539024196384909f,-0.9672298389223316f,0.07660111178714439f,0f,0f,0f,1f],start_interpolation:0}
execute if entity @s[tag=aj.lexiel.bone.skirt_left] run data modify entity @s {} merge value {transformation:[-1f,2.4415530273663994e-17f,1.2000616529193144e-16f,0.21875f,0f,0.9799247046208297f,-0.19936793441719713f,0.714148462695709f,-1.2246467991473532e-16f,-0.19936793441719713f,-0.9799247046208297f,0.07660111178714445f,0f,0f,0f,1f],start_interpolation:0}
execute if entity @s[tag=aj.lexiel.bone.skirt_back_middle] run data modify entity @s {} merge value {transformation:[-1f,8.542704229054945e-18f,1.221663621095163e-16f,2.5890831079099144e-17f,0f,0.9975640502598242f,-0.06975647374412527f,0.7067514124505522f,-1.2246467991473532e-16f,-0.06975647374412527f,-0.9975640502598242f,-0.21141467970295885f,0f,0f,0f,1f],start_interpolation:0}
execute if entity @s[tag=aj.lexiel.bone.skirt_front_middle] run data modify entity @s {} merge value {transformation:[-1f,3.9523974673340987e-17f,1.1591140259974287e-16f,-1.8669277248785437e-17f,0f,0.9464884298104964f,-0.32273774528998167f,0.7974721233004276f,-1.2246467991473532e-16f,-0.32273774528998167f,-0.9464884298104964f,0.15244621765053987f,0f,0f,0f,1f],start_interpolation:0}
execute if entity @s[tag=aj.lexiel.bone.skirt] run data modify entity @s {} merge value {transformation:[-1f,2.962688750897932e-17f,1.1882695554102554e-16f,-8.825426495332135e-18f,0f,0.9702957262759965f,-0.24192189559966767f,0.7323415075633839f,-1.2246467991473532e-16f,-0.24192189559966767f,-0.9702957262759965f,0.07206507624465064f,0f,0f,0f,1f],start_interpolation:0}
execute if entity @s[tag=aj.lexiel.bone.rightupper] run data modify entity @s {} merge value {transformation:[-0.9981929511439963f,-0.04353206032938161f,-0.04142211981439984f,-0.13782126463372538f,-0.025071546493398364f,0.9281807277390165f,-0.3712841960147228f,0.6742113176438552f,0.054609979334081224f,-0.3695747507302803f,-0.9275948758912925f,-0.004506388727664033f,0f,0f,0f,1f],start_interpolation:0}
execute if entity @s[tag=aj.lexiel.bone.rightfoot] run data modify entity @s {} merge value {transformation:[-0.9989841278421179f,0.015344312292958835f,-0.042370560531804116f,-0.09152976959277503f,0.016683103418276404f,0.9993668237832046f,-0.03142651081180203f,0.41399097291280396f,0.041861514304408744f,-0.032101457937691424f,-0.9986075856002778f,0.1877077931140991f,0f,0f,0f,1f],start_interpolation:0}
execute if entity @s[tag=aj.lexiel.bone.leftupper] run data modify entity @s {} merge value {transformation:[-0.9996831115803008f,-0.025150037415800568f,-0.0010733308492458446f,0.1355374488725899f,-0.023859335261233943f,0.9602488125959985f,-0.2781239831961046f,0.6757070712644407f,0.0080254932571245f,-0.2780102399660107f,-0.960544584041793f,-0.0044743539575390345f,0f,0f,0f,1f],start_interpolation:0}
execute if entity @s[tag=aj.lexiel.bone.leftfoot] run data modify entity @s {} merge value {transformation:[-0.9976399532976358f,-0.06866107582304842f,-0.0004245599047592781f,0.14896936561748558f,-0.06662282204514322f,0.9694831527180946f,-0.23593180408441092f,0.427765843596715f,0.016610935164292063f,-0.23534670862921636f,-0.9717695218365117f,0.19222122478012554f,0f,0f,0f,1f],start_interpolation:0}
execute if entity @s[tag=aj.lexiel.bone.lower] run data modify entity @s {} merge value {transformation:[-1f,2.962688750897932e-17f,1.1882695554102554e-16f,0f,0f,0.9702957262759965f,-0.24192189559966767f,0.6338569762356028f,-1.2246467991473532e-16f,-0.24192189559966767f,-0.9702957262759965f,0f,0f,0f,0f,1f],start_interpolation:0}