execute if entity @s[tag=aj.lexiel.bone.backhair] run data modify entity @s {} merge value {transformation:[-0.9946006958072736f,0.10377580990341345f,-0.000192817473114143f,-0.0016727141710367794f,0.10377522276893617f,0.9945844949684745f,-0.0056908266150261545f,1.5021472187391096f,-0.0003987968718759116f,-0.005680109787249726f,-0.9999837885255238f,-0.2655319421116665f,0f,0f,0f,1f],start_interpolation:0}
execute if entity @s[tag=aj.lexiel.bone.head] run data modify entity @s {} merge value {transformation:[-0.9946006958072736f,0.10377580990341345f,-0.000192817473114143f,0f,0.10377522276893617f,0.9945844949684745f,-0.0056908266150261545f,1.5191992272926083f,-0.0003987968718759116f,-0.005680109787249726f,-0.9999837885255238f,0f,0f,0f,0f,1f],start_interpolation:0}
execute if entity @s[tag=aj.lexiel.bone.ring] run data modify entity @s {} merge value {transformation:[-0.9614638770465722f,0.16953202249987687f,0.216439613938103f,0f,0.17364817766693033f,0.984807753012208f,0f,0.9566992272926083f,-0.21315140986521297f,0.037584344535285516f,-0.9762960071199334f,0f,0f,0f,0f,1f],start_interpolation:0}
execute if entity @s[tag=aj.lexiel.bone.bust] run data modify entity @s {} merge value {transformation:[-0.9762960071199334f,0.10821980696905148f,0.18744220405569367f,-0.01555659725180114f,0f,0.8660254037844387f,-0.49999999999999994f,1.4098242272926083f,-0.216439613938103f,-0.4881480035599666f,-0.8454971437791755f,0.07017127551174529f,0f,0f,0f,1f],start_interpolation:0}
execute if entity @s[tag=aj.lexiel.bone.left_wing] run data modify entity @s {} merge value {transformation:[-0.8834329286463805f,0f,-0.4685576384856823f,0.14909195263225458f,0f,1f,0f,1.1754492272926083f,0.4685576384856823f,0f,-0.8834329286463805f,-0.09498204914772879f,0f,0f,0f,1f],start_interpolation:0}
execute if entity @s[tag=aj.lexiel.bone.right_wing] run data modify entity @s {} merge value {transformation:[-0.8321875457808237f,0f,0.5544942638542705f,-0.09498204914772884f,0f,1f,0f,1.1754492272926083f,-0.5544942638542705f,0f,-0.8321875457808237f,-0.1490919526322545f,0f,0f,0f,1f],start_interpolation:0}
execute if entity @s[tag=aj.lexiel.bone.body] run data modify entity @s {} merge value {transformation:[-0.9762960071199334f,0f,0.216439613938103f,0.3799281965909152f,0f,1f,0f,0.23794922729260826f,-0.216439613938103f,0f,-0.9762960071199334f,0.5963678105290182f,0f,0f,0f,1f],start_interpolation:0}
execute if entity @s[tag=aj.lexiel.bone.sword] run data modify entity @s {} merge value {transformation:[-1.0221635517509937f,-0.1432186693486381f,0.5211373607042573f,-0.367711450594753f,0.2814019496308524f,0.8108317572479281f,0.7747766559997742f,0.6946990134595784f,-0.4614202842482641f,0.8117600240762309f,-0.6819465133689068f,-0.1295327682230425f,0f,0f,0f,1f],start_interpolation:0}
execute if entity @s[tag=aj.lexiel.bone.rod] run data modify entity @s {} merge value {transformation:[-0.000009731447545551544f,-9.762399076172432e-7f,0.0000020846784670433775f,-0.3915863988677012f,8.028143269898506e-7f,0.000007048244077654371f,0.000007048244077654372f,0.6970950047231939f,-0.0000021574099806385164f,0.00000702632272704475f,-0.000006780587814552346f,-0.020948240948633574f,0f,0f,0f,1f],start_interpolation:0}
execute if entity @s[tag=aj.lexiel.bone.right_hand] run data modify entity @s {} merge value {transformation:[-0.9731447545551544f,0.07837844218988677f,0.216439613938103f,-0.3599965389891674f,0.08028143269898505f,0.9967722365534658f,0f,1.1164666981414935f,-0.2157409980638516f,0.017376082299766123f,-0.9762960071199334f,-0.07980931126382945f,0f,0f,0f,1f],start_interpolation:0}
execute if entity @s[tag=aj.lexiel.bone.right_arm] run data modify entity @s {} merge value {transformation:[-0.9731447545551544f,0.07837844218988677f,0.216439613938103f,-0.3050925022249792f,0.08028143269898505f,0.9967722365534658f,0f,1.4254492272926083f,-0.2157409980638516f,0.017376082299766123f,-0.9762960071199334f,-0.06763737935565718f,0f,0f,0f,1f],start_interpolation:0}
execute if entity @s[tag=aj.lexiel.bone.left_hand] run data modify entity @s {} merge value {transformation:[-0.958746115295148f,-0.20919675324286657f,0.1924645547603665f,0.4009757378358729f,-0.18671935216761593f,0.9739708001047052f,0.12851756327252048f,1.121083352259888f,-0.21434031336304593f,0.08727885755464312f,-0.9728518032523699f,0.04712647430539692f,0f,0f,0f,1f],start_interpolation:0}
execute if entity @s[tag=aj.lexiel.bone.left_arm] run data modify entity @s {} merge value {transformation:[-0.958746115295148f,-0.20919675324286657f,0.1924645547603665f,0.3356017524474771f,-0.18671935216761593f,0.9739708001047052f,0.12851756327252048f,1.4254492272926083f,-0.21434031336304593f,0.08727885755464312f,-0.9728518032523699f,0.0744011172912229f,0f,0f,0f,1f],start_interpolation:0}
execute if entity @s[tag=aj.lexiel.bone.skirt_right] run data modify entity @s {} merge value {transformation:[-1f,3.2801276728965585e-17f,1.1799014395943583e-16f,-0.21875f,0f,0.9634626411597629f,-0.2678427506755671f,0.7244907137527145f,-1.2246467991473532e-16f,-0.2678427506755671f,-0.9634626411597629f,0.07660111178714439f,0f,0f,0f,1f],start_interpolation:0}
execute if entity @s[tag=aj.lexiel.bone.skirt_left] run data modify entity @s {} merge value {transformation:[-1f,2.4415530273663994e-17f,1.2000616529193144e-16f,0.21875f,0f,0.9799247046208297f,-0.19936793441719713f,0.7244907137527145f,-1.2246467991473532e-16f,-0.19936793441719713f,-0.9799247046208297f,0.07660111178714445f,0f,0f,0f,1f],start_interpolation:0}
execute if entity @s[tag=aj.lexiel.bone.skirt_back_middle] run data modify entity @s {} merge value {transformation:[-1f,8.542704229054945e-18f,1.221663621095163e-16f,2.5890831079099144e-17f,0f,0.9975640502598242f,-0.06975647374412527f,0.7170936635075577f,-1.2246467991473532e-16f,-0.06975647374412527f,-0.9975640502598242f,-0.21141467970295885f,0f,0f,0f,1f],start_interpolation:0}
execute if entity @s[tag=aj.lexiel.bone.skirt_front_middle] run data modify entity @s {} merge value {transformation:[-1f,3.927097045609872e-17f,1.1599736508237933e-16f,-1.8669277248785437e-17f,0f,0.9471903667501619f,-0.32067180907540604f,0.8078143743574331f,-1.2246467991473532e-16f,-0.32067180907540604f,-0.9471903667501619f,0.15244621765053987f,0f,0f,0f,1f],start_interpolation:0}
execute if entity @s[tag=aj.lexiel.bone.skirt] run data modify entity @s {} merge value {transformation:[-1f,2.962688750897932e-17f,1.1882695554102554e-16f,-8.825426495332135e-18f,0f,0.9702957262759965f,-0.24192189559966767f,0.7426837586203894f,-1.2246467991473532e-16f,-0.24192189559966767f,-0.9702957262759965f,0.07206507624465064f,0f,0f,0f,1f],start_interpolation:0}
execute if entity @s[tag=aj.lexiel.bone.rightupper] run data modify entity @s {} merge value {transformation:[-0.9981646233139606f,-0.04418215175738971f,-0.04141644879255256f,-0.13782998772915525f,-0.02488281557863663f,0.9227264750671943f,-0.3846513976303089f,0.6840212453474543f,0.055210780227947336f,-0.3829148595656186f,-0.9221323007413113f,-0.004502409615118566f,0f,0f,0f,1f],start_interpolation:0}
execute if entity @s[tag=aj.lexiel.bone.rightfoot] run data modify entity @s {} merge value {transformation:[-0.9989841278421179f,0.014730881363386785f,-0.04258771482224596f,-0.09133528510009326f,0.016683103418276404f,0.9988088285293646f,-0.045854095914468596f,0.42662869417460497f,0.04186151430440876f,-0.04651800926583183f,-0.9980399232666426f,0.19143415985147968f,0f,0f,0f,1f],start_interpolation:0}
execute if entity @s[tag=aj.lexiel.bone.leftupper] run data modify entity @s {} merge value {transformation:[-0.9999913356283305f,-0.0035186124129232303f,-0.0022244178912960164f,0.13574926351702762f,-0.0027836289640149653f,0.9625308818692973f,-0.2711578006580369f,0.6860862201242608f,0.003095170117811328f,-0.2711492592920007f,-0.9625323366554193f,-0.004410502842353191f,0f,0f,0f,1f],start_interpolation:0}
execute if entity @s[tag=aj.lexiel.bone.leftfoot] run data modify entity @s {} merge value {transformation:[-0.9988930850549975f,-0.04703410618866041f,-0.0006304635939376237f,0.14298081845075275f,-0.045641092015347204f,0.9723771540102613f,-0.22890950412455854f,0.4365151748346946f,0.011379602319768234f,-0.22862734572648674f,-0.9734475031747246f,0.19054184370951432f,0f,0f,0f,1f],start_interpolation:0}
execute if entity @s[tag=aj.lexiel.bone.lower] run data modify entity @s {} merge value {transformation:[-1f,2.962688750897932e-17f,1.1882695554102554e-16f,0f,0f,0.9702957262759965f,-0.24192189559966767f,0.6441992272926083f,-1.2246467991473532e-16f,-0.24192189559966767f,-0.9702957262759965f,0f,0f,0f,0f,1f],start_interpolation:0}