execute if entity @s[tag=aj.lexiel.bone.backhair] run data modify entity @s {} merge value {transformation:[-0.9953173524602343f,0.09666094546803355f,-0.00017179282742268986f,-0.0015559597427221763f,0.09666035521557241f,0.9953011627139551f,-0.005689572026831577f,1.5072573640899567f,-0.0003789738105422491f,-0.005679535322099992f,-0.99998379949746f,-0.265531954002105f,0f,0f,0f,1f],start_interpolation:0}
execute if entity @s[tag=aj.lexiel.bone.head] run data modify entity @s {} merge value {transformation:[-0.9953173524602343f,0.09666094546803355f,-0.00017179282742268986f,0f,0.09666035521557241f,0.9953011627139551f,-0.005689572026831577f,1.5243202373269893f,-0.0003789738105422491f,-0.005679535322099992f,-0.99998379949746f,0f,0f,0f,0f,1f],start_interpolation:0}
execute if entity @s[tag=aj.lexiel.bone.ring] run data modify entity @s {} merge value {transformation:[-0.9614638770465722f,0.16953202249987687f,0.216439613938103f,0f,0.17364817766693033f,0.984807753012208f,0f,0.9618202373269893f,-0.21315140986521297f,0.037584344535285516f,-0.9762960071199334f,0f,0f,0f,0f,1f],start_interpolation:0}
execute if entity @s[tag=aj.lexiel.bone.bust] run data modify entity @s {} merge value {transformation:[-0.9762960071199334f,0.10821980696905148f,0.18744220405569367f,-0.01555659725180114f,0f,0.8660254037844387f,-0.49999999999999994f,1.4149452373269893f,-0.216439613938103f,-0.4881480035599666f,-0.8454971437791755f,0.07017127551174529f,0f,0f,0f,1f],start_interpolation:0}
execute if entity @s[tag=aj.lexiel.bone.left_wing] run data modify entity @s {} merge value {transformation:[-0.8743887189989389f,0f,-0.48522609996515526f,0.14909195263225458f,0f,1f,0f,1.1805702373269893f,0.48522609996515526f,0f,-0.8743887189989389f,-0.09498204914772879f,0f,0f,0f,1f],start_interpolation:0}
execute if entity @s[tag=aj.lexiel.bone.right_wing] run data modify entity @s {} merge value {transformation:[-0.8188104443308546f,0f,0.5740639827185716f,-0.09498204914772884f,0f,1f,0f,1.1805702373269893f,-0.5740639827185716f,0f,-0.8188104443308546f,-0.1490919526322545f,0f,0f,0f,1f],start_interpolation:0}
execute if entity @s[tag=aj.lexiel.bone.body] run data modify entity @s {} merge value {transformation:[-0.9762960071199334f,0f,0.216439613938103f,0.3799281965909152f,0f,1f,0f,0.2430702373269893f,-0.216439613938103f,0f,-0.9762960071199334f,0.5963678105290182f,0f,0f,0f,1f],start_interpolation:0}
execute if entity @s[tag=aj.lexiel.bone.sword] run data modify entity @s {} merge value {transformation:[-1.0160284631186314f,-0.10866536145935818f,0.5411026370770141f,-0.38298699755303156f,0.3048686054622297f,0.8344608108484867f,0.7400299663267706f,0.7015854854188509f,-0.4600601678436279f,0.7929571595470926f,-0.7046116998650389f,-0.13291927545264443f,0f,0f,0f,1f],start_interpolation:0}
execute if entity @s[tag=aj.lexiel.bone.rod] run data modify entity @s {} merge value {transformation:[-0.000009712411372763874f,-8.288700347490158e-7f,0.000002232048339911605f,-0.40681184867780756f,0.0000010162869535042837f,0.000007034456653791286f,0.000007034456653791287f,0.7039767897637446f,-0.0000021531897627343406f,0.000007058993841294005f,-0.0000067479167003030915f,-0.024323641907872118f,0f,0f,0f,1f],start_interpolation:0}
execute if entity @s[tag=aj.lexiel.bone.right_hand] run data modify entity @s {} merge value {transformation:[-0.9712411372763873f,0.09921968947943134f,0.216439613938103f,-0.3664499407271886f,0.10162869535042836f,0.9948224003717295f,0f,1.1228641339405248f,-0.21531897627343405f,0.021996475586679796f,-0.9762960071199334f,-0.08123999598503943f,0f,0f,0f,1f],start_interpolation:0}
execute if entity @s[tag=aj.lexiel.bone.right_arm] run data modify entity @s {} merge value {transformation:[-0.9712411372763873f,0.09921968947943134f,0.216439613938103f,-0.3050925022249792f,0.10162869535042836f,0.9948224003717295f,0f,1.4305702373269893f,-0.21531897627343405f,0.021996475586679796f,-0.9762960071199334f,-0.06763737935565718f,0f,0f,0f,1f],start_interpolation:0}
execute if entity @s[tag=aj.lexiel.bone.left_hand] run data modify entity @s {} merge value {transformation:[-0.9579920806713914f,-0.21262248149829652f,0.19246520135443915f,0.40204627791569475f,-0.19020024623360068f,0.9732974214569615f,0.128514573951391f,1.1264147931216888f,-0.21465097182071163f,0.0865090154072766f,-0.97285207022943f,0.04736704997644896f,0f,0f,0f,1f],start_interpolation:0}
execute if entity @s[tag=aj.lexiel.bone.left_arm] run data modify entity @s {} merge value {transformation:[-0.9579920806713914f,-0.21262248149829652f,0.19246520135443915f,0.3356017524474771f,-0.19020024623360068f,0.9732974214569615f,0.128514573951391f,1.4305702373269893f,-0.21465097182071163f,0.0865090154072766f,-0.97285207022943f,0.0744011172912229f,0f,0f,0f,1f],start_interpolation:0}
execute if entity @s[tag=aj.lexiel.bone.skirt_right] run data modify entity @s {} merge value {transformation:[-1f,3.3644093472202157e-17f,1.1775259148338222e-16f,-0.21875f,0f,0.9615228779870749f,-0.2747248716579056f,0.7296117237870955f,-1.2246467991473532e-16f,-0.2747248716579056f,-0.9615228779870749f,0.07660111178714439f,0f,0f,0f,1f],start_interpolation:0}
execute if entity @s[tag=aj.lexiel.bone.skirt_left] run data modify entity @s {} merge value {transformation:[-1f,2.4415530273663994e-17f,1.2000616529193144e-16f,0.21875f,0f,0.9799247046208297f,-0.19936793441719713f,0.7296117237870955f,-1.2246467991473532e-16f,-0.19936793441719713f,-0.9799247046208297f,0.07660111178714445f,0f,0f,0f,1f],start_interpolation:0}
execute if entity @s[tag=aj.lexiel.bone.skirt_back_middle] run data modify entity @s {} merge value {transformation:[-1f,8.542704229054945e-18f,1.221663621095163e-16f,2.5890831079099144e-17f,0f,0.9975640502598242f,-0.06975647374412527f,0.7222146735419387f,-1.2246467991473532e-16f,-0.06975647374412527f,-0.9975640502598242f,-0.21141467970295885f,0f,0f,0f,1f],start_interpolation:0}
execute if entity @s[tag=aj.lexiel.bone.skirt_front_middle] run data modify entity @s {} merge value {transformation:[-1f,3.574217160298693e-17f,1.1713280921979635e-16f,-1.8669277248785437e-17f,0f,0.9564619717403318f,-0.2918569797256811f,0.8129353843918141f,-1.2246467991473532e-16f,-0.2918569797256811f,-0.9564619717403318f,0.15244621765053987f,0f,0f,0f,1f],start_interpolation:0}
execute if entity @s[tag=aj.lexiel.bone.skirt] run data modify entity @s {} merge value {transformation:[-1f,2.962688750897932e-17f,1.1882695554102554e-16f,-8.825426495332135e-18f,0f,0.9702957262759965f,-0.24192189559966767f,0.7478047686547704f,-1.2246467991473532e-16f,-0.24192189559966767f,-0.9702957262759965f,0.07206507624465064f,0f,0f,0f,1f],start_interpolation:0}
execute if entity @s[tag=aj.lexiel.bone.rightupper] run data modify entity @s {} merge value {transformation:[-0.9981505860462839f,-0.04450399983820306f,-0.041410162688175205f,-0.13783418731483627f,-0.024786154940921637f,0.9199545379571517f,-0.39124071185817055f,0.6888787061132513f,0.05550724365976518f,-0.38949074711788034f,-0.9193562442333498f,-0.004497596118327729f,0f,0f,0f,1f],start_interpolation:0}
execute if entity @s[tag=aj.lexiel.bone.rightfoot] run data modify entity @s {} merge value {transformation:[-0.9989841278421179f,0.01442599335238152f,-0.042691955159258846f,-0.09123917158515413f,0.016683103418276404f,0.9984554290640005f,-0.05299462456662707f,0.43290619925731877f,0.04186151430440875f,-0.05365302310606268f,-0.9976817963317371f,0.1932669160399767f,0f,0f,0f,1f],start_interpolation:0}
execute if entity @s[tag=aj.lexiel.bone.leftupper] run data modify entity @s {} merge value {transformation:[-0.9999705058349632f,0.007198137235466284f,-0.0026784847409241966f,0.13585631552110802f,0.00765245392693165f,0.9634740862955468f,-0.26769222063006864f,0.6912239134611701f,0.0006537652974565504f,-0.2677048222526082f,-0.9635007528453912f,-0.004377799278221815f,0f,0f,0f,1f],start_interpolation:0}
execute if entity @s[tag=aj.lexiel.bone.leftfoot] run data modify entity @s {} merge value {transformation:[-0.9993401280837543f,-0.03631704987362883f,-0.000616676594210923f,0.14000108211362558f,-0.03524335809006178f,0.9736230228120546f,-0.22542430028915028f,0.4408986497046571f,0.008787156086082033f,-0.22525381537011457f,-0.9742604911157617f,0.1896956473725021f,0f,0f,0f,1f],start_interpolation:0}
execute if entity @s[tag=aj.lexiel.bone.lower] run data modify entity @s {} merge value {transformation:[-1f,2.962688750897932e-17f,1.1882695554102554e-16f,0f,0f,0.9702957262759965f,-0.24192189559966767f,0.6493202373269893f,-1.2246467991473532e-16f,-0.24192189559966767f,-0.9702957262759965f,0f,0f,0f,0f,1f],start_interpolation:0}