execute if entity @s[tag=aj.lexiel.bone.backhair] run data modify entity @s {} merge value {transformation:[-0.9915938239217995f,0.12938916713657428f,-0.00036302595919718295f,-0.002118134506920725f,0.1293891280551164f,0.9915775504539116f,-0.00569341522787839f,1.4837257004322795f,-0.00037669786312596876f,-0.00569252698930843f,-0.9999837264851843f,-0.26553173161341914f,0f,0f,0f,1f],start_interpolation:0}
execute if entity @s[tag=aj.lexiel.bone.head] run data modify entity @s {} merge value {transformation:[-0.9915938239217995f,0.12938916713657428f,-0.00036302595919718295f,0f,0.1293891280551164f,0.9915775504539116f,-0.00569341522787839f,1.500731413078027f,-0.00037669786312596876f,-0.00569252698930843f,-0.9999837264851843f,0f,0f,0f,0f,1f],start_interpolation:0}
execute if entity @s[tag=aj.lexiel.bone.ring] run data modify entity @s {} merge value {transformation:[-0.9614638770465722f,0.16953202249987687f,0.216439613938103f,0f,0.17364817766693033f,0.984807753012208f,0f,0.9382314130780269f,-0.21315140986521297f,0.037584344535285516f,-0.9762960071199334f,0f,0f,0f,0f,1f],start_interpolation:0}
execute if entity @s[tag=aj.lexiel.bone.bust] run data modify entity @s {} merge value {transformation:[-0.9762960071199334f,0.10821980696905148f,0.18744220405569367f,-0.01555659725180114f,0f,0.8660254037844387f,-0.49999999999999994f,1.391356413078027f,-0.216439613938103f,-0.4881480035599666f,-0.8454971437791755f,0.07017127551174529f,0f,0f,0f,1f],start_interpolation:0}
execute if entity @s[tag=aj.lexiel.bone.left_wing] run data modify entity @s {} merge value {transformation:[-0.9054054701369719f,0f,-0.4245479179622119f,0.14909195263225458f,0f,1f,0f,1.156981413078027f,0.4245479179622119f,0f,-0.9054054701369719f,-0.09498204914772879f,0f,0f,0f,1f],start_interpolation:0}
execute if entity @s[tag=aj.lexiel.bone.right_wing] run data modify entity @s {} merge value {transformation:[-0.8646909604034498f,0f,0.5023042335045163f,-0.09498204914772884f,0f,1f,0f,1.156981413078027f,-0.5023042335045163f,0f,-0.8646909604034498f,-0.1490919526322545f,0f,0f,0f,1f],start_interpolation:0}
execute if entity @s[tag=aj.lexiel.bone.body] run data modify entity @s {} merge value {transformation:[-0.9762960071199334f,0f,0.216439613938103f,0.3799281965909152f,0f,1f,0f,0.21948141307802693f,-0.216439613938103f,0f,-0.9762960071199334f,0.5963678105290182f,0f,0f,0f,1f],start_interpolation:0}
execute if entity @s[tag=aj.lexiel.bone.sword] run data modify entity @s {} merge value {transformation:[-1.0401798432963145f,-0.15911474968353956f,0.47918937022141816f,-0.3123965798344773f,0.19577893768991136f,0.8843878187680194f,0.7186395870474676f,0.6726576939641153f,-0.4654143999244808f,0.7276364098558354f,-0.7686668679571445f,-0.11726975661070532f,0f,0f,0f,1f],start_interpolation:0}
execute if entity @s[tag=aj.lexiel.bone.rod] run data modify entity @s {} merge value {transformation:[-0.000009762914312403492f,-0.000001509322956592861f,0.0000015515954180677595f,-0.33645274520406043f,3.0616886629011986e-8f,0.000007071034669914056f,0.000007071034669914057f,0.675061432697788f,-0.0000021643859949002226f,0.000006908141060341431f,-0.0000068987694812556655f,-0.008725404199400044f,0f,0f,0f,1f],start_interpolation:0}
execute if entity @s[tag=aj.lexiel.bone.right_hand] run data modify entity @s {} merge value {transformation:[-0.9762914312403491f,0.0029891144166348076f,0.216439613938103f,-0.3365357077064385f,0.0030616886629011983f,0.9999953130202819f,0f,1.0945785555299046f,-0.21643859949002225f,0.0006626707121970021f,-0.9762960071199334f,-0.07460817018728194f,0f,0f,0f,1f],start_interpolation:0}
execute if entity @s[tag=aj.lexiel.bone.right_arm] run data modify entity @s {} merge value {transformation:[-0.9762914312403491f,0.0029891144166348076f,0.216439613938103f,-0.3050925022249792f,0.0030616886629011983f,0.9999953130202819f,0f,1.406981413078027f,-0.21643859949002225f,0.0006626707121970021f,-0.9762960071199334f,-0.06763737935565718f,0f,0f,0f,1f],start_interpolation:0}
execute if entity @s[tag=aj.lexiel.bone.left_hand] run data modify entity @s {} merge value {transformation:[-0.9613635034837094f,-0.19682333925839923f,0.19245983293326702f,0.3971090459657268f,-0.17414672367694628f,0.976293972883575f,0.1285418108779809f,1.1018895465519098f,-0.21319740336625417f,0.09005915630505518f,-0.9728495338763895f,0.04625763094589315f,0f,0f,0f,1f],start_interpolation:0}
execute if entity @s[tag=aj.lexiel.bone.left_arm] run data modify entity @s {} merge value {transformation:[-0.9613635034837094f,-0.19682333925839923f,0.19245983293326702f,0.3356017524474771f,-0.17414672367694628f,0.976293972883575f,0.1285418108779809f,1.406981413078027f,-0.21319740336625417f,0.09005915630505518f,-0.9728495338763895f,0.0744011172912229f,0f,0f,0f,1f],start_interpolation:0}
execute if entity @s[tag=aj.lexiel.bone.skirt_right] run data modify entity @s {} merge value {transformation:[-1f,2.9748223509645276e-17f,1.1879663726149307e-16f,-0.21875f,0f,0.9700481587360855f,-0.2429126792341853f,0.7060228995381331f,-1.2246467991473532e-16f,-0.2429126792341853f,-0.9700481587360855f,0.07660111178714439f,0f,0f,0f,1f],start_interpolation:0}
execute if entity @s[tag=aj.lexiel.bone.skirt_left] run data modify entity @s {} merge value {transformation:[-1f,2.4415530273663994e-17f,1.2000616529193144e-16f,0.21875f,0f,0.9799247046208297f,-0.19936793441719713f,0.7060228995381331f,-1.2246467991473532e-16f,-0.19936793441719713f,-0.9799247046208297f,0.07660111178714445f,0f,0f,0f,1f],start_interpolation:0}
execute if entity @s[tag=aj.lexiel.bone.skirt_back_middle] run data modify entity @s {} merge value {transformation:[-1f,8.542704229054945e-18f,1.221663621095163e-16f,2.5890831079099144e-17f,0f,0.9975640502598242f,-0.06975647374412527f,0.6986258492929763f,-1.2246467991473532e-16f,-0.06975647374412527f,-0.9975640502598242f,-0.21141467970295885f,0f,0f,0f,1f],start_interpolation:0}
execute if entity @s[tag=aj.lexiel.bone.skirt_front_middle] run data modify entity @s {} merge value {transformation:[-1f,3.488159813204802e-17f,1.173919585762708e-16f,-1.8669277248785437e-17f,0f,0.9585780868247372f,-0.2848298640582243f,0.7893465601428518f,-1.2246467991473532e-16f,-0.2848298640582243f,-0.9585780868247372f,0.15244621765053987f,0f,0f,0f,1f],start_interpolation:0}
execute if entity @s[tag=aj.lexiel.bone.skirt] run data modify entity @s {} merge value {transformation:[-1f,2.962688750897932e-17f,1.1882695554102554e-16f,-8.825426495332135e-18f,0f,0.9702957262759965f,-0.24192189559966767f,0.724215944405808f,-1.2246467991473532e-16f,-0.24192189559966767f,-0.9702957262759965f,0.07206507624465064f,0f,0f,0f,1f],start_interpolation:0}
execute if entity @s[tag=aj.lexiel.bone.rightupper] run data modify entity @s {} merge value {transformation:[-0.998215184102284f,-0.04302128740338233f,-0.04141998379766596f,-0.13781418534120643f,-0.025213722734632096f,0.9323303462680426f,-0.36072758920489156f,0.6665039864612649f,0.054136073126007496f,-0.35903940488178654f,-0.931751035056376f,-0.00450412666015787f,0f,0f,0f,1f],start_interpolation:0}
execute if entity @s[tag=aj.lexiel.bone.rightfoot] run data modify entity @s {} merge value {transformation:[-0.9989841278421179f,0.01582402651920944f,-0.042193749587379425f,-0.09168290104002108f,0.016683103418276404f,0.9996590453913454f,-0.020086488682673764f,0.40409986866631403f,0.04186151430440876f,-0.020770006066042512f,-0.9989075134706707f,0.1847570833094202f,0f,0f,0f,1f],start_interpolation:0}
execute if entity @s[tag=aj.lexiel.bone.leftupper] run data modify entity @s {} merge value {transformation:[-0.9991122699678037f,-0.0421268262628987f,0.00005008790471232054f,0.1353752100264819f,-0.04041188924325777f,0.9581023544147743f,-0.28356085356173005f,0.667549646833291f,0.011897529473521686f,-0.28331115222292574f,-0.9589542428179486f,-0.004522490662668438f,0f,0f,0f,1f],start_interpolation:0}
execute if entity @s[tag=aj.lexiel.bone.leftfoot] run data modify entity @s {} merge value {transformation:[-0.9963270402854002f,-0.0856295911721544f,-0.0000437244130893049f,0.15364494635612216f,-0.08308603718884161f,0.9668552739270254f,-0.2414282288874917f,0.4209881472446981f,0.020715675716447994f,-0.24053783984060875f,-0.970418676852638f,0.19351301906938778f,0f,0f,0f,1f],start_interpolation:0}
execute if entity @s[tag=aj.lexiel.bone.lower] run data modify entity @s {} merge value {transformation:[-1f,2.962688750897932e-17f,1.1882695554102554e-16f,0f,0f,0.9702957262759965f,-0.24192189559966767f,0.6257314130780269f,-1.2246467991473532e-16f,-0.24192189559966767f,-0.9702957262759965f,0f,0f,0f,0f,1f],start_interpolation:0}