execute if entity @s[tag=aj.lexiel.bone.backhair] run data modify entity @s {} merge value {transformation:[-0.9977591459642686f,0.06690772679538784f,-0.00020673588724576253f,-0.0011003474512275907f,0.06690781932686886f,0.9977429538035607f,-0.005686989385327136f,1.5286018404256907f,-0.0001742342572839395f,-0.005688077919604089f,-0.9999838075749048f,-0.26553182266959025f,0f,0f,0f,1f],start_interpolation:0}
execute if entity @s[tag=aj.lexiel.bone.head] run data modify entity @s {} merge value {transformation:[-0.9977591459642686f,0.06690772679538784f,-0.00020673588724576253f,0f,0.06690781932686886f,0.9977429538035607f,-0.005686989385327136f,1.545702180634349f,-0.0001742342572839395f,-0.005688077919604089f,-0.9999838075749048f,0f,0f,0f,0f,1f],start_interpolation:0}
execute if entity @s[tag=aj.lexiel.bone.ring] run data modify entity @s {} merge value {transformation:[-0.9614638770465722f,0.16953202249987687f,0.216439613938103f,0f,0.17364817766693033f,0.984807753012208f,0f,0.9832021806343489f,-0.21315140986521297f,0.037584344535285516f,-0.9762960071199334f,0f,0f,0f,0f,1f],start_interpolation:0}
execute if entity @s[tag=aj.lexiel.bone.bust] run data modify entity @s {} merge value {transformation:[-0.9762960071199334f,0.10821980696905148f,0.18744220405569367f,-0.01555659725180114f,0f,0.8660254037844387f,-0.49999999999999994f,1.436327180634349f,-0.216439613938103f,-0.4881480035599666f,-0.8454971437791755f,0.07017127551174529f,0f,0f,0f,1f],start_interpolation:0}
execute if entity @s[tag=aj.lexiel.bone.left_wing] run data modify entity @s {} merge value {transformation:[-0.8433586876081395f,0f,-0.5373510249695972f,0.14909195263225458f,0f,1f,0f,1.201952180634349f,0.5373510249695972f,0f,-0.8433586876081395f,-0.09498204914772879f,0f,0f,0f,1f],start_interpolation:0}
execute if entity @s[tag=aj.lexiel.bone.right_wing] run data modify entity @s {} merge value {transformation:[-0.7729621061387874f,0f,0.6344521908493106f,-0.09498204914772884f,0f,1f,0f,1.201952180634349f,-0.6344521908493106f,0f,-0.7729621061387874f,-0.1490919526322545f,0f,0f,0f,1f],start_interpolation:0}
execute if entity @s[tag=aj.lexiel.bone.body] run data modify entity @s {} merge value {transformation:[-0.9762960071199334f,0f,0.216439613938103f,0.3799281965909152f,0f,1f,0f,0.26445218063434894f,-0.216439613938103f,0f,-0.9762960071199334f,0.5963678105290182f,0f,0f,0f,1f],start_interpolation:0}
execute if entity @s[tag=aj.lexiel.locator_origin.locator_right_hand] at @s on origin run tp @s ^-0.43273 ^0.64833 ^-0.06393 ~12.5 ~0
execute if entity @s[tag=aj.lexiel.bone.sword] run data modify entity @s {} merge value {transformation:[-0.9851580162836491f,-0.07480920422565701f,0.600650754111896f,-0.446250545373574f,0.4012140136213009f,0.7784065386731942f,0.7549997604798984f,0.7339460248927476f,-0.45321635090313295f,0.8517047058775367f,-0.6372661106320556f,-0.1469444663443151f,0f,0f,0f,1f],start_interpolation:0}
execute if entity @s[tag=aj.lexiel.bone.rod] run data modify entity @s {} merge value {transformation:[-0.000009584845949144817f,-2.1780586619127164e-7f,0.000002843112508469349f,-0.4698676004978345f,0.000001901443943138925f,0.000006942064207823935f,0.0000069420642078239355f,0.7363060156027404f,-0.0000021249091891802105f,0.000007194463505995603f,-0.000006612447035601493f,-0.038303011756346914f,0f,0f,0f,1f],start_interpolation:0}
execute if entity @s[tag=aj.lexiel.bone.right_hand] run data modify entity @s {} merge value {transformation:[-0.9584845949144817f,0.1856372129448914f,0.216439613938103f,-0.3930567748613353f,0.1901443943138925f,0.9817561353569444f,0f,1.151095400657613f,-0.21249091891802102f,0.04115477929779331f,-0.9762960071199334f,-0.08713858910240575f,0f,0f,0f,1f],start_interpolation:0}
execute if entity @s[tag=aj.lexiel.bone.right_arm] run data modify entity @s {} merge value {transformation:[-0.9584845949144817f,0.1856372129448914f,0.216439613938103f,-0.3050925022249792f,0.1901443943138925f,0.9817561353569444f,0f,1.451952180634349f,-0.21249091891802102f,0.04115477929779331f,-0.9762960071199334f,-0.06763737935565718f,0f,0f,0f,1f],start_interpolation:0}
execute if entity @s[tag=aj.lexiel.locator_origin.locator_left_hand] at @s on origin run tp @s ^0.49976 ^0.72017 ^0.04233 ~11.19063 ~7.38405
execute if entity @s[tag=aj.lexiel.bone.left_hand] run data modify entity @s {} merge value {transformation:[-0.9547114782083707f,-0.2268995810833365f,0.19246447329674707f,0.40650787153601975f,-0.2047072695402304f,0.9703492399700439f,0.12851959495322746f,1.1487180431437103f,-0.21591879764062075f,0.08330025566446113f,-0.9728515509735615f,0.04836978739607879f,0f,0f,0f,1f],start_interpolation:0}
execute if entity @s[tag=aj.lexiel.bone.left_arm] run data modify entity @s {} merge value {transformation:[-0.9547114782083707f,-0.2268995810833365f,0.19246447329674707f,0.3356017524474771f,-0.2047072695402304f,0.9703492399700439f,0.12851959495322746f,1.451952180634349f,-0.21591879764062075f,0.08330025566446113f,-0.9728515509735615f,0.0744011172912229f,0f,0f,0f,1f],start_interpolation:0}
execute if entity @s[tag=aj.lexiel.bone.skirt_right] run data modify entity @s {} merge value {transformation:[-1f,3.714406170953616e-17f,1.1669582900145465e-16f,-0.21875f,0f,0.952893757471157f,-0.3033042811641471f,0.7509936670944551f,-1.2246467991473532e-16f,-0.3033042811641471f,-0.952893757471157f,0.07660111178714439f,0f,0f,0f,1f],start_interpolation:0}
execute if entity @s[tag=aj.lexiel.bone.skirt_left] run data modify entity @s {} merge value {transformation:[-1f,2.4415530273663994e-17f,1.2000616529193144e-16f,0.21875f,0f,0.9799247046208297f,-0.19936793441719713f,0.7509936670944551f,-1.2246467991473532e-16f,-0.19936793441719713f,-0.9799247046208297f,0.07660111178714445f,0f,0f,0f,1f],start_interpolation:0}
execute if entity @s[tag=aj.lexiel.bone.skirt_back_middle] run data modify entity @s {} merge value {transformation:[-1f,8.542704229054945e-18f,1.221663621095163e-16f,2.5890831079099144e-17f,0f,0.9975640502598242f,-0.06975647374412527f,0.7435966168492983f,-1.2246467991473532e-16f,-0.06975647374412527f,-0.9975640502598242f,-0.21141467970295885f,0f,0f,0f,1f],start_interpolation:0}
execute if entity @s[tag=aj.lexiel.bone.skirt_front_middle] run data modify entity @s {} merge value {transformation:[-1f,3.648606663019551e-17f,1.1690322822093283e-16f,-1.8669277248785437e-17f,0f,0.9545873006186391f,-0.29793134359717866f,0.8343173276991738f,-1.2246467991473532e-16f,-0.29793134359717866f,-0.9545873006186391f,0.15244621765053987f,0f,0f,0f,1f],start_interpolation:0}
execute if entity @s[tag=aj.lexiel.bone.skirt] run data modify entity @s {} merge value {transformation:[-1f,2.962688750897932e-17f,1.1882695554102554e-16f,-8.825426495332135e-18f,0f,0.9702957262759965f,-0.24192189559966767f,0.7691867119621301f,-1.2246467991473532e-16f,-0.24192189559966767f,-0.9702957262759965f,0.07206507624465064f,0f,0f,0f,1f],start_interpolation:0}
execute if entity @s[tag=aj.lexiel.bone.rightupper] run data modify entity @s {} merge value {transformation:[-0.9980919178080168f,-0.045847007126604306f,-0.04135910472735532f,-0.13785060090426002f,-0.02435965045619688f,0.9078746678727219f,-0.41853338560340286f,0.7091605717934281f,0.05673738658034188f,-0.416727296169243f,-0.9072591854544682f,-0.004457238542946176f,0f,0f,0f,1f],start_interpolation:0}
execute if entity @s[tag=aj.lexiel.bone.rightfoot] run data modify entity @s {} merge value {transformation:[-0.9989841248739492f,0.013145264436994946f,-0.04310359930111834f,-0.09083933770899211f,0.0166831775358207f,0.9964285852560545f,-0.0827752745203903f,0.4592576409901428f,0.041861555598641825f,-0.08341029017752638f,-0.9956356430217645f,0.20082833883653045f,0f,0f,0f,1f],start_interpolation:0}
execute if entity @s[tag=aj.lexiel.bone.leftupper] run data modify entity @s {} merge value {transformation:[-0.99864301020168f,0.05194353427963916f,-0.003742649044071975f,0.13631857918509213f,0.051198202897160094f,0.9660744248996546f,-0.25313820251969676f,0.7126632387842428f,-0.009533215377215033f,-0.25298631346644374f,-0.9674228873678924f,-0.0042331206629642945f,0f,0f,0f,1f],start_interpolation:0}
execute if entity @s[tag=aj.lexiel.bone.leftfoot] run data modify entity @s {} merge value {transformation:[-0.9999642823928777f,0.008447558421772305f,0.0002696204885197335f,0.12746784553123341f,0.008200803696636064f,0.9774847323298331f,-0.21084673315184127f,0.45957130507355975f,-0.0020446900073913653f,-0.21083699110636459f,-0.9775190956825285f,0.18605711439758088f,0f,0f,0f,1f],start_interpolation:0}
execute if entity @s[tag=aj.lexiel.bone.lower] run data modify entity @s {} merge value {transformation:[-1f,2.962688750897932e-17f,1.1882695554102554e-16f,0f,0f,0.9702957262759965f,-0.24192189559966767f,0.6707021806343489f,-1.2246467991473532e-16f,-0.24192189559966767f,-0.9702957262759965f,0f,0f,0f,0f,1f],start_interpolation:0}