execute if entity @s[tag=aj.lexiel.bone.backhair] run data modify entity @s {} merge value {transformation:[-0.9939803588610684f,0.10955819705975524f,-0.00021830125397165334f,-0.001769833099644896f,0.10955766002478405f,0.9939641451816262f,-0.005691855870701503f,1.4979920131753266f,-0.0004066058478219836f,-0.005681509515510965f,-0.999983777429069f,-0.2655319172934166f,0f,0f,0f,1f],start_interpolation:0}
execute if entity @s[tag=aj.lexiel.bone.head] run data modify entity @s {} merge value {transformation:[-0.9939803588610684f,0.10955819705975524f,-0.00021830125397165334f,0f,0.10955766002478405f,0.9939641451816262f,-0.005691855870701503f,1.5150346021594445f,-0.0004066058478219836f,-0.005681509515510965f,-0.999983777429069f,0f,0f,0f,0f,1f],start_interpolation:0}
execute if entity @s[tag=aj.lexiel.bone.ring] run data modify entity @s {} merge value {transformation:[-0.9614638770465722f,0.16953202249987687f,0.216439613938103f,0f,0.17364817766693033f,0.984807753012208f,0f,0.9525346021594445f,-0.21315140986521297f,0.037584344535285516f,-0.9762960071199334f,0f,0f,0f,0f,1f],start_interpolation:0}
execute if entity @s[tag=aj.lexiel.bone.bust] run data modify entity @s {} merge value {transformation:[-0.9762960071199334f,0.10821980696905148f,0.18744220405569367f,-0.01555659725180114f,0f,0.8660254037844387f,-0.49999999999999994f,1.4056596021594445f,-0.216439613938103f,-0.4881480035599666f,-0.8454971437791755f,0.07017127551174529f,0f,0f,0f,1f],start_interpolation:0}
execute if entity @s[tag=aj.lexiel.bone.left_wing] run data modify entity @s {} merge value {transformation:[-0.8870389821773472f,0f,-0.46169453548615447f,0.14909195263225458f,0f,1f,0f,1.1712846021594445f,0.46169453548615447f,0f,-0.8870389821773472f,-0.09498204914772879f,0f,0f,0f,1f],start_interpolation:0}
execute if entity @s[tag=aj.lexiel.bone.right_wing] run data modify entity @s {} merge value {transformation:[-0.8375219969653074f,0f,0.5464036096140322f,-0.09498204914772884f,0f,1f,0f,1.1712846021594445f,-0.5464036096140322f,0f,-0.8375219969653074f,-0.1490919526322545f,0f,0f,0f,1f],start_interpolation:0}
execute if entity @s[tag=aj.lexiel.bone.body] run data modify entity @s {} merge value {transformation:[-0.9762960071199334f,0f,0.216439613938103f,0.3799281965909152f,0f,1f,0f,0.23378460215944452f,-0.216439613938103f,0f,-0.9762960071199334f,0.5963678105290182f,0f,0f,0f,1f],start_interpolation:0}
execute if entity @s[tag=aj.lexiel.locator_origin.locator_right_hand] at @s on origin run tp @s ^-0.3313 ^0.60843 ^-0.04144 ~12.5 ~0
execute if entity @s[tag=aj.lexiel.bone.sword] run data modify entity @s {} merge value {transformation:[-1.026789894089406f,-0.12713196671080654f,0.516191862524109f,-0.3552637451734606f,0.26222194923947695f,0.8555036168877757f,0.7323027197334331f,0.6893461822557896f,-0.4624459160084727f,0.7673754537592249f,-0.7308849090211866f,-0.12677317836899038f,0f,0f,0f,1f],start_interpolation:0}
execute if entity @s[tag=aj.lexiel.bone.rod] run data modify entity @s {} merge value {transformation:[-0.000009743631933365741f,-0.0000010962782924674006f,0.0000019646400821932198f,-0.3791794415523871f,6.28932726919351e-7f,0.000007057068925021556f,0.0000070570689250215566f,0.6917452694154934f,-0.0000021601111943844954f,0.0000069997108578111916f,-0.000006807199683785905f,-0.01819793095322663f,0f,0f,0f,1f],start_interpolation:0}
execute if entity @s[tag=aj.lexiel.bone.right_hand] run data modify entity @s {} merge value {transformation:[-0.974363193336574f,0.061402451003841375f,0.216439613938103f,-0.35472961795544755f,0.06289327269193509f,0.9980202584367203f,0f,1.1113686861695924f,-0.2160111194384495f,0.013612595660746267f,-0.9762960071199334f,-0.07864166298209194f,0f,0f,0f,1f],start_interpolation:0}
execute if entity @s[tag=aj.lexiel.bone.right_arm] run data modify entity @s {} merge value {transformation:[-0.974363193336574f,0.061402451003841375f,0.216439613938103f,-0.3050925022249792f,0.06289327269193509f,0.9980202584367203f,0f,1.4212846021594445f,-0.2160111194384495f,0.013612595660746267f,-0.9762960071199334f,-0.06763737935565718f,0f,0f,0f,1f],start_interpolation:0}
execute if entity @s[tag=aj.lexiel.locator_origin.locator_left_hand] at @s on origin run tp @s ^0.48439 ^0.68639 ^0.03887 ~11.19059 ~7.38415
execute if entity @s[tag=aj.lexiel.bone.left_hand] run data modify entity @s {} merge value {transformation:[-0.9593502884299879f,-0.20640906311566262f,0.1924638219328854f,0.40010458467112164f,-0.18388676940935927f,0.9745090848313337f,0.12852120298762185f,1.1167505131496527f,-0.21408568407412984f,0.08790530271212754f,-0.9728514674037354f,0.04693071019368304f,0f,0f,0f,1f],start_interpolation:0}
execute if entity @s[tag=aj.lexiel.bone.left_arm] run data modify entity @s {} merge value {transformation:[-0.9593502884299879f,-0.20640906311566262f,0.1924638219328854f,0.3356017524474771f,-0.18388676940935927f,0.9745090848313337f,0.12852120298762185f,1.4212846021594445f,-0.21408568407412984f,0.08790530271212754f,-0.9728514674037354f,0.0744011172912229f,0f,0f,0f,1f],start_interpolation:0}
execute if entity @s[tag=aj.lexiel.bone.skirt_right] run data modify entity @s {} merge value {transformation:[-1f,3.2114623539429364e-17f,1.1817888466870596e-16f,-0.21875f,0f,0.9650038260091539f,-0.2622358018800916f,0.7203260886195507f,-1.2246467991473532e-16f,-0.2622358018800916f,-0.9650038260091539f,0.07660111178714439f,0f,0f,0f,1f],start_interpolation:0}
execute if entity @s[tag=aj.lexiel.bone.skirt_left] run data modify entity @s {} merge value {transformation:[-1f,2.4415530273663994e-17f,1.2000616529193144e-16f,0.21875f,0f,0.9799247046208297f,-0.19936793441719713f,0.7203260886195507f,-1.2246467991473532e-16f,-0.19936793441719713f,-0.9799247046208297f,0.07660111178714445f,0f,0f,0f,1f],start_interpolation:0}
execute if entity @s[tag=aj.lexiel.bone.skirt_back_middle] run data modify entity @s {} merge value {transformation:[-1f,8.542704229054945e-18f,1.221663621095163e-16f,2.5890831079099144e-17f,0f,0.9975640502598242f,-0.06975647374412527f,0.7129290383743939f,-1.2246467991473532e-16f,-0.06975647374412527f,-0.9975640502598242f,-0.21141467970295885f,0f,0f,0f,1f],start_interpolation:0}
execute if entity @s[tag=aj.lexiel.bone.skirt_front_middle] run data modify entity @s {} merge value {transformation:[-1f,3.544453728259937e-17f,1.1722321699834464e-16f,-1.8669277248785437e-17f,0f,0.9572002072757633f,-0.28942661106269363f,0.8036497492242693f,-1.2246467991473532e-16f,-0.28942661106269363f,-0.9572002072757633f,0.15244621765053987f,0f,0f,0f,1f],start_interpolation:0}
execute if entity @s[tag=aj.lexiel.bone.skirt] run data modify entity @s {} merge value {transformation:[-1f,2.962688750897932e-17f,1.1882695554102554e-16f,-8.825426495332135e-18f,0f,0.9702957262759965f,-0.24192189559966767f,0.7385191334872256f,-1.2246467991473532e-16f,-0.24192189559966767f,-0.9702957262759965f,0.07206507624465064f,0f,0f,0f,1f],start_interpolation:0}
execute if entity @s[tag=aj.lexiel.bone.rightupper] run data modify entity @s {} merge value {transformation:[-0.9981760336581981f,-0.04392032930833272f,-0.04141992882460495f,-0.13782625516774244f,-0.024959784273419112f,0.9249459934521347f,-0.3792781543483202f,0.6800707177235745f,0.0549692186538258f,-0.37755253127252564f,-0.924355165036847f,-0.004505025875118446f,0f,0f,0f,1f],start_interpolation:0}
execute if entity @s[tag=aj.lexiel.bone.rightfoot] run data modify entity @s {} merge value {transformation:[-0.9989841248739492f,0.014978347897603682f,-0.04250138049626379f,-0.09141355404457253f,0.016683177535819833f,0.9990585777157929f,-0.040045347792292296f,0.42153324526580344f,0.04186155559864155f,-0.04071372479589269f,-0.9982935453943926f,0.18993760957531447f,0f,0f,0f,1f],start_interpolation:0}
execute if entity @s[tag=aj.lexiel.bone.leftupper] run data modify entity @s {} merge value {transformation:[-0.9999235742229734f,-0.012231559599562004f,-0.0017985168656777868f,0.1356634198967614f,-0.011270879890996243f,0.9616725934193302f,-0.2739685936975671f,0.6819071219750283f,0.005080647560744743f,-0.27392738456733784f,-0.961736957283259f,-0.004436400499780287f,0f,0f,0f,1f],start_interpolation:0}
execute if entity @s[tag=aj.lexiel.bone.leftfoot] run data modify entity @s {} merge value {transformation:[-0.9984448069776628f,-0.055746076372121735f,-0.0005851396852685017f,0.14539712458298754f,-0.054093159322255856f,0.9712725622065749f,-0.23174024255448653f,0.4329754889746915f,0.01348693938129591f,-0.23134818969205004f,-0.9727775272858313f,0.19122282632044602f,0f,0f,0f,1f],start_interpolation:0}
execute if entity @s[tag=aj.lexiel.bone.lower] run data modify entity @s {} merge value {transformation:[-1f,2.962688750897932e-17f,1.1882695554102554e-16f,0f,0f,0.9702957262759965f,-0.24192189559966767f,0.6400346021594445f,-1.2246467991473532e-16f,-0.24192189559966767f,-0.9702957262759965f,0f,0f,0f,0f,1f],start_interpolation:0}