execute if entity @s[tag=aj.lexiel.bone.backhair] run data modify entity @s {} merge value {transformation:[-0.9949328173815272f,0.10054181134099752f,-0.00018185028992206975f,-0.001619269785463636f,0.10054121479846533f,0.9949166221811117f,-0.005690257865499778f,1.504470325827765f,-0.00039118295660281466f,-0.005679707738809298f,-0.9999837938166279f,-0.26553194979912287f,0f,0f,0f,1f],start_interpolation:0}
execute if entity @s[tag=aj.lexiel.bone.head] run data modify entity @s {} merge value {transformation:[-0.9949328173815272f,0.10054181134099752f,-0.00018185028992206975f,0f,0.10054121479846533f,0.9949166221811117f,-0.005690257865499778f,1.5215273727948682f,-0.00039118295660281466f,-0.005679707738809298f,-0.9999837938166279f,0f,0f,0f,0f,1f],start_interpolation:0}
execute if entity @s[tag=aj.lexiel.bone.ring] run data modify entity @s {} merge value {transformation:[-0.9614638770465722f,0.16953202249987687f,0.216439613938103f,0f,0.17364817766693033f,0.984807753012208f,0f,0.9590273727948682f,-0.21315140986521297f,0.037584344535285516f,-0.9762960071199334f,0f,0f,0f,0f,1f],start_interpolation:0}
execute if entity @s[tag=aj.lexiel.bone.bust] run data modify entity @s {} merge value {transformation:[-0.9762960071199334f,0.10821980696905148f,0.18744220405569367f,-0.01555659725180114f,0f,0.8660254037844387f,-0.49999999999999994f,1.4121523727948682f,-0.216439613938103f,-0.4881480035599666f,-0.8454971437791755f,0.07017127551174529f,0f,0f,0f,1f],start_interpolation:0}
execute if entity @s[tag=aj.lexiel.bone.left_wing] run data modify entity @s {} merge value {transformation:[-0.8804777301315603f,0f,-0.47408750958275137f,0.14909195263225458f,0f,1f,0f,1.1777773727948682f,0.47408750958275137f,0f,-0.8804777301315603f,-0.09498204914772879f,0f,0f,0f,1f],start_interpolation:0}
execute if entity @s[tag=aj.lexiel.bone.right_wing] run data modify entity @s {} merge value {transformation:[-0.827816187978701f,0f,0.5609994286275273f,-0.09498204914772884f,0f,1f,0f,1.1777773727948682f,-0.5609994286275273f,0f,-0.827816187978701f,-0.1490919526322545f,0f,0f,0f,1f],start_interpolation:0}
execute if entity @s[tag=aj.lexiel.bone.body] run data modify entity @s {} merge value {transformation:[-0.9762960071199334f,0f,0.216439613938103f,0.3799281965909152f,0f,1f,0f,0.24027737279486816f,-0.216439613938103f,0f,-0.9762960071199334f,0.5963678105290182f,0f,0f,0f,1f],start_interpolation:0}
execute if entity @s[tag=aj.lexiel.bone.sword] run data modify entity @s {} merge value {transformation:[-1.019435269784911f,-0.14125397632758113f,0.5269849214068776f,-0.3746606823541364f,0.29208718677126627f,0.8019955016014708f,0.7800015084825493f,0.6977882019560746f,-0.4608154386981986f,0.8208316466137575f,-0.6714153720870073f,-0.1310733758135666f,0f,0f,0f,1f],start_interpolation:0}
execute if entity @s[tag=aj.lexiel.bone.rod] run data modify entity @s {} merge value {transformation:[-0.000009723347079927788f,-9.092060524922352e-7f,0.000002151712322168385f,-0.39851284303212103f,8.999162165444327e-7f,0.0000070423771129924716f,0.000007042377112992472f,0.7001821987944234f,-0.000002155614150644807f,0.000007041183774942345f,-0.0000067657267666547516f,-0.022483796650979798f,0f,0f,0f,1f],start_interpolation:0}
execute if entity @s[tag=aj.lexiel.bone.right_hand] run data modify entity @s {} merge value {transformation:[-0.9723347079927787f,0.08785846089548069f,0.216439613938103f,-0.36293373087959124f,0.08999162165444326f,0.9959425224539835f,0f,1.1193575727046996f,-0.21556141506448065f,0.01947775184855153f,-0.9762960071199334f,-0.08046047102909455f,0f,0f,0f,1f],start_interpolation:0}
execute if entity @s[tag=aj.lexiel.bone.right_arm] run data modify entity @s {} merge value {transformation:[-0.9723347079927787f,0.08785846089548069f,0.216439613938103f,-0.3050925022249792f,0.08999162165444326f,0.9959425224539835f,0f,1.4277773727948682f,-0.21556141506448065f,0.01947775184855153f,-0.9762960071199334f,-0.06763737935565718f,0f,0f,0f,1f],start_interpolation:0}
execute if entity @s[tag=aj.lexiel.bone.left_hand] run data modify entity @s {} merge value {transformation:[-0.9584048305076537f,-0.21075447422362f,0.19246488628921649f,0.40146252564235835f,-0.18830215726377966f,0.9736662335736446f,0.12851600354944015f,1.1235066748031042f,-0.21448188368578439f,0.0869288053135347f,-0.9728519437084757f,0.04723586563074331f,0f,0f,0f,1f],start_interpolation:0}
execute if entity @s[tag=aj.lexiel.bone.left_arm] run data modify entity @s {} merge value {transformation:[-0.9584048305076537f,-0.21075447422362f,0.19246488628921649f,0.3356017524474771f,-0.18830215726377966f,0.9736662335736446f,0.12851600354944015f,1.4277773727948682f,-0.21448188368578439f,0.0869288053135347f,-0.9728519437084757f,0.0744011172912229f,0f,0f,0f,1f],start_interpolation:0}
execute if entity @s[tag=aj.lexiel.bone.skirt_right] run data modify entity @s {} merge value {transformation:[-1f,3.3184653821994285e-17f,1.178828934889748e-16f,-0.21875f,0f,0.9625868746078418f,-0.2709732622099591f,0.7268188592549744f,-1.2246467991473532e-16f,-0.2709732622099591f,-0.9625868746078418f,0.07660111178714439f,0f,0f,0f,1f],start_interpolation:0}
execute if entity @s[tag=aj.lexiel.bone.skirt_left] run data modify entity @s {} merge value {transformation:[-1f,2.4415530273663994e-17f,1.2000616529193144e-16f,0.21875f,0f,0.9799247046208297f,-0.19936793441719713f,0.7268188592549744f,-1.2246467991473532e-16f,-0.19936793441719713f,-0.9799247046208297f,0.07660111178714445f,0f,0f,0f,1f],start_interpolation:0}
execute if entity @s[tag=aj.lexiel.bone.skirt_back_middle] run data modify entity @s {} merge value {transformation:[-1f,8.542704229054945e-18f,1.221663621095163e-16f,2.5890831079099144e-17f,0f,0.9975640502598242f,-0.06975647374412527f,0.7194218090098176f,-1.2246467991473532e-16f,-0.06975647374412527f,-0.9975640502598242f,-0.21141467970295885f,0f,0f,0f,1f],start_interpolation:0}
execute if entity @s[tag=aj.lexiel.bone.skirt_front_middle] run data modify entity @s {} merge value {transformation:[-1f,3.921592074616034e-17f,1.160159876338147e-16f,-1.8669277248785437e-17f,0f,0.947342431422591f,-0.3202222940807422f,0.810142519859693f,-1.2246467991473532e-16f,-0.3202222940807422f,-0.947342431422591f,0.15244621765053987f,0f,0f,0f,1f],start_interpolation:0}
execute if entity @s[tag=aj.lexiel.bone.skirt] run data modify entity @s {} merge value {transformation:[-1f,2.962688750897932e-17f,1.1882695554102554e-16f,-8.825426495332135e-18f,0f,0.9702957262759965f,-0.24192189559966767f,0.7450119041226493f,-1.2246467991473532e-16f,-0.24192189559966767f,-0.9702957262759965f,0.07206507624465064f,0f,0f,0f,1f],start_interpolation:0}
execute if entity @s[tag=aj.lexiel.bone.rightupper] run data modify entity @s {} merge value {transformation:[-0.9981582424025788f,-0.044328477919389715f,-0.04141387652882824f,-0.13783190682130686f,-0.024839134172904703f,0.9214721150607316f,-0.3876495306059875f,0.6862295703570954f,0.05534564605581265f,-0.38590688930213746f,-0.920876067802727f,-0.004500454715205084f,0f,0f,0f,1f],start_interpolation:0}
execute if entity @s[tag=aj.lexiel.bone.rightfoot] run data modify entity @s {} merge value {transformation:[-0.9989841278421179f,0.014592363705894045f,-0.04263537546448994f,-0.09129157357325682f,0.016683103418276404f,0.9986544934412789f,-0.04910068013660995f,0.42948098603587026f,0.04186151430440876f,-0.04976209050087721f,-0.9978834340588706f,0.19226840424469008f,0f,0f,0f,1f],start_interpolation:0}
execute if entity @s[tag=aj.lexiel.bone.leftupper] run data modify entity @s {} merge value {transformation:[-0.9999961067115148f,0.0013531900405511896f,-0.0024403767182314467f,0.1357977554118594f,0.0019609810653190684f,0.9629750310667698f,-0.269583464061161f,0.6884220837139896f,0.0019852241873886973f,-0.26958720002750125f,-0.9629739355072171f,-0.00439572496450337f,0f,0f,0f,1f],start_interpolation:0}
execute if entity @s[tag=aj.lexiel.bone.leftfoot] run data modify entity @s {} merge value {transformation:[-0.999110570928708f,-0.04216237040748806f,-0.0006337035054827003f,0.1416272949370309f,-0.0409145883992813f,0.9729589297919967f,-0.22732557575893167f,0.43850379785661636f,0.01020115261274345f,-0.22709745806510945f,-0.9738186078658271f,0.19015834547043342f,0f,0f,0f,1f],start_interpolation:0}
execute if entity @s[tag=aj.lexiel.bone.lower] run data modify entity @s {} merge value {transformation:[-1f,2.962688750897932e-17f,1.1882695554102554e-16f,0f,0f,0.9702957262759965f,-0.24192189559966767f,0.6465273727948682f,-1.2246467991473532e-16f,-0.24192189559966767f,-0.9702957262759965f,0f,0f,0f,0f,1f],start_interpolation:0}