execute if entity @s[tag=aj.lexiel.bone.backhair] run data modify entity @s {} merge value {transformation:[-0.996560453077134f,0.08286879186745087f,-0.0001633925532965319f,-0.0013382260198983112f,0.0828683787450856f,0.9965442708414967f,-0.0056875352439165975f,1.517156202089543f,-0.0003084912614811086f,-0.005681512775560397f,-0.9999838124918436f,-0.26553192655602786f,0f,0f,0f,1f],start_interpolation:0}
execute if entity @s[tag=aj.lexiel.bone.head] run data modify entity @s {} merge value {transformation:[-0.996560453077134f,0.08286879186745087f,-0.0001633925532965319f,0f,0.0828683787450856f,0.9965442708414967f,-0.0056875352439165975f,1.5342379578706067f,-0.0003084912614811086f,-0.005681512775560397f,-0.9999838124918436f,0f,0f,0f,0f,1f],start_interpolation:0}
execute if entity @s[tag=aj.lexiel.bone.ring] run data modify entity @s {} merge value {transformation:[-0.9614638770465722f,0.16953202249987687f,0.216439613938103f,0f,0.17364817766693033f,0.984807753012208f,0f,0.9717379578706067f,-0.21315140986521297f,0.037584344535285516f,-0.9762960071199334f,0f,0f,0f,0f,1f],start_interpolation:0}
execute if entity @s[tag=aj.lexiel.bone.bust] run data modify entity @s {} merge value {transformation:[-0.9762960071199334f,0.10821980696905148f,0.18744220405569367f,-0.01555659725180114f,0f,0.8660254037844387f,-0.49999999999999994f,1.4248629578706067f,-0.216439613938103f,-0.4881480035599666f,-0.8454971437791755f,0.07017127551174529f,0f,0f,0f,1f],start_interpolation:0}
execute if entity @s[tag=aj.lexiel.bone.left_wing] run data modify entity @s {} merge value {transformation:[-0.8602927600466895f,0f,-0.5098003207249377f,0.14909195263225458f,0f,1f,0f,1.1904879578706067f,0.5098003207249377f,0f,-0.8602927600466895f,-0.09498204914772879f,0f,0f,0f,1f],start_interpolation:0}
execute if entity @s[tag=aj.lexiel.bone.right_wing] run data modify entity @s {} merge value {transformation:[-0.7979715862687907f,0f,0.6026950700874115f,-0.09498204914772884f,0f,1f,0f,1.1904879578706067f,-0.6026950700874115f,0f,-0.7979715862687907f,-0.1490919526322545f,0f,0f,0f,1f],start_interpolation:0}
execute if entity @s[tag=aj.lexiel.bone.body] run data modify entity @s {} merge value {transformation:[-0.9762960071199334f,0f,0.216439613938103f,0.3799281965909152f,0f,1f,0f,0.2529879578706067f,-0.216439613938103f,0f,-0.9762960071199334f,0.5963678105290182f,0f,0f,0f,1f],start_interpolation:0}
execute if entity @s[tag=aj.lexiel.bone.sword] run data modify entity @s {} merge value {transformation:[-1.0027570528962724f,-0.09124761702449287f,0.5683891516858267f,-0.41244947541880495f,0.3499078777549368f,0.8099209696441901f,0.7473329662979221f,0.7158740342405786f,-0.45711796338780925f,0.8201316710248217f,-0.6747897985522714f,-0.13945094954372214f,0f,0f,0f,1f],start_interpolation:0}
execute if entity @s[tag=aj.lexiel.bone.rod] run data modify entity @s {} merge value {transformation:[-0.000009662862930314395f,-5.444395775383929e-7f,0.0000025164787971222277f,-0.4361775713662662f,0.0000014282986868369484f,0.000006998569956111743f,0.000006998569956111744f,0.718253234372586f,-0.0000021422051375010207f,0.000007122050555550691f,-0.000006684859986046405f,-0.030834112113593062f,0f,0f,0f,1f],start_interpolation:0}
execute if entity @s[tag=aj.lexiel.bone.right_hand] run data modify entity @s {} merge value {transformation:[-0.9662862930314394f,0.13944423049335566f,0.216439613938103f,-0.37886527091138533f,0.14282986868369482f,0.9897472549150104f,0f,1.1356553741060313f,-0.21422051375010204f,0.030914041636728853f,-0.9762960071199334f,-0.08399240842182563f,0f,0f,0f,1f],start_interpolation:0}
execute if entity @s[tag=aj.lexiel.bone.right_arm] run data modify entity @s {} merge value {transformation:[-0.9662862930314394f,0.13944423049335566f,0.216439613938103f,-0.3050925022249792f,0.14282986868369482f,0.9897472549150104f,0f,1.4404879578706067f,-0.21422051375010204f,0.030914041636728853f,-0.9762960071199334f,-0.06763737935565718f,0f,0f,0f,1f],start_interpolation:0}
execute if entity @s[tag=aj.lexiel.bone.left_hand] run data modify entity @s {} merge value {transformation:[-0.956496930695654f,-0.21925012337654587f,0.19246559424781007f,0.40411741600264767f,-0.1969346144212429f,0.9719573340895218f,0.12851341701295657f,1.1367512909676312f,-0.21524492842468929f,0.08501955133355574f,-0.972852145332728f,0.047832507499486726f,0f,0f,0f,1f],start_interpolation:0}
execute if entity @s[tag=aj.lexiel.bone.left_arm] run data modify entity @s {} merge value {transformation:[-0.956496930695654f,-0.21925012337654587f,0.19246559424781007f,0.3356017524474771f,-0.1969346144212429f,0.9719573340895218f,0.12851341701295657f,1.4404879578706067f,-0.21524492842468929f,0.08501955133355574f,-0.972852145332728f,0.0744011172912229f,0f,0f,0f,1f],start_interpolation:0}
execute if entity @s[tag=aj.lexiel.bone.skirt_right] run data modify entity @s {} merge value {transformation:[-1f,3.5271424086028584e-17f,1.1727542142137926e-16f,-0.21875f,0f,0.9576264887397f,-0.28801303453849647f,0.7395294443307129f,-1.2246467991473532e-16f,-0.28801303453849647f,-0.9576264887397f,0.07660111178714439f,0f,0f,0f,1f],start_interpolation:0}
execute if entity @s[tag=aj.lexiel.bone.skirt_left] run data modify entity @s {} merge value {transformation:[-1f,2.4415530273663994e-17f,1.2000616529193144e-16f,0.21875f,0f,0.9799247046208297f,-0.19936793441719713f,0.7395294443307129f,-1.2246467991473532e-16f,-0.19936793441719713f,-0.9799247046208297f,0.07660111178714445f,0f,0f,0f,1f],start_interpolation:0}
execute if entity @s[tag=aj.lexiel.bone.skirt_back_middle] run data modify entity @s {} merge value {transformation:[-1f,8.542704229054945e-18f,1.221663621095163e-16f,2.5890831079099144e-17f,0f,0.9975640502598242f,-0.06975647374412527f,0.7321323940855561f,-1.2246467991473532e-16f,-0.06975647374412527f,-0.9975640502598242f,-0.21141467970295885f,0f,0f,0f,1f],start_interpolation:0}
execute if entity @s[tag=aj.lexiel.bone.skirt_front_middle] run data modify entity @s {} merge value {transformation:[-1f,3.606763991982895e-17f,1.170330003769541e-16f,-1.8669277248785437e-17f,0f,0.9556469706893207f,-0.29451463021779534f,0.8228531049354315f,-1.2246467991473532e-16f,-0.29451463021779534f,-0.9556469706893207f,0.15244621765053987f,0f,0f,0f,1f],start_interpolation:0}
execute if entity @s[tag=aj.lexiel.bone.skirt] run data modify entity @s {} merge value {transformation:[-1f,2.962688750897932e-17f,1.1882695554102554e-16f,-8.825426495332135e-18f,0f,0.9702957262759965f,-0.24192189559966767f,0.7577224891983878f,-1.2246467991473532e-16f,-0.24192189559966767f,-0.9702957262759965f,0.07206507624465064f,0f,0f,0f,1f],start_interpolation:0}
execute if entity @s[tag=aj.lexiel.bone.rightupper] run data modify entity @s {} merge value {transformation:[-0.9981233833563047f,-0.04512709559207746f,-0.04139150686779614f,-0.1378418351524025f,-0.02459285878301158f,0.9144526963801984f,-0.403944869233245f,0.6982858891035818f,0.05607943379031356f,-0.4021688840852908f,-0.9138464235194828f,-0.004483003346800789f,0f,0f,0f,1f],start_interpolation:0}
execute if entity @s[tag=aj.lexiel.bone.rightfoot] run data modify entity @s {} merge value {transformation:[-0.9989841248739492f,0.013833513459415466f,-0.04288766903432787f,-0.09105341742993547f,0.016683177535820375f,0.9976258657255322f,-0.06681544449220261f,0.44510083936065337f,0.04186155559864173f,-0.06746307094070414f,-0.9968431893844243f,0.19679261992887126f,0f,0f,0f,1f],start_interpolation:0}
execute if entity @s[tag=aj.lexiel.bone.leftupper] run data modify entity @s {} merge value {transformation:[-0.9996035695374923f,0.02795629099787162f,-0.003339095917494831f,0.13606781155665146f,0.02785878681676084f,0.9649486915755597f,-0.2609557637296286f,0.7011706824986829f,-0.004073299031765398f,-0.26094533607684534f,-0.9653449848705592f,-0.004312216688068984f,0f,0f,0f,1f],start_interpolation:0}
execute if entity @s[tag=aj.lexiel.bone.leftfoot] run data modify entity @s {} merge value {transformation:[-0.9998789666261497f,-0.01555357940319496f,-0.00037184186357990543f,0.13420516436365137f,-0.015095883817263452f,0.9756831657559071f,-0.21866521065845584f,0.4494852209527388f,0.003763826563310864f,-0.21863313158869518f,-0.9757998705581599f,0.18802913338221977f,0f,0f,0f,1f],start_interpolation:0}
execute if entity @s[tag=aj.lexiel.bone.lower] run data modify entity @s {} merge value {transformation:[-1f,2.962688750897932e-17f,1.1882695554102554e-16f,0f,0f,0.9702957262759965f,-0.24192189559966767f,0.6592379578706067f,-1.2246467991473532e-16f,-0.24192189559966767f,-0.9702957262759965f,0f,0f,0f,0f,1f],start_interpolation:0}