execute if entity @s[tag=aj.frestchika_v2.bone.hair] run data modify entity @s {} merge value {transformation:[-0.9999984228250013f,-0.00028662435485649464f,-0.0017527675227782648f,-0.0004218975221538114f,-0.00016360023076769894f,0.9975616974896113f,-0.06978992002151507f,1.2730091630477898f,0.0017684972361290004f,-0.06978952319742682f,-0.9975601710520533f,-0.2306520641406658f,0f,0f,0f,1f],start_interpolation:0}
execute if entity @s[tag=aj.frestchika_v2.bone.side_hair_2] run data modify entity @s {} merge value {transformation:[-0.9999984228250013f,0.00025370885355824845f,-0.0017578337029791292f,0.4868564227740007f,-0.00016360023076769894f,0.9723777340104264f,0.2334127580825713f,1.657366976244198f,0.0017684972361290004f,0.2334126775318045f,-0.9723761588937483f,-0.25267200248022076f,0f,0f,0f,1f],start_interpolation:0}
execute if entity @s[tag=aj.frestchika_v2.bone.side_hair_1] run data modify entity @s {} merge value {transformation:[-0.9999984228250013f,-0.0003628061975188739f,-0.0017385968977152392f,0.32844678799429594f,-0.00016360023076769894f,0.9935680462395612f,-0.11323652558545627f,2.042135084125813f,0.0017684972361290004f,-0.11323606255678542f,-0.9935665385640571f,-0.296246732015274f,0f,0f,0f,1f],start_interpolation:0}
execute if entity @s[tag=aj.frestchika_v2.bone.head] run data modify entity @s {} merge value {transformation:[-0.9999984228250013f,-0.0009355614667260095f,-0.0015096596476294368f,-0.00016395263251860285f,-0.00016360023076769894f,0.8949193885895493f,-0.44622781307474724f,1.557918251567576f,0.0017684972361290004f,-0.4462268623147301f,-0.8949181302031359f,-0.058440499870845146f,0f,0f,0f,1f],start_interpolation:0}
execute if entity @s[tag=aj.frestchika_v2.bone.group] run data modify entity @s {} merge value {transformation:[-0.000006155368679816385f,-0.000007865343357161878f,-4.978054735386586e-7f,-0.6739149711527477f,-0.000007818614644384897f,0.000006173756507810962f,-8.683292145677574e-7f,0.9784814707480867f,9.903037201513322e-7f,-1.452737285655617e-7f,-0.000009949783620041347f,-0.09264117571076957f,0f,0f,0f,1f],start_interpolation:0}
execute if entity @s[tag=aj.frestchika_v2.bone.group2] run data modify entity @s {} merge value {transformation:[-0.000006155368679816385f,-0.000007865343357161878f,-4.978054735386586e-7f,-0.6739149711527477f,-0.000007818614644384897f,0.000006173756507810962f,-8.683292145677574e-7f,0.9784814707480867f,9.903037201513322e-7f,-1.452737285655617e-7f,-0.000009949783620041347f,-0.09264117571076957f,0f,0f,0f,1f],start_interpolation:0}
execute if entity @s[tag=aj.frestchika_v2.bone.group3] run data modify entity @s {} merge value {transformation:[-0.000006155368679816385f,-0.000007865343357161878f,-4.978054735386586e-7f,-0.6739149711527477f,-0.000007818614644384897f,0.000006173756507810962f,-8.683292145677574e-7f,0.9784814707480867f,9.903037201513322e-7f,-1.452737285655617e-7f,-0.000009949783620041347f,-0.09264117571076957f,0f,0f,0f,1f],start_interpolation:0}
execute if entity @s[tag=aj.frestchika_v2.locator_origin.muzzle] at @s on origin run tp @s ^-0.67392 ^0.97848 ^-0.09264 ~-2.86422 ~-4.98143
execute if entity @s[tag=aj.frestchika_v2.bone.gun] run data modify entity @s {} merge value {transformation:[-0.000006155368679816385f,-0.000007865343357161878f,-4.978054735386586e-7f,-0.6739169677838497f,-0.000007818614644384897f,0.000006173756507810962f,-8.683292145677574e-7f,0.978481854800551f,9.903037201513322e-7f,-1.452737285655617e-7f,-0.000009949783620041347f,-0.09264582049017869f,0f,0f,0f,1f],start_interpolation:0}
execute if entity @s[tag=aj.frestchika_v2.bone.sword] run data modify entity @s {} merge value {transformation:[-0.827740869564359f,0.24475650794990253f,0.6020498457511709f,-0.42832015029671566f,0.6497199611255179f,0.33458036022493026f,0.7572612935881591f,0.8729461875922888f,-0.015288461920511209f,0.9673029238392312f,-0.4142656497516777f,-0.020559682427253076f,0f,0f,0f,1f],start_interpolation:0}
execute if entity @s[tag=aj.frestchika_v2.bone.arm_right_1] run data modify entity @s {} merge value {transformation:[-0.6155368679816384f,-0.7865343357161877f,-0.04978054735386586f,-0.4840539539073405f,-0.7818614644384896f,0.6173756507810961f,-0.08683292145677574f,1.2184715263448016f,0.0990303720151332f,-0.01452737285655617f,-0.9949783620041347f,-0.1733415342049388f,0f,0f,0f,1f],start_interpolation:0}
execute if entity @s[tag=aj.frestchika_v2.bone.arm_right_0] run data modify entity @s {} merge value {transformation:[-0.587732104560728f,-0.7865343357161877f,0.18956453256902492f,-0.25014589041160573f,-0.755575324679389f,0.6173756507810961f,0.21898226996324152f,1.519333017029287f,-0.289269600898977f,-0.01452737285655617f,-0.9571374266183688f,-0.0516515849289832f,0f,0f,0f,1f],start_interpolation:0}
execute if entity @s[tag=aj.frestchika_v2.bone.arm_left_1] run data modify entity @s {} merge value {transformation:[-0.2024318789739993f,-0.9750866229174239f,0.09070508355406434f,0.3695052688119816f,-0.939393379207437f,0.21951901092110504f,0.2633466972366508f,1.8900734105371604f,-0.27669733189224754f,-0.031897988207933325f,-0.9604275635736399f,0.0490012529072186f,0f,0f,0f,1f],start_interpolation:0}
execute if entity @s[tag=aj.frestchika_v2.bone.arm_left_0] run data modify entity @s {} merge value {transformation:[-0.202203037290679f,-0.9750866229174239f,0.09121408618145542f,0.29368519889353556f,-0.9387278635710719f,0.21951901092110504f,0.2657092433460131f,1.5380500082270232f,-0.2791127547528335f,-0.031897988207933325f,-0.9597283930792978f,-0.05585467556889924f,0f,0f,0f,1f],start_interpolation:0}
execute if entity @s[tag=aj.frestchika_v2.bone.right_wing_0] run data modify entity @s {} merge value {transformation:[-0.9999960647132312f,-0.0004372070200496076f,-0.0027711744933768445f,-0.1993191027309388f,0f,0.9877820041802027f,-0.15584194627166958f,1.1373892958546032f,0.0028054514879290054f,-0.1558413329889204f,-0.9877781169747513f,-0.5603619809058347f,0f,0f,0f,1f],start_interpolation:0}
execute if entity @s[tag=aj.frestchika_v2.bone.right_wing_1] run data modify entity @s {} merge value {transformation:[-0.9999960647132312f,-0.0004372070200496076f,-0.0027711744933768445f,0.20708466413578486f,0f,0.9877820041802027f,-0.15584194627166958f,2.002320248073984f,0.0028054514879290054f,-0.1558413329889204f,-0.9877781169747513f,-0.09686592506592517f,0f,0f,0f,1f],start_interpolation:0}
execute if entity @s[tag=aj.frestchika_v2.bone.right_wing_2] run data modify entity @s {} merge value {transformation:[-0.9999960647132312f,-0.0004372070200496076f,-0.0027711744933768445f,0.20524263648838642f,0f,0.9877820041802027f,-0.15584194627166958f,1.980140883628271f,0.0028054514879290054f,-0.1558413329889204f,-0.9877781169747513f,-0.09336151466966848f,0f,0f,0f,1f],start_interpolation:0}
execute if entity @s[tag=aj.frestchika_v2.bone.left_wing_0] run data modify entity @s {} merge value {transformation:[-0.9999960647132312f,-0.0004372070200496076f,-0.0027711744933768445f,-0.20531907911921826f,0f,0.9877820041802027f,-0.15584194627166958f,1.1373892958546032f,0.0028054514879290054f,-0.1558413329889204f,-0.9877781169747513f,-0.5603451481969071f,0f,0f,0f,1f],start_interpolation:0}
execute if entity @s[tag=aj.frestchika_v2.bone.left_wing_1] run data modify entity @s {} merge value {transformation:[-0.9999960647132312f,-0.0004372070200496076f,-0.0027711744933768445f,0.19088102419830186f,0f,0.9877820041802027f,-0.15584194627166958f,2.002320248073984f,0.0028054514879290054f,-0.1558413329889204f,-0.9877781169747513f,-0.09682046636125965f,0f,0f,0f,1f],start_interpolation:0}
execute if entity @s[tag=aj.frestchika_v2.bone.left_wing_2] run data modify entity @s {} merge value {transformation:[-0.9999960647132312f,-0.0004372070200496076f,-0.0027711744933768445f,0.20524263648838642f,0f,0.9877820041802027f,-0.15584194627166958f,1.980140883628271f,0.0028054514879290054f,-0.1558413329889204f,-0.9877781169747513f,-0.09336151466966848f,0f,0f,0f,1f],start_interpolation:0}
execute if entity @s[tag=aj.frestchika_v2.bone.leg_right_1] run data modify entity @s {} merge value {transformation:[-0.9960909480416253f,0.08811220773469197f,-0.006249966212289432f,-0.12569038115341333f,0.08744937138105294f,0.9936347121988084f,0.07101173254223297f,0.8392423277024607f,0.012467183907962103f,0.07018758837365369f,-0.9974558996585742f,0.23728361093350098f,0f,0f,0f,1f],start_interpolation:0}
execute if entity @s[tag=aj.frestchika_v2.bone.leg_right_0] run data modify entity @s {} merge value {transformation:[-0.9960909480416253f,0.021822338815092344f,-0.08559561179275246f,-0.1254327794999549f,0.08744937138105294f,0.38037850140911816f,-0.9206871363882587f,0.8902472078034621f,0.012467183907962103f,-0.9245734049789626f,-0.3807999318947054f,-0.09990159929696306f,0f,0f,0f,1f],start_interpolation:0}
execute if entity @s[tag=aj.frestchika_v2.bone.leg_left_1] run data modify entity @s {} merge value {transformation:[-0.9849794354454324f,-0.17262135107276091f,-0.004169041066228682f,0.18953965492627772f,-0.17204662911432742f,0.9790752692471681f,0.10868106807987424f,0.5095293668138308f,-0.014678867803558267f,0.10776588654300505f,-0.9940679275268898f,-0.0747372764625925f,0f,0f,0f,1f],start_interpolation:0}
execute if entity @s[tag=aj.frestchika_v2.bone.leg_left_0] run data modify entity @s {} merge value {transformation:[-0.9849794354454324f,-0.17260702361913713f,-0.004725161049098726f,0.12479068737004853f,-0.17204662911432742f,0.9787200455516212f,0.11183483288237818f,0.876651609929162f,-0.014678867803558267f,0.11096795858613898f,-0.9937155745016935f,-0.032890921788222366f,0f,0f,0f,1f],start_interpolation:0}
execute if entity @s[tag=aj.frestchika_v2.bone.body_0] run data modify entity @s {} merge value {transformation:[-0.9999942443270712f,0.0006674981466731863f,-0.0033265235538293535f,0f,0.0003182565303226601f,0.9945875456145524f,0.1039014572621641f,1.1875f,0.003377872926991274f,0.10389980055151507f,-0.994582033529585f,0f,0f,0f,0f,1f],start_interpolation:0}
execute if entity @s[tag=aj.frestchika_v2.bone.body_1] run data modify entity @s {} merge value {transformation:[-0.9999960647132312f,-0.0004372070200496076f,-0.0027711744933768445f,0f,0f,0.9877820041802027f,-0.15584194627166958f,1.1875f,0.0028054514879290054f,-0.1558413329889204f,-0.9877781169747513f,0f,0f,0f,0f,1f],start_interpolation:0}