execute if entity @s[tag=aj.frestchika_v2.bone.hair] run data modify entity @s {} merge value {transformation:[-0.9996937607715407f,-0.0028010177927836367f,-0.02458737427579568f,-0.005719637237811525f,-0.0017658474437380256f,0.9991150878147119f,-0.042022887618603955f,1.2797735364595975f,0.024683323464618656f,-0.04196660100990873f,-0.9988140657511868f,-0.22504848992468224f,0f,0f,0f,1f],start_interpolation:0}
execute if entity @s[tag=aj.frestchika_v2.bone.side_hair_2] run data modify entity @s {} merge value {transformation:[-0.9996937607715407f,0.004722187890988798f,-0.02429167791602195f,0.4805730491164532f,-0.0017658474437380256f,0.9655095210160247f,0.26036176103685454f,1.6653514139381083f,0.024683323464618656f,0.26032492344938646f,-0.9652055054618224f,-0.2475227257907568f,0f,0f,0f,1f],start_interpolation:0}
execute if entity @s[tag=aj.frestchika_v2.bone.side_hair_1] run data modify entity @s {} merge value {transformation:[-0.9996937607715407f,-0.0038708380473320625f,-0.024441793863480565f,0.32085302489458095f,-0.0017658474437380256f,0.9963311390236438f,-0.08556367917904217f,2.0509360395436143f,0.024683323464618656f,-0.08549431574473199f,-0.9960328586538102f,-0.2767267776862873f,0f,0f,0f,1f],start_interpolation:0}
execute if entity @s[tag=aj.frestchika_v2.bone.head] run data modify entity @s {} merge value {transformation:[-0.9996937607715407f,-0.011996983789659346f,-0.021643868748544022f,-0.0017692618898165913f,-0.0017658474437380256f,0.9069805173834495f,-0.4211688769005322f,1.5597831877467991f,0.024683323464618656f,-0.4210016786983168f,-0.906723949212736f,-0.04502330322673798f,0f,0f,0f,1f],start_interpolation:0}
execute if entity @s[tag=aj.frestchika_v2.bone.group] run data modify entity @s {} merge value {transformation:[-0.000005994179608903574f,-0.000007915169199505065f,-0.00000119159865701962f,-0.6717573355728389f,-0.000007872522537420922f,0.0000060988369391528024f,-9.097125301021914e-7f,0.9760378567664941f,0.0000014467894504744817f,3.92790698504483e-7f,-0.000009886987192930117f,-0.03979774351183993f,0f,0f,0f,1f],start_interpolation:0}
execute if entity @s[tag=aj.frestchika_v2.bone.group2] run data modify entity @s {} merge value {transformation:[-0.000005994179608903574f,-0.000007915169199505065f,-0.00000119159865701962f,-0.6717573355728389f,-0.000007872522537420922f,0.0000060988369391528024f,-9.097125301021914e-7f,0.9760378567664941f,0.0000014467894504744817f,3.92790698504483e-7f,-0.000009886987192930117f,-0.03979774351183993f,0f,0f,0f,1f],start_interpolation:0}
execute if entity @s[tag=aj.frestchika_v2.bone.group3] run data modify entity @s {} merge value {transformation:[-0.000005994179608903574f,-0.000007915169199505065f,-0.00000119159865701962f,-0.6717573355728389f,-0.000007872522537420922f,0.0000060988369391528024f,-9.097125301021914e-7f,0.9760378567664941f,0.0000014467894504744817f,3.92790698504483e-7f,-0.000009886987192930117f,-0.03979774351183993f,0f,0f,0f,1f],start_interpolation:0}
execute if entity @s[tag=aj.frestchika_v2.locator_origin.muzzle] at @s on origin run tp @s ^-0.67177 ^0.97603 ^-0.0398 ~-6.87225 ~-5.21949
execute if entity @s[tag=aj.frestchika_v2.bone.gun] run data modify entity @s {} merge value {transformation:[-0.000005994179608903574f,-0.000007915169199505065f,-0.00000119159865701962f,-0.6717596592061035f,-0.000007872522537420922f,0.0000060988369391528024f,-9.097125301021914e-7f,0.9760382048461778f,0.0000014467894504744817f,3.92790698504483e-7f,-0.000009886987192930117f,-0.039802236570575154f,0f,0f,0f,1f],start_interpolation:0}
execute if entity @s[tag=aj.frestchika_v2.bone.sword] run data modify entity @s {} merge value {transformation:[-0.8329844913867136f,0.3092903078282157f,0.5639158223465147f,-0.420673535052832f,0.6418355006395018f,0.3404398978448093f,0.7613623172801871f,0.8730868827570967f,0.04133690031991323f,0.9465542211299594f,-0.45809505480085455f,0.015050007244304539f,0f,0f,0f,1f],start_interpolation:0}
execute if entity @s[tag=aj.frestchika_v2.bone.arm_right_1] run data modify entity @s {} merge value {transformation:[-0.5994179608903574f,-0.7915169199505064f,-0.119159865701962f,-0.490402743882425f,-0.7872522537420922f,0.6098836939152802f,-0.09097125301021913f,1.2175055517958433f,0.14467894504744816f,0.039279069850448295f,-0.9886987192930116f,-0.1344489180733793f,0f,0f,0f,1f],start_interpolation:0}
execute if entity @s[tag=aj.frestchika_v2.bone.arm_right_0] run data modify entity @s {} merge value {transformation:[-0.5993904918932421f,-0.7915169199505064f,0.1192979616759687f,-0.25139215938560294f,-0.7621394355042047f,0.6098836939152802f,0.21722191589612916f,1.5210036890231744f,-0.24469270335935547f,0.039279069850448295f,-0.9688047458566531f,-0.030516807068033037f,0f,0f,0f,1f],start_interpolation:0}
execute if entity @s[tag=aj.frestchika_v2.bone.arm_left_1] run data modify entity @s {} merge value {transformation:[-0.18173657243380117f,-0.982527832481535f,0.040135727714224426f,0.3608492871516772f,-0.9370753693076017f,0.18541353556047654f,0.29582355056348325f,1.889353852987997f,-0.29809657910991805f,0.0161517562543685f,-0.9543990519132255f,0.07630781859896829f,0f,0f,0f,1f],start_interpolation:0}
execute if entity @s[tag=aj.frestchika_v2.bone.arm_left_0] run data modify entity @s {} merge value {transformation:[-0.18021048381370777f,-0.982527832481535f,0.046510643112797116f,0.2932577077450475f,-0.9260768115150325f,0.18541353556047654f,0.3286389508337604f,1.5422377718743598f,-0.33152061881243566f,0.0161517562543685f,-0.9433097052782395f,-0.050649778267206604f,0f,0f,0f,1f],start_interpolation:0}
execute if entity @s[tag=aj.frestchika_v2.bone.right_wing_0] run data modify entity @s {} merge value {transformation:[-0.9992287824372356f,-0.004718031706177577f,-0.038981797365170295f,-0.25398615298348515f,4.336808689942018e-19f,0.9927551673247975f,-0.12015480743571295f,1.1233795174124321f,0.03926627495701235f,-0.12006214193796795f,-0.9919895371042315f,-0.5486648383426007f,0f,0f,0f,1f],start_interpolation:0}
execute if entity @s[tag=aj.frestchika_v2.bone.right_wing_1] run data modify entity @s {} merge value {transformation:[-0.9992287824372356f,-0.004718031706177577f,-0.038981797365170295f,0.20100856484341315f,4.336808689942018e-19f,0.9927551673247975f,-0.12015480743571295f,2.0036390053083615f,0.03926627495701235f,-0.12006214193796795f,-0.9919895371042315f,-0.07462145254382072f,0f,0f,0f,1f],start_interpolation:0}
execute if entity @s[tag=aj.frestchika_v2.bone.right_wing_2] run data modify entity @s {} merge value {transformation:[-0.9992287824372356f,-0.004718031706177577f,-0.038981797365170295f,0.21121006917201351f,4.336808689942018e-19f,0.9927551673247975f,-0.12015480743571295f,1.9794061707380428f,0.03926627495701235f,-0.12006214193796795f,-0.9919895371042315f,-0.07208713287327309f,0f,0f,0f,1f],start_interpolation:0}
execute if entity @s[tag=aj.frestchika_v2.bone.left_wing_0] run data modify entity @s {} merge value {transformation:[-0.9992287824372356f,-0.004718031706177577f,-0.038981797365170295f,-0.1910347396899392f,4.336808689942018e-19f,0.9927551673247975f,-0.12015480743571295f,1.1233795174124321f,0.03926627495701235f,-0.12006214193796795f,-0.9919895371042315f,-0.5511386136648925f,0f,0f,0f,1f],start_interpolation:0}
execute if entity @s[tag=aj.frestchika_v2.bone.left_wing_1] run data modify entity @s {} merge value {transformation:[-0.9992287824372356f,-0.004718031706177577f,-0.038981797365170295f,0.19195575195782502f,4.336808689942018e-19f,0.9927551673247975f,-0.12015480743571295f,2.0036390053083615f,0.03926627495701235f,-0.12006214193796795f,-0.9919895371042315f,-0.07426570794744025f,0f,0f,0f,1f],start_interpolation:0}
execute if entity @s[tag=aj.frestchika_v2.bone.left_wing_2] run data modify entity @s {} merge value {transformation:[-0.9992287824372356f,-0.004718031706177577f,-0.038981797365170295f,0.19447493868490554f,4.336808689942018e-19f,0.9927551673247975f,-0.12015480743571295f,1.9794061707380428f,0.03926627495701235f,-0.12006214193796795f,-0.9919895371042315f,-0.07142949945968641f,0f,0f,0f,1f],start_interpolation:0}
execute if entity @s[tag=aj.frestchika_v2.bone.leg_right_1] run data modify entity @s {} merge value {transformation:[-0.9936820552033978f,0.1089519857445677f,-0.02693395568918134f,-0.1231531819870096f,0.09717990877902322f,0.9553214663209554f,0.27913609819598817f,0.7838274020913889f,0.05614301823425591f,0.274755092379914f,-0.9598737420696813f,0.22922865193938213f,0f,0f,0f,1f],start_interpolation:0}
execute if entity @s[tag=aj.frestchika_v2.bone.leg_right_0] run data modify entity @s {} merge value {transformation:[-0.9936820552033978f,0.005197497295930546f,-0.11211136957780002f,-0.13081166231923835f,0.09717990877902322f,0.5395511521221427f,-0.8363256659778947f,0.891943722002975f,0.05614301823425591f,-0.841936779256927f,-0.5366473900411897f,-0.09346202541614053f,0f,0f,0f,1f],start_interpolation:0}
execute if entity @s[tag=aj.frestchika_v2.bone.leg_left_1] run data modify entity @s {} merge value {transformation:[-0.985641696493792f,-0.16672303127272958f,-0.026718476305207968f,0.18434530302663632f,-0.16609019043538673f,0.9858089214503559f,-0.024388912030323433f,0.5044767556430289f,0.03040550565237343f,-0.019601051811530493f,-0.9993454377710969f,-0.04844646426778583f,0f,0f,0f,1f],start_interpolation:0}
execute if entity @s[tag=aj.frestchika_v2.bone.leg_left_0] run data modify entity @s {} merge value {transformation:[-0.985641696493792f,-0.16534875380323716f,-0.03420870866542606f,0.12214498318358798f,-0.16609019043538673f,0.9859059959064269f,0.020085215380808347f,0.8759187743063905f,0.03040550565237343f,0.025478556699172414f,-0.9992128643960457f,-0.035763009917357286f,0f,0f,0f,1f],start_interpolation:0}
execute if entity @s[tag=aj.frestchika_v2.bone.body_0] run data modify entity @s {} merge value {transformation:[-0.9988660048187812f,0.008682455740030941f,-0.04681153041387102f,0f,0.004163854444705812f,0.995394380441668f,0.09577415988308728f,1.1875f,0.047427489218065f,0.0954706360483173f,-0.9943017604927591f,0f,0f,0f,0f,1f],start_interpolation:0}
execute if entity @s[tag=aj.frestchika_v2.bone.body_1] run data modify entity @s {} merge value {transformation:[-0.9992287824372356f,-0.004718031706177577f,-0.038981797365170295f,0f,4.336808689942018e-19f,0.9927551673247975f,-0.12015480743571295f,1.1875f,0.03926627495701235f,-0.12006214193796795f,-0.9919895371042315f,0f,0f,0f,0f,1f],start_interpolation:0}