execute if entity @s[tag=aj.frestchika_v2.bone.hair] run data modify entity @s {} merge value {transformation:[-0.9243722457603912f,-0.16641160561072305f,0.34328286992792434f,0.0705298741633356f,-0.10787050368759053f,0.9771368330796883f,0.18321452964539336f,1.4166487273731412f,-0.3659233604213819f,0.1323283301377992f,-0.9211890725257573f,-0.24571879398770813f,0f,0f,0f,1f],start_interpolation:0}
execute if entity @s[tag=aj.frestchika_v2.bone.side_hair_2] run data modify entity @s {} merge value {transformation:[-0.9243722457603912f,-0.18076910250627995f,0.3359441662642248f,0.37943105017665735f,-0.10787050368759053f,0.968521908799483f,0.22434185211322394f,1.7622414000656041f,-0.3659233604213819f,0.17113691523011676f,-0.9147744260436248f,0.20399407853008478f,0f,0f,0f,1f],start_interpolation:0}
execute if entity @s[tag=aj.frestchika_v2.bone.side_hair_1] run data modify entity @s {} merge value {transformation:[-0.9243722457603912f,-0.16336259332682607f,0.3447442738747449f,0.16986335061623403f,-0.10787050368759053f,0.9787222640646986f,0.17454708321325774f,2.1242132549043307f,-0.3659233604213819f,0.12415874083448353f,-0.9223257024350557f,0.19416443492237587f,0f,0f,0f,1f],start_interpolation:0}
execute if entity @s[tag=aj.frestchika_v2.bone.head] run data modify entity @s {} merge value {transformation:[-0.9243722457603912f,-0.14552905715803607f,0.35264322592470726f,-0.054573396434263524f,-0.10787050368759053f,0.9863642562841978f,0.12429605126111999f,1.557386596106574f,-0.3659233604213819f,0.07685601764087523f,-0.9274660354160194f,0.028821006615328208f,0f,0f,0f,1f],start_interpolation:0}
execute if entity @s[tag=aj.frestchika_v2.bone.group] run data modify entity @s {} merge value {transformation:[-0.000006529477279927267f,-0.000005492114427106306f,0.000005215611715847375f,-0.46534271998628f,-0.000007572045604786067f,0.000004891054552579888f,-0.000004329169749816649f,0.9782251761414725f,-1.7335457869240791e-7f,-0.000006776006529162906f,-0.000007352257048470765f,-0.34255997435271046f,0f,0f,0f,1f],start_interpolation:0}
execute if entity @s[tag=aj.frestchika_v2.bone.group2] run data modify entity @s {} merge value {transformation:[-0.000006529477279927267f,-0.000005492114427106306f,0.000005215611715847375f,-0.46534271998628f,-0.000007572045604786067f,0.000004891054552579888f,-0.000004329169749816649f,0.9782251761414725f,-1.7335457869240791e-7f,-0.000006776006529162906f,-0.000007352257048470765f,-0.34255997435271046f,0f,0f,0f,1f],start_interpolation:0}
execute if entity @s[tag=aj.frestchika_v2.bone.group3] run data modify entity @s {} merge value {transformation:[-0.000006529477279927267f,-0.000005492114427106306f,0.000005215611715847375f,-0.46534271998628f,-0.000007572045604786067f,0.000004891054552579888f,-0.000004329169749816649f,0.9782251761414725f,-1.7335457869240791e-7f,-0.000006776006529162906f,-0.000007352257048470765f,-0.34255997435271046f,0f,0f,0f,1f],start_interpolation:0}
execute if entity @s[tag=aj.frestchika_v2.locator_origin.muzzle] at @s on origin run tp @s ^-0.46535 ^0.97822 ^-0.34256 ~35.35148 ~-25.65282
execute if entity @s[tag=aj.frestchika_v2.bone.gun] run data modify entity @s {} merge value {transformation:[-0.000006529477279927267f,-0.000005492114427106306f,0.000005215611715847375f,-0.4653416110089908f,-0.000007572045604786067f,0.000004891054552579888f,-0.000004329169749816649f,0.9782237089762432f,-1.7335457869240791e-7f,-0.000006776006529162906f,-0.000007352257048470765f,-0.34256469935042205f,0f,0f,0f,1f],start_interpolation:0}
execute if entity @s[tag=aj.frestchika_v2.bone.sword] run data modify entity @s {} merge value {transformation:[-0.5779846301942406f,-0.3168499626747653f,0.8204051319392307f,-0.32172675481984025f,0.5147296900589549f,0.6741358398398726f,0.6229919162518903f,0.9303231980029674f,-0.7131001511225751f,0.7434189146748886f,-0.21527007193888115f,-0.11076241453856456f,0f,0f,0f,1f],start_interpolation:0}
execute if entity @s[tag=aj.frestchika_v2.bone.arm_right_1] run data modify entity @s {} merge value {transformation:[-0.6529477279927266f,-0.5492114427106306f,0.5215611715847375f,-0.2352201588436803f,-0.7572045604786066f,0.48910545525798876f,-0.4329169749816649f,1.193203657755271f,-0.01733545786924079f,-0.6776006529162906f,-0.7352257048470764f,-0.3739102504608841f,0f,0f,0f,1f],start_interpolation:0}
execute if entity @s[tag=aj.frestchika_v2.bone.arm_right_0] run data modify entity @s {} merge value {transformation:[-0.2216798435587337f,-0.5492114427106306f,0.8057448964501625f,-0.16563655358813617f,-0.8670535710066978f,0.48910545525798876f,0.09483648370436806f,1.5188567423454729f,-0.4461795064369369f,-0.6776006529162906f,-0.5846205634453068f,-0.19524662692064754f,0f,0f,0f,1f],start_interpolation:0}
execute if entity @s[tag=aj.frestchika_v2.bone.arm_left_1] run data modify entity @s {} merge value {transformation:[0.5412864940251697f,0.33018855165194877f,0.773294543976568f,0.1187251935083732f,0.5970288307573917f,0.4966722633741644f,-0.6299787599905622f,1.2046459025186107f,-0.5920857257445087f,0.802678131727016f,0.07170990319910744f,0.4319625213292039f,0f,0f,0f,1f],start_interpolation:0}
execute if entity @s[tag=aj.frestchika_v2.bone.arm_left_0] run data modify entity @s {} merge value {transformation:[-0.010572591359121197f,0.33018855165194877f,0.9438557838303167f,0.08842628459104686f,0.8522638806462223f,0.4966722633741644f,-0.1642039601855764f,1.5414497439475583f,-0.523005256242989f,0.802678131727016f,-0.2866588892559104f,0.23602249609743303f,0f,0f,0f,1f],start_interpolation:0}
execute if entity @s[tag=aj.frestchika_v2.bone.right_wing_0] run data modify entity @s {} merge value {transformation:[-0.4669915437964337f,-0.14552905715803607f,0.8722042143588373f,0.3915128467751338f,0f,0.9863642562841978f,0.1645768936543689f,1.3152440279267714f,-0.8842617813875162f,0.07685601764087523f,-0.4606237667877786f,-0.4328307485268633f,0f,0f,0f,1f],start_interpolation:0}
execute if entity @s[tag=aj.frestchika_v2.bone.right_wing_1] run data modify entity @s {} merge value {transformation:[-0.4669915437964337f,-0.14552905715803607f,0.8722042143588373f,-0.053198516362713354f,0f,0.9863642562841978f,0.1645768936543689f,1.987661862732693f,-0.8842617813875162f,0.07685601764087523f,-0.4606237667877786f,0.25435766034631063f,0f,0f,0f,1f],start_interpolation:0}
execute if entity @s[tag=aj.frestchika_v2.bone.right_wing_2] run data modify entity @s {} merge value {transformation:[-0.4669915437964337f,-0.14552905715803607f,0.8722042143588373f,-0.04758537550903059f,0f,0.9863642562841978f,0.1645768936543689f,1.9685615376775218f,-0.8842617813875162f,0.07685601764087523f,-0.4606237667877786f,0.25816192115383085f,0f,0f,0f,1f],start_interpolation:0}
execute if entity @s[tag=aj.frestchika_v2.bone.left_wing_0] run data modify entity @s {} merge value {transformation:[-0.4669915437964337f,-0.14552905715803607f,0.8722042143588373f,0.3912416128020327f,0f,0.9863642562841978f,0.1645768936543689f,1.3144117830855317f,-0.8842617813875162f,0.07685601764087523f,-0.4606237667877786f,-0.4336416916697936f,0f,0f,0f,1f],start_interpolation:0}
execute if entity @s[tag=aj.frestchika_v2.bone.left_wing_1] run data modify entity @s {} merge value {transformation:[-0.4669915437964337f,-0.14552905715803607f,0.8722042143588373f,-0.05396601749122928f,0f,0.9863642562841978f,0.1645768936543689f,1.987661862732693f,-0.8842617813875162f,0.07685601764087523f,-0.4606237667877786f,0.2529043751120618f,0f,0f,0f,1f],start_interpolation:0}
execute if entity @s[tag=aj.frestchika_v2.bone.left_wing_2] run data modify entity @s {} merge value {transformation:[-0.4669915437964337f,-0.14552905715803607f,0.8722042143588373f,-0.0481056062508177f,0f,0.9863642562841978f,0.1645768936543689f,1.9685615376775218f,-0.8842617813875162f,0.07685601764087523f,-0.4606237667877786f,0.25717684943556063f,0f,0f,0f,1f],start_interpolation:0}
execute if entity @s[tag=aj.frestchika_v2.bone.leg_right_1] run data modify entity @s {} merge value {transformation:[-0.24992405638912008f,-0.2131329410692181f,0.9445169746855759f,-0.2527111443541336f,-0.009528567582311853f,0.9759673243066707f,0.21770849382949375f,0.5439792710479205f,-0.9682185561317429f,0.045410696062300526f,-0.2459485642269538f,-0.06780844495357867f,0f,0f,0f,1f],start_interpolation:0}
execute if entity @s[tag=aj.frestchika_v2.bone.leg_right_0] run data modify entity @s {} merge value {transformation:[-0.24992405638912008f,0.4989599879022044f,0.8298053365161253f,-0.04993397490472372f,-0.009528567582311853f,0.855693018764066f,-0.5173960417690388f,0.814416888168377f,-0.9682185561317429f,-0.13721657374774962f,-0.20910389630777104f,-0.12281232347476836f,0f,0f,0f,1f],start_interpolation:0}
execute if entity @s[tag=aj.frestchika_v2.bone.leg_left_1] run data modify entity @s {} merge value {transformation:[-0.2509440420948267f,-0.015858487379798447f,0.9678716837035448f,-0.12980721036781875f,-0.03603250872963798f,0.9993258804796225f,0.00703156584808623f,0.4937557731462485f,-0.9673307325066016f,-0.033110315336042695f,-0.25134629690247945f,0.16866597339836353f,0f,0f,0f,1f],start_interpolation:0}
execute if entity @s[tag=aj.frestchika_v2.bone.leg_left_0] run data modify entity @s {} merge value {transformation:[-0.2509440420948267f,0.34176242521927f,0.9056630347128852f,0.0135609662176343f,-0.03603250872963798f,0.9316544135644246f,-0.36155457679384545f,0.8234954521357578f,-0.9673307325066016f,-0.12336327814293443f,-0.22147856680516634f,0.11919092211181778f,0f,0f,0f,1f],start_interpolation:0}
execute if entity @s[tag=aj.frestchika_v2.bone.body_0] run data modify entity @s {} merge value {transformation:[-0.24872564279299839f,0.048383970001741966f,0.9673647430334023f,0f,0.017031831416267462f,0.9988155865005439f,-0.045577855173122794f,1.1875f,-0.9684242207502958f,0.0051396118963246695f,-0.24925511640433276f,0f,0f,0f,0f,1f],start_interpolation:0}
execute if entity @s[tag=aj.frestchika_v2.bone.body_1] run data modify entity @s {} merge value {transformation:[-0.4669915437964337f,-0.14552905715803607f,0.8722042143588373f,0f,0f,0.9863642562841978f,0.1645768936543689f,1.1875f,-0.8842617813875162f,0.07685601764087523f,-0.4606237667877786f,0f,0f,0f,0f,1f],start_interpolation:0}