# This file was generated by Animated Java via MC-Build. It is not recommended to edit this file directly.
$data merge entity $(bone_wing_right_1) { transformation: [-0.6982058137226632f,-0.3579647173985849f,0.2265267031192331f,0.20575094675237726f,-0.20876533946667603f,0.6707503723216052f,0.41647979004056834f,1.3138051673423545f,-0.36860564179849636f,0.29816043260738617f,-0.6649621656200745f,-0.3528593211516023f,0f,0f,0f,1f], start_interpolation: 0, interpolation_duration: 1 }
$data merge entity $(bone_wing_right_2) { transformation: [-0.7660851208148048f,-0.06222806054506802f,0.22190370917802427f,0.20575094675237726f,0.06250876458040265f,0.6853063612194876f,0.40798020248872f,1.3138051673423545f,-0.2218248002744455f,0.4080231117876837f,-0.6513915091788485f,-0.3528593211516023f,0f,0f,0f,1f], start_interpolation: 0, interpolation_duration: 1 }
$data merge entity $(bone_wing_left_1) { transformation: [-0.28729132261555407f,-0.18419498285122862f,0.7419436290491923f,0.15599450475121276f,0.40395715384947084f,0.6363327890324799f,0.31439409011688624f,1.3236601429007073f,-0.6490198442637058f,0.4775952620567184f,-0.13274205007206258f,-0.40423788087456397f,0f,0f,0f,1f], start_interpolation: 0, interpolation_duration: 1 }
$data merge entity $(bone_wing_left_2) { transformation: [-0.19095595549779953f,-0.27439895909362694f,0.7268019223339027f,0.15599450475121276f,0.12704691979066693f,0.7273298447181835f,0.3079778841961335f,1.3236601429007073f,-0.7664169251990892f,0.1889351958491516f,-0.1300330286420205f,-0.40423788087456397f,0f,0f,0f,1f], start_interpolation: 0, interpolation_duration: 1 }
$data merge entity $(bone_staff) { transformation: [0.8776113797007786f,-1.1676120604809108f,0.5548752944934715f,-0.5072322918055786f,-0.3497257735668931f,-0.860086340195293f,-1.2567217753793019f,1.5653321394834567f,1.2445466642608194f,0.581669849338083f,-0.7444259780853152f,-0.916951048089873f,0f,0f,0f,1f], start_interpolation: 0, interpolation_duration: 1 }
$data merge entity $(bone_arm_right_2) { transformation: [-0.7361183955793832f,-0.3583404773632094f,0.5742140802633995f,-0.40311142430949287f,-0.02683320098135733f,0.8631419228648658f,0.5042479551948983f,1.466647099052991f,-0.6763206983485932f,0.35577819393022025f,-0.6449900694654312f,-0.6219365881935053f,0f,0f,0f,1f], start_interpolation: 0, interpolation_duration: 1 }
$data merge entity $(bone_arm_right_1) { transformation: [-0.347521769061865f,-0.3583404773632094f,0.8664991184711147f,-0.3109354178952973f,0.2303754972425079f,0.8631419228648658f,0.4493474727462138f,1.3785973140243706f,-0.9089311031636991f,0.35577819393022025f,-0.21740774233079097f,-0.3101555388724414f,0f,0f,0f,1f], start_interpolation: 0, interpolation_duration: 1 }
$data merge entity $(bone_arm_left_2) { transformation: [0.8370853983048395f,0.21062383854827638f,0.5049016088110805f,0.0009496776767088516f,0.5381251170707455f,-0.15077715623761231f,-0.8292693214719178f,1.0948310157327887f,-0.09853625892240976f,0.965869477616975f,-0.23955533366111392f,0.3571723060926782f,0f,0f,0f,1f], start_interpolation: 0, interpolation_duration: 1 }
$data merge entity $(bone_arm_left_1) { transformation: [0.3927637520653711f,0.7187330148801307f,0.5737242267717558f,0.11279990263977374f,0.5269610228640563f,0.33539190830855536f,-0.780912509967162f,1.2597953221909406f,-0.7536900659061382f,0.6090444328310235f,-0.24701450036776773f,0.09544068028208941f,0f,0f,0f,1f], start_interpolation: 0, interpolation_duration: 1 }
$data merge entity $(bone_himo_right_2) { transformation: [-0.1861421176437333f,0.7282154512002624f,0.65958575535885f,-0.40498316802839457f,0.5934905791444776f,0.6183421679800798f,-0.515191125471361f,0.967481839220824f,-0.7830198238268679f,0.29555916485687417f,-0.54728853045103f,-0.1759280732483399f,0f,0f,0f,1f], start_interpolation: 0, interpolation_duration: 1 }
$data merge entity $(bone_himo_right_1) { transformation: [-0.4026831721314258f,0.5261692735446659f,0.7489940977468721f,-0.3016452161278518f,0.30862946802906044f,0.8484010991677653f,-0.43007374529843956f,1.1238690844066648f,-0.8617390059329284f,0.0579781899373048f,-0.5040281888399916f,-0.1682073388153452f,0f,0f,0f,1f], start_interpolation: 0, interpolation_duration: 1 }
$data merge entity $(bone_himo_left_2) { transformation: [-0.2585612492934192f,0.758200473091969f,0.59856338258111f,-0.18656113390182416f,0.49642976589206245f,0.6358443924838918f,-0.5909817222919357f,0.9233715690460758f,-0.8286757917908415f,0.14433970746092203f,-0.5407980038331476f,0.039167934822345395f,0f,0f,0f,1f], start_interpolation: 0, interpolation_duration: 1 }
$data merge entity $(bone_himo_left_1) { transformation: [-0.3757712559419293f,0.5090123304111085f,0.7744045523479812f,-0.08628129349756647f,0.3213901018223632f,0.8553644369291666f,-0.40627586993010134f,1.0812131767832314f,-0.8691975412174356f,0.09621916402828529f,-0.4850128934525988f,0.054177697493570154f,0f,0f,0f,1f], start_interpolation: 0, interpolation_duration: 1 }
$data merge entity $(bone_ponpon1) { transformation: [-0.9965966062921008f,0.06528351911495939f,0.050331565235284925f,0.21123251594911546f,0.07619263147612049f,0.9625538003497389f,0.26016314946782715f,1.8254196440914485f,-0.0314624734534833f,0.26311260624348953f,-0.9642519739155047f,0.07958115396115739f,0f,0f,0f,1f], start_interpolation: 0, interpolation_duration: 1 }
$data merge entity $(bone_ponpon2) { transformation: [-0.9965966062921008f,0.06528351911495939f,0.050331565235284925f,0.24516303303650727f,0.07619263147612049f,0.9625538003497389f,0.26016314946782715f,1.7266334906299856f,-0.0314624734534833f,0.26311260624348953f,-0.9642519739155047f,-0.04252670161935175f,0f,0f,0f,1f], start_interpolation: 0, interpolation_duration: 1 }
$data merge entity $(bone_ponpon3) { transformation: [-0.9965966062921008f,0.06528351911495939f,0.050331565235284925f,-0.37426799024749374f,0.07619263147612049f,0.9625538003497389f,0.26016314946782715f,1.8701828150836692f,-0.0314624734534833f,0.26311260624348953f,-0.9642519739155047f,0.06109695080723593f,0f,0f,0f,1f], start_interpolation: 0, interpolation_duration: 1 }
$data merge entity $(bone_ponpon4) { transformation: [-0.9965966062921008f,0.06528351911495939f,0.050331565235284925f,-0.4150822186320095f,0.07619263147612049f,0.9625538003497389f,0.26016314946782715f,1.7771111089829152f,-0.0314624734534833f,0.26311260624348953f,-0.9642519739155047f,-0.06337059028228444f,0f,0f,0f,1f], start_interpolation: 0, interpolation_duration: 1 }
$data merge entity $(bone_ear_edge_a1) { transformation: [-0.975899735359138f,0.1948482821003349f,0.09825402530437206f,0.11683043926592557f,0.21593014000829813f,0.7971927928811056f,0.5637888129560743f,1.9163784310984848f,0.031525880827675004f,0.5714173588026275f,-0.820053852437185f,0.11259448906004596f,0f,0f,0f,1f], start_interpolation: 0, interpolation_duration: 1 }
$data merge entity $(bone_ear_edge_a2) { transformation: [-0.9943657769784751f,0.039785023381683396f,0.09825402530437206f,0.0026953342537675146f,0.0885632535809884f,0.8211569426734028f,0.5637888129560743f,1.9348547033354428f,-0.0582516239185043f,0.569313997205223f,-0.820053852437185f,0.11162197011963287f,0f,0f,0f,1f], start_interpolation: 0, interpolation_duration: 1 }
$data merge entity $(bone_ear_edge_b1) { transformation: [-0.9636416777756883f,0.22588866249583003f,0.142720107236161f,-0.01450309175049494f,0.23489453427442247f,0.46158502117528916f,0.8554319528721206f,1.96288740878996f,0.12735491596973642f,0.8578540554094575f,-0.4978625764163125f,0.0618411201723833f,0f,0f,0f,1f], start_interpolation: 0, interpolation_duration: 1 }
$data merge entity $(bone_ear_edge_b2) { transformation: [-0.9862811325700013f,-0.0829487704968189f,0.142720107236161f,0.01416401170890115f,0.0807603615717205f,0.5115798451895803f,0.8554319528721206f,1.9645512772132254f,-0.14396975909975063f,0.8552225227792302f,-0.4978625764163125f,0.07291786816619145f,0f,0f,0f,1f], start_interpolation: 0, interpolation_duration: 1 }
$data merge entity $(bone_ear_right_2) { transformation: [-0.9871144217267723f,0.07236082786645118f,0.142720107236161f,0.07435183541031481f,0.15979478691423205f,0.4926477444182863f,0.8554319528721206f,2.037426812795071f,-0.008410974619788895f,0.8672151466101456f,-0.4978625764163125f,0.15261872589681238f,0f,0f,0f,1f], start_interpolation: 0, interpolation_duration: 1 }
$data merge entity $(bone_ear_right_1) { transformation: [-0.9871144217267723f,0.12629831721170034f,0.09825402530437206f,0.045934714037682275f,0.15979478691423205f,0.810313396446471f,0.5637888129560743f,1.8551062985946154f,-0.008410974619788895f,0.5722245491141364f,-0.820053852437185f,0.023868202346131878f,0f,0f,0f,1f], start_interpolation: 0, interpolation_duration: 1 }
$data merge entity $(bone_ear_edge_a3) { transformation: [-0.994539440700083f,-0.09142228630334917f,0.050331565235284925f,-0.26802003487986237f,-0.0753220150819263f,0.9626223193459515f,0.26016314946782715f,1.9711425249410026f,-0.07223499799933068f,0.2549514382467559f,-0.9642519739155047f,0.0711966158802543f,0f,0f,0f,1f], start_interpolation: 0, interpolation_duration: 1 }
$data merge entity $(bone_ear_edge_a4) { transformation: [-0.9965966062921008f,0.06528351911495939f,0.050331565235284925f,-0.15256915584824882f,0.0761926314761205f,0.9625538003497389f,0.26016314946782715f,1.9720662988412339f,-0.0314624734534833f,0.26311260624348953f,-0.9642519739155047f,0.07747210770233406f,0f,0f,0f,1f], start_interpolation: 0, interpolation_duration: 1 }
$data merge entity $(bone_ear_edge_b3) { transformation: [-0.9827869406020954f,-0.17775422054887835f,0.050331565235284925f,-0.13059069751666566f,-0.15893345530227126f,0.9523945046275004f,0.26016314946782715f,1.9662064942643838f,-0.09418060398858079f,0.24768557614927605f,-0.9642519739155047f,0.07703830511130202f,0f,0f,0f,1f], start_interpolation: 0, interpolation_duration: 1 }
$data merge entity $(bone_ear_edge_b4) { transformation: [-0.9896149989608768f,0.13464355674383283f,0.050331565235284925f,-0.15894614404042479f,0.1431513889566775f,0.954894138372812f,0.26016314946782715f,1.9780509377289262f,-0.013032024840276643f,0.26466638836205686f,-0.9642519739155047f,0.07875394972878218f,0f,0f,0f,1f], start_interpolation: 0, interpolation_duration: 1 }
$data merge entity $(bone_ear_left_2) { transformation: [-0.9984940889220627f,-0.02182402182608985f,0.050331565235284925f,-0.20812484244621313f,-0.007989395893893095f,0.9655316179246703f,0.26016314946782715f,2.091399070496696f,-0.0542745238666358f,0.25936924809834855f,-0.9642519739155047f,0.07436066480488936f,0f,0f,0f,1f], start_interpolation: 0, interpolation_duration: 1 }
$data merge entity $(bone_ear_left_1) { transformation: [-0.9984940889220627f,-0.02182402182608985f,0.050331565235284925f,-0.2032144375353429f,-0.007989395893893095f,0.9655316179246703f,0.26016314946782715f,1.8741544564636454f,-0.0542745238666358f,0.25936924809834855f,-0.9642519739155047f,0.016002583982761026f,0f,0f,0f,1f], start_interpolation: 0, interpolation_duration: 1 }
$data merge entity $(bone_head) { transformation: [-0.9965966062921008f,0.06528351911495939f,0.050331565235284925f,-0.11367052670884968f,0.07619263147612049f,0.9625538003497389f,0.26016314946782715f,1.3631914564290195f,-0.0314624734534833f,0.26311260624348953f,-0.9642519739155047f,-0.08477694335048247f,0f,0f,0f,1f], start_interpolation: 0, interpolation_duration: 1 }
$data merge entity $(bone_body_1) { transformation: [-0.6891645524169129f,-0.28320521854231073f,0.6669685329027134f,-0.007468569755483162f,0.13649890439498713f,0.8532390462325082f,0.5033400233273804f,1.0432268140918288f,-0.7116321161885291f,0.437924575897085f,-0.5493649033514919f,-0.24899865931188936f,0f,0f,0f,1f], start_interpolation: 0, interpolation_duration: 1 }
$data merge entity $(bone_leg_left_2) { transformation: [-0.6683264143469375f,-0.10716375423869023f,0.7361085067187005f,-0.06355155347626176f,-0.17046290029982158f,0.9852990110911334f,-0.011325120935669675f,0.7235716459602815f,-0.7240733412490331f,-0.13304806845762196f,-0.676768799496665f,-0.016002656912967178f,0f,0f,0f,1f], start_interpolation: 0, interpolation_duration: 1 }
$data merge entity $(bone_leg_left_1) { transformation: [-0.6683264143469375f,0.6160276660080333f,0.416952897338369f,0.15406581466220046f,-0.17046290029982158f,0.41877271604329697f,-0.8919483235698653f,0.7862011144497111f,-0.7240733412490331f,-0.6671876250429223f,-0.1748670051268857f,-0.2316098713993338f,0f,0f,0f,1f], start_interpolation: 0, interpolation_duration: 1 }
$data merge entity $(bone_leg_right_2) { transformation: [-0.7017601225061291f,0.24020993501346752f,0.6706951003108704f,-0.20704730061766619f,0.06264442251086634f,0.9586006984270046f,-0.2777775680351793f,0.451240806972517f,-0.7096537231554999f,-0.15291791293398002f,-0.6877555562228871f,-0.25510222186786286f,0f,0f,0f,1f], start_interpolation: 0, interpolation_duration: 1 }
$data merge entity $(bone_leg_right_1) { transformation: [-0.7017601225061291f,0.4426594596434411f,0.5581982920507367f,-0.02784386794406397f,0.06264442251086634f,0.8188386326204475f,-0.5705952769315178f,0.7783056641514241f,-0.7096537231554999f,-0.3654530017888103f,-0.602358445358812f,-0.40344081339513893f,0f,0f,0f,1f], start_interpolation: 0, interpolation_duration: 1 }
$data merge entity $(bone_skirt_forward_right) { transformation: [-0.601579417077897f,0.40881401325737354f,0.6862749503752977f,0.019664742441053127f,0.24132918870979558f,0.9119863774598314f,-0.3317243886185727f,0.9112525596710982f,-0.7614869845407009f,-0.033940387329756856f,-0.6472909874878657f,-0.2753427783568379f,0f,0f,0f,1f], start_interpolation: 0, interpolation_duration: 1 }
$data merge entity $(bone_skirt_forward_left) { transformation: [-0.7403235127553709f,0.1013647798261341f,0.6645647281283799f,0.029232905844449195f,-0.21165441708477992f,0.9031456591555208f,-0.3735375832189338f,0.9240261364175985f,-0.6380623043167887f,-0.41719671590191026f,-0.6471656635287525f,-0.2846326444046978f,0f,0f,0f,1f], start_interpolation: 0, interpolation_duration: 1 }
$data merge entity $(bone_skirt_forward) { transformation: [-0.6965958038859f,0.27191838149117653f,0.6639387620976618f,0.019664742441053127f,0f,0.925396896541262f,-0.3789994510178093f,0.9112525596710982f,-0.7174637872454307f,-0.2640094272540657f,-0.6446275950596774f,-0.2753427783568379f,0f,0f,0f,1f], start_interpolation: 0, interpolation_duration: 1 }
$data merge entity $(bone_skirt_back_right) { transformation: [-0.7315228905658908f,-0.10553113095102767f,0.6736003570206305f,0.009563855730904135f,0.18421959481360248f,0.9206124455830893f,0.3442903802377225f,0.9584934319837441f,-0.6564582252244509f,0.37594667898216694f,-0.6540081750998558f,-0.2655356836673192f,0f,0f,0f,1f], start_interpolation: 0, interpolation_duration: 1 }
$data merge entity $(bone_skirt_back_left) { transformation: [-0.6345861596708833f,-0.37889703743344233f,0.6736003570206305f,0.009563855730904135f,-0.18421959481360248f,0.9206124455830893f,0.3442903802377225f,0.9584934319837441f,-0.7505754771113111f,0.094391525370046f,-0.6540081750998558f,-0.2655356836673192f,0f,0f,0f,1f], start_interpolation: 0, interpolation_duration: 1 }
$data merge entity $(bone_skirt_back) { transformation: [-0.6965958038859f,-0.2470158801175258f,0.6736003570206305f,0.009563855730904135f,0f,0.9388632137195303f,0.3442903802377225f,0.9584934319837441f,-0.7174637872454307f,0.23983123419187852f,-0.6540081750998558f,-0.2655356836673192f,0f,0f,0f,1f], start_interpolation: 0, interpolation_duration: 1 }
$data merge entity $(bone_skirt_right) { transformation: [-0.6996854903068139f,0.14885951683636384f,0.6987711062296135f,-0.12272792122493814f,0.25610412596741994f,0.9653135403947949f,0.05079808453997424f,1.0053689642897186f,-0.6669714321592622f,0.2145008461002212f,-0.7135394142622479f,-0.4071401870444308f,0f,0f,0f,1f], start_interpolation: 0, interpolation_duration: 1 }
$data merge entity $(bone_skirt_left) { transformation: [-0.6549747060437385f,-0.2127008529907289f,0.7250975669383636f,0.13365831293321537f,-0.22427872036754362f,0.9710471374760031f,0.08225881344851331f,1.0162397351584005f,-0.7216004365528167f,-0.10874651229660878f,-0.6837155885528045f,-0.11597228585548774f,0f,0f,0f,1f], start_interpolation: 0, interpolation_duration: 1 }
$data merge entity $(bone_coat_downer) { transformation: [-0.6965958038859f,-0.16512696443923613f,0.6982029587617342f,0.017716295111580408f,0f,0.9731542848209177f,0.2301537267451651f,0.8287058420745274f,-0.7174637872454307f,0.16032412029938406f,-0.6778951913398353f,-0.2843400544297952f,0f,0f,0f,1f], start_interpolation: 0, interpolation_duration: 1 }
$data merge entity $(bone_body_2) { transformation: [-0.6965958038859f,-0.10364620902685974f,0.709937848943777f,3.138157422815092e-17f,0f,0.9895103579644791f,0.14446193782795666f,1.0497995626822156f,-0.7174637872454307f,0.10063157971218038f,-0.689288763259691f,-0.25625f,0f,0f,0f,1f], start_interpolation: 0, interpolation_duration: 1 }
$data merge entity $(bone_book_left) { transformation: [-0.8238228640166936f,0.4592721721047519f,-0.3322423221889642f,-1.1633652115141877f,0.5543851378596568f,0.7750319711658025f,-0.303286271682679f,1.622018390406767f,0.11820747710556062f,-0.4340443705441112f,-0.8931027246377119f,0.704093698064605f,0f,0f,0f,1f], start_interpolation: 0, interpolation_duration: 1 }
$data merge entity $(bone_book_right) { transformation: [-0.1896833176518407f,0.4592721721047519f,0.8678071853440567f,-1.2369949837612622f,-0.3917894397206001f,0.7750319711658025f,-0.49580891338727334f,1.6338307349576642f,-0.9002895500493211f,-0.4340443705441112f,0.03292735141120856f,0.6472765558005414f,0f,0f,0f,1f], start_interpolation: 0, interpolation_duration: 1 }
$data merge entity $(bone_book_loot_1) { transformation: [-0.7853842373021275f,0.4592721721047519f,0.4150188811699277f,-1.2624329298132142f,0.12599834187623546f,0.7750319711658025f,-0.6192332852126812f,1.7208095554641178f,-0.6060495174833445f,-0.4340443705441112f,-0.6665654257139141f,0.7756699407896603f,0f,0f,0f,1f], start_interpolation: 0, interpolation_duration: 1 }
$data merge entity $(bone_book_left2) { transformation: [-0.5757816123079611f,-0.6782762068458654f,0.45652702237088827f,0.7192445806463295f,-0.8086258892935688f,0.3898992437178601f,-0.4405709374350806f,2.192430624795318f,0.12082924353081753f,-0.6228322141436049f,-0.7729685161329307f,0.13015875224812287f,0f,0f,0f,1f], start_interpolation: 0, interpolation_duration: 1 }
$data merge entity $(bone_book_right2) { transformation: [0.14555975436009264f,-0.6782762068458654f,-0.7202456144520523f,0.7779766302903791f,0.9021105340358434f,0.3898992437178601f,-0.18486525939128248f,2.1796685005691128f,0.40621292728345676f,-0.6228322141436049f,0.6686337493222874f,0.0582092072193752f,0f,0f,0f,1f], start_interpolation: 0, interpolation_duration: 1 }
$data merge entity $(bone_book_loot_2) { transformation: [-0.626475196203196f,-0.6782762068458654f,-0.3840185096697185f,0.8062133819188121f,0.13612932507952485f,0.3898992437178601f,-0.9107400214120568f,2.322660565894024f,0.7674618136399751f,-0.6228322141436049f,-0.1519289229521964f,0.1169733181765785f,0f,0f,0f,1f], start_interpolation: 0, interpolation_duration: 1 }
$data merge entity $(bone_air_staff_povit_1) { transformation: [-0.000010884309435717188f,0f,0.000011210371675709855f,-0.49828403394578f,0f,0.000015625f,0f,1.2159220626822156f,-0.000011210371675709855f,0f,-0.000010884309435717188f,0.21748132028711242f,0f,0f,0f,1f], start_interpolation: 0, interpolation_duration: 1 }