# This file was generated by Animated Java via MC-Build. It is not recommended to edit this file directly.
$data merge entity $(bone_wing_right_1) { transformation: [-0.4970450423881654f,-0.03816081205349266f,-0.6468650730293058f,0.03291302689588578f,-0.11599460621515054f,0.8073210255050155f,0.04150250053872043f,1.570435892628033f,0.6375232714268424f,0.11713649578757399f,-0.496777177604073f,-0.5569842102813272f,0f,0f,0f,1f], start_interpolation: 0, interpolation_duration: 1 }
$data merge entity $(bone_wing_right_2) { transformation: [-0.46414359373430264f,0.15179256456580192f,-0.6336637450082997f,0.03291302689588578f,0.19766531118061662f,0.7741289002504724f,0.040655510731807766f,1.570435892628033f,0.6208857778619805f,-0.13297918310596962f,-0.4866388678570511f,-0.5569842102813272f,0f,0f,0f,1f], start_interpolation: 0, interpolation_duration: 1 }
$data merge entity $(bone_wing_left_1) { transformation: [-0.5968245768596927f,0.1547179151972003f,0.5355438689946184f,-0.0793880550057832f,0.18075370416832684f,0.7959022492895282f,-0.028498288540593598f,1.5770843236980159f,-0.5273262437335373f,0.09770578661136639f,-0.6158937054208107f,-0.5456709374611025f,0f,0f,0f,1f], start_interpolation: 0, interpolation_duration: 1 }
$data merge entity $(bone_wing_left_2) { transformation: [-0.5981407287148556f,-0.0837101999304482f,0.5246144022804425f,-0.0793880550057832f,-0.13477612102383163f,0.7880710980461686f,-0.027916690815275362f,1.5770843236980159f,-0.5138706703580495f,-0.10925450495018768f,-0.6033244461265085f,-0.5456709374611025f,0f,0f,0f,1f], start_interpolation: 0, interpolation_duration: 1 }
$data merge entity $(bone_staff) { transformation: [0.924167731214144f,1.1125264425969081f,0.5912741911373863f,-0.7319946419919177f,-0.35192090755325467f,0.9320547188813557f,-1.2036743437649118f,2.0861186308884743f,-1.2097404388584336f,0.5787617519616038f,0.8018535745738988f,-0.6991632130173911f,0f,0f,0f,1f], start_interpolation: 0, interpolation_duration: 1 }
$data merge entity $(bone_arm_right_2) { transformation: [-0.22521478933244554f,0.9738202818160452f,0.03086028823035737f,-0.3498467875900917f,0.8197366339485824f,0.2065091987410924f,-0.53421512688987f,2.0861386474678705f,-0.5266024588136579f,-0.09501583846407165f,-0.8447850855764317f,-0.3687891878766494f,0f,0f,0f,1f], start_interpolation: 0, interpolation_duration: 1 }
$data merge entity $(bone_arm_right_1) { transformation: [-0.22652016610477438f,0.9738202818160452f,0.019043977304754198f,-0.2758162234392681f,0.8465441212745415f,0.2065091987410924f,-0.4906291894810444f,1.8076392949934081f,-0.4817174120616569f,-0.09501583846407165f,-0.8711603327502861f,-0.21339845875910032f,0f,0f,0f,1f], start_interpolation: 0, interpolation_duration: 1 }
$data merge entity $(bone_arm_left_2) { transformation: [-0.6099728183523263f,0.7898059236815359f,-0.06434099617565506f,0.47025100924352836f,0.7690875832828671f,0.6096151032461261f,0.1920252981623349f,1.5008594272133005f,0.19088596101190602f,0.06764635106027839f,-0.979278571743909f,-0.45056371078655744f,0f,0f,0f,1f], start_interpolation: 0, interpolation_duration: 1 }
$data merge entity $(bone_arm_left_1) { transformation: [-0.48077139134142044f,0.8298485262414969f,-0.28321421709096856f,0.31441478122236555f,0.6909673701909389f,0.5574010239433944f,0.46029142055688277f,1.728870648039066f,0.539836051592567f,0.0256031638996191f,-0.8413807196503116f,-0.2733708650648415f,0f,0f,0f,1f], start_interpolation: 0, interpolation_duration: 1 }
$data merge entity $(bone_himo_right_2) { transformation: [-0.9927290379380208f,0.01926464390852934f,-0.118818898874419f,-0.13356933750737263f,0.06684725586467692f,0.9091335933582982f,-0.41110528312196454f,1.4544137174096743f,0.10010245560431703f,-0.4160588695395229f,-0.9038111060722145f,0.0000791166606037147f,0f,0f,0f,1f], start_interpolation: 0, interpolation_duration: 1 }
$data merge entity $(bone_himo_right_1) { transformation: [-0.9927290379380208f,0.05410254942794254f,-0.10752660777709339f,-0.12409715078824024f,0.06684725586467692f,0.9906778613220757f,-0.11869633300856675f,1.63942396432626f,0.10010245560431703f,-0.12502115513670153f,-0.987091287141301f,-0.02953167047216093f,0f,0f,0f,1f], start_interpolation: 0, interpolation_duration: 1 }
$data merge entity $(bone_himo_left_2) { transformation: [-0.9927290379380208f,0.01926464390852934f,-0.118818898874419f,0.17681890078567317f,0.06684725586467692f,0.9091335933582982f,-0.41110528312196454f,1.436038161517598f,0.10010245560431703f,-0.4160588695395229f,-0.9038111060722145f,-0.031189565355058638f,0f,0f,0f,1f], start_interpolation: 0, interpolation_duration: 1 }
$data merge entity $(bone_himo_left_1) { transformation: [-0.9927290379380208f,0.05410254942794254f,-0.10752660777709339f,0.18629108750480555f,0.06684725586467692f,0.9906778613220757f,-0.11869633300856675f,1.6210484084341839f,0.10010245560431703f,-0.12502115513670153f,-0.987091287141301f,-0.060800352487823284f,0f,0f,0f,1f], start_interpolation: 0, interpolation_duration: 1 }
$data merge entity $(bone_ponpon1) { transformation: [-0.9991276058468119f,0.017804511346595844f,-0.03777600575135526f,0.32576523283691744f,0.019229269697155448f,0.9991042959764455f,-0.03769404393700905f,2.323819469431669f,0.0370710455980344f,-0.038387564876142505f,-0.9985750509807204f,-0.2516903902948946f,0f,0f,0f,1f], start_interpolation: 0, interpolation_duration: 1 }
$data merge entity $(bone_ponpon2) { transformation: [-0.9991276058468119f,0.017804511346595844f,-0.03777600575135526f,0.35746545359865883f,0.019229269697155448f,0.9991042959764455f,-0.03769404393700905f,2.194676518201875f,0.0370710455980344f,-0.038387564876142505f,-0.9985750509807204f,-0.34189851992474557f,0f,0f,0f,1f], start_interpolation: 0, interpolation_duration: 1 }
$data merge entity $(bone_ponpon3) { transformation: [-0.9991276058468119f,0.017804511346595844f,-0.03777600575135526f,-0.2612222355980846f,0.019229269697155448f,0.9991042959764455f,-0.03769404393700905f,2.335116665378748f,0.0370710455980344f,-0.038387564876142505f,-0.9985750509807204f,-0.22991115100604936f,0f,0f,0f,1f], start_interpolation: 0, interpolation_duration: 1 }
$data merge entity $(bone_ponpon4) { transformation: [-0.9991276058468119f,0.017804511346595844f,-0.03777600575135526f,-0.30445658527485403f,0.019229269697155448f,0.9991042959764455f,-0.03769404393700905f,2.2074159093762407f,0.0370710455980344f,-0.038387564876142505f,-0.9985750509807204f,-0.3173389522160478f,0f,0f,0f,1f], start_interpolation: 0, interpolation_duration: 1 }
$data merge entity $(bone_ear_edge_a1) { transformation: [-0.9841320776346618f,0.17258723454590438f,-0.04120315815906228f,0.228379129150099f,0.17516288281135653f,0.9820224222496212f,-0.07035571536273051f,2.4323925945361817f,0.02831992683074412f,-0.07645658029747049f,-0.9966706442318434f,-0.2776304945182253f,0f,0f,0f,1f], start_interpolation: 0, interpolation_duration: 1 }
$data merge entity $(bone_ear_edge_a2) { transformation: [-0.9990143703943858f,0.01651022420283886f,-0.04120315815906228f,0.11347402678982463f,0.01938418477567809f,0.9973336085264453f,-0.07035571536273051f,2.44467587459928f,0.03993170577487364f,-0.0710850603178416f,-0.9966706442318434f,-0.27374731187168866f,0f,0f,0f,1f], start_interpolation: 0, interpolation_duration: 1 }
$data merge entity $(bone_ear_edge_b1) { transformation: [-0.9656341906463902f,0.25587856780323587f,-0.04557157440395902f,0.0914499091166001f,0.2594762132303632f,0.959173906543762f,-0.11250560774116761f,2.4425923381859977f,0.014923291269752465f,-0.12046400103160769f,-0.9926055207549145f,-0.2675137547993717f,0f,0f,0f,1f], start_interpolation: 0, interpolation_duration: 1 }
$data merge entity $(bone_ear_edge_b2) { transformation: [-0.9974435153191682f,-0.05504239596969367f,-0.04557157440395902f,0.12067067150477401f,-0.04962449426670239f,0.9924111536029633f,-0.11250560774116761f,2.451953962139581f,0.051418316935836636f,-0.1099565225457358f,-0.9926055207549145f,-0.2699163923928453f,0f,0f,0f,1f], start_interpolation: 0, interpolation_duration: 1 }
$data merge entity $(bone_ear_right_2) { transformation: [-0.9937738582510216f,0.10166980998911414f,-0.04557157440395902f,0.1785026165312435f,0.10623377351868574f,0.9879559067037207f,-0.11250560774116761f,2.5513501407885775f,0.03358428234842509f,-0.11664637219393628f,-0.9926055207549145f,-0.3153202505514f,0f,0f,0f,1f], start_interpolation: 0, interpolation_duration: 1 }
$data merge entity $(bone_ear_right_1) { transformation: [-0.9937738582510216f,0.10351723728248087f,-0.04120315815906228f,0.15521123814268534f,0.10623377351868574f,0.9918490100210712f,-0.07035571536273051f,2.328184113533837f,0.03358428234842509f,-0.0742948376781558f,-0.9966706442318434f,-0.298603912073815f,0f,0f,0f,1f], start_interpolation: 0, interpolation_duration: 1 }
$data merge entity $(bone_ear_edge_a3) { transformation: [-0.9896119262694378f,-0.13871268426054614f,-0.03777600575135526f,-0.1617217640588808f,-0.1373018205824319f,0.9898117846926374f,-0.03769404393700905f,2.4390749048712275f,0.04261977768644579f,-0.03211576106539487f,-0.9985750509807204f,-0.2595056585026539f,0f,0f,0f,1f], start_interpolation: 0, interpolation_duration: 1 }
$data merge entity $(bone_ear_edge_a4) { transformation: [-0.9991276058468119f,0.01780451134659583f,-0.03777600575135526f,-0.046457815947388605f,0.019229269697155438f,0.9991042959764455f,-0.03769404393700905f,2.446928337613964f,0.0370710455980344f,-0.03838756487614251f,-0.9985750509807204f,-0.2641625335177843f,0f,0f,0f,1f], start_interpolation: 0, interpolation_duration: 1 }
$data merge entity $(bone_ear_edge_b3) { transformation: [-0.9737565470927242f,-0.224435203084384f,-0.03777600575135526f,-0.02421772963154513f,-0.2230471269778347f,0.9740786098660663f,-0.03769404393700905f,2.442183007538318f,0.04525666957464699f,-0.028278992518525427f,-0.9985750509807204f,-0.2648247480879976f,0f,0f,0f,1f], start_interpolation: 0, interpolation_duration: 1 }
$data merge entity $(bone_ear_edge_b4) { transformation: [-0.9954518012866712f,0.08745675905609104f,-0.03777600575135526f,-0.05312169305897634f,0.08887642075255657f,0.9953291620795048f,-0.03769404393700905f,2.452734942384574f,0.034302961232758285f,-0.04088000011638305f,-0.9985750509807204f,-0.26412962638204807f,0f,0f,0f,1f], start_interpolation: 0, interpolation_duration: 1 }
$data merge entity $(bone_ear_left_2) { transformation: [-0.996877389072365f,-0.06934294878167527f,-0.03777600575135526f,-0.1101728267948946f,-0.0679215804777207f,0.9969783437753716f,-0.03769404393700905f,2.557311558307584f,0.04027567580653332f,-0.03501053408873709f,-0.9985750509807204f,-0.2972135208442722f,0f,0f,0f,1f], start_interpolation: 0, interpolation_duration: 1 }
$data merge entity $(bone_ear_left_1) { transformation: [-0.996877389072365f,-0.06934294878167527f,-0.03777600575135526f,-0.09457066331901769f,-0.0679215804777207f,0.9969783437753716f,-0.03769404393700905f,2.332991430958126f,0.04027567580653332f,-0.03501053408873709f,-0.9985750509807204f,-0.2893361506743064f,0f,0f,0f,1f], start_interpolation: 0, interpolation_duration: 1 }
$data merge entity $(bone_head) { transformation: [-0.9991276058468119f,0.017804511346595844f,-0.03777600575135526f,0.022375975526433292f,0.019229269697155448f,0.9991042959764455f,-0.03769404393700905f,1.8197247594310844f,0.0370710455980344f,-0.038387564876142505f,-0.9985750509807204f,-0.24309093403189014f,0f,0f,0f,1f], start_interpolation: 0, interpolation_duration: 1 }
$data merge entity $(bone_body_1) { transformation: [-0.9932423625377466f,0.059669268070488696f,-0.09954490297532997f,3.003166281414309e-17f,0.05880177885464397f,0.9982019474394612f,0.011628539529816732f,1.4453990291412864f,0.1000597824501195f,0.005696540704596395f,-0.9949651196700493f,-0.2452271367961138f,0f,0f,0f,1f], start_interpolation: 0, interpolation_duration: 1 }
$data merge entity $(bone_leg_left_2) { transformation: [-0.9497582769372132f,-0.30905439042102584f,-0.049442887767039326f,0.23660228083876494f,-0.31269061434167184f,0.9301097843438353f,0.19266647028087636f,0.8389906594353309f,-0.01355710484888954f,0.19844690178824176f,-0.9800178733465855f,-0.25262569714631833f,0f,0f,0f,1f], start_interpolation: 0, interpolation_duration: 1 }
$data merge entity $(bone_leg_left_1) { transformation: [-0.9497582769372132f,-0.30883306654560283f,0.05080701130055943f,0.12500000000000003f,-0.31269061434167184f,0.9433129272296437f,-0.11128926733548353f,1.1798638791999978f,-0.01355710484888954f,-0.12158477836258993f,-0.9924884616853922f,-0.2963420035225745f,0f,0f,0f,1f], start_interpolation: 0, interpolation_duration: 1 }
$data merge entity $(bone_leg_right_2) { transformation: [-0.960736733354064f,0.2727199925183715f,0.05107577571551471f,-0.23053007595694025f,0.27720116685733687f,0.9354586004763176f,0.21926404148382372f,0.8459670871694599f,0.012018414083938632f,0.2248132835836631f,-0.9743277401609985f,-0.22107814188451055f,0f,0f,0f,1f], start_interpolation: 0, interpolation_duration: 1 }
$data merge entity $(bone_leg_right_1) { transformation: [-0.960736733354064f,0.2711318015377246f,-0.05892771316681198f,-0.12499999999999997f,0.27720116685733687f,0.9471375704593021f,-0.16152379303799552f,1.2149654474079923f,0.012018414083938632f,-0.17151667213235647f,-0.9851079072383637f,-0.29597617541882304f,0f,0f,0f,1f], start_interpolation: 0, interpolation_duration: 1 }
$data merge entity $(bone_skirt_forward_right) { transformation: [-0.9797827061010576f,0.19979043002949226f,0.010470572759849629f,3.23804984100967e-17f,0.18449484537849695f,0.9225361066905376f,-0.3389524802697709f,1.2538731417959046f,-0.07737894322135219f,-0.3301680116560287f,-0.9407452275855834f,-0.2644068349555257f,0f,0f,0f,1f], start_interpolation: 0, interpolation_duration: 1 }
$data merge entity $(bone_skirt_forward_left) { transformation: [-0.9797827061010576f,-0.19979043002949215f,-0.0104705727598494f,3.402679871281178e-17f,-0.18449484537849695f,0.9225361066905376f,-0.3389524802697709f,1.2665340937804066f,0.07737894322135194f,-0.3301680116560287f,-0.9407452275855834f,-0.2778498971009647f,0f,0f,0f,1f], start_interpolation: 0, interpolation_duration: 1 }
$data merge entity $(bone_skirt_forward) { transformation: [-1f,4.736563571488242e-17f,1.1293402667019197e-16f,3.23804984100967e-17f,0f,0.9221763103355273f,-0.3867697669880019f,1.2538731417959046f,-1.2246467991473532e-16f,-0.3867697669880019f,-0.9221763103355273f,-0.2644068349555257f,0f,0f,0f,1f], start_interpolation: 0, interpolation_duration: 1 }
$data merge entity $(bone_skirt_back_right) { transformation: [-0.9786501245859638f,0.20553329085060035f,1.1706745839103564e-16f,3.2266784482714524e-17f,0.19647509789253254f,0.9355193907265011f,0.29360007745713534f,1.2841632591590084f,0.06034459011375608f,0.28733175238187414f,-0.9559283417271214f,-0.26347829027259057f,0f,0f,0f,1f], start_interpolation: 0, interpolation_duration: 1 }
$data merge entity $(bone_skirt_back_left) { transformation: [-0.9786501245859638f,-0.2055332908506004f,1.1706745839103564e-16f,3.2266784482714524e-17f,-0.19647509789253254f,0.9355193907265011f,0.29360007745713534f,1.2841632591590084f,-0.06034459011375631f,0.28733175238187414f,-0.9559283417271214f,-0.26347829027259057f,0f,0f,0f,1f], start_interpolation: 0, interpolation_duration: 1 }
$data merge entity $(bone_skirt_back) { transformation: [-1f,-3.595563950872958e-17f,1.1706745839103564e-16f,3.2266784482714524e-17f,0f,0.9559283417271214f,0.29360007745713534f,1.2841632591590084f,-1.2246467991473532e-16f,0.29360007745713534f,-0.9559283417271214f,-0.26347829027259057f,0f,0f,0f,1f], start_interpolation: 0, interpolation_duration: 1 }
$data merge entity $(bone_skirt_right) { transformation: [-0.973297716075202f,0.22933075065688316f,-0.009947999092583988f,-0.19374999999999998f,0.22933097005777103f,0.9733478412487158f,0.0011340673818572983f,1.3653583869156527f,0.009942939965487623f,-0.0011775990893990174f,-0.9999498743463231f,-0.2588759356666796f,0f,0f,0f,1f], start_interpolation: 0, interpolation_duration: 1 }
$data merge entity $(bone_skirt_left) { transformation: [-0.9728546184721774f,-0.23117842531018723f,0.010508424641993006f,0.19375000000000003f,-0.23119993796092866f,0.9729058753047777f,-0.0008639932332133171f,1.3589485946116038f,-0.01002397147925959f,-0.0032700869325561627f,-0.9999444117185897f,-0.26077689317051816f,0f,0f,0f,1f], start_interpolation: 0, interpolation_duration: 1 }
$data merge entity $(bone_coat_downer) { transformation: [-1f,-1.5947927425633164e-17f,1.214218326226602e-16f,-0.007812499999999968f,0f,0.9914845056321449f,0.13022470998770203f,1.227653846511389f,-1.2246467991473532e-16f,0.13022470998770203f,-0.9914845056321449f,-0.26592832873577205f,0f,0f,0f,1f], start_interpolation: 0, interpolation_duration: 1 }
$data merge entity $(bone_body_2) { transformation: [-1f,-5.304630738957914e-18f,1.2234973935134426e-16f,3.138157422815092e-17f,0f,0.9990614390739347f,0.043315597139119665f,1.4508816368044712f,-1.2246467991473532e-16f,0.043315597139119665f,-0.9990614390739347f,-0.25625f,0f,0f,0f,1f], start_interpolation: 0, interpolation_duration: 1 }
$data merge entity $(bone_book_left) { transformation: [0.42871511448605926f,-0.3373375104558406f,-0.8380971033541759f,-1.649690679510707f,0.06756481822427265f,0.9370473359360912f,-0.34260368584327144f,1.9676711807320226f,0.9009097324091497f,0.09025349995722971f,0.42451850347887576f,0.8508997575596389f,0f,0f,0f,1f], start_interpolation: 0, interpolation_duration: 1 }
$data merge entity $(bone_book_right) { transformation: [-0.055507972478344214f,-0.3373375104558406f,-0.9397458534257007f,-1.6315593204892935f,-0.11550563837245278f,0.9370473359360912f,-0.3295462603630122f,1.96534209287692f,0.9917546634604322f,0.09025349995722971f,-0.09097798222622219f,0.9428502424403605f,0f,0f,0f,1f], start_interpolation: 0, interpolation_duration: 1 }
$data merge entity $(bone_book_loot_1) { transformation: [0.19340116289507547f,-0.3373375104558406f,-0.9213030957455248f,-1.5024295356381714f,-0.024843603787759322f,0.9370473359360912f,-0.3483175068323596f,2.0187542628293254f,0.9808051720610311f,0.09025349995722971f,0.1728453650052585f,0.870948195249211f,0f,0f,0f,1f], start_interpolation: 0, interpolation_duration: 1 }
$data merge entity $(bone_book_left2) { transformation: [0.20926218151913084f,0.7049308275340916f,0.67770337742847f,1.5484983309389895f,-0.04942639040821409f,0.6997869291723608f,-0.7126396604811803f,2.528800785269096f,-0.976609630977019f,0.1156320982755997f,0.18128112568966717f,-0.11030798005413475f,0f,0f,0f,1f], start_interpolation: 0, interpolation_duration: 1 }
$data merge entity $(bone_book_right2) { transformation: [-0.06280229138547268f,0.7049308275340916f,0.7064901985086807f,1.5415016690610104f,0.22397049064595395f,0.6997869291723608f,-0.6783328630394726f,2.520462488339847f,-0.9725703529907465f,0.1156320982755997f,-0.2018319259478966f,-0.017192019945864813f,0f,0f,0f,1f], start_interpolation: 0, interpolation_duration: 1 }
$data merge entity $(bone_book_loot_2) { transformation: [0.07463106003177779f,0.7049308275340916f,0.7053387365448136f,1.4391991895182779f,0.08894183391198507f,0.6997869291723608f,-0.7087930614360514f,2.630950596019879f,-0.993236907821546f,0.1156320982755997f,-0.01047200026145947f,-0.062179199960780855f,0f,0f,0f,1f], start_interpolation: 0, interpolation_duration: 1 }
$data merge entity $(bone_air_staff_povit_1) { transformation: [-0.000015625f,0f,1.9135106236677393e-21f,-0.007217500000000053f,0f,0.000015625f,0f,1.6170041368044712f,-1.9135106236677393e-21f,0f,-0.000015625f,0.43125f,0f,0f,0f,1f], start_interpolation: 0, interpolation_duration: 1 }