# This file was generated by Animated Java via MC-Build. It is not recommended to edit this file directly.
$data merge entity $(bone_wing_right_1) { transformation: [-0.4013522147473279f,-0.02103626428579052f,-0.7109277879973166f,0.04499186247323882f,-0.12289762916384855f,0.806081676250823f,0.04552964312415265f,1.5748063425782857f,0.7005405176774319f,0.1293609339870655f,-0.39931588535227863f,-0.5489319143810892f,0f,0f,0f,1f], start_interpolation: 0, interpolation_duration: 1 }
$data merge entity $(bone_wing_right_2) { transformation: [-0.371119666632643f,0.13141799423284706f,-0.6964190576300244f,0.04499186247323882f,0.19095330460959495f,0.7755950192115707f,0.04460046673386382f,1.5748063425782857f,0.682500570327345f,-0.1455392626270266f,-0.3911665815695791f,-0.5489319143810892f,0f,0f,0f,1f], start_interpolation: 0, interpolation_duration: 1 }
$data merge entity $(bone_wing_left_1) { transformation: [-0.5150378075858497f,0.14054802150358148f,0.6180022288414778f,-0.089380975643729f,0.1773069675680327f,0.7964878418876682f,-0.033373663589690274f,1.582784536407614f,-0.6084757517382545f,0.11312743177937883f,-0.5328263208307302f,-0.5354321996435538f,0f,0f,0f,1f], start_interpolation: 0, interpolation_duration: 1 }
$data merge entity $(bone_wing_left_2) { transformation: [-0.5188097516857136f,-0.06587460793726876f,0.6053899384569579f,-0.089380975643729f,-0.13811502647793097f,0.7873089834566038f,-0.03269256841439047f,1.582784536407614f,-0.5930941586433038f,-0.1257183383506173f,-0.5219523142831644f,-0.5354321996435538f,0f,0f,0f,1f], start_interpolation: 0, interpolation_duration: 1 }
$data merge entity $(bone_staff) { transformation: [-1.2531057179821496f,0.7245414397730042f,0.5883638428830442f,-0.6175575829845533f,-0.8562871781563005f,-0.500558510776023f,-1.2073192186885824f,2.520736495537315f,-0.3713550566311998f,-1.2906924999167508f,0.7985076972534998f,-0.13577028666995156f,0f,0f,0f,1f], start_interpolation: 0, interpolation_duration: 1 }
$data merge entity $(bone_arm_right_2) { transformation: [-0.22776037032088672f,0.9731739964798098f,0.03252055176050217f,-0.350611422390005f,0.8208761665800794f,0.20986616582026674f,-0.5311482952855011f,2.090978337527953f,-0.5237246727547655f,-0.09427918656530335f,-0.8466545352908106f,-0.36793475357414224f,0f,0f,0f,1f], start_interpolation: 0, interpolation_duration: 1 }
$data merge entity $(bone_arm_right_1) { transformation: [-0.2291182256516629f,0.9731739964798098f,0.020909597072842928f,-0.27571671256779146f,0.846795932477144f,0.20986616582026674f,-0.48876665310152284f,1.8124217640940214f,-0.48004321411139417f,-0.09427918656530335f,-0.8721639453486866f,-0.21301778832349683f,0f,0f,0f,1f], start_interpolation: 0, interpolation_duration: 1 }
$data merge entity $(bone_arm_left_2) { transformation: [-0.6114294822576777f,0.788586329272523f,-0.06546441407815395f,0.4714235923812605f,0.7684965472728437f,0.6114920203213473f,0.18838939968330223f,1.5055655408340447f,0.18859227199391315f,0.06487765692289513f,-0.9799101206622824f,-0.4491583428547308f,0f,0f,0f,1f], start_interpolation: 0, interpolation_duration: 1 }
$data merge entity $(bone_arm_left_1) { transformation: [-0.4838671460905825f,0.8276451800650924f,-0.2843871320034991f,0.31451131488077394f,0.6909820062171389f,0.5607280399577452f,0.4562104035303043f,1.7335518747997571f,0.5370441806949338f,0.02423883495892523f,-0.843205803384643f,-0.27288634686540625f,0f,0f,0f,1f], start_interpolation: 0, interpolation_duration: 1 }
$data merge entity $(bone_himo_right_2) { transformation: [-0.9921471279508981f,0.027134657466952955f,-0.12209744822450341f,-0.13517356363223795f,0.07527443764342674f,0.909143625294677f,-0.40962376349952856f,1.4589795045394198f,0.0998891162051703f,-0.4155978572492921f,-0.9040467828124532f,0.00019530532077956936f,0f,0f,0f,1f], start_interpolation: 0, interpolation_duration: 1 }
$data merge entity $(bone_himo_right_1) { transformation: [-0.9921471279508981f,0.06259419356476087f,-0.10828685714693823f,-0.12411394519601365f,0.07527443764342674f,0.990241927407303f,-0.11728036597033417f,1.6439168636409744f,0.0998891162051703f,-0.12451061053840713f,-0.9871774269740485f,-0.02932029307375955f,0f,0f,0f,1f], start_interpolation: 0, interpolation_duration: 1 }
$data merge entity $(bone_himo_left_2) { transformation: [-0.9921471279508981f,0.027134657466952955f,-0.12209744822450341f,0.17522005782167807f,0.07527443764342674f,0.909143625294677f,-0.40962376349952856f,1.4405503300868348f,0.0998891162051703f,-0.4155978572492921f,-0.9040467828124532f,-0.030988268716191654f,0f,0f,0f,1f], start_interpolation: 0, interpolation_duration: 1 }
$data merge entity $(bone_himo_left_1) { transformation: [-0.9921471279508981f,0.06259419356476087f,-0.10828685714693823f,0.18627967625790237f,0.07527443764342674f,0.990241927407303f,-0.11728036597033417f,1.6254876891883894f,0.0998891162051703f,-0.12451061053840713f,-0.9871774269740485f,-0.060503867110730775f,0f,0f,0f,1f], start_interpolation: 0, interpolation_duration: 1 }
$data merge entity $(bone_ponpon1) { transformation: [-0.9990439185123761f,0.019148465483234137f,-0.0393012105802646f,0.32657223917924133f,0.02062535026775549f,0.9990828626650925f,-0.03752370524423463f,2.3281251970624246f,0.03854664459806211f,-0.03829843075846834f,-0.9985226018431779f,-0.2515778056855249f,0f,0f,0f,1f], start_interpolation: 0, interpolation_duration: 1 }
$data merge entity $(bone_ponpon2) { transformation: [-0.9990439185123761f,0.019148465483234137f,-0.0393012105802646f,0.3579583394461513f,0.02062535026775549f,0.9990828626650925f,-0.03752370524423463f,2.1989485412276f,0.03854664459806211f,-0.03829843075846834f,-0.9985226018431779f,-0.34184749493594163f,0f,0f,0f,1f], start_interpolation: 0, interpolation_duration: 1 }
$data merge entity $(bone_ponpon3) { transformation: [-0.9990439185123761f,0.019148465483234137f,-0.0393012105802646f,-0.2603660629467796f,0.02062535026775549f,0.9990828626650925f,-0.03752370524423463f,2.3402425903447313f,0.03854664459806211f,-0.03829843075846834f,-0.9985226018431779f,-0.22893165198416343f,0f,0f,0f,1f], start_interpolation: 0, interpolation_duration: 1 }
$data merge entity $(bone_ponpon4) { transformation: [-0.9990439185123761f,0.019148465483234137f,-0.0393012105802646f,-0.3039082565682978f,0.02062535026775549f,0.9990828626650925f,-0.03752370524423463f,2.2126128357799884f,0.03854664459806211f,-0.03829843075846834f,-0.9985226018431779f,-0.3163103428897255f,0f,0f,0f,1f], start_interpolation: 0, interpolation_duration: 1 }
$data merge entity $(bone_ear_edge_a1) { transformation: [-0.9838399006568208f,0.1738912432588653f,-0.04267183372510392f,0.22930161680986477f,0.1765434346746526f,0.9818545364979742f,-0.06923933009226003f,2.4368155851964337f,0.029857420331526482f,-0.07565384772920947f,-0.9966870269923814f,-0.27725606076830933f,0f,0f,0f,1f], start_interpolation: 0, interpolation_duration: 1 }
$data merge entity $(bone_ear_edge_a2) { transformation: [-0.9989297825054019f,0.01784388495389043f,-0.04267183372510392f,0.1144196975164492f,0.0207740028723893f,0.9973837556191864f,-0.06923933009226003f,2.449259456825081f,0.04132469513945089f,-0.07005169374625649f,-0.9966870269923814f,-0.27320201299467584f,0f,0f,0f,1f], start_interpolation: 0, interpolation_duration: 1 }
$data merge entity $(bone_ear_edge_b1) { transformation: [-0.9652304009241509f,0.2571462948402219f,-0.04696867234389871f,0.09239019387099073f,0.260865611566344f,0.9590677439441372f,-0.11017347787929913f,2.4471463708124546f,0.01671543699459142f,-0.11859530166009437f,-0.9928019684661342f,-0.2670846242527035f,0f,0f,0f,1f], start_interpolation: 0, interpolation_duration: 1 }
$data merge entity $(bone_ear_edge_b2) { transformation: [-0.9974512376712769f,-0.05371193802395874f,-0.04696867234389871f,0.121621758207827f,-0.048270291878087054f,0.9927395346685776f,-0.11017347787929913f,2.4564703381305906f,0.05254528894241982f,-0.10762548034608975f,-0.9928019684661342f,-0.2695022480596111f,0f,0f,0f,1f], start_interpolation: 0, interpolation_duration: 1 }
$data merge entity $(bone_ear_right_2) { transformation: [-0.9935733560511617f,0.10298509583178966f,-0.04696867234389871f,0.1795441914874103f,0.10762267354505589f,0.9880684009272809f,-0.11017347787929913f,2.555884425048445f,0.03506203479899224f,-0.11452032625487579f,-0.9928019684661342f,-0.314751287568881f,0f,0f,0f,1f], start_interpolation: 0, interpolation_duration: 1 }
$data merge entity $(bone_ear_right_1) { transformation: [-0.9935733560511617f,0.10483845073143966f,-0.04267183372510392f,0.1559555400728364f,0.10762267354505589f,0.9917778356604816f,-0.06923933009226003f,2.3327344120248372f,0.03506203479899224f,-0.07338681040106677f,-0.9966870269923814f,-0.298239255228641f,0f,0f,0f,1f], start_interpolation: 0, interpolation_duration: 1 }
$data merge entity $(bone_ear_edge_a3) { transformation: [-0.9897395100113637f,-0.13737218484610075f,-0.0393012105802646f,-0.1607637017786549f,-0.13591957517172332f,0.9900090103781288f,-0.03752370524423463f,2.4440647371957365f,0.044063265966151816f,-0.03179688979643562f,-0.9985226018431779f,-0.2586608588664359f,0f,0f,0f,1f], start_interpolation: 0, interpolation_duration: 1 }
$data merge entity $(bone_ear_edge_a4) { transformation: [-0.9990439185123761f,0.019148465483234123f,-0.0393012105802646f,-0.04549584965354081f,0.020625350267755485f,0.9990828626650925f,-0.03752370524423463f,2.4517571463895593f,0.03854664459806211f,-0.03829843075846834f,-0.9985226018431779f,-0.2634868025314224f,0f,0f,0f,1f], start_interpolation: 0, interpolation_duration: 1 }
$data merge entity $(bone_ear_edge_b3) { transformation: [-0.9740004775621122f,-0.2231109243307085f,-0.0393012105802646f,-0.023263438076883067f,-0.22168733077933306f,0.9743955556737102f,-0.03752370524423463f,2.4469807253699547f,0.04666687348336068f,-0.027835526357849125f,-0.9985226018431779f,-0.26418236182405863f,0f,0f,0f,1f], start_interpolation: 0, interpolation_duration: 1 }
$data merge entity $(bone_ear_edge_b4) { transformation: [-0.9952745683089302f,0.08879160165465211f,-0.0393012105802646f,-0.05215152445653447f,0.09026760542883278f,0.9952103953209533f,-0.03752370524423463f,2.4575730821650863f,0.03578118342952452f,-0.04089401570784196f,-0.9985226018431779f,-0.2634433977881087f,0f,0f,0f,1f], start_interpolation: 0, interpolation_duration: 1 }
$data merge entity $(bone_ear_left_2) { transformation: [-0.9969111535145001f,-0.0679968149644864f,-0.0393012105802646f,-0.10910472292226703f,-0.06652894437900952f,0.9970786684633055f,-0.03752370524423463f,2.5622334499960195f,0.041737891156640367f,-0.03479313222644588f,-0.9985226018431779f,-0.29643104883007576f,0f,0f,0f,1f], start_interpolation: 0, interpolation_duration: 1 }
$data merge entity $(bone_ear_left_1) { transformation: [-0.9969111535145001f,-0.0679968149644864f,-0.0393012105802646f,-0.09380543955525761f,-0.06652894437900952f,0.9970786684633055f,-0.03752370524423463f,2.337890749591776f,0.041737891156640367f,-0.03479313222644588f,-0.9985226018431779f,-0.2886025940791255f,0f,0f,0f,1f], start_interpolation: 0, interpolation_duration: 1 }
$data merge entity $(bone_head) { transformation: [-0.9990439185123761f,0.019148465483234137f,-0.0393012105802646f,0.022489624529265177f,0.02062535026775549f,0.9990828626650925f,-0.03752370524423463f,1.8244552294813288f,0.03854664459806211f,-0.03829843075846834f,-0.9985226018431779f,-0.2425891475825689f,0f,0f,0f,1f], start_interpolation: 0, interpolation_duration: 1 }
$data merge entity $(bone_body_1) { transformation: [-0.9932595886525313f,0.05997233207804038f,-0.09919026633155868f,3.00318378228686e-17f,0.058973358248271816f,0.9981752249103377f,0.012975491979792288f,1.450139520139952f,0.09978743691830794f,0.007038448715300204f,-0.9949838831222125f,-0.24522856585080646f,0f,0f,0f,1f], start_interpolation: 0, interpolation_duration: 1 }
$data merge entity $(bone_leg_left_2) { transformation: [-0.9498747236323789f,-0.30874467739015393f,-0.04913993882334098f,0.23636925730565023f,-0.31233382525702785f,0.9303270407186075f,0.19219567869250131f,0.8439682641344524f,-0.013623178947085793f,0.19790988224696754f,-0.9801255468073298f,-0.25167280765083855f,0f,0f,0f,1f], start_interpolation: 0, interpolation_duration: 1 }
$data merge entity $(bone_leg_left_1) { transformation: [-0.9498747236323789f,-0.30833946855474764f,0.051621522020255405f,0.12500000000000003f,-0.31233382525702785f,0.943141654709573f,-0.11371631699980977f,1.1846206034220907f,-0.013623178947085793f,-0.12413940262086255f,-0.9921712643048634f,-0.29647921520711545f,0f,0f,0f,1f], start_interpolation: 0, interpolation_duration: 1 }
$data merge entity $(bone_leg_right_2) { transformation: [-0.9608915165943714f,0.27227097009898377f,0.05055701908070858f,-0.23029980561029484f,0.276662021896937f,0.9358895779236654f,0.2181027821320992f,0.8506021081987298f,0.012067268823870896f,0.22356032021631544f,-0.9746153929873624f,-0.22076439498959485f,0f,0f,0f,1f], start_interpolation: 0, interpolation_duration: 1 }
$data merge entity $(bone_leg_right_1) { transformation: [-0.9608915165943714f,0.2705274891076329f,-0.059180832826924594f,-0.12499999999999997f,0.276662021896937f,0.9471136422012388f,-0.16258497592398383f,1.219610083260037f,0.012067268823870896f,-0.1725996129584978f,-0.9849181461571866f,-0.29607576658921275f,0f,0f,0f,1f], start_interpolation: 0, interpolation_duration: 1 }
$data merge entity $(bone_skirt_forward_right) { transformation: [-0.9716316577633063f,0.2361751916960208f,0.012377417318535111f,3.2368450396652364e-17f,0.21015918978924986f,0.8862359540785697f,-0.41281829979492585f,1.2680539718470518f,-0.10846675333601258f,-0.39850610098942657f,-0.9107292961659625f,-0.2643084554598807f,0f,0f,0f,1f], start_interpolation: 0, interpolation_duration: 1 }
$data merge entity $(bone_skirt_forward_left) { transformation: [-0.9716316577633063f,-0.2361751916960207f,-0.012377417318534886f,3.413244945177348e-17f,-0.21015918978924986f,0.8862359540785697f,-0.41281829979492585f,1.2796097591620124f,0.10846675333601233f,-0.3985061009894267f,-0.9107292961659625f,-0.2787126008538774f,0f,0f,0f,1f], start_interpolation: 0, interpolation_duration: 1 }
$data merge entity $(bone_skirt_forward) { transformation: [-1f,5.616653370354581e-17f,1.088251731831704e-16f,3.2368450396652364e-17f,0f,0.8886249754536469f,-0.4586345527759606f,1.2680539718470518f,-1.2246467991473532e-16f,-0.4586345527759606f,-0.8886249754536469f,-0.2643084554598807f,0f,0f,0f,1f], start_interpolation: 0, interpolation_duration: 1 }
$data merge entity $(bone_skirt_back_right) { transformation: [-0.9711254677526934f,0.23856933139469652f,1.1715414833808186e-16f,3.2218322783192495e-17f,0.2282240631224508f,0.929013795513941f,0.2912853322030836f,1.2989770635609879f,0.06949174694877161f,0.2828746044852183f,-0.9566362188644851f,-0.2630825704654121f,0f,0f,0f,1f], start_interpolation: 0, interpolation_duration: 1 }
$data merge entity $(bone_skirt_back_left) { transformation: [-0.9711254677526934f,-0.23856933139469658f,1.1715414833808186e-16f,3.2218322783192495e-17f,-0.2282240631224508f,0.929013795513941f,0.2912853322030836f,1.2989770635609879f,-0.06949174694877186f,0.2828746044852182f,-0.9566362188644851f,-0.2630825704654121f,0f,0f,0f,1f], start_interpolation: 0, interpolation_duration: 1 }
$data merge entity $(bone_skirt_back) { transformation: [-1f,-3.567216497210798e-17f,1.1715414833808186e-16f,3.2218322783192495e-17f,0f,0.9566362188644851f,0.2912853322030836f,1.2989770635609879f,-1.2246467991473532e-16f,0.2912853322030836f,-0.9566362188644851f,-0.2630825704654121f,0f,0f,0f,1f], start_interpolation: 0, interpolation_duration: 1 }
$data merge entity $(bone_skirt_right) { transformation: [-0.9688430180853617f,0.24764644340575445f,-0.003800707266827336f,-0.19374999999999998f,0.24744034435782244f,0.9684774539553082f,0.028717541056406913f,1.3878808586508289f,0.01079269620298428f,0.02688234083417252f,-0.9995803406729974f,-0.2587919345419365f,0f,0f,0f,1f], start_interpolation: 0, interpolation_duration: 1 }
$data merge entity $(bone_skirt_left) { transformation: [-0.9686745672399888f,-0.24830149550495118f,0.0039937591846770145f,0.19375000000000003f,-0.2480977241877927f,0.9683300816363246f,0.028006646550900093f,1.3854352059523294f,-0.01082136938000119f,0.02613848366286401f,-0.9995997587217335f,-0.2595179372281268f,0f,0f,0f,1f], start_interpolation: 0, interpolation_duration: 1 }
$data merge entity $(bone_coat_downer) { transformation: [-1f,-1.597956748448047e-17f,1.2141767272365056e-16f,-0.007812499999999968f,0f,0.9914505374789389f,0.13048307067479428f,1.2323997393046464f,-1.2246467991473532e-16f,0.13048307067479428f,-0.9914505374789389f,-0.2659864980224607f,0f,0f,0f,1f], start_interpolation: 0, interpolation_duration: 1 }
$data merge entity $(bone_body_2) { transformation: [-1f,-5.3365129569168546e-18f,1.2234835289483564e-16f,3.138157422815092e-17f,0f,0.9990501177973872f,0.04357593520541876f,1.455625f,-1.2246467991473532e-16f,0.04357593520541876f,-0.9990501177973872f,-0.25625f,0f,0f,0f,1f], start_interpolation: 0, interpolation_duration: 1 }
$data merge entity $(bone_book_left) { transformation: [0.43766459353974574f,-0.3341242538311592f,-0.8347518712548421f,-1.6503760239480025f,0.06345910452539044f,0.9375544456809974f,-0.34200088221616204f,2.0389088288018837f,0.8968961175155821f,0.09670907085464465f,0.4315376113386949f,0.8510425420328499f,0f,0f,0f,1f], start_interpolation: 0, interpolation_duration: 1 }
$data merge entity $(bone_book_right) { transformation: [-0.03564307283649906f,-0.3341242538311592f,-0.9418548478192079f,-1.630873976051998f,-0.11510123333351358f,0.9375544456809974f,-0.32824284831341205f,2.0364036711981166f,0.9927140965272307f,0.09670907085464465f,-0.07187543509819766f,0.9427074579671496f,0f,0f,0f,1f], start_interpolation: 0, interpolation_duration: 1 }
$data merge entity $(bone_book_loot_1) { transformation: [0.208021844224049f,-0.3341242538311592f,-0.919286623054745f,-1.5027320065417884f,-0.026721681106846557f,0.9375544456809974f,-0.34681063008884483f,2.089677844513327f,0.9777591032991968f,0.09670907085464465f,0.18610344309007776f,0.8689594835364881f,0f,0f,0f,1f], start_interpolation: 0, interpolation_duration: 1 }
$data merge entity $(bone_book_left2) { transformation: [0.18445582777062985f,0.7155654571109957f,0.6737522721230583f,1.5459454422600616f,-0.06418178219830216f,0.6928216950543864f,-0.7182470311082508f,2.5990028635720006f,-0.9807429563526324f,0.08924222908185639f,0.17372126557563428f,-0.11152971410801521f,0f,0f,0f,1f], start_interpolation: 0, interpolation_duration: 1 }
$data merge entity $(bone_book_right2) { transformation: [-0.07107607599124315f,0.7155654571109957f,0.6949203321325538f,1.5405389327399384f,0.19930250870882593f,0.6928216950543864f,-0.6930199195436847f,2.592559636427999f,-0.9773569979511354f,0.08924222908185639f,-0.19185703819366662f,-0.01815778589198435f,0f,0f,0f,1f], start_interpolation: 0, interpolation_duration: 1 }
$data merge entity $(bone_book_loot_2) { transformation: [0.057669434881315054f,0.7155654571109957f,0.6961611256526765f,1.4388180186520985f,0.06872775620268501f,0.6928216950543864f,-0.7178262982012509f,2.7034551947301875f,-0.9959672343043291f,0.08924222908185639f,-0.009224572656086031f,-0.06346006410158687f,0f,0f,0f,1f], start_interpolation: 0, interpolation_duration: 1 }
$data merge entity $(bone_air_staff_povit_1) { transformation: [-0.000015625f,0f,1.9135106236677393e-21f,-0.007217500000000053f,0f,0.000015625f,0f,1.6217475f,-1.9135106236677393e-21f,0f,-0.000015625f,0.43125f,0f,0f,0f,1f], start_interpolation: 0, interpolation_duration: 1 }