# This file was generated by Animated Java via MC-Build. It is not recommended to edit this file directly.
$data merge entity $(bone_wing_right_1) { transformation: [-0.43649724890902236f,-0.02691979391588f,-0.6897027771691411f,0.04084797727665246f,-0.12161862508518471f,0.8062773206064787f,0.04549985442252427f,1.5723278844397464f,0.6794288087590109f,0.12703012011176001f,-0.4349532007666429f,-0.5512846800817383f,0f,0f,0f,1f], start_interpolation: 0, interpolation_duration: 1 }
$data merge entity $(bone_wing_right_2) { transformation: [-0.4051323755743545f,0.13926819802003612f,-0.6756272102881382f,0.04084797727665246f,0.1921841769790524f,0.7752926173944373f,0.04457128596492174f,1.5723278844397464f,0.6625201886587038f,-0.139734485485633f,-0.4260766048326298f,-0.5512846800817383f,0f,0f,0f,1f], start_interpolation: 0, interpolation_duration: 1 }
$data merge entity $(bone_wing_left_1) { transformation: [-0.5447315417724682f,0.14609731612920557f,0.5906501215292154f,-0.08546828400330522f,0.18008860505651575f,0.7959674855760496f,-0.030794491049274043f,1.579854884602433f,-0.5811885117338712f,0.10970770515341434f,-0.5631417030401705f,-0.5386379384195521f,0f,0f,0f,1f], start_interpolation: 0, interpolation_duration: 1 }
$data merge entity $(bone_wing_left_2) { transformation: [-0.5477636028269901f,-0.07198375444546412f,0.5785960374163743f,-0.08546828400330522f,-0.1354025076059062f,0.7878808104304199f,-0.030166032048268454f,1.579854884602433f,-0.5671165632848575f,-0.11858401094346471f,-0.5516490152230242f,-0.5386379384195521f,0f,0f,0f,1f], start_interpolation: 0, interpolation_duration: 1 }
$data merge entity $(bone_staff) { transformation: [0.8893528318976629f,1.1439285318350503f,0.5847095898386768f,-0.7458527118558982f,-0.3760122606829482f,0.9117802092867536f,-1.2118902094534394f,2.0938799249367452f,-1.2284431489538723f,0.5490816096052662f,0.7942562972879627f,-0.6845038671669816f,0f,0f,0f,1f], start_interpolation: 0, interpolation_duration: 1 }
$data merge entity $(bone_arm_right_2) { transformation: [-0.2309665484396204f,0.9723466904575616f,0.03458853940418936f,-0.35157253956673223f,0.8222796076332786f,0.21407696620662997f,-0.5272829405643866f,2.087847313459037f,-0.52010643177368f,-0.09334327022336476f,-0.8489854730981317f,-0.3668669496511322f,0f,0f,0f,1f], start_interpolation: 0, interpolation_duration: 1 }
$data merge entity $(bone_arm_right_1) { transformation: [-0.23238207864142396f,0.9723466904575616f,0.02324829203442097f,-0.2755925516827551f,0.8470896710966631f,0.21407696620662997f,-0.48642588506483914f,1.8092257705980468f,-0.4779515233239013f,-0.09334327022336476f,-0.8734124886079717f,-0.21254165316027251f,0f,0f,0f,1f], start_interpolation: 0, interpolation_duration: 1 }
$data merge entity $(bone_arm_left_2) { transformation: [-0.613245557769333f,0.7870600346612013f,-0.06683103856209094f,0.47289444122443025f,0.7677604005833133f,0.6138136267676452f,0.18378465357722387f,1.5022786537490902f,0.185671357975132f,0.06139489745457831f,-0.9806920074081423f,-0.44738640210304625f,0f,0f,0f,1f], start_interpolation: 0, interpolation_duration: 1 }
$data merge entity $(bone_arm_left_1) { transformation: [-0.48775432055915185f,0.8248673014211035f,-0.28581402663645816f,0.31463169297689664f,0.6909882336450143f,0.5648781322569206f,0.45105205537950477f,1.7302292531919368f,0.5335081852605665f,0.022508459391943847f,-0.8454953491981951f,-0.27228041259374075f,0f,0f,0f,1f], start_interpolation: 0, interpolation_duration: 1 }
$data merge entity $(bone_himo_right_2) { transformation: [-0.9920265912287516f,0.029241215222148266f,-0.12258953310701325f,-0.1356003494575169f,0.07723598553843676f,0.9096983291944135f,-0.40802396056947277f,1.4554022167360265f,0.09958837699736792f,-0.4142389421496056f,-0.904703406633249f,0.0001804913077717643f,0f,0f,0f,1f], start_interpolation: 0, interpolation_duration: 1 }
$data merge entity $(bone_himo_right_1) { transformation: [-0.9920265912287516f,0.06475122618163985f,-0.10812271270661687f,-0.12413526150287578f,0.07723598553843676f,0.9902898878999962f,-0.11558780411842481f,1.6403591469415357f,0.09958837699736792f,-0.12301713958220245f,-0.9873950265906969f,-0.02905644128008303f,0f,0f,0f,1f], start_interpolation: 0, interpolation_duration: 1 }
$data merge entity $(bone_himo_left_2) { transformation: [-0.9920265912287516f,0.029241215222148266f,-0.12258953310701325f,0.17479995057198935f,0.07723598553843676f,0.9096983291944135f,-0.40802396056947277f,1.4369059195439973f,0.09958837699736792f,-0.4142389421496056f,-0.904703406633249f,-0.030896682498361992f,0f,0f,0f,1f], start_interpolation: 0, interpolation_duration: 1 }
$data merge entity $(bone_himo_left_1) { transformation: [-0.9920265912287516f,0.06475122618163985f,-0.10812271270661687f,0.18626503852663048f,0.07723598553843676f,0.9902898878999962f,-0.11558780411842481f,1.6218628497495065f,0.09958837699736792f,-0.12301713958220245f,-0.9873950265906969f,-0.060133615086216785f,0f,0f,0f,1f], start_interpolation: 0, interpolation_duration: 1 }
$data merge entity $(bone_ponpon1) { transformation: [-0.9989327019042643f,0.02082267527071443f,-0.04122951928917526f,0.32757631339232185f,0.022364832575545363f,0.9990536959811661f,-0.037303174264924355f,2.324333377881521f,0.040413751745091944f,-0.03818545195413914f,-0.9984531035201124f,-0.2514426683909131f,0f,0f,0f,1f], start_interpolation: 0, interpolation_duration: 1 }
$data merge entity $(bone_ponpon2) { transformation: [-0.9989327019042643f,0.02082267527071443f,-0.04122951928917526f,0.3585681878715323f,0.022364832575545363f,0.9990536959811661f,-0.037303174264924355f,2.1951158120749557f,0.040413751745091944f,-0.03818545195413914f,-0.9984531035201124f,-0.3417899810420972f,0f,0f,0f,1f], start_interpolation: 0, interpolation_duration: 1 }
$data merge entity $(bone_ponpon3) { transformation: [-0.9989327019042643f,0.02082267527071443f,-0.04122951928917526f,-0.25929664897643345f,0.022364832575545363f,0.9990536959811661f,-0.037303174264924355f,2.337472717019654f,0.040413751745091944f,-0.03818545195413914f,-0.9984531035201124f,-0.2276995892406716f,0f,0f,0f,1f], start_interpolation: 0, interpolation_duration: 1 }
$data merge entity $(bone_ponpon4) { transformation: [-0.9989327019042643f,0.02082267527071443f,-0.04122951928917526f,-0.30322472714004284f,0.022364832575545363f,0.9990536959811661f,-0.037303174264924355f,2.209932513656254f,0.040413751745091944f,-0.03818545195413914f,-0.9984531035201124f,-0.3150158705109738f,0f,0f,0f,1f], start_interpolation: 0, interpolation_duration: 1 }
$data merge entity $(bone_ear_edge_a1) { transformation: [-0.9834688123366673f,0.17551795929942726f,-0.04452573552979792f,0.2304498603913031f,0.17826310273471838f,0.9816417680974907f,-0.06783587052454709f,2.4331695342179724f,0.031801908189543426f,-0.07465175878568756f,-0.9967024398212876f,-0.27679109407548974f,0f,0f,0f,1f], start_interpolation: 0, interpolation_duration: 1 }
$data merge entity $(bone_ear_edge_a2) { transformation: [-0.9988177373518329f,0.019508624423458465f,-0.04452573552979792f,0.11559762323706471f,0.022505783275917207f,0.9974426221038051f,-0.06783587052454709f,2.445813474213221f,0.04308848187744046f,-0.06875775726265446f,-0.9967024398212876f,-0.2725208450121278f,0f,0f,0f,1f], start_interpolation: 0, interpolation_duration: 1 }
$data merge entity $(bone_ear_edge_b1) { transformation: [-0.9647194239565425f,0.25873146726544083f,-0.048728440233901466f,0.09356086099012602f,0.2625952375305567f,0.9589271763908527f,-0.10724929652607176f,2.443663989792804f,0.01897825775004866f,-0.11626133590209128f,-0.993037324327255f,-0.26654850406501096f,0f,0f,0f,1f], start_interpolation: 0, interpolation_duration: 1 }
$data merge entity $(bone_ear_edge_b2) { transformation: [-0.9974551149149632f,-0.05204644889277771f,-0.048728440233901466f,0.1228057752312974f,-0.046581882071246666f,0.9931403307979005f,-0.10724929652607176f,2.452940938534815f,0.05397612428359319f,-0.10470649693447051f,-0.993037324327255f,-0.26898547720081434f,0f,0f,0f,1f], start_interpolation: 0, interpolation_duration: 1 }
$data merge entity $(bone_ear_right_2) { transformation: [-0.9933166456582778f,0.10463068656258703f,-0.048728440233901466f,0.18084076784084377f,0.10935299455349946f,0.9882001371062671f,-0.10724929652607176f,2.552377002340688f,0.03693188379123861f,-0.11186111233398596f,-0.993037324327255f,-0.3140415908687089f,0f,0f,0f,1f], start_interpolation: 0, interpolation_duration: 1 }
$data merge entity $(bone_ear_right_1) { transformation: [-0.9933166456582778f,0.10648708998614681f,-0.04452573552979792f,0.15688117259396078f,0.10935299455349946f,0.9916855435330088f,-0.06783587052454709f,2.3292477550457615f,0.03693188379123861f,-0.07225152187963292f,-0.9967024398212876f,-0.29778499844579154f,0f,0f,0f,1f], start_interpolation: 0, interpolation_duration: 1 }
$data merge entity $(bone_ear_edge_a3) { transformation: [-0.9898915667767207f,-0.13570118924870267f,-0.04122951928917526f,-0.15956866573162287f,-0.1341969461030507f,0.9902523177687469f,-0.037303174264924355f,2.4411252143741398f,0.04588971214709891f,-0.03139322204094689f,-0.9984531035201124f,-0.2575991447384929f,0f,0f,0f,1f], start_interpolation: 0, interpolation_duration: 1 }
$data merge entity $(bone_ear_edge_a4) { transformation: [-0.9989327019042643f,0.020822675270714422f,-0.04122951928917526f,-0.04429675244000414f,0.02236483257554535f,0.9990536959811661f,-0.037303174264924355f,2.448616967353686f,0.04041375174509195f,-0.038185451954139145f,-0.9984531035201124f,-0.262639012631899f,0f,0f,0f,1f], start_interpolation: 0, interpolation_duration: 1 }
$data merge entity $(bone_ear_edge_b3) { transformation: [-0.9742975925679891f,-0.22145953999637033f,-0.04122951928917526f,-0.022074057110047382f,-0.219992462470688f,0.9747880742222093f,-0.037303174264924355f,2.4438018184089927f,0.04845118752211719f,-0.027274209406551585f,-0.9984531035201124f,-0.2633767645633332f,0f,0f,0f,1f], start_interpolation: 0, interpolation_duration: 1 }
$data merge entity $(bone_ear_edge_b4) { transformation: [-0.9950468356478035f,0.0904539750728319f,-0.04122951928917526f,-0.05094216219001238f,0.09200081588012542f,0.9950599595336713f,-0.037303174264924355f,2.4544445153496697f,0.0376516234003825f,-0.04091155492488107f,-0.9984531035201124f,-0.2625823239293035f,0f,0f,0f,1f], start_interpolation: 0, interpolation_duration: 1 }
$data merge entity $(bone_ear_left_2) { transformation: [-0.9969462771167026f,-0.06631928288461936f,-0.04122951928917526f,-0.10777384153114462f,-0.06479353928256378f,0.9972012186399489f,-0.037303174264924355f,2.559209237383636f,0.04358804664567464f,-0.03451785423038754f,-0.9984531035201124f,-0.2954480777113557f,0f,0f,0f,1f], start_interpolation: 0, interpolation_duration: 1 }
$data merge entity $(bone_ear_left_1) { transformation: [-0.9969462771167026f,-0.06631928288461936f,-0.04122951928917526f,-0.0928520028821053f,-0.06479353928256378f,0.9972012186399489f,-0.037303174264924355f,2.3348389631896476f,0.04358804664567464f,-0.03451785423038754f,-0.9984531035201124f,-0.28768156050951854f,0f,0f,0f,1f], start_interpolation: 0, interpolation_duration: 1 }
$data merge entity $(bone_head) { transformation: [-0.9989327019042643f,0.02082267527071443f,-0.04122951928917526f,0.022631386257473327f,0.022364832575545363f,0.9990536959811661f,-0.037303174264924355f,1.8211940641231357f,0.040413751745091944f,-0.03818545195413914f,-0.9984531035201124f,-0.2419615758661552f,0f,0f,0f,1f], start_interpolation: 0, interpolation_duration: 1 }
$data merge entity $(bone_body_1) { transformation: [-0.9932809600944199f,0.060350363353262125f,-0.09874597691570333f,3.003205682352713e-17f,0.059188151014493796f,0.9981391947276369f,0.014659833830913398f,1.4468918661002719f,0.09944695617962802f,0.008716742028633942f,-0.9950046840668708f,-0.24523035412689292f,0f,0f,0f,1f], start_interpolation: 0, interpolation_duration: 1 }
$data merge entity $(bone_leg_left_2) { transformation: [-0.9500201704445804f,-0.30835687639144493f,-0.048761793758654734f,0.23607616900098644f,-0.3118875336383521f,0.930598251121325f,0.19160652747471052f,0.8410224107499203f,-0.013705550314970479f,0.19723826148098744f,-0.9802597748038636f,-0.2504765183757976f,0f,0f,0f,1f], start_interpolation: 0, interpolation_duration: 1 }
$data merge entity $(bone_leg_left_1) { transformation: [-0.9500201704445804f,-0.3077181784602344f,0.05264217314630681f,0.12500000000000003f,-0.3118875336383521f,0.9429164399577343f,-0.11676794773574659f,1.1813933254019844f,-0.013705550314970479f,-0.12735034315834257f,-0.9917631007392925f,-0.296650810678599f,0f,0f,0f,1f], start_interpolation: 0, interpolation_duration: 1 }
$data merge entity $(bone_leg_right_2) { transformation: [-0.9610846719443538f,0.2717088213561279f,0.049905608411057276f,-0.23001121151815174f,0.2759876188033074f,0.9364299303685327f,0.21663291480581898f,0.8472246353633428f,0.01212796853946592f,0.22197590388879773f,-0.9749767230410461f,-0.22036547877652013f,0f,0f,0f,1f], start_interpolation: 0, interpolation_duration: 1 }
$data merge entity $(bone_leg_right_1) { transformation: [-0.9610846719443538f,0.2697702978081276f,-0.059499914068241684f,-0.12499999999999997f,0.2759876188033074f,0.9470787532885069f,-0.16392885449721054f,1.2162425996097177f,0.01212796853946592f,-0.1739707489493607f,-0.9846761350256764f,-0.29620039478954496f,0f,0f,0f,1f], start_interpolation: 0, interpolation_duration: 1 }
$data merge entity $(bone_skirt_forward_right) { transformation: [-0.9683254161411662f,0.2493493930309035f,0.013067847954323992f,3.236806720422663e-17f,0.2180701257944308f,0.8700274244891598f,-0.44215121946316116f,1.2679771745866875f,-0.12161952430032948f,-0.4252965563367277f,-0.8968453213777068f,-0.2643053264562692f,0f,0f,0f,1f], start_interpolation: 0, interpolation_duration: 1 }
$data merge entity $(bone_skirt_forward_left) { transformation: [-0.9683254161411662f,-0.2493493930309034f,-0.01306784795432377f,3.417682671877057e-17f,-0.2180701257944308f,0.8700274244891598f,-0.44215121946316116f,1.2790619971768802f,0.12161952430032923f,-0.4252965563367278f,-0.8968453213777068f,-0.2790749687384625f,0f,0f,0f,1f], start_interpolation: 0, interpolation_duration: 1 }
$data merge entity $(bone_skirt_forward) { transformation: [-1f,5.964997184449301e-17f,1.0695549862241666e-16f,3.236806720422663e-17f,0f,0.8733579240715219f,-0.4870789838018899f,1.2679771745866875f,-1.2246467991473532e-16f,-0.4870789838018899f,-0.8733579240715219f,-0.2643053264562692f,0f,0f,0f,1f], start_interpolation: 0, interpolation_duration: 1 }
$data merge entity $(bone_skirt_back_right) { transformation: [-0.9681070708307484f,0.250536822458313f,1.1712519799802265e-16f,3.2206570486712164e-17f,0.2396133722527664f,0.9258974296367204f,0.292060578698618f,1.2990807574286756f,0.0731719293524877f,0.2827459113490524f,-0.9563998213980534f,-0.2629866056820271f,0f,0f,0f,1f], start_interpolation: 0, interpolation_duration: 1 }
$data merge entity $(bone_skirt_back_left) { transformation: [-0.9681070708307484f,-0.2505368224583131f,1.1712519799802265e-16f,3.2206570486712164e-17f,-0.2396133722527664f,0.9258974296367204f,0.292060578698618f,1.2990807574286756f,-0.07317192935248795f,0.2827459113490523f,-0.9563998213980534f,-0.2629866056820271f,0f,0f,0f,1f], start_interpolation: 0, interpolation_duration: 1 }
$data merge entity $(bone_skirt_back) { transformation: [-1f,-3.5767105286038626e-17f,1.1712519799802265e-16f,3.2206570486712164e-17f,0f,0.9563998213980534f,0.292060578698618f,1.2990807574286756f,-1.2246467991473532e-16f,0.292060578698618f,-0.9563998213980534f,-0.2629866056820271f,0f,0f,0f,1f], start_interpolation: 0, interpolation_duration: 1 }
$data merge entity $(bone_skirt_right) { transformation: [-0.9671363889519794f,0.25425330110019967f,-0.0015697275486113698f,-0.19374999999999998f,0.25401300715923164f,0.9664565610158502f,0.037935575168175605f,1.3907915498020533f,0.011162318704006195f,0.036290143965922256f,-0.9992789540924409f,-0.25878733354469224f,0f,0f,0f,1f], start_interpolation: 0, interpolation_duration: 1 }
$data merge entity $(bone_skirt_left) { transformation: [-0.9670669099476116f,-0.2545169532278315f,0.0016468770445393008f,0.19375000000000003f,-0.2542768871064927f,0.9663983639217003f,0.03764926151855855f,1.3897897725020856f,-0.011173914614404349f,0.03599059223022934f,-0.9992896581587879f,-0.25908507079036397f,0f,0f,0f,1f], start_interpolation: 0, interpolation_duration: 1 }
$data merge entity $(bone_coat_downer) { transformation: [-1f,-1.6019136056047953e-17f,1.2141245861375348e-16f,-0.007812499999999968f,0f,0.9914079610405674f,0.1308061725813606f,1.2291588617353952f,-1.2246467991473532e-16f,0.1308061725813606f,-0.9914079610405674f,-0.2660592455158897f,0f,0f,0f,1f], start_interpolation: 0, interpolation_duration: 1 }
$data merge entity $(bone_body_2) { transformation: [-1f,-5.376385397744293e-18f,1.2234660725444535e-16f,3.138157422815092e-17f,0f,0.9990358635618679f,0.04390151839279327f,1.4523809375f,-1.2246467991473532e-16f,0.04390151839279327f,-0.9990358635618679f,-0.25625f,0f,0f,0f,1f], start_interpolation: 0, interpolation_duration: 1 }
$data merge entity $(bone_book_left) { transformation: [0.4379577949257869f,-0.334018471486363f,-0.8346404199232481f,-1.650398663211968f,0.06332338131454103f,0.9375701666569107f,-0.34198294105675187f,2.0692301743914845f,0.8967625768522209f,0.09692184119612197f,0.43176734181329435f,0.851047444041992f,0f,0f,0f,1f], start_interpolation: 0, interpolation_duration: 1 }
$data merge entity $(bone_book_right) { transformation: [-0.03498292959723537f,-0.334018471486363f,-0.9419171170239494f,-1.6308513367880326f,-0.11508797050134169f,0.9375701666569107f,-0.32820259237369664f,2.0667192006085155f,0.9927391166276653f,0.09692184119612197f,-0.07124045912595264f,0.9427025559580077f,0f,0f,0f,1f], start_interpolation: 0, interpolation_duration: 1 }
$data merge entity $(bone_book_loot_1) { transformation: [0.2085048151886425f,-0.334018471486363f,-0.9192156454005032f,-1.5027426531899248f,-0.026783720351665208f,0.9375701666569107f,-0.3467633413713975f,2.1199891887057096f,0.9776545271041677f,0.09692184119612197f,0.18654163699260262f,0.8688937544511094f,0f,0f,0f,1f], start_interpolation: 0, interpolation_duration: 1 }
$data merge entity $(bone_book_left2) { transformation: [0.18363964599879f,0.7159092971821608f,0.6736099454621971f,1.5467911125859588f,-0.06466731833465003f,0.6925778246773386f,-0.7184386506199475f,2.6292900715574965f,-0.9808642201430556f,0.08837327069510506f,0.17348068096997293f,-0.11099086851849854f,0f,0f,0f,1f], start_interpolation: 0, interpolation_duration: 1 }
$data merge entity $(bone_book_right2) { transformation: [-0.07135243251252359f,0.7159092971821608f,0.6945377661313248f,1.5414370124140406f,0.19848600840930034f,0.6925778246773386f,-0.6934978451523474f,2.6229093034425035f,-0.977503010143851f,0.08837327069510506f,-0.19151509127575478f,-0.017611631481501043f,0f,0f,0f,1f], start_interpolation: 0, interpolation_duration: 1 }
$data merge entity $(bone_book_loot_2) { transformation: [0.05711040183379369f,0.7159092971821608f,0.6958536341864772f,1.4397360173720282f,0.0680615265599222f,0.6925778246773386f,-0.7181250485587722f,2.733818444783816f,-0.9960451950613065f,0.08837327069510506f,-0.009172481776161283f,-0.0629253777335756f,0f,0f,0f,1f], start_interpolation: 0, interpolation_duration: 1 }
$data merge entity $(bone_air_staff_povit_1) { transformation: [-0.000015625f,0f,1.9135106236677393e-21f,-0.007217500000000053f,0f,0.000015625f,0f,1.6185034375f,-1.9135106236677393e-21f,0f,-0.000015625f,0.43125f,0f,0f,0f,1f], start_interpolation: 0, interpolation_duration: 1 }