# This file was generated by Animated Java via MC-Build. It is not recommended to edit this file directly.
$data merge entity $(bone_wing_right_1) { transformation: [-0.46512224937979135f,-0.03177279478172724f,-0.6705193711505179f,0.03742931063892559f,-0.12030548012992139f,0.8064890835094987f,0.04523708738592917f,1.5692811729045661f,0.660403156433278f,0.12454032333429743f,-0.4640062750450648f,-0.5534805528626174f,0f,0f,0f,1f], start_interpolation: 0, interpolation_duration: 1 }
$data merge entity $(bone_wing_right_2) { transformation: [-0.432857974021717f,0.1456068676628675f,-0.6568353023515278f,0.03742931063892559f,0.19345199010750644f,0.7749920047510142f,0.04431388152091021f,1.5692811729045661f,0.6443681415536151f,-0.13485559929573643f,-0.4545367592278186f,-0.5534805528626174f,0f,0f,0f,1f], start_interpolation: 0, interpolation_duration: 1 }
$data merge entity $(bone_wing_left_1) { transformation: [-0.568702005975678f,0.15051831474827976f,0.5664509773749377f,-0.0823506345221755f,0.1820477822346068f,0.7956022497973896f,-0.028637554805490996f,1.5764346997462018f,-0.5571185491680792f,0.10632846038156535f,-0.5875862703724319f,-0.541513891672261f,0f,0f,0f,1f], start_interpolation: 0, interpolation_duration: 1 }
$data merge entity $(bone_wing_left_2) { transformation: [-0.571114784072543f,-0.07696853424554137f,0.5548907533468778f,-0.0823506345221755f,-0.13349248633883515f,0.7882847067112478f,-0.028053114911501385f,1.5764346997462018f,-0.5440658595288336f,-0.11261911871993549f,-0.5755947138342191f,-0.541513891672261f,0f,0f,0f,1f], start_interpolation: 0, interpolation_duration: 1 }
$data merge entity $(bone_staff) { transformation: [1.445057713988854f,0.11820440132891154f,0.5824449954697711f,-0.4396786358116316f,0.41680518525647575f,0.8900119510814711f,-1.2147256539957776f,2.096866821444359f,-0.4236601123360839f,1.2787934533921526f,0.7915842739574543f,-0.9014368791509781f,0f,0f,0f,1f], start_interpolation: 0, interpolation_duration: 1 }
$data merge entity $(bone_arm_right_2) { transformation: [-0.23296431787657726f,0.9718236682034098f,0.035866202976762525f,-0.3521701289645132f,0.8231364244321191f,0.21669218269860763f,-0.5248722937347906f,2.084327228903473f,-0.5178552436438276f,-0.09275373780599117f,-0.8504250059550281f,-0.36620404052246813f,0f,0f,0f,1f], start_interpolation: 0, interpolation_duration: 1 }
$data merge entity $(bone_arm_right_1) { transformation: [-0.23441128057203187f,0.9718236682034098f,0.024700393929033282f,-0.27551555396909383f,0.8472619001911142f,0.21669218269860763f,-0.4849657415136208f,1.8056684945369827f,-0.4766535681447512f,-0.09275373780599117f,-0.8741842598090489f,-0.21224572466868497f,0f,0f,0f,1f], start_interpolation: 0, interpolation_duration: 1 }
$data merge entity $(bone_arm_left_2) { transformation: [-0.6143651802718988f,0.7861156476589991f,-0.06765806511532513f,0.4738067491000034f,0.7673053098793228f,0.6152348330610652f,0.1809106454007606f,1.4986682121133934f,0.1838422875740881f,0.05923080865559391f,-0.9811695697510858f,-0.44628182450506576f,0f,0f,0f,1f], start_interpolation: 0, interpolation_duration: 1 }
$data merge entity $(bone_arm_left_1) { transformation: [-0.4901659473959494f,0.8231369815007551f,-0.28667551988137535f,0.314706306622571f,0.6909831466406173f,0.5674385125332809f,0.4478345961989188f,1.7265932769500005f,0.5312999483079802f,0.021425316330057897f,-0.8469128176784755f,-0.2719038621545704f,0f,0f,0f,1f], start_interpolation: 0, interpolation_duration: 1 }
$data merge entity $(bone_himo_right_2) { transformation: [-0.9919894302411038f,0.03009647119255566f,-0.12268322098675959f,-0.1357730414438074f,0.07795211094838105f,0.9100756884725396f,-0.4070450953517613f,1.4516015485554452f,0.0994003958172286f,-0.4133478482742941f,-0.9051315471457116f,0.0001615721324742872f,0f,0f,0f,1f], start_interpolation: 0, interpolation_duration: 1 }
$data merge entity $(bone_himo_right_1) { transformation: [-0.9919894302411038f,0.06559507078662899f,-0.10795488399524847f,-0.12414868369628475f,0.07795211094838105f,0.9903554313921682f,-0.11454076964436637f,1.6365773121311995f,0.0994003958172286f,-0.12203854391350973f,-0.9875353943585257f,-0.02889275106604955f,0f,0f,0f,1f], start_interpolation: 0, interpolation_duration: 1 }
$data merge entity $(bone_himo_left_2) { transformation: [-0.9919894302411038f,0.03009647119255566f,-0.12268322098675959f,0.17463137892097316f,0.07795211094838105f,0.9100756884725396f,-0.4070450953517613f,1.4330635007223518f,0.0994003958172286f,-0.4133478482742941f,-0.9051315471457116f,-0.030849500092499337f,0f,0f,0f,1f], start_interpolation: 0, interpolation_duration: 1 }
$data merge entity $(bone_himo_left_1) { transformation: [-0.9919894302411038f,0.06559507078662899f,-0.10795488399524847f,0.1862557366684958f,0.07795211094838105f,0.9903554313921682f,-0.11454076964436637f,1.618039264298106f,0.0994003958172286f,-0.12203854391350973f,-0.9875353943585257f,-0.05990382329102317f,0f,0f,0f,1f], start_interpolation: 0, interpolation_duration: 1 }
$data merge entity $(bone_ponpon1) { transformation: [-0.9988602370657804f,0.02185985066708428f,-0.042430811183686634f,0.3281975069668286f,0.023442275949118057f,0.9990342529551753f,-0.037162092522085015f,2.32040603289392f,0.04157747596016734f,-0.038114411330983214f,-0.9984080353951857f,-0.2513592918047291f,0f,0f,0f,1f], start_interpolation: 0, interpolation_duration: 1 }
$data merge entity $(bone_ponpon2) { transformation: [-0.9988602370657804f,0.02185985066708428f,-0.042430811183686634f,0.3589443959749392f,0.023442275949118057f,0.9990342529551753f,-0.037162092522085015f,2.1911637197524856f,0.04157747596016734f,-0.038114411330983214f,-0.9984080353951857f,-0.3417548990551611f,0f,0f,0f,1f], start_interpolation: 0, interpolation_duration: 1 }
$data merge entity $(bone_ponpon3) { transformation: [-0.9988602370657804f,0.02185985066708428f,-0.042430811183686634f,-0.25863288230931747f,0.023442275949118057f,0.9990342529551753f,-0.037162092522085015f,2.3341783700140266f,0.04157747596016734f,-0.038114411330983214f,-0.9984080353951857f,-0.2269325246781308f,0f,0f,0f,1f], start_interpolation: 0, interpolation_duration: 1 }
$data merge entity $(bone_ponpon4) { transformation: [-0.9988602370657804f,0.02185985066708428f,-0.042430811183686634f,-0.30280051108114026f,0.023442275949118057f,0.9990342529551753f,-0.037162092522085015f,2.2066942275687764f,0.04157747596016734f,-0.038114411330983214f,-0.9984080353951857f,-0.3142098212315503f,0f,0f,0f,1f], start_interpolation: 0, interpolation_duration: 1 }
$data merge entity $(bone_ear_edge_a1) { transformation: [-0.9832352479683716f,0.1765273356845613f,-0.045678735848149514f,0.2311607423103499f,0.1793280107974886f,0.9815079481934268f,-0.06695978029044786f,2.42933228452863f,0.033013810685690405f,-0.07402869301317877f,-0.9967095067845847f,-0.2765022956704899f,0f,0f,0f,1f], start_interpolation: 0, interpolation_duration: 1 }
$data merge entity $(bone_ear_edge_a2) { transformation: [-0.9987449498033213f,0.020542111227334237f,-0.045678735848149514f,0.11632730403285296f,0.02357851459842511f,0.9974770380679381f,-0.06695978029044786f,2.4421001339169424f,0.04418799488201569f,-0.06795277914505797f,-0.9967095067845847f,-0.2720972871159376f,0f,0f,0f,1f], start_interpolation: 0, interpolation_duration: 1 }
$data merge entity $(bone_ear_edge_b1) { transformation: [-0.9643986318106518f,0.2597175529230042f,-0.0498203940713977f,0.09428568367850035f,0.26366570912488707f,0.9588354031859285f,-0.10542800116168485f,2.4399283461649772f,0.020388055165054025f,-0.11481054960657709f,-0.9931781637277485f,-0.26621514566217713f,0f,0f,0f,1f], start_interpolation: 0, interpolation_duration: 1 }
$data merge entity $(bone_ear_edge_b2) { transformation: [-0.9974547406803341f,-0.05100949547778459f,-0.0498203940713977f,0.12353882682310549f,-0.045535443606000134f,0.99338384320798f,-0.10542800116168485f,2.4491761149759346f,0.054868603681269945f,-0.1028910658145075f,-0.9931781637277485f,-0.26866422981351035f,0f,0f,0f,1f], start_interpolation: 0, interpolation_duration: 1 }
$data merge entity $(bone_ear_right_2) { transformation: [-0.9931540607783519f,0.10565481481712201f,-0.0498203940713977f,0.18164383469794845f,0.11042464335837517f,0.9882769524329844f,-0.10542800116168485f,2.5486255879493185f,0.03809737128261411f,-0.11020764672077993f,-0.9931781637277485f,-0.31360035021158944f,0f,0f,0f,1f], start_interpolation: 0, interpolation_duration: 1 }
$data merge entity $(bone_ear_right_1) { transformation: [-0.9931540607783519f,0.10751030020786234f,-0.045678735848149514f,0.15745401715117946f,0.11042464335837517f,0.9916263338388259f,-0.06695978029044786f,2.325509662835583f,0.03809737128261411f,-0.07154543581937789f,-0.9967095067845847f,-0.2975026271522294f,0f,0f,0f,1f], start_interpolation: 0, interpolation_duration: 1 }
$data merge entity $(bone_ear_edge_a3) { transformation: [-0.9899822440789311f,-0.13466544720431356f,-0.042430811183686634f,-0.15882757389999214f,-0.13312972628595182f,0.990401663396426f,-0.037162092522085015f,2.437725736739802f,0.04702799578411758f,-0.031141009470707484f,-0.9984080353951857f,-0.25693814958986283f,0f,0f,0f,1f], start_interpolation: 0, interpolation_duration: 1 }
$data merge entity $(bone_ear_edge_a4) { transformation: [-0.9988602370657803f,0.021859850667084263f,-0.042430811183686634f,-0.04355355545820783f,0.02344227594911806f,0.9990342529551753f,-0.037162092522085015f,2.4450931884566547f,0.041577475960167344f,-0.038114411330983214f,-0.9984080353951857f,-0.26211134516735785f,0f,0f,0f,1f], start_interpolation: 0, interpolation_duration: 1 }
$data merge entity $(bone_ear_edge_b3) { transformation: [-0.9744781956828621f,-0.2204356423107837f,-0.042430811183686634f,-0.021336959008833603f,-0.21894232007630215f,0.9750298658805207f,-0.037162092522085015f,2.440254057204744f,0.04956315787235027f,-0.026923748625445127f,-0.9984080353951857f,-0.2628753974773691f,0f,0f,0f,1f], start_interpolation: 0, interpolation_duration: 1 }
$data merge entity $(bone_ear_edge_b4) { transformation: [-0.9949021976317192f,0.09148356907046137f,-0.042430811183686634f,-0.05019258184788144f,0.09307427837886019f,0.9949654052195155f,-0.037162092522085015f,2.450927921291924f,0.03881746838512248f,-0.04092186465076696f,-0.9984080353951857f,-0.2620463733407918f,0f,0f,0f,1f], start_interpolation: 0, interpolation_duration: 1 }
$data merge entity $(bone_ear_left_2) { transformation: [-0.996964483820837f,-0.06527973852694335f,-0.042430811183686634f,-0.10694898328382786f,-0.06371850133494508f,0.9972757549780344f,-0.037162092522085015f,2.55575727669292f,0.04474115094049731f,-0.03434565868993214f,-0.9984080353951857f,-0.2948360313674223f,0f,0f,0f,1f], start_interpolation: 0, interpolation_duration: 1 }
$data merge entity $(bone_ear_left_1) { transformation: [-0.996964483820837f,-0.06527973852694335f,-0.042430811183686634f,-0.09226104211526563f,-0.06371850133494508f,0.9972757549780344f,-0.037162092522085015f,2.3313702318228624f,0.04474115094049731f,-0.03434565868993214f,-0.9984080353951857f,-0.2871082581621876f,0f,0f,0f,1f], start_interpolation: 0, interpolation_duration: 1 }
$data merge entity $(bone_head) { transformation: [-0.9988602370657804f,0.02185985066708428f,-0.042430811183686634f,0.022719276900566424f,0.023442275949118057f,0.9990342529551753f,-0.037162092522085015f,1.8175962080810104f,0.04157747596016734f,-0.038114411330983214f,-0.9984080353951857f,-0.24157155574398007f,0f,0f,0f,1f], start_interpolation: 0, interpolation_duration: 1 }
$data merge entity $(bone_body_1) { transformation: [-0.9932941451672979f,0.06058473840151038f,-0.09846944017911148f,3.0032192995342086e-17f,0.05932175306589947f,0.9981153423033924f,0.015706465922357866f,1.4433029547172382f,0.09923543111991558f,0.00975976082710514f,-0.9950161186026296f,-0.2452314660541445f,0f,0f,0f,1f], start_interpolation: 0, interpolation_duration: 1 }
$data merge entity $(bone_leg_left_2) { transformation: [-0.9501104557095043f,-0.30811561545706306f,-0.048527203329611565f,0.23589326018016976f,-0.3116101379811855f,0.9307665179828237f,0.1912401916686871f,0.8376236516257346f,-0.013756593285577209f,0.19682087418169053f,-0.9803429500065425f,-0.24973365627993824f,0f,0f,0f,1f], start_interpolation: 0, interpolation_duration: 1 }
$data merge entity $(bone_leg_left_1) { transformation: [-0.9501104557095043f,-0.30733029355013963f,0.053274877924433105f,0.12500000000000003f,-0.3116101379811855f,0.9427712746789283f,-0.11866526681221898f,1.1778171184043615f,-0.013756593285577209f,-0.12934610278881067f,-0.991504080593984f,-0.2967574466081947f,0f,0f,0f,1f], start_interpolation: 0, interpolation_duration: 1 }
$data merge entity $(bone_leg_right_2) { transformation: [-0.9612044736378221f,0.27135869644377963f,0.04950169414242145f,-0.2298317416047893f,0.2755684330088202f,0.9367645756862711f,0.21571779821883855f,0.8435555986860718f,0.012165467015309326f,0.22099001697735762f,-0.9752001916574087f,-0.2201172643714821f,0f,0f,0f,1f], start_interpolation: 0, interpolation_duration: 1 }
$data merge entity $(bone_leg_right_1) { transformation: [-0.9612044736378221f,0.26929945820284434f,-0.05969725010661464f,-0.12499999999999997f,0.2755684330088202f,0.947055699711058f,-0.16476510666358252f,1.2125792472262988f,0.012165467015309326f,-0.17482363529126388f,-0.984524605053549f,-0.29627788857886317f,0f,0f,0f,1f], start_interpolation: 0, interpolation_duration: 1 }
$data merge entity $(bone_skirt_forward_right) { transformation: [-0.9670676782889925f,0.25417055201271477f,0.013320514190131206f,3.2368621758694217e-17f,0.22077815245311347f,0.8637555724077349f,-0.4529716531240953f,1.2657213682983637f,-0.12663772347972538f,-0.435113366404823f,-0.8914254008988832f,-0.26430985473714147f,0f,0f,0f,1f], start_interpolation: 0, interpolation_duration: 1 }
$data merge entity $(bone_skirt_forward_left) { transformation: [-0.9670676782889925f,-0.25417055201271466f,-0.013320514190130988f,3.419359051275507e-17f,-0.22077815245311347f,0.8637555724077349f,-0.4529716531240953f,1.2766276049604914f,0.12663772347972516f,-0.4351133664048231f,-0.8914254008988832f,-0.27921185550447675f,0f,0f,0f,1f], start_interpolation: 0, interpolation_duration: 1 }
$data merge entity $(bone_skirt_forward) { transformation: [-1f,6.093307853712937e-17f,1.0622974049957292e-16f,3.2368621758694217e-17f,0f,0.8674316592631784f,-0.49755634505845564f,1.2657213682983637f,-1.2246467991473532e-16f,-0.49755634505845564f,-0.8674316592631784f,-0.26430985473714147f,0f,0f,0f,1f], start_interpolation: 0, interpolation_duration: 1 }
$data merge entity $(bone_skirt_back_right) { transformation: [-0.9669628599500919f,0.2549172953668285f,1.1710756880550722e-16f,3.2202848241049596e-17f,0.24376615957898498f,0.924663909078247f,0.29253156187366863f,1.2968872146716048f,0.07457135456226954f,0.28286715569502996f,-0.9562558681167671f,-0.2629562112396038f,0f,0f,0f,1f], start_interpolation: 0, interpolation_duration: 1 }
$data merge entity $(bone_skirt_back_left) { transformation: [-0.9669628599500919f,-0.2549172953668286f,1.1710756880550722e-16f,3.2202848241049596e-17f,-0.24376615957898498f,0.924663909078247f,0.29253156187366863f,1.2968872146716048f,-0.07457135456226979f,0.28286715569502985f,-0.9562558681167671f,-0.2629562112396038f,0f,0f,0f,1f], start_interpolation: 0, interpolation_duration: 1 }
$data merge entity $(bone_skirt_back) { transformation: [-1f,-3.5824784089816426e-17f,1.1710756880550722e-16f,3.2202848241049596e-17f,0f,0.9562558681167671f,0.29253156187366863f,1.2968872146716048f,-1.2246467991473532e-16f,0.29253156187366863f,-0.9562558681167671f,-0.2629562112396038f,0f,0f,0f,1f], start_interpolation: 0, interpolation_duration: 1 }
$data merge entity $(bone_skirt_right) { transformation: [-0.9664991433022799f,0.2566687679891347f,-0.0007413062112183292f,-0.19374999999999998f,0.2564200863509099f,0.9656820452662221f,0.041314970243703064f,1.3896273478276082f,0.011320128610176896f,0.039740797543405135f,-0.9991458971035526f,-0.2587822986256434f,0f,0f,0f,1f], start_interpolation: 0, interpolation_duration: 1 }
$data merge entity $(bone_skirt_left) { transformation: [-0.9664663479250997f,-0.25679212234604715f,0.0007773218978306569f,0.19375000000000003f,-0.25654342655579404f,0.9656550097896446f,0.04118097083815811f,1.38915515800599f,-0.01132557368666066f,0.03960060566675836f,-0.999151401646164f,-0.25892274178430763f,0f,0f,0f,1f], start_interpolation: 0, interpolation_duration: 1 }
$data merge entity $(bone_coat_downer) { transformation: [-1f,-1.6043725384280508e-17f,1.2140921176917495e-16f,-0.007812499999999968f,0f,0.9913814485425901f,0.13100695968381065f,1.2255741732918082f,-1.2246467991473532e-16f,0.13100695968381065f,-0.9913814485425901f,-0.2661044544661403f,0f,0f,0f,1f], start_interpolation: 0, interpolation_duration: 1 }
$data merge entity $(bone_body_2) { transformation: [-1f,-5.401164137310029e-18f,1.2234551586625647e-16f,3.138157422815092e-17f,0f,0.999026951700998f,0.044103852156152534f,1.4487942578125f,-1.2246467991473532e-16f,0.044103852156152534f,-0.999026951700998f,-0.25625f,0f,0f,0f,1f], start_interpolation: 0, interpolation_duration: 1 }
$data merge entity $(bone_book_left) { transformation: [0.4375024592476526f,-0.33418568829324585f,-0.8348122686521954f,-1.650363867354601f,0.06353147519828772f,0.9375442326938882f,-0.3420154432208548f,2.0786702750639896f,0.8969700941566476f,0.09659574256869662f,0.4314092172244546f,0.8510399147106065f,0f,0f,0f,1f], start_interpolation: 0, interpolation_duration: 1 }
$data merge entity $(bone_book_right) { transformation: [-0.03599227766019597f,-0.33418568829324585f,-0.9418197713409932f,-1.6308861326453992f,-0.11510792095173647f,0.9375442326938882f,-0.328269673099111f,2.0761682405610102f,0.99270072150825f,0.09659574256869662f,-0.07221177213309438f,0.9427100852893932f,0f,0f,0f,1f], start_interpolation: 0, interpolation_duration: 1 }
$data merge entity $(bone_book_loot_1) { transformation: [0.20776250356481885f,-0.33418568829324585f,-0.9193229399141783f,-1.5027265590128733f,-0.02668836803177682f,0.9375442326938882f,-0.34684080318530697f,2.129445378290296f,0.9778151528403919f,0.09659574256869662f,0.1858676663471165f,0.8689948500479323f,0f,0f,0f,1f], start_interpolation: 0, interpolation_duration: 1 }
$data merge entity $(bone_book_left2) { transformation: [0.18490311911559024f,0.7153842503830072f,0.6738220913900553f,1.547267629375484f,-0.06391783389256417f,0.6929472616759834f,-0.7181494294687135f,2.6387830023840726f,-0.9806759643489831f,0.08971882098923714f,0.173853921751834f,-0.11071394423329706f,0f,0f,0f,1f], start_interpolation: 0, interpolation_duration: 1 }
$data merge entity $(bone_book_right2) { transformation: [-0.07092414393249916f,0.7153842503830072f,0.695122392180963f,1.5418323706245158f,0.19975268704721982f,0.6929472616759834f,-0.692764719477812f,2.632305513240927f,-0.9772761277268862f,0.08971882098923714f,-0.19204661761000547f,-0.017346055766702416f,0f,0f,0f,1f], start_interpolation: 0, interpolation_duration: 1 }
$data merge entity $(bone_book_loot_2) { transformation: [0.0579760933436594f,0.7153842503830072f,0.6963218701897489f,1.4401017194715375f,0.06909321752688363f,0.6929472616759834f,-0.717669993679225f,2.7431947568643835f,-0.9959241436436761f,0.08971882098923714f,-0.009253824501859768f,-0.06264192632472076f,0f,0f,0f,1f], start_interpolation: 0, interpolation_duration: 1 }
$data merge entity $(bone_air_staff_povit_1) { transformation: [-0.000015625f,0f,1.9135106236677393e-21f,-0.007217500000000053f,0f,0.000015625f,0f,1.6149167578124999f,-1.9135106236677393e-21f,0f,-0.000015625f,0.43125f,0f,0f,0f,1f], start_interpolation: 0, interpolation_duration: 1 }