# This file was generated by Animated Java via MC-Build. It is not recommended to edit this file directly.
$data merge entity $(bone_wing_right_1) { transformation: [-0.4682450278968161f,-0.02948138992569348f,-0.6684473696128989f,0.039132111793990766f,-0.12871513423758532f,0.8046037358397546f,0.05467802973183215f,1.49935615120231f,0.6565999181484526f,0.13670450016442012f,-0.4659751834236302f,-0.5513843442276113f,0f,0f,0f,1f], start_interpolation: 0, interpolation_duration: 1 }
$data merge entity $(bone_wing_right_2) { transformation: [-0.4348251790645253f,0.14885129311455492f,-0.6548055865595744f,0.039132111793990766f,0.1851342771706614f,0.7764382752899656f,0.053562151574039665f,1.49935615120231f,0.6454861447529299f,-0.12242098350719338f,-0.4564654858027398f,-0.5513843442276113f,0f,0f,0f,1f], start_interpolation: 0, interpolation_duration: 1 }
$data merge entity $(bone_wing_left_1) { transformation: [-0.5657738046892989f,0.1528440288199079f,0.5687557904988206f,-0.08067037728586218f,0.1925315742022895f,0.7933511756612154f,-0.021678317660744347f,1.5067499897969758f,-0.5565752773049011f,0.1190674572480281f,-0.5856546301037037f,-0.5397953861112438f,0f,0f,0f,1f], start_interpolation: 0, interpolation_duration: 1 }
$data merge entity $(bone_wing_left_2) { transformation: [-0.5693365378763685f,-0.07376599996161183f,0.5571485294682325f,-0.08067037728586218f,-0.123160525915337f,0.7901775251672322f,-0.02123590301460671f,1.5067499897969758f,-0.5483496981810131f,-0.10088635175409834f,-0.5737024947954649f,-0.5397953861112438f,0f,0f,0f,1f], start_interpolation: 0, interpolation_duration: 1 }
$data merge entity $(bone_staff) { transformation: [0.9680598884192596f,-1.0964775127869015f,0.5495483294364034f,-0.0984097530508598f,0.9124458574746225f,0.17601550977467548f,-1.256131898924696f,2.236269227312657f,0.8195784645847479f,1.099164161657126f,0.7493567482297708f,-0.8186584211801353f,0f,0f,0f,1f], start_interpolation: 0, interpolation_duration: 1 }
$data merge entity $(bone_arm_right_2) { transformation: [-0.26300219202771374f,0.9632764762511716f,0.054113559204176334f,-0.3610407281022249f,0.8344287730086315f,0.2552617362117257f,-0.4884363508191065f,2.0105469190368703f,-0.48431236796506405f,-0.08330592012157165f,-0.8709200043108272f,-0.35643752114320637f,0f,0f,0f,1f], start_interpolation: 0, interpolation_duration: 1 }
$data merge entity $(bone_arm_right_1) { transformation: [-0.2645267048884219f,0.9632764762511716f,0.04608744625166453f,-0.27438790083939485f,0.8489017867474984f,0.2552617362117257f,-0.46282523967808886f,1.7316183979954478f,-0.4575930275449778f,-0.08330592012157165f,-0.8852506677856391f,-0.20785252258864417f,0f,0f,0f,1f], start_interpolation: 0, interpolation_duration: 1 }
$data merge entity $(bone_arm_left_2) { transformation: [-0.6301003183066025f,0.7725940279728664f,-0.07792340348431956f,0.4871354302432044f,0.760769261924968f,0.6343136508542748f,0.13739112944459148f,1.4241278425295933f,0.15557544465646794f,0.027288464240093478f,-0.9874470217380573f,-0.4296254386359174f,0f,0f,0f,1f], start_interpolation: 0, interpolation_duration: 1 }
$data merge entity $(bone_arm_left_1) { transformation: [-0.5254330911810648f,0.7972557585488068f,-0.2971587490764447f,0.31579560611932816f,0.6900984822190618f,0.6036232704739838f,0.39925309288875777f,1.651374948893928f,0.49767876339146533f,0.004711985044371342f,-0.8673486298289077f,-0.26631828278377656f,0f,0f,0f,1f], start_interpolation: 0, interpolation_duration: 1 }
$data merge entity $(bone_himo_right_2) { transformation: [-0.9923007590064761f,0.03287404722789622f,-0.11940896404386697f,-0.1363247434620184f,0.0776293225009218f,0.9163255232319255f,-0.3928374011748196f,1.3738281482208134f,0.09650332617697353f,-0.39908248833116733f,-0.9118225022142108f,-0.00035046974956832316f,0f,0f,0f,1f], start_interpolation: 0, interpolation_duration: 1 }
$data merge entity $(bone_himo_right_1) { transformation: [-0.9923007590064761f,0.0672595040817304f,-0.10399693642531571f,-0.12436356729935218f,0.0776293225009218f,0.9920436687049805f,-0.0991112893186794f,1.5592168905447554f,0.09650332617697353f,-0.10642141933390473f,-0.9896269951571339f,-0.026489654594407525f,0f,0f,0f,1f], start_interpolation: 0, interpolation_duration: 1 }
$data merge entity $(bone_himo_left_2) { transformation: [-0.9923007590064761f,0.03287404722789622f,-0.11940896404386697f,0.17413809846927314f,0.0776293225009218f,0.9163255232319255f,-0.3928374011748196f,1.354667343128098f,0.09650332617697353f,-0.39908248833116733f,-0.9118225022142108f,-0.030382741194546627f,0f,0f,0f,1f], start_interpolation: 0, interpolation_duration: 1 }
$data merge entity $(bone_himo_left_1) { transformation: [-0.9923007590064761f,0.0672595040817304f,-0.10399693642531571f,0.18609927463193937f,0.0776293225009218f,0.9920436687049805f,-0.0991112893186794f,1.54005608545204f,0.09650332617697353f,-0.10642141933390473f,-0.9896269951571339f,-0.05652192603938583f,0f,0f,0f,1f], start_interpolation: 0, interpolation_duration: 1 }
$data merge entity $(bone_ponpon1) { transformation: [-0.9974874123364408f,0.03695472203120605f,-0.060441796382532116f,0.33716237003328975f,0.039100291382523494f,0.9986322936323335f,-0.03470892289349413f,2.2408888406567757f,0.05907647115521489f,-0.03698500553225666f,-0.9975680828503016f,-0.2501552651378981f,0f,0f,0f,1f], start_interpolation: 0, interpolation_duration: 1 }
$data merge entity $(bone_ponpon2) { transformation: [-0.9974874123364408f,0.03695472203120605f,-0.060441796382532116f,0.3642823893311431f,0.039100291382523494f,0.9986322936323335f,-0.03470892289349413f,2.1113395815046245f,0.05907647115521489f,-0.03698500553225666f,-0.9975680828503016f,-0.3412695148819023f,0f,0f,0f,1f], start_interpolation: 0, interpolation_duration: 1 }
$data merge entity $(bone_ponpon3) { transformation: [-0.9974874123364408f,0.03695472203120605f,-0.060441796382532116f,-0.24886148471436917f,0.039100291382523494f,0.9986322936323335f,-0.03470892289349413f,2.2638602618440085f,0.05907647115521489f,-0.03698500553225666f,-0.9975680828503016f,-0.21544783833420933f,0f,0f,0f,1f], start_interpolation: 0, interpolation_duration: 1 }
$data merge entity $(bone_ponpon4) { transformation: [-0.9974874123364408f,0.03695472203120605f,-0.060441796382532116f,-0.2965530213417489f,0.039100291382523494f,0.9986322936323335f,-0.03470892289349413f,2.1372435245455463f,0.05907647115521489f,-0.03698500553225666f,-0.9975680828503016f,-0.3021313527415725f,0f,0f,0f,1f], start_interpolation: 0, interpolation_duration: 1 }
$data merge entity $(bone_ear_edge_a1) { transformation: [-0.9795076921822328f,0.19136854180959764f,-0.06279141789690947f,0.2414666134772434f,0.19478064155758773f,0.9793804042124773f,-0.05361460173329001f,2.3511067837952413f,0.05123653608754774f,-0.06474646747331504f,-0.9965855268462795f,-0.2722175189515178f,0f,0f,0f,1f], start_interpolation: 0, interpolation_duration: 1 }
$data merge entity $(bone_ear_edge_a2) { transformation: [-0.997384962555156f,0.03578371567271402f,-0.06279141789690947f,0.12694342082900056f,0.03917371903620619f,0.9977930117102711f,-0.05361460173329001f,2.365674151180679f,0.060734308308585665f,-0.05593417090474559f,-0.9965855268462795f,-0.2657855069714963f,0f,0f,0f,1f], start_interpolation: 0, interpolation_duration: 1 }
$data merge entity $(bone_ear_edge_b1) { transformation: [-0.9593498200487665f,0.27444223055899464f,-0.06579806120398196f,0.10479819183439999f,0.27914381131266597f,0.9570719949204904f,-0.07805081130104577f,2.363200721437196f,0.04155304294799737f,-0.09324515335778208f,-0.9947756963240737f,-0.261247905288237f,0f,0f,0f,1f], start_interpolation: 0, interpolation_duration: 1 }
$data merge entity $(bone_ear_edge_b2) { transformation: [-0.9972032109808591f,-0.03544532622590767f,-0.06579806120398196f,0.1341675348332827f,-0.030269970538389174f,0.9964897389029421f,-0.07805081130104577f,2.3720192647899094f,0.06833362929823814f,-0.0758408142749363f,-0.9947756963240737f,-0.26388240902713833f,0f,0f,0f,1f], start_interpolation: 0, interpolation_duration: 1 }
$data merge entity $(bone_ear_right_2) { transformation: [-0.9904708553361541f,0.12098801540427111f,-0.06579806120398196f,0.19332034166084536f,0.12598804225243576f,0.9889565632850853f,-0.07805081130104577f,2.471644755249456f,0.05562821171910494f,-0.0855968227441232f,-0.9947756963240737f,-0.3070257935300483f,0f,0f,0f,1f], start_interpolation: 0, interpolation_duration: 1 }
$data merge entity $(bone_ear_right_1) { transformation: [-0.9904708553361541f,0.12257537504802006f,-0.06279141789690947f,0.16574088227504088f,0.12598804225243576f,0.9905818934799784f,-0.05361460173329001f,2.248763829216461f,0.05562821171910494f,-0.06101466824836518f,-0.9965855268462795f,-0.29329749317416615f,0f,0f,0f,1f], start_interpolation: 0, interpolation_duration: 1 }
$data merge entity $(bone_ear_edge_a3) { transformation: [-0.9909876792267792f,-0.11954166165305882f,-0.060441796382532116f,-0.14797368513401726f,-0.11760160671388185f,0.9924541061277781f,-0.03470892289349413f,2.3658758752267692f,0.06413487131845927f,-0.027288062579425894f,-0.9975680828503016f,-0.2470383557538421f,0f,0f,0f,1f], start_interpolation: 0, interpolation_duration: 1 }
$data merge entity $(bone_ear_edge_a4) { transformation: [-0.9974874123364408f,0.03695472203120604f,-0.060441796382532116f,-0.03270567872873364f,0.0391002913825235f,0.9986322936323336f,-0.03470892289349413f,2.3714357075506f,0.05907647115521489f,-0.036985005532256664f,-0.9975680828503016f,-0.25421579184776694f,0f,0f,0f,1f], start_interpolation: 0, interpolation_duration: 1 }
$data merge entity $(bone_ear_edge_b3) { transformation: [-0.9767979296092995f,-0.2054570367766425f,-0.060441796382532116f,-0.010584951444046975f,-0.2036521718579694f,0.9784278632424088f,-0.03470892289349413f,2.3662485676499934f,0.06626913013249992f,-0.02159450091703405f,-0.9975680828503016f,-0.2553755888334733f,0f,0f,0f,1f], start_interpolation: 0, interpolation_duration: 1 }
$data merge entity $(bone_ear_edge_b4) { transformation: [-0.9924797520364401f,0.10644590667441828f,-0.060441796382532116f,-0.03924964839108462f,0.10866611240868895f,0.9934721771069162f,-0.03470892289349413f,2.3773741761436162f,0.05635262027331665f,-0.04101587822667428f,-0.9975680828503016f,-0.25402591865853696f,0f,0f,0f,1f], start_interpolation: 0, interpolation_duration: 1 }
$data merge entity $(bone_ear_left_2) { transformation: [-0.9969124878294802f,-0.05012265814668039f,-0.060441796382532116f,-0.09490856889207236f,-0.048085036314211224f,0.9982400111968236f,-0.03470892289349413f,2.4831429045813773f,0.062075122974485086f,-0.031695412697684604f,-0.9975680828503016f,-0.2856598432423415f,0f,0f,0f,1f], start_interpolation: 0, interpolation_duration: 1 }
$data merge entity $(bone_ear_left_1) { transformation: [-0.9969124878294802f,-0.05012265814668039f,-0.060441796382532116f,-0.0836309708090693f,-0.048085036314211224f,0.9982400111968236f,-0.03470892289349413f,2.2585389020620923f,0.062075122974485086f,-0.031695412697684604f,-0.9975680828503016f,-0.27852837538536246f,0f,0f,0f,1f], start_interpolation: 0, interpolation_duration: 1 }
$data merge entity $(bone_head) { transformation: [-0.9974874123364408f,0.03695472203120605f,-0.060441796382532116f,0.024004466828946826f,0.039100291382523494f,0.9986322936323335f,-0.03470892289349413f,1.7429369689931271f,0.05907647115521489f,-0.03698500553225666f,-0.9975680828503016f,-0.23578411635541083f,0f,0f,0f,1f], start_interpolation: 0, interpolation_duration: 1 }
$data merge entity $(bone_body_1) { transformation: [-0.9934810941801329f,0.06401191154385812f,-0.09432810125910082f,3.0034219894653447e-17f,0.061314576296689384f,0.9976299742727609f,0.031224304092933718f,1.3688257286408418f,0.09610326862393054f,0.02523706823368801f,-0.9950513816616532f,-0.24524801694304382f,0f,0f,0f,1f], start_interpolation: 0, interpolation_duration: 1 }
$data merge entity $(bone_leg_left_2) { transformation: [-0.9514406817276334f,-0.3045128783077564f,-0.04508365666604289f,0.2331134279688855f,-0.30749042334353677f,0.9332378942247738f,0.1857866312061293f,0.7661980939811023f,-0.014500645008709517f,0.19062775172475627f,-0.9815552921596908f,-0.2387921489251162f,0f,0f,0f,1f], start_interpolation: 0, interpolation_duration: 1 }
$data merge entity $(bone_leg_left_1) { transformation: [-0.9514406817276334f,-0.3014214385690616f,0.0624959640665981f,0.12500000000000003f,-0.30749042334353677f,0.9401558061577311f,-0.14682200005421264f,1.1035321309888753f,-0.014500645008709517f,-0.15890933427229545f,-0.9871866868913232f,-0.29833930952093823f,0f,0f,0f,1f], start_interpolation: 0, interpolation_duration: 1 }
$data merge entity $(bone_leg_right_2) { transformation: [-0.962960704736036f,0.26609171965684586f,0.043610524696906995f,-0.22716016219936744f,0.2693424380695387f,0.9416090344426543f,0.20205711398198495f,0.7679344703017956f,0.012701660876973568f,0.2063192259243785f,-0.9784022919152079f,-0.2164339332487339f,0f,0f,0f,1f], start_interpolation: 0, interpolation_duration: 1 }
$data merge entity $(bone_leg_right_1) { transformation: [-0.962960704736036f,0.2622936975830121f,-0.06251957567441081f,-0.12499999999999997f,0.2693424380695387f,0.9466010110552019f,-0.17720377231883688f,1.1370000593826823f,0.012701660876973568f,-0.18747944441325007f,-0.9821864007068442f,-0.2974315124732764f,0f,0f,0f,1f], start_interpolation: 0, interpolation_duration: 1 }
$data merge entity $(bone_skirt_forward_right) { transformation: [-0.9802159400585714f,0.19765981836098037f,0.010358912133788385f,3.241470558017071e-17f,0.18201779983289185f,0.9207333808835219f,-0.34513701898056776f,1.1954589230405586f,-0.07775751667256758f,-0.3364233011137958f,-0.9384951417394827f,-0.26468615769656273f,0f,0f,0f,1f], start_interpolation: 0, interpolation_duration: 1 }
$data merge entity $(bone_skirt_forward_left) { transformation: [-0.9802159400585714f,-0.19765981836098026f,-0.010358912133788156f,3.407120977605472e-17f,-0.18201779983289185f,0.9207333808835219f,-0.34513701898056776f,1.2080308195166f,0.07775751667256733f,-0.3364233011137958f,-0.9384951417394827f,-0.27821254095283987f,0f,0f,0f,1f], start_interpolation: 0, interpolation_duration: 1 }
$data merge entity $(bone_skirt_forward) { transformation: [-1f,4.811043107363648e-17f,1.126187562021862e-16f,3.241470558017071e-17f,0f,0.9196019315985292f,-0.39285148262448266f,1.1954589230405586f,-1.2246467991473532e-16f,-0.39285148262448266f,-0.9196019315985292f,-0.26468615769656273f,0f,0f,0f,1f], start_interpolation: 0, interpolation_duration: 1 }
$data merge entity $(bone_skirt_back_right) { transformation: [-0.9790542860306997f,0.20359937378321383f,1.1670115553926277e-16f,3.22344311106268e-17f,0.19401742775234596f,0.9329773008429902f,0.3031676002479349f,1.2266742327568572f,0.061724733561839135f,0.29681753840838243f,-0.9529372519530908f,-0.2632141049408668f,0f,0f,0f,1f], start_interpolation: 0, interpolation_duration: 1 }
$data merge entity $(bone_skirt_back_left) { transformation: [-0.9790542860306997f,-0.20359937378321388f,1.1670115553926277e-16f,3.22344311106268e-17f,-0.19401742775234596f,0.9329773008429902f,0.3031676002479349f,1.2266742327568572f,-0.06172473356183937f,0.29681753840838243f,-0.9529372519530908f,-0.2632141049408668f,0f,0f,0f,1f], start_interpolation: 0, interpolation_duration: 1 }
$data merge entity $(bone_skirt_back) { transformation: [-1f,-3.712732312488178e-17f,1.1670115553926277e-16f,3.22344311106268e-17f,0f,0.9529372519530908f,0.3031676002479349f,1.2266742327568572f,-1.2246467991473532e-16f,0.3031676002479349f,-0.9529372519530908f,-0.2632141049408668f,0f,0f,0f,1f], start_interpolation: 0, interpolation_duration: 1 }
$data merge entity $(bone_skirt_right) { transformation: [-0.9735470095867871f,0.22820964219698878f,-0.011250748106086651f,-0.19374999999999998f,0.22823316443641173f,0.9736061441146172f,-0.000835938759154782f,1.3074017014823194f,0.010763028196846549f,-0.003381619521701941f,-0.999936358911628f,-0.2582859112373345f,0f,0f,0f,1f], start_interpolation: 0, interpolation_duration: 1 }
$data merge entity $(bone_skirt_left) { transformation: [-0.9730444412441375f,-0.2303106635249653f,0.011895950175359049f,0.19375000000000003f,-0.23036167607427263f,0.9731001625190056f,-0.0030938490164578655f,1.3007682988370726f,-0.010863404629133412f,-0.005750823608404711f,-0.999924454380274f,-0.26028059651226754f,0f,0f,0f,1f], start_interpolation: 0, interpolation_duration: 1 }
$data merge entity $(bone_coat_downer) { transformation: [-1f,-1.6408482666740803e-17f,1.213604528798152e-16f,-0.007812499999999968f,0f,0.9909833019962251f,0.13398542892665075f,1.1511606527159648f,-1.2246467991473532e-16f,0.13398542892665075f,-0.9909833019962251f,-0.2667751772032259f,0f,0f,0f,1f], start_interpolation: 0, interpolation_duration: 1 }
$data merge entity $(bone_body_2) { transformation: [-1f,-5.768783025405027e-18f,1.2232873321106688e-16f,3.138157422815092e-17f,0f,0.9988899109215563f,0.04710568818227001f,1.3743501171875f,-1.2246467991473532e-16f,0.04710568818227001f,-0.9988899109215563f,-0.25625f,0f,0f,0f,1f], start_interpolation: 0, interpolation_duration: 1 }
$data merge entity $(bone_book_left) { transformation: [0.41672693934992266f,-0.34148965864118463f,-0.8424508716009338f,-1.648777053090146f,0.07304826181094706f,0.9363392205335617f,-0.34341347605619876f,1.9040223022161447f,0.9060919431638519f,0.0815700749768521f,0.4151430035563955f,0.8507261857256198f,0f,0f,0f,1f], start_interpolation: 0, interpolation_duration: 1 }
$data merge entity $(bone_book_right) { transformation: [-0.0818115265083875f,-0.34148965864118463f,-0.9363181548872661f,-1.6324729469098544f,-0.11607035726489642f,0.9363392205335617f,-0.3313556039287723f,1.9019279321588558f,0.9898659233930454f,0.0815700749768521f,-0.11624016764227424f,0.9430238142743799f,0f,0f,0f,1f], start_interpolation: 0, interpolation_duration: 1 }
$data merge entity $(bone_book_loot_1) { transformation: [0.17391046592310977f,-0.34148965864118463f,-0.9236557599471429f,-1.5020766360079287f,-0.022339947277747213f,0.9363392205335617f,-0.35038520352068175f,1.9555328977156026f,0.9845080378534419f,0.0815700749768521f,0.1552103291351331f,0.8735934506297298f,0f,0f,0f,1f], start_interpolation: 0, interpolation_duration: 1 }
$data merge entity $(bone_book_left2) { transformation: [0.24228718325647505f,0.6899487394011601f,0.6821053128574744f,1.5495524671622216f,-0.02971910849505313f,0.7080010018839222f,-0.7055858246320016f,2.4665255362832452f,-0.9697492951376158f,0.15068284019792147f,0.19204422993150605f,-0.11008686971918152f,0f,0f,0f,1f], start_interpolation: 0, interpolation_duration: 1 }
$data merge entity $(bone_book_right2) { transformation: [-0.05218441586256298f,0.6899487394011601f,0.7219747389901069f,1.5404475328377785f,0.256274764498849f,0.7080010018839222f,-0.6580712928037674f,2.4556746980917556f,-0.9651942974459301f,0.15068284019792147f,-0.21376306941973194f,-0.017413130280818027f,0f,0f,0f,1f], start_interpolation: 0, interpolation_duration: 1 }
$data merge entity $(bone_book_loot_2) { transformation: [0.09711929946072674f,0.6899487394011601f,0.7173134452044012f,1.4374029832193398f,0.11574227404255388f,0.7080010018839222f,-0.6966622620257399f,2.5655994564913613f,-0.988519887342544f,0.15068284019792147f,-0.011095674750624474f,-0.062085648787406106f,0f,0f,0f,1f], start_interpolation: 0, interpolation_duration: 1 }
$data merge entity $(bone_air_staff_povit_1) { transformation: [-0.000015625f,0f,1.9135106236677393e-21f,-0.007217500000000053f,0f,0.000015625f,0f,1.5404726171875f,-1.9135106236677393e-21f,0f,-0.000015625f,0.43125f,0f,0f,0f,1f], start_interpolation: 0, interpolation_duration: 1 }