# This file was generated by Animated Java via MC-Build. It is not recommended to edit this file directly.
$data merge entity $(bone_wing_right_1) { transformation: [-0.4951101658372229f,-0.030839683969030255f,-0.6487366815756392f,0.03837241333507993f,-0.13663338980591794f,0.8024353101089848f,0.06613119025759291f,1.453792931972879f,0.6349343941851204f,0.14863018343335316f,-0.4916419714566547f,-0.5507974612317994f,0f,0f,0f,1f], start_interpolation: 0, interpolation_duration: 1 }
$data merge entity $(bone_wing_right_2) { transformation: [-0.45964798498246756f,0.15769303332571472f,-0.6354971574618508f,0.03837241333507993f,0.17715517363996175f,0.7774441408267536f,0.06478157412988694f,1.453792931972879f,0.6303489306361614f,-0.10350611158132675f,-0.4816084618350904f,-0.5507974612317994f,0f,0f,0f,1f], start_interpolation: 0, interpolation_duration: 1 }
$data merge entity $(bone_wing_left_1) { transformation: [-0.581768884895849f,0.15904314763493016f,0.5506311707503115f,-0.07615270635038415f,0.2057597249112497f,0.79024647215242f,-0.010857868093952838f,1.4611444556151734f,-0.5349320934622745f,0.13099707968299382f,-0.6030189590245403f,-0.5401623063819494f,0f,0f,0f,1f], start_interpolation: 0, interpolation_duration: 1 }
$data merge entity $(bone_wing_left_2) { transformation: [-0.5861363686905525f,-0.07415177615909042f,0.5393937999186725f,-0.07615270635038415f,-0.11002484955138134f,0.7923265753786827f,-0.01063627894917829f,1.4611444556151734f,-0.5332341791178137f,-0.0819762895058137f,-0.5907124496566926f,-0.5401623063819494f,0f,0f,0f,1f], start_interpolation: 0, interpolation_duration: 1 }
$data merge entity $(bone_staff) { transformation: [1.357373402175065f,0.5811278143093789f,0.5111107125698822f,-0.6305742640289888f,0.1272655771341077f,0.8502539941622824f,-1.3047137112362266f,1.9797374218533945f,-0.7633787853643899f,1.1750595128958743f,0.691298937659027f,-0.8073869994203381f,0f,0f,0f,1f], start_interpolation: 0, interpolation_duration: 1 }
$data merge entity $(bone_arm_right_2) { transformation: [-0.3007343542870838f,0.9507843639659636f,0.07461863969122444f,-0.37190536302621025f,0.8445863350253554f,0.30184988723419937f,-0.44222230638575816f,1.9591973986247275f,-0.4429816822849099f,-0.06996955634087715f,-0.8937961122904327f,-0.3446613132100701f,0f,0f,0f,1f], start_interpolation: 0, interpolation_duration: 1 }
$data merge entity $(bone_arm_right_1) { transformation: [-0.3014032349585354f,0.9507843639659636f,0.07186920894491568f,-0.2730427760336761f,0.848589510957347f,0.30184988723419937f,-0.4344910671922634f,1.6806522081352235f,-0.43480102558492273f,-0.06996955634087715f,-0.897804170928026f,-0.20245816463458688f,0f,0f,0f,1f], start_interpolation: 0, interpolation_duration: 1 }
$data merge entity $(bone_arm_left_2) { transformation: [-0.647016809591793f,0.7576717386948321f,-0.08545633088781418f,0.5028621040335841f,0.7532783154771248f,0.6525403468989127f,0.08223670166654234f,1.3732906578213524f,0.11807212853845989f,-0.011163872634390119f,-0.9929422643891237f,-0.4085357848120753f,0f,0f,0f,1f], start_interpolation: 0, interpolation_duration: 1 }
$data merge entity $(bone_arm_left_1) { transformation: [-0.5670995097196267f,0.7654326836375553f,-0.30415613243064654f,0.317086106496509f,0.6870201873291348f,0.6432826739373203f,0.33792109081010546f,1.598974247809267f,0.45431421756092916f,-0.017326518157475684f,-0.8906729947015005f,-0.2594708029323063f,0f,0f,0f,1f], start_interpolation: 0, interpolation_duration: 1 }
$data merge entity $(bone_himo_right_2) { transformation: [-0.9932873972635782f,0.029120880260403458f,-0.11194695516272843f,-0.13557405331409714f,0.06942029224474476f,0.9242020486023498f,-0.3755414709241499f,1.3183054312591864f,0.0925255070885911f,-0.38079200056209045f,-0.9200198274199963f,-0.0011871216689514387f,0f,0f,0f,1f], start_interpolation: 0, interpolation_duration: 1 }
$data merge entity $(bone_himo_right_1) { transformation: [-0.9932873972635782f,0.06143617577933348f,-0.09800889114237302f,-0.12466732592511193f,0.06942029224474476f,0.9943546579295549f,-0.08024735060082752f,1.5042453836797227f,0.0925255070885911f,-0.08651248788128069f,-0.9919448674087639f,-0.02360786856799632f,0f,0f,0f,1f], start_interpolation: 0, interpolation_duration: 1 }
$data merge entity $(bone_himo_left_2) { transformation: [-0.9932873972635782f,0.029120880260403458f,-0.11194695516272843f,0.17495351658303201f,0.06942029224474476f,0.9242020486023498f,-0.3755414709241499f,1.298372242994877f,0.0925255070885911f,-0.38079200056209045f,-0.9200198274199963f,-0.030023666874699515f,0f,0f,0f,1f], start_interpolation: 0, interpolation_duration: 1 }
$data merge entity $(bone_himo_left_1) { transformation: [-0.9932873972635782f,0.06143617577933348f,-0.09800889114237302f,0.18586024397201723f,0.06942029224474476f,0.9943546579295549f,-0.08024735060082752f,1.4843121954154133f,0.0925255070885911f,-0.08651248788128069f,-0.9919448674087639f,-0.0524444137737444f,0f,0f,0f,1f], start_interpolation: 0, interpolation_duration: 1 }
$data merge entity $(bone_ponpon1) { transformation: [-0.995051368485061f,0.054713336735844664f,-0.08294109270583183f,0.34751264728094783f,0.05743506094869529f,0.9978743184448827f,-0.030790556376600782f,2.183299732999207f,0.08108013227558883f,-0.03540191197366388f,-0.9960786699748077f,-0.24874505709148556f,0f,0f,0f,1f], start_interpolation: 0, interpolation_duration: 1 }
$data merge entity $(bone_ponpon2) { transformation: [-0.995051368485061f,0.054713336735844664f,-0.08294109270583183f,0.37021217906598525f,0.05743506094869529f,0.9978743184448827f,-0.030790556376600782f,2.053525013747714f,0.08108013227558883f,-0.03540191197366388f,-0.9960786699748077f,-0.3407426983652504f,0f,0f,0f,1f], start_interpolation: 0, interpolation_duration: 1 }
$data merge entity $(bone_ponpon3) { transformation: [-0.995051368485061f,0.054713336735844664f,-0.08294109270583183f,-0.23708003170402556f,0.05743506094869529f,0.9978743184448827f,-0.030790556376600782f,2.217042831306565f,0.08108013227558883f,-0.03540191197366388f,-0.9960786699748077f,-0.20111047937957713f,0f,0f,0f,1f], start_interpolation: 0, interpolation_duration: 1 }
$data merge entity $(bone_ponpon4) { transformation: [-0.995051368485061f,0.054713336735844664f,-0.08294109270583183f,-0.28900935255536764f,0.05743506094869529f,0.9978743184448827f,-0.030790556376600782f,2.0915757416262246f,0.08108013227558883f,-0.03540191197366388f,-0.9960786699748077f,-0.2870271107326728f,0f,0f,0f,1f], start_interpolation: 0, interpolation_duration: 1 }
$data merge entity $(bone_ear_edge_a1) { transformation: [-0.9742744152820212f,0.20923053525641183f,-0.08373736826047837f,0.2534893805544216f,0.2128166449510231f,0.9764148049591208f,-0.036375875088199956f,2.294983790499734f,0.07415146228272064f,-0.05326079020215117f,-0.9958237037088324f,-0.2669500636508298f,0f,0f,0f,1f], start_interpolation: 0, interpolation_duration: 1 }
$data merge entity $(bone_ear_edge_a2) { transformation: [-0.9950103473671156f,0.0542444632122111f,-0.08373736826047837f,0.13942574400393248f,0.05745159123155917f,0.9976853764471691f,-0.036375875088199956f,2.311655410130978f,0.08157035795761677f,-0.0410052171594002f,-0.9958237037088324f,-0.25796760626161613f,0f,0f,0f,1f], start_interpolation: 0, interpolation_duration: 1 }
$data merge entity $(bone_ear_edge_b1) { transformation: [-0.9524276899658745f,0.29273978378937354f,-0.08476387422256614f,0.1170735176315635f,0.29706125053938337f,0.9538623919443955f,-0.04360218643708216f,2.308890432118342f,0.06808897718607547f,-0.06670799218285006f,-0.995446600760024f,-0.25509341375898664f,0f,0f,0f,1f], start_interpolation: 0, interpolation_duration: 1 }
$data merge entity $(bone_ear_edge_b2) { transformation: [-0.9962741289625493f,-0.015904263161010734f,-0.08476387422256614f,0.1465705159610704f,-0.012237651341687444f,0.9989740182945427f,-0.04360218643708216f,2.31719254054997f,0.08537036868582094f,-0.042402419574360306f,-0.995446600760024f,-0.25796877636891163f,0f,0f,0f,1f], start_interpolation: 0, interpolation_duration: 1 }
$data merge entity $(bone_ear_right_2) { transformation: [-0.9864963161123383f,0.14014315510779132f,-0.08476387422256614f,0.20703321779322126f,0.14418698059454343f,0.9885893808679793f,-0.04360218643708216f,2.416972878883698f,0.07768611796076712f,-0.05523524338227239f,-0.995446600760024f,-0.2988807587263231f,0f,0f,0f,1f], start_interpolation: 0, interpolation_duration: 1 }
$data merge entity $(bone_ear_right_1) { transformation: [-0.9864963161123383f,0.1407589125192238f,-0.08373736826047837f,0.17536246247639595f,0.14418698059454343f,0.9888816462745158f,-0.036375875088199956f,2.1944745084719326f,0.07768611796076712f,-0.047958505062283587f,-0.9958237037088324f,-0.2880900950873093f,0f,0f,0f,1f], start_interpolation: 0, interpolation_duration: 1 }
$data merge entity $(bone_ear_edge_a3) { transformation: [-0.9913596865087686f,-0.10162060374746076f,-0.08294109270583183f,-0.13502824712902745f,-0.09937399514291276f,0.9945736527413924f,-0.030790556376600782f,2.3172570380678814f,0.08561998046351205f,-0.02228232857324032f,-0.9960786699748077f,-0.23466700329258947f,0f,0f,0f,1f], start_interpolation: 0, interpolation_duration: 1 }
$data merge entity $(bone_ear_edge_a4) { transformation: [-0.9950513684850609f,0.05471333673584466f,-0.08294109270583183f,-0.019861876106336038f,0.0574350609486953f,0.9978743184448827f,-0.030790556376600782f,2.32069734133374f,0.08108013227558883f,-0.03540191197366389f,-0.9960786699748077f,-0.24436297791625203f,0f,0f,0f,1f], start_interpolation: 0, interpolation_duration: 1 }
$data merge entity $(bone_ear_edge_b3) { transformation: [-0.9787304444038549f,-0.18763659647785988f,-0.08294109270583183f,0.002127726906315991f,-0.18567865251149207f,0.9821279853662334f,-0.030790556376600782f,2.3151039413892134f,0.08723620348541768f,-0.014735264594462843f,-0.9960786699748077f,-0.24602109775707726f,0f,0f,0f,1f], start_interpolation: 0, interpolation_duration: 1 }
$data merge entity $(bone_ear_edge_b4) { transformation: [-0.9888108639250708f,0.12399133245722291f,-0.08294109270583183f,-0.026288456007813543f,0.12690334572143774f,0.9914370794370789f,-0.030790556376600782f,2.3267556471250037f,0.07841311260535598f,-0.04097153881364223f,-0.9960786699748077f,-0.24401512491646232f,0f,0f,0f,1f], start_interpolation: 0, interpolation_duration: 1 }
$data merge entity $(bone_ear_left_2) { transformation: [-0.9960334791151688f,-0.032219305121232424f,-0.08294109270583183f,-0.08064972329714656f,-0.029753974191210418f,0.9990829007934469f,-0.030790556376600782f,2.4336269263876313f,0.0838570778262709f,-0.028200597859917326f,-0.9960786699748077f,-0.27416519653689353f,0f,0f,0f,1f], start_interpolation: 0, interpolation_duration: 1 }
$data merge entity $(bone_ear_left_1) { transformation: [-0.9960334791151688f,-0.032219305121232424f,-0.08294109270583183f,-0.07340037964486928f,-0.029753974191210418f,0.9990829007934469f,-0.030790556376600782f,2.2088332737091063f,0.0838570778262709f,-0.028200597859917326f,-0.9960786699748077f,-0.26782006201841213f,0f,0f,0f,1f], start_interpolation: 0, interpolation_duration: 1 }
$data merge entity $(bone_head) { transformation: [-0.995051368485061f,0.054713336735844664f,-0.08294109270583183f,0.025532365485700186f,0.05743506094869529f,0.9978743184448827f,-0.030790556376600782f,1.6912055077742858f,0.08108013227558883f,-0.03540191197366388f,-0.9960786699748077f,-0.22868414022964523f,0f,0f,0f,1f], start_interpolation: 0, interpolation_duration: 1 }
$data merge entity $(bone_body_1) { transformation: [-0.9936882236708133f,0.06808630796186708f,-0.08915138140301274f,3.003672307779568e-17f,0.06378620244579053f,0.996698759797147f,0.05022850382376374f,1.3174434728503557f,0.09227694465839384f,0.04422484467978398f,-0.9947507871811716f,-0.2452684569845642f,0f,0f,0f,1f], start_interpolation: 0, interpolation_duration: 1 }
$data merge entity $(bone_leg_left_2) { transformation: [-0.9530486303276975f,-0.30003503076790794f,-0.04095471331361494f,0.22954436976956155f,-0.3024264909244893f,0.9362046651795035f,0.17905039090500074f,0.7191430237035956f,-0.015379395878892421f,0.1830295200459049f,-0.982987115365286f,-0.2256049317343164f,0f,0f,0f,1f], start_interpolation: 0, interpolation_duration: 1 }
$data merge entity $(bone_leg_left_1) { transformation: [-0.9530486303276975f,-0.2937967990260316f,0.07336040561881758f,0.12500000000000003f,-0.3024264909244893f,0.9357692121578307f,-0.18131243521781037f,1.052395284815818f,-0.015379395878892421f,-0.1949856980898097f,-0.9806855009241393f,-0.3002790940038673f,0f,0f,0f,1f], start_interpolation: 0, interpolation_duration: 1 }
$data merge entity $(bone_leg_right_2) { transformation: [-0.9650606765407982f,0.2594495098890962f,0.036658456226698506f,-0.22386328054586724f,0.2616883547840749f,0.9472308533896091f,0.18512945567142194f,0.7152615417688272f,0.01330772576442435f,0.1882542488367809f,-0.9820301636049059f,-0.2119302909978351f,0f,0f,0f,1f], start_interpolation: 0, interpolation_duration: 1 }
$data merge entity $(bone_leg_right_1) { transformation: [-0.9650606765407982f,0.25365607748232466f,-0.06569996157455431f,-0.12499999999999997f,0.2616883547840749f,0.9457605861309917f,-0.19249965893883336f,1.084272442089591f,0.01330772576442435f,-0.2029667659432055f,-0.979095192694528f,-0.2988565633129766f,0f,0f,0f,1f], start_interpolation: 0, interpolation_duration: 1 }
$data merge entity $(bone_skirt_forward_right) { transformation: [-0.9664789299066396f,0.2563940792736159f,0.013437044316050337f,3.2508673350951724e-17f,0.22270043575858797f,0.8632145250532648f,-0.4530620262723433f,1.1420278692174517f,-0.1277614729073353f,-0.43488246670853636f,-0.8913777236335038f,-0.2654534627746182f,0f,0f,0f,1f], start_interpolation: 0, interpolation_duration: 1 }
$data merge entity $(bone_skirt_forward_left) { transformation: [-0.9664789299066396f,-0.2563940792736158f,-0.013437044316050119f,3.433373746381255e-17f,-0.22270043575858797f,0.8632145250532648f,-0.4530620262723433f,1.152933041853871f,0.12776147290733508f,-0.4348824667085365f,-0.8913777236335038f,-0.2803562422056468f,0f,0f,0f,1f], start_interpolation: 0, interpolation_duration: 1 }
$data merge entity $(bone_skirt_forward) { transformation: [-1f,6.094066315002749e-17f,1.0622538962721416e-16f,3.2508673350951724e-17f,0f,0.8673961316942356f,-0.4976182781227759f,1.1420278692174517f,-1.2246467991473532e-16f,-0.4976182781227759f,-0.8673961316942356f,-0.2654534627746182f,0f,0f,0f,1f], start_interpolation: 0, interpolation_duration: 1 }
$data merge entity $(bone_skirt_back_right) { transformation: [-0.9664288580779771f,0.25693435401693027f,1.1684385701495533e-16f,3.231430771308483e-17f,0.24514170897181176f,0.9220721875646916f,0.29948025551285384f,1.1732375402056712f,0.07694676599102021f,0.2894263613521882f,-0.9541024979308859f,-0.2638663468975978f,0f,0f,0f,1f], start_interpolation: 0, interpolation_duration: 1 }
$data merge entity $(bone_skirt_back_left) { transformation: [-0.9664288580779771f,-0.2569343540169304f,1.1684385701495533e-16f,3.231430771308483e-17f,-0.24514170897181176f,0.9220721875646916f,0.29948025551285384f,1.1732375402056712f,-0.07694676599102046f,0.2894263613521881f,-0.9541024979308859f,-0.2638663468975978f,0f,0f,0f,1f], start_interpolation: 0, interpolation_duration: 1 }
$data merge entity $(bone_skirt_back) { transformation: [-1f,-3.667575363216479e-17f,1.1684385701495533e-16f,3.231430771308483e-17f,0f,0.9541024979308859f,0.29948025551285384f,1.1732375402056712f,-1.2246467991473532e-16f,0.29948025551285384f,-0.9541024979308859f,-0.2638663468975978f,0f,0f,0f,1f], start_interpolation: 0, interpolation_duration: 1 }
$data merge entity $(bone_skirt_right) { transformation: [-0.9662038451828585f,0.2577788561269301f,-0.0004369070270358175f,-0.19374999999999998f,0.2574465549748872f,0.9650416252100413f,0.049152140782723126f,1.2664122353712182f,0.013092016094596532f,0.0473785072142816f,-0.9987912074947021f,-0.2590930576152468f,0f,0f,0f,1f], start_interpolation: 0, interpolation_duration: 1 }
$data merge entity $(bone_skirt_left) { transformation: [-0.9661843838388801f,-0.25785175370048846f,0.0004577548102656378f,0.19375000000000003f,-0.25751939448830713f,0.9650261363712632f,0.04907461240527403f,1.2662051727368508f,-0.013095720226827666f,0.04729724340735784f,-0.9987950104389818f,-0.2591561552812005f,0f,0f,0f,1f], start_interpolation: 0, interpolation_duration: 1 }
$data merge entity $(bone_coat_downer) { transformation: [-1f,-1.6855758257407774e-17f,1.2129913948658664e-16f,-0.007812499999999967f,0f,0.9904826401460393f,0.13763771129066282f,1.0998592343584288f,-1.2246467991473532e-16f,0.13763771129066282f,-0.9904826401460393f,-0.2675978785206955f,0f,0f,0f,1f], start_interpolation: 0, interpolation_duration: 1 }
$data merge entity $(bone_body_2) { transformation: [-1f,-6.21970041174053e-18f,1.2230663577012807e-16f,3.138157422815092e-17f,0f,0.998709471623024f,0.050787708064651195f,1.3230083819241982f,-1.2246467991473532e-16f,0.050787708064651195f,-0.998709471623024f,-0.25625f,0f,0f,0f,1f], start_interpolation: 0, interpolation_duration: 1 }
$data merge entity $(bone_book_left) { transformation: [0.3806920920418175f,-0.352777446772081f,-0.8547640634150427f,-1.646043495967955f,0.08956078012499562f,0.9340879994941959f,-0.34562765494724723f,1.9581209903114143f,0.920354495680999f,0.055024378687112616f,0.38719493802201316f,0.8503194305526378f,0f,0f,0f,1f], start_interpolation: 0, interpolation_duration: 1 }
$data merge entity $(bone_book_right) { transformation: [-0.15949983222410408f,-0.352777446772081f,-0.9220129481571576f,-1.6352065040320451f,-0.11797456203803498f,0.9340879994941959f,-0.336989038268109f,1.9567288985369822f,0.9801233627622676f,0.055024378687112616f,-0.19060564398170582f,0.9434305694473617f,0f,0f,0f,1f], start_interpolation: 0, interpolation_duration: 1 }
$data merge entity $(bone_book_loot_1) { transformation: [0.1155945806497055f,-0.352777446772081f,-0.9285396954214664f,-1.5013440456867801f,-0.014848978927276851f,0.9340879994941959f,-0.3567339583299416f,2.0109350381736895f,0.9931854815437222f,0.055024378687112616f,0.10273712571831661f,0.8814644311422523f,0f,0f,0f,1f], start_interpolation: 0, interpolation_duration: 1 }
$data merge entity $(bone_book_left2) { transformation: [0.33993074073545626f,0.6395563159186802f,0.6895033069330194f,1.555225978375832f,0.028947614308358238f,0.7256998302138744f,-0.6874022054470066f,2.5246598320845077f,-0.9400048548432604f,0.25362861667422165f,0.22817405127450868f,-0.10744609523505068f,0f,0f,0f,1f], start_interpolation: 0, interpolation_duration: 1 }
$data merge entity $(bone_book_right2) { transformation: [-0.023465416238447834f,0.6395563159186802f,0.7683860312429436f,1.5399377716241678f,0.34820107309244397f,0.7256998302138744f,-0.5933934353570358f,2.5064400567638887f,-0.9371261318189922f,0.25362861667422165f,-0.23972304408607398f,-0.016763279764948888f,0f,0f,0f,1f], start_interpolation: 0, interpolation_duration: 1 }
$data merge entity $(bone_book_loot_2) { transformation: [0.16307420535108574f,0.6395563159186802f,0.7512486421402953f,1.4348945786789555f,0.19434427008660238f,0.7256998302138744f,-0.6599924704964897f,2.6145488149986718f,-0.967283365014419f,0.25362861667422165f,-0.005951182260946949f,-0.06121201016085774f,0f,0f,0f,1f], start_interpolation: 0, interpolation_duration: 1 }
$data merge entity $(bone_air_staff_povit_1) { transformation: [-0.000015625f,0f,1.9135106236677393e-21f,-0.007217500000000053f,0f,0.000015625f,0f,1.4891308819241982f,-1.9135106236677393e-21f,0f,-0.000015625f,0.43125f,0f,0f,0f,1f], start_interpolation: 0, interpolation_duration: 1 }