# This file was generated by Animated Java via MC-Build. It is not recommended to edit this file directly.
$data merge entity $(bone_wing_right_1) { transformation: [-0.7868054808890954f,-0.11360379810310021f,-0.1870180652874847f,0.19974294630457143f,-0.13055607859225293f,0.8038551027957744f,0.06096333731229689f,1.5756070593858051f,0.17560378706035162f,0.08863179570667326f,-0.7926235923843786f,-0.43054201102343004f,0f,0f,0f,1f], start_interpolation: 0, interpolation_duration: 1 }
$data merge entity $(bone_wing_right_2) { transformation: [-0.754665571835697f,0.19213831655246225f,-0.18320137007753606f,0.19974294630457143f,0.1831875340464603f,0.7764508651587745f,0.05971918757122961f,1.5756070593858051f,0.19215150807599057f,0.014384759524460528f,-0.7764476007030648f,-0.43054201102343004f,0f,0f,0f,1f], start_interpolation: 0, interpolation_duration: 1 }
$data merge entity $(bone_wing_left_1) { transformation: [-0.22226329320810473f,0.06432225216065117f,0.7832024775329265f,0.10922368045383665f,0.20194332954692695f,0.7912676043738592f,-0.007675569320868852f,1.5820109058959706f,-0.7594487241336533f,0.19157941066273226f,-0.23125615508853128f,-0.4829162559026525f,0f,0f,0f,1f], start_interpolation: 0, interpolation_duration: 1 }
$data merge entity $(bone_wing_left_2) { transformation: [-0.2252665152566338f,-0.02510739690846402f,0.7672187535016424f,0.10922368045383665f,-0.11386157766416599f,0.7918200596713464f,-0.0075189250490143855f,1.5820109058959706f,-0.7591380231788947f,-0.11131312466437394f,-0.2265366417193776f,-0.4829162559026525f,0f,0f,0f,1f], start_interpolation: 0, interpolation_duration: 1 }
$data merge entity $(bone_staff) { transformation: [1.4454361155805528f,0.45384780656482987f,0.3822863511187591f,-0.5882817336283415f,0.02099860871667346f,0.9668628945874136f,-1.227249547362724f,1.9800578847665762f,-0.5930259220366059f,1.1404405120594148f,0.8883253594524329f,-0.9576048502406562f,0f,0f,0f,1f], start_interpolation: 0, interpolation_duration: 1 }
$data merge entity $(bone_arm_right_2) { transformation: [-0.3181710886099984f,0.6360381437022835f,0.7030096998822148f,-0.34903819651479445f,0.7009461335262297f,0.6571100874656197f,-0.2772739635190339f,2.0315625458717164f,-0.6383115824324024f,0.40455137214781367f,-0.6549019094688636f,-0.5435438010050117f,0f,0f,0f,1f], start_interpolation: 0, interpolation_duration: 1 }
$data merge entity $(bone_arm_right_1) { transformation: [-0.2832927865966832f,0.6360381437022835f,0.7177748092668336f,-0.2537572777349398f,0.686496624669158f,0.6571100874656197f,-0.31133377148773766f,1.8026866700329176f,-0.6696772217868392f,0.40455137214781367f,-0.6227925865913801f,-0.3208127681652719f,0f,0f,0f,1f], start_interpolation: 0, interpolation_duration: 1 }
$data merge entity $(bone_arm_left_2) { transformation: [-0.4361838923718744f,0.6810728585307191f,0.5881185028615544f,0.4874864821983389f,0.8035756269364479f,0.5889488943364029f,-0.0860547015195764f,1.4949964420507253f,-0.40498126355303865f,0.43506201998419003f,-0.8041835704229852f,0.02306723120756772f,0f,0f,0f,1f], start_interpolation: 0, interpolation_duration: 1 }
$data merge entity $(bone_arm_left_1) { transformation: [-0.6830540375210815f,0.6110110555859394f,0.4001283191401291f,0.2607463289865623f,0.7154343942702912f,0.6699630437893557f,0.1982502142536129f,1.7280347429680023f,-0.14693811391620087f,0.42168117091975776f,-0.8947592864958103f,-0.025113007964789047f,0f,0f,0f,1f], start_interpolation: 0, interpolation_duration: 1 }
$data merge entity $(bone_himo_right_2) { transformation: [-0.7941100212114605f,-0.13665064033040603f,0.5922126954978455f,-0.22412029020334845f,-0.42206853128205263f,0.825109441412548f,-0.37556965345097304f,1.4440364698875785f,-0.4373184527469025f,-0.5481979680636941f,-0.7129036110849013f,-0.051530184463566414f,0f,0f,0f,1f], start_interpolation: 0, interpolation_duration: 1 }
$data merge entity $(bone_himo_right_1) { transformation: [-0.8500197309928202f,-0.08195719609047832f,0.520335925082903f,-0.236235164938545f,-0.15614479795437894f,0.9826278745670134f,-0.10030584327794614f,1.6276522848484063f,-0.5030757984585222f,-0.1665096938106025f,-0.8480502714299546f,-0.08805106624949158f,0f,0f,0f,1f], start_interpolation: 0, interpolation_duration: 1 }
$data merge entity $(bone_himo_left_2) { transformation: [-0.6577320131169926f,-0.32624825701045995f,0.6789334825435442f,0.07787108870160106f,-0.6567978551409748f,0.6896883774853954f,-0.30487131620370256f,1.4327981231914844f,-0.36878879647202323f,-0.6464456796662807f,-0.6679092803948128f,0.1167262727442673f,0f,0f,0f,1f], start_interpolation: 0, interpolation_duration: 1 }
$data merge entity $(bone_himo_left_1) { transformation: [-0.8059377323590727f,-0.25317240279357633f,0.5351337272342706f,0.03374584897301967f,-0.3368638081498979f,0.9394515161858927f,-0.06287784581850742f,1.6085522959399736f,-0.4868132561040879f,-0.2309428137001764f,-0.8424240443396551f,0.0681593448983614f,0f,0f,0f,1f], start_interpolation: 0, interpolation_duration: 1 }
$data merge entity $(bone_ponpon1) { transformation: [-0.8639392445170069f,0.06311761144045837f,0.49962500829065265f,0.2799776724350147f,0.06111996450698431f,0.9979223370572405f,-0.020380361647428076f,2.3048566617682056f,-0.49987331567312965f,0.012929668528864034f,-0.8660020161348847f,0.0028003101430733035f,0f,0f,0f,1f], start_interpolation: 0, interpolation_duration: 1 }
$data merge entity $(bone_ponpon2) { transformation: [-0.8639392445170069f,0.06311761144045837f,0.49962500829065265f,0.3513255372015938f,0.06111996450698431f,0.9979223370572405f,-0.020380361647428076f,2.1759137120625924f,-0.49987331567312965f,0.012929668528864034f,-0.8660020161348847f,-0.06125833809793785f,0f,0f,0f,1f], start_interpolation: 0, interpolation_duration: 1 }
$data merge entity $(bone_ponpon3) { transformation: [-0.8639392445170069f,0.06311761144045837f,0.49962500829065265f,-0.22758663371872692f,0.06111996450698431f,0.9979223370572405f,-0.020380361647428076f,2.340764640916059f,-0.49987331567312965f,0.012929668528864034f,-0.8660020161348847f,-0.2908752628148904f,0f,0f,0f,1f], start_interpolation: 0, interpolation_duration: 1 }
$data merge entity $(bone_ponpon4) { transformation: [-0.8639392445170069f,0.06311761144045837f,0.49962500829065265f,-0.22103421229092324f,0.06111996450698431f,0.9979223370572405f,-0.020380361647428076f,2.2164056885484693f,-0.49987331567312965f,0.012929668528864034f,-0.8660020161348847f,-0.3924244097313862f,0f,0f,0f,1f], start_interpolation: 0, interpolation_duration: 1 }
$data merge entity $(bone_ear_edge_a1) { transformation: [-0.8434289490117142f,0.19749040244923421f,0.49962500829065265f,0.21253806360695202f,0.21647692327038343f,0.9760749881799595f,-0.020380361647428076f,2.4169827788280656f,-0.4916963998855225f,0.09096789757893138f,-0.8660020161348847f,-0.06400633101678953f,0f,0f,0f,1f], start_interpolation: 0, interpolation_duration: 1 }
$data merge entity $(bone_ear_edge_a2) { transformation: [-0.8639392445170069f,0.06311761144045838f,0.49962500829065265f,0.11366127171770161f,0.06111996450698433f,0.9979223370572405f,-0.020380361647428076f,2.434079328021704f,-0.49987331567312965f,0.012929668528864034f,-0.8660020161348847f,-0.1214539476458488f,0f,0f,0f,1f], start_interpolation: 0, interpolation_duration: 1 }
$data merge entity $(bone_ear_edge_b1) { transformation: [-0.8230070245115659f,0.27024856834992483f,0.49962500829065265f,0.09409125977793406f,0.30072370379340563f,0.9534935211294808f,-0.020380361647428076f,2.4311338228929538f,-0.48189697195707165f,0.13347590220305666f,-0.8660020161348847f,-0.13267521126515042f,0f,0f,0f,1f], start_interpolation: 0, interpolation_duration: 1 }
$data merge entity $(bone_ear_edge_b2) { transformation: [-0.8662375939440363f,0.0026985048845994675f,0.49962500829065265f,0.11986955502378664f,-0.00864046395828555f,0.9997549615989436f,-0.020380361647428076f,2.4393351776360803f,-0.4995575774829489f,-0.02197122731397093f,-0.8660020161348847f,-0.11799587546290655f,0f,0f,0f,1f], start_interpolation: 0, interpolation_duration: 1 }
$data merge entity $(bone_ear_right_2) { transformation: [-0.8551506325556791f,0.13817469641792995f,0.49962500829065265f,0.19201705271799632f,0.14786204708011613f,0.9887979853804301f,-0.020380361647428076f,2.53968600308014f,-0.49684425192699905f,0.05644729734376427f,-0.8660020161348847f,-0.11481862186743345f,0f,0f,0f,1f], start_interpolation: 0, interpolation_duration: 1 }
$data merge entity $(bone_ear_right_1) { transformation: [-0.8551506325556791f,0.13817469641792995f,0.49962500829065265f,0.16092774602396212f,0.14786204708011613f,0.9887979853804301f,-0.020380361647428076f,2.3172064563695436f,-0.49684425192699905f,0.05644729734376427f,-0.8660020161348847f,-0.1275192637697804f,0f,0f,0f,1f], start_interpolation: 0, interpolation_duration: 1 }
$data merge entity $(bone_ear_edge_a3) { transformation: [-0.8631764885723247f,-0.07280934463732419f,0.49962500829065265f,-0.12480994989017194f,-0.09574197062810934f,0.9951975260818156f,-0.020380361647428076f,2.4408486915554977f,-0.49574169144444324f,-0.0654269318714936f,-0.8660020161348847f,-0.2591951375361946f,0f,0f,0f,1f], start_interpolation: 0, interpolation_duration: 1 }
$data merge entity $(bone_ear_edge_a4) { transformation: [-0.8639392445170069f,0.06311761144045835f,0.49962500829065265f,-0.024661037342762808f,0.06111996450698431f,0.9979223370572406f,-0.020380361647428076f,2.443865033062834f,-0.49987331567312965f,0.012929668528864038f,-0.8660020161348847f,-0.20148692646980892f,0f,0f,0f,1f], start_interpolation: 0, interpolation_duration: 1 }
$data merge entity $(bone_ear_edge_b3) { transformation: [-0.8535460889223639f,-0.14776307108307346f,0.49962500829065265f,-0.005636321800542396f,-0.1821148230908707f,0.9830660364745092f,-0.020380361647428076f,2.4381891179095057f,-0.48815291179702797f,-0.1083846979716126f,-0.8660020161348847f,-0.19037736704065902f,0f,0f,0f,1f], start_interpolation: 0, interpolation_duration: 1 }
$data merge entity $(bone_ear_edge_b4) { transformation: [-0.8574318699335598f,0.1232292153379395f,0.49962500829065265f,-0.03015211605425227f,0.13058262264893353f,0.9912279352001971f,-0.020380361647428076f,2.44994856193337f,-0.49775372131644097f,0.047767572326312124f,-0.8660020161348847f,-0.20479807899809588f,0f,0f,0f,1f], start_interpolation: 0, interpolation_duration: 1 }
$data merge entity $(bone_ear_left_2) { transformation: [-0.8661527571667816f,-0.01241983667153089f,0.49962500829065265f,-0.05785152835638405f,-0.026087277901289257f,0.9994518971870636f,-0.020380361647428076f,2.557363124363379f,-0.49909804165522736f,-0.030686362870688162f,-0.8660020161348847f,-0.25939202433396763f,0f,0f,0f,1f], start_interpolation: 0, interpolation_duration: 1 }
$data merge entity $(bone_ear_left_1) { transformation: [-0.8661527571667816f,-0.01241983667153089f,0.49962500829065265f,-0.0550570651052896f,-0.026087277901289257f,0.9994518971870636f,-0.020380361647428076f,2.33248644749629f,-0.49909804165522736f,-0.030686362870688162f,-0.8660020161348847f,-0.2524875926880628f,0f,0f,0f,1f], start_interpolation: 0, interpolation_duration: 1 }
$data merge entity $(bone_head) { transformation: [-0.8639392445170069f,0.06311761144045837f,0.49962500829065265f,0.004974283087018445f,0.06111996450698431f,0.9979223370572405f,-0.020380361647428076f,1.814048140492563f,-0.49987331567312965f,0.012929668528864034f,-0.8660020161348847f,-0.16956732034574928f,0f,0f,0f,1f], start_interpolation: 0, interpolation_duration: 1 }
$data merge entity $(bone_body_1) { transformation: [-0.8639392445170069f,0.0303054328055235f,0.5026833620937272f,-0.006390254215052867f,0.06111996450698431f,0.9971186481582727f,0.04493051784348519f,1.440128647433211f,-0.49987331567312965f,0.06954122689087863f,-0.8633021985611197f,-0.19564528042982876f,0f,0f,0f,1f], start_interpolation: 0, interpolation_duration: 1 }
$data merge entity $(bone_leg_left_2) { transformation: [-0.7924282312576801f,-0.2625295598428223f,0.5505776316874476f,0.11488303229200655f,-0.27982751565902825f,0.9585136168497308f,0.0542974013535073f,0.859135793644479f,-0.5419908299832396f,-0.11103997713608177f,-0.833016244554509f,0.008275359441710983f,0f,0f,0f,1f], start_interpolation: 0, interpolation_duration: 1 }
$data merge entity $(bone_leg_left_1) { transformation: [-0.7924282312576801f,-0.0019216404695715783f,0.609962134565524f,0.11992585057597459f,-0.27982751565902825f,0.8897011774539035f,-0.3607331095383873f,1.1685394909411946f,-0.5419908299832396f,-0.4565392887091356f,-0.7055620582762622f,-0.15884137854143446f,0f,0f,0f,1f], start_interpolation: 0, interpolation_duration: 1 }
$data merge entity $(bone_leg_right_2) { transformation: [-0.798579481059049f,0.14699103394794638f,0.5836646711686203f,-0.24111232300354193f,0.24826591000237758f,0.9638282248008962f,0.09694942500007186f,0.8514647295821243f,-0.5483017876700307f,0.22232586222944656f,-0.8061863063968413f,-0.23122829653287713f,0f,0f,0f,1f], start_interpolation: 0, interpolation_duration: 1 }
$data merge entity $(bone_leg_right_1) { transformation: [-0.798579481059049f,0.3899805345358923f,0.4584604618880016f,-0.08515301175998563f,0.24826591000237758f,0.9073108965445311f,-0.33933902655346143f,1.197194936964165f,-0.5483017876700307f,-0.15716907995741097f,-0.821378737211519f,-0.3018333577578286f,0f,0f,0f,1f], start_interpolation: 0, interpolation_duration: 1 }
$data merge entity $(bone_skirt_forward_right) { transformation: [-0.7683244091180672f,0.35545688947374166f,0.5322856395573949f,0.00035707238813128574f,0.1671332598871468f,0.9141826635062441f,-0.36923777052750817f,1.2726433022972308f,-0.6178544131046311f,-0.19473175773427798f,-0.7617975234515074f,-0.20549017505650713f,0f,0f,0f,1f], start_interpolation: 0, interpolation_duration: 1 }
$data merge entity $(bone_skirt_forward_left) { transformation: [-0.8534497776349077f,0.062405734734544714f,0.5174253582181378f,0.00777555523405915f,-0.16713325988714683f,0.9075993414154064f,-0.3851362212280429f,1.2788479851698609f,-0.49364962320903477f,-0.4151734092334939f,-0.7641603822307302f,-0.2163143408636751f,0f,0f,0f,1f], start_interpolation: 0, interpolation_duration: 1 }
$data merge entity $(bone_skirt_forward) { transformation: [-0.8248639725097321f,0.23219220402801463f,0.5154475795307188f,0.00035707238813128574f,0f,0.9117620435770886f,-0.41071885261347735f,1.2726433022972308f,-0.5653312540939727f,-0.33878718435139205f,-0.7520796612485886f,-0.20549017505650713f,0f,0f,0f,1f], start_interpolation: 0, interpolation_duration: 1 }
$data merge entity $(bone_skirt_back_right) { transformation: [-0.8351847630827491f,0.021041002452201196f,0.5495668182579971f,-0.00026305240619898623f,0.17838401872654838f,0.9556077214627199f,0.23450591579701172f,1.3028779132317907f,-0.5202360554377008f,0.2938897053260545f,-0.8018623870253463f,-0.20458536288205406f,0f,0f,0f,1f], start_interpolation: 0, interpolation_duration: 1 }
$data merge entity $(bone_skirt_back_left) { transformation: [-0.7865300146775562f,-0.28168572608690073f,0.5495668182579971f,-0.00026305240619898623f,-0.17838401872654838f,0.9556077214627199f,0.23450591579701172f,1.3028779132317907f,-0.5912272641499963f,0.08641200379417323f,-0.8018623870253463f,-0.20458536288205406f,0f,0f,0f,1f], start_interpolation: 0, interpolation_duration: 1 }
$data merge entity $(bone_skirt_back) { transformation: [-0.8248639725097321f,-0.13257352346998016f,0.5495668182579971f,-0.00026305240619898623f,0f,0.9721146925420914f,0.23450591579701172f,1.3028779132317907f,-0.5653312540939727f,0.19343548128135582f,-0.8018623870253463f,-0.20458536288205406f,0f,0f,0f,1f], start_interpolation: 0, interpolation_duration: 1 }
$data merge entity $(bone_skirt_right) { transformation: [-0.8054968294339807f,0.2046838084001547f,0.5561289386020234f,-0.16090566175381035f,0.21324239764774272f,0.975706241069007f,-0.05024948740465568f,1.373779788485123f,-0.5529037326852174f,0.07811446548365689f,-0.8295755497029528f,-0.31291423848499444f,0f,0f,0f,1f], start_interpolation: 0, interpolation_duration: 1 }
$data merge entity $(bone_skirt_left) { transformation: [-0.8059117964450313f,-0.1408470500788071f,0.575037637754991f,0.16046168875187128f,-0.2153307491931428f,0.9745007343319688f,-0.06309506508732207f,1.3678051179839676f,-0.5514878464686798f,-0.17467234260337716f,-0.8156903382575929f,-0.09637632422595485f,0f,0f,0f,1f], start_interpolation: 0, interpolation_duration: 1 }
$data merge entity $(bone_coat_downer) { transformation: [-0.8248639725097321f,-0.035128157260668105f,0.5642388141761728f,-0.006857617852116417f,0f,0.9980676109627963f,0.062137299160942724f,1.221628348292903f,-0.5653312540939727f,0.05125481942692085f,-0.8232700144120698f,-0.20878269061180785f,0f,0f,0f,1f], start_interpolation: 0, interpolation_duration: 1 }
$data merge entity $(bone_body_2) { transformation: [-0.8248639725097321f,0.0018500389007403005f,0.5653282269721985f,2.5101484726503213e-17f,0f,0.9999946454016965f,-0.003272486506526625f,1.4450646518748445f,-0.5653312540939727f,-0.0026993562197580472f,-0.8248595556945042f,-0.20496917759455088f,0f,0f,0f,1f], start_interpolation: 0, interpolation_duration: 1 }
$data merge entity $(bone_book_left) { transformation: [-0.19483077132365179f,-0.32086973092584226f,-0.9268676207102117f,-1.6908408973991007f,0.07541305240556573f,0.9372785699518269f,-0.3403259523397148f,1.7531596897107045f,0.9779334548282446f,-0.13620388424944416f,-0.15841294089517344f,-0.1735442469979993f,0f,0f,0f,1f], start_interpolation: 0, interpolation_duration: 1 }
$data merge entity $(bone_book_right) { transformation: [-0.6398178071686357f,-0.32086973092584226f,-0.6983378762500975f,-1.7314050851864173f,-0.10847337684172259f,0.9372785699518269f,-0.3312739181185444f,1.7515529473723177f,0.7608328989643338f,-0.13620388424944416f,-0.6344933425725535f,-0.08903964624624525f,0f,0f,0f,1f], start_interpolation: 0, interpolation_duration: 1 }
$data merge entity $(bone_book_loot_1) { transformation: [-0.4326846697313764f,-0.32086973092584226f,-0.8425120725277635f,-1.5847461804135945f,-0.017138584942792023f,0.9372785699518269f,-0.34815966339485266f,1.804580268050739f,0.9013824080187101f,-0.13620388424944416f,-0.41104532162494634f,-0.06963514837838031f,0f,0f,0f,1f], start_interpolation: 0, interpolation_duration: 1 }
$data merge entity $(bone_book_left2) { transformation: [0.921777195109847f,-0.10933844203094226f,0.37198374651275873f,1.1157915261962752f,0.3321776819255964f,0.7175124859612926f,-0.6122367353566618f,2.581132175261921f,-0.19996197189955708f,0.6879105592908805f,0.6977064369848882f,0.6093966315157876f,0f,0f,0f,1f], start_interpolation: 0, interpolation_duration: 1 }
$data merge entity $(bone_book_right2) { transformation: [0.559766630317714f,-0.10933844203094226f,0.8214051525751449f,1.04321922025018f,0.616336154131495f,0.7175124859612926f,-0.32450820883306464f,2.5346699409877687f,-0.5538872310255479f,0.6879105592908805f,0.46902878133751913f,0.6463233656784523f,0f,0f,0f,1f], start_interpolation: 0, interpolation_duration: 1 }
$data merge entity $(bone_book_loot_2) { transformation: [0.7741045967583489f,-0.10933844203094226f,0.6235440468578298f,0.9859737661945531f,0.4955971655909614f,0.7175124859612926f,-0.48944793589088825f,2.631318248508478f,-0.39388516440175586f,0.6879105592908805f,0.6096175355748134f,0.5364173682608979f,0f,0f,0f,1f], start_interpolation: 0, interpolation_duration: 1 }
$data merge entity $(bone_air_staff_povit_1) { transformation: [-0.000012888499570464563f,0f,0.000008833300845218324f,-0.3946186929111952f,0f,0.000015625f,0f,1.6111871518748444f,-0.000008833300845218324f,0f,-0.000012888499570464563f,0.3580445251794667f,0f,0f,0f,1f], start_interpolation: 0, interpolation_duration: 1 }