# This file was generated by Animated Java via MC-Build. It is not recommended to edit this file directly.
$data merge entity $(bone_wing_right_1) { transformation: [-0.8064059209970383f,-0.12793337576603406f,-0.016940672668739616f,0.240040558196484f,-0.12883272451876332f,0.8043010089904787f,0.05870656244760603f,1.6018946524979463f,0.007487597641105586f,0.06064142764190958f,-0.8143776750252676f,-0.3760948530913784f,0f,0f,0f,1f], start_interpolation: 0, interpolation_duration: 1 }
$data merge entity $(bone_wing_right_2) { transformation: [-0.7777762370520258f,0.18651737958990736f,-0.01659494465509187f,0.240040558196484f,0.18491437075065884f,0.7762083814572404f,0.057508469336430404f,1.6018946524979463f,0.029509330169948507f,0.05207509641321542f,-0.7977577224737316f,-0.3760948530913784f,0f,0f,0f,1f], start_interpolation: 0, interpolation_duration: 1 }
$data merge entity $(bone_wing_left_1) { transformation: [-0.08076291330832111f,0.028498426165678416f,0.8121635524846436f,0.1629537835545326f,0.20008749025365288f,0.7917368712873566f,-0.007884626341581293f,1.6080860332768612f,-0.7876463626034157f,0.19820446714095868f,-0.08527978146912452f,-0.4438834414345222f,0f,0f,0f,1f], start_interpolation: 0, interpolation_duration: 1 }
$data merge entity $(bone_wing_left_2) { transformation: [-0.08377575000845015f,-0.004484097530819372f,0.795588786107406f,0.1629537835545326f,-0.11571707410025288f,0.7915490527939555f,-0.007723715599916369f,1.6080860332768612f,-0.7871411452034497f,-0.11588783322819488f,-0.083539377765673f,-0.4438834414345222f,0f,0f,0f,1f], start_interpolation: 0, interpolation_duration: 1 }
$data merge entity $(bone_staff) { transformation: [1.5206983187830758f,0.23540648827919705f,0.271047336320396f,-0.4645642469732386f,0.05711502177904919f,1.006022551885951f,-1.1941786924007882f,1.974255021951913f,-0.3544301730066223f,1.1721384988016281f,0.9705033962277315f,-1.0396149792718816f,0f,0f,0f,1f], start_interpolation: 0, interpolation_duration: 1 }
$data merge entity $(bone_arm_right_2) { transformation: [-0.23790697449911907f,0.5041108906551764f,0.8302243560673946f,-0.2900641558052983f,0.655680208683866f,0.7139674082575456f,-0.245629810662885f,2.0434457794450713f,-0.716577794398457f,0.4859246339390994f,-0.5003933599741257f,-0.6049018992748576f,0f,0f,0f,1f], start_interpolation: 0, interpolation_duration: 1 }
$data merge entity $(bone_arm_right_1) { transformation: [-0.18861837601308434f,0.5041108906551764f,0.8427901981828166f,-0.22587759736751264f,0.6400825792534279f,0.7139674082575456f,-0.2838042136443396f,1.8294144509173578f,-0.7447935284133891f,0.4859246339390994f,-0.4573399721921171f,-0.3562452196510958f,0f,0f,0f,1f], start_interpolation: 0, interpolation_duration: 1 }
$data merge entity $(bone_arm_left_2) { transformation: [-0.3123176387776572f,0.5882492309133303f,0.74593601256289f,0.42869237867396914f,0.8104503109911536f,0.5746405729084336f,-0.11383543113551906f,1.5226896507484835f,-0.4956087024283282f,0.5689912602996134f,-0.6562171590106176f,0.136107839984622f,0f,0f,0f,1f], start_interpolation: 0, interpolation_duration: 1 }
$data merge entity $(bone_arm_left_1) { transformation: [-0.6238703102779758f,0.5119200583115152f,0.590528314183153f,0.22088985963190041f,0.718414268438218f,0.6731242490542328f,0.17545564749974546f,1.7563933441647097f,-0.30767966273064273f,0.5337055360716335f,-0.7877129083038109f,0.03453532376956381f,0f,0f,0f,1f], start_interpolation: 0, interpolation_duration: 1 }
$data merge entity $(bone_himo_right_2) { transformation: [-0.6624472910887259f,-0.0836486686300972f,0.7444235936384747f,-0.24431731118241687f,-0.5104899511142478f,0.7776842960834673f,-0.3668884645727293f,1.4730117049102607f,-0.5482368068094129f,-0.6230650334127041f,-0.5578766600224859f,-0.07969930757148261f,0f,0f,0f,1f], start_interpolation: 0, interpolation_duration: 1 }
$data merge entity $(bone_himo_right_1) { transformation: [-0.7284906680198309f,-0.07618680576189527f,0.6808060790238434f,-0.25434729926887323f,-0.19996482448752367f,0.974165557840025f,-0.10495491835024523f,1.6550117787655763f,-0.6552216537750369f,-0.21259594668297901f,-0.7249051992352334f,-0.12409170506976136f,0f,0f,0f,1f], start_interpolation: 0, interpolation_duration: 1 }
$data merge entity $(bone_himo_left_2) { transformation: [-0.4917385947099f,-0.2645621531655284f,0.8295782190879605f,0.0242083444895021f,-0.7662620299852188f,0.5839822489453083f,-0.2679687189201597f,1.466144786174762f,-0.41356457280050507f,-0.7674448514578747f,-0.489890542973771f,0.1475773112050249f,0f,0f,0f,1f], start_interpolation: 0, interpolation_duration: 1 }
$data merge entity $(bone_himo_left_1) { transformation: [-0.6707509517984012f,-0.2594868643968025f,0.6948091305294242f,-0.020102885519089495f,-0.4127748257307127f,0.9089180510660929f,-0.05903320835931995f,1.6361979631974086f,-0.6162062186512878f,-0.32639629846511836f,-0.7167672930901288f,0.08189820966100192f,0f,0f,0f,1f], start_interpolation: 0, interpolation_duration: 1 }
$data merge entity $(bone_ponpon1) { transformation: [-0.7495821239993079f,0.0575562488342979f,0.6594042141212099f,0.23341923778762358f,0.060204209818136706f,0.998011387923622f,-0.018674118317588743f,2.332139862071233f,-0.6591677271384424f,0.025701124389604313f,-0.7515566244164507f,0.06576116421703684f,0f,0f,0f,1f], start_interpolation: 0, interpolation_duration: 1 }
$data merge entity $(bone_ponpon2) { transformation: [-0.7495821239993079f,0.0575562488342979f,0.6594042141212099f,0.31615318140717374f,0.060204209818136706f,0.998011387923622f,-0.018674118317588743f,2.203380082120326f,-0.6591677271384424f,0.025701124389604313f,-0.7515566244164507f,0.01680887989698565f,0f,0f,0f,1f], start_interpolation: 0, interpolation_duration: 1 }
$data merge entity $(bone_ponpon3) { transformation: [-0.7495821239993079f,0.0575562488342979f,0.6594042141212099f,-0.20696026006196983f,0.060204209818136706f,0.998011387923622f,-0.018674118317588743f,2.3675098353393884f,-0.6591677271384424f,0.025701124389604313f,-0.7515566244164507f,-0.32149987547679804f,0f,0f,0f,1f], start_interpolation: 0, interpolation_duration: 1 }
$data merge entity $(bone_ponpon4) { transformation: [-0.7495821239993079f,0.0575562488342979f,0.6594042141212099f,-0.18044497574236765f,0.060204209818136706f,0.998011387923622f,-0.018674118317588743f,2.243265371124842f,-0.6591677271384424f,0.025701124389604313f,-0.7515566244164507f,-0.41988973933223245f,0f,0f,0f,1f], start_interpolation: 0, interpolation_duration: 1 }
$data merge entity $(bone_ear_edge_a1) { transformation: [-0.7313497431965392f,0.17410811447358024f,0.6594042141212099f,0.1801465145001978f,0.21558637366600705f,0.9763061982772624f,-0.018674118317588743f,2.4442225988339232f,-0.6470317369464166f,0.12850125166648463f,-0.7515566244164507f,-0.012870708087984545f,0f,0f,0f,1f], start_interpolation: 0, interpolation_duration: 1 }
$data merge entity $(bone_ear_edge_a2) { transformation: [-0.7495821239993079f,0.05755624883429791f,0.6594042141212099f,0.09438590492665129f,0.06020420981813668f,0.998011387923622f,-0.018674118317588743f,2.4612145642124332f,-0.6591677271384424f,0.025701124389604306f,-0.7515566244164507f,-0.0885379505588797f,0f,0f,0f,1f], start_interpolation: 0, interpolation_duration: 1 }
$data merge entity $(bone_ear_edge_b1) { transformation: [-0.7133922145878129f,0.2371869106099348f,0.6594042141212099f,0.077394252132697f,0.29985669428689943f,0.9538014679147824f,-0.018674118317588743f,2.45824821967349f,-0.633369963810117f,0.18440479722317737f,-0.7515566244164507f,-0.10337245966454237f,0f,0f,0f,1f], start_interpolation: 0, interpolation_duration: 1 }
$data merge entity $(bone_ear_edge_b2) { transformation: [-0.7517711005797314f,0.005127838953081124f,0.6594042141212099f,0.09978828615661277f,-0.00956019978915948f,0.9997799157239817f,-0.018674118317588743f,2.4664771202890123f,-0.6593548474934653f,-0.020342698508782273f,-0.7515566244164507f,-0.0839287444898245f,0f,0f,0f,1f], start_interpolation: 0, interpolation_duration: 1 }
$data merge entity $(bone_ear_right_2) { transformation: [-0.7417133800955376f,0.12266761669830367f,0.6594042141212099f,0.16973818027265514f,0.14695753840873527f,0.988966510661461f,-0.018674118317588743f,2.5669435104285117f,-0.6544193943428769f,0.0830535767059569f,-0.7515566244164507f,-0.06663246463714145f,0f,0f,0f,1f], start_interpolation: 0, interpolation_duration: 1 }
$data merge entity $(bone_ear_right_1) { transformation: [-0.7417133800955376f,0.12266761669830367f,0.6594042141212099f,0.14213796651553684f,0.14695753840873527f,0.988966510661461f,-0.018674118317588743f,2.3444260455296835f,-0.6544193943428769f,0.0830535767059569f,-0.7515566244164507f,-0.08531951939598173f,0f,0f,0f,1f], start_interpolation: 0, interpolation_duration: 1 }
$data merge entity $(bone_ear_edge_a3) { transformation: [-0.749357305188771f,-0.060412842669523216f,0.6594042141212099f,-0.11254772538873171f,-0.0966603814817732f,0.9951422249894025f,-0.018674118317588743f,2.4677309308320448f,-0.655072820236057f,-0.07773184986688961f,-0.7515566244164507f,-0.2702602464413269f,0f,0f,0f,1f], start_interpolation: 0, interpolation_duration: 1 }
$data merge entity $(bone_ear_edge_a4) { transformation: [-0.7495821239993079f,0.057556248834297906f,0.6594042141212099f,-0.0256270831162719f,0.060204209818136706f,0.9980113879236221f,-0.018674118317588743f,2.47085365095384f,-0.6591677271384425f,0.025701124389604313f,-0.7515566244164507f,-0.19407500383500578f,0f,0f,0f,1f], start_interpolation: 0, interpolation_duration: 1 }
$data merge entity $(bone_ear_edge_b3) { transformation: [-0.7412404482310121f,-0.1254937460811407f,0.6594042141212099f,-0.009132680050711967f,-0.18302491930617654f,0.9829309010393499f,-0.018674118317588743f,2.4651978058673225f,-0.6458052932728688f,-0.1345294149117357f,-0.7515566244164507f,-0.17946253625187097f,0f,0f,0f,1f], start_interpolation: 0, interpolation_duration: 1 }
$data merge entity $(bone_ear_edge_b4) { transformation: [-0.7437412586584914f,0.1097042504567279f,0.6594042141212099f,-0.03037545344231023f,0.1296753105669049f,0.9913806489610524f,-0.018674118317588743f,2.476931485246005f,-0.6557692078761095f,0.07161973399343274f,-0.7515566244164507f,-0.1983921683632323f,0f,0f,0f,1f], start_interpolation: 0, interpolation_duration: 1 }
$data merge entity $(bone_ear_left_2) { transformation: [-0.7517460953293822f,-0.007993156836750115f,0.6594042141212099f,-0.04705602477255891f,-0.02700730916147369f,0.9994607959079321f,-0.018674118317588743f,2.5843557770635015f,-0.6588993955141287f,-0.03184692900211636f,-0.7515566244164507f,-0.25727701020606847f,0f,0f,0f,1f], start_interpolation: 0, interpolation_duration: 1 }
$data merge entity $(bone_ear_left_1) { transformation: [-0.7517460953293822f,-0.007993156836750115f,0.6594042141212099f,-0.045257564484290136f,-0.02700730916147369f,0.9994607959079321f,-0.018674118317588743f,2.3594770979842172f,-0.6588993955141287f,-0.03184692900211636f,-0.7515566244164507f,-0.2501114511805923f,0f,0f,0f,1f], start_interpolation: 0, interpolation_duration: 1 }
$data merge entity $(bone_head) { transformation: [-0.7495821239993079f,0.0575562488342979f,0.6594042141212099f,-0.001663758203242144f,0.060204209818136706f,0.998011387923622f,-0.018674118317588743f,1.8410543016435186f,-0.6591677271384424f,0.025701124389604313f,-0.7515566244164507f,-0.15740116702494517f,0f,0f,0f,1f], start_interpolation: 0, interpolation_duration: 1 }
$data merge entity $(bone_body_1) { transformation: [-0.7495821239993079f,0.01719323059291083f,0.6616880172728422f,-0.008111219675583705f,0.060204209818136706f,0.997289923158262f,0.04228785034926009f,1.4670705804591704f,-0.6591677271384424f,0.07153462091020431f,-0.7485858037061438f,-0.1842266498662718f,0f,0f,0f,1f], start_interpolation: 0, interpolation_duration: 1 }
$data merge entity $(bone_leg_left_2) { transformation: [-0.676158282121131f,-0.2156857175862257f,0.7044782812467081f,0.05955483775643769f,-0.2756087823323092f,0.9608129166562249f,0.029636772561466518f,0.8905304917004638f,-0.6832640606824735f,-0.17412125205118748f,-0.7091064891564762f,0.047402149109196115f,0f,0f,0f,1f], start_interpolation: 0, interpolation_duration: 1 }
$data merge entity $(bone_leg_left_1) { transformation: [-0.676158282121131f,0.1133779774969583f,0.7279803649396734f,0.10658779476570543f,-0.2756087823323092f,0.8774235344662066f,-0.39264200013005673f,1.194250698471377f,-0.6832640606824735f,-0.4661259222393975f,-0.5620292234360844f,-0.12165354461035348f,0f,0f,0f,1f], start_interpolation: 0, interpolation_duration: 1 }
$data merge entity $(bone_leg_right_2) { transformation: [-0.676378449029069f,0.1115555946237099f,0.7280573761711241f,-0.2396785238831891f,0.24612777596027455f,0.9658751048033416f,0.08066225772926777f,0.8823199477413536f,-0.694214168387451f,0.233753355546577f,-0.6807540357433333f,-0.25389410926105627f,0f,0f,0f,1f], start_interpolation: 0, interpolation_duration: 1 }
$data merge entity $(bone_leg_right_1) { transformation: [-0.676378449029069f,0.4299278946664301f,0.598058691999976f,-0.06659594281685821f,0.24612777596027455f,0.8972209186275313f,-0.3666275236231149f,1.2223588973684838f,-0.694214168387451f,-0.10078010004390575f,-0.7126780899152577f,-0.301971919890487f,0f,0f,0f,1f], start_interpolation: 0, interpolation_duration: 1 }
$data merge entity $(bone_skirt_forward_right) { transformation: [-0.6345670293638752f,0.39134180030496846f,0.6664655134201415f,-0.0007295675888756693f,0.16517267586978948f,0.9110740551953365f,-0.3777063053431042f,1.301219996854263f,-0.7550117034790388f,-0.12959807592704053f,-0.6427765290718763f,-0.19147145747251823f,0f,0f,0f,1f], start_interpolation: 0, interpolation_duration: 1 }
$data merge entity $(bone_skirt_forward_left) { transformation: [-0.7430066165770248f,0.15058756248532576f,0.6521231124162752f,0.008571088743162049f,-0.16517267586978948f,0.9029641575603059f,-0.3967035635174208f,1.30610229807117f,-0.6485824194878976f,-0.4024662919874594f,-0.646035392950796f,-0.2005996939358383f,0f,0f,0f,1f], start_interpolation: 0, interpolation_duration: 1 }
$data merge entity $(bone_skirt_forward) { transformation: [-0.7004604665060526f,0.2982280550701785f,0.6483942951871041f,-0.0007295675888756693f,0f,0.9085081775267217f,-0.4178670738010766f,1.301219996854263f,-0.7136912041367212f,-0.29269936545222125f,-0.6363740618549312f,-0.19147145747251823f,0f,0f,0f,1f], start_interpolation: 0, interpolation_duration: 1 }
$data merge entity $(bone_skirt_back_right) { transformation: [-0.7172289151740452f,-0.027397781627580498f,0.6962988186117722f,-0.0014450710105374993f,0.17636280526959264f,0.9595576030660895f,0.21942052619456717f,1.3312645776550232f,-0.6741504610661495f,0.2801759589257229f,-0.6833905090680946f,-0.1907692183842137f,0f,0f,0f,1f], start_interpolation: 0, interpolation_duration: 1 }
$data merge entity $(bone_skirt_back_left) { transformation: [-0.6606129029407397f,-0.2806395333306751f,0.6962988186117722f,-0.0014450710105374993f,-0.17636280526959264f,0.9595576030660895f,0.21942052619456717f,1.3312645776550232f,-0.7297168994792764f,0.022150817817902207f,-0.6833905090680946f,-0.1907692183842137f,0f,0f,0f,1f], start_interpolation: 0, interpolation_duration: 1 }
$data merge entity $(bone_skirt_back) { transformation: [-0.7004604665060526f,-0.15659849955211363f,0.6962988186117722f,-0.0014450710105374993f,0f,0.9756303770816586f,0.21942052619456717f,1.3312645776550232f,-0.7136912041367212f,0.15369540413925004f,-0.6833905090680946f,-0.1907692183842137f,0f,0f,0f,1f], start_interpolation: 0, interpolation_duration: 1 }
$data merge entity $(bone_skirt_right) { transformation: [-0.6825385123758082f,0.19093465894735123f,0.705468025594695f,-0.13771845534345634f,0.21087643579562973f,0.9756670264360673f,-0.060041505240409285f,1.400484096717146f,-0.6997658951034627f,0.10778594313759614f,-0.7061939411464733f,-0.32849808637089917f,0f,0f,0f,1f], start_interpolation: 0, interpolation_duration: 1 }
$data merge entity $(bone_skirt_left) { transformation: [-0.6865854830539515f,-0.09459059230448962f,0.7208696097818645f,0.13602537377069537f,-0.2129059963022495f,0.974193849142599f,-0.07494918966388779f,1.3947792617385868f,-0.6951772516402694f,-0.20493648806450437f,-0.6890062587971669f,-0.0542152191856006f,0f,0f,0f,1f], start_interpolation: 0, interpolation_duration: 1 }
$data merge entity $(bone_coat_downer) { transformation: [-0.7004604665060526f,-0.03330839550542955f,0.7129135190547145f,-0.007768404666877023f,0f,0.9989103339406469f,0.046670598309697935f,1.2484606622740921f,-0.7136912041367212f,0.0326909090641276f,-0.6996971985097824f,-0.1955097206316799f,0f,0f,0f,1f], start_interpolation: 0, interpolation_duration: 1 }
$data merge entity $(bone_body_2) { transformation: [-0.7004604665060526f,0.010276060519377947f,0.7136172205337572f,2.3536180671113194e-17f,0f,0.9998963366753925f,-0.014398468777274397f,1.471875f,-0.7136912041367212f,-0.010085558156702458f,-0.7003878544453385f,-0.19218749999999998f,0f,0f,0f,1f], start_interpolation: 0, interpolation_duration: 1 }
$data merge entity $(bone_book_left) { transformation: [-0.37417816435273676f,-0.2897762441264577f,-0.8809202175348119f,-1.609912566390677f,0.07134197524224783f,0.9381158720101999f,-0.3388936901907098f,1.7258459343075443f,0.9246085787457043f,-0.189653207256049f,-0.3303492653046822f,-0.4664014727520806f,0f,0f,0f,1f], start_interpolation: 0, interpolation_duration: 1 }
$data merge entity $(bone_book_right) { transformation: [-0.7619881890606978f,-0.2897762441264577f,-0.5791405080565184f,-1.6650170144026715f,-0.10622562373538996f,0.9381158720101999f,-0.3296281655814164f,1.7241540656924563f,0.638819314512348f,-0.189653207256049f,-0.7456148767181812f,-0.3905746972048989f,0f,0f,0f,1f], start_interpolation: 0, interpolation_duration: 1 }
$data merge entity $(bone_book_loot_1) { transformation: [-0.5877807787946082f,-0.2897762441264577f,-0.7553432891206274f,-1.52416329702858f,-0.01804659856093746f,0.9381158720101999f,-0.3458510242328663f,1.7768776536349302f,0.8088189391699385f,-0.189653207256049f,-0.5566359533999847f,-0.344992691968492f,0f,0f,0f,1f], start_interpolation: 0, interpolation_duration: 1 }
$data merge entity $(bone_book_left2) { transformation: [0.9240602644054461f,-0.32625637389642026f,0.19917180081250607f,0.9315581230136878f,0.3777760508851985f,0.700022562374983f,-0.6060145770058234f,2.6053642584495513f,0.058291364064682744f,0.6352363266201975f,0.7701148785847192f,0.7982797643693479f,0f,0f,0f,1f], start_interpolation: 0, interpolation_duration: 1 }
$data merge entity $(bone_book_right2) { transformation: [0.6487301135617585f,-0.32625637389642026f,0.6875361941382486f,0.8543612546183202f,0.654585573052158f,0.700022562374983f,-0.2854577722149828f,2.5546931165504483f,-0.38815843068279f,0.6352363266201975f,0.6676884318542233f,0.814470545344621f,0f,0f,0f,1f], start_interpolation: 0, interpolation_duration: 1 }
$data merge entity $(bone_book_loot_2) { transformation: [0.823433262883921f,-0.32625637389642026f,0.46423532832853087f,0.8233243895667244f,0.5404921802570989f,0.700022562374983f,-0.46672970255479873f,2.65003814288322f,-0.17270166373624624f,0.6352363266201975f,0.7527608814788469f,0.6934610226351574f,0f,0f,0f,1f], start_interpolation: 0, interpolation_duration: 1 }
$data merge entity $(bone_air_staff_povit_1) { transformation: [-0.000010944694789157074f,0f,0.000011151425064636269f,-0.49571827626100323f,0f,0.000015625f,0f,1.6379975f,-0.000011151425064636269f,0f,-0.000010944694789157074f,0.28422800445705443f,0f,0f,0f,1f], start_interpolation: 0, interpolation_duration: 1 }