execute if entity @s[tag=aj.louvert.locator_origin.locator] at @s on origin run tp @s ^0.85277 ^0.80728 ^-0.02656 ~-103.9765 ~9.94954
execute if entity @s[tag=aj.louvert.bone.sword_0] run data modify entity @s {} merge value {transformation:[0.2225868157501394f,-0.19209539574114104f,-0.9558004333485455f,0.008954227779703448f,0.9538574328198037f,0.245566291264328f,0.17278076990537986f,0.9653080276674377f,0.20152197723480647f,-0.9501560690379957f,0.2378914398662471f,0.15747009878381563f,0f,0f,0f,1f],start_interpolation:0}
execute if entity @s[tag=aj.louvert.bone.right_arm_1] run data modify entity @s {} merge value {transformation:[0.8306214749968736f,-0.3739070789805874f,-0.41262750945886195f,-0.2975254851554293f,-0.5556527907685015f,-0.5082504949265434f,-0.6579752354899838f,1.164234178612908f,0.036303462440850476f,0.7758059877927782f,-0.6299262876874382f,0.14489466387978817f,0f,0f,0f,1f],start_interpolation:0}
execute if entity @s[tag=aj.louvert.bone.right_arm_0] run data modify entity @s {} merge value {transformation:[0.17013815746428276f,-0.8948695691621411f,-0.41262750945886195f,-0.29957f,-0.7350437795074805f,0.16364361181927908f,-0.6579752354899838f,1.358189037386501f,0.6563258714861219f,0.4152459783047937f,-0.6299262876874382f,-0.05635724969413501f,0f,0f,0f,1f],start_interpolation:0}
execute if entity @s[tag=aj.louvert.locator_origin.locator2] at @s on origin run tp @s ^0.81869 ^0.78978 ^-0.95531 ~-173.86769 ~45.30987
execute if entity @s[tag=aj.louvert.bone.sword_1] run data modify entity @s {} merge value {transformation:[-0.9923601267812926f,-0.09786381676531836f,-0.07512690691583655f,0.750211243361249f,0.015517439759612311f,-0.7031010681281046f,0.7109205982811475f,1.3953738110368874f,-0.12239521166256206f,0.7043234777893195f,0.69924806098897f,-0.32330533285176677f,0f,0f,0f,1f],start_interpolation:0}
execute if entity @s[tag=aj.louvert.bone.left_arm_1] run data modify entity @s {} merge value {transformation:[-0.7266947298302429f,0.6856648633639738f,0.042171848252281985f,0.4704484031940612f,0.17988952766477734f,0.13068865734219734f,0.9749667854232966f,1.4589318373819407f,0.662989085485948f,0.7160894985894968f,-0.21831468694604445f,-0.0815752672773406f,0f,0f,0f,1f],start_interpolation:0}
execute if entity @s[tag=aj.louvert.bone.left_arm_0] run data modify entity @s {} merge value {transformation:[-0.6640588902209958f,0.6856648633639738f,-0.29814339748940005f,0.26293f,-0.29062560130545523f,0.13068865734219734f,0.947869840594127f,1.368111336973986f,0.6888850050511346f,0.7160894985894968f,0.11248679845004633f,0.13370129680113896f,0f,0f,0f,1f],start_interpolation:0}
execute if entity @s[tag=aj.louvert.bone.wing_0] run data modify entity @s {} merge value {transformation:[-0.7071067811865475f,-1.0328566345430088e-16f,0.7071067811865476f,-0.0026949999999999474f,0.5963678105290181f,0.5372996083468238f,0.596367810529018f,1.605110319511208f,-0.37992819659091537f,0.8433914458128856f,-0.37992819659091503f,-0.4248643168704524f,0f,0f,0f,1f],start_interpolation:0}
execute if entity @s[tag=aj.louvert.bone.wing_1] run data modify entity @s {} merge value {transformation:[-0.7071067811865475f,-1.0328566345430088e-16f,-0.7071067811865476f,-0.002694999999999964f,-0.5963678105290181f,0.5372996083468238f,0.596367810529018f,1.3942624580579865f,0.37992819659091515f,0.8433914458128856f,-0.37992819659091526f,-0.29053941478374645f,0f,0f,0f,1f],start_interpolation:0}