execute if entity @s[tag=aj.louvert.locator_origin.locator] at @s on origin run tp @s ^0.85277 ^0.80728 ^-0.02654 ~-103.97539 ~9.94933
execute if entity @s[tag=aj.louvert.bone.sword_0] run data modify entity @s {} merge value {transformation:[0.2225860759997628f,-0.1920702970457691f,-0.9558056495772443f,0.008951169044226777f,0.9538497194731732f,0.2455987488775801f,0.1727772184366819f,0.9653060539680001f,0.2015593000384185f,-0.950152753794103f,0.23787306073934697f,0.15747104769220893f,0f,0f,0f,1f],start_interpolation:0}
execute if entity @s[tag=aj.louvert.bone.right_arm_1] run data modify entity @s {} merge value {transformation:[0.8306213658504457f,-0.37391918510518884f,-0.4126167587520073f,-0.29752857219859075f,-0.5556524651710573f,-0.508259123274632f,-0.6579688454307163f,1.1642320255035226f,0.036310942456340034f,0.7757945002501462f,-0.6299400041587756f,0.14489262015416526f,0f,0f,0f,1f],start_interpolation:0}
execute if entity @s[tag=aj.louvert.bone.right_arm_0] run data modify entity @s {} merge value {transformation:[0.17012817810374795f,-0.8948764235424284f,-0.4126167587520073f,-0.29957f,-0.7350506606814343f,0.16363839608831876f,-0.6579688454307163f,1.358189037386501f,0.6563207518027193f,0.4152332620510488f,-0.6299400041587756f,-0.05635724969413501f,0f,0f,0f,1f],start_interpolation:0}
execute if entity @s[tag=aj.louvert.locator_origin.locator2] at @s on origin run tp @s ^0.81868 ^0.78979 ^-0.95532 ~-173.86739 ~45.30978
execute if entity @s[tag=aj.louvert.bone.sword_1] run data modify entity @s {} merge value {transformation:[-0.9923630374433843f,-0.0978314129040958f,-0.07513066328289844f,0.7502011553469015f,0.015491981575327635f,-0.7031026760886591f,0.7109195632304937f,1.3953856604376693f,-0.12237483574252372f,0.7043263742940159f,0.6992487097241121f,-0.32331538190645187f,0f,0f,0f,1f],start_interpolation:0}
execute if entity @s[tag=aj.louvert.bone.left_arm_1] run data modify entity @s {} merge value {transformation:[-0.7266856903843126f,0.6856762479592312f,0.0421425008183644f,0.47044166281175515f,0.17987183290952652f,0.130707042978931f,0.9749675854311626f,1.4589368576451034f,0.6630037941946051f,0.7160752417869611f,-0.21831678126819037f,-0.08157964660054917f,0f,0f,0f,1f],start_interpolation:0}
execute if entity @s[tag=aj.louvert.bone.left_arm_0] run data modify entity @s {} merge value {transformation:[-0.6640373209976165f,0.6856762479592312f,-0.29816525502958824f,0.26293f,-0.29064166614757575f,0.130707042978931f,0.9478623796810721f,1.368111336973986f,0.6888990188854021f,0.7160752417869611f,0.11249173248943961f,0.13370129680113896f,0f,0f,0f,1f],start_interpolation:0}
execute if entity @s[tag=aj.louvert.bone.wing_0] run data modify entity @s {} merge value {transformation:[-0.8329212407100995f,-1.0328566345430088e-16f,0.553391549243344f,-0.0026949999999999474f,0.46672569881697656f,0.5372996083468238f,0.7024786494507533f,1.605110319511208f,-0.2973370626708909f,0.8433914458128856f,-0.44752825641728694f,-0.4248643168704524f,0f,0f,0f,1f],start_interpolation:0}
execute if entity @s[tag=aj.louvert.bone.wing_1] run data modify entity @s {} merge value {transformation:[-0.8329212407100995f,-1.0328566345430088e-16f,-0.553391549243344f,-0.002694999999999964f,-0.46672569881697656f,0.5372996083468238f,0.7024786494507533f,1.3942624580579865f,0.29733706267089066f,0.8433914458128856f,-0.44752825641728705f,-0.29053941478374645f,0f,0f,0f,1f],start_interpolation:0}