execute if entity @s[tag=aj.louvert.bone.head] run data modify entity @s {} merge value {transformation:[-1f,-5.341834311772731e-18f,1.2234812067540777e-16f,-0.0026950000000000147f,0f,0.9990482215818577f,0.043619387365336104f,1.3930339897867088f,-1.2246467991473532e-16f,0.043619387365336104f,-0.9990482215818577f,0.12262254579378033f,0f,0f,0f,1f],start_interpolation:0}
execute if entity @s[tag=aj.louvert.bone.coat_0] run data modify entity @s {} merge value {transformation:[-0.8433914458128857f,0.5372996083468239f,1.0328566345430087e-16f,-0.25269499999999995f,0.45315389351832497f,0.7113091308703496f,0.5372996083468239f,0.7632840012677873f,0.28869086912965025f,0.4531538935183251f,-0.8433914458128856f,-0.4233523790888204f,0f,0f,0f,1f],start_interpolation:0}
execute if entity @s[tag=aj.louvert.bone.coat_1] run data modify entity @s {} merge value {transformation:[-0.8433914458128857f,-0.5372996083468239f,1.0328566345430087e-16f,0.24730500000000002f,-0.45315389351832497f,0.7113091308703496f,0.5372996083468239f,0.7632840012677873f,-0.2886908691296505f,0.45315389351832497f,-0.8433914458128856f,-0.4233523790888204f,0f,0f,0f,1f],start_interpolation:0}
execute if entity @s[tag=aj.louvert.bone.coat_2] run data modify entity @s {} merge value {transformation:[-1f,-9.715776287805218e-17f,7.455177354798984e-17f,-0.002694999999999935f,0f,0.6087614290087205f,0.7933533402912352f,0.8304464523111402f,-1.2246467991473532e-16f,0.7933533402912352f,-0.6087614290087205f,-0.5287763098154311f,0f,0f,0f,1f],start_interpolation:0}
execute if entity @s[tag=aj.louvert.bone.right_leg_1] run data modify entity @s {} merge value {transformation:[-0.9537169395492222f,0.2825710421215808f,0.10284748597408168f,-0.22575098572427532f,0.30041963040142006f,0.880429054055727f,0.3668688136705161f,0.44535197753007855f,0.01311658821261541f,0.3807864059139473f,-0.9245699909605543f,-0.2712269618480262f,0f,0f,0f,1f],start_interpolation:0}
execute if entity @s[tag=aj.louvert.bone.right_leg_0] run data modify entity @s {} merge value {transformation:[-0.9537169395492222f,0.2725320548113808f,-0.1270837452908579f,-0.12769499999999995f,0.30041963040142006f,0.8819727804287478f,-0.36314192852417615f,0.7632840012677873f,0.01311658821261541f,-0.38451306048438755f,-0.9230263600951982f,-0.4233523790888204f,0f,0f,0f,1f],start_interpolation:0}
execute if entity @s[tag=aj.louvert.bone.left_leg_1] run data modify entity @s {} merge value {transformation:[-0.9073624700627226f,-0.4182281559767227f,-0.04217294713421195f,0.2878234006935604f,-0.33648652507980253f,0.6625415267265683f,0.6691902149632398f,0.4173775975421739f,-0.2519328608208828f,0.6213887148244148f,-0.7418934551048876f,-0.5574847070096424f,0f,0f,0f,1f],start_interpolation:0}
execute if entity @s[tag=aj.louvert.bone.left_leg_0] run data modify entity @s {} merge value {transformation:[-0.9073624700627226f,-0.4074299093995332f,0.10341284663117559f,0.12230500000000005f,-0.33648652507980253f,0.8514619168630483f,0.402230558972864f,0.7632840012677873f,-0.2519328608208828f,0.33017188411279264f,-0.9096792624766239f,-0.4233523790888204f,0f,0f,0f,1f],start_interpolation:0}
execute if entity @s[tag=aj.louvert.bone.body_1] run data modify entity @s {} merge value {transformation:[-1f,-6.580022455450642e-17f,1.0328566345430087e-16f,-0.0026949999999999683f,0f,0.8433914458128856f,0.5372996083468239f,1.026843828084314f,-1.2246467991473532e-16f,0.5372996083468239f,-0.8433914458128856f,-0.2554462514804379f,0f,0f,0f,1f],start_interpolation:0}
execute if entity @s[tag=aj.louvert.locator_origin.locator] at @s on origin run tp @s ^0.81664 ^0.76807 ^0.13014 ~-98.54431 ~14.69937
execute if entity @s[tag=aj.louvert.bone.sword_0] run data modify entity @s {} merge value {transformation:[0.26387540819393096f,-0.12413887763415168f,-0.9565350532051708f,-0.02605525806457011f,0.962921952173047f,0.0916165286181907f,0.2537473659118466f,0.993143351649026f,0.05613450786935492f,-0.9880262905123961f,0.14371139927848384f,0.23052802176040596f,0f,0f,0f,1f],start_interpolation:0}
execute if entity @s[tag=aj.louvert.bone.right_arm_1] run data modify entity @s {} merge value {transformation:[0.7948696779541847f,-0.4449078609654805f,-0.4126005214734118f,-0.31973077266288646f,-0.5791734743152956f,-0.35353152667701615f,-0.7345567005309853f,1.2009776567766395f,0.1809427581268736f,0.8228441255162113f,-0.538690322341975f,0.16557252627531652f,0f,0f,0f,1f],start_interpolation:0}
execute if entity @s[tag=aj.louvert.bone.right_arm_0] run data modify entity @s {} merge value {transformation:[0.09147133341434922f,-0.9063077870366499f,-0.4126005214734118f,-0.29957f,-0.6217963302249075f,0.27165378227418446f,-0.7345567005309853f,1.35838895847478f,0.7778189499377337f,0.3237443709670645f,-0.538690322341975f,-0.06451490350591349f,0f,0f,0f,1f],start_interpolation:0}
execute if entity @s[tag=aj.louvert.locator_origin.locator2] at @s on origin run tp @s ^0.7229 ^0.60504 ^-0.87577 ~-179.13207 ~56.14686
execute if entity @s[tag=aj.louvert.bone.sword_1] run data modify entity @s {} merge value {transformation:[-0.9983985524554762f,-0.05593859437574403f,-0.008438253022705768f,0.7140331130855421f,0.02416315858318599f,-0.5565417516121072f,0.8304681935389284f,1.319368000686033f,-0.05115146353813371f,0.8289343474436279f,0.5570021323173847f,-0.3653534941761908f,0f,0f,0f,1f],start_interpolation:0}
execute if entity @s[tag=aj.louvert.bone.left_arm_1] run data modify entity @s {} merge value {transformation:[-0.6702340331249137f,0.7409236180365981f,0.042644261943068196f,0.4548661803003665f,0.3230067781768552f,0.23949210508817786f,0.9155927876803316f,1.4356162362137483f,0.6681713568336491f,0.6274358324450319f,-0.39983911023196567f,-0.1202838250179628f,0f,0f,0f,1f],start_interpolation:0}
execute if entity @s[tag=aj.louvert.bone.left_arm_0] run data modify entity @s {} merge value {transformation:[-0.6141957769611728f,0.7409236180365981f,-0.2716537130219614f,0.26293f,-0.13626318856652658f,0.23949210508817786f,0.9612886533409807f,1.3930339897867088f,0.777300386597578f,0.6274358324450319f,-0.046134424882786185f,0.12262254579378036f,0f,0f,0f,1f],start_interpolation:0}
execute if entity @s[tag=aj.louvert.bone.wing_0] run data modify entity @s {} merge value {transformation:[-0.7071067811865474f,-9.381338752702731e-17f,0.7071067811865477f,-0.002694999999999943f,0.5416752204197018f,0.6427876096865393f,0.5416752204197018f,1.5550979705164498f,-0.45451947767204376f,0.766044443118978f,-0.4545194776720435f,-0.462099036371638f,0f,0f,0f,1f],start_interpolation:0}
execute if entity @s[tag=aj.louvert.bone.wing_1] run data modify entity @s {} merge value {transformation:[-0.7071067811865476f,-9.381338752702731e-17f,-0.7071067811865475f,-0.0026949999999999626f,-0.5416752204197018f,0.6427876096865393f,0.5416752204197018f,1.3635868597367056f,0.45451947767204354f,0.766044443118978f,-0.4545194776720437f,-0.3014021339500032f,0f,0f,0f,1f],start_interpolation:0}
execute if entity @s[tag=aj.louvert.bone.body_0] run data modify entity @s {} merge value {transformation:[-1f,-9.381338752702731e-17f,7.871877887341985e-17f,-0.006078750000000001f,0f,0.6427876096865393f,0.766044443118978f,1.3007456250000002f,-1.2246467991473532e-16f,0.766044443118978f,-0.6427876096865393f,0.00955625f,0f,0f,0f,1f],start_interpolation:0}