execute if entity @s[tag=aj.louvert.locator_origin.locator] at @s on origin run tp @s ^0.85277 ^0.80728 ^-0.02654 ~-103.97525 ~9.94931
execute if entity @s[tag=aj.louvert.bone.sword_0] run data modify entity @s {} merge value {transformation:[0.22258598342771957f,-0.19206715972431349f,-0.9558063015783844f,0.008950786699447552f,0.9538487552249018f,0.2456028060632673f,0.17277677450906043f,0.9653058072546407f,0.20156396537432114f,-0.9501523392642278f,0.23787076334281823f,0.15747116630401217f,0f,0f,0f,1f],start_interpolation:0}
execute if entity @s[tag=aj.louvert.bone.right_arm_1] run data modify entity @s {} merge value {transformation:[0.8306213521976145f,-0.3739206983607971f,-0.4126154148971902f,-0.2975289580775675f,-0.5556524244781549f,-0.5082602018061353f,-0.6579680466645283f,1.1642317563671072f,0.03631187746392184f,0.775793064287997f,-0.6299417186991862f,0.1448923646842154f,0f,0f,0f,1f],start_interpolation:0}
execute if entity @s[tag=aj.louvert.bone.right_arm_0] run data modify entity @s {} merge value {transformation:[0.17012693068638055f,-0.8948772803264429f,-0.4126154148971902f,-0.29957f,-0.7350515208222301f,0.1636377441343885f,-0.6579680466645283f,1.358189037386501f,0.6563201118297061f,0.4152316725036245f,-0.6299417186991862f,-0.05635724969413501f,0f,0f,0f,1f],start_interpolation:0}
execute if entity @s[tag=aj.louvert.locator_origin.locator2] at @s on origin run tp @s ^0.81868 ^0.78979 ^-0.95532 ~-173.86735 ~45.30977
execute if entity @s[tag=aj.louvert.bone.sword_1] run data modify entity @s {} merge value {transformation:[-0.992363401196706f,-0.09782736243466614f,-0.07513113285703726f,0.7501998943258281f,0.015488799299095149f,-0.7031028770715847f,0.7109194337967787f,1.395387141627054f,-0.12237228878131545f,0.7043267362614714f,0.6992487908646576f,-0.3233166380051957f,0f,0f,0f,1f],start_interpolation:0}
execute if entity @s[tag=aj.louvert.bone.left_arm_1] run data modify entity @s {} merge value {transformation:[-0.7266845604262065f,0.6856776709528988f,0.042138832385095026f,0.47044082025580014f,0.17986962103422005f,0.1307093411617677f,0.9749676853937584f,1.4589374851810248f,0.6630056327567488f,0.716073459702051f,-0.2183170429516626f,-0.08158019399321148f,0f,0f,0f,1f],start_interpolation:0}
execute if entity @s[tag=aj.louvert.bone.left_arm_0] run data modify entity @s {} merge value {transformation:[-0.6640346248185605f,0.6856776709528988f,-0.2981679872130505f,0.26293f,-0.29064367426252424f,0.1307093411617677f,0.9478614470186222f,1.368111336973986f,0.6889007705419214f,0.716073459702051f,0.11249234932688507f,0.13370129680113896f,0f,0f,0f,1f],start_interpolation:0}
execute if entity @s[tag=aj.louvert.bone.wing_0] run data modify entity @s {} merge value {transformation:[-0.8406256896936573f,-1.0328566345430088e-16f,0.5416165154674136f,-0.0026949999999999474f,0.4567947360561991f,0.5372996083468238f,0.7089765158181878f,1.605110319511208f,-0.2910103416348129f,0.8433914458128856f,-0.4516678538386806f,-0.4248643168704524f,0f,0f,0f,1f],start_interpolation:0}
execute if entity @s[tag=aj.louvert.bone.wing_1] run data modify entity @s {} merge value {transformation:[-0.8406256896936573f,-1.0328566345430088e-16f,-0.5416165154674136f,-0.002694999999999964f,-0.4567947360561991f,0.5372996083468238f,0.7089765158181878f,1.3942624580579865f,0.29101034163481265f,0.8433914458128856f,-0.4516678538386807f,-0.29053941478374645f,0f,0f,0f,1f],start_interpolation:0}