execute if entity @s[tag=aj.louvert.bone.head] run data modify entity @s {} merge value {transformation:[-0.9826115496223159f,0.18024056928407511f,-0.04458564492057304f,0.0177688640247359f,0.17954903704329483f,0.9835637835129695f,0.0190899727207276f,1.4472159755085676f,0.04729361315924596f,0.010752718065918793f,-0.998823154121158f,0.058287318343955376f,0f,0f,0f,1f],start_interpolation:0}
execute if entity @s[tag=aj.louvert.bone.coat_0] run data modify entity @s {} merge value {transformation:[-0.8673398115013994f,0.3190937752253573f,-0.3819696506231169f,-0.27910353614656197f,0.3208399159052039f,0.9451639139231897f,0.06104853953485695f,0.6317303289827544f,0.38050413893499047f,-0.06960128181166236f,-0.9221563109492419f,-0.005144574005656502f,0f,0f,0f,1f],start_interpolation:0}
execute if entity @s[tag=aj.louvert.bone.coat_1] run data modify entity @s {} merge value {transformation:[-0.8550466161865107f,-0.3507056745347183f,-0.3819696506231169f,0.1828362301090814f,-0.40199548609722485f,0.9136042387041102f,0.06104853953485695f,0.6317303289827544f,0.3275590226286762f,0.20574942252903491f,-0.9221563109492419f,-0.1964862901882013f,0f,0f,0f,1f],start_interpolation:0}
execute if entity @s[tag=aj.louvert.bone.coat_2] run data modify entity @s {} merge value {transformation:[-0.9238795325112867f,0.15259466234869692f,-0.35094369695068367f,-0.0958798593466299f,0f,0.917060074385124f,0.3987490689252462f,0.6393613964246114f,0.3826834323650896f,0.3683961033879673f,-0.8472530328076943f,-0.21608497096558416f,0f,0f,0f,1f],start_interpolation:0}
execute if entity @s[tag=aj.louvert.bone.right_leg_1] run data modify entity @s {} merge value {transformation:[-0.9387814779835154f,0.2355761860745789f,-0.2513825712925254f,-0.11659638663793678f,0.13686230615186623f,0.9246424140884972f,0.35539430949775913f,0.38796629916562664f,0.31616142356378496f,0.2992327967037564f,-0.9002786722048731f,0.19216592359713947f,0f,0f,0f,1f],start_interpolation:0}
execute if entity @s[tag=aj.louvert.bone.right_leg_0] run data modify entity @s {} merge value {transformation:[-0.9387814779835154f,-0.09991559977069023f,-0.32970624731349796f,-0.16361859458265113f,0.13686230615186623f,0.7701017074297373f,-0.6230666652683292f,0.6317303289827544f,0.31616142356378496f,-0.6300478022628653f,-0.7092825396933541f,-0.052980003051292704f,0f,0f,0f,1f],start_interpolation:0}
execute if entity @s[tag=aj.louvert.bone.left_leg_1] run data modify entity @s {} merge value {transformation:[-0.8945420946148601f,-0.15125252690514457f,-0.42061516148002437f,0.1835346209167436f,-0.29743201251253676f,0.9038554903724293f,0.3075377220055409f,0.2439523416659916f,0.33365946546561603f,0.4002098519882084f,-0.8535241270618983f,-0.18283753005892991f,0f,0f,0f,1f],start_interpolation:0}
execute if entity @s[tag=aj.louvert.bone.left_leg_0] run data modify entity @s {} merge value {transformation:[-0.8945420946148601f,-0.2859897412223336f,-0.34351755250298505f,0.06735128854517056f,-0.29743201251253676f,0.9545304303181853f,-0.02014585638095589f,0.6317303289827544f,0.33365946546561603f,0.08415180040951342f,-0.9389301548001515f,-0.1486508611425651f,0f,0f,0f,1f],start_interpolation:0}
execute if entity @s[tag=aj.louvert.bone.body_1] run data modify entity @s {} merge value {transformation:[-0.9238795325112867f,0.023362264650074946f,-0.3819696506231169f,-0.04083294531559187f,0f,0.9981347984218669f,0.06104853953485695f,0.9436474534895878f,0.3826834323650896f,0.05640149616596046f,-0.9221563109492419f,-0.08318996454506626f,0f,0f,0f,1f],start_interpolation:0}
execute if entity @s[tag=aj.louvert.locator_origin.locator] at @s on origin run tp @s ^-0.34766 ^1.17744 ^1.58624 ~-3.15337 ~10.8165
execute if entity @s[tag=aj.louvert.bone.sword_0] run data modify entity @s {} merge value {transformation:[0.5060876176149415f,-0.8607879602880859f,-0.05403157151063931f,-0.41749692417633066f,-0.8415395393867192f,-0.5065504526376032f,0.1876641750079864f,1.3289415323772085f,-0.18890877942970646f,-0.04950481144006125f,-0.9807460153876042f,0.7242477041728336f,0f,0f,0f,1f],start_interpolation:0}
execute if entity @s[tag=aj.louvert.bone.right_arm_1] run data modify entity @s {} merge value {transformation:[0.0131245020706372f,-0.8572454182526711f,-0.5147407506018934f,-0.4198430443922526f,-0.1691153417839618f,0.5054659443300082f,-0.8461112103594106f,1.4024787398699392f,0.9855088780009502f,0.0981553463005237f,-0.13833936306753997f,0.357185325833839f,0f,0f,0f,1f],start_interpolation:0}
execute if entity @s[tag=aj.louvert.bone.right_arm_0] run data modify entity @s {} merge value {transformation:[-0.38419030756353234f,-0.766446193313032f,-0.5147407506018934f,-0.2878259867126392f,0.08339105861290647f,0.5264425429688904f,-0.8461112103594106f,1.3648215528281757f,0.9194801460160286f,-0.36799250224482855f,-0.13833936306753997f,0.09628784549775131f,0f,0f,0f,1f],start_interpolation:0}
execute if entity @s[tag=aj.louvert.locator_origin.locator2] at @s on origin run tp @s ^0.57909 ^0.31369 ^0.17912 ~-4.26221 ~46.00711
execute if entity @s[tag=aj.louvert.bone.sword_1] run data modify entity @s {} merge value {transformation:[-0.9601980891116537f,0.2745084640693443f,-0.05162105016965188f,0.5409366290459625f,0.15489113888404854f,0.6770782223812553f,0.7194260322453183f,0.9626985638119102f,0.23244002400948652f,0.6827958581679655f,-0.6926481439426084f,-0.4109664429546935f,0f,0f,0f,1f],start_interpolation:0}
execute if entity @s[tag=aj.louvert.bone.left_arm_1] run data modify entity @s {} merge value {transformation:[-0.45186057830739884f,0.8742935401279869f,-0.17729304403211926f,0.36284324323141837f,0.8193745669247087f,0.4853408751503513f,0.3050730305766754f,1.264113766605836f,0.35277094104907364f,-0.007418935150213926f,-0.9356802993290965f,-0.27616319556163277f,0f,0f,0f,1f],start_interpolation:0}
execute if entity @s[tag=aj.louvert.bone.left_arm_0] run data modify entity @s {} merge value {transformation:[-0.31894041082679003f,0.8742935401279869f,-0.3659068461126551f,0.26317436484804646f,0.5859270684887414f,0.4853408751503513f,0.6489481530295627f,1.4472159755085676f,0.7449607269875559f,-0.007418935150213926f,-0.6670670690773222f,-0.04336296837802157f,0f,0f,0f,1f],start_interpolation:0}
execute if entity @s[tag=aj.louvert.bone.wing_0] run data modify entity @s {} merge value {transformation:[-0.9751755027980349f,0.13714147698163479f,0.1738532543091884f,-0.20800639968810775f,0.18591170880592073f,0.9335804264972017f,0.3063730141350008f,1.3054816786728045f,-0.1202895476401093f,0.3310888136929404f,-0.9359009681456362f,-0.4867823853599541f,0f,0f,0f,1f],start_interpolation:0}
execute if entity @s[tag=aj.louvert.bone.wing_1] run data modify entity @s {} merge value {transformation:[-0.6044956560333081f,0.13714147698163479f,-0.7847147361482106f,-0.1186899591879044f,-0.18591170880592073f,0.9335804264972017f,0.3063730141350008f,1.2158896912864794f,0.7746107657176748f,0.3310888136929404f,-0.5388491060414581f,-0.27115342336147347f,0f,0f,0f,1f],start_interpolation:0}
execute if entity @s[tag=aj.louvert.bone.body_0] run data modify entity @s {} merge value {transformation:[-0.9238795325112867f,0.13714147698163479f,-0.3572657620008134f,-0.006078750000000001f,0f,0.9335804264972017f,0.35836794954530027f,1.311683125f,0.3826834323650896f,0.3310888136929404f,-0.8625158479939224f,0.00955625f,0f,0f,0f,1f],start_interpolation:0}