execute if entity @s[tag=aj.louvert.locator_origin.locator] at @s on origin run tp @s ^0.85277 ^0.80728 ^-0.02655 ~-103.97608 ~9.94946
execute if entity @s[tag=aj.louvert.bone.sword_0] run data modify entity @s {} merge value {transformation:[0.22258653851582558f,-0.19208598370460206f,-0.955802389480052f,0.008953080758640802f,0.9538545404480547f,0.24557846289591295f,0.1727794380946744f,0.9653072875316988f,0.20153597331040762f,-0.9501548260288513f,0.23788454770310372f,0.15747045462737272f,0f,0f,0f,1f],start_interpolation:0}
execute if entity @s[tag=aj.louvert.bone.right_arm_1] run data modify entity @s {} merge value {transformation:[0.8306214340828424f,-0.37391161879392387f,-0.4126234779712242f,-0.2975266427989788f,-0.5556526686581618f,-0.5082537305770896f,-0.6579728392323911f,1.1642333711931256f,0.03630626743724935f,0.7758016799964913f,-0.6299314313950339f,0.14489389748975784f,0f,0f,0f,1f],start_interpolation:0}
execute if entity @s[tag=aj.louvert.bone.right_arm_0] run data modify entity @s {} merge value {transformation:[0.1701344151995833f,-0.8948721395772841f,-0.4126234779712242f,-0.29957f,-0.7350463599576265f,0.16364165589943508f,-0.6579728392323911f,1.358189037386501f,0.6563239516258255f,0.4152412097358166f,-0.6299314313950339f,-0.05635724969413501f,0f,0f,0f,1f],start_interpolation:0}
execute if entity @s[tag=aj.louvert.locator_origin.locator2] at @s on origin run tp @s ^0.81869 ^0.78978 ^-0.95531 ~-173.86758 ~45.30984
execute if entity @s[tag=aj.louvert.bone.sword_1] run data modify entity @s {} merge value {transformation:[-0.9923612184119772f,-0.09785166529532335f,-0.07512831550638949f,0.7502074603880026f,0.015507892945834878f,-0.703101671133552f,0.7109202102244573f,1.3953782545383684f,-0.12238757064455563f,0.7043245641379675f,0.6992483041835607f,-0.323309101302426f,0f,0f,0f,1f],start_interpolation:0}
execute if entity @s[tag=aj.louvert.bone.left_arm_1] run data modify entity @s {} merge value {transformation:[-0.726691340083627f,0.6856691327217619f,0.04216084297128175f,0.47044587556430806f,0.17988289218305897f,0.13069555199222974f,0.9749670854902251f,1.458933719975583f,0.6629946012957573f,0.7160841522628699f,-0.218315472494843f,-0.08157690956144154f,0f,0f,0f,1f],start_interpolation:0}
execute if entity @s[tag=aj.louvert.bone.left_arm_0] run data modify entity @s {} merge value {transformation:[-0.6640508018057858f,0.6856691327217619f,-0.29815159408207037f,0.26293f,-0.2906316256051109f,0.13069555199222974f,0.9478670428322618f,1.368111336973986f,0.6888902603602576f,0.7160841522628699f,0.1124886485772823f,0.13370129680113896f,0f,0f,0f,1f],start_interpolation:0}
execute if entity @s[tag=aj.louvert.bone.wing_0] run data modify entity @s {} merge value {transformation:[-0.7503274432629845f,-1.0328566345430088e-16f,0.6610663566438946f,-0.0026949999999999474f,0.5575377103081509f,0.5372996083468238f,0.6328197472066543f,1.605110319511208f,-0.35519069451602636f,0.8433914458128856f,-0.4031506413970752f,-0.4248643168704524f,0f,0f,0f,1f],start_interpolation:0}
execute if entity @s[tag=aj.louvert.bone.wing_1] run data modify entity @s {} merge value {transformation:[-0.7503274432629845f,-1.0328566345430088e-16f,-0.6610663566438946f,-0.002694999999999964f,-0.5575377103081509f,0.5372996083468238f,0.6328197472066543f,1.3942624580579865f,0.35519069451602614f,0.8433914458128856f,-0.4031506413970753f,-0.29053941478374645f,0f,0f,0f,1f],start_interpolation:0}