execute if entity @s[tag=aj.louvert.bone.head] run data modify entity @s {} merge value {transformation:[0.24023022111691011f,0.6270840638552695f,-0.7409824678903548f,0.13916543102001655f,-0.0737818815632012f,0.772923456380922f,0.6301948623474828f,1.5422889354227909f,0.9679078855010503f,-0.09672077044218183f,0.23194701496237577f,-0.009917473900767108f,0f,0f,0f,1f],start_interpolation:0}
execute if entity @s[tag=aj.louvert.bone.coat_0] run data modify entity @s {} merge value {transformation:[0.12081291870208913f,-0.318005406353113f,-0.940359931199152f,0.17349013021674778f,0.18536268460922112f,0.9378637219912458f,-0.2933467472585811f,0.8149073339703734f,0.9752153166501975f,-0.138867564617944f,0.1722523894404264f,0.24230949886358205f,0f,0f,0f,1f],start_interpolation:0}
execute if entity @s[tag=aj.louvert.bone.coat_1] run data modify entity @s {} merge value {transformation:[0.1927502067725322f,-0.28030440164983533f,-0.940359931199152f,0.09945553698650443f,-0.04223298297124964f,0.9550728040427915f,-0.2933467472585811f,0.7634487767976093f,0.9803385807661027f,0.09625685115132054f,0.1722523894404264f,-0.24949421797773033f,0f,0f,0f,1f],start_interpolation:0}
execute if entity @s[tag=aj.louvert.bone.coat_2] run data modify entity @s {} merge value {transformation:[0.1480691864604867f,-0.0034505851497637074f,-0.988970985157327f,0.01892784220173211f,0.10291711434552825f,0.9946182883874372f,0.011938508283467819f,0.7525097119766687f,0.9836074336826248f,-0.10354976517293119f,0.1476274450666668f,0.017939189122979156f,0f,0f,0f,1f],start_interpolation:0}
execute if entity @s[tag=aj.louvert.bone.right_leg_1] run data modify entity @s {} merge value {transformation:[0.1480691864604867f,0.29014065415921164f,-0.9454596325729588f,0.47156298796521623f,0.10291711434552825f,0.9462865563986039f,0.3065123500840731f,0.7022248250074247f,0.9836074336826248f,-0.14268901143163293f,0.11025544168404683f,0.0821455538807106f,0f,0f,0f,1f],start_interpolation:0}
execute if entity @s[tag=aj.louvert.bone.right_leg_0] run data modify entity @s {} merge value {transformation:[0.1480691864604867f,-0.8781870855125546f,-0.4548218979555562f,0.15498148190918695f,0.10291711434552825f,0.4710768816234213f,-0.8760677138068396f,0.8020426946771824f,0.9836074336826248f,0.0829096763889351f,0.16013245131878479f,0.11935856965325398f,0f,0f,0f,1f],start_interpolation:0}
execute if entity @s[tag=aj.louvert.bone.left_leg_1] run data modify entity @s {} merge value {transformation:[0.22211136441349108f,0.3810657869404191f,-0.8974716752198124f,0.2944429853827639f,0.0649857556417899f,0.9126311293028135f,0.4035855217808702f,0.44894447647748587f,0.9728532229283321f,-0.14796380588154234f,0.1779418972221167f,-0.14496706405118345f,0f,0f,0f,1f],start_interpolation:0}
execute if entity @s[tag=aj.louvert.bone.left_leg_0] run data modify entity @s {} merge value {transformation:[0.22211136441349108f,-0.42855207320079963f,-0.8757908782087616f,0.11796418529406527f,0.0649857556417899f,0.9027368624503943f,-0.42525640352249106f,0.7763134160908003f,0.9728532229283321f,0.03754034800737149f,0.22835789653402075f,-0.12654328876740226f,0f,0f,0f,1f],start_interpolation:0}
execute if entity @s[tag=aj.louvert.bone.body_1] run data modify entity @s {} merge value {transformation:[0.1480691864604867f,-0.3062657601104892f,-0.940359931199152f,0.04076478356709822f,0.10291711434552825f,0.9504502898350864f,-0.2933467472585811f,1.0861937709574558f,0.9836074336826248f,-0.05334351634776807f,0.1722523894404264f,-0.020262208415751666f,0f,0f,0f,1f],start_interpolation:0}
execute if entity @s[tag=aj.louvert.locator_origin.locator] at @s on origin run tp @s ^0.3389 ^1.88811 ^-0.78769 ~175.99501 ~-47.6897
execute if entity @s[tag=aj.louvert.bone.sword_0] run data modify entity @s {} merge value {transformation:[0.772350341832248f,-0.6334544725687434f,0.0470146855170267f,0.3636631257331684f,0.4532204290649148f,0.49771077634988425f,-0.7395101255448842f,1.2520746776111824f,0.4450462809077549f,0.5924689141953792f,0.6715015960981219f,-0.1829527437675106f,0f,0f,0f,1f],start_interpolation:0}
execute if entity @s[tag=aj.louvert.bone.right_arm_1] run data modify entity @s {} merge value {transformation:[0.3662978678481634f,0.8073475055750274f,0.46261850076674477f,0.21668655518503585f,0.09264936840447513f,0.46305742689349744f,-0.8814725826326224f,1.2148032382831269f,-0.9258736234196013f,0.3657428394932077f,0.09481671168789002f,0.1601930293001919f,0f,0f,0f,1f],start_interpolation:0}
execute if entity @s[tag=aj.louvert.bone.right_arm_0] run data modify entity @s {} merge value {transformation:[0.5695090941871892f,0.8073475055750274f,-0.1544324994289363f,0.1722199132368466f,-0.7736941321705684f,0.46305742689349744f,-0.43240630111459327f,1.483152781095734f,-0.2775910327854965f,0.3657428394932077f,0.8883554434327103f,0.1872305611053769f,0f,0f,0f,1f],start_interpolation:0}
execute if entity @s[tag=aj.louvert.locator_origin.locator2] at @s on origin run tp @s ^0.19425 ^0.81229 ^-1.38659 ~-142.82604 ~29.75473
execute if entity @s[tag=aj.louvert.bone.sword_1] run data modify entity @s {} merge value {transformation:[-0.12598443320550362f,0.8419922388933732f,-0.5245731524136679f,-0.24419245993491026f,-0.8488260359871461f,0.1821876829979105f,0.49628823156931845f,1.2525802793957523f,0.5134416064366389f,0.5077959411093969f,0.6917521224922883f,-0.7662778516119988f,0f,0f,0f,1f],start_interpolation:0}
execute if entity @s[tag=aj.louvert.bone.left_arm_1] run data modify entity @s {} merge value {transformation:[0.2763519008774224f,0.10228801480272498f,-0.9555976082583888f,-0.13913728404906706f,0.5418033737099449f,0.8046667604874606f,0.24281785108005885f,1.446742042735422f,0.793774987712486f,-0.5848491827764944f,0.1669511973233782f,-0.4629547339135107f,0f,0f,0f,1f],start_interpolation:0}
execute if entity @s[tag=aj.louvert.bone.left_arm_0] run data modify entity @s {} merge value {transformation:[0.6863730002716939f,0.10228801480272498f,-0.720020323689374f,0.07535427853583729f,0.3684646559283015f,0.8046667604874606f,0.46555902085369827f,1.5618872477130163f,0.6269975293648865f,-0.5848491827764944f,0.5146120204348079f,-0.26701800598698366f,0f,0f,0f,1f],start_interpolation:0}
execute if entity @s[tag=aj.louvert.bone.wing_0] run data modify entity @s {} merge value {transformation:[-0.28674886255048915f,0.33583533754756933f,-0.8972121911121754f,-0.4316635355646202f,0.1139181099020133f,0.9418498055366774f,0.31613542675074513f,1.3824451000065314f,0.9512085754777202f,-0.011557242959853296f,-0.3083320873227654f,0.11957500343801612f,0f,0f,0f,1f],start_interpolation:0}
execute if entity @s[tag=aj.louvert.bone.wing_1] run data modify entity @s {} merge value {transformation:[0.6919650895819692f,0.33583533754756933f,-0.639060983673802f,-0.20397075091329037f,-0.23837212543478004f,0.9418498055366774f,0.23684947461674566f,1.3004865823880447f,0.6814418864551275f,-0.011557242959853296f,0.7317809682682682f,0.056815165902349286f,0f,0f,0f,1f],start_interpolation:0}
execute if entity @s[tag=aj.louvert.bone.body_0] run data modify entity @s {} merge value {transformation:[0.24023022111691011f,0.33583533754756933f,-0.9107711386053198f,0.08916407406223027f,-0.0737818815632012f,0.9418498055366774f,0.32783407047394675f,1.4052391523097605f,0.9679078855010503f,-0.011557242959853296f,0.2510393501426673f,-0.004458487305703569f,0f,0f,0f,1f],start_interpolation:0}