execute if entity @s[tag=aj.louvert.bone.head] run data modify entity @s {} merge value {transformation:[-0.9895576407292723f,-0.05637096247339553f,0.1326574169209545f,0.028580650306543005f,-0.06250056864547324f,0.9971395402275552f,-0.0425019556464418f,1.5493012647103697f,-0.12988207956954428f,-0.05034929894847237f,-0.9902502681151306f,-0.022495481385882362f,0f,0f,0f,1f],start_interpolation:0}
execute if entity @s[tag=aj.louvert.bone.coat_0] run data modify entity @s {} merge value {transformation:[-0.05849054519201173f,0.07822192444640705f,-0.9952186627365074f,0.016274629116397786f,0.20596799383929365f,0.9764214903987016f,0.0646394508129136f,0.7849305558749398f,0.9768091121795281f,-0.2012023946763034f,-0.07322263816309192f,0.2513029996773906f,0f,0f,0f,1f],start_interpolation:0}
execute if entity @s[tag=aj.louvert.bone.coat_1] run data modify entity @s {} merge value {transformation:[-0.08683071721346688f,0.044724041511843754f,-0.9952186627365074f,0.05212595883506996f,-0.24225226634048552f,0.9680576330216624f,0.0646394508129136f,0.7721642869616019f,0.9663199604691467f,0.24670666642663608f,-0.07322263816309192f,-0.24724660120043113f,0f,0f,0f,1f],start_interpolation:0}
execute if entity @s[tag=aj.louvert.bone.coat_2] run data modify entity @s {} merge value {transformation:[-0.07170265943734436f,0.4045721912277457f,-0.9116907758197363f,-0.09020203886632955f,0.025532537826675635f,0.9144884489879598f,0.40380560444318403f,0.786627352769885f,0.9970992017556435f,0.005676156514431929f,-0.07590100859331236f,-0.007124630531906748f,0f,0f,0f,1f],start_interpolation:0}
execute if entity @s[tag=aj.louvert.bone.right_leg_1] run data modify entity @s {} merge value {transformation:[-0.23403758719920703f,0.3364666923157976f,-0.9121494245681682f,0.13359355001113216f,0.13817534224874872f,0.9401932989522852f,0.3113585319204537f,0.4288350186435674f,0.962358551981752f,-0.053166959357155597f,-0.2665319715536953f,0.18978460844240735f,0f,0f,0f,1f],start_interpolation:0}
execute if entity @s[tag=aj.louvert.bone.right_leg_0] run data modify entity @s {} merge value {transformation:[-0.23403758719920703f,-0.28042138388929444f,-0.9309082958248824f,0.025237461546065827f,0.13817534224874872f,0.9381871082475793f,-0.3173523667983053f,0.7817389886466053f,0.962358551981752f,-0.20290095459523563f,-0.18082372646289366f,0.12666559945793518f,0f,0f,0f,1f],start_interpolation:0}
execute if entity @s[tag=aj.louvert.bone.left_leg_1] run data modify entity @s {} merge value {transformation:[0.06318067998467172f,-0.03786622602721473f,-0.9972834855762581f,0.36690145191987267f,-0.1040912804952551f,0.9935797586233505f,-0.044320069706882737f,0.6485821590036082f,0.9925589186549746f,0.10660868717145285f,0.05883350081413377f,-0.15651151466303176f,0f,0f,0f,1f],start_interpolation:0}
execute if entity @s[tag=aj.louvert.bone.left_leg_0] run data modify entity @s {} merge value {transformation:[0.06318067998467172f,-0.888194120092235f,-0.45510373181314967f,0.043163126405401916f,-0.1040912804952551f,0.44766298824882433f,-0.8881232202104566f,0.7753558541899364f,0.9925589186549746f,0.10348455916567292f,-0.06416961128722626f,-0.12260920098097569f,0f,0f,0f,1f],start_interpolation:0}
execute if entity @s[tag=aj.louvert.bone.body_1] run data modify entity @s {} merge value {transformation:[-0.07170265943734436f,0.06632150458614755f,-0.9952186627365074f,0.05492576415890498f,0.025532537826675635f,0.9975819920742026f,0.0646394508129136f,1.0902917939414591f,0.9970992017556435f,-0.020775637624278094f,-0.07322263816309192f,-0.0044641875191071614f,0f,0f,0f,1f],start_interpolation:0}
execute if entity @s[tag=aj.louvert.locator_origin.locator] at @s on origin run tp @s ^-0.414 ^2.13076 ^1.50665 ~19.01169 ~-46.23382
execute if entity @s[tag=aj.louvert.bone.sword_0] run data modify entity @s {} merge value {transformation:[-0.949322518844743f,0.21911443694603483f,0.225334459717318f,-0.21053724188278483f,-0.011783429428360422f,0.6916166845020957f,-0.7221686177820495f,1.5149901905684156f,-0.3140826419991726f,-0.6882261439673379f,-0.6539853735020903f,0.9147865115386709f,0f,0f,0f,1f],start_interpolation:0}
execute if entity @s[tag=aj.louvert.bone.right_arm_1] run data modify entity @s {} merge value {transformation:[-0.22984891899275114f,-0.9730579513785254f,0.018102422403972297f,-0.11425481970958536f,-0.020912462121887555f,-0.01365804357656071f,-0.9996880147194233f,1.52557820047014f,0.9730016152945811f,-0.23015577573610635f,-0.01720975099897651f,0.5523532303948319f,0f,0f,0f,1f],start_interpolation:0}
execute if entity @s[tag=aj.louvert.bone.right_arm_0] run data modify entity @s {} merge value {transformation:[-0.23056051337244224f,-0.9730579513785254f,-0.0002700601118173773f,-0.03541572663453077f,0.058811611472407405f,-0.01365804357656071f,-0.9981756619962641f,1.5085850667602747f,0.9712790762852118f,-0.23015577573610635f,0.06037611171528553f,0.2777493746657972f,0f,0f,0f,1f],start_interpolation:0}
execute if entity @s[tag=aj.louvert.locator_origin.locator2] at @s on origin run tp @s ^1.00569 ^1.55582 ^-0.0526 ~-73.81226 ~-31.65183
execute if entity @s[tag=aj.louvert.bone.sword_1] run data modify entity @s {} merge value {transformation:[-0.41864999728319946f,0.3955005019790323f,-0.8175032310083614f,0.29854177609630145f,0.8244351140508744f,-0.21198497598466065f,-0.5247562411984297f,1.0897750722890325f,-0.3808397596032991f,-0.8936675684454016f,-0.23731699183620414f,-0.2841392727309696f,0f,0f,0f,1f],start_interpolation:0}
execute if entity @s[tag=aj.louvert.bone.left_arm_1] run data modify entity @s {} merge value {transformation:[-0.7440078455648663f,0.6653684780565925f,-0.061131940477787805f,0.01276698424210267f,0.40630713932816076f,0.3778929558899004f,-0.8319323424532552f,1.240370449646584f,-0.5304402268577415f,-0.6438025336214885f,-0.55149928688409f,-0.4749116363299256f,0f,0f,0f,1f],start_interpolation:0}
execute if entity @s[tag=aj.louvert.bone.left_arm_0] run data modify entity @s {} merge value {transformation:[-0.0904982687502128f,0.6653684780565925f,-0.7410093466089804f,0.021606441989747538f,0.8968814767459891f,0.3778929558899004f,0.22978366033886694f,1.4858874355671188f,0.43291301669405624f,-0.6438025336214885f,-0.6309553214605642f,-0.3216649016143837f,0f,0f,0f,1f],start_interpolation:0}
execute if entity @s[tag=aj.louvert.bone.wing_0] run data modify entity @s {} merge value {transformation:[-0.710265391003328f,-0.1291195416409405f,-0.691990764612739f,-0.43510862486001634f,-0.09073479976734991f,0.991625923649393f,-0.09189789800461712f,1.1591973436572562f,0.6980617955840792f,-0.0024842529906410724f,-0.7160332101467148f,-0.05372446431035683f,0f,0f,0f,1f],start_interpolation:0}
execute if entity @s[tag=aj.louvert.bone.wing_1] run data modify entity @s {} merge value {transformation:[0.5698998600151269f,-0.05488435575264324f,-0.819879172225003f,-0.18730365821313363f,0.10557896084179005f,0.9943875225460412f,0.0068218789430807f,1.1832621392113531f,0.8149032044251063f,-0.09044977887404465f,0.5724959431466129f,-0.03106206990736292f,0f,0f,0f,1f],start_interpolation:0}
execute if entity @s[tag=aj.louvert.bone.body_0] run data modify entity @s {} merge value {transformation:[-0.09412852163048956f,-0.09286009637005414f,-0.991219866587531f,0.03985050427453998f,0.032228214251606956f,0.9948344143852206f,-0.0962591822163875f,1.4040378815527501f,0.9950382724407192f,-0.041005980746220666f,-0.09064957761197565f,-0.013323830022231123f,0f,0f,0f,1f],start_interpolation:0}