execute if entity @s[tag=aj.louvert.bone.head] run data modify entity @s {} merge value {transformation:[-0.9978129716883625f,0.02186831301458038f,0.062378284813991665f,0.0005992288275784539f,0.01707427731189594f,0.9969327633157864f,-0.07637757839724171f,1.5515005891931708f,-0.0638572046421984f,-0.0751454743377581f,-0.9951258287783701f,0.0003822580814067632f,0f,0f,0f,1f],start_interpolation:0}
execute if entity @s[tag=aj.louvert.bone.coat_0] run data modify entity @s {} merge value {transformation:[-0.9507437451440488f,0.30431970165856986f,-0.05895634191422379f,-0.2597412958282738f,0.3039343915100407f,0.8778171728945371f,-0.37021736402938193f,0.7471735199881594f,-0.06091154838689605f,-0.36990070310000983f,-0.9270724098576277f,0.20642701925270146f,0f,0f,0f,1f],start_interpolation:0}
execute if entity @s[tag=aj.louvert.bone.coat_1] run data modify entity @s {} merge value {transformation:[-0.9239248964073574f,-0.3780038829783987f,-0.05895634191422379f,0.23938426654866302f,-0.33142275061766047f,0.8678122283905432f,-0.37021736402938193f,0.7342221868358387f,0.19110663560347108f,-0.32251356670548437f,-0.9270724098576277f,0.17985756401771266f,0f,0f,0f,1f],start_interpolation:0}
execute if entity @s[tag=aj.louvert.bone.coat_2] run data modify entity @s {} merge value {transformation:[-0.9982511247538738f,0.024243180187054396f,-0.053916232639566984f,-0.0175480573790834f,0.025902666304641307f,0.9992052830463881f,-0.030296108834270696f,0.6944206829083264f,0.0531389104699776f,-0.03163969890194268f,-0.9980857606676182f,0.0772582404030036f,0f,0f,0f,1f],start_interpolation:0}
execute if entity @s[tag=aj.louvert.bone.right_leg_1] run data modify entity @s {} merge value {transformation:[-0.9801551973675033f,0.10575740600353069f,0.16766383077120378f,-0.19589828016405025f,0.15927960736725738f,0.9236694582350721f,0.34851791718742514f,0.579613532304508f,-0.11800760886655919f,0.36830707704187954f,-0.9221844182431539f,0.48413832547598934f,0f,0f,0f,1f],start_interpolation:0}
execute if entity @s[tag=aj.louvert.bone.right_leg_0] run data modify entity @s {} merge value {transformation:[-0.9801551973675033f,0.19372362770747603f,-0.0420350465840793f,-0.13495990523403964f,0.15927960736725738f,0.6434132754838f,-0.7487652259608082f,0.7439356867000793f,-0.11800760886655919f,-0.7406014535491157f,-0.6615010893797033f,0.19978465544395427f,0f,0f,0f,1f],start_interpolation:0}
execute if entity @s[tag=aj.louvert.bone.left_leg_1] run data modify entity @s {} merge value {transformation:[-0.965359998327969f,-0.21003488737054385f,-0.15480768622864507f,0.2178609045021786f,-0.215315157308438f,0.9763791348823279f,0.017976874024142164f,0.3703532946967652f,0.1473752240421242f,0.05068659639076395f,-0.9877810548319165f,0.32653383153047155f,0f,0f,0f,1f],start_interpolation:0}
execute if entity @s[tag=aj.louvert.bone.left_leg_0] run data modify entity @s {} merge value {transformation:[-0.965359998327969f,-0.25417360873292255f,-0.05895634191422379f,0.11460287595442879f,-0.215315157308438f,0.9036473241283786f,-0.37021736402938193f,0.737460020123919f,0.1473752240421242f,-0.3446988398867981f,-0.9270724098576277f,0.18649992782645985f,0f,0f,0f,1f],start_interpolation:0}
execute if entity @s[tag=aj.louvert.bone.body_1] run data modify entity @s {} merge value {transformation:[-0.9982511247538738f,0.00434069991119336f,-0.05895634191422379f,-0.0088220459175575f,0.025902666304641307f,0.9285839516432786f,-0.37021736402938193f,1.0308803383005236f,0.0531389104699776f,-0.37109702649689136f,-0.9270724098576277f,0.07717447085492851f,0f,0f,0f,1f],start_interpolation:0}
execute if entity @s[tag=aj.louvert.locator_origin.locator] at @s on origin run tp @s ^-0.47307 ^3.01418 ^-0.0292 ~-97.04746 ~-86.40318
execute if entity @s[tag=aj.louvert.bone.sword_0] run data modify entity @s {} merge value {transformation:[-0.019609620442011172f,0.997867229833153f,-0.06226117900610092f,-0.5017219384768824f,-0.006487290121480374f,-0.06239883324411534f,-0.9980302103026008f,2.1366758186650943f,-0.9997866661708389f,-0.019167087282176653f,0.00769707165858706f,-0.022948821143879403f,0f,0f,0f,1f],start_interpolation:0}
execute if entity @s[tag=aj.louvert.bone.right_arm_1] run data modify entity @s {} merge value {transformation:[-0.33459023379239006f,0.9407618756291263f,-0.05492238900049987f,-0.38590736117107716f,0.94096453089968f,0.33035077460615203f,-0.07385199595041915f,1.780565235144442f,-0.05133348847973542f,-0.0763901765928305f,-0.9957556998986333f,-0.00030969479225967725f,0f,0f,0f,1f],start_interpolation:0}
execute if entity @s[tag=aj.louvert.bone.right_arm_0] run data modify entity @s {} merge value {transformation:[-0.33459023379239006f,0.9407618756291263f,-0.05492238900049987f,-0.2967816510062863f,0.94096453089968f,0.33035077460615203f,-0.07385199595041915f,1.5124592199719338f,-0.05133348847973542f,-0.0763901765928305f,-0.9957556998986333f,0.01968031623676377f,0f,0f,0f,1f],start_interpolation:0}
execute if entity @s[tag=aj.louvert.locator_origin.locator2] at @s on origin run tp @s ^0.3915 ^1.39116 ^0.90936 ~7.42484 ~-29.85007
execute if entity @s[tag=aj.louvert.bone.sword_1] run data modify entity @s {} merge value {transformation:[-0.9317135005205628f,0.34546742025499944f,0.11208128519103698f,0.498858930341532f,0.2482639213973728f,0.8310401682235296f,-0.49773212085559293f,0.9759859304890867f,-0.26509428186990003f,-0.43591799726710423f,-0.8600584406762828f,0.1432214245889717f,0f,0f,0f,1f],start_interpolation:0}
execute if entity @s[tag=aj.louvert.bone.left_arm_1] run data modify entity @s {} merge value {transformation:[-0.3342504963472998f,0.9357961269429945f,0.11208128519103698f,0.3634750212343259f,0.7961946754827197f,0.34400112587251797f,-0.49773212085559293f,1.2722717981592866f,-0.5043318792467418f,-0.07712868595361233f,-0.8600584406762828f,-0.04285967554662716f,0f,0f,0f,1f],start_interpolation:0}
execute if entity @s[tag=aj.louvert.bone.left_arm_0] run data modify entity @s {} merge value {transformation:[-0.34823718926181424f,0.9357961269429945f,-0.05492238900049987f,0.26575968384032617f,0.9360604190395935f,0.34400112587251797f,-0.07385199595041915f,1.5446201934560004f,-0.05021704812563161f,-0.07712868595361233f,-0.9957556998986333f,-0.01373276501218104f,0f,0f,0f,1f],start_interpolation:0}
execute if entity @s[tag=aj.louvert.bone.wing_0] run data modify entity @s {} merge value {transformation:[-0.9685644996763324f,0.02186831301458038f,0.24779948920978873f,-0.034379198271433487f,0.002496088437054223f,0.9969327633157864f,-0.07822298236493372f,1.1718789538281598f,-0.24875003418944547f,-0.0751454743377581f,-0.9656482683551517f,-0.47166433506430555f,0f,0f,0f,1f],start_interpolation:0}
execute if entity @s[tag=aj.louvert.bone.wing_1] run data modify entity @s {} merge value {transformation:[-0.9355335378861723f,0.02186831301458038f,-0.3525603159405181f,-0.020648601021308517f,0.04691153541156848f,0.9969327633157864f,-0.0626448184040746f,1.1903419528157644f,0.35010899350846564f,-0.0751454743377581f,-0.9336899112398305f,-0.22272541008964722f,0f,0f,0f,1f],start_interpolation:0}
execute if entity @s[tag=aj.louvert.bone.body_0] run data modify entity @s {} merge value {transformation:[-0.9982511247538738f,0.02186831301458038f,-0.05492238900049987f,-0.006078750000000001f,0.025902666304641307f,0.9969327633157864f,-0.07385199595041915f,1.4059539583333336f,0.0531389104699776f,-0.0751454743377581f,-0.9957556998986333f,0.00955625f,0f,0f,0f,1f],start_interpolation:0}