execute if entity @s[tag=aj.louvert.bone.head] run data modify entity @s {} merge value {transformation:[-1f,-1.0892209146604347e-16f,5.597835132693203e-17f,-0.002695000000000013f,0f,0.4570979270586944f,0.8894163732912973f,1.0596022329241397f,-1.2246467991473532e-16f,0.8894163732912973f,-0.4570979270586944f,0.11016418510110049f,0f,0f,0f,1f],start_interpolation:0}
execute if entity @s[tag=aj.louvert.bone.coat_0] run data modify entity @s {} merge value {transformation:[-0.9961946980917455f,0.08715574274765818f,1.2234812067540777e-16f,-0.252695f,0.0870727897926938f,0.995246541477834f,0.04361938736533583f,0.3655845198308839f,0.003801680104023539f,0.04345340242735764f,-0.9990482215818577f,-0.17185036014008853f,0f,0f,0f,1f],start_interpolation:0}
execute if entity @s[tag=aj.louvert.bone.coat_1] run data modify entity @s {} merge value {transformation:[-0.9659258262890683f,-0.25881904510252074f,1.2234812067540777e-16f,0.24730500000000002f,-0.258572706721188f,0.9650064789340801f,0.04361938736533583f,0.3655845198308839f,-0.011289528185853295f,0.04213309278308492f,-0.9990482215818577f,-0.17185036014008845f,0f,0f,0f,1f],start_interpolation:0}
execute if entity @s[tag=aj.louvert.bone.coat_2] run data modify entity @s {} merge value {transformation:[-1f,-1.1314261122877003e-16f,4.686520405326297e-17f,-0.002694999999999963f,0f,0.3826834323650897f,0.9238795325112867f,0.3710369432515509f,-1.2246467991473532e-16f,0.9238795325112867f,-0.3826834323650897f,-0.2967313878378207f,0f,0f,0f,1f],start_interpolation:0}
execute if entity @s[tag=aj.louvert.bone.right_leg_1] run data modify entity @s {} merge value {transformation:[-1f,1.5984848350717805e-17f,1.2141697760125282e-16f,-0.127695f,0f,0.9914448613738103f,-0.13052619222005138f,0.38472091684454257f,-1.2246467991473532e-16f,-0.13052619222005138f,-0.9914448613738103f,0.16162537201194618f,0f,0f,0f,1f],start_interpolation:0}
execute if entity @s[tag=aj.louvert.bone.right_leg_0] run data modify entity @s {} merge value {transformation:[-1f,1.214169776012528e-16f,1.598484835071785e-17f,-0.12769499999999998f,0f,0.1305261922200517f,-0.9914448613738102f,0.3655845198308839f,-1.2246467991473532e-16f,-0.9914448613738102f,-0.1305261922200517f,-0.1718503601400885f,0f,0f,0f,1f],start_interpolation:0}
execute if entity @s[tag=aj.louvert.bone.left_leg_1] run data modify entity @s {} merge value {transformation:[-0.9964833343574806f,0.05741330570011944f,-0.061030129250903994f,0.13341475393500518f,-0.06072746965581456f,0.007003258235055154f,0.9981298156068154f,0.04098625941430739f,0.05773334198710081f,0.9983259320996714f,-0.0034920653376901978f,-0.321527237786691f,0f,0f,0f,1f],start_interpolation:0}
execute if entity @s[tag=aj.louvert.bone.left_leg_0] run data modify entity @s {} merge value {transformation:[-0.9964833343574806f,-0.024146989477470886f,-0.08023644587699735f,0.12230500000000002f,-0.06072746965581456f,0.8679074057077071f,0.49299990826258744f,0.3655845198308839f,0.05773334198710081f,0.496138748755721f,-0.866321651123939f,-0.17185036014008848f,0f,0f,0f,1f],start_interpolation:0}
execute if entity @s[tag=aj.louvert.bone.body_1] run data modify entity @s {} merge value {transformation:[-1f,-5.341834311772706e-18f,1.2234812067540777e-16f,-0.00269499999999998f,0f,0.9990482215818577f,0.04361938736533583f,0.6777870890752145f,-1.2246467991473532e-16f,0.04361938736533583f,-0.9990482215818577f,-0.15821930158842104f,0f,0f,0f,1f],start_interpolation:0}
execute if entity @s[tag=aj.louvert.locator_origin.locator] at @s on origin run tp @s ^-1.11421 ^0.10698 ^0.47974 ~28.85253 ~45.67761
execute if entity @s[tag=aj.louvert.bone.sword_0] run data modify entity @s {} merge value {transformation:[-0.3882622735984227f,0.8576569893035264f,0.33716004448776965f,-0.7959848873363229f,0.6978344310210508f,0.03466635785827321f,0.7154197023526601f,0.7357360555413056f,0.6018965972504828f,0.5130523680207052f,-0.6119622160612833f,-0.04396437731792993f,0f,0f,0f,1f],start_interpolation:0}
execute if entity @s[tag=aj.louvert.bone.right_arm_1] run data modify entity @s {} merge value {transformation:[-0.8230008086238412f,-0.461748613235034f,-0.3308442037878656f,-0.4816879641436498f,-0.5677730661018298f,0.6508263384404401f,0.5040424809493113f,0.9405586630789277f,-0.017418794844391128f,0.6026717973887051f,-0.797799028714899f,-0.041632518185297354f,0f,0f,0f,1f],start_interpolation:0}
execute if entity @s[tag=aj.louvert.bone.right_arm_0] run data modify entity @s {} merge value {transformation:[-0.8827774852596794f,-0.461748613235034f,0.08655708921931013f,-0.20582f,-0.27087994382924707f,0.6508263384404401f,0.7092595668887897f,1.0252086455255673f,-0.38383325487724557f,0.6026717973887051f,-0.6996132768055555f,0.07831537396384189f,0f,0f,0f,1f],start_interpolation:0}
execute if entity @s[tag=aj.louvert.locator_origin.locator2] at @s on origin run tp @s ^1.17132 ^0.14137 ^0.51158 ~-28.85253 ~45.67761
execute if entity @s[tag=aj.louvert.bone.sword_1] run data modify entity @s {} merge value {transformation:[-0.3882622735984226f,-0.8576569893035264f,-0.3371600444877695f,0.8530948873363228f,-0.6978344310210508f,0.03466635785827321f,0.7154197023526601f,0.770129642939878f,-0.6018965972504831f,0.5130523680207051f,-0.6119622160612834f,-0.01211556618067117f,0f,0f,0f,1f],start_interpolation:0}
execute if entity @s[tag=aj.louvert.bone.left_arm_1] run data modify entity @s {} merge value {transformation:[-0.8230008086238411f,0.4617486132350339f,0.3308442037878657f,0.5387979641436498f,0.5677730661018298f,0.6508263384404401f,0.5040424809493113f,0.9749522504775f,0.01741879484439096f,0.6026717973887054f,-0.797799028714899f,-0.009783707048038659f,0f,0f,0f,1f],start_interpolation:0}
execute if entity @s[tag=aj.louvert.bone.left_arm_0] run data modify entity @s {} merge value {transformation:[-0.8827774852596794f,0.4617486132350339f,-0.08655708921930996f,0.26293f,0.27087994382924707f,0.6508263384404401f,0.7092595668887897f,1.0596022329241397f,0.38383325487724534f,0.6026717973887054f,-0.6996132768055555f,0.11016418510110051f,0f,0f,0f,1f],start_interpolation:0}
execute if entity @s[tag=aj.louvert.bone.wing_0] run data modify entity @s {} merge value {transformation:[-0.8433914458128857f,-8.320756184723689e-17f,0.537299608346824f,-0.0026949999999999396f,0.3650635466743679f,0.7337298645028765f,0.573034983946113f,1.147103244132034f,-0.3942327688297638f,0.6794413042615163f,-0.6188214912591736f,-0.490258695490234f,0f,0f,0f,1f],start_interpolation:0}
execute if entity @s[tag=aj.louvert.bone.wing_1] run data modify entity @s {} merge value {transformation:[-0.8433914458128857f,-8.320756184723689e-17f,-0.5372996083468238f,-0.002694999999999962f,-0.3650635466743679f,0.7337298645028765f,0.573034983946113f,0.9772429180666549f,0.3942327688297636f,0.6794413042615163f,-0.6188214912591739f,-0.3068262293645148f,0f,0f,0f,1f],start_interpolation:0}
execute if entity @s[tag=aj.louvert.bone.body_0] run data modify entity @s {} merge value {transformation:[-1f,-8.320756184723689e-17f,8.985599300022688e-17f,-0.006078750000000001f,0f,0.7337298645028765f,0.6794413042615163f,0.9538706250000001f,-1.2246467991473532e-16f,0.6794413042615163f,-0.7337298645028765f,0.00955625f,0f,0f,0f,1f],start_interpolation:0}