execute if entity @s[tag=aj.louvert.bone.head] run data modify entity @s {} merge value {transformation:[0.8648140551426684f,-0.003869112183762291f,0.5020773645551087f,0.006307121422581858f,0.016816809609114282f,0.9996324701255173f,-0.021263103849808146f,1.5746014173279237f,-0.5018105667901633f,0.026831970514041403f,0.8645612762644814f,0.00038926874224629385f,0f,0f,0f,1f],start_interpolation:0}
execute if entity @s[tag=aj.louvert.bone.coat_0] run data modify entity @s {} merge value {transformation:[0.6617392913002769f,0.16358477523053608f,0.731670097559127f,-0.00005162673672532564f,0.21099883171023798f,0.8958268077389505f,-0.3911186821837535f,0.7717175110727308f,-0.7194307495279322f,0.4132001353448669f,0.5582876004217374f,-0.33503682749713753f,0f,0f,0f,1f],start_interpolation:0}
execute if entity @s[tag=aj.louvert.bone.coat_1] run data modify entity @s {} merge value {transformation:[0.476389063276804f,0.4875575132515825f,0.731670097559127f,-0.30574043129625816f,-0.29240619153273506f,0.8726538807569503f,-0.3911186821837535f,0.7645529400785209f,-0.8291876021405356f,-0.02762020405007276f,0.5582876004217374f,0.060567803023579114f,0f,0f,0f,1f],start_interpolation:0}
execute if entity @s[tag=aj.louvert.bone.coat_2] run data modify entity @s {} merge value {transformation:[0.6113776091190657f,0.03303095150854085f,0.7906493377663044f,-0.06143726682160087f,0.014329141988420056f,0.9985025823933877f,-0.05279458915089169f,0.7192453903026567f,-0.7912092610414333f,0.04360675631339925f,0.6099888163287037f,-0.06744856218406203f,0f,0f,0f,1f],start_interpolation:0}
execute if entity @s[tag=aj.louvert.bone.right_leg_1] run data modify entity @s {} merge value {transformation:[0.6865569194154237f,-0.32967397441108237f,0.6480390937272261f,-0.2853968594606513f,0.09162725347601261f,0.9234196440495103f,0.37269371795606965f,0.6258399327637836f,-0.7212794484963828f,-0.19649740858208972f,0.6641872669641276f,-0.4533050313943923f,0f,0f,0f,1f],start_interpolation:0}
execute if entity @s[tag=aj.louvert.bone.right_leg_0] run data modify entity @s {} merge value {transformation:[0.6865569194154237f,0.5450619232369802f,0.48119340835053825f,-0.07647382787660853f,0.09162725347601261f,0.5916819906004825f,-0.8009474816862171f,0.7699263683241784f,-0.7212794484963828f,0.5939864660379519f,0.3562808377396951f,-0.2361356698669584f,0f,0f,0f,1f],start_interpolation:0}
execute if entity @s[tag=aj.louvert.bone.left_leg_1] run data modify entity @s {} merge value {transformation:[0.5283116800647012f,0.1596216614162158f,0.8339110827384055f,-0.4043104528089177f,-0.19217444672182105f,0.9791607390849669f,-0.06567517842947618f,0.40069760671888094f,-0.8270161732000016f,-0.1255594370858222f,0.5479772595868524f,-0.06515571506917009f,0f,0f,0f,1f],start_interpolation:0}
execute if entity @s[tag=aj.louvert.bone.left_leg_0] run data modify entity @s {} merge value {transformation:[0.5283116800647012f,0.430750086529336f,0.731670097559127f,-0.22931823015637495f,-0.19217444672182105f,0.9000528642663197f,-0.3911186821837535f,0.7663440828270733f,-0.8270161732000016f,0.0660242719078647f,0.5582876004217374f,-0.03833335460660005f,0f,0f,0f,1f],start_interpolation:0}
execute if entity @s[tag=aj.louvert.bone.body_1] run data modify entity @s {} merge value {transformation:[0.6113776091190657f,0.3014569412132894f,0.731670097559127f,-0.0586907348873388f,0.014329141988420056f,0.9202286955625323f,-0.3911186821837535f,1.0557066929389172f,-0.7912092610414333f,0.24960540951190882f,0.5582876004217374f,-0.059232821764307705f,0f,0f,0f,1f],start_interpolation:0}
execute if entity @s[tag=aj.louvert.locator_origin.locator] at @s on origin run tp @s ^0.73074 ^2.36568 ^-1.28483 ~-166.89445 ~-50.65237
execute if entity @s[tag=aj.louvert.bone.sword_0] run data modify entity @s {} merge value {transformation:[0.8557504614470052f,-0.49701467705917574f,-0.14376215955876942f,0.5916293440862159f,0.21624436924220827f,0.5960073866732329f,-0.7733133697292338f,1.7025342463698092f,0.47003140374264063f,0.6306755154742467f,0.6175102215162241f,-0.726478657611237f,0f,0f,0f,1f],start_interpolation:0}
execute if entity @s[tag=aj.louvert.bone.right_arm_1] run data modify entity @s {} merge value {transformation:[0.6110664003501269f,-0.07024920731423356f,0.7884560249214032f,0.3611577860064551f,0.2354336979336671f,0.9671078480982176f,-0.09629841132704874f,1.604423165254526f,-0.7557571225204678f,0.24447384117438115f,0.607506142142634f,-0.44719856391928764f,0f,0f,0f,1f],start_interpolation:0}
execute if entity @s[tag=aj.louvert.bone.right_arm_0] run data modify entity @s {} merge value {transformation:[0.6110664003501269f,-0.07024920731423356f,0.7884560249214032f,0.18464638882843232f,0.2354336979336671f,0.9671078480982176f,-0.09629841132704874f,1.5322030675330778f,-0.7557571225204678f,0.24447384117438115f,0.607506142142634f,-0.23779032082373325f,0f,0f,0f,1f],start_interpolation:0}
execute if entity @s[tag=aj.louvert.locator_origin.locator2] at @s on origin run tp @s ^-0.94948 ^1.44456 ^-0.2855 ~140.4318 ~-30.23549
execute if entity @s[tag=aj.louvert.bone.sword_1] run data modify entity @s {} merge value {transformation:[0.8191474545672953f,0.16162309641613715f,0.5503411872473121f,-0.4622865286722499f,0.1712275268311409f,0.846825446492576f,-0.5035551580789737f,1.0246900337432931f,-0.5474290654790007f,0.5067194863802944f,0.6660005858790807f,0.3121791582317448f,0f,0f,0f,1f],start_interpolation:0}
execute if entity @s[tag=aj.louvert.bone.left_arm_1] run data modify entity @s {} merge value {transformation:[0.6503483091913895f,-0.5236140318508663f,0.5503411872473121f,-0.21438478563697952f,0.7587688602617122f,0.4131610091346981f,-0.5035551580789737f,1.306235956219227f,0.03628902628954431f,0.7450680010439841f,0.6660005858790807f,0.31629174758110007f,0f,0f,0f,1f],start_interpolation:0}
execute if entity @s[tag=aj.louvert.bone.left_arm_0] run data modify entity @s {} merge value {transformation:[0.32274671557433365f,-0.5236140318508663f,0.7884560249214032f,-0.15609005599967f,0.9055520948607454f,0.4131610091346981f,-0.09629841132704874f,1.5707952389872497f,-0.27533608749907057f,0.7450680010439841f,0.607506142142634f,0.21055422870637705f,0f,0f,0f,1f],start_interpolation:0}
execute if entity @s[tag=aj.louvert.bone.wing_0] run data modify entity @s {} merge value {transformation:[0.8201744884727282f,0.06748715309593913f,0.568119083137949f,0.3773364250065544f,-0.015291545165057175f,0.99524936155004f,-0.09615028331056953f,1.184335243631573f,-0.5719090636674363f,0.07017259081181947f,0.8173101188617411f,0.2800205117220004f,0f,0f,0f,1f],start_interpolation:0}
execute if entity @s[tag=aj.louvert.bone.wing_1] run data modify entity @s {} merge value {transformation:[0.3459878897768251f,0.06748715309593913f,0.9358086686362683f,0.18022241877620357f,0.0426234363731259f,0.99524936155004f,-0.08753257111489333f,1.2084098464633353f,-0.937270304020951f,0.07017259081181947f,0.3414676920284425f,0.12814397618634185f,0f,0f,0f,1f],start_interpolation:0}
execute if entity @s[tag=aj.louvert.bone.body_0] run data modify entity @s {} merge value {transformation:[0.6113776091190657f,0.06748715309593913f,0.7884560249214032f,0.00008872625527189728f,0.014329141988420056f,0.99524936155004f,-0.09629841132704874f,1.4292168349125365f,-0.7912092610414333f,0.07017259081181947f,0.607506142142634f,-0.011325424640013525f,0f,0f,0f,1f],start_interpolation:0}