execute if entity @s[tag=aj.louvert.bone.head] run data modify entity @s {} merge value {transformation:[-0.7779363971536359f,0.05342720868060155f,0.6260674846661658f,-0.00003654993463412387f,0.018746309779246437f,0.9979084258990583f,-0.06186557515552734f,1.496749911847282f,-0.6280633231237761f,-0.036391027634062864f,-0.7773108485377366f,-0.0009187483129168153f,0f,0f,0f,1f],start_interpolation:0}
execute if entity @s[tag=aj.louvert.bone.coat_0] run data modify entity @s {} merge value {transformation:[-0.7882722040593088f,0.4357739925750888f,0.43442831365214435f,-0.32961004027710983f,0.2817859433682525f,0.8832809721194707f,-0.37471510032522937f,0.6926235168255346f,-0.5470133585457886f,-0.17296170583932494f,-0.8190608242893853f,0.04307809172077186f,0f,0f,0f,1f],start_interpolation:0}
execute if entity @s[tag=aj.louvert.bone.coat_1] run data modify entity @s {} merge value {transformation:[-0.8894128641085456f,-0.14218578499831808f,0.43442831365214435f,0.10977023252675795f,-0.3220171668863769f,0.8694213810453045f,-0.37471510032522937f,0.6810314902930055f,-0.3244221037301638f,-0.4731698053824731f,-0.8190608242893853f,0.2814278364063239f,0f,0f,0f,1f],start_interpolation:0}
execute if entity @s[tag=aj.louvert.bone.coat_2] run data modify entity @s {} merge value {transformation:[-0.8787605456077355f,0.037114730760424874f,0.4758176123724047f,-0.055616364668657894f,0.023184053065058267f,0.9991143044639309f,-0.035115613322739825f,0.6399881160186163f,-0.47669948937110407f,-0.01982683474831004f,-0.8788427012026622f,0.05987036102737471f,0f,0f,0f,1f],start_interpolation:0}
execute if entity @s[tag=aj.louvert.bone.right_leg_1] run data modify entity @s {} merge value {transformation:[-0.786019302397864f,-0.12677990292797284f,0.6050624037829067f,-0.4185981778553422f,0.14305333275417303f,0.9148795453707876f,0.3775329938562519f,0.5435303052533159f,-0.601422813207064f,0.38330441384846403f,-0.7009766943903245f,0.3277534750536752f,0f,0f,0f,1f],start_interpolation:0}
execute if entity @s[tag=aj.louvert.bone.right_leg_0] run data modify entity @s {} merge value {transformation:[-0.786019302397864f,0.5535362968441546f,0.2752657340353775f,-0.21976497207614287f,0.14305333275417303f,0.5960436925983201f,-0.7901061071157993f,0.6897255101924022f,-0.601422813207064f,-0.581660970488668f,-0.547687059518738f,0.10266552789215987f,0f,0f,0f,1f],start_interpolation:0}
execute if entity @s[tag=aj.louvert.bone.left_leg_1] run data modify entity @s {} merge value {transformation:[-0.9002467616705303f,-0.17379346226019357f,0.3991886779172701f,0.011613651059040879f,-0.20968807575732643f,0.9766038396154105f,-0.04770588363742029f,0.3170383981311253f,-0.3815582248974762f,-0.12665217299380227f,-0.915626860729323f,0.39589028791911407f,0f,0f,0f,1f],start_interpolation:0}
execute if entity @s[tag=aj.louvert.bone.left_leg_0] run data modify entity @s {} merge value {transformation:[-0.9002467616705303f,-0.028771659651076614f,0.43442831365214435f,-0.00007483567420899645f,-0.20968807575732643f,0.9031165508800306f,-0.37471510032522937f,0.6839294969261377f,-0.3815582248974762f,-0.42843049276105405f,-0.8190608242893853f,0.2218404002349359f,0f,0f,0f,1f],start_interpolation:0}
execute if entity @s[tag=aj.louvert.bone.body_1] run data modify entity @s {} merge value {transformation:[-0.8787605456077355f,0.19761564659851436f,0.43442831365214435f,-0.0481650143131402f,0.023184053065058267f,0.926850092124789f,-0.37471510032522937f,0.9764681573482665f,-0.47669948937110407f,-0.31921303693258085f,-0.8190608242893853f,0.06249889002211635f,0f,0f,0f,1f],start_interpolation:0}
execute if entity @s[tag=aj.louvert.locator_origin.locator] at @s on origin run tp @s ^-0.70234 ^2.87193 ^-0.38139 ~96.04636 ~-81.73641
execute if entity @s[tag=aj.louvert.bone.sword_0] run data modify entity @s {} merge value {transformation:[0.5031739960959701f,0.8522837297330464f,0.1429278618224583f,-0.5547121180600821f,0.05948309351690019f,0.13084086560769934f,-0.9896173146588974f,2.006845699886213f,-0.8621355411061953f,0.5064514901936364f,0.015139248401838473f,-0.3549155397529562f,0f,0f,0f,1f],start_interpolation:0}
execute if entity @s[tag=aj.louvert.bone.right_arm_1] run data modify entity @s {} merge value {transformation:[-0.4666782895217285f,0.7468442102451169f,0.4737458176199776f,-0.388721354035795f,0.8222350350149505f,0.5636858063604983f,-0.07866294490849988f,1.6928405849786214f,-0.32579275818077436f,0.35282012036030796f,-0.8771414033016006f,-0.2341341333842205f,0f,0f,0f,1f],start_interpolation:0}
execute if entity @s[tag=aj.louvert.bone.right_arm_0] run data modify entity @s {} merge value {transformation:[-0.4666782895217285f,0.7468442102451169f,0.4737458176199776f,-0.2636295687170874f,0.8222350350149505f,0.5636858063604983f,-0.07866294490849988f,1.456915569124803f,-0.32579275818077436f,0.35282012036030796f,-0.8771414033016006f,-0.13971347746003268f,0f,0f,0f,1f],start_interpolation:0}
execute if entity @s[tag=aj.louvert.locator_origin.locator2] at @s on origin run tp @s ^-0.12971 ^1.34696 ^0.98536 ~40.78481 ~-29.37511
execute if entity @s[tag=aj.louvert.bone.sword_1] run data modify entity @s {} merge value {transformation:[-0.6710882647892625f,0.4749882853934207f,0.5692334052048902f,0.38222522843445617f,0.1864301394637377f,0.8512513311151501f,-0.4905252025882222f,0.938637447531783f,-0.7175544188155123f,-0.22306344392056549f,-0.6598169109871533f,0.40049122796994047f,0f,0f,0f,1f],start_interpolation:0}
execute if entity @s[tag=aj.louvert.bone.left_arm_1] run data modify entity @s {} merge value {transformation:[-0.06750508504033625f,0.8194000206813167f,0.5692334052048902f,0.3468927367042149f,0.7719313356178181f,0.40436003600389975f,-0.4905252025882222f,1.2251770420129073f,-0.6321116013687681f,0.4062961572429434f,-0.6598169109871533f,0.16093545184122457f,0f,0f,0f,1f],start_interpolation:0}
execute if entity @s[tag=aj.louvert.bone.left_arm_0] run data modify entity @s {} merge value {transformation:[-0.32272047718580954f,0.8194000206813167f,0.4737458176199776f,0.23338421999242062f,0.911210789214684f,0.40436003600389975f,-0.07866294490849988f,1.490591647751876f,-0.2560202945543891f,0.4062961572429434f,-0.8771414033016006f,0.12570455355128274f,0f,0f,0f,1f],start_interpolation:0}
execute if entity @s[tag=aj.louvert.bone.wing_0] run data modify entity @s {} merge value {transformation:[-0.6956307131456368f,0.05783427851001317f,0.716067809050036f,0.21695582563753762f,-0.0015433793448785885f,0.996631647491589f,-0.08199376316768811f,1.1148263105677985f,-0.718397890384354f,-0.05814254421185362f,-0.6931983234572068f,-0.4195029503908924f,0f,0f,0f,1f],start_interpolation:0}
execute if entity @s[tag=aj.louvert.bone.wing_1] run data modify entity @s {} merge value {transformation:[-0.9805469428440786f,0.05783427851001317f,0.18757102417046534f,0.09851937123254324f,0.0457654281352635f,0.996631647491589f,-0.06805060474233243f,1.1344920467949233f,-0.19087487646813833f,-0.05814254421185362f,-0.9798909256064399f,-0.2002175995654923f,0f,0f,0f,1f],start_interpolation:0}
execute if entity @s[tag=aj.louvert.bone.body_0] run data modify entity @s {} merge value {transformation:[-0.8787605456077355f,0.05783427851001317f,0.4737458176199776f,-0.010511824701593567f,0.023184053065058267f,0.996631647491589f,-0.07866294490849988f,1.351228496720117f,-0.47669948937110407f,-0.05814254421185362f,-0.8771414033016006f,0.004216000126656464f,0f,0f,0f,1f],start_interpolation:0}