execute if entity @s[tag=aj.louvert.bone.head] run data modify entity @s {} merge value {transformation:[-0.2058926013027796f,0.6124049266369771f,-0.7632617130182371f,0.08001372642808449f,-0.122778814257545f,0.7576429812753978f,0.64101675149222f,1.4535932478086429f,0.9708416964151707f,0.22569297453595236f,-0.08080273353561793f,-0.05375584062587555f,0f,0f,0f,1f],start_interpolation:0}
execute if entity @s[tag=aj.louvert.bone.coat_0] run data modify entity @s {} merge value {transformation:[-0.2926188819382926f,-0.1541204231117828f,-0.9437272302487774f,-0.021057381522577148f,0.10722727818073255f,0.9754125522155266f,-0.19254262851208892f,0.7003396727121457f,0.9501981376255879f,-0.15753491092528546f,-0.2688982169755445f,0.13374870182472157f,0f,0f,0f,1f],start_interpolation:0}
execute if entity @s[tag=aj.louvert.bone.coat_1] run data modify entity @s {} merge value {transformation:[-0.24310351546202427f,-0.2242311210714889f,-0.9437272302487774f,0.11797906787720823f,-0.14739186960672654f,0.9701561590689868f,-0.19254262851208892f,0.6894364524417851f,0.9587368343522844f,0.09228993099755754f,-0.2688982169755445f,-0.3464075076800989f,0f,0f,0f,1f],start_interpolation:0}
execute if entity @s[tag=aj.louvert.bone.coat_2] run data modify entity @s {} merge value {transformation:[-0.27807289879957076f,0.26634356788157976f,-0.9228957507764972f,-0.06950506060378163f,0.021806440540721332f,0.9622920901306943f,0.2711427897305102f,0.6708202340129543f,0.9603124190096409f,0.05527239021437333f,-0.27339535617095323f,-0.13994168004963176f,0f,0f,0f,1f],start_interpolation:0}
execute if entity @s[tag=aj.louvert.bone.right_leg_1] run data modify entity @s {} merge value {transformation:[-0.27807289879957076f,0.3288128750650855f,-0.9025284240092589f,0.30516511808518376f,0.021806440540721332f,0.9415045028772588f,0.33629414240035416f,0.5599155133008203f,0.9603124190096409f,0.07383335461211317f,-0.26897712475705865f,0.10123406161008654f,0f,0f,0f,1f],start_interpolation:0}
execute if entity @s[tag=aj.louvert.bone.right_leg_0] run data modify entity @s {} merge value {transformation:[-0.27807289879957076f,-0.7820272020784649f,-0.5577713852130923f,0.013701730827369196f,0.021806440540721332f,0.5753840526734855f,-0.8175926070360345f,0.6976138676445556f,0.9603124190096409f,-0.2395133548225736f,-0.1429454817666102f,0.013709649448516437f,0f,0f,0f,1f],start_interpolation:0}
execute if entity @s[tag=aj.louvert.bone.left_leg_1] run data modify entity @s {} merge value {transformation:[-0.20972583918910614f,0.7276216181722199f,-0.6531323396868859f,0.1923243268490993f,-0.02370247584699619f,0.6640085035769643f,0.747349248889837f,0.3534958897444879f,0.977472897330227f,0.17221930189708964f,-0.12201330681090214f,-0.21117133375391742f,0f,0f,0f,1f],start_interpolation:0}
execute if entity @s[tag=aj.louvert.bone.left_leg_0] run data modify entity @s {} merge value {transformation:[-0.20972583918910614f,-0.2204800107480747f,-0.9525773654863705f,0.08321995552726189f,-0.02370247584699619f,0.9751044677151801f,-0.22047555347615752f,0.6921622575093752f,0.977472897330227f,-0.023660978475633917f,-0.20973052491811445f,-0.2263684553038938f,0f,0f,0f,1f],start_interpolation:0}
execute if entity @s[tag=aj.louvert.bone.body_1] run data modify entity @s {} merge value {transformation:[-0.27807289879957076f,-0.17903736436893575f,-0.9437272302487774f,-0.007488333187976884f,0.021806440540721332f,0.981046286041897f,-0.19254262851208892f,1.0014650269650582f,0.9603124190096409f,-0.07412021858592513f,-0.2688982169755445f,-0.1294919712357903f,0f,0f,0f,1f],start_interpolation:0}
execute if entity @s[tag=aj.louvert.locator_origin.locator] at @s on origin run tp @s ^0.84555 ^1.48592 ^-0.61825 ~-138.06931 ~-33.12721
execute if entity @s[tag=aj.louvert.bone.sword_0] run data modify entity @s {} merge value {transformation:[0.5378930934810601f,-0.6304764476994398f,-0.5596163586616031f,0.33801258325869316f,0.33240044285805437f,0.7686664053869336f,-0.5464996823579129f,1.026329549006934f,0.7747134732100285f,0.10794167928018605f,0.6230310010754111f,-0.06866436047574478f,0f,0f,0f,1f],start_interpolation:0}
execute if entity @s[tag=aj.louvert.bone.right_arm_1] run data modify entity @s {} merge value {transformation:[0.7928193392689482f,0.6093104621239928f,0.013351255648642368f,0.03432344843626978f,-0.22572950684918763f,0.31392138567650746f,-0.9222253267789624f,1.1101098548263904f,-0.566112784715883f,0.7281443018806013f,0.38642229570774084f,0.13503655705167503f,0f,0f,0f,1f],start_interpolation:0}
execute if entity @s[tag=aj.louvert.bone.right_arm_0] run data modify entity @s {} merge value {transformation:[0.41624840634527605f,0.6093104621239928f,-0.6748911208196955f,0.023453283506635034f,-0.9082221432405917f,0.31392138567650746f,-0.27674158007499994f,1.3850041686665986f,0.04324121578406788f,0.7281443018806013f,0.6840585303147151f,0.1348004792601889f,0f,0f,0f,1f],start_interpolation:0}
execute if entity @s[tag=aj.louvert.locator_origin.locator2] at @s on origin run tp @s ^1.03284 ^0.92416 ^-1.15243 ~-104.09327 ~22.40708
execute if entity @s[tag=aj.louvert.bone.sword_1] run data modify entity @s {} merge value {transformation:[-0.34220031497379516f,0.28085249968648374f,-0.89667207933095f,0.2532268058824811f,-0.919423109800548f,0.09674393717486435f,0.38118467412082047f,1.2612123962970216f,0.1938042558782584f,0.9548625471971137f,0.2251164728839607f,-0.9299974989242696f,0f,0f,0f,1f],start_interpolation:0}
execute if entity @s[tag=aj.louvert.bone.left_arm_1] run data modify entity @s {} merge value {transformation:[-0.3673747332194087f,0.37564858900683634f,-0.8508372012136878f,0.11376409566550308f,0.4077333693414157f,0.8872631091549826f,0.2156795647671106f,1.4043081904333834f,0.8359361847159539f,-0.26767949624468157f,-0.479122512905341f,-0.6124852311087953f,0f,0f,0f,1f],start_interpolation:0}
execute if entity @s[tag=aj.louvert.bone.left_arm_0] run data modify entity @s {} merge value {transformation:[0.06700752954762318f,0.37564858900683634f,-0.924336588349232f,0.13470394864913532f,0.26207417571974373f,0.8872631091549826f,0.3795804283066376f,1.4862063703458033f,0.962718607592448f,-0.26767949624468157f,-0.03899448532103292f,-0.3116356662361553f,0f,0f,0f,1f],start_interpolation:0}
execute if entity @s[tag=aj.louvert.bone.wing_0] run data modify entity @s {} merge value {transformation:[-0.6715562018867175f,0.3144215100122102f,-0.6709332170560109f,-0.49141177775529954f,0.08086650118706125f,0.9311921599142511f,0.35544587534531186f,1.3051107179040669f,0.7365275804022887f,0.1844458602296985f,-0.6507740375513433f,-0.19371974305040096f,0f,0f,0f,1f],start_interpolation:0}
execute if entity @s[tag=aj.louvert.bone.wing_1] run data modify entity @s {} merge value {transformation:[0.32426008449686294f,0.3144215100122102f,-0.8921852451389953f,-0.2597402226969561f,-0.2879677045307865f,0.9311921599142511f,0.22350785771757914f,1.219303330371093f,0.9010715835877622f,0.1844458602296985f,0.3924916889499312f,-0.15543942406511768f,0f,0f,0f,1f],start_interpolation:0}
execute if entity @s[tag=aj.louvert.bone.body_0] run data modify entity @s {} merge value {transformation:[-0.2058926013027796f,0.3144215100122102f,-0.9266862202333735f,0.031596319866400865f,-0.122778814257545f,0.9311921599142511f,0.34322955013189527f,1.3179634941714429f,0.9708416964151707f,0.1844458602296985f,-0.15312127594113312f,-0.0776912527540753f,0f,0f,0f,1f],start_interpolation:0}