execute if entity @s[tag=aj.louvert.bone.head] run data modify entity @s {} merge value {transformation:[-0.998899656388031f,0.018859332185335004f,0.04293951626878279f,0.03125493492061343f,0.023027360024037644f,0.9948467313103186f,0.09874068002347534f,1.7027792742917995f,-0.040856054119276244f,0.09962081504734928f,-0.9941863386966776f,-0.0005660338377804011f,0f,0f,0f,1f],start_interpolation:0}
execute if entity @s[tag=aj.louvert.bone.coat_0] run data modify entity @s {} merge value {transformation:[0.018381353836722042f,0.11924860391054001f,-0.992694261238835f,-0.013833286832837181f,0.023821835785603818f,0.9925279228639541f,0.11966972246633027f,0.9182738516878602f,0.99954722048082f,-0.025847491188738733f,0.01540328628296959f,0.18227624249300453f,0f,0f,0f,1f],start_interpolation:0}
execute if entity @s[tag=aj.louvert.bone.coat_1] run data modify entity @s {} merge value {transformation:[-0.01900729165780563f,0.11915043670637027f,-0.992694261238835f,-0.016306522776981365f,-0.2811690364650373f,0.9521675957824621f,0.11966972246633027f,0.9618692625062596f,0.9594700077632221f,0.28138948625442145f,0.01540328628296959f,-0.3158134314207794f,0f,0f,0f,1f],start_interpolation:0}
execute if entity @s[tag=aj.louvert.bone.coat_2] run data modify entity @s {} merge value {transformation:[0.004946471888288368f,0.39287707203392347f,-0.9195776958397315f,-0.13915668745976364f,-0.08719082163679863f,0.9162561706467448f,0.3909889900931526f,0.9550302724053512f,0.9961793478275678f,0.07824471881101429f,0.03878751010347227f,-0.06484318367851621f,0f,0f,0f,1f],start_interpolation:0}
execute if entity @s[tag=aj.louvert.bone.right_leg_1] run data modify entity @s {} merge value {transformation:[-0.14726378345038035f,0.4147094288354107f,-0.8979584999981272f,0.06853577809220615f,0.02202463505137067f,0.9090064258677228f,0.41619975154010136f,0.5638650805133447f,0.9888520079034745f,0.041513941829168656f,-0.14299754927645092f,0.06467354805161159f,0f,0f,0f,1f],start_interpolation:0}
execute if entity @s[tag=aj.louvert.bone.right_leg_0] run data modify entity @s {} merge value {transformation:[-0.14726378345038035f,-0.21615237679564825f,-0.9651898922437343f,-0.014451595818873224f,0.02202463505137067f,0.974870536354051f,-0.22168074521622116f,0.92917270439246f,0.9888520079034745f,-0.053903500390580575f,-0.13880244634338867f,0.05775382401455855f,0f,0f,0f,1f],start_interpolation:0}
execute if entity @s[tag=aj.louvert.bone.left_leg_1] run data modify entity @s {} merge value {transformation:[0.13803768812810177f,0.1516540311973451f,-0.9787474911732053f,0.2797763943029279f,-0.20778826113388976f,0.9706494328121567f,0.12109383599668966f,0.7854249571242791f,0.9683850655556411f,0.18665672611249093f,0.1654981311246842f,-0.2689291920609575f,0f,0f,0f,1f],start_interpolation:0}
execute if entity @s[tag=aj.louvert.bone.left_leg_0] run data modify entity @s {} merge value {transformation:[0.13803768812810177f,-0.7973194148680626f,-0.5875605052509053f,-0.015688213790945323f,-0.20778826113388976f,0.5567236526554354f,-0.8042902542670429f,0.9509704098016598f,0.9683850655556411f,0.23311054298002096f,-0.08882476884493662f,-0.1912910129423334f,0f,0f,0f,1f],start_interpolation:0}
execute if entity @s[tag=aj.louvert.bone.body_1] run data modify entity @s {} merge value {transformation:[0.004946471888288368f,0.12055553126813388f,-0.992694261238835f,0.022603698716382563f,-0.08719082163679863f,0.9889777136756579f,0.11966972246633027f,1.249127092620703f,0.9961793478275678f,0.08596188535348988f,0.01540328628296959f,-0.03990550529092183f,0f,0f,0f,1f],start_interpolation:0}
execute if entity @s[tag=aj.louvert.locator_origin.locator] at @s on origin run tp @s ^-0.04316 ^1.94747 ^1.67742 ~-2.74786 ~-33.26013
execute if entity @s[tag=aj.louvert.bone.sword_0] run data modify entity @s {} merge value {transformation:[-0.9436066856481368f,0.3286326373268219f,-0.0400875602120524f,-0.06978386798989761f,0.29570412014642655f,0.7821582282220778f,-0.5484410445553173f,1.4865206235335713f,-0.1488808118212862f,-0.5293666930475668f,-0.8352277582571819f,0.9306373887196595f,0f,0f,0f,1f],start_interpolation:0}
execute if entity @s[tag=aj.louvert.bone.right_arm_1] run data modify entity @s {} merge value {transformation:[-0.06340594698832604f,-0.9865014340451771f,-0.15097882803003296f,-0.035337170258255286f,-0.21022546063112524f,0.16109139114545212f,-0.9642898005274421f,1.5661884746343535f,0.9755946604963276f,-0.02940211430546547f,-0.21760187059265726f,0.5656623860547172f,0f,0f,0f,1f],start_interpolation:0}
execute if entity @s[tag=aj.louvert.bone.right_arm_0] run data modify entity @s {} merge value {transformation:[-0.06340594698832604f,-0.9865014340451771f,-0.15097882803003296f,-0.010464833414252955f,-0.21022546063112524f,0.16109139114545212f,-0.9642898005274421f,1.629523185983519f,0.9755946604963276f,-0.02940211430546547f,-0.21760187059265726f,0.2907189203690669f,0f,0f,0f,1f],start_interpolation:0}
execute if entity @s[tag=aj.louvert.locator_origin.locator2] at @s on origin run tp @s ^0.98684 ^1.62729 ^-0.13334 ~-76.20492 ~-25.24892
execute if entity @s[tag=aj.louvert.bone.sword_1] run data modify entity @s {} merge value {transformation:[-0.3879996624596815f,0.27913419324235966f,-0.8783737041226304f,0.22324155539218984f,0.8998229631376381f,-0.09150009681958693f,-0.4265517170194103f,1.2505657673778554f,-0.19943644837735613f,-0.9558827514109371f,-0.21566935019534633f,-0.3475090441405436f,0f,0f,0f,1f],start_interpolation:0}
execute if entity @s[tag=aj.louvert.bone.left_arm_1] run data modify entity @s {} merge value {transformation:[-0.7401023792828894f,0.6344664648692474f,-0.22293670208408067f,-0.06032538392163826f,0.5527873115214917f,0.38516843153269764f,-0.7389664860949263f,1.4557733036354161f,-0.38298127421670014f,-0.6701474347536979f,-0.6357890839676246f,-0.4824903467168481f,0f,0f,0f,1f],start_interpolation:0}
execute if entity @s[tag=aj.louvert.bone.left_arm_0] run data modify entity @s {} merge value {transformation:[0.07107012127429295f,0.6344664648692474f,-0.7696761285231454f,-0.006219393432391428f,0.8342567512507698f,0.38516843153269764f,0.3945389110634753f,1.6783610422609854f,0.5467766553672245f,-0.6701474347536979f,-0.501933964619321f,-0.30333244734667575f,0f,0f,0f,1f],start_interpolation:0}
execute if entity @s[tag=aj.louvert.bone.wing_0] run data modify entity @s {} merge value {transformation:[-0.5148149720503992f,-0.04582782191893083f,-0.8560755546626205f,-0.4639994397612162f,-0.1327282573302706f,0.9907906454070475f,0.026778847621877627f,1.353901497768428f,0.8469644350613642f,0.12741156820341323f,-0.5161565053635678f,-0.034792688752019234f,0f,0f,0f,1f],start_interpolation:0}
execute if entity @s[tag=aj.louvert.bone.wing_1] run data modify entity @s {} merge value {transformation:[0.5025211933787435f,0.018984569148825008f,-0.8643564289917886f,-0.21402887870420265f,-0.041710638606843625f,0.9991270734237618f,-0.002305163481861409f,1.3571425258364234f,0.8635581467580586f,0.037211252141016504f,0.5028743877767936f,-0.03273980251447864f,0f,0f,0f,1f],start_interpolation:0}
execute if entity @s[tag=aj.louvert.bone.body_0] run data modify entity @s {} merge value {transformation:[-0.007043221373183304f,-0.013634174348211056f,-0.9998822442280545f,0.03124042240518288f,-0.0877260246359386f,0.9960602774905615f,-0.012964112271981743f,1.5570960751778105f,0.9961197406106672f,0.08762438527754951f,-0.008211544950162375f,-0.009999197087425948f,0f,0f,0f,1f],start_interpolation:0}