execute if entity @s[tag=aj.louvert.bone.head] run data modify entity @s {} merge value {transformation:[0.8373493191057992f,-0.008838115252875417f,-0.5465967485375589f,0.004454552053675272f,0.010185412978506364f,0.9999479676327548f,-0.000565145627520941f,1.5772073952328467f,0.5465733026369948f,-0.00509408931016353f,0.8373957696923172f,0.008522429294314886f,0f,0f,0f,1f],start_interpolation:0}
execute if entity @s[tag=aj.louvert.bone.coat_0] run data modify entity @s {} merge value {transformation:[0.9748572395756996f,-0.2133872012249352f,-0.06418149889365408f,0.27762058507411175f,0.17046381481839998f,0.8996569839835967f,-0.4019445223001511f,0.775582190907886f,0.14351115038353418f,0.3808979043299233f,0.9134119203254725f,-0.19135507528032747f,0f,0f,0f,1f],start_interpolation:0}
execute if entity @s[tag=aj.louvert.bone.coat_1] run data modify entity @s {} merge value {transformation:[0.9598786178811443f,0.27297211237477753f,-0.06418149889365408f,-0.22097797494561874f,-0.2752321097947982f,0.8733200368311764f,-0.4019445223001511f,0.7708635524473184f,-0.053668656332057016f,0.4034827618806587f,0.9134119203254725f,-0.22846586073859615f,0f,0f,0f,1f],start_interpolation:0}
execute if entity @s[tag=aj.louvert.bone.coat_2] run data modify entity @s {} merge value {transformation:[0.997197120039461f,-0.014182705469028303f,-0.0734626071589048f,0.02029861770253974f,0.0094372769211352f,0.9978701467358257f,-0.06454539532558129f,0.7229798063900834f,0.07422157091653736f,0.06367119536337096f,0.9952070826173218f,-0.09573397796877774f,0f,0f,0f,1f],start_interpolation:0}
execute if entity @s[tag=aj.louvert.bone.right_leg_1] run data modify entity @s {} merge value {transformation:[0.9873273442937144f,-0.004429893805824897f,-0.15863508833417125f,0.20593970681944232f,0.06274120463156176f,0.9290676902527644f,0.36455009006962846f,0.6322183773032357f,0.14576781692575935f,-0.3698832288294007f,0.9175718721601244f,-0.49820669902753956f,0f,0f,0f,1f],start_interpolation:0}
execute if entity @s[tag=aj.louvert.bone.right_leg_0] run data modify entity @s {} merge value {transformation:[0.9873273442937144f,-0.15462527279129046f,-0.03571750584993602f,0.15297094506917913f,0.06274120463156176f,0.5870583175362227f,-0.8071097032330363f,0.7744025312927441f,0.14576781692575935f,0.7946405205033018f,0.5893201054799843f,-0.20063277164489463f,0f,0f,0f,1f],start_interpolation:0}
execute if entity @s[tag=aj.louvert.bone.left_leg_1] run data modify entity @s {} merge value {transformation:[0.9832362730605728f,0.1823149318537225f,-0.0027743397642400955f,-0.16566173424193548f,-0.18200377913049365f,0.9804128267761913f,-0.07526827668371527f,0.4074770729149987f,-0.011002532443642452f,0.07451144016787192f,0.9971594604494992f,-0.38448629633094855f,0f,0f,0f,1f],start_interpolation:0}
execute if entity @s[tag=aj.louvert.bone.left_leg_0] run data modify entity @s {} merge value {transformation:[0.9832362730605728f,0.17066682904922914f,-0.06418149889365408f,-0.09632833494068613f,-0.18200377913049365f,0.8973935732860593f,-0.4019445223001511f,0.7720432120624603f,-0.011002532443642452f,0.4068877094324174f,0.9134119203254725f,-0.219188164374029f,0f,0f,0f,1f],start_interpolation:0}
execute if entity @s[tag=aj.louvert.bone.body_1] run data modify entity @s {} merge value {transformation:[0.997197120039461f,-0.03845307510159175f,-0.06418149889365408f,0.01630471909499908f,0.0094372769211352f,0.9156153880299398f,-0.4019445223001511f,1.0593526804369584f,0.07422157091653736f,0.4002122214750746f,0.9134119203254725f,-0.08484414879850098f,0f,0f,0f,1f],start_interpolation:0}
execute if entity @s[tag=aj.louvert.locator_origin.locator] at @s on origin run tp @s ^1.62804 ^1.90818 ^-0.22502 ~-114.02891 ~-34.34226
execute if entity @s[tag=aj.louvert.bone.sword_0] run data modify entity @s {} merge value {transformation:[0.2689792128150373f,-0.5991158493541484f,-0.7541288895978329f,0.9506123808465122f,0.2017211869503285f,0.8006622585457233f,-0.5641351881205535f,1.4339450141202268f,0.9417848723613866f,-0.0003831359012786764f,0.3362158642868115f,0.07003261278836047f,0f,0f,0f,1f],start_interpolation:0}
execute if entity @s[tag=aj.louvert.bone.right_arm_1] run data modify entity @s {} merge value {transformation:[0.9831919060210466f,0.16744436134823118f,-0.07277404611112848f,0.5803607000133411f,-0.17467147584344545f,0.9786846370976725f,-0.10801044688209453f,1.4895332817400506f,0.05313710061128968f,0.1189065471775213f,0.9914825674599356f,0.046285373008868536f,0f,0f,0f,1f],start_interpolation:0}
execute if entity @s[tag=aj.louvert.bone.right_arm_0] run data modify entity @s {} merge value {transformation:[0.9831919060210466f,0.16744436134823118f,-0.07277404611112848f,0.3013118345932614f,-0.17467147584344545f,0.9786846370976725f,-0.10801044688209453f,1.533410416590776f,0.05313710061128968f,0.1189065471775213f,0.9914825674599356f,0.025540352641137958f,0f,0f,0f,1f],start_interpolation:0}
execute if entity @s[tag=aj.louvert.locator_origin.locator2] at @s on origin run tp @s ^-0.28393 ^1.45975 ^-0.94805 ~-162.80469 ~-30.85003
execute if entity @s[tag=aj.louvert.bone.sword_1] run data modify entity @s {} merge value {transformation:[0.9086037495182453f,-0.3316984198755712f,-0.2538018609337512f,-0.5153047045411604f,0.16437436574119096f,0.8426296233822868f,-0.5127927317014221f,1.0316595195916154f,0.38395350532136974f,0.4242068788346963f,0.820139152644695f,-0.21724601325899273f,0f,0f,0f,1f],start_interpolation:0}
execute if entity @s[tag=aj.louvert.bone.left_arm_1] run data modify entity @s {} merge value {transformation:[0.32994350096803304f,-0.9092424877641402f,-0.2538018609337512f,-0.3814434311168506f,0.7511495462479593f,0.4157138119977231f,-0.5127927317014221f,1.3103456651898713f,0.571761878180456f,-0.0214505235087464f,0.820139152644695f,-0.004747811424915566f,0f,0f,0f,1f],start_interpolation:0}
execute if entity @s[tag=aj.louvert.bone.left_arm_0] run data modify entity @s {} merge value {transformation:[0.40985611701802493f,-0.9092424877641402f,-0.07277404611112848f,-0.26042593295680655f,0.903059117598982f,0.4157138119977231f,-0.10801044688209453f,1.5747006185506702f,0.12846086355094746f,-0.0214505235087464f,0.9914825674599356f,-0.011192675480390352f,0f,0f,0f,1f],start_interpolation:0}
execute if entity @s[tag=aj.louvert.bone.wing_0] run data modify entity @s {} merge value {transformation:[0.9291602188999407f,-0.017373600594583788f,-0.369268798595541f,-0.02596029579750079f,-0.023478876815902376f,0.9941049648646988f,-0.10584923795105772f,1.1814785901195592f,0.3689309284368526f,0.10702091773917768f,0.9232748741349925f,0.46747527255144034f,0f,0f,0f,1f],start_interpolation:0}
execute if entity @s[tag=aj.louvert.bone.wing_1] run data modify entity @s {} merge value {transformation:[0.9729273743379562f,-0.017373600594583788f,0.2304571158941084f,-0.007766784269718666f,0.041479858753085734f,0.9941049648646988f,-0.10017355014763135f,1.2084812018400828f,-0.22735818784832598f,0.10702091773917768f,0.9679125877808334f,0.21960463068645644f,0f,0f,0f,1f],start_interpolation:0}
execute if entity @s[tag=aj.louvert.bone.body_0] run data modify entity @s {} merge value {transformation:[0.997197120039461f,-0.017373600594583788f,-0.07277404611112848f,0.0102201069748009f,0.0094372769211352f,0.9941049648646988f,-0.10801044688209453f,1.43195007106414f,0.07422157091653736f,0.10702091773917768f,0.9914825674599356f,-0.004880832823261417f,0f,0f,0f,1f],start_interpolation:0}