execute if entity @s[tag=aj.louvert.bone.head] run data modify entity @s {} merge value {transformation:[-0.9895576407292722f,-0.0563709624733957f,0.1326574169209546f,0.028580650306542953f,-0.06250056864547338f,0.9971395402275554f,-0.042501955646441915f,1.5493012647103697f,-0.12988207956954437f,-0.05034929894847254f,-0.9902502681151305f,-0.022495481385882338f,0f,0f,0f,1f],start_interpolation:0}
execute if entity @s[tag=aj.louvert.bone.coat_0] run data modify entity @s {} merge value {transformation:[-0.05849054519201185f,0.07822192444640691f,-0.9952186627365073f,0.01627462911639784f,0.20596799383929362f,0.9764214903987017f,0.0646394508129135f,0.7849305558749394f,0.976809112179528f,-0.2012023946763034f,-0.073222638163092f,0.2513029996773906f,0f,0f,0f,1f],start_interpolation:0}
execute if entity @s[tag=aj.louvert.bone.coat_1] run data modify entity @s {} merge value {transformation:[-0.08683071721346691f,0.04472404151184358f,-0.9952186627365073f,0.05212595883507006f,-0.24225226634048563f,0.9680576330216624f,0.0646394508129135f,0.7721642869616017f,0.9663199604691466f,0.24670666642663602f,-0.073222638163092f,-0.24724660120043107f,0f,0f,0f,1f],start_interpolation:0}
execute if entity @s[tag=aj.louvert.bone.coat_2] run data modify entity @s {} merge value {transformation:[-0.07170265943734444f,0.40457219122774546f,-0.9116907758197363f,-0.09020203886632946f,0.02553253782667559f,0.9144884489879599f,0.40380560444318403f,0.7866273527698847f,0.9970992017556434f,0.005676156514431964f,-0.07590100859331243f,-0.007124630531906732f,0f,0f,0f,1f],start_interpolation:0}
execute if entity @s[tag=aj.louvert.bone.right_leg_1] run data modify entity @s {} merge value {transformation:[-0.23403758719920714f,0.33646669231579734f,-0.912149424568168f,0.13359355001113227f,0.13817534224874867f,0.9401932989522853f,0.3113585319204536f,0.42883501864356716f,0.9623585519817519f,-0.053166959357155555f,-0.2665319715536953f,0.1897846084424074f,0f,0f,0f,1f],start_interpolation:0}
execute if entity @s[tag=aj.louvert.bone.right_leg_0] run data modify entity @s {} merge value {transformation:[-0.23403758719920714f,-0.2804213838892946f,-0.9309082958248822f,0.025237461546065897f,0.13817534224874867f,0.9381871082475793f,-0.3173523667983054f,0.7817389886466051f,0.9623585519817519f,-0.20290095459523563f,-0.1808237264628937f,0.1266655994579352f,0f,0f,0f,1f],start_interpolation:0}
execute if entity @s[tag=aj.louvert.bone.left_leg_1] run data modify entity @s {} merge value {transformation:[0.06318067998467165f,-0.03786622602721512f,-0.9972834855762579f,0.36690145191987267f,-0.10409128049525512f,0.9935797586233504f,-0.04432006970688307f,0.648582159003608f,0.9925589186549746f,0.10660868717145283f,0.0588335008141336f,-0.15651151466303168f,0f,0f,0f,1f],start_interpolation:0}
execute if entity @s[tag=aj.louvert.bone.left_leg_0] run data modify entity @s {} merge value {transformation:[0.06318067998467165f,-0.888194120092235f,-0.4551037318131492f,0.04316312640540201f,-0.10409128049525512f,0.44766298824882406f,-0.8881232202104569f,0.7753558541899361f,0.9925589186549746f,0.10348455916567276f,-0.06416961128722633f,-0.12260920098097566f,0f,0f,0f,1f],start_interpolation:0}
execute if entity @s[tag=aj.louvert.bone.body_1] run data modify entity @s {} merge value {transformation:[-0.07170265943734444f,0.06632150458614738f,-0.9952186627365073f,0.05492576415890501f,0.02553253782667559f,0.9975819920742027f,0.0646394508129135f,1.090291793941459f,0.9970992017556434f,-0.020775637624278087f,-0.073222638163092f,-0.004464187519107134f,0f,0f,0f,1f],start_interpolation:0}
execute if entity @s[tag=aj.louvert.locator_origin.locator] at @s on origin run tp @s ^-0.414 ^2.13076 ^1.50665 ~19.01169 ~-46.23382
execute if entity @s[tag=aj.louvert.bone.sword_0] run data modify entity @s {} merge value {transformation:[-0.9493225188447428f,0.21911443694603452f,0.22533445971731844f,-0.210537241882785f,-0.011783429428361001f,0.6916166845020958f,-0.7221686177820494f,1.5149901905684156f,-0.3140826419991726f,-0.6882261439673378f,-0.6539853735020902f,0.9147865115386706f,0f,0f,0f,1f],start_interpolation:0}
execute if entity @s[tag=aj.louvert.bone.right_arm_1] run data modify entity @s {} merge value {transformation:[-0.22984891899275123f,-0.9730579513785252f,0.018102422403972824f,-0.11425481970958548f,-0.02091246212188757f,-0.013658043576561293f,-0.9996880147194233f,1.52557820047014f,0.9730016152945808f,-0.2301557757361064f,-0.01720975099897642f,0.5523532303948318f,0f,0f,0f,1f],start_interpolation:0}
execute if entity @s[tag=aj.louvert.bone.right_arm_0] run data modify entity @s {} merge value {transformation:[-0.23056051337244238f,-0.9730579513785252f,-0.0002700601118168777f,-0.03541572663453085f,0.05881161147240746f,-0.013658043576561293f,-0.9981756619962641f,1.5085850667602747f,0.9712790762852116f,-0.2301557757361064f,0.060376111715285674f,0.2777493746657972f,0f,0f,0f,1f],start_interpolation:0}
execute if entity @s[tag=aj.louvert.locator_origin.locator2] at @s on origin run tp @s ^1.00569 ^1.55582 ^-0.0526 ~-73.81226 ~-31.65183
execute if entity @s[tag=aj.louvert.bone.sword_1] run data modify entity @s {} merge value {transformation:[-0.4186499972831996f,0.3955005019790324f,-0.8175032310083613f,0.29854177609630156f,0.8244351140508746f,-0.21198497598466065f,-0.5247562411984298f,1.0897750722890325f,-0.3808397596032992f,-0.8936675684454014f,-0.2373169918362043f,-0.28413927273096945f,0f,0f,0f,1f],start_interpolation:0}
execute if entity @s[tag=aj.louvert.bone.left_arm_1] run data modify entity @s {} merge value {transformation:[-0.7440078455648664f,0.6653684780565925f,-0.06113194047778757f,0.012766984242102722f,0.4063071393281608f,0.3778929558899005f,-0.8319323424532553f,1.240370449646584f,-0.5304402268577417f,-0.6438025336214883f,-0.55149928688409f,-0.4749116363299255f,0f,0f,0f,1f],start_interpolation:0}
execute if entity @s[tag=aj.louvert.bone.left_arm_0] run data modify entity @s {} merge value {transformation:[-0.09049826875021305f,0.6653684780565925f,-0.7410093466089804f,0.021606441989747517f,0.8968814767459892f,0.3778929558899005f,0.22978366033886694f,1.4858874355671188f,0.43291301669405613f,-0.6438025336214883f,-0.6309553214605644f,-0.3216649016143836f,0f,0f,0f,1f],start_interpolation:0}
execute if entity @s[tag=aj.louvert.bone.wing_0] run data modify entity @s {} merge value {transformation:[-0.7102653910033281f,-0.1291195416409407f,-0.6919907646127388f,-0.43510862486001634f,-0.09073479976735008f,0.9916259236493931f,-0.0918978980046172f,1.1591973436572562f,0.6980617955840788f,-0.002484252990641111f,-0.7160332101467152f,-0.053724464310356844f,0f,0f,0f,1f],start_interpolation:0}
execute if entity @s[tag=aj.louvert.bone.wing_1] run data modify entity @s {} merge value {transformation:[0.5698998600151268f,-0.05488435575264342f,-0.819879172225003f,-0.18730365821313358f,0.10557896084179014f,0.9943875225460413f,0.0068218789430805615f,1.1832621392113531f,0.8149032044251062f,-0.09044977887404466f,0.5724959431466128f,-0.03106206990736291f,0f,0f,0f,1f],start_interpolation:0}
execute if entity @s[tag=aj.louvert.bone.body_0] run data modify entity @s {} merge value {transformation:[-0.09412852163048964f,-0.09286009637005432f,-0.9912198665875309f,0.039850504274539955f,0.03222821425160692f,0.9948344143852207f,-0.09625918221638766f,1.4040378815527501f,0.9950382724407191f,-0.04100598074622068f,-0.09064957761197573f,-0.013323830022231099f,0f,0f,0f,1f],start_interpolation:0}