execute if entity @s[tag=aj.frestchika_v2.bone.hair] run data modify entity @s {} merge value {transformation:[-0.9098525305359372f,-0.31285506854945333f,0.2725620640519659f,0.13531907799818121f,-0.2648481240693883f,0.9435476195619661f,0.19893054264208218f,1.4579226988254739f,-0.31941171527399714f,0.10880990626714201f,-0.9413482673505373f,-0.271107879163188f,0f,0f,0f,1f],start_interpolation:0}
execute if entity @s[tag=aj.frestchika_v2.bone.side_hair_2] run data modify entity @s {} merge value {transformation:[-0.9308756321089949f,-0.2102234499061233f,0.2987919989813083f,0.3849757035031478f,-0.1832469742761133f,0.9762064004355494f,0.11593795826784821f,1.859083176538443f,-0.3160555393666246f,0.05317109043677321f,-0.9472495611914721f,0.15761243442190861f,0f,0f,0f,1f],start_interpolation:0}
execute if entity @s[tag=aj.frestchika_v2.bone.side_hair_1] run data modify entity @s {} merge value {transformation:[-0.921544975952781f,-0.24794797567421628f,0.2987919989813083f,0.14309682436572232f,-0.22283942263256695f,0.9679364553282757f,0.11593795826784821f,2.198681790494837f,-0.3179582504307321f,0.04025940642373342f,-0.9472495611914721f,0.12288124506695876f,0f,0f,0f,1f],start_interpolation:0}
execute if entity @s[tag=aj.frestchika_v2.bone.head] run data modify entity @s {} merge value {transformation:[-0.9098525305359372f,-0.2879092114228111f,0.2987919989813083f,0f,-0.2648481240693883f,0.9572950752038833f,0.11593795826784821f,1.5958333333333334f,-0.31941171527399714f,0.026351944298029478f,-0.9472495611914721f,0f,0f,0f,0f,1f],start_interpolation:0}
execute if entity @s[tag=aj.frestchika_v2.bone.group] run data modify entity @s {} merge value {transformation:[0.012841341216181995f,-0.9999004820458746f,-0.005841742907495895f,0.08782186538653733f,0.0027739964211572765f,0.005877826301021238f,-0.9999788778278421f,1.832360173466693f,0.9999136987258576f,0.012824865005243297f,0.002849199531849589f,-0.14352740456759844f,0f,0f,0f,1f],start_interpolation:0}
execute if entity @s[tag=aj.frestchika_v2.bone.group2] run data modify entity @s {} merge value {transformation:[0.012841341216181995f,-0.9999004820458746f,-0.005841742907495895f,0.08782186538653733f,0.0027739964211572765f,0.005877826301021238f,-0.9999788778278421f,1.832360173466693f,0.9999136987258576f,0.012824865005243297f,0.002849199531849589f,-0.14352740456759844f,0f,0f,0f,1f],start_interpolation:0}
execute if entity @s[tag=aj.frestchika_v2.bone.group3] run data modify entity @s {} merge value {transformation:[0.012841341216181995f,-0.9999004820458746f,-0.005841742907495895f,0.08782186538653733f,0.0027739964211572765f,0.005877826301021238f,-0.9999788778278421f,1.832360173466693f,0.9999136987258576f,0.012824865005243297f,0.002849199531849589f,-0.14352740456759844f,0f,0f,0f,1f],start_interpolation:0}
execute if entity @s[tag=aj.frestchika_v2.locator_origin.muzzle] at @s on origin run tp @s ^-0.32133 ^1.58409 ^0.72187 ~-115.99993 ~-89.6276
execute if entity @s[tag=aj.frestchika_v2.bone.gun] run data modify entity @s {} merge value {transformation:[0.012841341216181995f,-0.9999004820458746f,-0.005841742907495895f,-0.10179585411544434f,0.0027739964211572765f,0.005877826301021238f,-0.9999788778278421f,1.3648521979985753f,0.9999136987258576f,0.012824865005243297f,0.002849199531849589f,-0.09291622547078623f,0f,0f,0f,1f],start_interpolation:0}
execute if entity @s[tag=aj.frestchika_v2.bone.sword] run data modify entity @s {} merge value {transformation:[-0.000010522852683002582f,1.7994852977155835e-8f,-1.4737302023013057e-7f,-0.32898107414337907f,6.185765620931684e-8f,0.000010027831235630826f,-0.0000031923730280271187f,1.3168026916300393f,1.3496759682867995e-7f,-0.0000031929215626089375f,-0.000010026939057002055f,0.12577784121197316f,0f,0f,0f,1f],start_interpolation:0}
execute if entity @s[tag=aj.frestchika_v2.bone.arm_right_1] run data modify entity @s {} merge value {transformation:[0.012841341216181995f,-0.9999004820458746f,-0.005841742907495895f,-0.3327959422045458f,0.0027739964211572765f,0.005877826301021238f,-0.9999788778278421f,1.31597793012648f,0.9999136987258576f,0.012824865005243297f,0.002849199531849589f,-0.17107104233477793f,0f,0f,0f,1f],start_interpolation:0}
execute if entity @s[tag=aj.frestchika_v2.bone.arm_right_0] run data modify entity @s {} merge value {transformation:[-0.7630640499686228f,-0.5092237981642751f,0.3980256009713855f,-0.05410990348452574f,-0.606444907981242f,0.35113995102785367f,-0.7133900114073504f,1.5567708333333337f,0.22351248114838218f,-0.7857428702669252f,-0.5767584525566902f,-0.2440740017799833f,0f,0f,0f,1f],start_interpolation:0}
execute if entity @s[tag=aj.frestchika_v2.bone.arm_left_1] run data modify entity @s {} merge value {transformation:[0.9552798295852993f,0.20338670806338618f,-0.21464923519691378f,0.0010966738492074121f,-0.27473953345455204f,0.34202014332566877f,-0.8986325224009333f,1.2191381913639254f,-0.10935554830302938f,0.917418153593348f,0.3826033135150764f,0.3700484235041882f,0f,0f,0f,1f],start_interpolation:0}
execute if entity @s[tag=aj.frestchika_v2.bone.arm_left_0] run data modify entity @s {} merge value {transformation:[0.42403899406355894f,0.20338670806338618f,0.8825104976694066f,0.048008053440026156f,0.8137976813493737f,0.34202014332566877f,-0.4698463103929541f,1.5255208333333337f,-0.3973968612658486f,0.917418153593348f,-0.020485753913974836f,0.24542674936709646f,0f,0f,0f,1f],start_interpolation:0}
execute if entity @s[tag=aj.frestchika_v2.bone.right_wing_0] run data modify entity @s {} merge value {transformation:[-0.0000021643961393810298f,0f,0.000009762960071199333f,0.5051068781509906f,0f,0.00001f,0f,1.2557495833333334f,-0.000009762960071199333f,0f,-0.0000021643961393810298f,-0.3175997704007715f,0f,0f,0f,1f],start_interpolation:0}
execute if entity @s[tag=aj.frestchika_v2.bone.right_wing_1] run data modify entity @s {} merge value {transformation:[-0.0000021643961393810298f,0f,0.000009762960071199333f,0.012006969498771409f,0f,0.00001f,0f,2.0369995833333334f,-0.000009762960071199333f,0f,-0.0000021643961393810298f,0.20142965322295045f,0f,0f,0f,1f],start_interpolation:0}
execute if entity @s[tag=aj.frestchika_v2.bone.right_wing_2] run data modify entity @s {} merge value {transformation:[-0.0000021643961393810298f,0f,0.000009762960071199333f,0.013359717085884553f,0f,0.00001f,0f,2.0182495833333336f,-0.000009762960071199333f,0f,-0.0000021643961393810298f,0.20753150326745004f,0f,0f,0f,1f],start_interpolation:0}
execute if entity @s[tag=aj.frestchika_v2.bone.left_wing_0] run data modify entity @s {} merge value {transformation:[-0.0000021643961393810298f,0f,0.000009762960071199333f,0.5051068781509906f,0f,0.00001f,0f,1.2557495833333334f,-0.000009762960071199333f,0f,-0.0000021643961393810298f,-0.3175997704007715f,0f,0f,0f,1f],start_interpolation:0}
execute if entity @s[tag=aj.frestchika_v2.bone.left_wing_1] run data modify entity @s {} merge value {transformation:[-0.0000021643961393810298f,0f,0.000009762960071199333f,0.012006969498771409f,0f,0.00001f,0f,2.0369995833333334f,-0.000009762960071199333f,0f,-0.0000021643961393810298f,0.20142965322295045f,0f,0f,0f,1f],start_interpolation:0}
execute if entity @s[tag=aj.frestchika_v2.bone.left_wing_2] run data modify entity @s {} merge value {transformation:[-0.0000021643961393810298f,0f,0.000009762960071199333f,0.013359717085884553f,0f,0.00001f,0f,2.0182495833333336f,-0.000009762960071199333f,0f,-0.0000021643961393810298f,0.20753150326745004f,0f,0f,0f,1f],start_interpolation:0}
execute if entity @s[tag=aj.frestchika_v2.bone.leg_right_1] run data modify entity @s {} merge value {transformation:[-8.326672684688674e-17f,-0.17937458593745703f,0.9837808485225585f,-0.3604543634085298f,3.469446951953614e-18f,0.9837808485225586f,0.17937458593745714f,0.9062792323291551f,-1f,1.1396655807070387e-17f,-8.506937330024446e-17f,-0.12499999999999997f,0f,0f,0f,1f],start_interpolation:0}
execute if entity @s[tag=aj.frestchika_v2.bone.leg_right_0] run data modify entity @s {} merge value {transformation:[-8.326672684688674e-17f,0.9376869369221448f,0.34748123449413126f,-0.020957985459419647f,3.469446951953614e-18f,0.3474812344941314f,-0.9376869369221449f,0.9254419398475333f,-1f,-8.179796985757547e-17f,-2.599565664606981e-17f,-0.125f,0f,0f,0f,1f],start_interpolation:0}
execute if entity @s[tag=aj.frestchika_v2.bone.leg_left_1] run data modify entity @s {} merge value {transformation:[-8.326672684688674e-17f,-0.11031255553151165f,0.9938969464145198f,-0.23900781497995063f,3.469446951953614e-18f,0.9938969464145199f,0.1103125555315117f,0.5234226427975047f,-1f,5.434754621270607e-18f,-8.565713910403357e-17f,0.12500000000000003f,0f,0f,0f,1f],start_interpolation:0}
execute if entity @s[tag=aj.frestchika_v2.bone.leg_left_0] run data modify entity @s {} merge value {transformation:[-8.326672684688674e-17f,0.42788376494165425f,0.9038337699485204f,-0.0736937285748113f,3.469446951953614e-18f,0.9038337699485205f,-0.42788376494165425f,0.8531456474248412f,-1f,-4.0342381699309825e-17f,-7.575733810073035e-17f,0.125f,0f,0f,0f,1f],start_interpolation:0}
execute if entity @s[tag=aj.frestchika_v2.bone.body_0] run data modify entity @s {} merge value {transformation:[-8.326672684688674e-17f,0.19651660953283015f,0.9805004957559792f,0f,3.469446951953614e-18f,0.9805004957559793f,-0.19651660953283015f,1.2208333333333334f,-1f,-2.0816681711721685e-17f,-8.326672684688674e-17f,0f,0f,0f,0f,1f],start_interpolation:0}
execute if entity @s[tag=aj.frestchika_v2.bone.body_1] run data modify entity @s {} merge value {transformation:[-0.21643961393810296f,0f,0.9762960071199333f,0f,0f,1f,0f,1.2208333333333334f,-0.9762960071199333f,0f,-0.21643961393810296f,0f,0f,0f,0f,1f],start_interpolation:0}