execute if entity @s[tag=aj.frestchika_v2.bone.hair] run data modify entity @s {} merge value {transformation:[-0.9098525305359372f,-0.35483275302317063f,0.2150862386563786f,0.13531907799818121f,-0.2648481240693883f,0.8956702169115474f,0.35725387851575197f,1.5235226988254738f,-0.31941171527399714f,0.2680831585900526f,-0.9089046023792064f,-0.271107879163188f,0f,0f,0f,1f],start_interpolation:0}
execute if entity @s[tag=aj.frestchika_v2.bone.side_hair_2] run data modify entity @s {} merge value {transformation:[-0.9528173362062472f,-0.05350201089290499f,0.2987919989813083f,0.35684063779511255f,-0.019405336022749617f,0.9930668772879936f,0.11593795826784821f,1.905394059278092f,-0.3029233512931528f,0.10466953742082083f,-0.9472495611914721f,0.14637688063295606f,0f,0f,0f,1f],start_interpolation:0}
execute if entity @s[tag=aj.frestchika_v2.bone.side_hair_1] run data modify entity @s {} merge value {transformation:[-0.9394146549192138f,-0.1679983555507846f,0.2987919989813083f,0.14309682436572232f,-0.13900356531318425f,0.9834817734268928f,0.11593795826784821f,2.2642817904948367f,-0.31333387137881746f,0.06738066391277366f,-0.9472495611914721f,0.12288124506695876f,0f,0f,0f,1f],start_interpolation:0}
execute if entity @s[tag=aj.frestchika_v2.bone.head] run data modify entity @s {} merge value {transformation:[-0.9098525305359372f,-0.2879092114228111f,0.2987919989813083f,0f,-0.2648481240693883f,0.9572950752038833f,0.11593795826784821f,1.6614333333333333f,-0.31941171527399714f,0.026351944298029478f,-0.9472495611914721f,0f,0f,0f,0f,1f],start_interpolation:0}
execute if entity @s[tag=aj.frestchika_v2.bone.group] run data modify entity @s {} merge value {transformation:[0.012841341216181995f,-0.9999004820458746f,-0.005841742907495895f,0.08782186538653733f,0.0027739964211572765f,0.005877826301021238f,-0.9999788778278421f,1.8979601734666929f,0.9999136987258576f,0.012824865005243297f,0.002849199531849589f,-0.14352740456759844f,0f,0f,0f,1f],start_interpolation:0}
execute if entity @s[tag=aj.frestchika_v2.bone.group2] run data modify entity @s {} merge value {transformation:[0.012841341216181995f,-0.9999004820458746f,-0.005841742907495895f,0.08782186538653733f,0.0027739964211572765f,0.005877826301021238f,-0.9999788778278421f,1.8979601734666929f,0.9999136987258576f,0.012824865005243297f,0.002849199531849589f,-0.14352740456759844f,0f,0f,0f,1f],start_interpolation:0}
execute if entity @s[tag=aj.frestchika_v2.bone.group3] run data modify entity @s {} merge value {transformation:[0.012841341216181995f,-0.9999004820458746f,-0.005841742907495895f,0.08782186538653733f,0.0027739964211572765f,0.005877826301021238f,-0.9999788778278421f,1.8979601734666929f,0.9999136987258576f,0.012824865005243297f,0.002849199531849589f,-0.14352740456759844f,0f,0f,0f,1f],start_interpolation:0}
execute if entity @s[tag=aj.frestchika_v2.locator_origin.muzzle] at @s on origin run tp @s ^-0.32133 ^1.64969 ^0.72187 ~-115.99993 ~-89.6276
execute if entity @s[tag=aj.frestchika_v2.bone.gun] run data modify entity @s {} merge value {transformation:[0.012841341216181995f,-0.9999004820458746f,-0.005841742907495895f,-0.10179585411544434f,0.0027739964211572765f,0.005877826301021238f,-0.9999788778278421f,1.4304521979985751f,0.9999136987258576f,0.012824865005243297f,0.002849199531849589f,-0.09291622547078623f,0f,0f,0f,1f],start_interpolation:0}
execute if entity @s[tag=aj.frestchika_v2.bone.sword] run data modify entity @s {} merge value {transformation:[-0.000010522852683002582f,1.7994852977155835e-8f,-1.4737302023013057e-7f,-0.32898107414337907f,6.185765620931684e-8f,0.000010027831235630826f,-0.0000031923730280271187f,1.3824026916300391f,1.3496759682867995e-7f,-0.0000031929215626089375f,-0.000010026939057002055f,0.12577784121197316f,0f,0f,0f,1f],start_interpolation:0}
execute if entity @s[tag=aj.frestchika_v2.bone.arm_right_1] run data modify entity @s {} merge value {transformation:[0.012841341216181995f,-0.9999004820458746f,-0.005841742907495895f,-0.3327959422045458f,0.0027739964211572765f,0.005877826301021238f,-0.9999788778278421f,1.38157793012648f,0.9999136987258576f,0.012824865005243297f,0.002849199531849589f,-0.17107104233477793f,0f,0f,0f,1f],start_interpolation:0}
execute if entity @s[tag=aj.frestchika_v2.bone.arm_right_0] run data modify entity @s {} merge value {transformation:[-0.7630640499686228f,-0.5092237981642751f,0.3980256009713855f,-0.05410990348452574f,-0.606444907981242f,0.35113995102785367f,-0.7133900114073504f,1.6223708333333335f,0.22351248114838218f,-0.7857428702669252f,-0.5767584525566902f,-0.2440740017799833f,0f,0f,0f,1f],start_interpolation:0}
execute if entity @s[tag=aj.frestchika_v2.bone.arm_left_1] run data modify entity @s {} merge value {transformation:[0.9552798295852993f,0.20338670806338618f,-0.21464923519691378f,0.0010966738492074121f,-0.27473953345455204f,0.34202014332566877f,-0.8986325224009333f,1.2847381913639253f,-0.10935554830302938f,0.917418153593348f,0.3826033135150764f,0.3700484235041882f,0f,0f,0f,1f],start_interpolation:0}
execute if entity @s[tag=aj.frestchika_v2.bone.arm_left_0] run data modify entity @s {} merge value {transformation:[0.42403899406355894f,0.20338670806338618f,0.8825104976694066f,0.048008053440026156f,0.8137976813493737f,0.34202014332566877f,-0.4698463103929541f,1.5911208333333335f,-0.3973968612658486f,0.917418153593348f,-0.020485753913974836f,0.24542674936709646f,0f,0f,0f,1f],start_interpolation:0}
execute if entity @s[tag=aj.frestchika_v2.bone.right_wing_0] run data modify entity @s {} merge value {transformation:[-0.0000021643961393810298f,0f,0.000009762960071199333f,0.5051068781509906f,0f,0.00001f,0f,1.3213495833333333f,-0.000009762960071199333f,0f,-0.0000021643961393810298f,-0.3175997704007715f,0f,0f,0f,1f],start_interpolation:0}
execute if entity @s[tag=aj.frestchika_v2.bone.right_wing_1] run data modify entity @s {} merge value {transformation:[-0.0000021643961393810298f,0f,0.000009762960071199333f,0.012006969498771409f,0f,0.00001f,0f,2.1025995833333333f,-0.000009762960071199333f,0f,-0.0000021643961393810298f,0.20142965322295045f,0f,0f,0f,1f],start_interpolation:0}
execute if entity @s[tag=aj.frestchika_v2.bone.right_wing_2] run data modify entity @s {} merge value {transformation:[-0.0000021643961393810298f,0f,0.000009762960071199333f,0.013359717085884553f,0f,0.00001f,0f,2.0838495833333335f,-0.000009762960071199333f,0f,-0.0000021643961393810298f,0.20753150326745004f,0f,0f,0f,1f],start_interpolation:0}
execute if entity @s[tag=aj.frestchika_v2.bone.left_wing_0] run data modify entity @s {} merge value {transformation:[-0.0000021643961393810298f,0f,0.000009762960071199333f,0.5051068781509906f,0f,0.00001f,0f,1.3213495833333333f,-0.000009762960071199333f,0f,-0.0000021643961393810298f,-0.3175997704007715f,0f,0f,0f,1f],start_interpolation:0}
execute if entity @s[tag=aj.frestchika_v2.bone.left_wing_1] run data modify entity @s {} merge value {transformation:[-0.0000021643961393810298f,0f,0.000009762960071199333f,0.012006969498771409f,0f,0.00001f,0f,2.1025995833333333f,-0.000009762960071199333f,0f,-0.0000021643961393810298f,0.20142965322295045f,0f,0f,0f,1f],start_interpolation:0}
execute if entity @s[tag=aj.frestchika_v2.bone.left_wing_2] run data modify entity @s {} merge value {transformation:[-0.0000021643961393810298f,0f,0.000009762960071199333f,0.013359717085884553f,0f,0.00001f,0f,2.0838495833333335f,-0.000009762960071199333f,0f,-0.0000021643961393810298f,0.20753150326745004f,0f,0f,0f,1f],start_interpolation:0}
execute if entity @s[tag=aj.frestchika_v2.bone.leg_right_1] run data modify entity @s {} merge value {transformation:[-8.326672684688674e-17f,-0.020058305597529386f,0.9997988119499621f,-0.3726622565482857f,3.469446951953614e-18f,0.9997988119499622f,0.020058305597529386f,1.027579587986582f,-1f,8.302508056832744e-18f,-8.400600665547076e-17f,-0.12499999999999997f,0f,0f,0f,1f],start_interpolation:0}
execute if entity @s[tag=aj.frestchika_v2.bone.leg_right_0] run data modify entity @s {} merge value {transformation:[-8.326672684688674e-17f,0.9811265332466201f,0.19336681659340826f,-0.03445945158379332f,3.469446951953614e-18f,0.19336681659340826f,-0.9811265332466202f,0.9923111500547778f,-1f,-8.128805125976875e-17f,-2.276386427261375e-17f,-0.125f,0f,0f,0f,1f],start_interpolation:0}
execute if entity @s[tag=aj.frestchika_v2.bone.leg_left_1] run data modify entity @s {} merge value {transformation:[-8.326672684688674e-17f,-0.08752665675042864f,0.9961621777391936f,-0.30959653951311594f,3.469446951953614e-18f,0.9961621777391937f,0.08752665675042876f,0.640294038397279f,-1f,1.3956291005076782e-17f,-8.325360494065337e-17f,0.12500000000000003f,0f,0f,0f,1f],start_interpolation:0}
execute if entity @s[tag=aj.frestchika_v2.bone.leg_left_0] run data modify entity @s {} merge value {transformation:[-8.326672684688674e-17f,0.5571848393880304f,0.8303884962811893f,-0.09044972803856438f,3.469446951953614e-18f,0.8303884962811894f,-0.5571848393880304f,0.9225049795358451f,-1f,-4.13965462605396e-17f,-7.356810961232983e-17f,0.125f,0f,0f,0f,1f],start_interpolation:0}
execute if entity @s[tag=aj.frestchika_v2.bone.body_0] run data modify entity @s {} merge value {transformation:[-8.326672684688674e-17f,0.24119927476950506f,0.9704756101266351f,0f,3.469446951953614e-18f,0.9704756101266352f,-0.24119927476950506f,1.2864333333333333f,-1f,-1.3877787807814457e-17f,-8.326672684688674e-17f,0f,0f,0f,0f,1f],start_interpolation:0}
execute if entity @s[tag=aj.frestchika_v2.bone.body_1] run data modify entity @s {} merge value {transformation:[-0.21643961393810296f,0f,0.9762960071199333f,0f,0f,1f,0f,1.2864333333333333f,-0.9762960071199333f,0f,-0.21643961393810296f,0f,0f,0f,0f,1f],start_interpolation:0}