execute if entity @s[tag=aj.louvert.bone.head] run data modify entity @s {} merge value {transformation:[-0.998478704562712f,-0.05219310023634305f,-0.017780799264584146f,-0.00351946811670341f,-0.05513556222762433f,0.9416427630235918f,0.33206772896976844f,1.426416477255381f,-0.0005884833151030555f,0.3325429102131255f,-0.9430879421105823f,0.3042342359929182f,0f,0f,0f,1f],start_interpolation:0}
execute if entity @s[tag=aj.louvert.bone.coat_0] run data modify entity @s {} merge value {transformation:[-0.9805732684777665f,0.091796386213723f,0.17334788324329514f,-0.24853979942188276f,0.0808470583499856f,0.9943202808418359f,-0.06921656061064557f,0.6686701652799474f,-0.17871714608001127f,-0.05385724263935292f,-0.9824253554913482f,0.000633249585339897f,0f,0f,0f,1f],start_interpolation:0}
execute if entity @s[tag=aj.louvert.bone.coat_1] run data modify entity @s {} merge value {transformation:[-0.9528336776980726f,-0.2491154230862363f,0.17334788324329514f,0.24388143726314354f,-0.2641061808214147f,0.9620067530891661f,-0.06921656061064557f,0.6717308211405777f,-0.14951892153266702f,-0.11173411740111605f,-0.9824253554913482f,0.08730480228455068f,0f,0f,0f,1f],start_interpolation:0}
execute if entity @s[tag=aj.louvert.bone.coat_2] run data modify entity @s {} merge value {transformation:[-0.9843566894893083f,-0.05511162073229281f,0.16734580101666519f,0.019339304326042306f,0.07522501602296311f,0.7274276276114886f,0.682048563924789f,0.6615484231339319f,-0.1593207608003248f,0.6839676570187965f,-0.7119024788060679f,-0.07883414350147325f,0f,0f,0f,1f],start_interpolation:0}
execute if entity @s[tag=aj.louvert.bone.right_leg_1] run data modify entity @s {} merge value {transformation:[-0.9722806685387447f,0.16660058162193978f,0.16405653839174653f,-0.19145665802709141f,0.13236513161524244f,0.9705735570601897f,-0.2011627258415694f,0.43247525968138495f,-0.19274276515171923f,-0.17387126426975247f,-0.965722014838073f,0.30147539233862847f,0f,0f,0f,1f],start_interpolation:0}
execute if entity @s[tag=aj.louvert.bone.right_leg_0] run data modify entity @s {} merge value {transformation:[-0.9716887595506166f,0.18257903366272976f,-0.14995282934899073f,-0.12543449025062617f,0.23422344537011314f,0.661161354248254f,-0.7127447237879553f,0.669435329245105f,-0.030989227191678098f,-0.7276885048668822f,-0.6852073464891223f,0.022301137760142593f,0f,0f,0f,1f],start_interpolation:0}
execute if entity @s[tag=aj.louvert.bone.left_leg_1] run data modify entity @s {} merge value {transformation:[-0.9848289374959159f,-0.1282410200013387f,0.11690254342691289f,0.1534890500216059f,0.015412347914160183f,0.6063763317710438f,0.7950284295543568f,0.3290156470656601f,-0.1728421921940296f,0.7847687462284094f,-0.5952004633236204f,-0.15124811954807563f,0f,0f,0f,1f],start_interpolation:0}
execute if entity @s[tag=aj.louvert.bone.left_leg_0] run data modify entity @s {} merge value {transformation:[-0.9848289374959159f,-0.08052411551930809f,0.15371346945046205f,0.120776128091887f,0.015412347914160183f,0.84172310180864f,0.5396894286656129f,0.6709656571754201f,-0.1728421921940296f,0.5338708520807965f,-0.8277122023361058f,0.06563691410974798f,0f,0f,0f,1f],start_interpolation:0}
execute if entity @s[tag=aj.louvert.bone.body_1] run data modify entity @s {} merge value {transformation:[-0.9848424733700526f,0.005984481717414497f,0.17334788324329514f,-0.0004590305426775557f,-0.006121311721260639f,0.9975828773991886f,-0.06921656061064557f,0.981945142397509f,-0.17334310539842157f,-0.06922852517950917f,-0.9824253554913482f,0.022335111816348674f,0f,0f,0f,1f],start_interpolation:0}
execute if entity @s[tag=aj.louvert.locator_origin.locator] at @s on origin run tp @s ^-1.33771 ^1.7951 ^-0.8489 ~135.81994 ~-17.82156
execute if entity @s[tag=aj.louvert.bone.sword_0] run data modify entity @s {} merge value {transformation:[-0.5734580849945058f,-0.48057115414455076f,0.6634735793975586f,-0.7679553152437236f,0.37809693325776256f,-0.8737127516855125f,-0.30605348650718733f,1.5037555183498834f,0.7267658039668002f,0.07534847938946403f,0.6827401210110522f,-0.2477622454592934f,0f,0f,0f,1f],start_interpolation:0}
execute if entity @s[tag=aj.louvert.bone.right_arm_1] run data modify entity @s {} merge value {transformation:[-0.6634735793975586f,-0.5734580849945057f,0.4805711541445509f,-0.5144306692800873f,0.3060534865071876f,0.3780969332577625f,0.8737127516855124f,1.3827713967703876f,-0.6827401210110521f,0.7267658039668004f,-0.07534847938946387f,0.0008909070816644216f,0f,0f,0f,1f],start_interpolation:0}
execute if entity @s[tag=aj.louvert.bone.right_arm_0] run data modify entity @s {} merge value {transformation:[-0.687715462810666f,-0.5734580849945057f,0.4451890238601416f,-0.29951958715175414f,0.259907458499573f,0.3780969332577625f,0.8885329606026825f,1.301550315989271f,-0.6778610146832491f,0.7267658039668004f,-0.1109770740157015f,0.21272247417017978f,0f,0f,0f,1f],start_interpolation:0}
execute if entity @s[tag=aj.louvert.locator_origin.locator2] at @s on origin run tp @s ^1.14891 ^1.95073 ^-0.8244 ~-138.18138 ~-22.18958
execute if entity @s[tag=aj.louvert.bone.sword_1] run data modify entity @s {} merge value {transformation:[-0.583770515115941f,0.5272930703187039f,-0.6173929086693037f,0.6208190201237405f,-0.3680313229975386f,-0.8496567015675193f,-0.3776723908019821f,1.5971573575355082f,-0.7237160568717198f,0.006745922863320111f,0.6900648966226086f,-0.21861801293814134f,0f,0f,0f,1f],start_interpolation:0}
execute if entity @s[tag=aj.louvert.bone.left_arm_1] run data modify entity @s {} merge value {transformation:[-0.6398054881126072f,0.5837705151159408f,-0.4998609037144808f,0.3761127228379758f,-0.3402514255780615f,0.36803132299753855f,0.8653218549677216f,1.4634757140499537f,0.6891138547243737f,0.72371605687172f,-0.03683971027253041f,0.03235676730401421f,0f,0f,0f,1f],start_interpolation:0}
execute if entity @s[tag=aj.louvert.bone.left_arm_0] run data modify entity @s {} merge value {transformation:[-0.6398054881126072f,0.5837705151159408f,-0.4998609037144808f,0.26302331053305655f,-0.3402514255780615f,0.36803132299753855f,0.8653218549677216f,1.2972889337522144f,0.6891138547243737f,0.72371605687172f,-0.03683971027253041f,0.20808895382315737f,0f,0f,0f,1f],start_interpolation:0}
execute if entity @s[tag=aj.louvert.bone.wing_0] run data modify entity @s {} merge value {transformation:[-0.6818353621848366f,-0.05788750641093739f,0.729211612274377f,-0.002628261656430115f,0.3997790999243354f,0.8053345105059604f,0.43773621903129467f,1.4471831166577187f,-0.612598735011721f,0.5899875954540477f,-0.525963332440951f,-0.3021748791587081f,0f,0f,0f,1f],start_interpolation:0}
execute if entity @s[tag=aj.louvert.bone.wing_1] run data modify entity @s {} merge value {transformation:[-0.6791714932505398f,0.046528844426312194f,-0.7325033442873718f,-0.0020979766980842134f,-0.4077095644310572f,0.8059429351887084f,0.42921893747928574f,1.2985855499798218f,0.6103269564973102f,0.5901618861429136f,-0.528403211872306f,-0.10113139636140159f,0f,0f,0f,1f],start_interpolation:0}
execute if entity @s[tag=aj.louvert.bone.body_0] run data modify entity @s {} merge value {transformation:[-0.9999816309688612f,-0.005677894914807559f,-0.0021211398333836075f,-0.006078750000000027f,-0.005826803002572312f,0.8041556187736905f,0.5943902667115878f,1.3102190722097264f,-0.001669158957552715f,0.59439170780222f,-0.8041739311892265f,0.2158928956108996f,0f,0f,0f,1f],start_interpolation:0}