execute if entity @s[tag=aj.louvert.bone.head] run data modify entity @s {} merge value {transformation:[-0.9996691519352943f,-0.003642001591601343f,-0.025462177702937794f,0.000970266285729742f,-0.011349053907371003f,0.9508072480735476f,0.30957515401952906f,1.4365136890508787f,0.02308214990803055f,0.3097617033062904f,-0.9505340086080081f,0.26836520758243965f,0f,0f,0f,1f],start_interpolation:0}
execute if entity @s[tag=aj.louvert.bone.coat_0] run data modify entity @s {} merge value {transformation:[-0.9964889716725046f,0.0531422314171538f,0.0646964649349546f,-0.24692758032106732f,0.045792124720960226f,0.992851505592428f,-0.11022236232448163f,0.6478861642118252f,-0.07009144490317037f,-0.10687277989673026f,-0.9917990715203008f,0.04787347220739472f,0f,0f,0f,1f],start_interpolation:0}
execute if entity @s[tag=aj.louvert.bone.coat_1] run data modify entity @s {} merge value {transformation:[-0.9545690469811314f,-0.2908819381990817f,0.0646964649349546f,0.25173676014767f,-0.2965446925534339f,0.9486370624016334f,-0.11022236232448163f,0.6683435834851563f,-0.029311770057838936f,-0.12440024866351956f,-0.9917990715203008f,0.07812854684875548f,0f,0f,0f,1f],start_interpolation:0}
execute if entity @s[tag=aj.louvert.bone.coat_2] run data modify entity @s {} merge value {transformation:[-0.9981910899800704f,-0.006659733782477056f,0.05975111572468929f,0.010491648030170646f,0.031127614946131633f,0.7930195100375823f,0.6084004670342706f,0.6443370785579305f,-0.051435585659774935f,0.6091598350562022f,-0.7913777074710509f,-0.0609738744119625f,0f,0f,0f,1f],start_interpolation:0}
execute if entity @s[tag=aj.louvert.bone.right_leg_1] run data modify entity @s {} merge value {transformation:[-0.9926010202988441f,0.09531164740679618f,0.07522568956344615f,-0.147396114683707f,0.0846482458855701f,0.9873522433177851f,-0.13405305697310255f,0.427171358488245f,-0.08705107104561935f,-0.12669347845860246f,-0.9881148078770352f,0.34373289848761535f,0f,0f,0f,1f],start_interpolation:0}
execute if entity @s[tag=aj.louvert.bone.right_leg_0] run data modify entity @s {} merge value {transformation:[-0.9827483053616304f,0.07705268100185962f,-0.16813284229819364f,-0.122261495203883f,0.17716248173574248f,0.6531818143424871f,-0.7361840615481225f,0.653000519030158f,0.05309635932977254f,-0.7532704705234916f,-0.6555641653287962f,0.05543724086773491f,0f,0f,0f,1f],start_interpolation:0}
execute if entity @s[tag=aj.louvert.bone.left_leg_1] run data modify entity @s {} merge value {transformation:[-0.9973649508778388f,-0.07184456391958804f,0.010075385632829448f,0.1530974151044862f,-0.042849509847149525f,0.6954417754364632f,0.7173037407428176f,0.2980779840996268f,-0.05854121852425891f,0.7149818848145622f,-0.6966877565457217f,-0.10557789095267522f,0f,0f,0f,1f],start_interpolation:0}
execute if entity @s[tag=aj.louvert.bone.left_leg_0] run data modify entity @s {} merge value {transformation:[-0.9973649508778388f,-0.0640658217206167f,0.03404005357968986f,0.12707067503048566f,-0.042849509847149525f,0.898833832780792f,0.43618993632871733f,0.6632292286668235f,-0.05854121852425891f,0.43358195480883815f,-0.8992105505374374f,0.07056477818841528f,0f,0f,0f,1f],start_interpolation:0}
execute if entity @s[tag=aj.louvert.bone.body_1] run data modify entity @s {} merge value {transformation:[-0.9973286809374746f,-0.033909727283434034f,0.0646964649349546f,-0.008192199862771813f,-0.040914838546662224f,0.9930644525056325f,-0.11022236232448163f,0.9684475152565009f,-0.060510149282721505f,-0.11257496864424116f,-0.9917990715203008f,0.02782133182674973f,0f,0f,0f,1f],start_interpolation:0}
execute if entity @s[tag=aj.louvert.locator_origin.locator] at @s on origin run tp @s ^-1.52443 ^1.31525 ^-0.74105 ~127.17547 ~5.50342
execute if entity @s[tag=aj.louvert.bone.sword_0] run data modify entity @s {} merge value {transformation:[-0.5545759606602528f,-0.2518187009286349f,0.7931159093854898f,-0.8349451075231026f,0.5220011722676446f,-0.8475358226922874f,0.09590518966412899f,1.3773448236844306f,0.6480434244778374f,0.46719414713363266f,0.6014726501472158f,-0.20102822991584035f,0f,0f,0f,1f],start_interpolation:0}
execute if entity @s[tag=aj.louvert.bone.right_arm_1] run data modify entity @s {} merge value {transformation:[-0.7668785337464973f,-0.5375666159571153f,0.3505986992092778f,-0.542678983612821f,0.11022149854333282f,0.42784875132026867f,0.8971046021800072f,1.329218517970969f,-0.6322567008246606f,0.7266137759512284f,-0.26885662510009584f,0.029199191489040488f,0f,0f,0f,1f],start_interpolation:0}
execute if entity @s[tag=aj.louvert.bone.right_arm_0] run data modify entity @s {} merge value {transformation:[-0.7831578577597037f,-0.5375666159571153f,0.31254744157910963f,-0.2979421530629136f,0.06606989546380937f,0.42784875132026867f,0.9014323129925441f,1.3085716756385286f,-0.6183029506177639f,0.7266137759512284f,-0.2995561414080254f,0.2224188635570917f,0f,0f,0f,1f],start_interpolation:0}
execute if entity @s[tag=aj.louvert.locator_origin.locator2] at @s on origin run tp @s ^1.17752 ^1.48512 ^-0.99266 ~-139.98352 ~2.64528
execute if entity @s[tag=aj.louvert.bone.sword_1] run data modify entity @s {} merge value {transformation:[-0.6977805455867921f,0.3170549807213302f,-0.6423226988051997f,0.6220697877598735f,-0.4481387659388636f,-0.8927718637203376f,0.046152419352698426f,1.5023745943584323f,-0.5588147784940827f,0.320053961933159f,0.7650434659465415f,-0.31292092092315277f,0f,0f,0f,1f],start_interpolation:0}
execute if entity @s[tag=aj.louvert.bone.left_arm_1] run data modify entity @s {} merge value {transformation:[-0.6439403360444826f,0.6460107402975228f,-0.40989140883307734f,0.3749302595507355f,-0.12570218531897465f,0.43913752310297294f,0.8895825967323214f,1.4483450275024787f,0.7546786098869853f,0.6243623621129257f,-0.20157340240174304f,-0.035895374166488386f,0f,0f,0f,1f],start_interpolation:0}
execute if entity @s[tag=aj.louvert.bone.left_arm_0] run data modify entity @s {} merge value {transformation:[-0.6191982220964126f,0.6460107402975228f,-0.44638961140789096f,0.26197973009612213f,-0.17685828998317965f,0.43913752310297294f,0.8808401563661885f,1.3215516903473536f,0.7650586297904671f,0.6243623621129257f,-0.15766081872139542f,0.17014998503625922f,0f,0f,0f,1f],start_interpolation:0}
execute if entity @s[tag=aj.louvert.bone.wing_0] run data modify entity @s {} merge value {transformation:[-0.785263224357555f,-0.022387122214265587f,0.6187572102452943f,-0.05296066623815113f,0.3062996657483608f,0.8544494140915958f,0.4196387893426572f,1.402151486899895f,-0.5380912406219027f,0.5190520354622377f,-0.664110533908693f,-0.33502086789530905f,0f,0f,0f,1f],start_interpolation:0}
execute if entity @s[tag=aj.louvert.bone.wing_1] run data modify entity @s {} merge value {transformation:[-0.6577808760477195f,0.06954892810963616f,-0.7499915104217483f,-0.03011662258516725f,-0.345482704668139f,0.8569457576454488f,0.3824730960847512f,1.2724651630530404f,0.6693026369894879f,0.5106925837059595f,-0.5396545793993128f,-0.12251296903818593f,0f,0f,0f,1f],start_interpolation:0}
execute if entity @s[tag=aj.louvert.bone.body_0] run data modify entity @s {} merge value {transformation:[-0.9955276959220287f,0.023979186088474543f,-0.09137617461193549f,-0.0060787500000000225f,-0.027031606618311055f,0.8545013813663803f,0.5187452953874192f,1.3127474675995947f,0.09052015740049006f,0.5188953534938255f,-0.8500315954284924f,0.19126259361463072f,0f,0f,0f,1f],start_interpolation:0}