execute if entity @s[tag=aj.lexiel.bone.backhair] run data modify entity @s {} merge value {transformation:[-0.9374229516322622f,0.15323596490728622f,-0.3126610765861181f,-0.014059816479983236f,-0.331640534096893f,-0.11937116718201846f,0.9358232101147792f,1.6274967519750332f,0.1060790549401009f,0.9809532422621047f,0.16272052912426116f,0.4195397804136718f,0f,0f,0f,1f],start_interpolation:0}
execute if entity @s[tag=aj.lexiel.bone.head] run data modify entity @s {} merge value {transformation:[-0.9374229516322622f,-0.053811472181547367f,-0.34400949872745085f,0.07647690236665922f,-0.331640534096893f,0.4389830062859178f,0.8350499843339352f,1.412545709359549f,0.1060790549401009f,0.8968825149671681f,-0.4293588108437774f,0.5476020038404121f,0f,0f,0f,1f],start_interpolation:0}
execute if entity @s[tag=aj.lexiel.bone.ring] run data modify entity @s {} merge value {transformation:[-0.10344922579202517f,0.08283364336444221f,-0.9911795221906086f,0.04069546474782171f,-0.7907828808453441f,0.5975891960021307f,0.13247485868445097f,1.158749946587544f,0.6032915489586846f,0.7975122195606155f,0.0036832874625502554f,0.04688886288952254f,0f,0f,0f,1f],start_interpolation:0}
execute if entity @s[tag=aj.lexiel.bone.bust] run data modify entity @s {} merge value {transformation:[-0.1162615108228447f,-0.44050063405203066f,-0.8901923682558444f,0.1407604287648908f,-0.8825393868850401f,0.4569815678905015f,-0.1108696405916274f,1.3536749027970476f,0.455639651147447f,0.7727399549706863f,-0.4418885269998926f,0.4499763790358129f,0f,0f,0f,1f],start_interpolation:0}
execute if entity @s[tag=aj.lexiel.bone.left_wing] run data modify entity @s {} merge value {transformation:[0.995872043343208f,0.06361144465571095f,0.0647491883828483f,-0.05475428315471198f,0.029172439207959755f,0.4511924671502311f,-0.8919497331002156f,1.3843250794728434f,-0.08595255713521295f,0.8901566950238038f,0.44747426319981465f,0.1851160944653676f,0f,0f,0f,1f],start_interpolation:0}
execute if entity @s[tag=aj.lexiel.bone.right_wing] run data modify entity @s {} merge value {transformation:[-0.4089340042639358f,0.06361144465571095f,-0.9103442009841536f,-0.08381966086042314f,-0.8018568146802867f,0.4511924671502311f,0.39172823020261377f,1.1636902327515835f,0.4356588446335592f,0.8901566950238038f,-0.1335006718966285f,0.2990260072522293f,0f,0f,0f,1f],start_interpolation:0}
execute if entity @s[tag=aj.lexiel.bone.body] run data modify entity @s {} merge value {transformation:[-0.1162615108228447f,0.06361144465571095f,-0.9911795221906086f,0.5486952554082561f,-0.8825393868850401f,0.4511924671502311f,0.13247485868445097f,1.20948762492361f,0.455639651147447f,0.8901566950238038f,0.0036832874625502554f,-0.8225727309638351f,0f,0f,0f,1f],start_interpolation:0}
execute if entity @s[tag=aj.lexiel.bone.sword] run data modify entity @s {} merge value {transformation:[-0.9344428231722708f,0.6423672699528473f,-0.2260419501224551f,0.05113016229688399f,0.6670731389254609f,0.9406257441296211f,-0.08456180760089248f,0.9587545766319425f,0.1369090940952057f,-0.19874999993439718f,-1.130782207138098f,1.329756929244051f,0f,0f,0f,1f],start_interpolation:0}
execute if entity @s[tag=aj.lexiel.bone.rod] run data modify entity @s {} merge value {transformation:[-0.000006949110747810159f,0.000004460308634482767f,-0.000005640523619295273f,0.13033705713567825f,0.000006989464749765155f,0.000006033348769137524f,-0.000003840063168977453f,1.0367470076366905f,0.0000016903379326216863f,-0.000006610926524709322f,-0.000007310157875069121f,1.33288774519903f,0f,0f,0f,1f],start_interpolation:0}
execute if entity @s[tag=aj.lexiel.bone.right_hand] run data modify entity @s {} merge value {transformation:[-0.6949110747810159f,-0.08345380190189014f,-0.714236698227425f,0.03854494930548126f,0.6989464749765154f,0.1550887120951992f,-0.6981556534889313f,1.0678297119759064f,0.1690337932621686f,-0.9843693180553594f,-0.04944312294576403f,0.9194349225972503f,0f,0f,0f,1f],start_interpolation:0}
execute if entity @s[tag=aj.lexiel.bone.right_arm] run data modify entity @s {} merge value {transformation:[-0.6949110747810159f,-0.08345380190189014f,-0.714236698227425f,0.03418160729804734f,0.6989464749765154f,0.1550887120951992f,-0.6981556534889313f,1.09445285716264f,0.1690337932621686f,-0.9843693180553594f,-0.04944312294576403f,0.6065372046655078f,0f,0f,0f,1f],start_interpolation:0}
execute if entity @s[tag=aj.lexiel.bone.left_hand] run data modify entity @s {} merge value {transformation:[-0.12057055247072197f,-0.3102983262159336f,-0.9429621893928171f,0.20744645071801843f,-0.9175576335176882f,-0.3277058635671475f,0.2251596237275453f,1.776027412170681f,-0.3788808929602079f,0.8923697752228614f,-0.2452049208690056f,0.028658128842851405f,0f,0f,0f,1f],start_interpolation:0}
execute if entity @s[tag=aj.lexiel.bone.left_arm] run data modify entity @s {} merge value {transformation:[-0.12057055247072197f,-0.3102983262159336f,-0.9429621893928171f,0.11047822377553916f,-0.9175576335176882f,-0.3277058635671475f,0.2251596237275453f,1.6736193298059474f,-0.3788808929602079f,0.8923697752228614f,-0.2452049208690056f,0.3075236835999956f,0f,0f,0f,1f],start_interpolation:0}
execute if entity @s[tag=aj.lexiel.bone.skirt_right] run data modify entity @s {} merge value {transformation:[-0.5603567133256807f,0.8282097786666436f,-0.008301587305464708f,-0.08273328373750466f,-0.05070276543882347f,-0.024297200747418035f,0.9984181867397526f,0.9702218760052335f,0.8266980001231988f,0.5598912470799924f,0.05560762569571209f,0.03052692430803082f,0f,0f,0f,1f],start_interpolation:0}
execute if entity @s[tag=aj.lexiel.bone.skirt_left] run data modify entity @s {} merge value {transformation:[-0.7053950334430512f,0.5281044285494776f,-0.47278278240679034f,0.22587704339383025f,-0.3013302948866272f,0.3803072765614105f,0.8743948929276639f,1.1020538800181328f,0.6415745476383979f,0.759257589979101f,-0.10913300088292416f,-0.25016194028376826f,0f,0f,0f,1f],start_interpolation:0}
execute if entity @s[tag=aj.lexiel.bone.skirt_back_middle] run data modify entity @s {} merge value {transformation:[-0.7053950334430512f,0.6901892388617749f,0.16142075874335532f,-0.08893008557568835f,-0.3013302948866272f,-0.4981270716490843f,0.8130617897022625f,1.2652826703285414f,0.6415745476383979f,0.5248887835053362f,0.5593512892385903f,-0.17866223004820458f,0f,0f,0f,1f],start_interpolation:0}
execute if entity @s[tag=aj.lexiel.bone.skirt_front_middle] run data modify entity @s {} merge value {transformation:[-0.7053950334430512f,0.27881851828124254f,-0.6516732928832739f,0.15065409618202014f,-0.3013302948866272f,0.7142106959383415f,0.631746100257697f,1.0169208262184188f,0.6415745476383979f,0.6419994670330516f,-0.41978421141327216f,-0.03189433764081026f,0f,0f,0f,1f],start_interpolation:0}
execute if entity @s[tag=aj.lexiel.bone.skirt] run data modify entity @s {} merge value {transformation:[-0.7053950334430512f,0.30697873463088365f,-0.6388911513538893f,0.07732773110249189f,-0.3013302948866272f,0.6859745477482602f,0.6622982509603269f,1.048999900781963f,0.6415745476383979f,0.6596991559233583f,-0.39138104641971816f,-0.09744814881430573f,0f,0f,0f,1f],start_interpolation:0}
execute if entity @s[tag=aj.lexiel.bone.rightupper] run data modify entity @s {} merge value {transformation:[-0.7473429597313987f,0.6276486909280488f,0.2180266527657112f,-0.027095127077531405f,-0.07915267453010556f,-0.4098993858493158f,0.9086899072814034f,0.9901492033990218f,0.6597070218321495f,0.6618456121004817f,0.35601549276498495f,-0.03693837449297371f,0f,0f,0f,1f],start_interpolation:0}
execute if entity @s[tag=aj.lexiel.bone.rightfoot] run data modify entity @s {} merge value {transformation:[-0.7201212939464801f,0.5461667510384046f,0.4279336421280768f,-0.22095758920921157f,-0.1002204494488255f,-0.6921626236926536f,0.7147494413255444f,1.045442010513623f,0.6865720526770097f,0.47181859058652625f,0.553178121458018f,-0.2941617662826831f,0f,0f,0f,1f],start_interpolation:0}
execute if entity @s[tag=aj.lexiel.bone.leftupper] run data modify entity @s {} merge value {transformation:[-0.6932902135941145f,0.6281087413487314f,-0.353310187761321f,0.14354973008162486f,-0.32565127329619586f,0.1642997398078682f,0.9311051732750889f,1.0785541577248492f,0.6428840703697625f,0.7605820169714634f,0.09063700968383101f,-0.22116617667323385f,0f,0f,0f,1f],start_interpolation:0}
execute if entity @s[tag=aj.lexiel.bone.leftfoot] run data modify entity @s {} merge value {transformation:[-0.7212408644348521f,0.6860733356524513f,-0.09547247548894083f,0.0059545449542245665f,-0.3290946061392402f,-0.21811072415962918f,0.9187624569041885f,0.920604913837477f,0.6095148527142925f,0.6940685053460367f,0.3830934014145808f,-0.4587877683793108f,0f,0f,0f,1f],start_interpolation:0}
execute if entity @s[tag=aj.lexiel.bone.lower] run data modify entity @s {} merge value {transformation:[-0.7053950334430512f,-0.23469752062485266f,-0.6688310104999795f,0.03296056766693542f,-0.3013302948866272f,0.9533728388562069f,-0.01674167001213303f,0.9729481161826844f,0.6415745476383979f,0.18972955474517855f,-0.7432259386477179f,-0.18194820202699635f,0f,0f,0f,1f],start_interpolation:0}