execute if entity @s[tag=aj.lexiel.bone.backhair] run data modify entity @s {} merge value {transformation:[-0.9848355609809669f,0.17140418599894977f,0.02682392307887754f,0.03498684811739969f,0.17189122571953977f,0.9849687100743605f,0.017030757325626308f,1.4867234330123031f,-0.023501581817791273f,0.02138329246134882f,-0.9994950877596018f,-0.22697625081058748f,0f,0f,0f,1f],start_interpolation:0}
execute if entity @s[tag=aj.lexiel.bone.head] run data modify entity @s {} merge value {transformation:[-0.9848355609809669f,0.1713100368977463f,0.027418772499820554f,0.03038045599866214f,0.17189122571953977f,0.9849036549174709f,0.020449866768306887f,1.4966805567600572f,-0.023501581817791273f,0.024852802423470925f,-0.9994148357232655f,0.03888163996627163f,0f,0f,0f,1f],start_interpolation:0}
execute if entity @s[tag=aj.lexiel.bone.ring] run data modify entity @s {} merge value {transformation:[-0.9260661770415054f,0.20277733101685919f,0.3182495715086042f,0.008506527679625397f,0.2251801958976085f,0.9736939243274663f,0.03484280561741622f,0.935303612533441f,-0.30281234306950855f,0.10393024465215839f,-0.9473664492324482f,0.010886859190555986f,0f,0f,0f,1f],start_interpolation:0}
execute if entity @s[tag=aj.lexiel.bone.bust] run data modify entity @s {} merge value {transformation:[-0.9472090649560921f,0.19280190149624993f,0.2561687218308198f,0.003253004206668464f,0.05267902717994616f,0.8817177491182717f,-0.4688269733976309f,1.3850196020622412f,-0.3162592407509701f,-0.43058244003818685f,-0.8453276613067747f,0.10153017390957575f,0f,0f,0f,1f],start_interpolation:0}
execute if entity @s[tag=aj.lexiel.bone.left_wing] run data modify entity @s {} merge value {transformation:[-0.9113458422565053f,0.03888698367828754f,-0.4098006323838283f,0.17519538491733783f,0.014996249267860019f,0.9980034564028731f,0.06135318668019425f,1.1513873409262532f,0.41136828792418745f,0.049768499156827684f,-0.9101094594508946f,-0.057114682679072715f,0f,0f,0f,1f],start_interpolation:0}
execute if entity @s[tag=aj.lexiel.bone.right_wing] run data modify entity @s {} merge value {transformation:[-0.8076698493086163f,0.03888698367828754f,0.5883512700914324f,-0.06160688132168529f,0.06071831489059834f,0.9980034564028731f,0.017389285343702352f,1.1645570977212398f,-0.5865003842749322f,0.049768499156827684f,-0.8084184533625106f,-0.1361794928668152f,0f,0f,0f,1f],start_interpolation:0}
execute if entity @s[tag=aj.lexiel.bone.body] run data modify entity @s {} merge value {transformation:[-0.9472090649560921f,0.03888698367828754f,0.3182495715086042f,0.29503625488460017f,0.05267902717994616f,0.9980034564028731f,0.03484280561741622f,0.1742277118451947f,-0.3162592407509701f,0.049768499156827684f,-0.9473664492324482f,0.6069285954132952f,0f,0f,0f,1f],start_interpolation:0}
execute if entity @s[tag=aj.lexiel.bone.sword] run data modify entity @s {} merge value {transformation:[-0.9467330778714574f,-0.01557679276777707f,0.6636022191728315f,-0.3868111035851989f,0.3471525769700088f,0.9736266741756076f,0.5181218487352439f,0.6925413136005466f,-0.5657699444713539f,0.6234761626243737f,-0.7925250198397944f,-0.1088477854737514f,0f,0f,0f,1f],start_interpolation:0}
execute if entity @s[tag=aj.lexiel.bone.rod] run data modify entity @s {} merge value {transformation:[-0.000009392540556128714f,-6.133184513301288e-7f,0.000003376984213575085f,-0.4177110481563274f,0.0000016717796942092248f,0.00000777547129428681f,0.000006061946783480662f,0.7083641102354419f,-0.0000029975547627202795f,0.000006258265464885606f,-0.000007200609614158592f,-0.003201270979755644f,0f,0f,0f,1f],start_interpolation:0}
execute if entity @s[tag=aj.lexiel.bone.right_hand] run data modify entity @s {} merge value {transformation:[-0.9392540556128713f,0.19542068014164973f,0.2821570073341228f,-0.33226995848817853f,0.16717796942092247f,0.9784532156902699f,-0.12116448013203886f,1.1136180047482704f,-0.2997554762720279f,-0.0666337938162397f,-0.9516861835534782f,-0.09703230670265867f,0f,0f,0f,1f],start_interpolation:0}
execute if entity @s[tag=aj.lexiel.bone.right_arm] run data modify entity @s {} merge value {transformation:[-0.9419018082042331f,0.10741598547788826f,0.3182495715086042f,-0.26926803151995615f,0.12485214876423378f,0.9915633715732245f,0.03484280561741622f,1.419579928716021f,-0.3118219438245963f,0.07255264446009888f,-0.9473664492324482f,-0.06461516956435913f,0f,0f,0f,1f],start_interpolation:0}
execute if entity @s[tag=aj.lexiel.bone.left_hand] run data modify entity @s {} merge value {transformation:[-0.9333749959317762f,-0.17997757902888295f,0.3105143926072656f,0.40858091080400527f,-0.14487123203215507f,0.9804931564757613f,0.13283635132629906f,1.078605205730506f,-0.32836480185738903f,0.07900152625804549f,-0.9412413695487768f,0.11824198022282581f,0f,0f,0f,1f],start_interpolation:0}
execute if entity @s[tag=aj.lexiel.bone.left_arm] run data modify entity @s {} merge value {transformation:[-0.9333749959317762f,-0.17997757902888295f,0.3105143926072656f,0.3523379173574793f,-0.14487123203215507f,0.9804931564757613f,0.13283635132629906f,1.3850093171291813f,-0.32836480185738903f,0.07900152625804549f,-0.9412413695487768f,0.14292995717846502f,0f,0f,0f,1f],start_interpolation:0}
execute if entity @s[tag=aj.lexiel.bone.skirt_right] run data modify entity @s {} merge value {transformation:[-0.9961541634169521f,0.044706994734424625f,0.07535361523436283f,-0.22393623157854473f,0.028564626116353575f,0.9787474134593495f,-0.203070339492173f,0.703357111917961f,-0.08283082060383803f,-0.2001369163059369f,-0.9762603494404786f,0.0587755944637957f,0f,0f,0f,1f],start_interpolation:0}
execute if entity @s[tag=aj.lexiel.bone.skirt_left] run data modify entity @s {} merge value {transformation:[-0.9970229380651605f,0.012685750260577743f,0.07605480071791128f,0.21226679646865163f,0.0005744546362072842f,0.9875677125239931f,-0.1571931397421615f,0.703357111917961f,-0.07710337848490094f,-0.15668147599653898f,-0.9846349496670126f,0.09243816005908059f,0f,0f,0f,1f],start_interpolation:0}
execute if entity @s[tag=aj.lexiel.bone.skirt_back_middle] run data modify entity @s {} merge value {transformation:[-0.9970354926793059f,0.0027526116351001915f,0.07689375440775473f,0.016330407337299853f,0f,0.9993598811762817f,-0.03577468232323375f,0.7080839625886444f,-0.07694300707493688f,-0.03566862801559101f,-0.9963972714925267f,-0.2116111176853413f,0f,0f,0f,1f],start_interpolation:0}
execute if entity @s[tag=aj.lexiel.bone.skirt_front_middle] run data modify entity @s {} merge value {transformation:[-0.9970354926793059f,0.01872981865534813f,0.07462854836368962f,-0.01193503081414636f,0f,0.9699198302843409f,-0.24342457316630023f,0.7834160543838774f,-0.07694300707493688f,-0.2427029392371119f,-0.9670444958469767f,0.15465537129755952f,0f,0f,0f,1f],start_interpolation:0}
execute if entity @s[tag=aj.lexiel.bone.skirt] run data modify entity @s {} merge value {transformation:[-0.9970354926793059f,0.01545674045858776f,0.0753745017371899f,-0.00554490367134802f,0f,0.9796147122737305f,-0.20088557812062144f,0.7217248877730935f,-0.07694300707493688f,-0.20029005135366099f,-0.9767106372877354f,0.07185143879855699f,0f,0f,0f,1f],start_interpolation:0}
execute if entity @s[tag=aj.lexiel.bone.rightupper] run data modify entity @s {} merge value {transformation:[-0.9995051193703015f,0.002182258263997855f,0.03138079191844064f,-0.1367786848772715f,-0.008199361610435586f,0.9450318891887447f,-0.32687535680368063f,0.6655343057377989f,-0.03036917551960493f,-0.32697089498183385f,-0.944546318087704f,-0.015112163261334438f,0f,0f,0f,1f],start_interpolation:0}
execute if entity @s[tag=aj.lexiel.bone.rightfoot] run data modify entity @s {} merge value {transformation:[-0.9985717311645986f,0.033423819242112185f,0.041681483013530175f,-0.11091612056083894f,0.03411040507573086f,0.9992920441543792f,0.01587106660976445f,0.3958078849554756f,-0.04112150270243232f,0.01727017072968995f,-0.9990048864837755f,0.16759691622052192f,0f,0f,0f,1f],start_interpolation:0}
execute if entity @s[tag=aj.lexiel.bone.leftupper] run data modify entity @s {} merge value {transformation:[-0.9988075505813031f,-0.014580435985226448f,0.04659278686941339f,0.1344677447634816f,-0.02844364911619622f,0.9494486429033844f,-0.3126311457834558f,0.6638288455141363f,-0.03967915985416748f,-0.313583617836459f,-0.9487311942261967f,0.005566032273095038f,0f,0f,0f,1f],start_interpolation:0}
execute if entity @s[tag=aj.lexiel.bone.leftfoot] run data modify entity @s {} merge value {transformation:[-0.997051297078668f,-0.06151795247455914f,0.04587213224915087f,0.1390769481534293f,-0.07085870552961475f,0.967531839628693f,-0.24261323779914434f,0.42322096293701195f,-0.029457678870084946f,-0.24514828334715033f,-0.969037958145878f,0.21155394829155574f,0f,0f,0f,1f],start_interpolation:0}
execute if entity @s[tag=aj.lexiel.bone.lower] run data modify entity @s {} merge value {transformation:[-0.9970354926793059f,0.01861419812470737f,0.07465747093163502f,0f,0f,0.9702957262759965f,-0.24192189559966767f,0.6232403564453124f,-0.07694300707493688f,-0.24120471636912627f,-0.9674192774922131f,0f,0f,0f,0f,1f],start_interpolation:0}