execute if entity @s[tag=aj.louvert.bone.head] run data modify entity @s {} merge value {transformation:[-0.8667136873424253f,-0.0470858726644959f,-0.49657859878242816f,-0.0011336645728258392f,0.10373149728766397f,0.9567553704611363f,-0.271770008581214f,1.59284401421543f,0.4879007692592381f,-0.28705762781921784f,-0.8243486869444553f,-0.003911577262654745f,0f,0f,0f,1f],start_interpolation:0}
execute if entity @s[tag=aj.louvert.bone.coat_0] run data modify entity @s {} merge value {transformation:[-0.22383771423617554f,-0.670728515521646f,-0.7071208780340552f,0.2793110658785792f,0.28653012033044717f,0.6481809273805197f,-0.7055224840666305f,0.943762120792681f,0.9315563148993967f,-0.3605339704469725f,0.04709658506513943f,0.3012131343580097f,0f,0f,0f,1f],start_interpolation:0}
execute if entity @s[tag=aj.louvert.bone.coat_1] run data modify entity @s {} merge value {transformation:[0.25966634208968364f,-0.6576879614483682f,-0.7071208780340552f,0.28520399976534294f,-0.19714786248997734f,0.6807134087059576f,-0.7055224840666305f,0.9045836864588328f,0.9453603075554825f,0.32260781232605906f,0.04709658506513943f,-0.19721471760589754f,0f,0f,0f,1f],start_interpolation:0}
execute if entity @s[tag=aj.louvert.bone.coat_2] run data modify entity @s {} merge value {transformation:[-0.011785867773527525f,-0.4225078867632399f,-0.9062826153820265f,0.19386742306770416f,0.0783568686676963f,0.9031682630244843f,-0.4220749812508786f,0.8359825931174281f,0.9968557039278145f,-0.0759879877888427f,0.02246177326891999f,0.05788628150919853f,0f,0f,0f,1f],start_interpolation:0}
execute if entity @s[tag=aj.louvert.bone.right_leg_1] run data modify entity @s {} merge value {transformation:[-0.2205413405214684f,-0.3273352809575746f,-0.918810715523834f,0.5900222008175695f,0.1322274009938565f,0.9232752645605637f,-0.3606642486815555f,0.7068378408702305f,0.9663733396298781f,-0.2010333298014207f,-0.16033767106188626f,0.27825685173142545f,0f,0f,0f,1f],start_interpolation:0}
execute if entity @s[tag=aj.louvert.bone.right_leg_0] run data modify entity @s {} merge value {transformation:[-0.2205413405214684f,-0.7697484134681969f,-0.599039979537416f,0.2807842993502701f,0.1322274009938565f,0.5848977006997071f,-0.8002565801932563f,0.9339675122092189f,0.9663733396298781f,-0.25569915854259223f,-0.027212290848193925f,0.17660617136703294f,0f,0f,0f,1f],start_interpolation:0}
execute if entity @s[tag=aj.louvert.bone.left_leg_1] run data modify entity @s {} merge value {transformation:[0.17159935525972728f,0.014966812616660607f,-0.9850531233362714f,0.62209809829781f,-0.10661030596499826f,0.9942948451378061f,-0.0034646203883787474f,0.8570685431087038f,0.9793813883960097f,0.10561134149552262f,0.1722159708361009f,-0.1381322039884038f,0f,0f,0f,1f],start_interpolation:0}
execute if entity @s[tag=aj.louvert.bone.left_leg_0] run data modify entity @s {} merge value {transformation:[0.17159935525972728f,-0.9205281996849268f,-0.3509722137994307f,0.283730766293652f,-0.10661030596499826f,0.33681318722922227f,-0.9355164988232662f,0.9143782950422948f,0.9793813883960097f,0.19795128313128002f,-0.04034086724631076f,-0.07260775461492072f,0f,0f,0f,1f],start_interpolation:0}
execute if entity @s[tag=aj.louvert.bone.body_1] run data modify entity @s {} merge value {transformation:[-0.011785867773527525f,-0.7069944534217872f,-0.7071208780340552f,0.06132176612765257f,0.0783568686676963f,0.7043424065105298f,-0.7055224840666305f,1.1442799056602975f,0.9968557039278145f,-0.06372297248076052f,0.04709658506513943f,0.032085779475818435f,0f,0f,0f,1f],start_interpolation:0}
execute if entity @s[tag=aj.louvert.locator_origin.locator] at @s on origin run tp @s ^1.0002 ^1.67337 ^-0.57261 ~-144.6827 ~-4.97798
execute if entity @s[tag=aj.louvert.bone.sword_0] run data modify entity @s {} merge value {transformation:[-0.05178545895085476f,-0.8158617105893681f,-0.5759235499920453f,0.4735245561477761f,0.9962261451257826f,-0.001980035130574917f,-0.0867729636966782f,1.5971637461234642f,0.06965438973297153f,-0.5782436758452894f,0.8128853039241484f,0.12571916691539597f,0f,0f,0f,1f],start_interpolation:0}
execute if entity @s[tag=aj.louvert.bone.right_arm_1] run data modify entity @s {} merge value {transformation:[0.6179397647598776f,-0.0019585568820166756f,0.7862230034687658f,0.2397699268703834f,0.0766284529084179f,0.9953860209324633f,-0.057747290300930856f,1.5582096601251842f,-0.7824822856355085f,0.09593139938089876f,0.6152386848040791f,0.41654840638304913f,0f,0f,0f,1f],start_interpolation:0}
execute if entity @s[tag=aj.louvert.bone.right_arm_0] run data modify entity @s {} merge value {transformation:[0.9737126596343617f,-0.0019585568820166756f,-0.2277714216549511f,-0.0046367844915594925f,-0.019952235311965046f,0.9953860209324633f,-0.09385402302668532f,1.5693753490690927f,0.22690430752595597f,0.09593139938089876f,0.9691808922172315f,0.2957031439328901f,0f,0f,0f,1f],start_interpolation:0}
execute if entity @s[tag=aj.louvert.locator_origin.locator2] at @s on origin run tp @s ^1.08451 ^0.99275 ^-0.12399 ~-65.87756 ~-0.6981
execute if entity @s[tag=aj.louvert.bone.sword_1] run data modify entity @s {} merge value {transformation:[-0.40198740700402474f,0.07453568478945716f,-0.9126064629965904f,0.28554702206400195f,0.20897031364165183f,0.9778460836123495f,-0.012183791712782999f,1.0075203919000486f,0.8914805284618901f,-0.19560538964189475f,-0.40865755702831724f,-0.48771973618686315f,0f,0f,0f,1f],start_interpolation:0}
execute if entity @s[tag=aj.louvert.bone.left_arm_1] run data modify entity @s {} merge value {transformation:[-0.6126064989515971f,0.010719403995745396f,-0.7903153622575249f,0.05776619983723427f,0.7425752894016111f,0.35030328077638906f,-0.5708498498269159f,1.2838237670153583f,0.27073089408558615f,-0.9365749867764326f,-0.2225580309320355f,-0.37585984176758297f,0f,0f,0f,1f],start_interpolation:0}
execute if entity @s[tag=aj.louvert.bone.left_arm_0] run data modify entity @s {} merge value {transformation:[-0.17846157850469396f,0.010719403995745396f,-0.9838884892992644f,0.0019969565545174097f,0.9222614526726879f,0.35030328077638906f,-0.16346689081083757f,1.5720304709755732f,0.3429070980771278f,-0.9365749867764326f,-0.072401769543629f,-0.2687013736184805f,0f,0f,0f,1f],start_interpolation:0}
execute if entity @s[tag=aj.louvert.bone.wing_0] run data modify entity @s {} merge value {transformation:[-0.4721707326863775f,0.00008939570064360469f,-0.881507113529334f,-0.5011296644710663f,0.0691180894604366f,0.99692502468394f,-0.03692133351146591f,1.2497338165592033f,0.8787932003058222f,-0.0783612606287987f,-0.4707249981984354f,0.01714679043438463f,0f,0f,0f,1f],start_interpolation:0}
execute if entity @s[tag=aj.louvert.bone.wing_1] run data modify entity @s {} merge value {transformation:[0.45126234789932745f,0.00008939570064360469f,-0.8923913297297297f,-0.2511470294079942f,0.06988869326390298f,0.99692502468394f,0.03544101737803097f,1.2499424267697645f,0.8896504166931248f,-0.0783612606287987f,0.4498684795697684f,0.02008594825643972f,0f,0f,0f,1f],start_interpolation:0}
execute if entity @s[tag=aj.louvert.bone.body_0] run data modify entity @s {} merge value {transformation:[-0.011785867773527525f,0.00008939570064360469f,-0.9999305402522886f,-0.003167078446637439f,0.0783568686676963f,0.99692502468394f,-0.0008344408422447727f,1.447620625f,0.9968557039278145f,-0.0783612606287987f,-0.011756631288220354f,0.01087394729331739f,0f,0f,0f,1f],start_interpolation:0}