execute if entity @s[tag=aj.louvert.bone.head] run data modify entity @s {} merge value {transformation:[-0.9156387865728932f,0.07936348037928076f,-0.394090155301306f,-0.0006986181218767728f,0.1036684412405399f,0.9937774018439607f,-0.04073487295946732f,1.4802349311300496f,0.3884050293367435f,-0.0781531417561363f,-0.9181686226503109f,-0.0040128483475749144f,0f,0f,0f,1f],start_interpolation:0}
execute if entity @s[tag=aj.louvert.bone.coat_0] run data modify entity @s {} merge value {transformation:[-0.21763659898211285f,-0.2825109104688878f,-0.9342493758357769f,0.10843892992532986f,0.3559242029267952f,0.8683078380349469f,-0.34548438485407984f,0.6916480772010827f,0.908819163835372f,-0.4077120109502742f,-0.088423094112675f,0.3246487892820846f,0f,0f,0f,1f],start_interpolation:0}
execute if entity @s[tag=aj.louvert.bone.coat_1] run data modify entity @s {} merge value {transformation:[0.014875205581103307f,-0.3563100223251949f,-0.9342493758357769f,0.16974445210093403f,-0.2854837618589472f,0.8939460618722261f,-0.34548438485407984f,0.6524752057707273f,0.9582680992153417f,0.2718521775777365f,-0.088423094112675f,-0.17003001468537604f,0f,0f,0f,1f],start_interpolation:0}
execute if entity @s[tag=aj.louvert.bone.coat_2] run data modify entity @s {} merge value {transformation:[-0.12261104435120831f,0.004847810897419924f,-0.9924429608459162f,0.02231051903365982f,0.07834574286071072f,0.9969146467209882f,-0.004809545588779052f,0.628876093379145f,0.9893576079349213f,-0.07834338442185151f,-0.12261255130948284f,0.06625650053426992f,0f,0f,0f,1f],start_interpolation:0}
execute if entity @s[tag=aj.louvert.bone.right_leg_1] run data modify entity @s {} merge value {transformation:[-0.2835465084077417f,0.11682656319421719f,-0.9518155975303231f,0.29303643613444524f,0.21443316921618624f,0.9751428927407869f,0.05580998725167979f,0.346533573189441f,0.9346763041340468f,-0.18827610806833076f,-0.3015498526296462f,0.32925905240396175f,0f,0f,0f,1f],start_interpolation:0}
execute if entity @s[tag=aj.louvert.bone.right_leg_0] run data modify entity @s {} merge value {transformation:[-0.2835465084077417f,-0.4128796237297194f,-0.8655239995971132f,0.1237653104692309f,0.21443316921618624f,0.8524138584749807f,-0.4768742285128207f,0.6818548593434939f,0.9346763041340468f,-0.3208130767107239f,-0.15316388706780146f,0.20097908829021946f,0f,0f,0f,1f],start_interpolation:0}
execute if entity @s[tag=aj.louvert.bone.left_leg_1] run data modify entity @s {} merge value {transformation:[-0.03175984432868535f,0.4094473752824327f,-0.9117807626631218f,0.4443400271113677f,-0.1663580331944255f,0.8973508360995056f,0.40876213345073986f,0.4686936457701252f,0.9855538123714505f,0.164664276107007f,0.03961513718586944f,-0.06969221384549985f,0f,0f,0f,1f],start_interpolation:0}
execute if entity @s[tag=aj.louvert.bone.left_leg_0] run data modify entity @s {} merge value {transformation:[-0.03175984432868535f,-0.7167544044706666f,-0.6966020642806892f,0.15441807155703297f,-0.1663580331944255f,0.6910228220365267f,-0.7034290754698422f,0.6622684236283161f,0.9855538123714505f,0.09354455139971901f,-0.14118463026663075f,-0.04636031369351087f,0f,0f,0f,1f],start_interpolation:0}
execute if entity @s[tag=aj.louvert.bone.body_1] run data modify entity @s {} merge value {transformation:[-0.12261104435120831f,-0.33488003158380014f,-0.9342493758357769f,0.034441681143194396f,0.07834574286071072f,0.9351483756054979f,-0.34548438485407984f,0.964295508862623f,0.9893576079349213f,-0.11555466260100278f,-0.088423094112675f,0.041198555235540925f,0f,0f,0f,1f],start_interpolation:0}
execute if entity @s[tag=aj.louvert.locator_origin.locator] at @s on origin run tp @s ^0.19243 ^1.30406 ^1.77141 ~-15.47161 ~5.01105
execute if entity @s[tag=aj.louvert.bone.sword_0] run data modify entity @s {} merge value {transformation:[-0.9508345936776259f,0.15904455728324374f,-0.26574123553652873f,-0.03664172422780369f,0.14055007928358854f,0.9862129722828693f,0.08734785924317415f,1.4063953934903335f,0.2759696553595719f,0.04570341452851606f,-0.960079135915969f,0.9300276370216374f,0f,0f,0f,1f],start_interpolation:0}
execute if entity @s[tag=aj.louvert.bone.right_arm_1] run data modify entity @s {} merge value {transformation:[0.12362075640503765f,-0.012662801276639317f,-0.9922487400091141f,-0.08028341324938298f,-0.09284314965317099f,0.9953849131026299f,-0.024269823447005227f,1.4309059821150365f,0.9879767498014947f,0.09512375219417205f,0.12187458151795447f,0.5582280564966984f,0f,0f,0f,1f],start_interpolation:0}
execute if entity @s[tag=aj.louvert.bone.right_arm_0] run data modify entity @s {} merge value {transformation:[0.011492461099621806f,-0.012662801276639317f,-0.999853777710372f,-0.03750946675057798f,-0.09498021759774296f,0.9953849131026299f,-0.013697920745693738f,1.456762923781948f,0.9954128196898808f,0.09512375219417205f,0.010236706772330281f,0.293352343872842f,0f,0f,0f,1f],start_interpolation:0}
execute if entity @s[tag=aj.louvert.locator_origin.locator2] at @s on origin run tp @s ^1.00824 ^0.72692 ^-0.07063 ~-62.47454 ~7.12567
execute if entity @s[tag=aj.louvert.bone.sword_1] run data modify entity @s {} merge value {transformation:[-0.41704988450161423f,0.2274781732352597f,-0.8799562912660717f,0.2419124453772409f,0.260515339673411f,0.9574676677733411f,0.12404605178532008f,0.8607173455473681f,0.8707474671981756f,-0.1775087205469866f,-0.4585733338275725f,-0.4776981112410067f,0f,0f,0f,1f],start_interpolation:0}
execute if entity @s[tag=aj.louvert.bone.left_arm_1] run data modify entity @s {} merge value {transformation:[-0.511970013329689f,0.11482610988482284f,-0.8512941148274883f,0.05094465025550491f,0.822777552980385f,0.35031371785424087f,-0.4475683158968572f,1.1667753894380535f,0.24682747773051486f,-0.9295672453200242f,-0.27382646450869996f,-0.37474147449496575f,0f,0f,0f,1f],start_interpolation:0}
execute if entity @s[tag=aj.louvert.bone.left_arm_0] run data modify entity @s {} merge value {transformation:[-0.061039071109094296f,0.11482610988482284f,-0.9915085457457529f,0.03186994053391294f,0.9364766519827832f,0.35031371785424087f,-0.01708155069823745f,1.4594243431826732f,0.3453776369269674f,-0.9295672453200242f,-0.12891479487974225f,-0.26681096295528844f,0f,0f,0f,1f],start_interpolation:0}
execute if entity @s[tag=aj.louvert.bone.wing_0] run data modify entity @s {} merge value {transformation:[-0.43103547941290193f,0.008761489854639905f,-0.90229244249457f,-0.4999184434996777f,0.07402239894691783f,0.9969258615439993f,-0.02568094700158298f,1.137102587541667f,0.8992936672419267f,-0.07785925044772661f,-0.4303589631671276f,-0.03870900423410198f,0f,0f,0f,1f],start_interpolation:0}
execute if entity @s[tag=aj.louvert.bone.wing_1] run data modify entity @s {} merge value {transformation:[0.19847369670310971f,0.008761489854639905f,-0.9800670528145148f,-0.25181441187954345f,0.07457943153109085f,0.9969258615439993f,0.024015307144696407f,1.1373221268829834f,0.9772646008679029f,-0.07785925044772661f,0.19721013414684568f,-0.007978867620135431f,0f,0f,0f,1f],start_interpolation:0}
execute if entity @s[tag=aj.louvert.bone.body_0] run data modify entity @s {} merge value {transformation:[-0.12261104435120831f,0.008761489854639905f,-0.9924161264805369f,-0.00435772093157872f,0.07834574286071072f,0.9969258615439993f,-0.0008781573652654195f,1.335011295553936f,0.9893576079349213f,-0.07785925044772661f,-0.12292054645586617f,0.01045386932707123f,0f,0f,0f,1f],start_interpolation:0}