execute if entity @s[tag=aj.louvert.bone.head] run data modify entity @s {} merge value {transformation:[-0.9077061864196132f,-0.03335905952753392f,-0.4182781996267559f,-0.0007025047199173979f,0.09710890416393206f,0.9530719444549269f,-0.28674680368747757f,1.6008370110251309f,0.40821482073491894f,-0.30090038524459056f,-0.8618698383700488f,-0.0020577725268925706f,0f,0f,0f,1f],start_interpolation:0}
execute if entity @s[tag=aj.louvert.bone.coat_0] run data modify entity @s {} merge value {transformation:[-0.2619844907864455f,-0.6906485453962203f,-0.6740687749254164f,0.28052165979562876f,0.2628049952332339f,0.6210121388925882f,-0.7384290472540422f,0.9668622065645366f,0.9285998390414605f,-0.3706055991079162f,0.018810338700717577f,0.30120435755404884f,0f,0f,0f,1f],start_interpolation:0}
execute if entity @s[tag=aj.louvert.bone.coat_1] run data modify entity @s {} merge value {transformation:[0.24324856427841013f,-0.6974678649565443f,-0.6740687749254164f,0.3016101731337998f,-0.1978586021227635f,0.644650692807751f,-0.7384290472540422f,0.9349123930806927f,0.9495694337659136f,0.31299211110736663f,0.018810338700717577f,-0.19732797241416225f,0f,0f,0f,1f],start_interpolation:0}
execute if entity @s[tag=aj.louvert.bone.coat_2] run data modify entity @s {} merge value {transformation:[-0.042177026676342044f,-0.462443891726411f,-0.8856448190023326f,0.20680731959903723f,0.06389962696768775f,0.8833702482043719f,-0.4642993024555782f,0.8585836689158594f,0.9970646599364221f,-0.07617513762559032f,-0.0077079383487992335f,0.05428948490753299f,0f,0f,0f,1f],start_interpolation:0}
execute if entity @s[tag=aj.louvert.bone.right_leg_1] run data modify entity @s {} merge value {transformation:[-0.2523489067894009f,-0.3650087784767499f,-0.8961521192727857f,0.6025641126885339f,0.10835805463656221f,0.9096401916533245f,-0.40101527866688913f,0.7450804219760185f,0.9615500825425443f,-0.19830106748026796f,-0.18999506677440903f,0.28379708139343474f,0f,0f,0f,1f],start_interpolation:0}
execute if entity @s[tag=aj.louvert.bone.right_leg_0] run data modify entity @s {} merge value {transformation:[-0.2523489067894009f,-0.7893474641183453f,-0.559687957823046f,0.28579378813017153f,0.10835805463656221f,0.5517174042391958f,-0.8269621743797859f,0.9588747531935756f,0.9615500825425443f,-0.2693296989741404f,-0.0536931281722795f,0.17657127506199605f,0f,0f,0f,1f],start_interpolation:0}
execute if entity @s[tag=aj.louvert.bone.left_leg_1] run data modify entity @s {} merge value {transformation:[0.15012971448175982f,-0.032082627724814516f,-0.9881456237963593f,0.6392642640609878f,-0.11202209410900522f,0.992484844335725f,-0.04924311317661145f,0.905399405758578f,0.9822994040826137f,0.1180869965837151f,0.14540750316534287f,-0.12938258926417148f,0f,0f,0f,1f],start_interpolation:0}
execute if entity @s[tag=aj.louvert.bone.left_leg_0] run data modify entity @s {} merge value {transformation:[0.15012971448175982f,-0.9420129148266075f,-0.3001212040651303f,0.296338044799257f,-0.11202209410900522f,0.28539883746594347f,-0.9518395631641505f,0.9428998464516537f,0.9822994040826137f,0.1765196076161689f,-0.0626794134144163f,-0.07269488992210946f,0f,0f,0f,1f],start_interpolation:0}
execute if entity @s[tag=aj.louvert.bone.body_1] run data modify entity @s {} merge value {transformation:[-0.042177026676342044f,-0.7374634805136396f,-0.6740687749254164f,0.0606085788042019f,0.06389962696768775f,0.6712967896875999f,-0.7384290472540422f,1.1606675465999896f,0.9970646599364221f,-0.07421748489291996f,0.018810338700717577f,0.02874522854090581f,0f,0f,0f,1f],start_interpolation:0}
execute if entity @s[tag=aj.louvert.locator_origin.locator] at @s on origin run tp @s ^0.71895 ^1.75699 ^-0.75978 ~-158.99921 ~-9.11316
execute if entity @s[tag=aj.louvert.bone.sword_0] run data modify entity @s {} merge value {transformation:[-0.1598527309139564f,-0.9215379640520012f,-0.3538571537078795f,0.38440921161658836f,0.9812978931427534f,-0.10940135931483015f,-0.15838493455395317f,1.615144707681334f,0.10724527650644028f,-0.37255754373111166f,0.9217913686274662f,0.03948709232710956f,0f,0f,0f,1f],start_interpolation:0}
execute if entity @s[tag=aj.louvert.bone.right_arm_1] run data modify entity @s {} merge value {transformation:[0.36205732485503916f,0.002180392150457137f,0.9321532810696332f,0.24618732522208067f,0.10227188305843063f,0.9938674038586556f,-0.04204813293047186f,1.566549268128053f,-0.9265284428739871f,0.11055690587804161f,0.35961398069065464f,0.38484703127497516f,0f,0f,0f,1f],start_interpolation:0}
execute if entity @s[tag=aj.louvert.bone.right_arm_0] run data modify entity @s {} merge value {transformation:[0.9973179830620201f,0.002180392150457137f,-0.07315795617138413f,-0.013638499888726861f,-0.010249374701107573f,0.9938674038586556f,-0.11010237901831293f,1.5769273143241518f,0.07246924160870068f,0.11055690587804161f,0.9912241823035459f,0.2966763325468706f,0f,0f,0f,1f],start_interpolation:0}
execute if entity @s[tag=aj.louvert.locator_origin.locator2] at @s on origin run tp @s ^1.08908 ^1.00532 ^-0.09281 ~-63.86928 ~-0.49309
execute if entity @s[tag=aj.louvert.bone.sword_1] run data modify entity @s {} merge value {transformation:[-0.43346922567357205f,0.07832237662651531f,-0.8977583392614787f,0.3032406936520241f,0.19503427230198286f,0.9807586713214753f,-0.008605884926608964f,1.0233046356065518f,0.8798102426214356f,-0.17882403067627228f,-0.4404042495606755f,-0.4839703760399581f,0f,0f,0f,1f],start_interpolation:0}
execute if entity @s[tag=aj.louvert.bone.left_arm_1] run data modify entity @s {} merge value {transformation:[-0.623942403306837f,0.04230404640486677f,-0.7803244485555116f,0.07085387393427331f,0.7370171222246932f,0.3638316346974554f,-0.5695895918475062f,1.2973794926743905f,0.25981077518709605f,-0.9305035783118472f,-0.25818879109196025f,-0.37617597544966974f,0f,0f,0f,1f],start_interpolation:0}
execute if entity @s[tag=aj.louvert.bone.left_arm_0] run data modify entity @s {} merge value {transformation:[-0.19312993901851952f,0.04230404640486677f,-0.980260778728027f,0.010500767990985961f,0.9167493757998354f,0.3638316346974554f,-0.1649155043165722f,1.583863672611839f,0.34967328840692824f,-0.9305035783118472f,-0.1090489895575967f,-0.2669030728225047f,0f,0f,0f,1f],start_interpolation:0}
execute if entity @s[tag=aj.louvert.bone.wing_0] run data modify entity @s {} merge value {transformation:[-0.5081521093604059f,0.009650975983020725f,-0.8612132676725001f,-0.5035517977456069f,0.05962707608763312f,0.9979321822722664f,-0.02399940379575164f,1.2612690356465541f,0.8592008179406078f,-0.06354697670139065f,-0.5076768028995448f,-0.0015667523048229128f,0f,0f,0f,1f],start_interpolation:0}
execute if entity @s[tag=aj.louvert.bone.wing_1] run data modify entity @s {} merge value {transformation:[0.4337584759746982f,0.009650975983020725f,-0.9009774931610014f,-0.25378591272984385f,0.053081803525829745f,0.9979321822722664f,0.036244747478181384f,1.2595334295077967f,0.8994642331157766f,-0.06354697670139065f,0.43234925129755974f,0.009109874204693776f,0f,0f,0f,1f],start_interpolation:0}
execute if entity @s[tag=aj.louvert.bone.body_0] run data modify entity @s {} merge value {transformation:[-0.042177026676342044f,0.009650975983020725f,-0.9990635400630523f,-0.004232412669912971f,0.06389962696768775f,0.9979321822722664f,0.006942424555029712f,1.455433125f,0.9970646599364221f,-0.06354697670139065f,-0.04270650603806675f,0.010505227204423527f,0f,0f,0f,1f],start_interpolation:0}