execute if entity @s[tag=aj.louvert.bone.head] run data modify entity @s {} merge value {transformation:[-0.9984438064604979f,0.022015906737220696f,0.05123734176564648f,-0.0012464618370886657f,0.019217668390681113f,0.9983299463495661f,-0.0544793487782167f,1.45612542378935f,-0.05235118491779803f,-0.05340990612433957f,-0.9971994461317614f,-0.0012872643738160213f,0f,0f,0f,1f],start_interpolation:0}
execute if entity @s[tag=aj.louvert.bone.coat_0] run data modify entity @s {} merge value {transformation:[-0.9612225564058183f,0.22480320795010453f,-0.15973326125765236f,-0.23271464224002544f,0.2698817229641248f,0.8859129966261262f,-0.37725590521399743f,0.652138482353678f,0.05670143443140353f,-0.40573597339188355f,-0.9122298324595408f,0.23788034652283246f,0f,0f,0f,1f],start_interpolation:0}
execute if entity @s[tag=aj.louvert.bone.coat_1] run data modify entity @s {} merge value {transformation:[-0.9032347086352549f,-0.3983118707301862f,-0.15973326125765236f,0.2604191692836311f,-0.3170112127427263f,0.870161980884337f,-0.37725590521399743f,0.6412882779094428f,0.28925931637887126f,-0.2901133927602552f,-0.9122298324595408f,0.1560187743679498f,0f,0f,0f,1f],start_interpolation:0}
execute if entity @s[tag=aj.louvert.bone.coat_2] run data modify entity @s {} merge value {transformation:[-0.9862676230473131f,0.015193316654232958f,-0.16445467113355963f,-0.006114394135403706f,0.02170040888847056f,0.9990480237546852f,-0.03784360561483652f,0.5995563919798107f,0.1637231443097653f,-0.04089265656450192f,-0.9856584208824177f,0.08292083138794855f,0f,0f,0f,1f],start_interpolation:0}
execute if entity @s[tag=aj.louvert.bone.right_leg_1] run data modify entity @s {} merge value {transformation:[-0.9907836202215716f,0.13083050513974628f,0.03508841440582853f,-0.12397394312802244f,0.13434836672728545f,0.9161203884375191f,0.3777220542234726f,0.5035880646630135f,0.01727235532135525f,0.37895489548753414f,-0.9252539396985483f,0.5175683985906538f,0f,0f,0f,1f],start_interpolation:0}
execute if entity @s[tag=aj.louvert.bone.right_leg_0] run data modify entity @s {} merge value {transformation:[-0.9907836202215716f,0.06676925106991988f,-0.11785450781450124f,-0.10943118935911131f,0.13434836672728545f,0.5953454936491517f,-0.7921579763843565f,0.6494259312426192f,0.01727235532135525f,-0.8006907082658135f,-0.598828903309153f,0.21741495348411183f,0f,0f,0f,1f],start_interpolation:0}
execute if entity @s[tag=aj.louvert.bone.left_leg_1] run data modify entity @s {} merge value {transformation:[-0.9456395274195063f,-0.21294626631751515f,-0.24580433650211017f,0.252220805650734f,-0.20671194045392047f,0.977060991485196f,-0.05120539611936187f,0.2772607581318737f,0.25106982665304f,0.0023888447826976855f,-0.9679660301710058f,0.30799920509202494f,0f,0f,0f,1f],start_interpolation:0}
execute if entity @s[tag=aj.louvert.bone.left_leg_0] run data modify entity @s {} merge value {transformation:[-0.9456395274195063f,-0.28328637353358044f,-0.15973326125765236f,0.13713571640271696f,-0.20671194045392047f,0.9027447898796992f,-0.37725590521399743f,0.6440008290205015f,0.25106982665304f,-0.32372932353318024f,-0.9122298324595408f,0.1764841674066705f,0f,0f,0f,1f],start_interpolation:0}
execute if entity @s[tag=aj.louvert.bone.body_1] run data modify entity @s {} merge value {transformation:[-0.9862676230473131f,-0.04196976264642942f,-0.15973326125765236f,0.000736712694793645f,0.02170040888847056f,0.9258547803166761f,-0.37725590521399743f,0.9360429989805217f,0.1637231443097653f,-0.37554156199835165f,-0.9122298324595408f,0.07959282232090627f,0f,0f,0f,1f],start_interpolation:0}
execute if entity @s[tag=aj.louvert.locator_origin.locator] at @s on origin run tp @s ^-0.94419 ^2.77924 ^0.18662 ~58.64658 ~-76.35794
execute if entity @s[tag=aj.louvert.bone.sword_0] run data modify entity @s {} merge value {transformation:[-0.14420698837717597f,0.9688325608952733f,0.2014145313831444f,-0.7422017051400768f,0.09450227552350073f,0.21609527387507818f,-0.9717881212125076f,1.9320174381649546f,-0.9850247024435812f,-0.12110450676156315f,-0.12271933025392989f,0.07577143179641668f,0f,0f,0f,1f],start_interpolation:0}
execute if entity @s[tag=aj.louvert.bone.right_arm_1] run data modify entity @s {} merge value {transformation:[-0.6642371268280813f,0.7290932387204501f,-0.16496086989131725f,-0.5002780357451192f,0.7458666629662558f,0.6611046283786716f,-0.08138544963247657f,1.6456427535072533f,0.049718813529259276f,-0.17709805077533525f,-0.9829365798426771f,0.06153162043574255f,0f,0f,0f,1f],start_interpolation:0}
execute if entity @s[tag=aj.louvert.bone.right_arm_0] run data modify entity @s {} merge value {transformation:[-0.6642371268280813f,0.7290932387204501f,-0.16496086989131725f,-0.29441991761578135f,0.7458666629662558f,0.6611046283786716f,-0.08138544963247657f,1.4158593059665032f,0.049718813529259276f,-0.17709805077533525f,-0.9829365798426771f,0.05124839810659394f,0f,0f,0f,1f],start_interpolation:0}
execute if entity @s[tag=aj.louvert.locator_origin.locator2] at @s on origin run tp @s ^0.52047 ^1.2903 ^0.90003 ~2.97035 ~-29.49725
execute if entity @s[tag=aj.louvert.bone.sword_1] run data modify entity @s {} merge value {transformation:[-0.9708958787551699f,0.2352168679829642f,0.045102301853795074f,0.566182101547052f,0.1832644118729983f,0.8508667723335313f,-0.49238185494549125f,0.8803374950710267f,-0.15419256777507193f,-0.46978586691704916f,-0.8692099236018457f,0.12496998733921634f,0f,0f,0f,1f],start_interpolation:0}
execute if entity @s[tag=aj.louvert.bone.left_arm_1] run data modify entity @s {} merge value {transformation:[-0.4438932665133478f,0.8949438810962389f,0.045102301853795074f,0.3902821447557617f,0.7696018560291363f,0.4065379344131934f,-0.49238185494549125f,1.165985683229886f,-0.4589899248792055f,-0.18385417474578844f,-0.8692099236018457f,-0.042972299939150124f,0f,0f,0f,1f],start_interpolation:0}
execute if entity @s[tag=aj.louvert.bone.left_arm_0] run data modify entity @s {} merge value {transformation:[-0.41456406150690484f,0.8949438810962389f,-0.16496086989131725f,0.2607308755348539f,0.9100018222350843f,0.4065379344131934f,-0.08138544963247657f,1.4503612526783498f,-0.005772558854231391f,-0.18385417474578844f,-0.9829365798426771f,-0.04477622458109743f,0f,0f,0f,1f],start_interpolation:0}
execute if entity @s[tag=aj.louvert.bone.wing_0] run data modify entity @s {} merge value {transformation:[-0.9917184749001933f,0.008005443979127783f,0.12818104153240348f,-0.08647876815057248f,-0.0028369139596793255f,0.9964464365143733f,-0.0841810612726673f,1.0729042364212957f,-0.1283994488337862f,-0.08384755228689886f,-0.9881716295839886f,-0.4639329581965331f,0f,0f,0f,1f],start_interpolation:0}
execute if entity @s[tag=aj.louvert.bone.wing_1] run data modify entity @s {} merge value {transformation:[-0.8960299065330326f,0.008005443979127783f,-0.4439215239939396f,-0.04523855067774315f,0.04437220397465361f,0.9964464365143733f,-0.07159334237370768f,1.093250598829415f,0.4417708841841398f,-0.08384755228689886f,-0.8932010265682968f,-0.21819881323586382f,0f,0f,0f,1f],start_interpolation:0}
execute if entity @s[tag=aj.louvert.bone.body_0] run data modify entity @s {} merge value {transformation:[-0.9862676230473131f,0.008005443979127783f,-0.16496086989131725f,-0.006078750000000001f,0.02170040888847056f,0.9964464365143733f,-0.08138544963247657f,1.310620625f,0.1637231443097653f,-0.08384755228689886f,-0.9829365798426771f,0.00955625f,0f,0f,0f,1f],start_interpolation:0}