execute if entity @s[tag=aj.louvert.bone.head] run data modify entity @s {} merge value {transformation:[-0.966776412169828f,0.023595051135683248f,-0.25453220313732255f,-0.00034747157081492855f,0.09620677982435621f,0.9561032112522186f,-0.2767867499520584f,1.5959761384753361f,0.23682825926789774f,-0.29207862468023904f,-0.9266080361280263f,-0.0018919319758502542f,0f,0f,0f,1f],start_interpolation:0}
execute if entity @s[tag=aj.louvert.bone.coat_0] run data modify entity @s {} merge value {transformation:[-0.4163711332771617f,-0.6052165880854571f,-0.678489469984384f,0.21937252424716f,0.2646126781131363f,0.6332828047450303f,-0.727277814728362f,0.9552382732332942f,0.8698363121618262f,-0.482354403649916f,-0.10353269688484007f,0.34382777738155734f,0f,0f,0f,1f],start_interpolation:0}
execute if entity @s[tag=aj.louvert.bone.coat_1] run data modify entity @s {} merge value {transformation:[0.07006693107597262f,-0.7312610096879941f,-0.678489469984384f,0.32692655905475626f,-0.20436126867024643f,0.6552125243548278f,-0.727277814728362f,0.9242713810401845f,0.9763847074985773f,0.18961509338306798f,-0.10353269688484007f,-0.14348442355794994f,0f,0f,0f,1f],start_interpolation:0}
execute if entity @s[tag=aj.louvert.bone.coat_2] run data modify entity @s {} merge value {transformation:[-0.21510806961519258f,-0.4279929292797353f,-0.8778100995505673f,0.18833835790291015f,0.06193378438621969f,0.8910640811739469f,-0.4496320824776976f,0.848845100295694f,0.9746244018790146f,-0.15108559073644745f,-0.16516785260392525f,0.08723008980119867f,0f,0f,0f,1f],start_interpolation:0}
execute if entity @s[tag=aj.louvert.bone.right_leg_1] run data modify entity @s {} merge value {transformation:[-0.4150872734174926f,-0.31027666835119305f,-0.8552373615106602f,0.5359548044264485f,0.10994094873521636f,0.9160508593814518f,-0.3856991195448911f,0.7282311975562689f,0.903114357785343f,-0.2541244028097016f,-0.34612894224346547f,0.38184043544339985f,0f,0f,0f,1f],start_interpolation:0}
execute if entity @s[tag=aj.louvert.bone.right_leg_0] run data modify entity @s {} merge value {transformation:[-0.4150872734174926f,-0.7212033873059667f,-0.5545883424534199f,0.24626103294905907f,0.10994094873521636f,0.5653534728606743f,-0.8174891060531482f,0.9474965501850168f,0.903114357785343f,-0.40030129260692476f,-0.155381246935378f,0.22199972714668048f,0f,0f,0f,1f],start_interpolation:0}
execute if entity @s[tag=aj.louvert.bone.left_leg_1] run data modify entity @s {} merge value {transformation:[-0.02598121634605813f,-0.03629359175245067f,-0.9990033791709043f,0.6470311091837422f,-0.117090533788025f,0.9925723310049435f,-0.03301476367699796f,0.8893959287956359f,0.9927813371001768f,0.11611607520545585f,-0.030037872502329768f,-0.017601871311332864f,0f,0f,0f,1f],start_interpolation:0}
execute if entity @s[tag=aj.louvert.bone.left_leg_0] run data modify entity @s {} merge value {transformation:[-0.02598121634605813f,-0.9539597956945682f,-0.2988071026524586f,0.3000380503528572f,-0.117090533788025f,0.2997545493783752f,-0.9468035789033555f,0.9320131040884618f,0.9927813371001768f,0.010388374528519366f,-0.119487649488307f,-0.021656373323073144f,0f,0f,0f,1f],start_interpolation:0}
execute if entity @s[tag=aj.louvert.bone.body_1] run data modify entity @s {} merge value {transformation:[-0.21510806961519258f,-0.702410533453717f,-0.678489469984384f,0.053646249946671574f,0.06193378438621969f,0.6835431124336926f,-0.727277814728362f,1.1533620497722683f,0.9746244018790146f,-0.1984647473425069f,-0.10353269688484007f,0.03815144336727026f,0f,0f,0f,1f],start_interpolation:0}
execute if entity @s[tag=aj.louvert.locator_origin.locator] at @s on origin run tp @s ^0.89431 ^1.72019 ^-0.57996 ~-146.25589 ~-7.26556
execute if entity @s[tag=aj.louvert.bone.sword_0] run data modify entity @s {} merge value {transformation:[-0.10728252653845546f,-0.8275641634223506f,-0.5510245138998735f,0.3891815588806731f,0.990982741298863f,-0.04425991801842415f,-0.12646843916485104f,1.6080525588514178f,0.08027244824544028f,-0.5596236369883498f,0.8248501190983821f,0.12935737587606747f,0f,0f,0f,1f],start_interpolation:0}
execute if entity @s[tag=aj.louvert.bone.right_arm_1] run data modify entity @s {} merge value {transformation:[0.5810787541060243f,-0.01663877120460252f,0.8136772288932461f,0.169331229457707f,0.10024154652280517f,0.993641418119846f,-0.05126757793672124f,1.5602448604562777f,-0.8076503661098082f,0.11135476410815301f,0.5790518134270116f,0.4295582264422825f,0f,0f,0f,1f],start_interpolation:0}
execute if entity @s[tag=aj.louvert.bone.right_arm_0] run data modify entity @s {} merge value {transformation:[0.9589340316536734f,-0.01663877120460252f,-0.28314073219731783f,-0.06510120989763021f,-0.015679380557639212f,0.993641418119846f,-0.11149389769000916f,1.571965126855585f,0.2831954801224078f,0.11135476410815301f,0.9525756854700087f,0.2899466887444345f,0f,0f,0f,1f],start_interpolation:0}
execute if entity @s[tag=aj.louvert.locator_origin.locator2] at @s on origin run tp @s ^1.08559 ^0.99286 ^0.09385 ~-53.98486 ~-0.06624
execute if entity @s[tag=aj.louvert.bone.sword_1] run data modify entity @s {} merge value {transformation:[-0.5767647921835908f,0.11439421786762743f,-0.8088611360523343f,0.37870646633413724f,0.1961076815689116f,0.9805816848394521f,-0.0011561085970004936f,1.0173839978699277f,0.7930221634526275f,-0.15929068483711004f,-0.5879985765263711f,-0.42633321428756715f,0f,0f,0f,1f],start_interpolation:0}
execute if entity @s[tag=aj.louvert.bone.left_arm_1] run data modify entity @s {} merge value {transformation:[-0.6543555883871831f,0.2038434310721988f,-0.728194080966865f,0.13309619960751148f,0.7408693564517157f,0.3656628067350729f,-0.5633855770619705f,1.2928682101016735f,0.15143104244930808f,-0.9081511809051083f,-0.39029485264780694f,-0.35907000187962107f,0f,0f,0f,1f],start_interpolation:0}
execute if entity @s[tag=aj.louvert.bone.left_arm_0] run data modify entity @s {} merge value {transformation:[-0.24417788859773087f,0.2038434310721988f,-0.9480638239742448f,0.056790609420720596f,0.9173016540674335f,0.3656628067350729f,-0.15763371218041994f,1.5795249769977464f,0.31453908209490417f,-0.9081511809051083f,-0.27627268858059895f,-0.26077653872496354f,0f,0f,0f,1f],start_interpolation:0}
execute if entity @s[tag=aj.louvert.bone.wing_0] run data modify entity @s {} merge value {transformation:[-0.6447687538222112f,0.021033905371041575f,-0.7640882337265735f,-0.49575973128767237f,0.058474517364916115f,0.9980493414261109f,-0.021868765348014164f,1.2568247312837357f,0.7621377729213354f,-0.058779987272442054f,-0.6447409775892631f,-0.08968189963841587f,0f,0f,0f,1f],start_interpolation:0}
execute if entity @s[tag=aj.louvert.bone.wing_1] run data modify entity @s {} merge value {transformation:[0.2639781759148082f,0.021033905371041575f,-0.9642992779555177f,-0.25166880391489144f,0.05116247389538488f,0.9980493414261109f,0.035775876562433f,1.254860704321923f,0.963170765703359f,-0.058779987272442054f,0.2623870979881765f,-0.03568410549468209f,0f,0f,0f,1f],start_interpolation:0}
execute if entity @s[tag=aj.louvert.bone.body_0] run data modify entity @s {} merge value {transformation:[-0.21510806961519258f,0.021033905371041575f,-0.9763637094911238f,-0.006078750000000001f,0.06193378438621969f,0.9980493414261109f,0.007856107847250583f,1.4505503125f,0.9746244018790146f,-0.058779987272442054f,-0.21599117657493516f,0.00955625f,0f,0f,0f,1f],start_interpolation:0}