execute if entity @s[tag=aj.louvert.bone.head] run data modify entity @s {} merge value {transformation:[-0.9974839166891094f,0.021253437539093378f,0.06763229509136649f,0.0013349910392396703f,0.015308279725427837f,0.9960698208339941f,-0.08723857286534939f,1.510661489198649f,-0.06922060761364257f,-0.08598373925636565f,-0.9938889797482873f,0.0012023883642201527f,0f,0f,0f,1f],start_interpolation:0}
execute if entity @s[tag=aj.louvert.bone.coat_0] run data modify entity @s {} merge value {transformation:[-0.9406781172251275f,0.3390963747139621f,-0.01176131071086458f,-0.2707847986548369f,0.31948492215268176f,0.8735372090498806f,-0.36723579471837986f,0.7062322427587228f,-0.11425438412106628f,-0.3492082373902331f,-0.9300535160128811f,0.19098667161519758f,0f,0f,0f,1f],start_interpolation:0}
execute if entity @s[tag=aj.louvert.bone.coat_1] run data modify entity @s {} merge value {transformation:[-0.9298214070339206f,-0.3678230859962744f,-0.01176131071086458f,0.22902176778171404f,-0.3381258661099431f,0.8664922213989927f,-0.36723579471837986f,0.6923509023434831f,0.14526888754602965f,-0.33748689998756476f,-0.9300535160128811f,0.1901473056748478f,0f,0f,0f,1f],start_interpolation:0}
execute if entity @s[tag=aj.louvert.bone.coat_2] run data modify entity @s {} merge value {transformation:[-0.9996131328731019f,0.027706889075604403f,-0.0024316425260495402f,-0.02235167927541951f,0.02776268083047929f,0.9992469103438095f,-0.027108037949211627f,0.6533870982113055f,0.001678731880699535f,-0.027165059655799018f,-0.9996295520807544f,0.07431029914341256f,0f,0f,0f,1f],start_interpolation:0}
execute if entity @s[tag=aj.louvert.bone.right_leg_1] run data modify entity @s {} merge value {transformation:[-0.9688106289988516f,0.08821457291404713f,0.23156889744618497f,-0.22580749739282513f,0.17068257773033926f,0.915024840419078f,0.3655092325446345f,0.5498261822766572f,-0.17964805258665112f,0.3936340058247424f,-0.9015424818943312f,0.4767611555993023f,0f,0f,0f,1f],start_interpolation:0}
execute if entity @s[tag=aj.louvert.bone.right_leg_0] run data modify entity @s {} merge value {transformation:[-0.9688106289988516f,0.24715103983129472f,-0.017953513560282287f,-0.14583315704569919f,0.17068257773033926f,0.6130244604514172f,-0.7714068113178516f,0.7027619076549128f,-0.17964805258665112f,-0.7504114700606317f,-0.6360889896887584f,0.19077683013011015f,0f,0f,0f,1f],start_interpolation:0}
execute if entity @s[tag=aj.louvert.bone.left_leg_1] run data modify entity @s {} merge value {transformation:[-0.9706191037581878f,-0.2199301550363621f,-0.09761804303167587f,0.2017056407777611f,-0.21936115670857248f,0.9755015178073394f,-0.016657481293832765f,0.32861560541246565f,0.09889003158624993f,0.00524553727076682f,-0.9950845421327836f,0.33411525159124655f,0f,0f,0f,1f],start_interpolation:0}
execute if entity @s[tag=aj.louvert.bone.left_leg_0] run data modify entity @s {} merge value {transformation:[-0.9706191037581878f,-0.24033357441276257f,-0.01176131071086458f,0.1040701261725763f,-0.21936115670857248f,0.9038907865472672f,-0.36723579471837986f,0.695821237447293f,0.09889003158624993f,-0.3538661032155355f,-0.9300535160128811f,0.19035714715993524f,0f,0f,0f,1f],start_interpolation:0}
execute if entity @s[tag=aj.louvert.bone.body_1] run data modify entity @s {} merge value {transformation:[-0.9996131328731019f,0.025204288484002902f,-0.01176131071086458f,-0.01300517528531053f,0.02776268083047929f,0.9297134529685289f,-0.36723579471837986f,0.9898270266037682f,0.001678731880699535f,-0.36742024877699686f,-0.9300535160128811f,0.07574816090221118f,0f,0f,0f,1f],start_interpolation:0}
execute if entity @s[tag=aj.louvert.locator_origin.locator] at @s on origin run tp @s ^-0.30217 ^3.00752 ^-0.09499 ~-105.43324 ~-80.47066
execute if entity @s[tag=aj.louvert.bone.sword_0] run data modify entity @s {} merge value {transformation:[0.013442665466241935f,0.9870929890679477f,-0.1595829742737833f,-0.4165196478860437f,-0.04679480752592945f,-0.15880148801805996f,-0.9862009599426786f,2.1378908969045454f,-0.9988140671485227f,0.020724824152553143f,0.044056111154660765f,-0.05578632150563558f,0f,0f,0f,1f],start_interpolation:0}
execute if entity @s[tag=aj.louvert.bone.right_arm_1] run data modify entity @s {} merge value {transformation:[-0.19144291610324923f,0.9814970074644891f,-0.0036378856684497925f,-0.3549432115684691f,0.9790987683863356f,0.19071320342807271f,-0.07066877515963521f,1.7689262711500162f,-0.06866739851082766f,-0.017090885771514918f,-0.9974932029870179f,-0.027260167082824742f,0f,0f,0f,1f],start_interpolation:0}
execute if entity @s[tag=aj.louvert.bone.right_arm_0] run data modify entity @s {} merge value {transformation:[-0.19144291610324923f,0.9814970074644891f,-0.0036378856684497925f,-0.2967177101964908f,0.9790987683863356f,0.19071320342807271f,-0.07066877515963521f,1.472163843850254f,-0.06866739851082766f,-0.017090885771514918f,-0.9974932029870179f,0.005016813447193706f,0f,0f,0f,1f],start_interpolation:0}
execute if entity @s[tag=aj.louvert.locator_origin.locator2] at @s on origin run tp @s ^0.36264 ^1.32975 ^0.97361 ~11.36424 ~-29.26927
execute if entity @s[tag=aj.louvert.bone.sword_1] run data modify entity @s {} merge value {transformation:[-0.9261225100807505f,0.3357845605350073f,0.17188899100303695f,0.5222353814718618f,0.21571576495338374f,0.8452391607416544f,-0.4889145834389889f,0.9226833098818972f,-0.3094572750353538f,-0.4157156360483155f,-0.8552290364999529f,0.21223374394838573f,0f,0f,0f,1f],start_interpolation:0}
execute if entity @s[tag=aj.louvert.bone.left_arm_1] run data modify entity @s {} merge value {transformation:[-0.338074177848713f,0.9252891575307012f,0.17188899100303695f,0.38537127989479825f,0.7861501831187819f,0.3780613967108854f,-0.4889145834389889f,1.2148247271578216f,-0.5173719550325687f,-0.030158834081242016f,-0.8552290364999529f,0.02076075873787708f,0f,0f,0f,1f],start_interpolation:0}
execute if entity @s[tag=aj.louvert.bone.left_arm_0] run data modify entity @s {} merge value {transformation:[-0.3792449613956508f,0.9252891575307012f,-0.0036378856684497925f,0.26685722945865736f,0.9230793598247398f,0.3780613967108854f,-0.07066877515963521f,1.503287027103053f,-0.06401370729429677f,-0.030158834081242016f,-0.9974932029870179f,0.0007564752084093379f,0f,0f,0f,1f],start_interpolation:0}
execute if entity @s[tag=aj.louvert.bone.wing_0] run data modify entity @s {} merge value {transformation:[-0.9207231754619134f,0.0275744514992706f,0.389240907140867f,-0.009962669497859494f,-0.002222388055402043f,0.9971134126921279f,-0.07589402625232994f,1.1325693660059124f,-0.3902100654245888f,-0.07074243319233875f,-0.9180041464979152f,-0.4732265017194224f,0f,0f,0f,1f],start_interpolation:0}
execute if entity @s[tag=aj.louvert.bone.wing_1] run data modify entity @s {} merge value {transformation:[-0.9178657004712325f,0.0275744514992706f,-0.3959320718544638f,-0.009053198080747046f,0.05328629914497506f,0.9971134126921279f,-0.05408708305030294f,1.1502365597958213f,0.39329775771276154f,-0.07074243319233875f,-0.9166855414612698f,-0.22385320097266787f,0f,0f,0f,1f],start_interpolation:0}
execute if entity @s[tag=aj.louvert.bone.body_0] run data modify entity @s {} merge value {transformation:[-0.9996131328731019f,0.0275744514992706f,-0.0036378856684497925f,-0.006078750000000001f,0.02776268083047929f,0.9971134126921279f,-0.07066877515963521f,1.36510109375f,0.001678731880699535f,-0.07074243319233875f,-0.9974932029870179f,0.00955625f,0f,0f,0f,1f],start_interpolation:0}