execute if entity @s[tag=aj.louvert.bone.head] run data modify entity @s {} merge value {transformation:[-0.8656671447031258f,0.006066324979853769f,-0.5005832540974338f,-0.0011453641059398188f,0.10370272431380705f,0.9804106184303385f,-0.16745376746713f,1.54145928701641f,0.4897613087529798f,-0.19687107194882622f,-0.8493383551202008f,-0.003908480361089378f,0f,0f,0f,1f],start_interpolation:0}
execute if entity @s[tag=aj.louvert.bone.coat_0] run data modify entity @s {} merge value {transformation:[-0.1760184554804302f,-0.5262621026913337f,-0.8319048639124426f,0.22210417232677512f,0.3240006880567315f,0.7670392676411996f,-0.5537818307196587f,0.8226870477717861f,0.9295380882293356f,-0.36701357082177244f,0.03549621618713009f,0.305522284894891f,0f,0f,0f,1f],start_interpolation:0}
execute if entity @s[tag=aj.louvert.bone.coat_1] run data modify entity @s {} merge value {transformation:[0.2034367993504056f,-0.5162826416497874f,-0.8319048639124426f,0.22691503147558065f,-0.24484441073021565f,0.795849796443372f,-0.5537818307196587f,0.783511151758499f,0.9479792630665694f,0.31634685936825774f,0.03549621618713009f,-0.19291738528175773f,0f,0f,0f,1f],start_interpolation:0}
execute if entity @s[tag=aj.louvert.bone.coat_2] run data modify entity @s {} merge value {transformation:[-0.009621718297611104f,-0.23684600126919053f,-0.9714995595571805f,0.12052149391212257f,0.07835179202657445f,0.9683789369540499f,-0.23686120651125758f,0.7338763709251852f,0.9968793403532975f,-0.07839774324901652f,0.009239839297057396f,0.06073947682995791f,0f,0f,0f,1f],start_interpolation:0}
execute if entity @s[tag=aj.louvert.bone.right_leg_1] run data modify entity @s {} merge value {transformation:[-0.20340066094968307f,-0.13791026551106367f,-0.9693342714419521f,0.4808163763495492f,0.17200066743508532f,0.9696008661118058f,-0.17404002653734912f,0.5296331906886012f,0.9638692554112913f,-0.2021259980851151f,-0.17349679931047374f,0.28580054455014775f,0f,0f,0f,1f],start_interpolation:0}
execute if entity @s[tag=aj.louvert.bone.right_leg_0] run data modify entity @s {} merge value {transformation:[-0.20340066094968307f,-0.6371352626247295f,-0.7434291010213071f,0.2233068871139765f,0.17200066743508532f,0.7242414382362736f,-0.6677500352252623f,0.8128930737684643f,0.9638692554112913f,-0.2636911000803228f,-0.0377234968065253f,0.18091236735072885f,0f,0f,0f,1f],start_interpolation:0}
execute if entity @s[tag=aj.louvert.bone.left_leg_1] run data modify entity @s {} merge value {transformation:[0.13430796200643844f,0.2075254182707339f,-0.9689657228783862f,0.5472093331974726f,-0.1388704893457145f,0.9721174135403448f,0.18895163794080194f,0.6710329514139238f,0.9811607200303928f,0.10918303468573792f,0.15938226503050465f,-0.12962219888753398f,0f,0f,0f,1f],start_interpolation:0}
execute if entity @s[tag=aj.louvert.bone.left_leg_0] run data modify entity @s {} merge value {transformation:[0.13430796200643844f,-0.8395520662826271f,-0.5264158995910437f,0.22571231668837927f,-0.1388704893457145f,0.5100401969668295f,-0.8488662937512123f,0.7933051257618207f,0.9811607200303928f,0.1871131355052567f,-0.048086546879896865f,-0.06830746773759554f,0f,0f,0f,1f],start_interpolation:0}
execute if entity @s[tag=aj.louvert.bone.body_1] run data modify entity @s {} merge value {transformation:[-0.009621718297611104f,-0.5548348582558791f,-0.8319048639124426f,0.05112370869621566f,0.07835179202657445f,0.828967237380952f,-0.5537818307196587f,1.06215136144669f,0.9968793403532975f,-0.07050956965668338f,0.03549621618713009f,0.03426820928885309f,0f,0f,0f,1f],start_interpolation:0}
execute if entity @s[tag=aj.louvert.locator_origin.locator] at @s on origin run tp @s ^1.37939 ^1.41069 ^0.43196 ~-100.25436 ~4.90402
execute if entity @s[tag=aj.louvert.bone.sword_0] run data modify entity @s {} merge value {transformation:[0.18175575164347818f,-0.07570872071491125f,-0.9804249264233468f,0.5169957222464584f,0.7393354452725865f,0.6678885311559064f,0.08548689556880883f,1.503103667592788f,0.6483424605161229f,-0.7404006344933243f,0.17736672273507725f,0.5683387574650516f,0f,0f,0f,1f],start_interpolation:0}
execute if entity @s[tag=aj.louvert.bone.right_arm_1] run data modify entity @s {} merge value {transformation:[0.9933297565823399f,-0.0017700432914815405f,-0.11529467305480684f,0.14481577241193f,-0.009311311946875178f,0.9953855156850305f,-0.09550379382136497f,1.4964753307721983f,0.11493169344396037f,0.09594030493589276f,0.988729570575752f,0.5216649516842191f,0f,0f,0f,1f],start_interpolation:0}
execute if entity @s[tag=aj.louvert.bone.right_arm_0] run data modify entity @s {} merge value {transformation:[0.7083323781483503f,-0.0017700432914815405f,-0.7058768370002292f,-0.003997087638400223f,-0.06647425382569239f,0.9953855156850305f,-0.06920150824052342f,1.5179890968309686f,0.7027420690730128f,0.09594030493589276f,0.7049461271925593f,0.2957130293733647f,0f,0f,0f,1f],start_interpolation:0}
execute if entity @s[tag=aj.louvert.locator_origin.locator2] at @s on origin run tp @s ^1.04614 ^0.86979 ^-0.15348 ~-67.41462 ~2.85155
execute if entity @s[tag=aj.louvert.bone.sword_1] run data modify entity @s {} merge value {transformation:[-0.36260364430167685f,0.1346489147564231f,-0.9221649889765171f,0.24035096735042222f,0.23403448479828606f,0.9709546623986189f,0.04974840189981189f,0.9387357469858832f,0.9020789638741963f,-0.1977794562670801f,-0.3835841884311114f,-0.495261183799802f,0f,0f,0f,1f],start_interpolation:0}
execute if entity @s[tag=aj.louvert.bone.left_arm_1] run data modify entity @s {} merge value {transformation:[-0.5537695127224797f,0.00867764652720296f,-0.8326247805763746f,0.034765473283237876f,0.7815738933788935f,0.3503080432612134f,-0.5161652100006916f,1.2295211296736173f,0.2871960584124814f,-0.9365943483052034f,-0.20077213640115937f,-0.37728338971037995f,0f,0f,0f,1f],start_interpolation:0}
execute if entity @s[tag=aj.louvert.bone.left_arm_0] run data modify entity @s {} merge value {transformation:[-0.10673621909239918f,0.00867764652720296f,-0.9942495048953295f,0.001410404816863131f,0.9316030802743483f,0.3503080432612134f,-0.09695347157191493f,1.5206470922593511f,0.3474522706174268f,-0.9365943483052034f,-0.04547467828963288f,-0.2687045551424341f,0f,0f,0f,1f],start_interpolation:0}
execute if entity @s[tag=aj.louvert.bone.wing_0] run data modify entity @s {} merge value {transformation:[-0.4057878142376972f,-0.00010078052571503571f,-0.9139673077629622f,-0.5010875733594928f,0.07157440559299742f,0.9969254067910521f,-0.03188789360406592f,1.198338983886271f,0.9111604437639954f,-0.07835638543080434f,-0.4045329684735449f,0.018234407584207735f,0f,0f,0f,1f],start_interpolation:0}
execute if entity @s[tag=aj.louvert.bone.wing_1] run data modify entity @s {} merge value {transformation:[0.38812562273699563f,-0.00010078052571503571f,-0.9216064728604636f,-0.2510991470798591f,0.07225274797686816f,0.9969254067910521f,0.03031952678203114f,1.1985525811591284f,0.9187698522398361f,-0.07835638543080434f,0.3869395760030353f,0.020630467357478675f,0f,0f,0f,1f],start_interpolation:0}
execute if entity @s[tag=aj.louvert.bone.body_0] run data modify entity @s {} merge value {transformation:[-0.009621718297611104f,-0.00010078052571503571f,-0.9999537051185352f,-0.0031437474334217066f,0.07835179202657445f,0.9969254067910521f,-0.0008543890914294999f,1.3962357853498544f,0.9968793403532975f,-0.07835638543080434f,-0.009584239093083757f,0.010880715403862672f,0f,0f,0f,1f],start_interpolation:0}