execute if entity @s[tag=aj.louvert.bone.head] run data modify entity @s {} merge value {transformation:[-0.9083611850748486f,0.07791675430668499f,-0.41086364751305054f,-0.0007720987284607589f,0.1036684412405399f,0.9937774018439607f,-0.04073487295946732f,1.4802349311300496f,0.4051330790495553f,-0.0795955713754157f,-0.9107863269050802f,-0.003999360285640522f,0f,0f,0f,1f],start_interpolation:0}
execute if entity @s[tag=aj.louvert.bone.coat_0] run data modify entity @s {} merge value {transformation:[-0.2009316871771954f,-0.2899410812333505f,-0.9357139661784262f,0.11437494939324122f,0.3559242029267952f,0.8683078380349469f,-0.34548438485407984f,0.6916480772010827f,0.9126578870853257f,-0.40246200792163234f,-0.07127351065183136f,0.3226053453632898f,0f,0f,0f,1f],start_interpolation:0}
execute if entity @s[tag=aj.louvert.bone.coat_1] run data modify entity @s {} merge value {transformation:[0.03244793214730465f,-0.3512641530216292f,-0.9357139661784262f,0.16659744507420293f,-0.2854837618589472f,0.8939460618722261f,-0.34548438485407984f,0.6524752057707273f,0.9578340949320125f,0.2783413969662713f,-0.07127351065183136f,-0.17311463314146322f,0f,0f,0f,1f],start_interpolation:0}
execute if entity @s[tag=aj.louvert.bone.coat_2] run data modify entity @s {} merge value {transformation:[-0.1044449913619234f,0.0034101294361748025f,-0.9945248185925959f,0.023521951461418812f,0.07834574286071072f,0.9969146467209882f,-0.004809545588779052f,0.628876093379145f,0.9914399570095059f,-0.07841911865352533f,-0.10438991078927683f,0.06583616727943435f,0f,0f,0f,1f],start_interpolation:0}
execute if entity @s[tag=aj.louvert.bone.right_leg_1] run data modify entity @s {} merge value {transformation:[-0.2663562744218769f,0.11335381251072957f,-0.9571861095238375f,0.29902596077037064f,0.21443316921618624f,0.9751428927407869f,0.05580998725167979f,0.346533573189441f,0.9397195065635278f,-0.19038711071501813f,-0.2840422451988211f,0.3238292007798067f,0f,0f,0f,1f],start_interpolation:0}
execute if entity @s[tag=aj.louvert.bone.right_leg_0] run data modify entity @s {} merge value {transformation:[-0.2663562744218769f,-0.41869408594035096f,-0.8681875358899547f,0.12743057331348165f,0.21443316921618624f,0.8524138584749807f,-0.4768742285128207f,0.6818548593434939f,0.9397195065635278f,-0.31318664766935617f,-0.13726387982870927f,0.19867535073710152f,0f,0f,0f,1f],start_interpolation:0}
execute if entity @s[tag=aj.louvert.bone.left_leg_1] run data modify entity @s {} merge value {transformation:[-0.013678836767663516f,0.41239854939097353f,-0.9109008320804761f,0.44298708943207954f,-0.1663580331944255f,0.8973508360995056f,0.40876213345073986f,0.4686936457701252f,0.9859705341521956f,0.1571270613603482f,0.05633109595858501f,-0.0778299618431908f,0f,0f,0f,1f],start_interpolation:0}
execute if entity @s[tag=aj.louvert.bone.left_leg_0] run data modify entity @s {} merge value {transformation:[-0.013678836767663516f,-0.7149181792037684f,-0.6990743068291463f,0.1535418211539625f,-0.1663580331944255f,0.6910228220365267f,-0.7034290754698422f,0.6622684236283161f,0.9859705341521956f,0.1066745352398727f,-0.12838477057264658f,-0.049184638515274964f,0f,0f,0f,1f],start_interpolation:0}
execute if entity @s[tag=aj.louvert.bone.body_1] run data modify entity @s {} merge value {transformation:[-0.1044449913619234f,-0.336943047528876f,-0.9357139661784262f,0.03519149488094834f,0.07834574286071072f,0.9351483756054979f,-0.34548438485407984f,0.964295508862623f,0.9914399570095059f,-0.10939331937715455f,-0.07127351065183136f,0.04055994380555247f,0f,0f,0f,1f],start_interpolation:0}
execute if entity @s[tag=aj.louvert.locator_origin.locator] at @s on origin run tp @s ^0.22375 ^1.30404 ^1.76761 ~-16.52251 ~5.01105
execute if entity @s[tag=aj.louvert.bone.sword_0] run data modify entity @s {} merge value {transformation:[-0.9456132063119397f,0.15985603431069406f,-0.2833049811473687f,-0.020720061769783662f,0.14055007928358854f,0.9862129722828693f,0.08734785924317415f,1.4063797455946476f,0.2933621299040313f,0.04277875168172368f,-0.9550437891231602f,0.9305758756125301f,0f,0f,0f,1f],start_interpolation:0}
execute if entity @s[tag=aj.louvert.bone.right_arm_1] run data modify entity @s {} merge value {transformation:[0.14172006660936912f,-0.010916043002433276f,-0.989846585449182f,-0.0711734439918669f,-0.09284314965317099f,0.9953849131026299f,-0.024269823447005227f,1.4308903342193506f,0.9855432878786778f,0.09533999566204591f,0.1400525363727705f,0.559639248516298f,0f,0f,0f,1f],start_interpolation:0}
execute if entity @s[tag=aj.louvert.bone.right_arm_0] run data modify entity @s {} merge value {transformation:[0.029747013763103278f,-0.010916043002433276f,-0.9994978515121213f,-0.03212289441789785f,-0.09498021759774296f,0.9953849131026299f,-0.013697920745693738f,1.456762923781948f,0.9950346091655621f,0.09533999566204591f,0.028572920569971905f,0.2939909478297239f,0f,0f,0f,1f],start_interpolation:0}
execute if entity @s[tag=aj.louvert.locator_origin.locator2] at @s on origin run tp @s ^1.00678 ^0.72692 ^-0.08911 ~-63.52544 ~7.12567
execute if entity @s[tag=aj.louvert.bone.sword_1] run data modify entity @s {} merge value {transformation:[-0.401009689153686f,0.22418429112457355f,-0.8882187978295868f,0.23311047659682316f,0.260515339673411f,0.9574676677733411f,0.12404605178532008f,0.8607173455473681f,0.8782499570166294f,-0.18165095315371038f,-0.4423572585802533f,-0.48205458447402366f,0f,0f,0f,1f],start_interpolation:0}
execute if entity @s[tag=aj.louvert.bone.left_arm_1] run data modify entity @s {} merge value {transformation:[-0.5073569299533164f,0.09775795851502801f,-0.8561730708071351f,0.04406309117150662f,0.822777552980385f,0.35031371785424087f,-0.4475683158968572f,1.1667753894380535f,0.2561758067030438f,-0.9315168708242022f,-0.25816714630241266f,-0.375612798094964f,0f,0f,0f,1f],start_interpolation:0}
execute if entity @s[tag=aj.louvert.bone.left_arm_0] run data modify entity @s {} merge value {transformation:[-0.05469436502226072f,0.09775795851502801f,-0.9937061477025216f,0.026971102102050143f,0.9364766519827832f,0.35031371785424087f,-0.01708155069823745f,1.4594243431826732f,0.3464390375317551f,-0.9315168708242022f,-0.11070823205145033f,-0.26735059886629053f,0f,0f,0f,1f],start_interpolation:0}
execute if entity @s[tag=aj.louvert.bone.wing_0] run data modify entity @s {} merge value {transformation:[-0.4144693767074521f,0.007332029415809741f,-0.9100337230654596f,-0.5005443026211461f,0.07402239894691783f,0.9969258615439993f,-0.02568094700158298f,1.137102587541667f,0.9070478599422852f,-0.0780068454009036f,-0.4137379748641887f,-0.029533680323429526f,0f,0f,0f,1f],start_interpolation:0}
execute if entity @s[tag=aj.louvert.bone.wing_1] run data modify entity @s {} merge value {transformation:[0.2163639489723985f,0.007332029415809741f,-0.976285246702886f,-0.25191839323064574f,0.07457943153109085f,0.9969258615439993f,0.024015307144696407f,1.1373221268829834f,0.9734600916203852f,-0.0780068454009036f,0.21515199765056997f,-0.003359093751254715f,0f,0f,0f,1f],start_interpolation:0}
execute if entity @s[tag=aj.louvert.bone.body_0] run data modify entity @s {} merge value {transformation:[-0.1044449913619234f,0.007332029415809741f,-0.9945036375620017f,-0.004165257530442485f,0.07834574286071072f,0.9969258615439993f,-0.0008781573652654195f,1.335011295553936f,0.9914399570095059f,-0.0780068454009036f,-0.10469834628869923f,0.010532034244631573f,0f,0f,0f,1f],start_interpolation:0}