execute if entity @s[tag=aj.louvert.bone.head] run data modify entity @s {} merge value {transformation:[0.982665570786587f,-0.07190965653381312f,0.1708724006030823f,-0.003759667781376262f,0.11032290910150866f,0.9675636248212971f,-0.2272652363430281f,1.5920398059415952f,-0.1489873542219321f,0.2421768635106607f,0.9587247441586596f,0.009388010220753503f,0f,0f,0f,1f],start_interpolation:0}
execute if entity @s[tag=aj.louvert.bone.coat_0] run data modify entity @s {} merge value {transformation:[0.8187503836562535f,0.08764312610283834f,0.5674209122949733f,0.0690587612868638f,0.34408422463212823f,0.7162471437054355f,-0.6071211374125534f,0.8945631049547776f,-0.45962360211595404f,0.6923212488294197f,0.55627100661209f,-0.41397494901029824f,0f,0f,0f,1f],start_interpolation:0}
execute if entity @s[tag=aj.louvert.bone.coat_1] run data modify entity @s {} merge value {transformation:[0.570863266168305f,0.5934211317689954f,0.5674209122949733f,-0.3081919002225238f,-0.19681098120288404f,0.7698502206175208f,-0.6071211374125534f,0.8381734611917144f,-0.7971076269975171f,0.2349084889593371f,0.55627100661209f,-0.0907070315378025f,0f,0f,0f,1f],start_interpolation:0}
execute if entity @s[tag=aj.louvert.bone.coat_2] run data modify entity @s {} merge value {transformation:[0.7545013230187753f,0.11583158801587534f,0.6459959727278789f,-0.04863895543095836f,0.11277928752612636f,0.9467771385692075f,-0.3014861227118141f,0.7904781408966769f,-0.6465358349449914f,0.3003266440068616f,0.7012811996849471f,-0.1828071144475391f,0f,0f,0f,1f],start_interpolation:0}
execute if entity @s[tag=aj.louvert.bone.right_leg_1] run data modify entity @s {} merge value {transformation:[0.8598226200987682f,-0.04234586982516708f,0.5088338523282817f,-0.12240834751208068f,0.19189287695265766f,0.9502983913688352f,-0.24517359388122678f,0.6191454706670083f,-0.47316190225051064f,0.30844739368416535f,0.8252139235302103f,-0.6156851066012845f,0f,0f,0f,1f],start_interpolation:0}
execute if entity @s[tag=aj.louvert.bone.right_leg_0] run data modify entity @s {} merge value {transformation:[0.8598226200987682f,0.23768208519353945f,0.45189853766585775f,-0.025253904090483108f,0.19189287695265766f,0.669741858280855f,-0.717372265313721f,0.8804656940140119f,-0.47316190225051064f,0.7035290112316324f,0.5302497002489674f,-0.3331579696421743f,0f,0f,0f,1f],start_interpolation:0}
execute if entity @s[tag=aj.louvert.bone.left_leg_1] run data modify entity @s {} merge value {transformation:[0.6434364525023563f,-0.02120544949239178f,0.7652057635061361f,-0.4691099347327062f,-0.09464161809856529f,0.9897434319196412f,0.10700889260064428f,0.7274151950666271f,-0.7596265501645322f,-0.14127373387773293f,0.6348300846694136f,-0.372159695330082f,0f,0f,0f,1f],start_interpolation:0}
execute if entity @s[tag=aj.louvert.bone.left_leg_0] run data modify entity @s {} merge value {transformation:[0.6434364525023563f,0.6918611946355f,0.3275936796531977f,-0.2138792348451769f,-0.09464161809856529f,0.4965623587802914f,-0.8628260473387661f,0.8522708721324803f,-0.7596265501645322f,0.5241697351050438f,0.3849851855397029f,-0.17152401090592645f,0f,0f,0f,1f],start_interpolation:0}
execute if entity @s[tag=aj.louvert.bone.body_1] run data modify entity @s {} merge value {transformation:[0.7545013230187753f,0.3297897236926254f,0.5674209122949733f,-0.01650728081388459f,0.11277928752612636f,0.7865651637416871f,-0.6071211374125534f,1.1121698967425233f,-0.6465358349449914f,0.5220670276264867f,0.55627100661209f,-0.08919504414077327f,0f,0f,0f,1f],start_interpolation:0}
execute if entity @s[tag=aj.louvert.locator_origin.locator] at @s on origin run tp @s ^0.00606 ^1.60195 ^-1.63833 ~162.22144 ~-2.60368
execute if entity @s[tag=aj.louvert.bone.sword_0] run data modify entity @s {} merge value {transformation:[0.03975063492734457f,-0.9515147658095613f,0.305023830985792f,0.24897578548954888f,0.9985985006754796f,0.027155167817218676f,-0.04542720891165275f,1.5627942653266966f,0.03494168673028314f,0.30640210068991847f,0.9512606536703009f,-0.7955191486049215f,0f,0f,0f,1f],start_interpolation:0}
execute if entity @s[tag=aj.louvert.bone.right_arm_1] run data modify entity @s {} merge value {transformation:[-0.2556757350489381f,0.0906091138321987f,0.9625070945181282f,0.3414035929059642f,0.03380595627975819f,0.9958272542300858f,-0.08476577760263318f,1.5399643855649232f,-0.966171349102837f,0.010865920260688828f,-0.25767199294780196f,-0.43264700712783966f,0f,0f,0f,1f],start_interpolation:0}
execute if entity @s[tag=aj.louvert.bone.right_arm_0] run data modify entity @s {} merge value {transformation:[0.3221536864881508f,0.0906091138321987f,0.942341228416033f,0.2234385402057479f,-0.018984717453335638f,0.9958272542300858f,-0.08926175124758087f,1.548075573837601f,-0.9464970062209976f,0.010865920260688828f,0.3225296094803964f,-0.1923206951762758f,0f,0f,0f,1f],start_interpolation:0}
execute if entity @s[tag=aj.louvert.locator_origin.locator2] at @s on origin run tp @s ^-0.82486 ^1.06165 ^-0.76369 ~162.46696 ~-5.01529
execute if entity @s[tag=aj.louvert.bone.sword_1] run data modify entity @s {} merge value {transformation:[0.9370671584899632f,-0.1784482339279327f,0.30010226304969495f,-0.5661344887417529f,0.2133011978818714f,0.9730673545727674f,-0.08742152164607414f,1.0102724519146427f,-0.27641949906203317f,0.145932009075316f,0.9498926830255809f,0.0737401672231158f,0f,0f,0f,1f],start_interpolation:0}
execute if entity @s[tag=aj.louvert.bone.left_arm_1] run data modify entity @s {} merge value {transformation:[0.6222181112929439f,-0.7011513115889506f,0.34818308436243184f,-0.3264056907583272f,0.7093021097109004f,0.3167302001133814f,-0.6297400237366237f,1.2746014833272432f,0.33126294561678304f,0.6388026444788971f,0.6944033714405916f,0.18950095775170775f,0f,0f,0f,1f],start_interpolation:0}
execute if entity @s[tag=aj.louvert.bone.left_arm_0] run data modify entity @s {} merge value {transformation:[0.39114114896028396f,-0.7011513115889506f,0.5961505177781226f,-0.20417408170823848f,0.9199402379687195f,0.3167302001133814f,-0.23106695761660367f,1.562082807692468f,-0.026805972395810673f,0.6388026444788971f,0.7689035188179874f,0.1811240913780169f,0f,0f,0f,1f],start_interpolation:0}
execute if entity @s[tag=aj.louvert.bone.wing_0] run data modify entity @s {} merge value {transformation:[0.9717029301778657f,-0.041032034763843546f,0.23261510614508407f,0.3378523939675149f,0.0687250060042086f,0.9913034635304068f,-0.11222440350628288f,1.2173739476330059f,-0.22598736476509373f,0.12503525629100873f,0.9660724070434732f,0.34269081006731905f,0f,0f,0f,1f],start_interpolation:0}
execute if entity @s[tag=aj.louvert.bone.wing_1] run data modify entity @s {} merge value {transformation:[0.36679876415204316f,-0.041032034763843546f,0.9293949853209198f,0.17409874406810494f,0.13134789358338256f,0.9913034635304068f,-0.008073044272634881f,1.234326593993012f,-0.9209812145031745f,0.12503525629100873f,0.36899835665826414f,0.15454897546901913f,0f,0f,0f,1f],start_interpolation:0}
execute if entity @s[tag=aj.louvert.bone.body_0] run data modify entity @s {} merge value {transformation:[0.7545013230187753f,-0.041032034763843546f,0.65501459959764f,0.006078749999999826f,0.11277928752612636f,0.9913034635304068f,-0.06781058544002423f,1.447620625f,-0.6465358349449914f,0.12503525629100873f,0.7525673383931996f,-0.009556250000000112f,0f,0f,0f,1f],start_interpolation:0}