execute if entity @s[tag=aj.louvert.bone.head] run data modify entity @s {} merge value {transformation:[-0.9909800054247774f,-0.0023355789966817073f,0.13398945450690744f,-0.002795159716910453f,-0.020288403658191186f,0.9909379963708013f,-0.1327790195235082f,1.6012498703511222f,-0.13246512569469238f,-0.13429978562667977f,-0.982047126188615f,0.0032092711070713636f,0f,0f,0f,1f],start_interpolation:0}
execute if entity @s[tag=aj.louvert.bone.coat_0] run data modify entity @s {} merge value {transformation:[-0.9122068777038513f,0.37293716219845935f,0.1696952719469551f,-0.28782283390688573f,0.2772303848209102f,0.8667537532243436f,-0.4145856304836963f,0.7908347824020829f,-0.3016984023852977f,-0.3311431779802719f,-0.8940482479571699f,0.1461014726142919f,0f,0f,0f,1f],start_interpolation:0}
execute if entity @s[tag=aj.louvert.bone.coat_1] run data modify entity @s {} merge value {transformation:[-0.9385103966927774f,-0.30066883772418906f,0.1696952719469551f,0.20324293078262443f,-0.3447677774661181f,0.8421721526015388f,-0.4145856304836963f,0.7889540639373327f,-0.018259652807187554f,-0.44759838628403925f,-0.8940482479571699f,0.24018057575607904f,0f,0f,0f,1f],start_interpolation:0}
execute if entity @s[tag=aj.louvert.bone.coat_2] run data modify entity @s {} merge value {transformation:[-0.9821315293790204f,0.018424146136186995f,0.18729177728554752f,-0.02107804256876129f,0.003761436929500432f,0.9969193001197711f,-0.07834386153957001f,0.7380712193592458f,-0.1881582062835743f,-0.07623949034364252f,-0.9791751781577644f,0.08138499319053923f,0f,0f,0f,1f],start_interpolation:0}
execute if entity @s[tag=aj.louvert.bone.right_leg_1] run data modify entity @s {} merge value {transformation:[-0.9252387230483599f,0.12190196984639459f,0.35926760933795504f,-0.2839544539612367f,0.12942779718899994f,0.9915839096645125f,-0.0031297618509307235f,0.4624744154782503f,-0.35662550481793054f,0.04360343841956904f,-0.9332293338035123f,0.3590944766640047f,0f,0f,0f,1f],start_interpolation:0}
execute if entity @s[tag=aj.louvert.bone.right_leg_0] run data modify entity @s {} merge value {transformation:[-0.9252387230483599f,0.2958454243851725f,0.23750534781810273f,-0.16505639273450823f,0.12942779718899994f,0.8346117674000231f,-0.5354172606782613f,0.7903646027858953f,-0.35662550481793054f,-0.464648988579301f,-0.8105057474969496f,0.1696212483997387f,0f,0f,0f,1f],start_interpolation:0}
execute if entity @s[tag=aj.louvert.bone.left_leg_1] run data modify entity @s {} merge value {transformation:[-0.9697264686543177f,-0.24406871906211125f,0.007812577462487813f,0.1090268750713917f,-0.23189271706320913f,0.9304323269619683f,0.2837630221103158f,0.5796266368320957f,-0.0765267519516514f,0.2733608335506703f,-0.9588626131600988f,0.49061039340534635f,0f,0f,0f,1f],start_interpolation:0}
execute if entity @s[tag=aj.louvert.bone.left_leg_0] run data modify entity @s {} merge value {transformation:[-0.9697264686543177f,-0.10935559481720072f,0.21833902508118738f,0.08047648961024687f,-0.23189271706320913f,0.6925950711999787f,-0.6830357495201398f,0.7894242435535201f,-0.0765267519516514f,-0.7129890751138288f,-0.6969865386103647f,0.21666079997063226f,0f,0f,0f,1f],start_interpolation:0}
execute if entity @s[tag=aj.louvert.bone.body_1] run data modify entity @s {} merge value {transformation:[-0.9821315293790204f,0.08137059467937831f,0.1696952719469551f,-0.016861640724824958f,0.003761436929500432f,0.9100025310891512f,-0.4145856304836963f,1.0742702141350675f,-0.1881582062835743f,-0.40653932126285514f,-0.8940482479571699f,0.06609748629054323f,0f,0f,0f,1f],start_interpolation:0}
execute if entity @s[tag=aj.louvert.locator_origin.locator] at @s on origin run tp @s ^-1.49786 ^1.28118 ^-0.95125 ~125.91917 ~6.93667
execute if entity @s[tag=aj.louvert.bone.sword_0] run data modify entity @s {} merge value {transformation:[-0.19945340029247588f,-0.5602989288535745f,0.80391756507574f,-0.8069345780365885f,0.9772083249244096f,-0.17457942589657635f,0.12077215636085374f,1.3826210515059334f,0.0726789571347737f,0.8096833543918008f,0.5823492378381231f,-0.4190925381475894f,0f,0f,0f,1f],start_interpolation:0}
execute if entity @s[tag=aj.louvert.bone.right_arm_1] run data modify entity @s {} merge value {transformation:[-0.7914648494135634f,-0.15693311416868283f,0.5907244618433241f,-0.5100389748931595f,-0.17622318871410633f,0.9840247757894349f,0.025310637921328063f,1.4383883657947854f,-0.5852595833493016f,-0.08406686808648986f,-0.806476274783041f,-0.19664411368696472f,0f,0f,0f,1f],start_interpolation:0}
execute if entity @s[tag=aj.louvert.bone.right_arm_0] run data modify entity @s {} merge value {transformation:[-0.8041630884344144f,-0.15693311416868283f,0.5733181707193167f,-0.29598524970689366f,-0.1767334010237055f,0.9840247757894349f,0.0214603260726905f,1.4853499413214515f,-0.5675271201997474f,-0.08406686808648986f,-0.8190517257950871f,-0.046534606544684234f,0f,0f,0f,1f],start_interpolation:0}
execute if entity @s[tag=aj.louvert.locator_origin.locator2] at @s on origin run tp @s ^-0.04379 ^1.08208 ^1.13426 ~34.54691 ~-2.29851
execute if entity @s[tag=aj.louvert.bone.sword_1] run data modify entity @s {} merge value {transformation:[-0.8154064497041758f,0.118527958171122f,0.5666246066953118f,0.45656701208438344f,0.11638550559146231f,0.992394043126013f,-0.04010582571429089f,1.0727272859420403f,-0.5670685460057289f,0.03324434237265311f,-0.8229994397514245f,0.41286173699184653f,0f,0f,0f,1f],start_interpolation:0}
execute if entity @s[tag=aj.louvert.bone.left_arm_1] run data modify entity @s {} merge value {transformation:[-0.20078967801844902f,0.8959549784428996f,0.3961668610631526f,0.37090606474261634f,0.6799233424282078f,0.4185929384886151f,-0.6020666078339842f,1.3249061162582771f,-0.7052572251473228f,0.1484743360007046f,-0.6932298449480148f,0.1486490694402096f,0f,0f,0f,1f],start_interpolation:0}
execute if entity @s[tag=aj.louvert.bone.left_arm_0] run data modify entity @s {} merge value {transformation:[-0.3610321182983184f,0.8959549784428996f,0.25868994213229995f,0.25808352777439186f,0.8811027917070292f,0.4185929384886151f,-0.22008594297125392f,1.6002507386667237f,-0.3054728793250042f,0.1484743360007046f,-0.9405539280371124f,0.05318879465114579f,0f,0f,0f,1f],start_interpolation:0}
execute if entity @s[tag=aj.louvert.bone.wing_0] run data modify entity @s {} merge value {transformation:[-0.777687395824071f,0.013822226821005357f,0.6284992127457947f,0.08629720965564001f,-0.022069611039291594f,0.9985417012745917f,-0.04926868259065138f,1.2310738398029484f,-0.6282636760508675f,-0.05218636662340708f,-0.7762482441163383f,-0.4692273051941105f,0f,0f,0f,1f],start_interpolation:0}
execute if entity @s[tag=aj.louvert.bone.wing_1] run data modify entity @s {} merge value {transformation:[-0.9546379644685877f,0.013822226821005357f,-0.2974479834205983f,0.03937532973450449f,0.028704193464554828f,0.9985417012745917f,-0.04572242440196478f,1.2445375001704648f,0.29638222968461053f,-0.05218636662340708f,-0.9536425730145579f,-0.2240394852801215f,0f,0f,0f,1f],start_interpolation:0}
execute if entity @s[tag=aj.louvert.bone.body_0] run data modify entity @s {} merge value {transformation:[-0.9821315293790204f,0.013822226821005357f,0.18768751968454214f,-0.007763863995786695f,0.003761436929500432f,0.9985417012745917f,-0.05385464147006613f,1.455433125f,-0.1881582062835743f,-0.05218636662340708f,-0.9807512796559561f,0.008245940302956788f,0f,0f,0f,1f],start_interpolation:0}