execute if entity @s[tag=aj.louvert.bone.head] run data modify entity @s {} merge value {transformation:[-0.9685071186513101f,0.03498175631160576f,-0.2465162019971364f,0.00000421668667060799f,0.10373149728766397f,0.9567553704611363f,-0.271770008581214f,1.59284401421543f,0.22634870795345158f,-0.2887826826856645f,-0.9302530970594372f,-0.004072543954944073f,0f,0f,0f,1f],start_interpolation:0}
execute if entity @s[tag=aj.louvert.bone.coat_0] run data modify entity @s {} merge value {transformation:[-0.47516710394332984f,-0.5433046294595676f,-0.692124485145491f,0.18404309139575803f,0.28653012033044717f,0.6481809273805197f,-0.7055224840666305f,0.943762120792681f,0.8319355224255834f,-0.5335555875332313f,-0.15232111323956443f,0.3672494579185886f,0f,0f,0f,1f],start_interpolation:0}
execute if entity @s[tag=aj.louvert.bone.coat_1] run data modify entity @s {} merge value {transformation:[-0.014769635426779337f,-0.7216270192637255f,-0.692124485145491f,0.3289431256421011f,-0.19714786248997734f,0.6807134087059576f,-0.7055224840666305f,0.9045836864588328f,0.980262504732785f,0.1260305529483498f,-0.15232111323956443f,-0.10968767667941802f,0f,0f,0f,1f],start_interpolation:0}
execute if entity @s[tag=aj.louvert.bone.coat_2] run data modify entity @s {} merge value {transformation:[-0.28980006849268625f,-0.38445797122159386f,-0.8764747507291984f,0.1699775478757432f,0.0783568686676963f,0.9031682630244843f,-0.4220749812508786f,0.8359825931174281f,0.9538742691960131f,-0.1909951754089935f,-0.23161330172565658f,0.10974075146463971f,0f,0f,0f,1f],start_interpolation:0}
execute if entity @s[tag=aj.louvert.bone.right_leg_1] run data modify entity @s {} merge value {transformation:[-0.4817285205016276f,-0.25814168016700323f,-0.8374368665731584f,0.48879665140520534f,0.1322274009938565f,0.9232752645605637f,-0.3606642486815555f,0.7068378408702305f,0.8662872196689289f,-0.28447435527860454f,-0.41063462375583903f,0.43200799363918163f,0f,0f,0f,1f],start_interpolation:0}
execute if entity @s[tag=aj.louvert.bone.right_leg_0] run data modify entity @s {} merge value {transformation:[-0.4817285205016276f,-0.6676689852855657f,-0.5675876660244268f,0.2202680999573438f,0.1322274009938565f,0.5848977006997071f,-0.8002565801932563f,0.9339675122092189f,0.8662872196689289f,-0.46055706031276844f,-0.19347776935435798f,0.24801517426908692f,0f,0f,0f,1f],start_interpolation:0}
execute if entity @s[tag=aj.louvert.bone.left_leg_1] run data modify entity @s {} merge value {transformation:[-0.10883450617584486f,-0.015132856329974576f,-0.9939446900732235f,0.6359186889713412f,-0.10661030596499826f,0.9942948451378061f,-0.0034646203883787474f,0.8570685431087038f,0.9883265112944759f,0.10558767727193583f,-0.10982690690722421f,0.041157875326800326f,0f,0f,0f,1f],start_interpolation:0}
execute if entity @s[tag=aj.louvert.bone.left_leg_0] run data modify entity @s {} merge value {transformation:[-0.10883450617584486f,-0.9391782324220495f,-0.325728871931941f,0.29271811708051537f,-0.10661030596499826f,0.33681318722922227f,-0.9355164988232662f,0.9143782950422948f,0.9883265112944759f,-0.06709042147048754f,-0.13678297561978578f,0.009546606970083624f,0f,0f,0f,1f],start_interpolation:0}
execute if entity @s[tag=aj.louvert.bone.body_1] run data modify entity @s {} merge value {transformation:[-0.28980006849268625f,-0.6610443384249831f,-0.692124485145491f,0.04991675276112236f,0.0783568686676963f,0.7043424065105298f,-0.7055224840666305f,1.1442799056602975f,0.9538742691960131f,-0.2586931715898818f,-0.15232111323956443f,0.047939274497747195f,0f,0f,0f,1f],start_interpolation:0}
execute if entity @s[tag=aj.louvert.locator_origin.locator] at @s on origin run tp @s ^1.12035 ^1.67337 ^-0.2704 ~-128.46057 ~-4.97798
execute if entity @s[tag=aj.louvert.bone.sword_0] run data modify entity @s {} merge value {transformation:[-0.069182446026511f,-0.6218396928812424f,-0.7800828068347305f,0.4195504640675626f,0.9962261451257826f,-0.001980035130574917f,-0.0867729636966782f,1.5971637461234642f,0.052414281733247525f,-0.7831420534093698f,0.6196299437988319f,0.2529984630497632f,0f,0f,0f,1f],start_interpolation:0}
execute if entity @s[tag=aj.louvert.bone.right_arm_1] run data modify entity @s {} merge value {transformation:[0.8119327406577324f,-0.028680151021445274f,0.5830460304173338f,0.11385597336361633f,0.0766284529084179f,0.9953860209324633f,-0.057747290300930856f,1.5582096601251842f,-0.5786996672306679f,0.09156483096486712f,0.8103842155900431f,0.4669464744712292f,0f,0f,0f,1f],start_interpolation:0}
execute if entity @s[tag=aj.louvert.bone.right_arm_0] run data modify entity @s {} merge value {transformation:[0.87155676107517f,-0.028680151021445274f,-0.48945506551832324f,-0.08706034970208049f,-0.019952235311965046f,0.9953860209324633f,-0.09385402302668532f,1.5693753490690927f,0.4898884776458975f,0.09156483096486712f,0.8669631833014366f,0.28263464864019794f,0f,0f,0f,1f],start_interpolation:0}
execute if entity @s[tag=aj.louvert.locator_origin.locator2] at @s on origin run tp @s ^1.07597 ^0.99275 ^0.18392 ~-49.65544 ~-0.6981
execute if entity @s[tag=aj.louvert.bone.sword_1] run data modify entity @s {} merge value {transformation:[-0.6350282814988395f,0.12621279527356505f,-0.7621085303326975f,0.41042850756312427f,0.20897031364165183f,0.9778460836123495f,-0.012183791712782999f,1.0075203919000486f,0.7436870912642904f,-0.16699511092611052f,-0.6473346454606271f,-0.3885306719620853f,0f,0f,0f,1f],start_interpolation:0}
execute if entity @s[tag=aj.louvert.bone.left_arm_1] run data modify entity @s {} merge value {transformation:[-0.6638480032643886f,0.271935932903813f,-0.6966754459270238f,0.1604671878323973f,0.7425752894016111f,0.35030328077638906f,-0.5708498498269159f,1.2838237670153583f,0.08881310788390642f,-0.8962915038496304f,-0.4344810375551163f,-0.34475764839427414f,0f,0f,0f,1f],start_interpolation:0}
execute if entity @s[tag=aj.louvert.bone.left_arm_0] run data modify entity @s {} merge value {transformation:[-0.2671514494475421f,0.271935932903813f,-0.9244895626527162f,0.0769823598800404f,0.9222614526726879f,0.35030328077638906f,-0.16346689081083757f,1.5720304709755732f,0.2793992053892448f,-0.8962915038496304f,-0.3443800577194147f,-0.2574453967101351f,0f,0f,0f,1f],start_interpolation:0}
execute if entity @s[tag=aj.louvert.bone.wing_0] run data modify entity @s {} merge value {transformation:[-0.6988729658623942f,0.021976982506344042f,-0.7149080988676914f,-0.4859677966683377f,0.0691180894604366f,0.99692502468394f,-0.03692133351146591f,1.2497338165592033f,0.7118983546097294f,-0.07521640378828053f,-0.6982429557862497f,-0.12353239913644294f,0f,0f,0f,1f],start_interpolation:0}
execute if entity @s[tag=aj.louvert.bone.wing_1] run data modify entity @s {} merge value {transformation:[0.18476136544478755f,0.021976982506344042f,-0.9825376583515227f,-0.24675908385911144f,0.06988869326390298f,0.99692502468394f,0.03544101737803097f,1.2499424267697645f,0.9802952659239165f,-0.07521640378828053f,0.18265728621743132f,-0.05087465214458278f,0f,0f,0f,1f],start_interpolation:0}
execute if entity @s[tag=aj.louvert.bone.body_0] run data modify entity @s {} merge value {transformation:[-0.28980006849268625f,0.021976982506344042f,-0.9568348512369051f,-0.0060787499999999965f,0.0783568686676963f,0.99692502468394f,-0.0008344408422447727f,1.447620625f,0.9538742691960131f,-0.07521640378828053f,-0.2906309879674406f,0.009556250000000002f,0f,0f,0f,1f],start_interpolation:0}