# This file was generated by Animated Java via MC-Build. It is not recommended to edit this file directly.
$data merge entity $(bone_wing_right_1) { transformation: [0.445196127589345f,0.03532709198454951f,-0.683737412312513f,-0.334054366574778f,-0.24075151072649256f,0.7715692477608956f,-0.11689332930942448f,1.4792718523382264f,0.6409239912086359f,0.2652872724539291f,0.4310261535122801f,-0.2414035223322481f,0f,0f,0f,1f], start_interpolation: 0, interpolation_duration: 1 }
$data merge entity $(bone_wing_right_2) { transformation: [0.41615675074207736f,-0.1349203640364423f,-0.6697835875714413f,-0.334054366574778f,0.07135481618851776f,0.7885407187526364f,-0.11450775116025255f,1.4792718523382264f,0.6795013237797991f,-0.00017388889951644448f,0.4222297013997846f,-0.2414035223322481f,0f,0f,0f,1f], start_interpolation: 0, interpolation_duration: 1 }
$data merge entity $(bone_wing_left_1) { transformation: [-0.4314033170244931f,0.03289504734216534f,-0.6926424318254447f,-0.3332290003387774f,-0.0081183463419283f,0.8154517182471175f,0.04378392518882423f,1.464379399765433f,0.6933755944344895f,0.03001425515692091f,-0.43043451763820945f,-0.1615586044656989f,0f,0f,0f,1f], start_interpolation: 0, interpolation_duration: 1 }
$data merge entity $(bone_wing_left_2) { transformation: [-0.40276220520599426f,-0.13195086478256485f,-0.6785068719922724f,-0.3332290003387774f,-0.3130385990105755f,0.7349607140536308f,0.04289037569517476f,1.464379399765433f,0.6162705912073858f,0.2870918286557637f,-0.4216501397272256f,-0.1615586044656989f,0f,0f,0f,1f], start_interpolation: 0, interpolation_duration: 1 }
$data merge entity $(bone_staff) { transformation: [-0.0807350428049154f,-0.018740002033587853f,1.5603002644321602f,-0.008661897493417706f,1.5169839995868275f,0.36509849358080315f,0.08287873661307119f,1.5743960842585054f,-0.36557851121317186f,1.5191307225873651f,-0.0006706939328505219f,0.6522045664815722f,0f,0f,0f,1f], start_interpolation: 0, interpolation_duration: 1 }
$data merge entity $(bone_arm_right_2) { transformation: [-0.011993601301496657f,-0.9985921692365826f,0.051670427395145636f,-0.005847339773687137f,0.23366303589171378f,-0.053042391432365436f,-0.9708697597355697f,1.529291490549173f,0.9722436624559136f,0.0004292441170238503f,0.23397024717642978f,0.46440882754420093f,0f,0f,0f,1f], start_interpolation: 0, interpolation_duration: 1 }
$data merge entity $(bone_arm_right_1) { transformation: [0.0035561505607696765f,-0.9985921692365826f,0.05292478939556979f,-0.009250794802672942f,-0.058870784221350225f,-0.053042391432365436f,-0.9968554235576482f,1.543382904753921f,0.99825927722128f,0.0004292441170238503f,-0.058976530850293626f,0.11211225267499231f,0f,0f,0f,1f], start_interpolation: 0, interpolation_duration: 1 }
$data merge entity $(bone_arm_left_2) { transformation: [-0.9805708582245645f,-0.02534631874124065f,-0.19452083725659958f,0.2561247038305157f,0.1600428712607443f,0.4700376477272755f,-0.8680154889618195f,1.4610892791691885f,0.11343311403359235f,-0.8822823662780965f,-0.4568487220025519f,-0.606153357628521f,0f,0f,0f,1f], start_interpolation: 0, interpolation_duration: 1 }
$data merge entity $(bone_arm_left_1) { transformation: [-0.763321023609423f,-0.02534631874124065f,-0.6455219431143532f,0.010137036062883673f,0.5607989087633385f,0.4700376477272755f,-0.6815931291091911f,1.6449407654914427f,0.32069549240005185f,-0.8822823662780965f,-0.3445754305068938f,-0.4763457060499678f,0f,0f,0f,1f], start_interpolation: 0, interpolation_duration: 1 }
$data merge entity $(bone_himo_right_2) { transformation: [0.08662323647838563f,-0.5687907772854606f,-0.8179079817296144f,0.2553780982668857f,-0.40997139616700085f,0.7279029580224963f,-0.549618720593631f,1.359214343706353f,0.9079756985882881f,0.38292862961275376f,-0.17013463902453488f,-0.06962093725113122f,0f,0f,0f,1f], start_interpolation: 0, interpolation_duration: 1 }
$data merge entity $(bone_himo_right_1) { transformation: [0.010161344242083929f,-0.30874246808505745f,-0.9510913917620858f,0.1915445643024244f,-0.18334568413450822f,0.9344403043404026f,-0.3052960493250195f,1.5325138004618972f,0.9829959853389245f,0.17748072015000094f,-0.047111429426350916f,-0.03663774865692074f,0f,0f,0f,1f], start_interpolation: 0, interpolation_duration: 1 }
$data merge entity $(bone_himo_left_2) { transformation: [0.02516721421274786f,-0.5397339153107195f,-0.8414593941433721f,0.2039749303594114f,-0.4666511975217661f,0.7380488621738563f,-0.4873607871950487f,1.4133407902876673f,0.8840832942547162f,0.4049335472731756f,-0.2332928441090544f,-0.40555427494815494f,0f,0f,0f,1f], start_interpolation: 0, interpolation_duration: 1 }
$data merge entity $(bone_himo_left_1) { transformation: [0.01786703894615449f,-0.049944453732851196f,-0.9985921692365827f,0.18836914422677317f,-0.3287289407599158f,0.9429336075344856f,-0.053042391432365776f,1.589809326753931f,0.944255289858712f,0.32921385651780766f,0.0004292441170238165f,-0.3438239940753346f,0f,0f,0f,1f], start_interpolation: 0, interpolation_duration: 1 }
$data merge entity $(bone_ponpon1) { transformation: [-0.9690511626081271f,-0.04321322354526668f,-0.24304827001783844f,0.24844056501397177f,-0.05437680909208719f,0.9977425065114933f,0.03940879766150358f,2.257942380119129f,0.24079660894788357f,0.051405330569790506f,-0.9692133331254842f,-0.17906291704277955f,0f,0f,0f,1f], start_interpolation: 0, interpolation_duration: 1 }
$data merge entity $(bone_ponpon2) { transformation: [-0.9690511626081271f,-0.04321322354526668f,-0.24304827001783844f,0.26739586124076253f,-0.05437680909208719f,0.9977425065114933f,0.03940879766150358f,2.138958271926912f,0.24079660894788357f,0.051405330569790506f,-0.9692133331254842f,-0.28538220618006316f,0f,0f,0f,1f], start_interpolation: 0, interpolation_duration: 1 }
$data merge entity $(bone_ponpon3) { transformation: [-0.9690511626081271f,-0.04321322354526668f,-0.24304827001783844f,-0.3208769930183029f,-0.05437680909208719f,0.9977425065114933f,0.03940879766150358f,2.225996004777528f,0.24079660894788357f,0.051405330569790506f,-0.9692133331254842f,-0.03759490928589797f,0f,0f,0f,1f], start_interpolation: 0, interpolation_duration: 1 }
$data merge entity $(bone_ponpon4) { transformation: [-0.9690511626081271f,-0.04321322354526668f,-0.24304827001783844f,-0.3746005339871217f,-0.05437680909208719f,0.9977425065114933f,0.03940879766150358f,2.102933635903404f,0.24079660894788357f,0.051405330569790506f,-0.9692133331254842f,-0.12585445275209028f,0f,0f,0f,1f], start_interpolation: 0, interpolation_duration: 1 }
$data merge entity $(bone_ear_edge_a1) { transformation: [-0.9578267761092729f,0.19548512144707747f,-0.2106025504616171f,0.15152513708971443f,0.09644032299195825f,0.9091098718035352f,0.4052388247571628f,2.3392435109531893f,0.27067901852438314f,0.36783801908201547f,-0.889622425891173f,-0.13464787164046954f,0f,0f,0f,1f], start_interpolation: 0, interpolation_duration: 1 }
$data merge entity $(bone_ear_edge_a2) { transformation: [-0.9766149494698565f,0.04324125589123978f,-0.2106025504616171f,0.03946949113444802f,-0.046963133875992547f,0.9130038110358462f,0.4052388247571628f,2.3430347506764444f,0.20980396690371522f,0.40565285013539515f,-0.889622425891173f,-0.10639368016541946f,0f,0f,0f,1f], start_interpolation: 0, interpolation_duration: 1 }
$data merge entity $(bone_ear_edge_b1) { transformation: [-0.9244653491007324f,0.3582731232471422f,-0.13040010533277596f,0.005084309444514712f,0.13149968554362132f,0.6206535488784856f,0.7729793043584479f,2.360679771031219f,0.3578709977268202f,0.6974450096052588f,-0.6208855027802879f,-0.15561304550699606f,0f,0f,0f,1f], start_interpolation: 0, interpolation_duration: 1 }
$data merge entity $(bone_ear_edge_b2) { transformation: [-0.9899312780624825f,0.05506248489471646f,-0.13040010533277596f,0.03495663749345282f,-0.06672886139554945f,0.6309122396105368f,0.7729793043584479f,2.3676773695442375f,0.12483318377111702f,0.773897841234123f,-0.6208855027802879f,-0.1531751658981507f,0f,0f,0f,1f], start_interpolation: 0, interpolation_duration: 1 }
$data merge entity $(bone_ear_right_2) { transformation: [-0.9691299109644664f,0.2092439442450038f,-0.13040010533277596f,0.1007099206659422f,0.0327891003092351f,0.6335833567372495f,0.7729793043584479f,2.459542930402347f,0.24436057491935198f,0.7448416622761868f,-0.6208855027802879f,-0.10294699639623288f,0f,0f,0f,1f], start_interpolation: 0, interpolation_duration: 1 }
$data merge entity $(bone_ear_right_1) { transformation: [-0.9691299109644664f,0.12819431115719354f,-0.2106025504616171f,0.0718662006555737f,0.0327891003092351f,0.9136226627061876f,0.4052388247571628f,2.2539778312934553f,0.24436057491935198f,0.3858235980037876f,-0.889622425891173f,-0.18975730594708495f,0f,0f,0f,1f], start_interpolation: 0, interpolation_duration: 1 }
$data merge entity $(bone_ear_edge_a3) { transformation: [-0.9503604972402423f,-0.1942741972744073f,-0.24304827001783844f,-0.2353447654688594f,-0.20978865559304674f,0.9769522335566547f,0.03940879766150358f,2.3387465288166958f,0.22979043772476998f,0.08844133435248472f,-0.9692133331254842f,-0.07702905246397981f,0f,0f,0f,1f], start_interpolation: 0, interpolation_duration: 1 }
$data merge entity $(bone_ear_edge_a4) { transformation: [-0.9690511626081272f,-0.043213223545266674f,-0.24304827001783844f,-0.12416007190109613f,-0.0543768090920872f,0.9977425065114933f,0.03940879766150358f,2.3550645553519343f,0.24079660894788354f,0.05140533056979051f,-0.9692133331254842f,-0.10424718155541136f,0f,0f,0f,1f], start_interpolation: 0, interpolation_duration: 1 }
$data merge entity $(bone_ear_edge_b3) { transformation: [-0.9298119766664085f,-0.2763643003158015f,-0.24304827001783844f,-0.10232821013713228f,-0.2941373439662023f,0.9549503492597837f,0.03940879766150358f,2.351969208662161f,0.22120784554851253f,0.10813234465031647f,-0.9692133331254842f,-0.1098477856111613f,0f,0f,0f,1f], start_interpolation: 0, interpolation_duration: 1 }
$data merge entity $(bone_ear_edge_b4) { transformation: [-0.9697050047739894f,0.024489633676588463f,-0.24304827001783844f,-0.1309669750748217f,0.015354649040759033f,0.999105190367716f,0.03940879766150358f,2.3603650407626855f,0.24379589510308142f,0.034482987438397936f,-0.9692133331254842f,-0.10232470305255763f,0f,0f,0f,1f], start_interpolation: 0, interpolation_duration: 1 }
$data merge entity $(bone_ear_left_2) { transformation: [-0.9615973497752499f,-0.12750715802084106f,-0.24304827001783844f,-0.19908570055114727f,-0.14112887814260366f,0.9892065438628501f,0.03940879766150358f,2.4629551013895745f,0.23540003538535398f,0.07219652507124902f,-0.9692133331254842f,-0.11331393556908306f,0f,0f,0f,1f], start_interpolation: 0, interpolation_duration: 1 }
$data merge entity $(bone_ear_left_1) { transformation: [-0.9615973497752499f,-0.12750715802084106f,-0.24304827001783844f,-0.17039658999645807f,-0.14112887814260366f,0.9892065438628501f,0.03940879766150358f,2.2403836290204335f,0.23540003538535398f,0.07219652507124902f,-0.9692133331254842f,-0.12955815371011406f,0f,0f,0f,1f], start_interpolation: 0, interpolation_duration: 1 }
$data merge entity $(bone_head) { transformation: [-0.9690511626081271f,-0.04321322354526668f,-0.24304827001783844f,-0.01952315916543557f,-0.05437680909208719f,0.9977425065114933f,0.03940879766150358f,1.7346061706428821f,0.24079660894788357f,0.051405330569790506f,-0.9692133331254842f,-0.15571504508544576f,0f,0f,0f,1f], start_interpolation: 0, interpolation_duration: 1 }
$data merge entity $(bone_body_1) { transformation: [0.010161344242083929f,-0.05206175777449493f,-0.9985921692365827f,2.7502505491851695e-17f,-0.18334568413450822f,0.9816164550476855f,-0.053042391432365776f,1.3665f,0.9829959853389245f,0.1836265464388115f,0.0004292441170238165f,-0.22457500000000008f,0f,0f,0f,1f], start_interpolation: 0, interpolation_duration: 1 }
$data merge entity $(bone_leg_left_2) { transformation: [0.013023219960749286f,-0.48584268769985384f,-0.873949242548122f,0.28788804857032796f,-0.19815195673352354f,0.8554356921367096f,-0.4785034782122953f,0.7973326779461553f,0.9800847911198957f,0.17940640854543347f,-0.08513015205142804f,-0.44908396833693803f,0f,0f,0f,1f], start_interpolation: 0, interpolation_duration: 1 }
$data merge entity $(bone_leg_left_1) { transformation: [0.013023219960749286f,-0.6369718064541643f,-0.7707770841977417f,0.04504254735967785f,-0.19815195673352354f,0.7539110095969499f,-0.6263816661199333f,1.0847612503549924f,0.9800847911198957f,0.16088849365640284f,-0.11639886092416823f,-0.38774523013043444f,0f,0f,0f,1f], start_interpolation: 0, interpolation_duration: 1 }
$data merge entity $(bone_leg_right_2) { transformation: [-0.05684851611705877f,-0.009830230906731394f,-0.9983344193082839f,0.3171398819050773f,0.1722577435016815f,0.9848587549541882f,-0.019506475688729805f,1.1987110988594618f,0.9834101463880659f,-0.17307974852768432f,-0.05429442540994554f,-0.1310588305914506f,0f,0f,0f,1f], start_interpolation: 0, interpolation_duration: 1 }
$data merge entity $(bone_leg_right_1) { transformation: [-0.05684851611705877f,-0.9960281584985632f,-0.06852848818739171f,-0.00004648035985466867f,0.1722577435016815f,0.05782478359921844f,-0.9833532245360322f,1.1048164929739954f,0.9834101463880659f,-0.06770673437454006f,0.16828630990469207f,-0.13294766720488338f,0f,0f,0f,1f], start_interpolation: 0, interpolation_duration: 1 }
$data merge entity $(bone_skirt_forward_right) { transformation: [-0.08945091844411857f,-0.7518480956726662f,-0.6532403648144297f,0.011443022892247603f,-0.03516686022962161f,0.6578448072398531f,-0.752332042072615f,1.2570145034501603f,0.9953701950184634f,-0.044324379532558536f,-0.08528495909572681f,-0.2389890390703827f,0f,0f,0f,1f], start_interpolation: 0, interpolation_duration: 1 }
$data merge entity $(bone_skirt_forward_left) { transformation: [0.0894509184441179f,-0.7044488871425801f,-0.7040953760628487f,0.01516151305759967f,-0.22365218487289912f,0.6746689440473232f,-0.7034212934932014f,1.2196416549635798f,0.9705556312706048f,0.22039414997147788f,-0.09720177604996413f,-0.24390926791559633f,0f,0f,0f,1f], start_interpolation: 0, interpolation_duration: 1 }
$data merge entity $(bone_skirt_forward) { transformation: [-3.41561960149953e-16f,-0.6853101046057841f,-0.7282513717976845f,0.011443022892247603f,-0.13052619222005157f,0.7220210803572427f,-0.6794471816589531f,1.2570145034501603f,0.9914448613738104f,0.09505587853978059f,-0.08945091844411848f,-0.2389890390703827f,0f,0f,0f,1f], start_interpolation: 0, interpolation_duration: 1 }
$data merge entity $(bone_skirt_back_right) { transformation: [-0.004196763392061485f,-0.11752793051300563f,-0.9930607094867671f,0.01633585652201293f,-0.04371962331203501f,0.9921414695401377f,-0.11723437617094168f,1.2812738530965864f,0.9990350252691268f,0.04292423520653836f,-0.009302059849783766f,-0.23579523509958478f,0f,0f,0f,1f], start_interpolation: 0, interpolation_duration: 1 }
$data merge entity $(bone_skirt_back_left) { transformation: [0.004196763392060805f,-0.11752793051300568f,-0.9930607094867671f,0.01633585652201293f,-0.21633937799140385f,0.9694446783291203f,-0.11564726192020774f,1.2812738530965864f,0.9763092034326643f,0.21532348039328822f,-0.021357389447160764f,-0.23579523509958478f,0f,0f,0f,1f], start_interpolation: 0, interpolation_duration: 1 }
$data merge entity $(bone_skirt_back) { transformation: [-3.41561960149953e-16f,-0.048152459720434304f,-0.9988399975085459f,0.01633585652201293f,-0.13052619222005157f,0.9902947828644775f,-0.047740508752333904f,1.2812738530965864f,0.9914448613738104f,0.13037478151187631f,-0.006285157213338034f,-0.23579523509958478f,0f,0f,0f,1f], start_interpolation: 0, interpolation_duration: 1 }
$data merge entity $(bone_skirt_right) { transformation: [-0.034022553116038606f,-0.4236999350612747f,-0.9051634277347588f,0.016813927464063162f,0.04915927140959314f,0.9038820026130657f,-0.4249478690223918f,1.2800427061423003f,0.9982113162622152f,-0.05895498605941236f,-0.009923593340630206f,-0.04053545755860907f,0f,0f,0f,1f], start_interpolation: 0, interpolation_duration: 1 }
$data merge entity $(bone_skirt_left) { transformation: [0.024368653125387562f,-0.39334486393625223f,-0.9190679989858345f,0.006547932027783043f,-0.25654374464142415f,0.8860939677273162f,-0.38603469720041717f,1.3211184650423282f,0.9662253752775334f,0.24518829167036757f,-0.0793172477936323f,-0.42597145353393184f,0f,0f,0f,1f], start_interpolation: 0, interpolation_duration: 1 }
$data merge entity $(bone_coat_downer) { transformation: [-3.41561960149953e-16f,-0.27160842585773887f,-0.9624078464991238f,0.041714776475854434f,-0.13052619222005157f,0.9541743139573913f,-0.26928477812248475f,1.1478492104234923f,0.9914448613738104f,0.12561943156623046f,-0.03545201360209318f,-0.245481008792671f,0f,0f,0f,1f], start_interpolation: 0, interpolation_duration: 1 }
$data merge entity $(bone_body_2) { transformation: [-3.41561960149953e-16f,-0.18669550310871907f,-0.9824178281764752f,2.7502505491851695e-17f,-0.13052619222005157f,0.9740131074675853f,-0.18509829719873772f,1.3665f,0.9914448613738104f,0.12823125828096815f,-0.024368653125388235f,-0.22457500000000008f,0f,0f,0f,1f], start_interpolation: 0, interpolation_duration: 1 }
$data merge entity $(bone_book_left) { transformation: [-0.06362272892280377f,-0.7329629490645151f,-0.677286840019105f,-0.879518599062895f,0.3866245591508583f,0.6075607962628502f,-0.6938237017469611f,2.532074367780169f,0.920039998383668f,-0.3059986832375275f,0.24472680121122695f,-0.7294380426806841f,0f,0f,0f,1f], start_interpolation: 0, interpolation_duration: 1 }
$data merge entity $(bone_book_right) { transformation: [-0.5027199213189667f,-0.7329629490645151f,-0.4582990246637027f,-0.9079814009371049f,-0.18072251698067449f,0.6075607962628502f,-0.7734398817623911f,2.5424224300871194f,0.8453472970118385f,-0.3059986832375275f,-0.43789582470226585f,-0.6407146014942595f,0f,0f,0f,1f], start_interpolation: 0, interpolation_duration: 1 }
$data merge entity $(bone_book_loot_1) { transformation: [-0.30360321999157225f,-0.7329629490645151f,-0.6087613654868369f,-0.8024357951769744f,0.11037933127413563f,0.6075607962628502f,-0.7865661333110688f,2.655233318930305f,0.9463833726551959f,-0.3059986832375275f,-0.10355345391958543f,-0.669543303999534f,0f,0f,0f,1f], start_interpolation: 0, interpolation_duration: 1 }
$data merge entity $(bone_book_left2) { transformation: [-0.9998268745706476f,-0.0005981178464964415f,0.018597396090099035f,0.5927977246680158f,0.0024287023924113235f,0.9867375001087387f,0.16230590649710178f,1.872454095420127f,-0.018447826185744066f,0.16232297475772972f,-0.9865652181051295f,-0.7405930765182702f,0f,0f,0f,1f], start_interpolation: 0, interpolation_duration: 1 }
$data merge entity $(bone_book_right2) { transformation: [-0.9998268745706476f,-0.0005981178464964415f,0.018597396090099035f,0.686531494159014f,0.0024287023924113235f,0.9867375001087387f,0.16230590649710178f,1.8722264045708383f,-0.018447826185744066f,0.16232297475772972f,-0.9865652181051295f,-0.7388635928133567f,0f,0f,0f,1f], start_interpolation: 0, interpolation_duration: 1 }
$data merge entity $(bone_book_loot_2) { transformation: [-0.9998268745706476f,-0.0005981178464964415f,0.018597396090099035f,0.6368750000000001f,0.0024287023924113235f,0.9867375001087387f,0.16230590649710178f,1.8479943640209173f,-0.018447826185744066f,0.16232297475772972f,-0.9865652181051295f,-0.591743551950044f,0f,0f,0f,1f], start_interpolation: 0, interpolation_duration: 1 }
$data merge entity $(bone_air_staff_povit_1) { transformation: [-5.3369056273430165e-21f,-7.0261695522793565e-22f,-0.000015625f,0.6875f,-0.0000020394717534383057f,0.000015491325958965787f,0f,1.5302592261912227f,0.000015491325958965787f,0.0000020394717534383057f,-5.382957575621355e-21f,-0.19573590934595886f,0f,0f,0f,1f], start_interpolation: 0, interpolation_duration: 1 }