# This file was generated by Animated Java via MC-Build. It is not recommended to edit this file directly.
$data merge entity $(bone_wing_right_1) { transformation: [0.6035057887751446f,0.06393812645028174f,-0.5464770108113999f,-0.3146962480006293f,-0.19837214131793215f,0.7818647178717049f,-0.1275950662869927f,1.503728124465647f,0.5131994747739648f,0.22703286849676962f,0.5933184812209203f,-0.30342398539203874f,0f,0f,0f,1f], start_interpolation: 0, interpolation_duration: 1 }
$data merge entity $(bone_wing_right_2) { transformation: [0.5701564483498021f,-0.16837277419703447f,-0.5353244187540244f,-0.3146962480006293f,0.11356869815141142f,0.7819714696746503f,-0.1249910853423602f,1.503728124465647f,0.5495668978435047f,0.01308546995953945f,0.5812099407878404f,-0.30342398539203874f,0f,0f,0f,1f], start_interpolation: 0, interpolation_duration: 1 }
$data merge entity $(bone_wing_left_1) { transformation: [-0.5884910287897822f,0.06129061915600053f,-0.5629087079463794f,-0.31313221429464055f,0.018768586226057437f,0.8135336704655616f,0.06895760751614316f,1.485019466175209f,0.5659244593136641f,0.03675420338885747f,-0.5876419652545517f,-0.1910155148272379f,0f,0f,0f,1f], start_interpolation: 0, interpolation_duration: 1 }
$data merge entity $(bone_wing_left_2) { transformation: [-0.5555752369722025f,-0.16514019745975217f,-0.5514207751311472f,-0.31313221429464055f,-0.28798623153296643f,0.7433040334526128f,0.06755030940356882f,1.485019466175209f,0.49839751856396886f,0.24541358771679966f,-0.5756492720860915f,-0.1910155148272379f,0f,0f,0f,1f], start_interpolation: 0, interpolation_duration: 1 }
$data merge entity $(bone_staff) { transformation: [-0.08018062259204164f,-0.020887071216799207f,1.5603015888015805f,-0.007116194289840947f,1.464931567448031f,0.5371966969774402f,0.08247097338326145f,1.6445269675690355f,-0.5375433196078315f,1.4671024807464927f,-0.00798376681024976f,0.6032584304458101f,0f,0f,0f,1f], start_interpolation: 0, interpolation_duration: 1 }
$data merge entity $(bone_arm_right_2) { transformation: [-0.013367725578751925f,-0.9985930168330115f,0.05131559845890643f,-0.004036214567870732f,0.3438058860655615f,-0.052781422965287275f,-0.9375562031667399f,1.5781473805138964f,0.9389455876777555f,0.005109610758559354f,0.3440277245490119f,0.4218918132882513f,0f,0f,0f,1f], start_interpolation: 0, interpolation_duration: 1 }
$data merge entity $(bone_arm_right_1) { transformation: [0.004620732547435294f,-0.9985930168330115f,0.05282646650183609f,-0.00798939770412164f,0.009380197198830681f,-0.052781422965287275f,-0.9985620327702581f,1.5709115362117634f,0.9999453288711521f,0.005109610758559354f,0.009123110580273265f,0.06383337807784245f,0f,0f,0f,1f], start_interpolation: 0, interpolation_duration: 1 }
$data merge entity $(bone_arm_left_2) { transformation: [-0.9857824993550726f,-0.02849118747612419f,-0.16559322510739055f,0.26161805665335247f,0.13496569806049097f,0.45276429732811224f,-0.8813562000757837f,1.4816248012490787f,0.10008558493764697f,-0.8911749229535028f,-0.4424817876325624f,-0.6502946276132032f,0f,0f,0f,1f], start_interpolation: 0, interpolation_duration: 1 }
$data merge entity $(bone_arm_left_1) { transformation: [-0.781903612309395f,-0.02849118747612419f,-0.6227479372055118f,0.009264264580080847f,0.5453336239720262f,0.45276429732811224f,-0.7054188327727844f,1.6609799740844189f,0.30205625241510287f,-0.8911749229535028f,-0.3384808370879549f,-0.5265585628283341f,0f,0f,0f,1f], start_interpolation: 0, interpolation_duration: 1 }
$data merge entity $(bone_himo_right_2) { transformation: [0.12091500629784786f,-0.5556166301562978f,-0.8225993687973212f,0.2559416676752421f,-0.48842376926333053f,0.688128184458938f,-0.5365834728836203f,1.3831728048520424f,0.8641885111887292f,0.4666580783046682f,-0.1881713450087498f,-0.11524209126799659f,0f,0f,0f,1f], start_interpolation: 0, interpolation_duration: 1 }
$data merge entity $(bone_himo_right_1) { transformation: [0.013723752877937158f,-0.30793109167293553f,-0.951309676912865f,0.19225890250586133f,-0.16416078635174894f,0.937795889249597f,-0.3059250011537681f,1.5570975028291307f,0.9863381239875709f,0.1603661837410611f,-0.03768013111717479f,-0.08540893263602997f,0f,0f,0f,1f], start_interpolation: 0, interpolation_duration: 1 }
$data merge entity $(bone_himo_left_2) { transformation: [0.03155692268970691f,-0.5348746797476779f,-0.8443418961505909f,0.2030420674481305f,-0.5628294015760935f,0.6885872022990763f,-0.45724252815265043f,1.4349056718865643f,0.8259704748669002f,0.4896496112474204f,-0.27931350281251677f,-0.4634153195097236f,0f,0f,0f,1f], start_interpolation: 0, interpolation_duration: 1 }
$data merge entity $(bone_himo_left_1) { transformation: [0.02436980766198172f,-0.04709670059423051f,-0.9985930168330117f,0.18797022973150598f,-0.37120287272279806f,0.9270504563787786f,-0.05278142296528762f,1.6083977485640522f,0.9282319428660384f,0.37196686965512915f,0.005109610758559327f,-0.39363959638214585f,0f,0f,0f,1f], start_interpolation: 0, interpolation_duration: 1 }
$data merge entity $(bone_ponpon1) { transformation: [-0.9681736250454368f,-0.04958129878699126f,-0.2453192340135059f,0.24530381203568147f,-0.04943947802107501f,0.9987543769759764f,-0.006740362329485279f,2.280293485073854f,0.2453478546459736f,0.0056026138475001935f,-0.9694189192184637f,-0.2556407467305326f,0f,0f,0f,1f], start_interpolation: 0, interpolation_duration: 1 }
$data merge entity $(bone_ponpon2) { transformation: [-0.9681736250454368f,-0.04958129878699126f,-0.2453192340135059f,0.264809307134493f,-0.04943947802107501f,0.9987543769759764f,-0.006740362329485279f,2.156671259409258f,0.2453478546459736f,0.0056026138475001935f,-0.9694189192184637f,-0.35642464168742516f,0f,0f,0f,1f], start_interpolation: 0, interpolation_duration: 1 }
$data merge entity $(bone_ponpon3) { transformation: [-0.9681736250454368f,-0.04958129878699126f,-0.2453192340135059f,-0.3234981926785127f,-0.04943947802107501f,0.9987543769759764f,-0.006740362329485279f,2.251247791736472f,0.2453478546459736f,0.0056026138475001935f,-0.9694189192184637f,-0.11149888212602313f,0f,0f,0f,1f], start_interpolation: 0, interpolation_duration: 1 }
$data merge entity $(bone_ponpon4) { transformation: [-0.9681736250454368f,-0.04958129878699126f,-0.2453192340135059f,-0.37660571945810883f,-0.04943947802107501f,0.9987543769759764f,-0.006740362329485279f,2.1239176052202957f,0.2453478546459736f,0.0056026138475001935f,-0.9694189192184637f,-0.19388168798446762f,0f,0f,0f,1f], start_interpolation: 0, interpolation_duration: 1 }
$data merge entity $(bone_ear_edge_a1) { transformation: [-0.9597252159004953f,0.16376047843850822f,-0.22827618287140433f,0.14545285938690933f,0.10522239255576288f,0.9629248559144f,0.24840283808175925f,2.3705139849232504f,0.2604913781098884f,0.21437870128308617f,-0.9413745345857772f,-0.22584896015594902f,0f,0f,0f,1f], start_interpolation: 0, interpolation_duration: 1 }
$data merge entity $(bone_ear_edge_a2) { transformation: [-0.9735271887593309f,0.01161021446898193f,-0.22827618287140433f,0.033434119074677984f,-0.046707704412058966f,0.9675300617456198f,0.24840283808175925f,2.374884128190974f,0.22374807953345724f,0.25248917311144503f,-0.9413745345857772f,-0.19753210489833875f,0f,0f,0f,1f], start_interpolation: 0, interpolation_duration: 1 }
$data merge entity $(bone_ear_edge_b1) { transformation: [-0.928331402726968f,0.3318234529046943f,-0.1676126570799069f,-0.0007504533354842496f,0.1589301045731181f,0.7618370897934025f,0.6279693228777159f,2.3810292671846502f,0.3360684879178023f,0.5563249452590866f,-0.7599740302872965f,-0.24439009778737844f,0f,0f,0f,1f], start_interpolation: 0, interpolation_duration: 1 }
$data merge entity $(bone_ear_edge_b2) { transformation: [-0.9854347159246291f,0.028712677290001015f,-0.1676126570799069f,0.028778787477139828f,-0.08426909610157998f,0.7736622318342324f,0.6279693228777159f,2.3896827563241407f,0.14770626287591493f,0.6329473384066915f,-0.7599740302872965f,-0.2437523770469526f,0f,0f,0f,1f], start_interpolation: 0, interpolation_duration: 1 }
$data merge entity $(bone_ear_right_2) { transformation: [-0.9688107270247036f,0.18251512920434598f,-0.1676126570799069f,0.09043025379037715f,0.0377958336667975f,0.7773197569095582f,0.6279693228777159f,2.492495410382817f,0.24490253195771033f,0.6020483561389287f,-0.7599740302872965f,-0.2135149929324369f,0f,0f,0f,1f], start_interpolation: 0, interpolation_duration: 1 }
$data merge entity $(bone_ear_right_1) { transformation: [-0.9688107270247036f,0.09641451931906697f,-0.22827618287140433f,0.06873698694358713f,0.0377958336667975f,0.9679191624254367f,0.24840283808175925f,2.274713598837094f,0.24490253195771033f,0.23202744551908988f,-0.9413745345857772f,-0.265721168174232f,0f,0f,0f,1f], start_interpolation: 0, interpolation_duration: 1 }
$data merge entity $(bone_ear_edge_a3) { transformation: [-0.9484975771773637f,-0.20042659382351907f,-0.2453192340135059f,-0.2387820270616126f,-0.2050704026753513f,0.9787240149614376f,-0.006740362329485279f,2.362610458078175f,0.241450773523798f,0.043914496764344f,-0.9694189192184637f,-0.15627635522693506f,0f,0f,0f,1f], start_interpolation: 0, interpolation_duration: 1 }
$data merge entity $(bone_ear_edge_a4) { transformation: [-0.9681736250454369f,-0.04958129878699126f,-0.2453192340135059f,-0.12776258620013395f,-0.049439478021075f,0.9987543769759764f,-0.006740362329485279f,2.3783699750808838f,0.24534785464597358f,0.005602613847500191f,-0.9694189192184637f,-0.18448029111620365f,0f,0f,0f,1f], start_interpolation: 0, interpolation_duration: 1 }
$data merge entity $(bone_ear_edge_b3) { transformation: [-0.9274199288858841f,-0.2823309209568249f,-0.2453192340135059f,-0.10592281745946594f,-0.2895914663496585f,0.9571266113389189f,-0.006740362329485279f,2.3751599748208183f,0.2367045798516724f,0.06479121034946983f,-0.9694189192184637f,-0.18998470068349796f,0f,0f,0f,1f], start_interpolation: 0, interpolation_duration: 1 }
$data merge entity $(bone_ear_edge_b4) { transformation: [-0.9692738193220968f,0.01807585682014312f,-0.2453192340135059f,-0.13459972779735882f,0.02035053753691976f,0.9997701851613828f,-0.006740362329485279f,2.3837096398007747f,0.2451410181889477f,-0.011525635019035259f,-0.9694189192184637f,-0.1827872242366484f,0f,0f,0f,1f], start_interpolation: 0, interpolation_duration: 1 }
$data merge entity $(bone_ear_left_2) { transformation: [-0.960168137180356f,-0.13377451837563115f,-0.2453192340135059f,-0.20340568595228903f,-0.1362985254288341f,0.9906448806114089f,-0.006740362329485279f,2.485248827469392f,0.24392593201529594f,0.026964768713549393f,-0.9694189192184637f,-0.19831713155219002f,0f,0f,0f,1f], start_interpolation: 0, interpolation_duration: 1 }
$data merge entity $(bone_ear_left_1) { transformation: [-0.960168137180356f,-0.13377451837563115f,-0.2453192340135059f,-0.17330641931777208f,-0.1362985254288341f,0.9906448806114089f,-0.006740362329485279f,2.262353729331825f,0.24392593201529594f,0.026964768713549393f,-0.9694189192184637f,-0.20438420451273862f,0f,0f,0f,1f], start_interpolation: 0, interpolation_duration: 1 }
$data merge entity $(bone_head) { transformation: [-0.9681736250454368f,-0.04958129878699126f,-0.2453192340135059f,-0.019208074495837394f,-0.04943947802107501f,0.9987543769759764f,-0.006740362329485279f,1.7568826822070678f,0.2453478546459736f,0.0056026138475001935f,-0.9694189192184637f,-0.20762968471475218f,0f,0f,0f,1f], start_interpolation: 0, interpolation_duration: 1 }
$data merge entity $(bone_body_1) { transformation: [0.013723752877937158f,-0.05122153198889981f,-0.9985930168330117f,3.298892315203182e-17f,-0.16416078635174894f,0.9850204858855144f,-0.05278142296528762f,1.3875f,0.9863381239875709f,0.16465417409399394f,0.005109610758559327f,-0.2693749999999999f,0f,0f,0f,1f], start_interpolation: 0, interpolation_duration: 1 }
$data merge entity $(bone_leg_left_2) { transformation: [0.021527548034772023f,-0.5547444599277179f,-0.8317422370272629f,0.3215292344135596f,-0.19759537585230724f,0.8131638084911734f,-0.5474675223261338f,0.8409435990664946f,0.980047260144834f,0.17613405332199425f,-0.0921095171139707f,-0.4922476509125509f,0f,0f,0f,1f], start_interpolation: 0, interpolation_duration: 1 }
$data merge entity $(bone_leg_left_1) { transformation: [0.021527548034772023f,-0.6970281963065217f,-0.7167204882164929f,0.05578723457169819f,-0.19759537585230724f,0.699779273731355f,-0.6864874620106349f,1.1077344471765738f,0.980047260144834f,0.1563990460638897f,-0.12266501649985329f,-0.43262051460069295f,0f,0f,0f,1f], start_interpolation: 0, interpolation_duration: 1 }
$data merge entity $(bone_leg_right_2) { transformation: [-0.06516385716251791f,-0.06297666952377101f,-0.9958853401950429f,0.3218467340225847f,0.18107459024449335f,0.9806916344900999f,-0.07386413750207112f,1.2368437247854267f,0.9813081394177323f,-0.18514280201193287f,-0.05250217496140933f,-0.17753827345701784f,0f,0f,0f,1f], start_interpolation: 0, interpolation_duration: 1 }
$data merge entity $(bone_leg_right_1) { transformation: [-0.06516385716251791f,-0.9977564505939378f,-0.015353729771290375f,0.010172149795358533f,0.18107459024449335f,0.003307739812893812f,-0.9834638029053835f,1.1260021838843195f,0.9813081394177323f,-0.06686646510409411f,0.18045279537039924f,-0.17778216370659417f,0f,0f,0f,1f], start_interpolation: 0, interpolation_duration: 1 }
$data merge entity $(bone_skirt_forward_right) { transformation: [-0.08717237901249779f,-0.7768129997747042f,-0.6236686137030842f,0.015664801279320177f,-0.038705189306461496f,0.6282201851910753f,-0.7770722664200814f,1.2785415932454212f,0.9954410503179243f,-0.04360002637059571f,-0.08483014229877812f,-0.2838131733049284f,0f,0f,0f,1f], start_interpolation: 0, interpolation_duration: 1 }
$data merge entity $(bone_skirt_forward_left) { transformation: [0.09887784786758023f,-0.7298756836313075f,-0.6763909059447852f,0.02082453546551153f,-0.22011385579605924f,0.6468422768990458f,-0.7301677610677219f,1.2413413977006649f,0.9704499274499778f,0.22108042712956216f,-0.0966973787263287f,-0.2887414812863498f,0f,0f,0f,1f], start_interpolation: 0, interpolation_duration: 1 }
$data merge entity $(bone_skirt_forward) { transformation: [0.0059032374422025745f,-0.7126930760625406f,-0.7014511608944808f,0.015664801279320177f,-0.13052619222005157f,0.6949128883793851f,-0.7071484926864755f,1.2785415932454212f,0.9914272867599696f,0.09573221451911523f,-0.0889228776582887f,-0.2838131733049284f,0f,0f,0f,1f], start_interpolation: 0, interpolation_duration: 1 }
$data merge entity $(bone_skirt_back_right) { transformation: [-0.001647737407510222f,-0.15584943096072817f,-0.9877794489817316f,0.0196166083590916f,-0.04394820393431714f,0.986837690196475f,-0.15562753155734832f,1.3029720080418186f,0.9990324520917143f,0.04315469936059105f,-0.008475351952187085f,-0.2806203213383889f,0f,0f,0f,1f], start_interpolation: 0, interpolation_duration: 1 }
$data merge entity $(bone_skirt_back_left) { transformation: [0.013409285090507986f,-0.15482293547031467f,-0.9878512285388507f,0.0196166083590916f,-0.2161107973691217f,0.9641408989854576f,-0.15404041730661439f,1.3029720080418186f,0.9762767611358184f,0.2155508885527227f,-0.020530467853603115f,-0.2806203213383889f,0f,0f,0f,1f], start_interpolation: 0, interpolation_duration: 1 }
$data merge entity $(bone_skirt_back) { transformation: [0.0059032374422025745f,-0.08637997923793025f,-0.9962447746284826f,0.0196166083590916f,-0.13052619222005157f,0.9876721143508955f,-0.08641011328638334f,1.3029720080418186f,0.9914272867599696f,0.1305461363675164f,-0.0054443867679185645f,-0.2806203213383889f,0f,0f,0f,1f], start_interpolation: 0, interpolation_duration: 1 }
$data merge entity $(bone_skirt_right) { transformation: [-0.035050960616641404f,-0.45845807531525357f,-0.8880245623506616f,0.020308490727305444f,0.047705229885943556f,0.8867901077894742f,-0.459703726076113f,1.3017410032365677f,0.998246282838749f,-0.05847647308931982f,-0.009211997267374681f,-0.08536118345757676f,0f,0f,0f,1f], start_interpolation: 0, interpolation_duration: 1 }
$data merge entity $(bone_skirt_left) { transformation: [0.035115376637647036f,-0.4271772241018415f,-0.903485766092771f,0.008129894311786762f,-0.2555022874233583f,0.8701616487918221f,-0.4213517367868908f,1.3424262057864624f,0.9661705291743419f,0.2456386048253466f,-0.07858870386022027f,-0.47078291572993053f,0f,0f,0f,1f], start_interpolation: 0, interpolation_duration: 1 }
$data merge entity $(bone_coat_downer) { transformation: [0.0059032374422025745f,-0.3082723784034527f,-0.9512798181929331f,0.050138529673768965f,-0.13052619222005157f,0.9429200959569076f,-0.3063733111502212f,1.1706319989443532f,0.9914272867599696f,0.12597552680618004f,-0.034671338504163485f,-0.2903452055970024f,0f,0f,0f,1f], start_interpolation: 0, interpolation_duration: 1 }
$data merge entity $(bone_body_2) { transformation: [0.0059032374422025745f,-0.22418980981818956f,-0.9745276193938195f,3.298892315203182e-17f,-0.13052619222005157f,0.9660341938077882f,-0.22302656688984562f,1.3875f,0.9914272867599696f,0.12851795815301698f,-0.02355991298677171f,-0.2693749999999999f,0f,0f,0f,1f], start_interpolation: 0, interpolation_duration: 1 }
$data merge entity $(bone_book_left) { transformation: [-0.00754466693199618f,-0.7347719264602706f,-0.6782722860966296f,-0.8805998612541854f,0.4373268642957813f,0.6075607962628502f,-0.6630347597295868f,2.5292233705709912f,0.8992709779405229f,-0.3016290684438658f,0.31675165872269884f,-0.772143751469518f,0f,0f,0f,1f], start_interpolation: 0, interpolation_duration: 1 }
$data merge entity $(bone_book_right) { transformation: [-0.5306868901433571f,-0.7347719264602706f,-0.4224708755829628f,-0.90853388358332f,-0.23794083880479538f,0.6075607962628502f,-0.7577955107239168f,2.5395714328779415f,0.8134836088446052f,-0.3016290684438658f,-0.497256798053926f,-0.6832524104794818f,0f,0f,0f,1f], start_interpolation: 0, interpolation_duration: 1 }
$data merge entity $(bone_book_loot_1) { transformation: [-0.29796290484410165f,-0.7347719264602706f,-0.6093671499373162f,-0.8031617999281553f,0.11037933127413563f,0.6075607962628502f,-0.7865661333110688f,2.652382321721127f,0.9481743038937194f,-0.3016290684438658f,-0.09992694584218127f,-0.7127090390981727f,0f,0f,0f,1f], start_interpolation: 0, interpolation_duration: 1 }
$data merge entity $(bone_book_left2) { transformation: [-0.10122244957245739f,-0.034742932910557585f,0.9942569810241834f,0.7937824265906278f,0.11558221090128236f,0.9922117781677658f,0.04643855928355092f,1.892802082868149f,-0.9881268988473707f,0.11961904479610631f,-0.09641844168178773f,-0.6947274141418182f,0f,0f,0f,1f], start_interpolation: 0, interpolation_duration: 1 }
$data merge entity $(bone_book_right2) { transformation: [-0.10122244957245739f,-0.034742932910557585f,0.9942569810241834f,0.8032720312380457f,0.11558221090128236f,0.9922117781677658f,0.04643855928355092f,1.8819662505961539f,-0.9881268988473707f,0.11961904479610631f,-0.09641844168178773f,-0.6020905173748771f,0f,0f,0f,1f], start_interpolation: 0, interpolation_duration: 1 }
$data merge entity $(bone_book_loot_2) { transformation: [-0.10122244957245739f,-0.034742932910557585f,0.9942569810241834f,0.6493886817607092f,0.11558221090128236f,0.9922117781677658f,0.04643855928355092f,1.8804183828396188f,-0.9881268988473707f,0.11961904479610631f,-0.09641844168178773f,-0.6339461995060794f,0f,0f,0f,1f], start_interpolation: 0, interpolation_duration: 1 }
$data merge entity $(bone_air_staff_povit_1) { transformation: [9.223808503441524e-8f,1.2143374267459365e-8f,-0.000015624723027117332f,0.6876595262216734f,-0.0000020394717534383057f,0.000015491325958965787f,0f,1.5512592261912226f,0.000015491051355624527f,0.0000020394356012225835f,9.303400383416597e-8f,-0.24462991672401085f,0f,0f,0f,1f], start_interpolation: 0, interpolation_duration: 1 }