# This file was generated by Animated Java via MC-Build. It is not recommended to edit this file directly.
$data merge entity $(bone_wing_right_1) { transformation: [-0.7381455703823888f,-0.21191693041339016f,-0.2778070840951843f,0.058451516881368376f,-0.19894703603812905f,0.7886905869184663f,-0.07301834976424075f,1.3919024813925058f,0.28723794704207484f,0.0016784382073787303f,-0.7644841326467688f,-0.386606780891968f,0f,0f,0f,1f], start_interpolation: 0, interpolation_duration: 1 }
$data merge entity $(bone_wing_right_2) { transformation: [-0.7474821382501505f,0.08492117471752135f,-0.27213755176671117f,0.058451516881368376f,0.11560724201787728f,0.7883645636064173f,-0.0715281793608889f,1.3919024813925058f,0.2605866815284371f,-0.10615888532883029f,-0.7488824156539777f,-0.386606780891968f,0f,0f,0f,1f], start_interpolation: 0, interpolation_duration: 1 }
$data merge entity $(bone_wing_left_1) { transformation: [-0.68889926220972f,0.03970957625319319f,0.43678988143630343f,-0.01141060090831765f,0.0484705258861161f,0.8152236556211173f,0.0023332124870146208f,1.3845357838391252f,-0.43590464449426486f,0.027892388101022254f,-0.6900388395147007f,-0.39388487762137686f,0f,0f,0f,1f], start_interpolation: 0, interpolation_duration: 1 }
$data merge entity $(bone_wing_left_2) { transformation: [-0.63835702065896f,-0.2223119700942095f,0.42787580222331767f,-0.01141060090831765f,-0.26173876886406267f,0.7559679840607545f,0.0022855959056469755f,1.3845357838391252f,-0.4049606537047038f,-0.13816582438486893f,-0.6759564142184824f,-0.39388487762137686f,0f,0f,0f,1f], start_interpolation: 0, interpolation_duration: 1 }
$data merge entity $(bone_staff) { transformation: [0.9210400832710819f,-1.0901207209514343f,0.6361825435834622f,-0.8717394835733011f,1.1027075147660927f,0.31179863427868604f,-1.0621788919670416f,1.377810813161971f,0.6141071175995154f,1.0750928682743046f,0.9531285446881459f,-0.14417761648083263f,0f,0f,0f,1f], start_interpolation: 0, interpolation_duration: 1 }
$data merge entity $(bone_arm_right_2) { transformation: [-0.985669449085904f,-0.12482470078320244f,0.11346599143829245f,-0.652289257279727f,-0.1685885328519243f,0.7058085172349341f,-0.6880495938444111f,1.419544578536879f,0.005800321501979677f,-0.6973185291335714f,-0.7167379055118168f,-0.15959980337917667f,0f,0f,0f,1f], start_interpolation: 0, interpolation_duration: 1 }
$data merge entity $(bone_arm_right_1) { transformation: [-0.9102894148252241f,-0.12482470078320244f,0.39470492184863293f,-0.3251370297647735f,-0.3610594215121098f,0.7058085172349341f,-0.6094837414861566f,1.5433124307584258f,-0.2025074699720779f,-0.6973185291335714f,-0.6875591563876524f,-0.09646822540084693f,0f,0f,0f,1f], start_interpolation: 0, interpolation_duration: 1 }
$data merge entity $(bone_arm_left_2) { transformation: [-0.4655402717244596f,0.7697932865459947f,0.4366812926968969f,0.5724287749259207f,0.23819709202240535f,0.5841859115967543f,-0.7758794790712918f,1.5387639286237977f,-0.8523698732092695f,-0.2571869294512955f,-0.45532459033598016f,0.08764380196734844f,0f,0f,0f,1f], start_interpolation: 0, interpolation_duration: 1 }
$data merge entity $(bone_arm_left_1) { transformation: [-0.8927528538765195f,0.40639287170982996f,0.19451780308950622f,0.2644818296983012f,0.220242932371972f,0.7702777653192469f,-0.5984690593464147f,1.6019224532615195f,-0.3930462983358641f,-0.4914437893373209f,-0.777172831026825f,-0.02353954925618807f,0f,0f,0f,1f], start_interpolation: 0, interpolation_duration: 1 }
$data merge entity $(bone_himo_right_2) { transformation: [-0.8558311115777656f,-0.46587968842239125f,0.2247425735614458f,-0.14185105857266478f,-0.4999895626807789f,0.6337748328612361f,-0.5902032687489926f,1.293199085185357f,0.13252752795494804f,-0.6174832606210211f,-0.7753392013738132f,0.19043372051069965f,0f,0f,0f,1f], start_interpolation: 0, interpolation_duration: 1 }
$data merge entity $(bone_himo_right_1) { transformation: [-0.9480220898912122f,-0.29038584974972925f,0.13011600725285996f,-0.19548518035540866f,-0.31684248831096945f,0.8992324921104506f,-0.30164840913510804f,1.4599198748989721f,-0.029410111853098442f,-0.32719563474770874f,-0.9444988416736317f,0.12318142123504408f,0f,0f,0f,1f], start_interpolation: 0, interpolation_duration: 1 }
$data merge entity $(bone_himo_left_2) { transformation: [-0.8309172406964861f,-0.47866668209086866f,0.28364545927875773f,0.18448971649332582f,-0.5541568901948454f,0.6662704751125423f,-0.49899278055186863f,1.3202570639727969f,0.049866623736886564f,-0.5718057899754307f,-0.8188720647254109f,0.1777952942413637f,0f,0f,0f,1f], start_interpolation: 0, interpolation_duration: 1 }
$data merge entity $(bone_himo_left_1) { transformation: [-0.917976720305904f,-0.3814974031182138f,0.10852867082239387f,0.11363725760130071f,-0.38817638700339197f,0.9203210095123536f,-0.04825279290523393f,1.4925156733007054f,-0.08147290070575175f,-0.08642320790286387f,-0.9929215455343735f,0.15538518309998692f,0f,0f,0f,1f], start_interpolation: 0, interpolation_duration: 1 }
$data merge entity $(bone_ponpon1) { transformation: [-0.9991724825103826f,-0.020465740406916906f,0.03514973205639582f,0.24460836317138027f,-0.01891314127509654f,0.9988547141602313f,0.04394943784613017f,2.1662107930364427f,-0.036008933351988806f,0.04324827706948929f,-0.998415215854292f,-0.015925618581741324f,0f,0f,0f,1f], start_interpolation: 0, interpolation_duration: 1 }
$data merge entity $(bone_ponpon2) { transformation: [-0.9991724825103826f,-0.020465740406916906f,0.03514973205639582f,0.2879308361966713f,-0.01891314127509654f,0.9988547141602313f,0.04394943784613017f,2.0461834563623045f,-0.036008933351988806f,0.04324827706948929f,-0.998415215854292f,-0.11358274470106779f,0f,0f,0f,1f], start_interpolation: 0, interpolation_duration: 1 }
$data merge entity $(bone_ponpon3) { transformation: [-0.9991724825103826f,-0.020465740406916906f,0.03514973205639582f,-0.3424054703034695f,-0.01891314127509654f,0.9988547141602313f,0.04394943784613017f,2.1550993225373234f,-0.036008933351988806f,0.04324827706948929f,-0.998415215854292f,-0.03708086692603475f,0f,0f,0f,1f], start_interpolation: 0, interpolation_duration: 1 }
$data merge entity $(bone_ponpon4) { transformation: [-0.9991724825103826f,-0.020465740406916906f,0.03514973205639582f,-0.3740209334664571f,-0.01891314127509654f,0.9988547141602313f,0.04394943784613017f,2.033653500267553f,-0.036008933351988806f,0.04324827706948929f,-0.998415215854292f,-0.13743866304676036f,0f,0f,0f,1f], start_interpolation: 0, interpolation_duration: 1 }
$data merge entity $(bone_ear_edge_a1) { transformation: [-0.9909846469755308f,0.12304776487596292f,0.05299695291064127f,0.14277403490843485f,0.1336912865778972f,0.9339759362686737f,0.33138435443484837f,2.2568876276033807f,-0.008721774586031f,0.3354820383121643f,-0.9420062274836541f,-0.006976417410972879f,0f,0f,0f,1f], start_interpolation: 0, interpolation_duration: 1 }
$data merge entity $(bone_ear_edge_a2) { transformation: [-0.9980328927992878f,-0.03349131040841871f,0.05299695291064127f,0.027478099454072112f,-0.014060700958486425f,0.9433910675453501f,0.33138435443484837f,2.264774958470704f,-0.06109534826189147f,0.32998731157844874f,-0.9420062274836541f,-0.010688277388503406f,0f,0f,0f,1f], start_interpolation: 0, interpolation_duration: 1 }
$data merge entity $(bone_ear_edge_b1) { transformation: [-0.9788544074270832f,0.1940170345349274f,0.06481851101997813f,0.0068033871435539545f,0.19672506532881032f,0.8060135587674536f,0.5582485035845597f,2.2672097135935405f,0.05606512045781707f,0.5591954339882415f,-0.8271379382392956f,-0.044736668340562405f,0f,0f,0f,1f], start_interpolation: 0, interpolation_duration: 1 }
$data merge entity $(bone_ear_edge_b2) { transformation: [-0.9909004235572824f,-0.11796148194708288f,0.06481851101997813f,0.035329616882597586f,-0.061975232056218715f,0.8273558356941576f,0.5582485035845597f,2.2756269833367266f,-0.119479794130961f,0.5491515363901573f,-0.8271379382392956f,-0.036820266888782496f,0f,0f,0f,1f], start_interpolation: 0, interpolation_duration: 1 }
$data merge entity $(bone_ear_right_2) { transformation: [-0.997154036362056f,0.03850179730886405f,0.06481851101997813f,0.089865978068916f,0.06821475344712344f,0.8268647747109247f,0.5582485035845597f,2.3802064316876566f,-0.03210257277864242f,0.5610813273904587f,-0.8271379382392956f,0.00025491109353642516f,0f,0f,0f,1f], start_interpolation: 0, interpolation_duration: 1 }
$data merge entity $(bone_ear_right_1) { transformation: [-0.997154036362056f,0.053620432197504224f,0.05299695291064127f,0.07780138082447757f,0.06821475344712344f,0.941026650551379f,0.33138435443484837f,2.1684754353135967f,-0.03210257277864242f,0.33405642068819147f,-0.9420062274836541f,-0.07490778356130653f,0f,0f,0f,1f], start_interpolation: 0, interpolation_duration: 1 }
$data merge entity $(bone_ear_edge_a3) { transformation: [-0.9836694640667957f,-0.17651878596598974f,0.03514973205639582f,-0.24539154709003058f,-0.17493559198401f,0.9835984879869495f,0.04394943784613017f,2.264574339406077f,-0.04233112471630397f,0.037082780786774926f,-0.998415215854292f,-0.05075616045814285f,0f,0f,0f,1f], start_interpolation: 0, interpolation_duration: 1 }
$data merge entity $(bone_ear_edge_a4) { transformation: [-0.9991724825103826f,-0.0204657404069169f,0.03514973205639582f,-0.13050809383456588f,-0.018913141275096537f,0.9988547141602313f,0.04394943784613017f,2.2768186910816066f,-0.036008933351988806f,0.0432482770694893f,-0.998415215854292f,-0.04617264159754813f,0f,0f,0f,1f], start_interpolation: 0, interpolation_duration: 1 }
$data merge entity $(bone_ear_edge_b3) { transformation: [-0.96454167887831f,-0.26157952145184304f,0.03514973205639582f,-0.10810168969983472f,-0.2599961660279878f,0.9646089573312889f,0.04394943784613017f,2.272926406412654f,-0.04540201930926242f,0.033252268994290415f,-0.998415215854292f,-0.045555147624343775f,0f,0f,0f,1f], start_interpolation: 0, interpolation_duration: 1 }
$data merge entity $(bone_ear_edge_b4) { transformation: [-0.9981661664445699f,0.04928286215019784f,0.03514973205639582f,-0.1373897069888288f,0.050809512828992404f,0.9977408683215746f,0.04394943784613017f,2.282365617868873f,-0.032904370096269536f,0.04565478265412079f,-0.998415215854292f,-0.04617074113013161f,0f,0f,0f,1f], start_interpolation: 0, interpolation_duration: 1 }
$data merge entity $(bone_ear_left_2) { transformation: [-0.9935866227499649f,-0.10747148193210651f,0.03514973205639582f,-0.196172823237842f,-0.10589709557214609f,0.993405381534846f,0.04394943784613017f,2.3872633608401626f,-0.03964124419973813f,0.039945318986384544f,-0.998415215854292f,-0.07492232012736724f,0f,0f,0f,1f], start_interpolation: 0, interpolation_duration: 1 }
$data merge entity $(bone_ear_left_1) { transformation: [-0.9935866227499649f,-0.10747148193210651f,0.03514973205639582f,-0.17199173980311808f,-0.10589709557214609f,0.993405381534846f,0.04394943784613017f,2.1637471499948226f,-0.03964124419973813f,0.039945318986384544f,-0.998415215854292f,-0.08391001689930375f,0f,0f,0f,1f], start_interpolation: 0, interpolation_duration: 1 }
$data merge entity $(bone_head) { transformation: [-0.9991724825103826f,-0.020465740406916906f,0.03514973205639582f,-0.03770491665753769f,-0.01891314127509654f,0.9988547141602313f,0.04394943784613017f,1.6528248317143994f,-0.036008933351988806f,0.04324827706948929f,-0.998415215854292f,-0.07037316673297178f,0f,0f,0f,1f], start_interpolation: 0, interpolation_duration: 1 }
$data merge entity $(bone_body_1) { transformation: [-0.98919180146147f,-0.09859567703979984f,0.10852867082239387f,-0.0007315377676127478f,-0.10430655488554691f,0.9933739530432399f,-0.04825279290523393f,1.2803095993231846f,-0.10305203796781714f,-0.05905151889926699f,-0.9929215455343735f,-0.04822884714574666f,0f,0f,0f,1f], start_interpolation: 0, interpolation_duration: 1 }
$data merge entity $(bone_leg_left_2) { transformation: [-0.9834567057171181f,-0.08094989015062516f,0.16204944697417384f,0.12877947358528988f,-0.15826498815551854f,0.8191701715405416f,-0.5512825260992524f,0.8513969132346506f,-0.0881198133461902f,-0.567809250842958f,-0.8184299317308669f,0.33480685500277774f,0f,0f,0f,1f], start_interpolation: 0, interpolation_duration: 1 }
$data merge entity $(bone_leg_left_1) { transformation: [-0.9834567057171181f,0.00926283321112499f,0.18090635119015785f,0.13510184676647968f,-0.15826498815551854f,0.4418902431674623f,-0.8829978519325709f,0.989501065753273f,-0.0881198133461902f,-0.8970213001452663f,-0.4331139406455635f,0.016208445660042946f,0f,0f,0f,1f], start_interpolation: 0, interpolation_duration: 1 }
$data merge entity $(bone_leg_right_2) { transformation: [-0.9733523644909264f,0.18519422314162934f,0.13523414603897635f,-0.16593144229271026f,0.1549235406155641f,0.9658638382020903f,-0.20761922506517602f,1.0153146803121118f,-0.1690676524444f,-0.18113571091448227f,-0.9688167954409362f,0.28742669068892657f,0f,0f,0f,1f], start_interpolation: 0, interpolation_duration: 1 }
$data merge entity $(bone_leg_right_1) { transformation: [-0.9733523644909264f,0.1961225944242602f,-0.11883224518715416f,-0.11067639777311807f,0.1549235406155641f,0.18034847541999938f,-0.9713254469933441f,1.0007112890524674f,-0.1690676524444f,-0.9638518326848682f,-0.2059266217053069f,-0.0440680482621927f,0f,0f,0f,1f], start_interpolation: 0, interpolation_duration: 1 }
$data merge entity $(bone_skirt_forward_right) { transformation: [-0.9795809478561561f,0.16195669501662568f,0.11912680444184884f,0.004232249411611846f,0.04307347035079041f,0.747824498547092f,-0.6624976947316347f,1.1720203396258178f,-0.19638187989011202f,-0.6438389148786225f,-0.7395306680177258f,-0.03562686820398991f,0f,0f,0f,1f], start_interpolation: 0, interpolation_duration: 1 }
$data merge entity $(bone_skirt_forward_left) { transformation: [-0.9866210804362592f,-0.09055480307331028f,0.1355679581580497f,0.006334442798954584f,-0.15980778188062628f,0.7016991310813125f,-0.6943196686614352f,1.134425395116122f,-0.03225393757640893f,-0.7066952363502141f,-0.7067825170664116f,-0.03451031933988684f,0f,0f,0f,1f], start_interpolation: 0, interpolation_duration: 1 }
$data merge entity $(bone_skirt_forward) { transformation: [-0.9915841540435835f,0.02696827533371311f,0.12662376386443475f,0.004232249411611846f,-0.05887080365118905f,0.7771668229215756f,-0.626534881572804f,1.1720203396258178f,-0.11530435346132528f,-0.6287165032632032f,-0.7690386626154478f,-0.03562686820398991f,0f,0f,0f,1f], start_interpolation: 0, interpolation_duration: 1 }
$data merge entity $(bone_skirt_back_right) { transformation: [-0.9914055294740873f,0.04916749410568135f,0.1212337974806224f,0.0023990852530736636f,0.02745196590081505f,0.9842430587778076f,-0.17467681819831077f,1.196731921394446f,-0.12791194508874165f,-0.1698474573582807f,-0.9771337551904252f,-0.032479147911905565f,0f,0f,0f,1f], start_interpolation: 0, interpolation_duration: 1 }
$data merge entity $(bone_skirt_back_left) { transformation: [-0.9842162244659258f,-0.12359172444900968f,0.12666297464436357f,0.0023990852530736636f,-0.14474553084024447f,0.9739862651481476f,-0.17435448547295332f,1.196731921394446f,-0.10181922608139607f,-0.18993641291359195f,-0.9765024343286111f,-0.032479147911905565f,0f,0f,0f,1f], start_interpolation: 0, interpolation_duration: 1 }
$data merge entity $(bone_skirt_back) { transformation: [-0.9915841540435835f,-0.041244012049651904f,0.12271836423176143f,0.0023990852530736636f,-0.05887080365118905f,0.9878723496145433f,-0.143674804139434f,1.196731921394446f,-0.11530435346132528f,-0.14969018784506127f,-0.9819866362307463f,-0.032479147911905565f,0f,0f,0f,1f], start_interpolation: 0, interpolation_duration: 1 }
$data merge entity $(bone_skirt_right) { transformation: [-0.9839970758945439f,0.13902714994989307f,0.11145046526505498f,-0.19080511724423918f,0.09043524516362464f,0.9285946798226252f,-0.3599074701049025f,1.2030146208832868f,-0.15352921892324728f,-0.34406884802598164f,-0.9263074040268121f,-0.054522043958292285f,0f,0f,0f,1f], start_interpolation: 0, interpolation_duration: 1 }
$data merge entity $(bone_skirt_left) { transformation: [-0.9795222317131221f,-0.13651230202076656f,0.14798847582408506f,0.19493395508753597f,-0.1844451326122095f,0.9031306375240677f,-0.3877306341018665f,1.2221602311717186f,-0.08072292509200371f,-0.4070865300674562f,-0.9098155672454877f,-0.02087083565791256f,0f,0f,0f,1f], start_interpolation: 0, interpolation_duration: 1 }
$data merge entity $(bone_coat_downer) { transformation: [-0.9915841540435835f,-0.016286217772580214f,0.12843529328161782f,-0.0016205156465095392f,-0.05887080365118905f,0.9402773539191845f,-0.3352800712601329f,1.0649671211215779f,-0.11530435346132528f,-0.34001949476081617f,-0.9333229072810036f,0.0016077891778245937f,0f,0f,0f,1f], start_interpolation: 0, interpolation_duration: 1 }
$data merge entity $(bone_body_2) { transformation: [-0.9915841540435835f,-0.027418117177984678f,0.12652712080848671f,6.735557395310442e-18f,-0.05887080365118905f,0.965920898349192f,-0.2520536581955378f,1.2812500000000002f,-0.11530435346132528f,-0.2573811667210795f,-0.9594059834554721f,-0.055f,0f,0f,0f,1f], start_interpolation: 0, interpolation_duration: 1 }
$data merge entity $(bone_book_left) { transformation: [-0.5246013046751759f,-0.3709525414602581f,-0.7662817256840195f,0.12959140245165585f,0.06365345284391337f,0.880470577793383f,-0.46980825831527695f,2.049884443154559f,0.8489650811865888f,-0.29523850295034654f,-0.4382836037333441f,0.5281007558281494f,0f,0f,0f,1f], start_interpolation: 0, interpolation_duration: 1 }
$data merge entity $(bone_book_right) { transformation: [-0.6411882024062112f,-0.3709525414602581f,-0.6717677434048668f,0.07476572298343728f,-0.012857890410691821f,0.880470577793383f,-0.47392640387972995f,2.052273297409512f,0.7672759371629467f,-0.29523850295034654f,-0.5693170141725609f,0.6041106285171414f,0f,0f,0f,1f], start_interpolation: 0, interpolation_duration: 1 }
$data merge entity $(bone_book_loot_1) { transformation: [-0.584807247660998f,-0.3709525414602581f,-0.7213838749704236f,0.21038614396311012f,0.025481112052838928f,0.880470577793383f,-0.47341554111450224f,2.122091201449211f,0.8107719753492464f,-0.29523850295034654f,-0.5054532919706026f,0.6419236859682358f,0f,0f,0f,1f], start_interpolation: 0, interpolation_duration: 1 }
$data merge entity $(bone_book_left2) { transformation: [-0.8500723356378308f,-0.4284452314090969f,-0.306286969794748f,0.42079370029427743f,-0.43557270418187993f,0.898848793209923f,-0.0484485945797188f,1.990482329601483f,0.2960632424920865f,0.09222543373642024f,-0.9507055410678963f,-0.006020195849540791f,0f,0f,0f,1f], start_interpolation: 0, interpolation_duration: 1 }
$data merge entity $(bone_book_right2) { transformation: [-0.5461148088573844f,-0.4284452314090969f,-0.7198564434868026f,0.4890508189352595f,-0.3389150113980091f,0.898848793209923f,-0.2778623076168352f,2.0283456633936248f,0.7660908761992601f,0.09222543373642024f,-0.6360811573819644f,-0.05794703100224151f,0f,0f,0f,1f], start_interpolation: 0, interpolation_duration: 1 }
$data merge entity $(bone_book_loot_2) { transformation: [-0.7280759321704753f,-0.4284452314090969f,-0.5351075786016296f,0.5351883964050129f,-0.40387556044951256f,0.898848793209923f,-0.17016280033149886f,2.034938416547279f,0.5538862416288077f,0.09222543373642024f,-0.8274687309538914f,0.09213669621719257f,0f,0f,0f,1f], start_interpolation: 0, interpolation_duration: 1 }
$data merge entity $(bone_air_staff_povit_1) { transformation: [-0.000015493502406930995f,-9.136996494338663e-7f,0.0000018047606813780148f,-0.09628053709327916f,-9.19856307049829e-7f,0.000015597900159136188f,0f,1.4466594788025582f,-0.0000018016305228332077f,-1.0624771171079127e-7f,-0.00001552042086681131f,0.6259367002973153f,0f,0f,0f,1f], start_interpolation: 0, interpolation_duration: 1 }