# This file was generated by Animated Java via MC-Build. It is not recommended to edit this file directly.
$data merge entity $(bone_wing_right_1) { transformation: [-0.5837161085400899f,-0.11426793640102763f,-0.5596094957967646f,-0.07137920092826272f,-0.12685170029468598f,0.8061084124695679f,-0.03228494885522723f,1.1787188315574968f,0.5568919062148465f,0.06384755673389687f,-0.5939186297262872f,-0.32574190282231813f,0f,0f,0f,1f], start_interpolation: 0, interpolation_duration: 1 }
$data merge entity $(bone_wing_right_2) { transformation: [-0.5711136113520459f,0.11540441758011824f,-0.5481888938417285f,-0.07137920092826272f,0.18738479468641117f,0.7771014929004911f,-0.0316260723479777f,1.1787188315574968f,0.5279357741702637f,-0.15098042964179717f,-0.5817978413645263f,-0.32574190282231813f,0f,0f,0f,1f], start_interpolation: 0, interpolation_duration: 1 }
$data merge entity $(bone_wing_left_1) { transformation: [-0.8005651631007703f,0.12981820067867972f,0.09584935496095416f,-0.1366504668119712f,0.12685170029468598f,0.8061084124695679f,-0.03228494885522723f,1.1787188315574968f,-0.09974221877534162f,-0.016760267384129477f,-0.8103795577847634f,-0.3041865011790172f,0f,0f,0f,1f], start_interpolation: 0, interpolation_duration: 1 }
$data merge entity $(bone_wing_left_2) { transformation: [-0.773196777060773f,-0.18262202046646112f,0.09389324567603674f,-0.1366504668119712f,-0.18738479468641117f,0.7771014929004911f,-0.0316260723479777f,1.1787188315574968f,-0.08398620519564322f,-0.05255917971749009f,-0.7938411994626254f,-0.3041865011790172f,0f,0f,0f,1f], start_interpolation: 0, interpolation_duration: 1 }
$data merge entity $(bone_staff) { transformation: [0.05719978604444576f,0.8918440334813205f,1.2816975674550677f,-0.5489271404263925f,1.5612506917126618f,-0.053294480892551614f,-0.032591807760971904f,0.8725204286848235f,0.02511398222513368f,1.2818658932392897f,-0.8930819501292322f,0.19744916373375737f,0f,0f,0f,1f], start_interpolation: 0, interpolation_duration: 1 }
$data merge entity $(bone_arm_right_2) { transformation: [-0.4127747588513213f,-0.7913610263152522f,-0.45095978144897125f,-0.47123043373610307f,-0.8581800500181417f,0.5037969369548337f,-0.09856798702310487f,1.0961896520059704f,0.3051950199562456f,0.34631831072612607f,-0.887084904307197f,0.11827611330425106f,0f,0f,0f,1f], start_interpolation: 0, interpolation_duration: 1 }
$data merge entity $(bone_arm_right_1) { transformation: [-0.5182760876160075f,-0.7913610263152522f,-0.3242493223350126f,-0.2842119193691267f,-0.8533095793189379f,0.5037969369548337f,0.13435552894266922f,1.4136080993411309f,0.057032086126860504f,0.34631831072612607f,-0.9363818498923505f,0.09107959282209488f,0f,0f,0f,1f], start_interpolation: 0, interpolation_duration: 1 }
$data merge entity $(bone_arm_left_2) { transformation: [0.4473112387238023f,0.8886948831233252f,0.10066807051789997f,0.448169071219628f,0.36488682637142783f,-0.07857040444430907f,-0.9277307235863459f,1.2465481470739688f,-0.816560015952266f,0.4517168319377495f,-0.35941848045441105f,0.1402286618804127f,0f,0f,0f,1f], start_interpolation: 0, interpolation_duration: 1 }
$data merge entity $(bone_arm_left_1) { transformation: [-0.43239622583540827f,0.8621139364953277f,0.26418377009919536f,0.2825566217105764f,0.5092534984935387f,0.47527896127564445f,-0.7174752840626886f,1.4136080993411309f,-0.7441064293200171f,-0.175697095790666f,-0.644543367334844f,-0.09609195006673443f,0f,0f,0f,1f], start_interpolation: 0, interpolation_duration: 1 }
$data merge entity $(bone_himo_right_2) { transformation: [-0.9550308339963243f,0.055272357535205804f,-0.2913092387975112f,-0.08981772566654049f,0.23703780095507854f,0.7325446765926205f,-0.6381154893232053f,1.089430089746506f,0.17812688464874032f,-0.6784712693167733f,-0.712704391509566f,0.30951881117933333f,0f,0f,0f,1f], start_interpolation: 0, interpolation_duration: 1 }
$data merge entity $(bone_himo_right_1) { transformation: [-0.9534215024362215f,0.038970166508395285f,-0.29911329762243244f,-0.08438027755635658f,0.1327671873385249f,0.9446152997469078f,-0.3001246565183816f,1.2646696793458112f,0.2708510894541038f,-0.32585773215679176f,-0.9057904977063722f,0.24275929578927005f,0f,0f,0f,1f], start_interpolation: 0, interpolation_duration: 1 }
$data merge entity $(bone_himo_left_2) { transformation: [-0.9495598594005497f,-0.16848954418904916f,-0.26447560740865056f,0.2168799286429108f,0f,0.8433914458128857f,-0.5372996083468239f,1.0776207589702462f,0.3135858310179339f,-0.5101981405577803f,-0.80085066270571f,0.15845892777636966f,0f,0f,0f,1f], start_interpolation: 0, interpolation_duration: 1 }
$data merge entity $(bone_himo_left_1) { transformation: [-0.9495598594005497f,-0.013678421835452065f,-0.31328736679173586f,0.2123571785063152f,0f,0.9990482215818578f,-0.04361938736533605f,1.2646696793458112f,0.3135858310179339f,-0.04141921933376658f,-0.948656088819638f,0.1447637235961657f,0f,0f,0f,1f], start_interpolation: 0, interpolation_duration: 1 }
$data merge entity $(bone_ponpon1) { transformation: [-0.9931477073820966f,0.015394499421391294f,-0.11584748900709993f,0.3008791490307772f,0.010164316455501615f,0.9989079196751423f,0.045603231039827025f,1.9481027263660682f,0.11642301315752729f,0.04411323381757692f,-0.9922195848749801f,0.006239910083653814f,0f,0f,0f,1f], start_interpolation: 0, interpolation_duration: 1 }
$data merge entity $(bone_ponpon2) { transformation: [-0.9931477073820966f,0.015394499421391294f,-0.11584748900709993f,0.32533717353551633f,0.010164316455501615f,0.9989079196751423f,0.045603231039827025f,1.8271333774495777f,0.11642301315752729f,0.04411323381757692f,-0.9922195848749801f,-0.09666069321897994f,0f,0f,0f,1f], start_interpolation: 0, interpolation_duration: 1 }
$data merge entity $(bone_ponpon3) { transformation: [-0.9931477073820966f,0.015394499421391294f,-0.11584748900709993f,-0.2825951290562045f,0.010164316455501615f,0.9989079196751423f,0.045603231039827025f,1.954074262283675f,0.11642301315752729f,0.04411323381757692f,-0.9922195848749801f,0.0746384303137011f,0f,0f,0f,1f], start_interpolation: 0, interpolation_duration: 1 }
$data merge entity $(bone_ponpon4) { transformation: [-0.9931477073820966f,0.015394499421391294f,-0.11584748900709993f,-0.33262318260512264f,0.010164316455501615f,0.9989079196751423f,0.045603231039827025f,1.8338672371013476f,0.11642301315752729f,0.04411323381757692f,-0.9922195848749801f,-0.019530447002118118f,0f,0f,0f,1f], start_interpolation: 0, interpolation_duration: 1 }
$data merge entity $(bone_ear_edge_a1) { transformation: [-0.9785121807885407f,0.1705674978980568f,-0.11584748900709993f,0.2021520030765085f,0.16630280289204902f,0.9850196561840664f,0.045603231039827025f,2.0567577390242597f,0.12189048280609129f,0.02535755492589831f,-0.9922195848749801f,0.0007142295971469259f,0f,0f,0f,1f], start_interpolation: 0, interpolation_duration: 1 }
$data merge entity $(bone_ear_edge_a2) { transformation: [-0.9931477073820965f,0.015394499421391303f,-0.11584748900709993f,0.08791140877983808f,0.010164316455501615f,0.9989079196751423f,0.045603231039827025f,2.067994893380587f,0.11642301315752729f,0.04411323381757691f,-0.9922195848749801f,0.014568961702663648f,0f,0f,0f,1f], start_interpolation: 0, interpolation_duration: 1 }
$data merge entity $(bone_ear_edge_b1) { transformation: [-0.9599227095518212f,0.2552013929770752f,-0.11584748900709993f,0.06566148309236995f,0.2515200902746211f,0.9667771146996471f,0.045603231039827025f,2.063906960908854f,0.12363670925310243f,0.014637606210914582f,-0.9922195848749801f,0.016978887014514242f,0f,0f,0f,1f], start_interpolation: 0, interpolation_duration: 1 }
$data merge entity $(bone_ear_edge_b2) { transformation: [-0.9918023154770352f,-0.05392148277951182f,-0.11584748900709993f,0.09472341631910744f,-0.05954073738014512f,0.9971836570617054f,0.045603231039827025f,2.0736013602247962f,0.11306222891231148f,0.05212703505765568f,-0.9922195848749801f,0.014031297486153144f,0f,0f,0f,1f], start_interpolation: 0, interpolation_duration: 1 }
$data merge entity $(bone_ear_right_2) { transformation: [-0.9880267614847171f,0.10189444479838697f,-0.11584748900709993f,0.15010543344687513f,0.09718619983850249f,0.9942208949120305f,0.045603231039827025f,2.1790619150211166f,0.11982471010176625f,0.03379843546008694f,-0.9922195848749801f,-0.01908287005829728f,0f,0f,0f,1f], start_interpolation: 0, interpolation_duration: 1 }
$data merge entity $(bone_ear_right_1) { transformation: [-0.9880267614847171f,0.10189444479838697f,-0.11584748900709993f,0.1271791833672381f,0.09718619983850249f,0.9942208949120305f,0.045603231039827025f,1.95536221366591f,0.11982471010176625f,0.03379843546008694f,-0.9922195848749801f,-0.026687518036816828f,0f,0f,0f,1f], start_interpolation: 0, interpolation_duration: 1 }
$data merge entity $(bone_ear_edge_a3) { transformation: [-0.9833286413516358f,-0.14015756272244326f,-0.11584748900709993f,-0.18564888491519094f,-0.14622444918561256f,0.9881997549984984f,0.045603231039827025f,2.0607266662220707f,0.10808882253919674f,0.061782698489237405f,-0.9922195848749801f,0.04617468583096282f,0f,0f,0f,1f], start_interpolation: 0, interpolation_duration: 1 }
$data merge entity $(bone_ear_edge_a4) { transformation: [-0.9931477073820966f,0.015394499421391289f,-0.11584748900709993f,-0.07109801809253241f,0.010164316455501615f,0.9989079196751424f,0.045603231039827025f,2.0696222667532735f,0.11642301315752727f,0.044113233817576925f,-0.9922195848749801f,0.03320904560894462f,0f,0f,0f,1f], start_interpolation: 0, interpolation_duration: 1 }
$data merge entity $(bone_ear_edge_b3) { transformation: [-0.9673712425154831f,-0.22532695898360666f,-0.11584748900709993f,-0.048981091181237016f,-0.23179530464004106f,0.9716950561084269f,0.045603231039827025f,2.065080264130045f,0.10229279496074326f,0.07096815827990272f,-0.9922195848749801f,0.030418009749088405f,0f,0f,0f,1f], start_interpolation: 0, interpolation_duration: 1 }
$data merge entity $(bone_ear_edge_b4) { transformation: [-0.9896545834876508f,0.08463548116856306f,-0.11584748900709993f,-0.07773509813590096f,0.07981985076309066f,0.995765603313795f,0.045603231039827025f,2.075366377556394f,0.11921659618544f,0.03588451733658568f,-0.9922195848749801f,0.034247967925284846f,0f,0f,0f,1f], start_interpolation: 0, interpolation_duration: 1 }
$data merge entity $(bone_ear_left_2) { transformation: [-0.9907101995473167f,-0.07122260739165406f,-0.11584748900709993f,-0.13713283014140815f,-0.07693492351310771f,0.9959926520124335f,0.045603231039827025f,2.1820016394825825f,0.11213526678502218f,0.054092303829416294f,-0.9922195848749801f,0.014589003614183638f,0f,0f,0f,1f], start_interpolation: 0, interpolation_duration: 1 }
$data merge entity $(bone_ear_left_1) { transformation: [-0.9907101995473167f,-0.07122260739165406f,-0.11584748900709993f,-0.12110774347828601f,-0.07693492351310771f,0.9959926520124335f,0.045603231039827025f,1.9579032927797853f,0.11213526678502218f,0.054092303829416294f,-0.9922195848749801f,0.002418235252564991f,0f,0f,0f,1f], start_interpolation: 0, interpolation_duration: 1 }
$data merge entity $(bone_head) { transformation: [-0.9931477073820966f,0.015394499421391294f,-0.11584748900709993f,-0.0012337269775151193f,0.010164316455501615f,0.9989079196751423f,0.045603231039827025f,1.4432673434193424f,0.11642301315752729f,0.04411323381757692f,-0.9922195848749801f,-0.003735811696290968f,0f,0f,0f,1f], start_interpolation: 0, interpolation_duration: 1 }
$data merge entity $(bone_body_1) { transformation: [-0.9495598594005497f,-0.013678421835452065f,-0.31328736679173586f,0.003895681210779405f,0f,0.9990482215818578f,-0.04361938736533605f,1.0686242603261458f,0.3135858310179339f,-0.04141921933376658f,-0.948656088819638f,0.011796395553871498f,0f,0f,0f,1f], start_interpolation: 0, interpolation_duration: 1 }
$data merge entity $(bone_leg_left_2) { transformation: [-0.9257725646644344f,-0.336809807801008f,-0.1717681922932285f,0.24484919792526422f,-0.1205904774487396f,0.6936336699032555f,-0.7101621425598708f,0.861273435504545f,0.35833377633614244f,-0.636735019726094f,-0.6827630770560823f,0.3275836172198997f,0f,0f,0f,1f], start_interpolation: 0, interpolation_duration: 1 }
$data merge entity $(bone_leg_left_1) { transformation: [-0.9257725646644344f,-0.34215660504794704f,0.16085402120151882f,0.14624570954427704f,-0.1205904774487396f,-0.13600520760823592f,-0.9833415074388578f,0.7762606367050522f,0.35833377633614244f,-0.9297480524989032f,0.08464906149022378f,0.04422730245106063f,0f,0f,0f,1f], start_interpolation: 0, interpolation_duration: 1 }
$data merge entity $(bone_leg_right_2) { transformation: [-0.9559724051386157f,-0.015570573378323072f,-0.29304320135120077f,-0.008941805904812805f,0.16042999720436046f,0.8084252211133576f,-0.5663134095753233f,0.7905111023869211f,0.24572133934703155f,-0.5883929121875018f,-0.7703342159588992f,0.4406008153343899f,0f,0f,0f,1f], start_interpolation: 0, interpolation_duration: 1 }
$data merge entity $(bone_leg_right_1) { transformation: [-0.9559724051386157f,-0.2335656566254146f,-0.1776621643981325f,-0.09689101979650444f,0.16042999720436046f,0.09097186834952092f,-0.9828460383834319f,0.7801182337440797f,0.24572133934703155f,-0.9680760317320827f,-0.04949565814659518f,0.10522215483316372f,0f,0f,0f,1f], start_interpolation: 0, interpolation_duration: 1 }
$data merge entity $(bone_skirt_forward_right) { transformation: [-0.9698694191721541f,-0.09202898082733894f,-0.2255747690734706f,0.01052399212839286f,0.0938926850505363f,0.7131857486274185f,-0.6946583704589973f,0.9629297035744764f,0.22480541240964172f,-0.6949077310281054f,-0.6830561996707891f,0.031867385249296255f,0f,0f,0f,1f], start_interpolation: 0, interpolation_duration: 1 }
$data merge entity $(bone_skirt_forward_left) { transformation: [-0.9130030671668715f,-0.36799976821686037f,-0.17607262687942654f,0.011850128614767414f,-0.0938926850505363f,0.6095673144226402f,-0.7871542751466011f,0.9255166414904273f,0.39700070911509155f,-0.7021423358407517f,-0.5910893140483995f,0.0358830194106361f,0f,0f,0f,1f], start_interpolation: 0, interpolation_duration: 1 }
$data merge entity $(bone_skirt_forward) { transformation: [-0.9495598594005497f,-0.21783502237394847f,-0.2255747690734706f,0.01052399212839286f,0f,0.7193398003386512f,-0.6946583704589973f,0.9629297035744764f,0.3135858310179339f,-0.6596197045844603f,-0.6830561996707891f,0.031867385249296255f,0f,0f,0f,1f], start_interpolation: 0, interpolation_duration: 1 }
$data merge entity $(bone_skirt_back_right) { transformation: [-0.9541650293301623f,-0.011178654349074585f,-0.2990721225562727f,0.010500358938562661f,0.08312190921349345f,0.95008776981561f,-0.30070579950427306f,0.9879105409052625f,0.2875062521269304f,-0.31178240382315386f,-0.9056113336604074f,0.03179582229525747f,0f,0f,0f,1f], start_interpolation: 0, interpolation_duration: 1 }
$data merge entity $(bone_skirt_back_left) { transformation: [-0.9377279655809795f,-0.17669784400790814f,-0.2990721225562727f,0.010500358938562661f,-0.08312190921349345f,0.95008776981561f,-0.30070579950427306f,0.9879105409052625f,0.3372788323865893f,-0.2571207917881346f,-0.9056113336604074f,0.03179582229525747f,0f,0f,0f,1f], start_interpolation: 0, interpolation_duration: 1 }
$data merge entity $(bone_skirt_back) { transformation: [-0.9495598594005497f,-0.09429707802945969f,-0.2990721225562727f,0.010500358938562661f,0f,0.9537169507482269f,-0.30070579950427306f,0.9879105409052625f,0.3135858310179339f,-0.28553815669820737f,-0.9056113336604074f,0.03179582229525747f,0f,0f,0f,1f], start_interpolation: 0, interpolation_duration: 1 }
$data merge entity $(bone_skirt_right) { transformation: [-0.9570999216745913f,-0.010204361379870852f,-0.28957833299354413f,-0.1734374336401763f,0.12059047744873963f,0.8946921989195289f,-0.43009743772920006f,1.0003335550386931f,0.2634723451885908f,-0.44656661339756143f,-0.8550792846978909f,0.09267247440200842f,0f,0f,0f,1f], start_interpolation: 0, interpolation_duration: 1 }
$data merge entity $(bone_skirt_left) { transformation: [-0.9257725646644344f,-0.2808764123941314f,-0.2530881259072368f,0.19054894678555487f,-0.1205904774487396f,0.853802163348527f,-0.5064383502560408f,1.0003632773996316f,0.35833377633614244f,-0.43832671242119964f,-0.8242976391539055f,-0.040857614133251244f,0f,0f,0f,1f], start_interpolation: 0, interpolation_duration: 1 }
$data merge entity $(bone_coat_downer) { transformation: [-0.9495598594005497f,-0.14479782260268667f,-0.2781540292441026f,0.019394980173691453f,0f,0.8870108331782217f,-0.46174861323503386f,0.8623206669545095f,0.3135858310179339f,-0.4384579482618576f,-0.8422698820394766f,0.08364279266593158f,0f,0f,0f,1f], start_interpolation: 0, interpolation_duration: 1 }
$data merge entity $(bone_body_2) { transformation: [-0.9495598594005497f,-0.12000410215500197f,-0.28971553096301217f,0f,0f,0.9238795325112867f,-0.3826834323650897f,1.06875f,0.3135858310179339f,-0.36338082623151435f,-0.877278918994463f,0f,0f,0f,0f,1f], start_interpolation: 0, interpolation_duration: 1 }
$data merge entity $(bone_book_left) { transformation: [0.8015196347953703f,-0.15476562492758333f,-0.5775931754948895f,0.07400618244493802f,0f,0.9659258262890683f,-0.2588190451025207f,1.146875f,0.5979684565572799f,0.20744854650865893f,0.7742085155266303f,0.35966132552937924f,0f,0f,0f,1f], start_interpolation: 0, interpolation_duration: 1 }
$data merge entity $(bone_book_right) { transformation: [0.8015196347953703f,-0.15476562492758333f,-0.5775931754948895f,0.14914864820700396f,0f,0.9659258262890683f,-0.2588190451025207f,1.146875f,0.5979684565572799f,0.20744854650865893f,0.7742085155266303f,0.41572086833162425f,0f,0f,0f,1f], start_interpolation: 0, interpolation_duration: 1 }
$data merge entity $(bone_book_loot_1) { transformation: [0.8015196347953703f,-0.15476562492758333f,-0.5775931754948895f,0.19821639165020444f,0f,0.9659258262890683f,-0.2588190451025207f,1.1856978567653782f,0.5979684565572799f,0.20744854650865893f,0.7742085155266303f,0.2715598196015072f,0f,0f,0f,1f], start_interpolation: 0, interpolation_duration: 1 }
$data merge entity $(bone_book_left2) { transformation: [-0.18652511679427397f,-0.48901548026864533f,-0.8520987271804296f,0.34564734268797204f,-0.4015987478825378f,0.8294993993759021f,-0.3881355332022505f,1.955333376707998f,0.8966196665833623f,0.26980475624540723f,-0.351110476920436f,-0.6806756427179221f,0f,0f,0f,1f], start_interpolation: 0, interpolation_duration: 1 }
$data merge entity $(bone_book_right2) { transformation: [0.34994907596950453f,-0.48901548026864533f,-0.7989990640080348f,0.33759261833133714f,-0.09675986964971453f,0.8294993993759021f,-0.5500620638258811f,1.9798961232920027f,0.9317581080159483f,0.26980475624540723f,0.2429654742013693f,-0.7707914315442348f,0f,0f,0f,1f], start_interpolation: 0, interpolation_duration: 1 }
$data merge entity $(bone_book_loot_2) { transformation: [0.08591705980410586f,-0.48901548026864533f,-0.8680334779789565f,0.47182500220649803f,-0.26200263022938497f,0.8294993993759021f,-0.49323966607309844f,2.041600699910965f,0.9612350808140022f,0.26980475624540723f,-0.05685519254962168f,-0.7172052582486352f,0f,0f,0f,1f], start_interpolation: 0, interpolation_duration: 1 }
$data merge entity $(bone_air_staff_povit_1) { transformation: [-0.00001483687280313359f,0f,-0.000004899778609655218f,0.2087368105396061f,0f,0.000015625f,0f,1.2348725f,0.000004899778609655218f,0f,-0.00001483687280313359f,0.6550857090732498f,0f,0f,0f,1f], start_interpolation: 0, interpolation_duration: 1 }