# This file was generated by Animated Java via MC-Build. It is not recommended to edit this file directly.
$data merge entity $(bone_wing_right_1) { transformation: [0.3547968612505651f,0.01962171993825914f,-0.7353085201450178f,-0.3454755920179787f,-0.2897215324613705f,0.754111835495754f,-0.1196712899483597f,1.5108002250418109f,0.6761102464239295f,0.312849440012818f,0.33458124126837097f,-0.11369893504399783f,0f,0f,0f,1f], start_interpolation: 0, interpolation_duration: 1 }
$data merge entity $(bone_wing_right_2) { transformation: [0.3284556396181455f,-0.11524582061593522f,-0.7203022238155277f,-0.3454755920179787f,0.02049140730689486f,0.7910988935622236f,-0.11722901872492379f,1.5108002250418109f,0.7291755584422848f,0.029680657593545323f,0.3277530526710573f,-0.11369893504399783f,0f,0f,0f,1f], start_interpolation: 0, interpolation_duration: 1 }
$data merge entity $(bone_wing_left_1) { transformation: [-0.3373702246987191f,0.01654893373116835f,-0.7435401191082707f,-0.3446551840509181f,-0.05037849994515421f,0.8140806473488476f,0.04097744257273515f,1.494789058724446f,0.7420160258878888f,0.0627955161527247f,-0.33528105362680577f,-0.046936649123751756f,0f,0f,0f,1f], start_interpolation: 0, interpolation_duration: 1 }
$data merge entity $(bone_wing_left_2) { transformation: [-0.3115321941943898f,-0.11149398309195951f,-0.728365830963204f,-0.3446551840509181f,-0.350771109871739f,0.7178776463243f,0.040141168234516064f,1.494789058724446f,0.6480025620780966f,0.3349936964215493f,-0.3284385831446261f,-0.046936649123751756f,0f,0f,0f,1f], start_interpolation: 0, interpolation_duration: 1 }
$data merge entity $(bone_staff) { transformation: [-0.08291761888432993f,0.004337403200317909f,1.5602923140911866f,-0.00278767259143594f,1.557374524687164f,-0.0953794549791978f,0.0830277027461375f,1.481751361530609f,0.09547517129590709f,1.5595801346841234f,0.0007383526719286654f,0.760718873606715f,0f,0f,0f,1f], start_interpolation: 0, interpolation_duration: 1 }
$data merge entity $(bone_arm_right_2) { transformation: [0.0027759380482030305f,-0.9985870810183595f,0.05306727608597093f,-0.002825949736591368f,-0.06104285118668684f,-0.05313772975752775f,-0.9967196957997849f,1.4935711639970937f,0.998131286197839f,-0.00047254571003477555f,-0.06110410962938076f,0.5679239657995104f,0f,0f,0f,1f], start_interpolation: 0, interpolation_duration: 1 }
$data merge entity $(bone_arm_right_1) { transformation: [0.011948801097828645f,-0.9985870810183595f,0.05177902833731676f,-0.008650644170702472f,-0.2331940319349895f,-0.05313772975752775f,-0.970977304135436f,1.558936113788856f,0.9723568118865767f,-0.00047254571003477555f,-0.23349947982452615f,0.23593401956849938f,0f,0f,0f,1f], start_interpolation: 0, interpolation_duration: 1 }
$data merge entity $(bone_arm_left_2) { transformation: [-0.9763488394033109f,-0.026932804613705265f,-0.21451705720396141f,0.2509955747157415f,0.17046359441708958f,0.5144124021629983f,-0.8404296778906011f,1.5092131587790099f,0.13298536300741395f,-0.8571198892433506f,-0.4976548891443274f,-0.48843472149713285f,0f,0f,0f,1f], start_interpolation: 0, interpolation_duration: 1 }
$data merge entity $(bone_arm_left_1) { transformation: [-0.7499340029453984f,-0.026932804613705265f,-0.6609641558072048f,0.00966752059015239f,0.5565392120088973f,0.5144124021629983f,-0.6524139682727594f,1.6903493326177212f,0.35757949706716496f,-0.8571198892433506f,-0.37078619006195446f,-0.34661869650690524f,0f,0f,0f,1f], start_interpolation: 0, interpolation_duration: 1 }
$data merge entity $(bone_himo_right_2) { transformation: [0.011948801097828645f,-0.5802104371035587f,-0.8143789503839239f,0.25565835679599347f,-0.2331940319349895f,0.7903630709991244f,-0.5665216319530404f,1.3843046265763697f,0.9723568118865767f,0.19667756526083618f,-0.12585772006850393f,0.04457556553989264f,0f,0f,0f,1f], start_interpolation: 0, interpolation_duration: 1 }
$data merge entity $(bone_himo_right_1) { transformation: [0.011948801097828645f,-0.3084680554920533f,-0.9511596526836469f,0.1918758485619607f,-0.2331940319349895f,0.9241389983301939f,-0.3026345241957188f,1.5556892229870578f,0.9723568118865767f,0.22542087415813455f,-0.06089055650554391f,0.08646141346638322f,0f,0f,0f,1f], start_interpolation: 0, interpolation_duration: 1 }
$data merge entity $(bone_himo_left_2) { transformation: [0.011948801097828645f,-0.5441354944325705f,-0.8389122658841903f,0.2040915852885009f,-0.2331940319349895f,0.8143221470006528f,-0.5315072759371695f,1.4468362242523325f,0.9723568118865767f,0.20198020844347425f,-0.11715897650160258f,-0.2611782893045829f,0f,0f,0f,1f], start_interpolation: 0, interpolation_duration: 1 }
$data merge entity $(bone_himo_left_1) { transformation: [0.011948801097828645f,-0.051779028337316985f,-0.9985870810183595f,0.18814184821888924f,-0.2331940319349895f,0.970977304135436f,-0.053137729757527966f,1.628562357966742f,0.9723568118865767f,0.23349947982452615f,-0.00047254571003482737f,-0.21740009024817197f,0f,0f,0f,1f], start_interpolation: 0, interpolation_duration: 1 }
$data merge entity $(bone_ponpon1) { transformation: [-0.9686112352565179f,-0.028334771891807945f,-0.24696035235778635f,0.2560816480055452f,-0.06671397647315352f,0.9866660099670886f,0.14845682914155364f,2.2824892253292917f,0.2394608950914163f,0.1602726597940651f,-0.9575861080052038f,0.010461749196309503f,0f,0f,0f,1f], start_interpolation: 0, interpolation_duration: 1 }
$data merge entity $(bone_ponpon2) { transformation: [-0.9686112352565179f,-0.028334771891807945f,-0.24696035235778635f,0.2727938827805982f,-0.06671397647315352f,0.9866660099670886f,0.14845682914155364f,2.1755755759331694f,0.2394608950914163f,0.1602726597940651f,-0.9575861080052038f,-0.1083258144693646f,0f,0f,0f,1f], start_interpolation: 0, interpolation_duration: 1 }
$data merge entity $(bone_ponpon3) { transformation: [-0.9686112352565179f,-0.028334771891807945f,-0.24696035235778635f,-0.3129774527076591f,-0.06671397647315352f,0.9866660099670886f,0.14845682914155364f,2.243294764151314f,0.2394608950914163f,0.1602726597940651f,-0.9575861080052038f,0.1511450250625166f,0f,0f,0f,1f], start_interpolation: 0, interpolation_duration: 1 }
$data merge entity $(bone_ponpon4) { transformation: [-0.9686112352565179f,-0.028334771891807945f,-0.24696035235778635f,-0.3689110605768449f,-0.06671397647315352f,0.9866660099670886f,0.14845682914155364f,2.1313775665197054f,0.2394608950914163f,0.1602726597940651f,-0.9575861080052038f,0.050317028528698696f,0f,0f,0f,1f], start_interpolation: 0, interpolation_duration: 1 }
$data merge entity $(bone_ear_edge_a1) { transformation: [-0.9514413946824032f,0.2619281468733947f,-0.1617186394954923f,0.16474399643993565f,0.06789929838703523f,0.6909810262800676f,0.7196769459969471f,2.3344311107029028f,0.300248160299696f,0.6737498550622582f,-0.6752126887435059f,0.08201508400923846f,0f,0f,0f,1f], start_interpolation: 0, interpolation_duration: 1 }
$data merge entity $(bone_ear_edge_a2) { transformation: [-0.9807021618225049f,0.10986515114626985f,-0.1617186394954923f,0.05288895937404548f,-0.04102990184760717f,0.6930956936490682f,0.7196769459969471f,2.336689671558468f,0.19115390906555224f,0.7124240366584528f,-0.6752126887435059f,0.11121251901387622f,0f,0f,0f,1f], start_interpolation: 0, interpolation_duration: 1 }
$data merge entity $(bone_ear_edge_b1) { transformation: [-0.9161748895519208f,0.39952614528973474f,-0.0316611905090694f,0.01957515049369883f,0.05037034378791966f,0.19315885391335666f,0.9798737090164045f,2.3850217908616607f,0.3976008051063435f,0.8961409020822592f,-0.19709156094055147f,0.06647634665372243f,0f,0f,0f,1f], start_interpolation: 0, interpolation_duration: 1 }
$data merge entity $(bone_ear_edge_b2) { transformation: [-0.9947944673659894f,0.0968583332169525f,-0.0316611905090694f,0.049924207316889624f,-0.011784324785686924f,0.19927027893737723f,0.9798737090164045f,2.386955666265057f,0.10121806848267362f,0.9751460501989712f,-0.19709156094055147f,0.0712155977408532f,0f,0f,0f,1f], start_interpolation: 0, interpolation_duration: 1 }
$data merge entity $(bone_ear_right_2) { transformation: [-0.9673949151644555f,0.25128598673524266f,-0.0316611905090694f,0.12327739111592667f,0.01953349929137692f,0.1986604056772976f,0.9798737090164045f,2.438359047670848f,0.25251835679686707f,0.9473063897634322f,-0.19709156094055147f,0.1564367649344881f,0f,0f,0f,1f], start_interpolation: 0, interpolation_duration: 1 }
$data merge entity $(bone_ear_right_1) { transformation: [-0.9673949151644555f,0.19492090640483675f,-0.1617186394954923f,0.07942018717483848f,0.01953349929137692f,0.6940342468538142f,0.7196769459969471f,2.2822013421287397f,0.25251835679686707f,0.6930528871885435f,-0.6752126887435059f,0.0004998653170660457f,0f,0f,0f,1f], start_interpolation: 0, interpolation_duration: 1 }
$data merge entity $(bone_ear_edge_a3) { transformation: [-0.9522534887493848f,-0.17951010425027214f,-0.24696035235778635f,-0.22598552688201923f,-0.22024118615985266f,0.964082148885735f,0.14845682914155364f,2.358463401626374f,0.21144056631480782f,0.19575937441644975f,-0.9575861080052038f,0.12372087417044951f,0f,0f,0f,1f], start_interpolation: 0, interpolation_duration: 1 }
$data merge entity $(bone_ear_edge_a4) { transformation: [-0.9686112352565178f,-0.028334771891807956f,-0.24696035235778635f,-0.11470157049939898f,-0.06671397647315354f,0.9866660099670886f,0.14845682914155364f,2.376090862838773f,0.2394608950914163f,0.16027265979406508f,-0.9575861080052038f,0.0977536970416886f,0f,0f,0f,1f], start_interpolation: 0, interpolation_duration: 1 }
$data merge entity $(bone_ear_edge_b3) { transformation: [-0.9329845402648629f,-0.261821374204019f,-0.24696035235778635f,-0.09294380538927619f,-0.30342839770977703f,0.9412182410814789f,0.14845682914155364f,2.373318932047102f,0.1935744174472451f,0.2134427104995767f,-0.9575861080052038f,0.09171265556699987f,0f,0f,0f,1f], start_interpolation: 0, interpolation_duration: 1 }
$data merge entity $(bone_ear_edge_b4) { transformation: [-0.9682282807411802f,0.0393011543888559f,-0.24696035235778635f,-0.12142096312538389f,0.002274877038992401f,0.9889162729046848f,0.14845682914155364f,2.3812448829834705f,0.25005763597106195f,0.1431782960088933f,-0.9575861080052038f,0.10028566052600416f,0f,0f,0f,1f], start_interpolation: 0, interpolation_duration: 1 }
$data merge entity $(bone_ear_left_2) { transformation: [-0.9624558389848236f,-0.11264698117276659f,-0.24696035235778635f,-0.18807819240316345f,-0.15245371859372292f,0.9770969417453835f,0.14845682914155364f,2.485369659903162f,0.22458099138387813f,0.18053316610662115f,-0.9575861080052038f,0.10098505146390982f,0f,0f,0f,1f], start_interpolation: 0, interpolation_duration: 1 }
$data merge entity $(bone_ear_left_1) { transformation: [-0.9624558389848236f,-0.11264698117276659f,-0.24696035235778635f,-0.162732621639291f,-0.15245371859372292f,0.9770969417453835f,0.14845682914155364f,2.265522848010451f,0.22458099138387813f,0.18053316610662115f,-0.9575861080052038f,0.060365089089920124f,0f,0f,0f,1f], start_interpolation: 0, interpolation_duration: 1 }
$data merge entity $(bone_head) { transformation: [-0.9686112352565179f,-0.028334771891807945f,-0.24696035235778635f,-0.019417135626493855f,-0.06671397647315352f,0.9866660099670886f,0.14845682914155364f,1.7635564890507887f,0.2394608950914163f,0.1602726597940651f,-0.9575861080052038f,-0.021782695065802687f,0f,0f,0f,1f], start_interpolation: 0, interpolation_duration: 1 }
$data merge entity $(bone_body_1) { transformation: [0.011948801097828645f,-0.051779028337316985f,-0.9985870810183595f,1.3390900425276734e-17f,-0.2331940319349895f,0.970977304135436f,-0.053137729757527966f,1.39944f,0.9723568118865767f,0.23349947982452615f,-0.00047254571003482737f,-0.109345f,0f,0f,0f,1f], start_interpolation: 0, interpolation_duration: 1 }
$data merge entity $(bone_leg_left_2) { transformation: [0.007638809436861047f,-0.36163716544542146f,-0.9322876214768638f,0.2262274832834102f,-0.19931127530931395f,0.913057345193188f,-0.3558107642038705f,0.7979014750399622f,0.9799064568237941f,0.18853340541497793f,-0.06510369357931528f,-0.3389352975918841f,0f,0f,0f,1f], start_interpolation: 0, interpolation_duration: 1 }
$data merge entity $(bone_leg_left_1) { transformation: [0.007638809436861047f,-0.5254774422913889f,-0.8507732401958157f,0.025889208409818176f,-0.19931127530931395f,0.8329267539580629f,-0.5162441651732824f,1.1154547999864737f,0.9799064568237941f,0.17351219030311543f,-0.09837101042102425f,-0.27278377503882134f,0f,0f,0f,1f], start_interpolation: 0, interpolation_duration: 1 }
$data merge entity $(bone_leg_right_2) { transformation: [-0.03513922582266314f,0.05410014535126695f,-0.9979170351695351f,0.3067683924531382f,0.14626971377949188f,0.98805927954273f,0.048415193280278906f,1.2108023501540695f,0.988620455806701f,-0.1442637667000034f,-0.04263285092598858f,-0.016928915152149764f,0f,0f,0f,1f], start_interpolation: 0, interpolation_duration: 1 }
$data merge entity $(bone_leg_right_1) { transformation: [-0.03513922582266314f,-0.9905961415050758f,-0.13222904084897372f,-0.015976587398446724f,0.14626971377949188f,0.12578818299557848f,-0.9812148102477543f,1.138262119831389f,0.988620455806701f,-0.05382023275615354f,0.1404741147209123f,-0.017667894402526182f,0f,0f,0f,1f], start_interpolation: 0, interpolation_duration: 1 }
$data merge entity $(bone_skirt_forward_right) { transformation: [-0.09247585705980566f,-0.7652033822974111f,-0.637112234682129f,0.004369766988628798f,-0.03704937756835226f,0.6420552977059089f,-0.7657625861254742f,1.2894529680020952f,0.9950254064509367f,-0.047209939720131606f,-0.08772492296245958f,-0.12382046817056062f,0f,0f,0f,1f], start_interpolation: 0, interpolation_duration: 1 }
$data merge entity $(bone_skirt_forward_left) { transformation: [0.09040304875311636f,-0.7191694065996002f,-0.6889286272084508f,0.00888393698510007f,-0.2217696675341685f,0.6598547643586185f,-0.7179205419230016f,1.2521657486175206f,0.9708993270869672f,0.21768567836311808f,-0.09983707777005026f,-0.12872466686245393f,0f,0f,0f,1f], start_interpolation: 0, interpolation_duration: 1 }
$data merge entity $(bone_skirt_forward) { transformation: [-0.0010453472439289591f,-0.7005448588610094f,-0.7136076008371462f,0.004369766988628798f,-0.13052619222005157f,0.7075985548341128f,-0.6944546049535628f,1.2894529680020952f,0.9914443102835749f,0.09241853666923722f,-0.09217913910556498f,-0.12382046817056062f,0f,0f,0f,1f], start_interpolation: 0, interpolation_duration: 1 }
$data merge entity $(bone_skirt_back_right) { transformation: [0.00032803074277790666f,-0.05404275181805801f,-0.9985385687952987f,0.010814706854936133f,-0.04363024174380442f,0.9975869881637518f,-0.054005583523854234f,1.313352263719954f,0.9990476937570142f,0.043584194638728896f,-0.002030659125609369f,-0.12066726911087218f,0f,0f,0f,1f], start_interpolation: 0, interpolation_duration: 1 }
$data merge entity $(bone_skirt_back_left) { transformation: [-0.0024107695069116018f,-0.05422452397991245f,-0.9985258580475201f,0.010814706854936133f,-0.21642875955963442f,0.9748901969527344f,-0.0524184692731203f,1.313352263719954f,0.9762954369584355f,0.21598334399812177f,-0.014085982022084798f,-0.12066726911087218f,0f,0f,0f,1f], start_interpolation: 0, interpolation_duration: 1 }
$data merge entity $(bone_skirt_back) { transformation: [-0.0010453472439289591f,0.015712104351053205f,-0.999876010826343f,0.010814706854936133f,-0.13052619222005157f,0.9913203213478035f,0.01571412191062453f,1.313352263719954f,0.9914443102835749f,0.13052643509936768f,0.0010145671869353848f,-0.12066726911087218f,0f,0f,0f,1f], start_interpolation: 0, interpolation_duration: 1 }
$data merge entity $(bone_skirt_right) { transformation: [-0.0235505267205127f,-0.39956246253574945f,-0.9164034107441733f,0.012638410336906665f,0.05094539284930136f,0.9149869946442186f,-0.40025412749823197f,1.312041504903383f,0.998423727501814f,-0.056112727293444194f,-0.001192559044572255f,0.07458405871287048f,0f,0f,0f,1f], start_interpolation: 0, interpolation_duration: 1 }
$data merge entity $(bone_skirt_left) { transformation: [0.015096195912379965f,-0.3799191680684639f,-0.9248964972380106f,0.002186514903686706f,-0.2578290015624424f,0.8922417861612303f,-0.37071390718602854f,1.3537879088957767f,0.9660726219194337f,0.24406151020180059f,-0.08448472297242399f,-0.3107748795000077f,0f,0f,0f,1f], start_interpolation: 0, interpolation_duration: 1 }
$data merge entity $(bone_coat_downer) { transformation: [-0.0010453472439289591f,-0.2096137587140755f,-0.9777837078857966f,0.027607959657797283f,-0.13052619222005157f,0.9694477540264624f,-0.20768718149558912f,1.178589080408163f,0.9914443102835749f,0.12740927898236046f,-0.028373495299685615f,-0.13051156423402965f,0f,0f,0f,1f], start_interpolation: 0, interpolation_duration: 1 }
$data merge entity $(bone_body_2) { transformation: [-0.0010453472439289591f,-0.12359664977069862f,-0.9923319885071723f,1.3390900425276734e-17f,-0.13052619222005157f,0.9838598432005282f,-0.1224039300102986f,1.39944f,0.9914443102835749f,0.12939736126711085f,-0.01716107524122665f,-0.109345f,0f,0f,0f,1f], start_interpolation: 0, interpolation_duration: 1 }
$data merge entity $(bone_book_left) { transformation: [-0.17108262884262593f,-0.7326399065824063f,-0.6587636157160013f,-0.8789835153255463f,0.2718618015067969f,0.6075607962628502f,-0.7462982243888368f,2.548562579611747f,0.9470068083122608f,-0.3067713254647095f,0.0952337066528968f,-0.6173010156831265f,0f,0f,0f,1f], start_interpolation: 0, interpolation_duration: 1 }
$data merge entity $(bone_book_right) { transformation: [-0.42474576382053986f,-0.7326399065824063f,-0.5318174530789952f,-0.9075398484920718f,-0.055949299871047256f,0.6075607962628502f,-0.7923001670379675f,2.5589106419186973f,0.9035821556230764f,-0.3067713254647095f,-0.29904956430695473f,-0.5286076340666053f,0f,0f,0f,1f], start_interpolation: 0, interpolation_duration: 1 }
$data merge entity $(bone_book_loot_1) { transformation: [-0.3046008871096048f,-0.7326399065824063f,-0.6086518437127788f,-0.8019639053518922f,0.11037933127413563f,0.6075607962628502f,-0.7865661333110688f,2.6717215307618827f,0.9460627372428935f,-0.3067713254647095f,-0.10419525456137087f,-0.5573250366906602f,0f,0f,0f,1f], start_interpolation: 0, interpolation_duration: 1 }
$data merge entity $(bone_book_left2) { transformation: [0.996070287288812f,-0.0007267240355091429f,0.08856328049795799f,0.6972433338055049f,0.011696105793752099f,0.9922876408904091f,-0.12340356091056548f,1.8177993783470705f,-0.08779056834105327f,0.12395446586679518f,0.9883967353760494f,-0.3376446164688003f,0f,0f,0f,1f], start_interpolation: 0, interpolation_duration: 1 }
$data merge entity $(bone_book_right2) { transformation: [0.996070287288812f,-0.0007267240355091429f,0.08856328049795799f,0.6038617443721788f,0.011696105793752099f,0.9922876408904091f,-0.12340356091056548f,1.8167028684289062f,-0.08779056834105327f,0.12395446586679518f,0.9883967353760494f,-0.3294142506868265f,0f,0f,0f,1f], start_interpolation: 0, interpolation_duration: 1 }
$data merge entity $(bone_book_loot_2) { transformation: [0.996070287288812f,-0.0007267240355091429f,0.08856328049795799f,0.6372680470141481f,0.011696105793752099f,0.9922876408904091f,-0.12340356091056548f,1.8357616575245732f,-0.08779056834105327f,0.12395446586679518f,0.9883967353760494f,-0.48178894388422083f,0f,0f,0f,1f], start_interpolation: 0, interpolation_duration: 1 }
$data merge entity $(bone_air_staff_povit_1) { transformation: [-1.633355068638999e-8f,-2.150352742333565e-9f,-0.000015624991314912947f,0.6874692108561365f,-0.0000020394717534383057f,0.000015491325958965787f,0f,1.5631992261912226f,0.00001549131734818086f,0.000002039470619806964f,-1.6474492251396772e-8f,-0.07978104771697837f,0f,0f,0f,1f], start_interpolation: 0, interpolation_duration: 1 }