# This file was generated by Animated Java via MC-Build. It is not recommended to edit this file directly.
$data merge entity $(bone_wing_right_1) { transformation: [0.42619464801576723f,0.032326339725081595f,-0.6958861790602965f,-0.336760479667755f,-0.27690609406114314f,0.7564325172377631f,-0.13445187384929563f,1.5452177369966738f,0.6392382822695788f,0.3061197462918133f,0.40572104191885133f,-0.11778363040893775f,0f,0f,0f,1f], start_interpolation: 0, interpolation_duration: 1 }
$data merge entity $(bone_wing_right_2) { transformation: [0.3978350368745277f,-0.13051296697988152f,-0.6816844203039639f,-0.336760479667755f,0.032959659740450675f,0.7883949991053935f,-0.13170795805645288f,1.5452177369966738f,0.6932827303956421f,0.03741244225809079f,0.3974410206552013f,-0.11778363040893775f,0f,0f,0f,1f], start_interpolation: 0, interpolation_duration: 1 }
$data merge entity $(bone_wing_left_1) { transformation: [-0.40759581687357355f,0.029046863985072013f,-0.7070830037585695f,-0.3357124971402957f,-0.045255918806757424f,0.8132383722657216f,0.059495345465003076f,1.5270649747120197f,0.7062308378459304f,0.06887723870537062f,-0.4042751218022239f,-0.04197090226828534f,0f,0f,0f,1f], start_interpolation: 0, interpolation_duration: 1 }
$data merge entity $(bone_wing_left_2) { transformation: [-0.3797732437772694f,-0.12650876385245824f,-0.6926527383757416f,-0.3357124971402957f,-0.3458192999904008f,0.7190356867055891f,0.058281154741227505f,1.5270649747120197f,0.6133362006803772f,0.32708288538586766f,-0.39602460911238263f,-0.04197090226828534f,0f,0f,0f,1f], start_interpolation: 0, interpolation_duration: 1 }
$data merge entity $(bone_staff) { transformation: [-0.08310890648203324f,0.006672936174265516f,1.5602738963355676f,-0.001513698728505659f,1.5573913130100157f,-0.09481305575553883f,0.08336085783649555f,1.5150054824960122f,0.0950339824710086f,1.5596064267567988f,-0.0016080406054454557f,0.7606669930209018f,0f,0f,0f,1f], start_interpolation: 0, interpolation_duration: 1 }
$data merge entity $(bone_arm_right_2) { transformation: [0.0042706791515294985f,-0.9985752936547633f,0.05318970014850105f,-0.0018407006449082403f,-0.0606803556835451f,-0.0533509490153569f,-0.99673044032641f,1.5267553730604344f,0.9981481131243513f,0.001029145987484662f,-0.06082174878144572f,0.5678680853130371f,0f,0f,0f,1f], start_interpolation: 0, interpolation_duration: 1 }
$data merge entity $(bone_arm_right_1) { transformation: [0.01344209244049151f,-0.9985752936547633f,0.05164003343457518f,-0.008172195925760932f,-0.23283890932053175f,-0.0533509490153569f,-0.9710508321120918f,1.5919987029603595f,0.9724224146209538f,0.001029145987484662f,-0.2332243306374572f,0.23586349468803078f,0f,0f,0f,1f], start_interpolation: 0, interpolation_duration: 1 }
$data merge entity $(bone_arm_left_2) { transformation: [-0.9808586172610169f,-0.028343213429280964f,-0.1926474375570762f,0.25557771133313845f,0.15098278292493517f,0.514068398576345f,-0.844356489194815f,1.5469482484754422f,0.12296573589844956f,-0.8572807847127184f,-0.49994908136459093f,-0.48611611077816347f,0f,0f,0f,1f], start_interpolation: 0, interpolation_duration: 1 }
$data merge entity $(bone_arm_left_1) { transformation: [-0.7644809455305073f,-0.028343213429280964f,-0.6440229391669859f,0.009253062803638926f,0.5414046662639664f,0.514068398576345f,-0.6652929196472446f,1.723204599135385f,0.34992838019855466f,-0.8572807847127184f,-0.37765034740346975f,-0.3467633407882643f,0f,0f,0f,1f], start_interpolation: 0, interpolation_duration: 1 }
$data merge entity $(bone_himo_right_2) { transformation: [0.01344209244049151f,-0.5800868766457312f,-0.8144436909291036f,0.25588979577729776f,-0.23283890932053175f,0.7903105212419401f,-0.5667409658042358f,1.4173542407377115f,0.9724224146209538f,0.19725236515107475f,-0.12444336858611872f,0.044176148733604856f,0f,0f,0f,1f], start_interpolation: 0, interpolation_duration: 1 }
$data merge entity $(bone_himo_right_1) { transformation: [0.01344209244049151f,-0.3083307459315824f,-0.9511842414927273f,0.19213287940579657f,-0.23283890932053175f,0.9241548356970916f,-0.30285950862422456f,1.5887404005020147f,0.9724224146209538f,0.2255437668634526f,-0.059368819861928095f,0.08609454989636517f,0f,0f,0f,1f], start_interpolation: 0, interpolation_duration: 1 }
$data merge entity $(bone_himo_left_2) { transformation: [0.01344209244049151f,-0.5440092276340016f,-0.838971555179243f,0.20385582737246813f,-0.23283890932053175f,0.8142792144674109f,-0.5317286932193535f,1.4797639720750095f,0.9724224146209538f,0.20249276810640163f,-0.1157208987493641f,-0.2615234488296279f,0f,0f,0f,1f], start_interpolation: 0, interpolation_duration: 1 }
$data merge entity $(bone_himo_left_1) { transformation: [0.01344209244049151f,-0.051640033434575405f,-0.9985752936547633f,0.18793222551814298f,-0.23283890932053175f,0.9710508321120918f,-0.05335094901535711f,1.6615025596646809f,0.9724224146209538f,0.2332243306374572f,0.0010291459874846101f,-0.2177874546726829f,0f,0f,0f,1f], start_interpolation: 0, interpolation_duration: 1 }
$data merge entity $(bone_ponpon1) { transformation: [-0.9682404057568755f,-0.028307861454622413f,-0.248413328224608f,0.25607033127958145f,-0.06683380509898082f,0.9867179882400983f,0.14805692884632132f,2.315526481490406f,0.24092272444863383f,0.15995710882383157f,-0.957272147396428f,0.009736369028511126f,0f,0f,0f,1f], start_interpolation: 0, interpolation_duration: 1 }
$data merge entity $(bone_ponpon2) { transformation: [-0.9682404057568755f,-0.028307861454622413f,-0.248413328224608f,0.27262907965623506f,-0.06683380509898082f,0.9867179882400983f,0.14805692884632132f,2.208573337730948f,0.24092272444863383f,0.15995710882383157f,-0.957272147396428f,-0.10903713555970668f,0f,0f,0f,1f], start_interpolation: 0, interpolation_duration: 1 }
$data merge entity $(bone_ponpon3) { transformation: [-0.9682404057568755f,-0.028307861454622413f,-0.248413328224608f,-0.31277090710258293f,-0.06683380509898082f,0.9867179882400983f,0.14805692884632132f,2.2762616209947546f,0.24092272444863383f,0.15995710882383157f,-0.957272147396428f,0.15127846964208352f,0f,0f,0f,1f], start_interpolation: 0, interpolation_duration: 1 }
$data merge entity $(bone_ponpon4) { transformation: [-0.9682404057568755f,-0.028307861454622413f,-0.248413328224608f,-0.36883018915769494f,-0.06683380509898082f,0.9867179882400983f,0.14805692884632132f,2.164295941852873f,0.24092272444863383f,0.15995710882383157f,-0.957272147396428f,0.05057416938751323f,0f,0f,0f,1f], start_interpolation: 0, interpolation_duration: 1 }
$data merge entity $(bone_ear_edge_a1) { transformation: [-0.9510091408421375f,0.26278021275151825f,-0.16287471817616833f,0.1648278906655089f,0.06780516107132961f,0.6912811336920159f,0.7193975634748646f,2.367474818485683f,0.301635664613438f,0.6731099122637758f,-0.675232531684798f,0.08140639823702861f,0f,0f,0f,1f], start_interpolation: 0, interpolation_duration: 1 }
$data merge entity $(bone_ear_edge_a2) { transformation: [-0.9804085222141202f,0.11077434607777496f,-0.16287471817616833f,0.053015838786748315f,-0.041169827319187266f,0.693377379920153f,0.7193975634748646f,2.3697201006845003f,0.19262444000809759f,0.712009026112805f,-0.675232531684798f,0.11076903414576514f,0f,0f,0f,1f], start_interpolation: 0, interpolation_duration: 1 }
$data merge entity $(bone_ear_edge_b1) { transformation: [-0.9155944098004883f,0.4008146676227729f,-0.03216331700153835f,0.01962532038278371f,0.05031902994955266f,0.19356899599333313f,0.9797954067125794f,2.4180288878384726f,0.39894219125962516f,0.8954767702227565f,-0.19739929590651928f,0.06606486095893202f,0f,0f,0f,1f], start_interpolation: 0, interpolation_duration: 1 }
$data merge entity $(bone_ear_edge_b2) { transformation: [-0.9946405736143525f,0.09826316888626346f,-0.03216331700153835f,0.04998096466869968f,-0.01195986801886299f,0.19964449038704365f,0.9797954067125794f,2.419970956501621f,0.10269903055571236f,0.9749289343836952f,-0.19739929590651928f,0.07075835158900122f,0f,0f,0f,1f], start_interpolation: 0, interpolation_duration: 1 }
$data merge entity $(bone_ear_right_2) { transformation: [-0.9670231513838753f,0.2526494522595629f,-0.03216331700153835f,0.12344957874844775f,0.019418656854639046f,0.19905747097482368f,0.9797954067125794f,2.471420882657864f,0.2539471213728566f,0.9468602734944846f,-0.19739929590651928f,0.15585190231388402f,0f,0f,0f,1f], start_interpolation: 0, interpolation_duration: 1 }
$data merge entity $(bone_ear_right_1) { transformation: [-0.9670231513838753f,0.19580104919696514f,-0.16287471817616833f,0.07939434267913068f,0.019418656854639046f,0.6943270565319989f,0.7193975634748646f,2.3151972949381645f,0.2539471213728566f,0.6925112906667862f,-0.675232531684798f,0.00003686191385738127f,0f,0f,0f,1f], start_interpolation: 0, interpolation_duration: 1 }
$data merge entity $(bone_ear_edge_a3) { transformation: [-0.9518914344960845f,-0.179425514610826f,-0.248413328224608f,-0.22584442287700607f,-0.2203676706897838f,0.9641147418929732f,0.14805692884632132f,2.3914388650383724f,0.21293376117409266f,0.19567638889576305f,-0.957272147396428f,0.12368348706256982f,0f,0f,0f,1f], start_interpolation: 0, interpolation_duration: 1 }
$data merge entity $(bone_ear_edge_a4) { transformation: [-0.9682404057568756f,-0.028307861454622427f,-0.248413328224608f,-0.11460290930796416f,-0.06683380509898082f,0.9867179882400984f,0.14805692884632132f,2.4090806525174235f,0.2409227244486338f,0.15995710882383157f,-0.957272147396428f,0.09754474917389848f,0f,0f,0f,1f], start_interpolation: 0, interpolation_duration: 1 }
$data merge entity $(bone_ear_edge_b3) { transformation: [-0.9326312362101581f,-0.26170555134632795f,-0.248413328224608f,-0.09285354346904988f,-0.30355724159563924f,0.9412396862093322f,0.14805692884632132f,2.4063111737459804f,0.19506916291397525f,0.21349018127087818f,-0.957272147396428f,0.09147241865427139f,0f,0f,0f,1f], start_interpolation: 0, interpolation_duration: 1 }
$data merge entity $(bone_ear_edge_b4) { transformation: [-0.9678564773863563f,0.0393021315153136f,-0.248413328224608f,-0.12131963817808893f,0.002158966130711565f,0.9889764833836252f,0.14805692884632132f,2.4142341566238734f,0.2514938926624665f,0.14276154164378865f,-0.957272147396428f,0.100084817816678f,0f,0f,0f,1f], start_interpolation: 0, interpolation_duration: 1 }
$data merge entity $(bone_ear_left_2) { transformation: [-0.9620887660025245f,-0.11258785321744497f,-0.248413328224608f,-0.18799802573401325f,-0.15257762144044257f,0.9771382784724854f,0.14805692884632132f,2.5183449563197278f,0.22606476011823853f,0.18034622272649545f,-0.957272147396428f,0.10084544313947724f,0f,0f,0f,1f], start_interpolation: 0, interpolation_duration: 1 }
$data merge entity $(bone_ear_left_1) { transformation: [-0.9620887660025245f,-0.11258785321744497f,-0.248413328224608f,-0.16266575876008818f,-0.15257762144044257f,0.9771382784724854f,0.14805692884632132f,2.298488843663419f,0.22606476011823853f,0.18034622272649545f,-0.957272147396428f,0.060267543026015835f,0f,0f,0f,1f], start_interpolation: 0, interpolation_duration: 1 }
$data merge entity $(bone_head) { transformation: [-0.9682404057568755f,-0.028307861454622413f,-0.248413328224608f,-0.019365012537965763f,-0.06683380509898082f,0.9867179882400983f,0.14805692884632132f,1.7965233213012937f,0.24092272444863383f,0.15995710882383157f,-0.957272147396428f,-0.021911061196138726f,0f,0f,0f,1f], start_interpolation: 0, interpolation_duration: 1 }
$data merge entity $(bone_body_1) { transformation: [0.01344209244049151f,-0.051640033434575405f,-0.9985752936547633f,1.339398472091903e-17f,-0.23283890932053175f,0.9710508321120918f,-0.05335094901535711f,1.4323792592592592f,0.9724224146209538f,0.2332243306374572f,0.0010291459874846101f,-0.10937018518518518f,0f,0f,0f,1f], start_interpolation: 0, interpolation_duration: 1 }
$data merge entity $(bone_leg_left_2) { transformation: [0.008667379060958234f,-0.38699239360652815f,-0.9220421703105036f,0.2391588605830464f,-0.19907800312333013f,0.9029509907163906f,-0.38085096433738497f,0.8367470631778476f,0.979945317460439f,0.18685929373456014f,-0.06921545443309869f,-0.33799579829640247f,0f,0f,0f,1f], start_interpolation: 0, interpolation_duration: 1 }
$data merge entity $(bone_leg_left_1) { transformation: [0.008667379060958234f,-0.5485410096359951f,-0.8360787267283726f,0.03002760065932329f,-0.19907800312333013f,0.8184264172914114f,-0.539023328022055f,1.1487721347701982f,0.979945317460439f,0.17111680287764724f,-0.10210883683742267f,-0.27275751719929947f,0f,0f,0f,1f], start_interpolation: 0, interpolation_duration: 1 }
$data merge entity $(bone_leg_right_2) { transformation: [-0.03878374622191928f,0.027121679635591256f,-0.9988794899900276f,0.30807141607771793f,0.14560844525798375f,0.9891150662821405f,0.02120297911212335f,1.2523122439315197f,0.9885818133561562f,-0.14462295857650245f,-0.04231073331948694f,-0.017109396301971145f,0f,0f,0f,1f], start_interpolation: 0, interpolation_duration: 1 }
$data merge entity $(bone_leg_right_1) { transformation: [-0.03878374622191928f,-0.9936723354227364f,-0.10540925407438645f,-0.012578355763931022f,0.14560844525798375f,0.0987426910749416f,-0.9844023880653842f,1.171008420704236f,0.9885818133561562f,-0.05352729000055434f,0.1408574723848545f,-0.017713773274616137f,0f,0f,0f,1f], start_interpolation: 0, interpolation_duration: 1 }
$data merge entity $(bone_skirt_forward_right) { transformation: [-0.09656180128473503f,-0.7933149141433988f,-0.6011050370195703f,0.005890059187485535f,-0.04130381862377652f,0.6066007842050422f,-0.7939329210764107f,1.3224618109575272f,0.9944696139650226f,-0.051835659535494724f,-0.09134139970888751f,-0.12383541977035481f,0f,0f,0f,1f], start_interpolation: 0, interpolation_duration: 1 }
$data merge entity $(bone_skirt_forward_left) { transformation: [0.09466640911650322f,-0.7497008522561216f,-0.6549709177600419f,0.012123880023933891f,-0.21751522647874422f,0.6264516795010704f,-0.7484954371939677f,1.2854188560120823f,0.9714552986292715f,0.21332352279280656f,-0.10376741968642897f,-0.12870620940744626f,0f,0f,0f,1f], start_interpolation: 0, interpolation_duration: 1 }
$data merge entity $(bone_skirt_forward) { transformation: [-0.0009558737162677076f,-0.732528112360967f,-0.6807361095948391f,0.005890059187485535f,-0.13052619222005157f,0.6750040158909114f,-0.7261766256742752f,1.3224618109575272f,0.9914444005843053f,0.08815975914225609f,-0.0962593237977844f,-0.12383541977035481f,0f,0f,0f,1f], start_interpolation: 0, interpolation_duration: 1 }
$data merge entity $(bone_skirt_back_right) { transformation: [-0.0007775469930409035f,-0.06768135045580485f,-0.9977066854647972f,0.012003943747223604f,-0.043619583415564614f,0.9967596774696674f,-0.06758311411304686f,1.3464465690626246f,0.999047910444402f,0.04346700094373932f,-0.003727259801886006f,-0.1206718704614033f,0f,0f,0f,1f], start_interpolation: 0, interpolation_duration: 1 }
$data merge entity $(bone_skirt_back_left) { transformation: [-0.0011269256633413842f,-0.06784756434585423f,-0.9976950626573654f,0.012003943747223604f,-0.21643941788787424f,0.97406288625865f,-0.06599599986231293f,1.3464465690626246f,0.9762954001852652f,0.2158661660052437f,-0.015782583796360033f,-0.1206718704614033f,0f,0f,0f,1f], start_interpolation: 0, interpolation_duration: 1 }
$data merge entity $(bone_skirt_back) { transformation: [-0.0009558737162677076f,0.0020043353385905682f,-0.999997534469605f,0.012003943747223604f,-0.13052619222005157f,0.9914426119497053f,0.0021119552268327457f,1.3464465690626246f,0.9914444005843053f,0.1305278891662486f,-0.0006860756742722122f,-0.1206718704614033f,0f,0f,0f,1f], start_interpolation: 0, interpolation_duration: 1 }
$data merge entity $(bone_skirt_right) { transformation: [-0.02594020063804373f,-0.42440351256498016f,-0.9051015216611696f,0.013513252795728816f,0.05062945293906304f,0.903686473862845f,-0.4251910340687216f,1.3451611603636024f,0.9983805709677793f,-0.05685433562925842f,-0.0019544907793067577f,0.07458230929071509f,0f,0f,0f,1f], start_interpolation: 0, interpolation_duration: 1 }
$data merge entity $(bone_skirt_left) { transformation: [0.01695892184672745f,-0.40926020014954867f,-0.9122600964326718f,0.0031498464756867413f,-0.25759771499231277f,0.8798027462590836f,-0.3994878532642934f,1.386760698140911f,0.9661034169282994f,0.24177099960194928f,-0.09050398638147636f,-0.31079490058444076f,0f,0f,0f,1f], start_interpolation: 0, interpolation_duration: 1 }
$data merge entity $(bone_coat_downer) { transformation: [-0.0009558737162677076f,-0.2229975353664893f,-0.9748185397938991f,0.030645460019680507f,-0.13052619222005157f,0.9665070885912802f,-0.22096823492832907f,1.2119242609161336f,0.9914444005843053f,0.12702813437691043f,-0.030030877888414964f,-0.13048418642167733f,0f,0f,0f,1f], start_interpolation: 0, interpolation_duration: 1 }
$data merge entity $(bone_body_2) { transformation: [-0.0009558737162677076f,-0.1371879285396983f,-0.9905445767699831f,1.339398472091903e-17f,-0.13052619222005157f,0.9820878879615399f,-0.13589074090524297f,1.4323792592592592f,0.9914444005843053f,0.129162117442493f,-0.01884536993001066f,-0.10937018518518518f,0f,0f,0f,1f], start_interpolation: 0, interpolation_duration: 1 }
$data merge entity $(bone_book_left) { transformation: [-0.17473744121300752f,-0.7326675883726982f,-0.6577727811231362f,-0.8790298646722021f,0.26761695705743077f,0.6075607962628502f,-0.7478308920737179f,2.585536468654097f,0.9475484108654564f,-0.30670520666037937f,0.0899106516145998f,-0.6167157055316119f,0f,0f,0f,1f], start_interpolation: 0, interpolation_duration: 1 }
$data merge entity $(bone_book_right) { transformation: [-0.4216354300217471f,-0.7326675883726982f,-0.534248789515251f,-0.9075781935317141f,-0.051446558429847425f,0.6075607962628502f,-0.7926052803698546f,2.5958845309610474f,0.9053048192603972f,-0.30670520666037937f,-0.2938623834915133f,-0.5280197471917832f,0f,0f,0f,1f], start_interpolation: 0, interpolation_duration: 1 }
$data merge entity $(bone_book_loot_1) { transformation: [-0.3045155078347941f,-0.7326675883726982f,-0.6086612444013928f,-0.8020048424417492f,0.11037933127413563f,0.6075607962628502f,-0.7865661333110688f,2.708695419804233f,0.9460902222915063f,-0.30670520666037937f,-0.10414032596368163f,-0.5567466774671453f,0f,0f,0f,1f], start_interpolation: 0, interpolation_duration: 1 }
$data merge entity $(bone_book_left2) { transformation: [-0.596869641142769f,0.007178371743796336f,-0.8023061151837309f,0.4889104561166907f,-0.10480057479049495f,0.9906954489176955f,0.08682952848742004f,1.8751989672004048f,0.7954643115851797f,0.1359080515380663f,-0.5905637395924697f,-0.5333812770833336f,0f,0f,0f,1f], start_interpolation: 0, interpolation_duration: 1 }
$data merge entity $(bone_book_right2) { transformation: [-0.596869641142769f,0.007178371743796336f,-0.8023061151837309f,0.5448669849738252f,-0.10480057479049495f,0.9906954489176955f,0.08682952848742004f,1.8850240210870137f,0.7954643115851797f,0.1359080515380663f,-0.5905637395924697f,-0.6079560562944442f,0f,0f,0f,1f], start_interpolation: 0, interpolation_duration: 1 }
$data merge entity $(bone_book_loot_2) { transformation: [-0.596869641142769f,0.007178371743796336f,-0.8023061151837309f,0.6372346378228176f,-0.10480057479049495f,0.9906954489176955f,0.08682952848742004f,1.8670870648705962f,0.7954643115851797f,0.1359080515380663f,-0.5905637395924697f,-0.4820841057500184f,0f,0f,0f,1f], start_interpolation: 0, interpolation_duration: 1 }
$data merge entity $(bone_air_staff_povit_1) { transformation: [-1.4935526816682933e-8f,-1.9662994081998356e-9f,-0.000015624992738036885f,0.6874718760743757f,-0.0000020394717534383057f,0.000015491325958965787f,0f,1.5961384854504819f,0.00001549131875912977f,0.0000020394708055619123f,-1.5064404888827904e-8f,-0.07986827411945419f,0f,0f,0f,1f], start_interpolation: 0, interpolation_duration: 1 }