execute if entity @s[tag=aj.labyria.bone.wing_right_1] run data modify entity @s {} merge value {transformation:[0.782972307845805f,0.17900247521651688f,-0.1478408720801474f,-0.25782061573046267f,-0.15469530145058585f,0.7900411706383513f,0.13729077481732033f,1.499961390001406f,0.17311318060786313f,-0.10362194269163273f,0.7913524904472632f,0.14135867894134352f,0f,0f,0f,1f],start_interpolation:0}
execute if entity @s[tag=aj.labyria.bone.wing_right_2] run data modify entity @s {} merge value {transformation:[0.7757126903114148f,-0.1315139334777302f,-0.14482371142545053f,-0.25782061573046267f,0.156162459530212f,0.7729980698683028f,0.1344889222700281f,1.499961390001406f,0.11782660278265658f,-0.15867598835707278f,0.7752024396218089f,0.14135867894134352f,0f,0f,0f,1f],start_interpolation:0}
execute if entity @s[tag=aj.labyria.bone.wing_left_1] run data modify entity @s {} merge value {transformation:[0.0007963485776492276f,0.04080291445543897f,-0.8156463280401189f,-0.19625430677502476f,0.2703287672984456f,0.7696518707365427f,0.038765962997031056f,1.5090445877353698f,0.7706271263356165f,-0.27002882158785646f,-0.012755865789032724f,0.21549102250317942f,0f,0f,0f,1f],start_interpolation:0}
execute if entity @s[tag=aj.labyria.bone.wing_left_2] run data modify entity @s {} merge value {transformation:[-0.014575218810780659f,0.03722618149150319f,-0.7990004846107288f,-0.19625430677502476f,-0.04386789008682343f,0.797893176557689f,0.03797482089505083f,1.5090445877353698f,0.7986633653899171f,0.044504945952584696f,-0.012495541997419812f,0.21549102250317942f,0f,0f,0f,1f],start_interpolation:0}
execute if entity @s[tag=aj.labyria.bone.musket] run data modify entity @s {} merge value {transformation:[0.00001161539198977041f,0.000004284351927277181f,-0.000010535305479658086f,0.14232488146390526f,0.000002826291506453005f,0.00001349893694098755f,0.000008605605257405972f,1.278965266992624f,0.000011016370060370565f,-0.00000798051966284013f,0.00000890036856913763f,0.6220110114220017f,0f,0f,0f,1f],start_interpolation:0}
execute if entity @s[tag=aj.labyria.bone.omega_blade] run data modify entity @s {} merge value {transformation:[1.2818656094229093f,0.4728177403808766f,-1.1626681037568123f,0.14232488146390526f,0.31190732844116303f,1.4897321626045663f,0.9497078908273453f,1.278965266992624f,1.2157580160447372f,-0.8807239316699357f,0.9822377402341655f,0.6220110114220017f,0f,0f,0f,1f],start_interpolation:0}
execute if entity @s[tag=aj.labyria.bone.arm_right_2] run data modify entity @s {} merge value {transformation:[0.17541535133225256f,0.5929880681175723f,-0.7858718760632496f,0.09755300627072692f,-0.8305985341033331f,0.5176780334720245f,0.20522068318259729f,1.512098858249308f,0.5285220238196103f,0.6167451700100511f,0.5833436942377076f,0.4516384549907698f,0f,0f,0f,1f],start_interpolation:0}
execute if entity @s[tag=aj.labyria.bone.arm_right_1] run data modify entity @s {} merge value {transformation:[-0.3231357110463596f,0.5929880681175723f,-0.7375286186425261f,0.21775107752122302f,-0.5485674466400844f,0.5176780334720245f,0.6565692729235171f,1.7050469730228792f,0.771140109664477f,0.6167451700100511f,0.15801369097622914f,0.1741153692767505f,0f,0f,0f,1f],start_interpolation:0}
execute if entity @s[tag=aj.labyria.bone.arm_left_2] run data modify entity @s {} merge value {transformation:[-0.7197874148875143f,0.4395955683977445f,-0.5372725691998551f,-0.055678570790172924f,0.08493621523124878f,0.8239044955226814f,0.5603277804996882f,1.6607845349022177f,0.6889788942425885f,0.35768298604012433f,-0.6303736707586065f,-0.570707801918521f,0f,0f,0f,1f],start_interpolation:0}
execute if entity @s[tag=aj.labyria.bone.arm_left_1] run data modify entity @s {} merge value {transformation:[-0.392933779954249f,0.4395955683977445f,-0.8076873038595627f,-0.16486582168302838f,-0.1816923900093252f,0.8239044955226814f,0.5368139879606484f,1.589941548512753f,0.901438250787909f,0.35768298604012433f,-0.24386873828733202f,-0.2733324982784647f,0f,0f,0f,1f],start_interpolation:0}
execute if entity @s[tag=aj.labyria.bone.himo_right_2] run data modify entity @s {} merge value {transformation:[0.43895038260435915f,-0.603151522437698f,-0.6659810827587922f,0.33181120666740316f,0.7754818349028685f,0.6286775745204324f,-0.058244579411188324f,1.3403684405515826f,0.4538176785308907f,-0.49088975165121645f,0.743691311214969f,0.027034943977080762f,0f,0f,0f,1f],start_interpolation:0}
execute if entity @s[tag=aj.labyria.bone.himo_right_1] run data modify entity @s {} merge value {transformation:[0.6098721754987316f,-0.28621542893616736f,-0.7390105938288907f,0.27352699753044124f,0.4487114859193529f,0.8933459015621099f,0.02431260097618823f,1.5080227508505792f,0.6532334436910672f,-0.3464301205164855f,0.6732549588695522f,-0.033712860126825575f,0f,0f,0f,1f],start_interpolation:0}
execute if entity @s[tag=aj.labyria.bone.himo_left_2] run data modify entity @s {} merge value {transformation:[0.43895038260435915f,-0.603151522437698f,-0.6659810827587922f,0.13303808303009906f,0.7754818349028685f,0.6286775745204324f,-0.058244579411188324f,1.3110424079076228f,0.4538176785308907f,-0.49088975165121645f,0.743691311214969f,-0.21230890726801477f,0f,0f,0f,1f],start_interpolation:0}
execute if entity @s[tag=aj.labyria.bone.himo_left_1] run data modify entity @s {} merge value {transformation:[0.6098721754987316f,-0.28621542893616736f,-0.7390105938288907f,0.07475387389313712f,0.4487114859193529f,0.8933459015621099f,0.02431260097618823f,1.4786967182066195f,0.6532334436910672f,-0.3464301205164855f,0.6732549588695522f,-0.2730567113719211f,0f,0f,0f,1f],start_interpolation:0}
execute if entity @s[tag=aj.labyria.bone.ribbon_left_himo_1] run data modify entity @s {} merge value {transformation:[0.8368278831243433f,0.18446233782188515f,-0.5154539164182524f,-0.18701070798198544f,-0.2305096221139642f,0.9727192502648506f,-0.02612612250342841f,1.9306626057542744f,0.4965726614892403f,0.14068015527952563f,0.8565189348590145f,-0.31159425504611316f,0f,0f,0f,1f],start_interpolation:0}
execute if entity @s[tag=aj.labyria.bone.ribbon_left_himo_2] run data modify entity @s {} merge value {transformation:[0.8368278831243433f,0.18446233782188515f,-0.5154539164182524f,-0.24596494313816505f,-0.2305096221139642f,0.9727192502648506f,-0.02612612250342841f,1.9632300918017465f,0.4965726614892403f,0.14068015527952563f,0.8565189348590145f,-0.19712628063428222f,0f,0f,0f,1f],start_interpolation:0}
execute if entity @s[tag=aj.labyria.bone.ribbon_left] run data modify entity @s {} merge value {transformation:[0.8368278831243433f,0.32043740423852407f,-0.443890711764176f,-0.18178309485287064f,-0.2305096221139642f,0.9416662902223107f,0.245214012592731f,2.047503907584675f,0.4965726614892403f,-0.10288084284174231f,0.8618765132184918f,-0.2650961618277867f,0f,0f,0f,1f],start_interpolation:0}
execute if entity @s[tag=aj.labyria.bone.ribbon_right_himo_1] run data modify entity @s {} merge value {transformation:[0.8960378228430642f,0.11491042205388412f,-0.42884940822864537f,0.3782687998056117f,0.13090003034571795f,0.8546125392385311f,0.5024963580283546f,1.8981688811616677f,0.42424215029880197f,-0.5063921431851687f,0.7507233812997836f,-0.011214518879262527f,0f,0f,0f,1f],start_interpolation:0}
execute if entity @s[tag=aj.labyria.bone.ribbon_right_himo_2] run data modify entity @s {} merge value {transformation:[0.8960378228430642f,0.11491042205388412f,-0.42884940822864537f,0.31931456464943203f,0.13090003034571795f,0.8546125392385311f,0.5024963580283546f,1.9307363672091398f,0.42424215029880197f,-0.5063921431851687f,0.7507233812997836f,0.10325345553256843f,0f,0f,0f,1f],start_interpolation:0}
execute if entity @s[tag=aj.labyria.bone.ribbon_right] run data modify entity @s {} merge value {transformation:[0.8960378228430642f,-0.008789541748824459f,-0.443890711764176f,0.3473759117976701f,0.13090003034571795f,0.9605911045203688f,0.245214012592731f,2.017086482592399f,0.42424215029880197f,-0.2778263376143154f,0.8618765132184918f,0.016089765873889127f,0f,0f,0f,1f],start_interpolation:0}
execute if entity @s[tag=aj.labyria.bone.crown] run data modify entity @s {} merge value {transformation:[0.8953561490606431f,-0.03603335050738854f,-0.443890711764176f,-0.013674949459249103f,0.16005038617910738f,0.956166283609755f,0.245214012592731f,2.3106979707358795f,0.4155974497313641f,-0.2905987538499109f,0.8618765132184918f,-0.2729210681807594f,0f,0f,0f,1f],start_interpolation:0}
execute if entity @s[tag=aj.labyria.bone.ear_edge_a1] run data modify entity @s {} merge value {transformation:[0.8971668316965216f,0.1030953810310121f,-0.4294915814235425f,-0.03602068824577346f,0.05540541241983643f,0.9384299295042074f,0.34099781184828104f,2.3092516891268278f,0.43820305382118563f,-0.3297280846709881f,0.8362161645178767f,-0.27701263966455314f,0f,0f,0f,1f],start_interpolation:0}
execute if entity @s[tag=aj.labyria.bone.ear_edge_a2] run data modify entity @s {} merge value {transformation:[0.8699935484556294f,0.24217391918182796f,-0.4294915814235425f,0.06663000832109921f,-0.0920795041467948f,0.9355436158890534f,0.34099781184828104f,2.308073341441273f,0.4843888836066147f,-0.2571185244927886f,0.8362161645178767f,-0.22380938209447776f,0f,0f,0f,1f],start_interpolation:0}
execute if entity @s[tag=aj.labyria.bone.ear_edge_b1] run data modify entity @s {} merge value {transformation:[0.9161033925738129f,0.10889436336486738f,-0.3858712113414401f,0.07324079144827217f,0.1227324551555553f,0.8400484513069119f,0.5284461598955454f,2.3072207972098813f,0.38169532164573333f,-0.531470241014696f,0.7562063636002683f,-0.18904288708832143f,0f,0f,0f,1f],start_interpolation:0}
execute if entity @s[tag=aj.labyria.bone.ear_edge_b2] run data modify entity @s {} merge value {transformation:[0.8376158922360373f,0.3866562107758216f,-0.3858712113414401f,0.05140750105905337f,-0.1428637463155977f,0.8368599680235184f,0.5284461598955454f,2.3181187429082857f,0.5272471593686395f,-0.38750789487203907f,0.7562063636002683f,-0.20779942822294073f,0f,0f,0f,1f],start_interpolation:0}
execute if entity @s[tag=aj.labyria.bone.ear_right_2] run data modify entity @s {} merge value {transformation:[0.8877898081459257f,0.2508638371908348f,-0.3858712113414401f,0.02378493906531265f,-0.010191115118313616f,0.8489056468561725f,0.5284461598955454f,2.4279753726684588f,0.4601362816871382f,-0.4652166569734938f,0.7562063636002683f,-0.257338902361129f,0f,0f,0f,1f],start_interpolation:0}
execute if entity @s[tag=aj.labyria.bone.ear_right_1] run data modify entity @s {} merge value {transformation:[0.8877898081459257f,0.16542744040371476f,-0.4294915814235425f,-0.013436235025523116f,-0.010191115118313616f,0.9400088475580054f,0.34099781184828104f,2.2164733819679077f,0.4601362816871382f,-0.29835738381033206f,0.8362161645178767f,-0.1902084910038044f,0f,0f,0f,1f],start_interpolation:0}
execute if entity @s[tag=aj.labyria.bone.ear_edge_a3] run data modify entity @s {} merge value {transformation:[0.846261357850699f,0.29462306464054017f,-0.443890711764176f,0.29930333328122694f,-0.20152242483203864f,0.9482925710549394f,0.245214012592731f,2.2929215291552096f,0.4931839682091319f,-0.11806121066560668f,0.8618765132184918f,-0.0871472852706017f,0f,0f,0f,1f],start_interpolation:0}
execute if entity @s[tag=aj.labyria.bone.ear_edge_a4] run data modify entity @s {} merge value {transformation:[0.8819316777509012f,0.15861132301627562f,-0.443890711764176f,0.19931640943688153f,-0.05069570832046004f,0.96814256862616f,0.245214012592731f,2.3085172581504168f,0.46864321283612653f,-0.1937586514841798f,0.8618765132184918f,-0.14308053944245483f,0f,0f,0f,1f],start_interpolation:0}
execute if entity @s[tag=aj.labyria.bone.ear_edge_b3] run data modify entity @s {} merge value {transformation:[0.8173629858614502f,0.3672584721325671f,-0.443890711764176f,0.17893200707604107f,-0.28340471453664884f,0.9271201949081751f,0.245214012592731f,2.3054675510253997f,0.501596966819034f,-0.07462813705486566f,0.8618765132184918f,-0.1527114039853183f,0f,0f,0f,1f],start_interpolation:0}
execute if entity @s[tag=aj.labyria.bone.ear_edge_b4] run data modify entity @s {} merge value {transformation:[0.890847503099137f,0.09670450988204207f,-0.443890711764176f,0.20618906533226977f,0.016961995545991954f,0.969320575834058f,0.245214012592731f,2.3136744962207314f,0.45398570123862997f,-0.2259775631190059f,0.8618765132184918f,-0.14100822276065256f,0f,0f,0f,1f],start_interpolation:0}
execute if entity @s[tag=aj.labyria.bone.ear_left_2] run data modify entity @s {} merge value {transformation:[0.8647517737889334f,0.23487316947319914f,-0.443890711764176f,0.2598931475436719f,-0.13488198049908648f,0.9600400717495161f,0.245214012592731f,2.419808471031433f,0.48374706310791904f,-0.1521763940195648f,0.8618765132184918f,-0.10728737644917477f,0f,0f,0f,1f],start_interpolation:0}
execute if entity @s[tag=aj.labyria.bone.ear_left_1] run data modify entity @s {} merge value {transformation:[0.8647517737889334f,0.23487316947319914f,-0.443890711764176f,0.20704668441220217f,-0.13488198049908648f,0.9600400717495161f,0.245214012592731f,2.2037994548877924f,0.48374706310791904f,-0.1521763940195648f,0.8618765132184918f,-0.07304768779477275f,0f,0f,0f,1f],start_interpolation:0}
execute if entity @s[tag=aj.labyria.bone.head] run data modify entity @s {} merge value {transformation:[0.8819316777509012f,0.15861132301627562f,-0.443890711764176f,0.02938850639012875f,-0.050695708320460046f,0.9681425686261599f,0.245214012592731f,1.7063004141134201f,0.46864321283612653f,-0.1937586514841798f,0.8618765132184918f,-0.05926042155172425f,0f,0f,0f,1f],start_interpolation:0}
execute if entity @s[tag=aj.labyria.bone.back_musket] run data modify entity @s {} merge value {transformation:[-1.2676655854662158f,-0.6573107794120745f,-0.7769318781709798f,-0.08117223103587214f,0.0914750411246303f,1.1624338563886683f,-1.1327120053206892f,1.6951007876842217f,1.0135644631205467f,-0.9270095519545957f,-0.8694808855340622f,0.16307457379386123f,0f,0f,0f,1f],start_interpolation:0}
execute if entity @s[tag=aj.labyria.bone.body_1] run data modify entity @s {} merge value {transformation:[0.6360739956393732f,0.04937303385368159f,-0.7700468658461286f,0.010873618694998154f,0.09384330446067086f,0.9855933394702285f,0.14070964217076495f,1.3367029118120846f,0.7659003239843056f,-0.1617654868011285f,0.6222769648643033f,0.0014016359986989387f,0f,0f,0f,1f],start_interpolation:0}
execute if entity @s[tag=aj.labyria.bone.belt2] run data modify entity @s {} merge value {transformation:[0.4039084313450032f,-0.03282237210264576f,-0.9142104084826282f,0.07481541731087686f,0.021582971920424174f,0.9994198635562563f,-0.026345998790643692f,0.6733726310055936f,0.9145447798831398f,-0.009090006531893909f,0.4043825136794977f,-0.40254616570928603f,0f,0f,0f,1f],start_interpolation:0}
execute if entity @s[tag=aj.labyria.bone.leg_left_2] run data modify entity @s {} merge value {transformation:[0.7159342630843455f,0.10979680656665508f,-0.6894800883344199f,0.029127542347858304f,-0.09031093128794077f,0.9938236570995418f,0.06448623325328834f,0.7952764396538363f,0.6923020053645516f,0.016099684998694852f,0.7214282594348261f,-0.2400899533791131f,0f,0f,0f,1f],start_interpolation:0}
execute if entity @s[tag=aj.labyria.bone.leg_left_1] run data modify entity @s {} merge value {transformation:[0.7159342630843455f,-0.5155366063989981f,-0.47080796340384823f,-0.12624940772758222f,-0.09031093128794077f,0.6002985570218258f,-0.7946606685418744f,1.0324047577547177f,0.6923020053645516f,0.6114439057674204f,0.3832157140150987f,-0.04847565720914317f,0f,0f,0f,1f],start_interpolation:0}
execute if entity @s[tag=aj.labyria.bone.belt] run data modify entity @s {} merge value {transformation:[0.8997458114467782f,-0.4335519903017695f,-0.049901367610041714f,0.27553417095537935f,0.3142910193961795f,0.7230489983147184f,-0.6151595737391986f,0.9894545609629863f,0.302784791412793f,0.5378036981478062f,0.7868218046976423f,-0.015389304599264825f,0f,0f,0f,1f],start_interpolation:0}
execute if entity @s[tag=aj.labyria.bone.leg_right_2] run data modify entity @s {} merge value {transformation:[0.7574732301413482f,-0.16568426611289216f,-0.6314926995475594f,0.23028300742138635f,0.14711396861467824f,0.985701785472206f,-0.08215516024781766f,0.79864884561557f,0.6360752988897395f,-0.030671062575943542f,0.7710171853226042f,-0.02545614571431476f,0f,0f,0f,1f],start_interpolation:0}
execute if entity @s[tag=aj.labyria.bone.leg_right_1] run data modify entity @s {} merge value {transformation:[0.7574732301413482f,-0.4954565069031823f,-0.42515544849681575f,0.03612696292022825f,0.14711396861467824f,0.763997682776245f,-0.6282237029521948f,1.067208637303984f,0.6360752988897395f,0.41331633222003783f,0.6515963655995203f,0.1436419305698747f,0f,0f,0f,1f],start_interpolation:0}
execute if entity @s[tag=aj.labyria.bone.skirt_forward_right] run data modify entity @s {} merge value {transformation:[0.6779518264410493f,-0.3320002431323427f,-0.6558636745432013f,-0.007894287313873765f,0.16916902513787802f,0.9387183856467916f,-0.30031588932752346f,1.2533515371551032f,0.7153762380448102f,0.0926478872330427f,0.6925700015392726f,0.008336102134226194f,0f,0f,0f,1f],start_interpolation:0}
execute if entity @s[tag=aj.labyria.bone.skirt_forward_left] run data modify entity @s {} merge value {transformation:[0.7511991651209653f,-0.07444900762437323f,-0.6558636745432013f,-0.007894287313873765f,-0.16916902513787802f,0.9387183856467916f,-0.30031588932752346f,1.2533515371551032f,0.6380295097058318f,0.33654886378121573f,0.6925700015392726f,0.008336102134226194f,0f,0f,0f,1f],start_interpolation:0}
execute if entity @s[tag=aj.labyria.bone.skirt_forward] run data modify entity @s {} merge value {transformation:[0.7260862888793541f,-0.20649828453548114f,-0.6558636745432013f,-0.007894287313873765f,0f,0.9538398013384735f,-0.30031588932752346f,1.2533515371551032f,0.6876035929962894f,0.21805524957332434f,0.6925700015392726f,0.008336102134226194f,0f,0f,0f,1f],start_interpolation:0}
execute if entity @s[tag=aj.labyria.bone.skirt_back_right] run data modify entity @s {} merge value {transformation:[0.7471191792657746f,0.0518091790131672f,-0.6626678964181202f,-0.007894287313873765f,0.1709240599508726f,0.9484570682753959f,0.26685980470717463f,1.2533515371551032f,0.6423378376704468f,-0.3126419655267386f,0.6997550311990846f,0.008336102134226194f,0f,0f,0f,1f],start_interpolation:0}
execute if entity @s[tag=aj.labyria.bone.skirt_back_left] run data modify entity @s {} merge value {transformation:[0.68203181229624f,0.3093604145211367f,-0.6626678964181202f,-0.007894287313873765f,-0.1709240599508726f,0.9484570682753959f,0.26685980470717463f,1.2533515371551032f,0.7110679100801952f,-0.06874098897856558f,0.6997550311990846f,0.008336102134226194f,0f,0f,0f,1f],start_interpolation:0}
execute if entity @s[tag=aj.labyria.bone.skirt_back] run data modify entity @s {} merge value {transformation:[0.7260862888793541f,0.18349376054294134f,-0.6626678964181202f,-0.007894287313873765f,0f,0.9637353602683927f,0.26685980470717463f,1.2533515371551032f,0.6876035929962894f,-0.1937632452509016f,0.6997550311990846f,0.008336102134226194f,0f,0f,0f,1f],start_interpolation:0}
execute if entity @s[tag=aj.labyria.bone.skirt_right] run data modify entity @s {} merge value {transformation:[0.7254267290205062f,-0.14245665281187617f,-0.6733959926315609f,0.1448694184446773f,0.2204443746206646f,0.9748992162788458f,0.03123773034322655f,1.2929590839428313f,0.6520432029556882f,-0.17110704301263754f,0.7386217173294854f,0.12879848577212405f,0f,0f,0f,1f],start_interpolation:0}
execute if entity @s[tag=aj.labyria.bone.skirt_left] run data modify entity @s {} merge value {transformation:[0.6957684481863091f,0.16290412475696509f,-0.6995487921836346f,-0.14169730346267148f,-0.19837001369074173f,0.979642156675776f,0.030831518483026607f,1.3102955810708508f,0.6903300690081158f,0.11731790571264655f,0.7139193965865113f,-0.1321481326015519f,0f,0f,0f,1f],start_interpolation:0}
execute if entity @s[tag=aj.labyria.bone.coat_downer] run data modify entity @s {} merge value {transformation:[0.7260862888793541f,0.05471584183812166f,-0.6854231377429219f,-0.018054226008258036f,0f,0.9968289065450255f,0.07957468866573669f,1.1249432052149833f,0.6876035929962894f,-0.057778090382034755f,0.723783801400942f,0.019064655994309114f,0f,0f,0f,1f],start_interpolation:0}
execute if entity @s[tag=aj.labyria.bone.body_2] run data modify entity @s {} merge value {transformation:[0.7260862888793541f,0.0786034329611234f,-0.6830960411451181f,0f,0f,0.9934445487238814f,0.11431504105236341f,1.353125f,0.6876035929962894f,-0.08300258392080156f,0.7213264655903477f,0f,0f,0f,0f,1f],start_interpolation:0}
execute if entity @s[tag=aj.labyria.bone.sphere] run data modify entity @s {} merge value {transformation:[0.8738736170764976f,0f,-0.48615316658193064f,-0.5631677242045325f,0f,1f,0f,2.5238558261265363f,0.48615316658193064f,0f,0.8738736170764976f,-0.14272617579254301f,0f,0f,0f,1f],start_interpolation:0}