execute if entity @s[tag=aj.labyria.bone.wing_right_1] run data modify entity @s {} merge value {transformation:[-0.7476185212551835f,-0.10405385084862533f,-0.3117431430588794f,0.07244910303764093f,-0.06117159064748682f,0.8051745668209644f,-0.12205080043479043f,1.7126950234866518f,0.32290715015049337f,-0.08838075306699288f,-0.7448921125327091f,-0.3508648826905845f,0f,0f,0f,1f],start_interpolation:0}
execute if entity @s[tag=aj.labyria.bone.wing_right_2] run data modify entity @s {} merge value {transformation:[-0.7156203768564007f,0.1860911008022394f,-0.30538103809849415f,0.07244910303764093f,0.24647685189918278f,0.7516346024392585f,-0.11955996777285594f,1.7126950234866518f,0.2591073864361483f,-0.20103613261846442f,-0.7296902326851029f,-0.3508648826905845f,0f,0f,0f,1f],start_interpolation:0}
execute if entity @s[tag=aj.labyria.bone.wing_left_1] run data modify entity @s {} merge value {transformation:[-0.6673219199804836f,0.14543832503676307f,0.4477427756742774f,-0.00036797884564507277f,0.08435254362415275f,0.801087139372644f,-0.1344934495071558f,1.7138879849017348f,-0.4631528343237692f,-0.0636516550193262f,-0.6696135925409551f,-0.35808234652906556f,0f,0f,0f,1f],start_interpolation:0}
execute if entity @s[tag=aj.labyria.bone.wing_left_2] run data modify entity @s {} merge value {transformation:[-0.6584639029112832f,-0.11853605004382435f,0.4386051680074554f,-0.00036797884564507277f,-0.2239652449459928f,0.7566253055482964f,-0.13174868523149957f,1.7138879849017348f,-0.3953035006411171f,-0.23123008421041427f,-0.6559480090197112f,-0.35808234652906556f,0f,0f,0f,1f],start_interpolation:0}
execute if entity @s[tag=aj.labyria.bone.musket] run data modify entity @s {} merge value {transformation:[-0.00001612771804840521f,-0.0000014467505741752748f,-0.0000014385017865016783f,-0.44986816865772283f,-0.0000018950811206006243f,0.000014868597547497478f,0.000006292784644288669f,1.401340903418989f,7.556733156517395e-7f,0.000006410724125180845f,-0.000014919692962435127f,-0.29146820681644053f,0f,0f,0f,1f],start_interpolation:0}
execute if entity @s[tag=aj.labyria.bone.omega_blade] run data modify entity @s {} merge value {transformation:[-1.7798423973058208f,-0.15966226607603187f,-0.15875193629572595f,-0.44986816865772283f,-0.2091396758459794f,1.6408868399165892f,0.6944668100846128f,1.401340903418989f,0.08339551830413039f,0.707482519298905f,-1.6465256900961998f,-0.29146820681644053f,0f,0f,0f,1f],start_interpolation:0}
execute if entity @s[tag=aj.labyria.bone.arm_right_2] run data modify entity @s {} merge value {transformation:[-0.26739714466753f,-0.9589208637479034f,0.09470767705221379f,-0.3674332100273115f,-0.962063806051032f,0.2712051045714964f,0.029682054190471596f,1.6623323320456693f,-0.05414794650080834f,-0.08317793170870579f,-0.9950625264607282f,-0.2465694885404784f,0f,0f,0f,1f],start_interpolation:0}
execute if entity @s[tag=aj.labyria.bone.arm_right_1] run data modify entity @s {} merge value {transformation:[-0.21209564119489632f,-0.9589208637479034f,0.18837785447100777f,-0.28481607084948507f,-0.8801626276228197f,0.2712051045714964f,0.3895658355021102f,2.000643703856812f,-0.4246518431871211f,-0.08317793170870579f,-0.9015277276681192f,-0.09594693455752062f,0f,0f,0f,1f],start_interpolation:0}
execute if entity @s[tag=aj.labyria.bone.arm_left_2] run data modify entity @s {} merge value {transformation:[-0.16378506396879774f,-0.9719061752210424f,0.16903502414571142f,0.36008445479749335f,-0.9857953496937885f,0.16770522926764267f,0.009082103191932395f,2.304646051307322f,-0.03717500965485193f,-0.16514642788595768f,-0.9855681995750828f,-0.012482103478193556f,0f,0f,0f,1f],start_interpolation:0}
execute if entity @s[tag=aj.labyria.bone.arm_left_1] run data modify entity @s {} merge value {transformation:[-0.1576583684378616f,-0.9719061752210424f,0.17476334120380022f,0.30885580059296697f,-0.9848458280487506f,0.16770522926764267f,0.044200125014054154f,1.9846355953462427f,-0.07226710065086392f,-0.16514642788595768f,-0.9836178747460959f,-0.035964182775912214f,0f,0f,0f,1f],start_interpolation:0}
execute if entity @s[tag=aj.labyria.bone.himo_right_2] run data modify entity @s {} merge value {transformation:[-0.9949915168869667f,0.05672436802773356f,0.08230569478977237f,-0.17676272698497247f,0.016300934578557774f,0.9044466612243657f,-0.42627516527703463f,1.6956373615067146f,-0.09862130020861876f,-0.4227985135640283f,-0.9008414156072141f,0.2052400401427948f,0f,0f,0f,1f],start_interpolation:0}
execute if entity @s[tag=aj.labyria.bone.himo_right_1] run data modify entity @s {} merge value {transformation:[-0.9949915168869667f,0.04549603425683858f,0.08900557392586991f,-0.16767593572477854f,0.016300934578557774f,0.9523490688191814f,-0.30457434338943234f,1.8722992222641273f,-0.09862130020861876f,-0.30159801389621055f,-0.948320872468292f,0.1427634070843285f,0f,0f,0f,1f],start_interpolation:0}
execute if entity @s[tag=aj.labyria.bone.himo_left_2] run data modify entity @s {} merge value {transformation:[-0.9949915168869667f,0.05672436802773356f,0.08230569478977237f,0.13417212204220463f,0.016300934578557774f,0.9044466612243657f,-0.42627516527703463f,1.6905433194509154f,-0.09862130020861876f,-0.4227985135640283f,-0.9008414156072141f,0.23605919645798815f,0f,0f,0f,1f],start_interpolation:0}
execute if entity @s[tag=aj.labyria.bone.himo_left_1] run data modify entity @s {} merge value {transformation:[-0.9949915168869667f,0.04549603425683858f,0.08900557392586991f,0.14325891330239857f,0.016300934578557774f,0.9523490688191814f,-0.30457434338943234f,1.867205180208328f,-0.09862130020861876f,-0.30159801389621055f,-0.948320872468292f,0.17358256339952186f,0f,0f,0f,1f],start_interpolation:0}
execute if entity @s[tag=aj.labyria.bone.ribbon_left_himo_1] run data modify entity @s {} merge value {transformation:[-0.9983272391588002f,0.047889132821387306f,0.0323937418521438f,0.3217897802445319f,0.0356430356180897f,0.9509319911044068f,-0.3073400759844638f,2.2469379967797476f,-0.04552249515893653f,-0.3056713582457864f,-0.9510482233739154f,-0.06400715614950753f,0f,0f,0f,1f],start_interpolation:0}
execute if entity @s[tag=aj.labyria.bone.ribbon_left_himo_2] run data modify entity @s {} merge value {transformation:[-0.9983272391588002f,0.047889132821387306f,0.0323937418521438f,0.32609207408426977f,0.0356430356180897f,0.9509319911044068f,-0.3073400759844638f,2.2061193929380614f,-0.04552249515893653f,-0.3056713582457864f,-0.9510482233739154f,-0.19031824831635566f,0f,0f,0f,1f],start_interpolation:0}
execute if entity @s[tag=aj.labyria.bone.ribbon_left] run data modify entity @s {} merge value {transformation:[-0.9983272391588002f,0.047889132821387306f,0.0323937418521438f,0.32853072224632035f,0.0356430356180897f,0.9509319911044068f,-0.3073400759844638f,2.3282183070479876f,-0.04552249515893653f,-0.3056713582457864f,-0.9510482233739154f,-0.15986831245912975f,0f,0f,0f,1f],start_interpolation:0}
execute if entity @s[tag=aj.labyria.bone.ribbon_right_himo_1] run data modify entity @s {} merge value {transformation:[-0.9983272391588002f,0.047889132821387306f,0.0323937418521438f,-0.27826728594235445f,0.0356430356180897f,0.9509319911044068f,-0.3073400759844638f,2.268361688875946f,-0.04552249515893653f,-0.3056713582457864f,-0.9510482233739154f,-0.0913690208959758f,0f,0f,0f,1f],start_interpolation:0}
execute if entity @s[tag=aj.labyria.bone.ribbon_right_himo_2] run data modify entity @s {} merge value {transformation:[-0.9983272391588002f,0.047889132821387306f,0.0323937418521438f,-0.2739649921026166f,0.0356430356180897f,0.9509319911044068f,-0.3073400759844638f,2.2275430850342595f,-0.04552249515893653f,-0.3056713582457864f,-0.9510482233739154f,-0.21768011306282392f,0f,0f,0f,1f],start_interpolation:0}
execute if entity @s[tag=aj.labyria.bone.ribbon_right] run data modify entity @s {} merge value {transformation:[-0.9983272391588002f,0.047889132821387306f,0.0323937418521438f,-0.27046562124895973f,0.0356430356180897f,0.9509319911044068f,-0.3073400759844638f,2.3496041284188416f,-0.04552249515893653f,-0.3056713582457864f,-0.9510482233739154f,-0.18718180955449165f,0f,0f,0f,1f],start_interpolation:0}
execute if entity @s[tag=aj.labyria.bone.crown] run data modify entity @s {} merge value {transformation:[-0.9642977919701118f,0.2628315313853794f,0.0323937418521438f,0.21050730242821594f,0.24061750639160384f,0.9206765410890789f,-0.3073400759844638f,2.6071716783440846f,-0.11060282102845978f,-0.28857285526858856f,-0.9510482233739154f,-0.23634171700043138f,0f,0f,0f,1f],start_interpolation:0}
execute if entity @s[tag=aj.labyria.bone.ear_edge_a1] run data modify entity @s {} merge value {transformation:[-0.9925547871436768f,0.11741226514715976f,0.0323937418521438f,0.22831475740732843f,0.10188987344466009f,0.946129236089497f,-0.3073400759844638f,2.6034450697240703f,-0.06673416072448528f,-0.301751269441767f,-0.9510482233739154f,-0.2522238650899765f,0f,0f,0f,1f],start_interpolation:0}
execute if entity @s[tag=aj.labyria.bone.ear_edge_a2] run data modify entity @s {} merge value {transformation:[-0.9987021155511561f,-0.03930305182122678f,0.0323937418521438f,0.11288317037959214f,-0.047371780880577856f,0.9504199030271129f,-0.3073400759844638f,2.6075662957174117f,-0.018708254056642698f,-0.30847573332025874f,-0.9510482233739154f,-0.25748740359272854f,0f,0f,0f,1f],start_interpolation:0}
execute if entity @s[tag=aj.labyria.bone.ear_edge_b1] run data modify entity @s {} merge value {transformation:[-0.9785446633415262f,0.2034723257217937f,0.0323937418521438f,0.09074545494285971f,0.18396274802146387f,0.9336486411034162f,-0.3073400759844638f,2.6024026621771545f,-0.09277957310858057f,-0.29478674941575794f,-0.9510482233739154f,-0.25657276218529407f,0f,0f,0f,1f],start_interpolation:0}
execute if entity @s[tag=aj.labyria.bone.ear_edge_b2] run data modify entity @s {} merge value {transformation:[-0.9935276850898349f,-0.10887324946400134f,0.0323937418521438f,0.11942202270446829f,-0.11355432661465506f,0.9448002395220676f,-0.3073400759844638f,2.613286851689201f,0.002855497702020149f,-0.3090293237707274f,-0.9510482233739154f,-0.25911333398702124f,0f,0f,0f,1f],start_interpolation:0}
execute if entity @s[tag=aj.labyria.bone.ear_right_2] run data modify entity @s {} merge value {transformation:[-0.9983272391588002f,0.047889132821387306f,0.0323937418521438f,0.1740286766864414f,0.0356430356180897f,0.9509319911044068f,-0.3073400759844638f,2.7059642013039795f,-0.04552249515893653f,-0.3056713582457864f,-0.9510482233739154f,-0.320061399916328f,0f,0f,0f,1f],start_interpolation:0}
execute if entity @s[tag=aj.labyria.bone.ear_right_1] run data modify entity @s {} merge value {transformation:[-0.9983272391588002f,0.047889132821387306f,0.0323937418521438f,0.16325362180162928f,0.0356430356180897f,0.9509319911044068f,-0.3073400759844638f,2.4920045033054885f,-0.04552249515893653f,-0.3056713582457864f,-0.9510482233739154f,-0.25128534431102617f,0f,0f,0f,1f],start_interpolation:0}
execute if entity @s[tag=aj.labyria.bone.ear_edge_a3] run data modify entity @s {} merge value {transformation:[-0.9935276850898349f,-0.10887324946400137f,0.0323937418521438f,-0.1524976738802955f,-0.11355432661465506f,0.9448002395220676f,-0.3073400759844638f,2.6115850985807056f,0.0028554977020201523f,-0.30902932377072734f,-0.9510482233739154f,-0.2678252786838054f,0f,0f,0f,1f],start_interpolation:0}
execute if entity @s[tag=aj.labyria.bone.ear_edge_a4] run data modify entity @s {} merge value {transformation:[-0.9983272391588003f,0.047889132821387306f,0.0323937418521438f,-0.037022741769693106f,0.03564303561808971f,0.9509319911044068f,-0.3073400759844638f,2.617062460745023f,-0.04552249515893653f,-0.3056713582457864f,-0.9510482233739154f,-0.2656621368085061f,0f,0f,0f,1f],start_interpolation:0}
execute if entity @s[tag=aj.labyria.bone.ear_edge_b3] run data modify entity @s {} merge value {transformation:[-0.9802580833714728f,-0.19505059721442414f,0.0323937418521438f,-0.014930488918128884f,-0.1954669847426089f,0.9313080776893846f,-0.3073400759844638f,2.6121585940578655f,0.029778311915209913f,-0.30760450087214225f,-0.9510482233739154f,-0.2633249204177654f,0f,0f,0f,1f],start_interpolation:0}
execute if entity @s[tag=aj.labyria.bone.ear_edge_b4] run data modify entity @s {} merge value {transformation:[-0.992554787143677f,0.11741226514715976f,0.0323937418521438f,-0.04351027406577049f,0.10188987344466008f,0.9461292360894972f,-0.3073400759844638f,2.6227065115084383f,-0.06673416072448528f,-0.30175126944176694f,-0.9510482233739154f,-0.26770703672961166f,0f,0f,0f,1f],start_interpolation:0}
execute if entity @s[tag=aj.labyria.bone.ear_left_2] run data modify entity @s {} merge value {transformation:[-0.9987021155511561f,-0.03930305182122678f,0.0323937418521438f,-0.0951713746478468f,-0.047371780880577856f,0.9504199030271129f,-0.3073400759844638f,2.714759740391111f,-0.018708254056642698f,-0.30847573332025874f,-0.9510482233739154f,-0.3320730080978184f,0f,0f,0f,1f],start_interpolation:0}
execute if entity @s[tag=aj.labyria.bone.ear_left_1] run data modify entity @s {} merge value {transformation:[-0.9987021155511561f,-0.03930305182122678f,0.0323937418521438f,-0.08632818798807078f,-0.047371780880577856f,0.9504199030271129f,-0.3073400759844638f,2.500915262210011f,-0.018708254056642698f,-0.30847573332025874f,-0.9510482233739154f,-0.2626659681007603f,0f,0f,0f,1f],start_interpolation:0}
execute if entity @s[tag=aj.labyria.bone.head] run data modify entity @s {} merge value {transformation:[-0.9983272391588002f,0.047889132821387306f,0.0323937418521438f,0.012907231902938755f,0.0356430356180897f,0.9509319911044068f,-0.3073400759844638f,2.0187116146912554f,-0.04552249515893653f,-0.3056713582457864f,-0.9510482233739154f,-0.0705988281244928f,0f,0f,0f,1f],start_interpolation:0}
execute if entity @s[tag=aj.labyria.bone.back_musket] run data modify entity @s {} merge value {transformation:[0.16933263213274619f,1.0649548799721014f,1.2164925827737718f,-0.06636443261584635f,-0.42232111408518996f,1.2098156859057667f,-1.0003237092857509f,1.9292766159604102f,-1.56064985724468f,-0.21183425215239735f,0.40268463258758025f,-0.2885422672413681f,0f,0f,0f,1f],start_interpolation:0}
execute if entity @s[tag=aj.labyria.bone.body_1] run data modify entity @s {} merge value {transformation:[-0.9949915168869667f,0.03348925072592536f,0.09418254301508869f,0.00034876288071674543f,0.016300934578557774f,0.9839565198054557f,-0.1776621700424755f,1.6497279197642096f,-0.09862130020861876f,-0.17523708859186174f,-0.9795742962772194f,-0.004884919902544636f,0f,0f,0f,1f],start_interpolation:0}
execute if entity @s[tag=aj.labyria.bone.belt2] run data modify entity @s {} merge value {transformation:[-0.879488882147572f,-0.028235182073746506f,0.47508113062094637f,0.25194461482199904f,-0.07161478446708518f,0.9947237508433489f,-0.07345734921620845f,0.8547882199848514f,-0.47050040257639236f,-0.09862775472148524f,-0.876870536153457f,0.20052114744399885f,0f,0f,0f,1f],start_interpolation:0}
execute if entity @s[tag=aj.labyria.bone.leg_left_2] run data modify entity @s {} merge value {transformation:[-0.982876054833649f,-0.1557899077071868f,0.09840815764573617f,0.18127886169336782f,-0.15798909050769505f,0.9873281817722376f,-0.014916727485566994f,0.9588362914509415f,-0.0948372717616507f,-0.030208709587030536f,-0.9950343339553129f,0.03462873783704681f,0f,0f,0f,1f],start_interpolation:0}
execute if entity @s[tag=aj.labyria.bone.leg_left_1] run data modify entity @s {} merge value {transformation:[-0.982876054833649f,-0.13633471170835182f,0.12396575018142084f,0.12844916090638148f,-0.15798909050769505f,0.9697381856321233f,-0.18613784840130948f,1.3346098383833893f,-0.0948372717616507f,-0.20253567021716976f,-0.9746718392230734f,-0.04385383437210647f,0f,0f,0f,1f],start_interpolation:0}
execute if entity @s[tag=aj.labyria.bone.belt] run data modify entity @s {} merge value {transformation:[-0.9038035379455162f,0.034910405444411374f,-0.426521310591716f,-0.2178011292426999f,0.2771734357133445f,0.8071253061838575f,-0.5212711642249885f,1.2796696474853884f,0.3260583557157042f,-0.5893470995171872f,-0.7391589443135016f,0.15777130260083802f,0f,0f,0f,1f],start_interpolation:0}
execute if entity @s[tag=aj.labyria.bone.leg_right_2] run data modify entity @s {} merge value {transformation:[-0.98638001082234f,0.1302156570351507f,0.10049058121547885f,-0.1697470270992563f,0.15798909050769502f,0.9200267989443214f,0.35859466881817487f,1.1318333319297567f,-0.04575938735027043f,0.36958702884052796f,-0.9280686971243879f,0.11393044398980784f,0f,0f,0f,1f],start_interpolation:0}
execute if entity @s[tag=aj.labyria.bone.leg_right_1] run data modify entity @s {} merge value {transformation:[-0.98638001082234f,0.1585232537489391f,-0.04387313837612036f,-0.11821634862437146f,0.15798909050769502f,0.8389083692963096f,-0.5208379740429436f,1.3917481172178614f,-0.04575938735027043f,-0.5206756437029257f,-0.8525273910695609f,-0.09947124733574716f,0f,0f,0f,1f],start_interpolation:0}
execute if entity @s[tag=aj.labyria.bone.skirt_forward_right] run data modify entity @s {} merge value {transformation:[-0.9811155837148055f,0.1803293997736826f,0.06995369160537498f,0.0012326836343338823f,0.16463483006651333f,0.9684000581769094f,-0.18734113283507395f,1.5631062063402457f,-0.10152627305740534f,-0.17228649076530034f,-0.9798008884354266f,-0.017265486529196218f,0f,0f,0f,1f],start_interpolation:0}
execute if entity @s[tag=aj.labyria.bone.skirt_forward_left] run data modify entity @s {} merge value {transformation:[-0.98558768575006f,-0.15402400698794114f,0.06995369160537498f,0.0012326836343338823f,-0.16463483006651333f,0.9684000581769094f,-0.18734113283507395f,1.5631062063402457f,-0.03888812706741647f,-0.19615792768669132f,-0.9798008884354266f,-0.017265486529196218f,0f,0f,0f,1f],start_interpolation:0}
execute if entity @s[tag=aj.labyria.bone.skirt_forward] run data modify entity @s {} merge value {transformation:[-0.9974610206340013f,0.01334141471345773f,0.06995369160537498f,0.0012326836343338823f,0f,0.9822949149558249f,-0.18734113283507395f,1.5631062063402457f,-0.07121455129238952f,-0.18686547756440292f,-0.9798008884354266f,-0.017265486529196218f,0f,0f,0f,1f],start_interpolation:0}
execute if entity @s[tag=aj.labyria.bone.skirt_back_right] run data modify entity @s {} merge value {transformation:[-0.9870676696584045f,0.1453185799384961f,0.06767514935178066f,0.0012326836343338823f,0.15927231940966263f,0.9368571845943844f,0.3113373474926351f,1.5631062063402457f,-0.018158848669265898f,0.31808980807083764f,-0.9478866652804354f,-0.017265486529196218f,0f,0f,0f,1f],start_interpolation:0}
execute if entity @s[tag=aj.labyria.bone.skirt_back_left] run data modify entity @s {} merge value {transformation:[-0.9796355998064609f,-0.18903482682312764f,0.06767514935178066f,0.0012326836343338823f,-0.15927231940966263f,0.9368571845943844f,0.3113373474926351f,1.5631062063402457f,-0.12225555145555592f,0.2942183711494467f,-0.9478866652804354f,-0.017265486529196218f,0f,0f,0f,1f],start_interpolation:0}
execute if entity @s[tag=aj.labyria.bone.skirt_back] run data modify entity @s {} merge value {transformation:[-0.9974610206340013f,-0.02217174950225076f,0.06767514935178066f,0.0012326836343338823f,0f,0.9502994559907156f,0.3113373474926351f,1.5631062063402457f,-0.07121455129238952f,0.31054686839148654f,-0.9478866652804354f,-0.017265486529196218f,0f,0f,0f,1f],start_interpolation:0}
execute if entity @s[tag=aj.labyria.bone.skirt_right] run data modify entity @s {} merge value {transformation:[-0.9846819538203037f,0.16244806177943552f,0.06334095866604887f,-0.1942909484648592f,0.16872701979730428f,0.9793646007941951f,0.11124824268970188f,1.6049251661694164f,-0.043961831296586235f,0.12023146815759757f,-0.9917720259483623f,0.0006690733121516926f,0f,0f,0f,1f],start_interpolation:0}
execute if entity @s[tag=aj.labyria.bone.skirt_left] run data modify entity @s {} merge value {transformation:[-0.9803795527925784f,-0.18088709363898195f,0.07833129528525751f,0.1933854018411483f,-0.17171312672065997f,0.9788428687867357f,0.1112710220010931f,1.6221634650202026f,-0.09680152156881933f,0.09563732315469395f,-0.9906982223875069f,0.012014394365820625f,0f,0f,0f,1f],start_interpolation:0}
execute if entity @s[tag=aj.labyria.bone.coat_downer] run data modify entity @s {} merge value {transformation:[-0.9974610206340013f,-0.00849475561249666f,0.07070609197841676f,0.0025167290867650124f,0f,0.9928601766809549f,0.11928398702702309f,1.4473141279837305f,-0.07121455129238952f,0.11898112744526743f,-0.9903393251790402f,-0.03525036833044232f,0f,0f,0f,1f],start_interpolation:0}
execute if entity @s[tag=aj.labyria.bone.body_2] run data modify entity @s {} merge value {transformation:[-0.9974610206340013f,-0.01095718786074563f,0.07036655704211131f,0f,0f,0.9880924019755942f,0.1538616429071932f,1.6742666015624998f,-0.07121455129238952f,0.1534709913706332f,-0.9855836557552782f,0f,0f,0f,0f,1f],start_interpolation:0}
execute if entity @s[tag=aj.labyria.bone.sphere] run data modify entity @s {} merge value {transformation:[-0.9974610206340013f,0f,0.07121455129238952f,0.452804731093968f,0f,1f,0f,3.0937528515625f,-0.07121455129238952f,0f,-0.9974610206340013f,0.04729887661970038f,0f,0f,0f,1f],start_interpolation:0}