execute if entity @s[tag=aj.labyria.bone.wing_right_1] run data modify entity @s {} merge value {transformation:[-0.683618249089439f,-0.1220126266455957f,-0.4297946636422752f,0.036739017533535645f,-0.08189213971890864f,0.8065326028931785f,-0.09870806637280215f,1.7969803906137023f,0.4392086194607214f,-0.039528772480830116f,-0.6873701398678956f,-0.34748283366459487f,0f,0f,0f,1f],start_interpolation:0}
execute if entity @s[tag=aj.labyria.bone.wing_right_2] run data modify entity @s {} merge value {transformation:[-0.664430810587643f,0.1458459521859451f,-0.42102334397610636f,0.036739017533535645f,0.2282333319474193f,0.7606312449574673f,-0.09669361603866333f,1.7969803906137023f,0.38267642222905096f,-0.20042222288316322f,-0.6733421778297753f,-0.34748283366459487f,0f,0f,0f,1f],start_interpolation:0}
execute if entity @s[tag=aj.labyria.bone.wing_left_1] run data modify entity @s {} merge value {transformation:[-0.6907498965124017f,0.12032555885026884f,0.4187251900709117f,-0.042366603356325694f,0.08101416987032242f,0.8066874126657329f,-0.09816601739569875f,1.796929856591783f,-0.42807210746879215f,-0.04149244001599062f,-0.6942457005075299f,-0.34684184042090827f,0f,0f,0f,1f],start_interpolation:0}
execute if entity @s[tag=aj.labyria.bone.wing_left_2] run data modify entity @s {} merge value {transformation:[-0.6702526915926523f,-0.150046256565013f,0.4101797780286482f,-0.042366603356325694f,-0.2290859505678884f,0.7604422239600394f,-0.09616262928558245f,1.796929856591783f,-0.37186147510223716f,-0.198024606828383f,-0.6800774209053354f,-0.34684184042090827f,0f,0f,0f,1f],start_interpolation:0}
execute if entity @s[tag=aj.labyria.bone.musket] run data modify entity @s {} merge value {transformation:[-0.000016101000175279513f,0.0000018117948931800042f,-0.0000013194152807953048f,-0.556085414014135f,0.0000012682747898474776f,0.000015255240721378322f,0.0000054712680114154524f,1.486076242168344f,0.0000018479546735747162f,0.000005316078804941432f,-0.000015250902718415255f,-0.17816468545050992f,0f,0f,0f,1f],start_interpolation:0}
execute if entity @s[tag=aj.labyria.bone.omega_blade] run data modify entity @s {} merge value {transformation:[-1.7768938336459015f,0.19994827268342644f,-0.1456096423166863f,-0.556085414014135f,0.13996581758371496f,1.683556479318554f,0.6038048745962096f,1.486076242168344f,0.20393883787253825f,0.5866783146912252f,-1.6830777406916677f,-0.17816468545050992f,0f,0f,0f,1f],start_interpolation:0}
execute if entity @s[tag=aj.labyria.bone.arm_right_2] run data modify entity @s {} merge value {transformation:[-0.4038515892597896f,-0.9147740888531312f,0.009605218126940512f,-0.4360086048221073f,-0.9104720127334855f,0.4008850292990373f,-0.10164599014690995f,1.733709054635379f,0.08913252987197157f,-0.049795176943494085f,-0.994774262067424f,-0.17080185268785025f,0f,0f,0f,1f],start_interpolation:0}
execute if entity @s[tag=aj.labyria.bone.arm_right_1] run data modify entity @s {} merge value {transformation:[-0.3621866089659652f,-0.9147740888531312f,0.1789112256082857f,-0.29902071793626706f,-0.8685037808512497f,0.4008850292990373f,0.2915345192785832f,2.0613266417189133f,-0.3384110561622059f,-0.049795176943494085f,-0.9396799441407412f,-0.04982594785698568f,0f,0f,0f,1f],start_interpolation:0}
execute if entity @s[tag=aj.labyria.bone.arm_left_2] run data modify entity @s {} merge value {transformation:[-0.23961008955903584f,-0.9699185502462329f,0.042953589719099024f,0.37641673884156157f,-0.9682956276927221f,0.2419601767082713f,0.06211964486745627f,2.379809917678356f,-0.07064405405034185f,-0.026707279448643928f,-0.9971439910322804f,-0.030384117246748284f,0f,0f,0f,1f],start_interpolation:0}
execute if entity @s[tag=aj.labyria.bone.arm_left_1] run data modify entity @s {} merge value {transformation:[-0.23947558930414548f,-0.9699185502462329f,0.04369723121295117f,0.29783383221593174f,-0.9680981167869938f,0.2419601767082713f,0.06512533424695885f,2.0621172261855096f,-0.07373925956305957f,-0.026707279448643928f,-0.9969198778354977f,-0.05472058720877759f,0f,0f,0f,1f],start_interpolation:0}
execute if entity @s[tag=aj.labyria.bone.himo_right_2] run data modify entity @s {} merge value {transformation:[-0.9621729427587952f,0.26577094608921975f,-0.05990853393066507f,-0.1786095985770899f,0.2678410460990872f,0.882548589294207f,-0.38648306762308715f,1.7560521604554316f,-0.04984377842245917f,-0.38790951489960424f,-0.9203487415121109f,0.22571719910420096f,0f,0f,0f,1f],start_interpolation:0}
execute if entity @s[tag=aj.labyria.bone.himo_right_1] run data modify entity @s {} merge value {transformation:[-0.9916085745834955f,0.1268938588514949f,-0.024705938522249997f,-0.15497141215819868f,0.1288562273946347f,0.9547681844283393f,-0.2679809445931457f,1.933396314132038f,-0.010416692090606102f,-0.2689157165157688f,-0.9631073823498084f,0.16927608111780804f,0f,0f,0f,1f],start_interpolation:0}
execute if entity @s[tag=aj.labyria.bone.himo_left_2] run data modify entity @s {} merge value {transformation:[-0.9621729427587952f,0.26577094608921975f,-0.05990853393066507f,0.13388007900036508f,0.2678410460990872f,0.882548589294207f,-0.38648306762308715f,1.7562517841994665f,-0.04984377842245917f,-0.38790951489960424f,-0.9203487415121109f,0.2231850936760942f,0f,0f,0f,1f],start_interpolation:0}
execute if entity @s[tag=aj.labyria.bone.himo_left_1] run data modify entity @s {} merge value {transformation:[-0.9916085745834955f,0.1268938588514949f,-0.024705938522249997f,0.15751826541925631f,0.1288562273946347f,0.9547681844283393f,-0.2679809445931457f,1.933595937876073f,-0.010416692090606102f,-0.2689157165157688f,-0.9631073823498084f,0.16674397568970128f,0f,0f,0f,1f],start_interpolation:0}
execute if entity @s[tag=aj.labyria.bone.ribbon_left_himo_1] run data modify entity @s {} merge value {transformation:[-0.9977131393367844f,-0.0675720568256663f,0.0015838974357372066f,0.30679243751987667f,-0.0635198897273137f,0.9293575962687142f,-0.3636752423064665f,2.330496219844347f,0.023102277025607604f,-0.3629441766911079f,-0.9315244545379612f,-0.05642215245271602f,0f,0f,0f,1f],start_interpolation:0}
execute if entity @s[tag=aj.labyria.bone.ribbon_left_himo_2] run data modify entity @s {} merge value {transformation:[-0.9977131393367844f,-0.0675720568256663f,0.0015838974357372066f,0.3061203209692796f,-0.0635198897273137f,0.9293575962687142f,-0.3636752423064665f,2.2945523854476715f,0.023102277025607604f,-0.3629441766911079f,-0.9315244545379612f,-0.18427655865155135f,0f,0f,0f,1f],start_interpolation:0}
execute if entity @s[tag=aj.labyria.bone.ribbon_left] run data modify entity @s {} merge value {transformation:[-0.9977131393367844f,-0.06740090128937981f,-0.005060642263318985f,0.2987200504012615f,-0.0635198897273137f,0.9605838939062646f,-0.2706359295749692f,2.415193185816381f,0.023102277025607604f,-0.26969557147505596f,-0.9626684702029953f,-0.14917209017091596f,0f,0f,0f,1f],start_interpolation:0}
execute if entity @s[tag=aj.labyria.bone.ribbon_right_himo_1] run data modify entity @s {} merge value {transformation:[-0.9979582927039696f,0.0638573744707673f,0.001217271160470411f,-0.30827252588647935f,0.06265974024868237f,0.9825771668603344f,-0.1749739069595407f,2.33023112219395f,-0.01236943714748439f,-0.17454038756235915f,-0.9845723183871442f,-0.05311429642947596f,0f,0f,0f,1f],start_interpolation:0}
execute if entity @s[tag=aj.labyria.bone.ribbon_right_himo_2] run data modify entity @s {} merge value {transformation:[-0.9979582927039696f,0.0638573744707673f,0.001217271160470411f,-0.3089446424370764f,0.06265974024868237f,0.9825771668603344f,-0.1749739069595407f,2.294287287797274f,-0.01236943714748439f,-0.17454038756235915f,-0.9845723183871442f,-0.18096870262831127f,0f,0f,0f,1f],start_interpolation:0}
execute if entity @s[tag=aj.labyria.bone.ribbon_right] run data modify entity @s {} merge value {transformation:[-0.9979582927039696f,0.06366817040924472f,-0.005060642263318985f,-0.30127121700165493f,0.06265974024868237f,0.9606403856673212f,-0.2706359295749692f,2.4149345850429498f,-0.01236943714748439f,-0.2704004687526991f,-0.9626684702029953f,-0.14594530138298276f,0f,0f,0f,1f],start_interpolation:0}
execute if entity @s[tag=aj.labyria.bone.crown] run data modify entity @s {} merge value {transformation:[-0.9766866234809387f,0.2146104131054354f,-0.005060642263318985f,0.16702781599495456f,0.20794166529870034f,0.9399555614261215f,-0.2706359295749692f,2.6921192594574386f,-0.0533245098074629f,-0.26537881062891727f,-0.9626684702029953f,-0.20885288875788086f,0f,0f,0f,1f],start_interpolation:0}
execute if entity @s[tag=aj.labyria.bone.ear_edge_a1] run data modify entity @s {} merge value {transformation:[-0.997699358449679f,0.06760469356277653f,-0.00505920521246715f,0.18409454799880062f,0.06643968232341824f,0.9602051830004437f,-0.2712780403052328f,2.6896725481637427f,-0.013481793718271979f,-0.2709900587611421f,-0.9624877294234825f,-0.22580996516517243f,0f,0f,0f,1f],start_interpolation:0}
execute if entity @s[tag=aj.labyria.bone.ear_edge_a2] run data modify entity @s {} merge value {transformation:[-0.9959917278316988f,-0.08930219780859557f,-0.00505920521246715f,0.06847129648141712f,-0.08458748454784634f,0.9587769199902656f,-0.2712780403052328f,2.6895912997434444f,0.029076374407674004f,-0.269762738643672f,-0.9624877294234825f,-0.22517930500147437f,0f,0f,0f,1f],start_interpolation:0}
execute if entity @s[tag=aj.labyria.bone.ear_edge_b1] run data modify entity @s {} merge value {transformation:[-0.9880117700586516f,0.15429574502191526f,-0.0050562133758702416f,0.04661086263621142f,0.14981531635950485f,0.9503885874064792f,-0.2726112688639602f,2.683647880080928f,-0.03725739134281531f,-0.27010064049470334f,-0.9621109763404009f,-0.22321383952694251f,0f,0f,0f,1f],start_interpolation:0}
execute if entity @s[tag=aj.labyria.bone.ear_edge_b2] run data modify entity @s {} merge value {transformation:[-0.9873350394621051f,-0.15856845385088816f,-0.0050562133758702416f,0.07470840002536666f,-0.15120339190407522f,0.9501687378382242f,-0.2726112688639602f,2.6956941932812595f,0.0480318032876783f,-0.26839414128899025f,-0.9621109763404009f,-0.22677478826913722f,0f,0f,0f,1f],start_interpolation:0}
execute if entity @s[tag=aj.labyria.bone.ear_right_2] run data modify entity @s {} merge value {transformation:[-0.9999848779881816f,-0.0021629843409907944f,-0.0050562133758702416f,0.12275058447262739f,-0.0007026890404183391f,0.9621240056855945f,-0.2726112688639602f,2.7924414407515177f,0.005454358172523736f,-0.27260359348740526f,-0.9621109763404009f,-0.2869209697914413f,0f,0f,0f,1f],start_interpolation:0}
execute if entity @s[tag=aj.labyria.bone.ear_right_1] run data modify entity @s {} merge value {transformation:[-0.9999848779881816f,-0.0021559771751680826f,-0.00505920521246715f,0.12323567933704022f,-0.0007026890404183391f,0.9625007693899599f,-0.2712780403052328f,2.575878767638777f,0.005454358172523736f,-0.2712703829874451f,-0.9624877294234825f,-0.2258851336192663f,0f,0f,0f,1f],start_interpolation:0}
execute if entity @s[tag=aj.labyria.bone.ear_edge_a3] run data modify entity @s {} merge value {transformation:[-0.9873813725706606f,-0.1582795470057991f,-0.005060642263318985f,-0.19703364983635352f,-0.15102228781965019f,0.9507620428923375f,-0.2706359295749692f,2.683977899262546f,0.047647598913239914f,-0.26645660583822645f,-0.9626684702029953f,-0.2221296771547456f,0f,0f,0f,1f],start_interpolation:0}
execute if entity @s[tag=aj.labyria.bone.ear_edge_a4] run data modify entity @s {} merge value {transformation:[-0.9999854456715276f,-0.0018703863235276091f,-0.005060642263318985f,-0.08186916290887697f,-0.0004310012890517273f,0.9626816752493946f,-0.2706359295749692f,2.6937288558640864f,0.005377981313222011f,-0.2706298095074147f,-0.9626684702029953f,-0.22547638017203916f,0f,0f,0f,1f],start_interpolation:0}
execute if entity @s[tag=aj.labyria.bone.ear_edge_b3] run data modify entity @s {} merge value {transformation:[-0.9698291168683894f,-0.2437332024451384f,-0.005060642263318985f,-0.05952492610872101f,-0.2333119744441836f,0.9339816466098512f,-0.2706359295749692f,2.6895800013336255f,0.07068950880602225f,-0.2612898961341373f,-0.9626684702029953f,-0.22442746983095646f,0f,0f,0f,1f],start_interpolation:0}
execute if entity @s[tag=aj.labyria.bone.ear_edge_b4] run data modify entity @s {} merge value {transformation:[-0.9976800029394329f,0.06788962832904455f,-0.005060642263318985f,-0.08865063120531988f,0.06672332761191128f,0.9603666962028024f,-0.2706359295749692f,2.699195407232593f,-0.013513300380242208f,-0.27034571790553347f,-0.9626684702029953f,-0.22697754767762082f,0f,0f,0f,1f],start_interpolation:0}
execute if entity @s[tag=aj.labyria.bone.ear_left_2] run data modify entity @s {} merge value {transformation:[-0.9960171842376349f,-0.08901774319323148f,-0.005060642263318985f,-0.14678967429931872f,-0.0843325976349449f,0.958980816596054f,-0.2706359295749692f,2.791541701050626f,0.028944458527944226f,-0.2691312594210287f,-0.9626684702029953f,-0.28509517166069215f,0f,0f,0f,1f],start_interpolation:0}
execute if entity @s[tag=aj.labyria.bone.ear_left_1] run data modify entity @s {} merge value {transformation:[-0.9960171842376349f,-0.08901774319323148f,-0.005060642263318985f,-0.12676068208084165f,-0.0843325976349449f,0.958980816596054f,-0.2706359295749692f,2.575771017316514f,0.028944458527944226f,-0.2691312594210287f,-0.9626684702029953f,-0.2245406382909608f,0f,0f,0f,1f],start_interpolation:0}
execute if entity @s[tag=aj.labyria.bone.head] run data modify entity @s {} merge value {transformation:[-0.9999854456715275f,-0.001870386323527604f,-0.005060642263318985f,-0.0006457833103641114f,-0.0004310012890517344f,0.9626816752493946f,-0.2706359295749692f,2.090907906711548f,0.00537798131322201f,-0.2706298095074147f,-0.9626684702029953f,-0.05643171888871983f,0f,0f,0f,1f],start_interpolation:0}
execute if entity @s[tag=aj.labyria.bone.back_musket] run data modify entity @s {} merge value {transformation:[0.0088496604687001f,1.0159956331274143f,1.2689882574715234f,-0.10122013941317798f,-0.3635053709832741f,1.238110107344077f,-0.9887385134522424f,2.0076015524479685f,-1.5844374930557847f,-0.27837542309525554f,0.23392647357799515f,-0.2679188548603235f,0f,0f,0f,1f],start_interpolation:0}
execute if entity @s[tag=aj.labyria.bone.body_1] run data modify entity @s {} merge value {transformation:[-0.9999669682478559f,-0.0017754091980340895f,-0.007931603581307711f,0.000019995138898672157f,-0.000638795980911898f,0.9899999769964319f,-0.141066074896691f,1.7196579153378864f,0.008102737369941604f,-0.14105634856057916f,-0.9899684096868294f,-0.003535588178502641f,0f,0f,0f,1f],start_interpolation:0}
execute if entity @s[tag=aj.labyria.bone.belt2] run data modify entity @s {} merge value {transformation:[-0.9111962875564256f,-0.05149084600122337f,0.4087419948102545f,0.2740165299355183f,-0.09357359709382622f,0.9920943578157937f,-0.08362276673843265f,0.9301183463992424f,-0.401204819849301f,-0.11444421334495841f,-0.9088108794251659f,0.19264852596546134f,0f,0f,0f,1f],start_interpolation:0}
execute if entity @s[tag=aj.labyria.bone.leg_left_2] run data modify entity @s {} merge value {transformation:[-0.984576432109791f,-0.17339041303850097f,0.023345534911250472f,0.1893918239891908f,-0.17410016038232395f,0.9841786115665806f,-0.032887606932196334f,1.029871204536167f,-0.01727378038541223f,-0.03644482406619101f,-0.9991863646537521f,0.030698015490001007f,0f,0f,0f,1f],start_interpolation:0}
execute if entity @s[tag=aj.labyria.bone.leg_left_1] run data modify entity @s {} merge value {transformation:[-0.984576432109791f,-0.16698531558499566f,0.052203004826674344f,0.12464570643766755f,-0.17410016038232395f,0.96459460839324f,-0.19810698022417356f,1.4039071895058848f,-0.01727378038541223f,-0.204140015277925f,-0.9787892881889978f,-0.04874166300141482f,0f,0f,0f,1f],start_interpolation:0}
execute if entity @s[tag=aj.labyria.bone.belt] run data modify entity @s {} merge value {transformation:[-0.8684412187244064f,-0.004095538574508067f,-0.4957752274814186f,-0.2044086692138373f,0.30705467654501334f,0.7806678802741136f,-0.5443115709960236f,1.3613737220035842f,0.3892650449659009f,-0.6249327061949204f,-0.6767066110919772f,0.18371091889567126f,0f,0f,0f,1f],start_interpolation:0}
execute if entity @s[tag=aj.labyria.bone.leg_right_2] run data modify entity @s {} merge value {transformation:[-0.984291431962302f,0.17365708740753819f,0.03183697471073044f,-0.1616904235742501f,0.17373929780465222f,0.9206787961356218f,0.3495214024127968f,1.2147410937724166f,0.03138524118032886f,0.34956225531283064f,-0.9363873110506463f,0.14461780002141986f,0f,0f,0f,1f],start_interpolation:0}
execute if entity @s[tag=aj.labyria.bone.leg_right_1] run data modify entity @s {} merge value {transformation:[-0.984291431962302f,0.12539351538950194f,-0.12428533004286463f,-0.12563238587507392f,0.17373929780465222f,0.8130887531953903f,-0.5556089774522293f,1.460631998338526f,0.03138524118032886f,-0.5684744019966318f,-0.8221020745081625f,-0.08572280796233955f,0f,0f,0f,1f],start_interpolation:0}
execute if entity @s[tag=aj.labyria.bone.skirt_forward_right] run data modify entity @s {} merge value {transformation:[-0.9724620264798904f,0.23295414814656126f,-0.007069081689656194f,-0.000115115609548238f,0.22627588040554647f,0.9364490028226666f,-0.268071802058941f,1.6329596011247052f,-0.05582860379160365f,-0.26228921055533944f,-0.9633729999459902f,-0.01568793161258417f,0f,0f,0f,1f],start_interpolation:0}
execute if entity @s[tag=aj.labyria.bone.skirt_forward_left] run data modify entity @s {} merge value {transformation:[-0.971538030527128f,-0.23677813100777387f,-0.007069081689656194f,-0.000115115609548238f,-0.22627588040554647f,0.9364490028226666f,-0.268071802058941f,1.6329596011247052f,0.07009337476655245f,-0.2588423879292158f,-0.9633729999459902f,-0.01568793161258417f,0f,0f,0f,1f],start_interpolation:0}
execute if entity @s[tag=aj.labyria.bone.skirt_forward] run data modify entity @s {} merge value {transformation:[-0.9999730791029847f,-0.0019670163600977713f,-0.007069081689656194f,-0.000115115609548238f,0f,0.9633989355095177f,-0.268071802058941f,1.6329596011247052f,0.007337647395175429f,-0.268064585325565f,-0.9633729999459902f,-0.01568793161258417f,0f,0f,0f,1f],start_interpolation:0}
execute if entity @s[tag=aj.labyria.bone.skirt_back_right] run data modify entity @s {} merge value {transformation:[-0.9714200780218682f,0.23726628072012038f,-0.0069097068844252985f,-0.000115115609548238f,0.22117441518682482f,0.9153364476159681f,0.3365130989018795f,1.6329596011247052f,0.08616791794370844f,0.32536733041136934f,-0.941653434241189f,-0.01568793161258417f,0f,0f,0f,1f],start_interpolation:0}
execute if entity @s[tag=aj.labyria.bone.skirt_back_left] run data modify entity @s {} merge value {transformation:[-0.9725799789851501f,-0.23246599843421475f,-0.0069097068844252985f,-0.000115115609548238f,-0.22117441518682482f,0.9153364476159681f,0.3365130989018795f,1.6329596011247052f,-0.07190314696875964f,0.32881415303749295f,-0.941653434241189f,-0.01568793161258417f,0f,0f,0f,1f],start_interpolation:0}
execute if entity @s[tag=aj.labyria.bone.skirt_back] run data modify entity @s {} merge value {transformation:[-0.9999730791029847f,0.002469214463599788f,-0.0069097068844252985f,-0.000115115609548238f,0f,0.9416787850787836f,0.3365130989018795f,1.6329596011247052f,0.007337647395175429f,0.3365040396673997f,-0.941653434241189f,-0.01568793161258417f,0f,0f,0f,1f],start_interpolation:0}
execute if entity @s[tag=aj.labyria.bone.skirt_right] run data modify entity @s {} merge value {transformation:[-0.9544439425895863f,0.2977066517579757f,-0.02018687576376727f,-0.19362275055395672f,0.2944330956151778f,0.9506099750287932f,0.09823353593463263f,1.6825680082757553f,0.04843462253915043f,0.08781471901004159f,-0.9949586234938f,0.018052372516275932f,0f,0f,0f,1f],start_interpolation:0}
execute if entity @s[tag=aj.labyria.bone.skirt_left] run data modify entity @s {} merge value {transformation:[-0.9638164221718755f,-0.26653238193395756f,0.004288791486680042f,0.19375733083248858f,-0.26485108973035265f,0.9593112560028169f,0.09785609012699442f,1.7117502215208997f,-0.030196102736113072f,0.09317941557505487f,-0.9951913343134783f,0.0002882001853461366f,0f,0f,0f,1f],start_interpolation:0}
execute if entity @s[tag=aj.labyria.bone.coat_downer] run data modify entity @s {} merge value {transformation:[-0.9999730791029847f,0.0007682099637918385f,-0.007297322985003179f,-0.00023483592015952252f,0f,0.9945044497233863f,0.10469431446064631f,1.517006262026035f,0.007337647395175429f,0.10469149599578861f,-0.994477676771514f,-0.032003390939758576f,0f,0f,0f,1f],start_interpolation:0}
execute if entity @s[tag=aj.labyria.bone.body_2] run data modify entity @s {} merge value {transformation:[-0.9999730791029847f,0.001022414890490438f,-0.007266067511909601f,0f,0f,0.9902448456009357f,0.13933824227676644f,1.744453125f,0.007337647395175429f,0.13933449116629582f,-0.9902181873214274f,0f,0f,0f,0f,1f],start_interpolation:0}
execute if entity @s[tag=aj.labyria.bone.sphere] run data modify entity @s {} merge value {transformation:[-0.9999838524848258f,0f,-0.005682848722796449f,0.4529604194394536f,0f,1f,0f,3.145883125f,0.005682848722796449f,0f,-0.9999838524848258f,0.008616568123925564f,0f,0f,0f,1f],start_interpolation:0}