execute if entity @s[tag=aj.labyria.bone.wing_right_1] run data modify entity @s {} merge value {transformation:[0.27145460173130953f,0.3711170848647606f,-0.6749288502981796f,-0.2409463560223661f,-0.32808679034676924f,0.7031631096344895f,0.2546863633835827f,1.4940194640705489f,0.6968614651731687f,0.18648912840989243f,0.38281894909482644f,0.001722318685301913f,0f,0f,0f,1f],start_interpolation:0}
execute if entity @s[tag=aj.labyria.bone.wing_right_2] run data modify entity @s {} merge value {transformation:[0.3847951448727504f,0.23410902871833852f,-0.6611547921288291f,-0.2409463560223661f,-0.03332943495307625f,0.7593711517242535f,0.2494886824982035f,1.4940194640705489f,0.7005867863784384f,-0.09245764760979425f,0.37500631748064633f,0.001722318685301913f,0f,0f,0f,1f],start_interpolation:0}
execute if entity @s[tag=aj.labyria.bone.wing_left_1] run data modify entity @s {} merge value {transformation:[-0.21358619351720576f,0.36091332316596275f,-0.7007616966876661f,-0.23831677511691526f,0.181128646607775f,0.729075795410507f,0.3202894665283526f,1.487341583330391f,0.767149135280299f,-0.07165544049325441f,-0.2707252233000302f,0.06824798336380311f,0f,0f,0f,1f],start_interpolation:0}
execute if entity @s[tag=aj.labyria.bone.wing_left_2] run data modify entity @s {} merge value {transformation:[-0.32859767697598313f,0.2465677074050998f,-0.6864604375715914f,-0.23831677511691526f,-0.10938531770410534f,0.7277320527797491f,0.3137529468032842f,1.487341583330391f,0.7211507602136734f,0.22273397814874502f,-0.26520021874288674f,0.06824798336380311f,0f,0f,0f,1f],start_interpolation:0}
execute if entity @s[tag=aj.labyria.bone.musket] run data modify entity @s {} merge value {transformation:[1.5830729264844145e-8f,-0.000016250269243958643f,4.4063925081968944e-7f,0.5802749521836015f,0.000015782577822788548f,-9.022961075670509e-8f,-0.000003894580843616662f,1.4175844668351345f,0.000003895593756814761f,4.3159260732163503e-7f,0.00001577668346534439f,0.19725423256677474f,0f,0f,0f,1f],start_interpolation:0}
execute if entity @s[tag=aj.labyria.bone.omega_blade] run data modify entity @s {} merge value {transformation:[0.0017470669465619673f,-1.793367051756739f,0.0486286043798682f,0.5802749521836015f,1.7417529909357132f,-0.009957669537325863f,-0.42980290729285486f,1.4175844668351345f,0.4299146916041478f,0.047630223852454384f,1.7411024942409858f,0.19725423256677474f,0f,0f,0f,1f],start_interpolation:0}
execute if entity @s[tag=aj.labyria.bone.arm_right_2] run data modify entity @s {} merge value {transformation:[0.3319508660346998f,0.017767032957211992f,0.9431293416487f,0.43829645697164865f,-0.05418934246128468f,0.9985306437079364f,0.00026218281354390555f,1.4368416001002733f,-0.9417388904056293f,-0.051194590691902686f,0.33242589577447507f,0.39810924129873615f,0f,0f,0f,1f],start_interpolation:0}
execute if entity @s[tag=aj.labyria.bone.arm_right_1] run data modify entity @s {} merge value {transformation:[0.9997169604118721f,0.017767032957211992f,-0.015821871088617837f,0.13133971974270092f,-0.01693125590310035f,0.9985306437079364f,0.051477044881751303f,1.4380170023176073f,0.016713217475735648f,-0.051194590691902686f,0.9985488381874453f,0.31450596844804085f,0f,0f,0f,1f],start_interpolation:0}
execute if entity @s[tag=aj.labyria.bone.arm_left_2] run data modify entity @s {} merge value {transformation:[-0.1990772881966687f,0.8830390611535728f,-0.4249826464707438f,0.12984059279754176f,0.4904301264331133f,0.4652231049036367f,0.7369163817901051f,1.5881358943864599f,0.8484376962459063f,-0.06172097812605078f,-0.5256843125375749f,-0.6485406574283731f,0f,0f,0f,1f],start_interpolation:0}
execute if entity @s[tag=aj.labyria.bone.arm_left_1] run data modify entity @s {} merge value {transformation:[0.05592759967024977f,0.8830390611535728f,-0.46595506228835093f,0.15106071516316824f,0.026260090422541155f,0.4652231049036367f,0.8848038597987802f,1.5980995319354383f,0.9980894304851264f,-0.06172097812605078f,0.0028301259758723857f,-0.2698442718940743f,0f,0f,0f,1f],start_interpolation:0}
execute if entity @s[tag=aj.labyria.bone.himo_right_2] run data modify entity @s {} merge value {transformation:[0.045669105857566575f,0.147169875299394f,-0.9880563549588309f,0.24448034193952878f,-0.08158093106631051f,0.9863339987417108f,0.14314256743729672f,1.142660546507015f,0.9956198493684846f,0.07406936431850858f,0.05705124725128936f,0.13987717428519483f,0f,0f,0f,1f],start_interpolation:0}
execute if entity @s[tag=aj.labyria.bone.himo_right_1] run data modify entity @s {} merge value {transformation:[0.04307703804277632f,0.2675392167543783f,-0.9625835736661598f,0.28862779774556124f,-0.09089863311863264f,0.9605313697797562f,0.2629009816759717f,1.324403309476194f,0.9949280412625956f,0.07617253551956342f,0.06569579546588504f,0.15457012341677476f,0f,0f,0f,1f],start_interpolation:0}
execute if entity @s[tag=aj.labyria.bone.himo_left_2] run data modify entity @s {} merge value {transformation:[0.045669105857566575f,0.147169875299394f,-0.9880563549588309f,0.23219931656974546f,-0.08158093106631051f,0.9863339987417108f,0.14314256743729672f,1.173848490797402f,0.9956198493684846f,0.07406936431850858f,0.05705124725128936f,-0.17082000714200515f,0f,0f,0f,1f],start_interpolation:0}
execute if entity @s[tag=aj.labyria.bone.himo_left_1] run data modify entity @s {} merge value {transformation:[0.04307703804277632f,0.2675392167543783f,-0.9625835736661598f,0.2763467723757779f,-0.09089863311863264f,0.9605313697797562f,0.2629009816759717f,1.355591253766581f,0.9949280412625956f,0.07617253551956342f,0.06569579546588504f,-0.15612705801042523f,0f,0f,0f,1f],start_interpolation:0}
execute if entity @s[tag=aj.labyria.bone.ribbon_left_himo_1] run data modify entity @s {} merge value {transformation:[-0.7068791363053463f,0.3578178096916859f,-0.610154326153353f,0.5067498889521279f,0.13554182288741684f,0.9151475963998328f,0.37964890497927795f,1.733333718084854f,0.6942264046437326f,0.1856644604415535f,-0.6953980207222212f,-0.09119291407251343f,0f,0f,0f,1f],start_interpolation:0}
execute if entity @s[tag=aj.labyria.bone.ribbon_left_himo_2] run data modify entity @s {} merge value {transformation:[-0.7068791363053463f,0.3578178096916859f,-0.610154326153353f,0.42571376750988577f,0.13554182288741684f,0.9151475963998328f,0.37964890497927795f,1.7837558382774144f,0.6942264046437326f,0.1856644604415535f,-0.6953980207222212f,-0.18355046369968345f,0f,0f,0f,1f],start_interpolation:0}
execute if entity @s[tag=aj.labyria.bone.ribbon_left] run data modify entity @s {} merge value {transformation:[-0.7068791363053463f,0.3578178096916859f,-0.610154326153353f,0.5041130607214244f,0.13554182288741684f,0.9151475963998328f,0.37964890497927795f,1.8564615059453746f,0.6942264046437326f,0.1856644604415535f,-0.6953980207222212f,-0.1171522171996594f,0f,0f,0f,1f],start_interpolation:0}
execute if entity @s[tag=aj.labyria.bone.ribbon_right_himo_1] run data modify entity @s {} merge value {transformation:[-0.7068791363053463f,0.3578178096916859f,-0.610154326153353f,0.08187134808659569f,0.13554182288741684f,0.9151475963998328f,0.37964890497927795f,1.8148028250041222f,0.6942264046437326f,0.1856644604415535f,-0.6953980207222212f,0.3260805442686602f,0f,0f,0f,1f],start_interpolation:0}
execute if entity @s[tag=aj.labyria.bone.ribbon_right_himo_2] run data modify entity @s {} merge value {transformation:[-0.7068791363053463f,0.3578178096916859f,-0.610154326153353f,0.0008352266443535095f,0.13554182288741684f,0.9151475963998328f,0.37964890497927795f,1.8652249451966825f,0.6942264046437326f,0.1856644604415535f,-0.6953980207222212f,0.23372299464149016f,0f,0f,0f,1f],start_interpolation:0}
execute if entity @s[tag=aj.labyria.bone.ribbon_right] run data modify entity @s {} merge value {transformation:[-0.7068791363053463f,0.3578178096916859f,-0.610154326153353f,0.07998557893821662f,0.13554182288741684f,0.9151475963998328f,0.37964890497927795f,1.9377865996778247f,0.6942264046437326f,0.1856644604415535f,-0.6953980207222212f,0.29938362558658016f,0f,0f,0f,1f],start_interpolation:0}
execute if entity @s[tag=aj.labyria.bone.crown] run data modify entity @s {} merge value {transformation:[-0.6128591311031778f,0.5021109276841182f,-0.610154326153353f,0.5229022170851024f,0.33009030546802265f,0.8642378718755981f,0.37964890497927795f,2.12694603173001f,0.7179443402238681f,0.03126527012727737f,-0.6953980207222212f,0.03822893254201887f,0f,0f,0f,1f],start_interpolation:0}
execute if entity @s[tag=aj.labyria.bone.ear_edge_a1] run data modify entity @s {} merge value {transformation:[-0.6815066056029702f,0.4040550021913668f,-0.610154326153353f,0.5253376821344831f,0.1961280083232213f,0.9041020480560817f,0.37964890497927795f,2.1331066207917173f,0.7050408150388768f,0.13906488379505794f,-0.6953980207222212f,0.015257881189039434f,0f,0f,0f,1f],start_interpolation:0}
execute if entity @s[tag=aj.labyria.bone.ear_edge_a2] run data modify entity @s {} merge value {transformation:[-0.7363242565072584f,0.29246929335467164f,-0.610154326153353f,0.4434714888504839f,0.05228062685556155f,0.923652231634626f,0.37964890497927795f,2.148436562492585f,0.67460605195523f,0.2476454470427315f,-0.6953980207222212f,0.09545800531384921f,0f,0f,0f,1f],start_interpolation:0}
execute if entity @s[tag=aj.labyria.bone.ear_edge_b1] run data modify entity @s {} merge value {transformation:[-0.643697553389286f,0.4619146653192505f,-0.610154326153353f,0.42576121982811876f,0.27417936755689354f,0.883567984568328f,0.37964890497927795f,2.1456144411134765f,0.7144782251172872f,0.07708734402525386f,-0.6953980207222212f,0.10945658120845486f,0f,0f,0f,1f],start_interpolation:0}
execute if entity @s[tag=aj.labyria.bone.ear_edge_b2] run data modify entity @s {} merge value {transformation:[-0.7549322342087926f,0.24039346918930374f,-0.610154326153353f,0.4501187587804165f,-0.012277448768566984f,0.9250491733955393f,0.37964890497927795f,2.153330297615054f,0.6556878723937603f,0.2941003345311951f,-0.6953980207222212f,0.09229728403070424f,0f,0f,0f,1f],start_interpolation:0}
execute if entity @s[tag=aj.labyria.bone.ear_right_2] run data modify entity @s {} merge value {transformation:[-0.7080319419156682f,0.3555312468735705f,-0.610154326153353f,0.5042329634014612f,0.13258327957507118f,0.9155808991701135f,0.37964890497927795f,2.25891398413797f,0.6936226951334898f,0.18790728983030594f,-0.6953980207222212f,0.05752110641279612f,0f,0f,0f,1f],start_interpolation:0}
execute if entity @s[tag=aj.labyria.bone.ear_right_1] run data modify entity @s {} merge value {transformation:[-0.7080319419156682f,0.3555312468735705f,-0.610154326153353f,0.4242384328549079f,0.13258327957507118f,0.9155808991701135f,0.37964890497927795f,2.0529082818246946f,0.6936226951334898f,0.18790728983030594f,-0.6953980207222212f,0.015241966200977349f,0f,0f,0f,1f],start_interpolation:0}
execute if entity @s[tag=aj.labyria.bone.ear_edge_a3] run data modify entity @s {} merge value {transformation:[-0.7541513187797376f,0.24283221915374073f,-0.610154326153353f,0.25402300919979803f,-0.009287546546748161f,0.9250840234417504f,0.37964890497927795f,2.179302914921396f,0.6566350050537395f,0.29197955906825473f,-0.6953980207222212f,0.2785347218827604f,0f,0f,0f,1f],start_interpolation:0}
execute if entity @s[tag=aj.labyria.bone.ear_edge_a4] run data modify entity @s {} merge value {transformation:[-0.7068791363053463f,0.3578178096916859f,-0.610154326153353f,0.33905075799914136f,0.13554182288741684f,0.9151475963998328f,0.37964890497927795f,2.17291282103652f,0.6942264046437328f,0.1856644604415535f,-0.6953980207222212f,0.20044125698807003f,0f,0f,0f,1f],start_interpolation:0}
execute if entity @s[tag=aj.labyria.bone.ear_edge_b3] run data modify entity @s {} merge value {transformation:[-0.7724457677506789f,0.1761795509144354f,-0.610154326153353f,0.35329429117344524f,-0.0898785897952086f,0.9207543364244666f,0.37964890497927795f,2.165932144157147f,0.6286886152782544f,0.34809800027453197f,-0.6953980207222212f,0.18413266912712095f,0f,0f,0f,1f],start_interpolation:0}
execute if entity @s[tag=aj.labyria.bone.ear_edge_b4] run data modify entity @s {} merge value {transformation:[-0.6801971056099891f,0.4062555794030911f,-0.610154326153353f,0.33629746114907294f,0.1990491190994356f,0.9034634232406833f,0.37964890497927795f,2.179029971715233f,0.7054866020737262f,0.13678540517937196f,-0.6953980207222212f,0.206196673917304f,0f,0f,0f,1f],start_interpolation:0}
execute if entity @s[tag=aj.labyria.bone.ear_left_2] run data modify entity @s {} merge value {transformation:[-0.7353751247510774f,0.29484762874014314f,-0.610154326153353f,0.3138593652451035f,0.055265676842173525f,0.9234784317520424f,0.37964890497927795f,2.294576384690758f,0.6754029396297545f,0.245463769047701f,-0.6953980207222212f,0.24402791539764312f,0f,0f,0f,1f],start_interpolation:0}
execute if entity @s[tag=aj.labyria.bone.ear_left_1] run data modify entity @s {} merge value {transformation:[-0.7353751247510774f,0.29484762874014314f,-0.610154326153353f,0.24751864877857138f,0.055265676842173525f,0.9234784317520424f,0.37964890497927795f,2.086793737546549f,0.6754029396297545f,0.245463769047701f,-0.6953980207222212f,0.1887985673619105f,0f,0f,0f,1f],start_interpolation:0}
execute if entity @s[tag=aj.labyria.bone.head] run data modify entity @s {} merge value {transformation:[-0.7068791363053463f,0.3578178096916859f,-0.610154326153353f,0.17156423604204282f,0.13554182288741684f,0.9151475963998328f,0.37964890497927795f,1.5889738382501046f,0.6942264046437326f,0.1856644604415535f,-0.6953980207222212f,0.02859841895271715f,0f,0f,0f,1f],start_interpolation:0}
execute if entity @s[tag=aj.labyria.bone.back_musket] run data modify entity @s {} merge value {transformation:[-1.544274469649236f,0.36690821112991395f,-0.35107174141479575f,-0.04917378381950337f,0.4998385195013847f,1.2966372951883127f,-0.8435341248428541f,1.6162928944217625f,0.08963513506005531f,-0.9092671389405769f,-1.3445651539552044f,0.13955045455887305f,0f,0f,0f,1f],start_interpolation:0}
execute if entity @s[tag=aj.labyria.bone.body_1] run data modify entity @s {} merge value {transformation:[0.0392992811833065f,0.3898057782124427f,-0.9200581621672987f,0.025387069212376805f,-0.0998014217292385f,0.9176965166455435f,0.3845422987883884f,1.2448376445080258f,0.99423098056704f,0.07671087673092672f,0.07496798431246798f,-0.00016815982138037103f,0f,0f,0f,1f],start_interpolation:0}
execute if entity @s[tag=aj.labyria.bone.belt2] run data modify entity @s {} merge value {transformation:[-0.7388766868298289f,-0.2957702119313168f,-0.6054595142480452f,0.44877924102196276f,-0.0017346106345362544f,0.8993521803936777f,-0.4372215076446767f,0.5171346419509237f,0.6738384322560723f,-0.3220025424670457f,-0.6650234054974584f,0.010755274650264955f,0f,0f,0f,1f],start_interpolation:0}
execute if entity @s[tag=aj.labyria.bone.leg_left_2] run data modify entity @s {} merge value {transformation:[-0.41918797830739896f,-0.27947356419894853f,-0.86381477514366f,0.2515315810312747f,0.05316136649632771f,0.9422551226682756f,-0.33064959234457825f,0.580914954912956f,0.9063417169891269f,-0.18452590798944446f,-0.38012482334868947f,-0.008359476536008284f,0f,0f,0f,1f],start_interpolation:0}
execute if entity @s[tag=aj.labyria.bone.leg_left_1] run data modify entity @s {} merge value {transformation:[-0.41918797830739896f,-0.4104566391068249f,-0.8098189836350377f,0.09239335039367638f,0.05316136649632771f,0.8793426972197482f,-0.4732127322447497f,0.9238896636653567f,0.9063417169891269f,-0.24141617232370305f,-0.34678945166451275f,-0.1020789156516725f,0f,0f,0f,1f],start_interpolation:0}
execute if entity @s[tag=aj.labyria.bone.belt] run data modify entity @s {} merge value {transformation:[-0.2296552685127216f,-0.9399936415877578f,-0.2523299653607075f,0.15903850687899984f,0.33993708486237806f,0.16546198725832423f,-0.9257781100824292f,1.0642652857818153f,0.9119765545120214f,-0.2983861333023241f,0.28153948119805444f,0.2793552260298553f,0f,0f,0f,1f],start_interpolation:0}
execute if entity @s[tag=aj.labyria.bone.leg_right_2] run data modify entity @s {} merge value {transformation:[-0.4181251358208445f,0.12670959065633988f,-0.8995087828534546f,0.23495798149218772f,-0.011826897776518498f,0.9893804547626555f,0.14486697423023942f,1.0056091360308879f,0.9083124436468897f,0.07121092169986204f,-0.41218625565012723f,0.2378498168320947f,0f,0f,0f,1f],start_interpolation:0}
execute if entity @s[tag=aj.labyria.bone.leg_right_1] run data modify entity @s {} merge value {transformation:[-0.4181251358208445f,-0.8813364208312456f,-0.22003973302831015f,-0.06149111331317807f,-0.011826897776518498f,0.24749179631111698f,-0.9688178029163586f,0.9737239730856935f,0.9083124436468897f,-0.40248468800075643f,-0.11390601670302442f,0.10096969208887996f,0f,0f,0f,1f],start_interpolation:0}
execute if entity @s[tag=aj.labyria.bone.skirt_forward_right] run data modify entity @s {} merge value {transformation:[-0.4876546919478052f,-0.31289183306430723f,-0.815040859235259f,0.017724383936223536f,0.1647943493782881f,0.8837974138580094f,-0.43788691881681213f,1.1564483374519474f,0.8573422442842052f,-0.34785173861798147f,-0.37942514954358203f,-0.0025064599953912503f,0f,0f,0f,1f],start_interpolation:0}
execute if entity @s[tag=aj.labyria.bone.skirt_forward_left] run data modify entity @s {} merge value {transformation:[-0.3556817637372993f,-0.4573826414740453f,-0.815040859235259f,0.017724383936223536f,-0.1388144429287256f,0.8882486120245312f,-0.43788691881681213f,1.1564483374519474f,0.9242407875543642f,-0.04260894876336305f,-0.37942514954358203f,-0.0025064599953912503f,0f,0f,0f,1f],start_interpolation:0}
execute if entity @s[tag=aj.labyria.bone.skirt_forward] run data modify entity @s {} merge value {transformation:[-0.42781245049741534f,-0.3907491586381826f,-0.815040859235259f,0.017724383936223536f,0.013179232756933041f,0.8989334536844522f,-0.43788691881681213f,1.1564483374519474f,0.9037714395926301f,-0.19807508897005538f,-0.37942514954358203f,-0.0025064599953912503f,0f,0f,0f,1f],start_interpolation:0}
execute if entity @s[tag=aj.labyria.bone.skirt_back_right] run data modify entity @s {} merge value {transformation:[-0.4123579267266514f,0.1265859981212618f,-0.9021845295422338f,0.017724383936223536f,0.18159352245547938f,0.9818476305969469f,0.054763335301757116f,1.1564483374519474f,0.8927400141518855f,-0.1412487712187447f,-0.42785985060681475f,-0.0025064599953912503f,0f,0f,0f,1f],start_interpolation:0}
execute if entity @s[tag=aj.labyria.bone.skirt_back_left] run data modify entity @s {} merge value {transformation:[-0.4309785289584531f,-0.0179048102884763f,-0.9021845295422338f,0.017724383936223536f,-0.1556136160059169f,0.9862988287634687f,0.054763335301757116f,1.1564483374519474f,0.888843017686684f,0.16399401863587373f,-0.42785985060681475f,-0.0025064599953912503f,0f,0f,0f,1f],start_interpolation:0}
execute if entity @s[tag=aj.labyria.bone.skirt_back] run data modify entity @s {} merge value {transformation:[-0.42781245049741534f,0.05513240294105677f,-0.9021845295422338f,0.017724383936223536f,0.013179232756933041f,0.9984123822001437f,0.054763335301757116f,1.1564483374519474f,0.9037714395926301f,0.011538336768315088f,-0.42785985060681475f,-0.0025064599953912503f,0f,0f,0f,1f],start_interpolation:0}
execute if entity @s[tag=aj.labyria.bone.skirt_right] run data modify entity @s {} merge value {transformation:[-0.43720194791110023f,-0.05546741160820414f,-0.8976512813961922f,-0.046661070156032505f,0.18750445304097133f,0.9705419603508532f,-0.15129568165724042f,1.2072726436318306f,0.8796002142067416f,-0.2344603792708033f,-0.4139224489196562f,0.18065409199346433f,0f,0f,0f,1f],start_interpolation:0}
execute if entity @s[tag=aj.labyria.bone.skirt_left] run data modify entity @s {} merge value {transformation:[-0.4051343739883665f,-0.2012037566766284f,-0.8918425798941576f,0.10096259902418156f,-0.1615553568119475f,0.9758877076724137f,-0.14677550442511117f,1.2165187459943796f,0.8998699937760002f,0.08461814411279424f,-0.42787120023260233f,-0.1783599226759689f,0f,0f,0f,1f],start_interpolation:0}
execute if entity @s[tag=aj.labyria.bone.coat_downer] run data modify entity @s {} merge value {transformation:[-0.42781245049741534f,-0.14000004674481856f,-0.8929594022747313f,0.028384907326911128f,0.013179232756933041f,0.986860507667786f,-0.161036164353285f,1.0404071215915873f,0.9037714395926301f,-0.08066179589575387f,-0.42034611888244744f,0.00423201232380631f,0f,0f,0f,1f],start_interpolation:0}
execute if entity @s[tag=aj.labyria.bone.body_2] run data modify entity @s {} merge value {transformation:[-0.42781245049741534f,-0.09133061189443796f,-0.8992414728705435f,0.007407407407407405f,0.013179232756933041f,0.9941458651794839f,-0.10723948233031495f,1.26875f,0.9037714395926301f,-0.0577296984014545f,-0.42410431134231824f,-0.009027777777777772f,0f,0f,0f,1f],start_interpolation:0}
execute if entity @s[tag=aj.labyria.bone.sphere] run data modify entity @s {} merge value {transformation:[-0.42261826174069983f,0f,-0.9063077870366499f,-0.7972231272060589f,0f,1f,0f,2.3962962962962964f,0.9063077870366499f,0f,-0.42261826174069983f,-0.3552849877775668f,0f,0f,0f,1f],start_interpolation:0}