execute if entity @s[tag=aj.labyria.bone.wing_right_1] run data modify entity @s {} merge value {transformation:[-0.5816983454102043f,-0.27326534453816104f,0.5038824573905263f,0.2669854830238376f,-0.16319166356020065f,0.7671335919206179f,0.22763782096977964f,1.4724774588377578f,-0.5494906371685777f,0.061453625327195775f,-0.6010224089355236f,-0.028766444009390303f,0f,0f,0f,1f],start_interpolation:0}
execute if entity @s[tag=aj.labyria.bone.wing_right_2] run data modify entity @s {} merge value {transformation:[-0.6288914110182473f,-0.02924859363994914f,0.4935991419335768f,0.2669854830238376f,0.13988559497045366f,0.7554512034826886f,0.22299215115406987f,1.4724774588377578f,-0.4742653407821831f,0.2616065727894513f,-0.5887566454878599f,-0.028766444009390303f,0f,0f,0f,1f],start_interpolation:0}
execute if entity @s[tag=aj.labyria.bone.wing_left_1] run data modify entity @s {} merge value {transformation:[0.19021503090286662f,-0.2042362736933398f,0.7674960787984038f,0.24265354398659883f,0.3320805306134833f,0.7373539279178392f,0.113912908030853f,1.482974441633513f,-0.7214466076228603f,0.2855541523712053f,0.25479023304960824f,-0.10775925523389483f,0f,0f,0f,1f],start_interpolation:0}
execute if entity @s[tag=aj.labyria.bone.wing_left_2] run data modify entity @s {} merge value {transformation:[0.24871210977069408f,-0.1135323155738541f,0.7518328935168037f,0.24265354398659883f,0.024126635143646102f,0.7918118395071502f,0.11158815480573356f,1.482974441633513f,-0.7599738100290403f,-0.012017659370351458f,0.24959043237512646f,-0.10775925523389483f,0f,0f,0f,1f],start_interpolation:0}
execute if entity @s[tag=aj.labyria.bone.musket] run data modify entity @s {} merge value {transformation:[-0.000006808259636857638f,-0.0000065294348799367605f,0.000013239325697644142f,0.10588518115600427f,0.0000041480945245648035f,0.000013145908004095963f,0.000008616500369965824f,1.3186608970711011f,-0.00001416709485374156f,0.000006986934017078662f,-0.0000038395104516824106f,-0.6474398898184655f,0f,0f,0f,1f],start_interpolation:0}
execute if entity @s[tag=aj.labyria.bone.omega_blade] run data modify entity @s {} merge value {transformation:[-0.7513542286128576f,-0.7205833456958326f,1.4610816680750216f,0.10588518115600427f,0.45778047958760254f,1.4507721642049427f,0.9509102669601152f,1.3186608970711011f,-1.5634695492358106f,0.7710725939932076f,-0.4237253817491515f,-0.6474398898184655f,0f,0f,0f,1f],start_interpolation:0}
execute if entity @s[tag=aj.labyria.bone.arm_right_2] run data modify entity @s {} merge value {transformation:[0.10020739215924462f,-0.35582791640682965f,0.9291635875679902f,0.07861881299218887f,-0.7478759478560527f,0.5889942960542849f,0.3062144441954494f,1.5447614494944988f,-0.6562317008306244f,-0.7255840496600595f,-0.20709355785213213f,-0.43545676979828624f,0f,0f,0f,1f],start_interpolation:0}
execute if entity @s[tag=aj.labyria.bone.arm_right_1] run data modify entity @s {} merge value {transformation:[0.7214068961283484f,-0.35582791640682965f,0.5941031763288572f,-0.18215020591407016f,-0.3204525040577151f,0.5889942960542849f,0.7418867244119263f,1.644981440606628f,-0.6139073894828135f,-0.7255840496600595f,0.31087860012761526f,-0.2262213271949789f,0f,0f,0f,1f],start_interpolation:0}
execute if entity @s[tag=aj.labyria.bone.arm_left_2] run data modify entity @s {} merge value {transformation:[0.9900920298594951f,-0.12042913638716392f,0.07221215630173966f,-0.24473811669625933f,0.139868568108675f,0.8913331524092801f,-0.43123310989691366f,1.3464267848216074f,-0.012432057912265093f,0.43706067602242227f,0.8993461010150037f,0.5253814277527169f,0f,0f,0f,1f],start_interpolation:0}
execute if entity @s[tag=aj.labyria.bone.arm_left_1] run data modify entity @s {} merge value {transformation:[0.7469277127011407f,-0.12042913638716392f,0.6539081090704446f,0.011248501336721447f,0.371360501642538f,0.8913331524092801f,-0.2600319004198086f,1.4807648537447824f,-0.5515345590430802f,0.43706067602242227f,0.7104840572848755f,0.32195034368757286f,0f,0f,0f,1f],start_interpolation:0}
execute if entity @s[tag=aj.labyria.bone.himo_right_2] run data modify entity @s {} merge value {transformation:[-0.29203269116609176f,0.04290915873776795f,0.9554452948163529f,-0.28549046574355835f,0.12598511488447614f,0.9920137201719809f,-0.006043990245857486f,1.2400894518564405f,-0.9480741838684543f,0.118606842496391f,-0.2951063516686839f,-0.09821882219042287f,0f,0f,0f,1f],start_interpolation:0}
execute if entity @s[tag=aj.labyria.bone.himo_right_1] run data modify entity @s {} merge value {transformation:[-0.29203269116609176f,-0.08216857127050996f,0.9528720969708651f,-0.2949416222507111f,0.12598511488447614f,0.9843158043094344f,0.1234914904526476f,1.4254204869797884f,-0.9480741838684543f,0.1561112529000845f,-0.2771003763983919f,-0.07067983962414696f,0f,0f,0f,1f],start_interpolation:0}
execute if entity @s[tag=aj.labyria.bone.himo_left_2] run data modify entity @s {} merge value {transformation:[-0.29203269116609176f,0.04290915873776795f,0.9554452948163529f,-0.19423024975415468f,0.12598511488447614f,0.9920137201719809f,-0.006043990245857486f,1.2007191034550417f,-0.9480741838684543f,0.118606842496391f,-0.2951063516686839f,0.19805436026846915f,0f,0f,0f,1f],start_interpolation:0}
execute if entity @s[tag=aj.labyria.bone.himo_left_1] run data modify entity @s {} merge value {transformation:[-0.29203269116609176f,-0.08216857127050996f,0.9528720969708651f,-0.2036814062613074f,0.12598511488447614f,0.9843158043094344f,0.1234914904526476f,1.3860501385783897f,-0.9480741838684543f,0.1561112529000845f,-0.2771003763983919f,0.22559334283474505f,0f,0f,0f,1f],start_interpolation:0}
execute if entity @s[tag=aj.labyria.bone.ribbon_left_himo_1] run data modify entity @s {} merge value {transformation:[-0.8236359754946253f,-0.3615024997818973f,0.4369665004579375f,0.034328374872428985f,-0.178339304072623f,0.8965135041351622f,0.405534991740768f,1.86856586880551f,-0.5383482817785432f,0.25608490692489433f,-0.8028708787540862f,0.3363439469602916f,0f,0f,0f,1f],start_interpolation:0}
execute if entity @s[tag=aj.labyria.bone.ribbon_left_himo_2] run data modify entity @s {} merge value {transformation:[-0.8236359754946253f,-0.3615024997818973f,0.4369665004579375f,0.09236298821449881f,-0.178339304072623f,0.8965135041351622f,0.405534991740768f,1.9224259848960807f,-0.5383482817785432f,0.25608490692489433f,-0.8028708787540862f,0.22971265837576446f,0f,0f,0f,1f],start_interpolation:0}
execute if entity @s[tag=aj.labyria.bone.ribbon_left] run data modify entity @s {} merge value {transformation:[-0.8236359754946253f,-0.3615024997818973f,0.4369665004579375f,0.024257407350113697f,-0.178339304072623f,0.8965135041351622f,0.405534991740768f,1.991253606352938f,-0.5383482817785432f,0.25608490692489433f,-0.8028708787540862f,0.3101221031264087f,0f,0f,0f,1f],start_interpolation:0}
execute if entity @s[tag=aj.labyria.bone.ribbon_right_himo_1] run data modify entity @s {} merge value {transformation:[-0.8236359754946253f,-0.3615024997818973f,0.4369665004579375f,-0.46072832364830923f,-0.178339304072623f,0.8965135041351622f,0.405534991740768f,1.761372800851359f,-0.5383482817785432f,0.25608490692489433f,-0.8028708787540862f,0.012762982843775889f,0f,0f,0f,1f],start_interpolation:0}
execute if entity @s[tag=aj.labyria.bone.ribbon_right_himo_2] run data modify entity @s {} merge value {transformation:[-0.8236359754946253f,-0.3615024997818973f,0.4369665004579375f,-0.4026937103062394f,-0.178339304072623f,0.8965135041351622f,0.405534991740768f,1.8152329169419297f,-0.5383482817785432f,0.25608490692489433f,-0.8028708787540862f,-0.0938683057407512f,0f,0f,0f,1f],start_interpolation:0}
execute if entity @s[tag=aj.labyria.bone.ribbon_right] run data modify entity @s {} merge value {transformation:[-0.8236359754946253f,-0.3615024997818973f,0.4369665004579375f,-0.4699241779466614f,-0.178339304072623f,0.8965135041351622f,0.405534991740768f,1.884250023909364f,-0.5383482817785432f,0.25608490692489433f,-0.8028708787540862f,-0.012886865940717217f,0f,0f,0f,1f],start_interpolation:0}
execute if entity @s[tag=aj.labyria.bone.crown] run data modify entity @s {} merge value {transformation:[-0.882355975686187f,-0.17466599453935147f,0.4369665004579375f,-0.19349896159016572f,0.019929086246660788f,0.9138622445397271f,0.405534991740768f,2.2147264822935275f,-0.47016035955006935f,0.366534566386843f,-0.8028708787540862f,0.32544300681851906f,0f,0f,0f,1f],start_interpolation:0}
execute if entity @s[tag=aj.labyria.bone.ear_edge_a1] run data modify entity @s {} merge value {transformation:[-0.8745225777509772f,-0.2922090637881282f,0.3870712131428167f,-0.16849938780242385f,-0.04104038164262083f,0.8398354498477626f,0.5412874506707446f,2.2107743138218963f,-0.48324522561367755f,0.45748254635458113f,-0.7464474339848148f,0.336711019453821f,0f,0f,0f,1f],start_interpolation:0}
execute if entity @s[tag=aj.labyria.bone.ear_edge_a2] run data modify entity @s {} merge value {transformation:[-0.8180441850582426f,-0.425416956935833f,0.3870712131428167f,-0.2670129065533702f,-0.17191431576074773f,0.8230755516857975f,0.5412874506707446f,2.1992668086745035f,-0.5488617123911177f,0.37625396870807315f,-0.7464474339848148f,0.27728203179973343f,0f,0f,0f,1f],start_interpolation:0}
execute if entity @s[tag=aj.labyria.bone.ear_edge_b1] run data modify entity @s {} merge value {transformation:[-0.9130608663162532f,-0.31841296022877064f,0.25481962475477604f,-0.2665389272435217f,-0.0014116159432737974f,0.6272922799237793f,0.7787826416198907f,2.2107233102079804f,-0.40782086967471665f,0.7107162459845549f,-0.5732055093519075f,0.23171797119757265f,0f,0f,0f,1f],start_interpolation:0}
execute if entity @s[tag=aj.labyria.bone.ear_edge_b2] run data modify entity @s {} merge value {transformation:[-0.7699774707442464f,-0.5849800452888362f,0.25481962475477604f,-0.24829276639528347f,-0.19518650147801112f,0.5961541971271517f,0.7787826416198907f,2.2212642886521845f,-0.6074840937728888f,0.5499077375901822f,-0.5732055093519075f,0.254150782272849f,0f,0f,0f,1f],start_interpolation:0}
execute if entity @s[tag=aj.labyria.bone.ear_right_2] run data modify entity @s {} merge value {transformation:[-0.8520088108189949f,-0.45732695648369287f,0.25481962475477604f,-0.24908061221305555f,-0.0995243688423129f,0.6193484456411299f,0.7787826416198907f,2.3181631940606042f,-0.5139804337650817f,0.6381689100506847f,-0.5732055093519075f,0.33093376190289164f,0f,0f,0f,1f],start_interpolation:0}
execute if entity @s[tag=aj.labyria.bone.ear_right_1] run data modify entity @s {} merge value {transformation:[-0.8520088108189949f,-0.35250086842864736f,0.3870712131428167f,-0.16976791681661002f,-0.0995243688423129f,0.8349268205974133f,0.5412874506707446f,2.1303046594261863f,-0.5139804337650817f,0.4226586589721594f,-0.7464474339848148f,0.23583556363415592f,0f,0f,0f,1f],start_interpolation:0}
execute if entity @s[tag=aj.labyria.bone.ear_edge_a3] run data modify entity @s {} merge value {transformation:[-0.7569441997266566f,-0.4858968573449667f,0.4369665004579375f,-0.48465180081040105f,-0.31638926172310755f,0.8575775215921427f,0.405534991740768f,2.153442220454404f,-0.5717808265117661f,0.16871585130675526f,-0.8028708787540862f,0.11506817651786644f,0f,0f,0f,1f],start_interpolation:0}
execute if entity @s[tag=aj.labyria.bone.ear_edge_a4] run data modify entity @s {} merge value {transformation:[-0.8236359754946253f,-0.3615024997818973f,0.4369665004579375f,-0.39342428017398084f,-0.17833930407262294f,0.8965135041351623f,0.405534991740768f,2.183018745054544f,-0.5383482817785432f,0.25608490692489433f,-0.8028708787540862f,0.17965849542177686f,0f,0f,0f,1f],start_interpolation:0}
execute if entity @s[tag=aj.labyria.bone.ear_edge_b3] run data modify entity @s {} merge value {transformation:[-0.7117150970183412f,-0.5500199070522055f,0.4369665004579375f,-0.3734655727703642f,-0.3899281109197805f,0.8267390391098914f,0.405534991740768f,2.183129561855931f,-0.5843095831754813f,0.11823985393232207f,-0.8028708787540862f,0.19057709622102528f,0f,0f,0f,1f],start_interpolation:0}
execute if entity @s[tag=aj.labyria.bone.ear_edge_b4] run data modify entity @s {} merge value {transformation:[-0.8468467792885914f,-0.3031679565621729f,0.4369665004579375f,-0.40105494424835136f,-0.11536725777874593f,0.9067699632797876f,0.405534991740768f,2.186904755901824f,-0.5191733123352477f,0.29301437474548764f,-0.8028708787540862f,0.17746831609602975f,0f,0f,0f,1f],start_interpolation:0}
execute if entity @s[tag=aj.labyria.bone.ear_left_2] run data modify entity @s {} merge value {transformation:[-0.7889947730717422f,-0.43191147882756453f,0.4369665004579375f,-0.4728569934264682f,-0.2557969695147244f,0.8775587050795509f,0.405534991740768f,2.283170542050929f,-0.5586189743040899f,0.20819028218456334f,-0.8028708787540862f,0.1480913066810468f,0f,0f,0f,1f],start_interpolation:0}
execute if entity @s[tag=aj.labyria.bone.ear_left_1] run data modify entity @s {} merge value {transformation:[-0.7889947730717422f,-0.43191147882756453f,0.4369665004579375f,-0.3756769106902663f,-0.2557969695147244f,0.8775587050795509f,0.405534991740768f,2.0857198334080307f,-0.5586189743040899f,0.20819028218456334f,-0.8028708787540862f,0.10124849318952012f,0f,0f,0f,1f],start_interpolation:0}
execute if entity @s[tag=aj.labyria.bone.head] run data modify entity @s {} merge value {transformation:[-0.8236359754946253f,-0.3615024997818973f,0.4369665004579375f,-0.1011075857545263f,-0.178339304072623f,0.8965135041351622f,0.405534991740768f,1.6358761070559389f,-0.5383482817785432f,0.25608490692489433f,-0.8028708787540862f,0.06238822857389482f,0f,0f,0f,1f],start_interpolation:0}
execute if entity @s[tag=aj.labyria.bone.back_musket] run data modify entity @s {} merge value {transformation:[1.5471799400938562f,0.12430718955630611f,0.48315483669397885f,0.0880738064772742f,0.2728103134644473f,1.1073033651303414f,-1.1584948990234922f,1.6536661064696383f,-0.4176905630530847f,1.183673781419794f,1.0330090093221667f,-0.09784870600036158f,0f,0f,0f,1f],start_interpolation:0}
execute if entity @s[tag=aj.labyria.bone.body_1] run data modify entity @s {} merge value {transformation:[-0.29203269116609176f,-0.20584037424291757f,0.9339949933601498f,-0.023917445413432218f,0.12598511488447614f,0.959775972131255f,0.25091399751119836f,1.2759601175067183f,-0.9480741838684543f,0.1909445564844413f,-0.2543531368611848f,-0.009215980107770675f,0f,0f,0f,1f],start_interpolation:0}
execute if entity @s[tag=aj.labyria.bone.belt2] run data modify entity @s {} merge value {transformation:[-0.0833886521687302f,-0.0758831303586714f,0.9936237130908521f,-0.23920671788835352f,0.16405648231281583f,0.982446147308922f,0.08879773785970307f,0.6600807446809309f,-0.9829200391184562f,0.17041513478803666f,-0.0694757406189242f,0.33182267552025f,0f,0f,0f,1f],start_interpolation:0}
execute if entity @s[tag=aj.labyria.bone.leg_left_2] run data modify entity @s {} merge value {transformation:[-0.43744538652524073f,-0.20108545329733074f,0.8764737156811891f,-0.15593706967968568f,-5.421010862427522e-20f,0.9746773518994511f,0.22361587531808463f,0.8108335406984785f,-0.8992449798624305f,0.09781973301169958f,-0.4263681109390535f,0.21486241908095172f,0f,0f,0f,1f],start_interpolation:0}
execute if entity @s[tag=aj.labyria.bone.leg_left_1] run data modify entity @s {} merge value {transformation:[-0.43744538652524073f,0.8453809712615364f,0.306549420545341f,0.0876548906714882f,-5.421010862427522e-20f,0.34089644914363376f,-0.9401008514841701f,0.9781227504735446f,-0.8992449798624305f,-0.4112427803502008f,-0.14912357896071896f,0.09636503334457319f,0f,0f,0f,1f],start_interpolation:0}
execute if entity @s[tag=aj.labyria.bone.belt] run data modify entity @s {} merge value {transformation:[-0.7768532988627255f,0.5005663374172709f,0.3820108557237087f,-0.27586251608702267f,0.25259769087275247f,0.8034549684212678f,-0.5391238450346384f,0.8759379506006576f,-0.5767957685453792f,-0.3223250774665827f,-0.7506085436659424f,-0.071399506069697f,0f,0f,0f,1f],start_interpolation:0}
execute if entity @s[tag=aj.labyria.bone.leg_right_2] run data modify entity @s {} merge value {transformation:[-0.5127176696860812f,0.12881459974536097f,0.8488388481237868f,-0.22425562810318417f,0.12828541959507625f,0.9890757348584336f,-0.07260882751817832f,0.6757412351022634f,-0.8489189845391548f,0.07166581895640214f,-0.5236416408979699f,-0.05183589952257295f,0f,0f,0f,1f],start_interpolation:0}
execute if entity @s[tag=aj.labyria.bone.leg_right_1] run data modify entity @s {} merge value {transformation:[-0.5127176696860812f,0.5120017018845705f,0.6891841905172943f,-0.007912361633876645f,0.12828541959507625f,0.83939867318807f,-0.5281597472066786f,0.9890317441710426f,-0.8489189845391548f,-0.182384551750994f,-0.49605688481423105f,-0.13515646640066292f,0f,0f,0f,1f],start_interpolation:0}
execute if entity @s[tag=aj.labyria.bone.skirt_forward_right] run data modify entity @s {} merge value {transformation:[-0.40988982995570855f,0.3340607308681224f,0.8487601282993544f,0.0015517213351379786f,0.082262699323431f,0.9402669558331463f,-0.33034966333915144f,1.193767016710183f,-0.9084179520456998f,-0.06558566810000387f,-0.4128866000985901f,-0.0007548480719155526f,0f,0f,0f,1f],start_interpolation:0}
execute if entity @s[tag=aj.labyria.bone.skirt_forward_left] run data modify entity @s {} merge value {transformation:[-0.4616717195665697f,0.25780897571983485f,0.8487601282993544f,0.0015517213351379786f,-0.082262699323431f,0.9402669558331463f,-0.33034966333915144f,1.193767016710183f,-0.8832282104034436f,-0.22233439636402996f,-0.4128866000985901f,-0.0007548480719155526f,0f,0f,0f,1f],start_interpolation:0}
execute if entity @s[tag=aj.labyria.bone.skirt_forward] run data modify entity @s {} merge value {transformation:[-0.43744538652524073f,0.29706527635697594f,0.8487601282993544f,0.0015517213351379786f,-5.421010862427522e-20f,0.9438586228518068f,-0.33034966333915144f,1.193767016710183f,-0.8992449798624305f,-0.14450993616787827f,-0.4128866000985901f,-0.0007548480719155526f,0f,0f,0f,1f],start_interpolation:0}
execute if entity @s[tag=aj.labyria.bone.skirt_back_right] run data modify entity @s {} merge value {transformation:[-0.44414995700758503f,-0.057534313234074444f,0.8941032482274316f,0.0015517213351379786f,0.0866574008611947f,0.9904986242648112f,0.10678469087607421f,1.193767016710183f,-0.8917518211734377f,0.12490907945461743f,-0.4349441473380893f,-0.0007548480719155526f,0f,0f,0f,1f],start_interpolation:0}
execute if entity @s[tag=aj.labyria.bone.skirt_back_left] run data modify entity @s {} merge value {transformation:[-0.42741159251469324f,-0.133786068382362f,0.8941032482274316f,0.0015517213351379786f,-0.0866574008611947f,0.9904986242648112f,0.10678469087607421f,1.193767016710183f,-0.8998943412757057f,-0.031839648809408684f,-0.4349441473380893f,-0.0007548480719155526f,0f,0f,0f,1f],start_interpolation:0}
execute if entity @s[tag=aj.labyria.bone.skirt_back] run data modify entity @s {} merge value {transformation:[-0.43744538652524073f,-0.09602559719647123f,0.8941032482274316f,0.0015517213351379786f,-5.421010862427522e-20f,0.9942821680964118f,0.10678469087607421f,1.193767016710183f,-0.8992449798624305f,0.04671247037526264f,-0.4349441473380893f,-0.0007548480719155526f,0f,0f,0f,1f],start_interpolation:0}
execute if entity @s[tag=aj.labyria.bone.skirt_right] run data modify entity @s {} merge value {transformation:[-0.437326391052583f,0.10755023514029483f,0.8928485731691521f,-0.08364667125702398f,0.08713879298748538f,0.9932190709169951f,-0.07695913151449374f,1.2187621547929879f,-0.8950712030032066f,0.044145487742783776f,-0.44373270948437454f,-0.1747678920425713f,0f,0f,0f,1f],start_interpolation:0}
execute if entity @s[tag=aj.labyria.bone.skirt_left] run data modify entity @s {} merge value {transformation:[-0.4342351584696953f,0.03165786791208524f,0.9002430819217996f,0.08586341602150681f,-0.08713879298748538f,0.9932190709169951f,-0.07695913151449374f,1.2187621547929879f,-0.8965749594459367f,-0.11186445622288584f,-0.42853201225634857f,0.1736895376541205f,0f,0f,0f,1f],start_interpolation:0}
execute if entity @s[tag=aj.labyria.bone.coat_downer] run data modify entity @s {} merge value {transformation:[-0.43744538652524073f,0.013653938841469444f,0.8991413146785641f,0.004073268504737199f,-5.421010862427522e-20f,0.9998847197524724f,-0.015183781002100528f,1.0516071688642303f,-0.8992449798624305f,-0.006642074949378473f,-0.43739495771280235f,-0.001981476188778328f,0f,0f,0f,1f],start_interpolation:0}
execute if entity @s[tag=aj.labyria.bone.body_2] run data modify entity @s {} merge value {transformation:[-0.43744538652524073f,-0.01773395811586263f,0.8990700976772211f,0f,-5.421010862427522e-20f,0.9998055233121944f,0.019720942026916433f,1.28125f,-0.8992449798624305f,0.008626835107606324f,-0.43736031359537353f,0f,0f,0f,0f,1f],start_interpolation:0}
execute if entity @s[tag=aj.labyria.bone.sphere] run data modify entity @s {} merge value {transformation:[-0.8528316128056668f,0f,0.522186020685431f,0.7999416866970332f,0f,1f,0f,2.25f,-0.522186020685431f,0f,-0.8528316128056668f,0.20903638071539515f,0f,0f,0f,1f],start_interpolation:0}