execute if entity @s[tag=aj.labyria.bone.wing_right_1] run data modify entity @s {} merge value {transformation:[-0.37639565023892385f,-0.1046055617127818f,-0.7171669508450701f,-0.100686574631351f,-0.19097396474265008f,0.7938710033553636f,-0.01556339508159186f,1.7326196403651082f,0.6991421198269596f,0.16053333278402354f,-0.3903508547365604f,-0.3020595978245144f,0f,0f,0f,1f],start_interpolation:0}
execute if entity @s[tag=aj.labyria.bone.wing_right_2] run data modify entity @s {} merge value {transformation:[-0.37986127619534144f,0.04643014717463101f,-0.7025308906237422f,-0.100686574631351f,0.12476507084168013f,0.7900640755340146f,-0.015245774773804273f,1.7326196403651082f,0.6929206938352447f,-0.11680324474912981f,-0.3823845107623449f,-0.3020595978245144f,0f,0f,0f,1f],start_interpolation:0}
execute if entity @s[tag=aj.labyria.bone.wing_left_1] run data modify entity @s {} merge value {transformation:[-0.7940120489320335f,0.10176889407997446f,0.16165519723453758f,-0.18139992968290566f,0.11237422384028559f,0.8077302583531452f,0.04345466604979426f,1.7271992652266785f,-0.15447117663658716f,0.0644931498916333f,-0.7993270504931056f,-0.26449814017592777f,0f,0f,0f,1f],start_interpolation:0}
execute if entity @s[tag=aj.labyria.bone.wing_left_2] run data modify entity @s {} merge value {transformation:[-0.7567511023054825f,-0.20555075063289868f,0.15835611157668988f,-0.18139992968290566f,-0.20109525776702755f,0.7731420804941271f,0.04256783613041071f,1.7271992652266785f,-0.1639770302909829f,0.0004607422974360134f,-0.7830142535442668f,-0.26449814017592777f,0f,0f,0f,1f],start_interpolation:0}
execute if entity @s[tag=aj.labyria.bone.musket] run data modify entity @s {} merge value {transformation:[-0.000009084916216866044f,0.00001212881007320123f,-0.0000058840400749176435f,-0.7320349210569091f,0.000013282706883705861f,0.000009265464460243297f,-0.0000014094432376018015f,1.636505177569418f,0.0000023020988763685734f,-0.00000559542657950945f,-0.000015088313564452515f,0.4468534843955051f,0f,0f,0f,1f],start_interpolation:0}
execute if entity @s[tag=aj.labyria.bone.omega_blade] run data modify entity @s {} merge value {transformation:[-1.0026042748402546f,1.3385260290613858f,-0.6493580778974823f,-0.7320349210569091f,1.4658691819667151f,1.0225294382984351f,-0.15554505748119338f,1.636505177569418f,0.25405783822938593f,-0.6175069174282598f,-1.6651345283477745f,0.4468534843955051f,0f,0f,0f,1f],start_interpolation:0}
execute if entity @s[tag=aj.labyria.bone.arm_right_2] run data modify entity @s {} merge value {transformation:[-0.4766604141312333f,-0.535779154978775f,-0.6969473055335467f,-0.5744991668743137f,-0.2566229413279337f,0.8430811197004721f,-0.4726086029568213f,1.7181263527537027f,0.8407969526493545f,-0.046421144910785195f,-0.5393566183154987f,0.24687498027350407f,0f,0f,0f,1f],start_interpolation:0}
execute if entity @s[tag=aj.labyria.bone.arm_right_1] run data modify entity @s {} merge value {transformation:[-0.802858342217984f,-0.535779154978775f,-0.2614558842734661f,-0.2838769153540224f,-0.4916513815980535f,0.8430811197004721f,-0.21792921919128605f,1.8970735658698987f,0.33719045256904234f,-0.046421144910785195f,-0.9402912718947549f,0.14256200941516886f,0f,0f,0f,1f],start_interpolation:0}
execute if entity @s[tag=aj.labyria.bone.arm_left_2] run data modify entity @s {} merge value {transformation:[-0.6113878371648575f,-0.689364822582327f,-0.3885628056735671f,0.44104613190944936f,-0.7890910329876143f,0.49418028033931144f,0.36485776979845086f,2.246988380426178f,-0.05950003550769978f,0.529681028459389f,-0.8461074127229865f,-0.13216661752154085f,0f,0f,0f,1f],start_interpolation:0}
execute if entity @s[tag=aj.labyria.bone.arm_left_1] run data modify entity @s {} merge value {transformation:[-0.5440047215497522f,-0.689364822582327f,-0.4783670184258244f,0.25498896151830147f,-0.8359913130407504f,0.49418028033931144f,0.2385463792308777f,1.9610677403757826f,0.07195406487460396f,0.529681028459389f,-0.8451394089960692f,-0.10755732797241416f,0f,0f,0f,1f],start_interpolation:0}
execute if entity @s[tag=aj.labyria.bone.himo_right_2] run data modify entity @s {} merge value {transformation:[-0.90495780771356f,-0.15401751166147815f,-0.39664842412377427f,-0.04310101287764282f,-0.060773223949433325f,0.969418906060497f,-0.2377679537348572f,1.5863546344160544f,0.4211389099917735f,-0.1910643626479716f,-0.8866433487129225f,0.2774845736821828f,0f,0f,0f,1f],start_interpolation:0}
execute if entity @s[tag=aj.labyria.bone.himo_right_1] run data modify entity @s {} merge value {transformation:[-0.90495780771356f,-0.10092686204739312f,-0.4133583612019159f,-0.064608289269041f,-0.060773223949433325f,0.9921603385652648f,-0.10919925745558551f,1.771702202537944f,0.4211389099917735f,-0.07369960037426052f,-0.9039968956780853f,0.25801591801402096f,0f,0f,0f,1f],start_interpolation:0}
execute if entity @s[tag=aj.labyria.bone.himo_left_2] run data modify entity @s {} merge value {transformation:[-0.90495780771356f,-0.15401751166147815f,-0.39664842412377427f,0.23969830203284467f,-0.060773223949433325f,0.969418906060497f,-0.2377679537348572f,1.605346266900252f,0.4211389099917735f,-0.1910643626479716f,-0.8866433487129225f,0.14587866430975355f,0f,0f,0f,1f],start_interpolation:0}
execute if entity @s[tag=aj.labyria.bone.himo_left_1] run data modify entity @s {} merge value {transformation:[-0.90495780771356f,-0.10092686204739312f,-0.4133583612019159f,0.2181910256414465f,-0.060773223949433325f,0.9921603385652648f,-0.10919925745558551f,1.7906938350221417f,0.4211389099917735f,-0.07369960037426052f,-0.9039968956780853f,0.1264100086415917f,0f,0f,0f,1f],start_interpolation:0}
execute if entity @s[tag=aj.labyria.bone.ribbon_left_himo_1] run data modify entity @s {} merge value {transformation:[-0.9774803232070207f,-0.10480391425926405f,-0.1831621066133358f,0.26538877367761904f,-0.09442471230861957f,0.9934389175169022f,-0.06452201847648784f,2.2335161211215633f,0.18872252501631218f,-0.045773974251561725f,-0.9809630736336025f,0.017366036130375975f,0f,0f,0f,1f],start_interpolation:0}
execute if entity @s[tag=aj.labyria.bone.ribbon_left_himo_2] run data modify entity @s {} merge value {transformation:[-0.9774803232070207f,-0.10480391425926405f,-0.1831621066133358f,0.24106255639303537f,-0.09442471230861957f,0.9934389175169022f,-0.06452201847648784f,2.224946790542655f,0.18872252501631218f,-0.045773974251561725f,-0.9809630736336025f,-0.11291812208658684f,0f,0f,0f,1f],start_interpolation:0}
execute if entity @s[tag=aj.labyria.bone.ribbon_left] run data modify entity @s {} merge value {transformation:[-0.9774803232070207f,-0.10480391425926405f,-0.1831621066133358f,0.241501071613255f,-0.09442471230861957f,0.9934389175169022f,-0.06452201847648784f,2.335396677267985f,0.18872252501631218f,-0.045773974251561725f,-0.9809630736336025f,-0.052569794419997956f,0f,0f,0f,1f],start_interpolation:0}
execute if entity @s[tag=aj.labyria.bone.ribbon_right_himo_1] run data modify entity @s {} merge value {transformation:[-0.9774803232070207f,-0.10480391425926405f,-0.1831621066133358f,-0.3221379930900009f,-0.09442471230861957f,0.9934389175169022f,-0.06452201847648784f,2.176760967479564f,0.18872252501631218f,-0.045773974251561725f,-0.9809630736336025f,0.13080006882299314f,0f,0f,0f,1f],start_interpolation:0}
execute if entity @s[tag=aj.labyria.bone.ribbon_right_himo_2] run data modify entity @s {} merge value {transformation:[-0.9774803232070207f,-0.10480391425926405f,-0.1831621066133358f,-0.3464642103745845f,-0.09442471230861957f,0.9934389175169022f,-0.06452201847648784f,2.1681916369006555f,0.18872252501631218f,-0.045773974251561725f,-0.9809630736336025f,0.0005159106060303106f,0f,0f,0f,1f],start_interpolation:0}
execute if entity @s[tag=aj.labyria.bone.ribbon_right] run data modify entity @s {} merge value {transformation:[-0.9774803232070207f,-0.10480391425926405f,-0.1831621066133358f,-0.3449871223109574f,-0.09442471230861957f,0.9934389175169022f,-0.06452201847648784f,2.2787418498828136f,0.18872252501631218f,-0.045773974251561725f,-0.9809630736336025f,0.060663720589789354f,0f,0f,0f,1f],start_interpolation:0}
execute if entity @s[tag=aj.labyria.bone.crown] run data modify entity @s {} merge value {transformation:[-0.9769938553267934f,0.10924582076516025f,-0.1831621066133358f,0.08663043087127012f,0.12283306617809142f,0.9903276967675945f,-0.06452201847648784f,2.605221796085915f,0.17434174631159666f,-0.08553597874776492f,-0.9809630736336025f,-0.024246968356674094f,0f,0f,0f,1f],start_interpolation:0}
execute if entity @s[tag=aj.labyria.bone.ear_edge_a1] run data modify entity @s {} merge value {transformation:[-0.9824099817609856f,-0.03636303669036514f,-0.1831621066133358f,0.10012205858419299f,-0.024895902689045166f,0.9976056852088491f,-0.06452201847648784f,2.607908570346845f,0.18506977539749003f,-0.058827089012102235f,-0.9809630736336025f,-0.044096223211827205f,0f,0f,0f,1f],start_interpolation:0}
execute if entity @s[tag=aj.labyria.bone.ear_edge_a2] run data modify entity @s {} merge value {transformation:[-0.9646264524777117f,-0.18959812731466963f,-0.1831621066133358f,-0.012899103786618779f,-0.18064930450130035f,0.9814289265733491f,-0.06452201847648784f,2.596990712986161f,0.19199384355614404f,-0.029151538618983674f,-0.9809630736336025f,-0.022275181256816108f,0f,0f,0f,1f],start_interpolation:0}
execute if entity @s[tag=aj.labyria.bone.ear_edge_b1] run data modify entity @s {} merge value {transformation:[-0.9818408626540114f,0.04939800728563465f,-0.1831621066133358f,-0.033626461392651956f,0.062145898200628893f,0.9959793152814757f,-0.06452201847648784f,2.5887161791699294f,0.1792384103914774f,-0.07473312791293794f,-0.9809630736336025f,-0.01786078868301201f,0f,0f,0f,1f],start_interpolation:0}
execute if entity @s[tag=aj.labyria.bone.ear_edge_b2] run data modify entity @s {} merge value {transformation:[-0.949050974131471f,-0.25642521561084985f,-0.1831621066133358f,-0.007444876230695258f,-0.2486702730231764f,0.9664367565683224f,-0.06452201847648784f,2.60378986067257f,0.19355966474109412f,-0.015687713429001184f,-0.9809630736336025f,-0.023740784377240302f,0f,0f,0f,1f],start_interpolation:0}
execute if entity @s[tag=aj.labyria.bone.ear_right_2] run data modify entity @s {} merge value {transformation:[-0.9774803232070207f,-0.10480391425926405f,-0.1831621066133358f,0.022715082970871048f,-0.09442471230861957f,0.9934389175169022f,-0.06452201847648784f,2.71500462620104f,0.18872252501631218f,-0.045773974251561725f,-0.9809630736336025f,-0.06854365616753257f,0f,0f,0f,1f],start_interpolation:0}
execute if entity @s[tag=aj.labyria.bone.ear_right_1] run data modify entity @s {} merge value {transformation:[-0.9774803232070207f,-0.10480391425926405f,-0.1831621066133358f,0.046295963679205424f,-0.09442471230861957f,0.9934389175169022f,-0.06452201847648784f,2.4914808697597373f,0.18872252501631218f,-0.045773974251561725f,-0.9809630736336025f,-0.058244511960931195f,0f,0f,0f,1f],start_interpolation:0}
execute if entity @s[tag=aj.labyria.bone.ear_edge_a3] run data modify entity @s {} merge value {transformation:[-0.9490509741314709f,-0.25642521561084985f,-0.1831621066133358f,-0.2718695209137856f,-0.24867027302317637f,0.9664367565683223f,-0.06452201847648784f,2.566226476610885f,0.1935596647410941f,-0.015687713429001174f,-0.9809630736336025f,0.02810239064944811f,0f,0f,0f,1f],start_interpolation:0}
execute if entity @s[tag=aj.labyria.bone.ear_edge_a4] run data modify entity @s {} merge value {transformation:[-0.9774803232070206f,-0.1048039142592641f,-0.1831621066133358f,-0.16033458734605016f,-0.0944247123086196f,0.9934389175169022f,-0.06452201847648784f,2.5871140524438476f,0.18872252501631218f,-0.045773974251561725f,-0.9809630736336025f,0.005903102488268953f,0f,0f,0f,1f],start_interpolation:0}
execute if entity @s[tag=aj.labyria.bone.ear_edge_b3] run data modify entity @s {} merge value {transformation:[-0.9230906185227857f,-0.3381646828043782f,-0.1831621066133358f,-0.1380483954023835f,-0.331954520896065f,0.9410861305897479f,-0.06452201847648784f,2.5849318251887303f,0.19419038609541076f,0.0012418194033441098f,-0.9809630736336025f,0.0018854342768469534f,0f,0f,0f,1f],start_interpolation:0}
execute if entity @s[tag=aj.labyria.bone.ear_edge_b4] run data modify entity @s {} merge value {transformation:[-0.9824099817609856f,-0.03636303669036517f,-0.1831621066133358f,-0.16754849096975244f,-0.02489590268904518f,0.9976056852088492f,-0.06452201847648784f,2.5921189250817975f,0.18506977539749006f,-0.058827089012102235f,-0.9809630736336025f,0.006920866894126219f,0f,0f,0f,1f],start_interpolation:0}
execute if entity @s[tag=aj.labyria.bone.ear_left_2] run data modify entity @s {} merge value {transformation:[-0.9646264524777117f,-0.18959812731466963f,-0.1831621066133358f,-0.24073369576835035f,-0.18064930450130035f,0.9814289265733491f,-0.06452201847648784f,2.6886962001615857f,0.19199384355614404f,-0.029151538618983674f,-0.9809630736336025f,-0.017622976896124472f,0f,0f,0f,1f],start_interpolation:0}
execute if entity @s[tag=aj.labyria.bone.ear_left_1] run data modify entity @s {} merge value {transformation:[-0.9646264524777117f,-0.18959812731466963f,-0.1831621066133358f,-0.19807411712254977f,-0.18064930450130035f,0.9814289265733491f,-0.06452201847648784f,2.4678746916825824f,0.19199384355614404f,-0.029151538618983674f,-0.9809630736336025f,-0.011063880706853157f,0f,0f,0f,1f],start_interpolation:0}
execute if entity @s[tag=aj.labyria.bone.head] run data modify entity @s {} merge value {transformation:[-0.9774803232070207f,-0.10480391425926405f,-0.1831621066133358f,-0.01645325483213259f,-0.09442471230861957f,0.9934389175169022f,-0.06452201847648784f,1.9725566485711377f,0.18872252501631218f,-0.045773974251561725f,-0.9809630736336025f,0.01946006152108329f,0f,0f,0f,1f],start_interpolation:0}
execute if entity @s[tag=aj.labyria.bone.back_musket] run data modify entity @s {} merge value {transformation:[-0.6594424745794009f,0.8246316360125014f,1.2360319284844308f,-0.19741323134814173f,-0.1004041500364882f,1.3244722440407186f,-0.9372027112883287f,1.9189042353680885f,-1.4824679659274416f,-0.45652226701234266f,-0.48634636869813724f,-0.1422707763066821f,0f,0f,0f,1f],start_interpolation:0}
execute if entity @s[tag=aj.labyria.bone.body_1] run data modify entity @s {} merge value {transformation:[-0.90495780771356f,-0.046109325841464585f,-0.4229956221153036f,0.0008377423584166299f,-0.060773223949433325f,0.9979256325983664f,0.021237868394505185f,1.5983345363467503f,0.4211389099917735f,0.04492618249524373f,-0.905882805122906f,0.002612743085366888f,0f,0f,0f,1f],start_interpolation:0}
execute if entity @s[tag=aj.labyria.bone.belt2] run data modify entity @s {} merge value {transformation:[-0.9918067162471329f,-0.06028033548543008f,0.11263089612021687f,0.31572404715640134f,-0.07947099264017574f,0.9814380275842103f,-0.17453870441939145f,0.8213667486500416f,-0.10001899287567456f,-0.18205954840485164f,-0.9781873654360687f,0.16589960858801484f,0f,0f,0f,1f],start_interpolation:0}
execute if entity @s[tag=aj.labyria.bone.leg_left_2] run data modify entity @s {} merge value {transformation:[-0.9475054331259848f,-0.1530302460864592f,-0.28074044592729697f,0.18845728084073043f,-0.12600420767996592f,0.985684245838846f,-0.11202458280238853f,0.912215114820408f,0.2938645841942914f,-0.07076942339614545f,-0.95322363318819f,0.028459854652054098f,0f,0f,0f,1f],start_interpolation:0}
execute if entity @s[tag=aj.labyria.bone.leg_left_1] run data modify entity @s {} merge value {transformation:[-0.9475054331259848f,-0.19945543962398765f,-0.24990194437247107f,0.11116829798643521f,-0.12600420767996592f,0.951256622666554f,-0.28148495071666846f,1.2808270561036976f,0.2938645841942914f,-0.23521982364890726f,-0.9264530429109146f,-0.06268782701189747f,0f,0f,0f,1f],start_interpolation:0}
execute if entity @s[tag=aj.labyria.bone.belt] run data modify entity @s {} merge value {transformation:[-0.7384276764179099f,-0.2764235406843258f,-0.6150728354069843f,-0.12251068464604623f,0.33055995905632873f,0.6466287438417477f,-0.6874600941918896f,1.2845608827791704f,0.5877539282461026f,-0.7109580112729473f,-0.38611400652927746f,0.2663075413151406f,0f,0f,0f,1f],start_interpolation:0}
execute if entity @s[tag=aj.labyria.bone.leg_right_2] run data modify entity @s {} merge value {transformation:[-0.941724932446388f,0.20946053709411555f,-0.26321176837119253f,-0.07398322355260112f,0.12600420767996592f,0.9451593493797776f,0.30132498058896395f,1.1522344250662446f,0.3118927560168554f,0.25059945666389644f,-0.9164730334625073f,0.24586208563286008f,0f,0f,0f,1f],start_interpolation:0}
execute if entity @s[tag=aj.labyria.bone.leg_right_1] run data modify entity @s {} merge value {transformation:[-0.941724932446388f,-0.14022138459469252f,-0.30576480325765587f,-0.1398173600453401f,0.12600420767996592f,0.6957497689814388f,-0.7071458114202605f,1.3347745835899139f,0.3118927560168554f,-0.7044644932603927f,-0.6375364197279936f,-0.02666260160690295f,0f,0f,0f,1f],start_interpolation:0}
execute if entity @s[tag=aj.labyria.bone.skirt_forward_right] run data modify entity @s {} merge value {transformation:[-0.9521314467025807f,0.08397125115215524f,-0.29392947654155455f,-0.0025732432410109207f,0.16716662960028264f,0.9480490672988506f,-0.2706626755610405f,1.5114272385632304f,0.25593168257980975f,-0.3068416447839517f,-0.9167045210307116f,-0.008025407116366364f,0f,0f,0f,1f],start_interpolation:0}
execute if entity @s[tag=aj.labyria.bone.skirt_forward_left] run data modify entity @s {} merge value {transformation:[-0.9234307538389223f,-0.24674096880025242f,-0.29392947654155455f,-0.0025732432410109207f,-0.16716662960028264f,0.9480490672988506f,-0.2706626755610405f,1.5114272385632304f,0.3454431368728597f,-0.2008030385957643f,-0.9167045210307116f,-0.008025407116366364f,0f,0f,0f,1f],start_interpolation:0}
execute if entity @s[tag=aj.labyria.bone.skirt_forward] run data modify entity @s {} merge value {transformation:[-0.9522478853384153f,-0.08264035145450335f,-0.29392947654155455f,-0.0025732432410109207f,0f,0.9626742523087126f,-0.2706626755610405f,1.5114272385632304f,0.30532599769511287f,-0.2577379604430384f,-0.9167045210307116f,-0.008025407116366364f,0f,0f,0f,1f],start_interpolation:0}
execute if entity @s[tag=aj.labyria.bone.skirt_back_right] run data modify entity @s {} merge value {transformation:[-0.9251375509457413f,0.2370612413985732f,-0.29651725018400343f,-0.0025732432410109207f,0.16863837514641355f,0.9563957510577262f,0.23847068118891485f,1.5114272385632304f,0.3401199939111092f,0.17061399469356242f,-0.9247752454281051f,-0.008025407116366364f,0f,0f,0f,1f],start_interpolation:0}
execute if entity @s[tag=aj.labyria.bone.skirt_back_left] run data modify entity @s {} merge value {transformation:[-0.9504246495957616f,-0.09365097855383447f,-0.29651725018400343f,-0.0025732432410109207f,-0.16863837514641355f,0.9563957510577262f,0.23847068118891485f,1.5114272385632304f,0.26125482554156026f,0.27665260088174987f,-0.9247752454281051f,-0.008025407116366364f,0f,0f,0f,1f],start_interpolation:0}
execute if entity @s[tag=aj.labyria.bone.skirt_back] run data modify entity @s {} merge value {transformation:[-0.9522478853384153f,0.0728112986550386f,-0.29651725018400343f,-0.0025732432410109207f,0f,0.9711496971184694f,0.23847068118891485f,1.5114272385632304f,0.30532599769511287f,0.22708320187735556f,-0.9247752454281051f,-0.008025407116366364f,0f,0f,0f,1f],start_interpolation:0}
execute if entity @s[tag=aj.labyria.bone.skirt_right] run data modify entity @s {} merge value {transformation:[-0.9321340835053304f,0.18255637215829068f,-0.31272867049901465f,-0.17838738571691143f,0.18172343969339697f,0.9828264431974669f,0.03207450728876085f,1.5562976621214222f,0.31321341260181995f,-0.026932388238329753f,-0.9493007977612269f,0.07821472576950193f,0f,0f,0f,1f],start_interpolation:0}
execute if entity @s[tag=aj.labyria.bone.skirt_left] run data modify entity @s {} merge value {transformation:[-0.9404707294474592f,-0.16418008473051382f,-0.2975898298504928f,0.18525728927781218f,-0.18172343969339697f,0.9828264431974669f,0.03207450728876085f,1.5732833980334189f,0.2872131586793409f,0.08424418276473303f,-0.9541548716805558f,-0.05678893436054685f,0f,0f,0f,1f],start_interpolation:0}
execute if entity @s[tag=aj.labyria.bone.coat_downer] run data modify entity @s {} merge value {transformation:[-0.9522478853384153f,0.012233558639345683f,-0.30508081701662887f,-0.005253704950397302f,0f,0.9991969872191203f,0.04006720270037947f,1.394569037992521f,0.30532599769511287f,0.038153909042862f,-0.9514832181159228f,-0.01638520619591468f,0f,0f,0f,1f],start_interpolation:0}
execute if entity @s[tag=aj.labyria.bone.body_2] run data modify entity @s {} merge value {transformation:[-0.9522478853384153f,0.022873273253430425f,-0.30446802498651643f,0f,0f,0.9971899782033851f,0.07491426680367658f,1.6236111111111111f,0.30532599769511287f,0.07133695214547886f,-0.9495720480248339f,0f,0f,0f,0f,1f],start_interpolation:0}
execute if entity @s[tag=aj.labyria.bone.sphere] run data modify entity @s {} merge value {transformation:[-0.9522478853384153f,0f,-0.30532599769511287f,0.24035840907833778f,0f,1f,0f,2.910324074074074f,0.30532599769511287f,0f,-0.9522478853384153f,-0.32504344202929153f,0f,0f,0f,1f],start_interpolation:0}