execute if entity @s[tag=aj.labyria.bone.wing_right_1] run data modify entity @s {} merge value {transformation:[-0.5329797487378435f,-0.3073719825477054f,0.5370283942441804f,0.25859516725925813f,-0.1734091969556748f,0.7545762765968022f,0.25978517596841183f,1.4677945994808752f,-0.5939749845666714f,0.055511724765528715f,-0.557724493425762f,0.012788705072961107f,0f,0f,0f,1f],start_interpolation:0}
execute if entity @s[tag=aj.labyria.bone.wing_right_2] run data modify entity @s {} merge value {transformation:[-0.597585547490077f,-0.07837926261076943f,0.52606863109634f,0.25859516725925813f,0.12593106778066981f,0.7479168042720319f,0.2544834376833422f,1.4677945994808752f,-0.5167522419870136f,0.2729050110937929f,-0.5463423609068689f,0.012788705072961107f,0f,0f,0f,1f],start_interpolation:0}
execute if entity @s[tag=aj.labyria.bone.wing_left_1] run data modify entity @s {} merge value {transformation:[0.29543005762495816f,-0.2654855627455419f,0.713570558157945f,0.2423789842108215f,0.36629710255633047f,0.7205649345870591f,0.11643475489229431f,1.48096197330652f,-0.6674518395772049f,0.2779353080514862f,0.3797426112879281f,-0.07332181852609744f,0f,0f,0f,1f],start_interpolation:0}
execute if entity @s[tag=aj.labyria.bone.wing_left_2] run data modify entity @s {} merge value {transformation:[0.3668950627818811f,-0.1295221117930892f,0.6990078937057421f,0.2423789842108215f,0.061387232777416506f,0.7894442717211057f,0.11405853540469647f,1.48096197330652f,-0.7082510999343457f,0.001328308470063183f,0.3719927620779704f,-0.07332181852609744f,0f,0f,0f,1f],start_interpolation:0}
execute if entity @s[tag=aj.labyria.bone.musket] run data modify entity @s {} merge value {transformation:[-0.00000514033580358455f,-0.00000794117223193307f,0.000013220453678738186f,0.1895101243177381f,0.000004420970662875331f,0.000012591864886467109f,0.000009282543893860795f,1.3472214032115093f,-0.0000147748986557229f,0.000006530573200434391f,-0.0000018219899696172052f,-0.618992100563869f,0f,0f,0f,1f],start_interpolation:0}
execute if entity @s[tag=aj.labyria.bone.omega_blade] run data modify entity @s {} merge value {transformation:[-0.5672834539982281f,-0.8763815798540586f,1.4589989667734011f,0.1895101243177381f,0.48789487758987843f,1.3896283974468895f,1.0244143112843813f,1.3472214032115093f,-1.630546303229351f,0.720708969858986f,-0.2010733933751599f,-0.618992100563869f,0f,0f,0f,1f],start_interpolation:0}
execute if entity @s[tag=aj.labyria.bone.arm_right_2] run data modify entity @s {} merge value {transformation:[0.2156948647589118f,-0.287155834485602f,0.9332830503322733f,0.12558326924645025f,-0.7171346637470052f,0.6020965783512235f,0.35099513442527747f,1.5636200313946271f,-0.6627168319645311f,-0.7449974745317103f,-0.07606026276755229f,-0.40478017574720704f,0f,0f,0f,1f],start_interpolation:0}
execute if entity @s[tag=aj.labyria.bone.arm_right_1] run data modify entity @s {} merge value {transformation:[0.8217665959944127f,-0.287155834485602f,0.492180036601073f,-0.1665276024618481f,-0.24477704162511615f,0.6020965783512235f,0.7599762563600293f,1.6353543022262351f,-0.514571532054594f,-0.7449974745317103f,0.4244937000007909f,-0.234212751708865f,0f,0f,0f,1f],start_interpolation:0}
execute if entity @s[tag=aj.labyria.bone.arm_left_2] run data modify entity @s {} merge value {transformation:[0.935651463827105f,-0.225067514679184f,-0.2718472955067443f,-0.3376032544539807f,0.103398732219324f,0.91128289297549f,-0.39858774585485945f,1.3273720887925278f,0.33743894323808016f,0.3448305421599961f,0.875914868454698f,0.4388762996183345f,0f,0f,0f,1f],start_interpolation:0}
execute if entity @s[tag=aj.labyria.bone.arm_left_1] run data modify entity @s {} merge value {transformation:[0.8981640767496663f,-0.225067514679184f,0.37768492831003353f,-0.03001642228347428f,0.3312294651834441f,0.91128289297549f,-0.24464368040992002f,1.4462956813021903f,-0.2891164689717787f,0.3448305421599961f,0.8930305507444489f,0.32535610121774833f,0f,0f,0f,1f],start_interpolation:0}
execute if entity @s[tag=aj.labyria.bone.himo_right_2] run data modify entity @s {} merge value {transformation:[-0.1830105010106913f,-0.00298316369472984f,0.9831064323124867f,-0.27113799538247785f,0.1486026442615069f,0.9884215028516261f,0.03066246596444555f,1.2237296363350914f,-0.9718150084446646f,0.15170376869050817f,-0.18044820843331474f,-0.13114397241006315f,0f,0f,0f,1f],start_interpolation:0}
execute if entity @s[tag=aj.labyria.bone.himo_right_1] run data modify entity @s {} merge value {transformation:[-0.1830105010106913f,-0.13127878147256558f,0.9743064395019126f,-0.289663351661697f,0.1486026442615069f,0.9759631649472078f,0.1594150393931425f,1.4077190737588998f,-0.9718150084446646f,0.17395913945897623f,-0.1591031337227167f,-0.09952102834727208f,0f,0f,0f,1f],start_interpolation:0}
execute if entity @s[tag=aj.labyria.bone.himo_left_2] run data modify entity @s {} merge value {transformation:[-0.1830105010106913f,-0.00298316369472984f,0.9831064323124867f,-0.21394721381663684f,0.1486026442615069f,0.9884215028516261f,0.03066246596444555f,1.1772913100033704f,-0.9718150084446646f,0.15170376869050817f,-0.18044820843331474f,0.1725482177288946f,0f,0f,0f,1f],start_interpolation:0}
execute if entity @s[tag=aj.labyria.bone.himo_left_1] run data modify entity @s {} merge value {transformation:[-0.1830105010106913f,-0.13127878147256558f,0.9743064395019126f,-0.23247257009585595f,0.1486026442615069f,0.9759631649472078f,0.1594150393931425f,1.3612807474271789f,-0.9718150084446646f,0.17395913945897623f,-0.1591031337227167f,0.20417116179168565f,0f,0f,0f,1f],start_interpolation:0}
execute if entity @s[tag=aj.labyria.bone.ribbon_left_himo_1] run data modify entity @s {} merge value {transformation:[-0.7629789572162278f,-0.42303279975843894f,0.4887804836261103f,-0.019923948299769574f,-0.1962735016374247f,0.8720389871775808f,0.448357800642838f,1.848725478598048f,-0.6159056935929571f,0.24615291014090326f,-0.7483775260047182f,0.3529130662046504f,0f,0f,0f,1f],start_interpolation:0}
execute if entity @s[tag=aj.labyria.bone.ribbon_left_himo_2] run data modify entity @s {} merge value {transformation:[-0.7629789572162278f,-0.42303279975843894f,0.4887804836261103f,0.044992209681823214f,-0.1962735016374247f,0.8720389871775808f,0.448357800642838f,1.908272998995925f,-0.6159056935929571f,0.24615291014090326f,-0.7483775260047182f,0.2535191760321488f,0f,0f,0f,1f],start_interpolation:0}
execute if entity @s[tag=aj.labyria.bone.ribbon_left] run data modify entity @s {} merge value {transformation:[-0.7629789572162278f,-0.42303279975843894f,0.4887804836261103f,-0.03310054685266739f,-0.1962735016374247f,0.8720389871775808f,0.448357800642838f,1.9716306518864337f,-0.6159056935929571f,0.24615291014090326f,-0.7483775260047182f,0.3292068211430995f,0f,0f,0f,1f],start_interpolation:0}
execute if entity @s[tag=aj.labyria.bone.ribbon_right_himo_1] run data modify entity @s {} merge value {transformation:[-0.7629789572162278f,-0.42303279975843894f,0.4887804836261103f,-0.47852198777154853f,-0.1962735016374247f,0.8720389871775808f,0.448357800642838f,1.7307528370201035f,-0.6159056935929571f,0.24615291014090326f,-0.7483775260047182f,-0.017284749750566403f,0f,0f,0f,1f],start_interpolation:0}
execute if entity @s[tag=aj.labyria.bone.ribbon_right_himo_2] run data modify entity @s {} merge value {transformation:[-0.7629789572162278f,-0.42303279975843894f,0.4887804836261103f,-0.41360582978995575f,-0.1962735016374247f,0.8720389871775808f,0.448357800642838f,1.7903003574179803f,-0.6159056935929571f,0.24615291014090326f,-0.7483775260047182f,-0.11667863992306804f,0f,0f,0f,1f],start_interpolation:0}
execute if entity @s[tag=aj.labyria.bone.ribbon_right] run data modify entity @s {} merge value {transformation:[-0.7629789572162278f,-0.42303279975843894f,0.4887804836261103f,-0.49088792118240404f,-0.1962735016374247f,0.8720389871775808f,0.448357800642838f,1.853866550903979f,-0.6159056935929571f,0.24615291014090326f,-0.7483775260047182f,-0.040336595012674746f,0f,0f,0f,1f],start_interpolation:0}
execute if entity @s[tag=aj.labyria.bone.crown] run data modify entity @s {} merge value {transformation:[-0.8364543653096049f,-0.24786636234215356f,0.4887804836261103f,-0.2611799706958541f,-0.0028772542283756197f,0.8938495421550666f,0.448357800642838f,2.185103062086846f,-0.5480290285765995f,0.3736244938550547f,-0.7483775260047182f,0.3306207121371199f,0f,0f,0f,1f],start_interpolation:0}
execute if entity @s[tag=aj.labyria.bone.ear_edge_a1] run data modify entity @s {} merge value {transformation:[-0.8253966283251901f,-0.37904258056282775f,0.4183863382923496f,-0.2378723547507527f,-0.06393768923515371f,0.7990867778310956f,0.597806233984546f,2.179880755943501f,-0.5609210085606324f,0.4666765942446538f,-0.6837986388839433f,0.3453939378898078f,0f,0f,0f,1f],start_interpolation:0}
execute if entity @s[tag=aj.labyria.bone.ear_edge_a2] run data modify entity @s {} merge value {transformation:[-0.7559393028455141f,-0.5034964174090596f,0.4183863382923496f,-0.3300191585093336f,-0.18815522279288582f,0.7792466353761005f,0.597806233984546f,2.1660608609598606f,-0.6270194435176615f,0.3731836530600832f,-0.6837986388839433f,0.27693141029464274f,0f,0f,0f,1f],start_interpolation:0}
execute if entity @s[tag=aj.labyria.bone.ear_edge_b1] run data modify entity @s {} merge value {transformation:[-0.8743471605559608f,-0.4259749684476942f,0.232513158947435f,-0.32407479859668586f,-0.03625962831969298f,0.5351135629065137f,0.8440016079058228f,2.18368359574998f,-0.48394450320449656f,0.7295195686542497f,-0.4833207183316999f,0.22842903823644806f,0f,0f,0f,1f],start_interpolation:0}
execute if entity @s[tag=aj.labyria.bone.ear_edge_b2] run data modify entity @s {} merge value {transformation:[-0.6999200601222418f,-0.6753144011160747f,0.232513158947435f,-0.3086295679464771f,-0.1998441406505245f,0.4977183995996522f,0.8440016079058228f,2.1935808564698105f,-0.6856925177411016f,0.5442672637089232f,-0.4833207183316999f,0.2531424901484239f,0f,0f,0f,1f],start_interpolation:0}
execute if entity @s[tag=aj.labyria.bone.ear_right_2] run data modify entity @s {} merge value {transformation:[-0.7969453298039431f,-0.5575085400421859f,0.232513158947435f,-0.32373898888410535f,-0.11952341607472641f,0.5228531714183375f,0.8440016079058228f,2.2829323878068677f,-0.592108346768995f,0.6448323727278408f,-0.4833207183316999f,0.33724750651428903f,0f,0f,0f,1f],start_interpolation:0}
execute if entity @s[tag=aj.labyria.bone.ear_right_1] run data modify entity @s {} merge value {transformation:[-0.7969453298039431f,-0.43569601011944586f,0.4183863382923496f,-0.22570738660723016f,-0.11952341607472641f,0.792680174861868f,0.597806233984546f,2.1045793484629476f,-0.592108346768995f,0.4264119219099694f,-0.6837986388839433f,0.24130482408454604f,0f,0f,0f,1f],start_interpolation:0}
execute if entity @s[tag=aj.labyria.bone.ear_edge_a3] run data modify entity @s {} merge value {transformation:[-0.6874085104372221f,-0.5371807690198015f,0.4887804836261103f,-0.5291632354080358f,-0.3302740015884146f,0.8305987999494658f,0.448357800642838f,2.1180987518232994f,-0.6468296712839133f,0.1467734816572862f,-0.7483775260047182f,0.0929682389761913f,0f,0f,0f,1f],start_interpolation:0}
execute if entity @s[tag=aj.labyria.bone.ear_edge_a4] run data modify entity @s {} merge value {transformation:[-0.7629789572162278f,-0.42303279975843894f,0.4887804836261103f,-0.4455425585317925f,-0.19627350163742469f,0.8720389871775808f,0.448357800642838f,2.149494388109427f,-0.6159056935929572f,0.2461529101409033f,-0.7483775260047182f,0.16639192075494783f,0f,0f,0f,1f],start_interpolation:0}
execute if entity @s[tag=aj.labyria.bone.ear_edge_b3] run data modify entity @s {} merge value {transformation:[-0.637974324607026f,-0.5950482333125904f,0.4887804836261103f,-0.4266729240369043f,-0.4014086646348326f,0.7986528448323449f,0.448357800642838f,2.150111514002861f,-0.6571604409109617f,0.08984004381548155f,-0.7483775260047182f,0.17908578441661446f,0f,0f,0f,1f],start_interpolation:0}
execute if entity @s[tag=aj.labyria.bone.ear_edge_b4] run data modify entity @s {} merge value {transformation:[-0.7906296552128906f,-0.3687795915234077f,0.4887804836261103f,-0.45311210155691783f,-0.1349650245392011f,0.883606091396981f,0.448357800642838f,2.1531199157681717f,-0.5972346192653926f,0.28851670336737645f,-0.7483775260047182f,0.16362017625257255f,0f,0f,0f,1f],start_interpolation:0}
execute if entity @s[tag=aj.labyria.bone.ear_left_2] run data modify entity @s {} merge value {transformation:[-0.7232058540648068f,-0.487921029955278f,0.4887804836261103f,-0.5262343576512245f,-0.2715298273394816f,0.8516142527387082f,0.448357800642838f,2.2471241799198003f,-0.635015626194651f,0.19153650581461595f,-0.7483775260047182f,0.13042411449459532f,0f,0f,0f,1f],start_interpolation:0}
execute if entity @s[tag=aj.labyria.bone.ear_left_1] run data modify entity @s {} merge value {transformation:[-0.7232058540648068f,-0.487921029955278f,0.4887804836261103f,-0.4164521259112871f,-0.2715298273394816f,0.8516142527387082f,0.448357800642838f,2.0555109730535914f,-0.635015626194651f,0.19153650581461595f,-0.7483775260047182f,0.08732840068630679f,0f,0f,0f,1f],start_interpolation:0}
execute if entity @s[tag=aj.labyria.bone.head] run data modify entity @s {} merge value {transformation:[-0.7629789572162278f,-0.42303279975843894f,0.4887804836261103f,-0.11954983649637457f,-0.1962735016374247f,0.8720389871775808f,0.448357800642838f,1.6191139985596703f,-0.6159056935929571f,0.24615291014090326f,-0.7483775260047182f,0.0615500436258609f,0f,0f,0f,1f],start_interpolation:0}
execute if entity @s[tag=aj.labyria.bone.back_musket] run data modify entity @s {} merge value {transformation:[1.5759017000286857f,-0.05044808311078544f,0.3957846174147569f,0.08640961618122597f,0.33001755158117635f,1.071078523042076f,-1.1775125705279625f,1.6474833991056566f,-0.22422954337032344f,1.221843864416993f,1.0485586886252405f,-0.07467711744365885f,0f,0f,0f,1f],start_interpolation:0}
execute if entity @s[tag=aj.labyria.bone.body_1] run data modify entity @s {} merge value {transformation:[-0.1830105010106913f,-0.25732818290205123f,0.9488357933826824f,-0.023051767908105363f,0.1486026442615069f,0.9468058267024333f,0.28543997729962384f,1.2640618135462578f,-0.9718150084446646f,0.19323802112071595f,-0.13503576028240058f,-0.01091421429440758f,0f,0f,0f,1f],start_interpolation:0}
execute if entity @s[tag=aj.labyria.bone.belt2] run data modify entity @s {} merge value {transformation:[-0.0240530104297903f,-0.13644821142367636f,0.9903551576523163f,-0.2521261898260305f,0.182980514061987f,0.9733056520155595f,0.1385432756512475f,0.670577339302318f,-0.9828222546131499f,0.1845480787053778f,0.0015564328698388086f,0.3107262427195262f,0f,0f,0f,1f],start_interpolation:0}
execute if entity @s[tag=aj.labyria.bone.leg_left_2] run data modify entity @s {} merge value {transformation:[-0.3743476602364442f,-0.25584423707082643f,0.8912954367846537f,-0.1687006527978494f,1.0842021724855044e-19f,0.9611846859883282f,0.2759057799712049f,0.8279145194401738f,-0.9272884283088513f,0.10328468317793177f,-0.3598172382548321f,0.20290633303639996f,0f,0f,0f,1f],start_interpolation:0}
execute if entity @s[tag=aj.labyria.bone.leg_left_1] run data modify entity @s {} merge value {transformation:[-0.3743476602364442f,0.903682008612673f,0.20790059303730893f,0.08855916929765628f,1.0842021724855044e-19f,0.22420272559258508f,-0.9745425274644796f,0.9678787474256008f,-0.9272884283088513f,-0.36481771495723864f,-0.08392976574421777f,0.09905017616627416f,0f,0f,0f,1f],start_interpolation:0}
execute if entity @s[tag=aj.labyria.bone.belt] run data modify entity @s {} merge value {transformation:[-0.7412288552328581f,0.5023254594030938f,0.44525152105934196f,-0.2600004070401897f,0.24097053548171432f,0.8182267004029503f,-0.5219561933508945f,0.859305512638633f,-0.6265085675390583f,-0.27959649422546634f,-0.7275388753990993f,-0.09430323960125442f,0f,0f,0f,1f],start_interpolation:0}
execute if entity @s[tag=aj.labyria.bone.leg_right_2] run data modify entity @s {} merge value {transformation:[-0.45618209908951735f,0.19747103085989337f,0.8676998815497285f,-0.2041793991266482f,0.12574701885725637f,0.9795885283409755f,-0.15682475056978257f,0.6471760095175363f,-0.880957195168298f,0.037570029463559446f,-0.4717021445438983f,-0.0754478367523274f,0f,0f,0f,1f],start_interpolation:0}
execute if entity @s[tag=aj.labyria.bone.leg_right_1] run data modify entity @s {} merge value {transformation:[-0.45618209908951735f,0.5032817610665197f,0.7338973780087135f,0.008937849776667985f,0.12574701885725637f,0.8528905115561083f,-0.5067203001124708f,0.9792190702976393f,-0.880957195168298f,-0.13887132272482444f,-0.45235956495454266f,-0.13840986173580547f,0f,0f,0f,1f],start_interpolation:0}
execute if entity @s[tag=aj.labyria.bone.skirt_forward_right] run data modify entity @s {} merge value {transformation:[-0.3469315386608288f,0.32971207536966624f,0.8780253156019237f,0.003850401569634224f,0.08252550791784982f,0.9432708718129688f,-0.3216047308919798f,1.1824545471285364f,-0.934252668192781f,-0.0391153389941772f,-0.3544600714185448f,-0.0015544126019042927f,0f,0f,0f,1f],start_interpolation:0}
execute if entity @s[tag=aj.labyria.bone.skirt_forward_left] run data modify entity @s {} merge value {transformation:[-0.3989147700803629f,0.26445897862215567f,0.8780253156019237f,0.003850401569634224f,-0.08252550791784982f,0.9432708718129688f,-0.3216047308919798f,1.1824545471285364f,-0.9132669635734296f,-0.20075236241531025f,-0.3544600714185448f,-0.0015544126019042927f,0f,0f,0f,1f],start_interpolation:0}
execute if entity @s[tag=aj.labyria.bone.skirt_forward] run data modify entity @s {} merge value {transformation:[-0.3743476602364442f,0.29822034544551507f,0.8780253156019237f,0.003850401569634224f,1.0842021724855044e-19f,0.946874013302666f,-0.3216047308919798f,1.1824545471285364f,-0.9272884283088513f,-0.12039197853038391f,-0.3544600714185448f,-0.0015544126019042927f,0f,0f,0f,1f],start_interpolation:0}
execute if entity @s[tag=aj.labyria.bone.skirt_back_right] run data modify entity @s {} merge value {transformation:[-0.3837796744153197f,-0.09146404356341464f,0.9188838284792595f,0.003850401569634224f,0.08636579528548521f,0.9871655572826751f,0.1343320956417015f,1.1824545471285364f,-0.9193770232665034f,0.13091406055048244f,-0.3709547113055821f,-0.0015544126019042927f,0f,0f,0f,1f],start_interpolation:0}
execute if entity @s[tag=aj.labyria.bone.skirt_back_left] run data modify entity @s {} merge value {transformation:[-0.36206663432587205f,-0.1567171403109252f,0.9188838284792595f,0.003850401569634224f,-0.08636579528548521f,0.9871655572826751f,0.1343320956417015f,1.1824545471285364f,-0.9281426084997072f,-0.030722962870650607f,-0.3709547113055821f,-0.0015544126019042927f,0f,0f,0f,1f],start_interpolation:0}
execute if entity @s[tag=aj.labyria.bone.skirt_back] run data modify entity @s {} merge value {transformation:[-0.3743476602364442f,-0.12456459783902772f,0.9188838284792595f,0.003850401569634224f,1.0842021724855044e-19f,0.9909363693398828f,0.1343320956417015f,1.1824545471285364f,-0.9272884283088513f,0.050286905698129214f,-0.3709547113055821f,-0.0015544126019042927f,0f,0f,0f,1f],start_interpolation:0}
execute if entity @s[tag=aj.labyria.bone.skirt_right] run data modify entity @s {} merge value {transformation:[-0.3767584070412041f,0.09146316829217581f,0.9217850028991206f,-0.06977957233535806f,0.08705755054756567f,0.9942050277791196f,-0.06306620038798902f,1.2074263813998658f,-0.9222115189133305f,0.05648762328755801f,-0.38253766193525385f,-0.18077242770048585f,0f,0f,0f,1f],start_interpolation:0}
execute if entity @s[tag=aj.labyria.bone.skirt_left] run data modify entity @s {} merge value {transformation:[-0.3690879016999876f,0.026611671926034308f,0.929013422796464f,0.07528014600626409f,-0.08705755054756567f,0.9942050277791196f,-0.06306620038798902f,1.2074263813998658f,-0.9253081128528801f,-0.10415460458386397f,-0.36463230058871726f,0.17855183826919402f,0f,0f,0f,1f],start_interpolation:0}
execute if entity @s[tag=aj.labyria.bone.coat_downer] run data modify entity @s {} merge value {transformation:[-0.3743476602364442f,-0.011652343373500393f,0.9272152135127022f,0.01010730412028985f,1.0842021724855044e-19f,0.9999210442038161f,0.012566039883352614f,1.0404272397103502f,-0.9272884283088513f,0.004704067628770892f,-0.3743181033188807f,-0.004080333079998773f,0f,0f,0f,1f],start_interpolation:0}
execute if entity @s[tag=aj.labyria.bone.body_2] run data modify entity @s {} merge value {transformation:[-0.3743476602364442f,-0.04400458936724832f,0.926243718138007f,0f,1.0842021724855044e-19f,0.998873370853177f,0.04745512617633112f,1.2698559670781893f,-0.9272884283088513f,0.01776471545033479f,-0.37392590925137686f,0f,0f,0f,0f,1f],start_interpolation:0}
execute if entity @s[tag=aj.labyria.bone.sphere] run data modify entity @s {} merge value {transformation:[-0.803898385122612f,0f,0.5947666655061097f,0.7786240820394081f,0f,1f,0f,2.2386059670781893f,-0.5947666655061097f,0f,-0.803898385122612f,0.27817945076953393f,0f,0f,0f,1f],start_interpolation:0}