execute if entity @s[tag=aj.labyria.bone.wing_right_1] run data modify entity @s {} merge value {transformation:[-0.6827936850531134f,-0.12039494893222201f,-0.4315579733565835f,0.04010283123708591f,-0.0812837713114086f,0.8068621937764577f,-0.09649245162229558f,1.6148996273040803f,0.44060206152199133f,-0.03772135960293673f,-0.6865794687119049f,-0.3460861054342824f,0f,0f,0f,1f],start_interpolation:0}
execute if entity @s[tag=aj.labyria.bone.wing_right_2] run data modify entity @s {} merge value {transformation:[-0.6630781350321617f,0.14700088345186482f,-0.4227506677778778f,0.04010283123708591f,0.22890747538291842f,0.7607014716619631f,-0.09452321791571813f,1.6148996273040803f,0.38461507323048194f,-0.19930883391283732f,-0.6725676428198253f,-0.3460861054342824f,0f,0f,0f,1f],start_interpolation:0}
execute if entity @s[tag=aj.labyria.bone.wing_left_1] run data modify entity @s {} merge value {transformation:[-0.6827936850531134f,0.12039494893222204f,0.43155797335658364f,-0.040102831237085815f,0.0812837713114086f,0.8068621937764577f,-0.09649245162229558f,1.6148996273040803f,-0.44060206152199144f,-0.037721359602936703f,-0.6865794687119049f,-0.3460861054342825f,0f,0f,0f,1f],start_interpolation:0}
execute if entity @s[tag=aj.labyria.bone.wing_left_2] run data modify entity @s {} merge value {transformation:[-0.6630781350321617f,-0.14700088345186482f,0.4227506677778779f,-0.040102831237085815f,-0.22890747538291842f,0.7607014716619631f,-0.09452321791571813f,1.6148996273040803f,-0.38461507323048205f,-0.19930883391283735f,-0.6725676428198253f,-0.3460861054342825f,0f,0f,0f,1f],start_interpolation:0}
execute if entity @s[tag=aj.labyria.bone.musket] run data modify entity @s {} merge value {transformation:[-0.000016120649956374272f,0.0000016907194874298733f,-0.00000123764965211286f,-0.5514110945359374f,0.0000011789194250212274f,0.000015256958814471881f,0.000005486439718553051f,1.3025724249083976f,0.0000017321830260852439f,0.000005350919492090469f,-0.00001525230692766863f,-0.18338837592839013f,0f,0f,0f,1f],start_interpolation:0}
execute if entity @s[tag=aj.labyria.bone.omega_blade] run data modify entity @s {} merge value {transformation:[-1.7790623681766558f,0.18658648524528373f,-0.13658605124604684f,-0.5514110945359374f,0.1301046291460726f,1.6837460867336425f,0.6054792123743103f,1.3025724249083976f,0.1911623690634197f,0.5905233057775652f,-1.6832327081307277f,-0.18338837592839013f,0f,0f,0f,1f],start_interpolation:0}
execute if entity @s[tag=aj.labyria.bone.arm_right_2] run data modify entity @s {} merge value {transformation:[-0.39964839813781433f,-0.9165024219068979f,0.01744902589457345f,-0.4326532724897275f,-0.912789910748935f,0.39613608117230287f,-0.09945242092780837f,1.5509385658949815f,0.08423619590669018f,-0.05567329550368986f,-0.9948893141786821f,-0.1747224930089703f,0f,0f,0f,1f],start_interpolation:0}
execute if entity @s[tag=aj.labyria.bone.arm_right_1] run data modify entity @s {} merge value {transformation:[-0.35483017831639146f,-0.9165024219068979f,0.18471289937291416f,-0.2984375f,-0.8692990132986632f,0.39613608117230287f,0.2956271818886437f,1.8787733657687842f,-0.3441144722820132f,-0.05567329550368986f,-0.9372756873694262f,-0.051537538949274264f,0f,0f,0f,1f],start_interpolation:0}
execute if entity @s[tag=aj.labyria.bone.arm_left_2] run data modify entity @s {} merge value {transformation:[-0.24556661017136316f,-0.9678498016345795f,0.05444080679831087f,0.37901404396247856f,-0.9658346903725505f,0.2490809867380076f,0.0715682395939709f,2.1956878735472776f,-0.08282747637049728f,-0.035006049784655005f,-0.9959488870602593f,-0.024359773265204773f,0f,0f,0f,1f],start_interpolation:0}
execute if entity @s[tag=aj.labyria.bone.arm_left_1] run data modify entity @s {} merge value {transformation:[-0.24556661017136316f,-0.9678498016345795f,0.05444080679831087f,0.2984375f,-0.9658346903725505f,0.2490809867380076f,0.0715682395939709f,1.8787733657687842f,-0.08282747637049728f,-0.035006049784655005f,-0.9959488870602593f,-0.051537538949274195f,0f,0f,0f,1f],start_interpolation:0}
execute if entity @s[tag=aj.labyria.bone.himo_right_2] run data modify entity @s {} merge value {transformation:[-1f,4.785076258316222e-17f,1.1272933223801346e-16f,-0.15625000000000003f,0f,0.9205048534524403f,-0.3907311284892737f,1.5713208362363906f,-1.2246467991473532e-16f,-0.3907311284892737f,-0.9205048534524403f,0.2246092156415272f,0f,0f,0f,1f],start_interpolation:0}
execute if entity @s[tag=aj.labyria.bone.himo_right_1] run data modify entity @s {} merge value {transformation:[-1f,3.272726218735738e-17f,1.1801069500828535e-16f,-0.15625000000000003f,0f,0.963630453208623f,-0.26723837607825685f,1.7503313063625183f,-1.2246467991473532e-16f,-0.26723837607825685f,-0.963630453208623f,0.16847932979430016f,0f,0f,0f,1f],start_interpolation:0}
execute if entity @s[tag=aj.labyria.bone.himo_left_2] run data modify entity @s {} merge value {transformation:[-1f,4.785076258316222e-17f,1.1272933223801346e-16f,0.15624999999999997f,0f,0.9205048534524403f,-0.3907311284892737f,1.5713208362363906f,-1.2246467991473532e-16f,-0.3907311284892737f,-0.9205048534524403f,0.22460921564152725f,0f,0f,0f,1f],start_interpolation:0}
execute if entity @s[tag=aj.labyria.bone.himo_left_1] run data modify entity @s {} merge value {transformation:[-1f,3.272726218735738e-17f,1.1801069500828535e-16f,0.15624999999999997f,0f,0.963630453208623f,-0.26723837607825685f,1.7503313063625183f,-1.2246467991473532e-16f,-0.26723837607825685f,-0.963630453208623f,0.16847932979430022f,0f,0f,0f,1f],start_interpolation:0}
execute if entity @s[tag=aj.labyria.bone.ribbon_left_himo_1] run data modify entity @s {} merge value {transformation:[-1f,3.272726218735738e-17f,1.1801069500828535e-16f,0.30053125f,0f,0.963630453208623f,-0.26723837607825685f,2.147365343770604f,-1.2246467991473532e-16f,-0.26723837607825685f,-0.963630453208623f,-0.05309087061530485f,0f,0f,0f,1f],start_interpolation:0}
execute if entity @s[tag=aj.labyria.bone.ribbon_left_himo_2] run data modify entity @s {} merge value {transformation:[-1f,3.272726218735738e-17f,1.1801069500828535e-16f,0.30053125f,0f,0.963630453208623f,-0.26723837607825685f,2.1118727469477103f,-1.2246467991473532e-16f,-0.26723837607825685f,-0.963630453208623f,-0.1810730401820751f,0f,0f,0f,1f],start_interpolation:0}
execute if entity @s[tag=aj.labyria.bone.ribbon_left] run data modify entity @s {} merge value {transformation:[-1f,3.272726218735738e-17f,1.1801069500828535e-16f,0.3f,0f,0.963630453208623f,-0.26723837607825685f,2.232647402071057f,-1.2246467991473532e-16f,-0.26723837607825685f,-0.963630453208623f,-0.14565424744905195f,0f,0f,0f,1f],start_interpolation:0}
execute if entity @s[tag=aj.labyria.bone.ribbon_right_himo_1] run data modify entity @s {} merge value {transformation:[-1f,3.272726218735738e-17f,1.1801069500828535e-16f,-0.30053125f,0f,0.963630453208623f,-0.26723837607825685f,2.147365343770604f,-1.2246467991473532e-16f,-0.26723837607825685f,-0.963630453208623f,-0.05309087061530493f,0f,0f,0f,1f],start_interpolation:0}
execute if entity @s[tag=aj.labyria.bone.ribbon_right_himo_2] run data modify entity @s {} merge value {transformation:[-1f,3.272726218735738e-17f,1.1801069500828535e-16f,-0.30053125f,0f,0.963630453208623f,-0.26723837607825685f,2.1118727469477103f,-1.2246467991473532e-16f,-0.26723837607825685f,-0.963630453208623f,-0.18107304018207518f,0f,0f,0f,1f],start_interpolation:0}
execute if entity @s[tag=aj.labyria.bone.ribbon_right] run data modify entity @s {} merge value {transformation:[-1f,3.272726218735738e-17f,1.1801069500828535e-16f,-0.3f,0f,0.963630453208623f,-0.26723837607825685f,2.232647402071057f,-1.2246467991473532e-16f,-0.26723837607825685f,-0.963630453208623f,-0.14565424744905203f,0f,0f,0f,1f],start_interpolation:0}
execute if entity @s[tag=aj.labyria.bone.crown] run data modify entity @s {} merge value {transformation:[-0.9762960071199334f,0.2164396139381029f,1.1801069500828535e-16f,0.16875000000000004f,0.20856780327147345f,0.9407885638067504f,-0.26723837607825685f,2.5098413685050036f,-0.057840970947823575f,-0.2609037595144173f,-0.963630453208623f,-0.20506497928911793f,0f,0f,0f,1f],start_interpolation:0}
execute if entity @s[tag=aj.labyria.bone.ear_edge_a1] run data modify entity @s {} merge value {transformation:[-0.9975640502598242f,0.06975647374412533f,1.1801069500828535e-16f,0.18593750000000003f,0.06721946240828687f,0.9612830978565039f,-0.26723837607825685f,2.507429637148662f,-0.01864160676432573f,-0.266587396825484f,-0.963630453208623f,-0.22185810550769217f,0f,0f,0f,1f],start_interpolation:0}
execute if entity @s[tag=aj.labyria.bone.ear_edge_a2] run data modify entity @s {} merge value {transformation:[-0.9961946980917455f,-0.08715574274765815f,1.1801069500828535e-16f,0.07031250000000003f,-0.08398592788366001f,0.959963548406176f,-0.26723837607825685f,2.507429637148662f,0.02329135915777836f,-0.26622145337580744f,-0.963630453208623f,-0.22185810550769217f,0f,0f,0f,1f],start_interpolation:0}
execute if entity @s[tag=aj.labyria.bone.ear_edge_b1] run data modify entity @s {} merge value {transformation:[-0.9876883405951378f,0.1564344650402309f,1.1801069500828535e-16f,0.04843750000000002f,0.15074501444416616f,0.9517665632765654f,-0.26723837607825685f,2.501406946816108f,-0.04180529240002226f,-0.26394822821207287f,-0.963630453208623f,-0.22018786565720302f,0f,0f,0f,1f],start_interpolation:0}
execute if entity @s[tag=aj.labyria.bone.ear_edge_b2] run data modify entity @s {} merge value {transformation:[-0.9876883405951378f,-0.15643446504023084f,1.1801069500828535e-16f,0.07656250000000002f,-0.15074501444416616f,0.9517665632765654f,-0.26723837607825685f,2.5134523274812155f,0.04180529240002202f,-0.26394822821207287f,-0.963630453208623f,-0.22352834535818117f,0f,0f,0f,1f],start_interpolation:0}
execute if entity @s[tag=aj.labyria.bone.ear_right_2] run data modify entity @s {} merge value {transformation:[-1f,3.272726218735738e-17f,1.1801069500828535e-16f,0.12500000000000003f,0f,0.963630453208623f,-0.26723837607825685f,2.610498209048463f,-1.2246467991473532e-16f,-0.26723837607825685f,-0.963630453208623f,-0.28287099440450997f,0f,0f,0f,1f],start_interpolation:0}
execute if entity @s[tag=aj.labyria.bone.ear_right_1] run data modify entity @s {} merge value {transformation:[-1f,3.272726218735738e-17f,1.1801069500828535e-16f,0.12500000000000003f,0f,0.963630453208623f,-0.26723837607825685f,2.3936813570765234f,-1.2246467991473532e-16f,-0.26723837607825685f,-0.963630453208623f,-0.2227423597869023f,0f,0f,0f,1f],start_interpolation:0}
execute if entity @s[tag=aj.labyria.bone.ear_edge_a3] run data modify entity @s {} merge value {transformation:[-0.9876883405951377f,-0.15643446504023084f,1.1801069500828535e-16f,-0.19523827377799086f,-0.15074501444416616f,0.9517665632765653f,-0.26723837607825685f,2.5019106769554837f,0.04180529240002202f,-0.26394822821207287f,-0.963630453208623f,-0.2203275623884347f,0f,0f,0f,1f],start_interpolation:0}
execute if entity @s[tag=aj.labyria.bone.ear_edge_a4] run data modify entity @s {} merge value {transformation:[-1f,2.7755575615628914e-17f,1.1801069500828535e-16f,-0.08005326181113276f,-1.3877787807814457e-17f,0.963630453208623f,-0.26723837607825685f,2.5116215498670322f,-1.214306433183765e-16f,-0.26723837607825685f,-0.963630453208623f,-0.22302062579105283f,0f,0f,0f,1f],start_interpolation:0}
execute if entity @s[tag=aj.labyria.bone.ear_edge_b3] run data modify entity @s {} merge value {transformation:[-0.9702957262759965f,-0.2419218955996677f,1.1801069500828535e-16f,-0.05771677939820295f,-0.233123305897797f,0.9350065104577284f,-0.26723837607825685f,2.5074589698619483f,0.06465081451782867f,-0.25930025420567016f,-0.963630453208623f,-0.2218662401890304f,0f,0f,0f,1f],start_interpolation:0}
execute if entity @s[tag=aj.labyria.bone.ear_edge_b4] run data modify entity @s {} merge value {transformation:[-0.9975640502598243f,0.0697564737441253f,1.1801069500828535e-16f,-0.08682420206637902f,0.06721946240828687f,0.961283097856504f,-0.26723837607825685f,2.5170964099952973f,-0.018641606764325726f,-0.26658739682548405f,-0.963630453208623f,-0.22453893887991538f,0f,0f,0f,1f],start_interpolation:0}
execute if entity @s[tag=aj.labyria.bone.ear_left_2] run data modify entity @s {} merge value {transformation:[-0.9961946980917455f,-0.08715574274765815f,1.1801069500828535e-16f,-0.14461004211822304f,-0.08398592788366001f,0.959963548406176f,-0.26723837607825685f,2.6096731554679127f,0.02329135915777836f,-0.26622145337580744f,-0.963630453208623f,-0.2826421867964589f,0f,0f,0f,1f],start_interpolation:0}
execute if entity @s[tag=aj.labyria.bone.ear_left_1] run data modify entity @s {} merge value {transformation:[-0.9961946980917455f,-0.08715574274765815f,1.1801069500828535e-16f,-0.12499999999999999f,-0.08398592788366001f,0.959963548406176f,-0.26723837607825685f,2.3936813570765234f,0.02329135915777836f,-0.26622145337580744f,-0.963630453208623f,-0.22274235978690235f,0f,0f,0f,1f],start_interpolation:0}
execute if entity @s[tag=aj.labyria.bone.head] run data modify entity @s {} merge value {transformation:[-1f,3.272726218735738e-17f,1.1801069500828535e-16f,6.817515704726222e-18f,0f,0.963630453208623f,-0.26723837607825685f,1.9081719490595497f,-1.2246467991473532e-16f,-0.26723837607825685f,-0.963630453208623f,-0.05566924038402619f,0f,0f,0f,1f],start_interpolation:0}
execute if entity @s[tag=aj.labyria.bone.back_musket] run data modify entity @s {} merge value {transformation:[0.021455443264204826f,1.0190085757155662f,1.2664192935980836f,-0.09891062499999997f,-0.36048949524058543f,1.237973618776614f,-0.990012769442558f,1.8253347928860992f,-1.5850058764561488f,-0.2677675903769311f,0.2423087488478442f,-0.26812312306650626f,0f,0f,0f,1f],start_interpolation:0}
execute if entity @s[tag=aj.labyria.bone.body_1] run data modify entity @s {} merge value {transformation:[-1f,1.7043789261815554e-17f,1.2127286206821952e-16f,4.2609473154538895e-19f,0f,0.9902680687415704f,-0.13917310096006547f,1.5368214232814608f,-1.2246467991473532e-16f,-0.13917310096006547f,-0.9902680687415704f,-0.0034793275240016363f,0f,0f,0f,1f],start_interpolation:0}
execute if entity @s[tag=aj.labyria.bone.belt2] run data modify entity @s {} merge value {transformation:[-0.9140660885786872f,-0.00724866781770659f,0.40550048400134886f,0.25281812971186407f,-0.052799664506667676f,0.993457864754061f,-0.1012603890289063f,0.7417772178487944f,-0.40211364206955597f,-0.11396897724017122f,-0.908468871832374f,0.19514236816207098f,0f,0f,0f,1f],start_interpolation:0}
execute if entity @s[tag=aj.labyria.bone.leg_left_2] run data modify entity @s {} merge value {transformation:[-0.9913225501934562f,-0.1294548482616361f,0.022826382532046892f,0.17286569667016827f,-0.13017261712773529f,0.9909283725581377f,-0.03340733765801737f,0.8452702583604581f,-0.018294568266526853f,-0.03608881711607509f,-0.9991811177414753f,0.03316477581481363f,0f,0f,0f,1f],start_interpolation:0}
execute if entity @s[tag=aj.labyria.bone.leg_left_1] run data modify entity @s {} merge value {transformation:[-0.9913225501934562f,-0.12352437850366002f,0.044959196981564316f,0.125f,-0.13017261712773529f,0.9700728206700052f,-0.20497271122628985f,1.2211734763700852f,-0.018294568266526853f,-0.20904652714796415f,-0.9777345540888472f,-0.04784075345502248f,0f,0f,0f,1f],start_interpolation:0}
execute if entity @s[tag=aj.labyria.bone.belt] run data modify entity @s {} merge value {transformation:[-0.8861961308959204f,-0.030260825537035657f,-0.4623209924099465f,-0.20287288125103708f,0.26848918623499707f,0.7796883593319412f,-0.5656850883637778f,1.175124498849363f,0.3775843938247049f,-0.6254361236449995f,-0.6828321029213164f,0.18184080887394471f,0f,0f,0f,1f],start_interpolation:0}
execute if entity @s[tag=aj.labyria.bone.leg_right_2] run data modify entity @s {} merge value {transformation:[-0.9913225501934562f,0.12833596310912213f,0.028451398046433728f,-0.15325373560039748f,0.1301726171277353f,0.9282828762323321f,0.34834751534056474f,1.030250446103775f,0.018294568266526614f,0.34902834020561f,-0.9369335763570747f,0.14342572385231284f,0f,0f,0f,1f],start_interpolation:0}
execute if entity @s[tag=aj.labyria.bone.leg_right_1] run data modify entity @s {} merge value {transformation:[-0.9913225501934562f,0.09691650524842561f,-0.08880761503595543f,-0.125f,0.1301726171277353f,0.8177907633892549f,-0.5606008892833974f,1.2777425532695301f,0.018294568266526614f,-0.5672966228752395f,-0.823310300218751f,-0.08659501339821683f,0f,0f,0f,1f],start_interpolation:0}
execute if entity @s[tag=aj.labyria.bone.skirt_forward_right] run data modify entity @s {} merge value {transformation:[-0.9630451367077627f,0.26934005395322613f,1.1671602169247756e-16f,1.9174262919542486e-18f,0.2566968664087065f,0.9178384914334278f,-0.30278576984257455f,1.4501729672665735f,-0.08155233558566824f,-0.29159636311120735f,-0.9530586433062971f,-0.01565697385800735f,0f,0f,0f,1f],start_interpolation:0}
execute if entity @s[tag=aj.labyria.bone.skirt_forward_left] run data modify entity @s {} merge value {transformation:[-0.9630451367077627f,-0.269340053953226f,1.1671602169247756e-16f,1.9174262919542486e-18f,-0.2566968664087065f,0.9178384914334278f,-0.30278576984257455f,1.4501729672665735f,0.08155233558566802f,-0.29159636311120746f,-0.9530586433062971f,-0.01565697385800735f,0f,0f,0f,1f],start_interpolation:0}
execute if entity @s[tag=aj.labyria.bone.skirt_forward] run data modify entity @s {} merge value {transformation:[-1f,3.708056238650761e-17f,1.1671602169247756e-16f,1.9174262919542486e-18f,0f,0.9530586433062971f,-0.30278576984257455f,1.4501729672665735f,-1.2246467991473532e-16f,-0.30278576984257455f,-0.9530586433062971f,-0.01565697385800735f,0f,0f,0f,1f],start_interpolation:0}
execute if entity @s[tag=aj.labyria.bone.skirt_back_right] run data modify entity @s {} merge value {transformation:[-0.9630451367077627f,0.269340053953226f,1.144261034322516e-16f,1.9174262919542486e-18f,0.2516605840439695f,0.8998308940959396f,0.3563303417745256f,1.4501729672665735f,0.0959740334787221f,0.34316220270737186f,-0.9343600417027956f,-0.01565697385800735f,0f,0f,0f,1f],start_interpolation:0}
execute if entity @s[tag=aj.labyria.bone.skirt_back_left] run data modify entity @s {} merge value {transformation:[-0.9630451367077627f,-0.26934005395322613f,1.144261034322516e-16f,1.9174262919542486e-18f,-0.2516605840439695f,0.8998308940959396f,0.3563303417745256f,1.4501729672665735f,-0.09597403347872233f,0.34316220270737174f,-0.9343600417027956f,-0.01565697385800735f,0f,0f,0f,1f],start_interpolation:0}
execute if entity @s[tag=aj.labyria.bone.skirt_back] run data modify entity @s {} merge value {transformation:[-1f,-4.3637881249325516e-17f,1.144261034322516e-16f,1.9174262919542486e-18f,0f,0.9343600417027956f,0.3563303417745256f,1.4501729672665735f,-1.2246467991473532e-16f,0.3563303417745256f,-0.9343600417027956f,-0.01565697385800735f,0f,0f,0f,1f],start_interpolation:0}
execute if entity @s[tag=aj.labyria.bone.skirt_right] run data modify entity @s {} merge value {transformation:[-0.9324026732697752f,0.3610771671174287f,-0.0157649695790812f,-0.19375f,0.35790383409311355f,0.9285204357208051f,0.0987656113750905f,1.5035566890023417f,0.05030010358663229f,0.08644697701654366f,-0.9949858389665028f,0.017091308267223146f,0f,0f,0f,1f],start_interpolation:0}
execute if entity @s[tag=aj.labyria.bone.skirt_left] run data modify entity @s {} merge value {transformation:[-0.949013649188214f,-0.31493494779559383f,0.01375035677559877f,0.19375f,-0.3121671364761212f,0.9449540986566122f,0.09804810215587251f,1.5390461791152779f,-0.04387222992700954f,0.08875657772275966f,-0.9950866783110783f,0.0031447638461334186f,0f,0f,0f,1f],start_interpolation:0}
execute if entity @s[tag=aj.labyria.bone.coat_downer] run data modify entity @s {} merge value {transformation:[-1f,-1.280104479605235e-17f,1.217938055844715e-16f,3.9147453460732614e-18f,0f,0.9945218953682735f,0.10452846326765347f,1.3341259279609206f,-1.2246467991473532e-16f,0.10452846326765347f,-0.9945218953682735f,-0.031966321626765035f,0f,0f,0f,1f],start_interpolation:0}
execute if entity @s[tag=aj.labyria.bone.body_2] run data modify entity @s {} merge value {transformation:[-1f,-1.7043789261815557e-17f,1.2127286206821952e-16f,0f,0f,0.9902680687415704f,0.13917310096006544f,1.561578125f,-1.2246467991473532e-16f,0.13917310096006544f,-0.9902680687415704f,0f,0f,0f,0f,1f],start_interpolation:0}
execute if entity @s[tag=aj.labyria.bone.sphere] run data modify entity @s {} merge value {transformation:[-1f,0f,1.2246467991473532e-16f,0.453125f,0f,1f,0f,2.959138125f,-1.2246467991473532e-16f,0f,-1f,0.010590000000000044f,0f,0f,0f,1f],start_interpolation:0}