execute if entity @s[tag=aj.labyria.bone.wing_right_1] run data modify entity @s {} merge value {transformation:[-0.6539441456583792f,-0.11530799675591862f,-0.47540042562845286f,0.04368992389529726f,-0.07527477965711435f,0.8079217411319618f,-0.09241543268478832f,1.5925686480228196f,0.48335825880101607f,-0.030182288430150812f,-0.6575699716063789f,-0.3407698874089569f,0f,0f,0f,1f],start_interpolation:0}
execute if entity @s[tag=aj.labyria.bone.wing_right_2] run data modify entity @s {} merge value {transformation:[-0.635061621117114f,0.1407897718510371f,-0.4656983761258314f,0.04368992389529726f,0.2347429584384527f,0.7594077762146079f,-0.09052940344632325f,1.5925686480228196f,0.42613669267931664f,-0.20851395532893527f,-0.6441501762674732f,-0.3407698874089569f,0f,0f,0f,1f],start_interpolation:0}
execute if entity @s[tag=aj.labyria.bone.wing_left_1] run data modify entity @s {} merge value {transformation:[-0.653944145658379f,0.1153079967559186f,0.47540042562845297f,-0.04368992389529719f,0.07527477965711435f,0.8079217411319618f,-0.09241543268478832f,1.5925686480228196f,-0.4833582588010162f,-0.0301822884301508f,-0.6575699716063786f,-0.340769887408957f,0f,0f,0f,1f],start_interpolation:0}
execute if entity @s[tag=aj.labyria.bone.wing_left_2] run data modify entity @s {} merge value {transformation:[-0.6350616211171137f,-0.14078977185103705f,0.46569837612583154f,-0.04368992389529719f,-0.2347429584384527f,0.7594077762146079f,-0.09052940344632325f,1.5925686480228196f,-0.42613669267931675f,-0.2085139553289353f,-0.644150176267473f,-0.340769887408957f,0f,0f,0f,1f],start_interpolation:0}
execute if entity @s[tag=aj.labyria.bone.musket] run data modify entity @s {} merge value {transformation:[-0.000016128934056248623f,0.0000015502516735183254f,-0.0000013114381496803441f,-0.5460015577441734f,0.0000010228507480815774f,0.000015272643174334964f,0.000005474103659877903f,1.277071997372053f,0.000001754117048213241f,0.000005348715199063539f,-0.00001525057320768549f,-0.1830479435080305f,0f,0f,0f,1f],start_interpolation:0}
execute if entity @s[tag=aj.labyria.bone.omega_blade] run data modify entity @s {} merge value {transformation:[-1.7799765949839221f,0.17108456675276895f,-0.14472929234252002f,-0.5460015577441734f,0.11288101156577379f,1.6854770004670756f,0.6041178145510236f,1.277071997372053f,0.1935829906547498f,0.5902800417166708f,-1.6830413761442813f,-0.1830479435080305f,0f,0f,0f,1f],start_interpolation:0}
execute if entity @s[tag=aj.labyria.bone.arm_right_2] run data modify entity @s {} merge value {transformation:[-0.3906802262323795f,-0.9203684064812047f,0.01705746705301661f,-0.4296414497832756f,-0.9166146280756674f,0.3872467262031547f,-0.0992854301629646f,1.526575968361239f,0.08477372487228985f,-0.05442397813635989f,-0.994912783200161f,-0.1745419721669258f,0f,0f,0f,1f],start_interpolation:0}
execute if entity @s[tag=aj.labyria.bone.arm_right_1] run data modify entity @s {} merge value {transformation:[-0.34686773420000055f,-0.9203684064812047f,0.18056791332406152f,-0.2984375f,-0.8726948110483298f,0.3872467262031547f,0.297394922307458f,1.8556952407687843f,-0.34363722403179453f,-0.05442397813635989f,-0.9375241270834236f,-0.051537538949274264f,0f,0f,0f,1f],start_interpolation:0}
execute if entity @s[tag=aj.labyria.bone.arm_left_2] run data modify entity @s {} merge value {transformation:[-0.24925887696361793f,-0.9668590461362734f,0.05525936263920744f,0.38022556900368715f,-0.96487683314687f,0.2528260946550531f,0.07135588775946353f,2.172295451645101f,-0.0829620944245201f,-0.0355323903773671f,-0.995919042956187f,-0.024315601716228537f,0f,0f,0f,1f],start_interpolation:0}
execute if entity @s[tag=aj.labyria.bone.arm_left_1] run data modify entity @s {} merge value {transformation:[-0.24925887696361793f,-0.9668590461362734f,0.05525936263920744f,0.2984375f,-0.96487683314687f,0.2528260946550531f,0.07135588775946353f,1.8556952407687843f,-0.0829620944245201f,-0.0355323903773671f,-0.995919042956187f,-0.051537538949274195f,0f,0f,0f,1f],start_interpolation:0}
execute if entity @s[tag=aj.labyria.bone.himo_right_2] run data modify entity @s {} merge value {transformation:[-1f,4.785076258316222e-17f,1.1272933223801346e-16f,-0.15625000000000003f,0f,0.9205048534524403f,-0.3907311284892737f,1.5482427112363908f,-1.2246467991473532e-16f,-0.3907311284892737f,-0.9205048534524403f,0.2246092156415272f,0f,0f,0f,1f],start_interpolation:0}
execute if entity @s[tag=aj.labyria.bone.himo_right_1] run data modify entity @s {} merge value {transformation:[-1f,3.272726218735738e-17f,1.1801069500828535e-16f,-0.15625000000000003f,0f,0.963630453208623f,-0.26723837607825685f,1.7272531813625185f,-1.2246467991473532e-16f,-0.26723837607825685f,-0.963630453208623f,0.16847932979430016f,0f,0f,0f,1f],start_interpolation:0}
execute if entity @s[tag=aj.labyria.bone.himo_left_2] run data modify entity @s {} merge value {transformation:[-1f,4.785076258316222e-17f,1.1272933223801346e-16f,0.15624999999999997f,0f,0.9205048534524403f,-0.3907311284892737f,1.5482427112363908f,-1.2246467991473532e-16f,-0.3907311284892737f,-0.9205048534524403f,0.22460921564152725f,0f,0f,0f,1f],start_interpolation:0}
execute if entity @s[tag=aj.labyria.bone.himo_left_1] run data modify entity @s {} merge value {transformation:[-1f,3.272726218735738e-17f,1.1801069500828535e-16f,0.15624999999999997f,0f,0.963630453208623f,-0.26723837607825685f,1.7272531813625185f,-1.2246467991473532e-16f,-0.26723837607825685f,-0.963630453208623f,0.16847932979430022f,0f,0f,0f,1f],start_interpolation:0}
execute if entity @s[tag=aj.labyria.bone.ribbon_left_himo_1] run data modify entity @s {} merge value {transformation:[-1f,3.272726218735738e-17f,1.1801069500828535e-16f,0.30053125f,0f,0.963630453208623f,-0.26723837607825685f,2.1242872187706046f,-1.2246467991473532e-16f,-0.26723837607825685f,-0.963630453208623f,-0.05309087061530485f,0f,0f,0f,1f],start_interpolation:0}
execute if entity @s[tag=aj.labyria.bone.ribbon_left_himo_2] run data modify entity @s {} merge value {transformation:[-1f,3.272726218735738e-17f,1.1801069500828535e-16f,0.30053125f,0f,0.963630453208623f,-0.26723837607825685f,2.0887946219477107f,-1.2246467991473532e-16f,-0.26723837607825685f,-0.963630453208623f,-0.1810730401820751f,0f,0f,0f,1f],start_interpolation:0}
execute if entity @s[tag=aj.labyria.bone.ribbon_left] run data modify entity @s {} merge value {transformation:[-1f,3.272726218735738e-17f,1.1801069500828535e-16f,0.3f,0f,0.963630453208623f,-0.26723837607825685f,2.2095692770710573f,-1.2246467991473532e-16f,-0.26723837607825685f,-0.963630453208623f,-0.14565424744905195f,0f,0f,0f,1f],start_interpolation:0}
execute if entity @s[tag=aj.labyria.bone.ribbon_right_himo_1] run data modify entity @s {} merge value {transformation:[-1f,3.272726218735738e-17f,1.1801069500828535e-16f,-0.30053125f,0f,0.963630453208623f,-0.26723837607825685f,2.1242872187706046f,-1.2246467991473532e-16f,-0.26723837607825685f,-0.963630453208623f,-0.05309087061530493f,0f,0f,0f,1f],start_interpolation:0}
execute if entity @s[tag=aj.labyria.bone.ribbon_right_himo_2] run data modify entity @s {} merge value {transformation:[-1f,3.272726218735738e-17f,1.1801069500828535e-16f,-0.30053125f,0f,0.963630453208623f,-0.26723837607825685f,2.0887946219477107f,-1.2246467991473532e-16f,-0.26723837607825685f,-0.963630453208623f,-0.18107304018207518f,0f,0f,0f,1f],start_interpolation:0}
execute if entity @s[tag=aj.labyria.bone.ribbon_right] run data modify entity @s {} merge value {transformation:[-1f,3.272726218735738e-17f,1.1801069500828535e-16f,-0.3f,0f,0.963630453208623f,-0.26723837607825685f,2.2095692770710573f,-1.2246467991473532e-16f,-0.26723837607825685f,-0.963630453208623f,-0.14565424744905203f,0f,0f,0f,1f],start_interpolation:0}
execute if entity @s[tag=aj.labyria.bone.crown] run data modify entity @s {} merge value {transformation:[-0.9762960071199334f,0.2164396139381029f,1.1801069500828535e-16f,0.16875000000000004f,0.20856780327147345f,0.9407885638067504f,-0.26723837607825685f,2.486763243505004f,-0.057840970947823575f,-0.2609037595144173f,-0.963630453208623f,-0.20506497928911793f,0f,0f,0f,1f],start_interpolation:0}
execute if entity @s[tag=aj.labyria.bone.ear_edge_a1] run data modify entity @s {} merge value {transformation:[-0.9975640502598242f,0.06975647374412533f,1.1801069500828535e-16f,0.18593750000000003f,0.06721946240828687f,0.9612830978565039f,-0.26723837607825685f,2.4843515121486623f,-0.01864160676432573f,-0.266587396825484f,-0.963630453208623f,-0.22185810550769217f,0f,0f,0f,1f],start_interpolation:0}
execute if entity @s[tag=aj.labyria.bone.ear_edge_a2] run data modify entity @s {} merge value {transformation:[-0.9961946980917455f,-0.08715574274765815f,1.1801069500828535e-16f,0.07031250000000003f,-0.08398592788366001f,0.959963548406176f,-0.26723837607825685f,2.4843515121486623f,0.02329135915777836f,-0.26622145337580744f,-0.963630453208623f,-0.22185810550769217f,0f,0f,0f,1f],start_interpolation:0}
execute if entity @s[tag=aj.labyria.bone.ear_edge_b1] run data modify entity @s {} merge value {transformation:[-0.9876883405951378f,0.1564344650402309f,1.1801069500828535e-16f,0.04843750000000002f,0.15074501444416616f,0.9517665632765654f,-0.26723837607825685f,2.4783288218161084f,-0.04180529240002226f,-0.26394822821207287f,-0.963630453208623f,-0.22018786565720302f,0f,0f,0f,1f],start_interpolation:0}
execute if entity @s[tag=aj.labyria.bone.ear_edge_b2] run data modify entity @s {} merge value {transformation:[-0.9876883405951378f,-0.15643446504023084f,1.1801069500828535e-16f,0.07656250000000002f,-0.15074501444416616f,0.9517665632765654f,-0.26723837607825685f,2.490374202481216f,0.04180529240002202f,-0.26394822821207287f,-0.963630453208623f,-0.22352834535818117f,0f,0f,0f,1f],start_interpolation:0}
execute if entity @s[tag=aj.labyria.bone.ear_right_2] run data modify entity @s {} merge value {transformation:[-1f,3.272726218735738e-17f,1.1801069500828535e-16f,0.12500000000000003f,0f,0.963630453208623f,-0.26723837607825685f,2.5874200840484636f,-1.2246467991473532e-16f,-0.26723837607825685f,-0.963630453208623f,-0.28287099440450997f,0f,0f,0f,1f],start_interpolation:0}
execute if entity @s[tag=aj.labyria.bone.ear_right_1] run data modify entity @s {} merge value {transformation:[-1f,3.272726218735738e-17f,1.1801069500828535e-16f,0.12500000000000003f,0f,0.963630453208623f,-0.26723837607825685f,2.370603232076524f,-1.2246467991473532e-16f,-0.26723837607825685f,-0.963630453208623f,-0.2227423597869023f,0f,0f,0f,1f],start_interpolation:0}
execute if entity @s[tag=aj.labyria.bone.ear_edge_a3] run data modify entity @s {} merge value {transformation:[-0.9876883405951377f,-0.15643446504023084f,1.1801069500828535e-16f,-0.19523827377799086f,-0.15074501444416616f,0.9517665632765653f,-0.26723837607825685f,2.478832551955484f,0.04180529240002202f,-0.26394822821207287f,-0.963630453208623f,-0.2203275623884347f,0f,0f,0f,1f],start_interpolation:0}
execute if entity @s[tag=aj.labyria.bone.ear_edge_a4] run data modify entity @s {} merge value {transformation:[-1f,2.7755575615628914e-17f,1.1801069500828535e-16f,-0.08005326181113276f,-1.3877787807814457e-17f,0.963630453208623f,-0.26723837607825685f,2.4885434248670326f,-1.214306433183765e-16f,-0.26723837607825685f,-0.963630453208623f,-0.22302062579105283f,0f,0f,0f,1f],start_interpolation:0}
execute if entity @s[tag=aj.labyria.bone.ear_edge_b3] run data modify entity @s {} merge value {transformation:[-0.9702957262759965f,-0.2419218955996677f,1.1801069500828535e-16f,-0.05771677939820295f,-0.233123305897797f,0.9350065104577284f,-0.26723837607825685f,2.4843808448619487f,0.06465081451782867f,-0.25930025420567016f,-0.963630453208623f,-0.2218662401890304f,0f,0f,0f,1f],start_interpolation:0}
execute if entity @s[tag=aj.labyria.bone.ear_edge_b4] run data modify entity @s {} merge value {transformation:[-0.9975640502598243f,0.0697564737441253f,1.1801069500828535e-16f,-0.08682420206637902f,0.06721946240828687f,0.961283097856504f,-0.26723837607825685f,2.4940182849952977f,-0.018641606764325726f,-0.26658739682548405f,-0.963630453208623f,-0.22453893887991538f,0f,0f,0f,1f],start_interpolation:0}
execute if entity @s[tag=aj.labyria.bone.ear_left_2] run data modify entity @s {} merge value {transformation:[-0.9961946980917455f,-0.08715574274765815f,1.1801069500828535e-16f,-0.14461004211822304f,-0.08398592788366001f,0.959963548406176f,-0.26723837607825685f,2.586595030467913f,0.02329135915777836f,-0.26622145337580744f,-0.963630453208623f,-0.2826421867964589f,0f,0f,0f,1f],start_interpolation:0}
execute if entity @s[tag=aj.labyria.bone.ear_left_1] run data modify entity @s {} merge value {transformation:[-0.9961946980917455f,-0.08715574274765815f,1.1801069500828535e-16f,-0.12499999999999999f,-0.08398592788366001f,0.959963548406176f,-0.26723837607825685f,2.370603232076524f,0.02329135915777836f,-0.26622145337580744f,-0.963630453208623f,-0.22274235978690235f,0f,0f,0f,1f],start_interpolation:0}
execute if entity @s[tag=aj.labyria.bone.head] run data modify entity @s {} merge value {transformation:[-1f,3.272726218735738e-17f,1.1801069500828535e-16f,6.817515704726222e-18f,0f,0.963630453208623f,-0.26723837607825685f,1.8850938240595498f,-1.2246467991473532e-16f,-0.26723837607825685f,-0.963630453208623f,-0.05566924038402619f,0f,0f,0f,1f],start_interpolation:0}
execute if entity @s[tag=aj.labyria.bone.back_musket] run data modify entity @s {} merge value {transformation:[0.021455443264204826f,1.0190085757155662f,1.2664192935980836f,-0.09891062499999997f,-0.36048949524058543f,1.237973618776614f,-0.990012769442558f,1.8022566678860992f,-1.5850058764561488f,-0.2677675903769311f,0.2423087488478442f,-0.26812312306650626f,0f,0f,0f,1f],start_interpolation:0}
execute if entity @s[tag=aj.labyria.bone.body_1] run data modify entity @s {} merge value {transformation:[-1f,1.7043789261815554e-17f,1.2127286206821952e-16f,4.2609473154538895e-19f,0f,0.9902680687415704f,-0.13917310096006547f,1.513743298281461f,-1.2246467991473532e-16f,-0.13917310096006547f,-0.9902680687415704f,-0.0034793275240016363f,0f,0f,0f,1f],start_interpolation:0}
execute if entity @s[tag=aj.labyria.bone.belt2] run data modify entity @s {} merge value {transformation:[-0.9145142348513526f,-0.0031688271067662225f,0.4045413115974838f,0.2509585600735653f,-0.04898345712188956f,0.9934796058395097f,-0.10295092864739264f,0.7181694664138852f,-0.4015773090983018f,-0.11396592172987483f,-0.9087064616814534f,0.1950679340208283f,0f,0f,0f,1f],start_interpolation:0}
execute if entity @s[tag=aj.labyria.bone.leg_left_2] run data modify entity @s {} merge value {transformation:[-0.9918678084861506f,-0.12533879475829493f,0.022100611245368235f,0.17134379331069788f,-0.12603374196035005f,0.9914601213523405f,-0.03350109931739448f,0.8219955202028221f,-0.017712887295773534f,-0.03601408469668574f,-0.9991942950833471f,0.03313714363752593f,0f,0f,0f,1f],start_interpolation:0}
execute if entity @s[tag=aj.labyria.bone.leg_left_1] run data modify entity @s {} merge value {transformation:[-0.9918678084861506f,-0.11959688596309129f,0.043529706601494744f,0.125f,-0.12603374196035005f,0.9705802094639053f,-0.20515738564446961f,1.1980953513700854f,-0.017712887295773534f,-0.20897521830335072f,-0.9777605083857264f,-0.04784075345502248f,0f,0f,0f,1f],start_interpolation:0}
execute if entity @s[tag=aj.labyria.bone.belt] run data modify entity @s {} merge value {transformation:[-0.8875304103532332f,-0.03314804130109641f,-0.459555195875449f,-0.202601334909378f,0.26478745750120275f,0.7795560264052507f,-0.5676090239287119f,1.151721902539981f,0.3770641497786156f,-0.6254547218249753f,-0.6831024944315259f,0.18179520740528715f,0f,0f,0f,1f],start_interpolation:0}
execute if entity @s[tag=aj.labyria.bone.leg_right_2] run data modify entity @s {} merge value {transformation:[-0.9918678084861506f,0.12425548487556559f,0.02754677780102357f,-0.15235540008834733f,0.12603374196035008f,0.9288100290933685f,0.34846438231625343f,1.0070562660464408f,0.017712887295773295f,0.3491024267087158f,-0.9369171517747624f,0.1434094133776836f,0f,0f,0f,1f],start_interpolation:0}
execute if entity @s[tag=aj.labyria.bone.leg_right_1] run data modify entity @s {} merge value {transformation:[-0.9918678084861506f,0.0938350175612813f,-0.08598395180587423f,-0.125f,0.12603374196035008f,0.8181888576707457f,-0.5609656754837254f,1.2546644282695305f,0.017712887295773295f,-0.5672406743726286f,-0.823361567575833f,-0.08659501339821683f,0f,0f,0f,1f],start_interpolation:0}
execute if entity @s[tag=aj.labyria.bone.skirt_forward_right] run data modify entity @s {} merge value {transformation:[-0.9633708786158803f,0.2681726127606374f,1.1676087886186658e-16f,1.9174262919542486e-18f,0.2556824545200765f,0.9185018124036625f,-0.30163040805226554f,1.4270948422665737f,-0.08088901461543337f,-0.2905819512225775f,-0.9534249298912966f,-0.01565697385800735f,0f,0f,0f,1f],start_interpolation:0}
execute if entity @s[tag=aj.labyria.bone.skirt_forward_left] run data modify entity @s {} merge value {transformation:[-0.9633708786158803f,-0.2681726127606373f,1.1676087886186658e-16f,1.9174262919542486e-18f,-0.2556824545200765f,0.9185018124036625f,-0.30163040805226554f,1.4270948422665737f,0.08088901461543312f,-0.29058195122257763f,-0.9534249298912966f,-0.01565697385800735f,0f,0f,0f,1f],start_interpolation:0}
execute if entity @s[tag=aj.labyria.bone.skirt_forward] run data modify entity @s {} merge value {transformation:[-1f,3.69390713746717e-17f,1.1676087886186658e-16f,1.9174262919542486e-18f,0f,0.9534249298912966f,-0.30163040805226554f,1.4270948422665737f,-1.2246467991473532e-16f,-0.30163040805226554f,-0.9534249298912966f,-0.01565697385800735f,0f,0f,0f,1f],start_interpolation:0}
execute if entity @s[tag=aj.labyria.bone.skirt_back_right] run data modify entity @s {} merge value {transformation:[-0.9633708786158803f,0.2681726127606373f,1.1445780753511776e-16f,1.9174262919542486e-18f,0.25063919914637733f,0.900384655284485f,0.35565076181487654f,1.4270948422665737f,0.09537579402620644f,0.3426235868900048f,-0.9346189253489885f,-0.01565697385800735f,0f,0f,0f,1f],start_interpolation:0}
execute if entity @s[tag=aj.labyria.bone.skirt_back_left] run data modify entity @s {} merge value {transformation:[-0.9633708786158803f,-0.2681726127606374f,1.1445780753511776e-16f,1.9174262919542486e-18f,-0.25063919914637733f,0.900384655284485f,0.35565076181487654f,1.4270948422665737f,-0.09537579402620669f,0.3426235868900047f,-0.9346189253489885f,-0.01565697385800735f,0f,0f,0f,1f],start_interpolation:0}
execute if entity @s[tag=aj.labyria.bone.skirt_back] run data modify entity @s {} merge value {transformation:[-1f,-4.3554656707090623e-17f,1.1445780753511776e-16f,1.9174262919542486e-18f,0f,0.9346189253489885f,0.35565076181487654f,1.4270948422665737f,-1.2246467991473532e-16f,0.35565076181487654f,-0.9346189253489885f,-0.01565697385800735f,0f,0f,0f,1f],start_interpolation:0}
execute if entity @s[tag=aj.labyria.bone.skirt_right] run data modify entity @s {} merge value {transformation:[-0.9332325043165383f,0.35893105777174666f,-0.015671268421463953f,-0.19375f,0.3557765858671052f,0.9293414087800118f,0.09872976691722304f,1.4803496228475579f,0.05000113834532989f,0.08656235725555274f,-0.994990876576531f,0.017073186769702306f,0f,0f,0f,1f],start_interpolation:0}
execute if entity @s[tag=aj.labyria.bone.skirt_left] run data modify entity @s {} merge value {transformation:[-0.9495471884993294f,-0.31332569604943605f,0.013680095326984353f,0.19375f,-0.3105720276671956f,0.9454819427306104f,0.09802505598589306f,1.515624211035854f,-0.043648052003562f,0.08883076136951207f,-0.9950899172390439f,0.0030964398527445064f,0f,0f,0f,1f],start_interpolation:0}
execute if entity @s[tag=aj.labyria.bone.coat_downer] run data modify entity @s {} merge value {transformation:[-1f,-1.280104479605235e-17f,1.217938055844715e-16f,3.9147453460732614e-18f,0f,0.9945218953682735f,0.10452846326765347f,1.3110478029609207f,-1.2246467991473532e-16f,0.10452846326765347f,-0.9945218953682735f,-0.031966321626765035f,0f,0f,0f,1f],start_interpolation:0}
execute if entity @s[tag=aj.labyria.bone.body_2] run data modify entity @s {} merge value {transformation:[-1f,-1.7043789261815557e-17f,1.2127286206821952e-16f,0f,0f,0.9902680687415704f,0.13917310096006544f,1.5385000000000002f,-1.2246467991473532e-16f,0.13917310096006544f,-0.9902680687415704f,0f,0f,0f,0f,1f],start_interpolation:0}
execute if entity @s[tag=aj.labyria.bone.sphere] run data modify entity @s {} merge value {transformation:[-1f,0f,1.2246467991473532e-16f,0.453125f,0f,1f,0f,2.91719f,-1.2246467991473532e-16f,0f,-1f,0.010035000000000072f,0f,0f,0f,1f],start_interpolation:0}