execute if entity @s[tag=aj.labyria.bone.wing_right_1] run data modify entity @s {} merge value {transformation:[0.265960850372476f,0.36479684606462043f,-0.6805384130340472f,-0.24695431641353588f,-0.3370394542516722f,0.7024343940422342f,0.24481579358509264f,1.4667196715328956f,0.694704020998388f,0.2011308718528047f,0.37931140246616135f,0.005851687415767692f,0f,0f,0f,1f],start_interpolation:0}
execute if entity @s[tag=aj.labyria.bone.wing_right_2] run data modify entity @s {} merge value {transformation:[0.37745387292381627f,0.2304485177226085f,-0.6666498739925361f,-0.24695431641353588f,-0.04170499445732567f,0.7620677630528081f,0.2398195528996826f,1.4667196715328956f,0.7041230483744486f,-0.0783977371812595f,0.37157035343623973f,0.005851687415767692f,0f,0f,0f,1f],start_interpolation:0}
execute if entity @s[tag=aj.labyria.bone.wing_left_1] run data modify entity @s {} merge value {transformation:[-0.22868063401892033f,0.35822333807483964f,-0.6973705271429732f,-0.24524851907701342f,0.17080324333909852f,0.7317463231968638f,0.31987187278215f,1.4591133507133223f,0.7651639459187773f,-0.05628323898670425f,-0.2798227605460575f,0.07264955323352218f,0f,0f,0f,1f],start_interpolation:0}
execute if entity @s[tag=aj.labyria.bone.wing_left_2] run data modify entity @s {} merge value {transformation:[-0.34125011639465574f,0.23847469731274787f,-0.6831384755686268f,-0.24524851907701342f,-0.11973117450511572f,0.726278226036311f,0.31334387537843267f,1.4591133507133223f,0.7135914825110089f,0.2359020074673858f,-0.2741120919634849f,0.07264955323352218f,0f,0f,0f,1f],start_interpolation:0}
execute if entity @s[tag=aj.labyria.bone.musket] run data modify entity @s {} merge value {transformation:[-3.74898545071623e-7f,-0.00001623663448842775f,-7.048514968429006e-7f,0.580254256156181f,0.000015780701274716057f,-1.9513966571677835e-7f,-0.000003898339627525929f,1.3936597005438993f,0.0000038851746964040375f,-7.741350415544096e-7f,0.000015766159855156843f,0.23530769295112552f,0f,0f,0f,1f],start_interpolation:0}
execute if entity @s[tag=aj.labyria.bone.omega_blade] run data modify entity @s {} merge value {transformation:[-0.04137351131784722f,-1.7918623307603807f,-0.07778686198011245f,0.580254256156181f,1.7415458965526158f,-0.02153546145811694f,-0.4302177237562841f,1.3936597005438993f,0.4287648522156219f,-0.08543293998960315f,1.739941116820553f,0.23530769295112552f,0f,0f,0f,1f],start_interpolation:0}
execute if entity @s[tag=aj.labyria.bone.arm_right_2] run data modify entity @s {} merge value {transformation:[0.40812246886566705f,0.01607879645534044f,0.912785584193539f,0.4229852874705376f,-0.04161732017927667f,0.9991331155347807f,0.0010080192748425174f,1.4094762091932476f,-0.911978096813782f,-0.038399085227523444f,0.40843783025767966f,0.42636958372267414f,0f,0f,0f,1f],start_interpolation:0}
execute if entity @s[tag=aj.labyria.bone.arm_right_1] run data modify entity @s {} merge value {transformation:[0.9965295400248869f,0.01607879645534044f,-0.08167219944592366f,0.12168695154584476f,-0.012876296681855026f,0.9991331155347807f,0.039588109648273584f,1.4103920891610287f,0.08223792824206998f,-0.038399085227523444f,0.9958726994009531f,0.3240382759136973f,0f,0f,0f,1f],start_interpolation:0}
execute if entity @s[tag=aj.labyria.bone.arm_left_2] run data modify entity @s {} merge value {transformation:[-0.21471664333957535f,0.8687907392756853f,-0.44620557417158524f,0.1265329726526197f,0.4430650463222577f,0.49379225830375456f,0.7482396476843058f,1.5797558992305327f,0.8703965348049367f,-0.03703858782522239f,-0.4909562253515807f,-0.6365218955683095f,0f,0f,0f,1f],start_interpolation:0}
execute if entity @s[tag=aj.labyria.bone.arm_left_1] run data modify entity @s {} merge value {transformation:[0.05264450705566777f,0.8687907392756853f,-0.4923730366558208f,0.14645418056755494f,-0.01773147338046383f,0.49379225830375456f,0.8693991031114745f,1.5730461323886313f,0.9984558832159905f,-0.03703858782522239f,0.04140038989296641f,-0.2586962048005465f,0f,0f,0f,1f],start_interpolation:0}
execute if entity @s[tag=aj.labyria.bone.himo_right_2] run data modify entity @s {} merge value {transformation:[0.028059514988241895f,0.1352640129041098f,-0.9904121921865165f,0.2382099496911501f,-0.10522944092545705f,0.985696712400282f,0.13163873261996886f,1.1164146672293191f,0.9940520249871937f,0.10052680227856031f,0.041891928130689746f,0.1455174620008106f,0f,0f,0f,1f],start_interpolation:0}
execute if entity @s[tag=aj.labyria.bone.himo_right_1] run data modify entity @s {} merge value {transformation:[0.02697012807825596f,0.26012921421964297f,-0.9651970804457054f,0.2809516956045475f,-0.10925385154689322f,0.9605312536578453f,0.2558188942761217f,1.2981131453793908f,0.9936479296579911f,0.09855203019704505f,0.054325769487682696f,0.16433550372205455f,0f,0f,0f,1f],start_interpolation:0}
execute if entity @s[tag=aj.labyria.bone.himo_left_2] run data modify entity @s {} merge value {transformation:[0.028059514988241895f,0.1352640129041098f,-0.9904121921865165f,0.2302835208089269f,-0.10522944092545705f,0.985696712400282f,0.13163873261996886f,1.1517594058690426f,0.9940520249871937f,0.10052680227856031f,0.041891928130689746f,-0.16487611263575422f,0f,0f,0f,1f],start_interpolation:0}
execute if entity @s[tag=aj.labyria.bone.himo_left_1] run data modify entity @s {} merge value {transformation:[0.02697012807825596f,0.26012921421964297f,-0.9651970804457054f,0.2730252667223243f,-0.10925385154689322f,0.9605312536578453f,0.2558188942761217f,1.3334578840191142f,0.9936479296579911f,0.09855203019704505f,0.054325769487682696f,-0.14605807091451026f,0f,0f,0f,1f],start_interpolation:0}
execute if entity @s[tag=aj.labyria.bone.ribbon_left_himo_1] run data modify entity @s {} merge value {transformation:[-0.7212748411933892f,0.34942629739169456f,-0.5980500532167707f,0.5009961039270111f,0.12495672057613927f,0.9149010468199031f,0.38385139378501953f,1.7109237156047616f,0.681284391017663f,0.20213197970379776f,-0.70355827145782f,-0.07132480088561227f,0f,0f,0f,1f],start_interpolation:0}
execute if entity @s[tag=aj.labyria.bone.ribbon_left_himo_2] run data modify entity @s {} merge value {transformation:[-0.7212748411933892f,0.34942629739169456f,-0.5980500532167707f,0.4215675812341588f,0.12495672057613927f,0.9149010468199031f,0.38385139378501953f,1.7619039788418347f,0.681284391017663f,0.20213197970379776f,-0.70355827145782f,-0.164766133813604f,0f,0f,0f,1f],start_interpolation:0}
execute if entity @s[tag=aj.labyria.bone.ribbon_left] run data modify entity @s {} merge value {transformation:[-0.7212748411933892f,0.34942629739169456f,-0.5980500532167707f,0.4982582330811416f,0.12495672057613927f,0.9149010468199031f,0.38385139378501953f,1.834298591341317f,0.681284391017663f,0.20213197970379776f,-0.70355827145782f,-0.09607221540938649f,0f,0f,0f,1f],start_interpolation:0}
execute if entity @s[tag=aj.labyria.bone.ribbon_right_himo_1] run data modify entity @s {} merge value {transformation:[-0.7212748411933892f,0.34942629739169456f,-0.5980500532167707f,0.06746484469220954f,0.12495672057613927f,0.9149010468199031f,0.38385139378501953f,1.7860305144660575f,0.681284391017663f,0.20213197970379776f,-0.70355827145782f,0.33816969839044186f,0f,0f,0f,1f],start_interpolation:0}
execute if entity @s[tag=aj.labyria.bone.ribbon_right_himo_2] run data modify entity @s {} merge value {transformation:[-0.7212748411933892f,0.34942629739169456f,-0.5980500532167707f,-0.011963678000642824f,0.12495672057613927f,0.9149010468199031f,0.38385139378501953f,1.8370107777031304f,0.681284391017663f,0.20213197970379776f,-0.70355827145782f,0.24472836546245014f,0f,0f,0f,1f],start_interpolation:0}
execute if entity @s[tag=aj.labyria.bone.ribbon_right] run data modify entity @s {} merge value {transformation:[-0.7212748411933892f,0.34942629739169456f,-0.5980500532167707f,0.06549332836510802f,0.12495672057613927f,0.9149010468199031f,0.38385139378501953f,1.9092726236870006f,0.681284391017663f,0.20213197970379776f,-0.70355827145782f,0.31269841920121133f,0f,0f,0f,1f],start_interpolation:0}
execute if entity @s[tag=aj.labyria.bone.crown] run data modify entity @s {} merge value {transformation:[-0.6286258085313257f,0.49715764772932436f,-0.5980500532167707f,0.5125556244860405f,0.3198801200597851f,0.8662186884845163f,0.38385139378501953f,2.10319316197389f,0.7088767887573092f,0.04999456994924259f,-0.70355827145782f,0.06239635720359418f,0f,0f,0f,1f],start_interpolation:0}
execute if entity @s[tag=aj.labyria.bone.ear_edge_a1] run data modify entity @s {} merge value {transformation:[-0.6956993814983166f,0.3979177106265537f,-0.5980500532167707f,0.5155473225286772f,0.18721025935258384f,0.904218129812954f,0.38385139378501953f,2.1095351967990754f,0.6935089684899529f,0.15508407167496652f,-0.70355827145782f,0.039396611591908916f,0f,0f,0f,1f],start_interpolation:0}
execute if entity @s[tag=aj.labyria.bone.ear_edge_a2] run data modify entity @s {} merge value {transformation:[-0.7493822118570342f,0.2841873227286484f,-0.5980500532167707f,0.43209358791348573f,0.0434545109853714f,0.9223718409428598f,0.38385139378501953f,2.123835599250737f,0.660710228486953f,0.2616634338917132f,-0.70355827145782f,0.11813740974317037f,0f,0f,0f,1f],start_interpolation:0}
execute if entity @s[tag=aj.labyria.bone.ear_edge_b1] run data modify entity @s {} merge value {transformation:[-0.6583712216922246f,0.45703770992655046f,-0.5980500532167707f,0.41412742560530624f,0.26530567050517107f,0.8844608576342425f,0.38385139378501953f,2.1208218643741725f,0.7043864249439292f,0.09405064071017781f,-0.70355827145782f,0.13176504853387555f,0f,0f,0f,1f],start_interpolation:0}
execute if entity @s[tag=aj.labyria.bone.ear_edge_b2] run data modify entity @s {} merge value {transformation:[-0.7673806599691031f,0.23122079610796656f,-0.5980500532167707f,0.43878221851690935f,-0.020992749124424004f,0.9231562229511845f,0.38385139378501953f,2.1287818209450933f,0.6408480531214739f,0.30711485062383637f,-0.70355827145782f,0.11515041935128421f,0f,0f,0f,1f],start_interpolation:0}
execute if entity @s[tag=aj.labyria.bone.ear_right_2] run data modify entity @s {} merge value {transformation:[-0.7217620291043589f,0.3484188674434501f,-0.5980500532167707f,0.493161816265255f,0.12367915633869626f,0.9150746274357334f,0.38385139378501953f,2.234872755241503f,0.6810014975244234f,0.20308303482264933f,-0.70355827145782f,0.08239042026561536f,0f,0f,0f,1f],start_interpolation:0}
execute if entity @s[tag=aj.labyria.bone.ear_right_1] run data modify entity @s {} merge value {transformation:[-0.7217620291043589f,0.3484188674434501f,-0.5980500532167707f,0.4147675710904789f,0.12367915633869626f,0.9150746274357334f,0.38385139378501953f,2.028980964068463f,0.6810014975244234f,0.20308303482264933f,-0.70355827145782f,0.03669673743051932f,0f,0f,0f,1f],start_interpolation:0}
execute if entity @s[tag=aj.labyria.bone.ear_edge_a3] run data modify entity @s {} merge value {transformation:[-0.7670570669147785f,0.23229203590204056f,-0.5980500532167707f,0.23869407192082456f,-0.019703759831961466f,0.9231846344788144f,0.38385139378501953f,2.1518289601908003f,0.6412762415251182f,0.30621975886396163f,-0.70355827145782f,0.2978067940333348f,0f,0f,0f,1f],start_interpolation:0}
execute if entity @s[tag=aj.labyria.bone.ear_edge_a4] run data modify entity @s {} merge value {transformation:[-0.7212748411933892f,0.34942629739169456f,-0.5980500532167707f,0.3252954256786265f,0.12495672057613927f,0.914901046819903f,0.38385139378501953f,2.1466556268678336f,0.681284391017663f,0.20213197970379773f,-0.70355827145782f,0.22137000462767276f,0f,0f,0f,1f],start_interpolation:0}
execute if entity @s[tag=aj.labyria.bone.ear_edge_b3] run data modify entity @s {} merge value {transformation:[-0.7843837681177156f,0.1645546661777526f,-0.5980500532167707f,0.3398967569517135f,-0.10008962358829951f,0.9179543424044849f,0.38385139378501953f,2.1399124489565953f,0.6121471812917271f,0.3609454073677597f,-0.70355827145782f,0.205279361330683f,0f,0f,0f,1f],start_interpolation:0}
execute if entity @s[tag=aj.labyria.bone.ear_edge_b4] run data modify entity @s {} merge value {transformation:[-0.6951431055918783f,0.39888870201535753f,-0.5980500532167707f,0.3223969800484856f,0.1884726031360839f,0.9039558536545942f,0.38385139378501953f,2.152699705681373f,0.6937248306174338f,0.15411559962605106f,-0.70355827145782f,0.22713135205903248f,0f,0f,0f,1f],start_interpolation:0}
execute if entity @s[tag=aj.labyria.bone.ear_left_2] run data modify entity @s {} merge value {transformation:[-0.7489846811485573f,0.28523338032602663f,-0.5980500532167707f,0.2986263713654874f,0.04474234225268302f,0.9223102679137003f,0.38385139378501953f,2.2677399544930803f,0.6610749354003205f,0.260740653617242f,-0.70355827145782f,0.26568448224881447f,0f,0f,0f,1f],start_interpolation:0}
execute if entity @s[tag=aj.labyria.bone.ear_left_1] run data modify entity @s {} merge value {transformation:[-0.7489846811485573f,0.28523338032602663f,-0.5980500532167707f,0.23444886079213154f,0.04474234225268302f,0.9223102679137003f,0.38385139378501953f,2.060220144212498f,0.6610749354003205f,0.260740653617242f,-0.70355827145782f,0.20701783518493508f,0f,0f,0f,1f],start_interpolation:0}
execute if entity @s[tag=aj.labyria.bone.head] run data modify entity @s {} merge value {transformation:[-0.7212748411933892f,0.34942629739169456f,-0.5980500532167707f,0.16421630269108575f,0.12495672057613927f,0.9149010468199031f,0.38385139378501953f,1.5637184115894982f,0.681284391017663f,0.20213197970379776f,-0.70355827145782f,0.04025084269258769f,0f,0f,0f,1f],start_interpolation:0}
execute if entity @s[tag=aj.labyria.bone.back_musket] run data modify entity @s {} merge value {transformation:[-1.5482714341498687f,0.3726591984116266f,-0.3265537148153624f,-0.058270602199775756f,0.48997552018950613f,1.3109126313117057f,-0.8270965501726166f,1.5882967807205528f,0.07373056649403785f,-0.8861658058916653f,-1.3608565716701535f,0.14831304408881427f,0f,0f,0f,1f],start_interpolation:0}
execute if entity @s[tag=aj.labyria.bone.body_1] run data modify entity @s {} merge value {transformation:[0.02536457242311424f,0.38335242279295295f,-0.9232537887301442f,0.0204591441437284f,-0.11310316364711503f,0.9187213766545522f,0.3783631938375858f,1.2191978953440412f,0.9932594388370073f,0.09482590372223021f,0.06666134670448698f,0.004691128796751364f,0f,0f,0f,1f],start_interpolation:0}
execute if entity @s[tag=aj.labyria.bone.belt2] run data modify entity @s {} merge value {transformation:[-0.7514821157851559f,-0.2867538560624918f,-0.5941774614442703f,0.4436049474130212f,-0.018456250755725073f,0.9093899265740464f,-0.41553499040837993f,0.49134293752014846f,0.6594952588632517f,-0.30130082555303817f,-0.6886826671682325f,0.009491985846916379f,0f,0f,0f,1f],start_interpolation:0}
execute if entity @s[tag=aj.labyria.bone.leg_left_2] run data modify entity @s {} merge value {transformation:[-0.4360709344545302f,-0.27292132732143404f,-0.8575290602755451f,0.24695876955046192f,0.02849504236330183f,0.9482375207066129f,-0.3162809461300021f,0.5563874416380573f,0.8994610456738337f,-0.16235625462938702f,-0.40572191695550686f,-0.011470710123593797f,0f,0f,0f,1f],start_interpolation:0}
execute if entity @s[tag=aj.labyria.bone.leg_left_1] run data modify entity @s {} merge value {transformation:[-0.4360709344545302f,-0.4113598112704311f,-0.800390683226328f,0.08751500232254246f,0.02849504236330183f,0.882651946774497f,-0.4691626300291873f,0.8993794697783482f,0.8994610456738337f,-0.22739535291369906f,-0.3731771439793544f,-0.0996372464306245f,0f,0f,0f,1f],start_interpolation:0}
execute if entity @s[tag=aj.labyria.bone.belt] run data modify entity @s {} merge value {transformation:[-0.24174967938817432f,-0.9321008744245972f,-0.26971290738972153f,0.15010560566730968f,0.3384779940224196f,0.17949329861346516f,-0.9236962722212405f,1.0338711477873381f,0.9093897624661682f,-0.3145951615167644f,0.27210318680964996f,0.28498928720723193f,0f,0f,0f,1f],start_interpolation:0}
execute if entity @s[tag=aj.labyria.bone.leg_right_2] run data modify entity @s {} merge value {transformation:[-0.43477845666581955f,0.13895666308795984f,-0.8897520662537106f,0.2258065285863074f,-0.010710510912817628f,0.9871556026234739f,0.1594023248421177f,0.9720138292383937f,0.9004737522966866f,0.07883439599911196f,-0.42770569254123886f,0.2444557425510293f,0f,0f,0f,1f],start_interpolation:0}
execute if entity @s[tag=aj.labyria.bone.leg_right_1] run data modify entity @s {} merge value {transformation:[-0.43477845666581955f,-0.8704658665178227f,-0.23077449782561407f,-0.06831006271645723f,-0.010710510912817628f,0.2612432992594218f,-0.9652135636987487f,0.9471693010404931f,0.9004737522966866f,-0.41718235080049654f,-0.12290609262887264f,0.10215103360200582f,0f,0f,0f,1f],start_interpolation:0}
execute if entity @s[tag=aj.labyria.bone.skirt_forward_right] run data modify entity @s {} merge value {transformation:[-0.4988887314301349f,-0.30385552876933986f,-0.8116537755030379f,0.012822599184139704f,0.16043385347527533f,0.8879589971502211f,-0.4310334071032632f,1.1306673045773177f,0.8516871563614803f,-0.3452544525654643f,-0.39424402427001604f,0.0015172818289400291f,0f,0f,0f,1f],start_interpolation:0}
execute if entity @s[tag=aj.labyria.bone.skirt_forward_left] run data modify entity @s {} merge value {transformation:[-0.3667849032368795f,-0.4546284015206016f,-0.8116537755030379f,0.012822599184139704f,-0.14921501649684704f,0.8899129624928486f,-0.4310334071032632f,1.1306673045773177f,0.9182612447497491f,-0.036985615014818896f,-0.39424402427001604f,0.0015172818289400291f,0f,0f,0f,1f],start_interpolation:0}
execute if entity @s[tag=aj.labyria.bone.skirt_forward] run data modify entity @s {} merge value {transformation:[-0.4393527344046204f,-0.3849510663485003f,-0.8116537755030379f,0.012822599184139704f,0.005693862566587374f,0.9023180048575032f,-0.4310334071032632f,1.1306673045773177f,0.8982965850431893f,-0.19399715107992468f,-0.39424402427001604f,0.0015172818289400291f,0f,0f,0f,1f],start_interpolation:0}
execute if entity @s[tag=aj.labyria.bone.skirt_back_right] run data modify entity @s {} merge value {transformation:[-0.42219756500917643f,0.1364724929166995f,-0.8961721234101314f,0.012822599184139704f,0.17681494775511442f,0.9820122652632853f,0.06624488752218481f,1.1306673045773177f,0.8890926219189306f,-0.13048819697417915f,-0.438733563908381f,0.0015172818289400291f,0f,0f,0f,1f],start_interpolation:0}
execute if entity @s[tag=aj.labyria.bone.skirt_back_left] run data modify entity @s {} merge value {transformation:[-0.443476069657838f,-0.014300379834562255f,-0.8961721234101314f,0.012822599184139704f,-0.16559611077668612f,0.9839662306059128f,0.06624488752218481f,1.1306673045773177f,0.8808557791922988f,0.17778064057646623f,-0.438733563908381f,0.0015172818289400291f,0f,0f,0f,1f],start_interpolation:0}
execute if entity @s[tag=aj.labyria.bone.skirt_back] run data modify entity @s {} merge value {transformation:[-0.4393527344046204f,0.06200564485399221f,-0.8961721234101314f,0.012822599184139704f,0.005693862566587374f,0.997787149048456f,0.06624488752218481f,1.1306673045773177f,0.8982965850431893f,0.024002191566494357f,-0.438733563908381f,0.0015172818289400291f,0f,0f,0f,1f],start_interpolation:0}
execute if entity @s[tag=aj.labyria.bone.skirt_right] run data modify entity @s {} merge value {transformation:[-0.4475421219316972f,-0.044824422733375106f,-0.893138746345434f,-0.05382025392353637f,0.1840902010880107f,0.9727340563288216f,-0.14106471394878484f,1.1804273187888004f,0.8751096199678355f,-0.2275504928245518f,-0.4270877266499869f,0.18429316711018207f,0f,0f,0f,1f],start_interpolation:0}
execute if entity @s[tag=aj.labyria.bone.skirt_left] run data modify entity @s {} merge value {transformation:[-0.4169151574649419f,-0.20041050034185834f,-0.8865762137733613f,0.09838722612619091f,-0.17288712766173384f,0.9750679541712776f,-0.13911335607020145f,1.192294777873701f,0.8923518322751728f,0.09527914830100714f,-0.4411690054096918f,-0.1727100815540004f,0f,0f,0f,1f],start_interpolation:0}
execute if entity @s[tag=aj.labyria.bone.coat_downer] run data modify entity @s {} merge value {transformation:[-0.4393527344046204f,-0.1239971355395339f,-0.8897156203805648f,0.022811275511154295f,0.005693862566587374f,0.9900233310557947f,-0.14078843664968063f,1.0142427403070329f,0.8982965850431893f,-0.06692170308038183f,-0.43426343497532155f,0.007140655901372365f,0f,0f,0f,1f],start_interpolation:0}
execute if entity @s[tag=aj.labyria.bone.body_2] run data modify entity @s {} merge value {transformation:[-0.4393527344046204f,-0.08538242399414107f,-0.8942477377349455f,0.0032000000000000123f,0.005693862566587374f,0.9951880694115578f,-0.0978176181982018f,1.242825f,0.8982965850431893f,-0.04806816174747157f,-0.4367524437549984f,-0.003900000000000013f,0f,0f,0f,1f],start_interpolation:0}
execute if entity @s[tag=aj.labyria.bone.sphere] run data modify entity @s {} merge value {transformation:[-0.4371157666509331f,0f,-0.8994052515663711f,-0.7822272465759028f,0f,1f,0f,2.369025f,0.8994052515663711f,0f,-0.4371157666509331f,-0.3777590982391576f,0f,0f,0f,1f],start_interpolation:0}