execute if entity @s[tag=aj.labyria.bone.wing_right_1] run data modify entity @s {} merge value {transformation:[-0.619175278933998f,-0.10920089342504913f,-0.5211924627972099f,0.04796040769168468f,-0.06899971483636501f,0.8090246398486243f,-0.0875363690973545f,1.8209993815736132f,0.528020319451771f,-0.02233251972839224f,-0.6226076174068828f,-0.3352366871706857f,0f,0f,0f,1f],start_interpolation:0}
execute if entity @s[tag=aj.labyria.bone.wing_right_2] run data modify entity @s {} merge value {transformation:[-0.6013055411826808f,0.13328292304724085f,-0.5105558819237974f,0.04796040769168468f,0.2408354956004269f,0.7580535710294711f,-0.0857499125851636f,1.8209993815736132f,0.4694996381275497f,-0.2181523455602753f,-0.6099013395006199f,-0.3352366871706857f,0f,0f,0f,1f],start_interpolation:0}
execute if entity @s[tag=aj.labyria.bone.wing_left_1] run data modify entity @s {} merge value {transformation:[-0.6193149328135655f,0.10917834624938622f,0.5210312343313233f,-0.048048253062654006f,0.06898693527848626f,0.8090268932294798f,-0.08752561474666712f,1.8209983908930043f,-0.5278581828478699f,-0.022361108786220454f,-0.622744059834247f,-0.3352241182233883f,0f,0f,0f,1f],start_interpolation:0}
execute if entity @s[tag=aj.labyria.bone.wing_left_2] run data modify entity @s {} merge value {transformation:[-0.6014234790736803f,-0.13335568134936673f,0.5103979438347657f,-0.048048253062654006f,-0.24084790615077362f,0.7580508196766989f,-0.08573937771102086f,1.8209983908930043f,-0.4693421831901525f,-0.21811743864104755f,-0.6100349973886501f,-0.3352241182233883f,0f,0f,0f,1f],start_interpolation:0}
execute if entity @s[tag=aj.labyria.bone.musket] run data modify entity @s {} merge value {transformation:[-0.000016020501563475288f,0.0000026616750149641044f,-7.243478666370633e-7f,-0.588309803760848f,0.000002259506604851423f,0.000015110783777941093f,0.000005551982310980937f,1.5253932152790333f,0.00000158234750286359f,0.000005370788004895394f,-0.000015261601378923288f,-0.18586185065542854f,0f,0f,0f,1f],start_interpolation:0}
execute if entity @s[tag=aj.labyria.bone.omega_blade] run data modify entity @s {} merge value {transformation:[-1.7680100695706988f,0.29374038070755915f,-0.07993846615926876f,-0.588309803760848f,0.24935738833211848f,1.6676143235998648f,0.6127124418046835f,1.5253932152790333f,0.17462663747064355f,0.5927159793694201f,-1.6842584365290716f,-0.18586185065542854f,0f,0f,0f,1f],start_interpolation:0}
execute if entity @s[tag=aj.labyria.bone.arm_right_2] run data modify entity @s {} merge value {transformation:[-0.46081480564008975f,-0.8872711696776491f,0.019989656368799347f,-0.4532269593919235f,-0.8838596380226298f,0.4567731694874494f,-0.1007492526567606f,1.7652242242360474f,0.08026116855237148f,-0.06409479772373311f,-0.994711014178169f,-0.17602085265762674f,0f,0f,0f,1f],start_interpolation:0}
execute if entity @s[tag=aj.labyria.bone.arm_right_1] run data modify entity @s {} merge value {transformation:[-0.40919650873966795f,-0.8872711696776491f,0.2128569676898626f,-0.29844698920585727f,-0.8436332542681213f,0.4567731694874494f,0.2822077318738262f,2.083352164081018f,-0.3476221361309523f,-0.06409479772373311f,-0.9354414505336545f,-0.051509933218649794f,0f,0f,0f,1f],start_interpolation:0}
execute if entity @s[tag=aj.labyria.bone.arm_left_2] run data modify entity @s {} merge value {transformation:[-0.21976356531473273f,-0.9743439030368088f,0.04855856232586252f,0.3705371810406367f,-0.9721214198827689f,0.22289041935033105f,0.07279976625610173f,2.4023416393654777f,-0.08175524671399817f,-0.031206082369163318f,-0.9961637717051862f,-0.02474438932636637f,0f,0f,0f,1f],start_interpolation:0}
execute if entity @s[tag=aj.labyria.bone.arm_left_1] run data modify entity @s {} merge value {transformation:[-0.21976112951566276f,-0.9743439030368088f,0.04856958481393029f,0.2984280054575627f,-0.9721177672858538f,0.22289041935033105f,0.0728485242746921f,2.0833649376829437f,-0.08180521059912357f,-0.031206082369163318f,-0.9961596699033756f,-0.05158900278077355f,0f,0f,0f,1f],start_interpolation:0}
execute if entity @s[tag=aj.labyria.bone.himo_right_2] run data modify entity @s {} merge value {transformation:[-0.9999943201222561f,-0.003329948541121523f,0.00052073595993776f,-0.1559294420549411f,-0.003268676187924428f,0.9204873557808093f,-0.390758676939658f,1.7759098588434659f,0.000821875419382701f,-0.39075815959537824f,-0.9204930120486673f,0.22462762878479364f,0f,0f,0f,1f],start_interpolation:0}
execute if entity @s[tag=aj.labyria.bone.himo_right_1] run data modify entity @s {} merge value {transformation:[-0.9999987130005655f,-0.0016022898799672274f,0.00008163548825154226f,-0.15622936118563338f,-0.001565820699274138f,0.9636209726580385f,-0.26726797275227987f,1.9549183663871463f,0.00034957509938796983f,-0.2672677566050875f,-0.9636222413770521f,0.16849228541273317f,0f,0f,0f,1f],start_interpolation:0}
execute if entity @s[tag=aj.labyria.bone.himo_left_2] run data modify entity @s {} merge value {transformation:[-0.9999943201222561f,-0.003329948541121523f,0.00052073595993776f,0.15657055525050587f,-0.003268676187924428f,0.9204873557808093f,-0.390758676939658f,1.7759130834243022f,0.000821875419382701f,-0.39075815959537824f,-0.9204930120486673f,0.22458671793398383f,0f,0f,0f,1f],start_interpolation:0}
execute if entity @s[tag=aj.labyria.bone.himo_left_1] run data modify entity @s {} merge value {transformation:[-0.9999987130005655f,-0.0016022898799672274f,0.00008163548825154226f,0.1562706361198136f,-0.001565820699274138f,0.9636209726580385f,-0.26726797275227987f,1.9549215909679827f,0.00034957509938796983f,-0.2672677566050875f,-0.9636222413770521f,0.16845137456192336f,0f,0f,0f,1f],start_interpolation:0}
execute if entity @s[tag=aj.labyria.bone.ribbon_left_himo_1] run data modify entity @s {} merge value {transformation:[-0.9999997112240931f,0.0007556385202546897f,-0.00008100714068367339f,0.3004355177894615f,0.0007499429073670458f,0.9639291570586519f,-0.2661578812619166f,2.351948936894434f,-0.0001230340027159332f,-0.26615786515266376f,-0.9639294453848843f,-0.05314288090268347f,0f,0f,0f,1f],start_interpolation:0}
execute if entity @s[tag=aj.labyria.bone.ribbon_left_himo_2] run data modify entity @s {} merge value {transformation:[-0.9999997112240931f,0.0007556385202546897f,-0.00008100714068367339f,0.3004246408043157f,0.0007499429073670458f,0.9639291570586519f,-0.2661578812619166f,2.31644904567656f,-0.0001230340027159332f,-0.26615786515266376f,-0.9639294453848843f,-0.18112302686861165f,0f,0f,0f,1f],start_interpolation:0}
execute if entity @s[tag=aj.labyria.bone.ribbon_left] run data modify entity @s {} merge value {transformation:[-0.9999997112240931f,0.0007555425616072458f,-0.00008189729992132019f,0.29997960969991727f,0.0007499429073670458f,0.9636149283396248f,-0.26729329858164286f,2.4372260865340882f,-0.0001230340027159332f,-0.2672932828120775f,-0.9636152166846356f,-0.14571118175422004f,0f,0f,0f,1f],start_interpolation:0}
execute if entity @s[tag=aj.labyria.bone.ribbon_right_himo_1] run data modify entity @s {} merge value {transformation:[-0.9999996643271455f,-0.000815349514939349f,-0.00008093679529278901f,-0.3004590349826259f,-0.0007637001852577785f,0.9632993514020164f,-0.2684283449088071f,2.3519448035564707f,0.00029682928322746966f,-0.2684281929932529f,-0.9632996507311491f,-0.053090664567701853f,0f,0f,0f,1f],start_interpolation:0}
execute if entity @s[tag=aj.labyria.bone.ribbon_right_himo_2] run data modify entity @s {} merge value {transformation:[-0.9999996643271455f,-0.000815349514939349f,-0.00008093679529278901f,-0.3004699119677717f,-0.0007637001852577785f,0.9632993514020164f,-0.2684283449088071f,2.3164449123385964f,0.00029682928322746966f,-0.2684281929932529f,-0.9632996507311491f,-0.18107081053363f,0f,0f,0f,1f],start_interpolation:0}
execute if entity @s[tag=aj.labyria.bone.ribbon_right] run data modify entity @s {} merge value {transformation:[-0.9999996643271455f,-0.0008152535977287655f,-0.00008189729992132019f,-0.3000203880205266f,-0.0007637001852577785f,0.9636149175346819f,-0.26729329858164286f,2.437221959349448f,0.00029682928322746966f,-0.26729314631355533f,-0.9636152166846356f,-0.14565904315398576f,0f,0f,0f,1f],start_interpolation:0}
execute if entity @s[tag=aj.labyria.bone.crown] run data modify entity @s {} merge value {transformation:[-0.9763024653295268f,0.21641046528372931f,-0.00008189729992132019f,0.16872253947719668f,0.20855779064223742f,0.9407751806333824f,-0.26729329858164286f,2.7144157635240083f,-0.05776802016614927f,-0.2609761866912505f,-0.9636152166846356f,-0.2051263066966757f,0f,0f,0f,1f],start_interpolation:0}
execute if entity @s[tag=aj.labyria.bone.ear_edge_a1] run data modify entity @s {} merge value {transformation:[-0.9975664470682084f,0.06972214122216772f,-0.00008189692900990845f,0.18590809790511612f,0.06720695389484635f,0.9612658144100442f,-0.2673036838406276f,2.712003470453983f,-0.018558260475779527f,-0.2666586902202707f,-0.9636123358997243f,-0.22192208905834654f,0f,0f,0f,1f],start_interpolation:0}
execute if entity @s[tag=aj.labyria.bone.ear_edge_a2] run data modify entity @s {} merge value {transformation:[-0.9961916946017353f,-0.08719002752273632f,-0.00008189692900990845f,0.07028309836134775f,-0.08399557866984243f,0.959944520985014f,-0.2673036838406276f,2.7120021670814554f,0.023384832059281695f,-0.266278830798538f,-0.9636123358997243f,-0.22191190059531868f,0f,0f,0f,1f],start_interpolation:0}
execute if entity @s[tag=aj.labyria.bone.ear_edge_b1] run data modify entity @s {} merge value {transformation:[-0.9876937208461635f,0.15640047024890905f,-0.00008189615862504285f,0.04840831374751965f,0.15073011114804033f,0.9517445259284162f,-0.2673252531254648f,2.705980746659175f,-0.0417318510775654f,-0.26404781815272504f,-0.9636063523734294f,-0.22023688326523377f,0f,0f,0f,1f],start_interpolation:0}
execute if entity @s[tag=aj.labyria.bone.ear_edge_b2] run data modify entity @s {} merge value {transformation:[-0.9876829525496963f,-0.15646845859703853f,-0.00008189615862504285f,0.0765328834125979f,-0.15075237840597186f,0.9517409991412312f,-0.2673252531254648f,2.7180261431430814f,0.04190591423244028f,-0.2640202492573591f,-0.9636063523734294f,-0.22358092717936787f,0f,0f,0f,1f],start_interpolation:0}
execute if entity @s[tag=aj.labyria.bone.ear_right_2] run data modify entity @s {} merge value {transformation:[-0.999999996054213f,-0.000034417915720528274f,-0.00008189615862504285f,0.12496405950698487f,-0.000011272411051300175f,0.9636063557876416f,-0.2673252531254648f,2.815067220154594f,0.00008811643699772531f,-0.26732525114748923f,-0.9636063523734294f,-0.28293659317521125f,0f,0f,0f,1f],start_interpolation:0}
execute if entity @s[tag=aj.labyria.bone.ear_right_1] run data modify entity @s {} merge value {transformation:[-0.999999996054213f,-0.00003441608256076777f,-0.00008189692900990845f,0.12497180312556104f,-0.000011272411051300175f,0.9636123393139808f,-0.2673036838406276f,2.5982544438089485f,0.00008811643699772531f,-0.26730368186272846f,-0.9636123358997243f,-0.22279326475609745f,0f,0f,0f,1f],start_interpolation:0}
execute if entity @s[tag=aj.labyria.bone.ear_edge_a3] run data modify entity @s {} merge value {transformation:[-0.9876836664092158f,-0.1564639524020815f,-0.00008189729992132019f,-0.19526700460312726f,-0.15074942542085226f,0.9517504416960506f,-0.26729329858164286f,2.7064816983388624f,0.04189971173804738f,-0.2639888791788237f,-0.9636152166846356f,-0.22035680796992813f,0f,0f,0f,1f],start_interpolation:0}
execute if entity @s[tag=aj.labyria.bone.ear_edge_a4] run data modify entity @s {} merge value {transformation:[-0.9999999962007398f,-0.000029855527268959903f,-0.00008189729992132019f,-0.08008229393946267f,-0.000006878641066909719f,0.9636152201402948f,-0.26729329858164286f,2.716193210057304f,0.00008689766705719318f,-0.26729329700278404f,-0.9636152166846356f,-0.22306043414054388f,0f,0f,0f,1f],start_interpolation:0}
execute if entity @s[tag=aj.labyria.bone.ear_edge_b3] run data modify entity @s {} merge value {transformation:[-0.9702884998838395f,-0.24195086337105828f,-0.00008189729992132019f,-0.05774568264492194f,-0.23312629500106105f,0.9349900657827456f,-0.26729329858164286f,2.7120308494989223f,0.06474841752696744f,-0.2593325212956843f,-0.9636152166846356f,-0.22190775228564003f,0f,0f,0f,1f],start_interpolation:0}
execute if entity @s[tag=aj.labyria.bone.ear_edge_b4] run data modify entity @s {} merge value {transformation:[-0.9975661290861229f,0.06972669067839724f,-0.00008189729992132019f,-0.0868534037929676f,0.06721153791811299f,0.9612683817249098f,-0.26729329858164286f,2.7216679370641237f,-0.018558751865647687f,-0.26664824564022993f,-0.9636152166846356f,-0.22457847088336857f,0f,0f,0f,1f],start_interpolation:0}
execute if entity @s[tag=aj.labyria.bone.ear_left_2] run data modify entity @s {} merge value {transformation:[-0.9961920922262884f,-0.0871854843345049f,-0.00008189729992132019f,-0.14464492989988745f,-0.08399145270003648f,0.9599477737912007f,-0.26729329858164286f,2.8142409732517017f,0.023382712826946955f,-0.2662685916789203f,-0.9636152166846356f,-0.2826819734670901f,0f,0f,0f,1f],start_interpolation:0}
execute if entity @s[tag=aj.labyria.bone.ear_left_1] run data modify entity @s {} merge value {transformation:[-0.9961920922262884f,-0.0871854843345049f,-0.00008189729992132019f,-0.12502819592462389f,-0.08399145270003648f,0.9599477737912007f,-0.26729329858164286f,2.598252724148682f,0.023382712826946955f,-0.2662685916789203f,-0.9636152166846356f,-0.22277154033933316f,0f,0f,0f,1f],start_interpolation:0}
execute if entity @s[tag=aj.labyria.bone.head] run data modify entity @s {} merge value {transformation:[-0.9999999962007398f,-0.00002985552726895444f,-0.00008189729992132019f,-0.000010336151183549777f,-0.0000068786410669120616f,0.9636152201402949f,-0.26729329858164286f,2.11275369923759f,0.00008689766705719176f,-0.26729329700278404f,-0.9636152166846356f,-0.05568161231239356f,0f,0f,0f,1f],start_interpolation:0}
execute if entity @s[tag=aj.labyria.bone.back_musket] run data modify entity @s {} merge value {transformation:[0.02125166420516965f,1.018960733062575f,1.266461223989937f,-0.09894791846849255f,-0.36053822108261985f,1.2379758638461644f,-0.9899922183017013f,2.0299089615797072f,-1.5849975389672033f,-0.26793922004052007f,0.2421735255080274f,-0.26811998618881566f,0f,0f,0f,1f],start_interpolation:0}
execute if entity @s[tag=aj.labyria.bone.body_1] run data modify entity @s {} merge value {transformation:[-0.9999999913774302f,-0.000028442005158594783f,-0.00012820371153211206f,3.296007509232666e-7f,-0.000010318658675950391f,0.9902637703367845f,-0.13920368189060725f,1.741404785361296f,0.00013091472259138683f,-0.13920367936742353f,-0.9902637620916496f,-0.0034802325496097347f,0f,0f,0f,1f],start_interpolation:0}
execute if entity @s[tag=aj.labyria.bone.belt2] run data modify entity @s {} merge value {transformation:[-0.9084837247486275f,-0.04972311954976661f,0.4149517239982257f,0.2720655367015262f,-0.09241548752999741f,0.9922186619078104f,-0.08343563163581134f,0.9523245699401657f,-0.40757416445532085f,-0.11414787927996525f,-0.9060096920698109f,0.19592794979720507f,0f,0f,0f,1f],start_interpolation:0}
execute if entity @s[tag=aj.labyria.bone.leg_left_2] run data modify entity @s {} merge value {transformation:[-0.9846032426946663f,-0.1721683131167968f,0.030241138101347736f,0.18866370476764058f,-0.1731188489085928f,0.9843723970879097f,-0.03226217605751569f,1.0522658242928844f,-0.02421401717419061f,-0.03700075418040727f,-0.9990218343771917f,0.03346004061287703f,0f,0f,0f,1f],start_interpolation:0}
execute if entity @s[tag=aj.labyria.bone.leg_left_1] run data modify entity @s {} merge value {transformation:[-0.9846032426946663f,-0.16430655297511587f,0.059664152760125655f,0.12499432755782494f,-0.1731188489085928f,0.9638329000333706f,-0.20262281452449088f,1.425755178164208f,-0.02421401717419061f,-0.20983206967167303f,-0.9774375601078517f,-0.04785532917970559f,0f,0f,0f,1f],start_interpolation:0}
execute if entity @s[tag=aj.labyria.bone.belt] run data modify entity @s {} merge value {transformation:[-0.8713304256364278f,-0.0002489625989396775f,-0.4906966755317037f,-0.20559690799107047f,0.30668138447332804f,0.780355003586879f,-0.5449702714776694f,1.3831507928636861f,0.3830532832097442f,-0.6253367144143598f,-0.6798707052283466f,0.18234720982312827f,0f,0f,0f,1f],start_interpolation:0}
execute if entity @s[tag=aj.labyria.bone.leg_right_2] run data modify entity @s {} merge value {transformation:[-0.9845986338659594f,0.170708563141607f,0.037737470230721396f,-0.162557452282864f,0.17311301693512254f,0.9217688693787163f,0.34694961422647946f,1.236267585953911f,0.024442044859352145f,0.34813896351085283f,-0.9371242439125576f,0.14364277132168174f,0f,0f,0f,1f],start_interpolation:0}
execute if entity @s[tag=aj.labyria.bone.leg_right_1] run data modify entity @s {} merge value {transformation:[-0.9845986338659594f,0.1288226523263264f,-0.11819583087781498f,-0.1250102651800516f,0.17311301693512254f,0.8128882978092257f,-0.5560975621709192f,1.4823267709630108f,0.024442044859352145f,-0.5679941368820896f,-0.8226695855023836f,-0.0865809586061784f,0f,0f,0f,1f],start_interpolation:0}
execute if entity @s[tag=aj.labyria.bone.skirt_forward_right] run data modify entity @s {} merge value {transformation:[-0.9847184907954952f,0.17415361162360574f,-0.00011594781872225246f,-0.0000018562176430713833f,0.17035258597100145f,0.9630875465923495f,-0.20842834272651453f,1.6547555238987692f,-0.03618688075027925f,-0.20526299509941662f,-0.9780376334806252f,-0.015657480501667275f,0f,0f,0f,1f],start_interpolation:0}
execute if entity @s[tag=aj.labyria.bone.skirt_forward_left] run data modify entity @s {} merge value {transformation:[-0.9847098830989885f,-0.1742022751954739f,-0.00011594781872225246f,-0.0000018562176430713833f,-0.17035258597100145f,0.9630875465923495f,-0.20842834272651453f,1.6547555238987692f,0.036420359418446784f,-0.20522169698998502f,-0.9780376334806252f,-0.015657480501667275f,0f,0f,0f,1f],start_interpolation:0}
execute if entity @s[tag=aj.labyria.bone.skirt_forward] run data modify entity @s {} merge value {transformation:[-0.9999999929727722f,-0.000024709490414191167f,-0.00011594781872225246f,-0.0000018562176430713833f,0f,0.9780376403535185f,-0.20842834272651453f,1.6547555238987692f,0.0001185514891638959f,-0.20842834126184107f,-0.9780376334806252f,-0.015657480501667275f,0f,0f,0f,1f],start_interpolation:0}
execute if entity @s[tag=aj.labyria.bone.skirt_back_right] run data modify entity @s {} merge value {transformation:[-0.9847079712220983f,0.1742130839825153f,-0.00011305291006812287f,-0.0000018562176430713833f,0.1660993349757228f,0.9390418120193406f,0.3010174184329802f,1.6547555238987692f,0.05254733420718916f,0.296395473394474f,-0.9536186349998534f,-0.015657480501667275f,0f,0f,0f,1f],start_interpolation:0}
execute if entity @s[tag=aj.labyria.bone.skirt_back_left] run data modify entity @s {} merge value {transformation:[-0.9847204026723855f,-0.17414280283656433f,-0.00011305291006812287f,-0.0000018562176430713833f,-0.1660993349757228f,0.9390418120193406f,0.3010174184329802f,1.6547555238987692f,-0.05231385553902163f,0.2964367715039056f,-0.9536186349998534f,-0.015657480501667275f,0f,0f,0f,1f],start_interpolation:0}
execute if entity @s[tag=aj.labyria.bone.skirt_back] run data modify entity @s {} merge value {transformation:[-0.9999999929727722f,0.00003568606321950137f,-0.00011305291006812287f,-0.0000018562176430713833f,0f,0.9536186417011487f,0.3010174184329802f,1.6547555238987692f,0.0001185514891638959f,0.3010174163176622f,-0.9536186349998534f,-0.015657480501667275f,0f,0f,0f,1f],start_interpolation:0}
execute if entity @s[tag=aj.labyria.bone.skirt_right] run data modify entity @s {} merge value {transformation:[-0.9830657289240071f,0.18307376384278704f,-0.00810984633306684f,-0.19374814536304244f,0.18145372629031994f,0.9786449968665216f,0.09658423951910236f,1.6977524739486798f,0.0256187007958675f,0.0934770939886404f,-0.9952917738376875f,0.015655631852455058f,0f,0f,0f,1f],start_interpolation:0}
execute if entity @s[tag=aj.labyria.bone.skirt_left] run data modify entity @s {} merge value {transformation:[-0.9831206250407678f,-0.18278954833293007f,0.007862419455458057f,0.1937499099246227f,-0.18119398357189012f,0.9786933291779969f,0.09658212950560999f,1.715930433506296f,-0.02534910130161911f,0.0935272604256761f,-0.9952939639224524f,-0.0007712842977700696f,0f,0f,0f,1f],start_interpolation:0}
execute if entity @s[tag=aj.labyria.bone.coat_downer] run data modify entity @s {} merge value {transformation:[-0.9999999929727722f,0.000012392322649981598f,-0.0001179020183131573f,-0.0000037897276845860176f,0f,0.9945216137281859f,0.10453114285936445f,1.5387099984652697f,0.0001185514891638959f,0.10453114212480027f,-0.9945216067394561f,-0.03196693423829952f,0f,0f,0f,1f],start_interpolation:0}
execute if entity @s[tag=aj.labyria.bone.body_2] run data modify entity @s {} merge value {transformation:[-0.9999999929727722f,0.000016499494681190822f,-0.00011739770976574748f,0f,0f,0.9902676937566484f,0.13917576909034424f,1.766162109375f,0.0001185514891638959f,0.1391757681123244f,-0.9902676867978117f,0f,0f,0f,0f,1f],start_interpolation:0}
execute if entity @s[tag=aj.labyria.bone.sphere] run data modify entity @s {} merge value {transformation:[-0.9999999957849821f,0f,-0.00009181522683360362f,0.4531261144599515f,0f,1f,0f,3.1241971093750003f,0.00009181522683360362f,0f,-0.9999999957849821f,0.009373781290223563f,0f,0f,0f,1f],start_interpolation:0}