execute if entity @s[tag=aj.labyria.bone.wing_right_1] run data modify entity @s {} merge value {transformation:[-0.7047781168942613f,-0.12427139742136264f,-0.3934321671830674f,0.037369331995613694f,-0.08650924660392306f,0.805940801495362f,-0.09959929307720826f,1.653171777405496f,0.403420872840567f,-0.044277406342284026f,-0.7086857943324388f,-0.35070913830554734f,0f,0f,0f,1f],start_interpolation:0}
execute if entity @s[tag=aj.labyria.bone.wing_right_2] run data modify entity @s {} merge value {transformation:[-0.6844277701914793f,0.15173398361605958f,-0.38540293928137215f,0.037369331995613694f,0.22383288478920546f,0.7618264813116873f,-0.09756665444297953f,1.653171777405496f,0.348507484966481f,-0.19130397431379947f,-0.6942228189378993f,-0.35070913830554734f,0f,0f,0f,1f],start_interpolation:0}
execute if entity @s[tag=aj.labyria.bone.wing_left_1] run data modify entity @s {} merge value {transformation:[-0.7047781168942613f,0.12427139742136267f,0.3934321671830676f,-0.0373693319956136f,0.08650924660392306f,0.805940801495362f,-0.09959929307720826f,1.653171777405496f,-0.4034208728405672f,-0.044277406342283984f,-0.7086857943324388f,-0.3507091383055474f,0f,0f,0f,1f],start_interpolation:0}
execute if entity @s[tag=aj.labyria.bone.wing_left_2] run data modify entity @s {} merge value {transformation:[-0.6844277701914793f,-0.15173398361605958f,0.38540293928137237f,-0.0373693319956136f,-0.22383288478920546f,0.7618264813116873f,-0.09756665444297953f,1.653171777405496f,-0.3485074849664812f,-0.19130397431379953f,-0.6942228189378993f,-0.3507091383055474f,0f,0f,0f,1f],start_interpolation:0}
execute if entity @s[tag=aj.labyria.bone.musket] run data modify entity @s {} merge value {transformation:[-0.000016108520474123942f,0.0000018610691280034867f,-0.0000011478910653986064f,-0.5579472800311533f,0.0000013683121465734077f,0.000015236086948914385f,0.000005500458200655695f,1.3445058766807136f,0.000001705565614911743f,0.000005353852841497715f,-0.000015254277096844597f,-0.18381162544174173f,0f,0f,0f,1f],start_interpolation:0}
execute if entity @s[tag=aj.labyria.bone.omega_blade] run data modify entity @s {} merge value {transformation:[-1.7777237679666504f,0.2053861388446785f,-0.12668036355502987f,-0.5579472800311533f,0.15100586232413152f,1.681442683913814f,0.6070262811361323f,1.3445058766807136f,0.18822489230626605f,0.5908470279325196f,-1.6834501344658563f,-0.18381162544174173f,0f,0f,0f,1f],start_interpolation:0}
execute if entity @s[tag=aj.labyria.bone.arm_right_2] run data modify entity @s {} merge value {transformation:[-0.41048691406085236f,-0.9116903457277409f,0.017922245719502156f,-0.4362932214899763f,-0.9080292008220782f,0.40687934260780934f,-0.09966027801212879f,1.5914592521586066f,0.08356712175979386f,-0.05718316243326194f,-0.9948601017705528f,-0.1749471912784918f,0f,0f,0f,1f],start_interpolation:0}
execute if entity @s[tag=aj.labyria.bone.arm_right_1] run data modify entity @s {} merge value {transformation:[-0.3644532183575289f,-0.9116903457277409f,0.18972233694447038f,-0.2984375f,-0.8650721890197962f,0.40687934260780934f,0.2934268364405934f,1.917695240768784f,-0.3447085136943054f,-0.05718316243326194f,-0.9369664489835237f,-0.051537538949274264f,0f,0f,0f,1f],start_interpolation:0}
execute if entity @s[tag=aj.labyria.bone.arm_left_2] run data modify entity @s {} merge value {transformation:[-0.2410781028126553f,-0.9690329728295075f,0.0534457286736517f,0.37754125248540255f,-0.9669785740857538f,0.2445282430196837f,0.07182183250787225f,2.234985085390672f,-0.0826667139986412f,-0.03436620338229569f,-0.9959845272200536f,-0.024412523418470052f,0f,0f,0f,1f],start_interpolation:0}
execute if entity @s[tag=aj.labyria.bone.arm_left_1] run data modify entity @s {} merge value {transformation:[-0.2410781028126553f,-0.9690329728295075f,0.0534457286736517f,0.2984375f,-0.9669785740857538f,0.2445282430196837f,0.07182183250787225f,1.917695240768784f,-0.0826667139986412f,-0.03436620338229569f,-0.9959845272200536f,-0.051537538949274195f,0f,0f,0f,1f],start_interpolation:0}
execute if entity @s[tag=aj.labyria.bone.himo_right_2] run data modify entity @s {} merge value {transformation:[-1f,4.785076258316222e-17f,1.1272933223801346e-16f,-0.15625000000000003f,0f,0.9205048534524403f,-0.3907311284892737f,1.6102427112363904f,-1.2246467991473532e-16f,-0.3907311284892737f,-0.9205048534524403f,0.2246092156415272f,0f,0f,0f,1f],start_interpolation:0}
execute if entity @s[tag=aj.labyria.bone.himo_right_1] run data modify entity @s {} merge value {transformation:[-1f,3.272726218735738e-17f,1.1801069500828535e-16f,-0.15625000000000003f,0f,0.963630453208623f,-0.26723837607825685f,1.789253181362518f,-1.2246467991473532e-16f,-0.26723837607825685f,-0.963630453208623f,0.16847932979430016f,0f,0f,0f,1f],start_interpolation:0}
execute if entity @s[tag=aj.labyria.bone.himo_left_2] run data modify entity @s {} merge value {transformation:[-1f,4.785076258316222e-17f,1.1272933223801346e-16f,0.15624999999999997f,0f,0.9205048534524403f,-0.3907311284892737f,1.6102427112363904f,-1.2246467991473532e-16f,-0.3907311284892737f,-0.9205048534524403f,0.22460921564152725f,0f,0f,0f,1f],start_interpolation:0}
execute if entity @s[tag=aj.labyria.bone.himo_left_1] run data modify entity @s {} merge value {transformation:[-1f,3.272726218735738e-17f,1.1801069500828535e-16f,0.15624999999999997f,0f,0.963630453208623f,-0.26723837607825685f,1.789253181362518f,-1.2246467991473532e-16f,-0.26723837607825685f,-0.963630453208623f,0.16847932979430022f,0f,0f,0f,1f],start_interpolation:0}
execute if entity @s[tag=aj.labyria.bone.ribbon_left_himo_1] run data modify entity @s {} merge value {transformation:[-1f,3.272726218735738e-17f,1.1801069500828535e-16f,0.30053125f,0f,0.963630453208623f,-0.26723837607825685f,2.186287218770604f,-1.2246467991473532e-16f,-0.26723837607825685f,-0.963630453208623f,-0.05309087061530485f,0f,0f,0f,1f],start_interpolation:0}
execute if entity @s[tag=aj.labyria.bone.ribbon_left_himo_2] run data modify entity @s {} merge value {transformation:[-1f,3.272726218735738e-17f,1.1801069500828535e-16f,0.30053125f,0f,0.963630453208623f,-0.26723837607825685f,2.15079462194771f,-1.2246467991473532e-16f,-0.26723837607825685f,-0.963630453208623f,-0.1810730401820751f,0f,0f,0f,1f],start_interpolation:0}
execute if entity @s[tag=aj.labyria.bone.ribbon_left] run data modify entity @s {} merge value {transformation:[-1f,3.272726218735738e-17f,1.1801069500828535e-16f,0.3f,0f,0.963630453208623f,-0.26723837607825685f,2.2715692770710567f,-1.2246467991473532e-16f,-0.26723837607825685f,-0.963630453208623f,-0.14565424744905195f,0f,0f,0f,1f],start_interpolation:0}
execute if entity @s[tag=aj.labyria.bone.ribbon_right_himo_1] run data modify entity @s {} merge value {transformation:[-1f,3.272726218735738e-17f,1.1801069500828535e-16f,-0.30053125f,0f,0.963630453208623f,-0.26723837607825685f,2.186287218770604f,-1.2246467991473532e-16f,-0.26723837607825685f,-0.963630453208623f,-0.05309087061530493f,0f,0f,0f,1f],start_interpolation:0}
execute if entity @s[tag=aj.labyria.bone.ribbon_right_himo_2] run data modify entity @s {} merge value {transformation:[-1f,3.272726218735738e-17f,1.1801069500828535e-16f,-0.30053125f,0f,0.963630453208623f,-0.26723837607825685f,2.15079462194771f,-1.2246467991473532e-16f,-0.26723837607825685f,-0.963630453208623f,-0.18107304018207518f,0f,0f,0f,1f],start_interpolation:0}
execute if entity @s[tag=aj.labyria.bone.ribbon_right] run data modify entity @s {} merge value {transformation:[-1f,3.272726218735738e-17f,1.1801069500828535e-16f,-0.3f,0f,0.963630453208623f,-0.26723837607825685f,2.2715692770710567f,-1.2246467991473532e-16f,-0.26723837607825685f,-0.963630453208623f,-0.14565424744905203f,0f,0f,0f,1f],start_interpolation:0}
execute if entity @s[tag=aj.labyria.bone.crown] run data modify entity @s {} merge value {transformation:[-0.9762960071199334f,0.2164396139381029f,1.1801069500828535e-16f,0.16875000000000004f,0.20856780327147345f,0.9407885638067504f,-0.26723837607825685f,2.5487632435050034f,-0.057840970947823575f,-0.2609037595144173f,-0.963630453208623f,-0.20506497928911793f,0f,0f,0f,1f],start_interpolation:0}
execute if entity @s[tag=aj.labyria.bone.ear_edge_a1] run data modify entity @s {} merge value {transformation:[-0.9975640502598242f,0.06975647374412533f,1.1801069500828535e-16f,0.18593750000000003f,0.06721946240828687f,0.9612830978565039f,-0.26723837607825685f,2.5463515121486617f,-0.01864160676432573f,-0.266587396825484f,-0.963630453208623f,-0.22185810550769217f,0f,0f,0f,1f],start_interpolation:0}
execute if entity @s[tag=aj.labyria.bone.ear_edge_a2] run data modify entity @s {} merge value {transformation:[-0.9961946980917455f,-0.08715574274765815f,1.1801069500828535e-16f,0.07031250000000003f,-0.08398592788366001f,0.959963548406176f,-0.26723837607825685f,2.5463515121486617f,0.02329135915777836f,-0.26622145337580744f,-0.963630453208623f,-0.22185810550769217f,0f,0f,0f,1f],start_interpolation:0}
execute if entity @s[tag=aj.labyria.bone.ear_edge_b1] run data modify entity @s {} merge value {transformation:[-0.9876883405951378f,0.1564344650402309f,1.1801069500828535e-16f,0.04843750000000002f,0.15074501444416616f,0.9517665632765654f,-0.26723837607825685f,2.5403288218161078f,-0.04180529240002226f,-0.26394822821207287f,-0.963630453208623f,-0.22018786565720302f,0f,0f,0f,1f],start_interpolation:0}
execute if entity @s[tag=aj.labyria.bone.ear_edge_b2] run data modify entity @s {} merge value {transformation:[-0.9876883405951378f,-0.15643446504023084f,1.1801069500828535e-16f,0.07656250000000002f,-0.15074501444416616f,0.9517665632765654f,-0.26723837607825685f,2.5523742024812153f,0.04180529240002202f,-0.26394822821207287f,-0.963630453208623f,-0.22352834535818117f,0f,0f,0f,1f],start_interpolation:0}
execute if entity @s[tag=aj.labyria.bone.ear_right_2] run data modify entity @s {} merge value {transformation:[-1f,3.272726218735738e-17f,1.1801069500828535e-16f,0.12500000000000003f,0f,0.963630453208623f,-0.26723837607825685f,2.649420084048463f,-1.2246467991473532e-16f,-0.26723837607825685f,-0.963630453208623f,-0.28287099440450997f,0f,0f,0f,1f],start_interpolation:0}
execute if entity @s[tag=aj.labyria.bone.ear_right_1] run data modify entity @s {} merge value {transformation:[-1f,3.272726218735738e-17f,1.1801069500828535e-16f,0.12500000000000003f,0f,0.963630453208623f,-0.26723837607825685f,2.432603232076523f,-1.2246467991473532e-16f,-0.26723837607825685f,-0.963630453208623f,-0.2227423597869023f,0f,0f,0f,1f],start_interpolation:0}
execute if entity @s[tag=aj.labyria.bone.ear_edge_a3] run data modify entity @s {} merge value {transformation:[-0.9876883405951377f,-0.15643446504023084f,1.1801069500828535e-16f,-0.19523827377799086f,-0.15074501444416616f,0.9517665632765653f,-0.26723837607825685f,2.5408325519554835f,0.04180529240002202f,-0.26394822821207287f,-0.963630453208623f,-0.2203275623884347f,0f,0f,0f,1f],start_interpolation:0}
execute if entity @s[tag=aj.labyria.bone.ear_edge_a4] run data modify entity @s {} merge value {transformation:[-1f,2.7755575615628914e-17f,1.1801069500828535e-16f,-0.08005326181113276f,-1.3877787807814457e-17f,0.963630453208623f,-0.26723837607825685f,2.550543424867032f,-1.214306433183765e-16f,-0.26723837607825685f,-0.963630453208623f,-0.22302062579105283f,0f,0f,0f,1f],start_interpolation:0}
execute if entity @s[tag=aj.labyria.bone.ear_edge_b3] run data modify entity @s {} merge value {transformation:[-0.9702957262759965f,-0.2419218955996677f,1.1801069500828535e-16f,-0.05771677939820295f,-0.233123305897797f,0.9350065104577284f,-0.26723837607825685f,2.546380844861948f,0.06465081451782867f,-0.25930025420567016f,-0.963630453208623f,-0.2218662401890304f,0f,0f,0f,1f],start_interpolation:0}
execute if entity @s[tag=aj.labyria.bone.ear_edge_b4] run data modify entity @s {} merge value {transformation:[-0.9975640502598243f,0.0697564737441253f,1.1801069500828535e-16f,-0.08682420206637902f,0.06721946240828687f,0.961283097856504f,-0.26723837607825685f,2.556018284995297f,-0.018641606764325726f,-0.26658739682548405f,-0.963630453208623f,-0.22453893887991538f,0f,0f,0f,1f],start_interpolation:0}
execute if entity @s[tag=aj.labyria.bone.ear_left_2] run data modify entity @s {} merge value {transformation:[-0.9961946980917455f,-0.08715574274765815f,1.1801069500828535e-16f,-0.14461004211822304f,-0.08398592788366001f,0.959963548406176f,-0.26723837607825685f,2.6485950304679124f,0.02329135915777836f,-0.26622145337580744f,-0.963630453208623f,-0.2826421867964589f,0f,0f,0f,1f],start_interpolation:0}
execute if entity @s[tag=aj.labyria.bone.ear_left_1] run data modify entity @s {} merge value {transformation:[-0.9961946980917455f,-0.08715574274765815f,1.1801069500828535e-16f,-0.12499999999999999f,-0.08398592788366001f,0.959963548406176f,-0.26723837607825685f,2.432603232076523f,0.02329135915777836f,-0.26622145337580744f,-0.963630453208623f,-0.22274235978690235f,0f,0f,0f,1f],start_interpolation:0}
execute if entity @s[tag=aj.labyria.bone.head] run data modify entity @s {} merge value {transformation:[-1f,3.272726218735738e-17f,1.1801069500828535e-16f,6.817515704726222e-18f,0f,0.963630453208623f,-0.26723837607825685f,1.9470938240595494f,-1.2246467991473532e-16f,-0.26723837607825685f,-0.963630453208623f,-0.05566924038402619f,0f,0f,0f,1f],start_interpolation:0}
execute if entity @s[tag=aj.labyria.bone.back_musket] run data modify entity @s {} merge value {transformation:[0.021455443264204826f,1.0190085757155662f,1.2664192935980836f,-0.09891062499999997f,-0.36048949524058543f,1.237973618776614f,-0.990012769442558f,1.864256667886099f,-1.5850058764561488f,-0.2677675903769311f,0.2423087488478442f,-0.26812312306650626f,0f,0f,0f,1f],start_interpolation:0}
execute if entity @s[tag=aj.labyria.bone.body_1] run data modify entity @s {} merge value {transformation:[-1f,1.7043789261815554e-17f,1.2127286206821952e-16f,4.2609473154538895e-19f,0f,0.9902680687415704f,-0.13917310096006547f,1.5757432982814605f,-1.2246467991473532e-16f,-0.13917310096006547f,-0.9902680687415704f,-0.0034793275240016363f,0f,0f,0f,1f],start_interpolation:0}
execute if entity @s[tag=aj.labyria.bone.belt2] run data modify entity @s {} merge value {transformation:[-0.9130815710453717f,-0.01573728092930547f,0.40747316795866223f,0.25668010424948384f,-0.060734038056337994f,0.9933580484623715f,-0.09773005769158145f,0.7818259617763732f,-0.4032287455510672f,-0.1139830055051221f,-0.9079727161194503f,0.19530073926175312f,0f,0f,0f,1f],start_interpolation:0}
execute if entity @s[tag=aj.labyria.bone.leg_left_2] run data modify entity @s {} merge value {transformation:[-0.9901315701563617f,-0.13801185160448792f,0.02433521309540418f,0.17602963322345022f,-0.1387770652026236f,0.9897669006334919f,-0.03320253882036686f,0.8846215855098564f,-0.01950384458112504f,-0.03625205134984816f,-0.9991523351418857f,0.033225131378354825f,0f,0f,0f,1f],start_interpolation:0}
execute if entity @s[tag=aj.labyria.bone.leg_left_1] run data modify entity @s {} merge value {transformation:[-0.9901315701563617f,-0.1316893760605167f,0.0479310130551164f,0.125f,-0.1387770652026236f,0.9689645570586545f,-0.2045693362600377f,1.260095351370085f,-0.01950384458112504f,-0.20920228344097366f,-0.9776778634343921f,-0.04784075345502248f,0f,0f,0f,1f],start_interpolation:0}
execute if entity @s[tag=aj.labyria.bone.belt] run data modify entity @s {} merge value {transformation:[-0.8833694010062582f,-0.024251600909802495f,-0.4680495285962335f,-0.20343346025362752f,0.2761735098728698f,0.779925079091425f,-0.5616449620968162f,1.2147251328402675f,0.3786643550828948f,-0.6254028548524111f,-0.6822643002034545f,0.18193620222908824f,0f,0f,0f,1f],start_interpolation:0}
execute if entity @s[tag=aj.labyria.bone.leg_right_2] run data modify entity @s {} merge value {transformation:[-0.9901315701563617f,0.13681900781605644f,0.03033204378092251f,-0.155121315789376f,0.13877706520262362f,0.927131442971429f,0.34809224873223293f,1.0694258142800204f,0.01950384458112481f,0.3488665168140186f,-0.9369694517392815f,0.14346134999489374f,0f,0f,0f,1f],start_interpolation:0}
execute if entity @s[tag=aj.labyria.bone.leg_right_1] run data modify entity @s {} merge value {transformation:[-0.9901315701563617f,0.10332271459882547f,-0.09467782437100873f,-0.125f,0.13877706520262362f,0.8169212262387162f,-0.5598041052853926f,1.31666442826953f,0.01950384458112481f,-0.567418828352181f,-0.8231983195305939f,-0.08659501339821683f,0f,0f,0f,1f],start_interpolation:0}
execute if entity @s[tag=aj.labyria.bone.skirt_forward_right] run data modify entity @s {} merge value {transformation:[-0.984807753012208f,0.17364817766693036f,1.1978853283323182e-16f,1.9174262919542486e-18f,0.16985354835670552f,0.9632873407929415f,-0.2079116908177593f,1.4890948422665733f,-0.03610348622615427f,-0.2047530450592064f,-0.9781476007338057f,-0.01565697385800735f,0f,0f,0f,1f],start_interpolation:0}
execute if entity @s[tag=aj.labyria.bone.skirt_forward_left] run data modify entity @s {} merge value {transformation:[-0.984807753012208f,-0.1736481776669303f,1.1978853283323182e-16f,1.9174262919542486e-18f,-0.16985354835670552f,0.9632873407929415f,-0.2079116908177593f,1.4890948422665733f,0.03610348622615404f,-0.20475304505920647f,-0.9781476007338057f,-0.01565697385800735f,0f,0f,0f,1f],start_interpolation:0}
execute if entity @s[tag=aj.labyria.bone.skirt_forward] run data modify entity @s {} merge value {transformation:[-1f,2.54618386665283e-17f,1.1978853283323182e-16f,1.9174262919542486e-18f,0f,0.9781476007338057f,-0.2079116908177593f,1.4890948422665733f,-1.2246467991473532e-16f,-0.2079116908177593f,-0.9781476007338057f,-0.01565697385800735f,0f,0f,0f,1f],start_interpolation:0}
execute if entity @s[tag=aj.labyria.bone.skirt_back_right] run data modify entity @s {} merge value {transformation:[-0.984807753012208f,0.1736481776669303f,1.1679664110263902e-16f,1.9174262919542486e-18f,0.16561121050749117f,0.9392278472760162f,0.3007057995042731f,1.4890948422665733f,0.05221701409779423f,0.29613740272754274f,-0.953716950748227f,-0.01565697385800735f,0f,0f,0f,1f],start_interpolation:0}
execute if entity @s[tag=aj.labyria.bone.skirt_back_left] run data modify entity @s {} merge value {transformation:[-0.984807753012208f,-0.17364817766693036f,1.1679664110263902e-16f,1.9174262919542486e-18f,-0.16561121050749117f,0.9392278472760162f,0.3007057995042731f,1.4890948422665733f,-0.052217014097794466f,0.29613740272754274f,-0.953716950748227f,-0.01565697385800735f,0f,0f,0f,1f],start_interpolation:0}
execute if entity @s[tag=aj.labyria.bone.skirt_back] run data modify entity @s {} merge value {transformation:[-1f,-3.682583948479538e-17f,1.1679664110263902e-16f,1.9174262919542486e-18f,0f,0.953716950748227f,0.3007057995042731f,1.4890948422665733f,-1.2246467991473532e-16f,0.3007057995042731f,-0.953716950748227f,-0.01565697385800735f,0f,0f,0f,1f],start_interpolation:0}
execute if entity @s[tag=aj.labyria.bone.skirt_right] run data modify entity @s {} merge value {transformation:[-0.9832549075639546f,0.1820620776519652f,-0.007949001978167421f,-0.19375f,0.1804620218852141f,0.9788298505334286f,0.09656905488719589f,1.5320343304648327f,0.0253622831878291f,0.09351750416769859f,-0.9952945448487824f,0.015623466968034953f,0f,0f,0f,1f],start_interpolation:0}
execute if entity @s[tag=aj.labyria.bone.skirt_left] run data modify entity @s {} merge value {transformation:[-0.9832549075639546f,-0.18206207765196525f,0.007949001978167664f,0.19375f,-0.1804620218852141f,0.9788298505334286f,0.09656905488719589f,1.550116764681921f,-0.02536228318782934f,0.09351750416769854f,-0.9952945448487824f,-0.0007694796183684207f,0f,0f,0f,1f],start_interpolation:0}
execute if entity @s[tag=aj.labyria.bone.coat_downer] run data modify entity @s {} merge value {transformation:[-1f,-1.280104479605235e-17f,1.217938055844715e-16f,3.9147453460732614e-18f,0f,0.9945218953682735f,0.10452846326765347f,1.3730478029609203f,-1.2246467991473532e-16f,0.10452846326765347f,-0.9945218953682735f,-0.031966321626765035f,0f,0f,0f,1f],start_interpolation:0}
execute if entity @s[tag=aj.labyria.bone.body_2] run data modify entity @s {} merge value {transformation:[-1f,-1.7043789261815557e-17f,1.2127286206821952e-16f,0f,0f,0.9902680687415704f,0.13917310096006544f,1.6004999999999998f,-1.2246467991473532e-16f,0.13917310096006544f,-0.9902680687415704f,0f,0f,0f,0f,1f],start_interpolation:0}
execute if entity @s[tag=aj.labyria.bone.sphere] run data modify entity @s {} merge value {transformation:[-1f,0f,1.2246467991473532e-16f,0.453125f,0f,1f,0f,3.01387f,-1.2246467991473532e-16f,0f,-1f,0.011054999999999982f,0f,0f,0f,1f],start_interpolation:0}