execute if entity @s[tag=aj.labyria.bone.wing_right_1] run data modify entity @s {} merge value {transformation:[-0.6957088845253008f,-0.09673773312001105f,-0.4166238152432092f,0.07653069016390288f,-0.04715663439467168f,0.8080027366387598f,-0.1088681489752013f,1.7947238381272226f,0.425099805068849f,-0.06868648352857264f,-0.6939140920570428f,-0.33887415622692274f,0f,0f,0f,1f],start_interpolation:0}
execute if entity @s[tag=aj.labyria.bone.wing_right_2] run data modify entity @s {} merge value {transformation:[-0.6658982466110377f,0.17325281848742455f,-0.4081212884015111f,0.07653069016390288f,0.26022094166003396f,0.7489403297658088f,-0.10664635001652374f,1.7947238381272226f,0.35897713949764404f,-0.22152165432852208f,-0.6797525799742461f,-0.33887415622692274f,0f,0f,0f,1f],start_interpolation:0}
execute if entity @s[tag=aj.labyria.bone.wing_left_1] run data modify entity @s {} merge value {transformation:[-0.6034506972953846f,0.13233915340090233f,0.5341142657290583f,-0.010827020018770991f,0.06712965616035924f,0.8044809540151917f,-0.12348460768469653f,1.796066858239066f,-0.5461550234520878f,-0.0473411823720523f,-0.6053246626845051f,-0.34701411596058607f,0f,0f,0f,1f],start_interpolation:0}
execute if entity @s[tag=aj.labyria.bone.wing_left_2] run data modify entity @s {} merge value {transformation:[-0.5957483261099925f,-0.10644749282658558f,0.5232139745917306f,-0.010827020018770991f,-0.24082463745678306f,0.7532403868826684f,-0.12096451365031498f,1.796066858239066f,-0.4765369093060378f,-0.24758402783657563f,-0.5929710981399234f,-0.34701411596058607f,0f,0f,0f,1f],start_interpolation:0}
execute if entity @s[tag=aj.labyria.bone.musket] run data modify entity @s {} merge value {transformation:[-0.00001619269986346229f,-8.544660364491146e-7f,-0.0000011541330022504007f,-0.47282513234554224f,-0.0000012387134826770058f,0.00001492068582293756f,0.0000063328025031201246f,1.48681313733037f,7.264462142256579e-7f,0.000006395989870867936f,-0.000014927466413698343f,-0.28803342246701485f,0f,0f,0f,1f],start_interpolation:0}
execute if entity @s[tag=aj.labyria.bone.omega_blade] run data modify entity @s {} merge value {transformation:[-1.787013739782503f,-0.09429820599327636f,-0.12736921884235478f,-0.47282513234554224f,-0.13670345475818246f,1.6466352614076238f,0.6988831498038373f,1.48681313733037f,0.08017003816413987f,0.7058564584736791f,-1.6473835621206323f,-0.28803342246701485f,0f,0f,0f,1f],start_interpolation:0}
execute if entity @s[tag=aj.labyria.bone.arm_right_2] run data modify entity @s {} merge value {transformation:[-0.3037581504326958f,-0.9477852099207819f,0.09712971687968537f,-0.38068560506103805f,-0.9514005508896286f,0.3071701828871073f,0.02198796288911259f,1.7445545345933104f,-0.05067521892029381f,-0.08573024320810657f,-0.9950288174655342f,-0.2439475691664928f,0f,0f,0f,1f],start_interpolation:0}
execute if entity @s[tag=aj.labyria.bone.arm_right_1] run data modify entity @s {} merge value {transformation:[-0.24425511186818555f,-0.9477852099207819f,0.20504301056529636f,-0.28580618379413614f,-0.8720346338358951f,0.3071701828871073f,0.3810539018771466f,2.0793425172132327f,-0.4241403514368294f,-0.08573024320810657f,-0.9015294158720069f,-0.09334058190049456f,0f,0f,0f,1f],start_interpolation:0}
execute if entity @s[tag=aj.labyria.bone.arm_left_2] run data modify entity @s {} merge value {transformation:[-0.1568262607695323f,-0.9745879781552972f,0.15994935688591283f,0.35745432411299716f,-0.986857525565531f,0.16102393189839606f,0.0135468664516376f,2.3848249610506906f,-0.038958287535830756f,-0.15572272214147534f,-0.9870322617022832f,-0.013520103226542315f,0f,0f,0f,1f],start_interpolation:0}
execute if entity @s[tag=aj.labyria.bone.arm_left_1] run data modify entity @s {} merge value {transformation:[-0.15137926433988394f,-0.9745879781552972f,0.16511387332106892f,0.3082371407944924f,-0.9858496108074818f,0.16102393189839606f,0.046602985169597766f,2.064300606336908f,-0.07200599418557174f,-0.15572272214147534f,-0.9851728633139447f,-0.03693105208612633f,0f,0f,0f,1f],start_interpolation:0}
execute if entity @s[tag=aj.labyria.bone.himo_right_2] run data modify entity @s {} merge value {transformation:[-0.9955702101023263f,0.05315723798721371f,0.07755169118968898f,-0.17561274541272018f,0.015305698971774528f,0.9054605708853726f,-0.42415432350846116f,1.7741691764569802f,-0.09276687089578683f,-0.42108842613102737f,-0.902263179478526f,0.2064572213705992f,0f,0f,0f,1f],start_interpolation:0}
execute if entity @s[tag=aj.labyria.bone.himo_right_1] run data modify entity @s {} merge value {transformation:[-0.9955702101023263f,0.04257994349603232f,0.08382663758427183f,-0.16710508952231243f,0.015305698971774528f,0.9530774789421308f,-0.30233930394888686f,1.9509815831089492f,-0.09276687089578683f,-0.2997169790739035f,-0.949507261751598f,0.1443258674082948f,0f,0f,0f,1f],start_interpolation:0}
execute if entity @s[tag=aj.labyria.bone.himo_left_2] run data modify entity @s {} merge value {transformation:[-0.9955702101023263f,0.05315723798721371f,0.07755169118968898f,0.1355029452442568f,0.015305698971774528f,0.9054605708853726f,-0.42415432350846116f,1.7693861455283009f,-0.09276687089578683f,-0.42108842613102737f,-0.902263179478526f,0.2354468685255326f,0f,0f,0f,1f],start_interpolation:0}
execute if entity @s[tag=aj.labyria.bone.himo_left_1] run data modify entity @s {} merge value {transformation:[-0.9955702101023263f,0.04257994349603232f,0.08382663758427183f,0.14401060113466455f,0.015305698971774528f,0.9530774789421308f,-0.30233930394888686f,1.9461985521802698f,-0.09276687089578683f,-0.2997169790739035f,-0.949507261751598f,0.17331551456322822f,0f,0f,0f,1f],start_interpolation:0}
execute if entity @s[tag=aj.labyria.bone.ribbon_left_himo_1] run data modify entity @s {} merge value {transformation:[-0.9985265008031579f,0.044824900542790966f,0.030586851507311517f,0.320408351499405f,0.03338107449796992f,0.9517529567540427f,-0.30504428067954054f,2.3270347679048373f,-0.04278470590248822f,-0.3035737762081341f,-0.9518468528810564f,-0.06345460387937066f,0f,0f,0f,1f],start_interpolation:0}
execute if entity @s[tag=aj.labyria.bone.ribbon_left_himo_2] run data modify entity @s {} merge value {transformation:[-0.9985265008031579f,0.044824900542790966f,0.030586851507311517f,0.3244706677152198f,0.03338107449796992f,0.9517529567540427f,-0.30504428067954054f,2.286521074377086f,-0.04278470590248822f,-0.3035737762081341f,-0.9518468528810564f,-0.18987176402763598f,0f,0f,0f,1f],start_interpolation:0}
execute if entity @s[tag=aj.labyria.bone.ribbon_left] run data modify entity @s {} merge value {transformation:[-0.9985265008031579f,0.044824900542790966f,0.030586851507311517f,0.3267015806919817f,0.03338107449796992f,0.9517529567540427f,-0.30504428067954054f,2.408554106744941f,-0.04278470590248822f,-0.3035737762081341f,-0.9518468528810564f,-0.15914307281263707f,0f,0f,0f,1f],start_interpolation:0}
execute if entity @s[tag=aj.labyria.bone.ribbon_right_himo_1] run data modify entity @s {} merge value {transformation:[-0.9985265008031579f,0.044824900542790966f,0.030586851507311517f,-0.27976848338959315f,0.03338107449796992f,0.9517529567540427f,-0.30504428067954054f,2.347098879995273f,-0.04278470590248822f,-0.3035737762081341f,-0.9518468528810564f,-0.08917088617088502f,0f,0f,0f,1f],start_interpolation:0}
execute if entity @s[tag=aj.labyria.bone.ribbon_right_himo_2] run data modify entity @s {} merge value {transformation:[-0.9985265008031579f,0.044824900542790966f,0.030586851507311517f,-0.2757061671737783f,0.03338107449796992f,0.9517529567540427f,-0.30504428067954054f,2.3065851864675215f,-0.04278470590248822f,-0.3035737762081341f,-0.9518468528810564f,-0.21558804631915035f,0f,0f,0f,1f],start_interpolation:0}
execute if entity @s[tag=aj.labyria.bone.ribbon_right] run data modify entity @s {} merge value {transformation:[-0.9985265008031579f,0.044824900542790966f,0.030586851507311517f,-0.272414319789913f,0.03338107449796992f,0.9517529567540427f,-0.30504428067954054f,2.428582751443723f,-0.04278470590248822f,-0.3035737762081341f,-0.9518468528810564f,-0.18481389635413004f,0f,0f,0f,1f],start_interpolation:0}
execute if entity @s[tag=aj.labyria.bone.crown] run data modify entity @s {} merge value {transformation:[-0.9651555515692664f,0.2598830617602752f,0.030586851507311517f,0.2078152669236517f,0.238586852270034f,0.9219676245663828f,-0.30504428067954054f,2.6874042891394874f,-0.10747592846262047f,-0.2871175603503317f,-0.9518468528810564f,-0.23465011064529542f,0f,0f,0f,1f],start_interpolation:0}
execute if entity @s[tag=aj.labyria.bone.ear_edge_a1] run data modify entity @s {} merge value {transformation:[-0.9929673134351715f,0.11436939697404915f,0.030586851507311517f,0.22558911216171254f,0.0996906900169268f,0.9471059883395578f,-0.30504428067954054f,2.6837569654012707f,-0.06385672065872924f,-0.29984977553291864f,-0.9518468528810564f,-0.25058821428343975f,0f,0f,0f,1f],start_interpolation:0}
execute if entity @s[tag=aj.labyria.bone.ear_edge_a2] run data modify entity @s {} merge value {transformation:[-0.9986335535046058f,-0.04237299056750115f,0.030586851507311517f,0.11013448550634741f,-0.049696686426695176f,0.9510406017531052f,-0.30504428067954054f,2.6876166521400986f,-0.01616369923534209f,-0.30614751915940475f,-0.9518468528810564f,-0.25553519590341495f,0f,0f,0f,1f],start_interpolation:0}
execute if entity @s[tag=aj.labyria.bone.ear_edge_b1] run data modify entity @s {} merge value {transformation:[-0.9792208232816475f,0.20047699061608698f,0.030586851507311517f,0.0880115626728859f,0.18185706271845922f,0.9348133479813583f,-0.30504428067954054f,2.6823984071650284f,-0.08974735645704181f,-0.2931432766914523f,-0.9518468528810564f,-0.25457377524373104f,0f,0f,0f,1f],start_interpolation:0}
execute if entity @s[tag=aj.labyria.bone.ear_edge_b2] run data modify entity @s {} merge value {transformation:[-0.9932451419554336f,-0.11193092734718436f,0.030586851507311517f,0.11665543176475959f,-0.11591686656209407f,0.9452572490444744f,-0.30504428067954054f,2.6933564764041984f,0.00523144610568263f,-0.306529281850971f,-0.9518468528810564f,-0.25716512759282517f,0f,0f,0f,1f],start_interpolation:0}
execute if entity @s[tag=aj.labyria.bone.ear_right_2] run data modify entity @s {} merge value {transformation:[-0.9985265008031579f,0.044824900542790966f,0.030586851507311517f,0.17088012175388378f,0.03338107449796992f,0.9517529567540427f,-0.30504428067954054f,2.786304926481941f,-0.04278470590248822f,-0.3035737762081341f,-0.9518468528810564f,-0.31804133932597106f,0f,0f,0f,1f],start_interpolation:0}
execute if entity @s[tag=aj.labyria.bone.ear_right_1] run data modify entity @s {} merge value {transformation:[-0.9985265008031579f,0.044824900542790966f,0.030586851507311517f,0.16079451913175583f,0.03338107449796992f,0.9517529567540427f,-0.30504428067954054f,2.5721605112122816f,-0.04278470590248822f,-0.3035737762081341f,-0.9518468528810564f,-0.249737239679141f,0f,0f,0f,1f],start_interpolation:0}
execute if entity @s[tag=aj.labyria.bone.ear_edge_a3] run data modify entity @s {} merge value {transformation:[-0.9932451419554335f,-0.11193092734718435f,0.030586851507311517f,-0.15528172318864444f,-0.11591686656209407f,0.9452572490444743f,-0.30504428067954054f,2.691030087595629f,0.005231446105682637f,-0.30652928185097106f,-0.9518468528810564f,-0.26515806233244354f,0f,0f,0f,1f],start_interpolation:0}
execute if entity @s[tag=aj.labyria.bone.ear_edge_a4] run data modify entity @s {} merge value {transformation:[-0.9985265008031579f,0.04482490054279097f,0.030586851507311517f,-0.0398147185646744f,0.03338107449796992f,0.9517529567540428f,-0.30504428067954054f,2.696776266963716f,-0.04278470590248823f,-0.3035737762081341f,-0.9518468528810564f,-0.2632891346083571f,0f,0f,0f,1f],start_interpolation:0}
execute if entity @s[tag=aj.labyria.bone.ear_edge_b3] run data modify entity @s {} merge value {transformation:[-0.979710121212008f,-0.1980720144533864f,0.030586851507311517f,-0.017704778390714257f,-0.19786036551664574f,0.9315574392286937f,-0.30504428067954054f,2.691919378218343f,0.031927326107461386f,-0.30490689481882255f,-0.9518468528810564f,-0.26102213169283767f,0f,0f,0f,1f],start_interpolation:0}
execute if entity @s[tag=aj.labyria.bone.ear_edge_b4] run data modify entity @s {} merge value {transformation:[-0.9929673134351716f,0.11436939697404913f,0.030586851507311517f,-0.04632100946512506f,0.09969069001692679f,0.947105988339558f,-0.30504428067954054f,2.7024096664345056f,-0.06385672065872924f,-0.29984977553291864f,-0.9518468528810564f,-0.2653035797233242f,0f,0f,0f,1f],start_interpolation:0}
execute if entity @s[tag=aj.labyria.bone.ear_left_2] run data modify entity @s {} merge value {transformation:[-0.9986335535046058f,-0.04237299056750115f,0.030586851507311517f,-0.09837102894672135f,-0.049696686426695176f,0.9510406017531052f,-0.30504428067954054f,2.794489915231223f,-0.01616369923534209f,-0.30614751915940475f,-0.9518468528810564f,-0.32931660796562895f,0f,0f,0f,1f],start_interpolation:0}
execute if entity @s[tag=aj.labyria.bone.ear_left_1] run data modify entity @s {} merge value {transformation:[-0.9986335535046058f,-0.04237299056750115f,0.030586851507311517f,-0.08883710606903361f,-0.049696686426695176f,0.9510406017531052f,-0.30504428067954054f,2.5805057798367743f,-0.01616369923534209f,-0.30614751915940475f,-0.9518468528810564f,-0.260433416154763f,0f,0f,0f,1f],start_interpolation:0}
execute if entity @s[tag=aj.labyria.bone.head] run data modify entity @s {} merge value {transformation:[-0.9985265008031579f,0.044824900542790966f,0.030586851507311517f,0.012050105893577256f,0.03338107449796992f,0.9517529567540427f,-0.30504428067954054f,2.0980923889593166f,-0.04278470590248822f,-0.3035737762081341f,-0.9518468528810564f,-0.06975855345775023f,0f,0f,0f,1f],start_interpolation:0}
execute if entity @s[tag=aj.labyria.bone.back_musket] run data modify entity @s {} merge value {transformation:[0.16071383344250334f,1.0622342093088253f,1.2200353228244134f,-0.06838650155337453f,-0.4186152332677199f,1.2115881969484201f,-0.9997359491968311f,2.0090492126911528f,-1.5625584759750362f,-0.21533500926308155f,0.39331728104577474f,-0.28743543185818565f,0f,0f,0f,1f],start_interpolation:0}
execute if entity @s[tag=aj.labyria.bone.body_1] run data modify entity @s {} merge value {transformation:[-0.9955702101023263f,0.031274094366243184f,0.08866728696865309f,0.0003223205062360603f,0.015305698971774528f,0.9843869670911907f,-0.17535117507445572f,1.7289472763001201f,-0.09276687089578683f,-0.17321729140757955f,-0.980505011522953f,-0.004802069179907905f,0f,0f,0f,1f],start_interpolation:0}
execute if entity @s[tag=aj.labyria.bone.belt2] run data modify entity @s {} merge value {transformation:[-0.879028970607437f,-0.04433071086618727f,0.47470291436532f,0.25982151790370145f,-0.0867165221998291f,0.9939261081283308f,-0.06775792469103664f,0.9365492457397345f,-0.46881586322392754f,-0.10072576460354203f,-0.8775340487608647f,0.20109581834561452f,0f,0f,0f,1f],start_interpolation:0}
execute if entity @s[tag=aj.labyria.bone.leg_left_2] run data modify entity @s {} merge value {transformation:[-0.9803797322619766f,-0.17163394693937378f,0.09694002696485768f,0.18721605308332542f,-0.1739136415217158f,0.9846386863371782f,-0.015514595091462247f,1.0390895230936494f,-0.0927880696134542f,-0.032069387680592476f,-0.9951692964069987f,0.03510220580389846f,0f,0f,0f,1f],start_interpolation:0}
execute if entity @s[tag=aj.labyria.bone.leg_left_1] run data modify entity @s {} merge value {transformation:[-0.9803797322619766f,-0.1521929826005506f,0.12527121224400922f,0.12824127232561205f,-0.1739136415217158f,0.9669857310557362f,-0.1862596070737284f,1.4137964938777472f,-0.0927880696134542f,-0.20439151641335823f,-0.9744816479316873f,-0.04409950680627786f,0f,0f,0f,1f],start_interpolation:0}
execute if entity @s[tag=aj.labyria.bone.belt] run data modify entity @s {} merge value {transformation:[-0.8968620094299505f,0.04383507606113907f,-0.440132959624686f,-0.21822526478637444f,0.2922840460754478f,0.8055916715543091f,-0.5153562798027204f,1.360829418108426f,0.33197676492645806f,-0.5908473109264767f,-0.7353168587214051f,0.15939571517676457f,0f,0f,0f,1f],start_interpolation:0}
execute if entity @s[tag=aj.labyria.bone.leg_right_2] run data modify entity @s {} merge value {transformation:[-0.9839858588269271f,0.14753688747929192f,0.10002347955134051f,-0.17285627817466684f,0.17391364152171582f,0.9176348383943993f,0.35735185553952387f,1.212372683889007f,-0.039062448992488924f,0.3690246200429008f,-0.9285983819073249f,0.11559168967702918f,0f,0f,0f,1f],start_interpolation:0}
execute if entity @s[tag=aj.labyria.bone.leg_right_1] run data modify entity @s {} merge value {transformation:[-0.9839858588269271f,0.1684293281895887f,-0.05833858958046984f,-0.11865522367700322f,0.17391364152171582f,0.8354640316482796f,-0.5213001986520421f,1.4709011506166159f,-0.039062448992488924f,-0.5230979002324578f,-0.851376950504947f,-0.0987175584500942f,0f,0f,0f,1f],start_interpolation:0}
execute if entity @s[tag=aj.labyria.bone.skirt_forward_right] run data modify entity @s {} merge value {transformation:[-0.9809704835459734f,0.1826898783262293f,0.06573673834870973f,0.0011526226927384014f,0.1673239628581444f,0.967211298392569f,-0.1910628056823386f,1.6423243070872626f,-0.09848655677312257f,-0.17642764131197902f,-0.9793741294909042f,-0.017172267360513038f,0f,0f,0f,1f],start_interpolation:0}
execute if entity @s[tag=aj.labyria.bone.skirt_forward_left] run data modify entity @s {} merge value {transformation:[-0.98533285831753f,-0.1574732978986586f,0.06573673834870973f,0.0011526226927384014f,-0.1673239628581444f,0.967211298392569f,-0.1910628056823386f,1.6423243070872626f,-0.0334940259337797f,-0.1992597920070206f,-0.9793741294909042f,-0.017172267360513038f,0f,0f,0f,1f],start_interpolation:0}
execute if entity @s[tag=aj.labyria.bone.skirt_forward] run data modify entity @s {} merge value {transformation:[-0.9977549572268466f,0.012795568003293706f,0.06573673834870973f,0.0011526226927384014f,0f,0.9815778136677666f,-0.1910628056823386f,1.6423243070872626f,-0.066970481028985f,-0.19063386151122308f,-0.9793741294909042f,-0.017172267360513038f,0f,0f,0f,1f],start_interpolation:0}
execute if entity @s[tag=aj.labyria.bone.skirt_back_right] run data modify entity @s {} merge value {transformation:[-0.9867152067155749f,0.1494826732082942f,0.06362414044010849f,0.0011526226927384014f,0.16194663105141768f,0.9361277883571224f,0.3121506888614834f,1.6423243070872626f,-0.01289920646149667f,0.31830754668418554f,-0.9478997395276353f,-0.017172267360513038f,0f,0f,0f,1f],start_interpolation:0}
execute if entity @s[tag=aj.labyria.bone.skirt_back_left] run data modify entity @s {} merge value {transformation:[-0.9795881351479285f,-0.1906805030165937f,0.06362414044010849f,0.0011526226927384014f,-0.16194663105141768f,0.9361277883571224f,0.3121506888614834f,1.6423243070872626f,-0.1190813762454056f,0.2954753959891439f,-0.9478997395276353f,-0.017172267360513038f,0f,0f,0f,1f],start_interpolation:0}
execute if entity @s[tag=aj.labyria.bone.skirt_back] run data modify entity @s {} merge value {transformation:[-0.9977549572268466f,-0.02090488178658257f,0.06362414044010849f,0.0011526226927384014f,0f,0.9500326033580644f,0.3121506888614834f,1.6423243070872626f,-0.066970481028985f,0.31144989721332006f,-0.9478997395276353f,-0.017172267360513038f,0f,0f,0f,1f],start_interpolation:0}
execute if entity @s[tag=aj.labyria.bone.skirt_right] run data modify entity @s {} merge value {transformation:[-0.9839507455777727f,0.16844227544098592f,0.058890832233958634f,-0.19429365549962335f,0.17411989674882383f,0.9785152958644454f,0.11040868315262067f,1.6844797317057998f,-0.039028090308445194f,0.11889077173431038f,-0.9921400065329974f,0.0016045566766621534f,0f,0f,0f,1f],start_interpolation:0}
execute if entity @s[tag=aj.labyria.bone.skirt_left] run data modify entity @s {} merge value {transformation:[-0.98003866579085f,-0.18440245010800782f,0.07429636565172286f,0.1934231480086045f,-0.17569170615969953f,0.978232909077131f,0.1104210124260197f,1.7022173931717797f,-0.09304105514010791f,0.09516360645045513f,-0.9911040561241582f,0.01136463737901829f,0f,0f,0f,1f],start_interpolation:0}
execute if entity @s[tag=aj.labyria.bone.coat_downer] run data modify entity @s {} merge value {transformation:[-0.9977549572268466f,-0.007929570713227063f,0.06649937772308527f,0.0023532713310075717f,0f,0.9929655081065369f,0.11840396830650096f,1.5265162936364947f,-0.066970481028985f,0.11813814633314178f,-0.9907362580685718f,-0.03506004586104748f,0f,0f,0f,1f],start_interpolation:0}
execute if entity @s[tag=aj.labyria.bone.body_2] run data modify entity @s {} merge value {transformation:[-0.9977549572268466f,-0.010245535046563576f,0.06618213007197091f,0f,0f,0.9882283814465528f,0.15298583628403808f,1.7534999999999998f,-0.066970481028985f,0.15264237653789378f,-0.9860097664605612f,0f,0f,0f,0f,1f],start_interpolation:0}
execute if entity @s[tag=aj.labyria.bone.sphere] run data modify entity @s {} merge value {transformation:[-0.9977549572268466f,0f,0.066970481028985f,0.4777403170957623f,0f,1f,0f,3.1525299999999996f,-0.066970481028985f,0f,-0.9977549572268466f,0.10201853481716205f,0f,0f,0f,1f],start_interpolation:0}