execute if entity @s[tag=aj.labyria.bone.wing_right_1] run data modify entity @s {} merge value {transformation:[-0.23446282370863095f,-0.04284132141705656f,-0.7811121877952364f,-0.16985474026334782f,-0.2443554264072665f,0.7786501232809602f,0.03064074973483586f,1.671299205426948f,0.7431433605491896f,0.24251402255999618f,-0.2363669583039712f,-0.25434756245226753f,0f,0f,0f,1f],start_interpolation:0}
execute if entity @s[tag=aj.labyria.bone.wing_right_2] run data modify entity @s {} merge value {transformation:[-0.22825476037826106f,0.04912145450044786f,-0.7651711227381908f,-0.16985474026334782f,0.07074761600612241f,0.7963000997693752f,0.030015428311675946f,1.671299205426948f,0.7634753035914869f,-0.059103585466903225f,-0.23154314282837996f,-0.25434756245226753f,0f,0f,0f,1f],start_interpolation:0}
execute if entity @s[tag=aj.labyria.bone.wing_left_1] run data modify entity @s {} merge value {transformation:[-0.8013014892064619f,0.1397918726048395f,-0.07292873366227634f,-0.23514325393464686f,0.12943531907695463f,0.7989136388292069f,0.10921511027585432f,1.6640553151857158f,0.09003813645005022f,0.09560164481196129f,-0.806038401032044f,-0.20182868254955022f,0f,0f,0f,1f],start_interpolation:0}
execute if entity @s[tag=aj.labyria.bone.wing_left_2] run data modify entity @s {} merge value {transformation:[-0.777602036447831f,-0.17387162873902073f,-0.07144039215896458f,-0.23514325393464686f,-0.18234942503625645f,0.7715585743660979f,0.10698623047430628f,1.6640553151857158f,0.04564822122638726f,0.12027478140406178f,-0.7895886377456759f,-0.20182868254955022f,0f,0f,0f,1f],start_interpolation:0}
execute if entity @s[tag=aj.labyria.bone.musket] run data modify entity @s {} merge value {transformation:[-0.000006148572735390118f,0.00000960544312987526f,-0.000011584307474288209f,-0.49469524310738255f,0.000015048369810516066f,0.000003853567346628027f,-0.000004791894073688498f,1.7122880674754528f,-8.534299072572648e-8f,-0.000012535993979187872f,-0.00001034926256262733f,0.738322537376187f,0f,0f,0f,1f],start_interpolation:0}
execute if entity @s[tag=aj.labyria.bone.omega_blade] run data modify entity @s {} merge value {transformation:[-0.6785516961866842f,1.060049219371892f,-1.2784351465149593f,-0.49469524310738255f,1.6607263667870218f,0.425276689722393f,-0.5288296961883374f,1.7122880674754528f,-0.00941838595830027f,-1.3834625276534651f,-1.1421365523956117f,0.738322537376187f,0f,0f,0f,1f],start_interpolation:0}
execute if entity @s[tag=aj.labyria.bone.arm_right_2] run data modify entity @s {} merge value {transformation:[0.03445092628685548f,-0.4205159959191196f,-0.9066308128748599f,-0.4607154382521682f,0.10934054261728834f,0.9033096805767898f,-0.4148207645675599f,1.6994511248940498f,0.993407156919123f,-0.0848405454509163f,0.0770993023928f,0.4777239886263378f,0f,0f,0f,1f],start_interpolation:0}
execute if entity @s[tag=aj.labyria.bone.arm_right_1] run data modify entity @s {} merge value {transformation:[-0.6106682812550812f,-0.4205159959191196f,-0.6710071143029085f,-0.2293742536129126f,-0.2126392995555722f,0.9033096805767898f,-0.37258039301709583f,1.7841126854855573f,0.7628032371152348f,-0.0848405454509163f,-0.6410407969030599f,0.23247495952060201f,0f,0f,0f,1f],start_interpolation:0}
execute if entity @s[tag=aj.labyria.bone.arm_left_2] run data modify entity @s {} merge value {transformation:[-0.7838703137948565f,-0.3469390923057326f,-0.5149568888569489f,0.4572978492024866f,-0.6075639777173732f,0.599676564890417f,0.5208205357908545f,2.127709651170105f,0.12811457423492706f,0.7211250125680734f,-0.6808563520429985f,-0.23456127832116494f,0f,0f,0f,1f],start_interpolation:0}
execute if entity @s[tag=aj.labyria.bone.arm_left_1] run data modify entity @s {} merge value {transformation:[-0.6389949120498777f,-0.3469390923057326f,-0.6865265971573453f,0.23389812800638216f,-0.7139511554418202f,0.599676564890417f,0.3614716657838059f,1.8781043944370286f,0.2862852598679492f,0.7211250125680734f,-0.6308878396601387f,-0.13447277052399803f,0f,0f,0f,1f],start_interpolation:0}
execute if entity @s[tag=aj.labyria.bone.himo_right_2] run data modify entity @s {} merge value {transformation:[-0.776293310346685f,-0.16489783874227365f,-0.6084220567082632f,0.02695456942829164f,-0.08613128433993199f,0.9838740046255954f,-0.15675887496389926f,1.4753503103965653f,0.6244598451213172f,-0.06928669280692182f,-0.7779776706506041f,0.2808443637179131f,0f,0f,0f,1f],start_interpolation:0}
execute if entity @s[tag=aj.labyria.bone.himo_right_1] run data modify entity @s {} merge value {transformation:[-0.776293310346685f,-0.08407210054785257f,-0.6247404086662377f,0.007286423021405312f,-0.08613128433993199f,0.9959179651710561f,-0.026996453609625215f,1.6619162010310782f,0.6244598451213172f,0.03285252743724035f,-0.7803656920137161f,0.28212692703730996f,0f,0f,0f,1f],start_interpolation:0}
execute if entity @s[tag=aj.labyria.bone.himo_left_2] run data modify entity @s {} merge value {transformation:[-0.776293310346685f,-0.16489783874227365f,-0.6084220567082632f,0.2695462289116307f,-0.08613128433993199f,0.9838740046255954f,-0.15675887496389926f,1.502266336752794f,0.6244598451213172f,-0.06928669280692182f,-0.7779776706506041f,0.08570066211750146f,0f,0f,0f,1f],start_interpolation:0}
execute if entity @s[tag=aj.labyria.bone.himo_left_1] run data modify entity @s {} merge value {transformation:[-0.776293310346685f,-0.08407210054785257f,-0.6247404086662377f,0.24987808250474441f,-0.08613128433993199f,0.9959179651710561f,-0.026996453609625215f,1.6888322273873069f,0.6244598451213172f,0.03285252743724035f,-0.7803656920137161f,0.08698322543689832f,0f,0f,0f,1f],start_interpolation:0}
execute if entity @s[tag=aj.labyria.bone.ribbon_left_himo_1] run data modify entity @s {} merge value {transformation:[-0.9518310773747762f,-0.08175694150750099f,-0.295522254084041f,0.28906077641004135f,-0.10181178707580396f,0.9933856403501523f,0.053097359242707476f,2.137174185299637f,0.28922648591718664f,0.08062736546270782f,-0.9538591446238478f,0.05082952739633948f,0f,0f,0f,1f],start_interpolation:0}
execute if entity @s[tag=aj.labyria.bone.ribbon_left_himo_2] run data modify entity @s {} merge value {transformation:[-0.9518310773747762f,-0.08175694150750099f,-0.295522254084041f,0.24981172703950463f,-0.10181178707580396f,0.9933856403501523f,0.053097359242707476f,2.144226178324059f,0.28922648591718664f,0.08062736546270782f,-0.9538591446238478f,-0.07585489024901532f,0f,0f,0f,1f],start_interpolation:0}
execute if entity @s[tag=aj.labyria.bone.ribbon_left] run data modify entity @s {} merge value {transformation:[-0.9518310773747762f,-0.08175694150750099f,-0.295522254084041f,0.2601893947693778f,-0.10181178707580396f,0.9933856403501523f,0.053097359242707476f,2.246855782636076f,0.28922648591718664f,0.08062736546270782f,-0.9538591446238478f,-0.0037386039009387473f,0f,0f,0f,1f],start_interpolation:0}
execute if entity @s[tag=aj.labyria.bone.ribbon_right_himo_1] run data modify entity @s {} merge value {transformation:[-0.9518310773747762f,-0.08175694150750099f,-0.295522254084041f,-0.2830491905345352f,-0.10181178707580396f,0.9933856403501523f,0.053097359242707476f,2.0759789380303864f,0.28922648591718664f,0.08062736546270782f,-0.9538591446238478f,0.2246727220879385f,0f,0f,0f,1f],start_interpolation:0}
execute if entity @s[tag=aj.labyria.bone.ribbon_right_himo_2] run data modify entity @s {} merge value {transformation:[-0.9518310773747762f,-0.08175694150750099f,-0.295522254084041f,-0.3222982399050719f,-0.10181178707580396f,0.9933856403501523f,0.053097359242707476f,2.0830309310548087f,0.28922648591718664f,0.08062736546270782f,-0.9538591446238478f,0.09798830444258372f,0f,0f,0f,1f],start_interpolation:0}
execute if entity @s[tag=aj.labyria.bone.ribbon_right] run data modify entity @s {} merge value {transformation:[-0.9518310773747762f,-0.08175694150750099f,-0.295522254084041f,-0.31090925165548794f,-0.10181178707580396f,0.9933856403501523f,0.053097359242707476f,2.185768710390594f,0.28922648591718664f,0.08062736546270782f,-0.9538591446238478f,0.16979728764937324f,0f,0f,0f,1f],start_interpolation:0}
execute if entity @s[tag=aj.labyria.bone.crown] run data modify entity @s {} merge value {transformation:[-0.9469643211503019f,0.12619497537317395f,-0.295522254084041f,0.11709793611400958f,0.11560956328918984f,0.9918745380931672f,0.053097359242707476f,2.513717104452234f,0.29982161920787376f,0.01611610601325124f,-0.9538591446238478f,0.07308952873007266f,0f,0f,0f,1f],start_interpolation:0}
execute if entity @s[tag=aj.labyria.bone.ear_edge_a1] run data modify entity @s {} merge value {transformation:[-0.9552155406528219f,-0.015161406149342152f,-0.295522254084041f,0.12830791514501128f,-0.03226869934065332f,0.9980678341096428f,0.053097359242707476f,2.5185098953487146f,0.29414622543592206f,0.06025554148177002f,-0.9538591446238478f,0.05224243737119856f,0f,0f,0f,1f],start_interpolation:0}
execute if entity @s[tag=aj.labyria.bone.ear_edge_a2] run data modify entity @s {} merge value {transformation:[-0.9410834857978431f,-0.16440337618087178f,-0.295522254084041f,0.018252446823552773f,-0.18800362580773716f,0.9807320261542372f,0.053097359242707476f,2.5067379074680747f,0.2810987538957191f,0.10552830319746255f,-0.9538591446238478f,0.08568424980537327f,0f,0f,0f,1f],start_interpolation:0}
execute if entity @s[tag=aj.labyria.bone.ear_edge_b1] run data modify entity @s {} merge value {transformation:[-0.9529020607472263f,0.06814880750811232f,-0.295522254084041f,-0.002057877109598566f,0.05484143619689695f,0.9970822871344736f,0.053097359242707476f,2.498302114373603f,0.29827852671547095f,0.03438971820049866f,-0.9538591446238478f,0.0915071581506698f,0f,0f,0f,1f],start_interpolation:0}
execute if entity @s[tag=aj.labyria.bone.ear_edge_b2] run data modify entity @s {} merge value {transformation:[-0.9273228539311236f,-0.2296495632874671f,-0.295522254084041f,0.023690410172723282f,-0.25595806625674955f,0.9652285422424869f,0.053097359242707476f,2.5135828913894867f,0.2730527291479472f,0.12487969940034058f,-0.9538591446238478f,0.08438050530253276f,0f,0f,0f,1f],start_interpolation:0}
execute if entity @s[tag=aj.labyria.bone.ear_right_2] run data modify entity @s {} merge value {transformation:[-0.9518310773747762f,-0.08175694150750099f,-0.295522254084041f,0.0516174920655548f,-0.10181178707580396f,0.9933856403501523f,0.053097359242707476f,2.6288252467156035f,0.28922648591718664f,0.08062736546270782f,-0.9538591446238478f,0.04938161721890745f,0f,0f,0f,1f],start_interpolation:0}
execute if entity @s[tag=aj.labyria.bone.ear_right_1] run data modify entity @s {} merge value {transformation:[-0.9518310773747762f,-0.08175694150750099f,-0.295522254084041f,0.07001280390474249f,-0.10181178707580396f,0.9933856403501523f,0.053097359242707476f,2.4053134776368195f,0.28922648591718664f,0.08062736546270782f,-0.9538591446238478f,0.031240459989798214f,0f,0f,0f,1f],start_interpolation:0}
execute if entity @s[tag=aj.labyria.bone.ear_edge_a3] run data modify entity @s {} merge value {transformation:[-0.9273228539311236f,-0.2296495632874671f,-0.295522254084041f,-0.2340387891844142f,-0.25595806625674955f,0.9652285422424869f,0.053097359242707476f,2.4740123328044943f,0.2730527291479472f,0.12487969940034058f,-0.9538591446238478f,0.16202679321633298f,0f,0f,0f,1f],start_interpolation:0}
execute if entity @s[tag=aj.labyria.bone.ear_edge_a4] run data modify entity @s {} merge value {transformation:[-0.9518310773747762f,-0.081756941507501f,-0.295522254084041f,-0.12522601113903858f,-0.10181178707580396f,0.9933856403501523f,0.053097359242707476f,2.4957502520385138f,0.2892264859171867f,0.08062736546270782f,-0.9538591446238478f,0.12952474979714046f,0f,0f,0f,1f],start_interpolation:0}
execute if entity @s[tag=aj.labyria.bone.ear_edge_b3] run data modify entity @s {} merge value {transformation:[-0.903778832245497f,-0.30959718946730475f,-0.295522254084041f,-0.10361228878608031f,-0.33910927905917293f,0.9392473408519286f,0.053097359242707476f,2.493733256189594f,0.26112969812132547f,0.1482026078600747f,-0.9538591446238478f,0.12271616266068744f,0f,0f,0f,1f],start_interpolation:0}
execute if entity @s[tag=aj.labyria.bone.ear_edge_b4] run data modify entity @s {} merge value {transformation:[-0.9552155406528221f,-0.015161406149342166f,-0.295522254084041f,-0.1321353040264055f,-0.03226869934065335f,0.998067834109643f,0.053097359242707476f,2.5007048045406792f,0.29414622543592217f,0.060255541481770036f,-0.9538591446238478f,0.1319411689039728f,0f,0f,0f,1f],start_interpolation:0}
execute if entity @s[tag=aj.labyria.bone.ear_left_2] run data modify entity @s {} merge value {transformation:[-0.9410834857978431f,-0.16440337618087178f,-0.295522254084041f,-0.20493572507964766f,-0.18800362580773716f,0.9807320261542372f,0.053097359242707476f,2.600525236752571f,0.2810987538957191f,0.10552830319746255f,-0.9538591446238478f,0.12729094968852392f,0f,0f,0f,1f],start_interpolation:0}
execute if entity @s[tag=aj.labyria.bone.ear_left_1] run data modify entity @s {} merge value {transformation:[-0.9410834857978431f,-0.16440337618087178f,-0.295522254084041f,-0.16794496543895157f,-0.18800362580773716f,0.9807320261542372f,0.053097359242707476f,2.379860530867868f,0.2810987538957191f,0.10552830319746255f,-0.9538591446238478f,0.10354708146909489f,0f,0f,0f,1f],start_interpolation:0}
execute if entity @s[tag=aj.labyria.bone.head] run data modify entity @s {} merge value {transformation:[-0.9518310773747762f,-0.08175694150750099f,-0.295522254084041f,0.0021694221956159994f,-0.10181178707580396f,0.9933856403501523f,0.053097359242707476f,1.881817571096556f,0.28922648591718664f,0.08062736546270782f,-0.9538591446238478f,0.055880344199304016f,0f,0f,0f,1f],start_interpolation:0}
execute if entity @s[tag=aj.labyria.bone.back_musket] run data modify entity @s {} merge value {transformation:[-1.0041390703327608f,0.7302240528669504f,1.0493494178160225f,-0.2144077865994098f,0.033898643225453676f,1.3490790899865295f,-0.906362582840659f,1.84421924976696f,-1.277971928503804f,-0.5379731240505258f,-0.8485454073769919f,-0.06014826137453075f,0f,0f,0f,1f],start_interpolation:0}
execute if entity @s[tag=aj.labyria.bone.body_1] run data modify entity @s {} merge value {transformation:[-0.776293310346685f,-0.0018078654038678407f,-0.6303692790211681f,0.0028473717220664396f,-0.08613128433993199f,0.9909214932118148f,0.10322788455074054f,1.5102220111421254f,0.6244598451213172f,0.13442963182850995f,-0.7694014400282286f,0.005469232263612787f,0f,0f,0f,1f],start_interpolation:0}
execute if entity @s[tag=aj.labyria.bone.belt2] run data modify entity @s {} merge value {transformation:[-0.9948104840153469f,-0.08489994489237666f,-0.056072277021917194f,0.3424463133714645f,-0.07028596624098754f,0.9719119919522289f,-0.22460401343035138f,0.7416433467606778f,0.07356618681651239f,-0.21949733314261963f,-0.9728355137948839f,0.14419576673106f,0f,0f,0f,1f],start_interpolation:0}
execute if entity @s[tag=aj.labyria.bone.leg_left_2] run data modify entity @s {} merge value {transformation:[-0.8845263886008077f,-0.1573802879069705f,-0.43914065269242847f,0.19419325652904784f,-0.09777371162811319f,0.9830082055514962f,-0.1553549778181887f,0.8273308647808251f,0.45612867612470454f,-0.09447916594015018f,-0.8848843529071908f,0.025795505757208514f,0f,0f,0f,1f],start_interpolation:0}
execute if entity @s[tag=aj.labyria.bone.leg_left_1] run data modify entity @s {} merge value {transformation:[-0.8845263886008077f,-0.2312453017815846f,-0.40514031923860266f,0.10458570208868383f,-0.09777371162811319f,0.9410969933121169f,-0.3236923701500484f,1.1920059496892703f,0.45612867612470454f,-0.2467023704443014f,-0.8550348362691937f,-0.06980166278995828f,0f,0f,0f,1f],start_interpolation:0}
execute if entity @s[tag=aj.labyria.bone.belt] run data modify entity @s {} merge value {transformation:[-0.649066463706232f,-0.44151393055294025f,-0.619498325114427f,-0.06657647877282183f,0.3381775425814764f,0.5619945531962168f,-0.7548497015110612f,1.2220931310192953f,0.6814313431193494f,-0.6994480476100269f,-0.2154617212153503f,0.29472449687192037f,0f,0f,0f,1f],start_interpolation:0}
execute if entity @s[tag=aj.labyria.bone.leg_right_2] run data modify entity @s {} merge value {transformation:[-0.880946318582204f,0.21218062936035198f,-0.4229810448480015f,-0.01059774349587228f,0.09777371162811319f,0.9561687387175662f,0.27601022519776514f,1.1011759165698658f,0.46300527544610615f,0.2017937650758897f,-0.86307901798478f,0.27828145661693626f,0f,0f,0f,1f],start_interpolation:0}
execute if entity @s[tag=aj.labyria.bone.leg_right_1] run data modify entity @s {} merge value {transformation:[-0.880946318582204f,-0.3102420339812907f,-0.35732823024162774f,-0.13757711620043975f,0.09777371162811319f,0.6194812533860494f,-0.7788987597998289f,1.2444234067765514f,0.46300527544610615f,-0.7211053023341327f,-0.5153962144357237f,0.006431746918462725f,0f,0f,0f,1f],start_interpolation:0}
execute if entity @s[tag=aj.labyria.bone.skirt_forward_right] run data modify entity @s {} merge value {transformation:[-0.897936745505894f,0.01553632692820231f,-0.43985022861863277f,-0.0020580261888274256f,0.16540060602364817f,0.9380334498956674f,-0.30452567445757717f,1.4230744219185092f,0.4078630169521299f,-0.34619628741858627f,-0.8448644210642878f,-0.003953057180439463f,0f,0f,0f,1f],start_interpolation:0}
execute if entity @s[tag=aj.labyria.bone.skirt_forward_left] run data modify entity @s {} merge value {transformation:[-0.849098270447141f,-0.29251308262676123f,-0.43985022861863277f,-0.0020580261888274256f,-0.16540060602364817f,0.9380334498956674f,-0.30452567445757717f,1.4230744219185092f,0.5016719711631136f,-0.18582072911551578f,-0.8448644210642878f,-0.003953057180439463f,0f,0f,0f,1f],start_interpolation:0}
execute if entity @s[tag=aj.labyria.bone.skirt_forward] run data modify entity @s {} merge value {transformation:[-0.8869929235474744f,-0.1406247843050467f,-0.43985022861863277f,-0.0020580261888274256f,0f,0.9525041278630543f,-0.30452567445757717f,1.4230744219185092f,0.46178301568670155f,-0.27011211828239284f,-0.8448644210642878f,-0.003953057180439463f,0f,0f,0f,1f],start_interpolation:0}
execute if entity @s[tag=aj.labyria.bone.skirt_back_right] run data modify entity @s {} merge value {transformation:[-0.8571600174749909f,0.24679264327335904f,-0.45207310876496737f,-0.0020580261888274256f,0.1699968791457682f,0.9641002100911442f,0.20398981833148125f,1.4230744219185092f,0.48618696560374025f,0.09800089860996276f,-0.8683421320819734f,-0.003953057180439463f,0f,0f,0f,1f],start_interpolation:0}
execute if entity @s[tag=aj.labyria.bone.skirt_back_left] run data modify entity @s {} merge value {transformation:[-0.8898749984780441f,-0.06125676628160455f,-0.45207310876496737f,-0.0020580261888274256f,-0.1699968791457682f,0.9641002100911442f,0.20398981833148125f,1.4230744219185092f,0.4233480225115032f,0.25837645691303324f,-0.8683421320819734f,-0.003953057180439463f,0f,0f,0f,1f],start_interpolation:0}
execute if entity @s[tag=aj.labyria.bone.skirt_back] run data modify entity @s {} merge value {transformation:[-0.8869929235474744f,0.0941990334784938f,-0.45207310876496737f,-0.0020580261888274256f,0f,0.9789730098511855f,0.20398981833148125f,1.4230744219185092f,0.46178301568670155f,0.18093752533575871f,-0.8683421320819734f,-0.003953057180439463f,0f,0f,0f,1f],start_interpolation:0}
execute if entity @s[tag=aj.labyria.bone.skirt_right] run data modify entity @s {} merge value {transformation:[-0.8688064074170199f,0.1593310127956591f,-0.46881665370658604f,-0.16151988113996224f,0.18209247334643447f,0.9832759461243765f,-0.0032779450560008055f,1.4689222490187008f,0.4604538604265465f,-0.08821588368724556f,-0.8832894204526446f,0.10932192545356574f,0f,0f,0f,1f],start_interpolation:0}
execute if entity @s[tag=aj.labyria.bone.skirt_left] run data modify entity @s {} merge value {transformation:[-0.8754738826880877f,-0.16364453625162878f,-0.4547152366987871f,0.1738240788997219f,-0.18209247334643447f,0.9832759461243765f,-0.0032779450560008055f,1.485277766176329f,0.4476469723807173f,0.07993046683337629f,-0.8906308486630001f,-0.08568801954516837f,0f,0f,0f,1f],start_interpolation:0}
execute if entity @s[tag=aj.labyria.bone.coat_downer] run data modify entity @s {} merge value {transformation:[-0.8869929235474744f,0.002179078156948216f,-0.4617778743022346f,-0.004201803468855998f,0f,0.999988866233074f,0.004718835649916195f,1.3059789123428813f,0.46178301568670155f,0.004185573828859212f,-0.8869830479749986f,-0.008070825076730579f,0f,0f,0f,1f],start_interpolation:0}
execute if entity @s[tag=aj.labyria.bone.body_2] run data modify entity @s {} merge value {transformation:[-0.8869929235474744f,0.018293566122910464f,-0.4614205229670773f,0f,0f,0.9992150150453559f,0.039615069202375786f,1.5354861111111116f,0.46178301568670155f,0.035138286048350814f,-0.8862966474476138f,0f,0f,0f,0f,1f],start_interpolation:0}
execute if entity @s[tag=aj.labyria.bone.sphere] run data modify entity @s {} merge value {transformation:[-0.8869929235474744f,0f,-0.46178301568670155f,0.05938088707726977f,0f,1f,0f,2.7872364814814823f,0.46178301568670155f,0f,-0.8869929235474744f,-0.4484347980199087f,0f,0f,0f,1f],start_interpolation:0}