execute if entity @s[tag=aj.labyria.bone.wing_right_1] run data modify entity @s {} merge value {transformation:[-0.6274090339664755f,-0.1107185539628282f,-0.5109244076671996f,0.046789881807745376f,-0.07041229517338221f,0.8087656159464802f,-0.08879601114673634f,1.8239261383676764f,0.5180197459847597f,-0.02416660330983903f,-0.630885062827449f,-0.3365358581152954f,0f,0f,0f,1f],start_interpolation:0}
execute if entity @s[tag=aj.labyria.bone.wing_right_2] run data modify entity @s {} merge value {transformation:[-0.6093262248992326f,0.1349960196633332f,-0.5004973789392976f,0.046789881807745376f,0.2394599740814047f,0.7583486869905216f,-0.0869838476539458f,1.8239261383676764f,0.4597613211906619f,-0.2160632861335049f,-0.6180098574636236f,-0.3365358581152954f,0f,0f,0f,1f],start_interpolation:0}
execute if entity @s[tag=aj.labyria.bone.wing_left_1] run data modify entity @s {} merge value {transformation:[-0.627928206457487f,0.11063127141202547f,0.510305137898186f,-0.04712402509608067f,0.0703632081701547f,0.8087742713095514f,-0.0887560783729884f,1.8239224660857565f,-0.5173969761368261f,-0.02427641443680144f,-0.6313916923994215f,-0.33648926764730164f,0f,0f,0f,1f],start_interpolation:0}
execute if entity @s[tag=aj.labyria.bone.wing_left_2] run data modify entity @s {} merge value {transformation:[-0.609763368982983f,-0.1352696365839032f,0.4998907473288353f,-0.04712402509608067f,-0.23950764370587097f,0.7583381188892073f,-0.08694472983476416f,1.8239224660857565f,-0.45915653371479354f,-0.21592920797807164f,-0.6185061476565762f,-0.33648926764730164f,0f,0f,0f,1f],start_interpolation:0}
execute if entity @s[tag=aj.labyria.bone.musket] run data modify entity @s {} merge value {transformation:[-0.000016023065268889813f,0.0000026413580510301122f,-7.418026001946184e-7f,-0.5875517136157475f,0.000002234768342474348f,0.000015115236127521497f,0.000005549874892936201f,1.5280457201689535f,0.0000015914942371468208f,0.000005368289161178596f,-0.000015261529465869434f,-0.18554463284722866f,0f,0f,0f,1f],start_interpolation:0}
execute if entity @s[tag=aj.labyria.bone.omega_blade] run data modify entity @s {} merge value {transformation:[-1.768292998102639f,0.2914982163985279f,-0.08186475695417049f,-0.5875517136157475f,0.2466272929719291f,1.6681056814303432f,0.6124798687913404f,1.5280457201689535f,0.17563606393911999f,0.5924402089239019f,-1.6842505002604822f,-0.18554463284722866f,0f,0f,0f,1f],start_interpolation:0}
execute if entity @s[tag=aj.labyria.bone.arm_right_2] run data modify entity @s {} merge value {transformation:[-0.45939429345077076f,-0.8880169409752364f,0.019565165111765148f,-0.4528387988115331f,-0.8845667667116128f,0.45538828656780367f,-0.10081241831343718f,1.7680821276673786f,0.08061338830635134f,-0.06361934452525783f,-0.9947130544171752f,-0.17580046124456994f,0f,0f,0f,1f],start_interpolation:0}
execute if entity @s[tag=aj.labyria.bone.arm_right_1] run data modify entity @s {} merge value {transformation:[-0.40810083558494487f,-0.8880169409752364f,0.21184810722745032f,-0.2984734475842039f,-0.844317321912225f,0.45538828656780367f,0.2824000148296887f,2.0864724612621677f,-0.34724914386336253f,-0.06361934452525783f,-0.9356124256808148f,-0.051432919499774285f,0f,0f,0f,1f],start_interpolation:0}
execute if entity @s[tag=aj.labyria.bone.arm_left_2] run data modify entity @s {} merge value {transformation:[-0.22018457776179498f,-0.9742666400049258f,0.048200268561207106f,0.3706467452195771f,-0.9720696840637437f,0.2232667661576621f,0.07233588634774155f,2.4054788364681636f,-0.0812359590333839f,-0.030926773239577567f,-0.9962149635780994f,-0.025006241011076197f,0f,0f,0f,1f],start_interpolation:0}
execute if entity @s[tag=aj.labyria.bone.arm_left_1] run data modify entity @s {} merge value {transformation:[-0.22017541253536047f,-0.9742666400049258f,0.04824211737057428f,0.29840147578092946f,-0.9720559178874182f,0.2232667661576621f,0.0725206427822373f,2.086520866397009f,-0.08142530451237434f,-0.030926773239577567f,-0.9961995053612779f,-0.051732553496194454f,0f,0f,0f,1f],start_interpolation:0}
execute if entity @s[tag=aj.labyria.bone.himo_right_2] run data modify entity @s {} merge value {transformation:[-0.9999280774196446f,-0.011853781185592657f,0.001824242159714981f,-0.15510325406991288f,-0.011623907331481957f,0.9203904383615669f,-0.39082774434647327f,1.7790607092064536f,0.0029537715216841195f,-0.3908208398284401f,-0.9204620287603342f,0.2246783194655433f,0f,0f,0f,1f],start_interpolation:0}
execute if entity @s[tag=aj.labyria.bone.himo_right_1] run data modify entity @s {} merge value {transformation:[-0.999983677619008f,-0.00570755307962228f,0.00026140659358578176f,-0.15617178648113214f,-0.005569682518610597f,0.9635836432879268f,-0.26734909953954883f,1.9580617104508178f,0.0012740220585843215f,-0.2673461917174228f,-0.9635997045671949f,0.1685284103649816f,0f,0f,0f,1f],start_interpolation:0}
execute if entity @s[tag=aj.labyria.bone.himo_left_2] run data modify entity @s {} merge value {transformation:[-0.9999280774196446f,-0.011853781185592657f,0.001824242159714981f,0.1573967072360491f,-0.011623907331481957f,0.9203904383615669f,-0.39082774434647327f,1.7790729287806966f,0.0029537715216841195f,-0.3908208398284401f,-0.9204620287603342f,0.22452328897085644f,0f,0f,0f,1f],start_interpolation:0}
execute if entity @s[tag=aj.labyria.bone.himo_left_1] run data modify entity @s {} merge value {transformation:[-0.999983677619008f,-0.00570755307962228f,0.00026140659358578176f,0.15632817482482983f,-0.005569682518610597f,0.9635836432879268f,-0.26734909953954883f,1.9580739300250607f,0.0012740220585843215f,-0.2673461917174228f,-0.9635997045671949f,0.16837337987029471f,0f,0f,0f,1f],start_interpolation:0}
execute if entity @s[tag=aj.labyria.bone.ribbon_left_himo_1] run data modify entity @s {} merge value {transformation:[-0.9999963624553433f,0.0026805999587488248f,-0.00029909855081617596f,0.30018807188360896f,0.0026647180771450854f,0.9646808476564602f,-0.2634079752824176f,2.3550829790628356f,-0.0004175567641419923f,-0.2634078141374597f,-0.9646844816299649f,-0.05328798446213248f,0f,0f,0f,1f],start_interpolation:0}
execute if entity @s[tag=aj.labyria.bone.ribbon_left_himo_2] run data modify entity @s {} merge value {transformation:[-0.9999963624553433f,0.0026805999587488248f,-0.00029909855081617596f,0.30014685692890253f,0.0026647180771450854f,0.9646808476564602f,-0.2634079752824176f,2.3195627410098747f,-0.0004175567641419923f,-0.2634078141374597f,-0.9646844816299649f,-0.18126247858591682f,0f,0f,0f,1f],start_interpolation:0}
execute if entity @s[tag=aj.labyria.bone.ribbon_left] run data modify entity @s {} merge value {transformation:[-0.9999963624553433f,0.002679323584512702f,-0.00031032436484836664f,0.2999226812434712f,0.0026647180771450854f,0.9635690270212811f,-0.2674464982811161f,2.4403460648837396f,-0.0004175567641419923f,-0.26744635235948f,-0.9635726616379056f,-0.1458699815754801f,0f,0f,0f,1f],start_interpolation:0}
execute if entity @s[tag=aj.labyria.bone.ribbon_right_himo_1] run data modify entity @s {} merge value {transformation:[-0.9999957302287766f,-0.002906996846310791f,-0.00029815021620467435f,-0.30027725551137663f,-0.0027168801743905954f,0.9624401540008048f,-0.2714803280700551f,2.355067318235518f,0.0010761441975344693f,-0.2714783588727512f,-0.96244394256363f,-0.053090254220969635f,0f,0f,0f,1f],start_interpolation:0}
execute if entity @s[tag=aj.labyria.bone.ribbon_right_himo_2] run data modify entity @s {} merge value {transformation:[-0.9999957302287766f,-0.002906996846310791f,-0.00029815021620467435f,-0.30031847046608307f,-0.0027168801743905954f,0.9624401540008048f,-0.2714803280700551f,2.319547080182557f,0.0010761441975344693f,-0.2714783588727512f,-0.96244394256363f,-0.18106474834475397f,0f,0f,0f,1f],start_interpolation:0}
execute if entity @s[tag=aj.labyria.bone.ribbon_right] run data modify entity @s {} merge value {transformation:[-0.9999957302287766f,-0.0029057224582649385f,-0.00031032436484836664f,-0.30007728602190076f,-0.0027168801743905954f,0.9635688813568477f,-0.2674464982811161f,2.44033041619355f,0.0010761441975344693f,-0.2674445132316394f,-0.9635726616379056f,-0.1456724045750898f,0f,0f,0f,1f],start_interpolation:0}
execute if entity @s[tag=aj.labyria.bone.crown] run data modify entity @s {} merge value {transformation:[-0.9763204547934028f,0.2163290855405068f,-0.00031032436484836664f,0.16864587583067076f,0.20852984270259206f,0.9407378355629166f,-0.2674464982811161f,2.717523769853872f,-0.05756452253285467f,-0.2611781987257108f,-0.9635726616379056f,-0.2052973558507763f,0f,0f,0f,1f],start_interpolation:0}
execute if entity @s[tag=aj.labyria.bone.ear_edge_a1] run data modify entity @s {} merge value {transformation:[-0.9975730963485924f,0.06962629635114738f,-0.000310319035750111f,0.1858260166221871f,0.06717204610426392f,0.9612175797977017f,-0.2674858510463969f,2.715109909301404f,-0.018325765022186413f,-0.26685753342236895f,-0.9635617381320623f,-0.22210054619324165f,0f,0f,0f,1f],start_interpolation:0}
execute if entity @s[tag=aj.labyria.bone.ear_edge_a2] run data modify entity @s {} merge value {transformation:[-0.9961832685773191f,-0.08728573256096872f,-0.000310319035750111f,0.07020102317384005f,-0.08402251113181841f,0.9598914194392447f,-0.2674858510463969f,2.7151049685883195f,0.0236455710379841f,-0.2664388556089498f,-0.9635617381320623f,-0.22206193713909658f,0f,0f,0f,1f],start_interpolation:0}
execute if entity @s[tag=aj.labyria.bone.ear_edge_b1] run data modify entity @s {} merge value {transformation:[-0.9877087020858057f,0.1563055454324619f,-0.0003103079659691029f,0.04832684284606277f,0.15068851842196815f,0.9516830140991465f,-0.26756758228708505f,2.7090870924289563f,-0.0415269820690755f,-0.2643255892686601f,-0.9635390457153308f,-0.22037359447558214f,0f,0f,0f,1f],start_interpolation:0}
execute if entity @s[tag=aj.labyria.bone.ear_edge_b2] run data modify entity @s {} merge value {transformation:[-0.9876678671738102f,-0.15656336691992495f,-0.0003103079659691029f,0.07645020978201289f,-0.15077292723853383f,0.9516696450559762f,-0.26756758228708505f,2.721132532908221f,0.04218659223332197f,-0.2642211172819636f,-0.9635390457153308f,-0.2237275802904597f,0f,0f,0f,1f],start_interpolation:0}
execute if entity @s[tag=aj.labyria.bone.ear_right_2] run data modify entity @s {} merge value {transformation:[-0.9999999433370553f,-0.00013051763236758231f,-0.0003103079659691029f,0.12486373454742475f,-0.0000427304915409028f,0.9635390947352105f,-0.26756758228708505f,2.818160204206597f,0.00033391614395742255f,-0.267567553866306f,-0.9635390457153308f,-0.2831195507364139f,0f,0f,0f,1f],start_interpolation:0}
execute if entity @s[tag=aj.labyria.bone.ear_right_1] run data modify entity @s {} merge value {transformation:[-0.9999999433370553f,-0.00013049131064497203f,-0.000310319035750111f,0.12489309509231987f,-0.0000427304915409028f,0.9635617871543525f,-0.2674858510463969f,2.6013588020968683f,0.00033391614395742255f,-0.26748582262977594f,-0.9635617381320623f,-0.22293524064471446f,0f,0f,0f,1f],start_interpolation:0}
execute if entity @s[tag=aj.labyria.bone.ear_edge_a3] run data modify entity @s {} merge value {transformation:[-0.987670578346723f,-0.15654626270543226f,-0.00031032436484836664f,-0.19534719648958065f,-0.15076174166074935f,0.9517054522322472f,-0.2674464982811161f,2.709580288789087f,0.04216308716955022f,-0.2641022525923914f,-0.9635726616379056f,-0.22043836541541514f,0f,0f,0f,1f],start_interpolation:0}
execute if entity @s[tag=aj.labyria.bone.ear_edge_a4] run data modify entity @s {} merge value {transformation:[-0.9999999454422867f,-0.0001131998782537974f,-0.00031032436484836664f,-0.08016333156545444f,-0.00002608115031578484f,0.9635727112558462f,-0.2674464982811161f,2.7192935839704875f,0.00032929500065052505f,-0.26744647559623025f,-0.9635726616379056f,-0.22317145576511763f,0f,0f,0f,1f],start_interpolation:0}
execute if entity @s[tag=aj.labyria.bone.ear_edge_b3] run data modify entity @s {} merge value {transformation:[-0.9702682878097516f,-0.24203171975904694f,-0.00031032436484836664f,-0.057826361383336994f,-0.2331346432838134f,0.9349441740863986f,-0.2674464982811161f,2.7151318359536063f,0.06502067187950555f,-0.2594225086078309f,-0.9635726616379056f,-0.2220235265307216f,0f,0f,0f,1f],start_interpolation:0}
execute if entity @s[tag=aj.labyria.bone.ear_edge_b4] run data modify entity @s {} merge value {transformation:[-0.9975718922593461f,0.06964354580933182f,-0.00031032436484836664f,-0.08693491459566285f,0.0671894169153296f,0.9612273158892994f,-0.2674464982811161f,2.7247679394443147f,-0.018327630198308027f,-0.26681795988155765f,-0.9635726616379056f,-0.22468872153325714f,0f,0f,0f,1f],start_interpolation:0}
execute if entity @s[tag=aj.labyria.bone.ear_left_2] run data modify entity @s {} merge value {transformation:[-0.9961847777221726f,-0.08726850711118123f,-0.00031032436484836664f,-0.14474230536826754f,-0.08400687724454277f,0.959903753056935f,-0.2674464982811161f,2.8173306262470996f,0.023637538159589053f,-0.26640006106192315f,-0.9635726616379056f,-0.28279293063348443f,0f,0f,0f,1f],start_interpolation:0}
execute if entity @s[tag=aj.labyria.bone.ear_left_1] run data modify entity @s {} merge value {transformation:[-0.9961847777221726f,-0.08726850711118123f,-0.00031032436484836664f,-0.1251068912682518f,-0.08400687724454277f,0.959903753056935f,-0.2674464982811161f,2.6013522818092896f,0.023637538159589053f,-0.26640006106192315f,-0.9635726616379056f,-0.2228529168945518f,0f,0f,0f,1f],start_interpolation:0}
execute if entity @s[tag=aj.labyria.bone.head] run data modify entity @s {} merge value {transformation:[-0.9999999454422867f,-0.00011319987825381334f,-0.00031032436484836664f,-0.00003918551395936076f,-0.000026081150315779436f,0.9635727112558463f,-0.2674464982811161f,2.1158822305057425f,0.0003292950006505202f,-0.26744647559623025f,-0.9635726616379056f,-0.055716114350380534f,0f,0f,0f,1f],start_interpolation:0}
execute if entity @s[tag=aj.labyria.bone.back_musket] run data modify entity @s {} merge value {transformation:[0.020683247297995692f,1.0188271320130229f,1.2665781140460024f,-0.09905195119151768f,-0.3606741405511494f,1.2379821194855765f,-0.9899348851296687f,2.0330163446521903f,-1.5849741348816704f,-0.26841793444760464f,0.24179628791191488f,-0.2681112076134859f,0f,0f,0f,1f],start_interpolation:0}
execute if entity @s[tag=aj.labyria.bone.body_1] run data modify entity @s {} merge value {transformation:[-0.9999998761790783f,-0.00010782238144420433f,-0.0004858149464370697f,0.0000012478790822158675f,-0.00003910263757724153f,0.9902517743216223f,-0.1392889870875035f,1.7445378151351343f,0.0004960975829979978f,-0.13928895084396692f,-0.9902516559238743f,-0.0034827577838929392f,0f,0f,0f,1f],start_interpolation:0}
execute if entity @s[tag=aj.labyria.bone.belt2] run data modify entity @s {} merge value {transformation:[-0.908472543007283f,-0.05069111139738959f,0.4148590722488518f,0.27255471921741237f,-0.09329409241304183f,0.9921673767713742f,-0.08306689347409932f,0.9555702756896856f,-0.40739888429241844f,-0.11416789257890322f,-0.9060860010955829f,0.19579684137162603f,0f,0f,0f,1f],start_interpolation:0}
execute if entity @s[tag=aj.labyria.bone.leg_left_2] run data modify entity @s {} merge value {transformation:[-0.9844422606155696f,-0.17311411487974193f,0.03008219977844954f,0.18902675706093608f,-0.17405856544174736f,0.9842066369989353f,-0.032263159851560336f,1.0554270864949291f,-0.02402189231655143f,-0.03699728255764051f,-0.9990266011337647f,0.033341806731138256f,0f,0f,0f,1f],start_interpolation:0}
execute if entity @s[tag=aj.labyria.bone.leg_left_1] run data modify entity @s {} merge value {transformation:[-0.9844422606155696f,-0.16528003599117408f,0.059631746719874236f,0.12497849544937345f,-0.17405856544174736f,0.9637185334653876f,-0.2023615676250895f,1.4288835765699408f,-0.02402189231655143f,-0.20959269538340047f,-0.9774936576425717f,-0.047895984291592496f,0f,0f,0f,1f],start_interpolation:0}
execute if entity @s[tag=aj.labyria.bone.belt] run data modify entity @s {} merge value {transformation:[-0.8708709785332306f,0.00020405568521893354f,-0.49151164493819555f,-0.2055984214167862f,0.3074902681677015f,0.780369197636561f,-0.5444939396928355f,1.3863557354594396f,0.3834494409054843f,-0.6253190175753075f,-0.6796636319003129f,0.1824201738223991f,0f,0f,0f,1f],start_interpolation:0}
execute if entity @s[tag=aj.labyria.bone.leg_right_2] run data modify entity @s {} merge value {transformation:[-0.9844247060313603f,0.1717251568654008f,0.03766256303842484f,-0.16271206050203277f,0.17403646963252206f,0.921563571510688f,0.34703298244160247f,1.2394449508721586f,0.024885847241314863f,0.34818250123178035f,-0.937096388021565f,0.14369244018813088f,0f,0f,0f,1f],start_interpolation:0}
execute if entity @s[tag=aj.labyria.bone.leg_right_1] run data modify entity @s {} merge value {transformation:[-0.9844247060313603f,0.1293317544808745f,-0.11908524441747027f,-0.12503889130152718f,0.17403646963252206f,0.8127800265853328f,-0.5559675670592612f,1.485462187434663f,0.024885847241314863f,-0.5680333842890264f,-0.8226291807006589f,-0.08654174669933841f,0f,0f,0f,1f],start_interpolation:0}
execute if entity @s[tag=aj.labyria.bone.skirt_forward_right] run data modify entity @s {} merge value {transformation:[-0.9844601079486806f,0.17560780998374032f,-0.0004392384167844733f,-0.000007034722754849649f,0.17178602282123645f,0.9625100628320067f,-0.20991412842014323f,1.6578863068829475f,-0.03643978898036952f,-0.20672754054513712f,-0.9777197276107427f,-0.01565889264887229f,0f,0f,0f,1f],start_interpolation:0}
execute if entity @s[tag=aj.labyria.bone.skirt_forward_left] run data modify entity @s {} merge value {transformation:[-0.9844269695922832f,-0.17579348283985752f,-0.0004392384167844733f,-0.000007034722754849649f,-0.17178602282123645f,0.9625100628320067f,-0.20991412842014323f,1.6578863068829475f,0.03732430712840755f,-0.20656967429455728f,-0.9777197276107427f,-0.01565889264887229f,0f,0f,0f,1f],start_interpolation:0}
execute if entity @s[tag=aj.labyria.bone.skirt_forward] run data modify entity @s {} merge value {transformation:[-0.9999998990882315f,-0.00009430344660117413f,-0.0004392384167844733f,-0.000007034722754849649f,0f,0.9777198262741795f,-0.20991412842014323f,1.6578863068829475f,0.0004492477343517618f,-0.2099141072373373f,-0.9777197276107427f,-0.01565889264887229f,0f,0f,0f,1f],start_interpolation:0}
execute if entity @s[tag=aj.labyria.bone.skirt_back_right] run data modify entity @s {} merge value {transformation:[-0.9844197078517256f,0.17583417007532365f,-0.00042828383743769293f,-0.000007034722754849649f,0.1675016898809635f,0.9385051205217317f,0.3019127732334482f,1.6578863068829475f,0.05348852849111472f,0.2971371457566558f,-0.953335457187785f,-0.01565889264887229f,0f,0f,0f,1f],start_interpolation:0}
execute if entity @s[tag=aj.labyria.bone.skirt_back_left] run data modify entity @s {} merge value {transformation:[-0.9844673696892381f,-0.17556712274827418f,-0.00042828383743769293f,-0.000007034722754849649f,-0.1675016898809635f,0.9385051205217317f,0.3019127732334482f,1.6578863068829475f,-0.05260401034307669f,0.2972950120072357f,-0.953335457187785f,-0.01565889264887229f,0f,0f,0f,1f],start_interpolation:0}
execute if entity @s[tag=aj.labyria.bone.skirt_back] run data modify entity @s {} merge value {transformation:[-0.9999998990882315f,0.00013563362934698384f,-0.00042828383743769293f,-0.000007034722754849649f,0f,0.9533355533905618f,0.3019127732334482f,1.6578863068829475f,0.0004492477343517618f,0.3019127427668963f,-0.953335457187785f,-0.01565889264887229f,0f,0f,0f,1f],start_interpolation:0}
execute if entity @s[tag=aj.labyria.bone.skirt_right] run data modify entity @s {} merge value {transformation:[-0.9825161375554504f,0.18598045285705925f,-0.008562160837214295f,-0.19374294567718675f,0.18430396510026867f,0.9781079544287615f,0.0966275216048865f,1.7010484311653091f,0.026345547848509794f,0.09336005911666412f,-0.995283784390309f,0.015746042140264455f,0f,0f,0f,1f],start_interpolation:0}
execute if entity @s[tag=aj.labyria.bone.skirt_left] run data modify entity @s {} merge value {transformation:[-0.9827312706756463f,-0.1848813955118632f,0.007623596907997108f,0.1937496716170342f,-0.1832978016047194f,0.9782978275471068f,0.0966192348525301f,1.7195009994464916f,-0.02532124726601263f,0.09355335488477923f,-0.9952922205195297f,-0.0007744826767167486f,0f,0f,0f,1f],start_interpolation:0}
execute if entity @s[tag=aj.labyria.bone.coat_downer] run data modify entity @s {} merge value {transformation:[-0.9999998990882315f,0.00004696373706679816f,-0.00044678622877267806f,-0.000014361840865774759f,0f,0.9945208280624153f,0.1045386175059159f,1.54184500435455f,0.0004492477343517618f,0.10453860695673917f,-0.9945207277035596f,-0.03196864072607799f,0f,0f,0f,1f],start_interpolation:0}
execute if entity @s[tag=aj.labyria.bone.body_2] run data modify entity @s {} merge value {transformation:[-0.9999998990882315f,0.00006252774254486969f,-0.0004448750478869698f,0f,0f,0.9902666477080813f,0.139183211764203f,1.769296875f,0.0004492477343517618f,0.13918319771897897f,-0.9902665477785225f,0f,0f,0f,0f,1f],start_interpolation:0}
execute if entity @s[tag=aj.labyria.bone.sphere] run data modify entity @s {} merge value {transformation:[-0.9999999394718758f,0f,-0.00034793137936507353f,0.45312925357517264f,0f,1f,0f,3.132176875f,0.00034793137936507353f,0f,-0.9999999394718758f,0.009366433654646312f,0f,0f,0f,1f],start_interpolation:0}