execute if entity @s[tag=aj.labyria.bone.wing_right_1] run data modify entity @s {} merge value {transformation:[-0.6276686979304981f,-0.11067492639129825f,-0.5106148360074924f,0.04695695926616705f,-0.07044833662955786f,0.8087727732585722f,-0.08870218456278861f,1.803840633066607f,0.5177001853861037f,-0.02412688020369054f,-0.6311488383474021f,-0.33649988257329266f,0f,0f,0f,1f],start_interpolation:0}
execute if entity @s[tag=aj.labyria.bone.wing_right_2] run data modify entity @s {} merge value {transformation:[-0.6095448724155158f,0.1351328448558916f,-0.500194125068564f,0.04695695926616705f,0.23943003875511112f,0.7583686755250258f,-0.08689193589824191f,1.803840633066607f,0.459487002050851f,-0.21590754091409525f,-0.6182682498097001f,-0.33649988257329266f,0f,0f,0f,1f],start_interpolation:0}
execute if entity @s[tag=aj.labyria.bone.wing_left_1] run data modify entity @s {} merge value {transformation:[-0.6276686979304978f,0.11067492639129824f,0.5106148360074926f,-0.046956959266166984f,0.07044833662955786f,0.8087727732585722f,-0.08870218456278861f,1.803840633066607f,-0.5177001853861039f,-0.024126880203690526f,-0.6311488383474019f,-0.3364998825732927f,0f,0f,0f,1f],start_interpolation:0}
execute if entity @s[tag=aj.labyria.bone.wing_left_2] run data modify entity @s {} merge value {transformation:[-0.6095448724155156f,-0.13513284485589158f,0.5001941250685642f,-0.046956959266166984f,-0.23943003875511112f,0.7583686755250258f,-0.08689193589824191f,1.803840633066607f,-0.45948700205085113f,-0.21590754091409528f,-0.6182682498096999f,-0.3364998825732927f,0f,0f,0f,1f],start_interpolation:0}
execute if entity @s[tag=aj.labyria.bone.musket] run data modify entity @s {} merge value {transformation:[-0.00001602450845814541f,0.0000026339818583566082f,-7.368394039236636e-7f,-0.5872677309379539f,0.000002229344498167468f,0.000015115638163041168f,0.000005550961186587777f,1.5078709973785602f,0.0000015845554095129513f,0.000005370780814403229f,-0.000015261374828642454f,-0.1858766264566044f,0f,0f,0f,1f],start_interpolation:0}
execute if entity @s[tag=aj.labyria.bone.omega_blade] run data modify entity @s {} merge value {transformation:[-1.7684522673443712f,0.29068418552251707f,-0.08131702248096835f,-0.5872677309379539f,0.2460287217404134f,1.6681500497570332f,0.6125997513123019f,1.5078709973785602f,0.17487030032809384f,0.5927151858323074f,-1.6842334346166041f,-0.1858766264566044f,0f,0f,0f,1f],start_interpolation:0}
execute if entity @s[tag=aj.labyria.bone.arm_right_2] run data modify entity @s {} merge value {transformation:[-0.4591424424287353f,-0.8881364488135447f,0.02004659196575595f,-0.4526334329263783f,-0.8847267287329469f,0.4551072610101607f,-0.10067768591563958f,1.7479569042840406f,0.0802921728817581f,-0.06396115434148723f,-0.9947171144145608f,-0.1760470325278951f,0f,0f,0f,1f],start_interpolation:0}
execute if entity @s[tag=aj.labyria.bone.arm_right_1] run data modify entity @s {} merge value {transformation:[-0.4076523150817967f,-0.8881364488135447f,0.21221036331272225f,-0.2984375f,-0.8443829522678753f,0.4551072610101607f,0.28265670148647914f,2.0663671157687844f,-0.34761619629677587f,-0.06396115434148723f,-0.9354528052272151f,-0.051537538949274264f,0f,0f,0f,1f],start_interpolation:0}
execute if entity @s[tag=aj.labyria.bone.arm_left_2] run data modify entity @s {} merge value {transformation:[-0.22054847106898812f,-0.9741497357750172f,0.04889441889005566f,0.3708049670695117f,-0.9719254336972625f,0.22370480562926578f,0.07291852488058762f,2.3852801487006987f,-0.08197147821968426f,-0.031439660110073354f,-0.9961386572815267f,-0.024640647658440297f,0f,0f,0f,1f],start_interpolation:0}
execute if entity @s[tag=aj.labyria.bone.arm_left_1] run data modify entity @s {} merge value {transformation:[-0.22054847106898812f,-0.9741497357750172f,0.04889441889005566f,0.2984375f,-0.9719254336972625f,0.22370480562926578f,0.07291852488058762f,2.0663671157687844f,-0.08197147821968426f,-0.031439660110073354f,-0.9961386572815267f,-0.051537538949274195f,0f,0f,0f,1f],start_interpolation:0}
execute if entity @s[tag=aj.labyria.bone.himo_right_2] run data modify entity @s {} merge value {transformation:[-1f,4.785076258316222e-17f,1.1272933223801346e-16f,-0.15625000000000003f,0f,0.9205048534524403f,-0.3907311284892737f,1.7589145862363906f,-1.2246467991473532e-16f,-0.3907311284892737f,-0.9205048534524403f,0.2246092156415272f,0f,0f,0f,1f],start_interpolation:0}
execute if entity @s[tag=aj.labyria.bone.himo_right_1] run data modify entity @s {} merge value {transformation:[-1f,3.272726218735738e-17f,1.1801069500828535e-16f,-0.15625000000000003f,0f,0.963630453208623f,-0.26723837607825685f,1.9379250563625183f,-1.2246467991473532e-16f,-0.26723837607825685f,-0.963630453208623f,0.16847932979430016f,0f,0f,0f,1f],start_interpolation:0}
execute if entity @s[tag=aj.labyria.bone.himo_left_2] run data modify entity @s {} merge value {transformation:[-1f,4.785076258316222e-17f,1.1272933223801346e-16f,0.15624999999999997f,0f,0.9205048534524403f,-0.3907311284892737f,1.7589145862363906f,-1.2246467991473532e-16f,-0.3907311284892737f,-0.9205048534524403f,0.22460921564152725f,0f,0f,0f,1f],start_interpolation:0}
execute if entity @s[tag=aj.labyria.bone.himo_left_1] run data modify entity @s {} merge value {transformation:[-1f,3.272726218735738e-17f,1.1801069500828535e-16f,0.15624999999999997f,0f,0.963630453208623f,-0.26723837607825685f,1.9379250563625183f,-1.2246467991473532e-16f,-0.26723837607825685f,-0.963630453208623f,0.16847932979430022f,0f,0f,0f,1f],start_interpolation:0}
execute if entity @s[tag=aj.labyria.bone.ribbon_left_himo_1] run data modify entity @s {} merge value {transformation:[-1f,3.272726218735738e-17f,1.1801069500828535e-16f,0.30053125f,0f,0.963630453208623f,-0.26723837607825685f,2.3349590937706046f,-1.2246467991473532e-16f,-0.26723837607825685f,-0.963630453208623f,-0.05309087061530485f,0f,0f,0f,1f],start_interpolation:0}
execute if entity @s[tag=aj.labyria.bone.ribbon_left_himo_2] run data modify entity @s {} merge value {transformation:[-1f,3.272726218735738e-17f,1.1801069500828535e-16f,0.30053125f,0f,0.963630453208623f,-0.26723837607825685f,2.2994664969477108f,-1.2246467991473532e-16f,-0.26723837607825685f,-0.963630453208623f,-0.1810730401820751f,0f,0f,0f,1f],start_interpolation:0}
execute if entity @s[tag=aj.labyria.bone.ribbon_left] run data modify entity @s {} merge value {transformation:[-1f,3.272726218735738e-17f,1.1801069500828535e-16f,0.3f,0f,0.963630453208623f,-0.26723837607825685f,2.4202411520710574f,-1.2246467991473532e-16f,-0.26723837607825685f,-0.963630453208623f,-0.14565424744905195f,0f,0f,0f,1f],start_interpolation:0}
execute if entity @s[tag=aj.labyria.bone.ribbon_right_himo_1] run data modify entity @s {} merge value {transformation:[-1f,3.272726218735738e-17f,1.1801069500828535e-16f,-0.30053125f,0f,0.963630453208623f,-0.26723837607825685f,2.3349590937706046f,-1.2246467991473532e-16f,-0.26723837607825685f,-0.963630453208623f,-0.05309087061530493f,0f,0f,0f,1f],start_interpolation:0}
execute if entity @s[tag=aj.labyria.bone.ribbon_right_himo_2] run data modify entity @s {} merge value {transformation:[-1f,3.272726218735738e-17f,1.1801069500828535e-16f,-0.30053125f,0f,0.963630453208623f,-0.26723837607825685f,2.2994664969477108f,-1.2246467991473532e-16f,-0.26723837607825685f,-0.963630453208623f,-0.18107304018207518f,0f,0f,0f,1f],start_interpolation:0}
execute if entity @s[tag=aj.labyria.bone.ribbon_right] run data modify entity @s {} merge value {transformation:[-1f,3.272726218735738e-17f,1.1801069500828535e-16f,-0.3f,0f,0.963630453208623f,-0.26723837607825685f,2.4202411520710574f,-1.2246467991473532e-16f,-0.26723837607825685f,-0.963630453208623f,-0.14565424744905203f,0f,0f,0f,1f],start_interpolation:0}
execute if entity @s[tag=aj.labyria.bone.crown] run data modify entity @s {} merge value {transformation:[-0.9762960071199334f,0.2164396139381029f,1.1801069500828535e-16f,0.16875000000000004f,0.20856780327147345f,0.9407885638067504f,-0.26723837607825685f,2.697435118505004f,-0.057840970947823575f,-0.2609037595144173f,-0.963630453208623f,-0.20506497928911793f,0f,0f,0f,1f],start_interpolation:0}
execute if entity @s[tag=aj.labyria.bone.ear_edge_a1] run data modify entity @s {} merge value {transformation:[-0.9975640502598242f,0.06975647374412533f,1.1801069500828535e-16f,0.18593750000000003f,0.06721946240828687f,0.9612830978565039f,-0.26723837607825685f,2.6950233871486624f,-0.01864160676432573f,-0.266587396825484f,-0.963630453208623f,-0.22185810550769217f,0f,0f,0f,1f],start_interpolation:0}
execute if entity @s[tag=aj.labyria.bone.ear_edge_a2] run data modify entity @s {} merge value {transformation:[-0.9961946980917455f,-0.08715574274765815f,1.1801069500828535e-16f,0.07031250000000003f,-0.08398592788366001f,0.959963548406176f,-0.26723837607825685f,2.6950233871486624f,0.02329135915777836f,-0.26622145337580744f,-0.963630453208623f,-0.22185810550769217f,0f,0f,0f,1f],start_interpolation:0}
execute if entity @s[tag=aj.labyria.bone.ear_edge_b1] run data modify entity @s {} merge value {transformation:[-0.9876883405951378f,0.1564344650402309f,1.1801069500828535e-16f,0.04843750000000002f,0.15074501444416616f,0.9517665632765654f,-0.26723837607825685f,2.6890006968161084f,-0.04180529240002226f,-0.26394822821207287f,-0.963630453208623f,-0.22018786565720302f,0f,0f,0f,1f],start_interpolation:0}
execute if entity @s[tag=aj.labyria.bone.ear_edge_b2] run data modify entity @s {} merge value {transformation:[-0.9876883405951378f,-0.15643446504023084f,1.1801069500828535e-16f,0.07656250000000002f,-0.15074501444416616f,0.9517665632765654f,-0.26723837607825685f,2.701046077481216f,0.04180529240002202f,-0.26394822821207287f,-0.963630453208623f,-0.22352834535818117f,0f,0f,0f,1f],start_interpolation:0}
execute if entity @s[tag=aj.labyria.bone.ear_right_2] run data modify entity @s {} merge value {transformation:[-1f,3.272726218735738e-17f,1.1801069500828535e-16f,0.12500000000000003f,0f,0.963630453208623f,-0.26723837607825685f,2.7980919590484636f,-1.2246467991473532e-16f,-0.26723837607825685f,-0.963630453208623f,-0.28287099440450997f,0f,0f,0f,1f],start_interpolation:0}
execute if entity @s[tag=aj.labyria.bone.ear_right_1] run data modify entity @s {} merge value {transformation:[-1f,3.272726218735738e-17f,1.1801069500828535e-16f,0.12500000000000003f,0f,0.963630453208623f,-0.26723837607825685f,2.581275107076524f,-1.2246467991473532e-16f,-0.26723837607825685f,-0.963630453208623f,-0.2227423597869023f,0f,0f,0f,1f],start_interpolation:0}
execute if entity @s[tag=aj.labyria.bone.ear_edge_a3] run data modify entity @s {} merge value {transformation:[-0.9876883405951377f,-0.15643446504023084f,1.1801069500828535e-16f,-0.19523827377799086f,-0.15074501444416616f,0.9517665632765653f,-0.26723837607825685f,2.689504426955484f,0.04180529240002202f,-0.26394822821207287f,-0.963630453208623f,-0.2203275623884347f,0f,0f,0f,1f],start_interpolation:0}
execute if entity @s[tag=aj.labyria.bone.ear_edge_a4] run data modify entity @s {} merge value {transformation:[-1f,2.7755575615628914e-17f,1.1801069500828535e-16f,-0.08005326181113276f,-1.3877787807814457e-17f,0.963630453208623f,-0.26723837607825685f,2.6992152998670327f,-1.214306433183765e-16f,-0.26723837607825685f,-0.963630453208623f,-0.22302062579105283f,0f,0f,0f,1f],start_interpolation:0}
execute if entity @s[tag=aj.labyria.bone.ear_edge_b3] run data modify entity @s {} merge value {transformation:[-0.9702957262759965f,-0.2419218955996677f,1.1801069500828535e-16f,-0.05771677939820295f,-0.233123305897797f,0.9350065104577284f,-0.26723837607825685f,2.6950527198619487f,0.06465081451782867f,-0.25930025420567016f,-0.963630453208623f,-0.2218662401890304f,0f,0f,0f,1f],start_interpolation:0}
execute if entity @s[tag=aj.labyria.bone.ear_edge_b4] run data modify entity @s {} merge value {transformation:[-0.9975640502598243f,0.0697564737441253f,1.1801069500828535e-16f,-0.08682420206637902f,0.06721946240828687f,0.961283097856504f,-0.26723837607825685f,2.7046901599952977f,-0.018641606764325726f,-0.26658739682548405f,-0.963630453208623f,-0.22453893887991538f,0f,0f,0f,1f],start_interpolation:0}
execute if entity @s[tag=aj.labyria.bone.ear_left_2] run data modify entity @s {} merge value {transformation:[-0.9961946980917455f,-0.08715574274765815f,1.1801069500828535e-16f,-0.14461004211822304f,-0.08398592788366001f,0.959963548406176f,-0.26723837607825685f,2.797266905467913f,0.02329135915777836f,-0.26622145337580744f,-0.963630453208623f,-0.2826421867964589f,0f,0f,0f,1f],start_interpolation:0}
execute if entity @s[tag=aj.labyria.bone.ear_left_1] run data modify entity @s {} merge value {transformation:[-0.9961946980917455f,-0.08715574274765815f,1.1801069500828535e-16f,-0.12499999999999999f,-0.08398592788366001f,0.959963548406176f,-0.26723837607825685f,2.581275107076524f,0.02329135915777836f,-0.26622145337580744f,-0.963630453208623f,-0.22274235978690235f,0f,0f,0f,1f],start_interpolation:0}
execute if entity @s[tag=aj.labyria.bone.head] run data modify entity @s {} merge value {transformation:[-1f,3.272726218735738e-17f,1.1801069500828535e-16f,6.817515704726222e-18f,0f,0.963630453208623f,-0.26723837607825685f,2.09576569905955f,-1.2246467991473532e-16f,-0.26723837607825685f,-0.963630453208623f,-0.05566924038402619f,0f,0f,0f,1f],start_interpolation:0}
execute if entity @s[tag=aj.labyria.bone.back_musket] run data modify entity @s {} merge value {transformation:[0.021455443264204826f,1.0190085757155662f,1.2664192935980836f,-0.09891062499999997f,-0.36048949524058543f,1.237973618776614f,-0.990012769442558f,2.0129285428860992f,-1.5850058764561488f,-0.2677675903769311f,0.2423087488478442f,-0.26812312306650626f,0f,0f,0f,1f],start_interpolation:0}
execute if entity @s[tag=aj.labyria.bone.body_1] run data modify entity @s {} merge value {transformation:[-1f,1.7043789261815554e-17f,1.2127286206821952e-16f,4.2609473154538895e-19f,0f,0.9902680687415704f,-0.13917310096006547f,1.7244151732814608f,-1.2246467991473532e-16f,-0.13917310096006547f,-0.9902680687415704f,-0.0034793275240016363f,0f,0f,0f,1f],start_interpolation:0}
execute if entity @s[tag=aj.labyria.bone.belt2] run data modify entity @s {} merge value {transformation:[-0.9091341485418908f,-0.045091881133072144f,0.41405533713610343f,0.26996137383309365f,-0.0881124310508082f,0.9924441035948313f,-0.0853867714237303f,0.934654314532603f,-0.4070765277553201f,-0.1141114520796781f,-0.906237980364396f,0.19588489411503548f,0f,0f,0f,1f],start_interpolation:0}
execute if entity @s[tag=aj.labyria.bone.leg_left_2] run data modify entity @s {} merge value {transformation:[-0.9854242328823397f,-0.16753047834582052f,0.029540143423363512f,0.18694409222358693f,-0.1684593594429294f,0.9851761938933918f,-0.032393073361567076f,1.0349908660475715f,-0.02367541898953961f,-0.03689723310697565f,-0.9990385721906433f,0.033463686169453694f,0f,0f,0f,1f],start_interpolation:0}
execute if entity @s[tag=aj.labyria.bone.leg_left_1] run data modify entity @s {} merge value {transformation:[-0.9854242328823397f,-0.15985572186732108f,0.058182724536841854f,0.125f,-0.1684593594429294f,0.9645841556710034f,-0.20297500054079443f,1.4087672263700852f,-0.02367541898953961f,-0.2098179087083256f,-0.9774537941616138f,-0.04784075345502248f,0f,0f,0f,1f],start_interpolation:0}
execute if entity @s[tag=aj.labyria.bone.belt] run data modify entity @s {} merge value {transformation:[-0.8730669992248158f,-0.003450011647405507f,-0.48758805592857596f,-0.20532608610070774f,0.3025635829681733f,0.7803412897667141f,-0.5472867162161734f,1.3657823353319531f,0.3823732379835659f,-0.6253443602566942f,-0.6802463803425268f,0.18227143814580826f,0f,0f,0f,1f],start_interpolation:0}
execute if entity @s[tag=aj.labyria.bone.leg_right_2] run data modify entity @s {} merge value {transformation:[-0.9854242328823397f,0.1660825034933387f,0.03681960458285073f,-0.16156380509306625f,0.16845935944292945f,0.9225804139543343f,0.34708330988960984f,1.2190996186491825f,0.02367541898953936f,0.3482269113972011f,-0.9371112488463875f,0.14360216198474868f,0f,0f,0f,1f],start_interpolation:0}
execute if entity @s[tag=aj.labyria.bone.leg_right_1] run data modify entity @s {} merge value {transformation:[-0.9854242328823397f,0.1254218648579239f,-0.11492796467271581f,-0.125f,0.16845935944292945f,0.8134843889178637f,-0.5566548241082689f,1.4653363032695301f,0.02367541898953936f,-0.5679018443379902f,-0.8227557169252483f,-0.08659501339821683f,0f,0f,0f,1f],start_interpolation:0}
execute if entity @s[tag=aj.labyria.bone.skirt_forward_right] run data modify entity @s {} merge value {transformation:[-0.9827290584930047f,0.18505025693970947f,1.1948538926780922e-16f,1.9174262919542486e-18f,0.18054839975039091f,0.9588214673861717f,-0.21923427885940094f,1.6377667172665735f,-0.04056935963292417f,-0.21544789645289192f,-0.975672245671157f,-0.01565697385800735f,0f,0f,0f,1f],start_interpolation:0}
execute if entity @s[tag=aj.labyria.bone.skirt_forward_left] run data modify entity @s {} merge value {transformation:[-0.9827290584930047f,-0.18505025693970942f,1.1948538926780922e-16f,1.9174262919542486e-18f,-0.18054839975039091f,0.9588214673861717f,-0.21923427885940094f,1.6377667172665735f,0.040569359632923935f,-0.21544789645289197f,-0.975672245671157f,-0.01565697385800735f,0f,0f,0f,1f],start_interpolation:0}
execute if entity @s[tag=aj.labyria.bone.skirt_forward] run data modify entity @s {} merge value {transformation:[-1f,2.684845578685435e-17f,1.1948538926780922e-16f,1.9174262919542486e-18f,0f,0.975672245671157f,-0.21923427885940094f,1.6377667172665735f,-1.2246467991473532e-16f,-0.21923427885940094f,-0.975672245671157f,-0.01565697385800735f,0f,0f,0f,1f],start_interpolation:0}
execute if entity @s[tag=aj.labyria.bone.skirt_back_right] run data modify entity @s {} merge value {transformation:[-0.9827290584930047f,0.18505025693970942f,1.1653773051717551e-16f,1.9174262919542486e-18f,0.1760943399385731f,0.9351677093329454f,0.30733066697381545f,1.6377667172665735f,0.056871618888956706f,0.30202277700120483f,-0.9516027853770868f,-0.01565697385800735f,0f,0f,0f,1f],start_interpolation:0}
execute if entity @s[tag=aj.labyria.bone.skirt_back_left] run data modify entity @s {} merge value {transformation:[-0.9827290584930047f,-0.18505025693970947f,1.1653773051717551e-16f,1.9174262919542486e-18f,-0.1760943399385731f,0.9351677093329454f,0.30733066697381545f,1.6377667172665735f,-0.05687161888895694f,0.30202277700120483f,-0.9516027853770868f,-0.01565697385800735f,0f,0f,0f,1f],start_interpolation:0}
execute if entity @s[tag=aj.labyria.bone.skirt_back] run data modify entity @s {} merge value {transformation:[-1f,-3.763715175893042e-17f,1.1653773051717551e-16f,1.9174262919542486e-18f,0f,0.9516027853770868f,0.30733066697381545f,1.6377667172665735f,-1.2246467991473532e-16f,0.30733066697381545f,-0.9516027853770868f,-0.01565697385800735f,0f,0f,0f,1f],start_interpolation:0}
execute if entity @s[tag=aj.labyria.bone.skirt_right] run data modify entity @s {} merge value {transformation:[-0.9790038010022349f,0.20364797939684823f,-0.00889146280187951f,-0.19375f,0.2018582155535286f,0.9746241221835399f,0.09675268095256909f,1.6819392052574555f,0.02836932210542804f,0.09292642759487374f,-0.9952687378882817f,0.01579675378807801f,0f,0f,0f,1f],start_interpolation:0}
execute if entity @s[tag=aj.labyria.bone.skirt_left] run data modify entity @s {} merge value {transformation:[-0.9801686279498656f,-0.1979766266655016f,0.00864384619406239f,0.19375f,-0.1962367056052595f,0.9757765152476137f,0.0967023663847904f,1.7020766391289148f,-0.027579270405010747f,0.09308838587800386f,-0.9952758091396351f,-0.0003073814315869526f,0f,0f,0f,1f],start_interpolation:0}
execute if entity @s[tag=aj.labyria.bone.coat_downer] run data modify entity @s {} merge value {transformation:[-1f,-1.280104479605235e-17f,1.217938055844715e-16f,3.9147453460732614e-18f,0f,0.9945218953682735f,0.10452846326765347f,1.5217196779609206f,-1.2246467991473532e-16f,0.10452846326765347f,-0.9945218953682735f,-0.031966321626765035f,0f,0f,0f,1f],start_interpolation:0}
execute if entity @s[tag=aj.labyria.bone.body_2] run data modify entity @s {} merge value {transformation:[-1f,-1.7043789261815557e-17f,1.2127286206821952e-16f,0f,0f,0.9902680687415704f,0.13917310096006544f,1.749171875f,-1.2246467991473532e-16f,0.13917310096006544f,-0.9902680687415704f,0f,0f,0f,0f,1f],start_interpolation:0}
execute if entity @s[tag=aj.labyria.bone.sphere] run data modify entity @s {} merge value {transformation:[-1f,0f,1.2246467991473532e-16f,0.453125f,0f,1f,0f,3.112051875f,-1.2246467991473532e-16f,0f,-1f,0.009570000000000023f,0f,0f,0f,1f],start_interpolation:0}