# This file was generated by Animated Java via MC-Build. It is not recommended to edit this file directly.
$data merge entity $(bone_head) { transformation: [-0.8820569221467168f,0.14775920526373626f,-0.44737322601256535f,0f,-1.3877787807814457e-17f,0.9495490062472974f,0.31361869321641184f,1.7311582512697463f,0.4711428510473876f,0.27662953926614364f,-0.8375562738779647f,0f,0f,0f,0f,1f], start_interpolation: 0, interpolation_duration: 1 }
$data merge entity $(bone_bust) { transformation: [-0.5187732581605217f,-0.4274559353364732f,-0.7403753979996484f,0.061446790704618004f,0f,0.8660254037844387f,-0.49999999999999994f,1.6217832512697463f,0.8549118706729465f,-0.2593866290802608f,-0.44927082037103466f,0.03728682793028751f,0f,0f,0f,1f], start_interpolation: 0, interpolation_duration: 1 }
$data merge entity $(bone_left_wing) { transformation: [-0.15212338618991694f,0f,-0.9883615104677607f,-0.0744406551990856f,0f,1f,0f,1.5124082512697463f,0.9883615104677607f,0f,-0.15212338618991694f,-0.11827864918712439f,0f,0f,0f,1f], start_interpolation: 0, interpolation_duration: 1 }
$data merge entity $(bone_right_wing) { transformation: [-0.8064446042674827f,0f,-0.5913096483635821f,-0.13928731246915083f,0f,1f,0f,1.5124082512697463f,0.5913096483635821f,0f,-0.8064446042674827f,-0.01141466535300606f,0f,0f,0f,1f], start_interpolation: 0, interpolation_duration: 1 }
$data merge entity $(bone_body) { transformation: [-0.5187732581605217f,0f,-0.8549118706729465f,0.6868425644167341f,0f,1f,0f,0.4499082512697463f,0.8549118706729465f,0f,-0.5187732581605217f,-0.16806930625621241f,0f,0f,0f,1f], start_interpolation: 0, interpolation_duration: 1 }
$data merge entity $(bone_right_ring) { transformation: [0.4302945656454095f,0.842158485349001f,-0.32498564942271635f,-0.5947720914822335f,0.41126750543255597f,0.1375857616117853f,0.9010711387992556f,1.5326482625839275f,0.8035581035316057f,-0.5213820516246997f,-0.2871500139166073f,0.567646791551049f,0f,0f,0f,1f], start_interpolation: 0, interpolation_duration: 1 }
$data merge entity $(bone_sword) { transformation: [4.6411859900332424e-7f,0.00000842158485349001f,-0.000005372290245465785f,-0.7859380930389823f,0.000009448180294714708f,0.000001375857616117853f,0.00000297302958928013f,1.5367222993855831f,0.0000032429127408278933f,-0.000005213820516246998f,-0.00000789300909537915f,0.6795003909475092f,0f,0f,0f,1f], start_interpolation: 0, interpolation_duration: 1 }
$data merge entity $(bone_right_hand) { transformation: [0.04641185990033242f,0.842158485349001f,-0.5372290245465785f,-0.5135500491976939f,0.9448180294714708f,0.1375857616117853f,0.297302958928013f,1.5820181902352701f,0.3242912740827893f,-0.5213820516246997f,-0.789300909537915f,0.4121838857155101f,0f,0f,0f,1f], start_interpolation: 0, interpolation_duration: 1 }
$data merge entity $(bone_right_arm) { transformation: [0.04641185990033242f,0.8193515148160644f,-0.5714096905279192f,-0.17832830749267933f,0.9448180294714708f,0.14969644351341038f,0.291392975181426f,1.6061582512697463f,0.3242912740827893f,-0.5534022677655529f,-0.7671903933090563f,0.29387595554382534f,0f,0f,0f,1f], start_interpolation: 0, interpolation_duration: 1 }
$data merge entity $(bone_left_ring) { transformation: [0.49784080553761295f,-0.07328343196245717f,-0.8641666916408342f,0.23234245958064548f,-0.8531805886076319f,0.13748460894733547f,-0.5031708114802892f,1.5592316672180517f,0.15568370359416286f,0.9877892087395983f,0.005921446850448681f,-0.8204139349875247f,0f,0f,0f,1f], start_interpolation: 0, interpolation_duration: 1 }
$data merge entity $(bone_left_hand) { transformation: [-0.3090804851632392f,-0.07328343196245717f,-0.9482082009195346f,0.13199740450030517f,-0.9448180294714708f,0.13748460894733547f,0.2973497494336342f,1.6085901763754762f,0.10857322357240534f,0.9877892087395983f,-0.11173331741559603f,-0.6765468696296746f,0f,0f,0f,1f], start_interpolation: 0, interpolation_duration: 1 }
$data merge entity $(bone_left_arm) { transformation: [-0.3090804851632392f,-0.1125393808950989f,-0.9443538221657201f,0.17832830749267933f,-0.9448180294714708f,0.14969644351341038f,0.291392975181426f,1.6374082512697463f,0.10857322357240534f,0.9823063995247022f,-0.15259748548358293f,-0.29387595554382534f,0f,0f,0f,1f], start_interpolation: 0, interpolation_duration: 1 }
$data merge entity $(bone_leftfoot) { transformation: [-0.47227194899360253f,-0.22350071391036025f,-0.8526468419429838f,0.37984530511653825f,-0.4138107245051391f,0.9103142906248874f,-0.00941151255856676f,0.6722789259339358f,0.7782800848526936f,0.3483896140324328f,-0.5224028965808063f,-0.0633333401146007f,0f,0f,0f,1f], start_interpolation: 0, interpolation_duration: 1 }
$data merge entity $(bone_leftleg) { transformation: [-0.47227194899360253f,-0.54398784277481f,-0.6935679008626284f,0.04614546009909451f,-0.4138107245051391f,0.8315781254094092f,-0.37045715761084286f,0.9499082512697463f,0.7782800848526936f,0.1120493117059698f,-0.6178390253681799f,-0.11821214885637972f,0f,0f,0f,1f], start_interpolation: 0, interpolation_duration: 1 }
$data merge entity $(bone_rightfoot) { transformation: [-0.47227194899360253f,-0.1213977738875379f,-0.8730531408161444f,0.1129945621948995f,0.4138107245051391f,0.844001789254895f,-0.3412061898897316f,0.6669433644524838f,0.7782800848526936f,-0.5224208650405207f,-0.348362669199784f,0.36523282567534743f,0f,0f,0f,1f], start_interpolation: 0, interpolation_duration: 1 }
$data merge entity $(bone_rightleg) { transformation: [-0.47227194899360253f,-0.13540016165163118f,-0.8709913905536014f,-0.08354785444103591f,0.4138107245051391f,0.8384144655684813f,-0.3547137835072802f,0.9499082512697463f,0.7782800848526936f,-0.5279469482346024f,-0.3399295947272819f,0.0955158188118569f,0f,0f,0f,1f], start_interpolation: 0, interpolation_duration: 1 }
$data merge entity $(bone_skirt_right_back) { transformation: [-0.5897574176308291f,-0.20831502016440592f,-0.78025062686506f,-0.28132637466929844f,0.4152740224136092f,0.7504066872321851f,-0.5142346643951952f,0.9175855211862941f,0.6926280925993669f,-0.6272915240389599f,-0.35605009368211366f,0.10946063048563745f,0f,0f,0f,1f], start_interpolation: 0, interpolation_duration: 1 }
$data merge entity $(bone_skirt_right) { transformation: [-0.5897574176308291f,-0.211360438598164f,-0.7794311729363971f,-0.0673312491695149f,0.4152740224136092f,0.7483927944032194f,-0.5171612046487652f,1.0292398735439834f,0.6926280925993669f,-0.6286771749323595f,-0.35359770228499837f,0.26984693558029593f,0f,0f,0f,1f], start_interpolation: 0, interpolation_duration: 1 }
$data merge entity $(bone_skirt_left_back) { transformation: [-0.1903160167351934f,-0.4297644237855525f,-0.8826564188982721f,-0.05747392418862579f,-0.6402717422232644f,0.7358946213467283f,-0.22025258768818365f,0.9419437176603089f,0.7441988375994921f,0.5232223679481101f,-0.41521854943431574f,-0.23698986483910187f,0f,0f,0f,1f], start_interpolation: 0, interpolation_duration: 1 }
$data merge entity $(bone_skirt_left) { transformation: [-0.1903160167351934f,-0.434456916989807f,-0.8803561785174009f,0.22322718385423096f,-0.6402717422232644f,0.7347117398561238f,-0.22416680268936595f,0.9790796391201624f,0.7441988375994921f,0.5210046512242472f,-0.41799789894001294f,-0.17524696013872282f,0f,0f,0f,1f], start_interpolation: 0, interpolation_duration: 1 }
$data merge entity $(bone_skirt_back_middle) { transformation: [-0.5187732581605217f,-0.2101787986975052f,-0.8286731437639273f,-0.10874745588264255f,0f,0.9693082669581307f,-0.24584849726330538f,0.9660367964856515f,0.8549118706729465f,-0.12753962593915305f,-0.5028512078117982f,-0.06598957616590188f,0f,0f,0f,1f], start_interpolation: 0, interpolation_duration: 1 }
$data merge entity $(bone_skirt_front_middle) { transformation: [-0.5187732581605217f,-0.35088329177222743f,-0.7795865713136693f,0.14350301379184233f,0f,0.9118911528272678f,-0.41043212032607357f,1.0689723438186856f,0.8549118706729465f,-0.21292120831528846f,-0.4730647444399559f,0.08707976643492889f,0f,0f,0f,1f], start_interpolation: 0, interpolation_duration: 1 }
$data merge entity $(bone_lower) { transformation: [-0.5187732581605217f,0f,-0.8549118706729465f,0f,0f,1f,0f,1.0436582512697463f,0.8549118706729465f,0f,-0.5187732581605217f,0f,0f,0f,0f,1f], start_interpolation: 0, interpolation_duration: 1 }
data modify entity @s data merge value {"locators":{"locator_right_hand":{"posx":-0.8301787948647545,"posy":1.5234778305515964,"posz":0.724419595885583,"roty":325.7592676233683,"rotx":17.295684378497036},"locator_left_hand":{"posx":0.26261218998143776,"posy":1.550089684372597,"posz":-1.1016225631821743,"roty":276.7205295648987,"rotx":17.298492260916824}},"cameras":{}}