# This file was generated by Animated Java via MC-Build. It is not recommended to edit this file directly.
$data merge entity $(bone_head) { transformation: [-0.956427639992321f,0.047404754088062044f,-0.2880953986938521f,0f,0f,0.9867312565064195f,0.16236202583505363f,1.6885023441087994f,0.29196946665485285f,0.1552875291937926f,-0.9437370469670923f,0f,0f,0f,0f,1f], start_interpolation: 0, interpolation_duration: 1 }
$data merge entity $(bone_bust) { transformation: [-0.6205919541719228f,-0.39206683946014675f,-0.6790796859079247f,0.05635960817239605f,0f,0.8660254037844387f,-0.49999999999999994f,1.5791273441087994f,0.7841336789202936f,-0.31029597708596135f,-0.5374483976971134f,0.04460504670610699f,0f,0f,0f,1f], start_interpolation: 0, interpolation_duration: 1 }
$data merge entity $(bone_left_wing) { transformation: [-0.2732772368183388f,0f,-0.9619353158279061f,-0.05922971272929156f,0f,1f,0f,1.4697523441087994f,0.9619353158279061f,0f,-0.2732772368183388f,-0.12658234920400874f,0f,0f,0f,1f], start_interpolation: 0, interpolation_duration: 1 }
$data merge entity $(bone_right_wing) { transformation: [-0.8734271721829051f,0f,-0.48695479758656635f,-0.13680370700078193f,0f,1f,0f,1.4697523441087994f,0.48695479758656635f,0f,-0.8734271721829051f,-0.028565639338971993f,0f,0f,0f,1f], start_interpolation: 0, interpolation_duration: 1 }
$data merge entity $(bone_body) { transformation: [-0.6205919541719228f,0f,-0.7841336789202936f,0.7023628165461082f,0f,1f,0f,0.4072523441087994f,0.7841336789202936f,0f,-0.6205919541719228f,-0.0817708623741854f,0f,0f,0f,1f], start_interpolation: 0, interpolation_duration: 1 }
$data merge entity $(bone_right_ring) { transformation: [-0.5856995634325134f,0.45234627517831616f,0.6725614237579097f,-0.4919021386608034f,-0.1109012339588484f,0.7772530555887128f,-0.6193372295320331f,1.2170417392453987f,-0.8029053105450032f,-0.43733343676228614f,-0.40507101524093203f,0.43486663358378075f,0f,0f,0f,1f], start_interpolation: 0, interpolation_duration: 1 }
$data merge entity $(bone_sword) { transformation: [-0.000002896054968635249f,0.000004523462751783162f,-0.000008435114127969665f,-0.6130829239579978f,0.00000591812391263639f,0.00000777253055588713f,0.000002136253288466118f,1.0688496663255846f,0.000007522544448079018f,-0.000004373334367622861f,-0.000004928008881449413f,0.546341260398513f,0f,0f,0f,1f], start_interpolation: 0, interpolation_duration: 1 }
$data merge entity $(bone_right_hand) { transformation: [-0.2896054968635249f,0.45234627517831616f,-0.8435114127969664f,-0.5003022281139071f,0.5918123912636389f,0.7772530555887128f,0.21362532884661178f,1.3585149037605049f,0.7522544448079017f,-0.43733343676228614f,-0.4928008881449413f,0.3203332008260853f,0f,0f,0f,1f], start_interpolation: 0, interpolation_duration: 1 }
$data merge entity $(bone_right_arm) { transformation: [-0.2896054968635249f,0.640968239717751f,-0.710836388952872f,-0.21332848424659848f,0.5918123912636389f,0.7035984905239138f,0.3933284348725422f,1.5635023441087994f,0.7522544448079017f,-0.3067717063315942f,-0.5830989371120116f,0.2695459521288509f,0f,0f,0f,1f], start_interpolation: 0, interpolation_duration: 1 }
$data merge entity $(bone_left_ring) { transformation: [-0.24929365092749006f,-0.3243336927199556f,0.9125022363665088f,0.31524998564482193f,0.47829321243749523f,0.7780775850439219f,0.4072233718592776f,1.2264588545342479f,-0.8420737963762225f,0.5379618271019384f,-0.03884319808770076f,-0.5997180585765823f,0f,0f,0f,1f], start_interpolation: 0, interpolation_duration: 1 }
$data merge entity $(bone_left_hand) { transformation: [-0.6656032922397648f,-0.3243336927199556f,-0.6721457528886302f,0.20155918182401977f,-0.5918123912636389f,0.7780775850439219f,0.2106023864988999f,1.3677774509316325f,0.45467609449629054f,0.5379618271019384f,-0.7098357004791633f,-0.582208620011826f,0f,0f,0f,1f], start_interpolation: 0, interpolation_duration: 1 }
$data merge entity $(bone_left_arm) { transformation: [-0.6656032922397648f,-0.15131638552275112f,-0.730804767931844f,0.21332848424659848f,-0.5918123912636389f,0.7035984905239138f,0.3933284348725422f,1.5947523441087994f,0.45467609449629054f,0.6943000184392913f,-0.557868383661236f,-0.2695459521288509f,0f,0f,0f,1f], start_interpolation: 0, interpolation_duration: 1 }
$data merge entity $(bone_leftfoot) { transformation: [-0.613839176926364f,0.29545340258922465f,-0.7320578882634989f,0.26782630552099435f,-0.1471189118386373f,0.8682641485962225f,0.473786232431771f,0.533441897190709f,0.7756013735481515f,0.39852811087917805f,-0.4895077672410259f,-0.01834983707630032f,0f,0f,0f,1f], start_interpolation: 0, interpolation_duration: 1 }
$data merge entity $(bone_leftleg) { transformation: [-0.613839176926364f,-0.20566824533211245f,-0.762169297290552f,0.06042107004510893f,-0.1471189118386373f,0.9783560257794153f,-0.14551808341413586f,0.9072523441087994f,0.7756013735481515f,0.022804817103369762f,-0.6308109460584072f,-0.11159215886254752f,0f,0f,0f,1f], start_interpolation: 0, interpolation_duration: 1 }
$data merge entity $(bone_rightfoot) { transformation: [-0.613839176926364f,-0.0621942945729117f,-0.7869773405841758f,0.11631092204504312f,0.14711891183863735f,0.9704150878353803f,-0.19144342005111165f,0.5975196767792852f,0.7756013735481515f,-0.23329472138055113f,-0.5865288418536567f,0.31021552234993616f,0f,0f,0f,1f], start_interpolation: 0, interpolation_duration: 1 }
$data merge entity $(bone_rightleg) { transformation: [-0.613839176926364f,-0.21572401525586776f,-0.7593843652013452f,-0.09472691849787176f,0.14711891183863735f,0.9138266263418791f,-0.37851938228845694f,0.9072523441087994f,0.7756013735481515f,-0.3440698275503184f,-0.5292055017851902f,0.08444126086752589f,0f,0f,0f,1f], start_interpolation: 0, interpolation_duration: 1 }
$data merge entity $(bone_skirt_right_back) { transformation: [-0.6205919541719228f,-0.20162172628162506f,-0.7577692959656596f,-0.29353093881711856f,0f,0.9663776934171019f,-0.2571267268602037f,0.8911566963223939f,0.7841336789202936f,-0.1595707778920041f,-0.5997262212258746f,0.0665856632270383f,0f,0f,0f,1f], start_interpolation: 0, interpolation_duration: 1 }
$data merge entity $(bone_skirt_right) { transformation: [-0.6205919541719228f,-0.28587161080293216f,-0.7301664526352952f,-0.0896981469061311f,0f,0.9311759872891724f,-0.3645699942343513f,0.9354935079952319f,0.7841336789202936f,-0.22624920515434277f,-0.5778803256297571f,0.2677592575988131f,0f,0f,0f,1f], start_interpolation: 0, interpolation_duration: 1 }
$data merge entity $(bone_skirt_left_back) { transformation: [-0.6205919541719228f,-0.2077380264366891f,-0.7561154268954334f,-0.0008995272684541589f,0f,0.9642685261734457f,-0.2649268001378697f,0.8787813771911744f,0.7841336789202936f,-0.16441144061007495f,-0.5984172890044587f,-0.2996086581931417f,0f,0f,0f,1f], start_interpolation: 0, interpolation_duration: 1 }
$data merge entity $(bone_skirt_left) { transformation: [-0.6205919541719228f,-0.31744893771208255f,-0.7170019514356598f,0.2399913287477029f,0f,0.9143873942806918f,-0.40484033047680246f,0.9354935079952319f,0.7841336789202936f,-0.2512406518182059f,-0.5674614598868271f,-0.14881175932759289f,0f,0f,0f,1f], start_interpolation: 0, interpolation_duration: 1 }
$data merge entity $(bone_skirt_back_middle) { transformation: [-0.6205919541719228f,-0.018899808381777725f,-0.7839058767863691f,-0.10076681956741948f,0f,0.9997094855889392f,-0.024102788707917336f,0.9732940934317365f,0.7841336789202936f,-0.014957996745239371f,-0.6204116632658474f,-0.07975053125781f,0f,0f,0f,1f], start_interpolation: 0, interpolation_duration: 1 }
$data merge entity $(bone_skirt_front_middle) { transformation: [-0.6205919541719228f,-0.15473650479117007f,-0.7687146678072991f,0.14275682150140545f,0f,0.9803362468320127f,-0.19733434355763574f,1.0080258100156227f,0.7841336789202936f,-0.12246410589366677f,-0.6083887871670473f,0.1129829481994932f,0f,0f,0f,1f], start_interpolation: 0, interpolation_duration: 1 }
$data merge entity $(bone_lower) { transformation: [-0.6205919541719228f,0f,-0.7841336789202936f,0f,0f,1f,0f,1.0010023441087994f,0.7841336789202936f,0f,-0.6205919541719228f,0f,0f,0f,0f,1f], start_interpolation: 0, interpolation_duration: 1 }
data modify entity @s data merge value {"locators":{"locator_right_hand":{"posx":-0.62817470033169,"posy":1.016933454588062,"posz":0.5813746140734206,"roty":300.2945623194867,"rotx":12.334890863385597},"locator_left_hand":{"posx":0.4272689396048021,"posy":1.0261186709676335,"posz":-0.7652284504020117,"roty":316.56220603864745,"rotx":12.157655958953809}},"cameras":{}}