# This file was generated by Animated Java via MC-Build. It is not recommended to edit this file directly.
$data merge entity $(bone_head) { transformation: [-0.9784453012369547f,0.034144491523690014f,-0.2036638067647603f,0f,0f,0.986236006996279f,0.16534369810801858f,1.5853005594769733f,0.20650615605188377f,0.16177976450293235f,-0.9649779869562055f,0f,0f,0f,0f,1f], start_interpolation: 0, interpolation_duration: 1 }
$data merge entity $(bone_bust) { transformation: [-0.7606892683748585f,-0.3245580984120264f,-0.5621511164575695f,0.04665522664672883f,0f,0.8660254037844387f,-0.49999999999999994f,1.4759255594769733f,0.6491161968240529f,-0.3803446341874292f,-0.6587762307988261f,0.05467454116444298f,0f,0f,0f,1f], start_interpolation: 0, interpolation_duration: 1 }
$data merge entity $(bone_left_wing) { transformation: [-0.4543792314481153f,0f,-0.8908083486522902f,-0.03359644532957795f,0f,1f,0f,1.3665505594769733f,0.8908083486522902f,0f,-0.4543792314481153f,-0.13565592084836064f,0f,0f,0f,1f], start_interpolation: 0, interpolation_duration: 1 }
$data merge entity $(bone_right_wing) { transformation: [-0.9511912598569187f,0f,-0.3086019882823306f,-0.12868260387643526f,0f,1f,0f,1.3665505594769733f,0.3086019882823306f,0f,-0.9511912598569187f,-0.05451639624535398f,0f,0f,0f,1f], start_interpolation: 0, interpolation_duration: 1 }
$data merge entity $(bone_body) { transformation: [-0.7606892683748585f,0f,-0.6491161968240529f,0.7049027325994557f,0f,1f,0f,0.30405055947697335f,0.6491161968240529f,0f,-0.7606892683748585f,0.055786535775402823f,0f,0f,0f,1f], start_interpolation: 0, interpolation_duration: 1 }
$data merge entity $(bone_right_ring) { transformation: [0.8875606749923068f,0.0012678116698122688f,-0.46068909349014364f,-0.3716243708416807f,0.09724088033922669f,0.9769503401695276f,0.1900322184091324f,1.0224896300374762f,0.45031129166172645f,-0.21346293705515695f,0.8669794202319532f,0.24474063836845067f,0f,0f,0f,1f], start_interpolation: 0, interpolation_duration: 1 }
$data merge entity $(bone_sword) { transformation: [-0.00000550940743847056f,1.2678116698122689e-8f,-0.000008345434017610004f,-0.40215834354218827f,0.0000017882676224463497f,0.000009769503401695277f,-0.000001165719603838968f,0.8125486425645385f,0.000008151596689448968f,-0.0000021346293705515695f,-0.000005384684657706824f,0.3084958257261274f,0f,0f,0f,1f], start_interpolation: 0, interpolation_duration: 1 }
$data merge entity $(bone_right_hand) { transformation: [-0.5509407438470559f,0.0012678116698122688f,-0.8345434017610004f,-0.4496647191833663f,0.17882676224463495f,0.9769503401695276f,-0.11657196038389678f,1.1642094994029746f,0.8151596689448968f,-0.21346293705515695f,-0.5384684657706823f,0.16090563578758094f,0f,0f,0f,1f], start_interpolation: 0, interpolation_duration: 1 }
$data merge entity $(bone_right_arm) { transformation: [-0.5509407438470559f,0.3395089893526356f,-0.762363392955095f,-0.26148693600385764f,0.17882676224463495f,0.9403171433732048f,0.2895248849124311f,1.4603005594769733f,0.8151596689448968f,0.023180078239894014f,-0.5787723197410523f,0.22313369265826816f,0f,0f,0f,1f], start_interpolation: 0, interpolation_duration: 1 }
$data merge entity $(bone_left_ring) { transformation: [0.4911655588681177f,-0.21165344548645373f,-0.8449610717633578f,0.30117184231638217f,0.1361993655046968f,0.9767602512395481f,-0.16549665988947546f,1.0245327500034616f,0.8603523270253225f,-0.033796902404916895f,0.5085780596623738f,-0.33886792664265253f,0f,0f,0f,1f], start_interpolation: 0, interpolation_duration: 1 }
$data merge entity $(bone_left_hand) { transformation: [-0.8916730676809845f,-0.21165344548645373f,-0.40015242019272496f,0.2305867020660558f,-0.17882676224463495f,0.9767602512395481f,-0.11815413959551102f,1.1660745886725619f,0.4158607092254367f,-0.033796902404916895f,-0.9088001099858809f,-0.4293487029545971f,0f,0f,0f,1f], start_interpolation: 0, interpolation_duration: 1 }
$data merge entity $(bone_left_arm) { transformation: [-0.8916730676809845f,-0.030511996813106984f,-0.4516504825889809f,0.26148693600385764f,-0.17882676224463495f,0.9403171433732048f,0.2895248849124311f,1.4915505594769733f,0.4158607092254367f,0.33892873576746574f,-0.8439118334243122f,-0.22313369265826816f,0f,0f,0f,1f], start_interpolation: 0, interpolation_duration: 1 }
$data merge entity $(bone_leftfoot) { transformation: [-0.7603852266937571f,0.43185829836736733f,-0.4850904216299529f,0.17003916190676482f,0.02827056677027325f,0.7681997508835391f,0.6395857392069932f,0.3935331136844233f,0.6488567500460877f,0.4726177661426942f,-0.5963366205809589f,0.02458291306596891f,0f,0f,0f,1f], start_interpolation: 0, interpolation_duration: 1 }
$data merge entity $(bone_leftleg) { transformation: [-0.7603852266937571f,0.03984740410635544f,-0.6482487882070188f,0.08088674174133116f,0.02827056677027325f,0.9992007750544876f,0.02825926724101226f,0.8040505594769733f,0.6488567500460877f,0.0031615686765013203f,-0.7609040165507951f,-0.09777960234870664f,0f,0f,0f,1f], start_interpolation: 0, interpolation_duration: 1 }
$data merge entity $(bone_rightfoot) { transformation: [-0.7603852266937571f,0.09243713143363136f,-0.6428605476759366f,0.09581557010409851f,-0.02827056677027325f,0.9841708116968637f,0.174953103597575f,0.49103571681691743f,0.6488567500460877f,0.15120578737686532f,-0.7457356956612516f,0.29121632074837694f,0f,0f,0f,1f], start_interpolation: 0, interpolation_duration: 1 }
$data merge entity $(bone_rightleg) { transformation: [-0.7603852266937571f,-0.26827415141678407f,-0.591475516574852f,-0.10928557535238347f,-0.02827056677027325f,0.9235102649300575f,-0.3825304767247998f,0.8040505594769733f,0.6488567500460877f,-0.2741491751773467f,-0.70980782446322f,0.06449944685730657f,0f,0f,0f,1f], start_interpolation: 0, interpolation_duration: 1 }
$data merge entity $(bone_skirt_right_back) { transformation: [-0.7608631799021947f,-0.05799277192654845f,-0.6463157586454131f,-0.30417479343675663f,-0.02302903307460739f,0.9977843160839804f,-0.062418925114681806f,0.819278578016822f,0.6485035737023885f,-0.032608234866348534f,-0.7605128650549785f,0.0038827378109103083f,0f,0f,0f,1f], start_interpolation: 0, interpolation_duration: 1 }
$data merge entity $(bone_skirt_right) { transformation: [-0.7608631799021947f,-0.18741879561588318f,-0.6212579307493888f,-0.1415093000594419f,-0.02302903307460739f,0.9645790921452878f,-0.26278667894667174f,0.8321814809279114f,0.6485035737023885f,-0.1856377387442119f,-0.738228788959877f,0.2433776800555886f,0f,0f,0f,1f], start_interpolation: 0, interpolation_duration: 1 }
$data merge entity $(bone_skirt_left_back) { transformation: [-0.7595339623117654f,0.09641932939118444f,-0.6432817990700063f,0.05356852122039041f,0.037678279706333015f,0.9938138407763046f,0.10447199203528668f,0.8638022687417799f,0.6493754748474577f,0.05511227450581169f,-0.7584682787469987f,-0.2996759650718622f,0f,0f,0f,1f], start_interpolation: 0, interpolation_duration: 1 }
$data merge entity $(bone_skirt_left) { transformation: [-0.7595339623117654f,-0.04464482765089353f,-0.6489337404227119f,0.26260687376470165f,0.037678279706333015f,0.9929470824840716f,-0.11241191495896509f,0.8321814809279114f,0.6493754748474577f,-0.1098313741623598f,-0.7524948916213628f,-0.1014652995071895f,0f,0f,0f,1f], start_interpolation: 0, interpolation_duration: 1 }
$data merge entity $(bone_skirt_back_middle) { transformation: [-0.7606892683748585f,0.0728066160796272f,-0.645020180796195f,-0.08038101592390064f,0f,0.9936898569964847f,0.11216268587326884f,0.9001589511363477f,0.6491161968240529f,0.08532095145589595f,-0.7558892103101738f,-0.09419727391420119f,0f,0f,0f,1f], start_interpolation: 0, interpolation_duration: 1 }
$data merge entity $(bone_skirt_front_middle) { transformation: [-0.7606892683748585f,-0.04030605896785308f,-0.6478636111017522f,0.12240373375507194f,0f,0.998070321263852f,-0.06209375018688419f,0.8923057963103048f,0.6491161968240529f,-0.04723404940031216f,-0.7592213824688596f,0.14344304938324476f,0f,0f,0f,1f], start_interpolation: 0, interpolation_duration: 1 }
$data merge entity $(bone_lower) { transformation: [-0.7606892683748585f,0f,-0.6491161968240529f,0f,0f,1f,0f,0.8978005594769733f,0.6491161968240529f,0f,-0.7606892683748585f,0f,0f,0f,0f,1f], start_interpolation: 0, interpolation_duration: 1 }
data modify entity @s data merge value {"locators":{"locator_right_hand":{"posx":-0.3891978411190359,"posy":0.7533106831849414,"posz":0.33025082906974157,"roty":302.8311288490621,"rotx":-6.694301627962917},"locator_left_hand":{"posx":0.388564157224478,"posy":0.7554072656624835,"posz":-0.34235819500456455,"roty":336.2356980534762,"rotx":-6.785584679366867}},"cameras":{}}