# This file was generated by Animated Java via MC-Build. It is not recommended to edit this file directly.
$data merge entity $(bone_head) { transformation: [-0.9798807733928783f,0.033406488086178514f,-0.19676807792099482f,0f,0f,0.9858923191062057f,0.16738080871888336f,1.5837235489386567f,0.19958374165992238f,0.16401323629858489f,-0.9660569281278872f,0f,0f,0f,0f,1f], start_interpolation: 0, interpolation_duration: 1 }
$data merge entity $(bone_bust) { transformation: [-0.7738747541431326f,-0.3166693326247057f,-0.548487373304919f,0.04552121656480146f,0f,0.8660254037844387f,-0.49999999999999994f,1.4743485489386567f,0.6333386652494115f,-0.3869373770715662f,-0.6701951964353896f,0.055622247954037696f,0f,0f,0f,1f], start_interpolation: 0, interpolation_duration: 1 }
$data merge entity $(bone_left_wing) { transformation: [-0.4725988318128749f,0f,-0.8812776771081325f,-0.0308001610222306f,0f,1f,0f,1.3649735489386567f,0.8812776771081325f,0f,-0.4725988318128749f,-0.13631801084597978f,0f,0f,0f,1f], start_interpolation: 0, interpolation_duration: 1 }
$data merge entity $(bone_right_wing) { transformation: [-0.9573352603472136f,0f,-0.2889795828357647f,-0.12753450529012222f,0f,1f,0f,1.3649735489386567f,0.2889795828357647f,0f,-0.9573352603472136f,-0.057150677689803364f,0f,0f,0f,1f], start_interpolation: 0, interpolation_duration: 1 }
$data merge entity $(bone_body) { transformation: [-0.7738747541431326f,0f,-0.6333386652494115f,0.703606709696272f,0f,1f,0f,0.30247354893865674f,0.6333386652494115f,0f,-0.7738747541431326f,0.07026804444686052f,0f,0f,0f,1f], start_interpolation: 0, interpolation_duration: 1 }
$data merge entity $(bone_right_ring) { transformation: [0.7129325057214492f,0.017102437473569043f,-0.701024071568301f,-0.3809141467571232f,0.14025608108036158f,0.9760238754841569f,0.16645007120715194f,1.021700981784896f,0.6870629330750676f,-0.2169905553643973f,0.6934404263359151f,0.2391317727776106f,0f,0f,0f,1f], start_interpolation: 0, interpolation_duration: 1 }
$data merge entity $(bone_sword) { transformation: [-0.000005665745103106005f,1.7102437473569046e-7f,-0.000008238330115373905f,-0.41523314920694443f,0.0000018827653350054728f,0.00000976023875484157f,-0.0000010922152451739637f,0.8123728143740446f,0.000008022127343786814f,-0.000002169905553643973f,-0.000005562102369458241f,0.30297681976062785f,0f,0f,0f,1f], start_interpolation: 0, interpolation_duration: 1 }
$data merge entity $(bone_right_hand) { transformation: [-0.5665745103106005f,0.017102437473569043f,-0.8238330115373904f,-0.4554762357335084f,0.18827653350054727f,0.9760238754841569f,-0.10922152451739636f,1.1639651944057898f,0.8022127343786813f,-0.2169905553643973f,-0.556210236945824f,0.15308228878825253f,0f,0f,0f,1f], start_interpolation: 0, interpolation_duration: 1 }
$data merge entity $(bone_right_arm) { transformation: [-0.5665745103106005f,0.34736041856509925f,-0.7472175478939065f,-0.2660194467367018f,0.18827653350054727f,0.9373896295534251f,0.29300619334531103f,1.4587235489386567f,0.8022127343786813f,0.025326310824348858f,-0.596500885817203f,0.21771016617948521f,0f,0f,0f,1f], start_interpolation: 0, interpolation_duration: 1 }
$data merge entity $(bone_left_ring) { transformation: [0.2204163370192073f,-0.2162080842042654f,-0.9511417889567025f,0.31112343708267975f,0.07517238740923729f,0.9759892754103011f,-0.20443592261457144f,1.0236919075129542f,0.9725048845873376f,-0.02643858182272235f,0.23137685892278095f,-0.33685179126337833f,0f,0f,0f,1f], start_interpolation: 0, interpolation_duration: 1 }
$data merge entity $(bone_left_hand) { transformation: [-0.898416912727057f,-0.2162080842042654f,-0.38223175594226194f,0.24150669680617623f,-0.18827653350054727f,0.9759892754103011f,-0.10953027534473198f,1.1659217684822452f,0.3967354255155455f,-0.02643858182272235f,-0.9175521802776136f,-0.427003336574205f,0f,0f,0f,1f], start_interpolation: 0, interpolation_duration: 1 }
$data merge entity $(bone_left_arm) { transformation: [-0.898416912727057f,-0.04386937342343497f,-0.43694682628601256f,0.2660194467367018f,-0.18827653350054727f,0.9373896295534251f,0.29300619334531103f,1.4899735489386567f,0.3967354255155455f,0.3455085534123977f,-0.8504262705607533f,-0.21771016617948521f,0f,0f,0f,1f], start_interpolation: 0, interpolation_duration: 1 }
$data merge entity $(bone_leftfoot) { transformation: [-0.7736416775357051f,0.3925337890645326f,-0.49738896170138447f,0.17166344188053806f,0.024541228522912285f,0.802965620389095f,0.5955198909992362f,0.3924814733578784f,0.6331479154844675f,0.44851247130464156f,-0.630840930981715f,0.028279884672284317f,0f,0f,0f,1f], start_interpolation: 0, interpolation_duration: 1 }
$data merge entity $(bone_leftleg) { transformation: [-0.7736416775357051f,0.034529026119535004f,-0.6326818324679291f,0.08288006096556069f,0.024541228522912285f,0.9993977281025862f,0.024533837163709004f,0.8024735489386567f,0.6331479154844675f,0.0034536095068293093f,-0.7740231196153304f,-0.09609584340305746f,0f,0f,0f,1f], start_interpolation: 0, interpolation_duration: 1 }
$data merge entity $(bone_rightfoot) { transformation: [-0.7736416775357051f,0.12023491099626438f,-0.6221110198006947f,0.08890396578791435f,-0.024541228522912285f,0.9754082667988871f,0.21903525095969617f,0.4894278585294439f,0.6331479154844675f,0.18472216769546435f,-0.7516657753812943f,0.2938644117622206f,0f,0f,0f,1f], start_interpolation: 0, interpolation_duration: 1 }
$data merge entity $(bone_rightleg) { transformation: [-0.7736416775357051f,-0.2599143839313713f,-0.5778607685293368f,-0.11058862757022245f,-0.024541228522912285f,0.9236012772691348f,-0.382568175269989f,0.8024735489386567f,0.6331479154844675f,-0.2817892717127437f,-0.720915059813065f,0.062238822909295416f,0f,0f,0f,1f], start_interpolation: 0, interpolation_duration: 1 }
$data merge entity $(bone_skirt_right_back) { transformation: [-0.7739980745476807f,-0.05487337231372591f,-0.6308057495040784f,-0.3041670910291377f,-0.017771335311298958f,0.9977279007017131f,-0.06498627395539547f,0.8157164579536398f,0.6329385122093112f,-0.039088990422771974f,-0.7732146471646745f,-0.0021999923841503066f,0f,0f,0f,1f], start_interpolation: 0, interpolation_duration: 1 }
$data merge entity $(bone_skirt_right) { transformation: [-0.7739980745476807f,-0.18350446751399666f,-0.6060141013201652f,-0.14644403564283148f,-0.017771335311298958f,0.9630026975175067f,-0.26890515840210083f,0.8306030109309084f,0.6329385122093112f,-0.197362395041229f,-0.7486233530860853f,0.24046480386792896f,0f,0f,0f,1f], start_interpolation: 0, interpolation_duration: 1 }
$data merge entity $(bone_skirt_left_back) { transformation: [-0.7731455259051047f,0.10042108578930023f,-0.6262280745078562f,0.06035113000482756f,0.02907779736766207f,0.9919595365520294f,0.12316963726393108f,0.869478663979367f,0.633561739275001f,0.07701872092148235f,-0.7698491015481246f,-0.29779831218449454f,0f,0f,0f,1f], start_interpolation: 0, interpolation_duration: 1 }
$data merge entity $(bone_skirt_left) { transformation: [-0.7731455259051047f,-0.03231896712824925f,-0.6334046732829512f,0.2646769274957077f,0.02907779736766207f,0.9958443242589613f,-0.08630506092610085f,0.8306030109309084f,0.633561739275001f,-0.0851443844594342f,-0.7689928194215209f,-0.09599636204582092f,0f,0f,0f,1f], start_interpolation: 0, interpolation_duration: 1 }
$data merge entity $(bone_skirt_back_middle) { transformation: [-0.7738747541431326f,0.06894960120861797f,-0.6295743144324414f,-0.07852990451869105f,0f,0.9940563382223196f,0.10886687485196458f,0.897860143724713f,0.6333386652494115f,0.08424932601039527f,-0.7692751043462203f,-0.09595547198804498f,0f,0f,0f,1f], start_interpolation: 0, interpolation_duration: 1 }
$data merge entity $(bone_skirt_front_middle) { transformation: [-0.7738747541431326f,-0.041422330569753585f,-0.6319826385511521f,0.11934132916813259f,0f,0.9978589232386036f,-0.06540312923014308f,0.8910429921514126f,0.6333386652494115f,-0.050613830553168496f,-0.7722178288908053f,0.14582283829573767f,0f,0f,0f,1f], start_interpolation: 0, interpolation_duration: 1 }
$data merge entity $(bone_lower) { transformation: [-0.7738747541431326f,0f,-0.6333386652494115f,0f,0f,1f,0f,0.8962235489386567f,0.6333386652494115f,0f,-0.7738747541431326f,0f,0f,0f,0f,1f], start_interpolation: 0, interpolation_duration: 1 }
data modify entity @s data merge value {"locators":{"locator_right_hand":{"posx":-0.4034296607437708,"posy":0.7530779084768692,"posz":0.32522951442318115,"roty":304.0252241677827,"rotx":-6.270441825757153},"locator_left_hand":{"posx":0.4000074892878499,"posy":0.7550785654756991,"posz":-0.3418139221730985,"roty":337.38447966289505,"rotx":-6.288238718344911}},"cameras":{}}