execute if entity @s[tag=aj.louvert.bone.head] run data modify entity @s {} merge value {transformation:[-0.9778112904421334f,0.18092540842794014f,-0.10559865940944624f,0.029188349551000956f,0.16128712620999763f,0.9718645741166788f,0.17165579656955005f,1.543783864988405f,0.1336844912576228f,0.15081527164776615f,-0.9794810925357367f,0.008975380960482358f,0f,0f,0f,1f],start_interpolation:0}
execute if entity @s[tag=aj.louvert.bone.coat_0] run data modify entity @s {} merge value {transformation:[0.13983994207884204f,-0.6548831687648823f,-0.7426794906740406f,0.24089471680233698f,0.08181716423614242f,0.7551266586195156f,-0.6504534426678683f,0.8783240186510118f,0.9867880938862921f,0.030195441884365487f,0.1591775519778643f,0.14468333575310216f,0f,0f,0f,1f],start_interpolation:0}
execute if entity @s[tag=aj.louvert.bone.coat_1] run data modify entity @s {} merge value {transformation:[0.43127810588691906f,-0.512275677262486f,-0.7426794906740406f,0.0988967372168956f,-0.28276244171963194f,0.7049508638722772f,-0.6504534426678683f,0.9236604365159768f,0.8567640264012856f,0.4905281949195082f,0.1591775519778643f,-0.3325809338175684f,0f,0f,0f,1f],start_interpolation:0}
execute if entity @s[tag=aj.louvert.bone.coat_2] run data modify entity @s {} merge value {transformation:[0.28399595917088283f,-0.3158589428150353f,-0.9053062594605088f,0.07706079067536123f,-0.09067283572993015f,0.931104058335577f,-0.353303933478969f,0.8196855472500109f,0.9545285391413412f,0.18242357521654576f,0.23578996409921665f,-0.07405160503500008f,0f,0f,0f,1f],start_interpolation:0}
execute if entity @s[tag=aj.louvert.bone.right_leg_1] run data modify entity @s {} merge value {transformation:[0.28399595917088283f,-0.1273705020934745f,-0.950327864671486f,0.5250965485418929f,-0.09067283572993015f,0.9831281108236783f,-0.15886332040140203f,0.9184384161060223f,0.9545285391413412f,0.13128546341740036f,0.2676553662080681f,-0.06701791501718157f,0f,0f,0f,1f],start_interpolation:0}
execute if entity @s[tag=aj.louvert.bone.right_leg_0] run data modify entity @s {} merge value {transformation:[0.28399595917088283f,-0.9509121396543927f,-0.1229324929890987f,0.20539522190597664f,-0.09067283572993015f,0.10100209483108036f,-0.9907456856834789f,0.8896581231172531f,0.9545285391413412f,0.2925144090427648f,-0.05753771343265801f,0.02536726836043452f,0f,0f,0f,1f],start_interpolation:0}
execute if entity @s[tag=aj.louvert.bone.left_leg_1] run data modify entity @s {} merge value {transformation:[0.38498919534422754f,-0.2608600332333793f,-0.8852882934556878f,0.35698656976622833f,-0.22024592911918195f,0.9055426644544662f,-0.3626075199980475f,0.6170180543234336f,0.8962561297835747f,0.33458112008029717f,0.29117078134864643f,-0.38144817472230863f,0f,0f,0f,1f],start_interpolation:0}
execute if entity @s[tag=aj.louvert.bone.left_leg_0] run data modify entity @s {} merge value {transformation:[0.38498919534422754f,-0.5479146772996243f,-0.7426794906740406f,0.13439623211325596f,-0.22024592911918195f,0.7269126836339743f,-0.6504534426678683f,0.9123263320497357f,0.8962561297835747f,0.41398968196285013f,0.1591775519778643f,-0.21326486642490078f,0f,0f,0f,1f],start_interpolation:0}
execute if entity @s[tag=aj.louvert.bone.body_1] run data modify entity @s {} merge value {transformation:[0.28399595917088283f,-0.6064432943868351f,-0.7426794906740406f,-0.01961780248626966f,-0.09067283572993015f,0.7541145508357542f,-0.6504534426678683f,1.1366530247196676f,0.9545285391413412f,0.2520670048043395f,0.1591775519778643f,-0.01517786003087703f,0f,0f,0f,1f],start_interpolation:0}
execute if entity @s[tag=aj.louvert.locator_origin.locator] at @s on origin run tp @s ^0.17358 ^1.76378 ^-0.8626 ~167.70937 ~-22.56527
execute if entity @s[tag=aj.louvert.bone.sword_0] run data modify entity @s {} merge value {transformation:[0.4321257113966479f,-0.8801284453611264f,0.19657387724757974f,0.32317625840959413f,0.8599462826498685f,0.3365105351967388f,-0.3837356520552614f,1.4357720682295727f,0.2715874822347543f,0.33486501663776397f,0.9022780392570663f,-0.062040706040197846f,0f,0f,0f,1f],start_interpolation:0}
execute if entity @s[tag=aj.louvert.bone.right_arm_1] run data modify entity @s {} merge value {transformation:[0.06064654119564317f,0.3185121540549508f,0.9459767464162531f,0.29465222597750895f,0.3473557621989286f,0.8817502285363646f,-0.3191559320195534f,1.297159777223543f,-0.9357702557295813f,0.3479461771529379f,-0.05716193048218146f,0.28539749912696466f,0f,0f,0f,1f],start_interpolation:0}
execute if entity @s[tag=aj.louvert.bone.right_arm_0] run data modify entity @s {} merge value {transformation:[0.9295696555371138f,0.3185121540549508f,0.18560782102025267f,0.03206984335676729f,-0.21867052272135293f,0.8817502285363646f,-0.41797097622782214f,1.3846629848205694f,-0.29678857457351865f,0.3479461771529379f,0.8892974754306202f,0.3040202271077427f,0f,0f,0f,1f],start_interpolation:0}
execute if entity @s[tag=aj.louvert.locator_origin.locator2] at @s on origin run tp @s ^0.75927 ^1.13724 ^-0.63372 ~-93.98416 ~-11.24393
execute if entity @s[tag=aj.louvert.bone.sword_1] run data modify entity @s {} merge value {transformation:[0.03522021345867797f,-0.20352714731262f,-0.978435606910701f,-0.10470629822848862f,0.16759934487817424f,0.9663802193555473f,-0.19498648987745473f,0.9912869272381298f,0.9852258604809008f,-0.1571177009286701f,0.0681471341624651f,-0.5780037890256942f,0f,0f,0f,1f],start_interpolation:0}
execute if entity @s[tag=aj.louvert.bone.left_arm_1] run data modify entity @s {} merge value {transformation:[-0.1332717234009369f,-0.15780497733288368f,-0.978435606910701f,-0.15049114654683743f,0.8480209792566877f,0.49278868443359924f,-0.19498648987745473f,1.304669294271803f,0.5129318341478448f,-0.855720107057892f,0.0681471341624651f,-0.376917902522578f,0f,0f,0f,1f],start_interpolation:0}
execute if entity @s[tag=aj.louvert.bone.left_arm_0] run data modify entity @s {} merge value {transformation:[0.3335778222178324f,-0.15780497733288368f,-0.9294210163609256f,-0.0462480771037648f,0.8422385366635677f,0.49278868443359924f,0.21861738232129302f,1.5678688369791678f,0.4235092488756532f,-0.855720107057892f,0.297292809354026f,-0.24457126224893638f,0f,0f,0f,1f],start_interpolation:0}
execute if entity @s[tag=aj.louvert.bone.wing_0] run data modify entity @s {} merge value {transformation:[-0.20054441576874124f,0.235632912644295f,-0.9509253744551881f,-0.5165209723509383f,0.026273078305150882f,0.9715888415413583f,0.23521234735594282f,1.3191088918692095f,0.979332253456581f,0.022186785956675698f,-0.20103751855951418f,0.14999507796488806f,0f,0f,0f,1f],start_interpolation:0}
execute if entity @s[tag=aj.louvert.bone.wing_1] run data modify entity @s {} merge value {transformation:[0.6978011918996478f,0.235632912644295f,-0.676424886489399f,-0.28416571826070686f,-0.1850347807932581f,0.9715888415413583f,0.1475711790598429f,1.2644545462888863f,0.6919794985982036f,0.022186785956675698f,0.7215761360027719f,0.07567187562638159f,0f,0f,0f,1f],start_interpolation:0}
execute if entity @s[tag=aj.louvert.bone.body_0] run data modify entity @s {} merge value {transformation:[0.28399595917088283f,0.235632912644295f,-0.9294210163609256f,-0.006078750000000001f,-0.09067283572993015f,0.9715888415413583f,0.21861738232129302f,1.402120625f,0.9545285391413412f,0.022186785956675698f,0.297292809354026f,0.00955625f,0f,0f,0f,1f],start_interpolation:0}