execute if entity @s[tag=aj.louvert.bone.head] run data modify entity @s {} merge value {transformation:[-0.8808854567824717f,-0.4092308293906519f,-0.23784646372266138f,0.00006101410102492353f,-0.2695365642592782f,0.8467548594397745f,-0.4586461038125493f,1.432586580335098f,0.3890897744177301f,-0.33990636400539304f,-0.8561967128833148f,-0.0708658555922307f,0f,0f,0f,1f],start_interpolation:0}
execute if entity @s[tag=aj.louvert.bone.coat_0] run data modify entity @s {} merge value {transformation:[-0.06740875209962142f,-0.5729200939664705f,-0.8168345157189565f,0.21158136488605658f,0.6311001485003018f,0.6096197624477444f,-0.4796627438065757f,0.9544141118880807f,0.7727668876855871f,-0.5478378511590873f,0.3204762489391762f,0.5188736959127873f,0f,0f,0f,1f],start_interpolation:0}
execute if entity @s[tag=aj.louvert.bone.coat_1] run data modify entity @s {} merge value {transformation:[0.16904166680865204f,-0.5515489904013334f,-0.8168345157189565f,0.20131620055280855f,0.3321308689980152f,0.812165462244345f,-0.4796627438065757f,0.6889052751499092f,0.9279622841156725f,-0.190212967814235f,0.3204762489391762f,0.09531769723592462f,0f,0f,0f,1f],start_interpolation:0}
execute if entity @s[tag=aj.louvert.bone.coat_2] run data modify entity @s {} merge value {transformation:[0.020530328666496074f,-0.2623651557631407f,-0.9647502426256385f,0.104344468254563f,0.5310176734763429f,0.820457619631862f,-0.21182427822086639f,0.761701850543173f,0.8471119973537252f,-0.5079506072733861f,0.15616479920257437f,0.34715522769175294f,0f,0f,0f,1f],start_interpolation:0}
execute if entity @s[tag=aj.louvert.bone.right_leg_1] run data modify entity @s {} merge value {transformation:[0.020530328666496074f,0.061667331218886456f,-0.9978855875626151f,0.539917102717159f,0.5310176734763429f,0.8450047227327887f,0.06314466735247837f,0.8462533305312276f,0.8471119973537252f,-0.5311912638773563f,-0.015398218070902664f,0.4311573675344252f,0f,0f,0f,1f],start_interpolation:0}
execute if entity @s[tag=aj.louvert.bone.right_leg_0] run data modify entity @s {} merge value {transformation:[0.020530328666496074f,-0.9479227809282784f,-0.31783786275716847f,0.2090150738027446f,0.5310176734763429f,0.2796963804330117f,-0.7998688425163492f,0.8880369027035377f,0.8471119973537252f,-0.15235595219705442f,0.5091060083808785f,0.4129846962435716f,0f,0f,0f,1f],start_interpolation:0}
execute if entity @s[tag=aj.louvert.bone.left_leg_1] run data modify entity @s {} merge value {transformation:[0.12032775031122135f,-0.2507848677743042f,-0.9605353624934716f,0.43308188901180045f,0.4016518948643279f,0.8971346713011334f,-0.18391611376196f,0.4383555595377861f,0.9078529549750528f,-0.36367063621473766f,0.20867841406871154f,0.3110430437196331f,0f,0f,0f,1f],start_interpolation:0}
execute if entity @s[tag=aj.louvert.bone.left_leg_0] run data modify entity @s {} merge value {transformation:[0.12032775031122135f,-0.5641831320016736f,-0.8168345157189565f,0.20388249163612054f,0.4016518948643279f,0.780127814884101f,-0.4796627438065757f,0.7552824843344521f,0.9078529549750528f,-0.2703663921587516f,0.3204762489391762f,0.20120669690514026f,0f,0f,0f,1f],start_interpolation:0}
execute if entity @s[tag=aj.louvert.bone.body_1] run data modify entity @s {} merge value {transformation:[0.020530328666496074f,-0.5765066170782632f,-0.8168345157189565f,0.026290464882475308f,0.5310176734763429f,0.6985298008386753f,-0.4796627438065757f,1.039950256281081f,0.8471119973537252f,-0.42390593037283325f,0.3204762489391762f,0.17462509333284554f,0f,0f,0f,1f],start_interpolation:0}
execute if entity @s[tag=aj.louvert.locator_origin.locator] at @s on origin run tp @s ^1.03584 ^2.07972 ^0.01672 ~-134.15699 ~-28.03452
execute if entity @s[tag=aj.louvert.bone.sword_0] run data modify entity @s {} merge value {transformation:[-0.06070015409776827f,-0.7715605290221117f,-0.6332533784731246f,0.4600022530802288f,0.8221994698310047f,0.32106827280975053f,-0.47000339999257296f,1.6756083352050495f,0.5659536404177661f,-0.5491898708553198f,0.6148877642690534f,0.5420474133816868f,0f,0f,0f,1f],start_interpolation:0}
execute if entity @s[tag=aj.louvert.bone.right_arm_1] run data modify entity @s {} merge value {transformation:[0.9301505147427023f,-0.3319165761169803f,-0.15700766357941476f,0.1150622503693886f,0.31816559302958547f,0.9420263052261717f,-0.10656967520856807f,1.5467608149485734f,0.18327759092703644f,0.04917140185827811f,0.9818306869838982f,0.470249049141902f,0f,0f,0f,1f],start_interpolation:0}
execute if entity @s[tag=aj.louvert.bone.right_arm_0] run data modify entity @s {} merge value {transformation:[0.6718787994922579f,-0.3319165761169803f,-0.6621255661063262f,-0.019984044324345793f,0.19950014142338549f,0.9420263052261717f,-0.2697890543257393f,1.5116931494259331f,0.7132871598205672f,0.04917140185827811f,0.699144906921591f,0.23048691258926515f,0f,0f,0f,1f],start_interpolation:0}
execute if entity @s[tag=aj.louvert.locator_origin.locator2] at @s on origin run tp @s ^0.9435 ^1.00167 ^-0.25952 ~-93.73018 ~-25.24354
execute if entity @s[tag=aj.louvert.bone.sword_1] run data modify entity @s {} merge value {transformation:[-0.2718245194602142f,-0.3338382913494913f,-0.9025870738322567f,0.14269299262091759f,0.6705440175403544f,0.6070394450972108f,-0.4264666840878794f,0.643213654272639f,0.6902768655844294f,-0.7211484641354527f,0.058845063633350785f,-0.22665960138511845f,0f,0f,0f,1f],start_interpolation:0}
execute if entity @s[tag=aj.louvert.bone.left_arm_1] run data modify entity @s {} merge value {transformation:[-0.43046040110663547f,-0.0063574546823944f,-0.9025870738322567f,-0.016312757772914174f,0.8960365798951196f,-0.12346908460398381f,-0.4264666840878794f,0.9816242129243644f,-0.10873035716381729f,-0.9923280545852846f,0.058845063633350785f,-0.257249782630542f,0f,0f,0f,1f],start_interpolation:0}
execute if entity @s[tag=aj.louvert.bone.left_arm_0] run data modify entity @s {} merge value {transformation:[0.034945290630083455f,-0.0063574546823944f,-0.9993690056394285f,-0.005392354451013097f,0.9917145532594559f,-0.12346908460398381f,0.03546307939889079f,1.2915350108179444f,-0.12361663122807026f,-0.9923280545852846f,0.0019901172849013824f,-0.29587997988931397f,0f,0f,0f,1f],start_interpolation:0}
execute if entity @s[tag=aj.louvert.bone.wing_0] run data modify entity @s {} merge value {transformation:[-0.267829951565817f,0.028984412571334727f,-0.9630301245922407f,-0.5095868805400857f,0.518772513641539f,0.8466183322225665f,-0.11879595378092303f,1.159293068333036f,0.8118757270261818f,-0.5314106729946008f,-0.2417860634799576f,0.112801621892114f,0f,0f,0f,1f],start_interpolation:0}
execute if entity @s[tag=aj.louvert.bone.wing_1] run data modify entity @s {} merge value {transformation:[0.3071549094236147f,0.028984412571334727f,-0.9512180430610352f,-0.2597446291302285f,0.4983689053013126f,0.8466183322225665f,0.1867239507225875f,1.1504272984833133f,0.8107307172210403f,-0.5314106729946008f,0.24559804718621644f,0.11230409257088866f,0f,0f,0f,1f],start_interpolation:0}
execute if entity @s[tag=aj.louvert.bone.body_0] run data modify entity @s {} merge value {transformation:[0.020530328666496074f,0.028984412571334727f,-0.9993690056394285f,-0.006078750000000001f,0.5310176734763429f,0.8466183322225665f,0.03546307939889079f,1.310901875f,0.8471119973537252f,-0.5314106729946008f,0.0019901172849013824f,0.00955625f,0f,0f,0f,1f],start_interpolation:0}