execute if entity @s[tag=aj.louvert.bone.head] run data modify entity @s {} merge value {transformation:[-0.8950307507014298f,0.12425347704881667f,-0.42834685564401426f,0.03692751691441841f,0.06693499727803578f,0.986953634144664f,0.14643165705553632f,1.6560856583826422f,0.4409531283914697f,0.10238944032428363f,-0.8916707582240517f,-0.008232179518091678f,0f,0f,0f,1f],start_interpolation:0}
execute if entity @s[tag=aj.louvert.bone.coat_0] run data modify entity @s {} merge value {transformation:[0.3454625918603218f,-0.5030720952480369f,-0.7921957236743319f,0.2007103902179792f,0.14179403601689283f,0.8624594535008347f,-0.4858581505100862f,0.9447776216452045f,0.9276583686763075f,0.055517186976569904f,0.3692801009735288f,0.1513545916323699f,0f,0f,0f,1f],start_interpolation:0}
execute if entity @s[tag=aj.louvert.bone.coat_1] run data modify entity @s {} merge value {transformation:[0.5507154282322724f,-0.262941918489704f,-0.7921957236743319f,-0.0223688493425473f,-0.3084324894546623f,0.8178088144742133f,-0.4858581505100862f,0.9688963416233421f,0.7756171198186281f,0.5119084786065137f,0.3692801009735288f,-0.295471929764596f,0f,0f,0f,1f],start_interpolation:0}
execute if entity @s[tag=aj.louvert.bone.coat_2] run data modify entity @s {} merge value {transformation:[0.446158479121053f,-0.12031807847619819f,-0.8868292797941348f,-0.009853695021575536f,-0.04823743995627536f,0.9862482558617649f,-0.15807443561845003f,0.8961047128205126f,0.8936530427939319f,0.11330462391898288f,0.4342191857849259f,-0.025898656444421964f,0f,0f,0f,1f],start_interpolation:0}
execute if entity @s[tag=aj.louvert.bone.right_leg_1] run data modify entity @s {} merge value {transformation:[0.5351764970615474f,0.17749421655314768f,-0.8258825098542257f,0.4293219399374938f,-0.08276515921490016f,0.9839898315051839f,0.15784150250973852f,0.9305339114504254f,0.8406759455420759f,-0.016118764983206912f,0.5412985682618716f,-0.14338588314680428f,0f,0f,0f,1f],start_interpolation:0}
execute if entity @s[tag=aj.louvert.bone.right_leg_0] run data modify entity @s {} merge value {transformation:[0.5351764970615474f,-0.7892694636572366f,-0.3010644959658132f,0.14494058032784757f,-0.08276515921490016f,0.3056923309800405f,-0.9485262923082951f,0.9508073016397389f,0.8406759455420759f,0.5325466294308947f,0.09827533804942709f,0.03964796128312842f,0f,0f,0f,1f],start_interpolation:0}
execute if entity @s[tag=aj.louvert.bone.left_leg_1] run data modify entity @s {} merge value {transformation:[0.5257028915568506f,-0.022675587088185845f,-0.8503659727193769f,0.15931382444895975f,-0.23598207606289096f,0.9565234627946102f,-0.17139231283945f,0.6209754091103112f,0.8172814261842818f,0.2907725621058734f,0.49749611811608296f,-0.36347446628084124f,0f,0f,0f,1f],start_interpolation:0}
execute if entity @s[tag=aj.louvert.bone.left_leg_0] run data modify entity @s {} merge value {transformation:[0.5257028915568506f,-0.3099393572956934f,-0.7921957236743319f,0.033400960547584325f,-0.23598207606289096f,0.8415784677378375f,-0.4858581505100862f,0.9628666616288077f,0.8172814261842818f,0.44236102613042877f,0.3692801009735288f,-0.18376529941535455f,0f,0f,0f,1f],start_interpolation:0}
execute if entity @s[tag=aj.louvert.bone.body_1] run data modify entity @s {} merge value {transformation:[0.446158479121053f,-0.4163754878718128f,-0.7921957236743319f,-0.040946569522225536f,-0.04823743995627536f,0.8727055671699265f,-0.4858581505100862f,1.2295574713748754f,0.8936530427939319f,0.2549832271545063f,0.3692801009735288f,0.007623589419670148f,0f,0f,0f,1f],start_interpolation:0}
execute if entity @s[tag=aj.louvert.locator_origin.locator] at @s on origin run tp @s ^0.15948 ^1.76694 ^-0.91794 ~164.7237 ~-20.87911
execute if entity @s[tag=aj.louvert.bone.sword_0] run data modify entity @s {} merge value {transformation:[0.6730730421536848f,-0.6974034419542882f,0.24617294545968194f,0.3573620371990094f,0.7319966129760046f,0.5806564624701935f,-0.35639729401786735f,1.4692850133213604f,0.10561078788476824f,0.42007917318276095f,0.9013211690293567f,-0.11599368769619449f,0f,0f,0f,1f],start_interpolation:0}
execute if entity @s[tag=aj.louvert.bone.right_arm_1] run data modify entity @s {} merge value {transformation:[0.07208252955770439f,0.5363598836102506f,0.8409055738822051f,0.32255386129830826f,0.2187537587231848f,0.8140693250168443f,-0.5379943560216021f,1.3801734344510952f,-0.9731140231119069f,0.22273124908781422f,-0.058650564385524906f,0.2467566554540505f,0f,0f,0f,1f],start_interpolation:0}
execute if entity @s[tag=aj.louvert.bone.right_arm_0] run data modify entity @s {} merge value {transformation:[0.8136057448105001f,0.5363598836102506f,0.22441873198320447f,0.08846852955664108f,-0.4285486798269986f,0.8140693250168443f,-0.3919657677465677f,1.5222935386871776f,-0.39292711923445467f,0.22273124908781422f,0.8921877995410461f,0.2910179075298633f,0f,0f,0f,1f],start_interpolation:0}
execute if entity @s[tag=aj.louvert.locator_origin.locator2] at @s on origin run tp @s ^0.61268 ^1.15639 ^-0.7366 ~-104.78097 ~-6.75842
execute if entity @s[tag=aj.louvert.bone.sword_1] run data modify entity @s {} merge value {transformation:[0.22245932508344612f,-0.16896250220269898f,-0.9601893154648307f,-0.2343870117887425f,0.22642548130509255f,0.966893040621938f,-0.11768325884602293f,1.0782894249276036f,0.9482844246844794f,-0.191231589561625f,0.2533517891283962f,-0.5192380755800852f,0f,0f,0f,1f],start_interpolation:0}
execute if entity @s[tag=aj.louvert.bone.left_arm_1] run data modify entity @s {} merge value {transformation:[0.013561311915013474f,-0.2790207327177017f,-0.9601893154648307f,-0.22389430267702f,0.8862265347590726f,0.4480548846696194f,-0.11768325884602293f,1.4062635350727701f,0.4630535821134196f,-0.8493493103766968f,0.2533517891283962f,-0.3374052397558338f,0f,0f,0f,1f],start_interpolation:0}
execute if entity @s[tag=aj.louvert.bone.left_arm_0] run data modify entity @s {} merge value {transformation:[0.4553951154397079f,-0.2790207327177017f,-0.8454364077488806f,-0.0815833291021113f,0.840432618554424f,0.4480548846696194f,0.30482754795695227f,1.6688987283710277f,0.29374870638593276f,-0.8493493103766968f,0.43854013095635824f,-0.24560876901022982f,0f,0f,0f,1f],start_interpolation:0}
execute if entity @s[tag=aj.louvert.bone.wing_0] run data modify entity @s {} merge value {transformation:[0.09644617647706055f,0.29356411899456814f,-0.9510616400012664f,-0.4867033528644047f,0.06962943055265519f,0.9511852161345953f,0.30066331170912136f,1.481529514314851f,0.9928997318178043f,-0.09521970723503795f,0.07129747478140436f,0.2437696603221317f,0f,0f,0f,1f],start_interpolation:0}
execute if entity @s[tag=aj.louvert.bone.wing_1] run data modify entity @s {} merge value {transformation:[0.7307132625005951f,0.29356411899456814f,-0.6163426287745146f,-0.27534425092718456f,-0.15905965689410118f,0.9511852161345953f,0.2644744035926995f,1.405322627325613f,0.6638961918511559f,-0.09521970723503795f,0.7417378605677386f,0.13413462758304218f,0f,0f,0f,1f],start_interpolation:0}
execute if entity @s[tag=aj.louvert.bone.body_0] run data modify entity @s {} merge value {transformation:[0.446158479121053f,0.29356411899456814f,-0.8454364077488806f,-0.006078750000000001f,-0.04823743995627536f,0.9511852161345953f,0.30482754795695227f,1.5177143750000002f,0.8936530427939319f,-0.09521970723503795f,0.43854013095635824f,0.00955625f,0f,0f,0f,1f],start_interpolation:0}