execute if entity @s[tag=aj.louvert.bone.head] run data modify entity @s {} merge value {transformation:[-0.9708027523100163f,-0.10973415947893858f,-0.2133082988323438f,0.011481294878842876f,-0.10112073783002173f,0.9935705217186261f,-0.05091379727037858f,1.4513546151850825f,0.21752382050711028f,-0.027857361957444343f,-0.9756573962702086f,-0.025058315056228582f,0f,0f,0f,1f],start_interpolation:0}
execute if entity @s[tag=aj.louvert.bone.coat_0] run data modify entity @s {} merge value {transformation:[0.2279584101590746f,-0.692285859067041f,-0.684671638505318f,0.28948641825801613f,0.30476535427076346f,0.7185835404610585f,-0.625104610617028f,0.836843736402867f,0.9247448524182028f,-0.06616634124885228f,0.3747919065451883f,0.24307580379214205f,0f,0f,0f,1f],start_interpolation:0}
execute if entity @s[tag=aj.louvert.bone.coat_1] run data modify entity @s {} merge value {transformation:[0.511637409040153f,-0.5190875736300407f,-0.684671638505318f,0.10955939978001798f,-0.045981646547661764f,0.7791854169362384f,-0.625104610617028f,0.7582171535860847f,0.8579701917033282f,0.35130923263810987f,0.3747919065451883f,-0.2167547394476192f,0f,0f,0f,1f],start_interpolation:0}
execute if entity @s[tag=aj.louvert.bone.coat_2] run data modify entity @s {} merge value {transformation:[0.35985403695599627f,-0.3614259876565743f,-0.8601606405392791f,0.1139389542058523f,0.15725316563356465f,0.9322274348930305f,-0.3259193942234542f,0.7193923686673473f,0.9196610864795225f,-0.01797957394463348f,0.39230118650862394f,0.06000952049040997f,0f,0f,0f,1f],start_interpolation:0}
execute if entity @s[tag=aj.louvert.bone.right_leg_1] run data modify entity @s {} merge value {transformation:[0.35985403695599627f,-0.1361578729990796f,-0.9230201003807228f,0.5553249820781788f,0.15725316563356465f,0.9839926531537952f,-0.08384450153455195f,0.8209558410585496f,0.9196610864795225f,-0.11497605037450745f,0.3755049851274726f,0.005852916210523293f,0f,0f,0f,1f],start_interpolation:0}
execute if entity @s[tag=aj.louvert.bone.right_leg_0] run data modify entity @s {} merge value {transformation:[0.35985403695599627f,-0.9268092038144805f,-0.10737677500857351f,0.24450466363851658f,0.15725316563356465f,0.17368846945260402f,-0.9721644703842218f,0.8171870906986715f,0.9196610864795225f,0.3329519714673289f,0.20824617814337837f,0.12811816798220174f,0f,0f,0f,1f],start_interpolation:0}
execute if entity @s[tag=aj.louvert.bone.left_leg_1] run data modify entity @s {} merge value {transformation:[0.4644490112003922f,-0.29365801327409846f,-0.8354951150275434f,0.3827335779080544f,0.022103811250912292f,0.9469728116595125f,-0.3205525159874143f,0.46090619633344243f,0.8853239732002983f,0.13041267276452445f,0.44631154730664424f,-0.21359522092548f,0f,0f,0f,1f],start_interpolation:0}
execute if entity @s[tag=aj.louvert.bone.left_leg_0] run data modify entity @s {} merge value {transformation:[0.4644490112003922f,-0.561704427097937f,-0.684671638505318f,0.1545411543995175f,0.022103811250912292f,0.7802279457399086f,-0.625104610617028f,0.7778737992902803f,0.8853239732002983f,0.2751953656315104f,0.3747919065451883f,-0.10179710363767888f,0f,0f,0f,1f],start_interpolation:0}
execute if entity @s[tag=aj.louvert.bone.body_1] run data modify entity @s {} merge value {transformation:[0.35985403695599627f,-0.6338215991214848f,-0.684671638505318f,0.0014536592935530251f,0.15725316563356465f,0.7645362435382357f,-0.625104610617028f,1.0364480211001745f,0.9196610864795225f,0.11727963507586275f,0.3747919065451883f,0.049810418133468544f,0f,0f,0f,1f],start_interpolation:0}
execute if entity @s[tag=aj.louvert.locator_origin.locator] at @s on origin run tp @s ^0.51572 ^1.71159 ^-0.80746 ~177.92715 ~-17.32091
execute if entity @s[tag=aj.louvert.bone.sword_0] run data modify entity @s {} merge value {transformation:[0.35292324806225256f,-0.9350149004491957f,0.03452994229898976f,0.521672969218967f,0.8967273073442745f,0.32747664699218393f,-0.2977233311949927f,1.4588370997857012f,0.26706800115378226f,0.1360374272497767f,0.9540275159275993f,0.033341540734964495f,0f,0f,0f,1f],start_interpolation:0}
execute if entity @s[tag=aj.louvert.bone.right_arm_1] run data modify entity @s {} merge value {transformation:[0.4847097373982125f,0.03843875434552027f,0.8738300364691762f,0.33723062489423494f,0.2552543369746759f,0.9493305977380662f,-0.18334841055734413f,1.3537051732666303f,-0.8366012753558142f,0.31191966652112635f,0.4503381259791079f,0.34264494146035573f,0f,0f,0f,1f],start_interpolation:0}
execute if entity @s[tag=aj.louvert.bone.right_arm_0] run data modify entity @s {} merge value {transformation:[0.9988600520109482f,0.03843875434552027f,0.02830297972036938f,0.06684115606051719f,-0.02766210350806142f,0.9493305977380662f,-0.3130594579753104f,1.3826622013202243f,-0.03890250025636116f,0.31191966652112635f,0.9493117070336557f,0.28783480854568894f,0f,0f,0f,1f],start_interpolation:0}
execute if entity @s[tag=aj.louvert.locator_origin.locator2] at @s on origin run tp @s ^0.7384 ^0.98781 ^-0.63176 ~-102.16165 ~-15.94042
execute if entity @s[tag=aj.louvert.bone.sword_1] run data modify entity @s {} merge value {transformation:[0.08418487546508996f,-0.33071621554984354f,-0.9399679204713942f,-0.09513698704358042f,0.3886364390902511f,0.8795088975866103f,-0.274637610820577f,0.7696943316965834f,0.9175372607988066f,-0.3421854524061108f,0.20256971937446228f,-0.4628904618880667f,0f,0f,0f,1f],start_interpolation:0}
execute if entity @s[tag=aj.louvert.bone.left_arm_1] run data modify entity @s {} merge value {transformation:[-0.19923032429933168f,-0.2770696417225576f,-0.9399679204713942f,-0.16451412987883346f,0.9235535913898321f,0.26762463741910647f,-0.274637610820577f,1.113954375400536f,0.3276523183353449f,-0.9228268890111654f,0.20256971937446228f,-0.33093543767574f,0f,0f,0f,1f],start_interpolation:0}
execute if entity @s[tag=aj.louvert.bone.left_arm_0] run data modify entity @s {} merge value {transformation:[0.2573094278119674f,-0.2770696417225576f,-0.9257560542577143f,-0.08410493368759364f,0.9460155765220183f,0.26762463741910647f,0.18284305407645385f,1.409584243063667f,0.1970948688748423f,-0.9228268890111654f,0.33097453917360975f,-0.2693432911523518f,0f,0f,0f,1f],start_interpolation:0}
execute if entity @s[tag=aj.louvert.bone.wing_0] run data modify entity @s {} merge value {transformation:[0.07865055045183555f,0.11610684773802527f,-0.9901178166369712f,-0.49130846115996046f,0.20316249449978319f,0.9704843427249188f,0.12994283879617186f,1.2091721494116185f,0.9759810918979165f,-0.21137488127523893f,0.05274057094523882f,0.21308906996893967f,0f,0f,0f,1f],start_interpolation:0}
execute if entity @s[tag=aj.louvert.bone.wing_1] run data modify entity @s {} merge value {transformation:[0.6107020324628655f,0.11610684773802527f,-0.7833021303775861f,-0.25986944759553193f,0.09807874435914565f,0.9704843427249188f,0.22031954164511985f,1.1634613858925051f,0.7857630606300218f,-0.21137488127523893f,0.5812891467378518f,0.13034543517553723f,0f,0f,0f,1f],start_interpolation:0}
execute if entity @s[tag=aj.louvert.bone.body_0] run data modify entity @s {} merge value {transformation:[0.35985403695599627f,0.11610684773802527f,-0.9257560542577143f,-0.006078750000000001f,0.15725316563356465f,0.9704843427249188f,0.18284305407645385f,1.310620625f,0.9196610864795225f,-0.21137488127523893f,0.33097453917360975f,0.00955625f,0f,0f,0f,1f],start_interpolation:0}