execute if entity @s[tag=aj.louvert.bone.head] run data modify entity @s {} merge value {transformation:[-0.9853176824917855f,0.09839096384272047f,-0.13952878843850583f,0.023786905560513535f,0.08286726983416716f,0.9901311870338679f,0.11301879513220378f,1.4695696621599041f,0.14927183310741582f,0.09979704753650878f,-0.9837471571210499f,-0.0005519511367378105f,0f,0f,0f,1f],start_interpolation:0}
execute if entity @s[tag=aj.louvert.bone.coat_0] run data modify entity @s {} merge value {transformation:[0.1807648672990037f,-0.6946194267784521f,-0.6962958528472991f,0.2653104833419332f,0.1335082388367645f,0.7187355134535613f,-0.6823450826842317f,0.8306058853935343f,0.9744227075110053f,0.03038278530055699f,0.22265954604350838f,0.16346018212479496f,0f,0f,0f,1f],start_interpolation:0}
execute if entity @s[tag=aj.louvert.bone.coat_1] run data modify entity @s {} merge value {transformation:[0.4808707376509824f,-0.5328559082703802f,-0.6962958528472991f,0.10189889397322495f,-0.21317729123756463f,0.6992571992030282f,-0.6823450826842317f,0.843215523674307f,0.8504814966662202f,0.47655424705282423f,0.22265954604350838f,-0.30891429800979125f,0f,0f,0f,1f],start_interpolation:0}
execute if entity @s[tag=aj.louvert.bone.coat_2] run data modify entity @s {} merge value {transformation:[0.3268231787374164f,-0.36234409328379624f,-0.8728650341847323f,0.09656770705166666f,-0.025219276561545365f,0.9199105718481092f,-0.3913164038112854f,0.7516175691983917f,0.9447489602691724f,0.14990429568370617f,0.2915100413465871f,-0.0448946146870596f,0f,0f,0f,1f],start_interpolation:0}
execute if entity @s[tag=aj.louvert.bone.right_leg_1] run data modify entity @s {} merge value {transformation:[0.32589729915541854f,-0.1658814525902056f,-0.9307385745147594f,0.5385945378599948f,-0.025137207981554874f,0.9826179695881899f,-0.18392946098239715f,0.8703791362519252f,0.9450709344689926f,0.08333828369330853f,0.3160627458163299f,-0.06198605533883486f,0f,0f,0f,1f],start_interpolation:0}
execute if entity @s[tag=aj.louvert.bone.right_leg_0] run data modify entity @s {} merge value {transformation:[0.32589729915541854f,-0.9418780604843736f,-0.08158841573040654f,0.22445758599975613f,-0.025137207981554874f,0.07763653863014913f,-0.996664782484272f,0.8337582949637274f,0.9450709344689926f,0.3268612657500478f,0.0016253535556817744f,0.04536656209114841f,0f,0f,0f,1f],start_interpolation:0}
execute if entity @s[tag=aj.louvert.bone.left_leg_1] run data modify entity @s {} merge value {transformation:[0.43259942685259245f,-0.2998843482872135f,-0.850251206138022f,0.3754269600850332f,-0.1514218067162347f,0.9054991688086548f,-0.39641227495831477f,0.5495228886402796f,0.888779597165461f,0.3002342967403762f,0.3463093916185525f,-0.35357111799228713f,0f,0f,0f,1f],start_interpolation:0}
execute if entity @s[tag=aj.louvert.bone.left_leg_0] run data modify entity @s {} merge value {transformation:[0.43259942685259245f,-0.5727388769713998f,-0.6962958528472991f,0.142751791315402f,-0.1514218067162347f,0.715175939603284f,-0.6823450826842317f,0.8400631141041138f,0.888779597165461f,0.4006164677320429f,0.22265954604350838f,-0.19082067797614471f,0f,0f,0f,1f],start_interpolation:0}
execute if entity @s[tag=aj.louvert.bone.body_1] run data modify entity @s {} merge value {transformation:[0.3268231787374164f,-0.639029494739971f,-0.6962958528472991f,-0.01609202844866188f,-0.025219276561545365f,0.7305950836313924f,-0.6823450826842317f,1.0652216681687308f,0.9447489602691724f,0.24056626660031893f,0.22265954604350838f,0.0024499003701015203f,0f,0f,0f,1f],start_interpolation:0}
execute if entity @s[tag=aj.louvert.locator_origin.locator] at @s on origin run tp @s ^0.27461 ^1.69152 ^-0.85803 ~169.99294 ~-20.62843
execute if entity @s[tag=aj.louvert.bone.sword_0] run data modify entity @s {} merge value {transformation:[0.404772222319806f,-0.8998397105132044f,0.16262823685263855f,0.39390346124983144f,0.8756857038549408f,0.3302347414943129f,-0.3523060651965293f,1.3909394813500524f,0.26331349396178394f,0.2850149310013367f,0.9216466204592413f,-0.041769267869132945f,0f,0f,0f,1f],start_interpolation:0}
execute if entity @s[tag=aj.louvert.bone.right_arm_1] run data modify entity @s {} merge value {transformation:[0.18920381783595877f,0.23083150225820198f,0.9544206268105895f,0.3180618174363112f,0.3132826476365496f,0.9069902545697853f,-0.281465203542586f,1.2647435253177508f,-0.9306212430447364f,0.35225771202438916f,0.0992905147192398f,0.30328568398442723f,0f,0f,0f,1f],start_interpolation:0}
execute if entity @s[tag=aj.louvert.bone.right_arm_0] run data modify entity @s {} merge value {transformation:[0.961631832756855f,0.23083150225820198f,0.14826002763359053f,0.04943038548309704f,-0.15749519691075553f,0.9069902545697853f,-0.3905943433608303f,1.3339237205935734f,-0.22463187925745015f,0.35225771202438916f,0.9085455536959103f,0.30119299471827315f,0f,0f,0f,1f],start_interpolation:0}
execute if entity @s[tag=aj.louvert.locator_origin.locator2] at @s on origin run tp @s ^0.74116 ^1.05236 ^-0.65067 ~-97.18947 ~-13.00229
execute if entity @s[tag=aj.louvert.bone.sword_1] run data modify entity @s {} merge value {transformation:[0.07004491541244756f,-0.24613839448232222f,-0.966700367532012f,-0.11363335114861957f,0.22568251613146734f,0.9478643921451391f,-0.22498999092380872f,0.8795926143121486f,0.9716795313977916f,-0.2024079664069332f,0.12194221335360761f,-0.548919800911625f,0f,0f,0f,1f],start_interpolation:0}
execute if entity @s[tag=aj.louvert.bone.left_arm_1] run data modify entity @s {} merge value {transformation:[-0.14352894558274687f,-0.2118722284618187f,-0.966700367532012f,-0.16273200895260026f,0.8711721755253216f,0.4363926495423389f,-0.22498999092380872f,1.202322290760555f,0.4695300654594792f,-0.8744550384279568f,0.12194221335360761f,-0.3640545207877989f,0f,0f,0f,1f],start_interpolation:0}
execute if entity @s[tag=aj.louvert.bone.left_arm_0] run data modify entity @s {} merge value {transformation:[0.3190608245151602f,-0.2118722284618187f,-0.9237479900201832f,-0.0630255012916127f,0.876627973555231f,0.4363926495423389f,0.20269398463167668f,1.4762685324965648f,0.3601716066545987f,-0.8744550384279568f,0.3249689208644492f,-0.25150089370823675f,0f,0f,0f,1f],start_interpolation:0}
execute if entity @s[tag=aj.louvert.bone.wing_0] run data modify entity @s {} merge value {transformation:[0.011694632118793735f,0.19969041232277973f,-0.9797892501992271f,-0.5067306686855336f,0.04144750837872977f,0.9789173288300937f,0.200007418275796f,1.2344138226903978f,0.9990722394445761f,-0.04294883633478702f,0.0031714079974797804f,0.1766961717855698f,0f,0f,0f,1f],start_interpolation:0}
execute if entity @s[tag=aj.louvert.bone.wing_1] run data modify entity @s {} merge value {transformation:[0.6070792085620768f,0.19969041232277973f,-0.7691414523727089f,-0.2757936711804878f,-0.08919512737400986f,0.9789173288300937f,0.18375280288716211f,1.1837403265324786f,0.7896195690231949f,-0.04294883633478702f,0.6120917689963745f,0.09545394156945751f,0f,0f,0f,1f],start_interpolation:0}
execute if entity @s[tag=aj.louvert.bone.body_0] run data modify entity @s {} merge value {transformation:[0.3268231787374164f,0.19969041232277973f,-0.9237479900201832f,-0.006078750000000001f,-0.025219276561545365f,0.9789173288300937f,0.20269398463167668f,1.327026875f,0.9447489602691724f,-0.04294883633478702f,0.3249689208644492f,0.00955625f,0f,0f,0f,1f],start_interpolation:0}