execute if entity @s[tag=aj.louvert.bone.head] run data modify entity @s {} merge value {transformation:[-0.9799814326914627f,0.16348130437637654f,-0.11362330174478225f,0.0280545657470134f,0.14440682340257793f,0.976563247645121f,0.15959602972377102f,1.5827458228216231f,0.1370513076725792f,0.1399931657910938f,-0.9806216663917957f,0.006962018580583755f,0f,0f,0f,1f],start_interpolation:0}
execute if entity @s[tag=aj.louvert.bone.coat_0] run data modify entity @s {} merge value {transformation:[0.15921594427281788f,-0.62603494471455f,-0.7633678871196803f,0.23653852381229812f,0.09934474461167239f,0.7794662446841197f,-0.6185167702787676f,0.9023934183047424f,0.9822326123721183f,0.02264114383785104f,0.18629673587681891f,0.14955810693872326f,0f,0f,0f,1f],start_interpolation:0}
execute if entity @s[tag=aj.louvert.bone.coat_1] run data modify entity @s {} merge value {transformation:[0.43379751059015437f,-0.4786326239614467f,-0.7633678871196803f,0.08897003372713799f,-0.27716461692773087f,0.7352664687086082f,-0.6185167702787676f,0.941103166453216f,0.8573211154107244f,0.47988960321364926f,0.18629673587681891f,-0.3265984808895537f,0f,0f,0f,1f],start_interpolation:0}
execute if entity @s[tag=aj.louvert.bone.coat_2] run data modify entity @s {} merge value {transformation:[0.2951369801703202f,-0.2788589361822354f,-0.9138554900241371f,0.067333292879758f,-0.07741949629694707f,0.946336291400206f,-0.31377355715871236f,0.8444336960941332f,0.9523131756565539f,0.16335641184299018f,0.2577097168923058f,-0.06523309499081285f,0f,0f,0f,1f],start_interpolation:0}
execute if entity @s[tag=aj.louvert.bone.right_leg_1] run data modify entity @s {} merge value {transformation:[0.2951369801703202f,-0.08602120378995162f,-0.9515747555680905f,0.5187477760444776f,-0.07741949629694707f,0.9905109320702516f,-0.11355313752798099f,0.9255761104507236f,0.9523131756565539f,0.1071841683638455f,0.2856766870486282f,-0.06727769814064698f,0f,0f,0f,1f],start_interpolation:0}
execute if entity @s[tag=aj.louvert.bone.right_leg_0] run data modify entity @s {} merge value {transformation:[0.2951369801703202f,-0.9414145578714106f,-0.1631955672306084f,0.19964640129100808f,-0.07741949629694707f,0.14667918540759906f,-0.9861498051317003f,0.9120708553418608f,0.9523131756565539f,0.30368379409500806f,-0.029593389041976476f,0.03051895998165402f,0f,0f,0f,1f],start_interpolation:0}
execute if entity @s[tag=aj.louvert.bone.left_leg_1] run data modify entity @s {} merge value {transformation:[0.3904311982506891f,-0.22249669555169832f,-0.8933413120980724f,0.33492621703911996f,-0.2120272266842886f,0.9225401667201447f,-0.322434638233142f,0.6240468045339036f,0.8958838845392296f,0.3153012230495509f,0.3130131054226916f,-0.3714174357278255f,0f,0f,0f,1f],start_interpolation:0}
execute if entity @s[tag=aj.louvert.bone.left_leg_0] run data modify entity @s {} merge value {transformation:[0.3904311982506891f,-0.5146192265617033f,-0.7633678871196803f,0.125862156248428f,-0.2120272266842886f,0.7566250458638623f,-0.6185167702787676f,0.9314257294160976f,0.8958838845392296f,0.4033430198039164f,0.18629673587681891f,-0.20755933393248446f,0f,0f,0f,1f],start_interpolation:0}
execute if entity @s[tag=aj.louvert.bone.body_1] run data modify entity @s {} merge value {transformation:[0.2951369801703202f,-0.5745986702476596f,-0.7633678871196803f,-0.0168078056826756f,-0.07741949629694707f,0.781948352819449f,-0.6185167702787676f,1.166107152635057f,0.9523131756565539f,0.24164672907484558f,0.18629673587681891f,-0.013005584139525976f,0f,0f,0f,1f],start_interpolation:0}
execute if entity @s[tag=aj.louvert.locator_origin.locator] at @s on origin run tp @s ^0.19274 ^1.79755 ^-0.86433 ~168.0936 ~-22.21949
execute if entity @s[tag=aj.louvert.bone.sword_0] run data modify entity @s {} merge value {transformation:[0.4427446755970385f,-0.8760701054004912f,0.1909929911123583f,0.33753947475935514f,0.8567985306318214f,0.35056314690874f,-0.37815573238626576f,1.4748119284511285f,0.2643358283275743f,0.3310689512065629f,0.905825545791993f,-0.06075618292348686f,0f,0f,0f,1f],start_interpolation:0}
execute if entity @s[tag=aj.louvert.bone.right_arm_1] run data modify entity @s {} merge value {transformation:[0.08722962956071895f,0.3172298071852602f,0.9443284604203679f,0.2990644349922553f,0.3361952872503989f,0.8829535622310936f,-0.3276671112181452f,1.3403944468764417f,-0.9377439525570516f,0.34606105874054216f,-0.02963145399830172f,0.2873700959121464f,0f,0f,0f,1f],start_interpolation:0}
execute if entity @s[tag=aj.louvert.bone.right_arm_0] run data modify entity @s {} merge value {transformation:[0.9314753261779998f,0.3172298071852602f,0.1780981924523419f,0.036486190350819375f,-0.22157030624630863f,0.8829535622310936f,-0.4138835661551924f,1.4283959618533066f,-0.28854863734127373f,0.34606105874054216f,0.8927381629077303f,0.30354179349770727f,0f,0f,0f,1f],start_interpolation:0}
execute if entity @s[tag=aj.louvert.locator_origin.locator2] at @s on origin run tp @s ^0.75426 ^1.17452 ^-0.63905 ~-94.75397 ~-11.64347
execute if entity @s[tag=aj.louvert.bone.sword_1] run data modify entity @s {} merge value {transformation:[0.044670373915915496f,-0.2128971624841794f,-0.97605294728329f,-0.10786792275517598f,0.17923943940254833f,0.9628818464103079f,-0.20182114164808446f,1.0224761901519903f,0.982790812460552f,-0.16593175723670506f,0.0811718601700532f,-0.5721305515260383f,0f,0f,0f,1f],start_interpolation:0}
execute if entity @s[tag=aj.louvert.bone.left_arm_1] run data modify entity @s {} merge value {transformation:[-0.13437512540358854f,-0.17106714989258645f,-0.97605294728329f,-0.15393460176990342f,0.8528231786378772f,0.48162314392256045f,-0.20182114164808446f,1.3377934919896255f,0.5046146565952649f,-0.8595203182390604f,0.0811718601700532f,-0.3741579415510877f,0f,0f,0f,1f],start_interpolation:0}
execute if entity @s[tag=aj.louvert.bone.left_arm_0] run data modify entity @s {} merge value {transformation:[0.3314989029093617f,-0.17106714989258645f,-0.9278170658042006f,-0.050341194610727905f,0.8496540305147972f,0.48162314392256045f,0.21477238106448604f,1.6033103765254997f,0.41011767311327807f,-0.8595203182390604f,0.3050054372210015f,-0.24599616870318836f,0f,0f,0f,1f],start_interpolation:0}
execute if entity @s[tag=aj.louvert.bone.wing_0] run data modify entity @s {} merge value {transformation:[-0.20249873284810105f,0.22814393557232032f,-0.9523363942727832f,-0.5142784450080721f,0.03896553230772254f,0.9735908000412793f,0.22495030866161894f,1.3554601758396765f,0.9785070007347361f,0.008443857918910933f,-0.2060406532132822f,0.15656216103145884f,0f,0f,0f,1f],start_interpolation:0}
execute if entity @s[tag=aj.louvert.bone.wing_1] run data modify entity @s {} merge value {transformation:[0.7154843179981558f,0.22814393557232032f,-0.6603275970003724f,-0.2823241785570219f,-0.17353045733674724f,0.9735908000412793f,0.14835138843799592f,1.3017670805735548f,0.6767343430587904f,0.008443857918910933f,0.7361788710552839f,0.0803108017262085f,0f,0f,0f,1f],start_interpolation:0}
execute if entity @s[tag=aj.louvert.bone.body_0] run data modify entity @s {} merge value {transformation:[0.2951369801703202f,0.22814393557232032f,-0.9278170658042006f,-0.006078750000000001f,-0.07741949629694707f,0.9735908000412793f,0.21477238106448604f,1.4408276562500002f,0.9523131756565539f,0.008443857918910933f,0.3050054372210015f,0.00955625f,0f,0f,0f,1f],start_interpolation:0}