execute if entity @s[tag=aj.louvert.bone.head] run data modify entity @s {} merge value {transformation:[-0.9850614508376697f,0.09796115645727974f,-0.14162467969650464f,0.02391283687235402f,0.08219795446253109f,0.9901693561547416f,0.11317306399616556f,1.623336042816808f,0.1513189821395877f,0.0998411636433435f,-0.9834298692263636f,-0.0006089060031409226f,0f,0f,0f,1f],start_interpolation:0}
execute if entity @s[tag=aj.louvert.bone.coat_0] run data modify entity @s {} merge value {transformation:[0.20491098509203462f,-0.5907714554498693f,-0.7803848894066663f,0.23868184671453904f,0.15286036042501172f,0.8068355081455013f,-0.5706576670880065f,0.9285438245019944f,0.9667704993427072f,-0.00235589075161019f,0.2556349963902028f,0.17086015490884124f,0f,0f,0f,1f],start_interpolation:0}
execute if entity @s[tag=aj.louvert.bone.coat_1] run data modify entity @s {} merge value {transformation:[0.45454616390667557f,-0.4294033177136276f,-0.7803848894066663f,0.07472178556274581f,-0.23696638133445627f,0.7862548957627717f,-0.5706576670880065f,0.9412409276843507f,0.8586237354015894f,0.4443152367695737f,0.2556349963902028f,-0.30132188828835277f,0f,0f,0f,1f],start_interpolation:0}
execute if entity @s[tag=aj.louvert.bone.coat_2] run data modify entity @s {} merge value {transformation:[0.32792012230358647f,-0.2334009354265254f,-0.9154192464277904f,0.059153704962809146f,-0.025394206364712568f,0.9664717247239542f,-0.2555142649485772f,0.8635601677071718f,0.9443640863943881f,0.10703461426626538f,0.3109984946544991f,-0.03327649214098041f,0f,0f,0f,1f],start_interpolation:0}
execute if entity @s[tag=aj.louvert.bone.right_leg_1] run data modify entity @s {} merge value {transformation:[0.32792012230358647f,-0.02973541302663385f,-0.9442373634846993f,0.5129668926619818f,-0.025394206364712568f,0.99886589470346f,-0.040274789650135284f,0.9206076749845251f,0.9443640863943881f,0.03718507241342614f,0.32679311914130166f,-0.05695994237286388f,0f,0f,0f,1f],start_interpolation:0}
execute if entity @s[tag=aj.louvert.bone.right_leg_0] run data modify entity @s {} merge value {transformation:[0.32792012230358647f,-0.919759346742252f,-0.21566440936943365f,0.19769183142659075f,-0.025394206364712568f,0.2196230575811992f,-0.975254247292362f,0.9317181002975835f,0.9443640863943881f,0.3252821185662548f,0.0486622612456685f,0.052814644109542744f,0f,0f,0f,1f],start_interpolation:0}
execute if entity @s[tag=aj.louvert.bone.left_leg_1] run data modify entity @s {} merge value {transformation:[0.41539151342813185f,-0.17229146361136533f,-0.8931772176553426f,0.3055872077478872f,-0.16753802328218517f,0.9506102931479007f,-0.26128735391511076f,0.6114758014754258f,0.894081037337547f,0.2581776948690879f,0.3660100771092239f,-0.3326912655756148f,0f,0f,0f,1f],start_interpolation:0}
execute if entity @s[tag=aj.louvert.bone.left_leg_0] run data modify entity @s {} merge value {transformation:[0.41539151342813185f,-0.46738561697770614f,-0.7803848894066663f,0.1157118008506941f,-0.16753802328218517f,0.8039159394789805f,-0.5706576670880065f,0.9380666518887616f,0.894081037337547f,0.3677904937515336f,0.2556349963902028f,-0.1832763774890543f,0f,0f,0f,1f],start_interpolation:0}
execute if entity @s[tag=aj.louvert.bone.body_1] run data modify entity @s {} merge value {transformation:[0.32792012230358647f,-0.5324169585711427f,-0.7803848894066663f,-0.009678483414839671f,-0.025394206364712568f,0.8207953224018643f,-0.5706576670880065f,1.191390914343755f,0.9443640863943881f,0.20694738691047468f,0.2556349963902028f,-0.0005598082802324312f,0f,0f,0f,1f],start_interpolation:0}
execute if entity @s[tag=aj.louvert.locator_origin.locator] at @s on origin run tp @s ^0.26869 ^1.79865 ^-0.87278 ~170.26583 ~-20.55234
execute if entity @s[tag=aj.louvert.bone.sword_0] run data modify entity @s {} merge value {transformation:[0.5042684929043167f,-0.8489107162920216f,0.1583157693616645f,0.38552445552212883f,0.8323229864607566f,0.428944353774327f,-0.3510629396193396f,1.5017291448740786f,0.23011243615471166f,0.30879983343533657f,0.9228710254403116f,-0.05482105292490681f,0f,0f,0f,1f],start_interpolation:0}
execute if entity @s[tag=aj.louvert.bone.right_arm_1] run data modify entity @s {} merge value {transformation:[0.1868696221295788f,0.3379856786397375f,0.9224128280545455f,0.3095252837482919f,0.2747509843828918f,0.8835019056345514f,-0.37938935056317535f,1.3904822689571101f,-0.943181658486731f,0.3243301770951204f,0.0722377693431038f,0.2953054278535566f,0f,0f,0f,1f],start_interpolation:0}
execute if entity @s[tag=aj.louvert.bone.right_arm_0] run data modify entity @s {} merge value {transformation:[0.9306977027850895f,0.3379856786397375f,0.13988376269243497f,0.04978326743969424f,-0.26253900207146874f,0.8835019056345514f,-0.38794027263411746f,1.487710519507413f,-0.2547058272240247f,0.3243301770951204f,0.9110076167648508f,0.30112584526742975f,0f,0f,0f,1f],start_interpolation:0}
execute if entity @s[tag=aj.louvert.locator_origin.locator2] at @s on origin run tp @s ^0.7401 ^1.20536 ^-0.65156 ~-97.25309 ~-12.94386
execute if entity @s[tag=aj.louvert.bone.sword_1] run data modify entity @s {} merge value {transformation:[0.07139258451644964f,-0.24539220952177435f,-0.9667914782320348f,-0.11475570700952777f,0.2255793982238951f,0.9481242739788974f,-0.22399619681801294f,1.0334674031252973f,0.9716053900493794f,-0.20209657245487922f,0.12304446931488972f,-0.5488344177875267f,0f,0f,0f,1f],start_interpolation:0}
execute if entity @s[tag=aj.louvert.bone.left_arm_1] run data modify entity @s {} merge value {transformation:[-0.14209106973817032f,-0.21242496444292802f,-0.9667914782320348f,-0.16330916630373965f,0.8713049736466154f,0.43663869126514304f,-0.22399619681801294f,1.3562417276707934f,0.4697209499259462f,-0.8741980826858887f,0.12304446931488972f,-0.3639031033524904f,0f,0f,0f,1f],start_interpolation:0}
execute if entity @s[tag=aj.louvert.bone.left_arm_0] run data modify entity @s {} merge value {transformation:[0.32037830620545127f,-0.21242496444292802f,-0.9231648690208845f,-0.06319094561453614f,0.8762868838772521f,0.43663869126514304f,0.20363681011781382f,1.6300813788824347f,0.3598319580826883f,-0.8741980826858887f,0.32603477448072093f,-0.25145561645165027f,0f,0f,0f,1f],start_interpolation:0}
execute if entity @s[tag=aj.louvert.bone.wing_0] run data modify entity @s {} merge value {transformation:[-0.07165254301331009f,0.2005866844884127f,-0.9770521455304582f,-0.50662127043098f,0.05877044261959217f,0.9787171112472428f,0.19661854242707982f,1.388720440884475f,0.995696714945883f,-0.04333356848677654f,-0.08191613814248622f,0.17730439540454895f,0f,0f,0f,1f],start_interpolation:0}
execute if entity @s[tag=aj.louvert.bone.wing_1] run data modify entity @s {} merge value {transformation:[0.6719506473707617f,0.2005866844884127f,-0.7129146579387748f,-0.275830053175759f,-0.10525765979709126f,0.9787171112472428f,0.1761636773171245f,1.3378112383550216f,0.7330778625439826f,-0.04333356848677654f,0.6787628814911344f,0.09579570178436873f,0f,0f,0f,1f],start_interpolation:0}
execute if entity @s[tag=aj.louvert.bone.body_0] run data modify entity @s {} merge value {transformation:[0.32792012230358647f,0.2005866844884127f,-0.9231648690208845f,-0.006078750000000001f,-0.025394206364712568f,0.9787171112472428f,0.20363681011781382f,1.48082375f,0.9443640863943881f,-0.04333356848677654f,0.32603477448072093f,0.00955625f,0f,0f,0f,1f],start_interpolation:0}