execute if entity @s[tag=aj.louvert.bone.head] run data modify entity @s {} merge value {transformation:[-0.9863167431880587f,0.10028439332615638f,-0.13085229291879164f,0.023255435488679695f,0.08574330870077558f,0.989957246697651f,0.11239543907049601f,1.4901926927052216f,0.14080968404177313f,0.09963779486726326f,-0.9850101231530796f,-0.00031465228147029706f,0f,0f,0f,1f],start_interpolation:0}
execute if entity @s[tag=aj.louvert.bone.coat_0] run data modify entity @s {} merge value {transformation:[0.1784968459710338f,-0.6834951965848446f,-0.7077945974813862f,0.2629938229219036f,0.1366636969358211f,0.7295964045999316f,-0.6700836666675937f,0.8437817059258543f,0.9744033609949357f,0.02287799467386331f,0.2236396374560547f,0.16550676103019046f,0f,0f,0f,1f],start_interpolation:0}
execute if entity @s[tag=aj.louvert.bone.coat_1] run data modify entity @s {} merge value {transformation:[0.47285917643663233f,-0.5248152122755515f,-0.7077945974813862f,0.10189322568070683f,-0.21421478945047456f,0.7107038086615282f,-0.6700836666675937f,0.8560263771786275f,0.8547024179446076f,0.46847528143773576f,0.2236396374560547f,-0.30767044213416445f,0f,0f,0f,1f],start_interpolation:0}
execute if entity @s[tag=aj.louvert.bone.coat_2] run data modify entity @s {} merge value {transformation:[0.3222011944823936f,-0.3486670056633272f,-0.8801236898504028f,0.09396919961613195f,-0.024489342505546297f,0.9263226775218035f,-0.37593426182310485f,0.7661435832187917f,0.9463544063287098f,0.14268011869425296f,0.2899236474515816f,-0.04312688586998016f,0f,0f,0f,1f],start_interpolation:0}
execute if entity @s[tag=aj.louvert.bone.right_leg_1] run data modify entity @s {} merge value {transformation:[0.31737535055607163f,-0.15539515314576038f,-0.935481284280031f,0.5382062414399039f,-0.023976631822654953f,0.9848521180691052f,-0.17173068060552896f,0.8771471541702272f,0.947996839649717f,0.07693277528857921f,0.30884193384407077f,-0.05764166870268745f,0f,0f,0f,1f],start_interpolation:0}
execute if entity @s[tag=aj.louvert.bone.right_leg_0] run data modify entity @s {} merge value {transformation:[0.31737535055607163f,-0.9433418973623684f,-0.09684498717113454f,0.2227186736116044f,-0.023976631822654953f,0.09410969253219337f,-0.9952730715225531f,0.8468428737390477f,0.947996839649717f,0.31819715657476033f,0.007249935302186705f,0.04721246023910173f,0f,0f,0f,1f],start_interpolation:0}
execute if entity @s[tag=aj.louvert.bone.left_leg_1] run data modify entity @s {} merge value {transformation:[0.4253191448790568f,-0.2870577052506575f,-0.8583131706175633f,0.3713057756439538f,-0.15145771918591733f,0.9124172932617736f,-0.3802042112547654f,0.5577557594468068f,0.8922803283152373f,0.2917062851792622f,0.3445914376309531f,-0.3487075406363469f,0f,0f,0f,1f],start_interpolation:0}
execute if entity @s[tag=aj.louvert.bone.left_leg_0] run data modify entity @s {} merge value {transformation:[0.4253191448790568f,-0.564030524684179f,-0.7077945974813862f,0.14216837499100604f,-0.15145771918591733f,0.7266694151843139f,-0.6700836666675937f,0.8529652093654343f,0.8922803283152373f,0.39220036749112897f,0.2236396374560547f,-0.18937614134307573f,0f,0f,0f,1f],start_interpolation:0}
execute if entity @s[tag=aj.louvert.bone.body_1] run data modify entity @s {} merge value {transformation:[0.3222011944823936f,-0.6286598428802982f,-0.7077945974813862f,-0.014012676598787958f,-0.024489342505546297f,0.7418814944241157f,-0.6700836666675937f,1.081742008559777f,0.9463544063287098f,0.23323518212473762f,0.2236396374560547f,0.0018041538619935115f,0f,0f,0f,1f],start_interpolation:0}
execute if entity @s[tag=aj.louvert.locator_origin.locator] at @s on origin run tp @s ^0.28148 ^1.70577 ^-0.85754 ~170.4603 ~-20.56055
execute if entity @s[tag=aj.louvert.bone.sword_0] run data modify entity @s {} merge value {transformation:[0.41341336255063005f,-0.8972236983163099f,0.15517418227329016f,0.3942980070253829f,0.8719806953748147f,0.34104286730691125f,-0.3511971377342574f,1.4064419340067011f,0.26218134670154464f,0.280498480991758f,0.9233534229118777f,-0.039895324086249476f,0f,0f,0f,1f],start_interpolation:0}
execute if entity @s[tag=aj.louvert.bone.right_arm_1] run data modify entity @s {} merge value {transformation:[0.19623795223037993f,0.23948651839142676f,0.9508611221483291f,0.31573767487772675f,0.30826286487795335f,0.9054826741167821f,-0.29167641833298424f,1.2821706946185243f,-0.9308408415200011f,0.3503531566620659f,0.10386526548977801f,0.30524990234413685f,0f,0f,0f,1f],start_interpolation:0}
execute if entity @s[tag=aj.louvert.bone.right_arm_0] run data modify entity @s {} merge value {transformation:[0.9609205033159627f,0.23948651839142676f,0.13884521531457023f,0.04794468105868503f,-0.16945022277221378f,0.9054826741167821f,-0.38908578601224747f,1.3544600897768988f,-0.21890273709902222f,0.3503531566620659f,0.9106779108485513f,0.30147090656866116f,0f,0f,0f,1f],start_interpolation:0}
execute if entity @s[tag=aj.louvert.locator_origin.locator2] at @s on origin run tp @s ^0.74561 ^1.07624 ^-0.6469 ~-96.92171 ~-13.2483
execute if entity @s[tag=aj.louvert.bone.sword_1] run data modify entity @s {} merge value {transformation:[0.06437037284430883f,-0.24927225386670604f,-0.9662917771315748f,-0.10890820484220029f,0.22610770167339755f,0.9467606540355633f,-0.22917148865887746f,0.8997698964829011f,0.9719731284062632f,-0.2037341587028661f,0.11730571270733942f,-0.5492617837866113f,0f,0f,0f,1f],start_interpolation:0}
execute if entity @s[tag=aj.louvert.bone.left_arm_1] run data modify entity @s {} merge value {transformation:[-0.1495771468031088f,-0.20953968264303574f,-0.9662917771315748f,-0.16030030006466686f,0.8705999670779929f,0.43535746933947445f,-0.22917148865887746f,1.2223066682944987f,0.46870286373995906f,-0.8755324067607002f,0.11730571270733942f,-0.36468340630998336f,0f,0f,0f,1f],start_interpolation:0}
execute if entity @s[tag=aj.louvert.bone.left_arm_0] run data modify entity @s {} merge value {transformation:[0.31350733846067436f,-0.20953968264303574f,-0.9261783144347312f,-0.06232925679570612f,0.8780512192440278f,0.43535746933947445f,0.1987207343847251f,1.4966976743082574f,0.3615787675118384f,-0.8755324067607002f,0.3204743353163174f,-0.2516900414625339f,0f,0f,0f,1f],start_interpolation:0}
execute if entity @s[tag=aj.louvert.bone.wing_0] run data modify entity @s {} merge value {transformation:[-0.07810079846180029f,0.19590844837566032f,-0.9775071074599255f,-0.5071772508578192f,0.057618741668331044f,0.9797501425512739f,0.19175437095231118f,1.2527639483955837f,0.9952790291612635f,-0.0413465600237752f,-0.08780726670391809f,0.1741353953848611f,0f,0f,0f,1f],start_interpolation:0}
execute if entity @s[tag=aj.louvert.bone.wing_1] run data modify entity @s {} merge value {transformation:[0.667929702253265f,0.19590844837566032f,-0.7179761783672951f,-0.27563267224913635f,-0.1024494942911597f,0.9797501425512739f,0.17202836769045987f,1.2030837647994026f,0.7371390736946118f,-0.0413465600237752f,0.6744749424603185f,0.09401681155578179f,0f,0f,0f,1f],start_interpolation:0}
execute if entity @s[tag=aj.louvert.bone.body_0] run data modify entity @s {} merge value {transformation:[0.3222011944823936f,0.19590844837566032f,-0.9261783144347312f,-0.006078750000000001f,-0.024489342505546297f,0.9797501425512739f,0.1987207343847251f,1.34752296875f,0.9463544063287098f,-0.0413465600237752f,0.3204743353163174f,0.00955625f,0f,0f,0f,1f],start_interpolation:0}