execute if entity @s[tag=aj.louvert.bone.head] run data modify entity @s {} merge value {transformation:[-0.9850614508376697f,0.09796115645727974f,-0.14162467969650464f,0.02391283687235402f,0.08219795446253109f,0.9901693561547416f,0.11317306399616556f,1.531132917816808f,0.1513189821395877f,0.0998411636433435f,-0.9834298692263636f,-0.0006089060031409226f,0f,0f,0f,1f],start_interpolation:0}
execute if entity @s[tag=aj.louvert.bone.coat_0] run data modify entity @s {} merge value {transformation:[0.19085630223932332f,-0.6541680329098676f,-0.7318729784698752f,0.2549635184528502f,0.1416187691075812f,0.756127966595274f,-0.6389167569949548f,0.8691763338912147f,0.9713485451329948f,0.018294339324794406f,0.23695425933433567f,0.16608948120698655f,0f,0f,0f,1f],start_interpolation:0}
execute if entity @s[tag=aj.louvert.bone.coat_1] run data modify entity @s {} merge value {transformation:[0.47135278968543803f,-0.49212649902376593f,-0.7318729784698752f,0.091003457301057f,-0.22352365762380402f,0.7360859678825067f,-0.6389167569949548f,0.881873437073571f,0.8531492965115962f,0.46474612084995903f,0.23695425933433567f,-0.30609256199020746f,0f,0f,0f,1f],start_interpolation:0}
execute if entity @s[tag=aj.louvert.bone.coat_2] run data modify entity @s {} merge value {transformation:[0.32792012230358647f,-0.3110126928739058f,-0.8920423186484608f,0.08149936556821921f,-0.025394206364712568f,0.9410112990434947f,-0.3374209082964205f,0.7956602908580235f,0.9443640863943881f,0.13329981224216517f,0.30067861976651455f,-0.04038225797481852f,0f,0f,0f,1f],start_interpolation:0}
execute if entity @s[tag=aj.louvert.bone.right_leg_1] run data modify entity @s {} merge value {transformation:[0.32792012230358647f,-0.11056715515168913f,-0.9382128210539777f,0.5292264591253912f,-0.025394206364712568f,0.9917368250372267f,-0.12575056321220965f,0.8898889772289097f,0.9443640863943881f,0.0650613100601565f,0.32240269580409675f,-0.06095256645074508f,0f,0f,0f,1f],start_interpolation:0}
execute if entity @s[tag=aj.louvert.bone.right_leg_0] run data modify entity @s {} merge value {transformation:[0.32792012230358647f,-0.9348608799276236f,-0.13602767574780572f,0.21397350316490193f,-0.025394206364712568f,0.1352146613720714f,-0.9904908528770686f,0.8723506096868038f,0.9443640863943881f,0.328256196485284f,0.020599558187188838f,0.04804397040768803f,0f,0f,0f,1f],start_interpolation:0}
execute if entity @s[tag=aj.louvert.bone.left_leg_1] run data modify entity @s {} merge value {transformation:[0.426667499467166f,-0.24897619460319703f,-0.8694628798398161f,0.34784828042615723f,-0.1585189633659794f,0.9258913464935377f,-0.34292412096812225f,0.5728878482686045f,0.8904080992173258f,0.28414093159785136f,0.3555802973153799f,-0.34592423532169714f,0f,0f,0f,1f],start_interpolation:0}
execute if entity @s[tag=aj.louvert.bone.left_leg_0] run data modify entity @s {} merge value {transformation:[0.426667499467166f,-0.5313349115991431f,-0.7318729784698752f,0.1319934725890053f,-0.1585189633659794f,0.7527663089461599f,-0.6389167569949548f,0.878699161277982f,0.8904080992173258f,0.3886207609373246f,0.23695425933433567f,-0.188047051190909f,0f,0f,0f,1f],start_interpolation:0}
execute if entity @s[tag=aj.louvert.bone.body_1] run data modify entity @s {} merge value {transformation:[0.32792012230358647f,-0.5973527741410718f,-0.7318729784698752f,-0.013689254042131338f,-0.025394206364712568f,0.7688566263707146f,-0.6389167569949548f,1.1157925812232412f,0.9443640863943881f,0.22809899454361723f,0.23695425933433567f,0.001279395403269908f,0f,0f,0f,1f],start_interpolation:0}
execute if entity @s[tag=aj.louvert.locator_origin.locator] at @s on origin run tp @s ^0.29178 ^1.72659 ^-0.86269 ~171.07418 ~-20.37428
execute if entity @s[tag=aj.louvert.bone.sword_0] run data modify entity @s {} merge value {transformation:[0.44812843469673064f,-0.8820575702447934f,0.14544878407916997f,0.39646050940258126f,0.8576985154896728f,0.3783436871856447f,-0.34815127587527583f,1.4309032733082612f,0.25205983921098857f,0.2807676924801391f,0.9260860328912797f,-0.04264571148769611f,0f,0f,0f,1f],start_interpolation:0}
execute if entity @s[tag=aj.louvert.bone.right_arm_1] run data modify entity @s {} merge value {transformation:[0.20399200721170402f,0.2760245248881928f,0.9392538116260094f,0.3146420245798441f,0.2915098279461785f,0.8987791821478194f,-0.327441600821408f,1.3130773981545474f,-0.9345636849378053f,0.34059718642106296f,0.1028799076473447f,0.3039997741882019f,0f,0f,0f,1f],start_interpolation:0}
execute if entity @s[tag=aj.louvert.bone.right_arm_0] run data modify entity @s {} merge value {transformation:[0.9523792513738365f,0.2760245248881928f,0.12955393939536447f,0.04978326743969424f,-0.20799222289520908f,0.8987791821478194f,-0.3859212574513181f,1.395507394507413f,-0.22296411542604788f,0.34059718642106296f,0.9133895991494185f,0.30112584526742975f,0f,0f,0f,1f],start_interpolation:0}
execute if entity @s[tag=aj.louvert.locator_origin.locator2] at @s on origin run tp @s ^0.7401 ^1.11315 ^-0.65156 ~-97.25309 ~-12.94386
execute if entity @s[tag=aj.louvert.bone.sword_1] run data modify entity @s {} merge value {transformation:[0.07139258451644964f,-0.24539220952177435f,-0.9667914782320348f,-0.11475570700952777f,0.2255793982238951f,0.9481242739788974f,-0.22399619681801294f,0.9412642781252973f,0.9716053900493794f,-0.20209657245487922f,0.12304446931488972f,-0.5488344177875267f,0f,0f,0f,1f],start_interpolation:0}
execute if entity @s[tag=aj.louvert.bone.left_arm_1] run data modify entity @s {} merge value {transformation:[-0.14209106973817032f,-0.21242496444292802f,-0.9667914782320348f,-0.16330916630373965f,0.8713049736466154f,0.43663869126514304f,-0.22399619681801294f,1.2640386026707935f,0.4697209499259462f,-0.8741980826858887f,0.12304446931488972f,-0.3639031033524904f,0f,0f,0f,1f],start_interpolation:0}
execute if entity @s[tag=aj.louvert.bone.left_arm_0] run data modify entity @s {} merge value {transformation:[0.32037830620545127f,-0.21242496444292802f,-0.9231648690208845f,-0.06319094561453614f,0.8762868838772521f,0.43663869126514304f,0.20363681011781382f,1.5378782538824347f,0.3598319580826883f,-0.8741980826858887f,0.32603477448072093f,-0.25145561645165027f,0f,0f,0f,1f],start_interpolation:0}
execute if entity @s[tag=aj.louvert.bone.wing_0] run data modify entity @s {} merge value {transformation:[-0.15569158483743406f,0.2005866844884127f,-0.9672254713440678f,-0.50662127043098f,0.07551675046979542f,0.9787171112472428f,0.1908141413793402f,1.2965173158844752f,0.9849148952114039f,-0.04333356848677654f,-0.16752567275767355f,0.17730439540454895f,0f,0f,0f,1f],start_interpolation:0}
execute if entity @s[tag=aj.louvert.bone.wing_1] run data modify entity @s {} merge value {transformation:[0.7309593393983508f,0.2005866844884127f,-0.6522755753148146f,-0.275830053175759f,-0.12006561185610676f,0.9787171112472428f,0.16642435218882748f,1.2456081133550216f,0.6717757758329376f,-0.04333356848677654f,0.739485976098436f,0.09579570178436873f,0f,0f,0f,1f],start_interpolation:0}
execute if entity @s[tag=aj.louvert.bone.body_0] run data modify entity @s {} merge value {transformation:[0.32792012230358647f,0.2005866844884127f,-0.9231648690208845f,-0.006078750000000001f,-0.025394206364712568f,0.9787171112472428f,0.20363681011781382f,1.3886206250000002f,0.9443640863943881f,-0.04333356848677654f,0.32603477448072093f,0.00955625f,0f,0f,0f,1f],start_interpolation:0}