execute if entity @s[tag=aj.louvert.bone.head] run data modify entity @s {} merge value {transformation:[-0.9850614508376697f,0.09796115645727974f,-0.14162467969650464f,0.02391283687235402f,0.08219795446253109f,0.9901693561547416f,0.11317306399616556f,1.572898542816808f,0.1513189821395877f,0.0998411636433435f,-0.9834298692263636f,-0.0006089060031409226f,0f,0f,0f,1f],start_interpolation:0}
execute if entity @s[tag=aj.louvert.bone.coat_0] run data modify entity @s {} merge value {transformation:[0.1971108412267824f,-0.6259556307126499f,-0.7545375170592903f,0.24774986055020307f,0.14686787939996038f,0.7798051730277689f,-0.6085505058084253f,0.895841644475365f,0.9693178747301778f,0.009134577070673278f,0.24564082972973175f,0.1681882936351589f,0f,0f,0f,1f],start_interpolation:0}
execute if entity @s[tag=aj.louvert.bone.coat_1] run data modify entity @s {} merge value {transformation:[0.46387359593325556f,-0.46421376794096914f,-0.7545375170592903f,0.08378979939840983f,-0.2298005571654005f,0.7595116758857505f,-0.6085505058084253f,0.9085387476577212f,0.8555775773840864f,0.4556836532587785f,0.24564082972973175f,-0.3039937495620351f,0f,0f,0f,1f],start_interpolation:0}
execute if entity @s[tag=aj.louvert.bone.coat_2] run data modify entity @s {} merge value {transformation:[0.32792012230358647f,-0.27610630410982623f,-0.9034565303428899f,0.07145264034189516f,-0.025394206364712568f,0.9534149277305911f,-0.3005912671113021f,0.8261213828404899f,0.9443640863943881f,0.12151248664760274f,0.3056324392423175f,-0.03719762424722167f,0f,0f,0f,1f],start_interpolation:0}
execute if entity @s[tag=aj.louvert.bone.right_leg_1] run data modify entity @s {} merge value {transformation:[0.32792012230358647f,-0.07401769960579221f,-0.9418013450475996f,0.5223107539545236f,-0.025394206364712568f,0.9958750448786514f,-0.08710929497505196f,0.9035804727952642f,0.9443640863943881f,0.05248118837270081f,0.3246878457772663f,-0.05930608426077172f,0f,0f,0f,1f],start_interpolation:0}
execute if entity @s[tag=aj.louvert.bone.right_leg_0] run data modify entity @s {} merge value {transformation:[0.32792012230358647f,-0.928867432747915f,-0.1722605171497485f,0.20675984526225474f,-0.025394206364712568f,0.1736103104306873f,-0.984486970150071f,0.899015920270954f,0.9443640863943881f,0.32720750677889143f,0.0333424629569333f,0.050142782835860364f,0f,0f,0f,1f],start_interpolation:0}
execute if entity @s[tag=aj.louvert.bone.left_leg_1] run data modify entity @s {} merge value {transformation:[0.42164952111487763f,-0.214482346141122f,-0.8810272439246098f,0.3290734099545294f,-0.16273029242935982f,0.9379487514941858f,-0.3062204948992689f,0.589850432559114f,0.892037293653942f,0.27248754607192227f,0.3605828669893409f,-0.3400718269479919f,0f,0f,0f,1f],start_interpolation:0}
execute if entity @s[tag=aj.louvert.bone.left_leg_0] run data modify entity @s {} merge value {transformation:[0.42164952111487763f,-0.5028765421985752f,-0.7545375170592903f,0.12477981468635815f,-0.16273029242935982f,0.776649942899737f,-0.6085505058084253f,0.9053644718621321f,0.892037293653942f,0.3793811401483205f,0.24564082972973175f,-0.18594823876273667f,0f,0f,0f,1f],start_interpolation:0}
execute if entity @s[tag=aj.louvert.bone.body_1] run data modify entity @s {} merge value {transformation:[0.32792012230358647f,-0.5684553885208602f,-0.7545375170592903f,-0.011872478938462362f,-0.025394206364712568f,0.7931087038757147f,-0.6085505058084253f,1.150036666027704f,0.9443640863943881f,0.21871683771072967f,0.24564082972973175f,0.0004462838211648796f,0f,0f,0f,1f],start_interpolation:0}
execute if entity @s[tag=aj.louvert.locator_origin.locator] at @s on origin run tp @s ^0.28752 ^1.75579 ^-0.86707 ~171.02832 ~-20.36512
execute if entity @s[tag=aj.louvert.bone.sword_0] run data modify entity @s {} merge value {transformation:[0.47593640927448955f,-0.8672430277276445f,0.1461987181362881f,0.3932434650685059f,0.8453715042832165f,0.4052678488741824f,-0.3480014230068962f,1.4609344626577827f,0.24255216773477292f,0.2892187779634666f,0.9260242677168249f,-0.04685704269940791f,0f,0f,0f,1f],start_interpolation:0}
execute if entity @s[tag=aj.louvert.bone.right_arm_1] run data modify entity @s {} merge value {transformation:[0.2013143149420618f,0.3061676545637384f,0.9304482327880191f,0.3121380506623318f,0.2811244129666939f,0.8918748429353069f,-0.3542997727536011f,1.347144988511436f,-0.938318501913684f,0.332897329274449f,0.0934759708609599f,0.3013011991697268f,0f,0f,0f,1f],start_interpolation:0}
execute if entity @s[tag=aj.louvert.bone.right_arm_0] run data modify entity @s {} merge value {transformation:[0.9431888892241834f,0.3061676545637384f,0.12905846172564778f,0.04978326743969424f,-0.23678266998747f,0.8918748429353069f,-0.3853481954450111f,1.437273019507413f,-0.23308514847080253f,0.332897329274449f,0.9137016371465487f,0.30112584526742975f,0f,0f,0f,1f],start_interpolation:0}
execute if entity @s[tag=aj.louvert.locator_origin.locator2] at @s on origin run tp @s ^0.7401 ^1.15492 ^-0.65156 ~-97.25309 ~-12.94386
execute if entity @s[tag=aj.louvert.bone.sword_1] run data modify entity @s {} merge value {transformation:[0.07139258451644964f,-0.24539220952177435f,-0.9667914782320348f,-0.11475570700952777f,0.2255793982238951f,0.9481242739788974f,-0.22399619681801294f,0.9830299031252974f,0.9716053900493794f,-0.20209657245487922f,0.12304446931488972f,-0.5488344177875267f,0f,0f,0f,1f],start_interpolation:0}
execute if entity @s[tag=aj.louvert.bone.left_arm_1] run data modify entity @s {} merge value {transformation:[-0.14209106973817032f,-0.21242496444292802f,-0.9667914782320348f,-0.16330916630373965f,0.8713049736466154f,0.43663869126514304f,-0.22399619681801294f,1.3058042276707935f,0.4697209499259462f,-0.8741980826858887f,0.12304446931488972f,-0.3639031033524904f,0f,0f,0f,1f],start_interpolation:0}
execute if entity @s[tag=aj.louvert.bone.left_arm_0] run data modify entity @s {} merge value {transformation:[0.32037830620545127f,-0.21242496444292802f,-0.9231648690208845f,-0.06319094561453614f,0.8762868838772521f,0.43663869126514304f,0.20363681011781382f,1.5796438788824347f,0.3598319580826883f,-0.8741980826858887f,0.32603477448072093f,-0.25145561645165027f,0f,0f,0f,1f],start_interpolation:0}
execute if entity @s[tag=aj.louvert.bone.wing_0] run data modify entity @s {} merge value {transformation:[-0.1717066550014471f,0.2005866844884127f,-0.9645111749659305f,-0.50662127043098f,0.07867004359242201f,0.9787171112472428f,0.18953585516471175f,1.3382829408844752f,0.9820019597075051f,-0.04333356848677654f,-0.1838324045777061f,0.17730439540454895f,0f,0f,0f,1f],start_interpolation:0}
execute if entity @s[tag=aj.louvert.bone.wing_1] run data modify entity @s {} merge value {transformation:[0.7416735081057445f,0.2005866844884127f,-0.6400667069767525f,-0.275830053175759f,-0.12280840200452499f,0.9787171112472428f,0.16441080423423257f,1.2873737383550217f,0.659422856573241f,-0.04333356848677654f,0.7505222835272706f,0.09579570178436873f,0f,0f,0f,1f],start_interpolation:0}
execute if entity @s[tag=aj.louvert.bone.body_0] run data modify entity @s {} merge value {transformation:[0.32792012230358647f,0.2005866844884127f,-0.9231648690208845f,-0.006078750000000001f,-0.025394206364712568f,0.9787171112472428f,0.20363681011781382f,1.4303862500000002f,0.9443640863943881f,-0.04333356848677654f,0.32603477448072093f,0.00955625f,0f,0f,0f,1f],start_interpolation:0}