execute if entity @s[tag=aj.louvert.bone.head] run data modify entity @s {} merge value {transformation:[-0.9828088027692994f,-0.022838796162284514f,-0.18320820557233206f,-0.02800607004368899f,-0.04992701444797988f,0.9882242457833432f,0.14463793857164103f,1.2955239083542334f,0.1777474343766668f,0.15129847796921236f,-0.9723757607718903f,-0.19387998248486554f,0f,0f,0f,1f],start_interpolation:0}
execute if entity @s[tag=aj.louvert.bone.coat_0] run data modify entity @s {} merge value {transformation:[-0.9341848841815873f,-0.057487660246841044f,-0.3521274926585231f,-0.035064665430969755f,0.18862406864474557f,0.758160423084044f,-0.6241904625968948f,0.5649327314739918f,0.30285237805659837f,-0.6495290153552549f,-0.6974184506572049f,0.261510001825166f,0f,0f,0f,1f],start_interpolation:0}
execute if entity @s[tag=aj.louvert.bone.coat_1] run data modify entity @s {} merge value {transformation:[-0.764920654777755f,-0.5393538919933669f,-0.3521274926585231f,0.40416117197394497f,-0.2374753766092206f,0.7443061949946294f,-0.6241904625968948f,0.5833042218350761f,0.59875022956044f,-0.3938345684221031f,-0.6974184506572049f,0.023301790174383386f,0f,0f,0f,1f],start_interpolation:0}
execute if entity @s[tag=aj.louvert.bone.coat_2] run data modify entity @s {} merge value {transformation:[-0.8784516748098294f,-0.18308585217801238f,-0.4413640512729337f,0.1405323166891722f,-0.03674298072216854f,0.9468290933905479f,-0.3196320091556591f,0.49609466882992215f,0.4764164233015652f,-0.26456424293823966f,-0.8384707227846776f,0.055228589667624076f,0f,0f,0f,1f],start_interpolation:0}
execute if entity @s[tag=aj.louvert.bone.right_leg_1] run data modify entity @s {} merge value {transformation:[-0.8784516748098294f,-0.3126216462040113f,-0.36137288408028045f,0.24673309819106126f,-0.03674298072216854f,0.7982319792437857f,-0.6012284596392609f,0.5400797585740423f,0.4764164233015652f,-0.5148722304001665f,-0.7126948701732753f,0.5168172061074464f,0f,0f,0f,1f],start_interpolation:0}
execute if entity @s[tag=aj.louvert.bone.right_leg_0] run data modify entity @s {} merge value {transformation:[-0.8784516748098294f,-0.4765861028466646f,-0.03447233089354837f,0.07474179392025893f,-0.03674298072216854f,0.1393025246299764f,-0.9895679663365042f,0.5695256040642629f,0.4764164233015652f,-0.8680210211769892f,-0.13988173005578874f,0.20195794891247032f,0f,0f,0f,1f],start_interpolation:0}
execute if entity @s[tag=aj.louvert.bone.left_leg_1] run data modify entity @s {} merge value {transformation:[-0.8090176898109879f,-0.08379693865428545f,-0.5817804144564014f,0.4732761092677542f,-0.1717011518490059f,0.9803057526288201f,0.09756713492035551f,0.31384039032484307f,0.562146859838794f,0.17882590538009918f,-0.8074727261885511f,0.2594481342338513f,0f,0f,0f,1f],start_interpolation:0}
execute if entity @s[tag=aj.louvert.bone.left_leg_0] run data modify entity @s {} merge value {transformation:[-0.8090176898109879f,-0.4706342597887599f,-0.3521274926585231f,0.2943547126227163f,-0.1717011518490059f,0.762171228043147f,-0.6241904625968948f,0.578711349244805f,0.562146859838794f,-0.44452042996502084f,-0.6974184506572049f,0.08285384308707903f,0f,0f,0f,1f],start_interpolation:0}
execute if entity @s[tag=aj.louvert.bone.body_1] run data modify entity @s {} merge value {transformation:[-0.8784516748098294f,-0.3229998203371444f,-0.3521274926585231f,0.08361080941612997f,-0.03674298072216854f,0.7804077266216196f,-0.6241904625968948f,0.8179958912237901f,0.4764164233015652f,-0.5353829435940667f,-0.6974184506572049f,-0.024901273873371155f,0f,0f,0f,1f],start_interpolation:0}
execute if entity @s[tag=aj.louvert.locator_origin.locator] at @s on origin run tp @s ^-0.17696 ^1.07827 ^0.94718 ~-31.94245 ~-25.96211
execute if entity @s[tag=aj.louvert.bone.sword_0] run data modify entity @s {} merge value {transformation:[-0.8364455684616542f,-0.2721973917289974f,-0.47567572035662187f,-0.6014990459187489f,-0.04328409555360984f,0.8980412741208934f,-0.43777660632727744f,0.7174608898862904f,0.5463380803796916f,-0.34558710900618506f,-0.7629444619471204f,0.2686161578571306f,0f,0f,0f,1f],start_interpolation:0}
execute if entity @s[tag=aj.louvert.bone.right_arm_1] run data modify entity @s {} merge value {transformation:[-0.3294531157701411f,-0.7341949896127978f,-0.5936483485505623f,-0.46876002715476683f,-0.7064196127781721f,0.6088414224812746f,-0.360947992033915f,0.9769660636120486f,0.6264439122472842f,0.3004493959029403f,-0.7192344439123276f,0.03244310316831675f,0f,0f,0f,1f],start_interpolation:0}
execute if entity @s[tag=aj.louvert.bone.right_arm_0] run data modify entity @s {} merge value {transformation:[-0.5494725574356413f,-0.7341949896127978f,-0.39879521794098743f,-0.2805160672238827f,-0.7927768089484414f,0.6088414224812746f,-0.02858414708373075f,1.2400200088744031f,0.263789385341151f,0.3004493959029403f,-0.9165944144947077f,-0.040615342999459694f,0f,0f,0f,1f],start_interpolation:0}
execute if entity @s[tag=aj.louvert.locator_origin.locator2] at @s on origin run tp @s ^0.87978 ^1.50314 ^0.38079 ~-8.57941 ~-40.74187
execute if entity @s[tag=aj.louvert.bone.sword_1] run data modify entity @s {} merge value {transformation:[-0.915020778382873f,-0.38724900467485907f,-0.1130273573341084f,0.7705051658237576f,-0.22550098171859412f,0.7233217785046768f,-0.6526522136519428f,0.9492091154985953f,0.33449406926214903f,-0.5717025565092061f,-0.7491794875123627f,-0.29158035526854864f,0f,0f,0f,1f],start_interpolation:0}
execute if entity @s[tag=aj.louvert.bone.left_arm_1] run data modify entity @s {} merge value {transformation:[-0.8848139670847746f,0.4520277205501577f,-0.1130273573341084f,0.43428557752921826f,0.40914739198958094f,0.637686051002641f,-0.6526522136519428f,1.0976964427210798f,-0.22294092329545037f,-0.6237206427647601f,-0.7491794875123627f,-0.36673483720595235f,0f,0f,0f,1f],start_interpolation:0}
execute if entity @s[tag=aj.louvert.bone.left_arm_0] run data modify entity @s {} merge value {transformation:[-0.7326493486449482f,0.4520277205501577f,-0.5088181126732436f,0.20533265607767195f,0.6642794236399343f,0.637686051002641f,-0.3899863429471008f,1.3052837626085592f,0.14818157530114745f,-0.6237206427647601f,-0.7674729835833863f,-0.32042809492434376f,0f,0f,0f,1f],start_interpolation:0}
execute if entity @s[tag=aj.louvert.bone.wing_0] run data modify entity @s {} merge value {transformation:[-0.9807235713940322f,-0.17664733395145218f,-0.08352841384809717f,-0.18927362446953547f,-0.14837087048925296f,0.9513776443293112f,-0.26993825712683256f,0.8155740346829311f,0.12715093905432306f,-0.252341628112079f,-0.959247799799066f,-0.5282524651331956f,0f,0f,0f,1f],start_interpolation:0}
execute if entity @s[tag=aj.louvert.bone.wing_1] run data modify entity @s {} merge value {transformation:[-0.5895831562673662f,-0.17664733395145218f,-0.7881544399758558f,-0.07827858673370638f,0.10301430448204593f,0.9513776443293112f,-0.29029059740627317f,0.8920309388994818f,0.8011115745749096f,-0.252341628112079f,-0.5427190321002704f,-0.3176950064772669f,0f,0f,0f,1f],start_interpolation:0}
execute if entity @s[tag=aj.louvert.bone.body_0] run data modify entity @s {} merge value {transformation:[-0.8784516748098294f,-0.17664733395145218f,-0.44398015094331633f,-0.006078749999999981f,-0.03674298072216854f,0.9513776443293112f,-0.3058276168662029f,1.1559539583333334f,0.4764164233015652f,-0.252341628112079f,-0.8422298346237143f,-0.15711041666666667f,0f,0f,0f,1f],start_interpolation:0}