execute if entity @s[tag=aj.louvert.bone.head] run data modify entity @s {} merge value {transformation:[-0.9969466235559787f,-0.037430731223182884f,-0.06853006741884443f,-0.021484319157270837f,-0.043043237841337595f,0.995674060723323f,0.08234345437776308f,1.4141089210395612f,0.06515143479976154f,0.0850417848050389f,-0.994245032867002f,-0.06403138433909861f,0f,0f,0f,1f],start_interpolation:0}
execute if entity @s[tag=aj.louvert.bone.coat_0] run data modify entity @s {} merge value {transformation:[-0.8079327261400506f,-0.2052448130663425f,-0.5523760283912295f,-0.01806335136264013f,0.12061049101834245f,0.8599416174566494f,-0.4959370161848742f,0.6356043584672583f,0.5767996354785782f,-0.46730608949103575f,-0.6700202976301357f,0.31820059301735903f,0f,0f,0f,1f],start_interpolation:0}
execute if entity @s[tag=aj.louvert.bone.coat_1] run data modify entity @s {} merge value {transformation:[-0.6577804676825529f,-0.5120601327911143f,-0.5523760283912295f,0.3658856768209328f,-0.23442275674614457f,0.8361174840279217f,-0.4959370161848742f,0.6406202915679343f,0.7158008294594663f,-0.19672817111121774f,-0.6700202976301357f,-0.002046162113773356f,0f,0f,0f,1f],start_interpolation:0}
execute if entity @s[tag=aj.louvert.bone.coat_2] run data modify entity @s {} merge value {transformation:[-0.7678980563671459f,-0.11588060291821256f,-0.6300033816535203f,0.10486415918024267f,-0.010031866201352116f,0.9855560647613271f,-0.16905207739831313f,0.576120197994487f,0.6404935102622648f,-0.12349465202784549f,-0.7579690852748835f,0.07432467824802587f,0f,0f,0f,1f],start_interpolation:0}
execute if entity @s[tag=aj.louvert.bone.right_leg_1] run data modify entity @s {} merge value {transformation:[-0.7678980563671459f,0.011582449396130234f,-0.6404673464693932f,0.28702747971476694f,-0.010031866201352116f,0.9994964550273231f,0.030103123564380607f,0.5326451867926972f,0.6404935102622648f,0.0295412128017839f,-0.7673951915787078f,0.487204309418815f,0f,0f,0f,1f],start_interpolation:0}
execute if entity @s[tag=aj.louvert.bone.right_leg_0] run data modify entity @s {} merge value {transformation:[-0.7678980563671459f,-0.5785983786540908f,-0.2748754104070006f,0.07792390568325311f,-0.010031866201352116f,0.4399190595262748f,-0.8979813933072534f,0.6368583417424273f,0.6404935102622648f,-0.6868006532352566f,-0.3436174122880663f,0.2381389042345759f,0f,0f,0f,1f],start_interpolation:0}
execute if entity @s[tag=aj.louvert.bone.left_leg_1] run data modify entity @s {} merge value {transformation:[-0.6999063956185421f,-0.14274908448744567f,-0.699824075214805f,0.4515418024309673f,-0.16065826703780345f,0.9861795504055854f,-0.040482287413721896f,0.30702623365389087f,0.6959310013246074f,0.0840987112852121f,-0.7131671950920737f,0.1839745723842027f,0f,0f,0f,1f],start_interpolation:0}
execute if entity @s[tag=aj.louvert.bone.left_leg_0] run data modify entity @s {} merge value {transformation:[-0.6999063956185421f,-0.45278224416488844f,-0.5523760283912295f,0.2698984197750396f,-0.16065826703780345f,0.8533670940515891f,-0.4959370161848742f,0.6393663082927653f,0.6959310013246074f,-0.2583657139772103f,-0.6700202976301357f,0.07801552666900974f,0f,0f,0f,1f],start_interpolation:0}
execute if entity @s[tag=aj.louvert.bone.body_1] run data modify entity @s {} merge value {transformation:[-0.7678980563671459f,-0.3243659943432593f,-0.5523760283912295f,0.07254678949687782f,-0.010031866201352116f,0.8683005456857448f,-0.4959370161848742f,0.9094562455443915f,0.6404935102622648f,-0.37528770839923153f,-0.6700202976301357f,0.040799806577032985f,0f,0f,0f,1f],start_interpolation:0}
execute if entity @s[tag=aj.louvert.locator_origin.locator] at @s on origin run tp @s ^-0.34918 ^0.93965 ^1.28431 ~-6.7981 ~-13.18263
execute if entity @s[tag=aj.louvert.bone.sword_0] run data modify entity @s {} merge value {transformation:[-0.9609220494290045f,-0.25168599683816506f,-0.11525178487442733f,-0.45688476270049216f,-0.2210096682374671f,0.9482327210726202f,-0.22805576781300602f,0.7642045161889791f,0.16668395683666426f,-0.1936720570521059f,-0.9668027683299626f,0.4307991467586459f,0f,0f,0f,1f],start_interpolation:0}
execute if entity @s[tag=aj.louvert.bone.right_arm_1] run data modify entity @s {} merge value {transformation:[-0.23418496461369503f,-0.7077674403498545f,-0.6665003021225855f,-0.35995685929082166f,-0.8445433483415257f,0.4876905915458479f,-0.22114343691311714f,1.0764040003247526f,0.48156405090181653f,0.5110999288771976f,-0.7119500878437733f,0.2467427486088702f,0f,0f,0f,1f],start_interpolation:0}
execute if entity @s[tag=aj.louvert.bone.right_arm_0] run data modify entity @s {} merge value {transformation:[-0.32260983891368605f,-0.7077674403498545f,-0.6284808208821498f,-0.24327233732437958f,-0.8667648799918016f,0.4876905915458479f,-0.10429060231132546f,1.3651494074831514f,0.3803176759616672f,0.5110999288771976f,-0.7708017436752723f,0.13280629569149405f,0f,0f,0f,1f],start_interpolation:0}
execute if entity @s[tag=aj.louvert.locator_origin.locator2] at @s on origin run tp @s ^0.93368 ^1.40196 ^0.41487 ~-24.86356 ~-35.20429
execute if entity @s[tag=aj.louvert.bone.sword_1] run data modify entity @s {} merge value {transformation:[-0.9152805174807841f,-0.21030864706895447f,-0.3435576331390905f,0.6266910733181467f,0.028758033702841745f,0.8165954747254127f,-0.5764935438975219f,0.9172916404126145f,0.40178918578982936f,-0.5375333511755375f,-0.7413658655187344f,-0.24975776996902774f,0f,0f,0f,1f],start_interpolation:0}
execute if entity @s[tag=aj.louvert.bone.left_arm_1] run data modify entity @s {} merge value {transformation:[-0.7494367464511749f,0.5659617617653541f,-0.3435576331390905f,0.3406514933826732f,0.6440337334326409f,0.5028675213665027f,-0.5764935438975219f,1.1550673877116082f,-0.15350932632739742f,-0.6533081510085164f,-0.7413658655187344f,-0.29858754327025455f,0f,0f,0f,1f],start_interpolation:0}
execute if entity @s[tag=aj.louvert.bone.left_arm_0] run data modify entity @s {} merge value {transformation:[-0.5061212522157468f,0.5659617617653541f,-0.6507907207966482f,0.18248860206525233f,0.8374599929205985f,0.5028675213665027f,-0.2139743354053032f,1.4167736354992952f,0.20616022485677396f,-0.6533081510085164f,-0.7284822726139861f,-0.2341624730025127f,0f,0f,0f,1f],start_interpolation:0}
execute if entity @s[tag=aj.louvert.bone.wing_0] run data modify entity @s {} merge value {transformation:[-0.9621846015247205f,-0.13187663609360392f,-0.23834711125027286f,-0.2895768074097093f,-0.09204846105529563f,0.9809344699281789f,-0.17115678930172326f,0.9798728503313728f,0.25637447885089204f,-0.14274494232496618f,-0.9559790834712732f,-0.39225313123977174f,0f,0f,0f,1f],start_interpolation:0}
execute if entity @s[tag=aj.louvert.bone.wing_1] run data modify entity @s {} merge value {transformation:[-0.37673529657791216f,-0.13187663609360392f,-0.9168855267507432f,-0.13286426645490187f,0.08359932607710532f,0.9809344699281789f,-0.1754386456462104f,1.0283927736665612f,0.9225408765966994f,-0.14274494232496618f,-0.3585278405491487f,-0.20360797082733162f,0f,0f,0f,1f],start_interpolation:0}
execute if entity @s[tag=aj.louvert.bone.body_0] run data modify entity @s {} merge value {transformation:[-0.7678980563671459f,-0.13187663609360392f,-0.6268501638192295f,-0.006078749999999995f,-0.010031866201352116f,0.9809344699281789f,-0.19407969334075353f,1.2705372916666668f,0.6404935102622648f,-0.14274494232496618f,-0.7545806416497606f,-0.04252708333333334f,0f,0f,0f,1f],start_interpolation:0}