execute if entity @s[tag=aj.louvert.bone.head] run data modify entity @s {} merge value {transformation:[-0.9875196389912844f,-0.03357307213690436f,-0.1538759611954172f,-0.026820521020142478f,-0.053799700959974335f,0.9901538192889854f,0.12923237335920348f,1.3280241266984805f,0.14802214288119397f,0.13589798738290967f,-0.9796025634113735f,-0.15829555810544166f,0f,0f,0f,1f],start_interpolation:0}
execute if entity @s[tag=aj.louvert.bone.coat_0] run data modify entity @s {} merge value {transformation:[-0.9070245993795809f,-0.10624551458793893f,-0.4074533921201966f,-0.027368504041091937f,0.17345757630000527f,0.7874538857554042f,-0.5914633099633846f,0.583453180759531f,0.3836910806162145f,-0.6071476496196448f,-0.6958109558040192f,0.27737016717505125f,0f,0f,0f,1f],start_interpolation:0}
execute if entity @s[tag=aj.louvert.bone.coat_1] run data modify entity @s {} merge value {transformation:[-0.7373122096922788f,-0.5388436124595284f,-0.4074533921201966f,0.39845744326710864f,-0.23651077729594094f,0.7708656207083224f,-0.5914633099633846f,0.5979217628254119f,0.6327980386043867f,-0.3397260015387969f,-0.6958109558040192f,0.015715962675913797f,0f,0f,0f,1f],start_interpolation:0}
execute if entity @s[tag=aj.louvert.bone.coat_2] run data modify entity @s {} merge value {transformation:[-0.8516518946164011f,-0.17041477247367473f,-0.49562874787389016f,0.13461279559798378f,-0.028937164131761645f,0.9595084308971142f,-0.2801895993240457f,0.5167545580470484f,0.523308408998275f,-0.2242819126904876f,-0.8220984933154851f,0.05956669544998015f,0f,0f,0f,1f],start_interpolation:0}
execute if entity @s[tag=aj.louvert.bone.right_leg_1] run data modify entity @s {} merge value {transformation:[-0.8516518946164011f,-0.2555563138195885f,-0.45758061679144413f,0.26410127616166074f,-0.028937164131761645f,0.89466185069928f,-0.4458058023796359f,0.5361647530959202f,0.523308408998275f,-0.366430270815995f,-0.7693355351869631f,0.5102393423016967f,0f,0f,0f,1f],start_interpolation:0}
execute if entity @s[tag=aj.louvert.bone.right_leg_0] run data modify entity @s {} merge value {transformation:[-0.8516518946164011f,-0.515837809248719f,-0.09273836825056078f,0.0790879827859582f,-0.028937164131761645f,0.22295492427182018f,-0.974399169886222f,0.5870703262760013f,0.523308408998275f,-0.8271653137628713f,-0.2048068670217505f,0.21195661605026692f,0f,0f,0f,1f],start_interpolation:0}
execute if entity @s[tag=aj.louvert.bone.left_leg_1] run data modify entity @s {} merge value {transformation:[-0.7814698294024989f,-0.0967141451942986f,-0.6164018817727321f,0.47486696018193597f,-0.1684254166523056f,0.9839382354227024f,0.0591475096581085f,0.3106653012124734f,0.6007809790257398f,0.15003973804494236f,-0.7852071651788965f,0.23947706153669807f,0f,0f,0f,1f],start_interpolation:0}
execute if entity @s[tag=aj.louvert.bone.left_leg_0] run data modify entity @s {} merge value {transformation:[-0.7814698294024989f,-0.47253215656013775f,-0.4074533921201966f,0.29200095644005847f,-0.1684254166523056f,0.788545516753887f,-0.5914633099633846f,0.5943046173089417f,0.6007809790257398f,-0.3935852246006842f,-0.6958109558040192f,0.08112951380069817f,0f,0f,0f,1f],start_interpolation:0}
execute if entity @s[tag=aj.louvert.bone.body_1] run data modify entity @s {} merge value {transformation:[-0.8516518946164011f,-0.3296525195505713f,-0.4074533921201966f,0.08252805725345481f,-0.028937164131761645f,0.8058125051767122f,-0.5914633099633846f,0.842503879660194f,0.523308408998275f,-0.49193030284257905f,-0.6958109558040192f,-0.0071851547128234106f,0f,0f,0f,1f],start_interpolation:0}
execute if entity @s[tag=aj.louvert.locator_origin.locator] at @s on origin run tp @s ^-0.22218 ^1.0556 ^1.06143 ~-24.55255 ~-23.4675
execute if entity @s[tag=aj.louvert.bone.sword_0] run data modify entity @s {} merge value {transformation:[-0.8828873196225719f,-0.2742785231897445f,-0.38115780533333365f,-0.5638301855825407f,-0.11095038805034131f,0.9105514037934981f,-0.39822876897729126f,0.7298213780733823f,0.4562893733598773f,-0.3093015240288073f,-0.8343455968555884f,0.32115473493502356f,0f,0f,0f,1f],start_interpolation:0}
execute if entity @s[tag=aj.louvert.bone.right_arm_1] run data modify entity @s {} merge value {transformation:[-0.2989699102472999f,-0.7311584360965381f,-0.6132082306130489f,-0.4425030590201873f,-0.7457216727131444f,0.5799611469894813f,-0.32793940725163734f,1.0042796997615264f,0.595412612910267f,0.35923865230165564f,-0.7186316240466035f,0.09600444719335499f,0f,0f,0f,1f],start_interpolation:0}
execute if entity @s[tag=aj.louvert.bone.right_arm_0] run data modify entity @s {} merge value {transformation:[-0.4932471989704995f,-0.7311584360965381f,-0.47129029486360224f,-0.2717510135039656f,-0.8131886158552334f,0.5799611469894813f,-0.04867589779444015f,1.2744089896666106f,0.3089198532810833f,0.35923865230165564f,-0.8806339278845008f,0.0074346509171914765f,0f,0f,0f,1f],start_interpolation:0}
execute if entity @s[tag=aj.louvert.locator_origin.locator2] at @s on origin run tp @s ^0.90066 ^1.47348 ^0.39189 ~-13.24524 ~-39.30456
execute if entity @s[tag=aj.louvert.bone.sword_1] run data modify entity @s {} merge value {transformation:[-0.9228199098342431f,-0.34201104233007895f,-0.1772903295101353f,0.7361652233836056f,-0.15896561194345465f,0.7572850428706259f,-0.6334424189015742f,0.93729305873667f,0.350903616728244f,-0.5563702101737f,-0.7532057096161118f,-0.2836107165049197f,0f,0f,0f,1f],start_interpolation:0}
execute if entity @s[tag=aj.louvert.bone.left_arm_1] run data modify entity @s {} merge value {transformation:[-0.8551728624757874f,0.487080603542325f,-0.1772903295101353f,0.4108632726950784f,0.4779328732246689f,0.6085481662344694f,-0.6334424189015742f,1.111828437616504f,-0.20064781079339136f,-0.6264356431633732f,-0.7532057096161118f,-0.35036651364208254f,0f,0f,0f,1f],start_interpolation:0}
execute if entity @s[tag=aj.louvert.bone.left_arm_0] run data modify entity @s {} merge value {transformation:[-0.6766840294647658f,0.487080603542325f,-0.5521333262176558f,0.19939951348733906f,0.7164227945743222f,0.6085481662344694f,-0.34118544632938724f,1.3357105609209796f,0.169814910068717f,-0.6264356431633732f,-0.760750472423675f,-0.2972993542456085f,0f,0f,0f,1f],start_interpolation:0}
execute if entity @s[tag=aj.louvert.bone.wing_0] run data modify entity @s {} merge value {transformation:[-0.9775358321014229f,-0.1686114929156467f,-0.12646683918931212f,-0.21698287817884981f,-0.13414438289745645f,0.9605208838453996f,-0.24373123770643956f,0.8594956310374324f,0.16256992801511322f,-0.22129120216043194f,-0.9615618661071953f,-0.4936809918580713f,0f,0f,0f,1f],start_interpolation:0}
execute if entity @s[tag=aj.louvert.bone.wing_1] run data modify entity @s {} merge value {transformation:[-0.5210787754388184f,-0.1686114929156467f,-0.8366881583026846f,-0.09292159925461935f,0.10370891556782606f,0.9605208838453996f,-0.2581551714155613f,0.9286703519570283f,0.8471843781721468f,-0.22129120216043194f,-0.4830205308550185f,-0.28795384961043224f,0f,0f,0f,1f],start_interpolation:0}
execute if entity @s[tag=aj.louvert.bone.body_0] run data modify entity @s {} merge value {transformation:[-0.8516518946164011f,-0.1686114929156467f,-0.49624511569692176f,-0.006078749999999984f,-0.028937164131761645f,0.9605208838453996f,-0.2766988836783839f,1.1872039583333334f,0.523308408998275f,-0.22129120216043194f,-0.8229085689905562f,-0.1258604166666667f,0f,0f,0f,1f],start_interpolation:0}