execute if entity @s[tag=aj.louvert.bone.head] run data modify entity @s {} merge value {transformation:[-0.9916512595829274f,-0.03925257204495128f,-0.12282921051382373f,-0.025181434514051602f,-0.05326422067675286f,0.9921713262927422f,0.11295566421476616f,1.3604115190523751f,0.11743382035551564f,0.11855502886995872f,-0.9859787030997941f,-0.1228188849457123f,0f,0f,0f,1f],start_interpolation:0}
execute if entity @s[tag=aj.louvert.bone.coat_0] run data modify entity @s {} merge value {transformation:[-0.8740281034841269f,-0.1489260217359844f,-0.4624888262107889f,-0.021969687068646132f,0.15574810867413388f,0.8157627375937342f,-0.5570221562900406f,0.6025001696494267f,0.46023624473130154f,-0.5588847788260737f,-0.6898046122143284f,0.29281098807947803f,0f,0f,0f,1f],start_interpolation:0}
execute if entity @s[tag=aj.louvert.bone.coat_1] run data modify entity @s {} merge value {transformation:[-0.7084491259392003f,-0.5331077954655601f,-0.4624888262107889f,0.3891741918892021f,-0.2356329381713365f,0.7963689068834472f,-0.5570221562900406f,0.6132444198870052f,0.665264574740551f,-0.2856442587609871f,-0.6898046122143284f,0.00847795819668988f,0f,0f,0f,1f],start_interpolation:0}
execute if entity @s[tag=aj.louvert.bone.coat_2] run data modify entity @s {} merge value {transformation:[-0.8222877579156965f,-0.15340509767992638f,-0.5480052182121891f,0.1257911491339294f,-0.021488500475157074f,0.9706640167625329f,-0.23947778792563273f,0.5382445252319609f,0.5686660597655763f,-0.18514384291203814f,-0.8014615835474939f,0.0644188966112929f,0f,0f,0f,1f],start_interpolation:0}
execute if entity @s[tag=aj.louvert.bone.right_leg_1] run data modify entity @s {} merge value {transformation:[-0.8222877579156965f,-0.17322534009694213f,-0.5420662549267159f,0.2766955179939015f,-0.021488500475157074f,0.961316678802305f,-0.27460605857088277f,0.533593062067645f,0.5686660597655763f,-0.2141570092357583f,-0.7942012892622935f,0.5022626150561287f,0f,0f,0f,1f],start_interpolation:0}
execute if entity @s[tag=aj.louvert.bone.right_leg_0] run data modify entity @s {} merge value {transformation:[-0.8222877579156965f,-0.5469504613887671f,-0.1571242691903176f,0.08081628267081593f,-0.021488500475157074f,0.30575233819196473f,-0.9518685581725428f,0.6051862322088213f,0.5686660597655763f,-0.7793334975969921f,-0.2631695498987923f,0.22172773060878098f,0f,0f,0f,1f],start_interpolation:0}
execute if entity @s[tag=aj.louvert.bone.left_leg_1] run data modify entity @s {} merge value {transformation:[-0.7522166690067301f,-0.11210695599795983f,-0.6493089505661311f,0.47085481478077995f,-0.16532816012149804f,0.9860087784925626f,0.021290566137250166f,0.3083690989728883f,0.6378375046508785f,0.12336417288854895f,-0.7602266757410349f,0.21877920004771906f,0f,0f,0f,1f],start_interpolation:0}
execute if entity @s[tag=aj.louvert.bone.left_leg_0] run data modify entity @s {} merge value {transformation:[-0.7522166690067301f,-0.4693337495840095f,-0.4624888262107889f,0.28638822214974f,-0.16532816012149804f,0.8138752465045449f,-0.5570221562900406f,0.6105583573276105f,0.6378375046508785f,-0.34253892425325966f,-0.6898046122143284f,0.07956121566738691f,0f,0f,0f,1f],start_interpolation:0}
execute if entity @s[tag=aj.louvert.bone.body_1] run data modify entity @s {} merge value {transformation:[-0.8222877579156965f,-0.3315824615569155f,-0.4624888262107889f,0.07998273317374191f,-0.021488500475157074f,0.8302195864645224f,-0.5570221562900406f,0.8673159155383792f,0.5686660597655763f,-0.44809430864331884f,-0.6898046122143284f,0.010615001687046807f,0f,0f,0f,1f],start_interpolation:0}
execute if entity @s[tag=aj.louvert.locator_origin.locator] at @s on origin run tp @s ^-0.26874 ^1.02014 ^1.16022 ~-17.56152 ~-20.1218
execute if entity @s[tag=aj.louvert.bone.sword_0] run data modify entity @s {} merge value {transformation:[-0.9199907224931854f,-0.2708334450304581f,-0.2833131052023542f,-0.5244303865456086f,-0.1661177280553866f,0.9241521362921635f,-0.3440170481420168f,0.7422991330767882f,0.3549957337098337f,-0.2694291633056151f,-0.8952016281309216f,0.36757209190522855f,0f,0f,0f,1f],start_interpolation:0}
execute if entity @s[tag=aj.louvert.bone.right_arm_1] run data modify entity @s {} merge value {transformation:[-0.2715407555234254f,-0.7249690048452471f,-0.6329972828563004f,-0.41340212942343785f,-0.7841382990932175f,0.5479995917319319f,-0.29124487181207404f,1.0314010628526478f,0.5580257574565558f,0.4172725601753942f,-0.7172801855200721f,0.15583382334190693f,0f,0f,0f,1f],start_interpolation:0}
execute if entity @s[tag=aj.louvert.bone.right_arm_0] run data modify entity @s {} merge value {transformation:[-0.43199752634154776f,-0.7249690048452471f,-0.536468153060809f,-0.261920633931225f,-0.8336044849354846f,0.5479995917319319f,-0.06928210560513554f,1.3086150813876074f,0.34421170800864537f,0.4172725601753942f,-0.8410718819425858f,0.054955443219396063f,0f,0f,0f,1f],start_interpolation:0}
execute if entity @s[tag=aj.louvert.locator_origin.locator2] at @s on origin run tp @s ^0.91683 ^1.44509 ^0.40134 ~-17.73465 ~-37.8037
execute if entity @s[tag=aj.louvert.bone.sword_1] run data modify entity @s {} merge value {transformation:[-0.9250108416912082f,-0.29398946828972355f,-0.24067641199014095f,0.6979585802797081f,-0.08999816330958238f,0.7849730918150692f,-0.6129580538072673f,0.9276004210469672f,0.36912771956956053f,-0.545332410242612f,-0.752567132543243f,-0.2733143557783506f,0f,0f,0f,1f],start_interpolation:0}
execute if entity @s[tag=aj.louvert.bone.left_arm_1] run data modify entity @s {} merge value {transformation:[-0.8197945063836714f,0.5196266275073907f,-0.24067641199014095f,0.3857495663908922f,0.5434745707129119f,0.5735135702502806f,-0.6129580538072673f,1.1270255385235926f,-0.18047813798787082f,-0.6333011548418902f,-0.752567132543243f,-0.33243667153064127f,0f,0f,0f,1f],start_interpolation:0}
execute if entity @s[tag=aj.louvert.bone.left_arm_0] run data modify entity @s {} merge value {transformation:[-0.616034608667478f,0.5196266275073907f,-0.5920215611860793f,0.1932387511823053f,0.7651003630959874f,0.5735135702502806f,-0.29275180465569295f,1.3661194019910887f,0.18741076627103306f,-0.6333011548418902f,-0.7508707291948676f,-0.27387080707094347f,0f,0f,0f,1f],start_interpolation:0}
execute if entity @s[tag=aj.louvert.bone.wing_0] run data modify entity @s {} merge value {transformation:[-0.9812209634972828f,-0.15738621256637814f,-0.11151233513596004f,-0.24451749601337244f,-0.1315917433398925f,0.9688968338390469f,-0.20957704659966483f,0.9040881017830276f,0.14102848605239904f,-0.19096728900699475f,-0.971412610918289f,-0.4572208787758793f,0f,0f,0f,1f],start_interpolation:0}
execute if entity @s[tag=aj.louvert.bone.wing_1] run data modify entity @s {} merge value {transformation:[-0.405295824826011f,-0.15738621256637814f,-0.9005358818351517f,-0.1077987099788658f,0.11296717347221705f,0.9688968338390469f,-0.22017570959206254f,0.9657206671016152f,0.907178985700342f,-0.19096728900699475f,-0.3749103658649858f,-0.25719737906271856f,0f,0f,0f,1f],start_interpolation:0}
execute if entity @s[tag=aj.louvert.bone.body_0] run data modify entity @s {} merge value {transformation:[-0.8222877579156965f,-0.15738621256637814f,-0.5468751441380267f,-0.006078749999999989f,-0.021488500475157074f,0.9688968338390469f,-0.24653026127435024f,1.2184539583333334f,0.5686660597655763f,-0.19096728900699475f,-0.8000939988526429f,-0.09461041666666666f,0f,0f,0f,1f],start_interpolation:0}