execute if entity @s[tag=aj.axia.bone.wing_right_1] run data modify entity @s {} merge value {transformation:[0.4803942737172955f,0.455831637680827f,-0.47789465817614224f,-0.20569962296656835f,-0.3788863188785245f,0.6742497363948013f,0.26225349336599185f,1.4056619980996798f,0.5409352489815741f,0.06744816902778368f,0.608098877937204f,0.2067604034873215f,0f,0f,0f,1f],start_interpolation:0}
execute if entity @s[tag=aj.axia.bone.wing_right_2] run data modify entity @s {} merge value {transformation:[0.6056479863294691f,0.23245184401934474f,-0.4681417059684659f,-0.20569962296656835f,-0.09014312989282675f,0.7522472309298565f,0.2569013812564818f,1.4056619980996798f,0.5148443772521792f,-0.14174005704235318f,0.5956886967548121f,0.2067604034873215f,0f,0f,0f,1f],start_interpolation:0}
execute if entity @s[tag=aj.axia.bone.wing_left_1] run data modify entity @s {} merge value {transformation:[0.392817697269451f,0.3018608073182463f,-0.6492447567455182f,-0.17604533408897916f,-0.011047320531967417f,0.7430055577087168f,0.338770043491846f,1.392419847086677f,0.7159026874271632f,-0.15416626953902665f,0.3614699820392148f,0.249442634694552f,0f,0f,0f,1f],start_interpolation:0}
execute if entity @s[tag=aj.axia.bone.wing_left_2] run data modify entity @s {} merge value {transformation:[0.24235013943616363f,0.420448502432802f,-0.6359948637507117f,-0.17604533408897916f,-0.28853124285931686f,0.6682971436110431f,0.33185636913486954f,1.392419847086677f,0.7057025802767978f,0.12884868894690008f,0.3540930436302513f,0.249442634694552f,0f,0f,0f,1f],start_interpolation:0}
execute if entity @s[tag=aj.axia.bone.blade] run data modify entity @s {} merge value {transformation:[1.9810093130727182f,-0.21001157640242302f,0.17747461592049574f,0.592793803059418f,-0.16256088499015536f,0.14657517936161693f,1.9879863368409574f,1.412428125269941f,-0.22175675906356418f,-1.9835349390852888f,0.12811356383125577f,-0.20460520454265793f,0f,0f,0f,1f],start_interpolation:0}
execute if entity @s[tag=aj.axia.bone.arm_right_2] run data modify entity @s {} merge value {transformation:[-0.10500578820121131f,0.03677668820079627f,0.9937913561956675f,0.6234660860119798f,0.07328758968080802f,0.9968848250107969f,-0.029147467505265715f,1.38150988946683f,-0.9917674695426444f,0.06977192034174212f,-0.1073739516307643f,0.15379678553003523f,0f,0f,0f,1f],start_interpolation:0}
execute if entity @s[tag=aj.axia.bone.arm_right_1] run data modify entity @s {} merge value {transformation:[0.8694954147590974f,0.03677668820079627f,0.49256999392765155f,0.3273612297632129f,0.0024933794304807244f,0.9968848250107969f,-0.07883164797344182f,1.3864596679246066f,-0.4939347191400104f,0.06977192034174212f,0.866695086151932f,0.23915199593717607f,0f,0f,0f,1f],start_interpolation:0}
execute if entity @s[tag=aj.axia.bone.arm_left_2] run data modify entity @s {} merge value {transformation:[-0.42639669847973233f,0.1337879647757371f,-0.8945874110486639f,0.11779415287563719f,-0.050625878200743185f,0.9839210979796728f,0.17127840905052474f,1.553331419513454f,0.9031184174746899f,0.11832182145167272f,-0.41276757453362384f,-0.5599083303963628f,0f,0f,0f,1f],start_interpolation:0}
execute if entity @s[tag=aj.axia.bone.arm_left_1] run data modify entity @s {} merge value {transformation:[-0.43721644277589405f,0.1337879647757371f,-0.8893495165836434f,-0.02618859564257628f,-0.048544591042407936f,0.9839210979796728f,0.1718798872207005f,1.5375034364490823f,0.8980452131418102f,0.11832182145167272f,-0.4236918003943901f,-0.26548550174849983f,0f,0f,0f,1f],start_interpolation:0}
execute if entity @s[tag=aj.axia.bone.ear_edge_a1] run data modify entity @s {} merge value {transformation:[-0.8035958031287294f,0.21977270300150034f,-0.553112777116301f,0.396801670846442f,0.25424805465248596f,0.9670250467492543f,0.014848759713477678f,2.080402364254189f,0.538137261206952f,-0.12869544659783605f,-0.8329740512919144f,-0.12878630038203606f,0f,0f,0f,1f],start_interpolation:0}
execute if entity @s[tag=aj.axia.bone.ear_edge_a2] run data modify entity @s {} merge value {transformation:[-0.828082230525917f,0.09135685676464245f,-0.553112777116301f,0.30233964722670087f,0.0998417933305319f,0.9948925221547876f,0.014848759713477678f,2.101928555159797f,0.5516443018755528f,-0.042927777517242326f,-0.8329740512919144f,-0.06567774451392268f,0f,0f,0f,1f],start_interpolation:0}
execute if entity @s[tag=aj.axia.bone.ear_edge_b1] run data modify entity @s {} merge value {transformation:[-0.7242193662657025f,0.6498940550441461f,-0.23052988254016213f,0.2288324661098533f,0.28088583042085624f,0.5833445835305865f,0.7621103903860073f,2.1206646778321097f,0.6297693703209858f,0.4871825264557454f,-0.6050154759357043f,-0.1420169586043776f,0f,0f,0f,1f],start_interpolation:0}
execute if entity @s[tag=aj.axia.bone.ear_edge_b2] run data modify entity @s {} merge value {transformation:[-0.8896018550660315f,0.3942898841196598f,-0.23052988254016213f,0.2584172139941345f,0.08687490946920348f,0.641592162491411f,0.7621103903860073f,2.123179863195578f,0.4483985833695215f,0.6579475543768669f,-0.6050154759357043f,-0.1501214117142987f,0f,0f,0f,1f],start_interpolation:0}
execute if entity @s[tag=aj.axia.bone.ear_right_2] run data modify entity @s {} merge value {transformation:[-0.8169688529274912f,0.5285999116556476f,-0.23052988254016213f,0.3486006993157662f,0.18617246188633915f,0.6201028683217543f,0.7621103903860073f,2.205801835495213f,0.5458037264269265f,0.5797021356669084f,-0.6050154759357043f,-0.13206059224752562f,0f,0f,0f,1f],start_interpolation:0}
execute if entity @s[tag=aj.axia.bone.ear_right_1] run data modify entity @s {} merge value {transformation:[-0.8169688529274912f,0.16318133820088762f,-0.553112777116301f,0.31188489822056653f,0.18617246188633915f,0.9824048700867432f,0.014848759713477678f,1.984760739725696f,0.5458037264269265f,-0.090843393226016f,-0.8329740512919144f,-0.11162082877167205f,0f,0f,0f,1f],start_interpolation:0}
execute if entity @s[tag=aj.axia.bone.ear_edge_a3] run data modify entity @s {} merge value {transformation:[-0.8337458865955614f,-0.031904235724503016f,-0.551225830606492f,0.07402065470787947f,-0.05696419390405321f,0.9979722400963473f,0.02839874310492397f,2.118939838759007f,0.5492020367750318f,0.055077470347805454f,-0.833872649187059f,0.08758929519753621f,0f,0f,0f,1f],start_interpolation:0}
execute if entity @s[tag=aj.axia.bone.ear_edge_a4] run data modify entity @s {} merge value {transformation:[-0.828472013257672f,0.09891515010837915f,-0.551225830606492f,0.17044501929710143f,0.09985438335403898f,0.9945967089806023f,0.02839874310492397f,2.1174610421408864f,0.5510564629634291f,-0.031514751529905426f,-0.833872649187059f,0.02379826370307733f,0f,0f,0f,1f],start_interpolation:0}
execute if entity @s[tag=aj.axia.bone.ear_edge_b3] run data modify entity @s {} merge value {transformation:[-0.8279835323019609f,-0.10324303814892175f,-0.5511661685105034f,0.18837226719160124f,-0.14371621892552136f,0.9891453658904067f,0.030611983850857706f,2.1108731010767436f,0.5420229872012073f,0.10455773625760009f,-0.8338337730832008f,0.011399480607023112f,0f,0f,0f,1f],start_interpolation:0}
execute if entity @s[tag=aj.axia.bone.ear_edge_b4] run data modify entity @s {} merge value {transformation:[-0.8193629871197765f,0.15767101835026295f,-0.5511661685105034f,0.1652621072201308f,0.1689804814609431f,0.9851438998085217f,0.030611983850857706f,2.1237259272980933f,0.5478046113564449f,-0.06805399799018705f,-0.8338337730832008f,0.02714721025979622f,0f,0f,0f,1f],start_interpolation:0}
execute if entity @s[tag=aj.axia.bone.ear_left_2] run data modify entity @s {} merge value {transformation:[-0.833940450501379f,0.02755321591046892f,-0.5511661685105034f,0.11065780687322457f,0.012789592372933464f,0.9994495148688847f,0.030611983850857706f,2.234616838362781f,0.5517062183304552f,0.01847938097832434f,-0.8338337730832008f,0.029834357095831838f,0f,0f,0f,1f],start_interpolation:0}
execute if entity @s[tag=aj.axia.bone.ear_left_1] run data modify entity @s {} merge value {transformation:[-0.833940450501379f,0.026332654437796338f,-0.551225830606492f,0.1047329596247204f,0.012789592372933464f,0.9995148511738055f,0.02839874310492397f,2.009725996848675f,0.5517062183304552f,0.01663290693970454f,-0.833872649187059f,0.026091953034398322f,0f,0f,0f,1f],start_interpolation:0}
execute if entity @s[tag=aj.axia.bone.head] run data modify entity @s {} merge value {transformation:[-0.8286077543833846f,0.09736362194184683f,-0.5512980269310692f,0.17563813601904288f,0.09986102849191686f,0.9946726632541055f,0.025574752462560676f,1.4866744173550015f,0.5508511272242815f,-0.033861749767987726f,-0.833916313270336f,0.0006495936771548465f,0f,0f,0f,1f],start_interpolation:0}
execute if entity @s[tag=aj.axia.bone.body_1] run data modify entity @s {} merge value {transformation:[0.552910709709775f,0.4475350293841144f,-0.7028528612465009f,0.007812499999999998f,-0.24690280535497017f,0.8936317796133371f,0.37478159929877297f,1.1515625f,0.7958195472568381f,-0.03368441686092041f,0.6045962357347763f,0.013281250000000001f,0f,0f,0f,1f],start_interpolation:0}
execute if entity @s[tag=aj.axia.bone.leg_left_2] run data modify entity @s {} merge value {transformation:[0.49777661015566443f,0.6788037291199385f,-0.5398554841018111f,-0.006574322075707961f,-0.3489000882498924f,0.7265886906637207f,0.5918932361657778f,0.7155067286836059f,0.7940322252913624f,-0.10627498262735682f,0.5985135364103322f,-0.28260630203435355f,0f,0f,0f,1f],start_interpolation:0}
execute if entity @s[tag=aj.axia.bone.leg_left_1] run data modify entity @s {} merge value {transformation:[0.49777661015566443f,-0.29240552463295977f,-0.8165276820451706f,-0.15141347446317932f,-0.3489000882498924f,0.7944048294940802f,-0.49718175277829596f,0.9069318345767023f,0.7940322252913624f,0.532372027853272f,0.2934158297676562f,-0.10769428434938008f,0f,0f,0f,1f],start_interpolation:0}
execute if entity @s[tag=aj.axia.bone.leg_right_2] run data modify entity @s {} merge value {transformation:[0.17282174804372402f,-0.4131492992817807f,-0.8941142543915097f,0.218944050434506f,0.02214463091255775f,0.9091737854474196f,-0.4158276604279185f,0.5447700270770519f,0.9847041478154026f,0.05206423300292826f,0.16627404162092974f,0.06861860678044068f,0f,0f,0f,1f],start_interpolation:0}
execute if entity @s[tag=aj.axia.bone.leg_right_1] run data modify entity @s {} merge value {transformation:[0.17282174804372402f,-0.6096172449073755f,-0.7736274672700374f,-0.029299217531770283f,0.02214463091255775f,0.7876523187643303f,-0.6157218853239834f,0.8667731977330569f,0.9847041478154026f,0.08927843780395645f,0.14962319946594832f,0.10494545096255106f,0f,0f,0f,1f],start_interpolation:0}
execute if entity @s[tag=aj.axia.bone.coat_downer] run data modify entity @s {} merge value {transformation:[0.426190293607074f,0.4250681195579169f,-0.7985480119383007f,-0.06138150118043076f,-0.2024423192907055f,0.9051582819197869f,0.3737721124324548f,0.9390642466121654f,0.8816909554913877f,0.0023618652620473884f,0.47182144991211233f,0.006797881256656814f,0f,0f,0f,1f],start_interpolation:0}
execute if entity @s[tag=aj.axia.bone.body_2] run data modify entity @s {} merge value {transformation:[0.426190293607074f,0.32458120436021726f,-0.844398528783173f,0.007812499999999998f,-0.2024423192907055f,0.9439627312710536f,0.26067502629038475f,1.1515625f,0.8816909554913877f,0.05984483058179426f,0.4680167254033987f,0.013281250000000001f,0f,0f,0f,1f],start_interpolation:0}