execute if entity @s[tag=aj.axia.bone.wing_right_1] run data modify entity @s {} merge value {transformation:[-0.24121389096583792f,0.41751390417752243f,-0.6591224795650711f,-0.21633840119815012f,-0.3739778361262059f,0.5436185026762768f,0.48121091641691593f,1.2963043434119057f,0.6847633761642965f,0.44396566062128023f,0.030627688414709947f,-0.13729591736222535f,0f,0f,0f,1f],start_interpolation:0}
execute if entity @s[tag=aj.axia.bone.wing_right_2] run data modify entity @s {} merge value {transformation:[-0.06178963876892411f,0.4682851693101424f,-0.6456710003902738f,-0.21633840119815012f,-0.13467102750223678f,0.6321826580319575f,0.47139028546963196f,1.2963043434119057f,0.786158861103974f,0.1451002656366298f,0.030002633549103624f,-0.13729591736222535f,0f,0f,0f,1f],start_interpolation:0}
execute if entity @s[tag=aj.axia.bone.wing_left_1] run data modify entity @s {} merge value {transformation:[-0.4156081675743472f,0.533329354622632f,-0.4580110205963875f,-0.24129543348946753f,0.141444154498782f,0.5846204646706639f,0.552410090323146f,1.2874688444731326f,0.6886275093605122f,0.20179979244416568f,-0.38988901185577624f,-0.08511167623788962f,0f,0f,0f,1f],start_interpolation:0}
execute if entity @s[tag=aj.axia.bone.wing_left_2] run data modify entity @s {} merge value {transformation:[-0.5760667959913542f,0.3268758021913341f,-0.44866385691074695f,-0.24129543348946753f,-0.0911482841302084f,0.5821197219213416f,0.5411364150104288f,1.2874688444731326f,0.5475755992156465f,0.44078207687245163f,-0.3819320932464747f,-0.08511167623788962f,0f,0f,0f,1f],start_interpolation:0}
execute if entity @s[tag=aj.axia.bone.blade] run data modify entity @s {} merge value {transformation:[-1.02045137508164f,1.7156317558021537f,-0.12363927198591397f,0.332740315181025f,-0.23043800455033173f,0.006108395511212023f,1.9866708367424988f,1.164291051035863f,1.7045754067077377f,1.0278960871544827f,0.19455671887563578f,0.8405823477279445f,0f,0f,0f,1f],start_interpolation:0}
execute if entity @s[tag=aj.axia.bone.arm_right_2] run data modify entity @s {} merge value {transformation:[0.8578158779010767f,-0.0350317650731809f,-0.512761830733004f,0.02692668101316628f,0.0030541977556055554f,0.9980041833647495f,-0.06307393964649072f,1.1589583549865432f,0.5139480435772416f,0.05253975087794904f,0.8562108286402412f,0.6487535275661706f,0f,0f,0f,1f],start_interpolation:0}
execute if entity @s[tag=aj.axia.bone.arm_right_1] run data modify entity @s {} merge value {transformation:[0.17331296737826515f,-0.0350317650731809f,-0.9842435627294686f,0.01785342566972791f,-0.0457086647470582f,0.9980041833647495f,-0.04357026455623764f,1.1758539636242267f,0.9838055363259455f,0.05253975087794904f,0.17136581126963937f,0.32176796019165327f,0f,0f,0f,1f],start_interpolation:0}
execute if entity @s[tag=aj.axia.bone.arm_left_2] run data modify entity @s {} merge value {transformation:[-0.8178440428578821f,0.5738760508654679f,-0.04239575220383829f,0.5528449871075216f,0.5464878059000507f,0.79766015801138f,0.25512614590396027f,1.0899919119665027f,0.1802281874858168f,0.18548463700348697f,-0.9659778723507395f,-0.31385248844637287f,0f,0f,0f,1f],start_interpolation:0}
execute if entity @s[tag=aj.axia.bone.arm_left_1] run data modify entity @s {} merge value {transformation:[-0.8166585431425268f,0.5738760508654679f,-0.06111548212507417f,0.2849469413592146f,0.5405013794298434f,0.79766015801138f,0.267575281286775f,1.2670460405483f,0.20230443086289943f,0.18548463700348697f,-0.9615967796789477f,-0.24640081940460704f,0f,0f,0f,1f],start_interpolation:0}
execute if entity @s[tag=aj.axia.bone.ear_edge_a1] run data modify entity @s {} merge value {transformation:[-0.9829263220887849f,-0.0338949944001697f,-0.18085069726054775f,0.2318045777314059f,-0.032652008380442285f,0.9994182765393437f,-0.009846566297517276f,1.883162006278607f,0.1810792414765906f,-0.0037733107134619946f,-0.9834612704283386f,0.030593325521556122f,0f,0f,0f,1f],start_interpolation:0}
execute if entity @s[tag=aj.axia.bone.ear_edge_a2] run data modify entity @s {} merge value {transformation:[-0.9655225226746217f,-0.18724124414350585f,-0.18085069726054775f,0.118703952718065f,-0.18859347141623933f,0.9820058796521133f,-0.009846566297517276f,1.8713349141337654f,0.179440131373131f,0.024600179273152105f,-0.9834612704283386f,0.05151004462348685f,0f,0f,0f,1f],start_interpolation:0}
execute if entity @s[tag=aj.axia.bone.ear_edge_b1] run data modify entity @s {} merge value {transformation:[-0.9547667463123508f,0.22473042851038205f,-0.1947220959153498f,0.07705381484928525f,0.0002499771418489477f,0.6554518787019059f,0.7552368980773985f,1.881296916573407f,0.2973556753242743f,0.7210263997993984f,-0.6258598350627419f,-0.04714492219965871f,0f,0f,0f,1f],start_interpolation:0}
execute if entity @s[tag=aj.axia.bone.ear_edge_b2] run data modify entity @s {} merge value {transformation:[-0.9774826571851554f,-0.0813078118299896f,-0.1947220959153498f,0.10547234267560665f,-0.20230802712419527f,0.6234490275423847f,0.7552368980773985f,1.8922665428680487f,0.059992641743497804f,0.7776248129990924f,-0.6258598350627419f,-0.04274944723778065f,0f,0f,0f,1f],start_interpolation:0}
execute if entity @s[tag=aj.axia.bone.ear_right_2] run data modify entity @s {} merge value {transformation:[-0.9781675676829481f,0.07260519881907902f,-0.1947220959153498f,0.15470846235873154f,-0.10228836449592743f,0.6474212834555083f,0.7552368980773985f,1.9916339914661851f,0.1809013543950765f,0.7586660443391835f,-0.6258598350627419f,0.011909122162595345f,0f,0f,0f,1f],start_interpolation:0}
execute if entity @s[tag=aj.axia.bone.ear_right_1] run data modify entity @s {} merge value {transformation:[-0.9781675676829481f,-0.10237790207656333f,-0.18085069726054775f,0.17774349032595824f,-0.10228836449592743f,0.9947060548829976f,-0.009846566297517276f,1.767825129117511f,0.1809013543950765f,0.008867330235457983f,-0.9834612704283386f,0.009913972859617301f,0f,0f,0f,1f],start_interpolation:0}
execute if entity @s[tag=aj.axia.bone.ear_edge_a3] run data modify entity @s {} merge value {transformation:[-0.9228045194041475f,-0.343446721279969f,-0.1745742495596613f,-0.1460430068753104f,-0.339651618150253f,0.9391055196416848f,-0.0521306173609698f,1.8107250805108097f,0.18184773095970874f,0.01118805705027366f,-0.9832630523538677f,0.09713532416674844f,0f,0f,0f,1f],start_interpolation:0}
execute if entity @s[tag=aj.axia.bone.ear_edge_a4] run data modify entity @s {} merge value {transformation:[-0.9651701685772294f,-0.19485989089415823f,-0.1745742495596613f,-0.03683354716186437f,-0.1885614735298018f,0.9806767915240139f,-0.0521306173609698f,1.8423271914831554f,0.18135908135208495f,-0.01739693900899335f,-0.9832630523538677f,0.07607016059774768f,0f,0f,0f,1f],start_interpolation:0}
execute if entity @s[tag=aj.axia.bone.ear_edge_b3] run data modify entity @s {} merge value {transformation:[-0.8891418032564267f,-0.4239427286127778f,-0.17233518665165845f,-0.014333584807573643f,-0.4201372784759501f,0.9054854824237017f,-0.059839020335716114f,1.842598435044479f,0.18141532718249478f,0.019199061859075925f,-0.9832191388937663f,0.07305493247566419f,0f,0f,0f,1f],start_interpolation:0}
execute if entity @s[tag=aj.axia.bone.ear_edge_b4] run data modify entity @s {} merge value {transformation:[-0.9766296136804826f,-0.12843356696770838f,-0.17233518665165845f,-0.04439343382853457f,-0.11976389420434236f,0.9909974274892306f,-0.059839020335716114f,1.8469122026278564f,0.1784690654632393f,-0.03780102625165433f,-0.9832191388937663f,0.07806117968027088f,0f,0f,0f,1f],start_interpolation:0}
execute if entity @s[tag=aj.axia.bone.ear_left_2] run data modify entity @s {} merge value {transformation:[-0.9445142461703441f,-0.279630867793604f,-0.17233518665165845f,-0.12611344337520036f,-0.2733155543554213f,0.9600614039698974f,-0.059839020335716114f,1.936810227137482f,0.1821851984346011f,-0.009416920109317923f,-0.9832191388937663f,0.055130201502060015f,0f,0f,0f,1f],start_interpolation:0}
execute if entity @s[tag=aj.axia.bone.ear_left_1] run data modify entity @s {} merge value {transformation:[-0.9445142461703441f,-0.2782385130997273f,-0.1745742495596613f,-0.0635097779277618f,-0.2733155543554213f,0.9605108049787638f,-0.0521306173609698f,1.7206952960172606f,0.1821851984346011f,-0.0015242529645107129f,-0.9832630523538677f,0.05547315841907492f,0f,0f,0f,1f],start_interpolation:0}
execute if entity @s[tag=aj.axia.bone.head] run data modify entity @s {} merge value {transformation:[-0.9650130730148802f,-0.19306428039997497f,-0.1774146345260642f,0.16160650723302494f,-0.18851933240100277f,0.9811584668302841f,-0.042290947947837526f,1.242738090440235f,0.18223674223783048f,-0.007365229180833682f,-0.9832270964419441f,0.06719409235833412f,0f,0f,0f,1f],start_interpolation:0}
execute if entity @s[tag=aj.axia.bone.body_1] run data modify entity @s {} merge value {transformation:[-0.4264997687645905f,0.5547640192880665f,-0.7143772323829338f,-0.046430000000000006f,-0.150993043175951f,0.7350615745072931f,0.6609732086819591f,0.96709f,0.8917954071176954f,0.38977091295555766f,-0.22973808403826917f,-0.07896999999999998f,0f,0f,0f,1f],start_interpolation:0}
execute if entity @s[tag=aj.axia.bone.leg_left_2] run data modify entity @s {} merge value {transformation:[-0.2614100620089327f,0.28939985709857785f,-0.9208216451581753f,0.17548296748605063f,-0.3780911837053781f,0.8470571027381445f,0.3735523008965772f,0.622904650701429f,0.8880944973845699f,0.44580487594034185f,-0.11200971521731665f,-0.26483831756722437f,0f,0f,0f,1f],start_interpolation:0}
execute if entity @s[tag=aj.axia.bone.leg_left_1] run data modify entity @s {} merge value {transformation:[-0.2614100620089327f,-0.7688399173768874f,-0.58356658654209f,-0.09045664292400558f,-0.3780911837053781f,0.6378388398724089f,-0.6709759095187291f,0.754444636416677f,0.8880944973845699f,0.04524152736281478f,-0.4574290851237245f,-0.2871165562034559f,0f,0f,0f,1f],start_interpolation:0}
execute if entity @s[tag=aj.axia.bone.leg_right_2] run data modify entity @s {} merge value {transformation:[-0.3864288364372195f,0.09541211897186522f,-0.9173708529940741f,-0.1107656174289051f,0.48770159632446897f,0.8653448413845135f,-0.11543594947751651f,0.40730428501350235f,0.7828281467297538f,-0.4920110090663721f,-0.38092684290444656f,0.18015990727976366f,0f,0f,0f,1f],start_interpolation:0}
execute if entity @s[tag=aj.axia.bone.leg_right_1] run data modify entity @s {} merge value {transformation:[-0.3864288364372195f,-0.2367776951244135f,-0.8914084795767576f,-0.20834607015499104f,0.48770159632446897f,0.7678582111506946f,-0.41538045273101115f,0.7084121627434521f,0.7828281467297538f,-0.5952563234943626f,-0.18124569519752273f,-0.055598980813003046f,0f,0f,0f,1f],start_interpolation:0}
execute if entity @s[tag=aj.axia.bone.coat_downer] run data modify entity @s {} merge value {transformation:[-0.45786350103991813f,0.45690957052609826f,-0.7626235367316727f,-0.13057044467177498f,-0.17128037574681174f,0.7964149320501843f,0.5799881799584635f,0.7733361318981901f,0.8723669224010615f,0.3961778645623155f,-0.2863896861469414f,-0.1522173598740759f,0f,0f,0f,1f],start_interpolation:0}
execute if entity @s[tag=aj.axia.bone.body_2] run data modify entity @s {} merge value {transformation:[-0.45786350103991813f,0.3605634061869678f,-0.8126223258896597f,-0.046430000000000006f,-0.17128037574681174f,0.86116135459038f,0.4786064711682164f,0.96709f,0.8723669224010615f,0.3583226918280692f,-0.3325369170807756f,-0.07896999999999998f,0f,0f,0f,1f],start_interpolation:0}