execute if entity @s[tag=aj.axia.bone.wing_right_1] run data modify entity @s {} merge value {transformation:[0.2472593848766409f,0.5368130863778061f,-0.5635946693576896f,-0.22565951983759092f,-0.38764898591753044f,0.5977223061267182f,0.3992502384722048f,1.3661783300241803f,0.6749337039680116f,0.14664310245127915f,0.4357806101651703f,0.055857096586130764f,0f,0f,0f,1f],start_interpolation:0}
execute if entity @s[tag=aj.axia.bone.wing_right_2] run data modify entity @s {} merge value {transformation:[0.4250129234374683f,0.39313817456286837f,-0.5520927373299818f,-0.22565951983759092f,-0.12676167201131072f,0.6862728972143878f,0.39110227442175166f,1.3661783300241803f,0.6658043957650275f,-0.12029915315722736f,0.4268871283250648f,0.055857096586130764f,0f,0f,0f,1f],start_interpolation:0}
execute if entity @s[tag=aj.axia.bone.wing_left_1] run data modify entity @s {} merge value {transformation:[0.11126364148060801f,0.4735958036257709f,-0.6559511119869981f,-0.21274987471125537f,0.06069742414048555f,0.6553726878527817f,0.48347379159968407f,1.354405505614746f,0.8067717578297028f,-0.11462154792675361f,0.05408951805747772f,0.10921013192088605f,0f,0f,0f,1f],start_interpolation:0}
execute if entity @s[tag=aj.axia.bone.wing_left_2] run data modify entity @s {} merge value {transformation:[-0.07684218769822582f,0.4703257683647239f,-0.6425643545995083f,-0.21274987471125537f,-0.19074921974819853f,0.6158824271803044f,0.47360697952622116f,1.354405505614746f,0.7731170760985712f,0.19870205711725566f,0.05298565034201899f,0.10921013192088605f,0f,0f,0f,1f],start_interpolation:0}
execute if entity @s[tag=aj.axia.bone.blade] run data modify entity @s {} merge value {transformation:[1.4705773114990752f,1.3536738362781773f,0.07049479328342442f,0.79993259440233f,-0.27324750445727247f,0.19416521748132048f,1.9717088196861894f,1.3008438334666625f,1.3276815025494715f,-1.4594063907275288f,0.32771148056121413f,0.12074197867507405f,0f,0f,0f,1f],start_interpolation:0}
execute if entity @s[tag=aj.axia.bone.arm_right_2] run data modify entity @s {} merge value {transformation:[0.6768369181390888f,-0.0032829436036177495f,0.736125674409795f,0.5504252427482612f,0.09708260874065978f,0.9916536653557393f,-0.08484088086904543f,1.2617570123955153f,-0.7297031953637643f,0.1288884411722908f,0.6715065274500974f,0.378747820903289f,0f,0f,0f,1f],start_interpolation:0}
execute if entity @s[tag=aj.axia.bone.arm_right_1] run data modify entity @s {} merge value {transformation:[0.9829984191067987f,-0.0032829436036177495f,-0.18358466797319828f,0.25519433413210263f,-0.020461968532501595f,0.9916536653557393f,-0.12729617366717078f,1.2758062728290571f,0.18247031505784408f,0.1288884411722908f,0.9747268098574428f,0.26313445098463345f,0f,0f,0f,1f],start_interpolation:0}
execute if entity @s[tag=aj.axia.bone.arm_left_2] run data modify entity @s {} merge value {transformation:[-0.6301979470765011f,0.38455921571118923f,-0.6745107538891861f,0.30945154907091355f,0.28908998160191207f,0.922482558958136f,0.2558376652400018f,1.3100721373129727f,0.7206091381865547f,-0.03376593001302257f,-0.6925188314640881f,-0.5793705883318044f,0f,0f,0f,1f],start_interpolation:0}
execute if entity @s[tag=aj.axia.bone.arm_left_1] run data modify entity @s {} merge value {transformation:[-0.6224118323948147f,0.38455921571118923f,-0.6817020760614743f,0.10560212963604765f,0.2861334576918074f,0.922482558958136f,0.25914006407226914f,1.4038154302308692f,0.7285129753712417f,-0.03376593001302257f,-0.6841993179520832f,-0.3399464151521463f,0f,0f,0f,1f],start_interpolation:0}
execute if entity @s[tag=aj.axia.bone.ear_edge_a1] run data modify entity @s {} merge value {transformation:[-0.965666489493521f,0.08088281001186859f,-0.2468728460439568f,0.3472672622782294f,0.08937946055350068f,0.9957230092054171f,-0.02338805186572878f,1.9893335253488988f,0.24392528179839085f,-0.04465041974598734f,-0.9687656047342316f,-0.07853031048644976f,0f,0f,0f,1f],start_interpolation:0}
execute if entity @s[tag=aj.axia.bone.ear_edge_a2] run data modify entity @s {} merge value {transformation:[-0.966430391691345f,-0.07117651228790242f,-0.2468728460439568f,0.23523169308862124f,-0.06748634519592266f,0.9974460347517667f,-0.02338805186572878f,1.991611755339755f,0.24790702133543932f,-0.005942378017871768f,-0.9687656047342316f,-0.050035020885021216f,0f,0f,0f,1f],start_interpolation:0}
execute if entity @s[tag=aj.axia.bone.ear_edge_b1] run data modify entity @s {} merge value {transformation:[-0.9261078682683931f,0.3467926996536569f,-0.14852285951428817f,0.18841461916022859f,0.12279643081789174f,0.6493517411759353f,0.7505087293364201f,2.0029228454390657f,0.35671452579024465f,0.6768139623993501f,-0.6439546625279848f,-0.14624916551738582f,0f,0f,0f,1f],start_interpolation:0}
execute if entity @s[tag=aj.axia.bone.ear_edge_b2] run data modify entity @s {} merge value {transformation:[-0.9879457606270158f,0.043636386889909895f,-0.14852285951428817f,0.21813711333237804f,-0.08387437764318337f,0.6555163887842934f,0.7505087293364201f,2.0106257656080913f,0.13010865779830194f,0.753919179869031f,-0.6439546625279848f,-0.14412690585934407f,0f,0f,0f,1f],start_interpolation:0}
execute if entity @s[tag=aj.axia.bone.ear_right_2] run data modify entity @s {} merge value {transformation:[-0.9689562740722868f,0.1976479171093137f,-0.14852285951428817f,0.2820473344317641f,0.019703610731729215f,0.6605667376684695f,0.7505087293364201f,2.1053742566875253f,0.24644574790424692f,0.7242837054279105f,-0.6439546625279848f,-0.09696917469627785f,0f,0f,0f,1f],start_interpolation:0}
execute if entity @s[tag=aj.axia.bone.ear_right_1] run data modify entity @s {} merge value {transformation:[-0.9689562740722868f,0.013324294431899033f,-0.2468728460439568f,0.2790493681845868f,0.019703610731729215f,0.9995322739932205f,-0.02338805186572878f,1.880479495039051f,0.24644574790424692f,-0.02752628605231055f,-0.9687656047342316f,-0.09077576033450799f,0f,0f,0f,1f],start_interpolation:0}
execute if entity @s[tag=aj.axia.bone.ear_edge_a3] run data modify entity @s {} merge value {transformation:[-0.9425001324230252f,-0.22580966448545747f,-0.24638079431551585f,-0.030484786110592813f,-0.22257772214420496f,0.9740410033961556f,-0.041270828779025846f,1.9634913094063013f,0.24930434811225557f,0.015941114389387213f,-0.9682939754456529f,0.016812183068575525f,0f,0f,0f,1f],start_interpolation:0}
execute if entity @s[tag=aj.axia.bone.ear_edge_a4] run data modify entity @s {} merge value {transformation:[-0.966220805868292f,-0.07559006879004358f,-0.24638079431551585f,0.08004761892028464f,-0.06746383774452817f,0.9968677692094737f,-0.041270828779025846f,1.9813079504308793f,0.2487287375917952f,-0.023254939510653064f,-0.9682939754456529f,-0.012071988473834734f,0f,0f,0f,1f],start_interpolation:0}
execute if entity @s[tag=aj.axia.bone.ear_edge_b3] run data modify entity @s {} merge value {transformation:[-0.9191091341106981f,-0.3078769112303225f,-0.24586623827918844f,0.10203655996691052f,-0.30660243979918783f,0.9507993435382379f,-0.04444718479770776f,1.9786247695434676f,0.2474537199224701f,0.03453137498756797f,-0.9682841734935043f,-0.01714783451269427f,0f,0f,0f,1f],start_interpolation:0}
execute if entity @s[tag=aj.axia.bone.ear_edge_b4] run data modify entity @s {} merge value {transformation:[-0.9692639289282123f,-0.008788000516974426f,-0.24586623827918844f,0.07314647316056869f,0.002216907110849209f,0.9990092757759662f,-0.04444718479770776f,1.9866291996783014f,0.24601325452403353f,-0.04362611557878376f,-0.9682841734935043f,-0.010179505621303545f,0f,0f,0f,1f],start_interpolation:0}
execute if entity @s[tag=aj.axia.bone.ear_left_2] run data modify entity @s {} merge value {transformation:[-0.9559559354021834f,-0.1603060898524369f,-0.24586623827918844f,0.00162555901569051f,-0.1540898683206735f,0.987056614508244f,-0.04444718479770776f,2.0857358143684297f,0.24980905117760224f,-0.004604053838347277f,-0.9682841734935043f,-0.02884182851512968f,0f,0f,0f,1f],start_interpolation:0}
execute if entity @s[tag=aj.axia.bone.ear_left_1] run data modify entity @s {} merge value {transformation:[-0.9559559354021834f,-0.15951411775072358f,-0.24638079431551585f,0.03751623550960326f,-0.1540898683206735f,0.9871945254977916f,-0.041270828779025846f,1.863617046131427f,0.24980905117760224f,-0.0014883095774565558f,-0.9682939754456529f,-0.028506958860201954f,0f,0f,0f,1f],start_interpolation:0}
execute if entity @s[tag=aj.axia.bone.head] run data modify entity @s {} merge value {transformation:[-0.9661325306999342f,-0.0745810789986796f,-0.2470335924094797f,0.2042254045967146f,-0.06744979563049625f,0.9970282713072995f,-0.0372176206034459f,1.3622343321841055f,0.24907520589722415f,-0.019294788658350825f,-0.9682919254738644f,-0.019493657738891907f,0f,0f,0f,1f],start_interpolation:0}
execute if entity @s[tag=aj.axia.bone.body_1] run data modify entity @s {} merge value {transformation:[0.22995065655610075f,0.5947610789245723f,-0.7703128939242136f,-0.018810000000000018f,-0.20970124863823522f,0.8032115524909484f,0.5575630800767258f,1.06103f,0.950341034507604f,0.033323579362955f,0.3094211647406453f,-0.03199000000000003f,0f,0f,0f,1f],start_interpolation:0}
execute if entity @s[tag=aj.axia.bone.leg_left_2] run data modify entity @s {} merge value {transformation:[0.2714046021353412f,0.5368376228786985f,-0.7988397264794143f,0.06060270837704321f,-0.3617126709792006f,0.8260413505186114f,0.43222636533011405f,0.6869409062487556f,0.8919100210182916f,0.17164222643433866f,0.41837239453842257f,-0.31107350419971475f,0f,0f,0f,1f],start_interpolation:0}
execute if entity @s[tag=aj.axia.bone.leg_left_1] run data modify entity @s {} merge value {transformation:[0.2714046021353412f,-0.5764926408654345f,-0.7707112150265845f,-0.16356575841072693f,-0.3617126709792006f,0.6809711408336844f,-0.6367434718980344f,0.8343835459533899f,0.8919100210182916f,0.4515911207936527f,-0.02370599138367377f,-0.18306482409400043f,0f,0f,0f,1f],start_interpolation:0}
execute if entity @s[tag=aj.axia.bone.leg_right_2] run data modify entity @s {} merge value {transformation:[0.003087094522102818f,-0.30263451645451855f,-0.9531016836087066f,0.11387838299528684f,0.2731961468336334f,0.9171033775863522f,-0.2903192383824409f,0.4732321417756675f,0.9619533955460977f,-0.25948746457207594f,0.08550976860738324f,0.1536824077976424f,0f,0f,0f,1f],start_interpolation:0}
execute if entity @s[tag=aj.axia.bone.leg_right_1] run data modify entity @s {} merge value {transformation:[0.003087094522102818f,-0.5689001444005053f,-0.8224008119819044f,-0.11610958351526206f,0.2731961468336334f,0.7915985979696714f,-0.5465670361883403f,0.790071012762355f,0.9619533955460977f,-0.22298942888292866f,0.15786506707881226f,0.06443778895581054f,0f,0f,0f,1f],start_interpolation:0}
execute if entity @s[tag=aj.axia.bone.coat_downer] run data modify entity @s {} merge value {transformation:[0.14220459595733215f,0.528679052285666f,-0.8368251385820945f,-0.11215835330038097f,-0.18719046790648408f,0.8445252569332687f,0.5017338130191626f,0.8586131904619112f,0.971976121935906f,0.08529683508856885f,0.21905905210766802f,-0.049277906612090194f,0f,0f,0f,1f],start_interpolation:0}
execute if entity @s[tag=aj.axia.bone.body_2] run data modify entity @s {} merge value {transformation:[0.14220459595733215f,0.42275502861559777f,-0.8950173398704837f,-0.018810000000000018f,-0.18719046790648408f,0.899376264089821f,0.3950722267089756f,1.06103f,0.971976121935906f,0.11135762826165899f,0.2070311498648807f,-0.03199000000000003f,0f,0f,0f,1f],start_interpolation:0}