execute if entity @s[tag=aj.axia.bone.wing_right_1] run data modify entity @s {} merge value {transformation:[-0.03142806824384976f,-0.37287937392687714f,-0.7258909652770206f,-0.7204716106097091f,-0.10891507945189058f,0.7218467522464896f,-0.3660863507201927f,1.0472704419528112f,0.8087609204449069f,0.08272051266487358f,-0.07750828852459715f,-0.5291415935932237f,0f,0f,0f,1f],start_interpolation:0}
execute if entity @s[tag=aj.axia.bone.wing_right_2] run data modify entity @s {} merge value {transformation:[-0.16822580343119398f,-0.3256835467479222f,-0.7110768639448365f,-0.7204716106097091f,0.1720304131629423f,0.6941186316257079f,-0.3586152007054949f,1.0472704419528112f,0.7629584628319663f,-0.22831897119545036f,-0.07592648671797272f,-0.5291415935932237f,0f,0f,0f,1f],start_interpolation:0}
execute if entity @s[tag=aj.axia.bone.wing_left_1] run data modify entity @s {} merge value {transformation:[-0.36117203492129496f,-0.30365338310993534f,-0.6665536951822758f,-0.7333475950367323f,0.0387702426091489f,0.7342151795392583f,-0.3554847153769163f,1.044969923385593f,0.7314342581006739f,-0.1888574528698038f,-0.3102921736310655f,-0.47862828762705767f,0f,0f,0f,1f],start_interpolation:0}
execute if entity @s[tag=aj.axia.bone.wing_left_2] run data modify entity @s {} merge value {transformation:[-0.21303803939407795f,-0.4102077057610217f,-0.6529505585459029f,-0.7333475950367323f,-0.24014982992673728f,0.6790169205068245f,-0.3482299252671833f,1.044969923385593f,0.7327638452852917f,0.10327468131012454f,-0.303959680291656f,-0.47862828762705767f,0f,0f,0f,1f],start_interpolation:0}
execute if entity @s[tag=aj.axia.bone.blade] run data modify entity @s {} merge value {transformation:[1.4430602581277978f,1.2694261305613224f,-0.5532941265369085f,-0.008051760147254922f,0.47133509930854006f,0.301135568043999f,1.9201980610912583f,1.5630110348260258f,1.3020830678462652f,-1.5158742258864766f,-0.08188416037997152f,-0.4711864253815765f,0f,0f,0f,1f],start_interpolation:0}
execute if entity @s[tag=aj.axia.bone.arm_right_2] run data modify entity @s {} merge value {transformation:[0.6347130652806615f,-0.31402989734564934f,0.706062708500532f,-0.24068493392920548f,0.1505677840219991f,0.9464493616255113f,0.2855922763195233f,1.5022011946312321f,-0.7579371129432382f,-0.07495885172375061f,0.6480065612102439f,-0.20186750193506853f,0f,0f,0f,1f],start_interpolation:0}
execute if entity @s[tag=aj.axia.bone.arm_right_1] run data modify entity @s {} merge value {transformation:[0.9368677437906567f,-0.31402989734564934f,0.15383125240888096f,-0.5822310568517655f,0.29612048500094396f,0.9464493616255113f,0.12863228304538496f,1.3935469110386172f,-0.18598787328051697f,-0.07495885172375061f,0.9796885635449905f,-0.14290293038109947f,0f,0f,0f,1f],start_interpolation:0}
execute if entity @s[tag=aj.axia.bone.arm_left_2] run data modify entity @s {} merge value {transformation:[-0.7786545637067741f,-0.12589431698459722f,-0.6146931684748049f,-0.47125228407638137f,0.405215262432159f,0.6470758471822924f,-0.6458277162567082f,1.163740961101901f,0.4790591419758625f,-0.7519597522103828f,-0.45283426277728805f,-0.9654946745065953f,0f,0f,0f,1f],start_interpolation:0}
execute if entity @s[tag=aj.axia.bone.arm_left_1] run data modify entity @s {} merge value {transformation:[0.014900523192948989f,-0.12589431698459722f,-0.9919317493454668f,-0.42292139894111025f,0.7591384696852104f,0.6470758471822924f,-0.07072221600965006f,1.415930550917503f,0.6507586021349032f,-0.7519597522103828f,0.10521298780628882f,-0.7565723109820567f,0f,0f,0f,1f],start_interpolation:0}
execute if entity @s[tag=aj.axia.bone.ear_edge_a1] run data modify entity @s {} merge value {transformation:[-0.9008663386798775f,0.06649881353908131f,-0.4289728984812522f,-0.45727681658643116f,0.01933006551367175f,0.9933618763186229f,0.11339546394800051f,2.0516890326699735f,0.4336659871384305f,0.09386208219850897f,-0.896171702925623f,-0.5551515476458322f,0f,0f,0f,1f],start_interpolation:0}
execute if entity @s[tag=aj.axia.bone.ear_edge_a2] run data modify entity @s {} merge value {transformation:[-0.9001778854705419f,-0.0752464409681774f,-0.4289728984812522f,-0.5617221042832593f,-0.13630395338247f,0.984155831689437f,0.11339546394800051f,2.0459065751751786f,0.4136435745930229f,0.1605467909155938f,-0.896171702925623f,-0.5058881160941457f,0f,0f,0f,1f],start_interpolation:0}
execute if entity @s[tag=aj.axia.bone.ear_edge_b1] run data modify entity @s {} merge value {transformation:[-0.8591773730331338f,0.34973829095037257f,-0.3734934664903738f,-0.6085305549955237f,0.07777109673828689f,0.8107167985604425f,0.5802498850013079f,2.045884600789209f,0.5057330305408255f,0.4694905753846606f,-0.7237490597195777f,-0.5537888046558486f,0f,0f,0f,1f],start_interpolation:0}
execute if entity @s[tag=aj.axia.bone.ear_edge_b2] run data modify entity @s {} merge value {transformation:[-0.9252013147638289f,0.06712047115662015f,-0.3734934664903738f,-0.5804871009808457f,-0.17656056004805912f,0.7950700847041628f,0.5802498850013079f,2.0574524146213666f,0.3359001277088155f,0.6027921721126018f,-0.7237490597195777f,-0.5589864959771155f,0f,0f,0f,1f],start_interpolation:0}
execute if entity @s[tag=aj.axia.bone.ear_right_2] run data modify entity @s {} merge value {transformation:[-0.9033105962968917f,0.21102747950624376f,-0.3734934664903738f,-0.5253235342295437f,-0.05001044319822892f,0.8129016093766119f,0.5802498850013079f,2.166918717895639f,0.42606211071728844f,0.5428244434125606f,-0.7237490597195777f,-0.5428696140829721f,0f,0f,0f,1f],start_interpolation:0}
execute if entity @s[tag=aj.axia.bone.ear_right_1] run data modify entity @s {} merge value {transformation:[-0.9033105962968917f,0.00349556667042962f,-0.4289728984812522f,-0.5261100367303904f,-0.05001044319822892f,0.9922904939215808f,0.11339546394800051f,1.9436533567632837f,0.42606211071728844f,0.12388444892930728f,-0.896171702925623f,-0.5707436150920662f,0f,0f,0f,1f],start_interpolation:0}
execute if entity @s[tag=aj.axia.bone.ear_edge_a3] run data modify entity @s {} merge value {transformation:[-0.8681018971208658f,-0.03442885835448673f,-0.495190619789552f,-0.7829943631199215f,-0.28027656884975183f,0.8573506385710592f,0.4317347883777811f,1.978597373862608f,0.40968785821520814f,0.5135801166850247f,-0.7539173181303319f,-0.3579479358662881f,0f,0f,0f,1f],start_interpolation:0}
execute if entity @s[tag=aj.axia.bone.ear_edge_a4] run data modify entity @s {} merge value {transformation:[-0.8627999822734289f,0.10179607389978415f,-0.495190619789552f,-0.6825868988370871f,-0.14270671069814628f,0.8906401446297536f,0.4317347883777811f,2.0040103696767035f,0.48498555165147617f,0.44316779227791525f,-0.7539173181303319f,-0.409345030969456f,0f,0f,0f,1f],start_interpolation:0}
execute if entity @s[tag=aj.axia.bone.ear_edge_b3] run data modify entity @s {} merge value {transformation:[-0.8988394613981711f,0.12391371556663411f,-0.4203962579851507f,-0.6949504323526984f,-0.3040314822897855f,0.5145942635152801f,0.8017216485375971f,2.0306658971182845f,0.31567781108294923f,0.8484327522270919f,-0.4248639600369043f,-0.46952919335010956f,0f,0f,0f,1f],start_interpolation:0}
execute if entity @s[tag=aj.axia.bone.ear_edge_b4] run data modify entity @s {} merge value {transformation:[-0.8165556829197232f,0.39560561543485095f,-0.4203962579851507f,-0.7160863995806119f,-0.13013274975649353f,0.583359122416862f,0.8017216485375971f,2.031432104552169f,0.5624075783027097f,0.7093576892720918f,-0.4248639600369043f,-0.4471696441482849f,0f,0f,0f,1f],start_interpolation:0}
execute if entity @s[tag=aj.axia.bone.ear_left_2] run data modify entity @s {} merge value {transformation:[-0.8683888802839731f,0.26299760240585884f,-0.4203962579851507f,-0.742521006268262f,-0.21978807190569377f,0.5558197564985751f,0.8017216485375971f,2.1066327072030684f,0.44451541710847936f,0.7886042476519097f,-0.4248639600369043f,-0.3526618377963186f,0f,0f,0f,1f],start_interpolation:0}
execute if entity @s[tag=aj.axia.bone.ear_left_1] run data modify entity @s {} merge value {transformation:[-0.8683888802839731f,0.026210735807813468f,-0.495190619789552f,-0.74841842182502f,-0.21978807190569377f,0.8748132806218538f,0.4317347883777811f,1.9097997190631515f,0.44451541710847936f,0.48375068100835034f,-0.7539173181303319f,-0.46150574102319725f,0f,0f,0f,1f],start_interpolation:0}
execute if entity @s[tag=aj.axia.bone.head] run data modify entity @s {} merge value {transformation:[-0.8892335403785186f,-0.2003408777894726f,-0.4112508277832754f,-0.5217379410423731f,-0.135414550800528f,0.9739899136596288f,-0.18167704180991115f,1.4332341147192174f,0.4369514962754756f,-0.10586397298350597f,-0.8932335691893643f,-0.43395584286641725f,0f,0f,0f,1f],start_interpolation:0}
execute if entity @s[tag=aj.axia.bone.body_1] run data modify entity @s {} merge value {transformation:[-0.2467643095854697f,-0.4429678427796617f,-0.8619088500403853f,-0.35562499999999997f,-0.044088735827976955f,0.8936243059179125f,-0.44664503047254434f,1.098125f,0.9680720835185247f,-0.07221558097711256f,-0.24004447707922955f,-0.40687500000000004f,0f,0f,0f,1f],start_interpolation:0}
execute if entity @s[tag=aj.axia.bone.leg_left_2] run data modify entity @s {} merge value {transformation:[-0.2467643095854697f,0.046339665125713914f,-0.9679669472408875f,0.11567532226284852f,-0.044088735827976955f,0.9972849220424826f,0.05898277409388736f,0.7690370256226993f,0.9680720835185247f,0.0572312825538306f,-0.2440512679937276f,-0.43084942765990014f,0f,0f,0f,1f],start_interpolation:0}
execute if entity @s[tag=aj.axia.bone.leg_left_1] run data modify entity @s {} merge value {transformation:[-0.2467643095854697f,-0.7308399359697496f,-0.6363806749945654f,-0.1429826976839154f,-0.044088735827976955f,0.6644751970243195f,-0.7460086433229731f,0.9414741608804875f,0.9680720835185247f,-0.1560310883485213f,-0.19619057209988094f,-0.48892881385936615f,0f,0f,0f,1f],start_interpolation:0}
execute if entity @s[tag=aj.axia.bone.leg_right_2] run data modify entity @s {} merge value {transformation:[-0.24489709960118292f,-0.9523287530008143f,-0.18192129291218828f,0.08122289796558937f,-0.04596712975557453f,0.19882850487381076f,-0.9789556928848615f,1.058552469061941f,0.9684587929225293f,-0.2313810101489725f,-0.09246834352078873f,-0.16845670933963064f,0f,0f,0f,1f],start_interpolation:0}
execute if entity @s[tag=aj.axia.bone.leg_right_1] run data modify entity @s {} merge value {transformation:[-0.24489709960118292f,-0.8587130214200036f,0.45015259351763903f,-0.22051476635245146f,-0.04596712975557453f,-0.4534851014953796f,-0.8900776852071732f,0.872944362109187f,0.9684587929225293f,-0.23866966620300506f,0.07158461319015183f,-0.25356776555624855f,0f,0f,0f,1f],start_interpolation:0}
execute if entity @s[tag=aj.axia.bone.coat_downer] run data modify entity @s {} merge value {transformation:[-0.2467643095854697f,-0.6100508875416962f,-0.7529576947773329f,-0.20175744734500706f,-0.044088735827976955f,0.7832484424396686f,-0.6201435807850663f,0.9409645812933808f,0.9680720835185247f,-0.11983234966160752f,-0.22017413355496798f,-0.36674109171257924f,0f,0f,0f,1f],start_interpolation:0}
execute if entity @s[tag=aj.axia.bone.body_2] run data modify entity @s {} merge value {transformation:[-0.2467643095854697f,-0.6972661206092505f,-0.672998761191529f,-0.35562499999999997f,-0.044088735827976955f,0.7018337363153596f,-0.7109750979765137f,1.098125f,0.9680720835185247f,-0.14577161458990703f,-0.2039290991789898f,-0.40687500000000004f,0f,0f,0f,1f],start_interpolation:0}