execute if entity @s[tag=aj.axia.bone.wing_right_1] run data modify entity @s {} merge value {transformation:[0.548223001504711f,0.4743456803087411f,-0.3760214895960697f,-0.16689645763969385f,-0.3832366361086732f,0.6646893943659967f,0.27975370275640143f,1.4169953782793547f,0.4685356611931667f,-0.011341474077307425f,0.6687975400676053f,0.23680857810941458f,0f,0f,0f,1f],start_interpolation:0}
execute if entity @s[tag=aj.axia.bone.wing_right_2] run data modify entity @s {} merge value {transformation:[0.6739750955855115f,0.22378031554782699f,-0.3683475816451295f,-0.16689645763969385f,-0.09766419459587922f,0.7452257027717736f,0.2740444435164749f,1.4169953782793547f,0.4197847968000253f,-0.18590595015122888f,0.6551486106784705f,0.23680857810941458f,0f,0f,0f,1f],start_interpolation:0}
execute if entity @s[tag=aj.axia.bone.wing_left_1] run data modify entity @s {} merge value {transformation:[0.5007737245470358f,0.2893792548309717f,-0.576567227755103f,-0.13142448342271174f,-0.014933055422414895f,0.7348974538832945f,0.355875231754117f,1.4035312132527065f,0.6449396290378537f,-0.207677210097225f,0.45592487950011323f,0.27446090418957536f,0f,0f,0f,1f],start_interpolation:0}
execute if entity @s[tag=aj.axia.bone.wing_left_2] run data modify entity @s {} merge value {transformation:[0.34473203072765696f,0.44962224824778363f,-0.564800549637652f,-0.13142448342271174f,-0.2890084156908247f,0.6595024488809977f,0.34861247192240036f,1.4035312132527065f,0.6615390862604151f,0.05381778331160923f,0.44662029012255994f,0.27446090418957536f,0f,0f,0f,1f],start_interpolation:0}
execute if entity @s[tag=aj.axia.bone.blade] run data modify entity @s {} merge value {transformation:[1.9114341397564518f,-0.537337465295132f,0.2401832170733654f,0.5529425449379858f,-0.21497227745086306f,0.12240420626345211f,1.9846420660201185f,1.398593647846504f,-0.5479109866585065f,-1.9225726666836844f,0.05922746001379217f,-0.29269358655637256f,0f,0f,0f,1f],start_interpolation:0}
execute if entity @s[tag=aj.axia.bone.arm_right_2] run data modify entity @s {} merge value {transformation:[-0.2686687326475658f,0.06990866041113408f,0.960692402019018f,0.6427667206459123f,0.061202103131725596f,0.9965864813750708f,-0.05540476254537566f,1.3722253501787087f,-0.9612863333418423f,0.04391086813052775f,-0.27203018396902046f,0.0559968822999751f,0f,0f,0f,1f],start_interpolation:0}
execute if entity @s[tag=aj.axia.bone.arm_right_1] run data modify entity @s {} merge value {transformation:[0.7786922820062308f,0.06990866041113408f,0.6234990851183734f,0.3645016874342687f,-0.02700510525899752f,0.9965864813750708f,-0.07801352081790888f,1.38598559018465f,-0.6268245801130319f,0.04391086813052775f,0.777922092131432f,0.18671318978964124f,0f,0f,0f,1f],start_interpolation:0}
execute if entity @s[tag=aj.axia.bone.arm_left_2] run data modify entity @s {} merge value {transformation:[-0.28489234239875577f,0.16737433022964424f,-0.9438337707577152f,0.03921458674272574f,-0.04062730420332453f,0.9816444554548811f,0.18634265541700393f,1.552586038343056f,0.9576981650790193f,0.09143301731249892f,-0.2728630204872246f,-0.5721695029697711f,0f,0f,0f,1f],start_interpolation:0}
execute if entity @s[tag=aj.axia.bone.arm_left_1] run data modify entity @s {} merge value {transformation:[-0.2983266181707665f,0.16737433022964424f,-0.9396739128394334f,-0.05932132890012294f,-0.03796509682536553f,0.9816444554548811f,0.18690322227754758f,1.5402575289488336f,0.9537084881208902f,0.09143301731249892f,-0.2864962879886891f,-0.25943131915354617f,0f,0f,0f,1f],start_interpolation:0}
execute if entity @s[tag=aj.axia.bone.ear_edge_a1] run data modify entity @s {} merge value {transformation:[-0.740456010826862f,0.234972241898261f,-0.6296927358384202f,0.4058472830875404f,0.2929987769647494f,0.9560348410165228f,0.012210628963019911f,2.070386797957811f,0.6048773534589723f,-0.17545776785259967f,-0.7767483240874435f,-0.19218888924761435f,0f,0f,0f,1f],start_interpolation:0}
execute if entity @s[tag=aj.axia.bone.ear_edge_a2] run data modify entity @s {} merge value {transformation:[-0.7680975255779369f,0.11624650374688913f,-0.6296927358384202f,0.3185454209243426f,0.13983467690247633f,0.9900995726066684f,0.012210628963019911f,2.09647126924912f,0.6248779515526455f,-0.07867392637155608f,-0.7767483240874435f,-0.12100514218909755f,0f,0f,0f,1f],start_interpolation:0}
execute if entity @s[tag=aj.axia.bone.ear_edge_b1] run data modify entity @s {} merge value {transformation:[-0.6519115019320051f,0.7105706701880441f,-0.26476539864051446f,0.23864952635594228f,0.3193089667992025f,0.5739292562394758f,0.7540868600857781f,2.115683774549924f,0.6877886138708482f,0.40705593166162757f,-0.6010426699733565f,-0.19050010062254724f,0f,0f,0f,1f],start_interpolation:0}
execute if entity @s[tag=aj.axia.bone.ear_edge_b2] run data modify entity @s {} merge value {transformation:[-0.8395830947526955f,0.47434113324506777f,-0.26476539864051446f,0.2673831261878841f,0.12632697983888258f,0.6445110562362437f,0.7540868600857781f,2.117049080181215f,0.5283386425109113f,0.5996715665270664f,-0.6010426699733565f,-0.2014445881039686f,0f,0f,0f,1f],start_interpolation:0}
execute if entity @s[tag=aj.axia.bone.ear_right_2] run data modify entity @s {} merge value {transformation:[-0.7550431322222511f,0.5998409390552975f,-0.26476539864051446f,0.3612892119065565f,0.22559542738429228f,0.6168141621179515f,0.7540868600857781f,2.19715106502662f,0.6156432178033885f,0.5096382415439288f,-0.6010426699733565f,-0.19430570723412038f,0f,0f,0f,1f],start_interpolation:0}
execute if entity @s[tag=aj.axia.bone.ear_right_1] run data modify entity @s {} merge value {transformation:[-0.7550431322222511f,0.18274826104873665f,-0.6296927358384202f,0.3201708531705908f,0.22559542738429228f,0.9741445496863521f,0.012210628963019911f,1.977968541347191f,0.6156432178033885f,-0.13283625032361052f,-0.7767483240874435f,-0.16441755091130808f,0f,0f,0f,1f],start_interpolation:0}
execute if entity @s[tag=aj.axia.bone.ear_edge_a3] run data modify entity @s {} merge value {transformation:[-0.7789237466776606f,0.004568043161211524f,-0.6271020091207747f,0.10667823624669516f,-0.016709142856963337f,0.9994672818662241f,0.028034925074392068f,2.1244670012064524f,0.6268960052565503f,0.0323154059330607f,-0.7784324717872194f,0.05289908857003917f,0f,0f,0f,1f],start_interpolation:0}
execute if entity @s[tag=aj.axia.bone.ear_edge_a4] run data modify entity @s {} merge value {transformation:[-0.7686193034180012f,0.12636232258831612f,-0.6271020091207747f,0.19648506139941402f,0.13984770398279522f,0.9897760669296936f,0.028034925074392068f,2.1183329940180418f,0.6242331183972593f,-0.06615059155648324f,-0.7784324717872194f,-0.01966983547325572f,0f,0f,0f,1f],start_interpolation:0}
execute if entity @s[tag=aj.axia.bone.ear_edge_b3] run data modify entity @s {} merge value {transformation:[-0.7766132713086418f,-0.0617242739380371f,-0.6269465215104965f,0.2129036053791204f,-0.10374292267441258f,0.9941322590622f,0.030634253489479464f,2.110861848531874f,0.6213768846861465f,0.08883223231861821f,-0.7784597624020332f,-0.03357346598364486f,0f,0f,0f,1f],start_interpolation:0}
execute if entity @s[tag=aj.axia.bone.ear_edge_b4] run data modify entity @s {} merge value {transformation:[-0.7576769619316879f,0.18128342594913477f,-0.6269465215104965f,0.1918152611628443f,0.20853838007757325f,0.9775342891928466f,0.030634253489479464f,2.124830426958154f,0.6184152046906584f,-0.10753154387611448f,-0.7784597624020332f,-0.016039893045857533f,0f,0f,0f,1f],start_interpolation:0}
execute if entity @s[tag=aj.axia.bone.ear_left_2] run data modify entity @s {} merge value {transformation:[-0.7767076769964874f,0.060524735940011475f,-0.6269465215104965f,0.1412212972545627f,0.05305087298085119f,0.9981218098955216f,0.030634253489479464f,2.237526971997033f,0.6276231268609288f,-0.009466200414104757f,-0.7784597624020332f,-0.01100163108388754f,0f,0f,0f,1f],start_interpolation:0}
execute if entity @s[tag=aj.axia.bone.ear_left_1] run data modify entity @s {} merge value {transformation:[-0.7767076769964874f,0.0588918895214558f,-0.6271020091207747f,0.12797062211223517f,0.05305087298085119f,0.9981982006856366f,0.028034925074392068f,2.012932376842765f,0.6276231268609288f,-0.011493367502601218f,-0.7784324717872194f,-0.00841562339580227f,0f,0f,0f,1f],start_interpolation:0}
execute if entity @s[tag=aj.axia.bone.head] run data modify entity @s {} merge value {transformation:[-0.7688009242334224f,0.12428638716878182f,-0.6272942155499016f,0.17997690845334668f,0.13985534198229654f,0.9898633696634825f,0.02471826687836877f,1.4873730363024942f,0.6240077100620232f,-0.06872702061770974f,-0.7783899886433294f,-0.02686930194187486f,0f,0f,0f,1f],start_interpolation:0}
execute if entity @s[tag=aj.axia.bone.body_1] run data modify entity @s {} merge value {transformation:[0.6636083171523192f,0.45543842254225786f,-0.593464274138289f,0.0091875f,-0.2518870768381874f,0.8830280968066512f,0.3959978292515459f,1.1562375f,0.7043982551995565f,-0.11330147184499963f,0.7007038422540418f,0.015618750000000002f,0f,0f,0f,1f],start_interpolation:0}
execute if entity @s[tag=aj.axia.bone.leg_left_2] run data modify entity @s {} merge value {transformation:[0.6031047674896138f,0.6361953328191987f,-0.4811653956077549f,-0.0414540477239162f,-0.35087732358692436f,0.753317459104279f,0.5562354803508575f,0.7315299611013971f,0.7163447097758001f,-0.166638243832985f,0.6775558666770461f,-0.27516869178374603f,0f,0f,0f,1f],start_interpolation:0}
execute if entity @s[tag=aj.axia.bone.leg_left_1] run data modify entity @s {} merge value {transformation:[0.6031047674896138f,-0.25105270254589324f,-0.7571242830445353f,-0.16990584771643846f,-0.35087732358692436f,0.7689178831261912f,-0.5344627141356199f,0.9129127493192208f,0.7163447097758001f,0.5879947529979667f,0.3756493407728606f,-0.07817833460377654f,0f,0f,0f,1f],start_interpolation:0}
execute if entity @s[tag=aj.axia.bone.leg_right_2] run data modify entity @s {} merge value {transformation:[0.3136746019506174f,-0.4049051994851091f,-0.8588713661084794f,0.22276492542957677f,0.01478201617617575f,0.9064948208767827f,-0.4219580923756966f,0.5510703671414157f,0.9494154707444412f,0.1196616862387189f,0.29032971731742774f,0.03925634672287909f,0f,0f,0f,1f],start_interpolation:0}
execute if entity @s[tag=aj.axia.bone.leg_right_1] run data modify entity @s {} merge value {transformation:[0.3136746019506174f,-0.590986461334156f,-0.7431979861455854f,-0.017997933366029714f,0.01478201617617575f,0.7856448994076862f,-0.6185010784408171f,0.8726113835199327f,0.9494154707444412f,0.18302211493264575f,0.25517282252758133f,0.11379501980380513f,0f,0f,0f,1f],start_interpolation:0}
execute if entity @s[tag=aj.axia.bone.coat_downer] run data modify entity @s {} merge value {transformation:[0.5497203693911472f,0.43293787743082135f,-0.7144034642708246f,-0.06307798594665455f,-0.20322798068559433f,0.8988337904146165f,0.3883248705341299f,0.9447394297138996f,0.8102505188785232f,-0.06828331783523857f,0.5820923338805414f,0.02124168238884635f,0f,0f,0f,1f],start_interpolation:0}
execute if entity @s[tag=aj.axia.bone.body_2] run data modify entity @s {} merge value {transformation:[0.5497203693911472f,0.342646943026676f,-0.7618402640389481f,0.0091875f,-0.20322798068559433f,0.9394589166410936f,0.27589007196707604f,1.1562375f,0.8102505188785232f,0.0031648661925241517f,0.5860751490031524f,0.015618750000000002f,0f,0f,0f,1f],start_interpolation:0}