execute if entity @s[tag=aj.axia.bone.wing_right_1] run data modify entity @s {} merge value {transformation:[0.261037243472315f,-0.15950774834731343f,0.757206233586326f,-0.07704913803911051f,-0.2738880855395942f,0.7283545735139089f,0.24784950329841768f,1.338063709810425f,-0.7237329055420071f,-0.3331686328317636f,0.17931477344932306f,-0.28314841898730203f,0f,0f,0f,1f],start_interpolation:0}
execute if entity @s[tag=aj.axia.bone.wing_right_2] run data modify entity @s {} merge value {transformation:[0.17644995315023065f,-0.2422144381539439f,0.7417530451457888f,-0.07704913803911051f,0.025165353543557978f,0.7618523907317711f,0.24279135016987857f,1.338063709810425f,-0.7798923765586565f,-0.030217555924564682f,0.17565528827688792f,-0.28314841898730203f,0f,0f,0f,1f],start_interpolation:0}
execute if entity @s[tag=aj.axia.bone.wing_left_1] run data modify entity @s {} merge value {transformation:[0.4010979768744384f,-0.27626005257179065f,0.6555495715388031f,-0.05529736789028697f,0.07020666965488925f,0.764269102603284f,0.27912041628369755f,1.3313725820682838f,-0.7079095146469259f,-0.08073144742568958f,0.39911276215294256f,-0.330179230673995f,0f,0f,0f,1f],start_interpolation:0}
execute if entity @s[tag=aj.axia.bone.wing_left_2] run data modify entity @s {} merge value {transformation:[0.4665662267848282f,-0.0996611830692891f,0.6421710088543378f,-0.05529736789028697f,-0.22296550363579914f,0.7180011531863488f,0.2734240812574997f,1.3313725820682838f,-0.6104116153975143f,-0.3384405303924206f,0.39096760374165807f,-0.330179230673995f,0f,0f,0f,1f],start_interpolation:0}
execute if entity @s[tag=aj.axia.bone.blade] run data modify entity @s {} merge value {transformation:[1.683585645857163f,1.0399153799598686f,0.29002650842059285f,0.1672074581280898f,0.07842160930382684f,-0.6536641319366805f,1.8885373318559695f,1.1721823500504154f,1.0767494714453854f,-1.5783849990234917f,-0.591025693688266f,-1.2391890687755462f,0f,0f,0f,1f],start_interpolation:0}
execute if entity @s[tag=aj.axia.bone.arm_right_2] run data modify entity @s {} merge value {transformation:[0.5199576899799345f,0.1007584862388606f,0.8482285824479056f,-0.026959823912223846f,-0.3268320659683407f,0.9409224435824721f,0.08857627118848313f,1.2851090376511733f,-0.7891924995117455f,-0.323284213369046f,0.522170964436707f,-0.9565314268350467f,0f,0f,0f,1f],start_interpolation:0}
execute if entity @s[tag=aj.axia.bone.arm_right_1] run data modify entity @s {} merge value {transformation:[0.7838759565403068f,0.1007584862388606f,0.6126876954932847f,-0.31696579796648905f,-0.2751820650788017f,0.9409224435824721f,0.1973316655323105f,1.3833078729595054f,-0.5566087636904264f,-0.323284213369046f,0.7652934088108769f,-0.7611091868470556f,0f,0f,0f,1f],start_interpolation:0}
execute if entity @s[tag=aj.axia.bone.arm_left_2] run data modify entity @s {} merge value {transformation:[0.9036903467827107f,-0.18231396817467224f,0.38743434816772304f,-0.6926027439378305f,0.035589877835023764f,0.9336766191256531f,0.35634440011564383f,1.5357087077369902f,-0.42670495395229735f,-0.3082362533942018f,0.8502430795755254f,0.11163816389964853f,0f,0f,0f,1f],start_interpolation:0}
execute if entity @s[tag=aj.axia.bone.arm_left_1] run data modify entity @s {} merge value {transformation:[0.4357488504295951f,-0.18231396817467224f,0.8814105492661695f,-0.5795204988628868f,-0.20429908986746786f,0.9336766191256531f,0.29412557314421717f,1.458696195739733f,-0.8765756220820944f,-0.3082362533942018f,0.3696019356887821f,-0.18852527775548206f,0f,0f,0f,1f],start_interpolation:0}
execute if entity @s[tag=aj.axia.bone.ear_edge_a1] run data modify entity @s {} merge value {transformation:[-0.7680229280244213f,-0.36750158960288515f,0.5244839022011514f,-0.5167103575299797f,-0.298365819828535f,0.9299847353367446f,0.21472361211262023f,2.0759580148264996f,-0.566673291753582f,0.008424587823599027f,-0.823899512521498f,-0.5632794286315645f,0f,0f,0f,1f],start_interpolation:0}
execute if entity @s[tag=aj.axia.bone.ear_edge_a2] run data modify entity @s {} merge value {transformation:[-0.7010773767484978f,-0.48312229108508103f,0.5244839022011514f,-0.6023325718052814f,-0.440174106044738f,0.8718603826123908f,0.21472361211262023f,2.034042625938914f,-0.561014499081049f,-0.08032636608036976f,-0.823899512521498f,-0.6287093699581221f,0f,0f,0f,1f],start_interpolation:0}
execute if entity @s[tag=aj.axia.bone.ear_edge_b1] run data modify entity @s {} merge value {transformation:[-0.827547448342761f,-0.491212203213958f,0.2718010157359142f,-0.5843114543942627f,-0.24762472928146856f,0.7538966139944772f,0.6085407865179963f,2.032638088943156f,-0.503832525934625f,0.4362917221554307f,-0.7455215080659872f,-0.6900487668105749f,0f,0f,0f,1f],start_interpolation:0}
execute if entity @s[tag=aj.axia.bone.ear_edge_b2] run data modify entity @s {} merge value {transformation:[-0.6352514746523366f,-0.7228967919398709f,0.2718010157359142f,-0.5711671981533876f,-0.46847197810498725f,0.6404780377768302f,0.6085407865179963f,2.0516571972479816f,-0.613994763562713f,0.25924527252890145f,-0.7455215080659872f,-0.6697320822345051f,0f,0f,0f,1f],start_interpolation:0}
execute if entity @s[tag=aj.axia.bone.ear_right_2] run data modify entity @s {} merge value {transformation:[-0.7405164477863933f,-0.6146215082493836f,0.2718010157359142f,-0.5940288784367631f,-0.36251147146020135f,0.7058778536006197f,0.6085407865179963f,2.16543863646309f,-0.5658805736350924f,0.35210347540664094f,-0.7455215080659872f,-0.627108471453516f,0f,0f,0f,1f],start_interpolation:0}
execute if entity @s[tag=aj.axia.bone.ear_right_1] run data modify entity @s {} merge value {transformation:[-0.7405164477863933f,-0.4201809454147996f,0.5244839022011514f,-0.49948816571843335f,-0.36251147146020135f,0.9069063917853201f,0.21472361211262023f,1.9613846983113936f,-0.5658805736350924f,-0.03112506464662676f,-0.823899512521498f,-0.620105331908025f,0f,0f,0f,1f],start_interpolation:0}
execute if entity @s[tag=aj.axia.bone.ear_edge_a3] run data modify entity @s {} merge value {transformation:[-0.6365778713169763f,-0.7324280592312598f,0.24149068677751745f,-0.8029130421352073f,-0.5656642004992436f,0.6562729346387423f,0.4993293978269297f,1.8795569595092454f,-0.5242066634668987f,0.18125940889063696f,-0.8320771602835391f,-0.7364566390014778f,0f,0f,0f,1f],start_interpolation:0}
execute if entity @s[tag=aj.axia.bone.ear_edge_a4] run data modify entity @s {} merge value {transformation:[-0.7433175330069461f,-0.6238279356715201f,0.24149068677751745f,-0.7235805560817737f,-0.45603623007457916f,0.7366825023883498f,0.4993293978269297f,1.9395093296733312f,-0.4893975909052197f,0.26103179375441743f,-0.8320771602835391f,-0.6774548543395694f,0f,0f,0f,1f],start_interpolation:0}
execute if entity @s[tag=aj.axia.bone.ear_edge_b3] run data modify entity @s {} merge value {transformation:[-0.5662562443995535f,-0.8107811017522132f,-0.1482830763100776f,-0.6889361480343787f,-0.5646512239402557f,0.25053587248553016f,0.78638462084446f,1.9812168610307073f,-0.6004355593910842f,0.5290234225810625f,-0.599676043693038f,-0.7235482990955351f,0f,0f,0f,1f],start_interpolation:0}
execute if entity @s[tag=aj.axia.bone.ear_edge_b4] run data modify entity @s {} merge value {transformation:[-0.7890868302884938f,-0.5961158474200107f,-0.1482830763100776f,-0.7171359523404052f,-0.4595953836638306f,0.4127605981852083f,0.78638462084446f,1.970831130475703f,-0.40757092337426865f,0.6886759651973572f,-0.599676043693038f,-0.7301945960299682f,0f,0f,0f,1f],start_interpolation:0}
execute if entity @s[tag=aj.axia.bone.ear_left_2] run data modify entity @s {} merge value {transformation:[-0.6861187982999661f,-0.7122170483072066f,-0.1482830763100776f,-0.8329024174263504f,-0.5185069852029033f,0.3357822723061938f,0.78638462084446f,2.0070166538148166f,-0.5102857051840727f,0.6164390819095259f,-0.599676043693038f,-0.7062284116563747f,0f,0f,0f,1f],start_interpolation:0}
execute if entity @s[tag=aj.axia.bone.ear_left_1] run data modify entity @s {} merge value {transformation:[-0.6861187982999661f,-0.6862384737240641f,0.24149068677751745f,-0.6784987608384362f,-0.5185069852029033f,0.6941330267042418f,0.4993293978269297f,1.8508367228063625f,-0.5102857051840727f,0.21738467843726966f,-0.8320771602835391f,-0.7551399643047604f,0f,0f,0f,1f],start_interpolation:0}
execute if entity @s[tag=aj.axia.bone.head] run data modify entity @s {} merge value {transformation:[-0.7160423804800113f,-0.3120715157228624f,0.6244154694039488f,-0.4485697948893411f,-0.44219190202012415f,0.8949238961473565f,-0.059812556309359374f,1.4493313561680252f,-0.5401385295869414f,-0.3189397892688692f,-0.7787989340495953f,-0.49982853941704736f,0f,0f,0f,1f],start_interpolation:0}
execute if entity @s[tag=aj.axia.bone.body_1] run data modify entity @s {} merge value {transformation:[0.4163212308354207f,-0.24785278637157648f,0.8747831897353342f,-0.35562499999999997f,-0.1280658318024743f,0.9365502831147337f,0.32630156285628253f,1.098125f,-0.9001531955619669f,-0.24787610511212618f,0.3581642933543506f,-0.40687500000000004f,0f,0f,0f,1f],start_interpolation:0}
execute if entity @s[tag=aj.axia.bone.leg_left_2] run data modify entity @s {} merge value {transformation:[0.4633319509842376f,-0.2794290929064377f,0.8409773393110103f,-0.7728475552640894f,-0.13086340497762403f,0.9170081633478376f,0.37679012406257245f,0.8718282067918374f,-0.8764692079216487f,-0.28463206142476605f,0.38831213884488064f,-0.4488673445200768f,0f,0f,0f,1f],start_interpolation:0}
execute if entity @s[tag=aj.axia.bone.leg_left_1] run data modify entity @s {} merge value {transformation:[0.4633319509842376f,0.8531365313419156f,-0.23975312737694415f,-0.5041426124957563f,-0.13086340497762403f,-0.20171029881616942f,-0.970663548604332f,0.8863472886514467f,-0.8764692079216487f,0.4811143463267093f,0.018185525118093213f,-0.3089884214790954f,0f,0f,0f,1f],start_interpolation:0}
execute if entity @s[tag=aj.axia.bone.leg_right_2] run data modify entity @s {} merge value {transformation:[0.46580084257378507f,-0.3174489321361944f,0.8259877423685787f,-0.4888328888215504f,0.03544220871129935f,0.9393798617927224f,0.3410415298756888f,0.4240259986150299f,-0.8841795207418098f,-0.12958260201074634f,0.4488150224278459f,-0.5816362013346585f,0f,0f,0f,1f],start_interpolation:0}
execute if entity @s[tag=aj.axia.bone.leg_right_1] run data modify entity @s {} merge value {transformation:[0.46580084257378507f,0.18069136528874405f,0.8662448877584453f,-0.4094539480580043f,0.03544220871129935f,0.974334786738831f,-0.2222961385005628f,0.7844349946427651f,-0.8841795207418098f,0.13424736072149185f,0.4474418635310032f,-0.5253710796236499f,0f,0f,0f,1f],start_interpolation:0}
execute if entity @s[tag=aj.axia.bone.coat_downer] run data modify entity @s {} merge value {transformation:[0.431845584251054f,0.22820066067028982f,0.8726017704729396f,-0.42662083482490953f,-0.12544804865425535f,0.9732571702254175f,-0.19244029643931715f,0.886543902213839f,-0.8931809326512212f,-0.026361697108795757f,0.44892413888522253f,-0.42023097467866416f,0f,0f,0f,1f],start_interpolation:0}
execute if entity @s[tag=aj.axia.bone.body_2] run data modify entity @s {} merge value {transformation:[0.431845584251054f,0.3328430923720097f,0.8382868645178114f,-0.35562499999999997f,-0.12544804865425535f,0.9425500862928097f,-0.3096160879512829f,1.098125f,-0.8931809326512212f,0.02854488902859391f,0.4487906091471163f,-0.40687500000000004f,0f,0f,0f,1f],start_interpolation:0}