execute if entity @s[tag=aj.axia.bone.wing_right_1] run data modify entity @s {} merge value {transformation:[0.36907184434152435f,0.4237307854229435f,-0.5926066483289277f,-0.247881699945327f,-0.37521307258626746f,0.6799904681196256f,0.2525322907496562f,1.389172857452342f,0.6244562180963229f,0.1581443302674869f,0.5019853054916349f,0.14930186139751833f,0f,0f,0f,1f],start_interpolation:0}
execute if entity @s[tag=aj.axia.bone.wing_right_2] run data modify entity @s {} merge value {transformation:[0.4928646606149224f,0.24513161119862276f,-0.5805126350977252f,-0.247881699945327f,-0.0846667021494483f,0.7560657328496868f,0.2473785705302755f,1.389172857452342f,0.6244325230672039f,-0.09096758104749805f,0.4917407074203771f,0.14930186139751833f,0f,0f,0f,1f],start_interpolation:0}
execute if entity @s[tag=aj.axia.bone.wing_left_1] run data modify entity @s {} merge value {transformation:[0.22425446710662378f,0.3191113483504012f,-0.7175112025474986f,-0.22747755052450386f,-0.0007379231927106536f,0.7462807720996737f,0.331675909749443f,1.3762441196822965f,0.7852730951054736f,-0.09042898314560384f,0.2052150324785352f,0.1977816388732178f,0f,0f,0f,1f],start_interpolation:0}
execute if entity @s[tag=aj.axia.bone.wing_left_2] run data modify entity @s {} merge value {transformation:[0.0833294558112509f,0.3728707714565701f,-0.7028681167812232f,-0.22747755052450386f,-0.2804287733970448f,0.6751260145659433f,0.32490701363210744f,1.3762441196822965f,0.7445910990907894f,0.21253764901703387f,0.20102697059121818f,0.1977816388732178f,0f,0f,0f,1f],start_interpolation:0}
execute if entity @s[tag=aj.axia.bone.blade] run data modify entity @s {} merge value {transformation:[1.97695169051247f,0.2877846258432313f,0.09403202916113818f,0.6336268699747346f,-0.12011354652521158f,0.17533774001011926f,1.9886752909586018f,1.4171464970942347f,0.27791140552526017f,-1.9714047494252465f,0.19060053678455105f,-0.07812519892222682f,0f,0f,0f,1f],start_interpolation:0}
execute if entity @s[tag=aj.axia.bone.arm_right_2] run data modify entity @s {} merge value {transformation:[0.14389231292161586f,-0.004781247817929546f,0.9895818015461744f,0.5746870296550621f,0.08766887000505919f,0.9961180689515169f,-0.007934856037580134f,1.3808904935633963f,-0.9857023747126232f,0.08789728310707112f,0.1437528994778593f,0.2762197039137376f,0f,0f,0f,1f],start_interpolation:0}
execute if entity @s[tag=aj.axia.bone.arm_right_1] run data modify entity @s {} merge value {transformation:[0.9589733629645617f,-0.004781247817929546f,0.2834558674533715f,0.265707570681369f,0.02948296491885366f,0.9961180689515169f,-0.08294303760952293f,1.3778550084812535f,-0.28195894010304673f,0.08789728310707112f,0.9553916598538857f,0.2938129004232203f,0f,0f,0f,1f],start_interpolation:0}
execute if entity @s[tag=aj.axia.bone.arm_left_2] run data modify entity @s {} merge value {transformation:[-0.6033802840848513f,0.10886030953397546f,-0.7899883959817711f,0.22382737724801685f,-0.03354157217399251f,0.9862976004622562f,0.1615302023105656f,1.534287308773279f,0.7967478871724615f,0.12396159215887179f,-0.5914611804300066f,-0.5344122663347377f,0f,0f,0f,1f],start_interpolation:0}
execute if entity @s[tag=aj.axia.bone.arm_left_1] run data modify entity @s {} merge value {transformation:[-0.6081986033651255f,0.10886030953397546f,-0.78628486687261f,0.02403001076908672f,-0.03255343027262236f,0.9862976004622562f,0.16173224013745965f,1.5236534760172402f,0.7931170991992271f,0.12396159215887179f,-0.5963210466076487f,-0.2743468192190676f,0f,0f,0f,1f],start_interpolation:0}
execute if entity @s[tag=aj.axia.bone.ear_edge_a1] run data modify entity @s {} merge value {transformation:[-0.8809848537562476f,0.2093755217753958f,-0.4242965688446752f,0.38614709559052673f,0.22587148065126594f,0.9740869499141284f,0.011691374401446103f,2.076688988319886f,0.41574963822051403f,-0.08553657047293103f,-0.9054478082315078f,-0.0637594809014772f,0f,0f,0f,1f],start_interpolation:0}
execute if entity @s[tag=aj.axia.bone.ear_edge_a2] run data modify entity @s {} merge value {transformation:[-0.9028920160374115f,0.06898136735767721f,-0.4242965688446752f,0.28284261956031714f,0.07070985699972879f,0.9974284073995902f,0.011691374401446103f,2.094885171876848f,0.4240119379203574f,-0.01944590110491267f,-0.9054478082315078f,-0.015115624546484074f,0f,0f,0f,1f],start_interpolation:0}
execute if entity @s[tag=aj.axia.bone.ear_edge_b1] run data modify entity @s {} merge value {transformation:[-0.8167756432300335f,0.5543812694685151f,-0.15980912579900802f,0.22091652322348787f,0.2533280430192611f,0.593454620639717f,0.7639610695980527f,2.1127288715882404f,0.5183651717141083f,0.5835006609283723f,-0.6251596015818329f,-0.1013060216309429f,0f,0f,0f,1f],start_interpolation:0}
execute if entity @s[tag=aj.axia.bone.ear_edge_b2] run data modify entity @s {} merge value {transformation:[-0.9481130314740172f,0.27485036449040134f,-0.15980912579900802f,0.2512919397057674f,0.057541722905757306f,0.6426915545295707f,0.7639610695980527f,2.11612499096479f,0.31268295392327805f,0.7151257531902045f,-0.6251596015818329f,-0.10492072379132639f,0f,0f,0f,1f],start_interpolation:0}
execute if entity @s[tag=aj.axia.bone.ear_right_2] run data modify entity @s {} merge value {transformation:[-0.8934441170180292f,0.41978405529180274f,-0.15980912579900802f,0.3354879849901501f,0.1573723983304804f,0.6257774463675657f,0.7639610695980527f,2.200820457042049f,0.4207036225296702f,0.657406977861094f,-0.6251596015818329f,-0.0729309048534824f,0f,0f,0f,1f],start_interpolation:0}
execute if entity @s[tag=aj.axia.bone.ear_right_1] run data modify entity @s {} merge value {transformation:[-0.8934441170180292f,0.14741109670750813f,-0.4242965688446752f,0.3023204882309608f,0.1573723983304804f,0.9874701210711733f,0.011691374401446103f,1.9786396798010353f,0.4207036225296702f,-0.056326978963653095f,-0.9054478082315078f,-0.06025733458666048f,0f,0f,0f,1f],start_interpolation:0}
execute if entity @s[tag=aj.axia.bone.ear_edge_a3] run data modify entity @s {} merge value {transformation:[-0.9031733950191636f,-0.07024630828337596f,-0.4234894032937717f,0.03380542678105185f,-0.08617192332391332f,0.9961075915775f,0.01854900623564515f,2.1040764759334203f,0.4205380103631721f,0.0532458653252f,-0.9057111347805964f,0.10233201599873348f,0f,0f,0f,1f],start_interpolation:0}
execute if entity @s[tag=aj.axia.bone.ear_edge_a4] run data modify entity @s {} merge value {transformation:[-0.9030427754535157f,0.07190598722704993f,-0.4234894032937717f,0.13854704383392713f,0.0707145542572516f,0.9973241129060643f,0.01854900623564515f,2.10598163597181f,0.4236899780705342f,-0.01319631831364693f,-0.9057111347805964f,0.053396296453835104f,0f,0f,0f,1f],start_interpolation:0}
execute if entity @s[tag=aj.axia.bone.ear_edge_b3] run data modify entity @s {} merge value {transformation:[-0.8936881155858896f,-0.14822892693779355f,-0.423497033377345f,0.1583498671335462f,-0.1726571742969583f,0.9847856617920303f,0.019664701691677316f,2.1000617289796684f,0.41413892865116114f,0.09069391130447083f,-0.9056840300170726f,0.04386551781288671f,0f,0f,0f,1f],start_interpolation:0}
execute if entity @s[tag=aj.axia.bone.ear_edge_b4] run data modify entity @s {} merge value {transformation:[-0.8957531633452374f,0.13519072851933545f,-0.423497033377345f,0.13278967199155184f,0.1401087746102864f,0.9899408218598631f,0.019664701691677316f,2.112094197283455f,0.42189548662459614f,-0.04172093165103095f,-0.9056840300170726f,0.05607869740796101f,0f,0f,0f,1f],start_interpolation:0}
execute if entity @s[tag=aj.axia.bone.ear_left_2] run data modify entity @s {} merge value {transformation:[-0.9058734447816241f,-0.00660036060089656f,-0.423497033377345f,0.07495523027617682f,-0.01647705979148223f,0.9996708488337575f,0.019664701691677316f,2.221249610718862f,0.4232278447126345f,0.02479171700251665f,-0.9056840300170726f,0.05098776424534598f,0f,0f,0f,1f],start_interpolation:0}
execute if entity @s[tag=aj.axia.bone.ear_left_1] run data modify entity @s {} merge value {transformation:[-0.9058734447816241f,-0.007073000590917949f,-0.4234894032937717f,0.07654665540913336f,-0.01647705979148223f,0.999692173055435f,0.01854900623564515f,1.9963188717813893f,0.4232278447126345f,0.023780912395090337f,-0.9057111347805964f,0.04563705895645066f,0f,0f,0f,1f],start_interpolation:0}
execute if entity @s[tag=aj.axia.bone.head] run data modify entity @s {} merge value {transformation:[-0.9030953312873099f,0.07130527129796627f,-0.4234789025349286f,0.1661233359840559f,0.07071676792141601f,0.9973494152032446f,0.017125499364819774f,1.4758025286443985f,0.42357757417244457f,-0.014481100747845949f,-0.9057440788541311f,0.028415928782357738f,0f,0f,0f,1f],start_interpolation:0}
execute if entity @s[tag=aj.axia.bone.body_1] run data modify entity @s {} merge value {transformation:[0.37670851254523174f,0.43249556262414907f,-0.8191692651011633f,0.003937499999999999f,-0.23869485926577574f,0.8997734097183957f,0.36528423908488494f,1.1383875f,0.8950505352973377f,0.05792581008628729f,0.44218677025641207f,0.006693750000000001f,0f,0f,0f,1f],start_interpolation:0}
execute if entity @s[tag=aj.axia.bone.leg_left_2] run data modify entity @s {} merge value {transformation:[0.339961559493715f,0.7110632464778809f,-0.615479648384037f,0.04137713708099304f,-0.3469013534328677f,0.7031236290184919f,0.6207065436277523f,0.693982010211146f,0.8741198939808235f,0.0024943584751636327f,0.48570380801755253f,-0.2875855864433117f,0f,0f,0f,1f],start_interpolation:0}
execute if entity @s[tag=aj.axia.bone.leg_left_1] run data modify entity @s {} merge value {transformation:[0.339961559493715f,-0.35204022343731184f,-0.8720629674219684f,-0.12498854941071387f,-0.3469013534328677f,0.8149582581209432f,-0.4642224558408637f,0.8936189604175497f,0.8741198939808235f,0.460337613717026f,0.15493125037986483f,-0.14365536895928463f,0f,0f,0f,1f],start_interpolation:0}
execute if entity @s[tag=aj.axia.bone.leg_right_2] run data modify entity @s {} merge value {transformation:[-0.01695319627157943f,-0.399630693460873f,-0.9165194476824586f,0.19940058554905243f,0.05341177649798712f,0.9149803854025189f,-0.3999475921417539f,0.5306502390152945f,0.9984286510650155f,-0.05573332192359873f,0.005833143222493547f,0.11179541299271502f,0f,0f,0f,1f],start_interpolation:0}
execute if entity @s[tag=aj.axia.bone.leg_right_1] run data modify entity @s {} merge value {transformation:[-0.01695319627157943f,-0.6089948610094638f,-0.7929929686953354f,-0.04829081507092463f,0.05341177649798712f,0.7914229185354665f,-0.6089309863589906f,0.85318462318164f,0.9984286510650155f,-0.05267848973602085f,0.019110349332902288f,0.09033539644907282f,0f,0f,0f,1f],start_interpolation:0}
execute if entity @s[tag=aj.axia.bone.coat_downer] run data modify entity @s {} merge value {transformation:[0.24276041407530435f,0.40924885516327336f,-0.8795355341915055f,-0.06097597180090987f,-0.20022674307455163f,0.9082725642143303f,0.36735568656723205f,0.9253906155329009f,0.9491978891230977f,0.08692711684552207f,0.3024351891582405f,-0.013404009789629464f,0f,0f,0f,1f],start_interpolation:0}
execute if entity @s[tag=aj.axia.bone.body_2] run data modify entity @s {} merge value {transformation:[0.24276041407530435f,0.2990099582025094f,-0.9228544989616296f,0.003937499999999999f,-0.20022674307455163f,0.946271834570425f,0.25392689195215185f,1.1383875f,0.9491978891230977f,0.12313675322362483f,0.2895871324658606f,0.006693750000000001f,0f,0f,0f,1f],start_interpolation:0}