execute if entity @s[tag=aj.axia.bone.wing_right_1] run data modify entity @s {} merge value {transformation:[0.34667350463720975f,0.32506215000808597f,-0.6641509800181881f,-0.29184952589690155f,-0.35441606173429036f,0.7168194271614982f,0.16584211911653093f,1.3413114442319203f,0.648961617364043f,0.21782780336868512f,0.4453586326908498f,0.11714885866826016f,0f,0f,0f,1f],start_interpolation:0}
execute if entity @s[tag=aj.axia.bone.wing_right_2] run data modify entity @s {} merge value {transformation:[0.43560534337503165f,0.1642305898990844f,-0.6505968783851639f,-0.29184952589690155f,-0.052038687337888606f,0.7816006062864678f,0.16245758607333644f,1.3413114442319203f,0.6689842747354158f,-0.046138981285078234f,0.43626968100328145f,0.11714885866826016f,0f,0f,0f,1f],start_interpolation:0}
execute if entity @s[tag=aj.axia.bone.wing_left_1] run data modify entity @s {} merge value {transformation:[0.12381675501734643f,0.24210202307045636f,-0.7700652349292305f,-0.27544914373141594f,0.0018672770212888716f,0.7789832899223804f,0.24520601897725675f,1.3290222741957203f,0.8072238654164932f,-0.0389369861615052f,0.1175499326038028f,0.16790867341759752f,0f,0f,0f,1f],start_interpolation:0}
execute if entity @s[tag=aj.axia.bone.wing_left_2] run data modify entity @s {} merge value {transformation:[0.021299591090308073f,0.26552397520527243f,-0.7543496178898585f,-0.27544914373141594f,-0.2903303119553132f,0.7056992264887604f,0.24020181450833317f,1.3290222741957203f,0.7451541031084216f,0.2673679493214456f,0.11515095438739867f,0.16790867341759752f,0f,0f,0f,1f],start_interpolation:0}
execute if entity @s[tag=aj.axia.bone.blade] run data modify entity @s {} merge value {transformation:[1.91215159839143f,0.5566738579083078f,-0.18382187217678495f,0.6130876122633109f,0.09890628134162181f,0.3117972448582866f,1.9730686824360562f,1.485755102203985f,0.5778354543295772f,-1.8954937863312191f,0.2705725294620062f,0.0024431611632099587f,0f,0f,0f,1f],start_interpolation:0}
execute if entity @s[tag=aj.axia.bone.arm_right_2] run data modify entity @s {} merge value {transformation:[0.2783369289541542f,-0.14182211653645346f,0.949955283811554f,0.506545311664543f,0.15589862242914287f,0.9825941527837456f,0.10101658497439284f,1.4241622178898352f,-0.9477468931656094f,0.11998007408029805f,0.2956021114921551f,0.34185996616813463f,0f,0f,0f,1f],start_interpolation:0}
execute if entity @s[tag=aj.axia.bone.arm_right_1] run data modify entity @s {} merge value {transformation:[0.9758290320796428f,-0.14182211653645346f,0.1662654125536266f,0.1993163892023394f,0.15913456304955895f,0.9825941527837456f,-0.09583799746561453f,1.3825134157911987f,-0.14977947454018198f,0.11998007408029805f,0.9814127015838713f,0.31978974615423617f,0f,0f,0f,1f],start_interpolation:0}
execute if entity @s[tag=aj.axia.bone.arm_left_2] run data modify entity @s {} merge value {transformation:[-0.6812382221619259f,-0.0005951897129748418f,-0.7320615619023201f,0.23079926177137539f,-0.10299702235528324f,0.9901306661465301f,0.09504145065272208f,1.5528513694855717f,0.7247800342528787f,0.14014602993104763f,-0.6745761574818382f,-0.5070485450950878f,0f,0f,0f,1f],start_interpolation:0}
execute if entity @s[tag=aj.axia.bone.arm_left_1] run data modify entity @s {} merge value {transformation:[-0.6812382221619259f,-0.0005951897129748418f,-0.7320615619023201f,0.00726797012449347f,-0.10299702235528324f,0.9901306661465301f,0.09504145065272208f,1.5190554715252444f,0.7247800342528787f,0.14014602993104763f,-0.6745761574818382f,-0.269230096355862f,0f,0f,0f,1f],start_interpolation:0}
execute if entity @s[tag=aj.axia.bone.ear_edge_a1] run data modify entity @s {} merge value {transformation:[-0.9002329549639461f,0.09657493602842929f,-0.4245631973310763f,0.2679000197394188f,0.11184751404766581f,0.9936630370742807f,-0.011131143412680025f,2.1016775948915694f,0.4207977666269616f,-0.05750696030413391f,-0.9053298786179212f,-0.030580424817486407f,0f,0f,0f,1f],start_interpolation:0}
execute if entity @s[tag=aj.axia.bone.ear_edge_a2] run data modify entity @s {} merge value {transformation:[-0.9042572418912992f,-0.04544152241237026f,-0.4245631973310763f,0.16328520689672305f,-0.04497266008553579f,0.9989262022247475f,-0.011131143412680025f,2.1065639801854505f,0.42461311841719074f,0.009028319316952183f,-0.9053298786179212f,0.018419624138075713f,0f,0f,0f,1f],start_interpolation:0}
execute if entity @s[tag=aj.axia.bone.ear_edge_b1] run data modify entity @s {} merge value {transformation:[-0.8393867581682728f,0.4840636966309434f,-0.24720883442090702f,0.09956360865447152f,0.1435323076845071f,0.6360782274188066f,0.7581576124095231f,2.1196585739193914f,0.5242407336925636f,0.6009050059765976f,-0.6033944206982261f,-0.06731317652119012f,0f,0f,0f,1f],start_interpolation:0}
execute if entity @s[tag=aj.axia.bone.ear_edge_b2] run data modify entity @s {} merge value {transformation:[-0.9478881546667206f,0.20098715985548857f,-0.24720883442090702f,0.12934539315651186f,-0.060051645502072454f,0.6493002653764932f,0.7581576124095231f,2.126603749321479f,0.3128927070339169f,0.7334939174630145f,-0.6033944206982261f,-0.07078815501152103f,0f,0f,0f,1f],start_interpolation:0}
execute if entity @s[tag=aj.axia.bone.ear_right_2] run data modify entity @s {} merge value {transformation:[-0.9047767597206118f,0.3467950507918572f,-0.24720883442090702f,0.20337595006018502f,0.04226062956870223f,0.6507004486965934f,0.7581576124095231f,2.219419537040732f,0.4237842071832399f,0.6755161869358313f,-0.6033944206982261f,-0.03628669524767223f,0f,0f,0f,1f],start_interpolation:0}
execute if entity @s[tag=aj.axia.bone.ear_right_1] run data modify entity @s {} merge value {transformation:[-0.9047767597206118f,0.03354260785156451f,-0.4245631973310763f,0.195828863293583f,0.04226062956870223f,0.999044612034309f,-0.011131143412680025f,1.9946344993330132f,0.4237842071832399f,-0.02801350787982254f,-0.9053298786179212f,-0.02998365597471217f,0f,0f,0f,1f],start_interpolation:0}
execute if entity @s[tag=aj.axia.bone.ear_edge_a3] run data modify entity @s {} merge value {transformation:[-0.8860157144655606f,-0.1863390597596108f,-0.4245631973310763f,-0.08519122617678995f,-0.20068545807172988f,0.9795924890304468f,-0.011131143412680025f,2.0841168258469605f,0.417973086021842f,0.07534129175318097f,-0.9053298786179212f,0.13522103970903748f,0f,0f,0f,1f],start_interpolation:0}
execute if entity @s[tag=aj.axia.bone.ear_edge_a4] run data modify entity @s {} merge value {transformation:[-0.9042572418912992f,-0.04544152241237026f,-0.4245631973310763f,0.018507723437249074f,-0.044972660085535784f,0.9989262022247476f,-0.011131143412680025f,2.0993635639211092f,0.42461311841719074f,0.00902831931695218f,-0.9053298786179212f,0.0864029544122615f,0f,0f,0f,1f],start_interpolation:0}
execute if entity @s[tag=aj.axia.bone.ear_edge_b3] run data modify entity @s {} merge value {transformation:[-0.8664036380203122f,-0.2628513410602682f,-0.4245631973310763f,0.03890194247982725f,-0.2852989002866464f,0.9583739537057321f,-0.011131143412680025f,2.0960530484298365f,0.4098161459976876f,0.1114833501526667f,-0.9053298786179212f,0.07687959146499404f,0f,0f,0f,1f],start_interpolation:0}
execute if entity @s[tag=aj.axia.bone.ear_edge_b4] run data modify entity @s {} merge value {transformation:[-0.9052243570629137f,0.017746967404268926f,-0.4245631973310763f,0.01212687596413569f,0.024818460451923985f,0.9996300023844436f,-0.011131143412680025f,2.1047344494224016f,0.42420856592109374f,-0.020613187061422095f,-0.9053298786179212f,0.08932927880591056f,0f,0f,0f,1f],start_interpolation:0}
execute if entity @s[tag=aj.axia.bone.ear_left_2] run data modify entity @s {} merge value {transformation:[-0.8968557804457429f,-0.12407981525240547f,-0.4245631973310763f,-0.05815340561103296f,-0.13186368064128828f,0.9912053608481235f,-0.011131143412680025f,2.2064125405024564f,0.4222104674315759f,0.04600143555227665f,-0.9053298786179212f,0.08651994662884774f,0f,0f,0f,1f],start_interpolation:0}
execute if entity @s[tag=aj.axia.bone.ear_left_1] run data modify entity @s {} merge value {transformation:[-0.8968557804457429f,-0.12407981525240547f,-0.4245631973310763f,-0.030235447179241773f,-0.13186368064128828f,0.9912053608481235f,-0.011131143412680025f,1.9833913343116292f,0.4222104674315759f,0.04600143555227665f,-0.9053298786179212f,0.07616962362958551f,0f,0f,0f,1f],start_interpolation:0}
execute if entity @s[tag=aj.axia.bone.head] run data modify entity @s {} merge value {transformation:[-0.9042572418912992f,-0.04544152241237026f,-0.4245631973310763f,0.11935308821010653f,-0.0449726600855358f,0.9989262022247475f,-0.011131143412680025f,1.4774110864137842f,0.42461311841719074f,0.00902831931695218f,-0.9053298786179212f,0.046757528884308716f,0f,0f,0f,1f],start_interpolation:0}
execute if entity @s[tag=aj.axia.bone.body_1] run data modify entity @s {} merge value {transformation:[0.29960071084297274f,0.3182749018936174f,-0.8994111967765321f,0f,-0.22449745630099266f,0.9397628971034241f,0.25777235953872746f,1.125f,0.9272757444130464f,0.12468674369148991f,0.3530055378756024f,0f,0f,0f,0f,1f],start_interpolation:0}
execute if entity @s[tag=aj.axia.bone.leg_left_2] run data modify entity @s {} merge value {transformation:[0.287735835856181f,0.6160216057010488f,-0.73329766812233f,0.10167652531897929f,-0.3391649244987266f,0.7816001122966801f,0.523515442415589f,0.7038634502450694f,0.8956423631974528f,0.09807469483673445f,0.4338272830041508f,-0.2934093575933849f,0f,0f,0f,1f],start_interpolation:0}
execute if entity @s[tag=aj.axia.bone.leg_left_1] run data modify entity @s {} merge value {transformation:[0.287735835856181f,-0.4927895493795013f,-0.821198239639183f,-0.10159033810056604f,-0.3391649244987266f,0.7494576815009704f,-0.5685774684499579f,0.8766892235428515f,0.8956423631974528f,0.44212175207915083f,0.04850890211645713f,-0.16266118621189474f,0f,0f,0f,1f],start_interpolation:0}
execute if entity @s[tag=aj.axia.bone.leg_right_2] run data modify entity @s {} merge value {transformation:[-0.09825195466245978f,-0.49088091385801813f,-0.8656688060770835f,0.2365017495988491f,0.07398309073146576f,0.8638674878327794f,-0.49825642569996265f,0.5475371065623256f,0.9924077063842389f,-0.1129995215715524f,-0.04855978206061673f,0.12747417085416682f,0f,0f,0f,1f],start_interpolation:0}
execute if entity @s[tag=aj.axia.bone.leg_right_1] run data modify entity @s {} merge value {transformation:[-0.09825195466245978f,-0.691991357633673f,-0.7151884467504437f,-0.04461973943983059f,0.07398309073146576f,0.7115978240577611f,-0.6986809279507202f,0.836623722585791f,0.9924077063842389f,-0.12155861860257355f,-0.018720217750026025f,0.07809098204687132f,0f,0f,0f,1f],start_interpolation:0}
execute if entity @s[tag=aj.axia.bone.coat_downer] run data modify entity @s {} merge value {transformation:[0.1681269060865967f,0.3534559597081811f,-0.9202185762070431f,-0.05201543574048077f,-0.19797327388466773f,0.9265940253687872f,0.31973441319046897f,0.9092542690276428f,0.9656810686127875f,0.1284227265620688f,0.22576022020105552f,-0.027083677269365877f,0f,0f,0f,1f],start_interpolation:0}
execute if entity @s[tag=aj.axia.bone.body_2] run data modify entity @s {} merge value {transformation:[0.1681269060865967f,0.23867491891147333f,-0.9564348522154296f,0f,-0.19797327388466773f,0.9586531570131839f,0.20442775588466972f,1.125f,0.9656810686127875f,0.15497873283537134f,0.208426644389837f,0f,0f,0f,0f,1f],start_interpolation:0}