execute if entity @s[tag=aj.axia.bone.wing_right_1] run data modify entity @s {} merge value {transformation:[0.4276342728559017f,0.44168306866180757f,-0.5375773804587929f,-0.22806362308472095f,-0.37696821765699634f,0.6774439505019767f,0.2567276791645715f,1.3975706758754043f,0.5847805879130703f,0.11371106028091021f,0.5586106902076613f,0.1798156629407741f,0f,0f,0f,1f],start_interpolation:0}
execute if entity @s[tag=aj.axia.bone.wing_right_2] run data modify entity @s {} merge value {transformation:[0.5525949500326146f,0.239425367177119f,-0.5266064135106543f,-0.22806362308472095f,-0.08720977419183318f,0.7544190286216116f,0.25148833877345783f,1.3975706758754043f,0.5718682334977716f,-0.11630744948508617f,0.547210472040158f,0.1798156629407741f,0f,0f,0f,1f],start_interpolation:0}
execute if entity @s[tag=aj.axia.bone.wing_left_1] run data modify entity @s {} merge value {transformation:[0.3118114841187213f,0.311298830936787f,-0.6876125949061105f,-0.20280639932977707f,-0.0061960215019814975f,0.7450061439083354f,0.33447256883162174f,1.3844829478952931f,0.7547712581528738f,-0.12248807223834814f,0.2868125946852854f,0.2255706901193218f,0f,0f,0f,1f],start_interpolation:0}
execute if entity @s[tag=aj.axia.bone.wing_left_2] run data modify entity @s {} merge value {transformation:[0.16549943810461254f,0.3986230603009899f,-0.6735796848059858f,-0.20280639932977707f,-0.28489066357479415f,0.6719263476016488f,0.3276465980391397f,1.3844829478952931f,0.7290042837974076f,0.1720890443781406f,0.28095927642640206f,0.2255706901193218f,0f,0f,0f,1f],start_interpolation:0}
execute if entity @s[tag=aj.axia.bone.blade] run data modify entity @s {} merge value {transformation:[1.994969831301734f,0.03395267772721081f,0.13763207428170837f,0.6160519677786122f,-0.139929849547142f,0.16079787900740056f,1.9886084781355113f,1.4154394444810836f,0.02269381857792265f,-1.9932363777991502f,0.1627689553215808f,-0.1435877917544034f,0f,0f,0f,1f],start_interpolation:0}
execute if entity @s[tag=aj.axia.bone.arm_right_2] run data modify entity @s {} merge value {transformation:[0.01697633886360561f,0.01651740025512405f,0.9997194503497473f,0.6027491264486387f,0.08039893950369983f,0.9966032609062239f,-0.017831177127746022f,1.3818754255767387f,-0.9966181888995751f,0.08067909171459894f,0.015590693205847994f,0.21564083152373137f,0f,0f,0f,1f],start_interpolation:0}
execute if entity @s[tag=aj.axia.bone.arm_right_1] run data modify entity @s {} merge value {transformation:[0.9196470670688952f,0.01651740025512405f,0.39239832762180754f,0.29842729581588767f,0.016524267261598113f,0.9966032609062239f,-0.08067768553043594f,1.3826755432158226f,-0.39239803850560573f,0.08067909171459894f,0.9162503279874233f,0.26806092630707656f,0f,0f,0f,1f],start_interpolation:0}
execute if entity @s[tag=aj.axia.bone.arm_left_2] run data modify entity @s {} merge value {transformation:[-0.516413101833692f,0.1198905375519741f,-0.8479055178851028f,0.17068768090076836f,-0.043760907790580165f,0.9851626259220432f,0.16595054515044116f,1.5449464428723496f,0.8552207265986074f,0.12280415095542564f,-0.5035043687042523f,-0.5495989578294511f,0f,0f,0f,1f],start_interpolation:0}
execute if entity @s[tag=aj.axia.bone.arm_left_1] run data modify entity @s {} merge value {transformation:[-0.52428955626009f,0.1198905375519741f,-0.8430579577953687f,-0.0017242058280815872f,-0.04221305765305572f,0.9851626259220432f,0.16635100916424905f,1.5311701412840646f,0.8504931034171757f,0.12280415095542564f,-0.5114495298149555f,-0.2707610605591071f,0f,0f,0f,1f],start_interpolation:0}
execute if entity @s[tag=aj.axia.bone.ear_edge_a1] run data modify entity @s {} merge value {transformation:[-0.8443111079058678f,0.21394236027434355f,-0.4912915830207243f,0.39198431229721065f,0.2381377530596861f,0.9711355050066806f,0.013647032025430241f,2.079672548269676f,0.480030377824623f,-0.10547273294867385f,-0.8708882471189329f,-0.09492155909198953f,0f,0f,0f,1f],start_interpolation:0}
execute if entity @s[tag=aj.axia.bone.ear_edge_a2] run data modify entity @s {} merge value {transformation:[-0.8673841957925502f,0.07922901830959442f,-0.4912915830207243f,0.2928730744678065f,0.08328681894528153f,0.996432167438844f,0.013647032025430241f,2.0993073698474425f,0.49061997786401584f,-0.02908089322605497f,-0.8708882471189329f,-0.038702550362445215f,0f,0f,0f,1f],start_interpolation:0}
execute if entity @s[tag=aj.axia.bone.ear_edge_b1] run data modify entity @s {} merge value {transformation:[-0.7722125574992811f,0.6039138088379842f,-0.19742309271009487f,0.22483261486137535f,0.26517275732850776f,0.5887025440854035f,0.7636181790385622f,2.1175997832832003f,0.5773830399407454f,0.5373243211340543f,-0.6147449870528522f,-0.12005306999032603f,0f,0f,0f,1f],start_interpolation:0}
execute if entity @s[tag=aj.axia.bone.ear_edge_b2] run data modify entity @s {} merge value {transformation:[-0.9210374148432776f,0.33572935963897144f,-0.19742309271009487f,0.25488672841015103f,0.07027518804707439f,0.6418322791717306f,0.7636181790385622f,2.120610455568469f,0.3830815558125464f,0.6894469685839714f,-0.6147449870528522f,-0.12596506932963655f,0f,0f,0f,1f],start_interpolation:0}
execute if entity @s[tag=aj.axia.bone.ear_right_2] run data modify entity @s {} merge value {transformation:[-0.8571782731191705f,0.4756779693839292f,-0.19742309271009487f,0.3422641072685376f,0.16981467310500795f,0.6229367973077761f,0.7636181790385622f,2.204381837640438f,0.48621845387713997f,0.6210315740787357f,-0.6147449870528522f,-0.10080172811985044f,0f,0f,0f,1f],start_interpolation:0}
execute if entity @s[tag=aj.axia.bone.ear_right_1] run data modify entity @s {} merge value {transformation:[-0.8571782731191705f,0.15452504180691168f,-0.4912915830207243f,0.30749597286198255f,0.16981467310500795f,0.9853815176443771f,0.013647032025430241f,1.9826709961704534f,0.48621845387713997f,-0.07173058022514603f,-0.8708882471189329f,-0.08466234756919261f,0f,0f,0f,1f],start_interpolation:0}
execute if entity @s[tag=aj.axia.bone.ear_edge_a3] run data modify entity @s {} merge value {transformation:[-0.8701689466754607f,-0.05238240936455482f,-0.4899613121776898f,0.05367583072236365f,-0.07357536455253186f,0.9969989298973762f,0.024079026443119437f,2.111851408048714f,0.48722958651202786f,0.05700190323709012f,-0.8714115635304984f,0.0974276287909994f,0f,0f,0f,1f],start_interpolation:0}
execute if entity @s[tag=aj.axia.bone.ear_edge_a4] run data modify entity @s {} merge value {transformation:[-0.8676501371657672f,0.08438691868614455f,-0.4899613121776898f,0.15446652143398065f,0.08329546452060617f,0.9962339414393827f,0.024079026443119437f,2.1122964497127272f,0.4901480440300891f,-0.01991938449877583f,-0.8714115635304984f,0.040769185212019374f,0f,0f,0f,1f],start_interpolation:0}
execute if entity @s[tag=aj.axia.bone.ear_edge_b3] run data modify entity @s {} merge value {transformation:[-0.8624226107048396f,-0.12720031839200827f,-0.4899462414857581f,0.17338022653233182f,-0.1601829381949183f,0.9867506587607473f,0.025779133935675734f,2.1060845438377345f,0.4801756624989363f,0.10071353650926085f,-0.871371399982525f,0.029725182030456494f,0f,0f,0f,1f],start_interpolation:0}
execute if entity @s[tag=aj.axia.bone.ear_edge_b4] run data modify entity @s {} merge value {transformation:[-0.8595197037841509f,0.14552855135946716f,-0.4899462414857581f,0.14897955138926688f,0.15257969559816464f,0.9879548940840859f,0.025779133935675734f,2.118472043622222f,0.4877963871309191f,-0.052598174821158056f,-0.871371399982525f,0.043811435139496153f,0f,0f,0f,1f],start_interpolation:0}
execute if entity @s[tag=aj.axia.bone.ear_left_2] run data modify entity @s {} merge value {transformation:[-0.8717032710193903f,0.009278348348435038f,-0.4899462414857581f,0.09246042350344531f,-0.0038490089860594434f,0.9996602529776559f,0.025779133935675734f,2.228429045354381f,0.49001897149388124f,0.024357562861940123f,-0.871371399982525f,0.04298048125980182f,0f,0f,0f,1f],start_interpolation:0}
execute if entity @s[tag=aj.axia.bone.ear_left_1] run data modify entity @s {} merge value {transformation:[-0.8717032710193903f,0.008445108833646499f,-0.4899613121776898f,0.09056027401587485f,-0.0038490089860594434f,0.9997026485987602f,0.024079026443119437f,2.0034959494196602f,0.49001897149388124f,0.022875631606822898f,-0.8714115635304984f,0.037833464148266674f,0f,0f,0f,1f],start_interpolation:0}
execute if entity @s[tag=aj.axia.bone.head] run data modify entity @s {} merge value {transformation:[-0.8677427953844308f,0.08332783040053907f,-0.48997848293486634f,0.17163443795036698f,0.08329981299682832f,0.9962836447500394f,0.02190982332814188f,1.481803422881657f,0.48998324686983713f,-0.0218030246598033f,-0.8714591475809846f,0.014992706789591997f,0f,0f,0f,1f],start_interpolation:0}
execute if entity @s[tag=aj.axia.bone.body_1] run data modify entity @s {} merge value {transformation:[0.4687935805763622f,0.44169183453431193f,-0.764945032087998f,0.006f,-0.2429183397563526f,0.8970757943510856f,0.3691147509913222f,1.1454f,0.8492486438142903f,0.012780551438911991f,0.5278384208112425f,0.0102f,0f,0f,0f,1f],start_interpolation:0}
execute if entity @s[tag=aj.axia.bone.leg_left_2] run data modify entity @s {} merge value {transformation:[0.4216726344616439f,0.6976331008382342f,-0.5792238306225044f,0.017154655380525213f,-0.34788595598944416f,0.714377972404327f,0.6071568777250186f,0.7048497500481024f,0.8373574809909371f,-0.05451760411383705f,0.5439303998400897f,-0.286101208409024f,0f,0f,0f,1f],start_interpolation:0}
execute if entity @s[tag=aj.axia.bone.leg_left_1] run data modify entity @s {} merge value {transformation:[0.4216726344616439f,-0.3228976792797862f,-0.847307074242807f,-0.13885485672759298f,-0.34788595598944416f,0.8053248106075099f,-0.48002844816249035f,0.900618672031566f,0.8373574809909371f,0.49718109189279f,0.22725186664317198f,-0.12620510239884158f,0f,0f,0f,1f],start_interpolation:0}
execute if entity @s[tag=aj.axia.bone.leg_right_2] run data modify entity @s {} merge value {transformation:[0.07908190929892944f,-0.4100863335254612f,-0.9086117161237137f,0.2110545172643008f,0.036489431736250424f,0.9120463100344961f,-0.40846058527601536f,0.5380495240527857f,0.9962000667502495f,-0.000852882233268102f,0.08709018083971792f,0.09008451482817609f,0f,0f,0f,1f],start_interpolation:0}
execute if entity @s[tag=aj.axia.bone.leg_right_1] run data modify entity @s {} merge value {transformation:[0.07908190929892944f,-0.6133935156879246f,-0.7858081486811166f,-0.038585203868241755f,0.036489431736250424f,0.7895298505070218f,-0.6126264249360494f,0.8603478964519855f,0.9962000667502495f,0.019773974571831165f,0.08481990884474688f,0.0980964610145334f,0f,0f,0f,1f],start_interpolation:0}
execute if entity @s[tag=aj.axia.bone.coat_downer] run data modify entity @s {} merge value {transformation:[0.3373296642360073f,0.4187809055674133f,-0.8431080896056923f,-0.06128051763406959f,-0.2014062651145964f,0.9069705154876138f,0.36991891058544274f,0.9326128614522033f,0.9195891550029349f,0.045022629513047925f,0.39029315755303656f,-0.0032282231897015155f,0f,0f,0f,1f],start_interpolation:0}
execute if entity @s[tag=aj.axia.bone.body_2] run data modify entity @s {} merge value {transformation:[0.3373296642360073f,0.31291034690199004f,-0.8878602437479106f,0.006f,-0.2014062651145964f,0.9452918695455725f,0.2566296899106279f,1.1454f,0.9195891550029349f,0.09225180850645907f,0.3818970932440783f,0.0102f,0f,0f,0f,1f],start_interpolation:0}