execute if entity @s[tag=aj.axia.bone.wing_right_1] run data modify entity @s {} merge value {transformation:[0.1287538487371691f,-0.3464940611050425f,-0.7282230128873612f,-0.728282976105707f,-0.06669846970493737f,0.7303439201537973f,-0.3592958625949479f,1.0500157143420599f,0.8036903663842376f,0.11612092127503654f,0.08684567385800546f,-0.47627774934966216f,0f,0f,0f,1f],start_interpolation:0}
execute if entity @s[tag=aj.axia.bone.wing_right_2] run data modify entity @s {} merge value {transformation:[-0.013366032017115503f,-0.3618521495085251f,-0.7133613187468029f,-0.728282976105707f,0.21342285762731214f,0.6859828886638386f,-0.3519632939705612f,1.0500157143420599f,0.770890415707907f,-0.19618995477973808f,0.08507331316702577f,-0.47627774934966216f,0f,0f,0f,1f],start_interpolation:0}
execute if entity @s[tag=aj.axia.bone.wing_left_1] run data modify entity @s {} merge value {transformation:[-0.3005734006584915f,-0.3161976382880744f,-0.6903760778025833f,-0.7342449885516124f,0.03509126552299802f,0.7359171230358347f,-0.35233369914201934f,1.0489189675364385f,0.7585306047517324f,-0.15934078576481503f,-0.2572669432540195f,-0.4220698273232333f,0f,0f,0f,1f],start_interpolation:0}
execute if entity @s[tag=aj.axia.bone.wing_left_2] run data modify entity @s {} merge value {transformation:[-0.15349225994437163f,-0.3988437422541042f,-0.6762867700923265f,-0.7342449885516124f,-0.24411740923393807f,0.6791780704004313f,-0.3451432154860598f,1.0489189675364385f,0.7462216940334014f,0.1401457025808801f,-0.2520165974733252f,-0.4220698273232333f,0f,0f,0f,1f],start_interpolation:0}
execute if entity @s[tag=aj.axia.bone.blade] run data modify entity @s {} merge value {transformation:[1.5857793475050235f,1.0784317518059734f,-0.5677048685040836f,-0.012044605946472282f,0.4872166381937219f,0.2929744875593193f,1.9174946928496466f,1.5697400724444865f,1.1171051018117084f,-1.6586593701951138f,-0.030418500459418487f,-0.5177048103602166f,0f,0f,0f,1f],start_interpolation:0}
execute if entity @s[tag=aj.axia.bone.arm_right_2] run data modify entity @s {} merge value {transformation:[0.5392158759029871f,-0.3249600636270633f,0.7769473574327085f,-0.21066124910464945f,0.14648724377965927f,0.9446839421787332f,0.2934514215325704f,1.5103555302663945f,-0.8293296850975568f,-0.044420788344454454f,0.5569910833925837f,-0.22211452306098678f,0f,0f,0f,1f],start_interpolation:0}
execute if entity @s[tag=aj.axia.bone.arm_right_1] run data modify entity @s {} merge value {transformation:[0.905867569893699f,-0.3249600636270633f,0.27167057783716475f,-0.5419815279783741f,0.2974276006248353f,0.9446839421787332f,0.13823556624907046f,1.4011425715848218f,-0.3015638708490083f,-0.044420788344454454f,0.9524106390425401f,-0.12094273555056284f,0f,0f,0f,1f],start_interpolation:0}
execute if entity @s[tag=aj.axia.bone.arm_left_2] run data modify entity @s {} merge value {transformation:[-0.6351539027880072f,-0.2303775100497339f,-0.7372284060156984f,-0.5766156071558011f,0.47537938272762953f,0.6356878576749042f,-0.6082067001293134f,1.1553249902362805f,0.6087642912085602f,-0.7367680438699655f,-0.29424290523539187f,-0.9360864039187466f,0f,0f,0f,1f],start_interpolation:0}
execute if entity @s[tag=aj.axia.bone.arm_left_1] run data modify entity @s {} merge value {transformation:[0.19831665578738744f,-0.2303775100497339f,-0.9526787007698827f,-0.46985999424314845f,0.7719147860208599f,0.6356878576749042f,0.006964964254094874f,1.4083047883279216f,0.604001711222474f,-0.7367680438699655f,0.3038992964327947f,-0.7511949788214642f,0f,0f,0f,1f],start_interpolation:0}
execute if entity @s[tag=aj.axia.bone.ear_edge_a1] run data modify entity @s {} merge value {transformation:[-0.8200922204095824f,0.09033246986747437f,-0.5650564528534496f,-0.47217549276420834f,0.04207532838015253f,0.9943075386339864f,0.09788863752921564f,2.0481522736591415f,0.5706824132259407f,0.0565027742970702f,-0.8192246454613967f,-0.5642242461994955f,0f,0f,0f,1f],start_interpolation:0}
execute if entity @s[tag=aj.axia.bone.ear_edge_a2] run data modify entity @s {} merge value {transformation:[-0.8241266359108036f,-0.0390703605181621f,-0.5650564528534496f,-0.5674962561611259f,-0.11398665662388802f,0.988647994361179f,0.09788863752921564f,2.0449857035011934f,0.554817384455507f,0.14508152940536287f,-0.8192246454613967f,-0.4988555570290397f,0f,0f,0f,1f],start_interpolation:0}
execute if entity @s[tag=aj.axia.bone.ear_edge_b1] run data modify entity @s {} merge value {transformation:[-0.7668895249525743f,0.4279616336687012f,-0.47825651759869564f,-0.621332272989716f,0.10163865642926317f,0.8167884781238497f,0.5679138715715438f,2.0444661474152444f,0.6336797614231257f,0.38691784930620876f,-0.6698839734244942f,-0.538691732286545f,0f,0f,0f,1f],start_interpolation:0}
execute if entity @s[tag=aj.axia.bone.ear_edge_b2] run data modify entity @s {} merge value {transformation:[-0.8616026977287349f,0.1700338044064619f,-0.47825651759869564f,-0.5943620818124317f,-0.15573741404538444f,0.8082200766765675f,0.5679138715715438f,2.055519297278187f,0.48310107548319847f,0.5637985571247841f,-0.6698839734244942f,-0.5485761792092646f,0f,0f,0f,1f],start_interpolation:0}
execute if entity @s[tag=aj.axia.bone.ear_right_2] run data modify entity @s {} merge value {transformation:[-0.824395791540908f,0.30272476321571096f,-0.47825651759869564f,-0.5362654058579098f,-0.027386552717390447f,0.8226322454212925f,0.5679138715715438f,2.164568543755f,0.5653508252579963f,0.48128360301293666f,-0.6698839734244942f,-0.5442538398976743f,0f,0f,0f,1f],start_interpolation:0}
execute if entity @s[tag=aj.axia.bone.ear_right_1] run data modify entity @s {} merge value {transformation:[-0.824395791540908f,0.0329056830702088f,-0.5650564528534496f,-0.5436691845487068f,-0.027386552717390447f,0.9948204819830218f,0.09788863752921564f,1.9407339353088204f,0.5653508252579963f,0.09617392915313144f,-0.8192246454613967f,-0.5658929739571288f,0f,0f,0f,1f],start_interpolation:0}
execute if entity @s[tag=aj.axia.bone.ear_edge_a3] run data modify entity @s {} merge value {transformation:[-0.7945029623858668f,0.05619120249709941f,-0.604654935911394f,-0.76303991213014f,-0.2584408615992309f,0.8697482490841014f,0.4204120648494605f,1.9842784653732037f,0.5495210312771743f,0.4902861735528238f,-0.6764954576395922f,-0.31594697908090374f,0f,0f,0f,1f],start_interpolation:0}
execute if entity @s[tag=aj.axia.bone.ear_edge_a4] run data modify entity @s {} merge value {transformation:[-0.7759310718142169f,0.17978704144411725f,-0.604654935911394f,-0.6718524995067054f,-0.11920042366977315f,0.8994692628022148f,0.4204120648494605f,2.0070728636378545f,0.6194531707806389f,0.3982859086169275f,-0.6764954576395922f,-0.3832850204230452f,0f,0f,0f,1f],start_interpolation:0}
execute if entity @s[tag=aj.axia.bone.ear_edge_b3] run data modify entity @s {} merge value {transformation:[-0.8400481507607902f,0.26246052028845146f,-0.474798462185054f,-0.6933788781413924f,-0.2840054188526095f,0.5329266737786166f,0.7970759577591171f,2.0324532382904934f,0.46223373575035687f,0.8044275204548731f,-0.3731438568020302f,-0.4414052330087642f,0f,0f,0f,1f],start_interpolation:0}
execute if entity @s[tag=aj.axia.bone.ear_edge_b4] run data modify entity @s {} merge value {transformation:[-0.717828506661121f,0.5092039427688803f,-0.474798462185054f,-0.71067657914553f,-0.10542180530960253f,0.5946058867246863f,0.7970759577591171f,2.0340435761519466f,0.6881921810002855f,0.6222179554954811f,-0.3731438568020302f,-0.4159980294936608f,0f,0f,0f,1f],start_interpolation:0}
execute if entity @s[tag=aj.axia.bone.ear_left_2] run data modify entity @s {} merge value {transformation:[-0.7886478929594344f,0.39064167882773654f,-0.474798462185054f,-0.7209877297822518f,-0.1971407417483334f,0.5707936978500228f,0.7970759577591171f,2.11183375585583f,0.5823830602563588f,0.7222143956314803f,-0.3731438568020302f,-0.3204573960153637f,0f,0f,0f,1f],start_interpolation:0}
execute if entity @s[tag=aj.axia.bone.ear_left_1] run data modify entity @s {} merge value {transformation:[-0.7886478929594344f,0.11147604858727594f,-0.604654935911394f,-0.7460698407143889f,-0.1971407417483334f,0.8856575092392827f,0.4204120648494605f,1.9125608162769918f,0.5823830602563588f,0.45075921168561517f,-0.6764954576395922f,-0.421878218644627f,0f,0f,0f,1f],start_interpolation:0}
execute if entity @s[tag=aj.axia.bone.head] run data modify entity @s {} merge value {transformation:[-0.8096026246627281f,-0.20508056872955885f,-0.5499868639056597f,-0.522578631660597f,-0.11269247612731512f,0.9738554435961372f,-0.19724599058654002f,1.433710398155715f,0.5760590212500074f,-0.09771149015203712f,-0.81154696027325f,-0.4184476150894198f,0f,0f,0f,1f],start_interpolation:0}
execute if entity @s[tag=aj.axia.bone.body_1] run data modify entity @s {} merge value {transformation:[-0.10930281490845166f,-0.44520968442825876f,-0.8887301230094427f,-0.35562499999999997f,-0.020106887428353426f,0.8948943950819069f,-0.4458247802993137f,1.098125f,0.9938051155689591f,-0.03086030690511942f,-0.10676625743506019f,-0.40687500000000004f,0f,0f,0f,1f],start_interpolation:0}
execute if entity @s[tag=aj.axia.bone.leg_left_2] run data modify entity @s {} merge value {transformation:[-0.10930281490845166f,-0.05617531244110391f,-0.9924198853938958f,0.12342277996438228f,-0.020106887428353426f,0.9983224814500639f,-0.05429489947803939f,0.7940806161212195f,0.9938051155689591f,0.01401988956915335f,-0.1102489680923883f,-0.4861180167045741f,0f,0f,0f,1f],start_interpolation:0}
execute if entity @s[tag=aj.axia.bone.leg_left_1] run data modify entity @s {} merge value {transformation:[-0.10930281490845166f,-0.8032111577373041f,-0.5855806782497083f,-0.15666090556869877f,-0.020106887428353426f,0.5907763901968869f,-0.8065847567762976f,0.9386661580126352f,0.9938051155689591f,-0.07638777960011237f,-0.08072359875979492f,-0.5139974968864193f,0f,0f,0f,1f],start_interpolation:0}
execute if entity @s[tag=aj.axia.bone.leg_right_2] run data modify entity @s {} merge value {transformation:[-0.10915796083972382f,-0.9593071637543329f,-0.2604117991853108f,0.0772764254604949f,-0.0202499120774997f,0.2640689612962425f,-0.9642912032891189f,1.0897229357579807f,0.9938181325806885f,-0.09998674536927768f,-0.04825111505750265f,-0.23366364876352574f,0f,0f,0f,1f],start_interpolation:0}
execute if entity @s[tag=aj.axia.bone.leg_right_1] run data modify entity @s {} merge value {transformation:[-0.10915796083972382f,-0.8475694888719327f,0.5193365971301118f,-0.20012977839506102f,-0.0202499120774997f,-0.5204540763386574f,-0.8536495155995395f,0.8760631159023164f,0.9938181325806885f,-0.10369916082517634f,0.039648498054621735f,-0.2684866077830655f,0f,0f,0f,1f],start_interpolation:0}
execute if entity @s[tag=aj.axia.bone.coat_downer] run data modify entity @s {} merge value {transformation:[-0.10930281490845166f,-0.6200662336926843f,-0.7768981660985295f,-0.1978105023859136f,-0.020106887428353426f,0.7828003135456614f,-0.6219480542543383f,0.9413004580787985f,0.9938051155689591f,-0.05235966908779619f,-0.0980298797407412f,-0.38482961598159804f,0f,0f,0f,1f],start_interpolation:0}
execute if entity @s[tag=aj.axia.bone.body_2] run data modify entity @s {} merge value {transformation:[-0.10930281490845166f,-0.7101244234094934f,-0.6955402202104658f,-0.35562499999999997f,-0.020106887428353426f,0.7011690377092813f,-0.7127115080001051f,1.098125f,0.9938051155689591f,-0.06391622513239491f,-0.09091814138989376f,-0.40687500000000004f,0f,0f,0f,1f],start_interpolation:0}