execute if entity @s[tag=aj.axia.bone.wing_right_1] run data modify entity @s {} merge value {transformation:[0.48641053269750245f,0.41029386781321825f,-0.5118673462531533f,-0.2296044493902736f,-0.367829767498223f,0.6982082141364577f,0.21012138467806238f,1.3790182158459692f,0.5431855118351185f,0.10539770486918787f,0.6006540335211049f,0.20270551989565078f,0f,0f,0f,1f],start_interpolation:0}
execute if entity @s[tag=aj.axia.bone.wing_right_2] run data modify entity @s {} merge value {transformation:[0.5940219440035057f,0.18898369429842787f,-0.5014210738806401f,-0.2296044493902736f,-0.07115527616204506f,0.7697854397624855f,0.2058331931540203f,1.3790182158459692f,0.5311071988935937f,-0.10823834819044253f,0.5883957879390416f,0.20270551989565078f,0f,0f,0f,1f],start_interpolation:0}
execute if entity @s[tag=aj.axia.bone.wing_left_1] run data modify entity @s {} merge value {transformation:[0.36207238300335837f,0.26068343710497044f,-0.6840264465134756f,-0.20062284708615863f,-0.009098622173997655f,0.7646708590306642f,0.28660100639789404f,1.3661434855662353f,0.7319598684253454f,-0.11944482999648719f,0.3419241554004425f,0.24626061759624762f,0f,0f,0f,1f],start_interpolation:0}
execute if entity @s[tag=aj.axia.bone.wing_left_2] run data modify entity @s {} merge value {transformation:[0.22996117368718158f,0.37165635359834265f,-0.6700667231152414f,-0.20062284708615863f,-0.29488937119741326f,0.6886352951538764f,0.28075200626732477f,1.3661434855662353f,0.7072185781999852f,0.16629186720437486f,0.33494611141267844f,0.24626061759624762f,0f,0f,0f,1f],start_interpolation:0}
execute if entity @s[tag=aj.axia.bone.blade] run data modify entity @s {} merge value {transformation:[1.9966028777602494f,-0.11003150712484278f,0.0383407871505818f,0.5883965745031757f,-0.02620605970829334f,0.21719547943130205f,1.9879988345442192f,1.454002776292069f,-0.11353497678713738f,-1.9851244774961712f,0.21538481351177388f,-0.17504023950183856f,0f,0f,0f,1f],start_interpolation:0}
execute if entity @s[tag=aj.axia.bone.arm_right_2] run data modify entity @s {} merge value {transformation:[-0.055015753562421166f,-0.03310293920534363f,0.9979366023329971f,0.6013236775904189f,0.10859773971565059f,0.993322935213861f,0.03893683740074334f,1.4098730589355037f,-0.9925622387480856f,0.1105157988438189f,-0.05105350543598153f,0.18305775097921284f,0f,0f,0f,1f],start_interpolation:0}
execute if entity @s[tag=aj.axia.bone.arm_right_1] run data modify entity @s {} merge value {transformation:[0.8886457455005322f,-0.03310293920534363f,0.45739800438979894f,0.30167119208477045f,0.07985758245150659f,0.993322935213861f,-0.08326051226794695f,1.3918308083290547f,-0.45158776060562583f,0.1105157988438189f,0.8853557209828765f,0.25546733769493146f,0f,0f,0f,1f],start_interpolation:0}
execute if entity @s[tag=aj.axia.bone.arm_left_2] run data modify entity @s {} merge value {transformation:[-0.4541089084555393f,0.07335910762794423f,-0.8879209089718244f,0.11009151041980467f,-0.0967035801598883f,0.9866581465525335f,0.13097373563344605f,1.568942909185944f,0.885682514700149f,0.14534147092124627f,-0.4409561656047799f,-0.5464961711528036f,0f,0f,0f,1f],start_interpolation:0}
execute if entity @s[tag=aj.axia.bone.arm_left_1] run data modify entity @s {} merge value {transformation:[-0.4623608391763158f,0.07335910762794423f,-0.8836520218526098f,-0.042018283344757636f,-0.09547926738990253f,0.9866581465525335f,0.13186891726334624f,1.5376731155864007f,0.8815362521727972f,0.14534147092124627f,-0.44918781476748487f,-0.2574442229252499f,0f,0f,0f,1f],start_interpolation:0}
execute if entity @s[tag=aj.axia.bone.ear_edge_a1] run data modify entity @s {} merge value {transformation:[-0.8089876100126069f,0.1425009417281532f,-0.5702916170282354f,0.32436666757221294f,0.16673759672506128f,0.9859522248084249f,0.00983789782769567f,2.10470850253393f,0.5636821983036548f,-0.08713031620456126f,-0.821383398489191f,-0.09192025068858457f,0f,0f,0f,1f],start_interpolation:0}
execute if entity @s[tag=aj.axia.bone.ear_edge_a2] run data modify entity @s {} merge value {transformation:[-0.821319688682351f,0.014192974672226966f,-0.5702916170282354f,0.22990597744092708f,0.010447871381065663f,0.9998970235728961f,0.00983789782769567f,2.1159882857463135f,0.5703725194698029f,0.0021217257167208334f,-0.821383398489191f,-0.02620050376573938f,0f,0f,0f,1f],start_interpolation:0}
execute if entity @s[tag=aj.axia.bone.ear_edge_b1] run data modify entity @s {} merge value {transformation:[-0.7299382237954002f,0.6137128863018334f,-0.3009097582822616f,0.15356963285944614f,0.19524450538481658f,0.6091102729344992f,0.7686769532922775f,2.1324326626859125f,0.6550341766346659f,0.5023357130373403f,-0.5644369396556297f,-0.10025702636497502f,0f,0f,0f,1f],start_interpolation:0}
execute if entity @s[tag=aj.axia.bone.ear_edge_b2] run data modify entity @s {} merge value {transformation:[-0.8838602157676918f,0.358112323655023f,-0.3009097582822616f,0.18269617706999328f,-0.0025368666680687935f,0.6396321644389141f,0.7686769532922775f,2.137590857690077f,0.46774424987443464f,0.6801663457284477f,-0.5644369396556297f,-0.10876014765365771f,0f,0f,0f,1f],start_interpolation:0}
execute if entity @s[tag=aj.axia.bone.ear_right_2] run data modify entity @s {} merge value {transformation:[-0.8169573200543644f,0.49196956672146047f,-0.3009097582822616f,0.2666732886739656f,0.09755488183683053f,0.6321540844660452f,0.7686769532922775f,2.226028550879963f,0.5683870004137962f,0.598621047836438f,-0.5644369396556297f,-0.088455870243329f,0f,0f,0f,1f],start_interpolation:0}
execute if entity @s[tag=aj.axia.bone.ear_right_1] run data modify entity @s {} merge value {transformation:[-0.8169573200543644f,0.08572169361900861f,-0.5702916170282354f,0.2473859076096887f,0.09755488183683053f,0.9951815215306874f,0.00983789782769567f,2.0021127085355586f,0.5683870004137962f,-0.0475975886674416f,-0.821383398489191f,-0.07774641279315465f,0f,0f,0f,1f],start_interpolation:0}
execute if entity @s[tag=aj.axia.bone.ear_edge_a3] run data modify entity @s {} merge value {transformation:[-0.8146705998462781f,-0.10859414275413451f,-0.5696658019449647f,0.004136305617010255f,-0.14606777558466946f,0.9890653392316103f,0.020345998781246752f,2.1084463491016394f,0.5612272433532176f,0.09978510354834781f,-0.8216245580725994f,0.13151846929181404f,0f,0f,0f,1f],start_interpolation:0}
execute if entity @s[tag=aj.axia.bone.ear_edge_a4] run data modify entity @s {} merge value {transformation:[-0.8216285195220614f,0.02018539081577389f,-0.5696658019449647f,0.0989790123797846f,0.010454468350886287f,0.9997383379790405f,0.020345998781246752f,2.1173168969263956f,0.5699274339768929f,0.010761299759817572f,-0.8216245580725994f,0.06597981672556802f,0f,0f,0f,1f],start_interpolation:0}
execute if entity @s[tag=aj.axia.bone.ear_edge_b3] run data modify entity @s {} merge value {transformation:[-0.8022574946064115f,-0.17822718346023653f,-0.5697525633322545f,0.11712873841999592f,-0.2317090295108361f,0.9725354023615566f,0.022041252155727463f,2.1127162422482515f,0.5501761881352101f,0.14969957324346994f,-0.821520663026642f,0.05302962589225303f,0f,0f,0f,1f],start_interpolation:0}
execute if entity @s[tag=aj.axia.bone.ear_edge_b4] run data modify entity @s {} merge value {transformation:[-0.8180674465408463f,0.07840707548725906f,-0.5697525633322545f,0.09342723846545688f,0.08016158456029161f,0.996538159612662f,0.022041252155727463f,2.123018655873576f,0.5695083610193292f,-0.027641037414402506f,-0.821520663026642f,0.06974383536795678f,0f,0f,0f,1f],start_interpolation:0}
execute if entity @s[tag=aj.axia.bone.ear_left_2] run data modify entity @s {} merge value {transformation:[-0.8202612476780483f,-0.050532189087516326f,-0.5697525633322545f,0.030364108495471356f,-0.07671825145735173f,0.996809155805029f,0.022041252155727463f,2.229017406114652f,0.566820778951317f,0.061790005415838116f,-0.821520663026642f,0.07828497797118593f,0f,0f,0f,1f],start_interpolation:0}
execute if entity @s[tag=aj.axia.bone.ear_left_1] run data modify entity @s {} merge value {transformation:[-0.8202612476780483f,-0.051501064572020264f,-0.5696658019449647f,0.0419518480241759f,-0.07671825145735173f,0.9968451987279271f,0.020345998781246752f,2.0047272364008686f,0.566820778951317f,0.06039279858582926f,-0.8216245580725994f,0.06469659828937437f,0f,0f,0f,1f],start_interpolation:0}
execute if entity @s[tag=aj.axia.bone.head] run data modify entity @s {} merge value {transformation:[-0.8217362383420512f,0.018954159069298676f,-0.569552714372806f,0.15275339361806692f,0.010458111461239594f,0.9997799789209236f,0.018183004524612956f,1.4904645143798458f,0.5697720443301161f,0.008985187969849595f,-0.8217536637563762f,0.014549985905948694f,0f,0f,0f,1f],start_interpolation:0}
execute if entity @s[tag=aj.axia.bone.body_1] run data modify entity @s {} merge value {transformation:[0.5379209230122461f,0.39134238298151175f,-0.7466540161734918f,0.006f,-0.23896493792632154f,0.9201720383462555f,0.3101276806213321f,1.1454f,0.8084162535646615f,0.011599962415863183f,0.5884969004543933f,0.0102f,0f,0f,0f,1f],start_interpolation:0}
execute if entity @s[tag=aj.axia.bone.leg_left_2] run data modify entity @s {} merge value {transformation:[0.4925880952868412f,0.626758110907227f,-0.6037642245062935f,0.022000867555859643f,-0.3449636816889274f,0.7775631561964429f,0.5257333891255591f,0.7252847131858758f,0.7989724818148011f,-0.05069327902030368f,0.5992271395429843f,-0.29387997043260095f,0f,0f,0f,1f],start_interpolation:0}
execute if entity @s[tag=aj.axia.bone.leg_left_1] run data modify entity @s {} merge value {transformation:[0.4925880952868412f,-0.36901137149474567f,-0.7881545382025335f,-0.14285789291302345f,-0.3449636816889274f,0.7486687952170874f,-0.5661228606793893f,0.8983449926109965f,0.7989724818148011f,0.5507500728785804f,0.24148981454077123f,-0.11751973630380826f,0f,0f,0f,1f],start_interpolation:0}
execute if entity @s[tag=aj.axia.bone.leg_right_2] run data modify entity @s {} merge value {transformation:[0.1538903259305227f,-0.4786944434363055f,-0.8643896097294339f,0.2477565608540696f,0.029237380737604124f,0.8766334080874667f,-0.4802697610640894f,0.5571422457346412f,0.9876552754643709f,0.048636381939438436f,0.14890117259188781f,0.06450063436873772f,0f,0f,0f,1f],start_interpolation:0}
execute if entity @s[tag=aj.axia.bone.leg_right_1] run data modify entity @s {} merge value {transformation:[0.1538903259305227f,-0.6695927159916297f,-0.7266108740419112f,-0.024833902567092274f,0.029237380737604124f,0.7381344669786735f,-0.6740197951289815f,0.8585209865222727f,0.9876552754643709f,0.08248092718357636f,0.13316889088047432f,0.0980523310933127f,0f,0f,0f,1f],start_interpolation:0}
execute if entity @s[tag=aj.axia.bone.coat_downer] run data modify entity @s {} merge value {transformation:[0.4112348244073228f,0.39889288824524544f,-0.8196159972218968f,-0.056932221518434224f,-0.2014062651145964f,0.9167049481981736f,0.34509064652866617f,0.9311301146762491f,0.8890002449759323f,0.02316250539881226f,0.45732052520784877f,-0.0004444023130159083f,0f,0f,0f,1f],start_interpolation:0}
execute if entity @s[tag=aj.axia.bone.body_2] run data modify entity @s {} merge value {transformation:[0.4112348244073228f,0.29603353771912255f,-0.8621195182456892f,0.006f,-0.2014062651145964f,0.9519279390323612f,0.2308001630462822f,1.1454f,0.8890002449759323f,0.07872320772874017f,0.45108892803706707f,0.0102f,0f,0f,0f,1f],start_interpolation:0}