# This file was generated by Animated Java via MC-Build. It is not recommended to edit this file directly.
$data merge entity $(bone_wing_right_1) { transformation: [-0.8012333204036624f,-0.1369307672947947f,-0.07886428651439954f,0.08575567925424943f,-0.13514723950273724f,0.8050274514782083f,-0.024707700535161824f,1.213922494300767f,0.0818830530339233f,-0.011189806924350551f,-0.8124742446941219f,-0.5117289224001275f,0f,0f,0f,1f], start_interpolation: 0, interpolation_duration: 1 }
$data merge entity $(bone_wing_right_2) { transformation: [-0.7764677892360089f,0.17643544545563217f,-0.0772548112794118f,0.08575567925424943f,0.17947190187215184f,0.7792329747115239f,-0.024203461748729952f,1.213922494300767f,0.06991143481103496f,-0.04082284543123102f,-0.7958931376595481f,-0.5117289224001275f,0f,0f,0f,1f], start_interpolation: 0, interpolation_duration: 1 }
$data merge entity $(bone_wing_left_1) { transformation: [-0.7293843123072024f,0.13295841850025025f,0.3424398171277784f,0.02959212589268371f,0.13514723950273724f,0.8050274514782083f,-0.024707700535161824f,1.213922494300767f,-0.34158189802649636f,0.034602106306665506f,-0.7409918660985443f,-0.5212581540168082f,0f,0f,0f,1f], start_interpolation: 0, interpolation_duration: 1 }
$data merge entity $(bone_wing_left_2) { transformation: [-0.7099535230324451f,-0.15309622591299876f,0.3354512494312931f,0.02959212589268371f,-0.17947190187215184f,0.7792329747115239f,-0.024203461748729952f,1.213922494300767f,-0.32211152039660473f,-0.09673425832364449f,-0.7258695831169414f,-0.5212581540168082f,0f,0f,0f,1f], start_interpolation: 0, interpolation_duration: 1 }
$data merge entity $(bone_blade) { transformation: [-0.3105624760220223f,1.5072939493288195f,1.2773472115301308f,-0.26252628475654394f,1.9196287712448656f,-0.07577180782149394f,0.556133089959938f,1.1487761823846918f,0.46752147447576897f,1.3123732637691894f,-1.4349564758025977f,0.36226414449485916f,0f,0f,0f,1f], start_interpolation: 0, interpolation_duration: 1 }
$data merge entity $(bone_arm_right_2) { transformation: [0.0981395709841743f,-0.9878690178824409f,-0.12034711510885582f,-0.3861990721255535f,-0.38954421606944784f,0.07314814915485787f,-0.9180983890640796f,1.2699777425235623f,0.9157641226505229f,0.136982304635309f,-0.3776399341739668f,0.06047240088945999f,0f,0f,0f,1f], start_interpolation: 0, interpolation_duration: 1 }
$data merge entity $(bone_arm_right_1) { transformation: [-0.25766381970775587f,-0.9582492637507267f,-0.12396654603077206f,-0.2874577634389355f,-0.4538106138316263f,0.23328407177041385f,-0.8600200396688318f,1.4438859534490849f,0.8530329904449018f,-0.1653387140974758f,-0.4949725515957645f,-0.2664248481108953f,0f,0f,0f,1f], start_interpolation: 0, interpolation_duration: 1 }
$data merge entity $(bone_arm_left_2) { transformation: [0.388654248875626f,0.9140272984658862f,0.11619798832198788f,0.38711421809563135f,0.5245779407921837f,-0.11583102282565738f,-0.8434460019381173f,1.2548093106418616f,-0.7574733387157303f,0.38876377378855137f,-0.5244967772298786f,0.19172617400848374f,0f,0f,0f,1f], start_interpolation: 0, interpolation_duration: 1 }
$data merge entity $(bone_arm_left_1) { transformation: [-0.14365505807932213f,0.9827824030771766f,0.11619798832198788f,0.33063106398507064f,0.5082494103881908f,0.17401545521781145f,-0.8434460019381173f,1.4390104187920252f,-0.8491441344838244f,-0.06210772534224801f,-0.5244967772298786f,-0.11700197101228954f,0f,0f,0f,1f], start_interpolation: 0, interpolation_duration: 1 }
$data merge entity $(bone_ear_edge_a1) { transformation: [-0.9671094750538674f,0.16590366823682906f,0.19280880718109625f,0.1762604491350763f,0.2327771800679836f,0.8828328932271017f,0.4079471375997905f,2.0592719435265163f,-0.10253803050883385f,0.4394110325217485f,-0.8924146439842527f,-0.006675893388968637f,0f,0f,0f,1f], start_interpolation: 0, interpolation_duration: 1 }
$data merge entity $(bone_ear_edge_a2) { transformation: [-0.9811558041786294f,0.01257186541408968f,0.19280880718109625f,0.06337269758913323f,0.09180581533786135f,0.908378128971789f,0.4079471375997905f,2.0790006715569347f,-0.17001464700647895f,0.4179606716016736f,-0.8924146439842527f,-0.0220470828746014f,0f,0f,0f,1f], start_interpolation: 0, interpolation_duration: 1 }
$data merge entity $(bone_ear_edge_b1) { transformation: [-0.9656904142491292f,0.1439921635725119f,0.21612098615602376f,0.05370095851036588f,0.25966260943235303f,0.5487211196262727f,0.7946574495585323f,2.103352195602091f,-0.004165704037320167f,0.8235116208687023f,-0.5672841062501897f,-0.08430975960110909f,0f,0f,0f,1f], start_interpolation: 0, interpolation_duration: 1 }
$data merge entity $(bone_ear_edge_b2) { transformation: [-0.962922186796124f,-0.1614700638468887f,0.21612098615602376f,0.08104954279071473f,0.07738966560187603f,0.6021049555676807f,0.7946574495585323f,2.1058356362295414f,-0.258440905883338f,0.7819188199308951f,-0.5672841062501897f,-0.07041180703569222f,0f,0f,0f,1f], start_interpolation: 0, interpolation_duration: 1 }
$data merge entity $(bone_ear_right_2) { transformation: [-0.9763264998568049f,-0.008847882249903544f,0.21612098615602376f,0.13412640132382125f,0.17062683701983164f,0.5825856334906798f,0.7946574495585323f,2.1861242477731406f,-0.13294001717304008f,0.8127211665940266f,-0.5672841062501897f,0.007191224322030149f,0f,0f,0f,1f], start_interpolation: 0, interpolation_duration: 1 }
$data merge entity $(bone_ear_right_1) { transformation: [-0.9763264998568049f,0.09803738853500343f,0.19280880718109625f,0.1120679889034455f,0.17062683701983164f,0.8969200719198704f,0.4079471375997905f,1.9843172315911701f,-0.13294001717304008f,0.431187957898283f,-0.8924146439842527f,-0.08982606620508338f,0f,0f,0f,1f], start_interpolation: 0, interpolation_duration: 1 }
$data merge entity $(bone_ear_edge_a3) { transformation: [-0.9675982399809784f,-0.20369358566015727f,0.1492064648285094f,-0.21359968748035751f,-0.1516724929347883f,0.9413280364056638f,0.3014912648213942f,2.07354114129664f,-0.20186406533273735f,0.26909190072829337f,-0.9417220652027725f,-0.0824438038134998f,0f,0f,0f,1f], start_interpolation: 0, interpolation_duration: 1 }
$data merge entity $(bone_ear_edge_a4) { transformation: [-0.9875501971144616f,-0.049820066565261f,0.1492064648285094f,-0.10035076208752278f,-0.0025490050581978285f,0.9534655315267613f,0.3014912648213942f,2.083443185579855f,-0.15728353617719035f,0.2973574299690926f,-0.9417220652027725f,-0.06133051317983984f,0f,0f,0f,1f], start_interpolation: 0, interpolation_duration: 1 }
$data merge entity $(bone_ear_edge_b3) { transformation: [-0.9433707412902239f,-0.3048809194089029f,0.13076417497891218f,-0.07532530928306924f,-0.22594479275277496f,0.8791140461012974f,0.41965157520890073f,2.081292619466744f,-0.2429003810318936f,0.36634153317333307f,-0.898216725499349f,-0.07475872608169153f,0f,0f,0f,1f], start_interpolation: 0, interpolation_duration: 1 }
$data merge entity $(bone_ear_edge_b4) { transformation: [-0.9914122761442667f,0.0015586059568764576f,0.13076417497891218f,-0.10479174059095636f,0.056774912768537286f,0.9059079228623699f,0.41965157520890073f,2.0901794671776885f,-0.11780623069502466f,0.4234718479930608f,-0.898216725499349f,-0.07489652571901226f,0f,0f,0f,1f], start_interpolation: 0, interpolation_duration: 1 }
$data merge entity $(bone_ear_left_2) { transformation: [-0.9794501655596517f,-0.153551632121757f,0.13076417497891218f,-0.16494218728047816f,-0.08563930190889128f,0.903636246170574f,0.41965157520890073f,2.1979806396416612f,-0.1826014325073293f,0.3998292521558404f,-0.898216725499349f,-0.06807923082339563f,0f,0f,0f,1f], start_interpolation: 0, interpolation_duration: 1 }
$data merge entity $(bone_ear_left_1) { transformation: [-0.9794501655596517f,-0.13570115710099798f,0.1492064648285094f,-0.13440942693275365f,-0.08563930190889128f,0.9496151468910728f,0.3014912648213942f,1.9843172315911701f,-0.1826014325073293f,0.2825177317558964f,-0.9417220652027725f,-0.13164572046847223f,0f,0f,0f,1f], start_interpolation: 0, interpolation_duration: 1 }
$data merge entity $(bone_head) { transformation: [-0.9859096633447966f,-0.031068679773543974f,0.1643681017122209f,-0.0003845238092196773f,0f,0.9826007926619658f,0.18573013288122256f,1.4749302586993744f,-0.16727861705355537f,0.18311313278191055f,-0.968755616695689f,-0.17430776086576671f,0f,0f,0f,1f], start_interpolation: 0, interpolation_duration: 1 }
$data merge entity $(bone_body_1) { transformation: [-0.9859096633447966f,0.0052435404689331055f,0.16719641445527678f,-0.002350851485069592f,0f,0.999508588726243f,-0.03134614908523753f,1.1001145379270334f,-0.16727861705355537f,-0.030904471291782254f,-0.9854251762213231f,-0.16271858413134838f,0f,0f,0f,1f], start_interpolation: 0, interpolation_duration: 1 }
$data merge entity $(bone_leg_left_2) { transformation: [-0.9960581997333796f,-0.08763427281878491f,0.013722134361014736f,0.11339049641573079f,-0.08823783916459679f,0.9631097731168881f,-0.25423148637865256f,0.7392563805842527f,0.009063469725315673f,-0.254440168122604f,-0.9670460456267217f,0.2568151782952709f,0f,0f,0f,1f], start_interpolation: 0, interpolation_duration: 1 }
$data merge entity $(bone_leg_left_1) { transformation: [-0.9960581997333796f,-0.03889566007457844f,0.07971944788608243f,0.10566133657726329f,-0.08823783916459679f,0.34265177499083765f,-0.9353094914707063f,0.7947785240738556f,0.009063469725315673f,-0.9386569600887171f,-0.34473317913068247f,-0.052066425736204874f,0f,0f,0f,1f], start_interpolation: 0, interpolation_duration: 1 }
$data merge entity $(bone_leg_right_2) { transformation: [-0.951803568162788f,0.16582844196320157f,0.25801336296525884f,-0.24372325384084703f,0.14195466689544467f,0.9838878128289581f,-0.10869058981003232f,0.6834283614696594f,-0.2718801945327917f,-0.06682589021259988f,-0.9600080521631604f,0.20625662541261142f,0f,0f,0f,1f], start_interpolation: 0, interpolation_duration: 1 }
$data merge entity $(bone_leg_right_1) { transformation: [-0.951803568162788f,0.30649416885880826f,0.011458275966899814f,-0.1406229213321135f,0.14195466689544467f,0.4733350433439276f,-0.8693692019442635f,0.7976823620266459f,-0.2718801945327917f,-0.8258421527133081f,-0.4940302608369866f,-0.09502451759526598f,0f,0f,0f,1f], start_interpolation: 0, interpolation_duration: 1 }
$data merge entity $(bone_coat_downer) { transformation: [-0.9859096633447966f,0.061810536583160665f,0.15543999900492725f,-0.02151321101268116f,0f,0.9292281448929129f,-0.36950650161922133f,0.8514033641532675f,-0.16727861705355537f,-0.36430003061512f,-0.9161350075018817f,-0.09648265017923909f,0f,0f,0f,1f], start_interpolation: 0, interpolation_duration: 1 }
$data merge entity $(bone_body_2) { transformation: [-0.9859096633447966f,0.061810536583160665f,0.15543999900492725f,2.1624087462722243e-17f,0f,0.9292281448929129f,-0.36950650161922133f,1.0590277777777777f,-0.16727861705355537f,-0.36430003061512f,-0.9161350075018817f,-0.17657407407407405f,0f,0f,0f,1f], start_interpolation: 0, interpolation_duration: 1 }