# This file was generated by Animated Java via MC-Build. It is not recommended to edit this file directly.
$data merge entity $(bone_wing_right_1) { transformation: [-0.7689222545622172f,-0.27321252656046563f,0.03252577768244566f,0.18198584114658478f,-0.2554858057829173f,0.744818909926248f,0.21660156717847953f,1.1543737059435786f,-0.10212743963722225f,0.19376313166122902f,-0.7867466423992054f,-0.7782095959904901f,0f,0f,0f,1f], start_interpolation: 0, interpolation_duration: 1 }
$data merge entity $(bone_wing_right_2) { transformation: [-0.7983139009094824f,0.04098450248117105f,0.03186198630117126f,0.18198584114658478f,0.04799191849568346f,0.7698544960513918f,0.21218112703197997f,1.1543737059435786f,-0.019791194349730902f,0.21364532633743338f,-0.7706905884726911f,-0.7782095959904901f,0f,0f,0f,1f], start_interpolation: 0, interpolation_duration: 1 }
$data merge entity $(bone_wing_left_1) { transformation: [-0.40558541652281216f,-0.0661151350991115f,0.7057433692634225f,0.1184016196447656f,0.2554858057829173f,0.744818909926248f,0.21660156717847953f,1.1543737059435786f,-0.661189774113238f,0.32835655128464564f,-0.3492198480627691f,-0.8195332348139159f,0f,0f,0f,1f], start_interpolation: 0, interpolation_duration: 1 }
$data merge entity $(bone_wing_left_2) { transformation: [-0.3422800635227575f,-0.21187909167620775f,0.6913404433600874f,0.1184016196447656f,-0.04799191849568346f,0.7698544960513918f,0.21218112703197997f,1.1543737059435786f,-0.7214853663616199f,0.04930826928541174f,-0.34209291238801876f,-0.8195332348139159f,0f,0f,0f,1f], start_interpolation: 0, interpolation_duration: 1 }
$data merge entity $(bone_blade) { transformation: [-0.35305711696694647f,-1.8560254322006065f,0.656140432516957f,-0.6390679737173012f,1.2427425155397682f,-0.7271245438463192f,-1.3881213699839692f,0.9573097453094107f,1.5267421891822064f,0.1626637413833632f,1.2816391048225277f,-1.1609268545979998f,0f,0f,0f,1f], start_interpolation: 0, interpolation_duration: 1 }
$data merge entity $(bone_arm_right_2) { transformation: [-0.4787124119324665f,-0.487183396088927f,0.730401783429545f,-0.41840418980161964f,-0.6888386843775955f,0.7242259186044754f,0.03159249478036247f,1.1546700415449358f,-0.5443672414526278f,-0.48800528418938616f,-0.68228670589166f,-0.9938520918721189f,0f,0f,0f,1f], start_interpolation: 0, interpolation_duration: 1 }
$data merge entity $(bone_arm_right_1) { transformation: [-0.3610054975157406f,-0.37925476908873035f,0.8519629398552886f,-0.2862671525734207f,-0.3325738029411519f,0.9058591109423462f,0.26232410625026825f,1.276400367766471f,-0.8712460595954923f,-0.18864011038534717f,-0.45315031986431564f,-0.6749542529086788f,0f,0f,0f,1f], start_interpolation: 0, interpolation_duration: 1 }
$data merge entity $(bone_arm_left_2) { transformation: [0.8499921323049794f,0.2954661642282574f,0.43613429218060173f,0.08430637089769136f,0.5212566224968815f,-0.35198800356843274f,-0.7774290828410346f,1.047647597750428f,-0.07618995027415115f,0.8881464919370844f,-0.45320072852663523f,-0.07098832405668087f,0f,0f,0f,1f], start_interpolation: 0, interpolation_duration: 1 }
$data merge entity $(bone_arm_left_1) { transformation: [0.464603820770073f,0.7706686505301581f,0.43613429218060173f,0.22397302138478173f,0.6258409421994691f,0.06266686700185609f,-0.7774290828410346f,1.2571225734617635f,-0.6264713918390293f,0.6341472186095248f,-0.45320072852663523f,-0.2959185063743332f,0f,0f,0f,1f], start_interpolation: 0, interpolation_duration: 1 }
$data merge entity $(bone_ear_edge_a1) { transformation: [-0.8801939602907278f,-0.0668498938229847f,0.46988262785889423f,-0.06023355481725559f,0.20875746376081988f,0.8345892731107031f,0.5097853141594978f,1.8174642567442363f,-0.42623809495618104f,0.546801460225193f,-0.7206450232283036f,-0.10079689958612534f,0f,0f,0f,1f], start_interpolation: 0, interpolation_duration: 1 }
$data merge entity $(bone_ear_edge_a2) { transformation: [-0.8588996846632168f,-0.20371953200870718f,0.46988262785889423f,-0.16121888497228037f,0.0756287865013858f,0.856970956403792f,0.5097853141594978f,1.8348115837602064f,-0.5065289906192483f,0.4733910985205818f,-0.7206450232283036f,-0.15437090413946847f,0f,0f,0f,1f], start_interpolation: 0, interpolation_duration: 1 }
$data merge entity $(bone_ear_edge_b1) { transformation: [-0.9094977248268571f,-0.15925940248711654f,0.38399261874965385f,-0.1559393734212667f,0.23963583524336357f,0.5539353753153162f,0.7973269507808546f,1.8558074358695784f,-0.3396889091536341f,0.8171854395996826f,-0.46563870361503235f,-0.20473540838013166f,0f,0f,0f,1f], start_interpolation: 0, interpolation_duration: 1 }
$data merge entity $(bone_ear_edge_b2) { transformation: [-0.8157698758696802f,-0.43251494583349315f,0.38399261874965385f,-0.13512006725693457f,0.05673177788813531f,0.6008753938514673f,0.7973269507808546f,1.8588953509762738f,-0.5755875389558202f,0.6722198916236372f,-0.46563870361503235f,-0.18227907528388376f,0f,0f,0f,1f], start_interpolation: 0, interpolation_duration: 1 }
$data merge entity $(bone_ear_right_2) { transformation: [-0.8733866391785928f,-0.2995754450052698f,0.38399261874965385f,-0.11358169688324618f,0.1500309363543366f,0.5846028153328939f,0.7973269507808546f,1.9404856276355475f,-0.46334274208296755f,0.7539854780131703f,-0.46563870361503235f,-0.09191995904451929f,0f,0f,0f,1f], start_interpolation: 0, interpolation_duration: 1 }
$data merge entity $(bone_ear_right_1) { transformation: [-0.8733866391785928f,-0.12808627772225367f,0.46988262785889423f,-0.08476228439573916f,0.1500309363543366f,0.8471184401274375f,0.5097853141594978f,1.7498839786068745f,-0.46334274208296755f,0.515736612870673f,-0.7206450232283036f,-0.20796069694042052f,0f,0f,0f,1f], start_interpolation: 0, interpolation_duration: 1 }
$data merge entity $(bone_ear_edge_a3) { transformation: [-0.7908506498964517f,-0.32186599394238347f,0.5205358119302085f,-0.38917683149751603f,-0.14003818461104128f,0.9231407509070546f,0.35805091937544753f,1.835897173561886f,-0.5957722353460287f,0.21026991215635385f,-0.7751399922804625f,-0.32780537060614257f,0f,0f,0f,1f], start_interpolation: 0, interpolation_duration: 1 }
$data merge entity $(bone_ear_edge_a4) { transformation: [-0.8314649006318316f,-0.19418699110768703f,0.5205358119302085f,-0.29536143360368844f,0.006096947346547227f,0.9336821548939714f,0.35805091937544753f,1.8446039690553773f,-0.5555438292793395f,0.300880451536973f,-0.7751399922804625f,-0.26078296050879285f,0f,0f,0f,1f], start_interpolation: 0, interpolation_duration: 1 }
$data merge entity $(bone_ear_edge_b3) { transformation: [-0.734290481488024f,-0.550558133203107f,0.3971186608055528f,-0.2522286191944503f,-0.19176745864015027f,0.7294074735784648f,0.6566505762539006f,1.8530693878675435f,-0.6511856345181336f,0.4060178314456042f,-0.6411760990129192f,-0.28452027373188893f,0f,0f,0f,1f], start_interpolation: 0, interpolation_duration: 1 }
$data merge entity $(bone_ear_edge_b4) { transformation: [-0.8684835668237971f,-0.29670366259454783f,0.3971186608055528f,-0.28040997472341034f,0.04301761400676481f,0.7529671344690854f,0.6566505762539006f,1.8603318474059622f,-0.49384793109031067f,0.5873733318873059f,-0.6411760990129192f,-0.29453693520181873f,0f,0f,0f,1f], start_interpolation: 0, interpolation_duration: 1 }
$data merge entity $(bone_ear_left_2) { transformation: [-0.8113764142168873f,-0.4289115103288209f,0.3971186608055528f,-0.3542132580790821f,-0.07530201507884324f,0.7504262970009021f,0.6566505762539006f,1.9592826127929888f,-0.5796532765176194f,0.5028869545702727f,-0.6411760990129192f,-0.28764738322117106f,0f,0f,0f,1f], start_interpolation: 0, interpolation_duration: 1 }
$data merge entity $(bone_ear_left_1) { transformation: [-0.8113764142168873f,-0.26591499196304186f,0.5205358119302085f,-0.29438238488739776f,-0.07530201507884324f,0.930660596382732f,0.35805091937544753f,1.7498839786068745f,-0.5796532765176194f,0.2513166755108639f,-0.7751399922804625f,-0.34419363521111535f,0f,0f,0f,1f], start_interpolation: 0, interpolation_duration: 1 }
$data merge entity $(bone_head) { transformation: [-0.8384804019666344f,-0.27437453829457603f,0.47081761676206335f,-0.06366843428941268f,0f,0.8639937278357547f,0.5035025702620353f,1.2913527377703615f,-0.5449317530827792f,0.42217703750454494f,-0.7244418082123747f,-0.4698040912902106f,0f,0f,0f,1f], start_interpolation: 0, interpolation_duration: 1 }
$data merge entity $(bone_body_1) { transformation: [-0.8384804019666344f,-0.1659671829851312f,0.5190428784694487f,-0.001430740669988495f,0f,0.9524915285870712f,0.30456508002373567f,0.9341684145502097f,-0.5449317530827792f,0.25537185072330204f,-0.7986454797595016f,-0.5655685353114489f,0f,0f,0f,1f], start_interpolation: 0, interpolation_duration: 1 }
$data merge entity $(bone_leg_left_2) { transformation: [-0.898383363261259f,-0.019949598620330328f,0.4387588701442698f,0.019454833113092873f,-0.0835109583224265f,0.9885028348103055f,-0.1260478695260635f,0.43080254485962116f,-0.4311997825317848f,-0.14988048267495446f,-0.8897205114291027f,-0.2766101346187707f,0f,0f,0f,1f], start_interpolation: 0, interpolation_duration: 1 }
$data merge entity $(bone_leg_left_1) { transformation: [-0.898383363261259f,0.25277913761194937f,0.35917967676853274f,0.1096019241194253f,-0.0835109583224265f,0.7045532088904112f,-0.7047202960624125f,0.6507609906256013f,-0.4311997825317848f,-0.6631044287519f,-0.6118490533735896f,-0.5070267336721166f,0f,0f,0f,1f], start_interpolation: 0, interpolation_duration: 1 }
$data merge entity $(bone_leg_right_2) { transformation: [-0.8390229302865228f,0.31089147585240434f,0.44652772892143067f,-0.2929396389532252f,0.04341126227701777f,0.8563120207176107f,-0.514631115928719f,0.5463524942754509f,-0.542361489009805f,-0.4124029745489676f,-0.731961612259981f,-0.35342125739184477f,0f,0f,0f,1f], start_interpolation: 0, interpolation_duration: 1 }
$data merge entity $(bone_leg_right_1) { transformation: [-0.8390229302865228f,0.5202084245220632f,0.1594481655889766f,-0.1000708343268882f,0.04341126227701777f,0.35612056829875083f,-0.9334310918016878f,0.6538844962231221f,-0.542361489009805f,-0.7762482437280278f,-0.32137622710496117f,-0.6431786477361359f,0f,0f,0f,1f], start_interpolation: 0, interpolation_duration: 1 }
$data merge entity $(bone_coat_downer) { transformation: [-0.8384804019666344f,-0.016850545489568134f,0.5446711619266941f,-0.0027855843825388828f,0f,0.9995217912066771f,0.030922304296348114f,0.7116693497772582f,-0.5449317530827792f,0.02592774613613655f,-0.838079433265385f,-0.5778205100982523f,0f,0f,0f,1f], start_interpolation: 0, interpolation_duration: 1 }
$data merge entity $(bone_body_2) { transformation: [-0.8384804019666344f,-0.016850545489568134f,0.5446711619266941f,6.953177131518929e-17f,0f,0.9995217912066771f,0.030922304296348114f,0.935f,-0.5449317530827792f,0.02592774613613655f,-0.838079433265385f,-0.5677700000000001f,0f,0f,0f,1f], start_interpolation: 0, interpolation_duration: 1 }