execute if entity @s[tag=aj.ecual.bone.wing_right_1] run data modify entity @s {} merge value {transformation:[-0.7025623922397514f,-0.1339797549795796f,-0.394208009444778f,0.11815137344259678f,-0.22208286658151244f,0.7746362972088568f,0.13252264660024782f,1.6303859035109212f,0.35217854821913913f,0.22120686414894059f,-0.7028386997541443f,-0.35567313756879315f,0f,0f,0f,1f],start_interpolation:0}
execute if entity @s[tag=aj.ecual.bone.wing_right_2] run data modify entity @s {} merge value {transformation:[-0.6860618909441555f,0.14211706218751918f,-0.3861629480275377f,0.11815137344259678f,0.0894001587863265f,0.7843180935031684f,0.1298181027920795f,1.6303859035109212f,0.4016549432076114f,0.06817528026157374f,-0.6884950528203863f,-0.35567313756879315f,0f,0f,0f,1f],start_interpolation:0}
execute if entity @s[tag=aj.ecual.bone.wing_left_1] run data modify entity @s {} merge value {transformation:[-0.4657020122618848f,0.0720167801353667f,0.666993001161639f,0.019787514014794803f,0.25966955590801005f,0.7680087497650885f,0.0983805187181235f,1.6335505739494125f,-0.6185772400874547f,0.26818014115076544f,-0.46085361491756505f,-0.37810299452387475f,0f,0f,0f,1f],start_interpolation:0}
execute if entity @s[tag=aj.ecual.bone.wing_left_2] run data modify entity @s {} merge value {transformation:[-0.44846908015166675f,-0.10940239870753612f,0.6533808990971157f,0.019787514014794803f,-0.052898778638517205f,0.7924102546610388f,0.09637275302999854f,1.6335505739494125f,-0.6603614187446684f,0.010821435443841926f,-0.4514484391029209f,-0.37810299452387475f,0f,0f,0f,1f],start_interpolation:0}
execute if entity @s[tag=aj.ecual.bone.staff] run data modify entity @s {} merge value {transformation:[0.6258700145519357f,-1.0436152632132247f,0.9800817094881182f,-0.8705646703064369f,0.30386583018804436f,-0.9484387751918233f,-1.203966651098263f,1.5056495844874926f,1.3990563005572332f,0.6728575793591294f,-0.1769474378737444f,-0.24769873477624058f,0f,0f,0f,1f],start_interpolation:0}
execute if entity @s[tag=aj.ecual.bone.arm_right_2] run data modify entity @s {} merge value {transformation:[-0.9005234589617328f,-0.42706574622847404f,0.08168444318175319f,-0.6405640324506281f,-0.4158530560327907f,0.9007954297147616f,0.1250353133846066f,1.6168383753887399f,-0.12697927251242647f,0.07862850757400135f,-0.9887840118796928f,-0.23482312971644503f,0f,0f,0f,1f],start_interpolation:0}
execute if entity @s[tag=aj.ecual.bone.arm_right_1] run data modify entity @s {} merge value {transformation:[-0.8487176738024996f,-0.42706574622847404f,0.31191851271380233f,-0.32582639302143457f,-0.36933654708172237f,0.9007954297147616f,0.22838149836348146f,1.7572098514487768f,-0.3785086857193961f,0.07862850757400135f,-0.9222519897683392f,-0.10172501232174419f,0f,0f,0f,1f],start_interpolation:0}
execute if entity @s[tag=aj.ecual.bone.arm_left_2] run data modify entity @s {} merge value {transformation:[0.7289687429050976f,0.5433492523672468f,0.4163846320642919f,0.317350682722306f,0.6297099005687954f,-0.29371539638965916f,-0.7191638944283167f,1.453130989718195f,-0.26845858710981774f,0.7864495253197239f,-0.5562617469603506f,0.2549972873140592f,0f,0f,0f,1f],start_interpolation:0}
execute if entity @s[tag=aj.ecual.bone.arm_left_1] run data modify entity @s {} merge value {transformation:[-0.015947859138410403f,0.8179598145004721f,0.5750542649622339f,0.28768578813576157f,0.7300399967565951f,0.4025131385686752f,-0.5522904819161971f,1.6932775816551304f,-0.6832183171758001f,0.41100476291881094f,-0.6035626031602024f,0.025626546949808926f,0f,0f,0f,1f],start_interpolation:0}
execute if entity @s[tag=aj.ecual.bone.himo_right_2] run data modify entity @s {} merge value {transformation:[-0.9595402038425025f,0.007392670981783117f,0.2814745914388078f,-0.19204454052989686f,-0.15719096643582486f,0.8153140318695892f,-0.5572737473697518f,1.419135236447635f,-0.23360992547590972f,-0.5789718282026419f,-0.7811645312396297f,0.14933316573663022f,0f,0f,0f,1f],start_interpolation:0}
execute if entity @s[tag=aj.ecual.bone.himo_right_1] run data modify entity @s {} merge value {transformation:[-0.9637338624394599f,-0.047793071230185544f,0.2625506898294241f,-0.19936479957412276f,-0.1027360922422701f,0.9744509995221828f,-0.1997261747518505f,1.6005965102658453f,-0.24629725483307324f,-0.21945630971244667f,-0.9440214989019513f,0.10228497329740929f,0f,0f,0f,1f],start_interpolation:0}
execute if entity @s[tag=aj.ecual.bone.himo_left_2] run data modify entity @s {} merge value {transformation:[-0.9744938537356066f,0.10149502457389978f,0.20015116541821523f,0.10604744150560028f,0.03135248971876925f,0.9447096001113519f,-0.3264058713410105f,1.4056110917255475f,-0.22221329937688417f,-0.31180527808905556f,-0.9237958205879945f,0.14172622144355757f,0f,0f,0f,1f],start_interpolation:0}
execute if entity @s[tag=aj.ecual.bone.himo_left_1] run data modify entity @s {} merge value {transformation:[-0.9744938537356066f,-0.012178313070384516f,0.2240835061361857f,0.10516452971825434f,0.03135248971876925f,0.9813454485659743f,0.18967902352996568f,1.59079885722873f,-0.22221329937688417f,0.19186661843480363f,-0.9559332875836225f,0.17172662935268562f,0f,0f,0f,1f],start_interpolation:0}
execute if entity @s[tag=aj.ecual.bone.ponpon1] run data modify entity @s {} merge value {transformation:[-0.9807581601233323f,-0.06809830228210825f,0.18296462110963146f,0.24484091832311264f,-0.049169743241952266f,0.9931418856189355f,0.10607323592115939f,2.335640668088094f,-0.188933236094174f,0.09503586825804283f,-0.977380384519468f,0.10708236417281616f,0f,0f,0f,1f],start_interpolation:0}
execute if entity @s[tag=aj.ecual.bone.ponpon2] run data modify entity @s {} merge value {transformation:[-0.9807581601233323f,-0.06809830228210825f,0.18296462110963146f,0.30728457034202905f,-0.049169743241952266f,0.9931418856189355f,0.10607323592115939f,2.223286163624909f,-0.188933236094174f,0.09503586825804283f,-0.977380384519468f,0.010658465945392201f,0f,0f,0f,1f],start_interpolation:0}
execute if entity @s[tag=aj.ecual.bone.ponpon3] run data modify entity @s {} merge value {transformation:[-0.9807581601233323f,-0.06809830228210825f,0.18296462110963146f,-0.33135450074934514f,-0.049169743241952266f,0.9931418856189355f,0.10607323592115939f,2.3067534439334474f,-0.188933236094174f,0.09503586825804283f,-0.977380384519468f,-0.003915912032511081f,0f,0f,0f,1f],start_interpolation:0}
execute if entity @s[tag=aj.ecual.bone.ponpon4] run data modify entity @s {} merge value {transformation:[-0.9807581601233323f,-0.06809830228210825f,0.18296462110963146f,-0.3424677107396785f,-0.049169743241952266f,0.9931418856189355f,0.10607323592115939f,2.190711208727116f,-0.188933236094174f,0.09503586825804283f,-0.977380384519468f,-0.11450980296699807f,0f,0f,0f,1f],start_interpolation:0}
execute if entity @s[tag=aj.ecual.bone.ear_edge_a1] run data modify entity @s {} merge value {transformation:[-0.9793363211850038f,0.086164478934373f,0.18296462110963146f,0.1449560475875594f,0.10679723747571152f,0.9886065034627127f,0.10607323592115939f,2.439157706191689f,-0.17174026923054334f,0.12342148873351619f,-0.977380384519468f,0.07723726927822783f,0f,0f,0f,1f],start_interpolation:0}
execute if entity @s[tag=aj.ecual.bone.ear_edge_a2] run data modify entity @s {} merge value {transformation:[-0.9807581601233323f,-0.06809830228210825f,0.18296462110963146f,0.031301154520083675f,-0.049169743241952266f,0.9931418856189355f,0.10607323592115939f,2.4435023596395586f,-0.188933236094174f,0.09503586825804283f,-0.977380384519468f,0.056432705037692044f,0f,0f,0f,1f],start_interpolation:0}
execute if entity @s[tag=aj.ecual.bone.ear_edge_b1] run data modify entity @s {} merge value {transformation:[-0.9680999216531856f,0.1711913815508984f,0.18296462110963146f,0.009688630339395876f,0.1925535758386069f,0.9755365646929797f,0.10607323592115939f,2.438114020437673f,-0.1603298541347249f,0.13791998343138973f,-0.977380384519468f,0.0518020761187862f,0f,0f,0f,1f],start_interpolation:0}
execute if entity @s[tag=aj.ecual.bone.ear_edge_b2] run data modify entity @s {} merge value {transformation:[-0.9736187851028433f,-0.1363466490863376f,0.18296462110963146f,0.03755490936732881f,-0.11832804408704586f,0.9872927339972417f,0.10607323592115939f,2.449477814172237f,-0.1951023712756922f,0.0816250493364564f,-0.977380384519468f,0.058251906356525426f,0f,0f,0f,1f],start_interpolation:0}
execute if entity @s[tag=aj.ecual.bone.ear_right_2] run data modify entity @s {} merge value {transformation:[-0.9829612373403305f,0.017639538218890444f,0.18296462110963146f,0.09281406320336819f,0.03757538117076282f,0.9936481063993863f,0.10607323592115939f,2.5596528069067475f,-0.17993136640463386f,0.11114084460871428f,-0.977380384519468f,0.04858022477959463f,0f,0f,0f,1f],start_interpolation:0}
execute if entity @s[tag=aj.ecual.bone.ear_right_1] run data modify entity @s {} merge value {transformation:[-0.9829612373403305f,0.017639538218890444f,0.18296462110963146f,0.08884516710411784f,0.03757538117076282f,0.9936481063993863f,0.10607323592115939f,2.3360819829668857f,-0.17993136640463386f,0.11114084460871428f,-0.977380384519468f,0.02357353474263396f,0f,0f,0f,1f],start_interpolation:0}
execute if entity @s[tag=aj.ecual.bone.ear_edge_a3] run data modify entity @s {} merge value {transformation:[-0.9580304782097048f,-0.22068427729109613f,0.18296462110963146f,-0.23800701276475608f,-0.20392600169597713f,0.9732228185022721f,0.10607323592115939f,2.4199580746063574f,-0.20147403965170488f,0.06431014930009268f,-0.977380384519468f,0.003463271529595576f,0f,0f,0f,1f],start_interpolation:0}
execute if entity @s[tag=aj.ecual.bone.ear_edge_a4] run data modify entity @s {} merge value {transformation:[-0.9807581601233323f,-0.06809830228210827f,0.18296462110963146f,-0.12572462501143233f,-0.049169743241952266f,0.9931418856189356f,0.10607323592115939f,2.43562996298169f,-0.188933236094174f,0.09503586825804283f,-0.977380384519468f,0.026183261409949102f,0f,0f,0f,1f],start_interpolation:0}
execute if entity @s[tag=aj.ecual.bone.ear_edge_b3] run data modify entity @s {} merge value {transformation:[-0.9351509809027719f,-0.3033423648928596f,0.18296462110963146f,-0.10352377440225571f,-0.2879719592981156f,0.9517460897104957f,0.10607323592115939f,2.432438181990148f,-0.2063123689326169f,0.046505810196025454f,-0.977380384519468f,0.029992840301514122f,0f,0f,0f,1f],start_interpolation:0}
execute if entity @s[tag=aj.ecual.bone.ear_edge_b4] run data modify entity @s {} merge value {transformation:[-0.983119379973166f,0.00048181260562210615f,0.18296462110963146f,-0.13275217997826783f,0.020228107649690824f,0.994152549804167f,0.10607323592115939f,2.4409395667266542f,-0.18184363717790752f,0.10798368198244815f,-0.977380384519468f,0.025443951421134512f,0f,0f,0f,1f],start_interpolation:0}
execute if entity @s[tag=aj.ecual.bone.ear_left_2] run data modify entity @s {} merge value {transformation:[-0.9710909211098271f,-0.15331787358386095f,0.18296462110963146f,-0.1908408944830839f,-0.1355406562190934f,0.9850772554134584f,0.10607323592115939f,2.545431929624425f,-0.19649720977603047f,0.07820761156570148f,-0.977380384519468f,-0.006063061678626736f,0f,0f,0f,1f],start_interpolation:0}
execute if entity @s[tag=aj.ecual.bone.ear_left_1] run data modify entity @s {} merge value {transformation:[-0.9710909211098271f,-0.15331787358386095f,0.18296462110963146f,-0.1563443729267152f,-0.1355406562190934f,0.9850772554134584f,0.10607323592115939f,2.3237895471563976f,-0.19649720977603047f,0.07820761156570148f,-0.977380384519468f,-0.02365977428090954f,0f,0f,0f,1f],start_interpolation:0}
execute if entity @s[tag=aj.ecual.bone.head] run data modify entity @s {} merge value {transformation:[-0.9807581601233323f,-0.06809830228210825f,0.18296462110963146f,-0.004566867401394182f,-0.049169743241952266f,0.9931418856189355f,0.10607323592115939f,1.8176357600594009f,-0.188933236094174f,0.09503586825804283f,-0.977380384519468f,-0.018205865235151386f,0f,0f,0f,1f],start_interpolation:0}
execute if entity @s[tag=aj.ecual.bone.body_1] run data modify entity @s {} merge value {transformation:[-0.9744938537356066f,-0.012178313070384516f,0.2240835061361857f,1.1040906963446451e-17f,0.03135248971876925f,0.9813454485659743f,0.18967902352996568f,1.4496312168471606f,-0.22221329937688417f,0.19186661843480363f,-0.9559332875836225f,-0.09015584714820274f,0f,0f,0f,1f],start_interpolation:0}
execute if entity @s[tag=aj.ecual.bone.leg_left_2] run data modify entity @s {} merge value {transformation:[-0.9943128110346541f,-0.10637355560674634f,-0.005167250714136658f,0.15243247111140718f,-0.10645406281774981f,0.9941319385467551f,0.019215131299714194f,0.8781664281853296f,0.0030929471316006947f,0.01965592604913652f,-0.9998020195264621f,0.12026759457467591f,0f,0f,0f,1f],start_interpolation:0}
execute if entity @s[tag=aj.ecual.bone.leg_left_1] run data modify entity @s {} merge value {transformation:[-0.9943128110346541f,-0.08694606464559622f,0.06150134677393744f,0.125f,-0.10645406281774981f,0.7946460305106582f,-0.5976664778145488f,1.1280171926757316f,0.0030929471316006947f,-0.6008145038498137f,-0.7993824902021205f,-0.09920867107193969f,0f,0f,0f,1f],start_interpolation:0}
execute if entity @s[tag=aj.ecual.bone.leg_right_2] run data modify entity @s {} merge value {transformation:[-0.9920695711898377f,0.12490995607372173f,-0.01398101544496403f,-0.15605573462240604f,0.1256369423659721f,0.9822666794006146f,-0.13916727076514723f,0.9228589592681636f,-0.0036502920624007554f,-0.13982014666331632f,-0.9901701883792038f,0.14710000897074507f,0f,0f,0f,1f],start_interpolation:0}
execute if entity @s[tag=aj.ecual.bone.leg_right_1] run data modify entity @s {} merge value {transformation:[-0.9920695711898377f,0.09100678917702111f,-0.08669331140809333f,-0.12499999999999999f,0.1256369423659721f,0.6979812352374508f,-0.7050089034681277f,1.1599601262294479f,-0.0036502920624007554f,-0.7103097631175371f,-0.7038797594673167f,-0.13254437672940353f,0f,0f,0f,1f],start_interpolation:0}
execute if entity @s[tag=aj.ecual.bone.skirt_forward_right] run data modify entity @s {} merge value {transformation:[-0.9872228106719884f,0.15927832485648744f,0.004640831801597357f,1.2268576687251586e-17f,0.14865317453053564f,0.931074533920132f,-0.3331702957759032f,1.3432417077960692f,-0.057387766909800304f,-0.32822344144853516f,-0.9428552469455671f,-0.1001805312012692f,0f,0f,0f,1f],start_interpolation:0}
execute if entity @s[tag=aj.ecual.bone.skirt_forward_left] run data modify entity @s {} merge value {transformation:[-0.9927675498973267f,-0.09864227944182287f,-0.06842727948252995f,1.4338545512899385e-17f,-0.05768263571234329f,0.8918092072064944f,-0.44871934600482843f,1.3231620654490455f,0.10528677698617253f,-0.4415269398895668f,-0.8910491882851467f,-0.11708310937392268f,0f,0f,0f,1f],start_interpolation:0}
execute if entity @s[tag=aj.ecual.bone.skirt_forward] run data modify entity @s {} merge value {transformation:[-1f,4.410514259708155e-17f,1.142468127481449e-16f,1.2268576687251586e-17f,0f,0.9328960221648229f,-0.36014582022987585f,1.3432417077960692f,-1.2246467991473532e-16f,-0.36014582022987585f,-0.9328960221648229f,-0.1001805312012692f,0f,0f,0f,1f],start_interpolation:0}
execute if entity @s[tag=aj.ecual.bone.skirt_back_right] run data modify entity @s {} merge value {transformation:[-0.9943185183890493f,0.1064005312395669f,-0.0031001516969010974f,-0.0036117553710937425f,0.10572443183762345f,0.9905469340001489f,0.08740203690713569f,1.3601695539543974f,0.01237046891664021f,0.08657770206492285f,-0.996168295522368f,-0.09310480918099251f,0f,0f,0f,1f],start_interpolation:0}
execute if entity @s[tag=aj.ecual.bone.skirt_back_left] run data modify entity @s {} merge value {transformation:[-0.9976966852027861f,-0.06780428739222477f,0.001975587660769391f,1.1356403743092762e-17f,-0.06737343956072409f,0.9939007877467969f,0.08730431694970034f,1.3633551429813608f,-0.007883145129340909f,0.08697012548874966f,-0.9961797294139952f,-0.09273207385998586f,0f,0f,0f,1f],start_interpolation:0}
execute if entity @s[tag=aj.ecual.bone.skirt_back] run data modify entity @s {} merge value {transformation:[-1f,-1.4232098814975592e-17f,1.2163488475737271e-16f,1.1305000883755837e-17f,0f,0.9932242083354945f,0.11621390612284727f,1.366942425850517f,-1.2246467991473532e-16f,0.11621390612284727f,-0.9932242083354945f,-0.09231233766035088f,0f,0f,0f,1f],start_interpolation:0}
execute if entity @s[tag=aj.ecual.bone.skirt_right] run data modify entity @s {} merge value {transformation:[-0.9887290518877537f,0.1496878192429272f,-0.002901503651604624f,-0.18693092346191406f,0.1493718713679015f,0.9849584309771828f,-0.08686157545783448f,1.3890318492401998f,-0.010144259322129152f,-0.08631596617812226f,-0.9962161652902157f,-0.08889246828066298f,0f,0f,0f,1f],start_interpolation:0}
execute if entity @s[tag=aj.ecual.bone.skirt_left] run data modify entity @s {} merge value {transformation:[-0.9948257678781438f,-0.10129062185826457f,0.007867749946936217f,0.19375f,-0.1013622462835419f,0.9843116184427644f,-0.14441721790333803f,1.3856235778984471f,0.006883792124697849f,-0.14446746250333214f,-0.9894856066077121f,-0.11088018111485283f,0f,0f,0f,1f],start_interpolation:0}
execute if entity @s[tag=aj.ecual.bone.coat_downer] run data modify entity @s {} merge value {transformation:[-1f,1.421208731939416e-17f,1.2163722456815796e-16f,-0.007812499999999989f,0f,0.9932433143404821f,-0.11605049986076939f,1.231062265487983f,-1.2246467991473532e-16f,-0.11605049986076939f,-0.9932433143404821f,-0.08836443617955662f,0f,0f,0f,1f],start_interpolation:0}
execute if entity @s[tag=aj.ecual.bone.body_2] run data modify entity @s {} merge value {transformation:[-1f,3.556623383395886e-18f,1.2241302323171035e-16f,1.1616205429802976e-17f,0f,0.9995781911726636f,-0.029042033881704878f,1.454405517578125f,-1.2246467991473532e-16f,-0.029042033881704878f,-0.9995781911726636f,-0.09485351562500005f,0f,0f,0f,1f],start_interpolation:0}
execute if entity @s[tag=aj.ecual.bone.book_left] run data modify entity @s {} merge value {transformation:[0.44882428625173476f,-0.23128588314645182f,-0.8631706669759965f,-0.10245595104012045f,0f,0.9659258262890683f,-0.25881904510252074f,1.4735572814941404f,0.8936200311489334f,0.11616427318649436f,0.4335309695563082f,0.25234045813462025f,0f,0f,0f,1f],start_interpolation:0}
execute if entity @s[tag=aj.ecual.bone.book_right] run data modify entity @s {} merge value {transformation:[0.44882428625173476f,-0.23128588314645182f,-0.8631706669759965f,-0.06037867420402032f,0f,0.9659258262890683f,-0.25881904510252074f,1.4735572814941404f,0.8936200311489334f,0.11616427318649436f,0.4335309695563082f,0.33611733605483274f,0f,0f,0f,1f],start_interpolation:0}
execute if entity @s[tag=aj.ecual.bone.book_loot_1] run data modify entity @s {} merge value {transformation:[0.44882428625173476f,-0.23128588314645182f,-0.8631706669759965f,0.048058287424329105f,0f,0.9659258262890683f,-0.25881904510252074f,1.5123801382595186f,0.8936200311489334f,0.11616427318649436f,0.4335309695563082f,0.22919925166128025f,0f,0f,0f,1f],start_interpolation:0}
execute if entity @s[tag=aj.ecual.bone.book_left2] run data modify entity @s {} merge value {transformation:[-0.00726331880617417f,-0.9940258453635327f,-0.10890299788910413f,0.9005999482256337f,-0.27636915111308497f,0.10665939831704115f,-0.9551145821647159f,2.4045703288064777f,0.9610241081850928f,0.02316012737359369f,-0.27549278028123764f,-0.2821955138314885f,0f,0f,0f,1f],start_interpolation:0}
execute if entity @s[tag=aj.ecual.bone.book_right2] run data modify entity @s {} merge value {transformation:[0.057419200203550805f,-0.9940258453635327f,-0.09282054835702541f,0.8981309846967304f,0.33057165734994615f,0.10665939831704115f,-0.9377345851079381f,2.401902166921061f,0.9420325975277579f,0.02316012737359369f,0.3347210684960607f,-0.3758750080190969f,0f,0f,0f,1f],start_interpolation:0}
execute if entity @s[tag=aj.ecual.bone.book_loot_2] run data modify entity @s {} merge value {transformation:[0.026335610974968716f,-0.9940258453635327f,-0.1059200374994715f,0.9152534720861027f,0.028460393444445675f,0.10665939831704115f,-0.9938882124040078f,2.5523194797243707f,0.9992479380011563f,0.02316012737359369f,0.031099307073895608f,-0.33370015698637706f,0f,0f,0f,1f],start_interpolation:0}
execute if entity @s[tag=aj.ecual.bone.air_staff_povit_1] run data modify entity @s {} merge value {transformation:[-0.000015625f,0f,1.9135106236677393e-21f,-0.007217500000000073f,0f,0.000015625f,0f,1.620528017578125f,-1.9135106236677393e-21f,0f,-0.000015625f,0.5926464843749999f,0f,0f,0f,1f],start_interpolation:0}