# This file was generated by Animated Java via MC-Build. It is not recommended to edit this file directly.
$data merge entity $(bone_wing_right_1) { transformation: [0.7116955062720935f,-0.03535694388217671f,0.39897849229734794f,0.04087413670420418f,-0.21435537891897533f,0.6535643231758743f,0.4402838759761799f,1.412914197896166f,-0.3383573884593845f,-0.4884137656080325f,0.560277356033573f,0.22206107320271973f,0f,0f,0f,1f], start_interpolation: 0, interpolation_duration: 1 }
$data merge entity $(bone_wing_right_2) { transformation: [0.6308477338601869f,-0.2987947453948489f,0.390836074087198f,0.04087413670420418f,0.051007044438237795f,0.6718481177264477f,0.43129849075217624f,1.412914197896166f,-0.4893152543106969f,-0.31518535313662144f,0.5488431242777858f,0.22206107320271973f,0f,0f,0f,1f], start_interpolation: 0, interpolation_duration: 1 }
$data merge entity $(bone_wing_left_1) { transformation: [0.7586330064997987f,-0.2946155311888121f,0.06798598882015454f,0.09212695017578182f,0.21435537891897533f,0.6535643231758743f,0.4402838759761799f,1.412914197896166f,-0.21324206297544263f,-0.3911518997760839f,0.6844504790881382f,0.20283338119386615f,0f,0f,0f,1f], start_interpolation: 0, interpolation_duration: 1 }
$data merge entity $(bone_wing_left_2) { transformation: [0.797025296420635f,0.0177570843502102f,0.06659851966055955f,0.09212695017578182f,-0.051007044438237795f,0.6718481177264477f,0.43129849075217624f,1.412914197896166f,-0.046356857996137424f,-0.43394100136171604f,0.6704821019638905f,0.20283338119386615f,0f,0f,0f,1f], start_interpolation: 0, interpolation_duration: 1 }
$data merge entity $(bone_blade) { transformation: [1.730971451912004f,-0.9745720754199031f,0.23226515553864158f,0.1702745650558694f,-0.3763510977819619f,-0.20281706192197457f,1.953772016022251f,0.8556214523032278f,-0.9284921560594676f,-1.734668414771272f,-0.35892590729976676f,-0.6008955453656735f,0f,0f,0f,1f], start_interpolation: 0, interpolation_duration: 1 }
$data merge entity $(bone_arm_right_2) { transformation: [-0.06348574255982731f,0.9889755824143561f,-0.13377913843276049f,0.29192910892707047f,-0.8556378474024856f,-0.12293531505163832f,-0.5027631474219201f,1.0988662439957226f,-0.5136666570686362f,0.08254820229016986f,0.8540095782335188f,-0.38753317957907074f,0f,0f,0f,1f], start_interpolation: 0, interpolation_duration: 1 }
$data merge entity $(bone_arm_right_1) { transformation: [0.19760896400080433f,0.9711095918930656f,-0.13377913843276049f,0.22258413383214534f,-0.8579831198723582f,0.1053289305390473f,-0.5027631474219201f,1.3999498430128838f,-0.474147301332216f,0.21413074726620526f,0.8540095782335188f,-0.22114531874258242f,0f,0f,0f,1f], start_interpolation: 0, interpolation_duration: 1 }
$data merge entity $(bone_arm_left_2) { transformation: [-0.1064753916306106f,-0.7918353653789381f,0.6013815304050428f,-0.6143921391900612f,0.9066703428362897f,-0.32560629337105834f,-0.26819662775338104f,1.138698253941354f,0.40818118574749795f,0.5166984573737023f,0.7526026998020952f,0.10813945402281643f,0f,0f,0f,1f], start_interpolation: 0, interpolation_duration: 1 }
$data merge entity $(bone_arm_left_1) { transformation: [0.6126451499657766f,-0.512841276723217f,0.6013815304050428f,-0.37136587324710535f,0.759435648996392f,0.5927293344311073f,-0.26819662775338104f,1.3849222051862156f,-0.21891417326623647f,0.6210199360678829f,0.7526026998020952f,0.0016887671378502528f,0f,0f,0f,1f], start_interpolation: 0, interpolation_duration: 1 }
$data merge entity $(bone_ear_edge_a1) { transformation: [0.7411605635286052f,-0.6613251724017928f,0.11545577256117931f,-0.46340145355632234f,0.1938701918162014f,0.37550154652806395f,0.9063183421293987f,1.8192457385242589f,-0.6427249550119467f,-0.6493439804162128f,0.4065181758570206f,-0.4915954483686036f,0f,0f,0f,1f], start_interpolation: 0, interpolation_duration: 1 }
$data merge entity $(bone_ear_edge_a2) { transformation: [0.8354896966684382f,-0.5372401058588067f,0.11545577256117931f,-0.3725795370255639f,0.132741944492908f,0.40120647912522583f,0.9063183421293987f,1.8385787322431888f,-0.5332321660713298f,-0.7418938129980311f,0.4065181758570206f,-0.5604921497159377f,0f,0f,0f,1f], start_interpolation: 0, interpolation_duration: 1 }
$data merge entity $(bone_ear_edge_b1) { transformation: [0.6804026570167613f,-0.7252946107294018f,-0.1048806558494765f,-0.34447825140616056f,0.17233873689228438f,0.019258486670901017f,0.9848494658868019f,1.8790535630823917f,-0.7122861672747148f,-0.6881691931044513f,0.13809988258888906f,-0.5488019617015492f,0f,0f,0f,1f], start_interpolation: 0, interpolation_duration: 1 }
$data merge entity $(bone_ear_edge_b2) { transformation: [0.8712297413042746f,-0.47954018173190666f,-0.1048806558494765f,-0.37419415150131363f,0.15795267906423124f,0.07157150773117235f,0.9848494658868019f,1.8749257067492704f,-0.4647684251789469f,-0.8745963259616498f,0.13809988258888906f,-0.5419323395410524f,0f,0f,0f,1f], start_interpolation: 0, interpolation_duration: 1 }
$data merge entity $(bone_ear_right_2) { transformation: [0.785486845671424f,-0.6099266048515506f,-0.1048806558494765f,-0.4822294134894577f,0.16720427000155558f,0.04598110085380941f,0.9848494658868019f,1.9026324786359181f,-0.5958633630039716f,-0.7911227939192069f,0.13809988258888906f,-0.595283642149558f,0f,0f,0f,1f], start_interpolation: 0, interpolation_duration: 1 }
$data merge entity $(bone_ear_right_1) { transformation: [0.785486845671424f,-0.6080134701299447f,0.11545577256117931f,-0.34542638271022036f,0.16720427000155558f,0.3881105445785587f,0.9063183421293987f,1.8153076061057425f,-0.5958633630039716f,-0.6925964375648183f,0.4065181758570206f,-0.4394494436974742f,0f,0f,0f,1f], start_interpolation: 0, interpolation_duration: 1 }
$data merge entity $(bone_ear_edge_a3) { transformation: [0.9333186332943065f,-0.24697254219554107f,0.26061636968371493f,-0.1093397145779202f,-0.11063236135551224f,0.4927234338202463f,0.8631246134743746f,1.8349953974565127f,-0.3415798726016367f,-0.8344028889965905f,0.4325448063121235f,-0.6794333177665397f,0f,0f,0f,1f], start_interpolation: 0, interpolation_duration: 1 }
$data merge entity $(bone_ear_edge_a4) { transformation: [0.8831929146469901f,-0.38993510148515087f,0.26061636968371493f,-0.21499982628793085f,-0.032191366620891705f,0.5039639049870444f,0.8631246134743746f,1.8437819975713283f,-0.46790382711881395f,-0.7706951401818842f,0.4325448063121235f,-0.6333043997557042f,0f,0f,0f,1f], start_interpolation: 0, interpolation_duration: 1 }
$data merge entity $(bone_ear_edge_b3) { transformation: [0.9597001023265034f,-0.21777438347897146f,0.17762328533965427f,-0.22389884870449211f,-0.11821183541637373f,0.26058346120469167f,0.9581869450759988f,1.8665769431231598f,-0.2549542617058803f,-0.9405692838100427f,0.22433846480501862f,-0.6031988789449385f,0f,0f,0f,1f], start_interpolation: 0, interpolation_duration: 1 }
$data merge entity $(bone_ear_edge_b4) { transformation: [0.8454330505722177f,-0.503679387612101f,0.17762328533965427f,-0.20276303284506783f,-0.03190141841065791f,0.28435906489738116f,0.9581869450759988f,1.8678880076593827f,-0.5331278050369737f,-0.815749346739172f,0.22433846480501862f,-0.6255332475892132f,0f,0f,0f,1f], start_interpolation: 0, interpolation_duration: 1 }
$data merge entity $(bone_ear_left_2) { transformation: [0.913817182356849f,-0.3652233915489759f,0.17762328533965427f,-0.192895593858463f,-0.07599221720921599f,0.2758676516185836f,0.9581869450759988f,1.9243235010677189f,-0.3989528044180365f,-0.8891056816014118f,0.22433846480501862f,-0.7350928809532095f,0f,0f,0f,1f], start_interpolation: 0, interpolation_duration: 1 }
$data merge entity $(bone_ear_left_1) { transformation: [0.913817182356849f,-0.3114759462338465f,0.26061636968371493f,-0.12281350595584764f,-0.07599221720921599f,0.4992405077097998f,0.8631246134743746f,1.8119943868330142f,-0.3989528044180365f,-0.8085429180812798f,0.4325448063121235f,-0.5531707243849218f,0f,0f,0f,1f], start_interpolation: 0, interpolation_duration: 1 }
$data merge entity $(bone_head) { transformation: [0.8904515070174909f,-0.306969011045903f,0.3359555624004147f,-0.08729693749702161f,-0.013252877090913724f,0.720431830849991f,0.6933991190843433f,1.4227609606873721f,-0.45488512274979026f,-0.6218906683297557f,0.6374413869096339f,-0.19751115986312412f,0f,0f,0f,1f], start_interpolation: 0, interpolation_duration: 1 }
$data merge entity $(bone_body_1) { transformation: [0.9362818008657239f,-0.19396459613372768f,0.29283805219662995f,-0.014560213946873742f,-3.469446951953614e-18f,0.833703224667137f,0.5522127607902749f,1.1101222514371958f,-0.35124975354815013f,-0.5170267581337519f,0.7805811565789083f,-0.003626125562967146f,0f,0f,0f,1f], start_interpolation: 0, interpolation_duration: 1 }
$data merge entity $(bone_leg_left_2) { transformation: [0.8385854780679155f,0.061330681665824865f,0.5413066999954926f,-0.24146191481403767f,-0.380462352578649f,0.777100707925282f,0.5013610355944559f,0.4691239433371079f,-0.3899010056975036f,-0.6263809042654722f,0.67499938409427f,0.1510186589614097f,0f,0f,0f,1f], start_interpolation: 0, interpolation_duration: 1 }
$data merge entity $(bone_leg_left_1) { transformation: [0.8385854780679155f,0.3612474002721786f,0.40776796314840297f,-0.10103813641005852f,-0.380462352578649f,0.9240864418603976f,-0.03623046011451719f,0.8086474800413895f,-0.3899010056975036f,-0.1247580208498924f,0.9123665063940545f,0.12173280942915884f,0f,0f,0f,1f], start_interpolation: 0, interpolation_duration: 1 }
$data merge entity $(bone_leg_right_2) { transformation: [0.8986353714962689f,-0.027897261096714934f,0.4378084191961863f,-0.004319046511571639f,0.0128530784718253f,0.9992218715342958f,0.037288735850064536f,0.7901841864854349f,-0.43850800160266057f,-0.027881791025694713f,0.8982946834194442f,-0.2451652091489096f,0f,0f,0f,1f], start_interpolation: 0, interpolation_duration: 1 }
$data merge entity $(bone_leg_right_1) { transformation: [0.8986353714962689f,0.40900279912980064f,0.15865427633615753f,0.13953564944595745f,0.0128530784718253f,0.33694771120922073f,-0.9414356262032281f,0.8454183046197159f,-0.43850800160266057f,0.8480465495565999f,0.2975361865649042f,0.05125548585076474f,0f,0f,0f,1f], start_interpolation: 0, interpolation_duration: 1 }
$data merge entity $(bone_coat_downer) { transformation: [0.9362818008657239f,-0.05423544661964275f,0.3470373260869846f,0.019883842689243942f,-3.469446951953614e-18f,0.9880073155394027f,0.1544070738037059f,0.8687984168579173f,-0.35124975354815013f,-0.14456853312734055f,0.9250532686617415f,0.06594500759666196f,0f,0f,0f,1f], start_interpolation: 0, interpolation_duration: 1 }
$data merge entity $(bone_body_2) { transformation: [0.9362818008657239f,-0.05625349871879376f,0.346715925866596f,-4.308942441444389e-18f,-3.469446951953614e-18f,0.9870922964763513f,0.16015242188940748f,1.089351851851852f,-0.35124975354815013f,-0.14994779797962166f,0.9241965529655614f,0.035185185185185174f,0f,0f,0f,1f], start_interpolation: 0, interpolation_duration: 1 }