# This file was generated by Animated Java via MC-Build. It is not recommended to edit this file directly.
$data merge entity $(bone_wing_right_1) { transformation: [0.6310177169009281f,0.4081814157887971f,-0.3196075987930159f,-0.15452327485437461f,-0.21293178340535535f,0.6631127186389321f,0.4264809754719944f,1.4471374798654275f,0.4726744556429924f,-0.24619890054259397f,0.6187967394861279f,0.18176298967498056f,0f,0f,0f,1f], start_interpolation: 0, interpolation_duration: 1 }
$data merge entity $(bone_wing_right_2) { transformation: [0.7241031365078867f,0.13286246185657405f,-0.31308499473601564f,-0.15452327485437461f,0.05587487481243261f,0.6799559845534102f,0.4177772820950149f,1.4471374798654275f,0.33548866756439855f,-0.4000092815165831f,0.606168234598656f,0.18176298967498056f,0f,0f,0f,1f], start_interpolation: 0, interpolation_duration: 1 }
$data merge entity $(bone_wing_left_1) { transformation: [0.535670271358907f,0.2024628453901073f,-0.5822461687836687f,-0.11385478388626927f,0.21293178340535535f,0.6631127186389321f,0.4264809754719944f,1.4471374798654275f,0.5784996633037344f,-0.4315492591353511f,0.38216203492974f,0.21840489015949144f,0f,0f,0f,1f], start_interpolation: 0, interpolation_duration: 1 }
$data merge entity $(bone_wing_left_2) { transformation: [0.40889693709352404f,0.3840425309480649f,-0.5703635939105327f,-0.11385478388626927f,-0.05587487481243261f,0.6799559845534102f,0.4177772820950149f,1.4471374798654275f,0.6853329797990386f,-0.17369857078573572f,0.37436280972709224f,0.21840489015949144f,0f,0f,0f,1f], start_interpolation: 0, interpolation_duration: 1 }
$data merge entity $(bone_blade) { transformation: [0.9463943319663849f,1.7470764458873687f,0.22817024487750354f,0.813700316473568f,-0.4469824855407956f,-0.012459105344273424f,1.9493720600013216f,0.9880926126128367f,1.7042724037083024f,-0.9734313858303418f,0.3845606727666612f,0.0694641392322862f,0f,0f,0f,1f], start_interpolation: 0, interpolation_duration: 1 }
$data merge entity $(bone_arm_right_2) { transformation: [0.6827017682055443f,0.2450499722818671f,-0.6883812946134426f,0.5723676601440787f,-0.7280850203151783f,0.14854799893068754f,-0.6691977997620251f,1.206502707340127f,-0.061729238466627506f,0.9580626300500112f,0.2798311955804528f,0.18566407561154435f,0f,0f,0f,1f], start_interpolation: 0, interpolation_duration: 1 }
$data merge entity $(bone_arm_right_1) { transformation: [0.7186754620231655f,0.09816706938739828f,-0.6883812946134426f,0.3236246605987408f,-0.681460414103986f,0.29628703785837346f,-0.6691977997620251f,1.4423650908956265f,0.13826526785499638f,0.9500406400175735f,0.2798311955804528f,0.13780865369081818f,0f,0f,0f,1f], start_interpolation: 0, interpolation_duration: 1 }
$data merge entity $(bone_arm_left_2) { transformation: [-0.3166608876196387f,-0.8403165553741518f,-0.4399931465557869f,-0.35734178024117824f,0.9371869590324577f,-0.20562476616195158f,-0.28177838696453833f,1.1850423208346386f,0.14630955563953074f,-0.5015840331439614f,0.8526470381251554f,-0.46816760591433415f,0f,0f,0f,1f], start_interpolation: 0, interpolation_duration: 1 }
$data merge entity $(bone_arm_left_1) { transformation: [0.4863079134573699f,-0.7549242639448521f,-0.4399931465557869f,-0.15160280366994466f,0.7234459915169029f,0.630259341856817f,-0.28177838696453833f,1.4257280743932756f,0.49003113234453227f,-0.1812802187485853f,0.8526470381251554f,-0.28245912867383843f,0f,0f,0f,1f], start_interpolation: 0, interpolation_duration: 1 }
$data merge entity $(bone_ear_edge_a1) { transformation: [0.9179495197387854f,0.20031062142845402f,-0.3424095999738906f,0.20082834940488312f,0.21481337133887102f,0.4746537195848507f,0.8535567128072359f,1.9060551119615865f,0.33350246581601406f,-0.8570761351404041f,0.3926787540311112f,-0.5618189938298713f,0f,0f,0f,1f], start_interpolation: 0, interpolation_duration: 1 }
$data merge entity $(bone_ear_edge_a2) { transformation: [0.8753125529958682f,0.3414434073365244f,-0.3424095999738906f,0.3050920922014224f,0.13791646157272475f,0.5024141594829558f,0.8535567128072359f,1.9270040410250082f,0.46347274374564335f,-0.7943528258509938f,0.3926787540311112f,-0.5164388777639904f,0f,0f,0f,1f], start_interpolation: 0, interpolation_duration: 1 }
$data merge entity $(bone_ear_edge_b1) { transformation: [0.9476358421281929f,0.21880340851313088f,-0.2326185270717423f,0.30748953878658275f,0.20554611837116124f,0.13958290795553732f,0.9686420417415426f,1.9631306250121199f,0.24441175081517583f,-0.9657337522473324f,0.08729957522089393f,-0.4828885696639334f,0f,0f,0f,1f], start_interpolation: 0, interpolation_duration: 1 }
$data merge entity $(bone_ear_edge_b2) { transformation: [0.8336412710731417f,0.5009299871504299f,-0.2326185270717423f,0.2866824938546627f,0.15235248459353282f,0.19626847787903381f,0.9686420417415426f,1.9601601759117921f,0.530877529757791f,-0.8429399934541706f,0.08729957522089393f,-0.5053720955961224f,0f,0f,0f,1f], start_interpolation: 0, interpolation_duration: 1 }
$data merge entity $(bone_ear_right_2) { transformation: [0.9017404782403399f,0.36435248148716676f,-0.2326185270717423f,0.27558616313156314f,0.18117992703499974f,0.1700189078025371f,0.9686420417415426f,2.00025015504136f,0.3924766794886996f,-0.9156095457255653f,0.08729957522089393f,-0.6217993670969371f,0f,0f,0f,1f], start_interpolation: 0, interpolation_duration: 1 }
$data merge entity $(bone_ear_right_1) { transformation: [0.9017404782403399f,0.263855596394322f,-0.3424095999738906f,0.2162186539428408f,0.18117992703499974f,0.48848211027764155f,0.8535567128072359f,1.8903416802288908f,0.3924766794886996f,-0.8317243847514022f,0.3926787540311112f,-0.43466138052787184f,0f,0f,0f,1f], start_interpolation: 0, interpolation_duration: 1 }
$data merge entity $(bone_ear_edge_a3) { transformation: [0.7719912066932021f,0.566113072775552f,-0.28904249794968934f,0.5411409668715612f,-0.1254333226854947f,0.581469539079402f,0.8038405667063988f,1.9204461631990426f,0.6231340612969655f,-0.5843022881654751f,0.5198988148631802f,-0.34948612768595805f,0f,0f,0f,1f], start_interpolation: 0, interpolation_duration: 1 }
$data merge entity $(bone_ear_edge_a4) { transformation: [0.8510463095847717f,0.4383772500040861f,-0.28904249794968934f,0.4475308828571512f,-0.03292715405549485f,0.5939327788924781f,0.8038405667063988f,1.9302241657767172f,0.5240572310997598f,-0.6745882009314375f,0.5198988148631802f,-0.41664774962442885f,0f,0f,0f,1f], start_interpolation: 0, interpolation_duration: 1 }
$data merge entity $(bone_ear_edge_b3) { transformation: [0.7113257591297917f,0.684200683820584f,-0.16088843543857062f,0.41608828018810706f,-0.14350353632267007f,0.3654582183375045f,0.9196994213940037f,1.94980598776225f,0.6880569739936613f,-0.6311178296554631f,0.3581450622717893f,-0.40763190261457294f,0f,0f,0f,1f], start_interpolation: 0, interpolation_duration: 1 }
$data merge entity $(bone_ear_edge_b4) { transformation: [0.8879406372925058f,0.4309017706934003f,-0.16088843543857062f,0.44591456529201956f,-0.023547173130794685f,0.3919164514601083f,0.9196994213940037f,1.9522201512048487f,0.45935493388242526f,-0.8128500225061255f,0.3581450622717893f,-0.40043258620448635f,0f,0f,0f,1f], start_interpolation: 0, interpolation_duration: 1 }
$data merge entity $(bone_ear_left_2) { transformation: [0.8096007266111138f,0.5645011734380059f,-0.16088843543857062f,0.541844152724572f,-0.08456650877988865f,0.38340772016264363f,0.9196994213940037f,2.0187997872471746f,0.5808572708192071f,-0.7309835465363076f,0.3581450622717893f,-0.44105660435559624f,0f,0f,0f,1f], start_interpolation: 0, interpolation_duration: 1 }
$data merge entity $(bone_ear_left_1) { transformation: [0.8096007266111138f,0.5108826654426244f,-0.28904249794968934f,0.42689555299998166f,-0.08456650877988865f,0.5888028947873105f,0.8038405667063988f,1.88631913592003f,0.5808572708192071f,-0.6263465919443664f,0.5198988148631802f,-0.300128621168114f,0f,0f,0f,1f], start_interpolation: 0, interpolation_duration: 1 }
$data merge entity $(bone_head) { transformation: [0.8427075962285636f,0.3430653202048948f,-0.41490974118642854f,0.1587020562784785f,-0.0160901772354428f,0.7863803045660535f,0.6175330944873586f,1.4660125927816279f,0.5381310374390315f,-0.513723858374627f,0.6682086379877752f,-0.12499304336811448f,0f,0f,0f,1f], start_interpolation: 0, interpolation_duration: 1 }
$data merge entity $(bone_body_1) { transformation: [0.7429283464257995f,0.3580471179047926f,-0.5655614320629533f,0.024434387064181266f,0f,0.8449148113375502f,0.534900889494897f,1.1491695385300467f,0.6693709525196228f,-0.39739303333413306f,0.6277111636576724f,0.024029344132185416f,0f,0f,0f,1f], start_interpolation: 0, interpolation_duration: 1 }
$data merge entity $(bone_leg_left_2) { transformation: [0.7482978863888676f,0.5720551529879883f,-0.33586183940102865f,-0.23196467880991928f,-0.33257644489858296f,0.761595516862492f,0.556206056235972f,0.497734913629539f,0.5739714117659284f,-0.30450807975297245f,0.7601523846181002f,-0.06025664740400804f,0f,0f,0f,1f], start_interpolation: 0, interpolation_duration: 1 }
$data merge entity $(bone_leg_left_1) { transformation: [0.7482978863888676f,0.3136911782113555f,-0.584506730447413f,-0.12558498397349357f,-0.33257644489858296f,0.9397955775693027f,0.07859504233601898f,0.847626609809332f,0.5739714117659284f,0.1355806663708084f,0.8075733411782946f,0.0037919007651689637f,0f,0f,0f,1f], start_interpolation: 0, interpolation_duration: 1 }
$data merge entity $(bone_leg_right_2) { transformation: [0.8003512538681865f,-0.02443363934130449f,-0.5990332776233395f,0.24641864537441f,0.020717359778591148f,0.9996995935166619f,-0.013096324920589597f,0.8129660354901397f,0.599173315022812f,-0.0019287278606123781f,0.8006170236595108f,-0.07789329480074658f,0f,0f,0f,1f], start_interpolation: 0, interpolation_duration: 1 }
$data merge entity $(bone_leg_right_1) { transformation: [0.8003512538681865f,-0.5646683468579606f,-0.2014634668825087f,0.04836267289820594f,0.020717359778591148f,0.36188282584438924f,-0.9319933537116475f,0.8837574474715524f,0.599173315022812f,0.7417482581142861f,0.3013318107153582f,0.18421406348536185f,0f,0f,0f,1f], start_interpolation: 0, interpolation_duration: 1 }
$data merge entity $(bone_coat_downer) { transformation: [0.7429283464257995f,0.07995757837974285f,-0.6645782555400638f,-0.019903611391616657f,0f,0.992839998566537f,0.11945181977014288f,0.9076571657908126f,0.6693709525196228f,-0.08874414293938485f,0.7376089784004305f,0.08491106558005618f,0f,0f,0f,1f], start_interpolation: 0, interpolation_duration: 1 }
$data merge entity $(bone_body_2) { transformation: [0.7429283464257995f,0.1150556155438018f,-0.659408581540204f,-6.263925586173786e-18f,0f,0.9851168161063477f,0.17188617927131955f,1.1277692043895746f,0.6693709525196228f,-0.12769911493948996f,0.7318712072261373f,0.05114883401920435f,0f,0f,0f,1f], start_interpolation: 0, interpolation_duration: 1 }