# This file was generated by Animated Java via MC-Build. It is not recommended to edit this file directly.
$data merge entity $(bone_wing_right_1) { transformation: [-0.6711229251602987f,-0.36662822997632966f,0.28656972057974284f,0.16757484962585906f,-0.2087881298976925f,0.6867103240757529f,0.38959067245770007f,1.6501959198521676f,-0.4158677440996749f,0.24689494979979273f,-0.6580587721664757f,-0.03816429914642823f,0f,0f,0f,1f], start_interpolation: 0, interpolation_duration: 1 }
$data merge entity $(bone_wing_right_2) { transformation: [-0.7448221555630858f,-0.08022141372414335f,0.2807213589352583f,0.16757484962585906f,0.06847110270765679f,0.6997590576628095f,0.38163984240754295f,1.6501959198521676f,-0.2838162516071901f,0.3793438888382895f,-0.6446290013059354f,-0.03816429914642823f,0f,0f,0f,1f], start_interpolation: 0, interpolation_duration: 1 }
$data merge entity $(bone_wing_left_1) { transformation: [-0.5699166395827034f,-0.14779947058544857f,0.5659459204428142f,0.12431460623799995f,0.2087881298976925f,0.6867103240757529f,0.38959067245770007f,1.6501959198521676f,-0.546394532535811f,0.4165677516885817f,-0.441439426776242f,-0.07170690445315504f,0f,0f,0f,1f], start_interpolation: 0, interpolation_duration: 1 }
$data merge entity $(bone_wing_left_2) { transformation: [-0.46038260556018523f,-0.3474088766570319f,0.5543960036990834f,0.12431460623799995f,-0.06847110270765679f,0.6997590576628095f,0.38163984240754295f,1.6501959198521676f,-0.6506608675735867f,0.17217529915396088f,-0.4324304588828493f,-0.07170690445315504f,0f,0f,0f,1f], start_interpolation: 0, interpolation_duration: 1 }
$data merge entity $(bone_blade) { transformation: [1.4224033885730687f,-1.3688738528602828f,-0.32086286031776534f,-0.5811037682180132f,0.7315690261789267f,0.33081228979939553f,1.831766903526019f,1.9222767328441859f,-1.2006562206191536f,-1.4201223904555291f,0.7359871167455343f,-0.5236834430709075f,0f,0f,0f,1f], start_interpolation: 0, interpolation_duration: 1 }
$data merge entity $(bone_arm_right_2) { transformation: [-0.22179322463805165f,0.9556412039742653f,0.193797974115499f,-0.40361524864314885f,0.43916966407723257f,0.2753489046804453f,-0.8551683967766641f,1.8097183495938494f,-0.8705962161983853f,-0.10456036513849727f,-0.4807591479973715f,-0.22578065639332243f,0f,0f,0f,1f], start_interpolation: 0, interpolation_duration: 1 }
$data merge entity $(bone_arm_right_1) { transformation: [-0.2796961116009817f,0.9403257044152413f,0.193797974115499f,-0.31385817740662025f,0.42154855000971636f,0.3016352650787634f,-0.8551683967766641f,1.6744395178063836f,-0.862593128386725f,-0.1574920203592693f,-0.4807591479973715f,0.05103346315082494f,0f,0f,0f,1f], start_interpolation: 0, interpolation_duration: 1 }
$data merge entity $(bone_arm_left_2) { transformation: [-0.18949379871317146f,0.758731559659279f,0.6232323167377072f,0.4506958610189421f,0.8488069547251131f,0.4456531402434553f,-0.2844644656216771f,1.4736357253183763f,-0.49357760672414164f,0.47509967266684666f,-0.7284651310614145f,0.6687680720046885f,0f,0f,0f,1f], start_interpolation: 0, interpolation_duration: 1 }
$data merge entity $(bone_arm_left_1) { transformation: [-0.590871202048783f,0.5123013780609771f,0.6232323167377072f,0.21631126651683044f,0.438927031137636f,0.8523045401353169f,-0.2844644656216771f,1.6418506699791167f,-0.6769152708619647f,0.1054716497526676f,-0.7284651310614145f,0.40255460493164696f,0f,0f,0f,1f], start_interpolation: 0, interpolation_duration: 1 }
$data merge entity $(bone_ear_edge_a1) { transformation: [-0.9583595024296219f,0.17317325607628656f,0.22706406030630252f,0.02773410297373166f,0.26197392380089973f,0.8496199549024583f,0.45772873569386563f,2.272104381553372f,-0.11365178111762117f,0.4981535462199193f,-0.8596082346262808f,0.48097049928255703f,0f,0f,0f,1f], start_interpolation: 0, interpolation_duration: 1 }
$data merge entity $(bone_ear_edge_a2) { transformation: [-0.9736507723218638f,0.02112074985064459f,0.22706406030630252f,-0.08420303100738111f,0.12583874694543662f,0.8801414740184089f,0.45772873569386563f,2.2954686416385846f,-0.19018092260855207f,0.4742413938475309f,-0.8596082346262808f,0.46384361948018304f,0f,0f,0f,1f], start_interpolation: 0, interpolation_duration: 1 }
$data merge entity $(bone_ear_edge_b1) { transformation: [-0.949818790083246f,0.19164573413052496f,0.24721686551360245f,-0.09872599599169823f,0.31068086779464776f,0.6698434026488902f,0.6743791324723214f,2.306674216744937f,-0.03635470246286f,0.7173435219734884f,-0.6957705132380275f,0.42636873590744206f,0f,0f,0f,1f], start_interpolation: 0, interpolation_duration: 1 }
$data merge entity $(bone_ear_edge_b2) { transformation: [-0.9625531383540449f,-0.11124422344736948f,0.24721686551360245f,-0.07098927119760785f,0.0884820688158851f,0.7330646009622479f,0.6743791324723214f,2.309868489772988f,-0.2562467157698609f,0.6710000101085333f,-0.6957705132380275f,0.43932004250249845f,0f,0f,0f,1f], start_interpolation: 0, interpolation_duration: 1 }
$data merge entity $(bone_ear_right_2) { transformation: [-0.9681049425393536f,0.040701862813683244f,0.24721686551360245f,-0.01191939475081124f,0.20206927641264588f,0.7101977141725735f,0.6743791324723214f,2.398832982074136f,-0.1481243658583699f,0.7028247044231921f,-0.6957705132380275f,0.5016234399813615f,0f,0f,0f,1f], start_interpolation: 0, interpolation_duration: 1 }
$data merge entity $(bone_ear_right_1) { transformation: [-0.9681049425393536f,0.10589963525947724f,0.22706406030630252f,-0.03574681268419358f,0.20206927641264588f,0.8658247005313285f,0.45772873569386563f,2.204022424454587f,-0.1481243658583699f,0.48901212173293285f,-0.8596082346262808f,0.3915957125914518f,0f,0f,0f,1f], start_interpolation: 0, interpolation_duration: 1 }
$data merge entity $(bone_ear_edge_a3) { transformation: [-0.9501819147415203f,-0.27122614411662593f,0.15359266794272838f,-0.36625105506369293f,-0.18747223062129545f,0.8909653065351297f,0.41356376206896794f,2.2721155280981566f,-0.24901504300747337f,0.36416644724409936f,-0.897426491172172f,0.39625308879834464f,0f,0f,0f,1f], start_interpolation: 0, interpolation_duration: 1 }
$data merge entity $(bone_ear_edge_a4) { transformation: [-0.9809127153943716f,-0.11924570068507598f,0.15359266794272838f,-0.2544662967702643f,-0.04578645527278795f,0.9093231632466616f,0.41356376206896794f,2.286553039060877f,-0.1889810712510461f,0.3986374890187954f,-0.897426491172172f,0.4220380983093195f,0f,0f,0f,1f], start_interpolation: 0, interpolation_duration: 1 }
$data merge entity $(bone_ear_edge_b3) { transformation: [-0.9193298100300242f,-0.37572132337119185f,0.11690247026628518f,-0.22809177492617871f,-0.25146528555841835f,0.7894959138392907f,0.5598762472101189f,2.2891616988477628f,-0.3026514671188339f,0.4853140109200057f,-0.8202879983612791f,0.4043287688431939f,0f,0f,0f,1f], start_interpolation: 0, interpolation_duration: 1 }
$data merge entity $(bone_ear_edge_b4) { transformation: [-0.9904388805241835f,-0.07324367816844113f,0.11690247026628518f,-0.25812367087087323f,0.004809955913564742f,0.8285622801781549f,0.5598762472101189f,2.2958887936876944f,-0.1378683729871048f,0.555085499247039f,-0.8202879983612791f,0.40464029088350545f,0f,0f,0f,1f], start_interpolation: 0, interpolation_duration: 1 }
$data merge entity $(bone_ear_left_2) { transformation: [-0.9667870987539777f,-0.2272807033791177f,0.11690247026628518f,-0.32615804570303863f,-0.12486495967757902f,0.819113746469091f,0.5598762472101189f,2.3969273459486846f,-0.22300548766248507f,0.5266841104655268f,-0.8202879983612791f,0.42581053720823087f,0f,0f,0f,1f], start_interpolation: 0, interpolation_duration: 1 }
$data merge entity $(bone_ear_left_1) { transformation: [-0.9667870987539777f,-0.20428411107352662f,0.15359266794272838f,-0.2801941207114952f,-0.12486495967757902f,0.9018723615612568f,0.41356376206896794f,2.194006064597402f,-0.22300548766248507f,0.38064976739099743f,-0.897426491172172f,0.3401643395452566f,0f,0f,0f,1f], start_interpolation: 0, interpolation_duration: 1 }
$data merge entity $(bone_head) { transformation: [-0.9777892321092063f,-0.08354412336883438f,0.19222017849804773f,-0.12116098404938073f,-0.040065439428740246f,0.9747146735690534f,0.21983190326373303f,1.692603227344863f,-0.2057254921847808f,0.2072478819667557f,-0.9564127442091219f,0.28955338481692694f,0f,0f,0f,1f], start_interpolation: 0, interpolation_duration: 1 }
$data merge entity $(bone_body_1) { transformation: [-0.7902742472378754f,-0.29941108213377154f,0.5346210041216983f,-0.008881828249216404f,0f,0.872489791222712f,0.48863234053032994f,1.365419555636346f,-0.612753306113161f,0.38615355508868776f,-0.6895062129812599f,0.14474580165866902f,0f,0f,0f,1f], start_interpolation: 0, interpolation_duration: 1 }
$data merge entity $(bone_leg_left_2) { transformation: [-0.8486667986551373f,-0.4765190031393181f,0.2295524003524057f,0.306625353573196f,-0.09607776663747211f,0.5656581862541783f,0.8190237353591093f,0.7846118815914427f,-0.5201285683543984f,0.6730233695576578f,-0.5258382036433452f,-0.06129750459912639f,0f,0f,0f,1f], start_interpolation: 0, interpolation_duration: 1 }
$data merge entity $(bone_leg_left_1) { transformation: [-0.8486667986551373f,-0.4233591001668019f,0.31706740161422525f,0.14491511802065554f,-0.09607776663747211f,0.7128694132420625f,0.6946842897474165f,1.0670249404550542f,-0.5201285683543984f,0.5590923644353167f,-0.6456639996249838f,0.15038956404165693f,0f,0f,0f,1f], start_interpolation: 0, interpolation_duration: 1 }
$data merge entity $(bone_leg_right_2) { transformation: [-0.8192857008608888f,0.13581780829522763f,0.5570677367383278f,-0.2326927175919235f,0.10382505319149335f,0.9906212450689318f,-0.08882514929828583f,0.9105903820474806f,-0.5639071720546438f,-0.014935587298797626f,-0.8257031122245904f,0.22627779405455328f,0f,0f,0f,1f], start_interpolation: 0, interpolation_duration: 1 }
$data merge entity $(bone_leg_right_1) { transformation: [-0.8192857008608888f,0.5060808043431079f,0.26954250099068805f,-0.04743672528866316f,0.10382505319149335f,0.5932561670440387f,-0.7982903473010299f,1.0917188568184673f,-0.5639071720546438f,-0.6260426021762805f,-0.5385901610368368f,-0.009526818042806362f,0f,0f,0f,1f], start_interpolation: 0, interpolation_duration: 1 }
$data merge entity $(bone_coat_downer) { transformation: [-0.7902742472378754f,-0.15003783168220378f,0.5941003814312122f,0.030071640177392115f,0f,0.9695588346960236f,0.244858461285063f,1.1257882341393002f,-0.612753306113161f,0.19350533617187762f,-0.7662173782422319f,0.08175728319114964f,0f,0f,0f,1f], start_interpolation: 0, interpolation_duration: 1 }
$data merge entity $(bone_body_2) { transformation: [-0.7902742472378754f,-0.16221832831972272f,0.5908907074153086f,-1.6323417157002348e-17f,0f,0.9643207168696778f,0.26473676551614533f,1.3412536443148688f,-0.612753306113161f,0.20921464808446172f,-0.7620778286200732f,0.13329081632653061f,0f,0f,0f,1f], start_interpolation: 0, interpolation_duration: 1 }