execute if entity @s[tag=aj.louvert.bone.head] run data modify entity @s {} merge value {transformation:[-0.912604103900225f,-0.052207938152735625f,-0.40549732519254367f,-0.03598459623412428f,-0.03604403096476798f,0.9982253675558208f,-0.04740193455817525f,1.5709743962654077f,0.4072524737509622f,-0.028643441865229973f,-0.9128663515881363f,-0.009436894520357585f,0f,0f,0f,1f],start_interpolation:0}
execute if entity @s[tag=aj.louvert.bone.coat_0] run data modify entity @s {} merge value {transformation:[-0.2957613767361721f,-0.12073551727505821f,-0.9476012573331931f,0.006001489046430719f,0.2740431002510615f,0.9395611489078692f,-0.2052443097084836f,0.7673651778057876f,0.915109603946932f,-0.3203869259680384f,-0.24479916346433844f,0.2419920734315252f,0f,0f,0f,1f],start_interpolation:0}
execute if entity @s[tag=aj.louvert.bone.coat_1] run data modify entity @s {} merge value {transformation:[-0.15283951347834862f,-0.266914568429088f,-0.9515233556145722f,0.12410486160420058f,-0.3250912553078879f,0.922828599010098f,-0.20664716927991472f,0.7590935658812641f,0.9332501051926237f,0.27774806931709495f,-0.22781626620718487f,-0.24378892025457063f,0f,0f,0f,1f],start_interpolation:0}
execute if entity @s[tag=aj.louvert.bone.coat_2] run data modify entity @s {} merge value {transformation:[-0.2362067451155397f,0.14031909285538724f,-0.9615180319381245f,-0.05388724412650588f,0.016543223849047117f,0.9899559143199724f,0.1404051617555004f,0.7373984756835366f,0.9715619873721917f,0.017258038218440012f,-0.2361555944928007f,-0.029375456687420805f,0f,0f,0f,1f],start_interpolation:0}
execute if entity @s[tag=aj.louvert.bone.right_leg_1] run data modify entity @s {} merge value {transformation:[-0.5361932324380629f,0.5179334001139633f,-0.6665146739074924f,0.17623304173510923f,0.09191809223447661f,0.8207517363639512f,0.5638418675262895f,0.4668428971175143f,0.8390756114961246f,0.24106343626097432f,-0.48768897659313104f,0.2431565217215111f,0f,0f,0f,1f],start_interpolation:0}
execute if entity @s[tag=aj.louvert.bone.right_leg_0] run data modify entity @s {} merge value {transformation:[-0.5361932324380629f,-0.3182519395420078f,-0.7818008189208885f,0.03552733218587319f,0.09191809223447661f,0.8986772491770024f,-0.42887092012822503f,0.7652972748246567f,0.8390756114961246f,-0.3018193247447987f,-0.4526115480221401f,0.12054682501000127f,0f,0f,0f,1f],start_interpolation:0}
execute if entity @s[tag=aj.louvert.bone.left_leg_1] run data modify entity @s {} merge value {transformation:[-0.2199296456939825f,-0.30960649185604666f,-0.9250809538335072f,0.3580328661503024f,0.07323807451849118f,0.9403826979165542f,-0.332139377219876f,0.4671598916161664f,0.9727626305454703f,-0.14079844338548264f,-0.18414305024757743f,-0.040644993958725756f,0f,0f,0f,1f],start_interpolation:0}
execute if entity @s[tag=aj.louvert.bone.left_leg_0] run data modify entity @s {} merge value {transformation:[-0.2199296456939825f,-0.6591039260273523f,-0.7191751981542817f,0.09457901846475811f,0.07323807451849118f,0.7239890868036629f,-0.6859125211206036f,0.7611614688623949f,0.9727626305454703f,-0.20352350450139461f,-0.11095516089721827f,-0.12234367183304666f,0f,0f,0f,1f],start_interpolation:0}
execute if entity @s[tag=aj.louvert.bone.body_1] run data modify entity @s {} merge value {transformation:[-0.2362067451155397f,-0.19700171898211208f,-0.9515233556145722f,0.0034901381434056244f,0.016543223849047117f,0.9782756611371249f,-0.20664716927991472f,1.0689405159488774f,0.9715619873721917f,-0.06455271911247693f,-0.22781626620718487f,-0.021071148134171738f,0f,0f,0f,1f],start_interpolation:0}
execute if entity @s[tag=aj.louvert.locator_origin.locator] at @s on origin run tp @s ^0.86512 ^2.5245 ^-0.12002 ~-127.38315 ~-49.7005
execute if entity @s[tag=aj.louvert.bone.sword_0] run data modify entity @s {} merge value {transformation:[0.79162642445384f,0.3304604103402231f,-0.5139294905959386f,0.4226971012232676f,-0.5980007328804966f,0.24642145571553825f,-0.762673973357833f,1.8615866617587287f,-0.12539030098384138f,0.9110830825785357f,0.3926893034682446f,0.2483352439709569f,0f,0f,0f,1f],start_interpolation:0}
execute if entity @s[tag=aj.louvert.bone.right_arm_1] run data modify entity @s {} merge value {transformation:[0.7352310957925265f,-0.6666744307318551f,0.12239460440753991f,0.15361134306384613f,0.6520769488410019f,0.7449729836172226f,0.14075122191534584f,1.6089309465310595f,-0.18501591436936082f,-0.0236739749262868f,0.9824503317426582f,0.3154041516142952f,0f,0f,0f,1f],start_interpolation:0}
execute if entity @s[tag=aj.louvert.bone.right_arm_0] run data modify entity @s {} merge value {transformation:[0.7404860151732745f,-0.6666744307318551f,-0.08500391015219537f,-0.0769936250201253f,0.6656128883619434f,0.7449729836172226f,-0.04443800768401439f,1.4013435252399897f,0.09295130004080937f,-0.0236739749262868f,0.9953891694869464f,0.27702509688760213f,0f,0f,0f,1f],start_interpolation:0}
execute if entity @s[tag=aj.louvert.locator_origin.locator2] at @s on origin run tp @s ^0.61789 ^0.95193 ^-1.42397 ~-146.86794 ~25.21661
execute if entity @s[tag=aj.louvert.bone.sword_1] run data modify entity @s {} merge value {transformation:[0.17012333623393194f,-0.8523750710781486f,-0.4944843664598084f,0.16173094246657765f,0.902212746791667f,-0.06708722600920833f,0.42604162194910594f,1.3240792076583539f,-0.39632084224182784f,-0.5186097206097384f,0.7576105514667922f,-0.7725930902552883f,0f,0f,0f,1f],start_interpolation:0}
execute if entity @s[tag=aj.louvert.bone.left_arm_1] run data modify entity @s {} merge value {transformation:[-0.6577410099354442f,0.5368848894675762f,-0.5283288552696048f,-0.0847210627397126f,0.4231663272578583f,0.8436326988472052f,0.3304756101603813f,1.4917452922488348f,0.6231428594826369f,-0.006203619682865823f,-0.7820834301905604f,-0.5447997908327578f,0f,0f,0f,1f],start_interpolation:0}
execute if entity @s[tag=aj.louvert.bone.left_arm_0] run data modify entity @s {} merge value {transformation:[0.09082870794109517f,0.5368848894675762f,-0.8387519068682587f,-0.023615451555056954f,-0.05048942351261168f,0.8436326988472052f,0.5345415676532044f,1.4547900660949926f,0.994585825319824f,-0.006203619682865823f,0.10373307657500075f,-0.2820431723782113f,0f,0f,0f,1f],start_interpolation:0}
execute if entity @s[tag=aj.louvert.bone.wing_0] run data modify entity @s {} merge value {transformation:[-0.49754495002933874f,-0.03767372083191886f,-0.8666197052104121f,-0.522485186195983f,-0.06828291405344095f,0.9976572936321626f,-0.004167506559029841f,1.2100272687879114f,0.8647464751871922f,0.05710179700524147f,-0.4989518197482588f,-0.04405494808359976f,0f,0f,0f,1f],start_interpolation:0}
execute if entity @s[tag=aj.louvert.bone.wing_1] run data modify entity @s {} merge value {transformation:[0.44848141577350653f,-0.03767372083191886f,-0.8929978222058943f,-0.2727597204470676f,-0.03418391654387214f,0.9976572936321626f,-0.059256934718822096f,1.2190284851836317f,0.8931382197372996f,0.05710179700524147f,0.4461429201761015f,-0.03656029266225455f,0f,0f,0f,1f],start_interpolation:0}
execute if entity @s[tag=aj.louvert.bone.body_0] run data modify entity @s {} merge value {transformation:[-0.02785244805174475f,-0.03767372083191886f,-0.9989018629956617f,-0.03255935396193356f,-0.05816849763323652f,0.9976572936321626f,-0.03600486558288084f,1.425112515792628f,0.9979181664949371f,0.05710179700524147f,-0.029978621685380846f,-0.014452751766638985f,0f,0f,0f,1f],start_interpolation:0}