execute if entity @s[tag=aj.louvert.bone.head] run data modify entity @s {} merge value {transformation:[-0.8149472420766928f,0.1815320371001462f,-0.5503699775040998f,0.013027808824432767f,-0.11362206431748545f,0.8811961189198967f,0.45889369847574124f,1.6059258114813104f,0.5682877960433651f,0.43650832696156255f,-0.6975023020473782f,0.07533529070015171f,0f,0f,0f,1f],start_interpolation:0}
execute if entity @s[tag=aj.louvert.bone.coat_0] run data modify entity @s {} merge value {transformation:[-0.45393827252738844f,0.36641293037316414f,-0.8122078608276339f,-0.17272122633189405f,0.5722887615051696f,0.8185610726701423f,0.04943019081477731f,0.7725366212651272f,0.6829535988555366f,-0.44237917532865045f,-0.5812702014087885f,-0.0014973974330481643f,0f,0f,0f,1f],start_interpolation:0}
execute if entity @s[tag=aj.louvert.bone.coat_1] run data modify entity @s {} merge value {transformation:[-0.4650741225882784f,-0.30261212611253296f,-0.8319446866399203f,0.10369618608900907f,-0.602586113363081f,0.796664016982977f,0.047078870276622276f,0.8502140393112353f,0.6485337589368181f,0.5232134795417633f,-0.5528576836267011f,-0.4108378826482568f,0f,0f,0f,1f],start_interpolation:0}
execute if entity @s[tag=aj.louvert.bone.coat_2] run data modify entity @s {} merge value {transformation:[-0.5528348248418062f,0.24005064706547496f,-0.7979657532034667f,-0.13850560595143252f,-0.15535483609221612f,0.9111268640704394f,0.38172334546360637f,0.8172601890727591f,0.8186809704304173f,0.33499779762352744f,-0.4664096313783582f,-0.27527485049399014f,0f,0f,0f,1f],start_interpolation:0}
execute if entity @s[tag=aj.louvert.bone.right_leg_1] run data modify entity @s {} merge value {transformation:[-0.8025612511498184f,-0.14356481776855556f,-0.5790376337095193f,0.09024436819900442f,0.02816369579572038f,0.9604117416256369f,-0.27715716261128315f,0.6232292066261755f,0.5959045598012858f,-0.23874343896051375f,-0.7667459331234456f,0.165233201989403f,0f,0f,0f,1f],start_interpolation:0}
execute if entity @s[tag=aj.louvert.bone.right_leg_0] run data modify entity @s {} merge value {transformation:[-0.8025612511498184f,-0.51095709354217f,-0.30792578117425673f,-0.10361687322666827f,0.02816369579572038f,0.48313394609780924f,-0.8750933643715313f,0.7919559757766542f,0.5959045598012858f,-0.7109883534115713f,-0.3733541441060195f,-0.10383251873685034f,0f,0f,0f,1f],start_interpolation:0}
execute if entity @s[tag=aj.louvert.bone.left_leg_1] run data modify entity @s {} merge value {transformation:[-0.5285986802922922f,-0.07249764639952044f,-0.8457703745460566f,0.2145679419017782f,-0.07419532604726646f,0.9964790847051238f,-0.03904468386322052f,0.48305197736297645f,0.8456231363828611f,0.042113240338035124f,-0.5321165156262714f,-0.22651085843136437f,0f,0f,0f,1f],start_interpolation:0}
execute if entity @s[tag=aj.louvert.bone.left_leg_0] run data modify entity @s {} merge value {transformation:[-0.5285986802922922f,-0.4610767618725396f,-0.712735332963352f,0.034591832983783294f,-0.07419532604726646f,0.8615084404229086f,-0.5022930028109368f,0.8307946847997083f,0.8456231363828611f,-0.21262978799129087f,-0.489601965348171f,-0.30850276134445465f,0f,0f,0f,1f],start_interpolation:0}
execute if entity @s[tag=aj.louvert.bone.body_1] run data modify entity @s {} merge value {transformation:[-0.5528348248418062f,-0.0473465396173155f,-0.8319446866399203f,-0.04930831375185357f,-0.15535483609221612f,0.9867362640930137f,0.047078870276622276f,1.119730412817248f,0.8186809704304173f,0.15527346943386153f,-0.5528576836267011f,-0.15764468084257077f,0f,0f,0f,1f],start_interpolation:0}
execute if entity @s[tag=aj.louvert.locator_origin.locator] at @s on origin run tp @s ^-0.82895 ^0.69561 ^0.89418 ~8.34078 ~27.9389
execute if entity @s[tag=aj.louvert.bone.sword_0] run data modify entity @s {} merge value {transformation:[-0.8852552077346629f,0.4471017237367211f,0.12815329028281436f,-0.704834563977642f,0.45138018350779263f,0.7594312954726503f,0.4685296547639258f,1.1265662549200781f,0.11215679700816172f,0.472614172542873f,-0.8741033673407768f,0.1393670101137406f,0f,0f,0f,1f],start_interpolation:0}
execute if entity @s[tag=aj.louvert.bone.right_arm_1] run data modify entity @s {} merge value {transformation:[-0.7497831202709339f,-0.3734755723965759f,-0.5462062516850497f,-0.418352919616101f,-0.653148269060611f,0.2855818044076158f,0.7013133191480236f,1.3666955029834627f,-0.1059368263632138f,0.8825865565565452f,-0.45805934004859034f,0.1710924844573549f,0f,0f,0f,1f],start_interpolation:0}
execute if entity @s[tag=aj.louvert.bone.right_arm_0] run data modify entity @s {} merge value {transformation:[-0.9252973626885084f,-0.3734755723965759f,-0.0658846524217942f,-0.1279621565430335f,-0.1822617080048487f,0.2855818044076158f,0.9408632752884158f,1.40601110032332f,-0.33257399236387375f,0.8825865565565452f,-0.33231838617328097f,0.28125282681181446f,0f,0f,0f,1f],start_interpolation:0}
execute if entity @s[tag=aj.louvert.locator_origin.locator2] at @s on origin run tp @s ^1.1699 ^1.27744 ^-1.16944 ~-127.92537 ~14.27172
execute if entity @s[tag=aj.louvert.bone.sword_1] run data modify entity @s {} merge value {transformation:[0.30513858511421704f,-0.5678733798833092f,-0.7644673101542019f,0.4842153145392245f,0.9523046524527979f,0.17984281069822558f,0.24652061243822648f,1.498470665635664f,-0.0025085436511555308f,-0.803228726988813f,0.5956654424663909f,-0.667602548859652f,0f,0f,0f,1f],start_interpolation:0}
execute if entity @s[tag=aj.louvert.bone.left_arm_1] run data modify entity @s {} merge value {transformation:[-0.7987155019228198f,0.26355187606521047f,-0.5409195463381645f,0.18603363092365943f,0.18457090898806056f,0.962946555087867f,0.19664056448182435f,1.57822777617234f,0.5727016034057343f,0.057221854801442554f,-0.8177643504027206f,-0.4543731397038469f,0f,0f,0f,1f],start_interpolation:0}
execute if entity @s[tag=aj.louvert.bone.left_arm_0] run data modify entity @s {} merge value {transformation:[-0.16712248766088245f,0.26355187606521047f,-0.9500581470312993f,0.17084239156967948f,-0.012842730473188485f,0.962946555087867f,0.2693863328352099f,1.5657100024811677f,0.9858524932219987f,0.057221854801442554f,-0.15754529806075251f,-0.17375261909156764f,0f,0f,0f,1f],start_interpolation:0}
execute if entity @s[tag=aj.louvert.bone.wing_0] run data modify entity @s {} merge value {transformation:[-0.9081553867707651f,0.09125754924591264f,-0.4085656045054107f,-0.4060896388794203f,-0.11252145438858202f,0.8868264915280121f,0.4481938154709354f,1.4754117367012263f,0.4032278707896071f,0.45300202386937133f,-0.7951078232470947f,-0.3435569434299483f,0f,0f,0f,1f],start_interpolation:0}
execute if entity @s[tag=aj.louvert.bone.wing_1] run data modify entity @s {} merge value {transformation:[-0.20586564410701624f,0.09125754924591264f,-0.974315860633518f,-0.21221580630413503f,-0.42827306250155245f,0.8868264915280121f,0.17355390476638086f,1.3882454708598913f,0.8798872203367569f,0.45300202386937133f,-0.14348395679764642f,-0.21197054921744649f,0f,0f,0f,1f],start_interpolation:0}
execute if entity @s[tag=aj.louvert.bone.body_0] run data modify entity @s {} merge value {transformation:[-0.6247231806062213f,0.09125754924591264f,-0.7754953303011413f,-0.003939791161691766f,-0.3032679467279058f,0.8868264915280121f,0.34866506336534026f,1.4761706250000002f,0.7195481221577098f,0.45300202386937133f,-0.5263455768500073f,0.01061843497071275f,0f,0f,0f,1f],start_interpolation:0}