execute if entity @s[tag=aj.louvert.bone.head] run data modify entity @s {} merge value {transformation:[-0.9438067318647305f,-0.049606279421831656f,-0.3267538368997993f,-0.031212473988316624f,-0.04490844692091996f,0.9987507953025255f,-0.021910734303618794f,1.550953655762792f,0.327432564480029f,-0.0060054911952333295f,-0.9448554650281364f,-0.008244560983834493f,0f,0f,0f,1f],start_interpolation:0}
execute if entity @s[tag=aj.louvert.bone.coat_0] run data modify entity @s {} merge value {transformation:[-0.4005611448890998f,-0.14603996754816762f,-0.9045568512170277f,0.009552234288550017f,0.21615059319276259f,0.9442930554665729f,-0.24817241276987367f,0.7439323295427192f,0.8904098439862119f,-0.29492872575612883f,-0.3466804817931284f,0.2502429278550327f,0f,0f,0f,1f],start_interpolation:0}
execute if entity @s[tag=aj.louvert.bone.coat_1] run data modify entity @s {} merge value {transformation:[-0.25103139564661536f,-0.33352879710165817f,-0.908703350881702f,0.18257990145881103f,-0.31269216191249755f,0.9163745747871035f,-0.24996249831173395f,0.7423526753815481f,0.9160823381542736f,0.22139598051382087f,-0.3343306290696725f,-0.218861464670073f,0f,0f,0f,1f],start_interpolation:0}
execute if entity @s[tag=aj.louvert.bone.coat_2] run data modify entity @s {} merge value {transformation:[-0.34605533434052205f,0.09141349848177194f,-0.9337501153251831f,-0.017521850986532216f,0.003159308322342078f,0.9953499320218352f,0.09627321327894087f,0.711897190173167f,0.9382087850502114f,0.03036585449894552f,-0.34473495693815986f,-0.026100597041229193f,0f,0f,0f,1f],start_interpolation:0}
execute if entity @s[tag=aj.louvert.bone.right_leg_1] run data modify entity @s {} merge value {transformation:[-0.5796966479719383f,0.470280027662861f,-0.6654235432500999f,0.2179529907002211f,0.05426811989060155f,0.8371079964696523f,0.5443392080404496f,0.4699146862902025f,0.8130232269090707f,0.2794403296376227f,-0.5107899124673261f,0.26898055934577025f,0f,0f,0f,1f],start_interpolation:0}
execute if entity @s[tag=aj.louvert.bone.right_leg_0] run data modify entity @s {} merge value {transformation:[-0.5796966479719383f,-0.38842570258014075f,-0.7162941224840693f,0.05280915108111527f,0.05426811989060155f,0.8587133275656653f,-0.5095747170186544f,0.7435374160024264f,0.8130232269090707f,-0.33427069066286164f,-0.4767141049624348f,0.13296682972375629f,0f,0f,0f,1f],start_interpolation:0}
execute if entity @s[tag=aj.louvert.bone.left_leg_1] run data modify entity @s {} merge value {transformation:[-0.32759140200954817f,-0.2622600708363553f,-0.9076913178907953f,0.37839648600190895f,0.015304974779671153f,0.9591043772578864f,-0.2826385523451381f,0.42930880083870226f,0.9446955229471621f,-0.10648215235273797f,-0.3101804638495404f,-0.013604007239909177f,0f,0f,0f,1f],start_interpolation:0}
execute if entity @s[tag=aj.louvert.bone.left_leg_0] run data modify entity @s {} merge value {transformation:[-0.32759140200954817f,-0.5961772698574328f,-0.7329778552144373f,0.1393229846662458f,0.015304974779671153f,0.7723358943434618f,-0.6350299394955158f,0.7427475889218409f,0.9446955229471621f,-0.21924855578548896f,-0.2438861203708917f,-0.10158536653879656f,0f,0f,0f,1f],start_interpolation:0}
execute if entity @s[tag=aj.louvert.bone.body_1] run data modify entity @s {} merge value {transformation:[-0.34605533434052205f,-0.2334607583103338f,-0.908703350881702f,0.02310958090170121f,0.003159308322342078f,0.9682503644247601f,-0.24996249831173395f,1.0457207413448713f,0.9382087850502114f,-0.08937172998483996f,-0.3343306290696725f,-0.012237934027782619f,0f,0f,0f,1f],start_interpolation:0}
execute if entity @s[tag=aj.louvert.locator_origin.locator] at @s on origin run tp @s ^0.4134 ^2.72296 ^0.40301 ~-139.7446 ~-75.56011
execute if entity @s[tag=aj.louvert.bone.sword_0] run data modify entity @s {} merge value {transformation:[0.9241544984117751f,-0.3463711349224613f,-0.1611381393643569f,0.26296133689460577f,-0.08038231205465408f,0.23605337046898692f,-0.9684097739071925f,1.8792255810551888f,0.37346639336629617f,0.9079129050645541f,0.19030767153011358f,0.5936682071654393f,0f,0f,0f,1f],start_interpolation:0}
execute if entity @s[tag=aj.louvert.bone.right_arm_1] run data modify entity @s {} merge value {transformation:[0.5903612315550097f,-0.7454762102033037f,-0.30941692955908606f,0.05014724527455908f,0.715531802386929f,0.6607588976400912f,-0.22674196559605855f,1.604608633424885f,0.37348073049324093f,-0.08753798724194953f,0.9234983728950819f,0.45211966942641624f,0f,0f,0f,1f],start_interpolation:0}
execute if entity @s[tag=aj.louvert.bone.right_arm_0] run data modify entity @s {} merge value {transformation:[0.512891357899085f,-0.7454762102033037f,-0.42568494806999346f,-0.10713022518501156f,0.652546351816698f,0.6607588976400912f,-0.370919044968265f,1.4033028777491932f,0.5577864409638791f,-0.08753798724194953f,0.8253553095888325f,0.2719926516926027f,0f,0f,0f,1f],start_interpolation:0}
execute if entity @s[tag=aj.louvert.locator_origin.locator2] at @s on origin run tp @s ^0.62457 ^0.70425 ^-1.31176 ~-153.05891 ~40.23394
execute if entity @s[tag=aj.louvert.bone.sword_1] run data modify entity @s {} merge value {transformation:[-0.3197917869659674f,-0.8820987527945967f,-0.3458829329517862f,0.2980545620290658f,0.6007494682742515f,-0.47106291709633796f,0.6459100591451512f,1.2588341874503355f,-0.7326890809595273f,-0.0012322560226024626f,0.6805624087383736f,-0.7145246277705796f,0f,0f,0f,1f],start_interpolation:0}
execute if entity @s[tag=aj.louvert.bone.left_arm_1] run data modify entity @s {} merge value {transformation:[-0.75578102165021f,0.4456675308943388f,-0.4797660880261428f,0.01099987853027709f,0.4451871860396012f,0.8869982356944555f,0.12264786692423416f,1.4296648236308895f,0.4802118456468003f,-0.1208907845183695f,-0.8687819067631569f,-0.5437710144048191f,0f,0f,0f,1f],start_interpolation:0}
execute if entity @s[tag=aj.louvert.bone.left_arm_0] run data modify entity @s {} merge value {transformation:[-0.09616662227276103f,0.4456675308943388f,-0.8900182204130385f,0.02409339593754299f,0.1816993083595787f,0.8869982356944555f,0.42452266278324163f,1.4599236462557594f,0.9786405581735813f,-0.1208907845183695f,-0.16627710641045665f,-0.2734867409902117f,0f,0f,0f,1f],start_interpolation:0}
execute if entity @s[tag=aj.louvert.bone.wing_0] run data modify entity @s {} merge value {transformation:[-0.5940662793388305f,-0.06480764665172867f,-0.8018012376443326f,-0.49947269287804147f,-0.07258902134670867f,0.9970017228569861f,-0.02680295879429292f,1.1802786773709202f,0.8011342520030247f,0.04227923314898431f,-0.5969894276382858f,-0.11546624861992934f,0f,0f,0f,1f],start_interpolation:0}
execute if entity @s[tag=aj.louvert.bone.wing_1] run data modify entity @s {} merge value {transformation:[0.26608427553994385f,-0.06480764665172867f,-0.9617687493601819f,-0.25420376916491316f,-0.023569244216379688f,0.9970017228569861f,-0.07370247856938153f,1.1942564954508117f,0.9636615842905911f,0.04227923314898431f,0.2637590138874536f,-0.0691221479993636f,0f,0f,0f,1f],start_interpolation:0}
execute if entity @s[tag=aj.louvert.bone.body_0] run data modify entity @s {} merge value {transformation:[-0.18245670693379107f,-0.06480764665172867f,-0.9810756948525132f,-0.024315260499621925f,-0.05349293642911032f,0.9970017228569861f,-0.05591127231956587f,1.4051638402242013f,0.9817576360014053f,0.04227923314898431f,-0.185376402482263f,-0.011459746034298909f,0f,0f,0f,1f],start_interpolation:0}