execute if entity @s[tag=aj.louvert.bone.head] run data modify entity @s {} merge value {transformation:[-0.5596755009403256f,-0.256680528515228f,0.7879583998716804f,-0.058750026130782104f,-0.42632762143521585f,0.9045320233868523f,-0.008159526277799839f,1.5903010034771985f,-0.7106392142631781f,-0.3404951173641555f,-0.615674412496234f,-0.050166410899100414f,0f,0f,0f,1f],start_interpolation:0}
execute if entity @s[tag=aj.louvert.bone.coat_0] run data modify entity @s {} merge value {transformation:[0.22871835002693827f,-0.08037130175487982f,0.9701692482320705f,0.16045747720990894f,0.0885409435482295f,0.9941729960764155f,0.06148621949699434f,0.7934806241782626f,-0.969457795717041f,0.07183667396719734f,0.23450175819551206f,-0.14272841724498972f,0f,0f,0f,1f],start_interpolation:0}
execute if entity @s[tag=aj.louvert.bone.coat_1] run data modify entity @s {} merge value {transformation:[0.21377581689401118f,0.11433079154854665f,0.9701692482320705f,0.04303106313332359f,-0.6731638244415266f,0.7369327718830428f,0.06148621949699434f,0.7927025578612217f,-0.7079197451509287f,-0.6662271082961558f,0.23450175819551206f,0.3432864301515899f,0f,0f,0f,1f],start_interpolation:0}
execute if entity @s[tag=aj.louvert.bone.coat_2] run data modify entity @s {} merge value {transformation:[0.23485282815317068f,-0.3883224083940095f,0.8910947515542514f,0.2230154262006251f,0.001556132634082108f,0.9168839933493883f,0.39915074995658434f,0.8007773684568664f,-0.9720296947931593f,-0.09235502086381f,0.2159370800987241f,0.12959172622773912f,0f,0f,0f,1f],start_interpolation:0}
execute if entity @s[tag=aj.louvert.bone.right_leg_1] run data modify entity @s {} merge value {transformation:[0.23485282815317068f,0.17635999456546841f,0.9558981647776739f,-0.05157494585791719f,0.001556132634082108f,0.9833335469516984f,-0.1818040535593662f,0.41565360948603775f,-0.9720296947931593f,0.04418470047719743f,0.23066422497660516f,-0.0659657038891712f,0f,0f,0f,1f],start_interpolation:0}
execute if entity @s[tag=aj.louvert.bone.right_leg_0] run data modify entity @s {} merge value {transformation:[0.23485282815317068f,0.4330093500413151f,0.8702568884445874f,0.1311008736907626f,0.001556132634082108f,0.8951288844159163f,-0.44580473162085443f,0.7932861075990024f,-0.9720296947931593f,0.10605273716936629f,0.20954973008620859f,-0.021224705395844798f,0f,0f,0f,1f],start_interpolation:0}
execute if entity @s[tag=aj.louvert.bone.left_leg_1] run data modify entity @s {} merge value {transformation:[-0.010623453070130795f,0.4197602063444072f,0.9075728683772821f,-0.27650186467071164f,-0.23654833284188953f,0.8808075535368595f,-0.4101498992589606f,0.7575838998537231f,-0.9715616441969028f,-0.21904205715367417f,0.08993635929532143f,0.23419539866148978f,0f,0f,0f,1f],start_interpolation:0}
execute if entity @s[tag=aj.louvert.bone.left_leg_0] run data modify entity @s {} merge value {transformation:[-0.010623453070130795f,0.9842047337494796f,0.17671498043454853f,0.07238766665246993f,-0.23654833284188953f,0.1692353292258536f,-0.9567676256915991f,0.7928970744404819f,-0.9715616441969028f,-0.05196580998053482f,0.2310141253656961f,0.221782718302445f,0f,0f,0f,1f],start_interpolation:0}
execute if entity @s[tag=aj.louvert.bone.body_1] run data modify entity @s {} merge value {transformation:[0.23485282815317068f,-0.06013134701032641f,0.9701692482320705f,0.08295322423088926f,0.001556132634082108f,0.9981067193758353f,0.06148621949699434f,1.1049999408246907f,-0.9720296947931593f,-0.012930500513558874f,0.23450175819551206f,0.09623822504281296f,0f,0f,0f,1f],start_interpolation:0}
execute if entity @s[tag=aj.louvert.locator_origin.locator] at @s on origin run tp @s ^-0.28099 ^1.00142 ^-1.29681 ~142.11997 ~-5.02279
execute if entity @s[tag=aj.louvert.bone.sword_0] run data modify entity @s {} merge value {transformation:[0.7793622028048205f,0.13592623733809195f,0.611652364372383f,0.2593366356141411f,-0.10407469010815792f,0.990708386656095f,-0.08755199305651457f,0.9503870877402494f,-0.6178697400893726f,0.0045771838924997775f,0.7862671515900341f,-0.6066588193009363f,0f,0f,0f,1f],start_interpolation:0}
execute if entity @s[tag=aj.louvert.bone.right_arm_1] run data modify entity @s {} merge value {transformation:[-0.006936922746100582f,0.08585485365393802f,0.9962835054375212f,0.25844894651079864f,-0.8722653154466183f,0.4866703604674292f,-0.04801228708688726f,1.272542038721719f,-0.4889837406004681f,-0.8693566036711077f,0.07151221631169602f,-0.41442018213325105f,0f,0f,0f,1f],start_interpolation:0}
execute if entity @s[tag=aj.louvert.bone.right_arm_0] run data modify entity @s {} merge value {transformation:[0.5220669780411147f,0.08585485365393802f,0.8485723390159964f,0.07939228451640036f,-0.7651655759550258f,0.4866703604674292f,0.4215134655214659f,1.503752903729137f,-0.37678602921609494f,-0.8693566036711077f,0.3197677029360607f,-0.30267019243327253f,0f,0f,0f,1f],start_interpolation:0}
execute if entity @s[tag=aj.louvert.locator_origin.locator2] at @s on origin run tp @s ^-0.04788 ^1.09789 ^-0.66966 ~-145.11947 ~-1.44697
execute if entity @s[tag=aj.louvert.bone.sword_1] run data modify entity @s {} merge value {transformation:[0.8136585286545963f,0.10552870123015927f,-0.5716847837439031f,-0.5468446513258319f,-0.14600701523013915f,0.9889612221831852f,-0.025251782541563392f,1.101484441007788f,0.5627092946195427f,0.10401631715560933f,0.8200846636257506f,0.052758367152666304f,0f,0f,0f,1f],start_interpolation:0}
execute if entity @s[tag=aj.louvert.bone.left_arm_1] run data modify entity @s {} merge value {transformation:[0.5808187111258556f,-0.5747910080465183f,-0.5764242551063994f,-0.3215488836522988f,0.6616861139375696f,0.7458191961352152f,-0.07697540710135253f,1.342048101221505f,0.47415304641887274f,-0.336703168599716f,0.8135169726727365f,0.23195445111344618f,0f,0f,0f,1f],start_interpolation:0}
execute if entity @s[tag=aj.louvert.bone.left_arm_0] run data modify entity @s {} merge value {transformation:[0.7813555893116634f,-0.5747910080465183f,-0.2431023243827396f,-0.07737526199240395f,0.6224660387084751f,0.7458191961352152f,0.23725462552034787f,1.5365687383179036f,0.044938554783197304f,-0.336703168599716f,0.9405378793801498f,0.24599774948319533f,0f,0f,0f,1f],start_interpolation:0}
execute if entity @s[tag=aj.louvert.bone.wing_0] run data modify entity @s {} merge value {transformation:[0.8170188935234772f,-0.3305232629995642f,0.47247698382227454f,0.47915351503331627f,0.11107882859400038f,0.8942748718008625f,0.43351349172054093f,1.493650749056385f,-0.5658105879743307f,-0.3017065234324107f,0.7673536031416486f,0.21342905799882114f,0f,0f,0f,1f],start_interpolation:0}
execute if entity @s[tag=aj.louvert.bone.wing_1] run data modify entity @s {} merge value {transformation:[-0.13201236659515858f,-0.3305232629995642f,0.9345197203280765f,0.26701043027931715f,-0.36033584867992974f,0.8942748718008625f,0.2653875087898178f,1.3882723826760186f,-0.9234342484563047f,-0.3017065234324107f,-0.23715472269442156f,0.13348713226480594f,0f,0f,0f,1f],start_interpolation:0}
execute if entity @s[tag=aj.louvert.bone.body_0] run data modify entity @s {} merge value {transformation:[0.41313358381163084f,-0.3305232629995642f,0.8485723390159964f,-0.007436262814715199f,-0.1503291457091232f,0.8942748718008625f,0.4215134655214659f,1.460120625f,-0.8981769257096975f,-0.3017065234324107f,0.3197677029360607f,-0.008542547101156891f,0f,0f,0f,1f],start_interpolation:0}