execute if entity @s[tag=aj.louvert.bone.head] run data modify entity @s {} merge value {transformation:[-0.9707100674101048f,-0.04597316415106836f,-0.23581440415421712f,-0.026327856506225565f,-0.047903051935405186f,0.9988489644881001f,0.0024584052399603817f,1.527331214370212f,0.23542995273317174f,0.013682628365519381f,-0.9717950005207207f,-0.007075784094677118f,0f,0f,0f,1f],start_interpolation:0}
execute if entity @s[tag=aj.louvert.bone.coat_0] run data modify entity @s {} merge value {transformation:[-0.5121197974030116f,-0.17823161580101138f,-0.8402183074873214f,0.010318562722840374f,0.1642212091174932f,0.939868427210796f,-0.29946407799315944f,0.7192685742904523f,0.8430686256669067f,-0.29134314932955807f,-0.4520558170788735f,0.26878640974790446f,0f,0f,0f,1f],start_interpolation:0}
execute if entity @s[tag=aj.louvert.bone.coat_1] run data modify entity @s {} merge value {transformation:[-0.3595446878855934f,-0.39815851357628973f,-0.8439178961723532f,0.24230509482461648f,-0.2967761527901896f,0.9062295372741387f,-0.3011178189794726f,0.7221713094758144f,0.8846759477618374f,0.14218939425505656f,-0.44399396799176766f,-0.17412873229607137f,0f,0f,0f,1f],start_interpolation:0}
execute if entity @s[tag=aj.louvert.bone.coat_2] run data modify entity @s {} merge value {transformation:[-0.46397306420355217f,0.03556183787484751f,-0.885135216439008f,0.02082209175218426f,-0.005805470370724488f,0.9990503674704857f,0.04318170643758806f,0.6830802145106993f,0.8858302840879516f,0.025173774926507464f,-0.4633260070928552f,-0.008170407273054407f,0f,0f,0f,1f],start_interpolation:0}
execute if entity @s[tag=aj.louvert.bone.right_leg_1] run data modify entity @s {} merge value {transformation:[-0.6232592825366001f,0.40211859804753813f,-0.6707074621891758f,0.2567625708186664f,0.021735077214703767f,0.8662415632100581f,0.49915242219773465f,0.4801496568506206f,0.7817131527295886f,0.29652350205620653f,-0.5486331739677154f,0.3149753072531795f,0f,0f,0f,1f],start_interpolation:0}
execute if entity @s[tag=aj.louvert.bone.right_leg_0] run data modify entity @s {} merge value {transformation:[-0.6232592825366001f,-0.4631333879048764f,-0.6301232670991554f,0.0683151957482844f,0.021735077214703767f,0.7951982088401207f,-0.6059598956003067f,0.7199942580867928f,0.7817131527295886f,-0.39136590764298185f,-0.48554842516926333f,0.1580576242369105f,0f,0f,0f,1f],start_interpolation:0}
execute if entity @s[tag=aj.louvert.bone.left_leg_1] run data modify entity @s {} merge value {transformation:[-0.4379653615435205f,-0.2234986376793876f,-0.8707667317046002f,0.3993109437267199f,-0.044596067643644995f,0.9728123897323284f,-0.22726030259154334f,0.3902517075573468f,0.8978850331967767f,-0.06069936852006111f,-0.4360252903473479f,0.025023058854904967f,0f,0f,0f,1f],start_interpolation:0}
execute if entity @s[tag=aj.louvert.bone.left_leg_0] run data modify entity @s {} merge value {transformation:[-0.4379653615435205f,-0.5342272645069805f,-0.723040505051717f,0.18430846179917243f,-0.044596067643644995f,0.8161997931858239f,-0.5760460817974041f,0.7214456256794739f,0.8978850331967767f,-0.22004346720774687f,-0.38129167273940884f,-0.0633999467850774f,0f,0f,0f,1f],start_interpolation:0}
execute if entity @s[tag=aj.louvert.bone.body_1] run data modify entity @s {} merge value {transformation:[-0.46397306420355217f,-0.2693168769564872f,-0.8439178961723532f,0.04215030472482616f,-0.005805470370724488f,0.9535692715302964f,-0.3011178189794726f,1.018710339236351f,0.8858302840879516f,-0.1348112168166437f,-0.44399396799176766f,0.005200333470715388f,0f,0f,0f,1f],start_interpolation:0}
execute if entity @s[tag=aj.louvert.locator_origin.locator] at @s on origin run tp @s ^0.07409 ^2.53799 ^0.88653 ~-85.1768 ~-84.75462
execute if entity @s[tag=aj.louvert.bone.sword_0] run data modify entity @s {} merge value {transformation:[0.24323417776635436f,-0.965680252481876f,-0.09109766590240281f,-0.031003353138535646f,-0.0297350681401595f,0.0864505520621528f,-0.9958122954507287f,1.666313477507643f,0.9695117124042523f,0.2449243801966012f,-0.007686839160869763f,0.8861643191013375f,0f,0f,0f,1f],start_interpolation:0}
execute if entity @s[tag=aj.louvert.bone.right_arm_1] run data modify entity @s {} merge value {transformation:[0.22426712639103188f,-0.7102780856311823f,-0.6672400595680776f,-0.10596690417177568f,0.41443059738827204f,0.6891952237258611f,-0.5943544595120495f,1.5052706648863832f,0.8820156098214526f,-0.14323052979572254f,0.4489248036873523f,0.5557313114077553f,0f,0f,0f,1f],start_interpolation:0}
execute if entity @s[tag=aj.louvert.bone.right_arm_0] run data modify entity @s {} merge value {transformation:[0.1261297262366416f,-0.7102780856311823f,-0.6925289403566992f,-0.14203233487175065f,0.3247885098817229f,0.6891952237258611f,-0.6477054634957701f,1.4069075307280055f,0.9373386346504019f,-0.14323052979572254f,0.31761816592593833f,0.261276510201838f,0f,0f,0f,1f],start_interpolation:0}
execute if entity @s[tag=aj.louvert.locator_origin.locator2] at @s on origin run tp @s ^0.58683 ^0.33003 ^-0.78017 ~-136.61769 ~76.16474
execute if entity @s[tag=aj.louvert.bone.sword_1] run data modify entity @s {} merge value {transformation:[-0.6533413446035208f,-0.7390310632398182f,-0.1642503424601814f,0.4234378690016078f,0.02491567921247119f,-0.2378295664037805f,0.9709872843006601f,1.175975404680947f,-0.756653352838038f,0.6302937290746381f,0.17379734960045307f,-0.6112261179694797f,0f,0f,0f,1f],start_interpolation:0}
execute if entity @s[tag=aj.louvert.bone.left_arm_1] run data modify entity @s {} merge value {transformation:[-0.812723116235544f,0.4062686730707253f,-0.4176444679601756f,0.1132580742206675f,0.49369861909669643f,0.8608440220481224f,-0.12332576051266295f,1.3575857571607461f,0.3094233505060681f,-0.30642019350128313f,-0.9002021190689539f,-0.5037716213873307f,0f,0f,0f,1f],start_interpolation:0}
execute if entity @s[tag=aj.louvert.bone.left_arm_0] run data modify entity @s {} merge value {transformation:[-0.28694425091611864f,0.4062686730707253f,-0.867530265839492f,0.0740962559174384f,0.4385709298876682f,0.8608440220481224f,0.25807578181897994f,1.4641608791134766f,0.8516563487250322f,-0.30642019350128313f,-0.42519187279507437f,-0.2562868332326938f,0f,0f,0f,1f],start_interpolation:0}
execute if entity @s[tag=aj.louvert.bone.wing_0] run data modify entity @s {} merge value {transformation:[-0.6950722827486504f,-0.08895869548669688f,-0.7134149369419492f,-0.46145019529327963f,-0.07116784327156311f,0.9959550303585226f,-0.054851760114224206f,1.1456314374582404f,0.7154087362051531f,0.012646264304501519f,-0.6985917349643398f,-0.1891139479335687f,0f,0f,0f,1f],start_interpolation:0}
execute if entity @s[tag=aj.louvert.bone.wing_1] run data modify entity @s {} merge value {transformation:[0.04772049796342476f,-0.08895869548669688f,-0.9948915039196123f,-0.22859925011297658f,-0.008420314600526328f,0.9959550303585226f,-0.08945767605735314f,1.165301555071355f,0.9988252361530274f,0.012646264304501519f,0.04677840979543607f,-0.10026844269145913f,0f,0f,0f,1f],start_interpolation:0}
execute if entity @s[tag=aj.louvert.bone.body_0] run data modify entity @s {} merge value {transformation:[-0.3529494974575499f,-0.08895869548669688f,-0.9314037807212123f,-0.01638466815640272f,-0.043393099369990674f,0.9959550303585226f,-0.07868047045245907f,1.381683226636164f,0.9346355927159682f,0.012646264304501519f,-0.3553820209684384f,-0.0064626299082976915f,0f,0f,0f,1f],start_interpolation:0}