execute if entity @s[tag=aj.louvert.bone.head] run data modify entity @s {} merge value {transformation:[-0.9645180057502688f,-0.2131043241293333f,0.15585751063360503f,-0.05092586586018787f,-0.19599741906276028f,0.973466592627559f,0.11810082454761661f,1.6001764109217378f,-0.1768898762062459f,0.08336270194439627f,-0.9806939541061058f,0.012062525632305685f,0f,0f,0f,1f],start_interpolation:0}
execute if entity @s[tag=aj.louvert.bone.coat_0] run data modify entity @s {} merge value {transformation:[-0.996899279353047f,-0.07792160859492979f,0.01095672119540399f,-0.09876120665480811f,-0.07755926411515876f,0.9965266581256046f,0.030317984677904343f,0.7308061316973232f,-0.013281090892328628f,0.029374181843809088f,-0.9994802499628077f,-0.01109782776499842f,0f,0f,0f,1f],start_interpolation:0}
execute if entity @s[tag=aj.louvert.bone.coat_1] run data modify entity @s {} merge value {transformation:[-0.6160470148095986f,-0.7876359145310426f,-0.01075833095932402f,0.3943971000713046f,-0.7875484797156309f,0.615587685706358f,0.02862155314249741f,0.8131844483681234f,-0.01592066712737644f,0.02610492956394309f,-0.9995324231913044f,-0.014046971626990371f,0f,0f,0f,1f],start_interpolation:0}
execute if entity @s[tag=aj.louvert.bone.coat_2] run data modify entity @s {} merge value {transformation:[-0.9863166134522253f,-0.15090999898636384f,-0.06637552436003127f,0.14647315533833272f,-0.16475663334160034f,0.9166715583029293f,0.3640995824886657f,0.7755729841755354f,0.005898287723983903f,0.3700532750894321f,-0.928991810403897f,-0.13751395259490745f,0f,0f,0f,1f],start_interpolation:0}
execute if entity @s[tag=aj.louvert.bone.right_leg_1] run data modify entity @s {} merge value {transformation:[-0.9863166134522253f,-0.1644415801989094f,-0.011768803244981772f,0.0925832681509961f,-0.16475663334160034f,0.9857244474498508f,0.03467802574582424f,0.3476251130222727f,0.005898287723983903f,0.036142501315933356f,-0.9993292399407478f,0.08971444585999969f,0f,0f,0f,1f],start_interpolation:0}
execute if entity @s[tag=aj.louvert.bone.right_leg_0] run data modify entity @s {} merge value {transformation:[-0.9863166134522253f,-0.161315314072358f,0.03401334258596082f,0.024528370026720064f,-0.16475663334160034f,0.9570977134050386f,-0.2383678224190257f,0.7514007108650234f,0.005898287723983903f,-0.24071006717747223f,-0.9705791434815307f,-0.011835113730496408f,0f,0f,0f,1f],start_interpolation:0}
execute if entity @s[tag=aj.louvert.bone.left_leg_1] run data modify entity @s {} merge value {transformation:[-0.8892527580521363f,-0.3806177096219889f,-0.2536921193470144f,0.41609474324824236f,-0.3821147204118058f,0.9229998123503641f,-0.04538377293483414f,0.6398604188880341f,0.2514316462605214f,0.05658184800184962f,-0.9662197585101537f,0.26736347138240507f,0f,0f,0f,1f],start_interpolation:0}
execute if entity @s[tag=aj.louvert.bone.left_leg_0] run data modify entity @s {} merge value {transformation:[-0.8892527580521363f,-0.4261257676801914f,0.1662719531840412f,0.2711075233897764f,-0.3821147204118058f,0.49223473274348944f,-0.7821082459132837f,0.7925898692004234f,0.2514316462605214f,-0.7590268756769508f,-0.6005500222785866f,-0.013309685661492383f,0f,0f,0f,1f],start_interpolation:0}
execute if entity @s[tag=aj.louvert.bone.body_1] run data modify entity @s {} merge value {transformation:[-0.9863166134522253f,-0.16451077880522932f,-0.01075833095932402f,0.09640832833161406f,-0.16475663334160034f,0.9859188904091719f,0.02862155314249741f,1.0800949432855895f,0.005898287723983903f,0.0300024197564839f,-0.9995324231913044f,-0.0031966435220931767f,0f,0f,0f,1f],start_interpolation:0}
execute if entity @s[tag=aj.louvert.locator_origin.locator] at @s on origin run tp @s ^-1.24744 ^1.07586 ^0.51654 ~50.63349 ~-16.87907
execute if entity @s[tag=aj.louvert.bone.sword_0] run data modify entity @s {} merge value {transformation:[-0.6721214674907358f,-0.030826434501128434f,0.7397989347613629f,-0.59899588152775f,-0.36024851824719645f,0.8865192495679033f,-0.29035258780706835f,0.8441269556403912f,-0.6468954614455099f,-0.46166367745525483f,-0.6069537963302407f,-0.028148621352947416f,0f,0f,0f,1f],start_interpolation:0}
execute if entity @s[tag=aj.louvert.bone.right_arm_1] run data modify entity @s {} merge value {transformation:[-0.46478522055145177f,-0.885419238705754f,-0.002733219102280582f,-0.41547100396126296f,-0.8178217591895021f,0.43048003827957215f,-0.3819090295332206f,1.1473204929164915f,0.33932619844793377f,-0.17527038646771134f,-0.9241958789533378f,-0.15116322342163763f,0f,0f,0f,1f],start_interpolation:0}
execute if entity @s[tag=aj.louvert.bone.right_arm_0] run data modify entity @s {} merge value {transformation:[-0.3956086068659719f,-0.885419238705754f,0.24398074084502575f,-0.296417953206491f,-0.8959331378102179f,0.43048003827957215f,0.10950227950301022f,1.4252464307415031f,-0.20198426361254507f,-0.17527038646771134f,-0.9635780450385724f,-0.06997605269824407f,0f,0f,0f,1f],start_interpolation:0}
execute if entity @s[tag=aj.louvert.locator_origin.locator2] at @s on origin run tp @s ^1.23694 ^1.04392 ^1.01888 ~-33.24662 ~34.43485
execute if entity @s[tag=aj.louvert.bone.sword_1] run data modify entity @s {} merge value {transformation:[0.10942612780658564f,-0.8851913416449333f,-0.45217497855376715f,0.817058442675669f,-0.7323339685404975f,-0.37938382428335793f,0.5654687192001517f,1.5302971699939725f,-0.6720958868159979f,0.26926604418117234f,-0.6897701909883032f,0.4205450912384247f,0f,0f,0f,1f],start_interpolation:0}
execute if entity @s[tag=aj.louvert.bone.left_arm_1] run data modify entity @s {} merge value {transformation:[-0.820461581895997f,-0.3023575602975327f,0.485203769939643f,0.5112713178072579f,0.09759059282446196f,0.7621733759523966f,0.6399748598042714f,1.5572874429920187f,-0.5633106326219027f,0.572426109397755f,-0.5958267201585215f,0.2048924689911913f,0f,0f,0f,1f],start_interpolation:0}
execute if entity @s[tag=aj.louvert.bone.left_arm_0] run data modify entity @s {} merge value {transformation:[-0.8924154589888574f,-0.3023575602975327f,0.33492469943052994f,0.2352866192798384f,-0.0153387748339778f,0.7621733759523966f,0.6471912136114946f,1.549212772192924f,-0.4509538452483796f,0.572426109397755f,-0.6848130976663996f,0.06986759896059729f,0f,0f,0f,1f],start_interpolation:0}
execute if entity @s[tag=aj.louvert.bone.wing_0] run data modify entity @s {} merge value {transformation:[-0.6248239106425653f,-0.2953729269180446f,0.7227377911339623f,0.17259894819040283f,-0.1663594238599546f,0.9547869929454343f,0.2463865665883575f,1.32671952184825f,-0.7628365636113122f,0.03371397553067018f,-0.645711812708736f,-0.4813156759756484f,0f,0f,0f,1f],start_interpolation:0}
execute if entity @s[tag=aj.louvert.bone.wing_1] run data modify entity @s {} merge value {transformation:[-0.9002248952782899f,-0.2953729269180446f,-0.3199218216456316f,0.1116037629791464f,-0.28996358823184987f,0.9547869929454343f,-0.06559661273210203f,1.2993439519724974f,0.3248326575652486f,0.03371397553067018f,-0.9451704144930773f,-0.24042116471600525f,0f,0f,0f,1f],start_interpolation:0}
execute if entity @s[tag=aj.louvert.bone.body_0] run data modify entity @s {} merge value {transformation:[-0.9237035412623358f,-0.2953729269180446f,0.24398074084502575f,-0.01046278066523399f,-0.27638930675020656f,0.9547869929454343f,0.10950227950301022f,1.460120625f,-0.2652936466890234f,0.03371397553067018f,-0.9635780450385724f,0.004336281399564124f,0f,0f,0f,1f],start_interpolation:0}