execute if entity @s[tag=aj.louvert.bone.head] run data modify entity @s {} merge value {transformation:[-0.7322850373098124f,0.2668320045130208f,-0.6265455334608413f,0.028962322684789283f,-0.07473458754639375f,0.8829946451604023f,0.46339529350472025f,1.59152645447004f,0.6768850460428546f,0.3861620618155267f,-0.6266621868741915f,0.06785766046422337f,0f,0f,0f,1f],start_interpolation:0}
execute if entity @s[tag=aj.louvert.bone.coat_0] run data modify entity @s {} merge value {transformation:[-0.12935971079752887f,0.17264485951679284f,-0.9764526704888501f,-0.15093751248720189f,0.4331035780334567f,0.89566926404954f,0.1009844549006076f,0.7422974161082785f,0.8920130917856517f,-0.40984182548805626f,-0.1906366233534904f,0.03547311086662877f,0f,0f,0f,1f],start_interpolation:0}
execute if entity @s[tag=aj.louvert.bone.coat_1] run data modify entity @s {} merge value {transformation:[-0.18305379392308063f,-0.03129254397873236f,-0.9826047451654738f,-0.06363455180067071f,-0.6507348359397842f,0.7530520247507126f,0.09724618919666841f,0.8391040401104453f,0.7369094122243174f,0.65721642151592f,-0.15821217862421436f,-0.4472345341988593f,0f,0f,0f,1f],start_interpolation:0}
execute if entity @s[tag=aj.louvert.bone.coat_2] run data modify entity @s {} merge value {transformation:[-0.17460592137306236f,0.39550709886551766f,-0.9017133175064267f,-0.23011162528962054f,-0.19361324800433358f,0.8841114092307444f,0.42527746973621794f,0.8028565017589454f,0.9654152901309762f,0.2488396086136791f,-0.07779567318504668f,-0.22565723399414206f,0f,0f,0f,1f],start_interpolation:0}
execute if entity @s[tag=aj.louvert.bone.right_leg_1] run data modify entity @s {} merge value {transformation:[-0.41447631651713623f,-0.09576460458773439f,-0.9050074715462528f,0.11993008669875563f,-0.0396728297186842f,0.9954039839727552f,-0.08716062914687572f,0.4922940929380643f,0.909194945888119f,-0.0002218092013218098f,-0.4163706295743963f,0.01636238774704378f,0f,0f,0f,1f],start_interpolation:0}
execute if entity @s[tag=aj.louvert.bone.right_leg_0] run data modify entity @s {} merge value {transformation:[-0.41447631651713623f,-0.6324420139661995f,-0.6543901603911573f,-0.12911177231556908f,-0.0396728297186842f,0.7309356383004341f,-0.6812922715284897f,0.7664990721088202f,0.909194945888119f,-0.2564180017719402f,-0.32804627530088837f,-0.08520380039974323f,0f,0f,0f,1f],start_interpolation:0}
execute if entity @s[tag=aj.louvert.bone.left_leg_1] run data modify entity @s {} merge value {transformation:[-0.08964206193382956f,0.039443076217555884f,-0.9951927172516627f,0.12187996571252077f,-0.1945808833017762f,0.9792671861725106f,0.056338778290569436f,0.4902556419581197f,0.9767817466485296f,0.19869580223112288f,-0.0801086611420918f,-0.37220102462498555f,0f,0f,0f,1f],start_interpolation:0}
execute if entity @s[tag=aj.louvert.bone.left_leg_0] run data modify entity @s {} merge value {transformation:[-0.08964206193382956f,-0.5316702066149541f,-0.8421942128335148f,-0.08546029197230351f,-0.1945808833017762f,0.8386528236521892f,-0.5087236196931598f,0.8149023841099036f,0.9767817466485296f,0.11827185962105331f,-0.17863142678718613f,-0.32655762293248725f,0f,0f,0f,1f],start_interpolation:0}
execute if entity @s[tag=aj.louvert.bone.body_1] run data modify entity @s {} merge value {transformation:[-0.17460592137306236f,0.06325098418015745f,-0.9826047451654738f,-0.0875200995876371f,-0.19361324800433358f,0.9762464283591199f,0.09724618919666841f,1.0957777369715869f,0.9654152901309762f,0.2072250566806613f,-0.15821217862421436f,-0.1411228814534086f,0f,0f,0f,1f],start_interpolation:0}
execute if entity @s[tag=aj.louvert.locator_origin.locator] at @s on origin run tp @s ^-0.25957 ^0.55998 ^1.09332 ~-18.93015 ~24.32683
execute if entity @s[tag=aj.louvert.bone.sword_0] run data modify entity @s {} merge value {transformation:[-0.914672120014885f,0.2756616387901067f,-0.29561051024452584f,-0.5118226349076612f,0.13830259951450488f,0.9006536089961895f,0.41194109720889704f,0.9449521817878684f,0.37979903085053635f,0.33590733469469236f,-0.861927467170702f,0.3456317112473179f,0f,0f,0f,1f],start_interpolation:0}
execute if entity @s[tag=aj.louvert.bone.right_arm_1] run data modify entity @s {} merge value {transformation:[-0.5011978240740662f,-0.1720241390535402f,-0.8480615760228203f,-0.31987282655932864f,-0.8562500253500323f,0.2402126765666432f,0.45731145197202167f,1.2623526653561907f,0.12504653226495616f,0.9553562506204571f,-0.26768974423562036f,0.289484599482421f,0f,0f,0f,1f],start_interpolation:0}
execute if entity @s[tag=aj.louvert.bone.right_arm_0] run data modify entity @s {} merge value {transformation:[-0.8744440268942203f,-0.1720241390535402f,-0.4536026228009584f,-0.0381040189773668f,-0.483803055677554f,0.2402126765666432f,0.8415654896285559f,1.397761767324891f,-0.035808478689855566f,0.9553562506204571f,-0.29327834433237776f,0.30617371802923293f,0f,0f,0f,1f],start_interpolation:0}
execute if entity @s[tag=aj.louvert.locator_origin.locator2] at @s on origin run tp @s ^0.38778 ^1.35406 ^-1.65157 ~-163.54434 ~10.71372
execute if entity @s[tag=aj.louvert.bone.sword_1] run data modify entity @s {} merge value {transformation:[0.5096409248732202f,-0.8141225855650938f,-0.27833530743902324f,0.12230780402841472f,0.860173785056676f,0.47491213786084874f,0.18590191180757107f,1.5295804147175067f,-0.01916212920425019f,-0.33415995718404856f,0.9423215670985751f,-0.8332884384010646f,0f,0f,0f,1f],start_interpolation:0}
execute if entity @s[tag=aj.louvert.bone.left_arm_1] run data modify entity @s {} merge value {transformation:[-0.33470913382069667f,0.3423511136812142f,-0.8779325205835762f,0.000005158539292504649f,0.1383952662621614f,0.939426362371649f,0.31356795110054986f,1.5917175192702597f,0.9321032914936116f,-0.016547647639578854f,-0.36181435757080155f,-0.48411607810021173f,0f,0f,0f,1f],start_interpolation:0}
execute if entity @s[tag=aj.louvert.bone.left_arm_0] run data modify entity @s {} merge value {transformation:[0.2611571961498984f,0.3423511136812142f,-0.9025478568255292f,0.09967342538904847f,-0.078224981121233f,0.939426362371649f,0.3337049025857338f,1.5600798570091117f,0.9621214950450417f,-0.016547647639578854f,0.27211836419082447f,-0.218199841629675f,0f,0f,0f,1f],start_interpolation:0}
execute if entity @s[tag=aj.louvert.bone.wing_0] run data modify entity @s {} merge value {transformation:[-0.7209997065339961f,0.17936059558978867f,-0.6693199533314153f,-0.49530842548185494f,-0.15997475579628548f,0.896740910446002f,0.41263036369176015f,1.4300320832006137f,0.6742162121202742f,0.40458066721254954f,-0.6178567657896431f,-0.1914178940430996f,0f,0f,0f,1f],start_interpolation:0}
execute if entity @s[tag=aj.louvert.bone.wing_1] run data modify entity @s {} merge value {transformation:[0.12660928825814377f,0.17936059558978867f,-0.9756023087695328f,-0.2640006537655278f,-0.42887052956855054f,0.896740910446002f,0.1092053496861139f,1.3566519248524203f,0.8944496391605048f,0.40458066721254954f,0.19045820203785155f,-0.13131741896659507f,0f,0f,0f,1f],start_interpolation:0}
execute if entity @s[tag=aj.louvert.bone.body_0] run data modify entity @s {} merge value {transformation:[-0.33433099265206634f,0.17936059558978867f,-0.9252310868653087f,-0.00017660625078778826f,-0.3312119824299545f,0.896740910446002f,0.29352063339277357f,1.460120625f,0.8823386028317608f,0.40458066721254954f,-0.2404019003060182f,0.011324395165181349f,0f,0f,0f,1f],start_interpolation:0}