# This file was generated by Animated Java via MC-Build. It is not recommended to edit this file directly.
$data merge entity $(bone_head) { transformation: [-0.8660254037844388f,0.015304792987315057f,-0.49976570841907053f,0f,0f,0.9995314168381411f,0.030609585974630114f,1.6311403672845088f,0.4999999999999999f,0.02650867905335354f,-0.8656195988624832f,0f,0f,0f,0f,1f], start_interpolation: 0, interpolation_duration: 1 }
$data merge entity $(bone_bust) { transformation: [-0.25881904510252085f,-0.4829629131445341f,-0.8365163037378079f,0.06942591876452686f,0f,0.8660254037844387f,-0.49999999999999994f,1.5217653672845088f,0.9659258262890683f,-0.1294095225512604f,-0.22414386804201347f,0.018602618866743692f,0f,0f,0f,1f], start_interpolation: 0, interpolation_duration: 1 }
$data merge entity $(bone_left_wing) { transformation: [0.13052619222005146f,0f,-0.9914448613738105f,-0.10456453796722598f,0f,1f,0f,1.4123903672845088f,0.9914448613738105f,0f,0.13052619222005146f,-0.09272274478088188f,0f,0f,0f,1f], start_interpolation: 0, interpolation_duration: 1 }
$data merge entity $(bone_right_wing) { transformation: [-0.6087614290087207f,0f,-0.7933533402912352f,-0.13691691860504107f,0f,1f,0f,1.4123903672845088f,0.7933533402912352f,0f,-0.6087614290087207f,0.028017983505251698f,0f,0f,0f,1f], start_interpolation: 0, interpolation_duration: 1 }
$data merge entity $(bone_body) { transformation: [-0.25881904510252085f,0f,-0.9659258262890683f,0.6123724356957946f,0f,1f,0f,0.34989036728450884f,0.9659258262890683f,0f,-0.25881904510252085f,-0.35355339059327373f,0f,0f,0f,1f], start_interpolation: 0, interpolation_duration: 1 }
$data merge entity $(bone_right_ring) { transformation: [0.18967392200413324f,-0.0006469879677913071f,0.9818469252985109f,-0.0886455527700959f,-0.9794850979585703f,-0.06944735479171071f,0.18917190010549717f,1.540864044680364f,0.0680642798291436f,-0.9975854080323165f,-0.013806067229166328f,0.8308297068030255f,0f,0f,0f,1f], start_interpolation: 0, interpolation_duration: 1 }
$data merge entity $(bone_sword) { transformation: [1.8608362632916548e-7f,-6.4698796779130715e-9f,-0.000009998266400965178f,-0.103544804071371f,0.000009974120481288344f,-6.944735479171072e-7f,1.8608362632916585e-7f,1.5875155357112163f,-6.944735479171081e-7f,-0.000009975854080323167f,-6.469879677916125e-9f,1.0468711757858569f,0f,0f,0f,1f], start_interpolation: 0, interpolation_duration: 1 }
$data merge entity $(bone_right_hand) { transformation: [0.018608362632916545f,-0.0006469879677913071f,-0.9998266400965177f,-0.18248039214911183f,0.9974120481288342f,-0.06944735479171071f,0.018608362632916584f,1.5317574294909952f,-0.06944735479171081f,-0.9975854080323165f,-0.0006469879677916124f,0.6748963316759955f,0f,0f,0f,1f], start_interpolation: 0, interpolation_duration: 1 }
$data merge entity $(bone_right_arm) { transformation: [0.018608362632916545f,-0.0006469879677913071f,-0.9998266400965177f,-0.08896904675399155f,0.9974120481288342f,-0.06944735479171071f,0.018608362632916584f,1.5061403672845088f,-0.06944735479171081f,-0.9975854080323165f,-0.0006469879677916124f,0.3320370027868672f,0f,0f,0f,1f], start_interpolation: 0, interpolation_duration: 1 }
$data merge entity $(bone_left_ring) { transformation: [0.6373184072217758f,-0.005454162787387931f,0.7705812740552339f,0.06914909562844712f,0.4397777533459683f,0.8237159736570621f,-0.3578931717763989f,1.1124569488271943f,-0.6327880968209434f,0.5669764076665686f,0.5273679717912736f,-0.6389135289281406f,0f,0f,0f,1f], start_interpolation: 0, interpolation_duration: 1 }
$data merge entity $(bone_left_hand) { transformation: [-0.4631786153261447f,-0.005454162787387931f,-0.8862481720222863f,-0.01478888343417159f,-0.5045777287676239f,0.8237159736570621f,0.2586374110099012f,1.2654098269932885f,0.7286061253765724f,0.5669764076665686f,-0.38427967317209416f,-0.586349684590123f,0f,0f,0f,1f], start_interpolation: 0, interpolation_duration: 1 }
$data merge entity $(bone_left_arm) { transformation: [-0.4631786153261447f,0.05555734445938787f,-0.8845218775028554f,0.08896904675399155f,-0.5045777287676239f,0.8039611108855734f,0.3147186804359424f,1.5373903672845088f,0.7286061253765724f,0.5920810026172564f,-0.3443445954323705f,-0.3320370027868672f,0f,0f,0f,1f], start_interpolation: 0, interpolation_duration: 1 }
$data merge entity $(bone_leftfoot) { transformation: [-0.17342801559721882f,0.05824344174673651f,-0.9831227923812496f,0.32575531138393554f,0.02876360206567175f,0.998123428897947f,0.05405807877840685f,0.5208180851277857f,0.984426421121568f,-0.01890296745220902f,-0.174777856776201f,-0.05986006171040599f,0f,0f,0f,1f], start_interpolation: 0, interpolation_duration: 1 }
$data merge entity $(bone_leftleg) { transformation: [-0.17342801559721882f,-0.32241488089198483f,-0.930575826026777f,0.04355569429221542f,0.02876360206567175f,0.9428329380127811f,-0.3320221471444261f,0.8498903672845088f,0.984426421121568f,-0.0843486548653536f,-0.1542398321452243f,-0.11919067547305484f,0f,0f,0f,1f], start_interpolation: 0, interpolation_duration: 1 }
$data merge entity $(bone_rightfoot) { transformation: [-0.4881480035599668f,-0.17950499299865338f,-0.8541015654528286f,0.130271102084003f,0.21643961393810285f,0.9231512028954538f,-0.31771960926420884f,0.5264896276136647f,0.8454971437791755f,-0.33995560604471575f,-0.4117824252928073f,0.3023372845388018f,0f,0f,0f,1f], start_interpolation: 0, interpolation_duration: 1 }
$data merge entity $(bone_rightleg) { transformation: [-0.4881480035599668f,-0.17950499299865338f,-0.8541015654528286f,-0.0814443057077846f,0.21643961393810285f,0.9231512028954538f,-0.31771960926420884f,0.8498903672845088f,0.8454971437791755f,-0.33995560604471575f,-0.4117824252928073f,0.09731567547305484f,0f,0f,0f,1f], start_interpolation: 0, interpolation_duration: 1 }
$data merge entity $(bone_skirt_right_back) { transformation: [-0.5596246310178334f,-0.212967959205987f,-0.8009150521183823f,-0.2607796811936461f,0.24321034680169396f,0.8816617216138951f,-0.4043777143332979f,0.8422838271514081f,0.7922556402871195f,-0.4210905567600152f,-0.44160360442458674f,0.07243491581530392f,0f,0f,0f,1f], start_interpolation: 0, interpolation_duration: 1 }
$data merge entity $(bone_skirt_right) { transformation: [-0.5596246310178334f,-0.212967959205987f,-0.8009150521183823f,-0.03970009505428419f,0.24321034680169396f,0.8816617216138951f,-0.4043777143332979f,0.9085115250443326f,0.7922556402871195f,-0.4210905567600152f,-0.44160360442458674f,0.2477120781161924f,0f,0f,0f,1f], start_interpolation: 0, interpolation_duration: 1 }
$data merge entity $(bone_skirt_left_back) { transformation: [-0.42796885764343373f,-0.24587404113647437f,-0.8697060496412533f,-0.06422669315635474f,-0.19425591580456353f,0.9648183351888918f,-0.17717285135783556f,0.8535477414510528f,0.8826705478616045f,0.09312108235278804f,-0.46067468777776427f,-0.2877802936276727f,0f,0f,0f,1f], start_interpolation: 0, interpolation_duration: 1 }
$data merge entity $(bone_skirt_left) { transformation: [-0.42796885764343373f,-0.3207382929071626f,-0.8449672208733152f,0.20684050782232014f,-0.19425591580456353f,0.945705278682066f,-0.2605881137884196f,0.8738020659053094f,0.8826705478616045f,0.052616283942095686f,-0.4670377186072021f,-0.18729790763645326f,0f,0f,0f,1f], start_interpolation: 0, interpolation_duration: 1 }
$data merge entity $(bone_skirt_back_middle) { transformation: [-0.523912717304079f,-0.14762259961172147f,-0.8388820135936483f,-0.10978702949714794f,0.08189960831908935f,0.9715730278863096f,-0.22212227632771991f,0.8630600130914022f,0.8478254058497164f,-0.18507679370387198f,-0.4969292320120224f,-0.06338557103370773f,0f,0f,0f,1f], start_interpolation: 0, interpolation_duration: 1 }
$data merge entity $(bone_skirt_front_middle) { transformation: [-0.5000000000000001f,-0.3659981507706668f,-0.7848855672213959f,0.1445247459245314f,0f,0.90630778703665f,-0.4226182617406994f,0.9699413078806738f,0.8660254037844387f,-0.21130913087034972f,-0.45315389351832513f,0.08344140096409047f,0f,0f,0f,1f], start_interpolation: 0, interpolation_duration: 1 }
$data merge entity $(bone_lower) { transformation: [-0.5000000000000001f,0f,-0.8660254037844387f,0f,0f,1f,0f,0.9436403672845088f,0.8660254037844387f,0f,-0.5000000000000001f,0f,0f,0f,0f,1f], start_interpolation: 0, interpolation_duration: 1 }
data modify entity @s data merge value {"locators":{"locator_right_hand":{"posx":-0.08788207607187595,"posy":1.5915652397195588,"posz":1.1092303729748734,"roty":270.0370761022856,"rotx":1.0662421833729108},"locator_left_hand":{"posx":0.085157410641342,"posy":0.8965548852601339,"posz":-0.8211445850023809,"roty":293.44168915328,"rotx":14.989226289911494}},"cameras":{}}