# This file was generated by Animated Java via MC-Build. It is not recommended to edit this file directly.
$data merge entity $(bone_head) { transformation: [-0.8660254037844388f,0.07171112573523933f,-0.49483079375255606f,0f,0f,0.9896615875051121f,0.14342225147047866f,1.5852902718553064f,0.4999999999999999f,0.1242073132413946f,-0.8570720759290635f,0f,0f,0f,0f,1f], start_interpolation: 0, interpolation_duration: 1 }
$data merge entity $(bone_bust) { transformation: [-0.25881904510252085f,-0.4829629131445341f,-0.8365163037378079f,0.06942591876452686f,0f,0.8660254037844387f,-0.49999999999999994f,1.4759152718553064f,0.9659258262890683f,-0.1294095225512604f,-0.22414386804201347f,0.018602618866743692f,0f,0f,0f,1f], start_interpolation: 0, interpolation_duration: 1 }
$data merge entity $(bone_left_wing) { transformation: [0.13052619222005146f,0f,-0.9914448613738105f,-0.10456453796722598f,0f,1f,0f,1.3665402718553064f,0.9914448613738105f,0f,0.13052619222005146f,-0.09272274478088188f,0f,0f,0f,1f], start_interpolation: 0, interpolation_duration: 1 }
$data merge entity $(bone_right_wing) { transformation: [-0.6087614290087207f,0f,-0.7933533402912352f,-0.13691691860504107f,0f,1f,0f,1.3665402718553064f,0.7933533402912352f,0f,-0.6087614290087207f,0.028017983505251698f,0f,0f,0f,1f], start_interpolation: 0, interpolation_duration: 1 }
$data merge entity $(bone_body) { transformation: [-0.25881904510252085f,0f,-0.9659258262890683f,0.6123724356957946f,0f,1f,0f,0.30404027185530635f,0.9659258262890683f,0f,-0.25881904510252085f,-0.35355339059327373f,0f,0f,0f,1f], start_interpolation: 0, interpolation_duration: 1 }
$data merge entity $(bone_right_ring) { transformation: [-0.21178512395145718f,-0.000029288163209101326f,0.9773162540421959f,-0.08895440267238701f,-0.9772093377036426f,-0.014785026917581101f,-0.21176239818214798f,1.4676827853140968f,0.014455849254682919f,-0.9998906950868428f,0.003102628091793526f,0.8319823503302886f,0f,0f,0f,1f], start_interpolation: 0, interpolation_duration: 1 }
$data merge entity $(bone_sword) { transformation: [3.9616360226382497e-8f,-2.9288163209101327e-10f,-0.000009999921522603204f,-0.10444907214004506f,0.00000999882847347163f,-1.4785026917581102e-7f,3.961636022638271e-8f,1.5022252494947703f,-1.4785026917581136e-7f,-0.000009998906950868429f,-2.9288163209378883e-10f,1.0502459501618109f,0f,0f,0f,1f], start_interpolation: 0, interpolation_duration: 1 }
$data merge entity $(bone_right_hand) { transformation: [0.003961636022638249f,-0.000029288163209101326f,-0.9999921522603203f,-0.18270824322229345f,0.999882847347163f,-0.014785026917581101f,0.003961636022638271f,1.465744028235347f,-0.014785026917581136f,-0.9998906950868428f,-0.00002928816320937888f,0.6757466834576685f,0f,0f,0f,1f], start_interpolation: 0, interpolation_duration: 1 }
$data merge entity $(bone_right_arm) { transformation: [0.003961636022638249f,-0.000029288163209101326f,-0.9999921522603203f,-0.08896904675399155f,0.999882847347163f,-0.014785026917581101f,0.003961636022638271f,1.4602902718553064f,-0.014785026917581136f,-0.9998906950868428f,-0.00002928816320937888f,0.3320370027868672f,0f,0f,0f,1f], start_interpolation: 0, interpolation_duration: 1 }
$data merge entity $(bone_left_ring) { transformation: [0.3072704700064218f,-0.317536483030831f,0.8970816240490292f,0.14888555985495489f,0.26226228681370195f,0.9344367661683421f,0.2409282526979738f,1.0204761636092916f,-0.9147695617898972f,0.16124054073731564f,0.37040266851827336f,-0.47297612408558665f,0f,0f,0f,1f], start_interpolation: 0, interpolation_duration: 1 }
$data merge entity $(bone_left_hand) { transformation: [-0.48706963027070493f,-0.317536483030831f,-0.8135931152685412f,0.02299612982496184f,-0.30662302699398775f,0.9344367661683421f,-0.18113599683634232f,1.149500408619688f,0.8177686069940586f,0.16124054073731564f,-0.552499767816906f,-0.499579142828216f,0f,0f,0f,1f], start_interpolation: 0, interpolation_duration: 1 }
$data merge entity $(bone_left_arm) { transformation: [-0.48706963027070493f,-0.04215847711814271f,-0.8723450223822211f,0.08896904675399155f,-0.30662302699398775f,0.9435072762500786f,0.1256038971537198f,1.4915402718553064f,0.8177686069940586f,0.3286589150931966f,-0.4724805000682673f,-0.3320370027868672f,0f,0f,0f,1f], start_interpolation: 0, interpolation_duration: 1 }
$data merge entity $(bone_leftfoot) { transformation: [-0.16879071270088714f,0.1145224656080705f,-0.9789761489316147f,0.3068649018591661f,0.13477283136330967f,0.9865799741140562f,0.09217504327867143f,0.4669343317230928f,0.976394376895035f,-0.11638109618042072f,-0.18196005391184125f,-0.027140912637722364f,0f,0f,0f,1f], start_interpolation: 0, interpolation_duration: 1 }
$data merge entity $(bone_leftleg) { transformation: [-0.16879071270088714f,-0.26883299088868345f,-0.9482818770364494f,0.04355569429221542f,0.13477283136330967f,0.9467549072097744f,-0.29238917490312183f,0.8040402718553064f,0.976394376895035f,-0.1771552107166384f,-0.1235720521950654f,-0.11919067547305484f,0f,0f,0f,1f], start_interpolation: 0, interpolation_duration: 1 }
$data merge entity $(bone_rightfoot) { transformation: [-0.4881480035599668f,0.016978569515949615f,-0.8725956995067136f,0.05345495159620181f,0.2164396139381029f,0.9709332327845744f,-0.10218880072111822f,0.4262043261537547f,0.8454971437791755f,-0.23874753538348312f,-0.4776339542050679f,0.2719223792809184f,0f,0f,0f,1f], start_interpolation: 0, interpolation_duration: 1 }
$data merge entity $(bone_rightleg) { transformation: [-0.4881480035599668f,0.016978569515949615f,-0.8725956995067136f,-0.0814443057077846f,0.2164396139381029f,0.9709332327845744f,-0.10218880072111822f,0.8040402718553064f,0.8454971437791755f,-0.23874753538348312f,-0.4776339542050679f,0.09731567547305484f,0f,0f,0f,1f], start_interpolation: 0, interpolation_duration: 1 }
$data merge entity $(bone_skirt_right_back) { transformation: [-0.5596246310178334f,-0.027578504689654115f,-0.828287207698656f,-0.25689125904332727f,0.24321034680169396f,0.9499742866819698f,-0.19595300929478568f,0.8593227153310419f,0.7922556402871195f,-0.31110814955922533f,-0.524921631970984f,0.05587562101792909f,0f,0f,0f,1f], start_interpolation: 0, interpolation_duration: 1 }
$data merge entity $(bone_skirt_right) { transformation: [-0.5596246310178334f,-0.027578504689654115f,-0.828287207698656f,-0.03970009505428419f,0.24321034680169396f,0.9499742866819698f,-0.19595300929478568f,0.8626614296151301f,0.7922556402871195f,-0.31110814955922533f,-0.524921631970984f,0.2477120781161924f,0f,0f,0f,1f], start_interpolation: 0, interpolation_duration: 1 }
$data merge entity $(bone_skirt_left_back) { transformation: [-0.4970305623738538f,-0.1552646729725971f,-0.8537291733290151f,-0.058400975441772224f,-0.009342187962166635f,0.9847620185496037f,-0.17365624188663564f,0.8152335049930481f,0.8676827436283439f,-0.07833676115861969f,-0.4909073316429153f,-0.3033563894101715f,0f,0f,0f,1f], start_interpolation: 0, interpolation_duration: 1 }
$data merge entity $(bone_skirt_left) { transformation: [-0.4970305623738538f,-0.2290812442230845f,-0.8369482681812147f,0.20684050782232014f,-0.009342187962166635f,0.9658795630168435f,-0.25882309261437797f,0.8279519704761069f,0.8676827436283439f,-0.12082405924150556f,-0.482211782433813f,-0.18729790763645326f,0f,0f,0f,1f], start_interpolation: 0, interpolation_duration: 1 }
$data merge entity $(bone_skirt_back_middle) { transformation: [-0.523912717304079f,-0.027730234167234663f,-0.8513204442277226f,-0.10978702949714794f,0.08189960831908934f,0.9931990157747262f,-0.08275366590849684f,0.8172099176621997f,0.8478254058497164f,-0.11307850890927808f,-0.5180784998613803f,-0.06338557103370773f,0f,0f,0f,1f], start_interpolation: 0, interpolation_duration: 1 }
$data merge entity $(bone_skirt_front_middle) { transformation: [-0.5000000000000001f,-0.3659981507706668f,-0.7848855672213959f,0.1445247459245314f,0f,0.90630778703665f,-0.4226182617406994f,0.9240912124514713f,0.8660254037844387f,-0.21130913087034972f,-0.45315389351832513f,0.08344140096409047f,0f,0f,0f,1f], start_interpolation: 0, interpolation_duration: 1 }
$data merge entity $(bone_lower) { transformation: [-0.5000000000000001f,0f,-0.8660254037844387f,0f,0f,1f,0f,0.8977902718553064f,0.8660254037844387f,0f,-0.5000000000000001f,0f,0f,0f,0f,1f], start_interpolation: 0, interpolation_duration: 1 }
data modify entity @s data merge value {"locators":{"locator_right_hand":{"posx":-0.088822364250777,"posy":1.5030874131142653,"posz":1.1127395762322887,"roty":270.0016781013104,"rotx":0.22698561780670576},"locator_left_hand":{"posx":0.25341362165333564,"posy":0.7672477927180076,"posz":-0.543880295136521,"roty":304.17988059372067,"rotx":-10.43593539475226}},"cameras":{}}