execute if entity @s[tag=aj.tultaria.bone.head] run data modify entity @s {} merge value {transformation:[-0.9964088448112386f,0.01929586151998707f,-0.08244442801144633f,0f,0f,0.9736872430106228f,0.2278884656984033f,1.5970278979321593f,0.08467239208817165f,0.22707008285235158f,-0.9701905810156545f,0f,0f,0f,0f,1f],start_interpolation:0}
execute if entity @s[tag=aj.tultaria.bone.bust] run data modify entity @s {} merge value {transformation:[-0.9596418442823493f,-0.1406125267378152f,-0.24354804049053325f,0.020213050718560943f,0f,0.8660254037844387f,-0.49999999999999994f,1.4876528979321593f,0.2812250534756305f,-0.4798209221411746f,-0.831074215683065f,0.06897425755779396f,0f,0f,0f,1f],start_interpolation:0}
execute if entity @s[tag=aj.tultaria.bone.left_wing] run data modify entity @s {} merge value {transformation:[-0.7789732897427358f,0f,-0.6270571057466615f,0.024824483583193002f,0f,1f,0f,1.3782778979321593f,0.6270571057466615f,0f,-0.7789732897427358f,-0.13753179637752055f,0f,0f,0f,1f],start_interpolation:0}
execute if entity @s[tag=aj.tultaria.bone.right_wing] run data modify entity @s {} merge value {transformation:[-0.9942136272049561f,0f,0.10742096387560729f,-0.09513074695210066f,0f,1f,0f,1.3782778979321593f,-0.10742096387560729f,0f,-0.9942136272049561f,-0.10237866469306672f,0f,0f,0f,1f],start_interpolation:0}
execute if entity @s[tag=aj.tultaria.bone.body] run data modify entity @s {} merge value {transformation:[-0.9596418442823493f,0f,-0.2812250534756305f,0.6204334488789899f,0f,1f,0f,0.31577789793215927f,0.2812250534756305f,0f,-0.9596418442823493f,0.33920839540335945f,0f,0f,0f,1f],start_interpolation:0}
execute if entity @s[tag=aj.tultaria.bone.right_ring] run data modify entity @s {} merge value {transformation:[0.9444356625571906f,0.05778985268253953f,-0.32357628500415636f,-0.42649071587153187f,-0.003343204905677799f,0.9860611195291962f,0.1663499069244911f,1.032555886666097f,0.3286793304592172f,-0.15602500273917178f,0.9314644900634281f,0.05472962084598014f,0f,0f,0f,1f],start_interpolation:0}
execute if entity @s[tag=aj.tultaria.bone.sword] run data modify entity @s {} merge value {transformation:[-0.000008364342455555143f,5.778985268253953e-7f,-0.000005450120051787009f,-0.4737866289003644f,0.0000013314379798252183f,0.000009860611195291962f,-9.978074770023326e-7f,0.8194566862732231f,0.000005316488332732117f,-0.0000015602500273917178f,-0.000008324696490560328f,0.09246677796846133f,0f,0f,0f,1f],start_interpolation:0}
execute if entity @s[tag=aj.tultaria.bone.right_hand] run data modify entity @s {} merge value {transformation:[-0.8364342455555142f,0.05778985268253953f,-0.5450120051787009f,-0.4685559268753883f,0.13314379798252182f,0.9860611195291962f,-0.09978074770023326f,1.177273491495637f,0.5316488332732117f,-0.15602500273917178f,-0.8324696490560327f,-0.047693315431018526f,0f,0f,0f,1f],start_interpolation:0}
execute if entity @s[tag=aj.tultaria.bone.right_arm] run data modify entity @s {} merge value {transformation:[-0.8364342455555142f,0.2739730824916504f,-0.4746751551661422f,-0.3298768839720576f,0.13314379798252182f,0.9417201669022899f,0.3089269433188254f,1.4720278979321593f,0.5316488332732117f,0.19519702179988982f,-0.8241648140752469f,0.09667111213224798f,0f,0f,0f,1f],start_interpolation:0}
execute if entity @s[tag=aj.tultaria.bone.left_ring] run data modify entity @s {} merge value {transformation:[0.5836574262167753f,-0.18377019567968794f,-0.7909314281287972f,0.4195211666304841f,0.17622176158995312f,0.9795054971198986f,-0.0975442046153111f,1.0342568300718054f,0.7926473992666243f,-0.08244693015357901f,0.6040799650245882f,-0.1924133057820725f,0f,0f,0f,1f],start_interpolation:0}
execute if entity @s[tag=aj.tultaria.bone.left_hand] run data modify entity @s {} merge value {transformation:[-0.9825978628404106f,-0.18377019567968794f,0.027017681641964407f,0.39333998120946706f,-0.18535883191383654f,0.9795054971198986f,-0.0788104342294727f,1.1799160857877764f,-0.011980958767788097f,-0.08244693015357901f,-0.9965234369222107f,-0.29871971083002646f,0f,0f,0f,1f],start_interpolation:0}
execute if entity @s[tag=aj.tultaria.bone.left_arm] run data modify entity @s {} merge value {transformation:[-0.9825978628404106f,-0.18034804496044327f,-0.04445247597607219f,0.3298768839720576f,-0.18535883191383654f,0.9366212508857387f,0.29729234066953725f,1.5032778979321593f,-0.011980958767788097f,0.30035847760331325f,-0.9537511423630508f,-0.09667111213224798f,0f,0f,0f,1f],start_interpolation:0}
execute if entity @s[tag=aj.tultaria.bone.leftfoot] run data modify entity @s {} merge value {transformation:[-0.9596418442823493f,0.11840581912942821f,-0.25508350142386776f,0.1575819405033446f,0f,0.907044014291465f,0.421035813367491f,0.4068623347378828f,0.2812250534756305f,0.40404358444889804f,-0.870437390719927f,0.09324284478265141f,0f,0f,0f,1f],start_interpolation:0}
execute if entity @s[tag=aj.tultaria.bone.leftleg] run data modify entity @s {} merge value {transformation:[-0.9596418442823493f,0.004711750530930152f,-0.28118557948320444f,0.11380343249051425f,0f,0.9998596355767804f,0.01675437686898137f,0.8157778979321593f,0.2812250534756305f,0.016078201118350816f,-0.9595071447083792f,-0.0561452970281302f,0f,0f,0f,1f],start_interpolation:0}
execute if entity @s[tag=aj.tultaria.bone.rightfoot] run data modify entity @s {} merge value {transformation:[-0.9596418442823493f,0.11411543404900547f,-0.25703151249249245f,-0.04016589850603641f,0f,0.9139708902740611f,0.40577975766619995f,0.502637895608776f,0.2812250534756305f,0.38940323501923696f,-0.8770847107629807f,0.30742326123480074f,0f,0f,0f,1f],start_interpolation:0}
execute if entity @s[tag=aj.tultaria.bone.rightleg] run data modify entity @s {} merge value {transformation:[-0.9596418442823493f,-0.10762016873111017f,-0.2598180709355271f,-0.12610702858007308f,0f,0.9238795325112867f,-0.3826834323650897f,0.8157778979321593f,0.2812250534756305f,-0.3672390348111344f,-0.886593458473846f,0.01416096634077742f,0f,0f,0f,1f],start_interpolation:0}
execute if entity @s[tag=aj.tultaria.bone.skirt_right_back] run data modify entity @s {} merge value {transformation:[-0.9587526185582538f,0.012358098092871347f,-0.28397305122003824f,-0.2805529903830632f,0.03698330705281113f,0.995985339485473f,-0.08151955918333229f,0.8154050723429159f,0.28182556911524015f,-0.08865935337872877f,-0.955360595613686f,-0.11942309627785389f,0f,0f,0f,1f],start_interpolation:0}
execute if entity @s[tag=aj.tultaria.bone.skirt_right] run data modify entity @s {} merge value {transformation:[-0.9587526185582538f,-0.05330128582998469f,-0.279199551103797f,-0.22865780560069168f,0.03698330705281113f,0.9505183368171624f,-0.3084592783071584f,0.8439075766611319f,0.28182556911524015f,-0.3060618635230561f,-0.9093406865909307f,0.16426488733088765f,0f,0f,0f,1f],start_interpolation:0}
execute if entity @s[tag=aj.tultaria.bone.skirt_left_back] run data modify entity @s {} merge value {transformation:[-0.9576998303679556f,-0.008376613271005667f,-0.28764712281421667f,0.10833743929857004f,-0.07043530751046712f,0.9759953875330378f,0.20608704707026432f,0.910318273218782f,0.27901595361035353f,0.21763004357014548f,-0.935300626411937f,-0.22609723618582012f,0f,0f,0f,1f],start_interpolation:0}
execute if entity @s[tag=aj.tultaria.bone.skirt_left] run data modify entity @s {} merge value {transformation:[-0.9576998303679556f,-0.061343044098448284f,-0.28115487876600126f,0.2211743089066595f,-0.07043530751046712f,0.9972661958065534f,0.022338356193573713f,0.8439075766611319f,0.27901595361035353f,0.041196670281235914f,-0.9594023827303351f,0.03244064351418586f,0f,0f,0f,1f],start_interpolation:0}
execute if entity @s[tag=aj.tultaria.bone.skirt_back_middle] run data modify entity @s {} merge value {transformation:[-0.9596418442823493f,0.04292643688182135f,-0.2779295805037712f,-0.034862938854811995f,0f,0.9882817233701945f,0.1526408701902554f,0.9112784963152338f,0.2812250534756305f,0.14648056618223937f,-0.9483964956855121f,-0.11896498738734768f,0f,0f,0f,1f],start_interpolation:0}
execute if entity @s[tag=aj.tultaria.bone.skirt_front_middle] run data modify entity @s {} merge value {transformation:[-0.9596418442823493f,-0.018246062178607098f,-0.28063252113278964f,0.05299796075956341f,0f,0.9978930314510824f,-0.06488064257826946f,0.904297760004742f,0.2812250534756305f,-0.06226217950203442f,-0.9576199090982213f,0.18084825721588205f,0f,0f,0f,1f],start_interpolation:0}
execute if entity @s[tag=aj.tultaria.bone.lower] run data modify entity @s {} merge value {transformation:[-0.9596418442823493f,0f,-0.2812250534756305f,0f,0f,1f,0f,0.9095278979321593f,0.2812250534756305f,0f,-0.9596418442823493f,0f,0f,0f,0f,1f],start_interpolation:0}