execute if entity @s[tag=aj.lexiel.bone.backhair] run data modify entity @s {} merge value {transformation:[-0.9135072726327118f,0.027003564236425984f,0.4059252029200374f,0.03717872450036379f,0.01921112505606027f,0.9995448517683977f,-0.023259879134947856f,1.4730165938326845f,-0.4063685464221175f,-0.013449788913629284f,-0.9136102602625226f,-0.29856263015460466f,0f,0f,0f,1f],start_interpolation:0}
execute if entity @s[tag=aj.lexiel.bone.head] run data modify entity @s {} merge value {transformation:[-0.9135072726327118f,0.027003564236425984f,0.4059252029200374f,-0.07022322683407699f,0.01921112505606027f,0.9995448517683977f,-0.023259879134947856f,1.494812887536786f,-0.4063685464221175f,-0.013449788913629284f,-0.9136102602625226f,-0.05609505772414755f,0f,0f,0f,1f],start_interpolation:0}
execute if entity @s[tag=aj.lexiel.bone.ring] run data modify entity @s {} merge value {transformation:[-0.8038443655823505f,0.050467087318889395f,0.5926949544403562f,-0.01966250351354154f,0.0592899019979484f,0.9982302734764367f,-0.004585699099598314f,0.9360476085103f,-0.5918774733359785f,0.03145463737997904f,-0.8054139695490214f,-0.015706616162761255f,0f,0f,0f,1f],start_interpolation:0}
execute if entity @s[tag=aj.lexiel.bone.bust] run data modify entity @s {} merge value {transformation:[-0.8003956811857615f,0.21850415130142253f,0.5582317524140183f,-0.10299192492770681f,-0.11495171271823114f,0.857982575142889f,-0.5006515799379067f,1.38649368040442f,-0.5883475650347556f,-0.46488905839481953f,-0.6616081212488645f,0.00964737941856908f,0f,0f,0f,1f],start_interpolation:0}
execute if entity @s[tag=aj.lexiel.bone.left_wing] run data modify entity @s {} merge value {transformation:[-0.9958064146547723f,-0.08988573034761854f,-0.01703349677203453f,0.13481132242618166f,-0.08840572852033167f,0.9933604960470862f,-0.07361624859958715f,1.1671409687229293f,0.023537453073710468f,-0.07180167388690886f,-0.9971411675032984f,-0.058546532889805825f,0f,0f,0f,1f],start_interpolation:0}
execute if entity @s[tag=aj.lexiel.bone.right_wing] run data modify entity @s {} merge value {transformation:[-0.5851241183153985f,-0.08988573034761854f,0.8059468479034475f,-0.06528759787025878f,-0.11101034325094832f,0.9933604960470862f,0.03019318771500341f,1.1384030405433714f,-0.8033096973502399f,-0.07180167388690886f,-0.5912174301981495f,-0.20563342414849473f,0f,0f,0f,1f],start_interpolation:0}
execute if entity @s[tag=aj.lexiel.bone.body] run data modify entity @s {} merge value {transformation:[-0.8003956811857615f,-0.08988573034761854f,0.5926949544403562f,0.14879322854651195f,-0.11495171271823114f,0.9933604960470862f,-0.004585699099598314f,0.2818384578853716f,-0.5883475650347556f,-0.07180167388690886f,-0.8054139695490214f,0.732781604235343f,0f,0f,0f,1f],start_interpolation:0}
execute if entity @s[tag=aj.lexiel.locator_origin.locator_right_hand] at @s on origin run tp @s ^-0.51454 ^0.95108 ^-0.90376 ~66.00514 ~17.86551
execute if entity @s[tag=aj.lexiel.bone.sword] run data modify entity @s {} merge value {transformation:[-0.25255801479618256f,-0.9650356997034074f,0.5846662380881645f,-0.45019838420462815f,1.0885862932418773f,-0.05078427363624883f,0.3864128649736554f,1.0501465662528329f,-0.29683058101907395f,0.6348551947879087f,0.9196545820701845f,-0.8825411428085834f,0f,0f,0f,1f],start_interpolation:0}
execute if entity @s[tag=aj.lexiel.bone.rod] run data modify entity @s {} merge value {transformation:[-0.000004424184458920596f,-0.000004596296488252509f,0.000007700691557615012f,-0.5463430306787516f,0.000008321571346173146f,0.0000010971951183095653f,0.000005435771629024507f,1.0171494628357614f,-0.000003343357923405083f,0.000008813071057493824f,0.00000333942155643296f,-0.8374445949991102f,0f,0f,0f,1f],start_interpolation:0}
execute if entity @s[tag=aj.lexiel.bone.right_hand] run data modify entity @s {} merge value {transformation:[-0.4424184458920596f,0.2195138805028309f,0.8695283635402836f,-0.4052628961255106f,0.8321571346173144f,0.46195050883061445f,0.30678368714232046f,1.2436539070593475f,-0.33433579234050825f,0.8593109935627061f,-0.38704546800385004f,-0.5071005578419567f,0f,0f,0f,1f],start_interpolation:0}
execute if entity @s[tag=aj.lexiel.bone.right_arm] run data modify entity @s {} merge value {transformation:[-0.4424184458920596f,0.2544551350619055f,0.8599526167034333f,-0.31192008998453824f,0.8321571346173144f,0.4739645894571781f,0.2878750966064785f,1.3657629308079247f,-0.33433579234050825f,0.8429769582742555f,-0.42143733315728993f,-0.23322226487061098f,0f,0f,0f,1f],start_interpolation:0}
execute if entity @s[tag=aj.lexiel.locator_origin.locator_left_hand] at @s on origin run tp @s ^0.00967 ^1.34444 ^0.79156 ~132.58262 ~-66.83002
execute if entity @s[tag=aj.lexiel.bone.left_hand] run data modify entity @s {} merge value {transformation:[-0.8552925215622058f,0.4295873270929801f,0.2897057661850594f,0.206667514342f,-0.37351815328824406f,-0.12367385871814607f,-0.9193415936603238f,1.2616027974869612f,-0.35910846790893575f,-0.8945163526011546f,0.26623599156617395f,0.4085301572050121f,0f,0f,0f,1f],start_interpolation:0}
execute if entity @s[tag=aj.lexiel.bone.left_arm] run data modify entity @s {} merge value {transformation:[-0.8332590031806915f,0.021350596645176856f,0.5524704387034796f,0.21333957579361779f,-0.4419408536567404f,0.5747110233353682f,-0.6887637632207182f,1.4411999922792638f,-0.33221636848215613f,-0.8180778640690072f,-0.4694474335139339f,0.15288082468344738f,0f,0f,0f,1f],start_interpolation:0}
execute if entity @s[tag=aj.lexiel.bone.skirt_right] run data modify entity @s {} merge value {transformation:[-0.9599477362660753f,0.20252095458047642f,0.19361200012770374f,-0.22007794229982736f,0.06389835520078424f,0.8310653704022662f,-0.5524919459329506f,0.7264858889762233f,-0.27279542488881986f,-0.5179919044482806f,-0.8107200768981682f,-0.037846126311414284f,0f,0f,0f,1f],start_interpolation:0}
execute if entity @s[tag=aj.lexiel.bone.skirt_left] run data modify entity @s {} merge value {transformation:[-0.9313473984103198f,0.18912821422628837f,0.3111632080723945f,0.18738654450468756f,0f,0.8545343820868464f,-0.5193948303857592f,0.7264858889762233f,-0.36413187648752904f,-0.4837370240275461f,-0.7958683736087546f,0.12146156965187965f,0f,0f,0f,1f],start_interpolation:0}
execute if entity @s[tag=aj.lexiel.bone.skirt_back_middle] run data modify entity @s {} merge value {transformation:[-0.9313473984103198f,0.14689524742679352f,0.33318734933630084f,0.08142300249106692f,0f,0.9150183514562809f,-0.403412216595172f,0.6220033268005986f,-0.36413187648752904f,-0.37571691841285393f,-0.8521999611265069f,-0.20825724534833284f,0f,0f,0f,1f],start_interpolation:0}
execute if entity @s[tag=aj.lexiel.bone.skirt_front_middle] run data modify entity @s {} merge value {transformation:[-0.9313473984103198f,0.22812514484412405f,0.2838149780476297f,-0.032058519812075796f,0f,0.7794290925182155f,-0.6264904546249935f,0.8305688572349539f,-0.36413187648752904f,-0.5834802550438862f,-0.7259192575621565f,0.08199671863906446f,0f,0f,0f,1f],start_interpolation:0}
execute if entity @s[tag=aj.lexiel.bone.skirt] run data modify entity @s {} merge value {transformation:[-0.9313473984103198f,0.20252095458047642f,0.30261739280838057f,-0.012548430999185956f,0f,0.8310653704022662f,-0.5561747478249476f,0.7420683646712659f,-0.36413187648752904f,-0.5179919044482806f,-0.7740105706330594f,0.0320953734618274f,0f,0f,0f,1f],start_interpolation:0}
execute if entity @s[tag=aj.lexiel.bone.rightupper] run data modify entity @s {} merge value {transformation:[-0.9459835532264782f,0.08133578150066693f,0.3138464714994941f,-0.12072319649228114f,-0.012856692610868845f,0.9578484673979094f,-0.28698609540983994f,0.6772044609558606f,-0.3239596000740164f,-0.27551915387346815f,-0.9050631875005919f,-0.06861070506671471f,0f,0f,0f,1f],start_interpolation:0}
execute if entity @s[tag=aj.lexiel.bone.rightfoot] run data modify entity @s {} merge value {transformation:[-0.942687356272504f,0.00890050936554615f,0.33355858444505826f,-0.1449372458416717f,0.02986967556808796f,0.9978818578411444f,0.05778927472259246f,0.4002476390034945f,-0.33233770596400053f,0.06444050530947079f,-0.9409564657677026f,0.10318073988751489f,0f,0f,0f,1f],start_interpolation:0}
execute if entity @s[tag=aj.lexiel.bone.leftupper] run data modify entity @s {} merge value {transformation:[-0.9984189075437548f,0.05262634193063127f,0.01975229592061979f,0.12258591962616801f,0.022577368686323342f,0.6972490219875582f,-0.7164733517449169f,0.6566591102502498f,-0.051477640605774415f,-0.714894586265971f,-0.6973347711431497f,0.02913556719791715f,0f,0f,0f,1f],start_interpolation:0}
execute if entity @s[tag=aj.lexiel.bone.leftfoot] run data modify entity @s {} merge value {transformation:[-0.9996844656907387f,-0.006453018458887292f,0.024276070715659404f,0.11071454471373311f,-0.0103870521038599f,0.9861376592571238f,-0.1656038228528322f,0.5381273238577433f,-0.022870903025769135f,-0.16580372597637782f,-0.9858935268309332f,0.3226547693420213f,0f,0f,0f,1f],start_interpolation:0}
execute if entity @s[tag=aj.lexiel.bone.lower] run data modify entity @s {} merge value {transformation:[-0.9313473984103198f,0.20252095458047642f,0.30261739280838057f,0f,0f,0.8310653704022662f,-0.5561747478249476f,0.625f,-0.36413187648752904f,-0.5179919044482806f,-0.7740105706330594f,0f,0f,0f,0f,1f],start_interpolation:0}