execute if entity @s[tag=aj.lexiel.bone.backhair] run data modify entity @s {} merge value {transformation:[-0.63781807907595f,0.13341612011845339f,0.7585434970365272f,0.17775047855496162f,0.1646945629020477f,0.9857272859948615f,-0.034891526130393674f,1.4731941864277887f,-0.752372114684196f,0.10267354351410563f,-0.6506875936329879f,-0.12092947189171005f,0f,0f,0f,1f],start_interpolation:0}
execute if entity @s[tag=aj.lexiel.bone.head] run data modify entity @s {} merge value {transformation:[-0.63781807907595f,0.13341612011845339f,0.7585434970365272f,-0.021653010968515074f,0.1646945629020477f,0.9857272859948615f,-0.034891526130393674f,1.4978642368998443f,-0.752372114684196f,0.10267354351410563f,-0.6506875936329879f,0.05351369428446027f,0f,0f,0f,1f],start_interpolation:0}
execute if entity @s[tag=aj.lexiel.bone.ring] run data modify entity @s {} merge value {transformation:[-0.4564253245100414f,0.05233668362668524f,0.8882211406473413f,-0.006062843071184237f,0.22064396153884963f,0.9737451786546604f,0.05600508265547148f,0.9369019863319564f,-0.8619699329920657f,0.22154276922022037f,-0.4559897323667388f,0.014983834399648899f,0f,0f,0f,1f],start_interpolation:0}
execute if entity @s[tag=aj.lexiel.bone.bust] run data modify entity @s {} merge value {transformation:[-0.45857936798550636f,0.4201079366377094f,0.7830799989988381f,-0.08246248391695063f,0.04820280819344529f,0.8916604249826381f,-0.45013128729521473f,1.3847628784180042f,-0.8873451710243764f,-0.16867426624647758f,-0.42914745643651764f,0.0787960390984952f,0f,0f,0f,1f],start_interpolation:0}
execute if entity @s[tag=aj.lexiel.bone.left_wing] run data modify entity @s {} merge value {transformation:[-0.8762435298173508f,-0.027715854039699294f,0.4810707930108414f,0.15622437743673753f,0.00873942808073496f,0.9972662232318007f,0.07337371735030146f,1.1560292569716661f,-0.48178926809348027f,0.06849752868410915f,-0.873605854899175f,0.08388709863150257f,0f,0f,0f,1f],start_interpolation:0}
execute if entity @s[tag=aj.lexiel.bone.right_wing] run data modify entity @s {} merge value {transformation:[-0.244967295631343f,-0.027715854039699294f,0.9691351069411924f,0.04157953544036094f,0.05965827050101919f,0.9972662232318007f,0.04360012341504887f,1.1680799590200275f,-0.9676941225572746f,0.06849752868410915f,-0.24264412981211017f,-0.1379491941245916f,0f,0f,0f,1f],start_interpolation:0}
execute if entity @s[tag=aj.lexiel.bone.body] run data modify entity @s {} merge value {transformation:[-0.45857936798550636f,-0.027715854039699294f,0.8882211406473413f,-0.2009629593110678f,0.04820280819344529f,0.9972662232318007f,0.05600508265547148f,0.1680129429596413f,-0.8873451710243764f,0.06849752868410915f,-0.4559897323667388f,0.637418687353503f,0f,0f,0f,1f],start_interpolation:0}
execute if entity @s[tag=aj.lexiel.bone.sword] run data modify entity @s {} merge value {transformation:[-0.019163168622854825f,-1.0438604792219748f,0.4968924786981602f,-0.05538159003964434f,1.0257616964202527f,0.21387385090296157f,0.488860901031145f,0.9936113149401691f,-0.5332539522829411f,0.4489179639070008f,0.9225112175774426f,-0.815753023621929f,0f,0f,0f,1f],start_interpolation:0}
execute if entity @s[tag=aj.lexiel.bone.rod] run data modify entity @s {} merge value {transformation:[-0.0000021456316383068517f,-0.000007842831992240629f,0.000005821189845227829f,-0.1631446528971635f,0.000007574056553192214f,0.000002427019739060976f,0.000006061620452919702f,0.9664807928014075f,-0.0000061668413472168025f,0.000005709602571781622f,0.000005419456270749122f,-0.81158042915054f,0f,0f,0f,1f],start_interpolation:0}
execute if entity @s[tag=aj.lexiel.bone.right_hand] run data modify entity @s {} merge value {transformation:[-0.21456316383068513f,-0.14295168712852813f,0.9661922499555015f,-0.16433214419851072f,0.7574056553192213f,0.6002375042802214f,0.2570050811674971f,1.246623862243024f,-0.6166841347216802f,0.7869432975777598f,-0.020516441699627477f,-0.49243530135666774f,0f,0f,0f,1f],start_interpolation:0}
execute if entity @s[tag=aj.lexiel.bone.right_arm] run data modify entity @s {} merge value {transformation:[-0.21456316383068513f,-0.015147701820678983f,0.9765926458132473f,-0.162360702147764f,0.7574056553192213f,0.6287327056576526f,0.17615861638554103f,1.4194339060323147f,-0.6166841347216802f,0.7774739429498325f,-0.12342992350566123f,-0.23020331497479257f,0f,0f,0f,1f],start_interpolation:0}
execute if entity @s[tag=aj.lexiel.bone.left_hand] run data modify entity @s {} merge value {transformation:[-0.5872272415010028f,-0.2976418792183496f,0.7527107535929674f,0.2791292196875868f,-0.36723171964929374f,0.9266877916985711f,0.07994123341710577f,1.111614777428065f,-0.7213217249761342f,-0.2294755944587465f,-0.6534798547968095f,0.39241589868407667f,0f,0f,0f,1f],start_interpolation:0}
execute if entity @s[tag=aj.lexiel.bone.left_arm] run data modify entity @s {} merge value {transformation:[-0.5556013234381592f,-0.4497510771035592f,0.6993076133133078f,0.13858200809272456f,-0.3898906913071885f,0.8837953143273639f,0.2586331208584829f,1.387800813155366f,-0.7343653166005112f,-0.12895662455719123f,-0.6663916046567865f,0.3521169535099544f,0f,0f,0f,1f],start_interpolation:0}
execute if entity @s[tag=aj.lexiel.bone.skirt_right] run data modify entity @s {} merge value {transformation:[-0.8632573092177684f,0.1470724296694596f,0.4828628361276314f,-0.22341090052720575f,-0.07252276109239968f,0.9105473315114085f,-0.4069938650655412f,0.6954177496900574f,-0.49952704351779864f,-0.38635897492950144f,-0.775370540635761f,-0.07276623996889899f,0f,0f,0f,1f],start_interpolation:0}
execute if entity @s[tag=aj.lexiel.bone.skirt_left] run data modify entity @s {} merge value {transformation:[-0.8319180988412074f,0.12359375445787404f,0.5409592042653845f,0.1405532677158225f,-0.09742241627958148f,0.9272052896038522f,-0.3616617532127011f,0.7380400568123744f,-0.54627936957813f,-0.3535745109445017f,-0.7593180595663965f,0.16623098422153287f,0f,0f,0f,1f],start_interpolation:0}
execute if entity @s[tag=aj.lexiel.bone.skirt_back_middle] run data modify entity @s {} merge value {transformation:[-0.8319180988412074f,0.05192704767600598f,0.5524634454333471f,0.11824693620059695f,-0.09742241627958148f,0.9664792513348368f,-0.23754311091989472f,0.6606426451425007f,-0.54627936957813f,-0.2514387369895642f,-0.7989727228850895f,-0.18643237259504514f,0f,0f,0f,1f],start_interpolation:0}
execute if entity @s[tag=aj.lexiel.bone.skirt_front_middle] run data modify entity @s {} merge value {transformation:[-0.8319180988412074f,0.19314573783430544f,0.5201990011302146f,-0.08239803146866619f,-0.09742241627958148f,0.8720665882978731f,-0.4795922626364567f,0.811303266913405f,-0.54627936957813f,-0.44966052698780434f,-0.7066712537257839f,0.09225737245597918f,0f,0f,0f,1f],start_interpolation:0}
execute if entity @s[tag=aj.lexiel.bone.skirt] run data modify entity @s {} merge value {transformation:[-0.8319180988412074f,0.1470724296694596f,0.535053247118035f,-0.03867120834938925f,-0.09742241627958148f,0.9105473315114085f,-0.40176165805574476f,0.7338016657170549f,-0.54627936957813f,-0.38635897492950144f,-0.7431726534693981f,0.03948814134638877f,0f,0f,0f,1f],start_interpolation:0}
execute if entity @s[tag=aj.lexiel.bone.rightupper] run data modify entity @s {} merge value {transformation:[-0.8603363781896834f,0.16550349205671402f,0.48210985312529286f,-0.11159818891307675f,-0.11318436210826656f,0.8601804226045375f,-0.4972714960079899f,0.6515788032014858f,-0.4970016262927144f,-0.4823880540445759f,-0.7213121021981292f,-0.08704155328436963f,0f,0f,0f,1f],start_interpolation:0}
execute if entity @s[tag=aj.lexiel.bone.rightfoot] run data modify entity @s {} merge value {transformation:[-0.8540736432057706f,0.02677779000616365f,0.5194623777942037f,-0.17885616087059172f,-0.07384467015611333f,0.9823166788506059f,-0.17204914164694501f,0.4258543912266229f,-0.5148836535284034f,-0.1853021651635553f,-0.8369933876172151f,0.1395167771140875f,0f,0f,0f,1f],start_interpolation:0}
execute if entity @s[tag=aj.lexiel.bone.leftupper] run data modify entity @s {} merge value {transformation:[-0.9132914720916178f,0.10491819983696961f,0.3935617592547525f,0.11152092429655217f,-0.1331060178369742f,0.836321815949011f,-0.5318351325207199f,0.6746886674967828f,-0.3849434699021521f,-0.5381059296372028f,-0.7498403386514846f,0.05860858593356344f,0f,0f,0f,1f],start_interpolation:0}
execute if entity @s[tag=aj.lexiel.bone.leftfoot] run data modify entity @s {} merge value {transformation:[-0.9155505650232348f,-0.13123604529264593f,0.38018977274721905f,0.038963791169950815f,-0.17129900114896654f,0.9824830995867567f,-0.07337309610317333f,0.49416247096730914f,-0.3639008313964146f,-0.13230290791341565f,-0.921993560425805f,0.3085889336787735f,0f,0f,0f,1f],start_interpolation:0}
execute if entity @s[tag=aj.lexiel.bone.lower] run data modify entity @s {} merge value {transformation:[-0.8319180988412074f,0.1470724296694596f,0.535053247118035f,0f,-0.09742241627958148f,0.9105473315114085f,-0.40176165805574476f,0.625f,-0.54627936957813f,-0.38635897492950144f,-0.7431726534693981f,0f,0f,0f,0f,1f],start_interpolation:0}