execute if entity @s[tag=aj.lexiel.bone.backhair] run data modify entity @s {} merge value {transformation:[-0.5056996565841867f,0.12881001726177763f,0.8530391765819764f,0.1892971303701815f,0.16677191119379986f,0.9847355272823588f,-0.04983042187963133f,1.4687004754924171f,-0.8464366408464384f,0.11706374656978678f,-0.51946231073259f,-0.08567456719480529f,0f,0f,0f,1f],start_interpolation:0}
execute if entity @s[tag=aj.lexiel.bone.head] run data modify entity @s {} merge value {transformation:[-0.5056996565841867f,0.12881001726177763f,0.8530391765819764f,-0.0352787443896907f,0.16677191119379986f,0.9847355272823588f,-0.04983042187963133f,1.497323173917981f,-0.8464366408464384f,0.11706374656978678f,-0.51946231073259f,0.05413673013369186f,0f,0f,0f,1f],start_interpolation:0}
execute if entity @s[tag=aj.lexiel.bone.ring] run data modify entity @s {} merge value {transformation:[-0.30905124902967257f,0.008640664489957296f,0.9510061326775823f,-0.00987804842911344f,0.22450185915389415f,0.9723616827356897f,0.06412232983807625f,0.9367504886970347f,-0.924167863923889f,0.23331973098002223f,-0.30244943780037964f,0.015158284437433722f,0f,0f,0f,1f],start_interpolation:0}
execute if entity @s[tag=aj.lexiel.bone.bust] run data modify entity @s {} merge value {transformation:[-0.30585650176504064f,0.436396136604276f,0.8461738664629828f,-0.09869328596133525f,0.05224233722020733f,0.8951192734861441f,-0.44275526471788884f,1.383714137112352f,-0.9506432235753967f,-0.0912134759259822f,-0.296576403781013f,0.06829614125687733f,0f,0f,0f,1f],start_interpolation:0}
execute if entity @s[tag=aj.lexiel.bone.left_wing] run data modify entity @s {} merge value {transformation:[-0.7799100399692349f,-0.045156792818804095f,0.6242605174264233f,0.13735173244710103f,0.00817724964161793f,0.9965736626150157f,0.0823047238643783f,1.156235976471303f,-0.6258382076411481f,0.06929501457112558f,-0.7768685466744696f,0.11134079209674463f,0f,0f,0f,1f],start_interpolation:0}
execute if entity @s[tag=aj.lexiel.bone.right_wing] run data modify entity @s {} merge value {transformation:[-0.09110545131134182f,-0.045156792818804095f,0.9948168981293373f,0.060887607005840894f,0.0649683969096525f,0.9965736626150157f,0.05118634959716076f,1.1692965607763548f,-0.9937197311839724f,0.06929501457112558f,-0.08785952885851897f,-0.12632001379710456f,0f,0f,0f,1f],start_interpolation:0}
execute if entity @s[tag=aj.lexiel.bone.body] run data modify entity @s {} merge value {transformation:[-0.30585650176504064f,-0.045156792818804095f,0.9510061326775823f,-0.2999964190468688f,0.05224233722020733f,0.9965736626150157f,0.06412232983807625f,0.16228083516335035f,-0.9506432235753967f,0.06929501457112558f,-0.30244943780037964f,0.5918988234023254f,0f,0f,0f,1f],start_interpolation:0}
execute if entity @s[tag=aj.lexiel.bone.sword] run data modify entity @s {} merge value {transformation:[0.1347595099342868f,-1.1316819882032667f,0.19506361669612213f,0.09929254533190712f,1.1029134572882995f,0.18225586739270808f,0.29542980051664025f,1.0975162769461375f,-0.3198997385348119f,0.15163356777848502f,1.100720437217428f,-0.865057289186193f,0f,0f,0f,1f],start_interpolation:0}
execute if entity @s[tag=aj.lexiel.bone.rod] run data modify entity @s {} merge value {transformation:[-4.3548967506953535e-7f,-0.000008913872823473898f,0.000004511454314280635f,-0.006998686217042749f,0.000008672486717153854f,0.0000019044869550570887f,0.000004600098214039278f,1.0774303707958914f,-0.0000049596696345319f,0.0000041128822892165165f,0.00000764760592547441f,-0.8908465110144907f,0f,0f,0f,1f],start_interpolation:0}
execute if entity @s[tag=aj.lexiel.bone.right_hand] run data modify entity @s {} merge value {transformation:[-0.04354896750695353f,-0.3112979981471726f,0.9493139858754011f,-0.07721584334163692f,0.8672486717153853f,0.45994362818734863f,0.1906085000669112f,1.2961709821425917f,-0.49596696345318997f,0.8315920966672428f,0.24994270528183268f,-0.5336949215187419f,0f,0f,0f,1f],start_interpolation:0}
execute if entity @s[tag=aj.lexiel.bone.right_arm] run data modify entity @s {} merge value {transformation:[-0.04354896750695353f,-0.1624656440238669f,0.9857527083102477f,-0.12662545186450302f,0.8672486717153853f,0.48368211928848637f,0.11803113525039977f,1.420220123429138f,-0.49596696345318997f,0.8600328609957346f,0.11983425708249434f,-0.2494356848496626f,0f,0f,0f,1f],start_interpolation:0}
execute if entity @s[tag=aj.lexiel.bone.left_hand] run data modify entity @s {} merge value {transformation:[-0.494465548148112f,-0.27011299372961733f,0.8261614807729848f,0.22158241005271975f,-0.4201464613984373f,0.9063464223173021f,0.044867735924585095f,1.1190261663957035f,-0.7609078608274187f,-0.32492327305234786f,-0.5616440990164421f,0.4427040935049019f,0f,0f,0f,1f],start_interpolation:0}
execute if entity @s[tag=aj.lexiel.bone.left_arm] run data modify entity @s {} merge value {transformation:[-0.4521734220684678f,-0.4719665044285275f,0.7568268065234001f,0.07409287741880491f,-0.44727138616143064f,0.854111754344555f,0.2654080221313949f,1.385936089628377f,-0.771678367907332f,-0.21849652122627344f,-0.5973037474483924f,0.37442393062169144f,0f,0f,0f,1f],start_interpolation:0}
execute if entity @s[tag=aj.lexiel.bone.skirt_right] run data modify entity @s {} merge value {transformation:[-0.8025482492486562f,0.20333490515298488f,0.5608664938952437f,-0.21173376660432092f,-0.08167800438193462f,0.8938233540253033f,-0.4409178102539542f,0.6934523362090614f,-0.5909695518621085f,-0.3996682726279181f,-0.7007283786364831f,-0.10319450262522975f,0f,0f,0f,1f],start_interpolation:0}
execute if entity @s[tag=aj.lexiel.bone.skirt_left] run data modify entity @s {} merge value {transformation:[-0.7569705642671182f,0.1760534028451008f,0.6292859160824922f,0.11944085526254326f,-0.11539195450009535f,0.9118736989237383f,-0.3939175726567521f,0.7439363163028532f,-0.6431798050854587f,-0.3707985390448568f,-0.6699464021639575f,0.17819666209965843f,0f,0f,0f,1f],start_interpolation:0}
execute if entity @s[tag=aj.lexiel.bone.skirt_back_middle] run data modify entity @s {} merge value {transformation:[-0.7569705642671182f,0.09240894713419397f,0.6468818681356515f,0.14122037289421463f,-0.11539195450009535f,0.9554890538273206f,-0.27152415150925213f,0.6526875920504237f,-0.6431798050854587f,-0.28018075327495484f,-0.7126138392036111f,-0.1711723375755214f,0f,0f,0f,1f],start_interpolation:0}
execute if entity @s[tag=aj.lexiel.bone.skirt_front_middle] run data modify entity @s {} merge value {transformation:[-0.7569705642671182f,0.2566855360221032f,0.6009227075341438f,-0.09165748976317459f,-0.11539195450009535f,0.8526559322124181f,-0.5095709549215107f,0.8151818504932438f,-0.6431798050854587f,-0.4550718590069242f,-0.6158159964390446f,0.0737531961224664f,0f,0f,0f,1f],start_interpolation:0}
execute if entity @s[tag=aj.lexiel.bone.skirt] run data modify entity @s {} merge value {transformation:[-0.7569705642671182f,0.20333490515298488f,0.6210076337530379f,-0.04233392619927036f,-0.11539195450009535f,0.8938233540253033f,-0.4333180225141867f,0.7354535141439318f,-0.6431798050854587f,-0.3996682726279181f,-0.6531347565279675f,0.03000729962544085f,0f,0f,0f,1f],start_interpolation:0}
execute if entity @s[tag=aj.lexiel.bone.rightupper] run data modify entity @s {} merge value {transformation:[-0.7914118301033506f,0.2303898131676578f,0.5662047767027732f,-0.09942306590516525f,-0.12915607907962243f,0.842322335517131f,-0.52327028419904f,0.6487771817965622f,-0.5974830729060397f,-0.48725108217174573f,-0.6368676161599197f,-0.10149583625875302f,0f,0f,0f,1f],start_interpolation:0}
execute if entity @s[tag=aj.lexiel.bone.rightfoot] run data modify entity @s {} merge value {transformation:[-0.7826986255275183f,0.05603619293999132f,0.6198732182294424f,-0.19613516696846395f,-0.0904832637597615f,0.9751136998188304f,-0.2024007198727641f,0.4313102709053614f,-0.6157886330363003f,-0.21450691715285936f,-0.7581498149553695f,0.12246562069652912f,0f,0f,0f,1f],start_interpolation:0}
execute if entity @s[tag=aj.lexiel.bone.leftupper] run data modify entity @s {} merge value {transformation:[-0.8782620229006898f,0.17243760155916804f,0.4460057092671684f,0.10261734492343837f,-0.1409110193826783f,0.7979693043544204f,-0.5859940903496017f,0.6754753063023098f,-0.45694628102975415f,-0.5775034743416217f,-0.6765277772393626f,0.06950104667089436f,0f,0f,0f,1f],start_interpolation:0}
execute if entity @s[tag=aj.lexiel.bone.leftfoot] run data modify entity @s {} merge value {transformation:[-0.8833005855497544f,-0.14694299595425386f,0.44518291915509184f,0.003769199700834544f,-0.17762554928252228f,0.9837071943208529f,-0.02773661990002685f,0.5127353703623574f,-0.4338539383358682f,-0.10357563314498469f,-0.8950099711227089f,0.32265944944685765f,0f,0f,0f,1f],start_interpolation:0}
execute if entity @s[tag=aj.lexiel.bone.lower] run data modify entity @s {} merge value {transformation:[-0.7569705642671182f,0.20333490515298488f,0.6210076337530379f,0f,-0.11539195450009535f,0.8938233540253033f,-0.4333180225141867f,0.625f,-0.6431798050854587f,-0.3996682726279181f,-0.6531347565279675f,0f,0f,0f,0f,1f],start_interpolation:0}