execute if entity @s[tag=aj.lexiel.bone.backhair] run data modify entity @s {} merge value {transformation:[0.8670917147397509f,-0.15666956782524752f,-0.472870600425877f,-0.07747660561708578f,0.022855222130590245f,0.9607683498493106f,-0.27640878558612053f,1.4050788358163466f,0.49762395144430127f,0.22886420525124238f,0.8366549937122694f,0.30815185193141914f,0f,0f,0f,1f],start_interpolation:0}
execute if entity @s[tag=aj.lexiel.bone.head] run data modify entity @s {} merge value {transformation:[0.8670917147397509f,-0.15666956782524752f,-0.472870600425877f,0.04568168562376831f,0.022855222130590245f,0.9607683498493106f,-0.27640878558612053f,1.4935119249540554f,0.49762395144430127f,0.22886420525124238f,0.8366549937122694f,0.08949137243364826f,0f,0f,0f,1f],start_interpolation:0}
execute if entity @s[tag=aj.lexiel.bone.ring] run data modify entity @s {} merge value {transformation:[0.7383354240329031f,-0.07081386501936483f,-0.6707057463144126f,0.012790871974655116f,0.05391514409403973f,0.9974870673143791f,-0.04596420104688181f,0.9356833389871355f,0.672275210650722f,-0.00222419908695895f,0.7402979765492741f,0.025057584281421463f,0f,0f,0f,1f],start_interpolation:0}
execute if entity @s[tag=aj.lexiel.bone.bust] run data modify entity @s {} merge value {transformation:[0.7394151485253239f,-0.2847141528527227f,-0.6100844935716943f,0.08749322515278918f,-0.12011575957689191f,0.8358511908623444f,-0.5356537977418503f,1.388348932410732f,0.6624480677249653f,0.46935129476689147f,0.5838423757043532f,0.0237536632284584f,0f,0f,0f,1f],start_interpolation:0}
execute if entity @s[tag=aj.lexiel.bone.left_wing] run data modify entity @s {} merge value {transformation:[0.7062006618606f,0.05847255759842343f,0.7055930733755471f,-0.15068336790565678f,0.04001132230139777f,0.9916952639411908f,-0.12222764648108685f,1.1618856227905223f,-0.7068802722352244f,0.11454895671506976f,0.6979962874114338f,0.05984640716588163f,0f,0f,0f,1f],start_interpolation:0}
execute if entity @s[tag=aj.lexiel.bone.right_wing] run data modify entity @s {} merge value {transformation:[-0.5078299532008782f,0.05847255759842343f,-0.8594705920739196f,0.0341704192256741f,-0.06924068191861493f,0.9916952639411908f,0.10838003249702902f,1.1318566828962993f,0.8586701733491388f,0.11454895671506976f,-0.499563879715147f,0.22545842409712302f,0f,0f,0f,1f],start_interpolation:0}
execute if entity @s[tag=aj.lexiel.bone.body] run data modify entity @s {} merge value {transformation:[0.7394151485253239f,0.05847255759842343f,-0.6707057463144126f,-0.06359097990466733f,-0.12011575957689191f,0.9916952639411908f,-0.04596420104688181f,0.30594234834129147f,0.6624480677249653f,0.11454895671506976f,0.7402979765492741f,-0.7586475004946546f,0f,0f,0f,1f],start_interpolation:0}
execute if entity @s[tag=aj.lexiel.bone.sword] run data modify entity @s {} merge value {transformation:[0.27546864736957083f,0.2702414837277905f,1.0899544152344096f,0.34282854535041934f,0.9862770912284546f,-0.5948200887953393f,-0.10178714940228864f,1.6407663441527625f,0.5369251215340158f,0.9539772874330444f,-0.37222682792562767f,-0.35969320833116886f,0f,0f,0f,1f],start_interpolation:0}
execute if entity @s[tag=aj.lexiel.bone.rod] run data modify entity @s {} merge value {transformation:[4.282610644599367e-8f,-0.000005041042035070317f,0.000008636322199018572f,0.23591530423732887f,0.000009269491021250404f,-0.000003220072928150623f,-0.0000019255301982440273f,1.629714719340439f,0.0000037516265980991316f,0.000008013677404166316f,0.00000465899906958453f,-0.33116648478499255f,0f,0f,0f,1f],start_interpolation:0}
execute if entity @s[tag=aj.lexiel.bone.right_hand] run data modify entity @s {} merge value {transformation:[0.004282610644599366f,0.2542246984193294f,0.9671356998682603f,0.40481201985607107f,0.9269491021250403f,-0.36384908639683566f,0.0915379942852699f,1.4974602470676792f,0.37516265980991315f,0.8960935470372446f,-0.23721157990823744f,0.03532746619289723f,0f,0f,0f,1f],start_interpolation:0}
execute if entity @s[tag=aj.lexiel.bone.right_arm] run data modify entity @s {} merge value {transformation:[0.004282610644599366f,-0.42691542723311193f,0.9042814148463065f,0.27126711726307984f,0.9269491021250403f,-0.3375640593103416f,-0.16375551267516533f,1.36300431909179f,0.37516265980991315f,0.8389241466618391f,0.39428321652342413f,0.28576742890566215f,0f,0f,0f,1f],start_interpolation:0}
execute if entity @s[tag=aj.lexiel.bone.left_hand] run data modify entity @s {} merge value {transformation:[0.7678230773844006f,0.5547033518908112f,-0.3205493928196535f,-0.4285255401568732f,-0.6387010553829174f,0.7018848178505411f,-0.3153072538392672f,1.2158675477068615f,0.050086761611195706f,0.44683542146075655f,0.8932129770884949f,-0.17272877653886717f,0f,0f,0f,1f],start_interpolation:0}
execute if entity @s[tag=aj.lexiel.bone.left_arm] run data modify entity @s {} merge value {transformation:[0.7165448557672509f,0.6865646918406696f,-0.12325742813809204f,-0.21397407395666396f,-0.690647243209662f,0.723080763543244f,0.012672601966971876f,1.4418302863141252f,0.09782563631474167f,0.07604691520006657f,0.9922938131260169f,-0.14896411553884636f,0f,0f,0f,1f],start_interpolation:0}
execute if entity @s[tag=aj.lexiel.bone.skirt_right] run data modify entity @s {} merge value {transformation:[-0.626864647500531f,-0.42060322611615303f,-0.6558457439785055f,-0.12636424019341347f,0.07763995340037232f,0.8038568606172174f,-0.5897339953526671f,0.7284936373570855f,0.7752501217994248f,-0.42060322611615314f,-0.4712538326959911f,0.18299497657570102f,0f,0f,0f,1f],start_interpolation:0}
execute if entity @s[tag=aj.lexiel.bone.skirt_left] run data modify entity @s {} merge value {transformation:[-0.7071067811865476f,-0.39540909403555946f,-0.5862180894121044f,0.18299497657570107f,0f,0.8290375725550417f,-0.5591929034707468f,0.7284936373570855f,0.7071067811865475f,-0.39540909403555957f,-0.5862180894121045f,-0.12636424019341347f,0f,0f,0f,1f],start_interpolation:0}
execute if entity @s[tag=aj.lexiel.bone.skirt_back_middle] run data modify entity @s {} merge value {transformation:[-0.7071067811865476f,-0.3155094994005535f,-0.6328141558056457f,-0.15783838766648683f,0f,0.894934361602025f,-0.4461978131098087f,0.6114407823718468f,0.7071067811865475f,-0.3155094994005536f,-0.6328141558056458f,-0.1578383876664869f,0f,0f,0f,1f],start_interpolation:0}
execute if entity @s[tag=aj.lexiel.bone.skirt_front_middle] run data modify entity @s {} merge value {transformation:[-0.7071067811865476f,-0.46854312944350496f,-0.529591668978362f,0.05531635130067458f,0f,0.7489557207890022f,-0.6626200482157374f,0.8344993274035999f,0.7071067811865475f,-0.46854312944350507f,-0.529591668978362f,0.05531635130067458f,0f,0f,0f,1f],start_interpolation:0}
execute if entity @s[tag=aj.lexiel.bone.skirt] run data modify entity @s {} merge value {transformation:[-0.7071067811865476f,-0.42060322611615303f,-0.5684126372457637f,0.0204290577014659f,0f,0.8038568606172174f,-0.5948227867513413f,0.7435659534936584f,0.7071067811865475f,-0.42060322611615314f,-0.5684126372457639f,0.0204290577014659f,0f,0f,0f,1f],start_interpolation:0}
execute if entity @s[tag=aj.lexiel.bone.rightupper] run data modify entity @s {} merge value {transformation:[-0.6648206746724434f,-0.4925358176090253f,-0.5616243752725537f,-0.11181313996143669f,-0.0037248385629334788f,0.7540132744855887f,-0.6568486183872203f,0.6624869153047911f,0.7469937055328895f,-0.43459458150295555f,-0.5031182302625437f,0.08304334379370527f,0f,0f,0f,1f],start_interpolation:0}
execute if entity @s[tag=aj.lexiel.bone.rightfoot] run data modify entity @s {} merge value {transformation:[-0.6835661733622418f,-0.24235778302316768f,-0.6884765730531408f,0.10948595169994119f,0.031473646249651675f,0.9325977404357952f,-0.35954257623513913f,0.4803066608659091f,0.7292096380511254f,-0.26744001110930316f,-0.6298643855872488f,0.24001751029445523f,0f,0f,0f,1f],start_interpolation:0}
execute if entity @s[tag=aj.lexiel.bone.leftupper] run data modify entity @s {} merge value {transformation:[-0.41279800353391904f,-0.6813326231419455f,-0.6044697386312455f,0.07420524061603624f,0.048236004325984294f,0.6463681297983122f,-0.7614995263739145f,0.6549670390964719f,0.9095444443044409f,-0.3435026891067202f,-0.23395471017138728f,-0.10031475872460906f,0f,0f,0f,1f],start_interpolation:0}
execute if entity @s[tag=aj.lexiel.bone.leftfoot] run data modify entity @s {} merge value {transformation:[-0.38496836416196467f,0.13313562837866721f,-0.9132766629289717f,0.34888838241377107f,0.017296429215649f,0.9904077449060786f,0.13708877549399845f,0.5565991620593873f,0.9227676804758872f,0.036978416492236404f,-0.38357842038216616f,0.02304387226288261f,0f,0f,0f,1f],start_interpolation:0}
execute if entity @s[tag=aj.lexiel.bone.lower] run data modify entity @s {} merge value {transformation:[-0.7071067811865476f,-0.42060322611615303f,-0.5684126372457637f,0f,0f,0.8038568606172174f,-0.5948227867513413f,0.625f,0.7071067811865475f,-0.42060322611615314f,-0.5684126372457639f,0f,0f,0f,0f,1f],start_interpolation:0}