execute if entity @s[tag=aj.lexiel.bone.backhair] run data modify entity @s {} merge value {transformation:[-0.9548467075905388f,0.06901227314755563f,0.2889724401366247f,0.03343475849100976f,0.06774731952123396f,0.9975987343508634f,-0.01438978523964803f,1.4788652268070719f,-0.28927161233207066f,0.005837069175753714f,-0.9572292635112247f,-0.28448307582871685f,0f,0f,0f,1f],start_interpolation:0}
execute if entity @s[tag=aj.lexiel.bone.head] run data modify entity @s {} merge value {transformation:[-0.9548467075905388f,0.06901227314755563f,0.2889724401366247f,-0.04224522915235062f,0.06774731952123396f,0.9975987343508634f,-0.01438978523964803f,1.4982749937355857f,-0.28927161233207066f,0.005837069175753714f,-0.9572292635112247f,-0.030127848502676635f,0f,0f,0f,1f],start_interpolation:0}
execute if entity @s[tag=aj.lexiel.bone.ring] run data modify entity @s {} merge value {transformation:[-0.8671992775705327f,0.09800256000624347f,0.4882221945112376f,-0.011828664162658153f,0.10825038831705475f,0.9940970776520884f,-0.0072700503976552665f,0.937016998245964f,-0.48605274035885543f,0.04654565968809809f,-0.8726890827516103f,-0.008435797580749527f,0f,0f,0f,1f],start_interpolation:0}
execute if entity @s[tag=aj.lexiel.bone.bust] run data modify entity @s {} merge value {transformation:[-0.8710425379098247f,0.19728173196329163f,0.4498497697956237f,-0.07142186730151673f,-0.06601732427708844f,0.8604781875498735f,-0.5051920443219375f,1.3896640294849354f,-0.4867510760613739f,-0.46974163854660433f,-0.7364890922265217f,0.036814578110470175f,0f,0f,0f,1f],start_interpolation:0}
execute if entity @s[tag=aj.lexiel.bone.left_wing] run data modify entity @s {} merge value {transformation:[-0.9957174701891709f,-0.054073893315008795f,-0.07498488929000752f,0.14625076322731645f,-0.05098081242651549f,0.9977919919815499f,-0.042568738550997035f,1.162627405726857f,0.07712117948015379f,-0.03856364608342609f,-0.9962756490431461f,-0.06511384599777847f,0f,0f,0f,1f],start_interpolation:0}
execute if entity @s[tag=aj.lexiel.bone.right_wing] run data modify entity @s {} merge value {transformation:[-0.7424598230238978f,-0.054073893315008795f,0.6677045943058049f,-0.07150987125013974f,-0.06600115695014894f,0.9977919919815499f,0.007415390666209352f,1.146123074657585f,-0.6666312762513954f,-0.03856364608342609f,-0.7443894053008735f,-0.18680161501312187f,0f,0f,0f,1f],start_interpolation:0}
execute if entity @s[tag=aj.lexiel.bone.body] run data modify entity @s {} merge value {transformation:[-0.8710425379098247f,-0.054073893315008795f,0.4882221945112376f,0.21844711835679792f,-0.06601732427708844f,0.9977919919815499f,-0.0072700503976552665f,0.2564976913465969f,-0.4867510760613739f,-0.03856364608342609f,-0.8726890827516103f,0.6990019024482051f,0f,0f,0f,1f],start_interpolation:0}
execute if entity @s[tag=aj.lexiel.bone.sword] run data modify entity @s {} merge value {transformation:[-0.6395302917613415f,-0.5834537717532323f,0.7664833753230272f,-0.4556086838380984f,0.8137333873877204f,0.16514173263564694f,0.8046615716514633f,0.8327830644757124f,-0.5155124078721675f,0.9844917302187074f,0.3192758258321734f,-0.6421772284728938f,0f,0f,0f,1f],start_interpolation:0}
execute if entity @s[tag=aj.lexiel.bone.rod] run data modify entity @s {} merge value {transformation:[-0.000007401521164256492f,-0.000003010056977164322f,0.000006013072546484669f,-0.5260334166999044f,0.000005231759420417907f,0.0000030400252920483503f,0.000007961591523720296f,0.795962220500358f,-0.000004224473673954156f,0.000009038683710470832f,-6.752917592696821e-7f,-0.5643894663064452f,0f,0f,0f,1f],start_interpolation:0}
execute if entity @s[tag=aj.lexiel.bone.right_hand] run data modify entity @s {} merge value {transformation:[-0.7401521164256492f,0.2123452673075198f,0.6380316073696743f,-0.4074981326073427f,0.5231759420417906f,0.7779317854445962f,0.3480072856473955f,1.1528348190398328f,-0.42244736739541555f,0.5913811162415323f,-0.6868817926933295f,-0.3670914761415509f,0f,0f,0f,1f],start_interpolation:0}
execute if entity @s[tag=aj.lexiel.bone.right_arm] run data modify entity @s {} merge value {transformation:[-0.7401521164256492f,0.23997370949808763f,0.6281619721858047f,-0.30937659475088874f,0.5231759420417906f,0.792371231359036f,0.3137431519304448f,1.3841015806507255f,-0.42244736739541555f,0.5608568894685101f,-0.7120237154171133f,-0.1786222179515348f,0f,0f,0f,1f],start_interpolation:0}
execute if entity @s[tag=aj.lexiel.bone.left_hand] run data modify entity @s {} merge value {transformation:[-0.895518163059095f,0.13043355093342268f,0.4254812668287079f,0.2986510115668256f,-0.28359391710008874f,0.5695499579640174f,-0.771483853082496f,1.160040118563368f,-0.34296021608211635f,-0.811541702054851f,-0.47305217049583836f,0.298402408356714f,0f,0f,0f,1f],start_interpolation:0}
execute if entity @s[tag=aj.lexiel.bone.left_arm] run data modify entity @s {} merge value {transformation:[-0.8801075483602011f,-0.11649901060605414f,0.460259365844093f,0.2622450707524337f,-0.3242395715949429f,0.8556330596614298f,-0.40343619994535473f,1.4274254497075647f,-0.3468132112987105f,-0.5043015444575109f,-0.7908227037247004f,0.14080817571374185f,0f,0f,0f,1f],start_interpolation:0}
execute if entity @s[tag=aj.lexiel.bone.skirt_right] run data modify entity @s {} merge value {transformation:[-0.9823276391915264f,0.10364774916236497f,0.15585106151058967f,-0.22664318971325376f,0.02789893042131436f,0.904455145454368f,-0.4256554234853171f,0.7186928436271148f,-0.18507852107078443f,-0.4137850093402291f,-0.8913629491310247f,0.004531140548149376f,0f,0f,0f,1f],start_interpolation:0}
execute if entity @s[tag=aj.lexiel.bone.skirt_left] run data modify entity @s {} merge value {transformation:[-0.970031253194544f,0.09396309902907889f,0.22407655800345125f,0.19774548355935923f,0f,0.9222009716704518f,-0.3867109616368206f,0.7186928436271148f,-0.24298017990326398f,-0.3751217187406323f,-0.8945637642467146f,0.11083496925582736f,0f,0f,0f,1f],start_interpolation:0}
execute if entity @s[tag=aj.lexiel.bone.skirt_back_middle] run data modify entity @s {} merge value {transformation:[-0.970031253194544f,0.06391137180917272f,0.23442419751231358f,0.05383794579608856f,0f,0.964787323828813f,-0.2630312144579748f,0.6552488321207277f,-0.24298017990326398f,-0.25514849858995214f,-0.9358738567998738f,-0.21493312767646927f,0f,0f,0f,1f],start_interpolation:0}
execute if entity @s[tag=aj.lexiel.bone.skirt_front_middle] run data modify entity @s {} merge value {transformation:[-0.970031253194544f,0.12240709157310475f,0.20989490646139103f,-0.02857380693776211f,0f,0.8638355052043957f,-0.5037739770455263f,0.8152121095837745f,-0.24298017990326398f,-0.4886765022802713f,-0.837947437667362f,0.1140730316497885f,0f,0f,0f,1f],start_interpolation:0}
execute if entity @s[tag=aj.lexiel.bone.skirt] run data modify entity @s {} merge value {transformation:[-0.970031253194544f,0.10364774916236497f,0.21976467395693514f,-0.012505457780152907f,0f,0.904455145454368f,-0.4265687399014583f,0.7356513776043843f,-0.24298017990326398f,-0.4137850093402291f,-0.8773497582033541f,0.04992458597685906f,0f,0f,0f,1f],start_interpolation:0}
execute if entity @s[tag=aj.lexiel.bone.rightupper] run data modify entity @s {} merge value {transformation:[-0.9804617400133581f,0.045815490465161895f,0.19130007110143626f,-0.1303488687984888f,-0.01787907426293198f,0.9477176451593531f,-0.3186088569972767f,0.6729538083234899f,-0.19589567395294488f,-0.3158040624929438f,-0.9283817528578825f,-0.045996836958878545f,0f,0f,0f,1f],start_interpolation:0}
execute if entity @s[tag=aj.lexiel.bone.rightfoot] run data modify entity @s {} merge value {transformation:[-0.9782312322961068f,0.018906397331155456f,0.2066547950094473f,-0.1321374871533665f,0.024526626780302763f,0.999394784395921f,0.024667985345588006f,0.40197394357560967f,-0.20606334157054707f,0.02919953873243364f,-0.9781029016410253f,0.1366792035384264f,0f,0f,0f,1f],start_interpolation:0}
execute if entity @s[tag=aj.lexiel.bone.leftupper] run data modify entity @s {} merge value {transformation:[-0.9980279086163599f,0.002265374833148378f,0.0627308672004468f,0.12859464699660259f,-0.03249994690807252f,0.8363277136454045f,-0.5472656656868059f,0.66170408847376f,-0.05370332460683623f,-0.5482251576364549f,-0.8346047744056209f,0.01865751852215289f,0f,0f,0f,1f],start_interpolation:0}
execute if entity @s[tag=aj.lexiel.bone.leftfoot] run data modify entity @s {} merge value {transformation:[-0.996946403877171f,-0.06214565814350753f,0.04728408791852544f,0.1263251857906132f,-0.07084533357845918f,0.9744948190268987f,-0.2129337605920883f,0.482430753783904f,-0.03284519000604799f,-0.21563340386786617f,-0.975921835307431f,0.2798094675380065f,0f,0f,0f,1f],start_interpolation:0}
execute if entity @s[tag=aj.lexiel.bone.lower] run data modify entity @s {} merge value {transformation:[-0.970031253194544f,0.10364774916236497f,0.21976467395693514f,0f,0f,0.904455145454368f,-0.4265687399014583f,0.625f,-0.24298017990326398f,-0.4137850093402291f,-0.8773497582033541f,0f,0f,0f,0f,1f],start_interpolation:0}