execute if entity @s[tag=aj.lexiel.bone.backhair] run data modify entity @s {} merge value {transformation:[-0.8317128766954653f,0.14072905376154443f,0.5370745052284032f,0.13705423959440155f,0.15616940616427916f,0.987585145417482f,-0.016932133032412255f,1.4788922454736186f,-0.5327896464058306f,0.06979193347451587f,-0.8433648550328847f,-0.1823377512195592f,0f,0f,0f,1f],start_interpolation:0}
execute if entity @s[tag=aj.lexiel.bone.head] run data modify entity @s {} merge value {transformation:[-0.8317128766954653f,0.14072905376154443f,0.5370745052284032f,-0.0034072843918689063f,0.15616940616427916f,0.987585145417482f,-0.016932133032412255f,1.4988208612075014f,-0.5327896464058306f,0.06979193347451587f,-0.8433648550328847f,0.042771537359090124f,0f,0f,0f,1f],start_interpolation:0}
execute if entity @s[tag=aj.lexiel.bone.ring] run data modify entity @s {} merge value {transformation:[-0.6908108569384321f,0.1173799881699998f,0.7134439699886739f,-0.0009540396297232911f,0.20884768396835612f,0.9770685493401163f,0.04146920292764535f,0.9371698411381004f,-0.6922160102432209f,0.17764849638432437f,-0.6994841005307739f,0.011976030460545184f,0f,0f,0f,1f],start_interpolation:0}
execute if entity @s[tag=aj.lexiel.bone.bust] run data modify entity @s {} merge value {transformation:[-0.7006987088182616f,0.3529449675975027f,0.6200412641978104f,-0.05420904991994324f,0.03600864532209813f,0.8854529151376802f,-0.46333196796276793f,1.386630341678027f,-0.7125480313091102f,-0.30232926573817126f,-0.6331447845127761f,0.08705894185446694f,0f,0f,0f,1f],start_interpolation:0}
execute if entity @s[tag=aj.lexiel.bone.left_wing] run data modify entity @s {} merge value {transformation:[-0.9837143373720367f,-0.0043613240215922f,0.1796860631809637f,0.17485975559142036f,0.005553658932395383f,0.9984907023456018f,0.054639493059960895f,1.1562722519768942f,-0.17965316396088682f,0.05474756781963536f,-0.9822053983239337f,0.02558505226838248f,0f,0f,0f,1f],start_interpolation:0}
execute if entity @s[tag=aj.lexiel.bone.right_wing] run data modify entity @s {} merge value {transformation:[-0.49764041771794915f,-0.0043613240215922f,0.8673724652686894f,-0.0003149216131450028f,0.045320299539385406f,0.9984907023456018f,0.031022375457841277f,1.1652744133074187f,-0.8661986406726611f,0.05474756781963536f,-0.49669167369170664f,-0.152551955558895f,0f,0f,0f,1f],start_interpolation:0}
execute if entity @s[tag=aj.lexiel.bone.body] run data modify entity @s {} merge value {transformation:[-0.7006987088182616f,-0.0043613240215922f,0.7134439699886739f,-0.004191968574410065f,0.03600864532209813f,0.9984907023456018f,0.04146920292764535f,0.18076572470232743f,-0.7125480313091102f,0.05474756781963536f,-0.6994841005307739f,0.6786422820101243f,0f,0f,0f,1f],start_interpolation:0}
execute if entity @s[tag=aj.lexiel.locator_origin.locator_right_hand] at @s on origin run tp @s ^-0.32924 ^0.72728 ^-0.60474 ~59.25124 ~14.82443
execute if entity @s[tag=aj.lexiel.bone.sword] run data modify entity @s {} merge value {transformation:[-0.3861779358931771f,-0.7112418820280783f,0.8257818413954392f,-0.2827105503927605f,0.8082145568351788f,0.4008431238103319f,0.7232068049414984f,0.8352919207188026f,-0.7311428686987247f,0.8187636031499763f,0.3632772084894227f,-0.6286736336891343f,0f,0f,0f,1f],start_interpolation:0}
execute if entity @s[tag=aj.lexiel.bone.rod] run data modify entity @s {} merge value {transformation:[-0.000005485692558363869f,-0.000005210473959931632f,0.000006538970734602325f,-0.37485256764897557f,0.000005263523913918272f,0.000003924439132973097f,0.0000075428173449447825f,0.808795348706227f,-0.000006496344600059464f,0.000007579560581225257f,5.897187743446104e-7f,-0.5723346522338317f,0f,0f,0f,1f],start_interpolation:0}
execute if entity @s[tag=aj.lexiel.bone.right_hand] run data modify entity @s {} merge value {transformation:[-0.5485692558363869f,0.09393890781541042f,0.8308112018681263f,-0.2905957433681462f,0.5263523913918272f,0.8108574817141097f,0.2558579770582832f,1.173603334257833f,-0.6496344600059464f,0.5776552829730721f,-0.4942564541066534f,-0.371957578336213f,0f,0f,0f,1f],start_interpolation:0}
execute if entity @s[tag=aj.lexiel.bone.right_arm] run data modify entity @s {} merge value {transformation:[-0.5485692558363869f,0.1647558315286648f,0.8197117100105444f,-0.22196675677055136f,0.5263523913918272f,0.829792759996539f,0.18546464766480664f,1.4164650595257569f,-0.6496344600059464f,0.5331974225693747f,-0.5419184227705847f,-0.1850323069080976f,0f,0f,0f,1f],start_interpolation:0}
execute if entity @s[tag=aj.lexiel.locator_origin.locator_left_hand] at @s on origin run tp @s ^0.47163 ^0.68519 ^0.34489 ~36.19786 ~6.661
execute if entity @s[tag=aj.lexiel.bone.left_hand] run data modify entity @s {} merge value {transformation:[-0.7514085329376868f,-0.3021563694936974f,0.58658907678444f,0.3577707881286856f,-0.29129178537964545f,0.949575858358714f,0.11599476278112714f,1.1042536046619043f,-0.5920593824936584f,-0.08370912493091583f,-0.8015350709760168f,0.28321708354184166f,0f,0f,0f,1f],start_interpolation:0}
execute if entity @s[tag=aj.lexiel.bone.left_arm] run data modify entity @s {} merge value {transformation:[-0.7349895768251589f,-0.3836928551592091f,0.5590797034932928f,0.2378667708914328f,-0.30672549102331925f,0.9234585003879225f,0.23052954521664432f,1.39283438603313f,-0.604739443987969f,-0.0020471836906743313f,-0.7964207518165627f,0.2825773386385059f,0f,0f,0f,1f],start_interpolation:0}
execute if entity @s[tag=aj.lexiel.bone.skirt_right] run data modify entity @s {} merge value {transformation:[-0.9419441654825224f,0.07225063118780317f,0.3279040033399995f,-0.23296615536337775f,-0.05068582791083493f,0.9347873396283618f,-0.35157300311531725f,0.6991926589406917f,-0.3319218823193607f,-0.3477822249102068f,-0.8768553974710304f,-0.019703691012516386f,0f,0f,0f,1f],start_interpolation:0}
execute if entity @s[tag=aj.lexiel.bone.skirt_left] run data modify entity @s {} merge value {transformation:[-0.9285211792656112f,0.05629648462762457f,0.366986546720408f,0.17326186056532714f,-0.06428008348055397f,0.9491357673971742f,-0.3082358932945842f,0.7273151954634341f,-0.365672654874454f,-0.3097934809933044f,-0.8776739192952697f,0.1402780954950572f,0f,0f,0f,1f],start_interpolation:0}
execute if entity @s[tag=aj.lexiel.bone.skirt_back_middle] run data modify entity @s {} merge value {transformation:[-0.9285211792656112f,0.007913503858067175f,0.3711950917130868f,0.07708960292761574f,-0.06428008348055397f,0.9812486367893046f,-0.18171181487967183f,0.6734253491939487f,-0.365672654874454f,-0.19258372012145641f,-0.9106014606957584f,-0.20425950235155932f,0f,0f,0f,1f],start_interpolation:0}
execute if entity @s[tag=aj.lexiel.bone.skirt_front_middle] run data modify entity @s {} merge value {transformation:[-0.9285211792656112f,0.103716216936869f,0.3564987601654498f,-0.05947851157558873f,-0.06428008348055397f,0.9007829218747283f,-0.42948597011609135f,0.8044290648404645f,-0.365672654874454f,-0.42170258951437734f,-0.8297291337984566f,0.11948758502969643f,0f,0f,0f,1f],start_interpolation:0}
execute if entity @s[tag=aj.lexiel.bone.skirt] run data modify entity @s {} merge value {transformation:[-0.9285211792656112f,0.07225063118780317f,0.3641816386752119f,-0.028497448064253993f,-0.06428008348055397f,0.9347873396283618f,-0.34934324172404235f,0.7307811898200948f,-0.365672654874454f,-0.3477822249102068f,-0.8633255663500153f,0.053766285524204024f,0f,0f,0f,1f],start_interpolation:0}
execute if entity @s[tag=aj.lexiel.bone.rightupper] run data modify entity @s {} merge value {transformation:[-0.9462921594608571f,0.0720974547233295f,0.31517155005698927f,-0.12703101482179668f,-0.08327881772521552f,0.8875717642648078f,-0.45307946521349507f,0.6565719402519425f,-0.3124032449594564f,-0.4549926596136181f,-0.8338980106922718f,-0.05984424720472765f,0f,0f,0f,1f],start_interpolation:0}
execute if entity @s[tag=aj.lexiel.bone.rightfoot] run data modify entity @s {} merge value {transformation:[-0.9434023817416337f,-0.00021238391222318243f,0.3316502691349527f,-0.14844060252302574f,-0.04293712655258912f,0.9916619979235428f,-0.12150261329574069f,0.4176636428953713f,-0.32885916330189074f,-0.12886596434808212f,-0.9355454098786542f,0.16212006744958546f,0f,0f,0f,1f],start_interpolation:0}
execute if entity @s[tag=aj.lexiel.bone.leftupper] run data modify entity @s {} merge value {transformation:[-0.9616373895575132f,0.01915202912289149f,0.273654400266993f,0.12361503867572883f,-0.10910107064666806f,0.8885717069897578f,-0.4455752213948377f,0.6724808104724946f,-0.25169522718709314f,-0.45833778080994353f,-0.8523942698619306f,0.038057236603734994f,0f,0f,0f,1f],start_interpolation:0}
execute if entity @s[tag=aj.lexiel.bone.leftfoot] run data modify entity @s {} merge value {transformation:[-0.9605564317284558f,-0.11076012993512896f,0.25507554779290303f,0.0908710522392821f,-0.1492755149766577f,0.9792708529757617f,-0.13691390411706766f,0.4661471585728994f,-0.23462344745048364f,-0.16959006494744114f,-0.957178691665027f,0.27617168681843385f,0f,0f,0f,1f],start_interpolation:0}
execute if entity @s[tag=aj.lexiel.bone.lower] run data modify entity @s {} merge value {transformation:[-0.9285211792656112f,0.07225063118780317f,0.3641816386752119f,0f,-0.06428008348055397f,0.9347873396283618f,-0.34934324172404235f,0.625f,-0.365672654874454f,-0.3477822249102068f,-0.8633255663500153f,0f,0f,0f,0f,1f],start_interpolation:0}