execute if entity @s[tag=aj.lexiel.bone.backhair] run data modify entity @s {} merge value {transformation:[-0.45029981037697564f,0.12787656560699243f,0.8836728267537822f,0.19121356597555253f,0.16678468373816344f,0.9843181510751069f,-0.05745125529041087f,1.4664410931978822f,-0.8771618722019446f,0.12151280357494727f,-0.4645661293320205f,-0.07211870063934717f,0f,0f,0f,1f],start_interpolation:0}
execute if entity @s[tag=aj.lexiel.bone.head] run data modify entity @s {} merge value {transformation:[-0.45029981037697564f,0.12787656560699243f,0.8836728267537822f,-0.04151395729331162f,0.16678468373816344f,0.9843181510751069f,-0.05745125529041087f,1.497081553994946f,-0.8771618722019446f,0.12151280357494727f,-0.4645661293320205f,0.053180315020329334f,0f,0f,0f,1f],start_interpolation:0}
execute if entity @s[tag=aj.lexiel.bone.ring] run data modify entity @s {} merge value {transformation:[-0.24923042195966594f,-0.010011554755561078f,0.9683924646243294f,-0.011623908042127207f,0.22535951972849985f,0.9718964094923381f,0.06804745464483851f,0.9366828351185849f,-0.9418584201659751f,0.23519595657085146f,-0.2399699530674108f,0.014890488205692276f,0f,0f,0f,1f],start_interpolation:0}
execute if entity @s[tag=aj.lexiel.bone.bust] run data modify entity @s {} merge value {transformation:[-0.24370556359346723f,0.43817749102879805f,0.865221407865812f,-0.1053052116671217f,0.0531677618543571f,0.896813997180522f,-0.4392013701714659f,1.3832242256330558f,-0.968390823672441f,-0.06103393168395901f,-0.24185547711434802f,0.06298291129420341f,0f,0f,0f,1f],start_interpolation:0}
execute if entity @s[tag=aj.lexiel.bone.left_wing] run data modify entity @s {} merge value {transformation:[-0.7373967111616759f,-0.05313786533543888f,0.6733665106281543f,0.12826443744297011f,0.006818540168904458f,0.996264389113531f,0.08608585536665138f,1.15647563183598f,-0.6754254939502274f,0.06807080322602155f,-0.7342797613105345f,0.12083358523701321f,0f,0f,0f,1f],start_interpolation:0}
execute if entity @s[tag=aj.lexiel.bone.right_wing] run data modify entity @s {} merge value {transformation:[-0.027167411797899055f,-0.05313786533543888f,0.9982175609574278f,0.06733804654460329f,0.06669958081481356f,0.996264389113531f,0.054849183251632294f,1.1697675722995693f,-0.9974031770830347f,0.06807080322602155f,-0.023521651575361735f,-0.12126412068109704f,0f,0f,0f,1f],start_interpolation:0}
execute if entity @s[tag=aj.lexiel.bone.body] run data modify entity @s {} merge value {transformation:[-0.24370556359346723f,-0.05313786533543888f,0.9683924646243294f,-0.3357745178477116f,0.0531677618543571f,0.996264389113531f,0.06804745464483851f,0.16001019719363674f,-0.968390823672441f,0.06807080322602155f,-0.2399699530674108f,0.5701449867569152f,0f,0f,0f,1f],start_interpolation:0}
execute if entity @s[tag=aj.lexiel.bone.sword] run data modify entity @s {} merge value {transformation:[0.18250634487149986f,-1.1398657862986783f,0.06566190529782848f,0.15831976267966064f,1.122058238999472f,0.19135916134764963f,0.20317736626339064f,1.1446780381348343f,-0.21116534960795286f,0.03165000938420046f,1.1363632933753762f,-0.8757184858056111f,0f,0f,0f,1f],start_interpolation:0}
execute if entity @s[tag=aj.lexiel.bone.rod] run data modify entity @s {} merge value {transformation:[1.6515028555143504e-7f,-0.000009203876530137037f,0.0000039065819076495655f,0.05435176250823755f,0.000009068265573808184f,0.0000017837015617339242f,0.000003819027130245774f,1.1296296658775884f,-0.000004211803042174171f,0.0000034795208803311677f,0.000008375777550608173f,-0.9121952582140966f,0f,0f,0f,1f],start_interpolation:0}
execute if entity @s[tag=aj.lexiel.bone.right_hand] run data modify entity @s {} merge value {transformation:[0.0165150285551435f,-0.3745752949503922f,0.9270494065823296f,-0.04290158348990865f,0.9068265573808184f,0.396172745124728f,0.1439192511417094f,1.3192363650461365f,-0.42118030421741703f,0.8382961913507443f,0.3462176293982735f,-0.5448721737109571f,0f,0f,0f,1f],start_interpolation:0}
execute if entity @s[tag=aj.lexiel.bone.right_arm] run data modify entity @s {} merge value {transformation:[0.0165150285551435f,-0.22167229730821073f,0.9749813569694156f,-0.11269027104107274f,0.9068265573808184f,0.4140757054945707f,0.07878391300276166f,1.4202966930950391f,-0.42118030421741703f,0.8828378688781274f,0.2078567983349362f,-0.25582345517974797f,0f,0f,0f,1f],start_interpolation:0}
execute if entity @s[tag=aj.lexiel.bone.left_hand] run data modify entity @s {} merge value {transformation:[-0.46155995616597495f,-0.2538383398913057f,0.8500167669318581f,0.1970440553474123f,-0.4459129472052273f,0.8947254993715427f,0.02505841752967919f,1.1232409694715215f,-0.766892463373328f,-0.36746751961985624f,-0.5261592645251237f,0.4602142828585766f,0f,0f,0f,1f],start_interpolation:0}
execute if entity @s[tag=aj.lexiel.bone.left_arm] run data modify entity @s {} merge value {transformation:[-0.4141848850354324f,-0.4793681608968709f,0.7737293114045356f,0.04724150506714014f,-0.4751407701759552f,0.838926015701106f,0.2654136181443365f,1.385405349378117f,-0.7763324864546024f,-0.2577000320105124f,-0.5752378325327665f,0.37968302285529143f,0f,0f,0f,1f],start_interpolation:0}
execute if entity @s[tag=aj.lexiel.bone.skirt_right] run data modify entity @s {} merge value {transformation:[-0.773885619802258f,0.23057482158540263f,0.5898612541217931f,-0.20531268922549414f,-0.08402408574529055f,0.8857583774010636f,-0.4564778744676496f,0.692804047601427f,-0.6277268518057378f,-0.40282421540256846f,-0.6661018323104675f,-0.11582455006111203f,0f,0f,0f,1f],start_interpolation:0}
execute if entity @s[tag=aj.lexiel.bone.skirt_left] run data modify entity @s {} merge value {transformation:[-0.7212044827875117f,0.20186220982721872f,0.6626580884972804f,0.11021427199404224f,-0.12234396476818313f,0.9044451324655637f,-0.40866974030890857f,0.7463295321875072f,-0.6818328594985716f,-0.37580666652285594f,-0.6275932608823805f,0.18247732596951305f,0f,0f,0f,1f],start_interpolation:0}
execute if entity @s[tag=aj.lexiel.bone.skirt_back_middle] run data modify entity @s {} merge value {transformation:[-0.7212044827875117f,0.11364101360338992f,0.6833372622902922f,0.15058048367543939f,-0.12234396476818313f,0.9500495840556175f,-0.28711973481554676f,0.6490020297731965f,-0.6818328594985716f,-0.29067422978816415f,-0.6712767267268085f,-0.16358235273964394f,0f,0f,0f,1f],start_interpolation:0}
execute if entity @s[tag=aj.lexiel.bone.skirt_front_middle] run data modify entity @s {} merge value {transformation:[-0.7212044827875117f,0.2866294876741258f,0.6306406510865483f,-0.0943778709139975f,-0.12234396476818313f,0.8433653738994592f,-0.5232272932409272f,0.8169015747183126f,-0.6818328594985716f,-0.45450894700004935f,-0.5731715003425303f,0.06539395023526794f,0f,0f,0f,1f],start_interpolation:0}
execute if entity @s[tag=aj.lexiel.bone.skirt] run data modify entity @s {} merge value {transformation:[-0.7212044827875117f,0.23057482158540263f,0.653222278905165f,-0.043225930710999644f,-0.12234396476818313f,0.8857583774010636f,-0.4477321198536428f,0.7361747594707371f,-0.6818328594985716f,-0.40282421540256846f,-0.610603474599765f,0.025773433915402315f,0f,0f,0f,1f],start_interpolation:0}
execute if entity @s[tag=aj.lexiel.bone.rightupper] run data modify entity @s {} merge value {transformation:[-0.758120929092143f,0.2605697397949385f,0.5977926626980827f,-0.09354193795046864f,-0.13518957148266803f,0.8339848206709999f,-0.534970184825933f,0.6476582487689889f,-0.6379470484568435f,-0.4863874274624686f,-0.5970350356316148f,-0.10721722295065807f,0f,0f,0f,1f],start_interpolation:0}
execute if entity @s[tag=aj.lexiel.bone.rightfoot] run data modify entity @s {} merge value {transformation:[-0.7482417062484835f,0.07216624784813172f,0.6594894856643886f,-0.20336053048528469f,-0.09683105930846644f,0.9715409802332541f,-0.21617555292078744f,0.4339683833856358f,-0.656321639886693f,-0.22561063006633775f,-0.7199595465146024f,0.11432360893432057f,0f,0f,0f,1f],start_interpolation:0}
execute if entity @s[tag=aj.lexiel.bone.leftupper] run data modify entity @s {} merge value {transformation:[-0.8628308135838043f,0.20529632543361256f,0.46192684041281523f,0.09844619592816073f,-0.14184726083172242f,0.7787663280081474f,-0.6110665765325773f,0.675604928271752f,-0.485182792074129f,-0.5927701284006837f,-0.6428228629653657f,0.07379791115558831f,0f,0f,0f,1f],start_interpolation:0}
execute if entity @s[tag=aj.lexiel.bone.leftfoot] run data modify entity @s {} merge value {transformation:[-0.8692554738022081f,-0.15499496113954714f,0.46943741146850293f,-0.012035003495561317f,-0.177816914565069f,0.9840539462652396f,-0.0043561145953622815f,0.5215075338430348f,-0.4612765614676918f,-0.08726048854527024f,-0.8829550050706907f,0.32755432400842976f,0f,0f,0f,1f],start_interpolation:0}
execute if entity @s[tag=aj.lexiel.bone.lower] run data modify entity @s {} merge value {transformation:[-0.7212044827875117f,0.23057482158540263f,0.653222278905165f,0f,-0.12234396476818313f,0.8857583774010636f,-0.4477321198536428f,0.625f,-0.6818328594985716f,-0.40282421540256846f,-0.610603474599765f,0f,0f,0f,0f,1f],start_interpolation:0}