execute if entity @s[tag=aj.lexiel.bone.backhair] run data modify entity @s {} merge value {transformation:[-0.9250432559419202f,0.04549599178510073f,0.3771274179476496f,0.043210598402460484f,0.041965034474964365f,0.9989644265985657f,-0.017578688008890724f,1.4763645091501094f,-0.3775366346699168f,-0.0004348816953040624f,-0.925994546614625f,-0.29145952781395723f,0f,0f,0f,1f],start_interpolation:0}
execute if entity @s[tag=aj.lexiel.bone.head] run data modify entity @s {} merge value {transformation:[-0.9250432559419202f,0.04549599178510073f,0.3771274179476496f,-0.056252997118241735f,0.041965034474964365f,0.9989644265985657f,-0.017578688008890724f,1.4966426673180737f,-0.3775366346699168f,-0.0004348816953040624f,-0.925994546614625f,-0.04549902139593657f,0f,0f,0f,1f],start_interpolation:0}
execute if entity @s[tag=aj.lexiel.bone.ring] run data modify entity @s {} merge value {transformation:[-0.820373240576961f,0.07153932501654538f,0.5673357657696478f,-0.015750839193107657f,0.08197179921812978f,0.9966090920901389f,-0.007137345179509898f,0.9365599468490606f,-0.5659225832905046f,0.04065024648690258f,-0.8234556376529071f,-0.01273972599086226f,0f,0f,0f,1f],start_interpolation:0}
execute if entity @s[tag=aj.lexiel.bone.bust] run data modify entity @s {} merge value {transformation:[-0.820332601104586f,0.22131073146925884f,0.5273291037876877f,-0.08915483568638133f,-0.09233288928937235f,0.8587350858935587f,-0.504032429324601f,1.3882506905783207f,-0.5643837888533483f,-0.4621640535480058f,-0.6840141274035318f,0.020056715555797244f,0f,0f,0f,1f],start_interpolation:0}
execute if entity @s[tag=aj.lexiel.bone.left_wing] run data modify entity @s {} merge value {transformation:[-0.9973393485536811f,-0.07200383631134942f,0.011387334322280007f,0.14195686747306385f,-0.07254294098375845f,0.9957026141671342f,-0.057565839298683925f,1.165019336711854f,-0.007193437283101456f,-0.05823874738679881f,-0.9982767666147854f,-0.0578634330816693f,0f,0f,0f,1f],start_interpolation:0}
execute if entity @s[tag=aj.lexiel.bone.right_wing] run data modify entity @s {} merge value {transformation:[-0.6687370813955522f,-0.07200383631134942f,0.7400041645308538f,-0.06312628280308269f,-0.09151609478470954f,0.9957026141671342f,0.01418127413496482f,1.141936114389511f,-0.7378451872594377f,-0.05823874738679881f,-0.6724527700447831f,-0.19895938029500637f,0f,0f,0f,1f],start_interpolation:0}
execute if entity @s[tag=aj.lexiel.bone.body] run data modify entity @s {} merge value {transformation:[-0.820332601104586f,-0.07200383631134942f,0.5673357657696478f,0.16250033582314377f,-0.09233288928937235f,0.9957026141671342f,-0.007137345179509898f,0.270633810150874f,-0.5643837888533483f,-0.05823874738679881f,-0.8234556376529071f,0.7230390869465271f,0f,0f,0f,1f],start_interpolation:0}
execute if entity @s[tag=aj.lexiel.locator_origin.locator_right_hand] at @s on origin run tp @s ^-0.47664 ^0.84227 ^-0.8083 ~58.62534 ~21.85252
execute if entity @s[tag=aj.lexiel.bone.sword] run data modify entity @s {} merge value {transformation:[-0.43113483072088754f,-0.838680213448617f,0.6690682474972593f,-0.42739211284054685f,0.9866280995702678f,-0.026695902676694833f,0.6023009085321374f,0.9516706549788883f,-0.4214283015859682f,0.7954978886521689f,0.7255999988094736f,-0.804945478499083f,0f,0f,0f,1f],start_interpolation:0}
execute if entity @s[tag=aj.lexiel.bone.rod] run data modify entity @s {} merge value {transformation:[-0.000005807817464484564f,-0.000004285335773625311f,0.000006921354896731943f,-0.5150450395851225f,0.000007025297172591781f,0.0000016569843583462575f,0.000006920953870166291f,0.911746207483275f,-0.000004112718800988228f,0.0000088820211744559f,0.0000020482294599275167f,-0.7493639759180692f,0f,0f,0f,1f],start_interpolation:0}
execute if entity @s[tag=aj.lexiel.bone.right_hand] run data modify entity @s {} merge value {transformation:[-0.5807817464484564f,0.18639469972861167f,0.7924326967669629f,-0.39497684634174735f,0.702529717259178f,0.6065518289980544f,0.37221885377671854f,1.2010889758988335f,-0.4112718800988228f,0.7728854343641076f,-0.48322204625594634f,-0.4626595255850217f,0f,0f,0f,1f],start_interpolation:0}
execute if entity @s[tag=aj.lexiel.bone.right_arm] run data modify entity @s {} merge value {transformation:[-0.5807817464484564f,0.2271066926591912f,0.7817385196737363f,-0.3058565753092358f,0.702529717259178f,0.6249811107279735f,0.34036834106739117f,1.374441519336976f,-0.4112718800988228f,0.7468742607578815f,-0.522526821567417f,-0.21640907284509553f,0f,0f,0f,1f],start_interpolation:0}
execute if entity @s[tag=aj.lexiel.locator_origin.locator_left_hand] at @s on origin run tp @s ^0.08637 ^1.1528 ^0.77731 ~80.34261 ~-67.52516
execute if entity @s[tag=aj.lexiel.bone.left_hand] run data modify entity @s {} merge value {transformation:[-0.8668782206597283f,0.3263411493838858f,0.3768601925975041f,0.24091896429598372f,-0.3274574242329383f,0.1972506811735698f,-0.9240475118148916f,1.210221920701106f,-0.3758906567880519f,-0.9244423308110502f,-0.06412948732119961f,0.3708646214815944f,0f,0f,0f,1f],start_interpolation:0}
execute if entity @s[tag=aj.lexiel.bone.left_arm] run data modify entity @s {} merge value {transformation:[-0.8473558529817106f,-0.02698326441707216f,0.5303394779375151f,0.23248669416564868f,-0.3848215468150365f,0.7194017831424651f,-0.5782503363754528f,1.4350349779331264f,-0.3659240843734126f,-0.6940698652533764f,-0.6199730531423437f,0.15396778858991428f,0f,0f,0f,1f],start_interpolation:0}
execute if entity @s[tag=aj.lexiel.bone.skirt_right] run data modify entity @s {} merge value {transformation:[-0.9679690258284266f,0.16105074788355225f,0.1926100247726359f,-0.22373547269270014f,0.04576027569284987f,0.8674761788010925f,-0.49536963611142876f,0.7231450283386689f,-0.2468642586630987f,-0.47068857625695937f,-0.8470597983471506f,-0.021817591443051614f,0f,0f,0f,1f],start_interpolation:0}
execute if entity @s[tag=aj.lexiel.bone.skirt_left] run data modify entity @s {} merge value {transformation:[-0.9461481568757505f,0.14864776601591562f,0.2875891286177174f,0.1902043459404407f,0f,0.8883502507930041f,-0.4591664533870117f,0.7231450283386689f,-0.32373394205832107f,-0.43443949357129624f,-0.8405109524479115f,0.11981600820746385f,0f,0f,0f,1f],start_interpolation:0}
execute if entity @s[tag=aj.lexiel.bone.skirt_back_middle] run data modify entity @s {} merge value {transformation:[-0.9461481568757505f,0.10983814988882273f,0.3045311906350824f,0.07228396296173917f,0f,0.940683540004652f,-0.33928524513205127f,0.637446398846675f,-0.32373394205832107f,-0.3210141093368274f,-0.8900259975787579f,-0.211257855426243f,0f,0f,0f,1f],start_interpolation:0}
execute if entity @s[tag=aj.lexiel.bone.skirt_front_middle] run data modify entity @s {} merge value {transformation:[-0.9461481568757505f,0.18491397765352935f,0.2657263368749331f,-0.03302784316512332f,0f,0.8208170424930672f,-0.5711911963195286f,0.8240009197360911f,-0.32373394205832107f,-0.540431497621377f,-0.7766145318870201f,0.09652751496360923f,0f,0f,0f,1f],start_interpolation:0}
execute if entity @s[tag=aj.lexiel.bone.skirt] run data modify entity @s {} merge value {transformation:[-0.9461481568757505f,0.16105074788355225f,0.28083148300496663f,-0.013745861853313102f,0f,0.8674761788010925f,-0.49747872237177637f,0.7394102066911894f,-0.32373394205832107f,-0.47068857625695937f,-0.8207609877062727f,0.040173797577388114f,0f,0f,0f,1f],start_interpolation:0}
execute if entity @s[tag=aj.lexiel.bone.rightupper] run data modify entity @s {} merge value {transformation:[-0.9597553094690476f,0.07078616913224837f,0.27177024157466856f,-0.12472113826371609f,-0.015115198661245478f,0.9532905428089306f,-0.30167643554060664f,0.675366483616199f,-0.28043052029942117f,-0.29364342194340987f,-0.913855712918599f,-0.06027080869433391f,0f,0f,0f,1f],start_interpolation:0}
execute if entity @s[tag=aj.lexiel.bone.rightfoot] run data modify entity @s {} merge value {transformation:[-0.9567515576787602f,0.013962970334086847f,0.2905709764217956f,-0.1416969728686282f,0.02746858583946626f,0.9987208071659258f,0.04245263390911644f,0.4011375254300486f,-0.28960651524309006f,0.04859819742841301f,-0.955911230991384f,0.11668681759771565f,0f,0f,0f,1f],start_interpolation:0}
execute if entity @s[tag=aj.lexiel.bone.leftupper] run data modify entity @s {} merge value {transformation:[-0.997722097129556f,0.03696532446585559f,0.0564285538228217f,0.12510014859689408f,-0.007963759151300188f,0.7661028879450489f,-0.642668611044943f,0.6590739030380048f,-0.06698653177752345f,-0.6416540577830006f,-0.7640633970365476f,0.026175315951469907f,0f,0f,0f,1f],start_interpolation:0}
execute if entity @s[tag=aj.lexiel.bone.leftfoot] run data modify entity @s {} merge value {transformation:[-0.9981733644445184f,-0.03460051210992325f,0.04952513579225869f,0.11341416851295057f,-0.0436253400499267f,0.9798999579985084f,-0.19466099254871222f,0.5116859405375996f,-0.041794308452693385f,-0.1964659687484135f,-0.9796194970011105f,0.3063261009485473f,0f,0f,0f,1f],start_interpolation:0}
execute if entity @s[tag=aj.lexiel.bone.lower] run data modify entity @s {} merge value {transformation:[-0.9461481568757505f,0.16105074788355225f,0.28083148300496663f,0f,0f,0.8674761788010925f,-0.49747872237177637f,0.625f,-0.32373394205832107f,-0.47068857625695937f,-0.8207609877062727f,0f,0f,0f,0f,1f],start_interpolation:0}