execute if entity @s[tag=aj.lexiel.bone.backhair] run data modify entity @s {} merge value {transformation:[-0.9912616536347568f,0.11560657925147169f,0.06352521441963443f,0.0034637910564048295f,0.1152958791618025f,0.9932944172658146f,-0.008547565552419163f,1.48210838412562f,-0.06408739565307953f,-0.0011486785185887416f,-0.9979436287967707f,-0.269863663521931f,0f,0f,0f,1f],start_interpolation:0}
execute if entity @s[tag=aj.lexiel.bone.head] run data modify entity @s {} merge value {transformation:[-0.9912616536347568f,0.11560657925147169f,0.06352521441963443f,-0.01160374122300632f,0.1152958791618025f,0.9932944172658146f,-0.008547565552419163f,1.4998990564952597f,-0.06408739565307953f,-0.0011486785185887416f,-0.9979436287967707f,-0.004802835224641709f,0f,0f,0f,1f],start_interpolation:0}
execute if entity @s[tag=aj.lexiel.bone.ring] run data modify entity @s {} merge value {transformation:[-0.9484502120133399f,0.1521554452634621f,0.27801243822629235f,-0.0032490475424418186f,0.1578921103224353f,0.9874547718720088f,-0.0017762334099833078f,0.9374717358186726f,-0.2747949723517123f,0.04221130161315114f,-0.9605758320852891f,-0.0013447938628996514f,0f,0f,0f,1f],start_interpolation:0}
execute if entity @s[tag=aj.lexiel.bone.bust] run data modify entity @s {} merge value {transformation:[-0.9604626379289103f,0.126143326725224f,0.2481922284547452f,-0.029961361449300283f,-0.01597634727909559f,0.8650253899409482f,-0.5014736594130623f,1.390665855362266f,-0.2779501348628145f,-0.4856119190054995f,-0.828809258303465f,0.06491094963793831f,0f,0f,0f,1f],start_interpolation:0}
execute if entity @s[tag=aj.lexiel.bone.left_wing] run data modify entity @s {} merge value {transformation:[-0.9366612774151815f,-0.01485278876544809f,-0.34992148556047487f,0.1483112894345167f,-0.011761641734663856f,0.9998707923139324f,-0.010957301730554807f,1.1579684858709844f,0.35003901950306354f,-0.006147629087541387f,-0.9367149467591174f,-0.0880177998786087f,0f,0f,0f,1f],start_interpolation:0}
execute if entity @s[tag=aj.lexiel.bone.right_wing] run data modify entity @s {} merge value {transformation:[-0.8425887502925633f,-0.01485278876544809f,0.5383526655885577f,-0.09180437004771086f,-0.015826259580438946f,0.9998707923139324f,0.002815703322718936f,1.1539743990512106f,-0.5383249273330272f,-0.006147629087541387f,-0.842714945440327f,-0.1575053335943123f,0f,0f,0f,1f],start_interpolation:0}
execute if entity @s[tag=aj.lexiel.bone.body] run data modify entity @s {} merge value {transformation:[-0.9604626379289103f,-0.01485278876544809f,0.27801243822629235f,0.34865149423403297f,-0.01597634727909559f,0.9998707923139324f,-0.0017762334099833078f,0.22769089418757327f,-0.2779501348628145f,-0.006147629087541387f,-0.9605758320852891f,0.6223367980178225f,0f,0f,0f,1f],start_interpolation:0}
execute if entity @s[tag=aj.lexiel.bone.sword] run data modify entity @s {} merge value {transformation:[-0.9771164699752553f,-0.17531885907521896f,0.592807527158402f,-0.38710640252862977f,0.3590959708594043f,0.7415602173232189f,0.8112044072218061f,0.6824456081577941f,-0.5031973274130517f,0.8696354432956973f,-0.5722243510619399f,-0.22910543434919195f,0f,0f,0f,1f],start_interpolation:0}
execute if entity @s[tag=aj.lexiel.bone.rod] run data modify entity @s {} merge value {transformation:[-0.000009518001335311972f,-0.0000013266638127372903f,0.000002765431920871109f,-0.4190317059011692f,0.0000013297739615392144f,0.0000063398943336398645f,0.000007618230834615965f,0.6747685807700525f,-0.0000027639377330561946f,0.000007618773061737338f,-0.000005857895973942666f,-0.1228597814548624f,0f,0f,0f,1f],start_interpolation:0}
execute if entity @s[tag=aj.lexiel.bone.right_hand] run data modify entity @s {} merge value {transformation:[-0.9518001335311972f,0.1017362685816363f,0.28935486424990386f,-0.37262180056889116f,0.13297739615392143f,0.9869884959124315f,0.09039204084784838f,1.0966720247710133f,-0.27639377330561943f,0.12451281296156318f,-0.95294440629361f,-0.1362259750439198f,0f,0f,0f,1f],start_interpolation:0}
execute if entity @s[tag=aj.lexiel.bone.right_arm] run data modify entity @s {} merge value {transformation:[-0.9518001335311972f,0.1040709752544359f,0.2885233749968722f,-0.31035586662903003f,0.13297739615392143f,0.9876866561597051f,0.08241408469541811f,1.401168561191111f,-0.27639377330561943f,0.11680882395457588f,-0.9539193785243232f,-0.09108591214231423f,0f,0f,0f,1f],start_interpolation:0}
execute if entity @s[tag=aj.lexiel.bone.left_hand] run data modify entity @s {} merge value {transformation:[-0.9500256569922749f,-0.1681734575886532f,0.2629998844468829f,0.3841748904688385f,-0.20421224031885588f,0.9720150955707085f,-0.11612069103574896f,1.106282275614847f,-0.2361114397066565f,-0.1640254313981326f,-0.9577823583123187f,0.10804668179152532f,0f,0f,0f,1f],start_interpolation:0}
execute if entity @s[tag=aj.lexiel.bone.left_arm] run data modify entity @s {} merge value {transformation:[-0.9467807908342722f,-0.2055268830624676f,0.2477192653910002f,0.3199477395118174f,-0.21238106072588203f,0.977186443130146f,-0.0009697461537957713f,1.4116530390930175f,-0.24186859893789267f,-0.05352901737637616f,-0.9688313708517808f,0.09131886386140778f,0f,0f,0f,1f],start_interpolation:0}
execute if entity @s[tag=aj.lexiel.bone.skirt_right] run data modify entity @s {} merge value {transformation:[-0.9991876049861331f,0.015846877599078185f,0.03705410250478404f,-0.2224258353687061f,0.0045297876611211695f,0.9577806898211496f,-0.2874641390321027f,0.7088213371873198f,-0.04004511288310177f,-0.2870627573825674f,-0.9570743765549765f,0.06055366890340246f,0f,0f,0f,1f],start_interpolation:0}
execute if entity @s[tag=aj.lexiel.bone.skirt_left] run data modify entity @s {} merge value {transformation:[-0.9984797588662203f,0.013529018561997515f,0.05343348005888879f,0.21440905913526528f,0f,0.969409661128422f,-0.24544838339430602f,0.7088213371873198f,-0.05511960753175351f,-0.24507524266565028f,-0.9679359246860911f,0.08466849719854462f,0f,0f,0f,1f],start_interpolation:0}
execute if entity @s[tag=aj.lexiel.bone.skirt_back_middle] run data modify entity @s {} merge value {transformation:[-0.9984797588662203f,0.006438807243570521f,0.05474224050707718f,0.01182993115571901f,0f,0.993153669962927f,-0.11681518668037008f,0.6878233041135745f,-0.05511960753175351f,-0.11663759942852844f,-0.991643836901685f,-0.2142966420971273f,0f,0f,0f,1f],start_interpolation:0}
execute if entity @s[tag=aj.lexiel.bone.skirt_front_middle] run data modify entity @s {} merge value {transformation:[-0.9984797588662203f,0.020387744621876147f,0.051210457952333324f,-0.007967254740943706f,0f,0.9290787842208748f,-0.36988189021721707f,0.7956357390303307f,-0.05511960753175351f,-0.3693195805530687f,-0.9276663604365801f,0.14432509498512652f,0f,0f,0f,1f],start_interpolation:0}
execute if entity @s[tag=aj.lexiel.bone.skirt] run data modify entity @s {} merge value {transformation:[-0.9984797588662203f,0.015846877599078185f,0.05279249572443391f,-0.0037112591617376963f,0f,0.9577806898211496f,-0.28749982644468314f,0.7267797251214664f,-0.05511960753175351f,-0.2870627573825674f,-0.9563246322193436f,0.06722865635005039f,0f,0f,0f,1f],start_interpolation:0}
execute if entity @s[tag=aj.lexiel.bone.rightupper] run data modify entity @s {} merge value {transformation:[-0.999723695334583f,-0.021113784929576777f,0.010331557119496298f,-0.13720964540127265f,-0.023394476035261964f,0.9364874923751678f,-0.3499198124083659f,0.6676809531449263f,-0.0022872423573798003f,-0.3500648292971147f,-0.9367226824474685f,-0.014024799924366997f,0f,0f,0f,1f],start_interpolation:0}
execute if entity @s[tag=aj.lexiel.bone.rightfoot] run data modify entity @s {} merge value {transformation:[-0.9997268016168731f,0.018759851399745897f,0.013942385174588016f,-0.10225271118685983f,0.018642068568737753f,0.9997898313294584f,-0.008530325298126917f,0.4030127004245961f,-0.014099482557016041f,-0.008268079926611605f,-0.9998664128002058f,0.17447567944798922f,0f,0f,0f,1f],start_interpolation:0}
execute if entity @s[tag=aj.lexiel.bone.leftupper] run data modify entity @s {} merge value {transformation:[-0.9989310226807658f,-0.04335517863997821f,0.016035598244365307f,0.1340699441573501f,-0.04622539084188307f,0.9357041563460641f,-0.34974411365770824f,0.6658072509845027f,0.0001586425991625352f,-0.3501114969289017f,-0.9367080199030695f,0.0005164666405073834f,0f,0f,0f,1f],start_interpolation:0}
execute if entity @s[tag=aj.lexiel.bone.leftfoot] run data modify entity @s {} merge value {transformation:[-0.9960342684979268f,-0.08852256200843606f,0.008915828243209415f,0.150780356640579f,-0.08816084992300167f,0.9685148498802553f,-0.23282321641597664f,0.43378688313860414f,0.011974995559656733f,-0.23268592904791063f,-0.9724782043338848f,0.2155316916231028f,0f,0f,0f,1f],start_interpolation:0}
execute if entity @s[tag=aj.lexiel.bone.lower] run data modify entity @s {} merge value {transformation:[-0.9984797588662203f,0.015846877599078185f,0.05279249572443391f,0f,0f,0.9577806898211496f,-0.28749982644468314f,0.625f,-0.05511960753175351f,-0.2870627573825674f,-0.9563246322193436f,0f,0f,0f,0f,1f],start_interpolation:0}