execute if entity @s[tag=aj.lexiel.bone.backhair] run data modify entity @s {} merge value {transformation:[-0.8270577810863845f,0.1295770190118923f,0.5469782654625845f,0.07798697663452997f,0.11605081261208648f,0.991465515570467f,-0.059399834399285534f,1.462235485472545f,-0.5500069414439606f,0.01435017695291066f,-0.8350367876835606f,-0.14558148619666966f,0f,0f,0f,1f],start_interpolation:0}
execute if entity @s[tag=aj.lexiel.bone.head] run data modify entity @s {} merge value {transformation:[-0.8270577810863845f,0.1295770190118923f,0.5469782654625845f,-0.06527948420690824f,0.11605081261208648f,0.991465515570467f,-0.059399834399285534f,1.4935052151656438f,-0.5500069414439606f,0.01435017695291066f,-0.8350367876835606f,0.07644938204666533f,0f,0f,0f,1f],start_interpolation:0}
execute if entity @s[tag=aj.lexiel.bone.ring] run data modify entity @s {} merge value {transformation:[-0.6865466930553892f,0.03620995289528464f,0.7261835013039268f,-0.018278255577934277f,0.18659927990525094f,0.9740825532378034f,0.127843217327176f,0.9356814602463803f,-0.7027334821918981f,0.2232756565079207f,-0.6755099068240273f,0.021405826973066255f,0f,0f,0f,1f],start_interpolation:0}
execute if entity @s[tag=aj.lexiel.bone.bust] run data modify entity @s {} merge value {transformation:[-0.6824042984595116f,0.29072862531548005f,0.670672229830752f,-0.10833479557416081f,0.014616757290291016f,0.9227474621649338f,-0.38512786379914266f,1.375850753797063f,-0.7308287924338357f,-0.2530098565082899f,-0.6339363443275327f,0.11429874311310906f,0f,0f,0f,1f],start_interpolation:0}
execute if entity @s[tag=aj.lexiel.bone.left_wing] run data modify entity @s {} merge value {transformation:[-0.9796035909871881f,-0.08355773978484254f,0.18274273897217985f,0.13951696381456125f,-0.06373565433349011f,0.991686675412024f,0.11178239654314401f,1.1667662279973712f,-0.1905638236698865f,0.09785520901973163f,-0.9767854355875794f,0.049726514647358555f,0f,0f,0f,1f],start_interpolation:0}
execute if entity @s[tag=aj.lexiel.bone.right_wing] run data modify entity @s {} merge value {transformation:[-0.4569855666552707f,-0.08355773978484254f,0.8855406800315893f,-0.03108411080031659f,0.04913055333171819f,0.991686675412024f,0.11892740028927742f,1.170420417319944f,-0.888116197689289f,0.09785520901973163f,-0.4490812593168683f,-0.13298068346110037f,0f,0f,0f,1f],start_interpolation:0}
execute if entity @s[tag=aj.lexiel.bone.body] run data modify entity @s {} merge value {transformation:[-0.6824042984595116f,-0.08355773978484254f,0.7261835013039268f,0.01988926847021366f,0.014616757290291016f,0.991686675412024f,0.127843217327176f,0.1516766749852545f,-0.7308287924338357f,0.09785520901973163f,-0.6755099068240273f,0.6542417451190656f,0f,0f,0f,1f],start_interpolation:0}
execute if entity @s[tag=aj.lexiel.bone.sword] run data modify entity @s {} merge value {transformation:[0.26270257905058936f,-0.9310106850139984f,0.6333407628204064f,-0.45363568896141976f,1.1244081685368934f,0.25159008741641636f,-0.09655444547668035f,1.3020070711485496f,-0.06006403239608635f,0.6378366521324761f,0.9625335213428967f,-0.8622313539840305f,0f,0f,0f,1f],start_interpolation:0}
execute if entity @s[tag=aj.lexiel.bone.rod] run data modify entity @s {} merge value {transformation:[-7.575673209486462e-8f,-0.000005008103235536826f,0.000008655239043478111f,-0.5604298828016656f,0.000009862101467521322f,0.0000013935855685436883f,8.926779416231615e-7f,1.3063335447660926f,-0.0000016532439511022275f,0.000008542647203610387f,0.000004928484878011859f,-0.8315289879412182f,0f,0f,0f,1f],start_interpolation:0}
execute if entity @s[tag=aj.lexiel.bone.right_hand] run data modify entity @s {} merge value {transformation:[-0.007575673209486461f,0.2578914461703561f,0.9661441979164318f,-0.39024411427953176f,0.9862101467521321f,0.16166324316183384f,-0.03541951797435658f,1.3872785753054984f,-0.16532439511022273f,0.952552884517474f,-0.2555598688739662f,-0.45097693064835126f,0f,0f,0f,1f],start_interpolation:0}
execute if entity @s[tag=aj.lexiel.bone.right_arm] run data modify entity @s {} merge value {transformation:[-0.007575673209486461f,0.3817922723873879f,0.924217111895629f,-0.2706972893706766f,0.9862101467521321f,0.1556570168943625f,-0.056217786639871606f,1.4051023259989825f,-0.16532439511022273f,0.9110464059732758f,-0.377706619672751f,-0.16110854143450815f,0f,0f,0f,1f],start_interpolation:0}
execute if entity @s[tag=aj.lexiel.bone.left_hand] run data modify entity @s {} merge value {transformation:[-0.7426707421217918f,-0.5208766937149771f,0.4208653451411994f,0.3893797796333213f,-0.5935541637710104f,0.803009021175658f,-0.0535720690342297f,1.1662470862629042f,-0.3100542266545697f,-0.2895927862621334f,-0.9055398360528215f,0.3117906326575218f,0f,0f,0f,1f],start_interpolation:0}
execute if entity @s[tag=aj.lexiel.bone.left_arm] run data modify entity @s {} merge value {transformation:[-0.6906094188330841f,-0.679197594047819f,0.24849398153412872f,0.17713053149337787f,-0.6289113545832399f,0.7336415768458395f,0.2573723854639896f,1.395510079027229f,-0.3571122214308886f,0.021463107016558958f,-0.933814861919584f,0.3184978536001965f,0f,0f,0f,1f],start_interpolation:0}
execute if entity @s[tag=aj.lexiel.bone.skirt_right] run data modify entity @s {} merge value {transformation:[-0.8998311490830895f,0.2212623709667648f,0.37596125642673955f,-0.21758429381625394f,-0.028088514977880064f,0.830650348862014f,-0.5560854549992758f,0.7053677979152239f,-0.43533313504274435f,-0.5109432073426361f,-0.741230126481834f,-0.07977535814861508f,0f,0f,0f,1f],start_interpolation:0}
execute if entity @s[tag=aj.lexiel.bone.skirt_left] run data modify entity @s {} merge value {transformation:[-0.8493495634307473f,0.20014865588068842f,0.4884115422972238f,0.154006140184698f,-0.09331750143715369f,0.8538032552728712f,-0.5121638851100057f,0.7461942047939787f,-0.5195162779216123f,-0.4805835170234224f,-0.7065000496389735f,0.14751301344209028f,0f,0f,0f,1f],start_interpolation:0}
execute if entity @s[tag=aj.lexiel.bone.skirt_back_middle] run data modify entity @s {} merge value {transformation:[-0.8493495634307473f,0.13468585753140433f,0.5103577557763076f,0.1168194116454337f,-0.09331750143715369f,0.9133496517805568f,-0.3963385642577092f,0.6233132374857195f,-0.5195162779216123f,-0.38425529713117257f,-0.7631845802956898f,-0.19068336456029697f,0f,0f,0f,1f],start_interpolation:0}
execute if entity @s[tag=aj.lexiel.bone.skirt_front_middle] run data modify entity @s {} merge value {transformation:[-0.8493495634307473f,0.2621868552361629f,0.4581084719161723f,-0.0628867087222848f,-0.09331750143715369f,0.7796480483484828f,-0.6192259398894143f,0.8291577850493963f,-0.5195162779216123f,-0.5686888196964779f,-0.6377271072541145f,0.06614095777052945f,0f,0f,0f,1f],start_interpolation:0}
execute if entity @s[tag=aj.lexiel.bone.skirt] run data modify entity @s {} merge value {transformation:[-0.8493495634307473f,0.2212623709667648f,0.47921632098058264f,-0.027640407360151123f,-0.09331750143715369f,0.830650348862014f,-0.5489187935031383f,0.7413556953957641f,-0.5195162779216123f,-0.5109432073426361f,-0.6848648595488704f,0.02428864250906316f,0f,0f,0f,1f],start_interpolation:0}
execute if entity @s[tag=aj.lexiel.bone.rightupper] run data modify entity @s {} merge value {transformation:[-0.8776236382557051f,0.22502223234451849f,0.42325139636569276f,-0.11054489963072257f,-0.09983260305456758f,0.7778046482563686f,-0.620526696055968f,0.650335294976773f,-0.468839205850117f,-0.5868431852730984f,-0.6601551900548502f,-0.08904501493159711f,0f,0f,0f,1f],start_interpolation:0}
execute if entity @s[tag=aj.lexiel.bone.rightfoot] run data modify entity @s {} merge value {transformation:[-0.868540731196613f,0.1035057076454872f,0.4846891444392578f,-0.1911014748406804f,-0.06363991180132675f,0.946562649456314f,-0.31617892447182844f,0.46043927411337343f,-0.49151496404318373f,-0.30545984865289555f,-0.8155411215766977f,0.1644386363693529f,0f,0f,0f,1f],start_interpolation:0}
execute if entity @s[tag=aj.lexiel.bone.leftupper] run data modify entity @s {} merge value {transformation:[-0.9737788562177483f,0.11697757359432359f,0.19511787836904765f,0.11225282759150407f,-0.06614897886066236f,0.6750247867188738f,-0.7348236862750346f,0.6680938045723693f,-0.21766729607119562f,-0.7284626171541843f,-0.6495869176868719f,0.048450622285728884f,0f,0f,0f,1f],start_interpolation:0}
execute if entity @s[tag=aj.lexiel.bone.leftfoot] run data modify entity @s {} merge value {transformation:[-0.9772281513440179f,-0.11082325665550656f,0.18095122548637538f,0.06033136542283814f,-0.09812890298101479f,0.9921368308243725f,0.07768672551673478f,0.5588043065551584f,-0.18813787130850596f,0.05816110991064066f,-0.9804190056672026f,0.34120373815160565f,0f,0f,0f,1f],start_interpolation:0}
execute if entity @s[tag=aj.lexiel.bone.lower] run data modify entity @s {} merge value {transformation:[-0.8493495634307473f,0.2212623709667648f,0.47921632098058264f,0f,-0.09331750143715369f,0.830650348862014f,-0.5489187935031383f,0.625f,-0.5195162779216123f,-0.5109432073426361f,-0.6848648595488704f,0f,0f,0f,0f,1f],start_interpolation:0}