execute if entity @s[tag=aj.frestchika_v2.bone.hair] run data modify entity @s {} merge value {transformation:[-0.7630974717417786f,-0.6312458934845047f,0.13860328488262763f,-0.08248654908980196f,-0.6043755239375463f,0.7729811503342545f,0.1929517227006513f,1.0016243175049846f,-0.22893770918422696f,0.06347253884068468f,-0.9713695291322433f,-0.24372346935358655f,0f,0f,0f,1f],start_interpolation:0}
execute if entity @s[tag=aj.frestchika_v2.bone.side_hair_2] run data modify entity @s {} merge value {transformation:[-0.7630974717417786f,-0.6312458934845047f,0.13860328488262763f,0.04162899098480333f,-0.6043755239375463f,0.7729811503342545f,0.1929517227006513f,1.4962639772106698f,-0.22893770918422696f,0.06347253884068468f,-0.9713695291322433f,0.16564123078357612f,0f,0f,0f,1f],start_interpolation:0}
execute if entity @s[tag=aj.frestchika_v2.bone.side_hair_1] run data modify entity @s {} merge value {transformation:[-0.7630974717417786f,-0.6312458934845047f,0.13860328488262763f,-0.32361803478999446f,-0.6043755239375463f,0.7729811503342545f,0.1929517227006513f,1.6999738455789786f,-0.22893770918422696f,0.06347253884068468f,-0.9713695291322433f,0.15398936484197132f,0f,0f,0f,1f],start_interpolation:0}
execute if entity @s[tag=aj.frestchika_v2.bone.head] run data modify entity @s {} merge value {transformation:[-0.7630974717417786f,-0.6312458934845047f,0.13860328488262763f,-0.23390939773996844f,-0.6043755239375463f,0.7729811503342545f,0.1929517227006513f,1.0850439128987155f,-0.22893770918422696f,0.06347253884068468f,-0.9713695291322433f,0.040780256695853855f,0f,0f,0f,1f],start_interpolation:0}
execute if entity @s[tag=aj.frestchika_v2.bone.group] run data modify entity @s {} merge value {transformation:[-0.000006824316022809356f,-0.00000692853491206166f,-0.0000023289729052031117f,-0.44640828806153227f,-0.000006903046271096481f,0.000007156629865462831f,-0.0000010632972998491256f,0.8954778582387894f,0.000002403468951313587f,8.820730928376759e-7f,-0.000009666710094906299f,-0.43652567135099907f,0f,0f,0f,1f],start_interpolation:0}
execute if entity @s[tag=aj.frestchika_v2.bone.group2] run data modify entity @s {} merge value {transformation:[-0.000006824316022809356f,-0.00000692853491206166f,-0.0000023289729052031117f,-0.44640828806153227f,-0.000006903046271096481f,0.000007156629865462831f,-0.0000010632972998491256f,0.8954778582387894f,0.000002403468951313587f,8.820730928376759e-7f,-0.000009666710094906299f,-0.43652567135099907f,0f,0f,0f,1f],start_interpolation:0}
execute if entity @s[tag=aj.frestchika_v2.bone.group3] run data modify entity @s {} merge value {transformation:[-0.000006824316022809356f,-0.00000692853491206166f,-0.0000023289729052031117f,-0.44640828806153227f,-0.000006903046271096481f,0.000007156629865462831f,-0.0000010632972998491256f,0.8954778582387894f,0.000002403468951313587f,8.820730928376759e-7f,-0.000009666710094906299f,-0.43652567135099907f,0f,0f,0f,1f],start_interpolation:0}
execute if entity @s[tag=aj.frestchika_v2.locator_origin.muzzle] at @s on origin run tp @s ^-0.44642 ^0.89547 ^-0.43653 ~-13.54595 ~-6.10378
execute if entity @s[tag=aj.frestchika_v2.bone.gun] run data modify entity @s {} merge value {transformation:[-0.000006824316022809356f,-0.00000692853491206166f,-0.0000023289729052031117f,-0.44641099875769114f,-0.000006903046271096481f,0.000007156629865462831f,-0.0000010632972998491256f,0.895478378105986f,0.000002403468951313587f,8.820730928376759e-7f,-0.000009666710094906299f,-0.4365299245700441f,0f,0f,0f,1f],start_interpolation:0}
execute if entity @s[tag=aj.frestchika_v2.bone.sword] run data modify entity @s {} merge value {transformation:[-0.4395453733385367f,0.9523462852295215f,0.08579702725745608f,-0.21836801363195013f,0.9562029378187203f,0.4377011925600979f,0.040228346204084144f,0.7207566507751254f,0.0007201274429507567f,0.09475722210469374f,-1.048115099774575f,-0.48306179262154825f,0f,0f,0f,1f],start_interpolation:0}
execute if entity @s[tag=aj.frestchika_v2.bone.arm_right_1] run data modify entity @s {} merge value {transformation:[-0.6824316022809356f,-0.6928534912061659f,-0.23289729052031113f,-0.24479915709185723f,-0.690304627109648f,0.715662986546283f,-0.10632972998491257f,1.1058821350374775f,0.24034689513135865f,0.08820730928376758f,-0.9666710094906298f,-0.5599711213697667f,0f,0f,0f,1f],start_interpolation:0}
execute if entity @s[tag=aj.frestchika_v2.bone.arm_right_0] run data modify entity @s {} merge value {transformation:[-0.23289729052031127f,-0.6928534912061659f,0.6824316022809356f,-0.2529558798921211f,-0.10632972998491272f,0.715662986546283f,0.690304627109648f,1.0548157797062738f,-0.9666710094906298f,0.08820730928376758f,-0.24034689513135887f,-0.20971798758457566f,0f,0f,0f,1f],start_interpolation:0}
execute if entity @s[tag=aj.frestchika_v2.bone.arm_left_1] run data modify entity @s {} merge value {transformation:[-0.00977209957309949f,-0.57138848490834f,0.8206215360225961f,-0.0047095212238917605f,0.3842751779678808f,0.7554971069048398f,0.5306191751681901f,0.9697533196710637f,-0.9231668828915424f,0.3205297502144983f,0.21218761877108747f,0.6567172177043773f,0f,0f,0f,1f],start_interpolation:0}
execute if entity @s[tag=aj.frestchika_v2.bone.arm_left_0] run data modify entity @s {} merge value {transformation:[-0.3164707710425547f,-0.57138848490834f,0.7572063459783486f,-0.142740851284659f,0.15752029911168114f,0.7554971069048398f,0.635933547492333f,1.02579677184153f,-0.9354323099206576f,0.3205297502144983f,-0.14908746689086197f,0.27856143513524595f,0f,0f,0f,1f],start_interpolation:0}
execute if entity @s[tag=aj.frestchika_v2.bone.right_wing_0] run data modify entity @s {} merge value {transformation:[-0.0000017364817766693042f,-0.0000062375839397324926f,0.000007620838381312564f,0.3715573320404612f,-5.551115123125783e-22f,0.000007738402097265063f,0.000006333808726275501f,1.1777543102817434f,-0.00000984807753012208f,0.000001099854343008642f,-0.0000013437594222440301f,-0.26982294817202607f,0f,0f,0f,1f],start_interpolation:0}
execute if entity @s[tag=aj.frestchika_v2.bone.right_wing_1] run data modify entity @s {} merge value {transformation:[-0.0000017364817766693042f,-0.0000062375839397324926f,0.000007620838381312564f,-0.4987819210748012f,-5.551115123125783e-22f,0.000007738402097265063f,0.000006333808726275501f,1.4062470810079688f,-0.00000984807753012208f,0.000001099854343008642f,-0.0000013437594222440301f,0.2898119892761466f,0f,0f,0f,1f],start_interpolation:0}
execute if entity @s[tag=aj.frestchika_v2.bone.right_wing_2] run data modify entity @s {} merge value {transformation:[-0.0000017364817766693042f,-0.0000062375839397324926f,0.000007620838381312564f,-0.48600115007738426f,-5.551115123125783e-22f,0.000007738402097265063f,0.000006333808726275501f,1.3917375770755966f,-0.00000984807753012208f,0.000001099854343008642f,-0.0000013437594222440301f,0.2939048108393317f,0f,0f,0f,1f],start_interpolation:0}
execute if entity @s[tag=aj.frestchika_v2.bone.left_wing_0] run data modify entity @s {} merge value {transformation:[-0.0000017364817766693042f,-0.0000062375839397324926f,0.000007620838381312564f,0.3715573320404612f,-5.551115123125783e-22f,0.000007738402097265063f,0.000006333808726275501f,1.1777543102817434f,-0.00000984807753012208f,0.000001099854343008642f,-0.0000013437594222440301f,-0.26982294817202607f,0f,0f,0f,1f],start_interpolation:0}
execute if entity @s[tag=aj.frestchika_v2.bone.left_wing_1] run data modify entity @s {} merge value {transformation:[-0.0000017364817766693042f,-0.0000062375839397324926f,0.000007620838381312564f,-0.4987819210748012f,-5.551115123125783e-22f,0.000007738402097265063f,0.000006333808726275501f,1.4062470810079688f,-0.00000984807753012208f,0.000001099854343008642f,-0.0000013437594222440301f,0.2898119892761466f,0f,0f,0f,1f],start_interpolation:0}
execute if entity @s[tag=aj.frestchika_v2.bone.left_wing_2] run data modify entity @s {} merge value {transformation:[-0.0000017364817766693042f,-0.0000062375839397324926f,0.000007620838381312564f,-0.48600115007738426f,-5.551115123125783e-22f,0.000007738402097265063f,0.000006333808726275501f,1.3917375770755966f,-0.00000984807753012208f,0.000001099854343008642f,-0.0000013437594222440301f,0.2939048108393317f,0f,0f,0f,1f],start_interpolation:0}
execute if entity @s[tag=aj.frestchika_v2.bone.leg_right_1] run data modify entity @s {} merge value {transformation:[0.0763503837605319f,-0.3526584213622005f,0.9326321122189285f,-0.33251625875067575f,0.0384765509497316f,0.9357077724984645f,0.3506715265215786f,0.3817858299309632f,-0.9963383832446847f,0.009110561359333327f,0.08501072723536503f,-0.22533269006580367f,0f,0f,0f,1f],start_interpolation:0}
execute if entity @s[tag=aj.frestchika_v2.bone.leg_right_0] run data modify entity @s {} merge value {transformation:[0.0763503837605319f,0.8572248426129099f,0.5092506142430183f,-0.011533595082527784f,0.0384765509497316f,0.5078279876022179f,-0.8605987973701184f,0.46297486372572155f,-0.9963383832446847f,0.08530125564816454f,0.005789806405596738f,-0.19760012047742653f,0f,0f,0f,1f],start_interpolation:0}
execute if entity @s[tag=aj.frestchika_v2.bone.leg_left_1] run data modify entity @s {} merge value {transformation:[-0.2991365627160799f,-0.1328168877071003f,0.9449216852132288f,0.007602983170081699f,-0.7722506734846899f,0.6153629164186785f,-0.15797904417719952f,0.2892200858373685f,-0.5604874790295069f,-0.7769737160525433f,-0.28664547862237433f,0.4449025128350321f,0f,0f,0f,1f],start_interpolation:0}
execute if entity @s[tag=aj.frestchika_v2.bone.leg_left_0] run data modify entity @s {} merge value {transformation:[-0.2991365627160799f,-0.1328168877071003f,0.9449216852132288f,-0.042203349720080906f,-0.7722506734846899f,0.6153629164186785f,-0.15797904417719952f,0.519981179494373f,-0.5604874790295069f,-0.7769737160525433f,-0.28664547862237433f,0.15353736931532844f,0f,0f,0f,1f],start_interpolation:0}
execute if entity @s[tag=aj.frestchika_v2.bone.body_0] run data modify entity @s {} merge value {transformation:[0.0763503837605319f,-0.055888429329089606f,0.99551348678295f,-0.04634152568961106f,0.0384765509497316f,0.9978493253247065f,0.053068625156872884f,0.8128748216111216f,-0.9963383832446847f,0.03425211549897811f,0.07833657292231053f,0.007706980139302662f,0f,0f,0f,1f],start_interpolation:0}
execute if entity @s[tag=aj.frestchika_v2.bone.body_1] run data modify entity @s {} merge value {transformation:[-0.17364817766693041f,-0.6237583939732492f,0.7620838381312564f,5.685804450344788e-20f,-5.551115123125783e-17f,0.7738402097265062f,0.63338087262755f,0.7948538342512756f,-0.984807753012208f,0.10998543430086419f,-0.134375942224403f,-0.00046428116697022083f,0f,0f,0f,1f],start_interpolation:0}