execute if entity @s[tag=aj.frestchika_v2.bone.hair] run data modify entity @s {} merge value {transformation:[-0.7791566920510246f,-0.6138659459797787f,0.12682054091690492f,-0.08387304961431755f,-0.584503391754201f,0.7846042561064743f,0.20676543794222776f,0.9842310392534745f,-0.22643019732345768f,0.0869756383475142f,-0.9701363842646572f,-0.2638496624538679f,0f,0f,0f,1f],start_interpolation:0}
execute if entity @s[tag=aj.frestchika_v2.bone.side_hair_2] run data modify entity @s {} merge value {transformation:[-0.7791566920510246f,-0.6138659459797787f,0.12682054091690492f,0.05716259463777179f,-0.584503391754201f,0.7846042561064743f,0.20676543794222776f,1.469083951516797f,-0.22643019732345768f,0.0869756383475142f,-0.9701363842646572f,0.15169710805497547f,0f,0f,0f,1f],start_interpolation:0}
execute if entity @s[tag=aj.frestchika_v2.bone.side_hair_1] run data modify entity @s {} merge value {transformation:[-0.7791566920510246f,-0.6138659459797787f,0.12682054091690492f,-0.30389512092898985f,-0.584503391754201f,0.7846042561064743f,0.20676543794222776f,1.6804404243446753f,-0.22643019732345768f,0.0869756383475142f,-0.9701363842646572f,0.14954450234088218f,0f,0f,0f,1f],start_interpolation:0}
execute if entity @s[tag=aj.frestchika_v2.bone.head] run data modify entity @s {} merge value {transformation:[-0.7791566920510246f,-0.6138659459797787f,0.12682054091690492f,-0.2288861983748452f,-0.584503391754201f,0.7846042561064743f,0.20676543794222776f,1.0658358929511889f,-0.22643019732345768f,0.0869756383475142f,-0.9701363842646572f,0.024493731201217922f,0f,0f,0f,1f],start_interpolation:0}
execute if entity @s[tag=aj.frestchika_v2.bone.group] run data modify entity @s {} merge value {transformation:[-0.00000692120046412871f,-0.000006802675524072855f,-0.0000024125898635127897f,-0.44607663522300256f,-0.000006768038749040101f,0.0000072781163591578975f,-0.0000011057457908804913f,0.8771801034041726f,0.0000025081139581040247f,8.675413400745505e-7f,-0.000009641407386705812f,-0.4500462361217523f,0f,0f,0f,1f],start_interpolation:0}
execute if entity @s[tag=aj.frestchika_v2.bone.group2] run data modify entity @s {} merge value {transformation:[-0.00000692120046412871f,-0.000006802675524072855f,-0.0000024125898635127897f,-0.44607663522300256f,-0.000006768038749040101f,0.0000072781163591578975f,-0.0000011057457908804913f,0.8771801034041726f,0.0000025081139581040247f,8.675413400745505e-7f,-0.000009641407386705812f,-0.4500462361217523f,0f,0f,0f,1f],start_interpolation:0}
execute if entity @s[tag=aj.frestchika_v2.bone.group3] run data modify entity @s {} merge value {transformation:[-0.00000692120046412871f,-0.000006802675524072855f,-0.0000024125898635127897f,-0.44607663522300256f,-0.000006768038749040101f,0.0000072781163591578975f,-0.0000011057457908804913f,0.8771801034041726f,0.0000025081139581040247f,8.675413400745505e-7f,-0.000009641407386705812f,-0.4500462361217523f,0f,0f,0f,1f],start_interpolation:0}
execute if entity @s[tag=aj.frestchika_v2.locator_origin.muzzle] at @s on origin run tp @s ^-0.44609 ^0.87718 ^-0.45005 ~-14.04876 ~-6.34844
execute if entity @s[tag=aj.frestchika_v2.bone.gun] run data modify entity @s {} merge value {transformation:[-0.00000692120046412871f,-0.000006802675524072855f,-0.0000024125898635127897f,-0.4460793660574336f,-0.000006768038749040101f,0.0000072781163591578975f,-0.0000011057457908804913f,0.8771806324808341f,0.0000025081139581040247f,8.675413400745505e-7f,-0.000009641407386705812f,-0.4500504752996218f,0f,0f,0f,1f],start_interpolation:0}
execute if entity @s[tag=aj.frestchika_v2.bone.sword] run data modify entity @s {} merge value {transformation:[-0.42361160269877063f,0.9601023333439704f,0.07925548351023952f,-0.22129018877648055f,0.9633575764634537f,0.4225739903643924f,0.029968560825884387f,0.6983024231435565f,-0.004483528681656836f,0.08461349936610192f,-1.048973386600243f,-0.49662205260319253f,0f,0f,0f,1f],start_interpolation:0}
execute if entity @s[tag=aj.frestchika_v2.bone.arm_right_1] run data modify entity @s {} merge value {transformation:[-0.692120046412871f,-0.6802675524072854f,-0.24125898635127896f,-0.24185796388811714f,-0.6768038749040101f,0.7278116359157897f,-0.11057457908804912f,1.0831532210173254f,0.25081139581040246f,0.08675413400745505f,-0.9641407386705811f,-0.5766352941591473f,0f,0f,0f,1f],start_interpolation:0}
execute if entity @s[tag=aj.frestchika_v2.bone.arm_right_0] run data modify entity @s {} merge value {transformation:[-0.24125898635127913f,-0.6802675524072854f,0.692120046412871f,-0.2484559304608648f,-0.11057457908804927f,0.7278116359157897f,0.6768038749040101f,1.0351805659772404f,-0.964140738670581f,0.08675413400745505f,-0.2508113958104027f,-0.2259122499982169f,0f,0f,0f,1f],start_interpolation:0}
execute if entity @s[tag=aj.frestchika_v2.bone.arm_left_1] run data modify entity @s {} merge value {transformation:[0.004049818705568919f,-0.5583108062866408f,0.8296219877462343f,-0.0043794123448766265f,0.38608463951400723f,0.7661740370335223f,0.5137275504653163f,0.9462685014765494f,-0.9224544704752594f,0.3182238026284585f,0.21865809232885206f,0.6414062140726535f,0f,0f,0f,1f],start_interpolation:0}
execute if entity @s[tag=aj.frestchika_v2.bone.arm_left_0] run data modify entity @s {} merge value {transformation:[-0.3070269401348283f,-0.5583108062866408f,0.7707292012211588f,-0.1387432217899151f,0.16552571662991267f,0.7661740370335223f,0.6209497420161384f,1.0057514520822497f,-0.937195654687749f,0.3182238026284585f,-0.14282127388833035f,0.2624557452793596f,0f,0f,0f,1f],start_interpolation:0}
execute if entity @s[tag=aj.frestchika_v2.bone.right_wing_0] run data modify entity @s {} merge value {transformation:[-0.0000017364817766693032f,-0.000006103631956662539f,0.000007728538540817616f,0.3780764448455379f,5.551115123125783e-22f,0.00000784776370533083f,0.000006197790317951402f,1.147184545438803f,-0.00000984807753012208f,0.0000010762349942740057f,-0.0000013627498661913743f,-0.2863732435669301f,0f,0f,0f,1f],start_interpolation:0}
execute if entity @s[tag=aj.frestchika_v2.bone.right_wing_1] run data modify entity @s {} merge value {transformation:[-0.0000017364817766693032f,-0.000006103631956662539f,0.000007728538540817616f,-0.4881925065629968f,5.551115123125783e-22f,0.00000784776370533083f,0.000006197790317951402f,1.3922972847894095f,-0.00000984807753012208f,0.0000010762349942740057f,-0.0000013627498661913743f,0.2725439898707227f,0f,0f,0f,1f],start_interpolation:0}
execute if entity @s[tag=aj.frestchika_v2.bone.right_wing_2] run data modify entity @s {} merge value {transformation:[-0.0000017364817766693032f,-0.000006103631956662539f,0.000007728538540817616f,-0.47566289553383606f,5.551115123125783e-22f,0.00000784776370533083f,0.000006197790317951402f,1.3775827278419142f,-0.00000984807753012208f,0.0000010762349942740057f,-0.0000013627498661913743f,0.2766810977127852f,0f,0f,0f,1f],start_interpolation:0}
execute if entity @s[tag=aj.frestchika_v2.bone.left_wing_0] run data modify entity @s {} merge value {transformation:[-0.0000017364817766693032f,-0.000006103631956662539f,0.000007728538540817616f,0.3780764448455379f,5.551115123125783e-22f,0.00000784776370533083f,0.000006197790317951402f,1.147184545438803f,-0.00000984807753012208f,0.0000010762349942740057f,-0.0000013627498661913743f,-0.2863732435669301f,0f,0f,0f,1f],start_interpolation:0}
execute if entity @s[tag=aj.frestchika_v2.bone.left_wing_1] run data modify entity @s {} merge value {transformation:[-0.0000017364817766693032f,-0.000006103631956662539f,0.000007728538540817616f,-0.4881925065629968f,5.551115123125783e-22f,0.00000784776370533083f,0.000006197790317951402f,1.3922972847894095f,-0.00000984807753012208f,0.0000010762349942740057f,-0.0000013627498661913743f,0.2725439898707227f,0f,0f,0f,1f],start_interpolation:0}
execute if entity @s[tag=aj.frestchika_v2.bone.left_wing_2] run data modify entity @s {} merge value {transformation:[-0.0000017364817766693032f,-0.000006103631956662539f,0.000007728538540817616f,-0.47566289553383606f,5.551115123125783e-22f,0.00000784776370533083f,0.000006197790317951402f,1.3775827278419142f,-0.00000984807753012208f,0.0000010762349942740057f,-0.0000013627498661913743f,0.2766810977127852f,0f,0f,0f,1f],start_interpolation:0}
execute if entity @s[tag=aj.frestchika_v2.bone.leg_right_1] run data modify entity @s {} merge value {transformation:[0.07697446226139858f,-0.35285207645754524f,0.9325075572343461f,-0.3314389951643381f,0.03413895473682092f,0.9356668106043652f,0.3512294852413905f,0.34886695785706906f,-0.9964484251224676f,0.004799132531362922f,0.08406845066908636f,-0.23936482462330946f,0f,0f,0f,1f],start_interpolation:0}
execute if entity @s[tag=aj.frestchika_v2.bone.leg_right_0] run data modify entity @s {} merge value {transformation:[0.07697446226139858f,0.8570685520440142f,0.5094196985362321f,-0.01049029746253681f,0.03413895473682092f,0.5083703567170854f,-0.8604615692643226f,0.43024173694210976f,-0.9964484251224676f,0.08362462262109385f,0.009872110333349785f,-0.21178396581908426f,0f,0f,0f,1f],start_interpolation:0}
execute if entity @s[tag=aj.frestchika_v2.bone.leg_left_1] run data modify entity @s {} merge value {transformation:[-0.2980953401708773f,-0.1340223492218281f,0.9450805140714051f,0.008338175633572045f,-0.7653663575377441f,0.6252054939860916f,-0.1527495631385355f,0.2636792857950302f,-0.5703976743622078f,-0.7688667636194645f,-0.2889470416590473f,0.42768657010832506f,0f,0f,0f,1f],start_interpolation:0}
execute if entity @s[tag=aj.frestchika_v2.bone.leg_left_0] run data modify entity @s {} merge value {transformation:[-0.2980953401708773f,-0.1340223492218281f,0.9450805140714051f,-0.04192020532461349f,-0.7653663575377441f,0.6252054939860916f,-0.1527495631385355f,0.4981313460398145f,-0.5703976743622078f,-0.7688667636194645f,-0.2889470416590473f,0.1393615337510259f,0f,0f,0f,1f],start_interpolation:0}
execute if entity @s[tag=aj.frestchika_v2.bone.body_0] run data modify entity @s {} merge value {transformation:[0.07697446226139858f,-0.05611057588233975f,0.9954529297931273f,-0.04602473616244264f,0.03413895473682092f,0.9979780406949006f,0.053613077324889624f,0.7903842444172267f,-0.9964484251224676f,0.029856884715581206f,0.07873437944147833f,-0.007749678318630075f,0f,0f,0f,1f],start_interpolation:0}
execute if entity @s[tag=aj.frestchika_v2.bone.body_1] run data modify entity @s {} merge value {transformation:[-0.1736481776669303f,-0.6103631956662539f,0.7728538540817614f,1.9429120767803975e-18f,5.551115123125783e-17f,0.784776370533083f,0.6197790317951402f,0.7715447540012828f,-0.984807753012208f,0.10762349942740056f,-0.13627498661913742f,-0.015865081084057285f,0f,0f,0f,1f],start_interpolation:0}