execute if entity @s[tag=aj.frestchika_v2.bone.hair] run data modify entity @s {} merge value {transformation:[-0.775985320484299f,-0.6173927404899672f,0.1291239187105433f,-0.08360728115949864f,-0.5885091108848658f,0.7823399765831355f,0.2039636914879795f,0.9818193128863089f,-0.22694450598854304f,0.08228222791214883f,-0.9704255902290649f,-0.3339248202313675f,0f,0f,0f,1f],start_interpolation:0}
execute if entity @s[tag=aj.frestchika_v2.bone.side_hair_2] run data modify entity @s {} merge value {transformation:[-0.775985320484299f,-0.6173927404899672f,0.1291239187105433f,0.05406245665561543f,-0.5885091108848658f,0.7823399765831355f,0.2039636914879795f,1.468675853742436f,-0.22694450598854304f,0.08228222791214883f,-0.9704255902290649f,0.08040629117070902f,0f,0f,0f,1f],start_interpolation:0}
execute if entity @s[tag=aj.frestchika_v2.bone.side_hair_1] run data modify entity @s {} merge value {transformation:[-0.775985320484299f,-0.6173927404899672f,0.1291239187105433f,-0.3078592025272661f,-0.5885091108848658f,0.7823399765831355f,0.2039636914879795f,1.6785214224118823f,-0.22694450598854304f,0.08228222791214883f,-0.9704255902290649f,0.0763545986851751f,0f,0f,0f,1f],start_interpolation:0}
execute if entity @s[tag=aj.frestchika_v2.bone.head] run data modify entity @s {} merge value {transformation:[-0.775985320484299f,-0.6173927404899672f,0.1291239187105433f,-0.2298964651966144f,-0.5885091108848658f,0.7823399765831355f,0.2039636914879795f,1.0638088329841857f,-0.22694450598854304f,0.08228222791214883f,-0.9704255902290649f,-0.04633610113259144f,0f,0f,0f,1f],start_interpolation:0}
execute if entity @s[tag=aj.frestchika_v2.bone.group] run data modify entity @s {} merge value {transformation:[-0.0000069020677997544465f,-0.000006828019250271217f,-0.0000023957489863336003f,-0.4461492814321697f,-0.000006795227742272854f,0.000007253993386848756f,-0.0000010974788718694685f,0.8749604665087645f,0.0000024872354167304217f,8.704786393015042e-7f,-0.000009646550000921657f,-0.5214307261076797f,0f,0f,0f,1f],start_interpolation:0}
execute if entity @s[tag=aj.frestchika_v2.bone.group2] run data modify entity @s {} merge value {transformation:[-0.0000069020677997544465f,-0.000006828019250271217f,-0.0000023957489863336003f,-0.4461492814321697f,-0.000006795227742272854f,0.000007253993386848756f,-0.0000010974788718694685f,0.8749604665087645f,0.0000024872354167304217f,8.704786393015042e-7f,-0.000009646550000921657f,-0.5214307261076797f,0f,0f,0f,1f],start_interpolation:0}
execute if entity @s[tag=aj.frestchika_v2.bone.group3] run data modify entity @s {} merge value {transformation:[-0.0000069020677997544465f,-0.000006828019250271217f,-0.0000023957489863336003f,-0.4461492814321697f,-0.000006795227742272854f,0.000007253993386848756f,-0.0000010974788718694685f,0.8749604665087645f,0.0000024872354167304217f,8.704786393015042e-7f,-0.000009646550000921657f,-0.5214307261076797f,0f,0f,0f,1f],start_interpolation:0}
execute if entity @s[tag=aj.frestchika_v2.locator_origin.muzzle] at @s on origin run tp @s ^-0.44616 ^0.87496 ^-0.52143 ~-13.94739 ~-6.30078
execute if entity @s[tag=aj.frestchika_v2.bone.gun] run data modify entity @s {} merge value {transformation:[-0.0000069020677997544465f,-0.000006828019250271217f,-0.0000023957489863336003f,-0.4461520082275446f,-0.000006795227742272854f,0.000007253993386848756f,-0.0000010974788718694685f,0.8749609936630028f,0.0000024872354167304217f,8.704786393015042e-7f,-0.000009646550000921657f,-0.5214349681240876f,0f,0f,0f,1f],start_interpolation:0}
execute if entity @s[tag=aj.frestchika_v2.bone.sword] run data modify entity @s {} merge value {transformation:[-0.4268065607721337f,0.9585754027565749f,0.08058578666199334f,-0.22070588382233436f,0.9619506367241419f,0.42561897624665274f,0.03200268214959732f,0.696909708358807f,-0.003441553120295654f,0.08663946207601164f,-1.0488119332956214f,-0.5679998111185116f,0f,0f,0f,1f],start_interpolation:0}
execute if entity @s[tag=aj.frestchika_v2.bone.arm_right_1] run data modify entity @s {} merge value {transformation:[-0.6902067799754446f,-0.6828019250271217f,-0.23957489863336f,-0.2424442988307364f,-0.6795227742272854f,0.7253993386848755f,-0.10974788718694684f,1.081824561004873f,0.24872354167304217f,0.08704786393015042f,-0.9646550000921655f,-0.6473930497902689f,0f,0f,0f,1f],start_interpolation:0}
execute if entity @s[tag=aj.frestchika_v2.bone.arm_right_0] run data modify entity @s {} merge value {transformation:[-0.23957489863336018f,-0.6828019250271217f,0.6902067799754446f,-0.2493609611553664f,-0.10974788718694699f,0.7253993386848755f,0.6795227742272854f,1.0332382018571384f,-0.9646550000921655f,0.08704786393015042f,-0.2487235416730424f,-0.29676063830060884f,0f,0f,0f,1f],start_interpolation:0}
execute if entity @s[tag=aj.frestchika_v2.bone.arm_left_1] run data modify entity @s {} merge value {transformation:[0.0012767446895934342f,-0.5609409915245582f,0.8278548024565918f,-0.004441290559439842f,0.385753397559949f,0.7640572186745023f,0.5171178616740478f,0.9450859065936451f,-0.9226010438938129f,0.3186875752501644f,0.21736039930773313f,0.5703820072571006f,0f,0f,0f,1f],start_interpolation:0}
execute if entity @s[tag=aj.frestchika_v2.bone.arm_left_0] run data modify entity @s {} merge value {transformation:[-0.30893609032867175f,-0.5609409915245582f,0.7680518837421596f,-0.13954722580223974f,0.163948561505632f,0.7640572186745023f,0.6239690984108249f,1.0038903959751728f,-0.9368454308329995f,0.3186875752501644f,-0.14407938127470551f,0.19158954324712837f,0f,0f,0f,1f],start_interpolation:0}
execute if entity @s[tag=aj.frestchika_v2.bone.right_wing_0] run data modify entity @s {} merge value {transformation:[-0.0000017364817766693042f,-0.000006130572405243052f,0.000007707185804388513f,0.37678262202365276f,5.551115123125783e-22f,0.00000782608156852414f,0.000006225146366376195f,1.1474319276819909f,-0.00000984807753012208f,0.0000010809853222311388f,-0.000001358984802646969f,-0.35715307732737733f,0f,0f,0f,1f],start_interpolation:0}
execute if entity @s[tag=aj.frestchika_v2.bone.right_wing_1] run data modify entity @s {} merge value {transformation:[-0.0000017364817766693042f,-0.000006130572405243052f,0.000007707185804388513f,-0.49032323320475657f,5.551115123125783e-22f,0.00000782608156852414f,0.000006225146366376195f,1.389226484719353f,-0.00000984807753012208f,0.0000010809853222311388f,-0.000001358984802646969f,0.20191172483397732f,0f,0f,0f,1f],start_interpolation:0}
execute if entity @s[tag=aj.frestchika_v2.bone.right_wing_2] run data modify entity @s {} merge value {transformation:[-0.0000017364817766693042f,-0.000006130572405243052f,0.000007707185804388513f,-0.4777431088345073f,5.551115123125783e-22f,0.00000782608156852414f,0.000006225146366376195f,1.37455258177837f,-0.00000984807753012208f,0.0000010809853222311388f,-0.000001358984802646969f,0.2060399258111202f,0f,0f,0f,1f],start_interpolation:0}
execute if entity @s[tag=aj.frestchika_v2.bone.left_wing_0] run data modify entity @s {} merge value {transformation:[-0.0000017364817766693042f,-0.000006130572405243052f,0.000007707185804388513f,0.37678262202365276f,5.551115123125783e-22f,0.00000782608156852414f,0.000006225146366376195f,1.1474319276819909f,-0.00000984807753012208f,0.0000010809853222311388f,-0.000001358984802646969f,-0.35715307732737733f,0f,0f,0f,1f],start_interpolation:0}
execute if entity @s[tag=aj.frestchika_v2.bone.left_wing_1] run data modify entity @s {} merge value {transformation:[-0.0000017364817766693042f,-0.000006130572405243052f,0.000007707185804388513f,-0.49032323320475657f,5.551115123125783e-22f,0.00000782608156852414f,0.000006225146366376195f,1.389226484719353f,-0.00000984807753012208f,0.0000010809853222311388f,-0.000001358984802646969f,0.20191172483397732f,0f,0f,0f,1f],start_interpolation:0}
execute if entity @s[tag=aj.frestchika_v2.bone.left_wing_2] run data modify entity @s {} merge value {transformation:[-0.0000017364817766693042f,-0.000006130572405243052f,0.000007707185804388513f,-0.4777431088345073f,5.551115123125783e-22f,0.00000782608156852414f,0.000006225146366376195f,1.37455258177837f,-0.00000984807753012208f,0.0000010809853222311388f,-0.000001358984802646969f,0.2060399258111202f,0f,0f,0f,1f],start_interpolation:0}
execute if entity @s[tag=aj.frestchika_v2.bone.leg_right_1] run data modify entity @s {} merge value {transformation:[0.07685561252241353f,-0.3528134594790679f,0.9325319713737517f,-0.33165449567975136f,0.035007348232838714f,0.9356765607238807f,0.3511180133254833f,0.3495752116557155f,-0.9964274687068342f,0.00566008147835337f,0.0842630588345155f,-0.31065541702057287f,0f,0f,0f,1f],start_interpolation:0}
execute if entity @s[tag=aj.frestchika_v2.bone.leg_right_0] run data modify entity @s {} merge value {transformation:[0.07685561252241353f,0.8570993010457236f,0.5093859077072469f,-0.010699164623872624f,0.035007348232838714f,0.5082622714005427f,-0.8604905281526727f,0.4309128236503254f,-0.9964274687068342f,0.08396577646691711f,0.00905803448869177f,-0.2830421350384282f,0f,0f,0f,1f],start_interpolation:0}
execute if entity @s[tag=aj.frestchika_v2.bone.leg_left_1] run data modify entity @s {} merge value {transformation:[-0.29829914661560986f,-0.13377452023159758f,0.9450513196992024f,0.008186628209657508f,-0.7667529053810985f,0.6232464016608354f,-0.15379826041429756f,0.26290799327864045f,-0.568425545887975f,-0.7704987349461557f,-0.2884858718002168f,0.35704579415471205f,0f,0f,0f,1f],start_interpolation:0}
execute if entity @s[tag=aj.frestchika_v2.bone.leg_left_0] run data modify entity @s {} merge value {transformation:[-0.29829914661560986f,-0.13377452023159758f,0.9450513196992024f,-0.041978816877191585f,-0.7667529053810985f,0.6232464016608354f,-0.15379826041429756f,0.4966253939014537f,-0.568425545887975f,-0.7704987349461557f,-0.2884858718002168f,0.06810876854990366f,0f,0f,0f,1f],start_interpolation:0}
execute if entity @s[tag=aj.frestchika_v2.bone.body_0] run data modify entity @s {} merge value {transformation:[0.07685561252241353f,-0.056066404742070086f,0.9954646016223291f,-0.04608921878390962f,0.035007348232838714f,0.9979538192975592f,0.053503832751672364f,0.789007015110883f,-0.9964274687068342f,0.03073650612403027f,0.078661088206165f,-0.07874627792488048f,0f,0f,0f,1f],start_interpolation:0}
execute if entity @s[tag=aj.frestchika_v2.bone.body_1] run data modify entity @s {} merge value {transformation:[-0.17364817766693041f,-0.6130572405243051f,0.7707185804388512f,1.0638880349183243e-17f,5.551115123125783e-17f,0.7826081568524139f,0.6225146366376194f,0.7703307741645304f,-0.9848077530122079f,0.10809853222311387f,-0.1358984802646969f,-0.08687305071625914f,0f,0f,0f,1f],start_interpolation:0}