execute if entity @s[tag=aj.louvert.bone.head] run data modify entity @s {} merge value {transformation:[-0.9894758391914863f,-0.015873678301282605f,-0.14382485874664108f,0.0009219380876016835f,-0.07878114903632559f,0.8928286181611593f,0.44345302924768826f,1.448173863731621f,0.12137171916398042f,0.45011674588891065f,-0.8846828928251963f,-0.16001254063408452f,0f,0f,0f,1f],start_interpolation:0}
execute if entity @s[tag=aj.louvert.bone.coat_0] run data modify entity @s {} merge value {transformation:[-0.9963085304569166f,0.045375194872413406f,0.07287251765288277f,-0.2371435921430015f,0.04705740681816391f,0.9986600264664157f,0.021534901941911322f,0.6136338361205567f,-0.07179772003572969f,0.024884598216335076f,-0.9971087423993846f,-0.30738296959888445f,0f,0f,0f,1f],start_interpolation:0}
execute if entity @s[tag=aj.louvert.bone.coat_1] run data modify entity @s {} merge value {transformation:[-0.961474962517363f,-0.2650575270071864f,0.07287251765288277f,0.2613578934215986f,-0.26418526276516185f,0.9642315048452081f,0.021534901941911322f,0.6258661675956327f,-0.07597396521136342f,0.0014534238129286225f,-0.9971087423993846f,-0.27068638996848016f,0f,0f,0f,1f],start_interpolation:0}
execute if entity @s[tag=aj.louvert.bone.coat_2] run data modify entity @s {} merge value {transformation:[-0.9970029711292002f,-0.04838971452799678f,0.06036150335641028f,0.021216215345908892f,-0.02446466295015185f,0.9374002771708235f,0.3473934378004265f,0.6224418646008336f,-0.07339315926080862f,0.34487556580303325f,-0.9357746995328283f,-0.41367327258360537f,0f,0f,0f,1f],start_interpolation:0}
execute if entity @s[tag=aj.louvert.bone.right_leg_1] run data modify entity @s {} merge value {transformation:[-0.9823924610299348f,0.17941314640244385f,0.0521150209586743f,-0.12394866802923696f,0.18625836320011926f,0.9187333119861887f,0.3481909297855141f,0.5311186046641634f,0.014590224452019018f,0.351767002922195f,-0.9359738783777973f,0.02457991949823435f,0f,0f,0f,1f],start_interpolation:0}
execute if entity @s[tag=aj.louvert.bone.right_leg_0] run data modify entity @s {} merge value {transformation:[-0.9823924610299348f,0.06700603245073118f,-0.17439966779429192f,-0.11251822075185149f,0.18625836320011926f,0.42415677485718295f,-0.8862273142263026f,0.6166919189893257f,0.014590224452019018f,-0.9031064289207361f,-0.4291688518432752f,-0.29820882469128335f,0f,0f,0f,1f],start_interpolation:0}
execute if entity @s[tag=aj.louvert.bone.left_leg_1] run data modify entity @s {} merge value {transformation:[-0.9844364903815715f,-0.17470979499771894f,0.019007470559458617f,0.20135829355012308f,-0.17571253021346642f,0.9765680548685737f,-0.1242575588694404f,0.26400391104414633f,0.003146924084774738f,-0.12566352590177388f,-0.9920679286857019f,-0.09759414438307426f,0f,0f,0f,1f],start_interpolation:0}
execute if entity @s[tag=aj.louvert.bone.left_leg_0] run data modify entity @s {} merge value {transformation:[-0.9844364903815715f,-0.15863543699735128f,0.07562800099085695f,0.13673252203044858f,-0.17571253021346642f,0.8807704986104625f,-0.4397367797938434f,0.6228080847268637f,0.003146924084774738f,-0.44618171960103514f,-0.8949368525000341f,-0.2798605348760812f,0f,0f,0f,1f],start_interpolation:0}
execute if entity @s[tag=aj.louvert.bone.body_1] run data modify entity @s {} merge value {transformation:[-0.9970029711292002f,-0.025974443795339322f,0.07287251765288277f,0.003990136953255007f,-0.02446466295015185f,0.9994687230049212f,0.021534901941911322f,0.9320839777971326f,-0.07339315926080862f,0.01968755963635488f,-0.9971087423993846f,-0.2828823173973214f,0f,0f,0f,1f],start_interpolation:0}
execute if entity @s[tag=aj.louvert.locator_origin.locator] at @s on origin run tp @s ^0.43425 ^1.37159 ^0.47743 ~-76.36284 ~-34.73693
execute if entity @s[tag=aj.louvert.bone.sword_0] run data modify entity @s {} merge value {transformation:[-0.2066205414560226f,-0.5652703872864119f,-0.7986096299854454f,-0.2813340083046594f,-0.042787759639103716f,0.8206622412096476f,-0.5698093483594531f,0.8928926909391274f,0.9774851198220289f,-0.08356359919144268f,-0.19375233009356455f,0.30521183961415194f,0f,0f,0f,1f],start_interpolation:0}
execute if entity @s[tag=aj.louvert.bone.right_arm_1] run data modify entity @s {} merge value {transformation:[0.2179543643296484f,-0.49295561956037925f,-0.8423126807863583f,-0.35573813977074653f,-0.6729159949150973f,0.5492045031302945f,-0.49553857319973704f,1.1408057626453205f,0.7068804416993607f,0.6748104703435247f,-0.21201620281871716f,0.03365442735684798f,0f,0f,0f,1f],start_interpolation:0}
execute if entity @s[tag=aj.louvert.bone.right_arm_0] run data modify entity @s {} merge value {transformation:[-0.19347750938231217f,-0.49295561956037925f,-0.8482695388301175f,-0.29747968096439326f,-0.825371633606151f,0.5492045031302945f,-0.1309048516278912f,1.39875237228297f,0.530403732831445f,0.6748104703435247f,-0.513130304419082f,-0.13372087265468427f,0f,0f,0f,1f],start_interpolation:0}
execute if entity @s[tag=aj.louvert.locator_origin.locator2] at @s on origin run tp @s ^-0.242 ^1.48232 ^0.47318 ~62.56357 ~-34.88896
execute if entity @s[tag=aj.louvert.bone.sword_1] run data modify entity @s {} merge value {transformation:[-0.4201241568207083f,0.5417656478035566f,0.7280011509027177f,0.41100463024519196f,0.06343623642160628f,0.817805451416827f,-0.5719878386308419f,1.0016416232294048f,-0.9052466717775606f,-0.19412425529261548f,-0.3779473994390442f,0.13643496040290254f,0f,0f,0f,1f],start_interpolation:0}
execute if entity @s[tag=aj.louvert.bone.left_arm_1] run data modify entity @s {} merge value {transformation:[0.04060146997626196f,0.6188085285877009f,0.784491890068273f,0.41774101932886165f,0.678942069412765f,0.5589494776920834f,-0.4760390191667691f,1.2516621765393003f,-0.7330683372082569f,0.5519524312247133f,-0.3974409725328393f,-0.1431802001993675f,0f,0f,0f,1f],start_interpolation:0}
execute if entity @s[tag=aj.louvert.bone.left_arm_0] run data modify entity @s {} merge value {transformation:[-0.3485092701568244f,0.6188085285877009f,0.7040009187223282f,0.26461361565943725f,0.8250496588242978f,0.5589494776920834f,-0.08287666656941034f,1.465694278736257f,-0.4447857339086623f,0.5519524312247133f,-0.7053468399138543f,-0.18825036743460924f,0f,0f,0f,1f],start_interpolation:0}
execute if entity @s[tag=aj.louvert.bone.wing_0] run data modify entity @s {} merge value {transformation:[-0.9358908065655541f,-0.05357591722179732f,0.3481925031931613f,-0.06050095132033445f,0.05646551026126283f,0.9527774126330177f,0.29837367197403264f,1.2676565145176446f,-0.3477355954414385f,0.2989060438836517f,-0.8886704296829127f,-0.7360375208124964f,0f,0f,0f,1f],start_interpolation:0}
execute if entity @s[tag=aj.louvert.bone.wing_1] run data modify entity @s {} merge value {transformation:[-0.824314629880088f,0.05749267137122378f,-0.563205099146176f,-0.03022372424913266f,-0.11606268554173323f,0.9565379817151693f,0.2675154996651805f,1.1938110186456676f,0.5541072495379339f,0.28588403641139337f,-0.7818154985254736f,-0.49911953445371293f,0f,0f,0f,1f],start_interpolation:0}
execute if entity @s[tag=aj.louvert.bone.body_0] run data modify entity @s {} merge value {transformation:[-0.9926360107580638f,0.0025263571360947257f,-0.12110890828480714f,-0.003045450852901705f,-0.03360874878463775f,0.9547879009685243f,0.295381983487908f,1.309307611998687f,0.116379560711699f,0.29727711261336714f,-0.9476719454351339f,-0.20487904526988085f,0f,0f,0f,1f],start_interpolation:0}