execute if entity @s[tag=aj.axia.bone.wing_right_1] run data modify entity @s {} merge value {transformation:[0.06612408036029745f,0.3023236083054451f,-0.7557595426470811f,-0.210644922269565f,-0.3101009151353116f,0.7104250000448529f,0.25705677619537126f,1.1832873518978702f,0.7526018023318783f,0.26616010147445224f,0.1723188090556631f,0.469204059065511f,0f,0f,0f,1f],start_interpolation:0}
execute if entity @s[tag=aj.axia.bone.wing_right_2] run data modify entity @s {} merge value {transformation:[0.17317706504065672f,0.2488222078766658f,-0.7403358785114265f,-0.210644922269565f,-0.014329480213616796f,0.7592009138050346f,0.2518107195383229f,1.1832873518978702f,0.7808997183638319f,-0.04124901629107827f,0.16880209866677204f,0.469204059065511f,0f,0f,0f,1f],start_interpolation:0}
execute if entity @s[tag=aj.axia.bone.wing_left_1] run data modify entity @s {} merge value {transformation:[-0.25400771029957125f,0.3354525614971837f,-0.6999257864501006f,-0.2177100233787406f,0.11634799867720452f,0.7445888668073704f,0.31463472007197396f,1.1760015444785832f,0.7673901685300787f,-0.001855493448745672f,-0.2793802620656716f,0.526361231101977f,0f,0f,0f,1f],start_interpolation:0}
execute if entity @s[tag=aj.axia.bone.wing_left_2] run data modify entity @s {} merge value {transformation:[-0.3556355875349231f,0.20837212728597015f,-0.6856415867266292f,-0.2177100233787406f,-0.17382885416244015f,0.7174872153420772f,0.30821360333581127f,1.1760015444785832f,0.695202746210962f,0.2859950216192428f,-0.2736786240643314f,0.526361231101977f,0f,0f,0f,1f],start_interpolation:0}
execute if entity @s[tag=aj.axia.bone.blade] run data modify entity @s {} merge value {transformation:[1.7200379830046741f,0.8485695297457196f,0.5669207089252785f,0.40751398372093184f,-0.6654255141925044f,0.09019418309870346f,1.8838985892018707f,0.7808795336026357f,0.773742994852201f,-1.80881031689956f,0.3598986182174931f,0.47599493450123026f,0f,0f,0f,1f],start_interpolation:0}
execute if entity @s[tag=aj.axia.bone.arm_right_2] run data modify entity @s {} merge value {transformation:[0.45623347046229434f,0.027149849053237446f,-0.8894458421547191f,0.25349213531138254f,-0.5161551133291009f,-0.8061341945117582f,-0.2893640603514921f,0.8719890129803878f,-0.7248688980872019f,0.5911095889386884f,-0.35377186780548375f,0.7925949271150667f,0f,0f,0f,1f],start_interpolation:0}
execute if entity @s[tag=aj.axia.bone.arm_right_1] run data modify entity @s {} merge value {transformation:[0.35697536466066204f,-0.2854026679957111f,-0.8894458421547191f,0.11404863349081142f,-0.9231992786802407f,-0.252925942562604f,-0.2893640603514921f,1.2326137312148568f,-0.1423786531389838f,0.9244316008660395f,-0.35377186780548375f,0.8482115884974822f,0f,0f,0f,1f],start_interpolation:0}
execute if entity @s[tag=aj.axia.bone.arm_left_2] run data modify entity @s {} merge value {transformation:[-0.3674401612607858f,0.18872075151428983f,-0.9106987459311282f,0.3855180721471129f,0.7867115408225843f,-0.45920329158000006f,-0.41257397947355845f,0.9465048166452259f,-0.4960571332308435f,-0.8680534631864418f,0.020260938300635918f,0.224775496710428f,0f,0f,0f,1f],start_interpolation:0}
execute if entity @s[tag=aj.axia.bone.arm_left_1] run data modify entity @s {} merge value {transformation:[-0.41269833767220127f,-0.01754640253933413f,-0.9106987459311282f,0.2296914087573833f,0.9108651010469987f,-0.010367215440621236f,-0.41257397947355845f,1.2905100761250248f,-0.002202220979473535f,-0.9997923007314747f,0.020260938300635918f,0.2255884862922331f,0f,0f,0f,1f],start_interpolation:0}
execute if entity @s[tag=aj.axia.bone.ear_edge_a1] run data modify entity @s {} merge value {transformation:[-0.7143437299576336f,0.33798492500189287f,-0.6127635971087713f,0.49385712875150783f,0.14629297656653126f,0.928410725307245f,0.3415433942294579f,1.819542615577131f,0.6843328141171663f,0.1543363716236048f,-0.7126492011617921f,0.7574100860090949f,0f,0f,0f,1f],start_interpolation:0}
execute if entity @s[tag=aj.axia.bone.ear_edge_a2] run data modify entity @s {} merge value {transformation:[-0.75842146419073f,0.2220757904705261f,-0.6127635971087713f,0.4087362860640112f,-0.0007435678853309896f,0.9398657121977695f,0.3415433942294579f,1.8289283542216646f,0.651764013858996f,0.2594894724682874f,-0.7126492011617921f,0.8350985064800182f,0f,0f,0f,1f],start_interpolation:0}
execute if entity @s[tag=aj.axia.bone.ear_edge_b1] run data modify entity @s {} merge value {transformation:[-0.643995568740488f,0.6399698839727601f,-0.41917568518523074f,0.35504742679924134f,0.18720931326804355f,0.6630923696666021f,0.7247490478197522f,1.8436061410743414f,0.7417697624386717f,0.3882615830826199f,-0.546836870221691f,0.8070569279973873f,0f,0f,0f,1f],start_interpolation:0}
execute if entity @s[tag=aj.axia.bone.ear_edge_b2] run data modify entity @s {} merge value {transformation:[-0.8102377521515908f,0.4096419533419764f,-0.41917568518523074f,0.38239434277274226f,-0.02686017377262137f,0.6884891783821055f,0.7247490478197522f,1.8498758059540732f,0.5854855387225566f,0.5984781711248148f,-0.546836870221691f,0.7944037420731178f,0f,0f,0f,1f],start_interpolation:0}
execute if entity @s[tag=aj.axia.bone.ear_right_2] run data modify entity @s {} merge value {transformation:[-0.7361802610810518f,0.5313476904477208f,-0.41917568518523074f,0.4630699876495367f,0.08117395584461531f,0.6842145910289392f,0.7247490478197522f,1.943428321106007f,0.6718998527214983f,0.4995197946818267f,-0.546836870221691f,0.7994049183058172f,0f,0f,0f,1f],start_interpolation:0}
execute if entity @s[tag=aj.axia.bone.ear_right_1] run data modify entity @s {} merge value {transformation:[-0.7361802610810518f,0.287331511068581f,-0.6127635971087713f,0.3984203976591061f,0.08117395584461531f,0.9363540456209697f,0.3415433942294579f,1.7327486608412892f,0.6718998527214983f,0.2016970599594561f,-0.7126492011617921f,0.7540230798149397f,0f,0f,0f,1f],start_interpolation:0}
execute if entity @s[tag=aj.axia.bone.ear_edge_a3] run data modify entity @s {} merge value {transformation:[-0.8524819181792765f,-0.03016910699066555f,-0.521885432025811f,0.15928199932526815f,-0.3524844080733151f,0.7704182137536966f,0.5312348990623336f,1.7480244720531923f,0.3860431598184144f,0.6368246233461369f,-0.6674017364807083f,1.003321524521428f,0f,0f,0f,1f],start_interpolation:0}
execute if entity @s[tag=aj.axia.bone.ear_edge_a4] run data modify entity @s {} merge value {transformation:[-0.8467059392666759f,0.10355987760599736f,-0.521885432025811f,0.2578534455968271f,-0.22762477896978223f,0.8160737969186302f,0.5312348990623336f,1.7824673229508168f,0.4809116471967528f,0.5685938002942356f,-0.6674017364807083f,0.9536576480418661f,0f,0f,0f,1f],start_interpolation:0}
execute if entity @s[tag=aj.axia.bone.ear_edge_b3] run data modify entity @s {} merge value {transformation:[-0.8609599758870076f,-0.013741701284561259f,-0.5084870554561342f,0.2647189251450307f,-0.40165567662035506f,0.6317438605042236f,0.6630025732633805f,1.792867798050769f,0.3121227921176025f,0.7750553918017898f,-0.5494256112338466f,0.9235686835997001f,0f,0f,0f,1f],start_interpolation:0}
execute if entity @s[tag=aj.axia.bone.ear_edge_b4] run data modify entity @s {} merge value {transformation:[-0.8230680145652104f,0.25298212947406684f,-0.5084870554561342f,0.24225597805163746f,-0.1867776595688864f,0.7249425451248563f,0.6630025732633805f,1.7930747927439505f,0.5363517029763698f,0.6406702337666875f,-0.5494256112338466f,0.9446076661339484f,0f,0f,0f,1f],start_interpolation:0}
execute if entity @s[tag=aj.axia.bone.ear_left_2] run data modify entity @s {} merge value {transformation:[-0.8525098055918613f,0.12111129511023172f,-0.5084870554561342f,0.19831886176295907f,-0.2978841158713473f,0.68679883616506f,0.6630025732633805f,1.8744834840014661f,0.42952541820161544f,0.7166864117862437f,-0.5494256112338466f,1.026630829516152f,0f,0f,0f,1f],start_interpolation:0}
execute if entity @s[tag=aj.axia.bone.ear_left_1] run data modify entity @s {} merge value {transformation:[-0.8525098055918613f,0.02937051598048397f,-0.521885432025811f,0.19171049566735018f,-0.2978841158713473f,0.7931295830630564f,0.5312348990623336f,1.6960293278122787f,0.42952541820161544f,0.608344341028387f,-0.6674017364807083f,0.889753352784765f,0f,0f,0f,1f],start_interpolation:0}
execute if entity @s[tag=aj.axia.bone.head] run data modify entity @s {} merge value {transformation:[-0.8268396079670236f,0.21446067777508498f,-0.5199450743926614f,0.2014026328782677f,-0.14687733211604212f,0.810037343461886f,0.5676852574338036f,1.2815046915077608f,0.5429210918793013f,0.5457528010788963f,-0.6382715473112724f,0.5621358916003951f,0f,0f,0f,1f],start_interpolation:0}
execute if entity @s[tag=aj.axia.bone.body_1] run data modify entity @s {} merge value {transformation:[-0.12170466783818737f,0.3505081314163604f,-0.9286183412131208f,0.06996208359713257f,-0.1255065933516162f,0.9226291919803637f,0.36469640679739745f,0.9355187445151243f,0.9845994458924241f,0.16093297958054528f,-0.06829719783167737f,0.5017860242576907f,0f,0f,0f,1f],start_interpolation:0}
execute if entity @s[tag=aj.axia.bone.leg_left_2] run data modify entity @s {} merge value {transformation:[0.12643561615076193f,-0.09637110415842962f,-0.9872824546460158f,0.18582526810626282f,-0.4235359547277249f,0.8947473752863441f,-0.14157835099715146f,0.37863373382075943f,0.8970124469713069f,0.43605016305636585f,0.07231130808570044f,0.22067984043956115f,0f,0f,0f,1f],start_interpolation:0}
execute if entity @s[tag=aj.axia.bone.leg_left_1] run data modify entity @s {} merge value {transformation:[0.12643561615076193f,-0.2579980378832819f,-0.9578366496522013f,0.08884473654694297f,-0.4235359547277249f,0.8591092853843681f,-0.28731260121901114f,0.6652370572410913f,0.8970124469713069f,0.44200480564665434f,-0.0006494334543621812f,0.36967287384345027f,0f,0f,0f,1f],start_interpolation:0}
execute if entity @s[tag=aj.axia.bone.leg_right_2] run data modify entity @s {} merge value {transformation:[-0.947245910058051f,-0.061069332302212856f,-0.3146358570323105f,0.21233190892724432f,0.030226316658483937f,0.9602829560764159f,-0.27738603795144606f,0.7207882439221218f,0.3190792310062747f,-0.27226307300348684f,-0.9077782016655511f,0.9272692794590511f,0f,0f,0f,1f],start_interpolation:0}
execute if entity @s[tag=aj.axia.bone.leg_right_1] run data modify entity @s {} merge value {transformation:[-0.947245910058051f,-0.313975196053309f,-0.06437982713226881f,0.10515004629397395f,0.030226316658483937f,0.11246127031589134f,-0.9931962708650274f,0.6853157414891591f,0.3190792310062747f,-0.9427470705031239f,-0.09703816464784402f,0.6124403336710185f,0f,0f,0f,1f],start_interpolation:0}
execute if entity @s[tag=aj.axia.bone.coat_downer] run data modify entity @s {} merge value {transformation:[-0.02924313966363859f,0.025548449709299398f,-0.9992457733210907f,0.0748453222779042f,0.03389842226449315f,0.9991236326376283f,0.024553282325742193f,0.7297859106170258f,0.9989973652370616f,-0.0331548401057959f,-0.030083564066913107f,0.5000185718563726f,0f,0f,0f,1f],start_interpolation:0}
execute if entity @s[tag=aj.axia.bone.body_2] run data modify entity @s {} merge value {transformation:[-0.02924313966363859f,-0.16599892976347505f,-0.9856922410671568f,0.037983398437499934f,0.03389842226449315f,0.9853820581568251f,-0.16695237773268515f,0.9496923828125f,0.9989973652370616f,-0.03829562350974251f,-0.023188563332147475f,0.48365722656249993f,0f,0f,0f,1f],start_interpolation:0}