execute if entity @s[tag=aj.axia.bone.wing_right_1] run data modify entity @s {} merge value {transformation:[-0.5202785394760111f,-0.11583130642091803f,-0.61873887404783f,-0.18078934706542404f,-0.056905081255423866f,0.8080895296814545f,-0.10342904906728946f,1.266604961019787f,0.6269102786942216f,-0.02277860655249905f,-0.5228853430681569f,-0.3060852008057158f,0f,0f,0f,1f],start_interpolation:0}
execute if entity @s[tag=aj.axia.bone.wing_right_2] run data modify entity @s {} merge value {transformation:[-0.5142871011362368f,0.09020846110652712f,-0.6061115500876703f,-0.18078934706542404f,0.25143089143739983f,0.7526733146676321f,-0.10131825214754887f,1.266604961019787f,0.5588302823182372f,-0.25562729692275044f,-0.5122142136177864f,-0.3060852008057158f,0f,0f,0f,1f],start_interpolation:0}
execute if entity @s[tag=aj.axia.bone.wing_left_1] run data modify entity @s {} merge value {transformation:[-0.7233499248662684f,0.103453945819661f,-0.3647007152923488f,-0.22331916823631362f,0.17706574985562726f,0.7869019617872702f,-0.12797447873640472f,1.2707142363330084f,0.33519703290523406f,-0.19242408392436935f,-0.7194166841975789f,-0.27318288867411733f,0f,0f,0f,1f],start_interpolation:0}
execute if entity @s[tag=aj.axia.bone.wing_left_2] run data modify entity @s {} merge value {transformation:[-0.6934318055564105f,-0.17753637448019954f,-0.35725784355168866f,-0.22331916823631362f,-0.13473984144117346f,0.7785430976299959f,-0.12536275468055974f,1.2707142363330084f,0.3754963464152266f,-0.04849207016736984f,-0.7047347110506895f,-0.27318288867411733f,0f,0f,0f,1f],start_interpolation:0}
execute if entity @s[tag=aj.axia.bone.blade] run data modify entity @s {} merge value {transformation:[-0.608902626772546f,1.3799801015109052f,-1.3133516324821182f,0.0862400293943193f,0.6656043005310395f,1.4460179918149179f,1.2107860597405882f,1.418651822662624f,1.7849953798887206f,-0.06846084122696658f,-0.8995024218946925f,0.6147535026580172f,0f,0f,0f,1f],start_interpolation:0}
execute if entity @s[tag=aj.axia.bone.arm_right_2] run data modify entity @s {} merge value {transformation:[0.6849268361941967f,-0.7254908213454555f,-0.06736688507348573f,-0.19589773120833356f,-0.2601268378606191f,-0.15711712716181817f,-0.9527057450110461f,1.4417714757486126f,0.6805947820000117f,0.6700576665451363f,-0.29633337007236193f,0.45456482589339375f,0f,0f,0f,1f],start_interpolation:0}
execute if entity @s[tag=aj.axia.bone.arm_right_1] run data modify entity @s {} merge value {transformation:[0.16939393621984267f,-0.9832433051729584f,-0.06736688507348573f,-0.24864534137362826f,-0.30361755036723925f,0.0129671327572711f,-0.9527057450110461f,1.554676165316147f,0.9376151009241185f,0.1818363448285617f,-0.29633337007236193f,0.10356991711085094f,0f,0f,0f,1f],start_interpolation:0}
execute if entity @s[tag=aj.axia.bone.arm_left_2] run data modify entity @s {} merge value {transformation:[-0.2193580290671529f,0.9031917159422936f,-0.36895362762410844f,0.5027855913636017f,0.6861313820901144f,-0.1260396413145662f,-0.716475913990418f,1.2540315263621276f,-0.6936178930757795f,-0.4103154068159156f,-0.5920603730487336f,-0.08265319372514845f,0f,0f,0f,1f],start_interpolation:0}
execute if entity @s[tag=aj.axia.bone.arm_left_1] run data modify entity @s {} merge value {transformation:[-0.5978982777802326f,0.7116114600612067f,-0.36895362762410844f,0.27869969480387535f,0.6706646097117085f,0.19201886873908167f,-0.716475913990418f,1.5064937365011097f,-0.43900641305984733f,-0.6758238557181304f,-0.5920603730487336f,-0.24852443387682283f,0f,0f,0f,1f],start_interpolation:0}
execute if entity @s[tag=aj.axia.bone.ear_edge_a1] run data modify entity @s {} merge value {transformation:[-0.9008403075451995f,0.17019667040693393f,-0.3993993411164618f,0.11336061784961855f,0.16593486907012941f,0.9850859165607319f,0.045512154644469074f,2.1865094494962474f,0.40118868320099593f,-0.025275093987887895f,-0.9156466622531608f,-0.14967095615950873f,0f,0f,0f,1f],start_interpolation:0}
execute if entity @s[tag=aj.axia.bone.ear_edge_a2] run data modify entity @s {} merge value {transformation:[-0.9163740935872688f,0.02717879537153181f,-0.3993993411164618f,0.008081948037434394f,0.00979054710290396f,0.998915806746016f,0.045512154644469074f,2.1977036307062545f,0.40020328058317695f,0.03779582139745933f,-0.9156466622531608f,-0.10319265353759033f,0f,0f,0f,1f],start_interpolation:0}
execute if entity @s[tag=aj.axia.bone.ear_edge_b1] run data modify entity @s {} merge value {transformation:[-0.8562182167357812f,0.4144961004015736f,-0.30835587894782757f,-0.035886085693330544f,0.23126339845443816f,0.8412572129252721f,0.48867529325361564f,2.195258995629643f,0.4619606107289908f,0.34710125965356575f,-0.8161575274919698f,-0.1477776195431048f,0f,0f,0f,1f],start_interpolation:0}
execute if entity @s[tag=aj.axia.bone.ear_edge_b2] run data modify entity @s {} merge value {transformation:[-0.9423982535234117f,0.1296232374010783f,-0.30835587894782757f,-0.006834624017680105f,-0.04001821335375681f,0.8715474745322059f,0.48867529325361564f,2.203374555520024f,0.33209046110359247f,0.47286659425486754f,-0.8161575274919698f,-0.1538944722611168f,0f,0f,0f,1f],start_interpolation:0}
execute if entity @s[tag=aj.axia.bone.ear_right_2] run data modify entity @s {} merge value {transformation:[-0.9105182254026738f,0.2754509268960234f,-0.30835587894782757f,0.057759926437394846f,0.09681454019465563f,0.8670775066684583f,0.48867529325361564f,2.3087928064353833f,0.40197450916253746f,0.41509442817476033f,-0.8161575274919698f,-0.15346908220118685f,0f,0f,0f,1f],start_interpolation:0}
execute if entity @s[tag=aj.axia.bone.ear_right_1] run data modify entity @s {} merge value {transformation:[-0.9105182254026738f,0.10694263661095091f,-0.3993993411164618f,0.03369783319993093f,0.09681454019465563f,0.9942613281157603f,0.045512154644469074f,2.0850840076093378f,0.40197450916253746f,0.0027719827168952993f,-0.9156466622531608f,-0.1540927783124883f,0f,0f,0f,1f],start_interpolation:0}
execute if entity @s[tag=aj.axia.bone.ear_edge_a3] run data modify entity @s {} merge value {transformation:[-0.8517098905353386f,-0.3059037111509524f,-0.4254564394486889f,-0.257625994953453f,-0.3144166862683192f,0.9478550188001427f,-0.05208656958785555f,2.147522585010432f,0.41920449635032586f,0.08940795736094062f,-0.9034787254829045f,0.012058953887911422f,0f,0f,0f,1f],start_interpolation:0}
execute if entity @s[tag=aj.axia.bone.ear_edge_a4] run data modify entity @s {} merge value {transformation:[-0.8890778118590357f,-0.16890074775320915f,-0.4254564394486889f,-0.15691963403775022f,-0.1622685023140799f,0.9853709567595926f,-0.05208656958785555f,2.1761434446784453f,0.42802987935037234f,0.022729165912805625f,-0.9034787254829045f,-0.03701462238262429f,0f,0f,0f,1f],start_interpolation:0}
execute if entity @s[tag=aj.axia.bone.ear_edge_b3] run data modify entity @s {} merge value {transformation:[-0.8268912044201873f,-0.3468745246354209f,-0.44263867907299154f,-0.13975474641565294f,-0.3960168494380426f,0.9180167908735124f,0.020391827663660322f,2.173101908677421f,0.3992763341517985f,0.1921541980630358f,-0.896468166279792f,-0.05510449782227402f,0f,0f,0f,1f],start_interpolation:0}
execute if entity @s[tag=aj.axia.bone.ear_edge_b4] run data modify entity @s {} merge value {transformation:[-0.8936103912590434f,-0.07437384232629435f,-0.44263867907299154f,-0.1669165087652873f,-0.09295161571925972f,0.9954617875637992f,0.020391827663660322f,2.1782483925074265f,0.43911327213947676f,0.059366329496683815f,-0.896468166279792f,-0.04157608345659668f,0f,0f,0f,1f],start_interpolation:0}
execute if entity @s[tag=aj.axia.bone.ear_left_2] run data modify entity @s {} merge value {transformation:[-0.870973932243916f,-0.21324964042194192f,-0.44263867907299154f,-0.24626094675053287f,-0.2475317592909274f,0.9686651648050908f,0.020391827663660322f,2.2728435699318186f,0.4244201190965251f,0.12732788128700817f,-0.896468166279792f,-0.035106377118335724f,0f,0f,0f,1f],start_interpolation:0}
execute if entity @s[tag=aj.axia.bone.ear_left_1] run data modify entity @s {} merge value {transformation:[-0.870973932243916f,-0.24574626646851522f,-0.4254564394486889f,-0.19096803679511704f,-0.2475317592909274f,0.967478690933763f,-0.05208656958785555f,2.055160864471722f,0.4244201190965251f,0.05994793662735681f,-0.9034787254829045f,-0.04859466285949099f,0f,0f,0f,1f],start_interpolation:0}
execute if entity @s[tag=aj.axia.bone.head] run data modify entity @s {} merge value {transformation:[-0.8986634799801919f,-0.1531953892406558f,-0.4110171802556374f,0.01272182207123173f,-0.11969257255046264f,0.9871125842674853f,-0.1062188027470609f,1.567546574189289f,0.42199246181198924f,-0.04625925524876898f,-0.9054183803511423f,-0.049341527885022336f,0f,0f,0f,1f],start_interpolation:0}
execute if entity @s[tag=aj.axia.bone.body_1] run data modify entity @s {} merge value {transformation:[-0.7886401522713556f,-0.02905242654567114f,-0.6141682723303291f,0.023616482025858407f,0.07619922726037805f,0.9865644460631977f,-0.14451391465508467f,1.19758490691559f,0.6101150612715064f,-0.16076862341832826f,-0.7758305625159668f,0.010946705896850761f,0f,0f,0f,1f],start_interpolation:0}
execute if entity @s[tag=aj.axia.bone.leg_left_2] run data modify entity @s {} merge value {transformation:[-0.6959369178244292f,-0.14006823118234835f,-0.7043100858446383f,0.42413473623810477f,-0.043219596330531435f,0.9871845880814416f,-0.15361853907487982f,0.7922598671777973f,0.7168011390211787f,-0.07646881500273639f,-0.6930718919636099f,0.25596469428337665f,0f,0f,0f,1f],start_interpolation:0}
execute if entity @s[tag=aj.axia.bone.leg_left_1] run data modify entity @s {} merge value {transformation:[-0.6959369178244292f,-0.6273659161229412f,-0.349404942289396f,0.2062441963539921f,-0.043219596330531435f,0.5222776191552303f,-0.8516796081993334f,0.9174189558777497f,0.7168011390211787f,-0.5776141409425213f,-0.3905867781699395f,0.051962862395912836f,0f,0f,0f,1f],start_interpolation:0}
execute if entity @s[tag=aj.axia.bone.leg_right_2] run data modify entity @s {} merge value {transformation:[-0.8675161773650357f,0.009981097689357427f,-0.4973088172341926f,0.1714105851936968f,0.11291368413535188f,0.9776494230024391f,-0.17734741508682883f,0.8883447697096286f,0.48442355634809703f,-0.21000472230860312f,-0.8492536927580288f,0.4982820967531604f,0f,0f,0f,1f],start_interpolation:0}
execute if entity @s[tag=aj.axia.bone.leg_right_1] run data modify entity @s {} merge value {transformation:[-0.8675161773650357f,-0.4713220559543162f,-0.15896918437531377f,0.014802272638731238f,0.11291368413535188f,0.12464984331594153f,-0.9857549982101501f,0.9324117670829205f,0.48442355634809703f,-0.8731082041375555f,-0.05491704583054585f,0.20755302334643336f,0f,0f,0f,1f],start_interpolation:0}
execute if entity @s[tag=aj.axia.bone.coat_downer] run data modify entity @s {} merge value {transformation:[-0.7909562685311273f,-0.24626172155636006f,-0.5601279726700078f,0.08166156596177995f,0.020104439805821606f,0.9044782428347276f,-0.4260456779955616f,0.9711370879140182f,0.6115423066079805f,-0.3482445588012847f,-0.710451781962639f,0.10624057013667403f,0f,0f,0f,1f],start_interpolation:0}
execute if entity @s[tag=aj.axia.bone.body_2] run data modify entity @s {} merge value {transformation:[-0.7909562685311273f,-0.32055386220179316f,-0.5211846147948239f,0.01621715822396624f,0.020104439805821606f,0.8377109517876155f,-0.5457436877831767f,1.1581560627680805f,0.6115423066079805f,-0.4421375155792609f,-0.6561481727064318f,0.0026727947290580926f,0f,0f,0f,1f],start_interpolation:0}