execute if entity @s[tag=aj.axia.bone.wing_right_1] run data modify entity @s {} merge value {transformation:[0.2013426051845496f,0.021705750172090442f,-0.7911601988165291f,-0.2840744736589314f,-0.06840100979718565f,0.8137822495890379f,0.004918999590808162f,1.1063195658901432f,0.7884966085156412f,0.06505194161372782f,0.2024494694882165f,0.006137044381811355f,0f,0f,0f,1f],start_interpolation:0}
execute if entity @s[tag=aj.axia.bone.wing_right_2] run data modify entity @s {} merge value {transformation:[0.19035697266653487f,-0.05583377721948232f,-0.7750140723100694f,-0.2840744736589314f,0.24316084066853227f,0.7621348873692038f,0.004818611844056976f,1.1063195658901432f,0.7379952767617182f,-0.23671291214493623f,0.19831784766192637f,0.006137044381811355f,0f,0f,0f,1f],start_interpolation:0}
execute if entity @s[tag=aj.axia.bone.wing_left_1] run data modify entity @s {} merge value {transformation:[-0.0029380617245177224f,-0.0132783239350584f,-0.8165534265136746f,-0.2776631889047573f,0.21297830146968813f,0.7882893722694184f,-0.013585032742584706f,1.1109914658866593f,0.7884009483383657f,-0.21299764347289418f,0.0006268800557684209f,0.05709323262650831f,0f,0f,0f,1f],start_interpolation:0}
execute if entity @s[tag=aj.axia.bone.wing_left_2] run data modify entity @s {} merge value {transformation:[0.002318673783170876f,-0.013118614780304447f,-0.7998890708705384f,-0.2776631889047573f,-0.10275819338460707f,0.7932614048929892f,-0.013307787176409508f,1.1109914658866593f,0.7933696348135711f,0.10278251530998304f,0.0006140865852425348f,0.05709323262650831f,0f,0f,0f,1f],start_interpolation:0}
execute if entity @s[tag=aj.axia.bone.blade] run data modify entity @s {} merge value {transformation:[1.8780190665450534f,0.6820347391979419f,-0.08872992854974517f,0.6102997020451438f,-0.03995757209261291f,0.3657758440287361f,1.9658614967381418f,1.4766186856724954f,0.6866205488664838f,-1.8441899702721145f,0.35709323071437205f,0.026736747284997545f,0f,0f,0f,1f],start_interpolation:0}
execute if entity @s[tag=aj.axia.bone.arm_right_2] run data modify entity @s {} merge value {transformation:[0.5833595348143196f,0.787198231068506f,0.2000264936048129f,0.402057650158914f,0.25652859547300294f,0.05509436678417935f,-0.9649651239569741f,1.4118569203834195f,-0.7706391716269486f,0.614234121285415f,-0.16979903239672792f,0.3387052795943217f,0f,0f,0f,1f],start_interpolation:0}
execute if entity @s[tag=aj.axia.bone.arm_right_1] run data modify entity @s {} merge value {transformation:[0.9753917640153023f,-0.0927378485154843f,0.2000264936048129f,0.0749962095615972f,0.17971234463735747f,-0.19116951308104782f,-0.9649651239569741f,1.3568333597158704f,0.12772775687398885f,0.9771662646249483f,-0.16979903239672792f,0.2661186697536518f,0f,0f,0f,1f],start_interpolation:0}
execute if entity @s[tag=aj.axia.bone.arm_left_2] run data modify entity @s {} merge value {transformation:[-0.5236552687794467f,-0.23753943558367954f,-0.8181443491353542f,0.18650178723550717f,0.5468110280481849f,0.6427043206488169f,-0.5365900258337177f,1.1986276987974445f,0.6532861999800798f,-0.7283585468448419f,-0.20666632080157038f,-0.7010337572685251f,0f,0f,0f,1f],start_interpolation:0}
execute if entity @s[tag=aj.axia.bone.arm_left_1] run data modify entity @s {} merge value {transformation:[-0.39125743534774127f,-0.42137565575504676f,-0.8181443491353542f,0.039637904538205766f,0.25611260262466035f,0.8040382322704518f,-0.5365900258337177f,1.2933729381973433f,0.8839253102281499f,-0.41948191592059303f,-0.20666632080157038f,-0.36563075113374705f,0f,0f,0f,1f],start_interpolation:0}
execute if entity @s[tag=aj.axia.bone.ear_edge_a1] run data modify entity @s {} merge value {transformation:[-0.6010553226742474f,-0.12745130492221554f,-0.7889795079459166f,0.002564324274448457f,0.08909980245667358f,0.9703622727893917f,-0.22462921615227957f,1.9826608554348306f,0.7942252352369181f,-0.20531250429681652f,-0.5718855228909294f,-0.14667634329246917f,0f,0f,0f,1f],start_interpolation:0}
execute if entity @s[tag=aj.axia.bone.ear_edge_a2] run data modify entity @s {} merge value {transformation:[-0.5737175575538164f,-0.21990793572743722f,-0.7889795079459166f,-0.06573543589721534f,-0.06379526700324459f,0.9723537829199808f,-0.22462921615227957f,1.9851113780855825f,0.8165649564256773f,-0.07854056687661598f,-0.5718855228909294f,-0.05341178236908649f,0f,0f,0f,1f],start_interpolation:0}
execute if entity @s[tag=aj.axia.bone.ear_edge_b1] run data modify entity @s {} merge value {transformation:[-0.57396458871101f,0.1521563443274298f,-0.8046198467516904f,-0.10508963131530528f,0.1770551174212277f,0.9824022197935743f,0.05947574244692516f,1.967708354177926f,0.7995099350857102f,-0.10832509139423957f,-0.59080414544388f,-0.054654899029682694f,0f,0f,0f,1f],start_interpolation:0}
execute if entity @s[tag=aj.axia.bone.ear_edge_b2] run data modify entity @s {} merge value {transformation:[-0.5928916584154157f,-0.03265552931287793f,-0.8046198467516904f,-0.08771998609025487f,-0.13518955806102462f,0.9890330729817137f,0.05947574244692516f,1.9795873403612323f,0.7938534277640192f,0.14403887306433588f,-0.59080414544388f,-0.07711487981802474f,0f,0f,0f,1f],start_interpolation:0}
execute if entity @s[tag=aj.axia.bone.ear_right_2] run data modify entity @s {} merge value {transformation:[-0.5907006285116868f,0.06049520385273857f,-0.8046198467516904f,-0.07763563168631708f,0.02119370941190657f,0.9980047408413202f,0.05947574244692516f,2.089576155542579f,0.8066124187968233f,0.018079479225489664f,-0.59080414544388f,-0.1326703553583292f,0f,0f,0f,1f],start_interpolation:0}
execute if entity @s[tag=aj.axia.bone.ear_right_1] run data modify entity @s {} merge value {transformation:[-0.5907006285116868f,-0.1690683397839981f,-0.7889795079459166f,-0.03959525523491757f,0.02119370941190657f,0.9742138070937898f,-0.22462921615227957f,1.8703780489464767f,0.8066124187968233f,-0.14941002158659406f,-0.5718855228909294f,-0.09905310050134558f,0f,0f,0f,1f],start_interpolation:0}
execute if entity @s[tag=aj.axia.bone.ear_edge_a3] run data modify entity @s {} merge value {transformation:[-0.40889418844479114f,-0.5109703425227259f,-0.7561182789208867f,-0.22596283601408107f,-0.5195952693932318f,0.8114903507799754f,-0.2674026301575338f,1.875835802436119f,0.7502175009157347f,0.2835360993827774f,-0.5973114611880048f,0.1940892960180675f,0f,0f,0f,1f],start_interpolation:0}
execute if entity @s[tag=aj.axia.bone.ear_edge_a4] run data modify entity @s {} merge value {transformation:[-0.4837933946479975f,-0.44071430607218f,-0.7561182789208867f,-0.1746783348100454f,-0.38625313049850996f,0.8827821659758052f,-0.2674026301575338f,1.9292225076708271f,0.7853358965914318f,0.16268542607862163f,-0.5973114611880048f,0.10526981467846692f,0f,0f,0f,1f],start_interpolation:0}
execute if entity @s[tag=aj.axia.bone.ear_edge_b3] run data modify entity @s {} merge value {transformation:[-0.3896869553268344f,-0.37493253012682637f,-0.8411716083539661f,-0.18025423418653808f,-0.5942142054350348f,0.800179080792928f,-0.081381304490619f,1.9236502509876978f,0.7036004227594751f,0.46812288612508696f,-0.5346095851914806f,0.07022414146157269f,0f,0f,0f,1f],start_interpolation:0}
execute if entity @s[tag=aj.axia.bone.ear_edge_b4] run data modify entity @s {} merge value {transformation:[-0.4864748417319905f,-0.23616213426592447f,-0.8411716083539661f,-0.19659579281409953f,-0.31786235764579807f,0.9446378167696122f,-0.081381304490619f,1.9217053347832593f,0.8138216942019237f,0.22778683339408273f,-0.5346095851914806f,0.09623253217648771f,0f,0f,0f,1f],start_interpolation:0}
execute if entity @s[tag=aj.axia.bone.ear_left_2] run data modify entity @s {} merge value {transformation:[-0.44354163203490293f,-0.30935601812639196f,-0.8411716083539661f,-0.2782022678594257f,-0.4617228560839624f,0.8832831298338452f,-0.081381304490619f,1.9934065605019373f,0.7681684872614102f,0.35229216085503495f,-0.5346095851914806f,0.15526609883449793f,0f,0f,0f,1f],start_interpolation:0}
execute if entity @s[tag=aj.axia.bone.ear_left_1] run data modify entity @s {} merge value {transformation:[-0.44354163203490293f,-0.4812026277292456f,-0.7561182789208867f,-0.16993167662034564f,-0.4617228560839624f,0.8457587348378386f,-0.2674026301575338f,1.803110845163424f,0.7681684872614102f,0.23051289229014377f,-0.5973114611880048f,0.10340069806921567f,0f,0f,0f,1f],start_interpolation:0}
execute if entity @s[tag=aj.axia.bone.head] run data modify entity @s {} merge value {transformation:[-0.5213456855417121f,-0.31369370204736297f,-0.7935962055496879f,0.08080443779506975f,-0.2690688151322113f,0.9429714319962567f,-0.19597665973854295f,1.359595858773698f,0.809815194282245f,0.11136040469910773f,-0.5760192803846594f,-0.03689780611233708f,0f,0f,0f,1f],start_interpolation:0}
execute if entity @s[tag=aj.axia.bone.body_1] run data modify entity @s {} merge value {transformation:[0.1243219977995659f,-0.016636880109292096f,-0.9921024418291459f,0.08704326783605429f,0.09059337767028958f,0.9958736073806442f,-0.005347713992959413f,0.9861432560059565f,0.9880976069120971f,-0.08921307271297893f,0.12531618758841875f,-0.00344290384496999f,0f,0f,0f,1f],start_interpolation:0}
execute if entity @s[tag=aj.axia.bone.leg_left_2] run data modify entity @s {} merge value {transformation:[0.15396308595524089f,0.23362222395500495f,-0.9600604275968554f,0.26957869785591815f,-0.12294500403172093f,0.9686242694942377f,0.2159897000562632f,0.40576580400105866f,0.9803978244298481f,0.08478019238638196f,0.17785506692852157f,-0.2182947481482051f,0f,0f,0f,1f],start_interpolation:0}
execute if entity @s[tag=aj.axia.bone.leg_left_1] run data modify entity @s {} merge value {transformation:[0.15396308595524089f,-0.16638674308518148f,-0.973966539409155f,0.20022830966299088f,-0.12294500403172093f,0.9748332051691313f,-0.18596975045237468f,0.7552304857694836f,0.9803978244298481f,0.14837679678839358f,0.12963190976004552f,-0.16357988123330158f,0f,0f,0f,1f],start_interpolation:0}
execute if entity @s[tag=aj.axia.bone.leg_right_2] run data modify entity @s {} merge value {transformation:[0.04544845512225708f,-0.07340296082455822f,-0.9962662511945235f,0.5513923652790692f,-0.09947825988861557f,0.9920071010991932f,-0.07762723219533746f,0.880296871851762f,0.9940012644541925f,0.10263487083328048f,0.03778319140176787f,0.07238411494704591f,0f,0f,0f,1f],start_interpolation:0}
execute if entity @s[tag=aj.axia.bone.leg_right_1] run data modify entity @s {} merge value {transformation:[0.04544845512225708f,-0.7947365215270917f,0.6052506086556373f,0.25090643263332557f,-0.09947825988861557f,-0.6064656725037934f,-0.788862132367916f,0.7601781896306954f,0.9940012644541925f,-0.024356712125016937f,-0.1066219341314246f,0.07410184308111618f,0f,0f,0f,1f],start_interpolation:0}
execute if entity @s[tag=aj.axia.bone.coat_downer] run data modify entity @s {} merge value {transformation:[0.12889002913223646f,-0.20474055949482772f,-0.9702930813357562f,0.18317923968999533f,-0.0809109346687959f,0.973020936136813f,-0.21606406108018494f,0.794216447820382f,0.988352559080672f,0.10635582324059645f,0.10884694677161119f,-0.02378730976213286f,0f,0f,0f,1f],start_interpolation:0}
execute if entity @s[tag=aj.axia.bone.body_2] run data modify entity @s {} merge value {transformation:[0.12889002913223646f,-0.5606937758706977f,-0.8179302232404371f,0.056892270791290764f,-0.0809109346687959f,0.8161139784467344f,-0.5721987371839131f,0.9771990315566742f,0.988352559080672f,0.1399302107613042f,0.059822696988550556f,-0.00024315766297170548f,0f,0f,0f,1f],start_interpolation:0}