# This file was generated by Animated Java via MC-Build. It is not recommended to edit this file directly.
$data merge entity $(bone_head) { transformation: [-0.8207558104264997f,-0.19442560624623068f,-0.5371764917482201f,0f,0f,0.9403046917813633f,-0.3403337870590508f,1.709341725722797f,0.5712791783805355f,-0.27933093321317104f,-0.7717605393508529f,0f,0f,0f,0f,1f], start_interpolation: 0, interpolation_duration: 1 }
$data merge entity $(bone_bust) { transformation: [-0.2597665400441276f,-0.4828357237905825f,-0.8362960053145819f,0.06940763529489624f,0f,0.8660254037844387f,-0.49999999999999994f,1.599966725722797f,0.9656714475811651f,-0.12988327002206376f,-0.22496442273140216f,0.018670720065671664f,0f,0f,0f,1f], start_interpolation: 0, interpolation_duration: 1 }
$data merge entity $(bone_left_wing) { transformation: [0.2595572083946163f,0f,-0.96572773366534f,-0.1044735221948877f,0f,1f,0f,1.490591725722797f,0.96572773366534f,0f,0.2595572083946163f,-0.09282528297933879f,0f,0f,0f,1f], start_interpolation: 0, interpolation_duration: 1 }
$data merge entity $(bone_right_wing) { transformation: [-0.7090319906659244f,0f,-0.7051763156915558f,-0.13694433970040365f,0f,1f,0f,1.490591725722797f,0.7051763156915558f,0f,-0.7090319906659244f,0.027883647968306835f,0f,0f,0f,1f], start_interpolation: 0, interpolation_duration: 1 }
$data merge entity $(bone_body) { transformation: [-0.2597665400441276f,0f,-0.9656714475811651f,0.6127189938126463f,0f,1f,0f,0.42809172572279697f,0.9656714475811651f,0f,-0.2597665400441276f,-0.35295245376851875f,0f,0f,0f,1f], start_interpolation: 0, interpolation_duration: 1 }
$data merge entity $(bone_right_ring) { transformation: [-0.3775153103829164f,-0.22100636506362126f,0.899243224621601f,-0.0026394956651940304f,-0.21578207315698542f,-0.9233720883076388f,-0.3175249335697314f,2.0627825795203587f,0.900511125600658f,-0.31391109113211385f,0.3008978888820622f,0.478244505398155f,0f,0f,0f,1f], start_interpolation: 0, interpolation_duration: 1 }
$data merge entity $(bone_sword) { transformation: [-0.00000498991825421182f,-0.0000022100636506362127f,0.00000837951874969083f,0.04320515019445312f,-0.0000016949116721718192f,-0.000009233720883076389f,-0.0000034446586299624263f,2.2540913457528013f,0.000008498705209608075f,-0.0000031391109113211386f,0.0000042329649711053786f,0.5800850181306823f,0f,0f,0f,1f], start_interpolation: 0, interpolation_duration: 1 }
$data merge entity $(bone_right_hand) { transformation: [-0.4989918254211819f,-0.22100636506362126f,0.8379518749690829f,0.04138624807196667f,-0.1694911672171819f,-0.9233720883076388f,-0.3444658629962426f,1.8862120160663922f,0.8498705209608075f,-0.31391109113211385f,0.42329649711053785f,0.46887994401287514f,0f,0f,0f,1f], start_interpolation: 0, interpolation_duration: 1 }
$data merge entity $(bone_right_arm) { transformation: [-0.4989918254211819f,-0.1472525547803521f,0.8540045920681547f,-0.08929474814016886f,-0.1694911672171819f,-0.9498437906301311f,-0.26281080197879925f,1.584341725722797f,0.8498705209608075f,-0.2758866769382707f,0.4490062795660703f,0.3319495601060255f,0f,0f,0f,1f], start_interpolation: 0, interpolation_duration: 1 }
$data merge entity $(bone_left_ring) { transformation: [-0.4411815655356732f,-0.14933484391648896f,-0.8849056054879134f,0.11365035955208737f,-0.886582931547867f,0.22529146351276266f,0.4039980964760448f,1.515482602050157f,0.13903068625121057f,0.962778718533348f,-0.23179216427610755f,-0.8373067546719009f,0f,0f,0f,1f], start_interpolation: 0, interpolation_duration: 1 }
$data merge entity $(bone_left_hand) { transformation: [-0.3137329596946965f,-0.14933484391648896f,-0.9376943715271219f,0.0024079428594682983f,-0.9341804352716809f,0.22529146351276266f,0.2766779189308214f,1.5766229481237908f,0.16993688345035224f,0.962778718533348f,-0.21018704713294292f,-0.7065776155697786f,0f,0f,0f,1f], start_interpolation: 0, interpolation_duration: 1 }
$data merge entity $(bone_left_arm) { transformation: [-0.3137329596946965f,-0.005675426768536523f,-0.949494296734952f,0.08929474814016886f,-0.9341804352716809f,0.18081477767761367f,0.3075921496543886f,1.615591725722797f,0.16993688345035224f,0.9835007909017615f,-0.06202942800632025f,-0.3319495601060255f,0f,0f,0f,1f], start_interpolation: 0, interpolation_duration: 1 }
$data merge entity $(bone_leftfoot) { transformation: [-0.2597665400441276f,-0.2031181143157909f,-0.9440679934783829f,0.2576572891453559f,0f,0.9776285669863235f,-0.21033873873413736f,0.5725831587877179f,0.9656714475811651f,-0.05463896639821258f,-0.2539551902943359f,-0.06013355538989448f,0f,0f,0f,1f], start_interpolation: 0, interpolation_duration: 1 }
$data merge entity $(bone_leftleg) { transformation: [-0.2597665400441276f,-0.23127585267224743f,-0.93756750404663f,0.011346754589677963f,0f,0.9708969923415149f,-0.23949745356099347f,0.928091725722797f,0.9656714475811651f,-0.062213424860918395f,-0.25220655243980517f,-0.12639132401111092f,0f,0f,0f,1f], start_interpolation: 0, interpolation_duration: 1 }
$data merge entity $(bone_rightfoot) { transformation: [-0.2597665400441276f,0.02889511414722795f,-0.9652390465847936f,0.24151003452018685f,0f,0.9995522276262236f,0.0299223035118259f,0.6149517233994137f,0.9656714475811651f,0.007772813253417263f,-0.2596502237638644f,0.194410041348424f,0f,0f,0f,1f], start_interpolation: 0, interpolation_duration: 1 }
$data merge entity $(bone_rightleg) { transformation: [-0.2597665400441276f,-0.36954646409732506f,-0.8921640855507843f,-0.053594880421353935f,0f,0.9238795325112867f,-0.3826834323650897f,0.928091725722797f,0.9656714475811651f,-0.09940835115769027f,-0.23999298957804305f,0.11502653788418034f,0f,0f,0f,1f], start_interpolation: 0, interpolation_duration: 1 }
$data merge entity $(bone_skirt_right_back) { transformation: [-0.32549897607149925f,-0.09108722781980991f,-0.9411447994355108f,-0.2183224335998599f,0.22715312196561213f,0.9586669709421848f,-0.17134496784502387f,0.9120283038989645f,0.9178517722147086f,-0.26955659100203533f,-0.2913543692647841f,0.10632476905635732f,0f,0f,0f,1f], start_interpolation: 0, interpolation_duration: 1 }
$data merge entity $(bone_skirt_right) { transformation: [-0.32549897607149925f,-0.2561594350038935f,-0.9101828170400119f,0.043504605378152456f,0.22715312196561213f,0.9132292233126659f,-0.3382511564932499f,0.9571831502670748f,0.9178517722147086f,-0.31685127354364756f,-0.23906776172476155f,0.22204864951963413f,0f,0f,0f,1f], start_interpolation: 0, interpolation_duration: 1 }
$data merge entity $(bone_skirt_left_back) { transformation: [-0.17891412880811106f,-0.34711945825420487f,-0.9205964459056651f,-0.13661098569247745f,-0.22715312196561216f,0.9249879011691357f,-0.30462902335790837f,0.9185085450617986f,0.9572832358785515f,0.15461392043417274f,-0.24434267313317368f,-0.20017454353787456f,0f,0f,0f,1f], start_interpolation: 0, interpolation_duration: 1 }
$data merge entity $(bone_skirt_left) { transformation: [-0.17891412880811106f,-0.3593330501738014f,-0.915898189519789f,0.14903476227107929f,-0.22715312196561216f,0.9208543958954121f,-0.31690478182156123f,0.9571831502670748f,0.9572832358785515f,0.1513503901973428f,-0.24637748617315203f,-0.1702553760602142f,0f,0f,0f,1f], start_interpolation: 0, interpolation_duration: 1 }
$data merge entity $(bone_skirt_back_middle) { transformation: [-0.2597665400441276f,-0.18359185308425136f,-0.9480587408776915f,-0.12320966384577675f,0f,0.9817611810439354f,-0.19011834050195459f,0.9471388140960153f,0.9656714475811651f,-0.049386383511124086f,-0.25502870514941944f,-0.03314351703924368f,0f,0f,0f,1f], start_interpolation: 0, interpolation_duration: 1 }
$data merge entity $(bone_skirt_front_middle) { transformation: [-0.2597665400441276f,-0.3846871654568641f,-0.8857410058286035f,0.1630085203791573f,0f,0.9172281194056497f,-0.3983623689200265f,1.0461715584152531f,0.9656714475811651f,-0.10348121425813758f,-0.23826517500918754f,0.043849447389866326f,0f,0f,0f,1f], start_interpolation: 0, interpolation_duration: 1 }
$data merge entity $(bone_lower) { transformation: [-0.2597665400441276f,0f,-0.9656714475811651f,0f,0f,1f,0f,1.021841725722797f,0.9656714475811651f,0f,-0.2597665400441276f,0f,0f,0f,0f,1f], start_interpolation: 0, interpolation_duration: 1 }
data modify entity @s data merge value {"locators":{"locator_right_hand":{"posx":0.04392504996453753,"posy":2.317184380381345,"posz":0.5930904535590873,"roty":116.80090140990117,"rotx":-20.149193476207685},"locator_left_hand":{"posx":0.16545493939405917,"posy":1.4813125165394327,"posz":-1.1133987968672285,"roty":282.63418638712665,"rotx":16.062032163096667}},"cameras":{}}