# This file was generated by Animated Java via MC-Build. It is not recommended to edit this file directly.
$data merge entity $(bone_head) { transformation: [-0.7982239539679723f,-0.10873953572906714f,-0.5924645412859432f,0f,6.938893903907228e-18f,0.9835708976562771f,-0.18052226811012864f,1.730188805819765f,0.6023607883251832f,-0.14409719863013326f,-0.7851098509350214f,0f,0f,0f,0f,1f], start_interpolation: 0, interpolation_duration: 1 }
$data merge entity $(bone_bust) { transformation: [-0.3683913713638126f,-0.46483540030442205f,-0.8051185304838767f,0.06682008879376067f,0f,0.8660254037844387f,-0.49999999999999994f,1.620813805819765f,0.9296708006088442f,-0.18419568568190628f,-0.31903628613604895f,0.026478129816774f,0f,0f,0f,1f], start_interpolation: 0, interpolation_duration: 1 }
$data merge entity $(bone_left_wing) { transformation: [0.22647802962494562f,0f,-0.9740162740412515f,-0.09318438936586726f,0f,1f,0f,1.511438805819765f,0.9740162740412515f,0f,0.22647802962494562f,-0.1041533464585293f,0f,0f,0f,1f], start_interpolation: 0, interpolation_duration: 1 }
$data merge entity $(bone_right_wing) { transformation: [-0.8321738141921653f,0f,-0.5545148717328179f,-0.13923331078634382f,0f,1f,0f,1.511438805819765f,0.5545148717328179f,0f,-0.8321738141921653f,0.01205550361757618f,0f,0f,0f,1f], start_interpolation: 0, interpolation_duration: 1 }
$data merge entity $(bone_body) { transformation: [-0.3683913713638126f,0f,-0.9296708006088442f,0.6490310859863284f,0f,1f,0f,0.448938805819765f,0.9296708006088442f,0f,-0.3683913713638126f,-0.2806397146225158f,0f,0f,0f,1f], start_interpolation: 0, interpolation_duration: 1 }
$data merge entity $(bone_right_ring) { transformation: [0.4658381747044703f,-0.7416912148724665f,0.48258567816400405f,0.24144485194193627f,-0.8830369628049132f,-0.4247382746795735f,0.1996074155498568f,1.6363955381125352f,0.056925541791724474f,-0.5191257456563136f,-0.8528000603239277f,0.554553518958238f,0f,0f,0f,1f], start_interpolation: 0, interpolation_duration: 1 }
$data merge entity $(bone_sword) { transformation: [-0.0000052863537185851566f,-0.000007416912148724665f,0.000004128423251085253f,0.39362061115453045f,-0.0000010621144851167306f,-0.000004247382746795735f,-0.000008990642503332402f,1.7119400490212453f,0.00000842177992959363f,-0.000005191257456563137f,0.000001457555774977935f,0.6967077689989398f,0f,0f,0f,1f], start_interpolation: 0, interpolation_duration: 1 }
$data merge entity $(bone_right_hand) { transformation: [-0.5286353718585156f,-0.7416912148724665f,0.41284232510852525f,0.16425956759703764f,-0.10621144851167305f,-0.4247382746795735f,-0.8990642503332401f,1.4857429092251107f,0.842177992959363f,-0.5191257456563136f,0.1457555774977935f,0.48710470658985716f,0f,0f,0f,1f], start_interpolation: 0, interpolation_duration: 1 }
$data merge entity $(bone_right_arm) { transformation: [-0.5286353718585156f,-0.8487971208554544f,-0.009385693767618476f,-0.12663453390631058f,-0.10621144851167305f,0.07711103859334356f,-0.9913490888340534f,1.605188805819765f,0.842177992959363f,-0.5230653260870448f,-0.130915594259784f,0.3195743377092902f,0f,0f,0f,1f], start_interpolation: 0, interpolation_duration: 1 }
$data merge entity $(bone_left_ring) { transformation: [-0.8704419284523577f,-0.11078481630250885f,0.47964317327463346f,0.18226778042078567f,0.4212253163928028f,0.3366140814253599f,0.8421758682222759f,1.4590343058316182f,-0.25475494503919616f,0.9351030342496919f,-0.24633764088156637f,-0.8163113278619316f,0f,0f,0f,1f], start_interpolation: 0, interpolation_duration: 1 }
$data merge entity $(bone_left_hand) { transformation: [-0.38602968064068444f,-0.11078481630250885f,-0.9158099203116717f,0.07910047284429944f,-0.8815923757098096f,0.3366140814253599f,0.3308864507296951f,1.5426508608102396f,0.27161732042486697f,0.9351030342496919f,-0.22761007574849262f,-0.6915399233618384f,0f,0f,0f,1f], start_interpolation: 0, interpolation_duration: 1 }
$data merge entity $(bone_left_arm) { transformation: [-0.38602968064068444f,-0.10243777907533694f,-0.9167811009628f,0.12663453390631058f,-0.8815923757098096f,0.3335859517311095f,0.33393906015616626f,1.636438805819765f,0.27161732042486697f,0.9371376175491848f,-0.21908244343044186f,-0.3195743377092902f,0f,0f,0f,1f], start_interpolation: 0, interpolation_duration: 1 }
$data merge entity $(bone_leftfoot) { transformation: [-0.3683913713638126f,-0.06695485566011541f,-0.9272566229519327f,0.24399206082819494f,0f,0.997403190833432f,-0.07201996192229172f,0.5797263787465101f,0.9296708006088442f,-0.026531532538122612f,-0.3674347292737705f,-0.037771897414247343f,0f,0f,0f,1f], start_interpolation: 0, interpolation_duration: 1 }
$data merge entity $(bone_leftleg) { transformation: [-0.3683913713638126f,-0.17184357156979493f,-0.9136506905895854f,0.02571237265715811f,0f,0.9827679754932959f,-0.18484346443628655f,0.948938805819765f,0.9296708006088442f,-0.06809473735132172f,-0.36204324222441303f,-0.12426741132468892f,0f,0f,0f,1f], start_interpolation: 0, interpolation_duration: 1 }
$data merge entity $(bone_rightfoot) { transformation: [-0.3683913713638126f,0.10559623866138929f,-0.9236542815822683f,0.21771780658234108f,0f,0.9935283338762112f,0.11358454905998339f,0.6357988034963817f,0.9296708006088442f,0.04184356779394749f,-0.3660072654054613f,0.22072905936467008f,0f,0f,0f,1f], start_interpolation: 0, interpolation_duration: 1 }
$data merge entity $(bone_rightleg) { transformation: [-0.3683913713638126f,-0.3557696129465934f,-0.8589038246558927f,-0.06638547018379504f,0f,0.9238795325112867f,-0.3826834323650897f,0.948938805819765f,0.9296708006088442f,-0.14097727444718625f,-0.340349247956791f,0.10815028882752213f,0f,0f,0f,1f], start_interpolation: 0, interpolation_duration: 1 }
$data merge entity $(bone_skirt_right_back) { transformation: [-0.4042055170191936f,-0.06655199404034734f,-0.9122437898393716f,-0.2340652498929222f,0.17919351996667632f,0.9722606690540154f,-0.15032921809345898f,0.937566110471963f,0.8969434666762441f,-0.22423207509161563f,-0.38106744033951434f,0.08527219694650057f,0f,0f,0f,1f], start_interpolation: 0, interpolation_duration: 1 }
$data merge entity $(bone_skirt_right) { transformation: [-0.4042055170191936f,-0.23514860623352174f,-0.8839247892200321f,0.016603962557957153f,0.17919351996667632f,0.9273032692807254f,-0.328630992426507f,0.9776369202608314f,0.8969434666762441f,-0.291228054568427f,-0.3326839909269615f,0.22507080613886782f,0f,0f,0f,1f], start_interpolation: 0, interpolation_duration: 1 }
$data merge entity $(bone_skirt_left_back) { transformation: [-0.31988096742963246f,-0.24631131525072228f,-0.9148808133608124f,-0.11547745373539806f,-0.17919351996667632f,0.9639169994472419f,-0.19685959610488513f,0.9625772281204197f,0.9303579145029266f,0.10096907524626245f,-0.3524760938924508f,-0.21878893222046203f,0f,0f,0f,1f], start_interpolation: 0, interpolation_duration: 1 }
$data merge entity $(bone_skirt_left) { transformation: [-0.31988096742963246f,-0.2922613508078713f,-0.9012543866746173f,0.16626295717450604f,-0.17919351996667632f,0.9527285878147431f,-0.2453526449062204f,0.9776369202608314f,0.9303579145029266f,0.08301530451961178f,-0.35713108256952564f,-0.15260795660847515f,0f,0f,0f,1f], start_interpolation: 0, interpolation_duration: 1 }
$data merge entity $(bone_skirt_back_middle) { transformation: [-0.3683913713638126f,-0.07724589545713104f,-0.9264560805239045f,-0.11997201158268242f,0f,0.9965420877123017f,-0.08308951448893787f,0.9845556477173741f,0.9296708006088442f,-0.030609460188533194f,-0.3671175063140917f,-0.04754011187968371f,0f,0f,0f,1f], start_interpolation: 0, interpolation_duration: 1 }
$data merge entity $(bone_skirt_front_middle) { transformation: [-0.3683913713638126f,-0.30577870662497975f,-0.8779448616396385f,0.1616699842531355f,0f,0.9443610158183626f,-0.3289107353105253f,1.061228349250568f,0.9296708006088442f,-0.12116787683732438f,-0.3478944496798497f,0.06406335142329304f,0f,0f,0f,1f], start_interpolation: 0, interpolation_duration: 1 }
$data merge entity $(bone_lower) { transformation: [-0.3683913713638126f,0f,-0.9296708006088442f,0f,0f,1f,0f,1.042688805819765f,0.9296708006088442f,0f,-0.3683913713638126f,0f,0f,0f,0f,1f], start_interpolation: 0, interpolation_duration: 1 }
data modify entity @s data merge value {"locators":{"locator_right_hand":{"posx":0.4335256507542389,"posy":1.7525340701001755,"posz":0.7268756972040563,"roty":109.44577588661751,"rotx":-64.03533842680957},"locator_left_hand":{"posx":0.22548943752588768,"posy":1.3919113571716673,"posz":-1.0877970975079345,"roty":283.9571717396919,"rotx":19.322588265291362}},"cameras":{}}