execute if entity @s[tag=aj.louvert.bone.head] run data modify entity @s {} merge value {transformation:[-0.9685086609375901f,0.03496224747661862f,-0.246512910291246f,0.000002237077512325103f,0.10371456004051871f,0.9567533023810996f,-0.271783753043595f,1.5625962670059184f,0.2263498701666909f,-0.2887918967600092f,-0.9302499538518012f,-0.004072721953317251f,0f,0f,0f,1f],start_interpolation:0}
execute if entity @s[tag=aj.louvert.bone.coat_0] run data modify entity @s {} merge value {transformation:[-0.4496999438539348f,-0.46258150168022577f,-0.7640604130571318f,0.1514123461423792f,0.30968320707310504f,0.7216230747057304f,-0.6191578549200228f,0.8713521021855261f,0.8377745948372294f,-0.5150519317073909f,-0.18126013320584558f,0.3607934123661041f,0f,0f,0f,1f],start_interpolation:0}
execute if entity @s[tag=aj.louvert.bone.coat_1] run data modify entity @s {} merge value {transformation:[-0.04714848530998106f,-0.6434195408378108f,-0.7640604130571318f,0.29630510559507117f,-0.22661927137913143f,0.7518558748393387f,-0.6191578549200228f,0.8321751620217385f,0.9728415730079414f,0.1439584590693893f,-0.18126013320584558f,-0.1161460550902884f,0f,0f,0f,1f],start_interpolation:0}
execute if entity @s[tag=aj.louvert.bone.coat_2] run data modify entity @s {} merge value {transformation:[-0.28978551890538407f,-0.280314023267613f,-0.9151220691209787f,0.1283511742365837f,0.07835388032757508f,0.9459911213280501f,-0.31458141681623614f,0.7743689002386294f,0.953878934912785f,-0.16286450419911197f,-0.2521708365406835f,0.09966616198717715f,0f,0f,0f,1f],start_interpolation:0}
execute if entity @s[tag=aj.louvert.bone.right_leg_1] run data modify entity @s {} merge value {transformation:[-0.47362701042243366f,-0.1515364703745405f,-0.8675910056845528f,0.42742812111186185f,0.15600333539726102f,0.9550752448671739f,-0.2519806262132816f,0.6001421900757486f,0.8667989468978591f,-0.25469192132522356f,-0.4287092381421569f,0.41963209220582753f,0f,0f,0f,1f],start_interpolation:0}
execute if entity @s[tag=aj.louvert.bone.right_leg_0] run data modify entity @s {} merge value {transformation:[-0.47362701042243366f,-0.5939608704021024f,-0.6502983464760499f,0.18763553600555216f,0.15600333539726102f,0.6701131998532379f,-0.7256798596677353f,0.8615578671445792f,0.8667989468978591f,-0.44515029351178814f,-0.2247238346129117f,0.24155854550200595f,0f,0f,0f,1f],start_interpolation:0}
execute if entity @s[tag=aj.louvert.bone.left_leg_1] run data modify entity @s {} merge value {transformation:[-0.13072822614767274f,0.0935498932851695f,-0.9869947053326154f,0.5944941987900053f,-0.1265436276560623f,0.9858208733061149f,0.11019943762838547f,0.7460128409104237f,0.9833091279897317f,0.13930406749374535f,-0.11703647120351526f,0.03519919593940823f,0f,0f,0f,1f],start_interpolation:0}
execute if entity @s[tag=aj.louvert.bone.left_leg_0] run data modify entity @s {} merge value {transformation:[-0.13072822614767274f,-0.8954756934463259f,-0.4254802149749204f,0.2600819157318982f,-0.1265436276560623f,0.4407241947357443f,-0.8886781726104076f,0.8419693970626854f,0.9833091279897317f,-0.062333511222706306f,-0.17093183492469144f,0.0030888117738097215f,0f,0f,0f,1f],start_interpolation:0}
execute if entity @s[tag=aj.louvert.bone.body_1] run data modify entity @s {} merge value {transformation:[-0.28978551890538407f,-0.5763992004086249f,-0.7640604130571318f,0.0437339757410299f,0.07835388032757508f,0.7813476947738746f,-0.6191578549200228f,1.095934786720468f,0.953878934912785f,-0.23929007844005945f,-0.18126013320584558f,0.04754552912538927f,0f,0f,0f,1f],start_interpolation:0}
execute if entity @s[tag=aj.louvert.locator_origin.locator] at @s on origin run tp @s ^1.27646 ^1.48729 ^0.3341 ~-103.65823 ~2.89911
execute if entity @s[tag=aj.louvert.bone.sword_0] run data modify entity @s {} merge value {transformation:[0.143385167519761f,-0.1939418701557414f,-0.9704778435058802f,0.41970881318606973f,0.9072084604902937f,0.4176298944170749f,0.050577470320429425f,1.542552303477208f,0.3954914701357808f,-0.8876777694015305f,0.23582763782085087f,0.5179509673028387f,0f,0f,0f,1f],start_interpolation:0}
execute if entity @s[tag=aj.louvert.bone.right_arm_1] run data modify entity @s {} merge value {transformation:[0.9993689360065908f,-0.028690714123903633f,0.020942126637828573f,0.04518978861522521f,0.03048295804906212f,0.995385723571599f,-0.09098379294370638f,1.5209893414653275f,-0.018235103883266657f,0.09156475431575485f,0.9956321493169362f,0.5212423131800734f,0f,0f,0f,1f],start_interpolation:0}
execute if entity @s[tag=aj.louvert.bone.right_arm_0] run data modify entity @s {} merge value {transformation:[0.6679385412723731f,-0.028690714123903633f,-0.7436631952745778f,-0.08705738686156439f,-0.04905851319477245f,0.995385723571599f,-0.08246528719990281f,1.5391267041503174f,0.742597715702151f,0.09156475431575485f,0.6634489644283444f,0.28263589798852107f,0f,0f,0f,1f],start_interpolation:0}
execute if entity @s[tag=aj.louvert.locator_origin.locator2] at @s on origin run tp @s ^1.05962 ^0.92006 ^0.16235 ~-50.49883 ~1.38699
execute if entity @s[tag=aj.louvert.bone.sword_1] run data modify entity @s {} merge value {transformation:[-0.6157308805220216f,0.16074794834140382f,-0.7713854936901556f,0.3868311545211136f,0.22403014101019816f,0.9742815852527215f,0.02420513491792886f,0.9666703220339521f,0.7554376074107818f,-0.15790975188845616f,-0.635907643898074f,-0.3998414319877666f,0f,0f,0f,1f],start_interpolation:0}
execute if entity @s[tag=aj.louvert.bone.left_arm_1] run data modify entity @s {} merge value {transformation:[-0.6338489860879316f,0.2719171292519531f,-0.7240832394515686f,0.1481910422791095f,0.7660075626712941f,0.3503060842116392f,-0.5389972739213915f,1.2516778143699843f,0.1070881728562243f,-0.8962961130026642f,-0.43033173372484496f,-0.3492260173855283f,0f,0f,0f,1f],start_interpolation:0}
execute if entity @s[tag=aj.louvert.bone.left_arm_0] run data modify entity @s {} merge value {transformation:[-0.22788648557553454f,0.2719171292519531f,-0.9349485678428564f,0.07697651553675497f,0.9283382501565497f,0.3503060842116392f,-0.12439349123078527f,1.541783517543906f,0.293693450707208f,-0.8962961130026642f,-0.3322610943640682f,-0.2574468140395258f,0f,0f,0f,1f],start_interpolation:0}
execute if entity @s[tag=aj.louvert.bone.wing_0] run data modify entity @s {} merge value {transformation:[-0.6680541942992552f,0.021963690966204232f,-0.7437884038880371f,-0.4859675631894677f,0.07060764036481908f,0.9969252496607959f,-0.03397951899118273f,1.2194801207275203f,0.7407551245865837f,-0.07521730431158016f,-0.6675508988315526f,-0.12352449419438714f,0f,0f,0f,1f],start_interpolation:0}
execute if entity @s[tag=aj.louvert.bone.wing_1] run data modify entity @s {} merge value {transformation:[0.1431277085411884f,0.021963690966204232f,-0.9894604869962669f,-0.24675767244079402f,0.07132501107071108f,0.9969252496607959f,0.03244671608225891f,1.21969166658127f,0.9871307926731449f,-0.07521730431158016f,0.14112106606948355f,-0.05087063389529937f,0f,0f,0f,1f],start_interpolation:0}
execute if entity @s[tag=aj.louvert.bone.body_0] run data modify entity @s {} merge value {transformation:[-0.28978551890538407f,0.021963690966204232f,-0.9568395629946946f,-0.006078750000000001f,0.07835388032757508f,0.9969252496607959f,-0.00084618341499898f,1.4173728115889213f,0.953878934912785f,-0.07521730431158016f,-0.2906154411963512f,0.00955625f,0f,0f,0f,1f],start_interpolation:0}