execute if entity @s[tag=aj.louvert.bone.head] run data modify entity @s {} merge value {transformation:[-0.9964114029925815f,0.0010868727246984506f,0.08463530406417631f,-0.001171052565385495f,-0.003636270411454956f,0.9984447377656174f,-0.05563167412223338f,1.5478574349144536f,-0.08456413852130258f,-0.05573979131489372f,-0.9948577698044692f,0.0025365615850856064f,0f,0f,0f,1f],start_interpolation:0}
execute if entity @s[tag=aj.louvert.bone.coat_0] run data modify entity @s {} merge value {transformation:[-0.9469621646231164f,0.32006094551012115f,0.028699301933477882f,-0.2644051956116118f,0.28892038943735254f,0.8871038594353805f,-0.35996076333709076f,0.7369248996519149f,-0.14066864376850374f,-0.33257741013788034f,-0.9325259239969204f,0.17651896249832044f,0f,0f,0f,1f],start_interpolation:0}
execute if entity @s[tag=aj.louvert.bone.coat_1] run data modify entity @s {} merge value {transformation:[-0.9311463141719216f,-0.3635146374942498f,0.028699301933477882f,0.23528382970239503f,-0.3488935105179169f,0.8652754285060121f,-0.35996076333709076f,0.732529400887745f,0.10601820561832254f,-0.3451891382288283f,-0.9325259239969204f,0.19359401949242752f,0f,0f,0f,1f],start_interpolation:0}
execute if entity @s[tag=aj.louvert.bone.coat_2] run data modify entity @s {} merge value {transformation:[-0.9993780506280137f,0.009439064415751854f,0.033976697689837104f,-0.010973270212923675f,0.008790997528339724f,0.9997775328454948f,-0.019172980462933753f,0.6897320548526935f,-0.034150113988214145f,-0.01886236677436326f,-0.9992387006287644f,0.06849075049575894f,0f,0f,0f,1f],start_interpolation:0}
execute if entity @s[tag=aj.louvert.bone.right_leg_1] run data modify entity @s {} merge value {transformation:[-0.968742190798613f,0.048365321253208804f,0.24330919314069846f,-0.22058568856618993f,0.1444940092087597f,0.9072642072745842f,0.39495966819562595f,0.5875557218066247f,-0.20164337100307234f,0.41777081503917196f,-0.8858936149628934f,0.46417658394887873f,0f,0f,0f,1f],start_interpolation:0}
execute if entity @s[tag=aj.louvert.bone.right_leg_0] run data modify entity @s {} merge value {transformation:[-0.968742190798613f,0.24750191086525078f,0.01677414333887884f,-0.13948293928311012f,0.1444940092087597f,0.6179389741841516f,-0.772834332497604f,0.7358260249608723f,-0.20164337100307234f,-0.7462534611660356f,-0.6343860990187518f,0.18078772674684723f,0f,0f,0f,1f],start_interpolation:0}
execute if entity @s[tag=aj.louvert.bone.left_leg_1] run data modify entity @s {} merge value {transformation:[-0.9706284098212923f,-0.23396679623697517f,-0.05603595547855975f,0.20889285864294233f,-0.23296757126519493f,0.9721923006170372f,-0.02383781365285703f,0.35659911549993384f,0.06005498136362788f,-0.010083098708124294f,-0.9981441430644457f,0.31923449576767365f,0f,0f,0f,1f],start_interpolation:0}
execute if entity @s[tag=aj.louvert.bone.left_leg_0] run data modify entity @s {} merge value {transformation:[-0.9706284098212923f,-0.23964933762628166f,0.021182186456403778f,0.1103615733738933f,-0.23296757126519493f,0.9142734799061016f,-0.3314062683160704f,0.7336282755787874f,0.06005498136362788f,-0.32660710175327096f,-0.9432503380851464f,0.18932525524390076f,0f,0f,0f,1f],start_interpolation:0}
execute if entity @s[tag=aj.louvert.bone.body_1] run data modify entity @s {} merge value {transformation:[-0.9993780506280137f,0.02049053419221587f,0.028699301933477882f,-0.008157391019540952f,0.008790997528339724f,0.9329260245165398f,-0.35996076333709076f,1.0262665329312486f,-0.034150113988214145f,-0.35948459047403136f,-0.9325259239969204f,0.07271755647223918f,0f,0f,0f,1f],start_interpolation:0}
execute if entity @s[tag=aj.louvert.locator_origin.locator] at @s on origin run tp @s ^-0.34484 ^3.00508 ^-0.0848 ~-85.07471 ~-80.79982
execute if entity @s[tag=aj.louvert.bone.sword_0] run data modify entity @s {} merge value {transformation:[0.07362613535644338f,0.9844819145866347f,-0.15929391716041366f,-0.45900239300051354f,0.0019872138154510693f,-0.15987193968859187f,-0.9871357626392934f,2.1346037572605296f,-0.9972839330770986f,0.07236244020236803f,-0.0137271291329377f,-0.094967222603061f,0f,0f,0f,1f],start_interpolation:0}
execute if entity @s[tag=aj.louvert.bone.right_arm_1] run data modify entity @s {} merge value {transformation:[-0.26262103455571617f,0.9643162109598103f,0.03353263319513913f,-0.37065199802373955f,0.9624009882768769f,0.2642819818079568f,-0.06276441551826518f,1.7711138563621207f,-0.06938681411173125f,0.015788583589836258f,-0.9974648819159755f,-0.06651386241100422f,0f,0f,0f,1f],start_interpolation:0}
execute if entity @s[tag=aj.louvert.bone.right_arm_0] run data modify entity @s {} merge value {transformation:[-0.26262103455571617f,0.9643162109598103f,0.03353263319513913f,-0.29837291712319647f,0.9624009882768769f,0.2642819818079568f,-0.06276441551826518f,1.5036864973445063f,-0.06938681411173125f,0.015788583589836258f,-0.9974648819159755f,-0.00467531941451328f,0f,0f,0f,1f],start_interpolation:0}
execute if entity @s[tag=aj.louvert.locator_origin.locator2] at @s on origin run tp @s ^0.33768 ^1.39737 ^0.97091 ~12.769 ~-31.24388
execute if entity @s[tag=aj.louvert.bone.sword_1] run data modify entity @s {} merge value {transformation:[-0.914440765827839f,0.3578967665300857f,0.18896557966863953f,0.5128363894843441f,0.2165272780699002f,0.827094342767116f,-0.518681873612596f,0.9637119106078811f,-0.3419269273453551f,-0.4333876471127693f,-0.8338231968986124f,0.22785296181495276f,0f,0f,0f,1f],start_interpolation:0}
execute if entity @s[tag=aj.louvert.bone.left_arm_1] run data modify entity @s {} merge value {transformation:[-0.3202561505076032f,0.9249908236010668f,0.20451888498589f,0.3825721753873085f,0.7896293532987418f,0.3799214119880034f,-0.4818144924367187f,1.2571201498551465f,-0.5233750877440217f,0.007190060282229856f,-0.8520720747460719f,0.03373152116140897f,0f,0f,0f,1f],start_interpolation:0}
execute if entity @s[tag=aj.louvert.bone.left_arm_0] run data modify entity @s {} merge value {transformation:[-0.3785069864148092f,0.9249908236010668f,0.03353263319513913f,0.2642887421326806f,0.922886964290694f,0.3799214119880034f,-0.06276441551826518f,1.5455223261959883f,-0.07079627375425275f,0.007190060282229856f,-0.9974648819159755f,0.011607685613204988f,0f,0f,0f,1f],start_interpolation:0}
execute if entity @s[tag=aj.louvert.bone.wing_0] run data modify entity @s {} merge value {transformation:[-0.8784168570381513f,0.010912123255881406f,0.47777060482753064f,0.01184422166297484f,-0.02026379247995683f,0.9979896525050284f,-0.06005024735354525f,1.1734162841067175f,-0.4774653955896126f,-0.06243059393391333f,-0.876429812908891f,-0.47473536270811945f,0f,0f,0f,1f],start_interpolation:0}
execute if entity @s[tag=aj.louvert.bone.wing_1] run data modify entity @s {} merge value {transformation:[-0.9084668700371942f,0.010912123255881406f,-0.41781439852029045f,0.0034610633641900534f,0.035982058874019174f,0.9979896525050284f,-0.05217226209471218f,1.189107387986284f,0.4164051362363465f,-0.06243059393391333f,-0.907033176602184f,-0.22536914222912557f,0f,0f,0f,1f],start_interpolation:0}
execute if entity @s[tag=aj.louvert.bone.body_0] run data modify entity @s {} merge value {transformation:[-0.9993780506280137f,0.010912123255881406f,0.03353263319513913f,-0.006078750000000001f,0.008790997528339724f,0.9979896525050284f,-0.06276441551826518f,1.4021206250000002f,-0.034150113988214145f,-0.06243059393391333f,-0.9974648819159755f,0.00955625f,0f,0f,0f,1f],start_interpolation:0}