execute if entity @s[tag=aj.louvert.bone.head] run data modify entity @s {} merge value {transformation:[-0.9685071186513102f,0.03498175631160588f,-0.24651620199713595f,0.000004216686670609725f,0.10373149728766397f,0.9567553704611363f,-0.271770008581214f,1.59284401421543f,0.22634870795345113f,-0.2887826826856644f,-0.9302530970594374f,-0.004072543954944071f,0f,0f,0f,1f],start_interpolation:0}
execute if entity @s[tag=aj.louvert.bone.coat_0] run data modify entity @s {} merge value {transformation:[-0.4751671039433303f,-0.5433046294595673f,-0.6921244851454909f,0.18404309139575786f,0.28653012033044717f,0.6481809273805197f,-0.7055224840666305f,0.943762120792681f,0.8319355224255833f,-0.5335555875332315f,-0.15232111323956476f,0.36724945791858865f,0f,0f,0f,1f],start_interpolation:0}
execute if entity @s[tag=aj.louvert.bone.coat_1] run data modify entity @s {} merge value {transformation:[-0.014769635426779837f,-0.7216270192637255f,-0.6921244851454909f,0.3289431256421012f,-0.19714786248997734f,0.6807134087059576f,-0.7055224840666305f,0.9045836864588328f,0.980262504732785f,0.12603055294834944f,-0.15232111323956476f,-0.10968767667941785f,0f,0f,0f,1f],start_interpolation:0}
execute if entity @s[tag=aj.louvert.bone.coat_2] run data modify entity @s {} merge value {transformation:[-0.2898000684926867f,-0.3844579712215938f,-0.8764747507291983f,0.16997754787574318f,0.0783568686676963f,0.9031682630244843f,-0.4220749812508786f,0.8359825931174281f,0.953874269196013f,-0.19099517540899372f,-0.23161330172565703f,0.1097407514646398f,0f,0f,0f,1f],start_interpolation:0}
execute if entity @s[tag=aj.louvert.bone.right_leg_1] run data modify entity @s {} merge value {transformation:[-0.481728520501628f,-0.2581416801670031f,-0.8374368665731582f,0.4887966514052051f,0.1322274009938565f,0.9232752645605637f,-0.3606642486815555f,0.7068378408702305f,0.8662872196689287f,-0.28447435527860465f,-0.4106346237558395f,0.43200799363918185f,0f,0f,0f,1f],start_interpolation:0}
execute if entity @s[tag=aj.louvert.bone.right_leg_0] run data modify entity @s {} merge value {transformation:[-0.481728520501628f,-0.6676689852855655f,-0.5675876660244267f,0.2202680999573437f,0.1322274009938565f,0.5848977006997071f,-0.8002565801932563f,0.9339675122092189f,0.8662872196689287f,-0.4605570603127688f,-0.19347776935435823f,0.24801517426908704f,0f,0f,0f,1f],start_interpolation:0}
execute if entity @s[tag=aj.louvert.bone.left_leg_1] run data modify entity @s {} merge value {transformation:[-0.10883450617584534f,-0.015132856329974631f,-0.9939446900732234f,0.6359186889713412f,-0.10661030596499826f,0.9942948451378061f,-0.0034646203883787474f,0.8570685431087038f,0.9883265112944759f,0.1055876772719358f,-0.10982690690722471f,0.04115787532680064f,0f,0f,0f,1f],start_interpolation:0}
execute if entity @s[tag=aj.louvert.bone.left_leg_0] run data modify entity @s {} merge value {transformation:[-0.10883450617584534f,-0.9391782324220495f,-0.32572887193194094f,0.29271811708051537f,-0.10661030596499826f,0.33681318722922227f,-0.9355164988232662f,0.9143782950422948f,0.9883265112944759f,-0.06709042147048801f,-0.13678297561978592f,0.009546606970083762f,0f,0f,0f,1f],start_interpolation:0}
execute if entity @s[tag=aj.louvert.bone.body_1] run data modify entity @s {} merge value {transformation:[-0.2898000684926867f,-0.661044338424983f,-0.6921244851454909f,0.04991675276112234f,0.0783568686676963f,0.7043424065105298f,-0.7055224840666305f,1.1442799056602975f,0.953874269196013f,-0.25869317158988214f,-0.15232111323956476f,0.04793927449774722f,0f,0f,0f,1f],start_interpolation:0}
execute if entity @s[tag=aj.louvert.locator_origin.locator] at @s on origin run tp @s ^1.12035 ^1.67337 ^-0.2704 ~-128.46057 ~-4.97798
execute if entity @s[tag=aj.louvert.bone.sword_0] run data modify entity @s {} merge value {transformation:[-0.06918244602651102f,-0.621839692881242f,-0.7800828068347309f,0.41955046406756247f,0.9962261451257826f,-0.001980035130574917f,-0.0867729636966782f,1.5971637461234642f,0.052414281733247504f,-0.7831420534093703f,0.6196299437988316f,0.2529984630497635f,0f,0f,0f,1f],start_interpolation:0}
execute if entity @s[tag=aj.louvert.bone.right_arm_1] run data modify entity @s {} merge value {transformation:[0.8119327406577327f,-0.028680151021445312f,0.5830460304173334f,0.11385597336361611f,0.0766284529084179f,0.9953860209324633f,-0.057747290300930856f,1.5582096601251842f,-0.5786996672306677f,0.09156483096486713f,0.8103842155900435f,0.4669464744712294f,0f,0f,0f,1f],start_interpolation:0}
execute if entity @s[tag=aj.louvert.bone.right_arm_0] run data modify entity @s {} merge value {transformation:[0.8715567610751698f,-0.028680151021445312f,-0.48945506551832363f,-0.08706034970208062f,-0.019952235311965046f,0.9953860209324633f,-0.09385402302668532f,1.5693753490690927f,0.48988847764589794f,0.09156483096486713f,0.8669631833014364f,0.28263464864019794f,0f,0f,0f,1f],start_interpolation:0}
execute if entity @s[tag=aj.louvert.locator_origin.locator2] at @s on origin run tp @s ^1.07597 ^0.99275 ^0.18392 ~-49.65544 ~-0.6981
execute if entity @s[tag=aj.louvert.bone.sword_1] run data modify entity @s {} merge value {transformation:[-0.6350282814988398f,0.12621279527356516f,-0.7621085303326973f,0.41042850756312443f,0.20897031364165183f,0.9778460836123495f,-0.012183791712782999f,1.0075203919000486f,0.7436870912642901f,-0.16699511092611047f,-0.6473346454606275f,-0.3885306719620851f,0f,0f,0f,1f],start_interpolation:0}
execute if entity @s[tag=aj.louvert.bone.left_arm_1] run data modify entity @s {} merge value {transformation:[-0.6638480032643886f,0.2719359329038134f,-0.6966754459270237f,0.16046718783239744f,0.7425752894016111f,0.35030328077638906f,-0.5708498498269159f,1.2838237670153583f,0.08881310788390609f,-0.8962915038496303f,-0.4344810375551167f,-0.34475764839427403f,0f,0f,0f,1f],start_interpolation:0}
execute if entity @s[tag=aj.louvert.bone.left_arm_0] run data modify entity @s {} merge value {transformation:[-0.2671514494475422f,0.2719359329038134f,-0.9244895626527161f,0.07698235988004051f,0.9222614526726879f,0.35030328077638906f,-0.16346689081083757f,1.5720304709755732f,0.2793992053892446f,-0.8962915038496303f,-0.34438005771941516f,-0.25744539671013505f,0f,0f,0f,1f],start_interpolation:0}
execute if entity @s[tag=aj.louvert.bone.wing_0] run data modify entity @s {} merge value {transformation:[-0.6988729658623947f,0.02197698250634408f,-0.714908098867691f,-0.4859677966683377f,0.0691180894604366f,0.99692502468394f,-0.03692133351146591f,1.2497338165592033f,0.7118983546097291f,-0.07521640378828051f,-0.6982429557862501f,-0.12353239913644316f,0f,0f,0f,1f],start_interpolation:0}
execute if entity @s[tag=aj.louvert.bone.wing_1] run data modify entity @s {} merge value {transformation:[0.1847613654447871f,0.02197698250634408f,-0.9825376583515228f,-0.2467590838591114f,0.06988869326390298f,0.99692502468394f,0.03544101737803097f,1.2499424267697645f,0.9802952659239166f,-0.07521640378828051f,0.18265728621743083f,-0.050874652144582894f,0f,0f,0f,1f],start_interpolation:0}
execute if entity @s[tag=aj.louvert.bone.body_0] run data modify entity @s {} merge value {transformation:[-0.2898000684926867f,0.02197698250634408f,-0.956834851236905f,-0.006078750000000001f,0.0783568686676963f,0.99692502468394f,-0.0008344408422447727f,1.447620625f,0.953874269196013f,-0.07521640378828051f,-0.290630987967441f,0.00955625f,0f,0f,0f,1f],start_interpolation:0}