execute if entity @s[tag=aj.frestchika_v2.bone.hair] run data modify entity @s {} merge value {transformation:[-0.9945218953682733f,0f,0.10452846326765375f,0.029398630294027617f,0f,1f,0f,1.4477031249999999f,-0.10452846326765375f,0f,-0.9945218953682733f,-0.27970928307232684f,0f,0f,0f,1f],start_interpolation:0}
execute if entity @s[tag=aj.frestchika_v2.bone.side_hair_2] run data modify entity @s {} merge value {transformation:[-0.9945218953682733f,0f,0.10452846326765375f,0.4843174780511508f,0f,1f,0f,1.77768625f,-0.10452846326765375f,0f,-0.9945218953682733f,0.054674474204730567f,0f,0f,0f,1f],start_interpolation:0}
execute if entity @s[tag=aj.frestchika_v2.bone.side_hair_1] run data modify entity @s {} merge value {transformation:[-0.9945218953682733f,0f,0.10452846326765375f,0.32691511924739874f,0f,1f,0f,2.16497125f,-0.10452846326765375f,0f,-0.9945218953682733f,0.038130819653648555f,0f,0f,0f,1f],start_interpolation:0}
execute if entity @s[tag=aj.frestchika_v2.bone.head] run data modify entity @s {} merge value {transformation:[-0.9945218953682733f,0f,0.10452846326765375f,0f,0f,1f,0f,1.625828125f,-0.10452846326765375f,0f,-0.9945218953682733f,0f,0f,0f,0f,1f],start_interpolation:0}
execute if entity @s[tag=aj.frestchika_v2.bone.group] run data modify entity @s {} merge value {transformation:[-0.000006554272134835064f,-0.000006659643057632365f,0.0000035623968234116847f,-0.4842166794961143f,-0.000006961428476635101f,0.000003497655210903158f,-0.00000626936373090092f,1.0489630469517697f,0.000002929168883355571f,-0.000006589048669616202f,-0.000006928521291171042f,-0.14999981221178077f,0f,0f,0f,1f],start_interpolation:0}
execute if entity @s[tag=aj.frestchika_v2.bone.group2] run data modify entity @s {} merge value {transformation:[-0.000006554272134835064f,-0.000006659643057632365f,0.0000035623968234116847f,-0.4842166794961143f,-0.000006961428476635101f,0.000003497655210903158f,-0.00000626936373090092f,1.0489630469517697f,0.000002929168883355571f,-0.000006589048669616202f,-0.000006928521291171042f,-0.14999981221178077f,0f,0f,0f,1f],start_interpolation:0}
execute if entity @s[tag=aj.frestchika_v2.bone.group3] run data modify entity @s {} merge value {transformation:[-0.000006554272134835064f,-0.000006659643057632365f,0.0000035623968234116847f,-0.4842166794961143f,-0.000006961428476635101f,0.000003497655210903158f,-0.00000626936373090092f,1.0489630469517697f,0.000002929168883355571f,-0.000006589048669616202f,-0.000006928521291171042f,-0.14999981221178077f,0f,0f,0f,1f],start_interpolation:0}
execute if entity @s[tag=aj.frestchika_v2.locator_origin.muzzle] at @s on origin run tp @s ^-0.48422 ^1.04896 ^-0.15 ~27.2106 ~-38.82445
execute if entity @s[tag=aj.frestchika_v2.bone.gun] run data modify entity @s {} merge value {transformation:[-0.000006554272134835064f,-0.000006659643057632365f,0.0000035623968234116847f,-0.48421656553718295f,-0.000006961428476635101f,0.000003497655210903158f,-0.00000626936373090092f,1.048960437680913f,0.000002929168883355571f,-0.000006589048669616202f,-0.000006928521291171042f,-0.15000415809797016f,0f,0f,0f,1f],start_interpolation:0}
execute if entity @s[tag=aj.frestchika_v2.bone.sword] run data modify entity @s {} merge value {transformation:[-0.7008541757421725f,-0.15013507222884623f,0.7705761458360875f,-0.29780291051929564f,0.3680897367402374f,0.849546076664038f,0.500306027778243f,1.0479542883403243f,-0.6934248929417396f,0.6027069236466261f,-0.5132552913873925f,0.054692988926861f,0f,0f,0f,1f],start_interpolation:0}
execute if entity @s[tag=aj.frestchika_v2.bone.arm_right_1] run data modify entity @s {} merge value {transformation:[-0.6554272134835064f,-0.6659643057632364f,0.35623968234116843f,-0.2615866225187248f,-0.6961428476635101f,0.3497655210903158f,-0.626936373090092f,1.2351574524586013f,0.29291688833555707f,-0.6589048669616202f,-0.6928521291171041f,-0.276184128210499f,0f,0f,0f,1f],start_interpolation:0}
execute if entity @s[tag=aj.frestchika_v2.bone.arm_right_0] run data modify entity @s {} merge value {transformation:[-0.3031203910432938f,-0.6659643057632364f,0.6816227490210777f,-0.16069690242163479f,-0.9339419358935671f,0.3497655210903158f,-0.07359715100325802f,1.586765625f,-0.18939506042433402f,-0.6589048669616202f,-0.7279930544868902f,-0.19151111077974453f,0f,0f,0f,1f],start_interpolation:0}
execute if entity @s[tag=aj.frestchika_v2.bone.arm_left_1] run data modify entity @s {} merge value {transformation:[0.3230238951900188f,0.6208851530148455f,0.7142528893200221f,0.2095361841390365f,0.7755827341745621f,0.25881904510252085f,-0.5757465799659862f,1.2548147442270832f,-0.5423347541754799f,0.7399421116938482f,-0.3979430684852677f,0.2797576617460239f,0f,0f,0f,1f],start_interpolation:0}
execute if entity @s[tag=aj.frestchika_v2.bone.arm_left_0] run data modify entity @s {} merge value {transformation:[-0.09337317906555176f,0.6208851530148455f,0.7783206769686415f,0.16069690242163479f,0.9616199537931144f,0.25881904510252085f,-0.09110305351165639f,1.624265625f,-0.2580087477162758f,0.7399421116938482f,-0.6212223091968991f,0.19151111077974453f,0f,0f,0f,1f],start_interpolation:0}
execute if entity @s[tag=aj.frestchika_v2.bone.right_wing_0] run data modify entity @s {} merge value {transformation:[-0.000006427876096865392f,0f,0.000007660444431189781f,0.30138401928643943f,0f,0.00001f,0f,1.285744375f,-0.000007660444431189781f,0f,-0.000006427876096865392f,-0.5149468374820974f,0f,0f,0f,1f],start_interpolation:0}
execute if entity @s[tag=aj.frestchika_v2.bone.right_wing_1] run data modify entity @s {} merge value {transformation:[-0.000006427876096865392f,0f,0.000007660444431189781f,0.10366017505916182f,0f,0.00001f,0f,2.066994375f,-0.000007660444431189781f,0f,-0.000006427876096865392f,0.17312608301687654f,0f,0f,0f,1f],start_interpolation:0}
execute if entity @s[tag=aj.frestchika_v2.bone.right_wing_2] run data modify entity @s {} merge value {transformation:[-0.000006427876096865392f,0f,0.000007660444431189781f,0.1076775976197027f,0f,0.00001f,0f,2.048244375f,-0.000007660444431189781f,0f,-0.000006427876096865392f,0.17791386078637014f,0f,0f,0f,1f],start_interpolation:0}
execute if entity @s[tag=aj.frestchika_v2.bone.left_wing_0] run data modify entity @s {} merge value {transformation:[-0.000006427876096865392f,0f,0.000007660444431189781f,0.30138401928643943f,0f,0.00001f,0f,1.285744375f,-0.000007660444431189781f,0f,-0.000006427876096865392f,-0.5149468374820974f,0f,0f,0f,1f],start_interpolation:0}
execute if entity @s[tag=aj.frestchika_v2.bone.left_wing_1] run data modify entity @s {} merge value {transformation:[-0.000006427876096865392f,0f,0.000007660444431189781f,0.10366017505916182f,0f,0.00001f,0f,2.066994375f,-0.000007660444431189781f,0f,-0.000006427876096865392f,0.17312608301687654f,0f,0f,0f,1f],start_interpolation:0}
execute if entity @s[tag=aj.frestchika_v2.bone.left_wing_2] run data modify entity @s {} merge value {transformation:[-0.000006427876096865392f,0f,0.000007660444431189781f,0.1076775976197027f,0f,0.00001f,0f,2.048244375f,-0.000007660444431189781f,0f,-0.000006427876096865392f,0.17791386078637014f,0f,0f,0f,1f],start_interpolation:0}
execute if entity @s[tag=aj.frestchika_v2.bone.leg_right_1] run data modify entity @s {} merge value {transformation:[-0.4617486132350337f,-0.3269838313187561f,0.824542171287576f,-0.3261557345966714f,0f,0.9295739583395886f,0.3686356683459548f,0.6400401138102085f,-0.8870108331782217f,0.17021700864771447f,-0.42922948616270606f,0.028863185421234547f,0f,0f,0f,1f],start_interpolation:0}
execute if entity @s[tag=aj.frestchika_v2.bone.leg_right_0] run data modify entity @s {} merge value {transformation:[-0.4617486132350337f,0.5027465149356013f,0.7307764089621602f,-0.12043763394621365f,0f,0.8238641306597545f,-0.5667873447883669f,0.8825546781478809f,-0.8870108331782217f,-0.2617132704551953f,-0.38041811982622825f,-0.07822687947948148f,0f,0f,0f,1f],start_interpolation:0}
execute if entity @s[tag=aj.frestchika_v2.bone.leg_left_1] run data modify entity @s {} merge value {transformation:[-0.4617486132350337f,0.04845543175761734f,0.8856863379937088f,-0.06441531768347061f,0f,0.9985067880402686f,-0.05462777899115184f,0.5135855074119143f,-0.8870108331782217f,-0.02522430119327427f,-0.4610591246833618f,0.1744552352951308f,0f,0f,0f,1f],start_interpolation:0}
execute if entity @s[tag=aj.frestchika_v2.bone.leg_left_0] run data modify entity @s {} merge value {transformation:[-0.4617486132350337f,0.15843956545604101f,0.8727457374708995f,-0.005000480637455229f,0f,0.9839177886292442f,-0.1786219057644888f,0.8825546781478809f,-0.8870108331782217f,-0.08247841728015158f,-0.45432267443683455f,0.14352582881507395f,0f,0f,0f,1f],start_interpolation:0}
execute if entity @s[tag=aj.frestchika_v2.bone.body_0] run data modify entity @s {} merge value {transformation:[-0.4617486132350337f,0.16725081944489184f,0.8711000984792364f,0f,0f,0.982062524938984f,-0.18855555444077327f,1.250828125f,-0.8870108331782217f,-0.08706526578078996f,-0.4534660090006716f,0f,0f,0f,0f,1f],start_interpolation:0}
execute if entity @s[tag=aj.frestchika_v2.bone.body_1] run data modify entity @s {} merge value {transformation:[-0.6427876096865391f,0f,0.7660444431189781f,0f,0f,1f,0f,1.250828125f,-0.7660444431189781f,0f,-0.6427876096865391f,0f,0f,0f,0f,1f],start_interpolation:0}