execute if entity @s[tag=aj.frestchika_v2.bone.hair] run data modify entity @s {} merge value {transformation:[-0.9945218953682733f,0f,0.10452846326765375f,0.029398630294027617f,0f,1f,0f,1.4384305555555554f,-0.10452846326765375f,0f,-0.9945218953682733f,-0.27970928307232684f,0f,0f,0f,1f],start_interpolation:0}
execute if entity @s[tag=aj.frestchika_v2.bone.side_hair_2] run data modify entity @s {} merge value {transformation:[-0.9945218953682733f,0f,0.10452846326765375f,0.4843174780511508f,0f,1f,0f,1.7684136805555553f,-0.10452846326765375f,0f,-0.9945218953682733f,0.054674474204730567f,0f,0f,0f,1f],start_interpolation:0}
execute if entity @s[tag=aj.frestchika_v2.bone.side_hair_1] run data modify entity @s {} merge value {transformation:[-0.9945218953682733f,0f,0.10452846326765375f,0.32691511924739874f,0f,1f,0f,2.155698680555555f,-0.10452846326765375f,0f,-0.9945218953682733f,0.038130819653648555f,0f,0f,0f,1f],start_interpolation:0}
execute if entity @s[tag=aj.frestchika_v2.bone.head] run data modify entity @s {} merge value {transformation:[-0.9945218953682733f,0f,0.10452846326765375f,0f,0f,1f,0f,1.6165555555555555f,-0.10452846326765375f,0f,-0.9945218953682733f,0f,0f,0f,0f,1f],start_interpolation:0}
execute if entity @s[tag=aj.frestchika_v2.bone.group] run data modify entity @s {} merge value {transformation:[-0.000006566106817738255f,-0.00000665885843707782f,0.0000035420115150869794f,-0.4853188475505853f,-0.000006942200774732269f,0.000003500063636397705f,-0.000006289308622135914f,1.0404561803786343f,0.0000029482350078238133f,-0.000006588562730681406f,-0.0000069208923906182856f,-0.14871117546032078f,0f,0f,0f,1f],start_interpolation:0}
execute if entity @s[tag=aj.frestchika_v2.bone.group2] run data modify entity @s {} merge value {transformation:[-0.000006566106817738255f,-0.00000665885843707782f,0.0000035420115150869794f,-0.4853188475505853f,-0.000006942200774732269f,0.000003500063636397705f,-0.000006289308622135914f,1.0404561803786343f,0.0000029482350078238133f,-0.000006588562730681406f,-0.0000069208923906182856f,-0.14871117546032078f,0f,0f,0f,1f],start_interpolation:0}
execute if entity @s[tag=aj.frestchika_v2.bone.group3] run data modify entity @s {} merge value {transformation:[-0.000006566106817738255f,-0.00000665885843707782f,0.0000035420115150869794f,-0.4853188475505853f,-0.000006942200774732269f,0.000003500063636397705f,-0.000006289308622135914f,1.0404561803786343f,0.0000029482350078238133f,-0.000006588562730681406f,-0.0000069208923906182856f,-0.14871117546032078f,0f,0f,0f,1f],start_interpolation:0}
execute if entity @s[tag=aj.frestchika_v2.locator_origin.muzzle] at @s on origin run tp @s ^-0.48533 ^1.04045 ^-0.14871 ~27.1027 ~-38.97129
execute if entity @s[tag=aj.frestchika_v2.bone.gun] run data modify entity @s {} merge value {transformation:[-0.000006566106817738255f,-0.00000665885843707782f,0.0000035420115150869794f,-0.4853187435549016f,-0.000006942200774732269f,0.000003500063636397705f,-0.000006289308622135914f,1.0404535631114882f,0.0000029482350078238133f,-0.000006588562730681406f,-0.0000069208923906182856f,-0.1487155167856249f,0f,0f,0f,1f],start_interpolation:0}
execute if entity @s[tag=aj.frestchika_v2.bone.sword] run data modify entity @s {} merge value {transformation:[-0.7007716030596327f,-0.1477145150447897f,0.771118858860497f,-0.29870017759522616f,0.368343197030858f,0.8509394304347133f,0.4977450020166277f,1.039415815326388f,-0.6933737532141805f,0.6013378583429856f,-0.5149275003115993f,0.05579467619364348f,0f,0f,0f,1f],start_interpolation:0}
execute if entity @s[tag=aj.frestchika_v2.bone.arm_right_1] run data modify entity @s {} merge value {transformation:[-0.6566106817738254f,-0.6658858437077819f,0.3542011515086979f,-0.26242089579389516f,-0.6942200774732269f,0.35000636363977045f,-0.6289308622135914f,1.2259499927481294f,0.2948235007823813f,-0.6588562730681405f,-0.6920892390618285f,-0.2754531542643671f,0f,0f,0f,1f],start_interpolation:0}
execute if entity @s[tag=aj.frestchika_v2.bone.arm_right_0] run data modify entity @s {} merge value {transformation:[-0.3053002785072003f,-0.6658858437077819f,0.6807259236234516f,-0.16069690242163479f,-0.9336306677894574f,0.35000636363977045f,-0.07634999394025288f,1.5774930555555557f,-0.187418025030779f,-0.6588562730681405f,-0.7285484852309569f,-0.19151111077974453f,0f,0f,0f,1f],start_interpolation:0}
execute if entity @s[tag=aj.frestchika_v2.bone.arm_left_1] run data modify entity @s {} merge value {transformation:[0.30816820163321673f,0.6208851530148455f,0.7207870602805527f,0.21273343469964512f,0.7873356277097977f,0.25881904510252085f,-0.5595670748275294f,1.2432785742883643f,-0.5339803075404258f,0.7399421116938482f,-0.4090852020069671f,0.2778666185643816f,0f,0f,0f,1f],start_interpolation:0}
execute if entity @s[tag=aj.frestchika_v2.bone.arm_left_0] run data modify entity @s {} merge value {transformation:[-0.102308281661671f,0.6208851530148455f,0.7771966561103877f,0.16069690242163479f,0.9626030804705022f,0.25881904510252085f,-0.08005005534613364f,1.6149930555555556f,-0.25085518725379374f,0.7399421116938482f,-0.6241452926762429f,0.19151111077974453f,0f,0f,0f,1f],start_interpolation:0}
execute if entity @s[tag=aj.frestchika_v2.bone.right_wing_0] run data modify entity @s {} merge value {transformation:[-0.000006427876096865392f,0f,0.000007660444431189781f,0.30138401928643943f,0f,0.00001f,0f,1.2764718055555555f,-0.000007660444431189781f,0f,-0.000006427876096865392f,-0.5149468374820974f,0f,0f,0f,1f],start_interpolation:0}
execute if entity @s[tag=aj.frestchika_v2.bone.right_wing_1] run data modify entity @s {} merge value {transformation:[-0.000006427876096865392f,0f,0.000007660444431189781f,0.10366017505916182f,0f,0.00001f,0f,2.0577218055555555f,-0.000007660444431189781f,0f,-0.000006427876096865392f,0.17312608301687654f,0f,0f,0f,1f],start_interpolation:0}
execute if entity @s[tag=aj.frestchika_v2.bone.right_wing_2] run data modify entity @s {} merge value {transformation:[-0.000006427876096865392f,0f,0.000007660444431189781f,0.1076775976197027f,0f,0.00001f,0f,2.0389718055555557f,-0.000007660444431189781f,0f,-0.000006427876096865392f,0.17791386078637014f,0f,0f,0f,1f],start_interpolation:0}
execute if entity @s[tag=aj.frestchika_v2.bone.left_wing_0] run data modify entity @s {} merge value {transformation:[-0.000006427876096865392f,0f,0.000007660444431189781f,0.30138401928643943f,0f,0.00001f,0f,1.2764718055555555f,-0.000007660444431189781f,0f,-0.000006427876096865392f,-0.5149468374820974f,0f,0f,0f,1f],start_interpolation:0}
execute if entity @s[tag=aj.frestchika_v2.bone.left_wing_1] run data modify entity @s {} merge value {transformation:[-0.000006427876096865392f,0f,0.000007660444431189781f,0.10366017505916182f,0f,0.00001f,0f,2.0577218055555555f,-0.000007660444431189781f,0f,-0.000006427876096865392f,0.17312608301687654f,0f,0f,0f,1f],start_interpolation:0}
execute if entity @s[tag=aj.frestchika_v2.bone.left_wing_2] run data modify entity @s {} merge value {transformation:[-0.000006427876096865392f,0f,0.000007660444431189781f,0.1076775976197027f,0f,0.00001f,0f,2.0389718055555557f,-0.000007660444431189781f,0f,-0.000006427876096865392f,0.17791386078637014f,0f,0f,0f,1f],start_interpolation:0}
execute if entity @s[tag=aj.frestchika_v2.bone.leg_right_1] run data modify entity @s {} merge value {transformation:[-0.4617486132350337f,-0.3288130768537996f,0.8238144079011124f,-0.3239251996067647f,0f,0.9287534910360992f,0.37069792673854896f,0.6291156421785847f,-0.8870108331782217f,0.1711692536006271f,-0.4288506365231151f,0.02770204240038633f,0f,0f,0f,1f],start_interpolation:0}
execute if entity @s[tag=aj.frestchika_v2.bone.leg_right_0] run data modify entity @s {} merge value {transformation:[-0.4617486132350337f,0.49895526003462454f,0.7333702111889352f,-0.11971246006406495f,0f,0.8267883364639624f,-0.562513152457037f,0.873126080382942f,-0.8870108331782217f,-0.25973966807350396f,-0.3817683678011351f,-0.07860438110844878f,0f,0f,0f,1f],start_interpolation:0}
execute if entity @s[tag=aj.frestchika_v2.bone.leg_left_1] run data modify entity @s {} merge value {transformation:[-0.4617486132350337f,0.050421071280965346f,0.8855766108849098f,-0.06344799767339215f,0f,0.998383083678727f,-0.0568438055038213f,0.5041074547254998f,-0.8870108331782217f,-0.026247548362391467f,-0.4610020043659688f,0.17395168037054456f,0f,0f,0f,1f],start_interpolation:0}
execute if entity @s[tag=aj.frestchika_v2.bone.leg_left_0] run data modify entity @s {} merge value {transformation:[-0.4617486132350337f,0.15779384244822833f,0.8728627162738404f,-0.004275306755306532f,0f,0.9840496684198461f,-0.17789392930280457f,0.873126080382942f,-0.8870108331782217f,-0.08214227515850113f,-0.45438356974725863f,0.14314832718610665f,0f,0f,0f,1f],start_interpolation:0}
execute if entity @s[tag=aj.frestchika_v2.bone.body_0] run data modify entity @s {} merge value {transformation:[-0.4617486132350337f,0.16531702242582866f,0.8714691619740662f,0f,0f,0.9824786004603026f,-0.1863754265925775f,1.2415555555555555f,-0.8870108331782217f,-0.08605859477021048f,-0.4536581312956415f,0f,0f,0f,0f,1f],start_interpolation:0}
execute if entity @s[tag=aj.frestchika_v2.bone.body_1] run data modify entity @s {} merge value {transformation:[-0.6427876096865391f,0f,0.7660444431189781f,0f,0f,1f,0f,1.2415555555555555f,-0.7660444431189781f,0f,-0.6427876096865391f,0f,0f,0f,0f,1f],start_interpolation:0}