execute if entity @s[tag=aj.frestchika_v2.bone.hair] run data modify entity @s {} merge value {transformation:[-0.9945218953682733f,0f,0.10452846326765375f,0.029398630294027617f,0f,1f,0f,1.517375f,-0.10452846326765375f,0f,-0.9945218953682733f,-0.27970928307232684f,0f,0f,0f,1f],start_interpolation:0}
execute if entity @s[tag=aj.frestchika_v2.bone.side_hair_2] run data modify entity @s {} merge value {transformation:[-0.9945218953682733f,0f,0.10452846326765375f,0.4843174780511508f,0f,1f,0f,1.847358125f,-0.10452846326765375f,0f,-0.9945218953682733f,0.054674474204730567f,0f,0f,0f,1f],start_interpolation:0}
execute if entity @s[tag=aj.frestchika_v2.bone.side_hair_1] run data modify entity @s {} merge value {transformation:[-0.9945218953682733f,0f,0.10452846326765375f,0.32691511924739874f,0f,1f,0f,2.234643125f,-0.10452846326765375f,0f,-0.9945218953682733f,0.038130819653648555f,0f,0f,0f,1f],start_interpolation:0}
execute if entity @s[tag=aj.frestchika_v2.bone.head] run data modify entity @s {} merge value {transformation:[-0.9945218953682733f,0f,0.10452846326765375f,0f,0f,1f,0f,1.6955f,-0.10452846326765375f,0f,-0.9945218953682733f,0f,0f,0f,0f,1f],start_interpolation:0}
execute if entity @s[tag=aj.frestchika_v2.bone.group] run data modify entity @s {} merge value {transformation:[-0.000006463430754784017f,-0.000006665358098072676f,0.0000037144399715931765f,-0.47584219087359114f,-0.000007103990104574742f,0.0000034795350010047147f,-0.0000061176924384025115f,1.1130309520940285f,0.000002785208694553475f,-0.0000065928626256915205f,-0.000006984037150999673f,-0.1596894533450549f,0f,0f,0f,1f],start_interpolation:0}
execute if entity @s[tag=aj.frestchika_v2.bone.group2] run data modify entity @s {} merge value {transformation:[-0.000006463430754784017f,-0.000006665358098072676f,0.0000037144399715931765f,-0.47584219087359114f,-0.000007103990104574742f,0.0000034795350010047147f,-0.0000061176924384025115f,1.1130309520940285f,0.000002785208694553475f,-0.0000065928626256915205f,-0.000006984037150999673f,-0.1596894533450549f,0f,0f,0f,1f],start_interpolation:0}
execute if entity @s[tag=aj.frestchika_v2.bone.group3] run data modify entity @s {} merge value {transformation:[-0.000006463430754784017f,-0.000006665358098072676f,0.0000037144399715931765f,-0.47584219087359114f,-0.000007103990104574742f,0.0000034795350010047147f,-0.0000061176924384025115f,1.1130309520940285f,0.000002785208694553475f,-0.0000065928626256915205f,-0.000006984037150999673f,-0.1596894533450549f,0f,0f,0f,1f],start_interpolation:0}
execute if entity @s[tag=aj.frestchika_v2.locator_origin.muzzle] at @s on origin run tp @s ^-0.47585 ^1.11302 ^-0.15969 ~28.00615 ~-37.71754
execute if entity @s[tag=aj.frestchika_v2.bone.gun] run data modify entity @s {} merge value {transformation:[-0.000006463430754784017f,-0.000006665358098072676f,0.0000037144399715931765f,-0.4758420024578145f,-0.000007103990104574742f,0.0000034795350010047147f,-0.0000061176924384025115f,1.1130284038389746f,0.000002785208694553475f,-0.0000065928626256915205f,-0.000006984037150999673f,-0.1596938327175542f,0f,0f,0f,1f],start_interpolation:0}
execute if entity @s[tag=aj.frestchika_v2.bone.sword] run data modify entity @s {} merge value {transformation:[-0.7014556208830703f,-0.1682701363796087f,0.7662701124501294f,-0.2909760510364371f,0.3661827839707351f,0.8388346013761953f,0.5194144706854843f,1.1122350045848592f,-0.69382626986515f,0.6128347124933667f,-0.5005631174069703f,0.04640307564455903f,0f,0f,0f,1f],start_interpolation:0}
execute if entity @s[tag=aj.frestchika_v2.bone.arm_right_1] run data modify entity @s {} merge value {transformation:[-0.6463430754784016f,-0.6665358098072676f,0.37144399715931764f,-0.25529061713064827f,-0.7103990104574741f,0.34795350010047144f,-0.6117692438402511f,1.3044387888229065f,0.2785208694553475f,-0.659286262569152f,-0.6984037150999672f,-0.28165266039597237f,0f,0f,0f,1f],start_interpolation:0}
execute if entity @s[tag=aj.frestchika_v2.bone.arm_right_0] run data modify entity @s {} merge value {transformation:[-0.28665765939748244f,-0.6665358098072676f,0.6881550701355958f,-0.16069690242163479f,-0.9360189469898009f,0.34795350010047144f,-0.052885656315633287f,1.6564375f,-0.20419578150603646f,-0.659286262569152f,-0.7236336827447558f,-0.19151111077974453f,0f,0f,0f,1f],start_interpolation:0}
execute if entity @s[tag=aj.frestchika_v2.bone.arm_left_1] run data modify entity @s {} merge value {transformation:[0.3591482020449893f,0.6208851530148455f,0.6967884870845552f,0.20425492137932608f,0.7451064749303469f,0.25881904510252074f,-0.6146779993696632f,1.3317363776573845f,-0.561986574559147f,0.7399421116938482f,-0.36967115299590925f,0.28165332636674517f,0f,0f,0f,1f],start_interpolation:0}
execute if entity @s[tag=aj.frestchika_v2.bone.arm_left_0] run data modify entity @s {} merge value {transformation:[-0.07725045544677979f,0.6208851530148455f,0.7800858887962254f,0.16069690242163479f,0.9595292885761498f,0.25881904510252074f,-0.11097858467635632f,1.6939375f,-0.2708060403643407f,0.7399421116938482f,-0.615751378272299f,0.19151111077974453f,0f,0f,0f,1f],start_interpolation:0}
execute if entity @s[tag=aj.frestchika_v2.bone.right_wing_0] run data modify entity @s {} merge value {transformation:[-0.000006427876096865392f,0f,0.000007660444431189781f,0.30138401928643943f,0f,0.00001f,0f,1.35541625f,-0.000007660444431189781f,0f,-0.000006427876096865392f,-0.5149468374820974f,0f,0f,0f,1f],start_interpolation:0}
execute if entity @s[tag=aj.frestchika_v2.bone.right_wing_1] run data modify entity @s {} merge value {transformation:[-0.000006427876096865392f,0f,0.000007660444431189781f,0.10366017505916182f,0f,0.00001f,0f,2.13666625f,-0.000007660444431189781f,0f,-0.000006427876096865392f,0.17312608301687654f,0f,0f,0f,1f],start_interpolation:0}
execute if entity @s[tag=aj.frestchika_v2.bone.right_wing_2] run data modify entity @s {} merge value {transformation:[-0.000006427876096865392f,0f,0.000007660444431189781f,0.1076775976197027f,0f,0.00001f,0f,2.11791625f,-0.000007660444431189781f,0f,-0.000006427876096865392f,0.17791386078637014f,0f,0f,0f,1f],start_interpolation:0}
execute if entity @s[tag=aj.frestchika_v2.bone.left_wing_0] run data modify entity @s {} merge value {transformation:[-0.000006427876096865392f,0f,0.000007660444431189781f,0.30138401928643943f,0f,0.00001f,0f,1.35541625f,-0.000007660444431189781f,0f,-0.000006427876096865392f,-0.5149468374820974f,0f,0f,0f,1f],start_interpolation:0}
execute if entity @s[tag=aj.frestchika_v2.bone.left_wing_1] run data modify entity @s {} merge value {transformation:[-0.000006427876096865392f,0f,0.000007660444431189781f,0.10366017505916182f,0f,0.00001f,0f,2.13666625f,-0.000007660444431189781f,0f,-0.000006427876096865392f,0.17312608301687654f,0f,0f,0f,1f],start_interpolation:0}
execute if entity @s[tag=aj.frestchika_v2.bone.left_wing_2] run data modify entity @s {} merge value {transformation:[-0.000006427876096865392f,0f,0.000007660444431189781f,0.1076775976197027f,0f,0.00001f,0f,2.11791625f,-0.000007660444431189781f,0f,-0.000006427876096865392f,0.17791386078637014f,0f,0f,0f,1f],start_interpolation:0}
execute if entity @s[tag=aj.frestchika_v2.bone.leg_right_1] run data modify entity @s {} merge value {transformation:[-0.4617486132350337f,-0.31318842374805766f,0.8298802500395646f,-0.3426363910298506f,0f,0.9355920119555312f,0.3530829749010862f,0.7225306443703355f,-0.8870108331782217f,0.16303557401747681f,-0.4320083140742416f,0.03744247213181129f,0f,0f,0f,1f],start_interpolation:0}
execute if entity @s[tag=aj.frestchika_v2.bone.leg_right_0] run data modify entity @s {} merge value {transformation:[-0.4617486132350337f,0.53079482606246f,0.7106652311748803f,-0.12587628758098765f,0f,0.8011911518921557f,-0.5984085043928776f,0.9534568835815823f,-0.8870108331782217f,-0.2763142970514618f,-0.3699489033223822f,-0.07539569559785465f,0f,0f,0f,1f],start_interpolation:0}
execute if entity @s[tag=aj.frestchika_v2.bone.leg_left_1] run data modify entity @s {} merge value {transformation:[-0.4617486132350337f,0.03367912318085006f,0.8863712172883844f,-0.07167235019661052f,0f,0.9992789085928686f,-0.03796923546037817f,0.584865762913694f,-0.8870108331782217f,-0.01753224181942406f,-0.4614156502777751f,0.17823300730625413f,0f,0f,0f,1f],start_interpolation:0}
execute if entity @s[tag=aj.frestchika_v2.bone.leg_left_0] run data modify entity @s {} merge value {transformation:[-0.4617486132350337f,0.1632885757983501f,0.871851512121915f,-0.010439134272229228f,0f,0.982909655114369f,-0.1840885924845763f,0.9534568835815823f,-0.8870108331782217f,-0.08500265229214234f,-0.45385717018438515f,0.14635701269670076f,0f,0f,0f,1f],start_interpolation:0}
execute if entity @s[tag=aj.frestchika_v2.bone.body_0] run data modify entity @s {} merge value {transformation:[-0.4617486132350337f,0.18175389580428916f,0.868189921351018f,0f,0f,0.9787816437824473f,-0.20490606090238186f,1.3205f,-0.8870108331782217f,-0.09461508946512817f,-0.4519510666764518f,0f,0f,0f,0f,1f],start_interpolation:0}
execute if entity @s[tag=aj.frestchika_v2.bone.body_1] run data modify entity @s {} merge value {transformation:[-0.6427876096865391f,0f,0.7660444431189781f,0f,0f,1f,0f,1.3205f,-0.7660444431189781f,0f,-0.6427876096865391f,0f,0f,0f,0f,1f],start_interpolation:0}