execute if entity @s[tag=aj.frestchika_v2.bone.hair] run data modify entity @s {} merge value {transformation:[-1f,-9.233398462616693e-18f,1.2211610122931835e-16f,2.9814962968273514e-17f,0f,0.9971536390275165f,0.07539642016820969f,0.708312992174713f,-1.2246467991473532e-16f,0.07539642016820969f,-0.9971536390275165f,-0.2434576482707655f,0f,0f,0f,1f],start_interpolation:0}
execute if entity @s[tag=aj.frestchika_v2.bone.side_hair_2] run data modify entity @s {} merge value {transformation:[-1f,-1.1175917873091801e-17f,1.219536661454361e-16f,0.48737937499999995f,0f,0.9958272559103978f,0.09125829488855819f,0.8224422779908166f,-1.2246467991473532e-16f,0.09125829488855819f,-0.9958272559103978f,0.3093322572780516f,0f,0f,0f,1f],start_interpolation:0}
execute if entity @s[tag=aj.frestchika_v2.bone.side_hair_1] run data modify entity @s {} merge value {transformation:[-1f,-1.1175917873091801e-17f,1.219536661454361e-16f,0.32910999999999996f,0f,0.9958272559103978f,0.09125829488855819f,1.208111236796075f,-1.2246467991473532e-16f,0.09125829488855819f,-0.9958272559103978f,0.34467522601396683f,0f,0f,0f,1f],start_interpolation:0}
execute if entity @s[tag=aj.frestchika_v2.bone.head] run data modify entity @s {} merge value {transformation:[-1f,-5.744083556749524e-17f,1.081579781427452e-16f,-1.0836117219833668e-17f,0f,0.8831769145034225f,0.4690400171501513f,0.7337113752471551f,-1.2246467991473532e-16f,0.4690400171501513f,-0.8831769145034225f,0.08848361198819281f,0f,0f,0f,1f],start_interpolation:0}
execute if entity @s[tag=aj.frestchika_v2.bone.group] run data modify entity @s {} merge value {transformation:[-0.000001880092335799559f,-0.0000010747981997757202f,-0.000009762687214011654f,-0.330437364463475f,-0.0000068235980066192945f,0.000007292264559521627f,5.112610272708873e-7f,0.16941009853170721f,0.000007064259554470587f,0.0000067577870951742595f,-0.0000021044121562486963f,0.5621801348573293f,0f,0f,0f,1f],start_interpolation:0}
execute if entity @s[tag=aj.frestchika_v2.bone.group2] run data modify entity @s {} merge value {transformation:[-0.000001880092335799559f,-0.0000010747981997757202f,-0.000009762687214011654f,-0.330437364463475f,-0.0000068235980066192945f,0.000007292264559521627f,5.112610272708873e-7f,0.16941009853170721f,0.000007064259554470587f,0.0000067577870951742595f,-0.0000021044121562486963f,0.5621801348573293f,0f,0f,0f,1f],start_interpolation:0}
execute if entity @s[tag=aj.frestchika_v2.bone.group3] run data modify entity @s {} merge value {transformation:[-0.000001880092335799559f,-0.0000010747981997757202f,-0.000009762687214011654f,-0.330437364463475f,-0.0000068235980066192945f,0.000007292264559521627f,5.112610272708873e-7f,0.16941009853170721f,0.000007064259554470587f,0.0000067577870951742595f,-0.0000021044121562486963f,0.5621801348573293f,0f,0f,0f,1f],start_interpolation:0}
execute if entity @s[tag=aj.frestchika_v2.locator_origin.muzzle] at @s on origin run tp @s ^-0.33044 ^0.16941 ^0.56219 ~-77.83564 ~2.93059
execute if entity @s[tag=aj.frestchika_v2.bone.gun] run data modify entity @s {} merge value {transformation:[-0.000001880092335799559f,-0.0000010747981997757202f,-0.000009762687214011654f,-0.33044223037709725f,-0.0000068235980066192945f,0.000007292264559521627f,5.112610272708873e-7f,0.1694113856287621f,0.000007064259554470587f,0.0000067577870951742595f,-0.0000021044121562486963f,0.5621807466363781f,0f,0f,0f,1f],start_interpolation:0}
execute if entity @s[tag=aj.frestchika_v2.bone.sword] run data modify entity @s {} merge value {transformation:[-0.0000019785903732720976f,-0.00000113110687746197f,-0.000010274154397153725f,-0.3763184199260143f,-0.0000071810863061860786f,0.000007674306299794964f,5.380459924896091e-7f,0.18263240120543736f,0.0000074343561125293f,0.000007111827561090438f,-0.000002214662309114565f,0.5406230181642203f,0f,0f,0f,1f],start_interpolation:0}
execute if entity @s[tag=aj.frestchika_v2.bone.arm_right_1] run data modify entity @s {} merge value {transformation:[-0.1880092335799559f,-0.107479819977572f,-0.9762687214011654f,-0.32050346259248347f,-0.6823598006619294f,0.7292264559521626f,0.05112610272708873f,0.38520522545694647f,0.7064259554470587f,0.6757787095174259f,-0.21044121562486962f,0.33090376056717413f,0f,0f,0f,1f],start_interpolation:0}
execute if entity @s[tag=aj.frestchika_v2.bone.arm_right_0] run data modify entity @s {} merge value {transformation:[-0.1880092335799559f,-0.107479819977572f,-0.9762687214011654f,-0.25f,-0.6823598006619294f,0.7292264559521626f,0.05112610272708873f,0.64109015070517f,0.7064259554470587f,0.6757787095174259f,-0.21044121562486962f,0.06599402727452713f,0f,0f,0f,1f],start_interpolation:0}
execute if entity @s[tag=aj.frestchika_v2.bone.arm_left_1] run data modify entity @s {} merge value {transformation:[-0.18800921544029794f,0.10747993433751649f,0.9762687123043157f,0.32050345579011175f,0.6823595436554915f,0.7292267087062908f,0.051125927782877605f,0.3852053218343606f,-0.7064262085255566f,0.6757784185842233f,-0.21044130032865035f,0.33090385547161094f,0f,0f,0f,1f],start_interpolation:0}
execute if entity @s[tag=aj.frestchika_v2.bone.arm_left_0] run data modify entity @s {} merge value {transformation:[-0.18800921544029794f,0.10747993433751649f,0.9762687123043157f,0.25f,0.6823595436554915f,0.7292267087062908f,0.051125927782877605f,0.64109015070517f,-0.7064262085255566f,0.6757784185842233f,-0.21044130032865035f,0.06599402727452719f,0f,0f,0f,1f],start_interpolation:0}
execute if entity @s[tag=aj.frestchika_v2.bone.right_wing_0] run data modify entity @s {} merge value {transformation:[-0.00001f,-2.889631258622312e-22f,1.1900672647181698e-21f,-0.20074624999999993f,0f,0.000009717636673257472f,0.0000023595629863518084f,0.5358082884449048f,-1.2246467991473532e-21f,0.0000023595629863518084f,-0.000009717636673257472f,-0.5377710014664336f,0f,0f,0f,1f],start_interpolation:0}
execute if entity @s[tag=aj.frestchika_v2.bone.right_wing_1] run data modify entity @s {} merge value {transformation:[-0.00001f,-2.889631258622312e-22f,1.1900672647181698e-21f,0.19925374999999998f,0f,0.000009717636673257472f,0.0000023595629863518084f,1.1548996012285064f,-1.2246467991473532e-21f,0.0000023595629863518084f,-0.000009717636673257472f,0.22355453431696393f,0f,0f,0f,1f],start_interpolation:0}
execute if entity @s[tag=aj.frestchika_v2.bone.right_wing_2] run data modify entity @s {} merge value {transformation:[-0.00001f,-2.889631258622312e-22f,1.1900672647181698e-21f,0.20550374999999999f,0f,0.000009717636673257472f,0.0000023595629863518084f,1.1366790324661484f,-1.2246467991473532e-21f,0.0000023595629863518084f,-0.000009717636673257472f,0.21913035371755424f,0f,0f,0f,1f],start_interpolation:0}
execute if entity @s[tag=aj.frestchika_v2.bone.left_wing_0] run data modify entity @s {} merge value {transformation:[-0.00001f,-2.889631258622312e-22f,1.1900672647181698e-21f,-0.20074624999999993f,0f,0.000009717636673257472f,0.0000023595629863518084f,0.5358082884449048f,-1.2246467991473532e-21f,0.0000023595629863518084f,-0.000009717636673257472f,-0.5377710014664336f,0f,0f,0f,1f],start_interpolation:0}
execute if entity @s[tag=aj.frestchika_v2.bone.left_wing_1] run data modify entity @s {} merge value {transformation:[-0.00001f,-2.889631258622312e-22f,1.1900672647181698e-21f,0.19925374999999998f,0f,0.000009717636673257472f,0.0000023595629863518084f,1.1548996012285064f,-1.2246467991473532e-21f,0.0000023595629863518084f,-0.000009717636673257472f,0.22355453431696393f,0f,0f,0f,1f],start_interpolation:0}
execute if entity @s[tag=aj.frestchika_v2.bone.left_wing_2] run data modify entity @s {} merge value {transformation:[-0.00001f,-2.889631258622312e-22f,1.1900672647181698e-21f,0.20550374999999999f,0f,0.000009717636673257472f,0.0000023595629863518084f,1.1366790324661484f,-1.2246467991473532e-21f,0.0000023595629863518084f,-0.000009717636673257472f,0.21913035371755424f,0f,0f,0f,1f],start_interpolation:0}
execute if entity @s[tag=aj.frestchika_v2.bone.leg_right_1] run data modify entity @s {} merge value {transformation:[-0.9396926111483904f,0.34202016980453065f,8.14292117068404e-9f,-0.253257563676699f,-3.158847364237438e-8f,-6.298030355567086e-8f,-0.9999999999999976f,0.09595053111223636f,-0.34202016980452926f,-0.9396926111483883f,6.9986020950763e-8f,0.34981228927802277f,0f,0f,0f,1f],start_interpolation:0}
execute if entity @s[tag=aj.frestchika_v2.bone.leg_right_0] run data modify entity @s {} merge value {transformation:[-0.9396926111483904f,0.34202016980453065f,8.14292117068404e-9f,-0.125f,-3.158847364237438e-8f,-6.298030355567086e-8f,-0.9999999999999976f,0.09595050749462253f,-0.34202016980452926f,-0.9396926111483883f,6.9986020950763e-8f,-0.002572439902622875f,0f,0f,0f,1f],start_interpolation:0}
execute if entity @s[tag=aj.frestchika_v2.bone.leg_left_1] run data modify entity @s {} merge value {transformation:[-0.9396926111483904f,-0.3420201698045304f,-8.142921170684056e-9f,0.25325756367669894f,3.158847364237438e-8f,-6.298030355567086e-8f,-0.9999999999999976f,0.09595053111223636f,0.34202016980452904f,-0.9396926111483884f,6.9986020950763e-8f,0.3498122892780228f,0f,0f,0f,1f],start_interpolation:0}
execute if entity @s[tag=aj.frestchika_v2.bone.leg_left_0] run data modify entity @s {} merge value {transformation:[-0.9396926111483904f,-0.3420201698045304f,-8.142921170684056e-9f,0.125f,3.158847364237438e-8f,-6.298030355567086e-8f,-0.9999999999999976f,0.09595050749462253f,0.34202016980452904f,-0.9396926111483884f,6.9986020950763e-8f,-0.0025724399026228473f,0f,0f,0f,1f],start_interpolation:0}
execute if entity @s[tag=aj.frestchika_v2.bone.body_0] run data modify entity @s {} merge value {transformation:[-1f,2.1265768495757728e-17f,1.2060416625018979e-16f,0f,0f,0.984807753012208f,-0.1736481776669304f,0.36929999999999996f,-1.2246467991473532e-16f,-0.1736481776669304f,-0.984807753012208f,0f,0f,0f,0f,1f],start_interpolation:0}
execute if entity @s[tag=aj.frestchika_v2.bone.body_1] run data modify entity @s {} merge value {transformation:[-1f,-2.8896312586223116e-17f,1.1900672647181697e-16f,0f,0f,0.9717636673257471f,0.23595629863518083f,0.36929999999999996f,-1.2246467991473532e-16f,0.23595629863518083f,-0.9717636673257471f,0f,0f,0f,0f,1f],start_interpolation:0}