execute if entity @s[tag=aj.axia.bone.wing_right_1] run data modify entity @s {} merge value {transformation:[-0.7410469380810776f,-0.13066656915508904f,-0.31736434536718555f,0.03285974103053363f,-0.22269392740396057f,0.7576754630468455f,0.20803786155070927f,1.8225418539898768f,0.2611537759683045f,0.27531542791211483f,-0.7231490613251945f,0.03694422380117476f,0f,0f,0f,1f],start_interpolation:0}
execute if entity @s[tag=aj.axia.bone.wing_right_2] run data modify entity @s {} merge value {transformation:[-0.7196493354150919f,0.15954241663606486f,-0.31088752199234504f,0.03285974103053363f,0.08248896516685912f,0.7691971876905818f,0.20379219090681727f,1.8225418539898768f,0.339559132791797f,0.15126765597054861f,-0.7083909172165171f,0.03694422380117476f,0f,0f,0f,1f],start_interpolation:0}
execute if entity @s[tag=aj.axia.bone.wing_left_1] run data modify entity @s {} merge value {transformation:[-0.741046938081078f,0.1306665691550894f,0.3173643453671846f,-0.032859741030533865f,0.22269392740396057f,0.7576754630468455f,0.20803786155070927f,1.8225418539898768f,-0.2611537759683036f,0.27531542791211466f,-0.723149061325195f,0.03694422380117481f,0f,0f,0f,1f],start_interpolation:0}
execute if entity @s[tag=aj.axia.bone.wing_left_2] run data modify entity @s {} merge value {transformation:[-0.7196493354150924f,-0.15954241663606467f,0.31088752199234415f,-0.032859741030533865f,-0.08248896516685912f,0.7691971876905818f,0.20379219090681727f,1.8225418539898768f,-0.3395591327917961f,0.1512676559705488f,-0.7083909172165176f,0.03694422380117481f,0f,0f,0f,1f],start_interpolation:0}
execute if entity @s[tag=aj.axia.bone.blade] run data modify entity @s {} merge value {transformation:[-1.8172462485733394f,0.7355099093922971f,0.3957792885332163f,-0.3704571986975339f,0.7672044521857359f,1.095297563174215f,1.4871854546931966f,1.6839788616620974f,0.3301717743728396f,1.5031129103598169f,-1.2773559324311805f,1.0676027222417395f,0f,0f,0f,1f],start_interpolation:0}
execute if entity @s[tag=aj.axia.bone.arm_right_2] run data modify entity @s {} merge value {transformation:[-0.06750998980898683f,-0.9142129963799119f,-0.3995710181257561f,-0.4297824631376703f,-0.4046593897107958f,0.3911553391803212f,-0.82658833705153f,1.7716388203903237f,0.9119721375101744f,0.10588719413031379f,-0.3963517661425674f,0.715077140221782f,0f,0f,0f,1f],start_interpolation:0}
execute if entity @s[tag=aj.axia.bone.arm_right_1] run data modify entity @s {} merge value {transformation:[-0.3399561415203642f,-0.860400171570039f,-0.3796595403843203f,-0.2984374999999999f,-0.4533615103209703f,0.5036327894510528f,-0.7354028517413024f,1.947317932875448f,0.8239497331767724f,-0.07788169330464453f,-0.5612853811083328f,0.4000933961808618f,0f,0f,0f,1f],start_interpolation:0}
execute if entity @s[tag=aj.axia.bone.arm_left_2] run data modify entity @s {} merge value {transformation:[-0.025504812500963314f,0.9164613285189676f,0.3993095764798782f,0.45582910580577496f,0.4502644326399907f,0.36715953909115284f,-0.8139138858342198f,1.7655574873108975f,-0.8925309211667001f,0.159036178851295f,-0.42201427532454494f,0.7153684450584332f,0f,0f,0f,1f],start_interpolation:0}
execute if entity @s[tag=aj.axia.bone.arm_left_1] run data modify entity @s {} merge value {transformation:[-0.37178631746844776f,0.8436542003165577f,0.38732741244518215f,0.3223443930041153f,0.4574580982109443f,0.529559224987201f,-0.7143522349738824f,1.935777625297221f,-0.8077790678920052f,-0.0884003253341561f,-0.5828193201639241f,0.42579604600723986f,0f,0f,0f,1f],start_interpolation:0}
execute if entity @s[tag=aj.axia.bone.ear_edge_a1] run data modify entity @s {} merge value {transformation:[-0.9839048872855183f,0.1764421947886618f,0.028272330534133364f,0.19642170047228913f,0.14599356457859716f,0.7025006365664376f,0.6965477260930402f,2.4796532593048863f,0.10303907936946222f,0.6894642902441792f,-0.7169532345981736f,0.7554328833439735f,0f,0f,0f,1f],start_interpolation:0}
execute if entity @s[tag=aj.axia.bone.ear_edge_a2] run data modify entity @s {} merge value {transformation:[-0.9993930257787682f,0.020353263888798698f,0.028272330534133364f,0.08151171046889218f,0.034300830264511396f,0.7166901131715019f,0.6965477260930402f,2.4908265614366725f,-0.006085480089815819f,0.6970947039902775f,-0.7169532345981736f,0.7617568173957354f,0f,0f,0f,1f],start_interpolation:0}
execute if entity @s[tag=aj.axia.bone.ear_edge_b1] run data modify entity @s {} merge value {transformation:[-0.9689392455986985f,0.23528149073006366f,0.07615351901563014f,0.06084271994173958f,0.14106369458043472f,0.2729130183963794f,0.9516404354907873f,2.531633863390864f,0.2031200935652177f,0.9328242623933065f,-0.29762581050782666f,0.7140445972329466f,0f,0f,0f,1f],start_interpolation:0}
execute if entity @s[tag=aj.axia.bone.ear_edge_b2] run data modify entity @s {} merge value {transformation:[-0.9942219625182138f,-0.075652698484374f,0.07615351901563014f,0.08980391474884213f,0.04982478527274789f,0.30314678344232726f,0.9516404354907873f,2.532561286015904f,-0.09507986126912527f,0.949936154118056f,-0.29762581050782666f,0.7244202758912134f,0f,0f,0f,1f],start_interpolation:0}
execute if entity @s[tag=aj.axia.bone.ear_right_2] run data modify entity @s {} merge value {transformation:[-0.9938161297591087f,0.08080929261020958f,0.07615351901563014f,0.14916019738252906f,0.0966339643830166f,0.29162022986501906f,0.9516404354907873f,2.5895153046166755f,0.05469348369091415f,0.9531146309659246f,-0.29762581050782666f,0.8167171664584632f,0f,0f,0f,1f],start_interpolation:0}
execute if entity @s[tag=aj.axia.bone.ear_right_1] run data modify entity @s {} merge value {transformation:[-0.9938161297591087f,0.10737865503346149f,0.028272330534133364f,0.12500000000000025f,0.0966339643830166f,0.7109733765776585f,0.6965477260930402f,2.4295462948867024f,0.05469348369091415f,0.6949724327201532f,-0.7169532345981736f,0.6603483690964289f,0f,0f,0f,1f],start_interpolation:0}
execute if entity @s[tag=aj.axia.bone.ear_edge_a3] run data modify entity @s {} merge value {transformation:[-0.9921425997481588f,-0.12510731796498487f,-0.0011048785331450937f,-0.19188930714085883f,-0.10819274698461667f,0.8535027553925962f,0.5097326515313381f,2.5046182033779374f,-0.06282826803985248f,0.5058470179104093f,-0.8603321470259369f,0.7412363235578286f,0f,0f,0f,1f],start_interpolation:0}
execute if entity @s[tag=aj.axia.bone.ear_edge_a4] run data modify entity @s {} merge value {transformation:[-0.9994987743374754f,0.03163825755808296f,-0.0011048785331450937f,-0.07644319802681643f,0.026656532216538194f,0.8599197946628628f,0.5097326515313381f,2.5102135113051696f,0.017077159836262557f,0.5094477082151497f,-0.8603321470259369f,0.7444031902471713f,0f,0f,0f,1f],start_interpolation:0}
execute if entity @s[tag=aj.axia.bone.ear_edge_b3] run data modify entity @s {} merge value {transformation:[-0.9776245855592307f,-0.21008433746648908f,-0.010711716081411886f,-0.0540799597351323f,-0.16633699928659387f,0.7408678287838707f,0.6507279484864663f,2.513831583460457f,-0.128771784092922f,0.637949395661082f,-0.7592354023602865f,0.7214479452343273f,0f,0f,0f,1f],start_interpolation:0}
execute if entity @s[tag=aj.axia.bone.ear_edge_b4] run data modify entity @s {} merge value {transformation:[-0.994695863115602f,0.10230053293751255f,-0.010711716081411886f,-0.08284349163090995f,0.07074486260738744f,0.7560081358512333f,0.6507279484864663f,2.521942654562188f,0.07466796043397558f,0.6465185994907217f,-0.7592354023602865f,0.7288056203741552f,0f,0f,0f,1f],start_interpolation:0}
execute if entity @s[tag=aj.axia.bone.ear_left_2] run data modify entity @s {} merge value {transformation:[-0.9984528355809074f,-0.054563671605169874f,-0.010711716081411886f,-0.13750869356371972f,-0.048391852343628354f,0.7577673559116593f,0.6507279484864663f,2.6228147271573334f,-0.027389117313233555f,0.6502395251410173f,-0.7592354023602865f,0.7748728017428352f,0f,0f,0f,1f],start_interpolation:0}
execute if entity @s[tag=aj.axia.bone.ear_left_1] run data modify entity @s {} merge value {transformation:[-0.9984528355809074f,-0.05559419361653332f,-0.0011048785331450937f,-0.12499999999999975f,-0.048391852343628354f,0.8589708100916956f,0.5097326515313381f,2.4295462948867024f,-0.027389117313233555f,0.5089974784284726f,-0.8603321470259369f,0.6603483690964291f,0f,0f,0f,1f],start_interpolation:0}
execute if entity @s[tag=aj.axia.bone.head] run data modify entity @s {} merge value {transformation:[-1f,3.016085898134928e-16f,-5.328904242113763e-16f,1.0782460178283328e-16f,1.6315572881362692e-31f,0.8702761066821805f,0.49256420712238713f,1.9681371587395102f,6.123233995736765e-16f,0.49256420712238713f,-0.8702761066821805f,0.43510534128002365f,0f,0f,0f,1f],start_interpolation:0}
execute if entity @s[tag=aj.axia.bone.body_1] run data modify entity @s {} merge value {transformation:[-1f,1.692890932507342e-16f,-5.884565817218875e-16f,4.434119181380795e-17f,1.6315572881362692e-31f,0.9610225285063319f,0.27647007017631486f,1.6077537105496358f,6.123233995736765e-16f,0.27647007017631486f,-0.9610225285063319f,0.33142906496390556f,0f,0f,0f,1f],start_interpolation:0}
execute if entity @s[tag=aj.axia.bone.leg_left_2] run data modify entity @s {} merge value {transformation:[-0.9887169911162147f,-0.07399212117496297f,-0.13024545090761805f,0.1668818444286054f,-0.12373764032194812f,0.8934727819902919f,0.4317353173068942f,1.0404974610556301f,0.08442575345032671f,0.4429803086442532f,-0.8925473311302805f,0.4801980154806131f,0f,0f,0f,1f],start_interpolation:0}
execute if entity @s[tag=aj.axia.bone.leg_left_1] run data modify entity @s {} merge value {transformation:[-0.9903576519280737f,-0.1385202522430001f,0.001964939197056323f,0.125f,-0.12005246953500438f,0.8510706333911758f,-0.5111420365590071f,1.2690999983669276f,0.0691312217891406f,-0.5064493229314048f,-0.8594940124726071f,0.27719703275032165f,0f,0f,0f,1f],start_interpolation:0}
execute if entity @s[tag=aj.axia.bone.leg_right_2] run data modify entity @s {} merge value {transformation:[-0.9885157376646384f,0.1489495240601133f,0.025508345136475208f,-0.15774507608267224f,0.1488619993654198f,0.9888437388728094f,-0.005307093081214853f,1.152859691917599f,-0.026014256365799876f,-0.0014489217745131122f,-0.9996605219230306f,0.5950068253925219f,0f,0f,0f,1f],start_interpolation:0}
execute if entity @s[tag=aj.axia.bone.leg_right_1] run data modify entity @s {} merge value {transformation:[-0.9885157376646384f,0.10880058131887477f,-0.10487645061695561f,-0.125f,0.1488619993654198f,0.5816087242642368f,-0.799732078264125f,1.3182289917388534f,-0.026014256365799876f,-0.8061598634045246f,-0.591125649165499f,0.2970233533803435f,0f,0f,0f,1f],start_interpolation:0}
execute if entity @s[tag=aj.axia.bone.coat_downer] run data modify entity @s {} merge value {transformation:[-1f,1.6351976233928432e-16f,-5.900857844330503e-16f,-0.007812499999999987f,1.6315572881362692e-31f,0.9636832184494192f,0.2670480377740471f,1.3703480980191598f,6.123233995736765e-16f,0.2670480377740471f,-0.9636832184494192f,0.28128636240337124f,0f,0f,0f,1f],start_interpolation:0}
execute if entity @s[tag=aj.axia.bone.body_2] run data modify entity @s {} merge value {transformation:[-1f,7.521271546841954e-17f,-6.076865911778298e-16f,3.044298283060484e-17f,1.6315572881362692e-31f,0.9924275172252521f,0.12283168587185367f,1.592093621399177f,6.123233995736765e-16f,0.12283168587185367f,-0.9924275172252521f,0.30873156721536354f,0f,0f,0f,1f],start_interpolation:0}