execute if entity @s[tag=aj.axia.bone.wing_right_1] run data modify entity @s {} merge value {transformation:[-0.7410469380810777f,-0.13066656915508898f,-0.3173643453671855f,0.03285974103053366f,-0.27548521365529305f,0.6768550155296278f,0.3645814441988637f,1.562396450005275f,0.20469923561753078f,0.43787895599362836f,-0.6582588300053202f,0.41105635017950026f,0f,0f,0f,1f],start_interpolation:0}
execute if entity @s[tag=aj.axia.bone.wing_right_2] run data modify entity @s {} merge value {transformation:[-0.719649335415092f,0.15954241663606497f,-0.310887521992345f,0.03285974103053366f,0.004414089943621274f,0.7158427321987297f,0.3571410065621522f,1.562396450005275f,0.3494071405203193f,0.3195550031718826f,-0.6448249763317422f,0.41105635017950026f,0f,0f,0f,1f],start_interpolation:0}
execute if entity @s[tag=aj.axia.bone.wing_left_1] run data modify entity @s {} merge value {transformation:[-0.7410469380810779f,0.13066656915508945f,0.31736434536718466f,-0.03285974103053385f,0.27548521365529305f,0.6768550155296278f,0.3645814441988637f,1.562396450005275f,-0.20469923561752987f,0.43787895599362825f,-0.6582588300053206f,0.4110563501795003f,0f,0f,0f,1f],start_interpolation:0}
execute if entity @s[tag=aj.axia.bone.wing_left_2] run data modify entity @s {} merge value {transformation:[-0.7196493354150922f,-0.15954241663606455f,0.3108875219923442f,-0.03285974103053385f,-0.004414089943621274f,0.7158427321987297f,0.3571410065621522f,1.562396450005275f,-0.3494071405203184f,0.3195550031718828f,-0.6448249763317426f,0.4110563501795003f,0f,0f,0f,1f],start_interpolation:0}
execute if entity @s[tag=aj.axia.bone.blade] run data modify entity @s {} merge value {transformation:[-1.8097312058536787f,0.28192429156839954f,-0.8033627178199424f,-0.06968412492773947f,-0.27097670942167823f,1.5983046834347683f,1.1713213742869555f,1.3493681049359347f,0.8071211715166363f,1.1687347144387126f,-1.4080534726193714f,1.4570520375880471f,0f,0f,0f,1f],start_interpolation:0}
execute if entity @s[tag=aj.axia.bone.arm_right_2] run data modify entity @s {} merge value {transformation:[0.42068491327324004f,-0.5233195209996522f,-0.741053899986351f,-0.2818934421104799f,-0.34276098827321644f,0.6646204102276189f,-0.6639236516549468f,1.396609938781723f,0.8399637543741121f,0.5333070309395574f,0.10022226343572399f,1.1282029352644773f,0f,0f,0f,1f],start_interpolation:0}
execute if entity @s[tag=aj.axia.bone.arm_right_1] run data modify entity @s {} merge value {transformation:[0.05475399893432228f,-0.5295249930738777f,-0.8465254168132282f,-0.29843749999999986f,-0.5190183202537071f,0.7091705008755734f,-0.47717626086060516f,1.59417612553854f,0.8530076100725713f,0.46548950836511677f,-0.2360032515883659f,0.808392067172897f,0f,0f,0f,1f],start_interpolation:0}
execute if entity @s[tag=aj.axia.bone.arm_left_2] run data modify entity @s {} merge value {transformation:[0.42401543460593116f,0.5253846860587364f,0.7376868189624282f,0.298830577591138f,0.3548520444786839f,0.6530274583704269f,-0.6690554275570584f,1.4040537932057742f,-0.8332412242233586f,0.5454595037848576f,0.09045989158480913f,1.1100330258328115f,0f,0f,0f,1f],start_interpolation:0}
execute if entity @s[tag=aj.axia.bone.arm_left_1] run data modify entity @s {} merge value {transformation:[0.04269052291518585f,0.53349105651831f,0.844727655441803f,0.3071823559670784f,0.5114799238904914f,0.7146275304034573f,-0.4771747900365574f,1.5879580400879272f,-0.8582341211523841f,0.45243207822217113f,-0.24236214202173145f,0.8166107791801375f,0f,0f,0f,1f],start_interpolation:0}
execute if entity @s[tag=aj.axia.bone.ear_edge_a1] run data modify entity @s {} merge value {transformation:[-0.9939976632576458f,0.10888620678056952f,0.010603745153433385f,0.1898522670348866f,0.0660718333613429f,0.5202362736915667f,0.8514627016914975f,2.0385726455504445f,0.08719609093652558f,0.8470525447151743f,-0.5243079517010367f,1.268089289847378f,0f,0f,0f,1f],start_interpolation:0}
execute if entity @s[tag=aj.axia.bone.ear_edge_a2] run data modify entity @s {} merge value {transformation:[-0.9987934580863671f,-0.04794985581414962f,0.010603745153433385f,0.07432302156269313f,-0.016124503716720136f,0.5241672137859303f,0.8514627016914975f,2.041997578037921f,-0.046385649330004844f,0.8502643961258739f,-0.5243079517010367f,1.2713147980370887f,0f,0f,0f,1f],start_interpolation:0}
execute if entity @s[tag=aj.axia.bone.ear_edge_b1] run data modify entity @s {} merge value {transformation:[-0.9821430074033962f,0.18615242821085948f,0.02724677008038557f,0.05280515228657044f,0.04194697239497239f,0.07549166243651736f,0.996263750424287f,2.088772194764528f,0.18340001231054487f,0.9796163955211098f,-0.08195213914670108f,1.2350891169401674f,0f,0f,0f,1f],start_interpolation:0}
execute if entity @s[tag=aj.axia.bone.ear_edge_b2] run data modify entity @s {} merge value {transformation:[-0.9915977709860372f,-0.12645740032006553f,0.02724677008038557f,0.0812846052316864f,0.0165657348085907f,0.08475916481882717f,0.996263750424287f,2.088953155415727f,-0.128294337387798f,0.988344277002455f,-0.08195213914670108f,1.2467576060535719f,0f,0f,0f,1f],start_interpolation:0}
execute if entity @s[tag=aj.axia.bone.ear_right_2] run data modify entity @s {} merge value {transformation:[-0.9991718527324842f,0.030219566961185527f,0.02724677008038557f,0.1338387185498078f,0.029621037729526043f,0.08112418698735696f,0.996263750424287f,2.1275245865532044f,0.02789628704614584f,0.9962457749262069f,-0.08195213914670108f,1.3518097569339937f,0f,0f,0f,1f],start_interpolation:0}
execute if entity @s[tag=aj.axia.bone.ear_right_1] run data modify entity @s {} merge value {transformation:[-0.9991718527324842f,0.0392831935546998f,0.010603745153433385f,0.12500000000000036f,0.029621037729526043f,0.5235779423849344f,0.8514627016914975f,2.0097195495165945f,0.02789628704614584f,0.8510716591169643f,-0.5243079517010367f,1.1603186336326772f,0f,0f,0f,1f],start_interpolation:0}
execute if entity @s[tag=aj.axia.bone.ear_edge_a3] run data modify entity @s {} merge value {transformation:[-0.9959444548911316f,-0.08994946497104346f,0.0019330088022363836f,-0.1882008741571097f,-0.06986198691303486f,0.7867115055934322f,0.6133549622783514f,2.0760194898576625f,-0.05669167095940499f,0.6107324297254386f,-0.7898050099394738f,1.2512185755897434f,0f,0f,0f,1f],start_interpolation:0}
execute if entity @s[tag=aj.axia.bone.ear_edge_a4] run data modify entity @s {} merge value {transformation:[-0.997753922409751f,0.06695800021600815f,0.0019330088022363836f,-0.0725998152676636f,0.05406692359368854f,0.7879546040360677f,0.6133549622783514f,2.0777323107551045f,0.03954589851135911f,0.6120818312819264f,-0.7898050099394738f,1.2528316636878027f,0f,0f,0f,1f],start_interpolation:0}
execute if entity @s[tag=aj.axia.bone.ear_edge_b3] run data modify entity @s {} merge value {transformation:[-0.9844183815743689f,-0.17575656356130057f,-0.005484558653417429f,-0.05045150429039273f,-0.09536873561650568f,0.5074393425085184f,0.8563936699564234f,2.09886579850187f,-0.14773372765015205f,0.8435727259932274f,-0.5162942975425407f,1.2111295358780014f,0f,0f,0f,1f],start_interpolation:0}
execute if entity @s[tag=aj.axia.bone.ear_edge_b4] run data modify entity @s {} merge value {transformation:[-0.990549281570415f,0.13704758442494333f,-0.005484558653417429f,-0.07881562759845487f,0.06610632299067441f,0.5120740533548063f,0.8563936699564234f,2.1049005523828397f,0.12017518396485763f,0.8479375705109821f,-0.5162942975425407f,1.2214408830044037f,0f,0f,0f,1f],start_interpolation:0}
execute if entity @s[tag=aj.axia.bone.ear_left_2] run data modify entity @s {} merge value {transformation:[-0.9997929417465609f,-0.019595745715208557f,-0.005484558653417429f,-0.12955777535982413f,-0.014813586140036349f,0.5161108792926575f,0.8563936699564234f,2.1873949489129543f,-0.01395103219943289f,0.8562975925609183f,-0.5162942975425407f,1.2982884822703897f,0f,0f,0f,1f],start_interpolation:0}
execute if entity @s[tag=aj.axia.bone.ear_left_1] run data modify entity @s {} merge value {transformation:[-0.9997929417465609f,-0.020256779376997894f,0.0019330088022363836f,-0.12499999999999961f,-0.014813586140036349f,0.7896684417616001f,0.6133549622783514f,2.0097195495165945f,-0.01395103219943289f,0.6131993272787224f,-0.7898050099394738f,1.1603186336326774f,0f,0f,0f,1f],start_interpolation:0}
execute if entity @s[tag=aj.axia.bone.head] run data modify entity @s {} merge value {transformation:[-1f,4.198057747614878e-16f,-4.457612108992564e-16f,1.761268415764987e-16f,1.6315572881362692e-31f,0.7279833029565957f,0.6855948589483479f,1.615203267409203f,6.123233995736765e-16f,0.6855948589483479f,-0.7279833029565957f,0.8317007466390425f,0f,0f,0f,1f],start_interpolation:0}
execute if entity @s[tag=aj.axia.bone.body_1] run data modify entity @s {} merge value {transformation:[-1f,2.9667514194008655e-16f,-5.356526914151499e-16f,6.487366334896625e-17f,1.6315572881362692e-31f,0.8747872313684113f,0.4845072753166762f,1.2871580556460487f,6.123233995736765e-16f,0.4845072753166762f,-0.8747872313684113f,0.6500105183952889f,0f,0f,0f,1f],start_interpolation:0}
execute if entity @s[tag=aj.axia.bone.leg_left_2] run data modify entity @s {} merge value {transformation:[-0.9967087171814425f,-0.01899100873954055f,-0.07881037166247898f,0.14070780565017638f,-0.07743324080789933f,0.510802718368872f,0.8562036417377334f,0.6724852343546865f,0.023996381237787648f,0.8594881758895963f,-0.5105920575111459f,0.46556267524341055f,0f,0f,0f,1f],start_interpolation:0}
execute if entity @s[tag=aj.axia.bone.leg_left_1] run data modify entity @s {} merge value {transformation:[-0.9987063775609987f,-0.049517354103320435f,-0.011558679059235409f,0.12499999999999996f,-0.05069196398996196f,0.9873907392918436f,0.1499661720107135f,0.9820760812198549f,0.003987004618561635f,0.15035810454815163f,-0.9886235604065172f,0.46713838964359233f,0f,0f,0f,1f],start_interpolation:0}
execute if entity @s[tag=aj.axia.bone.leg_right_2] run data modify entity @s {} merge value {transformation:[-0.9984600466771884f,0.05116158184610107f,-0.02144825709449788f,-0.12479902427416209f,0.05346350948726124f,0.9906002710625774f,-0.1259077286112893f,0.9682526670477787f,0.014805010729226289f,-0.12686053568290362f,-0.9918100705999886f,0.8748986129059333f,0f,0f,0f,1f],start_interpolation:0}
execute if entity @s[tag=aj.axia.bone.leg_right_1] run data modify entity @s {} merge value {transformation:[-0.9984600466771884f,0.006581277504478555f,-0.05508377234536522f,-0.12499999999999999f,0.05346350948726124f,0.3791450351924046f,-0.9237914783338588f,1.0551208656617206f,0.014805010729226289f,-0.9253138543625938f,-0.37891302772793145f,0.5476482594985863f,0f,0f,0f,1f],start_interpolation:0}
execute if entity @s[tag=aj.axia.bone.coat_downer] run data modify entity @s {} merge value {transformation:[-1f,4.695930388148669e-16f,-3.9296605904592216e-16f,-0.007812500000000009f,1.6315572881362692e-31f,0.6417622767960861f,0.7669036315479956f,1.1145630059395224f,6.123233995736765e-16f,0.7669036315479956f,-0.6417622767960861f,0.530192760230126f,0f,0f,0f,1f],start_interpolation:0}
execute if entity @s[tag=aj.axia.bone.body_2] run data modify entity @s {} merge value {transformation:[-1f,3.2799901870761676e-16f,-5.170653627853106e-16f,6.479372708246011e-17f,1.6315572881362692e-31f,0.8444318200893706f,0.5356630482127294f,1.3032407407407411f,6.123233995736765e-16f,0.5356630482127294f,-0.8444318200893706f,0.6498799725651576f,0f,0f,0f,1f],start_interpolation:0}