execute if entity @s[tag=aj.axia.bone.wing_right_1] run data modify entity @s {} merge value {transformation:[-0.46813807689608006f,-0.08254537365375304f,-0.6640613275088729f,0.06679267004278006f,-0.08360769629281485f,0.8112940437533941f,-0.041906707521808646f,3.2042419059148624f,0.663928413705192f,0.043962259985950186f,-0.4735090554744222f,0.5712264863253795f,0f,0f,0f,1f],start_interpolation:0}
execute if entity @s[tag=aj.axia.bone.wing_right_2] run data modify entity @s {} merge value {transformation:[-0.45462067057876937f,0.10078697619446735f,-0.6505090555188959f,0.06679267004278006f,0.22846564893604973f,0.7655835840602935f,-0.04105146859279215f,3.2042419059148624f,0.617352001000029f,-0.20910227460974978f,-0.4638456053626993f,0.5712264863253795f,0f,0f,0f,1f],start_interpolation:0}
execute if entity @s[tag=aj.axia.bone.wing_left_1] run data modify entity @s {} merge value {transformation:[-0.4681380768960809f,0.0825453736537531f,0.6640613275088721f,-0.06679267004278025f,0.08360769629281485f,0.8112940437533941f,-0.041906707521808646f,3.2042419059148624f,-0.6639284137051913f,0.043962259985950075f,-0.47350905547442296f,0.5712264863253796f,0f,0f,0f,1f],start_interpolation:0}
execute if entity @s[tag=aj.axia.bone.wing_left_2] run data modify entity @s {} merge value {transformation:[-0.45462067057877015f,-0.1007869761944676f,0.6505090555188953f,-0.06679267004278025f,-0.22846564893604973f,0.7655835840602935f,-0.04105146859279215f,3.2042419059148624f,-0.6173520010000283f,-0.20910227460974962f,-0.4638456053627001f,0.5712264863253796f,0f,0f,0f,1f],start_interpolation:0}
execute if entity @s[tag=aj.axia.bone.blade] run data modify entity @s {} merge value {transformation:[0.18424912037847596f,-0.029273879250007368f,-1.991279815001752f,0.07483453295783123f,1.473645576421259f,1.3471395691948642f,0.11654911498388623f,4.034122234223594f,1.3395599937045777f,-1.477957381355473f,0.14567430165632786f,1.0997024225376484f,0f,0f,0f,1f],start_interpolation:0}
execute if entity @s[tag=aj.axia.bone.arm_right_2] run data modify entity @s {} merge value {transformation:[0.65377761575407f,-0.12141120691428844f,-0.7468829546686275f,-0.23042742527940202f,0.6765620800910495f,0.5358343416341461f,0.5051191048736657f,3.7624427960224205f,0.338878416134453f,-0.8355482494512908f,0.4324587170090196f,1.0407586190386557f,0f,0f,0f,1f],start_interpolation:0}
execute if entity @s[tag=aj.axia.bone.arm_right_1] run data modify entity @s {} merge value {transformation:[0.19920600593207047f,-0.13112430666923275f,-0.9711453976625255f,-0.29843749999999997f,0.8381377679135606f,0.5363046457666875f,0.09951084828269777f,3.450138370777798f,0.5077814974942135f,-0.8337767945497047f,0.21673534015695958f,0.850572778782014f,0f,0f,0f,1f],start_interpolation:0}
execute if entity @s[tag=aj.axia.bone.arm_left_2] run data modify entity @s {} merge value {transformation:[0.7079680001919407f,0.15558622930104093f,0.6888934866553094f,0.2196481796136519f,-0.6037248343668825f,0.6394719587780063f,0.47601674162291807f,3.7063481854485287f,-0.3664664173876034f,-0.7529067267520616f,0.5466569543494273f,1.056050367546451f,0f,0f,0f,1f],start_interpolation:0}
execute if entity @s[tag=aj.axia.bone.arm_left_1] run data modify entity @s {} merge value {transformation:[0.2672310478281418f,0.15558622930104093f,0.9509892177772354f,0.2984375000000001f,-0.7610157716776162f,0.6394719587780063f,0.10922732805732223f,3.450138370777798f,-0.5911366697597062f,-0.7529067267520616f,0.2892903359549033f,0.8505727787820136f,0f,0f,0f,1f],start_interpolation:0}
execute if entity @s[tag=aj.axia.bone.ear_edge_a1] run data modify entity @s {} merge value {transformation:[-0.9975640502598242f,0.0697564737441256f,-5.361958887192824e-16f,0.18593750000000012f,0.06108395409875905f,0.8735412412066638f,0.4829021127131063f,4.072864776425104f,0.033685548546455044f,0.4817257874371124f,-0.8756743398873911f,0.8963722808997283f,0f,0f,0f,1f],start_interpolation:0}
execute if entity @s[tag=aj.axia.bone.ear_edge_a2] run data modify entity @s {} merge value {transformation:[-0.9961946980917455f,-0.08715574274765789f,-5.361958887192824e-16f,0.07031250000000011f,-0.07632004749795085f,0.8723421346508081f,0.4829021127131063f,4.072864776425104f,-0.042087692307923516f,0.48106452438209907f,-0.8756743398873911f,0.8963722808997283f,0f,0f,0f,1f],start_interpolation:0}
execute if entity @s[tag=aj.axia.bone.ear_edge_b1] run data modify entity @s {} merge value {transformation:[-0.9876883405951377f,0.15643446504023137f,-3.5684467270206943e-16f,0.048437500000000064f,0.09116555976052934f,0.5755966910242404f,0.8126360132282437f,4.092785151736424f,0.1271242800017869f,0.8026311154132524f,-0.5827715761810157f,0.8440146122041648f,0f,0f,0f,1f],start_interpolation:0}
execute if entity @s[tag=aj.axia.bone.ear_edge_b2] run data modify entity @s {} merge value {transformation:[-0.9876883405951379f,-0.15643446504023037f,-3.5684467270206943e-16f,0.07656250000000007f,-0.09116555976052934f,0.5755966910242404f,0.8126360132282437f,4.100069796438687f,-0.1271242800017857f,0.8026311154132526f,-0.5827715761810157f,0.8541725623695177f,0f,0f,0f,1f],start_interpolation:0}
execute if entity @s[tag=aj.axia.bone.ear_right_2] run data modify entity @s {} merge value {transformation:[-1f,4.975960462359175e-16f,-3.5684467270206943e-16f,0.1250000000000001f,1.6315572881362692e-31f,0.5827715761810157f,0.8126360132282437f,4.189205312996868f,6.123233995736765e-16f,0.8126360132282437f,-0.5827715761810157f,0.9248430145607001f,0f,0f,0f,1f],start_interpolation:0}
execute if entity @s[tag=aj.axia.bone.ear_right_1] run data modify entity @s {} merge value {transformation:[-1f,2.956922633178001e-16f,-5.361958887192824e-16f,0.12500000000000006f,1.6315572881362692e-31f,0.8756743398873911f,0.4829021127131063f,3.992178586522205f,6.123233995736765e-16f,0.4829021127131063f,-0.8756743398873911f,0.8161900392002513f,0f,0f,0f,1f],start_interpolation:0}
execute if entity @s[tag=aj.axia.bone.ear_edge_a3] run data modify entity @s {} merge value {transformation:[-0.9975640502598242f,-0.0697564737441253f,-6.123200598292802e-16f,-0.18593749999999995f,-0.06975609327721444f,0.9975586093295101f,-0.003302787197840491f,4.101656202067207f,0.00023039078844920425f,-0.003294741774224013f,-0.9999945457834887f,0.8470786264062218f,0f,0f,0f,1f],start_interpolation:0}
execute if entity @s[tag=aj.axia.bone.ear_edge_a4] run data modify entity @s {} merge value {transformation:[-0.9961946980917455f,0.08715574274765818f,-6.123200598292802e-16f,-0.07031249999999994f,0.08715526738136703f,0.9961892646301748f,-0.003302787197840491f,4.101656202067207f,-0.0002878568713646347f,-0.0032902190954140435f,-0.9999945457834887f,0.8470786264062218f,0f,0f,0f,1f],start_interpolation:0}
execute if entity @s[tag=aj.axia.bone.ear_edge_b3] run data modify entity @s {} merge value {transformation:[-0.9876883405951378f,-0.15643446504023056f,-5.360560570576655e-16f,-0.048437499999999994f,-0.13694992315462118f,0.8646677847521202f,0.48331598417578164f,4.095378756315804f,-0.07560727742993048f,0.4773655623936838f,-0.8754459774538892f,0.7839004633047483f,0f,0f,0f,1f],start_interpolation:0}
execute if entity @s[tag=aj.axia.bone.ear_edge_b4] run data modify entity @s {} merge value {transformation:[-0.9876883405951378f,0.15643446504023117f,-5.360560570576655e-16f,-0.0765625f,0.13694992315462118f,0.8646677847521202f,0.48331598417578164f,4.106321831033977f,0.0756072774299317f,0.47736556239368355f,-0.8754459774538892f,0.7899419131069454f,0f,0f,0f,1f],start_interpolation:0}
execute if entity @s[tag=aj.axia.bone.ear_left_2] run data modify entity @s {} merge value {transformation:[-1f,2.959456864988119e-16f,-5.360560570576655e-16f,-0.12499999999999997f,1.6315572881362692e-31f,0.8754459774538892f,0.48331598417578164f,4.21717735932349f,6.123233995736765e-16f,0.48331598417578164f,-0.8754459774538892f,0.8154469120807375f,0f,0f,0f,1f],start_interpolation:0}
execute if entity @s[tag=aj.axia.bone.ear_left_1] run data modify entity @s {} merge value {transformation:[-1f,-2.0223738850499604e-18f,-6.123200598292802e-16f,-0.12499999999999997f,1.6315572881362692e-31f,0.9999945457834887f,-0.003302787197840491f,3.992178586522205f,6.123233995736765e-16f,-0.003302787197840491f,-0.9999945457834887f,0.8161900392002516f,0f,0f,0f,1f],start_interpolation:0}
execute if entity @s[tag=aj.axia.bone.head] run data modify entity @s {} merge value {transformation:[-1f,-6.15990125958671e-19f,-6.123230897341933e-16f,5.998050131476035e-17f,1.6315572881362692e-31f,0.9999994939937239f,-0.0010059882186238406f,3.479710282982253f,6.123233995736765e-16f,-0.0010059882186238406f,-0.9999994939937239f,0.8479555923496f,0f,0f,0f,1f],start_interpolation:0}
execute if entity @s[tag=aj.axia.bone.body_1] run data modify entity @s {} merge value {transformation:[-1f,-5.3981119784881464e-17f,-6.099393284354063e-16f,8.022342123409091e-17f,1.6315572881362692e-31f,0.9961065163605864f,-0.08815785877604118f,3.1061703393470332f,6.123233995736765e-16f,-0.08815785877604118f,-0.9961065163605864f,0.8810147893906155f,0f,0f,0f,1f],start_interpolation:0}
execute if entity @s[tag=aj.axia.bone.leg_left_2] run data modify entity @s {} merge value {transformation:[-0.9991792727618849f,0.00523792290616164f,-0.04016646669374954f,0.12391564771155675f,-0.0014256939727716814f,0.9864422023737462f,0.16410286034292176f,2.7217362426704557f,0.040481455998110864f,0.16402544174505862f,-0.9856251347143147f,1.1248277245169973f,0f,0f,0f,1f],start_interpolation:0}
execute if entity @s[tag=aj.axia.bone.leg_left_1] run data modify entity @s {} merge value {transformation:[-0.9999918357605463f,0.003977573679479125f,-0.0007122639096449212f,0.12500000000000006f,0.0027491259475780567f,0.5404912362471044f,-0.8413451526256039f,2.8155301718400745f,-0.0029615399333827704f,-0.8413402417855101f,-0.5404977583982398f,0.8457526049112216f,0f,0f,0f,1f],start_interpolation:0}
execute if entity @s[tag=aj.axia.bone.leg_right_2] run data modify entity @s {} merge value {transformation:[-0.9999489104382991f,-0.004681277982459009f,0.008958914538564337f,-0.12823559092506048f,-0.00845873451845523f,0.8727567612674114f,-0.48808204788986576f,2.9938446380699584f,-0.005534105492728604f,-0.4881328930716202f,-0.8727517701946678f,1.0203268724686716f,0f,0f,0f,1f],start_interpolation:0}
execute if entity @s[tag=aj.axia.bone.leg_right_1] run data modify entity @s {} merge value {transformation:[-0.9999489104382991f,0.008364872262483143f,0.005674982404439248f,-0.125f,-0.00845873451845523f,-0.38508524409255324f,-0.9228422425271424f,2.7776840140576904f,-0.005534105492728604f,-0.922843098091009f,0.38513632648996415f,0.7660888045237149f,0f,0f,0f,1f],start_interpolation:0}
execute if entity @s[tag=aj.axia.bone.coat_downer] run data modify entity @s {} merge value {transformation:[-1f,2.0410972840129395e-16f,-5.773033556436462e-16f,-0.007812499999999935f,1.6315572881362692e-31f,0.9428079280419258f,0.3333364828837228f,2.888140931290715f,6.123233995736765e-16f,0.3333364828837228f,-0.9428079280419258f,0.854665041566032f,0f,0f,0f,1f],start_interpolation:0}
execute if entity @s[tag=aj.axia.bone.body_2] run data modify entity @s {} merge value {transformation:[-1f,7.285523748615274e-17f,-6.079737330150872e-16f,8.036744619404503e-17f,1.6315572881362692e-31f,0.9928964554325088f,0.11898163215202495f,3.1099912330514163f,6.123233995736765e-16f,0.11898163215202495f,-0.9928964554325088f,0.88125f,0f,0f,0f,1f],start_interpolation:0}