execute if entity @s[tag=aj.axia.bone.wing_right_1] run data modify entity @s {} merge value {transformation:[-0.7803289483803155f,-0.13759304742731254f,-0.19773550531905124f,-0.08776437349087372f,-0.1719532440758483f,0.7876163928050182f,0.1305256453002528f,1.1997444146481016f,0.16871057647909024f,0.16635208303150575f,-0.7815421743576072f,-0.008185502600505757f,0f,0f,0f,1f],start_interpolation:0}
execute if entity @s[tag=aj.axia.bone.wing_right_2] run data modify entity @s {} merge value {transformation:[-0.7577970844346318f,0.16799956898553922f,-0.19370008684315224f,-0.08776437349087372f,0.13963460751187712f,0.7772731321784658f,0.1278618566206558f,1.1997444146481016f,0.21504826250722348f,0.08730763319521477f,-0.7655923340645948f,-0.008185502600505757f,0f,0f,0f,1f],start_interpolation:0}
execute if entity @s[tag=aj.axia.bone.wing_left_1] run data modify entity @s {} merge value {transformation:[-0.7803289483803157f,0.13759304742731276f,0.19773550531905026f,-0.14371536609245972f,0.1719532440758483f,0.7876163928050182f,0.1305256453002528f,1.1997444146481016f,-0.16871057647908927f,0.1663520830315056f,-0.7815421743576074f,-0.008185502600505708f,0f,0f,0f,1f],start_interpolation:0}
execute if entity @s[tag=aj.axia.bone.wing_left_2] run data modify entity @s {} merge value {transformation:[-0.757797084434632f,-0.16799956898553908f,0.1937000868431513f,-0.14371536609245972f,-0.13963460751187712f,0.7772731321784658f,0.1278618566206558f,1.1997444146481016f,-0.21504826250722253f,0.08730763319521498f,-0.765592334064595f,-0.008185502600505708f,0f,0f,0f,1f],start_interpolation:0}
execute if entity @s[tag=aj.axia.bone.blade] run data modify entity @s {} merge value {transformation:[-0.647232269017079f,-1.883056146403429f,-0.18758981698182428f,-1.1497609009171812f,-0.20836476231890383f,-0.12613886358248327f,1.9851128715813384f,1.2984430523347015f,-1.8808706802347663f,0.6619581078787309f,-0.15536070174538702f,0.5001098002238173f,0f,0f,0f,1f],start_interpolation:0}
execute if entity @s[tag=aj.axia.bone.arm_right_2] run data modify entity @s {} merge value {transformation:[-0.8731883224425487f,-0.09092093067117508f,-0.47882725268707843f,-0.7835332013186403f,-0.04125334969781306f,0.9927076350325748f,-0.11326832075537245f,1.3222896422885053f,0.4856339307427742f,-0.07915134688632504f,-0.8705715074578325f,0.3554784882205019f,0f,0f,0f,1f],start_interpolation:0}
execute if entity @s[tag=aj.axia.bone.arm_right_1] run data modify entity @s {} merge value {transformation:[-0.9941085522758908f,-0.09481152321840697f,0.05252581609968592f,-0.41417736979166647f,-0.09623079474422176f,0.9950405276607277f,-0.025179008232174283f,1.3582328378854638f,-0.049878055644020584f,-0.03008526844929113f,-0.998302086638862f,0.3802662782046149f,0f,0f,0f,1f],start_interpolation:0}
execute if entity @s[tag=aj.axia.bone.arm_left_2] run data modify entity @s {} merge value {transformation:[-0.16142723858530084f,0.5815820369587298f,0.7973102162456336f,0.3811818910983491f,0.49951145327146873f,0.7449256106973727f,-0.4422376539574298f,1.1318883490518192f,-0.851134275360445f,0.3268763815482556f,-0.4107581727641821f,0.5333820389171564f,0f,0f,0f,1f],start_interpolation:0}
execute if entity @s[tag=aj.axia.bone.arm_left_1] run data modify entity @s {} merge value {transformation:[-0.5720656996547174f,0.5815820369587298f,0.5783624897635506f,0.18269763020833357f,0.6601949086130561f,0.7449256106973727f,-0.09606517146471266f,1.3582328378854638f,-0.48670680899280316f,0.3268763815482556f,-0.810103890415274f,0.3802662782046145f,0f,0f,0f,1f],start_interpolation:0}
execute if entity @s[tag=aj.axia.bone.ear_edge_a1] run data modify entity @s {} merge value {transformation:[-0.9506983309866769f,0.3096461296295525f,0.017086774551840257f,0.1258002017406952f,0.3065717628691952f,0.9300941149152061f,0.20233312040141388f,1.9696404959581084f,0.04675935917461853f,0.19759608246505667f,-0.9791676825365722f,0.5096608299302996f,0f,0f,0f,1f],start_interpolation:0}
execute if entity @s[tag=aj.axia.bone.ear_edge_a2] run data modify entity @s {} merge value {transformation:[-0.987432983579175f,0.15711188712297852f,0.017086774551840257f,0.01364599833258726f,0.15729858043777417f,0.9666015026787864f,0.20233312040141388f,1.997499748142447f,0.015272836416004517f,0.2024781221361173f,-0.9791676825365722f,0.5134604813119643f,0f,0f,0f,1f],start_interpolation:0}
execute if entity @s[tag=aj.axia.bone.ear_edge_b1] run data modify entity @s {} merge value {transformation:[-0.9235507473080272f,0.36949654711235436f,0.10259784997178284f,-0.009066968083555893f,0.3653694582510548f,0.7666230720758763f,0.5280096820497484f,2.003098057634113f,0.11644387542552606f,0.5251298573048322f,-0.8430180643633273f,0.46766088579862447f,0f,0f,0f,1f],start_interpolation:0}
execute if entity @s[tag=aj.axia.bone.ear_edge_b2] run data modify entity @s {} merge value {transformation:[-0.9925296687771389f,0.06601922279390071f,0.10259784997178284f,0.020969687401549614f,0.1105874465735198f,0.8420072400651152f,0.5280096820497484f,2.0065007458492645f,-0.05152934365477659f,0.5354113090882717f,-0.8430180643633273f,0.4734476521823267f,0f,0f,0f,1f],start_interpolation:0}
execute if entity @s[tag=aj.axia.bone.ear_right_2] run data modify entity @s {} merge value {transformation:[-0.9699822997457983f,0.22047226438039774f,0.10259784997178284f,0.09527354177371093f,0.24094488375644074f,0.8143410456641117f,0.5280096820497484f,2.1003988324758787f,0.03286184978737059f,0.5368804727177746f,-0.8430180643633273f,0.5042328935254036f,0f,0f,0f,1f],start_interpolation:0}
execute if entity @s[tag=aj.axia.bone.ear_right_1] run data modify entity @s {} merge value {transformation:[-0.9699822997457983f,0.24257448405647913f,0.017086774551840257f,0.04069428286100321f,0.24094488375644074f,0.9492138175249147f,0.20233312040141388f,1.8868257235327732f,0.03286184978737059f,0.20037651634987258f,-0.9791676825365722f,0.45914817734668234f,0f,0f,0f,1f],start_interpolation:0}
execute if entity @s[tag=aj.axia.bone.ear_edge_a3] run data modify entity @s {} merge value {transformation:[-0.9998136322224751f,-0.00898570851496501f,0.017086774551840257f,-0.2635090676888463f,-0.005343499361025683f,0.9793021777792621f,0.20233312040141388f,2.006977363384624f,-0.01855122197269086f,0.20220410885854523f,-0.9791676825365722f,0.5105824751100085f,0f,0f,0f,1f],start_interpolation:0}
execute if entity @s[tag=aj.axia.bone.ear_edge_a4] run data modify entity @s {} merge value {transformation:[-0.9889099418187597f,0.14753023116443564f,0.017086774551840257f,-0.1481147455989007f,0.1479189002767693f,0.9680812503759888f,0.20233312040141388f,1.9996950483842895f,0.013308865952004041f,0.20261669122515563f,-0.9791676825365722f,0.5110913391761294f,0f,0f,0f,1f],start_interpolation:0}
execute if entity @s[tag=aj.axia.bone.ear_edge_b3] run data modify entity @s {} merge value {transformation:[-0.9938029588079978f,-0.10507500720572324f,0.03626185220291721f,-0.12615390894970546f,-0.07154894814320242f,0.8543529433567856f,0.5147443988983254f,1.9973471110357846f,-0.08506719158447826f,0.5089600092721571f,-0.8565764892160042f,0.46794150114145266f,0f,0f,0f,1f],start_interpolation:0}
execute if entity @s[tag=aj.axia.bone.ear_edge_b4] run data modify entity @s {} merge value {transformation:[-0.977632742798389f,0.20716973302901384f,0.03626185220291721f,-0.15357675217282574f,0.1959624853258469f,0.8346477749013166f,0.5147443988983254f,2.009806324483955f,0.07637358544298103f,0.5103369412152801f,-0.8565764892160042f,0.47426773974058056f,0f,0f,0f,1f],start_interpolation:0}
execute if entity @s[tag=aj.axia.bone.ear_left_2] run data modify entity @s {} merge value {transformation:[-0.9980049478049351f,0.0516836747114848f,0.03626185220291721f,-0.19513153202921746f,0.06298218378667826f,0.8550271623336083f,0.5147443988983254f,2.122461382356933f,-0.004400986517801176f,0.5160013075952954f,-0.8565764892160042f,0.5037241946863599f,0f,0f,0f,1f],start_interpolation:0}
execute if entity @s[tag=aj.axia.bone.ear_left_1] run data modify entity @s {} merge value {transformation:[-0.9980049478049351f,0.06077965360450296f,0.017086774551840257f,-0.2088069540902306f,0.06298218378667826f,0.9772893905666263f,0.20233312040141388f,1.9025712694794428f,-0.004400986517801176f,0.20300561764056826f,-0.9791676825365722f,0.45804793071723204f,0f,0f,0f,1f],start_interpolation:0}
execute if entity @s[tag=aj.axia.bone.head] run data modify entity @s {} merge value {transformation:[-0.9980049478049351f,0.06077965360450296f,0.017086774551840257f,-0.11573986979166648f,0.06298218378667826f,0.9772893905666263f,0.20233312040141388f,1.3875147738281677f,-0.004400986517801176f,0.20300561764056826f,-0.9791676825365722f,0.3851566650704338f,0f,0f,0f,1f],start_interpolation:0}
execute if entity @s[tag=aj.axia.bone.body_1] run data modify entity @s {} merge value {transformation:[-1f,1.0086731152534873e-16f,-6.03958385264343e-16f,-0.11573986979166652f,1.6315572881362692e-31f,0.986338894912137f,0.16472882074337897f,1.0176376882361164f,6.123233995736765e-16f,0.16472882074337897f,-0.986338894912137f,0.3233833572916667f,0f,0f,0f,1f],start_interpolation:0}
execute if entity @s[tag=aj.axia.bone.leg_left_2] run data modify entity @s {} merge value {transformation:[-0.9980024446023147f,-0.018808903083688395f,-0.060310411477557814f,0.01378041584275194f,-0.05639586082221174f,0.6954824900033189f,0.7163264709480623f,0.3627150264814024f,0.02847151997919401f,0.7182968267113338f,-0.6951539694819431f,0.2286887848932571f,0f,0f,0f,1f],start_interpolation:0}
execute if entity @s[tag=aj.axia.bone.leg_left_1] run data modify entity @s {} merge value {transformation:[-0.9997859933510892f,-0.013246575659309883f,-0.01589011429405209f,0.00926013020833344f,-0.015301037625743724f,0.9904458912941847f,0.13705040921516332f,0.6809893495042081f,0.01392284979993085f,0.137264214753046f,-0.9904366156406366f,0.2538710668025286f,0f,0f,0f,1f],start_interpolation:0}
execute if entity @s[tag=aj.axia.bone.leg_right_2] run data modify entity @s {} merge value {transformation:[-0.9986611873268754f,0.04686725347178741f,-0.02189277229788009f,-0.22822364206135806f,0.0407405179376499f,0.9734095846113322f,0.2254195882902939f,0.7778817675268772f,0.0318754313703771f,0.22422587080621376f,-0.9740157677040693f,0.5122340916282482f,0f,0f,0f,1f],start_interpolation:0}
execute if entity @s[tag=aj.axia.bone.leg_right_1] run data modify entity @s {} merge value {transformation:[-0.9986611873268754f,-0.03799185268581798f,-0.03510629653459191f,-0.24073986979166662f,0.0407405179376499f,-0.15946705081987336f,-0.9863622407112833f,0.7309783604185001f,0.0318754313703771f,-0.9864719351468194f,0.16080136206712087f,0.18004715980814753f,0f,0f,0f,1f],start_interpolation:0}
execute if entity @s[tag=aj.axia.bone.coat_downer] run data modify entity @s {} merge value {transformation:[-1f,2.6789114781204763e-16f,-5.506126393295091e-16f,-0.12355236979166655f,1.6315572881362692e-31f,0.8992186803784848f,0.43749944555207887f,0.7988162680603761f,6.123233995736765e-16f,0.43749944555207887f,-0.8992186803784848f,0.278200368473727f,0f,0f,0f,1f],start_interpolation:0}
execute if entity @s[tag=aj.axia.bone.body_2] run data modify entity @s {} merge value {transformation:[-1f,1.238225513438894e-16f,-5.996731788600806e-16f,-0.11573986979166652f,1.6315572881362692e-31f,0.9793406217655515f,0.20221757233203785f,1.0176376882361164f,6.123233995736765e-16f,0.20221757233203785f,-0.9793406217655515f,0.3233833572916667f,0f,0f,0f,1f],start_interpolation:0}