execute if entity @s[tag=aj.axia.bone.wing_right_1] run data modify entity @s {} merge value {transformation:[-0.7731194840934998f,-0.13632182435709272f,-0.22504903457557626f,-0.01163822387967027f,-0.2270169563673063f,0.6987296500704999f,0.35662953057553387f,1.1547308568292585f,0.13301883055105213f,0.40017206394344307f,-0.6993659660024357f,0.3870606164855993f,0f,0f,0f,1f],start_interpolation:0}
execute if entity @s[tag=aj.axia.bone.wing_right_2] run data modify entity @s {} merge value {transformation:[-0.750795792187017f,0.16644741986263978f,-0.2204561971352584f,-0.01163822387967027f,0.05647928940095502f,0.7174703515362858f,0.3493513768903189f,1.1547308568292585f,0.270399275707301f,0.3123004180071948f,-0.6850931911860595f,0.3870606164855993f,0f,0f,0f,1f],start_interpolation:0}
execute if entity @s[tag=aj.axia.bone.wing_left_1] run data modify entity @s {} merge value {transformation:[-0.7731194840935001f,0.1363218243570932f,0.22504903457557543f,-0.06938203653699648f,0.2270169563673063f,0.6987296500704999f,0.35662953057553387f,1.1547308568292585f,-0.13301883055105115f,0.4001720639434428f,-0.699365966002436f,0.38706061648559936f,0f,0f,0f,1f],start_interpolation:0}
execute if entity @s[tag=aj.axia.bone.wing_left_2] run data modify entity @s {} merge value {transformation:[-0.7507957921870172f,-0.16644741986263936f,0.22045619713525758f,-0.06938203653699648f,-0.05647928940095502f,0.7174703515362858f,0.3493513768903189f,1.1547308568292585f,-0.27039927570730005f,0.31230041800719505f,-0.6850931911860597f,0.38706061648559936f,0f,0f,0f,1f],start_interpolation:0}
execute if entity @s[tag=aj.axia.bone.blade] run data modify entity @s {} merge value {transformation:[-0.56531857102555f,-1.8720288155705087f,-0.4194317905539684f,-1.063176233386862f,-0.34183736670758674f,-0.33197135407779194f,1.9424063001324363f,1.04857668366087f,-1.8877399524235463f,0.620727906369156f,-0.22612991460333554f,0.8905376258601696f,0f,0f,0f,1f],start_interpolation:0}
execute if entity @s[tag=aj.axia.bone.arm_right_2] run data modify entity @s {} merge value {transformation:[-0.8736146799365653f,-0.20397686856403122f,-0.4418040607442902f,-0.6988604413301172f,-0.12731384431471576f,0.9720903352873207f,-0.19705726347128855f,1.1107258093309458f,0.46966858107088766f,-0.11590434474943737f,-0.8752014664196254f,0.7526656619582445f,0f,0f,0f,1f],start_interpolation:0}
execute if entity @s[tag=aj.axia.bone.arm_right_1] run data modify entity @s {} merge value {transformation:[-0.9697583099051214f,-0.21550548347408677f,0.1145696598692811f,-0.33894763020833313f,-0.2144122192455665f,0.976497057585362f,0.021929358525077824f,1.1903232948721092f,-0.11660283276213218f,-0.003298957370199307f,-0.9931731451625723f,0.8022346725489284f,0f,0f,0f,1f],start_interpolation:0}
execute if entity @s[tag=aj.axia.bone.arm_left_2] run data modify entity @s {} merge value {transformation:[0.10984407137137703f,0.5669954777380625f,0.8163641394678885f,0.3477233182458472f,0.7171574425517286f,0.5234726708806207f,-0.4600669140829118f,0.9023992870105413f,-0.6882001762403318f,0.6359972413978663f,-0.3491246573318483f,0.9542501946614611f,0f,0f,0f,1f],start_interpolation:0}
execute if entity @s[tag=aj.axia.bone.arm_left_1] run data modify entity @s {} merge value {transformation:[-0.24215189102348297f,0.5669954777380625f,0.7873236881348977f,0.2579273697916669f,0.8439121169949091f,0.5234726708806207f,-0.11742530234272411f,1.1903232948721092f,-0.478722049275905f,0.6359972413978663f,-0.6052542510973238f,0.802234672548928f,0f,0f,0f,1f],start_interpolation:0}
execute if entity @s[tag=aj.axia.bone.ear_edge_a1] run data modify entity @s {} merge value {transformation:[-0.9857483298326211f,0.16815723448296288f,0.004834741279518351f,0.16698139241861232f,0.15301731877057712f,0.8843148624401458f,0.44110421016323303f,1.7660088643422505f,0.06989943053030995f,0.43555753759808574f,-0.8974428678489961f,1.086796189010707f,0f,0f,0f,1f],start_interpolation:0}
execute if entity @s[tag=aj.axia.bone.ear_edge_a2] run data modify entity @s {} merge value {transformation:[-0.999917719155797f,0.011881927243877932f,0.004834741279518351f,0.051925596700484376f,0.012796099225878987f,0.8973646614508909f,0.44110421016323303f,1.7765258703491416f,0.0009026421606301502f,0.44112978156558347f,-0.8974428678489961f,1.0913455935123342f,0f,0f,0f,1f],start_interpolation:0}
execute if entity @s[tag=aj.axia.bone.ear_edge_b1] run data modify entity @s {} merge value {transformation:[-0.9696601116415566f,0.23879114834848203f,0.05232643081366571f,0.029861979970527877f,0.17837688359272785f,0.5447832633619873f,0.819385674368554f,1.8009494289486734f,0.16715548238400835f,0.8038594301437765f,-0.5708494208439671f,1.0328516045318654f,0f,0f,0f,1f],start_interpolation:0}
execute if entity @s[tag=aj.axia.bone.ear_edge_b2] run data modify entity @s {} merge value {transformation:[-0.9959920907141786f,-0.07253757559432324f,0.05232643081366571f,0.05890056202775764f,0.0012992108673891695f,0.5732411610227515f,0.819385674368554f,1.805465992920028f,-0.08943191424721691f,0.8161696339831481f,-0.5708494208439671f,1.0419963859397607f,0f,0f,0f,1f],start_interpolation:0}
execute if entity @s[tag=aj.axia.bone.ear_right_2] run data modify entity @s {} merge value {transformation:[-0.9950771521567822f,0.08416297222562213f,0.05232643081366571f,0.11794013763545624f,0.09095788978932974f,0.565980369734377f,0.819385674368554f,1.8885701253970721f,0.039346201095154465f,0.8201114650957436f,-0.5708494208439671f,1.111951201417687f,0f,0f,0f,1f],start_interpolation:0}
execute if entity @s[tag=aj.axia.bone.ear_right_1] run data modify entity @s {} merge value {transformation:[-0.9950771521567822f,0.09898528442303083f,0.004834741279518351f,0.09566844864027435f,0.09095788978932974f,0.8928346644599674f,0.44110421016323303f,1.6876823258935798f,0.039346201095154465f,0.439372479118059f,-0.8974428678489961f,1.013092393616124f,0f,0f,0f,1f],start_interpolation:0}
execute if entity @s[tag=aj.axia.bone.ear_edge_a3] run data modify entity @s {} merge value {transformation:[-0.9988252657425931f,-0.0482152858645288f,0.004834741279518351f,-0.2129841638960412f,-0.041141306620964935f,0.8965123918082728f,0.44110421016323303f,1.7787129487590454f,-0.025602371057342657f,0.44038712236305416f,-0.8974428678489961f,1.0909934366545997f,0f,0f,0f,1f],start_interpolation:0}
execute if entity @s[tag=aj.axia.bone.ear_edge_a4] run data modify entity @s {} merge value {transformation:[-0.9940706017167787f,0.10862902042825237f,0.004834741279518351f,-0.0973874335242145f,0.09961064754808843f,0.8919107548803977f,0.44110421016323303f,1.7762274211895996f,0.04360456051254333f,0.4389703193263498f,-0.8974428678489961f,1.090394516756176f,0f,0f,0f,1f],start_interpolation:0}
execute if entity @s[tag=aj.axia.bone.ear_edge_b3] run data modify entity @s {} merge value {transformation:[-0.9906809249987459f,-0.13597711375024155f,0.007844066533577018f,-0.07563661690785353f,-0.1079239404892109f,0.8188200235414934f,0.5638139694232394f,1.7750383888834564f,-0.08308867499792358f,0.5577131821856662f,-0.8258645642618573f,1.070328029258893f,0f,0f,0f,1f],start_interpolation:0}
execute if entity @s[tag=aj.axia.bone.ear_edge_b4] run data modify entity @s {} merge value {transformation:[-0.9842127882842476f,0.17681532172853062f,0.007844066533577018f,-0.10349632012820081f,0.15038753574230163f,0.812094450773165f,0.5638139694232394f,1.7859632518480342f,0.0933208254951966f,0.5560925687558391f,-0.8258645642618573f,1.0775217717257435f,0f,0f,0f,1f],start_interpolation:0}
execute if entity @s[tag=aj.axia.bone.ear_left_2] run data modify entity @s {} merge value {transformation:[-0.999755505918501f,0.020673630688847547f,0.007844066533577018f,-0.1494156720103612f,0.021496454654665664f,0.8256220141932327f,0.5638139694232394f,1.8949260807172306f,0.005179847770151647f,0.5638447398651961f,-0.8258645642618573f,1.113634921391683f,0f,0f,0f,1f],start_interpolation:0}
execute if entity @s[tag=aj.axia.bone.ear_left_1] run data modify entity @s {} merge value {transformation:[-0.999755505918501f,0.02157669257328758f,0.004834741279518351f,-0.1542704278393509f,0.021496454654665664f,0.8971984051554875f,0.44110421016323303f,1.6930564395572463f,0.005179847770151647f,0.44110029259120603f,-0.8974428678489961f,1.0143873555586618f,0f,0f,0f,1f],start_interpolation:0}
execute if entity @s[tag=aj.axia.bone.head] run data modify entity @s {} merge value {transformation:[-0.999755505918501f,0.02157669257328758f,0.004834741279518351f,-0.04051013020833311f,0.021496454654665664f,0.8971984051554875f,0.44110421016323303f,1.2167706935156244f,0.005179847770151647f,0.44110029259120603f,-0.8974428678489961f,0.8157210642546808f,0f,0f,0f,1f],start_interpolation:0}
execute if entity @s[tag=aj.axia.bone.body_1] run data modify entity @s {} merge value {transformation:[-1f,2.7816532942311124e-16f,-5.454942668556622e-16f,-0.04051013020833322f,1.6315572881362692e-31f,0.8908597437815649f,0.4542784574569266f,0.8826982895975377f,6.123233995736765e-16f,0.4542784574569266f,-0.8908597437815649f,0.6453666427083333f,0f,0f,0f,1f],start_interpolation:0}
execute if entity @s[tag=aj.axia.bone.leg_left_2] run data modify entity @s {} merge value {transformation:[-0.9962070524688467f,-0.004901094490755806f,-0.08687627917979307f,0.09130059043647916f,-0.08331951289424719f,0.34158187886431296f,0.9361515255569426f,0.2762189576988773f,0.02508719558655453f,0.9398392412026211f,-0.34069463352580637f,0.38424681515312165f,0f,0f,0f,1f],start_interpolation:0}
execute if entity @s[tag=aj.axia.bone.leg_left_1] run data modify entity @s {} merge value {transformation:[-0.9987932494080279f,-0.01869549538662531f,-0.04541501281736665f,0.08448986979166671f,-0.03990939945806635f,0.8478890018285836f,0.5286695380036801f,0.5563961308693073f,0.028623150976952207f,0.5298440516136581f,-0.8476119372671517f,0.5372418827812161f,0f,0f,0f,1f],start_interpolation:0}
execute if entity @s[tag=aj.axia.bone.leg_right_2] run data modify entity @s {} merge value {transformation:[-0.9924610263735439f,0.09514427437265985f,-0.07725722091605247f,-0.13668796347937334f,0.08702124610225742f,0.9909237647981974f,0.10245679618735656f,0.6507783362225625f,0.0863041937357743f,0.09496135746853665f,-0.9917327899849591f,0.8068347896795072f,0f,0f,0f,1f],start_interpolation:0}
execute if entity @s[tag=aj.axia.bone.leg_right_1] run data modify entity @s {} merge value {transformation:[-0.9924610263735439f,-0.07350986525477207f,-0.0980683987826709f,-0.16551013020833333f,0.08702124610225742f,0.14080318067761213f,-0.9862057427524332f,0.6540770584747313f,0.0863041937357743f,-0.9873047979328842f,-0.1333447491366832f,0.47206616669095924f,0f,0f,0f,1f],start_interpolation:0}
execute if entity @s[tag=aj.axia.bone.coat_downer] run data modify entity @s {} merge value {transformation:[-1f,3.5170045971951093e-16f,-5.012451818207823e-16f,-0.04832263020833326f,1.6315572881362692e-31f,0.8185955038951129f,0.5743704388308177f,0.6706018864241879f,6.123233995736765e-16f,0.5743704388308177f,-0.8185955038951129f,0.5750855487557072f,0f,0f,0f,1f],start_interpolation:0}
execute if entity @s[tag=aj.axia.bone.body_2] run data modify entity @s {} merge value {transformation:[-1f,1.9260311440482924e-16f,-5.812434825329438e-16f,-0.04051013020833322f,1.6315572881362692e-31f,0.949242643573034f,0.3145447561516135f,0.8826982895975377f,6.123233995736765e-16f,0.3145447561516135f,-0.949242643573034f,0.6453666427083333f,0f,0f,0f,1f],start_interpolation:0}