execute if entity @s[tag=aj.axia.bone.wing_right_1] run data modify entity @s {} merge value {transformation:[-0.7851954995880338f,-0.13845115170823277f,-0.17675901804945116f,0.02737039928800644f,-0.13408471815117076f,0.8048330362695234f,-0.034778104202866436f,1.1019609429487305f,0.1800937539990307f,-0.00441664627157883f,-0.7965495448813542f,-0.35378324726141364f,0f,0f,0f,1f],start_interpolation:0}
execute if entity @s[tag=aj.axia.bone.wing_right_2] run data modify entity @s {} merge value {transformation:[-0.7625231148146598f,0.1690473046962797f,-0.1731516911504828f,0.02737039928800644f,0.1803606289743935f,0.7786587129483649f,-0.03406834697423651f,1.1019609429487305f,0.16133363843076923f,-0.07150956246907803f,-0.7802934317205104f,-0.35378324726141364f,0f,0f,0f,1f],start_interpolation:0}
execute if entity @s[tag=aj.axia.bone.wing_left_1] run data modify entity @s {} merge value {transformation:[-0.785195499588034f,0.13845115170823277f,0.1767590180494502f,-0.027370399288006872f,0.13408471815117076f,0.8048330362695234f,-0.034778104202866436f,1.1019609429487305f,-0.18009375399902977f,-0.004416646271579f,-0.7965495448813545f,-0.3537832472614136f,0f,0f,0f,1f],start_interpolation:0}
execute if entity @s[tag=aj.axia.bone.wing_left_2] run data modify entity @s {} merge value {transformation:[-0.7625231148146601f,-0.16904730469627982f,0.17315169115048185f,-0.027370399288006872f,-0.1803606289743935f,0.7786587129483649f,-0.03406834697423651f,1.1019609429487305f,-0.1613336384307683f,-0.07150956246907783f,-0.7802934317205106f,-0.3537832472614136f,0f,0f,0f,1f],start_interpolation:0}
execute if entity @s[tag=aj.axia.bone.blade] run data modify entity @s {} merge value {transformation:[-0.23154526794873345f,1.9768064459510568f,0.19652751496139037f,-0.04174089276080378f,1.4038973243974837f,0.02284349227977178f,1.4242719113322597f,0.8885931564381543f,1.40551026016893f,0.30284393688303246f,-1.3902612914315964f,0.40173355886556783f,0f,0f,0f,1f],start_interpolation:0}
execute if entity @s[tag=aj.axia.bone.arm_right_2] run data modify entity @s {} merge value {transformation:[0.3721552427673822f,-0.9277114801455633f,0.029187067116768613f,-0.28577518671443614f,-0.6546676533900168f,-0.28465414125871213f,-0.7002730063832775f,1.0575037741541526f,0.657959526783798f,0.24150244195534148f,-0.7132782287747518f,0.22594289975568563f,0f,0f,0f,1f],start_interpolation:0}
execute if entity @s[tag=aj.axia.bone.arm_right_1] run data modify entity @s {} merge value {transformation:[0.03241552201104357f,-0.9990482215818577f,0.029187067116768613f,-0.2984375f,-0.7125438131493753f,-0.04357787137382874f,-0.7002730063832775f,1.3358412011656273f,0.7008784119055881f,0.0019026509541278497f,-0.7132782287747518f,-0.04783772989493471f,0f,0f,0f,1f],start_interpolation:0}
execute if entity @s[tag=aj.axia.bone.arm_left_2] run data modify entity @s {} merge value {transformation:[0.4617486132350337f,0.8870108331782222f,-2.920696593899014e-16f,0.3328125000000002f,0.6643318379106482f,-0.3458292654487669f,-0.6626200482157378f,1.0506471026820985f,-0.5877511610484353f,0.30596388836534777f,-0.7489557207890019f,0.2446257690512062f,0f,0f,0f,1f],start_interpolation:0}
execute if entity @s[tag=aj.axia.bone.arm_left_1] run data modify entity @s {} merge value {transformation:[-4.0573776054913384e-16f,1.0000000000000002f,-2.920696593899014e-16f,0.3359375f,0.748955720789002f,2.4213624086518446e-18f,-0.6626200482157378f,1.3315054979779741f,-0.6626200482157378f,-5.56865082658127e-16f,-0.7489557207890019f,-0.0038567490296954818f,0f,0f,0f,1f],start_interpolation:0}
execute if entity @s[tag=aj.axia.bone.ear_edge_a1] run data modify entity @s {} merge value {transformation:[-0.9707084696229967f,0.2360193907445381f,0.044943455527547214f,0.20195284597137758f,0.23280623936071648f,0.8777545668979094f,0.41874595544862747f,1.951589300726028f,0.0593828419402469f,0.4169433624396006f,-0.9069905791135094f,0.12524625453908794f,0f,0f,0f,1f],start_interpolation:0}
execute if entity @s[tag=aj.axia.bone.ear_edge_a2] run data modify entity @s {} merge value {transformation:[-0.9956790046938263f,0.08126134023725354f,0.044943455527547214f,0.08808444952934102f,0.09262894212508645f,0.9033668711416217f,0.41874595544862747f,1.9713623402620433f,-0.0065725712395282125f,0.42109962088161734f,-0.9069905791135094f,0.12873277489990267f,0f,0f,0f,1f],start_interpolation:0}
execute if entity @s[tag=aj.axia.bone.ear_edge_b1] run data modify entity @s {} merge value {transformation:[-0.9534748909505029f,0.27533395635737296f,0.12278780396897246f,0.06853830731397098f,0.2569768038786162f,0.529313801214991f,0.8085727067565835f,1.9974266947416797f,0.1576342430922221f,0.8025073908195071f,-0.5754418589960317f,0.0679952815300775f,0f,0f,0f,1f],start_interpolation:0}
execute if entity @s[tag=aj.axia.bone.ear_edge_b2] run data modify entity @s {} merge value {transformation:[-0.9918913798052051f,-0.032781791662500184f,0.12278780396897246f,0.09777087291705149f,0.08083250393282468f,0.5828175393691252f,0.8085727067565835f,1.9996545002113952f,-0.0980693477906132f,0.811941543424842f,-0.5754418589960317f,0.07736329178042917f,0f,0f,0f,1f],start_interpolation:0}
execute if entity @s[tag=aj.axia.bone.ear_right_2] run data modify entity @s {} merge value {transformation:[-0.984807753012208f,0.12278780396897337f,0.12278780396897246f,0.16273953338671715f,0.17101007166283433f,0.5629970988186388f,0.8085727067565835f,2.0782169046346586f,0.030153689607046334f,0.817286621644006f,-0.5754418589960317f,0.14731088858877503f,0f,0f,0f,1f],start_interpolation:0}
execute if entity @s[tag=aj.axia.bone.ear_right_1] run data modify entity @s {} merge value {transformation:[-0.984807753012208f,0.16773125949652087f,0.044943455527547214f,0.12500000000000003f,0.17101007166283433f,0.8918561432121709f,0.41874595544862747f,1.8775492724119205f,0.030153689607046334f,0.42007004701885425f,-0.9069905791135094f,0.05279512800953296f,0f,0f,0f,1f],start_interpolation:0}
execute if entity @s[tag=aj.axia.bone.ear_edge_a3] run data modify entity @s {} merge value {transformation:[-0.987740353077076f,-0.15569065189484838f,-0.011376107230962782f,-0.1948012172046963f,-0.15189132569184338f,0.9417000509517627f,0.3002166537969234f,1.966843552012288f,-0.03602804578030265f,0.2982640356295149f,-0.9538032003339303f,0.11449726523867781f,0f,0f,0f,1f],start_interpolation:0}
execute if entity @s[tag=aj.axia.bone.ear_edge_a4] run data modify entity @s {} merge value {transformation:[-0.9999350141104881f,0.0007427921160631096f,-0.011376107230962782f,-0.07961620523783819f,-0.0027069477243752416f,0.9538671989417582f,0.3002166537969234f,1.9767678366796784f,0.01107429410281075f,0.3002279384782112f,-0.9538032003339303f,0.11624718438977f,0f,0f,0f,1f],start_interpolation:0}
execute if entity @s[tag=aj.axia.bone.ear_edge_b3] run data modify entity @s {} merge value {transformation:[-0.9704123684218893f,-0.2411854460743622f,-0.011376107230962782f,-0.05728438300904139f,-0.2333879007265493f,0.9248783966432735f,0.3002166537969234f,1.9727078945477476f,-0.061886371749148544f,0.29398899983584137f,-0.9538032003339303f,0.11470293349474335f,0f,0f,0f,1f],start_interpolation:0}
execute if entity @s[tag=aj.axia.bone.ear_edge_b4] run data modify entity @s {} merge value {transformation:[-0.9974474081139315f,0.07049292326943078f,-0.011376107230962782f,-0.08638248530895148f,0.0638380584825937f,0.9517324535141959f,0.3002166537969234f,1.982168898361256f,0.03199015998667658f,0.29872409460366434f,-0.9538032003339303f,0.11802791084575495f,0f,0f,0f,1f],start_interpolation:0}
execute if entity @s[tag=aj.axia.bone.ear_left_2] run data modify entity @s {} merge value {transformation:[-0.9961946980917455f,-0.08641011328638323f,-0.011376107230962782f,-0.14444227548943617f,-0.08583165117743129f,0.9500015202299067f,0.3002166537969234f,2.091299614463649f,-0.015134435901337973f,0.30005066885894527f,-0.9538032003339303f,0.12030652850279572f,0f,0f,0f,1f],start_interpolation:0}
execute if entity @s[tag=aj.axia.bone.ear_left_1] run data modify entity @s {} merge value {transformation:[-0.9961946980917455f,-0.08641011328638323f,-0.011376107230962782f,-0.12499999999999996f,-0.08583165117743129f,0.9500015202299067f,0.3002166537969234f,1.8775492724119205f,-0.015134435901337973f,0.30005066885894527f,-0.9538032003339303f,0.05279512800953313f,0f,0f,0f,1f],start_interpolation:0}
execute if entity @s[tag=aj.axia.bone.head] run data modify entity @s {} merge value {transformation:[-1f,1.0632884247878842e-16f,-6.030208312509487e-16f,-3.321438530062092e-18f,1.6315572881362692e-31f,0.984807753012208f,0.17364817766692991f,1.3674087934410721f,6.123233995736765e-16f,0.17364817766692991f,-0.984807753012208f,-0.005424320763137057f,0f,0f,0f,1f],start_interpolation:0}
execute if entity @s[tag=aj.axia.bone.body_1] run data modify entity @s {} merge value {transformation:[-1f,-2.6709171558863716e-17f,-6.117406033770386e-16f,6.694500804511802e-18f,1.6315572881362692e-31f,0.9990482215818577f,-0.04361938736533644f,0.9927657103478756f,6.123233995736765e-16f,-0.04361938736533644f,-0.9990482215818577f,0.010932949498864107f,0f,0f,0f,1f],start_interpolation:0}
execute if entity @s[tag=aj.axia.bone.leg_left_2] run data modify entity @s {} merge value {transformation:[-0.9763825861650423f,-0.14171018060383517f,-0.16308056336330298f,0.1845618701322796f,-0.10910728508616307f,0.974928361889819f,-0.19393372456579216f,0.6569361510703899f,0.18647424962924666f,-0.17156023401727505f,-0.967364688382384f,0.4102569154007805f,0f,0f,0f,1f],start_interpolation:0}
execute if entity @s[tag=aj.axia.bone.leg_left_1] run data modify entity @s {} merge value {transformation:[-0.9763825861650423f,-0.21008870575916425f,0.05039624138865088f,0.12500000000000006f,-0.10910728508616307f,0.27815050449766815f,-0.9543206469467268f,0.6747717579421029f,0.18647424962924666f,-0.9372806583730039f,-0.2945035172371927f,0.1088256010788224f,0f,0f,0f,1f],start_interpolation:0}
execute if entity @s[tag=aj.axia.bone.leg_right_2] run data modify entity @s {} merge value {transformation:[-0.9718469864732346f,0.18383383643591253f,0.1473721665177877f,-0.20369335891873097f,0.1816324110712411f,0.9829570006093069f,-0.028376085029518217f,0.4844699175071284f,-0.15007698734762798f,-0.0008096507944272413f,-0.9886739818232553f,0.3834116798839257f,0f,0f,0f,1f],start_interpolation:0}
execute if entity @s[tag=aj.axia.bone.leg_right_1] run data modify entity @s {} merge value {transformation:[-0.9718469864732346f,0.23285049817469414f,-0.03597332876853566f,-0.12499999999999993f,0.1816324110712411f,0.6431550797192476f,-0.7438825247845091f,0.6776588814812007f,-0.15007698734762798f,-0.7294739124404139f,-0.6673415234627131f,0.10762971535268166f,0f,0f,0f,1f],start_interpolation:0}
execute if entity @s[tag=aj.axia.bone.coat_downer] run data modify entity @s {} merge value {transformation:[-1f,-2.343260202663149e-16f,-5.6571305614385e-16f,-0.007812499999999948f,1.6315572881362692e-31f,0.9238795325112865f,-0.38268343236509006f,0.7310706669545095f,6.123233995736765e-16f,-0.38268343236509006f,-0.9238795325112865f,0.0855058294190748f,0f,0f,0f,1f],start_interpolation:0}
execute if entity @s[tag=aj.axia.bone.body_2] run data modify entity @s {} merge value {transformation:[-1f,-2.343260202663149e-16f,-5.6571305614385e-16f,0f,1.6315572881362692e-31f,0.9238795325112865f,-0.38268343236509006f,0.9375f,6.123233995736765e-16f,-0.38268343236509006f,-0.9238795325112865f,0f,0f,0f,0f,1f],start_interpolation:0}