execute if entity @s[tag=aj.louvert.bone.head] run data modify entity @s {} merge value {transformation:[0.9755641122546088f,-0.024544724880708968f,-0.21833968801252612f,-0.03415802184972855f,0.09487250078623649f,0.9433827279598042f,0.3178493938671013f,1.6189898096749382f,0.19817636457318127f,-0.3307968939812592f,0.9226589529489806f,-0.04964506989587289f,0f,0f,0f,1f],start_interpolation:0}
execute if entity @s[tag=aj.louvert.bone.coat_0] run data modify entity @s {} merge value {transformation:[0.4859127622867251f,-0.6617397022427118f,-0.5709547739730457f,0.45444221789423145f,0.42016279272045487f,0.7496848283616488f,-0.5113080145447686f,0.9667518453871005f,0.7663889450274142f,0.008557137377198612f,0.6423198271419581f,0.19361835320325532f,0f,0f,0f,1f],start_interpolation:0}
execute if entity @s[tag=aj.louvert.bone.coat_1] run data modify entity @s {} merge value {transformation:[0.7305358995224414f,-0.37460371806260234f,-0.5709547739730457f,0.17199761091255028f,0.04057400215395146f,0.85843920262969f,-0.5113080145447686f,0.805220341834837f,0.6816678442307136f,0.35036294010950486f,0.6423198271419581f,-0.18602966450144548f,0f,0f,0f,1f],start_interpolation:0}
execute if entity @s[tag=aj.louvert.bone.coat_2] run data modify entity @s {} merge value {transformation:[0.5648892139633622f,-0.4983752184947939f,-0.6576642893894432f,0.2418505676567601f,0.32306300710452673f,0.8669593551285015f,-0.37948882723441746f,0.8220725917928726f,0.7592960354094016f,0.0019021423289130729f,0.6507425854100262f,0.08408432274364967f,0f,0f,0f,1f],start_interpolation:0}
execute if entity @s[tag=aj.louvert.bone.right_leg_1] run data modify entity @s {} merge value {transformation:[0.5032455236878457f,-0.854042130608876f,-0.13174210425371818f,0.658829111142359f,0.357448040094949f,0.3445313014577468f,-0.8680605283896456f,1.0538560348809582f,0.7867495417986754f,0.3897566182387192f,0.4786595209736159f,-0.1351184290595388f,0f,0f,0f,1f],start_interpolation:0}
execute if entity @s[tag=aj.louvert.bone.right_leg_0] run data modify entity @s {} merge value {transformation:[0.5032455236878457f,-0.7212760676171674f,0.47592518022359487f,0.38383106614881113f,0.357448040094949f,-0.3276729656541749f,-0.8745635061055758f,0.9263689694990346f,0.7867495417986754f,0.6102386925311382f,0.09291876353816361f,0.09870634877708011f,0f,0f,0f,1f],start_interpolation:0}
execute if entity @s[tag=aj.louvert.bone.left_leg_1] run data modify entity @s {} merge value {transformation:[0.6784171586957628f,-0.3408580309452849f,-0.6508194538635668f,0.5143215365768123f,0.14686533863061188f,0.9308985034840069f,-0.3344526102755847f,0.6755750196760346f,0.7198477138229195f,0.1313155701024808f,0.6815977479075004f,-0.3132895725182606f,0f,0f,0f,1f],start_interpolation:0}
execute if entity @s[tag=aj.louvert.bone.left_leg_0] run data modify entity @s {} merge value {transformation:[0.6795311106806518f,-0.6899837398205395f,-0.24931888897631038f,0.24260876265797054f,0.14662228450205822f,0.46070365698551813f,-0.8753593811272988f,0.8456032177229029f,0.7188458633841591f,0.5582782274309397f,0.41422945992776844f,-0.09111766007527028f,0f,0f,0f,1f],start_interpolation:0}
execute if entity @s[tag=aj.louvert.bone.body_1] run data modify entity @s {} merge value {transformation:[0.5648892139633622f,-0.5957439231962363f,-0.5709547739730457f,0.127049938404567f,0.32306300710452673f,0.7963632385431081f,-0.5113080145447686f,1.13484960565569f,0.7592960354094016f,0.10437801622894424f,0.6423198271419581f,0.036412474422449985f,0f,0f,0f,1f],start_interpolation:0}
execute if entity @s[tag=aj.louvert.locator_origin.locator] at @s on origin run tp @s ^-0.06906 ^1.36575 ^-1.16446 ~160.7648 ~-3.88549
execute if entity @s[tag=aj.louvert.bone.sword_0] run data modify entity @s {} merge value {transformation:[-0.008871889363812002f,0.9443963834126246f,0.3286894591803507f,0.24399351388070156f,-0.9976002304479359f,0.014212555740637484f,-0.06776269969197485f,1.3066531080520352f,-0.06866636577933788f,-0.3285018633987857f,0.9420039575045233f,-0.34630685096516023f,0f,0f,0f,1f],start_interpolation:0}
execute if entity @s[tag=aj.louvert.bone.right_arm_1] run data modify entity @s {} merge value {transformation:[-0.13426753916901701f,0.9212553256311461f,0.36504911028757137f,0.28379651472229384f,-0.569810642974329f,0.22961425948892797f,-0.7890457039947263f,1.5199952070334362f,-0.8107330381072912f,-0.31395209321742423f,0.4941113478617134f,-0.04029841320547914f,0f,0f,0f,1f],start_interpolation:0}
execute if entity @s[tag=aj.louvert.bone.right_arm_0] run data modify entity @s {} merge value {transformation:[0.43487979374180075f,0.8543300572669721f,0.2846044944221734f,0.14394012431646913f,-0.5042362847332511f,0.49289089908980066f,-0.7090869698089621f,1.6705668590838552f,-0.7460732766648975f,0.164859682289698f,0.6451325065456267f,0.18689856150525744f,0f,0f,0f,1f],start_interpolation:0}
execute if entity @s[tag=aj.louvert.locator_origin.locator2] at @s on origin run tp @s ^-1.29913 ^0.86237 ^-1.04981 ~138.9124 ~20.2776
execute if entity @s[tag=aj.louvert.bone.sword_1] run data modify entity @s {} merge value {transformation:[0.3914856664343337f,0.6831471385466004f,0.6164811108801774f,-0.7403155576928461f,-0.9139807736989681f,0.21101917892682573f,0.3465689706734925f,1.1720127281693897f,0.10666826278280445f,-0.6991286671426372f,0.7069943341316522f,-0.4475568230879291f,0f,0f,0f,1f],start_interpolation:0}
execute if entity @s[tag=aj.louvert.bone.left_arm_1] run data modify entity @s {} merge value {transformation:[0.8333459586258801f,-0.4215286454760078f,-0.3575585466536564f,-0.42248859545935696f,0.29331440633764255f,0.885513158349073f,-0.3603236120842568f,1.2737197684718502f,0.4685095220768829f,0.19539715308522726f,0.8615792362223449f,-0.27614505545147927f,0f,0f,0f,1f],start_interpolation:0}
execute if entity @s[tag=aj.louvert.bone.left_arm_0] run data modify entity @s {} merge value {transformation:[0.8323675640618937f,-0.5525517824782851f,-0.04302052972406506f,-0.16237373169001518f,0.5323476486654255f,0.8186934551842717f,-0.2152835511571463f,1.4400784086797958f,0.1541759360537887f,0.15629316721632086f,0.9756035191733523f,-0.22796507543467032f,0f,0f,0f,1f],start_interpolation:0}
execute if entity @s[tag=aj.louvert.bone.wing_0] run data modify entity @s {} merge value {transformation:[-0.08981404476003718f,-0.2217954297775898f,-0.970948106076538f,-0.3553158187310784f,0.22260344504031152f,0.945755324271773f,-0.2366317241364281f,1.2767315338894847f,0.9707631758673313f,-0.2373892456312371f,-0.03556968426350049f,0.3349079234076327f,0f,0f,0f,1f],start_interpolation:0}
execute if entity @s[tag=aj.louvert.bone.wing_1] run data modify entity @s {} merge value {transformation:[0.9464985717162698f,-0.2217954297775898f,-0.2344082785842586f,-0.15661583079738026f,0.2673387818196793f,0.945755324271773f,0.18459913961544758f,1.2853089754230005f,0.18074963201686212f,-0.2373892456312371f,0.9544505836262038f,0.18343270334874875f,0f,0f,0f,1f],start_interpolation:0}
execute if entity @s[tag=aj.louvert.bone.body_0] run data modify entity @s {} merge value {transformation:[0.5648892139633622f,-0.2217954297775898f,-0.7947999517347928f,-0.001452923959648595f,0.32306300710452673f,0.945755324271773f,-0.034309766134063197f,1.4819956250000001f,0.7592960354094016f,-0.2373892456312371f,0.6059008802355357f,-0.011232191575666748f,0f,0f,0f,1f],start_interpolation:0}