execute if entity @s[tag=aj.louvert.bone.head] run data modify entity @s {} merge value {transformation:[1f,0f,0f,0.002695f,0f,1f,0f,1.4913775630907622f,0f,0f,1f,-0.1096091991174906f,0f,0f,0f,1f],start_interpolation:0}
execute if entity @s[tag=aj.louvert.bone.coat_0] run data modify entity @s {} merge value {transformation:[0.9914448613738104f,-0.13052619222005157f,0f,0.252695f,0.08390061909861274f,0.6372884725784741f,0.7660444431189779f,0.91265179994853f,-0.09998886423165007f,-0.7594908267142728f,0.6427876096865395f,0.4760196707602158f,0f,0f,0f,1f],start_interpolation:0}
execute if entity @s[tag=aj.louvert.bone.coat_1] run data modify entity @s {} merge value {transformation:[0.9396926207859084f,0.34202014332566866f,0f,-0.247305f,-0.2198463103929542f,0.6040227735550538f,0.7660444431189779f,0.91265179994853f,0.26200263022938486f,-0.7198463103929541f,0.6427876096865395f,0.4760196707602158f,0f,0f,0f,1f],start_interpolation:0}
execute if entity @s[tag=aj.louvert.bone.coat_2] run data modify entity @s {} merge value {transformation:[1f,0f,0f,0.002695f,0f,0.537299608346824f,0.8433914458128855f,1.0084073553384023f,0f,-0.8433914458128855f,0.537299608346824f,0.5563681219710332f,0f,0f,0f,1f],start_interpolation:0}
execute if entity @s[tag=aj.louvert.bone.right_leg_1] run data modify entity @s {} merge value {transformation:[0.9990482212727914f,-0.020141188753161232f,-0.03869087860570302f,0.14200761406162243f,0.04258544157749483f,0.25838992394596505f,0.9651016150483057f,0.584493088687182f,-0.009440960614338502f,-0.9658307200119531f,0.25900171532997734f,0.5103602433677632f,0f,0f,0f,1f],start_interpolation:0}
execute if entity @s[tag=aj.louvert.bone.right_leg_0] run data modify entity @s {} merge value {transformation:[0.9990482212727914f,-0.04361939444411933f,-6.923887038365328e-9f,0.127695f,0.04258544157749483f,0.9753667767216003f,0.21643967065527897f,0.91265179994853f,-0.009440960614338502f,-0.21623366827588192f,0.9762959945460364f,0.4760196707602158f,0f,0f,0f,1f],start_interpolation:0}
execute if entity @s[tag=aj.louvert.bone.left_leg_1] run data modify entity @s {} merge value {transformation:[0.9762960071199334f,0.20906461293484896f,0.05601869420181802f,-0.2102335931623543f,-0.13912470208475056f,0.40790080449429666f,0.9023642562528367f,0.6577092156385065f,0.1658023635281006f,-0.8887682044893974f,0.42731797871981503f,0.7798484115169384f,0f,0f,0f,1f],start_interpolation:0}
execute if entity @s[tag=aj.louvert.bone.left_leg_0] run data modify entity @s {} merge value {transformation:[0.9762960071199334f,0.21643961393810288f,0f,-0.122305f,-0.13912470208475056f,0.6275509767631346f,0.7660444431189779f,0.91265179994853f,0.1658023635281006f,-0.747886131093471f,0.6427876096865395f,0.4760196707602158f,0f,0f,0f,1f],start_interpolation:0}
execute if entity @s[tag=aj.louvert.bone.body_1] run data modify entity @s {} merge value {transformation:[1f,0f,0f,0.002695f,0f,0.6427876096865395f,0.7660444431189779f,1.1135229279755736f,0f,-0.7660444431189779f,0.6427876096865395f,0.23663078228553522f,0f,0f,0f,1f],start_interpolation:0}
execute if entity @s[tag=aj.louvert.locator_origin.locator] at @s on origin run tp @s ^1.14059 ^0.53683 ^-0.21011 ~-130.43715 ~25.3676
execute if entity @s[tag=aj.louvert.bone.sword_0] run data modify entity @s {} merge value {transformation:[0.7040066655391775f,0.17720949177839784f,-0.6877291697318434f,0.5416500862717857f,0.19651823413553196f,0.8819485834909283f,0.42842418200960314f,0.9357862626180462f,0.682462598629889f,-0.43676480181212773f,0.5860727850441035f,0.2928578413131716f,0f,0f,0f,1f],start_interpolation:0}
execute if entity @s[tag=aj.louvert.bone.right_arm_1] run data modify entity @s {} merge value {transformation:[0.33391290028343784f,0.9396926207859083f,0.07402670778046239f,0.40645129478927156f,-0.8226160967392614f,0.2521637004065661f,0.5096236116809443f,1.240313290154925f,0.4602226987120096f,-0.23106545963812647f,0.8572069883945512f,0.12044882085563584f,0f,0f,0f,1f],start_interpolation:0}
execute if entity @s[tag=aj.louvert.bone.right_arm_0] run data modify entity @s {} merge value {transformation:[0.3420201433256689f,0.9396926207859083f,0f,0.29957f,-0.6928140728731604f,0.2521637004065661f,0.6755902076156601f,1.4568176879277877f,0.6348471327716556f,-0.23106545963812647f,0.7372773368101242f,-0.07794090813550654f,0f,0f,0f,1f],start_interpolation:0}
execute if entity @s[tag=aj.louvert.locator_origin.locator2] at @s on origin run tp @s ^-1.02877 ^0.6305 ^-0.50383 ~144.94426 ~19.81027
execute if entity @s[tag=aj.louvert.bone.sword_1] run data modify entity @s {} merge value {transformation:[0.7670089189085226f,0.3459551974549625f,0.5403816426088855f,-0.5455224444793658f,-0.5747364662931908f,0.7448626138632957f,0.33890659595463013f,0.9473227775871997f,-0.2852635844751224f,-0.5705214174968691f,0.7701493358756911f,0.15720012018052892f,0f,0f,0f,1f],start_interpolation:0}
execute if entity @s[tag=aj.louvert.bone.left_arm_1] run data modify entity @s {} merge value {transformation:[0.3748669764629494f,-0.90630778703665f,-0.1951433962865685f,-0.3949982067939685f,0.9046536501242188f,0.31158686650350675f,0.29071532112954335f,1.2825650032293063f,-0.20267343998278164f,-0.28551675919156844f,0.9366982742304428f,0.08173225900994059f,0f,0f,0f,1f],start_interpolation:0}
execute if entity @s[tag=aj.louvert.bone.left_arm_0] run data modify entity @s {} merge value {transformation:[0.4226182617406993f,-0.90630778703665f,0f,-0.26293f,0.6682001915566586f,0.31158686650350675f,0.6755902076156601f,1.4913775630907622f,-0.6122926660077799f,-0.28551675919156844f,0.7372773368101242f,-0.1096091991174906f,0f,0f,0f,1f],start_interpolation:0}
execute if entity @s[tag=aj.louvert.bone.wing_0] run data modify entity @s {} merge value {transformation:[0.8660254037844387f,0f,-0.49999999999999994f,0.002695f,0.33779510380783f,0.7372773368101242f,0.5850782823431648f,1.5757335823701122f,0.36863866840506204f,-0.6755902076156601f,0.6385009033121034f,0.49126360315545464f,0f,0f,0f,1f],start_interpolation:0}
execute if entity @s[tag=aj.louvert.bone.wing_1] run data modify entity @s {} merge value {transformation:[0.8660254037844387f,0f,0.49999999999999994f,0.002695f,-0.33779510380783f,0.7372773368101242f,0.5850782823431648f,1.406836030466197f,-0.36863866840506204f,-0.6755902076156601f,0.6385009033121034f,0.30694426895292365f,0f,0f,0f,1f],start_interpolation:0}
execute if entity @s[tag=aj.louvert.bone.body_0] run data modify entity @s {} merge value {transformation:[1f,0f,0f,0.00607875f,0f,0.7372773368101242f,0.6755902076156601f,1.385120625f,0f,-0.6755902076156601f,0.7372773368101242f,-0.00955625f,0f,0f,0f,1f],start_interpolation:0}