execute if entity @s[tag=aj.louvert.bone.head] run data modify entity @s {} merge value {transformation:[0.9194182759549387f,0.19306180593146743f,-0.3426327084948658f,0.006179921602329113f,-0.16081204069759691f,0.9796073184044333f,0.12045326602109932f,1.5431509825375038f,0.3589004338346804f,-0.05564746911545654f,0.9317155347928476f,-0.02202932201927829f,0f,0f,0f,1f],start_interpolation:0}
execute if entity @s[tag=aj.louvert.bone.coat_0] run data modify entity @s {} merge value {transformation:[0.18595881662302832f,-0.5364371008817053f,-0.8231977619732659f,0.2815440110806491f,0.1565179917277157f,0.8432858081284643f,-0.5141703648350862f,0.7733145137594394f,0.9700110498265909f,-0.033230747911442385f,0.24077848867280582f,0.2001918920964843f,0f,0f,0f,1f],start_interpolation:0}
execute if entity @s[tag=aj.louvert.bone.coat_1] run data modify entity @s {} merge value {transformation:[0.4126465722895779f,-0.38995929410627983f,-0.8231977619732659f,0.15435050842479467f,-0.25055289821432014f,0.8202756129020045f,-0.5141703648350862f,0.750760477198052f,0.8757545612636375f,0.4184252236880237f,0.24077848867280582f,-0.2828330848114626f,0f,0f,0f,1f],start_interpolation:0}
execute if entity @s[tag=aj.louvert.bone.coat_2] run data modify entity @s {} merge value {transformation:[0.2543870053117088f,-0.3957840644136671f,-0.8824070635963531f,0.11504753950606364f,0.04510807312277482f,0.9162862930258824f,-0.39797574166277694f,0.6977661998743598f,0.9660499538158938f,0.061436174759542744f,0.25094438260942176f,-0.011223285273388405f,0f,0f,0f,1f],start_interpolation:0}
execute if entity @s[tag=aj.louvert.bone.right_leg_1] run data modify entity @s {} merge value {transformation:[0.1701360900211465f,-0.8212646854506788f,-0.5445897789197972f,0.6341849978375149f,0.041295566765058675f,0.5581036713424661f,-0.8287430049174552f,0.7855578623343474f,0.9845549182437049f,0.11850995091408048f,0.12886816711846755f,0.012252547977356198f,0f,0f,0f,1f],start_interpolation:0}
execute if entity @s[tag=aj.louvert.bone.right_leg_0] run data modify entity @s {} merge value {transformation:[0.1701360900211465f,-0.9830783335042855f,0.06790214331486627f,0.24974563541668549f,0.041295566765058675f,-0.061733364066184016f,-0.9972380196957117f,0.7676760046190925f,0.9845549182437049f,0.172470234984209f,0.030093703770436367f,0.0794356478694976f,0f,0f,0f,1f],start_interpolation:0}
execute if entity @s[tag=aj.louvert.bone.left_leg_1] run data modify entity @s {} merge value {transformation:[0.33590130445810457f,-0.3645609115065523f,-0.8684846892518341f,0.45964732271895686f,-0.12632410615158615f,0.8962920401679294f,-0.4250915183070744f,0.5047430721486759f,0.9333876653718678f,0.2524993475894985f,0.2550128341839506f,-0.2724417123516201f,0f,0f,0f,1f],start_interpolation:0}
execute if entity @s[tag=aj.louvert.bone.left_leg_0] run data modify entity @s {} merge value {transformation:[0.2888857026396462f,-0.684201228283352f,-0.669637013631975f,0.1861488840887583f,-0.10343880505096625f,0.6730578638422691f,-0.732320643932499f,0.7563989863383989f,0.9517591420207244f,0.28082341628794716f,0.12366383644517992f,-0.16207684058447586f,0f,0f,0f,1f],start_interpolation:0}
execute if entity @s[tag=aj.louvert.bone.body_1] run data modify entity @s {} merge value {transformation:[0.2543870053117088f,-0.5075753108758803f,-0.8231977619732659f,0.059329975104009294f,0.04510807312277482f,0.8565010786125753f,-0.5141703648350862f,1.0296940825451755f,0.9660499538158938f,0.0936653944888316f,0.24077848867280582f,-0.012050160579729258f,0f,0f,0f,1f],start_interpolation:0}
execute if entity @s[tag=aj.louvert.locator_origin.locator] at @s on origin run tp @s ^0.28385 ^1.66635 ^-1.13017 ~172.48618 ~-15.85492
execute if entity @s[tag=aj.louvert.bone.sword_0] run data modify entity @s {} merge value {transformation:[-0.0746993287723347f,0.9892404924425f,0.125790533797588f,0.42000719163500844f,-0.9612118952857226f,-0.03784276185778812f,-0.273202521467507f,1.4255967715941995f,-0.265502735658583f,-0.1413194023731143f,0.9536965575437049f,-0.2968834614875273f,0f,0f,0f,1f],start_interpolation:0}
execute if entity @s[tag=aj.louvert.bone.right_arm_1] run data modify entity @s {} merge value {transformation:[0.26274548928581165f,0.9035406383499627f,0.33849538063332707f,0.3111839943587804f,-0.12794430181602304f,0.38034990470605845f,-0.9159498925284629f,1.4719993043629769f,-0.9563446363590737f,0.19735314753059757f,0.21553809794789486f,0.05912863204459953f,0f,0f,0f,1f],start_interpolation:0}
execute if entity @s[tag=aj.louvert.bone.right_arm_0] run data modify entity @s {} merge value {transformation:[0.7364782517447734f,0.6511298934937084f,0.18338387744246687f,0.08103454068853871f,-0.12074365682300332f,0.39327318750953255f,-0.9114588138380697f,1.5097316971201655f,-0.6655980423979403f,0.6491271537880414f,0.36825695400231795f,0.2671280202939559f,0f,0f,0f,1f],start_interpolation:0}
execute if entity @s[tag=aj.louvert.locator_origin.locator2] at @s on origin run tp @s ^-1.26448 ^1.60612 ^-1.22204 ~134.7968 ~-10.17338
execute if entity @s[tag=aj.louvert.bone.sword_1] run data modify entity @s {} merge value {transformation:[-0.019011585099488387f,0.7154029398653445f,0.6984534295599284f,-0.632886278725096f,-0.9733024799325445f,0.14657763539714364f,-0.17662751585905553f,1.4549299020133653f,-0.22873749624660084f,-0.6831644241567347f,0.6935167823329387f,-0.6311968244310554f,0f,0f,0f,1f],start_interpolation:0}
execute if entity @s[tag=aj.louvert.bone.left_arm_1] run data modify entity @s {} merge value {transformation:[0.7676528566392935f,-0.16657243064734828f,-0.6188398153333106f,-0.34166960235280264f,-0.1875930515925895f,0.8649298977433538f,-0.46551597070761364f,1.3767850191938005f,0.6127951849416834f,0.4734447141302836f,0.6327180762190864f,-0.4079782796241832f,0f,0f,0f,1f],start_interpolation:0}
execute if entity @s[tag=aj.louvert.bone.left_arm_0] run data modify entity @s {} merge value {transformation:[0.8917706246128627f,-0.31842501680158375f,-0.32148197733698103f,-0.06299128216128301f,0.13452270182040746f,0.8649229692944654f,-0.4835410012416559f,1.418823363512678f,0.4320286978575867f,0.3879610365252628f,0.8141482901570949f,-0.27296931154368737f,0f,0f,0f,1f],start_interpolation:0}
execute if entity @s[tag=aj.louvert.bone.wing_0] run data modify entity @s {} merge value {transformation:[-0.4887425339673971f,0.01421915980168407f,-0.8723121866543315f,-0.4822068977798459f,0.05089177242675662f,0.9986292186807912f,-0.012235648583368411f,1.2131475919633652f,0.8709424567618633f,-0.05037359518166875f,-0.4887962130766588f,0.12198505005286994f,0f,0f,0f,1f],start_interpolation:0}
execute if entity @s[tag=aj.louvert.bone.wing_1] run data modify entity @s {} merge value {transformation:[0.8547239291867411f,0.01421915980168407f,-0.5188880615027798f,-0.24045740617967284f,0.01400429220083961f,0.9986292186807912f,0.05043375255665568f,1.2065098902896736f,0.518893905028313f,-0.05037359518166875f,0.8533531603228179f,0.05863582568864513f,0f,0f,0f,1f],start_interpolation:0}
execute if entity @s[tag=aj.louvert.bone.body_0] run data modify entity @s {} merge value {transformation:[0.2543870053117088f,0.01421915980168407f,-0.9669979664006922f,0.0030503613117165975f,0.04510807312277482f,0.9986292186807912f,0.026550806694766747f,1.397620625f,0.9660499538158938f,-0.05037359518166875f,0.2533968974568992f,-0.010907264161694378f,0f,0f,0f,1f],start_interpolation:0}