execute if entity @s[tag=aj.louvert.bone.head] run data modify entity @s {} merge value {transformation:[0.8161723813711851f,0.20354127673167055f,-0.5407712941284236f,0.012036180307216121f,-0.16425506891818822f,0.9790193389669798f,0.12058775337213642f,1.5306527353946908f,0.5539701401894959f,-0.009595967647895684f,0.83248123173038f,-0.01943011205068272f,0f,0f,0f,1f],start_interpolation:0}
execute if entity @s[tag=aj.louvert.bone.coat_0] run data modify entity @s {} merge value {transformation:[-0.028903016998764998f,-0.4755381023571326f,-0.8792201822154369f,0.21697403190456166f,0.15756582187719062f,0.8664235587908841f,-0.47379661095063236f,0.7529242409874914f,0.9870854205105727f,-0.15222920212205193f,0.04988629708395787f,0.2576756946720887f,0f,0f,0f,1f],start_interpolation:0}
execute if entity @s[tag=aj.louvert.bone.coat_1] run data modify entity @s {} merge value {transformation:[0.19394177011438674f,-0.4351533763972791f,-0.8792201822154369f,0.20026681686726155f,-0.26030728580215545f,0.8412828825133732f,-0.47379661095063236f,0.7313608127627106f,0.9458470842388916f,0.32075637265693996f,0.04988629708395787f,-0.24157963832786244f,0f,0f,0f,1f],start_interpolation:0}
execute if entity @s[tag=aj.louvert.bone.coat_2] run data modify entity @s {} merge value {transformation:[0.03341443007460021f,-0.356415381526691f,-0.933729913665602f,0.098717901608982f,0.043126856449561664f,0.9338956106598174f,-0.3549352936002641f,0.6829179505062719f,0.9985106659999021f,-0.028408875400304276f,0.04657666457488595f,0.014283815307607832f,0f,0f,0f,1f],start_interpolation:0}
execute if entity @s[tag=aj.louvert.bone.right_leg_1] run data modify entity @s {} merge value {transformation:[-0.03896654887852296f,-0.18834963934368354f,-0.981328702029856f,0.5003756625052626f,0.08973169407561934f,0.9774472495154092f,-0.1911677208450241f,0.48541126002968854f,0.9952034119449233f,-0.09550543321647106f,-0.0211868138075793f,0.1677558347892375f,0f,0f,0f,1f],start_interpolation:0}
execute if entity @s[tag=aj.louvert.bone.right_leg_0] run data modify entity @s {} merge value {transformation:[-0.03896654887852296f,-0.746822878490929f,-0.6638804080789105f,0.21279722814523663f,0.08973169407561934f,0.6590855054395732f,-0.7466957342839062f,0.7475333839312962f,0.9952034119449233f,-0.08866726950789247f,0.04133139449858436f,0.13286186142210085f,0f,0f,0f,1f],start_interpolation:0}
execute if entity @s[tag=aj.louvert.bone.left_leg_1] run data modify entity @s {} merge value {transformation:[0.13548365813281388f,-0.699992113443595f,-0.7011813028708906f,0.5883810810894776f,-0.14827086965233127f,0.6854125410663326f,-0.712899290055429f,0.7566425928525485f,0.9796223392672768f,0.20055096525761706f,-0.010926241016280813f,-0.16685450274686664f,0f,0f,0f,1f],start_interpolation:0}
execute if entity @s[tag=aj.louvert.bone.left_leg_0] run data modify entity @s {} merge value {transformation:[0.13548365813281388f,-0.9907792242942943f,-0.0008408839081559538f,0.20444362062658658f,-0.14827086965233127f,-0.019436066602962487f,-0.988755777999576f,0.7367516698189058f,0.9796223392672768f,0.13408492839167796f,-0.1495369666226595f,-0.11676580507787468f,0f,0f,0f,1f],start_interpolation:0}
execute if entity @s[tag=aj.louvert.bone.body_1] run data modify entity @s {} merge value {transformation:[0.03341443007460021f,-0.47524240872195245f,-0.8792201822154369f,0.060107171660301474f,0.043126856449561664f,0.8795776518900842f,-0.47379661095063236f,1.0170105430907523f,0.9985106659999021f,-0.0220863588597701f,0.04988629708395787f,0.0011460410284349406f,0f,0f,0f,1f],start_interpolation:0}
execute if entity @s[tag=aj.louvert.locator_origin.locator] at @s on origin run tp @s ^0.82782 ^1.62982 ^0.92705 ~-10.27784 ~-15.46961
execute if entity @s[tag=aj.louvert.bone.sword_0] run data modify entity @s {} merge value {transformation:[0.03263684942794076f,-0.9845635185609389f,-0.17195788431566875f,0.6512658565838807f,-0.963660826834974f,0.014641014302059042f,-0.26672729804791423f,1.3961194538397506f,0.2651276049059238f,0.17441421564514156f,-0.9483074577887372f,0.09935132748112867f,0f,0f,0f,1f],start_interpolation:0}
execute if entity @s[tag=aj.louvert.bone.right_arm_1] run data modify entity @s {} merge value {transformation:[0.842540433620895f,0.533770762854966f,0.07221073628721494f,0.3295649068244122f,-0.14674637034537402f,0.35646303908178906f,-0.9227131756721767f,1.449839202925922f,-0.5182577741861403f,0.7668264956884331f,0.37866344556324f,0.28472387543761807f,0f,0f,0f,1f],start_interpolation:0}
execute if entity @s[tag=aj.louvert.bone.right_arm_0] run data modify entity @s {} merge value {transformation:[0.9885539301139773f,0.04098888568128053f,-0.14519310764225835f,0.020641803663794298f,-0.14977858303516559f,0.3820792392330057f,-0.911911087228961f,1.496645010124411f,0.018097052803909733f,0.9232201071238291f,0.3838451907762787f,0.2790685464363963f,0f,0f,0f,1f],start_interpolation:0}
execute if entity @s[tag=aj.louvert.locator_origin.locator2] at @s on origin run tp @s ^1.02192 ^1.54607 ^0.50675 ~-23.53318 ~-9.0748
execute if entity @s[tag=aj.louvert.bone.sword_1] run data modify entity @s {} merge value {transformation:[-0.11368945526308406f,-0.9119298865104628f,-0.39428237324409754f,0.6521525633010371f,-0.9692226343434373f,0.18902561929989947f,-0.1577238102654679f,1.4125769544786713f,0.21836252617688567f,0.36421586639972736f,-0.9053533066291549f,-0.27830538766955853f,0f,0f,0f,1f],start_interpolation:0}
execute if entity @s[tag=aj.louvert.bone.left_arm_1] run data modify entity @s {} merge value {transformation:[-0.953363340761306f,0.009441024772999974f,0.30167732354898225f,0.2937572836610972f,-0.14310364348511656f,0.8658862055269456f,-0.47933540063240965f,1.351141628938576f,-0.2657436503732994f,-0.5001519230487708f,-0.8241531205770501f,-0.3706028327127343f,0f,0f,0f,1f],start_interpolation:0}
execute if entity @s[tag=aj.louvert.bone.left_arm_0] run data modify entity @s {} merge value {transformation:[-0.9400035094873979f,0.009441024772999974f,-0.34103411735867584f,0.000006186946285412047f,0.17826914989669002f,0.8658862055269456f,-0.46739831971591367f,1.4068507382812916f,0.2908840187196383f,-0.5001519230487708f,-0.8156191154724914f,-0.2797015768628473f,0f,0f,0f,1f],start_interpolation:0}
execute if entity @s[tag=aj.louvert.bone.wing_0] run data modify entity @s {} merge value {transformation:[-0.6699608774449336f,0.028038092198800248f,-0.7418667589797147f,-0.49712602272588524f,0.05149369947366585f,0.9986348966131947f,-0.008760261461263952f,1.2021064520013163f,0.7406084131359367f,-0.04407049639163935f,-0.6704900966756062f,0.011798931656723322f,0f,0f,0f,1f],start_interpolation:0}
execute if entity @s[tag=aj.louvert.bone.wing_1] run data modify entity @s {} merge value {transformation:[0.718033536361519f,0.028038092198800248f,-0.6954435318888389f,-0.24736396830600335f,0.010552029141656875f,0.9986348966131947f,0.05115660218727926f,1.1947392208426106f,0.6959285130968298f,-0.04407049639163935f,0.7167574875832339f,0.0037590263703333113f,0f,0f,0f,1f],start_interpolation:0}
execute if entity @s[tag=aj.louvert.bone.body_0] run data modify entity @s {} merge value {transformation:[0.03341443007460021f,0.028038092198800248f,-0.9990482176795277f,0.00607875f,0.043126856449561664f,0.9986348966131947f,0.029468924634822046f,1.385120625f,0.9985106659999021f,-0.04407049639163935f,0.032159621145560036f,-0.00955625f,0f,0f,0f,1f],start_interpolation:0}