execute if entity @s[tag=aj.louvert.bone.head] run data modify entity @s {} merge value {transformation:[0.9854029850089343f,-0.055810109542011425f,-0.16082968882762494f,-0.024804430393856842f,0.08519100204227466f,0.9795952452368726f,0.18203199905605774f,1.8781482649137533f,0.1473887726609972f,-0.1930761175863554f,0.9700505979129462f,-0.007309192959394811f,0f,0f,0f,1f],start_interpolation:0}
execute if entity @s[tag=aj.louvert.bone.coat_0] run data modify entity @s {} merge value {transformation:[0.9248244910288095f,-0.359476667500546f,-0.12440332116147544f,0.3994708179080958f,0.2583362367906456f,0.8335894835444951f,-0.4882529689462926f,1.1461007517287045f,0.27921685041227506f,0.4194104176659465f,0.863789819342139f,-0.15864842490401604f,0f,0f,0f,1f],start_interpolation:0}
execute if entity @s[tag=aj.louvert.bone.coat_1] run data modify entity @s {} merge value {transformation:[0.9912805107267644f,0.04343688222328995f,-0.12440332116147544f,-0.07976055630360523f,-0.09926728219160214f,0.8670380873995233f,-0.4882529689462926f,1.063075505933059f,0.0866542309387025f,0.4963448320082486f,0.863789819342139f,-0.2745971141235893f,0f,0f,0f,1f],start_interpolation:0}
execute if entity @s[tag=aj.louvert.bone.coat_2] run data modify entity @s {} merge value {transformation:[0.9584627484234021f,-0.21973312604401846f,-0.18184200065876313f,0.14430471565706085f,0.1660504915912909f,0.9482570665246761f,-0.2706210820100802f,1.0435565077125952f,0.2318973784391465f,0.22918527244336492f,0.9453558677916541f,-0.10864904209603526f,0f,0f,0f,1f],start_interpolation:0}
execute if entity @s[tag=aj.louvert.bone.right_leg_1] run data modify entity @s {} merge value {transformation:[0.9447360703513791f,-0.301297193026696f,-0.1292043298472147f,0.3733998635409337f,0.19319134718650754f,0.8300842758043974f,-0.5231034299586952f,1.1435049447777816f,0.26486007768120934f,0.4692335202609922f,0.8424185674082572f,-0.5352345010221327f,0f,0f,0f,1f],start_interpolation:0}
execute if entity @s[tag=aj.louvert.bone.right_leg_0] run data modify entity @s {} merge value {transformation:[0.9447360703513791f,-0.27482122578386736f,0.17873738063339345f,0.2796629743551705f,0.19319134718650754f,0.02622550843266891f,-0.9808105454570267f,1.1253444402797932f,0.26486007768120934f,0.9611376158314169f,0.07786926662427923f,-0.18763559720890932f,0f,0f,0f,1f],start_interpolation:0}
execute if entity @s[tag=aj.louvert.bone.left_leg_1] run data modify entity @s {} merge value {transformation:[0.9904541684766666f,-0.026638421697111933f,-0.13524398188711217f,0.07779458260766117f,-0.0063991165870180555f,0.9712053898363131f,-0.23815780915141255f,0.8268640493730878f,0.13769383230232368f,0.23674983683707496f,0.9617639644442484f,-0.54576246308524f,0f,0f,0f,1f],start_interpolation:0}
execute if entity @s[tag=aj.louvert.bone.left_leg_0] run data modify entity @s {} merge value {transformation:[0.9911915458548476f,-0.09363638937326713f,-0.09365653213212301f,0.040047287249320024f,-0.008753267793095352f,0.6593174272222253f,-0.7518137471900922f,1.0838318173819703f,0.1321465085759735f,0.746011230978598f,0.6526902355060757f,-0.24560994181869594f,0f,0f,0f,1f],start_interpolation:0}
execute if entity @s[tag=aj.louvert.bone.body_1] run data modify entity @s {} merge value {transformation:[0.9584627484234021f,-0.2566573076470898f,-0.12440332116147544f,0.07964972216252972f,0.1660504915912909f,0.85675916835329f,-0.4882529689462926f,1.3723253689412849f,0.2318973784391465f,0.4473150499076973f,0.863789819342139f,-0.07683681641764724f,0f,0f,0f,1f],start_interpolation:0}
execute if entity @s[tag=aj.louvert.locator_origin.locator] at @s on origin run tp @s ^0.8408 ^1.86022 ^-1.23353 ~-160.55719 ~-16.0048
execute if entity @s[tag=aj.louvert.bone.sword_0] run data modify entity @s {} merge value {transformation:[0.924356439196929f,0.2078187042059642f,-0.31996337211832215f,0.5654057439071994f,-0.30070301978242886f,0.91299361743194f,-0.2757178783145354f,1.6420249252143109f,0.23482518435828434f,0.35107554843750455f,0.9064232411409158f,-0.42890735054662055f,0f,0f,0f,1f],start_interpolation:0}
execute if entity @s[tag=aj.louvert.bone.right_arm_1] run data modify entity @s {} merge value {transformation:[0.15135915434702335f,0.9609377514487766f,0.2317089645135104f,0.4980326355529878f,-0.4612569710756983f,0.2759851501774511f,-0.8432521589154707f,1.8143175313978186f,-0.8742610668612817f,0.02075655853215927f,0.48501211556875007f,-0.10253882237778394f,0f,0f,0f,1f],start_interpolation:0}
execute if entity @s[tag=aj.louvert.bone.right_arm_0] run data modify entity @s {} merge value {transformation:[0.7262709849749588f,0.6736438367425135f,0.1368738017384226f,0.26817835747448365f,-0.28501130940150277f,0.4762890942458189f,-0.8318156359529066f,1.8813742486555687f,-0.6255389755217049f,0.5651129797848597f,0.5379110615909777f,0.05964385246642934f,0f,0f,0f,1f],start_interpolation:0}
execute if entity @s[tag=aj.louvert.locator_origin.locator2] at @s on origin run tp @s ^-0.7011 ^1.33583 ^-1.25218 ~177.42637 ~-2.74606
execute if entity @s[tag=aj.louvert.bone.sword_1] run data modify entity @s {} merge value {transformation:[0.9442381162902224f,0.32619429016528195f,0.04485158646313808f,-0.6532442474306083f,-0.32411409296536015f,0.9448040753980671f,-0.04790943385644947f,1.3183862488368714f,-0.05800374544746671f,0.030700882312587163f,0.997844186904596f,-0.3756698098155432f,0f,0f,0f,1f],start_interpolation:0}
execute if entity @s[tag=aj.louvert.bone.left_arm_1] run data modify entity @s {} merge value {transformation:[0.5958887850119725f,-0.8024738012777138f,-0.030860235900772165f,-0.42134631214555973f,0.5477884267996946f,0.4342677798068932f,-0.7150799499957381f,1.5211455320527512f,0.5872345318195028f,0.40920324251463097f,0.6983611608288661f,-0.16153827375833288f,0f,0f,0f,1f],start_interpolation:0}
execute if entity @s[tag=aj.louvert.bone.left_arm_0] run data modify entity @s {} merge value {transformation:[0.48664705765730687f,-0.8494852563232611f,0.20383679884380335f,-0.26926910662765136f,0.824356044457109f,0.36930936993105307f,-0.42900781024144263f,1.7787567959455977f,0.289156969897865f,0.3768094857756794f,0.8800016239694977f,-0.07117672066525008f,0f,0f,0f,1f],start_interpolation:0}
execute if entity @s[tag=aj.louvert.bone.wing_0] run data modify entity @s {} merge value {transformation:[0.7106029405554318f,-0.18003540117638592f,-0.680169622371678f,-0.07352514320083792f,0.1015839075016258f,0.9828321269194489f,-0.15401857041179656f,1.5000870226152359f,0.6962213517342559f,0.04035176103034618f,0.7166920990014298f,0.4647713634240272f,0f,0f,0f,1f],start_interpolation:0}
execute if entity @s[tag=aj.louvert.bone.wing_1] run data modify entity @s {} merge value {transformation:[0.9368151218053197f,-0.18003540117638592f,0.2999411306909105f,-0.018221202220156052f,0.18382580671142115f,0.9828321269194489f,0.015782366168848816f,1.5201933719502143f,-0.2976331640522933f,0.04035176103034618f,0.9538271515520882f,0.22179562630522542f,0f,0f,0f,1f],start_interpolation:0}
execute if entity @s[tag=aj.louvert.bone.body_0] run data modify entity @s {} merge value {transformation:[0.9584627484234021f,-0.18003540117638592f,-0.2212157639227275f,0.0042742012515029895f,0.1660504915912909f,0.9828321269194489f,-0.08042539733991387f,1.735120625f,0.2318973784391465f,0.04035176103034618f,0.971902948475207f,-0.010488294393591852f,0f,0f,0f,1f],start_interpolation:0}