execute if entity @s[tag=aj.louvert.bone.head] run data modify entity @s {} merge value {transformation:[0.989959747267147f,0.08177608264926506f,-0.11529254571439887f,0.005127719035637447f,-0.07648468110102555f,0.9958361627005304f,0.049602727896325305f,1.803188185521331f,0.11886880308828142f,-0.0402865903797161f,0.9920923335496229f,0.017850992601566876f,0f,0f,0f,1f],start_interpolation:0}
execute if entity @s[tag=aj.louvert.bone.coat_0] run data modify entity @s {} merge value {transformation:[0.9974296856116648f,-0.05936016629204569f,0.040129701199935405f,0.22639387984466802f,0.0716495917428801f,0.8216131319520079f,-0.5655247098112434f,1.0421043866222037f,0.0005985513294791134f,0.5669464102203954f,0.8237544595779211f,-0.32372374133820164f,0f,0f,0f,1f],start_interpolation:0}
execute if entity @s[tag=aj.louvert.bone.coat_1] run data modify entity @s {} merge value {transformation:[0.9438253261393926f,0.32799902563799316f,0.040129701199935405f,-0.27274646487737697f,-0.24917243502003789f,0.7861901170957912f,-0.5655247098112434f,1.0483835539764632f,-0.21704112827769292f,0.5237573283128676f,0.8237544595779211f,-0.2950970347847889f,0f,0f,0f,1f],start_interpolation:0}
execute if entity @s[tag=aj.louvert.bone.coat_2] run data modify entity @s {} merge value {transformation:[0.9982806894440901f,0.03025445196001709f,0.05020292042930405f,-0.018160079866362568f,-0.012558334708519032f,0.9470017459926285f,-0.3209828364823608f,0.9745533815729281f,-0.05725341310682552f,0.3198005022252344f,0.9457535014284151f,-0.20644108061425512f,0f,0f,0f,1f],start_interpolation:0}
execute if entity @s[tag=aj.louvert.bone.right_leg_1] run data modify entity @s {} merge value {transformation:[0.9994823196030465f,0.007200014944204686f,0.031356858671058564f,0.09041957405137693f,0.005112660756288128f,0.9267072203281941f,-0.3757493692497472f,1.0472524002582324f,-0.031764028411154374f,0.3757151681478868f,0.9261906709326648f,-0.668069487328557f,0f,0f,0f,1f],start_interpolation:0}
execute if entity @s[tag=aj.louvert.bone.right_leg_0] run data modify entity @s {} merge value {transformation:[0.9994823196030465f,0.03108900316646106f,0.008280500167821132f,0.10160879366415676f,0.005112660756288128f,0.10062556717099752f,-0.9949112301765952f,1.0436741784607686f,-0.031764028411154374f,0.9944385195242742f,0.10041452776099957f,-0.3165670646998484f,0f,0f,0f,1f],start_interpolation:0}
execute if entity @s[tag=aj.louvert.bone.left_leg_1] run data modify entity @s {} merge value {transformation:[0.9717900466488866f,0.2100020664996896f,0.10734634274168224f,-0.2438821587229866f,-0.16869067970061294f,0.9369947496178392f,-0.3059155010305094f,0.7901920724264873f,-0.16482584693032817f,0.2791773114965868f,0.9459875627772478f,-0.5934999894292091f,0f,0f,0f,1f],start_interpolation:0}
execute if entity @s[tag=aj.louvert.bone.left_leg_0] run data modify entity @s {} merge value {transformation:[0.9706743969224413f,0.2400452105498236f,-0.01301967938720349f,-0.14796137869686576f,-0.17062075015094832f,0.649765155420186f,-0.7407386870008269f,1.0468137621378983f,-0.1693510400829661f,0.7212375057454181f,0.6716670942728588f,-0.30225371142314206f,0f,0f,0f,1f],start_interpolation:0}
execute if entity @s[tag=aj.louvert.bone.body_1] run data modify entity @s {} merge value {transformation:[0.9982806894440901f,0.04272320405395548f,0.040129701199935405f,-0.009825291249493408f,-0.012558334708519032f,0.8246357322007444f,-0.5655247098112434f,1.3029426366120662f,-0.05725341310682552f,0.5640484349886152f,0.8237544595779211f,-0.133145252127553f,0f,0f,0f,1f],start_interpolation:0}
execute if entity @s[tag=aj.louvert.locator_origin.locator] at @s on origin run tp @s ^0.94471 ^1.80013 ^-1.2556 ~-150.52847 ~-22.08577
execute if entity @s[tag=aj.louvert.bone.sword_0] run data modify entity @s {} merge value {transformation:[0.8626615202582061f,0.2190426382242137f,-0.4558897060754685f,0.5503201348746123f,-0.40973292203315614f,0.8311121375438452f,-0.37599407898193343f,1.4917993474028626f,0.29653673308373196f,0.511148645177777f,0.806717440288079f,-0.5343069942381257f,0f,0f,0f,1f],start_interpolation:0}
execute if entity @s[tag=aj.louvert.bone.right_arm_1] run data modify entity @s {} merge value {transformation:[0.13150780364438833f,0.9833750966754062f,0.12521628016861358f,0.4904349028981219f,-0.44287405473035046f,0.17128811636029925f,-0.8800698567957201f,1.6583848629629256f,-0.8868868412753274f,0.06028101220431123f,0.45803704035841475f,-0.2035452687458672f,0f,0f,0f,1f],start_interpolation:0}
execute if entity @s[tag=aj.louvert.bone.right_arm_0] run data modify entity @s {} merge value {transformation:[0.5994620754875958f,0.7984247827531389f,0.05624132233248988f,0.3003680053702922f,-0.36240365239229f,0.33340246684906855f,-0.8703484289821429f,1.753579700053217f,-0.7136587509341088f,0.5013588150063374f,0.48921419218028506f,-0.008685826058380489f,0f,0f,0f,1f],start_interpolation:0}
execute if entity @s[tag=aj.louvert.locator_origin.locator2] at @s on origin run tp @s ^-0.7708 ^1.68471 ^-1.08533 ~177.05579 ~-22.27663
execute if entity @s[tag=aj.louvert.bone.sword_1] run data modify entity @s {} merge value {transformation:[0.9440721899984588f,0.3262952720109653f,0.04752994355985964f,-0.720590983852457f,-0.2851778174026147f,0.8803254661076036f,-0.3790787334893787f,1.374955463317318f,-0.16553341817589073f,0.34432320454148974f,0.9241429642004991f,-0.2653349121253557f,0f,0f,0f,1f],start_interpolation:0}
execute if entity @s[tag=aj.louvert.bone.left_arm_1] run data modify entity @s {} merge value {transformation:[0.7050877262875661f,-0.7090388331170284f,-0.010734587587454603f,-0.4487691607083457f,0.4330623122798849f,0.44253747709289853f,-0.7852500334613504f,1.5347890583964787f,0.5615232247391282f,0.5490214153385049f,0.6190857400863594f,-0.06209512172842431f,0f,0f,0f,1f],start_interpolation:0}
execute if entity @s[tag=aj.louvert.bone.left_arm_0] run data modify entity @s {} merge value {transformation:[0.6009735215332136f,-0.7475706991664861f,0.2827876874329912f,-0.2609649352292165f,0.7488453206953136f,0.4029618397834782f,-0.526167693184452f,1.7688032211137643f,0.27939490347660456f,0.527977087974512f,0.8019842158579266f,0.025215785608014615f,0f,0f,0f,1f],start_interpolation:0}
execute if entity @s[tag=aj.louvert.bone.wing_0] run data modify entity @s {} merge value {transformation:[0.916717511024025f,0.023984924673267467f,-0.39881540638537805f,0.023624201032844343f,-0.10274435362282038f,0.9787782368324793f,-0.1773041480105071f,1.3644645847625971f,0.3860992136492192f,0.20351384840231546f,0.899727464695801f,0.4365914191082729f,0f,0f,0f,1f],start_interpolation:0}
execute if entity @s[tag=aj.louvert.bone.wing_1] run data modify entity @s {} merge value {transformation:[0.8688596183280887f,0.023984924673267467f,0.49447718554771136f,0.01025355110602305f,0.0802818583793558f,0.9787782368324793f,-0.1885417362767725f,1.4155988756863818f,-0.4885056671666411f,0.20351384840231546f,0.8484953309562487f,0.19224226316077192f,0f,0f,0f,1f],start_interpolation:0}
execute if entity @s[tag=aj.louvert.bone.body_0] run data modify entity @s {} merge value {transformation:[0.9982806894440901f,0.023984924673267467f,0.053482599707285174f,0.005111325319817922f,-0.012558334708519032f,0.9787782368324793f,-0.20453716369513825f,1.6599019661078716f,-0.05725341310682552f,0.20351384840231546f,0.9773966237900039f,-0.010106803109786408f,0f,0f,0f,1f],start_interpolation:0}