execute if entity @s[tag=aj.lexiel.bone.backhair] run data modify entity @s {} merge value {transformation:[-0.7135493506348778f,0.10947755366470563f,-0.6919985472904808f,-0.185522700900045f,0.12744648815844858f,0.991518941721002f,0.025447610193153267f,1.4912670379931656f,0.6889156093924879f,-0.0700346589343859f,-0.721450226753947f,-0.19054092493566738f,0f,0f,0f,1f],start_interpolation:0}
execute if entity @s[tag=aj.lexiel.bone.head] run data modify entity @s {} merge value {transformation:[-0.7135493506348778f,0.10947755366470563f,-0.6919985472904808f,0f,0.12744648815844858f,0.991518941721002f,0.025447610193153267f,1.5f,0.6889156093924879f,-0.0700346589343859f,-0.721450226753947f,0f,0f,0f,0f,1f],start_interpolation:0}
execute if entity @s[tag=aj.lexiel.bone.ring] run data modify entity @s {} merge value {transformation:[-0.9376884496476591f,0.1653397731715732f,-0.30561925790915456f,0f,0.17364817766693033f,0.984807753012208f,0f,0.9375f,0.300976214658773f,-0.053070227195844276f,-0.9521538054301195f,0f,0f,0f,0f,1f],start_interpolation:0}
execute if entity @s[tag=aj.lexiel.bone.bust] run data modify entity @s {} merge value {transformation:[-0.9521538054301195f,-0.15280962895457725f,-0.2646740412350761f,0.02196638416222052f,0f,0.8660254037844387f,-0.49999999999999994f,1.390625f,0.30561925790915456f,-0.4760769027150597f,-0.8245893838125091f,0.06843605476528986f,0f,0f,0f,1f],start_interpolation:0}
execute if entity @s[tag=aj.lexiel.bone.left_wing] run data modify entity @s {} merge value {transformation:[-0.2954454850679899f,0f,-0.9553596000213429f,0.08081681844012056f,0f,1f,0f,1.15625f,0.9553596000213429f,0f,-0.2954454850679899f,-0.15722163291740932f,0f,0f,0f,1f],start_interpolation:0}
execute if entity @s[tag=aj.lexiel.bone.right_wing] run data modify entity @s {} merge value {transformation:[-0.8386310570342582f,0f,0.544699871651906f,-0.15722163291740932f,0f,1f,0f,1.15625f,-0.544699871651906f,0f,-0.8386310570342582f,-0.08081681844012067f,0f,0f,0f,1f],start_interpolation:0}
execute if entity @s[tag=aj.lexiel.bone.body] run data modify entity @s {} merge value {transformation:[-0.9521538054301195f,0f,-0.30561925790915456f,0.628886531669637f,0f,1f,0f,0.21875f,0.30561925790915456f,0f,-0.9521538054301195f,0.3232672737604825f,0f,0f,0f,1f],start_interpolation:0}
execute if entity @s[tag=aj.lexiel.bone.sword] run data modify entity @s {} merge value {transformation:[-0.14605488477559897f,-0.2583740880855009f,-1.1175083282638982f,0.27455014363646046f,1.1420613413048843f,0.07154413043618003f,-0.16580528519024393f,1.3464927272616507f,0.10619757921004601f,-1.1247392277795403f,0.246166216536326f,0.5429775413139202f,0f,0f,0f,1f],start_interpolation:0}
execute if entity @s[tag=aj.lexiel.bone.rod] run data modify entity @s {} merge value {transformation:[0.0000010924386027378923f,-0.000003660747170293665f,-0.000009241510052715141f,0.3162301959439988f,0.000009937064662963652f,1.7057959183557908e-7f,0.0000011070900988303636f,1.3393475345990957f,-2.476363933816836e-7f,-0.000009304291093793019f,0.0000036563429076929843f,0.440127782179375f,0f,0f,0f,1f],start_interpolation:0}
execute if entity @s[tag=aj.lexiel.bone.right_hand] run data modify entity @s {} merge value {transformation:[0.10924386027378921f,-0.912327357500264f,-0.3946195278354408f,-0.09013323462489917f,0.9937064662963652f,0.09034489023864065f,0.06622129301484636f,1.397029518256887f,-0.02476363933816836f,-0.3993702462181594f,0.9164552190927691f,0.33114744843100175f,0f,0f,0f,1f],start_interpolation:0}
execute if entity @s[tag=aj.lexiel.bone.right_arm] run data modify entity @s {} merge value {transformation:[-0.0592385676376857f,-0.6696513113942109f,-0.7403093361914659f,-0.2975480641969124f,0.9730548134223016f,0.12681102292019153f,-0.19257023275060947f,1.40625f,0.22283429309674177f,-0.7317691477603767f,0.6440953285082316f,0.0955060180966108f,0f,0f,0f,1f],start_interpolation:0}
execute if entity @s[tag=aj.lexiel.bone.left_hand] run data modify entity @s {} merge value {transformation:[-0.3770700175255166f,0.5984581393581634f,0.7068706086118395f,0.5123866844629359f,-0.914373228122184f,-0.3620371122504519f,-0.18124770080409505f,1.4636585063016834f,0.14744423209038582f,-0.7146866339797601f,0.6837274410420849f,0.14010556163139082f,0f,0f,0f,1f],start_interpolation:0}
execute if entity @s[tag=aj.lexiel.bone.left_arm] run data modify entity @s {} merge value {transformation:[-0.7392817877488029f,-0.5922682043082632f,0.32043846908322277f,0.32730287061660357f,-0.26332169997332183f,-0.18370722016538665f,-0.9470550879343115f,1.40625f,0.6197774767011898f,-0.7845189809205206f,-0.02014566825236845f,-0.10505661990627188f,0f,0f,0f,1f],start_interpolation:0}
execute if entity @s[tag=aj.lexiel.bone.skirt_right] run data modify entity @s {} merge value {transformation:[-0.7938956120328458f,-0.1688902210627357f,-0.584128282506825f,-0.14246697509780135f,0.22043484717848713f,0.8153626550056934f,-0.5353430852934068f,0.7261887306477934f,0.5666905993082908f,-0.5537687550335854f,-0.610083543954566f,0.16544375238969938f,0f,0f,0f,1f],start_interpolation:0}
execute if entity @s[tag=aj.lexiel.bone.skirt_left] run data modify entity @s {} merge value {transformation:[-0.6202591992039082f,-0.5047511313931605f,-0.6004205369241219f,0.16926909163265427f,-0.203513974820994f,0.8427980484496516f,-0.4982705204826178f,0.7356965677114747f,0.757535865722202f,-0.1868629039878797f,-0.6254771516672133f,-0.14137292860042433f,0f,0f,0f,1f],start_interpolation:0}
execute if entity @s[tag=aj.lexiel.bone.skirt_back_middle] run data modify entity @s {} merge value {transformation:[-0.7125395810981843f,-0.2813541138579525f,-0.6427497242190231f,-0.17517827312360224f,-0.02173219900270018f,0.9244887752711426f,-0.3805893008535182f,0.6331495986238033f,0.7012952708345686f,-0.2572165760849583f,-0.6648492882542628f,-0.18259800644634852f,0f,0f,0f,1f],start_interpolation:0}
execute if entity @s[tag=aj.lexiel.bone.skirt_front_middle] run data modify entity @s {} merge value {transformation:[-0.7125395810981843f,-0.4138014001150736f,-0.5666178135491583f,0.043869832816457136f,-0.02173219900270018f,0.820200098578706f,-0.5716638083856527f,0.8339032556088308f,0.7012952708345686f,-0.3950192394735805f,-0.5934178490328573f,0.046183322536613725f,0f,0f,0f,1f],start_interpolation:0}
execute if entity @s[tag=aj.lexiel.bone.skirt] run data modify entity @s {} merge value {transformation:[-0.7125395810981843f,-0.38869203097574656f,-0.584128282506825f,0.006113082686631188f,-0.02173219900270018f,0.8443550749270377f,-0.5353430852934068f,0.7467743068345161f,0.7012952708345686f,-0.36875874566022987f,-0.610083543954566f,0.0051211854135082f,0f,0f,0f,1f],start_interpolation:0}
execute if entity @s[tag=aj.lexiel.bone.rightupper] run data modify entity @s {} merge value {transformation:[-0.8070064111444326f,-0.058402455926052727f,-0.587647688256823f,-0.11551822866514716f,0.14879636456186623f,0.9428827985802648f,-0.29804642261671277f,0.6816254212803838f,0.5714895399436067f,-0.32796521352615027f,-0.752222390288797f,0.06630871312599342f,0f,0f,0f,1f],start_interpolation:0}
execute if entity @s[tag=aj.lexiel.bone.rightfoot] run data modify entity @s {} merge value {transformation:[-0.8066359294614492f,0.18008900376956408f,-0.5629444271179436f,-0.02446514900272491f,0.1907579062523458f,0.9808041766921538f,0.04043004063128988f,0.4055827901915496f,0.5594192511025029f,-0.07477377685066044f,-0.8255052899838997f,0.2156861696973055f,0f,0f,0f,1f],start_interpolation:0}
execute if entity @s[tag=aj.lexiel.bone.leftupper] run data modify entity @s {} merge value {transformation:[-0.5796478657268517f,-0.8103300446720706f,-0.08586949667993829f,0.08783467082160965f,-0.18024291243615398f,0.230268502826745f,-0.9562891346880724f,0.6468098468756853f,0.7946828576701769f,-0.5388335877687002f,-0.27953089349385296f,-0.1077673484713049f,0f,0f,0f,1f],start_interpolation:0}
execute if entity @s[tag=aj.lexiel.bone.leftfoot] run data modify entity @s {} merge value {transformation:[-0.5441574257597157f,-0.8337382535746921f,-0.09366547131564462f,0.33909046938539206f,-0.19357353175335318f,0.23339478187015458f,-0.9529198096378921f,0.6951320893629256f,0.8163467301307042f,-0.500407234482082f,-0.2883931619905395f,0.07899427507284285f,0f,0f,0f,1f],start_interpolation:0}
execute if entity @s[tag=aj.lexiel.bone.lower] run data modify entity @s {} merge value {transformation:[-0.71865198935975f,-0.5007414432764236f,-0.4824907513877523f,0f,0.006834222962775718f,0.6887423218991192f,-0.7249740046522394f,0.625f,0.6953363298331021f,-0.5243014600498976f,-0.49154386111900217f,0f,0f,0f,0f,1f],start_interpolation:0}