execute if entity @s[tag=aj.lexiel.bone.backhair] run data modify entity @s {} merge value {transformation:[0.1189562751649626f,0.00846268045958649f,-0.992863428492719f,-0.26386157757555956f,0.12738757073328041f,0.9915694867920526f,0.023714124179883826f,1.490805791004156f,0.9846937653004364f,-0.12929940410684193f,0.11687537241037732f,0.03306532398567588f,0f,0f,0f,1f],start_interpolation:0}
execute if entity @s[tag=aj.lexiel.bone.head] run data modify entity @s {} merge value {transformation:[0.1189562751649626f,0.00846268045958649f,-0.992863428492719f,0f,0.12738757073328041f,0.9915694867920526f,0.023714124179883826f,1.5f,0.9846937653004364f,-0.12929940410684193f,0.11687537241037732f,0f,0f,0f,0f,1f],start_interpolation:0}
execute if entity @s[tag=aj.lexiel.bone.ring] run data modify entity @s {} merge value {transformation:[-0.3104112527595133f,0.05473387897701714f,-0.9490253192894269f,0f,0.17364817766693033f,0.984807753012208f,0f,0.9375f,0.9346074922411138f,-0.16479651725438568f,-0.3151998466808022f,0f,0f,0f,0f,1f],start_interpolation:0}
execute if entity @s[tag=aj.lexiel.bone.bust] run data modify entity @s {} merge value {transformation:[-0.3151998466808022f,-0.4745126596447134f,-0.8218800353392818f,0.06821119482392757f,0f,0.8660254037844387f,-0.49999999999999994f,1.390625f,0.9490253192894269f,-0.15759992334040107f,-0.2729710744945349f,0.022654988980182644f,0f,0f,0f,1f],start_interpolation:0}
execute if entity @s[tag=aj.lexiel.bone.left_wing] run data modify entity @s {} merge value {transformation:[0.32269979100591334f,0f,-0.9465013707780564f,-0.07922818407607812f,0f,1f,0f,1.15625f,0.9465013707780564f,0f,0.32269979100591334f,-0.15802814574627863f,0f,0f,0f,1f],start_interpolation:0}
execute if entity @s[tag=aj.lexiel.bone.right_wing] run data modify entity @s {} merge value {transformation:[-0.7327816748317864f,0f,-0.6804638249243835f,-0.15802814574627866f,0f,1f,0f,1.15625f,0.6804638249243835f,0f,-0.7327816748317864f,0.07922818407607801f,0f,0f,0f,1f],start_interpolation:0}
execute if entity @s[tag=aj.lexiel.bone.body] run data modify entity @s {} merge value {transformation:[-0.3151998466808022f,0f,-0.9490253192894269f,0.6321125829851145f,0f,1f,0f,0.21875f,0.9490253192894269f,0f,-0.3151998466808022f,-0.3169127363043124f,0f,0f,0f,1f],start_interpolation:0}
execute if entity @s[tag=aj.lexiel.bone.sword] run data modify entity @s {} merge value {transformation:[-0.15966672620285444f,-1.1204149416715599f,0.23683529619289742f,0.524745676551253f,1.1336494884918016f,-0.1884804905472598f,-0.1273891848837265f,1.4663792444106674f,0.1620476358542108f,0.2146148309464633f,1.1245421737542265f,-0.026325440834201297f,0f,0f,0f,1f],start_interpolation:0}
execute if entity @s[tag=aj.lexiel.bone.rod] run data modify entity @s {} merge value {transformation:[-0.0000017676154322027088f,-0.000009832877440798388f,4.3595517897711304e-7f,0.44242035634858756f,0.00000975142355538051f,-0.0000016894052298111815f,0.0000014337533306174818f,1.4417831919362587f,-0.0000013361415820970952f,6.785508114539081e-7f,0.000009887077144882922f,-0.09692201553926683f,0f,0f,0f,1f],start_interpolation:0}
execute if entity @s[tag=aj.lexiel.bone.right_hand] run data modify entity @s {} merge value {transformation:[-0.17676154322027088f,-0.6644627453616652f,0.7261161180312876f,0.2076268637062672f,0.975142355538051f,-0.01807731915430845f,0.22084065967999233f,1.4636375687752259f,-0.1336141582097095f,0.7471027175419936f,0.651141141510255f,0.25624855589850737f,0f,0f,0f,1f],start_interpolation:0}
execute if entity @s[tag=aj.lexiel.bone.right_arm] run data modify entity @s {} merge value {transformation:[-0.06398106315416653f,-0.986003916856274f,0.15395681050784277f,-0.09849995208775068f,0.9874232695677766f,-0.08489789312394525f,-0.1333702907667098f,1.40625f,0.14457423793243465f,0.14348736420744668f,0.9790350688504751f,0.2965704122779459f,0f,0f,0f,1f],start_interpolation:0}
execute if entity @s[tag=aj.lexiel.bone.left_hand] run data modify entity @s {} merge value {transformation:[0.014929194902190052f,-0.06371668186400115f,0.9978563541872212f,0.40147028207900926f,-0.8796776843796833f,-0.4752597345325109f,-0.017185934262787306f,1.5141801722796764f,0.4753359766985561f,-0.8775353948327832f,-0.06314538836448039f,-0.3168574348993502f,0f,0f,0f,1f],start_interpolation:0}
execute if entity @s[tag=aj.lexiel.bone.left_arm] run data modify entity @s {} merge value {transformation:[0.027874292305837156f,-0.9379850713039473f,0.34555322287511225f,0.10834994729652575f,-0.16134584299485333f,-0.34537655129496425f,-0.924490430866581f,1.40625f,0.986504203121674f,-0.029984059540448915f,-0.1609671189925009f,-0.3262274535057405f,0f,0f,0f,1f],start_interpolation:0}
execute if entity @s[tag=aj.lexiel.bone.skirt_right] run data modify entity @s {} merge value {transformation:[-0.008016061312981132f,-0.5088199535276711f,-0.8608356391629735f,0.04601479747038585f,0.21806976904246045f,0.8392542045963947f,-0.4980943242971566f,0.7256607940850069f,0.9759002605752264f,-0.1917149836590024f,0.10423073658875277f,0.21280188594631402f,0f,0f,0f,1f],start_interpolation:0}
execute if entity @s[tag=aj.lexiel.bone.skirt_left] run data modify entity @s {} merge value {transformation:[0.2276216558016078f,-0.41409842914815775f,-0.881312017838837f,-0.012090431627554594f,-0.2133453828304544f,0.8618717659249662f,-0.4600660895200897f,0.7353645594180611f,0.9500905901202588f,0.29274485491364044f,0.107834690552393f,-0.22071382229254197f,0f,0f,0f,1f],start_interpolation:0}
execute if entity @s[tag=aj.lexiel.bone.skirt_back_middle] run data modify entity @s {} merge value {transformation:[0.13281195222386388f,-0.3343006854392276f,-0.9330616469780271f,-0.255850738187326f,-0.02218003504698087f,0.9401630748576798f,-0.34000211575734f,0.6446010941311761f,0.9908930474030995f,0.0658516847849428f,0.11745009246136731f,0.030686816757963767f,0f,0f,0f,1f],start_interpolation:0}
execute if entity @s[tag=aj.lexiel.bone.skirt_front_middle] run data modify entity @s {} merge value {transformation:[0.13281195222386388f,-0.5283279270241494f,-0.8385884490456872f,0.06696262649878904f,-0.02218003504698087f,0.8442875293524951f,-0.5354312409872763f,0.8313864657426098f,0.9908930474030995f,0.08971158958699295f,0.10041314307387322f,-0.008399709462818521f,0f,0f,0f,1f],start_interpolation:0}
execute if entity @s[tag=aj.lexiel.bone.skirt] run data modify entity @s {} merge value {transformation:[0.13281195222386388f,-0.4912463615064858f,-0.8608356391629735f,0.007751313643169f,-0.02218003504698087f,0.8668391374114772f,-0.4980943242971566f,0.7467659105779992f,0.9908930474030995f,0.08524624424785664f,0.10423073658875277f,-0.0023576010934666727f,0f,0f,0f,1f],start_interpolation:0}
execute if entity @s[tag=aj.lexiel.bone.rightupper] run data modify entity @s {} merge value {transformation:[-0.04269985064411622f,-0.2659568377814922f,-0.9630387755393024f,-0.016560372595587194f,0.16237068039474953f,0.9492557456057994f,-0.2693497569750599f,0.6834083840391013f,0.9858055005441574f,-0.16787045562470712f,0.00265051414578f,0.13117325186255419f,0f,0f,0f,1f],start_interpolation:0}
execute if entity @s[tag=aj.lexiel.bone.rightfoot] run data modify entity @s {} merge value {transformation:[-0.05071880215203233f,0.08139163756984541f,-0.9953908802284466f,0.14886058455925671f,0.20449192689494292f,0.9764035998084438f,0.0694194649641256f,0.4025660175937848f,0.9775534026042038f,-0.20002852700255297f,-0.06616595379900923f,0.15498866944615436f,0f,0f,0f,1f],start_interpolation:0}
execute if entity @s[tag=aj.lexiel.bone.leftupper] run data modify entity @s {} merge value {transformation:[0.2896270116460646f,-0.92951333723103f,-0.2283005695012689f,-0.031792974835916296f,-0.19987708653270464f,0.17452856592842775f,-0.9641519226523196f,0.645539667483825f,0.9360370422179713f,0.32487649281626974f,-0.1352402307423059f,-0.13637726853454582f,0f,0f,0f,1f],start_interpolation:0}
execute if entity @s[tag=aj.lexiel.bone.leftfoot] run data modify entity @s {} merge value {transformation:[0.32895434858103145f,-0.9181674089469632f,-0.22081133507419687f,0.26632869785172597f,-0.21079285741876644f,0.1565327563083162f,-0.96491650802738f,0.7112595014515735f,0.9205190969289344f,0.363958933603973f,-0.14205100083771985f,-0.22092670763496602f,0f,0f,0f,1f],start_interpolation:0}
execute if entity @s[tag=aj.lexiel.bone.lower] run data modify entity @s {} merge value {transformation:[0.1229059817623316f,-0.7201711383879804f,-0.6828232941837863f,0f,0.011389801937376522f,0.6890180896074896f,-0.724654638159084f,0.625f,0.992352957399163f,0.08128716766258906f,0.09288705138246872f,0f,0f,0f,0f,1f],start_interpolation:0}