execute if entity @s[tag=aj.lexiel.bone.backhair] run data modify entity @s {} merge value {transformation:[-0.9897798513732491f,0.12883491421554352f,-0.06113436590513255f,-0.0182518614781687f,0.1274545631975874f,0.9915040497342439f,0.02598179517866761f,1.491409163567236f,0.06396233372588345f,0.017924403467551694f,-0.9977913286978751f,-0.2653183904895536f,0f,0f,0f,1f],start_interpolation:0}
execute if entity @s[tag=aj.lexiel.bone.head] run data modify entity @s {} merge value {transformation:[-0.9897798513732491f,0.12883491421554352f,-0.06113436590513255f,0f,0.1274545631975874f,0.9915040497342439f,0.02598179517866761f,1.5f,0.06396233372588345f,0.017924403467551694f,-0.9977913286978751f,0f,0f,0f,0f,1f],start_interpolation:0}
execute if entity @s[tag=aj.lexiel.bone.ring] run data modify entity @s {} merge value {transformation:[-0.9079397884939592f,0.1600942815702221f,0.38731790751017325f,0f,0.17364817766693033f,0.984807753012208f,0f,0.9375f,-0.38143367819648394f,0.06725704881691026f,-0.921946223226681f,0f,0f,0f,0f,1f],start_interpolation:0}
execute if entity @s[tag=aj.lexiel.bone.bust] run data modify entity @s {} merge value {transformation:[-0.921946223226681f,0.1936589537550866f,0.33542714724444167f,-0.027838474602293717f,0f,0.8660254037844387f,-0.49999999999999994f,1.390625f,-0.38731790751017325f,-0.4609731116133404f,-0.7984288502374246f,0.06626488479441772f,0f,0f,0f,1f],start_interpolation:0}
execute if entity @s[tag=aj.lexiel.bone.left_wing] run data modify entity @s {} merge value {transformation:[-0.8188637352254233f,0f,-0.5739879642750951f,0.16365801634210675f,0f,1f,0f,1.15625f,0.5739879642750951f,0f,-0.8188637352254233f,-0.06682853946456346f,0f,0f,0f,1f],start_interpolation:0}
execute if entity @s[tag=aj.lexiel.bone.right_wing] run data modify entity @s {} merge value {transformation:[-0.23600554294656756f,0f,0.9717517088734632f,-0.06682853946456352f,0f,1f,0f,1.15625f,-0.9717517088734632f,0f,-0.23600554294656756f,-0.16365801634210675f,0f,0f,0f,1f],start_interpolation:0}
execute if entity @s[tag=aj.lexiel.bone.body] run data modify entity @s {} merge value {transformation:[-0.921946223226681f,0f,0.38731790751017325f,0.26731415785825385f,0f,1f,0f,0.21875f,-0.38731790751017325f,0f,-0.921946223226681f,0.6546320653684271f,0f,0f,0f,1f],start_interpolation:0}
execute if entity @s[tag=aj.lexiel.bone.sword] run data modify entity @s {} merge value {transformation:[-0.18097279802412902f,0.6594963808059126f,-0.9323236737202485f,-0.19849594354114947f,1.141919033706732f,0.09329598281816517f,-0.15566259200037558f,1.3356614182967277f,-0.013558367659885343f,-0.9451319726862993f,-0.6659247610447477f,0.6006710281323278f,0f,0f,0f,1f],start_interpolation:0}
execute if entity @s[tag=aj.lexiel.bone.rod] run data modify entity @s {} merge value {transformation:[9.022110291253202e-7f,0.0000041085000432621186f,-0.00000907227880157129f,-0.09571920362790975f,0.00000993097297503796f,3.1443668512699326e-7f,0.0000011300023628789539f,1.3294953769840672f,7.49527202968843e-7f,-0.000009111605619514134f,-0.000004051771465229523f,0.5586558503995731f,0f,0f,0f,1f],start_interpolation:0}
execute if entity @s[tag=aj.lexiel.bone.right_hand] run data modify entity @s {} merge value {transformation:[0.09022110291253202f,-0.3509921620310157f,-0.9320218102501892f,-0.3014725348094983f,0.9930972975037959f,0.10213726458556463f,0.057669202124141394f,1.3915644782176904f,0.0749527202968843f,-0.9307913199937846f,0.3577843042173949f,0.1923934370043983f,0f,0f,0f,1f],start_interpolation:0}
execute if entity @s[tag=aj.lexiel.bone.right_arm] run data modify entity @s {} merge value {transformation:[-0.20264140356707136f,0.022501747807006534f,-0.9789944498851856f,-0.2881081947583378f,0.9696932708573052f,0.1439629967891214f,-0.19740723393421078f,1.40625f,0.13649696705212208f,-0.9893272092190356f,-0.05099265716205181f,-0.12103684609692913f,0f,0f,0f,1f],start_interpolation:0}
execute if entity @s[tag=aj.lexiel.bone.left_hand] run data modify entity @s {} merge value {transformation:[-0.3715173382758225f,0.9229618831146305f,0.10057946946541013f,0.29718215491917344f,-0.9139458801239915f,-0.34451203273817244f,-0.214509644312313f,1.4534300589682165f,-0.16333338778348644f,-0.1716182438323724f,0.9715294039909765f,0.4414273264344567f,0f,0f,0f,1f],start_interpolation:0}
execute if entity @s[tag=aj.lexiel.bone.left_arm] run data modify entity @s {} merge value {transformation:[-0.9615442657876546f,0.06315794980799394f,0.2672895402123534f,0.31691901423417157f,-0.273947288254839f,-0.1509761886982932f,-0.9498205481584181f,1.40625f,-0.019634362447010334f,-0.9865177463290709f,0.162472237594954f,0.13314053070662205f,0f,0f,0f,1f],start_interpolation:0}
execute if entity @s[tag=aj.lexiel.bone.skirt_right] run data modify entity @s {} merge value {transformation:[-0.9714837324646504f,0.23187048893006812f,-0.04955233516074614f,-0.21583623512821115f,0.22129376587270005f,0.8116334284319028f,-0.5406294914613463f,0.7261057484364767f,-0.08513769284183333f,-0.5361783791008422f,-0.8398001661361847f,0.03396833423920627f,0f,0f,0f,1f],start_interpolation:0}
execute if entity @s[tag=aj.lexiel.bone.skirt_left] run data modify entity @s {} merge value {transformation:[-0.963409527477177f,-0.2629325606865599f,-0.052043740228879226f,0.22037799358136645f,-0.202020458243278f,0.8399228186313079f,-0.5037036759778659f,0.7359107798875658f,0.1761528223372493f,-0.4747590202126205f,-0.8623074022118645f,0.0019174679552582431f,0f,0f,0f,1f],start_interpolation:0}
execute if entity @s[tag=aj.lexiel.bone.skirt_back_middle] run data modify entity @s {} merge value {transformation:[-0.9970610941933202f,-0.048934910666015796f,-0.05894530485228035f,-0.01531741654903671f,-0.02241150045963236f,0.9220654531963391f,-0.3863845554224153f,0.6315163592613127f,0.07325912293473835f,-0.38392795488208276f,-0.9204522944546851f,-0.251871526261532f,0f,0f,0f,1f],start_interpolation:0}
execute if entity @s[tag=aj.lexiel.bone.skirt_front_middle] run data modify entity @s {} merge value {transformation:[-0.9970610941933202f,-0.0605330569176932f,-0.04695661259310053f,0.003264709136243092f,-0.02241150045963236f,0.8165798962515447f,-0.5767971893871922f,0.8342524185593175f,0.07325912293473835f,-0.5740496686333125f,-0.815536681485767f,0.06305353603953724f,0f,0f,0f,1f],start_interpolation:0}
execute if entity @s[tag=aj.lexiel.bone.skirt] run data modify entity @s {} merge value {transformation:[-0.9970610941933202f,-0.058427224186472296f,-0.04955233516074614f,0.0011753687730813017f,-0.02241150045963236f,0.8409622331647206f,-0.5406294914613463f,0.7467763060338598f,0.07325912293473835f,-0.5379300901273972f,-0.8398001661361847f,0.007856711907343536f,0f,0f,0f,1f],start_interpolation:0}
execute if entity @s[tag=aj.lexiel.bone.rightupper] run data modify entity @s {} merge value {transformation:[-0.985551374550547f,0.16574999604478763f,0.03486297366377044f,-0.13121930140804383f,0.14666400865103885f,0.9380783579502909f,-0.3138449663634795f,0.6808208567683176f,-0.08472400302119722f,-0.3041971945242731f,-0.9488339739678516f,-0.024258100727832833f,0f,0f,0f,1f],start_interpolation:0}
execute if entity @s[tag=aj.lexiel.bone.rightfoot] run data modify entity @s {} merge value {transformation:[-0.9775284865612873f,0.18520101300439426f,0.10069082750352967f,-0.15751093241630176f,0.18847616153325983f,0.9817852885558809f,0.023966303614328555f,0.4076726009833357f,-0.09441818942813875f,0.04240556517005589f,-0.9946290632933064f,0.15323162440215754f,0f,0f,0f,1f],start_interpolation:0}
execute if entity @s[tag=aj.lexiel.bone.leftupper] run data modify entity @s {} merge value {transformation:[-0.95651782063494f,-0.2701085005718862f,0.11006841838871012f,0.13644033623465357f,-0.1788178558884583f,0.2449288633027521f,-0.9529081940757338f,0.6472542629862094f,0.23042967088298183f,-0.9311558676398002f,-0.28257904546645285f,-0.025739760045570464f,0f,0f,0f,1f],start_interpolation:0}
execute if entity @s[tag=aj.lexiel.bone.leftfoot] run data modify entity @s {} merge value {transformation:[-0.9434546006744845f,-0.31347855246818096f,0.10781750140215104f,0.20807905010310113f,-0.19277526360785913f,0.2542175479719598f,-0.9477400150062489f,0.6908653215473314f,0.2696870671854128f,-0.9149342246552908f,-0.3002736257937958f,0.27972773365256215f,0f,0f,0f,1f],start_interpolation:0}
execute if entity @s[tag=aj.lexiel.bone.lower] run data modify entity @s {} merge value {transformation:[-0.9978723066938664f,-0.04337157295753815f,-0.04868024437748235f,0f,0.005439540060800255f,0.6886606615677906f,-0.7250633797213454f,0.625f,0.06497130857070223f,-0.7237854653612503f,-0.6869594814793729f,0f,0f,0f,0f,1f],start_interpolation:0}