execute if entity @s[tag=aj.lexiel.bone.backhair] run data modify entity @s {} merge value {transformation:[-0.8457018099705349f,0.045261957375533485f,0.5317328312480777f,0.14053431521627793f,0.10418372499175807f,0.991227473938123f,0.08132555783447973f,1.5061141720195006f,-0.5233872371957526f,0.12417507851732157f,-0.842998428121793f,-0.22586169307168444f,0f,0f,0f,1f],start_interpolation:0}
execute if entity @s[tag=aj.lexiel.bone.head] run data modify entity @s {} merge value {transformation:[-0.8457018099705349f,0.045261957375533485f,0.5317328312480777f,0f,0.10418372499175807f,0.991227473938123f,0.08132555783447973f,1.5f,-0.5233872371957526f,0.12417507851732157f,-0.842998428121793f,0f,0f,0f,0f,1f],start_interpolation:0}
execute if entity @s[tag=aj.lexiel.bone.ring] run data modify entity @s {} merge value {transformation:[-0.06126160462790985f,0.010802073777395069f,0.9980632900775989f,0f,0.17364817766693033f,0.984807753012208f,0f,0.9375f,-0.9829004660652917f,0.1733118715182359f,-0.06220666362600258f,0f,0f,0f,0f,1f],start_interpolation:0}
execute if entity @s[tag=aj.lexiel.bone.bust] run data modify entity @s {} merge value {transformation:[-0.06220666362600258f,0.4990316450387994f,0.864348163791878f,-0.07173579897432741f,0f,0.8660254037844387f,-0.49999999999999994f,1.390625f,-0.9980632900775989f,-0.031103331813001286f,-0.05387255098479164f,0.004471103948118893f,0f,0f,0f,1f],start_interpolation:0}
execute if entity @s[tag=aj.lexiel.bone.left_wing] run data modify entity @s {} merge value {transformation:[-0.6827586706744617f,0f,-0.7306439609131399f,0.13253374421295022f,0f,1f,0f,1.15625f,0.7306439609131399f,0f,-0.6827586706744617f,0.11698207830644947f,0f,0f,0f,1f],start_interpolation:0}
execute if entity @s[tag=aj.lexiel.bone.right_wing] run data modify entity @s {} merge value {transformation:[0.17093272774113524f,0f,0.9852827018612348f,0.11698207830644952f,0f,1f,0f,1.15625f,-0.9852827018612348f,0f,0.17093272774113524f,-0.13253374421295028f,0f,0f,0f,1f],start_interpolation:0}
execute if entity @s[tag=aj.lexiel.bone.body] run data modify entity @s {} merge value {transformation:[-0.06220666362600258f,0f,0.9980632900775989f,-0.46792831322579814f,0f,1f,0f,0.21875f,-0.9980632900775989f,0f,-0.06220666362600258f,0.5301349768518007f,0f,0f,0f,1f],start_interpolation:0}
execute if entity @s[tag=aj.lexiel.bone.sword] run data modify entity @s {} merge value {transformation:[-0.06487839745358491f,-1.1097911120567208f,0.31791279251354687f,-0.24251687649666737f,0.9005973271118093f,0.15055181193854358f,0.7093466492633106f,0.8806997841142011f,-0.7222390950668065f,0.2874228627335137f,0.8559631125434972f,-0.7786269121209426f,0f,0f,0f,1f],start_interpolation:0}
execute if entity @s[tag=aj.lexiel.bone.rod] run data modify entity @s {} merge value {transformation:[-0.000003105548985322885f,-0.0000028620780342234535f,0.000009064440127541007f,-0.335222747378121f,0.000007058924308284641f,0.000005692054222352373f,0.000004215697610088839f,0.8939901614271333f,-0.000006366094022999363f,0.000007707725219272943f,2.5262389933581966e-7f,-0.7186657507948868f,0f,0f,0f,1f],start_interpolation:0}
execute if entity @s[tag=aj.lexiel.bone.right_hand] run data modify entity @s {} merge value {transformation:[-0.31055489853228846f,0.43857322955592326f,0.8433321868128166f,-0.10187741182418004f,0.7058924308284641f,0.7005838507032622f,-0.10439417719811434f,1.1921816424174962f,-0.6366094022999362f,0.5628816842380612f,-0.5271552697760321f,-0.5263978202231955f,0f,0f,0f,1f],start_interpolation:0}
execute if entity @s[tag=aj.lexiel.bone.right_arm] run data modify entity @s {} merge value {transformation:[-0.09602943693554797f,0.25419811051781876f,0.9623729359510337f,-0.019439582383125806f,0.6480516735075295f,0.7498239116147648f,-0.1333908918735608f,1.40625f,-0.7555179519415354f,0.610857939442473f,-0.23673867895670028f,-0.31189477814924965f,0f,0f,0f,1f],start_interpolation:0}
execute if entity @s[tag=aj.lexiel.bone.left_hand] run data modify entity @s {} merge value {transformation:[-0.211832591730703f,-0.1284933419759691f,0.9688221788070811f,0.18676739678761337f,0.12364317477775988f,0.979830179698848f,0.15698784756215875f,1.1415667270513938f,-0.9694531027396474f,0.15304339260213057f,-0.19167264168185438f,0.35880669664046877f,0f,0f,0f,1f],start_interpolation:0}
execute if entity @s[tag=aj.lexiel.bone.left_arm] run data modify entity @s {} merge value {transformation:[-0.6198439472908014f,-0.52922833973176f,0.5794055966520542f,0.021383540621438386f,-0.4264316170400505f,0.8469864734355397f,0.31744289219611693f,1.40625f,-0.658748477793737f,-0.05031181016414127f,-0.7506791356914361f,0.34308425596417463f,0f,0f,0f,1f],start_interpolation:0}
execute if entity @s[tag=aj.lexiel.bone.skirt_right] run data modify entity @s {} merge value {transformation:[-0.613745276666184f,0.5379993657695192f,0.5778178067536033f,-0.2044050322680188f,0.3334714488571845f,0.8400369088933686f,-0.4279425013877035f,0.6896673554268562f,-0.7156210786212489f,-0.06996194771781017f,-0.6949761130459744f,-0.10864289198901092f,0f,0f,0f,1f],start_interpolation:0}
execute if entity @s[tag=aj.lexiel.bone.skirt_left] run data modify entity @s {} merge value {transformation:[-0.8123168838898133f,-0.028692955817587514f,0.5825100809719895f,0.14869992368061255f,-0.3097511038268755f,0.8675031490408764f,-0.3892204260855218f,0.7653626425823806f,-0.4941614451022823f,-0.4966034642354128f,-0.7135751295300384f,0.13832545332463014f,0f,0f,0f,1f],start_interpolation:0}
execute if entity @s[tag=aj.lexiel.bone.skirt_back_middle] run data modify entity @s {} merge value {transformation:[-0.8070970421683001f,0.01914962549833034f,0.5901081734448819f,0.14224182314344158f,-0.17301779921262717f,0.947925315891071f,-0.2673993953778361f,0.6625993444049189f,-0.5644990750026082f,-0.31791647855386007f,-0.7617544925926678f,-0.2084559943987766f,0f,0f,0f,1f],start_interpolation:0}
execute if entity @s[tag=aj.lexiel.bone.skirt_front_middle] run data modify entity @s {} merge value {transformation:[-0.8070970421683001f,0.14641848815399128f,0.5719755159531574f,-0.07443985438915965f,-0.17301779921262717f,0.8675798790494932f,-0.4662295514272834f,0.8230777824253077f,-0.5644990750026082f,-0.475254436902136f,-0.6748881496411339f,0.0521600479934638f,0f,0f,0f,1f],start_interpolation:0}
execute if entity @s[tag=aj.lexiel.bone.skirt] run data modify entity @s {} merge value {transformation:[-0.8070970421683001f,0.12132990860310058f,0.5778178067536033f,-0.02557761850739498f,-0.17301779921262717f,0.8870907826494729f,-0.4279425013877035f,0.7441479511792961f,-0.5644990750026082f,-0.4453638923584947f,-0.6949761130459744f,0.006490707686087824f,0f,0f,0f,1f],start_interpolation:0}
execute if entity @s[tag=aj.lexiel.bone.rightupper] run data modify entity @s {} merge value {transformation:[-0.7631307028117916f,0.21529187236159397f,0.6093282695895701f,-0.09715568860587787f,-0.024659088362574515f,0.9324887066160165f,-0.3603564088436825f,0.6575450515536961f,-0.6457735359916104f,-0.2900245191852365f,-0.7063018607396307f,-0.10240976126745926f,0f,0f,0f,1f],start_interpolation:0}
execute if entity @s[tag=aj.lexiel.bone.rightfoot] run data modify entity @s {} merge value {transformation:[-0.7552584168519368f,0.025926813636644203f,0.6549141349130866f,-0.193548722001941f,0.017242745194023894f,0.9996574388177327f,-0.019689915046655404f,0.3950438978491016f,-0.6552002835106834f,-0.003578456513815026f,-0.7554467440769723f,0.06672139920462553f,0f,0f,0f,1f],start_interpolation:0}
execute if entity @s[tag=aj.lexiel.bone.leftupper] run data modify entity @s {} merge value {transformation:[-0.8751360747226692f,0.13433478342706873f,0.4648559095898439f,0.11616822360811943f,0.018718651592767272f,0.9693700555236628f,-0.24489039902903348f,0.6949389599807125f,-0.4835146976065434f,-0.2056109467310853f,-0.8508452713524356f,0.04950649421891139f,0f,0f,0f,1f],start_interpolation:0}
execute if entity @s[tag=aj.lexiel.bone.leftfoot] run data modify entity @s {} merge value {transformation:[-0.8784513730991451f,-0.23363970971117407f,0.41681611190824264f,0.026207861141961997f,-0.024361090331394525f,0.8930712050306209f,0.44925533944853696f,0.44008387886237066f,-0.4772103544330235f,0.3844948748569126f,-0.7902113444077319f,0.21473494295848705f,0f,0f,0f,1f],start_interpolation:0}
execute if entity @s[tag=aj.lexiel.bone.lower] run data modify entity @s {} merge value {transformation:[-0.8076562153111148f,0.2892248500896159f,0.5138486391535597f,0f,-0.14220658010785275f,0.7501785099714777f,-0.6457627209362601f,0.625f,-0.5722488326273414f,-0.5946269328474892f,-0.5647566593578445f,0f,0f,0f,0f,1f],start_interpolation:0}