execute if entity @s[tag=aj.lexiel.bone.backhair] run data modify entity @s {} merge value {transformation:[-0.7000189650251014f,0.1100102906694185f,-0.7055998756746035f,-0.18914387776777622f,0.12741938317139753f,0.9914489412733164f,0.028165539942287685f,1.4919900818397747f,0.7026647489360814f,-0.07019068880449937f,-0.7080505051249829f,-0.1869791859112533f,0f,0f,0f,1f],start_interpolation:0}
execute if entity @s[tag=aj.lexiel.bone.head] run data modify entity @s {} merge value {transformation:[-0.7000189650251014f,0.1100102906694185f,-0.7055998756746035f,0f,0.12741938317139753f,0.9914489412733164f,0.028165539942287685f,1.5f,0.7026647489360814f,-0.07019068880449937f,-0.7080505051249829f,0f,0f,0f,0f,1f],start_interpolation:0}
execute if entity @s[tag=aj.lexiel.bone.ring] run data modify entity @s {} merge value {transformation:[-0.9392278472760159f,0.16561121050749114f,-0.3007057995042731f,0f,0.17364817766693033f,0.984807753012208f,0f,0.9375f,0.29613740272754274f,-0.05221701409779435f,-0.9537169507482268f,0f,0f,0f,0f,1f],start_interpolation:0}
execute if entity @s[tag=aj.lexiel.bone.bust] run data modify entity @s {} merge value {transformation:[-0.9537169507482268f,-0.15035289975213653f,-0.2604188614360106f,0.02161322933936971f,0f,0.8660254037844387f,-0.49999999999999994f,1.390625f,0.3007057995042731f,-0.47685847537411336f,-0.8259431073677967f,0.0685484058350288f,0f,0f,0f,1f],start_interpolation:0}
execute if entity @s[tag=aj.lexiel.bone.left_wing] run data modify entity @s {} merge value {transformation:[-0.6049080042615415f,0f,-0.7962953637817557f,0.0816263939054942f,0f,1f,0f,1.15625f,0.7962953637817557f,0f,-0.6049080042615415f,-0.1568028437815625f,0f,0f,0f,1f],start_interpolation:0}
execute if entity @s[tag=aj.lexiel.bone.right_wing] run data modify entity @s {} merge value {transformation:[-0.9983081582712681f,0f,-0.05814482891047587f,-0.1568028437815625f,0f,1f,0f,1.15625f,0.05814482891047587f,0f,-0.9983081582712681f,-0.0816263939054942f,0f,0f,0f,1f],start_interpolation:0}
execute if entity @s[tag=aj.lexiel.bone.body] run data modify entity @s {} merge value {transformation:[-0.9537169507482268f,0f,-0.3007057995042731f,0.62721137512625f,0f,1f,0f,0.21875f,0.3007057995042731f,0f,-0.9537169507482268f,0.32650557562197685f,0f,0f,0f,1f],start_interpolation:0}
execute if entity @s[tag=aj.lexiel.locator_origin.locator_right_hand] at @s on origin run tp @s ^-0.87072 ^0.84423 ^-0.04149 ~-4.50956 ~17.29776
execute if entity @s[tag=aj.lexiel.bone.sword] run data modify entity @s {} merge value {transformation:[-0.6079263639530192f,-0.18262308914595f,0.9664307558338838f,-0.8488854044468852f,0.9771085011681508f,-0.24180203597932293f,0.5689506260135272f,0.9509060779775381f,0.1122433759996163f,1.115838090946462f,0.28146197227541087f,-0.09196835992336289f,0f,0f,0f,1f],start_interpolation:0}
execute if entity @s[tag=aj.lexiel.bone.rod] run data modify entity @s {} merge value {transformation:[-0.000006579374374736428f,0.000005829324977885518f,0.000004767683204582876f,-0.8387380923467231f,0.000007024898712270448f,0.0000024696963935969844f,0.0000066746833487286186f,0.9194030656823988f,0.0000027134168348049045f,0.000007740773218849268f,-0.0000057199474695964884f,0.014196101066920375f,0f,0f,0f,1f],start_interpolation:0}
execute if entity @s[tag=aj.lexiel.bone.right_hand] run data modify entity @s {} merge value {transformation:[-0.6579374374736427f,0.7493216346112732f,-0.07506940970932102f,-0.5395267337256556f,0.7024898712270448f,0.6466052925543327f,0.2973374790774551f,1.220731395680064f,0.2713416834804904f,0.14289395908930252f,-0.9518166878458046f,0.017171150114591374f,0f,0f,0f,1f],start_interpolation:0}
execute if entity @s[tag=aj.lexiel.bone.right_arm] run data modify entity @s {} merge value {transformation:[-0.6822612486670663f,0.7045424723071645f,0.1952933518647364f,-0.2980365471088209f,0.7306278205769459f,0.6667223158814898f,0.14718811536467644f,1.40625f,-0.026506157138254438f,0.2431075034237553f,-0.9696371307931801f,0.09397056234508536f,0f,0f,0f,1f],start_interpolation:0}
execute if entity @s[tag=aj.lexiel.locator_origin.locator_left_hand] at @s on origin run tp @s ^0.03704 ^1.25173 ^0.39418 ~143.16838 ~-55.90342
execute if entity @s[tag=aj.lexiel.bone.left_hand] run data modify entity @s {} merge value {transformation:[-0.5152736122981727f,0.7883912637044521f,0.33605404295096536f,0.3924638813008263f,-0.5604315483363838f,-0.013307234794980694f,-0.8280938335305938f,1.220030701476528f,-0.6483899938296982f,-0.6150301885408618f,0.44869620355527384f,0.13912444914169686f,0f,0f,0f,1f],start_interpolation:0}
execute if entity @s[tag=aj.lexiel.bone.left_arm] run data modify entity @s {} merge value {transformation:[-0.9627407296138248f,-0.20679577433959484f,0.17425784130973093f,0.32784020181970297f,-0.2651992805351502f,0.5959017552751102f,-0.7580042477873599f,1.40625f,0.052911521866969013f,-0.7759746167081303f,-0.6285409812242884f,-0.10336761857959388f,0f,0f,0f,1f],start_interpolation:0}
execute if entity @s[tag=aj.lexiel.bone.skirt_right] run data modify entity @s {} merge value {transformation:[-0.8082908481508501f,-0.22398556076418333f,-0.5445148054596255f,-0.139852503645026f,0.218500167388766f,0.7446623186076595f,-0.6306629116231159f,0.7289529811117821f,0.5467390434628394f,-0.6287356358717223f,-0.552962854573723f,0.16908516537632798f,0f,0f,0f,1f],start_interpolation:0}
execute if entity @s[tag=aj.lexiel.bone.skirt_left] run data modify entity @s {} merge value {transformation:[-0.6021617258369931f,-0.5653143080989239f,-0.5637561431999202f,0.16807993533423216f,-0.17660113043181103f,0.7829538205303871f,-0.5964858385972605f,0.7355134158627891f,0.7785970053032698f,-0.25962096983006855f,-0.5712999696807923f,-0.14162502711848415f,0f,0f,0f,1f],start_interpolation:0}
execute if entity @s[tag=aj.lexiel.bone.skirt_back_middle] run data modify entity @s {} merge value {transformation:[-0.7038455748097329f,-0.3547008225276579f,-0.615458149120604f,-0.16754265481904781f,-0.014995279430873176f,0.8736376196936951f,-0.48634601987754017f,0.6033537546639207f,0.7101947257024277f,-0.3330835269930614f,-0.6202248105568784f,-0.16902349296246497f,0f,0f,0f,1f],start_interpolation:0}
execute if entity @s[tag=aj.lexiel.bone.skirt_front_middle] run data modify entity @s {} merge value {transformation:[-0.7038455748097329f,-0.4795025209466314f,-0.5240980244444564f,0.03665039722831176f,-0.014995279430873176f,0.7476643749940897f,-0.6639074664134208f,0.8398523465225891f,0.7101947257024277f,-0.4594293359925142f,-0.5334305360718776f,0.03833757750268114f,0f,0f,0f,1f],start_interpolation:0}
execute if entity @s[tag=aj.lexiel.bone.skirt] run data modify entity @s {} merge value {transformation:[-0.7038455748097329f,-0.45618530605009955f,-0.5445148054596255f,0.00556024135616371f,-0.014995279430873176f,0.7759120011301823f,-0.6306629116231159f,0.7467815485084766f,0.7101947257024277f,-0.435724147880437f,-0.552962854573723f,0.00556024135616371f,0f,0f,0f,1f],start_interpolation:0}
execute if entity @s[tag=aj.lexiel.bone.rightupper] run data modify entity @s {} merge value {transformation:[-0.781381241394477f,-0.4261827046500321f,-0.4558636395392923f,-0.11471836412645199f,0.15499656552567215f,0.5750609588482409f,-0.8032938181535992f,0.6583507912708633f,0.6044993137068662f,-0.6983360193099919f,-0.3832849903951399f,0.07565546991742908f,0f,0f,0f,1f],start_interpolation:0}
execute if entity @s[tag=aj.lexiel.bone.rightfoot] run data modify entity @s {} merge value {transformation:[-0.7975146039044245f,-0.21131645785707556f,-0.5650803581774082f,0.08026745698855418f,0.182792733674998f,0.8079838155997967f,-0.5601329933546272f,0.5400764413009933f,0.5749411040052627f,-0.5500068257463105f,-0.6057517796570451f,0.3097396634774022f,0f,0f,0f,1f],start_interpolation:0}
execute if entity @s[tag=aj.lexiel.bone.leftupper] run data modify entity @s {} merge value {transformation:[-0.5595306961842518f,-0.6907533221887951f,-0.45802319582386786f,0.07452907663799496f,-0.1668932783611972f,0.635210154458505f,-0.7540919660828208f,0.6591258842211961f,0.8118325157724459f,-0.3454966100527539f,-0.4707016664264497f,-0.1136262370555102f,0f,0f,0f,1f],start_interpolation:0}
execute if entity @s[tag=aj.lexiel.bone.leftfoot] run data modify entity @s {} merge value {transformation:[-0.5306176113864375f,-0.6939228628221493f,-0.48674018833384214f,0.33527152889442047f,-0.19711538052210986f,0.6595282773620492f,-0.7253743710122875f,0.5644161298908369f,0.8243727780853607f,-0.2889524386686507f,-0.4867401883338422f,0.03930404765294934f,0f,0f,0f,1f],start_interpolation:0}
execute if entity @s[tag=aj.lexiel.bone.lower] run data modify entity @s {} merge value {transformation:[-0.7071067811865476f,-0.5129171366417151f,-0.48674018833384214f,0f,0f,0.6883545756937541f,-0.7253743710122875f,0.625f,0.7071067811865475f,-0.5129171366417151f,-0.4867401883338422f,0f,0f,0f,0f,1f],start_interpolation:0}