execute if entity @s[tag=aj.lexiel.bone.backhair] run data modify entity @s {} merge value {transformation:[-0.29653626495295826f,0.06510242368843912f,-0.9528000409307504f,-0.25410473624236246f,0.12744102772619034f,0.99144857991586f,0.028080203612456906f,1.4919674200233735f,0.9464803368374016f,-0.11309901773541452f,-0.3022971785634842f,-0.07853051590380965f,0f,0f,0f,1f],start_interpolation:0}
execute if entity @s[tag=aj.lexiel.bone.head] run data modify entity @s {} merge value {transformation:[-0.29653626495295826f,0.06510242368843912f,-0.9528000409307504f,0f,0.12744102772619034f,0.99144857991586f,0.028080203612456906f,1.5f,0.9464803368374016f,-0.11309901773541452f,-0.3022971785634842f,0f,0f,0f,0f,1f],start_interpolation:0}
execute if entity @s[tag=aj.lexiel.bone.ring] run data modify entity @s {} merge value {transformation:[-0.6963642403200196f,0.12278780396897296f,-0.7071067811865468f,0f,0.17364817766693033f,0.984807753012208f,0f,0.9375f,0.6963642403200182f,-0.12278780396897271f,-0.7071067811865482f,0f,0f,0f,0f,1f],start_interpolation:0}
execute if entity @s[tag=aj.lexiel.bone.bust] run data modify entity @s {} merge value {transformation:[-0.7071067811865482f,-0.35355339059327334f,-0.6123724356957939f,0.050823299897783f,0f,0.8660254037844387f,-0.49999999999999994f,1.390625f,0.7071067811865468f,-0.35355339059327406f,-0.6123724356957951f,0.05082329989778317f,0f,0f,0f,1f],start_interpolation:0}
execute if entity @s[tag=aj.lexiel.bone.left_wing] run data modify entity @s {} merge value {transformation:[-0.13052619222005263f,0f,-0.9914448613738103f,1.1102230246251565e-16f,0f,1f,0f,1.15625f,0.9914448613738103f,0f,-0.13052619222005263f,-0.17677669529663692f,0f,0f,0f,1f],start_interpolation:0}
execute if entity @s[tag=aj.lexiel.bone.right_wing] run data modify entity @s {} merge value {transformation:[-0.8870108331782222f,0f,-0.461748613235033f,-0.17677669529663698f,0f,1f,0f,1.15625f,0.461748613235033f,0f,-0.8870108331782222f,-1.6653345369377348e-16f,0f,0f,0f,1f],start_interpolation:0}
execute if entity @s[tag=aj.lexiel.bone.body] run data modify entity @s {} merge value {transformation:[-0.7071067811865482f,0f,-0.7071067811865468f,0.7071067811865475f,0f,1f,0f,0.21875f,0.7071067811865468f,0f,-0.7071067811865482f,7.216449660063518e-16f,0f,0f,0f,1f],start_interpolation:0}
execute if entity @s[tag=aj.lexiel.locator_origin.locator_right_hand] at @s on origin run tp @s ^0.51857 ^1.48572 ^0.24928 ~167.86714 ~13.90428
execute if entity @s[tag=aj.lexiel.bone.sword] run data modify entity @s {} merge value {transformation:[-0.32811478639599434f,-1.0703825142198269f,-0.28902598966313287f,0.4512330104759362f,1.1082681523830862f,-0.3080597193502296f,-0.11728160225388465f,1.5403833458061151f,0.031566625757142294f,-0.3103136237201008f,1.1133836111475721f,0.3322379986684143f,0f,0f,0f,1f],start_interpolation:0}
execute if entity @s[tag=aj.lexiel.bone.rod] run data modify entity @s {} merge value {transformation:[-0.0000016966328317494043f,-0.000008260231995411489f,-0.00000537494227096537f,0.4262327362111073f,0.000009634155897441008f,-0.000002538408087108274f,8.599561192909877e-7f,1.5133819300307925f,-0.0000020747233979575914f,-0.000005032400199237306f,0.000008388710929379057f,0.22729891950009568f,0f,0f,0f,1f],start_interpolation:0}
execute if entity @s[tag=aj.lexiel.bone.right_hand] run data modify entity @s {} merge value {transformation:[-0.16966328317494042f,-0.9641524186415384f,0.20402079298437165f,0.03226674539078628f,0.9634155897441007f,-0.11868447683395078f,0.24030063752865577f,1.494102608347388f,-0.2074723397957591f,0.23732700770524046f,0.9490158690102868f,0.3846334558748967f,0f,0f,0f,1f],start_interpolation:0}
execute if entity @s[tag=aj.lexiel.bone.right_arm] run data modify entity @s {} merge value {transformation:[-0.2610678898300364f,-0.8364671554200679f,-0.4818363361175163f,-0.22097086912079633f,0.9621287249970351f,-0.18491547421193832f,-0.20028625497660613f,1.40625f,0.0784338793843067f,-0.5158768896746919f,0.8530645703956378f,0.2209708691207959f,0f,0f,0f,1f],start_interpolation:0}
execute if entity @s[tag=aj.lexiel.locator_origin.locator_left_hand] at @s on origin run tp @s ^0.42043 ^1.59483 ^0.29448 ~105.07479 ~-14.59955
execute if entity @s[tag=aj.lexiel.bone.left_hand] run data modify entity @s {} merge value {transformation:[-0.31682773483061005f,0.1627855068989342f,0.934409474045379f,0.5208490783562607f,-0.9110437254379645f,-0.3262885401357967f,-0.25206173631903184f,1.4442041417272335f,0.2638551056588052f,-0.9311480372742605f,0.2516819737249236f,-0.10503397033909828f,0f,0f,0f,1f],start_interpolation:0}
execute if entity @s[tag=aj.lexiel.bone.left_arm] run data modify entity @s {} merge value {transformation:[-0.3965468341278323f,-0.888899591434831f,0.22936461080599166f,0.24306795603287595f,-0.27876657200354266f,-0.12145325352714731f,-0.9526480491456769f,1.40625f,0.8746655398931565f,-0.44170875422008693f,-0.1996335887789223f,-0.24306795603287545f,0f,0f,0f,1f],start_interpolation:0}
execute if entity @s[tag=aj.lexiel.bone.skirt_right] run data modify entity @s {} merge value {transformation:[-0.41498771835479265f,-0.35323189323521276f,-0.8384583610508936f,-0.04726017021988508f,0.22887371743721519f,0.8513931844618651f,-0.4719602387048664f,0.7221451395574576f,0.8805691427032594f,-0.38775878462434854f,-0.2724722185205218f,0.21354590149821023f,0f,0f,0f,1f],start_interpolation:0}
execute if entity @s[tag=aj.lexiel.bone.skirt_left] run data modify entity @s {} merge value {transformation:[-0.19821423207840771f,-0.47449748541276016f,-0.8576498437815602f,0.07956415856033325f,-0.2180402937641256f,0.8744319924365874f,-0.43339026396382513f,0.7383865363035991f,0.955599052164045f,0.1010981055230398f,-0.27678443699534727f,-0.2048534969970332f,0f,0f,0f,1f],start_interpolation:0}
execute if entity @s[tag=aj.lexiel.bone.skirt_back_middle] run data modify entity @s {} merge value {transformation:[-0.28988418006907046f,-0.30886265729986184f,-0.9058537525844614f,-0.24850630693120837f,-0.0371231925626089f,0.9494110259780338f,-0.31183420647083726f,0.6525793893879452f,0.9563414822748422f,-0.05676761996953304f,-0.2866852047165191f,-0.07889208143512957f,0f,0f,0f,1f],start_interpolation:0}
execute if entity @s[tag=aj.lexiel.bone.skirt_front_middle] run data modify entity @s {} merge value {transformation:[-0.28988418006907046f,-0.49760401556407013f,-0.8175312873769391f,0.06591557846287668f,-0.0371231925626089f,0.8594129185167512f,-0.5099326465921551f,0.8295644789022701f,0.9563414822748422f,-0.11747203574056628f,-0.2676028589147076f,0.023285000510066104f,0f,0f,0f,1f],start_interpolation:0}
execute if entity @s[tag=aj.lexiel.bone.skirt] run data modify entity @s {} merge value {transformation:[-0.28988418006907046f,-0.4614701928938988f,-0.8384583610508936f,0.007499428053463458f,-0.0371231925626089f,0.8808378974905684f,-0.4719602387048664f,0.7467815485084766f,0.9563414822748422f,-0.10568755562914119f,-0.2724722185205218f,0.0023645605825421065f,0f,0f,0f,1f],start_interpolation:0}
execute if entity @s[tag=aj.lexiel.bone.rightupper] run data modify entity @s {} merge value {transformation:[-0.43491669275413924f,-0.24329102358673554f,-0.8669815154926431f,-0.07032803189434737f,0.14115061285858466f,0.9324875829578165f,-0.33248069435552996f,0.679367695297319f,0.889339066303425f,-0.26697637624255804f,-0.3712137385320545f,0.11393993602435767f,0f,0f,0f,1f],start_interpolation:0}
execute if entity @s[tag=aj.lexiel.bone.rightfoot] run data modify entity @s {} merge value {transformation:[-0.4419258358148144f,0.0863496090119786f,-0.8928859393353981f,0.09137984137904004f,0.18279273367499804f,0.9831406805119847f,0.004606391000897214f,0.40969734038415356f,0.8782302500796695f,-0.16117737851792463f,-0.45025934804187107f,0.20300264075376118f,0f,0f,0f,1f],start_interpolation:0}
execute if entity @s[tag=aj.lexiel.bone.leftupper] run data modify entity @s {} merge value {transformation:[-0.13114831225483745f,-0.9626324684699951f,-0.2369363856398417f,0.024870770650685138f,-0.18259255961133491f,0.25836714833584745f,-0.9486339514456475f,0.6482796113118032f,0.9744024206493378f,-0.08114892056069707f,-0.20965394182925567f,-0.1363560353444232f,0f,0f,0f,1f],start_interpolation:0}
execute if entity @s[tag=aj.lexiel.bone.leftfoot] run data modify entity @s {} merge value {transformation:[-0.09001058250529503f,-0.9562175493675502f,-0.2784709918798977f,0.33623263145407684f,-0.19711538052210986f,0.29117915775562664f,-0.9361411351128353f,0.6874612704003896f,0.9762395309547147f,-0.02937169334989903f,-0.2146943917084892f,-0.09319557678410473f,0f,0f,0f,1f],start_interpolation:0}
execute if entity @s[tag=aj.lexiel.bone.lower] run data modify entity @s {} merge value {transformation:[-0.3007057995042741f,-0.6918018332727517f,-0.6564954269642366f,0f,0f,0.6883545756937541f,-0.7253743710122875f,0.625f,0.9537169507482266f,-0.2181242801751599f,-0.2069922130264157f,0f,0f,0f,0f,1f],start_interpolation:0}