execute if entity @s[tag=aj.lexiel.bone.backhair] run data modify entity @s {} merge value {transformation:[-0.0913588742095956f,0.036292854310704045f,-0.9951564624867475f,-0.26490551119664707f,0.12741921874736942f,0.9915472103859775f,0.02446369288550103f,1.4910052432604304f,0.9876324715181075f,-0.12456708354042853f,-0.0952110440089099f,-0.023344072884547495f,0f,0f,0f,1f],start_interpolation:0}
execute if entity @s[tag=aj.lexiel.bone.head] run data modify entity @s {} merge value {transformation:[-0.0913588742095956f,0.036292854310704045f,-0.9951564624867475f,0f,0.12741921874736942f,0.9915472103859775f,0.02446369288550103f,1.5f,0.9876324715181075f,-0.12456708354042853f,-0.0952110440089099f,0f,0f,0f,0f,1f],start_interpolation:0}
execute if entity @s[tag=aj.lexiel.bone.ring] run data modify entity @s {} merge value {transformation:[-0.5065141973260016f,0.08931211910046548f,-0.8575935594959775f,0f,0.17364817766693033f,0.984807753012208f,0f,0.9375f,0.8445647863249749f,-0.1489195587853727f,-0.5143279952627694f,0f,0f,0f,0f,1f],start_interpolation:0}
execute if entity @s[tag=aj.lexiel.bone.bust] run data modify entity @s {} merge value {transformation:[-0.5143279952627694f,-0.4287967797479887f,-0.742697808645438f,0.061639537088773455f,0f,0.8660254037844387f,-0.49999999999999994f,1.390625f,0.8575935594959775f,-0.25716399763138464f,-0.44542110977508076f,0.03696732465951155f,0f,0f,0f,1f],start_interpolation:0}
execute if entity @s[tag=aj.lexiel.bone.left_wing] run data modify entity @s {} merge value {transformation:[0.3129015330240213f,0f,-0.9497855708691396f,-0.04290819552915104f,0f,1f,0f,1.15625f,0.9497855708691396f,0f,0.3129015330240213f,-0.17149019434484336f,0f,0f,0f,1f],start_interpolation:0}
execute if entity @s[tag=aj.lexiel.bone.right_wing] run data modify entity @s {} merge value {transformation:[-0.9688075879223734f,0f,-0.24781415936954193f,-0.17149019434484336f,0f,1f,0f,1.15625f,0.24781415936954193f,0f,-0.9688075879223734f,0.04290819552915104f,0f,0f,0f,1f],start_interpolation:0}
execute if entity @s[tag=aj.lexiel.bone.body] run data modify entity @s {} merge value {transformation:[-0.5143279952627694f,0f,-0.8575935594959775f,0.6859607773793734f,0f,1f,0f,0.21875f,0.8575935594959775f,0f,-0.5143279952627694f,-0.17163278211660404f,0f,0f,0f,1f],start_interpolation:0}
execute if entity @s[tag=aj.lexiel.bone.sword] run data modify entity @s {} merge value {transformation:[-0.0617997698824853f,-1.0654417362716102f,-0.4448918492768875f,0.5516561274356833f,1.1424751896269623f,0.00796139492668119f,-0.17776703793914822f,1.3758469057448186f,0.1668690864998937f,-0.4490930697543201f,1.0523232322672216f,0.14549251627156862f,0f,0f,0f,1f],start_interpolation:0}
execute if entity @s[tag=aj.lexiel.bone.rod] run data modify entity @s {} merge value {transformation:[1.1275986858977198e-7f,-0.000009467767119489228f,-0.0000032169350293648035f,0.500359303281144f,0.000009933184539153823f,-2.634642866401962e-7f,0.000001123579761646091f,1.3650888803619665f,-0.0000011485339016115848f,-0.0000032081104003422173f,0.000009401536977327963f,0.04741471952786974f,0f,0f,0f,1f],start_interpolation:0}
execute if entity @s[tag=aj.lexiel.bone.right_hand] run data modify entity @s {} merge value {transformation:[0.011275986858977197f,-0.8969438906786255f,0.442000575898546f,0.1527153338550653f,0.9933184539153822f,0.060819348498015666f,0.09807882523476746f,1.412428224301967f,-0.11485339016115848f,0.4379413931367608f,0.8916367169121749f,0.2866589861746133f,0f,0f,0f,1f],start_interpolation:0}
execute if entity @s[tag=aj.lexiel.bone.right_arm] run data modify entity @s {} merge value {transformation:[0.06967408860914034f,-0.9960496547380644f,-0.05505094615598044f,-0.16072749851961543f,0.981299112831425f,0.07835959351684807f,-0.17581759087228144f,1.40625f,0.17943682044871467f,-0.04177151421791342f,0.9828822757925786f,0.26799798734249297f,0f,0f,0f,1f],start_interpolation:0}
execute if entity @s[tag=aj.lexiel.bone.left_hand] run data modify entity @s {} merge value {transformation:[-0.13591227898306654f,0.030166803492212346f,0.9902614888950755f,0.47243867581746124f,-0.9079365186135285f,-0.4037785523451959f,-0.11231277235454806f,1.484771235301615f,0.3964582330959663f,-0.9143592535940565f,0.08226800579413665f,-0.23085573556197453f,0f,0f,0f,1f],start_interpolation:0}
execute if entity @s[tag=aj.lexiel.bone.left_arm] run data modify entity @s {} merge value {transformation:[-0.14662933150316998f,-0.9460429678268296f,0.2889680642706703f,0.17680024837157698f,-0.23115380520692438f,-0.2512679529651678f,-0.9399108118066598f,1.40625f,0.9618044278756948f,-0.20461456164725683f,-0.18183817993097096f,-0.2947977860767423f,0f,0f,0f,1f],start_interpolation:0}
execute if entity @s[tag=aj.lexiel.bone.skirt_right] run data modify entity @s {} merge value {transformation:[-0.22479577379542176f,-0.4807773537441903f,-0.8475376075493356f,0.0001433660280751401f,0.21880017984650435f,0.8226816730558126f,-0.524710726131291f,0.7263105471348819f,0.9495226913470024f,-0.30339413465791176f,-0.07974119181653827f,0.21802862386066818f,0f,0f,0f,1f],start_interpolation:0}
execute if entity @s[tag=aj.lexiel.bone.skirt_left] run data modify entity @s {} merge value {transformation:[0.024904168430866104f,-0.49336516776781525f,-0.8694656943365867f,0.03558681028356409f,-0.20648793795351392f,0.8484414860304397f,-0.48734974737057696f,0.735315568689343f,0.9781321556285085f,0.19167121853813882f,-0.08074422647862921f,-0.21794032210465136f,0f,0f,0f,1f],start_interpolation:0}
execute if entity @s[tag=aj.lexiel.bone.skirt_back_middle] run data modify entity @s {} merge value {transformation:[-0.08101358686968904f,-0.36937384478652324f,-0.9257428160834569f,-0.25328710016160855f,-0.020582906410196784f,0.9292177027492987f,-0.3689590829089662f,0.636427649032868f,0.9965004479207304f,-0.010836220971248523f,-0.08288204636014875f,-0.023949553741492026f,0f,0f,0f,1f],start_interpolation:0}
execute if entity @s[tag=aj.lexiel.bone.skirt_front_middle] run data modify entity @s {} merge value {transformation:[-0.08101358686968904f,-0.5609856275186963f,-0.823851882597814f,0.06453950266939229f,-0.020582906410196784f,0.8273341714755242f,-0.5613328002821651f,0.833194171332102f,0.9965004479207304f,-0.028518317383089763f,-0.07857202343977743f,0.005953393189709826f,0f,0f,0f,1f],start_interpolation:0}
execute if entity @s[tag=aj.lexiel.bone.skirt] run data modify entity @s {} merge value {transformation:[-0.08101358686968904f,-0.5245157791068407f,-0.8475376075493356f,0.00803041729756633f,-0.020582906410196784f,0.8510317255228989f,-0.524710726131291f,0.7467699027656668f,0.9965004479207304f,-0.025063910737584894f,-0.07974119181653827f,-0.00042579744832129795f,0f,0f,0f,1f],start_interpolation:0}
execute if entity @s[tag=aj.lexiel.bone.rightupper] run data modify entity @s {} merge value {transformation:[-0.24231112626305293f,-0.23381304098828642f,-0.9416033028579184f,-0.044011489700800856f,0.1540668564105479f,0.9489380201824867f,-0.27528174223495866f,0.6828667313467185f,0.9578876352917927f,-0.21177368985771677f,-0.1939154002113941f,0.12520797460801f,0f,0f,0f,1f],start_interpolation:0}
execute if entity @s[tag=aj.lexiel.bone.rightfoot] run data modify entity @s {} merge value {transformation:[-0.2488195998510678f,0.11264761669278206f,-0.9619767778815612f,0.11533149994618738f,0.19620381737534903f,0.9784833144729538f,0.06383153879833667f,0.40286229673894064f,0.9484686967830278f,-0.17286097810512047f,-0.2655677191814658f,0.1800819235866497f,0f,0f,0f,1f],start_interpolation:0}
execute if entity @s[tag=aj.lexiel.bone.leftupper] run data modify entity @s {} merge value {transformation:[0.08149471719144104f,-0.9718516500187376f,-0.22104972613813412f,-0.0030368553507800246f,-0.18573911078064828f,0.20309307265258847f,-0.9613813949556881f,0.6460578451123192f,0.979213763075408f,0.11940508446622969f,-0.16395984876582262f,-0.13939929648561672f,0f,0f,0f,1f],start_interpolation:0}
execute if entity @s[tag=aj.lexiel.bone.leftfoot] run data modify entity @s {} merge value {transformation:[0.12288868689696664f,-0.9674490409048304f,-0.22122550459895654f,0.30785956366162404f,-0.1979008696216066f,0.19454909121618238f,-0.9607215501434166f,0.7029890177471823f,0.9724883631364188f,0.16184252951335495f,-0.16755112415310036f,-0.1605340471926574f,0f,0f,0f,1f],start_interpolation:0}
execute if entity @s[tag=aj.lexiel.bone.lower] run data modify entity @s {} merge value {transformation:[-0.08994799843163173f,-0.7213086212084147f,-0.6867483021810531f,0f,0.00941425141281554f,0.6888968040833994f,-0.72479829276428f,0.625f,0.9959019677902436f,-0.07165937687486744f,-0.05517430794696236f,0f,0f,0f,0f,1f],start_interpolation:0}