execute if entity @s[tag=aj.lexiel.bone.backhair] run data modify entity @s {} merge value {transformation:[-0.8673598468469641f,0.10554004400289337f,0.48636220575768224f,0.12754089771683913f,0.13308098116750924f,0.9908538672369739f,0.022317397541525168f,1.4904459670463899f,-0.47955849333434153f,0.08408277405866643f,-0.873472231142751f,-0.23332985474195989f,0f,0f,0f,1f],start_interpolation:0}
execute if entity @s[tag=aj.lexiel.bone.head] run data modify entity @s {} merge value {transformation:[-0.8673598468469641f,0.10554004400289337f,0.48636220575768224f,0f,0.13308098116750924f,0.9908538672369739f,0.022317397541525168f,1.5f,-0.47955849333434153f,0.08408277405866643f,-0.873472231142751f,0f,0f,0f,0f,1f],start_interpolation:0}
execute if entity @s[tag=aj.lexiel.bone.ring] run data modify entity @s {} merge value {transformation:[-0.5539889732975862f,0.0976832030073458f,0.8267733724031706f,0f,0.17364817766693033f,0.984807753012208f,0f,0.9375f,-0.814212827126692f,0.14356768946135293f,-0.5625351461776305f,0f,0f,0f,0f,1f],start_interpolation:0}
execute if entity @s[tag=aj.lexiel.bone.bust] run data modify entity @s {} merge value {transformation:[-0.5625351461776305f,0.41338668620158525f,0.7160067436736779f,-0.05942433614147791f,0f,0.8660254037844387f,-0.49999999999999994f,1.390625f,-0.8267733724031706f,-0.28126757308881517f,-0.48716972711142065f,0.04043221363151728f,0f,0f,0f,1f],start_interpolation:0}
execute if entity @s[tag=aj.lexiel.bone.left_wing] run data modify entity @s {} merge value {transformation:[-0.9674941713530554f,0f,-0.2528933142609048f,0.1736635648226001f,0f,1f,0f,1.15625f,0.2528933142609048f,0f,-0.9674941713530554f,0.033029778278192534f,0f,0f,0f,1f],start_interpolation:0}
execute if entity @s[tag=aj.lexiel.bone.right_wing] run data modify entity @s {} merge value {transformation:[-0.3112747701440238f,0f,0.95031995531599f,0.03302977827819248f,0f,1f,0f,1.15625f,-0.95031995531599f,0f,-0.3112747701440238f,-0.17366356482260004f,0f,0f,0f,1f],start_interpolation:0}
execute if entity @s[tag=aj.lexiel.bone.body] run data modify entity @s {} merge value {transformation:[-0.5625351461776305f,0f,0.8267733724031706f,-0.13211911311277008f,0f,1f,0f,0.21875f,-0.8267733724031706f,0f,-0.5625351461776305f,0.6946542592904006f,0f,0f,0f,1f],start_interpolation:0}
execute if entity @s[tag=aj.lexiel.bone.sword] run data modify entity @s {} merge value {transformation:[-0.4781551573010684f,-0.69097781515704f,0.7942489326446676f,-0.29997259408188226f,0.44287247975755234f,0.6593629577863764f,0.8402490815660542f,0.6941874216962274f,-0.9550631783917685f,0.6516933415035051f,-0.008011018674844213f,-0.4048316179399504f,0f,0f,0f,1f],start_interpolation:0}
execute if entity @s[tag=aj.lexiel.bone.rod] run data modify entity @s {} merge value {transformation:[-0.000006227083140285995f,-0.0000036366074986039175f,0.000006928096525385863f,-0.3824673529258954f,0.0000024866366013703505f,0.000007475528136818384f,0.000006158986725782254f,0.7068548557692127f,-0.000007418899782089742f,0.000005558018079921515f,-0.000003750781391466896f,-0.33134349393441587f,0f,0f,0f,1f],start_interpolation:0}
execute if entity @s[tag=aj.lexiel.bone.right_hand] run data modify entity @s {} merge value {transformation:[-0.6227083140285995f,0.23274342110386237f,0.7470373856591979f,-0.24653115816316212f,0.24866366013703503f,0.9641057917533677f,-0.09309353594565535f,1.1091686817792732f,-0.7418899782089742f,0.12779093176153808f,-0.6582315230924494f,-0.33165724686760817f,0f,0f,0f,1f],start_interpolation:0}
execute if entity @s[tag=aj.lexiel.bone.right_arm] run data modify entity @s {} merge value {transformation:[-0.5631181411385741f,0.17005274583063096f,0.8086903132572442f,-0.17579223318050952f,0.22505822545747073f,0.9731660408520729f,-0.047923398108187715f,1.40625f,-0.7951394558658067f,0.15501587198659497f,-0.5862792211546171f,-0.2583666788759908f,0f,0f,0f,1f],start_interpolation:0}
execute if entity @s[tag=aj.lexiel.bone.left_hand] run data modify entity @s {} merge value {transformation:[-0.5758424145240214f,-0.23012766963380824f,0.7845041550585043f,0.30469585312089065f,-0.09902145912738451f,0.972134486151266f,0.21248362635200368f,1.1142516449088171f,-0.8115419054290596f,0.044674338319968726f,-0.5825838473801381f,0.28450224593986817f,0f,0f,0f,1f],start_interpolation:0}
execute if entity @s[tag=aj.lexiel.bone.left_arm] run data modify entity @s {} merge value {transformation:[-0.7000054467096096f,-0.3562380691914567f,0.6189400719258874f,0.19337145649856047f,-0.2675549043940212f,0.9343947362917853f,0.23520384759801713f,1.40625f,-0.6621229098223274f,-0.0009564773640904911f,-0.7493946473250699f,0.2842033467635899f,0f,0f,0f,1f],start_interpolation:0}
execute if entity @s[tag=aj.lexiel.bone.skirt_right] run data modify entity @s {} merge value {transformation:[-0.8278734806813833f,0.2594634467249139f,0.49729691311943486f,-0.22302345139765065f,0.12159154995396526f,0.9485142263603452f,-0.2924658225704814f,0.7020131600318813f,-0.5475773871922429f,-0.18165759605825388f,-0.8167983366964288f,-0.059226782791463664f,0f,0f,0f,1f],start_interpolation:0}
execute if entity @s[tag=aj.lexiel.bone.skirt_left] run data modify entity @s {} merge value {transformation:[-0.8648481582945607f,0.03229353317143058f,0.500993803165081f,0.15419174340408906f,-0.10936960839110986f,0.9618407119444251f,-0.2508001866159929f,0.7291268635716174f,-0.4899754604619314f,-0.2716975755533113f,-0.8283142372213403f,0.1607272894396385f,0f,0f,0f,1f],start_interpolation:0}
execute if entity @s[tag=aj.lexiel.bone.skirt_back_middle] run data modify entity @s {} merge value {transformation:[-0.8622061595468336f,0.008597918803005186f,0.5064845646530178f,0.1114749914908974f,-0.06197417951939667f,0.9905543743449677f,-0.12231611724931071f,0.6929556027522666f,-0.502752165099662f,-0.13685067503781803f,-0.8535292339629004f,-0.19666086648711478f,0f,0f,0f,1f],start_interpolation:0}
execute if entity @s[tag=aj.lexiel.bone.skirt_front_middle] run data modify entity @s {} merge value {transformation:[-0.8622061595468336f,0.11801743743602264f,0.49261792791222553f,-0.07501135092889069f,-0.06197417951939667f,0.9406002273123273f,-0.33381194324483954f,0.8026302862161973f,-0.502752165099662f,-0.3183443054949041f,-0.803677275805761f,0.10963850977404596f,0f,0f,0f,1f],start_interpolation:0}
execute if entity @s[tag=aj.lexiel.bone.skirt] run data modify entity @s {} merge value {transformation:[-0.8622061595468336f,0.09641741876539406f,0.49729691311943486f,-0.03260802739492966f,-0.06197417951939667f,0.954265656775444f,-0.2924658225704814f,0.733462492866289f,-0.502752165099662f,-0.28298540184530613f,-0.8167983366964288f,0.045444277039487904f,0f,0f,0f,1f],start_interpolation:0}
execute if entity @s[tag=aj.lexiel.bone.rightupper] run data modify entity @s {} merge value {transformation:[-0.8765621280641079f,0.1639765671037363f,0.4524936696624566f,-0.1141636519251856f,-0.01741440281744443f,0.9287493793173829f,-0.3702989724426574f,0.6637646614248061f,-0.48097356914723943f,-0.3324699623401339f,-0.8112509783804982f,-0.07974128840797226f,0f,0f,0f,1f],start_interpolation:0}
execute if entity @s[tag=aj.lexiel.bone.rightfoot] run data modify entity @s {} merge value {transformation:[-0.8702424081999008f,0.036153841422718325f,0.4912952785452127f,-0.17799182416519183f,0.024354094110216877f,0.9992412526190049f,-0.0303940317245478f,0.40305957618616306f,-0.4920213705424876f,-0.01448512391327933f,-0.8704626081083028f,0.106706143822627f,0f,0f,0f,1f],start_interpolation:0}
execute if entity @s[tag=aj.lexiel.bone.leftupper] run data modify entity @s {} merge value {transformation:[-0.894922693803186f,0.09196530881862525f,0.4366414479752736f,0.11921206814676932f,-0.030721380385732636f,0.9635110384198244f,-0.26589974733035504f,0.6780114948182f,-0.44516240733382234f,-0.25137394617789344f,-0.8594425927772661f,0.055736375510129006f,0f,0f,0f,1f],start_interpolation:0}
execute if entity @s[tag=aj.lexiel.bone.leftfoot] run data modify entity @s {} merge value {transformation:[-0.896478812683818f,-0.06785962163477552f,0.4378593497466928f,0.04517335232378728f,-0.07357568515561028f,0.9972819346148961f,0.003919367889384406f,0.4276880057885184f,-0.4369351862266236f,-0.028702171387456565f,-0.8990349428107625f,0.23518229733354704f,0f,0f,0f,1f],start_interpolation:0}
execute if entity @s[tag=aj.lexiel.bone.lower] run data modify entity @s {} merge value {transformation:[-0.8635688129919327f,0.15744214566810533f,0.47902074693600416f,0f,-0.049371631124611015f,0.9190356521582239f,-0.3910702137752292f,0.625f,-0.5018080781213069f,-0.36136607592513614f,-0.7858773516921511f,0f,0f,0f,0f,1f],start_interpolation:0}