execute if entity @s[tag=aj.lexiel.bone.backhair] run data modify entity @s {} merge value {transformation:[-0.7657218629618978f,0.061601055149929196f,-0.6402150721332446f,-0.17101964502211073f,0.12105937115026211f,0.9914153673943839f,-0.04939835980031992f,1.4713876955625027f,0.6316760698640271f,-0.11532943812693339f,-0.766605807088925f,-0.2018276450372624f,0f,0f,0f,1f],start_interpolation:0}
execute if entity @s[tag=aj.lexiel.bone.head] run data modify entity @s {} merge value {transformation:[-0.7657218629618978f,0.061601055149929196f,-0.6402150721332446f,0f,0.12105937115026211f,0.9914153673943839f,-0.04939835980031992f,1.5f,0.6316760698640271f,-0.11532943812693339f,-0.766605807088925f,0f,0f,0f,0f,1f],start_interpolation:0}
execute if entity @s[tag=aj.lexiel.bone.ring] run data modify entity @s {} merge value {transformation:[-0.6773579966435958f,0.11943649040689978f,-0.7258932904651045f,0f,0.17364817766693033f,0.984807753012208f,0f,0.9375f,0.7148653403095776f,-0.12605004706991713f,-0.6878073355655223f,0f,0f,0f,0f,1f],start_interpolation:0}
execute if entity @s[tag=aj.lexiel.bone.bust] run data modify entity @s {} merge value {transformation:[-0.6878073355655223f,-0.3629466452325522f,-0.6286420299794571f,0.05217358025217944f,0f,0.8660254037844387f,-0.49999999999999994f,1.390625f,0.7258932904651045f,-0.3439036677827611f,-0.5956586255090304f,0.04943615224377196f,0f,0f,0f,1f],start_interpolation:0}
execute if entity @s[tag=aj.lexiel.bone.left_wing] run data modify entity @s {} merge value {transformation:[-0.10377841033634222f,0f,-0.9946004431670346f,-0.004760744362447777f,0f,1f,0f,1.15625f,0.9946004431670346f,0f,-0.10377841033634222f,-0.17671257825382836f,0f,0f,0f,1f],start_interpolation:0}
execute if entity @s[tag=aj.lexiel.bone.right_wing] run data modify entity @s {} merge value {transformation:[-0.8742538370419092f,0f,-0.4854690808048423f,-0.17671257825382836f,0f,1f,0f,1.15625f,0.4854690808048423f,0f,-0.8742538370419092f,0.004760744362447777f,0f,0f,0f,1f],start_interpolation:0}
execute if entity @s[tag=aj.lexiel.bone.body] run data modify entity @s {} merge value {transformation:[-0.6878073355655223f,0f,-0.7258932904651045f,0.7068503130153134f,0f,1f,0f,0.21875f,0.7258932904651045f,0f,-0.6878073355655223f,-0.01904297744979111f,0f,0f,0f,1f],start_interpolation:0}
execute if entity @s[tag=aj.lexiel.bone.sword] run data modify entity @s {} merge value {transformation:[-0.91709033371219f,-0.42318900811351784f,-0.5628236364293532f,0.15879944622238157f,0.6844215841137511f,-0.3183422270089493f,-0.8758649349084632f,1.5188162032667345f,0.16560941250692135f,-1.0278537602280198f,0.5029952609858597f,0.7500691237935349f,0f,0f,0f,1f],start_interpolation:0}
execute if entity @s[tag=aj.lexiel.bone.rod] run data modify entity @s {} merge value {transformation:[-0.000006327395228576245f,-0.000002618708098755406f,-0.000007287416381331824f,0.1938185073238149f,0.00000773048027994838f,-0.0000015875674614685374f,-0.0000061416043666631274f,1.5533038126763086f,4.513803969157092e-7f,-0.000009519558679308575f,0.000003028903809710872f,0.6503165766547779f,0f,0f,0f,1f],start_interpolation:0}
execute if entity @s[tag=aj.lexiel.bone.right_hand] run data modify entity @s {} merge value {transformation:[-0.6327395228576245f,-0.7004687795147743f,-0.33012752859915845f,-0.1311226472769786f,0.7730480279948381f,-0.5465349812627924f,-0.3220190377436892f,1.3154202758781488f,0.045138039691570916f,-0.45895860726340215f,0.8873102919450673f,0.5155585732895428f,0f,0f,0f,1f],start_interpolation:0}
execute if entity @s[tag=aj.lexiel.bone.right_arm] run data modify entity @s {} merge value {transformation:[-0.6792117951058311f,-0.3361360437897739f,-0.6524445550807161f,-0.21493979236422572f,0.5551603807345609f,0.34617115526338027f,-0.756282012827407f,1.40625f,0.4800711291587652f,-0.8758870311455558f,-0.048514117731359996f,0.22684165327034517f,0f,0f,0f,1f],start_interpolation:0}
execute if entity @s[tag=aj.lexiel.bone.left_hand] run data modify entity @s {} merge value {transformation:[-0.9022729906757349f,-0.36755838153866904f,0.2253980622315534f,0.3916108482193777f,-0.33129492105681213f,0.2564337091896857f,-0.9080117995231012f,1.1564038677852524f,0.2759476863085206f,-0.8939477551579249f,-0.35314343469627235f,-0.14391694061169213f,0f,0f,0f,1f],start_interpolation:0}
execute if entity @s[tag=aj.lexiel.bone.left_arm] run data modify entity @s {} merge value {transformation:[-0.7801705400390445f,-0.49656664517993404f,-0.3804674695028878f,0.2364337716006483f,-0.2404446804334176f,0.7995076230871925f,-0.5504306643681288f,1.40625f,0.5775121506136965f,-0.3379484095542002f,-0.7431491023834513f,-0.24952581859737968f,0f,0f,0f,1f],start_interpolation:0}
execute if entity @s[tag=aj.lexiel.bone.skirt_right] run data modify entity @s {} merge value {transformation:[-0.9324992346229831f,-0.04632591490970389f,-0.3581886193548437f,-0.1804263934385179f,0.1705297994466429f,0.8177596319364675f,-0.5497169925296296f,0.7264697300991952f,0.3183783361477943f,-0.5736925082157791f,-0.7546602819075945f,0.12935530364428327f,0f,0f,0f,1f],start_interpolation:0}
execute if entity @s[tag=aj.lexiel.bone.skirt_left] run data modify entity @s {} merge value {transformation:[-0.859594684039193f,-0.35409365025219763f,-0.36839471497652343f,0.21388455137834572f,-0.1296066608194477f,0.848475350883411f,-0.5131195693154813f,0.7297063013927506f,0.49426621636805435f,-0.3933284451884287f,-0.7752377967842259f,-0.06015631447949825f,0f,0f,0f,1f],start_interpolation:0}
execute if entity @s[tag=aj.lexiel.bone.skirt_back_middle] run data modify entity @s {} merge value {transformation:[-0.9012821595814026f,-0.17780226667994925f,-0.39506559301431843f,-0.09924293716209835f,-0.007397877242412418f,0.9180851961035869f,-0.39631407255829865f,0.6256874992573295f,0.4331694128543578f,-0.35426815642802334f,-0.8287691675662773f,-0.20844872737599857f,0f,0f,0f,1f],start_interpolation:0}
execute if entity @s[tag=aj.lexiel.bone.skirt_front_middle] run data modify entity @s {} merge value {transformation:[-0.9012821595814026f,-0.25909548744875477f,-0.34721750705281995f,0.035077795095968034f,-0.007397877242412418f,0.8105448462890975f,-0.5856298520110543f,0.8318313714559405f,0.4331694128543578f,-0.5252490652422671f,-0.7324463661112228f,0.07454887833934937f,0f,0f,0f,1f],start_interpolation:0}
execute if entity @s[tag=aj.lexiel.bone.skirt] run data modify entity @s {} merge value {transformation:[-0.9012821595814026f,-0.24370347101539977f,-0.3581886193548437f,0.012159638888375165f,-0.007397877242412418f,0.8353182025650376f,-0.5497169925296296f,0.7437502320440674f,0.4331694128543578f,-0.492800282750082f,-0.7546602819075945f,0.025359489280828457f,0f,0f,0f,1f],start_interpolation:0}
execute if entity @s[tag=aj.lexiel.bone.rightupper] run data modify entity @s {} merge value {transformation:[-0.9158992153912096f,-0.18834312734058387f,-0.35447918645434645f,-0.1314566155513687f,0.12202700286627846f,0.7106534454786423f,-0.6928788429450041f,0.6620886192851348f,0.3824108233526347f,-0.677863221315999f,-0.6279039857891149f,0.03949232682928034f,0f,0f,0f,1f],start_interpolation:0}
execute if entity @s[tag=aj.lexiel.bone.rightfoot] run data modify entity @s {} merge value {transformation:[-0.9219274006472941f,-0.01703279026358938f,-0.38698805148422893f,-0.01584080789038328f,0.15535069510557026f,0.8989136821933597f,-0.40965882572671564f,0.49289075266925464f,0.3548464871827532f,-0.43779455915007903f,-0.8260870986237758f,0.2940679912649138f,0f,0f,0f,1f],start_interpolation:0}
execute if entity @s[tag=aj.lexiel.bone.leftupper] run data modify entity @s {} merge value {transformation:[-0.8373194417560997f,-0.43694215492689376f,-0.3285996130629125f,0.11143651652946311f,-0.14736298323659142f,0.7591770268408473f,-0.6339829596201332f,0.6628645696941666f,0.5264791578295056f,-0.4824228385606695f,-0.7000627837602857f,-0.0769926778916627f,0f,0f,0f,1f],start_interpolation:0}
execute if entity @s[tag=aj.lexiel.bone.leftfoot] run data modify entity @s {} merge value {transformation:[-0.8187110822696341f,-0.4583408838027354f,-0.34588408174388685f,0.2839038832333075f,-0.18255873109398477f,0.7788866343100466f,-0.6000066004591299f,0.5172915065134861f,0.5444120438328294f,-0.42808789416204607f,-0.7213572494968538f,0.14528581106634936f,0f,0f,0f,1f],start_interpolation:0}
execute if entity @s[tag=aj.lexiel.bone.lower] run data modify entity @s {} merge value {transformation:[-0.9017021415891457f,-0.2594175203214621f,-0.34588408174388685f,0f,0f,0.7999950496131073f,-0.6000066004591299f,0.625f,0.43235777760270255f,-0.5410272366016203f,-0.7213572494968538f,0f,0f,0f,0f,1f],start_interpolation:0}