execute if entity @s[tag=aj.lexiel.bone.backhair] run data modify entity @s {} merge value {transformation:[0.9639871911475458f,-0.1172291833677002f,-0.23871743520406397f,-0.06157761273595918f,0.12744746614266403f,0.991456381523198f,0.02777385300496159f,1.491885923743143f,0.23342201840717364f,-0.057197570786431284f,0.9706918147480443f,0.25873372533598726f,0f,0f,0f,1f],start_interpolation:0}
execute if entity @s[tag=aj.lexiel.bone.head] run data modify entity @s {} merge value {transformation:[0.9639871911475458f,-0.1172291833677002f,-0.23871743520406397f,0f,0.12744746614266403f,0.991456381523198f,0.02777385300496159f,1.5f,0.23342201840717364f,-0.057197570786431284f,0.9706918147480443f,0f,0f,0f,0f,1f],start_interpolation:0}
execute if entity @s[tag=aj.lexiel.bone.ring] run data modify entity @s {} merge value {transformation:[0.7426438462371132f,-0.1309481471487117f,-0.6567592408215248f,0f,0.17364817766693033f,0.984807753012208f,0f,0.9375f,0.6467815922234494f,-0.11404504533457442f,0.7541003246223501f,0f,0f,0f,0f,1f],start_interpolation:0}
execute if entity @s[tag=aj.lexiel.bone.bust] run data modify entity @s {} merge value {transformation:[0.7541003246223501f,-0.32837962041076235f,-0.5687701867216225f,0.04720457043404713f,0f,0.8660254037844387f,-0.49999999999999994f,1.390625f,0.6567592408215248f,0.377050162311175f,0.653070038125047f,-0.05420096083223147f,0f,0f,0f,1f],start_interpolation:0}
execute if entity @s[tag=aj.lexiel.bone.left_wing] run data modify entity @s {} merge value {transformation:[0.9052568866393631f,0f,0.4248646480845477f,-0.17635744568048434f,0f,1f,0f,1.15625f,-0.4248646480845477f,0f,0.9052568866393631f,0.012167635475103133f,0f,0f,0f,1f],start_interpolation:0}
execute if entity @s[tag=aj.lexiel.bone.right_wing] run data modify entity @s {} merge value {transformation:[-0.21486873427144432f,0f,-0.9766429373279607f,0.012167635475103189f,0f,1f,0f,1.15625f,0.9766429373279607f,0f,-0.21486873427144432f,0.17635744568048428f,0f,0f,0f,1f],start_interpolation:0}
execute if entity @s[tag=aj.lexiel.bone.body] run data modify entity @s {} merge value {transformation:[0.7541003246223501f,0f,-0.6567592408215248f,-0.048670541900412645f,0f,1f,0f,0.21875f,0.6567592408215248f,0f,0.7541003246223501f,-0.7054297827219375f,0f,0f,0f,1f],start_interpolation:0}
execute if entity @s[tag=aj.lexiel.bone.sword] run data modify entity @s {} merge value {transformation:[0.44905415205182986f,1.0411780796356263f,-0.22630209347525013f,0.2521003928390826f,0.9229809130341772f,-0.25742559575227625f,0.6471107782491203f,0.9355554599534053f,0.5323257134495838f,-0.43196566025305116f,-0.9311009964888536f,0.7732434793362263f,0f,0f,0f,1f],start_interpolation:0}
execute if entity @s[tag=aj.lexiel.bone.rod] run data modify entity @s {} merge value {transformation:[0.000005901522764126206f,0.000004588017161238867f,-0.0000066424489153231564f,0.3400392907557818f,0.00000636560777220477f,0.0000024157526597131845f,0.0000073241502426926585f,0.8986236865406185f,0.00000496498406391666f,-0.000008550686382698543f,-0.0000014948898386795212f,0.7160670170605569f,0f,0f,0f,1f],start_interpolation:0}
execute if entity @s[tag=aj.lexiel.bone.right_hand] run data modify entity @s {} merge value {transformation:[0.5901522764126206f,-0.14527026247979752f,-0.7941138718622487f,0.2372597179179081f,0.6365607772204769f,0.6887151390389707f,0.3470761215684445f,1.2197842281810203f,0.496498406391666f,-0.7103295067062763f,0.4989201582948457f,0.4579441238743148f,0f,0f,0f,1f],start_interpolation:0}
execute if entity @s[tag=aj.lexiel.bone.right_arm] run data modify entity @s {} merge value {transformation:[0.33129314731332615f,0.02799854201637686f,-0.9431123645611839f,0.2356563514444844f,0.6970521190579182f,0.6663956817265269f,0.2646415286630266f,1.40625f,0.6358955840860168f,-0.745072397167681f,0.20125587971214298f,0.2052372627567265f,0f,0f,0f,1f],start_interpolation:0}
execute if entity @s[tag=aj.lexiel.bone.left_hand] run data modify entity @s {} merge value {transformation:[-0.04436473827704618f,-0.9610905231604838f,0.2726477146222135f,-0.08684210454346353f,-0.7399494259855043f,-0.1517488939675739f,-0.655322149910516f,1.297487384245402f,0.6711978970328587f,-0.23081871559889786f,-0.7044260809680053f,-0.46264095796225135f,0f,0f,0f,1f],start_interpolation:0}
execute if entity @s[tag=aj.lexiel.bone.left_arm] run data modify entity @s {} merge value {transformation:[0.7096344985495688f,-0.5516156225455019f,-0.4383367238003676f,-0.25922198658893286f,-0.2817618012089599f,0.34804037041471325f,-0.8941354416088605f,1.40625f,0.6457779539809206f,0.7580159005755269f,0.09155724235082896f,-0.22576098903239916f,0f,0f,0f,1f],start_interpolation:0}
execute if entity @s[tag=aj.lexiel.bone.skirt_right] run data modify entity @s {} merge value {transformation:[0.8960494393075809f,-0.39476365040198014f,-0.20311834638425078f,0.21667017582928427f,0.22371246148284657f,0.7966842613516226f,-0.5614685407855947f,0.7259782036750488f,0.38346856050249434f,0.45766346591783175f,0.8021820336246767f,0.032184169137864385f,0f,0f,0f,1f],start_interpolation:0}
execute if entity @s[tag=aj.lexiel.bone.skirt_left] run data modify entity @s {} merge value {transformation:[0.9731930884293218f,0.09886287014007263f,-0.20765679748340732f,-0.2090271390288697f,-0.19617518082018595f,0.828098475564102f,-0.5251363758097297f,0.7365659696985623f,0.1200437881090273f,0.5517962012157002f,0.8252941543839729f,-0.0681948392911341f,0f,0f,0f,1f],start_interpolation:0}
execute if entity @s[tag=aj.lexiel.bone.skirt_back_middle] run data modify entity @s {} merge value {transformation:[0.9730224339614948f,-0.07247548061989954f,-0.21903115695389666f,-0.060143565050056164f,-0.02420060805374504f,0.9120759389144487f,-0.4093065015647266f,0.6250555675830382f,0.22943773355199654f,0.40356509556977427f,0.8857163993402636f,0.2420606789826416f,0f,0f,0f,1f],start_interpolation:0}
execute if entity @s[tag=aj.lexiel.bone.skirt_front_middle] run data modify entity @s {} merge value {transformation:[0.9730224339614948f,-0.11816454139482346f,-0.19815267892359925f,0.01602581484403787f,-0.02420060805374504f,0.8018659561713156f,-0.5970136672667473f,0.8356062703776361f,0.22943773355199654f,0.5857031069495982f,0.7773739106325283f,-0.05875758362661215f,0f,0f,0f,1f],start_interpolation:0}
execute if entity @s[tag=aj.lexiel.bone.skirt] run data modify entity @s {} merge value {transformation:[0.9730224339614948f,-0.10940877647508666f,-0.20311834638425078f,0.0017701038412993968f,-0.02420060805374504f,0.8271441278748969f,-0.5614685407855947f,0.7467810390844599f,0.22943773355199654f,0.5512370736373784f,0.8021820336246767f,-0.00766963994593399f,0f,0f,0f,1f],start_interpolation:0}
execute if entity @s[tag=aj.lexiel.bone.rightupper] run data modify entity @s {} merge value {transformation:[0.9206964118991686f,-0.34506645370476047f,-0.1823383109596456f,0.12148193819231505f,0.14902572705807224f,0.7426324160081098f,-0.6529076713967839f,0.6659036442029657f,0.36070687516432093f,0.5739566509951582f,0.7351627799253798f,0.061613173818972015f,0f,0f,0f,1f],start_interpolation:0}
execute if entity @s[tag=aj.lexiel.bone.rightfoot] run data modify entity @s {} merge value {transformation:[0.9054722562705623f,-0.30038635341866254f,-0.2998133282629962f,0.21840534949891227f,0.18356914335680494f,0.9141314109094862f,-0.36147770774403304f,0.4825158535844716f,0.38265175124588885f,0.2722715597863098f,0.8828622967371432f,-0.1909310651153806f,0f,0f,0f,1f],start_interpolation:0}
execute if entity @s[tag=aj.lexiel.bone.leftupper] run data modify entity @s {} merge value {transformation:[0.9832981088559415f,0.03450563279931316f,-0.17870140017763533f,-0.13666871813883752f,-0.1715202530242612f,0.5040876611474875f,-0.8464493089850975f,0.6543947737465732f,0.06087390182025325f,0.8629629141417228f,0.5015868587724397f,-0.008258442472232855f,0f,0f,0f,1f],start_interpolation:0}
execute if entity @s[tag=aj.lexiel.bone.leftfoot] run data modify entity @s {} merge value {transformation:[0.9802083675160618f,0.0844469313983881f,-0.17905382439057918f,-0.1311742725419039f,-0.196370488998109f,0.5294397104546502f,-0.8253073512603286f,0.6092273169793551f,0.025103531666679613f,0.8441340585304515f,0.5355441194960205f,-0.32174549384202933f,0f,0f,0f,1f],start_interpolation:0}
execute if entity @s[tag=aj.lexiel.bone.lower] run data modify entity @s {} merge value {transformation:[0.9715628924096795f,-0.17227328503333794f,-0.16244217850164186f,0f,0.000790374406055781f,0.6883978233669339f,-0.7253328974284606f,0.625f,0.2367803230862633f,0.7045781376451371f,0.6689579407942434f,0f,0f,0f,0f,1f],start_interpolation:0}