execute if entity @s[tag=aj.lexiel.bone.backhair] run data modify entity @s {} merge value {transformation:[-0.8647508707071422f,0.10086133803831006f,0.49196841575487466f,0.12910315202803999f,0.1321440300332936f,0.9908019821916527f,0.02914425177718207f,1.4922601609065693f,-0.484503753275245f,0.09021320620737043f,-0.8701251004815267f,-0.23253656116239568f,0f,0f,0f,1f],start_interpolation:0}
execute if entity @s[tag=aj.lexiel.bone.head] run data modify entity @s {} merge value {transformation:[-0.8647508707071422f,0.10086133803831006f,0.49196841575487466f,0f,0.1321440300332936f,0.9908019821916527f,0.02914425177718207f,1.5f,-0.484503753275245f,0.09021320620737043f,-0.8701251004815267f,0f,0f,0f,0f,1f],start_interpolation:0}
execute if entity @s[tag=aj.lexiel.bone.ring] run data modify entity @s {} merge value {transformation:[-0.5021642034948465f,0.08854509782211747f,0.8602272248540254f,0f,0.17364817766693033f,0.984807753012208f,0f,0.9375f,-0.8471584403884201f,0.14937688997538223f,-0.5099108957650758f,0f,0f,0f,0f,1f],start_interpolation:0}
execute if entity @s[tag=aj.lexiel.bone.bust] run data modify entity @s {} merge value {transformation:[-0.5099108957650758f,0.4301136124270126f,0.7449786297505745f,-0.0618288317863831f,0f,0.8660254037844387f,-0.49999999999999994f,1.390625f,-0.8602272248540254f,-0.2549554478825378f,-0.44159578939903454f,0.03664984563311491f,0f,0f,0f,1f],start_interpolation:0}
execute if entity @s[tag=aj.lexiel.bone.left_wing] run data modify entity @s {} merge value {transformation:[-0.9479587683118138f,0f,-0.31839311170430307f,0.1712672650773877f,0f,1f,0f,1.15625f,0.31839311170430307f,0f,-0.9479587683118138f,0.04378954113611866f,0f,0f,0f,1f],start_interpolation:0}
execute if entity @s[tag=aj.lexiel.bone.right_wing] run data modify entity @s {} merge value {transformation:[-0.25683457509808477f,0f,0.9664553797429998f,0.043789541136118715f,0f,1f,0f,1.15625f,-0.9664553797429998f,0f,-0.25683457509808477f,-0.17126726507738765f,0f,0f,0f,1f],start_interpolation:0}
execute if entity @s[tag=aj.lexiel.bone.body] run data modify entity @s {} merge value {transformation:[-0.5099108957650758f,0f,0.8602272248540254f,-0.1751581645444748f,0f,1f,0f,0.21875f,-0.8602272248540254f,0f,-0.5099108957650758f,0.6850690603095506f,0f,0f,0f,1f],start_interpolation:0}
execute if entity @s[tag=aj.lexiel.bone.sword] run data modify entity @s {} merge value {transformation:[-0.42394838260812884f,-0.7517505731278658f,0.7694497431189883f,-0.30488714775279824f,0.49756559127541f,0.5962238995907362f,0.8566560607592567f,0.7054374805296146f,-0.9537349284590052f,0.6452148478287992f,0.10488826854589473f,-0.4473015059438351f,0f,0f,0f,1f],start_interpolation:0}
execute if entity @s[tag=aj.lexiel.bone.rod] run data modify entity @s {} merge value {transformation:[-0.000005846557610913195f,-0.0000034950770458342502f,0.000007321352371383005f,-0.38926994284385824f,0.00000302565179079915f,0.0000074339781864316986f,0.0000059650146323786654f,0.7192631464561295f,-0.000007527495954373336f,0.000005702666461168863f,-0.00000328882956225355f,-0.37620475252367735f,0f,0f,0f,1f],start_interpolation:0}
execute if entity @s[tag=aj.lexiel.bone.right_hand] run data modify entity @s {} merge value {transformation:[-0.5846557610913194f,0.2705585229382289f,0.7648370589139977f,-0.2357322542918784f,0.302565179079915f,0.9474518683250661f,-0.10387140903867921f,1.1147402907010637f,-0.7527495954373336f,0.17068404399013243f,-0.6357947811173864f,-0.3572530069493288f,0f,0f,0f,1f],start_interpolation:0}
execute if entity @s[tag=aj.lexiel.bone.right_arm] run data modify entity @s {} merge value {transformation:[-0.5097019859488974f,0.1934621193740454f,0.8383175376234548f,-0.1593471549265862f,0.27378525761683314f,0.9602095955182793f,-0.0551286258336508f,1.40625f,-0.8156258445092545f,0.20141981293290126f,-0.5423878139547759f,-0.26882100776688295f,0f,0f,0f,1f],start_interpolation:0}
execute if entity @s[tag=aj.lexiel.bone.left_hand] run data modify entity @s {} merge value {transformation:[-0.5339908178564596f,-0.22473132243369026f,0.8150764621568911f,0.29409636656329136f,-0.07407541956131088f,0.9727564015617985f,0.2196766155906374f,1.1172194217263536f,-0.8422390626549002f,0.05692816471436296f,-0.5360900534429354f,0.2965339688434603f,0f,0f,0f,1f],start_interpolation:0}
execute if entity @s[tag=aj.lexiel.bone.left_arm] run data modify entity @s {} merge value {transformation:[-0.6880047612466974f,-0.380206387660949f,0.6181363533102441f,0.17528187041924478f,-0.2847433920503653f,0.9248978504756683f,0.2519626299059847f,1.40625f,-0.6675107858196201f,-0.0026587529596449055f,-0.7445953812958906f,0.29570310854357124f,0f,0f,0f,1f],start_interpolation:0}
execute if entity @s[tag=aj.lexiel.bone.skirt_right] run data modify entity @s {} merge value {transformation:[-0.8097759254289659f,0.29451728345181255f,0.5074667677235881f,-0.22139239344217929f,0.14831710762227746f,0.9395530227011176f,-0.3086132743738589f,0.7010091187972853f,-0.567683878740821f,-0.17464159665256632f,-0.8045093700737233f,-0.06500120113748226f,0f,0f,0f,1f],start_interpolation:0}
execute if entity @s[tag=aj.lexiel.bone.skirt_left] run data modify entity @s {} merge value {transformation:[-0.8591524107911676f,0.023442668914998348f,0.511182527387103f,0.15318409418466425f,-0.1329586601156464f,0.9544147595473087f,-0.26723484327180247f,0.733954694668817f,-0.49414484691431976f,-0.2975616037602879f,-0.8168708357112701f,0.15863532080745904f,0f,0f,0f,1f],start_interpolation:0}
execute if entity @s[tag=aj.lexiel.bone.skirt_back_middle] run data modify entity @s {} merge value {transformation:[-0.8561748288613567f,0.007573764800777899f,0.5166307196740906f,0.11469404662434274f,-0.07530417342064384f,0.9873868633355788f,-0.13927118717724898f,0.6899470514641811f,-0.5111691930170087f,-0.15814493415556893f,-0.8448054426382863f,-0.19835378067657453f,0f,0f,0f,1f],start_interpolation:0}
execute if entity @s[tag=aj.lexiel.bone.skirt_front_middle] run data modify entity @s {} merge value {transformation:[-0.8561748288613567f,0.11921358984868939f,0.5027452460437739f,-0.07560599127200279f,-0.07530417342064384f,0.9338380501718561f,-0.34967953545590813f,0.8056770293543782f,-0.5111691930170087f,-0.3372456316197655f,-0.7905513519460488f,0.1033372331010717f,0f,0f,0f,1f],start_interpolation:0}
execute if entity @s[tag=aj.lexiel.bone.skirt] run data modify entity @s {} merge value {transformation:[-0.8561748288613567f,0.09717068529345761f,0.5074667677235881f,-0.032282199279505173f,-0.07530417342064384f,0.9482020503804444f,-0.3086132743738589f,0.7352606951776846f,-0.5111691930170087f,-0.3024412828532523f,-0.8045093700737233f,0.041146285781489905f,0f,0f,0f,1f],start_interpolation:0}
execute if entity @s[tag=aj.lexiel.bone.rightupper] run data modify entity @s {} merge value {transformation:[-0.8670112742621339f,0.17148741526223113f,0.46784988693920815f,-0.11258166298987138f,-0.017072422383015623f,0.9281390986794114f,-0.3718418291378015f,0.6631258284509753f,-0.49799596654624295f,-0.33037838898640026f,-0.8017793570518164f,-0.08245642405192756f,0f,0f,0f,1f],start_interpolation:0}
execute if entity @s[tag=aj.lexiel.bone.rightfoot] run data modify entity @s {} merge value {transformation:[-0.8604298918791133f,0.037552203218830155f,0.5081832673301127f,-0.18033514861525296f,0.024674823405949068f,0.9991814362275035f,-0.032056365798833975f,0.4027317272807511f,-0.5089710740806224f,-0.015042922979099371f,-0.860652169123777f,0.10303804833885315f,0f,0f,0f,1f],start_interpolation:0}
execute if entity @s[tag=aj.lexiel.bone.leftupper] run data modify entity @s {} merge value {transformation:[-0.8944627953152021f,0.09357074035634307f,0.4372422947818299f,0.11861910917670876f,-0.026084711411569626f,0.9652745467938187f,-0.25993198560885655f,0.6804028347433317f,-0.4463808862703352f,-0.24390482951584522f,-0.8609614036130517f,0.05510107274424415f,0f,0f,0f,1f],start_interpolation:0}
execute if entity @s[tag=aj.lexiel.bone.leftfoot] run data modify entity @s {} merge value {transformation:[-0.8960870019192536f,-0.08932813719404589f,0.4347971583357062f,0.04403500609756811f,-0.06899840167704477f,0.9956660530654305f,0.06235648594268434f,0.4288188619103223f,-0.4384829592554044f,0.02587652755971534f,-0.898366907095355f,0.23254722131108474f,0f,0f,0f,1f],start_interpolation:0}
execute if entity @s[tag=aj.lexiel.bone.lower] run data modify entity @s {} merge value {transformation:[-0.8576716741863026f,0.16938506669690412f,0.4854976812288086f,0f,-0.0605606072745576f,0.9043377468563195f,-0.4224992928483693f,0.625f,-0.5106189500449443f,-0.39176771024539614f,-0.7653668068737224f,0f,0f,0f,0f,1f],start_interpolation:0}