execute if entity @s[tag=aj.lexiel.bone.backhair] run data modify entity @s {} merge value {transformation:[-0.9517283740961278f,0.11600988740781024f,-0.2841739044387577f,-0.07729634785729204f,0.12829487611056847f,0.9914224434740053f,-0.02493919284593348f,1.4778845512210177f,0.27884319375612315f,-0.060193393322357f,-0.9584483443025112f,-0.25364731968469273f,0f,0f,0f,1f],start_interpolation:0}
execute if entity @s[tag=aj.lexiel.bone.head] run data modify entity @s {} merge value {transformation:[-0.9517283740961278f,0.11600988740781024f,-0.2841739044387577f,0f,0.12829487611056847f,0.9914224434740053f,-0.02493919284593348f,1.5f,0.27884319375612315f,-0.060193393322357f,-0.9584483443025112f,0f,0f,0f,0f,1f],start_interpolation:0}
execute if entity @s[tag=aj.lexiel.bone.ring] run data modify entity @s {} merge value {transformation:[-0.9630440115433626f,0.1698106428448092f,-0.2090707473729893f,0f,0.17364817766693033f,0.984807753012208f,0f,0.9375f,0.2058944929409766f,-0.036304754284782755f,-0.977900517738333f,0f,0f,0f,0f,1f],start_interpolation:0}
execute if entity @s[tag=aj.lexiel.bone.bust] run data modify entity @s {} merge value {transformation:[-0.977900517738333f,-0.10453537368649464f,-0.18106057841320744f,0.01502695996743364f,0f,0.8660254037844387f,-0.49999999999999994f,1.390625f,0.2090707473729893f,-0.48895025886916643f,-0.8468866907353515f,0.07028659971244278f,0f,0f,0f,1f],start_interpolation:0}
execute if entity @s[tag=aj.lexiel.bone.left_wing] run data modify entity @s {} merge value {transformation:[-0.6485464352855326f,0f,-0.7611750923923013f,0.09610372129566791f,0f,1f,0f,1.15625f,0.7611750923923013f,0f,-0.6485464352855326f,-0.14837140813891525f,0f,0f,0f,1f],start_interpolation:0}
execute if entity @s[tag=aj.lexiel.bone.right_wing] run data modify entity @s {} merge value {transformation:[-0.9955090861542659f,0f,0.09466604134692777f,-0.14837140813891525f,0f,1f,0f,1.15625f,-0.09466604134692777f,0f,-0.9955090861542659f,-0.09610372129566791f,0f,0f,0f,1f],start_interpolation:0}
execute if entity @s[tag=aj.lexiel.bone.body] run data modify entity @s {} merge value {transformation:[-0.977900517738333f,0f,-0.2090707473729893f,0.5934856325556611f,0f,1f,0f,0.21875f,0.2090707473729893f,0f,-0.977900517738333f,0.38441488518267186f,0f,0f,0f,1f],start_interpolation:0}
execute if entity @s[tag=aj.lexiel.bone.sword] run data modify entity @s {} merge value {transformation:[-1.0590661296051345f,0.46391945924082234f,0.008469413256146443f,-0.4624948754314315f,0.43302525743514075f,0.9957909835107435f,-0.3972448943434473f,0.8748332423744725f,-0.16667969896310197f,-0.3606842316991548f,-1.0858355425464576f,0.535812130361128f,0f,0f,0f,1f],start_interpolation:0}
execute if entity @s[tag=aj.lexiel.bone.rod] run data modify entity @s {} merge value {transformation:[-0.000008902466203865057f,0.000004180915189920576f,-0.0000018072198714411862f,-0.4150158088777186f,0.00000442856362621632f,0.000008872872467619009f,-0.0000012883937216248628f,0.9560049793648482f,0.000001064856655890477f,-0.000001947326975127704f,-0.000009750589620856052f,0.5951690241960608f,0f,0f,0f,1f],start_interpolation:0}
execute if entity @s[tag=aj.lexiel.bone.right_hand] run data modify entity @s {} merge value {transformation:[-0.8902466203865056f,0.1678456056167537f,-0.4234250908549824f,-0.38574706287157534f,0.44285636262163197f,0.5363036353057702f,-0.718510022785593f,1.141686126503132f,0.10648566558904769f,-0.8271676150774767f,-0.5517739932174194f,0.21437903720721285f,0f,0f,0f,1f],start_interpolation:0}
execute if entity @s[tag=aj.lexiel.bone.right_arm] run data modify entity @s {} merge value {transformation:[-0.9592474134223041f,0.16056534210847787f,-0.23251488287033711f,-0.30559391179322903f,0.2483890180894025f,0.8714432969989178f,-0.42295327851695214f,1.40625f,0.134711898268867f,-0.4634709818632052f,-0.8758123962559304f,0.06533460855405916f,0f,0f,0f,1f],start_interpolation:0}
execute if entity @s[tag=aj.lexiel.bone.left_hand] run data modify entity @s {} merge value {transformation:[-0.9823764733953507f,-0.16206977072070655f,0.09311205044381397f,0.4056413737547456f,-0.1867730268978448f,0.8704422149956108f,-0.4554626074409972f,1.105254184485697f,-0.00723193907127892f,-0.46482656956339374f,-0.8853722151079719f,-0.02465390774319727f,0f,0f,0f,1f],start_interpolation:0}
execute if entity @s[tag=aj.lexiel.bone.left_arm] run data modify entity @s {} merge value {transformation:[-0.9699574866223858f,-0.2223618265030197f,-0.09867974594325499f,0.33615330297255197f,-0.20286300682319156f,0.9631866096457699f,-0.17640338846445414f,1.40625f,0.1342723895960674f,-0.151085317332057f,-0.9793590517674474f,-0.07186806940946508f,0f,0f,0f,1f],start_interpolation:0}
execute if entity @s[tag=aj.lexiel.bone.skirt_right] run data modify entity @s {} merge value {transformation:[-0.9857440420659347f,0.017882525176919073f,-0.1672988309128589f,-0.203833438744057f,0.07998970789674953f,0.9245866369680051f,-0.3724797945805748f,0.7159406581673369f,0.14802138413791843f,-0.3805519229139322f,-0.9128361867303484f,0.10027249702475913f,0f,0f,0f,1f],start_interpolation:0}
execute if entity @s[tag=aj.lexiel.bone.skirt_left] run data modify entity @s {} merge value {transformation:[-0.9777204341821248f,-0.12280125608890738f,-0.170242779834281f,0.22637826526506297f,-0.06044226836474333f,0.941371300453359f,-0.33191385460338335f,0.7175617027105988f,0.2010211053039985f,-0.3142290982479791f,-0.9278203430819033f,0.020764560640030467f,0f,0f,0f,1f],start_interpolation:0}
execute if entity @s[tag=aj.lexiel.bone.skirt_back_middle] run data modify entity @s {} merge value {transformation:[-0.9833410377351314f,-0.040943028192864744f,-0.17709904558859985f,-0.04022250406681005f,-0.003705244670312802f,0.9786144379867725f,-0.20566976667893241f,0.6699932948103111f,0.18173242602223696f,-0.2015873265020191f,-0.9624634409294934f,-0.21907007272530576f,0f,0f,0f,1f],start_interpolation:0}
execute if entity @s[tag=aj.lexiel.bone.skirt_front_middle] run data modify entity @s {} merge value {transformation:[-0.9833410377351314f,-0.07830376400009575f,-0.1640393978573806f,0.02251455752551204f,-0.003705244670312802f,0.9109022834176759f,-0.4126055031460406f,0.8096732177780267f,0.18173242602223696f,-0.4051241175342213f,-0.8960177312554651f,0.12324349729857485f,0f,0f,0f,1f],start_interpolation:0}
execute if entity @s[tag=aj.lexiel.bone.skirt] run data modify entity @s {} merge value {transformation:[-0.9833410377351314f,-0.0710739381291436f,-0.1672988309128589f,0.00993977692058155f,-0.003705244670312802f,0.9280329055540789f,-0.3724797945805748f,0.7341517974181069f,0.18173242602223696f,-0.3656547846366416f,-0.9128361867303484f,0.053662501620457756f,0f,0f,0f,1f],start_interpolation:0}
execute if entity @s[tag=aj.lexiel.bone.rightupper] run data modify entity @s {} merge value {transformation:[-0.9775700978714947f,-0.0664555313428904f,-0.1998508596465137f,-0.1367517526835877f,0.04589748729483833f,0.858884538604881f,-0.5101085864847806f,0.6651556936664642f,0.2055483505347016f,-0.5078395531065052f,-0.836569700558805f,0.013463150341019733f,0f,0f,0f,1f],start_interpolation:0}
execute if entity @s[tag=aj.lexiel.bone.rightfoot] run data modify entity @s {} merge value {transformation:[-0.9788007282374208f,0.04712324979974801f,-0.199320178933808f,-0.07060637993195032f,0.0850759400186814f,0.978787842286598f,-0.18637715584771497f,0.436269003286301f,0.18630947059082215f,-0.19938344745804815f,-0.9620473075935045f,0.23715824339523522f,0f,0f,0f,1f],start_interpolation:0}
execute if entity @s[tag=aj.lexiel.bone.leftupper] run data modify entity @s {} merge value {transformation:[-0.9701206613290939f,-0.1817024297083452f,-0.16077975463498265f,0.13033118564553248f,-0.09425179790664062f,0.8928637103410739f,-0.4403532597214838f,0.6660225690420682f,0.22356766549250165f,-0.41204201459809253f,-0.8833113138368478f,-0.03603996539590071f,0f,0f,0f,1f],start_interpolation:0}
execute if entity @s[tag=aj.lexiel.bone.leftfoot] run data modify entity @s {} merge value {transformation:[-0.961877447317436f,-0.21667911033269452f,-0.16685904077251876f,0.20863753179497335f,-0.13460807571188999f,0.9062128333646693f,-0.4008228618708271f,0.4577160500230395f,0.23805974522215043f,-0.36308189680925984f,-0.9008324449719575f,0.1893950135817739f,0f,0f,0f,1f],start_interpolation:0}
execute if entity @s[tag=aj.lexiel.bone.lower] run data modify entity @s {} merge value {transformation:[-0.9832745352521887f,-0.07300170434357865f,-0.16685904077251876f,0f,0f,0.9161555727067755f,-0.4008228618708271f,0.625f,0.18212959211669133f,-0.3941189132244897f,-0.9008324449719575f,0f,0f,0f,0f,1f],start_interpolation:0}