execute if entity @s[tag=aj.lexiel.bone.backhair] run data modify entity @s {} merge value {transformation:[-0.8430167655502792f,0.034168939492322324f,0.5368009096258275f,0.14205385193979292f,0.09660019419516003f,0.9913718505590227f,0.08860167267403124f,1.5080446341390548f,-0.5291418859650058f,0.12654776763399983f,-0.839043817106263f,-0.22484832278813235f,0f,0f,0f,1f],start_interpolation:0}
execute if entity @s[tag=aj.lexiel.bone.head] run data modify entity @s {} merge value {transformation:[-0.8430167655502792f,0.034168939492322324f,0.5368009096258275f,0f,0.09660019419516003f,0.9913718505590227f,0.08860167267403124f,1.5f,-0.5291418859650058f,0.12654776763399983f,-0.839043817106263f,0f,0f,0f,0f,1f],start_interpolation:0}
execute if entity @s[tag=aj.lexiel.bone.ring] run data modify entity @s {} merge value {transformation:[0.00868918128963566f,-0.0015321371016299417f,0.9999610745846148f,0f,0.17364817766693033f,0.984807753012208f,0f,0.9375f,-0.9847694189613475f,0.17364141833948377f,0.008823225916995747f,0f,0f,0f,0f,1f],start_interpolation:0}
execute if entity @s[tag=aj.lexiel.bone.bust] run data modify entity @s {} merge value {transformation:[0.008823225916995747f,0.49998053729230735f,0.8659916933858622f,-0.07187220223576929f,0f,0.8660254037844387f,-0.49999999999999994f,1.390625f,-0.9999610745846148f,0.004411612958497873f,0.0076411377874475665f,-0.0006341693627840983f,0f,0f,0f,1f],start_interpolation:0}
execute if entity @s[tag=aj.lexiel.bone.left_wing] run data modify entity @s {} merge value {transformation:[-0.6375621062163456f,0f,-0.770398962043029f,0.12389223108345238f,0f,1f,0f,1.15625f,0.770398962043029f,0f,-0.6375621062163456f,0.12609803756270127f,0f,0f,0f,1f],start_interpolation:0}
execute if entity @s[tag=aj.lexiel.bone.right_wing] run data modify entity @s {} merge value {transformation:[0.23502505317950695f,0f,0.9719893128928784f,0.12609803756270133f,0f,1f,0f,1.15625f,-0.9719893128928784f,0f,0.23502505317950695f,-0.12389223108345238f,0f,0f,0f,1f],start_interpolation:0}
execute if entity @s[tag=aj.lexiel.bone.body] run data modify entity @s {} merge value {transformation:[0.008823225916995747f,0f,0.9999610745846148f,-0.5043921502508053f,0f,1f,0f,0.21875f,-0.9999610745846148f,0f,0.008823225916995747f,0.4955689243338095f,0f,0f,0f,1f],start_interpolation:0}
execute if entity @s[tag=aj.lexiel.bone.sword] run data modify entity @s {} merge value {transformation:[-0.02627891674572984f,-1.1239355629238983f,0.27017093002321885f,-0.24279771273104522f,0.967833199320087f,0.12637555386019705f,0.6198727128857767f,0.9378118554781334f,-0.6320778269552849f,0.2402334953362425f,0.9379123364632841f,-0.8258887186402545f,0f,0f,0f,1f],start_interpolation:0}
execute if entity @s[tag=aj.lexiel.bone.rod] run data modify entity @s {} merge value {transformation:[-0.00000280735520534291f,-0.0000025209591487857913f,0.000009260859664263752f,-0.33427466665656536f,0.000007777154331397634f,0.000005056877717171895f,0.000003734147594725384f,0.9497046902283438f,-0.000005624466841991076f,0.000008250621353796547f,5.409436381170831e-7f,-0.7637849274943787f,0f,0f,0f,1f],start_interpolation:0}
execute if entity @s[tag=aj.lexiel.bone.right_hand] run data modify entity @s {} merge value {transformation:[-0.28073552053429096f,0.4765829359017172f,0.8331003977418571f,-0.08517736030000614f,0.7777154331397633f,0.6216193611625149f,-0.0935311439261641f,1.2165935994829171f,-0.5624466841991076f,0.6216575223024382f,-0.545156539351976f,-0.5468609680774006f,0f,0f,0f,1f],start_interpolation:0}
execute if entity @s[tag=aj.lexiel.bone.right_arm] run data modify entity @s {} merge value {transformation:[-0.042826548224012294f,0.27710812405461416f,0.9598838337789365f,0.002757258099061171f,0.7160690541819813f,0.6785073870728632f,-0.16392936079445458f,1.40625f,-0.696714429598052f,0.680322580303262f,-0.22748668163075528f,-0.3124878358076921f,0f,0f,0f,1f],start_interpolation:0}
execute if entity @s[tag=aj.lexiel.bone.left_hand] run data modify entity @s {} merge value {transformation:[-0.1704383149848121f,-0.1053968788469f,0.9797154070006606f,0.17041080181094337f,0.1383277213375912f,0.9818581662255776f,0.129691876868584f,1.1471211266929586f,-0.9756106919743592f,0.1576262647704312f,-0.15276694131857904f,0.364369850201133f,0f,0f,0f,1f],start_interpolation:0}
execute if entity @s[tag=aj.lexiel.bone.left_arm] run data modify entity @s {} merge value {transformation:[-0.6208089186970092f,-0.5550201143037141f,0.5536686366271278f,-0.003032983908967288f,-0.46574186335207474f,0.8292123945825326f,0.30901670083029426f,1.40625f,-0.6306193805994134f,-0.06602633860054921f,-0.773278552284633f,0.34373661938846134f,0f,0f,0f,1f],start_interpolation:0}
execute if entity @s[tag=aj.lexiel.bone.skirt_right] run data modify entity @s {} merge value {transformation:[-0.5768585465597164f,0.5683531454343781f,0.5866932071669656f,-0.20056130613561357f,0.36051316687025325f,0.8216513942428016f,-0.4414965943832875f,0.6873445142896926f,-0.7329832697778256f,-0.04317045764997962f,-0.6788754214228843f,-0.11555779336781652f,0f,0f,0f,1f],start_interpolation:0}
execute if entity @s[tag=aj.lexiel.bone.skirt_left] run data modify entity @s {} merge value {transformation:[-0.8052352460488624f,-0.04143793674135034f,0.5915057868856801f,0.14953856904831409f,-0.33987512393056923f,0.849675262134479f,-0.4031585904453539f,0.7693758052792805f,-0.485881774358545f,-0.5256756093973967f,-0.6982721926518823f,0.13365535775944604f,0f,0f,0f,1f],start_interpolation:0}
execute if entity @s[tag=aj.lexiel.bone.skirt_back_middle] run data modify entity @s {} merge value {transformation:[-0.8002282861346918f,0.020435434957802187f,0.5993472141155067f,0.14725862886602992f,-0.18750009369048676f,0.9407879918828487f,-0.28242108489823403f,0.6590300802154194f,-0.5696300597194573f,-0.338378999536204f,-0.7490135163913165f,-0.21084137347743515f,0f,0f,0f,1f],start_interpolation:0}
execute if entity @s[tag=aj.lexiel.bone.skirt_front_middle] run data modify entity @s {} merge value {transformation:[-0.8002282861346918f,0.14967351319109917f,0.5807172543665012f,-0.0727513238215822f,-0.18750009369048676f,0.8573604494382516f,-0.4793503672733525f,0.8245913031091522f,-0.5696300597194573f,-0.4924742624625912f,-0.6580202853073256f,0.04373690955614644f,0f,0f,0f,1f],start_interpolation:0}
execute if entity @s[tag=aj.lexiel.bone.skirt] run data modify entity @s {} merge value {transformation:[-0.8002282861346918f,0.12420052630352957f,0.5866932071669656f,-0.023182608675458585f,-0.18750009369048676f,0.87745340161972f,-0.4414965943832875f,0.7448124110648563f,-0.5696300597194573f,-0.4633030943690196f,-0.6788754214228843f,0.00036184917639563163f,0f,0f,0f,1f],start_interpolation:0}
execute if entity @s[tag=aj.lexiel.bone.rightupper] run data modify entity @s {} merge value {transformation:[-0.7387781526381969f,0.2184441727715588f,0.6375648865540214f,-0.09396021178316119f,-0.02509658535519787f,0.9364409130938861f,-0.3499265318426119f,0.6569774495993796f,-0.6734812563004277f,-0.274518778348656f,-0.6863398850030202f,-0.10536894916858525f,0f,0f,0f,1f],start_interpolation:0}
execute if entity @s[tag=aj.lexiel.bone.rightfoot] run data modify entity @s {} merge value {transformation:[-0.7308948640086621f,0.018205986904981902f,0.6822471984600411f,-0.19441622851436519f,0.01693958007653901f,0.9998201025336304f,-0.00853306489319361f,0.39237383948293914f,-0.6822798167853054f,0.005320207745620392f,-0.7310717796474936f,0.05802425828514793f,0f,0f,0f,1f],start_interpolation:0}
execute if entity @s[tag=aj.lexiel.bone.leftupper] run data modify entity @s {} merge value {transformation:[-0.870127304765208f,0.15188834358850584f,0.46883729009537506f,0.11646832353487807f,0.023991715479095222f,0.963249339257703f,-0.26753524629096836f,0.6957667147985838f,-0.49224269531442016f,-0.22154151191489824f,-0.8417936133091388f,0.048132811771889626f,0f,0f,0f,1f],start_interpolation:0}
execute if entity @s[tag=aj.lexiel.bone.leftfoot] run data modify entity @s {} merge value {transformation:[-0.874196478933326f,-0.2451683069834115f,0.4191336510845468f,0.020855450794554406f,-0.01890932373520271f,0.8797083285343099f,0.47513755290783755f,0.4453915435038118f,-0.485204033058725f,0.40743804186435306f,-0.773673890179376f,0.21699628214136263f,0f,0f,0f,1f],start_interpolation:0}
execute if entity @s[tag=aj.lexiel.bone.lower] run data modify entity @s {} merge value {transformation:[-0.8000319752823737f,0.3155720691687528f,0.5102578835121856f,0f,-0.15304688708226483f,0.7150054032337566f,-0.6821612153303365f,0.625f,-0.580108169982299f,-0.6238441652424785f,-0.5237298622502855f,0f,0f,0f,0f,1f],start_interpolation:0}