execute if entity @s[tag=aj.lexiel.bone.backhair] run data modify entity @s {} merge value {transformation:[-0.987660995113703f,0.1285044573421133f,-0.08951180466407188f,-0.025784455259864614f,0.13005653767692762f,0.9914375004207655f,-0.011703835564225868f,1.481399957734178f,0.08724136483629706f,-0.023201017275833118f,-0.9959169930565833f,-0.26417793538572004f,0f,0f,0f,1f],start_interpolation:0}
execute if entity @s[tag=aj.lexiel.bone.head] run data modify entity @s {} merge value {transformation:[-0.987660995113703f,0.1285044573421133f,-0.08951180466407188f,0f,0.13005653767692762f,0.9914375004207655f,-0.011703835564225868f,1.5f,0.08724136483629706f,-0.023201017275833118f,-0.9959169930565833f,0f,0f,0f,0f,1f],start_interpolation:0}
execute if entity @s[tag=aj.lexiel.bone.ring] run data modify entity @s {} merge value {transformation:[-0.9811973258588089f,0.1730115619479036f,0.08555002723476453f,0f,0.17364817766693033f,0.984807753012208f,0f,0.9375f,-0.08425033009120166f,0.014855606328673119f,-0.9963338761881636f,0f,0f,0f,0f,1f],start_interpolation:0}
execute if entity @s[tag=aj.lexiel.bone.bust] run data modify entity @s {} merge value {transformation:[-0.9963338761881636f,0.04277501361738226f,0.07408849687975667f,-0.006148908207498693f,0f,0.8660254037844387f,-0.49999999999999994f,1.390625f,-0.08555002723476453f,-0.49816693809408175f,-0.8628504474299693f,0.07161149735102429f,0f,0f,0f,1f],start_interpolation:0}
execute if entity @s[tag=aj.lexiel.bone.left_wing] run data modify entity @s {} merge value {transformation:[-0.8425243655503638f,0f,-0.5386582343693976f,0.135235487927866f,0f,1f,0f,1.15625f,0.5386582343693976f,0f,-0.8425243655503638f,-0.11384798111917482f,0f,0f,0f,1f],start_interpolation:0}
execute if entity @s[tag=aj.lexiel.bone.right_wing] run data modify entity @s {} merge value {transformation:[-0.9244951169880946f,0f,0.38119388592312053f,-0.11384798111917482f,0f,1f,0f,1.15625f,-0.38119388592312053f,0f,-0.9244951169880946f,-0.135235487927866f,0f,0f,0f,1f],start_interpolation:0}
execute if entity @s[tag=aj.lexiel.bone.body] run data modify entity @s {} merge value {transformation:[-0.9963338761881636f,0f,0.08555002723476453f,0.4553919244766995f,0f,1f,0f,0.21875f,-0.08555002723476453f,0f,-0.9963338761881636f,0.5409419517114641f,0f,0f,0f,1f],start_interpolation:0}
execute if entity @s[tag=aj.lexiel.bone.sword] run data modify entity @s {} merge value {transformation:[-1.0591619842329547f,0.10791834567413584f,0.451047208529958f,-0.4197573019294866f,0.27600910279327456f,1.0503650215859959f,0.39682031085102193f,0.6833804070313365f,-0.37270488168383475f,0.4711698362539857f,-0.987929207521182f,0.0762126151434827f,0f,0f,0f,1f],start_interpolation:0}
execute if entity @s[tag=aj.lexiel.bone.rod] run data modify entity @s {} merge value {transformation:[-0.00000986035783417179f,7.655719585435014e-7f,0.0000014789330472941776f,-0.4249838760024608f,0.0000013924177474262504f,0.000008661541943369108f,0.000004799881663115258f,0.7160268232886489f,-9.135185814965021e-7f,0.0000049387843382303665f,-0.000008647189893931499f,0.1823881675159198f,0f,0f,0f,1f],start_interpolation:0}
execute if entity @s[tag=aj.lexiel.bone.right_hand] run data modify entity @s {} merge value {transformation:[-0.986035783417179f,0.15871047100349742f,0.05044224632902215f,-0.3705726113874525f,0.13924177474262503f,0.9518663916569765f,-0.2730606170806241f,1.0999244101676313f,-0.0913518581496502f,-0.26222387158261384f,-0.9606734508587352f,0.009191114544982407f,0f,0f,0f,1f],start_interpolation:0}
execute if entity @s[tag=aj.lexiel.bone.right_arm] run data modify entity @s {} merge value {transformation:[-0.9913318607716707f,0.09036529417451748f,0.09536904858354026f,-0.3113543363088011f,0.07715530565257696f,0.9879574180288374f,-0.13411636354841466f,1.40625f,-0.10634002364413021f,-0.12559559614312127f,-0.9863658274701226f,-0.026734383510863914f,0f,0f,0f,1f],start_interpolation:0}
execute if entity @s[tag=aj.lexiel.bone.left_hand] run data modify entity @s {} merge value {transformation:[-0.9744860375716194f,-0.1581414624641744f,0.15927410469896242f,0.4003987897722067f,-0.16907607516928558f,0.9839224367788203f,-0.05753189731426123f,1.0991969203819143f,-0.14761518683155206f,-0.08299347114635416f,-0.9855566144893784f,0.024803289411659796f,0f,0f,0f,1f],start_interpolation:0}
execute if entity @s[tag=aj.lexiel.bone.left_arm] run data modify entity @s {} merge value {transformation:[-0.977431576177211f,-0.18530886346408162f,0.10143046393161728f,0.3424897699396812f,-0.1827506859636354f,0.9825698547778738f,0.03403920183565909f,1.40625f,-0.10597028202073203f,0.014734503840929641f,-0.9942601237729531f,0.029407821861950307f,0f,0f,0f,1f],start_interpolation:0}
execute if entity @s[tag=aj.lexiel.bone.skirt_right] run data modify entity @s {} merge value {transformation:[-0.9984832316743697f,0.010406207153274814f,-0.05406428504835973f,-0.2142561879309296f,0.02515565831073467f,0.9597105142379799f,-0.27986232636070524f,0.7087515130917994f,0.048973757463163146f,-0.28079786273003476f,-0.9585166307196676f,0.08442971488951839f,0f,0f,0f,1f],start_interpolation:0}
execute if entity @s[tag=aj.lexiel.bone.skirt_left] run data modify entity @s {} merge value {transformation:[-0.9979416112036567f,-0.03335023481560112f,-0.05477501680505615f,0.22253859297429202f,-0.019400231605668023f,0.9711153397411343f,-0.2378205792884791f,0.7093873512075133f,0.061124231217221506f,-0.2362684040603093f,-0.96976340908538f,0.0596070421113902f,0f,0f,0f,1f],start_interpolation:0}
execute if entity @s[tag=aj.lexiel.bone.skirt_back_middle] run data modify entity @s {} merge value {transformation:[-0.9983880706405066f,-0.0076211926347434095f,-0.056242135677362956f,-0.01214386227081777f,-0.0014533442644889764f,0.9940514767316899f,-0.10890155829002374f,0.6903605931129863f,0.05673753777857872f,-0.10864427748561215f,-0.9924602121881024f,-0.21502271351705465f,0f,0f,0f,1f],start_interpolation:0}
execute if entity @s[tag=aj.lexiel.bone.skirt_front_middle] run data modify entity @s {} merge value {transformation:[-0.9983880706405066f,-0.019613566071854677f,-0.05325944450209523f,0.008130244622317128f,-0.0014533442644889764f,0.9469178763712718f,-0.3214722743860969f,0.7953089654982507f,0.05673753777857872f,-0.3208766794805538f,-0.9454200169090764f,0.14442102300282067f,0f,0f,0f,1f],start_interpolation:0}
execute if entity @s[tag=aj.lexiel.bone.skirt] run data modify entity @s {} merge value {transformation:[-0.9983880706405066f,-0.01727175396236517f,-0.05406428504835973f,0.003817357134886879f,-0.0014533442644889764f,0.9600390440364512f,-0.27986232636070524f,0.7270701642253399f,0.05673753777857872f,-0.27933263404163955f,-0.9585166307196676f,0.06678089161217354f,0f,0f,0f,1f],start_interpolation:0}
execute if entity @s[tag=aj.lexiel.bone.rightupper] run data modify entity @s {} merge value {transformation:[-0.9945488204986507f,-0.04462308144106988f,-0.09424130860427547f,-0.13770182418128718f,-0.002395790448077491f,0.9133434147969242f,-0.40718308760952093f,0.6657512598633647f,0.10424444269538563f,-0.4047376770820794f,-0.9084715234487711f,0.0011569960911465352f,0f,0f,0f,1f],start_interpolation:0}
execute if entity @s[tag=aj.lexiel.bone.rightfoot] run data modify entity @s {} merge value {transformation:[-0.9951984246347891f,0.032225843209454486f,-0.09242072621373211f,-0.08675785756304441f,0.03882263184388736f,0.9967565972418941f,-0.07049176626723402f,0.4125377639093058f,0.08984931196813895f,-0.07374131056741551f,-0.9932216873662456f,0.2013855149342301f,0f,0f,0f,1f],start_interpolation:0}
execute if entity @s[tag=aj.lexiel.bone.leftupper] run data modify entity @s {} merge value {transformation:[-0.9953150554210511f,-0.08096563385408173f,-0.052844172685329496f,0.13456198715601328f,-0.05886543057695737f,0.9410485344408079f,-0.33311036746069145f,0.6667075633784856f,0.07669942330408726f,-0.32843906887185975f,-0.9414058511096085f,-0.014435497269867911f,0f,0f,0f,1f],start_interpolation:0}
execute if entity @s[tag=aj.lexiel.bone.leftfoot] run data modify entity @s {} merge value {transformation:[-0.9910366685722751f,-0.12192800285419611f,-0.0545883107006783f,0.17053992820992947f,-0.10096070572198844f,0.9511844075682119f,-0.29164217578949014f,0.43119963055117255f,0.08748289801603909f,-0.28351681593707445f,-0.954968563689726f,0.19433715609424587f,0f,0f,0f,1f],start_interpolation:0}
execute if entity @s[tag=aj.lexiel.bone.lower] run data modify entity @s {} merge value {transformation:[-0.9983702220148596f,-0.01664380151426191f,-0.0545883107006783f,0f,0f,0.9565274911369627f,-0.29164217578949014f,0.625f,0.05706925436695258f,-0.29116686379185f,-0.954968563689726f,0f,0f,0f,0f,1f],start_interpolation:0}