execute if entity @s[tag=aj.labyria.bone.wing_right_1] run data modify entity @s {} merge value {transformation:[-0.710351758889521f,-0.28927648388660415f,-0.2804709235503948f,-0.01857310065470852f,-0.3857622102412385f,0.6524060003478654f,0.3041354505879574f,2.0506232076150055f,0.11632858735840737f,0.39702641099144614f,-0.7041179824311358f,-0.014389029773828665f,0f,0f,0f,1f],start_interpolation:0}
execute if entity @s[tag=aj.labyria.bone.wing_right_2] run data modify entity @s {} merge value {transformation:[-0.7513280999291277f,0.004489691342454832f,-0.2747470271514072f,-0.01857310065470852f,-0.10455462166481153f,0.7350556969477272f,0.2979286046575909f,2.0506232076150055f,0.2541149687551183f,0.31571025491158905f,-0.6897482276876432f,-0.014389029773828665f,0f,0f,0f,1f],start_interpolation:0}
execute if entity @s[tag=aj.labyria.bone.wing_left_1] run data modify entity @s {} merge value {transformation:[-0.7859782556599971f,-0.025433130277634122f,0.2203083792287378f,-0.0773915928840585f,0.09017924654148794f,0.7045252518859022f,0.4030587021672648f,2.0390042839254097f,-0.20260880920463942f,0.4122399420044488f,-0.6752424343102936f,-0.017780576096407097f,0f,0f,0f,1f],start_interpolation:0}
execute if entity @s[tag=aj.labyria.bone.wing_left_2] run data modify entity @s {} merge value {transformation:[-0.701795643245154f,-0.3176600866790136f,0.21581228985672277f,-0.0773915928840585f,-0.18249343488255332f,0.6714186748891476f,0.3948330143679329f,2.0390042839254097f,-0.3379038640603091f,0.29713470403368014f,-0.6614619764672265f,-0.017780576096407097f,0f,0f,0f,1f],start_interpolation:0}
execute if entity @s[tag=aj.labyria.bone.musket] run data modify entity @s {} merge value {transformation:[-0.000014197443487391758f,0.00000726619973616209f,-0.000003146522505722047f,-0.9925874071872257f,0.0000069926614802329874f,0.000014536223390421557f,0.0000020165711068858795f,1.8435537918961502f,0.000003714962706095869f,4.0769473930768605e-7f,-0.000015820824920160065f,0.6104817051354021f,0f,0f,0f,1f],start_interpolation:0}
execute if entity @s[tag=aj.labyria.bone.omega_blade] run data modify entity @s {} merge value {transformation:[-1.5668188007981705f,0.8018921411508994f,-0.34724777200050533f,-0.9925874071872257f,0.7717046723641513f,1.6042062869234763f,0.22254721606894248f,1.8435537918961502f,0.40998038959226624f,0.04499287375935481f,-1.7459739107999737f,0.6104817051354021f,0f,0f,0f,1f],start_interpolation:0}
execute if entity @s[tag=aj.labyria.bone.arm_right_2] run data modify entity @s {} merge value {transformation:[-0.872383992184068f,0.3797156708057659f,-0.30783466264460035f,-0.7254836497669301f,-0.3206250518470444f,0.030864922721221655f,0.946703191435147f,1.9429105588625772f,0.36897933046319537f,0.9245882142283343f,0.09482029213724188f,0.4856395109763798f,0f,0f,0f,1f],start_interpolation:0}
execute if entity @s[tag=aj.labyria.bone.arm_right_1] run data modify entity @s {} merge value {transformation:[-0.9212762626428136f,0.3797156708057659f,-0.08405984317982274f,-0.40532111758760064f,-0.0781984429487674f,0.030864922721221655f,0.9964599139282025f,1.9673411441134876f,0.3809659452120066f,0.9245882142283343f,0.0012580535688913042f,0.35333760952802196f,0f,0f,0f,1f],start_interpolation:0}
execute if entity @s[tag=aj.labyria.bone.arm_left_2] run data modify entity @s {} merge value {transformation:[-0.701173620956838f,0.12213506435233916f,0.7024518341708036f,0.5637269240730824f,0.44995210077468994f,0.8400532846641361f,0.303073565217158f,2.1026744862383384f,-0.5530810612222402f,0.5285768676178005f,-0.6439781321882248f,0.2891301676659698f,0f,0f,0f,1f],start_interpolation:0}
execute if entity @s[tag=aj.labyria.bone.arm_left_1] run data modify entity @s {} merge value {transformation:[-0.9789802434993746f,0.12213506435233916f,-0.16334230589028337f,0.23618653893945496f,0.014317951882225316f,0.8400532846641361f,0.542314922511721f,2.0827940658218496f,0.20345190854794953f,0.5285768676178005f,-0.8241442931474748f,0.3964083744161423f,0f,0f,0f,1f],start_interpolation:0}
execute if entity @s[tag=aj.labyria.bone.himo_right_2] run data modify entity @s {} merge value {transformation:[-0.9796760952642627f,-0.17578924132011725f,0.0966068890083139f,-0.15567063148359567f,-0.15943074440545374f,0.9746780624189655f,0.15679449090300965f,1.6478929176479205f,-0.12172339999396152f,0.13820570637751806f,-0.9828950079324857f,0.42263019285251363f,0f,0f,0f,1f],start_interpolation:0}
execute if entity @s[tag=aj.labyria.bone.himo_right_1] run data modify entity @s {} merge value {transformation:[-0.9796760952642627f,-0.19555791064289435f,0.04463016863908135f,-0.1920588011751441f,-0.15943074440545374f,0.8941728989961314f,0.4183738333586085f,1.8181651726681864f,-0.12172339999396152f,0.40275542241643336f,-0.9071777574478279f,0.49247697357154596f,0f,0f,0f,1f],start_interpolation:0}
execute if entity @s[tag=aj.labyria.bone.himo_left_2] run data modify entity @s {} merge value {transformation:[-0.9794764098661175f,-0.1995361139333272f,0.028483359214941308f,0.15164037390398952f,-0.1934844167310109f,0.9704003804351321f,0.14452294673722613f,1.7085773981314927f,-0.05647780978438888f,0.13604573086920768f,-0.9890914093824804f,0.4403908984456757f,0f,0f,0f,1f],start_interpolation:0}
execute if entity @s[tag=aj.labyria.bone.himo_left_1] run data modify entity @s {} merge value {transformation:[-0.9794764098661175f,-0.19968840728055007f,-0.02739530093899819f,0.11402757690801764f,-0.1934844167310109f,0.8934288451858055f,0.4053994068473932f,1.8786290528966274f,-0.05647780978438888f,0.40237971940409095f,-0.913729072764046f,0.5101262891291675f,0f,0f,0f,1f],start_interpolation:0}
execute if entity @s[tag=aj.labyria.bone.ribbon_left_himo_1] run data modify entity @s {} merge value {transformation:[-0.9903965608838795f,-0.11615242518644352f,-0.07498844119390186f,0.19322518428121957f,-0.13615069392046156f,0.9136784759831071f,0.38295512931695214f,2.321438809169706f,0.024034157658641066f,0.38948717135291444f,-0.9207182536569725f,0.5627365305708788f,0f,0f,0f,1f],start_interpolation:0}
execute if entity @s[tag=aj.labyria.bone.ribbon_left_himo_2] run data modify entity @s {} merge value {transformation:[-0.9903965608838795f,-0.11615242518644352f,-0.07498844119390186f,0.1829021199205396f,-0.13615069392046156f,0.9136784759831071f,0.38295512931695214f,2.3751684319398874f,0.024034157658641066f,0.38948717135291444f,-0.9207182536569725f,0.44171701918767536f,0f,0f,0f,1f],start_interpolation:0}
execute if entity @s[tag=aj.labyria.bone.ribbon_left] run data modify entity @s {} merge value {transformation:[-0.9903965608838795f,-0.11433821536482265f,-0.07772660224511982f,0.17531281924802616f,-0.13615069392046156f,0.904323117403385f,0.40455245379901017f,2.4449186922016795f,0.024034157658641066f,0.41124988977142724f,-0.9112057327676492f,0.5462090960839887f,0f,0f,0f,1f],start_interpolation:0}
execute if entity @s[tag=aj.labyria.bone.ribbon_right_himo_1] run data modify entity @s {} merge value {transformation:[-0.9903965608838795f,-0.11615242518644352f,-0.07498844119390186f,-0.40206504859504727f,-0.13615069392046156f,0.9136784759831071f,0.38295512931695214f,2.2396037327051386f,0.024034157658641066f,0.38948717135291444f,-0.9207182536569725f,0.5771825614585757f,0f,0f,0f,1f],start_interpolation:0}
execute if entity @s[tag=aj.labyria.bone.ribbon_right_himo_2] run data modify entity @s {} merge value {transformation:[-0.9903965608838795f,-0.11615242518644352f,-0.07498844119390186f,-0.41238811295572725f,-0.13615069392046156f,0.9136784759831071f,0.38295512931695214f,2.2933333554753195f,0.024034157658641066f,0.38948717135291444f,-0.9207182536569725f,0.4561630500753723f,0f,0f,0f,1f],start_interpolation:0}
execute if entity @s[tag=aj.labyria.bone.ribbon_right] run data modify entity @s {} merge value {transformation:[-0.9903965608838795f,-0.11433821536482265f,-0.07772660224511982f,-0.4189251172823015f,-0.13615069392046156f,0.904323117403385f,0.40455245379901017f,2.3632282758494023f,0.024034157658641066f,0.41124988977142724f,-0.9112057327676492f,0.5606295906791733f,0f,0f,0f,1f],start_interpolation:0}
execute if entity @s[tag=aj.labyria.bone.crown] run data modify entity @s {} merge value {transformation:[-0.9913124775330079f,0.10433463102874148f,-0.08008655727065378f,0.02381440417510959f,0.06094554016852108f,0.9039545852022651f,0.42326321482662266f,2.682279638600941f,0.11655562200484601f,0.4147051876452681f,-0.9024601898805101f,0.6701500756935173f,0f,0f,0f,1f],start_interpolation:0}
execute if entity @s[tag=aj.labyria.bone.ear_edge_a1] run data modify entity @s {} merge value {transformation:[-0.9958329567827032f,0.043621846934222f,-0.08008655727065378f,0.04006648366125283f,0.00564675721838296f,0.9059891639018364f,0.42326321482662266f,2.680942167857284f,0.0910210762314699f,0.4210472293727848f,-0.9024601898805101f,0.6689086563779689f,0f,0f,0f,1f],start_interpolation:0}
execute if entity @s[tag=aj.labyria.bone.ear_edge_a2] run data modify entity @s {} merge value {transformation:[-0.9903965608838795f,-0.11269780625157672f,-0.08008655727065378f,-0.0751480549853602f,-0.13615069392046156f,0.8957182813360509f,0.42326321482662266f,2.674286144510611f,0.02403415765864106f,0.4301022726590423f,-0.9024601898805101f,0.6760113363409586f,0f,0f,0f,1f],start_interpolation:0}
execute if entity @s[tag=aj.labyria.bone.ear_edge_b1] run data modify entity @s {} merge value {transformation:[-0.9882416172623786f,0.1302484136378347f,-0.08008655727065378f,-0.09678321132724549f,0.08458742810355876f,0.9020494542880991f,0.42326321482662266f,2.667375796114773f,0.12737139756422358f,0.41151200804274235f,-0.9024601898805101f,0.6746902685492386f,0f,0f,0f,1f],start_interpolation:0}
execute if entity @s[tag=aj.labyria.bone.ear_edge_b2] run data modify entity @s {} merge value {transformation:[-0.9801226030759148f,-0.18150985175528814f,-0.08008655727065378f,-0.0690824308930172f,-0.19830118644713254f,0.8840389643156527f,0.42326321482662266f,2.6802970302920337f,-0.006026806231491939f,0.4307311032273866f,-0.9024601898805101f,0.6782922257492984f,0f,0f,0f,1f],start_interpolation:0}
execute if entity @s[tag=aj.labyria.bone.ear_right_2] run data modify entity @s {} merge value {transformation:[-0.9964500639707072f,-0.025950209195830715f,-0.08008655727065378f,-0.026157889964937994f,-0.057565607322576484f,0.9041761177050713f,0.42326321482662266f,2.795206602734045f,0.06142858346369397f,0.42637088879809504f,-0.9024601898805101f,0.6937492137663014f,0f,0f,0f,1f],start_interpolation:0}
execute if entity @s[tag=aj.labyria.bone.ear_right_1] run data modify entity @s {} merge value {transformation:[-0.9964500639707072f,-0.025950209195830715f,-0.08008655727065378f,-0.020319092895876092f,-0.057565607322576484f,0.9041761177050713f,0.42326321482662266f,2.5917669762504043f,0.06142858346369397f,0.42637088879809504f,-0.9024601898805101f,0.5978157637867302f,0f,0f,0f,1f],start_interpolation:0}
execute if entity @s[tag=aj.labyria.bone.ear_edge_a3] run data modify entity @s {} merge value {transformation:[-0.9605733147183573f,-0.2662424654248863f,-0.08008655727065378f,-0.3466601461440021f,-0.27459566311673733f,0.8633918419652291f,0.42326321482662266f,2.6277785149478707f,-0.043544561640539686f,0.428566770564829f,-0.9024601898805101f,0.6782934312839313f,0f,0f,0f,1f],start_interpolation:0}
execute if entity @s[tag=aj.labyria.bone.ear_edge_a4] run data modify entity @s {} merge value {transformation:[-0.9903965608838796f,-0.1126978062515767f,-0.08008655727065378f,-0.23371700535592566f,-0.13615069392046156f,0.8957182813360509f,0.42326321482662266f,2.6524875302182465f,0.024034157658641073f,0.43010227265904233f,-0.9024601898805101f,0.679859361771873f,0f,0f,0f,1f],start_interpolation:0}
execute if entity @s[tag=aj.labyria.bone.ear_edge_b3] run data modify entity @s {} merge value {transformation:[-0.9337134834257675f,-0.348948813171005f,-0.08008655727065378f,-0.21110821096979304f,-0.34880030098462905f,0.8361737863672025f,0.42326321482662266f,2.6516594369829334f,-0.08073091664257773f,0.4231407860025818f,-0.9024601898805101f,0.6774646169004495f,0f,0f,0f,1f],start_interpolation:0}
execute if entity @s[tag=aj.labyria.bone.ear_edge_b4] run data modify entity @s {} merge value {transformation:[-0.9958454062015322f,-0.04333670836415146f,-0.08008655727065378f,-0.24106321314907486f,-0.07333688889883f,0.9030337489270668f,0.42326321482662266f,2.6566546795711776f,0.053978029548566266f,0.42737802705203237f,-0.9024601898805101f,0.6824657188713965f,0f,0f,0f,1f],start_interpolation:0}
execute if entity @s[tag=aj.labyria.bone.ear_left_2] run data modify entity @s {} merge value {transformation:[-0.9768055419509316f,-0.19858770495295228f,-0.08008655727065378f,-0.3126004667312602f,-0.21369959152757523f,0.8804434879965775f,0.42326321482662266f,2.755829087569518f,-0.013543182598415273f,0.43056031852220145f,-0.9024601898805101f,0.7007003748688856f,0f,0f,0f,1f],start_interpolation:0}
execute if entity @s[tag=aj.labyria.bone.ear_left_1] run data modify entity @s {} merge value {transformation:[-0.9768055419509316f,-0.19858770495295228f,-0.08008655727065378f,-0.267918233116846f,-0.21369959152757523f,0.8804434879965775f,0.42326321482662266f,2.5577293027702885f,-0.013543182598415273f,0.43056031852220145f,-0.9024601898805101f,0.6038243032013905f,0f,0f,0f,1f],start_interpolation:0}
execute if entity @s[tag=aj.labyria.bone.head] run data modify entity @s {} merge value {transformation:[-0.9903965608838795f,-0.11269780625157672f,-0.08008655727065378f,-0.08385833238772002f,-0.13615069392046156f,0.8957182813360509f,0.42326321482662266f,2.102465544862288f,0.024034157658641066f,0.4301022726590423f,-0.9024601898805101f,0.408594499690067f,0f,0f,0f,1f],start_interpolation:0}
execute if entity @s[tag=aj.labyria.bone.back_musket] run data modify entity @s {} merge value {transformation:[-0.014827010309912481f,0.7446433984649683f,1.4449716293106973f,-0.17896873627654966f,0.6240838456557553f,1.3369013423021352f,-0.6825472841988837f,2.1389184458396038f,-1.500985061212067f,0.5485049231304043f,-0.2980651538588779f,0.181863038419034f,0f,0f,0f,1f],start_interpolation:0}
execute if entity @s[tag=aj.labyria.bone.body_1] run data modify entity @s {} merge value {transformation:[-0.9794764098661175f,-0.19779237019833648f,-0.038783254209843465f,-0.009686193563343836f,-0.1934844167310109f,0.868752724990312f,0.4558864807209878f,1.776683272990921f,-0.05647780978438888f,0.4540340087628144f,-0.8891925415165868f,0.23833174640401164f,0f,0f,0f,1f],start_interpolation:0}
execute if entity @s[tag=aj.labyria.bone.belt2] run data modify entity @s {} merge value {transformation:[-0.7819529664433589f,0.07747421254718317f,0.6185040862117446f,0.11436505913788952f,0.05380398910733363f,0.9969316807603393f,-0.05685380068652107f,1.1899947929370798f,-0.6210110216627149f,-0.011179010983026622f,-0.7837221067998991f,0.6394320443769486f,0f,0f,0f,1f],start_interpolation:0}
execute if entity @s[tag=aj.labyria.bone.leg_left_2] run data modify entity @s {} merge value {transformation:[-0.9591771696299464f,-0.06055501199630774f,0.27624671542447704f,0.08448059743491386f,-0.0490027577322993f,0.9976185580156889f,0.04853805143727119f,1.312692295785495f,-0.2785280721853985f,0.033019739926665403f,-0.9598603074301285f,0.47392620414846437f,0f,0f,0f,1f],start_interpolation:0}
execute if entity @s[tag=aj.labyria.bone.leg_left_1] run data modify entity @s {} merge value {transformation:[-0.9591771696299464f,0.21454568537739888f,0.18425337485817495f,0.1583093034184588f,-0.0490027577322993f,0.5155792128763654f,-0.8554395390583819f,1.4718594001890426f,-0.2785280721853985f,-0.8295469993530985f,-0.48401847988372904f,0.19167660653358515f,0f,0f,0f,1f],start_interpolation:0}
execute if entity @s[tag=aj.labyria.bone.belt] run data modify entity @s {} merge value {transformation:[-0.9738432476983107f,-0.16930195175198007f,-0.15154596017504607f,-0.1660834825155869f,-0.1934905859517616f,0.9675579379129826f,0.1624593177679281f,1.2029915400037374f,0.11912481714760523f,0.18753262626686304f,-0.9750080984407272f,0.17807539579647413f,0f,0f,0f,1f],start_interpolation:0}
execute if entity @s[tag=aj.labyria.bone.leg_right_2] run data modify entity @s {} merge value {transformation:[-0.9730173355314471f,-0.19275257775411403f,0.12682156174888912f,-0.06450848356696903f,-0.00146202298466179f,0.5547883137712958f,0.8319902579907978f,1.1174374631309458f,-0.23072738728654515f,0.8093555279801f,-0.5401004555487602f,0.04822885629760107f,0f,0f,0f,1f],start_interpolation:0}
execute if entity @s[tag=aj.labyria.bone.leg_right_1] run data modify entity @s {} merge value {transformation:[-0.9730173355314471f,-0.0709154119603105f,0.21956381555662247f,-0.08209871249004189f,-0.00146202298466179f,0.9534724997611055f,0.3014764579334528f,1.4827008838459086f,-0.23072738728654515f,0.29302081247892287f,-0.9278489511823121f,0.12009537529468084f,0f,0f,0f,1f],start_interpolation:0}
execute if entity @s[tag=aj.labyria.bone.skirt_forward_right] run data modify entity @s {} merge value {transformation:[-0.9536449322868132f,0.1043759909854002f,0.28225342447788826f,0.01216963120395301f,0.0776362531172908f,0.9915061877002922f,-0.10434602030715412f,1.6698524923473073f,-0.29074723614436526f,-0.077595955164227f,-0.9536482120869121f,0.21132141143502947f,0f,0f,0f,1f],start_interpolation:0}
execute if entity @s[tag=aj.labyria.bone.skirt_forward_left] run data modify entity @s {} merge value {transformation:[-0.9491540925240263f,-0.13942565407914415f,0.28225342447788826f,0.01216963120395301f,-0.17484707357711696f,0.9790507693207626f,-0.10434602030715412f,1.6698524923473073f,-0.2617919202466157f,-0.14839163749020906f,-0.9536482120869121f,0.21132141143502947f,0f,0f,0f,1f],start_interpolation:0}
execute if entity @s[tag=aj.labyria.bone.skirt_forward] run data modify entity @s {} merge value {transformation:[-0.9591771696299464f,-0.017668096422365262f,0.28225342447788826f,0.01216963120395301f,-0.0490027577322993f,0.9933330950797363f,-0.10434602030715412f,1.6698524923473073f,-0.2785280721853985f,-0.11391751659916682f,-0.9536482120869121f,0.21132141143502947f,0f,0f,0f,1f],start_interpolation:0}
execute if entity @s[tag=aj.labyria.bone.skirt_back_right] run data modify entity @s {} merge value {transformation:[-0.9731937872221833f,-0.04819698323445387f,0.22487975302201282f,0.01216963120395301f,0.0637318499512934f,0.8829864737425283f,0.46505175893605777f,1.6698524923473073f,-0.22097987196559227f,0.4669174852100028f,-0.8562452675438488f,0.21132141143502947f,0f,0f,0f,1f],start_interpolation:0}
execute if entity @s[tag=aj.labyria.bone.skirt_back_left] run data modify entity @s {} merge value {transformation:[-0.9296052375886562f,-0.2919986282989982f,0.22487975302201282f,0.01216963120395301f,-0.16094267041111954f,0.8705310553629987f,0.46505175893605777f,1.6698524923473073f,-0.3315592844253887f,0.3961218028840207f,-0.8562452675438488f,0.21132141143502947f,0f,0f,0f,1f],start_interpolation:0}
execute if entity @s[tag=aj.labyria.bone.skirt_back] run data modify entity @s {} merge value {transformation:[-0.9591771696299464f,-0.17148834928776785f,0.22487975302201282f,0.01216963120395301f,-0.0490027577322993f,0.8839262363144949f,0.46505175893605777f,1.6698524923473073f,-0.2785280721853985f,0.4350473018114791f,-0.8562452675438488f,0.21132141143502947f,0f,0f,0f,1f],start_interpolation:0}
execute if entity @s[tag=aj.labyria.bone.skirt_right] run data modify entity @s {} merge value {transformation:[-0.9649829275773083f,0.015886324000781313f,0.2618311940813577f,-0.1800996803820352f,0.07526075032172626f,0.972966097859475f,0.21834099907511023f,1.7189813678152985f,-0.251284239349264f,0.2304009486218508f,-0.9400912902100589f,0.16918161490974712f,0f,0f,0f,1f],start_interpolation:0}
execute if entity @s[tag=aj.labyria.bone.skirt_left] run data modify entity @s {} merge value {transformation:[-0.9378160972335312f,-0.227915321063763f,0.2618311940813577f,0.19158147284956903f,-0.1724715707815524f,0.9605106794799454f,0.21834099907511023f,1.7379699364365644f,-0.3012549170417169f,0.1596052662958687f,-0.9400912902100589f,0.27711124288158906f,0f,0f,0f,1f],start_interpolation:0}
execute if entity @s[tag=aj.labyria.bone.coat_downer] run data modify entity @s {} merge value {transformation:[-0.9591771696299464f,-0.09767827728053328f,0.2654017923982282f,0.02454926719359276f,-0.0490027577322993f,0.9816677064084514f,0.1841934958933133f,1.556963505324585f,-0.2785280721853985f,0.16366877632058507f,-0.946379757107266f,0.18855030445788137f,0f,0f,0f,1f],start_interpolation:0}
execute if entity @s[tag=aj.labyria.bone.body_2] run data modify entity @s {} merge value {transformation:[-0.9591771696299464f,-0.10688116329183252f,0.2618311940813577f,-2.8620759328554004e-17f,-0.0490027577322993f,0.9746414406629302f,0.21834099907511023f,1.7808264612268518f,-0.2785280721853985f,0.1965972509367116f,-0.9400912902100589f,0.23370623553240732f,0f,0f,0f,1f],start_interpolation:0}
execute if entity @s[tag=aj.labyria.bone.sphere] run data modify entity @s {} merge value {transformation:[-0.9588197348681932f,2.8588811762192406e-16f,-0.2840153447039223f,0.9040333591412071f,6.123233995736766e-16f,1f,-1.0605752387249072e-15f,2.784724898726851f,0.2840153447039223f,-1.1908097106021815e-15f,-0.9588197348681932f,-0.20553667240673779f,0f,0f,0f,1f],start_interpolation:0}