execute if entity @s[tag=aj.labyria.bone.wing_right_1] run data modify entity @s {} merge value {transformation:[-0.0642563731621811f,0.8135526403773424f,-0.030784156437068246f,0.097755254621877f,0.4641382602970108f,0.011236204141690138f,-0.6718585174643509f,0.7485022876826802f,-0.6688731107474355f,-0.07035832215158104f,-0.46325253660126625f,-0.03518205259788967f,0f,0f,0f,1f],start_interpolation:0}
execute if entity @s[tag=aj.labyria.bone.wing_right_2] run data modify entity @s {} merge value {transformation:[0.24682576538579878f,0.7603733706104597f,-0.030155908346515835f,0.097755254621877f,0.42426881447657255f,-0.1638241209921262f,-0.6581471191487519f,0.7485022876826802f,-0.6317222606528589f,0.18706681867088548f,-0.45379840320124043f,-0.03518205259788967f,0f,0f,0f,1f],start_interpolation:0}
execute if entity @s[tag=aj.labyria.bone.wing_left_1] run data modify entity @s {} merge value {transformation:[0.17341976411153984f,0.7943041892473443f,-0.07714197822237809f,0.10273654026197751f,-0.16564005858011532f,-0.041397082513956365f,-0.7986201205813398f,0.7639179456850919f,-0.780662155387027f,0.18523385475634993f,0.1523136981463895f,-0.09866336492860962f,0f,0f,0f,1f],start_interpolation:0}
execute if entity @s[tag=aj.labyria.bone.wing_left_2] run data modify entity @s {} merge value {transformation:[-0.14081444854291245f,0.7838755137342772f,-0.07556765213620711f,0.10273654026197751f,-0.1343896969075567f,-0.09955946781543012f,-0.7823217507735574f,0.7639179456850919f,-0.7759579244048291f,-0.12500836506462987f,0.14920525532707546f,-0.09866336492860962f,0f,0f,0f,1f],start_interpolation:0}
execute if entity @s[tag=aj.labyria.bone.musket] run data modify entity @s {} merge value {transformation:[-0.000016233910759660074f,-8.386311665829407e-7f,-1.5001092069777238e-7f,0.38161205597035386f,8.502550809053985e-7f,-0.000015768567519432895f,-0.000003859405232024832f,1.2204626611910645f,5.358924600533482e-8f,-0.000003861947722849416f,0.000015790761604216263f,-0.9014868598103833f,0f,0f,0f,1f],start_interpolation:0}
execute if entity @s[tag=aj.labyria.bone.omega_blade] run data modify entity @s {} merge value {transformation:[-1.7915617421758756f,-0.09255068209317792f,-0.016555088321573087f,0.38161205597035386f,0.09383348822059571f,-1.7402068247740365f,-0.4259209542059771f,1.2204626611910645f,0.005914067433078558f,-0.42620154151230105f,1.7426561466773758f,-0.9014868598103833f,0f,0f,0f,1f],start_interpolation:0}
execute if entity @s[tag=aj.labyria.bone.arm_right_2] run data modify entity @s {} merge value {transformation:[0.004420712787994099f,0.9985786784021778f,-0.053113843195594805f,0.36931553629281305f,0.14674890761620443f,-0.05318714825996218f,-0.9877428234988216f,1.1754146571632442f,-0.9891638971433888f,-0.0034278711371616612f,-0.1467754553308224f,-0.5938812182017982f,0f,0f,0f,1f],start_interpolation:0}
execute if entity @s[tag=aj.labyria.bone.arm_right_1] run data modify entity @s {} merge value {transformation:[0.0034611133151221853f,0.9985786784021778f,-0.05318499539513048f,0.3681792824424082f,0.12889299494638992f,-0.05318714825996218f,-0.9902311463056105f,1.133119893012001f,-0.9916524676258158f,-0.0034278711371616612f,-0.12889388329590049f,-0.2686359045203301f,0f,0f,0f,1f],start_interpolation:0}
execute if entity @s[tag=aj.labyria.bone.arm_left_2] run data modify entity @s {} merge value {transformation:[-0.08999745271568868f,0.9944870608783054f,0.05381397820564303f,0.2468219878965298f,-0.355646333956687f,-0.08256145061958921f,0.9309668587091368f,1.315824772144189f,0.9302774551970265f,0.06464590178208636f,0.36111599761700497f,0.29999175889167284f,0f,0f,0f,1f],start_interpolation:0}
execute if entity @s[tag=aj.labyria.bone.arm_left_1] run data modify entity @s {} merge value {transformation:[-0.09255173643511645f,0.9944870608783054f,-0.04929159997884813f,0.22083035837522624f,-0.9809098294052918f,-0.08256145061958921f,0.17606678689540092f,1.0040943087806327f,0.17102655542027978f,0.06464590178208636f,0.9831433388493533f,0.30171530190670687f,0f,0f,0f,1f],start_interpolation:0}
execute if entity @s[tag=aj.labyria.bone.himo_right_2] run data modify entity @s {} merge value {transformation:[0.9144335175204439f,0.34295083430346635f,-0.21493270408605775f,0.07594302116991192f,-0.039911371752313615f,-0.45204812271245787f,-0.891100206013326f,1.3791022798911479f,-0.40276348449187577f,0.8234301549024658f,-0.39968031669981396f,-0.20833905171800798f,0f,0f,0f,1f],start_interpolation:0}
execute if entity @s[tag=aj.labyria.bone.himo_right_1] run data modify entity @s {} merge value {transformation:[0.6567823500825407f,0.7339843383090797f,-0.1729275447609136f,0.21248428744810866f,0.11686309287426036f,-0.325623841498946f,-0.9382495037948765f,1.3121837502113776f,-0.7449697726377343f,0.5960168663422636f,-0.29963967175864875f,-0.09845863722732509f,0f,0f,0f,1f],start_interpolation:0}
execute if entity @s[tag=aj.labyria.bone.himo_left_2] run data modify entity @s {} merge value {transformation:[0.9144335175204439f,0.34295083430346635f,-0.21493270408605775f,0.05274997347483734f,-0.039911371752313615f,-0.45204812271245787f,-0.891100206013326f,1.3134393883641475f,-0.40276348449187577f,0.8234301549024658f,-0.39968031669981396f,0.09630289748618055f,0f,0f,0f,1f],start_interpolation:0}
execute if entity @s[tag=aj.labyria.bone.himo_left_1] run data modify entity @s {} merge value {transformation:[0.6567823500825407f,0.7339843383090797f,-0.1729275447609136f,0.18929123975303408f,0.11686309287426036f,-0.325623841498946f,-0.9382495037948765f,1.2465208586843772f,-0.7449697726377343f,0.5960168663422636f,-0.29963967175864875f,0.20618331197686343f,0f,0f,0f,1f],start_interpolation:0}
execute if entity @s[tag=aj.labyria.bone.ribbon_left_himo_1] run data modify entity @s {} merge value {transformation:[-0.4786233621115096f,0.5654327875367529f,-0.6717182742932432f,0.601176015085251f,0.2803946132430316f,-0.6265460557531485f,-0.7271993542932115f,1.0599506960834113f,-0.8320447933286798f,-0.5364007856058661f,0.14133527194598036f,0.3713972876631204f,0f,0f,0f,1f],start_interpolation:0}
execute if entity @s[tag=aj.labyria.bone.ribbon_left_himo_2] run data modify entity @s {} merge value {transformation:[-0.4786233621115096f,0.5654327875367529f,-0.6717182742932432f,0.5646192901862901f,0.2803946132430316f,-0.6265460557531485f,-0.7271993542932115f,0.9340730614301903f,-0.8320447933286798f,-0.5364007856058661f,0.14133527194598036f,0.35000600170313423f,0f,0f,0f,1f],start_interpolation:0}
execute if entity @s[tag=aj.labyria.bone.ribbon_left] run data modify entity @s {} merge value {transformation:[-0.19200777740544678f,0.9420032386381737f,-0.2752506345333521f,0.6835116910190967f,0.21835661642876644f,-0.23243245814165514f,-0.9477845432713117f,0.9722769286362045f,-0.9567932908824146f,-0.24208480083933498f,-0.1610638001693075f,0.33431039785660693f,0f,0f,0f,1f],start_interpolation:0}
execute if entity @s[tag=aj.labyria.bone.ribbon_right_himo_1] run data modify entity @s {} merge value {transformation:[0.6247707168091321f,0.6227902839303787f,0.47094990567970374f,0.626252371179673f,0.15566691598188473f,0.4916980632540937f,-0.8567384816038454f,1.1529942033353022f,-0.7651335587245487f,0.6085764346687204f,0.21025070862999753f,-0.2812220501356286f,0f,0f,0f,1f],start_interpolation:0}
execute if entity @s[tag=aj.labyria.bone.ribbon_right_himo_2] run data modify entity @s {} merge value {transformation:[0.6247707168091321f,0.6227902839303787f,0.47094990567970374f,0.6361118785077969f,0.15566691598188473f,0.4916980632540937f,-0.8567384816038454f,1.0218646387322958f,-0.7651335587245487f,0.6085764346687204f,0.21025070862999753f,-0.2998496521960834f,0f,0f,0f,1f],start_interpolation:0}
execute if entity @s[tag=aj.labyria.bone.ribbon_right] run data modify entity @s {} merge value {transformation:[0.3465544403217513f,0.9350876927168092f,0.07423629047057978f,0.7309746717535556f,0.15741907571528763f,0.020042317713559576f,-0.9873284864226363f,1.0894886541275162f,-0.9247265836420095f,0.35384927925632825f,-0.14025488610224757f,-0.2522121310092072f,0f,0f,0f,1f],start_interpolation:0}
execute if entity @s[tag=aj.labyria.bone.crown] run data modify entity @s {} merge value {transformation:[0.2919423063866252f,0.9513837896734073f,-0.0981762419749514f,0.9717056522446538f,0.16648058646739405f,-0.1516291005635249f,-0.9743165964879021f,0.9483525956377391f,-0.9418353911757248f,0.26809979598828976f,-0.20265388059424555f,0.2378519667850082f,0f,0f,0f,1f],start_interpolation:0}
execute if entity @s[tag=aj.labyria.bone.ear_edge_a1] run data modify entity @s {} merge value {transformation:[0.23331718423933012f,0.9674319185608394f,-0.0981762419749514f,0.9689949336274273f,0.17542680175517372f,-0.14118288506112206f,-0.9743165964879021f,0.9614462074656227f,-0.9564457793124405f,0.21010206071219667f,-0.20265388059424555f,0.248079033984196f,0f,0f,0f,1f],start_interpolation:0}
execute if entity @s[tag=aj.labyria.bone.ear_edge_a2] run data modify entity @s {} merge value {transformation:[0.07910496789076485f,0.9920200751832986f,-0.0981762419749514f,0.9881036062990254f,0.19535287581885277f,-0.11200189158016449f,-0.9743165964879021f,0.9828192448738179f,-0.9775375481096904f,0.05789427187372005f,-0.20265388059424555f,0.13606478254413318f,0f,0f,0f,1f],start_interpolation:0}
execute if entity @s[tag=aj.labyria.bone.ear_edge_b1] run data modify entity @s {} merge value {transformation:[0.3167465893328776f,0.9434156155468627f,-0.0981762419749514f,0.9855853187940801f,0.16245435060093644f,-0.15593509476400447f,-0.9743165964879021f,0.9876665538388238f,-0.934494613209096f,0.29266230123347886f,-0.20265388059424555f,0.11397994727555553f,0f,0f,0f,1f],start_interpolation:0}
execute if entity @s[tag=aj.labyria.bone.ear_edge_b2] run data modify entity @s {} merge value {transformation:[0.00971244983661576f,0.9951216477546088f,-0.0981762419749514f,0.9932041468676995f,0.20268986304106335f,-0.09810193284857344f,-0.9743165964879021f,0.9808601842072167f,-0.9791948160292548f,-0.010436327971418635f,-0.20265388059424555f,0.14301255680729685f,0f,0f,0f,1f],start_interpolation:0}
execute if entity @s[tag=aj.labyria.bone.ear_right_2] run data modify entity @s {} merge value {transformation:[0.1652641960786858f,0.9813506870666275f,-0.0981762419749514f,1.0894663862063334f,0.18484789109790437f,-0.12860181555828953f,-0.9743165964879021f,0.9273933972652271f,-0.9687719043464892f,0.14287197775970667f,-0.20265388059424555f,0.19923113472297765f,0f,0f,0f,1f],start_interpolation:0}
execute if entity @s[tag=aj.labyria.bone.ear_right_1] run data modify entity @s {} merge value {transformation:[0.1652641960786858f,0.9813506870666275f,-0.0981762419749514f,0.8686624816163426f,0.18484789109790437f,-0.12860181555828953f,-0.9743165964879021f,0.9563288057658422f,-0.9687719043464892f,0.14287197775970667f,-0.20265388059424555f,0.16708493972704372f,0f,0f,0f,1f],start_interpolation:0}
execute if entity @s[tag=aj.labyria.bone.ear_edge_a3] run data modify entity @s {} merge value {transformation:[-0.07705507530160774f,0.9921814052288723f,-0.0981762419749514f,0.99988356838394f,0.21046871374084763f,-0.08006303981553632f,-0.9743165964879021f,1.0377269239705007f,-0.9745590982113587f,-0.09573906607836005f,-0.20265388059424555f,-0.13362645290801528f,0f,0f,0f,1f],start_interpolation:0}
execute if entity @s[tag=aj.labyria.bone.ear_edge_a4] run data modify entity @s {} merge value {transformation:[0.07910496789076485f,0.9920200751832985f,-0.0981762419749514f,1.0007688277092668f,0.19535287581885274f,-0.11200189158016452f,-0.9743165964879021f,1.0140965147007865f,-0.9775375481096904f,0.05789427187372004f,-0.20265388059424555f,-0.020445355993942517f,0f,0f,0f,1f],start_interpolation:0}
execute if entity @s[tag=aj.labyria.bone.ear_edge_b3] run data modify entity @s {} merge value {transformation:[-0.16323616478965944f,0.981690063113832f,-0.0981762419749514f,0.9947166867561865f,0.21664577044458014f,-0.06141481870611779f,-0.9743165964879021f,1.0102168315157063f,-0.9625063972012017f,-0.18031317208361647f,-0.20265388059424555f,0.0011393092401411065f,0f,0f,0f,1f],start_interpolation:0}
execute if entity @s[tag=aj.labyria.bone.ear_edge_b4] run data modify entity @s {} merge value {transformation:[0.14811209449295368f,0.9840854805232048f,-0.0981762419749514f,1.006940598300904f,0.18706414902245513f,-0.1253561883543678f,-0.9743165964879021f,1.0147828993359052f,-0.9711178155174661f,0.12594281664580181f,-0.20265388059424555f,-0.026735278401800067f,0f,0f,0f,1f],start_interpolation:0}
execute if entity @s[tag=aj.labyria.bone.ear_left_2] run data modify entity @s {} merge value {transformation:[-0.007656296867690385f,0.9951395915297261f,-0.0981762419749514f,1.1123451316832218f,0.20437110719752818f,-0.09454956557852326f,-0.9743165964879021f,0.9838933724653876f,-0.978863540878467f,-0.02752404437874273f,-0.20265388059424555f,-0.08349235728559597f,0f,0f,0f,1f],start_interpolation:0}
execute if entity @s[tag=aj.labyria.bone.ear_left_1] run data modify entity @s {} merge value {transformation:[-0.007656296867690385f,0.9951395915297261f,-0.0981762419749514f,0.8884387235890339f,0.20437110719752818f,-0.09454956557852326f,-0.9743165964879021f,1.0051670247205553f,-0.978863540878467f,-0.02752404437874273f,-0.20265388059424555f,-0.07729944730037887f,0f,0f,0f,1f],start_interpolation:0}
execute if entity @s[tag=aj.labyria.bone.head] run data modify entity @s {} merge value {transformation:[0.07910496789076485f,0.9920200751832986f,-0.0981762419749514f,0.3732083216329648f,0.19535287581885274f,-0.1120018915801645f,-0.9743165964879021f,1.06859627831828f,-0.9775375481096903f,0.05789427187372004f,-0.20265388059424555f,0.021554865646621072f,0f,0f,0f,1f],start_interpolation:0}
execute if entity @s[tag=aj.labyria.bone.back_musket] run data modify entity @s {} merge value {transformation:[-0.2521725762063132f,1.1742994574419343f,-1.095484557940481f,0.31262006179327795f,-1.5704704446647915f,-0.4121147700602248f,-0.0802535940477502f,0.8777096570608164f,-0.3356906535321532f,1.0458675065106413f,1.1983862418191262f,-0.12566374405393435f,0f,0f,0f,1f],start_interpolation:0}
execute if entity @s[tag=aj.labyria.bone.body_1] run data modify entity @s {} merge value {transformation:[0.07421775262423871f,0.9947154487717451f,-0.0709429430615438f,0.00019002834356040969f,0.2101212528864012f,-0.08514032097907465f,-0.9739610797301039f,1.100523898685433f,-0.9748542374534033f,0.05737858240150465f,-0.21532977964215103f,0.00003789724605682703f,0f,0f,0f,1f],start_interpolation:0}
execute if entity @s[tag=aj.labyria.bone.belt2] run data modify entity @s {} merge value {transformation:[0.06877005238612857f,0.9829261194967437f,-0.17066611704108944f,-0.7832208221814093f,-0.4139764313975829f,-0.12753131006075727f,-0.9013097576313651f,1.480617354804362f,-0.9076861760223806f,0.1326348693415898f,0.3981379124029861f,0.1721773423567704f,0f,0f,0f,1f],start_interpolation:0}
execute if entity @s[tag=aj.labyria.bone.leg_left_2] run data modify entity @s {} merge value {transformation:[0.008811550581275349f,0.9986283807697743f,-0.05161117802853071f,-0.6721082829226277f,-0.030248972033470406f,-0.051323366078956045f,-0.998223878588989f,1.3161586622635963f,-0.9995035549047698f,0.010357085278422815f,0.029755243525528746f,0.10934993214834578f,0f,0f,0f,1f],start_interpolation:0}
execute if entity @s[tag=aj.labyria.bone.leg_left_1] run data modify entity @s {} merge value {transformation:[0.008811550581275349f,0.9193161380335091f,-0.3934211419427128f,-0.3397235016123389f,-0.030248972033470406f,-0.39301130984753363f,-0.9190359677525385f,1.1710302405385513f,-0.9995035549047698f,0.01999871703586357f,0.024345329113558994f,0.11667237822376922f,0f,0f,0f,1f],start_interpolation:0}
execute if entity @s[tag=aj.labyria.bone.belt] run data modify entity @s {} merge value {transformation:[0.13282355217315212f,0.9467180390074464f,-0.2933988047112695f,-0.47916175097685076f,0.7245197491763611f,-0.2947415284495105f,-0.6230558277238644f,1.4416543865056508f,-0.6763350035607569f,-0.12981674015758626f,-0.7250645329440193f,-0.1275772303590505f,0f,0f,0f,1f],start_interpolation:0}
execute if entity @s[tag=aj.labyria.bone.leg_right_2] run data modify entity @s {} merge value {transformation:[0.12670243496901418f,0.9919243809350298f,0.005702234612947388f,-0.6893357612658374f,0.3995488620223681f,-0.04577267030350729f,-0.9155684406476217f,1.3229326751576997f,-0.9079136521881107f,0.11828307216142427f,-0.40212176639732117f,-0.13343096273154031f,0f,0f,0f,1f],start_interpolation:0}
execute if entity @s[tag=aj.labyria.bone.leg_right_1] run data modify entity @s {} merge value {transformation:[0.12670243496901418f,0.9613020816108195f,-0.24463197024025374f,-0.29185535382907296f,0.3995488620223681f,-0.27518720273155206f,-0.8744327934778149f,1.2102051373469267f,-0.9079136521881107f,0.013050338826612683f,-0.41895404142573567f,-0.12756963879284777f,0f,0f,0f,1f],start_interpolation:0}
execute if entity @s[tag=aj.labyria.bone.skirt_forward_right] run data modify entity @s {} merge value {transformation:[0.30369230424363935f,0.724053974837593f,-0.6192873532255212f,-0.1295901838940686f,-0.006307151562485791f,-0.6484440649948434f,-0.7612361751862111f,1.1377371798170581f,-0.9527492871591965f,0.23508750731343886f,-0.19236075411267495f,-0.0022520253511408724f,0f,0f,0f,1f],start_interpolation:0}
execute if entity @s[tag=aj.labyria.bone.skirt_forward_left] run data modify entity @s {} merge value {transformation:[-0.16881804241321743f,0.7668009146386682f,-0.6192873532255212f,-0.1295901838940686f,0.36835923146444904f,-0.5336955706981176f,-0.7612361751862111f,1.1377371798170581f,-0.9142275127946489f,-0.3566306143988671f,-0.19236075411267495f,-0.0022520253511408724f,0f,0f,0f,1f],start_interpolation:0}
execute if entity @s[tag=aj.labyria.bone.skirt_forward] run data modify entity @s {} merge value {transformation:[0.07074313989119009f,0.7819709600063576f,-0.6192873532255212f,-0.1295901838940686f,0.18990058287476588f,-0.6200461710322007f,-0.7612361751862111f,1.1377371798170581f,-0.9792513348380792f,-0.06375079211306517f,-0.19236075411267495f,-0.0022520253511408724f,0f,0f,0f,1f],start_interpolation:0}
execute if entity @s[tag=aj.labyria.bone.skirt_back_right] run data modify entity @s {} merge value {transformation:[0.3660098614726182f,0.9206770446864945f,0.13561180144861384f,-0.1295901838940686f,0.2173185746125919f,0.057135208855235486f,-0.9744271163290873f,1.1377371798170581f,-0.9048808863232479f,0.3861208972542301f,-0.17916817315148864f,-0.0022520253511408724f,0f,0f,0f,1f],start_interpolation:0}
execute if entity @s[tag=aj.labyria.bone.skirt_back_left] run data modify entity @s {} merge value {transformation:[-0.23113559964219627f,0.9634239844875696f,0.13561180144861384f,-0.1295901838940686f,0.14473350528937134f,0.1718837031519614f,-0.9744271163290873f,1.1377371798170581f,-0.9620959136305974f,-0.20559722445807588f,-0.17916817315148864f,-0.0022520253511408724f,0f,0f,0f,1f],start_interpolation:0}
execute if entity @s[tag=aj.labyria.bone.skirt_back] run data modify entity @s {} merge value {transformation:[0.07074313989119009f,0.9882331948817535f,0.13561180144861384f,-0.1295901838940686f,0.18990058287476588f,0.12012311845104684f,-0.9744271163290873f,1.1377371798170581f,-0.9792513348380792f,0.09468679394402593f,-0.17916817315148864f,-0.0022520253511408724f,0f,0f,0f,1f],start_interpolation:0}
execute if entity @s[tag=aj.labyria.bone.skirt_right] run data modify entity @s {} merge value {transformation:[0.35811363774918303f,0.8957630426338985f,-0.2633689311769862f,-0.03128908880043313f,0.09878939877240407f,-0.31684559938993195f,-0.9433183560375693f,1.1505973630723763f,-0.9284370076360778f,0.3117971096698874f,-0.20195862262669081f,-0.19051188165529984f,0f,0f,0f,1f],start_interpolation:0}
execute if entity @s[tag=aj.labyria.bone.skirt_left] run data modify entity @s {} merge value {transformation:[-0.22323937591876108f,0.9385099824349736f,-0.2633689311769862f,-0.05870205550826929f,0.2632626811295592f,-0.20209710509320608f,-0.9433183560375693f,1.0770108872084045f,-0.9385397923177675f,-0.2799210120424186f,-0.20195862262669081f,0.1889480105944559f,0f,0f,0f,1f],start_interpolation:0}
execute if entity @s[tag=aj.labyria.bone.coat_downer] run data modify entity @s {} merge value {transformation:[0.07074313989119009f,0.9523202923386787f,-0.2967852236185447f,-0.22098184291191486f,0.18990058287476588f,-0.3049470886118708f,-0.9332443633748713f,1.1635932187217033f,-0.9792513348380792f,0.009660949597113404f,-0.20241909314766302f,-0.0038402346337147236f,0f,0f,0f,1f],start_interpolation:0}
execute if entity @s[tag=aj.labyria.bone.body_2] run data modify entity @s {} merge value {transformation:[0.07074313989119009f,0.9620978194804455f,-0.2633689311769862f,0f,0.18990058287476588f,-0.2721915645026541f,-0.9433183560375693f,1.10107421875f,-0.9792513348380792f,0.016719388881479065f,-0.20195862262669081f,0f,0f,0f,0f,1f],start_interpolation:0}
execute if entity @s[tag=aj.labyria.bone.sphere] run data modify entity @s {} merge value {transformation:[-0.8660254037844388f,-2.7021327936849245e-17f,-0.49999999999999983f,1.55741455078125f,-0.11032294354446745f,0.9753539831828939f,0.19108494345957056f,1.3136604271911987f,0.4876769915914468f,0.22064588708893493f,-0.8446813271187265f,-0.6850808946846328f,0f,0f,0f,1f],start_interpolation:0}