execute if entity @s[tag=aj.labyria.bone.wing_right_1] run data modify entity @s {} merge value {transformation:[-0.7291323137844089f,-0.28808585542330395f,-0.22872921401705879f,0.0012015336884600575f,-0.35568919473704474f,0.6816335074796435f,0.27532780947945623f,2.016736065110672f,0.09378544762995465f,0.345437035985527f,-0.7340449498680768f,-0.04749957455803881f,0f,0f,0f,1f],start_interpolation:0}
execute if entity @s[tag=aj.labyria.bone.wing_right_2] run data modify entity @s {} merge value {transformation:[-0.7678786336332104f,0.012607573279073692f,-0.22406127087385352f,0.0012015336884600575f,-0.0663811755385586f,0.7502337385777654f,0.2697088745921204f,2.016736065110672f,0.21437337414826663f,0.2774714158172727f,-0.7190644406870956f,-0.04749957455803881f,0f,0f,0f,1f],start_interpolation:0}
execute if entity @s[tag=aj.labyria.bone.wing_left_1] run data modify entity @s {} merge value {transformation:[-0.7733320394593267f,-0.023160852393739457f,0.26146811680684484f,-0.05725960336907404f,0.09957514993062065f,0.7267933237173928f,0.35888814212866355f,2.0067706251696427f,-0.24287196360719956f,0.3717250112121389f,-0.6854036546279593f,-0.05330055560970843f,0f,0f,0f,1f],start_interpolation:0}
execute if entity @s[tag=aj.labyria.bone.wing_left_2] run data modify entity @s {} merge value {transformation:[-0.6912023202623466f,-0.3108628865635408f,0.25613203279037866f,-0.05725960336907404f,-0.18233762034863077f,0.6950941090305968f,0.3515638943301194f,2.0067706251696427f,-0.3591550426620056f,0.2453740926592374f,-0.6714158249416744f,-0.05330055560970843f,0f,0f,0f,1f],start_interpolation:0}
execute if entity @s[tag=aj.labyria.bone.musket] run data modify entity @s {} merge value {transformation:[-0.000014198382458823092f,0.00000760240929807693f,-0.0000022079339845199496f,-1.021203725965358f,0.0000075468249199836515f,0.000014367582617608397f,9.400358587899337e-7f,1.8827820669981958f,0.0000023910318363832993f,-2.0397708991595727e-7f,-0.000016078153630522723f,0.4981570666461552f,0f,0f,0f,1f],start_interpolation:0}
execute if entity @s[tag=aj.labyria.bone.omega_blade] run data modify entity @s {} merge value {transformation:[-1.566922424953698f,0.8389959664335359f,-0.24366587413707771f,-1.021203725965358f,0.8328617177778138f,1.5855952226385965f,0.10374162491187387f,1.8827820669981958f,0.263872410401161f,-0.022510752706727928f,-1.774372506768284f,0.4981570666461552f,0f,0f,0f,1f],start_interpolation:0}
execute if entity @s[tag=aj.labyria.bone.arm_right_2] run data modify entity @s {} merge value {transformation:[-0.9121559197217894f,0.25223214292324136f,-0.3230333174656228f,-0.740339033740087f,-0.2859742467270772f,0.17289344712820987f,0.9425107883462162f,1.9698111622619316f,0.2935818596667327f,0.9520960046216318f,-0.08557388420627238f,0.3964579071054814f,0f,0f,0f,1f],start_interpolation:0}
execute if entity @s[tag=aj.labyria.bone.arm_right_1] run data modify entity @s {} merge value {transformation:[-0.9661092526317324f,0.25223214292324136f,-0.054880397736393555f,-0.4020292940760545f,-0.010807669311961421f,0.17289344712820987f,0.9848812366088453f,1.9705160926567156f,0.2579071659791534f,0.9520960046216318f,-0.16430791739939699f,0.3067038612546508f,0f,0f,0f,1f],start_interpolation:0}
execute if entity @s[tag=aj.labyria.bone.arm_left_2] run data modify entity @s {} merge value {transformation:[-0.6915628167724637f,0.20271503103631924f,0.6932874487899515f,0.5670416635925636f,0.4694304843162266f,0.8556134343193574f,0.21808409251219463f,2.046759789610583f,-0.5489771314475391f,0.4762691121668281f,-0.6868710519038146f,0.2742767606437275f,0f,0f,0f,1f],start_interpolation:0}
execute if entity @s[tag=aj.labyria.bone.arm_left_1] run data modify entity @s {} merge value {transformation:[-0.9735495231419429f,0.20271503103631924f,-0.10539422271661561f,0.23362331305056463f,0.12374715893260393f,0.8556134343193574f,0.502605503022344f,2.0692662368050474f,0.19206240300018215f,0.4762691121668281f,-0.8580674601391298f,0.37575739725256785f,0f,0f,0f,1f],start_interpolation:0}
execute if entity @s[tag=aj.labyria.bone.himo_right_2] run data modify entity @s {} merge value {transformation:[-0.9776203446502261f,-0.1547759013903402f,0.14248818222849352f,-0.1706050461605891f,-0.1402080278899086f,0.9843008745193432f,0.10720772983175683f,1.6418329513787997f,-0.1568444153968999f,0.08483047075941536f,-0.9839733840859421f,0.4045120761245641f,0f,0f,0f,1f],start_interpolation:0}
execute if entity @s[tag=aj.labyria.bone.himo_right_1] run data modify entity @s {} merge value {transformation:[-0.9776203446502261f,-0.18638069570287236f,0.09757406415275517f,-0.20494158870392296f,-0.1402080278899086f,0.9230142332744847f,0.3583105274589874f,1.8171375609143843f,-0.1568444153968999f,0.33661099423819835f,-0.9284895626321152f,0.46182357777777555f,0f,0f,0f,1f],start_interpolation:0}
execute if entity @s[tag=aj.labyria.bone.himo_left_2] run data modify entity @s {} merge value {transformation:[-0.9810979136309823f,-0.17538717738126272f,0.08176932113676047f,0.13717428616902758f,-0.16724054349022688f,0.981065642841209f,0.0976770446402768f,1.6942818174962924f,-0.09735237276012687f,0.08215559899847716f,-0.9918533021930083f,0.4350886386698658f,0f,0f,0f,1f],start_interpolation:0}
execute if entity @s[tag=aj.labyria.bone.himo_left_1] run data modify entity @s {} merge value {transformation:[-0.9810979136309823f,-0.19057446184780127f,0.03358955731107669f,0.10165150930575906f,-0.16724054349022688f,0.9223559622829781f,0.348267252916686f,1.86940023075508f,-0.09735237276012687f,0.33606673940225373f,-0.9367932867957109f,0.4922461942653152f,0f,0f,0f,1f],start_interpolation:0}
execute if entity @s[tag=aj.labyria.bone.ribbon_left_himo_1] run data modify entity @s {} merge value {transformation:[-0.9891589048134738f,-0.12718888891373822f,-0.07340059649006545f,0.19047153787528973f,-0.14487494504993753f,0.9268960322369012f,0.3462296863647988f,2.321156936618593f,0.023998152532772737f,0.35311008476164796f,-0.9352739474157482f,0.5149618845215644f,0f,0f,0f,1f],start_interpolation:0}
execute if entity @s[tag=aj.labyria.bone.ribbon_left_himo_2] run data modify entity @s {} merge value {transformation:[-0.9891589048134738f,-0.12718888891373822f,-0.07340059649006545f,0.18035683801492366f,-0.14487494504993753f,0.9268960322369012f,0.3462296863647988f,2.369815110046549f,0.023998152532772737f,0.35311008476164796f,-0.9352739474157482f,0.3917984355537815f,0f,0f,0f,1f],start_interpolation:0}
execute if entity @s[tag=aj.labyria.bone.ribbon_left] run data modify entity @s {} merge value {transformation:[-0.9891589048134738f,-0.1255573958285413f,-0.07615774012510905f,0.17146449288179882f,-0.14487494504993753f,0.9191224952778888f,0.36636742345755124f,2.4436787634553276f,0.023998152532772737f,0.37342894776235835f,-0.9273483216397772f,0.4933187651854956f,0f,0f,0f,1f],start_interpolation:0}
execute if entity @s[tag=aj.labyria.bone.ribbon_right_himo_1] run data modify entity @s {} merge value {transformation:[-0.9891589048134738f,-0.12718888891373822f,-0.07340059649006545f,-0.40407478634915894f,-0.14487494504993753f,0.9268960322369012f,0.3462296863647988f,2.234078039959515f,0.023998152532772737f,0.35311008476164796f,-0.9352739474157482f,0.5293862740782942f,0f,0f,0f,1f],start_interpolation:0}
execute if entity @s[tag=aj.labyria.bone.ribbon_right_himo_2] run data modify entity @s {} merge value {transformation:[-0.9891589048134738f,-0.12718888891373822f,-0.07340059649006545f,-0.41418948620952495f,-0.14487494504993753f,0.9268960322369012f,0.3462296863647988f,2.282736213387471f,0.023998152532772737f,0.35311008476164796f,-0.9352739474157482f,0.40622282511051133f,0f,0f,0f,1f],start_interpolation:0}
execute if entity @s[tag=aj.labyria.bone.ribbon_right] run data modify entity @s {} merge value {transformation:[-0.9891589048134738f,-0.1255573958285413f,-0.07615774012510905f,-0.42203085000628543f,-0.14487494504993753f,0.9191224952778888f,0.36636742345755124f,2.356753796425365f,0.023998152532772737f,0.37342894776235835f,-0.9273483216397772f,0.5077176567051593f,0f,0f,0f,1f],start_interpolation:0}
execute if entity @s[tag=aj.labyria.bone.crown] run data modify entity @s {} merge value {transformation:[-0.9925678877808142f,0.09295359020254192f,-0.07854055140365707f,0.015891601653453782f,0.055943801630779f,0.9217012152970636f,0.38384523024132f,2.6836362588639595f,0.10807071391190434f,0.37659859238766924f,-0.9200512056435759f,0.6080158549632062f,0f,0f,0f,1f],start_interpolation:0}
execute if entity @s[tag=aj.labyria.bone.ear_edge_a1] run data modify entity @s {} merge value {transformation:[-0.9963912295165082f,0.0321853930811866f,-0.07854055140365707f,0.03316711576558393f,-0.00042905791769791424f,0.923397344121311f,0.38384523024132f,2.6833270947651315f,0.08487834618961582f,0.38249371934963616f,-0.9200512056435759f,0.6051058271816847f,0f,0f,0f,1f],start_interpolation:0}
execute if entity @s[tag=aj.labyria.bone.ear_edge_a2] run data modify entity @s {} merge value {transformation:[-0.989158904813474f,-0.12408079147643343f,-0.07854055140365707f,-0.08201957415075622f,-0.14487494504993753f,0.9119616710793087f,0.38384523024132f,2.6758298593033927f,0.02399815253277273f,0.39106248563217655f,-0.9200512056435759f,0.6118109410172692f,0f,0f,0f,1f],start_interpolation:0}
execute if entity @s[tag=aj.labyria.bone.ear_edge_b1] run data modify entity @s {} merge value {transformation:[-0.9897945182298449f,0.11890413561924046f,-0.07854055140365707f,-0.1035779146991691f,0.08005195615532282f,0.9199209333071479f,0.38384523024132f,2.668654475498767f,0.11789188266312284f,0.37364057996415084f,-0.9200512056435759f,0.6106577085797396f,0f,0f,0f,1f],start_interpolation:0}
execute if entity @s[tag=aj.labyria.bone.ear_edge_b2] run data modify entity @s {} merge value {transformation:[-0.978093924963525f,-0.19277877407706445f,-0.07854055140365707f,-0.07602700250995686f,-0.2081372673294776f,0.8996342129830353f,0.38384523024132f,2.6819921031807565f,-0.0033394457719674656f,0.39178390356896825f,-0.9200512056435759f,0.6138702699190667f,0f,0f,0f,1f],start_interpolation:0}
execute if entity @s[tag=aj.labyria.bone.ear_right_2] run data modify entity @s {} merge value {transformation:[-0.9962092100872662f,-0.037397747559372f,-0.07854055140365707f,-0.03431788976702551f,-0.06484095534476805f,0.9211180650334492f,0.38384523024132f,2.7978752887633433f,0.057990173713162944f,0.3874827980007883f,-0.9200512056435759f,0.6246907017348098f,0f,0f,0f,1f],start_interpolation:0}
execute if entity @s[tag=aj.labyria.bone.ear_right_1] run data modify entity @s {} merge value {transformation:[-0.9962092100872662f,-0.037397747559372f,-0.07854055140365707f,-0.025903396566166824f,-0.06484095534476805f,0.9211180650334492f,0.38384523024132f,2.5906237241308174f,0.057990173713162944f,0.3874827980007883f,-0.9200512056435759f,0.5375070721846326f,0f,0f,0f,1f],start_interpolation:0}
execute if entity @s[tag=aj.labyria.bone.ear_edge_a3] run data modify entity @s {} merge value {transformation:[-0.9575702050437394f,-0.2772916951473663f,-0.07854055140365707f,-0.35307623837023727f,-0.2857535302226712f,0.8780704750680715f,0.38384523024132f,2.6267568263946695f,-0.0374729552847292f,0.3900019956564725f,-0.9200512056435759f,0.6144765429304037f,0f,0f,0f,1f],start_interpolation:0}
execute if entity @s[tag=aj.labyria.bone.ear_edge_a4] run data modify entity @s {} merge value {transformation:[-0.9891589048134738f,-0.12408079147643342f,-0.07854055140365707f,-0.240390367710449f,-0.14487494504993753f,0.9119616710793088f,0.38384523024132f,2.6526344354914806f,0.023998152532772737f,0.3910624856321766f,-0.9200512056435759f,0.6156532017926483f,0f,0f,0f,1f],start_interpolation:0}
execute if entity @s[tag=aj.labyria.bone.ear_edge_b3] run data modify entity @s {} merge value {transformation:[-0.929758797666873f,-0.3596942589842933f,-0.07854055140365707f,-0.21776004729694376f,-0.3611950362081713f,0.8498240906443908f,0.38384523024132f,2.651931045011219f,-0.0713212729809851f,0.3852519370673876f,-0.9200512056435759f,0.6134279007311366f,0f,0f,0f,1f],start_interpolation:0}
execute if entity @s[tag=aj.labyria.bone.ear_edge_b4] run data modify entity @s {} merge value {transformation:[-0.995404801909077f,-0.05477829973228679f,-0.07854055140365707f,-0.24779286776452333f,-0.08090680660089272f,0.9198461435841505f,0.38384523024132f,2.656834800174014f,0.05121883425065914f,0.38843585057484853f,-0.9200512056435759f,0.6180375108085172f,0f,0f,0f,1f],start_interpolation:0}
execute if entity @s[tag=aj.labyria.bone.ear_left_2] run data modify entity @s {} merge value {transformation:[-0.9745805030035743f,-0.20981950564832885f,-0.07854055140365707f,-0.3204025115404092f,-0.22380634894539345f,0.8958646981507423f,0.38384523024132f,2.75597454495225f,-0.010176509078872555f,0.3916659516179191f,-0.9200512056435759f,0.6316314494318575f,0f,0f,0f,1f],start_interpolation:0}
execute if entity @s[tag=aj.labyria.bone.ear_left_1] run data modify entity @s {} merge value {transformation:[-0.9745805030035743f,-0.20981950564832885f,-0.07854055140365707f,-0.2731931227695353f,-0.22380634894539345f,0.8958646981507423f,0.38384523024132f,2.5544049878683333f,-0.010176509078872555f,0.3916659516179191f,-0.9200512056435759f,0.5435066103178258f,0f,0f,0f,1f],start_interpolation:0}
execute if entity @s[tag=aj.labyria.bone.head] run data modify entity @s {} merge value {transformation:[-0.9891589048134738f,-0.12408079147643342f,-0.07854055140365707f,-0.08350246180481462f,-0.14487494504993753f,0.9119616710793088f,0.38384523024132f,2.0931388361263883f,0.023998152532772737f,0.39106248563217655f,-0.9200512056435759f,0.3688389175411004f,0f,0f,0f,1f],start_interpolation:0}
execute if entity @s[tag=aj.labyria.bone.back_musket] run data modify entity @s {} merge value {transformation:[0.0813879099307515f,0.7587106760024629f,1.4354061302857768f,-0.1657794087932438f,0.541773073890104f,1.3421410713672048f,-0.740132367608632f,2.1200131598391043f,-1.5305275512547207f,0.5154338903236539f,-0.18566087412551896f,0.1358362712752186f,0f,0f,0f,1f],start_interpolation:0}
execute if entity @s[tag=aj.labyria.bone.body_1] run data modify entity @s {} merge value {transformation:[-0.9810979136309823f,-0.19236328945382297f,0.021053473334295636f,-0.011366228259631005f,-0.16724054349022688f,0.8976033592172616f,0.40784655219209726f,1.7565375764199151f,-0.09735237276012687f,0.39661640711447166f,-0.912807724072042f,0.22010776487317352f,0f,0f,0f,1f],start_interpolation:0}
execute if entity @s[tag=aj.labyria.bone.belt2] run data modify entity @s {} merge value {transformation:[-0.7548822401222518f,0.0906728218780431f,0.6495623472159415f,0.09359596483465686f,0.049709172429241805f,0.995458467029892f,-0.0811876751415982f,1.1472057398723978f,-0.653973854006726f,-0.028997927359907097f,-0.7559611884775692f,0.6307959469131089f,0f,0f,0f,1f],start_interpolation:0}
execute if entity @s[tag=aj.labyria.bone.leg_left_2] run data modify entity @s {} merge value {transformation:[-0.9474060226193485f,-0.04904380649201995f,0.3162539064570741f,0.07215135098833494f,-0.043538028415185046f,0.998752384304209f,0.02445638829378488f,1.2666432993472243f,-0.317058777494497f,0.009401057995307716f,-0.9483592946358801f,0.46163702953087504f,0f,0f,0f,1f],start_interpolation:0}
execute if entity @s[tag=aj.labyria.bone.leg_left_1] run data modify entity @s {} merge value {transformation:[-0.9474060226193485f,0.235708233990089f,0.216479691273477f,0.15440887610090845f,-0.043538028415185046f,0.5752118385697265f,-0.8168450164204674f,1.4505667321592512f,-0.317058777494497f,-0.7833089870533266f,-0.5346968883537537f,0.19058653529595534f,0f,0f,0f,1f],start_interpolation:0}
execute if entity @s[tag=aj.labyria.bone.belt] run data modify entity @s {} merge value {transformation:[-0.9850100777498045f,-0.1308864595136016f,-0.11235604766686191f,-0.18063028806437426f,-0.1379559935317018f,0.9887616166533735f,0.05760737176515264f,1.1939567934891038f,0.10355332239964515f,0.07224403192653212f,-0.9919967284578077f,0.19293259576176602f,0f,0f,0f,1f],start_interpolation:0}
execute if entity @s[tag=aj.labyria.bone.leg_right_2] run data modify entity @s {} merge value {transformation:[-0.9640973768069458f,-0.20474454196386604f,0.16910328373503752f,-0.0803938777925447f,0.01317167810384313f,0.5991515557161214f,0.8005272763490825f,1.095121197981198f,-0.2652220860522265f,0.7740136212102202f,-0.5749436139754465f,0.08287580793038014f,0f,0f,0f,1f],start_interpolation:0}
execute if entity @s[tag=aj.labyria.bone.leg_right_1] run data modify entity @s {} merge value {transformation:[-0.9640973768069458f,-0.03670898805848397f,0.26299942629155676f,-0.08212056156938034f,0.01317167810384313f,0.9825692521747003f,0.1854296944310136f,1.4615838323714034f,-0.2652220860522265f,0.18223642576766155f,-0.9468089195785668f,0.10735197148720473f,0f,0f,0f,1f],start_interpolation:0}
execute if entity @s[tag=aj.labyria.bone.skirt_forward_right] run data modify entity @s {} merge value {transformation:[-0.939983703238139f,0.11838374615289388f,0.3200248838661164f,0.010714635050750326f,0.07793877264175877f,0.9875827007499959f,-0.13640365427084508f,1.651768334093537f,-0.33219901469722984f,-0.10327486541337727f,-0.9375383281807941f,0.19808315262105627f,0f,0f,0f,1f],start_interpolation:0}
execute if entity @s[tag=aj.labyria.bone.skirt_forward_left] run data modify entity @s {} merge value {transformation:[-0.9405784735723927f,-0.1135614756803828f,0.3200248838661164f,0.010714635050750326f,-0.16435997699945532f,0.9769236618397049f,-0.13640365427084508f,1.651768334093537f,-0.29714968115911883f,-0.18089762347525612f,-0.9375383281807941f,0.19808315262105627f,0f,0f,0f,1f],start_interpolation:0}
execute if entity @s[tag=aj.labyria.bone.skirt_forward] run data modify entity @s {} merge value {transformation:[-0.9474060226193485f,0.002429405496235687f,0.3200248838661164f,0.010714635050750326f,-0.043538028415185046f,0.9896961570013689f,-0.13640365427084508f,1.651768334093537f,-0.317058777494497f,-0.14316289605081534f,-0.9375383281807941f,0.19808315262105627f,0f,0f,0f,1f],start_interpolation:0}
execute if entity @s[tag=aj.labyria.bone.skirt_back_right] run data modify entity @s {} merge value {transformation:[-0.9607881936209601f,-0.05029460562567707f,0.27268388225843065f,0.010714635050750326f,0.06837809603397862f,0.91006678267589f,0.4087822000194264f,1.651768334093537f,-0.26872008295127486f,0.4113987162290519f,-0.8709423708281439f,0.19808315262105627f,0f,0f,0f,1f],start_interpolation:0}
execute if entity @s[tag=aj.labyria.bone.skirt_back_left] run data modify entity @s {} merge value {transformation:[-0.9197739831895715f,-0.28223982745895376f,0.27268388225843065f,0.010714635050750326f,-0.15479930039167514f,0.8994077437655991f,0.4087822000194264f,1.651768334093537f,-0.3606286129050738f,0.333775958167173f,-0.8709423708281439f,0.19808315262105627f,0f,0f,0f,1f],start_interpolation:0}
execute if entity @s[tag=aj.labyria.bone.skirt_back] run data modify entity @s {} merge value {transformation:[-0.9474060226193485f,-0.16752709828877466f,0.27268388225843065f,0.010714635050750326f,-0.043538028415185046f,0.9115928658282688f,0.4087822000194264f,1.651768334093537f,-0.317058777494497f,0.37541059962386125f,-0.8709423708281439f,0.19808315262105627f,0f,0f,0f,1f],start_interpolation:0}
execute if entity @s[tag=aj.labyria.bone.skirt_right] run data modify entity @s {} merge value {transformation:[-0.9521038328431298f,0.020116331402824317f,0.3051124787620345f,-0.17827805453353737f,0.07716903834538f,0.9813418599492127f,0.17610534754024065f,1.6986495425805739f,-0.29587705386912055f,0.19121581295047596f,-0.9358917041364445f,0.14529072348114971f,0f,0f,0f,1f],start_interpolation:0}
execute if entity @s[tag=aj.labyria.bone.skirt_left] run data modify entity @s {} merge value {transformation:[-0.9284583439674018f,-0.21182889043045236f,0.3051124787620345f,0.1888417792314602f,-0.16359024270307654f,0.9706828210389218f,0.17610534754024065f,1.715520528591458f,-0.3334716419872281f,0.11359305488859711f,-0.9358917041364445f,0.2681509997602673f,0f,0f,0f,1f],start_interpolation:0}
execute if entity @s[tag=aj.labyria.bone.coat_downer] run data modify entity @s {} merge value {transformation:[-0.9474060226193485f,-0.08587551833706522f,0.3082972975147963f,0.022183821865638047f,-0.043538028415185046f,0.9889549489297644f,0.1416776237415264f,1.5349886309427478f,-0.317058777494497f,0.12080357750359616f,-0.9406807254727971f,0.17984798917734598f,0f,0f,0f,1f],start_interpolation:0}
execute if entity @s[tag=aj.labyria.bone.body_2] run data modify entity @s {} merge value {transformation:[-0.9474060226193485f,-0.09658262580958071f,0.3051124787620345f,-2.6344434688255202e-17f,-0.043538028415185046f,0.9834080265329593f,0.17610534754024065f,1.760865162037037f,-0.317058777494497f,0.15355927110492848f,-0.9358917041364445f,0.21511863425925926f,0f,0f,0f,1f],start_interpolation:0}
execute if entity @s[tag=aj.labyria.bone.sphere] run data modify entity @s {} merge value {transformation:[-0.9659258262890683f,3.169619151431766e-16f,-0.25881904510252063f,0.8916144188278912f,6.123233995736765e-16f,1f,-1.060575238724907e-15f,2.760865162037036f,0.25881904510252063f,-1.1829179713786698e-15f,-0.9659258262890683f,-0.20258012587160823f,0f,0f,0f,1f],start_interpolation:0}