execute if entity @s[tag=aj.labyria.bone.wing_right_1] run data modify entity @s {} merge value {transformation:[-0.009188293890247097f,0.8140766740230941f,-0.0643365254837982f,0.07479367832823898f,0.5662401596516574f,0.05271220483869668f,0.5861211048095376f,1.2009916909515512f,0.5884149057404101f,-0.038013638565443625f,-0.5650374380781895f,-0.3475098605629002f,0f,0f,0f,1f],start_interpolation:0}
execute if entity @s[tag=aj.labyria.bone.wing_right_2] run data modify entity @s {} merge value {transformation:[0.2968601918298281f,0.7402040668097616f,-0.06302353516780232f,0.07479367832823898f,0.5322218267395532f,-0.16456261290557234f,0.574159449609343f,1.2009916909515512f,0.5182798024704127f,-0.2549844817081626f,-0.5535060617908796f,-0.3475098605629002f,0f,0f,0f,1f],start_interpolation:0}
execute if entity @s[tag=aj.labyria.bone.wing_left_1] run data modify entity @s {} merge value {transformation:[0.1929047735465433f,0.7816825018589113f,-0.13676497751615369f,0.08290142981293476f,0.793382275669183f,-0.1870259140849173f,0.05010305937898456f,1.2575935908625733f,0.016636028413945f,-0.14470044295971732f,-0.8035729393218239f,-0.31967722559880657f,0f,0f,0f,1f],start_interpolation:0}
execute if entity @s[tag=aj.labyria.bone.wing_left_2] run data modify entity @s {} merge value {transformation:[-0.11844849387205497f,0.7797569880000642f,-0.1339738555260281f,0.08290142981293476f,0.7881417450036442f,0.128154943698063f,0.04908054796308692f,1.2575935908625733f,0.06930039020129976f,-0.12472108911813368f,-0.7871734915805623f,-0.31967722559880657f,0f,0f,0f,1f],start_interpolation:0}
execute if entity @s[tag=aj.labyria.bone.musket] run data modify entity @s {} merge value {transformation:[-0.000016174518483362548f,-0.0000015706248755448427f,-4.2866466402408454e-7f,0.40483041436037254f,-3.3008286209061554e-7f,0.000007354901583493468f,-0.000014493520347513206f,1.9251272991739237f,0.0000015942588240361686f,-0.000014411947275088985f,-0.0000073498148687254495f,0.2954850009058505f,0f,0f,0f,1f],start_interpolation:0}
execute if entity @s[tag=aj.labyria.bone.omega_blade] run data modify entity @s {} merge value {transformation:[-1.7850072568413995f,-0.17333293745387118f,-0.047307098311553504f,0.40483041436037254f,-0.03642768746388287f,0.8116812079070203f,-1.5994936123817876f,1.9251272991739237f,0.17594116159409684f,-1.5904912716697683f,-0.8111198420287263f,0.2954850009058505f,0f,0f,0f,1f],start_interpolation:0}
execute if entity @s[tag=aj.labyria.bone.arm_right_2] run data modify entity @s {} merge value {transformation:[0.01937446516743319f,0.9943906176698097f,-0.10398042887836838f,0.3879300192166102f,0.9217088944352763f,0.022532839598688303f,0.38722730412319856f,1.6382869868773442f,0.3873981724510017f,-0.10334200806000052f,-0.9161021151333237f,0.17615868487252345f,0f,0f,0f,1f],start_interpolation:0}
execute if entity @s[tag=aj.labyria.bone.arm_right_1] run data modify entity @s {} merge value {transformation:[0.01660320703813639f,0.9943906176698097f,-0.10445876222846165f,0.3824838151035652f,0.9316778748755672f,0.022532839598688303f,0.3625860016699024f,1.3335886311260545f,0.36290587069293234f,-0.10334200806000052f,-0.9260776200657969f,0.0573166604275942f,0f,0f,0f,1f],start_interpolation:0}
execute if entity @s[tag=aj.labyria.bone.arm_left_2] run data modify entity @s {} merge value {transformation:[-0.12343932243119315f,0.985506647795668f,0.11635884507966035f,0.24802057008131145f,-0.8845267923889201f,-0.05611260015369571f,-0.4631022885391079f,0.7658595290538341f,-0.4498611866163774f,-0.16008754871799344f,0.8786335353954842f,0.12344568379944357f,0f,0f,0f,1f],start_interpolation:0}
execute if entity @s[tag=aj.labyria.bone.arm_left_1] run data modify entity @s {} merge value {transformation:[-0.1617054346382423f,0.985506647795668f,-0.05126401817065852f,0.20129388594388195f,-0.025557976811834693f,-0.05611260015369571f,-0.9980972727771961f,0.8126145953121262f,-0.9865080548225349f,-0.16008754871799344f,0.034261268448806115f,-0.1805942404468662f,0f,0f,0f,1f],start_interpolation:0}
execute if entity @s[tag=aj.labyria.bone.himo_right_2] run data modify entity @s {} merge value {transformation:[0.9422188081598803f,0.22101012304513531f,-0.25175035861215356f,0.10858818788339412f,0.33071330136962f,-0.7334743872988623f,0.5938383917142483f,1.233391102148192f,-0.053408144013626674f,-0.6427828938981901f,-0.7641843504448953f,0.3093466594031907f,0f,0f,0f,1f],start_interpolation:0}
execute if entity @s[tag=aj.labyria.bone.himo_right_1] run data modify entity @s {} merge value {transformation:[0.7164521829805128f,0.6601727709387936f,-0.22553975705726992f,0.23096095895281f,0.664612536452457f,-0.5475959648602714f,0.5083589633900238f,1.1338941022580789f,0.21210008461263788f,-0.514111439067196f,-0.8310854242059402f,0.20775648067680438f,0f,0f,0f,1f],start_interpolation:0}
execute if entity @s[tag=aj.labyria.bone.himo_left_2] run data modify entity @s {} merge value {transformation:[0.9422188081598803f,0.22101012304513531f,-0.25175035861215356f,0.06989983488186584f,0.33071330136962f,-0.7334743872988623f,0.5938383917142483f,0.9513228900744624f,-0.053408144013626674f,-0.6427828938981901f,-0.7641843504448953f,0.18051737282766633f,0f,0f,0f,1f],start_interpolation:0}
execute if entity @s[tag=aj.labyria.bone.himo_left_1] run data modify entity @s {} merge value {transformation:[0.7164521829805128f,0.6601727709387936f,-0.22553975705726992f,0.1922726059512817f,0.664612536452457f,-0.5475959648602714f,0.5083589633900238f,0.8518258901843492f,0.21210008461263788f,-0.514111439067196f,-0.8310854242059402f,0.07892719410127998f,0f,0f,0f,1f],start_interpolation:0}
execute if entity @s[tag=aj.labyria.bone.ribbon_left_himo_1] run data modify entity @s {} merge value {transformation:[-0.43411454265202176f,0.4838093908893035f,-0.7599164672155396f,0.5867707672134682f,0.7594030981577231f,0.6503194344706369f,-0.019788068582921647f,0.7231451625235612f,0.4846147937965547f,-0.5856732078873945f,-0.64971947423208f,-0.16502914671191915f,0f,0f,0f,1f],start_interpolation:0}
execute if entity @s[tag=aj.labyria.bone.ribbon_left_himo_2] run data modify entity @s {} merge value {transformation:[-0.43411454265202176f,0.4838093908893035f,-0.7599164672155396f,0.5381047004963413f,0.7594030981577231f,0.6503194344706369f,-0.019788068582921647f,0.7686447608957747f,0.4846147937965547f,-0.5856732078873945f,-0.64971947423208f,-0.27992283955230707f,0f,0f,0f,1f],start_interpolation:0}
execute if entity @s[tag=aj.labyria.bone.ribbon_left] run data modify entity @s {} merge value {transformation:[-0.14603282603327344f,0.9189155420651862f,-0.36642685528189656f,0.6606077320626154f,0.8970512166229583f,0.279167490536076f,0.3425852112731373f,0.7762192358582083f,0.41710134077464406f,-0.2786749697745275f,-0.8650819225629208f,-0.2520494649538385f,0f,0f,0f,1f],start_interpolation:0}
execute if entity @s[tag=aj.labyria.bone.ribbon_right_himo_1] run data modify entity @s {} merge value {transformation:[0.6848365002053196f,0.6097778416134124f,0.39896109066401064f,0.6385436939620363f,0.6905546564879036f,-0.7178899254774894f,-0.08813808087766561f,1.3474931893055604f,0.23266549892367314f,0.33586461375859933f,-0.9127221520459466f,0.04854004153024842f,0f,0f,0f,1f],start_interpolation:0}
execute if entity @s[tag=aj.labyria.bone.ribbon_right_himo_2] run data modify entity @s {} merge value {transformation:[0.6848365002053196f,0.6097778416134124f,0.39896109066401064f,0.6380031916040632f,0.6905546564879036f,-0.7178899254774894f,-0.08813808087766561f,1.3903795956924865f,0.23266549892367314f,0.33586461375859933f,-0.9127221520459466f,-0.07715651435202878f,0f,0f,0f,1f],start_interpolation:0}
execute if entity @s[tag=aj.labyria.bone.ribbon_right] run data modify entity @s {} merge value {transformation:[0.40150355775735264f,0.9158484213757743f,-0.004069664812973495f,0.7359797952051721f,0.8673202886052217f,-0.3787941764358377f,0.3229094127956787f,1.3279761389829834f,0.29419451062510027f,-0.13317898093091704f,-0.9464211266430284f,-0.02870360770147802f,0f,0f,0f,1f],start_interpolation:0}
execute if entity @s[tag=aj.labyria.bone.crown] run data modify entity @s {} merge value {transformation:[0.33374581074267706f,0.9250367506233999f,-0.1814407446187722f,0.9478826648510018f,0.8878719154111174f,-0.24380487347654115f,0.39018283597985315f,0.8721657639682177f,0.3166973249585571f,-0.29131802839026144f,-0.9026830067631183f,-0.28538806671057415f,0f,0f,0f,1f],start_interpolation:0}
execute if entity @s[tag=aj.labyria.bone.ear_edge_a1] run data modify entity @s {} merge value {transformation:[0.27665116488815633f,0.9436860649380232f,-0.1814407446187722f,0.9463046732675725f,0.9010997867705359f,-0.1891468445119115f,0.39018283597985315f,0.8597444859059374f,0.33389116078165343f,-0.27144075238065346f,-0.9026830067631183f,-0.2733713981948332f,0f,0f,0f,1f],start_interpolation:0}
execute if entity @s[tag=aj.labyria.bone.ear_edge_a2] run data modify entity @s {} merge value {transformation:[0.12562010523759476f,0.975345500503427f,-0.1814407446187722f,0.970603156519776f,0.9195948385412918f,-0.045855069893461484f,0.39018283597985315f,0.9652059292973942f,0.3722430954206009f,-0.21586678117020364f,-0.9026830067631183f,-0.23266994497221571f,0f,0f,0f,1f],start_interpolation:0}
execute if entity @s[tag=aj.labyria.bone.ear_edge_b1] run data modify entity @s {} merge value {transformation:[0.35784608359277487f,0.9159833167964894f,-0.1814407446187722f,0.9691958824720803f,0.881185596310599f,-0.2669631048692925f,0.39018283597985315f,0.9859445226926485f,0.3089629837246627f,-0.2995083704824441f,-0.9026830067631183f,-0.22342286712345727f,0f,0f,0f,1f],start_interpolation:0}
execute if entity @s[tag=aj.labyria.bone.ear_edge_b2] run data modify entity @s {} merge value {transformation:[0.05727743817756237f,0.9817324234576347f,-0.1814407446187722f,0.9752940093853366f,0.9205534397123385f,0.018404323962069993f,0.39018283597985315f,0.958718882306391f,0.38639443540195706f,-0.18937457482856046f,-0.9026830067631183f,-0.23641682643953932f,0f,0f,0f,1f],start_interpolation:0}
execute if entity @s[tag=aj.labyria.bone.ear_right_2] run data modify entity @s {} merge value {transformation:[0.2101490443433816f,0.9606855028331324f,-0.1814407446187722f,1.0645198686529913f,0.9120989698720592f,-0.12582854868847182f,0.39018283597985315f,0.9129698045647819f,0.35201256841182704f,-0.24748846635995778f,-0.9026830067631183f,-0.308745330191455f,0f,0f,0f,1f],start_interpolation:0}
execute if entity @s[tag=aj.labyria.bone.ear_right_1] run data modify entity @s {} merge value {transformation:[0.2101490443433816f,0.9606855028331324f,-0.1814407446187722f,0.8483656305155368f,0.9120989698720592f,-0.12582854868847182f,0.39018283597985315f,0.941281228019688f,0.35201256841182704f,-0.24748846635995778f,-0.9026830067631183f,-0.25306042526046457f,0f,0f,0f,1f],start_interpolation:0}
execute if entity @s[tag=aj.labyria.bone.ear_edge_a3] run data modify entity @s {} merge value {transformation:[-0.02850413831314333f,0.9829886928603044f,-0.1814407446187722f,0.9953563782643675f,0.915446413426868f,0.09856580873001744f,0.39018283597985315f,1.2188247036098414f,0.40142916964628816f,-0.15497745338657085f,-0.9026830067631183f,-0.1280191994434451f,0f,0f,0f,1f],start_interpolation:0}
execute if entity @s[tag=aj.labyria.bone.ear_edge_a4] run data modify entity @s {} merge value {transformation:[0.12562010523759476f,0.975345500503427f,-0.1814407446187722f,0.9907157548664304f,0.9195948385412918f,-0.04585506989346147f,0.39018283597985315f,1.112439062037219f,0.37224309542060086f,-0.21586678117020364f,-0.9026830067631183f,-0.173071397022032f,0f,0f,0f,1f],start_interpolation:0}
execute if entity @s[tag=aj.labyria.bone.ear_edge_b3] run data modify entity @s {} merge value {transformation:[-0.11406878110001664f,0.9767638247655067f,-0.1814407446187722f,0.9836966582760348f,0.9033722871735619f,0.17797714817786692f,0.39018283597985315f,1.092096627556276f,0.41340878552005134f,-0.1194008599463646f,-0.9026830067631183f,-0.18045352188166713f,0f,0f,0f,1f],start_interpolation:0}
execute if entity @s[tag=aj.labyria.bone.ear_edge_b4] run data modify entity @s {} merge value {transformation:[0.19335076377219843f,0.9642067923121537f,-0.1814407446187722f,0.9971077401868339f,0.9141560637542219f,-0.1098910624578075f,0.39018283597985315f,1.1184050584678076f,0.3562782244961007f,-0.2413073062528386f,-0.9026830067631183f,-0.17177740697031393f,0f,0f,0f,1f],start_interpolation:0}
execute if entity @s[tag=aj.labyria.bone.ear_left_2] run data modify entity @s {} merge value {transformation:[0.0401351212794564f,0.9825825299851755f,-0.1814407446187722f,1.1008517260715995f,0.92009203522268f,0.034467393671486345f,0.39018283597985315f,1.1789351012310954f,0.3896406277066976f,-0.18260221943181806f,-0.9026830067631183f,-0.20108515077747333f,0f,0f,0f,1f],start_interpolation:0}
execute if entity @s[tag=aj.labyria.bone.ear_left_1] run data modify entity @s {} merge value {transformation:[0.0401351212794564f,0.9825825299851755f,-0.1814407446187722f,0.8797706568249355f,0.92009203522268f,0.034467393671486345f,0.39018283597985315f,1.171179937655011f,0.3896406277066976f,-0.18260221943181806f,-0.9026830067631183f,-0.15999965140531433f,0f,0f,0f,1f],start_interpolation:0}
execute if entity @s[tag=aj.labyria.bone.head] run data modify entity @s {} merge value {transformation:[0.12562010523759476f,0.975345500503427f,-0.1814407446187722f,0.36987359793156627f,0.9195948385412918f,-0.04585506989346147f,0.39018283597985315f,1.0675380925333782f,0.37224309542060086f,-0.21586678117020364f,-0.9026830067631183f,-0.0676894690218126f,0f,0f,0f,1f],start_interpolation:0}
execute if entity @s[tag=aj.labyria.bone.back_musket] run data modify entity @s {} merge value {transformation:[-0.3488034765415348f,1.1042132852914932f,-1.1409232208888138f,0.301470752206132f,0.679490134550355f,-0.9519444258606427f,-1.1290489837675735f,1.2544835552667737f,-1.435021230653497f,-0.7191463490024944f,-0.2572921236942584f,-0.21653302147779005f,0f,0f,0f,1f],start_interpolation:0}
execute if entity @s[tag=aj.labyria.bone.body_1] run data modify entity @s {} merge value {transformation:[0.12380272960489054f,0.9836382252419322f,-0.13087675876670934f,0.0010092634658416927f,0.9026182786359346f,-0.0568349189899909f,0.42667321811393694f,1.0888511871546247f,0.4122537170416782f,-0.1709550637632656f,-0.8948861597762123f,-0.0035813201105879995f,0f,0f,0f,1f],start_interpolation:0}
execute if entity @s[tag=aj.labyria.bone.belt2] run data modify entity @s {} merge value {transformation:[0.07912782726440268f,0.9717086959009031f,-0.22253313744919095f,-0.7799213040628508f,0.9694021238204871f,-0.12704321489310436f,-0.21004652789787637f,0.8647896821373163f,-0.23237536290395247f,-0.1991035706866911f,-0.9520291271043471f,0.36875191772612287f,0f,0f,0f,1f],start_interpolation:0}
execute if entity @s[tag=aj.labyria.bone.leg_left_2] run data modify entity @s {} merge value {transformation:[0.03899501516563118f,0.9945894444475778f,-0.09628720468312613f,-0.6742078657252657f,0.9856294790241449f,-0.02243511903748323f,0.16742519378028667f,0.9561000453357513f,0.16435911556961075f,-0.10143225535909162f,-0.9811715337808891f,0.21439185834007102f,0f,0f,0f,1f],start_interpolation:0}
execute if entity @s[tag=aj.labyria.bone.leg_left_1] run data modify entity @s {} merge value {transformation:[0.03899501516563118f,0.913877485714354f,-0.4041130162425385f,-0.3400569171823768f,0.9856294790241449f,0.03134276915311326f,0.16598843604422336f,0.9675810987664986f,0.16435911556961075f,-0.4047784232468727f,-0.8995223783780757f,0.06626325632575485f,0f,0f,0f,1f],start_interpolation:0}
execute if entity @s[tag=aj.labyria.bone.belt] run data modify entity @s {} merge value {transformation:[0.17533515309037423f,0.9461585832854494f,-0.27210571358581515f,-0.4634947070163975f,0.501043261512265f,0.15215994934563176f,0.8519407255838205f,1.1546880393726886f,0.84747462155744f,-0.28571189175532247f,-0.4473873944644257f,0.3842086323817115f,0f,0f,0f,1f],start_interpolation:0}
execute if entity @s[tag=aj.labyria.bone.leg_right_2] run data modify entity @s {} merge value {transformation:[0.1736862857904009f,0.9840084040073533f,-0.03950360706613354f,-0.6799966479684381f,0.7964846015369254f,-0.11676920888402005f,0.5932766903993154f,1.1966779077345697f,0.5791764443094174f,-0.13450803953481907f,-0.8040287517605318f,0.2726867184381234f,0f,0f,0f,1f],start_interpolation:0}
execute if entity @s[tag=aj.labyria.bone.leg_right_1] run data modify entity @s {} merge value {transformation:[0.1736862857904009f,0.9547691674882564f,-0.24134811153625452f,-0.28049671830161993f,0.7964846015369254f,0.007941420553553598f,0.6046066600312608f,1.196524174488098f,0.5791764443094174f,-0.29724193959361217f,-0.7590796240867796f,0.1530941254134096f,0f,0f,0f,1f],start_interpolation:0}
execute if entity @s[tag=aj.labyria.bone.skirt_forward_right] run data modify entity @s {} merge value {transformation:[0.3414832901326114f,0.6702660378616281f,-0.658887396335277f,-0.12877538541962122f,0.9253123344095368f,-0.11676708262719718f,0.3607804487556204f,1.0859686434633067f,0.16488252287546967f,-0.732877129472606f,-0.660079439723896f,0.04500647339529575f,0f,0f,0f,1f],start_interpolation:0}
execute if entity @s[tag=aj.labyria.bone.skirt_forward_left] run data modify entity @s {} merge value {transformation:[-0.11898554009018135f,0.742771728191082f,-0.658887396335277f,-0.12877538541962122f,0.8164525031650812f,0.45082455331444204f,0.3607804487556204f,1.0859686434633067f,0.5650201335571331f,-0.4950226074926943f,-0.660079439723896f,0.04500647339529575f,0f,0f,0f,1f],start_interpolation:0}
execute if entity @s[tag=aj.labyria.bone.skirt_forward] run data modify entity @s {} merge value {transformation:[0.11700675611272876f,0.7430860098094265f,-0.658887396335277f,-0.12877538541962122f,0.9159564692989293f,0.17567360116173603f,0.3607804487556204f,1.0859686434633067f,0.38384002575736625f,-0.6457259231906142f,-0.660079439723896f,0.04500647339529575f,0f,0f,0f,1f],start_interpolation:0}
execute if entity @s[tag=aj.labyria.bone.skirt_back_right] run data modify entity @s {} merge value {transformation:[0.4174520585655454f,0.9033909136199071f,0.0980746449821624f,-0.12877538541962122f,0.8257845103754948f,-0.42218748223405966f,0.37394875620700996f,1.0859686434633067f,0.379227795952897f,-0.07511715538979578f,-0.9222492568404987f,0.04500647339529575f,0f,0f,0f,1f],start_interpolation:0}
execute if entity @s[tag=aj.labyria.bone.skirt_back_left] run data modify entity @s {} merge value {transformation:[-0.1949543085231153f,0.975896603949361f,0.0980746449821624f,-0.12877538541962122f,0.9159803271991231f,0.1454041537075795f,0.37394875620700996f,1.0859686434633067f,0.35067486047970575f,0.16273736659011584f,-0.9222492568404987f,0.04500647339529575f,0f,0f,0f,1f],start_interpolation:0}
execute if entity @s[tag=aj.labyria.bone.skirt_back] run data modify entity @s {} merge value {transformation:[0.11700675611272876f,0.9882766733236186f,0.0980746449821624f,-0.12877538541962122f,0.9159564692989293f,-0.14555436812638f,0.37394875620700996f,1.0859686434633067f,0.38384002575736625f,0.04607757462943585f,-0.9222492568404987f,0.04500647339529575f,0f,0f,0f,1f],start_interpolation:0}
execute if entity @s[tag=aj.labyria.bone.skirt_right] run data modify entity @s {} merge value {transformation:[0.40368998405243856f,0.8611593232279092f,-0.308932058539399f,-0.02092524953036852f,0.8763559797485165f,-0.2669991363165244f,0.4008885854763736f,1.2650295076235416f,0.26274435014812225f,-0.4325691635147827f,-0.8624669995085964f,0.08960538799176022f,0f,0f,0f,1f],start_interpolation:0}
execute if entity @s[tag=aj.labyria.bone.skirt_left] run data modify entity @s {} merge value {transformation:[-0.18119223401000845f,0.9336650135573631f,-0.308932058539399f,-0.06626536752405092f,0.8654088578261014f,0.3005924996251148f,0.4008885854763736f,0.9100963757702065f,0.4671583062844805f,-0.19471464153487106f,-0.8624669995085964f,-0.05913262198921921f,0f,0f,0f,1f],start_interpolation:0}
execute if entity @s[tag=aj.labyria.bone.coat_downer] run data modify entity @s {} merge value {transformation:[0.11700675611272876f,0.9325027657824372f,-0.3416840804487107f,-0.21679268589309011f,0.9159564692989293f,0.03164607164300248f,0.40002783965494887f,1.0843212414910655f,0.38384002575736625f,-0.3597737038162605f,-0.8504291367709088f,0.07576816189016357f,0f,0f,0f,1f],start_interpolation:0}
execute if entity @s[tag=aj.labyria.bone.body_2] run data modify entity @s {} merge value {transformation:[0.11700675611272876f,0.9438593127318208f,-0.308932058539399f,0f,0.9159564692989293f,0.017666023440259332f,0.4008885854763736f,1.08837890625f,0.38384002575736625f,-0.32987499054220865f,-0.8624669995085964f,0f,0f,0f,0f,1f],start_interpolation:0}
execute if entity @s[tag=aj.labyria.bone.sphere] run data modify entity @s {} merge value {transformation:[-0.8660254037844387f,-1.1030484393652979e-16f,-0.5f,1.69593505859375f,-0.45035370203608216f,-0.4344262563998438f,0.7800354933032297f,1.5014910531997705f,-0.21721312819992197f,0.9007074040721644f,0.3762241741132368f,0.20697595072756264f,0f,0f,0f,1f],start_interpolation:0}