execute if entity @s[tag=aj.labyria.bone.wing_right_1] run data modify entity @s {} merge value {transformation:[-0.6452710856866926f,-0.262960186550205f,-0.4259361580221185f,-0.0699919714954262f,-0.47090090561365305f,0.5545644864008573f,0.3710188835620624f,1.9037638419064047f,0.16977045536076948f,0.5387528330847822f,-0.5898032059714172f,0.08371025288556122f,0f,0f,0f,1f],start_interpolation:0}
execute if entity @s[tag=aj.labyria.bone.wing_right_2] run data modify entity @s {} merge value {transformation:[-0.6825631893077572f,0.003909570276683094f,-0.4172435833686059f,-0.0699919714954262f,-0.21828545379313f,0.6784229420154592f,0.3634470696118163f,1.9037638419064047f,0.3556106765331299f,0.42394224489585935f,-0.5777664058495516f,0.08371025288556122f,0f,0f,0f,1f],start_interpolation:0}
execute if entity @s[tag=aj.labyria.bone.wing_left_1] run data modify entity @s {} merge value {transformation:[-0.8095615015566491f,-0.006433949005302054f,0.1072996921802916f,-0.1294941372152632f,0.06396617274355139f,0.626318059193248f,0.5201715696934903f,1.8871203475794904f,-0.08638835793282744f,0.5240503196001741f,-0.6203650204396355f,0.08712055275286487f,0f,0f,0f,1f],start_interpolation:0}
execute if entity @s[tag=aj.labyria.bone.wing_left_2] run data modify entity @s {} merge value {transformation:[-0.730261357624439f,-0.30930609102911455f,0.10510990254395913f,-0.1294941372152632f,-0.1768991087740067f,0.59081263373544f,0.509555823373215f,1.8871203475794904f,-0.27463622280295374f,0.44189384909826707f,-0.6077045098184185f,0.08712055275286487f,0f,0f,0f,1f],start_interpolation:0}
execute if entity @s[tag=aj.labyria.bone.musket] run data modify entity @s {} merge value {transformation:[-0.00001529029813354374f,0.000003870847068041242f,-0.000003935605420476676f,-0.8257107272629568f,0.0000028353404264099454f,0.000015451288871216506f,0.000004181408966734368f,1.3888248491302881f,0.000004736379600096929f,0.0000032465180203654544f,-0.000015208303425751605f,0.8378038717289749f,0f,0f,0f,1f],start_interpolation:0}
execute if entity @s[tag=aj.labyria.bone.omega_blade] run data modify entity @s {} merge value {transformation:[-1.6874253880088326f,0.4271836663134127f,-0.43433034762928885f,-0.8257107272629568f,0.3129059601968057f,1.7051922003764297f,0.46145703546723904f,1.3888248491302881f,0.5227031621389553f,0.3582831990812975f,-1.6783765159461432f,0.8378038717289749f,0f,0f,0f,1f],start_interpolation:0}
execute if entity @s[tag=aj.labyria.bone.arm_right_2] run data modify entity @s {} merge value {transformation:[-0.6508851207850423f,0.7206524298305569f,-0.23876481089129348f,-0.6312082709701294f,-0.5654501305979388f,-0.2503340743749364f,0.785874672586932f,1.5673825280515605f,0.5065715244142871f,0.6465237246893247f,0.5704317347995524f,0.673220435117618f,0f,0f,0f,1f],start_interpolation:0}
execute if entity @s[tag=aj.labyria.bone.arm_right_1] run data modify entity @s {} merge value {transformation:[-0.6787451601886224f,0.7206524298305569f,-0.14129785171698678f,-0.40060583650171494f,-0.44480636210030416f,-0.2503340743749364f,0.8599303177827473f,1.7169687297905054f,0.5843392060743609f,0.6465237246893247f,0.49046382706396136f,0.4740975314147633f,0f,0f,0f,1f],start_interpolation:0}
execute if entity @s[tag=aj.labyria.bone.arm_left_2] run data modify entity @s {} merge value {transformation:[-0.7060288240749748f,-0.0737583411493816f,0.7043316027882037f,0.5395616677581192f,0.4570251615216161f,0.7122784601710835f,0.5327169951413704f,2.01248737033546f,-0.5409725513475235f,0.6980108181734731f,-0.46917970587116115f,0.34017292574038976f,0f,0f,0f,1f],start_interpolation:0}
execute if entity @s[tag=aj.labyria.bone.arm_left_1] run data modify entity @s {} merge value {transformation:[-0.9428073209204486f,-0.0737583411493816f,-0.3250754723594165f,0.249235318728413f,-0.2779501021459096f,0.7122784601710835f,0.6445177545214628f,1.8822618588818336f,0.18400569647672527f,0.6980108181734731f,-0.692042485239825f,0.44238170964359724f,0f,0f,0f,1f],start_interpolation:0}
execute if entity @s[tag=aj.labyria.bone.himo_right_2] run data modify entity @s {} merge value {transformation:[-0.9771531537615497f,-0.20818783684743122f,-0.042773107002467996f,-0.11262392366938287f,-0.21144242190723883f,0.9318408767042561f,0.29489774960322235f,1.432483604364599f,-0.021536395052525636f,0.29720431539907194f,-0.954570991910141f,0.4585645542846039f,0f,0f,0f,1f],start_interpolation:0}
execute if entity @s[tag=aj.labyria.bone.himo_right_1] run data modify entity @s {} merge value {transformation:[-0.9771531537615497f,-0.18361495433655575f,-0.10703860349351427f,-0.14772071887932153f,-0.21144242190723883f,0.788806888620067f,0.5771271910796879f,1.5839919409251095f,-0.021536395052525636f,0.5865741564452989f,-0.8096091295672422f,0.5634871515583022f,0f,0f,0f,1f],start_interpolation:0}
execute if entity @s[tag=aj.labyria.bone.himo_left_2] run data modify entity @s {} merge value {transformation:[-0.9615722832510112f,-0.24128656004433f,-0.1309944274593814f,0.189052542030883f,-0.26896370321308594f,0.9236391844718816f,0.2730369631790179f,1.5168284299987111f,0.055111436538528374f,0.29777752240572364f,-0.9530431662377987f,0.4413217062149202f,0f,0f,0f,1f],start_interpolation:0}
execute if entity @s[tag=aj.labyria.bone.himo_left_1] run data modify entity @s {} merge value {transformation:[-0.9615722832510112f,-0.18679655914291657f,-0.20121080879466707f,0.15277061963661948f,-0.26896370321308594f,0.7880185034224996f,0.5537918062030777f,1.668043098179199f,0.055111436538528374f,0.5866292557963086f,-0.8079782458745587f,0.546264827640012f,0f,0f,0f,1f],start_interpolation:0}
execute if entity @s[tag=aj.labyria.bone.ribbon_left_himo_1] run data modify entity @s {} merge value {transformation:[-0.9950669225320493f,-0.05314632067788021f,-0.08376925618030064f,0.2209461537513974f,-0.08736401495419933f,0.8695177559658844f,0.48611356795622906f,2.0716750217590283f,0.04700370808435596f,0.4910339506169171f,-0.8698714334704087f,0.679530124888582f,0f,0f,0f,1f],start_interpolation:0}
execute if entity @s[tag=aj.labyria.bone.ribbon_left_himo_2] run data modify entity @s {} merge value {transformation:[-0.9950669225320493f,-0.05314632067788021f,-0.08376925618030064f,0.2096431356172321f,-0.08736401495419933f,0.8695177559658844f,0.48611356795622906f,2.139178273919736f,0.04700370808435596f,0.4910339506169171f,-0.8698714334704087f,0.5657113527767874f,0f,0f,0f,1f],start_interpolation:0}
execute if entity @s[tag=aj.labyria.bone.ribbon_left] run data modify entity @s {} merge value {transformation:[-0.9950669225320493f,-0.05097985317298333f,-0.08510507771606801f,0.20931540879250535f,-0.08736401495419933f,0.8567610658372564f,0.5082597809747403f,2.1969824514874263f,0.04700370808435596f,0.5131876173836132f,-0.8569884017829243f,0.6775141258919561f,0f,0f,0f,1f],start_interpolation:0}
execute if entity @s[tag=aj.labyria.bone.ribbon_right_himo_1] run data modify entity @s {} merge value {transformation:[-0.9950669225320493f,-0.05314632067788021f,-0.08376925618030064f,-0.3771512583730226f,-0.08736401495419933f,0.8695177559658844f,0.48611356795622906f,2.01916378852062f,0.04700370808435596f,0.4910339506169171f,-0.8698714334704087f,0.7077822911790353f,0f,0f,0f,1f],start_interpolation:0}
execute if entity @s[tag=aj.labyria.bone.ribbon_right_himo_2] run data modify entity @s {} merge value {transformation:[-0.9950669225320493f,-0.05314632067788021f,-0.08376925618030064f,-0.3884542765071879f,-0.08736401495419933f,0.8695177559658844f,0.48611356795622906f,2.086667040681328f,0.04700370808435596f,0.4910339506169171f,-0.8698714334704087f,0.5939635190672407f,0f,0f,0f,1f],start_interpolation:0}
execute if entity @s[tag=aj.labyria.bone.ribbon_right] run data modify entity @s {} merge value {transformation:[-0.9950669225320493f,-0.05097985317298333f,-0.08510507771606801f,-0.38772474472672425f,-0.08736401495419933f,0.8567610658372564f,0.5082597809747403f,2.144564042514907f,0.04700370808435596f,0.5131876173836132f,-0.8569884017829243f,0.7057163507425698f,0f,0f,0f,1f],start_interpolation:0}
execute if entity @s[tag=aj.labyria.bone.crown] run data modify entity @s {} merge value {transformation:[-0.9820976589180123f,0.16747811950415942f,-0.08622799913665218f,0.07812577791080383f,0.09762778507728133f,0.8440120012473964f,0.5273637808299589f,2.4292502669905924f,0.16109936042288972f,0.5095044859838974f,-0.8452527283798735f,0.8282870526727324f,0f,0f,0f,1f],start_interpolation:0}
execute if entity @s[tag=aj.labyria.bone.ear_edge_a1] run data modify entity @s {} merge value {transformation:[-0.9904901434144908f,0.10721011129381086f,-0.08622799913665218f,0.09136279204158529f,0.0459199895524402f,0.8483977824276975f,0.5273637808299589f,2.423982924720536f,0.12969437288581784f,0.5183890380863913f,-0.8452527283798735f,0.8311754411280718f,0f,0f,0f,1f],start_interpolation:0}
execute if entity @s[tag=aj.labyria.bone.ear_edge_a2] run data modify entity @s {} merge value {transformation:[-0.9950669225320493f,-0.04905661879386334f,-0.08622799913665218f,-0.023748365662355053f,-0.08736401495419933f,0.8451360668908963f,0.5273637808299589f,2.422436659238846f,0.047003708084355965f,0.5322954786513786f,-0.8452527283798735f,0.8419537090834863f,0f,0f,0f,1f],start_interpolation:0}
execute if entity @s[tag=aj.labyria.bone.ear_edge_b1] run data modify entity @s {} merge value {transformation:[-0.9773770525017773f,0.19312904858624474f,-0.08622799913665218f,-0.045762751337293385f,0.11968798900152136f,0.841167181930859f,0.5273637808299589f,2.4168345328722465f,0.17438142828784908f,0.5051128018914878f,-0.8452527283798735f,0.8407042577928305f,0f,0f,0f,1f],start_interpolation:0}
execute if entity @s[tag=aj.labyria.bone.ear_edge_b2] run data modify entity @s {} merge value {transformation:[-0.9892209727797803f,-0.11834947899131298f,-0.08622799913665218f,-0.01728954183930058f,-0.14610491246495907f,0.8369831522930062f,0.5273637808299589f,2.427829830810622f,0.009758153833199085f,0.5342776465473239f,-0.8452527283798735f,0.8446596830708197f,0f,0f,0f,1f],start_interpolation:0}
execute if entity @s[tag=aj.labyria.bone.ear_right_2] run data modify entity @s {} merge value {transformation:[-0.9955559585205651f,0.03785585316815266f,-0.08622799913665218f,0.03237855886878561f,-0.013373106868670756f,0.8495343446155724f,0.5273637808299589f,2.537875527767838f,0.09321745258736866f,0.5261732905607251f,-0.8452527283798735f,0.8712805186043273f,0f,0f,0f,1f],start_interpolation:0}
execute if entity @s[tag=aj.labyria.bone.ear_right_1] run data modify entity @s {} merge value {transformation:[-0.9955559585205651f,0.03785585316815266f,-0.08622799913665218f,0.02386099190595127f,-0.013373106868670756f,0.8495343446155724f,0.5273637808299589f,2.3467303002293343f,0.09321745258736866f,0.5261732905607251f,-0.8452527283798735f,0.7528915282281643f,0f,0f,0f,1f],start_interpolation:0}
execute if entity @s[tag=aj.labyria.bone.ear_edge_a3] run data modify entity @s {} merge value {transformation:[-0.9751418515790896f,-0.2041154121172491f,-0.08622799913665218f,-0.2971875044558849f,-0.21849682746812407f,0.8210642965414437f,0.5273637808299589f,2.389869325780591f,-0.03684434400650625f,0.533095037944558f,-0.8452527283798735f,0.8495292867831804f,0f,0f,0f,1f],start_interpolation:0}
execute if entity @s[tag=aj.labyria.bone.ear_edge_a4] run data modify entity @s {} merge value {transformation:[-0.9950669225320493f,-0.04905661879386333f,-0.08622799913665218f,-0.1830650714004677f,-0.08736401495419935f,0.8451360668908963f,0.5273637808299589f,2.4084491105148453f,0.04700370808435595f,0.5322954786513786f,-0.8452527283798735f,0.8494793093822285f,0f,0f,0f,1f],start_interpolation:0}
execute if entity @s[tag=aj.labyria.bone.ear_edge_b3] run data modify entity @s {} merge value {transformation:[-0.9536413120811339f,-0.2883279037087174f,-0.08622799913665218f,-0.16062686744575538f,-0.28922584968226506f,0.7988966457210238f,0.5273637808299589f,2.4067497937153406f,-0.08316643414109888f,0.5278552542114494f,-0.8452527283798735f,0.8461300630936351f,0f,0f,0f,1f],start_interpolation:0}
execute if entity @s[tag=aj.labyria.bone.ear_edge_b4] run data modify entity @s {} merge value {transformation:[-0.9960650062615196f,0.020475240319195953f,-0.08622799913665218f,-0.19008132494228575f,-0.028197488744382798f,0.8491715635236743f,0.5273637808299589f,2.412659209035195f,0.08402026499452207f,0.5277200206895982f,-0.8452527283798735f,0.8528218019679902f,0f,0f,0f,1f],start_interpolation:0}
execute if entity @s[tag=aj.labyria.bone.ear_left_2] run data modify entity @s {} merge value {transformation:[-0.9870048264252294f,-0.13559574026566173f,-0.08622799913665218f,-0.2554147802868349f,-0.16069003013409194f,0.8343057933900709f,0.5273637808299589f,2.51260810000355f,0.0004322369812063895f,0.5343665767406974f,-0.8452527283798735f,0.8848749350159101f,0f,0f,0f,1f],start_interpolation:0}
execute if entity @s[tag=aj.labyria.bone.ear_left_1] run data modify entity @s {} merge value {transformation:[-0.9870048264252294f,-0.13559574026566173f,-0.08622799913665218f,-0.22490573872706107f,-0.16069003013409194f,0.8343057933900709f,0.5273637808299589f,2.3248892964907846f,0.0004322369812063895f,0.5343665767406974f,-0.8452527283798735f,0.7646424552492533f,0f,0f,0f,1f],start_interpolation:0}
execute if entity @s[tag=aj.labyria.bone.head] run data modify entity @s {} merge value {transformation:[-0.9950669225320493f,-0.04905661879386333f,-0.08622799913665218f,-0.07268623130567956f,-0.08736401495419933f,0.8451360668908963f,0.5273637808299589f,1.8861974459275386f,0.04700370808435596f,0.5322954786513786f,-0.8452527283798735f,0.5123797066917483f,0f,0f,0f,1f],start_interpolation:0}
execute if entity @s[tag=aj.labyria.bone.back_musket] run data modify entity @s {} merge value {transformation:[-0.2907747129031466f,0.7333458688518416f,1.4213762850135887f,-0.2043839628771376f,0.8404955035111957f,1.2991784381103022f,-0.49835663450157563f,1.9479861006377512f,-1.3607622920769642f,0.6457521685695014f,-0.6115445706358879f,0.3108360933082164f,0f,0f,0f,1f],start_interpolation:0}
execute if entity @s[tag=aj.labyria.bone.body_1] run data modify entity @s {} merge value {transformation:[-0.9615722832510112f,-0.1798960191643134f,-0.20740339045509884f,-0.005225224119062035f,-0.26896370321308594f,0.7688699876012026f,0.580084018500794f,1.5978712005770876f,0.055111436538528374f,0.6135766981029833f,-0.7877095690085909f,0.28228844490312954f,0f,0f,0f,1f],start_interpolation:0}
execute if entity @s[tag=aj.labyria.bone.belt2] run data modify entity @s {} merge value {transformation:[-0.8539388074699711f,0.04904695565636337f,0.5180568590778493f,0.17184953497471972f,0.06492184262426964f,0.9978114782960189f,0.012546239714876659f,1.0800266990510885f,-0.5163077255349113f,0.04434692685582976f,-0.8552541625922729f,0.638262153448456f,0f,0f,0f,1f],start_interpolation:0}
execute if entity @s[tag=aj.labyria.bone.leg_left_2] run data modify entity @s {} merge value {transformation:[-0.9846331507405117f,-0.08242138499640264f,0.1539619230786872f,0.11847312997499367f,-0.06470524137079198f,0.9910528494604355f,0.11673680360322958f,1.2115423453944039f,-0.16220601160857254f,0.1049807833445065f,-0.9811565853248977f,0.4859646302825975f,0f,0f,0f,1f],start_interpolation:0}
execute if entity @s[tag=aj.labyria.bone.leg_left_1] run data modify entity @s {} merge value {transformation:[-0.9846331507405117f,0.13232409231074393f,0.11396443768540487f,0.162444588794254f,-0.06470524137079198f,0.3297059501826915f,-0.9418636940413809f,1.2983650085614762f,-0.16220601160857254f,-0.9347643130801827f,-0.3160773462141401f,0.18441207417523645f,0f,0f,0f,1f],start_interpolation:0}
execute if entity @s[tag=aj.labyria.bone.belt] run data modify entity @s {} merge value {transformation:[-0.9331796806844376f,-0.2222980706465305f,-0.28241680428848676f,-0.13965524271833069f,-0.33303469673275576f,0.8302852084902319f,0.446894129894826f,1.0165440474067764f,0.1351427923709313f,0.5110871162034535f,-0.84883825627797f,0.11809291373230003f,0f,0f,0f,1f],start_interpolation:0}
execute if entity @s[tag=aj.labyria.bone.leg_right_2] run data modify entity @s {} merge value {transformation:[-0.990661815834092f,-0.13515134208712332f,0.01798002726219318f,-0.04521134140176824f,-0.0405119448518928f,0.4177073715234123f,0.9076779903133705f,0.9839940625895186f,-0.13018428850140495f,0.8984735202036014f,-0.4192819868779621f,-0.062368982655614025f,0f,0f,0f,1f],start_interpolation:0}
execute if entity @s[tag=aj.labyria.bone.leg_right_1] run data modify entity @s {} merge value {transformation:[-0.990661815834092f,-0.11091812360857858f,0.07928642067499278f,-0.08617025527239935f,-0.0405119448518928f,0.7947313742400809f,0.6056078146150277f,1.307860489562029f,-0.13018428850140495f,0.5967404902079501f,-0.7918035352117078f,0.14853183707337647f,0f,0f,0f,1f],start_interpolation:0}
execute if entity @s[tag=aj.labyria.bone.skirt_forward_right] run data modify entity @s {} merge value {transformation:[-0.9834385564047119f,0.0785555272553971f,0.16333289599539683f,0.014051143169219722f,0.07755748442957681f,0.9969096648882572f,-0.012488260941334373f,1.4860078496990308f,-0.16380916453474909f,0.00038625122584953764f,-0.9864919707855802f,0.2397221733432101f,0f,0f,0f,1f],start_interpolation:0}
execute if entity @s[tag=aj.labyria.bone.skirt_forward_left] run data modify entity @s {} merge value {transformation:[-0.9658961309861158f,-0.20091547783037805f,0.16333289599539683f,0.014051143169219722f,-0.20565815965589918f,0.9785442068223642f,-0.012488260941334373f,1.4860078496990308f,-0.15731937424551667f,-0.04565310572766152f,-0.9864919707855802f,0.2397221733432101f,0f,0f,0f,1f],start_interpolation:0}
execute if entity @s[tag=aj.labyria.bone.skirt_forward] run data modify entity @s {} merge value {transformation:[-0.9846331507405117f,-0.06180553008080826f,0.16333289599539683f,0.014051143169219722f,-0.06470524137079198f,0.9978262749987138f,-0.012488260941334373f,1.4860078496990308f,-0.16220601160857254f,-0.022864850177108265f,-0.9864919707855802f,0.2397221733432101f,0f,0f,0f,1f],start_interpolation:0}
execute if entity @s[tag=aj.labyria.bone.skirt_back_right] run data modify entity @s {} merge value {transformation:[-0.9960222429352686f,-0.00921678616129687f,0.08862698477920677f,0.014051143169219722f,0.04745711622154522f,0.7869569657410116f,0.6151801006141495f,1.4860078496990308f,-0.07541560646266511f,0.6169390447398813f,-0.7833892400188498f,0.2397221733432101f,0f,0f,0f,1f],start_interpolation:0}
execute if entity @s[tag=aj.labyria.bone.skirt_back_left] run data modify entity @s {} merge value {transformation:[-0.9533124444555591f,-0.288687791247072f,0.08862698477920677f,0.014051143169219722f,-0.1755577914478676f,0.7685915076751186f,0.6151801006141495f,1.4860078496990308f,-0.24571293231760066f,0.5708996877863701f,-0.7833892400188498f,0.2397221733432101f,0f,0f,0f,1f],start_interpolation:0}
execute if entity @s[tag=aj.labyria.bone.skirt_back] run data modify entity @s {} merge value {transformation:[-0.9846331507405117f,-0.1504753004042825f,0.08862698477920677f,0.014051143169219722f,-0.06470524137079198f,0.7857268453779039f,0.6151801006141495f,1.4860078496990308f,-0.16220601160857254f,0.5999920902984708f,-0.7833892400188498f,0.2397221733432101f,0f,0f,0f,1f],start_interpolation:0}
execute if entity @s[tag=aj.labyria.bone.skirt_right] run data modify entity @s {} merge value {transformation:[-0.9909747201477801f,0.025990126455728f,0.1315051989650761f,-0.1849231170595625f,0.06927723522694211f,0.9391542029719768f,0.3364372864582372f,1.540526613694023f,-0.11475961270124568f,0.3425111623974995f,-0.9324785975698175f,0.2313316272425563f,0f,0f,0f,1f],start_interpolation:0}
execute if entity @s[tag=aj.labyria.bone.skirt_left] run data modify entity @s {} merge value {transformation:[-0.9583599672430476f,-0.25348087863004715f,0.1315051989650761f,0.19662222885238578f,-0.19737791045326447f,0.9207887449060839f,0.3364372864582372f,1.565599894725205f,-0.20636892607902008f,0.2964718054439885f,-0.9324785975698175f,0.2941864567408781f,0f,0f,0f,1f],start_interpolation:0}
execute if entity @s[tag=aj.labyria.bone.coat_downer] run data modify entity @s {} merge value {transformation:[-0.9846331507405117f,-0.11024893876955012f,0.13543533498685195f,0.026393023842004894f,-0.06470524137079198f,0.9506494593239083f,0.30344494925160403f,1.3851017965891907f,-0.16220601160857254f,0.2900185804174433f,-0.9431746565778211f,0.2050559222289724f,0f,0f,0f,1f],start_interpolation:0}
execute if entity @s[tag=aj.labyria.bone.body_2] run data modify entity @s {} merge value {transformation:[-0.9846331507405117f,-0.1149084031216541f,0.1315051989650761f,-3.419084701252313e-17f,-0.06470524137079198f,0.93948027335318f,0.3364372864582372f,1.6008886718749993f,-0.16220601160857254f,0.3227582297514129f,-0.9324785975698175f,0.27918945312500004f,0f,0f,0f,1f],start_interpolation:0}
execute if entity @s[tag=aj.labyria.bone.sphere] run data modify entity @s {} merge value {transformation:[-0.9335804264972019f,1.9157696688784732e-16f,-0.3583679495453002f,0.9350782060621953f,6.123233995736765e-16f,1f,-1.060575238724907e-15f,2.6160136718749984f,0.3583679495453002f,-1.2095693648649963e-15f,-0.9335804264972019f,-0.23023052444677922f,0f,0f,0f,1f],start_interpolation:0}