execute if entity @s[tag=aj.labyria.bone.wing_right_1] run data modify entity @s {} merge value {transformation:[-0.022116591699091585f,0.814670683538852f,-0.05260207408838689f,0.08138243101996431f,-0.81340173977637f,-0.01750939927098121f,0.07082001913575413f,1.2885580234283873f,0.06951913797534354f,0.05430969309390223f,0.8118879178406683f,0.30195689937727566f,0f,0f,0f,1f],start_interpolation:0}
execute if entity @s[tag=aj.labyria.bone.wing_right_2] run data modify entity @s {} merge value {transformation:[0.285382439533873f,0.7455881372886375f,-0.05152856237229736f,0.08138243101996431f,-0.7427125969960456f,0.28907636968783273f,0.06937471262277956f,1.2885580234283873f,0.0832758156314617f,0.02309073456093956f,0.7953187766602465f,0.30195689937727566f,0f,0f,0f,1f],start_interpolation:0}
execute if entity @s[tag=aj.labyria.bone.wing_left_1] run data modify entity @s {} merge value {transformation:[0.1902757117075082f,0.7850196936291755f,-0.12034815575238995f,0.08886197452085069f,-0.5071303942678203f,0.21533604485353677f,0.6028213627941909f,1.2308979682358154f,0.6111942090599443f,-0.06571843611678357f,0.5376496725660657f,0.3290129120989884f,0f,0f,0f,1f],start_interpolation:0}
execute if entity @s[tag=aj.labyria.bone.wing_left_2] run data modify entity @s {} merge value {transformation:[-0.12207888514444312f,0.781791663687395f,-0.1178920709411167f,0.08886197452085069f,-0.5396893991852011f,0.004774691771798539f,0.5905188860024727f,1.2308979682358154f,0.5777820507847284f,0.16964373524353848f,0.5266772302687991f,0.3290129120989884f,0f,0f,0f,1f],start_interpolation:0}
execute if entity @s[tag=aj.labyria.bone.musket] run data modify entity @s {} merge value {transformation:[-0.000016197791450834284f,-0.0000013367878658693391f,-3.3198551089537705e-7f,0.3972201541908524f,-8.403296002089605e-7f,0.000006486230833873378f,0.00001488248365681021f,0.33063156083381073f,-0.0000010913580259441058f,0.000014846126492586369f,-0.000006532008105309771f,0.4705217430239368f,0f,0f,0f,1f],start_interpolation:0}
execute if entity @s[tag=aj.labyria.bone.omega_blade] run data modify entity @s {} merge value {transformation:[-1.787575643397575f,-0.14752686726895572f,-0.0366376623034562f,0.3972201541908524f,-0.09273811990474724f,0.7158153808363301f,1.6424193001204597f,0.33063156083381073f,-0.1204414213706684f,1.638406951805764f,-0.7208673248429731f,0.4705217430239368f,0f,0f,0f,1f],start_interpolation:0}
execute if entity @s[tag=aj.labyria.bone.arm_right_2] run data modify entity @s {} merge value {transformation:[0.012377821126246387f,0.9961420849040293f,-0.08687770845977182f,0.3824761213807723f,-0.8726389010767972f,0.053182334527266006f,0.4854616232223823f,0.6013860373534854f,0.4882091128519076f,0.06980391090250196f,0.869930615710856f,0.3179557417210507f,0f,0f,0f,1f],start_interpolation:0}
execute if entity @s[tag=aj.labyria.bone.arm_right_1] run data modify entity @s {} merge value {transformation:[0.010092342547242693f,0.9961420849040293f,-0.0871727669915529f,0.379163375998578f,-0.8595909041646986f,0.053182334527266006f,0.5082077496177586f,0.8830407981109751f,0.5108831785244307f,0.06980391090250196f,0.8568114097766732f,0.1506428724988741f,0f,0f,0f,1f],start_interpolation:0}
execute if entity @s[tag=aj.labyria.bone.arm_left_2] run data modify entity @s {} merge value {transformation:[-0.12679434343574064f,0.987450661829801f,0.09415086258016003f,0.2473672442668142f,0.9236672254435816f,0.15213787200071688f,-0.35170004911067226f,1.1964043464505671f,-0.36161035813988385f,0.04237048919923112f,-0.9313660346668018f,-0.34098943627088224f,0f,0f,0f,1f],start_interpolation:0}
execute if entity @s[tag=aj.labyria.bone.arm_left_1] run data modify entity @s {} merge value {transformation:[-0.1448834745553173f,0.987450661829801f,-0.06284878083676287f,0.20618755883780288f,0.7659102774324711f,0.15213787200071688f,0.6246883341526467f,1.3984584465971874f,0.6264105887707312f,0.04237048919923112f,-0.7783408738598554f,-0.1067975023794573f,0f,0f,0f,1f],start_interpolation:0}
execute if entity @s[tag=aj.labyria.bone.himo_right_2] run data modify entity @s {} merge value {transformation:[0.9355721242841071f,0.2584448831487321f,-0.24064713303250168f,0.09941204199354323f,-0.20302681791972627f,0.9512274256541486f,0.2322638497243425f,0.756222240767412f,0.28893755634724033f,-0.1684417616199135f,0.9424131055298761f,-0.08305481079433756f,0f,0f,0f,1f],start_interpolation:0}
execute if entity @s[tag=aj.labyria.bone.himo_right_1] run data modify entity @s {} merge value {transformation:[0.700668782444064f,0.6818468924155006f,-0.2101144274239123f,0.2259451191500501f,-0.6025297748707981f,0.7231877564179415f,0.3375756794577031f,0.8939297930923866f,0.3821271093530253f,-0.10992854165551963f,0.9175481393512777f,-0.09793173648380203f,0f,0f,0f,1f],start_interpolation:0}
execute if entity @s[tag=aj.labyria.bone.himo_left_2] run data modify entity @s {} merge value {transformation:[0.9355721242841071f,0.2584448831487321f,-0.24064713303250168f,0.06392691177746054f,-0.20302681791972627f,0.9512274256541486f,0.2322638497243425f,1.0335376369150777f,0.28893755634724033f,-0.1684417616199135f,0.9424131055298761f,-0.22267295643812868f,0f,0f,0f,1f],start_interpolation:0}
execute if entity @s[tag=aj.labyria.bone.himo_left_1] run data modify entity @s {} merge value {transformation:[0.700668782444064f,0.6818468924155006f,-0.2101144274239123f,0.19045998893396743f,-0.6025297748707981f,0.7231877564179415f,0.3375756794577031f,1.1712451892400524f,0.3821271093530253f,-0.10992854165551963f,0.9175481393512777f,-0.23754988212759315f,0f,0f,0f,1f],start_interpolation:0}
execute if entity @s[tag=aj.labyria.bone.ribbon_left_himo_1] run data modify entity @s {} merge value {transformation:[-0.44529238017124956f,0.5129471295995803f,-0.7338936833063596f,0.5888002228445455f,-0.847120308672882f,0.024122757139220935f,0.5308533462473073f,1.4378067527516618f,0.2900032392842957f,0.8580811936078974f,0.4237862508164483f,-0.18826209456935722f,0f,0f,0f,1f],start_interpolation:0}
execute if entity @s[tag=aj.labyria.bone.ribbon_left_himo_2] run data modify entity @s {} merge value {transformation:[-0.44529238017124956f,0.5129471295995803f,-0.7338936833063596f,0.543798295404949f,-0.847120308672882f,0.024122757139220935f,0.5308533462473073f,1.4987978074866148f,0.2900032392842957f,0.8580811936078974f,0.4237862508164483f,-0.07920212058582253f,0f,0f,0f,1f],start_interpolation:0}
execute if entity @s[tag=aj.labyria.bone.ribbon_left] run data modify entity @s {} merge value {transformation:[-0.15556921238846133f,0.927893852506562f,-0.3388380418981393f,0.6654241240223784f,-0.8881202304413639f,0.01879453458829515f,0.45922676506317484f,1.4698399191519762f,0.4324819955068795f,0.372370466001455f,0.8211574511701435f,-0.0936896649503075f,0f,0f,0f,1f],start_interpolation:0}
execute if entity @s[tag=aj.labyria.bone.ribbon_right_himo_1] run data modify entity @s {} merge value {transformation:[0.6705979241411628f,0.6133239491655829f,0.41729145392339106f,0.6369328575043954f,-0.6375520744048564f,0.18892666050072143f,0.7468829020496518f,0.8762635720932368f,0.3792436902041064f,-0.7669031557712997f,0.5177197824194019f,0.1576235883658733f,0f,0f,0f,1f],start_interpolation:0}
execute if entity @s[tag=aj.labyria.bone.ribbon_right_himo_2] run data modify entity @s {} merge value {transformation:[0.6705979241411628f,0.6133239491655829f,0.41729145392339106f,0.6393708767808346f,-0.6375520744048564f,0.18892666050072143f,0.7468829020496518f,0.946035128036489f,0.3792436902041064f,-0.7669031557712997f,0.5177197824194019f,0.27060653486451675f,0f,0f,0f,1f],start_interpolation:0}
execute if entity @s[tag=aj.labyria.bone.ribbon_right] run data modify entity @s {} merge value {transformation:[0.3903654379983297f,0.920476969205046f,0.018356851022601067f,0.7363590065605532f,-0.7870750103430588f,0.32331424412873594f,0.5253387741609582f,0.9461352322893393f,0.4776272112326165f,-0.21952231938132744f,0.8506951265780214f,0.1903906817782242f,0f,0f,0f,1f],start_interpolation:0}
execute if entity @s[tag=aj.labyria.bone.crown] run data modify entity @s {} merge value {transformation:[0.3276536850907839f,0.9317249119638713f,-0.15662615066567398f,0.9538386802136751f,-0.8136623123394109f,0.3625301148086607f,0.45445083049247753f,1.4290123887780068f,0.48020485641537686f,-0.021461693379973917f,0.8768937744061998f,-0.003997510537581739f,0f,0f,0f,1f],start_interpolation:0}
execute if entity @s[tag=aj.labyria.bone.ear_edge_a1] run data modify entity @s {} merge value {transformation:[0.270162099796634f,0.9499898361356968f,-0.15662615066567398f,0.9518024223019843f,-0.8342766021568406f,0.3121810272235233f,0.45445083049247753f,1.4280893023220598f,0.48061938259615605f,0.007894142166092202f,0.8768937744061998f,-0.020900993336266722f,0f,0f,0f,1f],start_interpolation:0}
execute if entity @s[tag=aj.labyria.bone.ear_edge_a2] run data modify entity @s {} merge value {transformation:[0.11822480423029115f,0.9805565483909451f,-0.15662615066567398f,0.9753015914432812f,-0.8728411447710616f,0.17782794678970035f,0.45445083049247753f,1.3293431249008096f,0.47346724454755285f,0.08298238818084544f,0.8768937744061998f,0.03447158218049727f,0f,0f,0f,1f],start_interpolation:0}
execute if entity @s[tag=aj.labyria.bone.ear_edge_b1] run data modify entity @s {} merge value {transformation:[0.3519311212138726f,0.9228286595293848f,-0.15662615066567398f,0.9737066222993532f,-0.8038935585112482f,0.3837050810828807f,0.45445083049247753f,1.309078763308716f,0.47947850056626024f,-0.034024636697245335f,0.8768937744061998f,0.044688717184734f,0f,0f,0f,1f],start_interpolation:0}
execute if entity @s[tag=aj.labyria.bone.ear_edge_b2] run data modify entity @s {} merge value {transformation:[0.049536647426680985f,0.9864149073738592f,-0.15662615066567398f,0.9800721239846814f,-0.8831195981124492f,0.11650844645090716f,0.45445083049247753f,1.3362634084630045f,0.4665253433538536f,0.11580765266690185f,0.8768937744061998f,0.0317372276514989f,0f,0f,0f,1f],start_interpolation:0}
execute if entity @s[tag=aj.labyria.bone.ear_right_2] run data modify entity @s {} merge value {transformation:[0.20323605743824347f,0.9665212640623141f,-0.15662615066567398f,1.0710465735010297f,-0.8540209939135138f,0.2532243760376786f,0.45445083049247753f,1.4195280549377014f,0.4788979504152561f,0.04140122577552027f,0.8768937744061998f,0.04047179769765121f,0f,0f,0f,1f],start_interpolation:0}
execute if entity @s[tag=aj.labyria.bone.ear_right_1] run data modify entity @s {} merge value {transformation:[0.20323605743824347f,0.9665212640623141f,-0.15662615066567398f,0.8535792890870093f,-0.8540209939135138f,0.2532243760376786f,0.45445083049247753f,1.3625525703292238f,0.4788979504152561f,0.04140122577552027f,0.8768937744061998f,0.031156521898159165f,0f,0f,0f,1f],start_interpolation:0}
execute if entity @s[tag=aj.labyria.bone.ear_edge_a3] run data modify entity @s {} merge value {transformation:[-0.03662357838183149f,0.9869787041442001f,-0.15662615066567398f,0.9979664356933102f,-0.8899134416073395f,0.039096152128795816f,0.45445083049247753f,1.0872653055470447f,0.45465677159049345f,0.1560273323958294f,0.8768937744061998f,0.16397686169550543f,0f,0f,0f,1f],start_interpolation:0}
execute if entity @s[tag=aj.labyria.bone.ear_edge_a4] run data modify entity @s {} merge value {transformation:[0.11822480423029114f,0.9805565483909452f,-0.15662615066567398f,0.9942301538545161f,-0.8728411447710617f,0.17782794678970032f,0.45445083049247753f,1.1895955635370363f,0.4734672445475529f,0.08298238818084544f,0.8768937744061998f,0.11027677675401903f,0f,0f,0f,1f],start_interpolation:0}
execute if entity @s[tag=aj.labyria.bone.ear_edge_b3] run data modify entity @s {} merge value {transformation:[-0.12250507664493693f,0.980030997021968f,-0.15662615066567398f,0.9873537321896643f,-0.8899345064671706f,-0.038613687517917716f,0.45445083049247753f,1.2083236037038634f,0.4393279872660651f,0.19505954991334554f,0.8768937744061998f,0.09934272619638626f,0f,0f,0f,1f],start_interpolation:0}
execute if entity @s[tag=aj.labyria.bone.ear_edge_b4] run data modify entity @s {} merge value {transformation:[0.18633698167160712f,0.96992101646947f,-0.15662615066567398f,1.0006016725681792f,-0.8583102971100345f,0.2382810872469368f,0.45445083049247753f,1.1846959366121f,0.4781024609185775f,0.04975284184093243f,0.8768937744061998f,0.11395405907631576f,0f,0f,0f,1f],start_interpolation:0}
execute if entity @s[tag=aj.labyria.bone.ear_left_2] run data modify entity @s {} merge value {transformation:[0.03231378887605775f,0.9871292053100892f,-0.15662615066567398f,1.105239561339352f,-0.8850184474810087f,0.10107813949120238f,0.45445083049247753f,1.1670848655219788f,0.464433167061504f,0.12393200450597844f,0.8768937744061998f,0.1774080340488925f,0f,0f,0f,1f],start_interpolation:0}
execute if entity @s[tag=aj.labyria.bone.ear_left_1] run data modify entity @s {} merge value {transformation:[0.03231378887605775f,0.9871292053100892f,-0.15662615066567398f,0.8831354901445821f,-0.8850184474810087f,0.10107813949120238f,0.45445083049247753f,1.1443422841364583f,0.464433167061504f,0.12393200450597844f,0.8768937744061998f,0.1495233330350474f,0f,0f,0f,1f],start_interpolation:0}
execute if entity @s[tag=aj.labyria.bone.head] run data modify entity @s {} merge value {transformation:[0.11822480423029114f,0.9805565483909451f,-0.15662615066567398f,0.3707167257737385f,-0.8728411447710616f,0.17782794678970032f,0.45445083049247753f,1.1481090160502296f,0.47346724454755285f,0.08298238818084544f,0.8768937744061998f,0.020408523073726224f,0f,0f,0f,1f],start_interpolation:0}
execute if entity @s[tag=aj.labyria.bone.back_musket] run data modify entity @s {} merge value {transformation:[-0.3198389451232482f,1.1207109089642486f,-1.133299055120041f,0.30512114236182886f,0.7033398456573893f,1.1365021911482334f,0.9253823380910751f,1.148959110523544f,1.4302701672474638f,-0.3082636350087256f,-0.7084895346002784f,0.2601551710667564f,0f,0f,0f,1f],start_interpolation:0}
execute if entity @s[tag=aj.labyria.bone.body_1] run data modify entity @s {} merge value {transformation:[0.11355241669146468f,0.9871034830353886f,-0.11283865668702811f,0.0005529196354677647f,-0.8874092676725305f,0.15183959714770864f,0.43525800209407417f,1.091169167119839f,0.4467780660601316f,0.05070947167370718f,0.8932065322030186f,0.0013924711960860308f,0f,0f,0f,1f],start_interpolation:0}
execute if entity @s[tag=aj.labyria.bone.belt2] run data modify entity @s {} merge value {transformation:[0.0732644578162806f,0.9729305633091967f,-0.21917672823485765f,-0.776574724299785f,-0.4308222076701191f,0.22907940553881043f,0.8728773403727643f,0.9480456884829771f,0.8994579170806889f,0.030475316845527733f,0.4359434716382773f,-0.41010393105274506f,0f,0f,0f,1f],start_interpolation:0}
execute if entity @s[tag=aj.labyria.bone.leg_left_2] run data modify entity @s {} merge value {transformation:[0.03220270645985654f,0.9949234140885395f,-0.09534351469851432f,-0.6711408518276419f,-0.7488820750982428f,0.08719384171866831f,0.6569420610395488f,1.0097668059555691f,0.6619204055573528f,0.0502457367817937f,0.7478881885964268f,-0.241538977400711f,0f,0f,0f,1f],start_interpolation:0}
execute if entity @s[tag=aj.labyria.bone.leg_left_1] run data modify entity @s {} merge value {transformation:[0.03220270645985654f,0.9106351201659085f,-0.41195468636378224f,-0.33928773888372993f,-0.7488820750982428f,0.2949479818919417f,0.5934486713898863f,1.11785494072746f,0.6619204055573528f,0.28939482700679475f,0.6914564417289761f,-0.13539525122506862f,0f,0f,0f,1f],start_interpolation:0}
execute if entity @s[tag=aj.labyria.bone.belt] run data modify entity @s {} merge value {transformation:[0.17870080618290057f,0.9394050316652341f,-0.2925477881502824f,-0.4615206544909747f,-0.9743110860868963f,0.1275377808081561f,-0.1856125588280698f,0.7525052899994092f,-0.13705447602232643f,0.31820166710526804f,0.9380638409264446f,-0.19211325114286912f,0f,0f,0f,1f],start_interpolation:0}
execute if entity @s[tag=aj.labyria.bone.leg_right_2] run data modify entity @s {} merge value {transformation:[0.16836500649732267f,0.9851267465616761f,-0.03432954698163426f,-0.6775931357753708f,-0.9504911594279126f,0.1714766062531774f,0.25915695892118296f,0.8129417911033324f,0.2611891660014623f,-0.011003032159382586f,0.9652249234488096f,-0.09611614259038885f,0f,0f,0f,1f],start_interpolation:0}
execute if entity @s[tag=aj.labyria.bone.leg_right_1] run data modify entity @s {} merge value {transformation:[0.16836500649732267f,0.9502696172649832f,-0.2619940439976059f,-0.2824859719927011f,-0.9504911594279126f,0.2269339767452049f,0.21229113511399794f,0.9064035448830072f,0.2611891660014623f,0.2132806242996998f,0.9414306107524818f,-0.010690124136482404f,0f,0f,0f,1f],start_interpolation:0}
execute if entity @s[tag=aj.labyria.bone.skirt_forward_right] run data modify entity @s {} merge value {transformation:[0.33113661296119506f,0.6810907216802716f,-0.6530420908315444f,-0.1282284219545192f,-0.7148963636726451f,0.6327968256258776f,0.2974749849742704f,1.0579301247500508f,0.6158504142762407f,0.3683525570955901f,0.6964514777907523f,-0.029868001504547437f,0f,0f,0f,1f],start_interpolation:0}
execute if entity @s[tag=aj.labyria.bone.skirt_forward_left] run data modify entity @s {} merge value {transformation:[-0.12704788520587768f,0.7465888175341763f,-0.6530420908315444f,-0.1282284219545192f,-0.9496241727816315f,0.0986030617342088f,0.2974749849742704f,1.0579301247500508f,0.2864834468752365f,0.6579381230401236f,0.6964514777907523f,-0.029868001504547437f,0f,0f,0f,1f],start_interpolation:0}
execute if entity @s[tag=aj.labyria.bone.skirt_forward] run data modify entity @s {} merge value {transformation:[0.10717066921185964f,0.7497002569447657f,-0.6530420908315444f,-0.1282284219545192f,-0.874069733153308f,0.3840712627883828f,0.2974749849742704f,1.0579301247500508f,0.4738317731494874f,0.5389237328575259f,0.6964514777907523f,-0.029868001504547437f,0f,0f,0f,1f],start_interpolation:0}
execute if entity @s[tag=aj.labyria.bone.skirt_back_right] run data modify entity @s {} merge value {transformation:[0.4044138776334576f,0.9094189429114568f,0.09698763762088508f,-0.1282284219545192f,-0.8178130895494738f,0.3121135542252087f,0.48349444653527557f,1.0579301247500508f,0.4094278521779087f,-0.2748496235084136f,0.8699577681234117f,-0.029868001504547437f,0f,0f,0f,1f],start_interpolation:0}
execute if entity @s[tag=aj.labyria.bone.skirt_back_left] run data modify entity @s {} merge value {transformation:[-0.2003251498781402f,0.9749170387653614f,0.09698763762088508f,-0.1282284219545192f,-0.8467074469048027f,-0.22208020966646014f,0.48349444653527557f,1.0579301247500508f,0.49290600897356845f,0.014735942436119864f,0.8699577681234117f,-0.029868001504547437f,0f,0f,0f,1f],start_interpolation:0}
execute if entity @s[tag=aj.labyria.bone.skirt_back] run data modify entity @s {} merge value {transformation:[0.10717066921185964f,0.9894987851480177f,0.09698763762088508f,-0.1282284219545192f,-0.874069733153308f,0.047278131888357694f,0.48349444653527557f,1.0579301247500508f,0.4738317731494874f,-0.13659038192985962f,0.8699577681234117f,-0.029868001504547437f,0f,0f,0f,1f],start_interpolation:0}
execute if entity @s[tag=aj.labyria.bone.skirt_right] run data modify entity @s {} merge value {transformation:[0.3912803040565187f,0.868495397161714f,-0.30432789679284356f,-0.02325715406445139f,-0.7602749215856673f,0.49139955245175065f,0.424862946675898f,0.9095366288931751f,0.5185381058951657f,0.06513236491281657f,0.8525702362711929f,0.08155106880385612f,0f,0f,0f,1f],start_interpolation:0}
execute if entity @s[tag=aj.labyria.bone.skirt_left] run data modify entity @s {} merge value {transformation:[-0.1871915763012013f,0.9339934930156186f,-0.30432789679284356f,-0.064785788384047f,-0.9042456148686092f,-0.042794211439918184f,0.424862946675898f,1.248238650490082f,0.38379575525631154f,0.35471793085735004f,0.8525702362711929f,-0.10205874329157025f,0f,0f,0f,1f],start_interpolation:0}
execute if entity @s[tag=aj.labyria.bone.coat_downer] run data modify entity @s {} merge value {transformation:[0.10717066921185964f,0.9353219178045993f,-0.3371755592195399f,-0.21740367521141063f,-0.874069733153308f,0.2502547493982091f,0.416382831044875f,1.035736093421964f,0.4738317731494874f,0.2500909244214328f,0.8443565480743582f,-0.0506394229869855f,0f,0f,0f,1f],start_interpolation:0}
execute if entity @s[tag=aj.labyria.bone.body_2] run data modify entity @s {} merge value {transformation:[0.10717066921185964f,0.9465194022809713f,-0.30432789679284356f,0f,-0.874069733153308f,0.23557074972750408f,0.424862946675898f,1.08984375f,0.4738317731494874f,0.22047095722224974f,0.8525702362711929f,0f,0f,0f,0f,1f],start_interpolation:0}
execute if entity @s[tag=aj.labyria.bone.sphere] run data modify entity @s {} merge value {transformation:[-0.8660254037844387f,1.1034247944783169e-16f,-0.5f,1.62455078125f,0.45050736067189495f,-0.43378851059216883f,-0.7803016378674793f,0.5369674630188302f,-0.2168942552960845f,-0.90101472134379f,0.37567187004263325f,0.23639507604673204f,0f,0f,0f,1f],start_interpolation:0}