execute if entity @s[tag=aj.labyria.bone.wing_right_1] run data modify entity @s {} merge value {transformation:[-0.6580012135607725f,0.04666606616317261f,-0.48145729370926504f,0.20528571349938635f,0.06362362345567266f,0.8141448387201002f,-0.008041179530216786f,1.693349022796112f,0.4795110863529286f,-0.0439875470868835f,-0.6596049258536186f,-0.25240163102907176f,0f,0f,0f,1f],start_interpolation:0}
execute if entity @s[tag=aj.labyria.bone.wing_right_2] run data modify entity @s {} merge value {transformation:[-0.5780135737489829f,0.2889012110662566f,-0.47163163465397395f,0.20528571349938635f,0.3627823394141696f,0.7129704944225461f,-0.007877073825518485f,1.693349022796112f,0.4174796794708833f,-0.21956585419258762f,-0.6461436008361979f,-0.25240163102907176f,0f,0f,0f,1f],start_interpolation:0}
execute if entity @s[tag=aj.labyria.bone.wing_left_1] run data modify entity @s {} merge value {transformation:[-0.0677084026664523f,0.174628251663618f,0.7948993586446715f,0.0699358418388428f,0.029984359401108242f,0.7976392257327544f,-0.17267613676533833f,1.7108075601818158f,-0.813302498978152f,0.014868884887735558f,-0.07254244180155864f,-0.31465604222881227f,0f,0f,0f,1f],start_interpolation:0}
execute if entity @s[tag=aj.labyria.bone.wing_left_2] run data modify entity @s {} merge value {transformation:[-0.1267413023383993f,0.1326608165660975f,0.778676922753964f,0.0699358418388428f,-0.2718772709351479f,0.7331236629115362f,-0.16915213397420897f,1.7108075601818158f,-0.7416329225637321f,-0.2914288980646716f,-0.07106198380560846f,-0.31465604222881227f,0f,0f,0f,1f],start_interpolation:0}
execute if entity @s[tag=aj.labyria.bone.musket] run data modify entity @s {} merge value {transformation:[-0.000016255298410296523f,-9.646638315852974e-8f,-1.4707784208212627e-7f,-0.2769052492042672f,2.5075197851682613e-8f,-0.000014725376460612108f,0.000006886822445090587f,2.4667038109933888f,-1.7409448343908547e-7f,0.0000068861924452248f,0.000014724663282420583f,-0.5121666525737189f,0f,0f,0f,1f],start_interpolation:0}
execute if entity @s[tag=aj.labyria.bone.omega_blade] run data modify entity @s {} merge value {transformation:[-1.7939220666351243f,-0.010645954879976188f,-0.016231396050968554f,-0.2769052492042672f,0.0027672792966311676f,-1.625081072363999f,0.7600243589142883f,2.4667038109933888f,-0.019212931540093552f,0.7599548326199881f,1.625002366574482f,-0.5121666525737189f,0f,0f,0f,1f],start_interpolation:0}
execute if entity @s[tag=aj.labyria.bone.arm_right_2] run data modify entity @s {} merge value {transformation:[0.008944717902861485f,0.9999414631478062f,0.006087881360747513f,-0.29062335718036736f,0.6747559288954594f,-0.0015424958309376707f,-0.7380393330487455f,2.2569137604006078f,-0.7379867400177754f,0.010709387677913573f,-0.674730227997457f,-0.282816034527169f,0f,0f,0f,1f],start_interpolation:0}
execute if entity @s[tag=aj.labyria.bone.arm_right_1] run data modify entity @s {} merge value {transformation:[0.004272882293691183f,0.9999414631478062f,0.009940460488758462f,-0.2920253966829848f,0.9656316230336003f,-0.0015424958309376707f,-0.2599099638415316f,1.9400658840927076f,-0.25987941641153306f,0.010709387677913573f,-0.9655816889011333f,-0.19754310101713474f,0f,0f,0f,1f],start_interpolation:0}
execute if entity @s[tag=aj.labyria.bone.arm_left_2] run data modify entity @s {} merge value {transformation:[0.14893255418928755f,-0.10177847308573527f,0.983595565625929f,0.39041991718511826f,-0.08171605618921413f,0.990020039601691f,0.11481640713742677f,1.8879480454356021f,-0.985465159436667f,-0.09747545128596449f,0.13912927777093315f,0.42130497259453353f,0f,0f,0f,1f],start_interpolation:0}
execute if entity @s[tag=aj.labyria.bone.arm_left_1] run data modify entity @s {} merge value {transformation:[-0.1964586741634014f,-0.10177847308573527f,0.9752154283861052f,0.3259569147252522f,-0.1160574990260122f,0.990020039601691f,0.07994359328234704f,1.8498666785676918f,-0.973619353888256f,-0.09747545128596449f,-0.20631017941636298f,0.10183612209994951f,0f,0f,0f,1f],start_interpolation:0}
execute if entity @s[tag=aj.labyria.bone.himo_right_2] run data modify entity @s {} merge value {transformation:[-0.9023324777369571f,0.3281278109957537f,0.2795142917137134f,-0.22014956298467822f,0.1163902492380244f,0.8098529550900913f,-0.5749708697092027f,1.7100763190793082f,-0.4150294079982701f,-0.486282151413129f,-0.7689475012727617f,0.12005621979073593f,0f,0f,0f,1f],start_interpolation:0}
execute if entity @s[tag=aj.labyria.bone.himo_right_1] run data modify entity @s {} merge value {transformation:[-0.9023324777369571f,0.19618508007860802f,0.38380661012498746f,-0.18096606915665805f,0.1163902492380244f,0.9682383954817763f,-0.22128650974965924f,1.890237977546206f,-0.4150294079982701f,-0.1550026576205248f,-0.8965069808022577f,0.08539005285687344f,0f,0f,0f,1f],start_interpolation:0}
execute if entity @s[tag=aj.labyria.bone.himo_left_2] run data modify entity @s {} merge value {transformation:[-0.9023324777369571f,0.3281278109957537f,0.2795142917137134f,0.0618293363081209f,0.1163902492380244f,0.8098529550900913f,-0.5749708697092027f,1.6737043661924258f,-0.4150294079982701f,-0.486282151413129f,-0.7689475012727617f,0.24975290979019532f,0f,0f,0f,1f],start_interpolation:0}
execute if entity @s[tag=aj.labyria.bone.himo_left_1] run data modify entity @s {} merge value {transformation:[-0.9023324777369571f,0.19618508007860802f,0.38380661012498746f,0.10101283013614107f,0.1163902492380244f,0.9682383954817763f,-0.22128650974965924f,1.8538660246593235f,-0.4150294079982701f,-0.1550026576205248f,-0.8965069808022577f,0.21508674285633284f,0f,0f,0f,1f],start_interpolation:0}
execute if entity @s[tag=aj.labyria.bone.ribbon_left_himo_1] run data modify entity @s {} merge value {transformation:[-0.9826798013411496f,-0.017891287854834126f,0.18444595375072484f,0.3525355225545462f,0.03869355499110236f,0.9535790971753901f,0.2986464703161894f,2.197016028114202f,-0.1812269760225272f,0.3006107237758884f,-0.936370640244912f,0.12760108323615507f,0f,0f,0f,1f],start_interpolation:0}
execute if entity @s[tag=aj.labyria.bone.ribbon_left_himo_2] run data modify entity @s {} merge value {transformation:[-0.9826798013411496f,-0.017891287854834126f,0.18444595375072484f,0.3770322507870643f,0.03869355499110236f,0.9535790971753901f,0.2986464703161894f,2.2366800124530712f,-0.1812269760225272f,0.3006107237758884f,-0.936370640244912f,0.0032393575786276996f,0f,0f,0f,1f],start_interpolation:0}
execute if entity @s[tag=aj.labyria.bone.ribbon_left] run data modify entity @s {} merge value {transformation:[-0.9826798013411496f,-0.017891287854834126f,0.18444595375072484f,0.3623489574391784f,0.03869355499110236f,0.9535790971753901f,0.2986464703161894f,2.31882227337004f,-0.1812269760225272f,0.3006107237758884f,-0.936370640244912f,0.0974643027539856f,0f,0f,0f,1f],start_interpolation:0}
execute if entity @s[tag=aj.labyria.bone.ribbon_right_himo_1] run data modify entity @s {} merge value {transformation:[-0.9826798013411496f,-0.017891287854834126f,0.18444595375072484f,-0.23811645553906863f,0.03869355499110236f,0.9535790971753901f,0.2986464703161894f,2.220273273011042f,-0.1812269760225272f,0.3006107237758884f,-0.936370640244912f,0.018672343960614797f,0f,0f,0f,1f],start_interpolation:0}
execute if entity @s[tag=aj.labyria.bone.ribbon_right_himo_2] run data modify entity @s {} merge value {transformation:[-0.9826798013411496f,-0.017891287854834126f,0.18444595375072484f,-0.2136197273065505f,0.03869355499110236f,0.9535790971753901f,0.2986464703161894f,2.259937257349911f,-0.1812269760225272f,0.3006107237758884f,-0.936370640244912f,-0.10568938169691257f,0f,0f,0f,1f],start_interpolation:0}
execute if entity @s[tag=aj.labyria.bone.ribbon_right] run data modify entity @s {} merge value {transformation:[-0.9826798013411496f,-0.017891287854834126f,0.18444595375072484f,-0.22725892336551134f,0.03869355499110236f,0.9535790971753901f,0.2986464703161894f,2.3420384063647015f,-0.1812269760225272f,0.3006107237758884f,-0.936370640244912f,-0.011271882859530721f,0f,0f,0f,1f],start_interpolation:0}
execute if entity @s[tag=aj.labyria.bone.crown] run data modify entity @s {} merge value {transformation:[-0.9632587497629296f,0.19522364393214214f,0.18444595375072484f,0.24939472246700542f,0.24416865489117495f,0.9226006469411974f,0.2986464703161894f,2.5973354664014456f,-0.11186710407350622f,0.33270974604531867f,-0.936370640244912f,0.14864051800050515f,0f,0f,0f,1f],start_interpolation:0}
execute if entity @s[tag=aj.labyria.bone.ear_edge_a1] run data modify entity @s {} merge value {transformation:[-0.9733801963674514f,0.13605397261619206f,0.18444595375072484f,0.25440243650605643f,0.18738980906106706f,0.9357859505398327f,0.2986464703161894f,2.589330542994587f,-0.13196989345952695f,0.3252598519762533f,-0.936370640244912f,0.1624770640374943f,0f,0f,0f,1f],start_interpolation:0}
execute if entity @s[tag=aj.labyria.bone.ear_edge_a2] run data modify entity @s {} merge value {transformation:[-0.9826798013411497f,-0.017891287854834126f,0.18444595375072484f,0.14103215447328982f,0.038693554991102344f,0.95357909717539f,0.2986464703161894f,2.60339704213887f,-0.1812269760225272f,0.3006107237758884f,-0.936370640244912f,0.1446318019594287f,0f,0f,0f,1f],start_interpolation:0}
execute if entity @s[tag=aj.labyria.bone.ear_edge_b1] run data modify entity @s {} merge value {transformation:[-0.9578183058116235f,0.22037192016483664f,0.18444595375072484f,0.11915982910069854f,0.268235853835182f,0.9158929044844666f,0.2986464703161894f,2.600142158736129f,-0.10311944418712957f,0.3355240741256439f,-0.936370640244912f,0.13928528516528452f,0f,0f,0f,1f],start_interpolation:0}
execute if entity @s[tag=aj.labyria.bone.ear_edge_b2] run data modify entity @s {} merge value {transformation:[-0.9790380095829024f,-0.0863959833379689f,0.18444595375072484f,0.14758417146307476f,-0.027919015819186502f,0.9539553523741924f,0.2986464703161894f,2.6085528038043506f,-0.20175506027764753f,0.28723669636676985f,-0.936370640244912f,0.14756679685113147f,0f,0f,0f,1f],start_interpolation:0}
execute if entity @s[tag=aj.labyria.bone.ear_right_2] run data modify entity @s {} merge value {transformation:[-0.9804997364996033f,0.06782298186599009f,0.18444595375072484f,0.2082592021460771f,0.12165620881542f,0.9465780752924401f,0.2986464703161894f,2.7155247603723454f,-0.1543374017562428f,0.31526178091621765f,-0.936370640244912f,0.1602626895287573f,0f,0f,0f,1f],start_interpolation:0}
execute if entity @s[tag=aj.labyria.bone.ear_right_1] run data modify entity @s {} merge value {transformation:[-0.9804997364996033f,0.06782298186599009f,0.18444595375072484f,0.19299903122622936f,0.12165620881542f,0.9465780752924401f,0.2986464703161894f,2.5025446934315467f,-0.1543374017562428f,0.31526178091621765f,-0.936370640244912f,0.08932878882260845f,0f,0f,0f,1f],start_interpolation:0}
execute if entity @s[tag=aj.labyria.bone.ear_edge_a3] run data modify entity @s {} merge value {transformation:[-0.9677825682785479f,-0.17139600544109412f,0.18444595375072484f,-0.12931097967463362f,-0.11095546281928989f,0.9478919616909085f,0.2986464703161894f,2.60443946876018f,-0.2260216489780024f,0.2685595618863677f,-0.936370640244912f,0.09171218011620723f,0f,0f,0f,1f],start_interpolation:0}
execute if entity @s[tag=aj.labyria.bone.ear_edge_a4] run data modify entity @s {} merge value {transformation:[-0.9826798013411496f,-0.017891287854834112f,0.18444595375072484f,-0.01630129235326018f,0.038693554991102365f,0.9535790971753901f,0.2986464703161894f,2.609592132715082f,-0.1812269760225272f,0.3006107237758884f,-0.936370640244912f,0.11561618084188624f,0f,0f,0f,1f],start_interpolation:0}
execute if entity @s[tag=aj.labyria.bone.ear_edge_b3] run data modify entity @s {} merge value {transformation:[-0.9491617172665019f,-0.25509160045107504f,0.18444595375072484f,0.005725602474544442f,-0.19314747175059827f,0.9346145408263417f,0.2986464703161894f,2.6046086934912362f,-0.24856807645403167f,0.2478385269793133f,-0.936370640244912f,0.1183656103730933f,0f,0f,0f,1f],start_interpolation:0}
execute if entity @s[tag=aj.labyria.bone.ear_edge_b4] run data modify entity @s {} merge value {transformation:[-0.981534075885891f,0.05070057218430343f,0.18444595375072484f,-0.02305660781331159f,0.10511761469093711f,0.948557100468585f,0.2986464703161894f,2.6152718778787785f,-0.15981597215709703f,0.3125202059560551f,-0.936370640244912f,0.11609702167901406f,0f,0f,0f,1f],start_interpolation:0}
execute if entity @s[tag=aj.labyria.bone.ear_left_2] run data modify entity @s {} merge value {transformation:[-0.9773810795362028f,-0.10346939407202807f,0.18444595375072484f,-0.07595153277526433f,-0.04456358015050487f,0.9533228063420339f,0.2986464703161894f,2.7267157136062794f,-0.20673730357344014f,0.28367183751390684f,-0.936370640244912f,0.10784820825760562f,0f,0f,0f,1f],start_interpolation:0}
execute if entity @s[tag=aj.labyria.bone.ear_left_1] run data modify entity @s {} merge value {transformation:[-0.9773810795362028f,-0.10346939407202807f,0.18444595375072484f,-0.05267091910905805f,-0.04456358015050487f,0.9533228063420339f,0.2986464703161894f,2.5122180821793223f,-0.20673730357344014f,0.28367183751390684f,-0.936370640244912f,0.04402204481697668f,0f,0f,0f,1f],start_interpolation:0}
execute if entity @s[tag=aj.labyria.bone.head] run data modify entity @s {} merge value {transformation:[-0.9826798013411496f,-0.017891287854834126f,0.18444595375072484f,0.07356940502947801f,0.03869355499110236f,0.9535790971753901f,0.2986464703161894f,2.009339398305666f,-0.1812269760225272f,0.3006107237758884f,-0.936370640244912f,-0.058125996607696795f,0f,0f,0f,1f],start_interpolation:0}
execute if entity @s[tag=aj.labyria.bone.back_musket] run data modify entity @s {} merge value {transformation:[0.6142732513476373f,1.202947677389158f,0.90456724391713f,0.05919909720530454f,-0.4929853375345579f,1.0839174585882407f,-1.1066819961346386f,1.920948022818649f,-1.4220725966981218f,0.1438626742996244f,0.7743834329895108f,-0.2899932375888409f,0f,0f,0f,1f],start_interpolation:0}
execute if entity @s[tag=aj.labyria.bone.body_1] run data modify entity @s {} merge value {transformation:[-0.9023324777369571f,0.19618508007860802f,0.38380661012498746f,0f,0.1163902492380244f,0.9682383954817763f,-0.22128650974965924f,1.6462499999999998f,-0.4150294079982701f,-0.1550026576205248f,-0.8965069808022577f,0f,0f,0f,0f,1f],start_interpolation:0}
execute if entity @s[tag=aj.labyria.bone.belt2] run data modify entity @s {} merge value {transformation:[-0.9203638919632243f,0.12005022916022708f,0.3721803982598807f,0.19374999999999998f,0.18589348093752875f,0.9716185336190406f,0.1462909391347032f,1.0228194212196309f,-0.34405511203182987f,0.2038268078702156f,-0.9165591700911637f,0.332182486990427f,0f,0f,0f,1f],start_interpolation:0}
execute if entity @s[tag=aj.labyria.bone.leg_left_2] run data modify entity @s {} merge value {transformation:[-1f,-3.4781848280038964e-17f,1.1742155192656467e-16f,0.12499999999999997f,0f,0.9588197348681932f,0.28401534470392154f,1.1811454171404365f,-1.2246467991473532e-16f,0.28401534470392154f,-0.9588197348681932f,0.21579409443371622f,0f,0f,0f,1f],start_interpolation:0}
execute if entity @s[tag=aj.labyria.bone.leg_left_1] run data modify entity @s {} merge value {transformation:[-1f,9.517293141685724e-17f,7.70695202537343e-17f,0.125f,0f,0.6293203910498366f,-0.7771459614569715f,1.3077223349020533f,-1.2246467991473532e-16f,-0.7771459614569715f,-0.6293203910498366f,-0.05969156107300689f,0f,0f,0f,1f],start_interpolation:0}
execute if entity @s[tag=aj.labyria.bone.belt] run data modify entity @s {} merge value {transformation:[-0.9203638919632243f,-0.12005022916022713f,-0.3721803982598805f,-0.19375f,-0.23470618504833896f,0.9308186224419506f,0.2801601306669535f,1.051418882489723f,0.3127991577200315f,0.34520230965891086f,-0.8848683813628965f,-0.01538444391228503f,0f,0f,0f,1f],start_interpolation:0}
execute if entity @s[tag=aj.labyria.bone.leg_right_2] run data modify entity @s {} merge value {transformation:[-1f,-7.455177354798972e-17f,9.71577628780523e-17f,-0.12499999999999999f,0f,0.7933533402912359f,0.6087614290087197f,0.962004250895187f,-1.2246467991473532e-16f,0.6087614290087197f,-0.7933533402912359f,-0.22293066481997434f,0f,0f,0f,1f],start_interpolation:0}
execute if entity @s[tag=aj.labyria.bone.leg_right_1] run data modify entity @s {} merge value {transformation:[-1f,-5.1755810150196446e-17f,1.1099069304367551e-16f,-0.125f,0f,0.9063077870366505f,0.4226182617406983f,1.3384975771836847f,-1.2246467991473532e-16f,0.4226182617406983f,-0.9063077870366505f,-0.05426505552091538f,0f,0f,0f,1f],start_interpolation:0}
execute if entity @s[tag=aj.labyria.bone.skirt_forward_right] run data modify entity @s {} merge value {transformation:[-0.9537169507482269f,0.30070579950427306f,1.193259181024237e-16f,2.8575876416174214e-18f,0.29299872934427434f,0.9292732470873265f,-0.2249510543438662f,1.5139164581889843f,-0.06764408664580157f,-0.21453963361643072f,-0.9743700647852348f,-0.02333397387399359f,0f,0f,0f,1f],start_interpolation:0}
execute if entity @s[tag=aj.labyria.bone.skirt_forward_left] run data modify entity @s {} merge value {transformation:[-0.9537169507482269f,-0.30070579950427306f,1.193259181024237e-16f,2.8575876416174214e-18f,-0.29299872934427434f,0.9292732470873265f,-0.2249510543438662f,1.5139164581889843f,0.06764408664580135f,-0.21453963361643077f,-0.9743700647852348f,-0.02333397387399359f,0f,0f,0f,1f],start_interpolation:0}
execute if entity @s[tag=aj.labyria.bone.skirt_forward] run data modify entity @s {} merge value {transformation:[-1f,2.7548558866703802e-17f,1.193259181024237e-16f,2.8575876416174214e-18f,0f,0.9743700647852348f,-0.2249510543438662f,1.5139164581889843f,-1.2246467991473532e-16f,-0.2249510543438662f,-0.9743700647852348f,-0.02333397387399359f,0f,0f,0f,1f],start_interpolation:0}
execute if entity @s[tag=aj.labyria.bone.skirt_back_right] run data modify entity @s {} merge value {transformation:[-0.9537169507482269f,0.300705799504273f,1.027075226573457e-16f,2.8575876416174214e-18f,0.2521931036547317f,0.7998543367431941f,0.5446390350150261f,1.5139164581889843f,0.16377611646542908f,0.5194314797329874f,-0.8386705679454246f,-0.02333397387399359f,0f,0f,0f,1f],start_interpolation:0}
execute if entity @s[tag=aj.labyria.bone.skirt_back_left] run data modify entity @s {} merge value {transformation:[-0.9537169507482269f,-0.3007057995042731f,1.027075226573457e-16f,2.8575876416174214e-18f,-0.2521931036547317f,0.7998543367431941f,0.5446390350150261f,1.5139164581889843f,-0.1637761164654293f,0.5194314797329874f,-0.8386705679454246f,-0.02333397387399359f,0f,0f,0f,1f],start_interpolation:0}
execute if entity @s[tag=aj.labyria.bone.skirt_back] run data modify entity @s {} merge value {transformation:[-1f,-6.669904509218549e-17f,1.027075226573457e-16f,2.8575876416174214e-18f,0f,0.8386705679454246f,0.5446390350150261f,1.5139164581889843f,-1.2246467991473532e-16f,0.5446390350150261f,-0.8386705679454246f,-0.02333397387399359f,0f,0f,0f,1f],start_interpolation:0}
execute if entity @s[tag=aj.labyria.bone.skirt_right] run data modify entity @s {} merge value {transformation:[-0.9537169507482269f,0.30070579950427306f,1.2060416625018979e-16f,-0.19375f,0.29613740272754274f,0.9392278472760163f,0.17364817766692917f,1.6000871365775526f,0.05221701409779387f,0.16561121050749006f,-0.9848077530122082f,-0.008139758328137313f,0f,0f,0f,1f],start_interpolation:0}
execute if entity @s[tag=aj.labyria.bone.skirt_left] run data modify entity @s {} merge value {transformation:[-0.9537169507482269f,-0.30070579950427306f,1.2060416625018979e-16f,0.19375f,-0.29613740272754274f,0.9392278472760163f,0.17364817766692917f,1.6000871365775526f,-0.052217014097794105f,0.16561121050749f,-0.9848077530122082f,-0.008139758328137264f,0f,0f,0f,1f],start_interpolation:0}
execute if entity @s[tag=aj.labyria.bone.coat_downer] run data modify entity @s {} merge value {transformation:[-1f,-1.7043789261815412e-17f,1.2127286206821952e-16f,4.8844812013693175e-18f,0f,0.9902680687415705f,0.13917310096006424f,1.4200519692300082f,-1.2246467991473532e-16f,0.13917310096006424f,-0.9902680687415705f,-0.0398848158078728f,0f,0f,0f,1f],start_interpolation:0}
execute if entity @s[tag=aj.labyria.bone.body_2] run data modify entity @s {} merge value {transformation:[-1f,-2.1265768495757568e-17f,1.2060416625018979e-16f,0f,0f,0.9848077530122082f,0.17364817766692917f,1.6462499999999998f,-1.2246467991473532e-16f,0.17364817766692917f,-0.9848077530122082f,0f,0f,0f,0f,1f],start_interpolation:0}
execute if entity @s[tag=aj.labyria.bone.sphere] run data modify entity @s {} merge value {transformation:[-0.8660254037844388f,1.4997597826618578e-31f,-0.49999999999999983f,1.0646250000000002f,6.123233995736765e-16f,1f,-1.060575238724907e-15f,2.455499999999999f,0.49999999999999983f,-1.2246467991473533e-15f,-0.8660254037844388f,-0.7211250000000009f,0f,0f,0f,1f],start_interpolation:0}