execute if entity @s[tag=aj.frestchika_v2.bone.hair] run data modify entity @s {} merge value {transformation:[-0.944694176409444f,-0.26336891345138547f,-0.19542192427033106f,-0.09709127878524085f,-0.3216834145338583f,0.8601086799039273f,0.3958949855299523f,1.5022084338225559f,0.06381766112856418f,0.4368636791739043f,-0.8972610723455687f,-0.2665844205052523f,0f,0f,0f,1f],start_interpolation:0}
execute if entity @s[tag=aj.frestchika_v2.bone.side_hair_2] run data modify entity @s {} merge value {transformation:[-0.9850711650466495f,0.1228449251780186f,-0.12059819298664326f,0.29706747202445594f,0.10287121879321609f,0.9817758453672218f,0.15979268380459377f,1.9214115269105896f,0.13803011315519115f,0.1450010821045266f,-0.9797562829861728f,0.04415689291432044f,0f,0f,0f,1f],start_interpolation:0}
execute if entity @s[tag=aj.frestchika_v2.bone.side_hair_1] run data modify entity @s {} merge value {transformation:[-0.944694176409444f,-0.3049737511761278f,-0.12059819298664326f,0.02943955593374689f,-0.3216834145338583f,0.9332663494503393f,0.15979268380459377f,2.2319389520913244f,0.06381766112856418f,0.18974965632959206f,-0.9797562829861728f,0.12774446990670613f,0f,0f,0f,1f],start_interpolation:0}
execute if entity @s[tag=aj.frestchika_v2.bone.head] run data modify entity @s {} merge value {transformation:[-0.944694176409444f,-0.3049737511761278f,-0.12059819298664326f,-0.11749648643599522f,-0.3216834145338583f,0.9332663494503393f,0.15979268380459377f,1.6235048099983556f,0.06381766112856418f,0.18974965632959206f,-0.9797562829861728f,0.04277119161831746f,0f,0f,0f,1f],start_interpolation:0}
execute if entity @s[tag=aj.frestchika_v2.bone.group] run data modify entity @s {} merge value {transformation:[0.000007176715573057131f,-0.000004286583877030971f,-0.000005488164743210369f,-0.2227932591163773f,0.000002328785676596168f,0.000008904550261394436f,-0.000003909698442946819f,1.3678491825801287f,0.000006562888910831855f,0.0000015278034256665265f,0.000007388795966637722f,0.5349761707110032f,0f,0f,0f,1f],start_interpolation:0}
execute if entity @s[tag=aj.frestchika_v2.bone.group2] run data modify entity @s {} merge value {transformation:[0.000007176715573057131f,-0.000004286583877030971f,-0.000005488164743210369f,-0.2227932591163773f,0.000002328785676596168f,0.000008904550261394436f,-0.000003909698442946819f,1.3678491825801287f,0.000006562888910831855f,0.0000015278034256665265f,0.000007388795966637722f,0.5349761707110032f,0f,0f,0f,1f],start_interpolation:0}
execute if entity @s[tag=aj.frestchika_v2.bone.group3] run data modify entity @s {} merge value {transformation:[0.000007176715573057131f,-0.000004286583877030971f,-0.000005488164743210369f,-0.2227932591163773f,0.000002328785676596168f,0.000008904550261394436f,-0.000003909698442946819f,1.3678491825801287f,0.000006562888910831855f,0.0000015278034256665265f,0.000007388795966637722f,0.5349761707110032f,0f,0f,0f,1f],start_interpolation:0}
execute if entity @s[tag=aj.frestchika_v2.locator_origin.muzzle] at @s on origin run tp @s ^-0.22279 ^1.36785 ^0.53498 ~-143.3962 ~-23.01486
execute if entity @s[tag=aj.frestchika_v2.bone.gun] run data modify entity @s {} merge value {transformation:[0.000007176715573057131f,-0.000004286583877030971f,-0.000005488164743210369f,-0.22279629901953513f,0.000002328785676596168f,0.000008904550261394436f,-0.000003909698442946819f,1.3678491286739862f,0.000006562888910831855f,0.0000015278034256665265f,0.000007388795966637722f,0.5349802283076726f,0f,0f,0f,1f],start_interpolation:0}
execute if entity @s[tag=aj.frestchika_v2.bone.sword] run data modify entity @s {} merge value {transformation:[-0.45111580063486223f,0.5494173841578968f,-0.775989551799933f,-0.0855383577375824f,0.937105964958889f,0.40216640028625184f,-0.260037130078124f,1.1629121321165343f,0.16078450471371972f,-0.8024508935541738f,-0.6616234719068477f,0.41684489501862243f,0f,0f,0f,1f],start_interpolation:0}
execute if entity @s[tag=aj.frestchika_v2.bone.arm_right_1] run data modify entity @s {} merge value {transformation:[0.7176715573057131f,-0.4286583877030971f,-0.5488164743210369f,-0.47450880935288026f,0.23287856765961676f,0.8904550261394436f,-0.3909698442946818f,1.275528667861198f,0.6562888910831854f,0.15278034256665263f,0.7388795966637721f,0.3668357982627757f,0f,0f,0f,1f],start_interpolation:0}
execute if entity @s[tag=aj.frestchika_v2.bone.arm_right_0] run data modify entity @s {} merge value {transformation:[-0.30735015879635347f,-0.4286583877030971f,-0.8495809946906988f,-0.3056516500944274f,-0.3027436959115883f,0.8904550261394436f,-0.3397588865781058f,1.3999563284918473f,0.9021541633632512f,0.15278034256665263f,-0.4034551182617073f,0.11539508596877113f,0f,0f,0f,1f],start_interpolation:0}
execute if entity @s[tag=aj.frestchika_v2.bone.arm_left_1] run data modify entity @s {} merge value {transformation:[-0.6563608388500598f,-0.18241363793234053f,0.7320626434399824f,0.34745410277909355f,-0.09424511565066325f,0.9825537150067528f,0.16033108027585125f,1.6763820481543825f,-0.748537445556359f,0.03624171384906266f,-0.6621013750002667f,0.11024599329455123f,0f,0f,0f,1f],start_interpolation:0}
execute if entity @s[tag=aj.frestchika_v2.bone.arm_left_0] run data modify entity @s {} merge value {transformation:[-0.8703939396736153f,-0.18241363793234053f,0.45731789214476604f,0.017749040328641046f,-0.14422687511540752f,0.9825537150067528f,0.11741722880767114f,1.6216862844852367f,-0.4707578977286389f,0.03624171384906266f,-0.8815177479230893f,-0.06637849319372821f,0f,0f,0f,1f],start_interpolation:0}
execute if entity @s[tag=aj.frestchika_v2.bone.right_wing_0] run data modify entity @s {} merge value {transformation:[-0.000008095489390483975f,-0.0000031332396382932063f,-0.000004964459779028295f,-0.45239459539165217f,-0.00000327953917538696f,0.000009427720859215415f,-6.022476216779682e-7f,1.2032090362611023f,0.000004869052713379023f,0.000001140565109821799f,-0.00000865975963318807f,-0.38484341141185674f,0f,0f,0f,1f],start_interpolation:0}
execute if entity @s[tag=aj.frestchika_v2.bone.right_wing_1] run data modify entity @s {} merge value {transformation:[-0.000008095489390483975f,-0.0000031332396382932063f,-0.000004964459779028295f,-0.07859456713414498f,-0.00000327953917538696f,0.000009427720859215415f,-6.022476216779682e-7f,2.1066897479399147f,0.000004869052713379023f,0.000001140565109821799f,-0.00000865975963318807f,0.02367435747835204f,0f,0f,0f,1f],start_interpolation:0}
execute if entity @s[tag=aj.frestchika_v2.bone.right_wing_2] run data modify entity @s {} merge value {transformation:[-0.000008095489390483975f,-0.0000031332396382932063f,-0.000004964459779028295f,-0.06766006194329266f,-0.00000327953917538696f,0.000009427720859215415f,-6.022476216779682e-7f,2.091062483313502f,0.000004869052713379023f,0.000001140565109821799f,-0.00000865975963318807f,0.018492639951574234f,0f,0f,0f,1f],start_interpolation:0}
execute if entity @s[tag=aj.frestchika_v2.bone.left_wing_0] run data modify entity @s {} merge value {transformation:[-0.000008095489390483975f,-0.0000031332396382932063f,-0.000004964459779028295f,-0.45239459539165217f,-0.00000327953917538696f,0.000009427720859215415f,-6.022476216779682e-7f,1.2032090362611023f,0.000004869052713379023f,0.000001140565109821799f,-0.00000865975963318807f,-0.38484341141185674f,0f,0f,0f,1f],start_interpolation:0}
execute if entity @s[tag=aj.frestchika_v2.bone.left_wing_1] run data modify entity @s {} merge value {transformation:[-0.000008095489390483975f,-0.0000031332396382932063f,-0.000004964459779028295f,-0.07859456713414498f,-0.00000327953917538696f,0.000009427720859215415f,-6.022476216779682e-7f,2.1066897479399147f,0.000004869052713379023f,0.000001140565109821799f,-0.00000865975963318807f,0.02367435747835204f,0f,0f,0f,1f],start_interpolation:0}
execute if entity @s[tag=aj.frestchika_v2.bone.left_wing_2] run data modify entity @s {} merge value {transformation:[-0.000008095489390483975f,-0.0000031332396382932063f,-0.000004964459779028295f,-0.06766006194329266f,-0.00000327953917538696f,0.000009427720859215415f,-6.022476216779682e-7f,2.091062483313502f,0.000004869052713379023f,0.000001140565109821799f,-0.00000865975963318807f,0.018492639951574234f,0f,0f,0f,1f],start_interpolation:0}
execute if entity @s[tag=aj.frestchika_v2.bone.leg_right_1] run data modify entity @s {} merge value {transformation:[-0.7975580446659335f,-0.5982595667410255f,-0.07737348506751632f,0.195267031618996f,-0.5052279248547391f,0.7325376302964655f,-0.4562163567284852f,1.0858506120707327f,0.3296147893156902f,-0.32476778011754626f,-0.8864987194925292f,0.5336996416716611f,0f,0f,0f,1f],start_interpolation:0}
execute if entity @s[tag=aj.frestchika_v2.bone.leg_right_0] run data modify entity @s {} merge value {transformation:[-0.7975580446659335f,-0.35559153704203916f,0.48729439169021116f,0.10691803780510413f,-0.5052279248547391f,-0.04763471335184111f,-0.8616702838272082f,1.018012366958375f,0.3296147893156902f,-0.933426801022966f,-0.14166332551653998f,0.21594318791617925f,0f,0f,0f,1f],start_interpolation:0}
execute if entity @s[tag=aj.frestchika_v2.bone.leg_left_1] run data modify entity @s {} merge value {transformation:[-0.7975580446659335f,-0.5389072857880487f,-0.27107213562668353f,0.5016884394434263f,-0.5052279248547391f,0.8422652855546985f,-0.18797322334959227f,0.9832779334578239f,0.3296147893156902f,-0.01296634389564194f,-0.9440264639247953f,0.35945466069433785f,0f,0f,0f,1f],start_interpolation:0}
execute if entity @s[tag=aj.frestchika_v2.bone.leg_left_0] run data modify entity @s {} merge value {transformation:[-0.7975580446659335f,-0.5894319709202489f,0.12833984979624835f,0.2912278462297423f,-0.5052279248547391f,0.5364315672803921f,-0.6760073354425051f,1.1608341932109034f,0.3296147893156902f,-0.6039959646240798f,-0.725632803408308f,0.12236530343290122f,0f,0f,0f,1f],start_interpolation:0}
execute if entity @s[tag=aj.frestchika_v2.bone.body_0] run data modify entity @s {} merge value {transformation:[-0.7975580446659335f,-0.603188109673809f,0.008078968794948904f,-0.019582747739332537f,-0.5052279248547391f,0.6605938015537512f,-0.5553022359902189f,1.328888533147874f,0.3296147893156902f,-0.44696748617421794f,-0.831609377633197f,0.007128531936386243f,0f,0f,0f,1f],start_interpolation:0}
execute if entity @s[tag=aj.frestchika_v2.bone.body_1] run data modify entity @s {} merge value {transformation:[-0.8095489390483974f,-0.3133239638293206f,-0.4964459779028294f,0f,-0.32795391753869596f,0.9427720859215414f,-0.06022476216779682f,1.2699652777777777f,0.48690527133790223f,0.11405651098217989f,-0.8659759633188069f,0f,0f,0f,0f,1f],start_interpolation:0}