execute if entity @s[tag=aj.axia.bone.wing_right_1] run data modify entity @s {} merge value {transformation:[0.06736858488492004f,0.811889401638425f,-0.056934328153124054f,-0.1736707986031299f,0.48907427733866904f,0.0052804107798057765f,0.6540052851102194f,1.019392395464193f,0.6505476688611729f,-0.08804635832128885f,-0.4857777411225193f,-0.07332011518739118f,0f,0f,0f,1f],start_interpolation:0}
execute if entity @s[tag=aj.axia.bone.wing_right_2] run data modify entity @s {} merge value {transformation:[0.365326118820498f,0.7095253807731295f,-0.05577240308877459f,-0.1736707986031299f,0.44460386001546975f,-0.17856211561540233f,0.640658238475317f,1.019392395464193f,0.555755552888944f,-0.32355726681021557f,-0.47586390967103936f,-0.07332011518739118f,0f,0f,0f,1f],start_interpolation:0}
execute if entity @s[tag=aj.axia.bone.wing_left_1] run data modify entity @s {} merge value {transformation:[0.2981624231365507f,0.7474364226386774f,-0.13922071680206594f,-0.16092909332470642f,0.6890556786076919f,-0.20245568723441287f,0.38879096045224487f,1.0604597313370194f,0.3213189780456141f,-0.25941266982162237f,-0.7045591710624342f,-0.039442720074338106f,0f,0f,0f,1f],start_interpolation:0}
execute if entity @s[tag=aj.axia.bone.wing_left_2] run data modify entity @s {} merge value {transformation:[-0.01034975568021948f,0.7882217458457313f,-0.13637947768365644f,-0.16092909332470642f,0.6995077964267953f,0.07508133208542077f,0.38085645105526034f,1.0604597313370194f,0.3880486120262367f,-0.11432092086834295f,-0.6901804124693233f,-0.039442720074338106f,0f,0f,0f,1f],start_interpolation:0}
execute if entity @s[tag=aj.axia.bone.blade] run data modify entity @s {} merge value {transformation:[0.2690249098055343f,-0.4526247125008338f,1.929444600795177f,0.12095956045855016f,-1.2311186443722537f,-1.564041149913612f,-0.19524898170266572f,0.5221163893676146f,1.5530526331657748f,-1.1614241908150704f,-0.4890003758755305f,0.6179253515178762f,0f,0f,0f,1f],start_interpolation:0}
execute if entity @s[tag=aj.axia.bone.arm_right_2] run data modify entity @s {} merge value {transformation:[-0.06474739097448642f,0.9647223003975886f,0.25518357799353336f,0.20947324711619253f,-0.9881619288257937f,-0.09762449085133323f,0.11834467121634484f,0.858944598756347f,0.1390819103308688f,-0.2445001879377655f,0.9596227802199744f,0.6014390374468745f,0f,0f,0f,1f],start_interpolation:0}
execute if entity @s[tag=aj.axia.bone.arm_right_1] run data modify entity @s {} merge value {transformation:[0.14475392707595758f,0.9647223003975886f,0.21990266872339928f,0.1542075353515035f,-0.5790323454586237f,-0.09762449085133323f,0.8094386954542653f,1.0323130785957f,0.8023514463804333f,-0.2445001879377655f,0.5444738878859332f,0.31415470137672674f,0f,0f,0f,1f],start_interpolation:0}
execute if entity @s[tag=aj.axia.bone.arm_left_2] run data modify entity @s {} merge value {transformation:[0.2515580848029797f,0.9647223003975886f,-0.07764929546262235f,-0.09195494936339992f,0.6157350405161699f,-0.09762449085133323f,0.7818822281306621f,0.416063588645219f,0.7467187488277011f,-0.2445001879377655f,-0.6185715546705893f,-0.37580268503514924f,0f,0f,0f,1f],start_interpolation:0}
execute if entity @s[tag=aj.axia.bone.arm_left_1] run data modify entity @s {} merge value {transformation:[0.26326678189976005f,0.9647223003975886f,-0.0012184677791885756f,0.007028518118457061f,0.3620285557389802f,-0.09762449085133323f,0.9270408748353904f,0.535152509757872f,0.8942180530372288f,-0.2445001879377655f,-0.3749583066431588f,-0.04557568667668127f,0f,0f,0f,1f],start_interpolation:0}
execute if entity @s[tag=aj.axia.bone.ear_edge_a1] run data modify entity @s {} merge value {transformation:[0.29049231205235376f,0.955217913254277f,-0.05632898753414933f,0.7089299059662059f,0.9519840085527438f,-0.2944513592163412f,-0.08381434552329628f,0.5418380949631513f,-0.09664711117424676f,-0.02927687233625973f,-0.9948880342269066f,0.09254937365971272f,0f,0f,0f,1f],start_interpolation:0}
execute if entity @s[tag=aj.axia.bone.ear_edge_a2] run data modify entity @s {} merge value {transformation:[0.13748686638985574f,0.9889006050830769f,-0.05632898753414933f,0.7347318622208763f,0.9863258465399442f,-0.1419030652655678f,-0.08381434552329628f,0.6540180378972592f,-0.09087731299703165f,-0.044035364589843085f,-0.9948880342269066f,0.08163790805089717f,0f,0f,0f,1f],start_interpolation:0}
execute if entity @s[tag=aj.axia.bone.ear_edge_b1] run data modify entity @s {} merge value {transformation:[0.3697330082057273f,0.9079132735039587f,0.19746136441964895f,0.7278646374895704f,0.9273035270560256f,-0.3472254658370939f,-0.13979500915149998f,0.6748236148794059f,-0.05835813013281356f,0.23479344894936702f,-0.9702918967907864f,0.04749801503425352f,0f,0f,0f,1f],start_interpolation:0}
execute if entity @s[tag=aj.axia.bone.ear_edge_b2] run data modify entity @s {} merge value {transformation:[0.07107635581215357f,0.9777306179137456f,0.19746136441964895f,0.7335206652163864f,0.9892166318135321f,-0.043678493103847665f,-0.13979500915149998f,0.6450629978210205f,-0.12805704583487393f,0.20526818563572488f,-0.9702918967907864f,0.05293682443132055f,0f,0f,0f,1f],start_interpolation:0}
execute if entity @s[tag=aj.axia.bone.ear_right_2] run data modify entity @s {} merge value {transformation:[0.22315205409444666f,0.9545743398578026f,0.19746136441964895f,0.8332889736562478f,0.970204911862555f,-0.19788831298008439f,-0.13979500915149998f,0.5720560691344969f,-0.09436943229245871f,0.2227735291073346f,-0.9702918967907864f,0.05155207677938917f,0f,0f,0f,1f],start_interpolation:0}
execute if entity @s[tag=aj.axia.bone.ear_right_1] run data modify entity @s {} merge value {transformation:[0.22315205409444666f,0.9731547697652243f,-0.05632898753414933f,0.6143291504590727f,0.970204911862555f,-0.22732704300692713f,-0.08381434552329628f,0.6232046538110554f,-0.09436943229245871f,-0.03594731701977097f,-0.9948880342269066f,0.059640223108837626f,0f,0f,0f,1f],start_interpolation:0}
execute if entity @s[tag=aj.axia.bone.ear_edge_a3] run data modify entity @s {} merge value {transformation:[-0.01085821739468134f,0.8774957656827644f,0.4794614482143781f,0.710835926505948f,0.9943943161406588f,0.059909648189500765f,-0.08712507148325016f,0.93461785805462f,-0.10517624799431226f,0.47582771594625417f,-0.8732273138165167f,0.11734499267812151f,0f,0f,0f,1f],start_interpolation:0}
execute if entity @s[tag=aj.axia.bone.ear_edge_a4] run data modify entity @s {} merge value {transformation:[0.126546045959277f,0.8683909361158969f,0.4794614482143781f,0.7050108265321546f,0.9915236057714771f,-0.09638548187858367f,-0.08712507148325016f,0.8194378862654754f,-0.029445499656157753f,0.4864226772620593f,-0.8732273138165167f,0.12563854040796407f,0f,0f,0f,1f],start_interpolation:0}
execute if entity @s[tag=aj.axia.bone.ear_edge_b3] run data modify entity @s {} merge value {transformation:[-0.0006161546965128481f,0.325937201966503f,0.9453912209914141f,0.7514030681354211f,0.9757863905161234f,0.2069765542590551f,-0.0707221752391986f,0.7897133946944477f,-0.21872480526201304f,0.9224563113564215f,-0.3181726154177932f,0.0503836795714563f,0f,0f,0f,1f],start_interpolation:0}
execute if entity @s[tag=aj.axia.bone.ear_edge_b4] run data modify entity @s {} merge value {transformation:[0.10013413656750456f,0.3101751021056386f,0.9453912209914141f,0.7568452438699983f,0.991987277915703f,-0.10468817690087932f,-0.0707221752391986f,0.8183774159319082f,0.07703502545773605f,0.9448977678304287f,-0.3181726154177932f,0.0601827731403731f,0f,0f,0f,1f],start_interpolation:0}
execute if entity @s[tag=aj.axia.bone.ear_left_2] run data modify entity @s {} merge value {transformation:[0.0503792430165909f,0.3220207619788486f,0.9453912209914141f,0.8240499849510327f,0.9961511073655744f,0.05178170742429807f,-0.0707221752391986f,0.8700820414682359f,-0.07172798036620587f,0.9453154413373273f,-0.3181726154177932f,0.15015943125584913f,0f,0f,0f,1f],start_interpolation:0}
execute if entity @s[tag=aj.axia.bone.ear_left_1] run data modify entity @s {} merge value {transformation:[0.0503792430165909f,0.8761156610569443f,0.4794614482143781f,0.6269239612132205f,0.9961511073655744f,-0.00960172970761377f,-0.08712507148325016f,0.872242430652449f,-0.07172798036620587f,0.48200534772694736f,-0.8732273138165167f,0.04170822801728616f,0f,0f,0f,1f],start_interpolation:0}
execute if entity @s[tag=aj.axia.bone.head] run data modify entity @s {} merge value {transformation:[0.0503792430165909f,0.9889918335928395f,-0.1391297414636728f,0.11811604554055594f,0.9961511073655744f,-0.05976407080670701f,-0.06411885163468256f,0.7803563426337734f,-0.07172798036620587f,-0.13536398681807527f,-0.9881961788558489f,0.15092939939657077f,0f,0f,0f,1f],start_interpolation:0}
execute if entity @s[tag=aj.axia.bone.body_1] run data modify entity @s {} merge value {transformation:[0.23276432952892162f,0.9647223003975886f,-0.12301077194512822f,-0.24365481710853976f,0.750214409382432f,-0.09762449085133323f,0.6539478562859478f,0.8169655267030234f,0.6188692162758785f,-0.2445001879377655f,-0.7464720699694511f,0.24261696987323284f,0f,0f,0f,1f],start_interpolation:0}
execute if entity @s[tag=aj.axia.bone.leg_left_2] run data modify entity @s {} merge value {transformation:[0.26638623615847307f,-0.115177164320584f,-0.9569600796294437f,-0.2836112710729088f,0.826211566666613f,0.5386046103598345f,0.16516513192993237f,0.578731218620994f,0.4963998592784078f,-0.8346492044674818f,0.23863756030888478f,0.4091027238034928f,0f,0f,0f,1f],start_interpolation:0}
execute if entity @s[tag=aj.axia.bone.leg_left_1] run data modify entity @s {} merge value {transformation:[0.22414386804201353f,-0.8407933866988688f,-0.4927737891797927f,-0.5688929618949261f,0.8365163037378083f,0.4254083727059328f,-0.3453522694474803f,0.7070355384047693f,0.4999999999999991f,-0.3348047151925083f,0.7986900542042978f,0.32233369645008314f,0f,0f,0f,1f],start_interpolation:0}
execute if entity @s[tag=aj.axia.bone.leg_right_2] run data modify entity @s {} merge value {transformation:[0.22414386804201353f,0.9465853673999658f,0.23180955252844082f,-0.7259474287062793f,0.8365163037378083f,-0.3089092812344483f,0.45256549752279107f,0.8296940060629625f,0.4999999999999991f,0.09247268889508997f,-0.8610742138796822f,0.6875276718436785f,0f,0f,0f,1f],start_interpolation:0}
execute if entity @s[tag=aj.axia.bone.leg_right_1] run data modify entity @s {} merge value {transformation:[0.22414386804201353f,0.8366623217509535f,-0.4997556260628471f,-0.45079968955782085f,0.8365163037378083f,0.09792334282106822f,0.5391210369773957f,0.8820599345995183f,0.4999999999999991f,-0.5388944036572021f,-0.6779327560362822f,0.4765724088097816f,0f,0f,0f,1f],start_interpolation:0}
execute if entity @s[tag=aj.axia.bone.coat_downer] run data modify entity @s {} merge value {transformation:[0.22414386804201353f,0.8268974360374027f,-0.515752030237336f,-0.43684827205152454f,0.8365163037378083f,0.10827240264634148f,0.5371383065896747f,0.7968629695013345f,0.4999999999999991f,-0.5518312396919532f,-0.6674445916329257f,0.37848046010794445f,0f,0f,0f,1f],start_interpolation:0}
execute if entity @s[tag=aj.axia.bone.body_2] run data modify entity @s {} merge value {transformation:[0.22414386804201353f,0.695667494788665f,-0.6825000096070527f,-0.2831611901537605f,0.8365163037378083f,0.2219639220945404f,0.500971546965737f,0.8399227497213817f,0.4999999999999991f,-0.683212085653402f,-0.5321853493071087f,0.22191900971976244f,0f,0f,0f,1f],start_interpolation:0}