execute if entity @s[tag=aj.axia.bone.wing_right_1] run data modify entity @s {} merge value {transformation:[-0.7632076649484546f,-0.14373905861080377f,-0.2525818434449548f,-0.008912201631489466f,-0.11077073997741183f,0.8000809420497996f,-0.12060171548533687f,1.1257339854127564f,0.26867889342713236f,-0.0784475215850025f,-0.7672040686990564f,-0.3673752776758281f,0f,0f,0f,1f],start_interpolation:0}
execute if entity @s[tag=aj.axia.bone.wing_right_2] run data modify entity @s {} merge value {transformation:[-0.7446058746276424f,0.1560189595659019f,-0.24742711194607822f,-0.008912201631489466f,0.1996789240234298f,0.7656181554537166f,-0.11814045598563612f,1.1257339854127564f,0.2137531725398456f,-0.17171757130713833f,-0.751546842807239f,-0.3673752776758281f,0f,0f,0f,1f],start_interpolation:0}
execute if entity @s[tag=aj.axia.bone.wing_left_1] run data modify entity @s {} merge value {transformation:[-0.7942264831890983f,0.13087860238255108f,0.13791130948515942f,-0.06459418066484357f,0.11089291617257248f,0.8000593990901925f,-0.12063234854145569f,1.125738353502634f,-0.1544393051922474f,-0.09859104325583805f,-0.7958471911403002f,-0.36329094039294474f,0f,0f,0f,1f],start_interpolation:0}
execute if entity @s[tag=aj.axia.bone.wing_left_2] run data modify entity @s {} merge value {transformation:[-0.7678576308046315f,-0.17928612703066438f,0.13509679296505414f,-0.06459418066484357f,-0.19956027564485534f,0.7656444591659778f,-0.11817046387734435f,1.125738353502634f,-0.10281223273350107f,-0.14712255708348007f,-0.7796054117292738f,-0.36329094039294474f,0f,0f,0f,1f],start_interpolation:0}
execute if entity @s[tag=aj.axia.bone.blade] run data modify entity @s {} merge value {transformation:[-0.2707515172408035f,1.9814095991506668f,0.026638624314979372f,-0.05960507668212872f,1.6318220729520994f,0.20768825799118998f,1.1375510141171234f,1.0170380412363778f,1.1242109847079922f,0.17573157908064407f,-1.6447699152087225f,0.4343937217690197f,0f,0f,0f,1f],start_interpolation:0}
execute if entity @s[tag=aj.axia.bone.arm_right_2] run data modify entity @s {} merge value {transformation:[0.36158298086303853f,-0.9309071005674774f,-0.05166931452275934f,-0.30050008479524776f,-0.546139613762622f,-0.16656437066433413f,-0.8209676197660953f,1.1565074041817938f,0.7556383197200982f,0.32506657862389754f,-0.5686320860031904f,0.2407738444097511f,0f,0f,0f,1f],start_interpolation:0}
execute if entity @s[tag=aj.axia.bone.arm_right_1] run data modify entity @s {} merge value {transformation:[0.03544020646935828f,-0.9971624830755488f,-0.06641516477443271f,-0.31415315281290773f,-0.6018958508665535f,0.03175430670743111f,-0.7979430109444896f,1.3912047392381113f,0.7977878016584589f,0.06825427717100363f,-0.5990625820169599f,-0.06788048818398754f,0f,0f,0f,1f],start_interpolation:0}
execute if entity @s[tag=aj.axia.bone.arm_left_2] run data modify entity @s {} merge value {transformation:[0.33939244992750267f,0.9405969276234478f,-0.009496561353344516f,0.36023536198438544f,0.654441902098622f,-0.2433677918647033f,-0.7158756279273908f,1.129443188033201f,-0.6756615733558816f,0.2367478355301874f,-0.6981632335364172f,0.19513450715148045f,0f,0f,0f,1f],start_interpolation:0}
execute if entity @s[tag=aj.axia.bone.arm_left_1] run data modify entity @s {} merge value {transformation:[-0.11089609791546975f,0.9938043540336698f,-0.00741359365237608f,0.3217549638724395f,0.698568947188385f,0.07264129342592901f,-0.7118459584162289f,1.3916335472708015f,-0.7068970798434762f,-0.08411984541788049f,-0.7022964972970019f,-0.07021477230675395f,0f,0f,0f,1f],start_interpolation:0}
execute if entity @s[tag=aj.axia.bone.ear_edge_a1] run data modify entity @s {} merge value {transformation:[-0.9705319254635809f,0.24096971938578857f,-0.0011730281703489914f,0.18531096476306935f,0.22929315745370588f,0.9249785263157425f,0.30305011763678114f,2.0249619346035175f,0.07411092767510165f,0.29385084684902857f,-0.9529738979663843f,0.0012094597424597703f,0f,0f,0f,1f],start_interpolation:0}
execute if entity @s[tag=aj.axia.bone.ear_edge_a2] run data modify entity @s {} merge value {transformation:[-0.9962790360987386f,0.08617833970946501f,-0.0011730281703489914f,0.07142300418216607f,0.08177165725736608f,0.9494598581665877f,0.30305011763678114f,2.0439488743246974f,0.027230099146940818f,0.3018265586312827f,-0.9529738979663843f,0.007387580795570517f,0f,0f,0f,1f],start_interpolation:0}
execute if entity @s[tag=aj.axia.bone.ear_edge_b1] run data modify entity @s {} merge value {transformation:[-0.949202167232251f,0.3033924967892686f,0.08347597626605684f,0.048773931891859384f,0.26705742087444845f,0.6364206907981491f,0.7236359846496678f,2.061236787577246f,0.16641988966912982f,0.7091697238432987f,-0.6851151166822508f,-0.05386151755822065f,0f,0f,0f,1f],start_interpolation:0}
execute if entity @s[tag=aj.axia.bone.ear_edge_b2] run data modify entity @s {} merge value {transformation:[-0.9964983439014452f,-0.004776189705806094f,0.08347597626605684f,0.07836602502062695f,0.057321891319149776f,0.6877973266127901f,0.7236359846496678f,2.064997871290007f,-0.06087077605282121f,0.7258870611301685f,-0.6851151166822508f,-0.046283397833384574f,0f,0f,0f,1f],start_interpolation:0}
execute if entity @s[tag=aj.axia.bone.ear_right_2] run data modify entity @s {} merge value {transformation:[-0.9849769563753796f,0.15116929845680338f,0.08347597626605684f,0.14521861262208655f,0.16421137056155863f,0.6703622807843532f,0.7236359846496678f,2.152978382009522f,0.053432398297174055f,0.7264724741555443f,-0.6851151166822508f,0.009176549838538384f,0f,0f,0f,1f],start_interpolation:0}
execute if entity @s[tag=aj.axia.bone.ear_right_1] run data modify entity @s {} merge value {transformation:[-0.9849769563753796f,0.17268184448402488f,-0.0011730281703489914f,0.10636519761318101f,0.16421137056155863f,0.9387200072325227f,0.30305011763678114f,1.9417663803822045f,0.053432398297174055f,0.29830475793551725f,-0.9529738979663843f,-0.057942020696952895f,0f,0f,0f,1f],start_interpolation:0}
execute if entity @s[tag=aj.axia.bone.ear_edge_a3] run data modify entity @s {} merge value {transformation:[-0.9868533478572561f,-0.15092488395128323f,-0.05781132438560041f,-0.21114464982017134f,-0.1598414964720383f,0.9643220849150502f,0.21102988544438375f,2.0336696035766297f,0.02389907589227626f,0.21749619755154825f,-0.9757685372167485f,0.009475982993263743f,0f,0f,0f,1f],start_interpolation:0}
execute if entity @s[tag=aj.axia.bone.ear_edge_a4] run data modify entity @s {} merge value {transformation:[-0.9983133990380675f,0.005311127360854095f,-0.05781132438560041f,-0.09610038674201982f,-0.007020372928545085f,0.9774543988408227f,0.21102988544438375f,2.0443284274192868f,0.05762873992206043f,0.21107981929327685f,-0.9757685372167485f,0.004965148026622637f,0f,0f,0f,1f],start_interpolation:0}
execute if entity @s[tag=aj.axia.bone.ear_edge_b3] run data modify entity @s {} merge value {transformation:[-0.9702662668475774f,-0.23432644051989812f,-0.06061757740903571f,-0.07398781587380397f,-0.24203962984589794f,0.9388934714610538f,0.24473632103117016f,2.0401755429444624f,-0.0004347432880405025f,0.2521312525671619f,-0.9676929484486221f,-0.0016051031525812012f,0f,0f,0f,1f],start_interpolation:0}
execute if entity @s[tag=aj.axia.bone.ear_edge_b4] run data modify entity @s {} merge value {transformation:[-0.9951889079787997f,0.07697107732794126f,-0.06061757740903571f,-0.1029672856513847f,0.059940671422547165f,0.9677351130746173f,0.24473632103117016f,2.0496478244992717f,0.07749937641928861f,0.23992541377985344f,-0.9676929484486221f,0.0026058158156136435f,0f,0f,0f,1f],start_interpolation:0}
execute if entity @s[tag=aj.axia.bone.ear_left_2] run data modify entity @s {} merge value {transformation:[-0.9949774104056346f,-0.07965840879378075f,-0.06061757740903571f,-0.16176844172375976f,-0.09218442242298107f,0.9651974748364551f,0.24473632103117016f,2.15839912538062f,0.0390126267385177f,0.24909510729392811f,-0.9676929484486221f,0.0014998626445145435f,0f,0f,0f,1f],start_interpolation:0}
execute if entity @s[tag=aj.axia.bone.ear_left_1] run data modify entity @s {} merge value {transformation:[-0.9949774104056346f,-0.08171782887032919f,-0.05781132438560041f,-0.14338193022793572f,-0.09218442242298107f,0.9731230239347292f,0.21102988544438375f,1.9394464449953062f,0.0390126267385177f,0.21529927248564493f,-0.9757685372167485f,-0.046942473664755485f,0f,0f,0f,1f],start_interpolation:0}
execute if entity @s[tag=aj.axia.bone.head] run data modify entity @s {} merge value {transformation:[-0.9989885113644669f,-0.006710840442930514f,-0.04446255483388268f,-0.013679605741816623f,-0.009279741547593558f,0.9982836233160838f,0.05782468171742214f,1.4271790344355928f,0.04399818812878961f,0.05817879372641585f,-0.9973361456409382f,-0.051092124414363005f,0f,0f,0f,1f],start_interpolation:0}
execute if entity @s[tag=aj.axia.bone.body_1] run data modify entity @s {} merge value {transformation:[-0.9973206085147112f,-0.011051900976567514f,-0.07231500063368779f,-0.009535142875603805f,0.00007823691130012166f,0.9883604717189985f,-0.1521301147780555f,1.0565438575409685f,0.07315461510275227f,-0.1517281563461534f,-0.9857114024200822f,0.005805934215444514f,0f,0f,0f,1f],start_interpolation:0}
execute if entity @s[tag=aj.axia.bone.leg_left_2] run data modify entity @s {} merge value {transformation:[-0.9614903864611783f,-0.16917870097268156f,-0.21659825456344298f,0.20282532403307346f,-0.08038265833146878f,0.9267327535035746f,-0.3670218410711403f,0.7828270954307638f,0.2628209751566652f,-0.33547722831941784f,-0.9046436670296327f,0.42549288447568456f,0f,0f,0f,1f],start_interpolation:0}
execute if entity @s[tag=aj.axia.bone.leg_left_1] run data modify entity @s {} merge value {transformation:[-0.9619371274296378f,-0.2692798126986126f,0.04653327138099181f,0.12485675815894537f,-0.08110192162225664f,0.11870580721494484f,-0.989611746920289f,0.751992005990826f,0.26095869631340946f,-0.9557182188314968f,-0.1360266334654993f,0.1285047235574469f,0f,0f,0f,1f],start_interpolation:0}
execute if entity @s[tag=aj.axia.bone.leg_right_2] run data modify entity @s {} merge value {transformation:[-0.9838127981572226f,0.16349351224366787f,0.07336381694190676f,-0.17827655640778275f,0.15404790312635525f,0.980764790379137f,-0.11987355627885732f,0.589723979496434f,-0.09155119728561197f,-0.1066315966625136f,-0.9900747854928806f,0.4459342432431306f,0f,0f,0f,1f],start_interpolation:0}
execute if entity @s[tag=aj.axia.bone.leg_right_1] run data modify entity @s {} merge value {transformation:[-0.9838127981572226f,0.16454409545366755f,-0.07097618497348476f,-0.1243761305320902f,0.15404790312635525f,0.5742150320271363f,-0.8040810534619305f,0.7569573572509396f,-0.09155119728561197f,-0.8019989636186629f,-0.5902677702790163f,0.1481120581137521f,0f,0f,0f,1f],start_interpolation:0}
execute if entity @s[tag=aj.axia.bone.coat_downer] run data modify entity @s {} merge value {transformation:[-0.9972896347930468f,-0.03578364301789856f,-0.06428775331833382f,-0.00961289853088751f,0f,0.8737633367933841f,-0.48635134550620013f,0.8071815778160832f,0.07357570478324581f,-0.4850331557409852f,-0.8713951190462279f,0.11093513567843037f,0f,0f,0f,1f],start_interpolation:0}
execute if entity @s[tag=aj.axia.bone.body_2] run data modify entity @s {} merge value {transformation:[-0.9972896347930468f,-0.03643930077591302f,-0.06391839870736661f,-0.009963479526184895f,0f,0.8687432746403225f,-0.4952626805718448f,1.0012914032435303f,0.07357570478324581f,-0.4939203378341205f,-0.8663886630949628f,-1.2201743310112519e-18f,0f,0f,0f,1f],start_interpolation:0}