execute if entity @s[tag=aj.axia.bone.wing_right_1] run data modify entity @s {} merge value {transformation:[-0.7750804302699418f,-0.13973125785773968f,-0.21603228146390588f,-0.15169115015225193f,-0.12880790136263928f,0.8043475129764343f,-0.058120971771141956f,1.152424876482692f,0.22271797323871048f,-0.021087873068736843f,-0.785427559008673f,-0.1997267253477851f,0f,0f,0f,1f],start_interpolation:0}
execute if entity @s[tag=aj.axia.bone.wing_right_2] run data modify entity @s {} merge value {transformation:[-0.7538486036984152f,0.16409690471303445f,-0.21162345939321395f,-0.15169115015225193f,0.18495426943882806f,0.7762411631750038f,-0.056934829490098246f,1.152424876482692f,0.19366001373102132f,-0.10257613005138407f,-0.7693984251513531f,-0.1997267253477851f,0f,0f,0f,1f],start_interpolation:0}
execute if entity @s[tag=aj.axia.bone.wing_left_1] run data modify entity @s {} merge value {transformation:[-0.793648048945683f,0.13687789843373335f,0.13539445989227164f,-0.20631724544461547f,0.12880790136263928f,0.8043475129764343f,-0.058120971771141956f,1.152424876482692f,-0.14309347782379167f,-0.03512781993568449f,-0.8032650479855965f,-0.19695404968608196f,0f,0f,0f,1f],start_interpolation:0}
execute if entity @s[tag=aj.axia.bone.wing_left_2] run data modify entity @s {} merge value {transformation:[-0.7695831109478927f,-0.17363977532503422f,0.13263130764957223f,-0.20631724544461547f,-0.18495426943882806f,0.7762411631750038f,-0.056934829490098246f,1.152424876482692f,-0.11633466190311995f,-0.08543351226415083f,-0.7868718837409926f,-0.19695404968608196f,0f,0f,0f,1f],start_interpolation:0}
execute if entity @s[tag=aj.axia.bone.blade] run data modify entity @s {} merge value {transformation:[-0.6970730617897265f,-1.8745758323233837f,-0.007388869750467409f,-1.196366404581266f,-0.13901360922157213f,0.0438308226252585f,1.9946814471085816f,1.4045134820526963f,-1.8694288868470736f,0.6957329285416111f,-0.1455724189694789f,0.30212269407960246f,0f,0f,0f,1f],start_interpolation:0}
execute if entity @s[tag=aj.axia.bone.arm_right_2] run data modify entity @s {} merge value {transformation:[-0.8669084562259293f,-0.0036944348752339594f,-0.4984536885959706f,-0.8315469010772681f,0.03308678632144822f,0.9973407235542908f,-0.06493647442787842f,1.3964935772394504f,0.4973680660184116f,-0.07278620948473914f,-0.8644808700104062f,0.15224705632603866f,0f,0f,0f,1f],start_interpolation:0}
execute if entity @s[tag=aj.axia.bone.arm_right_1] run data modify entity @s {} merge value {transformation:[-0.99999159014519f,-0.0036944348752339594f,0.0017806711787962254f,-0.459686157686893f,-0.003814239729977562f,0.9973407235542908f,-0.0727800296474654f,1.3983668728243326f,-0.001507054802122751f,-0.07278620948473914f,-0.9973464275238906f,0.15904090750260239f,0f,0f,0f,1f],start_interpolation:0}
execute if entity @s[tag=aj.axia.bone.arm_left_2] run data modify entity @s {} merge value {transformation:[-0.45607391941144226f,0.5067567992430863f,0.731569631992463f,0.4127635470328619f,0.1795938700069896f,0.8575379136818444f,-0.4820526614946776f,1.2438764515655083f,-0.8716321597374652f,-0.08846622530147913f,-0.48211109206521074f,0.24952889415687046f,0f,0f,0f,1f],start_interpolation:0}
execute if entity @s[tag=aj.axia.bone.arm_left_1] run data modify entity @s {} merge value {transformation:[-0.8119456740226143f,0.5067567992430863f,0.28972705924173725f,0.136421457765695f,0.4402740925641109f,0.8575379136818444f,-0.2660591100019663f,1.3983668728243326f,-0.38327920091339607f,-0.08846622530147913f,-0.9193860892617947f,0.1287840665500269f,0f,0f,0f,1f],start_interpolation:0}
execute if entity @s[tag=aj.axia.bone.ear_edge_a1] run data modify entity @s {} merge value {transformation:[-0.9218725080290759f,0.3730047494456027f,0.104969213730526f,0.08285559958855458f,0.3740843740195956f,0.9273412795123791f,-0.00995150374118092f,2.0177542437172553f,-0.10105424312986057f,0.03009332489716983f,-0.9944256793456636f,0.15949902254241888f,0f,0f,0f,1f],start_interpolation:0}
execute if entity @s[tag=aj.axia.bone.ear_edge_a2] run data modify entity @s {} merge value {transformation:[-0.9688735261325041f,0.224199809385208f,0.104969213730526f,-0.02648476182057273f,0.224410637647743f,0.9744438584566186f,-0.00995150374118092f,2.0534228294353203f,-0.10451773088860022f,0.013914459666610849f,-0.9944256793456636f,0.1476003677951588f,0f,0f,0f,1f],start_interpolation:0}
execute if entity @s[tag=aj.axia.bone.ear_edge_b1] run data modify entity @s {} merge value {transformation:[-0.8917456491098115f,0.4147397347823236f,0.1810542727648522f,-0.046882829730346215f,0.4488167757736594f,0.8617412460273839f,0.2365703419266852f,2.0501584083406494f,-0.057906813742928574f,0.2922207680639075f,-0.954596157353612f,0.11268868658781647f,0f,0f,0f,1f],start_interpolation:0}
execute if entity @s[tag=aj.axia.bone.ear_edge_b2] run data modify entity @s {} merge value {transformation:[-0.9762621367540341f,0.11887636709640217f,0.1810542727648522f,-0.016909852518107116f,0.16055742944581539f,0.9582566384692794f,0.2365703419266852f,2.0529990432878176f,-0.1453738359891493f,0.2600242761272843f,-0.954596157353612f,0.11907750925960178f,0f,0f,0f,1f],start_interpolation:0}
execute if entity @s[tag=aj.axia.bone.ear_right_2] run data modify entity @s {} merge value {transformation:[-0.9456463689438036f,0.2701338468555739f,0.1810542727648522f,0.0640987290013384f,0.3084850656697499f,0.9213421935304067f,0.2365703419266852f,2.1462214235220363f,-0.1029072843006276f,0.2795644240664181f,-0.954596157353612f,0.12480830980787753f,0f,0f,0f,1f],start_interpolation:0}
execute if entity @s[tag=aj.axia.bone.ear_right_1] run data modify entity @s {} merge value {transformation:[-0.9456463689438036f,0.3077895532213452f,0.104969213730526f,-0.005153920473464163f,0.3084850656697499f,0.9511771295778823f,-0.00995150374118092f,1.932206569367013f,-0.1029072843006276f,0.02297083141258497f,-0.9944256793456636f,0.11963987274004592f,0f,0f,0f,1f],start_interpolation:0}
execute if entity @s[tag=aj.axia.bone.ear_edge_a3] run data modify entity @s {} merge value {transformation:[-0.9943068122374465f,-0.015580004944155915f,0.10540980307422759f,-0.31131379865235576f,-0.013885297559123294f,0.9997625824754014f,0.016792176565609537f,2.058248228422087f,-0.10564639913362865f,0.015232929070145373f,-0.9942870793800159f,0.12074042141265967f,0f,0f,0f,1f],start_interpolation:0}
execute if entity @s[tag=aj.axia.bone.ear_edge_a4] run data modify entity @s {} merge value {transformation:[-0.984502495160008f,0.14015566502846485f,0.10540980307422759f,-0.19650146468414742f,0.14268297825193893f,0.9896259851698247f,0.016792176565609537f,2.0517861277017166f,-0.1019627615400613f,0.03157212436759123f,-0.9942870793800159f,0.13280316770247247f,0f,0f,0f,1f],start_interpolation:0}
execute if entity @s[tag=aj.axia.bone.ear_edge_b3] run data modify entity @s {} merge value {transformation:[-0.9796160725781139f,-0.16247163865585812f,0.11813262453324243f,-0.1680745537152476f,-0.07795844940812385f,0.849474507805982f,0.5218386156214059f,2.0464674226971917f,-0.1851346280751193f,0.501992058921518f,-0.8448249181145302f,0.0690670076427751f,0f,0f,0f,1f],start_interpolation:0}
execute if entity @s[tag=aj.axia.bone.ear_edge_b4] run data modify entity @s {} merge value {transformation:[-0.9818767467414872f,0.14819830373267368f,0.11813262453324243f,-0.1960921985304911f,0.18835916789048013f,0.8319887517977274f,0.5218386156214059f,2.0586794282260947f,-0.020949417174702917f,0.5346325650882274f,-0.8448249181145302f,0.07269249036496403f,0f,0f,0f,1f],start_interpolation:0}
execute if entity @s[tag=aj.axia.bone.ear_left_2] run data modify entity @s {} merge value {transformation:[-0.9929715370223422f,-0.007225626919208111f,0.11813262453324243f,-0.24128791578263534f,0.05588843866266236f,0.8512114553212875f,0.5218386156214059f,2.1707952341377523f,-0.10432645439838087f,0.524773140171484f,-0.8448249181145302f,0.09863546124521946f,0f,0f,0f,1f],start_interpolation:0}
execute if entity @s[tag=aj.axia.bone.ear_left_1] run data modify entity @s {} merge value {transformation:[-0.9929715370223422f,0.05381728420628611f,0.10540980307422759f,-0.2533968047290497f,0.05588843866266236f,0.9982958004669954f,0.016792176565609537f,1.9461786790326787f,-0.10432645439838087f,0.022565342687861187f,-0.9942870793800159f,0.0935582591404507f,0f,0f,0f,1f],start_interpolation:0}
execute if entity @s[tag=aj.axia.bone.head] run data modify entity @s {} merge value {transformation:[-0.9929715370223422f,0.057025866439430486f,0.103709099023759f,-0.16174202849595753f,0.05588843866266236f,0.9983410522208658f,-0.013842899782360918f,1.4279754255548507f,-0.10432645439838087f,-0.007949465854187793f,-0.9945113357349407f,0.14175164643223645f,0f,0f,0f,1f],start_interpolation:0}
execute if entity @s[tag=aj.axia.bone.body_1] run data modify entity @s {} merge value {transformation:[-0.9987143295540742f,-0.0036944348752339594f,-0.05055728527431833f,-0.1603566154177448f,-5.044300541972208e-19f,0.9973407235542908f,-0.07287990902988067f,1.0539726542219916f,0.0506920895540532f,-0.07278620948473914f,-0.9960584720614989f,0.16904647498901362f,0f,0f,0f,1f],start_interpolation:0}
execute if entity @s[tag=aj.axia.bone.leg_left_2] run data modify entity @s {} merge value {transformation:[-0.9963605269294019f,0.0050182228364059125f,-0.08509123231290522f,-0.03187808909728738f,-0.03371173870442973f,0.8936754664471505f,0.44744572781957853f,0.4049176246970723f,0.07828932909719488f,0.4486858345323955f,-0.8902537856361403f,0.23440865092966126f,0f,0f,0f,1f],start_interpolation:0}
execute if entity @s[tag=aj.axia.bone.leg_left_1] run data modify entity @s {} merge value {transformation:[-0.9987143295540742f,-0.010535863072156698f,-0.04958511402307062f,-0.036583705101981154f,-5.044300541972208e-19f,0.978162755950271f,-0.20784037834783403f,0.7097617627125596f,0.0506920895540532f,-0.20757316411592214f,-0.9769051610036403f,0.14170057409539505f,0f,0f,0f,1f],start_interpolation:0}
execute if entity @s[tag=aj.axia.bone.leg_right_2] run data modify entity @s {} merge value {transformation:[-0.9987143295540742f,0.013317160692314763f,-0.048911564833393095f,-0.2739258911651288f,-5.044300541972208e-19f,0.9648756889620516f,0.2627068800964421f,0.8300447594570919f,0.0506920895540532f,0.26236912562476067f,-0.9636351768047606f,0.3974201130822958f,0f,0f,0f,1f],start_interpolation:0}
execute if entity @s[tag=aj.axia.bone.leg_right_1] run data modify entity @s {} merge value {transformation:[-0.9987143295540742f,-0.045421577164570896f,0.022507071582928792f,-0.29021350490369613f,-5.044300541972208e-19f,-0.44399573544762655f,-0.8960288984761157f,0.7209678044197274f,0.0506920895540532f,-0.8948769006026493f,0.4434249032524444f,0.07652836492100196f,0f,0f,0f,1f],start_interpolation:0}
execute if entity @s[tag=aj.axia.bone.coat_downer] run data modify entity @s {} merge value {transformation:[-0.9987143295540742f,0.014218523816175343f,-0.04865718368180596f,-0.1689076193592261f,-5.044300541972208e-19f,0.9598575262896312f,0.2804880197533397f,0.831023635735543f,0.0506920895540532f,0.2801274045959066f,-0.9586234658357813f,0.1546949228073856f,0f,0f,0f,1f],start_interpolation:0}
execute if entity @s[tag=aj.axia.bone.body_2] run data modify entity @s {} merge value {transformation:[-0.9987143295540742f,0.0033501459774662222f,-0.05058126595179105f,-0.1603566154177448f,-5.044300541972208e-19f,0.9978137890302593f,0.06608814130445234f,1.0539726542219916f,0.0506920895540532f,0.06600317373435108f,-0.9965309293311658f,0.16904647498901362f,0f,0f,0f,1f],start_interpolation:0}