execute if entity @s[tag=aj.axia.bone.wing_right_1] run data modify entity @s {} merge value {transformation:[-0.011402976858991415f,0.7641303816603133f,-0.2879569002244286f,-0.2170040438451644f,-0.34304514391967333f,0.2568578577906766f,0.6951895529772866f,1.0102303734967515f,0.7410360624128413f,0.1306646285698344f,0.31739053780606524f,0.02831846112611372f,0f,0f,0f,1f],start_interpolation:0}
execute if entity @s[tag=aj.axia.bone.wing_right_2] run data modify entity @s {} merge value {transformation:[0.27613230396587046f,0.6958316572502008f,-0.28208022879127703f,-0.2170040438451644f,-0.21417515808538257f,0.361061300286228f,0.681002011079791f,1.0102303734967515f,0.7196387651909824f,-0.15954009591340162f,0.3109131798916558f,0.02831846112611372f,0f,0f,0f,1f],start_interpolation:0}
execute if entity @s[tag=aj.axia.bone.wing_left_1] run data modify entity @s {} merge value {transformation:[0.10488904071397305f,0.7476462662824457f,-0.31139652229346626f,-0.21366169447282732f,0.11734990729843932f,0.29665401742438136f,0.7517777847525604f,1.002161231409107f,0.8013561835036869f,-0.1413007392207752f,-0.06933118130042408f,0.08346265634042514f,0f,0f,0f,1f],start_interpolation:0}
execute if entity @s[tag=aj.axia.bone.wing_left_2] run data modify entity @s {} merge value {transformation:[-0.18534563409847588f,0.7159585773989289f,-0.3050414912262527f,-0.21366169447282732f,-0.005003167462266582f,0.31247063534529745f,0.7364353809821f,1.002161231409107f,0.7782171703554083f,0.17252657040528055f,-0.06791625923306849f,0.08346265634042514f,0f,0f,0f,1f],start_interpolation:0}
execute if entity @s[tag=aj.axia.bone.blade] run data modify entity @s {} merge value {transformation:[0.6382285307691501f,-0.4224342204221584f,1.847759094668073f,0.209394060054398f,-1.5408202233783055f,1.0198464154749027f,0.7653667931596079f,0.38911512938712545f,-1.1038738069818859f,-1.6677717524467537f,-5.525738966544068e-8f,-0.11893955525512537f,0f,0f,0f,1f],start_interpolation:0}
execute if entity @s[tag=aj.axia.bone.arm_right_2] run data modify entity @s {} merge value {transformation:[0.12458953853424726f,0.9238795473340362f,0.361834256125204f,0.24832645599354247f,-0.30078585487577125f,0.3826833965798041f,-0.873545240665185f,0.46252742014413645f,-0.9455185436544726f,-2.762869489532558e-8f,0.3255682472317048f,0.21095237471974854f,0f,0f,0f,1f],start_interpolation:0}
execute if entity @s[tag=aj.axia.bone.arm_right_1] run data modify entity @s {} merge value {transformation:[0.35726573290117936f,0.9238795473340362f,0.137141452932509f,0.12458005615056972f,-0.8625158981077147f,0.3826833965798041f,-0.3310887245038511f,0.7612776962146489f,-0.3583678579421232f,-2.762869489532558e-8f,0.9335804616603615f,0.3016072377922597f,0f,0f,0f,1f],start_interpolation:0}
execute if entity @s[tag=aj.axia.bone.arm_left_2] run data modify entity @s {} merge value {transformation:[0.21675425268156803f,0.9238795473340362f,-0.3153794158823803f,-0.0015462501407452894f,-0.5232910543556363f,0.3826833965798041f,0.76139338742434f,1.0412754450618067f,0.8241262441979514f,-2.762869489532558e-8f,0.5664061560613354f,-0.610480900531382f,0f,0f,0f,1f],start_interpolation:0}
execute if entity @s[tag=aj.axia.bone.arm_left_1] run data modify entity @s {} merge value {transformation:[0.2560651642617722f,0.9238795473340362f,-0.2843891940096318f,0.09736531004283816f,-0.6181960064858045f,0.3826833965798041f,0.6865763726980034f,0.8106478282439419f,0.7431448911326746f,-2.762869489532558e-8f,0.6691305334412745f,-0.33180156644296877f,0f,0f,0f,1f],start_interpolation:0}
execute if entity @s[tag=aj.axia.bone.ear_edge_a1] run data modify entity @s {} merge value {transformation:[0.008105109601933252f,0.9905372930728387f,-0.13700430004300598f,0.7741379338468074f,0.5017101481711712f,0.11448800592730886f,0.8574260456277556f,0.862436182783623f,0.8649978233616556f,-0.07568597975002933f,-0.49603467424049724f,-0.11478206036538485f,0f,0f,0f,1f],start_interpolation:0}
execute if entity @s[tag=aj.axia.bone.ear_edge_a2] run data modify entity @s {} merge value {transformation:[-0.14694884929117272f,0.9796100537773824f,-0.13700430004300598f,0.7670835343454424f,0.47762339374616347f,0.19156322722680214f,0.8574260456277556f,0.9193816950705117f,0.8661881605277213f,0.06056131201292105f,-0.49603467424049724f,-0.01439986720813731f,0f,0f,0f,1f],start_interpolation:0}
execute if entity @s[tag=aj.axia.bone.ear_edge_b1] run data modify entity @s {} merge value {transformation:[0.09468225338584249f,0.9878103294260556f,0.12355575248836717f,0.7512113215324017f,0.4742682959695769f,-0.15388208498260708f,0.8668274841971265f,0.9565947371751872f,0.8752741595248273f,-0.02347460331066796f,-0.4830570242399069f,-0.011429099295399286f,0f,0f,0f,1f],start_interpolation:0}
execute if entity @s[tag=aj.axia.bone.ear_edge_b2] run data modify entity @s {} merge value {transformation:[-0.215202004951652f,0.9687218760262528f,0.12355575248836717f,0.7653080104556317f,0.49860813274354016f,0.00020640368405357157f,0.8668274841971265f,0.9417706806533983f,0.8396892443200575f,0.2481489155843658f,-0.4830570242399069f,-0.03442467136135341f,0f,0f,0f,1f],start_interpolation:0}
execute if entity @s[tag=aj.axia.bone.ear_right_2] run data modify entity @s {} merge value {transformation:[-0.06101102271450809f,0.9904603127507751f,0.12355575248836717f,0.8804559458407432f,0.49250172788660457f,-0.07779563399824851f,0.8668274841971265f,0.9364945896214927f,0.8681703191978165f,0.11373745291876126f,-0.4830570242399069f,-0.07913216929200521f,0f,0f,0f,1f],start_interpolation:0}
execute if entity @s[tag=aj.axia.bone.ear_right_1] run data modify entity @s {} merge value {transformation:[-0.06101102271450809f,0.988689777876284f,-0.13700430004300598f,0.6580007458185796f,0.49250172788660457f,0.14920664967708053f,0.8574260456277556f,0.9029230934441497f,0.8681703191978165f,-0.01516241455326943f,-0.49603467424049724f,-0.0757206260175196f,0f,0f,0f,1f],start_interpolation:0}
execute if entity @s[tag=aj.axia.bone.ear_edge_a3] run data modify entity @s {} merge value {transformation:[-0.29038076460208817f,0.8691938530317858f,0.4002262577603638f,0.6713280695249679f,0.4639581807336448f,-0.23791355912996445f,0.853311165350858f,0.9855091495017951f,0.8369120730873901f,0.4334733950704144f,-0.33418407754813123f,0.24462841459118678f,0f,0f,0f,1f],start_interpolation:0}
execute if entity @s[tag=aj.axia.bone.ear_edge_a4] run data modify entity @s {} merge value {transformation:[-0.15083382011529928f,0.9039181939249593f,0.4002262577603638f,0.6978109945195247f,0.42102820528603935f,-0.3075634982262643f,0.853311165350858f,0.9339135755443841f,0.894418475358734f,0.29721472583010167f,-0.33418407754813123f,0.1445999583562832f,0f,0f,0f,1f],start_interpolation:0}
execute if entity @s[tag=aj.axia.bone.ear_edge_b3] run data modify entity @s {} merge value {transformation:[-0.28626449429230905f,0.3432657238200697f,0.894550882933918f,0.7431932438723219f,0.562026619355091f,-0.6959792909453273f,0.44692158787815006f,1.0001615434876765f,0.7760017515726727f,0.6306991909187163f,0.006309685461311859f,0.09715801755788037f,0f,0f,0f,1f],start_interpolation:0}
execute if entity @s[tag=aj.axia.bone.ear_edge_b4] run data modify entity @s {} merge value {transformation:[-0.16617877043381862f,0.4149256970823234f,0.894550882933918f,0.741549216133174f,0.31944965003386316f,-0.835591416531857f,0.44692158787815006f,1.0030201811778294f,0.9329182908220561f,0.3600328464446444f,0.006309685461311859f,0.12775852389926862f,0f,0f,0f,1f],start_interpolation:0}
execute if entity @s[tag=aj.axia.bone.ear_left_2] run data modify entity @s {} merge value {transformation:[-0.22904151346643678f,0.38382118616766303f,0.894550882933918f,0.8003901751534166f,0.4462319909830135f,-0.775330964499554f,0.44692158787815006f,0.9537990186201226f,0.8651109728424092f,0.5015408184156497f,0.006309685461311859f,0.22471554133120047f,0f,0f,0f,1f],start_interpolation:0}
execute if entity @s[tag=aj.axia.bone.ear_left_1] run data modify entity @s {} merge value {transformation:[-0.22904151346643678f,0.8873324786730952f,0.4002262577603638f,0.6007403674519705f,0.4462319909830135f,-0.2696981003101362f,0.853311165350858f,1.0144810911899032f,0.8651109728424092f,0.37403744061385746f,-0.33418407754813123f,0.1405571171930827f,0f,0f,0f,1f],start_interpolation:0}
execute if entity @s[tag=aj.axia.bone.head] run data modify entity @s {} merge value {transformation:[-0.22904151346643678f,0.9476104945052128f,-0.22265294925643797f,0.150678082865617f,0.4462319909830135f,0.3054970356568379f,0.8411590642846456f,0.7758486407840017f,0.8651109728424092f,0.09330547630482681f,-0.4928256210458114f,-1.036076059768285e-8f,0f,0f,0f,1f],start_interpolation:0}
execute if entity @s[tag=aj.axia.bone.body_1] run data modify entity @s {} merge value {transformation:[0.05986486054835163f,0.9238795473340362f,-0.3779719308220953f,-0.19577674738464657f,-0.14452650277068463f,0.3826833965798041f,0.9125050728511156f,0.6323423670665752f,0.9876883559445265f,-2.762869489532558e-8f,0.15643436812797096f,-1.1935755998482417e-17f,0f,0f,0f,1f],start_interpolation:0}
execute if entity @s[tag=aj.axia.bone.leg_left_2] run data modify entity @s {} merge value {transformation:[0.04213312982441665f,-0.5732619971515851f,-0.8182881411782619f,-0.12819474420586002f,0.01128946076746468f,0.8192362983054816f,-0.5733449534218575f,0.3875680306299571f,0.999048220781549f,0.01491878549038364f,0.04098880813970065f,-0.125f,0f,0f,0f,1f],start_interpolation:0}
execute if entity @s[tag=aj.axia.bone.leg_left_1] run data modify entity @s {} merge value {transformation:[-3.4450928483976665e-16f,-0.9762960071199335f,-0.21643961393810288f,-0.45360743204251724f,0f,0.21643961393810288f,-0.9762960071199335f,0.421299804892843f,1f,-3.36343039204808e-16f,-7.4565456608811e-17f,-0.1250000000000001f,0f,0f,0f,1f],start_interpolation:0}
execute if entity @s[tag=aj.axia.bone.leg_right_2] run data modify entity @s {} merge value {transformation:[-3.4450928483976665e-16f,0.9996573249755571f,0.02617694830787315f,-0.5916803698049342f,0f,-0.02617694830787315f,0.9996573249755571f,0.12720545791000143f,1f,3.443912301121635e-16f,9.018201740832879e-18f,0.12499999999999986f,0f,0f,0f,1f],start_interpolation:0}
execute if entity @s[tag=aj.axia.bone.leg_right_1] run data modify entity @s {} merge value {transformation:[-3.4450928483976665e-16f,0.6946583704589973f,-0.7193398003386511f,-0.37986679747235336f,0f,0.7193398003386511f,0.6946583704589973f,0.40052820316862514f,1f,2.3931625841478687e-16f,-2.478192401714493e-16f,0.12499999999999993f,0f,0f,0f,1f],start_interpolation:0}
execute if entity @s[tag=aj.axia.bone.coat_downer] run data modify entity @s {} merge value {transformation:[-3.4450928483976665e-16f,0.6427876096865394f,-0.766044443118978f,-0.35317195576970284f,0f,0.766044443118978f,0.6427876096865394f,0.4518085169617412f,1f,2.214462997169727e-16f,-2.6390942325439645e-16f,0.007812499999999934f,0f,0f,0f,1f],start_interpolation:0}
execute if entity @s[tag=aj.axia.bone.body_2] run data modify entity @s {} merge value {transformation:[-3.4450928483976665e-16f,0.4617486132350339f,-0.8870108331782217f,-0.25f,0f,0.8870108331782217f,0.4617486132350339f,0.65f,1f,1.5907668452135553e-16f,-3.0558346778335474e-16f,-3.061616997868383e-17f,0f,0f,0f,1f],start_interpolation:0}