execute if entity @s[tag=aj.axia.bone.wing_right_1] run data modify entity @s {} merge value {transformation:[0.14181267842799278f,-0.8042596649599699f,2.2180382797054537e-16f,-0.37499999999999994f,0.1551153343007641f,0.02735101855883764f,-0.8013336379392797f,1.450536723064557f,0.7891595793920803f,0.13915012593136739f,0.15750823836054953f,-0.02687751372172087f,0f,0f,0f,1f],start_interpolation:0}
execute if entity @s[tag=aj.axia.bone.wing_right_2] run data modify entity @s {} merge value {transformation:[-0.17315169115048262f,-0.7810368056959466f,2.1727721923645262e-16f,-0.37499999999999994f,0.15063640574684f,-0.033395287153790996f,-0.7849798902262333f,1.450536723064557f,0.7663727324973151f,-0.1699007443897406f,0.1542937845164567f,-0.02687751372172087f,0f,0f,0f,1f],start_interpolation:0}
execute if entity @s[tag=aj.axia.bone.wing_left_1] run data modify entity @s {} merge value {transformation:[-0.14181267842799333f,-0.8042596649599698f,3.3032992907847394e-16f,-0.375f,-0.15511533430076335f,0.027351018558837502f,-0.8013336379392799f,1.450536723064557f,0.7891595793920805f,-0.139150125931368f,-0.15750823836054875f,0.0268775137217208f,0f,0f,0f,1f],start_interpolation:0}
execute if entity @s[tag=aj.axia.bone.wing_left_2] run data modify entity @s {} merge value {transformation:[0.1731516911504821f,-0.7810368056959467f,3.2358850195442347e-16f,-0.375f,-0.15063640574683926f,-0.03339528715379082f,-0.7849798902262335f,1.450536723064557f,0.7663727324973155f,0.16990074438974007f,-0.15429378451645592f,0.0268775137217208f,0f,0f,0f,1f],start_interpolation:0}
execute if entity @s[tag=aj.axia.bone.blade] run data modify entity @s {} merge value {transformation:[6.719814143399252e-16f,-1.4194320814650225e-15f,-2f,-0.5937500000000004f,-1.9074339014964532f,0.6014115990085476f,-1.2479787229869783e-15f,1.918221236640928f,0.6014115990085476f,1.9074339014964532f,-1.2272600380849638e-15f,1.0414237336115584f,0f,0f,0f,1f],start_interpolation:0}
execute if entity @s[tag=aj.axia.bone.arm_right_2] run data modify entity @s {} merge value {transformation:[-4.633639628250203e-16f,-1f,1.5055607804638118e-16f,-0.5953125000000002f,0.45399049973954714f,-3.4450928483976665e-16f,-0.8910065241883676f,1.7867961316799394f,0.8910065241883676f,-3.4450928483976655e-16f,0.45399049973954714f,0.6694757585103386f,0f,0f,0f,1f],start_interpolation:0}
execute if entity @s[tag=aj.axia.bone.arm_right_1] run data modify entity @s {} merge value {transformation:[-3.260069239815053e-16f,-1f,3.6206736969482883e-16f,-0.5953125000000001f,-0.05233595624294334f,-3.4450928483976665e-16f,-0.9986295347545738f,1.8125f,0.9986295347545738f,-3.4450928483976655e-16f,-0.05233595624294334f,0.29843749999999974f,0f,0f,0f,1f],start_interpolation:0}
execute if entity @s[tag=aj.axia.bone.arm_left_2] run data modify entity @s {} merge value {transformation:[4.36020704506167e-16f,-1f,2.1739190399727515e-16f,-0.5921874999999998f,-0.9483236552061994f,-3.4450928483976665e-16f,0.3173046564050914f,1.8212784034272662f,-0.3173046564050914f,-3.4450928483976655e-16f,-0.9483236552061994f,-0.6070398973226201f,0f,0f,0f,1f],start_interpolation:0}
execute if entity @s[tag=aj.axia.bone.arm_left_1] run data modify entity @s {} merge value {transformation:[-1.8251196711395984e-16f,-1f,4.517329703949089e-16f,-0.5953124999999999f,-0.3907311284892733f,-3.4450928483976665e-16f,-0.9205048534524405f,1.8124999999999998f,0.9205048534524405f,-3.4450928483976655e-16f,-0.3907311284892733f,-0.2984375000000003f,0f,0f,0f,1f],start_interpolation:0}
execute if entity @s[tag=aj.axia.bone.ear_edge_a1] run data modify entity @s {} merge value {transformation:[-0.2790024721143698f,-0.9532245241678473f,-0.1162782313206186f,-1.2280230696974466f,-0.9488224663685935f,0.29229959951650136f,-0.11956952553519691f,2.024338253705744f,0.14796468453076728f,0.07696720501274498f,-0.9859931548871101f,0.01989290932885685f,0f,0f,0f,1f],start_interpolation:0}
execute if entity @s[tag=aj.axia.bone.ear_edge_a2] run data modify entity @s {} merge value {transformation:[-0.12645032020315727f,-0.9851343509600443f,-0.1162782313206186f,-1.2525158272631782f,-0.9828666188088196f,0.14027237145855317f,-0.11956952553519691f,1.9125403288335923f,0.13410267018906605f,0.09916638726870097f,-0.9859931548871101f,0.03633886464032893f,0f,0f,0f,1f],start_interpolation:0}
execute if entity @s[tag=aj.axia.bone.ear_edge_b1] run data modify entity @s {} merge value {transformation:[-0.3511394682914803f,-0.8628987486677718f,-0.36346502356563815f,-1.251057776884889f,-0.91609663682828f,0.39686270412076163f,-0.05715720488154779f,1.8851946218398732f,0.1935665926752106f,0.31289893516205886f,-0.9298528004875606f,0.006411460770861823f,0f,0f,0f,1f],start_interpolation:0}
execute if entity @s[tag=aj.axia.bone.ear_edge_b2] run data modify entity @s {} merge value {transformation:[-0.06730310168380976f,-0.9291735409212688f,-0.36346502356563815f,-1.2564401459492545f,-0.9938969960185223f,0.094349431558893f,-0.05715720488154779f,1.9154970564032616f,0.08740168081390781f,0.3573999379075841f,-0.9298528004875606f,0.0066526822179034f,0f,0f,0f,1f],start_interpolation:0}
execute if entity @s[tag=aj.axia.bone.ear_right_2] run data modify entity @s {} merge value {transformation:[-0.21182925462254362f,-0.9072053480499812f,-0.36346502356563815f,-1.3567635333578678f,-0.9669009718672612f,0.24866757836974754f,-0.05715720488154779f,1.9877431759597248f,0.14223528918029912f,0.3393271164190063f,-0.9298528004875606f,0.00781916374132521f,0f,0f,0f,1f],start_interpolation:0}
execute if entity @s[tag=aj.axia.bone.ear_right_1] run data modify entity @s {} merge value {transformation:[-0.21182925462254362f,-0.9703647457564636f,-0.1162782313206186f,-1.138431465562664f,-0.9669009718672612f,0.22540106291992867f,-0.11956952553519691f,1.937027936802741f,0.14223528918029912f,0.08710121140122039f,-0.9859931548871101f,-0.011778608823949346f,0f,0f,0f,1f],start_interpolation:0}
execute if entity @s[tag=aj.axia.bone.ear_edge_a3] run data modify entity @s {} merge value {transformation:[0.0634500413850995f,-0.9073778658228637f,-0.4154990985104229f,-1.22493391765056f,-0.992812890300409f,-0.015058292358999623f,-0.11872578778251654f,1.6383925218124629f,0.10147244503596735f,0.42004601705762645f,-0.9018118908355817f,0.10204492445285471f,0f,0f,0f,1f],start_interpolation:0}
execute if entity @s[tag=aj.axia.bone.ear_edge_a4] run data modify entity @s {} merge value {transformation:[-0.07927630494300433f,-0.9061323118682003f,-0.4154990985104229f,-1.2249339176505603f,-0.982945352051873f,0.14043725358693313f,-0.11872578778251654f,1.7530283339088097f,0.1659328248243954f,0.39900076590571826f,-0.9018118908355817f,0.08695283347741121f,0f,0f,0f,1f],start_interpolation:0}
execute if entity @s[tag=aj.axia.bone.ear_edge_b3] run data modify entity @s {} merge value {transformation:[0.06099624102756804f,-0.3851151091772898f,-0.9208505911731126f,-1.2667924764818193f,-0.9980411894181012f,-0.03638082663168313f,-0.0508942008336682f,1.764218422949435f,-0.013901180000602892f,0.9221511742317308f,-0.3865798352961926f,0.004359113864555661f,0f,0f,0f,1f],start_interpolation:0}
execute if entity @s[tag=aj.axia.bone.ear_edge_b4] run data modify entity @s {} merge value {transformation:[-0.060996241027567455f,-0.3851151091772899f,-0.9208505911731126f,-1.2716664217000198f,-0.9604358704256495f,0.27381146638011267f,-0.0508942008336682f,1.7378364752391642f,0.2717395763966526f,0.8813135841243664f,-0.3865798352961926f,0.019442320354639595f,0f,0f,0f,1f],start_interpolation:0}
execute if entity @s[tag=aj.axia.bone.ear_left_2] run data modify entity @s {} merge value {transformation:[2.965944750153651e-16f,-0.38991561745604525f,-0.9208505911731126f,-1.3430900233334344f,-0.9914448613738105f,0.12019512126940986f,-0.0508942008336682f,1.7013692623791599f,0.1305261922200517f,0.9129725867116181f,-0.3865798352961926f,0.11354043960887557f,0f,0f,0f,1f],start_interpolation:0}
execute if entity @s[tag=aj.axia.bone.ear_left_1] run data modify entity @s {} merge value {transformation:[2.965944750153651e-16f,-0.9095935900923147f,-0.4154990985104229f,-1.138431465562664f,-0.9914448613738105f,0.054233515199429407f,-0.11872578778251654f,1.6891667214592883f,0.1305261922200517f,0.4119444461236095f,-0.9018118908355817f,0.020852939231063586f,0f,0f,0f,1f],start_interpolation:0}
execute if entity @s[tag=aj.axia.bone.head] run data modify entity @s {} merge value {transformation:[2.965944750153651e-16f,-0.9975640502598242f,-0.06975647374412491f,-0.625f,-0.9914448613738105f,0.009105046900518355f,-0.13020823697602718f,1.8124999999999998f,0.1305261922200517f,0.06915969744116982f,-0.9890297515213484f,-2.853334487062e-16f,0f,0f,0f,1f],start_interpolation:0}
execute if entity @s[tag=aj.axia.bone.body_1] run data modify entity @s {} merge value {transformation:[-3.445092848397667e-16f,-1f,3.4450928483976646e-16f,-0.25000000000000006f,4.898587196589413e-16f,-3.4450928483976665e-16f,-1f,1.8125f,1f,-3.4450928483976655e-16f,4.898587196589414e-16f,-1.5614246689128752e-16f,0f,0f,0f,1f],start_interpolation:0}
execute if entity @s[tag=aj.axia.bone.leg_left_2] run data modify entity @s {} merge value {transformation:[-0.0294098265794621f,-0.9233136804476892f,-0.3829189334555131f,0.01429033971991557f,0.03221467822390431f,0.3820101072904302f,-0.9235964987129842f,2.0522927729704596f,0.9990481853281634f,-0.03949842308365725f,0.018509402108337854f,-0.1250000000000002f,0f,0f,0f,1f],start_interpolation:0}
execute if entity @s[tag=aj.axia.bone.leg_left_1] run data modify entity @s {} merge value {transformation:[-3.445092848397667e-16f,0.2588190451025211f,0.9659258262890682f,0.046875f,4.898587196589413e-16f,-0.9659258262890682f,0.2588190451025211f,1.7375f,1f,5.623327526826487e-16f,2.059856495658369e-16f,-0.12500000000000003f,0f,0f,0f,1f],start_interpolation:0}
execute if entity @s[tag=aj.axia.bone.leg_right_2] run data modify entity @s {} merge value {transformation:[-3.445092848397667e-16f,-0.9702957262759966f,-0.24192189559966734f,0.4124041230590478f,4.898587196589413e-16f,0.24192189559966734f,-0.9702957262759966f,1.8826202322806207f,1f,-4.527834367783428e-16f,3.9196348292398003e-16f,0.12500000000000003f,0f,0f,0f,1f],start_interpolation:0}
execute if entity @s[tag=aj.axia.bone.leg_right_1] run data modify entity @s {} merge value {transformation:[-3.445092848397667e-16f,-0.9862856015372313f,0.165047605860678f,0.03124999999999989f,4.898587196589413e-16f,-0.165047605860678f,-0.9862856015372313f,1.8125000000000002f,1f,-2.589345383436654e-16f,5.400010346466547e-16f,0.12499999999999993f,0f,0f,0f,1f],start_interpolation:0}
execute if entity @s[tag=aj.axia.bone.coat_downer] run data modify entity @s {} merge value {transformation:[-3.445092848397667e-16f,-0.9762960071199335f,-0.21643961393810254f,-0.0265625000000001f,4.898587196589413e-16f,0.21643961393810254f,-0.9762960071199335f,1.8125f,1f,-4.4236787137200253e-16f,4.0368165544709627e-16f,0.00781249999999992f,0f,0f,0f,1f],start_interpolation:0}
execute if entity @s[tag=aj.axia.bone.body_2] run data modify entity @s {} merge value {transformation:[-3.445092848397667e-16f,-1f,3.4450928483976646e-16f,-0.25000000000000006f,4.898587196589413e-16f,-3.4450928483976665e-16f,-1f,1.8125f,1f,-3.4450928483976655e-16f,4.898587196589414e-16f,-1.5614246689128752e-16f,0f,0f,0f,1f],start_interpolation:0}