execute if entity @s[tag=aj.axia.bone.wing_right_1] run data modify entity @s {} merge value {transformation:[-0.10730398154126135f,0.5276188306456175f,-0.6140428890053105f,-0.24044066016907387f,-0.39957418527616095f,0.5041980977100735f,0.5030598306075328f,1.2361628348105929f,0.7041099136148624f,0.3665338896447892f,0.19190253186338288f,-0.07473447025501269f,0f,0f,0f,1f],start_interpolation:0}
execute if entity @s[tag=aj.axia.bone.wing_right_2] run data modify entity @s {} merge value {transformation:[0.10067758314022499f,0.5177335783480899f,-0.6015114014745899f,-0.24044066016907387f,-0.17261402730404385f,0.6061016067050727f,0.492793303452277f,1.2361628348105929f,0.7746408340843657f,0.06777008337320728f,0.18798615366208937f,-0.07473447025501269f,0f,0f,0f,1f],start_interpolation:0}
execute if entity @s[tag=aj.axia.bone.wing_left_1] run data modify entity @s {} merge value {transformation:[-0.4563812088409107f,0.6270117383357823f,-0.25596272511929125f,-0.2736940505958766f,0.41197811855958877f,0.5020109496052975f,0.495180250766257f,1.2368945780661185f,0.5375264332937076f,0.14759990145651294f,-0.5968450779264391f,-0.0014868155066831076f,0f,0f,0f,1f],start_interpolation:0}
execute if entity @s[tag=aj.axia.bone.wing_left_2] run data modify entity @s {} merge value {transformation:[-0.6480864607644885f,0.39637595189542846f,-0.2507389960352241f,-0.2736940505958766f,0.1846597991509215f,0.6087720900309401f,0.48507453136286405f,1.2368945780661185f,0.4311434772222589f,0.3350860294884791f,-0.5846645661320221f,-0.0014868155066831076f,0f,0f,0f,1f],start_interpolation:0}
execute if entity @s[tag=aj.axia.bone.blade] run data modify entity @s {} merge value {transformation:[1.7804430295279037f,0.9104350174170458f,-0.03362584818742611f,0.3129658393056022f,-0.5354708711507661f,1.105459650599154f,1.5783630466550576f,0.7541174667073337f,0.7370845031300955f,-1.3960899111296594f,1.2278596806180417f,0.44187176993487165f,0f,0f,0f,1f],start_interpolation:0}
execute if entity @s[tag=aj.axia.bone.arm_right_2] run data modify entity @s {} merge value {transformation:[0.7990890372065749f,0.46694190039314243f,-0.3787109349801111f,0.08508623025067226f,-0.5986155372229226f,0.5594576634120856f,-0.5732944805636988f,0.9165437533869774f,-0.05582247944673374f,0.6848155843048039f,0.7265751621695369f,0.5529135232909924f,0f,0f,0f,1f],start_interpolation:0}
execute if entity @s[tag=aj.axia.bone.arm_right_1] run data modify entity @s {} merge value {transformation:[0.45647392733854153f,0.42634968071802015f,-0.780933738169744f,-0.05650098929369131f,-0.7669299754356027f,0.6335036922385712f,-0.10242794881497674f,1.18683964456206f,0.45105428325033536f,0.6456771806961586f,0.6161582685396556f,0.3812057682015182f,0f,0f,0f,1f],start_interpolation:0}
execute if entity @s[tag=aj.axia.bone.arm_left_2] run data modify entity @s {} merge value {transformation:[-0.12050375987910611f,0.7845173186509181f,-0.6082856406259913f,0.2871788745099588f,0.4911817395446557f,0.5796083310209351f,0.6502266384492503f,1.0123137899210717f,0.8626814838588368f,-0.22042404439602298f,-0.4551855644231432f,-0.5312745563079131f,0f,0f,0f,1f],start_interpolation:0}
execute if entity @s[tag=aj.axia.bone.arm_left_1] run data modify entity @s {} merge value {transformation:[-0.16130751620557868f,0.770226144390832f,-0.6170344979921465f,0.2290955126340882f,0.3491145219079623f,0.6293300082420431f,0.6943074184531264f,1.1451983919123139f,0.923092051644126f,-0.10341869861346664f,-0.37041279266317884f,-0.18543822037453284f,0f,0f,0f,1f],start_interpolation:0}
execute if entity @s[tag=aj.axia.bone.ear_edge_a1] run data modify entity @s {} merge value {transformation:[-0.5163867519887123f,0.8366448099611425f,-0.18267507858389326f,0.6562924695408215f,0.42468034523969433f,0.4354282369408371f,0.7937561683802452f,1.4821926420503246f,0.7436338660507885f,0.33230665422118416f,-0.5801559797353469f,0.2623984327286836f,0f,0f,0f,1f],start_interpolation:0}
execute if entity @s[tag=aj.axia.bone.ear_edge_a2] run data modify entity @s {} merge value {transformation:[-0.6409092574520011f,0.7455636387168386f,-0.18267507858389326f,0.5899826592072503f,0.35133584216391317f,0.496502035413034f,0.7937561683802452f,1.5276647062839532f,0.6824942854876505f,0.44454537389789744f,-0.5801559797353469f,0.34549139905471254f,0f,0f,0f,1f],start_interpolation:0}
execute if entity @s[tag=aj.axia.bone.ear_edge_b1] run data modify entity @s {} merge value {transformation:[-0.4390060674505915f,0.8942343825968317f,0.08728425816394184f,0.5620645921922232f,0.4166315774632889f,0.11653598517517433f,0.9015750067629996f,1.5645760061232865f,0.7960476125220265f,0.4321622763973211f,-0.42372628601146206f,0.3334521387524372f,0f,0f,0f,1f],start_interpolation:0}
execute if entity @s[tag=aj.axia.bone.ear_edge_b2] run data modify entity @s {} merge value {transformation:[-0.6938532023188044f,0.7148071011879431f,0.08728425816394184f,0.5883758704433443f,0.3602285767654341f,0.23957854591312355f,0.9015750067629996f,1.5557686933890915f,0.6235407814357373f,0.6570029896655288f,-0.42372628601146206f,0.3201324726832687f,0f,0f,0f,1f],start_interpolation:0}
execute if entity @s[tag=aj.axia.bone.ear_right_2] run data modify entity @s {} merge value {transformation:[-0.5734902515335883f,0.8145491941391334f,0.08728425816394184f,0.7079732556785934f,0.3932719068854357f,0.1802767717566246f,0.9015750067629996f,1.5846115762715527f,0.7186418709278182f,0.5513709240541235f,-0.42372628601146206f,0.3323880054407641f,0f,0f,0f,1f],start_interpolation:0}
execute if entity @s[tag=aj.axia.bone.ear_right_1] run data modify entity @s {} merge value {transformation:[-0.5734902515335883f,0.7985854663467835f,-0.18267507858389326f,0.5282915257505674f,0.3932719068854357f,0.4639917589925547f,0.7937561683802452f,1.480213430498228f,0.7186418709278182f,0.38337044816558963f,-0.5801559797353469f,0.24612965460350655f,0f,0f,0f,1f],start_interpolation:0}
execute if entity @s[tag=aj.axia.bone.ear_edge_a3] run data modify entity @s {} merge value {transformation:[-0.7600158460642484f,0.6466925496436885f,0.06453417673287348f,0.3846868323958182f,0.26027527657316984f,0.21188147863499013f,0.9419994795201376f,1.5608948758967156f,0.5955104483852526f,0.7327311821171497f,-0.3293513634664357f,0.5349380307002931f,0f,0f,0f,1f],start_interpolation:0}
execute if entity @s[tag=aj.axia.bone.ear_edge_a4] run data modify entity @s {} merge value {transformation:[-0.6494937867761938f,0.7576233635339726f,0.06453417673287348f,0.46713364261664636f,0.29021642177869245f,0.1685568423819156f,0.9419994795201376f,1.5291649056978485f,0.7028031370654889f,0.6305516869485863f,-0.3293513634664357f,0.46033995364337604f,0f,0f,0f,1f],start_interpolation:0}
execute if entity @s[tag=aj.axia.bone.ear_edge_b3] run data modify entity @s {} merge value {transformation:[-0.7925019342418587f,0.4454991841478036f,0.4164986928509548f,0.4837183001356153f,0.3214379673381432f,-0.27525372155883726f,0.9060425055821238f,1.585887330951257f,0.5182840122716844f,0.8519189314081781f,0.07493875453937726f,0.4206372462318363f,0f,0f,0f,1f],start_interpolation:0}
execute if entity @s[tag=aj.axia.bone.ear_edge_b4] run data modify entity @s {} merge value {transformation:[-0.6160473098553876f,0.6685914678436946f,0.4164986928509548f,0.4707135326981145f,0.22064759569497927f,-0.3611116400678495f,0.9060425055821238f,1.5895785709610253f,0.7561748147974551f,0.6500644833661675f,0.07493875453937726f,0.44828713585343877f,0f,0f,0f,1f],start_interpolation:0}
execute if entity @s[tag=aj.axia.bone.ear_left_2] run data modify entity @s {} merge value {transformation:[-0.7130534938017574f,0.5639889660539051f,0.4164986928509548f,0.5108768814058301f,0.27442136388209537f,-0.3221488679532457f,0.9060425055821238f,1.5959496516411193f,0.6451725583300935f,0.7603529134855009f,0.07493875453937726f,0.5650431176393849f,0f,0f,0f,1f],start_interpolation:0}
execute if entity @s[tag=aj.axia.bone.ear_left_1] run data modify entity @s {} merge value {transformation:[-0.7130534938017574f,0.6981332645065104f,0.06453417673287348f,0.3537968968918655f,0.27442136388209537f,0.19320946050563992f,0.9419994795201376f,1.5524775230273504f,0.6451725583300935f,0.6894055768273146f,-0.3293513634664357f,0.40992686285323937f,0f,0f,0f,1f],start_interpolation:0}
execute if entity @s[tag=aj.axia.bone.head] run data modify entity @s {} merge value {transformation:[-0.6979785154348073f,0.6558341321669352f,-0.2875892610586587f,0.1139163829937451f,0.28905637011648944f,0.6254425125351243f,0.7247538053772673f,1.1731576326704982f,0.6551888329989314f,0.422733077246853f,-0.6261184700317544f,0.13094375882785303f,0f,0f,0f,1f],start_interpolation:0}
execute if entity @s[tag=aj.axia.bone.body_1] run data modify entity @s {} merge value {transformation:[-0.41336341135942656f,0.6590648031503087f,-0.6283026940876049f,-0.13323291818762065f,0.009096091690534124f,0.692967581381438f,0.7209113622841004f,0.913294789652459f,0.9105207033699206f,0.2922832810866967f,-0.2924423572807813f,0.021337528420341756f,0f,0f,0f,1f],start_interpolation:0}
execute if entity @s[tag=aj.axia.bone.leg_left_2] run data modify entity @s {} merge value {transformation:[-0.3546513477400661f,-0.4635188945151816f,-0.8120176451122099f,0.06333136977047449f,-0.04478038437468654f,0.8758931781559053f,-0.4804225823534971f,0.5977763157194994f,0.9339256601686293f,-0.13402005404927816f,-0.33139325037064127f,-0.0384244556330233f,0f,0f,0f,1f],start_interpolation:0}
execute if entity @s[tag=aj.axia.bone.leg_left_1] run data modify entity @s {} merge value {transformation:[-0.3833543874220653f,-0.9025647838420975f,-0.1960005729897773f,-0.23296744834497274f,-0.05253171781257457f,0.23317730396524822f,-0.9710142962588956f,0.6274974069017591f,0.9221061935958966f,-0.3619463439289949f,-0.13680282105468686f,-0.15991388137974508f,0f,0f,0f,1f],start_interpolation:0}
execute if entity @s[tag=aj.axia.bone.leg_right_2] run data modify entity @s {} merge value {transformation:[-0.411475199375198f,0.8098177739248389f,-0.41819054668244193f,-0.33230185754327923f,0.0631582053282445f,0.48306570943228466f,0.8733032471429375f,0.286298236421091f,0.9092300046736561f,0.33293046331944753f,-0.24991619634397763f,0.09294102382255078f,0f,0f,0f,1f],start_interpolation:0}
execute if entity @s[tag=aj.axia.bone.leg_right_1] run data modify entity @s {} merge value {transformation:[-0.411475199375198f,0.2387825454795331f,-0.8795857299169058f,-0.2832048224065737f,0.0631582053282445f,0.970221155208542f,0.2338417222941994f,0.6285808231100598f,0.9092300046736561f,0.040667013169359625f,-0.41430302031366695f,0.09138394633775564f,0f,0f,0f,1f],start_interpolation:0}
execute if entity @s[tag=aj.axia.bone.coat_downer] run data modify entity @s {} merge value {transformation:[-0.406823729308174f,0.32233879023430356f,-0.854746838298964f,-0.22500441538009852f,0f,0.9356766158284981f,0.3528587119396787f,0.6852334524928902f,0.9135066793799538f,0.1435512971101788f,-0.3806554502778013f,-0.010980048887441987f,0f,0f,0f,1f],start_interpolation:0}
execute if entity @s[tag=aj.axia.bone.body_2] run data modify entity @s {} merge value {transformation:[-0.406823729308174f,0.18206704861705558f,-0.8951793357085854f,-0.18114549881950506f,0f,0.9799373731084177f,0.1993056566818256f,0.9041882092968023f,0.9135066793799538f,0.08108227052351488f,-0.39866177661642205f,-2.218392553092575e-17f,0f,0f,0f,1f],start_interpolation:0}