execute if entity @s[tag=aj.axia.bone.wing_right_1] run data modify entity @s {} merge value {transformation:[0.5940724155004784f,-0.3144891046857223f,0.4638092416283274f,-0.2903447072290413f,0.17684855978047131f,0.7466075837524769f,0.2797251279940811f,1.4196366008273362f,-0.5317395946226353f,-0.10304447273728368f,0.6112113256421996f,0.10301325758696675f,0f,0f,0f,1f],start_interpolation:0}
execute if entity @s[tag=aj.axia.bone.wing_right_2] run data modify entity @s {} merge value {transformation:[0.4197566453758792f,-0.5073224993182834f,0.4543437469012187f,-0.2903447072290413f,0.439935788586593f,0.609402564814047f,0.2740164519125693f,1.4196366008273362f,-0.5198661948843f,0.10607730993719301f,0.5987376251188894f,0.10301325758696675f,0f,0f,0f,1f],start_interpolation:0}
execute if entity @s[tag=aj.axia.bone.wing_left_1] run data modify entity @s {} merge value {transformation:[0.5879302569489697f,-0.5229080671080701f,0.21874553883831482f,-0.24981249934233601f,0.5055810013410746f,0.6262768396937118f,0.13823753321966092f,1.4430378819615757f,-0.256262187010333f,0.03590150221094877f,0.7745871275022085f,0.07599178566249652f,0f,0f,0f,1f],start_interpolation:0}
execute if entity @s[tag=aj.axia.bone.wing_left_2] run data modify entity @s {} merge value {transformation:[0.7281159035476564f,-0.2528452818275887f,0.21428134416814515f,-0.24981249934233601f,0.2227887365297922f,0.7563250548349265f,0.1354163590723209f,1.4430378819615757f,-0.2453821710647267f,-0.06357416838993746f,0.758779226940939f,0.07599178566249652f,0f,0f,0f,1f],start_interpolation:0}
execute if entity @s[tag=aj.axia.bone.blade] run data modify entity @s {} merge value {transformation:[1.264603125231117f,1.1740658539132656f,-1.011112410333592f,0.20123191954619044f,0.7585930784029263f,0.6688693801073916f,1.7254420574895937f,1.9490472755120596f,1.3510423668615505f,-1.4745111471364563f,-0.022391960956307404f,-0.8380291200106124f,0f,0f,0f,1f],start_interpolation:0}
execute if entity @s[tag=aj.axia.bone.arm_right_2] run data modify entity @s {} merge value {transformation:[0.4746222643939213f,-0.505556205166796f,0.7205183061927956f,-0.022464541612667033f,0.26724613374808465f,0.8627210287447968f,0.42929236023742545f,1.8236620428035288f,-0.8386377108968375f,-0.011195980478154078f,0.5445745494262881f,-0.5382646583314702f,0f,0f,0f,1f],start_interpolation:0}
execute if entity @s[tag=aj.axia.bone.arm_right_1] run data modify entity @s {} merge value {transformation:[0.771294091263228f,-0.505556205166796f,0.386676024857735f,-0.3117062569565408f,0.44608812100772777f,0.8627210287447968f,0.23815502274214878f,1.6562845539116418f,-0.453994287495147f,-0.011195980478154078f,0.8909342495060487f,-0.3750038717286252f,0f,0f,0f,1f],start_interpolation:0}
execute if entity @s[tag=aj.axia.bone.arm_left_2] run data modify entity @s {} merge value {transformation:[0.5381512978078755f,-0.7417584392297846f,-0.40023442942742105f,-0.9565364347895478f,0.42488757872555044f,0.648856859666569f,-0.6312331749111233f,1.1489517407983432f,0.727917389620854f,0.1696443146557882f,0.6643471083646935f,-0.00520527715192784f,0f,0f,0f,1f],start_interpolation:0}
execute if entity @s[tag=aj.axia.bone.arm_left_1] run data modify entity @s {} merge value {transformation:[0.6430798929570356f,-0.7417584392297846f,0.19037507480172305f,-0.7593625069565404f,0.7599187667688918f,0.648856859666569f,-0.03883611175290655f,1.3978300974697235f,-0.09471915955504495f,0.1696443146557882f,0.9809429582387315f,-0.0765663717286243f,0f,0f,0f,1f],start_interpolation:0}
execute if entity @s[tag=aj.axia.bone.ear_edge_a1] run data modify entity @s {} merge value {transformation:[0.2949299852889394f,-0.5353597554303937f,-0.7914582970965526f,-0.9116517779610226f,0.5248177689705761f,0.7829379450889642f,-0.3340276687830159f,2.0362073397016136f,0.7984877038190461f,-0.31685660227519014f,0.5118781890688537f,-0.43682636967428157f,0f,0f,0f,1f],start_interpolation:0}
execute if entity @s[tag=aj.axia.bone.ear_edge_a2] run data modify entity @s {} merge value {transformation:[0.37504762470660347f,-0.48263137398946593f,-0.7914582970965526f,-0.8733155739064097f,0.39587791274970086f,0.8553982667064056f,-0.3340276687830159f,2.090426717560836f,0.8382242882420401f,-0.18804457491966134f,0.5118781890688537f,-0.342170492158715f,0f,0f,0f,1f],start_interpolation:0}
execute if entity @s[tag=aj.axia.bone.ear_edge_b1] run data modify entity @s {} merge value {transformation:[0.2819298009439894f,-0.3394238099571264f,-0.897389026327975f,-0.8866409839385451f,0.6002240734923858f,0.7920886874151883f,-0.11102510017599718f,2.0814644186644973f,0.7484962584675287f,-0.5073332124975375f,0.4270437478257223f,-0.30491899889701723f,0f,0f,0f,1f],start_interpolation:0}
execute if entity @s[tag=aj.axia.bone.ear_edge_b2] run data modify entity @s {} merge value {transformation:[0.37301889989782117f,-0.2356901265330141f,-0.897389026327975f,-0.8996052740717421f,0.3260781508687159f,0.9388005467919945f,-0.11102510017599718f,2.079228827511368f,0.8686368285106602f,-0.25120449358620744f,0.4270437478257223f,-0.3327433576234702f,0f,0f,0f,1f],start_interpolation:0}
execute if entity @s[tag=aj.axia.bone.ear_right_2] run data modify entity @s {} merge value {transformation:[0.3315563593912464f,-0.2911414020254618f,-0.897389026327975f,-0.9755520331490397f,0.46892434905273483f,0.8762324931183377f,-0.11102510017599718f,2.1488836989084446f,0.8186454271616567f,-0.383996487002511f,0.4270437478257223f,-0.4010509941479587f,0f,0f,0f,1f],start_interpolation:0}
execute if entity @s[tag=aj.axia.bone.ear_right_1] run data modify entity @s {} merge value {transformation:[0.3315563593912464f,-0.5134823701980893f,-0.7914582970965526f,-0.8600184998544698f,0.46892434905273483f,0.8176401845266974f,-0.3340276687830159f,1.9649146573899379f,0.8186454271616567f,-0.26038506897074476f,0.5118781890688537f,-0.3424643536295412f,0f,0f,0f,1f],start_interpolation:0}
execute if entity @s[tag=aj.axia.bone.ear_edge_a3] run data modify entity @s {} merge value {transformation:[0.4625107297992398f,-0.22436519024982682f,-0.8577552600973855f,-0.722627439002525f,0.20503961698624187f,0.9682923170206319f,-0.14271910966983503f,2.1580606145864505f,0.8625790284296908f,-0.10986469042860872f,0.4938493388780798f,-0.1112935993203724f,0f,0f,0f,1f],start_interpolation:0}
execute if entity @s[tag=aj.axia.bone.ear_edge_a4] run data modify entity @s {} merge value {transformation:[0.42171800671247606f,-0.29395550103667467f,-0.8577552600973855f,-0.7741653347492837f,0.35398952967309205f,0.9242957690138323f,-0.14271910966983503f,2.1266008086182757f,0.8347726251478775f,-0.24344916264675187f,0.4938493388780798f,-0.20990022453106f,0f,0f,0f,1f],start_interpolation:0}
execute if entity @s[tag=aj.axia.bone.ear_edge_b3] run data modify entity @s {} merge value {transformation:[0.37669670810427897f,0.47095891465020717f,-0.7976824498601548f,-0.8649120361470912f,0.14554928556355062f,0.8203273876209624f,0.5530627293453306f,2.1129665281862593f,0.9148305829908286f,-0.3244390202032823f,0.2404668929274772f,-0.18377085470013615f,0f,0f,0f,1f],start_interpolation:0}
execute if entity @s[tag=aj.axia.bone.ear_edge_b4] run data modify entity @s {} merge value {transformation:[0.5037941671888023f,0.3315028601560514f,-0.7976824498601548f,-0.8472978877246596f,0.3919207002034012f,0.7352005047340272f,0.5530627293453306f,2.130462149316761f,0.7697984163783508f,-0.5912580414228534f,0.2404668929274772f,-0.16557990525788624f,0f,0f,0f,1f],start_interpolation:0}
execute if entity @s[tag=aj.axia.bone.ear_left_2] run data modify entity @s {} merge value {transformation:[0.44573315240439915f,0.4062322808846413f,-0.7976824498601548f,-0.8062036089914437f,0.2720848083734065f,0.7874588715999707f,0.5530627293453306f,2.2470527815956363f,0.8528140558762168f,-0.4635556703415051f,0.2404668929274772f,-0.16745853546600045f,0f,0f,0f,1f],start_interpolation:0}
execute if entity @s[tag=aj.axia.bone.ear_left_1] run data modify entity @s {} merge value {transformation:[0.44573315240439915f,-0.2560817655025502f,-0.8577552600973855f,-0.74858521175337f,0.2720848083734065f,0.951630764943765f,-0.14271910966983503f,2.0329358594832896f,0.8528140558762168f,-0.16976753691339352f,0.4938493388780798f,-0.12926083966048696f,0f,0f,0f,1f],start_interpolation:0}
execute if entity @s[tag=aj.axia.bone.head] run data modify entity @s {} merge value {transformation:[0.44573315240439915f,-0.4478789860053625f,-0.775065397719731f,-0.55054308179743f,0.2720848083734065f,0.892655164778079f,-0.3593558317982698f,1.552669356231544f,0.8528140558762168f,-0.05070671247308285f,0.5197470686883467f,-0.22611750239906994f,0f,0f,0f,1f],start_interpolation:0}
execute if entity @s[tag=aj.axia.bone.body_1] run data modify entity @s {} merge value {transformation:[0.7499999999999993f,-0.505556205166796f,0.4265125126152214f,-0.36095950485988143f,0.4330127018922189f,0.8627210287447968f,0.2611750879420145f,1.2291489704522451f,-0.5000000000000014f,-0.011195980478154078f,0.8659530299162485f,-0.22191900971976217f,0f,0f,0f,1f],start_interpolation:0}
execute if entity @s[tag=aj.axia.bone.leg_left_2] run data modify entity @s {} merge value {transformation:[0.7367849563192005f,-0.6468891231011439f,0.19667839371712123f,-0.28896784321190555f,0.41216243147897796f,0.6603091613212577f,0.627784948491562f,0.6651647406910608f,-0.5359758000311683f,-0.3814790608783782f,0.7531292504559223f,-0.35235618755478343f,0f,0f,0f,1f],start_interpolation:0}
execute if entity @s[tag=aj.axia.bone.leg_left_1] run data modify entity @s {} merge value {transformation:[0.7499999999999993f,-0.019826808668526263f,0.6611406035466454f,-0.280156444817832f,0.4330127018922189f,0.7703068497529523f,-0.4681104113600573f,0.89490983632849f,-0.5000000000000014f,0.6373650875924284f,0.5863153973061721f,-0.14017400074677458f,0f,0f,0f,1f],start_interpolation:0}
execute if entity @s[tag=aj.axia.bone.leg_right_2] run data modify entity @s {} merge value {transformation:[0.7499999999999993f,-0.5804399336604857f,0.3171584515856578f,-0.1983338664529813f,0.4330127018922189f,0.7933317114586941f,0.4279308303850273f,0.8704794821481157f,-0.5000000000000014f,-0.1836144847397116f,0.8463366475544873f,-0.5385974405431532f,0f,0f,0f,1f],start_interpolation:0}
execute if entity @s[tag=aj.axia.bone.leg_right_1] run data modify entity @s {} merge value {transformation:[0.7499999999999993f,0.3697372173631673f,0.5484472537049876f,-0.0839393900377921f,0.4330127018922189f,0.3523381559819254f,-0.8296733235673279f,1.0186201855857098f,-0.5000000000000014f,0.8597396198476595f,0.10415270550590769f,-0.23871211340891715f,0f,0f,0f,1f],start_interpolation:0}
execute if entity @s[tag=aj.axia.bone.coat_downer] run data modify entity @s {} merge value {transformation:[0.7499999999999993f,-0.5818691055878138f,0.3145287649205372f,-0.24338137985988142f,0.4330127018922189f,0.7913872402946491f,0.4315162058356775f,1.0390293310276928f,-0.5000000000000014f,-0.18744220405569303f,0.8454971437791746f,-0.22582525971976225f,0f,0f,0f,1f],start_interpolation:0}
execute if entity @s[tag=aj.axia.bone.body_2] run data modify entity @s {} merge value {transformation:[0.7499999999999993f,-0.5000000000000001f,0.4330127018922203f,-0.36095950485988143f,0.4330127018922189f,0.8660254037844383f,0.2500000000000007f,1.2291489704522451f,-0.5000000000000014f,3.531085336060198e-16f,0.8660254037844377f,-0.22191900971976217f,0f,0f,0f,1f],start_interpolation:0}