execute if entity @s[tag=aj.axia.bone.wing_right_1] run data modify entity @s {} merge value {transformation:[-0.5259716920061841f,-0.15050631098386247f,0.6063382504894652f,0.26275338053285324f,-0.05871728000248915f,0.8010143235588001f,0.14789448579034847f,1.3241137797608689f,-0.6219730739201702f,0.05165605726447939f,-0.5267120574950108f,-0.46467951167267435f,0f,0f,0f,1f],start_interpolation:0}
execute if entity @s[tag=aj.axia.bone.wing_right_2] run data modify entity @s {} merge value {transformation:[-0.5324382882658834f,0.060960932759540724f,0.5939640004794762f,0.26275338053285324f,0.24713849878927174f,0.74694942272801f,0.14487623097830055f,1.3241137797608689f,-0.5435365963803f,0.27991127980733377f,-0.5159628318318473f,-0.46467951167267435f,0f,0f,0f,1f],start_interpolation:0}
execute if entity @s[tag=aj.axia.bone.wing_left_1] run data modify entity @s {} merge value {transformation:[-0.42712436601030024f,0.01755023925132415f,0.6958456793765159f,0.232494695028432f,0.2441414021413131f,0.7683190479515437f,0.13048088273671213f,1.3300005842959843f,-0.6518467581918445f,0.2762648622273547f,-0.4070847260432747f,-0.5051204655146065f,0f,0f,0f,1f],start_interpolation:0}
execute if entity @s[tag=aj.axia.bone.wing_left_2] run data modify entity @s {} merge value {transformation:[-0.39313728527931546f,-0.14423423176810773f,0.6816447471443421f,0.232494695028432f,-0.06706846623145304f,0.7868699878480189f,0.12781800757882006f,1.3300005842959843f,-0.6935019075392443f,0.005666446004563341f,-0.39877687449137117f,-0.5051204655146065f,0f,0f,0f,1f],start_interpolation:0}
execute if entity @s[tag=aj.axia.bone.blade] run data modify entity @s {} merge value {transformation:[-0.6141035768179839f,-1.7751556205343577f,0.6868036981733858f,-0.7276706371076398f,1.516669881734065f,-0.8924035926362129f,-0.9504358461730904f,1.2761448559690372f,1.1500388109886281f,0.2289942155061124f,1.6201766516292604f,-0.9407858798571463f,0f,0f,0f,1f],start_interpolation:0}
execute if entity @s[tag=aj.axia.bone.arm_right_2] run data modify entity @s {} merge value {transformation:[-0.720527014378534f,0.18829704280109527f,0.6673717443997152f,-0.46770707951835944f,-0.43232973717888856f,0.6304857205675743f,-0.6446539804509236f,1.4079698540459278f,-0.5421547933031574f,-0.7530152586984867f,-0.37287558282309347f,-0.7600686959031184f,0f,0f,0f,1f],start_interpolation:0}
execute if entity @s[tag=aj.axia.bone.arm_right_1] run data modify entity @s {} merge value {transformation:[-0.664444378033455f,0.33634598745431277f,0.6673717443997152f,-0.20815849434904105f,-0.2892900956231133f,0.707624537493684f,-0.6446539804509236f,1.5209737976487063f,-0.6890754015883206f,-0.6214007488410622f,-0.37287558282309347f,-0.49089861715768074f,0f,0f,0f,1f],start_interpolation:0}
execute if entity @s[tag=aj.axia.bone.arm_left_2] run data modify entity @s {} merge value {transformation:[-0.27817470988504717f,0.30662968627084447f,0.9102730723677448f,0.2588012001758958f,0.723419840869006f,0.6903132329043633f,-0.011461863469294786f,1.2160969129973531f,-0.6318880950116342f,0.6553212006143019f,-0.4138496821407477f,0.3164355265314006f,0f,0f,0f,1f],start_interpolation:0}
execute if entity @s[tag=aj.axia.bone.arm_left_1] run data modify entity @s {} merge value {transformation:[-0.3328851443334151f,0.24615120232147572f,0.9102730723677448f,0.13473849355811973f,0.5740652291692365f,0.8187293437667197f,-0.011461863469294786f,1.4339299031350878f,-0.7480886266619707f,0.5187406358200682f,-0.4138496821407477f,0.03752335602009932f,0f,0f,0f,1f],start_interpolation:0}
execute if entity @s[tag=aj.axia.bone.ear_edge_a1] run data modify entity @s {} merge value {transformation:[-0.918959372212062f,-0.0991859813338375f,0.3816750100942641f,-0.005879933490353477f,0.12083622070723635f,0.8504736778936643f,0.5119503208078066f,2.071665528774066f,-0.37538284455846527f,0.5165817111714927f,-0.7695654979885257f,0.0752327551125467f,0f,0f,0f,1f],start_interpolation:0}
execute if entity @s[tag=aj.axia.bone.ear_edge_a2] run data modify entity @s {} merge value {transformation:[-0.8921293514850319f,-0.24172175509961863f,0.3816750100942641f,-0.1110757861635393f,-0.013694868517974919f,0.8589058851824567f,0.5119503208078066f,2.0787436085356146f,-0.4515724424665127f,0.45149891861498465f,-0.7695654979885257f,0.027768305339579302f,0f,0f,0f,1f],start_interpolation:0}
execute if entity @s[tag=aj.axia.bone.ear_edge_b1] run data modify entity @s {} merge value {transformation:[-0.9401778829248433f,-0.12018300430191078f,0.318781420311672f,-0.11547278801305458f,0.1658580702868778f,0.6558673449922321f,0.7364299873671317f,2.090026934856629f,-0.29758469211246913f,0.7452476576614029f,-0.59669865071954f,-0.014092207993297232f,0f,0f,0f,1f],start_interpolation:0}
execute if entity @s[tag=aj.axia.bone.ear_edge_b2] run data modify entity @s {} merge value {transformation:[-0.8570237112679264f,-0.40483177294849704f,0.318781420311672f,-0.09320685233614909f,-0.04493375713170159f,0.6750198746529437f,0.7364299873671317f,2.0967269703810434f,-0.5133140518187472f,0.6168139139439877f,-0.59669865071954f,0.006072197710900534f,0f,0f,0f,1f],start_interpolation:0}
execute if entity @s[tag=aj.axia.bone.ear_right_2] run data modify entity @s {} merge value {transformation:[-0.9098019690653909f,-0.2657795762446972f,0.318781420311672f,-0.06824604122656823f,0.061215824964741664f,0.6737384481238492f,0.7364299873671317f,2.1904654087280826f,-0.41050334938782623f,0.6895199202132283f,-0.59669865071954f,0.08272536213520959f,0f,0f,0f,1f],start_interpolation:0}
execute if entity @s[tag=aj.axia.bone.ear_right_1] run data modify entity @s {} merge value {transformation:[-0.9098019690653909f,-0.16304773458800687f,0.3816750100942641f,-0.03156030094426674f,0.061215824964741664f,0.8568310754160766f,0.5119503208078066f,1.9976784167594657f,-0.41050334938782623f,0.48913796054594727f,-0.7695654979885257f,-0.027330678987628365f,0f,0f,0f,1f],start_interpolation:0}
execute if entity @s[tag=aj.axia.bone.ear_edge_a3] run data modify entity @s {} merge value {transformation:[-0.8588005849326248f,-0.33659293910686366f,0.386221113693678f,-0.3521172468117074f,-0.15766424384366673f,0.8909393159486385f,0.42587453728789326f,2.0734432485639447f,-0.4874459370356742f,0.304848041883781f,-0.8182078769035641f,-0.10269383422700581f,0f,0f,0f,1f],start_interpolation:0}
execute if entity @s[tag=aj.axia.bone.ear_edge_a4] run data modify entity @s {} merge value {transformation:[-0.9008820609997391f,-0.19810291140232592f,0.386221113693678f,-0.250345494697845f,-0.01634952009940384f,0.9046344961819344f,0.42587453728789326f,2.084442816303828f,-0.4337559283299559f,0.3773482010180785f,-0.8182078769035641f,-0.04892897017797965f,0f,0f,0f,1f],start_interpolation:0}
execute if entity @s[tag=aj.axia.bone.ear_edge_b3] run data modify entity @s {} merge value {transformation:[-0.8131520558144332f,-0.49252140000903616f,0.3101715729364968f,-0.2168279356635614f,-0.21500651078835098f,0.7493746800507702f,0.6262665480587517f,2.0899923293969804f,-0.5408844002588539f,0.44256102339897146f,-0.7152508693631031f,-0.06646618702708337f,0f,0f,0f,1f],start_interpolation:0}
execute if entity @s[tag=aj.axia.bone.ear_edge_b4] run data modify entity @s {} merge value {transformation:[-0.9255510441172505f,-0.21713788263582018f,0.3101715729364968f,-0.2460738846862199f,0.027086168158831428f,0.7791383383437417f,0.6262665480587517f,2.096989047149641f,-0.3776527561503281f,0.5880430168341308f,-0.7152508693631031f,-0.07302256037319925f,0f,0f,0f,1f],start_interpolation:0}
execute if entity @s[tag=aj.axia.bone.ear_left_2] run data modify entity @s {} merge value {transformation:[-0.8801881263901613f,-0.35925263743482416f,0.3101715729364968f,-0.3183083926234117f,-0.09513139666926057f,0.7737830627186998f,0.6262665480587517f,2.1965844722351675f,-0.4649934188023885f,0.521725324616116f,-0.7152508693631031f,-0.06083356138414922f,0f,0f,0f,1f],start_interpolation:0}
execute if entity @s[tag=aj.axia.bone.ear_left_1] run data modify entity @s {} merge value {transformation:[-0.8801881263901613f,-0.27586611517000925f,0.386221113693678f,-0.25623851671015974f,-0.09513139666926057f,0.8997671342395092f,0.42587453728789326f,1.9941368670312782f,-0.4649934188023885f,0.3381079570838707f,-0.8182078769035641f,-0.13690785172802f,0f,0f,0f,1f],start_interpolation:0}
execute if entity @s[tag=aj.axia.bone.head] run data modify entity @s {} merge value {transformation:[-0.8987128630635719f,-0.17330886553689356f,0.402838959002717f,-0.06766733270839015f,-0.014166198912749187f,0.9295899715391241f,0.3683229610304728f,1.5079826889493684f,-0.43830869096156655f,0.32530988601671124f,-0.8378895926596488f,-0.22265653217077472f,0f,0f,0f,1f],start_interpolation:0}
execute if entity @s[tag=aj.axia.bone.body_1] run data modify entity @s {} merge value {transformation:[-0.5950587914838098f,-0.06965602789335723f,0.8006578997649045f,-0.04154632224838119f,0.11576824088592189f,0.9784178752463596f,0.17116125671593607f,1.1410759857319834f,-0.7953004143592577f,0.19454176717743477f,-0.574152202593941f,-0.29560969486231276f,0f,0f,0f,1f],start_interpolation:0}
execute if entity @s[tag=aj.axia.bone.leg_left_2] run data modify entity @s {} merge value {transformation:[-0.7034614172635434f,0.06425073756633548f,0.707823337524095f,-0.18349622709548818f,-0.13790202358015785f,0.9646404579236763f,-0.22461482326261967f,0.4775100708861643f,-0.6972266965012632f,-0.2556181324925565f,-0.6697270369538273f,0.01823225441999321f,0f,0f,0f,1f],start_interpolation:0}
execute if entity @s[tag=aj.axia.bone.leg_left_1] run data modify entity @s {} merge value {transformation:[-0.7034614172635434f,0.26637048645922184f,0.6589300405695923f,-0.08187870037826475f,-0.13790202358015785f,0.8583394711823106f,-0.4942027763003453f,0.7825911163682391f,-0.6972266965012632f,-0.43852037142412104f,-0.5670756717863907f,-0.14463486392339703f,0f,0f,0f,1f],start_interpolation:0}
execute if entity @s[tag=aj.axia.bone.leg_right_2] run data modify entity @s {} merge value {transformation:[-0.3452050405950616f,0.7745652379118345f,0.5299831810221389f,-0.40831626165548757f,0.3725202398303445f,0.6313900031318669f,-0.68012891047351f,0.9664414391443076f,-0.861430293677036f,-0.037354466449466855f,-0.5065002398536165f,-0.2411065222554147f,0f,0f,0f,1f],start_interpolation:0}
execute if entity @s[tag=aj.axia.bone.leg_right_1] run data modify entity @s {} merge value {transformation:[-0.3452050405950616f,0.8533747013180948f,-0.3906214268291162f,-0.14016666645026038f,0.3725202398303445f,-0.25742967101315617f,-0.8916045285880959f,0.828080196096241f,-0.861430293677036f,-0.45330076509124806f,-0.22903332836769535f,-0.4083968490521745f,0f,0f,0f,1f],start_interpolation:0}
execute if entity @s[tag=aj.axia.bone.coat_downer] run data modify entity @s {} merge value {transformation:[-0.4988691442026875f,0.3812833771671895f,0.7783010749436627f,-0.08909041977487735f,0.07185739084235157f,0.91313331958652f,-0.40127802835718784f,0.8857909722708429f,-0.8636932860360834f,-0.1442585420586429f,-0.4829320663398808f,-0.2974152264309289f,0f,0f,0f,1f],start_interpolation:0}
execute if entity @s[tag=aj.axia.bone.body_2] run data modify entity @s {} merge value {transformation:[-0.4988691442026875f,0.3812833771671895f,0.7783010749436627f,3.954389298223362e-17f,0.07185739084235157f,0.91313331958652f,-0.40127802835718784f,1.0892578125f,-0.8636932860360834f,-0.1442585420586429f,-0.4829320663398808f,-0.322900390625f,0f,0f,0f,1f],start_interpolation:0}