execute if entity @s[tag=aj.labyria.bone.wing_right_1] run data modify entity @s {} merge value {transformation:[-0.7604418475049294f,-0.13825955355501868f,0.26373649132894184f,0.22981105588962017f,-0.1314548489933212f,0.804874227640533f,0.04291322407653447f,1.267917741185046f,-0.26719330770787897f,-0.0024935868275773876f,-0.7717162449924845f,-0.24334356540419966f,0f,0f,0f,1f],start_interpolation:0}
execute if entity @s[tag=aj.labyria.bone.wing_right_2] run data modify entity @s {} merge value {transformation:[-0.7400486195133776f,0.1599412159480229f,0.25835411395488184f,0.22981105588962017f,0.18275616746584986f,0.7777101237322946f,0.0420374439933399f,1.267917741185046f,-0.2427513625286961f,0.09790695013821474f,-0.755966933870189f,-0.24334356540419966f,0f,0f,0f,1f],start_interpolation:0}
execute if entity @s[tag=aj.labyria.bone.wing_left_1] run data modify entity @s {} merge value {transformation:[-0.4064724609034855f,0.06749892319214362f,0.7051017503448775f,0.18136482641008064f,0.1769300499790293f,0.7968557227536125f,0.025713011758258585f,1.2698057135980216f,-0.6858719562614636f,0.16555753358625294f,-0.4112357075101261f,-0.2829115252402672f,0f,0f,0f,1f],start_interpolation:0}
execute if entity @s[tag=aj.labyria.bone.wing_left_2] run data modify entity @s {} merge value {transformation:[-0.3931712392813142f,-0.09128757834774628f,0.6907119187051862f,0.18136482641008064f,-0.13859405507391923f,0.7875006283406233f,0.02518825641625331f,1.2698057135980216f,-0.682794306142167f,-0.10728158463840648f,-0.4028431420507358f,-0.2829115252402672f,0f,0f,0f,1f],start_interpolation:0}
execute if entity @s[tag=aj.labyria.bone.musket] run data modify entity @s {} merge value {transformation:[-0.0000134239649872284f,0.0000013305580521574595f,0.000009071518249665001f,-0.4108277937461329f,0.000004567888582254033f,0.00001491642981813716f,0.000004571671405864829f,0.9931711224458248f,-0.000007949668042395199f,0.0000063241917122212416f,-0.00001269145544314334f,-0.5806626120504383f,0f,0f,0f,1f],start_interpolation:0}
execute if entity @s[tag=aj.labyria.bone.omega_blade] run data modify entity @s {} merge value {transformation:[-0.4938194387349715f,0.04894644996063519f,0.33370856187315856f,-0.4108277937461329f,0.16803620823196896f,0.5487218573446924f,0.16817536472068847f,0.9931711224458248f,-0.2924397236256099f,0.23264428987655228f,-0.4668730445606541f,-0.5806626120504383f,0f,0f,0f,1f],start_interpolation:0}
execute if entity @s[tag=aj.labyria.bone.arm_right_2] run data modify entity @s {} merge value {transformation:[-0.44380777636714186f,-0.6364340774140229f,0.6308615717748345f,-0.26564581420343136f,-0.8000409300936328f,0.5985424832742677f,0.04100494958890044f,1.2355861692203003f,-0.4036943990334377f,-0.486516763145973f,-0.7748111198008176f,-0.4498666155043771f,0f,0f,0f,1f],start_interpolation:0}
execute if entity @s[tag=aj.labyria.bone.arm_right_1] run data modify entity @s {} merge value {transformation:[-0.06523778670092995f,-0.6364340774140229f,0.7685673010820364f,-0.2457856351281182f,-0.6702596427335057f,0.5985424832742677f,0.4387469738227564f,1.4823271045903033f,-0.7392537064561243f,-0.486516763145973f,-0.46562366420624257f,-0.17229090246736417f,0f,0f,0f,1f],start_interpolation:0}
execute if entity @s[tag=aj.labyria.bone.arm_left_2] run data modify entity @s {} merge value {transformation:[0.21119772087546607f,0.4959518343812257f,0.8422750742310412f,0.3292531559013193f,0.7748584722139522f,0.44031443345579485f,-0.45356096362976617f,1.1354462801243788f,-0.5958102640398775f,0.7484350189992448f,-0.29129907586590753f,0.3237246628870819f,0f,0f,0f,1f],start_interpolation:0}
execute if entity @s[tag=aj.labyria.bone.arm_left_1] run data modify entity @s {} merge value {transformation:[-0.28228249770853053f,0.4959518343812257f,0.8211871707846701f,0.21628625702983975f,0.8968436419583062f,0.44031443345579485f,0.0423636821990688f,1.4643199450119881f,-0.3405702179674477f,0.7484350189992448f,-0.5690843074353794f,0.2051015647421519f,0f,0f,0f,1f],start_interpolation:0}
execute if entity @s[tag=aj.labyria.bone.himo_right_2] run data modify entity @s {} merge value {transformation:[-0.7741518612070499f,0.19603056858149315f,0.60188114438922f,-0.285411517316319f,0.030169063167857852f,0.9611849456734444f,-0.2742504837521924f,1.1265382755225797f,-0.6322805733353148f,-0.1941533321690726f,-0.7500171732636605f,0.08413028399129802f,0f,0f,0f,1f],start_interpolation:0}
execute if entity @s[tag=aj.labyria.bone.himo_right_1] run data modify entity @s {} merge value {transformation:[-0.7741518612070499f,0.10666187823776456f,0.6239488276457075f,-0.26151273497395244f,0.030169063167857852f,0.9907982511146458f,-0.13194185543538872f,1.3114883110101045f,-0.6322805733353148f,-0.0833190813616635f,-0.7702461991232507f,0.06369391749146582f,0f,0f,0f,1f],start_interpolation:0}
execute if entity @s[tag=aj.labyria.bone.himo_left_2] run data modify entity @s {} merge value {transformation:[-0.7741518612070499f,0.195414950107632f,0.6020813010417218f,-0.04337008926228307f,0.030169063167857852f,0.9614649063263725f,-0.2732673810215803f,1.117078907693676f,-0.6322805733353148f,-0.19338622282171866f,-0.7502153326915642f,0.2815707921800463f,0f,0f,0f,1f],start_interpolation:0}
execute if entity @s[tag=aj.labyria.bone.himo_left_1] run data modify entity @s {} merge value {transformation:[-0.7741518612070499f,0.10602373889822325f,0.6240575795387009f,-0.019590278346749344f,0.030169063167857852f,0.9909326638399761f,-0.13092854296364365f,1.3020604787701489f,-0.6322805733353148f,-0.08253134268294834f,-0.7703310029186904f,0.2612815966587517f,0f,0f,0f,1f],start_interpolation:0}
execute if entity @s[tag=aj.labyria.bone.ribbon_left_himo_1] run data modify entity @s {} merge value {transformation:[-0.9944614425959986f,-0.0870212468547453f,0.05893845761242095f,0.2600558543785962f,-0.07430003340411816f,0.9787010060186423f,0.19137357668770355f,1.7374991075875077f,-0.07433669501687995f,0.18593451377821954f,-0.9797460958636297f,0.1481331548646968f,0f,0f,0f,1f],start_interpolation:0}
execute if entity @s[tag=aj.labyria.bone.ribbon_left_himo_2] run data modify entity @s {} merge value {transformation:[-0.9944614425959986f,-0.0870212468547453f,0.05893845761242095f,0.2678836182802458f,-0.07430003340411816f,0.9787010060186423f,0.19137357668770355f,1.7629159107413432f,-0.07433669501687995f,0.18593451377821954f,-0.9797460958636297f,0.01801062650780849f,0f,0f,0f,1f],start_interpolation:0}
execute if entity @s[tag=aj.labyria.bone.ribbon_left] run data modify entity @s {} merge value {transformation:[-0.9944614425959986f,-0.0870212468547453f,0.05893845761242095f,0.2541373889157289f,-0.07430003340411816f,0.9787010060186423f,0.19137357668770355f,1.854807690394549f,-0.07433669501687995f,0.18593451377821954f,-0.9797460958636297f,0.10291193648483661f,0f,0f,0f,1f],start_interpolation:0}
execute if entity @s[tag=aj.labyria.bone.ribbon_right_himo_1] run data modify entity @s {} merge value {transformation:[-0.9944614425959986f,-0.0870212468547453f,0.05893845761242095f,-0.33767762646176125f,-0.07430003340411816f,0.9787010060186423f,0.19137357668770355f,1.6928401437595448f,-0.07433669501687995f,0.18593451377821954f,-0.9797460958636297f,0.10345215511611339f,0f,0f,0f,1f],start_interpolation:0}
execute if entity @s[tag=aj.labyria.bone.ribbon_right_himo_2] run data modify entity @s {} merge value {transformation:[-0.9944614425959986f,-0.0870212468547453f,0.05893845761242095f,-0.3298498625601116f,-0.07430003340411816f,0.9787010060186423f,0.19137357668770355f,1.7182569469133806f,-0.07433669501687995f,0.18593451377821954f,-0.9797460958636297f,-0.026670373240774925f,0f,0f,0f,1f],start_interpolation:0}
execute if entity @s[tag=aj.labyria.bone.ribbon_right] run data modify entity @s {} merge value {transformation:[-0.9944614425959986f,-0.0870212468547453f,0.05893845761242095f,-0.34253947664187023f,-0.07430003340411816f,0.9787010060186423f,0.19137357668770355f,1.810227670352078f,-0.07433669501687995f,0.18593451377821954f,-0.9797460958636297f,0.058309919474708635f,0f,0f,0f,1f],start_interpolation:0}
execute if entity @s[tag=aj.labyria.bone.crown] run data modify entity @s {} merge value {transformation:[-0.993020071018936f,0.10216357847989008f,0.05893845761242095f,0.09116021736908309f,0.11168285955109383f,0.975142601381073f,0.19137357668770355f,2.1166252635385003f,-0.03792199145665308f,0.1966202181972573f,-0.9797460958636297f,0.170493666409356f,0f,0f,0f,1f],start_interpolation:0}
execute if entity @s[tag=aj.labyria.bone.ear_edge_a1] run data modify entity @s {} merge value {transformation:[-0.9958310942223446f,0.06961817287315807f,0.05893845761242095f,0.12563990417571508f,0.07971729161178533f,0.9782746585513891f,0.19137357668770355f,2.12049826780677f,-0.0443349207511378f,0.19527417249079784f,-0.9797460958636297f,0.1470792087165282f,0f,0f,0f,1f],start_interpolation:0}
execute if entity @s[tag=aj.labyria.bone.ear_edge_a2] run data modify entity @s {} merge value {transformation:[-0.9944614425959986f,-0.0870212468547453f,0.05893845761242095f,0.010215904597326214f,-0.07430003340411816f,0.9787010060186423f,0.19137357668770355f,2.121802762210526f,-0.07433669501687995f,0.18593451377821954f,-0.9797460958636297f,0.14039046887417694f,0f,0f,0f,1f],start_interpolation:0}
execute if entity @s[tag=aj.labyria.bone.ear_edge_b1] run data modify entity @s {} merge value {transformation:[-0.9859740326937063f,0.15614565337523625f,0.05893845761242095f,-0.01162096155166581f,0.1646761977271521f,0.9676042083661498f,0.19137357668770355f,2.11591548077526f,-0.027146947449731375f,0.1983951382573098f,-0.9797460958636297f,0.13792687006491927f,0f,0f,0f,1f],start_interpolation:0}
execute if entity @s[tag=aj.labyria.bone.ear_edge_b2] run data modify entity @s {} merge value {transformation:[-0.985968689181888f,-0.15617939098107245f,0.05893845761242095f,0.016454932965454888f,-0.14238977328674077f,0.9711340312279795f,0.19137357668770355f,2.1278663266733266f,-0.08712575059246513f,0.18029612093352176f,-0.9797460958636297f,0.14195018392095468f,0f,0f,0f,1f],start_interpolation:0}
execute if entity @s[tag=aj.labyria.bone.ear_right_2] run data modify entity @s {} merge value {transformation:[-0.9982616179752551f,-0.000017079074668358007f,0.05893845761242095f,0.06664818886272761f,0.011282113762212956f,0.9814524278103407f,0.19137357668770355f,2.2406466328512162f,-0.057848560798713484f,0.19170584668573123f,-0.9797460958636297f,0.13510298507015578f,0f,0f,0f,1f],start_interpolation:0}
execute if entity @s[tag=aj.labyria.bone.ear_right_1] run data modify entity @s {} merge value {transformation:[-0.9982616179752551f,-0.000017079074668358007f,0.05893845761242095f,0.06665203165452799f,0.011282113762212956f,0.9814524278103407f,0.19137357668770355f,2.0198198365938898f,-0.057848560798713484f,0.19170584668573123f,-0.9797460958636297f,0.09196916956586632f,0f,0f,0f,1f],start_interpolation:0}
execute if entity @s[tag=aj.labyria.bone.ear_edge_a3] run data modify entity @s {} merge value {transformation:[-0.9686048498246327f,-0.24151791467812453f,0.05893845761242095f,-0.2626739666067115f,-0.22648784500993885f,0.9550284865953f,0.19137357668770355f,2.091485847279836f,-0.10250805314196021f,0.17201653025514899f,-0.9797460958636297f,0.11805247268961495f,0f,0f,0f,1f],start_interpolation:0}
execute if entity @s[tag=aj.labyria.bone.ear_edge_a4] run data modify entity @s {} merge value {transformation:[-0.9944614425959987f,-0.0870212468547453f,0.05893845761242095f,-0.1490038598531023f,-0.07430003340411818f,0.9787010060186423f,0.19137357668770355f,2.1099068421571747f,-0.07433669501687995f,0.18593451377821954f,-0.9797460958636297f,0.1284886790574557f,0f,0f,0f,1f],start_interpolation:0}
execute if entity @s[tag=aj.labyria.bone.ear_edge_b3] run data modify entity @s {} merge value {transformation:[-0.9438693427006131f,-0.32501834121197204f,0.05893845761242095f,-0.12641518495632967f,-0.3088622074755114f,0.9316545985176641f,0.19137357668770355f,2.1073387635007306f,-0.1171102075109902f,0.1624277899151138f,-0.9797460958636297f,0.12934592080995772f,0f,0f,0f,1f],start_interpolation:0}
execute if entity @s[tag=aj.labyria.bone.ear_edge_b4] run data modify entity @s {} merge value {transformation:[-0.9981092798246962f,-0.01743914396108695f,0.05893845761242095f,-0.15623170951290064f,-0.005848311227363956f,0.9814998478866634f,0.19137357668770355f,2.114964244445691f,-0.061185478535471f,0.19066705236186182f,-0.9797460958636297f,0.1290417354627699f,0f,0f,0f,1f],start_interpolation:0}
execute if entity @s[tag=aj.labyria.bone.ear_left_2] run data modify entity @s {} merge value {transformation:[-0.9830928151663499f,-0.17336313040139215f,0.05893845761242095f,-0.22097003333478482f,-0.15931671245265716f,0.9685010786153172f,0.19137357668770355f,2.2191575709313063f,-0.0902590821002443f,0.1787481069505266f,-0.9797460958636297f,0.11360331987551472f,0f,0f,0f,1f],start_interpolation:0}
execute if entity @s[tag=aj.labyria.bone.ear_left_1] run data modify entity @s {} merge value {transformation:[-0.9830928151663499f,-0.17336313040139215f,0.05893845761242095f,-0.18196332899447165f,-0.15931671245265716f,0.9685010786153172f,0.19137357668770355f,2.0012448282428603f,-0.0902590821002443f,0.1787481069505266f,-0.9797460958636297f,0.07338499581164631f,0f,0f,0f,1f],start_interpolation:0}
execute if entity @s[tag=aj.labyria.bone.head] run data modify entity @s {} merge value {transformation:[-0.9944614425959986f,-0.0870212468547453f,0.05893845761242095f,-0.014899086457303f,-0.07430003340411816f,0.9787010060186423f,0.19137357668770355f,1.50296764256233f,-0.07433669501687995f,0.18593451377821954f,-0.9797460958636297f,0.01800270987315719f,0f,0f,0f,1f],start_interpolation:0}
execute if entity @s[tag=aj.labyria.bone.back_musket] run data modify entity @s {} merge value {transformation:[1.0425660795655405f,0.841294836934492f,0.9208341912156092f,0.04926081865443703f,-0.06421554362241662f,1.2347672551421391f,-1.0554064762976516f,1.4635150488007298f,-1.2456279437784046f,0.640491579648877f,0.8251292036416299f,-0.21887058509525187f,0f,0f,0f,1f],start_interpolation:0}
execute if entity @s[tag=aj.labyria.bone.body_1] run data modify entity @s {} merge value {transformation:[-0.7741518612070499f,-0.0050323337486745945f,0.6329799139046218f,-0.013011961301550027f,0.030169063167857852f,0.9985387035346305f,0.04483620379730044f,1.1285156287368436f,-0.6322805733353148f,0.053806441625712506f,-0.7728687750338633f,-0.002174705736484997f,0f,0f,0f,1f],start_interpolation:0}
execute if entity @s[tag=aj.labyria.bone.belt2] run data modify entity @s {} merge value {transformation:[-0.30667393879720944f,0.04869061295612066f,0.9505684191432844f,-0.11196978356249401f,0.08772603445452967f,0.9958857456385112f,-0.022709568752165954f,0.3736160852393917f,-0.9477632817014428f,0.07642516499153877f,-0.30968363859675896f,0.37544383865132885f,0f,0f,0f,1f],start_interpolation:0}
execute if entity @s[tag=aj.labyria.bone.leg_left_2] run data modify entity @s {} merge value {transformation:[-0.6418798719284382f,-0.09063055976388595f,0.7614304509605696f,-0.04764994875102144f,-0.030364381141744765f,0.9952160363330051f,0.09286035420727895f,0.5042488875560183f,-0.7662037812299092f,0.03648482783990026f,-0.6415610828023177f,0.2266554949715229f,0f,0f,0f,1f],start_interpolation:0}
execute if entity @s[tag=aj.labyria.bone.leg_left_1] run data modify entity @s {} merge value {transformation:[-0.6418798719284382f,0.37646968233426825f,0.6680275505518218f,0.07920151255853342f,-0.030364381141744765f,0.8580206064906974f,-0.5127169230630236f,0.8253517618548993f,-0.7662037812299092f,-0.3493869160693783f,-0.5393148880835006f,0.1077025249928712f,0f,0f,0f,1f],start_interpolation:0}
execute if entity @s[tag=aj.labyria.bone.belt] run data modify entity @s {} merge value {transformation:[-0.8700384447679922f,0.46782758029418f,0.1554685168829557f,-0.32613508856338735f,0.2853895850631541f,0.7351113271634829f,-0.6149505032223515f,0.7489363143822853f,-0.4019774737011691f,-0.49066148390925823f,-0.773088234837907f,0.040983015199499234f,0f,0f,0f,1f],start_interpolation:0}
execute if entity @s[tag=aj.labyria.bone.leg_right_2] run data modify entity @s {} merge value {transformation:[-0.6867268264321378f,-0.20395653395090893f,0.6977162733641635f,-0.27936021634970354f,0.12204002931934024f,0.9138588986425937f,0.3872572073125047f,0.6135834685961203f,-0.7165978628925564f,0.35108922744863225f,-0.6026805598883572f,0.0690461398905976f,0f,0f,0f,1f],start_interpolation:0}
execute if entity @s[tag=aj.labyria.bone.leg_right_1] run data modify entity @s {} merge value {transformation:[-0.6867268264321378f,0.5143066597836796f,0.5137070425452612f,-0.07313311207541348f,0.12204002931934024f,0.7782354057631873f,-0.6159999062178028f,0.8337984572041328f,-0.7165978628925564f,-0.360330838145671f,-0.597201130256013f,-0.09108082548035185f,0f,0f,0f,1f],start_interpolation:0}
execute if entity @s[tag=aj.labyria.bone.skirt_forward_right] run data modify entity @s {} merge value {transformation:[-0.6268009239399056f,0.34772815073440944f,0.6972845437372812f,0.0019670624815305727f,0.08149298440873412f,0.919244002588765f,-0.3851614689928683f,1.0439881536061635f,-0.774906120275378f,-0.1845957661795476f,-0.6045203949151322f,0.009537428742606626f,0f,0f,0f,1f],start_interpolation:0}
execute if entity @s[tag=aj.labyria.bone.skirt_forward_left] run data modify entity @s {} merge value {transformation:[-0.6776607691897562f,0.23360254058173133f,0.6972845437372812f,0.0019670624815305727f,-0.07937012301896973f,0.9194297288946064f,-0.3851614689928683f,1.0439881536061635f,-0.7310788367016936f,-0.3163523773556178f,-0.6045203949151322f,0.009537428742606626f,0f,0f,0f,1f],start_interpolation:0}
execute if entity @s[tag=aj.labyria.bone.skirt_forward] run data modify entity @s {} merge value {transformation:[-0.6547222624394685f,0.29177564005796514f,0.6972845437372812f,0.0019670624815305727f,0.0010654851877001672f,0.9228485832164292f,-0.3851614689928683f,1.0439881536061635f,-0.7558687874277245f,-0.2514308420305556f,-0.6045203949151322f,0.009537428742606626f,0f,0f,0f,1f],start_interpolation:0}
execute if entity @s[tag=aj.labyria.bone.skirt_back_right] run data modify entity @s {} merge value {transformation:[-0.6468252425972641f,0.11884914115364091f,0.7533206403557732f,0.0019670624815305727f,0.08792978593246002f,0.9928169806674461f,-0.08113442946276166f,1.0439881536061635f,-0.7575522808921257f,0.013759525624745403f,-0.6526294639148006f,0.009537428742606626f,0f,0f,0f,1f],start_interpolation:0}
execute if entity @s[tag=aj.labyria.bone.skirt_back_left] run data modify entity @s {} merge value {transformation:[-0.6576364505323976f,0.0047235310009627884f,0.7533206403557732f,0.0019670624815305727f,-0.08580692454269563f,0.9930027069732874f,-0.08113442946276166f,1.0439881536061635f,-0.7484326760849459f,-0.11799708555132475f,-0.6526294639148006f,0.009537428742606626f,0f,0f,0f,1f],start_interpolation:0}
execute if entity @s[tag=aj.labyria.bone.skirt_back] run data modify entity @s {} merge value {transformation:[-0.6547222624394685f,0.0620223498435158f,0.7533206403557732f,0.0019670624815305727f,0.0010654851877001672f,0.9967025981189509f,-0.08113442946276166f,1.0439881536061635f,-0.7558687874277245f,-0.05231786523570691f,-0.6526294639148006f,0.009537428742606626f,0f,0f,0f,1f],start_interpolation:0}
execute if entity @s[tag=aj.labyria.bone.skirt_right] run data modify entity @s {} merge value {transformation:[-0.641123495937714f,0.18402040368939443f,0.7450484239179331f,-0.12169931196575019f,0.0869829184687016f,0.9819942360329044f,-0.16769404370107968f,1.0688405541702337f,-0.76249238347099f,-0.0427061052326798f,-0.6455862093667926f,-0.13963712846225973f,0f,0f,0f,1f],start_interpolation:0}
execute if entity @s[tag=aj.labyria.bone.skirt_left] run data modify entity @s {} merge value {transformation:[-0.6633381971919478f,0.0698947935367163f,0.7450484239179331f,0.1320055647295439f,-0.0848600570789372f,0.9821799623387457f,-0.16769404370107968f,1.06842767866f,-0.7434925735060816f,-0.17446271640874994f,-0.6455862093667926f,0.1532620266659835f,0f,0f,0f,1f],start_interpolation:0}
execute if entity @s[tag=aj.labyria.bone.coat_downer] run data modify entity @s {} merge value {transformation:[-0.6547222624394685f,0.15336673646663668f,0.7401468794852255f,-0.016153675951802598f,0.0010654851877001672f,0.9793855284476939f,-0.2019971569318395f,0.9038142401302415f,-0.7558687874277245f,-0.13146342005594033f,-0.6413889189717398f,0.025035750449342416f,0f,0f,0f,1f],start_interpolation:0}
execute if entity @s[tag=aj.labyria.bone.body_2] run data modify entity @s {} merge value {transformation:[-0.6547222624394685f,0.12744255601465074f,0.7450484239179331f,0.0131182861328125f,0.0010654851877001672f,0.9858385123581321f,-0.16769404370107968f,1.1302490234375f,-0.7558687874277245f,-0.1089991856297901f,-0.6455862093667926f,1.6065267122847939e-18f,0f,0f,0f,1f],start_interpolation:0}
execute if entity @s[tag=aj.labyria.bone.sphere] run data modify entity @s {} merge value {transformation:[-0.9524745773296186f,-0.0020008603964822686f,0.3046115166871373f,0.8094381576858197f,-0.002235569822136137f,0.9999974121762651f,-0.0004217444048698598f,2.1312056434760813f,-0.30460988455454746f,-0.0010826811379504343f,-0.9524765855564215f,-0.08299148638594217f,0f,0f,0f,1f],start_interpolation:0}