execute if entity @s[tag=aj.frestchika_v2.bone.hair] run data modify entity @s {} merge value {transformation:[-0.8870108331782217f,0.1951433962865684f,0.4184863638282857f,0.1561181459706235f,0.4617486132350339f,0.3748669764629494f,0.8039048252952894f,32.737400168105445f,-8.08719221504447e-17f,0.90630778703665f,-0.4226182617406992f,0.05956795945826876f,0f,0f,0f,1f],start_interpolation:0}
execute if entity @s[tag=aj.frestchika_v2.bone.side_hair_2] run data modify entity @s {} merge value {transformation:[-0.8870108331782217f,0.1951433962865684f,0.4184863638282857f,0.5335543455019482f,0.4617486132350339f,0.3748669764629494f,0.8039048252952894f,32.40694031872322f,-8.08719221504447e-17f,0.90630778703665f,-0.4226182617406992f,0.4790804398325563f,0f,0f,0f,1f],start_interpolation:0}
execute if entity @s[tag=aj.frestchika_v2.bone.side_hair_1] run data modify entity @s {} merge value {transformation:[-0.8870108331782217f,0.1951433962865684f,0.4184863638282857f,0.4687438055474455f,0.4617486132350339f,0.3748669764629494f,0.8039048252952894f,32.6252013401265f,-8.08719221504447e-17f,0.90630778703665f,-0.4226182617406992f,0.8300798511350452f,0f,0f,0f,1f],start_interpolation:0}
execute if entity @s[tag=aj.frestchika_v2.bone.head] run data modify entity @s {} merge value {transformation:[-0.8870108331782217f,0.1951433962865684f,0.4184863638282857f,0.07317877360746315f,0.4617486132350339f,0.3748669764629494f,0.8039048252952894f,32.57807511617361f,-8.08719221504447e-17f,0.90630778703665f,-0.4226182617406992f,0.33986542013874377f,0f,0f,0f,1f],start_interpolation:0}
execute if entity @s[tag=aj.frestchika_v2.bone.group] run data modify entity @s {} merge value {transformation:[-0.000004163086113388636f,-0.000009048298384101709f,8.927543697866217e-7f,-0.2719749034943634f,-0.0000035400821760298485f,0.000002517479647966692f,0.000009007225677700615f,32.81342592276697f,-0.000008374755650134902f,0.000003433743230693858f,-0.00000425122043961468f,-0.0992894559434629f,0f,0f,0f,1f],start_interpolation:0}
execute if entity @s[tag=aj.frestchika_v2.bone.group2] run data modify entity @s {} merge value {transformation:[-0.000004163086113388636f,-0.000009048298384101709f,8.927543697866217e-7f,-0.2719749034943634f,-0.0000035400821760298485f,0.000002517479647966692f,0.000009007225677700615f,32.81342592276697f,-0.000008374755650134902f,0.000003433743230693858f,-0.00000425122043961468f,-0.0992894559434629f,0f,0f,0f,1f],start_interpolation:0}
execute if entity @s[tag=aj.frestchika_v2.bone.group3] run data modify entity @s {} merge value {transformation:[-0.000004163086113388636f,-0.000009048298384101709f,8.927543697866217e-7f,-0.2719749034943634f,-0.0000035400821760298485f,0.000002517479647966692f,0.000009007225677700615f,32.81342592276697f,-0.000008374755650134902f,0.000003433743230693858f,-0.00000425122043961468f,-0.0992894559434629f,0f,0f,0f,1f],start_interpolation:0}
execute if entity @s[tag=aj.frestchika_v2.locator_origin.muzzle] at @s on origin run tp @s ^-0.27198 ^32.81343 ^-0.0993 ~11.85975 ~64.25321
execute if entity @s[tag=aj.frestchika_v2.bone.gun] run data modify entity @s {} merge value {transformation:[-0.000004163086113388636f,-0.000009048298384101709f,8.927543697866217e-7f,-0.2719763767163611f,-0.0000035400821760298485f,0.000002517479647966692f,0.000009007225677700615f,32.81343045099008f,-0.000008374755650134902f,0.000003433743230693858f,-0.00000425122043961468f,-0.09929119744285932f,0f,0f,0f,1f],start_interpolation:0}
execute if entity @s[tag=aj.frestchika_v2.bone.sword] run data modify entity @s {} merge value {transformation:[-0.9522338736444799f,0.04214076466513165f,0.44609362014880555f,-0.01835309577229538f,0.2649370406723668f,-0.7920098306488164f,0.6403542025593352f,32.702551260454506f,0.3613637038549909f,0.6917147506082776f,0.706025275345813f,-0.10503763834749903f,0f,0f,0f,1f],start_interpolation:0}
execute if entity @s[tag=aj.frestchika_v2.bone.arm_right_1] run data modify entity @s {} merge value {transformation:[-0.41630861133886354f,-0.9048298384101708f,0.08927543697866216f,-0.137419204818732f,-0.35400821760298484f,0.25174796479666917f,0.9007225677700614f,32.96909390696913f,-0.8374755650134902f,0.34337432306938576f,-0.425122043961468f,0.14116266645143716f,0f,0f,0f,1f],start_interpolation:0}
execute if entity @s[tag=aj.frestchika_v2.bone.arm_right_0] run data modify entity @s {} merge value {transformation:[-0.04004291628116152f,-0.9048298384101708f,0.42388622102909157f,-0.15619672360453635f,0.7525820566983878f,0.25174796479666917f,0.6084761377049717f,32.67886902821428f,-0.6572798588054595f,0.34337432306938576f,0.6708779780744902f,0.30446277220762474f,0f,0f,0f,1f],start_interpolation:0}
execute if entity @s[tag=aj.frestchika_v2.bone.arm_left_1] run data modify entity @s {} merge value {transformation:[0.14600133192855608f,0.8225087801614801f,0.5496934760685825f,0.27763094584728426f,0.9888325105368707f,-0.1381252484050962f,-0.05596143188285896f,32.00134043903112f,0.029897778854573565f,0.5517252235581624f,-0.8334898922658023f,0.3562926526457071f,0f,0f,0f,1f],start_interpolation:0}
execute if entity @s[tag=aj.frestchika_v2.bone.arm_left_0] run data modify entity @s {} merge value {transformation:[0.14600133192855608f,0.8225087801614801f,0.5496934760685825f,0.3323814453204928f,0.9888325105368707f,-0.1381252484050962f,-0.05596143188285896f,32.37215263048245f,0.029897778854573565f,0.5517252235581624f,-0.8334898922658023f,0.36750431971617215f,0f,0f,0f,1f],start_interpolation:0}
execute if entity @s[tag=aj.frestchika_v2.bone.right_wing_0] run data modify entity @s {} merge value {transformation:[-0.000008870108331782218f,0.000001951433962865684f,0.000004184863638282857f,0.06388660281670533f,0.000004617486132350339f,0.0000037486697646294944f,0.000008039048252952895f,32.99497727532935f,-8.08719221504447e-22f,0.000009063077870366501f,-0.000004226182617406993f,-0.20581376654643696f,0f,0f,0f,1f],start_interpolation:0}
execute if entity @s[tag=aj.frestchika_v2.bone.right_wing_1] run data modify entity @s {} merge value {transformation:[-0.000008870108331782218f,0.000001951433962865684f,0.000004184863638282857f,0.322670435913831f,0.000004617486132350339f,0.0000037486697646294944f,0.000008039048252952895f,32.625824165377935f,-8.08719221504447e-22f,0.000009063077870366501f,-0.000004226182617406993f,0.7531687849844863f,0f,0f,0f,1f],start_interpolation:0}
execute if entity @s[tag=aj.frestchika_v2.bone.right_wing_2] run data modify entity @s {} merge value {transformation:[-0.000008870108331782218f,0.000001951433962865684f,0.000004184863638282857f,0.32455531494082174f,0.000004617486132350339f,0.0000037486697646294944f,0.000008039048252952895f,32.61590948073653f,-8.08719221504447e-22f,0.000009063077870366501f,-0.000004226182617406993f,0.7361755139775488f,0f,0f,0f,1f],start_interpolation:0}
execute if entity @s[tag=aj.frestchika_v2.bone.left_wing_0] run data modify entity @s {} merge value {transformation:[-0.000008870108331782218f,0.000001951433962865684f,0.000004184863638282857f,0.06388660281670533f,0.000004617486132350339f,0.0000037486697646294944f,0.000008039048252952895f,32.99497727532935f,-8.08719221504447e-22f,0.000009063077870366501f,-0.000004226182617406993f,-0.20581376654643696f,0f,0f,0f,1f],start_interpolation:0}
execute if entity @s[tag=aj.frestchika_v2.bone.left_wing_1] run data modify entity @s {} merge value {transformation:[-0.000008870108331782218f,0.000001951433962865684f,0.000004184863638282857f,0.322670435913831f,0.000004617486132350339f,0.0000037486697646294944f,0.000008039048252952895f,32.625824165377935f,-8.08719221504447e-22f,0.000009063077870366501f,-0.000004226182617406993f,0.7531687849844863f,0f,0f,0f,1f],start_interpolation:0}
execute if entity @s[tag=aj.frestchika_v2.bone.left_wing_2] run data modify entity @s {} merge value {transformation:[-0.000008870108331782218f,0.000001951433962865684f,0.000004184863638282857f,0.32455531494082174f,0.000004617486132350339f,0.0000037486697646294944f,0.000008039048252952895f,32.61590948073653f,-8.08719221504447e-22f,0.000009063077870366501f,-0.000004226182617406993f,0.7361755139775488f,0f,0f,0f,1f],start_interpolation:0}
execute if entity @s[tag=aj.frestchika_v2.bone.leg_right_1] run data modify entity @s {} merge value {transformation:[-0.9774170968784837f,0.010824733313291486f,-0.21104180599666278f,-0.07884628267246434f,-0.002066383423869833f,0.9981498258566202f,0.06076722144334562f,32.045430990461085f,0.21130913087034953f,0.0598310144581819f,-0.9755863369890552f,0.2230103838589389f,0f,0f,0f,1f],start_interpolation:0}
execute if entity @s[tag=aj.frestchika_v2.bone.leg_right_0] run data modify entity @s {} merge value {transformation:[-0.9774170968784837f,-0.19801908761014222f,-0.0737852266492673f,-0.14919753581101353f,-0.002066383423869833f,0.3581041705496559f,-0.933679352398075f,32.08595339850738f,0.21130913087034953f,-0.9124416934670344f,-0.3504263221189694f,-0.10200530519001356f,0f,0f,0f,1f],start_interpolation:0}
execute if entity @s[tag=aj.frestchika_v2.bone.leg_left_1] run data modify entity @s {} merge value {transformation:[-0.9774170968784837f,0.21125284572502295f,0.0052965935011638765f,0.05057679115657114f,-0.002066383423869833f,-0.03461788163929058f,0.9993984852551827f,31.80671606820895f,0.21130913087034953f,0.9768182212898608f,0.03427263875060982f,-0.36377425226444554f,0f,0f,0f,1f],start_interpolation:0}
execute if entity @s[tag=aj.frestchika_v2.bone.leg_left_0] run data modify entity @s {} merge value {transformation:[-0.9774170968784837f,0.143947284823417f,-0.15470939829759206f,0.09515673840860739f,-0.002066383423869833f,0.7255667104787789f,0.6881487329818675f,32.08646999436334f,0.21130913087034953f,0.6729280257479027f,-0.7088838574645691f,-0.15483258790760096f,0f,0f,0f,1f],start_interpolation:0}
execute if entity @s[tag=aj.frestchika_v2.bone.body_0] run data modify entity @s {} merge value {transformation:[-0.9774170968784837f,0.0720543965365415f,-0.19865543704966085f,0f,-0.002066383423869833f,0.9367688095057066f,0.349942749027333f,32.4375f,0.21130913087034953f,0.34245052413015264f,-0.9154649582227609f,0f,0f,0f,0f,1f],start_interpolation:0}
execute if entity @s[tag=aj.frestchika_v2.bone.body_1] run data modify entity @s {} merge value {transformation:[-0.8870108331782217f,0.1951433962865684f,0.4184863638282857f,0f,0.4617486132350339f,0.3748669764629494f,0.8039048252952894f,32.4375f,-8.08719221504447e-17f,0.90630778703665f,-0.4226182617406992f,0f,0f,0f,0f,1f],start_interpolation:0}