execute if entity @s[tag=aj.frestchika_v2.bone.hair] run data modify entity @s {} merge value {transformation:[-0.9277446809789291f,0.14638884363501092f,0.34330760751039185f,0.14284021150529108f,0.37321549661730946f,0.3638955838328896f,0.8533992015180324f,1.2566368408434152f,-8.586037978305387e-17f,0.9198642891895112f,-0.3922367773091597f,0.04682175463719623f,0f,0f,0f,1f],start_interpolation:0}
execute if entity @s[tag=aj.frestchika_v2.bone.side_hair_2] run data modify entity @s {} merge value {transformation:[-0.9277446809789291f,0.14638884363501092f,0.34330760751039185f,0.5454670142277316f,0.37321549661730946f,0.3638955838328896f,0.8533992015180324f,0.9515999348559935f,-8.586037978305387e-17f,0.9198642891895112f,-0.3922367773091597f,0.4621489288929655f,0f,0f,0f,1f],start_interpolation:0}
execute if entity @s[tag=aj.frestchika_v2.bone.side_hair_1] run data modify entity @s {} merge value {transformation:[-0.9277446809789291f,0.14638884363501092f,0.34330760751039185f,0.45532764671680725f,0.37321549661730946f,0.3638955838328896f,0.8533992015180324f,1.1515998194306503f,-8.586037978305387e-17f,0.9198642891895112f,-0.3922367773091597f,0.8183985701317252f,0f,0f,0f,1f],start_interpolation:0}
execute if entity @s[tag=aj.frestchika_v2.bone.head] run data modify entity @s {} merge value {transformation:[-0.9277446809789291f,0.14638884363501092f,0.34330760751039185f,0.07236045966547969f,0.37321549661730946f,0.3638955838328896f,0.8533992015180324f,1.081437216286702f,-8.586037978305387e-17f,0.9198642891895112f,-0.3922367773091597f,0.3209891747672792f,0f,0f,0f,1f],start_interpolation:0}
execute if entity @s[tag=aj.frestchika_v2.bone.group] run data modify entity @s {} merge value {transformation:[-0.00000647820937306987f,-0.000006980728441671727f,-0.0000030499563508852226f,-0.489148668891544f,-0.000006067558493939292f,0.000002307355127053148f,0.00000760663172766282f,1.1481735176795358f,-0.000004606249802311507f,0.0000067783141518593684f,-0.000005730350776122545f,-0.041439833403946275f,0f,0f,0f,1f],start_interpolation:0}
execute if entity @s[tag=aj.frestchika_v2.bone.group2] run data modify entity @s {} merge value {transformation:[-0.00000647820937306987f,-0.000006980728441671727f,-0.0000030499563508852226f,-0.489148668891544f,-0.000006067558493939292f,0.000002307355127053148f,0.00000760663172766282f,1.1481735176795358f,-0.000004606249802311507f,0.0000067783141518593684f,-0.000005730350776122545f,-0.041439833403946275f,0f,0f,0f,1f],start_interpolation:0}
execute if entity @s[tag=aj.frestchika_v2.bone.group3] run data modify entity @s {} merge value {transformation:[-0.00000647820937306987f,-0.000006980728441671727f,-0.0000030499563508852226f,-0.489148668891544f,-0.000006067558493939292f,0.000002307355127053148f,0.00000760663172766282f,1.1481735176795358f,-0.000004606249802311507f,0.0000067783141518593684f,-0.000005730350776122545f,-0.041439833403946275f,0f,0f,0f,1f],start_interpolation:0}
execute if entity @s[tag=aj.frestchika_v2.locator_origin.muzzle] at @s on origin run tp @s ^-0.48916 ^1.14817 ^-0.04144 ~-28.02396 ~49.5227
execute if entity @s[tag=aj.frestchika_v2.bone.gun] run data modify entity @s {} merge value {transformation:[-0.00000647820937306987f,-0.000006980728441671727f,-0.0000030499563508852226f,-0.4891517111112307f,-0.000006067558493939292f,0.000002307355127053148f,0.00000760663172766282f,1.1481772315004402f,-0.000004606249802311507f,0.0000067783141518593684f,-0.000005730350776122545f,-0.041441464489928595f,0f,0f,0f,1f],start_interpolation:0}
execute if entity @s[tag=aj.frestchika_v2.bone.sword] run data modify entity @s {} merge value {transformation:[-0.7346448804730908f,0.5111279533932263f,0.5536874813057723f,-0.24542669806655318f,0.24282374621594632f,-0.5714502524630221f,0.8497093322622751f,1.0687718600242384f,0.7133430030275281f,0.7209143751653179f,0.28097853265270656f,-0.14605929332816714f,0f,0f,0f,1f],start_interpolation:0}
execute if entity @s[tag=aj.frestchika_v2.bone.arm_right_1] run data modify entity @s {} merge value {transformation:[-0.647820937306987f,-0.6980728441671726f,-0.30499563508852223f,-0.30196055142920486f,-0.6067558493939291f,0.23073551270531478f,0.7606631727662819f,1.3758207199220862f,-0.4606249802311506f,0.6778314151859368f,-0.5730350776122545f,0.07385257965045822f,0f,0f,0f,1f],start_interpolation:0}
execute if entity @s[tag=aj.frestchika_v2.bone.arm_right_0] run data modify entity @s {} merge value {transformation:[-0.5173689164950055f,-0.6980728441671726f,0.4949986954337741f,-0.1671132584610734f,0.49189731888503807f,0.23073551270531478f,0.8395225731630604f,1.1560041408278314f,-0.7002616881698551f,0.6778314151859368f,0.2240047782270168f,0.2875528023956877f,0f,0f,0f,1f],start_interpolation:0}
execute if entity @s[tag=aj.frestchika_v2.bone.arm_left_1] run data modify entity @s {} merge value {transformation:[0.06419706836711381f,0.5635267126101653f,0.8235996482441261f,0.38576015561181815f,0.9103612008895513f,0.30501446795502535f,-0.2796581095785468f,0.5725574193249945f,-0.4088046236627001f,0.7677263956077665f,-0.49343182017286363f,0.45447463933740373f,0f,0f,0f,1f],start_interpolation:0}
execute if entity @s[tag=aj.frestchika_v2.bone.arm_left_0] run data modify entity @s {} merge value {transformation:[-0.09659418164240868f,0.5635267126101653f,0.8204311112138627f,0.34194061001562837f,0.9472947461420923f,0.30501446795502535f,-0.09797366110185513f,0.9215722724247156f,-0.30545413404375743f,0.7677263956077665f,-0.5632885170875449f,0.3479769394843265f,0f,0f,0f,1f],start_interpolation:0}
execute if entity @s[tag=aj.frestchika_v2.bone.right_wing_0] run data modify entity @s {} merge value {transformation:[-0.000009277446809789293f,0.000001929612257746125f,0.0000031946169138546797f,-0.000006245417303735179f,0.000003732154966173095f,0.0000047966591009787225f,0.000007941226654457578f,1.4394299188686026f,-8.586037978305387e-22f,0.000008559711327127445f,-0.000005170236164455751f,-0.2606153424277762f,0f,0f,0f,1f],start_interpolation:0}
execute if entity @s[tag=aj.frestchika_v2.bone.right_wing_1] run data modify entity @s {} merge value {transformation:[-0.000009277446809789293f,0.000001929612257746125f,0.0000031946169138546797f,0.3321622053505624f,0.000003732154966173095f,0.0000047966591009787225f,0.000007941226654457578f,1.1933723798772229f,-8.586037978305387e-22f,0.000008559711327127445f,-0.000005170236164455751f,0.7150948772686159f,0f,0f,0f,1f],start_interpolation:0}
execute if entity @s[tag=aj.frestchika_v2.bone.right_wing_2] run data modify entity @s {} merge value {transformation:[-0.000009277446809789293f,0.000001929612257746125f,0.0000031946169138546797f,0.33434258662340666f,0.000003732154966173095f,0.0000047966591009787225f,0.000007941226654457578f,1.1820460472090295f,-8.586037978305387e-22f,0.000008559711327127445f,-0.000005170236164455751f,0.6990454185302517f,0f,0f,0f,1f],start_interpolation:0}
execute if entity @s[tag=aj.frestchika_v2.bone.left_wing_0] run data modify entity @s {} merge value {transformation:[-0.000009277446809789293f,0.000001929612257746125f,0.0000031946169138546797f,-0.000006245417303735179f,0.000003732154966173095f,0.0000047966591009787225f,0.000007941226654457578f,1.4394299188686026f,-8.586037978305387e-22f,0.000008559711327127445f,-0.000005170236164455751f,-0.2606153424277762f,0f,0f,0f,1f],start_interpolation:0}
execute if entity @s[tag=aj.frestchika_v2.bone.left_wing_1] run data modify entity @s {} merge value {transformation:[-0.000009277446809789293f,0.000001929612257746125f,0.0000031946169138546797f,0.3321622053505624f,0.000003732154966173095f,0.0000047966591009787225f,0.000007941226654457578f,1.1933723798772229f,-8.586037978305387e-22f,0.000008559711327127445f,-0.000005170236164455751f,0.7150948772686159f,0f,0f,0f,1f],start_interpolation:0}
execute if entity @s[tag=aj.frestchika_v2.bone.left_wing_2] run data modify entity @s {} merge value {transformation:[-0.000009277446809789293f,0.000001929612257746125f,0.0000031946169138546797f,0.33434258662340666f,0.000003732154966173095f,0.0000047966591009787225f,0.000007941226654457578f,1.1820460472090295f,-8.586037978305387e-22f,0.000008559711327127445f,-0.000005170236164455751f,0.6990454185302517f,0f,0f,0f,1f],start_interpolation:0}
execute if entity @s[tag=aj.frestchika_v2.bone.leg_right_1] run data modify entity @s {} merge value {transformation:[-0.9707446477539858f,-0.05135908385885446f,-0.23455718569715417f,-0.04730643329077516f,-0.03372604568621046f,0.9963371334908614f,-0.07858034276831025f,0.5562887211031574f,0.23773384845108148f,-0.06837076080015969f,-0.9689210785034278f,0.2836483499370065f,0f,0f,0f,1f],start_interpolation:0}
execute if entity @s[tag=aj.frestchika_v2.bone.leg_right_0] run data modify entity @s {} merge value {transformation:[-0.9707446477539858f,-0.23932674675135582f,-0.01943031513904268f,-0.1263871736983177f,-0.03372604568621046f,0.2160209777786361f,-0.9758060724354679f,0.5456982338109903f,0.23773384845108148f,-0.9466032143664919f,-0.21777275277606198f,-0.04076645784821745f,0f,0f,0f,1f],start_interpolation:0}
execute if entity @s[tag=aj.frestchika_v2.bone.leg_left_1] run data modify entity @s {} merge value {transformation:[-0.9707446477539858f,0.19706701995740689f,-0.1371838857231312f,0.12529943484036962f,-0.03372604568621046f,0.4537590674086268f,0.8904859698989226f,0.21056443429331856f,0.23773384845108148f,0.8690611591767062f,-0.43383789473843587f,-0.1121879646881947f,0f,0f,0f,1f],start_interpolation:0}
execute if entity @s[tag=aj.frestchika_v2.bone.leg_left_0] run data modify entity @s {} merge value {transformation:[-0.9707446477539858f,0.0044889158196760245f,-0.2400722359869087f,0.11540111878644661f,-0.03372604568621046f,0.9873645171208647f,0.15483495785207282f,0.5572534181976285f,0.23773384845108148f,0.15840189381899875f,-0.9583274269972623f,-0.10342307406569543f,0f,0f,0f,1f],start_interpolation:0}
execute if entity @s[tag=aj.frestchika_v2.bone.body_0] run data modify entity @s {} merge value {transformation:[-0.9707446477539858f,0.0064201013408959895f,-0.24002835489950503f,0f,-0.03372604568621046f,0.9860869513962495f,0.1627730878506093f,0.9015625f,0.23773384845108148f,0.16610631109269486f,-0.9570221056568209f,0f,0f,0f,0f,1f],start_interpolation:0}
execute if entity @s[tag=aj.frestchika_v2.bone.body_1] run data modify entity @s {} merge value {transformation:[-0.9277446809789291f,0.1929612257746125f,0.3194616913854679f,0f,0.37321549661730946f,0.4796659100978722f,0.7941226654457577f,0.9015625f,-8.586037978305387e-17f,0.8559711327127445f,-0.517023616445575f,0f,0f,0f,0f,1f],start_interpolation:0}