execute if entity @s[tag=aj.frestchika_v2.bone.hair] run data modify entity @s {} merge value {transformation:[-0.9998946981958718f,-0.012808922634676003f,-0.0068208519061202025f,0.020471299560737826f,-0.01148149411427468f,0.9857234488339562f,-0.16798052777567596f,1.319324866506222f,0.008875123249297144f,-0.16788452555202832f,-0.9857667159462629f,-0.32975631906191016f,0f,0f,0f,1f],start_interpolation:0}
execute if entity @s[tag=aj.frestchika_v2.bone.side_hair_2] run data modify entity @s {} merge value {transformation:[-0.9998946981958718f,-0.012808922634676003f,-0.0068208519061202025f,0.5055165671076262f,-0.01148149411427468f,0.9857234488339562f,-0.16798052777567596f,1.6980672643797776f,0.008875123249297144f,-0.16788452555202832f,-0.9857667159462629f,-0.10853741742031635f,0f,0f,0f,1f],start_interpolation:0}
execute if entity @s[tag=aj.frestchika_v2.bone.side_hair_1] run data modify entity @s {} merge value {transformation:[-0.9998946981958718f,-0.012808922634676003f,-0.0068208519061202025f,0.34230315455578136f,-0.01148149411427468f,0.9857234488339562f,-0.16798052777567596f,2.078006001363904f,0.008875123249297144f,-0.16788452555202832f,-0.9857667159462629f,-0.17215191568901939f,0f,0f,0f,1f],start_interpolation:0}
execute if entity @s[tag=aj.frestchika_v2.bone.head] run data modify entity @s {} merge value {transformation:[-0.9998946981958718f,-0.012808922634676003f,-0.0068208519061202025f,0.02010807481503247f,-0.01148149411427468f,0.9857234488339562f,-0.16798052777567596f,1.5421513792666794f,0.008875123249297144f,-0.16788452555202832f,-0.9857667159462629f,-0.08241386131597883f,0f,0f,0f,1f],start_interpolation:0}
execute if entity @s[tag=aj.frestchika_v2.bone.group] run data modify entity @s {} merge value {transformation:[-0.000008325138844102613f,-6.838753574546155e-7f,0.0000054976702085410815f,-0.8444526913790196f,-0.0000029036263089542938f,0.000008989951628683362f,-0.0000032786771679873964f,1.1893555582002149f,-0.000004718158272500223f,-0.000004325862250395835f,-0.000007682831399050615f,-0.28997485974139614f,0f,0f,0f,1f],start_interpolation:0}
execute if entity @s[tag=aj.frestchika_v2.bone.group2] run data modify entity @s {} merge value {transformation:[-0.000008325138844102613f,-6.838753574546155e-7f,0.0000054976702085410815f,-0.8444526913790196f,-0.0000029036263089542938f,0.000008989951628683362f,-0.0000032786771679873964f,1.1893555582002149f,-0.000004718158272500223f,-0.000004325862250395835f,-0.000007682831399050615f,-0.28997485974139614f,0f,0f,0f,1f],start_interpolation:0}
execute if entity @s[tag=aj.frestchika_v2.bone.group3] run data modify entity @s {} merge value {transformation:[-0.000008325138844102613f,-6.838753574546155e-7f,0.0000054976702085410815f,-0.8444526913790196f,-0.0000029036263089542938f,0.000008989951628683362f,-0.0000032786771679873964f,1.1893555582002149f,-0.000004718158272500223f,-0.000004325862250395835f,-0.000007682831399050615f,-0.28997485974139614f,0f,0f,0f,1f],start_interpolation:0}
execute if entity @s[tag=aj.frestchika_v2.locator_origin.muzzle] at @s on origin run tp @s ^-0.84446 ^1.18936 ^-0.28998 ~35.5867 ~-19.13941
execute if entity @s[tag=aj.frestchika_v2.bone.gun] run data modify entity @s {} merge value {transformation:[-0.000008325138844102613f,-6.838753574546155e-7f,0.0000054976702085410815f,-0.8444506328136222f,-0.0000029036263089542938f,0.000008989951628683362f,-0.0000032786771679873964f,1.1893555708287396f,-0.000004718158272500223f,-0.000004325862250395835f,-0.000007682831399050615f,-0.2899794933314554f,0f,0f,0f,1f],start_interpolation:0}
execute if entity @s[tag=aj.frestchika_v2.bone.sword] run data modify entity @s {} merge value {transformation:[-0.07197035874316625f,-0.2883342053107299f,1.009558500340723f,-0.8166107062771454f,0.9460935194510084f,0.420963078568413f,0.18767485456237615f,0.9985640927087486f,-0.4552494173694074f,0.9204228292638306f,0.23042242828071519f,-0.09129498089789559f,0f,0f,0f,1f],start_interpolation:0}
execute if entity @s[tag=aj.frestchika_v2.bone.arm_right_1] run data modify entity @s {} merge value {transformation:[-0.8325138844102613f,-0.06838753574546154f,0.5497670208541081f,-0.5568037751586891f,-0.29036263089542935f,0.8989951628683361f,-0.3278677167987396f,1.2637019005595551f,-0.47181582725002225f,-0.43258622503958344f,-0.7682831399050615f,-0.18095328898166269f,0f,0f,0f,1f],start_interpolation:0}
execute if entity @s[tag=aj.frestchika_v2.bone.arm_right_0] run data modify entity @s {} merge value {transformation:[-0.872986939906374f,-0.06838753574546154f,0.4829254059454403f,-0.2269763177816018f,-0.26381198152359264f,0.8989951628683361f,-0.34958680687910626f,1.3619106479950123f,-0.4102402237195919f,-0.43258622503958344f,-0.8028524875395867f,-0.028999532574812283f,0f,0f,0f,1f],start_interpolation:0}
execute if entity @s[tag=aj.frestchika_v2.bone.arm_left_1] run data modify entity @s {} merge value {transformation:[-0.7807318979445463f,0.01218157748605486f,-0.6247473991157206f,0.5802841032121517f,0.27980579542766254f,0.9007866023728451f,-0.3321027157833535f,1.2624635206507486f,0.5587185520250777f,-0.43409112655701343f,-0.70668130969162f,-0.24996236108526726f,0f,0f,0f,1f],start_interpolation:0}
execute if entity @s[tag=aj.frestchika_v2.bone.arm_left_0] run data modify entity @s {} merge value {transformation:[-0.8195909414533725f,0.01218157748605486f,-0.5728196032413045f,0.27204688783688286f,0.25768751822158303f,0.9007866023728451f,-0.3495434736029084f,1.358055558512712f,0.5117302332678574f,-0.43409112655701343f,-0.7414155799577503f,-0.06024825167792243f,0f,0f,0f,1f],start_interpolation:0}
execute if entity @s[tag=aj.frestchika_v2.bone.right_wing_0] run data modify entity @s {} merge value {transformation:[-0.00000997943680808085f,-1.3045133826580091e-7f,-6.27553537051441e-7f,-0.2110496031504702f,0f,0.00000979070344711145f,-0.0000020352213665151966f,1.094831464392448f,6.409687929385585e-7f,-0.0000020310363017594357f,-0.000009770570635710806f,-0.5494583465661874f,0f,0f,0f,1f],start_interpolation:0}
execute if entity @s[tag=aj.frestchika_v2.bone.right_wing_1] run data modify entity @s {} merge value {transformation:[-0.00000997943680808085f,-1.3045133826580091e-7f,-6.27553537051441e-7f,0.2151973496331774f,0f,0.00000979070344711145f,-0.0000020352213665151966f,1.98057143983487f,6.409687929385585e-7f,-0.0000020310363017594357f,-0.000009770570635710806f,-0.1536441778633567f,0f,0f,0f,1f],start_interpolation:0}
execute if entity @s[tag=aj.frestchika_v2.bone.right_wing_2] run data modify entity @s {} merge value {transformation:[-0.00000997943680808085f,-1.3045133826580091e-7f,-6.27553537051441e-7f,0.22167909389747634f,0f,0.00000979070344711145f,-0.0000020352213665151966f,1.9622138708715355f,6.409687929385585e-7f,-0.0000020310363017594357f,-0.000009770570635710806f,-0.15023659029314432f,0f,0f,0f,1f],start_interpolation:0}
execute if entity @s[tag=aj.frestchika_v2.bone.left_wing_0] run data modify entity @s {} merge value {transformation:[-0.00000997943680808085f,-1.3045133826580091e-7f,-6.27553537051441e-7f,-0.2110496031504702f,0f,0.00000979070344711145f,-0.0000020352213665151966f,1.094831464392448f,6.409687929385585e-7f,-0.0000020310363017594357f,-0.000009770570635710806f,-0.5494583465661874f,0f,0f,0f,1f],start_interpolation:0}
execute if entity @s[tag=aj.frestchika_v2.bone.left_wing_1] run data modify entity @s {} merge value {transformation:[-0.00000997943680808085f,-1.3045133826580091e-7f,-6.27553537051441e-7f,0.2151973496331774f,0f,0.00000979070344711145f,-0.0000020352213665151966f,1.98057143983487f,6.409687929385585e-7f,-0.0000020310363017594357f,-0.000009770570635710806f,-0.1536441778633567f,0f,0f,0f,1f],start_interpolation:0}
execute if entity @s[tag=aj.frestchika_v2.bone.left_wing_2] run data modify entity @s {} merge value {transformation:[-0.00000997943680808085f,-1.3045133826580091e-7f,-6.27553537051441e-7f,0.22167909389747634f,0f,0.00000979070344711145f,-0.0000020352213665151966f,1.9622138708715355f,6.409687929385585e-7f,-0.0000020310363017594357f,-0.000009770570635710806f,-0.15023659029314432f,0f,0f,0f,1f],start_interpolation:0}
execute if entity @s[tag=aj.frestchika_v2.bone.leg_right_1] run data modify entity @s {} merge value {transformation:[-0.990956349367349f,0.11178411517774642f,-0.07422819708483347f,-0.15000525959523642f,0.09884796384549681f,0.982227786858933f,0.15955455106577818f,0.43788950528532805f,0.09074466205863525f,0.15077428930733172f,-0.9843944940884893f,-0.1439204465411285f,0f,0f,0f,1f],start_interpolation:0}
execute if entity @s[tag=aj.frestchika_v2.bone.leg_right_0] run data modify entity @s {} merge value {transformation:[-0.990956349367349f,0.1193669548326861f,-0.06129472850505201f,-0.104253107123053f,0.09884796384549681f,0.958297693196103f,0.26813170506045536f,0.8003062279505122f,0.09074466205863525f,0.2596479564891646f,-0.9614303640924103f,-0.03907426964563277f,0f,0f,0f,1f],start_interpolation:0}
execute if entity @s[tag=aj.frestchika_v2.bone.leg_left_1] run data modify entity @s {} merge value {transformation:[-0.9934001276003772f,-0.07524721800860494f,-0.08656813885904949f,0.17144528563154998f,-0.09235152362344085f,0.9723271710963927f,0.21459512676693077f,0.4378544944951143f,0.06802486727648387f,0.22117352583356692f,-0.9728591310679902f,-0.16248225405503325f,0f,0f,0f,1f],start_interpolation:0}
execute if entity @s[tag=aj.frestchika_v2.bone.leg_left_0] run data modify entity @s {} merge value {transformation:[-0.9934001276003772f,-0.07087347252200443f,-0.09018390863245437f,0.1449907238998416f,-0.09235152362344085f,0.960523297167447f,0.26242368735120924f,0.7990293528618138f,0.06802486727648387f,0.26902034586857704f,-0.960729239141168f,-0.05847494396359814f,0f,0f,0f,1f],start_interpolation:0}
execute if entity @s[tag=aj.frestchika_v2.bone.body_0] run data modify entity @s {} merge value {transformation:[-0.9968091315974033f,0.01269098740530921f,-0.0788066875506715f,0.025f,0.0032633808548943304f,0.9929339146142598f,0.11862373942089996f,1.175f,0.07975528515043244f,0.1179880504435934f,-0.9898070086855786f,-0.006249999999999997f,0f,0f,0f,1f],start_interpolation:0}
execute if entity @s[tag=aj.frestchika_v2.bone.body_1] run data modify entity @s {} merge value {transformation:[-0.9979436808080849f,-0.013045133826580091f,-0.0627553537051441f,0.025f,0f,0.979070344711145f,-0.20352213665151964f,1.175f,0.06409687929385585f,-0.20310363017594357f,-0.9770570635710805f,-0.006249999999999997f,0f,0f,0f,1f],start_interpolation:0}