execute if entity @s[tag=aj.frestchika_v2.bone.hair] run data modify entity @s {} merge value {transformation:[-0.8705275311600722f,0.15738940615305122f,0.46627287324391853f,0.16566509691171294f,0.4921197186583255f,0.2784115449441924f,0.8248061554992413f,1.0993006995475132f,-1.0660887546048302e-16f,0.9474785414311914f,-0.3198193451425698f,0.09407599603524275f,0f,0f,0f,1f],start_interpolation:0}
execute if entity @s[tag=aj.frestchika_v2.bone.side_hair_2] run data modify entity @s {} merge value {transformation:[-0.8705275311600722f,0.15738940615305122f,0.46627287324391853f,0.5089903401785633f,0.4921197186583255f,0.2784115449441924f,0.8248061554992413f,0.7162530559621214f,-1.0660887546048302e-16f,0.9474785414311914f,-0.3198193451425698f,0.4978764393727817f,0f,0f,0f,1f],start_interpolation:0}
execute if entity @s[tag=aj.frestchika_v2.bone.side_hair_1] run data modify entity @s {} merge value {transformation:[-0.8705275311600722f,0.15738940615305122f,0.46627287324391853f,0.43216704806355f,0.4921197186583255f,0.2784115449441924f,0.8248061554992413f,0.9019651514430619f,-1.0660887546048302e-16f,0.9474785414311914f,-0.3198193451425698f,0.8648206662909605f,0f,0f,0f,1f],start_interpolation:0}
execute if entity @s[tag=aj.frestchika_v2.bone.head] run data modify entity @s {} merge value {transformation:[-0.8705275311600722f,0.15738940615305122f,0.46627287324391853f,0.06256083928287312f,0.4921197186583255f,0.2784115449441924f,0.8248061554992413f,0.9169160247565358f,-1.0660887546048302e-16f,0.9474785414311914f,-0.3198193451425698f,0.3527948020490216f,0f,0f,0f,1f],start_interpolation:0}
execute if entity @s[tag=aj.frestchika_v2.bone.group] run data modify entity @s {} merge value {transformation:[-0.000002302359645937981f,-0.000009266309286771355f,0.000002972314294056274f,-0.15341376345562824f,-0.000001849704234422402f,0.000003415399083383237f,0.000009214859920063073f,1.2279375696424444f,-0.000009553938156902427f,0.0000015718019287174385f,-0.0000025003408549563737f,-0.06933191223353863f,0f,0f,0f,1f],start_interpolation:0}
execute if entity @s[tag=aj.frestchika_v2.bone.group2] run data modify entity @s {} merge value {transformation:[-0.000002302359645937981f,-0.000009266309286771355f,0.000002972314294056274f,-0.15341376345562824f,-0.000001849704234422402f,0.000003415399083383237f,0.000009214859920063073f,1.2279375696424444f,-0.000009553938156902427f,0.0000015718019287174385f,-0.0000025003408549563737f,-0.06933191223353863f,0f,0f,0f,1f],start_interpolation:0}
execute if entity @s[tag=aj.frestchika_v2.bone.group3] run data modify entity @s {} merge value {transformation:[-0.000002302359645937981f,-0.000009266309286771355f,0.000002972314294056274f,-0.15341376345562824f,-0.000001849704234422402f,0.000003415399083383237f,0.000009214859920063073f,1.2279375696424444f,-0.000009553938156902427f,0.0000015718019287174385f,-0.0000025003408549563737f,-0.06933191223353863f,0f,0f,0f,1f],start_interpolation:0}
execute if entity @s[tag=aj.frestchika_v2.locator_origin.muzzle] at @s on origin run tp @s ^-0.15342 ^1.22794 ^-0.06934 ~49.92911 ~67.1443
execute if entity @s[tag=aj.frestchika_v2.bone.gun] run data modify entity @s {} merge value {transformation:[-0.000002302359645937981f,-0.000009266309286771355f,0.000002972314294056274f,-0.15341421553940257f,-0.000001849704234422402f,0.000003415399083383237f,0.000009214859920063073f,1.2279424427904742f,-0.000009553938156902427f,0.0000015718019287174385f,-0.0000025003408549563737f,-0.06933323739630386f,0f,0f,0f,1f],start_interpolation:0}
execute if entity @s[tag=aj.frestchika_v2.bone.sword] run data modify entity @s {} merge value {transformation:[-0.9751771230305308f,-0.22546546770390946f,0.3251455269428663f,0.07886409297160493f,0.3594331841361686f,-0.8663433721210148f,0.4772647690996313f,1.0818214986884152f,0.1654148631762945f,0.5532984696843528f,0.8797860186348276f,-0.03262571495584225f,0f,0f,0f,1f],start_interpolation:0}
execute if entity @s[tag=aj.frestchika_v2.bone.arm_right_1] run data modify entity @s {} merge value {transformation:[-0.23023596459379805f,-0.9266309286771355f,0.2972314294056274f,-0.06660656590964176f,-0.18497042344224018f,0.3415399083383237f,0.9214859920063071f,1.3318203564468625f,-0.9553938156902427f,0.15718019287174384f,-0.2500340854956373f,0.21672377740717186f,0f,0f,0f,1f],start_interpolation:0}
execute if entity @s[tag=aj.frestchika_v2.bone.arm_right_0] run data modify entity @s {} merge value {transformation:[0.22098337919492567f,-0.9266309286771355f,0.3041734178697093f,-0.16158779759911085f,0.8329883870437974f,0.3415399083383237f,0.4352939674087182f,1.0284182435089781f,-0.5072442145256704f,0.15718019287174384f,0.8473474457381911f,0.31604534350224855f,0f,0f,0f,1f],start_interpolation:0}
execute if entity @s[tag=aj.frestchika_v2.bone.arm_left_1] run data modify entity @s {} merge value {transformation:[-0.005057350223050892f,0.6365560602616464f,0.7712138518938133f,0.2948191646462637f,0.9972070944842458f,-0.054257826642390795f,0.05132347375550957f,0.3164787145264045f,0.07451465573301409f,0.7693194852544781f,-0.6345038184981828f,0.36707984563963514f,0f,0f,0f,1f],start_interpolation:0}
execute if entity @s[tag=aj.frestchika_v2.bone.arm_left_0] run data modify entity @s {} merge value {transformation:[0.0482147726115284f,0.6365560602616464f,0.7697218444647325f,0.315800882901711f,0.9983706693069317f,-0.054257826642390795f,-0.017666208299271458f,0.6934997179737552f,0.030517902445082845f,0.7693194852544781f,-0.6381349287087622f,0.3763091716497914f,0f,0f,0f,1f],start_interpolation:0}
execute if entity @s[tag=aj.frestchika_v2.bone.right_wing_0] run data modify entity @s {} merge value {transformation:[-0.000008705275311600722f,0.0000016682890475432833f,0.000004629794099426245f,0.09120645830499777f,0.000004921197186583255f,0.0000029510939935076198f,0.000008189802347569099f,1.3755098210408336f,-1.0660887546048302e-21f,0.000009407861387973909f,-0.0000033900065051072733f,-0.15762726648693054f,0f,0f,0f,1f],start_interpolation:0}
execute if entity @s[tag=aj.frestchika_v2.bone.right_wing_1] run data modify entity @s {} merge value {transformation:[-0.000008705275311600722f,0.0000016682890475432833f,0.000004629794099426245f,0.29485852795491246f,0.000004921197186583255f,0.0000029510939935076198f,0.000008189802347569099f,0.9229466374333711f,-1.0660887546048302e-21f,0.000009407861387973909f,-0.0000033900065051072733f,0.7786435406892755f,0f,0f,0f,1f],start_interpolation:0}
execute if entity @s[tag=aj.frestchika_v2.bone.right_wing_2] run data modify entity @s {} merge value {transformation:[-0.000008705275311600722f,0.0000016682890475432833f,0.000004629794099426245f,0.29717128306051926f,0.000004921197186583255f,0.0000029510939935076198f,0.000008189802347569099f,0.9143375879539297f,-1.0660887546048302e-21f,0.000009407861387973909f,-0.0000033900065051072733f,0.7610038005868243f,0f,0f,0f,1f],start_interpolation:0}
execute if entity @s[tag=aj.frestchika_v2.bone.left_wing_0] run data modify entity @s {} merge value {transformation:[-0.000008705275311600722f,0.0000016682890475432833f,0.000004629794099426245f,0.09120645830499777f,0.000004921197186583255f,0.0000029510939935076198f,0.000008189802347569099f,1.3755098210408336f,-1.0660887546048302e-21f,0.000009407861387973909f,-0.0000033900065051072733f,-0.15762726648693054f,0f,0f,0f,1f],start_interpolation:0}
execute if entity @s[tag=aj.frestchika_v2.bone.left_wing_1] run data modify entity @s {} merge value {transformation:[-0.000008705275311600722f,0.0000016682890475432833f,0.000004629794099426245f,0.29485852795491246f,0.000004921197186583255f,0.0000029510939935076198f,0.000008189802347569099f,0.9229466374333711f,-1.0660887546048302e-21f,0.000009407861387973909f,-0.0000033900065051072733f,0.7786435406892755f,0f,0f,0f,1f],start_interpolation:0}
execute if entity @s[tag=aj.frestchika_v2.bone.left_wing_2] run data modify entity @s {} merge value {transformation:[-0.000008705275311600722f,0.0000016682890475432833f,0.000004629794099426245f,0.29717128306051926f,0.000004921197186583255f,0.0000029510939935076198f,0.000008189802347569099f,0.9143375879539297f,-1.0660887546048302e-21f,0.000009407861387973909f,-0.0000033900065051072733f,0.7610038005868243f,0f,0f,0f,1f],start_interpolation:0}
execute if entity @s[tag=aj.frestchika_v2.bone.leg_right_1] run data modify entity @s {} merge value {transformation:[-0.9787653675954868f,-0.059140037547055185f,-0.19626719327132733f,-0.05662945951610511f,-0.0656952774334344f,0.997472931637962f,0.027053302432680337f,0.4083640954156182f,0.19417127933506473f,0.039372663213235515f,-0.9801771817752551f,0.22368818653407394f,0f,0f,0f,1f],start_interpolation:0}
execute if entity @s[tag=aj.frestchika_v2.bone.leg_right_0] run data modify entity @s {} merge value {transformation:[-0.9787653675954868f,-0.20495787205132698f,-0.003259736164709974f,-0.12359638565731805f,-0.0656952774334344f,0.3287085375912888f,-0.9421437405393832f,0.43921707473912097f,0.19417127933506473f,-0.9219235152651158f,-0.3351932968938908f,-0.10343543989798445f,0f,0f,0f,1f],start_interpolation:0}
execute if entity @s[tag=aj.frestchika_v2.bone.leg_left_1] run data modify entity @s {} merge value {transformation:[-0.9787653675954868f,0.2014615419463453f,-0.037836520879602306f,0.08804482335513789f,-0.0656952774334344f,-0.1334479732250785f,0.9888760129384588f,0.2075801744059091f,0.19417127933506473f,0.9703632750463713f,0.14384932645884918f,-0.402503174800088f,0f,0f,0f,1f],start_interpolation:0}
execute if entity @s[tag=aj.frestchika_v2.bone.leg_left_0] run data modify entity @s {} merge value {transformation:[-0.9787653675954868f,0.11117122276369067f,-0.17221879811709725f,0.12136666931747832f,-0.0656952774334344f,0.6257171524731887f,0.7772786988100141f,0.4543387892542493f,0.19417127933506473f,0.7720874330864802f,-0.605126854429147f,-0.15104917686052347f,0f,0f,0f,1f],start_interpolation:0}
execute if entity @s[tag=aj.frestchika_v2.bone.body_0] run data modify entity @s {} merge value {transformation:[-0.9787653675954868f,0.005463054173360293f,-0.20491098124495566f,0f,-0.0656952774334344f,0.9385553379664385f,0.33881854745224427f,0.80625f,0.19417127933506473f,0.3450855439073093f,-0.9182665635138746f,0f,0f,0f,0f,1f],start_interpolation:0}
execute if entity @s[tag=aj.frestchika_v2.bone.body_1] run data modify entity @s {} merge value {transformation:[-0.8705275311600722f,0.16682890475432832f,0.46297940994262443f,0f,0.4921197186583255f,0.29510939935076197f,0.8189802347569097f,0.80625f,-1.0660887546048302e-16f,0.9407861387973908f,-0.3390006505107273f,0f,0f,0f,0f,1f],start_interpolation:0}