execute if entity @s[tag=aj.frestchika_v2.bone.hair] run data modify entity @s {} merge value {transformation:[-0.8870108331782217f,0.19840957392833977f,0.4169477458843633f,0.1556290953946346f,0.4617486132350339f,0.38114124533630506f,0.8009491677247773f,7.43146071068978f,-1.0862749776607361e-16f,0.9029756320505362f,-0.4296917591983059f,0.05763909338522044f,0f,0f,0f,1f],start_interpolation:0}
execute if entity @s[tag=aj.frestchika_v2.bone.side_hair_2] run data modify entity @s {} merge value {transformation:[-0.8870108331782217f,0.19840957392833977f,0.4169477458843633f,0.5345815845450141f,0.4617486132350339f,0.38114124533630506f,0.8009491677247773f,7.103913626565077f,-1.0862749776607361e-16f,0.9029756320505362f,-0.4296917591983059f,0.47806796561962384f,0f,0f,0f,1f],start_interpolation:0}
execute if entity @s[tag=aj.frestchika_v2.bone.side_hair_1] run data modify entity @s {} merge value {transformation:[-0.8870108331782217f,0.19840957392833977f,0.4169477458843633f,0.47103598619850473f,0.4617486132350339f,0.38114124533630506f,0.8009491677247773f,7.324604578188973f,-1.0862749776607361e-16f,0.9029756320505362f,-0.4296917591983059f,0.8277768832783157f,0f,0f,0f,1f],start_interpolation:0}
execute if entity @s[tag=aj.frestchika_v2.bone.head] run data modify entity @s {} merge value {transformation:[-0.8870108331782217f,0.19840957392833977f,0.4169477458843633f,0.07370424722064298f,0.4617486132350339f,0.38114124533630506f,0.8009491677247773f,7.274084541592716f,-1.0862749776607361e-16f,0.9029756320505362f,-0.4296917591983059f,0.33933243511874583f,0f,0f,0f,1f],start_interpolation:0}
execute if entity @s[tag=aj.frestchika_v2.bone.group] run data modify entity @s {} merge value {transformation:[-0.00000418814439036203f,-0.000009041579871346971f,8.421876248986177e-7f,-0.2737814301078798f,-0.000003597128447144004f,0.000002503467943242961f,0.000008988510176436483f,7.506869336093832f,-0.000008337872240579512f,0.0000034615721409799025f,-0.0000043008609385291f,-0.09992007536574916f,0f,0f,0f,1f],start_interpolation:0}
execute if entity @s[tag=aj.frestchika_v2.bone.group2] run data modify entity @s {} merge value {transformation:[-0.00000418814439036203f,-0.000009041579871346971f,8.421876248986177e-7f,-0.2737814301078798f,-0.000003597128447144004f,0.000002503467943242961f,0.000008988510176436483f,7.506869336093832f,-0.000008337872240579512f,0.0000034615721409799025f,-0.0000043008609385291f,-0.09992007536574916f,0f,0f,0f,1f],start_interpolation:0}
execute if entity @s[tag=aj.frestchika_v2.bone.group3] run data modify entity @s {} merge value {transformation:[-0.00000418814439036203f,-0.000009041579871346971f,8.421876248986177e-7f,-0.2737814301078798f,-0.000003597128447144004f,0.000002503467943242961f,0.000008988510176436483f,7.506869336093832f,-0.000008337872240579512f,0.0000034615721409799025f,-0.0000043008609385291f,-0.09992007536574916f,0f,0f,0f,1f],start_interpolation:0}
execute if entity @s[tag=aj.frestchika_v2.locator_origin.muzzle] at @s on origin run tp @s ^-0.27379 ^7.50687 ^-0.09993 ~11.07937 ~64.00745
execute if entity @s[tag=aj.frestchika_v2.bone.gun] run data modify entity @s {} merge value {transformation:[-0.00000418814439036203f,-0.000009041579871346971f,8.421876248986177e-7f,-0.27378292694792483f,-0.000003597128447144004f,0.000002503467943242961f,0.000008988510176436483f,7.506873850242821f,-0.000008337872240579512f,0.0000034615721409799025f,-0.0000043008609385291f,-0.09992183318729894f,0f,0f,0f,1f],start_interpolation:0}
execute if entity @s[tag=aj.frestchika_v2.bone.sword] run data modify entity @s {} merge value {transformation:[-0.9515268240806839f,0.048009052421340126f,0.44700844068152945f,-0.019801576019886663f,0.26346246287894604f,-0.7883261041148105f,0.6454875648104499f,7.3968490048914175f,0.36429239054458395f,0.6955298674800172f,0.7007524311299553f,-0.10624574810586537f,0f,0f,0f,1f],start_interpolation:0}
execute if entity @s[tag=aj.frestchika_v2.bone.arm_right_1] run data modify entity @s {} merge value {transformation:[-0.418814439036203f,-0.904157987134697f,0.08421876248986176f,-0.1386955218708853f,-0.35971284471440035f,0.2503467943242961f,0.8988510176436483f,7.664226408277593f,-0.8337872240579512f,0.3461572140979902f,-0.43008609385290997f,0.13913123658506082f,0f,0f,0f,1f],start_interpolation:0}
execute if entity @s[tag=aj.frestchika_v2.bone.arm_right_0] run data modify entity @s {} merge value {transformation:[-0.04561906937669502f,-0.904157987134697f,0.4247555000347111f,-0.15572598682606276f,0.7490817131622407f,0.2503467943242961f,0.6133539513017512f,7.3747733051522335f,-0.6609050518154078f,0.3461572140979902f,0.6658676261936687f,0.3039853064605432f,0f,0f,0f,1f],start_interpolation:0}
execute if entity @s[tag=aj.frestchika_v2.bone.arm_left_1] run data modify entity @s {} merge value {transformation:[0.15947918892457646f,0.8345682632438866f,0.5273160364392896f,0.27314515288077573f,0.9865634307565636f,-0.15393331742640018f,-0.05474605812240896f,6.698283236734485f,0.03548218417457266f,0.5289615749486782f,-0.8479036895980674f,0.35387637120056586f,0f,0f,0f,1f],start_interpolation:0}
execute if entity @s[tag=aj.frestchika_v2.bone.arm_left_0] run data modify entity @s {} merge value {transformation:[0.15947918892457646f,0.8345682632438866f,0.5273160364392896f,0.3329498487274919f,0.9865634307565636f,-0.15393331742640018f,-0.05474605812240896f,7.068244523268197f,0.03548218417457266f,0.5289615749486782f,-0.8479036895980674f,0.3671821902660306f,0f,0f,0f,1f],start_interpolation:0}
execute if entity @s[tag=aj.frestchika_v2.bone.right_wing_0] run data modify entity @s {} merge value {transformation:[-0.000008870108331782218f,0.0000019654465925504794f,0.000004178300835779947f,0.06356678219919623f,0.000004617486132350339f,0.0000037755877758058525f,0.000008026441226641963f,7.689362905639274f,-1.086274977660736e-21f,0.00000904886493649989f,-0.000004256529497252765f,-0.20756850809298338f,0f,0f,0f,1f],start_interpolation:0}
execute if entity @s[tag=aj.frestchika_v2.bone.right_wing_1] run data modify entity @s {} merge value {transformation:[-0.000008870108331782218f,0.0000019654465925504794f,0.000004178300835779947f,0.3238350183890568f,0.000004617486132350339f,0.0000037755877758058525f,0.000008026441226641963f,7.323061307498226f,-1.086274977660736e-21f,0.00000904886493649989f,-0.000004256529497252765f,0.7521055039704536f,0f,0f,0f,1f],start_interpolation:0}
execute if entity @s[tag=aj.frestchika_v2.bone.right_wing_2] run data modify entity @s {} merge value {transformation:[-0.000008870108331782218f,0.0000019654465925504794f,0.000004178300835779947f,0.3256936237353885f,0.000004617486132350339f,0.0000037755877758058525f,0.000008026441226641963f,7.313096151585871f,-1.086274977660736e-21f,0.00000904886493649989f,-0.000004256529497252765f,0.7351388822145161f,0f,0f,0f,1f],start_interpolation:0}
execute if entity @s[tag=aj.frestchika_v2.bone.left_wing_0] run data modify entity @s {} merge value {transformation:[-0.000008870108331782218f,0.0000019654465925504794f,0.000004178300835779947f,0.06356678219919623f,0.000004617486132350339f,0.0000037755877758058525f,0.000008026441226641963f,7.689362905639274f,-1.086274977660736e-21f,0.00000904886493649989f,-0.000004256529497252765f,-0.20756850809298338f,0f,0f,0f,1f],start_interpolation:0}
execute if entity @s[tag=aj.frestchika_v2.bone.left_wing_1] run data modify entity @s {} merge value {transformation:[-0.000008870108331782218f,0.0000019654465925504794f,0.000004178300835779947f,0.3238350183890568f,0.000004617486132350339f,0.0000037755877758058525f,0.000008026441226641963f,7.323061307498226f,-1.086274977660736e-21f,0.00000904886493649989f,-0.000004256529497252765f,0.7521055039704536f,0f,0f,0f,1f],start_interpolation:0}
execute if entity @s[tag=aj.frestchika_v2.bone.left_wing_2] run data modify entity @s {} merge value {transformation:[-0.000008870108331782218f,0.0000019654465925504794f,0.000004178300835779947f,0.3256936237353885f,0.000004617486132350339f,0.0000037755877758058525f,0.000008026441226641963f,7.313096151585871f,-1.086274977660736e-21f,0.00000904886493649989f,-0.000004256529497252765f,0.7351388822145161f,0f,0f,0f,1f],start_interpolation:0}
execute if entity @s[tag=aj.frestchika_v2.bone.leg_right_1] run data modify entity @s {} merge value {transformation:[-0.9774440358925099f,0.01650290507330813f,-0.21054883239358838f,-0.08111164536966908f,0.002701306948229232f,0.9978377072108027f,0.06567048811345805f,6.740043185286539f,0.211177318002984f,0.06362046991676329f,-0.975375095113996f,0.22151077944740766f,0f,0f,0f,1f],start_interpolation:0}
execute if entity @s[tag=aj.frestchika_v2.bone.leg_right_0] run data modify entity @s {} merge value {transformation:[-0.9774440358925099f,-0.19584147114980033f,-0.07905235528460808f,-0.1511831273602286f,0.002701306948229232f,0.36268664320005023f,-0.9319072388306955f,6.782198881171562f,0.211177318002984f,-0.9111007172767241f,-0.3539768683669955f,-0.10335757422234611f,0f,0f,0f,1f],start_interpolation:0}
execute if entity @s[tag=aj.frestchika_v2.bone.leg_left_1] run data modify entity @s {} merge value {transformation:[-0.9774440358925099f,0.21090867826033524f,0.010985724038058697f,0.04703540407057128f,0.002701306948229232f,-0.039527638396034626f,0.9992148261227931f,6.502823096783947f,0.211177318002984f,0.9767062481817707f,0.03806632532509335f,-0.3661594670907613f,0f,0f,0f,1f],start_interpolation:0}
execute if entity @s[tag=aj.frestchika_v2.bone.leg_left_0] run data modify entity @s {} merge value {transformation:[-0.9774440358925099f,0.14798013942329413f,-0.15068190015534189f,0.0931778816128989f,0.002701306948229232f,0.7221758546620193f,0.6917042271693541f,6.7815235544345045f,0.211177318002984f,0.675695133384461f,-0.7062862217837907f,-0.15615190372309212f,0f,0f,0f,1f],start_interpolation:0}
execute if entity @s[tag=aj.frestchika_v2.bone.body_0] run data modify entity @s {} merge value {transformation:[-0.9774440358925099f,0.07734032766310625f,-0.196523867291292f,0f,0.002701306948229232f,0.9350367525252357f,0.35454051160316324f,7.132499999999997f,0.211177318002984f,0.3460126372605843f,-0.9141550170605869f,0f,0f,0f,0f,1f],start_interpolation:0}
execute if entity @s[tag=aj.frestchika_v2.bone.body_1] run data modify entity @s {} merge value {transformation:[-0.8870108331782217f,0.19654465925504794f,0.41783008357799467f,0f,0.4617486132350339f,0.3775587775805852f,0.8026441226641962f,7.132499999999997f,-1.0862749776607361e-16f,0.9048864936499889f,-0.4256529497252765f,0f,0f,0f,0f,1f],start_interpolation:0}