# This file was generated by Animated Java via MC-Build. It is not recommended to edit this file directly.
$data merge entity $(bone_wing_right_1) { transformation: [-0.7266823061070639f,-0.2249068348958943f,0.2971433762554281f,0.4057766620935105f,-0.18466631705028336f,0.7829225960957771f,0.14097873709952677f,1.1822508622200023f,-0.3236906266521294f,0.05825434390845193f,-0.7475127116496362f,-0.8573434782135921f,0f,0f,0f,1f], start_interpolation: 0, interpolation_duration: 1 }
$data merge entity $(bone_wing_right_2) { transformation: [-0.7419771710603239f,0.068867713623985f,0.29107922571960304f,0.4057766620935105f,0.1263693802610174f,0.7777909245301341f,0.13810162001586296f,1.1822508622200023f,-0.271110046582131f,0.17406468837407607f,-0.7322573501873988f,-0.8573434782135921f,0f,0f,0f,1f], start_interpolation: 0, interpolation_duration: 1 }
$data merge entity $(bone_wing_left_1) { transformation: [-0.4449600969026911f,-0.018314667503173745f,0.6845579081151866f,0.35994516873783144f,0.18466631705028336f,0.7829225960957771f,0.14097873709952677f,1.1822508622200023f,-0.6594340815850183f,0.2316057553717987f,-0.42243332085339413f,-0.8958006673846464f,0f,0f,0f,1f], start_interpolation: 0, interpolation_duration: 1 }
$data merge entity $(bone_wing_left_2) { transformation: [-0.3958342594186729f,-0.18337900760733708f,0.6705873385618155f,0.35994516873783144f,-0.1263693802610174f,0.7777909245301341f,0.13810162001586296f,1.1822508622200023f,-0.6836271050820889f,-0.03759544237680451f,-0.41381223267271267f,-0.8958006673846464f,0f,0f,0f,1f], start_interpolation: 0, interpolation_duration: 1 }
$data merge entity $(bone_blade) { transformation: [0.010194128826854804f,-1.083525898040234f,1.6810317391452088f,-0.48691780796886724f,1.9597583194402786f,-0.3300073933022995f,-0.22459396641591464f,0.7557761409346936f,0.39905314072448167f,1.648352737930181f,1.0600423775661056f,-0.8855684912131196f,0f,0f,0f,1f], start_interpolation: 0, interpolation_duration: 1 }
$data merge entity $(bone_arm_right_2) { transformation: [-0.6574840196378733f,-0.38317993102794445f,0.6487587412730902f,-0.21989473642249513f,-0.7454459943420296f,0.4561194536172485f,-0.4860713050071207f,1.0046818818367667f,-0.10965871347160436f,-0.803198720423111f,-0.5855311964963353f,-0.9253257115127491f,0f,0f,0f,1f], start_interpolation: 0, interpolation_duration: 1 }
$data merge entity $(bone_arm_right_1) { transformation: [-0.39594432386436407f,-0.38317993102794445f,0.8345065804755594f,-0.0652289849129779f,-0.8667362774826495f,0.4561194536172485f,-0.20180007266456135f,1.3432507402284266f,-0.3033089476014698f,-0.803198720423111f,-0.5127138556890836f,-0.806845653855925f,0f,0f,0f,1f], start_interpolation: 0, interpolation_duration: 1 }
$data merge entity $(bone_arm_left_2) { transformation: [0.2284563556846616f,0.7925472788597118f,0.5653994201618444f,0.4525215496891018f,0.8758709081234137f,0.08622978845810553f,-0.47477844926400864f,1.0512500242217222f,-0.42503864042031503f,0.6036830578660768f,-0.6744693616429981f,-0.1221376364395298f,0f,0f,0f,1f], start_interpolation: 0, interpolation_duration: 1 }
$data merge entity $(bone_arm_left_1) { transformation: [-0.16331434453595978f,0.8084874275766075f,0.5653994201618444f,0.3938051936992938f,0.7370904987310343f,0.48091893370390204f,-0.47477844926400864f,1.3291618329136847f,-0.6557636933753079f,0.3392124093479807f,-0.6744693616429981f,-0.36698898267605784f,0f,0f,0f,1f], start_interpolation: 0, interpolation_duration: 1 }
$data merge entity $(bone_ear_edge_a1) { transformation: [-0.9876206610736328f,-0.055558568442706666f,0.146692451384103f,0.1340086389830985f,0.039987220768501495f,0.815104700954219f,0.5779319585016425f,1.9315453769736486f,-0.15167877898932164f,0.5766433663495403f,-0.8027926108587314f,-0.28156175538067724f,0f,0f,0f,1f], start_interpolation: 0, interpolation_duration: 1 }
$data merge entity $(bone_ear_edge_a2) { transformation: [-0.9667701369405535f,-0.20937246004875126f,0.146692451384103f,0.02054128277209119f,-0.08801555611969797f,0.8113247889861348f,0.5779319585016425f,1.929583334526125f,-0.24001825805734797f,0.5458161409758217f,-0.8027926108587314f,-0.3037078631406988f,0f,0f,0f,1f], start_interpolation: 0, interpolation_duration: 1 }
$data merge entity $(bone_ear_edge_b1) { transformation: [-0.9975731436041041f,-0.025263396192986287f,0.06488130680420563f,0.009317277727812157f,0.04857186460973283f,0.4151443232261067f,0.9084580149139925f,1.9623237783521634f,-0.04988584095872339f,0.9094047238198921f,-0.412909737310598f,-0.3633109704391712f,0f,0f,0f,1f], start_interpolation: 0, interpolation_duration: 1 }
$data merge entity $(bone_ear_edge_b2) { transformation: [-0.9409416199464641f,-0.33229397207879385f,0.06488130680420563f,0.034654855668290775f,-0.08209206264946081f,0.4098352454200168f,0.9084580149139925f,1.9680214259376163f,-0.3284657685398598f,0.8494797159035716f,-0.412909737310598f,-0.34679402214046456f,0f,0f,0f,1f], start_interpolation: 0, interpolation_duration: 1 }
$data merge entity $(bone_ear_right_2) { transformation: [-0.9813392969600634f,-0.18100718292185758f,0.06488130680420563f,0.0644183580703471f,-0.01696901576236598f,0.4176315213709149f,0.9084580149139925f,2.042911123254612f,-0.1915339049515382f,0.8904045777555889f,-0.412909737310598f,-0.2530320272183131f,0f,0f,0f,1f], start_interpolation: 0, interpolation_duration: 1 }
$data merge entity $(bone_ear_right_1) { transformation: [-0.9813392969600634f,-0.12431616527568266f,0.146692451384103f,0.09238949525737565f,-0.01696901576236598f,0.8159085143853522f,0.5779319585016425f,1.8593317075179079f,-0.1915339049515382f,0.5646581153269975f,-0.8027926108587314f,-0.3800801031668873f,0f,0f,0f,1f], start_interpolation: 0, interpolation_duration: 1 }
$data merge entity $(bone_ear_edge_a3) { transformation: [-0.8997568471115458f,-0.41692727174352284f,0.12887694189571966f,-0.24477401629010007f,-0.3176275545075323f,0.8281925259366444f,0.46174655017687455f,1.8770158822295613f,-0.29924964944583426f,0.3745247522650311f,-0.8775994856694952f,-0.387920835233544f,0f,0f,0f,1f], start_interpolation: 0, interpolation_duration: 1 }
$data merge entity $(bone_ear_edge_a4) { transformation: [-0.9539011419785968f,-0.27104122413303866f,0.12887694189571966f,-0.13763028799412183f,-0.1841591774936197f,0.8676839982070825f,0.46174655017687455f,1.906972243053464f,-0.2369768104199276f,0.4167266899009894f,-0.8775994856694952f,-0.3564251441310178f,0f,0f,0f,1f], start_interpolation: 0, interpolation_duration: 1 }
$data merge entity $(bone_ear_edge_b3) { transformation: [-0.8599953946237059f,-0.49375971390305184f,0.12887694189571966f,-0.11515267920495756f,-0.388600620504318f,0.7973579379070694f,0.46174655017687455f,1.9073375897392049f,-0.33075289714479505f,0.3470182470461205f,-0.8775994856694952f,-0.3529320438002938f,0f,0f,0f,1f], start_interpolation: 0, interpolation_duration: 1 }
$data merge entity $(bone_ear_edge_b4) { transformation: [-0.9704843667744526f,-0.2038402013686138f,0.12887694189571966f,-0.14562901458112673f,-0.12318399895392315f,0.8784166584266688f,0.46174655017687455f,1.9106550532358173f,-0.20733016241760294f,0.43224223128302497f,-0.8775994856694952f,-0.35566206998842764f,0f,0f,0f,1f], start_interpolation: 0, interpolation_duration: 1 }
$data merge entity $(bone_ear_left_2) { transformation: [-0.92664846093819f,-0.35314779298261356f,0.12887694189571966f,-0.22511168483105243f,-0.2590820395580767f,0.848331668734689f,0.46174655017687455f,2.005321622905607f,-0.27239516629211835f,0.3944870291065688f,-0.8775994856694952f,-0.3531341759743429f,0f,0f,0f,1f], start_interpolation: 0, interpolation_duration: 1 }
$data merge entity $(bone_ear_left_1) { transformation: [-0.92664846093819f,-0.35314779298261356f,0.12887694189571966f,-0.1456534314099645f,-0.2590820395580767f,0.848331668734689f,0.46174655017687455f,1.8144469974403024f,-0.27239516629211835f,0.3944870291065688f,-0.8775994856694952f,-0.4418937575233207f,0f,0f,0f,1f], start_interpolation: 0, interpolation_duration: 1 }
$data merge entity $(bone_head) { transformation: [-0.9521717066693606f,-0.25127368809422695f,0.173869418501018f,0.09671237774384013f,-0.17953884031042167f,0.9204946938674293f,0.3470667419703254f,1.3542899861854747f,-0.24725461742573368f,0.2992508182669392f,-0.9215823902008011f,-0.5355535250131354f,0f,0f,0f,1f], start_interpolation: 0, interpolation_duration: 1 }
$data merge entity $(bone_body_1) { transformation: [-0.766044443118978f,-0.1166974732807583f,0.6321056959847946f,0.1760298756232692f,0f,0.983381892337729f,0.181549039717282f,0.9957339100429236f,-0.6427876096865395f,0.13907463302901055f,-0.7533142340891424f,-0.6300804380665286f,0f,0f,0f,1f], start_interpolation: 0, interpolation_duration: 1 }
$data merge entity $(bone_leg_left_2) { transformation: [-0.8482136226839921f,-0.11293866992067542f,0.5174731946003068f,0.1718822984084184f,-0.22587098886968088f,0.9608391143134025f,-0.16053190583952004f,0.4196547397516319f,-0.4790782260553395f,-0.25304753158642884f,-0.840506395024859f,-0.27680569411743094f,0f,0f,0f,1f], start_interpolation: 0, interpolation_duration: 1 }
$data merge entity $(bone_leg_left_1) { transformation: [-0.8482136226839921f,0.160928840079223f,0.5046142672616919f,0.23350926552642245f,-0.22587098886968088f,0.7518451290253868f,-0.619444265731657f,0.6703584495324629f,-0.4790782260553395f,-0.639398788231222f,-0.601376124341592f,-0.5041162291261834f,0f,0f,0f,1f], start_interpolation: 0, interpolation_duration: 1 }
$data merge entity $(bone_leg_right_2) { transformation: [-0.6844650944109893f,0.10896974203615067f,0.7208558315318885f,-0.14746408886061252f,0.16982476762123117f,0.9853976153993096f,0.01229178049549784f,0.3689682720812889f,-0.7089901852884499f,0.13083246877564245f,-0.6929760329756868f,-0.5549408382990284f,0f,0f,0f,1f], start_interpolation: 0, interpolation_duration: 1 }
$data merge entity $(bone_leg_right_1) { transformation: [-0.6844650944109893f,0.479219704242334f,0.5494142422606512f,0.04254481727264994f,0.16982476762123117f,0.8376802883983097f,-0.5190869702962306f,0.6733654995376007f,-0.7089901852884499f,-0.26199276611161393f,-0.6547462925972432f,-0.665464618577082f,0f,0f,0f,1f], start_interpolation: 0, interpolation_duration: 1 }
$data merge entity $(bone_coat_downer) { transformation: [-0.766044443118978f,0.17493200831103253f,0.618526235203329f,0.14242890718113674f,0f,0.9622560016440862f,-0.27214589341001694f,0.7289959246326495f,-0.6427876096865395f,-0.20847584936439317f,-0.7371308629173384f,-0.6021904556083195f,0f,0f,0f,1f], start_interpolation: 0, interpolation_duration: 1 }
$data merge entity $(bone_body_2) { transformation: [-0.766044443118978f,0.17493200831103253f,0.618526235203329f,0.18750000000000008f,0f,0.9622560016440862f,-0.27214589341001694f,0.944f,-0.6427876096865395f,-0.20847584936439317f,-0.7371308629173384f,-0.64375f,0f,0f,0f,1f], start_interpolation: 0, interpolation_duration: 1 }