# This file was generated by Animated Java via MC-Build. It is not recommended to edit this file directly.
$data merge entity $(bone_wing_right_1) { transformation: [-0.6978976891576048f,-0.22816775835081987f,0.3575230537491f,0.4075913357510762f,-0.1753825814975088f,0.7820582730385511f,0.15674900996074315f,1.1849353837923753f,-0.3861660394444204f,0.05717321108321048f,-0.7173224228746021f,-0.8630088766296912f,0f,0f,0f,1f], start_interpolation: 0, interpolation_duration: 1 }
$data merge entity $(bone_wing_right_2) { transformation: [-0.7171488114811839f,0.05512590485602571f,0.35022666489707754f,0.4075913357510762f,0.13444737975317506f,0.7735284636303259f,0.1535500505737892f,1.1849353837923753f,-0.3280571356770509f,0.19650661710871747f,-0.7026831897547123f,-0.8630088766296912f,0f,0f,0f,1f], start_interpolation: 0, interpolation_duration: 1 }
$data merge entity $(bone_wing_left_1) { transformation: [-0.501487971515063f,-0.016683706099380902f,0.6443414566989628f,0.3652093822482125f,0.1753825814975088f,0.7820582730385511f,0.15674900996074315f,1.1849353837923753f,-0.6202380260653337f,0.2346294013272696f,-0.47665320674451567f,-0.8985715581825169f,0f,0f,0f,1f], start_interpolation: 0, interpolation_duration: 1 }
$data merge entity $(bone_wing_left_2) { transformation: [-0.4476047948754499f,-0.20309375296735585f,0.6311916310520452f,0.3652093822482125f,-0.13444737975317506f,0.7735284636303259f,0.1535500505737892f,1.1849353837923753f,-0.6492871858292077f,-0.020165402533605548f,-0.4669255902803419f,-0.8985715581825169f,0f,0f,0f,1f], start_interpolation: 0, interpolation_duration: 1 }
$data merge entity $(bone_blade) { transformation: [-0.021338512308393356f,-1.074173163178402f,1.6869192877549812f,-0.4804651645373247f,1.9591014707038272f,-0.3501922037397059f,-0.1982091015216698f,0.7446284608903172f,0.4018284402311065f,1.6503082851234903f,1.0559434022115957f,-0.8817104559483282f,0f,0f,0f,1f], start_interpolation: 0, interpolation_duration: 1 }
$data merge entity $(bone_arm_right_2) { transformation: [-0.6453076552500319f,-0.3924923792234372f,0.6553836756642875f,-0.217687577586898f,-0.7560705678350577f,0.45083303559738414f,-0.47445428701574727f,0.9979745751357187f,-0.10924892003713188f,-0.8016852912867825f,-0.5876779451409991f,-0.9217110663826464f,0f,0f,0f,1f], start_interpolation: 0, interpolation_duration: 1 }
$data merge entity $(bone_arm_right_1) { transformation: [-0.3822364230911087f,-0.3924923792234372f,0.8365674205430431f,-0.06837647481693365f,-0.8727468566346192f,0.45083303559738414f,-0.187249828433671f,1.3388913160086169f,-0.30365809901418156f,-0.8016852912867825f,-0.5148712971583485f,-0.8030946214552318f,0f,0f,0f,1f], start_interpolation: 0, interpolation_duration: 1 }
$data merge entity $(bone_arm_left_2) { transformation: [0.19845630919561572f,0.7976141035725121f,0.5695847918639262f,0.46040719473381264f,0.8790719257751305f,0.11213266412513417f,-0.4633128693984264f,1.0495692899789608f,-0.4334139391556965f,0.5926533619396905f,-0.678906731390347f,-0.11764389952829604f,0f,0f,0f,1f], start_interpolation: 0, interpolation_duration: 1 }
$data merge entity $(bone_arm_left_1) { transformation: [-0.19226431005223427f,0.799129276123373f,0.5695847918639262f,0.3908053574521103f,0.7279692191472519f,0.5053731304926461f,-0.4633128693984264f,1.32413703819197f,-0.6580997272862821f,0.3255616669981229f,-0.678906731390347f,-0.3634139170512827f,0f,0f,0f,1f], start_interpolation: 0, interpolation_duration: 1 }
$data merge entity $(bone_ear_edge_a1) { transformation: [-0.9883511838519136f,-0.0627196280283637f,0.1386657334690322f,0.12530626897995487f,0.03126859089227764f,0.8080097838091332f,0.5883387327826795f,1.9230323042218427f,-0.148943655796856f,0.5858211651423166f,-0.796636272001951f,-0.27135330896077703f,0f,0f,0f,1f], start_interpolation: 0, interpolation_duration: 1 }
$data merge entity $(bone_ear_edge_a2) { transformation: [-0.9663714292457971f,-0.2165596340478318f,0.1386657334690322f,0.011812410016222366f,-0.09551695562631243f,0.8029533278438742f,0.5883387327826795f,1.9201218505642308f,-0.23875253281445313f,0.5553088133692073f,-0.796636272001951f,-0.2932579628504712f,0f,0f,0f,1f], start_interpolation: 0, interpolation_duration: 1 }
$data merge entity $(bone_ear_edge_b1) { transformation: [-0.9981464006825012f,-0.027417565581860093f,0.05433267803203133f,0.00010056450186536614f,0.038615141086843136f,0.4047139848529508f,0.9136276382330434f,1.9534032301895963f,-0.04703864032273006f,0.9140322026941994f,-0.4029050741236439f,-0.3524663051315493f,0f,0f,0f,1f], start_interpolation: 0, interpolation_duration: 1 }
$data merge entity $(bone_ear_edge_b2) { transformation: [-0.9408211448764616f,-0.33451985509265625f,0.05433267803203133f,0.025416872493453643f,-0.08833831762246797f,0.39683860736619775f,0.9136276382330434f,1.9591833286647506f,-0.3271878894350706f,0.8547605432239167f,-0.4029050741236439f,-0.33594539001486906f,0f,0f,0f,1f], start_interpolation: 0, interpolation_duration: 1 }
$data merge entity $(bone_ear_right_2) { transformation: [-0.9815685099566053f,-0.18322450807530474f,0.05433267803203133f,0.05461931281224123f,-0.025171491092860238f,0.40577202305343f,0.9136276382330434f,2.0333347514808127f,-0.18944565526221974f,0.8954204849944463f,-0.4029050741236439f,-0.2414232841082016f,0f,0f,0f,1f], start_interpolation: 0, interpolation_duration: 1 }
$data merge entity $(bone_ear_right_1) { transformation: [-0.9815685099566053f,-0.13151073957310527f,0.1386657334690322f,0.08420922921618987f,-0.025171491092860238f,0.8082226992257969f,0.5883387327826795f,1.8514846441550088f,-0.18944565526221974f,0.5740043500123513f,-0.796636272001951f,-0.37057426286098044f,0f,0f,0f,1f], start_interpolation: 0, interpolation_duration: 1 }
$data merge entity $(bone_ear_edge_a3) { transformation: [-0.8970935813127862f,-0.4246949988227061f,0.12189037838312511f,-0.25313947582865065f,-0.3237374176594825f,0.8195385502173389f,0.47281143082082094f,1.8657031287630832f,-0.3006945140413596f,0.38469562342538266f,-0.872692435250121f,-0.3774391396710435f,0f,0f,0f,1f], start_interpolation: 0, interpolation_duration: 1 }
$data merge entity $(bone_ear_edge_a4) { transformation: [-0.9524858056314667f,-0.279129944162562f,0.12189037838312511f,-0.14624028619449086f,-0.19154759815355354f,0.8600923604629754f,0.47281143082082094f,1.8964340210698303f,-0.23681281154570394f,0.4269983673798205f,-0.872692435250121f,-0.34585882715531513f,0f,0f,0f,1f], start_interpolation: 0, interpolation_duration: 1 }
$data merge entity $(bone_ear_edge_b3) { transformation: [-0.8566652613323251f,-0.5012657635267325f,0.12189037838312511f,-0.12375935031824903f,-0.3939329901008207f,0.7882043835169878f,0.47281143082082094f,1.8969971925673175f,-0.333078713424689f,0.35702448672404413f,-0.872692435250121f,-0.3424137603935932f,0f,0f,0f,1f], start_interpolation: 0, interpolation_duration: 1 }
$data merge entity $(bone_ear_edge_b4) { transformation: [-0.9696367187018924f,-0.21200794655542052f,0.12189037838312511f,-0.15427538563368398f,-0.13108398767144183f,0.871358903702327f,0.47281143082082094f,1.900023672857038f,-0.2064500470360341f,0.44247744748860657f,-0.872692435250121f,-0.3450362841176145f,0f,0f,0f,1f], start_interpolation: 0, interpolation_duration: 1 }
$data merge entity $(bone_ear_left_2) { transformation: [-0.9245335319711114f,-0.3610823782998013f,0.12189037838312511f,-0.23474178939060278f,-0.2657806902205154f,0.8401249761738276f,0.47281143082082094f,1.993813947156645f,-0.27312702716305565f,0.4047339131951815f,-0.872692435250121f,-0.3412697413416683f,0f,0f,0f,1f], start_interpolation: 0, interpolation_duration: 1 }
$data merge entity $(bone_ear_left_1) { transformation: [-0.9245335319711114f,-0.3610823782998013f,0.12189037838312511f,-0.15349825427314762f,-0.2657806902205154f,0.8401249761738276f,0.47281143082082094f,1.8047858275175341f,-0.27312702716305565f,0.4047339131951815f,-0.872692435250121f,-0.432334871810584f,0f,0f,0f,1f], start_interpolation: 0, interpolation_duration: 1 }
$data merge entity $(bone_head) { transformation: [-0.95082993395735f,-0.26020324432074976f,0.16797829721609203f,0.09346032839790254f,-0.18679526654989914f,0.9144117592528107f,0.35910814935717045f,1.3482770795517942f,-0.24704243579841423f,0.31007322713374647f,-0.9180548070402172f,-0.5316778835218205f,0f,0f,0f,1f], start_interpolation: 0, interpolation_duration: 1 }
$data merge entity $(bone_body_1) { transformation: [-0.766044443118978f,-0.1267502638666819f,0.6301668681994171f,0.17643856368412547f,0f,0.980365611755838f,0.1971884055582413f,0.991731822956006f,-0.6427876096865395f,0.15105508232538212f,-0.7510036291104971f,-0.6305674935313044f,0f,0f,0f,1f], start_interpolation: 0, interpolation_duration: 1 }
$data merge entity $(bone_leg_left_2) { transformation: [-0.8505898653359121f,-0.11959240489473222f,0.5120493508240487f,0.17425237867740317f,-0.23418206190673202f,0.9580448899573997f,-0.16525359514281546f,0.4158759787315359f,-0.4708031891023539f,-0.26047580601278225f,-0.8429096699012564f,-0.27353421450968857f,0f,0f,0f,1f], start_interpolation: 0, interpolation_duration: 1 }
$data merge entity $(bone_leg_left_1) { transformation: [-0.8505898653359121f,0.1524546146735117f,0.5032439482523225f,0.23294920182457687f,-0.23418206190673202f,0.7470644150975675f,-0.6221362564390867f,0.6649026682158361f,-0.4708031891023539f,-0.6470335000289249f,-0.5997432842236523f,-0.5034487711974271f,0f,0f,0f,1f], start_interpolation: 0, interpolation_duration: 1 }
$data merge entity $(bone_leg_right_2) { transformation: [-0.6763456919535862f,0.12032419043686576f,0.7266901638054128f,-0.1527625067767557f,0.18274948894593765f,0.9831323849824498f,0.007303279312649624f,0.3652873800723082f,-0.7135538727144738f,0.1377417975577233f,-0.6869265375131055f,-0.5577108948181587f,0f,0f,0f,1f], start_interpolation: 0, interpolation_duration: 1 }
$data merge entity $(bone_leg_right_1) { transformation: [-0.6763456919535862f,0.49193073334095083f,0.5482341275134732f,0.041990908116978476f,0.18274948894593765f,0.833089492710153f,-0.5220771221054782f,0.6679069937991379f,-0.7135538727144738f,-0.25291510577775733f,-0.6533565795211698f,-0.6648044953508396f,0f,0f,0f,1f], start_interpolation: 0, interpolation_duration: 1 }
$data merge entity $(bone_coat_downer) { transformation: [-0.766044443118978f,0.17690146308675328f,0.6179658433314102f,0.14198885712968665f,0f,0.9613841866565633f,-0.2752098211305297f,0.7234870170902205f,-0.6427876096865395f,-0.2108229541688102f,-0.7364630138907187f,-0.6016660243785826f,0f,0f,0f,1f], start_interpolation: 0, interpolation_duration: 1 }
$data merge entity $(bone_body_2) { transformation: [-0.766044443118978f,0.17690146308675328f,0.6179658433314102f,0.18750000000000008f,0f,0.9613841866565633f,-0.2752098211305297f,0.9382962962962963f,-0.6427876096865395f,-0.2108229541688102f,-0.7364630138907187f,-0.64375f,0f,0f,0f,1f], start_interpolation: 0, interpolation_duration: 1 }