# This file was generated by Animated Java via MC-Build. It is not recommended to edit this file directly.
$data merge entity $(bone_wing_right_1) { transformation: [-0.800485965838757f,-0.12476445803976882f,0.10295869535731228f,0.2273905930137216f,-0.13173833347543223f,0.8044551068976493f,-0.049410898836713145f,1.4403576162630303f,-0.09387051950827191f,-0.06504041390380955f,-0.8086423897934816f,-0.996744585366852f,0f,0f,0f,1f], start_interpolation: 0, interpolation_duration: 1 }
$data merge entity $(bone_wing_right_2) { transformation: [-0.7712305870440349f,0.18716609417089358f,0.10085749749287734f,0.2273905930137216f,0.18234248967783118f,0.7774370798844272f,-0.04840251314616798f,1.4403576162630303f,-0.10933708458617127f,-0.023673614290748626f,-0.792139483879329f,-0.996744585366852f,0f,0f,0f,1f], start_interpolation: 0, interpolation_duration: 1 }
$data merge entity $(bone_wing_left_1) { transformation: [-0.6933836009367228f,0.13864505224201415f,0.40858435589884895f,0.17628877577836022f,0.13173833347543223f,0.8044551068976493f,-0.049410898836713145f,1.4403576162630303f,-0.410863283696151f,0.023957773676726874f,-0.7053806289056397f,-1.014010359526463f,0f,0f,0f,1f], start_interpolation: 0, interpolation_duration: 1 }
$data merge entity $(bone_wing_left_2) { transformation: [-0.6795037533617861f,-0.13445396600990286f,0.4002458996560153f,0.17628877577836022f,-0.18234248967783118f,0.7774370798844272f,-0.04840251314616798f,1.4403576162630303f,-0.380822617008674f,-0.13233940397698193f,-0.6909851058667491f,-1.014010359526463f,0f,0f,0f,1f], start_interpolation: 0, interpolation_duration: 1 }
$data merge entity $(bone_blade) { transformation: [0.13681191604451315f,-0.24958921121887756f,1.9796433328434113f,-0.5779829408988388f,1.9940024643535716f,-0.054862832021051994f,-0.1447212555726185f,1.1048687423574408f,0.07236485182817935f,1.983606638249068f,0.24508780653903875f,-0.6168954751633157f,0f,0f,0f,1f], start_interpolation: 0, interpolation_duration: 1 }
$data merge entity $(bone_arm_right_2) { transformation: [-0.6218673409117944f,-0.705312771010471f,0.34031589054410216f,-0.36085932406851706f,-0.7259580219608427f,0.3562131289780199f,-0.5883002270052167f,1.3347878337019288f,0.2937106750834826f,-0.6128997485667781f,-0.7335447754219135f,-0.8035214163067066f,0f,0f,0f,1f], start_interpolation: 0, interpolation_duration: 1 }
$data merge entity $(bone_arm_right_1) { transformation: [-0.46796926170267167f,-0.705312771010471f,0.5324834881486821f,-0.17805883121591096f,-0.8833879241957858f,0.3562131289780199f,-0.30452911540401056f,1.6798612415909076f,0.02511066479639784f,-0.6128997485667781f,-0.7897615796683601f,-0.8133302697427995f,0f,0f,0f,1f], start_interpolation: 0, interpolation_duration: 1 }
$data merge entity $(bone_arm_left_2) { transformation: [-0.8106960324128919f,0.0323755463302377f,0.5845714387735808f,0.709138426452956f,-0.02340163947587595f,0.9958800175626966f,-0.08760909706853628f,1.759669235829091f,-0.584999407093577f,-0.08470427745481175f,-0.8065983381343046f,-0.35995059949833574f,0f,0f,0f,1f], start_interpolation: 0, interpolation_duration: 1 }
$data merge entity $(bone_arm_left_1) { transformation: [-0.7996569620638682f,-0.1372041398536187f,0.5845714387735808f,0.40883830274196287f,-0.2303320035987922f,0.9691603655892052f,-0.08760909706853628f,1.6763233606220103f,-0.5545231385081704f,-0.2047027351503318f,-0.8065983381343046f,-0.5685364724862444f,0f,0f,0f,1f], start_interpolation: 0, interpolation_duration: 1 }
$data merge entity $(bone_ear_edge_a1) { transformation: [-0.9773344543642125f,0.14908239119370292f,0.15030570497680634f,0.2464556616079856f,0.19910858094680223f,0.8885273776692567f,0.4133701393733524f,2.3055609036238724f,-0.07192452506591696f,0.43392803524105444f,-0.8980720031967822f,-0.5055620966975958f,0f,0f,0f,1f], start_interpolation: 0, interpolation_duration: 1 }
$data merge entity $(bone_ear_edge_a2) { transformation: [-0.9886234695507489f,-0.005641852963787927f,0.15030570497680634f,0.13252420032530118f,0.0576609189143104f,0.9087355755688299f,0.4133701393733524f,2.3213602534773097f,-0.13892031486934173f,0.41733418646298615f,-0.8980720031967822f,-0.517357998494444f,0f,0f,0f,1f], start_interpolation: 0, interpolation_duration: 1 }
$data merge entity $(bone_ear_edge_b1) { transformation: [-0.9740665686795905f,0.14880982785170177f,0.17044047323190523f,0.12031137503435713f,0.22459080486982935f,0.5445263842174759f,0.8081150829300021f,2.346276162092651f,0.027446131761892603f,0.8254372489933982f,-0.5638262656399757f,-0.5804491210639309f,0f,0f,0f,1f], start_interpolation: 0, interpolation_duration: 1 }
$data merge entity $(bone_ear_edge_b2) { transformation: [-0.9723771231841715f,-0.15947656690736434f,0.17044047323190523f,0.14795693505107593f,0.04533064186268232f,0.5872777414897938f,0.8081150829300021f,2.349595028283801f,-0.22897131526982167f,0.7935187955921953f,-0.5638262656399757f,-0.5673352443080957f,0f,0f,0f,1f], start_interpolation: 0, interpolation_duration: 1 }
$data merge entity $(bone_ear_right_2) { transformation: [-0.9853531786610542f,-0.0053998506498696f,0.17044047323190523f,0.20042063576613828f,0.13664302575945608f,0.5729561032507957f,0.8081150829300021f,2.430897051858196f,-0.10201861013490288f,0.8195682676633003f,-0.5638262656399757f,-0.4903730094052621f,0f,0f,0f,1f], start_interpolation: 0, interpolation_duration: 1 }
$data merge entity $(bone_ear_right_1) { transformation: [-0.9853531786610542f,0.08054382877652361f,0.15030570497680634f,0.1822982742914205f,0.13664302575945608f,0.9002520821335299f,0.4133701393733524f,2.228340333378152f,-0.10201861013490288f,0.42785380711203475f,-0.8980720031967822f,-0.5866401160054697f,0f,0f,0f,1f], start_interpolation: 0, interpolation_duration: 1 }
$data merge entity $(bone_ear_edge_a3) { transformation: [-0.9686167959181857f,-0.22543168562812327f,0.10469984613193452f,-0.1456816235938616f,-0.18664183275831667f,0.9378432910639162f,0.2926000472847176f,2.3068352177287483f,-0.1641533701445215f,0.2638759491148549f,-0.950485746631127f,-0.568718610835854f,0f,0f,0f,1f], start_interpolation: 0, interpolation_duration: 1 }
$data merge entity $(bone_ear_edge_a4) { transformation: [-0.9919568009773652f,-0.07113119719716197f,0.10469984613193452f,-0.032139883902668843f,-0.03763294855354375f,0.9554940991508777f,0.2926000472847176f,2.3207988491157128f,-0.12085307682437635f,0.2863064429473273f,-0.950485746631127f,-0.551912928124747f,0f,0f,0f,1f], start_interpolation: 0, interpolation_duration: 1 }
$data merge entity $(bone_ear_edge_b3) { transformation: [-0.9452832505765354f,-0.3089943662907279f,0.10469984613193452f,-0.009675793898365162f,-0.26767003284954516f,0.9180076066369518f,0.2926000472847176f,2.3175120032906427f,-0.18652702135021262f,0.24856491256266872f,-0.950485746631127f,-0.5504502491439849f,0f,0f,0f,1f], start_interpolation: 0, interpolation_duration: 1 }
$data merge entity $(bone_ear_edge_b4) { transformation: [-0.9945023055554307f,-0.001762516633147082f,0.10469984613193452f,-0.03926049557032476f,0.02911062245779214f,0.955791705336001f,0.2926000472847176f,2.325972672155238f,-0.10058695693305744f,0.2940392993224155f,-0.950485746631127f,-0.5511045689013057f,0f,0f,0f,1f], start_interpolation: 0, interpolation_duration: 1 }
$data merge entity $(bone_ear_left_2) { transformation: [-0.9819826135454511f,-0.15731525327950438f,0.10469984613193452f,-0.10075976404975538f,-0.120766541725099f,0.9485782280490844f,0.2926000472847176f,2.433017537960944f,-0.14534644506903246f,0.27468392081966597f,-0.950485746631127f,-0.5578039130769087f,0f,0f,0f,1f], start_interpolation: 0, interpolation_duration: 1 }
$data merge entity $(bone_ear_left_1) { transformation: [-0.9819826135454511f,-0.15731525327950438f,0.10469984613193452f,-0.06536383206186695f,-0.120766541725099f,0.9485782280490844f,0.2926000472847176f,2.2195874366499004f,-0.14534644506903246f,0.27468392081966597f,-0.950485746631127f,-0.6196077952613335f,0f,0f,0f,1f], start_interpolation: 0, interpolation_duration: 1 }
$data merge entity $(bone_head) { transformation: [-0.9906484254131498f,-0.05617639606652708f,0.1243378854228418f,0.08337206517940811f,-0.035011586913005384f,0.9854563998066836f,0.1662825091880765f,1.7137211517009732f,-0.13187071702345485f,0.1603742392188545f,-0.9782076555551454f,-0.6547467639969663f,0f,0f,0f,1f], start_interpolation: 0, interpolation_duration: 1 }
$data merge entity $(bone_body_1) { transformation: [-0.9473860017365727f,0.01975582486276184f,0.3194831311627934f,0.08387735841605284f,0f,0.9980935686856615f,-0.06171894480887452f,1.3379072599895283f,-0.3200933671815003f,-0.05847166435387985f,-0.9455798753960962f,-0.6562422893287922f,0f,0f,0f,1f], start_interpolation: 0, interpolation_duration: 1 }
$data merge entity $(bone_leg_left_2) { transformation: [-0.972664827550157f,-0.12352551090109956f,0.1966331137002247f,0.11166878698978197f,-0.11530347814691554f,0.9919275310210438f,0.052771972956485516f,0.9828584527575199f,-0.20156448391035298f,0.028656960046707702f,-0.9790559419496083f,-0.20611151576388015f,0f,0f,0f,1f], start_interpolation: 0, interpolation_duration: 1 }
$data merge entity $(bone_leg_left_1) { transformation: [-0.972664827550157f,0.18819567801253798f,0.1360349955865192f,0.1692772350234938f,-0.11530347814691554f,0.11708092249372537f,-0.986406186880051f,1.0429680795155827f,-0.20156448391035298f,-0.9751279117969189f,-0.09218087903971006f,-0.5184907553300326f,0f,0f,0f,1f], start_interpolation: 0, interpolation_duration: 1 }
$data merge entity $(bone_leg_right_2) { transformation: [-0.9399033820837871f,0.0015628985345043922f,0.34143694834570787f,-0.14183968821450707f,0.026511237998514386f,0.9973046571253636f,0.06841472893936701f,0.7255899462161698f,-0.3404097334202487f,0.07335515131353615f,-0.9374114545750568f,-0.4184667512853736f,0f,0f,0f,1f], start_interpolation: 0, interpolation_duration: 1 }
$data merge entity $(bone_leg_right_1) { transformation: [-0.9399033820837871f,0.18477207387595804f,0.28712525674875106f,-0.06716656194698373f,0.026511237998514386f,0.8778774237531607f,-0.4781510045208519f,1.045828648788839f,-0.3404097334202487f,-0.4418037002788582f,-0.8300184960666023f,-0.5997059856911942f,0f,0f,0f,1f], start_interpolation: 0, interpolation_duration: 1 }
$data merge entity $(bone_coat_downer) { transformation: [-0.9473860017365727f,0.12886510837302134f,0.29300776023443514f,0.051305249209336205f,0f,0.9153821674420796f,-0.4025860001652326f,1.0987491803440843f,-0.3200933671815003f,-0.38140434105165893f,-0.8672202516739097f,-0.5842449826916611f,0f,0f,0f,1f], start_interpolation: 0, interpolation_duration: 1 }
$data merge entity $(bone_body_2) { transformation: [-0.9473860017365727f,0.12886510837302134f,0.29300776023443514f,0.08750000000000013f,0f,0.9153821674420796f,-0.4025860001652326f,1.303279883381924f,-0.3200933671815003f,-0.38140434105165893f,-0.8672202516739097f,-0.6669642857142857f,0f,0f,0f,1f], start_interpolation: 0, interpolation_duration: 1 }