# This file was generated by Animated Java via MC-Build. It is not recommended to edit this file directly.
$data merge entity $(bone_wing_right_1) { transformation: [-0.7750036369419231f,-0.1366540513400486f,-0.21826469577920213f,0.02863763462133888f,-0.10540223823120005f,0.7998878688722142f,-0.12654726331045293f,1.6907674391855987f,0.23495568805008665f,-0.09192122675347143f,-0.7767179392607663f,-1.0581630052732742f,0f,0f,0f,1f], start_interpolation: 0, interpolation_duration: 1 }
$data merge entity $(bone_wing_right_2) { transformation: [-0.7526255404465527f,0.16685306528575886f,-0.21381031423268781f,0.02863763462133888f,0.20446517347056134f,0.763430910034667f,-0.12396466610003554f,1.6907674391855987f,0.17818189780442806f,-0.17126967101149682f,-0.7608665527452405f,-1.0581630052732742f,0f,0f,0f,1f], start_interpolation: 0, interpolation_duration: 1 }
$data merge entity $(bone_wing_left_1) { transformation: [-0.7750036369419231f,0.13665405134004865f,0.2182646957792023f,-0.028637634621338615f,0.10540223823120005f,0.7998878688722142f,-0.12654726331045293f,1.6907674391855987f,-0.23495568805008682f,-0.0919212267534714f,-0.7767179392607663f,-1.058163005273274f,0f,0f,0f,1f], start_interpolation: 0, interpolation_duration: 1 }
$data merge entity $(bone_wing_left_2) { transformation: [-0.7526255404465527f,-0.1668530652857588f,0.21381031423268798f,-0.028637634621338615f,-0.20446517347056134f,0.763430910034667f,-0.12396466610003554f,1.6907674391855987f,-0.17818189780442822f,-0.17126967101149684f,-0.7608665527452405f,-1.058163005273274f,0f,0f,0f,1f], start_interpolation: 0, interpolation_duration: 1 }
$data merge entity $(bone_blade) { transformation: [-0.19095519844157482f,0.6752587175069272f,1.8728485727946722f,-0.4853445291069623f,1.9829327593503925f,0.23227449185547966f,0.11843239560322245f,1.3804924936488876f,-0.17752122150091856f,1.8681740349507532f,-0.6916733268332984f,-0.38599900544208543f,0f,0f,0f,1f], start_interpolation: 0, interpolation_duration: 1 }
$data merge entity $(bone_arm_right_2) { transformation: [-0.3238368173960813f,-0.9431919497101704f,0.0742876954865655f,-0.40738249194853215f,-0.733852988636348f,0.20085053050406376f,-0.6489367114486098f,1.6021143710785162f,0.5971511590613194f,-0.26466584667871995f,-0.757207027723303f,-0.6688304303565167f,0f,0f,0f,1f], start_interpolation: 0, interpolation_duration: 1 }
$data merge entity $(bone_arm_right_1) { transformation: [-0.2788991793882425f,-0.9431919497101704f,0.18056631396385234f,-0.2984374999999999f,-0.9115456652222029f,0.20085053050406376f,-0.35880853475195895f,1.9581868965559392f,0.3021584815145465f,-0.26466584667871995f,-0.9157795813680601f,-0.7868610871981364f,0f,0f,0f,1f], start_interpolation: 0, interpolation_duration: 1 }
$data merge entity $(bone_arm_left_2) { transformation: [-0.11707429568914463f,-0.9931113938024021f,-0.004834127505662656f,0.3834596727223517f,-0.9739141202882925f,0.11576121107943092f,-0.1951682051782627f,2.326734365820762f,0.19438337272506553f,-0.01814115512512068f,-0.9807578716985932f,-0.8192960620795207f,0f,0f,0f,1f], start_interpolation: 0, interpolation_duration: 1 }
$data merge entity $(bone_arm_left_1) { transformation: [-0.11845122638898888f,-0.9929481044738458f,-0.004834127505662656f,0.3359375000000001f,-0.9737526701310139f,0.11711152419901423f,-0.1951682051782627f,1.9619430880347537f,0.1943580314256791f,-0.018410668689110225f,-0.9807578716985932f,-0.7464693336345445f,0f,0f,0f,1f], start_interpolation: 0, interpolation_duration: 1 }
$data merge entity $(bone_ear_edge_a1) { transformation: [-0.969489047881802f,0.24048523264317992f,0.047516722506845174f,0.2023769114212387f,0.2434029065070096f,0.9213822467617009f,0.30300128787894515f,2.589943279709968f,0.02908627066464198f,0.3053221384585716f,-0.9518048017455616f,-0.6910464053211806f,0f,0f,0f,1f], start_interpolation: 0, interpolation_duration: 1 }
$data merge entity $(bone_ear_edge_a2) { transformation: [-0.9951732076461485f,0.08586295979922555f,0.047516722506845174f,0.08861314749981153f,0.09627027395420908f,0.9481151058265456f,0.30300128787894515f,2.610586691184835f,-0.019034734987844675f,0.3061132114725441f,-0.9518048017455616f,-0.6901541015001097f,0f,0f,0f,1f], start_interpolation: 0, interpolation_duration: 1 }
$data merge entity $(bone_ear_edge_b1) { transformation: [-0.9521419962536078f,0.2779648001633438f,0.12712666455290667f,0.06921446753097539f,0.2796064336149091f,0.6240722059305606f,0.7296260165770646f,2.6289454634487193f,0.12347413191169351f,0.7302530052352515f,-0.6719261024052701f,-0.7535379647574237f,0f,0f,0f,1f], start_interpolation: 0, interpolation_duration: 1 }
$data merge entity $(bone_ear_edge_b2) { transformation: [-0.9914366970637788f,-0.029867823404424024f,0.12712666455290667f,0.09845666903566849f,0.07307260333790251f,0.679931077812528f,0.7296260165770646f,2.632175704644361f,-0.10822971106256668f,0.7326674842995121f,-0.6719261024052701f,-0.7444977867737279f,0f,0f,0f,1f], start_interpolation: 0, interpolation_duration: 1 }
$data merge entity $(bone_ear_right_2) { transformation: [-0.983902823104235f,0.12559476839092146f,0.12712666455290667f,0.16382409808981524f,0.17853761275561006f,0.6601289243514575f,0.7296260165770646f,2.7185302031454848f,0.007717222236288226f,0.7405779887273306f,-0.6719261024052701f,-0.6848685629089111f,0f,0f,0f,1f], start_interpolation: 0, interpolation_duration: 1 }
$data merge entity $(bone_ear_right_1) { transformation: [-0.983902823104235f,0.1722712853894227f,0.047516722506845174f,0.12506305887719518f,0.17853761275561006f,0.9361167343740993f,0.30300128787894515f,2.507903937911313f,0.007717222236288226f,0.30660734475065615f,-0.9518048017455616f,-0.7538552154778085f,0f,0f,0f,1f], start_interpolation: 0, interpolation_duration: 1 }
$data merge entity $(bone_ear_edge_a3) { transformation: [-0.9873320246642175f,-0.15834844252096367f,-0.01006199898837069f,-0.19505858820013788f,-0.15763189207599448f,0.9716769251191397f,0.17605720601996103f,2.604198525518356f,-0.01810137213028133f,0.17541300961501702f,-0.9843285103992482f,-0.7044991758349191f,0f,0f,0f,1f], start_interpolation: 0, interpolation_duration: 1 }
$data merge entity $(bone_ear_edge_a4) { transformation: [-0.9999474829527595f,-0.0019461533339202308f,-0.01006199898837069f,-0.0798992375420409f,-0.003687421936461696f,0.9843730304756968f,0.17605720601996103f,2.6145431650602324f,0.009562126118369426f,0.1760850628511498f,-0.9843285103992482f,-0.7038261128704679f,0f,0f,0f,1f], start_interpolation: 0, interpolation_duration: 1 }
$data merge entity $(bone_ear_edge_b3) { transformation: [-0.9697661231657886f,-0.2438469648206909f,-0.009608543476179551f,-0.05756359251816327f,-0.24185743571712393f,0.9551131619941515f,0.1710667371930338f,2.6104216648729905f,-0.03253685830460796f,0.1682186242164345f,-0.9852125899106222f,-0.7041619932897625f,0f,0f,0f,1f], start_interpolation: 0, interpolation_duration: 1 }
$data merge entity $(bone_ear_edge_b4) { transformation: [-0.9976552468754551f,0.06776196775582388f,-0.009608543476179551f,-0.08668957595391633f,0.06512610835417805f,0.9831046543663442f,0.1710667371930338f,2.6201702633584296f,0.021038022542881844f,0.17003986088293924f,-0.9852125899106222f,-0.7021852430602363f,0f,0f,0f,1f], start_interpolation: 0, interpolation_duration: 1 }
$data merge entity $(bone_ear_left_2) { transformation: [-0.9959727624484064f,-0.08913995935133036f,-0.009608543476179551f,-0.14498195667269337f,-0.08946715279460285f,0.9811889726229888f,0.1710667371930338f,2.7285000775628627f,-0.005821085097955809f,0.17123745983249836f,-0.9852125899106222f,-0.714525998135196f,0f,0f,0f,1f], start_interpolation: 0, interpolation_duration: 1 }
$data merge entity $(bone_ear_left_1) { transformation: [-0.9959727624484064f,-0.08908991321832392f,-0.01006199898837069f,-0.12493672619857052f,-0.08946715279460285f,0.980305813906697f,0.17605720601996103f,2.5079312694338562f,-0.005821085097955809f,0.17624840022956048f,-0.9843285103992482f,-0.7541818881868471f,0f,0f,0f,1f], start_interpolation: 0, interpolation_duration: 1 }
$data merge entity $(bone_head) { transformation: [-0.9999991403030628f,0.00004334042628615496f,0.0013105398668985795f,9.168124725979155e-17f,0.00010932609017474671f,0.9987295136482331f,0.05039193006592757f,1.9944939801133046f,-0.001306690836153799f,0.05039203002033932f,-0.9987286597817686f,-0.7486341965995714f,0f,0f,0f,1f], start_interpolation: 0, interpolation_duration: 1 }
$data merge entity $(bone_body_1) { transformation: [-1f,1.9692974916895925e-17f,1.2087094177485786e-16f,8.427435707743976e-17f,0f,0.9869861404856725f,-0.16080534347215003f,1.6244034786963872f,-1.2246467991473532e-16f,-0.16080534347215003f,-0.9869861404856725f,-0.6881523483841614f,0f,0f,0f,1f], start_interpolation: 0, interpolation_duration: 1 }
$data merge entity $(bone_leg_left_2) { transformation: [-0.9839173222747202f,-0.07401487761965024f,-0.162568449641044f,0.15547463078428567f,-0.10111728929432007f,0.9810386878024875f,0.16534323947637564f,1.4700253903053753f,0.14724807887885408f,0.17912255839430585f,-0.9727451425428785f,-0.24859378635976287f,0f,0f,0f,1f], start_interpolation: 0, interpolation_duration: 1 }
$data merge entity $(bone_leg_left_1) { transformation: [-0.9839173222747202f,-0.07075878917494435f,0.16401187969851527f,0.12500000000000008f,-0.10111728929432007f,-0.5362687529244157f,-0.8379684471641287f,1.3506964696473198f,0.14724807887885408f,-0.8410761073716146f,0.5204891784418759f,-0.5341712582705586f,0f,0f,0f,1f], start_interpolation: 0, interpolation_duration: 1 }
$data merge entity $(bone_leg_right_2) { transformation: [-0.999045977279545f,0.026440296306689523f,0.03475695632205575f,-0.1406486700082647f,0.028904397317181994f,0.9969554607372884f,0.07241785085068148f,1.0342170556815715f,-0.03273638796949522f,0.07335339145067199f,-0.9967685834060958f,-0.3401461327382481f,0f,0f,0f,1f], start_interpolation: 0, interpolation_duration: 1 }
$data merge entity $(bone_leg_right_1) { transformation: [-0.999045977279545f,0.04097441874898819f,0.015107358794355659f,-0.12499999999999994f,0.028904397317181994f,0.879733790341663f,-0.47458718266175415f,1.3552187173847872f,-0.03273638796949522f,-0.4736977466056529f,-0.8800788451970863f,-0.5342842660628133f,0f,0f,0f,1f], start_interpolation: 0, interpolation_duration: 1 }
$data merge entity $(bone_coat_downer) { transformation: [-1f,6.671472289606692e-17f,1.0269733967109166e-16f,-0.0078124999999999315f,0f,0.8385874175525021f,-0.5447670539988861f,1.4036995524620413f,-1.2246467991473532e-16f,-0.5447670539988861f,-0.8385874175525021f,-0.5657786113721239f,0f,0f,0f,1f], start_interpolation: 0, interpolation_duration: 1 }
$data merge entity $(bone_body_2) { transformation: [-1f,6.671472289606692e-17f,1.0269733967109166e-16f,8.419446744138054e-17f,0f,0.8385874175525021f,-0.5447670539988861f,1.5910714285714285f,-1.2246467991473532e-16f,-0.5447670539988861f,-0.8385874175525021f,-0.6875f,0f,0f,0f,1f], start_interpolation: 0, interpolation_duration: 1 }