# This file was generated by Animated Java via MC-Build. It is not recommended to edit this file directly.
$data merge entity $(bone_wing_right_1) { transformation: [-0.7675008061615629f,-0.13533109984178118f,-0.24407468201640475f,0.029570521238341294f,-0.09177962580815173f,0.7968919533374601f,-0.15324542223821022f,1.691768801636197f,0.26355921018304573f,-0.11658967606981986f,-0.7641255358945074f,-1.0587163205925014f,0f,0f,0f,1f], start_interpolation: 0, interpolation_duration: 1 }
$data merge entity $(bone_wing_right_2) { transformation: [-0.7453393526123521f,0.16523775633190266f,-0.2390935660568863f,0.029570521238341294f,0.21567088666932654f,0.7556127747299911f,-0.15011796464151206f,1.691768801636197f,0.19482124650732116f,-0.20431793496226056f,-0.7485311372027827f,-1.0587163205925014f,0f,0f,0f,1f], start_interpolation: 0, interpolation_duration: 1 }
$data merge entity $(bone_wing_left_1) { transformation: [-0.7675008061615629f,0.13533109984178124f,0.24407468201640492f,-0.02957052123834103f,0.09177962580815173f,0.7968919533374601f,-0.15324542223821022f,1.691768801636197f,-0.26355921018304596f,-0.11658967606981983f,-0.7641255358945074f,-1.0587163205925012f,0f,0f,0f,1f], start_interpolation: 0, interpolation_duration: 1 }
$data merge entity $(bone_wing_left_2) { transformation: [-0.7453393526123521f,-0.1652377563319026f,0.23909356605688648f,-0.02957052123834103f,-0.21567088666932654f,0.7556127747299911f,-0.15011796464151206f,1.691768801636197f,-0.19482124650732133f,-0.20431793496226058f,-0.7485311372027827f,-1.0587163205925012f,0f,0f,0f,1f], start_interpolation: 0, interpolation_duration: 1 }
$data merge entity $(bone_blade) { transformation: [-0.24978203701770887f,0.705858240662458f,1.8545546845731413f,-0.47895008013146667f,1.9598526806082286f,0.38050328376025894f,0.11914160213964904f,1.414884631480236f,-0.31078353285852633f,1.8322067009856067f,-0.7392105252006456f,-0.36383576313588833f,0f,0f,0f,1f], start_interpolation: 0, interpolation_duration: 1 }
$data merge entity $(bone_arm_right_2) { transformation: [-0.31816090208156284f,-0.9448180495077468f,0.07805442787583061f,-0.4047958067575538f,-0.6981713890810499f,0.17781227584773443f,-0.6934980216456907f,1.6193391115467093f,0.6413504126881683f,-0.27513932449256745f,-0.7162178441385624f,-0.6606987000445534f,0f,0f,0f,1f], start_interpolation: 0, interpolation_duration: 1 }
$data merge entity $(bone_arm_right_1) { transformation: [-0.27227726529933793f,-0.9448180495077468f,0.18216460722514408f,-0.2984374999999999f,-0.8932567951226367f,0.17781227584773443f,-0.4128862949106999f,1.9682675471414892f,0.35771132043639625f,-0.27513932449256745f,-0.892379383081783f,-0.8004296845900207f,0f,0f,0f,1f], start_interpolation: 0, interpolation_duration: 1 }
$data merge entity $(bone_arm_left_2) { transformation: [-0.04622119167729695f,-0.9989248141868933f,-0.003580089609399511f,0.356890514021737f,-0.9653928830010601f,0.04558993768483343f,-0.2567842266043508f,2.337544327721555f,0.25667135190907486f,-0.008412679928165833f,-0.9664621275174698f,-0.8595388849406674f,0f,0f,0f,1f], start_interpolation: 0, interpolation_duration: 1 }
$data merge entity $(bone_arm_left_1) { transformation: [-0.04755085070201373f,-0.9988624027141594f,-0.003580089609399511f,0.3359375000000001f,-0.9653313415180024f,0.04687496186941767f,-0.2567842266043508f,1.9756915589081463f,0.2566599261290487f,-0.00875433571649927f,-0.9664621275174698f,-0.7633187699413883f,0f,0f,0f,1f], start_interpolation: 0, interpolation_duration: 1 }
$data merge entity $(bone_ear_edge_a1) { transformation: [-0.968481427888874f,0.24431738846905027f,0.048505025780745316f,0.2027317490685113f,0.24847327928729585f,0.9339575489884017f,0.25687414460742203f,2.6031496955507647f,0.017457185183902414f,0.2608300411747858f,-0.9652268833316935f,-0.7345524190555028f,0f,0f,0f,1f], start_interpolation: 0, interpolation_duration: 1 }
$data merge entity $(bone_ear_edge_a2) { transformation: [-0.9947774743739538f,0.08980556192233896f,0.048505025780745316f,0.08905329879942361f,0.09931101135521561f,0.9613287662687566f,0.25687414460742203f,2.6242765135134283f,-0.023560549691848415f,0.2603496959706377f,-0.9652268833316935f,-0.7346425977172086f,0f,0f,0f,1f], start_interpolation: 0, interpolation_duration: 1 }
$data merge entity $(bone_ear_edge_b1) { transformation: [-0.9509418800738022f,0.28082537793961054f,0.12979463712641387f,0.06970118888047622f,0.28919522294420497f,0.6578877883994234f,0.6953774377280062f,2.6395935599042946f,0.10988932499544324f,0.698799517014709f,-0.7068264081597798f,-0.7987216053473302f,0f,0f,0f,1f], start_interpolation: 0, interpolation_duration: 1 }
$data merge entity $(bone_ear_edge_b2) { transformation: [-0.9911792858972611f,-0.02677639597515219f,0.12979463712641387f,0.0989603021513008f,0.07174249425534458f,0.7150547067300899f,0.6953774377280062f,2.64314245665884f,-0.1114299678103581f,0.6985555031647286f,-0.7068264081597798f,-0.7898573373329578f,0f,0f,0f,1f], start_interpolation: 0, interpolation_duration: 1 }
$data merge entity $(bone_ear_right_2) { transformation: [-0.9831649753002177f,0.1286078672404797f,0.12979463712641387f,0.164704923532033f,0.18271842562303828f,0.6950281980154986f,0.6953774377280062f,2.7320412870046695f,-0.0007799235606985834f,0.7073866131382358f,-0.7068264081597798f,-0.734537474228485f,0f,0f,0f,1f], start_interpolation: 0, interpolation_duration: 1 }
$data merge entity $(bone_ear_right_1) { transformation: [-0.9831649753002177f,0.17616439429388545f,0.048505025780745316f,0.12506793481590883f,0.18271842562303828f,0.9490150951223292f,0.25687414460742203f,2.5185128906021457f,-0.0007799235606985834f,0.2614124239836833f,-0.9652268833316935f,-0.7933552696248137f,0f,0f,0f,1f], start_interpolation: 0, interpolation_duration: 1 }
$data merge entity $(bone_ear_edge_a3) { transformation: [-0.9870080895731003f,-0.16035332279622425f,-0.010091728566944121f,-0.19526285178357072f,-0.160341902986425f,0.9790288151947215f,0.12567041483623542f,2.617058879282445f,-0.010271575534008235f,0.12565584302621793f,-0.9920207174497011f,-0.7489707415778574f,0f,0f,0f,1f], start_interpolation: 0, interpolation_duration: 1 }
$data merge entity $(bone_ear_edge_a4) { transformation: [-0.9999411684134832f,-0.003977024818770977f,-0.010091728566944121f,-0.08012469433503527f,-0.005213979124571347f,0.9920583456917124f,0.12567041483623542f,2.6276568031953276f,0.009511789188503424f,0.12571563950843123f,-0.9920207174497011f,-0.7487994725117204f,0f,0f,0f,1f], start_interpolation: 0, interpolation_duration: 1 }
$data merge entity $(bone_ear_edge_b3) { transformation: [-0.969262651387655f,-0.24585407100260215f,-0.009256802710485143f,-0.05778763875534659f,-0.2452333145811965f,0.9624245218021166f,0.11661758552416979f,2.6236355558090305f,-0.01976193422955606f,0.11530314655469985f,-0.9931337524976644f,-0.748412207225175f,0f,0f,0f,1f], start_interpolation: 0, interpolation_duration: 1 }
$data merge entity $(bone_ear_edge_b4) { transformation: [-0.997796646679816f,0.06569751500698945f,-0.009256802710485143f,-0.08693423153247723f,0.06417479119492989f,0.9911013746946373f,0.11661758552416979f,2.6334194126906074f,0.016835915466691883f,0.11576658239883518f,-0.9931337524976644f,-0.7469916795045973f,0f,0f,0f,1f], start_interpolation: 0, interpolation_duration: 1 }
$data merge entity $(bone_ear_left_2) { transformation: [-0.9957894698251714f,-0.0912011150638157f,-0.009256802710485143f,-0.14543218102194147f,-0.09165772032763324f,0.9889384212633535f,0.11661758552416979f,2.7407891812355474f,-0.0014812459774006675f,0.1169750210953703f,-0.9931337524976644f,-0.7653047141898736f,0f,0f,0f,1f], start_interpolation: 0, interpolation_duration: 1 }
$data merge entity $(bone_ear_left_1) { transformation: [-0.9957894698251714f,-0.09111250627567723f,-0.010091728566944121f,-0.12493186710991414f,-0.09165772032763324f,0.9878288359524791f,0.12567041483623542f,2.51852769314624f,-0.0014812459774006675f,0.12606626059709553f,-0.9920207174497011f,-0.79366962282422f,0f,0f,0f,1f], start_interpolation: 0, interpolation_duration: 1 }
$data merge entity $(bone_head) { transformation: [-0.9999992077032919f,0.00005606868912685401f,0.0012575567942315828f,9.350704025474168e-17f,0.00005921017637813768f,0.9999968777663777f,0.0024981896747827137f,2.005943823591587f,-0.0012574127976252227f,0.0024982621556348117f,-0.9999960887919803f,-0.7635429278045304f,0f,0f,0f,1f], start_interpolation: 0, interpolation_duration: 1 }
$data merge entity $(bone_body_1) { transformation: [-1f,2.4080803866682935e-17f,1.2007378028426076e-16f,8.445573464491909e-17f,0f,0.9804768229326267f,-0.19663468588207578f,1.6382994117299075f,-1.2246467991473532e-16f,-0.19663468588207578f,-0.9804768229326267f,-0.689633408618064f,0f,0f,0f,1f], start_interpolation: 0, interpolation_duration: 1 }
$data merge entity $(bone_leg_left_2) { transformation: [-0.9831833971925561f,-0.0742993992570517f,-0.16682328001494784f,0.1557727361503049f,-0.10028486305750109f,0.9830956112540823f,0.1531860482371047f,1.4947107124510142f,0.15262160307912745f,0.16733982909936163f,-0.9740143879176291f,-0.2481435096949089f,0f,0f,0f,1f], start_interpolation: 0, interpolation_duration: 1 }
$data merge entity $(bone_leg_left_1) { transformation: [-0.9831833971925561f,-0.06930844547905694f,0.16895782571452875f,0.12500000000000008f,-0.10028486305750109f,-0.5682962505138929f,-0.8166898541633715f,1.3666000805205176f,0.15262160307912745f,-0.8198998176833114f,0.5517888502284455f,-0.5305596262795301f,0f,0f,0f,1f], start_interpolation: 0, interpolation_duration: 1 }
$data merge entity $(bone_leg_right_2) { transformation: [-0.9990460260468235f,0.025989730632858983f,0.03509375644870576f,-0.14058389494439483f,0.028232781510808224f,0.9974850785287791f,0.0650109849225382f,1.0531116370651878f,-0.03331588042079349f,0.06593976049446143f,-0.9972672661316626f,-0.3330076149450192f,0f,0f,0f,1f], start_interpolation: 0, interpolation_duration: 1 }
$data merge entity $(bone_leg_right_1) { transformation: [-0.9990460260468235f,0.04077537809004281f,0.01563350190020465f,-0.12499999999999994f,0.028232781510808224f,0.8762007592942879f,-0.48111863345777467f,1.3726659474232126f,-0.03331588042079349f,-0.48021828156967084f,-0.8765160889328043f,-0.5295241472011358f,0f,0f,0f,1f], start_interpolation: 0, interpolation_duration: 1 }
$data merge entity $(bone_coat_downer) { transformation: [-1f,6.878742132362753e-17f,1.0132072095215435e-16f,-0.0078124999999999315f,0f,0.8273464726539749f,-0.5616919210626281f,1.4204969153735205f,-1.2246467991473532e-16f,-0.5616919210626281f,-0.8273464726539749f,-0.561996961387569f,0f,0f,0f,1f], start_interpolation: 0, interpolation_duration: 1 }
$data merge entity $(bone_body_2) { transformation: [-1f,6.878742132362753e-17f,1.0132072095215435e-16f,8.419446744138054e-17f,0f,0.8273464726539749f,-0.5616919210626281f,1.605357142857143f,-1.2246467991473532e-16f,-0.5616919210626281f,-0.8273464726539749f,-0.6875f,0f,0f,0f,1f], start_interpolation: 0, interpolation_duration: 1 }