# This file was generated by Animated Java via MC-Build. It is not recommended to edit this file directly.
$data merge entity $(bone_wing_right_1) { transformation: [-0.6772478088993369f,-0.11941706133464354f,-0.44047635038409233f,0.040792394122730946f,-0.1299508663992208f,0.8060438673227057f,-0.018721664402311836f,1.6270435084452028f,0.43748442498857437f,0.05456458428412057f,-0.6874405635971462f,-0.7317519910761454f,0f,0f,0f,1f], start_interpolation: 0, interpolation_duration: 1 }
$data merge entity $(bone_wing_right_2) { transformation: [-0.6576923950968554f,0.1458068936538245f,-0.4314870371109476f,0.040792394122730946f,0.18455577608378967f,0.7782048733892201f,-0.01833958961859119f,1.6270435084452028f,0.41638909561355236f,-0.11461904203181317f,-0.6734111643400617f,-0.7317519910761454f,0f,0f,0f,1f], start_interpolation: 0, interpolation_duration: 1 }
$data merge entity $(bone_wing_left_1) { transformation: [-0.6772478088993369f,0.11941706133464354f,0.44047635038409244f,-0.04079239412273074f,0.1299508663992208f,0.8060438673227057f,-0.018721664402311836f,1.6270435084452028f,-0.4374844249885745f,0.05456458428412058f,-0.6874405635971462f,-0.7317519910761454f,0f,0f,0f,1f], start_interpolation: 0, interpolation_duration: 1 }
$data merge entity $(bone_wing_left_2) { transformation: [-0.6576923950968554f,-0.1458068936538245f,0.4314870371109477f,-0.04079239412273074f,-0.18455577608378967f,0.7782048733892201f,-0.01833958961859119f,1.6270435084452028f,-0.4163890956135525f,-0.1146190420318132f,-0.6734111643400617f,-0.7317519910761454f,0f,0f,0f,1f], start_interpolation: 0, interpolation_duration: 1 }
$data merge entity $(bone_blade) { transformation: [0.23643337158478758f,0.3663220261157905f,1.9518984179468637f,-0.5339492217909644f,1.8951257251017155f,-0.6293478896517162f,-0.11144379681538928f,1.194993371625208f,0.5937994163509662f,1.8627209686298574f,-0.421512569406772f,-0.2675112886836956f,0f,0f,0f,1f], start_interpolation: 0, interpolation_duration: 1 }
$data merge entity $(bone_arm_right_2) { transformation: [-0.368162989238892f,-0.9280232578064523f,0.056822938369835777f,-0.42598650574563734f,-0.869314156216185f,0.3219072238574142f,-0.3750581781944706f,1.4857887450729625f,0.32977099805293086f,-0.18747952474526738f,-0.9252580811019501f,-0.4568584914494117f,0f,0f,0f,1f], start_interpolation: 0, interpolation_duration: 1 }
$data merge entity $(bone_arm_right_1) { transformation: [-0.32652545470883176f,-0.9280232578064523f,0.17931525422419958f,-0.29843749999999997f,-0.9451655496026145f,0.3219072238574142f,-0.05511645011065806f,1.8549940378864838f,-0.006573528092178843f,-0.18747952474526738f,-0.9822465151527443f,-0.45429070703840435f,0f,0f,0f,1f], start_interpolation: 0, interpolation_duration: 1 }
$data merge entity $(bone_arm_left_2) { transformation: [-0.46761820638886253f,-0.8801018257424494f,0.08218265862376524f,0.5140446456012686f,-0.871207897829325f,0.47460900683732904f,0.1254714684248688f,2.1575794194252502f,-0.14943229842798955f,-0.012925438239821594f,-0.9886874739941015f,-0.33672421863746327f,0f,0f,0f,1f], start_interpolation: 0, interpolation_duration: 1 }
$data merge entity $(bone_arm_left_1) { transformation: [-0.46761820638886253f,-0.8801018257424494f,0.08218265862376524f,0.33593750000000006f,-0.871207897829325f,0.47460900683732904f,0.1254714684248688f,1.83235961088562f,-0.14943229842798955f,-0.012925438239821594f,-0.9886874739941015f,-0.3928017225424588f,0f,0f,0f,1f], start_interpolation: 0, interpolation_duration: 1 }
$data merge entity $(bone_ear_edge_a1) { transformation: [-0.9767220060490017f,0.21108632936692664f,0.03816653578740318f,0.19965790526316607f,0.20354713622651527f,0.8558709451913739f,0.47545082659640914f,2.462732727001297f,0.06769554072166198f,0.4721519741901135f,-0.8789140043455789f,-0.2441206550941135f,0f,0f,0f,1f], start_interpolation: 0, interpolation_duration: 1 }
$data merge entity $(bone_ear_edge_a2) { transformation: [-0.9977181143891137f,0.055694521865441715f,0.03816653578740318f,0.08529698733191073f,0.06715341975796996f,0.877175540985726f,0.47545082659640914f,2.479307428129745f,-0.00699874521905041f,0.4769289155949539f,-0.8789140043455789f,-0.24012061041645094f,0f,0f,0f,1f], start_interpolation: 0, interpolation_duration: 1 }
$data merge entity $(bone_ear_edge_b1) { transformation: [-0.9606870021524161f,0.2570280617304683f,0.10496218070563475f,0.0654196373327943f,0.22110752721900104f,0.4796677005698388f,0.8491350648967113f,2.5091710122809046f,0.16790457201190945f,0.8389609481454559f,-0.5176413644448978f,-0.2998387181174659f,0f,0f,0f,1f], start_interpolation: 0, interpolation_duration: 1 }
$data merge entity $(bone_ear_edge_b2) { transformation: [-0.9930936726230792f,-0.052420396960743326f,0.10496218070563475f,0.09453189619221888f,0.06206028343470513f,0.5245170757781503f,0.8491350648967113f,2.5114937161345057f,-0.09956645326618951f,0.8497846428358284f,-0.5176413644448978f,-0.2901254768504986f,0f,0f,0f,1f], start_interpolation: 0, interpolation_duration: 1 }
$data merge entity $(bone_ear_right_2) { transformation: [-0.9890673983243705f,0.10357906252413458f,0.10496218070563475f,0.15704887640918389f,0.14334876651630898f,0.5083510329497822f,0.8491350648967113f,2.5866866252632765f,0.03459498099600041f,0.8548980085984006f,-0.5176413644448978f,-0.21447299419094534f,0f,0f,0f,1f], start_interpolation: 0, interpolation_duration: 1 }
$data merge entity $(bone_ear_right_1) { transformation: [-0.9890673983243705f,0.14243945070748404f,0.03816653578740318f,0.12500000000000003f,0.14334876651630898f,0.8679848170486878f,0.47545082659640914f,2.391390041427322f,0.03459498099600041f,0.4757240379202066f,-0.8789140043455789f,-0.32151090272299165f,0f,0f,0f,1f], start_interpolation: 0, interpolation_duration: 1 }
$data merge entity $(bone_ear_edge_a3) { transformation: [-0.9897349434880102f,-0.14248291002907015f,-0.01110684421576558f,-0.1934184419191356f,-0.13609431693627383f,0.9159251846135427f,0.3775703816353938f,2.4761849550760444f,-0.04362428837739854f,0.375206178707515f,-0.9259142751482288f,-0.2523619948797469f,0f,0f,0f,1f], start_interpolation: 0, interpolation_duration: 1 }
$data merge entity $(bone_ear_edge_a4) { transformation: [-0.9998389017704681f,0.014099947446391398f,-0.01110684421576558f,-0.07810989548652855f,0.008863496212677194f,0.9259384673651868f,0.3775703816353938f,2.484495049502119f,0.015607976848782866f,0.37741111024374735f,-0.9259142751482288f,-0.25035648366586194f,0f,0f,0f,1f], start_interpolation: 0, interpolation_duration: 1 }
$data merge entity $(bone_ear_edge_b3) { transformation: [-0.9736006114720998f,-0.22788540827975134f,-0.013041857012121382f,-0.05581649097394244f,-0.21378700735002604f,0.890365480307116f,0.4019258973564639f,2.4807964141505954f,-0.07998102793458903f,0.394103479013634f,-0.9155793155155246f,-0.25563552937168615f,0f,0f,0f,1f], start_interpolation: 0, interpolation_duration: 1 }
$data merge entity $(bone_ear_edge_b4) { transformation: [-0.996369669738003f,0.08412723216568012f,-0.013041857012121382f,-0.0847742041560138f,0.07181453818022926f,0.9128517103780668f,0.4019258973564639f,2.4901856305794277f,0.04571819476032774f,0.39953017866987234f,-0.9155793155155246f,-0.25110131641711153f,0f,0f,0f,1f], start_interpolation: 0, interpolation_duration: 1 }
$data merge entity $(bone_ear_left_2) { transformation: [-0.997263104282007f,-0.07277506993119351f,-0.013041857012121382f,-0.1414464670750266f,-0.07187108692821582f,0.9128472598950814f,0.4019258973564639f,2.599107228149756f,-0.0173449618498159f,0.401763200528062f,-0.9155793155155246f,-0.23661046655881537f,0f,0f,0f,1f], start_interpolation: 0, interpolation_duration: 1 }
$data merge entity $(bone_ear_left_1) { transformation: [-0.997263104282007f,-0.07309540922234063f,-0.01110684421576558f,-0.12499999999999997f,-0.07187108692821582f,0.9231874965441528f,0.3775703816353938f,2.391390041427322f,-0.0173449618498159f,0.3773352718407843f,-0.9259142751482288f,-0.3215109027229917f,0f,0f,0f,1f], start_interpolation: 0, interpolation_duration: 1 }
$data merge entity $(bone_head) { transformation: [-1f,-2.8730119736078416e-17f,1.1904695731756094e-16f,5.03776987396352e-17f,0f,0.9720921771113603f,0.23459923102792948f,1.8858615746881269f,-1.2246467991473532e-16f,0.23459923102792948f,-0.9720921771113603f,-0.4113651280900756f,0f,0f,0f,1f], start_interpolation: 0, interpolation_duration: 1 }
$data merge entity $(bone_body_1) { transformation: [-1f,3.3339505811413927e-18f,1.224192901471867e-16f,4.9127467271707176e-17f,0f,0.9996293644209889f,-0.027223772466172413f,1.511000563030256f,-1.2246467991473532e-16f,-0.027223772466172413f,-0.9996293644209889f,-0.4011562134152609f,0f,0f,0f,1f], start_interpolation: 0, interpolation_duration: 1 }
$data merge entity $(bone_leg_left_2) { transformation: [-0.9890687321234268f,-0.09693288092777248f,-0.11111732417044295f,0.14395348172607242f,-0.10174211527700552f,0.994067594806081f,0.03844683257972803f,1.3387898536878113f,0.10673136893489907f,0.04933187155881502f,-0.9930633319853205f,-0.0031747356992969378f,0f,0f,0f,1f], start_interpolation: 0, interpolation_duration: 1 }
$data merge entity $(bone_leg_left_1) { transformation: [-0.9890687321234268f,-0.047471701936204556f,0.13960473004535762f,0.12500000000000003f,-0.10174211527700552f,-0.46558014585616153f,-0.8791380265712068f,1.224736695106875f,0.10673136893489907f,-0.883731613839765f,0.4556608931930046f,-0.28753636294209345f,0f,0f,0f,1f], start_interpolation: 0, interpolation_duration: 1 }
$data merge entity $(bone_leg_right_2) { transformation: [-0.9990471960736499f,0.020574238755381176f,0.03848896877047643f,-0.13966346811730415f,0.03370428182016432f,0.9239867947520725f,0.3809362473049507f,0.8534158925808679f,-0.02772582558491415f,0.381870532803237f,-0.9237998564473838f,-0.21473912265564699f,0f,0f,0f,1f], start_interpolation: 0, interpolation_duration: 1 }
$data merge entity $(bone_leg_right_1) { transformation: [-0.9990471960736499f,0.03803224481645055f,0.02140673659387877f,-0.12499999999999997f,0.03370428182016432f,0.9839594552200233f,-0.17517937056086835f,1.2191160750903605f,-0.02772582558491415f,-0.17429096028577232f,-0.9843037842852674f,-0.2985539287181604f,0f,0f,0f,1f], start_interpolation: 0, interpolation_duration: 1 }
$data merge entity $(bone_coat_downer) { transformation: [-1f,4.9615534745143554e-17f,1.1196381798854499e-16f,-0.00781249999999996f,0f,0.9142539552342648f,-0.4051415867798603f,1.2719713818773415f,-1.2246467991473532e-16f,-0.4051415867798603f,-0.9142539552342648f,-0.3219761767038711f,0f,0f,0f,1f], start_interpolation: 0, interpolation_duration: 1 }
$data merge entity $(bone_body_2) { transformation: [-1f,4.9615534745143554e-17f,1.1196381798854499e-16f,5.051668046482784e-17f,0f,0.9142539552342648f,-0.4051415867798603f,1.4762499999999974f,-1.2246467991473532e-16f,-0.4051415867798603f,-0.9142539552342648f,-0.4124999999999961f,0f,0f,0f,1f], start_interpolation: 0, interpolation_duration: 1 }