execute if entity @s[tag=aj.ecual.bone.wing_right_1] run data modify entity @s {} merge value {transformation:[-0.6472915506349891f,-0.11413496476156808f,-0.48469712474892135f,0.044517093939156455f,-0.04778974567601976f,0.8054944435078062f,-0.1258542257165628f,0.42822695479931583f,0.49565535720822906f,-0.07138876481190717f,-0.6451153815976315f,-1.477938137431214f,0f,0f,0f,1f],start_interpolation:0}
execute if entity @s[tag=aj.ecual.bone.wing_right_2] run data modify entity @s {} merge value {transformation:[-0.6286011186288835f,0.13935751293140497f,-0.47480534669282093f,0.044517093939156455f,0.2587076674271811f,0.7469075988397568f,-0.12328577213051051f,0.42822695479931583f,0.4218186535383466f,-0.25041669749639783f,-0.6319497615650268f,-1.477938137431214f,0f,0f,0f,1f],start_interpolation:0}
execute if entity @s[tag=aj.ecual.bone.wing_left_1] run data modify entity @s {} merge value {transformation:[-0.6472915506349889f,0.11413496476156806f,0.48469712474892146f,-0.04451709393915611f,0.04778974567601976f,0.8054944435078062f,-0.1258542257165628f,0.42822695479931583f,-0.4956553572082292f,-0.07138876481190716f,-0.6451153815976313f,-1.477938137431214f,0f,0f,0f,1f],start_interpolation:0}
execute if entity @s[tag=aj.ecual.bone.wing_left_2] run data modify entity @s {} merge value {transformation:[-0.6286011186288832f,-0.1393575129314049f,0.47480534669282104f,-0.04451709393915611f,-0.2587076674271811f,0.7469075988397568f,-0.12328577213051051f,0.42822695479931583f,-0.4218186535383467f,-0.25041669749639783f,-0.6319497615650266f,-1.477938137431214f,0f,0f,0f,1f],start_interpolation:0}
execute if entity @s[tag=aj.ecual.bone.staff] run data modify entity @s {} merge value {transformation:[0.7123983127876417f,0.01317661873284683f,1.3905830685924845f,-0.765272010562797f,1.3404596727104998f,-0.42245909443097945f,-0.6827169467425116f,0.32349982883227885f,0.3702198803065307f,1.5042476326228094f,-0.20391799816223194f,-1.1613396568271583f,0f,0f,0f,1f],start_interpolation:0}
execute if entity @s[tag=aj.ecual.bone.arm_right_2] run data modify entity @s {} merge value {transformation:[-0.7903173637826106f,-0.6008889944398554f,-0.11971165717992524f,-0.5849401529267286f,-0.5544424079328522f,0.7845423270120983f,-0.2776453734749832f,0.47606087338134473f,0.26075291137267387f,-0.15305474016671722f,-0.95319576463766f,-1.2422351308219606f,0f,0f,0f,1f],start_interpolation:0}
execute if entity @s[tag=aj.ecual.bone.arm_right_1] run data modify entity @s {} merge value {transformation:[-0.7759697044507576f,-0.6008889944398554f,0.19184221155851794f,-0.29843749999999986f,-0.6184882771471294f,0.7845423270120983f,-0.04433495413347999f,0.7060996861870803f,-0.12386794906746301f,-0.15305474016671722f,-0.9804238765484647f,-1.2041799913739777f,0f,0f,0f,1f],start_interpolation:0}
execute if entity @s[tag=aj.ecual.bone.arm_left_2] run data modify entity @s {} merge value {transformation:[0.6808104481292684f,0.702216990140585f,0.20829890176360133f,0.38159596289823783f,0.2665397157839186f,0.027369717835411533f,-0.9634352487092414f,0.5818845897251421f,-0.6822416827106452f,0.7114367134914446f,-0.16853512710601212f,-0.9060956025638243f,0f,0f,0f,1f],start_interpolation:0}
execute if entity @s[tag=aj.ecual.bone.arm_left_1] run data modify entity @s {} merge value {transformation:[-0.17724486640549342f,0.8737249081167114f,0.4529779710640937f,0.2984375000000002f,0.37856032770968695f,0.4853802396910054f,-0.7880977738845838f,0.7060996861870803f,-0.908447211244128f,0.03179320452465263f,-0.416788743284677f,-1.2041799913739775f,0f,0f,0f,1f],start_interpolation:0}
execute if entity @s[tag=aj.ecual.bone.himo_right_2] run data modify entity @s {} merge value {transformation:[-1f,1.06517866768351e-16f,6.042798925778021e-17f,-0.15624999999999992f,0f,0.4934319781005637f,-0.8697843887928576f,0.44545931519449367f,-1.2246467991473532e-16f,-0.8697843887928576f,-0.4934319781005637f,-0.857468238296171f,0f,0f,0f,1f],start_interpolation:0}
execute if entity @s[tag=aj.ecual.bone.himo_right_1] run data modify entity @s {} merge value {transformation:[-1f,7.528488661395556e-17f,9.659080532919493e-17f,-0.1562499999999999f,0f,0.7887237805744908f,-0.6147477514853411f,0.5895028506054273f,-1.2246467991473532e-16f,-0.6147477514853411f,-0.7887237805744908f,-0.977662965328263f,0f,0f,0f,1f],start_interpolation:0}
execute if entity @s[tag=aj.ecual.bone.himo_left_2] run data modify entity @s {} merge value {transformation:[-1f,8.040705301734987e-17f,9.237046958678767e-17f,0.1562500000000001f,0f,0.7542621239944414f,-0.6565734142557054f,0.4066689266405166f,-1.2246467991473532e-16f,-0.6565734142557054f,-0.7542621239944414f,-0.935626448493572f,0f,0f,0f,1f],start_interpolation:0}
execute if entity @s[tag=aj.ecual.bone.himo_left_1] run data modify entity @s {} merge value {transformation:[-1f,2.3449315763073367e-17f,1.2019869973033093e-16f,0.1562500000000001f,0f,0.9814968676194471f,-0.19147819419770412f,0.5895028506054273f,-1.2246467991473532e-16f,-0.19147819419770412f,-0.9814968676194471f,-0.977662965328263f,0f,0f,0f,1f],start_interpolation:0}
execute if entity @s[tag=aj.ecual.bone.ponpon1] run data modify entity @s {} merge value {transformation:[-1f,-4.375487670642484e-17f,1.1438141715778897e-16f,0.2937500000000002f,0f,0.9339951505807695f,0.3572856821810884f,1.2031760299739007f,-1.2246467991473532e-16f,0.3572856821810884f,-0.9339951505807695f,-1.0074409619842757f,0f,0f,0f,1f],start_interpolation:0}
execute if entity @s[tag=aj.ecual.bone.ponpon2] run data modify entity @s {} merge value {transformation:[-1f,-4.375487670642484e-17f,1.1438141715778897e-16f,0.33125000000000016f,0f,0.9339951505807695f,0.3572856821810884f,1.1199221688557817f,-1.2246467991473532e-16f,0.3572856821810884f,-0.9339951505807695f,-1.1396637176238589f,0f,0f,0f,1f],start_interpolation:0}
execute if entity @s[tag=aj.ecual.bone.ponpon3] run data modify entity @s {} merge value {transformation:[-1f,-4.375487670642484e-17f,1.1438141715778897e-16f,-0.29374999999999984f,0f,0.9339951505807695f,0.3572856821810884f,1.2031760299739007f,-1.2246467991473532e-16f,0.3572856821810884f,-0.9339951505807695f,-1.0074409619842757f,0f,0f,0f,1f],start_interpolation:0}
execute if entity @s[tag=aj.ecual.bone.ponpon4] run data modify entity @s {} merge value {transformation:[-1f,-4.375487670642484e-17f,1.1438141715778897e-16f,-0.3312499999999998f,0f,0.9339951505807695f,0.3572856821810884f,1.1199221688557817f,-1.2246467991473532e-16f,0.3572856821810884f,-0.9339951505807695f,-1.1396637176238589f,0f,0f,0f,1f],start_interpolation:0}
execute if entity @s[tag=aj.ecual.bone.ear_edge_a1] run data modify entity @s {} merge value {transformation:[-0.9882405699446957f,0.14853721741503992f,0.036294227612390206f,0.1932382084886492f,0.12983497520135506f,0.6897662693238126f,0.7122958464834492f,1.2741058243515826f,0.08076790903475428f,0.7086319134400503f,-0.700940337064751f,-0.9580020729817581f,0f,0f,0f,1f],start_interpolation:0}
execute if entity @s[tag=aj.ecual.bone.ear_edge_a2] run data modify entity @s {} merge value {transformation:[-0.999310028782356f,-0.00788640710507138f,0.036294227612390206f,0.0780531965217911f,0.020333273863370804f,0.701584766836071f,0.7122958464834492f,1.2835180509754838f,-0.03108093224155398f,0.7125423633206305f,-0.700940337064751f,-0.9544015684094672f,0f,0f,0f,1f],start_interpolation:0}
execute if entity @s[tag=aj.ecual.bone.ear_edge_b1] run data modify entity @s {} merge value {transformation:[-0.9750244239183596f,0.21206607369775687f,0.0659950994323702f,0.057557247740599324f,0.13315036800475158f,0.3203132055316628f,0.9379074740411393f,1.317759403729983f,0.1777592536631219f,0.923269966341616f,-0.3405498744511317f,-0.9971224147740937f,0f,0f,0f,1f],start_interpolation:0}
execute if entity @s[tag=aj.ecual.bone.ear_edge_b2] run data modify entity @s {} merge value {transformation:[-0.9928353526174611f,-0.09961229564603613f,0.0659950994323702f,0.0862868206778076f,0.02765130110601749f,0.3457816878970233f,0.9379074740411393f,1.3196849297627324f,-0.1162470134674698f,0.9330125480781128f,-0.3405498744511317f,-0.9862518299994448f,0f,0f,0f,1f],start_interpolation:0}
execute if entity @s[tag=aj.ecual.bone.ear_right_2] run data modify entity @s {} merge value {transformation:[-0.9961946980917455f,0.0569277642702358f,0.0659950994323702f,0.14282882244094514f,0.08140304107157781f,0.3371989250310105f,0.9379074740411393f,1.3819327109498802f,0.031139499003596385f,0.9397106547300205f,-0.3405498744511317f,-0.8956214801979334f,0f,0f,0f,1f],start_interpolation:0}
execute if entity @s[tag=aj.ecual.bone.ear_right_1] run data modify entity @s {} merge value {transformation:[-0.9961946980917455f,0.07923921084864473f,0.036294227612390206f,0.1250000000000001f,0.08140304107157781f,0.6971428633979737f,0.7122958464834492f,1.2250755666853363f,0.031139499003596385f,0.7125398062405766f,-0.700940337064751f,-1.055942936602063f,0f,0f,0f,1f],start_interpolation:0}
execute if entity @s[tag=aj.ecual.bone.ear_edge_a3] run data modify entity @s {} merge value {transformation:[-0.9882405699446957f,-0.14853721741504008f,-0.03629422761239004f,-0.19323820848864898f,-0.12983497520135506f,0.6897662693238126f,0.7122958464834492f,1.2741058243515826f,-0.08076790903475452f,0.7086319134400503f,-0.700940337064751f,-0.9580020729817581f,0f,0f,0f,1f],start_interpolation:0}
execute if entity @s[tag=aj.ecual.bone.ear_edge_a4] run data modify entity @s {} merge value {transformation:[-0.999310028782356f,0.007886407105071214f,-0.03629422761239004f,-0.07805319652179088f,-0.020333273863370804f,0.701584766836071f,0.7122958464834492f,1.2835180509754838f,0.031080932241553737f,0.7125423633206305f,-0.700940337064751f,-0.9544015684094672f,0f,0f,0f,1f],start_interpolation:0}
execute if entity @s[tag=aj.ecual.bone.ear_edge_b3] run data modify entity @s {} merge value {transformation:[-0.9755270729862536f,-0.2088924723839915f,-0.06863574034113716f,-0.05786633166682627f,-0.12609087370489158f,0.2757413127030819f,0.9529259257870564f,1.3227899896007127f,-0.18013334349644916f,0.9382593796227591f,-0.29533255003589726f,-1.0003850626305824f,0f,0f,0f,1f],start_interpolation:0}
execute if entity @s[tag=aj.ecual.bone.ear_edge_b4] run data modify entity @s {} merge value {transformation:[-0.9923327035495672f,0.1027858969598015f,-0.06863574034113716f,-0.08655574009586778f,-0.03471079540587749f,0.30120979506844237f,0.9529259257870564f,1.3241514220449708f,0.11862110330079656f,0.948001961359256f,-0.29533255003589726f,-0.9893247746283939f,0f,0f,0f,1f],start_interpolation:0}
execute if entity @s[tag=aj.ecual.bone.ear_left_2] run data modify entity @s {} merge value {transformation:[-0.9961946980917455f,-0.053714603616893376f,-0.06863574034113716f,-0.14282882244094494f,-0.08140304107157781f,0.292071437951712f,0.9529259257870564f,1.3819327109498802f,-0.031139499003596628f,0.9548869129332014f,-0.29533255003589726f,-0.8956214801979334f,0f,0f,0f,1f],start_interpolation:0}
execute if entity @s[tag=aj.ecual.bone.ear_left_1] run data modify entity @s {} merge value {transformation:[-0.9961946980917455f,-0.0792392108486449f,-0.03629422761239004f,-0.12499999999999988f,-0.08140304107157781f,0.6971428633979737f,0.7122958464834492f,1.2250755666853363f,-0.031139499003596628f,0.7125398062405766f,-0.700940337064751f,-1.055942936602063f,0f,0f,0f,1f],start_interpolation:0}
execute if entity @s[tag=aj.ecual.bone.head] run data modify entity @s {} merge value {transformation:[-1f,-4.375487670642484e-17f,1.1438141715778897e-16f,1.4816566876505917e-16f,0f,0.9339951505807695f,0.3572856821810884f,0.7352378744445327f,-1.2246467991473532e-16f,0.3572856821810884f,-0.9339951505807695f,-1.2098645002642219f,0f,0f,0f,1f],start_interpolation:0}
execute if entity @s[tag=aj.ecual.bone.body_1] run data modify entity @s {} merge value {transformation:[-1f,2.3449315763073367e-17f,1.2019869973033093e-16f,1.3937217535390666e-16f,0f,0.9814968676194471f,-0.19147819419770412f,0.3671765490872401f,-1.2246467991473532e-16f,-0.19147819419770412f,-0.9814968676194471f,-1.138060177440083f,0f,0f,0f,1f],start_interpolation:0}
execute if entity @s[tag=aj.ecual.bone.leg_left_2] run data modify entity @s {} merge value {transformation:[-0.9486692166134963f,-0.3148201562020373f,0.03024874706264509f,0.13818222021383172f,-0.15276465696340463f,0.3723801696928241f,-0.9154211974836485f,0.4299944606512249f,0.27692901081827515f,-0.8730528497567993f,-0.40135899703226197f,-0.7166280501314656f,0f,0f,0f,1f],start_interpolation:0}
execute if entity @s[tag=aj.ecual.bone.leg_left_1] run data modify entity @s {} merge value {transformation:[-0.9486692166134963f,-0.10817071318980051f,0.2971965919352793f,0.1250000000000001f,-0.15276465696340463f,-0.666081241772554f,-0.7300676262796384f,0.18556542769881149f,0.27692901081827515f,-0.7379938185152652f,0.615366107939387f,-0.8966224961704321f,0f,0f,0f,1f],start_interpolation:0}
execute if entity @s[tag=aj.ecual.bone.leg_right_2] run data modify entity @s {} merge value {transformation:[-0.9158597886673999f,0.2637988466147163f,-0.3026731174499167f,-0.1454387123538955f,0.19393158238426444f,-0.3694276218001252f,-0.9087979828350405f,0.48115755295235746f,-0.3515556696400172f,-0.8910294051129003f,0.28718497587462716f,-0.6923594149946937f,0f,0f,0f,1f],start_interpolation:0}
execute if entity @s[tag=aj.ecual.bone.leg_right_1] run data modify entity @s {} merge value {transformation:[-0.9158597886673999f,0.07281732730491607f,-0.3948398211253197f,-0.12499999999999989f,0.19393158238426444f,-0.7808568803562524f,-0.5938460017161321f,0.17722592721014752f,-0.3515556696400172f,-0.6204515849318702f,0.7010338379133273f,-0.9132659245480853f,0f,0f,0f,1f],start_interpolation:0}
execute if entity @s[tag=aj.ecual.bone.skirt_forward_right] run data modify entity @s {} merge value {transformation:[-0.9914448613738104f,0.13052619222005168f,-2.2300996179179888e-17f,1.288555881221885e-16f,-0.023769009285035714f,-0.1805435500322123f,-0.9832797469384662f,0.30089295906154395f,-0.12834376125497401f,-0.974867652395083f,0.18210145320844112f,-1.052185725810109f,0f,0f,0f,1f],start_interpolation:0}
execute if entity @s[tag=aj.ecual.bone.skirt_forward_left] run data modify entity @s {} merge value {transformation:[-0.9914448613738104f,-0.12925592028994132f,0.018165734927774107f,1.247640020706184e-16f,0.023769009285035714f,-0.3156326041068007f,-0.9485837303171332f,0.28386354358498184f,0.1283437612549738f,-0.9400366834835543f,0.31600460859323926f,-1.0187753902389156f,0f,0f,0f,1f],start_interpolation:0}
execute if entity @s[tag=aj.ecual.bone.skirt_forward] run data modify entity @s {} merge value {transformation:[-1f,1.204170394754612e-16f,-2.2300996179179888e-17f,1.288555881221885e-16f,0f,-0.18210145320844112f,-0.9832797469384662f,0.30089295906154395f,-1.2246467991473532e-16f,-0.9832797469384662f,0.18210145320844112f,-1.052185725810109f,0f,0f,0f,1f],start_interpolation:0}
execute if entity @s[tag=aj.ecual.bone.skirt_back_right] run data modify entity @s {} merge value {transformation:[-0.9961946980917455f,0.08715574274765829f,3.677805939079161e-17f,1.311855514885132e-16f,0.02617423313606556f,0.2991728537298984f,-0.9538398781298923f,0.3171107726616933f,-0.08313262304074666f,-0.9502102294214755f,-0.30031564542852623f,-1.071211320519922f,0f,0f,0f,1f],start_interpolation:0}
execute if entity @s[tag=aj.ecual.bone.skirt_back_left] run data modify entity @s {} merge value {transformation:[-0.9961946980917455f,-0.08715574274765807f,3.677805939079161e-17f,1.311855514885132e-16f,-0.02617423313606556f,0.2991728537298984f,-0.9538398781298923f,0.3171107726616933f,0.08313262304074641f,-0.9502102294214755f,-0.30031564542852623f,-1.071211320519922f,0f,0f,0f,1f],start_interpolation:0}
execute if entity @s[tag=aj.ecual.bone.skirt_back] run data modify entity @s {} merge value {transformation:[-1f,1.168116953650874e-16f,3.677805939079161e-17f,1.311855514885132e-16f,0f,0.30031564542852623f,-0.9538398781298923f,0.3171107726616933f,-1.2246467991473532e-16f,-0.9538398781298923f,-0.30031564542852623f,-1.071211320519922f,0f,0f,0f,1f],start_interpolation:0}
execute if entity @s[tag=aj.ecual.bone.skirt_right] run data modify entity @s {} merge value {transformation:[-0.9914448613738104f,0.13052619222005168f,3.773248136037257e-17f,-0.19374999999999987f,0.040216306598870245f,0.30547317624698433f,-0.9513510326252475f,0.325220073043057f,-0.12417622775318773f,-0.9432120926589698f,-0.3081090922431136f,-1.080724318887935f,0f,0f,0f,1f],start_interpolation:0}
execute if entity @s[tag=aj.ecual.bone.skirt_left] run data modify entity @s {} merge value {transformation:[-0.9914448613738104f,-0.13002950065171934f,0.011376107230962225f,0.19375000000000014f,-0.04021630659887026f,0.2213950527242861f,-0.974354596290671f,0.3157068821068615f,0.12417622775318751f,-0.9664763626646412f,-0.22473029362218483f,-1.0888330246749032f,0f,0f,0f,1f],start_interpolation:0}
execute if entity @s[tag=aj.ecual.bone.coat_downer] run data modify entity @s {} merge value {transformation:[-1f,1.1197869654263543e-16f,4.958194577899242e-17f,-0.007812499999999884f,0f,0.40486731205694004f,-0.914375447848305f,0.2514502766182522f,-1.2246467991473532e-16f,-0.914375447848305f,-0.40486731205694004f,-0.9521831592908279f,0f,0f,0f,1f],start_interpolation:0}
execute if entity @s[tag=aj.ecual.bone.body_2] run data modify entity @s {} merge value {transformation:[-1f,1.072312324837557e-16f,5.915285797519266e-17f,1.4056828433084183e-16f,0f,0.4830197410092215f,-0.8756094619151763f,0.3593750000000001f,-1.2246467991473532e-16f,-0.8756094619151763f,-0.4830197410092215f,-1.1478271484375f,0f,0f,0f,1f],start_interpolation:0}
execute if entity @s[tag=aj.ecual.bone.book_left] run data modify entity @s {} merge value {transformation:[0.5735764363510457f,-0.21201214989665462f,-0.7912401152362238f,-0.04251139545395517f,0f,0.9659258262890683f,-0.2588190451025207f,0.4375000000000001f,0.8191520442889917f,0.14845250554968448f,0.5540322932223231f,-0.7830999005135466f,0f,0f,0f,1f],start_interpolation:0}
execute if entity @s[tag=aj.ecual.bone.book_right] run data modify entity @s {} merge value {transformation:[0.5735764363510457f,-0.21201214989665462f,-0.7912401152362238f,0.011261395453955367f,0f,0.9659258262890683f,-0.2588190451025207f,0.4375000000000001f,0.8191520442889917f,0.14845250554968448f,0.5540322932223231f,-0.7063043963614536f,0f,0f,0f,1f],start_interpolation:0}
execute if entity @s[tag=aj.ecual.bone.book_loot_1] run data modify entity @s {} merge value {transformation:[0.5735764363510457f,-0.21201214989665462f,-0.7912401152362238f,0.1030610172854337f,0f,0.9659258262890683f,-0.2588190451025207f,0.4763228567653782f,0.8191520442889917f,0.14845250554968448f,0.5540322932223231f,-0.8278069924208485f,0f,0f,0f,1f],start_interpolation:0}
execute if entity @s[tag=aj.ecual.bone.book_left2] run data modify entity @s {} merge value {transformation:[-0.18001230444053723f,-0.5489564193883943f,-0.8162367425338561f,0.5417253292003303f,-0.23748491328667445f,0.8294993993759021f,-0.5055013970269896f,1.2960348767079977f,0.9545661245881439f,0.10284744064531116f,-0.2796889660703138f,-1.5358628068381603f,0f,0f,0f,1f],start_interpolation:0}
execute if entity @s[tag=aj.ecual.bone.book_right2] run data modify entity @s {} merge value {transformation:[-0.25915068732737273f,-0.5489564193883943f,-0.7946620482129643f,0.5623359207996699f,-0.28588915988715285f,0.8294993993759021f,-0.47978967756094487f,1.3205976232920025f,0.9225553151528466f,0.10284744064531116f,-0.37190602903951553f,-1.6239589900368392f,0f,0f,0f,1f],start_interpolation:0}
execute if entity @s[tag=aj.ecual.bone.book_loot_2] run data modify entity @s {} merge value {transformation:[-0.21984631039295455f,-0.5489564193883943f,-0.8064207645013104f,0.6729937396751967f,-0.26200263022938497f,0.8294993993759021f,-0.49323966607309844f,1.3823021999109648f,0.9396926207859082f,0.10284744064531116f,-0.3261904081870286f,-1.5309823372094455f,0f,0f,0f,1f],start_interpolation:0}
execute if entity @s[tag=aj.ecual.bone.air_staff_povit_1] run data modify entity @s {} merge value {transformation:[-0.000015625f,0f,1.9135106236677393e-21f,-0.007217499999999944f,0f,0.000015625f,0f,0.5254975000000001f,-1.9135106236677393e-21f,0f,-0.000015625f,-0.4603271484375f,0f,0f,0f,1f],start_interpolation:0}