execute if entity @s[tag=aj.ecual.bone.wing_right_1] run data modify entity @s {} merge value {transformation:[-0.7449258644844295f,-0.13135052853618262f,-0.3078586356102993f,0.03237744326373676f,-0.10467628507970685f,0.8048997041028814f,-0.09013204824839066f,0.9611189173461011f,0.3179194492453733f,-0.0427545252903569f,-0.7510284407418664f,-0.7281894698951923f,0f,0f,0f,1f],start_interpolation:0}
execute if entity @s[tag=aj.ecual.bone.wing_right_2] run data modify entity @s {} merge value {transformation:[-0.7234162584868271f,0.16037752337565495f,-0.30157580631212993f,0.03237744326373676f,0.2070009836583948f,0.7676946048064379f,-0.08829261869230107f,0.9611189173461011f,0.2716974599096889f,-0.15787350552571625f,-0.7357013297063181f,-0.7281894698951923f,0f,0f,0f,1f],start_interpolation:0}
execute if entity @s[tag=aj.ecual.bone.wing_left_1] run data modify entity @s {} merge value {transformation:[-0.7449258644844295f,0.13135052853618262f,0.3078586356102995f,-0.032377443263736566f,0.10467628507970685f,0.8048997041028814f,-0.09013204824839066f,0.9611189173461011f,-0.3179194492453735f,-0.042754525290356865f,-0.7510284407418664f,-0.7281894698951922f,0f,0f,0f,1f],start_interpolation:0}
execute if entity @s[tag=aj.ecual.bone.wing_left_2] run data modify entity @s {} merge value {transformation:[-0.7234162584868271f,-0.16037752337565495f,0.30157580631213016f,-0.032377443263736566f,-0.2070009836583948f,0.7676946048064379f,-0.08829261869230107f,0.9611189173461011f,-0.27169745990968913f,-0.15787350552571627f,-0.7357013297063181f,-0.7281894698951922f,0f,0f,0f,1f],start_interpolation:0}
execute if entity @s[tag=aj.ecual.bone.staff] run data modify entity @s {} merge value {transformation:[0.3091643591675572f,0.33937787200730385f,1.4935348368927681f,-0.6522643341123306f,1.5308034329557973f,-0.019083424299010353f,-0.3125426731948265f,0.7337161208916438f,-0.0496437173392362f,1.5250785989282054f,-0.33626926475656965f,-0.35242635501744607f,0f,0f,0f,1f],start_interpolation:0}
execute if entity @s[tag=aj.ecual.bone.arm_right_2] run data modify entity @s {} merge value {transformation:[-0.6062303810189685f,-0.7851336945256598f,-0.1266878322889935f,-0.5220836463081289f,-0.7386819295669887f,0.6149139150074108f,-0.2760975987969636f,0.9280034584590444f,0.2946756387297506f,-0.0737967401092128f,-0.9527435694290812f,-0.4398567423703693f,0f,0f,0f,1f],start_interpolation:0}
execute if entity @s[tag=aj.ecual.bone.arm_right_1] run data modify entity @s {} merge value {transformation:[-0.6085651755091889f,-0.7851336945256598f,0.11495002774231146f,-0.29843749999999997f,-0.7881110925382663f,0.6149139150074108f,0.02760041572873513f,1.2207983655123646f,-0.09235438796078117f,-0.0737967401092128f,-0.9929877683907504f,-0.4133357541781508f,0f,0f,0f,1f],start_interpolation:0}
execute if entity @s[tag=aj.ecual.bone.arm_left_2] run data modify entity @s {} merge value {transformation:[0.6808104481292684f,0.702216990140585f,0.20829890176360133f,0.3815959628982377f,0.31573977199448994f,-0.02475397713297023f,-0.9485228710985136f,1.0751076204206553f,-0.6609126493712252f,0.7115325286829814f,-0.23857059862252453f,-0.12513807924652737f,0f,0f,0f,1f],start_interpolation:0}
execute if entity @s[tag=aj.ecual.bone.arm_left_1] run data modify entity @s {} merge value {transformation:[-0.17724486640549342f,0.8737249081167114f,0.4529779710640937f,0.2984375000000001f,0.4440098905282534f,0.48175337998869966f,-0.755492487045736f,1.2207983655123646f,-0.8783162724474519f,0.06721953440710318f,-0.47333081428120133f,-0.41333575417815077f,0f,0f,0f,1f],start_interpolation:0}
execute if entity @s[tag=aj.ecual.bone.himo_right_2] run data modify entity @s {} merge value {transformation:[-1f,8.187145552600101e-17f,9.107503827434061e-17f,-0.15624999999999997f,0f,0.743684124579843f,-0.6685311681948062f,0.9132273497994504f,-1.2246467991473532e-16f,-0.6685311681948062f,-0.743684124579843f,-0.12761683520585992f,0f,0f,0f,1f],start_interpolation:0}
execute if entity @s[tag=aj.ecual.bone.himo_right_1] run data modify entity @s {} merge value {transformation:[-1f,4.0786453807773834e-17f,1.1547321339776122e-16f,-0.15624999999999997f,0f,0.9429103434407224f,-0.3330466697514007f,1.0879414975086397f,-1.2246467991473532e-16f,-0.3330466697514007f,-0.9429103434407224f,-0.19595627543075206f,0f,0f,0f,1f],start_interpolation:0}
execute if entity @s[tag=aj.ecual.bone.himo_left_2] run data modify entity @s {} merge value {transformation:[-1f,7.34335300704949e-17f,9.800568599833528e-17f,0.15625000000000003f,0f,0.8002771580064608f,-0.599630278065661f,0.9025220714876072f,-1.2246467991473532e-16f,-0.599630278065661f,-0.8002771580064608f,-0.16740896462866697f,0f,0f,0f,1f],start_interpolation:0}
execute if entity @s[tag=aj.ecual.bone.himo_left_1] run data modify entity @s {} merge value {transformation:[-1f,1.459245953144944e-17f,1.2159217882512667e-16f,0.15625000000000003f,0f,0.9928754879348387f,-0.11915647467995905f,1.0879414975086397f,-1.2246467991473532e-16f,-0.11915647467995905f,-0.9928754879348387f,-0.195956275430752f,0f,0f,0f,1f],start_interpolation:0}
execute if entity @s[tag=aj.ecual.bone.ponpon1] run data modify entity @s {} merge value {transformation:[-1f,-1.845063191094339e-17f,1.2106680803880745e-16f,0.29375000000000007f,0f,0.9885855099045607f,0.15066084297766041f,1.7505393947279293f,-1.2246467991473532e-16f,0.15066084297766041f,-0.9885855099045607f,-0.31850503709930406f,0f,0f,0f,1f],start_interpolation:0}
execute if entity @s[tag=aj.ecual.bone.ponpon2] run data modify entity @s {} merge value {transformation:[-1f,-1.845063191094339e-17f,1.2106680803880745e-16f,0.33125000000000004f,0f,0.9885855099045607f,0.15066084297766041f,1.641090660019015f,-1.2246467991473532e-16f,0.15066084297766041f,-0.9885855099045607f,-0.43001753402506415f,0f,0f,0f,1f],start_interpolation:0}
execute if entity @s[tag=aj.ecual.bone.ponpon3] run data modify entity @s {} merge value {transformation:[-1f,-1.845063191094339e-17f,1.2106680803880745e-16f,-0.29374999999999996f,0f,0.9885855099045607f,0.15066084297766041f,1.7505393947279293f,-1.2246467991473532e-16f,0.15066084297766041f,-0.9885855099045607f,-0.3185050370993041f,0f,0f,0f,1f],start_interpolation:0}
execute if entity @s[tag=aj.ecual.bone.ponpon4] run data modify entity @s {} merge value {transformation:[-1f,-1.845063191094339e-17f,1.2106680803880745e-16f,-0.33124999999999993f,0f,0.9885855099045607f,0.15066084297766041f,1.641090660019015f,-1.2246467991473532e-16f,0.15066084297766041f,-0.9885855099045607f,-0.43001753402506426f,0f,0f,0f,1f],start_interpolation:0}
execute if entity @s[tag=aj.ecual.bone.ear_edge_a1] run data modify entity @s {} merge value {transformation:[-0.9877480904503324f,0.1555800023022038f,0.01218903996908914f,0.1947636812048532f,0.15250389632970518f,0.9457401811873641f,0.28691126030874026f,1.8517680775113246f,0.033109989670495624f,0.28525492558646104f,-0.9578796145720411f,-0.3100428840604205f,0f,0f,0f,1f],start_interpolation:0}
execute if entity @s[tag=aj.ecual.bone.ear_edge_a2] run data modify entity @s {} merge value {transformation:[-0.999925346814008f,-0.0008532898204559186f,0.01218903996908914f,0.07957866923799514f,0.0026799609890830883f,0.9579534156299808f,0.28691126030874026f,1.8617304320808754f,-0.011921350929434926f,0.2869225076206728f,-0.9578796145720411f,-0.3085246170795139f,0f,0f,0f,1f],start_interpolation:0}
execute if entity @s[tag=aj.ecual.bone.ear_edge_b1] run data modify entity @s {} merge value {transformation:[-0.9708290678410332f,0.23855450948557805f,0.024138497032869397f,0.057185243657467535f,0.22660644008643377f,0.8799572035256773f,0.41752226440589146f,1.8596036998628636f,0.07836097463829866f,0.4108126896377045f,-0.9083460197999278f,-0.3275613598956141f,0f,0f,0f,1f],start_interpolation:0}
execute if entity @s[tag=aj.ecual.bone.ear_edge_b2] run data modify entity @s {} merge value {transformation:[-0.9970307086947876f,-0.07312385985821496f,0.024138497032869397f,0.08625004931307387f,-0.05640619873343855f,0.9069142734954725f,0.41752226440589146f,1.8684875810192092f,-0.05242238704993835f,0.4149209583156959f,-0.9083460197999278f,-0.32270550231926826f,0f,0f,0f,1f],start_interpolation:0}
execute if entity @s[tag=aj.ecual.bone.ear_right_2] run data modify entity @s {} merge value {transformation:[-0.9961946980917455f,0.0837463817420796f,0.024138497032869397f,0.1444173185372099f,0.08616090438530438f,0.9045725273746065f,0.41752226440589146f,1.9762993531573276f,0.013130957672706172f,0.418013260871263f,-0.9083460197999278f,-0.30600714579249333f,0f,0f,0f,1f],start_interpolation:0}
execute if entity @s[tag=aj.ecual.bone.ear_right_1] run data modify entity @s {} merge value {transformation:[-0.9961946980917455f,0.08629919349871072f,0.01218903996908914f,0.12500000000000003f,0.08616090438530438f,0.954074539678927f,0.28691126030874026f,1.7616325817295695f,0.013130957672706172f,0.28686969504971305f,-0.9578796145720411f,-0.37055282717867866f,0f,0f,0f,1f],start_interpolation:0}
execute if entity @s[tag=aj.ecual.bone.ear_edge_a3] run data modify entity @s {} merge value {transformation:[-0.9877480904503324f,-0.15558000230220387f,-0.012189039969088903f,-0.19476368120485316f,-0.15250389632970518f,0.9457401811873641f,0.28691126030874026f,1.8517680775113246f,-0.03310998967049587f,0.28525492558646104f,-0.9578796145720411f,-0.3100428840604206f,0f,0f,0f,1f],start_interpolation:0}
execute if entity @s[tag=aj.ecual.bone.ear_edge_a4] run data modify entity @s {} merge value {transformation:[-0.9999253468140081f,0.0008532898204558631f,-0.012189039969088903f,-0.07957866923799507f,-0.0026799609890830883f,0.9579534156299808f,0.28691126030874026f,1.8617304320808754f,0.011921350929434684f,0.2869225076206728f,-0.9578796145720411f,-0.3085246170795139f,0f,0f,0f,1f],start_interpolation:0}
execute if entity @s[tag=aj.ecual.bone.ear_edge_b3] run data modify entity @s {} merge value {transformation:[-0.9708895283284209f,-0.2381727769917561f,-0.02544114938935909f,-0.05719163934213224f,-0.22557100008311734f,0.8734196926363832f,0.4315735909859034f,1.859971286749769f,-0.0805682797614466f,0.42474906570232834f,-0.9017189049150962f,-0.3294881250328483f,0f,0f,0f,1f],start_interpolation:0}
execute if entity @s[tag=aj.ecual.bone.ear_edge_b4] run data modify entity @s {} merge value {transformation:[-0.9969702482073999f,0.07350559235203691f,-0.02544114938935909f,-0.08625161386227137f,0.05537075873012212f,0.9003767626061784f,0.4315735909859034f,1.8687724303838038f,0.05462969217308582f,0.42885733438031987f,-0.9017189049150962f,-0.32445589127218627f,0f,0f,0f,1f],start_interpolation:0}
execute if entity @s[tag=aj.ecual.bone.ear_left_2] run data modify entity @s {} merge value {transformation:[-0.9961946980917455f,-0.08335989090470479f,-0.02544114938935909f,-0.14441731853720985f,-0.08616090438530438f,0.8979535255897368f,0.4315735909859034f,1.9762993531573276f,-0.013130957672706415f,0.43212335561656134f,-0.9017189049150962f,-0.30600714579249333f,0f,0f,0f,1f],start_interpolation:0}
execute if entity @s[tag=aj.ecual.bone.ear_left_1] run data modify entity @s {} merge value {transformation:[-0.9961946980917455f,-0.08629919349871078f,-0.012189039969088903f,-0.12499999999999994f,-0.08616090438530438f,0.954074539678927f,0.28691126030874026f,1.7616325817295695f,-0.013130957672706415f,0.28686969504971305f,-0.9578796145720411f,-0.37055282717867866f,0f,0f,0f,1f],start_interpolation:0}
execute if entity @s[tag=aj.ecual.bone.head] run data modify entity @s {} merge value {transformation:[-1f,-1.845063191094339e-17f,1.2106680803880745e-16f,5.105224447508287e-17f,0f,0.9885855099045607f,0.15066084297766041f,1.2502743565604302f,-1.2246467991473532e-16f,0.15066084297766041f,-0.9885855099045607f,-0.4168732120202121f,0f,0f,0f,1f],start_interpolation:0}
execute if entity @s[tag=aj.ecual.bone.body_1] run data modify entity @s {} merge value {transformation:[-1f,1.459245953144944e-17f,1.2159217882512667e-16f,4.558007215078933e-17f,0f,0.9928754879348387f,-0.11915647467995905f,0.8779460485848657f,-1.2246467991473532e-16f,-0.11915647467995905f,-0.9928754879348387f,-0.3721895340152275f,0f,0f,0f,1f],start_interpolation:0}
execute if entity @s[tag=aj.ecual.bone.leg_left_2] run data modify entity @s {} merge value {transformation:[-0.9813830973077317f,-0.1846789076635893f,0.05273440416717251f,0.13691050619888606f,-0.15405082604876474f,0.5929364307521137f,-0.7903763230769487f,0.7465736537589109f,0.11469768660429236f,-0.7837857425030946f,-0.6103477291974602f,0.054158957247660705f,0f,0f,0f,1f],start_interpolation:0}
execute if entity @s[tag=aj.ecual.bone.leg_left_1] run data modify entity @s {} merge value {transformation:[-0.9813830973077317f,-0.0656885425155264f,0.18047778727829397f,0.12500000000000003f,-0.15405082604876474f,-0.29195485395946646f,-0.9439442283541968f,0.6126958757104032f,0.11469768660429236f,-0.9541736627216728f,0.2764001846163115f,-0.22756208454972707f,0f,0f,0f,1f],start_interpolation:0}
execute if entity @s[tag=aj.ecual.bone.leg_right_2] run data modify entity @s {} merge value {transformation:[-0.968294663204221f,0.23377538728476271f,-0.0880597155916569f,-0.15265338427058928f,0.20037213840294638f,0.5162956051742428f,-0.8326402910198333f,0.7272576437630901f,-0.1491859623491929f,-0.8238858636835696f,-0.5467683533822378f,0.08813354140846377f,0f,0f,0f,1f],start_interpolation:0}
execute if entity @s[tag=aj.ecual.bone.leg_right_1] run data modify entity @s {} merge value {transformation:[-0.968294663204221f,0.10162896894259806f,-0.22820385159301923f,-0.12499999999999999f,0.20037213840294638f,-0.22957664299327374f,-0.9524418990908418f,0.6119922434728335f,-0.1491859623491929f,-0.9679701016372372f,0.20193422437601272f,-0.24616466174313642f,0f,0f,0f,1f],start_interpolation:0}
execute if entity @s[tag=aj.ecual.bone.skirt_forward_right] run data modify entity @s {} merge value {transformation:[-0.9914448613738104f,0.13052619222005168f,5.878148600892866e-17f,3.9732001570127987e-17f,0.06265090920193156f,0.4758809012365417f,-0.8772754592569361f,0.7808921642848844f,-0.11450742522490498f,-0.8697702460896388f,-0.4799872587741594f,-0.32443641381164723f,0f,0f,0f,1f],start_interpolation:0}
execute if entity @s[tag=aj.ecual.bone.skirt_forward_left] run data modify entity @s {} merge value {transformation:[-0.9914448613738104f,-0.12925592028994132f,0.01816573492777419f,3.7877643336948015e-17f,-0.06265090920193156f,0.34915651495755484f,-0.9349676955055004f,0.7465851412038046f,0.11450742522490473f,-0.9281070170689881f,-0.3542674334957529f,-0.30929442973533194f,0f,0f,0f,1f],start_interpolation:0}
execute if entity @s[tag=aj.ecual.bone.skirt_forward] run data modify entity @s {} merge value {transformation:[-1f,1.0743525831495311e-16f,5.878148600892866e-17f,3.9732001570127987e-17f,0f,0.4799872587741594f,-0.8772754592569361f,0.7808921642848844f,-1.2246467991473532e-16f,-0.8772754592569361f,-0.4799872587741594f,-0.32443641381164723f,0f,0f,0f,1f],start_interpolation:0}
execute if entity @s[tag=aj.ecual.bone.skirt_back_right] run data modify entity @s {} merge value {transformation:[-0.9961946980917455f,0.08715574274765825f,9.776745090273444e-17f,4.066500202455884e-17f,0.06957920280284627f,0.7952939272209715f,-0.6022178209441867f,0.804702850549206f,-0.05248674148026694f,-0.599926200320963f,-0.7983318208221664f,-0.3320549406806224f,0f,0f,0f,1f],start_interpolation:0}
execute if entity @s[tag=aj.ecual.bone.skirt_back_left] run data modify entity @s {} merge value {transformation:[-0.9961946980917455f,-0.08715574274765811f,9.776745090273444e-17f,4.066500202455884e-17f,-0.06957920280284627f,0.7952939272209715f,-0.6022178209441867f,0.804702850549206f,0.05248674148026669f,-0.599926200320963f,-0.7983318208221664f,-0.3320549406806224f,0f,0f,0f,1f],start_interpolation:0}
execute if entity @s[tag=aj.ecual.bone.skirt_back] run data modify entity @s {} merge value {transformation:[-1f,7.37504126808792e-17f,9.776745090273444e-17f,4.066500202455884e-17f,0f,0.7983318208221664f,-0.6022178209441867f,0.804702850549206f,-1.2246467991473532e-16f,-0.6022178209441867f,-0.7983318208221664f,-0.3320549406806224f,0f,0f,0f,1f],start_interpolation:0}
execute if entity @s[tag=aj.ecual.bone.skirt_right] run data modify entity @s {} merge value {transformation:[-0.9914448613738104f,0.13052619222005166f,9.347954832632538e-17f,-0.19374999999999998f,0.09963304931659256f,0.7567881441098557f,-0.6460224147958317f,0.8166086341003836f,-0.08432284589210273f,-0.6404956034816276f,-0.7633184391729066f,-0.3358641674601024f,0f,0f,0f,1f],start_interpolation:0}
execute if entity @s[tag=aj.ecual.bone.skirt_left] run data modify entity @s {} merge value {transformation:[-0.9914448613738104f,-0.13002950065171937f,0.011376107230962284f,0.19375000000000003f,-0.09963304931659257f,0.6976037733477638f,-0.7095225372705501f,0.8127989302468792f,0.08432284589210251f,-0.7045859098585681f,-0.7045909120116655f,-0.34776954724727077f,0f,0f,0f,1f],start_interpolation:0}
execute if entity @s[tag=aj.ecual.bone.coat_downer] run data modify entity @s {} merge value {transformation:[-1f,8.141825225964857e-17f,9.148041334407494e-17f,-0.007812499999999969f,0f,0.7469942632256679f,-0.6648304826855802f,0.6956679909283322f,-1.2246467991473532e-16f,-0.6648304826855802f,-0.7469942632256679f,-0.25087364176451515f,0f,0f,0f,1f],start_interpolation:0}
execute if entity @s[tag=aj.ecual.bone.body_2] run data modify entity @s {} merge value {transformation:[-1f,7.313538785709255e-17f,9.82283710015147e-17f,4.7064348462054436e-17f,0f,0.8020955190501059f,-0.5971957621414783f,0.8748862084660902f,-1.2246467991473532e-16f,-0.5971957621414783f,-0.8020955190501059f,-0.3843095698680017f,0f,0f,0f,1f],start_interpolation:0}
execute if entity @s[tag=aj.ecual.bone.book_left] run data modify entity @s {} merge value {transformation:[0.5735764363510457f,-0.21201214989665462f,-0.7912401152362238f,-0.04251139545395527f,0f,0.9659258262890683f,-0.2588190451025207f,0.9530112084660902f,0.8191520442889917f,0.14845250554968448f,0.5540322932223231f,-0.019582321944048214f,0f,0f,0f,1f],start_interpolation:0}
execute if entity @s[tag=aj.ecual.bone.book_right] run data modify entity @s {} merge value {transformation:[0.5735764363510457f,-0.21201214989665462f,-0.7912401152362238f,0.01126139545395527f,0f,0.9659258262890683f,-0.2588190451025207f,0.9530112084660902f,0.8191520442889917f,0.14845250554968448f,0.5540322932223231f,0.05721318220804475f,0f,0f,0f,1f],start_interpolation:0}
execute if entity @s[tag=aj.ecual.bone.book_loot_1] run data modify entity @s {} merge value {transformation:[0.5735764363510457f,-0.21201214989665462f,-0.7912401152362238f,0.1030610172854336f,0f,0.9659258262890683f,-0.2588190451025207f,0.9918340652314683f,0.8191520442889917f,0.14845250554968448f,0.5540322932223231f,-0.0642894138513502f,0f,0f,0f,1f],start_interpolation:0}
execute if entity @s[tag=aj.ecual.bone.book_left2] run data modify entity @s {} merge value {transformation:[-0.4737945524509783f,-0.5489564193883943f,-0.6885968135854612f,0.5417253292003303f,-0.41017438672626433f,0.8294993993759021f,-0.37906162943346094f,1.8115460851740877f,0.7792789581026233f,0.10284744064531116f,-0.6181801593477414f,-0.7723452282686621f,0f,0f,0f,1f],start_interpolation:0}
execute if entity @s[tag=aj.ecual.bone.book_right2] run data modify entity @s {} merge value {transformation:[0.05876365810073564f,-0.5489564193883943f,-0.833782754738243f,0.5623359207996698f,-0.08444017265322457f,0.8294993993759021f,-0.5520874963964599f,1.8361088317580925f,0.9946942694762614f,0.10284744064531116f,0.002390444267439118f,-0.8604414114673411f,0f,0f,0f,1f],start_interpolation:0}
execute if entity @s[tag=aj.ecual.bone.book_loot_2] run data modify entity @s {} merge value {transformation:[-0.21984631039295455f,-0.5489564193883943f,-0.8064207645013104f,0.6729937396751966f,-0.26200263022938497f,0.8294993993759021f,-0.49323966607309844f,1.8978134083770548f,0.9396926207859082f,0.10284744064531116f,-0.3261904081870286f,-0.7674647586399473f,0f,0f,0f,1f],start_interpolation:0}
execute if entity @s[tag=aj.ecual.bone.air_staff_povit_1] run data modify entity @s {} merge value {transformation:[-0.000015625f,0f,1.9135106236677393e-21f,-0.007217500000000037f,0f,0.000015625f,0f,1.0410087084660902f,-1.9135106236677393e-21f,0f,-0.000015625f,0.3031904301319983f,0f,0f,0f,1f],start_interpolation:0}