execute if entity @s[tag=aj.ecual.bone.wing_right_1] run data modify entity @s {} merge value {transformation:[-0.6485908672369411f,-0.11436406933497469f,-0.48290287949692556f,0.044355539573251904f,-0.08279865116610695f,0.8084842141526094f,-0.08026271410534014f,0.4295596223773443f,0.4893043171139516f,-0.014784436263426957f,-0.6536873489233727f,-1.479649821796013f,0f,0f,0f,1f],start_interpolation:0}
execute if entity @s[tag=aj.ecual.bone.wing_right_2] run data modify entity @s {} merge value {transformation:[-0.6298629176878067f,0.13963724704809613f,-0.47304771869086587f,0.044355539573251904f,0.2281445240355966f,0.7627373288204213f,-0.07862469953176178f,0.4295596223773443f,0.43729027095783274f,-0.1968075365953187f,-0.6403467907820793f,-1.479649821796013f,0f,0f,0f,1f],start_interpolation:0}
execute if entity @s[tag=aj.ecual.bone.wing_left_1] run data modify entity @s {} merge value {transformation:[-0.6485908672369409f,0.11436406933497467f,0.4829028794969257f,-0.04435553957325156f,0.08279865116610695f,0.8084842141526094f,-0.08026271410534014f,0.4295596223773443f,-0.4893043171139517f,-0.01478443626342693f,-0.6536873489233724f,-1.4796498217960128f,0f,0f,0f,1f],start_interpolation:0}
execute if entity @s[tag=aj.ecual.bone.wing_left_2] run data modify entity @s {} merge value {transformation:[-0.6298629176878064f,-0.13963724704809607f,0.473047718690866f,-0.04435553957325156f,-0.2281445240355966f,0.7627373288204213f,-0.07862469953176178f,0.4295596223773443f,-0.43729027095783285f,-0.19680753659531872f,-0.6403467907820791f,-1.4796498217960128f,0f,0f,0f,1f],start_interpolation:0}
execute if entity @s[tag=aj.ecual.bone.staff] run data modify entity @s {} merge value {transformation:[0.620418289350736f,-0.07602924458506471f,1.4320289627681877f,-0.7488792962978631f,1.3049276588659775f,-0.617111994835652f,-0.5981160764906106f,0.28596388875000933f,0.5946858005414848f,1.43345686708662f,-0.18153913858049142f,-1.2318841825635847f,0f,0f,0f,1f],start_interpolation:0}
execute if entity @s[tag=aj.ecual.bone.arm_right_2] run data modify entity @s {} merge value {transformation:[-0.7807487473220407f,-0.6237943423389003f,-0.036221706489937f,-0.5703664865646003f,-0.6128315593191198f,0.7757626801504297f,-0.15043185828912195f,0.45448348167462205f,0.12193799021453716f,-0.09525168004713111f,-0.9879566002566302f,-1.2774127918811051f,0f,0f,0f,1f],start_interpolation:0}
execute if entity @s[tag=aj.ecual.bone.arm_right_1] run data modify entity @s {} merge value {transformation:[-0.7351792346503496f,-0.6237943423389003f,0.26531511718125866f,-0.29843749999999986f,-0.6237503143990514f,0.7757626801504297f,0.09553956967093277f,0.6874863817245157f,-0.26541860941917966f,-0.09525168004713111f,-0.9594165306175355f,-1.186781152792871f,0f,0f,0f,1f],start_interpolation:0}
execute if entity @s[tag=aj.ecual.bone.arm_left_2] run data modify entity @s {} merge value {transformation:[0.6808104481292684f,0.702216990140585f,0.20829890176360133f,0.38159596289823783f,0.31393246187909185f,-0.022809420409413306f,-0.9491712910318765f,0.5425837624758513f,-0.6617730298951124f,0.7115975190362066f,-0.23597760021866143f,-0.8981864127572152f,0f,0f,0f,1f],start_interpolation:0}
execute if entity @s[tag=aj.ecual.bone.arm_left_1] run data modify entity @s {} merge value {transformation:[-0.17724486640549342f,0.8737249081167114f,0.4529779710640937f,0.2984375000000002f,0.44160798442997146f,0.48193527752140614f,-0.756783176588951f,0.6874863817245157f,-0.8795263756253118f,0.06590275576035884f,-0.4712644495000591f,-1.186781152792871f,0f,0f,0f,1f],start_interpolation:0}
execute if entity @s[tag=aj.ecual.bone.himo_right_2] run data modify entity @s {} merge value {transformation:[-1f,1.1773899935180924e-16f,3.369162890471822e-17f,-0.15624999999999992f,0f,0.27511302792099446f,-0.9614118898100555f,0.4434760398716452f,-1.2246467991473532e-16f,-0.9614118898100555f,-0.27511302792099446f,-0.8183486993185258f,0f,0f,0f,1f],start_interpolation:0}
execute if entity @s[tag=aj.ecual.bone.himo_right_1] run data modify entity @s {} merge value {transformation:[-1f,9.588342348826779e-17f,7.618377075721627e-17f,-0.1562499999999999f,0f,0.6220876975325325f,-0.7829475694953479f,0.5552240608496491f,-1.2246467991473532e-16f,-0.7829475694953479f,-0.6220876975325325f,-0.9690394167084819f,0f,0f,0f,1f],start_interpolation:0}
execute if entity @s[tag=aj.ecual.bone.himo_left_2] run data modify entity @s {} merge value {transformation:[-1f,7.370108417819463e-17f,9.780464210648313e-17f,0.1562500000000001f,0f,0.7986355100472929f,-0.6018150231520484f,0.3698833408131834f,-1.2246467991473532e-16f,-0.6018150231520484f,-0.7986355100472929f,-0.9399855013722586f,0f,0f,0f,1f],start_interpolation:0}
execute if entity @s[tag=aj.ecual.bone.himo_left_1] run data modify entity @s {} merge value {transformation:[-1f,1.4924690131530357e-17f,1.2155184676135688e-16f,0.1562500000000001f,0f,0.9925461516413222f,-0.1218693434051476f,0.5552240608496491f,-1.2246467991473532e-16f,-0.1218693434051476f,-0.9925461516413222f,-0.9690394167084819f,0f,0f,0f,1f],start_interpolation:0}
execute if entity @s[tag=aj.ecual.bone.ponpon1] run data modify entity @s {} merge value {transformation:[-1f,-4.44481043890273e-17f,1.141138196838609e-16f,0.2937500000000002f,0f,0.9318100513822546f,0.3629463157865092f,1.1836538898663735f,-1.2246467991473532e-16f,0.3629463157865092f,-0.9318100513822546f,-0.9851400244474715f,0f,0f,0f,1f],start_interpolation:0}
execute if entity @s[tag=aj.ecual.bone.ponpon2] run data modify entity @s {} merge value {transformation:[-1f,-4.44481043890273e-17f,1.141138196838609e-16f,0.33125000000000016f,0f,0.9318100513822546f,0.3629463157865092f,1.1012038505485768f,-1.2246467991473532e-16f,0.3629463157865092f,-0.9318100513822546f,-1.1178655062378715f,0f,0f,0f,1f],start_interpolation:0}
execute if entity @s[tag=aj.ecual.bone.ponpon3] run data modify entity @s {} merge value {transformation:[-1f,-4.44481043890273e-17f,1.141138196838609e-16f,-0.29374999999999984f,0f,0.9318100513822546f,0.3629463157865092f,1.1836538898663735f,-1.2246467991473532e-16f,0.3629463157865092f,-0.9318100513822546f,-0.9851400244474716f,0f,0f,0f,1f],start_interpolation:0}
execute if entity @s[tag=aj.ecual.bone.ponpon4] run data modify entity @s {} merge value {transformation:[-1f,-4.44481043890273e-17f,1.141138196838609e-16f,-0.3312499999999998f,0f,0.9318100513822546f,0.3629463157865092f,1.1012038505485768f,-1.2246467991473532e-16f,0.3629463157865092f,-0.9318100513822546f,-1.1178655062378715f,0f,0f,0f,1f],start_interpolation:0}
execute if entity @s[tag=aj.ecual.bone.ear_edge_a1] run data modify entity @s {} merge value {transformation:[-0.9882720547084319f,0.14808696431667623f,0.03726388173346071f,0.19315854010996286f,0.12872550148752618f,0.676630181749184f,0.7249836842390671f,1.2530509626564164f,0.08214676590809158f,0.7212779271165436f,-0.6877572687404356f,-0.9346190887914049f,0f,0f,0f,1f],start_interpolation:0}
execute if entity @s[tag=aj.ecual.bone.ear_edge_a2] run data modify entity @s {} merge value {transformation:[-0.9992706908138295f,-0.008336042142814026f,0.03726388173346071f,0.07797352814310476f,0.021292396444483858f,0.6884368463706747f,0.7249836842390671f,1.262441169199336f,-0.03169732376878294f,0.725248384321257f,-0.6877572687404356f,-0.9309615398476353f,0f,0f,0f,1f],start_interpolation:0}
execute if entity @s[tag=aj.ecual.bone.ear_edge_b1] run data modify entity @s {} merge value {transformation:[-0.975280467465041f,0.2104494783670749f,0.06737230021453336f,0.05761213435465465f,0.12844512564923535f,0.29182287848354255f,0.9478086606960986f,1.2987605469264643f,0.17980505965662735f,0.9330329172374393f,-0.31164036303609827f,-0.9739075052926515f,0f,0f,0f,1f],start_interpolation:0}
execute if entity @s[tag=aj.ecual.bone.ear_edge_b2] run data modify entity @s {} merge value {transformation:[-0.9925793090707797f,-0.1012288909767181f,0.06737230021453336f,0.0863212479619276f,0.03198034493622523f,0.31723177685602105f,0.9478086606960986f,1.3003304838711789f,-0.1173182540883283f,0.9429298549650426f,-0.31164036303609827f,-0.9629262613342326f,0f,0f,0f,1f],start_interpolation:0}
execute if entity @s[tag=aj.ecual.bone.ear_right_2] run data modify entity @s {} merge value {transformation:[-0.9961946980917455f,0.055291017875408584f,0.06737230021453336f,0.1427272681125735f,0.08121259712795395f,0.30832329911507f,0.9478086606960986f,1.3597386301852574f,0.031632855729899184f,0.9496734420657982f,-0.31164036303609827f,-0.870326706402581f,0f,0f,0f,1f],start_interpolation:0}
execute if entity @s[tag=aj.ecual.bone.ear_right_1] run data modify entity @s {} merge value {transformation:[-0.9961946980917455f,0.0787878582781041f,0.03726388173346071f,0.1250000000000001f,0.08121259712795395f,0.6839613816984711f,0.7249836842390671f,1.2058473193031016f,0.031632855729899184f,0.7252511990566222f,-0.6877572687404356f,-1.0335082261903208f,0f,0f,0f,1f],start_interpolation:0}
execute if entity @s[tag=aj.ecual.bone.ear_edge_a3] run data modify entity @s {} merge value {transformation:[-0.9882720547084319f,-0.1480869643166764f,-0.03726388173346054f,-0.19315854010996264f,-0.12872550148752618f,0.676630181749184f,0.7249836842390671f,1.2530509626564164f,-0.08214676590809183f,0.7212779271165436f,-0.6877572687404356f,-0.9346190887914051f,0f,0f,0f,1f],start_interpolation:0}
execute if entity @s[tag=aj.ecual.bone.ear_edge_a4] run data modify entity @s {} merge value {transformation:[-0.9992706908138295f,0.008336042142813846f,-0.03726388173346054f,-0.07797352814310456f,-0.021292396444483858f,0.6884368463706747f,0.7249836842390671f,1.262441169199336f,0.03169732376878269f,0.725248384321257f,-0.6877572687404356f,-0.9309615398476354f,0f,0f,0f,1f],start_interpolation:0}
execute if entity @s[tag=aj.ecual.bone.ear_edge_b3] run data modify entity @s {} merge value {transformation:[-0.9758080274519901f,-0.20711859570039315f,-0.07000414898670862f,-0.05794090063985577f,-0.12111176645517392f,0.24552187076438103f,0.9617956908837066f,1.304036727447399f,-0.1820182232260376f,0.9470062820760253f,-0.26466671139790265f,-0.9770996639031273f,0f,0f,0f,1f],start_interpolation:0}
execute if entity @s[tag=aj.ecual.bone.ear_edge_b4] run data modify entity @s {} merge value {transformation:[-0.9920517490838306f,0.10455977364339986f,-0.07000414898670862f,-0.08660785921540237f,-0.03931370413028666f,0.27093076913685954f,0.9617956908837066f,1.3050206874470573f,0.11953141765773807f,0.9569032198036286f,-0.26466671139790265f,-0.9659415756373462f,0f,0f,0f,1f],start_interpolation:0}
execute if entity @s[tag=aj.ecual.bone.ear_left_2] run data modify entity @s {} merge value {transformation:[-0.9961946980917455f,-0.051918615337301556f,-0.07000414898670862f,-0.1427272681125733f,-0.08121259712795395f,0.26144514351057785f,0.9617956908837066f,1.3597386301852574f,-0.031632855729899434f,0.9638209866547789f,-0.26466671139790265f,-0.8703267064025813f,0f,0f,0f,1f],start_interpolation:0}
execute if entity @s[tag=aj.ecual.bone.ear_left_1] run data modify entity @s {} merge value {transformation:[-0.9961946980917455f,-0.07878785827810429f,-0.03726388173346054f,-0.12499999999999988f,-0.08121259712795395f,0.6839613816984711f,0.7249836842390671f,1.2058473193031016f,-0.031632855729899434f,0.7252511990566222f,-0.6877572687404356f,-1.033508226190321f,0f,0f,0f,1f],start_interpolation:0}
execute if entity @s[tag=aj.ecual.bone.head] run data modify entity @s {} merge value {transformation:[-1f,-4.44481043890273e-17f,1.141138196838609e-16f,1.4578185074389935e-16f,0f,0.9318100513822546f,0.3629463157865092f,0.7169525956013676f,-1.2246467991473532e-16f,0.3629463157865092f,-0.9318100513822546f,-1.1903991489252115f,0f,0f,0f,1f],start_interpolation:0}
execute if entity @s[tag=aj.ecual.bone.body_1] run data modify entity @s {} merge value {transformation:[-1f,1.4924690131530357e-17f,1.2155184676135688e-16f,1.4018509194457547e-16f,0f,0.9925461516413222f,-0.1218693434051476f,0.3447477887358717f,-1.2246467991473532e-16f,-0.1218693434051476f,-0.9925461516413222f,-1.1446981451482812f,0f,0f,0f,1f],start_interpolation:0}
execute if entity @s[tag=aj.ecual.bone.leg_left_2] run data modify entity @s {} merge value {transformation:[-0.9469301294951057f,-0.3140086281754483f,0.06871616466127456f,0.14268631516247052f,-0.17063421979308568f,0.3098827708325728f,-0.9353377098015092f,0.38017928833276327f,0.2724101556293144f,-0.8974247878081484f,-0.34701794958980503f,-0.7080598212945802f,0f,0f,0f,1f],start_interpolation:0}
execute if entity @s[tag=aj.ecual.bone.leg_left_1] run data modify entity @s {} merge value {transformation:[-0.9469301294951057f,-0.1099387719935136f,0.30205429357474883f,0.1250000000000001f,-0.17063421979308568f,-0.6244368539988556f,-0.762209012281813f,0.15002430639336078f,0.2724101556293144f,-0.7732994774216326f,0.5725387544345296f,-0.9137056803940515f,0f,0f,0f,1f],start_interpolation:0}
execute if entity @s[tag=aj.ecual.bone.leg_right_2] run data modify entity @s {} merge value {transformation:[-0.9131012333607504f,0.2811483827940394f,-0.295299381115797f,-0.1544667615578875f,0.21644258701197966f,-0.27954715551529696f,-0.9354175508140032f,0.4213572348031599f,-0.3455412336648668f,-0.9180462813472985f,0.19440236917733106f,-0.6783225027112544f,0f,0f,0f,1f],start_interpolation:0}
execute if entity @s[tag=aj.ecual.bone.leg_right_1] run data modify entity @s {} merge value {transformation:[-0.9131012333607504f,0.09583195117465144f,-0.39631095716512266f,-0.12499999999999989f,0.21644258701197966f,-0.7098037136389279f,-0.6703217843930994f,0.1426208145723248f,-0.3455412336648668f,-0.697850216907931f,0.6273805309370988f,-0.9307860575976836f,0f,0f,0f,1f],start_interpolation:0}
execute if entity @s[tag=aj.ecual.bone.skirt_forward_right] run data modify entity @s {} merge value {transformation:[-0.9914448613738104f,0.13052619222005168f,-1.6911490976723363e-17f,1.301234594488544e-16f,-0.0180247278112541f,-0.13691140040308475f,-0.9904192938483158f,0.27390195726275335f,-0.12927565912729314f,-0.9819461194913907f,0.13809280348013647f,-1.0625386808625266f,0f,0f,0f,1f],start_interpolation:0}
execute if entity @s[tag=aj.ecual.bone.skirt_forward_left] run data modify entity @s {} merge value {transformation:[-0.9914448613738104f,-0.12925592028994132f,0.01816573492777411f,1.2612889683348116e-16f,0.0180247278112541f,-0.2734187124414149f,-0.9617262172126791f,0.25540027001984983f,0.1292756591272929f,-0.9531710836764192f,0.27340938023470374f,-1.0299206017710334f,0f,0f,0f,1f],start_interpolation:0}
execute if entity @s[tag=aj.ecual.bone.skirt_forward] run data modify entity @s {} merge value {transformation:[-1f,1.2129138180251218e-16f,-1.6911490976723363e-17f,1.301234594488544e-16f,0f,-0.13809280348013647f,-0.9904192938483158f,0.27390195726275335f,-1.2246467991473532e-16f,-0.9904192938483158f,0.13809280348013647f,-1.0625386808625266f,0f,0f,0f,1f],start_interpolation:0}
execute if entity @s[tag=aj.ecual.bone.skirt_back_right] run data modify entity @s {} merge value {transformation:[-0.9961946980917455f,0.08715574274765829f,4.226175808261277e-17f,1.3235115895653679e-16f,0.030076875373997284f,0.3437802586284236f,-0.9385683328054019f,0.291051147747793f,-0.08180162016508616f,-0.9349967969375502f,-0.3450934433669941f,-1.0807292277960048f,0f,0f,0f,1f],start_interpolation:0}
execute if entity @s[tag=aj.ecual.bone.skirt_back_left] run data modify entity @s {} merge value {transformation:[-0.9961946980917455f,-0.08715574274765807f,4.226175808261277e-17f,1.3235115895653679e-16f,-0.030076875373997284f,0.3437802586284236f,-0.9385683328054019f,0.291051147747793f,0.08180162016508591f,-0.9349967969375502f,-0.3450934433669941f,-1.0807292277960048f,0f,0f,0f,1f],start_interpolation:0}
execute if entity @s[tag=aj.ecual.bone.skirt_back] run data modify entity @s {} merge value {transformation:[-1f,1.149414704551203e-16f,4.226175808261277e-17f,1.3235115895653679e-16f,0f,0.3450934433669941f,-0.9385683328054019f,0.291051147747793f,-1.2246467991473532e-16f,-0.9385683328054019f,-0.3450934433669941f,-1.0807292277960048f,0f,0f,0f,1f],start_interpolation:0}
execute if entity @s[tag=aj.ecual.bone.skirt_right] run data modify entity @s {} merge value {transformation:[-0.9914448613738104f,0.13052619222005168f,4.3513035795522286e-17f,-0.19374999999999987f,0.046377378998407374f,0.35227116726456587f,-0.9347481818282926f,0.2996261461337763f,-0.12200912085866356f,-0.9267512815521728f,-0.3553109012804162f,-1.089824682336894f,0f,0f,0f,1f],start_interpolation:0}
execute if entity @s[tag=aj.ecual.bone.skirt_left] run data modify entity @s {} merge value {transformation:[-0.9914448613738104f,-0.13002950065171934f,0.01137610723096223f,0.19375000000000014f,-0.04637737899840738f,0.2694619970502832f,-0.9618936380197718f,0.2905304695235737f,0.12200912085866333f,-0.9541920986394395f,-0.2731871397437265f,-1.0983990965052637f,0f,0f,0f,1f],start_interpolation:0}
execute if entity @s[tag=aj.ecual.bone.coat_downer] run data modify entity @s {} merge value {transformation:[-1f,1.0905611608597633e-16f,5.571679612882128e-17f,-0.007812499999999881f,0f,0.4549621667864847f,-0.8905107673649696f,0.21888953799882838f,-1.2246467991473532e-16f,-0.8905107673649696f,-0.4549621667864847f,-0.9655263372737259f,0f,0f,0f,1f],start_interpolation:0}
execute if entity @s[tag=aj.ecual.bone.body_2] run data modify entity @s {} merge value {transformation:[-1f,1.0378508588920028e-16f,6.500964369683855e-17f,1.414323539718418e-16f,0f,0.5308440257395095f,-0.8474695394742345f,0.3375f,-1.2246467991473532e-16f,-0.8474695394742345f,-0.5308440257395095f,-1.1548828125000001f,0f,0f,0f,1f],start_interpolation:0}
execute if entity @s[tag=aj.ecual.bone.book_left] run data modify entity @s {} merge value {transformation:[0.5735764363510457f,-0.21201214989665462f,-0.7912401152362238f,-0.04251139545395517f,0f,0.9659258262890683f,-0.2588190451025207f,0.415625f,0.8191520442889917f,0.14845250554968448f,0.5540322932223231f,-0.7901555645760467f,0f,0f,0f,1f],start_interpolation:0}
execute if entity @s[tag=aj.ecual.bone.book_right] run data modify entity @s {} merge value {transformation:[0.5735764363510457f,-0.21201214989665462f,-0.7912401152362238f,0.011261395453955367f,0f,0.9659258262890683f,-0.2588190451025207f,0.415625f,0.8191520442889917f,0.14845250554968448f,0.5540322932223231f,-0.7133600604239537f,0f,0f,0f,1f],start_interpolation:0}
execute if entity @s[tag=aj.ecual.bone.book_loot_1] run data modify entity @s {} merge value {transformation:[0.5735764363510457f,-0.21201214989665462f,-0.7912401152362238f,0.1030610172854337f,0f,0.9659258262890683f,-0.2588190451025207f,0.45444785676537813f,0.8191520442889917f,0.14845250554968448f,0.5540322932223231f,-0.8348626564833487f,0f,0f,0f,1f],start_interpolation:0}
execute if entity @s[tag=aj.ecual.bone.book_left2] run data modify entity @s {} merge value {transformation:[-0.16663316109214343f,-0.5489564193883943f,-0.8190727923919295f,0.5417253292003303f,-0.2291822448647646f,0.8294993993759021f,-0.5093193939698002f,1.2741598767079976f,0.959014540172977f,0.10284744064531116f,-0.26403317157039635f,-1.5429184709006607f,0f,0f,0f,1f],start_interpolation:0}
execute if entity @s[tag=aj.ecual.bone.book_right2] run data modify entity @s {} merge value {transformation:[-0.2721180440412434f,-0.5489564193883943f,-0.7903155190931285f,0.5623359207996699f,-0.29370108010798757f,0.8294993993759021f,-0.47504781020274045f,1.2987226232920024f,0.9163467933323983f,0.10284744064531116f,-0.3869508473981415f,-1.6310146540993395f,0f,0f,0f,1f],start_interpolation:0}
execute if entity @s[tag=aj.ecual.bone.book_loot_2] run data modify entity @s {} merge value {transformation:[-0.21984631039295455f,-0.5489564193883943f,-0.8064207645013104f,0.6729937396751967f,-0.26200263022938497f,0.8294993993759021f,-0.49323966607309844f,1.3604271999109647f,0.9396926207859082f,0.10284744064531116f,-0.3261904081870286f,-1.538038001271946f,0f,0f,0f,1f],start_interpolation:0}
execute if entity @s[tag=aj.ecual.bone.air_staff_povit_1] run data modify entity @s {} merge value {transformation:[-0.000015625f,0f,1.9135106236677393e-21f,-0.007217499999999943f,0f,0.000015625f,0f,0.5036225f,-1.9135106236677393e-21f,0f,-0.000015625f,-0.46738281250000013f,0f,0f,0f,1f],start_interpolation:0}