execute if entity @s[tag=aj.tultaria.bone.head] run data modify entity @s {} merge value {transformation:[-0.9008204181908146f,0.1644518481060534f,-0.40184345686477146f,0f,4.336808689942018e-19f,0.9254974374578778f,0.37875386896888785f,1.625f,0.4341918633168128f,0.34118921863594254f,-0.8337069886453329f,0f,0f,0f,0f,1f],start_interpolation:0}
execute if entity @s[tag=aj.tultaria.bone.bust] run data modify entity @s {} merge value {transformation:[-0.9089708197297813f,-0.20842987362646057f,-0.36101113093619014f,0.029961794333803637f,0f,0.8660254037844387f,-0.49999999999999994f,1.515625f,0.4168597472529212f,-0.4544854098648906f,-0.7871918211847562f,0.06533227766807803f,0f,0f,0f,1f],start_interpolation:0}
execute if entity @s[tag=aj.tultaria.bone.left_wing] run data modify entity @s {} merge value {transformation:[-0.6802542171047598f,0f,-0.7329762616287039f,0.004703207826496136f,0f,1f,0f,1.40625f,0.7329762616287039f,0f,-0.6802542171047598f,-0.13967508666953027f,0f,0f,0f,1f],start_interpolation:0}
execute if entity @s[tag=aj.tultaria.bone.right_wing] run data modify entity @s {} merge value {transformation:[-0.9993048548919431f,0f,-0.03728011520090002f,-0.1089181446397266f,0f,1f,0f,1.40625f,0.03728011520090002f,0f,-0.9993048548919431f,-0.08756761826291509f,0f,0f,0f,1f],start_interpolation:0}
execute if entity @s[tag=aj.tultaria.bone.body] run data modify entity @s {} merge value {transformation:[-0.9089708197297813f,0f,-0.4168597472529212f,0.6629152834913512f,0f,1f,0f,0.34375f,0.4168597472529212f,0f,-0.9089708197297813f,0.24605553623843007f,0f,0f,0f,1f],start_interpolation:0}
execute if entity @s[tag=aj.tultaria.locator_origin.locator_right_hand] at @s on origin run tp @s ^-0.68388 ^1.362 ^0.72862 ~-69.15685 ~-9.55405
execute if entity @s[tag=aj.tultaria.bone.right_ring] run data modify entity @s {} merge value {transformation:[-0.8929249297649974f,0.31558544975124936f,0.32107770665288476f,-0.5880570851212272f,-0.2658757050428072f,0.20588089991720254f,-0.9417659818220624f,1.3897706764653057f,-0.36331140812279006f,-0.9262930848033923f,-0.09992968414465773f,0.46380334610950746f,0f,0f,0f,1f],start_interpolation:0}
execute if entity @s[tag=aj.tultaria.locator_origin.locator_sword] at @s on origin run tp @s ^-0.67854 ^1.37228 ^0.66524 ~-69.15685 ~-9.55405
execute if entity @s[tag=aj.tultaria.bone.sword] run data modify entity @s {} merge value {transformation:[-0.0000022598273865921277f,0.000003155854497512494f,-0.00000921595152837396f,-0.6785532871004977f,0.00000964398468103369f,0.0000020588089991720254f,-0.0000016597785927393554f,1.3722782776854927f,0.0000013735864205778043f,-0.000009262930848033924f,-0.000003508756538967304f,0.6652399838824188f,0f,0f,0f,1f],start_interpolation:0}
execute if entity @s[tag=aj.tultaria.bone.right_hand] run data modify entity @s {} merge value {transformation:[-0.22598273865921276f,0.31558544975124936f,-0.921595152837396f,-0.6251464041761003f,0.9643984681033688f,0.20588089991720254f,-0.16597785927393552f,1.406379142770437f,0.13735864205778042f,-0.9262930848033923f,-0.35087565389673037f,0.28617545905615893f,0f,0f,0f,1f],start_interpolation:0}
execute if entity @s[tag=aj.tultaria.bone.right_arm] run data modify entity @s {} merge value {transformation:[-0.22598273865921276f,0.7354107327399227f,-0.6388292854894895f,-0.31245871928211233f,0.9643984681033688f,0.26136992230940514f,-0.04026609531418485f,1.5f,0.13735864205778042f,-0.6251854267998457f,-0.7682940749277827f,0.14329553811819165f,0f,0f,0f,1f],start_interpolation:0}
execute if entity @s[tag=aj.tultaria.locator_origin.locator_left_hand] at @s on origin run tp @s ^1.02816 ^1.38509 ^-0.04754 ~19.88387 ~-9.55405
execute if entity @s[tag=aj.tultaria.bone.left_ring] run data modify entity @s {} merge value {transformation:[0.3598527809069476f,-0.9078752139506392f,0.2151013062898905f,0.7649640366364899f,-0.06426152534575857f,0.20588089991720254f,0.976464802954781f,1.4128528663931368f,-0.9307934424101693f,-0.36520631284708616f,0.015745368298755336f,-0.1477031238735073f,0f,0f,0f,1f],start_interpolation:0}
execute if entity @s[tag=aj.tultaria.bone.left_hand] run data modify entity @s {} merge value {transformation:[-0.2515378170184082f,-0.9078752139506392f,0.33539726072777437f,0.6545520276499314f,-0.9643984681033688f,0.20588089991720254f,-0.16597785927393552f,1.4294613326982681f,0.08163529463099448f,-0.36520631284708616f,-0.9273402976939734f,-0.29170476316467453f,0f,0f,0f,1f],start_interpolation:0}
execute if entity @s[tag=aj.tultaria.bone.left_arm] run data modify entity @s {} merge value {transformation:[-0.2515378170184082f,-0.9536052772415909f,-0.1654258197096272f,0.31245871928211233f,-0.9643984681033688f,0.26136992230940514f,-0.04026609531418485f,1.53125f,0.08163529463099448f,0.14940796139752333f,-0.9853998882390576f,-0.14329553811819165f,0f,0f,0f,1f],start_interpolation:0}
execute if entity @s[tag=aj.tultaria.bone.leftfoot] run data modify entity @s {} merge value {transformation:[-0.9089708197297813f,-0.14405050072545983f,-0.3911796289692417f,0.29808320761479795f,0f,0.9383962628847957f,-0.3455610710190738f,0.6655328469787266f,0.4168597472529212f,-0.3141049299909087f,-0.852974820305756f,0.3501152090963437f,0f,0f,0f,1f],start_interpolation:0}
execute if entity @s[tag=aj.tultaria.bone.leftleg] run data modify entity @s {} merge value {transformation:[-0.9089708197297813f,-0.2827832723535063f,-0.3062771126885128f,0.13343247240930267f,0f,0.7347246039150079f,-0.6783655035465281f,0.8537803229928878f,0.4168597472529212f,-0.6166144478350936f,-0.6678432254962636f,-0.008908934479805897f,0f,0f,0f,1f],start_interpolation:0}
execute if entity @s[tag=aj.tultaria.bone.rightfoot] run data modify entity @s {} merge value {transformation:[-0.9089708197297813f,-0.14405050072545972f,-0.39117962896924174f,0.08833745038822277f,0f,0.9383962628847958f,-0.3455610710190737f,0.8310141504764508f,0.4168597472529212f,-0.3141049299909086f,-0.8529748203057562f,0.4924825820797288f,0f,0f,0f,1f],start_interpolation:0}
execute if entity @s[tag=aj.tultaria.bone.rightleg] run data modify entity @s {} merge value {transformation:[-0.9089708197297813f,-0.3784648542024787f,-0.17474668240989816f,-0.09381023252314266f,0f,0.41919778429428f,-0.9078949375576264f,0.8537803229928878f,0.4168597472529212f,-0.8252500056202743f,-0.3810385536188797f,0.0953060023334244f,0f,0f,0f,1f],start_interpolation:0}
execute if entity @s[tag=aj.tultaria.bone.skirt_right_back] run data modify entity @s {} merge value {transformation:[-0.9089708197297813f,-0.3084010058705726f,-0.28046544966856146f,-0.18980800759470848f,0f,0.6728053056617018f,-0.73981958657058f,0.7398279661640882f,0.4168597472529212f,-0.6724744160572079f,-0.6115603902058632f,-0.0015711285605164438f,0f,0f,0f,1f],start_interpolation:0}
execute if entity @s[tag=aj.tultaria.bone.skirt_right] run data modify entity @s {} merge value {transformation:[-0.9089708197297813f,-0.361794504272451f,-0.20706710399776385f,-0.13736356619486487f,0f,0.4967308677854426f,-0.8679046289709031f,0.9528804638255646f,0.4168597472529212f,-0.7888999820429535f,-0.45151386407601934f,0.18775026169020237f,0f,0f,0f,1f],start_interpolation:0}
execute if entity @s[tag=aj.tultaria.bone.skirt_left_back] run data modify entity @s {} merge value {transformation:[-0.9089708197297813f,-0.22530269655644647f,-0.3507288750647188f,0.09968609873806475f,0f,0.8413594197472877f,-0.5404760187117531f,0.8080104536977915f,0.4168597472529212f,-0.49127692977271087f,-0.7647711614550652f,-0.19494145369016058f,0f,0f,0f,1f],start_interpolation:0}
execute if entity @s[tag=aj.tultaria.bone.skirt_left] run data modify entity @s {} merge value {transformation:[-0.9089708197297813f,-0.2827832723535063f,-0.3062771126885128f,0.23190582932035878f,0f,0.7347246039150079f,-0.6783655035465281f,0.9528804638255646f,0.4168597472529212f,-0.6166144478350936f,-0.6678432254962636f,0.01840098936870313f,0f,0f,0f,1f],start_interpolation:0}
execute if entity @s[tag=aj.tultaria.bone.skirt_back_middle] run data modify entity @s {} merge value {transformation:[-0.9089708197297813f,-0.25501338738462154f,-0.3297578219457277f,-0.03740094135995939f,0f,0.7910522042936754f,-0.611748649432197f,0.8504082976694496f,0.4168597472529212f,-0.5560616713429707f,-0.7190433705858726f,-0.08155348303754825f,0f,0f,0f,1f],start_interpolation:0}
execute if entity @s[tag=aj.tultaria.bone.skirt_front_middle] run data modify entity @s {} merge value {transformation:[-0.9089708197297813f,-0.3084010058705726f,-0.2804654496685614f,0.05831065635520087f,0f,0.6728053056617018f,-0.73981958657058f,1.0623975175277396f,0.4168597472529212f,-0.672474416057208f,-0.6115603902058632f,0.12714752493003412f,0f,0f,0f,1f],start_interpolation:0}
execute if entity @s[tag=aj.tultaria.bone.lower] run data modify entity @s {} merge value {transformation:[-0.9089708197297813f,-0.2827832723535063f,-0.3062771126885128f,0f,0f,0.7347246039150079f,-0.6783655035465281f,0.9375f,0.4168597472529212f,-0.6166144478350936f,-0.6678432254962636f,0f,0f,0f,0f,1f],start_interpolation:0}