execute if entity @s[tag=aj.tultaria.bone.head] run data modify entity @s {} merge value {transformation:[-0.914824091237439f,-0.10967630679247918f,0.38867465806244145f,0f,0f,0.9624172439220946f,0.2715751251521379f,1.625f,-0.40385254993820924f,0.24844346706999829f,-0.8804424805622709f,0f,0f,0f,0f,1f],start_interpolation:0}
execute if entity @s[tag=aj.tultaria.bone.bust] run data modify entity @s {} merge value {transformation:[-0.9522910321586782f,0.15259569953815824f,0.2643035046166048f,-0.021935631808610245f,0f,0.8660254037844387f,-0.49999999999999994f,1.515625f,-0.30519139907631654f,-0.476145516079339f,-0.8247082256455192f,0.06844591793640509f,0f,0f,0f,1f],start_interpolation:0}
execute if entity @s[tag=aj.tultaria.bone.left_wing] run data modify entity @s {} merge value {transformation:[-0.996593885732279f,0f,-0.08246591369188416f,0.09766711439445697f,0f,1f,0f,1.40625f,0.08246591369188416f,0f,-0.996593885732279f,-0.09996191657756492f,0f,0f,0f,1f],start_interpolation:0}
execute if entity @s[tag=aj.tultaria.bone.right_wing] run data modify entity @s {} merge value {transformation:[-0.7630105014786216f,0f,0.6463860879020699f,-0.021369264625377804f,0f,1f,0f,1.40625f,-0.6463860879020699f,0f,-0.7630105014786216f,-0.1381108414621045f,0f,0f,0f,1f],start_interpolation:0}
execute if entity @s[tag=aj.tultaria.bone.body] run data modify entity @s {} merge value {transformation:[-0.9522910321586782f,0f,0.30519139907631654f,0.3235498165411808f,0f,1f,0f,0.34375f,-0.30519139907631654f,0f,-0.9522910321586782f,0.6287412156174974f,0f,0f,0f,1f],start_interpolation:0}
execute if entity @s[tag=aj.tultaria.locator_origin.locator_right_hand] at @s on origin run tp @s ^-1.04661 ^1.39598 ^-0.22491 ~1.1247 ~-4.60904
execute if entity @s[tag=aj.tultaria.bone.right_ring] run data modify entity @s {} merge value {transformation:[0.1716469093147186f,0.9849642367125423f,-0.019565043316687215f,-0.7642284077476771f,-0.9816958557929863f,0.17267350852118785f,0.08035612094830803f,1.413869905929029f,0.08252627000889234f,0.005414042137105279f,0.9965741833431956f,-0.22080882293126763f,0f,0f,0f,1f],start_interpolation:0}
execute if entity @s[tag=aj.tultaria.locator_origin.locator_sword] at @s on origin run tp @s ^-0.98475 ^1.40552 ^-0.24013 ~1.1247 ~-4.60904
execute if entity @s[tag=aj.tultaria.bone.sword] run data modify entity @s {} merge value {transformation:[-0.0000017164690931471862f,0.000009849642367125424f,1.956504331668724e-7f,-0.9847475966428074f,0.000009816958557929865f,0.0000017267350852118785f,-8.035612094830817e-7f,1.4055200070437326f,-8.252627000889248e-7f,5.41404213710528e-8f,-0.000009965741833431957f,-0.24014356220127475f,0f,0f,0f,1f],start_interpolation:0}
execute if entity @s[tag=aj.tultaria.bone.right_hand] run data modify entity @s {} merge value {transformation:[-0.1716469093147186f,0.9849642367125423f,0.019565043316687236f,-0.6084935229504029f,0.9816958557929863f,0.17267350852118785f,-0.08035612094830816f,1.4333167552965607f,-0.08252627000889247f,0.005414042137105279f,-0.9965741833431956f,-0.31339170853576953f,0f,0f,0f,1f],start_interpolation:0}
execute if entity @s[tag=aj.tultaria.bone.right_arm] run data modify entity @s {} merge value {transformation:[-0.1716469093147186f,0.9164519084166793f,0.36145987063867985f,-0.3273500423045456f,0.9816958557929863f,0.18985021076047592f,-0.01517050404827518f,1.5f,-0.08252627000889247f,0.3522396869088281f,-0.9322642424360114f,-0.1049095434324838f,0f,0f,0f,1f],start_interpolation:0}
execute if entity @s[tag=aj.tultaria.locator_origin.locator_left_hand] at @s on origin run tp @s ^1.01197 ^1.42132 ^0.43314 ~34.43403 ~-4.61243
execute if entity @s[tag=aj.tultaria.bone.left_ring] run data modify entity @s {} merge value {transformation:[0.1876412986385006f,-0.8044356975293492f,-0.5636257194146896f,0.7798594095877563f,0.9816958557929863f,0.17264599675677444f,0.08041521325430724f,1.439196925459641f,0.032618855959903166f,-0.5683982480130716f,0.8221067095526818f,0.2722568125358363f,0f,0f,0f,1f],start_interpolation:0}
execute if entity @s[tag=aj.tultaria.bone.left_hand] run data modify entity @s {} merge value {transformation:[-0.18764129863850054f,-0.8044356975293492f,0.5636257194146896f,0.7070062430439227f,-0.9816958557929863f,0.17264599675677444f,-0.08041521325430712f,1.4586339362102958f,-0.03261885595990327f,-0.5683982480130716f,-0.8221067095526818f,0.1063720822632299f,0f,0f,0f,1f],start_interpolation:0}
execute if entity @s[tag=aj.tultaria.bone.left_arm] run data modify entity @s {} merge value {transformation:[-0.18764129863850054f,-0.9504755336303039f,0.2477640066988061f,0.3273500423045456f,-0.9816958557929863f,0.18985021076047592f,-0.01517050404827518f,1.53125f,-0.03261885595990327f,-0.24607551167150263f,-0.9687016324913854f,0.1049095434324838f,0f,0f,0f,1f],start_interpolation:0}
execute if entity @s[tag=aj.tultaria.bone.leftfoot] run data modify entity @s {} merge value {transformation:[-0.9522910321586782f,0.07399167716081982f,0.2960861728975004f,-0.00628278508900211f,0f,0.9701655216812344f,-0.24244352031138783f,0.6194392421584466f,-0.30519139907631654f,-0.2308767901975151f,-0.9238799260065853f,0.4291832610409942f,0f,0f,0f,1f],start_interpolation:0}
execute if entity @s[tag=aj.tultaria.bone.leftleg] run data modify entity @s {} merge value {transformation:[-0.9522910321586782f,0.18166666902532316f,0.24523256601724658f,0.107369591180338f,0f,0.8035369501219902f,-0.5952548780049184f,0.8491472104697059f,-0.30519139907631654f,-0.5668558821727918f,-0.7652010316093064f,0.07455289127178523f,0f,0f,0f,1f],start_interpolation:0}
execute if entity @s[tag=aj.tultaria.bone.rightfoot] run data modify entity @s {} merge value {transformation:[-0.9522910321586782f,0.07399167716081977f,0.2960861728975004f,-0.26253225342993425f,0f,0.9701655216812344f,-0.24244352031138772f,0.7794349008470594f,-0.30519139907631654f,-0.2308767901975149f,-0.9238799260065853f,0.4096023379822586f,0f,0f,0f,1f],start_interpolation:0}
execute if entity @s[tag=aj.tultaria.bone.rightleg] run data modify entity @s {} merge value {transformation:[-0.9522910321586782f,0.2616845573431766f,0.15704452399961363f,-0.13070316685933156f,0f,0.5145771619872646f,-0.8574440765211061f,0.8491472104697059f,-0.30519139907631654f,-0.8165363046486289f,-0.49002721671413557f,-0.0017449584972939122f,0f,0f,0f,1f],start_interpolation:0}
execute if entity @s[tag=aj.tultaria.bone.skirt_right_back] run data modify entity @s {} merge value {transformation:[-0.9522910321586782f,0.2023487989401621f,0.22846608859442f,-0.13273460624209582f,0f,0.7485993684156527f,-0.6630226131948185f,0.7496575461515342f,-0.30519139907631654f,-0.6313904886638376f,-0.7128844652218767f,-0.14899838251066772f,0f,0f,0f,1f],start_interpolation:0}
execute if entity @s[tag=aj.tultaria.bone.skirt_right] run data modify entity @s {} merge value {transformation:[-0.9522910321586782f,0.24700143646411915f,0.1792542341335937f,-0.2283465441261352f,0f,0.5873502158845871f,-0.8093328881865168f,0.9405730324612054f,-0.30519139907631654f,-0.7707204514511021f,-0.559328343323356f,0.04694551104358516f,0f,0f,0f,1f],start_interpolation:0}
execute if entity @s[tag=aj.tultaria.bone.skirt_left_back] run data modify entity @s {} merge value {transformation:[-0.9522910321586782f,0.13632255592656092f,0.2730530183239313f,0.2090884189398024f,0f,0.8946943431248249f,-0.44667889180085296f,0.8233786574049464f,-0.30519139907631654f,-0.4253683029165289f,-0.8520093994808701f,-0.08924899707871309f,0f,0f,0f,1f],start_interpolation:0}
execute if entity @s[tag=aj.tultaria.bone.skirt_left] run data modify entity @s {} merge value {transformation:[-0.9522910321586782f,0.18166666902532316f,0.24523256601724658f,0.1585216876883278f,0f,0.8035369501219902f,-0.5952548780049184f,0.9405730324612054f,-0.30519139907631654f,-0.5668558821727918f,-0.7652010316093064f,0.17092951691833874f,0f,0f,0f,1f],start_interpolation:0}
execute if entity @s[tag=aj.tultaria.bone.skirt_back_middle] run data modify entity @s {} merge value {transformation:[-0.9522910321586782f,0.15960194606586764f,0.26013267553721003f,0.030086362411451677f,0f,0.8523591304490233f,-0.5229568937686785f,0.8605820872802539f,-0.30519139907631654f,-0.49800716014147106f,-0.8116939561051739f,-0.09387870431937331f,0f,0f,0f,1f],start_interpolation:0}
execute if entity @s[tag=aj.tultaria.bone.skirt_front_middle] run data modify entity @s {} merge value {transformation:[-0.9522910321586782f,0.2023487989401621f,0.22846608859441997f,-0.04654881446893788f,0f,0.7485993684156528f,-0.6630226131948186f,1.0465992366567909f,-0.30519139907631654f,-0.6313904886638377f,-0.7128844652218767f,0.14524661805853495f,0f,0f,0f,1f],start_interpolation:0}
execute if entity @s[tag=aj.tultaria.bone.lower] run data modify entity @s {} merge value {transformation:[-0.9522910321586782f,0.18166666902532316f,0.24523256601724658f,0f,0f,0.8035369501219902f,-0.5952548780049184f,0.9375f,-0.30519139907631654f,-0.5668558821727918f,-0.7652010316093064f,0f,0f,0f,0f,1f],start_interpolation:0}