execute if entity @s[tag=aj.tultaria.bone.head] run data modify entity @s {} merge value {transformation:[-0.9330871930418208f,-0.08785933808457053f,0.3487535331615681f,0f,0f,0.9697019521959042f,0.2442910639124001f,1.625f,-0.3596502331173106f,0.22794486311122145f,-0.9048164726616502f,0f,0f,0f,0f,1f],start_interpolation:0}
execute if entity @s[tag=aj.tultaria.bone.bust] run data modify entity @s {} merge value {transformation:[-0.9822815294180081f,0.09370565212971285f,0.16230295044503748f,-0.013470187493646257f,0f,0.8660254037844387f,-0.49999999999999994f,1.515625f,-0.18741130425942573f,-0.491140764709004f,-0.8506807581442264f,0.07060148492691931f,0f,0f,0f,1f],start_interpolation:0}
execute if entity @s[tag=aj.tultaria.bone.left_wing] run data modify entity @s {} merge value {transformation:[-0.9792290013711963f,0f,-0.2027573990599844f,0.08481900862105374f,0f,1f,0f,1.40625f,0.2027573990599844f,0f,-0.9792290013711963f,-0.11107198466103696f,0f,0f,0f,1f],start_interpolation:0}
execute if entity @s[tag=aj.tultaria.bone.right_wing] run data modify entity @s {} merge value {transformation:[-0.8357905990151658f,0f,0.549048335393042f,-0.037966182556197325f,0f,1f,0f,1.40625f,-0.549048335393042f,0f,-0.8357905990151658f,-0.13449839769346517f,0f,0f,0f,1f],start_interpolation:0}
execute if entity @s[tag=aj.tultaria.bone.body] run data modify entity @s {} merge value {transformation:[-0.9822815294180081f,0f,0.18741130425942573f,0.39743511257929115f,0f,1f,0f,0.34375f,-0.18741130425942573f,0f,-0.9822815294180081f,0.5848464168387169f,0f,0f,0f,1f],start_interpolation:0}
execute if entity @s[tag=aj.tultaria.bone.right_ring] run data modify entity @s {} merge value {transformation:[0.26043356014869845f,0.9648262733624956f,0.0358416374864929f,-0.7842607869629176f,-0.7404309899700394f,0.1757632683526253f,0.6487443430119377f,1.4117589752322213f,0.6196259434854724f,-0.19549305800319847f,0.7601619264553419f,-0.09780209909621129f,0f,0f,0f,1f],start_interpolation:0}
execute if entity @s[tag=aj.tultaria.bone.sword] run data modify entity @s {} merge value {transformation:[-0.0000018962799013329356f,0.000009648262733624956f,-0.0000018207549969022856f,-1.0040873386352887f,0.000009803436113782146f,0.000001757632683526253f,-8.963078225656271e-7f,1.402546017162895f,-5.447594871067271e-7f,-0.000001954930580031985f,-0.000009791909084977406f,-0.07204022400049734f,0f,0f,0f,1f],start_interpolation:0}
execute if entity @s[tag=aj.tultaria.bone.right_hand] run data modify entity @s {} merge value {transformation:[-0.18962799013329354f,0.9648262733624956f,-0.18207549969022854f,-0.6505762598459865f,0.9803436113782145f,0.1757632683526253f,-0.08963078225656271f,1.4308191000757662f,-0.0544759487106727f,-0.19549305800319847f,-0.9791909084977405f,-0.2201470370808742f,0f,0f,0f,1f],start_interpolation:0}
execute if entity @s[tag=aj.tultaria.bone.right_arm] run data modify entity @s {} merge value {transformation:[-0.18962799013329354f,0.962802012637806f,0.1924928825141277f,-0.33765927573744026f,0.9803436113782145f,0.1965389947328262f,-0.017286618504798602f,1.5f,-0.0544759487106727f,0.18543114088523635f,-0.9811460966655638f,-0.0644226358391776f,0f,0f,0f,1f],start_interpolation:0}
execute if entity @s[tag=aj.tultaria.bone.left_ring] run data modify entity @s {} merge value {transformation:[-0.15269892227100876f,-0.824910968639707f,-0.5442471248938048f,0.7952367276724992f,0.8458301135157934f,0.1757356517245693f,-0.5036748949300542f,1.4368765218800597f,0.5111305686486896f,-0.5372512210603538f,0.6708998936220114f,0.20353336972793362f,0f,0f,0f,1f],start_interpolation:0}
execute if entity @s[tag=aj.tultaria.bone.left_hand] run data modify entity @s {} merge value {transformation:[-0.1963644104751728f,-0.824910968639707f,0.5300593477306462f,0.716037452672293f,-0.9803436113782145f,0.1757356517245693f,-0.08968491703102162f,1.4559272564903654f,-0.019168253145713392f,-0.5372512210603538f,-0.8432044257121168f,0.040537451526742374f,0f,0f,0f,1f],start_interpolation:0}
execute if entity @s[tag=aj.tultaria.bone.left_arm] run data modify entity @s {} merge value {transformation:[-0.1963644104751728f,-0.9634413114801418f,0.1822686413845296f,0.33765927573744026f,-0.9803436113782145f,0.1965389947328262f,-0.017286618504798602f,1.53125f,-0.019168253145713392f,-0.1820803747877144f,-0.9830967984835f,0.0644226358391776f,0f,0f,0f,1f],start_interpolation:0}
execute if entity @s[tag=aj.tultaria.bone.leftfoot] run data modify entity @s {} merge value {transformation:[-0.9822815294180081f,0.016346212173488306f,0.18669707633436136f,0.05613516726679285f,0f,0.9961889816204699f,-0.08722105765221572f,0.558951298396241f,-0.18741130425942573f,-0.08567563390807476f,-0.978538036455523f,0.37276012948682885f,0f,0f,0f,1f],start_interpolation:0}
execute if entity @s[tag=aj.tultaria.bone.leftleg] run data modify entity @s {} merge value {transformation:[-0.9822815294180081f,0.08654780884533325f,0.16623018302429526f,0.11830761935165747f,0f,0.8869805569155512f,-0.46180676873967375f,0.8442435497229868f,-0.18741130425942573f,-0.4536242590931951f,-0.8712646180110442f,0.04689477380342367f,0f,0f,0f,1f],start_interpolation:0}
execute if entity @s[tag=aj.tultaria.bone.rightfoot] run data modify entity @s {} merge value {transformation:[-0.9822815294180081f,0.016346212173488278f,0.18669707633436136f,-0.2051635513375214f,0f,0.9961889816204698f,-0.08722105765221555f,0.707620558068125f,-0.18741130425942573f,-0.08567563390807453f,-0.9785380364555231f,0.40834445548020654f,0f,0f,0f,1f],start_interpolation:0}
execute if entity @s[tag=aj.tultaria.bone.rightleg] run data modify entity @s {} merge value {transformation:[-0.9822815294180081f,0.14357328617831708f,0.12045625122914175f,-0.12726276300284456f,0f,0.6427373829190106f,-0.7660865855752996f,0.8442435497229868f,-0.18741130425942573f,-0.7525127029455251f,-0.6313490595078137f,0.00004194773856723219f,0f,0f,0f,1f],start_interpolation:0}
execute if entity @s[tag=aj.tultaria.bone.skirt_right_back] run data modify entity @s {} merge value {transformation:[-0.9822815294180081f,0.10070638337174045f,0.15805448842852607f,-0.14454163554939178f,0f,0.8433562161743337f,-0.5373549038020501f,0.7678907408200196f,-0.18741130425942573f,-0.5278337967469444f,-0.8284132338679087f,-0.1595123692569873f,0f,0f,0f,1f],start_interpolation:0}
execute if entity @s[tag=aj.tultaria.bone.skirt_right] run data modify entity @s {} merge value {transformation:[-0.9822815294180081f,0.132528492433974f,0.13251111522207162f,-0.22078971527703556f,0f,0.7070604185041152f,-0.7071531408293295f,0.9225862855217614f,-0.18741130425942573f,-0.6946234687065818f,-0.6945323892791591f,0.07338222876383049f,0f,0f,0f,1f],start_interpolation:0}
execute if entity @s[tag=aj.tultaria.bone.skirt_left_back] run data modify entity @s {} merge value {transformation:[-0.9822815294180081f,0.05636738480169358f,0.17873364231402228f,0.19972733528313386f,0f,0.9536972330474188f,-0.3007683289139621f,0.84813941662095f,-0.18741130425942573f,-0.29543917412610515f,-0.9367991766795409f,-0.1297332221478157f,0f,0f,0f,1f],start_interpolation:0}
execute if entity @s[tag=aj.tultaria.bone.skirt_left] run data modify entity @s {} merge value {transformation:[-0.9822815294180081f,0.08654780884533325f,0.16623018302429526f,0.17826215604903023f,0f,0.8869805569155512f,-0.46180676873967375f,0.9225862855217614f,-0.18741130425942573f,-0.4536242590931951f,-0.8712646180110442f,0.1495180711192222f,0f,0f,0f,1f],start_interpolation:0}
execute if entity @s[tag=aj.tultaria.bone.skirt_back_middle] run data modify entity @s {} merge value {transformation:[-0.9822815294180081f,0.07173055323461724f,0.17314076555472077f,0.02050831097539524f,0f,0.9238544400451382f,-0.38274400532063746f,0.8770023396671797f,-0.18741130425942573f,-0.37596236692193f,-0.9074851523271557f,-0.10749050144171426f,0f,0f,0f,1f],start_interpolation:0}
execute if entity @s[tag=aj.tultaria.bone.skirt_front_middle] run data modify entity @s {} merge value {transformation:[-0.9822815294180081f,0.10070638337174048f,0.15805448842852607f,-0.03143862121969703f,0f,0.8433562161743337f,-0.5373549038020502f,1.0213169548983276f,-0.18741130425942573f,-0.5278337967469445f,-0.8284132338679087f,0.16477969168673703f,0f,0f,0f,1f],start_interpolation:0}
execute if entity @s[tag=aj.tultaria.bone.lower] run data modify entity @s {} merge value {transformation:[-0.9822815294180081f,0.08654780884533325f,0.16623018302429526f,0f,0f,0.8869805569155512f,-0.46180676873967375f,0.9375f,-0.18741130425942573f,-0.4536242590931951f,-0.8712646180110442f,0f,0f,0f,0f,1f],start_interpolation:0}