execute if entity @s[tag=aj.tultaria.bone.head] run data modify entity @s {} merge value {transformation:[-0.9333242190903486f,-0.10504469838381517f,0.34332421033309674f,0f,-1.734723475976807e-18f,0.956242470816082f,0.292575352700043f,1.625f,-0.35903468085881496f,0.2730676625838509f,-0.8924842573354451f,0f,0f,0f,0f,1f],start_interpolation:0}
execute if entity @s[tag=aj.tultaria.bone.bust] run data modify entity @s {} merge value {transformation:[-0.9538627664049012f,0.1501214698722246f,0.26001801312561357f,-0.02157996129413231f,0f,0.8660254037844387f,-0.49999999999999994f,1.515625f,-0.30024293974444927f,-0.47693138320245054f,-0.8260693874307463f,0.06855888633535234f,0f,0f,0f,1f],start_interpolation:0}
execute if entity @s[tag=aj.tultaria.bone.left_wing] run data modify entity @s {} merge value {transformation:[-0.9961522854308735f,0f,-0.0876391706421712f,0.09714679036836249f,0f,1f,0f,1.40625f,0.0876391706421712f,0f,-0.9961522854308735f,-0.10046766206658453f,0f,0f,0f,1f],start_interpolation:0}
execute if entity @s[tag=aj.tultaria.bone.right_wing] run data modify entity @s {} merge value {transformation:[-0.7663562879812922f,0f,0.6424157842640036f,-0.022086055432250118f,0f,1f,0f,1.40625f,-0.6424157842640036f,0f,-0.7663562879812922f,-0.13799802953464058f,0f,0f,0f,1f],start_interpolation:0}
execute if entity @s[tag=aj.tultaria.bone.body] run data modify entity @s {} merge value {transformation:[-0.9538627664049012f,0f,0.30024293974444927f,0.32680991333022597f,0f,1f,0f,0.34375f,-0.30024293974444927f,0f,-0.9538627664049012f,0.6270528530746753f,0f,0f,0f,1f],start_interpolation:0}
execute if entity @s[tag=aj.tultaria.bone.right_ring] run data modify entity @s {} merge value {transformation:[0.20340840894058937f,0.97863814886007f,0.029872943745037336f,-0.7603249836646524f,-0.922938738568651f,0.20183714794570018f,-0.32778933868942983f,1.4011505751372817f,-0.3268166213973306f,0.03910421083312804f,0.9442784317528135f,-0.23083035599273083f,0f,0f,0f,1f],start_interpolation:0}
execute if entity @s[tag=aj.tultaria.bone.sword] run data modify entity @s {} merge value {transformation:[-0.0000019797324889163274f,0.0000097863814886007f,5.544336136119305e-7f,-0.9797224402343874f,0.000009764704275563583f,0.000002018371479457002f,-7.594254286662571e-7f,1.386326797653005f,-8.551079950038716e-7f,3.910421083312804e-7f,-0.000009955695675661863f,-0.2576123890900864f,0f,0f,0f,1f],start_interpolation:0}
execute if entity @s[tag=aj.tultaria.bone.right_hand] run data modify entity @s {} merge value {transformation:[-0.19797324889163273f,0.97863814886007f,0.055443361361193044f,-0.6022149577776545f,0.9764704275563582f,0.20183714794570018f,-0.0759425428666257f,1.4255680161100512f,-0.08551079950038716f,0.03910421083312804f,-0.9955695675661862f,-0.31805497000938454f,0f,0f,0f,1f],start_interpolation:0}
execute if entity @s[tag=aj.tultaria.bone.right_arm] run data modify entity @s {} merge value {transformation:[-0.19797324889163273f,0.9024095527034118f,0.3827056204354992f,-0.32789032595168477f,0.9764704275563582f,0.21562590075148724f,-0.0033128587373325094f,1.5f,-0.08551079950038716f,0.37304486340752446f,-0.9238644018761986f,-0.10320851053715444f,0f,0f,0f,1f],start_interpolation:0}
execute if entity @s[tag=aj.tultaria.bone.left_ring] run data modify entity @s {} merge value {transformation:[0.4065201811346445f,-0.8244842441900945f,-0.3936585746716884f,0.7852193882237621f,0.8611440270176843f,0.2018209711182766f,0.46658253326570476f,1.4256688227674286f,-0.30524139146259727f,-0.5286719462002548f,0.792043979990261f,0.2529006062058372f,0f,0f,0f,1f],start_interpolation:0}
execute if entity @s[tag=aj.tultaria.bone.left_hand] run data modify entity @s {} merge value {transformation:[-0.21125929773563515f,-0.8244842441900945f,0.5249716565706529f,0.7056098178725586f,-0.9764704275563582f,0.2018209711182766f,-0.07598552312631345f,1.4500797067115674f,-0.043301422934472075f,-0.5286719462002548f,-0.8477210390645529f,0.09082176719974552f,0f,0f,0f,1f],start_interpolation:0}
execute if entity @s[tag=aj.tultaria.bone.left_arm] run data modify entity @s {} merge value {transformation:[-0.21125929773563515f,-0.9533857048136837f,0.21546509456791946f,0.32789032595168477f,-0.9764704275563582f,0.21562590075148724f,-0.0033128587373325094f,1.53125f,-0.043301422934472075f,-0.21109516522655375f,-0.97650592317191f,0.10320851053715444f,0f,0f,0f,1f],start_interpolation:0}
execute if entity @s[tag=aj.tultaria.bone.leftfoot] run data modify entity @s {} merge value {transformation:[-0.9538627664049012f,0.0991759011001172f,0.2833901259877781f,-0.012285866481755572f,0f,0.943869408649491f,-0.3303188450810215f,0.6584023676762102f,-0.30024293974444927f,-0.31507884736465513f,-0.9003218852593616f,0.45536135073263195f,0f,0f,0f,1f],start_interpolation:0}
execute if entity @s[tag=aj.tultaria.bone.leftleg] run data modify entity @s {} merge value {transformation:[-0.9538627664049012f,0.20007529125614004f,0.22386536287500955f,0.10537284205824037f,0f,0.7456140786043188f,-0.6663780051795171f,0.8530216612675432f,-0.30024293974444927f,-0.6356331674919137f,-0.711213507687957f,0.08156318143974901f,0f,0f,0f,1f],start_interpolation:0}
execute if entity @s[tag=aj.tultaria.bone.rightfoot] run data modify entity @s {} merge value {transformation:[-0.9538627664049012f,0.09917590110011718f,0.28339012598777813f,-0.2641566895316748f,0f,0.943869408649491f,-0.33031884508102144f,0.8231822322440577f,-0.30024293974444927f,-0.3150788473646551f,-0.9003218852593617f,0.42288831420686634f,0f,0f,0f,1f],start_interpolation:0}
execute if entity @s[tag=aj.tultaria.bone.rightleg] run data modify entity @s {} merge value {transformation:[-0.9538627664049012f,0.2705150320054472f,0.1302591276090887f,-0.13309284954298495f,0f,0.43384576410009273f,-0.9009871547210906f,0.8530216612675432f,-0.30024293974444927f,-0.8594180998975403f,-0.4138293207375626f,0.006502446503636693f,0f,0f,0f,1f],start_interpolation:0}
execute if entity @s[tag=aj.tultaria.bone.skirt_right_back] run data modify entity @s {} merge value {transformation:[-0.9538627664049012f,0.21882509634537395f,0.20557577696758628f,-0.1388021962086628f,0f,0.6846981219360608f,-0.7288267845086588f,0.7411583834008945f,-0.30024293974444927f,-0.695200732901418f,-0.6531080447421714f,-0.13148270255723432f,0f,0f,0f,1f],start_interpolation:0}
execute if entity @s[tag=aj.tultaria.bone.skirt_right] run data modify entity @s {} merge value {transformation:[-0.9538627664049012f,0.25813280962151325f,0.15334039084107154f,-0.2278706931842119f,0f,0.5107210546618904f,-0.8597464767738487f,0.9510420140771713f,-0.30024293974444927f,-0.8200801527423706f,-0.48715779806101966f,0.04740284582681158f,0f,0f,0f,1f],start_interpolation:0}
execute if entity @s[tag=aj.tultaria.bone.skirt_left_back] run data modify entity @s {} merge value {transformation:[-0.9538627664049012f,0.15816188570923084f,0.25520705471300975f,0.2052946832297312f,0f,0.8500018516013345f,-0.5267796999451504f,0.810224080033202f,-0.30024293974444927f,-0.5024755418756248f,-0.8107851176177371f,-0.07976192377450247f,0f,0f,0f,1f],start_interpolation:0}
execute if entity @s[tag=aj.tultaria.bone.skirt_left] run data modify entity @s {} merge value {transformation:[-0.9538627664049012f,0.20007529125614004f,0.22386536287500955f,0.1596360556677792f,0f,0.7456140786043188f,-0.6663780051795171f,0.9510420140771713f,-0.30024293974444927f,-0.6356331674919137f,-0.711213507687957f,0.16937654009799408f,0f,0f,0f,1f],start_interpolation:0}
execute if entity @s[tag=aj.tultaria.bone.skirt_back_middle] run data modify entity @s {} merge value {transformation:[-0.9538627664049012f,0.179802792391683f,0.2404511981973521f,0.02735793507420075f,0f,0.8008554619203081f,-0.5988576868609184f,0.8518727053569218f,-0.30024293974444927f,-0.5712280498719957f,-0.76390620639778f,-0.08691533481258236f,0f,0f,0f,1f],start_interpolation:0}
execute if entity @s[tag=aj.tultaria.bone.skirt_front_middle] run data modify entity @s {} merge value {transformation:[-0.9538627664049012f,0.21882509634537395f,0.20557577696758628f,-0.042599990824239736f,0f,0.6846981219360608f,-0.7288267845086588f,1.0601158319755208f,-0.30024293974444927f,-0.695200732901418f,-0.6531080447421713f,0.1353388863399042f,0f,0f,0f,1f],start_interpolation:0}
execute if entity @s[tag=aj.tultaria.bone.lower] run data modify entity @s {} merge value {transformation:[-0.9538627664049012f,0.20007529125614004f,0.22386536287500955f,0f,0f,0.7456140786043188f,-0.6663780051795171f,0.9375f,-0.30024293974444927f,-0.6356331674919137f,-0.711213507687957f,0f,0f,0f,0f,1f],start_interpolation:0}