execute if entity @s[tag=aj.tultaria.bone.head] run data modify entity @s {} merge value {transformation:[-0.9999844406565617f,0.001099359313339543f,-0.005468990206965563f,0f,0f,0.9803884896071545f,0.19707462912765403f,1.625f,0.005578390877637673f,0.1970715627758164f,-0.9803732354059416f,0f,0f,0f,0f,1f],start_interpolation:0}
execute if entity @s[tag=aj.tultaria.bone.bust] run data modify entity @s {} merge value {transformation:[-0.936335486844869f,-0.17555330819652903f,-0.3040672492331862f,0.025235788053250996f,0f,0.8660254037844387f,-0.49999999999999994f,1.515625f,0.3511066163930581f,-0.46816774342243445f,-0.8108903180725267f,0.06729911311697503f,0f,0f,0f,1f],start_interpolation:0}
execute if entity @s[tag=aj.tultaria.bone.left_wing] run data modify entity @s {} merge value {transformation:[-0.7306985067725773f,0f,-0.68270029456587f,0.014632640878671999f,0f,1f,0f,1.40625f,0.68270029456587f,0f,-0.7306985067725773f,-0.1389860993801747f,0f,0f,0f,1f],start_interpolation:0}
execute if entity @s[tag=aj.tultaria.bone.right_wing] run data modify entity @s {} merge value {transformation:[-0.999423876947354f,0f,0.03393986133619353f,-0.10240929497693652f,0f,1f,0f,1.40625f,-0.03393986133619353f,0f,-0.999423876947354f,-0.09509777233104244f,0f,0f,0f,1f],start_interpolation:0}
execute if entity @s[tag=aj.tultaria.bone.body] run data modify entity @s {} merge value {transformation:[-0.936335486844869f,0f,-0.3511066163930581f,0.6437210516189635f,0f,1f,0f,0.34375f,0.3511066163930581f,0f,-0.936335486844869f,0.29261443522590547f,0f,0f,0f,1f],start_interpolation:0}
execute if entity @s[tag=aj.tultaria.locator_origin.locator_right_hand] at @s on origin run tp @s ^-0.79355 ^1.00182 ^0.37178 ~-36.41995 ~-5.3858
execute if entity @s[tag=aj.tultaria.bone.right_ring] run data modify entity @s {} merge value {transformation:[0.20659051007035362f,0.5270662470247959f,-0.824330960474049f,-0.6262343843592535f,0.43181526971590606f,0.7069006529981141f,0.5602026772794102f,1.1787304632427962f,0.8779840169325693f,-0.4716912528742044f,-0.08155628714521618f,0.2276033271784538f,0f,0f,0f,1f],start_interpolation:0}
execute if entity @s[tag=aj.tultaria.bone.sword] run data modify entity @s {} merge value {transformation:[-0.000006105962978613756f,0.000005270662470247959f,-0.000005910781101387358f,-0.7698468556750133f,0.000007010573846499779f,0.000007069006529981142f,-9.386165467629868e-7f,1.0445374003154533f,0.0000036836219196018933f,-0.000004716912528742044f,-0.000008011346063529199f,0.32977937901917753f,0f,0f,0f,1f],start_interpolation:0}
execute if entity @s[tag=aj.tultaria.bone.right_hand] run data modify entity @s {} merge value {transformation:[-0.6105962978613755f,0.5270662470247959f,-0.5910781101387357f,-0.5992938560871356f,0.7010573846499778f,0.7069006529981141f,-0.09386165467629867f,1.2803841601478485f,0.3683621919601893f,-0.4716912528742044f,-0.8011346063529198f,0.07879519957127315f,0f,0f,0f,1f],start_interpolation:0}
execute if entity @s[tag=aj.tultaria.bone.right_arm] run data modify entity @s {} merge value {transformation:[-0.6105962978613755f,0.7131415178875087f,-0.3443854475773948f,-0.32186532360292375f,0.7010573846499778f,0.6890103450028138f,0.1838023065873669f,1.5f,0.3683621919601893f,-0.12920495324949272f,-0.9206602932624394f,0.12069289938511372f,0f,0f,0f,1f],start_interpolation:0}
execute if entity @s[tag=aj.tultaria.locator_origin.locator_left_hand] at @s on origin run tp @s ^0.86187 ^1.01127 ^-0.25436 ~-4.79262 ~-5.28284
execute if entity @s[tag=aj.tultaria.bone.left_ring] run data modify entity @s {} merge value {transformation:[-0.2790781470772942f,-0.7070492634334895f,-0.6497666711228454f,0.6410671655139031f,-0.2707916695290195f,0.707135927307176f,-0.6531696961931919f,1.1882443841451953f,0.9212965101082226f,-0.00633398686296649f,-0.3888092348090891f,-0.25226765102106585f,0f,0f,0f,1f],start_interpolation:0}
execute if entity @s[tag=aj.tultaria.bone.left_hand] run data modify entity @s {} merge value {transformation:[-0.7022535172634798f,-0.7070492634334895f,-0.08319457055139609f,0.5227912271132269f,-0.7010573846499778f,0.707135927307176f,-0.09207238315126456f,1.2901025868665106f,0.12392958048345143f,-0.00633398686296649f,-0.9922707995762121f,-0.34628272392867426f,0f,0f,0f,1f],start_interpolation:0}
execute if entity @s[tag=aj.tultaria.bone.left_arm] run data modify entity @s {} merge value {transformation:[-0.7022535172634798f,-0.6222684387034803f,-0.34586411737068684f,0.32186532360292375f,-0.7010573846499778f,0.6890103450028138f,0.1838023065873669f,1.53125f,0.12392958048345143f,0.3715464098502856f,-0.9201058223968367f,-0.12069289938511372f,0f,0f,0f,1f],start_interpolation:0}
execute if entity @s[tag=aj.tultaria.bone.leftfoot] run data modify entity @s {} merge value {transformation:[-0.936335486844869f,0.07692789507900137f,-0.3425754734853273f,0.19570232183179082f,0f,0.9757021300385286f,0.21910124015686971f,0.46890269441244675f,0.3511066163930581f,0.20515226637059722f,-0.9135845289452014f,0.16588416757102348f,0f,0f,0f,1f],start_interpolation:0}
execute if entity @s[tag=aj.tultaria.bone.leftleg] run data modify entity @s {} merge value {transformation:[-0.936335486844869f,-0.06002585029479576f,-0.3459374992269107f,0.11510197652515705f,0f,0.9852776423889412f,-0.17096188876030124f,0.8413904297094051f,0.3511066163930581f,-0.160077683344295f,-0.9225504209636141f,-0.04906183469418367f,0f,0f,0f,1f],start_interpolation:0}
execute if entity @s[tag=aj.tultaria.bone.rightfoot] run data modify entity @s {} merge value {transformation:[-0.936335486844869f,0.07692789507900141f,-0.34257547348532735f,0.005531566432700585f,0f,0.9757021300385285f,0.21910124015686988f,0.5851057820583649f,0.3511066163930581f,0.20515226637059736f,-0.9135845289452014f,0.3707688658394398f,0f,0f,0f,1f],start_interpolation:0}
execute if entity @s[tag=aj.tultaria.bone.rightleg] run data modify entity @s {} merge value {transformation:[-0.936335486844869f,-0.18784120409689814f,-0.2966336766424364f,-0.1189818951860602f,0f,0.844853565249707f,-0.5349976198870972f,0.8413904297094051f,0.3511066163930581f,-0.5009372568778313f,-0.7910663743307078f,0.038714819404080864f,0f,0f,0f,1f],start_interpolation:0}
execute if entity @s[tag=aj.tultaria.bone.skirt_right_back] run data modify entity @s {} merge value {transformation:[-0.936335486844869f,-0.08994787350151318f,-0.3393895050344631f,-0.22235661191273492f,0f,0.9666280530997516f,-0.2561839318938326f,0.8151995174992651f,0.3511066163930581f,-0.23987410659164443f,-0.9050881486970639f,-0.10345970361270726f,0f,0f,0f,1f],start_interpolation:0}
execute if entity @s[tag=aj.tultaria.bone.skirt_right] run data modify entity @s {} merge value {transformation:[-0.936335486844869f,-0.16127308319275918f,-0.311876335608336f,-0.15382230878724515f,0f,0.888266757295156f,-0.4593279524308839f,0.8888688317895039f,0.3511066163930581f,-0.4300850619608285f,-0.8317156866400731f,0.1683127313896481f,0f,0f,0f,1f],start_interpolation:0}
execute if entity @s[tag=aj.tultaria.bone.skirt_left_back] run data modify entity @s {} merge value {transformation:[-0.936335486844869f,0.0009574935759431649f,-0.3511053108129156f,0.09625696147858734f,0f,0.9999962815279417f,0.0027270735760537845f,0.9023656532249781f,0.3511066163930581f,0.0025534557644960876f,-0.9363320051075241f,-0.23282441086278358f,0f,0f,0f,1f],start_interpolation:0}
execute if entity @s[tag=aj.tultaria.bone.skirt_left] run data modify entity @s {} merge value {transformation:[-0.936335486844869f,-0.06002585029479576f,-0.3459374992269107f,0.22656398274348286f,0f,0.9852776423889412f,-0.17096188876030124f,0.8888688317895039f,0.3511066163930581f,-0.160077683344295f,-0.9225504209636141f,0.025675668479968244f,0f,0f,0f,1f],start_interpolation:0}
execute if entity @s[tag=aj.tultaria.bone.skirt_back_middle] run data modify entity @s {} merge value {transformation:[-0.936335486844869f,-0.02964699412273555f,-0.3498527001674684f,-0.04305460662119259f,0f,0.9964286738926447f,-0.08443872242369316f,0.9130507712724969f,0.3511066163930581f,-0.0790629722691475f,-0.9329915274754567f,-0.11481855986000081f,0f,0f,0f,1f],start_interpolation:0}
execute if entity @s[tag=aj.tultaria.bone.skirt_front_middle] run data modify entity @s {} merge value {transformation:[-0.936335486844869f,-0.0899478735015132f,-0.3393895050344631f,0.065050861887217f,0f,0.9666280530997515f,-0.2561839318938326f,0.9664763615100911f,0.3511066163930581f,-0.23987410659164454f,-0.9050881486970638f,0.17347844669112855f,0f,0f,0f,1f],start_interpolation:0}
execute if entity @s[tag=aj.tultaria.bone.lower] run data modify entity @s {} merge value {transformation:[-0.936335486844869f,-0.06002585029479576f,-0.3459374992269107f,0f,0f,0.9852776423889412f,-0.17096188876030124f,0.9375f,0.3511066163930581f,-0.160077683344295f,-0.9225504209636141f,0f,0f,0f,0f,1f],start_interpolation:0}