execute if entity @s[tag=aj.ecual.bone.wing_right_1] run data modify entity @s {} merge value {transformation:[-0.5151738046299731f,-0.09083904151049585f,-0.627127310842844f,0.06094434396313854f,-0.4839273212707232f,-0.46538371274585816f,0.46494816064058936f,1.3652599981824116f,-0.40909014067227906f,0.6649140642916042f,0.23974775985689634f,-0.5035855777955988f,0f,0f,0f,1f],start_interpolation:0}
execute if entity @s[tag=aj.ecual.bone.wing_right_2] run data modify entity @s {} merge value {transformation:[-0.5002982497778861f,0.11091345170536164f,-0.614328794295031f,0.06094434396313854f,-0.6124263026012366f,-0.23977226316821543f,0.45545942266833245f,1.3652599981824116f,-0.12097803582205582f,0.7551208300967432f,0.2348549484312454f,-0.5035855777955988f,0f,0f,0f,1f],start_interpolation:0}
execute if entity @s[tag=aj.ecual.bone.wing_left_1] run data modify entity @s {} merge value {transformation:[-0.5151738046299731f,0.09083904151049568f,0.627127310842844f,-0.060944343963138414f,0.4839273212707232f,-0.46538371274585816f,0.46494816064058936f,1.3652599981824116f,0.40909014067227895f,0.6649140642916042f,0.2397477598568965f,-0.5035855777955988f,0f,0f,0f,1f],start_interpolation:0}
execute if entity @s[tag=aj.ecual.bone.wing_left_2] run data modify entity @s {} merge value {transformation:[-0.5002982497778861f,-0.1109134517053618f,0.614328794295031f,-0.060944343963138414f,0.6124263026012366f,-0.23977226316821543f,0.45545942266833245f,1.3652599981824116f,0.12097803582205571f,0.7551208300967432f,0.23485494843124557f,-0.5035855777955988f,0f,0f,0f,1f],start_interpolation:0}
execute if entity @s[tag=aj.ecual.bone.staff] run data modify entity @s {} merge value {transformation:[1.5439614942535809f,-0.22536269499298928f,0.08246702351696035f,-0.40234264203743875f,-0.14264501252422812f,-1.293646313702866f,-0.8646027211644363f,0.4593180638039868f,0.19298071060137767f,0.8468158718094997f,-1.2988716543936527f,-0.0030033887637395673f,0f,0f,0f,1f],start_interpolation:0}
execute if entity @s[tag=aj.ecual.bone.arm_right_2] run data modify entity @s {} merge value {transformation:[0.04294811516099497f,0.9839460662258805f,-0.1732212405068531f,-0.43853177251378894f,-0.718459667088966f,0.15089681789922837f,0.6790035766579579f,0.7207147530814444f,0.694241432190942f,0.0952905509822578f,0.7134062970867076f,-0.24218287728666668f,0f,0f,0f,1f],start_interpolation:0}
execute if entity @s[tag=aj.ecual.bone.arm_right_1] run data modify entity @s {} merge value {transformation:[-0.42764732083811186f,0.8872793175064592f,-0.17278073302673871f,-0.29843749999999997f,-0.7099811595552541f,-0.21138401370860946f,0.6717466425855922f,0.9529800847399468f,0.5595038177318921f,0.4099417171668559f,0.7203494058231238f,-0.4256371814033969f,0f,0f,0f,1f],start_interpolation:0}
execute if entity @s[tag=aj.ecual.bone.arm_left_2] run data modify entity @s {} merge value {transformation:[0.028305230712401284f,-0.9933833028740461f,0.11130331300266144f,0.4400787991127333f,0.6445268409997813f,0.10324762840239224f,0.7575784305668452f,0.753469731392518f,-0.7640575666434829f,0.050294540462481885f,0.643184650045776f,-0.20486897911859406f,0f,0f,0f,1f],start_interpolation:0}
execute if entity @s[tag=aj.ecual.bone.arm_left_1] run data modify entity @s {} merge value {transformation:[-0.4475319169103479f,-0.887279317506459f,0.11158223905183726f,0.2984375000000001f,0.6095826084075324f,-0.21138401370860951f,0.764019530035396f,0.9529800847399468f,-0.6543120256220409f,0.4099417171668558f,0.6354711336108598f,-0.4256371814033968f,0f,0f,0f,1f],start_interpolation:0}
execute if entity @s[tag=aj.ecual.bone.himo_right_2] run data modify entity @s {} merge value {transformation:[-1f,-7.417412887217274e-17f,9.744637721676925e-17f,-0.15624999999999992f,0f,0.7957100552144112f,0.6056777262131062f,0.7884749015101278f,-1.2246467991473532e-16f,0.6056777262131062f,-0.7957100552144112f,-0.8380992957410776f,0f,0f,0f,1f],start_interpolation:0}
execute if entity @s[tag=aj.ecual.bone.himo_right_1] run data modify entity @s {} merge value {transformation:[-1f,-1.0581907361171143e-16f,6.164350319845371e-17f,-0.15624999999999994f,0f,0.5033574026517058f,0.8640783096431297f,0.8882549039425922f,-1.2246467991473532e-16f,0.8640783096431297f,-0.5033574026517058f,-0.6792305964495639f,0f,0f,0f,1f],start_interpolation:0}
execute if entity @s[tag=aj.ecual.bone.himo_left_2] run data modify entity @s {} merge value {transformation:[-1f,-6.082025435345078e-17f,1.0629437655398392e-16f,0.15625000000000008f,0f,0.8679594527008947f,0.49663506568421384f,0.7884749015101278f,-1.2246467991473532e-16f,0.49663506568421384f,-0.8679594527008947f,-0.8380992957410773f,0f,0f,0f,1f],start_interpolation:0}
execute if entity @s[tag=aj.ecual.bone.himo_left_1] run data modify entity @s {} merge value {transformation:[-1f,-1.0581907361171143e-16f,6.164350319845371e-17f,0.15625000000000006f,0f,0.5033574026517058f,0.8640783096431297f,0.8882549039425922f,-1.2246467991473532e-16f,0.8640783096431297f,-0.5033574026517058f,-0.6792305964495637f,0f,0f,0f,1f],start_interpolation:0}
execute if entity @s[tag=aj.ecual.bone.ponpon1] run data modify entity @s {} merge value {transformation:[-1f,-1.2246185683464622e-16f,8.315330595883879e-19f,0.29375f,0f,0.0067899827131162604f,0.999976947801676f,0.9616665862230607f,-1.2246467991473532e-16f,0.999976947801676f,-0.0067899827131162604f,0.08859099579657681f,0f,0f,0f,1f],start_interpolation:0}
execute if entity @s[tag=aj.ecual.bone.ponpon2] run data modify entity @s {} merge value {transformation:[-1f,-1.2246185683464622e-16f,8.315330595883879e-19f,0.33125f,0f,0.0067899827131162604f,0.999976947801676f,1.0545656772403282f,-1.2246467991473532e-16f,0.999976947801676f,-0.0067899827131162604f,-0.03704268355798729f,0f,0f,0f,1f],start_interpolation:0}
execute if entity @s[tag=aj.ecual.bone.ponpon3] run data modify entity @s {} merge value {transformation:[-1f,-1.2246185683464622e-16f,8.315330595883879e-19f,-0.29375f,0f,0.0067899827131162604f,0.999976947801676f,0.9616665862230607f,-1.2246467991473532e-16f,0.999976947801676f,-0.0067899827131162604f,0.08859099579657681f,0f,0f,0f,1f],start_interpolation:0}
execute if entity @s[tag=aj.ecual.bone.ponpon4] run data modify entity @s {} merge value {transformation:[-1f,-1.2246185683464622e-16f,8.315330595883879e-19f,-0.33125f,0f,0.0067899827131162604f,0.999976947801676f,1.0545656772403282f,-1.2246467991473532e-16f,0.999976947801676f,-0.0067899827131162604f,-0.0370426835579874f,0f,0f,0f,1f],start_interpolation:0}
execute if entity @s[tag=aj.ecual.bone.ear_edge_a1] run data modify entity @s {} merge value {transformation:[-0.987868932993235f,0.15385187342654139f,0.02108488249791043f,0.19429621047689416f,-0.01582705777535743f,-0.23482107058295376f,0.9719097535535135f,0.9586615934204498f,0.15448131106701127f,0.9597857395551462f,0.23440746293068057f,0.18461852251740252f,0f,0f,0f,1f],start_interpolation:0}
execute if entity @s[tag=aj.ecual.bone.ear_edge_a2] run data modify entity @s {} merge value {transformation:[-0.999774362668496f,-0.002579046500546592f,0.02108488249791043f,0.07911119851003606f,0.021101908126172516f,-0.2344059308571002f,0.9719097535535135f,0.958730018675151f,0.0024358210601859998f,0.9721353856835808f,0.23440746293068057f,0.19469567296677462f,0f,0f,0f,1f],start_interpolation:0}
execute if entity @s[tag=aj.ecual.bone.ear_edge_b1] run data modify entity @s {} merge value {transformation:[-0.9705694361052316f,0.24019375975075283f,0.01737606040419721f,0.05680451737021021f,-0.029565894306205837f,-0.19045467419504344f,0.9812506687748725f,0.9547279348525329f,0.238999639314052f,0.9518581695053406f,0.1919510290508899f,0.1907437010649052f,0f,0f,0f,1f],start_interpolation:0}
execute if entity @s[tag=aj.ecual.bone.ear_edge_b2] run data modify entity @s {} merge value {transformation:[-0.9972903404305892f,-0.07148460959304018f,0.01737606040419721f,0.08589006907239063f,0.03073489454440134f,-0.19026952274657757f,0.9812506687748725f,0.9523021035469907f,-0.066838186249959f,0.9791258648943558f,0.1919510290508899f,0.20051158976496902f,0f,0f,0f,1f],start_interpolation:0}
execute if entity @s[tag=aj.ecual.bone.ear_right_2] run data modify entity @s {} merge value {transformation:[-0.9961946980917455f,0.0854060654680078f,0.01737606040419721f,0.14402754005940407f,0.0005917859866054084f,-0.19273498597351735f,0.9812506687748725f,0.9618571332216258f,0.08715373361619114f,0.977526996641557f,0.1919510290508899f,0.3092055657084454f,0f,0f,0f,1f],start_interpolation:0}
execute if entity @s[tag=aj.ecual.bone.ear_right_1] run data modify entity @s {} merge value {transformation:[-0.9961946980917455f,0.08456684470846276f,0.02108488249791043f,0.12499999999999999f,0.0005917859866054084f,-0.23535309799723292f,0.9719097535535135f,1.0148115802710032f,0.08715373361619114f,0.9682238212516565f,0.23440746293068057f,0.091355205926823f,0f,0f,0f,1f],start_interpolation:0}
execute if entity @s[tag=aj.ecual.bone.ear_edge_a3] run data modify entity @s {} merge value {transformation:[-0.987868932993235f,-0.1538518734265416f,-0.021084882497910493f,-0.1942962104768942f,0.01582705777535743f,-0.23482107058295376f,0.9719097535535135f,0.9586615934204498f,-0.15448131106701152f,0.9597857395551462f,0.23440746293068057f,0.18461852251740252f,0f,0f,0f,1f],start_interpolation:0}
execute if entity @s[tag=aj.ecual.bone.ear_edge_a4] run data modify entity @s {} merge value {transformation:[-0.9997743626684961f,0.002579046500546342f,-0.021084882497910493f,-0.0791111985100361f,-0.021101908126172516f,-0.2344059308571002f,0.9719097535535135f,0.958730018675151f,-0.0024358210601862496f,0.9721353856835809f,0.23440746293068057f,0.19469567296677465f,0f,0f,0f,1f],start_interpolation:0}
execute if entity @s[tag=aj.ecual.bone.ear_edge_b3] run data modify entity @s {} merge value {transformation:[-0.9705694361052316f,-0.24019375975075308f,-0.01737606040419726f,-0.056804517370210264f,0.029565894306205837f,-0.19045467419504344f,0.9812506687748725f,0.9547279348525329f,-0.23899963931405227f,0.9518581695053405f,0.1919510290508899f,0.19074370106490524f,0f,0f,0f,1f],start_interpolation:0}
execute if entity @s[tag=aj.ecual.bone.ear_edge_b4] run data modify entity @s {} merge value {transformation:[-0.9972903404305892f,0.07148460959303991f,-0.01737606040419726f,-0.08589006907239069f,-0.03073489454440134f,-0.19026952274657757f,0.9812506687748725f,0.9523021035469907f,0.06683818624995876f,0.9791258648943559f,0.1919510290508899f,0.20051158976496905f,0f,0f,0f,1f],start_interpolation:0}
execute if entity @s[tag=aj.ecual.bone.ear_left_2] run data modify entity @s {} merge value {transformation:[-0.9961946980917455f,-0.08540606546800807f,-0.01737606040419726f,-0.14402754005940416f,-0.0005917859866054084f,-0.19273498597351735f,0.9812506687748725f,0.9618571332216258f,-0.08715373361619139f,0.977526996641557f,0.1919510290508899f,0.3092055657084454f,0f,0f,0f,1f],start_interpolation:0}
execute if entity @s[tag=aj.ecual.bone.ear_left_1] run data modify entity @s {} merge value {transformation:[-0.9961946980917455f,-0.08456684470846301f,-0.021084882497910493f,-0.125f,-0.0005917859866054084f,-0.23535309799723292f,0.9719097535535135f,1.0148115802710032f,-0.08715373361619139f,0.9682238212516565f,0.23440746293068057f,0.091355205926823f,0f,0f,0f,1f],start_interpolation:0}
execute if entity @s[tag=aj.ecual.bone.head] run data modify entity @s {} merge value {transformation:[-1f,-1.2246185683464622e-16f,8.315330595883879e-19f,5.154793016727097e-17f,0f,0.0067899827131162604f,0.999976947801676f,0.9800824345117287f,-1.2246467991473532e-16f,0.999976947801676f,-0.0067899827131162604f,-0.4209207928617512f,0f,0f,0f,1f],start_interpolation:0}
execute if entity @s[tag=aj.ecual.bone.body_1] run data modify entity @s {} merge value {transformation:[-1f,-1.088461500947114e-16f,-5.612587136230612e-17f,9.236523645278774e-17f,0f,-0.45830251956223755f,0.8887962649352803f,1.1519458793475679f,-1.2246467991473532e-16f,0.8887962649352803f,0.45830251956223755f,-0.7542193922124814f,0f,0f,0f,1f],start_interpolation:0}
execute if entity @s[tag=aj.ecual.bone.leg_left_2] run data modify entity @s {} merge value {transformation:[-0.9961946980917455f,-0.08508980364211083f,-0.018863955312791846f,0.16100945699544114f,0.06138876384998765f,-0.83868299931949f,0.5411490056587327f,1.5653974635536456f,-0.06186714125338618f,0.5379317354168756f,0.8407151151635863f,-1.271862948601105f,0f,0f,0f,1f],start_interpolation:0}
execute if entity @s[tag=aj.ecual.bone.leg_left_1] run data modify entity @s {} merge value {transformation:[-0.9961946980917455f,-0.08525118065879472f,0.018120697839143208f,0.13083333333333344f,0.06138876384998765f,-0.5387582120064949f,0.8402208094712577f,1.3809236766547963f,-0.06186714125338618f,0.8381359228620655f,0.5419415389516542f,-0.9690095068368043f,0f,0f,0f,1f],start_interpolation:0}
execute if entity @s[tag=aj.ecual.bone.leg_right_2] run data modify entity @s {} merge value {transformation:[-0.9946428465113244f,0.09771980715787836f,0.03371123214712053f,-0.15417597256703477f,-0.07281024571737539f,-0.8937757492152273f,0.44256477292407115f,1.3466247556956397f,0.07337762603427156f,0.43773936241076883f,0.896102658512845f,-1.2754319515663308f,0f,0f,0f,1f],start_interpolation:0}
execute if entity @s[tag=aj.ecual.bone.leg_right_1] run data modify entity @s {} merge value {transformation:[-0.9946428465113244f,0.060076919383727875f,-0.08412117237182949f,-0.13083333333333322f,-0.07281024571737539f,0.17049381073569053f,0.9826650134300081f,1.3899682735416115f,0.07337762603427156f,0.9835256093555388f,-0.16520623396043815f,-0.9160112024568055f,0f,0f,0f,1f],start_interpolation:0}
execute if entity @s[tag=aj.ecual.bone.skirt_forward_right] run data modify entity @s {} merge value {transformation:[-0.9537169507482269f,0.30070579950427295f,-1.9040084765212587e-17f,1.000475822198268e-16f,-0.04675196077708829f,-0.14827827580090203f,0.9878399703843783f,1.2398681337689095f,0.2970492080767118f,0.942119724382208f,0.15547409080290764f,-0.8169505059702424f,0f,0f,0f,1f],start_interpolation:0}
execute if entity @s[tag=aj.ecual.bone.skirt_forward_left] run data modify entity @s {} merge value {transformation:[-0.9537169507482269f,-0.3007057995042732f,-1.9040084765212587e-17f,1.000475822198268e-16f,0.04675196077708829f,-0.14827827580090203f,0.9878399703843783f,1.2398681337689095f,-0.29704920807671203f,0.942119724382208f,0.15547409080290764f,-0.8169505059702424f,0f,0f,0f,1f],start_interpolation:0}
execute if entity @s[tag=aj.ecual.bone.skirt_forward] run data modify entity @s {} merge value {transformation:[-1f,-1.209755057801045e-16f,-1.9040084765212587e-17f,1.000475822198268e-16f,0f,-0.15547409080290764f,0.9878399703843783f,1.2398681337689095f,-1.2246467991473532e-16f,0.9878399703843783f,0.15547409080290764f,-0.8169505059702424f,0f,0f,0f,1f],start_interpolation:0}
execute if entity @s[tag=aj.ecual.bone.skirt_back_right] run data modify entity @s {} merge value {transformation:[-0.9537169507482269f,0.300705799504273f,-1.0491134453081694e-16f,9.856663531484838e-17f,-0.2576044762961216f,-0.8170170180862768f,0.5158712300076537f,1.2180411035418377f,0.15512547066070412f,0.49199513646163673f,0.8566661391991577f,-0.8048576567829542f,0f,0f,0f,1f],start_interpolation:0}
execute if entity @s[tag=aj.ecual.bone.skirt_back_left] run data modify entity @s {} merge value {transformation:[-0.9537169507482269f,-0.3007057995042731f,-1.0491134453081694e-16f,9.856663531484838e-17f,0.2576044762961216f,-0.8170170180862768f,0.5158712300076537f,1.2180411035418377f,-0.15512547066070434f,0.4919951364616366f,0.8566661391991577f,-0.8048576567829542f,0f,0f,0f,1f],start_interpolation:0}
execute if entity @s[tag=aj.ecual.bone.skirt_back] run data modify entity @s {} merge value {transformation:[-1f,-6.31760050601081e-17f,-1.0491134453081694e-16f,9.856663531484838e-17f,0f,-0.8566661391991577f,0.5158712300076537f,1.2180411035418377f,-1.2246467991473532e-16f,0.5158712300076537f,0.8566661391991577f,-0.8048576567829542f,0f,0f,0f,1f],start_interpolation:0}
execute if entity @s[tag=aj.ecual.bone.skirt_right] run data modify entity @s {} merge value {transformation:[-0.9396926207859084f,0.34202014332566855f,-7.69769499869354e-17f,-0.18124999999999988f,-0.21498171950994216f,-0.5906574199490935f,0.7777574638250854f,1.1630417100142805f,0.26600871925006414f,0.7308529495175958f,0.6285644974577956f,-0.7368038786982593f,0f,0f,0f,1f],start_interpolation:0}
execute if entity @s[tag=aj.ecual.bone.skirt_left] run data modify entity @s {} merge value {transformation:[-0.9396926207859084f,-0.34202014332566877f,-7.69769499869354e-17f,0.1812500000000001f,0.21498171950994216f,-0.5906574199490935f,0.7777574638250854f,1.1630417100142805f,-0.26600871925006436f,0.7308529495175958f,0.6285644974577956f,-0.7368038786982591f,0f,0f,0f,1f],start_interpolation:0}
execute if entity @s[tag=aj.ecual.bone.coat_downer] run data modify entity @s {} merge value {transformation:[-1f,-6.139708434190963e-17f,-1.0596223790073053e-16f,-0.0078124999999998924f,0f,-0.8652473347785303f,0.5013452399880248f,1.2961807163190002f,-1.2246467991473532e-16f,0.5013452399880248f,0.8652473347785303f,-0.8836061794439228f,0f,0f,0f,1f],start_interpolation:0}
execute if entity @s[tag=aj.ecual.bone.body_2] run data modify entity @s {} merge value {transformation:[-1f,-8.693104334813574e-17f,-8.625886348093814e-17f,8.878689293818312e-17f,0f,-0.704357072920902f,0.7098458380707034f,1.1388009328382362f,-1.2246467991473532e-16f,0.7098458380707034f,0.704357072920902f,-0.7250000000000001f,0f,0f,0f,1f],start_interpolation:0}
execute if entity @s[tag=aj.ecual.bone.book_left] run data modify entity @s {} merge value {transformation:[-0.14952220403068756f,0.9887210790414405f,-0.008587104339356381f,-0.7611994800193949f,-0.8369615314508948f,-0.13118634911751093f,-0.531305502208091f,0.45509045282771915f,-0.5264394603116094f,-0.07225489370518884f,0.8471367805510946f,0.2524886389152723f,0f,0f,0f,1f],start_interpolation:0}
execute if entity @s[tag=aj.ecual.bone.book_right] run data modify entity @s {} merge value {transformation:[-0.14952220403068756f,0.9887210790414405f,-0.008587104339356381f,-0.7752171866472719f,-0.8369615314508948f,-0.13118634911751093f,-0.531305502208091f,0.37662530925419774f,-0.5264394603116094f,-0.07225489370518884f,0.8471367805510946f,0.20313493951105888f,0f,0f,0f,1f],start_interpolation:0}
execute if entity @s[tag=aj.ecual.bone.book_loot_1] run data modify entity @s {} merge value {transformation:[-0.14952220403068756f,0.9887210790414405f,-0.008587104339356381f,-0.7669202676824299f,-0.8369615314508948f,-0.13118634911751093f,-0.531305502208091f,0.4955537063721721f,-0.5264394603116094f,-0.07225489370518884f,0.8471367805510946f,0.10074127213050138f,0f,0f,0f,1f],start_interpolation:0}
execute if entity @s[tag=aj.ecual.bone.book_left2] run data modify entity @s {} merge value {transformation:[-0.8151205678423581f,0.36279401840677156f,-0.4516181573947386f,0.6342420519213867f,-0.46030781025618445f,0.06768298432288833f,0.885175538212791f,0.701271161627411f,0.35170325517047507f,0.92940815245048f,0.11182712757232477f,0.2227400649581256f,0f,0f,0f,1f],start_interpolation:0}
execute if entity @s[tag=aj.ecual.bone.book_right2] run data modify entity @s {} merge value {transformation:[-0.508414030169126f,0.36279401840677156f,-0.7809581769438452f,0.6981746147452798f,-0.8214657041643425f,0.06768298432288833f,0.5662270838761854f,0.7631864797912217f,0.25828137913711113f,0.92940815245048f,0.26361186496365663f,0.19327511480641013f,0f,0f,0f,1f],start_interpolation:0}
execute if entity @s[tag=aj.ecual.bone.book_loot_2] run data modify entity @s {} merge value {transformation:[-0.6819473367881912f,0.36279401840677156f,-0.635081357036845f,0.76147053688886f,-0.660430060413981f,0.06768298432288833f,0.7478309628082627f,0.6200541762880769f,0.314292801618298f,0.92940815245048f,0.19344384458934455f,0.17899101319386618f,0f,0f,0f,1f],start_interpolation:0}
execute if entity @s[tag=aj.ecual.bone.air_staff_povit_1] run data modify entity @s {} merge value {transformation:[-0.000015625f,-1.3661156733819046e-21f,-1.3398697227079979e-21f,-0.007217499999999867f,0f,-0.00001094086657182191f,0.000011155181023075777f,0.5316514249699431f,-1.9135106236677393e-21f,0.000011155181023075777f,0.00001094086657182191f,-1.0877980293517862f,0f,0f,0f,1f],start_interpolation:0}