execute if entity @s[tag=aj.ecual.bone.wing_right_1] run data modify entity @s {} merge value {transformation:[-0.7849679827898711f,0.12330821719515586f,-0.18858630388073602f,0.2971968163722742f,-0.16510404421922742f,0.15036337848638126f,0.785541821570985f,0.6530137317184211f,0.15333090041377978f,0.7931773965682317f,-0.11959806434882629f,-0.7489631168027935f,0f,0f,0f,1f],start_interpolation:0}
execute if entity @s[tag=aj.ecual.bone.wing_right_2] run data modify entity @s {} merge value {transformation:[-0.6641905382999234f,0.4058607477627325f,-0.18473760380153734f,0.2971968163722742f,-0.09305600660356232f,0.19797573566888532f,0.7695103558246383f,0.6530137317184211f,0.4361095143055881f,0.6603655514272678f,-0.11715728752538086f,-0.7489631168027935f,0f,0f,0f,1f],start_interpolation:0}
execute if entity @s[tag=aj.ecual.bone.wing_left_1] run data modify entity @s {} merge value {transformation:[0.43684033823589064f,0.18469251366050893f,0.6648335421232594f,0.19909428700509713f,0.6727589451747904f,0.06085012255903199f,-0.4589521856536894f,0.7960711148607191f,-0.15333090041377967f,0.7931773965682317f,-0.11959806434882646f,-0.7489631168027935f,0f,0f,0f,1f],start_interpolation:0}
execute if entity @s[tag=aj.ecual.bone.wing_left_2] run data modify entity @s {} merge value {transformation:[0.3261150195053459f,0.3309112096757318f,0.6512655106513562f,0.19909428700509713f,0.5860524597552441f,0.3072704180345134f,-0.44958581451789986f,0.7960711148607191f,-0.436109514305588f,0.6603655514272678f,-0.11715728752538103f,-0.7489631168027935f,0f,0f,0f,1f],start_interpolation:0}
execute if entity @s[tag=aj.ecual.bone.staff] run data modify entity @s {} merge value {transformation:[0.9627903369910487f,0.014197510944303644f,-1.230544370463597f,-0.0037408100862926473f,-1.2300819020369143f,-0.03536402751997888f,-0.9628365125185138f,0.548712736329187f,-0.03659960761963935f,1.562035232074025f,-0.010613787332327778f,0.27357380764070466f,0f,0f,0f,1f],start_interpolation:0}
execute if entity @s[tag=aj.ecual.bone.arm_right_2] run data modify entity @s {} merge value {transformation:[0.2502320224793566f,0.4866395369432339f,0.8369981457623223f,-0.11274453047835128f,-0.5821975913381957f,-0.6151068698832063f,0.5316855304242236f,0.8148927585755229f,0.7735825098629715f,-0.6203430500184229f,0.1294009301664646f,-0.013608706791513492f,0f,0f,0f,1f],start_interpolation:0}
execute if entity @s[tag=aj.ecual.bone.arm_right_1] run data modify entity @s {} merge value {transformation:[-0.07414689862688945f,0.5421589632335226f,0.8369981457623223f,-0.08841507936640318f,-0.12409754072215401f,-0.8378008696129563f,0.5316855304242236f,0.8556122641249797f,0.9894958503251681f,-0.06444657835235834f,0.1294009301664646f,-0.33828703267945925f,0f,0f,0f,1f],start_interpolation:0}
execute if entity @s[tag=aj.ecual.bone.arm_left_2] run data modify entity @s {} merge value {transformation:[0.4529357028874991f,-0.3984566029773807f,0.7975472303215235f,0.2023982322851201f,-0.4431922263351568f,0.6755788894256296f,0.589214574394185f,0.35533784956356246f,-0.7735825098629716f,-0.6203430500184227f,0.1294009301664646f,-0.013608706791513603f,0f,0f,0f,1f],start_interpolation:0}
execute if entity @s[tag=aj.ecual.bone.arm_left_1] run data modify entity @s {} merge value {transformation:[0.14247788857545668f,-0.5861897872477366f,0.7975472303215235f,0.24914878947394184f,0.024454313655316806f,0.8076064461512967f,0.589214574394185f,0.3633619212317133f,-0.9894958503251681f,-0.06444657835235812f,0.1294009301664646f,-0.33828703267945937f,0f,0f,0f,1f],start_interpolation:0}
execute if entity @s[tag=aj.ecual.bone.himo_right_2] run data modify entity @s {} merge value {transformation:[-0.9094343598893229f,-0.39107537788164043f,-0.14138314562715548f,-0.21887092728453136f,-0.3935556073799936f,0.919233187585867f,-0.01115036952259485f,0.4333376215162408f,0.13432471460033574f,0.04550160058127889f,-0.9898921534147443f,-0.5568986639309286f,0f,0f,0f,1f],start_interpolation:0}
execute if entity @s[tag=aj.ecual.bone.himo_right_1] run data modify entity @s {} merge value {transformation:[-0.9485280189117402f,0.14743895182394195f,-0.28027906240821227f,-0.19297786795759356f,0.04502718586124299f,0.9388121514634474f,0.34147371318739894f,0.6114991106230584f,0.31347591593739116f,0.31127720724400987f,-0.8971283912448559f,-0.504141240017957f,0f,0f,0f,1f],start_interpolation:0}
execute if entity @s[tag=aj.ecual.bone.himo_left_2] run data modify entity @s {} merge value {transformation:[-0.8094529102882612f,-0.580148133890091f,-0.09063183088578367f,-0.015600602630988534f,-0.5747162043159977f,0.814409397868142f,-0.08024099426517023f,0.17674498320798876f,0.12036307790380239f,-0.012863724495478956f,-0.9926465907208002f,-0.5662280429658705f,0f,0f,0f,1f],start_interpolation:0}
execute if entity @s[tag=aj.ecual.bone.himo_left_1] run data modify entity @s {} merge value {transformation:[-0.9295603367089118f,0.00886008869585414f,-0.3685635348836292f,-0.016242858093538558f,-0.1250089705206297f,0.9329105202883847f,0.337713959475512f,0.35377641800878284f,0.3468289747223939f,0.35999924994860333f,-0.8660890267919669f,-0.5041412400179571f,0f,0f,0f,1f],start_interpolation:0}
execute if entity @s[tag=aj.ecual.bone.ponpon1] run data modify entity @s {} merge value {transformation:[-0.565552031564976f,0.7619351064640864f,0.31560385474561276f,0.654290150836849f,0.8247126163656819f,0.5225019465330585f,0.21642739262033484f,0.6468740384831329f,1.1386283855687368e-16f,0.38268343236508995f,-0.9238795325112867f,-0.19231127601045672f,0f,0f,0f,1f],start_interpolation:0}
execute if entity @s[tag=aj.ecual.bone.ponpon2] run data modify entity @s {} merge value {transformation:[-0.565552031564976f,0.7619351064640864f,0.31560385474561276f,0.6098443250949259f,0.8247126163656819f,0.5225019465330585f,0.21642739262033484f,0.5709246401109439f,1.1386283855687368e-16f,0.38268343236508995f,-0.9238795325112867f,-0.3267604112290261f,0f,0f,0f,1f],start_interpolation:0}
execute if entity @s[tag=aj.ecual.bone.ponpon3] run data modify entity @s {} merge value {transformation:[-0.565552031564976f,0.7619351064640864f,0.31560385474561276f,0.32202833229242556f,0.8247126163656819f,0.5225019465330585f,0.21642739262033484f,1.131392700597971f,1.1386283855687368e-16f,0.38268343236508995f,-0.9238795325112867f,-0.19231127601045667f,0f,0f,0f,1f],start_interpolation:0}
execute if entity @s[tag=aj.ecual.bone.ponpon4] run data modify entity @s {} merge value {transformation:[-0.565552031564976f,0.7619351064640864f,0.31560385474561276f,0.2351661041831293f,0.8247126163656819f,0.5225019465330585f,0.21642739262033484f,1.1172967484532081f,1.1386283855687368e-16f,0.38268343236508995f,-0.9238795325112867f,-0.32676041122902605f,0f,0f,0f,1f],start_interpolation:0}
execute if entity @s[tag=aj.ecual.bone.ear_edge_a1] run data modify entity @s {} merge value {transformation:[-0.4579582382251981f,0.5755772630386201f,0.6774843661034871f,0.6464212330427238f,0.8845549788222068f,0.21914620136043242f,0.41174923420710574f,0.7641274726223051f,0.08852537197051394f,0.7878361229991069f,-0.6094895420064388f,-0.13654730863881967f,0f,0f,0f,1f],start_interpolation:0}
execute if entity @s[tag=aj.ecual.bone.ear_edge_a2] run data modify entity @s {} merge value {transformation:[-0.5423601336072855f,0.49685049980738033f,0.6774843661034871f,0.5889564272214923f,0.8393826204226548f,0.3548230328801381f,0.41174923420710574f,0.8643874573131546f,-0.035809244698610576f,0.7919849721925895f,-0.6094895420064388f,-0.13269086121680373f,0f,0f,0f,1f],start_interpolation:0}
execute if entity @s[tag=aj.ecual.bone.ear_edge_b1] run data modify entity @s {} merge value {transformation:[-0.44184596401500165f,0.3872983373480641f,0.8091799194067281f,0.5984676648038938f,0.8788902764017666f,0.006113087382418753f,0.47698481339459986f,0.8962361670863257f,0.17978883761257322f,0.9219341777209913f,-0.34309378574937766f,-0.16310560454236656f,0f,0f,0f,1f],start_interpolation:0}
execute if entity @s[tag=aj.ecual.bone.ear_edge_b2] run data modify entity @s {} merge value {transformation:[-0.5399022514088945f,0.23180469570853807f,0.8091799194067281f,0.6163632169831894f,0.8339852765910823f,0.2774059231887718f,0.47698481339459986f,0.8736426851844883f,-0.11390398304231034f,0.9323693135379658f,-0.34309378574937766f,-0.15230979921115356f,0f,0f,0f,1f],start_interpolation:0}
execute if entity @s[tag=aj.ecual.bone.ear_right_2] run data modify entity @s {} merge value {transformation:[-0.49699291521065114f,0.3134101151196934f,0.8091799194067281f,0.7000024151363821f,0.86711338111005f,0.14352655535062525f,0.47698481339459986f,0.8622458731970262f,0.03335305878500274f,0.9387088087633164f,-0.34309378574937766f,-0.06197574284223245f,0f,0f,0f,1f],start_interpolation:0}
execute if entity @s[tag=aj.ecual.bone.ear_right_1] run data modify entity @s {} merge value {transformation:[-0.49699291521065114f,0.5422296339336082f,0.6774843661034871f,0.5780007475013204f,0.86711338111005f,0.2803158083836146f,0.41174923420710574f,0.799174816310713f,0.03335305878500274f,0.7920922115855362f,-0.6094895420064388f,-0.2401964904489778f,0f,0f,0f,1f],start_interpolation:0}
execute if entity @s[tag=aj.ecual.bone.ear_edge_a3] run data modify entity @s {} merge value {transformation:[-0.6601413664210276f,0.4118089435963825f,0.6281932587299945f,0.4285713470697467f,0.7459065858787284f,0.45796030097789864f,0.48362767483982116f,1.0818056691599087f,-0.08852537197051372f,0.7878361229991069f,-0.6094895420064388f,-0.13654730863881961f,0f,0f,0f,1f],start_interpolation:0}
execute if entity @s[tag=aj.ecual.bone.ear_edge_a4] run data modify entity @s {} merge value {transformation:[-0.587592818968309f,0.5100077536499482f,0.6281932587299945f,0.5013927762959005f,0.8083640127386866f,0.3356365519993867f,0.48362767483982116f,0.9920765886801585f,0.0358092446986108f,0.7919849721925895f,-0.6094895420064388f,-0.13269086121680368f,0f,0f,0f,1f],start_interpolation:0}
execute if entity @s[tag=aj.ecual.bone.ear_edge_b3] run data modify entity @s {} merge value {transformation:[-0.6606624106431612f,0.1452467944736212f,0.7364974866612273f,0.5345293086920064f,0.7288354773425118f,0.35908319460127563f,0.582973503962106f,0.9894738640834357f,-0.179788837612573f,0.9219341777209913f,-0.34309378574937766f,-0.16310560454236653f,0f,0f,0f,1f],start_interpolation:0}
execute if entity @s[tag=aj.ecual.bone.ear_edge_b4] run data modify entity @s {} merge value {transformation:[-0.583443562842609f,0.3422938227885773f,0.7364974866612273f,0.5199010997718231f,0.8041265395599252f,0.11628586351541081f,0.582973503962106f,1.0143079478402006f,0.11390398304231056f,0.9323693135379658f,-0.34309378574937766f,-0.1523097992111535f,0f,0f,0f,1f],start_interpolation:0}
execute if entity @s[tag=aj.ecual.bone.ear_left_2] run data modify entity @s {} merge value {transformation:[-0.6298069554694381f,0.2468089361915662f,0.7364974866612273f,0.539405099220388f,0.7760352906356782f,0.2406472966109177f,0.582973503962106f,1.0964358772960012f,-0.03335305878500252f,0.9387088087633164f,-0.34309378574937766f,-0.061975742842232395f,0f,0f,0f,1f],start_interpolation:0}
execute if entity @s[tag=aj.ecual.bone.ear_left_1] run data modify entity @s {} merge value {transformation:[-0.6298069554694381f,0.45685493160138624f,0.6281932587299945f,0.4366127396100763f,0.7760352906356782f,0.4048129195283011f,0.48362767483982116f,1.0053529704021336f,-0.03335305878500252f,0.7920922115855362f,-0.6094895420064388f,-0.24019649044897776f,0f,0f,0f,1f],start_interpolation:0}
execute if entity @s[tag=aj.ecual.bone.head] run data modify entity @s {} merge value {transformation:[-0.565552031564976f,0.7619351064640864f,0.31560385474561276f,0.1069523810320536f,0.8247126163656819f,0.5225019465330585f,0.21642739262033484f,0.6277182897388451f,1.1386283855687368e-16f,0.38268343236508995f,-0.9238795325112867f,-0.40745051414510874f,0f,0f,0f,1f],start_interpolation:0}
execute if entity @s[tag=aj.ecual.bone.body_1] run data modify entity @s {} merge value {transformation:[-0.565552031564976f,0.31560385474561253f,0.7619351064640865f,-0.011399064497551093f,0.8247126163656819f,0.2164273926203344f,0.5225019465330587f,0.5465580175062197f,1.1386283855687368e-16f,0.9238795325112868f,-0.3826834323650895f,-0.7539053388368413f,0f,0f,0f,1f],start_interpolation:0}
execute if entity @s[tag=aj.ecual.bone.leg_left_2] run data modify entity @s {} merge value {transformation:[-0.5696645542209324f,-0.15603634447621717f,0.8069293369724302f,-0.022443894993536127f,0.8172783327988729f,-0.0038278400399620327f,0.5762304004286164f,0.3356902341232674f,-0.08682408883346507f,0.9877438973960444f,0.1297057082595473f,-1.403657798789991f,0f,0f,0f,1f],start_interpolation:0}
execute if entity @s[tag=aj.ecual.bone.leg_left_1] run data modify entity @s {} merge value {transformation:[-0.5696645542209324f,0.1926411130210374f,0.7989816626420674f,0.05305519037268839f,0.8172783327988729f,0.23547566708337003f,0.5259347268902644f,0.4240331970900807f,-0.08682408883346507f,0.9525967729242303f,-0.2915835485972773f,-1.0674419274690377f,0f,0f,0f,1f],start_interpolation:0}
execute if entity @s[tag=aj.ecual.bone.leg_right_2] run data modify entity @s {} merge value {transformation:[-0.5525767141178535f,-0.24105569749340455f,0.7978415417366307f,-0.29695890850899304f,0.8245724084751237f,-0.297551653275596f,0.481189522760516f,0.5133208300186776f,0.12140559376013024f,0.9237722470062235f,0.363187991906151f,-0.987339774053836f,0f,0f,0f,1f],start_interpolation:0}
execute if entity @s[tag=aj.ecual.bone.leg_right_1] run data modify entity @s {} merge value {transformation:[-0.5525767141178535f,0.768964426301364f,-0.32148512577991856f,-0.02320282304982666f,0.8245724084751237f,0.5605637910868665f,-0.07647600475870632f,0.7051882576341941f,0.12140559376013024f,-0.30734662387170286f,-0.9438213467592349f,-1.0444816940362636f,0f,0f,0f,1f],start_interpolation:0}
execute if entity @s[tag=aj.ecual.bone.skirt_forward_right] run data modify entity @s {} merge value {transformation:[-0.3494007034580302f,0.7725912119310379f,0.5301150513520286f,-0.0020462541120038254f,0.916819578205703f,0.16519054913083203f,0.3635298385230173f,0.552971767956283f,0.19328996208223154f,0.6130374390889878f,-0.7660444431189779f,-0.8609259910169522f,0f,0f,0f,1f],start_interpolation:0}
execute if entity @s[tag=aj.ecual.bone.skirt_forward_left] run data modify entity @s {} merge value {transformation:[-0.7293524146091976f,0.4324616603050138f,0.5301150513520286f,-0.0020462541120038254f,0.6562652252420379f,0.6611822824618385f,0.3635298385230173f,0.552971767956283f,-0.19328996208223131f,0.6130374390889878f,-0.7660444431189779f,-0.8609259910169522f,0f,0f,0f,1f],start_interpolation:0}
execute if entity @s[tag=aj.ecual.bone.skirt_forward] run data modify entity @s {} merge value {transformation:[-0.565552031564976f,0.6317665169370441f,0.5301150513520286f,-0.0020462541120038254f,0.8247126163656819f,0.4332379910749986f,0.3635298385230173f,0.552971767956283f,1.1386283855687368e-16f,0.6427876096865394f,-0.7660444431189779f,-0.8609259910169522f,0f,0f,0f,1f],start_interpolation:0}
execute if entity @s[tag=aj.ecual.bone.skirt_back_right] run data modify entity @s {} merge value {transformation:[-0.6987852293796745f,-0.33551493450818465f,0.631766516937044f,-0.008086324571180383f,0.6772268709871473f,-0.5947004357676706f,0.43323799107499855f,0.5488297504204821f,0.23035400672389797f,0.730589570429055f,0.6427876096865395f,-0.8370719035353213f,0f,0f,0f,1f],start_interpolation:0}
execute if entity @s[tag=aj.ecual.bone.skirt_back_left] run data modify entity @s {} merge value {transformation:[-0.3799678886875534f,-0.6756444861342086f,0.631766516937044f,-0.008086324571180383f,0.8958579324605936f,-0.09870870243666419f,0.43323799107499855f,0.5488297504204821f,-0.23035400672389775f,0.730589570429055f,0.6427876096865395f,-0.8370719035353213f,0f,0f,0f,1f],start_interpolation:0}
execute if entity @s[tag=aj.ecual.bone.skirt_back] run data modify entity @s {} merge value {transformation:[-0.565552031564976f,-0.5301150513520287f,0.631766516937044f,-0.008086324571180383f,0.8247126163656819f,-0.36352983852301735f,0.43323799107499855f,0.5488297504204821f,1.1386283855687368e-16f,0.7660444431189778f,0.6427876096865395f,-0.8370719035353213f,0f,0f,0f,1f],start_interpolation:0}
execute if entity @s[tag=aj.ecual.bone.skirt_right] run data modify entity @s {} merge value {transformation:[-0.4538432061808103f,0.3450245713548311f,0.8215743358728641f,-0.10430326673696969f,0.7388676302809567f,-0.36966895701673014f,0.5633999353400446f,0.7026218840319425f,0.49809734904587283f,0.8627299156628209f,-0.08715574274765796f,-0.7499048674522936f,0f,0f,0f,1f],start_interpolation:0}
execute if entity @s[tag=aj.ecual.bone.skirt_left] run data modify entity @s {} merge value {transformation:[-0.5257216468135256f,-0.22052746021014483f,0.8215743358728641f,0.1007093447053341f,0.6895765229074644f,0.4550436593489517f,0.5633999353400446f,0.4036635605993828f,-0.4980973490458726f,0.8627299156628211f,-0.08715574274765796f,-0.7499048674522937f,0f,0f,0f,1f],start_interpolation:0}
execute if entity @s[tag=aj.ecual.bone.coat_downer] run data modify entity @s {} merge value {transformation:[-0.565552031564976f,-0.22732160488395597f,0.7927646482694036f,-0.020478714325473622f,0.8247126163656819f,-0.1558872665575023f,0.5436435050035104f,0.5498045855115922f,1.1386283855687368e-16f,0.9612616959383188f,0.27563735581699944f,-0.9475872528548744f,0f,0f,0f,1f],start_interpolation:0}
execute if entity @s[tag=aj.ecual.bone.body_2] run data modify entity @s {} merge value {transformation:[-0.565552031564976f,0.07187844063271537f,0.8215743358728641f,8.878689293818312e-17f,0.8247126163656819f,0.049291107373492286f,0.5633999353400446f,0.554375f,1.1386283855687368e-16f,0.9961946980917455f,-0.08715574274765796f,-0.7250000000000001f,0f,0f,0f,1f],start_interpolation:0}
execute if entity @s[tag=aj.ecual.bone.book_left] run data modify entity @s {} merge value {transformation:[-2.4804245732812923e-16f,-0.8247126163656818f,0.5655520315649762f,-0.21614662487434944f,-3.892161784742455e-17f,-0.5655520315649762f,-0.8247126163656818f,1.3723967251426927f,1f,-2.2657594399826115e-16f,1.0818176636815767e-16f,0.18125000000000013f,0f,0f,0f,1f],start_interpolation:0}
execute if entity @s[tag=aj.ecual.bone.book_right] run data modify entity @s {} merge value {transformation:[-2.4804245732812923e-16f,-0.8247126163656818f,0.5655520315649762f,-0.21614662487434946f,-3.892161784742455e-17f,-0.5655520315649762f,-0.8247126163656818f,1.3723967251426927f,1f,-2.2657594399826115e-16f,1.0818176636815767e-16f,0.27500000000000013f,0f,0f,0f,1f],start_interpolation:0}
execute if entity @s[tag=aj.ecual.bone.book_loot_1] run data modify entity @s {} merge value {transformation:[-2.4804245732812923e-16f,-0.8247126163656818f,0.5655520315649762f,-0.3009794296090959f,-3.892161784742455e-17f,-0.5655520315649762f,-0.8247126163656818f,1.496103617597545f,1f,-2.2657594399826115e-16f,1.0818176636815767e-16f,0.2281250000000001f,0f,0f,0f,1f],start_interpolation:0}
execute if entity @s[tag=aj.ecual.bone.book_left2] run data modify entity @s {} merge value {transformation:[-2.4804245732812923e-16f,0.824712616365682f,-0.5655520315649758f,0.685201925432331f,-3.892161784742455e-17f,0.5655520315649758f,0.824712616365682f,0.058010992809886974f,1f,2.2657594399826105e-16f,-1.0818176636815758e-16f,0.2749999999999999f,0f,0f,0f,1f],start_interpolation:0}
execute if entity @s[tag=aj.ecual.bone.book_right2] run data modify entity @s {} merge value {transformation:[-2.4804245732812923e-16f,0.824712616365682f,-0.5655520315649758f,0.685201925432331f,-3.892161784742455e-17f,0.5655520315649758f,0.824712616365682f,0.058010992809886974f,1f,2.2657594399826105e-16f,-1.0818176636815758e-16f,0.1812499999999999f,0f,0f,0f,1f],start_interpolation:0}
execute if entity @s[tag=aj.ecual.bone.book_loot_2] run data modify entity @s {} merge value {transformation:[-2.4804245732812923e-16f,0.824712616365682f,-0.5655520315649758f,0.7700347301670775f,-3.892161784742455e-17f,0.5655520315649758f,0.824712616365682f,-0.06569589964496535f,1f,2.2657594399826105e-16f,-1.0818176636815758e-16f,0.22812499999999994f,0f,0f,0f,1f],start_interpolation:0}
execute if entity @s[tag=aj.ecual.bone.air_staff_povit_1] run data modify entity @s {} merge value {transformation:[-0.000008836750493202751f,-1.9135106236677393e-21f,0.000012886134630713782f,-0.5710717955392265f,0.000012886134630713782f,-3.469446951953614e-21f,0.000008836750493202751f,0.17151034160769818f,1.7791068524511514e-21f,0.000015625f,3.54024912497283e-21f,-0.5588775000000004f,0f,0f,0f,1f],start_interpolation:0}