execute if entity @s[tag=aj.ecual.bone.wing_right_1] run data modify entity @s {} merge value {transformation:[-0.09708614337648289f,0.23345276452112665f,-0.7765426787667041f,-0.030448933113349917f,-0.5672540249366342f,0.5393084817048525f,0.23305294934593626f,1.5049760262495415f,0.5794321326971033f,0.5670895985142864f,0.09804200783050147f,-0.3039255548410342f,0f,0f,0f,1f],start_interpolation:0}
execute if entity @s[tag=aj.ecual.bone.wing_right_2] run data modify entity @s {} merge value {transformation:[-0.0003501017475183374f,0.24767558158202227f,-0.7606948689959552f,-0.030448933113349917f,-0.3112064938689162f,0.7007361161559326f,0.2282967667062233f,1.5049760262495415f,0.7369873781840381f,0.2960163877266031f,0.09604115052783818f,-0.3039255548410342f,0f,0f,0f,1f],start_interpolation:0}
execute if entity @s[tag=aj.ecual.bone.wing_left_1] run data modify entity @s {} merge value {transformation:[-0.6187996970881043f,0.35968275330218913f,0.3932679700980886f,-0.15224438894222f,0.5179017422627903f,0.5480106206998021f,0.3136982457806044f,1.4965795984607821f,-0.1257345007914735f,0.48709046492578617f,-0.6433336294128766f,-0.22673683736261022f,0f,0f,0f,1f],start_interpolation:0}
execute if entity @s[tag=aj.ecual.bone.wing_left_2] run data modify entity @s {} merge value {transformation:[-0.6948646584098854f,0.09355017986453429f,0.38524209315731134f,-0.15224438894222f,0.2632792498546325f,0.69011090196278f,0.3072962407646737f,1.4965795984607821f,-0.2963901872344886f,0.3936944333355904f,-0.6302043716697567f,-0.22673683736261022f,0f,0f,0f,1f],start_interpolation:0}
execute if entity @s[tag=aj.ecual.bone.staff] run data modify entity @s {} merge value {transformation:[0.3516455885021055f,1.4065438613747845f,0.582568447580127f,-0.12380818296303808f,1.5055176091698197f,-0.23243692277202951f,-0.347557269254807f,1.015908313082066f,-0.22620424082363408f,0.6395417835928943f,-1.407559660715034f,0.5922292661784889f,0f,0f,0f,1f],start_interpolation:0}
execute if entity @s[tag=aj.ecual.bone.arm_right_2] run data modify entity @s {} merge value {transformation:[-0.013953429179416586f,-0.20546254398486846f,-0.978565503598712f,-0.13633362342798255f,-0.7021379369598743f,0.6987939302537155f,-0.13670903599359002f,1.2128384692847296f,0.711904220591412f,0.6851804040249774f,-0.15401361837286437f,0.41179334994790057f,0f,0f,0f,1f],start_interpolation:0}
execute if entity @s[tag=aj.ecual.bone.arm_right_1] run data modify entity @s {} merge value {transformation:[0.02746973453742335f,-0.2036675282176838f,-0.9786546641354867f,-0.14468887046547108f,-0.7732786385066257f,0.6160880247986626f,-0.14991895453551313f,1.4653524099152628f,0.6334710418904577f,0.760890980134067f,-0.14056797443527558f,0.2050981576862518f,0f,0f,0f,1f],start_interpolation:0}
execute if entity @s[tag=aj.ecual.bone.arm_left_2] run data modify entity @s {} merge value {transformation:[-0.13788484379063576f,0.9858852953161625f,0.09496291029762516f,0.5788900994284928f,0.9904426980675896f,0.137570362510059f,0.009882165928814746f,1.260963812141998f,-0.003321399919561596f,0.09541792199693805f,-0.9954317598230228f,-0.18452664783075545f,0f,0f,0f,1f],start_interpolation:0}
execute if entity @s[tag=aj.ecual.bone.arm_left_1] run data modify entity @s {} merge value {transformation:[-0.6161119057599405f,0.7859254136841285f,0.05222416783717687f,0.3586134041443251f,0.7626905110607931f,0.5787072821034688f,0.2887924271483627f,1.5000494450051194f,0.19674680154625251f,0.21775932991687752f,-0.9559663018723368f,-0.11387316038729953f,0f,0f,0f,1f],start_interpolation:0}
execute if entity @s[tag=aj.ecual.bone.himo_right_2] run data modify entity @s {} merge value {transformation:[-0.8432289417546321f,-0.1431261443574848f,-0.5181504208130332f,0.007390394664646062f,-0.05813115826572848f,0.982529081177942f,-0.17679754828139965f,1.040889980308318f,0.5344022082907666f,-0.11896012542440171f,-0.8368170459144353f,0.1328223431861913f,0f,0f,0f,1f],start_interpolation:0}
execute if entity @s[tag=aj.ecual.bone.himo_right_1] run data modify entity @s {} merge value {transformation:[-0.8432289417546321f,0.06605626617901117f,-0.5334805727351752f,0.016441690993615823f,-0.05813115826572848f,0.9753960008074799f,0.2126579649283316f,1.2251058427405226f,0.5344022082907666f,0.21033119432757075f,-0.8186422102888962f,0.1671429283083052f,0f,0f,0f,1f],start_interpolation:0}
execute if entity @s[tag=aj.ecual.bone.himo_left_2] run data modify entity @s {} merge value {transformation:[-0.8432289417546321f,-0.11384805462549791f,-0.5253604212779572f,0.25238418781335453f,-0.05813115826572848f,0.9908964987854515f,-0.1214285680283621f,1.0685470624533244f,0.5344022082907666f,-0.07185227312147724f,-0.8421707253409063f,-0.06236099106879903f,0f,0f,0f,1f],start_interpolation:0}
execute if entity @s[tag=aj.ecual.bone.himo_left_1] run data modify entity @s {} merge value {transformation:[-0.8432289417546321f,0.16408490316185892f,-0.5118994982823547f,0.27995073529193837f,-0.05813115826572848f,0.9188558244834383f,0.39028802473499724f,1.2432718296985628f,0.5344022082907666f,0.358859468827596f,-0.7652673790295307f,0.00014223821744066556f,0f,0f,0f,1f],start_interpolation:0}
execute if entity @s[tag=aj.ecual.bone.ponpon1] run data modify entity @s {} merge value {transformation:[-0.9703621762547363f,-0.19275337242764148f,-0.1457511039818998f,0.30598112103505093f,-0.21718890073079297f,0.9600801207107459f,0.17628143185085943f,2.0545727142431587f,0.10595389701904032f,0.20271235589822945f,-0.9734893283815018f,0.1556842594371628f,0f,0f,0f,1f],start_interpolation:0}
execute if entity @s[tag=aj.ecual.bone.ponpon2] run data modify entity @s {} merge value {transformation:[-0.9703621762547363f,-0.19275337242764148f,-0.1457511039818998f,0.3527997081997556f,-0.21718890073079297f,0.9600801207107459f,0.17628143185085943f,1.9592336671677382f,0.10595389701904032f,0.20271235589822945f,-0.9734893283815018f,0.035107319275904325f,0f,0f,0f,1f],start_interpolation:0}
execute if entity @s[tag=aj.ecual.bone.ponpon3] run data modify entity @s {} merge value {transformation:[-0.9703621762547363f,-0.19275337242764148f,-0.1457511039818998f,-0.2641066575146067f,-0.21718890073079297f,0.9600801207107459f,0.17628143185085943f,1.9269742350638177f,0.10595389701904032f,0.20271235589822945f,-0.9734893283815018f,0.21793217393584902f,0f,0f,0f,1f],start_interpolation:0}
execute if entity @s[tag=aj.ecual.bone.ponpon4] run data modify entity @s {} merge value {transformation:[-0.9703621762547363f,-0.19275337242764148f,-0.1457511039818998f,-0.29006523356900715f,-0.21718890073079297f,0.9600801207107459f,0.17628143185085943f,1.8153460204335878f,0.10595389701904032f,0.20271235589822945f,-0.9734893283815018f,0.10530177605101854f,0f,0f,0f,1f],start_interpolation:0}
execute if entity @s[tag=aj.ecual.bone.ear_edge_a1] run data modify entity @s {} merge value {transformation:[-0.9885686783417456f,-0.038582170619489875f,-0.1457511039818998f,0.18661995648239904f,-0.06432532487933318f,0.9822357707616736f,0.17628143185085943f,2.1395436040945204f,0.13636062767830845f,0.18364178921615193f,-0.9734893283815018f,0.1664710357567475f,0f,0f,0f,1f],start_interpolation:0}
execute if entity @s[tag=aj.ecual.bone.ear_edge_a2] run data modify entity @s {} merge value {transformation:[-0.9703621762547364f,-0.19275337242764148f,-0.1457511039818998f,0.0729063280870022f,-0.21718890073079297f,0.960080120710746f,0.17628143185085943f,2.124201792816834f,0.10595389701904032f,0.20271235589822945f,-0.9734893283815018f,0.18071814665241526f,0f,0f,0f,1f],start_interpolation:0}
execute if entity @s[tag=aj.ecual.bone.ear_edge_b1] run data modify entity @s {} merge value {transformation:[-0.99035620510665f,0.03391798433634052f,-0.1343285425563551f,0.05341112160595488f,0.023514471654398045f,0.9966531660576946f,0.07829135463119817f,2.1167170567836573f,0.13653445217075905f,0.07437766415889452f,-0.9878392108256772f,0.19458740081105602f,0f,0f,0f,1f],start_interpolation:0}
execute if entity @s[tag=aj.ecual.bone.ear_edge_b2] run data modify entity @s {} merge value {transformation:[-0.9523659558948917f,-0.2737789778399623f,-0.1343285425563551f,0.0795533753093127f,-0.2856191743152712f,0.9551398594203232f,0.07829135463119817f,2.132799613535147f,0.10686801820877853f,0.11292882820356709f,-0.9878392108256772f,0.19230714542088928f,0f,0f,0f,1f],start_interpolation:0}
execute if entity @s[tag=aj.ecual.bone.ear_right_2] run data modify entity @s {} merge value {transformation:[-0.9834692185547833f,-0.12142544547963988f,-0.1343285425563551f,0.1097114905288383f,-0.132685935374584f,0.988061185526374f,0.07829135463119817f,2.2497423855290255f,0.12321825639496459f,0.09482064567533464f,-0.9878392108256772f,0.1658397939091955f,0f,0f,0f,1f],start_interpolation:0}
execute if entity @s[tag=aj.ecual.bone.ear_right_1] run data modify entity @s {} merge value {transformation:[-0.9834692185547833f,-0.10744725144600455f,-0.1457511039818998f,0.1338871221041893f,-0.132685935374584f,0.9753559859550678f,0.17628143185085943f,2.0302872886891357f,0.12321825639496459f,0.19270648359179982f,-0.9734893283815018f,0.1224808351010406f,0f,0f,0f,1f],start_interpolation:0}
execute if entity @s[tag=aj.ecual.bone.ear_edge_a3] run data modify entity @s {} merge value {transformation:[-0.9282621369409085f,-0.34217834649485773f,-0.1457511039818998f,-0.19228371598045946f,-0.36470456503762483f,0.9142841117646785f,0.17628143185085943f,2.0547364319696815f,0.07293822977433963f,0.2167914716143545f,-0.9734893283815018f,0.20784354766484436f,0f,0f,0f,1f],start_interpolation:0}
execute if entity @s[tag=aj.ecual.bone.ear_edge_a4] run data modify entity @s {} merge value {transformation:[-0.9703621762547364f,-0.1927533724276415f,-0.1457511039818998f,-0.08245498660767976f,-0.217188900730793f,0.9600801207107458f,0.17628143185085943f,2.0894284329514856f,0.10595389701904033f,0.20271235589822945f,-0.9734893283815018f,0.19768205676836534f,0f,0f,0f,1f],start_interpolation:0}
execute if entity @s[tag=aj.ecual.bone.ear_edge_b3] run data modify entity @s {} merge value {transformation:[-0.8928518264432698f,-0.4347555572111793f,-0.1174871120204861f,-0.059229970903941886f,-0.4450188256249665f,0.8917534762499256f,0.08206084593488557f,2.0915054444001617f,0.06909313175919105f,0.12555215278986814f,-0.9896781275109277f,0.2068866876216465f,0f,0f,0f,1f],start_interpolation:0}
execute if entity @s[tag=aj.ecual.bone.ear_edge_b4] run data modify entity @s {} merge value {transformation:[-0.9834994032021053f,-0.13757071785154115f,-0.1174871120204861f,-0.08956669470081842f,-0.147671075030478f,0.9856263344512431f,0.08206084593488557f,2.0949467344804584f,0.10450922208324748f,0.0980562411375114f,-0.9896781275109277f,0.21077337475277358f,0f,0f,0f,1f],start_interpolation:0}
execute if entity @s[tag=aj.ecual.bone.ear_left_2] run data modify entity @s {} merge value {transformation:[-0.9498700918726892f,-0.2897301970365782f,-0.1174871120204861f,-0.17093673982741772f,-0.3000389274101968f,0.9503907930967079f,0.08206084593488557f,2.1869269933644446f,0.08788316451008896f,0.1131978503424688f,-0.9896781275109277f,0.19648378893022206f,0f,0f,0f,1f],start_interpolation:0}
execute if entity @s[tag=aj.ecual.bone.ear_left_1] run data modify entity @s {} merge value {transformation:[-0.9498700918726892f,-0.27659252385743566f,-0.1457511039818998f,-0.1087034219594948f,-0.3000389274101968f,0.9374974660355884f,0.17628143185085943f,1.9759900635064374f,0.08788316451008896f,0.2111754647752065f,-0.9734893283815018f,0.1489693093558007f,0f,0f,0f,1f],start_interpolation:0}
execute if entity @s[tag=aj.ecual.bone.head] run data modify entity @s {} merge value {transformation:[-0.9703621762547363f,-0.19275337242764148f,-0.1457511039818998f,0.11593267544094792f,-0.21718890073079297f,0.9600801207107459f,0.17628143185085943f,1.5055888194881897f,0.10595389701904032f,0.20271235589822945f,-0.9734893283815018f,0.06225653134249995f,0f,0f,0f,1f],start_interpolation:0}
execute if entity @s[tag=aj.ecual.bone.body_1] run data modify entity @s {} merge value {transformation:[-0.8432289417546321f,0.30216113184070464f,-0.4445937496098065f,0.0026222510006836826f,-0.05813115826572848f,0.7709605735746848f,0.6342243786169669f,1.2164786043976827f,0.5344022082907666f,0.5606411012386955f,-0.6325312920131418f,-0.14798388162201084f,0f,0f,0f,1f],start_interpolation:0}
execute if entity @s[tag=aj.ecual.bone.leg_left_2] run data modify entity @s {} merge value {transformation:[-0.9340076346249931f,0.13709269293649973f,-0.32990200363993494f,0.17180322509061874f,-0.1743934630171539f,0.6309795867374193f,0.7559442315260828f,0.6824503477800203f,0.3117958603302963f,0.7635904364671509f,-0.5654316818297291f,-0.15644376180460878f,0f,0f,0f,1f],start_interpolation:0}
execute if entity @s[tag=aj.ecual.bone.leg_left_1] run data modify entity @s {} merge value {transformation:[-0.9340076346249931f,-0.2592284705165289f,-0.24582582967598454f,0.07380314589071815f,-0.1743934630171539f,0.9313805839645992f,-0.31955770663629246f,0.9371502808494347f,0.3117958603302963f,-0.2555989199652909f,-0.9151243268504378f,-0.3075516654132015f,0f,0f,0f,1f],start_interpolation:0}
execute if entity @s[tag=aj.ecual.bone.leg_right_2] run data modify entity @s {} merge value {transformation:[-0.9089234492796637f,-0.006360238611970187f,-0.4169145124775069f,-0.05516607914248947f,0.11749291889740143f,0.9554598868702556f,-0.2707246176298846f,0.8129656941818115f,0.40006696609258696f,-0.2950524562627421f,-0.8676926130230657f,0.06402013128911935f,0f,0f,0f,1f],start_interpolation:0}
execute if entity @s[tag=aj.ecual.bone.leg_right_1] run data modify entity @s {} merge value {transformation:[-0.9089234492796637f,-0.2889865978479613f,-0.30057429965620663f,-0.16782937850285817f,0.11749291889740143f,0.514145379759067f,-0.8496175271740654f,0.9721244466082002f,0.40006696609258696f,-0.8075526451796597f,-0.43336491309842734f,-0.23868504388515985f,0f,0f,0f,1f],start_interpolation:0}
execute if entity @s[tag=aj.ecual.bone.skirt_forward_right] run data modify entity @s {} merge value {transformation:[-0.918678825526907f,0.14369813034371995f,-0.3679402979618051f,-0.016261920528502796f,0.1794082454602972f,0.9816536025060414f,-0.06456691217464744f,1.1218273564585663f,0.3519117744397883f,-0.12532777833597042f,-0.9276050080653993f,-0.19559229032492986f,0f,0f,0f,1f],start_interpolation:0}
execute if entity @s[tag=aj.ecual.bone.skirt_forward_left] run data modify entity @s {} merge value {transformation:[-0.9101188193821156f,-0.22622343522641172f,-0.3471407379736143f,-0.021829367723602756f,-0.1794082454602972f,0.970346756835255f,-0.16198719998864153f,1.0993769912856572f,0.37349219010223195f,-0.0851476884810381f,-0.9237171943181388f,-0.2096282410727071f,0f,0f,0f,1f],start_interpolation:0}
execute if entity @s[tag=aj.ecual.bone.skirt_forward] run data modify entity @s {} merge value {transformation:[-0.9295446145098438f,-0.023806443907560024f,-0.3679402979618051f,-0.016261920528502796f,0f,0.9979133799344667f,-0.06456691217464744f,1.1218273564585663f,0.36870965492612984f,-0.06001782548747353f,-0.9276050080653993f,-0.19559229032492986f,0f,0f,0f,1f],start_interpolation:0}
execute if entity @s[tag=aj.ecual.bone.skirt_back_right] run data modify entity @s {} merge value {transformation:[-0.8945092292943774f,0.30210433185079594f,-0.3295242197231685f,-0.01041748711399282f,0.13320246923644122f,0.8837406400853093f,0.44861964206989735f,1.1410991133926958f,0.42674388208443453f,0.3574009705339257f,-0.830755201828381f,-0.1808580366032378f,0f,0f,0f,1f],start_interpolation:0}
execute if entity @s[tag=aj.ecual.bone.skirt_back_left] run data modify entity @s {} merge value {transformation:[-0.9438155090633976f,0.025021460133984708f,-0.3295242197231685f,-0.01041748711399282f,-0.13320246923644122f,0.8837406400853093f,0.44861964206989735f,1.1410991133926958f,0.3024390633511394f,0.467307615596377f,-0.830755201828381f,-0.1808580366032378f,0f,0f,0f,1f],start_interpolation:0}
execute if entity @s[tag=aj.ecual.bone.skirt_back] run data modify entity @s {} merge value {transformation:[-0.9295446145098438f,0.1654103934206757f,-0.3295242197231685f,-0.01041748711399282f,0f,0.8937227851795417f,0.44861964206989735f,1.1410991133926958f,0.36870965492612984f,0.4170119722494069f,-0.830755201828381f,-0.1808580366032378f,0f,0f,0f,1f],start_interpolation:0}
execute if entity @s[tag=aj.ecual.bone.skirt_right] run data modify entity @s {} merge value {transformation:[-0.8911071088474897f,0.2865258446944252f,-0.35189637804844537f,-0.1823038885299872f,0.18327585825191745f,0.9366369179567257f,0.29853181355183755f,1.1715622036102646f,0.4151362190215296f,0.20152971057060579f,-0.8871570860979674f,-0.09840157722208125f,0f,0f,0f,1f],start_interpolation:0}
execute if entity @s[tag=aj.ecual.bone.skirt_left] run data modify entity @s {} merge value {transformation:[-0.9333817665850642f,-0.0922636478238915f,-0.3468225729343082f,0.16866332257498598f,-0.18327585825191745f,0.9534142817857424f,0.2396062751035543f,1.1775029633992369f,0.30855864529869786f,0.287208333056696f,-0.9068092058609827f,-0.24517685468482603f,0f,0f,0f,1f],start_interpolation:0}
execute if entity @s[tag=aj.ecual.bone.coat_downer] run data modify entity @s {} merge value {transformation:[-0.9295446145098438f,0.10567615761743561f,-0.353241219773345f,-0.03185618192611011f,0f,0.958047111199505f,0.2866107686781558f,1.0181775469841572f,0.36870965492612984f,0.26641749648530644f,-0.8905475326622133f,-0.2137178305979221f,0f,0f,0f,1f],start_interpolation:0}
execute if entity @s[tag=aj.ecual.bone.body_2] run data modify entity @s {} merge value {transformation:[-0.9295446145098438f,0.11007156195916971f,-0.35189637804844537f,1.8932399331102688e-17f,0f,0.9543996837266088f,0.29853181355183755f,1.2314262263168212f,0.36870965492612984f,0.27749863954696746f,-0.8871570860979674f,-0.15459477250325696f,0f,0f,0f,1f],start_interpolation:0}
execute if entity @s[tag=aj.ecual.bone.book_left] run data modify entity @s {} merge value {transformation:[0.7968610588150389f,0.46805318413392205f,-0.38201920078220086f,0.23818815711652952f,-0.5981731737379916f,0.7000336575546219f,-0.39005349954963453f,1.7373151274546135f,0.08486051593287164f,0.5393320824063734f,0.8378064201967008f,1.0090200067563149f,0f,0f,0f,1f],start_interpolation:0}
execute if entity @s[tag=aj.ecual.bone.book_right] run data modify entity @s {} merge value {transformation:[0.7968610588150389f,0.46805318413392205f,-0.38201920078220086f,0.3128938813804394f,-0.5981731737379916f,0.7000336575546219f,-0.39005349954963453f,1.6812363924166769f,0.08486051593287164f,0.5393320824063734f,0.8378064201967008f,1.0169756801250216f,0f,0f,0f,1f],start_interpolation:0}
execute if entity @s[tag=aj.ecual.bone.book_loot_1] run data modify entity @s {} merge value {transformation:[0.7968610588150389f,0.46805318413392205f,-0.38201920078220086f,0.3328438993658146f,-0.5981731737379916f,0.7000336575546219f,-0.39005349954963453f,1.7677837848680904f,0.08486051593287164f,0.5393320824063734f,0.8378064201967008f,0.8873268804111631f,0f,0f,0f,1f],start_interpolation:0}
execute if entity @s[tag=aj.ecual.bone.book_left2] run data modify entity @s {} merge value {transformation:[-0.6623236113253432f,-0.1658210006287854f,-0.7306372763768791f,0.5506711366370476f,0.15343745240164336f,0.9245091684056357f,-0.3489122321364123f,2.2785157802661464f,0.73333783625383f,-0.34319993194111875f,-0.5868810992306384f,-0.1879886590016209f,0f,0f,0f,1f],start_interpolation:0}
execute if entity @s[tag=aj.ecual.bone.book_right2] run data modify entity @s {} merge value {transformation:[0.17476279873486428f,-0.1658210006287854f,-0.9705469385500247f,0.5761425213157705f,0.37005866750581523f,0.9245091684056357f,-0.0913202066234014f,2.251167046111046f,0.9124223510974389f,-0.34319993194111875f,0.22293330826378013f,-0.27396724821232005f,0f,0f,0f,1f],start_interpolation:0}
execute if entity @s[tag=aj.ecual.bone.book_loot_2] run data modify entity @s {} merge value {transformation:[-0.27169476990637903f,-0.1658210006287854f,-0.9479901622675142f,0.7056053533165362f,0.29171983098773896f,0.9245091684056357f,-0.24532088729336776f,2.301639546282601f,0.917104951580791f,-0.34319993194111875f,-0.20281103150865995f,-0.20055629888067147f,0f,0f,0f,1f],start_interpolation:0}
execute if entity @s[tag=aj.ecual.bone.air_staff_povit_1] run data modify entity @s {} merge value {transformation:[-0.000014524134601716312f,0.0000030539603766546287f,-0.000004885024574047761f,0.24070131109380843f,0f,0.00001324897384373204f,0.000008282832672950979f,1.0078425587777222f,0.000005761088358220779f,0.000007699262504027757f,-0.000012315512284222904f,0.47180625699780265f,0f,0f,0f,1f],start_interpolation:0}