execute if entity @s[tag=aj.ecual.bone.wing_right_1] run data modify entity @s {} merge value {transformation:[-0.49879560583923815f,-0.0010796880687769191f,-0.6466422676515863f,0.16578471278601908f,-0.6282014191469254f,0.1944553838065705f,0.48424634756998686f,0.8200269829839238f,0.15333090041377972f,0.7931773965682317f,-0.11959806434882642f,-0.7489631168027934f,0f,0f,0f,1f],start_interpolation:0}
execute if entity @s[tag=aj.ecual.bone.wing_right_2] run data modify entity @s {} merge value {transformation:[-0.45182716396161565f,0.18600814313431296f,-0.6334454866791049f,0.16578471278601908f,-0.4956417107533901f,0.4114830606183997f,0.4743637690481504f,0.8200269829839238f,0.436109514305588f,0.6603655514272678f,-0.11715728752538099f,-0.7489631168027934f,0f,0f,0f,1f],start_interpolation:0}
execute if entity @s[tag=aj.ecual.bone.wing_left_1] run data modify entity @s {} merge value {transformation:[-0.09324560661647853f,0.10331315137851844f,0.8047211281204244f,-0.0010527715106642827f,0.7967053007665185f,0.164743603122931f,0.07116637833309862f,0.8675114538487656f,-0.15333090041377972f,0.7931773965682317f,-0.11959806434882633f,-0.7489631168027934f,0f,0f,0f,1f],start_interpolation:0}
execute if entity @s[tag=aj.ecual.bone.wing_left_2] run data modify entity @s {} merge value {transformation:[-0.12311896048412972f,0.058545656037447685f,0.7882982479547015f,-0.0010527715106642827f,0.659280071821871f,0.4477608118709201f,0.06971400326507621f,0.8675114538487656f,-0.436109514305588f,0.6603655514272678f,-0.1171572875253809f,-0.7489631168027934f,0f,0f,0f,1f],start_interpolation:0}
execute if entity @s[tag=aj.ecual.bone.staff] run data modify entity @s {} merge value {transformation:[1.5263462666844398f,0.03350415928397971f,-0.33249179762686865f,0.000735422239118223f,-0.3321653095983407f,-0.01815640575998269f,-1.5266770457530685f,0.5476285902800285f,-0.036599607619639006f,1.5620352320740252f,-0.010613787332327757f,0.2735738076407047f,0f,0f,0f,1f],start_interpolation:0}
execute if entity @s[tag=aj.ecual.bone.arm_right_2] run data modify entity @s {} merge value {transformation:[0.564277694206559f,0.7672518545965638f,0.30482007059749666f,-0.25309363534333834f,-0.28837611595802237f,-0.16278541676690322f,0.9435783612572888f,0.6829224365154423f,0.7735825098629716f,-0.6203430500184228f,0.1294009301664646f,-0.013608706791513436f,0f,0f,0f,1f],start_interpolation:0}
execute if entity @s[tag=aj.ecual.bone.arm_right_1] run data modify entity @s {} merge value {transformation:[0.022151642212753453f,0.952152314132679f,0.30482007059749666f,-0.2603621429443981f,-0.1428540056720532f,-0.2987517518450028f,0.9435783612572888f,0.7297964071265847f,0.9894958503251681f,-0.06444657835235817f,0.1294009301664646f,-0.3382870326794592f,0f,0f,0f,1f],start_interpolation:0}
execute if entity @s[tag=aj.ecual.bone.arm_left_2] run data modify entity @s {} merge value {transformation:[0.6315603244009229f,-0.7379816424152551f,0.23772810540759381f,0.2828520336717501f,-0.05197746700933879f,0.26562679787988897f,0.9626737490818835f,0.5303841948081439f,-0.7735825098629715f,-0.6203430500184229f,0.1294009301664646f,-0.013608706791513436f,0f,0f,0f,1f],start_interpolation:0}
execute if entity @s[tag=aj.ecual.bone.arm_left_1] run data modify entity @s {} merge value {transformation:[0.09405505027580083f,-0.9667672912427959f,0.23772810540759381f,0.31371384704349725f,0.10977982376962281f,0.2474017847990205f,0.9626737490818835f,0.5664056994825514f,-0.9894958503251681f,-0.06444657835235829f,0.1294009301664646f,-0.3382870326794592f,0f,0f,0f,1f],start_interpolation:0}
execute if entity @s[tag=aj.ecual.bone.himo_right_2] run data modify entity @s {} merge value {transformation:[-0.44875629031197173f,-0.8878478284213135f,-0.10170558230989568f,-0.09119737519274734f,-0.8835013655637298f,0.45788190389236777f,-0.09884077668110902f,0.3214853940521073f,0.13432471460033568f,0.04550160058127872f,-0.9898921534147442f,-0.5568986639309286f,0f,0f,0f,1f],start_interpolation:0}
execute if entity @s[tag=aj.ecual.bone.himo_right_1] run data modify entity @s {} merge value {transformation:[-0.7588359202194188f,-0.4858474613614637f,-0.43372836023641415f,-0.18500457644949936f,-0.570877304078522f,0.8167366433183898f,0.08390684804619791f,0.47514793247459414f,0.31347591593739105f,0.31127720724400976f,-0.8971283912448559f,-0.504141240017957f,0f,0f,0f,1f],start_interpolation:0}
execute if entity @s[tag=aj.ecual.bone.himo_left_2] run data modify entity @s {} merge value {transformation:[-0.25614769852050306f,-0.9664599421539084f,-0.018534744522477775f,0.22906902757643047f,-0.9591147408001676f,0.25649503855624295f,-0.11962110673229402f,0.25375033535989877f,0.12036307790380245f,-0.012863724495479123f,-0.9926465907208001f,-0.5662280429658704f,0f,0f,0f,1f],start_interpolation:0}
execute if entity @s[tag=aj.ecual.bone.himo_left_1] run data modify entity @s {} merge value {transformation:[-0.6356861587317157f,-0.5887453275506197f,-0.4992815306860744f,0.11555876909390132f,-0.6896468443268111f,0.7237261079467541f,0.02465260201914507f,0.38960305936253486f,0.3468289747223938f,0.3599992499486031f,-0.8660890267919669f,-0.504141240017957f,0f,0f,0f,1f],start_interpolation:0}
execute if entity @s[tag=aj.ecual.bone.ponpon1] run data modify entity @s {} merge value {transformation:[-0.9618027057388822f,0.25290610361442134f,0.10475713812402869f,0.44456230938626995f,0.27374359395858977f,0.8885898341461289f,0.36806596069018593f,1.043267653529951f,-5.700357232814532e-17f,0.38268343236508995f,-0.9238795325112867f,-0.19231127601045656f,0f,0f,0f,1f],start_interpolation:0}
execute if entity @s[tag=aj.ecual.bone.ponpon2] run data modify entity @s {} merge value {transformation:[-0.9618027057388822f,0.25290610361442134f,0.10475713812402869f,0.45883762959880303f,0.27374359395858977f,0.8885898341461289f,0.36806596069018593f,0.9564347233029427f,-5.700357232814532e-17f,0.38268343236508995f,-0.9238795325112867f,-0.32676041122902594f,0f,0f,0f,1f],start_interpolation:0}
execute if entity @s[tag=aj.ecual.bone.ponpon3] run data modify entity @s {} merge value {transformation:[-0.9618027057388822f,0.25290610361442134f,0.10475713812402869f,-0.12049678023532329f,0.27374359395858977f,0.8885898341461289f,0.36806596069018593f,1.2040920149806225f,-5.700357232814532e-17f,0.38268343236508995f,-0.9238795325112867f,-0.1923112760104566f,0f,0f,0f,1f],start_interpolation:0}
execute if entity @s[tag=aj.ecual.bone.ponpon4] run data modify entity @s {} merge value {transformation:[-0.9618027057388822f,0.25290610361442134f,0.10475713812402869f,-0.17835666295320635f,0.27374359395858977f,0.8885898341461289f,0.36806596069018593f,1.1377898543005083f,-5.700357232814532e-17f,0.38268343236508995f,-0.9238795325112867f,-0.326760411229026f,0f,0f,0f,1f],start_interpolation:0}
execute if entity @s[tag=aj.ecual.bone.ear_edge_a1] run data modify entity @s {} merge value {transformation:[-0.9171898054920107f,0.3031254076198f,0.25860751720871805f,0.3636515735542954f,0.3884921095968482f,0.5361242678270273f,0.749429549876387f,1.1284952342289731f,0.08852537197051377f,0.7878361229991069f,-0.6094895420064388f,-0.13654730863881953f,0f,0f,0f,1f],start_interpolation:0}
execute if entity @s[tag=aj.ecual.bone.ear_edge_a2] run data modify entity @s {} merge value {transformation:[-0.9533169379782866f,0.15591333428172888f,0.25860751720871805f,0.25541494899125405f,0.29984081402940893f,0.5902972437799935f,0.749429549876387f,1.1689810532460123f,-0.03580924469861074f,0.7919849721925895f,-0.6094895420064388f,-0.13269086121680362f,0f,0f,0f,1f],start_interpolation:0}
execute if entity @s[tag=aj.ecual.bone.ear_edge_b1] run data modify entity @s {} merge value {transformation:[-0.9011717233515717f,0.2942045585749159f,0.3183287651867127f,0.24240379302041004f,0.3944179241635428f,0.25195445950341655f,0.8837157073600438f,1.1995672229124963f,0.17978883761257305f,0.9219341777209913f,-0.34309378574937766f,-0.16310560454236644f,0f,0f,0f,1f],start_interpolation:0}
execute if entity @s[tag=aj.ecual.bone.ear_edge_b2] run data modify entity @s {} merge value {transformation:[-0.9479794482166743f,0.00132778519061863f,0.3183287651867127f,0.2706017218143567f,0.297255527124235f,0.3615047719729717f,0.8837157073600438f,1.1936012339766984f,-0.1139039830423105f,0.9323693135379658f,-0.34309378574937766f,-0.15230979921115345f,0f,0f,0f,1f],start_interpolation:0}
execute if entity @s[tag=aj.ecual.bone.ear_right_2] run data modify entity @s {} merge value {transformation:[-0.9361005367614386f,0.1496080958024976f,0.3183287651867127f,0.3422552509542218f,0.350147623931151f,0.3105530389812765f,0.8837157073600438f,1.2382238129361118f,0.033353058785002575f,0.9387088087633164f,-0.34309378574937766f,-0.06197574284223231f,0f,0f,0f,1f],start_interpolation:0}
execute if entity @s[tag=aj.ecual.bone.ear_right_1] run data modify entity @s {} merge value {transformation:[-0.9361005367614386f,0.23840708277668507f,0.25860751720871805f,0.28861365732946775f,0.350147623931151f,0.5619181356990045f,0.749429549876387f,1.111792232403836f,0.033353058785002575f,0.7920922115855362f,-0.6094895420064388f,-0.24019649044897767f,0f,0f,0f,1f],start_interpolation:0}
execute if entity @s[tag=aj.ecual.bone.ear_edge_a3] run data modify entity @s {} merge value {transformation:[-0.9842996508512526f,0.02461378718058113f,0.17478088801333846f,-0.006833542013083928f,0.15270054306250605f,0.6153928865191448f,0.7732878761302613f,1.2339409004123156f,-0.08852537197051388f,0.7878361229991069f,-0.6094895420064388f,-0.13654730863881953f,0f,0f,0f,1f],start_interpolation:0}
execute if entity @s[tag=aj.ecual.bone.ear_edge_a4] run data modify entity @s {} merge value {transformation:[-0.9683308441674389f,0.17828913993635181f,0.17478088801333846f,0.10650034576445397f,0.2470892029775689f,0.5839287511348101f,0.7732878761302613f,1.2113644011374132f,0.03580924469861063f,0.7919849721925895f,-0.6094895420064388f,-0.1326908612168036f,0f,0f,0f,1f],start_interpolation:0}
execute if entity @s[tag=aj.ecual.bone.ear_edge_b3] run data modify entity @s {} merge value {transformation:[-0.9738026002517022f,-0.11743896115694333f,0.19472181733283417f,0.13366740719444198f,0.13922812076927382f,0.3691144298890222f,0.9188961138424508f,1.230515242576468f,-0.17978883761257317f,0.9219341777209913f,-0.34309378574937766f,-0.16310560454236644f,0f,0f,0f,1f],start_interpolation:0}
execute if entity @s[tag=aj.ecual.bone.ear_edge_b4] run data modify entity @s {} merge value {transformation:[-0.9624319433537807f,0.189230463369045f,0.19472181733283417f,0.10655399471405343f,0.24647644321387435f,0.308024828391932f,0.9188961138424508f,1.2402916977581204f,0.11390398304231039f,0.9323693135379658f,-0.34309378574937766f,-0.15230979921115345f,0f,0f,0f,1f],start_interpolation:0}
execute if entity @s[tag=aj.ecual.bone.ear_left_2] run data modify entity @s {} merge value {transformation:[-0.9801849753733007f,0.03634319615884261f,0.19472181733283417f,0.06913637884093365f,0.19525620994510245f,0.3427899421557106f,0.9188961138424508f,1.3159575739081937f,-0.033353058785002686f,0.9387088087633164f,-0.34309378574937766f,-0.06197574284223231f,0f,0f,0f,1f],start_interpolation:0}
execute if entity @s[tag=aj.ecual.bone.ear_left_1] run data modify entity @s {} merge value {transformation:[-0.9801849753733007f,0.09321510198305097f,0.17478088801333846f,0.04816298089474722f,0.19525620994510245f,0.6032419689542691f,0.7732878761302613f,1.1802281308934834f,-0.033353058785002686f,0.7920922115855362f,-0.6094895420064388f,-0.24019649044897767f,0f,0f,0f,1f],start_interpolation:0}
execute if entity @s[tag=aj.ecual.bone.head] run data modify entity @s {} merge value {transformation:[-0.9618027057388822f,0.25290610361442134f,0.10475713812402869f,0.03550028044334061f,0.27374359395858977f,0.8885898341461289f,0.36806596069018593f,0.6791058303772002f,-5.700357232814532e-17f,0.38268343236508995f,-0.9238795325112867f,-0.40745051414510863f,0f,0f,0f,1f],start_interpolation:0}
execute if entity @s[tag=aj.ecual.bone.body_1] run data modify entity @s {} merge value {transformation:[-0.9618027057388822f,0.10475713812402845f,0.25290610361442145f,-0.003783646353170061f,0.27374359395858977f,0.3680659606901856f,0.8885898341461291f,0.5410810951183805f,-5.700357232814532e-17f,0.9238795325112868f,-0.3826834323650895f,-0.7539053388368412f,0f,0f,0f,1f],start_interpolation:0}
execute if entity @s[tag=aj.ecual.bone.leg_left_2] run data modify entity @s {} merge value {transformation:[-0.960222146212742f,-0.11765894843094879f,0.2532386261546979f,0.12233189527847786f,0.2653959448085709f,-0.10255908058770613f,0.9586691960567891f,0.37172324762237335f,-0.08682408883346523f,0.9877438973960444f,0.1297057082595473f,-1.4036577987899908f,0f,0f,0f,1f],start_interpolation:0}
execute if entity @s[tag=aj.ecual.bone.leg_left_1] run data modify entity @s {} merge value {transformation:[-0.960222146212742f,-0.0020487391983211103f,0.27922971294311205f,0.12404657238932715f,0.2653959448085709f,0.3042288462359207f,0.9148823976867883f,0.48791985204478205f,-0.08682408883346523f,0.9525967729242303f,-0.2915835485972773f,-1.0674419274690374f,0f,0f,0f,1f],start_interpolation:0}
execute if entity @s[tag=aj.ecual.bone.leg_right_2] run data modify entity @s {} merge value {transformation:[-0.9517259756640329f,0.004412557882122331f,0.30691724711928703f,-0.2023632650136662f,0.28191904697997056f,-0.38291691656808424f,0.8797137522830341f,0.33319826707197125f,0.12140559376013008f,0.9237722470062235f,0.363187991906151f,-0.9873397740538358f,0f,0f,0f,1f],start_interpolation:0}
execute if entity @s[tag=aj.ecual.bone.leg_right_1] run data modify entity @s {} merge value {transformation:[-0.9517259756640329f,0.23401816097839284f,-0.19862821445765352f,-0.1141377942804825f,0.28191904697997056f,0.9223738684107203f,-0.26409865168710733f,0.6556448059270658f,0.12140559376013008f,-0.30734662387170286f,-0.9438213467592349f,-1.0444816940362633f,0f,0f,0f,1f],start_interpolation:0}
execute if entity @s[tag=aj.ecual.bone.skirt_forward_right] run data modify entity @s {} merge value {transformation:[-0.8542296100553198f,0.4892138663124954f,0.1759589904276446f,-0.0006792050268866492f,0.4826290126618846f,0.6203667393427821f,0.618234862211942f,0.5519886017535081f,0.19328996208223137f,0.6130374390889878f,-0.7660444431189779f,-0.8609259910169521f,0f,0f,0f,1f],start_interpolation:0}
execute if entity @s[tag=aj.ecual.bone.skirt_forward_left] run data modify entity @s {} merge value {transformation:[-0.9803454774220418f,-0.08922543687667184f,0.1759589904276446f,-0.0006792050268866492f,0.039518798772209346f,0.7849993119037637f,0.618234862211942f,0.5519886017535081f,-0.19328996208223148f,0.6130374390889878f,-0.7660444431189779f,-0.8609259910169521f,0f,0f,0f,1f],start_interpolation:0}
execute if entity @s[tag=aj.ecual.bone.skirt_forward] run data modify entity @s {} merge value {transformation:[-0.9618027057388822f,0.20969975899139548f,0.1759589904276446f,-0.0006792050268866492f,0.27374359395858977f,0.7367836181080681f,0.618234862211942f,0.5519886017535081f,-5.700357232814532e-17f,0.6427876096865394f,-0.7660444431189779f,-0.8609259910169521f,0f,0f,0f,1f],start_interpolation:0}
execute if entity @s[tag=aj.ecual.bone.skirt_back_right] run data modify entity @s {} merge value {transformation:[-0.9701994326351904f,0.12140457978719393f,0.20969975899139545f,-0.002684061703560748f,0.07516709719419082f,-0.6719373539155145f,0.736783618108068f,0.5449445042155197f,0.2303540067238978f,0.730589570429055f,0.6427876096865395f,-0.8370719035353212f,0f,0f,0f,1f],start_interpolation:0}
execute if entity @s[tag=aj.ecual.bone.skirt_back_left] run data modify entity @s {} merge value {transformation:[-0.8643756548421713f,-0.4570347234019733f,0.20969975899139545f,-0.002684061703560748f,0.44698071423990315f,-0.5073047813545328f,0.736783618108068f,0.5449445042155197f,-0.2303540067238979f,0.730589570429055f,0.6427876096865395f,-0.8370719035353212f,0f,0f,0f,1f],start_interpolation:0}
execute if entity @s[tag=aj.ecual.bone.skirt_back] run data modify entity @s {} merge value {transformation:[-0.9618027057388822f,-0.17595899042764462f,0.20969975899139545f,-0.002684061703560748f,0.27374359395858977f,-0.6182348622119421f,0.736783618108068f,0.5449445042155197f,-5.700357232814532e-17f,0.7660444431189778f,0.6427876096865395f,-0.8370719035353212f,0f,0f,0f,1f],start_interpolation:0}
execute if entity @s[tag=aj.ecual.bone.skirt_right] run data modify entity @s {} merge value {transformation:[-0.8210164134715441f,0.5015632694970732f,0.27270191693812673f,-0.17492319857151914f,0.27898222108908083f,-0.06427580658247803f,0.9581427560673696f,0.6018953606751097f,0.49809734904587266f,0.862729915662821f,-0.08715574274765793f,-0.7499048674522936f,0f,0f,0f,1f],start_interpolation:0}
execute if entity @s[tag=aj.ecual.bone.skirt_left] run data modify entity @s {} merge value {transformation:[-0.8448747397254182f,-0.4602394362418088f,0.27270191693812673f,0.1737302822588256f,0.19515559189370146f,0.20946778737611169f,0.9581427560673696f,0.5026633078651209f,-0.4980973490458728f,0.862729915662821f,-0.08715574274765793f,-0.7499048674522935f,0f,0f,0f,1f],start_interpolation:0}
execute if entity @s[tag=aj.ecual.bone.coat_downer] run data modify entity @s {} merge value {transformation:[-0.9618027057388822f,-0.07545396041058808f,0.2631392313808845f,-0.012844928410934927f,0.27374359395858977f,-0.2651087546275011f,0.9245441000766217f,0.5377836093669588f,-5.700357232814532e-17f,0.9612616959383188f,0.2756373558169995f,-0.9475872528548743f,0f,0f,0f,1f],start_interpolation:0}
execute if entity @s[tag=aj.ecual.bone.body_2] run data modify entity @s {} merge value {transformation:[-0.9618027057388822f,0.023858326253874126f,0.27270191693812673f,8.878689293818311e-17f,0.27374359395858977f,0.08382662919537937f,0.9581427560673696f,0.5543749999999998f,-5.700357232814532e-17f,0.9961946980917455f,-0.08715574274765793f,-0.725f,0f,0f,0f,1f],start_interpolation:0}
execute if entity @s[tag=aj.ecual.bone.book_left] run data modify entity @s {} merge value {transformation:[-3.3602778172635155e-16f,-0.27374359395858955f,0.9618027057388823f,-0.6885906966036976f,-1.6126131675373807e-16f,-0.9618027057388823f,-0.27374359395858955f,1.0460270708802455f,1f,-2.470870234244642e-16f,2.7904817725317667e-16f,0.18125000000000013f,0f,0f,0f,1f],start_interpolation:0}
execute if entity @s[tag=aj.ecual.bone.book_right] run data modify entity @s {} merge value {transformation:[-3.3602778172635155e-16f,-0.27374359395858955f,0.9618027057388823f,-0.6885906966036976f,-1.6126131675373807e-16f,-0.9618027057388823f,-0.27374359395858955f,1.0460270708802455f,1f,-2.470870234244642e-16f,2.7904817725317667e-16f,0.27500000000000013f,0f,0f,0f,1f],start_interpolation:0}
execute if entity @s[tag=aj.ecual.bone.book_loot_1] run data modify entity @s {} merge value {transformation:[-3.3602778172635155e-16f,-0.27374359395858955f,0.9618027057388823f,-0.83286110246453f,-1.6126131675373807e-16f,-0.9618027057388823f,-0.27374359395858955f,1.087088609974034f,1f,-2.470870234244642e-16f,2.7904817725317667e-16f,0.22812500000000008f,0f,0f,0f,1f],start_interpolation:0}
execute if entity @s[tag=aj.ecual.bone.book_left2] run data modify entity @s {} merge value {transformation:[-3.3602778172635155e-16f,0.27374359395859f,-0.961802705738882f,0.8442823656676457f,-1.6126131675373807e-16f,0.961802705738882f,0.27374359395859f,0.609748218008743f,1f,2.470870234244642e-16f,-2.7904817725317657e-16f,0.27500000000000013f,0f,0f,0f,1f],start_interpolation:0}
execute if entity @s[tag=aj.ecual.bone.book_right2] run data modify entity @s {} merge value {transformation:[-3.3602778172635155e-16f,0.27374359395859f,-0.961802705738882f,0.8442823656676458f,-1.6126131675373807e-16f,0.961802705738882f,0.27374359395859f,0.609748218008743f,1f,2.470870234244642e-16f,-2.7904817725317657e-16f,0.18125000000000013f,0f,0f,0f,1f],start_interpolation:0}
execute if entity @s[tag=aj.ecual.bone.book_loot_2] run data modify entity @s {} merge value {transformation:[-3.3602778172635155e-16f,0.27374359395859f,-0.961802705738882f,0.9885527715284781f,-1.6126131675373807e-16f,0.961802705738882f,0.27374359395859f,0.5686866789149545f,1f,2.470870234244642e-16f,-2.7904817725317657e-16f,0.2281250000000002f,0f,0f,0f,1f],start_interpolation:0}
execute if entity @s[tag=aj.ecual.bone.air_staff_povit_1] run data modify entity @s {} merge value {transformation:[-0.000015028167277170035f,-1.9135106236677393e-21f,0.0000042772436556029654f,-0.19514053187520078f,0.0000042772436556029654f,-3.469446951953614e-21f,0.000015028167277170035f,-0.10488861580608555f,-8.906808176272707e-22f,0.000015625f,3.860734741007254e-21f,-0.5588775000000001f,0f,0f,0f,1f],start_interpolation:0}