execute if entity @s[tag=aj.ecual.bone.wing_right_1] run data modify entity @s {} merge value {transformation:[-0.7346382695611645f,0.1877497420347973f,0.30331681738157723f,0.2991482571285319f,0.32208801952094007f,0.05063690732611498f,0.7487587433492642f,0.4618230291198742f,0.15333090041377995f,0.7931773965682316f,-0.11959806434882624f,-0.7489631168027934f,0f,0f,0f,1f],start_interpolation:0}
execute if entity @s[tag=aj.ecual.bone.wing_right_2] run data modify entity @s {} merge value {transformation:[-0.5944834729856651f,0.4453146499029941f,0.297126678251341f,0.2991482571285319f,0.3104800990064356f,-0.0749146252071957f,0.733477952668667f,0.4618230291198742f,0.43610951430558814f,0.6603655514272676f,-0.11715728752538081f,-0.7489631168027934f,0f,0f,0f,1f],start_interpolation:0}
execute if entity @s[tag=aj.ecual.bone.wing_left_1] run data modify entity @s {} merge value {transformation:[0.7465788246813118f,0.18564430000247872f,0.27404506355434505f,0.3025131110195104f,0.2933498559062453f,-0.057881395061593004f,-0.7599605585752153f,0.6352537037367147f,-0.15333090041377984f,0.7931773965682316f,-0.11959806434882657f,-0.7489631168027935f,0f,0f,0f,1f],start_interpolation:0}
execute if entity @s[tag=aj.ecual.bone.wing_left_2] run data modify entity @s {} merge value {transformation:[0.6060792466338938f,0.447885371030022f,0.2684523071552768f,0.3025131110195104f,0.28718711379836614f,0.05758500590831099f,-0.7444511594206191f,0.6352537037367147f,-0.43610951430558803f,0.6603655514272677f,-0.11715728752538114f,-0.7489631168027935f,0f,0f,0f,1f],start_interpolation:0}
execute if entity @s[tag=aj.ecual.bone.staff] run data modify entity @s {} merge value {transformation:[0.06809046022018479f,-0.009011274472611264f,-1.5609896656158175f,-0.006335759913808464f,-1.560586558941571f,-0.03702675643135257f,-0.06785912878221649f,0.5519433264417092f,-0.036599607619639554f,1.562035232074025f,-0.01061378733232756f,0.27357380764070466f,0f,0f,0f,1f],start_interpolation:0}
execute if entity @s[tag=aj.ecual.bone.arm_right_2] run data modify entity @s {} merge value {transformation:[-0.13492950210010535f,0.03827365106090604f,0.9901157291435609f,0.05974888095411292f,-0.6191640573362795f,-0.7833962138843338f,-0.05409475182093125f,0.8318833834963003f,0.7735825098629714f,-0.620343050018423f,0.12940093016646442f,-0.013608706791513436f,0f,0f,0f,1f],start_interpolation:0}
execute if entity @s[tag=aj.ecual.bone.arm_right_1] run data modify entity @s {} merge value {transformation:[-0.13248064186185504f,-0.0460404434642547f,0.9901157291435609f,0.1032190915650341f,-0.05785189470660194f,-0.9968585236152063f,-0.05409475182093125f,0.8508660364469041f,0.9894958503251681f,-0.06444657835235844f,0.12940093016646442f,-0.3382870326794592f,0f,0f,0f,1f],start_interpolation:0}
execute if entity @s[tag=aj.ecual.bone.arm_left_2] run data modify entity @s {} merge value {transformation:[0.11081129972577591f,0.06863188147059393f,0.991468870262143f,0.04893968614192319f,-0.6239318522781072f,0.7813220623658643f,0.015648596523753368f,0.2747578710426906f,-0.7735825098629717f,-0.6203430500184226f,0.12940093016646442f,-0.013608706791513547f,0f,0f,0f,1f],start_interpolation:0}
execute if entity @s[tag=aj.ecual.bone.arm_left_1] run data modify entity @s {} merge value {transformation:[0.1301369326946602f,-0.0073388043941014f,0.991468870262143f,0.09164086718235857f,-0.06294712811636662f,0.997894172990673f,0.015648596523753368f,0.25410334462950784f,-0.9894958503251681f,-0.064446578352358f,0.12940093016646442f,-0.3382870326794593f,0f,0f,0f,1f],start_interpolation:0}
execute if entity @s[tag=aj.ecual.bone.himo_right_2] run data modify entity @s {} merge value {transformation:[-0.9687341388898832f,0.21630834514601785f,-0.12151077305929327f,-0.24844689267601433f,0.208592998916105f,0.9752642227441406f,0.07313451058462639f,0.5831616517720343f,0.13432471460033585f,0.045501600581279056f,-0.9898921534147442f,-0.5568986639309286f,0f,0f,0f,1f],start_interpolation:0}
execute if entity @s[tag=aj.ecual.bone.himo_right_1] run data modify entity @s {} merge value {transformation:[-0.7455291312649838f,0.6658205659870684f,-0.029483696239414325f,-0.12378980965493533f,0.5881489305970825f,0.6780777788418003f,0.4407849376719655f,0.7130561411653216f,0.3134759159373913f,0.31127720724400987f,-0.8971283912448557f,-0.504141240017957f,0f,0f,0f,1f],start_interpolation:0}
execute if entity @s[tag=aj.ecual.bone.himo_left_2] run data modify entity @s {} merge value {transformation:[-0.9927251922070568f,0.0015321368730864399f,-0.12039246369297568f,-0.23226294523085805f,0.0030695659278652324f,0.9999160850534943f,-0.01258573066245805f,0.25621106412332156f,0.12036307790380253f,-0.012863724495478845f,-0.9926465907208001f,-0.5662280429658704f,0f,0f,0f,1f],start_interpolation:0}
execute if entity @s[tag=aj.ecual.bone.himo_left_1] run data modify entity @s {} merge value {transformation:[-0.828963684777773f,0.5496431647494995f,-0.1034968635457694f,-0.12985170723748796f,0.43878112039224065f,0.7538520620656268f,0.4890584800478696f,0.4006149412609258f,0.34682897472239405f,0.3599992499486033f,-0.8660890267919666f,-0.504141240017957f,0f,0f,0f,1f],start_interpolation:0}
execute if entity @s[tag=aj.ecual.bone.ponpon1] run data modify entity @s {} merge value {transformation:[0.019398072264168453f,0.9237056950558038f,0.3826114265333804f,0.5861048027759908f,0.9998118396940667f,-0.017921481935040194f,-0.0074233208753178275f,0.24919827453534787f,2.243784036550321e-16f,0.3826834323650898f,-0.9238795325112866f,-0.19231127601045678f,0f,0f,0f,1f],start_interpolation:0}
execute if entity @s[tag=aj.ecual.bone.ponpon2] run data modify entity @s {} merge value {transformation:[0.019398072264168453f,0.9237056950558038f,0.3826114265333804f,0.5057839844216134f,0.9998118396940667f,-0.017921481935040194f,-0.0074233208753178275f,0.21324957945663936f,2.243784036550321e-16f,0.3826834323650898f,-0.9238795325112866f,-0.32676041122902616f,0f,0f,0f,1f],start_interpolation:0}
execute if entity @s[tag=aj.ecual.bone.ponpon3] run data modify entity @s {} merge value {transformation:[0.019398072264168453f,0.9237056950558038f,0.3826114265333804f,0.5975011702311896f,0.9998118396940667f,-0.017921481935040194f,-0.0074233208753178275f,0.8365877303556122f,2.243784036550321e-16f,0.3826834323650898f,-0.9238795325112866f,-0.19231127601045667f,0f,0f,0f,1f],start_interpolation:0}
execute if entity @s[tag=aj.ecual.bone.ponpon4] run data modify entity @s {} merge value {transformation:[0.019398072264168453f,0.9237056950558038f,0.3826114265333804f,0.5186352072966249f,0.9998118396940667f,-0.017921481935040194f,-0.0074233208753178275f,0.8756249232539586f,2.243784036550321e-16f,0.3826834323650898f,-0.9238795325112866f,-0.326760411229026f,0f,0f,0f,1f],start_interpolation:0}
execute if entity @s[tag=aj.ecual.bone.ear_edge_a1] run data modify entity @s {} merge value {transformation:[0.1417299141383181f,0.5957031983529946f,0.7906012464639539f,0.6478789964895469f,0.9859390903883601f,-0.15637116988034896f,-0.05892509884950506f,0.34916945376076225f,0.08852537197051402f,0.7878361229991067f,-0.6094895420064387f,-0.13654730863881975f,0f,0f,0f,1f],start_interpolation:0}
execute if entity @s[tag=aj.ecual.bone.ear_edge_a2] run data modify entity @s {} merge value {transformation:[0.04679647255086149f,0.610540546766911f,0.7906012464639539f,0.6594218995176627f,0.9982623844215065f,-0.00021112712888729512f,-0.05892509884950506f,0.46415219084752996f,-0.035809244698610465f,0.7919849721925892f,-0.6094895420064387f,-0.1326908612168038f,0f,0f,0f,1f],start_interpolation:0}
execute if entity @s[tag=aj.ecual.bone.ear_edge_b1] run data modify entity @s {} merge value {transformation:[0.15154494392982618f,0.31865523692121067f,0.9356778131130356f,0.6856783408010645f,0.9719619868283048f,-0.22021855492352851f,-0.08242380862449437f,0.4845336345082681f,0.17978883761257328f,0.9219341777209911f,-0.3430937857493776f,-0.1631056045423666f,0f,0f,0f,1f],start_interpolation:0}
execute if entity @s[tag=aj.ecual.bone.ear_edge_b2] run data modify entity @s {} merge value {transformation:[0.04565792288081557f,0.34988910261140826f,0.9356778131130356f,0.6871010940621867f,0.9924420571123066f,0.09091248014726097f,-0.08242380862449437f,0.4557466238019007f,-0.11390398304231023f,0.9323693135379656f,-0.3430937857493776f,-0.15230979921115362f,0f,0f,0f,1f],start_interpolation:0}
execute if entity @s[tag=aj.ecual.bone.ear_right_2] run data modify entity @s {} merge value {transformation:[0.09983051267559559f,0.33843891440987517f,0.9356778131130356f,0.748522241527825f,0.9944452937233963f,-0.0654589456317533f,-0.08242380862449437f,0.3978428636891852f,0.03335305878500284f,0.9387088087633162f,-0.3430937857493776f,-0.061975742842232534f,0f,0f,0f,1f],start_interpolation:0}
execute if entity @s[tag=aj.ecual.bone.ear_right_1] run data modify entity @s {} merge value {transformation:[0.09983051267559559f,0.6041386743360915f,0.7906012464639539f,0.6125910398022046f,0.9944452937233963f,-0.08721462329772552f,-0.05892509884950506f,0.4174661539311734f,0.03335305878500284f,0.792092211585536f,-0.6094895420064387f,-0.24019649044897784f,0f,0f,0f,1f],start_interpolation:0}
execute if entity @s[tag=aj.ecual.bone.ear_edge_a3] run data modify entity @s {} merge value {transformation:[-0.1033798142024224f,0.6013203467634269f,0.7922918998600103f,0.6553511079752947f,0.9906946414173011f,0.1331468507552775f,0.028214244646933867f,0.7342956368797082f,-0.08852537197051358f,0.7878361229991067f,-0.6094895420064387f,-0.13654730863881964f,0f,0f,0f,1f],start_interpolation:0}
execute if entity @s[tag=aj.ecual.bone.ear_edge_a4] run data modify entity @s {} merge value {transformation:[-0.008039810376881423f,0.6100892613915763f,0.7922918998600103f,0.6624252766316461f,0.9993263027876426f,-0.02347119417039037f,0.028214244646933867f,0.618951696526941f,0.03580924469861091f,0.7919849721925892f,-0.6094895420064387f,-0.13269086121680373f,0f,0f,0f,1f],start_interpolation:0}
execute if entity @s[tag=aj.ecual.bone.ear_edge_b3] run data modify entity @s {} merge value {transformation:[-0.11372961319130888f,0.3269574497297107f,0.9381707739796624f,0.68787138544256f,0.9771087702775343f,0.2076925564775099f,0.04606791758437982f,0.5975671343161383f,-0.17978883761257286f,0.9219341777209911f,-0.3430937857493776f,-0.16310560454236658f,0f,0f,0f,1f],start_interpolation:0}
execute if entity @s[tag=aj.ecual.bone.ear_edge_b4] run data modify entity @s {} merge value {transformation:[-0.007127881317348414f,0.34609939635649006f,0.9381707739796624f,0.690409682867434f,0.9934661926583224f,-0.10441585614462962f,0.04606791758437982f,0.62627729381471f,0.11390398304231066f,0.9323693135379656f,-0.3430937857493776f,-0.1523097992111536f,0f,0f,0f,1f],start_interpolation:0}
execute if entity @s[tag=aj.ecual.bone.ear_left_2] run data modify entity @s {} merge value {transformation:[-0.061181999190065284f,0.34072329216757086f,0.9381707739796624f,0.7540306265493577f,0.9975692138617707f,0.05228202869674975f,0.04606791758437982f,0.6817550219243583f,-0.033353058785002394f,0.9387088087633162f,-0.3430937857493776f,-0.06197574284223248f,0f,0f,0f,1f],start_interpolation:0}
execute if entity @s[tag=aj.ecual.bone.ear_left_1] run data modify entity @s {} merge value {transformation:[-0.061181999190065284f,0.60706697191605f,0.7922918998600103f,0.6174405578682467f,0.9975692138617707f,0.06371514697630336f,0.028214244646933867f,0.6674191138546901f,-0.033353058785002394f,0.792092211585536f,-0.6094895420064387f,-0.24019649044897778f,0f,0f,0f,1f],start_interpolation:0}
execute if entity @s[tag=aj.ecual.bone.head] run data modify entity @s {} merge value {transformation:[0.019398072264168453f,0.9237056950558038f,0.3826114265333804f,0.12966002303995794f,0.9998118396940667f,-0.017921481935040194f,-0.0074233208753178275f,0.5518593721619935f,2.243784036550321e-16f,0.3826834323650898f,-0.9238795325112866f,-0.4074505141451087f,0f,0f,0f,1f],start_interpolation:0}
execute if entity @s[tag=aj.ecual.bone.body_1] run data modify entity @s {} merge value {transformation:[0.019398072264168453f,0.3826114265333802f,0.9237056950558039f,-0.01381926191005964f,0.9998118396940667f,-0.007423320875318236f,-0.017921481935040024f,0.5546431174902379f,2.243784036550321e-16f,0.9238795325112867f,-0.3826834323650896f,-0.7539053388368412f,0f,0f,0f,1f],start_interpolation:0}
execute if entity @s[tag=aj.ecual.bone.leg_left_2] run data modify entity @s {} merge value {transformation:[0.011729562537789714f,-0.12917478567909446f,0.9915524656352948f,-0.14541288231634653f,0.9961546039450456f,0.0876120305758987f,-0.00037032074898155076f,0.3895058127469099f,-0.08682408883346496f,0.9877438973960444f,0.1297057082595472f,-1.403657798789991f,0f,0f,0f,1f],start_interpolation:0}
execute if entity @s[tag=aj.ecual.bone.leg_left_1] run data modify entity @s {} merge value {transformation:[0.011729562537789714f,0.29364605509633546f,0.9558422525129511f,-0.03262138426322391f,0.9961546039450456f,0.0795699851747013f,-0.0366690945945922f,0.41748203414696033f,-0.08682408883346496f,0.9525967729242303f,-0.2915835485972774f,-1.0674419274690377f,0f,0f,0f,1f],start_interpolation:0}
execute if entity @s[tag=aj.ecual.bone.leg_right_2] run data modify entity @s {} merge value {transformation:[0.02987309655172727f,-0.36912919857198717f,0.9288978592202767f,-0.26547253206555743f,0.9921533550344731f,-0.10192384619251132f,-0.07241028705345613f,0.693638681318603f,0.12140559376013035f,0.9237722470062235f,0.3631879919061509f,-0.9873397740538358f,0f,0f,0f,1f],start_interpolation:0}
execute if entity @s[tag=aj.ecual.bone.leg_right_1] run data modify entity @s {} merge value {transformation:[0.02987309655172727f,0.9515554673108182f,-0.3060225330483057f,0.06881187013674081f,0.9921533550344731f,0.008957981109388793f,0.124705551874335f,0.6905658080745677f,0.12140559376013035f,-0.307346623871703f,-0.9438213467592349f,-1.0444816940362633f,0f,0f,0f,1f],start_interpolation:0}
execute if entity @s[tag=aj.ecual.bone.skirt_forward_right] run data modify entity @s {} merge value {transformation:[0.24881093357369627f,0.7246189896429333f,0.6426666625732507f,-0.0024807054573989483f,0.9490690754062294f,-0.31482124789167315f,-0.012468840503211426f,0.5544231299598769f,0.19328996208223162f,0.6130374390889876f,-0.766044443118978f,-0.8609259910169521f,0f,0f,0f,1f],start_interpolation:0}
execute if entity @s[tag=aj.ecual.bone.skirt_forward_left] run data modify entity @s {} merge value {transformation:[-0.2118103929133433f,0.7362852153010101f,0.6426666625732507f,-0.0024807054573989483f,0.9580059227437714f,0.2864771893264117f,-0.012468840503211426f,0.5544231299598769f,-0.19328996208223118f,0.6130374390889878f,-0.766044443118978f,-0.8609259910169521f,0f,0f,0f,1f],start_interpolation:0}
execute if entity @s[tag=aj.ecual.bone.skirt_forward] run data modify entity @s {} merge value {transformation:[0.019398072264168453f,0.7659003039622022f,0.6426666625732507f,-0.0024807054573989483f,0.9998118396940667f,-0.01485978546518676f,-0.012468840503211426f,0.5544231299598769f,2.243784036550321e-16f,0.6427876096865393f,-0.766044443118978f,-0.8609259910169521f,0f,0f,0f,1f],start_interpolation:0}
execute if entity @s[tag=aj.ecual.bone.skirt_back_right] run data modify entity @s {} merge value {transformation:[-0.17475332225365578f,-0.6187552026059389f,0.7659003039622021f,-0.00980317614334927f,0.9572869517274099f,-0.2887574740649536f,-0.014859785465186758f,0.5545651985070564f,0.2303540067238981f,0.730589570429055f,0.6427876096865394f,-0.8370719035353212f,0f,0f,0f,1f],start_interpolation:0}
execute if entity @s[tag=aj.ecual.bone.skirt_back_left] run data modify entity @s {} merge value {transformation:[0.21175386291400874f,-0.607088976947862f,0.7659003039622021f,-0.00980317614334927f,0.949788046422591f,0.31254096315313123f,-0.014859785465186758f,0.5545651985070564f,-0.23035400672389766f,0.7305895704290553f,0.6427876096865394f,-0.8370719035353212f,0f,0f,0f,1f],start_interpolation:0}
execute if entity @s[tag=aj.ecual.bone.skirt_back] run data modify entity @s {} merge value {transformation:[0.019398072264168453f,-0.6426666625732508f,0.7659003039622021f,-0.00980317614334927f,0.9998118396940667f,0.012468840503211428f,-0.014859785465186758f,0.5545651985070564f,2.243784036550321e-16f,0.7660444431189779f,0.6427876096865394f,-0.8370719035353212f,0f,0f,0f,1f],start_interpolation:0}
execute if entity @s[tag=aj.ecual.bone.skirt_right] run data modify entity @s {} merge value {transformation:[0.06036889511343561f,0.0657658490049301f,0.9960072537925835f,0.0013374170104696569f,0.8650171254814883f,-0.5013700686370127f,-0.019324256742765136f,0.7356331622794511f,0.49809734904587294f,0.8627299156628209f,-0.08715574274765807f,-0.7499048674522935f,0f,0f,0f,1f],start_interpolation:0}
execute if entity @s[tag=aj.ecual.bone.skirt_left] run data modify entity @s {} merge value {transformation:[-0.026770448383003194f,0.08516392126909855f,0.9960072537925835f,-0.005694384185291407f,0.8667077788775449f,0.4984417710570539f,-0.019324256742765136f,0.3732013703903519f,-0.4980973490458725f,0.8627299156628211f,-0.08715574274765807f,-0.7499048674522936f,0f,0f,0f,1f],start_interpolation:0}
execute if entity @s[tag=aj.ecual.bone.coat_downer] run data modify entity @s {} merge value {transformation:[0.019398072264168453f,-0.2755854918078022f,0.9610808246435291f,-0.019318649622921638f,0.9998118396940667f,0.005346833346842251f,-0.018646623842588694f,0.5625637853657913f,2.243784036550321e-16f,0.9612616959383189f,0.27563735581699933f,-0.9475872528548743f,0f,0f,0f,1f],start_interpolation:0}
execute if entity @s[tag=aj.ecual.bone.body_2] run data modify entity @s {} merge value {transformation:[0.019398072264168453f,0.08713934349643881f,0.9960072537925835f,8.878689293818311e-17f,0.9998118396940667f,-0.0016906533960565702f,-0.019324256742765136f,0.5543750000000001f,2.243784036550321e-16f,0.9961946980917455f,-0.08715574274765807f,-0.725f,0f,0f,0f,1f],start_interpolation:0}
execute if entity @s[tag=aj.ecual.bone.book_left] run data modify entity @s {} merge value {transformation:[-1.1815744262253083e-16f,-0.9998118396940667f,-0.01939807226416823f,0.2997793307485095f,-4.177998079352629e-20f,0.01939807226416823f,-0.9998118396940667f,1.3455837329560865f,1f,-1.181343996308921e-16f,-2.333798730000759e-18f,0.18125000000000024f,0f,0f,0f,1f],start_interpolation:0}
execute if entity @s[tag=aj.ecual.bone.book_right] run data modify entity @s {} merge value {transformation:[-1.1815744262253083e-16f,-0.9998118396940667f,-0.01939807226416823f,0.29977933074850943f,-4.177998079352629e-20f,0.01939807226416823f,-0.9998118396940667f,1.3455837329560865f,1f,-1.181343996308921e-16f,-2.333798730000759e-18f,0.27500000000000024f,0f,0f,0f,1f],start_interpolation:0}
execute if entity @s[tag=aj.ecual.bone.book_loot_1] run data modify entity @s {} merge value {transformation:[-1.1815744262253083e-16f,-0.9998118396940667f,-0.01939807226416823f,0.3026890415881347f,-4.177998079352629e-20f,0.01939807226416823f,-0.9998118396940667f,1.4955555089101966f,1f,-1.181343996308921e-16f,-2.333798730000759e-18f,0.22812500000000024f,0f,0f,0f,1f],start_interpolation:0}
execute if entity @s[tag=aj.ecual.bone.book_left2] run data modify entity @s {} merge value {transformation:[-1.1815744262253083e-16f,0.9998118396940667f,0.019398072264168675f,0.26886365307749105f,-4.177998079352629e-20f,-0.019398072264168675f,0.9998118396940667f,-0.24786638655633253f,1f,1.18134399630892e-16f,2.3337987300008115e-18f,0.2749999999999998f,0f,0f,0f,1f],start_interpolation:0}
execute if entity @s[tag=aj.ecual.bone.book_right2] run data modify entity @s {} merge value {transformation:[-1.1815744262253083e-16f,0.9998118396940667f,0.019398072264168675f,0.26886365307749105f,-4.177998079352629e-20f,-0.019398072264168675f,0.9998118396940667f,-0.24786638655633253f,1f,1.18134399630892e-16f,2.3337987300008115e-18f,0.1812499999999998f,0f,0f,0f,1f],start_interpolation:0}
execute if entity @s[tag=aj.ecual.bone.book_loot_2] run data modify entity @s {} merge value {transformation:[-1.1815744262253083e-16f,0.9998118396940667f,0.019398072264168675f,0.2659539422378657f,-4.177998079352629e-20f,-0.019398072264168675f,0.9998118396940667f,-0.3978381625104426f,1f,1.18134399630892e-16f,2.3337987300008115e-18f,0.2281249999999998f,0f,0f,0f,1f],start_interpolation:0}
execute if entity @s[tag=aj.ecual.bone.air_staff_povit_1] run data modify entity @s {} merge value {transformation:[3.030948791276321e-7f,-1.9135106236677393e-21f,0.000015622059995219795f,-0.6872306342031042f,0.000015622059995219795f,-3.469446951953614e-21f,-3.030948791276321e-7f,0.5749273166346077f,3.505912557109877e-21f,0.000015625f,1.8458499942326885e-21f,-0.5588775000000001f,0f,0f,0f,1f],start_interpolation:0}