execute if entity @s[tag=aj.ecual.bone.wing_right_1] run data modify entity @s {} merge value {transformation:[-0.3829444980232496f,-0.03460954800880064f,-0.7204860408535283f,0.11747077385548224f,-0.7048316046095442f,0.19135370705662588f,0.365432089975232f,0.8446441239981062f,0.15333090041377967f,0.7931773965682317f,-0.11959806434882644f,-0.7489631168027935f,0f,0f,0f,1f],start_interpolation:0}
execute if entity @s[tag=aj.ecual.bone.wing_right_2] run data modify entity @s {} merge value {transformation:[-0.359548490876181f,0.11223326877459511f,-0.7057822441014155f,0.11747077385548224f,-0.5661566693423339f,0.4374025970068423f,0.3579742922206355f,0.8446441239981062f,0.436109514305588f,0.6603655514272678f,-0.11715728752538102f,-0.7489631168027935f,0f,0f,0f,1f],start_interpolation:0}
execute if entity @s[tag=aj.ecual.bone.wing_left_1] run data modify entity @s {} merge value {transformation:[-0.22928948194353402f,0.07334382116586914f,0.7803790500848283f,-0.05505704155609149f,0.7686744518278265f,0.18009649056679436f,0.20892411454200116f,0.8626350675272823f,-0.15333090041377978f,0.7931773965682317f,-0.1195980643488263f,-0.7489631168027935f,0f,0f,0f,1f],start_interpolation:0}
execute if entity @s[tag=aj.ecual.bone.wing_left_2] run data modify entity @s {} merge value {transformation:[-0.23500733839765564f,-0.01957658521866148f,0.7644529470218727f,-0.05505704155609149f,0.6281560653463387f,0.4511475321880162f,0.2046603571023685f,0.8626350675272823f,-0.4361095143055881f,0.6603655514272678f,-0.11715728752538088f,-0.7489631168027935f,0f,0f,0f,1f],start_interpolation:0}
execute if entity @s[tag=aj.ecual.bone.staff] run data modify entity @s {} merge value {transformation:[1.5607649476089314f,0.03613405336303364f,-0.06413546992770618f,0.0018882384462971073f,-0.06387094047670475f,-0.012104294568658115f,-1.5611470907687128f,0.5478566071344662f,-0.03659960761963892f,1.562035232074025f,-0.010613787332327757f,0.27357380764070455f,0f,0f,0f,1f],start_interpolation:0}
execute if entity @s[tag=aj.ecual.bone.arm_right_2] run data modify entity @s {} merge value {transformation:[0.6055662102693948f,0.7838312280552601f,0.13747061833477853f,-0.27147515256115873f,-0.18670743266958786f,-0.027984035077592118f,0.9820169185745768f,0.6373332619628329f,0.7735825098629716f,-0.6203430500184227f,0.1294009301664646f,-0.013608706791513603f,0f,0f,0f,1f],start_interpolation:0}
execute if entity @s[tag=aj.ecual.bone.arm_right_1] run data modify entity @s {} merge value {transformation:[0.04646367660591218f,0.989415461699945f,0.13747061833477853f,-0.28672104644747365f,-0.13689079204071425f,-0.13001416341213953f,0.9820169185745768f,0.6822505531011923f,0.9894958503251681f,-0.06444657835235813f,0.1294009301664646f,-0.33828703267945937f,0f,0f,0f,1f],start_interpolation:0}
execute if entity @s[tag=aj.ecual.bone.arm_left_2] run data modify entity @s {} merge value {transformation:[0.631058291749395f,-0.7727413132926038f,0.06809034546217084f,0.2827500315709527f,0.057754072137307155f,0.13433303028169474f,0.9892517900549362f,0.5795394855425984f,-0.7735825098629715f,-0.6203430500184229f,0.1294009301664646f,-0.013608706791513492f,0f,0f,0f,1f],start_interpolation:0}
execute if entity @s[tag=aj.ecual.bone.arm_left_1] run data modify entity @s {} merge value {transformation:[0.07370648105243707f,-0.9949527926015934f,0.06809034546217084f,0.3069349706662836f,0.12435962705050069f,0.07691280148950741f,0.9892517900549362f,0.6203449881685439f,-0.9894958503251681f,-0.06444657835235833f,0.1294009301664646f,-0.33828703267945925f,0f,0f,0f,1f],start_interpolation:0}
execute if entity @s[tag=aj.ecual.bone.himo_right_2] run data modify entity @s {} merge value {transformation:[-0.28961289361891646f,-0.9535270675826608f,-0.08312943664484712f,-0.04965363412491691f,-0.9476714846914072f,0.29785186877331027f,-0.1149044010080996f,0.30924432787021466f,0.13432471460033568f,0.04550160058127872f,-0.9898921534147442f,-0.5568986639309286f,0f,0f,0f,1f],start_interpolation:0}
execute if entity @s[tag=aj.ecual.bone.himo_right_1] run data modify entity @s {} merge value {transformation:[-0.6489752436305579f,-0.6194608272711148f,-0.44170059614091955f,-0.16856316796413168f,-0.6932272234137026f,0.7206766152213873f,0.007825151191674151f,0.44442010041917274f,0.31347591593739105f,0.31127720724400976f,-0.8971283912448559f,-0.5041412400179571f,0f,0f,0f,1f],start_interpolation:0}
execute if entity @s[tag=aj.ecual.bone.himo_left_2] run data modify entity @s {} merge value {transformation:[-0.08684775319184423f,-0.9962187543993987f,0.0023793168008645615f,0.2774962677843977f,-0.988923757042499f,0.0859227442241853f,-0.121025141115115f,0.29777486408710824f,0.12036307790380239f,-0.012863724495479179f,-0.9926465907208001f,-0.5662280429658704f,0f,0f,0f,1f],start_interpolation:0}
execute if entity @s[tag=aj.ecual.bone.himo_left_1] run data modify entity @s {} merge value {transformation:[-0.5071825642441392f,-0.7047704636002269f,-0.49604882840649944f,0.14225150068181452f,-0.788971171095467f,0.6113093600405315f,-0.061849474590193465f,0.4120088098785192f,0.34682897472239377f,0.3599992499486031f,-0.8660890267919669f,-0.504141240017957f,0f,0f,0f,1f],start_interpolation:0}
execute if entity @s[tag=aj.ecual.bone.ponpon1] run data modify entity @s {} merge value {transformation:[-0.9946069396670278f,0.09582120944891685f,0.03969044451673445f,0.3535568552119404f,0.10371612973009149f,0.9188969944520551f,0.3806195975259161f,1.112630518320288f,-9.877461345702557e-17f,0.38268343236508995f,-0.9238795325112867f,-0.19231127601045667f,0f,0f,0f,1f],start_interpolation:0}
execute if entity @s[tag=aj.ecual.bone.ponpon2] run data modify entity @s {} merge value {transformation:[-0.9946069396670278f,0.09582120944891685f,0.03969044451673445f,0.3825979434417832f,0.10371612973009149f,0.9188969944520551f,0.3806195975259161f,1.0295621264169572f,-9.877461345702557e-17f,0.38268343236508995f,-0.9238795325112867f,-0.32676041122902605f,0f,0f,0f,1f],start_interpolation:0}
execute if entity @s[tag=aj.ecual.bone.ponpon3] run data modify entity @s {} merge value {transformation:[-0.9946069396670278f,0.09582120944891685f,0.03969044451673445f,-0.23077472184243852f,0.10371612973009149f,0.9188969944520551f,0.3806195975259161f,1.1735637445367166f,-9.877461345702557e-17f,0.38268343236508995f,-0.9238795325112867f,-0.19231127601045672f,0f,0f,0f,1f],start_interpolation:0}
execute if entity @s[tag=aj.ecual.bone.ponpon4] run data modify entity @s {} merge value {transformation:[-0.9946069396670278f,0.09582120944891685f,0.03969044451673445f,-0.2763291540876227f,0.10371612973009149f,0.9188969944520551f,0.3806195975259161f,1.0982740623631428f,-9.877461345702557e-17f,0.38268343236508995f,-0.9238795325112867f,-0.3267604112290261f,0f,0f,0f,1f],start_interpolation:0}
execute if entity @s[tag=aj.ecual.bone.ear_edge_a1] run data modify entity @s {} merge value {transformation:[-0.970458498993641f,0.20609241930172856f,0.12544407693219117f,0.25915634141669275f,0.2244405494746686f,0.58037932251597f,0.7828066694576714f,1.1826221655353175f,0.08852537197051374f,0.7878361229991069f,-0.6094895420064388f,-0.13654730863881964f,0f,0f,0f,1f],start_interpolation:0}
execute if entity @s[tag=aj.ecual.bone.ear_edge_a2] run data modify entity @s {} merge value {transformation:[-0.9907505018497904f,0.05174192349554595f,0.12544407693219117f,0.14555815617250878f,0.13088598503469895f,0.608344127261934f,0.7828066694576714f,1.2038287859051287f,-0.035809244698610784f,0.7919849721925895f,-0.6094895420064388f,-0.13269086121680373f,0f,0f,0f,1f],start_interpolation:0}
execute if entity @s[tag=aj.ecual.bone.ear_edge_b1] run data modify entity @s {} merge value {transformation:[-0.9557028506102858f,0.24632825426177343f,0.16110385621617118f,0.12746556642076107f,0.23304084450004361f,0.2989310340233462f,0.9253821922278594f,1.2317117941832811f,0.17978883761257303f,0.9219341777209913f,-0.34309378574937766f,-0.16310560454236656f,0f,0f,0f,1f],start_interpolation:0}
execute if entity @s[tag=aj.ecual.bone.ear_edge_b2] run data modify entity @s {} merge value {transformation:[-0.9850470404763672f,-0.06105633104789085f,0.16110385621617118f,0.15626994093261393f,0.1292602440654025f,0.3563138891647546f,0.9253821922278594f,1.2306997560261599f,-0.11390398304231054f,0.9323693135379658f,-0.34309378574937766f,-0.15230979921115356f,0f,0f,0f,1f],start_interpolation:0}
execute if entity @s[tag=aj.ecual.bone.ear_right_2] run data modify entity @s {} merge value {transformation:[-0.9824707913010505f,0.09379068052086442f,0.16110385621617118f,0.21915122107498344f,0.1834086086037724f,0.33170631678879536f,0.9253821922278594f,1.2870144734528097f,0.03335305878500253f,0.9387088087633164f,-0.34309378574937766f,-0.06197574284223242f,0f,0f,0f,1f],start_interpolation:0}
execute if entity @s[tag=aj.ecual.bone.ear_right_1] run data modify entity @s {} merge value {transformation:[-0.9824707913010505f,0.13789462572166516f,0.12544407693219117f,0.18812493028760882f,0.1834086086037724f,0.5946217289526307f,0.7828066694576714f,1.153224584438468f,0.03335305878500253f,0.7920922115855362f,-0.6094895420064388f,-0.24019649044897778f,0f,0f,0f,1f],start_interpolation:0}
execute if entity @s[tag=aj.ecual.bone.ear_edge_a3] run data modify entity @s {} merge value {transformation:[-0.9958851156563068f,-0.08191840538601261f,0.03875837036353612f,-0.12396492117486424f,-0.019393167139646804f,0.6104126621857945f,0.79184612577921f,1.2225734799576813f,-0.08852537197051394f,0.7878361229991069f,-0.6094895420064388f,-0.13654730863881964f,0f,0f,0f,1f],start_interpolation:0}
execute if entity @s[tag=aj.ecual.bone.ear_edge_a4] run data modify entity @s {} merge value {transformation:[-0.9964389792294842f,0.07488090142931225f,0.03875837036353612f,-0.008435481923314836f,0.07633517319177603f,0.6059312291194742f,0.79184612577921f,1.219887013039259f,0.03580924469861059f,0.7919849721925895f,-0.6094895420064388f,-0.1326908612168037f,0f,0f,0f,1f],start_interpolation:0}
execute if entity @s[tag=aj.ecual.bone.ear_edge_b3] run data modify entity @s {} merge value {transformation:[-0.9832212788666335f,-0.1793552034279596f,0.03328104245928743f,0.015020505399919379f,-0.03085272522454784f,0.3433206707339877f,0.9387113647937704f,1.243437397606328f,-0.1797888376125732f,0.9219341777209913f,-0.34309378574937766f,-0.16310560454236653f,0f,0f,0f,1f],start_interpolation:0}
execute if entity @s[tag=aj.ecual.bone.ear_edge_b4] run data modify entity @s {} merge value {transformation:[-0.9905228101149814f,0.13325514944925523f,0.03328104245928743f,-0.013372966949640644f,0.07674923640673778f,0.3360513774975477f,0.9387113647937704f,1.2483898656966155f,0.11390398304231035f,0.9323693135379658f,-0.34309378574937766f,-0.15230979921115356f,0f,0f,0f,1f],start_interpolation:0}
execute if entity @s[tag=aj.ecual.bone.ear_left_2] run data modify entity @s {} merge value {transformation:[-0.999173528662049f,-0.02333734847519133f,0.03328104245928743f,-0.06328292465682996f,0.02323430848365321f,0.34392025313479735f,0.9387113647937704f,1.3164662853502163f,-0.03335305878500273f,0.9387088087633164f,-0.34309378574937766f,-0.06197574284223242f,0f,0f,0f,1f],start_interpolation:0}
execute if entity @s[tag=aj.ecual.bone.ear_left_1] run data modify entity @s {} merge value {transformation:[-0.999173528662049f,-0.012249422345252572f,0.03875837036353612f,-0.06052680462914813f,0.02323430848365321f,0.6102785265743352f,0.79184612577921f,1.179153616870991f,-0.03335305878500273f,0.7920922115855362f,-0.6094895420064388f,-0.24019649044897778f,0f,0f,0f,1f],start_interpolation:0}
execute if entity @s[tag=aj.ecual.bone.head] run data modify entity @s {} merge value {transformation:[-0.9946069396670278f,0.09582120944891685f,0.03969044451673445f,0.013450366595512499f,0.10371612973009149f,0.9188969944520551f,0.3806195975259161f,0.6833600285753663f,-9.877461345702557e-17f,0.38268343236508995f,-0.9238795325112867f,-0.40745051414510874f,0f,0f,0f,1f],start_interpolation:0}
execute if entity @s[tag=aj.ecual.bone.body_1] run data modify entity @s {} merge value {transformation:[-0.9946069396670278f,0.03969044451673422f,0.09582120944891695f,-0.0014335500982628347f,0.10371612973009149f,0.3806195975259157f,0.9188969944520553f,0.5406276795031478f,-9.877461345702557e-17f,0.9238795325112868f,-0.3826834323650895f,-0.7539053388368413f,0f,0f,0f,1f],start_interpolation:0}
execute if entity @s[tag=aj.ecual.bone.leg_left_2] run data modify entity @s {} merge value {transformation:[-0.9916100005112884f,-0.09820216317657013f,0.08405915793918423f,0.1520075760431449f,0.09576630140211614f,-0.12131911763738878f,0.9879830399411947f,0.3955655164213113f,-0.08682408883346528f,0.9877438973960444f,0.1297057082595473f,-1.403657798789991f,0f,0f,0f,1f],start_interpolation:0}
execute if entity @s[tag=aj.ecual.bone.leg_left_1] run data modify entity @s {} merge value {transformation:[-0.9916100005112884f,-0.05450140042622417f,0.11721435167070113f,0.13365114109368756f,0.09576630140211614f,0.2993141920556434f,0.9493365209186027f,0.5103158205291373f,-0.08682408883346528f,0.9525967729242303f,-0.2915835485972773f,-1.0674419274690377f,0f,0f,0f,1f],start_interpolation:0}
execute if entity @s[tag=aj.ecual.bone.leg_right_2] run data modify entity @s {} merge value {transformation:[-0.9860916577556156f,0.0704044802500957f,0.15055381650923225f,-0.16117346477935685f,0.11350737556886766f,-0.37641472450182667f,0.9194716041671331f,0.30160405137906926f,0.12140559376013003f,0.9237722470062235f,0.363187991906151f,-0.987339774053836f,0f,0f,0f,1f],start_interpolation:0}
execute if entity @s[tag=aj.ecual.bone.leg_right_1] run data modify entity @s {} merge value {transformation:[-0.9860916577556156f,0.07138826944430578f,-0.15008983140282653f,-0.12989689756622394f,0.11350737556886766f,0.9489161015497697f,-0.2944050065998449f,0.6344362620334532f,0.12140559376013003f,-0.30734662387170286f,-0.9438213467592349f,-1.0444816940362636f,0f,0f,0f,1f],start_interpolation:0}
execute if entity @s[tag=aj.ecual.bone.skirt_forward_right] run data modify entity @s {} merge value {transformation:[-0.9246820716470414f,0.3748579976511435f,0.06666744311514462f,-0.00025733758976125834f,0.3280275246572844f,0.695461415085115f,0.639321017326213f,0.5519072087964532f,0.19328996208223134f,0.6130374390889878f,-0.7660444431189779f,-0.8609259910169522f,0f,0f,0f,1f],start_interpolation:0}
execute if entity @s[tag=aj.ecual.bone.skirt_forward_left] run data modify entity @s {} merge value {transformation:[-0.9724649237374856f,-0.22331015231900025f,0.06666744311514462f,-0.00025733758976125834f,-0.13019586267810368f,0.7578374985090672f,0.639321017326213f,0.5519072087964532f,-0.1932899620822315f,0.6130374390889878f,-0.7660444431189779f,-0.8609259910169522f,0f,0f,0f,1f],start_interpolation:0}
execute if entity @s[tag=aj.ecual.bone.skirt_forward] run data modify entity @s {} merge value {transformation:[-0.9946069396670278f,0.07945116484154353f,0.06666744311514462f,-0.00025733758976125834f,0.10371612973009149f,0.7619131192194992f,0.639321017326213f,0.5519072087964532f,-9.877461345702557e-17f,0.6427876096865394f,-0.7660444431189779f,-0.8609259910169522f,0f,0f,0f,1f],start_interpolation:0}
execute if entity @s[tag=aj.ecual.bone.skirt_back_right] run data modify entity @s {} merge value {transformation:[-0.9686207844751087f,0.23550220442311529f,0.07945116484154353f,-0.0010169388361729887f,-0.09333170666537376f,-0.6409193329055864f,0.7619131192194991f,0.5446228580110263f,0.23035400672389778f,0.730589570429055f,0.6427876096865395f,-0.8370719035353213f,0f,0f,0f,1f],start_interpolation:0}
execute if entity @s[tag=aj.ecual.bone.skirt_back_left] run data modify entity @s {} merge value {transformation:[-0.9285262109094183f,-0.36266594554702847f,0.07945116484154353f,-0.0010169388361729887f,0.2911633686445545f,-0.5785432494816343f,0.7619131192194991f,0.5446228580110263f,-0.23035400672389794f,0.730589570429055f,0.6427876096865395f,-0.8370719035353213f,0f,0f,0f,1f],start_interpolation:0}
execute if entity @s[tag=aj.ecual.bone.skirt_back] run data modify entity @s {} merge value {transformation:[-0.9946069396670278f,-0.06666744311514462f,0.07945116484154353f,-0.0010169388361729887f,0.10371612973009149f,-0.6393210173262132f,0.7619131192194991f,0.5446228580110263f,-9.877461345702557e-17f,0.7660444431189778f,0.6427876096865395f,-0.8370719035353213f,0f,0f,0f,1f],start_interpolation:0}
execute if entity @s[tag=aj.ecual.bone.skirt_right] run data modify entity @s {} merge value {transformation:[-0.8568351483711734f,0.505131868644366f,0.10332145854371282f,-0.18049849422268716f,0.13316365641278913f,0.02321395916841293f,0.9908221599815498f,0.5710064058493627f,0.4980973490458726f,0.862729915662821f,-0.08715574274765794f,-0.7499048674522937f,0f,0f,0f,1f],start_interpolation:0}
execute if entity @s[tag=aj.ecual.bone.skirt_left] run data modify entity @s {} merge value {transformation:[-0.8658746046927119f,-0.4894750710226617f,0.10332145854371282f,0.18004652140661043f,0.04647794984413431f,0.1269300888985044f,0.9908221599815498f,0.5334093088222045f,-0.49809734904587283f,0.862729915662821f,-0.08715574274765794f,-0.7499048674522936f,0f,0f,0f,1f],start_interpolation:0}
execute if entity @s[tag=aj.ecual.bone.coat_downer] run data modify entity @s {} merge value {transformation:[-0.9946069396670278f,-0.028588039754375398f,0.0996983427605064f,-0.009790120237992318f,0.10371612973009149f,-0.2741508269270574f,0.9560775536163483f,0.5358164447020825f,-9.877461345702557e-17f,0.9612616959383188f,0.27563735581699944f,-0.9475872528548744f,0f,0f,0f,1f],start_interpolation:0}
execute if entity @s[tag=aj.ecual.bone.body_2] run data modify entity @s {} merge value {transformation:[-0.9946069396670278f,0.009039456321538474f,0.10332145854371282f,8.878689293818312e-17f,0.10371612973009149f,0.08668570656865483f,0.9908221599815498f,0.554375f,-9.877461345702557e-17f,0.9961946980917455f,-0.08715574274765794f,-0.7250000000000001f,0f,0f,0f,1f],start_interpolation:0}
execute if entity @s[tag=aj.ecual.bone.book_left] run data modify entity @s {} merge value {transformation:[-3.43311784888795e-16f,-0.10371612973009127f,0.9946069396670278f,-0.763083130655168f,-1.9901499787475985e-16f,-0.9946069396670278f,-0.10371612973009127f,0.9198651393464774f,1f,-2.335486676034505e-16f,3.2081921838205693e-16f,0.1812499999999999f,0f,0f,0f,1f],start_interpolation:0}
execute if entity @s[tag=aj.ecual.bone.book_right] run data modify entity @s {} merge value {transformation:[-3.43311784888795e-16f,-0.10371612973009127f,0.9946069396670278f,-0.763083130655168f,-1.9901499787475985e-16f,-0.9946069396670278f,-0.10371612973009127f,0.9198651393464774f,1f,-2.335486676034505e-16f,3.2081921838205693e-16f,0.2749999999999999f,0f,0f,0f,1f],start_interpolation:0}
execute if entity @s[tag=aj.ecual.bone.book_loot_1] run data modify entity @s {} merge value {transformation:[-3.43311784888795e-16f,-0.10371612973009127f,0.9946069396670278f,-0.9122741716052222f,-1.9901499787475985e-16f,-0.9946069396670278f,-0.10371612973009127f,0.9354225588059911f,1f,-2.335486676034505e-16f,3.2081921838205693e-16f,0.22812499999999986f,0f,0f,0f,1f],start_interpolation:0}
execute if entity @s[tag=aj.ecual.bone.book_left2] run data modify entity @s {} merge value {transformation:[-3.43311784888795e-16f,0.10371612973009171f,-0.9946069396670278f,0.8220716794391576f,-1.9901499787475985e-16f,0.9946069396670278f,0.10371612973009171f,0.7545675575891442f,1f,2.335486676034505e-16f,-3.2081921838205683e-16f,0.27500000000000013f,0f,0f,0f,1f],start_interpolation:0}
execute if entity @s[tag=aj.ecual.bone.book_right2] run data modify entity @s {} merge value {transformation:[-3.43311784888795e-16f,0.10371612973009171f,-0.9946069396670278f,0.8220716794391576f,-1.9901499787475985e-16f,0.9946069396670278f,0.10371612973009171f,0.7545675575891442f,1f,2.335486676034505e-16f,-3.2081921838205683e-16f,0.18125000000000013f,0f,0f,0f,1f],start_interpolation:0}
execute if entity @s[tag=aj.ecual.bone.book_loot_2] run data modify entity @s {} merge value {transformation:[-3.43311784888795e-16f,0.10371612973009171f,-0.9946069396670278f,0.9712627203892118f,-1.9901499787475985e-16f,0.9946069396670278f,0.10371612973009171f,0.7390101381296305f,1f,2.335486676034505e-16f,-3.2081921838205683e-16f,0.2281250000000002f,0f,0f,0f,1f],start_interpolation:0}
execute if entity @s[tag=aj.ecual.bone.air_staff_povit_1] run data modify entity @s {} merge value {transformation:[-0.00001554073343229731f,-1.9135106236677393e-21f,0.0000016205645270326795f,-0.07848341477648461f,0.0000016205645270326795f,-3.469446951953614e-21f,0.00001554073343229731f,-0.12866869985475482f,-1.5433533352660248e-21f,0.000015625f,3.649197931303914e-21f,-0.5588775000000004f,0f,0f,0f,1f],start_interpolation:0}