execute if entity @s[tag=aj.labyria.bone.wing_right_1] run data modify entity @s {} merge value {transformation:[-0.5670822608304166f,-0.09999190286555754f,-0.5791060121059293f,0.037715934052995406f,-0.030796984710471844f,0.8087090599644319f,-0.10947897747345198f,1.1677421289947318f,0.5868677019811627f,-0.054182286194055636f,-0.5653273606315009f,-0.5676253156479633f,0f,0f,0f,1f],start_interpolation:0}
execute if entity @s[tag=aj.labyria.bone.wing_right_2] run data modify entity @s {} merge value {transformation:[-0.5507078582485784f,0.12208899284923455f,-0.5672875220629512f,0.037715934052995406f,0.2752916130757871f,0.7434467697042416f,-0.10724471262705501f,1.1677421289947318f,0.5108183460227276f,-0.2690375037822571f,-0.5537900675573887f,-0.5676253156479633f,0f,0f,0f,1f],start_interpolation:0}
execute if entity @s[tag=aj.labyria.bone.wing_left_1] run data modify entity @s {} merge value {transformation:[-0.5670822608304164f,0.09999190286555752f,0.5791060121059295f,-0.07126437155299528f,0.030796984710471844f,0.8087090599644319f,-0.10947897747345198f,1.1677421289947318f,-0.5868677019811629f,-0.054182286194055594f,-0.5653273606315007f,-0.5676253156479633f,0f,0f,0f,1f],start_interpolation:0}
execute if entity @s[tag=aj.labyria.bone.wing_left_2] run data modify entity @s {} merge value {transformation:[-0.5507078582485782f,-0.12208899284923448f,0.5672875220629514f,-0.07126437155299528f,-0.2752916130757871f,0.7434467697042416f,-0.10724471262705501f,1.1677421289947318f,-0.5108183460227278f,-0.2690375037822572f,-0.5537900675573885f,-0.5676253156479633f,0f,0f,0f,1f],start_interpolation:0}
execute if entity @s[tag=aj.labyria.bone.musket] run data modify entity @s {} merge value {transformation:[-1.2992645993467696e-10f,-2.041726800111745e-11f,-9.554484068992588e-11f,-0.3885166348378105f,9.061042715302525e-11f,3.428028624514475e-11f,-1.305418663584494e-10f,1.4890640833058046f,3.654356176180811e-11f,-1.5758985864760296e-10f,-1.6017832295271137e-11f,0.3353759578010598f,0f,0f,0f,1f],start_interpolation:0}
execute if entity @s[tag=aj.labyria.bone.omega_blade] run data modify entity @s {} merge value {transformation:[-0.000014338582881318489f,-0.000002255616800166114f,-0.000010543744656416869f,-0.3885166348378105f,0.000009999696138096383f,0.000003779889620274289f,-0.000014407353302311766f,1.4890640833058046f,0.000004032919001746906f,-0.00001739189307932583f,-0.0000017637848553601071f,0.3353759578010598f,0f,0f,0f,1f],start_interpolation:0}
execute if entity @s[tag=aj.labyria.bone.arm_right_2] run data modify entity @s {} merge value {transformation:[-0.06060126064686748f,-0.901467576829189f,-0.4285833584423461f,-0.3623705909837067f,0.15430063540504455f,0.4157507365167364f,-0.896293835189884f,1.4354729330588347f,0.9861636786667871f,-0.12044722085420459f,0.11390200115401178f,0.0241908068115258f,0f,0f,0f,1f],start_interpolation:0}
execute if entity @s[tag=aj.labyria.bone.arm_right_1] run data modify entity @s {} merge value {transformation:[-0.14352824600311143f,-0.901467576829189f,-0.4083575033288606f,-0.31521171875f,-0.02458858158226987f,0.4157507365167364f,-0.9091461525748012f,1.443038955805061f,0.9893407119162956f,-0.12044722085420459f,-0.08183778304338454f,-0.3048334078462889f,0f,0f,0f,1f],start_interpolation:0}
execute if entity @s[tag=aj.labyria.bone.arm_left_2] run data modify entity @s {} merge value {transformation:[-0.08255379118054533f,0.8597398775756617f,0.5040160855249618f,0.34403074066108663f,-0.1253041344461518f,0.49277438926874184f,-0.8610878440504893f,1.4266804929307757f,-0.988677776352043f,-0.1342413654094931f,0.06704856717764646f,0.017374892922995377f,0f,0f,0f,1f],start_interpolation:0}
execute if entity @s[tag=aj.labyria.bone.arm_left_1] run data modify entity @s {} merge value {transformation:[-0.18205280450538897f,0.8597398775756617f,0.47718352787780655f,0.28166328125000006f,0.050107165769781525f,0.49277438926874184f,-0.8687132284127707f,1.443038955805061f,-0.9820112261630429f,-0.1342413654094931f,-0.1327900881193799f,-0.3048334078462888f,0f,0f,0f,1f],start_interpolation:0}
execute if entity @s[tag=aj.labyria.bone.himo_right_2] run data modify entity @s {} merge value {transformation:[-1f,5.208429334718061e-17f,1.1083692621659722e-16f,-0.17302421875f,0f,0.9050521856078522f,-0.4253005305974239f,1.1493725545538314f,-1.2246467991473532e-16f,-0.4253005305974239f,-0.9050521856078522f,-0.0156106613717793f,0f,0f,0f,1f],start_interpolation:0}
execute if entity @s[tag=aj.labyria.bone.himo_right_1] run data modify entity @s {} merge value {transformation:[-1f,3.7171583060921106e-17f,1.1668706543299314e-16f,-0.17302421875f,0f,0.9528221975040904f,-0.3035290100525426f,1.32612966027302f,-1.2246467991473532e-16f,-0.3035290100525426f,-0.9528221975040904f,-0.07847748949103159f,0f,0f,0f,1f],start_interpolation:0}
execute if entity @s[tag=aj.labyria.bone.himo_left_2] run data modify entity @s {} merge value {transformation:[-1f,5.208429334718061e-17f,1.1083692621659722e-16f,0.13947578125f,0f,0.9050521856078522f,-0.4253005305974239f,1.1493725545538314f,-1.2246467991473532e-16f,-0.4253005305974239f,-0.9050521856078522f,-0.015610661371779272f,0f,0f,0f,1f],start_interpolation:0}
execute if entity @s[tag=aj.labyria.bone.himo_left_1] run data modify entity @s {} merge value {transformation:[-1f,3.7171583060921106e-17f,1.1668706543299314e-16f,0.13947578125f,0f,0.9528221975040904f,-0.3035290100525426f,1.32612966027302f,-1.2246467991473532e-16f,-0.3035290100525426f,-0.9528221975040904f,-0.07847748949103156f,0f,0f,0f,1f],start_interpolation:0}
execute if entity @s[tag=aj.labyria.bone.ribbon_left_himo_1] run data modify entity @s {} merge value {transformation:[-1f,-5.206555243148869e-17f,1.108457309805952e-16f,0.28375703125000007f,0f,0.9051240819620017f,0.4251474994074925f,1.6519545489005378f,-1.2246467991473532e-16f,0.4251474994074925f,-0.9051240819620017f,-0.15267078635479164f,0f,0f,0f,1f],start_interpolation:0}
execute if entity @s[tag=aj.labyria.bone.ribbon_left_himo_2] run data modify entity @s {} merge value {transformation:[-1f,-5.206555243148869e-17f,1.108457309805952e-16f,0.28375703125000007f,0f,0.9051240819620017f,0.4251474994074925f,1.7084194511655952f,-1.2246467991473532e-16f,0.4251474994074925f,-0.9051240819620017f,-0.27288257849037f,0f,0f,0f,1f],start_interpolation:0}
execute if entity @s[tag=aj.labyria.bone.ribbon_left] run data modify entity @s {} merge value {transformation:[-1f,-5.206555243148869e-17f,1.108457309805952e-16f,0.28322578125000003f,0f,0.9051240819620017f,0.4251474994074925f,1.7769600383636877f,-1.2246467991473532e-16f,0.4251474994074925f,-0.9051240819620017f,-0.16732124037186735f,0f,0f,0f,1f],start_interpolation:0}
execute if entity @s[tag=aj.labyria.bone.ribbon_right_himo_1] run data modify entity @s {} merge value {transformation:[-1f,-5.206555243148869e-17f,1.108457309805952e-16f,-0.31730546875f,0f,0.9051240819620017f,0.4251474994074925f,1.6519545489005378f,-1.2246467991473532e-16f,0.4251474994074925f,-0.9051240819620017f,-0.1526707863547917f,0f,0f,0f,1f],start_interpolation:0}
execute if entity @s[tag=aj.labyria.bone.ribbon_right_himo_2] run data modify entity @s {} merge value {transformation:[-1f,-5.206555243148869e-17f,1.108457309805952e-16f,-0.31730546875f,0f,0.9051240819620017f,0.4251474994074925f,1.7084194511655952f,-1.2246467991473532e-16f,0.4251474994074925f,-0.9051240819620017f,-0.27288257849037f,0f,0f,0f,1f],start_interpolation:0}
execute if entity @s[tag=aj.labyria.bone.ribbon_right] run data modify entity @s {} merge value {transformation:[-1f,-5.206555243148869e-17f,1.108457309805952e-16f,-0.31677421874999995f,0f,0.9051240819620017f,0.4251474994074925f,1.7769600383636877f,-1.2246467991473532e-16f,0.4251474994074925f,-0.9051240819620017f,-0.1673212403718674f,0f,0f,0f,1f],start_interpolation:0}
execute if entity @s[tag=aj.labyria.bone.crown] run data modify entity @s {} merge value {transformation:[-0.9762960071199334f,0.21643961393810282f,1.108457309805952e-16f,0.15197578125000002f,0.19590470686593542f,0.8836690271675975f,0.4251474994074925f,2.025957967285234f,0.09201876063850738f,0.4150698061085592f,-0.9051240819620017f,-0.031802736194514625f,0f,0f,0f,1f],start_interpolation:0}
execute if entity @s[tag=aj.labyria.bone.ear_edge_a1] run data modify entity @s {} merge value {transformation:[-0.9878177779303029f,0.15458342490887522f,0.01788860945632334f,0.17770208408749788f,0.13416647273943264f,0.7877819127498573f,0.6011647158115947f,2.012730747168431f,0.07883777773058939f,0.5962412453760796f,-0.7989248914102526f,-0.03250978541439105f,0f,0f,0f,1f],start_interpolation:0}
execute if entity @s[tag=aj.labyria.bone.ear_edge_a2] run data modify entity @s {} merge value {transformation:[-0.9998382772740638f,-0.0018484992159964464f,0.01788860945632334f,0.06251707212063981f,0.009278418734119248f,0.799071270544098f,0.6011647158115947f,2.0218520289833095f,-0.015405526392393919f,0.6012334718241239f,-0.7989248914102526f,-0.028225411335446454f,0f,0f,0f,1f],start_interpolation:0}
execute if entity @s[tag=aj.labyria.bone.ear_edge_b1] run data modify entity @s {} merge value {transformation:[-0.9730945115816876f,0.22425106063661035f,0.05290116570504122f,0.04105237649632028f,0.1496457983513392f,0.4405464524122274f,0.8851694517451398f,2.0507664298199817f,0.1751947675171472f,0.8692699724886144f,-0.46225156393922173f,-0.07650568333793388f,0f,0f,0f,1f],start_interpolation:0}
execute if entity @s[tag=aj.labyria.bone.ear_edge_b2] run data modify entity @s {} merge value {transformation:[-0.9947652649541332f,-0.08742730870718265f,0.05290116570504122f,0.0699361603627007f,0.006185271051259378f,0.46522766912473196f,0.8851694517451398f,2.0542793940856536f,-0.1019990689308275f,0.8808630322433721f,-0.46225156393922173f,-0.06647314942927822f,0f,0f,0f,1f],start_interpolation:0}
execute if entity @s[tag=aj.labyria.bone.ear_right_2] run data modify entity @s {} merge value {transformation:[-0.9961946980917455f,0.06926463860400725f,0.05290116570504122f,0.12741832232711545f,0.0788867616421905f,0.4585323549487177f,0.8851694517451398f,2.128271838258162f,0.03705404608816945f,0.8859743163908531f,-0.46225156393922173f,0.014190124695474954f,0f,0f,0f,1f],start_interpolation:0}
execute if entity @s[tag=aj.labyria.bone.ear_right_1] run data modify entity @s {} merge value {transformation:[-0.9961946980917455f,0.08530018256495762f,0.01788860945632334f,0.10822578125000001f,0.0788867616421905f,0.7952218956371693f,0.6011647158115947f,1.949346911739799f,0.03705404608816945f,0.6002882770416328f,-0.7989248914102526f,-0.1208747376388922f,0f,0f,0f,1f],start_interpolation:0}
execute if entity @s[tag=aj.labyria.bone.ear_edge_a3] run data modify entity @s {} merge value {transformation:[-0.9878177779303028f,-0.1545834249088754f,-0.017888609456323146f,-0.2112505215874979f,-0.13416647273943264f,0.7877819127498573f,0.6011647158115947f,2.012730747168431f,-0.07883777773058964f,0.5962412453760796f,-0.7989248914102526f,-0.03250978541439112f,0f,0f,0f,1f],start_interpolation:0}
execute if entity @s[tag=aj.labyria.bone.ear_edge_a4] run data modify entity @s {} merge value {transformation:[-0.9998382772740638f,0.0018484992159962799f,-0.017888609456323146f,-0.09606550962063981f,-0.009278418734119248f,0.799071270544098f,0.6011647158115947f,2.0218520289833095f,0.015405526392393669f,0.6012334718241239f,-0.7989248914102526f,-0.028225411335446496f,0f,0f,0f,1f],start_interpolation:0}
execute if entity @s[tag=aj.labyria.bone.ear_edge_b3] run data modify entity @s {} merge value {transformation:[-0.9730945115816876f,-0.22425106063661057f,-0.052901165705041116f,-0.07460081399632025f,-0.1496457983513392f,0.4405464524122274f,0.8851694517451398f,2.0507664298199817f,-0.17519476751714744f,0.8692699724886144f,-0.46225156393922173f,-0.07650568333793391f,0f,0f,0f,1f],start_interpolation:0}
execute if entity @s[tag=aj.labyria.bone.ear_edge_b4] run data modify entity @s {} merge value {transformation:[-0.9947652649541332f,0.08742730870718243f,-0.052901165705041116f,-0.10348459786270067f,-0.006185271051259378f,0.46522766912473196f,0.8851694517451398f,2.0542793940856536f,0.10199906893082725f,0.8808630322433721f,-0.46225156393922173f,-0.06647314942927826f,0f,0f,0f,1f],start_interpolation:0}
execute if entity @s[tag=aj.labyria.bone.ear_left_2] run data modify entity @s {} merge value {transformation:[-0.9961946980917455f,-0.06926463860400749f,-0.052901165705041116f,-0.16096675982711545f,-0.0788867616421905f,0.4585323549487177f,0.8851694517451398f,2.128271838258162f,-0.0370540460881697f,0.8859743163908531f,-0.46225156393922173f,0.014190124695474898f,0f,0f,0f,1f],start_interpolation:0}
execute if entity @s[tag=aj.labyria.bone.ear_left_1] run data modify entity @s {} merge value {transformation:[-0.9961946980917455f,-0.08530018256495779f,-0.017888609456323146f,-0.14177421875f,-0.0788867616421905f,0.7952218956371693f,0.6011647158115947f,1.949346911739799f,-0.0370540460881697f,0.6002882770416328f,-0.7989248914102526f,-0.12087473763889225f,0f,0f,0f,1f],start_interpolation:0}
execute if entity @s[tag=aj.labyria.bone.head] run data modify entity @s {} merge value {transformation:[-1f,-5.206555243148869e-17f,1.108457309805952e-16f,-0.01677421874999996f,0f,0.9051240819620017f,0.4251474994074925f,1.4721849603777888f,-1.2246467991473532e-16f,0.4251474994074925f,-0.9051240819620017f,-0.3104777035239197f,0f,0f,0f,1f],start_interpolation:0}
execute if entity @s[tag=aj.labyria.bone.back_musket] run data modify entity @s {} merge value {transformation:[0.021455443264204826f,1.0190085757155662f,1.2664192935980836f,-0.11568484374999993f,-0.4418562922314706f,1.2224947613648032f,-0.97617939748597f,1.3784874662657538f,-1.5642759736040166f,-0.3313377758100431f,0.2931085078114586f,-0.5183705276109738f,0f,0f,0f,1f],start_interpolation:0}
execute if entity @s[tag=aj.labyria.bone.body_1] run data modify entity @s {} merge value {transformation:[-1f,2.3283431191753448e-17f,1.2023094301616977e-16f,-0.01677421874999997f,0f,0.9817601540287308f,-0.19012364387809028f,1.1040249026170148f,-1.2246467991473532e-16f,-0.19012364387809028f,-0.9817601540287308f,-0.23918133706963582f,0f,0f,0f,1f],start_interpolation:0}
execute if entity @s[tag=aj.labyria.bone.belt2] run data modify entity @s {} merge value {transformation:[-0.9232763508446195f,-0.06067613653021852f,0.379314099957818f,0.2486785638553352f,-0.2653227959672224f,0.8147926133100464f,-0.5154772654885188f,0.8679444092013031f,-0.2777851578309735f,-0.5765686461742017f,-0.7683775129047371f,0.45386166040624343f,0f,0f,0f,1f],start_interpolation:0}
execute if entity @s[tag=aj.labyria.bone.leg_left_2] run data modify entity @s {} merge value {transformation:[-0.9836393043138362f,-0.17991910831805394f,-0.009101289525598036f,0.1582630469296386f,-0.15015902710545753f,0.8467538177478252f,-0.5103530530017677f,0.8782708420847679f,0.09952881787570307f,-0.5006366812285324f,-0.8599168144772761f,0.26662293447271124f,0f,0f,0f,1f],start_interpolation:0}
execute if entity @s[tag=aj.labyria.bone.leg_left_1] run data modify entity @s {} merge value {transformation:[-0.9836393043138362f,-0.11258997654849622f,0.14063149074727702f,0.127634375f,-0.15015902710545753f,0.0811282929382297f,-0.9853275935767105f,0.874034702020255f,0.09952881787570307f,-0.9903240364980233f,-0.09670737896627773f,-0.042470058655323994f,0f,0f,0f,1f],start_interpolation:0}
execute if entity @s[tag=aj.labyria.bone.belt] run data modify entity @s {} merge value {transformation:[-0.8783637114537509f,-0.08219295367434329f,-0.4708731344719924f,-0.18823947820751957f,0.47025695702892917f,0.027919678980995524f,-0.8820877994233284f,1.007436340278752f,0.08564802838993815f,-0.9962252806930194f,0.014128175431771944f,0.19509009699077842f,0f,0f,0f,1f],start_interpolation:0}
execute if entity @s[tag=aj.labyria.bone.leg_right_2] run data modify entity @s {} merge value {transformation:[-0.993531277674462f,0.09124705385806786f,-0.06759863493276988f,-0.14253659171876545f,0.1078634985641205f,0.572135564568995f,-0.8130352768686149f,0.8311151596808447f,-0.03551149053558597f,-0.8150674026836922f,-0.5782768049320332f,0.3168572579280988f,0f,0f,0f,1f],start_interpolation:0}
execute if entity @s[tag=aj.labyria.bone.leg_right_1] run data modify entity @s {} merge value {transformation:[-0.993531277674462f,0.0459258312058164f,-0.10385768296378413f,-0.125f,0.1078634985641205f,0.0956555283324605f,-0.9895531747091441f,0.8684098408681056f,-0.03551149053558597f,-0.994354483032833f,-0.09999048010909978f,-0.06049715281623405f,0f,0f,0f,1f],start_interpolation:0}
execute if entity @s[tag=aj.labyria.bone.skirt_forward_right] run data modify entity @s {} merge value {transformation:[-0.9934115756676694f,0.11460122743443187f,5.582300253657912e-17f,2.2649584351967175e-17f,0.05223860964827958f,0.45282621035692444f,-0.8900671608793356f,1.0323129751259263f,-0.10200278913585181f,-0.8842030207391897f,-0.4558294079194528f,-0.18494789165118214f,0f,0f,0f,1f],start_interpolation:0}
execute if entity @s[tag=aj.labyria.bone.skirt_forward_left] run data modify entity @s {} merge value {transformation:[-0.9934115756676694f,-0.11460122743443164f,5.582300253657912e-17f,2.2649584351967175e-17f,-0.05223860964827958f,0.45282621035692444f,-0.8900671608793356f,1.0323129751259263f,0.10200278913585156f,-0.8842030207391897f,-0.4558294079194528f,-0.18494789165118214f,0f,0f,0f,1f],start_interpolation:0}
execute if entity @s[tag=aj.labyria.bone.skirt_forward] run data modify entity @s {} merge value {transformation:[-1f,1.0900178995970508e-16f,5.582300253657912e-17f,2.2649584351967175e-17f,0f,0.4558294079194528f,-0.8900671608793356f,1.0323129751259263f,-1.2246467991473532e-16f,-0.8900671608793356f,-0.4558294079194528f,-0.18494789165118214f,0f,0f,0f,1f],start_interpolation:0}
execute if entity @s[tag=aj.labyria.bone.skirt_back_right] run data modify entity @s {} merge value {transformation:[-0.9923157499883942f,0.12373137162809886f,9.133275722839218e-17f,2.2649584351967175e-17f,0.0922774414166854f,0.7400577337947619f,-0.6661827260265396f,1.0323129751259263f,-0.08242770244620981f,-0.6610636114063386f,-0.7457885595420786f,-0.18494789165118214f,0f,0f,0f,1f],start_interpolation:0}
execute if entity @s[tag=aj.labyria.bone.skirt_back_left] run data modify entity @s {} merge value {transformation:[-0.9923157499883942f,-0.12373137162809869f,9.133275722839218e-17f,2.2649584351967175e-17f,-0.0922774414166854f,0.7400577337947619f,-0.6661827260265396f,1.0323129751259263f,0.08242770244620956f,-0.6610636114063386f,-0.7457885595420786f,-0.18494789165118214f,0f,0f,0f,1f],start_interpolation:0}
execute if entity @s[tag=aj.labyria.bone.skirt_back] run data modify entity @s {} merge value {transformation:[-1f,8.1583854307566e-17f,9.133275722839218e-17f,2.2649584351967175e-17f,0f,0.7457885595420786f,-0.6661827260265396f,1.0323129751259263f,-1.2246467991473532e-16f,-0.6661827260265396f,-0.7457885595420786f,-0.18494789165118214f,0f,0f,0f,1f],start_interpolation:0}
execute if entity @s[tag=aj.labyria.bone.skirt_right] run data modify entity @s {} merge value {transformation:[-0.9892092971463505f,0.1465092708302898f,8.305060690147585e-17f,-0.19374999999999998f,0.09935667873888103f,0.6708418503831952f,-0.7349145951499599f,1.0543294295497665f,-0.10767180145795834f,-0.7269843501308866f,-0.6781596698680706f,-0.20492230076366927f,0f,0f,0f,1f],start_interpolation:0}
execute if entity @s[tag=aj.labyria.bone.skirt_left] run data modify entity @s {} merge value {transformation:[-0.9892092971463505f,-0.14650927083028964f,8.305060690147585e-17f,0.19375000000000003f,-0.09935667873888103f,0.6708418503831952f,-0.7349145951499599f,1.0543294295497665f,0.10767180145795809f,-0.7269843501308866f,-0.6781596698680706f,-0.2049223007636692f,0f,0f,0f,1f],start_interpolation:0}
execute if entity @s[tag=aj.labyria.bone.coat_downer] run data modify entity @s {} merge value {transformation:[-1f,9.328387933083326e-17f,7.934554608551837e-17f,1.0326748889390883e-17f,0f,0.6479055523662972f,-0.7617206805732161f,0.9394602008271774f,-1.2246467991473532e-16f,-0.7617206805732161f,-0.6479055523662972f,-0.08432430392649348f,0f,0f,0f,1f],start_interpolation:0}
execute if entity @s[tag=aj.labyria.bone.body_2] run data modify entity @s {} merge value {transformation:[-1f,9.000108065970714e-17f,8.305060690147585e-17f,3.099887210341737e-17f,0f,0.6781596698680706f,-0.7349145951499599f,1.095225f,-1.2246467991473532e-16f,-0.7349145951499599f,-0.6781596698680706f,-0.25312499999999993f,0f,0f,0f,1f],start_interpolation:0}
execute if entity @s[tag=aj.labyria.bone.sphere] run data modify entity @s {} merge value {transformation:[-0.9999753059774026f,0f,-0.007027619468930576f,0.5656250000000002f,0f,1f,0f,2.063975f,0.007027619468930576f,0f,-0.9999753059774026f,-0.855965538354492f,0f,0f,0f,1f],start_interpolation:0}