execute if entity @s[tag=aj.labyria.bone.wing_right_1] run data modify entity @s {} merge value {transformation:[-0.7943657146913395f,-0.10909049150911727f,0.15500587224250909f,0.1539721626752053f,-0.12898000202287938f,0.8004865753950392f,-0.0976209308240025f,1.6682279729492164f,-0.13889461777023565f,-0.11943597330396677f,-0.7958566314857464f,-0.8839361082503325f,0f,0f,0f,1f],start_interpolation:0}
execute if entity @s[tag=aj.labyria.bone.wing_right_2] run data modify entity @s {} merge value {transformation:[-0.7598158519455994f,0.1990571029756993f,0.1518424870947028f,0.1539721626752053f,0.1833511506241442f,0.7728114347148749f,-0.0956286669296351f,1.6682279729492164f,-0.17047646962846671f,-0.05602460288889636f,-0.7796146594146087f,-0.8839361082503325f,0f,0f,0f,1f],start_interpolation:0}
execute if entity @s[tag=aj.labyria.bone.wing_left_1] run data modify entity @s {} merge value {transformation:[-0.6315582467894895f,0.14233837533865082f,0.49781363205780543f,0.10352130409143068f,0.10822165600369135f,0.8041468318731042f,-0.09263039676430516f,1.6674935183725785f,-0.5063266717529796f,-0.005666051433515896f,-0.6407383567238252f,-0.9067647926068048f,0f,0f,0f,1f],start_interpolation:0}
execute if entity @s[tag=aj.labyria.bone.wing_left_2] run data modify entity @s {} merge value {transformation:[-0.6249348008124607f,-0.10793472583208963f,0.48765417017907475f,0.10352130409143068f,-0.20351010297837516f,0.7683423025734686f,-0.09073998050380915f,1.6674935183725785f,-0.45611416632157087f,-0.1949364025410651f,-0.6276620637294614f,-0.9067647926068048f,0f,0f,0f,1f],start_interpolation:0}
execute if entity @s[tag=aj.labyria.bone.musket] run data modify entity @s {} merge value {transformation:[-1.3680451168639735e-10f,7.010932046407647e-11f,5.287509028419532e-11f,-0.704076208175128f,7.809047363350144e-11f,1.4189921785327956e-10f,1.389447035956859e-11f,1.4873002001151252f,-4.016179672514419e-11f,3.7092607928574354e-11f,-1.5309387619077155e-10f,-0.9799159327427713f,0f,0f,0f,1f],start_interpolation:0}
execute if entity @s[tag=aj.labyria.bone.omega_blade] run data modify entity @s {} merge value {transformation:[-0.000015097639313346455f,0.000007771949142884783f,0.000005788904149997541f,-0.704076208175128f,0.000008618003823072919f,0.000015668772436888666f,0.0000014397562293142445f,1.4873002001151252f,-0.000004432224593017248f,0.000003992454685373529f,-0.000016919486053531386f,-0.9799159327427713f,0f,0f,0f,1f],start_interpolation:0}
execute if entity @s[tag=aj.labyria.bone.arm_right_2] run data modify entity @s {} merge value {transformation:[-0.7626594773339046f,-0.5674795872787022f,0.31035051096263583f,-0.45583749832674186f,-0.6369504978543754f,0.7423595192375617f,-0.2078374544696876f,1.68489315075923f,-0.11244814322983976f,-0.3561871168632719f,-0.9276239285749326f,-0.9432860081446349f,0f,0f,0f,1f],start_interpolation:0}
execute if entity @s[tag=aj.labyria.bone.arm_right_1] run data modify entity @s {} merge value {transformation:[-0.4774064303382531f,-0.5674795872787022f,0.6708576736489495f,-0.28202649279269726f,-0.6491020506894462f,0.7423595192375617f,0.16603876652195365f,1.9254898614154672f,-0.5922411907850065f,-0.3561871168632719f,-0.7227593719338322f,-0.7198218315935752f,0f,0f,0f,1f],start_interpolation:0}
execute if entity @s[tag=aj.labyria.bone.arm_left_2] run data modify entity @s {} merge value {transformation:[-0.59262274183764f,0.5731441332922211f,0.5659541397759597f,0.5576695432281915f,0.536794275390957f,0.8048812840989525f,-0.2530178341831233f,1.7126799596621625f,-0.6005415820443537f,0.153856819738125f,-0.7846514431616979f,-0.3999362878332289f,0f,0f,0f,1f],start_interpolation:0}
execute if entity @s[tag=aj.labyria.bone.arm_left_1] run data modify entity @s {} merge value {transformation:[-0.7798702212852742f,0.5731441332922211f,0.2516112883500383f,0.2617202440702235f,0.5934071926480432f,0.8048812840989525f,0.005832857000584682f,1.9334056291671242f,-0.1991741490907531f,0.153856819738125f,-0.9678107962582588f,-0.4737799806884342f,0f,0f,0f,1f],start_interpolation:0}
execute if entity @s[tag=aj.labyria.bone.himo_right_2] run data modify entity @s {} merge value {transformation:[-0.9081902399948546f,0.33213006730948236f,0.25471573639468637f,-0.2638671859708506f,0.033862644381896845f,0.6648646855537035f,-0.7461958665250299f,1.6120109211977298f,-0.4171855813586489f,-0.669062454702529f,-0.6150704206949581f,-0.4264056784639326f,0f,0f,0f,1f],start_interpolation:0}
execute if entity @s[tag=aj.labyria.bone.himo_right_1] run data modify entity @s {} merge value {transformation:[-0.9081902399948546f,0.11097331345756876f,0.4035782596700878f,-0.24053732557461846f,0.033862644381896845f,0.9805319650821401f,-0.19341764854227234f,1.794651804347242f,-0.4171855813586489f,-0.16199379356137367f,-0.8942674105400696f,-0.4623686860725656f,0f,0f,0f,1f],start_interpolation:0}
execute if entity @s[tag=aj.labyria.bone.himo_left_2] run data modify entity @s {} merge value {transformation:[-0.9081902399948546f,0.33213006730948236f,0.25471573639468637f,0.02081696945476227f,0.033862644381896845f,0.6648646855537035f,-0.7461958665250299f,1.6161553022195398f,-0.4171855813586489f,-0.669062454702529f,-0.6150704206949581f,-0.29758795547694783f,0f,0f,0f,1f],start_interpolation:0}
execute if entity @s[tag=aj.labyria.bone.himo_left_1] run data modify entity @s {} merge value {transformation:[-0.9081902399948546f,0.11097331345756876f,0.4035782596700878f,0.044146829850994454f,0.033862644381896845f,0.9805319650821401f,-0.19341764854227234f,1.798796185369052f,-0.4171855813586489f,-0.16199379356137367f,-0.8942674105400696f,-0.3335509630855808f,0f,0f,0f,1f],start_interpolation:0}
execute if entity @s[tag=aj.labyria.bone.ribbon_left_himo_1] run data modify entity @s {} merge value {transformation:[-0.9917642120310086f,-0.11104763324334532f,-0.06381356349212958f,0.267730323676785f,-0.11667708732537635f,0.9888466303725221f,0.09256780700748539f,2.215079093576534f,0.05282239134854727f,0.09925101889633195f,-0.9936594135921327f,-0.5272811226762183f,0f,0f,0f,1f],start_interpolation:0}
execute if entity @s[tag=aj.labyria.bone.ribbon_left_himo_2] run data modify entity @s {} merge value {transformation:[-0.9917642120310086f,-0.11104763324334532f,-0.06381356349212958f,0.25925508477548653f,-0.11667708732537635f,0.9888466303725221f,0.09256780700748539f,2.2273732554447156f,0.05282239134854727f,0.09925101889633195f,-0.9936594135921327f,-0.6592515135439234f,0f,0f,0f,1f],start_interpolation:0}
execute if entity @s[tag=aj.labyria.bone.ribbon_left] run data modify entity @s {} merge value {transformation:[-0.9917642120310086f,-0.11104763324334532f,-0.06381356349212958f,0.25109296356596966f,-0.11667708732537635f,0.9888466303725221f,0.09256780700748539f,2.3268885813816933f,0.05282239134854727f,0.09925101889633195f,-0.9936594135921327f,-0.5826266474337052f,0f,0f,0f,1f],start_interpolation:0}
execute if entity @s[tag=aj.labyria.bone.ribbon_right_himo_1] run data modify entity @s {} merge value {transformation:[-0.9917642120310086f,-0.11104763324334532f,-0.06381356349212958f,-0.3283819530171032f,-0.11667708732537635f,0.9888466303725221f,0.09256780700748539f,2.144948871776025f,0.05282239134854727f,0.09925101889633195f,-0.9936594135921327f,-0.4955315640762821f,0f,0f,0f,1f],start_interpolation:0}
execute if entity @s[tag=aj.labyria.bone.ribbon_right_himo_2] run data modify entity @s {} merge value {transformation:[-0.9917642120310086f,-0.11104763324334532f,-0.06381356349212958f,-0.3368571919184017f,-0.11667708732537635f,0.9888466303725221f,0.09256780700748539f,2.1572430336442063f,0.05282239134854727f,0.09925101889633195f,-0.9936594135921327f,-0.6275019549439873f,0f,0f,0f,1f],start_interpolation:0}
execute if entity @s[tag=aj.labyria.bone.ribbon_right] run data modify entity @s {} merge value {transformation:[-0.9917642120310086f,-0.11104763324334532f,-0.06381356349212958f,-0.34396556365263553f,-0.11667708732537635f,0.9888466303725221f,0.09256780700748539f,2.2568823289864675f,0.05282239134854727f,0.09925101889633195f,-0.9936594135921327f,-0.5509332126245768f,0f,0f,0f,1f],start_interpolation:0}
execute if entity @s[tag=aj.labyria.bone.crown] run data modify entity @s {} merge value {transformation:[-0.9922905470782504f,0.10624170223402149f,-0.06381356349212958f,0.09052740064185495f,0.10011420844367387f,0.9906605606228207f,0.09256780700748539f,2.5899154428492412f,0.07305214197299865f,0.08546551546030698f,-0.9936594135921327f,-0.5315871351588987f,0f,0f,0f,1f],start_interpolation:0}
execute if entity @s[tag=aj.labyria.bone.ear_edge_a1] run data modify entity @s {} merge value {transformation:[-0.9965966744382406f,0.050169877033580834f,-0.06540681873531724f,0.11673002183506068f,0.03879375619775067f,0.9855528256529953f,0.1648656189976123f,2.5876877673033127f,0.07273316285374055f,0.1617671514425342f,-0.9841449465070984f,-0.5417625329654213f,0f,0f,0f,1f],start_interpolation:0}
execute if entity @s[tag=aj.labyria.bone.ear_edge_a2] run data modify entity @s {} merge value {transformation:[-0.9921752134934212f,-0.10634986503145977f,-0.06540681873531724f,0.0013745796997153212f,-0.11585828836550555f,0.9794877154357523f,0.1648656189976123f,2.584213301583933f,0.04653173912825207f,0.17115350279278782f,-0.9841449465070984f,-0.5346779946795591f,0f,0f,0f,1f],start_interpolation:0}
execute if entity @s[tag=aj.labyria.bone.ear_edge_b1] run data modify entity @s {} merge value {transformation:[-0.9878993047112093f,0.1401996918465311f,-0.06632503416695087f,-0.020713834624183067f,0.12300516578514208f,0.9687136481636316f,0.215554162686962f,2.5770082198575235f,0.09447059299739359f,0.2047874856226458f,-0.9742368258237191f,-0.5408542242516475f,0f,0f,0f,1f],start_interpolation:0}
execute if entity @s[tag=aj.labyria.bone.ear_edge_b2] run data modify entity @s {} merge value {transformation:[-0.9828721585757559f,-0.17193984337374227f,-0.06632503416695087f,0.007144748518398317f,-0.1823641155075907f,0.9593121141335892f,0.215554162686962f,2.59005372795481f,0.02656405977572572f,0.22395749136199086f,-0.9742368258237191f,-0.5398644319645959f,0f,0f,0f,1f],start_interpolation:0}
execute if entity @s[tag=aj.labyria.bone.ear_right_2] run data modify entity @s {} merge value {transformation:[-0.9976686887381219f,-0.016067898254264062f,-0.06632503416695087f,0.05163924193987375f,-0.030049433248691346f,0.9760294229733829f,0.215554162686962f,2.7049985330994746f,0.061271682472321745f,0.21704466852686227f,-0.9742368258237191f,-0.5495379192712146f,0f,0f,0f,1f],start_interpolation:0}
execute if entity @s[tag=aj.labyria.bone.ear_right_1] run data modify entity @s {} merge value {transformation:[-0.9976686887381219f,-0.019471404019277494f,-0.06540681873531724f,0.05602030784421118f,-0.030049433248691346f,0.9858581841390608f,0.1648656189976123f,2.4831804416681864f,0.061271682472321745f,0.16644670375694293f,-0.9841449465070984f,-0.5869884276165267f,0f,0f,0f,1f],start_interpolation:0}
execute if entity @s[tag=aj.labyria.bone.ear_edge_a3] run data modify entity @s {} merge value {transformation:[-0.9625433009767199f,-0.25966359796767907f,-0.0780077536871765f,-0.27008656801964237f,-0.2692787275459404f,0.9491021582660212f,0.16338316946986758f,2.5421803447870723f,0.031612665754074454f,0.17826920391716528f,-0.9834738076322427f,-0.5211602798879764f,0f,0f,0f,1f],start_interpolation:0}
execute if entity @s[tag=aj.labyria.bone.ear_edge_a4] run data modify entity @s {} merge value {transformation:[-0.9913131317311581f,-0.1058917618233088f,-0.0780077536871765f,-0.15696926489280108f,-0.11749117117054654f,0.9795416094433935f,0.16338316946986758f,2.5655847824673557f,0.05911090892836012f,0.17112910374042695f,-0.9834738076322427f,-0.5262444371613152f,0f,0f,0f,1f],start_interpolation:0}
execute if entity @s[tag=aj.labyria.bone.ear_edge_b3] run data modify entity @s {} merge value {transformation:[-0.9369195613890721f,-0.33833518690160047f,-0.08781250930686328f,-0.1345851400392999f,-0.3494523960855762f,0.9124159363097293f,0.21302624729851782f,2.5636117168534818f,0.008047257704237844f,0.23027474996685773f,-0.9730923805945368f,-0.5347893203308968f,0f,0f,0f,1f],start_interpolation:0}
execute if entity @s[tag=aj.labyria.bone.ear_edge_b4] run data modify entity @s {} merge value {transformation:[-0.9956147766510929f,-0.03225181736316074f,-0.08781250930686328f,-0.16444519983060377f,-0.05039694817390625f,0.9757458509144004f,0.21302624729851782f,2.5698668577846573f,0.07881220799312266f,0.21651756210549303f,-0.9730923805945368f,-0.5307253732112996f,0f,0f,0f,1f],start_interpolation:0}
execute if entity @s[tag=aj.labyria.bone.ear_left_2] run data modify entity @s {} merge value {transformation:[-0.9783118108267352f,-0.1876032089441603f,-0.08781250930686328f,-0.23509542006163076f,-0.20241675831596367f,0.9558489807049894f,0.21302624729851782f,2.671265348546415f,0.043971089931578416f,0.22618081722172262f,-0.9730923805945368f,-0.5342661335526921f,0f,0f,0f,1f],start_interpolation:0}
execute if entity @s[tag=aj.labyria.bone.ear_left_1] run data modify entity @s {} merge value {transformation:[-0.9783118108267352f,-0.19188744399151034f,-0.0780077536871765f,-0.191920745163541f,-0.20241675831596367f,0.9655741275981027f,0.16338316946986758f,2.4540111698368423f,0.043971089931578416f,0.17562976100754601f,-0.9834738076322427f,-0.5737828297793899f,0f,0f,0f,1f],start_interpolation:0}
execute if entity @s[tag=aj.labyria.bone.head] run data modify entity @s {} merge value {transformation:[-0.9917642120310086f,-0.11104763324334532f,-0.06381356349212958f,-0.00904413276332136f,-0.11667708732537635f,0.9888466303725221f,0.09256780700748539f,1.9589191637176127f,0.05282239134854727f,0.09925101889633195f,-0.9936594135921327f,-0.6001999192075743f,0f,0f,0f,1f],start_interpolation:0}
execute if entity @s[tag=aj.labyria.bone.back_musket] run data modify entity @s {} merge value {transformation:[0.6797388674701421f,1.01363763211284f,1.0738484359722669f,-0.009962229617195947f,-0.32899884978476596f,1.256395237126916f,-0.9776949450570468f,1.8789627964482734f,-1.439573363714302f,0.19148472397158908f,0.7304921434175833f,-0.8355466737611771f,0f,0f,0f,1f],start_interpolation:0}
execute if entity @s[tag=aj.labyria.bone.body_1] run data modify entity @s {} merge value {transformation:[-0.9109892973619613f,0.037355506456100446f,0.41073478818985903f,-0.023052447684359028f,-0.013262019269791765f,0.9927214627811951f,-0.11970052706004203f,1.5866486151746644f,-0.4122167135583513f,-0.11449307171603182f,-0.9038632184087259f,-0.5572650173140624f,0f,0f,0f,1f],start_interpolation:0}
execute if entity @s[tag=aj.labyria.bone.belt2] run data modify entity @s {} merge value {transformation:[-0.46274026613457486f,-0.0524132432641978f,0.8849431044017639f,-0.06228861584543824f,-0.701879272384511f,0.6314415331737696f,-0.32961656084024077f,1.3192965477086096f,-0.5415135576277772f,-0.7736500773047769f,-0.32898119215484156f,0.12962539907983364f,0f,0f,0f,1f],start_interpolation:0}
execute if entity @s[tag=aj.labyria.bone.leg_left_2] run data modify entity @s {} merge value {transformation:[-0.7489556874764014f,-0.19536086490224033f,0.6331662583093005f,-0.03784832975003202f,-0.5991122166923478f,0.6078637184172264f,-0.5211201892480887f,1.2687035197439025f,-0.28307230526268773f,-0.7696335701466195f,-0.5723060699456509f,-0.0708314774377532f,0f,0f,0f,1f],start_interpolation:0}
execute if entity @s[tag=aj.labyria.bone.leg_left_1] run data modify entity @s {} merge value {transformation:[-0.7489556874764014f,0.2637163768539851f,0.6078807866479727f,0.05748438175475944f,-0.5991122166923478f,0.12240189690473291f,-0.7912536429262769f,1.3008220698955282f,-0.28307230526268773f,-0.9568027216794118f,0.06632210627036578f,-0.3910415106242568f,0f,0f,0f,1f],start_interpolation:0}
execute if entity @s[tag=aj.labyria.bone.belt] run data modify entity @s {} merge value {transformation:[-0.6731901479929546f,0.5407288705528497f,-0.5044078837566512f,-0.3299223954413895f,0.5790196467187749f,-0.0388248828548719f,-0.8143886524166273f,1.4608729826481626f,-0.45994703321022606f,-0.8403004920990734f,-0.2869561109632729f,-0.37826722993890116f,0f,0f,0f,1f],start_interpolation:0}
execute if entity @s[tag=aj.labyria.bone.leg_right_2] run data modify entity @s {} merge value {transformation:[-0.7423960068766484f,0.2884710635751426f,0.6046756274676808f,-0.33729724354109775f,0.22514834649866877f,0.9574859817351903f,-0.18035746962494745f,1.355579466225035f,-0.6309963478836648f,0.002245052432456013f,-0.7757825524572286f,-0.2982059160655576f,0f,0f,0f,1f],start_interpolation:0}
execute if entity @s[tag=aj.labyria.bone.leg_right_1] run data modify entity @s {} merge value {transformation:[-0.7423960068766484f,0.6498100766232793f,-0.16307983717325497f,-0.14602365079913332f,0.22514834649866877f,0.012726964005496888f,-0.9742413697108729f,1.2959665668573603f,-0.6309963478836648f,-0.7599900582942192f,-0.15575211154724838f,-0.5445187476952312f,0f,0f,0f,1f],start_interpolation:0}
execute if entity @s[tag=aj.labyria.bone.skirt_forward_right] run data modify entity @s {} merge value {transformation:[-0.8069466721069549f,0.4225508012867945f,0.4126595312208342f,-0.018279597254510015f,0.05072848010171892f,0.7456870597280159f,-0.6643624238777779f,1.4959954778479738f,-0.5884417470591973f,-0.5151714562027622f,-0.6231650511957849f,-0.5269943170086109f,0f,0f,0f,1f],start_interpolation:0}
execute if entity @s[tag=aj.labyria.bone.skirt_forward_left] run data modify entity @s {} merge value {transformation:[-0.8817981203401177f,0.22835101545041725f,0.4126595312208342f,-0.018279597254510015f,-0.11986015269574793f,0.7377371574856425f,-0.6643624238777779f,1.4959954778479738f,-0.45614210369180713f,-0.635294971023514f,-0.6231650511957849f,-0.5269943170086109f,0f,0f,0f,1f],start_interpolation:0}
execute if entity @s[tag=aj.labyria.bone.skirt_forward] run data modify entity @s {} merge value {transformation:[-0.8503937158793019f,0.32640869977008075f,0.4126595312208342f,-0.018279597254510015f,-0.035836054818482455f,0.7465509673922408f,-0.6643624238777779f,1.4959954778479738f,-0.5249250471905871f,-0.5797577199142023f,-0.6231650511957849f,-0.5269943170086109f,0f,0f,0f,1f],start_interpolation:0}
execute if entity @s[tag=aj.labyria.bone.skirt_back_right] run data modify entity @s {} merge value {transformation:[-0.8246463804650541f,0.25323599622345633f,0.5057962805345636f,-0.018279597254510015f,0.08593419070595845f,0.939896369294036f,-0.33046955965050884f,1.4959954778479738f,-0.5590828758364876f,-0.2290553321898508f,-0.7968437693436523f,-0.5269943170086109f,0f,0f,0f,1f],start_interpolation:0}
execute if entity @s[tag=aj.labyria.bone.skirt_back_left] run data modify entity @s {} merge value {transformation:[-0.861876653817942f,0.03658901749143484f,0.5057962805345636f,-0.018279597254510015f,-0.1544098383196401f,0.9311001406800997f,-0.33046955965050884f,1.4959954778479738f,-0.4830385444596426f,-0.36292392016028663f,-0.7968437693436523f,-0.5269943170086109f,0f,0f,0f,1f],start_interpolation:0}
execute if entity @s[tag=aj.labyria.bone.skirt_back] run data modify entity @s {} merge value {transformation:[-0.8503937158793019f,0.14491601219463052f,0.5057962805345636f,-0.018279597254510015f,-0.035836054818482455f,0.943136070415847f,-0.33046955965050884f,1.4959954778479738f,-0.5249250471905871f,-0.299154980052414f,-0.7968437693436523f,-0.5269943170086109f,0f,0f,0f,1f],start_interpolation:0}
execute if entity @s[tag=aj.labyria.bone.skirt_right] run data modify entity @s {} merge value {transformation:[-0.8090636296063262f,0.3248567721499801f,0.4897796656013126f,-0.18003946959746525f,0.10878224909398757f,0.9017279224062345f,-0.41839356619693596f,1.516796534361899f,-0.5775659837025475f,-0.2852276836866158f,-0.7648939161272474f,-0.6369830652854019f,0f,0f,0f,1f],start_interpolation:0}
execute if entity @s[tag=aj.labyria.bone.skirt_left] run data modify entity @s {} merge value {transformation:[-0.8696404523785402f,0.0619787282082693f,0.4897796656013126f,0.15193038992198163f,-0.17207921546273852f,0.8918158819906374f,-0.41839356619693596f,1.5309786523091957f,-0.4627247855827225f,-0.44813287078605035f,-0.7648939161272474f,-0.43374131292834395f,0f,0f,0f,1f],start_interpolation:0}
execute if entity @s[tag=aj.labyria.bone.coat_downer] run data modify entity @s {} merge value {transformation:[-0.8503937158793019f,0.2130260355134064f,0.4810929600258501f,-0.044149263873767455f,-0.035836054818482455f,0.8887958640724032f,-0.45690008665225373f,1.3738494356227249f,-0.5249250471905871f,-0.4057854361620574f,-0.7481924048202634f,-0.47674593520415665f,0f,0f,0f,1f],start_interpolation:0}
execute if entity @s[tag=aj.labyria.bone.body_2] run data modify entity @s {} merge value {transformation:[-0.8503937158793019f,0.19221448217150483f,0.4897796656013126f,6.888638245203862e-17f,-0.035836054818482455f,0.9075585936676799f,-0.41839356619693596f,1.5823043001057702f,-0.5249250471905871f,-0.3733510304036717f,-0.7648939161272474f,-0.5625f,0f,0f,0f,1f],start_interpolation:0}
execute if entity @s[tag=aj.labyria.bone.sphere] run data modify entity @s {} merge value {transformation:[-0.9921635401858626f,0f,-0.12494602645084968f,0.7536217553255076f,0f,1f,0f,2.55105430010577f,0.12494602645084968f,0f,-0.9921635401858626f,-0.9022056768941892f,0f,0f,0f,1f],start_interpolation:0}