execute if entity @s[tag=aj.labyria.bone.wing_right_1] run data modify entity @s {} merge value {transformation:[-0.5308127203472843f,-0.0935966043004834f,-0.613532375694534f,0.040786551953906375f,-0.07379319489265686f,0.8111175046844101f,-0.05989492822029912f,1.2129789606412062f,0.6162279324645179f,0.016507989047705163f,-0.5356632020146155f,-0.363071209971991f,0f,0f,0f,1f],start_interpolation:0}
execute if entity @s[tag=aj.labyria.bone.wing_right_2] run data modify entity @s {} merge value {transformation:[-0.515485594498207f,0.11428040496957532f,-0.6010113068028089f,0.040786551953906375f,0.23728183674523567f,0.7617446146738895f,-0.058672582746415465f,1.2129789606412062f,0.5638899997478566f,-0.21606742247575755f,-0.5247312999326846f,-0.363071209971991f,0f,0f,0f,1f],start_interpolation:0}
execute if entity @s[tag=aj.labyria.bone.wing_left_1] run data modify entity @s {} merge value {transformation:[-0.5308127203472841f,0.09359660430048339f,0.6135323756945342f,-0.0772131144539063f,0.07379319489265686f,0.8111175046844101f,-0.05989492822029912f,1.2129789606412062f,-0.6162279324645181f,0.01650798904770521f,-0.5356632020146153f,-0.363071209971991f,0f,0f,0f,1f],start_interpolation:0}
execute if entity @s[tag=aj.labyria.bone.wing_left_2] run data modify entity @s {} merge value {transformation:[-0.5154855944982067f,-0.11428040496957526f,0.6010113068028091f,-0.0772131144539063f,-0.23728183674523567f,0.7617446146738895f,-0.058672582746415465f,1.2129789606412062f,-0.5638899997478568f,-0.2160674224757576f,-0.5247312999326844f,-0.363071209971991f,0f,0f,0f,1f],start_interpolation:0}
execute if entity @s[tag=aj.labyria.bone.musket] run data modify entity @s {} merge value {transformation:[-1.3025881266981835e-10f,-2.385203547830314e-11f,-9.428832659264324e-11f,-0.3780516209451467f,8.530452511810997e-11f,4.7679340951249146e-11f,-1.2990914073720256e-10f,1.4442627018914593f,4.6715587574951155e-11f,-1.5357189604952568e-10f,-2.5688383124104244e-11f,0.5526144122822436f,0f,0f,0f,1f],start_interpolation:0}
execute if entity @s[tag=aj.labyria.bone.omega_blade] run data modify entity @s {} merge value {transformation:[-0.000014375261070203598f,-0.000002632557819394101f,-0.000010405519019462062f,-0.3780516209451467f,0.000009414140923815633f,0.00000526148874021674f,-0.000014336805937044105f,1.4442627018914593f,0.000005155495844570089f,-0.000016948147188925115f,-0.000002834517072183742f,0.5526144122822436f,0f,0f,0f,1f],start_interpolation:0}
execute if entity @s[tag=aj.labyria.bone.arm_right_2] run data modify entity @s {} merge value {transformation:[-0.043068862748600376f,-0.9052085004353119f,-0.42277966341960715f,-0.3554818066479818f,0.042650967518751665f,0.42112064032134766f,-0.906001270012936f,1.4262812038964718f,0.9981612935950065f,-0.057052406040343194f,0.020470831291161673f,0.24126904908992558f,0f,0f,0f,1f],start_interpolation:0}
execute if entity @s[tag=aj.labyria.bone.arm_right_1] run data modify entity @s {} merge value {transformation:[-0.11838063757310169f,-0.9052085004353119f,-0.40814653665986195f,-0.31665078125f,-0.1209384589589255f,0.42112064032134766f,-0.8989056098612238f,1.4659440902548178f,0.9855759299985093f,-0.057052406040343194f,-0.1593270509756003f,-0.08332509085849243f,0f,0f,0f,1f],start_interpolation:0}
execute if entity @s[tag=aj.labyria.bone.arm_left_2] run data modify entity @s {} merge value {transformation:[-0.06980682653815427f,0.864547024845699f,0.4976800667086462f,0.3330272957876565f,-0.009822650342637657f,0.498277213441017f,-0.8669621295683576f,1.417636235972431f,-0.9975121665969386f,-0.06540841227170677f,-0.026291007876765027f,0.23702924176801124f,0f,0f,0f,1f],start_interpolation:0}
execute if entity @s[tag=aj.labyria.bone.arm_left_1] run data modify entity @s {} merge value {transformation:[-0.15874526579804016f,0.864547024845699f,0.47682112203336807f,0.28022421875000003f,0.1472800547363427f,0.498277213441017f,-0.8544169965785531f,1.4659440902548178f,-0.9762727723661916f,-0.06540841227170677f,-0.20642968183021784f,-0.08332509085849235f,0f,0f,0f,1f],start_interpolation:0}
execute if entity @s[tag=aj.labyria.bone.himo_right_2] run data modify entity @s {} merge value {transformation:[-1f,4.4217105251200027e-17f,1.1420352634583082e-16f,-0.17446328125000002f,0f,0.9325425618663582f,-0.36106006468138985f,1.150617617357939f,-1.2246467991473532e-16f,-0.36106006468138985f,-0.9325425618663582f,0.18334264531642264f,0f,0f,0f,1f],start_interpolation:0}
execute if entity @s[tag=aj.labyria.bone.himo_right_1] run data modify entity @s {} merge value {transformation:[-1f,2.893227035410356e-17f,1.1899798972577494e-16f,-0.17446328125000002f,0f,0.971692326380357f,-0.23624991609211196f,1.3313333665786802f,-1.2246467991473532e-16f,-0.23624991609211196f,-0.971692326380357f,0.13297270900927444f,0f,0f,0f,1f],start_interpolation:0}
execute if entity @s[tag=aj.labyria.bone.himo_left_2] run data modify entity @s {} merge value {transformation:[-1f,4.4217105251200027e-17f,1.1420352634583082e-16f,0.13803671874999998f,0f,0.9325425618663582f,-0.36106006468138985f,1.150617617357939f,-1.2246467991473532e-16f,-0.36106006468138985f,-0.9325425618663582f,0.18334264531642266f,0f,0f,0f,1f],start_interpolation:0}
execute if entity @s[tag=aj.labyria.bone.himo_left_1] run data modify entity @s {} merge value {transformation:[-1f,2.893227035410356e-17f,1.1899798972577494e-16f,0.13803671874999998f,0f,0.971692326380357f,-0.23624991609211196f,1.3313333665786802f,-1.2246467991473532e-16f,-0.23624991609211196f,-0.971692326380357f,0.13297270900927446f,0f,0f,0f,1f],start_interpolation:0}
execute if entity @s[tag=aj.labyria.bone.ribbon_left_himo_1] run data modify entity @s {} merge value {transformation:[-1f,-5.191073189215668e-17f,1.109183201326057e-16f,0.28231796875000004f,0f,0.9057168173699663f,0.4238832937651815f,1.6754374819371456f,-1.2246467991473532e-16f,0.4238832937651815f,-0.9057168173699663f,0.07093173145526549f,0f,0f,0f,1f],start_interpolation:0}
execute if entity @s[tag=aj.labyria.bone.ribbon_left_himo_2] run data modify entity @s {} merge value {transformation:[-1f,-5.191073189215668e-17f,1.109183201326057e-16f,0.28231796875000004f,0f,0.9057168173699663f,0.4238832937651815f,1.7317344818903337f,-1.2246467991473532e-16f,0.4238832937651815f,-0.9057168173699663f,-0.04935878335168317f,0f,0f,0f,1f],start_interpolation:0}
execute if entity @s[tag=aj.labyria.bone.ribbon_left] run data modify entity @s {} merge value {transformation:[-1f,-5.191073189215668e-17f,1.109183201326057e-16f,0.28178671875f,0f,0.9057168173699663f,0.4238832937651815f,1.8004223936618822f,-1.2246467991473532e-16f,0.4238832937651815f,-0.9057168173699663f,0.056106751185871356f,0f,0f,0f,1f],start_interpolation:0}
execute if entity @s[tag=aj.labyria.bone.ribbon_right_himo_1] run data modify entity @s {} merge value {transformation:[-1f,-5.191073189215668e-17f,1.109183201326057e-16f,-0.31874453125f,0f,0.9057168173699663f,0.4238832937651815f,1.6754374819371456f,-1.2246467991473532e-16f,0.4238832937651815f,-0.9057168173699663f,0.07093173145526543f,0f,0f,0f,1f],start_interpolation:0}
execute if entity @s[tag=aj.labyria.bone.ribbon_right_himo_2] run data modify entity @s {} merge value {transformation:[-1f,-5.191073189215668e-17f,1.109183201326057e-16f,-0.31874453125f,0f,0.9057168173699663f,0.4238832937651815f,1.7317344818903337f,-1.2246467991473532e-16f,0.4238832937651815f,-0.9057168173699663f,-0.04935878335168323f,0f,0f,0f,1f],start_interpolation:0}
execute if entity @s[tag=aj.labyria.bone.ribbon_right] run data modify entity @s {} merge value {transformation:[-1f,-5.191073189215668e-17f,1.109183201326057e-16f,-0.31821328125f,0f,0.9057168173699663f,0.4238832937651815f,1.8004223936618822f,-1.2246467991473532e-16f,0.4238832937651815f,-0.9057168173699663f,0.0561067511858713f,0f,0f,0f,1f],start_interpolation:0}
execute if entity @s[tag=aj.labyria.bone.crown] run data modify entity @s {} merge value {transformation:[-0.9762960071199334f,0.21643961393810282f,1.109183201326057e-16f,0.15053671875f,0.19603299828880275f,0.884247712379672f,0.4238832937651815f,2.0495992756454924f,0.09174513645734722f,0.41383556718779246f,-0.9057168173699663f,0.1912988744200992f,0f,0f,0f,1f],start_interpolation:0}
execute if entity @s[tag=aj.labyria.bone.ear_edge_a1] run data modify entity @s {} merge value {transformation:[-0.9877901634824976f,0.15497832991080096f,0.0158842747797743f,0.17636895525298135f,0.13524228972789304f,0.8024262318041719f,0.5812242816518542f,2.0384838052272243f,0.07733120971753303f,0.5762758538847661f,-0.8135883628918291f,0.1889525214034904f,0f,0f,0f,1f],start_interpolation:0}
execute if entity @s[tag=aj.labyria.bone.ear_edge_a2] run data modify entity @s {} merge value {transformation:[-0.9998727795586526f,-0.0014541362985819317f,0.0158842747797743f,0.06118394328612327f,0.008050114413095569f,0.8137035885850709f,0.5812242816518542f,2.047611060263681f,-0.013770270715940863f,0.581278208271567f,-0.8135883628918291f,0.19322415559829614f,0f,0f,0f,1f],start_interpolation:0}
execute if entity @s[tag=aj.labyria.bone.ear_edge_b1] run data modify entity @s {} merge value {transformation:[-0.9728500477045776f,0.22579454481099645f,0.05078984361854163f,0.03957790643329129f,0.1540273950609879f,0.46788052925697105f,0.8702662649516775f,2.0746931156112476f,0.17273779624600802f,0.8544616046820431f,-0.48995614076390637f,0.14486337489996165f,0f,0f,0f,1f],start_interpolation:0}
execute if entity @s[tag=aj.labyria.bone.ear_edge_b2] run data modify entity @s {} merge value {transformation:[-0.9950097288312432f,-0.08588382453279655f,0.05078984361854163f,0.06848122434840635f,0.0019057228831716316f,0.49257790887061664f,0.8702662649516775f,2.0785506642028526f,-0.09975975015740898f,0.866020191667764f,-0.48995614076390637f,0.1547113776092011f,0f,0f,0f,1f],start_interpolation:0}
execute if entity @s[tag=aj.labyria.bone.ear_right_2] run data modify entity @s {} merge value {transformation:[-0.9961946980917455f,0.07082736250277888f,0.05078984361854163f,0.12606833042404614f,0.07893842193692448f,0.4862153366864984f,0.8702662649516775f,2.1551027076201086f,0.03694386330642805f,0.8709639091786383f,-0.48995614076390637f,0.2328724573978375f,0f,0f,0f,1f],start_interpolation:0}
execute if entity @s[tag=aj.labyria.bone.ear_right_1] run data modify entity @s {} merge value {transformation:[-0.9961946980917455f,0.08569605188464978f,0.0158842747797743f,0.10678671874999998f,0.07893842193692448f,0.8099055870657976f,0.5812242816518542f,1.9728739505303043f,0.03694386330642805f,0.5802664273684885f,-0.8135883628918291f,0.10231251123992777f,0f,0f,0f,1f],start_interpolation:0}
execute if entity @s[tag=aj.labyria.bone.ear_edge_a3] run data modify entity @s {} merge value {transformation:[-0.9877901634824976f,-0.15497832991080107f,-0.015884274779774107f,-0.2127955177529814f,-0.13524228972789304f,0.8024262318041719f,0.5812242816518542f,2.0384838052272243f,-0.07733120971753327f,0.5762758538847661f,-0.8135883628918291f,0.18895252140349034f,0f,0f,0f,1f],start_interpolation:0}
execute if entity @s[tag=aj.labyria.bone.ear_edge_a4] run data modify entity @s {} merge value {transformation:[-0.9998727795586526f,0.001454136298581793f,-0.015884274779774107f,-0.09761050578612332f,-0.008050114413095569f,0.8137035885850709f,0.5812242816518542f,2.047611060263681f,0.013770270715940613f,0.581278208271567f,-0.8135883628918291f,0.1932241555982961f,0f,0f,0f,1f],start_interpolation:0}
execute if entity @s[tag=aj.labyria.bone.ear_edge_b3] run data modify entity @s {} merge value {transformation:[-0.9728500477045776f,-0.22579454481099664f,-0.05078984361854151f,-0.07600446893329135f,-0.1540273950609879f,0.46788052925697105f,0.8702662649516775f,2.0746931156112476f,-0.17273779624600827f,0.854461604682043f,-0.48995614076390637f,0.14486337489996162f,0f,0f,0f,1f],start_interpolation:0}
execute if entity @s[tag=aj.labyria.bone.ear_edge_b4] run data modify entity @s {} merge value {transformation:[-0.9950097288312432f,0.08588382453279635f,-0.05078984361854151f,-0.10490778684840643f,-0.0019057228831716316f,0.49257790887061664f,0.8702662649516775f,2.0785506642028526f,0.09975975015740873f,0.8660201916677641f,-0.48995614076390637f,0.15471137760920106f,0f,0f,0f,1f],start_interpolation:0}
execute if entity @s[tag=aj.labyria.bone.ear_left_2] run data modify entity @s {} merge value {transformation:[-0.9961946980917455f,-0.07082736250277909f,-0.05078984361854151f,-0.16249489292404623f,-0.07893842193692448f,0.4862153366864984f,0.8702662649516775f,2.1551027076201086f,-0.0369438633064283f,0.8709639091786383f,-0.48995614076390637f,0.23287245739783743f,0f,0f,0f,1f],start_interpolation:0}
execute if entity @s[tag=aj.labyria.bone.ear_left_1] run data modify entity @s {} merge value {transformation:[-0.9961946980917455f,-0.08569605188464992f,-0.015884274779774107f,-0.14321328125000002f,-0.07893842193692448f,0.8099055870657976f,0.5812242816518542f,1.9728739505303043f,-0.0369438633064283f,0.5802664273684885f,-0.8135883628918291f,0.10231251123992771f,0f,0f,0f,1f],start_interpolation:0}
execute if entity @s[tag=aj.labyria.bone.head] run data modify entity @s {} merge value {transformation:[-1f,-5.191073189215668e-17f,1.109183201326057e-16f,-0.01821328124999999f,0f,0.9057168173699663f,0.4238832937651815f,1.4954477286980346f,-1.2246467991473532e-16f,0.4238832937651815f,-0.9057168173699663f,-0.08662402627191643f,0f,0f,0f,1f],start_interpolation:0}
execute if entity @s[tag=aj.labyria.bone.back_musket] run data modify entity @s {} merge value {transformation:[0.021455443264204826f,1.0190085757155662f,1.2664192935980836f,-0.11712390624999997f,-0.315536395885546f,1.2450487517346709f,-0.9964672745757878f,1.4186498735781599f,-1.5945636040782118f,-0.23266234987008716f,0.21422367779270485f,-0.3013348461174761f,0f,0f,0f,1f],start_interpolation:0}
execute if entity @s[tag=aj.labyria.bone.body_1] run data modify entity @s {} merge value {transformation:[-1f,1.3608524445115228e-17f,1.2170622781536398e-16f,-0.018213281249999994f,0f,0.9938067686136166f,-0.1111220349784936f,1.1227701904679284f,-1.2246467991473532e-16f,-0.1111220349784936f,-0.9938067686136166f,-0.044953263154981334f,0f,0f,0f,1f],start_interpolation:0}
execute if entity @s[tag=aj.labyria.bone.belt2] run data modify entity @s {} merge value {transformation:[-0.9149569422572152f,-0.08833532440014748f,0.393764732141475f,0.2501354713824459f,-0.21640413093000732f,0.9309896203348074f,-0.29398567812952975f,0.7135114465267088f,-0.3406215582310594f,-0.3541965517787715f,-0.8709315454019751f,0.5659584710005547f,0f,0f,0f,1f],start_interpolation:0}
execute if entity @s[tag=aj.labyria.bone.leg_left_2] run data modify entity @s {} merge value {transformation:[-0.9780401712465504f,-0.2083527020158751f,0.005155093665716398f,0.15896042059689913f,-0.2015203586776977f,0.9390792875561457f,-0.2784234845005962f,0.7675819104727849f,0.05316924361348824f,-0.27334820878455673f,-0.9604445784572078f,0.3867841523911093f,0f,0f,0f,1f],start_interpolation:0}
execute if entity @s[tag=aj.labyria.bone.leg_left_1] run data modify entity @s {} merge value {transformation:[-0.9780401712465504f,-0.12669595032544945f,0.16548582899798284f,0.12571562499999997f,-0.2015203586776977f,0.3723145037328075f,-0.905964378631194f,0.8494667074276168f,0.05316924361348824f,-0.9194183196354772f,-0.3896703543410057f,0.08560830639887251f,0f,0f,0f,1f],start_interpolation:0}
execute if entity @s[tag=aj.labyria.bone.belt] run data modify entity @s {} merge value {transformation:[-0.8625845732468645f,-0.07476731780101709f,-0.5003575743259675f,-0.18517794472027893f,0.46175511384299206f,0.28775448829752265f,-0.8390349035078791f,0.9193621603492499f,0.20671252704267776f,-0.9547812328766588f,-0.21368839114504473f,0.34996552009684445f,0f,0f,0f,1f],start_interpolation:0}
execute if entity @s[tag=aj.labyria.bone.leg_right_2] run data modify entity @s {} merge value {transformation:[-0.9890908099016152f,0.10700030166929f,-0.10124379097429943f,-0.1458192706123773f,0.14725538143095648f,0.6999958687698572f,-0.6988001404870752f,0.7189470804882829f,-0.0039015904180507432f,-0.7060854899711604f,-0.7081158510049017f,0.4290353576411037f,0f,0f,0f,1f],start_interpolation:0}
execute if entity @s[tag=aj.labyria.bone.leg_right_1] run data modify entity @s {} merge value {transformation:[-0.9890908099016152f,0.055542530725901075f,-0.13643458890152832f,-0.12500000000000003f,0.14725538143095648f,0.3482773541386351f,-0.9257530649335248f,0.849192743718509f,-0.0039015904180507432f,-0.935744576193073f,-0.35265686682305747f,0.06693317327903892f,0f,0f,0f,1f],start_interpolation:0}
execute if entity @s[tag=aj.labyria.bone.skirt_forward_right] run data modify entity @s {} merge value {transformation:[-0.9955135853275342f,0.09461871605722741f,8.225996872352701e-17f,1.4716180633769946e-18f,0.0635557340201833f,0.668690078232392f,-0.7408199834957971f,1.0432845593666034f,-0.07009543566790878f,-0.7374963578521857f,-0.6717036192051423f,-0.01201667341474777f,0f,0f,0f,1f],start_interpolation:0}
execute if entity @s[tag=aj.labyria.bone.skirt_forward_left] run data modify entity @s {} merge value {transformation:[-0.9955135853275342f,-0.09461871605722721f,8.225996872352701e-17f,1.4716180633769946e-18f,-0.0635557340201833f,0.668690078232392f,-0.7408199834957971f,1.0432845593666034f,0.07009543566790853f,-0.7374963578521857f,-0.6717036192051423f,-0.01201667341474777f,0f,0f,0f,1f],start_interpolation:0}
execute if entity @s[tag=aj.labyria.bone.skirt_forward] run data modify entity @s {} merge value {transformation:[-1f,9.07242821532523e-17f,8.225996872352701e-17f,1.4716180633769946e-18f,0f,0.6717036192051423f,-0.7408199834957971f,1.0432845593666034f,-1.2246467991473532e-16f,-0.7408199834957971f,-0.6717036192051423f,-0.01201667341474777f,0f,0f,0f,1f],start_interpolation:0}
execute if entity @s[tag=aj.labyria.bone.skirt_back_right] run data modify entity @s {} merge value {transformation:[-0.995274121775895f,0.09710521367682061f,1.0715467989487297e-16f,1.4716180633769946e-18f,0.08496554349309128f,0.8708492930435088f,-0.48415118013338004f,1.0432845593666034f,-0.047013603798736835f,-0.481863140614013f,-0.874984362589101f,-0.01201667341474777f,0f,0f,0f,1f],start_interpolation:0}
execute if entity @s[tag=aj.labyria.bone.skirt_back_left] run data modify entity @s {} merge value {transformation:[-0.995274121775895f,-0.0971052136768205f,1.0715467989487297e-16f,1.4716180633769946e-18f,-0.08496554349309128f,0.8708492930435088f,-0.48415118013338004f,1.0432845593666034f,0.047013603798736585f,-0.481863140614013f,-0.874984362589101f,-0.01201667341474777f,0f,0f,0f,1f],start_interpolation:0}
execute if entity @s[tag=aj.labyria.bone.skirt_back] run data modify entity @s {} merge value {transformation:[-1f,5.929141930537575e-17f,1.0715467989487297e-16f,1.4716180633769946e-18f,0f,0.874984362589101f,-0.48415118013338004f,1.0432845593666034f,-1.2246467991473532e-16f,-0.48415118013338004f,-0.874984362589101f,-0.01201667341474777f,0f,0f,0f,1f],start_interpolation:0}
execute if entity @s[tag=aj.labyria.bone.skirt_right] run data modify entity @s {} merge value {transformation:[-0.9946482952198269f,0.10331877281642493f,1.014081438296324e-16f,-0.19375f,0.08555417759115425f,0.8236288001714235f,-0.5606389945632417f,1.0654242911973375f,-0.05792453291130855f,-0.5576386201760862f,-0.8280603346224944f,-0.026142180342712172f,0f,0f,0f,1f],start_interpolation:0}
execute if entity @s[tag=aj.labyria.bone.skirt_left] run data modify entity @s {} merge value {transformation:[-0.9946482952198269f,-0.10331877281642479f,1.014081438296324e-16f,0.19375f,-0.08555417759115425f,0.8236288001714235f,-0.5606389945632417f,1.0654242911973375f,0.0579245329113083f,-0.5576386201760862f,-0.8280603346224944f,-0.026142180342712124f,0f,0f,0f,1f],start_interpolation:0}
execute if entity @s[tag=aj.labyria.bone.coat_downer] run data modify entity @s {} merge value {transformation:[-1f,7.230396895058679e-17f,9.884196426928774e-17f,-8.19249141072145e-18f,0f,0.8071058883108613f,-0.5904067115590197f,0.9267298918913958f,-1.2246467991473532e-16f,-0.5904067115590197f,-0.8071058883108613f,0.06689676906374459f,0f,0f,0f,1f],start_interpolation:0}
execute if entity @s[tag=aj.labyria.bone.body_2] run data modify entity @s {} merge value {transformation:[-1f,6.865847501690643e-17f,1.014081438296324e-16f,7.577502069724248e-18f,0f,0.8280603346224944f,-0.5606389945632417f,1.116925f,-1.2246467991473532e-16f,-0.5606389945632417f,-0.8280603346224944f,-0.061875000000000006f,0f,0f,0f,1f],start_interpolation:0}
execute if entity @s[tag=aj.labyria.bone.sphere] run data modify entity @s {} merge value {transformation:[-0.9999975003764227f,0f,-0.0022358982325970766f,0.5656250000000002f,0f,1f,0f,2.085675f,0.0022358982325970766f,0f,-0.9999975003764227f,-0.6647156152081524f,0f,0f,0f,1f],start_interpolation:0}