execute if entity @s[tag=aj.labyria.bone.wing_right_1] run data modify entity @s {} merge value {transformation:[-0.7452499381417945f,0.12925566134663954f,0.3079609523201579f,0.24923236513429592f,0.1521149743016431f,0.8017522655918088f,0.0316035386635193f,1.6449521077658007f,-0.2973348427905922f,0.08620164193731417f,-0.7557153648262349f,-0.2528887700676155f,0f,0f,0f,1f],start_interpolation:0}
execute if entity @s[tag=aj.labyria.bone.wing_right_2] run data modify entity @s {} merge value {transformation:[-0.6260151813724947f,0.39635408745535683f,0.301676034925869f,0.24923236513429592f,0.43822356269282836f,0.6685818395215789f,0.030958568486712787f,1.6449521077658007f,-0.23678070401104792f,0.18947760083812834f,-0.7402926022787608f,-0.2528887700676155f,0f,0f,0f,1f],start_interpolation:0}
execute if entity @s[tag=aj.labyria.bone.wing_left_1] run data modify entity @s {} merge value {transformation:[-0.41058416041592444f,0.3330603981452125f,0.6224434615668699f,0.2069667505970546f,0.39458447432604177f,0.7053544024603065f,-0.11714394561883919f,1.6649433748449196f,-0.5853786674289012f,0.24184785002488818f,-0.5155442537764798f,-0.2851671299259263f,0f,0f,0f,1f],start_interpolation:0}
execute if entity @s[tag=aj.labyria.bone.wing_left_2] run data modify entity @s {} merge value {transformation:[-0.49644440672198864f,0.14751078774241702f,0.609740533779791f,0.2069667505970546f,0.09269003354372404f,0.7862825501317914f,-0.11475325285110778f,1.6649433748449196f,-0.6204446056789567f,-0.0005646750025869174f,-0.5050229424749191f,-0.2851671299259263f,0f,0f,0f,1f],start_interpolation:0}
execute if entity @s[tag=aj.labyria.bone.musket] run data modify entity @s {} merge value {transformation:[-0.0000066846717993091175f,0.000009023382484748638f,0.000011754122490937088f,-0.5209278064923852f,0.000014369664872443169f,0.000007096113563441361f,0.0000027246225079662657f,1.9034467237491144f,-0.000003618502238730033f,0.000011510404201902517f,-0.0000108941590184663f,-0.648850533244961f,0f,0f,0f,1f],start_interpolation:0}
execute if entity @s[tag=aj.labyria.bone.omega_blade] run data modify entity @s {} merge value {transformation:[-0.7377151711591f,0.733358572720613f,1.461675307923204f,-0.5209278064923852f,1.5858250186596952f,0.7123772448133281f,0.44295693582859147f,1.9034467237491144f,-0.3993350875745623f,1.474190300002976f,-0.9411841599508882f,-0.648850533244961f,0f,0f,0f,1f],start_interpolation:0}
execute if entity @s[tag=aj.labyria.bone.arm_right_2] run data modify entity @s {} merge value {transformation:[-0.7695791866009682f,-0.07238316656180632f,0.6344356174972196f,-0.2808450872743769f,-0.13172787771719968f,0.9901797251005768f,-0.0468174992056241f,1.9335757699835185f,-0.6248164864844037f,-0.11960263039846547f,-0.7715565883453093f,-0.45326350320873354f,0f,0f,0f,1f],start_interpolation:0}
execute if entity @s[tag=aj.labyria.bone.arm_right_1] run data modify entity @s {} merge value {transformation:[-0.4017227816991022f,-0.07238316656180632f,0.9128962065111355f,-0.13423391149878514f,-0.13870391555669945f,0.9901797251005768f,0.017473860734998445f,1.9851030861358097f,-0.9051961281806146f,-0.11960263039846547f,-0.40781758217197117f,-0.11540201594684825f,0f,0f,0f,1f],start_interpolation:0}
execute if entity @s[tag=aj.labyria.bone.arm_left_2] run data modify entity @s {} merge value {transformation:[-0.3437798967572957f,0.5768708868499777f,0.7409692048192446f,0.5382648920278362f,0.6305214139610101f,0.7265391471399446f,-0.2731000077073789f,1.5110737585887561f,-0.6958865777712283f,0.373310658270136f,-0.6134990002434936f,0.3844625973159434f,0f,0f,0f,1f],start_interpolation:0}
execute if entity @s[tag=aj.labyria.bone.arm_left_1] run data modify entity @s {} merge value {transformation:[-0.5943996510304729f,0.5768708868499777f,0.5602758559493461f,0.30979252616299824f,0.6868518890994175f,0.7265391471399446f,-0.01937395451949077f,1.7750824534613447f,-0.4182386128699902f,0.373310658270136f,-0.8280794739193239f,0.22370213049404092f,0f,0f,0f,1f],start_interpolation:0}
execute if entity @s[tag=aj.labyria.bone.himo_right_2] run data modify entity @s {} merge value {transformation:[-0.7901259290252948f,0.5586752592856112f,0.25215663969856084f,-0.2596668074694495f,0.16769669004353907f,0.5927221622725206f,-0.7877552021405057f,1.6257188153920954f,-0.5895581705229401f,-0.580139977085826f,-0.5620131409108697f,0.1363364765717014f,0f,0f,0f,1f],start_interpolation:0}
execute if entity @s[tag=aj.labyria.bone.himo_right_1] run data modify entity @s {} merge value {transformation:[-0.7901259290252948f,0.32212444751052804f,0.5214756529292158f,-0.1960092507304179f,0.16769669004353907f,0.9319171101297803f,-0.32157164053411214f,1.798443450788091f,-0.5895581705229401f,-0.16663235029068063f,-0.7903510760454797f,0.10015321666691453f,0f,0f,0f,1f],start_interpolation:0}
execute if entity @s[tag=aj.labyria.bone.himo_left_2] run data modify entity @s {} merge value {transformation:[-0.7901259290252948f,0.5586752592856112f,0.25215663969856084f,-0.027192232777416336f,0.16769669004353907f,0.5927221622725206f,-0.7877552021405057f,1.515760368965674f,-0.5895581705229401f,-0.580139977085826f,-0.5620131409108697f,0.3138779144988685f,0f,0f,0f,1f],start_interpolation:0}
execute if entity @s[tag=aj.labyria.bone.himo_left_1] run data modify entity @s {} merge value {transformation:[-0.7901259290252948f,0.32212444751052804f,0.5214756529292158f,0.036465323961615254f,0.16769669004353907f,0.9319171101297803f,-0.32157164053411214f,1.6884850043616697f,-0.5895581705229401f,-0.16663235029068063f,-0.7903510760454797f,0.27769465459408166f,0f,0f,0f,1f],start_interpolation:0}
execute if entity @s[tag=aj.labyria.bone.ribbon_left_himo_1] run data modify entity @s {} merge value {transformation:[-0.9840147307820306f,0.16730701556892402f,0.061019440716772955f,0.42723408865813245f,0.17800000116355358f,0.9347116669912189f,0.3076200565247198f,2.048714054669284f,-0.005568589564952264f,0.3135641276229102f,-0.9495506983191263f,0.19590121294008775f,0f,0f,0f,1f],start_interpolation:0}
execute if entity @s[tag=aj.labyria.bone.ribbon_left_himo_2] run data modify entity @s {} merge value {transformation:[-0.9840147307820306f,0.16730701556892402f,0.061019440716772955f,0.43533823312832887f,0.17800000116355358f,0.9347116669912189f,0.3076200565247198f,2.089569843426473f,-0.005568589564952264f,0.3135641276229102f,-0.9495506983191263f,0.06978901081957878f,0f,0f,0f,1f],start_interpolation:0}
execute if entity @s[tag=aj.labyria.bone.ribbon_left] run data modify entity @s {} merge value {transformation:[-0.9840147307820306f,0.16730701556892402f,0.061019440716772955f,0.44865134633770837f,0.17800000116355358f,0.9347116669912189f,0.3076200565247198f,2.1691729620092386f,-0.005568589564952264f,0.3135641276229102f,-0.9495506983191263f,0.16636745020416963f,0f,0f,0f,1f],start_interpolation:0}
execute if entity @s[tag=aj.labyria.bone.ribbon_right_himo_1] run data modify entity @s {} merge value {transformation:[-0.9840147307820306f,0.16730701556892402f,0.061019440716772955f,-0.16422026546254181f,0.17800000116355358f,0.9347116669912189f,0.3076200565247198f,2.1557031803686524f,-0.005568589564952264f,0.3135641276229102f,-0.9495506983191263f,0.1925541425747036f,0f,0f,0f,1f],start_interpolation:0}
execute if entity @s[tag=aj.labyria.bone.ribbon_right_himo_2] run data modify entity @s {} merge value {transformation:[-0.9840147307820306f,0.16730701556892402f,0.061019440716772955f,-0.1561161209923454f,0.17800000116355358f,0.9347116669912189f,0.3076200565247198f,2.196558969125842f,-0.005568589564952264f,0.3135641276229102f,-0.9495506983191263f,0.06644194045419465f,0f,0f,0f,1f],start_interpolation:0}
execute if entity @s[tag=aj.labyria.bone.ribbon_right] run data modify entity @s {} merge value {transformation:[-0.9840147307820306f,0.16730701556892402f,0.061019440716772955f,-0.1417574921315099f,0.17800000116355358f,0.9347116669912189f,0.3076200565247198f,2.2759729627073706f,-0.005568589564952264f,0.3135641276229102f,-0.9495506983191263f,0.16302629646519826f,0f,0f,0f,1f],start_interpolation:0}
execute if entity @s[tag=aj.labyria.bone.crown] run data modify entity @s {} merge value {transformation:[-0.9244777867508186f,0.376320939702962f,0.061019440716772955f,0.3644412403158398f,0.37608932275034085f,0.8740290167591224f,0.3076200565247198f,2.444928125594328f,0.062431106969988076f,0.3073366691499104f,-0.9495506983191263f,0.2917859672435302f,0f,0f,0f,1f],start_interpolation:0}
execute if entity @s[tag=aj.labyria.bone.ear_edge_a1] run data modify entity @s {} merge value {transformation:[-0.9457272930892728f,0.31918100657878923f,0.061019440716772955f,0.39231417239866223f,0.32202964536779655f,0.895358480346291f,0.3076200565247198f,2.449003167370823f,0.04355220557363353f,0.31057475221165604f,-0.9495506983191263f,0.25340200337929175f,0f,0f,0f,1f],start_interpolation:0}
execute if entity @s[tag=aj.labyria.bone.ear_edge_a2] run data modify entity @s {} merge value {transformation:[-0.9840147307820307f,0.16730701556892405f,0.061019440716772955f,0.2806564406914873f,0.17800000116355358f,0.9347116669912189f,0.3076200565247198f,2.478925546868967f,-0.005568589564952264f,0.3135641276229102f,-0.9495506983191263f,0.25592049105597003f,0f,0f,0f,1f],start_interpolation:0}
execute if entity @s[tag=aj.labyria.bone.ear_edge_b1] run data modify entity @s {} merge value {transformation:[-0.9156323229769392f,0.39204353560000504f,0.08899053496918662f,0.2581103535511426f,0.3925273202368387f,0.8240288386504216f,0.4085324662008196f,2.480628241980249f,0.08683174527522014f,0.40899674725685187f,-0.9083952381787204f,0.24039658612895623f,0f,0f,0f,1f],start_interpolation:0}
execute if entity @s[tag=aj.labyria.bone.ear_edge_b2] run data modify entity @s {} merge value {transformation:[-0.9919662023329279f,0.08990961080489099f,0.08899053496918662f,0.2883200970510219f,0.11867675073708814f,0.9049956093232515f,0.4085324662008196f,2.4842909313156163f,-0.04380504838116333f,0.41581150656343047f,-0.9083952381787204f,0.24500329097125736f,0f,0f,0f,1f],start_interpolation:0}
execute if entity @s[tag=aj.labyria.bone.ear_right_2] run data modify entity @s {} merge value {transformation:[-0.9656884904404317f,0.24398037649937843f,0.08899053496918662f,0.36456194120413693f,0.258788147010978f,0.8752884776040987f,0.4085324662008196f,2.580257197251496f,0.021781515041541754f,0.41754479622756757f,-0.9083952381787204f,0.26122985973073787f,0f,0f,0f,1f],start_interpolation:0}
execute if entity @s[tag=aj.labyria.bone.ear_right_1] run data modify entity @s {} merge value {transformation:[-0.9656884904404317f,0.25243289659926005f,0.061019440716772955f,0.3077645394693035f,0.258788147010978f,0.915641084590656f,0.3076200565247198f,2.3742379532185987f,0.021781515041541754f,0.31285625600929684f,-0.9495506983191263f,0.19083720212864616f,0f,0f,0f,1f],start_interpolation:0}
execute if entity @s[tag=aj.labyria.bone.ear_edge_a3] run data modify entity @s {} merge value {transformation:[-0.998072460045277f,0.01131337057560168f,0.061019440716772955f,0.008079497578666106f,0.029587406182529044f,0.951049150264653f,0.3076200565247198f,2.518507993290128f,-0.05455226754735974f,0.3088325135524122f,-0.9495506983191263f,0.25122759975121295f,0f,0f,0f,1f],start_interpolation:0}
execute if entity @s[tag=aj.labyria.bone.ear_edge_a4] run data modify entity @s {} merge value {transformation:[-0.9840147307820306f,0.16730701556892402f,0.061019440716772955f,0.12310926295287684f,0.17800000116355358f,0.9347116669912189f,0.3076200565247198f,2.507424508260023f,-0.005568589564952261f,0.3135641276229102f,-0.9495506983191263f,0.25502892353924633f,0f,0f,0f,1f],start_interpolation:0}
execute if entity @s[tag=aj.labyria.bone.ear_edge_b3] run data modify entity @s {} merge value {transformation:[-0.9941080949300144f,-0.08299354110413158f,0.069722074908987f,0.14499184997086026f,-0.04707131640306901f,0.9099590565231431f,0.41201796881154745f,2.501090429322615f,-0.09763906373321984f,0.40630848820386206f,-0.9085042793772589f,0.23975644274600139f,0f,0f,0f,1f],start_interpolation:0}
execute if entity @s[tag=aj.labyria.bone.ear_edge_b4] run data modify entity @s {} merge value {transformation:[-0.9710993962094837f,0.22826474750158393f,0.069722074908987f,0.11793089946084395f,0.23642533045531489f,0.8799683269842739f,0.41201796881154745f,2.5151129062521145f,0.03269596000534971f,0.41659446534073913f,-0.9085042793772589f,0.24403904980900645f,0f,0f,0f,1f],start_interpolation:0}
execute if entity @s[tag=aj.labyria.bone.ear_left_2] run data modify entity @s {} merge value {transformation:[-0.9948520248580388f,0.07354101512928576f,0.069722074908987f,0.07996511787745418f,0.09585716782793519f,0.9061195267471139f,0.41201796881154745f,2.6317383725821064f,-0.03287631384245068f,0.4165802711859269f,-0.9085042793772589f,0.25961931178768416f,0f,0f,0f,1f],start_interpolation:0}
execute if entity @s[tag=aj.labyria.bone.ear_left_1] run data modify entity @s {} merge value {transformation:[-0.9948520248580388f,0.08090782712737046f,0.061019440716772955f,0.06176085677379586f,0.09585716782793519f,0.946668529211643f,0.3076200565247198f,2.418737953509487f,-0.03287631384245068f,0.3118855868901163f,-0.9495506983191263f,0.1894450547374081f,0f,0f,0f,1f],start_interpolation:0}
execute if entity @s[tag=aj.labyria.bone.head] run data modify entity @s {} merge value {transformation:[-0.9840147307820306f,0.16730701556892402f,0.061019440716772955f,0.09711099512007694f,0.17800000116355358f,0.9347116669912189f,0.3076200565247198f,1.9078350972646456f,-0.005568589564952264f,0.3135641276229102f,-0.9495506983191263f,0.05911297234875832f,0f,0f,0f,1f],start_interpolation:0}
execute if entity @s[tag=aj.labyria.bone.back_musket] run data modify entity @s {} merge value {transformation:[0.9283049387483672f,1.2098868924761443f,0.5630988267922503f,0.1379086894725841f,-0.22282548755031897f,0.8168346402973446f,-1.3877271392940582f,1.8815807851491297f,-1.3157717824221467f,0.7152702415519088f,0.6322892840756684f,-0.18466606218562637f,0f,0f,0f,1f],start_interpolation:0}
execute if entity @s[tag=aj.labyria.bone.body_1] run data modify entity @s {} merge value {transformation:[-0.7439186390145061f,0.3143305360158444f,0.5897299150075372f,-0.020762955885864697f,0.3518670285645486f,0.9344783988570416f,-0.05421915047964959f,1.557405697693255f,-0.5681326013669347f,0.16717187621598228f,-0.8057784503611821f,-0.003576481232235037f,0f,0f,0f,1f],start_interpolation:0}
execute if entity @s[tag=aj.labyria.bone.belt2] run data modify entity @s {} merge value {transformation:[-0.7610449722465538f,0.3697636960300665f,0.5329965847136612f,-0.12008930498316564f,-0.3135783311416235f,0.5095666675605401f,-0.8012555407294731f,1.366121725092632f,-0.5678725036983889f,-0.776927680295554f,-0.27185326765351325f,0.6336619140207486f,0f,0f,0f,1f],start_interpolation:0}
execute if entity @s[tag=aj.labyria.bone.leg_left_2] run data modify entity @s {} merge value {transformation:[-0.9431994102293109f,0.24061328133018417f,0.22908540195874968f,-0.12049525403430465f,-0.05156816224126218f,0.5751558143667272f,-0.8164168750357905f,1.3030558998968031f,-0.32820054415881034f,-0.7818574282103281f,-0.5300786401716187f,0.4352621199079848f,0f,0f,0f,1f],start_interpolation:0}
execute if entity @s[tag=aj.labyria.bone.leg_left_1] run data modify entity @s {} merge value {transformation:[-0.9431994102293109f,0.32970338057120147f,0.04087240368514866f,-0.008488404729161795f,-0.05156816224126218f,-0.023756470915262506f,-0.9983868762822913f,1.2666846274210477f,-0.32820054415881034f,-0.9437856276345671f,0.039409286777193714f,0.119085939297842f,0f,0f,0f,1f],start_interpolation:0}
execute if entity @s[tag=aj.labyria.bone.belt] run data modify entity @s {} merge value {transformation:[-0.709126741239327f,0.495418116073265f,-0.5016972743853705f,-0.34988521989021026f,0.6999461982365762f,0.4089146799634375f,-0.5855459880185014f,1.3442812510736049f,-0.08493870986456198f,-0.7663874182010144f,-0.6367383613304034f,0.1641468543619468f,0f,0f,0f,1f],start_interpolation:0}
execute if entity @s[tag=aj.labyria.bone.leg_right_2] run data modify entity @s {} merge value {transformation:[-0.7799014804841455f,0.4432992907800385f,0.4418590493953393f,-0.367613443496399f,0.47536676919026827f,0.8787568666844511f,-0.04257703611727626f,1.1996969352680533f,-0.4071610436771232f,0.17683921524605495f,-0.8960735329552566f,0.19815229022513245f,0f,0f,0f,1f],start_interpolation:0}
execute if entity @s[tag=aj.labyria.bone.leg_right_1] run data modify entity @s {} merge value {transformation:[-0.7799014804841455f,0.6075434783132873f,-0.15048123702850913f,-0.1717379889403374f,0.47536676919026827f,0.4185541125670499f,-0.7738468127496653f,1.2924669590088729f,-0.4071610436771232f,-0.6750580544013987f,-0.6152369524821751f,-0.06872926001858246f,0f,0f,0f,1f],start_interpolation:0}
execute if entity @s[tag=aj.labyria.bone.skirt_forward_right] run data modify entity @s {} merge value {transformation:[-0.5763852210320061f,0.5902047570483833f,0.56518883723349f,-0.033055970462967724f,0.24633141727882243f,0.7849511021110425f,-0.5684827175526681f,1.4818781960020324f,-0.7791668048866637f,-0.18844126950357476f,-0.5978201887780211f,0.013685685665594718f,0f,0f,0f,1f],start_interpolation:0}
execute if entity @s[tag=aj.labyria.bone.skirt_forward_left] run data modify entity @s {} merge value {transformation:[-0.7153451888761122f,0.4109049026459222f,0.56518883723349f,-0.033055970462967724f,0.02322607708441715f,0.8223672836313481f,-0.5684827175526681f,1.4818781960020324f,-0.6983851445263336f,-0.39353425745968174f,-0.5978201887780211f,0.013685685665594718f,0f,0f,0f,1f],start_interpolation:0}
execute if entity @s[tag=aj.labyria.bone.skirt_forward] run data modify entity @s {} merge value {transformation:[-0.6492026983402117f,0.5090161438839083f,0.56518883723349f,-0.033055970462967724f,0.14063568587703743f,0.8105855930756657f,-0.5684827175526681f,1.4818781960020324f,-0.7475008095819584f,-0.2895747944205914f,-0.5978201887780211f,0.013685685665594718f,0f,0f,0f,1f],start_interpolation:0}
execute if entity @s[tag=aj.labyria.bone.skirt_back_right] run data modify entity @s {} merge value {transformation:[-0.6035371176996803f,0.3861674915121256f,0.6975798277315612f,-0.033055970462967724f,0.26461060808863546f,0.922313001896484f,-0.2816379814933686f,1.4818781960020324f,-0.752146377805361f,0.014608046821150356f,-0.6588341455346303f,0.013685685665594718f,0f,0f,0f,1f],start_interpolation:0}
execute if entity @s[tag=aj.labyria.bone.skirt_back_left] run data modify entity @s {} merge value {transformation:[-0.6858981374214427f,0.2071862182284358f,0.6975798277315612f,-0.033055970462967724f,0.0034017429351522743f,0.9595147083423704f,-0.2816379814933686f,1.4818781960020324f,-0.7276896132464711f,-0.1908019796827457f,-0.6588341455346303f,0.013685685665594718f,0f,0f,0f,1f],start_interpolation:0}
execute if entity @s[tag=aj.labyria.bone.skirt_back] run data modify entity @s {} merge value {transformation:[-0.6492026983402117f,0.3031802111117963f,0.6975798277315612f,-0.033055970462967724f,0.14063568587703743f,0.9491583910171348f,-0.2816379814933686f,1.4818781960020324f,-0.7475008095819584f,-0.0847355200135718f,-0.6588341455346303f,0.013685685665594718f,0f,0f,0f,1f],start_interpolation:0}
execute if entity @s[tag=aj.labyria.bone.skirt_right] run data modify entity @s {} merge value {transformation:[-0.5884790702097947f,0.4667720638116674f,0.6601637860182973f,-0.14303653138509437f,0.26974466289950666f,0.8830816325026842f,-0.38393312851800865f,1.5417883490708502f,-0.7621877726402115f,-0.047860952575047744f,-0.6455843310183125f,-0.13440755543532526f,0f,0f,0f,1f],start_interpolation:0}
execute if entity @s[tag=aj.labyria.bone.skirt_left] run data modify entity @s {} merge value {transformation:[-0.7056624780351388f,0.25734071330299657f,0.6601637860182973f,0.09888342652587111f,-0.022547964492917294f,0.9230855551483841f,-0.38393312851800865f,1.4873400760452649f,-0.7081892800590343f,-0.2858125524764518f,-0.6455843310183125f,0.15284971247340495f,0f,0f,0f,1f],start_interpolation:0}
execute if entity @s[tag=aj.labyria.bone.coat_downer] run data modify entity @s {} merge value {transformation:[-0.6492026983402117f,0.40059176854644635f,0.6465772122806513f,-0.08677192246529038f,0.14063568587703743f,0.8986330572706018f,-0.4155481106182369f,1.3521195820442444f,-0.7475008095819584f,-0.17884312498198393f,-0.6397325037240137f,0.03592492487218618f,0f,0f,0f,1f],start_interpolation:0}
execute if entity @s[tag=aj.labyria.bone.body_2] run data modify entity @s {} merge value {transformation:[-0.6492026983402117f,0.37778251957677433f,0.6601637860182973f,0f,0.14063568587703743f,0.9125880542086169f,-0.38393312851800865f,1.5617296507452862f,-0.7475008095819584f,-0.1564078361782255f,-0.6455843310183125f,0f,0f,0f,0f,1f],start_interpolation:0}
execute if entity @s[tag=aj.labyria.bone.sphere] run data modify entity @s {} merge value {transformation:[-0.9798970669741782f,0f,0.19950372962780122f,0.8231416088078036f,0f,1f,0f,2.5304796507452862f,-0.19950372962780122f,0f,-0.9798970669741782f,-0.0766473504687264f,0f,0f,0f,1f],start_interpolation:0}