# This file was generated by Animated Java via MC-Build. It is not recommended to edit this file directly.
$data merge entity $(bone_wing_right_1) { transformation: [-0.5118510195308993f,0.3948767650940639f,-0.4990243667782876f,0.21300838849700274f,0.02432671814814958f,0.6520928206233519f,0.4910474605575981f,1.309848553419532f,0.6358940077039285f,0.2929022671895405f,-0.4204658336724965f,0.07744907646998919f,0f,0f,0f,1f], start_interpolation: 0, interpolation_duration: 1 }
$data merge entity $(bone_wing_right_2) { transformation: [-0.3163030791564046f,0.5486233907370037f,-0.48884019602771034f,0.21300838849700274f,0.26531008684795987f,0.5815706874574027f,0.48102608381152473f,1.309848553419532f,0.6852466124928347f,0.0280697457515581f,-0.41188489829142516f,0.07744907646998919f,0f,0f,0f,1f], start_interpolation: 0, interpolation_duration: 1 }
$data merge entity $(bone_wing_left_1) { transformation: [-0.4305857642948804f,0.5610537976946599f,-0.40836133524543916f,0.18305734459886464f,0.3342989752111456f,0.5888574349088276f,0.45654743561848876f,1.3212458312732265f,0.6080991195552053f,0.07355271503785624f,-0.540138781565616f,0.11698370988303325f,0f,0f,0f,1f], start_interpolation: 0, interpolation_duration: 1 }
$data merge entity $(bone_wing_left_2) { transformation: [-0.5993235728518209f,0.34754756496929967f,-0.40002743044451183f,0.18305734459886464f,0.08311354067823659f,0.6580861192309849f,0.44723014101402986f,1.3212458312732265f,0.5233578072218426f,0.2934848373586145f,-0.5291155411255014f,0.11698370988303325f,0f,0f,0f,1f], start_interpolation: 0, interpolation_duration: 1 }
$data merge entity $(bone_blade) { transformation: [-0.7174509517057669f,1.7633527796475004f,-0.6130669673093812f,0.7216955391455446f,0.42355983690056154f,-0.4859047580454043f,-1.8932758992480745f,0.9907892273874552f,-1.818202737997404f,-0.8090015702199034f,-0.1991362923238054f,0.6627823212844168f,0f,0f,0f,1f], start_interpolation: 0, interpolation_duration: 1 }
$data merge entity $(bone_arm_right_2) { transformation: [0.8815727449878678f,0.46999513535799087f,0.04397804036538905f,0.41394548339143494f,-0.359846519510182f,0.7294050705694932f,-0.5817892448506768f,1.1638593106433999f,-0.3055159205196417f,0.4970641968270664f,0.8121497439153074f,0.8115372840551679f,0f,0f,0f,1f], start_interpolation: 0, interpolation_duration: 1 }
$data merge entity $(bone_arm_right_1) { transformation: [0.4174623150590155f,0.46999513535799087f,-0.7777080353483505f,0.33351210393686104f,-0.6798624318440522f,0.7294050705694932f,0.07586380424553078f,1.3641785679970377f,0.6029198033508759f,0.4970641968270664f,0.6240311650550833f,0.570002546824113f,0f,0f,0f,1f], start_interpolation: 0, interpolation_duration: 1 }
$data merge entity $(bone_arm_left_2) { transformation: [-0.7987408177421622f,0.37829376738189174f,-0.4678749102405442f,0.9819578085151516f,0.6016721125157644f,0.49968186762254374f,-0.623144204971902f,1.0123491029131892f,-0.0019429599582894003f,-0.7792379974880984f,-0.6267251137279715f,-0.05471780160754994f,0f,0f,0f,1f], start_interpolation: 0, interpolation_duration: 1 }
$data merge entity $(bone_arm_left_1) { transformation: [-0.8421202812003103f,0.08037529234021895f,-0.5332665790881093f,0.6711351888175346f,0.42812862039688704f,0.7009279471000326f,-0.5704435970113013f,1.1724084198790679f,0.32793187766389614f,-0.7086888071328332f,-0.6246766029366502f,0.06445826846484634f,0f,0f,0f,1f], start_interpolation: 0, interpolation_duration: 1 }
$data merge entity $(bone_ear_edge_a1) { transformation: [-0.7507073104645998f,0.6581579937526044f,-0.05715408362097463f,0.9904045469713673f,0.3913013973830847f,0.5126901299750938f,0.7642198944231735f,1.7139853081585714f,0.532279767059628f,0.551340988758924f,-0.6424183712295904f,0.5266868572635972f,0f,0f,0f,1f], start_interpolation: 0, interpolation_duration: 1 }
$data merge entity $(bone_ear_edge_a2) { transformation: [-0.8444234514100598f,0.5326184801846148f,-0.05715408362097463f,0.8985070219029161f,0.3062814216397973f,0.5675910884837235f,0.7642198944231735f,1.7549841700224675f,0.43947778722823627f,0.6278199669010958f,-0.6424183712295904f,0.583634893552468f,0f,0f,0f,1f], start_interpolation: 0, interpolation_duration: 1 }
$data merge entity $(bone_ear_edge_b1) { transformation: [-0.7126066631856035f,0.5814326997263479f,0.3925910840459961f,0.8805221983963637f,0.3234886647759279f,-0.224239388247499f,0.9192778581690492f,1.8410118721326163f,0.6225325913917817f,0.7820822926312279f,-0.028292405477708005f,0.5370924323535828f,0f,0f,0f,1f], start_interpolation: 0, interpolation_duration: 1 }
$data merge entity $(bone_ear_edge_b2) { transformation: [-0.8574017958787613f,0.33276778863265083f,0.3925910840459961f,0.9086606261428025f,0.37694978435948384f,-0.11330083649940065f,0.9192778581690492f,1.8289032528403926f,0.35038695822649213f,0.9361776109783182f,-0.028292405477708005f,0.5341131962443721f,0f,0f,0f,1f], start_interpolation: 0, interpolation_duration: 1 }
$data merge entity $(bone_ear_right_2) { transformation: [-0.7947894059974153f,0.4627980562209236f,0.3925910840459961f,1.0100452467714032f,0.3545847512553192f,-0.17087385305344027f,0.9192778581690492f,1.8217661593415257f,0.4925235570929364f,0.8698391147222604f,-0.028292405477708005f,0.6045111019492518f,0f,0f,0f,1f], start_interpolation: 0, interpolation_duration: 1 }
$data merge entity $(bone_ear_right_1) { transformation: [-0.7947894059974153f,0.6041880591667814f,-0.05715408362097463f,0.8741029334588776f,0.3545847512553192f,0.538737048238783f,0.7642198944231735f,1.7005503234877997f,0.4925235570929364f,0.5871279094160325f,-0.6424183712295904f,0.47240732233064475f,0f,0f,0f,1f], start_interpolation: 0, interpolation_duration: 1 }
$data merge entity $(bone_ear_edge_a3) { transformation: [-0.9127101253385956f,0.23962245067335536f,-0.33097025279879805f,0.6497732391675071f,0.07341301647856963f,0.8929804045299048f,0.4440681548333822f,1.8558729028653829f,0.40195864975880574f,0.3810079766342206f,-0.8326236638633175f,0.6765242964971772f,0f,0f,0f,1f], start_interpolation: 0, interpolation_duration: 1 }
$data merge entity $(bone_ear_edge_a4) { transformation: [-0.8639879392573424f,0.37945162086905193f,-0.33097025279879805f,0.7531155795106628f,0.2122020922978466f,0.8705020079743018f,0.4440681548333822f,1.8402027842481885f,0.4566126507689721f,0.31343694985205206f,-0.8326236638633175f,0.6270879869674153f,0f,0f,0f,1f], start_interpolation: 0, interpolation_duration: 1 }
$data merge entity $(bone_ear_edge_b3) { transformation: [-0.9397985355127648f,0.22026133351406593f,-0.2612731475040403f,0.7610576669619229f,0.0126511007838363f,0.7864635547622617f,0.6175071065823161f,1.8397964546591516f,0.34149474710018585f,0.5770268815136017f,-0.7419038453288054f,0.5926562958903512f,0f,0f,0f,1f], start_interpolation: 0, interpolation_duration: 1 }
$data merge entity $(bone_ear_edge_b4) { transformation: [-0.8257370259445228f,0.49989469528854436f,-0.2612731475040403f,0.7404774213343105f,0.25506251571684524f,0.7440618834455438f,0.6175071065823161f,1.8532931278230842f,0.5030919171090793f,0.4432574953972501f,-0.7419038453288054f,0.6111376088419008f,0f,0f,0f,1f], start_interpolation: 0, interpolation_duration: 1 }
$data merge entity $(bone_ear_left_2) { transformation: [-0.8937715921570225f,0.3645664321443117f,-0.2612731475040403f,0.7288950274954875f,0.13552535020276185f,0.7748018151584021f,0.6175071065823161f,1.963898682587178f,0.42755727160875173f,0.5165011750042898f,-0.7419038453288054f,0.6651552350350187f,0f,0f,0f,1f], start_interpolation: 0, interpolation_duration: 1 }
$data merge entity $(bone_ear_left_1) { transformation: [-0.8937715921570225f,0.30270618232107643f,-0.33097025279879805f,0.6607861364732455f,0.13552535020276185f,0.8856841159890437f,0.4440681548333822f,1.7646197564896435f,0.42755727160875173f,0.3520406423544094f,-0.8326236638633175f,0.5859460905052767f,0f,0f,0f,1f], start_interpolation: 0, interpolation_duration: 1 }
$data merge entity $(bone_head) { transformation: [-0.8532671879425286f,0.4380746191073028f,-0.2828882006635148f,0.5517715489443036f,0.256277732007376f,0.8247201774844487f,0.5041412033618904f,1.2941615364228825f,0.45415507269852773f,0.3576692004408696f,-0.8159754365164333f,0.37137047358315356f,0f,0f,0f,1f], start_interpolation: 0, interpolation_duration: 1 }
$data merge entity $(bone_body_1) { transformation: [-0.5885268157476756f,0.5850118732989987f,-0.5580298336514795f,0.33239209645717904f,0.22395224908482075f,0.7811776838674687f,0.5827579397634214f,1.0012199049725816f,0.7768407670016757f,0.2179966383379649f,-0.5907587395863007f,0.28962173420641674f,0f,0f,0f,1f], start_interpolation: 0, interpolation_duration: 1 }
$data merge entity $(bone_leg_left_2) { transformation: [-0.5648915421030622f,0.535536149634562f,-0.6277727121299655f,0.28742061078461517f,0.23959428123745038f,0.8344587054521116f,0.4962592561287854f,0.422413332484203f,0.7896151759298536f,0.12992190473424414f,-0.5996900637925329f,0.2661212091039511f,0f,0f,0f,1f], start_interpolation: 0, interpolation_duration: 1 }
$data merge entity $(bone_leg_left_1) { transformation: [-0.5648915421030622f,0.04056936394809352f,-0.8241672599474403f,0.27960260466193354f,0.23959428123745038f,0.963824633973073f,-0.11677609063922809f,0.7489470494111247f,0.7896151759298536f,-0.2634315881885064f,-0.5541765713973726f,0.16144751581483657f,0f,0f,0f,1f], start_interpolation: 0, interpolation_duration: 1 }
$data merge entity $(bone_leg_right_2) { transformation: [-0.5885268157476756f,-0.24106676047927972f,-0.7717013697914027f,0.367115161651731f,0.22395224908482075f,0.8685504828819045f,-0.44211474620901436f,0.7824310809022534f,0.7768407670016757f,-0.4330206411681045f,-0.45717780681766673f,0.5399094540020263f,0f,0f,0f,1f], start_interpolation: 0, interpolation_duration: 1 }
$data merge entity $(bone_leg_right_1) { transformation: [-0.5885268157476756f,-0.7634289034543265f,-0.26610617526924546f,0.096909646314366f,0.22395224908482075f,0.16232384974568978f,-0.9609871788601497f,0.8101454988516181f,0.7768407670016757f,-0.6251618007958128f,0.07543968153421994f,0.32721477474552474f,0f,0f,0f,1f], start_interpolation: 0, interpolation_duration: 1 }
$data merge entity $(bone_coat_downer) { transformation: [-0.5885268157476756f,0.406956154217588f,-0.6985863408987699f,0.24473673031951548f,0.22395224908482075f,0.9123239450198635f,0.34279791346104127f,0.8132333272209733f,0.7768407670016757f,0.04529578222995903f,-0.6280658523088357f,0.28746554377188344f,0f,0f,0f,1f], start_interpolation: 0, interpolation_duration: 1 }
$data merge entity $(bone_body_2) { transformation: [-0.5885268157476756f,0.26618266556063336f,-0.7634022371600293f,0.3088097854037482f,0.22395224908482075f,0.960970910026387f,0.1624201348752917f,1.026200637984019f,0.7768407670016757f,-0.07537704317690887f,-0.6251693563236721f,0.2645544171948423f,0f,0f,0f,1f], start_interpolation: 0, interpolation_duration: 1 }