# This file was generated by Animated Java via MC-Build. It is not recommended to edit this file directly.
$data merge entity $(bone_wing_right_1) { transformation: [0.44366642168733367f,-0.14643957429347026f,-0.6698208729148027f,-0.4000279855011365f,-0.11512658628639226f,0.7705842271044732f,-0.24472487105377722f,1.127668859196374f,0.6759071088852692f,0.2273759979922973f,0.3979876633010224f,0.08820381334361455f,0f,0f,0f,1f], start_interpolation: 0, interpolation_duration: 1 }
$data merge entity $(bone_wing_right_2) { transformation: [0.34829649032208665f,-0.29690965353766435f,-0.6561510591818477f,-0.4000279855011365f,0.18054033355724727f,0.7415756752177712f,-0.23973048593023075f,1.127668859196374f,0.697204950346994f,-0.04370555526990516f,0.3898654660907975f,0.08820381334361455f,0f,0f,0f,1f], start_interpolation: 0, interpolation_duration: 1 }
$data merge entity $(bone_wing_left_1) { transformation: [0.2518239676012343f,-0.26907329474847835f,-0.7287857681371223f,-0.37803290169248943f,0.11512658628639226f,0.7705842271044732f,-0.24472487105377722f,1.127668859196374f,0.7682935655828822f,-0.027275546473800514f,0.2755457967252289f,0.1338770754916725f,0f,0f,0f,1f], start_interpolation: 0, interpolation_duration: 1 }
$data merge entity $(bone_wing_left_2) { transformation: [0.3279374701748232f,-0.15094976198538745f,-0.7139125891955483f,-0.37803290169248943f,-0.18054033355724727f,0.7415756752177712f,-0.23973048593023075f,1.127668859196374f,0.707009337713707f,0.25938328257977905f,0.2699224131185916f,0.1338770754916725f,0f,0f,0f,1f], start_interpolation: 0, interpolation_duration: 1 }
$data merge entity $(bone_blade) { transformation: [-0.8860823412422055f,1.792918276881555f,0.01738208741228421f,0.5234549358403303f,-0.003229588803518854f,0.017792819979095986f,-1.9999182446573545f,1.4519855873338756f,-1.7929996247336168f,-0.8860741887569392f,-0.0049877573958694715f,-0.30985903052048236f,0f,0f,0f,1f], start_interpolation: 0, interpolation_duration: 1 }
$data merge entity $(bone_arm_right_2) { transformation: [0.4025429152020186f,0.029955617317218325f,0.9149108494338694f,0.2807598890040721f,0.06180134566796724f,0.9962947162151992f,-0.05981163862748111f,1.441366701536105f,-0.9133125396567641f,0.08061947303735197f,0.3992000820051153f,0.13007337188893078f,0f,0f,0f,1f], start_interpolation: 0, interpolation_duration: 1 }
$data merge entity $(bone_arm_right_1) { transformation: [0.8964591212912983f,0.029955617317218325f,0.44211277389912274f,-0.047118739991959875f,0.008896397201427764f,0.9962947162151992f,-0.08554351266174653f,1.4330120107237687f,-0.4430371293362068f,0.08061947303735197f,0.8928709887753729f,0.2776250811779545f,0f,0f,0f,1f], start_interpolation: 0, interpolation_duration: 1 }
$data merge entity $(bone_arm_left_2) { transformation: [-0.9427571240227023f,-0.14092304163064745f,0.3022411312876028f,0.0060269911067264426f,-0.144567602443044f,0.9894402879494891f,0.010398312666099821f,1.4156949521715705f,-0.30051491382011836f,-0.03389119236614094f,-0.9531747865169788f,-0.43275566420162354f,0f,0f,0f,1f], start_interpolation: 0, interpolation_duration: 1 }
$data merge entity $(bone_arm_left_1) { transformation: [-0.916470710397734f,-0.14092304163064745f,-0.3744624591606474f,-0.29468996074253f,-0.117429115049943f,0.9894402879494891f,-0.08496069397679869f,1.377163523795808f,0.38248116283244593f,-0.03389119236614094f,-0.92334151166204f,-0.3072540326472272f,0f,0f,0f,1f], start_interpolation: 0, interpolation_duration: 1 }
$data merge entity $(bone_ear_edge_a1) { transformation: [0.4355682293284582f,0.008937778278894408f,-0.9001113451785333f,-0.23283310702396579f,0.06969008103788994f,0.9966145903260724f,0.043619387365335965f,2.0967970850071067f,0.8974539599358865f,-0.08172805190772761f,0.43347077793867916f,-0.17055528377116647f,0f,0f,0f,1f], start_interpolation: 0, interpolation_duration: 1 }
$data merge entity $(bone_ear_edge_a2) { transformation: [0.42880748507768024f,0.07696562234040644f,-0.9001113451785333f,-0.1826652996884986f,-0.08707278979269381f,0.9952465414778341f,0.043619387365335965f,2.0967970850071067f,0.8991898965285766f,0.059670886151990433f,0.43347077793867916f,-0.06638075841994905f,0f,0f,0f,1f], start_interpolation: 0, interpolation_duration: 1 }
$data merge entity $(bone_ear_edge_b1) { transformation: [0.4346897394186305f,-0.0290585052102499f,-0.9001113451785333f,-0.17341971608313425f,0.15628557409255195f,0.9867482801487086f,0.043619387365335965f,2.09055303362222f,0.8869158076022349f,-0.15963531845588447f,0.43347077793867916f,-0.04655377854153303f,0f,0f,0f,1f], start_interpolation: 0, interpolation_duration: 1 }
$data merge entity $(bone_ear_edge_b2) { transformation: [0.422394081181831f,0.10669023602676946f,-0.9001113451785333f,-0.18513144987015118f,-0.15628557409255195f,0.9867482801487086f,0.043619387365335965f,2.103041136391993f,0.8928370845306092f,0.12224984728055083f,0.43347077793867916f,-0.07213009973738975f,0f,0f,0f,1f], start_interpolation: 0, interpolation_duration: 1 }
$data merge entity $(bone_ear_right_2) { transformation: [0.4338837391175542f,0.03929971005314393f,-0.9001113451785333f,-0.22997776723342425f,0f,0.9990482215818578f,0.043619387365335965f,2.213675141482675f,0.9009688679024209f,-0.018925742888088962f,0.43347077793867916f,-0.10429482059421426f,0f,0f,0f,1f], start_interpolation: 0, interpolation_duration: 1 }
$data merge entity $(bone_ear_right_1) { transformation: [0.4338837391175542f,0.03929971005314393f,-0.9001113451785333f,-0.23882020199538162f,0f,0.9990482215818578f,0.043619387365335965f,1.9888892916267575f,0.9009688679024209f,-0.018925742888088962f,0.43347077793867916f,-0.10003652844439424f,0f,0f,0f,1f], start_interpolation: 0, interpolation_duration: 1 }
$data merge entity $(bone_ear_edge_a3) { transformation: [0.46053159918149306f,-0.008310886096230673f,-0.8876044024945077f,-0.0790721420936854f,-0.19192530641654343f,0.9753697911243319f,-0.1087126824201895f,2.092651208753111f,0.8666460193829152f,0.22041937241171097f,0.4475935403391953f,0.18227540926563343f,0f,0f,0f,1f], start_interpolation: 0, interpolation_duration: 1 }
$data merge entity $(bone_ear_edge_a4) { transformation: [0.4535615819667198f,-0.08025157964934018f,-0.8876044024945077f,-0.13212436422506477f,-0.03698093592183252f,0.9933851030991718f,-0.1087126824201895f,2.106921580207055f,0.8904573553754226f,0.08213233775093258f,0.4475935403391953f,0.08053574713483391f,0f,0f,0f,1f], start_interpolation: 0, interpolation_duration: 1 }
$data merge entity $(bone_ear_edge_b3) { transformation: [0.3979949381128988f,0.42020835522059136f,-0.8154906298905679f,-0.1920823168368495f,-0.26804267520326247f,0.9034019213923205f,0.33469104065472405f,2.0959584939698273f,0.8773557736211622f,0.08538095002674283f,0.4721831634717005f,0.08540266355902718f,0f,0f,0f,1f], start_interpolation: 0, interpolation_duration: 1 }
$data merge entity $(bone_ear_edge_b4) { transformation: [0.5083672022862662f,0.27665469488212086f,-0.8154906298905679f,-0.17476803766635657f,0.024242813563959187f,0.9420160260292608f,0.33469104065472405f,2.1041649557492565f,0.8607990901657235f,-0.18991573527151367f,0.4721831634717005f,0.10948866253911921f,0f,0f,0f,1f], start_interpolation: 0, interpolation_duration: 1 }
$data merge entity $(bone_ear_left_2) { transformation: [0.45883002924436206f,0.3527747678396269f,-0.8154906298905679f,-0.13944280007645385f,-0.12341942879086745f,0.9342106571338147f,0.33469104065472405f,2.21082521281167f,0.8799105914015092f,-0.0529189122460344f,0.4721831634717005f,0.16107704964171043f,0f,0f,0f,1f], start_interpolation: 0, interpolation_duration: 1 }
$data merge entity $(bone_ear_left_1) { transformation: [0.45883002924436206f,-0.04041570160204779f,-0.8876044024945077f,-0.1303492672159931f,-0.12341942879086745f,0.9863818719329461f,-0.1087126824201895f,1.9888892916267575f,0.8799105914015092f,0.15942827160221992f,0.4475935403391953f,0.125205688531211f,0f,0f,0f,1f], start_interpolation: 0, interpolation_duration: 1 }
$data merge entity $(bone_head) { transformation: [0.4338837391175542f,-0.03929971005314395f,-0.9001113451785333f,-0.13631515366662192f,0f,0.9990482215818578f,-0.04361938736533605f,1.478240183921222f,0.9009688679024209f,0.018925742888089f,0.43347077793867916f,-0.010660824997320961f,0f,0f,0f,1f], start_interpolation: 0, interpolation_duration: 1 }
$data merge entity $(bone_body_1) { transformation: [0.4338837391175542f,-0.2709265637510573f,-0.8592692814149789f,-0.034717692259975445f,0f,0.9537169507482269f,-0.3007057995042731f,1.120596327390637f,0.9009688679024209f,0.13047135666324758f,0.4138022766504329f,-0.0595875837460388f,0f,0f,0f,1f], start_interpolation: 0, interpolation_duration: 1 }
$data merge entity $(bone_leg_left_2) { transformation: [0.36847300486817935f,0.341520190635367f,-0.8646337976691617f,0.13972007888165855f,0.17937714184873096f,0.8864779771694861f,0.426591885735859f,0.4221787783808092f,0.9121685620901406f,-0.3122831333611832f,0.2653822883173f,-0.21202584350325823f,0f,0f,0f,1f], start_interpolation: 0, interpolation_duration: 1 }
$data merge entity $(bone_leg_left_1) { transformation: [0.36847300486817935f,-0.3018407420845592f,-0.879272319080532f,0.01225807309488168f,0.17937714184873096f,0.9511324098373716f,-0.25133837737029796f,0.7293870648466168f,0.9121685620901406f,-0.06510994835504515f,0.4046099466889172f,-0.22094945306183827f,0f,0f,0f,1f], start_interpolation: 0, interpolation_duration: 1 }
$data merge entity $(bone_leg_right_2) { transformation: [0.4338837391175542f,0.5117389654832866f,-0.7415309380838171f,0.30838357332726785f,0f,0.823037248567981f,0.5679874008018557f,0.8869164738938293f,0.9009688679024209f,-0.24644049723157008f,0.35710247884169943f,-0.0860769119117518f,0f,0f,0f,1f], start_interpolation: 0, interpolation_duration: 1 }
$data merge entity $(bone_leg_right_1) { transformation: [0.4338837391175542f,-0.8799850703777358f,0.19331626119305467f,-0.00015242777736176882f,0f,-0.21456486242762352f,-0.9767097418432024f,0.8436819818669339f,0.9009688679024209f,0.4237784748234697f,-0.09309620479334091f,0.0625061952086078f,0f,0f,0f,1f], start_interpolation: 0, interpolation_duration: 1 }
$data merge entity $(bone_coat_downer) { transformation: [0.4338837391175542f,-0.023584615482084653f,-0.9006601283735903f,0.01713171841828043f,0f,0.9996573249755574f,-0.02617694830787315f,0.9068588609091399f,0.9009688679024209f,0.011357752210506944f,0.43373505799664674f,-0.07588572311494944f,0f,0f,0f,1f], start_interpolation: 0, interpolation_duration: 1 }
$data merge entity $(bone_body_2) { transformation: [0.4338837391175542f,-0.19500535393904958f,-0.8796123082725003f,-0.02982950706433185f,0f,0.9762960071199334f,-0.21643961393810288f,1.125f,0.9009688679024209f,0.09390962898862397f,0.42359896205473496f,-0.061941609668291445f,0f,0f,0f,1f], start_interpolation: 0, interpolation_duration: 1 }