# This file was generated by Animated Java via MC-Build. It is not recommended to edit this file directly.
$data merge entity $(bone_wing_right_1) { transformation: [-0.7129198003541007f,-0.12570699588371975f,-0.3780047008879704f,0.10510701174451166f,-0.2632008781588031f,0.7303401090215929f,0.2535213350690763f,0.921395435298682f,0.29902357840803845f,0.3431406720059026f,-0.6780736119447752f,0.4980545981993192f,0f,0f,0f,1f], start_interpolation: 0, interpolation_duration: 1 }
$data merge entity $(bone_wing_right_2) { transformation: [-0.6779401989586469f,0.20804366396294371f,-0.3702903192371955f,0.10510701174451166f,0.09586315052977137f,0.7544095772509292f,0.24834743027174824f,0.921395435298682f,0.41377209065670045f,0.16608438709568163f,-0.6642353749663105f,0.4980545981993192f,0f,0f,0f,1f], start_interpolation: 0, interpolation_duration: 1 }
$data merge entity $(bone_wing_left_1) { transformation: [-0.7129198003541016f,0.12570699588372083f,0.3780047008879682f,0.03239298825548964f,0.2632008781588031f,0.7303401090215929f,0.2535213350690763f,0.921395435298682f,-0.2990235784080362f,0.3431406720059022f,-0.6780736119447763f,0.4980545981993193f,0f,0f,0f,1f], start_interpolation: 0, interpolation_duration: 1 }
$data merge entity $(bone_wing_left_2) { transformation: [-0.6779401989586481f,-0.2080436639629432f,0.3702903192371934f,0.03239298825548964f,-0.09586315052977137f,0.7544095772509292f,0.24834743027174824f,0.921395435298682f,-0.41377209065669834f,0.1660843870956823f,-0.6642353749663116f,0.4980545981993193f,0f,0f,0f,1f], start_interpolation: 0, interpolation_duration: 1 }
$data merge entity $(bone_blade) { transformation: [-1.0836071919083383f,-1.680471159786252f,0.0425691763036827f,-0.8551149324875768f,-0.3693907897413595f,0.18862988743803066f,-1.956519667680182f,1.0653178729586716f,1.6399225280783172f,-1.067911722330907f,-0.41257563574386585f,0.5083008516369036f,0f,0f,0f,1f], start_interpolation: 0, interpolation_duration: 1 }
$data merge entity $(bone_arm_right_2) { transformation: [-0.8816922306289539f,-0.0816997311515463f,0.4646977129041037f,-0.5441846036312279f,0.051116507993736085f,0.9625572468292335f,0.26621541876279897f,1.0489879255228012f,-0.46904787928213254f,0.2584737907531267f,-0.8445030411044371f,0.6908872258978317f,0f,0f,0f,1f], start_interpolation: 0, interpolation_duration: 1 }
$data merge entity $(bone_arm_right_1) { transformation: [-0.8973728438437379f,-0.0816997311515463f,0.43364401651765866f,-0.22968749999999888f,0.041794585068920906f,0.9625572468292335f,0.2678371879247593f,1.0301484284588662f,-0.4392894168890471f,0.2584737907531267f,-0.8603581275858266f,0.8362730428916014f,0f,0f,0f,1f], start_interpolation: 0, interpolation_duration: 1 }
$data merge entity $(bone_arm_left_2) { transformation: [0.45562044678011293f,0.09006648881977213f,0.8856060275695781f,0.5033658698686599f,0.6501097089675774f,0.6459355034028328f,-0.40015583433185237f,0.7229185763701774f,-0.6080850062137546f,0.758060256863138f,0.23574832381718205f,1.0225436307080837f,0f,0f,0f,1f], start_interpolation: 0, interpolation_duration: 1 }
$data merge entity $(bone_arm_left_1) { transformation: [-0.24558076856389496f,0.09006648881977213f,0.9651829431269725f,0.4046875000000012f,0.752054663910521f,0.6459355034028328f,0.1310767253716782f,0.9672288243650982f,-0.6116403098243279f,0.758060256863138f,-0.22636426034732846f,0.8260934839284886f,0f,0f,0f,1f], start_interpolation: 0, interpolation_duration: 1 }
$data merge entity $(bone_ear_edge_a1) { transformation: [-0.9958098037667981f,0.037318531084776466f,0.08348749582785236f,0.237764178049098f,0.05553600544807307f,0.9721020390936683f,0.22788895912001456f,1.6516282536453186f,-0.07265388372828178f,0.2315706216850632f,-0.9701012629368084f,1.0120703722809685f,0f,0f,0f,1f], start_interpolation: 0, interpolation_duration: 1 }
$data merge entity $(bone_ear_edge_a2) { transformation: [-0.9893876370771328f,-0.11891989589350543f,0.08348749582785236f,0.12260314992437987f,-0.0972179973858458f,0.9688215951843157f,0.22788895912001456f,1.65019338348921f,-0.10798502017971529f,0.2173540316285756f,-0.9701012629368084f,1.0018224762094332f,0f,0f,0f,1f], start_interpolation: 0, interpolation_duration: 1 }
$data merge entity $(bone_ear_edge_b1) { transformation: [-0.9887679225253205f,0.12396706588992132f,0.08348749582785236f,0.10101740685859557f,0.14004894942428642f,0.9635626155452224f,0.22788895912001456f,1.6438368712972213f,-0.05219470423438983f,0.23702162875630978f,-0.9701012629368084f,0.9984715697572853f,0f,0f,0f,1f], start_interpolation: 0, interpolation_duration: 1 }
$data merge entity $(bone_ear_edge_b2) { transformation: [-0.9786821059241122f,-0.18764640573253508f,0.08348749582785236f,0.12862659189222933f,-0.16456275739758963f,0.9596800097891476f,0.22788895912001456f,1.656355994308751f,-0.12288382489834415f,0.2092919139067787f,-0.9701012629368084f,1.0037885318411033f,0f,0f,0f,1f], start_interpolation: 0, interpolation_duration: 1 }
$data merge entity $(bone_ear_right_2) { transformation: [-0.9959872702678324f,-0.03223655541192447f,0.08348749582785236f,0.1759528362922686f,-0.012409687836616706f,0.9736080432900059f,0.22788895912001456f,1.770566998270682f,-0.08863045251057601f,0.22593844855663653f,-0.9701012629368084f,1.002477922728691f,0f,0f,0f,1f], start_interpolation: 0, interpolation_duration: 1 }
$data merge entity $(bone_ear_right_1) { transformation: [-0.9959872702678324f,-0.03223655541192447f,0.08348749582785236f,0.1832060612599516f,-0.012409687836616706f,0.9736080432900059f,0.22788895912001456f,1.551505188530431f,-0.08863045251057601f,0.22593844855663653f,-0.9701012629368084f,0.951641771803448f,0f,0f,0f,1f], start_interpolation: 0, interpolation_duration: 1 }
$data merge entity $(bone_ear_edge_a3) { transformation: [-0.9734558673586593f,-0.228540167085234f,-0.012371997965313325f,-0.14305967051018936f,-0.19605120041195687f,0.804737679478467f,0.5603224018764935f,1.6116952612814621f,-0.11809996241333492f,0.5478746747717632f,-0.8281821898723152f,1.011193442374f,0f,0f,0f,1f], start_interpolation: 0, interpolation_duration: 1 }
$data merge entity $(bone_ear_edge_a4) { transformation: [-0.9972225690522584f,-0.07344441053722449f,-0.012371997965313325f,-0.02893470439649752f,-0.06774877641963968f,0.8254991879154084f,0.5603224018764935f,1.6278177761848271f,-0.03093947424336367f,0.559604332820825f,-0.8281821898723152f,1.0203965531382728f,0f,0f,0f,1f], start_interpolation: 0, interpolation_duration: 1 }
$data merge entity $(bone_ear_edge_b3) { transformation: [-0.9624761189485032f,-0.2326871713352747f,-0.13962951245999444f,-0.012370871050102289f,-0.1364739272708593f,-0.02968821461404479f,0.9901987058607472f,1.7198125483038056f,-0.2345518868589537f,0.9720983953330131f,-0.003181534517436191f,0.9286626654872112f,0f,0f,0f,1f], start_interpolation: 0, interpolation_duration: 1 }
$data merge entity $(bone_ear_edge_b4) { transformation: [-0.9872734750200782f,0.07612282687843094f,-0.13962951245999444f,-0.04112172255952451f,-0.1389685806837321f,0.013937592849929806f,0.9901987058607472f,1.7157911870191882f,0.07732282395598558f,0.9970010324636511f,-0.003181534517436191f,0.9388843491010651f,0f,0f,0f,1f], start_interpolation: 0, interpolation_duration: 1 }
$data merge entity $(bone_ear_left_2) { transformation: [-0.9870267339562536f,-0.07925796935220726f,-0.13962951245999444f,-0.10196309264780304f,-0.1394379667318042f,-0.007973477622821967f,0.9901987058607472f,1.7391087709487687f,-0.07959447147479172f,0.996822249926617f,-0.003181534517436191f,1.0439570025210587f,0f,0f,0f,1f], start_interpolation: 0, interpolation_duration: 1 }
$data merge entity $(bone_ear_left_1) { transformation: [-0.9870267339562536f,-0.16007860607213398f,-0.012371997965313325f,-0.06579075630700654f,-0.1394379667318042f,0.8164532193512727f,0.5603224018764935f,1.5484027665712765f,-0.07959447147479172f,0.5547783165273721f,-0.8281821898723152f,0.929484158675804f,0f,0f,0f,1f], start_interpolation: 0, interpolation_duration: 1 }
$data merge entity $(bone_head) { transformation: [-0.9959872702678324f,-0.024837470877081432f,0.08597940163121556f,0.06875000000000128f,-0.012409687836616706f,0.9897650022410781f,0.14216624067097045f,1.0382567188813332f,-0.08863045251057601f,0.14052878843549715f,-0.9861015680489621f,0.8993576351679637f,0f,0f,0f,1f], start_interpolation: 0, interpolation_duration: 1 }
$data merge entity $(bone_body_1) { transformation: [-1f,5.575444530463386e-16f,-1.4912203779374123e-15f,0.06875000000000107f,0f,0.9366721892483976f,0.35020738125946743f,0.687004647913184f,1.592040838891559e-15f,0.35020738125946743f,-0.9366721892483976f,0.7680298671956635f,0f,0f,0f,1f], start_interpolation: 0, interpolation_duration: 1 }
$data merge entity $(bone_leg_left_2) { transformation: [-1f,1.5898590022525591e-15f,8.332097968120796e-17f,0.19375000000000042f,0f,-0.05233595624294374f,0.9986295347545739f,0.13522088794373005f,1.592040838891559e-15f,0.9986295347545739f,0.05233595624294374f,0.362435635335587f,0f,0f,0f,1f], start_interpolation: 0, interpolation_duration: 1 }
$data merge entity $(bone_leg_left_1) { transformation: [-1f,1.2630509174146785e-15f,-9.691730561238682e-16f,0.1937500000000008f,0f,0.6087614290087208f,0.7933533402912352f,0.3616654031869699f,1.592040838891559e-15f,0.7933533402912352f,-0.6087614290087208f,0.6062101346505361f,0f,0f,0f,1f], start_interpolation: 0, interpolation_duration: 1 }
$data merge entity $(bone_leg_right_2) { transformation: [-1f,-5.022624918719773e-16f,-1.510737045933901e-15f,-0.05624999999999867f,0f,0.9489310883417632f,-0.3154834220343695f,0.4163522342614308f,1.592040838891559e-15f,-0.3154834220343695f,-0.9489310883417632f,0.934082327094365f,0f,0f,0f,1f], start_interpolation: 0, interpolation_duration: 1 }
$data merge entity $(bone_leg_right_1) { transformation: [-1f,-1.517434429694348e-15f,-4.81650064130305e-16f,-0.05624999999999922f,0f,0.30253624929976586f,-0.9531378797737657f,0.47269217596953705f,1.592040838891559e-15f,-0.9531378797737657f,-0.30253624929976586f,0.5913143684571447f,0f,0f,0f,1f], start_interpolation: 0, interpolation_duration: 1 }
$data merge entity $(bone_coat_downer) { transformation: [-1f,1.0339478156800714e-15f,-1.2105973513720193e-15f,0.06093750000000095f,0f,0.7604059656000309f,0.6494480483301837f,0.4810706669545094f,1.592040838891559e-15f,0.6494480483301837f,-0.7604059656000309f,0.6894941705809252f,0f,0f,0f,1f], start_interpolation: 0, interpolation_duration: 1 }
$data merge entity $(bone_body_2) { transformation: [-1f,6.092476526924187e-16f,-1.4708539459740104e-15f,0.06875000000000109f,0f,0.9238795325112867f,0.3826834323650897f,0.6875f,1.592040838891559e-15f,0.3826834323650897f,-0.9238795325112867f,0.7749999999999999f,0f,0f,0f,1f], start_interpolation: 0, interpolation_duration: 1 }