# This file was generated by Animated Java via MC-Build. It is not recommended to edit this file directly.
$data merge entity $(bone_wing_right_1) { transformation: [-0.7056427821968559f,-0.12442386124349224f,-0.39183084504819804f,0.08767431559273582f,-0.23391175873902592f,0.7616060630867024f,0.17940439860168947f,1.1734380461031808f,0.338079868524496f,0.2672439931360074f,-0.6937053373555846f,0.3387966225814255f,0f,0f,0f,1f], start_interpolation: 0, interpolation_duration: 1 }
$data merge entity $(bone_wing_right_2) { transformation: [-0.6718203735890704f,0.20329441195282705f,-0.38383429719007156f,0.08767431559273582f,0.13234017610614499f,0.769155670910169f,0.17574308434451213f,1.1734380461031808f,0.4136948917001955f,0.08408885761789149f,-0.6795480855728177f,0.3387966225814255f,0f,0f,0f,1f], start_interpolation: 0, interpolation_duration: 1 }
$data merge entity $(bone_wing_left_1) { transformation: [-0.7056427821968572f,0.1244238612434931f,0.3918308450481959f,0.013150673028111695f,0.23391175873902592f,0.7616060630867024f,0.17940439860168947f,1.1734380461031808f,-0.3380798685244938f,0.26724399313600694f,-0.693705337355586f,0.3387966225814257f,0f,0f,0f,1f], start_interpolation: 0, interpolation_duration: 1 }
$data merge entity $(bone_wing_left_2) { transformation: [-0.6718203735890717f,-0.20329441195282677f,0.38383429719006945f,0.013150673028111695f,-0.13234017610614499f,0.769155670910169f,0.17574308434451213f,1.1734380461031808f,-0.41369489170019336f,0.08408885761789213f,-0.679548085572819f,0.3387966225814257f,0f,0f,0f,1f], start_interpolation: 0, interpolation_duration: 1 }
$data merge entity $(bone_blade) { transformation: [-0.16086371188298876f,-1.902928890936768f,0.5941249887333374f,-0.945204001828104f,0.9886837120314202f,-0.5937411522855421f,-1.6340061082035178f,1.2420972701128254f,1.7310769433398956f,0.1622747057332038f,0.9884531026387664f,0.6384487300133732f,0f,0f,0f,1f], start_interpolation: 0, interpolation_duration: 1 }
$data merge entity $(bone_arm_right_2) { transformation: [-0.9893260927194044f,-0.07531519088527654f,0.12474575859110795f,-0.605410930387037f,-0.12119075611072591f,0.9006103687389033f,-0.4173892240502707f,1.3219771169527372f,-0.08091157456054834f,-0.4280520829781007f,-0.9001248420970513f,0.6513748334403445f,0f,0f,0f,1f], start_interpolation: 0, interpolation_duration: 1 }
$data merge entity $(bone_arm_right_1) { transformation: [-0.9988027287860175f,0.017620769961837743f,0.0456357035177202f,-0.24802500568957575f,-0.0034874594716645547f,0.9048536841388297f,-0.42570840716013647f,1.3165378359627784f,-0.048794944369665604f,-0.4253578714051722f,-0.9037088771488426f,0.6653833099554214f,0f,0f,0f,1f], start_interpolation: 0, interpolation_duration: 1 }
$data merge entity $(bone_arm_left_2) { transformation: [0.27127106224826714f,0.5062106229805305f,0.8186347268277592f,0.48232902171008996f,0.6513099505131975f,0.5296784119821433f,-0.5433563547457332f,1.002979110639738f,-0.7086659009358309f,0.6805817989497941f,-0.18601359033433307f,0.8691444984717172f,0f,0f,0f,1f], start_interpolation: 0, interpolation_duration: 1 }
$data merge entity $(bone_arm_left_1) { transformation: [-0.24549871261984865f,0.47878574969436716f,0.842908410203386f,0.38634999431042427f,0.7625867943845013f,0.6322119002943234f,-0.1370018034794096f,1.2653374031184235f,-0.5984912389771192f,0.609157056115944f,-0.5203228976816123f,0.6736626931212041f,0f,0f,0f,1f], start_interpolation: 0, interpolation_duration: 1 }
$data merge entity $(bone_ear_edge_a1) { transformation: [-0.9942522720909637f,0.0812124210064025f,0.0697636159916837f,0.2239683147768667f,0.09620601747927857f,0.9636262913019376f,0.24933666580037978f,1.9430738852792446f,-0.046976820270565586f,0.2546152261471264f,-0.9659007531684167f,0.823086987804442f,0f,0f,0f,1f], start_interpolation: 0, interpolation_duration: 1 }
$data merge entity $(bone_ear_edge_a2) { transformation: [-0.9947157983892279f,-0.07532276096005659f,0.0697636159916837f,0.10863290734340791f,-0.05572280161914482f,0.9668123894878795f,0.24933666580037978f,1.9463983922092536f,-0.08622905435289407f,0.24413169645519403f,-0.9659007531684167f,0.8156149016947679f,0f,0f,0f,1f], start_interpolation: 0, interpolation_duration: 1 }
$data merge entity $(bone_ear_edge_b1) { transformation: [-0.9849276709388791f,0.157854208907983f,0.07070736700620323f,0.08790774722538815f,0.1729214898785197f,0.9079843561786778f,0.3816576571654041f,1.9422211546859298f,-0.003954915562697885f,0.38813201061601055f,-0.9215953021679663f,0.7951601931280102f,0f,0f,0f,1f], start_interpolation: 0, interpolation_duration: 1 }
$data merge entity $(bone_ear_edge_b2) { transformation: [-0.9855015127120098f,-0.15423111454369595f,0.07070736700620323f,0.11598523239460404f,-0.11612448692937413f,0.9169801177028893f,0.3816576571654041f,1.952960696373134f,-0.1237007355585657f,0.367913341758905f,-0.9215953021679663f,0.8017619122920807f,0f,0f,0f,1f], start_interpolation: 0, interpolation_duration: 1 }
$data merge entity $(bone_ear_right_2) { transformation: [-0.9974954156407245f,0.0018341283456398388f,0.07070736700620323f,0.16671162959644983f,0.02875249236764413f,0.9238564428035687f,0.3816576571654041f,2.0645415977421355f,-0.06462344743501977f,0.38273477639685194f,-0.9215953021679663f,0.8179538735028712f,0f,0f,0f,1f], start_interpolation: 0, interpolation_duration: 1 }
$data merge entity $(bone_ear_right_1) { transformation: [-0.9974954156407245f,0.011659059117402674f,0.0697636159916837f,0.16408834129503425f,0.02875249236764413f,0.9679899386203342f,0.24933666580037978f,1.8467438615525609f,-0.06462344743501977f,0.25071805892336235f,-0.9659007531684167f,0.7615423102451148f,0f,0f,0f,1f], start_interpolation: 0, interpolation_duration: 1 }
$data merge entity $(bone_ear_edge_a3) { transformation: [-0.9762780418956918f,-0.21621977168088355f,-0.01141031316749739f,-0.1613104216310185f,-0.19287734309625557f,0.8445178770246055f,0.4995877159278267f,1.912244921091512f,-0.09838452842008802f,0.48993730794880286f,-0.8661881544141763f,0.821389748382469f,0f,0f,0f,1f], start_interpolation: 0, interpolation_duration: 1 }
$data merge entity $(bone_ear_edge_a4) { transformation: [-0.9980826634734461f,-0.06083421428087475f,-0.01141031316749739f,-0.04695930775683613f,-0.058391000631884085f,0.864293124547005f,0.4995877159278267f,1.9276805018267986f,-0.020530170943250076f,0.499296097755234f,-0.8661881544141763f,0.8287861142535051f,0f,0f,0f,1f], start_interpolation: 0, interpolation_duration: 1 }
$data merge entity $(bone_ear_edge_b3) { transformation: [-0.9612202995207152f,-0.2531189267611546f,-0.10948216614859158f,-0.027297950994232795f,-0.1757635299403242f,0.25635447243832193f,0.9504680773196892f,1.9863060152021261f,-0.21251521670747095f,0.9328521819538996f,-0.2909021988428856f,0.7444311720004302f,0f,0f,0f,1f], start_interpolation: 0, interpolation_duration: 1 }
$data merge entity $(bone_ear_edge_b4) { transformation: [-0.9923928794214999f,0.05630300319624633f,-0.10948216614859158f,-0.056358519669024f,-0.08794316190931814f,0.29812150923676245f,0.9504680773196892f,1.9860600869485638f,0.08615319580198863f,0.9528659599132917f,-0.2909021988428856f,0.7545647050759098f,0f,0f,0f,1f], start_interpolation: 0, interpolation_duration: 1 }
$data merge entity $(bone_ear_left_2) { transformation: [-0.988982606479415f,-0.0996346294046134f,-0.10948216614859158f,-0.11858121995364374f,-0.13349691446734313f,0.28069379726654536f,0.9504680773196892f,2.0399968416463206f,-0.0639685696954477f,0.9546119278531424f,-0.2909021988428856f,0.8467862133763838f,0f,0f,0f,1f], start_interpolation: 0, interpolation_duration: 1 }
$data merge entity $(bone_ear_left_1) { transformation: [-0.988982606479415f,-0.14759135758777375f,-0.01141031316749739f,-0.08525806159900068f,-0.13349691446734313f,0.8559151172410242f,0.4995877159278267f,1.8423762894913733f,-0.0639685696954477f,0.4956068030643666f,-0.8661881544141763f,0.7440124591876772f,0f,0f,0f,1f], start_interpolation: 0, interpolation_duration: 1 }
$data merge entity $(bone_head) { transformation: [-0.9973856115761397f,-0.02557924931734535f,0.06758434600742153f,0.05041249431042436f,-0.017470288244750772f,0.9928648774923456f,0.11795814541927552f,1.3320306337627874f,-0.0701194042297502f,0.1164690390038087f,-0.9907160199088305f,0.7240468778490949f,0f,0f,0f,1f], start_interpolation: 0, interpolation_duration: 1 }
$data merge entity $(bone_body_1) { transformation: [-1f,3.9861519169650507e-16f,-1.541330581558446e-15f,0.05041249431042421f,0f,0.9681476403781077f,0.2503800040544415f,0.968975268620997f,1.592040838891559e-15f,0.2503800040544415f,-0.9681476403781077f,0.6301543763286794f,0f,0f,0f,1f], start_interpolation: 0, interpolation_duration: 1 }
$data merge entity $(bone_leg_left_2) { transformation: [-0.9974959741307188f,-0.0018348711092723152f,-0.07069946846349467f,0.1943029951348931f,-0.0661188720608733f,0.37899814024214457f,0.9230323420392124f,0.3141604626650066f,0.02510132168644092f,0.9253956142866725f,-0.37817043870269085f,0.4574698808488581f,0f,0f,0f,1f], start_interpolation: 0, interpolation_duration: 1 }
$data merge entity $(bone_leg_left_1) { transformation: [-0.9974959741307188f,-0.05243743376517656f,-0.047456265478133045f,0.17541249431042405f,-0.0661188720608733f,0.9295962159923652f,0.3626005653195727f,0.6292989096131418f,0.02510132168644092f,0.36483035886943205f,-0.9307355869938546f,0.5368840311635776f,0f,0f,0f,1f], start_interpolation: 0, interpolation_duration: 1 }
$data merge entity $(bone_leg_right_2) { transformation: [-0.9979855574896938f,0.06163784558821368f,-0.015020087657160137f,-0.08265538180176016f,0.06303340378865091f,0.9365631721576337f,-0.3447843015058084f,0.6141564784054323f,-0.007184500595179503f,-0.34503652060220336f,-0.9385617626996763f,0.8483106008633423f,0f,0f,0f,1f], start_interpolation: 0, interpolation_duration: 1 }
$data merge entity $(bone_leg_right_1) { transformation: [-0.9979855574896938f,0.03187292108914296f,-0.0548538416451438f,-0.07458750568957599f,0.06303340378865091f,0.40024430787287474f,-0.9142380893521013f,0.7035993946204739f,-0.007184500595179503f,-0.9158540336301461f,-0.4014470974295232f,0.5123467640201494f,0f,0f,0f,1f], start_interpolation: 0, interpolation_duration: 1 }
$data merge entity $(bone_coat_downer) { transformation: [-1f,6.507344576871902e-16f,-1.4529758078774393e-15f,0.04259999431042414f,0f,0.9126498343403413f,0.40874231476389566f,0.7398509057711344f,1.592040838891559e-15f,0.40874231476389566f,-0.9126498343403413f,0.5842425114707026f,0f,0f,0f,1f], start_interpolation: 0, interpolation_duration: 1 }
$data merge entity $(bone_body_2) { transformation: [-1f,2.8768866555913464e-16f,-1.5658318122989274e-15f,0.0504124943104242f,0f,0.9835374659039027f,0.18070432524798466f,0.9596100583090377f,1.592040838891559e-15f,0.18070432524798466f,-0.9835374659039027f,0.6246186341432991f,0f,0f,0f,1f], start_interpolation: 0, interpolation_duration: 1 }