# This file was generated by Animated Java via MC-Build. It is not recommended to edit this file directly.
$data merge entity $(bone_wing_right_1) { transformation: [-0.7700727837261819f,-0.1357846088802005f,-0.23557353883639928f,0.041830380887879215f,-0.11814066664862234f,0.8043572182064511f,-0.07743831640372201f,1.2128952378749738f,0.24489821373883608f,-0.03894162239654171f,-0.7781085138957785f,-0.1949845101262795f,0f,0f,0f,1f], start_interpolation: 0, interpolation_duration: 1 }
$data merge entity $(bone_wing_right_2) { transformation: [-0.7444132020848272f,0.18054383612156208f,-0.23076591559484014f,0.041830380887879215f,0.20984140324157755f,0.7682526654884881f,-0.07585794259956442f,1.2128952378749738f,0.204488557253016f,-0.13111737187857184f,-0.7622287483060688f,-0.1949845101262795f,0f,0f,0f,1f], start_interpolation: 0, interpolation_duration: 1 }
$data merge entity $(bone_wing_left_1) { transformation: [-0.7700727837261825f,0.1357846088802004f,0.23557353883639678f,-0.016671072740406176f,0.11814066664862234f,0.8043572182064511f,-0.07743831640372201f,1.2128952378749738f,-0.24489821373883364f,-0.03894162239654215f,-0.7781085138957792f,-0.1949845101262794f,0f,0f,0f,1f], start_interpolation: 0, interpolation_duration: 1 }
$data merge entity $(bone_wing_left_2) { transformation: [-0.7444132020848279f,-0.18054383612156247f,0.2307659155948377f,-0.016671072740406176f,-0.20984140324157755f,0.7682526654884881f,-0.07585794259956442f,1.2128952378749738f,-0.20448855725301363f,-0.13111737187857125f,-0.7622287483060695f,-0.1949845101262794f,0f,0f,0f,1f], start_interpolation: 0, interpolation_duration: 1 }
$data merge entity $(bone_blade) { transformation: [-0.4721040140622339f,1.189037057542849f,1.5373056546100952f,-0.3786325263067803f,1.7635006009249659f,-0.4028052302637963f,0.8531199077558899f,1.1124531007314442f,0.8168129715201717f,1.556900389319104f,-0.9533507997030318f,0.6853227467872446f,0f,0f,0f,1f], start_interpolation: 0, interpolation_duration: 1 }
$data merge entity $(bone_arm_right_2) { transformation: [-0.1349171660023345f,-0.981060204163938f,0.13899005044862367f,-0.44322011658021643f,-0.5173258840623148f,-0.049892582429232474f,-0.8543328741759191f,1.2754602438498492f,0.8450865565118422f,-0.1871673209306441f,-0.5007964716115743f,0.3821198278288559f,0f,0f,0f,1f], start_interpolation: 0, interpolation_duration: 1 }
$data merge entity $(bone_arm_right_1) { transformation: [-0.4083078946582852f,-0.9026457467583155f,0.13607100726768226f,-0.285857845926263f,-0.49280862877050347f,0.09249247185458256f,-0.8652079507607207f,1.4624648806752252f,0.7683907330057117f,-0.42032820332372683f,-0.48259701918017783f,0.08805852691066682f,0f,0f,0f,1f], start_interpolation: 0, interpolation_duration: 1 }
$data merge entity $(bone_arm_left_2) { transformation: [0.3304722949297665f,0.9211466154739578f,0.20561365490824396f,0.3743147196663643f,0.6102752909887971f,-0.04236810467043195f,-0.791055631997633f,1.200206231451663f,-0.7199667572134096f,0.38690290320377313f,-0.5761545035839772f,0.3946357729532177f,0f,0f,0f,1f], start_interpolation: 0, interpolation_duration: 1 }
$data merge entity $(bone_arm_left_1) { transformation: [-0.0745564122460382f,0.9659787453440319f,0.2476416865888479f,0.34851715407373707f,0.672144124789209f,0.23212505860798527f,-0.7030933314131116f,1.4497701378894183f,-0.7366570551514098f,0.11403078842930832f,-0.6665833499164551f,0.12754177806267358f,0f,0f,0f,1f], start_interpolation: 0, interpolation_duration: 1 }
$data merge entity $(bone_ear_edge_a1) { transformation: [-0.9800934054997836f,0.19352084690910806f,0.04434634491610302f,0.2051929387457872f,0.19840292172901858f,0.9464804172362662f,0.2545802436122101f,2.0998105198292443f,0.0072936373110653804f,0.25831086233421313f,-0.9660343168101896f,0.17575701635698482f,0f,0f,0f,1f], start_interpolation: 0, interpolation_duration: 1 }
$data merge entity $(bone_ear_edge_a2) { transformation: [-0.9983001594666775f,0.03781789657540591f,0.04434634491610302f,0.09058482834988849f,0.04789809479035151f,0.9658647276289791f,0.2545802436122101f,2.115061051000923f,-0.033204881030664414f,0.25627160322753206f,-0.9660343168101896f,0.1745148587731217f,0f,0f,0f,1f], start_interpolation: 0, interpolation_duration: 1 }
$data merge entity $(bone_ear_edge_b1) { transformation: [-0.9641330999367319f,0.24893655947423668f,0.09207581095769651f,0.07024298857018145f,0.25011177157045916f,0.7360014609761009f,0.6290834214656522f,2.123649201498234f,0.08883393117651674f,0.6295493934539012f,-0.771865334027608f,0.12058997848778663f,0f,0f,0f,1f], start_interpolation: 0, interpolation_duration: 1 }
$data merge entity $(bone_ear_edge_b2) { transformation: [-0.9938706946694444f,-0.061180775687780825f,0.09207581095769651f,0.09930873819016436f,0.01043347082780531f,0.7772677733725707f,0.6290834214656522f,2.1295154398705147f,-0.11005537226215427f,0.6261882473846723f,-0.771865334027608f,0.12883831598015674f,0f,0f,0f,1f], start_interpolation: 0, interpolation_duration: 1 }
$data merge entity $(bone_ear_right_2) { transformation: [-0.9912052790996646f,0.09504809162438956f,0.09207581095769651f,0.1605934980104f,0.13189648580911228f,0.7660661628529712f,0.6290834214656522f,2.2265740473219813f,-0.010742984509086353f,0.6356952842441781f,-0.771865334027608f,0.17476705931815983f,0f,0f,0f,1f], start_interpolation: 0, interpolation_duration: 1 }
$data merge entity $(bone_ear_right_1) { transformation: [-0.9912052790996646f,0.12468157994482522f,0.04434634491610302f,0.13254014252281435f,0.13189648580911228f,0.9580147267101661f,0.2545802436122101f,2.0110207338121944f,-0.010742984509086353f,0.2581904084758141f,-0.9660343168101896f,0.11667421741110176f,0f,0f,0f,1f], start_interpolation: 0, interpolation_duration: 1 }
$data merge entity $(bone_ear_edge_a3) { transformation: [-0.9847411341780116f,-0.17366457236151653f,-0.011203346120466392f,-0.18910297578771973f,-0.171616188358643f,0.9584174777681816f,0.2279996100911751f,2.100855187968487f,-0.02885797205373509f,0.22644327019138516f,-0.9735967660350855f,0.16746421220726604f,0f,0f,0f,1f], start_interpolation: 0, interpolation_duration: 1 }
$data merge entity $(bone_ear_edge_a4) { transformation: [-0.9997844612058684f,-0.017479020767663042f,-0.011203346120466392f,-0.07411893344190484f,-0.019573782879337823f,0.9734644548323605f,0.2279996100911751f,2.1129197682936063f,0.006920849303655326f,0.2281697591946376f,-0.9735967660350855f,0.1689663880939694f,0f,0f,0f,1f], start_interpolation: 0, interpolation_duration: 1 }
$data merge entity $(bone_ear_edge_b3) { transformation: [-0.9664812482288355f,-0.25489473921607086f,-0.0307029109695356f,-0.05161642834302499f,-0.24506124383697422f,0.8802524233311011f,0.406325802760296f,2.111508520365149f,-0.07654399774709353f,0.40023036259096473f,-0.9132122826972914f,0.1416020757329187f,0f,0f,0f,1f], start_interpolation: 0, interpolation_duration: 1 }
$data merge entity $(bone_ear_edge_b4) { transformation: [-0.9979450951996441f,0.05623982774662424f,-0.0307029109695356f,-0.08084258953649764f,0.03894586530649083f,0.9128978922019317f,0.406325802760296f,2.119920781217079f,0.05088031586480047f,0.4042950904825587f,-0.9132122826972914f,0.14632764387360092f,0f,0f,0f,1f], start_interpolation: 0, interpolation_duration: 1 }
$data merge entity $(bone_ear_left_2) { transformation: [-0.9944565824502911f,-0.10056558496465892f,-0.0307029109695356f,-0.14097040707224118f,-0.10434231632535385f,0.9077510798864746f,0.406325802760296f,2.226849655968912f,-0.012991791452569562f,0.40727698202286744f,-0.9132122826972914f,0.16170639004957785f,0f,0f,0f,1f], start_interpolation: 0, interpolation_duration: 1 }
$data merge entity $(bone_ear_left_1) { transformation: [-0.9944565824502911f,-0.10454946512054614f,-0.011203346120466392f,-0.11741828461335997f,-0.10434231632535385f,0.9680541610995389f,0.2279996100911751f,2.0084576118146504f,-0.012991791452569562f,0.22790469613607298f,-0.9735967660350855f,0.1129039244204276f,0f,0f,0f,1f], start_interpolation: 0, interpolation_duration: 1 }
$data merge entity $(bone_head) { transformation: [-0.9998337085446973f,-0.010693356589066028f,0.014771844252367246f,0.012579654073737049f,-0.010252487990175353f,0.999509087620619f,0.029605240309939065f,1.4965656016481697f,-0.015081171962696639f,0.029448869055653193f,-0.9994525113098544f,0.13092941650317536f,0f,0f,0f,1f], start_interpolation: 0, interpolation_duration: 1 }
$data merge entity $(bone_body_1) { transformation: [-1f,-1.5766300170547476e-16f,-1.5842147615117587e-15f,0.012579654073737108f,0f,0.9950842483505328f,-0.09903200838443682f,1.1234090085167199f,1.592040838891559e-15f,-0.09903200838443682f,-0.9950842483505328f,0.16806641964733918f,0f,0f,0f,1f], start_interpolation: 0, interpolation_duration: 1 }
$data merge entity $(bone_leg_left_2) { transformation: [-0.9835861051831837f,-0.09084552646591934f,-0.15590209752182677f,0.19298164704154255f,-0.09514520741330297f,0.9952558556754181f,0.020326614328782633f,0.6871297424093399f,0.1533158934907102f,0.034826312824091266f,-0.9875633472027119f,0.5490962777273699f,0f,0f,0f,1f], start_interpolation: 0, interpolation_duration: 1 }
$data merge entity $(bone_leg_left_1) { transformation: [-0.9835861051831837f,-0.1803932498688141f,-0.00408032993063374f,0.13757965407373726f,-0.09514520741330297f,0.5377237823262409f,-0.8377353540510519f,0.7996755189344058f,0.1533158934907102f,-0.8235966302277646f,-0.5460611938973654f,0.2635131053977894f,0f,0f,0f,1f], start_interpolation: 0, interpolation_duration: 1 }
$data merge entity $(bone_leg_right_2) { transformation: [-0.9811684158642887f,0.17435980814224705f,0.08310954827792644f,-0.17126029685715388f,0.15067927949706594f,0.9601367718003836f,-0.23544242219061334f,0.6840559332600431f,-0.1208482289510577f,-0.21848578155417042f,-0.968328285664555f,0.5631169042357158f,0f,0f,0f,1f], start_interpolation: 0, interpolation_duration: 1 }
$data merge entity $(bone_leg_right_1) { transformation: [-0.9811684158642887f,0.17970880044395293f,-0.07080456731989604f,-0.11242034592626277f,0.15067927949706594f,0.48278107692791017f,-0.8626808137953297f,0.8142525914666097f,-0.1208482289510577f,-0.8571039486569425f,-0.50076793702879f,0.24772988430396758f,0f,0f,0f,1f], start_interpolation: 0, interpolation_duration: 1 }
$data merge entity $(bone_coat_downer) { transformation: [-1f,-4.994252895486891e-16f,-1.5116773507788452e-15f,0.0047671540737372255f,0f,0.949521716937446f,-0.31370130548686703f,0.8717608491595805f,1.592040838891559e-15f,-0.31370130548686703f,-0.949521716937446f,0.2420559740758096f,0f,0f,0f,1f], start_interpolation: 0, interpolation_duration: 1 }
$data merge entity $(bone_body_2) { transformation: [-1f,-5.891525015503599e-16f,-1.4790177019276993e-15f,0.012579654073737094f,0f,0.9290073883767008f,-0.37006117378279746f,1.0793359374999996f,1.592040838891559e-15f,-0.37006117378279746f,-0.9290073883767008f,0.15937043055871578f,0f,0f,0f,1f], start_interpolation: 0, interpolation_duration: 1 }