execute if entity @s[tag=aj.axia.bone.wing_right_1] run data modify entity @s {} merge value {transformation:[-0.8035355151920934f,-0.12564158317577045f,-0.07408989706098514f,0.16216155813332558f,-0.12271060310077074f,0.8065511883782829f,-0.03690166468696507f,1.3262878189400806f,0.0788494017483109f,-0.025175733298357775f,-0.8124613213816814f,-0.29941891460741255f,0f,0f,0f,1f],start_interpolation:0}
execute if entity @s[tag=aj.axia.bone.wing_right_2] run data modify entity @s {} merge value {transformation:[-0.7549409378585619f,0.2545518313098965f,-0.07257785834545483f,0.16216155813332558f,0.2584631015706574f,0.7562341608591583f,-0.036148569489271906f,1.3262878189400806f,0.057105214050128326f,-0.057560916657247996f,-0.7958804780881777f,-0.29941891460741255f,0f,0f,0f,1f],start_interpolation:0}
execute if entity @s[tag=aj.axia.bone.wing_left_1] run data modify entity @s {} merge value {transformation:[-0.51634065720681f,0.10708819721237356f,0.623593528011226f,0.09500295722239402f,0.12271060310077074f,0.8065511883782829f,-0.03690166468696507f,1.3262878189400806f,-0.6207083679525587f,0.07036862218224738f,-0.5260359525833643f,-0.32699005409937f,0f,0f,0f,1f],start_interpolation:0}
execute if entity @s[tag=aj.axia.bone.wing_left_2] run data modify entity @s {} merge value {transformation:[-0.49704243454452524f,-0.14067753332514155f,0.6108671294803847f,0.09500295722239402f,-0.2584631015706574f,0.7562341608591583f,-0.036148569489271906f,1.3262878189400806f,-0.5710916243375728f,-0.21981748239664275f,-0.5153005249796222f,-0.32699005409937f,0f,0f,0f,1f],start_interpolation:0}
execute if entity @s[tag=aj.axia.bone.blade] run data modify entity @s {} merge value {transformation:[0.15430007442507054f,-0.3904575062287313f,1.955437143674544f,-0.6399058443068449f,1.9434733277992118f,-0.40943188707415107f,-0.23511051439686276f,0.999359631652684f,0.4462094924645547f,1.9183087513944517f,0.34783418917349773f,0.0018313325192976931f,0f,0f,0f,1f],start_interpolation:0}
execute if entity @s[tag=aj.axia.bone.arm_right_2] run data modify entity @s {} merge value {transformation:[-0.4917869022673892f,-0.8433817994287416f,0.21645503724927187f,-0.5051647604357876f,-0.8527592477724085f,0.4162993023802604f,-0.31543074703703894f,1.2651946700074435f,0.17591847002768493f,-0.33970874470647155f,-0.9239321731994573f,-0.12564317251058887f,0f,0f,0f,1f],start_interpolation:0}
execute if entity @s[tag=aj.axia.bone.arm_right_1] run data modify entity @s {} merge value {transformation:[-0.6436762255970496f,-0.7340491355832747f,0.21645503724927187f,-0.2537287348119401f,-0.7576580068866441f,0.5713648470322737f,-0.31543074703703894f,1.5611548289475388f,0.10786686795162967f,-0.36703416479291656f,-0.9239321731994573f,-0.1677786678041942f,0f,0f,0f,1f],start_interpolation:0}
execute if entity @s[tag=aj.axia.bone.arm_left_2] run data modify entity @s {} merge value {transformation:[-0.41430885579445587f,-0.7428638855978961f,0.5258340227530784f,0.4301713601053121f,-0.621932541500013f,0.6528984492240902f,0.4323465378884312f,1.8588213331961674f,-0.6644908470653479f,-0.1479082907587474f,-0.7325128338064818f,0.3406498942882327f,0f,0f,0f,1f],start_interpolation:0}
execute if entity @s[tag=aj.axia.bone.arm_left_1] run data modify entity @s {} merge value {transformation:[-0.4456857399696797f,-0.7244741553036893f,0.5258340227530784f,0.28271572391773386f,-0.593454236358893f,0.6788877230614576f,0.4323465378884312f,1.6367956408204765f,-0.6702061552502798f,-0.11936774176231835f,-0.7325128338064818f,0.10375407244535677f,0f,0f,0f,1f],start_interpolation:0}
execute if entity @s[tag=aj.axia.bone.ear_edge_a1] run data modify entity @s {} merge value {transformation:[-0.9258775252237361f,0.18226752046954742f,0.33095220088020716f,0.20812131769964773f,0.16482726123846922f,0.9830500441193435f,-0.08027817081611902f,2.204876710393066f,-0.33997467881916643f,-0.019777809252788343f,-0.9402265982320245f,-0.018347938626595214f,0f,0f,0f,1f],start_interpolation:0}
execute if entity @s[tag=aj.axia.bone.ear_edge_a2] run data modify entity @s {} merge value {transformation:[-0.9429913585414277f,0.03518434948580956f,0.33095220088020716f,0.09985741293817077f,0.009015056377880054f,0.9967317312340978f,-0.08027817081611902f,2.2159595569297315f,-0.3326950953571397f,-0.0727180686097943f,-0.9402265982320245f,-0.057402234977221994f,0f,0f,0f,1f],start_interpolation:0}
execute if entity @s[tag=aj.axia.bone.ear_edge_b1] run data modify entity @s {} merge value {transformation:[-0.9187278015955588f,0.18486805825557634f,0.3489455940575903f,0.08763090983889277f,0.2486656555905291f,0.957285998147467f,0.14754290725256924f,2.2056808492882034f,-0.3067647605334162f,0.22232255573292772f,-0.9254555974801032f,-0.09118917701897743f,0f,0f,0f,1f],start_interpolation:0}
execute if entity @s[tag=aj.axia.bone.ear_edge_b2] run data modify entity @s {} merge value {transformation:[-0.930889434127048f,-0.10808253243896467f,0.3489455940575903f,0.11445126482834335f,-0.059322549776572656f,0.98727499999112f,0.14754290725256924f,2.21529002297465f,-0.3604520724293739f,0.1166457910690066f,-0.9254555974801032f,-0.07954452312529968f,0f,0f,0f,1f],start_interpolation:0}
execute if entity @s[tag=aj.axia.bone.ear_right_2] run data modify entity @s {} merge value {transformation:[-0.9363364736127736f,0.03887133352730683f,0.3489455940575903f,0.17496116468781095f,0.09585164572250927f,0.9844000977914145f,0.14754290725256924f,2.3229266854325448f,-0.33776688735677207f,0.1715968149414859f,-0.9254555974801032f,-0.07333602530598424f,0f,0f,0f,1f],start_interpolation:0}
execute if entity @s[tag=aj.axia.bone.ear_right_1] run data modify entity @s {} merge value {transformation:[-0.9363364736127736f,0.11723757467187189f,0.33095220088020716f,0.1485827103866398f,0.09585164572250927f,0.9921531521406887f,-0.08027817081611902f,2.09969222620089f,-0.33776688735677207f,-0.043445066260194384f,-0.9402265982320245f,-0.06356088539744052f,0f,0f,0f,1f],start_interpolation:0}
execute if entity @s[tag=aj.axia.bone.ear_edge_a3] run data modify entity @s {} merge value {transformation:[-0.9347537586709308f,-0.14626962398457244f,0.32379099392969385f,-0.16404221472241284f,-0.18389175715881217f,0.9789407117589567f,-0.08865046254764625f,2.2005390980138406f,-0.3040053162357719f,-0.14240884790025862f,-0.9419662880061627f,-0.14818159400318748f,0f,0f,0f,1f],start_interpolation:0}
execute if entity @s[tag=aj.axia.bone.ear_edge_a4] run data modify entity @s {} merge value {transformation:[-0.9461269991464218f,0.0017589019892350483f,0.32379099392969385f,-0.05504483987499032f,-0.028487677927196017f,0.9956553357946738f,-0.08865046254764625f,2.213854051447851f,-0.3225401582632823f,-0.09309864965394261f,-0.9419662880061627f,-0.11196799274039386f,0f,0f,0f,1f],start_interpolation:0}
execute if entity @s[tag=aj.axia.bone.ear_edge_b3] run data modify entity @s {} merge value {transformation:[-0.9075159689021572f,-0.2962074711601053f,0.29778498991136915f,-0.024589281626087034f,-0.26772760911100496f,0.9542339912888812f,0.13326446333736655f,2.2038659429940894f,-0.323630489149715f,0.041214365187720585f,-0.9452855032184135f,-0.130118295437929f,0f,0f,0f,1f],start_interpolation:0}
execute if entity @s[tag=aj.axia.bone.ear_edge_b4] run data modify entity @s {} merge value {transformation:[-0.9546321183156063f,-0.0012721885647140607f,0.29778498991136915f,-0.0529845802208652f,0.04025043268135681f,0.9902628365642968f,0.13326446333736655f,2.2129317656959597f,-0.29505494632224355f,0.13920451162188874f,-0.9452855032184135f,-0.13778533537858623f,0f,0f,0f,1f],start_interpolation:0}
execute if entity @s[tag=aj.axia.bone.ear_left_2] run data modify entity @s {} merge value {transformation:[-0.942679998680411f,-0.15059389055133077f,0.29778498991136915f,-0.10581106850126912f,-0.11515635402387173f,0.9843676127033703f,0.13326446333736655f,2.3191836019166523f,-0.3131987136241609f,0.09133391040178565f,-0.9452855032184135f,-0.17250642359513663f,0f,0f,0f,1f],start_interpolation:0}
execute if entity @s[tag=aj.axia.bone.ear_left_1] run data modify entity @s {} merge value {transformation:[-0.942679998680411f,-0.08070819250808038f,0.32379099392969385f,-0.08765172518695107f,-0.11515635402387173f,0.9893837019165097f,-0.08865046254764625f,2.096572268985438f,-0.3131987136241609f,-0.12085560824414213f,-0.9419662880061627f,-0.1453139117402047f,0f,0f,0f,1f],start_interpolation:0}
execute if entity @s[tag=aj.axia.bone.head] run data modify entity @s {} merge value {transformation:[-0.9449377422943636f,0.027209275276253803f,0.32611703194799896f,0.006329581772389329f,-0.0124798288618088f,0.9928163543808656f,-0.11899554758673646f,1.5930324768350559f,-0.32701210537105674f,-0.1165132688273243f,-0.9378100773226743f,-0.01541778337848532f,0f,0f,0f,1f],start_interpolation:0}
execute if entity @s[tag=aj.axia.bone.body_1] run data modify entity @s {} merge value {transformation:[-0.925077206834458f,0.019346537989638465f,0.37928600404335105f,-0.0009253699737250958f,0f,0.9987016360714306f,-0.050941555809060776f,1.2185193633082694f,-0.3797790955218012f,-0.0471248721596476f,-0.9238761199579625f,0.002254043681382527f,0f,0f,0f,1f],start_interpolation:0}
execute if entity @s[tag=aj.axia.bone.leg_left_2] run data modify entity @s {} merge value {transformation:[-0.9146865093526448f,-0.07446359256844468f,0.39724521770573235f,0.13053758956443873f,-0.12187656011772525f,0.9879460670568135f,-0.09543936651531626f,0.6230061004712513f,-0.3853500923863189f,-0.1357119816699139f,-0.9127363060211205f,0.11586064585765526f,0f,0f,0f,1f],start_interpolation:0}
execute if entity @s[tag=aj.axia.bone.leg_left_1] run data modify entity @s {} merge value {transformation:[-0.9146865093526448f,-0.01640931672170058f,0.40383081102486584f,0.12367593894870571f,-0.12187656011772525f,0.9638622065577417f,-0.23688763341194458f,0.952664352313493f,-0.3853500923863189f,-0.2658954326316424f,-0.8836316682891617f,0.027885178435510933f,0f,0f,0f,1f],start_interpolation:0}
execute if entity @s[tag=aj.axia.bone.leg_right_2] run data modify entity @s {} merge value {transformation:[-0.921598315643662f,-0.07772335958442889f,0.3802836099251118f,-0.23587585230544864f,0.12187656011772525f,0.8722481493656067f,0.4736341098592295f,0.8912172923534452f,-0.36851410922329086f,0.4828480561244746f,-0.7943897695717013f,0.23239717665055956f,0f,0f,0f,1f],start_interpolation:0}
execute if entity @s[tag=aj.axia.bone.leg_right_1] run data modify entity @s {} merge value {transformation:[-0.921598315643662f,0.37496977650621605f,0.10027069018234289f,-0.10768172856314395f,0.12187656011772525f,0.5248244059858702f,-0.8424401741224411f,0.9557806781122458f,-0.36851410922329086f,-0.764170798701741f,-0.5293773150739535f,-0.06684435139543701f,0f,0f,0f,1f],start_interpolation:0}
execute if entity @s[tag=aj.axia.bone.coat_downer] run data modify entity @s {} merge value {transformation:[-0.925077206834458f,-0.02827705703524729f,0.3787249258245129f,-0.0009090107470811383f,0f,0.9972242556009041f,0.07445659165730475f,1.0134327053891732f,-0.3797790955218012f,0.0688780958407533f,-0.922509428958856f,-0.018356973723182384f,0f,0f,0f,1f],start_interpolation:0}
execute if entity @s[tag=aj.axia.bone.body_2] run data modify entity @s {} merge value {transformation:[-0.925077206834458f,-0.02827705703524729f,0.3787249258245129f,0f,0f,0.9972242556009041f,0.07445659165730475f,1.23625f,-0.3797790955218012f,0.0688780958407533f,-0.922509428958856f,0f,0f,0f,0f,1f],start_interpolation:0}