execute if entity @s[tag=aj.axia.bone.wing_right_1] run data modify entity @s {} merge value {transformation:[-0.43127849764550974f,-0.46833920836044923f,0.5114701240789965f,0.17796092570212302f,-0.06757545870326892f,0.6278212125748636f,0.5178981819494207f,1.60705428896411f,-0.6902005935191008f,0.23117818971040524f,-0.37030288920361537f,-0.23529571820425269f,0f,0f,0f,1f],start_interpolation:0}
execute if entity @s[tag=aj.axia.bone.wing_right_2] run data modify entity @s {} merge value {transformation:[-0.5865831962570708f,-0.21186583171780693f,0.501031958281466f,0.17796092570212302f,0.2252624427812509f,0.5760853138265604f,0.5073288312973918f,1.60705428896411f,-0.49515349715119894f,0.5130678128121813f,-0.36274568738313345f,-0.23529571820425269f,0f,0f,0f,1f],start_interpolation:0}
execute if entity @s[tag=aj.axia.bone.wing_left_1] run data modify entity @s {} merge value {transformation:[0.14597105933184334f,-0.4180318091889338f,0.6862115568745623f,0.17021087654602984f,0.5800489824625104f,0.5374583034373688f,0.20402498487900025f,1.6414126093202945f,-0.5560396318844462f,0.4509239658932495f,0.39297830627320557f,-0.306199777494166f,0f,0f,0f,1f],start_interpolation:0}
execute if entity @s[tag=aj.axia.bone.wing_left_2] run data modify entity @s {} merge value {transformation:[0.3159218146667446f,-0.29720503752954913f,0.6722072393873263f,0.17021087654602984f,0.26090361299695536f,0.7293728824075011f,0.19986120967738802f,1.6414126093202945f,-0.6871118626124905f,0.14030097674511438f,0.38495834083905855f,-0.306199777494166f,0f,0f,0f,1f],start_interpolation:0}
execute if entity @s[tag=aj.axia.bone.blade] run data modify entity @s {} merge value {transformation:[-1.0803300609019781f,-1.5540943959641078f,-0.6462797907597628f,-0.11998607010677297f,1.4699533707313401f,-0.497116433667161f,-1.2617893402837166f,2.2356406354199736f,0.8198317189442597f,-1.1565750558485162f,1.4107480614205719f,-0.9324167246400703f,0f,0f,0f,1f],start_interpolation:0}
execute if entity @s[tag=aj.axia.bone.arm_right_2] run data modify entity @s {} merge value {transformation:[0.27866994277527884f,-0.3523977319983584f,0.8933973928079463f,-0.1482921996563462f,0.6772868578775841f,0.7316433353170377f,0.07733396428782292f,2.0807199119261344f,-0.6809005618590221f,0.5835356616082464f,0.4425613590130681f,-0.6862802431941495f,0f,0f,0f,1f],start_interpolation:0}
execute if entity @s[tag=aj.axia.bone.arm_right_1] run data modify entity @s {} merge value {transformation:[0.20427994755250967f,-0.39501084033507144f,0.8956763584273755f,-0.22812158283362288f,0.7959241664768055f,0.5996873271375134f,0.08294474599917567f,1.769412748650909f,-0.5698898351840874f,0.6959465106518213f,0.4369027695785501f,-0.4633414302878551f,0f,0f,0f,1f],start_interpolation:0}
execute if entity @s[tag=aj.axia.bone.arm_left_2] run data modify entity @s {} merge value {transformation:[0.07898056008756713f,-0.05362751443506464f,0.9954326500691904f,-0.23088378855030725f,0.11872762831659336f,0.9919506107264168f,0.04401972459939235f,1.5114177843275638f,-0.9897806935895299f,0.11470865518785583f,0.08471188241576569f,0.45723122099796965f,0f,0f,0f,1f],start_interpolation:0}
execute if entity @s[tag=aj.axia.bone.arm_left_1] run data modify entity @s {} merge value {transformation:[0.07812749574475882f,-0.062254845691970095f,0.9949977028096706f,-0.2021049077325344f,0.22338021167763467f,0.9737653167976259f,0.04338650519314674f,1.575463487038275f,-0.9715952734752817f,0.2188731184725268f,0.08998434625313093f,0.1081300625808605f,0f,0f,0f,1f],start_interpolation:0}
execute if entity @s[tag=aj.axia.bone.ear_edge_a1] run data modify entity @s {} merge value {transformation:[-0.9453350911368772f,-0.2427334954359757f,0.21776596533587245f,-0.30211257066446373f,-0.18425558462274144f,0.9485611772705935f,0.2574520780851415f,2.2757155279984804f,-0.2690565832693245f,0.2032538884460989f,-0.9414331690730771f,-0.029913597323198177f,0f,0f,0f,1f],start_interpolation:0}
execute if entity @s[tag=aj.axia.bone.ear_edge_a2] run data modify entity @s {} merge value {transformation:[-0.8957245629654634f,-0.3876280325797716f,0.21776596533587245f,-0.4091928912196001f,-0.33037475294567936f,0.9080588913202292f,0.2574520780851415f,2.2468121651389796f,-0.29753996356188894f,0.15866177312954757f,-0.9414331690730771f,-0.06258684617024801f,0f,0f,0f,1f],start_interpolation:0}
execute if entity @s[tag=aj.axia.bone.ear_edge_b1] run data modify entity @s {} merge value {transformation:[-0.9689229843456306f,-0.19748758624792398f,0.14895268941756346f,-0.42067786984151817f,-0.11244618648016347f,0.8879964064802317f,0.4458903870058919f,2.2386310504037095f,-0.22032726919930865f,0.41528428257780775f,-0.8826068542057727f,-0.095121717733943f,0f,0f,0f,1f],start_interpolation:0}
execute if entity @s[tag=aj.axia.bone.ear_edge_b2] run data modify entity @s {} merge value {transformation:[-0.8604734977213624f,-0.4872355241917803f,0.14895268941756346f,-0.39896416957054365f,-0.38134865893077474f,0.8097869862546794f,0.4458903870058919f,2.256405013603079f,-0.3378735859028695f,0.32687395255377166f,-0.8826068542057727f,-0.08247786239904879f,0f,0f,0f,1f],start_interpolation:0}
execute if entity @s[tag=aj.axia.bone.ear_right_2] run data modify entity @s {} merge value {transformation:[-0.926100069666044f,-0.34662913507064386f,0.14895268941756346f,-0.38736398755014745f,-0.2499750301362265f,0.859473238143067f,0.4458903870058919f,2.3764521391411346f,-0.28257944948799874f,0.3757046654435484f,-0.8826068542057727f,-0.05527918672551614f,0f,0f,0f,1f],start_interpolation:0}
execute if entity @s[tag=aj.axia.bone.ear_right_1] run data modify entity @s {} merge value {transformation:[-0.926100069666044f,-0.3080854513051264f,0.21776596533587245f,-0.3180447610064941f,-0.2499750301362265f,0.9333975100663356f,0.2574520780851415f,2.1664376993762096f,-0.28257944948799874f,0.18399033370283824f,-0.9414331690730771f,-0.09667701180865468f,0f,0f,0f,1f],start_interpolation:0}
execute if entity @s[tag=aj.axia.bone.ear_edge_a3] run data modify entity @s {} merge value {transformation:[-0.8053046644123447f,-0.5514185178401751f,0.21776596533587245f,-0.652373717366599f,-0.497570643011837f,0.8283368171839457f,0.2574520780851415f,2.1392984064371374f,-0.3223474099298878f,0.09897340794635227f,-0.9414331690730771f,-0.1482393923164638f,0f,0f,0f,1f],start_interpolation:0}
execute if entity @s[tag=aj.axia.bone.ear_edge_a4] run data modify entity @s {} merge value {transformation:[-0.8816508885185579f,-0.4186522364872452f,0.21776596533587245f,-0.5550396680503995f,-0.36186429585591895f,0.8959758137775498f,0.2574520780851415f,2.1900088409005165f,-0.3028959262834954f,0.14818112568706432f,-0.9414331690730771f,-0.11185704350214218f,0f,0f,0f,1f],start_interpolation:0}
execute if entity @s[tag=aj.axia.bone.ear_edge_b3] run data modify entity @s {} merge value {transformation:[-0.7487865874204122f,-0.6535657731855544f,0.11031965654252814f,-0.5259779069677558f,-0.5565546366626984f,0.710366446506802f,0.43084387901715715f,2.1976195705398593f,-0.3599521953100783f,0.2612112015164496f,-0.8956579287282546f,-0.1306943489638016f,0f,0f,0f,1f],start_interpolation:0}
execute if entity @s[tag=aj.axia.bone.ear_edge_b4] run data modify entity @s {} merge value {transformation:[-0.9141012941367322f,-0.39019020674267235f,0.11031965654252814f,-0.5562585476108634f,-0.30979960966799713f,0.8475834789346748f,0.43084387901715715f,2.1951431622899222f,-0.26161618051471386f,0.3596579608448903f,-0.8956579287282546f,-0.13561530714515382f,0f,0f,0f,1f],start_interpolation:0}
execute if entity @s[tag=aj.axia.bone.ear_left_2] run data modify entity @s {} merge value {transformation:[-0.8418079940860499f,-0.5283832647550062f,0.11031965654252814f,-0.6513780526400312f,-0.4385767304940891f,0.7886849836167573f,0.43084387901715715f,2.2736258932089837f,-0.31465815190764646f,0.31430418728403303f,-0.8956579287282546f,-0.1444688511667473f,0f,0f,0f,1f],start_interpolation:0}
execute if entity @s[tag=aj.axia.bone.ear_left_1] run data modify entity @s {} merge value {transformation:[-0.8418079940860499f,-0.49390007636581296f,0.21776596533587245f,-0.5402505354577235f,-0.4385767304940891f,0.8610278038244512f,0.2574520780851415f,2.0798946373484823f,-0.31465815190764646f,0.12121813233624207f,-0.9414331690730771f,-0.17174293094240173f,0f,0f,0f,1f],start_interpolation:0}
execute if entity @s[tag=aj.axia.bone.head] run data modify entity @s {} merge value {transformation:[-0.8888230978049177f,-0.40320154408162256f,0.21776596533587245f,-0.22931204330702318f,-0.3461722481109094f,0.902154755087774f,0.2574520780851415f,1.652766478939701f,-0.3002636765349882f,0.15344481979758778f,-0.9414331690730771f,-0.1834306549882583f,0f,0f,0f,1f],start_interpolation:0}
execute if entity @s[tag=aj.axia.bone.body_1] run data modify entity @s {} merge value {transformation:[-0.1728983674485266f,-0.47306125499987267f,0.863897681181967f,-0.051914072682070926f,0.3923129159938787f,0.7714500647854051f,0.5009544624883329f,1.363472704645174f,-0.9034360688383068f,0.42553242715513445f,0.05220558362326724f,-0.34300531517143373f,0f,0f,0f,1f],start_interpolation:0}
execute if entity @s[tag=aj.axia.bone.leg_left_2] run data modify entity @s {} merge value {transformation:[-0.3007162827125068f,0.013650968993108803f,0.9536159438459073f,-0.19076845326588696f,-0.30439951180643104f,0.9462256149812329f,-0.10953548632928967f,0.8129257705973278f,-0.9038310984490286f,-0.32321933203157377f,-0.2803901012473249f,-0.13549758578434692f,0f,0f,0f,1f],start_interpolation:0}
execute if entity @s[tag=aj.axia.bone.leg_left_1] run data modify entity @s {} merge value {transformation:[-0.3007162827125068f,0.44096599747375886f,0.8456469159073096f,-0.02667471334878386f,-0.30439951180643104f,0.7959333631161577f,-0.523288657139259f,1.08627792140342f,-0.9038310984490286f,-0.4147759281233365f,-0.10512028788890661f,-0.28215543033997087f,0f,0f,0f,1f],start_interpolation:0}
execute if entity @s[tag=aj.axia.bone.leg_right_2] run data modify entity @s {} merge value {transformation:[-0.17472760791497155f,-0.5100900112030586f,0.8421867034708963f,-0.40099659736646037f,0.43030411488260767f,0.7297789875439653f,0.5312824089449989f,1.0945692615479008f,-0.8856120097127225f,0.4552261084452086f,0.09198129398102473f,-0.4806034390331685f,0f,0f,0f,1f],start_interpolation:0}
execute if entity @s[tag=aj.axia.bone.leg_right_1] run data modify entity @s {} merge value {transformation:[-0.17472760791497155f,0.9808416112160964f,-0.08613940294269475f,-0.07165983926632051f,0.43030411488260767f,-0.002620527898791754f,-0.9026801767783691f,1.1453990418747515f,-0.8856120097127225f,-0.1947892875405206f,-0.4216023027831428f,-0.5208828841139297f,0f,0f,0f,1f],start_interpolation:0}
execute if entity @s[tag=aj.axia.bone.coat_downer] run data modify entity @s {} merge value {transformation:[-0.17999692639760345f,-0.20849547885011446f,0.9613171910386691f,-0.05030549433961356f,0.22431159709589324f,0.9428302861648408f,0.24648602171038875f,1.1754121187412025f,-0.9577501834485364f,0.26000132074546467f,-0.12293859977610203f,-0.3955098308598125f,0f,0f,0f,1f],start_interpolation:0}
execute if entity @s[tag=aj.axia.bone.body_2] run data modify entity @s {} merge value {transformation:[-0.17999692639760345f,0.004513818196545755f,0.9836568161369614f,-0.04789071209884159f,0.22431159709589324f,0.9738307831546136f,0.036577495660060536f,1.3912499999999999f,-0.9577501834485364f,0.22722946821607581f,-0.17629904956786918f,-0.33725582324709136f,0f,0f,0f,1f],start_interpolation:0}