execute if entity @s[tag=aj.axia.bone.wing_right_1] run data modify entity @s {} merge value {transformation:[-0.7774991883369063f,-0.15440007391743696f,-0.1964690147432571f,0.061068891112755166f,-0.13979285084839627f,0.800990452835328f,-0.076267278453993f,1.2884980968424284f,0.20711691247113131f,-0.03897891847384762f,-0.7890042287133064f,-0.34001603307640554f,0f,0f,0f,1f],start_interpolation:0}
execute if entity @s[tag=aj.axia.bone.wing_right_2] run data modify entity @s {} merge value {transformation:[-0.7606409537145852f,0.15615601918268482f,-0.19245944301380288f,0.061068891112755166f,0.17827363301928892f,0.7762968553510285f,-0.07471080338350336f,1.2884980968424284f,0.17217389843489694f,-0.11392317606668792f,-0.7729021015967084f,-0.34001603307640554f,0f,0f,0f,1f],start_interpolation:0}
execute if entity @s[tag=aj.axia.bone.wing_left_1] run data modify entity @s {} merge value {transformation:[-0.6428189553825063f,0.09604033601005867f,0.494473951694589f,-0.007106478736448166f,0.08353798278347485f,0.8109097038713686f,-0.04890094113779161f,1.2857978592561503f,-0.49673900639858726f,0.01208927089484414f,-0.6481116057407242f,-0.3539179137623047f,0f,0f,0f,1f],start_interpolation:0}
execute if entity @s[tag=aj.axia.bone.wing_left_2] run data modify entity @s {} merge value {transformation:[-0.6168633566472115f,-0.15764850439961972f,0.4843826465579648f,-0.007106478736448166f,-0.2328327637189331f,0.7638679272616712f,-0.047902962747224435f,1.2857978592561503f,-0.45306567224293076f,-0.17791216586147668f,-0.6348848382766279f,-0.3539179137623047f,0f,0f,0f,1f],start_interpolation:0}
execute if entity @s[tag=aj.axia.bone.blade] run data modify entity @s {} merge value {transformation:[-0.6462548681655232f,1.528164746164056f,1.1167216098713708f,-0.34576684408621045f,1.6999207470386848f,-0.05023157820243836f,1.0524952457558812f,1.1813655540634114f,0.8322404094730096f,1.2892592047887952f,-1.2826482774742112f,0.4701458154752055f,0f,0f,0f,1f],start_interpolation:0}
execute if entity @s[tag=aj.axia.bone.arm_right_2] run data modify entity @s {} merge value {transformation:[-0.033699296407704915f,-0.9645503752098731f,0.2617382874248978f,-0.4592602054614503f,-0.4902918429638985f,-0.21225386647557826f,-0.8453178129492076f,1.3135580697656066f,0.8709065771623785f,-0.15681476285305584f,-0.46575837513312657f,0.16790590795027102f,0f,0f,0f,1f],start_interpolation:0}
execute if entity @s[tag=aj.axia.bone.arm_right_1] run data modify entity @s {} merge value {transformation:[-0.3321570576596749f,-0.9061814155800971f,0.2617382874248978f,-0.3304508435964747f,-0.5319975271446006f,-0.049157158408502724f,-0.8453178129492076f,1.520391785653055f,0.7788776028099009f,-0.42002239920562856f,-0.46575837513312657f,-0.13420180785454547f,0f,0f,0f,1f],start_interpolation:0}
execute if entity @s[tag=aj.axia.bone.arm_left_2] run data modify entity @s {} merge value {transformation:[0.44572246007476213f,0.8555909573716834f,0.26324057865137f,0.26588204342070365f,0.692136425141511f,-0.14289947581042534f,-0.707479263869575f,1.28013418600943f,-0.5676959199934698f,0.49753779100377077f,-0.6558791725202565f,0.3040223666609804f,0f,0f,0f,1f],start_interpolation:0}
execute if entity @s[tag=aj.axia.bone.arm_left_1] run data modify entity @s {} merge value {transformation:[0.024808862488477593f,0.9611760056545849f,0.2748184973685814f,0.27801980100954116f,0.7022169025711713f,0.1789070705392813f,-0.6891180463856705f,1.5448651423531155f,-0.71153070354369f,0.21007842884253922f,-0.6705155566052678f,0.03692162994113796f,0f,0f,0f,1f],start_interpolation:0}
execute if entity @s[tag=aj.axia.bone.ear_edge_a1] run data modify entity @s {} merge value {transformation:[-0.9690792108815044f,0.11381337112833989f,0.21893377900562372f,0.1085974596523844f,0.19923679413126558f,0.8843571958613352f,0.4221576127379111f,2.155481682920694f,-0.1455684818275447f,0.45272383047579806f,-0.8796879846955652f,0.119324639448388f,0f,0f,0f,1f],start_interpolation:0}
execute if entity @s[tag=aj.axia.bone.ear_edge_a2] run data modify entity @s {} merge value {transformation:[-0.9749525715276858f,-0.03918524826856865f,0.21893377900562372f,-0.004097348711310969f,0.058439913741958116f,0.9046367925799066f,0.4221576127379111f,2.1713294562976664f,-0.21459790249064675f,0.4243781212891049f,-0.8796879846955652f,0.09888279824310235f,0f,0f,0f,1f],start_interpolation:0}
execute if entity @s[tag=aj.axia.bone.ear_edge_b1] run data modify entity @s {} merge value {transformation:[-0.9738032271383406f,0.08210280632616208f,0.212052833058939f,-0.011208630093112057f,0.2228172807763063f,0.5306516468968887f,0.8177782639769003f,2.1974511694907735f,-0.04538429466683641f,0.8436041481874f,-0.5350442102841645f,0.034606719666812044f,0f,0f,0f,1f],start_interpolation:0}
execute if entity @s[tag=aj.axia.bone.ear_edge_b2] run data modify entity @s {} merge value {transformation:[-0.9515130671998273f,-0.22283733740029882f,0.212052833058939f,0.015313065560532198f,0.04793144984128052f,0.5735340330643339f,0.8177782639769003f,2.200583490029845f,-0.30385104749546227f,0.7882907039774764f,-0.5350442102841645f,0.049905538336760785f,0f,0f,0f,1f],start_interpolation:0}
execute if entity @s[tag=aj.axia.bone.ear_right_2] run data modify entity @s {} merge value {transformation:[-0.9746578020643923f,-0.07124440235334571f,0.212052833058939f,0.06135734737372085f,0.13706182380083856f,0.5589747466776254f,0.8177782639769003f,2.2806379916066355f,-0.17679430231598398f,0.826118313384953f,-0.5350442102841645f,0.13210557131029035f,0f,0f,0f,1f],start_interpolation:0}
execute if entity @s[tag=aj.axia.bone.ear_right_1] run data modify entity @s {} merge value {transformation:[-0.9746578020643923f,0.04593657894667795f,0.21893377900562372f,0.05102161711071833f,0.13706182380083856f,0.8961010023785356f,0.4221576127379111f,2.0790152660714654f,-0.17679430231598398f,0.4414666739980039f,-0.8796879846955652f,0.032775569660739634f,0f,0f,0f,1f],start_interpolation:0}
execute if entity @s[tag=aj.axia.bone.ear_edge_a3] run data modify entity @s {} merge value {transformation:[-0.9550610493782591f,-0.23655969054075648f,0.17859984538559884f,-0.2767394926870196f,-0.18159950324154003f,0.9432024155143051f,0.2781920627739161f,2.160506137783606f,-0.23426483385887048f,0.23325676020051825f,-0.9437750110263748f,0.025031477804454777f,0f,0f,0f,1f],start_interpolation:0}
execute if entity @s[tag=aj.axia.bone.ear_edge_a4] run data modify entity @s {} merge value {transformation:[-0.9803087516672895f,-0.08424278386164957f,0.17859984538559884f,-0.1646715641723444f,-0.03181434671390414f,0.9599984497658116f,0.2781920627739161f,2.1738449455132516f,-0.19489124851487793f,0.2670320763774988f,-0.9437750110263748f,0.05017101303844822f,0f,0f,0f,1f],start_interpolation:0}
execute if entity @s[tag=aj.axia.bone.ear_edge_b3] run data modify entity @s {} merge value {transformation:[-0.9304216932121466f,-0.3213453011773816f,0.1762176784873188f,-0.14203465690895398f,-0.2624917849316429f,0.9198574879033206f,0.29147944145615695f,2.1704781762465055f,-0.2557606999592437f,0.22494310249352162f,-0.9402058630943263f,0.051656094508122904f,0f,0f,0f,1f],start_interpolation:0}
execute if entity @s[tag=aj.axia.bone.ear_edge_b4] run data modify entity @s {} merge value {transformation:[-0.9841847733581289f,-0.01810142752791047f,0.1762176784873188f,-0.1714424106473963f,0.03460707363198866f,0.9559508803610348f,0.29147944145615695f,2.179103542365404f,-0.17373163887052456f,0.2929680062027506f,-0.9402058630943263f,0.04881836577301084f,0f,0f,0f,1f],start_interpolation:0}
execute if entity @s[tag=aj.axia.bone.ear_left_2] run data modify entity @s {} merge value {transformation:[-0.9692361385052989f,-0.1718389874384648f,0.1762176784873188f,-0.23167787290460007f,-0.11536266144558358f,0.9495952777644795f,0.29147944145615695f,2.2864863795026285f,-0.21742300742913245f,0.26218346790658764f,-0.9402058630943263f,0.03758182243124756f,0f,0f,0f,1f],start_interpolation:0}
execute if entity @s[tag=aj.axia.bone.ear_left_1] run data modify entity @s {} merge value {transformation:[-0.9692361385052989f,-0.16936175200905637f,0.17859984538559884f,-0.19357147870256244f,-0.11536266144558358f,0.9535725628151146f,0.2781920627739161f,2.071932552869228f,-0.21742300742913245f,0.24903004718836175f,-0.9437750110263748f,-0.018449938186133746f,0f,0f,0f,1f],start_interpolation:0}
execute if entity @s[tag=aj.axia.bone.head] run data modify entity @s {} merge value {transformation:[-0.9783723832531231f,-0.06016384746589747f,0.1979085423767857f,-0.04662560091892415f,-0.02833085280894988f,0.986725361098658f,0.15990754999011447f,1.5647800509700933f,-0.2049020313874935f,0.15084221300028566f,-0.9670893362613691f,-0.039922276667175696f,0f,0f,0f,1f],start_interpolation:0}
execute if entity @s[tag=aj.axia.bone.body_1] run data modify entity @s {} merge value {transformation:[-0.9790992788140478f,-0.020869068572239205f,0.20230937744637179f,-0.038799700204334445f,-0.03877941079306875f,0.9956282226632809f,-0.08497411096857171f,1.191419467471363f,-0.19965159534637775f,-0.09104352922247633f,-0.9756281649595622f,-0.005780953208747077f,0f,0f,0f,1f],start_interpolation:0}
execute if entity @s[tag=aj.axia.bone.leg_left_2] run data modify entity @s {} merge value {transformation:[-0.9930739029493835f,-0.10528352530485663f,0.052149809014608674f,0.06520775429903167f,-0.1172299133231735f,0.9175041971978781f,-0.3800568319955828f,0.9216435661068634f,-0.007833945565280581f,-0.3835380390830341f,-0.9234918526295841f,0.44268427383189013f,0f,0f,0f,1f],start_interpolation:0}
execute if entity @s[tag=aj.axia.bone.leg_left_1] run data modify entity @s {} merge value {transformation:[-0.9930739029493835f,-0.005232675568607931f,0.11737479451429186f,0.07142381429979956f,-0.1172299133231735f,0.11074039983904388f,-0.986911197254206f,0.8895176229320441f,-0.007833945565280581f,-0.9938355915089188f,-0.1105868271856908f,0.13544631665383977f,0f,0f,0f,1f],start_interpolation:0}
execute if entity @s[tag=aj.axia.bone.leg_right_2] run data modify entity @s {} merge value {transformation:[-0.9337455781810686f,0.1413710682640173f,0.32883645826640373f,-0.2938702455119607f,0.14749310927967016f,0.9890424474730476f,-0.006389038389264301f,0.6853362636248268f,-0.32613644068444264f,0.0425353753294217f,-0.9443652703817884f,0.34111408230296547f,0f,0f,0f,1f],start_interpolation:0}
execute if entity @s[tag=aj.axia.bone.leg_right_1] run data modify entity @s {} merge value {transformation:[-0.9337455781810686f,0.33983271631927126f,0.11239626393420472f,-0.17283943506244678f,0.14749310927967016f,0.6514139583855144f,-0.7442483708652179f,0.8796643699806909f,-0.32613644068444264f,-0.678360950924787f,-0.6583778871727861f,0.08248021950300398f,0f,0f,0f,1f],start_interpolation:0}
execute if entity @s[tag=aj.axia.bone.coat_downer] run data modify entity @s {} merge value {transformation:[-0.9828664022092168f,0.051407149245319576f,0.1770054813128094f,-0.05453928141536695f,-0.02626992384878748f,0.9114466198388057f,-0.4105787991182628f,0.9350850740530289f,-0.1824377332387376f,-0.40819402762765317f,-0.8944797981507611f,0.07951129382127214f,0f,0f,0f,1f],start_interpolation:0}
execute if entity @s[tag=aj.axia.bone.body_2] run data modify entity @s {} merge value {transformation:[-0.9828664022092168f,0.053976166714589845f,0.17623906727825328f,-0.03480033789781628f,-0.02626992384878748f,0.9053785491253309f,-0.42379189926742344f,1.1375858274032886f,-0.1824377332387376f,-0.42116060619496437f,-0.888448207426973f,-0.013166484334487558f,0f,0f,0f,1f],start_interpolation:0}