execute if entity @s[tag=aj.axia.bone.wing_right_1] run data modify entity @s {} merge value {transformation:[0.05430309835112626f,-0.7278950303733958f,0.3662846471142703f,-0.1404345080926364f,0.6543692096300544f,-0.17980566403338155f,-0.45432951160374485f,1.7156209999630396f,0.4855888749158597f,0.3237023206337457f,0.5712833768093742f,-0.037542813739400216f,0f,0f,0f,1f],start_interpolation:0}
execute if entity @s[tag=aj.axia.bone.wing_right_2] run data modify entity @s {} merge value {transformation:[-0.28206081731558885f,-0.657036889190979f,0.35880945023438726f,-0.1404345080926364f,0.4872563870898716f,-0.4522223480373512f,-0.4450574807546889f,1.7156209999630396f,0.5683510434365255f,0.06162364950103258f,0.5596245323846932f,-0.037542813739400216f,0f,0f,0f,1f],start_interpolation:0}
execute if entity @s[tag=aj.axia.bone.wing_left_1] run data modify entity @s {} merge value {transformation:[0.12818016136854643f,-0.7600717525896041f,0.26982442734368056f,-0.1311493034130451f,-0.07061466047163358f,-0.2827373411613171f,-0.7629007865272845f,1.745323891504461f,0.8034474845330302f,0.09641043134869139f,-0.11009819603040709f,0.028046580352445158f,0f,0f,0f,1f],start_interpolation:0}
execute if entity @s[tag=aj.axia.bone.wing_left_2] run data modify entity @s {} merge value {transformation:[0.4551764272161354f,-0.6024537470532901f,0.26431780637748303f,-0.1311493034130451f,0.06653153277204041f,-0.2776136876090788f,-0.7473313827206053f,1.745323891504461f,0.6545135409246757f,0.44719137191312086f,-0.10785129407060287f,0.028046580352445158f,0f,0f,0f,1f],start_interpolation:0}
execute if entity @s[tag=aj.axia.bone.blade] run data modify entity @s {} merge value {transformation:[-0.12341934760869565f,-0.4881018347589023f,1.9355940337634951f,-0.5690365631079912f,-1.996112414550151f,0.013269217447181543f,-0.12393206343439532f,2.5226003077523296f,0.01740382471215515f,-1.9394794473706949f,-0.48797190504378024f,-0.27690609985829967f,0f,0f,0f,1f],start_interpolation:0}
execute if entity @s[tag=aj.axia.bone.arm_right_2] run data modify entity @s {} merge value {transformation:[-0.19510561177865599f,-0.9677970168817474f,0.15906833238349877f,-0.5154264348100779f,0.42780977698823947f,0.061966031717197376f,0.9017422057475719f,2.3972645100039567f,-0.8825602500485448f,0.24398595252189026f,0.4019431054343846f,0.050829097325931244f,0f,0f,0f,1f],start_interpolation:0}
execute if entity @s[tag=aj.axia.bone.arm_right_1] run data modify entity @s {} merge value {transformation:[-0.1693699418781472f,-0.9553264151933745f,0.24220913116967602f,-0.4571314811541677f,0.869383419719144f,-0.029068521538901826f,0.49328236393873803f,2.087180475141017f,-0.46420501107338374f,0.29411980805331456f,0.8354682795923744f,0.20952981511376756f,0f,0f,0f,1f],start_interpolation:0}
execute if entity @s[tag=aj.axia.bone.arm_left_2] run data modify entity @s {} merge value {transformation:[-0.04190563137593635f,-0.9275948342590712f,-0.3712300385406199f,-0.6299557090812339f,-0.9957104258613426f,0.00809600857417292f,0.0921694226747175f,2.1586500365433876f,-0.08249039877469344f,0.3735000376185429f,-0.923955115797807f,-0.4036751514225964f,0f,0f,0f,1f],start_interpolation:0}
execute if entity @s[tag=aj.axia.bone.arm_left_1] run data modify entity @s {} merge value {transformation:[0.1033478302205586f,-0.9275948342590712f,-0.35900842531142446f,-0.5892625009318889f,-0.9551881937896611f,0.00809600857417292f,-0.2958884402777706f,1.7825446852387086f,0.27737112400815533f,0.3735000376185429f,-0.8851909293849545f,-0.29446027134438524f,0f,0f,0f,1f],start_interpolation:0}
execute if entity @s[tag=aj.axia.bone.ear_edge_a1] run data modify entity @s {} merge value {transformation:[0.29358635621023194f,-0.9378362192512052f,0.18512233065679562f,-1.13086603120166f,-0.6573395203161094f,-0.33866469692973583f,-0.6732094607802815f,1.763695213026785f,0.6940546134691318f,0.07595688852299962f,-0.7159041448463048f,-0.05160828030216817f,0f,0f,0f,1f],start_interpolation:0}
execute if entity @s[tag=aj.axia.bone.ear_edge_a2] run data modify entity @s {} merge value {transformation:[0.43668172824057194f,-0.8803628745653823f,0.18512233065679562f,-1.0894385947590233f,-0.5962677493364068f,-0.43732572873913855f,-0.6732094607802815f,1.690607006426819f,0.6736273742375106f,0.18359579534879922f,-0.7159041448463048f,0.02783366196255753f,0f,0f,0f,1f],start_interpolation:0}
execute if entity @s[tag=aj.axia.bone.ear_edge_b1] run data modify entity @s {} merge value {transformation:[0.207838483173373f,-0.9781201067802999f,-0.009177234021547881f,-1.0675561267670275f,-0.6611472368353544f,-0.13355879083711883f,-0.7382725652596761f,1.66313032367364f,0.7208935400856131f,0.15950895304722396f,-0.6744400623929538f,0.02298157587674616f,0f,0f,0f,1f],start_interpolation:0}
execute if entity @s[tag=aj.axia.bone.ear_edge_b2] run data modify entity @s {} merge value {transformation:[0.4999218792938879f,-0.8660218778870318f,-0.009177234021547881f,-1.0893026298070696f,-0.5875164517059601f,-0.33132769030030607f,-0.7382725652596761f,1.677966777654836f,0.6363195216069562f,0.37447038422455187f,-0.6744400623929538f,0.007036831796225867f,0f,0f,0f,1f],start_interpolation:0}
execute if entity @s[tag=aj.axia.bone.ear_right_2] run data modify entity @s {} merge value {transformation:[0.3582913422065889f,-0.9335647232385736f,-0.009177234021547881f,-1.2090527968625937f,-0.6321142192429469f,-0.23534067480097245f,-0.7382725652596761f,1.6597734061786948f,0.6870654466138438f,0.27031772843953145f,-0.6744400623929538f,-0.01775315117583825f,0f,0f,0f,1f],start_interpolation:0}
execute if entity @s[tag=aj.axia.bone.ear_right_1] run data modify entity @s {} merge value {transformation:[0.3582913422065889f,-0.9150721484079803f,0.18512233065679562f,-1.0031615634707984f,-0.6321142192429469f,-0.3836934137391498f,-0.6732094607802815f,1.7461044242700035f,0.6870654466138438f,0.12418666378158599f,-0.7159041448463048f,-0.04569515052669505f,0f,0f,0f,1f],start_interpolation:0}
execute if entity @s[tag=aj.axia.bone.ear_edge_a3] run data modify entity @s {} merge value {transformation:[0.5966398106184786f,-0.7808653271066285f,0.18512233065679562f,-0.952753065910382f,-0.5018669484087442f,-0.5430640735777109f,-0.6732094607802815f,1.5317657222717214f,0.6262192128001508f,0.30875678601747464f,-0.7159041448463048f,0.21254693660298818f,0f,0f,0f,1f],start_interpolation:0}
execute if entity @s[tag=aj.axia.bone.ear_edge_a4] run data modify entity @s {} merge value {transformation:[0.467139934768372f,-0.8645866087540316f,0.18512233065679562f,-1.0152733550683073f,-0.5806420713060759f,-0.45786876607311f,-0.6732094607802815f,1.594032867396204f,0.6668096177875591f,0.20699321007678145f,-0.7159041448463048f,0.13782641260418294f,0f,0f,0f,1f],start_interpolation:0}
execute if entity @s[tag=aj.axia.bone.ear_edge_b3] run data modify entity @s {} merge value {transformation:[0.6656421989322011f,-0.7461976139632109f,0.010468233676928174f,-1.0140095029566922f,-0.4762541278201106f,-0.43555626511276757f,-0.7638538771619362f,1.5934046797730155f,0.5745454453174348f,0.503467834957336f,-0.6453043238878563f,0.10239533446543969f,0f,0f,0f,1f],start_interpolation:0}
execute if entity @s[tag=aj.axia.bone.ear_edge_b4] run data modify entity @s {} merge value {transformation:[0.4024756069388361f,-0.915370854846767f,0.010468233676928174f,-1.0093161158582822f,-0.5875388796021064f,-0.26706800501104444f,-0.7638538771619362f,1.5738124763827348f,0.7020053067998253f,0.301282058537378f,-0.6453043238878563f,0.12566297957314984f,0f,0f,0f,1f],start_interpolation:0}
execute if entity @s[tag=aj.axia.bone.ear_left_2] run data modify entity @s {} merge value {transformation:[0.5407160143388127f,-0.8411400643895368f,0.010468233676928174f,-1.0747977461539475f,-0.5385266605360665f,-0.35569128501630454f,-0.7638538771619362f,1.4849534233030504f,0.6462315589085857f,0.4073906010725038f,-0.6453043238878563f,0.18135740757859406f,0f,0f,0f,1f],start_interpolation:0}
execute if entity @s[tag=aj.axia.bone.ear_left_1] run data modify entity @s {} merge value {transformation:[0.5407160143388127f,-0.8205826677000586f,0.18512233065679562f,-0.8901666459214346f,-0.5385266605360665f,-0.5067327281790617f,-0.6732094607802815f,1.598968287143339f,0.6462315589085857f,0.26432182592903736f,-0.7159041448463048f,0.12188499674456074f,0f,0f,0f,1f],start_interpolation:0}
execute if entity @s[tag=aj.axia.bone.head] run data modify entity @s {} merge value {transformation:[0.4519796701974558f,-0.8726076440304629f,0.18512233065679562f,-0.505237759963529f,-0.5885445485066585f,-0.4476654290192802f,-0.6732094607802815f,1.9230026837284362f,0.6703205890850232f,0.1953242515423745f,-0.7159041448463048f,-0.03963675128008709f,0f,0f,0f,1f],start_interpolation:0}
execute if entity @s[tag=aj.axia.bone.body_1] run data modify entity @s {} merge value {transformation:[0.1278991982169842f,-0.8893056775850424f,0.43906401231535824f,-0.17174813086913812f,0.40914294772886584f,-0.35596412173370323f,-0.8401735489540765f,2.056489229378575f,0.9034621427703472f,0.28709746751471316f,0.31832562059540703f,-0.14729830159810453f,0f,0f,0f,1f],start_interpolation:0}
execute if entity @s[tag=aj.axia.bone.leg_left_2] run data modify entity @s {} merge value {transformation:[0.2249773659415136f,0.013025774802512324f,0.9742769185425735f,-0.24905481112373476f,0.17322517943366075f,-0.9845165099676865f,-0.02683801056752011f,2.310309503749657f,0.9588421257038066f,0.17480723895720254f,-0.22375032331588962f,-0.3053804354709884f,0f,0f,0f,1f],start_interpolation:0}
execute if entity @s[tag=aj.axia.bone.leg_left_1] run data modify entity @s {} merge value {transformation:[0.2249773659415136f,0.828695562651548f,0.5124927797107512f,0.0335609237970316f,0.17322517943366075f,-0.5516152837519022f,0.815912750201567f,2.187272415299475f,0.9588421257038066f,-0.09478524765459422f,-0.2676518910877764f,-0.34946383643889534f,0f,0f,0f,1f],start_interpolation:0}
execute if entity @s[tag=aj.axia.bone.leg_right_2] run data modify entity @s {} merge value {transformation:[0.08008861811521215f,-0.6397151740008663f,-0.7644280930221211f,0.37990750577726373f,0.08266754605592856f,0.7685123594082193f,-0.63447208785407f,2.397208602408012f,0.9933538594466156f,-0.012379401837445916f,0.11443277647885854f,-0.14646340679917608f,0f,0f,0f,1f],start_interpolation:0}
execute if entity @s[tag=aj.axia.bone.leg_right_1] run data modify entity @s {} merge value {transformation:[0.08008861811521215f,-0.951047867742454f,0.2984857894622913f,0.0872593337972477f,0.08266754605592856f,-0.29207882840474736f,-0.952814795659052f,2.2289963808245106f,0.9933538594466156f,0.1009847080514759f,0.055228603660345606f,-0.10887007698259876f,0f,0f,0f,1f],start_interpolation:0}
execute if entity @s[tag=aj.axia.bone.coat_downer] run data modify entity @s {} merge value {transformation:[0.2249773659415136f,-0.9110657535916068f,0.34546255578076157f,0.01379506625047372f,0.17322517943366075f,-0.31150499735876236f,-0.9343220396794102f,2.179423462442114f,0.9588421257038066f,0.2700441246409095f,0.08773795485837693f,-0.20489467002713205f,0f,0f,0f,1f],start_interpolation:0}
execute if entity @s[tag=aj.axia.bone.body_2] run data modify entity @s {} merge value {transformation:[0.2249773659415136f,-0.8146980752519404f,0.534464433797799f,-0.16999667061004975f,0.17322517943366075f,-0.5063453866813374f,-0.8447528553350399f,2.064933593391177f,0.9588421257038066f,0.2826329697103834f,0.02720996891757097f,-0.14923481996452925f,0f,0f,0f,1f],start_interpolation:0}