execute if entity @s[tag=aj.axia.bone.wing_right_1] run data modify entity @s {} merge value {transformation:[-0.5119530724947933f,-0.48645981447005293f,0.41012844928552156f,0.16865655452937925f,-0.17092272384581836f,0.6121984233865024f,0.5127796381689228f,1.5690743001180536f,-0.612889809411701f,0.23561490562629245f,-0.4855884494203362f,-0.12181529807213873f,0f,0f,0f,1f],start_interpolation:0}
execute if entity @s[tag=aj.axia.bone.wing_right_2] run data modify entity @s {} merge value {transformation:[-0.6648784321056745f,-0.19111984072645152f,0.40175848093275585f,0.16865655452937925f,0.12839653747182486f,0.6092571078902367f,0.5023147475940468f,1.5690743001180536f,-0.4259706558977345f,0.48195329956949184f,-0.47567848106481914f,-0.12181529807213873f,0f,0f,0f,1f],start_interpolation:0}
execute if entity @s[tag=aj.axia.bone.wing_left_1] run data modify entity @s {} merge value {transformation:[0.2840838220169636f,-0.44628031753699626f,0.6221532807048082f,0.1489531594645621f,0.6075905901511542f,0.5352020969484749f,0.1064745726742855f,1.6068320908857112f,-0.46591254680728494f,0.42583686787956415f,0.5182016066421605f,-0.2150971646551263f,0f,0f,0f,1f],start_interpolation:0}
execute if entity @s[tag=aj.axia.bone.wing_left_2] run data modify entity @s {} merge value {transformation:[0.4487066893680188f,-0.25927852940149354f,0.6094562749761387f,0.1489531594645621f,0.28585529097284806f,0.7398702076897465f,0.10430162221154499f,1.6068320908857112f,-0.5974521399570183f,0.1592693315253452f,0.5076260636494634f,-0.2150971646551263f,0f,0f,0f,1f],start_interpolation:0}
execute if entity @s[tag=aj.axia.bone.blade] run data modify entity @s {} merge value {transformation:[0.4221918013912307f,1.8521545851539147f,-0.6255217626360848f,-0.22410390193896404f,-1.8895766146143642f,0.2225399107899324f,-0.6164221001944425f,2.2615695280132466f,-0.5012527310055742f,0.7211098257539804f,1.7968712582877264f,-0.7659182247488968f,0f,0f,0f,1f],start_interpolation:0}
execute if entity @s[tag=aj.axia.bone.arm_right_2] run data modify entity @s {} merge value {transformation:[0.1463586601689984f,-0.29563384087889355f,0.9440231854783696f,-0.20187069954442516f,0.7552049096977608f,0.6497697054201111f,0.08639950397229917f,2.068867098314678f,-0.6389402843473971f,0.7002856289011329f,0.3183635516082392f,-0.5468012184337896f,0f,0f,0f,1f],start_interpolation:0}
execute if entity @s[tag=aj.axia.bone.arm_right_1] run data modify entity @s {} merge value {transformation:[0.08530639913560267f,-0.31865819234061526f,0.9440231854783696f,-0.23519351170676994f,0.8683247647591125f,0.4884129693398537f,0.08639950397229917f,1.7296777370806498f,-0.4886050769000966f,0.8123482798866744f,0.3183635516082392f,-0.3559398602696894f,0f,0f,0f,1f],start_interpolation:0}
execute if entity @s[tag=aj.axia.bone.arm_left_2] run data modify entity @s {} merge value {transformation:[0.1841646411991419f,-0.0620932612036848f,0.9809321137800934f,-0.2610310801466415f,0.21204227541429313f,0.9770120353250961f,0.02203534131894852f,1.4536677555254296f,-0.9597507272042674f,0.20394094670517857f,0.19309746732641295f,0.5566896012996398f,0f,0f,0f,1f],start_interpolation:0}
execute if entity @s[tag=aj.axia.bone.arm_left_1] run data modify entity @s {} merge value {transformation:[0.1766652548522904f,-0.08100355475467097f,0.9809321137800934f,-0.1968284025624713f,0.31300625228975887f,0.9494954079722964f,0.02203534131894852f,1.550340367154089f,-0.933175478543824f,0.3031450054951092f,0.19309746732641295f,0.2195091963575415f,0f,0f,0f,1f],start_interpolation:0}
execute if entity @s[tag=aj.axia.bone.ear_edge_a1] run data modify entity @s {} merge value {transformation:[-0.9466301847534381f,-0.2512815245553198f,0.20186353987490055f,-0.3076935306455085f,-0.22118036218643922f,0.9619751116144183f,0.16025957699152688f,2.2550413649105163f,-0.23445797213306052f,0.10705830211422981f,-0.9662132162476725f,0.01561309479460693f,0f,0f,0f,1f],start_interpolation:0}
execute if entity @s[tag=aj.axia.bone.ear_edge_a2] run data modify entity @s {} merge value {transformation:[-0.8956665054680869f,-0.3962734185530992f,0.20186353987490055f,-0.4148542867106344f,-0.36894332686757364f,0.9155313700482272f,0.16025957699152688f,2.221770783430549f,-0.24831901365475856f,0.06906292931708391f,-0.9662132162476725f,-0.012293560191891397f,0f,0f,0f,1f],start_interpolation:0}
execute if entity @s[tag=aj.axia.bone.ear_edge_b1] run data modify entity @s {} merge value {transformation:[-0.9704114814547722f,-0.20243862293114448f,0.13160608119116768f,-0.4266813985896578f,-0.1449371482599418f,0.9243029537246378f,0.35306836843617984f,2.210125320150466f,-0.19311856387988693f,0.32354698836745854f,-0.9262950753422573f,-0.043628139326084156f,0f,0f,0f,1f],start_interpolation:0}
execute if entity @s[tag=aj.axia.bone.ear_edge_b2] run data modify entity @s {} merge value {transformation:[-0.860359188121609f,-0.4924042107945762f,0.13160608119116768f,-0.40501216959254716f,-0.4234687399577281f,0.8342763052421113f,0.35306836843617984f,2.2293462903607284f,-0.2836481864799065f,0.24803455344637473f,-0.9262950753422573f,-0.03322311919890662f,0f,0f,0f,1f],start_interpolation:0}
execute if entity @s[tag=aj.axia.bone.ear_right_2] run data modify entity @s {} merge value {transformation:[-0.9267957281308186f,-0.35175206852550206f,0.13160608119116768f,-0.39448069396896346f,-0.28774556955647235f,0.8902500853189712f,0.35306836843617984f,2.351688455981513f,-0.2413548539372828f,0.2893531888153217f,-0.9262950753422573f,-0.018831209539089226f,0f,0f,0f,1f],start_interpolation:0}
execute if entity @s[tag=aj.axia.bone.ear_right_1] run data modify entity @s {} merge value {transformation:[-0.9267957281308186f,-0.31670299901901805f,0.20186353987490055f,-0.3232225191896845f,-0.28774556955647235f,0.9442030264636512f,0.16025957699152688f,2.139242775027192f,-0.2413548539372828f,0.09044255209381032f,-0.9662132162476725f,-0.039180783760196514f,0f,0f,0f,1f],start_interpolation:0}
execute if entity @s[tag=aj.axia.bone.ear_edge_a3] run data modify entity @s {} merge value {transformation:[-0.8035980561825039f,-0.5598939858302423f,0.20186353987490055f,-0.6578723431153294f,-0.536856419759441f,0.8283127745879402f,0.16025957699152688f,2.103376334086706f,-0.2569345221311768f,0.020412547257815182f,-0.9662132162476725f,-0.08270279114151301f,0f,0f,0f,1f],start_interpolation:0}
execute if entity @s[tag=aj.axia.bone.ear_edge_a4] run data modify entity @s {} merge value {transformation:[-0.881291146768972f,-0.4272903297475902f,0.20186353987490055f,-0.5606667800289205f,-0.4006701605913952f,0.9020977166549988f,0.16025957699152688f,2.1586183153025114f,-0.25057800589496193f,0.0603546494483493f,-0.9662132162476725f,-0.05323174363032357f,0f,0f,0f,1f],start_interpolation:0}
execute if entity @s[tag=aj.axia.bone.ear_edge_b3] run data modify entity @s {} merge value {transformation:[-0.7468943164406544f,-0.6584096017249359f,0.0929821296005788f,-0.5319566833338483f,-0.5988406803720074f,0.7268185540667252f,0.3363400496461078f,2.1645298165473204f,-0.28903065512197657f,0.1955289897195968f,-0.9371391009764748f,-0.0731851328340634f,0f,0f,0f,1f],start_interpolation:0}
execute if entity @s[tag=aj.axia.bone.ear_edge_b4] run data modify entity @s {} merge value {transformation:[-0.9137984628273447f,-0.3953817053295752f,0.0929821296005788f,-0.5622695731868422f,-0.34493204625677637f,0.8762974691673867f,0.3363400496461078f,2.1612369470364334f,-0.2144627072464932f,0.27527450412544585f,-0.9371391009764748f,-0.07737456527110308f,0f,0f,0f,1f],start_interpolation:0}
execute if entity @s[tag=aj.axia.bone.ear_left_2] run data modify entity @s {} merge value {transformation:[-0.8406967618284014f,-0.5334634741256248f,0.0929821296005788f,-0.6584326985203776f,-0.4777684861907491f,0.8115495330582441f,0.3363400496461078f,2.237368892716255f,-0.25488473523190863f,0.23833605930862617f,-0.9371391009764748f,-0.0929381350525325f,0f,0f,0f,1f],start_interpolation:0}
execute if entity @s[tag=aj.axia.bone.ear_left_1] run data modify entity @s {} merge value {transformation:[-0.8406967618284014f,-0.5024739455140081f,0.20186353987490055f,-0.5453760607797259f,-0.4777684861907491f,0.8637442570492131f,0.16025957699152688f,2.0430264348801823f,-0.25488473523190863f,0.038285669565628996f,-0.9662132162476725f,-0.101552410704799f,0f,0f,0f,1f],start_interpolation:0}
execute if entity @s[tag=aj.axia.bone.head] run data modify entity @s {} merge value {transformation:[-0.8886141663601655f,-0.4118446000777507f,0.20186353987490055f,-0.2295371680659485f,-0.3848653605880392f,0.9089529812932766f,0.16025957699152688f,1.6202880902598977f,-0.24948650777840994f,0.0647186463460269f,-0.9662132162476725f,-0.0733407404770968f,0f,0f,0f,1f],start_interpolation:0}
execute if entity @s[tag=aj.axia.bone.body_1] run data modify entity @s {} merge value {transformation:[-0.19214476440570796f,-0.4777587902807532f,0.8572204662867925f,-0.05037762171066607f,0.36820871670416644f,0.7745855182660069f,0.5142369257799877f,1.3298185209101452f,-0.9096717707253236f,0.4144439807767184f,0.02708239914411606f,-0.2287572332683662f,0f,0f,0f,1f],start_interpolation:0}
execute if entity @s[tag=aj.axia.bone.leg_left_2] run data modify entity @s {} merge value {transformation:[-0.23214306245603328f,-0.03656898446205059f,0.9719939855415506f,-0.17221428617210843f,-0.26240758127723574f,0.9645964571340895f,-0.026380602203012526f,0.7596264654698703f,-0.9366172429769616f,-0.2611826645468204f,-0.23352035435579888f,-0.04415934729507395f,0f,0f,0f,1f],start_interpolation:0}
execute if entity @s[tag=aj.axia.bone.leg_left_1] run data modify entity @s {} merge value {transformation:[-0.23214306245603328f,0.4282981639158485f,0.8733099571972409f,-0.010999398475440826f,-0.26240758127723574f,0.836971648954531f,-0.480229861768887f,1.0465412898459854f,-0.9366172429769616f,-0.34064518436732116f,-0.08190847651854202f,-0.1645004403997431f,0f,0f,0f,1f],start_interpolation:0}
execute if entity @s[tag=aj.axia.bone.leg_right_2] run data modify entity @s {} merge value {transformation:[-0.19349281106055666f,-0.5825101643203467f,0.7894570542666434f,-0.38205885027515946f,0.4059017562498f,0.685039903788767f,0.6049496627740233f,1.0138865598792193f,-0.8931989119682197f,0.4374954156109059f,0.10389160205824655f,-0.3728559403918286f,0f,0f,0f,1f],start_interpolation:0}
execute if entity @s[tag=aj.axia.bone.leg_right_1] run data modify entity @s {} merge value {transformation:[-0.19342661052861526f,0.9810772289563707f,0.008580044446271442f,-0.05691226350531696f,0.40590769409272787f,0.08798323752984158f,-0.9096691122546109f,1.098932863893952f,-0.8932105520064884f,-0.17247150702958466f,-0.41524509515129504f,-0.40461894743017757f,0f,0f,0f,1f],start_interpolation:0}
execute if entity @s[tag=aj.axia.bone.coat_downer] run data modify entity @s {} merge value {transformation:[-0.18279089866764073f,-0.28530864230045705f,0.9408434864487004f,-0.03947155178257282f,0.19738298634879178f,0.9268324354412719f,0.3194081923088906f,1.132149853205423f,-0.9631341776015991f,0.24409140755600225f,-0.11310146194024473f,-0.27944846964813125f,0f,0f,0f,1f],start_interpolation:0}
execute if entity @s[tag=aj.axia.bone.body_2] run data modify entity @s {} merge value {transformation:[-0.18279089866764073f,-0.06884491614910286f,0.9807384283715506f,-0.053426033838797043f,0.19738298634879178f,0.974664787445971f,0.10520698081844675f,1.3483844620695322f,-0.9631341776015991f,0.21281195838891043f,-0.16457103725251196f,-0.2243738119330966f,0f,0f,0f,1f],start_interpolation:0}