execute if entity @s[tag=aj.axia.bone.wing_right_1] run data modify entity @s {} merge value {transformation:[-0.1478218616564316f,-0.778325831419093f,0.19824742572515086f,-0.27149832868320134f,-0.603897016697792f,0.24060469028491263f,0.4943300726041781f,0.8466822842864514f,-0.5295295410875368f,-0.05712029064284954f,-0.6190962622702089f,-0.09031787174776708f,0f,0f,0f,1f],start_interpolation:0}
execute if entity @s[tag=aj.axia.bone.wing_right_2] run data modify entity @s {} merge value {transformation:[-0.4754377099639903f,-0.6133879181064167f,0.19420155989402535f,-0.27149832868320134f,-0.41987810196222275f,0.4787612680837718f,0.48424170377552145f,0.8466822842864514f,-0.48750524452235144f,0.18585723043211058f,-0.6064616446728577f,-0.09031787174776708f,0f,0f,0f,1f],start_interpolation:0}
execute if entity @s[tag=aj.axia.bone.wing_left_1] run data modify entity @s {} merge value {transformation:[0.14757262314452124f,-0.7782818839448116f,0.19860532335767017f,-0.27153443172991854f,0.6998326105192331f,0.22368865668390428f,0.35656997429569137f,0.8605788815620152f,-0.3942094400144735f,0.10575981485758172f,0.7073600380352353f,-0.22412460704568515f,0f,0f,0f,1f],start_interpolation:0}
execute if entity @s[tag=aj.axia.bone.wing_left_2] run data modify entity @s {} merge value {transformation:[0.4752006567885053f,-0.6134605083939152f,0.19455215349322794f,-0.27153443172991854f,0.5111233793597676f,0.5067023446190927f,0.3492930360447589f,0.8605788815620152f,-0.39107189474523013f,-0.083180157481177f,0.6929241188916591f,-0.22412460704568515f,0f,0f,0f,1f],start_interpolation:0}
execute if entity @s[tag=aj.axia.bone.blade] run data modify entity @s {} merge value {transformation:[-0.516387438194869f,0.34564161248533654f,1.901019697265938f,-0.41298851371549833f,-1.291726445146044f,1.4016216507386263f,-0.6057223283742251f,1.161196494860137f,-1.436936604233083f,-1.3841924085542685f,-0.13865270107657618f,-0.9697954774301649f,0f,0f,0f,1f],start_interpolation:0}
execute if entity @s[tag=aj.axia.bone.arm_right_2] run data modify entity @s {} merge value {transformation:[0.23517177610615678f,-0.9366649880759924f,0.25952444169225547f,-0.5175615982531502f,0.6735391445710495f,0.34955749944253883f,0.6512715066037958f,0.9198020522275474f,-0.7007419328494441f,0.02163919351733366f,0.7130865928134847f,-0.7221070144263612f,0f,0f,0f,1f],start_interpolation:0}
execute if entity @s[tag=aj.axia.bone.arm_right_1] run data modify entity @s {} merge value {transformation:[0.25522365892313514f,-0.9311909605232918f,0.26027731166122947f,-0.6100679181163118f,0.6634629897978428f,0.3644837710900622f,0.6534282223630032f,0.6794596633313844f,-0.7033333100987005f,0.005914021616178606f,0.710835620417216f,-0.4752612122700247f,0f,0f,0f,1f],start_interpolation:0}
execute if entity @s[tag=aj.axia.bone.arm_left_2] run data modify entity @s {} merge value {transformation:[0.12848430591040733f,-0.9912962043673498f,0.0286987515687857f,-0.7126749974581077f,0.9586143446789939f,0.13155809025631676f,0.25248961773461776f,0.2598205976202492f,-0.2540675526516195f,-0.004929918355999605f,0.9671739112458624f,0.3366112340075056f,0f,0f,0f,1f],start_interpolation:0}
execute if entity @s[tag=aj.axia.bone.arm_left_1] run data modify entity @s {} merge value {transformation:[0.15547802392489873f,-0.9852398035593083f,0.07161782989468934f,-0.6520242375837869f,0.8039979336019529f,0.1683328671273578f,0.5703081347907222f,0.5750143992411484f,-0.573945909333099f,-0.0310897945811698f,0.8183028277066519f,0.11163185147300955f,0f,0f,0f,1f],start_interpolation:0}
execute if entity @s[tag=aj.axia.bone.ear_edge_a1] run data modify entity @s {} merge value {transformation:[-0.250827450728791f,-0.8245546629264567f,-0.5071441588021434f,-1.1878738410467653f,0.14402276947005627f,-0.5498481402758072f,0.8227541944647935f,0.5428333468767965f,-0.957258080057343f,0.13332903090277748f,0.2566716534474643f,0.049817733442786664f,0f,0f,0f,1f],start_interpolation:0}
execute if entity @s[tag=aj.axia.bone.ear_edge_a2] run data modify entity @s {} merge value {transformation:[-0.1187505809947001f,-0.8536410848279786f,-0.5071441588021434f,-1.2101545960870852f,0.22826480986320768f,-0.5205484723526738f,0.8227541944647935f,0.5638802655339712f,-0.966329900236733f,-0.01806062637368684f,0.2566716534474643f,-0.061670991524680474f,0f,0f,0f,1f],start_interpolation:0}
execute if entity @s[tag=aj.axia.bone.ear_edge_b1] run data modify entity @s {} merge value {transformation:[-0.2527139460905016f,-0.36375741160625025f,-0.8965579774631915f,-1.2507254279883677f,0.03706301456728428f,-0.9295950045904461f,0.36671441257697246f,0.6310465904786575f,-0.966830902693202f,0.059444704911453886f,0.24840356812138953f,-0.06356987349749997f,0f,0f,0f,1f],start_interpolation:0}
execute if entity @s[tag=aj.axia.bone.ear_edge_b2] run data modify entity @s {} merge value {transformation:[-0.12793802317185962f,-0.42404676071630193f,-0.8965579774631915f,-1.2502909364356198f,0.322509675822263f,-0.8726442852671098f,0.36671441257697246f,0.6145226670410492f,-0.9378802542051385f,-0.24223190565378983f,0.24840356812138953f,-0.03760765486505943f,0f,0f,0f,1f],start_interpolation:0}
execute if entity @s[tag=aj.axia.bone.ear_right_2] run data modify entity @s {} merge value {transformation:[-0.1926984219703338f,-0.3988121252134331f,-0.8965579774631915f,-1.312594619612376f,0.18202740460259179f,-0.9123522146528557f,0.36671441257697246f,0.5173770165459854f,-0.9642268105294455f,-0.09253283309601304f,0.24840356812138953f,0.006738914153877574f,0f,0f,0f,1f],start_interpolation:0}
execute if entity @s[tag=aj.axia.bone.ear_right_1] run data modify entity @s {} merge value {transformation:[-0.1926984219703338f,-0.8400429276906092f,-0.5071441588021434f,-1.1235849608819892f,0.18202740460259179f,-0.538462217304272f,0.8227541944647935f,0.6385310154394465f,-0.9642268105294455f,0.06622929995672011f,0.2566716534474643f,-0.008162678336384427f,0f,0f,0f,1f],start_interpolation:0}
execute if entity @s[tag=aj.axia.bone.ear_edge_a3] run data modify entity @s {} merge value {transformation:[0.07799468031171097f,-0.991505596598308f,-0.10408401297657442f,-1.2520448589030002f,0.2105092828684617f,-0.08566933290688941f,0.9738308925195864f,0.6580479115727412f,-0.97447558803147f,-0.09786428006950354f,0.20203937986738557f,-0.32150431227597787f,0f,0f,0f,1f],start_interpolation:0}
execute if entity @s[tag=aj.axia.bone.ear_edge_a4] run data modify entity @s {} merge value {transformation:[-0.0780712112159292f,-0.9914995734855212f,-0.10408401297657442f,-1.2530439462084555f,0.19451592801258072f,-0.11754550831022849f,0.9738308925195864f,0.6344580409984711f,-0.977787522792494f,0.055782158923081686f,0.20203937986738557f,-0.20831570659570076f,0f,0f,0f,1f],start_interpolation:0}
execute if entity @s[tag=aj.axia.bone.ear_edge_b3] run data modify entity @s {} merge value {transformation:[0.15825805040015198f,-0.9439663828131722f,-0.2896236482094635f,-1.2457807348919228f,0.2456004474316151f,-0.24646868002701366f,0.9375145918795781f,0.6539017389320682f,-0.9563654164099271f,-0.21950092911957692f,0.19283291319354415f,-0.18185343367555776f,0f,0f,0f,1f],start_interpolation:0}
execute if entity @s[tag=aj.axia.bone.ear_edge_b4] run data modify entity @s {} merge value {transformation:[-0.14118930431868612f,-0.9466698066083269f,-0.2896236482094635f,-1.2575014837013478f,0.15741689522533445f,-0.3103003562848165f,0.9375145918795781f,0.6561166328558401f,-0.9773870786150292f,0.08677537753112641f,0.19283291319354415f,-0.2102256721711857f,0f,0f,0f,1f],start_interpolation:0}
execute if entity @s[tag=aj.axia.bone.ear_left_2] run data modify entity @s {} merge value {transformation:[0.008640755074207404f,-0.9571016036709943f,-0.2896236482094635f,-1.3708166740355017f,0.20402050226395754f,-0.2818546161921611f,0.9375145918795781f,0.6644683582844697f,-0.9789284815591534f,-0.0671899961421413f,0.19283291319354415f,-0.25896539778745564f,0f,0f,0f,1f],start_interpolation:0}
execute if entity @s[tag=aj.axia.bone.ear_left_1] run data modify entity @s {} merge value {transformation:[0.008640755074207404f,-0.9945309726672369f,-0.10408401297657442f,-1.1470472051853737f,0.20402050226395754f,-0.10014503198096235f,0.9738308925195864f,0.6870009904801861f,-0.9789284815591534f,-0.02964990683108743f,0.20203937986738557f,-0.25229416875046096f,0f,0f,0f,1f],start_interpolation:0}
execute if entity @s[tag=aj.axia.bone.head] run data modify entity @s {} merge value {transformation:[-0.09384897721353846f,-0.9913520890082176f,-0.09172461553485056f,-0.6243817431815057f,0.1938799001629588f,-0.10856575330599022f,0.9749995187290627f,0.6879372165688531f,-0.9765259616563061f,0.07371914831403223f,0.2023920289514382f,-0.17433423795909667f,0f,0f,0f,1f],start_interpolation:0}
execute if entity @s[tag=aj.axia.bone.body_1] run data modify entity @s {} merge value {transformation:[-0.00026837141186503155f,-0.9071416117410895f,0.42082540824499176f,-0.28420363877859717f,0.10330013032348856f,0.41854895614500065f,0.9023003127479677f,0.5309813580144779f,-0.9946501953209155f,0.043713471124001355f,0.09359552014041855f,-0.19072678963059717f,0f,0f,0f,1f],start_interpolation:0}
execute if entity @s[tag=aj.axia.bone.leg_left_2] run data modify entity @s {} merge value {transformation:[-0.20801138550789958f,0.6600365835011471f,0.7218607704670046f,-0.4327292111153649f,-0.01855033690326148f,0.7352087735010432f,-0.6775868537448665f,0.3164198604345773f,-0.9779504836646176f,-0.15433654073881908f,-0.1406878946210915f,-0.009830437114298679f,0f,0f,0f,1f],start_interpolation:0}
execute if entity @s[tag=aj.axia.bone.leg_left_1] run data modify entity @s {} merge value {transformation:[-0.20801138550789958f,0.9779616527994605f,0.017951856528830468f,-0.11902554076101884f,-0.01855033690326148f,0.01440570092960014f,-0.9997241423420273f,0.27893192592561555f,-0.9779504836646176f,-0.20828701696091054f,0.015144968328321934f,-0.07584453739108962f,0f,0f,0f,1f],start_interpolation:0}
execute if entity @s[tag=aj.axia.bone.leg_right_2] run data modify entity @s {} merge value {transformation:[-0.3215220099892437f,-0.9189239123750239f,-0.22847853369158294f,0.10740010010063672f,0.08946120238711404f,-0.2696903957460278f,0.958782448582473f,0.04443311422791896f,-0.9426665849386665f,0.2878296956669517f,0.16891943621839806f,-0.4307598965596001f,0f,0f,0f,1f],start_interpolation:0}
execute if entity @s[tag=aj.axia.bone.leg_right_1] run data modify entity @s {} merge value {transformation:[-0.3215220099892437f,-0.6798828410330378f,0.6590773244174934f,-0.08405311732263226f,0.08946120238711404f,0.6711112617245462f,0.7359391059414764f,0.31286998799200894f,-0.9426665849386665f,0.2955824704804614f,-0.15495390535491088f,-0.3399843136079904f,0f,0f,0f,1f],start_interpolation:0}
execute if entity @s[tag=aj.axia.bone.coat_downer] run data modify entity @s {} merge value {transformation:[-0.20646090961965777f,-0.8009342547909245f,0.5620304371664671f,-0.09888810052461783f,-0.03209706024015568f,0.5796409014745256f,0.8142396478075354f,0.3587257409368262f,-0.9779282547932456f,0.15006913353620038f,-0.14538082279561754f,-0.21852498499235595f,0f,0f,0f,1f],start_interpolation:0}
execute if entity @s[tag=aj.axia.bone.body_2] run data modify entity @s {} merge value {transformation:[-0.20646090961965777f,-0.6751069586687858f,0.7082404162119005f,-0.24811933574577105f,-0.03209706024015568f,0.7281189828830099f,0.6846988575201152f,0.5216655844578749f,-0.9779282547932456f,0.11863111363547707f,-0.17199705623830663f,-0.1843782810488568f,0f,0f,0f,1f],start_interpolation:0}