execute if entity @s[tag=aj.axia.bone.wing_right_1] run data modify entity @s {} merge value {transformation:[-0.7695765212630135f,-0.13569710441843094f,-0.23723979054453817f,0.02931243107270383f,-0.11746881682524658f,0.804304336323445f,-0.07899402565652516f,1.4285439973005896f,0.24677418714046973f,-0.04031469791776366f,-0.7774456059026924f,-0.3658513518602349f,0f,0f,0f,1f],start_interpolation:0}
execute if entity @s[tag=aj.axia.bone.wing_right_2] run data modify entity @s {} merge value {transformation:[-0.7300708516948146f,0.230190455335223f,-0.23239816216607823f,0.02931243107270383f,0.26173743559019086f,0.7520010345389717f,-0.07738190268394302f,1.4285439973005896f,0.19618885370040468f,-0.14665196324931773f,-0.7615793690475354f,-0.3658513518602349f,0f,0f,0f,1f],start_interpolation:0}
execute if entity @s[tag=aj.axia.bone.wing_left_1] run data modify entity @s {} merge value {transformation:[-0.7695765212630132f,0.13569710441843094f,0.23723979054453873f,-0.02931243107270358f,0.11746881682524658f,0.804304336323445f,-0.07899402565652516f,1.4285439973005896f,-0.24677418714047025f,-0.040314697917763556f,-0.7774456059026922f,-0.3658513518602349f,0f,0f,0f,1f],start_interpolation:0}
execute if entity @s[tag=aj.axia.bone.wing_left_2] run data modify entity @s {} merge value {transformation:[-0.7300708516948143f,-0.2301904553352229f,0.23239816216607878f,-0.02931243107270358f,-0.26173743559019086f,0.7520010345389717f,-0.07738190268394302f,1.4285439973005896f,-0.1961888537004052f,-0.1466519632493179f,-0.7615793690475352f,-0.3658513518602349f,0f,0f,0f,1f],start_interpolation:0}
execute if entity @s[tag=aj.axia.bone.blade] run data modify entity @s {} merge value {transformation:[0.5557741549623825f,0.34532023694977876f,1.8899388938875241f,-0.6553278889682804f,1.9012972880962833f,-0.3815096876987055f,-0.48940676381692283f,1.167539611368944f,0.27601396876529105f,1.9326676621046324f,-0.4342948271640458f,0.2407211081126389f,0f,0f,0f,1f],start_interpolation:0}
execute if entity @s[tag=aj.axia.bone.arm_right_2] run data modify entity @s {} merge value {transformation:[-0.48773469600440333f,-0.8492879759238463f,-0.20205147924395042f,-0.5487599302265287f,-0.7875262488013329f,0.5279144528703263f,-0.3179760020811712f,1.4162807013038088f,0.37671909131658493f,0.004032914801993193f,-0.926318769018423f,0.06350104137033274f,0f,0f,0f,1f],start_interpolation:0}
execute if entity @s[tag=aj.axia.bone.arm_right_1] run data modify entity @s {} merge value {transformation:[-0.6408254213799133f,-0.740619996387208f,-0.20205147924395042f,-0.2984375f,-0.6723263471050114f,0.6684822698388542f,-0.3179760020811712f,1.6789081806417039f,0.37056721698187006f,-0.06792257255511744f,-0.926318769018423f,-0.08125177776321024f,0f,0f,0f,1f],start_interpolation:0}
execute if entity @s[tag=aj.axia.bone.arm_left_2] run data modify entity @s {} merge value {transformation:[-0.11426426950708163f,-0.9933221289922582f,0.015963231762414164f,0.3606617319241649f,-0.9930635605153464f,0.1137566636436536f,-0.029735269516983215f,2.1151589233091537f,0.02772077723650573f,-0.019250182621268964f,-0.9994303322285409f,-0.055388169659195685f,0f,0f,0f,1f],start_interpolation:0}
execute if entity @s[tag=aj.axia.bone.arm_left_1] run data modify entity @s {} merge value {transformation:[-0.21746875355636863f,-0.9759367379386529f,0.015963231762414164f,0.2984375f,-0.9757326451877619f,0.21693690064543109f,-0.029735269516983215f,1.7641645293884287f,0.025556727911308433f,-0.022042338351806703f,-0.9994303322285409f,-0.04593917380404507f,0f,0f,0f,1f],start_interpolation:0}
execute if entity @s[tag=aj.axia.bone.ear_edge_a1] run data modify entity @s {} merge value {transformation:[-0.984825592558663f,0.1733930602669061f,-0.007307454601654273f,0.1972368650221587f,0.16777596291222602f,0.940464371313494f,-0.29559768699837585f,2.3116003472993403f,-0.044382186858620734f,-0.29233818248937554f,-0.9552845694077001f,-0.18916840741666013f,0f,0f,0f,1f],start_interpolation:0}
execute if entity @s[tag=aj.axia.bone.ear_edge_a2] run data modify entity @s {} merge value {transformation:[-0.999825405914431f,0.017197639235890377f,-0.007307454601654273f,0.08224527087020211f,0.018589321584704402f,0.9551316372962582f,-0.29559768699837585f,2.3233667856191635f,0.0018959986981844125f,-0.29568191801407384f,-0.9552845694077001f,-0.1919297166455395f,0f,0f,0f,1f],start_interpolation:0}
execute if entity @s[tag=aj.axia.bone.ear_edge_b1] run data modify entity @s {} merge value {transformation:[-0.9660846142014793f,0.25781649768002357f,0.014531748937595072f,0.059248464946966894f,0.25547145432121504f,0.9624630088713474f,-0.09164765453254287f,2.308322249693606f,-0.037614548118809696f,-0.08482694193662398f,-0.9956854602189883f,-0.21433869020608806f,0f,0f,0f,1f],start_interpolation:0}
execute if entity @s[tag=aj.axia.bone.ear_edge_b2] run data modify entity @s {} merge value {transformation:[-0.9984707468421629f,-0.053338503665441f,0.014531748937595072f,0.08851331099126739f,-0.054449634838900876f,0.9943017372430737f,-0.09164765453254287f,2.3178423684803473f,-0.009560594456617853f,-0.09229875049066326f,-0.9956854602189883f,-0.21478785530905592f,0f,0f,0f,1f],start_interpolation:0}
execute if entity @s[tag=aj.axia.bone.ear_right_2] run data modify entity @s {} merge value {transformation:[-0.9945218953682733f,0.10351341896542643f,0.014531748937595072f,0.14846136265181148f,0.1017637908741472f,0.9905780324061334f,-0.09164765453254287f,2.4183936679501596f,-0.023881593330848612f,-0.08966679323184024f,-0.9956854602189883f,-0.25455356677366886f,0f,0f,0f,1f],start_interpolation:0}
execute if entity @s[tag=aj.axia.bone.ear_right_1] run data modify entity @s {} merge value {transformation:[-0.9945218953682733f,0.10427272289693965f,-0.007307454601654273f,0.12500000000000008f,0.1017637908741472f,0.9498769069243305f,-0.29559768699837585f,2.2046713638921855f,-0.023881593330848612f,-0.2947220062220074f,-0.9552845694077001f,-0.1882411153737173f,0f,0f,0f,1f],start_interpolation:0}
execute if entity @s[tag=aj.axia.bone.ear_edge_a3] run data modify entity @s {} merge value {transformation:[-0.984825592558663f,-0.17339306026690587f,0.007307454601654974f,-0.19723686502215854f,-0.16777596291222602f,0.940464371313494f,-0.29559768699837585f,2.3116003472993403f,0.044382186858620026f,-0.2923381824893757f,-0.9552845694077001f,-0.18916840741666027f,0f,0f,0f,1f],start_interpolation:0}
execute if entity @s[tag=aj.axia.bone.ear_edge_a4] run data modify entity @s {} merge value {transformation:[-0.999825405914431f,-0.017197639235890155f,0.007307454601654974f,-0.08224527087020195f,-0.018589321584704402f,0.9551316372962582f,-0.29559768699837585f,2.3233667856191635f,-0.001895998698185148f,-0.2956819180140739f,-0.9552845694077001f,-0.19192971664553957f,0f,0f,0f,1f],start_interpolation:0}
execute if entity @s[tag=aj.axia.bone.ear_edge_b3] run data modify entity @s {} merge value {transformation:[-0.9660846142014793f,-0.2578164976800235f,-0.014531748937594336f,-0.0592484649469667f,-0.25547145432121504f,0.9624630088713474f,-0.09164765453254287f,2.308322249693606f,0.037614548118808995f,-0.0848269419366242f,-0.9956854602189883f,-0.21433869020608812f,0f,0f,0f,1f],start_interpolation:0}
execute if entity @s[tag=aj.axia.bone.ear_edge_b4] run data modify entity @s {} merge value {transformation:[-0.9984707468421629f,0.05333850366544107f,-0.014531748937594336f,-0.08851331099126719f,0.054449634838900876f,0.9943017372430737f,-0.09164765453254287f,2.3178423684803473f,0.009560594456617118f,-0.09229875049066326f,-0.9956854602189883f,-0.21478785530905598f,0f,0f,0f,1f],start_interpolation:0}
execute if entity @s[tag=aj.axia.bone.ear_left_2] run data modify entity @s {} merge value {transformation:[-0.9945218953682733f,-0.10351341896542636f,-0.014531748937594336f,-0.14846136265181126f,-0.1017637908741472f,0.9905780324061334f,-0.09164765453254287f,2.4183936679501596f,0.023881593330847883f,-0.08966679323184035f,-0.9956854602189883f,-0.25455356677366897f,0f,0f,0f,1f],start_interpolation:0}
execute if entity @s[tag=aj.axia.bone.ear_left_1] run data modify entity @s {} merge value {transformation:[-0.9945218953682733f,-0.10427272289693942f,0.007307454601654974f,-0.12499999999999993f,-0.1017637908741472f,0.9498769069243305f,-0.29559768699837585f,2.2046713638921855f,0.023881593330847883f,-0.2947220062220075f,-0.9552845694077001f,-0.18824111537371738f,0f,0f,0f,1f],start_interpolation:0}
execute if entity @s[tag=aj.axia.bone.head] run data modify entity @s {} merge value {transformation:[-1f,8.393842954413491e-17f,3.5767683806088346e-16f,1.49628174923334e-17f,0f,0.9735510089110647f,-0.22846976396943217f,1.7128661519493096f,-3.6739403974420594e-16f,-0.22846976396943217f,-0.9735510089110647f,-0.04072689231091254f,0f,0f,0f,1f],start_interpolation:0}
execute if entity @s[tag=aj.axia.bone.body_1] run data modify entity @s {} merge value {transformation:[-1f,3.713864056331572e-17f,3.655121089877543e-16f,1.0358272810900039e-18f,0f,0.9948776230617082f,-0.10108667138196659f,1.339787043301169f,-3.6739403974420594e-16f,-0.10108667138196659f,-0.9948776230617082f,-0.0028193905426750726f,0f,0f,0f,1f],start_interpolation:0}
execute if entity @s[tag=aj.axia.bone.leg_left_2] run data modify entity @s {} merge value {transformation:[-0.9947090918863047f,-0.10048686267733795f,0.021359142023703002f,0.15954235904533492f,-0.10187495018097285f,0.9916540959624014f,-0.07901676079552117f,0.7385953653873049f,-0.013240734282780133f,-0.08077465190428326f,-0.996644439389191f,-0.008885790462678525f,0f,0f,0f,1f],start_interpolation:0}
execute if entity @s[tag=aj.axia.bone.leg_left_1] run data modify entity @s {} merge value {transformation:[-0.9947090918863047f,-0.10048686267733795f,0.021359142023703002f,0.125f,-0.10187495018097285f,0.9916540959624014f,-0.07901676079552117f,1.0794764608743803f,-0.013240734282780133f,-0.08077465190428326f,-0.996644439389191f,-0.0366520770547759f,0f,0f,0f,1f],start_interpolation:0}
execute if entity @s[tag=aj.axia.bone.leg_right_2] run data modify entity @s {} merge value {transformation:[-0.992600221173509f,0.11698923363631138f,0.032531832710275654f,-0.1271064798905648f,0.11449113142399123f,0.8124253637173747f,0.5717139225293933f,1.0241265277798415f,0.040454687633884774f,0.571207972284946f,-0.8198078254362817f,0.289316899810086f,0f,0f,0f,1f],start_interpolation:0}
execute if entity @s[tag=aj.axia.bone.leg_right_1] run data modify entity @s {} merge value {transformation:[-0.9914448613738104f,0.05516275246767092f,-0.11829690442127516f,-0.12499999999999999f,0.12943752045239085f,0.532318724341126f,-0.8365899258388025f,1.082575396379461f,0.0168230542590443f,-0.8447448410354612f,-0.5349047937618158f,-0.036249306977250983f,0f,0f,0f,1f],start_interpolation:0}
execute if entity @s[tag=aj.axia.bone.coat_downer] run data modify entity @s {} merge value {transformation:[-1f,-4.7352104278400184e-17f,3.6432973891788557e-16f,-0.00781249999999999f,0f,0.9916593616258613f,0.12888642480800333f,1.1399057032234563f,-3.6739403974420594e-16f,0.12888642480800333f,-0.9916593616258613f,-0.028798060543038243f,0f,0f,0f,1f],start_interpolation:0}
execute if entity @s[tag=aj.axia.bone.body_2] run data modify entity @s {} merge value {transformation:[-1f,-4.7352104278400184e-17f,3.6432973891788557e-16f,0f,0f,0.9916593616258613f,0.12888642480800333f,1.3614795918367346f,-3.6739403974420594e-16f,0.12888642480800333f,-0.9916593616258613f,0f,0f,0f,0f,1f],start_interpolation:0}