execute if entity @s[tag=aj.axia.bone.wing_right_1] run data modify entity @s {} merge value {transformation:[-0.7735056100560445f,-0.13857557505275925f,-0.22232931802861264f,0.02863040626745042f,-0.12177915323273557f,0.8038244587721922f,-0.07733383322941292f,1.359980109435428f,0.23195549895225337f,-0.04009356460622867f,-0.7820061361827167f,-0.3667181920125093f,0f,0f,0f,1f],start_interpolation:0}
execute if entity @s[tag=aj.axia.bone.wing_right_2] run data modify entity @s {} merge value {transformation:[-0.7347868753495833f,0.22946655329358193f,-0.21779198500762056f,0.02863040626745042f,0.25777508664465726f,0.7535337384790607f,-0.07575559173493511f,1.359980109435428f,0.18341279268179567f,-0.1397569529337787f,-0.7660468272810287f,-0.3667181920125093f,0f,0f,0f,1f],start_interpolation:0}
execute if entity @s[tag=aj.axia.bone.wing_left_1] run data modify entity @s {} merge value {transformation:[-0.774071439191157f,0.13430401345471515f,0.22298045529357685f,-0.028946142325669985f,0.11765711324234876f,0.8045512856380567f,-0.07614773093186525f,1.3598267517490208f,-0.2321952953366029f,-0.040051282033791505f,-0.7819371356288445f,-0.36672711347343606f,0f,0f,0f,1f],start_interpolation:0}
execute if entity @s[tag=aj.axia.bone.wing_left_2] run data modify entity @s {} merge value {transformation:[-0.7333463942997821f,-0.23343408853980502f,0.21842983375697325f,-0.028946142325669985f,-0.26168552461067374f,0.7523007821243892f,-0.07459369560672514f,1.3598267517490208f,-0.1836402792873747f,-0.13982867918500397f,-0.7659792349017253f,-0.36672711347343606f,0f,0f,0f,1f],start_interpolation:0}
execute if entity @s[tag=aj.axia.bone.blade] run data modify entity @s {} merge value {transformation:[0.5840029791681842f,0.29255620447363745f,1.8903310259175945f,-0.6053540884970893f,1.8889611411154812f,-0.39950173356053165f,-0.5217510634755149f,1.063790628104057f,0.3012745055234285f,1.9377330136285826f,-0.39296875221257016f,0.24856413341099337f,0f,0f,0f,1f],start_interpolation:0}
execute if entity @s[tag=aj.axia.bone.arm_right_2] run data modify entity @s {} merge value {transformation:[-0.4042075536260211f,-0.8961459843742625f,-0.1831355461988507f,-0.5210901785024572f,-0.8298301813628931f,0.4435029083124541f,-0.3386547510631187f,1.3235267412818243f,0.38470524260905936f,0.015084595065132399f,-0.9229162103359252f,0.0691049875791897f,0f,0f,0f,1f],start_interpolation:0}
execute if entity @s[tag=aj.axia.bone.arm_right_1] run data modify entity @s {} merge value {transformation:[-0.5677738373833595f,-0.8025548213682496f,-0.1831355461988507f,-0.2993035232745824f,-0.7299595192894457f,0.5936935739765915f,-0.3386547510631187f,1.608667178504264f,0.3805154001899211f,-0.0585977722910901f,-0.9229162103359252f,-0.07953384061999821f,0f,0f,0f,1f],start_interpolation:0}
execute if entity @s[tag=aj.axia.bone.arm_left_2] run data modify entity @s {} merge value {transformation:[-0.12970448634569007f,-0.9914389082077313f,0.015021235423976691f,0.36501610700681436f,-0.9913829933193623f,0.12938713965903031f,-0.02046286021053194f,2.045448285030111f,0.01834412110028397f,-0.017545922110747555f,-0.9996777650014737f,-0.049984669380301786f,0f,0f,0f,1f],start_interpolation:0}
execute if entity @s[tag=aj.axia.bone.arm_left_1] run data modify entity @s {} merge value {transformation:[-0.23262753709699832f,-0.9724498914959692f,0.015021235423976691f,0.29733707647063323f,-0.9724274546766888f,0.23230608417133763f,-0.02046286021053194f,1.6953912217363636f,0.016409581810669163f,-0.019367286502173175f,-0.9996777650014737f,-0.04383614200865444f,0f,0f,0f,1f],start_interpolation:0}
execute if entity @s[tag=aj.axia.bone.ear_edge_a1] run data modify entity @s {} merge value {transformation:[-0.9851096282775901f,0.17167157737594932f,0.009374955788758929f,0.19477954873488795f,0.16552768393304795f,0.9617685715607412f,-0.21817836879437003f,2.2474314276016485f,-0.046471562557640886f,-0.21337779706254487f,-0.9758638786194449f,-0.15935585914135397f,0f,0f,0f,1f],start_interpolation:0}
execute if entity @s[tag=aj.axia.bone.ear_edge_a2] run data modify entity @s {} merge value {transformation:[-0.9998366454272052f,0.015452917680215686f,0.009374955788758929f,0.07976907773260018f,0.013036011481776993f,0.9758218391667993f,-0.21817836879437003f,2.258766710914342f,-0.012519778972477302f,-0.21802051632883918f,-0.9758638786194449f,-0.16299502622365278f,0f,0f,0f,1f],start_interpolation:0}
execute if entity @s[tag=aj.axia.bone.ear_edge_b1] run data modify entity @s {} merge value {transformation:[-0.9670542559275458f,0.25273804785709764f,0.030488444660292293f,0.05722032918664069f,0.25249837110787215f,0.9675285712723691f,-0.01153413887205007f,2.2454424939793207f,-0.032413557044723894f,-0.003455855470339062f,-0.9994685679813431f,-0.18689842393199696f,0f,0f,0f,1f],start_interpolation:0}
execute if entity @s[tag=aj.axia.bone.ear_edge_b2] run data modify entity @s {} merge value {transformation:[-0.9978236036238456f,-0.058468032234022305f,0.030488444660292293f,0.0864251717589492f,-0.0588425498704208f,0.9982006401346513f,-0.01153413887205007f,2.255124214611337f,-0.029759206573250943f,-0.013303053839401698f,-0.9994685679813431f,-0.18611926994833425f,0f,0f,0f,1f],start_interpolation:0}
execute if entity @s[tag=aj.axia.bone.ear_right_2] run data modify entity @s {} merge value {transformation:[-0.9946851546143807f,0.09834580790232712f,0.030488444660292293f,0.14631457057053443f,0.0980348827043776f,0.9951161366461803f,-0.01153413887205007f,2.358856035586268f,-0.03147387746853033f,-0.008483905611178205f,-0.9994685679813431f,-0.2167560739340919f,0f,0f,0f,1f],start_interpolation:0}
execute if entity @s[tag=aj.axia.bone.ear_right_1] run data modify entity @s {} merge value {transformation:[-0.9946851546143807f,0.10253562012161407f,0.009374955788758929f,0.1232440560431713f,0.0980348827043776f,0.9709723791969402f,-0.21817836879437003f,2.140387250266957f,-0.03147387746853033f,-0.21609971180663165f,-0.9758638786194449f,-0.16813363877759985f,0f,0f,0f,1f],start_interpolation:0}
execute if entity @s[tag=aj.axia.bone.ear_edge_a3] run data modify entity @s {} merge value {transformation:[-0.9843678938267777f,-0.1755413570877571f,0.014320668797993236f,-0.1994131382999818f,-0.1744058752650241f,0.9602033732629653f,-0.21815607405585374f,2.2456544496682205f,0.024544658809487f,-0.21724344391997386f,-0.9758088162123332f,-0.16374454853223583f,0f,0f,0f,1f],start_interpolation:0}
execute if entity @s[tag=aj.axia.bone.ear_edge_a4] run data modify entity @s {} merge value {transformation:[-0.9997094098773602f,-0.019391086814254554f,0.014320668797993236f,-0.08445700936374395f,-0.022049748504337108f,0.9756647661689093f,-0.21815607405585374f,2.2580263975030035f,-0.009741888603102464f,-0.21840844720094896f,-0.9758088162123332f,-0.1648234144963201f,0f,0f,0f,1f],start_interpolation:0}
execute if entity @s[tag=aj.axia.bone.ear_edge_b3] run data modify entity @s {} merge value {transformation:[-0.9652207542200586f,-0.2613099621248022f,-0.00812399638081312f,-0.06126248177564103f,-0.26120885754579637f,0.9652112985260599f,-0.011708199573687988f,2.2449083863017933f,0.010900842283095676f,-0.009178937409735712f,-0.9998984542170006f,-0.18821753580944794f,0f,0f,0f,1f],start_interpolation:0}
execute if entity @s[tag=aj.axia.bone.ear_edge_b4] run data modify entity @s {} merge value {transformation:[-0.9987287070603472f,0.04974907412576943f,-0.00812399638081312f,-0.09056352104052848f,0.049842308324321044f,0.9986884711278319f,-0.011708199573687988f,2.2543263687559594f,0.007530869436531588f,-0.012098233754672071f,-0.9998984542170006f,-0.1880897489144405f,0f,0f,0f,1f],start_interpolation:0}
execute if entity @s[tag=aj.axia.bone.ear_left_2] run data modify entity @s {} merge value {transformation:[-0.9942151691782732f,-0.10709901053988115f,-0.00812399638081312f,-0.15068864746230098f,-0.10700062992244855f,0.9941900136588288f,-0.011708199573687988f,2.3575171772513475f,0.009330732662350313f,-0.010771196889692497f,-0.9998984542170006f,-0.2200627179051993f,0f,0f,0f,1f],start_interpolation:0}
execute if entity @s[tag=aj.axia.bone.ear_left_1] run data modify entity @s {} merge value {transformation:[-0.9942151691782732f,-0.10644771402428152f,0.014320668797993236f,-0.1267379118068377f,-0.10700062992244855f,0.9700303049640955f,-0.21815607405585374f,2.1392603586344263f,0.009330732662350313f,-0.2184263986570046f,-0.9758088162123332f,-0.17091677820737333f,0f,0f,0f,1f],start_interpolation:0}
execute if entity @s[tag=aj.axia.bone.head] run data modify entity @s {} merge value {transformation:[-0.9999278714000361f,-0.002248121810152312f,0.01179821790437654f,-0.0009634597636419073f,-0.004507566530121949f,0.9807640245404565f,-0.19514509989026976f,1.6432805262452785f,-0.011132557719093942f,-0.19518420559956573f,-0.9807034169630987f,-0.0388463213426123f,0f,0f,0f,1f],start_interpolation:0}
execute if entity @s[tag=aj.axia.bone.body_1] run data modify entity @s {} merge value {transformation:[-0.9999964407802652f,-0.002635666639228269f,0.00041435271012312794f,0.000024915226068693535f,-0.0026635347953407797f,0.9952154535874081f,-0.09766834964922665f,1.2700747311500005f,-0.000154949009471412f,-0.09766910566897007f,-0.9952189315867278f,-0.002220406716748528f,0f,0f,0f,1f],start_interpolation:0}
execute if entity @s[tag=aj.axia.bone.leg_left_2] run data modify entity @s {} merge value {transformation:[-0.9927010856692606f,-0.11797041056543288f,0.02505068346561746f,0.1659089021220129f,-0.11998957109863675f,0.987014339248353f,-0.10679511667535484f,0.6696716837239975f,-0.012126720027961137f,-0.10902144903256725f,-0.9939654251090441f,0.007076449658669652f,0f,0f,0f,1f],start_interpolation:0}
execute if entity @s[tag=aj.axia.bone.leg_left_1] run data modify entity @s {} merge value {transformation:[-0.9927010856692606f,-0.1180748446346278f,0.024553728343774225f,0.12532381601482656f,-0.11998957109863675f,0.9874552672154091f,-0.10263819014436264f,1.0090738005024482f,-0.012126720027961137f,-0.10483523412027869f,-0.9944156657798134f,-0.028865287317730817f,0f,0f,0f,1f],start_interpolation:0}
execute if entity @s[tag=aj.axia.bone.leg_right_2] run data modify entity @s {} merge value {transformation:[-0.9921711771294566f,0.1146178072023168f,0.049589449943319125f,-0.1266656205668925f,0.12303533315230396f,0.8290148650694701f,0.5455242068780726f,0.9627926663257922f,0.021416397214517775f,0.5473546489854463f,-0.8366266946281175f,0.2989585854269566f,0f,0f,0f,1f],start_interpolation:0}
execute if entity @s[tag=aj.axia.bone.leg_right_1] run data modify entity @s {} merge value {transformation:[-0.9916913536044197f,0.054662053476856404f,-0.11644878314489608f,-0.12467957945505033f,0.12796387582413898f,0.5118684996708169f,-0.8494797734665679f,1.011896434393623f,0.013172155112132886f,-0.8573229840348621f,-0.5146103335294208f,-0.028548086358195404f,0f,0f,0f,1f],start_interpolation:0}
execute if entity @s[tag=aj.axia.bone.coat_downer] run data modify entity @s {} merge value {transformation:[-0.9999993446074683f,-0.0011392014399751928f,-0.00011403820852255471f,-0.007558003642044191f,-0.001144895031801862f,0.9950263226822988f,0.09960575477705955f,1.0695444682889808f,-3.674073514840522e-16f,0.09960582005797011f,-0.995026974815547f,-0.022679868606788535f,0f,0f,0f,1f],start_interpolation:0}
execute if entity @s[tag=aj.axia.bone.body_2] run data modify entity @s {} merge value {transformation:[-0.9999993446074683f,-0.0011389817631402759f,-0.00011621177684922877f,0f,-0.001144895031801862f,0.994834447720105f,0.10150424052619651f,1.2918367346938777f,-3.674073514840522e-16f,0.10150430705136128f,-0.9948350997275995f,0f,0f,0f,0f,1f],start_interpolation:0}