execute if entity @s[tag=aj.axia.bone.wing_right_1] run data modify entity @s {} merge value {transformation:[0.3467282438613613f,0.6712381175956594f,-0.31010217483903024f,-0.2698951455419665f,-0.5089450108089711f,0.4651116019002996f,0.43771065579311375f,1.362901322085552f,0.5363757501285056f,0.007418335987083154f,0.6157844325814924f,-0.31507102383193847f,0f,0f,0f,1f],start_interpolation:0}
execute if entity @s[tag=aj.axia.bone.wing_right_2] run data modify entity @s {} merge value {transformation:[0.6048930400889909f,0.42641064115308247f,-0.30377355902598885f,-0.2698951455419665f,-0.23184499680252352f,0.6343480971197133f,0.4287777852667237f,1.362901322085552f,0.4694169868140016f,-0.23617039778942683f,0.6032174033451354f,-0.31507102383193847f,0f,0f,0f,1f],start_interpolation:0}
execute if entity @s[tag=aj.axia.bone.wing_left_1] run data modify entity @s {} merge value {transformation:[-0.16058297059792206f,0.6384156835879652f,-0.4833042198732624f,-0.2537995387373322f,0.48821819068782285f,0.4687662995119491f,0.4569962791619057f,1.3611091157021633f,0.6346657012001673f,-0.19906786741016058f,-0.47383106306922873f,-0.2138134285029425f,0f,0f,0f,1f],start_interpolation:0}
execute if entity @s[tag=aj.axia.bone.wing_left_2] run data modify entity @s {} merge value {transformation:[-0.42830340353489227f,0.4820891396871696f,-0.47344086844727745f,-0.2537995387373322f,0.21218217341760842f,0.6281484327205082f,0.44766982448513215f,1.3611091157021633f,0.6415098750636716f,0.11410349629373326f,-0.4641610413739384f,-0.2138134285029425f,0f,0f,0f,1f],start_interpolation:0}
execute if entity @s[tag=aj.axia.bone.blade] run data modify entity @s {} merge value {transformation:[-0.7787462201190412f,0.5279111637059368f,-1.76489776697829f,0.49376851900887825f,1.5994873432581966f,-0.7568114499577435f,-0.9321355416299155f,0.7156700635500672f,-0.9138897982837675f,-1.7744143350546702f,-0.12751158435747464f,-0.28119424426231787f,0f,0f,0f,1f],start_interpolation:0}
execute if entity @s[tag=aj.axia.bone.arm_right_2] run data modify entity @s {} merge value {transformation:[0.4037811862070602f,0.8824488834891445f,0.24133943253016554f,0.3756006454687077f,-0.6809383355496146f,0.466067770814958f,-0.5648927475074331f,0.9503434460341931f,-0.610969505658131f,0.06375579217873736f,0.789082671283258f,-0.04253502121996421f,0f,0f,0f,1f],start_interpolation:0}
execute if entity @s[tag=aj.axia.bone.arm_right_1] run data modify entity @s {} merge value {transformation:[0.5588555780890152f,0.8285715704809121f,-0.033905684325613465f,0.1784666799830593f,-0.8282532515436961f,0.5556879270019619f,-0.07216286504537839f,1.2432713933920945f,-0.04095111898456817f,0.06841111294999806f,0.9968163950692503f,-0.03430425979772139f,0f,0f,0f,1f],start_interpolation:0}
execute if entity @s[tag=aj.axia.bone.arm_left_2] run data modify entity @s {} merge value {transformation:[-0.5642142931769814f,0.7517914383252686f,0.3412797454224663f,0.3765225580890247f,0.6931848583908017f,0.6558893686531715f,-0.2988375615371471f,1.0387338831694082f,-0.44850527697288445f,0.06796152844490715f,-0.8911925982518644f,-0.5989378402214316f,0f,0f,0f,1f],start_interpolation:0}
execute if entity @s[tag=aj.axia.bone.arm_left_1] run data modify entity @s {} merge value {transformation:[-0.651868141791489f,0.7517914383252686f,0.09938590935406891f,0.11984947725862585f,0.7547794866826456f,0.6558893686531715f,-0.010819545777251666f,1.3359283060507f,-0.07332020322116777f,0.06796152844490715f,-0.9949901398762901f,-0.6278076702397664f,0f,0f,0f,1f],start_interpolation:0}
execute if entity @s[tag=aj.axia.bone.ear_edge_a1] run data modify entity @s {} merge value {transformation:[-0.3821881030540348f,0.8892045346765872f,-0.25149065468631787f,0.7310043084989244f,0.7568968567459007f,0.4573542127758039f,0.4668343092622904f,1.522767124887418f,0.5301314951331736f,-0.011933966935547283f,-0.8478314563054664f,-0.3815935531391425f,0f,0f,0f,1f],start_interpolation:0}
execute if entity @s[tag=aj.axia.bone.ear_edge_a2] run data modify entity @s {} merge value {transformation:[-0.5165849689941225f,0.8184695598583915f,-0.25149065468631787f,0.6797494936916088f,0.6760322388315556f,0.5701281783564065f,0.4668343092622904f,1.6063813062800336f,0.5254715804586737f,0.07114379684284783f,-0.8478314563054664f,-0.3203501595843229f,0f,0f,0f,1f],start_interpolation:0}
execute if entity @s[tag=aj.axia.bone.ear_edge_b1] run data modify entity @s {} merge value {transformation:[-0.29799603515468287f,0.9522049716848492f,-0.0671122561887561f,0.6548322779386607f,0.7769539717621248f,0.28279383426182514f,0.5624679307005462f,1.629215091709737f,0.5545636922799296f,0.11547007925065049f,-0.8240908760583998f,-0.3310788054445889f,0f,0f,0f,1f],start_interpolation:0}
execute if entity @s[tag=aj.axia.bone.ear_edge_b2] run data modify entity @s {} merge value {transformation:[-0.5776585894429148f,0.8135149040503667f,-0.0671122561887561f,0.6784729765498027f,0.6515390370144134f,0.50904489996441f,0.5624679307005462f,1.6138871889444941f,0.4917391964132544f,0.281188176686266f,-0.8240908760583998f,-0.34346583055138546f,0f,0f,0f,1f],start_interpolation:0}
execute if entity @s[tag=aj.axia.bone.ear_right_2] run data modify entity @s {} merge value {transformation:[-0.4432848848200266f,0.8938648980463161f,-0.0671122561887561f,0.7956138033761899f,0.7231496769091103f,0.4008545518260891f,0.5624679307005462f,1.6402802159095797f,0.5296725929065477f,0.20080132549601f,-0.8240908760583998f,-0.3729120416709953f,0f,0f,0f,1f],start_interpolation:0}
execute if entity @s[tag=aj.axia.bone.ear_right_1] run data modify entity @s {} merge value {transformation:[-0.4432848848200266f,0.8603783827453729f,-0.25149065468631787f,0.6020286672584814f,0.7231496769091103f,0.5090385766146308f,0.4668343092622904f,1.525746536171288f,0.5296725929065477f,0.025075207329299742f,-0.8478314563054664f,-0.3785539633200877f,0f,0f,0f,1f],start_interpolation:0}
execute if entity @s[tag=aj.axia.bone.ear_edge_a3] run data modify entity @s {} merge value {transformation:[-0.6632652025879617f,0.70486290982105f,-0.25149065468631787f,0.5218341051507074f,0.5548260375759929f,0.6886463502577522f,0.4668343092622904f,1.7852115048143948f,0.5022423111045835f,0.17010138928086227f,-0.8478314563054664f,-0.17504024481178693f,0f,0f,0f,1f],start_interpolation:0}
execute if entity @s[tag=aj.axia.bone.ear_edge_a4] run data modify entity @s {} merge value {transformation:[-0.5448344550940453f,0.7999424148948612f,-0.25149065468631787f,0.5926521942776846f,0.6557232317768869f,0.5933740565643859f,0.4668343092622904f,1.7156616740002313f,0.5226685946663048f,0.08943915165352764f,-0.8478314563054664f,-0.23434252057861338f,0f,0f,0f,1f],start_interpolation:0}
execute if entity @s[tag=aj.axia.bone.ear_edge_b3] run data modify entity @s {} merge value {transformation:[-0.7277919056500329f,0.6798425700806614f,-0.0901832688275103f,0.5919488254471382f,0.5100949278982728f,0.6245250199672612f,0.5914149676558311f,1.708114516353557f,0.4583907793605252f,0.38442499832999066f,-0.8013085011755696f,-0.26898207778808353f,0f,0f,0f,1f],start_interpolation:0}
execute if entity @s[tag=aj.axia.bone.ear_edge_b4] run data modify entity @s {} merge value {transformation:[-0.4820883267208659f,0.8714687735444462f,-0.0901832688275103f,0.5845393577342265f,0.6781179496889959f,0.4363305883641948f,0.5914149676558311f,1.7317450384361393f,0.5547493952669694f,0.223959358801312f,-0.8013085011755696f,-0.2507074002446656f,0f,0f,0f,1f],start_interpolation:0}
execute if entity @s[tag=aj.axia.bone.ear_left_2] run data modify entity @s {} merge value {transformation:[-0.6124807708279101f,0.7853243173298752f,-0.0901832688275103f,0.637948940454345f,0.6015120502846595f,0.5370396534661079f,0.5914149676558311f,1.8381012082089028f,0.5128845471725528f,0.3079839723351988f,-0.8013085011755696f,-0.21721969867856925f,0f,0f,0f,1f],start_interpolation:0}
execute if entity @s[tag=aj.axia.bone.ear_left_1] run data modify entity @s {} merge value {transformation:[-0.6124807708279101f,0.749412940888731f,-0.25149065468631787f,0.4693310287543808f,0.6015120502846595f,0.6482661344370422f,0.4668343092622904f,1.6922413279605686f,0.5128845471725528f,0.13465237825808432f,-0.8478314563054664f,-0.24751648378663818f,0f,0f,0f,1f],start_interpolation:0}
execute if entity @s[tag=aj.axia.bone.head] run data modify entity @s {} merge value {transformation:[-0.5307905540164024f,0.8093292521418018f,-0.25149065468631787f,0.12875768924270495f,0.6659791671571218f,0.5818397344701601f,0.4668343092622904f,1.2962124959855246f,0.5241499181337982f,0.08030370489140244f,-0.8478314563054664f,-0.3276961393006609f,0f,0f,0f,1f],start_interpolation:0}
execute if entity @s[tag=aj.axia.bone.body_1] run data modify entity @s {} merge value {transformation:[0.1569621157810389f,0.7357123771020555f,-0.6588552135244761f,-0.14713445217056584f,-0.017477347034346807f,0.6690892472167307f,0.7429765282965468f,1.0453040282792505f,0.9874499666059954f,-0.105104126644921f,0.11787996442155753f,-0.2882820918088155f,0f,0f,0f,1f],start_interpolation:0}
execute if entity @s[tag=aj.axia.bone.leg_left_2] run data modify entity @s {} merge value {transformation:[0.008961977249690889f,-0.22449049437902274f,-0.9744350675633745f,0.062415120269109364f,0.023393397508084297f,0.9742545713208386f,-0.22423376020010355f,0.8397773886288771f,0.9996861667127366f,-0.020785769023801012f,0.013982842675379522f,-0.4103904255896531f,0f,0f,0f,1f],start_interpolation:0}
execute if entity @s[tag=aj.axia.bone.leg_left_1] run data modify entity @s {} merge value {transformation:[0.008961977249690889f,-0.9970674692321473f,-0.07600095238072602f,-0.24219432278768163f,0.023393397508084297f,0.07619225657620682f,-0.9968186841100312f,0.7760189588460662f,0.9996861667127366f,0.00715554587902558f,0.024007628920165783f,-0.40616767115763186f,0f,0f,0f,1f],start_interpolation:0}
execute if entity @s[tag=aj.axia.bone.leg_right_2] run data modify entity @s {} merge value {transformation:[-0.0018572112765497598f,0.13169251751426964f,-0.9912888739398968f,0.023414324666878122f,0.16014287754784517f,0.978535957178915f,0.1296982624349331f,0.5479122750353121f,0.9870920977988683f,-0.15850697567835514f,-0.022906966720437322f,-0.11738508245715462f,0f,0f,0f,1f],start_interpolation:0}
execute if entity @s[tag=aj.axia.bone.leg_right_1] run data modify entity @s {} merge value {transformation:[-0.0018572112765497598f,-0.6533222019870548f,-0.7570777048342269f,-0.23912822971431788f,0.16014287754784517f,0.7471136862920484f,-0.6451165774693769f,0.7848802705867786f,0.9870920977988683f,-0.12243871996183663f,0.10323734942905517f,-0.15632403635278153f,0f,0f,0f,1f],start_interpolation:0}
execute if entity @s[tag=aj.axia.bone.coat_downer] run data modify entity @s {} merge value {transformation:[0.008961977249690889f,0.4666697564299386f,-0.8843862399412364f,-0.22490488434585698f,0.023393397508084297f,0.8840818591090205f,0.4667462001423971f,0.8378786605445881f,0.9996861667127366f,-0.024871767688681164f,-0.0029938696089669707f,-0.2749160361711059f,0f,0f,0f,1f],start_interpolation:0}
execute if entity @s[tag=aj.axia.bone.body_2] run data modify entity @s {} merge value {transformation:[0.008961977249690889f,0.26419160350112925f,-0.9644285767247248f,-0.16594458838583664f,0.023393397508084297f,0.9641479563812012f,0.2643321152621869f,1.0531227086304809f,0.9996861667127366f,-0.024930199466819826f,0.002460332851424163f,-0.28829642579191667f,0f,0f,0f,1f],start_interpolation:0}