execute if entity @s[tag=aj.axia.bone.wing_right_1] run data modify entity @s {} merge value {transformation:[-0.10519165456707134f,0.8063362615811982f,-0.07550492376754811f,0.07047591789429096f,-0.5156290825711625f,-0.007969706368085078f,0.6332515909428671f,1.0632521187792225f,0.6245044511136066f,0.12923916389433895f,0.5101331919211182f,-0.3757980294350802f,0f,0f,0f,1f],start_interpolation:0}
execute if entity @s[tag=aj.axia.bone.wing_right_2] run data modify entity @s {} merge value {transformation:[0.2733242580492795f,0.7482133222797014f,-0.0739640069559655f,0.07047591789429096f,-0.45163942825050374f,0.22630706736504108f,0.6203280890868903f,1.0632521187792225f,0.6010953974298658f,-0.17018206610511627f,0.49972231045334026f,-0.3757980294350802f,0f,0f,0f,1f],start_interpolation:0}
execute if entity @s[tag=aj.axia.bone.wing_left_1] run data modify entity @s {} merge value {transformation:[0.06853151067494095f,0.8128004340660354f,-0.04004161424216879f,0.06716467740744496f,0.6127823723322533f,-0.02510045261755285f,0.5392700398517372f,1.0720272590905584f,0.5354863589746336f,-0.07529851329808683f,-0.6119876940687868f,-0.27102461266848615f,0f,0f,0f,1f],start_interpolation:0}
execute if entity @s[tag=aj.axia.bone.wing_left_2] run data modify entity @s {} merge value {transformation:[-0.3081024792333883f,0.7372477912609865f,-0.039224438441308206f,0.06716467740744496f,0.5438054221979618f,0.2553668936325023f,0.5282645288343548f,1.0720272590905584f,0.49934810010486225f,0.17678643589733606f,-0.5994981492918728f,-0.27102461266848615f,0f,0f,0f,1f],start_interpolation:0}
execute if entity @s[tag=aj.axia.bone.blade] run data modify entity @s {} merge value {transformation:[0.27810311381672537f,0.3436604625830293f,-1.9505271452975623f,0.3551260610561562f,1.8302903930762435f,-0.7971925202769516f,0.12050378677574063f,0.17146454096520303f,-0.7567666318610067f,-1.8017717869007976f,-0.42535008267314f,-0.27617133373193037f,0f,0f,0f,1f],start_interpolation:0}
execute if entity @s[tag=aj.axia.bone.arm_right_2] run data modify entity @s {} merge value {transformation:[0.09696534939485855f,0.9752635726487809f,-0.19864210248854125f,0.33526515145804847f,-0.7480079666484788f,-0.06025189338786997f,-0.6609491592956185f,0.416528086842671f,-0.6565682012153347f,0.21267504133657003f,0.7236625760292889f,-0.020157915570647077f,0f,0f,0f,1f],start_interpolation:0}
execute if entity @s[tag=aj.axia.bone.arm_right_1] run data modify entity @s {} merge value {transformation:[0.06762477077023843f,0.9735279472382218f,-0.21833512389078902f,0.3127497488041255f,-0.9927017687350057f,0.043753382588895634f,-0.11237811113566964f,0.7677782621218179f,-0.09985033164022947f,0.22434120766850477f,0.969381727604338f,0.00904309699228184f,0f,0f,0f,1f],start_interpolation:0}
execute if entity @s[tag=aj.axia.bone.arm_left_2] run data modify entity @s {} merge value {transformation:[-0.003899624091288259f,0.9694311409733573f,0.24533254134549834f,0.4470806648734943f,0.7709306368397469f,0.15917091501203778f,-0.6167094721147822f,0.3899207722028575f,-0.6369071722895013f,0.18672943722221405f,-0.7479848736176858f,-0.4678259226829944f,0f,0f,0f,1f],start_interpolation:0}
execute if entity @s[tag=aj.axia.bone.arm_left_1] run data modify entity @s {} merge value {transformation:[-0.09748748187537475f,0.9694311409733573f,0.22516539207589717f,0.40869496888506546f,0.9482515339230815f,0.15917091501203778f,-0.2747428765714486f,0.7632948136850708f,-0.3021840817947262f,0.18672943722221405f,-0.9347817381531115f,-0.5868109048896678f,0f,0f,0f,1f],start_interpolation:0}
execute if entity @s[tag=aj.axia.bone.ear_edge_a1] run data modify entity @s {} merge value {transformation:[0.06784165859682617f,0.971307312973456f,0.2279465137331902f,0.9635127608620804f,0.922102196859115f,-0.14828134543538574f,0.3574075840598036f,0.6076975034933231f,0.3809528158531253f,0.18594285778204941f,-0.9057042595314532f,-0.20503273486706725f,0f,0f,0f,1f],start_interpolation:0}
execute if entity @s[tag=aj.axia.bone.ear_edge_a2] run data modify entity @s {} merge value {transformation:[-0.08493952469194561f,0.9699616817287114f,0.2279465137331902f,0.963503675818635f,0.9339459016235405f,-0.002207192136213218f,0.3574075840598036f,0.7152518306282578f,0.34717478304983174f,0.2432477426018233f,-0.9057042595314532f,-0.16259210272034458f,0f,0f,0f,1f],start_interpolation:0}
execute if entity @s[tag=aj.axia.bone.ear_edge_b1] run data modify entity @s {} merge value {transformation:[0.14149617957718355f,0.893873994582296f,0.42540347080689195f,0.9596151048207169f,0.894331002053205f,-0.29967362153279176f,0.3322164645587742f,0.7457434471992243f,0.4244418569504795f,0.3334441517959336f,-0.8418218978510346f,-0.18026959050585864f,0f,0f,0f,1f],start_interpolation:0}
execute if entity @s[tag=aj.axia.bone.ear_edge_b2] run data modify entity @s {} merge value {transformation:[-0.14165139153799947f,0.8938494114227504f,0.42540347080689195f,0.9709298622157434f,0.9431635690469938f,-0.008643072289712922f,0.3322164645587742f,0.7176305844658684f,0.3006282842612858f,0.44828398030779154f,-0.8418218978510346f,-0.1856462845670059f,0f,0f,0f,1f],start_interpolation:0}
execute if entity @s[tag=aj.axia.bone.ear_right_2] run data modify entity @s {} merge value {transformation:[-0.00007857334871565202f,0.9050038015675281f,0.42540347080689195f,1.0832123173714856f,0.9301995860318676f,-0.15607995009677167f,0.3322164645587742f,0.6658845619930771f,0.36705411586354747f,0.3957362358012093f,-0.8418218978510346f,-0.18644875182123405f,0f,0f,0f,1f],start_interpolation:0}
execute if entity @s[tag=aj.axia.bone.ear_right_1] run data modify entity @s {} merge value {transformation:[-0.00007857334871565202f,0.973673652053455f,0.2279465137331902f,0.8641357456594585f,0.9301995860318676f,-0.08359754184589638f,0.3574075840598036f,0.6846940089084038f,0.36705411586354747f,0.21206383542275684f,-0.9057042595314532f,-0.23416311479135427f,0f,0f,0f,1f],start_interpolation:0}
execute if entity @s[tag=aj.axia.bone.ear_edge_a3] run data modify entity @s {} merge value {transformation:[-0.2684563604311372f,0.935933528313283f,0.2279465137331902f,0.9233745569357403f,0.917207837017319f,0.17603863942483028f,0.3574075840598036f,0.9756994522461596f,0.29438234705579386f,0.3050226680240385f,-0.9057042595314532f,-0.06991432011671714f,0f,0f,0f,1f],start_interpolation:0}
execute if entity @s[tag=aj.axia.bone.ear_edge_a4] run data modify entity @s {} merge value {transformation:[-0.11873895634153585f,0.9664064606177912f,0.2279465137331902f,0.9467903528436139f,0.9334539969093247f,0.030388394339624855f,0.3574075840598036f,0.8684857779227239f,0.33847406976152333f,0.25521578784560345f,-0.9057042595314532f,-0.10632955271337981f,0f,0f,0f,1f],start_interpolation:0}
execute if entity @s[tag=aj.axia.bone.ear_edge_b3] run data modify entity @s {} merge value {transformation:[-0.33833724438533264f,0.8416096785254947f,0.4209763153360916f,0.9475482387026247f,0.9103809271830228f,0.17950502319265044f,0.3728062688179821f,0.8563769537444288f,0.2381900008042292f,0.5093830539592171f,-0.8269186343625721f,-0.13964854468443952f,0f,0f,0f,1f],start_interpolation:0}
execute if entity @s[tag=aj.axia.bone.ear_edge_b4] run data modify entity @s {} merge value {transformation:[-0.06170614768320237f,0.9049703272837988f,0.4209763153360916f,0.9529047004708746f,0.9212938158504356f,-0.11060375583929272f,0.3728062688179821f,0.8828919564213729f,0.383940172701219f,0.4108473146195501f,-0.8269186343625721f,-0.12496765317993883f,0f,0f,0f,1f],start_interpolation:0}
execute if entity @s[tag=aj.axia.bone.ear_left_2] run data modify entity @s {} merge value {transformation:[-0.20251499163566433f,0.8841756726402585f,0.4209763153360916f,1.0529576046128033f,0.9272533995540392f,0.034880065158935075f,0.3728062688179821f,0.9432709959895921f,0.31494255218735284f,0.4658505779385209f,-0.8269186343625721f,-0.08460142367016857f,0f,0f,0f,1f],start_interpolation:0}
execute if entity @s[tag=aj.axia.bone.ear_left_1] run data modify entity @s {} merge value {transformation:[-0.20251499163566433f,0.9523802103360246f,0.2279465137331902f,0.8386720572871981f,0.9272533995540392f,0.11162863374605791f,0.3574075840598036f,0.9181545533967291f,0.31494255218735284f,0.28374457367198613f,-0.9057042595314532f,-0.14844395274636535f,0f,0f,0f,1f],start_interpolation:0}
execute if entity @s[tag=aj.axia.bone.head] run data modify entity @s {} merge value {transformation:[-0.1018547534890417f,0.9683315527589558f,0.2279465137331902f,0.3480106521302011f,0.9338421779533012f,0.01409274749540912f,0.3574075840598036f,0.7830327610593004f,0.3428766481799557f,0.24926973021098955f,-0.9057042595314532f,-0.2907510123916341f,0f,0f,0f,1f],start_interpolation:0}
execute if entity @s[tag=aj.axia.bone.body_1] run data modify entity @s {} merge value {transformation:[-0.03147795086344767f,0.9947173972180225f,-0.09770587639052403f,-0.02500837182655734f,0.08341992574607415f,0.10002786357555005f,0.9914814887313987f,0.7455223122184692f,0.9960171959348675f,0.023059188630852313f,-0.08612792358886237f,-0.2993982081282037f,0f,0f,0f,1f],start_interpolation:0}
execute if entity @s[tag=aj.axia.bone.leg_left_2] run data modify entity @s {} merge value {transformation:[-0.012963586950521327f,-0.24615353014359542f,-0.9691441507903875f,0.06852637947697046f,0.06127221522194317f,0.9672086496571414f,-0.2464815280506934f,0.4832760870733023f,0.9980369036539534f,-0.06257689370889848f,0.002543878647472752f,-0.40732913390456504f,0f,0f,0f,1f],start_interpolation:0}
execute if entity @s[tag=aj.axia.bone.leg_left_1] run data modify entity @s {} merge value {transformation:[-0.012963586950521327f,-0.9268110768291404f,-0.37530410773156275f,-0.2334612859804022f,0.06127221522194317f,0.3738940110472798f,-0.9254452896550786f,0.5542526439131193f,0.9980369036539534f,-0.03499280454300168f,0.05194076024706538f,-0.4156091225455548f,0f,0f,0f,1f],start_interpolation:0}
execute if entity @s[tag=aj.axia.bone.leg_right_2] run data modify entity @s {} merge value {transformation:[-0.0712366785754337f,0.3302080689979992f,-0.9412162168142622f,0.0651514249388406f,0.18362210076514274f,0.9318279905702697f,0.31301680482103394f,0.4222256200734247f,0.980412290690062f,-0.15052982149190958f,-0.1270138303708604f,-0.11640132805903751f,0f,0f,0f,1f],start_interpolation:0}
execute if entity @s[tag=aj.axia.bone.leg_right_1] run data modify entity @s {} merge value {transformation:[-0.0712366785754337f,-0.7570163916009752f,-0.6495009764988643f,-0.23462454339576852f,0.18362210076514274f,0.6300739035250704f,-0.7545129556258633f,0.5719021243094925f,0.980412290690062f,-0.17301173065465317f,0.09412056799523474f,-0.16621604265173834f,0f,0f,0f,1f],start_interpolation:0}
execute if entity @s[tag=aj.axia.bone.coat_downer] run data modify entity @s {} merge value {transformation:[-0.012963586950521327f,0.810737196617819f,-0.5852667284526389f,-0.19466904558812034f,0.06127221522194317f,0.584860056681194f,0.8088166848802429f,0.6078531785195878f,0.9980369036539534f,-0.0253754235265152f,-0.057257548198275346f,-0.2853221936626152f,0f,0f,0f,1f],start_interpolation:0}
execute if entity @s[tag=aj.axia.bone.body_2] run data modify entity @s {} merge value {transformation:[-0.012963586950521327f,0.6648445831244794f,-0.7468692159296784f,-0.046016556023193544f,0.06127221522194317f,0.7460565090839636f,0.663057615064668f,0.7740714905866144f,0.9980369036539534f,-0.03716672629499104f,-0.05040806881185855f,-0.30142379737894875f,0f,0f,0f,1f],start_interpolation:0}