execute if entity @s[tag=aj.axia.bone.wing_right_1] run data modify entity @s {} merge value {transformation:[0.06192282247033287f,0.7952238098612657f,-0.17529717833292607f,-0.038542990845255386f,-0.5404512644757363f,0.1716364491054113f,0.5877055423505104f,1.1595826065281f,0.6091161130920194f,0.07144554578602925f,0.5392750125895425f,-0.36037848475384887f,0f,0f,0f,1f],start_interpolation:0}
execute if entity @s[tag=aj.axia.bone.wing_right_2] run data modify entity @s {} merge value {transformation:[0.4135050178942793f,0.6629675331378864f,-0.17171968489756026f,-0.038542990845255386f,-0.3919672496716774f,0.3935960930130947f,0.575711551690296f,1.1595826065281f,0.5615828303652747f,-0.21343890359981918f,0.5282694000877151f,-0.36037848475384887f,0f,0f,0f,1f],start_interpolation:0}
execute if entity @s[tag=aj.axia.bone.wing_left_1] run data modify entity @s {} merge value {transformation:[-0.02076640326895965f,0.7879668227267157f,-0.2135918706825709f,-0.03498427818315891f,0.579097782622126f,0.1648220252457635f,0.5517462302548758f,1.1629242931019628f,0.5754641249477263f,-0.1374279109944338f,-0.5629378781200445f,-0.2579502178107269f,0f,0f,0f,1f],start_interpolation:0}
execute if entity @s[tag=aj.axia.bone.wing_left_2] run data modify entity @s {} merge value {transformation:[-0.3744613345322367f,0.675277959215313f,-0.20923285291353885f,-0.03498427818315891f,0.42862987598448166f,0.40515577468664465f,0.5404861031068171f,1.1629242931019628f,0.5621878141278627f,0.1408846195866217f,-0.5514493499951456f,-0.2579502178107269f,0f,0f,0f,1f],start_interpolation:0}
execute if entity @s[tag=aj.axia.bone.blade] run data modify entity @s {} merge value {transformation:[-0.024295690816448674f,0.30911129106280866f,-1.9758187996740078f,0.39459337981849346f,1.8355208033001285f,-0.7809677393872505f,-0.14475071913058157f,0.3184228557840779f,-0.7938974115464821f,-1.815086664535292f,-0.2742030272734869f,-0.2955093336450636f,0f,0f,0f,1f],start_interpolation:0}
execute if entity @s[tag=aj.axia.bone.arm_right_2] run data modify entity @s {} merge value {transformation:[0.14520888638590687f,0.9879093998370037f,-0.05430835136750269f,0.36187502558962836f,-0.7417608774553335f,0.0723753595652911f,-0.6667477844016347f,0.5638151934228137f,-0.6547558170732497f,0.1371015136367435f,0.7433020886337233f,-0.04113642342961325f,0f,0f,0f,1f],start_interpolation:0}
execute if entity @s[tag=aj.axia.bone.arm_right_1] run data modify entity @s {} merge value {transformation:[0.19058184936607225f,0.9733201214615922f,-0.12777519262438708f,0.2953744049861365f,-0.9770568979008897f,0.17546684134421386f,-0.12071124990229985f,0.9095928558059547f,-0.09507037896473737f,0.1478490065799427f,0.9844299336655837f,-0.013717382943100265f,0f,0f,0f,1f],start_interpolation:0}
execute if entity @s[tag=aj.axia.bone.arm_left_2] run data modify entity @s {} merge value {transformation:[-0.19751082955081578f,0.9374411372738573f,0.28669423844375674f,0.45444467247762366f,0.8021738436875812f,0.3226590979591602f,-0.502402459197478f,0.5842631428249438f,-0.5634772370856173f,0.1307486927310485f,-0.815719426417859f,-0.5321091575059287f,0f,0f,0f,1f],start_interpolation:0}
execute if entity @s[tag=aj.axia.bone.arm_left_1] run data modify entity @s {} merge value {transformation:[-0.29218934807827646f,0.9374411372738573f,0.189286816805315f,0.33939511667180233f,0.9333730932132173f,0.3226590979591602f,-0.15718070928002623f,0.9517787982776482f,-0.2084227764309431f,0.1307486927310485f,-0.9692598854868281f,-0.6141756257256126f,0f,0f,0f,1f],start_interpolation:0}
execute if entity @s[tag=aj.axia.bone.ear_edge_a1] run data modify entity @s {} merge value {transformation:[-0.10713934737063521f,0.993408438808892f,0.04075333051756927f,0.9458969519833262f,0.8987486940874497f,0.07923900067438938f,0.43124467028385177f,0.9171722187536057f,0.4251728414669711f,0.08283027511365626f,-0.9013141518934993f,-0.29795059216612924f,0f,0f,0f,1f],start_interpolation:0}
execute if entity @s[tag=aj.axia.bone.ear_edge_a2] run data modify entity @s {} merge value {transformation:[-0.2612236019084687f,0.9644176459696762f,0.04075333051756927f,0.9255267140257769f,0.8752878955944597f,0.218858708251681f,0.43124467028385177f,1.02019778845446f,0.40698074847809235f,0.1483221829825664f,-0.9013141518934993f,-0.24957781037339746f,0f,0f,0f,1f],start_interpolation:0}
execute if entity @s[tag=aj.axia.bone.ear_edge_b1] run data modify entity @s {} merge value {transformation:[-0.02483799791250141f,0.9693696974212653f,0.24434701467606085f,0.9128156298775737f,0.8877242452415847f,-0.091009787882467f,0.45129024243810945f,1.0494817167299522f,0.4597050557367819f,0.22812191527995057f,-0.8582724820819141f,-0.26501261275168575f,0f,0f,0f,1f],start_interpolation:0}
execute if entity @s[tag=aj.axia.bone.ear_edge_b2] run data modify entity @s {} merge value {transformation:[-0.32317405010168154f,0.9142500039703434f,0.24434701467606085f,0.9296899229859182f,0.8723994992203475f,0.18776642628606327f,0.45129024243810945f,1.0250337100318843f,0.3667119402214265f,0.35901350865947596f,-0.8582724820819141f,-0.2730636266993137f,0f,0f,0f,1f],start_interpolation:0}
execute if entity @s[tag=aj.axia.bone.ear_right_2] run data modify entity @s {} merge value {transformation:[-0.1761750309842101f,0.9535496289531078f,0.24434701467606085f,1.050153735924589f,0.8910319541695504f,0.0489813610360607f,0.45129024243810945f,1.0013345061913068f,0.41835919388308546f,0.2972270704267119f,-0.8582724820819141f,-0.28763970439016384f,0f,0f,0f,1f],start_interpolation:0}
execute if entity @s[tag=aj.axia.bone.ear_right_1] run data modify entity @s {} merge value {transformation:[-0.1761750309842101f,0.9835148827086646f,0.04075333051756927f,0.8288628873151398f,0.8910319541695504f,0.14173951813296293f,0.43124467028385177f,0.9694431146113902f,0.41835919388308546f,0.11228706287902038f,-0.9013141518934993f,-0.3129042935379434f,0f,0f,0f,1f],start_interpolation:0}
execute if entity @s[tag=aj.axia.bone.ear_edge_a3] run data modify entity @s {} merge value {transformation:[-0.44044375074235004f,0.896854764431642f,0.04075333051756927f,0.8363386700742135f,0.8174461814073108f,0.3818504613777205f,0.43124467028385177f,1.2605417687422251f,0.37120215911901233f,0.22325267447868474f,-0.9013141518934993f,-0.13861500069108612f,0f,0f,0f,1f],start_interpolation:0}
execute if entity @s[tag=aj.axia.bone.ear_edge_a4] run data modify entity @s {} merge value {transformation:[-0.29472216200356394f,0.954713576564024f,0.04075333051756927f,0.879907259964112f,0.8671166350910079f,0.2492724924660163f,0.43124467028385177f,1.163174943069528f,0.40155645726646344f,0.16243525240571727f,-0.9013141518934993f,-0.18323136381526323f,0f,0f,0f,1f],start_interpolation:0}
execute if entity @s[tag=aj.axia.bone.ear_edge_b3] run data modify entity @s {} merge value {transformation:[-0.5124448588171466f,0.8267128739409196f,0.23226297753240768f,0.8798788018532908f,0.7961883674525903f,0.3560947890393242f,0.48916314737745586f,1.1527099128980223f,0.321689835408354f,0.43559422089759675f,-0.840698117349838f,-0.21711108597423456f,0f,0f,0f,1f],start_interpolation:0}
execute if entity @s[tag=aj.axia.bone.ear_edge_b4] run data modify entity @s {} merge value {transformation:[-0.23189569470369958f,0.9446048359211744f,0.23226297753240768f,0.8804897705444746f,0.8672594764856991f,0.09263053326810161f,0.48916314737745586f,1.1792332274832875f,0.44055123109990274f,0.31486709618630887f,-0.840698117349838f,-0.20150960765743917f,0f,0f,0f,1f],start_interpolation:0}
execute if entity @s[tag=aj.axia.bone.ear_left_2] run data modify entity @s {} merge value {transformation:[-0.37680942607479767f,0.8966987039630211f,0.23226297753240768f,0.9675727027628198f,0.8420914652773812f,0.227159369947125f,0.48916314737745586f,1.260153937276173f,0.3858712486415318f,0.37990795590019344f,-0.840698117349838f,-0.16753835254196375f,0f,0f,0f,1f],start_interpolation:0}
execute if entity @s[tag=aj.axia.bone.ear_left_1] run data modify entity @s {} merge value {transformation:[-0.37680942607479767f,0.9253938742356722f,0.04075333051756927f,0.7593590810597939f,0.8420914652773812f,0.3238981297549669f,0.43124467028385177f,1.1872768580813056f,0.3858712486415318f,0.19681508851794685f,-0.9013141518934993f,-0.21182174745850174f,0f,0f,0f,1f],start_interpolation:0}
execute if entity @s[tag=aj.axia.bone.head] run data modify entity @s {} merge value {transformation:[-0.2780152250213841f,0.9597117800194155f,0.04075333051756927f,0.30098515534884224f,0.8713349738796614f,0.2341012551138974f,0.43124467028385177f,0.944906697154105f,0.40433018431776674f,0.15540238623027305f,-0.9013141518934993f,-0.3138406761945657f,0f,0f,0f,1f],start_interpolation:0}
execute if entity @s[tag=aj.axia.bone.body_1] run data modify entity @s {} merge value {transformation:[0.03470407022732454f,0.9457834139428338f,-0.32293863414013385f,-0.053683624879720435f,0.03258766204201566f,0.32189055057856425f,0.9462158938270189f,0.8241977406871435f,0.998866193137145f,-0.043361357899252294f,-0.01964995798572225f,-0.2975801669823461f,0f,0f,0f,1f],start_interpolation:0}
execute if entity @s[tag=aj.axia.bone.leg_left_2] run data modify entity @s {} merge value {transformation:[0.012793659825658443f,-0.3043621082993959f,-0.952470487364208f,0.08009418534966145f,0.046492609469338884f,0.951699291232529f,-0.3034911799908414f,0.5779544360112059f,0.9988367031367024f,-0.04040007548320453f,0.02632630562677761f,-0.4129774222449847f,0f,0f,0f,1f],start_interpolation:0}
execute if entity @s[tag=aj.axia.bone.leg_left_1] run data modify entity @s {} merge value {transformation:[0.012793659825658443f,-0.9689150852749412f,-0.24706250179846956f,-0.22931926887708276f,0.046492609469338884f,0.2473919083037377f,-0.9677994012038685f,0.5990258609343753f,0.9988367031367024f,0.0008951159078440882f,0.048212438587097534f,-0.40999508795591744f,0f,0f,0f,1f],start_interpolation:0}
execute if entity @s[tag=aj.axia.bone.leg_right_2] run data modify entity @s {} merge value {transformation:[-0.032643057052967384f,0.3194999323981898f,-0.9470238772194655f,0.06341119285071961f,0.1647817707821999f,0.9362826735632824f,0.3101962656175518f,0.43277617497602267f,0.9857897335862852f,-0.14592651706507703f,-0.08321089335619804f,-0.12072468669331474f,0f,0f,0f,1f],start_interpolation:0}
execute if entity @s[tag=aj.axia.bone.leg_right_1] run data modify entity @s {} merge value {transformation:[-0.032643057052967384f,-0.7145243100524813f,-0.6988486539804328f,-0.224448022953949f,0.1647817707821999f,0.6858051887873253f,-0.7088851889059777f,0.6132846337177432f,0.9857897335862852f,-0.1382976983771141f,0.09535380317257172f,-0.1604300183110077f,0f,0f,0f,1f],start_interpolation:0}
execute if entity @s[tag=aj.axia.bone.coat_downer] run data modify entity @s {} merge value {transformation:[0.012793659825658443f,0.7054135584981126f,-0.7086804877766111f,-0.19499990708046364f,0.046492609469338884f,0.7075523050613651f,0.7051298978678187f,0.6565952587421703f,0.9988367031367024f,-0.04196959720296069f,-0.02374433358981383f,-0.28014715803625867f,0f,0f,0f,1f],start_interpolation:0}
execute if entity @s[tag=aj.axia.bone.body_2] run data modify entity @s {} merge value {transformation:[0.012793659825658443f,0.5353059093501348f,-0.8445613688081469f,-0.07549244342743089f,0.046492609469338884f,0.8433985331306404f,0.5352731560407411f,0.8446788949770685f,0.9988367031367024f,-0.046113964565079275f,-0.01409761465971246f,-0.29825415873702404f,0f,0f,0f,1f],start_interpolation:0}