execute if entity @s[tag=aj.axia.bone.wing_right_1] run data modify entity @s {} merge value {transformation:[0.5917707696182922f,0.44549043849180747f,-0.34393323462875064f,-0.4810233304101688f,-0.3607613759218801f,0.6833101081582574f,0.26435387301143687f,1.506023244090871f,0.43197572884685315f,-0.03962334849015102f,0.6919330924201429f,-0.2569325263310096f,0f,0f,0f,1f],start_interpolation:0}
execute if entity @s[tag=aj.axia.bone.wing_right_2] run data modify entity @s {} merge value {transformation:[0.7157012332336634f,0.11941764518720757f,-0.33691418902408227f,-0.4810233304101688f,-0.004390289420505011f,0.7569154612870997f,0.2589588960112035f,1.506023244090871f,0.35742477545158646f,-0.2298225630404448f,0.6778120089013645f,-0.2569325263310096f,0f,0f,0f,1f],start_interpolation:0}
execute if entity @s[tag=aj.axia.bone.wing_left_1] run data modify entity @s {} merge value {transformation:[-0.22207871396146875f,0.38030375452593396f,-0.6877459876605185f,-0.4490855079295547f,0.36664023535775786f,0.6822735066239196f,0.25888654739161837f,1.5065367508215912f,0.6951261950656673f,-0.2383618276843478f,-0.3562690787606316f,-0.15952549070848343f,0f,0f,0f,1f],start_interpolation:0}
execute if entity @s[tag=aj.axia.bone.wing_left_2] run data modify entity @s {} merge value {transformation:[-0.364987059293914f,0.22999739947310371f,-0.6737103552592835f,-0.4490855079295547f,0.009967361741138464f,0.758673905435286f,0.25360314846525883f,1.5065367508215912f,0.7118181637524446f,0.10730844070799071f,-0.34899828123490445f,-0.15952549070848343f,0f,0f,0f,1f],start_interpolation:0}
execute if entity @s[tag=aj.axia.bone.blade] run data modify entity @s {} merge value {transformation:[-1.5813854251488682f,0.5634636693824666f,-1.0870735165630594f,0.5130020640745702f,1.0378387940553466f,-0.32535239272418187f,-1.678402948669477f,1.262243298930412f,-0.6497005269202683f,-1.8912045140160523f,-0.03513846161728363f,-0.3843565572622982f,0f,0f,0f,1f],start_interpolation:0}
execute if entity @s[tag=aj.axia.bone.arm_right_2] run data modify entity @s {} merge value {transformation:[0.5914248180105965f,0.5422001248301305f,0.5968548477438403f,0.3314728182528027f,-0.3653561371898567f,0.84003131492923f,-0.40107640538428047f,1.397557164740471f,-0.7188404396379204f,0.019141958428012716f,0.6949115107470163f,-0.11102014811348943f,0f,0f,0f,1f],start_interpolation:0}
execute if entity @s[tag=aj.axia.bone.arm_right_1] run data modify entity @s {} merge value {transformation:[0.8799770754417968f,0.4526137173623345f,0.14415675340527775f,0.020173350386382655f,-0.4393130439913137f,0.8908856859207929f,-0.11544151766381418f,1.5532435608390758f,-0.18067760258534415f,0.03825594694798797f,0.9827980903762096f,-0.05352248402257201f,0f,0f,0f,1f],start_interpolation:0}
execute if entity @s[tag=aj.axia.bone.arm_left_2] run data modify entity @s {} merge value {transformation:[-0.8365308840128903f,0.4602389861910666f,0.29731490995648086f,0.1842244277515433f,0.4451989930689384f,0.8872432931505806f,-0.12081885337030913f,1.4601332480154816f,-0.3193962064004747f,0.03129559632171888f,-0.9471043495770951f,-0.6495454059697481f,0f,0f,0f,1f],start_interpolation:0}
execute if entity @s[tag=aj.axia.bone.arm_left_1] run data modify entity @s {} merge value {transformation:[-0.8869534848055071f,0.459225020127584f,-0.0492533925753961f,-0.16529006254834838f,0.45627400754703107f,0.887765640948393f,0.060714057585213754f,1.6401357272755523f,0.07160688394517639f,0.03137750213622438f,-0.9969392692292506f,-0.6213155466779525f,0f,0f,0f,1f],start_interpolation:0}
execute if entity @s[tag=aj.axia.bone.ear_edge_a1] run data modify entity @s {} merge value {transformation:[-0.5567128644068965f,0.6461367810114559f,-0.5220900753969773f,0.36846352489909234f,0.5397796743123439f,0.759097372197311f,0.36388058854849237f,2.033729342688713f,0.6314338364414183f,-0.07923660610658884f,-0.771370773655303f,-0.436338603657377f,0f,0f,0f,1f],start_interpolation:0}
execute if entity @s[tag=aj.axia.bone.ear_edge_a2] run data modify entity @s {} merge value {transformation:[-0.6509368669143575f,0.5510926859101812f,-0.5220900753969773f,0.2990389260234f,0.41438509947541136f,0.8341917684863333f,0.36388058854849237f,2.0898667650729483f,0.6360551741983337f,0.020516942412206633f,-0.771370773655303f,-0.36286782372410575f,0f,0f,0f,1f],start_interpolation:0}
execute if entity @s[tag=aj.axia.bone.ear_edge_b1] run data modify entity @s {} merge value {transformation:[-0.4833697896213742f,0.7863373190341422f,-0.38474311842524916f,0.2662104957950326f,0.589332945854987f,0.6172836470702803f,0.5211982137243917f,2.1019405356608343f,0.6473332413921525f,0.025189675540009088f,-0.7617907552831799f,-0.36868774403764987f,0f,0f,0f,1f],start_interpolation:0}
execute if entity @s[tag=aj.axia.bone.ear_edge_b2] run data modify entity @s {} merge value {transformation:[-0.7027035830924102f,0.5984817517130342f,-0.38474311842524916f,0.2918605667280274f,0.3697378011283405f,0.7691855305628696f,0.5211982137243917f,2.0970589350373614f,0.6078664596158166f,0.22399377767968157f,-0.7617907552831799f,-0.3849822051053021f,0f,0f,0f,1f],start_interpolation:0}
execute if entity @s[tag=aj.axia.bone.ear_right_2] run data modify entity @s {} merge value {transformation:[-0.6004289632492313f,0.7010405073288326f,-0.38474311842524916f,0.3855969276737141f,0.4855128422420343f,0.701875845166768f,0.5211982137243917f,2.1665970214852655f,0.6354229615850485f,0.1261447781541815f,-0.7617907552831799f,-0.4257693807990637f,0f,0f,0f,1f],start_interpolation:0}
execute if entity @s[tag=aj.axia.bone.ear_right_1] run data modify entity @s {} merge value {transformation:[-0.6004289632492313f,0.6057284979786165f,-0.5220900753969773f,0.2493080156285256f,0.4855128422420343f,0.7949013758295204f,0.36388058854849237f,1.9877442119236237f,0.6354229615850485f,-0.034996991883652975f,-0.771370773655303f,-0.41789505762524176f,0f,0f,0f,1f],start_interpolation:0}
execute if entity @s[tag=aj.axia.bone.ear_edge_a3] run data modify entity @s {} merge value {transformation:[-0.744130765029271f,0.4167629514591351f,-0.5220900753969773f,0.10819582568673511f,0.24760038476446766f,0.8979337206843777f,0.36388058854849237f,2.1912652614912176f,0.6204542319957521f,0.14150503718588958f,-0.771370773655303f,-0.18586574137740475f,0f,0f,0f,1f],start_interpolation:0}
execute if entity @s[tag=aj.axia.bone.ear_edge_a4] run data modify entity @s {} merge value {transformation:[-0.6697731911374536f,0.5280396060955369f,-0.5220900753969773f,0.19066491594351212f,0.38501979439557943f,0.8481454328127862f,0.36388058854849237f,2.1554638380248132f,0.6349516756077876f,0.04270244949978176f,-0.771370773655303f,-0.25857232880247055f,0f,0f,0f,1f],start_interpolation:0}
execute if entity @s[tag=aj.axia.bone.ear_edge_b3] run data modify entity @s {} merge value {transformation:[-0.7930044881650749f,0.4474404088491655f,-0.41345007229282044f,0.18796545306659054f,0.18323620197042567f,0.8224125827272539f,0.5385740785252675f,2.1493010215577377f,0.5810063476740166f,0.3513326405285724f,-0.7341641503517589f,-0.2933873519001644f,0f,0f,0f,1f],start_interpolation:0}
execute if entity @s[tag=aj.axia.bone.ear_edge_b4] run data modify entity @s {} merge value {transformation:[-0.6159253956162307f,0.6705929799483816f,-0.41345007229282044f,0.1749802154328628f,0.428407448355662f,0.7255377454923002f,0.5385740785252675f,2.1678047616880205f,0.6611376295661744f,0.1545963618908912f,-0.7341641503517589f,-0.27250049407552795f,0f,0f,0f,1f],start_interpolation:0}
execute if entity @s[tag=aj.axia.bone.ear_left_2] run data modify entity @s {} merge value {transformation:[-0.7132461860045579f,0.5659849078120478f,-0.41345007229282044f,0.1894166378310591f,0.3096339326824178f,0.7836228618871957f,0.5385740785252675f,2.2853418457751515f,0.6288137290816501f,0.2561177355372105f,-0.7341641503517589f,-0.23697208144724557f,0f,0f,0f,1f],start_interpolation:0}
execute if entity @s[tag=aj.axia.bone.ear_left_1] run data modify entity @s {} merge value {transformation:[-0.7132461860045579f,0.4676556760287736f,-0.5220900753969773f,0.08419411072458521f,0.3096339326824178f,0.8784746695319238f,0.36388058854849237f,2.087685045130469f,0.6288137290816501f,0.09787963868367995f,-0.771370773655303f,-0.2589950001510735f,0f,0f,0f,1f],start_interpolation:0}
execute if entity @s[tag=aj.axia.bone.head] run data modify entity @s {} merge value {transformation:[-0.6604556196157617f,0.5396483370584385f,-0.5220900753969773f,-0.09350339470973887f,0.39976333282738225f,0.8412967342170933f,0.36388058854849237f,1.5951787838486455f,0.6356002298966729f,0.031614510999147694f,-0.771370773655303f,-0.3305421290984926f,0f,0f,0f,1f],start_interpolation:0}
execute if entity @s[tag=aj.axia.bone.body_1] run data modify entity @s {} merge value {transformation:[0.31161830291022025f,0.41138267997400024f,-0.8565385711739797f,-0.24777189969998895f,0.004977888303481006f,0.9007036502783403f,0.43440551907556535f,1.257414914994268f,0.9501943242934003f,-0.13963246396408824f,0.27862792589387975f,-0.27817995511195953f,0f,0f,0f,1f],start_interpolation:0}
execute if entity @s[tag=aj.axia.bone.leg_left_2] run data modify entity @s {} merge value {transformation:[0.03805506865703967f,-0.15422267937240522f,-0.9873029813166285f,0.01929637648533533f,0.008305239499936255f,0.9880333475002744f,-0.15401664593234904f,1.117790673760293f,0.9992411294309075f,-0.0023386736835531753f,0.03888053316307739f,-0.41397392998546617f,0f,0f,0f,1f],start_interpolation:0}
execute if entity @s[tag=aj.axia.bone.leg_left_1] run data modify entity @s {} merge value {transformation:[0.03805506865703967f,-0.9938968359495506f,0.10354173670061301f,-0.25936743030206977f,0.008305239499936255f,-0.10329863027164718f,-0.9946157127156449f,0.9716214586448408f,0.9992411294309075f,0.03871010815630225f,0.004323514793624179f,-0.4021464137929439f,0f,0f,0f,1f],start_interpolation:0}
execute if entity @s[tag=aj.axia.bone.leg_right_2] run data modify entity @s {} merge value {transformation:[0.04147673654317549f,-0.0636652090132101f,-0.9971090318952243f,-0.01747337411120306f,0.18069372073128426f,0.9819900991211524f,-0.055183552951163395f,0.6886093978153571f,0.982664469498115f,-0.17788250726064508f,0.052233648126986665f,-0.10941953004659838f,0f,0f,0f,1f],start_interpolation:0}
execute if entity @s[tag=aj.axia.bone.leg_right_1] run data modify entity @s {} merge value {transformation:[0.04147673654317549f,-0.5888077500219413f,-0.8072082221086616f,-0.24950408364534432f,0.18069372073128426f,0.7990022488730029f,-0.57353743172017f,0.9753334359472399f,0.982664469498115f,-0.12206899610459196f,0.13953386892079078f,-0.15234909346657274f,0f,0f,0f,1f],start_interpolation:0}
execute if entity @s[tag=aj.axia.bone.coat_downer] run data modify entity @s {} merge value {transformation:[0.039662414450382266f,0.19991317546599377f,-0.9790105286231953f,-0.255118776522345f,0.002349674835940781f,0.9797601135976433f,0.20016143192757857f,1.0328624174055607f,0.999210374199613f,-0.010239242073320604f,0.038389920729697886f,-0.26954161382843345f,0f,0f,0f,1f],start_interpolation:0}
execute if entity @s[tag=aj.axia.bone.body_2] run data modify entity @s {} merge value {transformation:[0.039662414450382266f,-0.01672222587842603f,-0.9990732005422006f,-0.2591650114799494f,0.002349674835940781f,0.9998587498924544f,-0.016642093968722436f,1.25625f,0.999210374199613f,-0.0016874315302671497f,0.0396961039234231f,-0.277724980359412f,0f,0f,0f,1f],start_interpolation:0}