execute if entity @s[tag=aj.axia.bone.wing_right_1] run data modify entity @s {} merge value {transformation:[-0.753585673575485f,-0.1885274779805681f,-0.2520128311664179f,0.076097141772209f,-0.19318908657678172f,0.7933303237635152f,-0.01579299431233371f,1.5009456337393172f,0.2484573481583022f,0.045042556410655264f,-0.7766495726533181f,-0.29768827360983474f,0f,0f,0f,1f],start_interpolation:0}
execute if entity @s[tag=aj.axia.bone.wing_right_2] run data modify entity @s {} merge value {transformation:[-0.7514155418832185f,0.12012505414315608f,-0.24686971216302164f,0.076097141772209f,0.13121839376601002f,0.789013555612835f,-0.015470688305959551f,1.5009456337393172f,0.24115641512059693f,-0.05502345342029742f,-0.7607995813746791f,-0.29768827360983474f,0f,0f,0f,1f],start_interpolation:0}
execute if entity @s[tag=aj.axia.bone.wing_left_1] run data modify entity @s {} merge value {transformation:[-0.44489542730845344f,0.022797075974453945f,0.6844653362526755f,-0.00992394899077921f,0.11321626834215189f,0.8074316893415743f,0.04669676727712257f,1.4952055773872737f,-0.67542177917739f,0.12032790540215865f,-0.4430248975383016f,-0.3283336847441212f,0f,0f,0f,1f],start_interpolation:0}
execute if entity @s[tag=aj.axia.bone.wing_left_2] run data modify entity @s {} merge value {transformation:[-0.4095599565698352f,-0.15064818742117936f,0.6704966559209883f,-0.00992394899077921f,-0.20868852028211946f,0.7709452696678544f,0.04574377202656905f,1.4952055773872737f,-0.6547593019400139f,-0.151487672117148f,-0.43398357309874447f,-0.3283336847441212f,0f,0f,0f,1f],start_interpolation:0}
execute if entity @s[tag=aj.axia.bone.blade] run data modify entity @s {} merge value {transformation:[-0.5105757711492581f,0.9597175953857332f,1.678765772531227f,-0.5871092235965514f,1.8557732416026906f,-0.24484537706440557f,0.7043837143784875f,1.4162446206233983f,0.5435237415852096f,1.7375249288678474f,-0.828003057902565f,0.45941152082332104f,0f,0f,0f,1f],start_interpolation:0}
execute if entity @s[tag=aj.axia.bone.arm_right_2] run data modify entity @s {} merge value {transformation:[-0.3442242591832493f,-0.9126763306623717f,0.2202988307695083f,-0.5848372696833501f,-0.39270589814308904f,-0.07316919238938512f,-0.9167487915719962f,1.5382502798044606f,0.8528140107628236f,-0.40207982383322144f,-0.3332267671014328f,0.12912096509978868f,0f,0f,0f,1f],start_interpolation:0}
execute if entity @s[tag=aj.axia.bone.arm_right_1] run data modify entity @s {} merge value {transformation:[-0.5880749209457001f,-0.7782263889873539f,0.2202988307695083f,-0.3580649442442325f,-0.39737808686585824f,0.04077142663821727f,-0.9167487915719962f,1.6923234370332365f,0.7044562040563908f,-0.6266589010407404f,-0.3332267671014328f,-0.1424756327291363f,0f,0f,0f,1f],start_interpolation:0}
execute if entity @s[tag=aj.axia.bone.arm_left_2] run data modify entity @s {} merge value {transformation:[0.38469554064774575f,0.7932290106102091f,0.47201385332645446f,0.21125561908977133f,0.7818954564824538f,-0.008269529652689456f,-0.6233547224585843f,1.4469129033808905f,-0.4905597171984609f,0.6088672692842605f,-0.6234034105268382f,0.36393158235183065f,0f,0f,0f,1f],start_interpolation:0}
execute if entity @s[tag=aj.axia.bone.arm_left_1] run data modify entity @s {} merge value {transformation:[0.006432056948621062f,0.8714643972777284f,0.4904165911964802f,0.21606387854654818f,0.7446349218012399f,0.3231635914323404f,-0.5840240803311222f,1.7287885837046124f,-0.6674409800705012f,0.3689377961796773f,-0.6468442166956518f,0.11307653786321703f,0f,0f,0f,1f],start_interpolation:0}
execute if entity @s[tag=aj.axia.bone.ear_edge_a1] run data modify entity @s {} merge value {transformation:[-0.9513708659831999f,-0.00996673567324552f,0.3078865692725098f,0.005996522245386493f,0.17033067648829686f,0.8157676525607314f,0.552730130970434f,2.3102268739273977f,-0.25667281898443295f,0.5782938709821966f,-0.7743999372281811f,0.24015223764802301f,0f,0f,0f,1f],start_interpolation:0}
execute if entity @s[tag=aj.axia.bone.ear_edge_a2] run data modify entity @s {} merge value {transformation:[-0.9380987709502643f,-0.1586712210932013f,0.3078865692725098f,-0.1036573865398054f,0.0406194468877102f,0.832369787325287f,0.552730130970434f,2.3232937343439852f,-0.34397784300175505f,0.5310216386785467f,-0.7743999372281811f,0.205882453989788f,0f,0f,0f,1f],start_interpolation:0}
execute if entity @s[tag=aj.axia.bone.ear_edge_b1] run data modify entity @s {} merge value {transformation:[-0.9716021701644628f,-0.0721196900656097f,0.2253618717453038f,-0.103441384127624f,0.17827237875943103f,0.40315198604495056f,0.8976009331097345f,2.358527748104995f,-0.15558978727140277f,0.9122868115087778f,-0.3788463958439981f,0.1448203689489147f,0f,0f,0f,1f],start_interpolation:0}
execute if entity @s[tag=aj.axia.bone.ear_edge_b2] run data modify entity @s {} merge value {transformation:[-0.9017623653220976f,-0.36883148354248346f,0.2253618717453038f,-0.07955910975449937f,0.04496629249069321f,0.4385095180496947f,0.8976009331097345f,2.3606752783520952f,-0.42988680955379105f,0.8195564283975053f,-0.3788463958439981f,0.16411520529454293f,0f,0f,0f,1f],start_interpolation:0}
execute if entity @s[tag=aj.axia.bone.ear_right_2] run data modify entity @s {} merge value {transformation:[-0.948358130034092f,-0.22322384272674278f,0.2253618717453038f,-0.0509955621371698f,0.11301068468400183f,0.4260764603070524f,0.8976009331097345f,2.429853465318477f,-0.29638731812527586f,0.8767154418684087f,-0.3788463958439981f,0.26252326760046824f,0f,0f,0f,1f],start_interpolation:0}
execute if entity @s[tag=aj.axia.bone.ear_right_1] run data modify entity @s {} merge value {transformation:[-0.948358130034092f,-0.07630673403995472f,0.3078865692725098f,-0.03382654697818001f,0.11301068468400183f,0.8256621509217072f,0.552730130970434f,2.2440794813610934f,-0.29638731812527586f,0.5589805854191141f,-0.7743999372281811f,0.13675263588116776f,0f,0f,0f,1f],start_interpolation:0}
execute if entity @s[tag=aj.axia.bone.ear_edge_a3] run data modify entity @s {} merge value {transformation:[-0.9024309905496961f,-0.3190368978935092f,0.289540610412392f,-0.3616394561553833f,-0.19006579676747432f,0.8979213785337816f,0.39700401870905344f,2.31292456249589f,-0.3866436346232006f,0.303236963041249f,-0.8709500812623425f,0.0921070905650755f,0f,0f,0f,1f],start_interpolation:0}
execute if entity @s[tag=aj.axia.bone.ear_edge_a4] run data modify entity @s {} merge value {transformation:[-0.9412289340077217f,-0.17393771502669317f,0.289540610412392f,-0.2549768270580393f,-0.04725992091404062f,0.9165993175886945f,0.39700401870905344f,2.327605119208421f,-0.33444669778887975f,0.3599880029768112f,-0.8709500812623425f,0.13425807434544046f,0f,0f,0f,1f],start_interpolation:0}
execute if entity @s[tag=aj.axia.bone.ear_edge_b3] run data modify entity @s {} merge value {transformation:[-0.8700128747874326f,-0.40391374364083665f,0.2827212149842163f,-0.2320707123826911f,-0.26591783877851627f,0.8673086963902983f,0.4207889354357179f,2.3252697818694825f,-0.415169002604325f,0.2909111769317332f,-0.8619776020365749f,0.13711339355213834f,0f,0f,0f,1f],start_interpolation:0}
execute if entity @s[tag=aj.axia.bone.ear_edge_b4] run data modify entity @s {} merge value {transformation:[-0.9522476248738917f,-0.11529603427646795f,0.2827212149842163f,-0.2613011874241139f,0.015110233184351812f,0.9070327186314671f,0.4207889354357179f,2.332926703166803f,-0.3049526877650801f,0.40496724782645044f,-0.8619776020365749f,0.13126390553185863f,0f,0f,0f,1f],start_interpolation:0}
execute if entity @s[tag=aj.axia.bone.ear_left_2] run data modify entity @s {} merge value {transformation:[-0.9224876030040559f,-0.26284089655470244f,0.2827212149842163f,-0.32589736578703665f,-0.12696697697324175f,0.8982294019754373f,0.4207889354357179f,2.438170235293091f,-0.3645490489112645f,0.35227631842797585f,-0.8619776020365749f,0.12519948323963614f,0f,0f,0f,1f],start_interpolation:0}
execute if entity @s[tag=aj.axia.bone.ear_left_1] run data modify entity @s {} merge value {transformation:[-0.9224876030040559f,-0.2553093363468142f,0.289540610412392f,-0.26845276510900357f,-0.12696697697324175f,0.9089924069469106f,0.39700401870905344f,2.2336469437300366f,-0.3645490489112645f,0.32946918958684346f,-0.8709500812623425f,0.05106891558259648f,0f,0f,0f,1f],start_interpolation:0}
execute if entity @s[tag=aj.axia.bone.head] run data modify entity @s {} merge value {transformation:[-0.9385048725232942f,-0.13727601206531742f,0.31680262114047947f,-0.09068578177075656f,-0.041730150524226274f,0.9559341815391078f,0.2906001292194854f,1.7398656904686631f,-0.3427348811942851f,0.25950941616172424f,-0.9028774358328711f,-0.01087288018122438f,0f,0f,0f,1f],start_interpolation:0}
execute if entity @s[tag=aj.axia.bone.body_1] run data modify entity @s {} merge value {transformation:[-0.9401511077113858f,-0.06710760372099506f,0.33408451654017174f,-0.06552043037538342f,-0.06273485130022893f,0.997744636372888f,0.0238742334216549f,1.3657114518288302f,-0.33493317706878867f,0.0014866445302724185f,-0.9422407106396157f,-0.011430371880076538f,0f,0f,0f,1f],start_interpolation:0}
execute if entity @s[tag=aj.axia.bone.leg_left_2] run data modify entity @s {} merge value {transformation:[-0.9779702772184293f,-0.062341170493846076f,0.19921775859286728f,-0.012396739221425507f,-0.1407784958082521f,0.9016372206038412f,-0.408939772509041f,1.0949051195149688f,-0.15412836207289907f,-0.4279765190793037f,-0.8905506987934424f,0.42324150200575616f,0f,0f,0f,1f],start_interpolation:0}
execute if entity @s[tag=aj.axia.bone.leg_left_1] run data modify entity @s {} merge value {transformation:[-0.9779702772184293f,0.14084519087768008f,0.15406741733390153f,0.040231757192882994f,-0.1407784958082521f,0.0999443627350517f,-0.9849835224385484f,1.0619240249814037f,-0.15412836207289907f,-0.9849739877601412f,-0.07791464201683185f,0.11942930469454532f,0f,0f,0f,1f],start_interpolation:0}
execute if entity @s[tag=aj.axia.bone.leg_right_2] run data modify entity @s {} merge value {transformation:[-0.8986571516319142f,0.06303518618968909f,0.4340989393247189f,-0.32985975140192875f,0.1441604404104854f,0.9770920239646316f,0.1565533267783053f,0.8109393526631437f,-0.4142862431236037f,0.20326766099586813f,-0.8871579153407805f,0.24583886445663583f,0f,0f,0f,1f],start_interpolation:0}
execute if entity @s[tag=aj.axia.bone.leg_right_1] run data modify entity @s {} merge value {transformation:[-0.8986571516319142f,0.370184845434434f,0.2353263776789567f,-0.19340751178727356f,0.1441604404104854f,0.7559181092460354f,-0.6385965702496013f,1.0438435728703137f,-0.4142862431236037f,-0.5399546206160137f,-0.7326772252731398f,0.030895193250041225f,0f,0f,0f,1f],start_interpolation:0}
execute if entity @s[tag=aj.axia.bone.coat_downer] run data modify entity @s {} merge value {transformation:[-0.9526682628744264f,0.05200619861564678f,0.29953052635311284f,-0.07828650706780443f,-0.04245595866727859f,0.9528454813423546f,-0.3004712636161715f,1.1034083516307824f,-0.30103267677357765f,-0.2989662923993379f,-0.9055376764792994f,0.047459815675450844f,0f,0f,0f,1f],start_interpolation:0}
execute if entity @s[tag=aj.axia.bone.body_2] run data modify entity @s {} merge value {transformation:[-0.9526682628744264f,0.06019792715887147f,0.29799226580164484f,-0.05739331191453764f,-0.04245595866727859f,0.9442503109906519f,-0.3264794660735947f,1.3147209676698444f,-0.30103267677357765f,-0.3236781731285451f,-0.8970015427827883f,-0.02251020834566487f,0f,0f,0f,1f],start_interpolation:0}