execute if entity @s[tag=aj.axia.bone.wing_right_1] run data modify entity @s {} merge value {transformation:[-0.7694716075413365f,-0.13654876354504097f,-0.23709138492681792f,0.02925800840904333f,-0.11758594506562554f,0.8040418819124866f,-0.0814533123825846f,1.431375120241727f,0.24704541111953424f,-0.04260905712864012f,-0.7772370793649983f,-0.36613455188122723f,0f,0f,0f,1f],start_interpolation:0}
execute if entity @s[tag=aj.axia.bone.wing_right_2] run data modify entity @s {} merge value {transformation:[-0.7303649181238607f,0.22940298630308728f,-0.2322527852344339f,0.02925800840904333f,0.2615169471215691f,0.7518259657032135f,-0.07979099988498084f,1.431375120241727f,0.19538672611551922f,-0.14876823306625694f,-0.7613750981534678f,-0.36613455188122723f,0f,0f,0f,1f],start_interpolation:0}
execute if entity @s[tag=aj.axia.bone.wing_left_1] run data modify entity @s {} merge value {transformation:[-0.7696805599317023f,0.13484529099636958f,0.23738792640690506f,-0.02936682040643565f,0.11594928958527217f,0.8043304684317972f,-0.08094877541631207f,1.4313127816053055f,-0.24716804476375265f,-0.04258743350842182f,-0.7771992747032601f,-0.3661392228790345f,0f,0f,0f,1f],start_interpolation:0}
execute if entity @s[tag=aj.axia.bone.wing_left_2] run data modify entity @s {} merge value {transformation:[-0.7297759551330101f,-0.23097766262750535f,0.2325432748475805f,-0.02936682040643565f,-0.263069586043702f,0.7513364205314986f,-0.07929675959148938f,1.4313127816053055f,-0.19550306444784515f,-0.14880491440153953f,-0.7613380650154385f,-0.3661392228790345f,0f,0f,0f,1f],start_interpolation:0}
execute if entity @s[tag=aj.axia.bone.blade] run data modify entity @s {} merge value {transformation:[0.6375610789247698f,0.3028651457713135f,1.871306648873243f,-0.6564836704876523f,1.8748965534942093f,-0.3921381043393122f,-0.5753178433011668f,1.1712813599039797f,0.27978345972522956f,1.9376533257015023f,-0.4089264054351215f,0.24306979593331005f,0f,0f,0f,1f],start_interpolation:0}
execute if entity @s[tag=aj.axia.bone.arm_right_2] run data modify entity @s {} merge value {transformation:[-0.4863036015886388f,-0.8497658929661943f,-0.20348644729633805f,-0.5485907390357193f,-0.7860793149895734f,0.5271517975554207f,-0.322785211680479f,1.4200681972378442f,0.3815601101103751f,0.0029848761205992502f,-0.924339208779495f,0.06425786944206079f,0f,0f,0f,1f],start_interpolation:0}
execute if entity @s[tag=aj.axia.bone.arm_right_1] run data modify entity @s {} merge value {transformation:[-0.6395118110700424f,-0.7413621984351707f,-0.20348644729633805f,-0.29878143783648403f,-0.6710515190371944f,0.6674575386631438f,-0.322785211680479f,1.6821976968617482f,0.375119317417523f,-0.06987506574672045f,-0.924339208779495f,-0.08227311392415913f,0f,0f,0f,1f],start_interpolation:0}
execute if entity @s[tag=aj.axia.bone.arm_left_2] run data modify entity @s {} merge value {transformation:[-0.10799495868393896f,-0.9940561472379877f,0.013764629934095f,0.3580083780595859f,-0.9936203525090942f,0.10747441183492298f,-0.034173760115634624f,2.1195174933700978f,0.03249129081089072f,-0.017367410259035515f,-0.9993211140981343f,-0.05834299608540482f,0f,0f,0f,1f],start_interpolation:0}
execute if entity @s[tag=aj.axia.bone.arm_left_1] run data modify entity @s {} merge value {transformation:[-0.2113105124731205f,-0.9773220565817211f,0.013764629934095f,0.2979996651251261f,-0.9769430611441369f,0.21074726428089774f,-0.034173760115634624f,1.76818860183311f,0.030497911414892942f,-0.02066853446649923f,-0.9993211140981343f,-0.04715516929281016f,0f,0f,0f,1f],start_interpolation:0}
execute if entity @s[tag=aj.axia.bone.ear_edge_a1] run data modify entity @s {} merge value {transformation:[-0.9849204869022341f,0.17298554362503743f,-0.002763363352211004f,0.19643616419886234f,0.16577766517743997f,0.9390713188454343f,-0.3011026799120415f,2.315192055336582f,-0.04949141550393018f,-0.29702030203110175f,-0.9535877201247771f,-0.19160384145658854f,0f,0f,0f,1f],start_interpolation:0}
execute if entity @s[tag=aj.axia.bone.ear_edge_a2] run data modify entity @s {} merge value {transformation:[-0.9998553823032991f,0.01678029505424629f,-0.002763363352211004f,0.08143691147913618f,0.016833547628632442f,0.953443132978586f,-0.3011026799120415f,2.326739239107971f,-0.002417881998458056f,-0.3011056523446067f,-0.9535877201247771f,-0.19491670213194556f,0f,0f,0f,1f],start_interpolation:0}
execute if entity @s[tag=aj.axia.bone.ear_edge_b1] run data modify entity @s {} merge value {transformation:[-0.9663610470830237f,0.2564945813605309f,0.018890643538221306f,0.05856106967716214f,0.2535436226503249f,0.962412883664345f,-0.0973502581929302f,2.311525389920865f,-0.043150412442429995f,-0.08928589524424611f,-0.9950708873323958f,-0.21733517430751398f,0f,0f,0f,1f],start_interpolation:0}
execute if entity @s[tag=aj.axia.bone.ear_edge_b2] run data modify entity @s {} merge value {transformation:[-0.9983251555276091f,-0.054681143253292694f,0.018890643538221306f,0.08781091755425115f,-0.05626762217101085f,0.993658332589724f,-0.0973502581929302f,2.32109445230258f,-0.013447621945743173f,-0.09825014324428578f,-0.9950708873323958f,-0.21771605394991508f,0f,0f,0f,1f],start_interpolation:0}
execute if entity @s[tag=aj.axia.bone.ear_right_2] run data modify entity @s {} merge value {transformation:[-0.9945881316300641f,0.10216453399947713f,0.018890643538221306f,0.1477508586968446f,0.0998675353201214f,0.9902269450074839f,-0.0973502581929302f,2.421520995102176f,-0.02865176800308773f,-0.0949368493990376f,-0.9950708873323958f,-0.25780791706942263f,0f,0f,0f,1f],start_interpolation:0}
execute if entity @s[tag=aj.axia.bone.ear_right_1] run data modify entity @s {} merge value {transformation:[-0.9945881316300641f,0.10385957945034303f,-0.002763363352211004f,0.12438245332051745f,0.0998675353201214f,0.9483478536585989f,-0.3011026799120415f,2.2081427280289914f,-0.02865176800308773f,-0.29974912212970173f,-0.9535877201247771f,-0.19036436459023987f,0f,0f,0f,1f],start_interpolation:0}
execute if entity @s[tag=aj.axia.bone.ear_edge_a3] run data modify entity @s {} merge value {transformation:[-0.9847104027285529f,-0.17375877295056796f,0.012381905381823367f,-0.19804541059832548f,-0.16937933094484398f,0.9384372624130201f,-0.30107498528345666f,2.3144707065847427f,0.04069477861898837f,-0.29856890885936127f,-0.9535200793143697f,-0.19336564931082126f,0f,0f,0f,1f],start_interpolation:0}
execute if entity @s[tag=aj.axia.bone.ear_edge_a4] run data modify entity @s {} merge value {transformation:[-0.9997688443303032f,-0.017576869049002325f,0.012381905381823367f,-0.08306415313709242f,-0.02049005919262807f,0.9533803074905886f,-0.30107498528345666f,2.3264384325678984f,-0.0065127091699845145f,-0.3012590960677955f,-0.9535200793143697f,-0.19565138604670007f,0f,0f,0f,1f],start_interpolation:0}
execute if entity @s[tag=aj.axia.bone.ear_edge_b3] run data modify entity @s {} merge value {transformation:[-0.9657742190938808f,-0.25920478013069226f,-0.009645708424188012f,-0.059933494929671496f,-0.2570767239449983f,0.961469876146371f,-0.09740243974762183f,2.3113087108368724f,0.03452123606292336f,-0.09158907806327929f,-0.9951983345244336f,-0.21786438699562383f,0f,0f,0f,1f],start_interpolation:0}
execute if entity @s[tag=aj.axia.bone.ear_edge_b4] run data modify entity @s {} merge value {transformation:[-0.9986045464227044f,0.05192225123105561f,-0.009645708424188012f,-0.08921357347982833f,0.05261603781310355f,0.9938532674877419f,-0.09740243974762183f,2.320770745433081f,0.004529064887519519f,-0.0977740381238199f,-0.9951983345244336f,-0.21850666917410078f,0f,0f,0f,1f],start_interpolation:0}
execute if entity @s[tag=aj.axia.bone.ear_left_2] run data modify entity @s {} merge value {transformation:[-0.9944324969620156f,-0.10493316584801297f,-0.009645708424188012f,-0.14915989095430826f,-0.1035046571516151f,0.9898482462878527f,-0.09740243974762183f,2.4209780642979206f,0.01976853393192476f,-0.09586177562498979f,-0.9951983345244336f,-0.259133960474645f,0f,0f,0f,1f],start_interpolation:0}
execute if entity @s[tag=aj.axia.bone.ear_left_1] run data modify entity @s {} merge value {transformation:[-0.9944324969620156f,-0.10464557995924444f,0.012381905381823367f,-0.1256146354634783f,-0.1035046571516151f,0.9479665812593253f,-0.30107498528345666f,2.207685583514573f,0.01976853393192476f,-0.3006803342596592f,-0.9535200793143697f,-0.19148088526622176f,0f,0f,0f,1f],start_interpolation:0}
execute if entity @s[tag=aj.axia.bone.head] run data modify entity @s {} merge value {transformation:[-0.999988355135983f,-0.0007444607104287283f,0.004768162191238444f,-0.00038356002586190866f,-0.0018285780576740654f,0.9728077220028856f,-0.23160697811992553f,1.7165879163115507f,-0.004466082703927545f,-0.23161300004491817f,-0.9727977550937678f,-0.04182103255852998f,0f,0f,0f,1f],start_interpolation:0}
execute if entity @s[tag=aj.axia.bone.body_1] run data modify entity @s {} merge value {transformation:[-0.9999994314710989f,-0.001049312555988511f,0.00018973834349849753f,0.000009932182633782947f,-0.0010633481110282226f,0.9945860377148974f,-0.10391093721728994f,1.3436181521684643f,-0.0000796760561361227f,-0.10391107989882811f,-0.9945865880485144f,-0.002854377596469436f,0f,0f,0f,1f],start_interpolation:0}
execute if entity @s[tag=aj.axia.bone.leg_left_2] run data modify entity @s {} merge value {transformation:[-0.9948352371382078f,-0.09929085421958828f,0.02107551224787898f,0.15927144210007851f,-0.1006428677312783f,0.9918809704224253f,-0.07773772371694648f,0.7424314498925286f,-0.013185754547633951f,-0.07945732680006512f,-0.9967510567312168f,-0.010408324104357772f,0f,0f,0f,1f],start_interpolation:0}
execute if entity @s[tag=aj.axia.bone.leg_left_1] run data modify entity @s {} merge value {transformation:[-0.9948352371382078f,-0.09932621018516508f,0.020908250008511882f,0.12512910526638735f,-0.1006428677312783f,0.9920104946707734f,-0.07606702069801283f,1.083419753564374f,-0.013185754547633951f,-0.07777841881460368f,-0.9968834703433044f,-0.03710690875410262f,0f,0f,0f,1f],start_interpolation:0}
execute if entity @s[tag=aj.axia.bone.leg_right_2] run data modify entity @s {} merge value {transformation:[-0.9927218765431828f,0.11637504486795397f,0.030985880083733142f,-0.1269260127703253f,0.11305771452642863f,0.8119410368354653f,0.5726863940138706f,1.0275644062087794f,0.041487697196185246f,0.5720215045210549f,-0.819188726330402f,0.28895689064002983f,0f,0f,0f,1f],start_interpolation:0}
execute if entity @s[tag=aj.axia.bone.leg_right_1] run data modify entity @s {} merge value {transformation:[-0.9915436885664851f,0.05495257810414475f,-0.11756414344381162f,-0.12487228740114238f,0.1286560324816852f,0.5348745070078949f,-0.8350789705525656f,1.0864035455088288f,0.016992320913895485f,-0.8431426189635827f,-0.5374214222723075f,-0.03669914052603566f,0f,0f,0f,1f],start_interpolation:0}
execute if entity @s[tag=aj.axia.bone.coat_downer] run data modify entity @s {} merge value {transformation:[-0.9999998951371853f,-0.00045408811279833204f,-0.00005941047217316686f,-0.007711049029571334f,-0.00045795809676059813f,0.9915493762275494f,0.12972904369160912f,1.1437754196432268f,-3.6739400121823283e-16f,0.12972905729536321f,-0.9915494802042187f,-0.02915542830679495f,0f,0f,0f,1f],start_interpolation:0}
execute if entity @s[tag=aj.axia.bone.body_2] run data modify entity @s {} merge value {transformation:[-0.9999998951371853f,-0.00045404263468722046f,-0.000059757043726046456f,0f,-0.00045795809676059813f,0.9914500699664207f,0.13048581929834824f,1.3653061224489798f,-3.6739400121823283e-16f,0.13048583298145994f,-0.9914501739326765f,0f,0f,0f,0f,1f],start_interpolation:0}