execute if entity @s[tag=aj.frestchika_v2.bone.hair] run data modify entity @s {} merge value {transformation:[-1f,1.173771940357617e-17f,-1.2190087682138094e-16f,-9.995525955678335e-18f,0f,0.9953961983671786f,0.09584575252022398f,1.4435670783725614f,1.2246467991473532e-16f,0.09584575252022398f,-0.9953961983671786f,-0.3978696634216299f,0f,0f,0f,1f],start_interpolation:0}
execute if entity @s[tag=aj.frestchika_v2.bone.side_hair_2] run data modify entity @s {} merge value {transformation:[-1f,6.409306129323711e-18f,-1.2229684632711992e-16f,0.487379375f,0f,0.9986295347545737f,0.05233595624294385f,1.8286151430240631f,1.2246467991473532e-16f,0.05233595624294385f,-0.9986295347545737f,-0.42258456455571247f,0f,0f,0f,1f],start_interpolation:0}
execute if entity @s[tag=aj.frestchika_v2.bone.side_hair_1] run data modify entity @s {} merge value {transformation:[-1f,6.409306129323711e-18f,-1.2229684632711992e-16f,0.32911f,0f,0.9986295347545737f,0.05233595624294385f,2.215369382391488f,1.2246467991473532e-16f,0.05233595624294385f,-0.9986295347545737f,-0.40231563374216395f,0f,0f,0f,1f],start_interpolation:0}
execute if entity @s[tag=aj.frestchika_v2.bone.head] run data modify entity @s {} merge value {transformation:[-1f,-4.5876076556629054e-17f,-1.135472739716321e-16f,1.3767968712193643e-17f,0f,0.9271838545667873f,-0.37460659341591196f,1.7140798068654957f,1.2246467991473532e-16f,-0.37460659341591196f,-0.9271838545667873f,-0.20382600377693028f,0f,0f,0f,1f],start_interpolation:0}
execute if entity @s[tag=aj.frestchika_v2.bone.group] run data modify entity @s {} merge value {transformation:[-2.6176948307873e-7f,0.000009996573249755574f,-1.2155184676135684e-21f,-0.3617507496024278f,0.000009922060308645479f,2.5981829304693146e-7f,-0.0000012186934340514748f,2.2557982107024834f,-0.000001218275818249173f,-3.190167502631089e-8f,-0.000009925461516413221f,-0.23885125537718124f,0f,0f,0f,1f],start_interpolation:0}
execute if entity @s[tag=aj.frestchika_v2.bone.group2] run data modify entity @s {} merge value {transformation:[-2.6176948307873e-7f,0.000009996573249755574f,-1.2155184676135684e-21f,-0.3617507496024278f,0.000009922060308645479f,2.5981829304693146e-7f,-0.0000012186934340514748f,2.2557982107024834f,-0.000001218275818249173f,-3.190167502631089e-8f,-0.000009925461516413221f,-0.23885125537718124f,0f,0f,0f,1f],start_interpolation:0}
execute if entity @s[tag=aj.frestchika_v2.bone.group3] run data modify entity @s {} merge value {transformation:[-2.6176948307873e-7f,0.000009996573249755574f,-1.2155184676135684e-21f,-0.3617507496024278f,0.000009922060308645479f,2.5981829304693146e-7f,-0.0000012186934340514748f,2.2557982107024834f,-0.000001218275818249173f,-3.190167502631089e-8f,-0.000009925461516413221f,-0.23885125537718124f,0f,0f,0f,1f],start_interpolation:0}
execute if entity @s[tag=aj.frestchika_v2.locator_origin.muzzle] at @s on origin run tp @s ^-0.36175 ^2.25581 ^-0.23885 ~0 ~-7
execute if entity @s[tag=aj.frestchika_v2.bone.gun] run data modify entity @s {} merge value {transformation:[-2.6176948307873e-7f,0.000009996573249755574f,-1.2155184676135684e-21f,-0.36174888751538803f,0.000009922060308645479f,2.5981829304693146e-7f,-0.0000012186934340514748f,2.255798153252443f,-0.000001218275818249173f,-3.190167502631089e-8f,-0.000009925461516413221f,-0.23885597102551012f,0f,0f,0f,1f],start_interpolation:0}
execute if entity @s[tag=aj.frestchika_v2.bone.sword] run data modify entity @s {} merge value {transformation:[-1.0520293722310265f,1.0873598051751767e-16f,0.027548358629722575f,-0.10188791255189272f,-0.027343017341966026f,-0.12825407830614324f,-1.0441877048215413f,2.218555798115393f,0.0033573003780938146f,-1.0445456445258106f,0.1282101288367247f,-0.41846857476971305f,0f,0f,0f,1f],start_interpolation:0}
execute if entity @s[tag=aj.frestchika_v2.bone.arm_right_1] run data modify entity @s {} merge value {transformation:[-0.026176948307872996f,0.9996573249755574f,-1.2155184676135683e-16f,-0.35356635561545235f,0.9922060308645478f,0.025981829304693144f,-0.12186934340514746f,1.939642655590475f,-0.12182758182491729f,-0.0031901675026310885f,-0.992546151641322f,-0.2504124483409885f,0f,0f,0f,1f],start_interpolation:0}
execute if entity @s[tag=aj.frestchika_v2.bone.arm_right_0] run data modify entity @s {} merge value {transformation:[-0.026176948307872996f,0.9996573249755574f,-1.2155184676135683e-16f,-0.34375f,0.9922060308645478f,0.025981829304693144f,-0.12186934340514746f,1.5698504442051162f,-0.12182758182491729f,-0.0031901675026310885f,-0.992546151641322f,-0.18611686481336975f,0f,0f,0f,1f],start_interpolation:0}
execute if entity @s[tag=aj.frestchika_v2.bone.arm_left_1] run data modify entity @s {} merge value {transformation:[-0.3718262862336565f,0.7424209043774121f,0.5572758864414573f,0.45133506268596024f,0.8200757431145564f,0.5440072788387685f,-0.17757211528149885f,1.6039200235504965f,-0.43499538896498036f,0.3909824565295269f,-0.8111175810357841f,-0.34282985489636497f,0f,0f,0f,1f],start_interpolation:0}
execute if entity @s[tag=aj.frestchika_v2.bone.arm_left_0] run data modify entity @s {} merge value {transformation:[-0.6535124835252213f,0.7424209043774121f,-0.147419926129823f,0.25f,0.459666713650314f,0.5440072788387685f,0.7019705071670449f,1.70066391744932f,0.6013550916377256f,0.3909824565295269f,-0.6967817251101804f,-0.09513082073084063f,0f,0f,0f,1f],start_interpolation:0}
execute if entity @s[tag=aj.frestchika_v2.bone.right_wing_0] run data modify entity @s {} merge value {transformation:[-0.00001f,-1.4924690131530346e-22f,-1.2155184676135684e-21f,-0.20074625000000001f,0f,0.000009925461516413221f,-0.0000012186934340514748f,1.308055652241479f,1.2246467991473532e-21f,-0.0000012186934340514748f,-0.000009925461516413221f,-0.7200670894151376f,0f,0f,0f,1f],start_interpolation:0}
execute if entity @s[tag=aj.frestchika_v2.bone.right_wing_1] run data modify entity @s {} merge value {transformation:[-0.00001f,-1.4924690131530346e-22f,-1.2155184676135684e-21f,0.19925375000000004f,0f,0.000009925461516413221f,-0.0000012186934340514748f,2.1558422558580683f,1.2246467991473532e-21f,-0.0000012186934340514748f,-0.000009925461516413221f,-0.22595323641337434f,0f,0f,0f,1f],start_interpolation:0}
execute if entity @s[tag=aj.frestchika_v2.bone.right_wing_2] run data modify entity @s {} merge value {transformation:[-0.00001f,-1.4924690131530346e-22f,-1.2155184676135684e-21f,0.20550375000000004f,0f,0.000009925461516413221f,-0.0000012186934340514748f,2.137232015514793f,1.2246467991473532e-21f,-0.0000012186934340514748f,-0.000009925461516413221f,-0.22366818622452778f,0f,0f,0f,1f],start_interpolation:0}
execute if entity @s[tag=aj.frestchika_v2.bone.left_wing_0] run data modify entity @s {} merge value {transformation:[-0.00001f,-1.4924690131530346e-22f,-1.2155184676135684e-21f,-0.20074625000000001f,0f,0.000009925461516413221f,-0.0000012186934340514748f,1.308055652241479f,1.2246467991473532e-21f,-0.0000012186934340514748f,-0.000009925461516413221f,-0.7200670894151376f,0f,0f,0f,1f],start_interpolation:0}
execute if entity @s[tag=aj.frestchika_v2.bone.left_wing_1] run data modify entity @s {} merge value {transformation:[-0.00001f,-1.4924690131530346e-22f,-1.2155184676135684e-21f,0.19925375000000004f,0f,0.000009925461516413221f,-0.0000012186934340514748f,2.1558422558580683f,1.2246467991473532e-21f,-0.0000012186934340514748f,-0.000009925461516413221f,-0.22595323641337434f,0f,0f,0f,1f],start_interpolation:0}
execute if entity @s[tag=aj.frestchika_v2.bone.left_wing_2] run data modify entity @s {} merge value {transformation:[-0.00001f,-1.4924690131530346e-22f,-1.2155184676135684e-21f,0.20550375000000004f,0f,0.000009925461516413221f,-0.0000012186934340514748f,2.137232015514793f,1.2246467991473532e-21f,-0.0000012186934340514748f,-0.000009925461516413221f,-0.22366818622452778f,0f,0f,0f,1f],start_interpolation:0}
execute if entity @s[tag=aj.frestchika_v2.bone.leg_right_1] run data modify entity @s {} merge value {transformation:[-1f,7.455177354798979e-17f,-9.715776287805219e-17f,-0.14374999999999993f,0f,0.7933533402912353f,0.6087614290087203f,0.9835593665900254f,1.2246467991473532e-16f,0.6087614290087203f,-0.7933533402912353f,0.11502812370632304f,0f,0f,0f,1f],start_interpolation:0}
execute if entity @s[tag=aj.frestchika_v2.bone.leg_right_0] run data modify entity @s {} merge value {transformation:[-1f,-9.715776287805218e-17f,-7.455177354798982e-17f,-0.14374999999999996f,0f,0.6087614290087205f,-0.7933533402912352f,1.075781845064362f,1.2246467991473532e-16f,-0.7933533402912352f,-0.6087614290087205f,-0.2002267564526533f,0f,0f,0f,1f],start_interpolation:0}
execute if entity @s[tag=aj.frestchika_v2.bone.leg_left_1] run data modify entity @s {} merge value {transformation:[-0.9989863435996542f,-0.02299523069070887f,0.03869760544109465f,0.16146491099400356f,0.003923252908397793f,0.8119249140382704f,0.5837486976863966f,0.6678397805464279f,-0.04484298593994723f,0.5833087975758882f,-0.8110116850468687f,-0.16618953710883294f,0f,0f,0f,1f],start_interpolation:0}
execute if entity @s[tag=aj.frestchika_v2.bone.leg_left_0] run data modify entity @s {} merge value {transformation:[-0.9989863435996542f,0.006093570682657274f,0.0445999293466819f,0.16375000000000003f,0.003923252908397793f,0.9988111689059762f,-0.04858865047821652f,1.042393968886169f,-0.04484298593994723f,-0.04836442147915139f,-0.997822624190781f,-0.18432619516351473f,0f,0f,0f,1f],start_interpolation:0}
execute if entity @s[tag=aj.frestchika_v2.bone.body_0] run data modify entity @s {} merge value {transformation:[-1f,1.0673500138322964e-17f,-1.21998664834562e-16f,1.936472751151752e-17f,0f,0.9961946980917455f,0.08715574274765812f,1.341875f,1.2246467991473532e-16f,0.08715574274765812f,-0.9961946980917455f,-0.158125f,0f,0f,0f,1f],start_interpolation:0}
execute if entity @s[tag=aj.frestchika_v2.bone.body_1] run data modify entity @s {} merge value {transformation:[-1f,-1.4924690131530345e-17f,-1.2155184676135683e-16f,1.936472751151752e-17f,0f,0.992546151641322f,-0.12186934340514746f,1.341875f,1.2246467991473532e-16f,-0.12186934340514746f,-0.992546151641322f,-0.158125f,0f,0f,0f,1f],start_interpolation:0}