execute if entity @s[tag=aj.frestchika_v2.bone.hair] run data modify entity @s {} merge value {transformation:[-0.999979510574335f,0.006175772878615722f,0.0016847138822964072f,0.0009278704267156772f,0.006286806480200087f,0.9970342599854218f,0.07670176321051936f,1.452958609758991f,-0.00120602478994504f,0.07671078310559631f,-0.99705265721502f,-0.4169461508316075f,0f,0f,0f,1f],start_interpolation:0}
execute if entity @s[tag=aj.frestchika_v2.bone.side_hair_2] run data modify entity @s {} merge value {transformation:[-0.999979510574335f,0.006243658562996507f,0.0014125010662538082f,0.49075059803727394f,0.006286806480200087f,0.9994374757257598f,0.03294249807166f,1.8344433159560554f,-0.00120602478994504f,0.03295070321965127f,-0.9994562504990082f,-0.4459637145390126f,0f,0f,0f,1f],start_interpolation:0}
execute if entity @s[tag=aj.frestchika_v2.bone.side_hair_1] run data modify entity @s {} merge value {transformation:[-0.999979510574335f,0.006243658562996507f,0.0014125010662538082f,0.3349025411924382f,0.006286806480200087f,0.9994374757257598f,0.03294249807166f,2.2225054676748734f,-0.00120602478994504f,0.03295070321965127f,-0.9994562504990082f,-0.4333932782323291f,0f,0f,0f,1f],start_interpolation:0}
execute if entity @s[tag=aj.frestchika_v2.bone.head] run data modify entity @s {} merge value {transformation:[-0.999979510574335f,0.006260124935159986f,-0.001337634968754907f,0.002419165015753368f,0.006286806480200087f,0.9210251661001918f,-0.38945233273713264f,1.7265496860529064f,-0.00120602478994504f,-0.3894527625347006f,-0.9210456510175248f,-0.22727333480942224f,0f,0f,0f,1f],start_interpolation:0}
execute if entity @s[tag=aj.frestchika_v2.bone.group] run data modify entity @s {} merge value {transformation:[-1.9809556015396719e-7f,0.000009985425788857064f,5.020258601661965e-7f,-0.36133307269165216f,0.000009880912285923625f,2.7216147979293056e-7f,-0.0000015144307599888861f,2.2643290298446836f,-0.0000015258868067228571f,4.660471479853149e-7f,-0.000009871903033808825f,-0.2971329389112394f,0f,0f,0f,1f],start_interpolation:0}
execute if entity @s[tag=aj.frestchika_v2.bone.group2] run data modify entity @s {} merge value {transformation:[-1.9809556015396719e-7f,0.000009985425788857064f,5.020258601661965e-7f,-0.36133307269165216f,0.000009880912285923625f,2.7216147979293056e-7f,-0.0000015144307599888861f,2.2643290298446836f,-0.0000015258868067228571f,4.660471479853149e-7f,-0.000009871903033808825f,-0.2971329389112394f,0f,0f,0f,1f],start_interpolation:0}
execute if entity @s[tag=aj.frestchika_v2.bone.group3] run data modify entity @s {} merge value {transformation:[-1.9809556015396719e-7f,0.000009985425788857064f,5.020258601661965e-7f,-0.36133307269165216f,0.000009880912285923625f,2.7216147979293056e-7f,-0.0000015144307599888861f,2.2643290298446836f,-0.0000015258868067228571f,4.660471479853149e-7f,-0.000009871903033808825f,-0.2971329389112394f,0f,0f,0f,1f],start_interpolation:0}
execute if entity @s[tag=aj.frestchika_v2.locator_origin.muzzle] at @s on origin run tp @s ^-0.36133 ^2.26434 ^-0.29714 ~2.91121 ~-8.71056
execute if entity @s[tag=aj.frestchika_v2.bone.gun] run data modify entity @s {} merge value {transformation:[-1.9809556015396719e-7f,0.000009985425788857064f,5.020258601661965e-7f,-0.36133097438542416f,0.000009880912285923625f,2.7216147979293056e-7f,-0.0000015144307599888861f,2.264328834153306f,-0.0000015258868067228571f,4.660471479853149e-7f,-0.000009871903033808825f,-0.2971375505078903f,0f,0f,0f,1f],start_interpolation:0}
execute if entity @s[tag=aj.frestchika_v2.bone.sword] run data modify entity @s {} merge value {transformation:[-1.0517850556761934f,-0.028981960423571842f,0.020807564159053597f,-0.10281714375660267f,-0.01617566759022894f,-0.15969106272865274f,-1.040077797264514f,2.218976777452271f,0.03180025997121762f,-1.0397997511802932f,0.15915380300565538f,-0.48222910231115235f,0f,0f,0f,1f],start_interpolation:0}
execute if entity @s[tag=aj.frestchika_v2.bone.arm_right_1] run data modify entity @s {} merge value {transformation:[-0.019809556015396718f,0.9985425788857063f,0.05020258601661964f,-0.3526281111118941f,0.9880912285923624f,0.027216147979293056f,-0.1514430759988886f,1.9479805188913042f,-0.1525886806722857f,0.04660471479853148f,-0.9871903033808824f,-0.2988133487829649f,0f,0f,0f,1f],start_interpolation:0}
execute if entity @s[tag=aj.frestchika_v2.bone.arm_right_0] run data modify entity @s {} merge value {transformation:[-0.020036070099418216f,0.9985425788857063f,0.05011261365419323f,-0.3460541963306284f,0.9887650733200988f,0.027216147979293056f,-0.1469792878995851f,1.5799494780443843f,-0.14812894949087804f,0.04660471479853148f,-0.9878693308739149f,-0.22474244276999972f,0f,0f,0f,1f],start_interpolation:0}
execute if entity @s[tag=aj.frestchika_v2.bone.arm_left_1] run data modify entity @s {} merge value {transformation:[-0.3463138199706086f,0.7232436676363647f,0.5974824979204533f,0.4595331230637687f,0.8149672173730818f,0.5473921588123929f,-0.19023737560711923f,1.6218615388571642f,-0.4646452116449076f,0.4210468165116651f,-0.7789893488365878f,-0.34273123242558623f,0f,0f,0f,1f],start_interpolation:0}
execute if entity @s[tag=aj.frestchika_v2.bone.arm_left_0] run data modify entity @s {} merge value {transformation:[-0.6815418367935139f,0.7232436676363647f,-0.11144201148589795f,0.24665154040296722f,0.4673726033219699f,0.5473921588123929f,0.6942079473290066f,1.7213390546483214f,0.563083985178204f,0.4210468165116651f,-0.7110949331427023f,-0.1063868626520185f,0f,0f,0f,1f],start_interpolation:0}
execute if entity @s[tag=aj.frestchika_v2.bone.right_wing_0] run data modify entity @s {} merge value {transformation:[-0.000009987347656733718f,6.392242724513981e-8f,4.987992650662523e-7f,-0.1722207081085576f,-4.335430484358828e-9f,0.00000990756887682792f,-0.0000013564881698537927f,1.3133046571665667f,-5.028598090701413e-7f,-0.0000013549881454115628f,-0.00000989500576746755f,-0.7472627484939489f,0f,0f,0f,1f],start_interpolation:0}
execute if entity @s[tag=aj.frestchika_v2.bone.right_wing_1] run data modify entity @s {} merge value {transformation:[-0.000009987347656733718f,6.392242724513981e-8f,4.987992650662523e-7f,0.2026509314260089f,-4.335430484358828e-9f,0.00000990756887682792f,-0.0000013564881698537927f,2.168048377973191f,-5.028598090701413e-7f,-0.0000013549881454115628f,-0.00000989500576746755f,-0.24549083754803586f,0f,0f,0f,1f],start_interpolation:0}
execute if entity @s[tag=aj.frestchika_v2.bone.right_wing_2] run data modify entity @s {} merge value {transformation:[-0.000009987347656733718f,6.392242724513981e-8f,4.987992650662523e-7f,0.20877316916038283f,-4.335430484358828e-9f,0.00000990756887682792f,-0.0000013564881698537927f,2.1494743959731917f,-5.028598090701413e-7f,-0.0000013549881454115628f,-0.00000989500576746755f,-0.2426359473947203f,0f,0f,0f,1f],start_interpolation:0}
execute if entity @s[tag=aj.frestchika_v2.bone.left_wing_0] run data modify entity @s {} merge value {transformation:[-0.000009987347656733718f,6.392242724513981e-8f,4.987992650662523e-7f,-0.1722207081085576f,-4.335430484358828e-9f,0.00000990756887682792f,-0.0000013564881698537927f,1.3133046571665667f,-5.028598090701413e-7f,-0.0000013549881454115628f,-0.00000989500576746755f,-0.7472627484939489f,0f,0f,0f,1f],start_interpolation:0}
execute if entity @s[tag=aj.frestchika_v2.bone.left_wing_1] run data modify entity @s {} merge value {transformation:[-0.000009987347656733718f,6.392242724513981e-8f,4.987992650662523e-7f,0.2026509314260089f,-4.335430484358828e-9f,0.00000990756887682792f,-0.0000013564881698537927f,2.168048377973191f,-5.028598090701413e-7f,-0.0000013549881454115628f,-0.00000989500576746755f,-0.24549083754803586f,0f,0f,0f,1f],start_interpolation:0}
execute if entity @s[tag=aj.frestchika_v2.bone.left_wing_2] run data modify entity @s {} merge value {transformation:[-0.000009987347656733718f,6.392242724513981e-8f,4.987992650662523e-7f,0.20877316916038283f,-4.335430484358828e-9f,0.00000990756887682792f,-0.0000013564881698537927f,2.1494743959731917f,-5.028598090701413e-7f,-0.0000013549881454115628f,-0.00000989500576746755f,-0.2426359473947203f,0f,0f,0f,1f],start_interpolation:0}
execute if entity @s[tag=aj.frestchika_v2.bone.leg_right_1] run data modify entity @s {} merge value {transformation:[-0.9997381043932031f,-0.02240744858492115f,0.004650685132269695f,-0.1432135222719731f,-0.014472354911594425f,0.7764603666866772f,0.6299998808794358f,1.004892586842289f,-0.01772776262245883f,0.6297675803125344f,-0.7765813036763741f,0.09254869090449433f,0f,0f,0f,1f],start_interpolation:0}
execute if entity @s[tag=aj.frestchika_v2.bone.leg_right_0] run data modify entity @s {} merge value {transformation:[-0.9997381043932031f,0.005499773048566289f,0.022214299914687007f,-0.13880473735767415f,-0.014472354911594425f,0.600004657316666f,-0.7998655900472422f,1.088232455801651f,-0.01772776262245883f,-0.7999776019956586f,-0.5997679240653648f,-0.22411588512340855f,0f,0f,0f,1f],start_interpolation:0}
execute if entity @s[tag=aj.frestchika_v2.bone.leg_left_1] run data modify entity @s {} merge value {transformation:[-0.9955637217493347f,-0.0311302714694269f,0.08879066468302398f,0.15478546457911696f,0.027280894871469945f,0.8076382207367565f,0.5890469057555416f,0.6804084800596872f,-0.09004792452702737f,0.5888560185677021f,-0.8032060512004182f,-0.1788387614234279f,0f,0f,0f,1f],start_interpolation:0}
execute if entity @s[tag=aj.frestchika_v2.bone.leg_left_0] run data modify entity @s {} merge value {transformation:[-0.9955637217493347f,0.03091068398496192f,0.08886734806550287f,0.16637697107347768f,0.027280894871469945f,0.9987545798332812f,-0.04177370030363353f,1.0549414474971677f,-0.09004792452702737f,-0.03916399976544539f,-0.9951670977332133f,-0.1935252613354699f,0f,0f,0f,1f],start_interpolation:0}
execute if entity @s[tag=aj.frestchika_v2.bone.body_0] run data modify entity @s {} merge value {transformation:[-0.9987865292525735f,-0.014422474455483404f,0.047089926886536536f,0.000022073994060625295f,-0.010490022244714221f,0.9965181701721578f,0.08271333598664413f,1.3550158531718595f,-0.04811889874990728f,0.08211899139246054f,-0.9954602166012367f,-0.17646127935648864f,0f,0f,0f,1f],start_interpolation:0}
execute if entity @s[tag=aj.frestchika_v2.bone.body_1] run data modify entity @s {} merge value {transformation:[-0.9987347656733717f,0.006392242724513981f,0.049879926506625226f,0.000022073994060625295f,-0.0004335430484358828f,0.9907568876827918f,-0.13564881698537926f,1.3550158531718595f,-0.050285980907014124f,-0.13549881454115625f,-0.989500576746755f,-0.17646127935648864f,0f,0f,0f,1f],start_interpolation:0}