execute if entity @s[tag=aj.frestchika_v2.bone.hair] run data modify entity @s {} merge value {transformation:[-1f,1.0235935023994393e-17f,-2.6716022543581222e-17f,6.767166344285353e-17f,6.938893903907228e-18f,0.7933533402912352f,0.6087614290087207f,1.1627123357594176f,0f,0.6087614290087207f,-0.7933533402912352f,0.004979337376641857f,0f,0f,0f,1f],start_interpolation:0}
execute if entity @s[tag=aj.frestchika_v2.bone.side_hair_2] run data modify entity @s {} merge value {transformation:[-1f,1.4719616800160393e-17f,-2.4532694666933986e-17f,0.48737937500000006f,6.938893903907228e-18f,0.6755902076156602f,0.7372773368101242f,1.5496209555664384f,0f,0.7372773368101242f,-0.6755902076156602f,0.09885732656443977f,0f,0f,0f,1f],start_interpolation:0}
execute if entity @s[tag=aj.frestchika_v2.bone.side_hair_1] run data modify entity @s {} merge value {transformation:[-1f,9.060856145759534e-18f,-2.7137080024763663e-17f,0.32911000000000007f,6.938893903907228e-18f,0.8191520442889918f,0.5735764363510462f,1.8668662550389006f,0f,0.5735764363510462f,-0.8191520442889918f,0.3209948767166546f,0f,0f,0f,1f],start_interpolation:0}
execute if entity @s[tag=aj.frestchika_v2.bone.head] run data modify entity @s {} merge value {transformation:[-1f,-6.938893903907228e-18f,-2.7755575615628914e-17f,7.424192860811568e-17f,6.938893903907228e-18f,0.9990482215818578f,0.04361938736533599f,1.3283998475321854f,0f,0.04361938736533601f,-0.9990482215818578f,0.29373135307098985f,0f,0f,0f,1f],start_interpolation:0}
execute if entity @s[tag=aj.frestchika_v2.bone.group] run data modify entity @s {} merge value {transformation:[4.857477549486486e-7f,5.160021840992095e-7f,-0.000009974857937061922f,-0.000133846723189517f,-2.6597341480869024e-7f,0.000009983773564400477f,5.035112286664412e-7f,1.1632170091096083f,0.000009984653587439944f,2.408467578835769e-7f,4.986838457776808e-7f,1.1937427701128767f,0f,0f,0f,1f],start_interpolation:0}
execute if entity @s[tag=aj.frestchika_v2.bone.group2] run data modify entity @s {} merge value {transformation:[4.857477549486486e-7f,5.160021840992095e-7f,-0.000009974857937061922f,-0.000133846723189517f,-2.6597341480869024e-7f,0.000009983773564400477f,5.035112286664412e-7f,1.1632170091096083f,0.000009984653587439944f,2.408467578835769e-7f,4.986838457776808e-7f,1.1937427701128767f,0f,0f,0f,1f],start_interpolation:0}
execute if entity @s[tag=aj.frestchika_v2.bone.group3] run data modify entity @s {} merge value {transformation:[4.857477549486486e-7f,5.160021840992095e-7f,-0.000009974857937061922f,-0.000133846723189517f,-2.6597341480869024e-7f,0.000009983773564400477f,5.035112286664412e-7f,1.1632170091096083f,0.000009984653587439944f,2.408467578835769e-7f,4.986838457776808e-7f,1.1937427701128767f,0f,0f,0f,1f],start_interpolation:0}
execute if entity @s[tag=aj.frestchika_v2.locator_origin.muzzle] at @s on origin run tp @s ^-0.00014 ^1.16322 ^1.19375 ~-92.86207 ~2.88613
execute if entity @s[tag=aj.frestchika_v2.bone.gun] run data modify entity @s {} merge value {transformation:[4.857477549486486e-7f,5.160021840992095e-7f,-0.000009974857937061922f,-0.00013840291801198295f,-2.6597341480869024e-7f,0.000009983773564400477f,5.035112286664412e-7f,1.1632191046205362f,0.000009984653587439944f,2.408467578835769e-7f,4.986838457776808e-7f,1.1937435170603334f,0f,0f,0f,1f],start_interpolation:0}
execute if entity @s[tag=aj.frestchika_v2.bone.sword] run data modify entity @s {} merge value {transformation:[-1.0497440744384592f,0.05430355385241687f,-0.05111960798304104f,0.21450099678125942f,0.052989018193627745f,1.0506823461439416f,0.02799077620105175f,1.2858578794090587f,0.052480989245797555f,0.025346471952909736f,-1.0507749588885917f,1.1646620045906113f,0f,0f,0f,1f],start_interpolation:0}
execute if entity @s[tag=aj.frestchika_v2.bone.arm_right_1] run data modify entity @s {} merge value {transformation:[0.04857477549486486f,0.05160021840992095f,-0.9974857937061921f,-0.06519207909704686f,-0.02659734148086902f,0.9983773564400477f,0.050351122866644116f,1.1740505616182784f,0.9984653587439942f,0.024084675788357685f,0.04986838457776807f,0.8842188759523554f,0f,0f,0f,1f],start_interpolation:0}
execute if entity @s[tag=aj.frestchika_v2.bone.arm_right_0] run data modify entity @s {} merge value {transformation:[0.04857477549486486f,0.05160021840992095f,-0.9974857937061921f,-0.06470476127563007f,-0.02659734148086902f,0.9983773564400477f,0.050351122866644116f,1.1830804811198548f,0.9984653587439942f,0.024084675788357685f,0.04986838457776807f,0.5088593342125244f,0f,0f,0f,1f],start_interpolation:0}
execute if entity @s[tag=aj.frestchika_v2.bone.arm_left_1] run data modify entity @s {} merge value {transformation:[-0.38157061143203497f,0.6158265326425391f,-0.6893196284633498f,-0.04261749479077062f,0.7901390735044425f,0.6042978676637697f,0.10249064180969225f,1.1872820204160976f,0.4796708381931556f,-0.5055509557210718f,-0.7171709127931686f,-0.21525544948419859f,0f,0f,0f,1f],start_interpolation:0}
execute if entity @s[tag=aj.frestchika_v2.bone.arm_left_0] run data modify entity @s {} merge value {transformation:[0.5067926351080619f,0.6158265326425391f,-0.6032569159932561f,0.16733438031884373f,0.1874772625347459f,0.6042978676637697f,0.7743877343873025f,1.1901330506608423f,0.8414353813767904f,-0.5055509557210718f,0.19080023620741726f,0.04390103174770202f,0f,0f,0f,1f],start_interpolation:0}
execute if entity @s[tag=aj.frestchika_v2.bone.right_wing_0] run data modify entity @s {} merge value {transformation:[-0.0000025881904510252067f,2.6506208041798653e-22f,-0.000009659258262890684f,-0.594686526379082f,-0.0000020906461293484896f,0.000009762960071199335f,5.601869420181803e-7f,0.985884007071086f,0.000009430295273800398f,0.000002164396139381029f,-0.0000025268400030018487f,0.2674565761065165f,0f,0f,0f,1f],start_interpolation:0}
execute if entity @s[tag=aj.frestchika_v2.bone.right_wing_1] run data modify entity @s {} merge value {transformation:[-0.0000025881904510252067f,2.6506208041798653e-22f,-0.000009659258262890684f,0.08235955102106052f,-0.0000020906461293484896f,0.000009762960071199335f,5.601869420181803e-7f,1.7989800081251444f,0.000009430295273800398f,0.000002164396139381029f,-0.0000025268400030018487f,0.2093693387218783f,0f,0f,0f,1f],start_interpolation:0}
execute if entity @s[tag=aj.frestchika_v2.bone.right_wing_2] run data modify entity @s {} merge value {transformation:[-0.0000025881904510252067f,2.6506208041798653e-22f,-0.000009659258262890684f,0.08397717005295127f,-0.0000020906461293484896f,0.000009762960071199335f,5.601869420181803e-7f,1.7819811118224882f,0.000009430295273800398f,0.000002164396139381029f,-0.0000025268400030018487f,0.19941716141441354f,0f,0f,0f,1f],start_interpolation:0}
execute if entity @s[tag=aj.frestchika_v2.bone.left_wing_0] run data modify entity @s {} merge value {transformation:[-0.0000025881904510252067f,2.6506208041798653e-22f,-0.000009659258262890684f,-0.594686526379082f,-0.0000020906461293484896f,0.000009762960071199335f,5.601869420181803e-7f,0.985884007071086f,0.000009430295273800398f,0.000002164396139381029f,-0.0000025268400030018487f,0.2674565761065165f,0f,0f,0f,1f],start_interpolation:0}
execute if entity @s[tag=aj.frestchika_v2.bone.left_wing_1] run data modify entity @s {} merge value {transformation:[-0.0000025881904510252067f,2.6506208041798653e-22f,-0.000009659258262890684f,0.08235955102106052f,-0.0000020906461293484896f,0.000009762960071199335f,5.601869420181803e-7f,1.7989800081251444f,0.000009430295273800398f,0.000002164396139381029f,-0.0000025268400030018487f,0.2093693387218783f,0f,0f,0f,1f],start_interpolation:0}
execute if entity @s[tag=aj.frestchika_v2.bone.left_wing_2] run data modify entity @s {} merge value {transformation:[-0.0000025881904510252067f,2.6506208041798653e-22f,-0.000009659258262890684f,0.08397717005295127f,-0.0000020906461293484896f,0.000009762960071199335f,5.601869420181803e-7f,1.7819811118224882f,0.000009430295273800398f,0.000002164396139381029f,-0.0000025268400030018487f,0.19941716141441354f,0f,0f,0f,1f],start_interpolation:0}
execute if entity @s[tag=aj.frestchika_v2.bone.leg_right_1] run data modify entity @s {} merge value {transformation:[-0.8368893637264907f,0.04322697434601902f,-0.5456625528386185f,0.056996282181245514f,0.07525741246376462f,0.9964965734938567f,-0.03648151428136348f,0.42408075553280683f,0.5421738787056496f,-0.07159614307971568f,-0.837210533584821f,0.5940947716749434f,0f,0f,0f,1f],start_interpolation:0}
execute if entity @s[tag=aj.frestchika_v2.bone.leg_right_0] run data modify entity @s {} merge value {transformation:[-0.8368893637264907f,-0.3329956125419392f,-0.4344307941540151f,-0.07330745744890689f,0.07525741246376462f,0.7161303744259354f,-0.6938974050202438f,0.6839559283797796f,0.5421738787056496f,-0.6134094952414644f,-0.5742615052368422f,0.3568879421439337f,0f,0f,0f,1f],start_interpolation:0}
execute if entity @s[tag=aj.frestchika_v2.bone.leg_left_1] run data modify entity @s {} merge value {transformation:[-0.26739711767938207f,0.05046151762065415f,-0.9622642135589263f,0.23233446691431847f,-0.6660032860945125f,0.7120207142273957f,0.22240981413242614f,0.3999337716014913f,0.6963751893685399f,0.7003428715640146f,-0.15678475015574866f,-0.10925141172592759f,0f,0f,0f,1f],start_interpolation:0}
execute if entity @s[tag=aj.frestchika_v2.bone.leg_left_0] run data modify entity @s {} merge value {transformation:[-0.26739711767938207f,-0.559531961955944f,-0.7844888558841934f,0.022509981180839477f,-0.6660032860945125f,0.6956865834315292f,-0.26918358149165955f,0.6608162403883148f,0.6963751893685399f,0.4504932421059145f,-0.5586747125553764f,0.05968355406379036f,0f,0f,0f,1f],start_interpolation:0}
execute if entity @s[tag=aj.frestchika_v2.bone.body_0] run data modify entity @s {} merge value {transformation:[-0.2499999999999999f,0.06698729810778066f,-0.9659258262890683f,6.430210059244119e-17f,0.05074309130328672f,0.9971394308645655f,0.05601869420181802f,0.9622888448622106f,0.9669152696513725f,-0.035009388845134354f,-0.25268400030018484f,0.21256649784420129f,0f,0f,0f,1f],start_interpolation:0}
execute if entity @s[tag=aj.frestchika_v2.bone.body_1] run data modify entity @s {} merge value {transformation:[-0.25881904510252063f,2.650620804179865e-17f,-0.9659258262890683f,6.430210059244119e-17f,-0.20906461293484896f,0.9762960071199334f,0.05601869420181802f,0.9622888448622106f,0.9430295273800398f,0.21643961393810288f,-0.25268400030018484f,0.21256649784420129f,0f,0f,0f,1f],start_interpolation:0}