execute if entity @s[tag=aj.frestchika_v2.bone.hair] run data modify entity @s {} merge value {transformation:[-0.9787056146865849f,-0.08274655074670681f,0.18785187813933768f,0.03735394019933132f,-0.0663290946340596f,0.9935409684970771f,0.09206951245073462f,1.3888037324156786f,-0.19425697152478166f,0.07764890377470045f,-0.9778726280843569f,-0.29261923164944714f,0f,0f,0f,1f],start_interpolation:0}
execute if entity @s[tag=aj.frestchika_v2.bone.side_hair_2] run data modify entity @s {} merge value {transformation:[-0.9787056146865849f,-0.08222164738665928f,0.18808221734650452f,0.4367760622995881f,-0.0663290946340596f,0.9937942008281639f,0.08929466728386753f,1.7330461210807777f,-0.19425697152478166f,0.07491786903893158f,-0.9780856516239697f,0.08641177515399663f,0f,0f,0f,1f],start_interpolation:0}
execute if entity @s[tag=aj.frestchika_v2.bone.side_hair_1] run data modify entity @s {} merge value {transformation:[-0.9787056146865849f,-0.08222164738665928f,0.18808221734650452f,0.2500337256460091f,-0.0663290946340596f,0.9937942008281639f,0.08929466728386753f,2.1074298437964645f,-0.19425697152478166f,0.07491786903893158f,-0.9780856516239697f,0.08468141259211925f,0f,0f,0f,1f],start_interpolation:0}
execute if entity @s[tag=aj.frestchika_v2.bone.head] run data modify entity @s {} merge value {transformation:[-0.9787056146865849f,-0.07693802667990908f,0.1903046500523713f,-0.029873828630256918f,-0.0663290946340596f,0.9958999888561195f,0.061511489995015135f,1.548898311369577f,-0.19425697152478166f,0.047578905483233666f,-0.979796140412401f,-0.00857657461925836f,0f,0f,0f,1f],start_interpolation:0}
execute if entity @s[tag=aj.frestchika_v2.bone.group] run data modify entity @s {} merge value {transformation:[-0.000006815626421740853f,-0.000006494420045716597f,0.000003371905210569002f,-0.49738150936945313f,-0.0000067640381684498434f,0.000003833216208455248f,-0.000006289216259200318f,0.9837500265129513f,0.0000027919570439069506f,-0.00000656726440529315f,-0.000007005427474176573f,-0.2017809095891503f,0f,0f,0f,1f],start_interpolation:0}
execute if entity @s[tag=aj.frestchika_v2.bone.group2] run data modify entity @s {} merge value {transformation:[-0.000006815626421740853f,-0.000006494420045716597f,0.000003371905210569002f,-0.49738150936945313f,-0.0000067640381684498434f,0.000003833216208455248f,-0.000006289216259200318f,0.9837500265129513f,0.0000027919570439069506f,-0.00000656726440529315f,-0.000007005427474176573f,-0.2017809095891503f,0f,0f,0f,1f],start_interpolation:0}
execute if entity @s[tag=aj.frestchika_v2.bone.group3] run data modify entity @s {} merge value {transformation:[-0.000006815626421740853f,-0.000006494420045716597f,0.000003371905210569002f,-0.49738150936945313f,-0.0000067640381684498434f,0.000003833216208455248f,-0.000006289216259200318f,0.9837500265129513f,0.0000027919570439069506f,-0.00000656726440529315f,-0.000007005427474176573f,-0.2017809095891503f,0f,0f,0f,1f],start_interpolation:0}
execute if entity @s[tag=aj.frestchika_v2.locator_origin.muzzle] at @s on origin run tp @s ^-0.49739 ^0.98374 ^-0.20178 ~25.70279 ~-38.97061
execute if entity @s[tag=aj.frestchika_v2.bone.gun] run data modify entity @s {} merge value {transformation:[-0.000006815626421740853f,-0.000006494420045716597f,0.000003371905210569002f,-0.4973814659751328f,-0.0000067640381684498434f,0.000003833216208455248f,-0.000006289216259200318f,0.9837474801065798f,0.0000027919570439069506f,-0.00000656726440529315f,-0.000007005427474176573f,-0.20178529387236838f,0f,0f,0f,1f],start_interpolation:0}
execute if entity @s[tag=aj.frestchika_v2.bone.sword] run data modify entity @s {} merge value {transformation:[-0.5988296076048648f,-0.26227506024916003f,0.8247057693063039f,-0.3504878795723907f,0.2630950807827348f,0.9002525661490013f,0.4773374149488641f,1.0144738407940637f,-0.8244445352015679f,0.4777884699461019f,-0.4466923980356424f,0.019663652980006135f,0f,0f,0f,1f],start_interpolation:0}
execute if entity @s[tag=aj.frestchika_v2.bone.arm_right_1] run data modify entity @s {} merge value {transformation:[-0.6815626421740852f,-0.6494420045716597f,0.33719052105690017f,-0.2675366820436004f,-0.6764038168449843f,0.3833216208455248f,-0.6289216259200318f,1.1636769078326572f,0.279195704390695f,-0.656726440529315f,-0.7005427474176572f,-0.3240619516438201f,0f,0f,0f,1f],start_interpolation:0}
execute if entity @s[tag=aj.frestchika_v2.bone.arm_right_0] run data modify entity @s {} merge value {transformation:[-0.2696152200193245f,-0.6494420045716597f,0.7110082389338926f,-0.17976237901636424f,-0.9236149217737057f,0.3833216208455248f,-0.000106157011185673f,1.5100344939417565f,-0.2724758877605181f,-0.656726440529315f,-0.7031836693914425f,-0.20869879993253626f,0f,0f,0f,1f],start_interpolation:0}
execute if entity @s[tag=aj.frestchika_v2.bone.arm_left_1] run data modify entity @s {} merge value {transformation:[0.07873670486276829f,0.5407672094128608f,0.837479167819224f,0.27515337483398317f,0.9106017128399672f,0.30288417724368866f,-0.2811862296563098f,1.178284132589047f,-0.4057154814402215f,0.784749641859899f,-0.4685754450678021f,0.22475582687033208f,0f,0f,0f,1f],start_interpolation:0}
execute if entity @s[tag=aj.frestchika_v2.bone.arm_left_0] run data modify entity @s {} merge value {transformation:[-0.3463825931089111f,0.5407672094128608f,0.7665441438136315f,0.1256149956644166f,0.9303368162629542f,0.30288417724368866f,0.2067234468586555f,1.5425423055029988f,-0.12038483084199654f,0.784749641859899f,-0.6080094506698916f,0.18721189765762825f,0f,0f,0f,1f],start_interpolation:0}
execute if entity @s[tag=aj.frestchika_v2.bone.right_wing_0] run data modify entity @s {} merge value {transformation:[-0.000006120016301403697f,-7.966354301401846e-7f,0.00000786833987966956f,0.31646376256060393f,-6.938893903907229e-23f,0.00000994913726152205f,0.0000010073071782696314f,1.2671423925322869f,-0.000007908565007038444f,6.164736351531104e-7f,-0.00000608888822254179f,-0.5304227249896445f,0f,0f,0f,1f],start_interpolation:0}
execute if entity @s[tag=aj.frestchika_v2.bone.right_wing_1] run data modify entity @s {} merge value {transformation:[-0.000006120016301403697f,-7.966354301401846e-7f,0.00000786833987966956f,0.031844591281669825f,-6.938893903907229e-23f,0.00000994913726152205f,0.0000010073071782696314f,1.9846098773789378f,-0.000007908565007038444f,6.164736351531104e-7f,-0.00000608888822254179f,0.19560961625164885f,0f,0f,0f,1f],start_interpolation:0}
execute if entity @s[tag=aj.frestchika_v2.bone.right_wing_2] run data modify entity @s {} merge value {transformation:[-0.000006120016301403697f,-7.966354301401846e-7f,0.00000786833987966956f,0.03716329290156f,-6.938893903907229e-23f,0.00000994913726152205f,0.0000010073071782696314f,1.9659552450135838f,-0.000007908565007038444f,6.164736351531104e-7f,-0.00000608888822254179f,0.19939658131513577f,0f,0f,0f,1f],start_interpolation:0}
execute if entity @s[tag=aj.frestchika_v2.bone.left_wing_0] run data modify entity @s {} merge value {transformation:[-0.000006120016301403697f,-7.966354301401846e-7f,0.00000786833987966956f,0.31646376256060393f,-6.938893903907229e-23f,0.00000994913726152205f,0.0000010073071782696314f,1.2671423925322869f,-0.000007908565007038444f,6.164736351531104e-7f,-0.00000608888822254179f,-0.5304227249896445f,0f,0f,0f,1f],start_interpolation:0}
execute if entity @s[tag=aj.frestchika_v2.bone.left_wing_1] run data modify entity @s {} merge value {transformation:[-0.000006120016301403697f,-7.966354301401846e-7f,0.00000786833987966956f,0.031844591281669825f,-6.938893903907229e-23f,0.00000994913726152205f,0.0000010073071782696314f,1.9846098773789378f,-0.000007908565007038444f,6.164736351531104e-7f,-0.00000608888822254179f,0.19560961625164885f,0f,0f,0f,1f],start_interpolation:0}
execute if entity @s[tag=aj.frestchika_v2.bone.left_wing_2] run data modify entity @s {} merge value {transformation:[-0.000006120016301403697f,-7.966354301401846e-7f,0.00000786833987966956f,0.03716329290156f,-6.938893903907229e-23f,0.00000994913726152205f,0.0000010073071782696314f,1.9659552450135838f,-0.000007908565007038444f,6.164736351531104e-7f,-0.00000608888822254179f,0.19939658131513577f,0f,0f,0f,1f],start_interpolation:0}
execute if entity @s[tag=aj.frestchika_v2.bone.leg_right_1] run data modify entity @s {} merge value {transformation:[-0.39144918382064336f,-0.27595051043814395f,0.8778489917264128f,-0.31614613111018497f,0.07200725396539251f,0.9418655031504495f,0.32818337762829175f,0.5626631169761114f,-0.9173780528563539f,0.19167861060660446f,-0.3488220439900642f,-0.05569313791849716f,0f,0f,0f,1f],start_interpolation:0}
execute if entity @s[tag=aj.frestchika_v2.bone.leg_right_0] run data modify entity @s {} merge value {transformation:[-0.39144918382064336f,0.49799880481487485f,0.7737988930523926f,-0.10988616532091136f,0.07200725396539251f,0.8549020515846347f,-0.5137678829712364f,0.816532605447351f,-0.9173780528563539f,-0.14539488505218723f,-0.3705102367521657f,-0.12377831865526849f,0f,0f,0f,1f],start_interpolation:0}
execute if entity @s[tag=aj.frestchika_v2.bone.leg_left_1] run data modify entity @s {} merge value {transformation:[-0.4366659848481594f,-0.0767754834204929f,0.8963416440298512f,-0.05596354695861651f,-0.115163707265583f,0.9929247371854351f,0.028944547225368794f,0.4439590405853777f,-0.8922220229323157f,-0.09058692748285543f,-0.4424182075409894f,0.17827912278737462f,0f,0f,0f,1f],start_interpolation:0}
execute if entity @s[tag=aj.frestchika_v2.bone.leg_left_0] run data modify entity @s {} merge value {transformation:[-0.4366659848481594f,0.14428735432886142f,0.8879774642733702f,-0.0018557890852934802f,-0.115163707265583f,0.9699678536735247f,-0.21424211390112546f,0.8076969857129495f,-0.8922220229323157f,-0.19581502041659965f,-0.40693530145935086f,0.10484849013114976f,0f,0f,0f,1f],start_interpolation:0}
execute if entity @s[tag=aj.frestchika_v2.bone.body_0] run data modify entity @s {} merge value {transformation:[-0.4301618889817083f,0.14828476478625768f,0.8904899650192429f,3.88143670569603e-18f,0.004420670819430875f,0.9867514831856407f,-0.1621788152023702f,1.1758056640625f,-0.9027409412102645f,-0.06582658249691045f,-0.4251184000952946f,-0.0316943359375f,0f,0f,0f,1f],start_interpolation:0}
execute if entity @s[tag=aj.frestchika_v2.bone.body_1] run data modify entity @s {} merge value {transformation:[-0.6120016301403697f,-0.07966354301401846f,0.7868339879669558f,3.88143670569603e-18f,-6.938893903907228e-18f,0.994913726152205f,0.10073071782696313f,1.1758056640625f,-0.7908565007038444f,0.061647363515311034f,-0.608888822254179f,-0.0316943359375f,0f,0f,0f,1f],start_interpolation:0}