execute if entity @s[tag=aj.frestchika_v2.bone.hair] run data modify entity @s {} merge value {transformation:[-0.9990735752323416f,-0.010937146540954965f,0.04162175029967379f,0.011253120361359906f,0.0055140228960739585f,0.9266602275731024f,0.3758595724278785f,1.2755232343047034f,-0.0426800518271509f,0.3757408700949469f,-0.9257414389106301f,-0.10949560170891826f,0f,0f,0f,1f],start_interpolation:0}
execute if entity @s[tag=aj.frestchika_v2.bone.side_hair_2] run data modify entity @s {} merge value {transformation:[-0.9990735752323416f,-0.015150032484880348f,0.0402798682740372f,0.4929681881288668f,0.0055140228960739585f,0.8832042867437304f,0.46895605703413196f,1.620066123981308f,-0.0426800518271509f,0.468743708643866f,-0.882302526791591f,0.07818920750885563f,0f,0f,0f,1f],start_interpolation:0}
execute if entity @s[tag=aj.frestchika_v2.bone.side_hair_1] run data modify entity @s {} merge value {transformation:[-0.9990735752323416f,-0.009864118564085395f,0.04188902526223765f,0.3310252126397368f,0.0055140228960739585f,0.9360115290431418f,0.35192614715281006f,1.9834420499642782f,-0.0426800518271509f,0.35183109109809135f,-0.9350899938042104f,0.2076931664971291f,0f,0f,0f,1f],start_interpolation:0}
execute if entity @s[tag=aj.frestchika_v2.bone.head] run data modify entity @s {} merge value {transformation:[-0.9990735752323416f,0.004415593604480336f,0.04280763723433928f,4.40916796512868e-17f,0.0055140228960739585f,0.9996576826362442f,0.025575634847165407f,1.4463941117235193f,-0.0426800518271509f,0.025787983237431394f,-0.9987559226841048f,0.1759979860601537f,0f,0f,0f,1f],start_interpolation:0}
execute if entity @s[tag=aj.frestchika_v2.bone.group] run data modify entity @s {} merge value {transformation:[-0.000005424714019621141f,-0.0000034228603743146616f,-0.00000767179931067493f,-0.6439659267471066f,-0.000004525441209372098f,0.000008884627948245658f,-7.640471724762672e-7f,1.0540256482642203f,0.000007077630935973043f,0.000003057353934237689f,-0.000006368651918181641f,0.6964298967647405f,0f,0f,0f,1f],start_interpolation:0}
execute if entity @s[tag=aj.frestchika_v2.bone.group2] run data modify entity @s {} merge value {transformation:[-0.000005424714019621141f,-0.0000034228603743146616f,-0.00000767179931067493f,-0.6439659267471066f,-0.000004525441209372098f,0.000008884627948245658f,-7.640471724762672e-7f,1.0540256482642203f,0.000007077630935973043f,0.000003057353934237689f,-0.000006368651918181641f,0.6964298967647405f,0f,0f,0f,1f],start_interpolation:0}
execute if entity @s[tag=aj.frestchika_v2.bone.group3] run data modify entity @s {} merge value {transformation:[-0.000005424714019621141f,-0.0000034228603743146616f,-0.00000767179931067493f,-0.6439659267471066f,-0.000004525441209372098f,0.000008884627948245658f,-7.640471724762672e-7f,1.0540256482642203f,0.000007077630935973043f,0.000003057353934237689f,-0.000006368651918181641f,0.6964298967647405f,0f,0f,0f,1f],start_interpolation:0}
execute if entity @s[tag=aj.frestchika_v2.locator_origin.muzzle] at @s on origin run tp @s ^-0.64397 ^1.05403 ^0.69644 ~-50.30265 ~-4.38194
execute if entity @s[tag=aj.frestchika_v2.bone.gun] run data modify entity @s {} merge value {transformation:[-0.000005424714019621141f,-0.0000034228603743146616f,-0.00000767179931067493f,-0.6439704189728234f,-0.000004525441209372098f,0.000008884627948245658f,-7.640471724762672e-7f,1.054026743854792f,0.000007077630935973043f,0.000003057353934237689f,-0.000006368651918181641f,0.6964278164769667f,0f,0f,0f,1f],start_interpolation:0}
execute if entity @s[tag=aj.frestchika_v2.bone.sword] run data modify entity @s {} merge value {transformation:[-0.8615912694071773f,0.2680930826978599f,0.5415822149876114f,-0.4244551781392617f,0.4984458871973513f,0.8485280154392392f,0.3729297744224664f,1.0437298539879734f,-0.3416678125275696f,0.5618282817056334f,-0.8216670857825091f,0.803759939534102f,0f,0f,0f,1f],start_interpolation:0}
execute if entity @s[tag=aj.frestchika_v2.bone.arm_right_1] run data modify entity @s {} merge value {transformation:[-0.5424714019621141f,-0.34228603743146613f,-0.7671799310674929f,-0.5128091430663967f,-0.45254412093720975f,0.8884627948245657f,-0.07640471724762671f,1.1916275399649907f,0.7077630935973043f,0.3057353934237689f,-0.636865191818164f,0.44341092907503665f,0f,0f,0f,1f],start_interpolation:0}
execute if entity @s[tag=aj.frestchika_v2.bone.arm_right_0] run data modify entity @s {} merge value {transformation:[-0.7268841023642312f,-0.34228603743146613f,-0.5953820372749004f,-0.2290641914809056f,-0.4565728863655924f,0.8884627948245657f,0.04663755620005848f,1.3619679181733368f,0.5130114045183964f,0.3057353934237689f,-0.8020880051727962f,0.2660708024776279f,0f,0f,0f,1f],start_interpolation:0}
execute if entity @s[tag=aj.frestchika_v2.bone.arm_left_1] run data modify entity @s {} merge value {transformation:[-0.48422604600632835f,0.8703425117751095f,0.08960495837882376f,0.3698618520362211f,0.8691108531383006f,0.4902742347562494f,-0.06540259697741019f,1.1626713613511965f,-0.10085366292947773f,0.04620700088912466f,-0.9938276770861937f,-0.17049697310989614f,0f,0f,0f,1f],start_interpolation:0}
execute if entity @s[tag=aj.frestchika_v2.bone.arm_left_0] run data modify entity @s {} merge value {transformation:[-0.3702364598798862f,0.8703425117751095f,-0.3246981305345058f,0.2541303570050978f,0.5895945313816493f,0.4902742347562494f,0.6418796330302338f,1.3408177848541307f,0.7178462595434087f,0.04620700088912466f,-0.6946665824180471f,0.11918723841318919f,0f,0f,0f,1f],start_interpolation:0}
execute if entity @s[tag=aj.frestchika_v2.bone.right_wing_0] run data modify entity @s {} merge value {transformation:[-0.000009162567659236226f,1.5691336970993767e-22f,-0.000004005914863039205f,-0.4090174511633103f,-5.1327582807406e-7f,0.000009917574470666744f,0.0000011739951205580702f,1.1647735511008634f,0.0000039728958977342085f,0.000001281294899224714f,-0.000009087044710299793f,-0.29840070070718455f,0f,0f,0f,1f],start_interpolation:0}
execute if entity @s[tag=aj.frestchika_v2.bone.right_wing_1] run data modify entity @s {} merge value {transformation:[-0.000009162567659236226f,1.5691336970993767e-22f,-0.000004005914863039205f,0.1953364501990915f,-5.1327582807406e-7f,0.000009917574470666744f,0.0000011739951205580702f,1.89040912946153f,0.0000039728958977342085f,0.000001281294899224714f,-0.000009087044710299793f,0.18232790705942803f,0f,0f,0f,1f],start_interpolation:0}
execute if entity @s[tag=aj.frestchika_v2.bone.right_wing_2] run data modify entity @s {} merge value {transformation:[-0.000009162567659236226f,1.5691336970993767e-22f,-0.000004005914863039205f,0.20106305498611413f,-5.1327582807406e-7f,0.000009917574470666744f,0.0000011739951205580702f,1.8721344747215758f,0.0000039728958977342085f,0.000001281294899224714f,-0.000009087044710299793f,0.1774424191872978f,0f,0f,0f,1f],start_interpolation:0}
execute if entity @s[tag=aj.frestchika_v2.bone.left_wing_0] run data modify entity @s {} merge value {transformation:[-0.000009162567659236226f,1.5691336970993767e-22f,-0.000004005914863039205f,-0.4090174511633103f,-5.1327582807406e-7f,0.000009917574470666744f,0.0000011739951205580702f,1.1647735511008634f,0.0000039728958977342085f,0.000001281294899224714f,-0.000009087044710299793f,-0.29840070070718455f,0f,0f,0f,1f],start_interpolation:0}
execute if entity @s[tag=aj.frestchika_v2.bone.left_wing_1] run data modify entity @s {} merge value {transformation:[-0.000009162567659236226f,1.5691336970993767e-22f,-0.000004005914863039205f,0.1953364501990915f,-5.1327582807406e-7f,0.000009917574470666744f,0.0000011739951205580702f,1.89040912946153f,0.0000039728958977342085f,0.000001281294899224714f,-0.000009087044710299793f,0.18232790705942803f,0f,0f,0f,1f],start_interpolation:0}
execute if entity @s[tag=aj.frestchika_v2.bone.left_wing_2] run data modify entity @s {} merge value {transformation:[-0.000009162567659236226f,1.5691336970993767e-22f,-0.000004005914863039205f,0.20106305498611413f,-5.1327582807406e-7f,0.000009917574470666744f,0.0000011739951205580702f,1.8721344747215758f,0.0000039728958977342085f,0.000001281294899224714f,-0.000009087044710299793f,0.1774424191872978f,0f,0f,0f,1f],start_interpolation:0}
execute if entity @s[tag=aj.frestchika_v2.bone.leg_right_1] run data modify entity @s {} merge value {transformation:[-0.9879925857350909f,0.09438571470431907f,0.12231920287609754f,-0.2245215283512706f,0.11674463224266173f,0.9746428671209428f,0.1908978062021499f,0.4993582466561433f,-0.1011995127212314f,0.20288572751680412f,-0.9739589520071998f,0.3922192427599037f,0f,0f,0f,1f],start_interpolation:0}
execute if entity @s[tag=aj.frestchika_v2.bone.leg_right_0] run data modify entity @s {} merge value {transformation:[-0.9879925857350909f,0.15391314637659037f,0.013468255453000899f,-0.16919620684415448f,0.11674463224266173f,0.8008059481477534f,-0.5874355490210846f,0.7688596985686548f,-0.1011995127212314f,-0.5788096205002434f,-0.8091588730535862f,0.16298731331421565f,0f,0f,0f,1f],start_interpolation:0}
execute if entity @s[tag=aj.frestchika_v2.bone.leg_left_1] run data modify entity @s {} merge value {transformation:[-0.8999230925642343f,-0.2632026270249098f,-0.3476532821602739f,0.24763890241882414f,-0.34207587651195936f,0.920562758864394f,0.1885425726475322f,0.39021781467520517f,0.27041176412685797f,0.2885976162742192f,-0.9184709541965055f,0.12735235698856756f,0f,0f,0f,1f],start_interpolation:0}
execute if entity @s[tag=aj.frestchika_v2.bone.leg_left_0] run data modify entity @s {} merge value {transformation:[-0.8999230925642343f,-0.3859639498376163f,-0.20290455119432593f,0.10290242122971806f,-0.34207587651195936f,0.9134591399496776f,-0.22040075850815383f,0.7327649921563343f,0.27041176412685797f,-0.12893498000209608f,-0.9540719305973003f,0.07900173948778152f,0f,0f,0f,1f],start_interpolation:0}
execute if entity @s[tag=aj.frestchika_v2.bone.body_0] run data modify entity @s {} merge value {transformation:[-0.9376277012557878f,0.11755857876258571f,-0.3271609304258506f,3.820742828716414e-17f,0.11169101808212077f,0.9930637371952483f,0.03673595442595712f,1.0744850690735164f,0.3292102828247725f,-0.0020962888941095936f,-0.9442543064531429f,0.12794942733922693f,0f,0f,0f,1f],start_interpolation:0}
execute if entity @s[tag=aj.frestchika_v2.bone.body_1] run data modify entity @s {} merge value {transformation:[-0.9162567659236225f,1.5691336970993764e-17f,-0.4005914863039205f,3.820742828716414e-17f,-0.051327582807406f,0.9917574470666743f,0.11739951205580701f,1.0744850690735164f,0.3972895897734208f,0.1281294899224714f,-0.9087044710299792f,0.12794942733922693f,0f,0f,0f,1f],start_interpolation:0}