execute if entity @s[tag=aj.frestchika_v2.bone.hair] run data modify entity @s {} merge value {transformation:[-0.9999832307564547f,0.005485523832229564f,0.0018566728761629612f,0.0006947196146295223f,0.005430999395306793f,0.7769759288134179f,0.6295068786678146f,1.1423163542867565f,0.002010584853025299f,0.6295064059029206f,-0.7769926913914547f,0.022006098535154728f,0f,0f,0f,1f],start_interpolation:0}
execute if entity @s[tag=aj.frestchika_v2.bone.side_hair_2] run data modify entity @s {} merge value {transformation:[-0.9999832307564547f,0.005047084872192541f,0.002839919043903006f,0.4903661925337587f,0.005430999395306793f,0.6470339258508636f,0.7624418686323484f,1.5273415828106018f,0.002010584853025299f,0.7624445066575744f,-0.647050486296268f,0.11790591363703762f,0f,0f,0f,1f],start_interpolation:0}
execute if entity @s[tag=aj.frestchika_v2.bone.side_hair_1] run data modify entity @s {} merge value {transformation:[-0.9999832307564547f,0.0055617714156894985f,0.0016139716858287773f,0.3342534622341792f,0.005430999395306793f,0.8038725665093657f,0.5947767657358629f,1.839528930611102f,0.002010584853025299f,0.5947755572586729f,-0.803889292151714f,0.34857177933803546f,0f,0f,0f,1f],start_interpolation:0}
execute if entity @s[tag=aj.frestchika_v2.bone.head] run data modify entity @s {} merge value {transformation:[-0.9999832307564547f,0.005541150050460828f,-0.0016834078535268027f,0.002155195426172271f,0.005430999395306793f,0.9982082037587682f,0.059589312752050635f,1.3033626963697729f,0.002010584853025299f,0.05957917089731783f,-0.9982215585448638f,0.3133684516919824f,0f,0f,0f,1f],start_interpolation:0}
execute if entity @s[tag=aj.frestchika_v2.bone.group] run data modify entity @s {} merge value {transformation:[0.0000012081125916321478f,4.215750180107166e-7f,-0.000009917799073893822f,0.0723678409024205f,-3.856094026657275e-7f,0.000009985430183414735f,3.774777354040278e-7f,1.1297336600318846f,0.000009919262540860367f,3.368360971440504e-7f,0.0000012226087228320956f,1.204988122582859f,0f,0f,0f,1f],start_interpolation:0}
execute if entity @s[tag=aj.frestchika_v2.bone.group2] run data modify entity @s {} merge value {transformation:[0.0000012081125916321478f,4.215750180107166e-7f,-0.000009917799073893822f,0.0723678409024205f,-3.856094026657275e-7f,0.000009985430183414735f,3.774777354040278e-7f,1.1297336600318846f,0.000009919262540860367f,3.368360971440504e-7f,0.0000012226087228320956f,1.204988122582859f,0f,0f,0f,1f],start_interpolation:0}
execute if entity @s[tag=aj.frestchika_v2.bone.group3] run data modify entity @s {} merge value {transformation:[0.0000012081125916321478f,4.215750180107166e-7f,-0.000009917799073893822f,0.0723678409024205f,-3.856094026657275e-7f,0.000009985430183414735f,3.774777354040278e-7f,1.1297336600318846f,0.000009919262540860367f,3.368360971440504e-7f,0.0000012226087228320956f,1.204988122582859f,0f,0f,0f,1f],start_interpolation:0}
execute if entity @s[tag=aj.frestchika_v2.locator_origin.muzzle] at @s on origin run tp @s ^0.07237 ^1.12974 ^1.205 ~-97.02764 ~2.1633
execute if entity @s[tag=aj.frestchika_v2.bone.gun] run data modify entity @s {} merge value {transformation:[0.0000012081125916321478f,4.215750180107166e-7f,-0.000009917799073893822f,0.07236332760969823f,-3.856094026657275e-7f,0.000009985430183414735f,3.774777354040278e-7f,1.1297356911672918f,0.000009919262540860367f,3.368360971440504e-7f,0.0000012226087228320956f,1.2049892238028976f,0f,0f,0f,1f],start_interpolation:0}
execute if entity @s[tag=aj.frestchika_v2.bone.sword] run data modify entity @s {} merge value {transformation:[-1.0387173881091374f,0.11173798157808551f,-0.12690753804478042f,0.2902399825754386f,0.10729987884723924f,1.0460318254747265f,0.04276526854094307f,1.2380464390097832f,0.13068142843992694f,0.02927038890870101f,-1.0438344316480626f,1.160892436364757f,0f,0f,0f,1f],start_interpolation:0}
execute if entity @s[tag=aj.frestchika_v2.bone.arm_right_1] run data modify entity @s {} merge value {transformation:[0.12081125916321477f,0.04215750180107165f,-0.9917799073893822f,-0.014978810041726746f,-0.038560940266572745f,0.9985430183414735f,0.037747773540402776f,1.1436755780339367f,0.9919262540860366f,0.03368360971440504f,0.12226087228320955f,0.9011276842116753f,0f,0f,0f,1f],start_interpolation:0}
execute if entity @s[tag=aj.frestchika_v2.bone.arm_right_0] run data modify entity @s {} merge value {transformation:[0.12524736820895108f,0.04215750180107165f,-0.9912294597108301f,-0.04336102075050533f,-0.03872944146865676f,0.9985430183414735f,0.037574870392665535f,1.1574945897648206f,0.9913693192348941f,0.03368360971440504f,0.12669762158916134f,0.5269886090937932f,0f,0f,0f,1f],start_interpolation:0}
execute if entity @s[tag=aj.frestchika_v2.bone.arm_left_1] run data modify entity @s {} merge value {transformation:[-0.3490840897920099f,0.5678672880609134f,-0.7454307757293281f,-0.07871799238255536f,0.7796451984794639f,0.6173267810385764f,0.10517133592603645f,1.1617451445817946f,0.5198977425821367f,-0.5444578850222426f,-0.6582339619733284f,-0.1927050250292501f,0f,0f,0f,1f],start_interpolation:0}
execute if entity @s[tag=aj.frestchika_v2.bone.arm_left_0] run data modify entity @s {} merge value {transformation:[0.5737835615311798f,0.5678672880609134f,-0.5901687620223038f,0.15198229342259156f,0.1773755096838764f,0.6173267810385764f,0.7664499813927422f,1.1614900342716268f,0.7995688544965843f,-0.5444578850222426f,0.2534862094002881f,0.047625150780611025f,0f,0f,0f,1f],start_interpolation:0}
execute if entity @s[tag=aj.frestchika_v2.bone.right_wing_0] run data modify entity @s {} merge value {transformation:[-0.0000018320744806564261f,5.74718780312588e-8f,-0.000009830574758403654f,-0.5889329571629218f,-0.0000022421179790451166f,0.000009733833332535108f,4.7475848857198003e-7f,0.9539966571509687f,0.000009571646152327726f,0.0000022911101321551674f,-0.0000017704248916477094f,0.32812297769256626f,0f,0f,0f,1f],start_interpolation:0}
execute if entity @s[tag=aj.frestchika_v2.bone.right_wing_1] run data modify entity @s {} merge value {transformation:[-0.0000018320744806564261f,5.74718780312588e-8f,-0.000009830574758403654f,0.07253038881474423f,-0.0000022421179790451166f,0.000009733833332535108f,4.7475848857198003e-7f,1.7759483201581174f,0.000009571646152327726f,0.0000022911101321551674f,-0.0000017704248916477094f,0.22936908861566246f,0f,0f,0f,1f],start_interpolation:0}
execute if entity @s[tag=aj.frestchika_v2.bone.right_wing_2] run data modify entity @s {} merge value {transformation:[-0.0000018320744806564261f,5.74718780312588e-8f,-0.000009830574758403654f,0.0735676755938459f,-0.0000022421179790451166f,0.000009733833332535108f,4.7475848857198003e-7f,1.759098706396517f,0.000009571646152327726f,0.0000022911101321551674f,-0.0000017704248916477094f,0.2190909782726666f,0f,0f,0f,1f],start_interpolation:0}
execute if entity @s[tag=aj.frestchika_v2.bone.left_wing_0] run data modify entity @s {} merge value {transformation:[-0.0000018320744806564261f,5.74718780312588e-8f,-0.000009830574758403654f,-0.5889329571629218f,-0.0000022421179790451166f,0.000009733833332535108f,4.7475848857198003e-7f,0.9539966571509687f,0.000009571646152327726f,0.0000022911101321551674f,-0.0000017704248916477094f,0.32812297769256626f,0f,0f,0f,1f],start_interpolation:0}
execute if entity @s[tag=aj.frestchika_v2.bone.left_wing_1] run data modify entity @s {} merge value {transformation:[-0.0000018320744806564261f,5.74718780312588e-8f,-0.000009830574758403654f,0.07253038881474423f,-0.0000022421179790451166f,0.000009733833332535108f,4.7475848857198003e-7f,1.7759483201581174f,0.000009571646152327726f,0.0000022911101321551674f,-0.0000017704248916477094f,0.22936908861566246f,0f,0f,0f,1f],start_interpolation:0}
execute if entity @s[tag=aj.frestchika_v2.bone.left_wing_2] run data modify entity @s {} merge value {transformation:[-0.0000018320744806564261f,5.74718780312588e-8f,-0.000009830574758403654f,0.0735676755938459f,-0.0000022421179790451166f,0.000009733833332535108f,4.7475848857198003e-7f,1.759098706396517f,0.000009571646152327726f,0.0000022911101321551674f,-0.0000017704248916477094f,0.2190909782726666f,0f,0f,0f,1f],start_interpolation:0}
execute if entity @s[tag=aj.frestchika_v2.bone.leg_right_1] run data modify entity @s {} merge value {transformation:[-0.8163625312478149f,0.002349802829738512f,-0.5775350171213189f,0.08496113390725364f,0.06247155640107459f,0.9944836367875451f,-0.0842591288979756f,0.39428452164462524f,0.5741511318594505f,-0.10486550714357717f,-0.812005974852422f,0.6083690756753466f,0f,0f,0f,1f],start_interpolation:0}
execute if entity @s[tag=aj.frestchika_v2.bone.leg_right_0] run data modify entity @s {} merge value {transformation:[-0.8163625312478149f,-0.3664352179830971f,-0.44640502752135414f,-0.05696316295760291f,0.06247155640107459f,0.7123800986773721f,-0.6990077965582682f,0.6589792031350866f,0.5741511318594505f,-0.5985313910147887f,-0.5586686421792564f,0.37777200878605477f,0f,0f,0f,1f],start_interpolation:0}
execute if entity @s[tag=aj.frestchika_v2.bone.leg_left_1] run data modify entity @s {} merge value {transformation:[-0.19603026512156976f,0.07141836944364377f,-0.9779936357985048f,0.22414487610548398f,-0.699362362182301f,0.6889165760646635f,0.19048946843889572f,0.39142441238355036f,0.6873604742194296f,0.7213136403322429f,-0.085101179495285f,-0.11782008553814066f,0f,0f,0f,1f],start_interpolation:0}
execute if entity @s[tag=aj.frestchika_v2.bone.leg_left_0] run data modify entity @s {} merge value {transformation:[-0.19603026512156976f,-0.5560588135271797f,-0.807694701638628f,0.015622821032791593f,-0.699362362182301f,0.6566443997332834f,-0.2823303360634635f,0.6376660622835316f,0.6873604742194296f,0.5095259838297371f,-0.5176087811109655f,0.07325215839801075f,0f,0f,0f,1f],start_interpolation:0}
execute if entity @s[tag=aj.frestchika_v2.bone.body_0] run data modify entity @s {} merge value {transformation:[-0.1732347047017614f,0.04679208760035159f,-0.9837683861686625f,6.63646643253084e-17f,0.049575254578868626f,0.9980187890641422f,0.0387400414091648f,0.9383439463997063f,0.9836320608948927f,-0.042059448557303494f,-0.1752112198654003f,0.22745182173616366f,0f,0f,0f,1f],start_interpolation:0}
execute if entity @s[tag=aj.frestchika_v2.bone.body_1] run data modify entity @s {} merge value {transformation:[-0.1832074480656426f,0.005747187803125879f,-0.9830574758403654f,6.63646643253084e-17f,-0.22421179790451162f,0.9733833332535107f,0.047475848857198f,0.9383439463997063f,0.9571646152327725f,0.22911101321551672f,-0.17704248916477092f,0.22745182173616366f,0f,0f,0f,1f],start_interpolation:0}