execute if entity @s[tag=aj.labyria.bone.wing_right_1] run data modify entity @s {} merge value {transformation:[0.5385626731457485f,0.0003888098888100629f,-0.6139173725880548f,-0.37873360867871975f,-0.0937186503328234f,0.8071466446863163f,-0.0817040574014522f,1.2069571647799155f,0.6067219347595272f,0.12433256710506775f,0.5323291754949789f,0.03274535223782844f,0f,0f,0f,1f],start_interpolation:0}
execute if entity @s[tag=aj.labyria.bone.wing_right_2] run data modify entity @s {} merge value {transformation:[0.48755835604575704f,-0.2015410274006433f,-0.6013884466168701f,-0.37873360867871975f,0.21776023401154032f,0.7656204142499619f,-0.08003662765856542f,1.2069571647799155f,0.5957074197399239f,-0.11491995282808726f,0.5214653147705917f,0.03274535223782844f,0f,0f,0f,1f],start_interpolation:0}
execute if entity @s[tag=aj.labyria.bone.wing_left_1] run data modify entity @s {} merge value {transformation:[-0.2525195270626264f,-0.050048314412377226f,-0.7750312891238595f,-0.3634606516176377f,0.09755037412240139f,0.8064710083995912f,-0.08386227735978999f,1.2071617554289473f,0.7704948133537898f,-0.11850790387088395f,-0.243388709186524f,0.10628031556684114f,0f,0f,0f,1f],start_interpolation:0}
execute if entity @s[tag=aj.labyria.bone.wing_left_2] run data modify entity @s {} merge value {transformation:[-0.20977465652490593f,-0.13995786384766043f,-0.7592143240396992f,-0.3634606516176377f,-0.2140391505862387f,0.7664453585846004f,-0.08215080231163102f,1.2071617554289473f,0.7417424320450996f,0.18158554086524348f,-0.2384215926725133f,0.10628031556684114f,0f,0f,0f,1f],start_interpolation:0}
execute if entity @s[tag=aj.labyria.bone.musket] run data modify entity @s {} merge value {transformation:[0.000004641870854527191f,-0.00001557857315869652f,1.635768062147347e-7f,0.27336432819318685f,0.000007234958945343709f,0.000002306689538557707f,0.00001437359441804309f,1.5794166016864892f,-0.000013797610955943863f,-0.000004031489274988689f,0.000007592014897019706f,-0.006467613353424384f,0f,0f,0f,1f],start_interpolation:0}
execute if entity @s[tag=aj.labyria.bone.omega_blade] run data modify entity @s {} merge value {transformation:[0.5122732506179114f,-1.7192391951643993f,0.01805220887685674f,0.27336432819318685f,0.7984444318186164f,0.2545644601315921f,1.5862586802502499f,1.5794166016864892f,-1.5226935941720883f,-0.4449120151017345f,0.8378488484320478f,-0.006467613353424384f,0f,0f,0f,1f],start_interpolation:0}
execute if entity @s[tag=aj.labyria.bone.arm_right_2] run data modify entity @s {} merge value {transformation:[0.15402770332960344f,-0.597592320487941f,0.7868664976353013f,0.23200750519447516f,-0.28527546887145844f,0.7355586820881983f,0.6144683328413615f,1.6600742697033686f,-0.9459880408690043f,-0.3191188551284781f,-0.05718201495498512f,0.29116590558224936f,0f,0f,0f,1f],start_interpolation:0}
execute if entity @s[tag=aj.labyria.bone.arm_right_1] run data modify entity @s {} merge value {transformation:[0.801017508846915f,-0.597592320487941f,0.03541707235953166f,-0.011960865406347193f,0.5301060360907671f,0.7355586820881983f,0.4218305533087982f,1.4652696962134928f,-0.2781340342727163f,-0.3191188551284781f,0.9059826793491543f,0.2990107236862528f,0f,0f,0f,1f],start_interpolation:0}
execute if entity @s[tag=aj.labyria.bone.arm_left_2] run data modify entity @s {} merge value {transformation:[-0.5089144538967115f,-0.2254421056942185f,-0.8307718914330026f,-0.027748466469138755f,0.7952897148064582f,0.24619533477817743f,-0.5539874787903813f,1.1720511875616233f,0.3294242676823824f,-0.9426365758411975f,0.05399942359236827f,-0.38680076350331133f,0f,0f,0f,1f],start_interpolation:0}
execute if entity @s[tag=aj.labyria.bone.arm_left_1] run data modify entity @s {} merge value {transformation:[-0.3236175804124571f,-0.2254421056942185f,-0.9189382561566058f,-0.13333892099979577f,0.8936838467107735f,0.24619533477817743f,-0.37512269894222006f,1.463643762540483f,0.31080676275818253f,-0.9426365758411975f,0.1218008296776374f,-0.2853902427614805f,0f,0f,0f,1f],start_interpolation:0}
execute if entity @s[tag=aj.labyria.bone.himo_right_2] run data modify entity @s {} merge value {transformation:[0.20335590465918085f,-0.3618459640733888f,-0.9097878182983359f,0.22254294273005126f,0.002724077357921753f,0.9294091326353944f,-0.36904097818056997f,1.1510412091510167f,0.979101095619239f,0.0725683295778793f,0.1899865313633629f,0.10595685806552964f,0f,0f,0f,1f],start_interpolation:0}
execute if entity @s[tag=aj.labyria.bone.himo_right_1] run data modify entity @s {} merge value {transformation:[0.20335590465918085f,-0.23999918203874382f,-0.949234833253068f,0.17161037838995513f,0.002724077357921753f,0.9696274223203248f,-0.24457154635605172f,1.3313177786713524f,0.979101095619239f,0.04714927894651436f,0.19783323798601074f,0.11603380560541364f,0f,0f,0f,1f],start_interpolation:0}
execute if entity @s[tag=aj.labyria.bone.himo_left_2] run data modify entity @s {} merge value {transformation:[0.20335590465918085f,-0.3618459640733888f,-0.9097878182983359f,0.15899422252405726f,0.002724077357921753f,0.9294091326353944f,-0.36904097818056997f,1.1501899349766662f,0.979101095619239f,0.0725683295778793f,0.1899865313633629f,-0.20001223431548254f,0f,0f,0f,1f],start_interpolation:0}
execute if entity @s[tag=aj.labyria.bone.himo_left_1] run data modify entity @s {} merge value {transformation:[0.20335590465918085f,-0.23999918203874382f,-0.949234833253068f,0.10806165818396114f,0.002724077357921753f,0.9696274223203248f,-0.24457154635605172f,1.3304665044970019f,0.979101095619239f,0.04714927894651436f,0.19783323798601074f,-0.18993528677559854f,0f,0f,0f,1f],start_interpolation:0}
execute if entity @s[tag=aj.labyria.bone.ribbon_left_himo_1] run data modify entity @s {} merge value {transformation:[-0.9684597564925934f,-0.14124434763105612f,-0.20526990601786735f,0.1961893363142962f,-0.1130636473231854f,0.9832264137708757f,-0.1431168435832795f,1.7633773488623699f,0.22204123875596868f,-0.11539433922658392f,-0.9681848143645794f,-0.02152359772811964f,0f,0f,0f,1f],start_interpolation:0}
execute if entity @s[tag=aj.labyria.bone.ribbon_left_himo_2] run data modify entity @s {} merge value {transformation:[-0.9684597564925934f,-0.14124434763105612f,-0.20526990601786735f,0.16892692692129818f,-0.1130636473231854f,0.9832264137708757f,-0.1431168435832795f,1.7443696430739655f,0.22204123875596868f,-0.11539433922658392f,-0.9681848143645794f,-0.15011064338591534f,0f,0f,0f,1f],start_interpolation:0}
execute if entity @s[tag=aj.labyria.bone.ribbon_left] run data modify entity @s {} merge value {transformation:[-0.9684597564925934f,-0.14124434763105612f,-0.20526990601786735f,0.1669422331120343f,-0.1130636473231854f,0.9832264137708757f,-0.1431168435832795f,1.8589369264833662f,0.22204123875596868f,-0.11539433922658392f,-0.9681848143645794f,-0.09803676329172464f,0f,0f,0f,1f],start_interpolation:0}
execute if entity @s[tag=aj.labyria.bone.ribbon_right_himo_1] run data modify entity @s {} merge value {transformation:[-0.9684597564925934f,-0.14124434763105612f,-0.20526990601786735f,-0.38591550607253333f,-0.1130636473231854f,0.9832264137708757f,-0.1431168435832795f,1.6954190303431775f,0.22204123875596868f,-0.11539433922658392f,-0.9681848143645794f,0.11193706434163979f,0f,0f,0f,1f],start_interpolation:0}
execute if entity @s[tag=aj.labyria.bone.ribbon_right_himo_2] run data modify entity @s {} merge value {transformation:[-0.9684597564925934f,-0.14124434763105612f,-0.20526990601786735f,-0.41317791546553134f,-0.1130636473231854f,0.9832264137708757f,-0.1431168435832795f,1.6764113245547734f,0.22204123875596868f,-0.11539433922658392f,-0.9681848143645794f,-0.016649981316155894f,0f,0f,0f,1f],start_interpolation:0}
execute if entity @s[tag=aj.labyria.bone.ribbon_right] run data modify entity @s {} merge value {transformation:[-0.9684597564925934f,-0.14124434763105612f,-0.20526990601786735f,-0.4141336207835218f,-0.1130636473231854f,0.9832264137708757f,-0.1431168435832795f,1.791098738089455f,0.22204123875596868f,-0.11539433922658392f,-0.9681848143645794f,0.03518797996185656f,0f,0f,0f,1f],start_interpolation:0}
execute if entity @s[tag=aj.labyria.bone.crown] run data modify entity @s {} merge value {transformation:[-0.9760742653922669f,0.07171676318938613f,-0.20526990601786735f,0.0033152914638105574f,0.10242555797827149f,0.9843914740364215f,-0.1431168435832795f,2.12474816032608f,0.1918020685805717f,-0.16071755262583698f,-0.9681848143645794f,-0.08525769779306172f,0f,0f,0f,1f],start_interpolation:0}
execute if entity @s[tag=aj.labyria.bone.ear_edge_a1] run data modify entity @s {} merge value {transformation:[-0.9786318937849614f,0.01199508858975052f,-0.20526990601786735f,0.026017392945414983f,0.04213885184540077f,0.9888083162311644f,-0.1431168435832795f,2.1218310767716546f,0.2012558909249899f,-0.1487085458264372f,-0.9681848143645794f,-0.1070195031159297f,0f,0f,0f,1f],start_interpolation:0}
execute if entity @s[tag=aj.labyria.bone.ear_edge_a2] run data modify entity @s {} merge value {transformation:[-0.9684597564925933f,-0.14124434763105612f,-0.20526990601786735f,-0.08695802904869124f,-0.11306364732318541f,0.9832264137708758f,-0.1431168435832795f,2.1187161881083068f,0.2220412387559687f,-0.11539433922658392f,-0.9681848143645794f,-0.0826065532968569f,0f,0f,0f,1f],start_interpolation:0}
execute if entity @s[tag=aj.labyria.bone.ear_edge_b1] run data modify entity @s {} merge value {transformation:[-0.9738624631166992f,0.0972428332356259f,-0.20526990601786735f,-0.10797988227876795f,0.1281588240282502f,0.9813729591273926f,-0.1431168435832795f,2.1119435155565327f,0.18752924773477833f,-0.1656832715691393f,-0.9681848143645794f,-0.07714846587729696f,0f,0f,0f,1f],start_interpolation:0}
execute if entity @s[tag=aj.labyria.bone.ear_edge_b2] run data modify entity @s {} merge value {transformation:[-0.9562479295733628f,-0.20845662107516055f,-0.20526990601786735f,-0.08120312473673696f,-0.18137463747760377f,0.9729444022978019f,-0.1431168435832795f,2.125067929759628f,0.2295498596525927f,-0.0996244305745334f,-0.9681848143645794f,-0.0847655934435691f,0f,0f,0f,1f],start_interpolation:0}
execute if entity @s[tag=aj.labyria.bone.ear_right_2] run data modify entity @s {} merge value {transformation:[-0.9770847307598376f,-0.056300040847157354f,-0.20526990601786735f,-0.04644808462127352f,-0.02693957762895531f,0.9893390865825188f,-0.1431168435832795f,2.230109376784016f,0.21113902546225127f,-0.1343073980117098f,-0.9681848143645794f,-0.13993828709582076f,0f,0f,0f,1f],start_interpolation:0}
execute if entity @s[tag=aj.labyria.bone.ear_right_1] run data modify entity @s {} merge value {transformation:[-0.9770847307598376f,-0.056300040847157354f,-0.20526990601786735f,-0.03378057543066314f,-0.02693957762895531f,0.9893390865825188f,-0.1431168435832795f,2.00750808230295f,0.21113902546225127f,-0.1343073980117098f,-0.9681848143645794f,-0.10971912254318611f,0f,0f,0f,1f],start_interpolation:0}
execute if entity @s[tag=aj.labyria.bone.ear_edge_a3] run data modify entity @s {} merge value {transformation:[-0.93444092586172f,-0.2910058792500717f,-0.20526990601786735f,-0.35214342921671965f,-0.2654821442579425f,0.9534342138621646f,-0.1431168435832795f,2.0776823741108106f,0.23735919437615305f,-0.07923874102311694f,-0.9681848143645794f,-0.020317606791445605f,0f,0f,0f,1f],start_interpolation:0}
execute if entity @s[tag=aj.labyria.bone.ear_edge_a4] run data modify entity @s {} merge value {transformation:[-0.9684597564925935f,-0.14124434763105614f,-0.20526990601786735f,-0.2420147539287862f,-0.11306364732318538f,0.9832264137708758f,-0.1431168435832795f,2.1006139605873377f,0.22204123875596868f,-0.11539433922658392f,-0.9681848143645794f,-0.047056302458857294f,0f,0f,0f,1f],start_interpolation:0}
execute if entity @s[tag=aj.labyria.bone.ear_edge_b3] run data modify entity @s {} merge value {transformation:[-0.9055222624734122f,-0.3713404069697358f,-0.20526990601786735f,-0.21977263852180873f,-0.34756917161797685f,0.9266678153597181f,-0.1431168435832795f,2.0988921763755157f,0.24336208230911086f,-0.05824999680685461f,-0.9681848143645794f,-0.05151745548813303f,0f,0f,0f,1f],start_interpolation:0}
execute if entity @s[tag=aj.labyria.bone.ear_edge_b4] run data modify entity @s {} merge value {transformation:[-0.9759533448274266f,-0.0733439459231254f,-0.20526990601786735f,-0.24937461591847526f,-0.0442018224441266f,0.9887182449896315f,-0.1431168435832795f,2.1054346078365285f,0.21345085526363292f,-0.13060205825732096f,-0.9681848143645794f,-0.04620848668193444f,0f,0f,0f,1f],start_interpolation:0}
execute if entity @s[tag=aj.labyria.bone.ear_left_2] run data modify entity @s {} merge value {transformation:[-0.9524642187064514f,-0.22511369964381367f,-0.20526990601786735f,-0.3265460969736695f,-0.19832723439158922f,0.9696307942620958f,-0.1431168435832795f,2.197409099181125f,0.23125358415058755f,-0.09560305984293668f,-0.9681848143645794f,-0.07571950131885466f,0f,0f,0f,1f],start_interpolation:0}
execute if entity @s[tag=aj.labyria.bone.ear_left_1] run data modify entity @s {} merge value {transformation:[-0.9524642187064514f,-0.22511369964381367f,-0.20526990601786735f,-0.2758955145538115f,-0.19832723439158922f,0.9696307942620958f,-0.1431168435832795f,1.9792421704721537f,0.23125358415058755f,-0.09560305984293668f,-0.9681848143645794f,-0.05420881285419394f,0f,0f,0f,1f],start_interpolation:0}
execute if entity @s[tag=aj.labyria.bone.head] run data modify entity @s {} merge value {transformation:[-0.9684597564925934f,-0.14124434763105612f,-0.20526990601786735f,-0.07603563226826268f,-0.1130636473231854f,0.9832264137708757f,-0.1431168435832795f,1.4939439906919554f,0.22204123875596868f,-0.11539433922658392f,-0.9681848143645794f,0.007431406603827358f,0f,0f,0f,1f],start_interpolation:0}
execute if entity @s[tag=aj.labyria.bone.back_musket] run data modify entity @s {} merge value {transformation:[-1.563919338384318f,-0.44159292745331286f,-0.042527991673361264f,-0.26573742773002196f,-0.3232869446145432f,1.2411307093554833f,-0.9988677361700836f,1.4163803475364523f,0.3038066738805283f,-0.9524950862565997f,-1.2818390133662192f,0.14806948290852823f,0f,0f,0f,1f],start_interpolation:0}
execute if entity @s[tag=aj.labyria.bone.body_1] run data modify entity @s {} merge value {transformation:[0.20335590465918085f,-0.1140459474590717f,-0.9724401770332244f,-0.03326840197111079f,0.002724077357921753f,0.9932551179778448f,-0.11591742756533834f,1.1214733214502635f,0.979101095619239f,0.020923491080124805f,0.20229496305698202f,-0.00041490255121944333f,0f,0f,0f,1f],start_interpolation:0}
execute if entity @s[tag=aj.labyria.bone.belt2] run data modify entity @s {} merge value {transformation:[-0.7898461181935895f,0.12237502815350969f,-0.6009720975710485f,0.2955466581404812f,0.10048879835630539f,0.9924709187210468f,0.07002483058106747f,0.32907626796701994f,0.6050166204158558f,-0.005082123318963051f,-0.7961966220998096f,-0.051604558833688606f,0f,0f,0f,1f],start_interpolation:0}
execute if entity @s[tag=aj.labyria.bone.leg_left_2] run data modify entity @s {} merge value {transformation:[-0.5179669629489464f,0.1296370364473868f,-0.8455202328002469f,0.1429540660680797f,-0.0527219690071482f,0.9817319652729892f,0.1828188785252863f,0.4706548841430611f,0.8537743374437147f,0.1392716307880863f,-0.5016700046645932f,-0.054911777083648326f,0f,0f,0f,1f],start_interpolation:0}
execute if entity @s[tag=aj.labyria.bone.leg_left_1] run data modify entity @s {} merge value {transformation:[-0.5179669629489464f,-0.24570561911126046f,-0.8193527775205239f,0.050333967042209014f,-0.0527219690071482f,0.965207452229818f,-0.2561151462604913f,0.8120660670691553f,0.8537743374437147f,-0.08946129273141404f,-0.5128996566828352f,-0.09001974447147534f,0f,0f,0f,1f],start_interpolation:0}
execute if entity @s[tag=aj.labyria.bone.belt] run data modify entity @s {} merge value {transformation:[0.1842203860465915f,-0.12936834510090045f,-0.9743339677188203f,0.14348768994135896f,0.19327933352836837f,0.9767128487099535f,-0.09314027268436363f,0.6402071043100049f,0.9636939081449434f,-0.17116028292434615f,0.20493464556678373f,0.314039754105297f,0f,0f,0f,1f],start_interpolation:0}
execute if entity @s[tag=aj.labyria.bone.leg_right_2] run data modify entity @s {} merge value {transformation:[-0.20860891213835395f,0.15329067005294794f,-0.9659111202647843f,0.0065726199503950665f,0.260476937171895f,0.9606750317669861f,0.09620420230452012f,0.4440220782850679f,0.9426739027776261f,-0.23152851620096093f,-0.240334057527809f,0.26501959032221384f,0f,0f,0f,1f],start_interpolation:0}
execute if entity @s[tag=aj.labyria.bone.leg_right_1] run data modify entity @s {} merge value {transformation:[-0.20860891213835395f,-0.025874253514688597f,-0.9776568133969661f,-0.001541691490797061f,0.260476937171895f,0.9620727875750533f,-0.08104144994455098f,0.8441165048439127f,0.9426739027776261f,-0.2715630210699243f,-0.19395731130683033f,0.15267099535206552f,0f,0f,0f,1f],start_interpolation:0}
execute if entity @s[tag=aj.labyria.bone.skirt_forward_right] run data modify entity @s {} merge value {transformation:[-0.2154434040608385f,-0.2300039835640737f,-0.9490428373847704f,0.007089038172663693f,0.17063841834519422f,0.9480457391526976f,-0.26849917441039883f,1.0373490560804397f,0.9614918979540746f,-0.21978954483567367f,-0.16500268527996334f,0.009167102521176178f,0f,0f,0f,1f],start_interpolation:0}
execute if entity @s[tag=aj.labyria.bone.skirt_forward_left] run data modify entity @s {} merge value {transformation:[-0.1722305620524196f,-0.263921060743117f,-0.9490428373847704f,0.007089038172663693f,0.0034196223993239183f,0.9632738445133763f,-0.26849917441039883f,1.0373490560804397f,0.9850507294945544f,-0.04948913186395251f,-0.16500268527996334f,0.009167102521176178f,0f,0f,0f,1f],start_interpolation:0}
execute if entity @s[tag=aj.labyria.bone.skirt_forward] run data modify entity @s {} merge value {transformation:[-0.19457740884179794f,-0.24790587886751742f,-0.9490428373847704f,0.007089038172663693f,0.08736145709163777f,0.9593102569845483f,-0.26849917441039883f,1.0373490560804397f,0.9769890520283416f,-0.13515363874925315f,-0.16500268527996334f,0.009167102521176178f,0f,0f,0f,1f],start_interpolation:0}
execute if entity @s[tag=aj.labyria.bone.skirt_back_right] run data modify entity @s {} merge value {transformation:[-0.19344577965980064f,0.02143001387628841f,-0.9808768958626124f,0.007089038172663693f,0.17384440281915528f,0.9846903093719134f,-0.012771775033135008f,1.0373490560804397f,0.9655862747265327f,-0.17299060417926698f,-0.19420967258462957f,0.009167102521176178f,0f,0f,0f,1f],start_interpolation:0}
execute if entity @s[tag=aj.labyria.bone.skirt_back_left] run data modify entity @s {} merge value {transformation:[-0.19422818645345746f,-0.012487063302754894f,-0.9808768958626124f,0.007089038172663693f,0.00021363792536285842f,0.999918414732592f,-0.012771775033135008f,1.0373490560804397f,0.9809563527220964f,-0.0026901912075458084f,-0.19420967258462957f,0.009167102521176178f,0f,0f,0f,1f],start_interpolation:0}
execute if entity @s[tag=aj.labyria.bone.skirt_back] run data modify entity @s {} merge value {transformation:[-0.19457740884179794f,0.0044885555959413015f,-0.9808768958626124f,0.007089038172663693f,0.08736145709163777f,0.9960948035088473f,-0.012771775033135008f,1.0373490560804397f,0.9769890520283416f,-0.08817593374233823f,-0.19420967258462957f,0.009167102521176178f,0f,0f,0f,1f],start_interpolation:0}
execute if entity @s[tag=aj.labyria.bone.skirt_right] run data modify entity @s {} merge value {transformation:[-0.20201455650189507f,-0.06011934063821323f,-0.977535566535852f,-0.03263577426833857f,0.19104915789621502f,0.9765205041029595f,-0.09953855702012583f,1.0790551191047704f,0.9605677166282914f,-0.20686558425153329f,-0.18578560714916004f,0.1958395592027599f,0f,0f,0f,1f],start_interpolation:0}
execute if entity @s[tag=aj.labyria.bone.skirt_left] run data modify entity @s {} merge value {transformation:[-0.18498510025780143f,-0.10101845791756095f,-0.977535566535852f,0.04276297165785813f,-0.01729386888432763f,0.9948834091316242f,-0.09953855702012583f,1.0452025544817607f,0.9825891485161143f,-0.0015077780324469214f,-0.18578560714916004f,-0.1827436984582225f,0f,0f,0f,1f],start_interpolation:0}
execute if entity @s[tag=aj.labyria.bone.coat_downer] run data modify entity @s {} merge value {transformation:[-0.19457740884179794f,-0.11508372467687612f,-0.9741126055456366f,0.018608725203242218f,0.08736145709163777f,0.9871135760552187f,-0.13406999583166948f,0.8964140532762425f,0.9769890520283416f,-0.11118688898415549f,-0.18201611998608072f,0.0240636441180875f,0f,0f,0f,1f],start_interpolation:0}
execute if entity @s[tag=aj.labyria.bone.body_2] run data modify entity @s {} merge value {transformation:[-0.19457740884179794f,-0.08101757911615658f,-0.977535566535852f,0f,0.08736145709163777f,0.9911912285130338f,-0.09953855702012583f,1.12407828857533f,0.9769890520283416f,-0.1047668859562993f,-0.18578560714916004f,0f,0f,0f,0f,1f],start_interpolation:0}
execute if entity @s[tag=aj.labyria.bone.sphere] run data modify entity @s {} merge value {transformation:[0.09639136072947971f,0f,-0.9953435113450629f,-0.9347771122476257f,0f,1f,0f,2.033173076923077f,0.9953435113450629f,0f,0.09639136072947971f,-0.6471810593004774f,0f,0f,0f,1f],start_interpolation:0}