execute if entity @s[tag=aj.labyria.bone.wing_right_1] run data modify entity @s {} merge value {transformation:[0.5191737755162178f,-0.007457228408377414f,-0.6303549991910474f,-0.3758021641417598f,-0.08640977774732218f,0.8080598451259622f,-0.08072844262779287f,1.2076956059021455f,0.624448865456843f,0.11801746008076837f,0.5129131875767966f,0.0033202402479646925f,0f,0f,0f,1f],start_interpolation:0}
execute if entity @s[tag=aj.labyria.bone.wing_right_2] run data modify entity @s {} merge value {transformation:[0.4670696495537581f,-0.20137350181640862f,-0.6174906114524547f,-0.3758021641417598f,0.22471728001920574f,0.7637069802067264f,-0.07908092339049098f,1.2076956059021455f,0.6093833658104718f,-0.12728063933575948f,0.5024455715038008f,0.0033202402479646925f,0f,0f,0f,1f],start_interpolation:0}
execute if entity @s[tag=aj.labyria.bone.wing_left_1] run data modify entity @s {} merge value {transformation:[-0.3387212396782085f,-0.039275879213879664f,-0.7420712712046454f,-0.3653912865646565f,0.0950282764847301f,0.8065401712653553f,-0.08606406478918735f,1.2081928343552504f,0.7370088146716045f,-0.12204426201863189f,-0.32995098067611217f,0.08186704020509088f,0f,0f,0f,1f],start_interpolation:0}
execute if entity @s[tag=aj.labyria.bone.wing_left_2] run data modify entity @s {} merge value {transformation:[-0.29182764959884666f,-0.16252328575553043f,-0.7269269595474078f,-0.3653912865646565f,-0.21634763894800438f,0.765562484960449f,-0.08430765530369373f,1.2081928343552504f,0.7127624583626979f,0.16583203311908312f,-0.32321728719292625f,0.08186704020509088f,0f,0f,0f,1f],start_interpolation:0}
execute if entity @s[tag=aj.labyria.bone.musket] run data modify entity @s {} merge value {transformation:[0.000004923960537275876f,-0.00001546448522766708f,-9.327236102493088e-7f,0.2735765774494609f,0.000008580096301385368f,0.000001907137264420448f,0.000013675176012619073f,1.6205108357799163f,-0.000012899698606897878f,-0.00000463445661975873f,0.000008739865659909852f,0.018865993689756166f,0f,0f,0f,1f],start_interpolation:0}
execute if entity @s[tag=aj.labyria.bone.omega_blade] run data modify entity @s {} merge value {transformation:[0.543404448205304f,-1.7066485399918792f,-0.10293465086054311f,0.2735765774494609f,0.9468927423171711f,0.21047018248393867f,1.509181769226541f,1.6205108357799163f,-1.4236006869734448f,-0.5114550214459431f,0.9645247642336473f,0.018865993689756166f,0f,0f,0f,1f],start_interpolation:0}
execute if entity @s[tag=aj.labyria.bone.arm_right_2] run data modify entity @s {} merge value {transformation:[0.25557257754276613f,-0.6132783256729584f,0.7473769817621622f,0.2008172108068051f,-0.20245284017994042f,0.7219610418837757f,0.6616533091469948f,1.6755645668777628f,-0.9453546980426035f,-0.3204090343012592f,0.060353505506408583f,0.31631669392504824f,0f,0f,0f,1f],start_interpolation:0}
execute if entity @s[tag=aj.labyria.bone.arm_right_1] run data modify entity @s {} merge value {transformation:[0.7880577791320551f,-0.6132783256729584f,-0.05342875638853645f,-0.03372171703603053f,0.5867093685810418f,0.7219610418837757f,0.36680290459772574f,1.4679155535280692f,-0.1863787905548489f,-0.3204090343012592f,0.9287631545068128f,0.2973507585083083f,0f,0f,0f,1f],start_interpolation:0}
execute if entity @s[tag=aj.labyria.bone.arm_left_2] run data modify entity @s {} merge value {transformation:[-0.5265368961907201f,-0.15781387264829458f,-0.8353763693986024f,-0.0027994803870681206f,0.7968349509075994f,0.25089461651773315f,-0.5496416581869531f,1.1698710352139023f,0.29633251249555176f,-0.9550637010179829f,-0.0063536631879661035f,-0.389718281924312f,0f,0f,0f,1f],start_interpolation:0}
execute if entity @s[tag=aj.labyria.bone.arm_left_1] run data modify entity @s {} merge value {transformation:[-0.3332473304666754f,-0.15781387264829458f,-0.9295380564218885f,-0.11214626069644598f,0.8969110092069802f,0.25089461651773315f,-0.36414630708787354f,1.4641699601099427f,0.29068343313672107f,-0.9550637010179829f,0.05793503860084906f,-0.2943377804263254f,0f,0f,0f,1f],start_interpolation:0}
execute if entity @s[tag=aj.labyria.bone.himo_right_2] run data modify entity @s {} merge value {transformation:[0.131391905609073f,-0.3700246308090896f,-0.9196836084953417f,0.21553826122532027f,0.006275339758117671f,0.9280183980881473f,-0.37248150681722314f,1.15418702244942f,0.9913106411470303f,0.04316972787157394f,0.12425613604228014f,0.12286509959178447f,0f,0f,0f,1f],start_interpolation:0}
execute if entity @s[tag=aj.labyria.bone.himo_right_1] run data modify entity @s {} merge value {transformation:[0.131391905609073f,-0.2468162193333196f,-0.9601134938195707f,0.16325951076395057f,0.006275339758117671f,0.9686976648020882f,-0.24816416807811192f,1.3342668085493232f,0.9913106411470303f,0.026581724567602216f,0.12882788777153614f,0.12865434724678199f,0f,0f,0f,1f],start_interpolation:0}
execute if entity @s[tag=aj.labyria.bone.himo_left_2] run data modify entity @s {} merge value {transformation:[0.131391905609073f,-0.3700246308090896f,-0.9196836084953417f,0.174478290722485f,0.006275339758117671f,0.9280183980881473f,-0.37248150681722314f,1.1522259787750082f,0.9913106411470303f,0.04316972787157394f,0.12425613604228014f,-0.18691947576666249f,0f,0f,0f,1f],start_interpolation:0}
execute if entity @s[tag=aj.labyria.bone.himo_left_1] run data modify entity @s {} merge value {transformation:[0.131391905609073f,-0.2468162193333196f,-0.9601134938195707f,0.12219954026111526f,0.006275339758117671f,0.9686976648020882f,-0.24816416807811192f,1.3323057648749115f,0.9913106411470303f,0.026581724567602216f,0.12882788777153614f,-0.18113022811166496f,0f,0f,0f,1f],start_interpolation:0}
execute if entity @s[tag=aj.labyria.bone.ribbon_left_himo_1] run data modify entity @s {} merge value {transformation:[-0.970375258068891f,-0.13599132624119376f,-0.19969531220059528f,0.19715939681490852f,-0.10730907732725763f,0.9831383573469691f,-0.148066647953805f,1.763528965690399f,0.2164639010341094f,-0.12225109202074468f,-0.9686062409714433f,-0.02703689561782338f,0f,0f,0f,1f],start_interpolation:0}
execute if entity @s[tag=aj.labyria.bone.ribbon_left_himo_2] run data modify entity @s {} merge value {transformation:[-0.970375258068891f,-0.13599132624119376f,-0.19969531220059528f,0.17063736316326694f,-0.10730907732725763f,0.9831383573469691f,-0.148066647953805f,1.7438638640090343f,0.2164639010341094f,-0.12225109202074468f,-0.9686062409714433f,-0.1556799119968432f,0f,0f,0f,1f],start_interpolation:0}
execute if entity @s[tag=aj.labyria.bone.ribbon_left] run data modify entity @s {} merge value {transformation:[-0.970375258068891f,-0.13599132624119376f,-0.19969531220059528f,0.16884310050442466f,-0.10730907732725763f,0.9831383573469691f,-0.148066647953805f,1.8587534877625578f,0.2164639010341094f,-0.12225109202074468f,-0.9686062409714433f,-0.10431411208410436f,0f,0f,0f,1f],start_interpolation:0}
execute if entity @s[tag=aj.labyria.bone.ribbon_right_himo_1] run data modify entity @s {} merge value {transformation:[-0.970375258068891f,-0.13599132624119376f,-0.19969531220059528f,-0.3860967817381244f,-0.10730907732725763f,0.9831383573469691f,-0.148066647953805f,1.6990295033993843f,0.2164639010341094f,-0.12225109202074468f,-0.9686062409714433f,0.10307143789749101f,0f,0f,0f,1f],start_interpolation:0}
execute if entity @s[tag=aj.labyria.bone.ribbon_right_himo_2] run data modify entity @s {} merge value {transformation:[-0.970375258068891f,-0.13599132624119376f,-0.19969531220059528f,-0.41261881538976597f,-0.10730907732725763f,0.9831383573469691f,-0.148066647953805f,1.6793644017180196f,0.2164639010341094f,-0.12225109202074468f,-0.9686062409714433f,-0.025571578481528797f,0f,0f,0f,1f],start_interpolation:0}
execute if entity @s[tag=aj.labyria.bone.ribbon_right] run data modify entity @s {} merge value {transformation:[-0.970375258068891f,-0.13599132624119376f,-0.19969531220059528f,-0.41338205433691f,-0.10730907732725763f,0.9831383573469691f,-0.148066647953805f,1.7943680413662033f,0.2164639010341094f,-0.12225109202074468f,-0.9686062409714433f,0.025564228536361273f,0f,0f,0f,1f],start_interpolation:0}
execute if entity @s[tag=aj.labyria.bone.crown] run data modify entity @s {} merge value {transformation:[-0.9768074000112078f,0.07725985741929606f,-0.19969531220059528f,0.006357495520951606f,0.10802466278959282f,0.9830599879930618f,-0.148066647953805f,2.125378379624288f,0.18487286310472395f,-0.16620461617726293f,-0.9686062409714433f,-0.09420036905634915f,0f,0f,0f,1f],start_interpolation:0}
execute if entity @s[tag=aj.labyria.bone.ear_edge_a1] run data modify entity @s {} merge value {transformation:[-0.9797020587672942f,0.017483087033786274f,-0.19969531220059528f,0.02918541914248135f,0.04780879847595003f,0.9878211308491077f,-0.148066647953805f,2.122225891494687f,0.19467458703028037f,-0.15460839277270516f,-0.9686062409714433f,-0.11579709753029396f,0f,0f,0f,1f],start_interpolation:0}
execute if entity @s[tag=aj.labyria.bone.ear_edge_a2] run data modify entity @s {} merge value {transformation:[-0.970375258068891f,-0.13599132624119376f,-0.19969531220059528f,-0.08395770321644638f,-0.10730907732725763f,0.9831383573469691f,-0.148066647953805f,2.119772955666897f,0.2164639010341094f,-0.12225109202074469f,-0.9686062409714433f,-0.09209567154582127f,0f,0f,0f,1f],start_interpolation:0}
execute if entity @s[tag=aj.labyria.bone.ear_edge_b1] run data modify entity @s {} merge value {transformation:[-0.9744502452175946f,0.10280321921260782f,-0.19969531220059528f,-0.10504503341144639f,0.13372115592486378f,0.9798953618738291f,-0.148066647953805f,2.113129200342643f,0.18045878214563865f,-0.17098706938737276f,-0.9686062409714433f,-0.08673254322006829f,0f,0f,0f,1f],start_interpolation:0}
execute if entity @s[tag=aj.labyria.bone.ear_edge_b2] run data modify entity @s {} merge value {transformation:[-0.9585251973327525f,-0.20335001441680178f,-0.19969531220059528f,-0.07815998415103115f,-0.17562794281934013f,0.9732579788857478f,-0.148066647953805f,2.1260852331765836f,0.22446441094136366f,-0.10685353607586376f,-0.9686062409714433f,-0.09425590446826702f,0f,0f,0f,1f],start_interpolation:0}
execute if entity @s[tag=aj.labyria.bone.ear_right_2] run data modify entity @s {} merge value {transformation:[-0.9785351122934289f,-0.05090006182699741f,-0.19969531220059528f,-0.04256986241791464f,-0.02121458013224352f,0.9887498214177015f,-0.148066647953805f,2.2306302433707437f,0.20498530581165578f,-0.14065196177967532f,-0.9686062409714433f,-0.1498376335685287f,0f,0f,0f,1f],start_interpolation:0}
execute if entity @s[tag=aj.labyria.bone.ear_right_1] run data modify entity @s {} merge value {transformation:[-0.9785351122934289f,-0.05090006182699741f,-0.19969531220059528f,-0.03111734850684024f,-0.02121458013224352f,0.9887498214177015f,-0.148066647953805f,2.0081615335517613f,0.20498530581165578f,-0.14065196177967532f,-0.9686062409714433f,-0.1181909421681018f,0f,0f,0f,1f],start_interpolation:0}
execute if entity @s[tag=aj.labyria.bone.ear_edge_a3] run data modify entity @s {} merge value {transformation:[-0.9371545980259889f,-0.2861171817347796f,-0.19969531220059528f,-0.349723361462004f,-0.25978464750825886f,0.954247454637807f,-0.148066647953805f,2.080324213458522f,0.23292315539197883f,-0.08688356365512041f,-0.9686062409714433f,-0.03127302078399523f,0f,0f,0f,1f],start_interpolation:0}
execute if entity @s[tag=aj.labyria.bone.ear_edge_a4] run data modify entity @s {} merge value {transformation:[-0.9703752580688911f,-0.13599132624119376f,-0.19969531220059528f,-0.23932111239491527f,-0.10730907732725764f,0.9831383573469691f,-0.148066647953805f,2.102592072342917f,0.2164639010341094f,-0.12225109202074469f,-0.9686062409714433f,-0.05743838886153587f,0f,0f,0f,1f],start_interpolation:0}
execute if entity @s[tag=aj.labyria.bone.ear_edge_b3] run data modify entity @s {} merge value {transformation:[-0.9086516863588298f,-0.36670682453747794f,-0.19969531220059528f,-0.21705890281831924f,-0.34196423416738075f,0.9279745310697061f,-0.148066647953805f,2.1007421316555996f,0.23960921398721458f,-0.06625235485323153f,-0.9686062409714433f,-0.06174534477274805f,0f,0f,0f,1f],start_interpolation:0}
execute if entity @s[tag=aj.labyria.bone.ear_edge_b4] run data modify entity @s {} merge value {transformation:[-0.9774977480894979f,-0.06797010199393896f,-0.19969531220059528f,-0.24666409912460727f,-0.0384674127971075f,0.988228984555918f,-0.148066647953805f,2.107451183149747f,0.2074088007598922f,-0.13705305293393735f,-0.9686062409714433f,-0.05666729350134266f,0f,0f,0f,1f],start_interpolation:0}
execute if entity @s[tag=aj.labyria.bone.ear_left_2] run data modify entity @s {} merge value {transformation:[-0.9548302622018483f,-0.22004761454888677f,-0.19969531220059528f,-0.3232218762975624f,-0.19258688764881887f,0.9700446167416554f,-0.148066647953805f,2.1995943029868195f,0.2262950752652164f,-0.10291981763430857f,-0.9686062409714433f,-0.08723192587729385f,0f,0f,0f,1f],start_interpolation:0}
execute if entity @s[tag=aj.labyria.bone.ear_left_1] run data modify entity @s {} merge value {transformation:[-0.9548302622018483f,-0.22004761454888677f,-0.19969531220059528f,-0.27371116302406295f,-0.19258688764881887f,0.9700446167416554f,-0.148066647953805f,1.9813342642199472f,0.2262950752652164f,-0.10291981763430857f,-0.9686062409714433f,-0.06407496690957445f,0f,0f,0f,1f],start_interpolation:0}
execute if entity @s[tag=aj.labyria.bone.head] run data modify entity @s {} merge value {transformation:[-0.970375258068891f,-0.13599132624119376f,-0.19969531220059528f,-0.07647822256057119f,-0.10730907732725763f,0.9831383573469691f,-0.148066647953805f,1.495516573494089f,0.2164639010341094f,-0.12225109202074468f,-0.9686062409714433f,0.0017896751521511477f,0f,0f,0f,1f],start_interpolation:0}
execute if entity @s[tag=aj.labyria.bone.back_musket] run data modify entity @s {} merge value {transformation:[-1.5805583918140076f,-0.3760891641892641f,0.055215498464989556f,-0.2756088788418336f,-0.32926730961200606f,1.2365978187816655f,-1.002529557684111f,1.4175105799025012f,0.1899338029740573f,-0.9859205930443117f,-1.2784922273224673f,0.12845460771218964f,0f,0f,0f,1f],start_interpolation:0}
execute if entity @s[tag=aj.labyria.bone.body_1] run data modify entity @s {} merge value {transformation:[0.131391905609073f,-0.11938471391437244f,-0.9841155710707963f,-0.031708954842681526f,0.006275339758117671f,0.9928022458975331f,-0.11960067161907822f,1.1232157312825142f,0.9913106411470303f,0.009538900586432435f,0.13119535862318277f,-0.0017874125677610157f,0f,0f,0f,1f],start_interpolation:0}
execute if entity @s[tag=aj.labyria.bone.belt2] run data modify entity @s {} merge value {transformation:[-0.8226298120186155f,0.11263728009964016f,-0.5573087434357834f,0.3014666436018969f,0.09661962009527941f,0.993618246298661f,0.058201629144013764f,0.3321349834755998f,0.5603078095037235f,-0.005968563824625725f,-0.8282629623827269f,-0.03272282216156671f,0f,0f,0f,1f],start_interpolation:0}
execute if entity @s[tag=aj.labyria.bone.leg_left_2] run data modify entity @s {} merge value {transformation:[-0.5632215166367317f,0.11211997947455729f,-0.8186639319037111f,0.14788734005705048f,-0.05202039408923061f,0.9839750687948611f,0.1705489448485375f,0.4721071899792041f,0.8246668429106513f,0.1386440557426577f,-0.5483634050618311f,-0.04541614069701177f,0f,0f,0f,1f],start_interpolation:0}
execute if entity @s[tag=aj.labyria.bone.leg_left_1] run data modify entity @s {} merge value {transformation:[-0.5632215166367317f,-0.24436711737077213f,-0.7893454472823155f,0.05589814544819844f,-0.05202039408923061f,0.9638613657123053f,-0.2612759963831557f,0.8138498265368181f,0.8246668429106513f,-0.1060942017035281f,-0.5555795339721129f,-0.08668457214121936f,0f,0f,0f,1f],start_interpolation:0}
execute if entity @s[tag=aj.labyria.bone.belt] run data modify entity @s {} merge value {transformation:[0.12443734533386064f,-0.139948776255272f,-0.9823083462492381f,0.12751285872820964f,0.1977956213811063f,0.9736319426113884f,-0.11365620303897252f,0.6450874371835331f,0.972312829931151f,-0.18015321354731895f,0.1488374294317479f,0.32177447584888774f,0f,0f,0f,1f],start_interpolation:0}
execute if entity @s[tag=aj.labyria.bone.leg_right_2] run data modify entity @s {} merge value {transformation:[-0.2678691547241411f,0.17857715086256637f,-0.9467609609279325f,0.00032294987396472297f,0.2566280748240629f,0.9603962472035336f,0.10854068163349723f,0.4493009499458596f,0.9286485595527886f,-0.21389074207916814f,-0.3030884413720744f,0.2651589311016088f,0f,0f,0f,1f],start_interpolation:0}
execute if entity @s[tag=aj.labyria.bone.leg_right_1] run data modify entity @s {} merge value {transformation:[-0.2678691547241411f,-0.030572417524931485f,-0.962970115441832f,-0.012288172355069514f,0.2566280748240629f,0.9611235246271109f,-0.10189995888347637f,0.8457644038545429f,0.9286485595527886f,-0.2744210226914845f,-0.24960960547521077f,0.15196025924137146f,0f,0f,0f,1f],start_interpolation:0}
execute if entity @s[tag=aj.labyria.bone.skirt_forward_right] run data modify entity @s {} merge value {transformation:[-0.27872236760782104f,-0.21891325378117887f,-0.9350886744657041f,0.006677461954224743f,0.17020106059431445f,0.9470012181868437f,-0.2724340135247515f,1.039145362497684f,0.9451695301731119f,-0.23508653741031435f,-0.2266911536888188f,0.009637608127049455f,0f,0f,0f,1f],start_interpolation:0}
execute if entity @s[tag=aj.labyria.bone.skirt_forward_left] run data modify entity @s {} merge value {transformation:[-0.2364740609718609f,-0.2639871007709444f,-0.9350886744657041f,0.006677461954224743f,0.0031702882576729596f,0.9621692457915909f,-0.2724340135247515f,1.039145362497684f,0.9716326300407164f,-0.06738807816960243f,-0.2266911536888188f,0.009637608127049455f,0f,0f,0f,1f],start_interpolation:0}
execute if entity @s[tag=aj.labyria.bone.skirt_forward] run data modify entity @s {} merge value {transformation:[-0.25858219761988455f,-0.2423724777280686f,-0.9350886744657041f,0.006677461954224743f,0.0870167996196365f,0.9582315924966947f,-0.2724340135247515f,1.039145362497684f,0.9620620165342912f,-0.15181500973620926f,-0.2266911536888188f,0.009637608127049455f,0f,0f,0f,1f],start_interpolation:0}
execute if entity @s[tag=aj.labyria.bone.skirt_back_right] run data modify entity @s {} merge value {transformation:[-0.2569092549422501f,0.03041176487232327f,-0.9659569137815456f,0.006677461954224743f,0.17350079109003488f,0.9847173103379449f,-0.015142463866080466f,1.039145362497684f,0.9507339849906229f,-0.17148452780981147f,-0.25825945579145004f,0.009637608127049455f,0f,0f,0f,1f],start_interpolation:0}
execute if entity @s[tag=aj.labyria.bone.skirt_back_left] run data modify entity @s {} merge value {transformation:[-0.25828717363743187f,-0.014662082117442262f,-0.9659569137815456f,0.006677461954224743f,-0.000129442238047478f,0.9998853379426921f,-0.015142463866080466f,1.039145362497684f,0.9660681752232054f,-0.003786068569099549f,-0.25825945579145004f,0.009637608127049455f,0f,0f,0f,1f],start_interpolation:0}
execute if entity @s[tag=aj.labyria.bone.skirt_back] run data modify entity @s {} merge value {transformation:[-0.25858219761988455f,0.007904921992181957f,-0.9659569137815456f,0.006677461954224743f,0.0870167996196365f,0.996091753992583f,-0.015142463866080466f,1.039145362497684f,0.9620620165342912f,-0.08797005079160203f,-0.25825945579145004f,0.009637608127049455f,0f,0f,0f,1f],start_interpolation:0}
execute if entity @s[tag=aj.labyria.bone.skirt_right] run data modify entity @s {} merge value {transformation:[-0.265142626846602f,-0.048866595899736576f,-0.962970115441832f,-0.04533068510726353f,0.19012589327736185f,0.9764571383757871f,-0.10189995888347637f,1.0807794067103647f,0.9452785473786912f,-0.21010357617170822f,-0.24960960547521077f,0.19328352150855424f,0f,0f,0f,1f],start_interpolation:0}
execute if entity @s[tag=aj.labyria.bone.skirt_left] run data modify entity @s {} merge value {transformation:[-0.24918868772424005f,-0.102924995390895f,-0.962970115441832f,0.05486991647044173f,-0.017045668304157574f,0.9946486030612068f,-0.10189995888347637f,1.0470603968577554f,0.9683049329123216f,-0.008977847858689672f,-0.24960960547521077f,-0.1795155098984836f,0f,0f,0f,1f],start_interpolation:0}
execute if entity @s[tag=aj.labyria.bone.coat_downer] run data modify entity @s {} merge value {transformation:[-0.25858219761988455f,-0.10987453493785455f,-0.9597201850780575f,0.01752833762983997f,0.0870167996196365f,0.9868216349780974f,-0.13642264226700374f,0.8982401703064203f,0.9620620165342912f,-0.11878824567837096f,-0.24561357664149586f,0.025298721333504852f,0f,0f,0f,1f],start_interpolation:0}
execute if entity @s[tag=aj.labyria.bone.body_2] run data modify entity @s {} merge value {transformation:[-0.25858219761988455f,-0.07631385090542571f,-0.962970115441832f,0f,0.0870167996196365f,0.9909815714550406f,-0.10189995888347637f,1.12585625f,0.9620620165342912f,-0.11014409288056531f,-0.24960960547521077f,0f,0f,0f,0f,1f],start_interpolation:0}
execute if entity @s[tag=aj.labyria.bone.sphere] run data modify entity @s {} merge value {transformation:[0.04361938736533556f,0f,-0.9990482215818577f,-0.8794601902437247f,0f,1f,0f,2.10345f,0.9990482215818577f,0f,0.04361938736533556f,-0.7043301951332709f,0f,0f,0f,1f],start_interpolation:0}