execute if entity @s[tag=aj.labyria.bone.wing_right_1] run data modify entity @s {} merge value {transformation:[0.6005080979096028f,0.0087514303588047f,-0.5534057112608345f,-0.3752052808307429f,-0.0895442255667793f,0.807343276178235f,-0.08439852203613768f,1.2061035983431232f,0.5461833945270406f,0.1227383042123104f,0.5946120186024243f,0.05969236858052415f,0f,0f,0f,1f],start_interpolation:0}
execute if entity @s[tag=aj.labyria.bone.wing_right_2] run data modify entity @s {} merge value {transformation:[0.5467554300477817f,-0.2171943503827402f,-0.5421117171534705f,-0.3752052808307429f,0.22161190410028636f,0.764233489136373f,-0.08267610321907365f,1.2061035983431232f,0.5403208895409379f,-0.09366850187904632f,0.5824770794472728f,0.05969236858052415f,0f,0f,0f,1f],start_interpolation:0}
execute if entity @s[tag=aj.labyria.bone.wing_left_1] run data modify entity @s {} merge value {transformation:[-0.21329310255240622f,-0.05952502065757204f,-0.7860707784695526f,-0.3534217250879511f,0.092560908599543f,0.8068113535673134f,-0.08621115008252286f,1.2062733078941232f,0.7828684276730286f,-0.1116093908013114f,-0.20397257973111083f,0.13446084294512653f,0f,0f,0f,1f],start_interpolation:0}
execute if entity @s[tag=aj.labyria.bone.wing_left_2] run data modify entity @s {} merge value {transformation:[-0.1707212009702757f,-0.1338295688252045f,-0.7700285176844598f,-0.3534217250879511f,-0.21868232727036513f,0.7648829606833689f,-0.08445173885634893f,1.2062733078941232f,0.7503547902684993f,0.192467407537754f,-0.19980987402231265f,0.13446084294512653f,0f,0f,0f,1f],start_interpolation:0}
execute if entity @s[tag=aj.labyria.bone.musket] run data modify entity @s {} merge value {transformation:[0.0000040882120220007605f,-0.000015707124417906537f,9.156577122880479e-7f,0.26503794076402964f,0.000005779107505258096f,0.000002379011274186942f,0.000015006927928875414f,1.5435244332572997f,-0.000014634005021467565f,-0.0000034485086545049552f,0.000006182179967775642f,-0.029242952150586254f,0f,0f,0f,1f],start_interpolation:0}
execute if entity @s[tag=aj.labyria.bone.omega_blade] run data modify entity @s {} merge value {transformation:[0.4511718932643317f,-1.7334260119652836f,0.10105127165907259f,0.26503794076402964f,0.6377778012720005f,0.2625458305234427f,1.6561528730201551f,1.5435244332572997f,-1.6149973915354898f,-0.3805747280763572f,0.6822605641664157f,-0.029242952150586254f,0f,0f,0f,1f],start_interpolation:0}
execute if entity @s[tag=aj.labyria.bone.arm_right_2] run data modify entity @s {} merge value {transformation:[0.050762613965256664f,-0.5943167516149265f,0.8026274078134236f,0.25575427995499594f,-0.3676531397742109f,0.7361060289171573f,0.5683124871107248f,1.649790421714562f,-0.9285765051074567f,-0.3239375139462778f,-0.1811357535682178f,0.263029371465051f,0f,0f,0f,1f],start_interpolation:0}
execute if entity @s[tag=aj.labyria.bone.arm_right_1] run data modify entity @s {} merge value {transformation:[0.7954398969354888f,-0.5943167516149265f,0.11858739019449124f,0.008127810844379406f,0.4786335681890689f,0.7361060289171573f,0.4785998554057587f,1.4656143140562086f,-0.3717328042638404f,-0.3239375139462778f,0.8699880512354443f,0.29882459432957287f,0f,0f,0f,1f],start_interpolation:0}
execute if entity @s[tag=aj.labyria.bone.arm_left_2] run data modify entity @s {} merge value {transformation:[-0.49555554454777745f,-0.299725194748f,-0.815223595034656f,-0.05480373210849743f,0.7888050546408009f,0.23761257750389633f,-0.5668569914758734f,1.1766737427195972f,0.3636087018225488f,-0.9239616175173232f,0.1186745183840765f,-0.38193934676608465f,0f,0f,0f,1f],start_interpolation:0}
execute if entity @s[tag=aj.labyria.bone.arm_left_1] run data modify entity @s {} merge value {transformation:[-0.3207804048074747f,-0.299725194748f,-0.8984791258147435f,-0.15882785675294459f,0.886998407365478f,0.23761257750389633f,-0.3959470777049134f,1.464313609445841f,0.3321652558932955f,-0.9239616175173232f,0.18963431158973643f,-0.27422329097291076f,0f,0f,0f,1f],start_interpolation:0}
execute if entity @s[tag=aj.labyria.bone.himo_right_2] run data modify entity @s {} merge value {transformation:[0.2797163017337365f,-0.35977325673573074f,-0.89012470715185f,0.22832778289101505f,0.002179190970249427f,0.9273688963559586f,-0.3741419265442548f,1.1529447024019193f,0.9600802266847892f,0.10271384429227307f,0.26018421266400127f,0.08728013233218003f,0f,0f,0f,1f],start_interpolation:0}
execute if entity @s[tag=aj.labyria.bone.himo_right_1] run data modify entity @s {} merge value {transformation:[0.2797163017337365f,-0.2405107580248414f,-0.9294694001518915f,0.17742283201040798f,0.002179190970249427f,0.9682704479117128f,-0.24989515967214418f,1.3329335666374145f,0.9600802266847892f,0.0678742585607196f,0.27136514764006847f,0.10170258798506537f,0f,0f,0f,1f],start_interpolation:0}
execute if entity @s[tag=aj.labyria.bone.himo_left_2] run data modify entity @s {} merge value {transformation:[0.2797163017337365f,-0.35977325673573074f,-0.89012470715185f,0.1409164385992224f,0.002179190970249427f,0.9273688963559586f,-0.3741419265442548f,1.1522637052237164f,0.9600802266847892f,0.10271384429227307f,0.26018421266400127f,-0.21274493850681664f,0f,0f,0f,1f],start_interpolation:0}
execute if entity @s[tag=aj.labyria.bone.himo_left_1] run data modify entity @s {} merge value {transformation:[0.2797163017337365f,-0.2405107580248414f,-0.9294694001518915f,0.09001148771861534f,0.002179190970249427f,0.9682704479117128f,-0.24989515967214418f,1.3322525694592116f,0.9600802266847892f,0.0678742585607196f,0.27136514764006847f,-0.19832248285393128f,0f,0f,0f,1f],start_interpolation:0}
execute if entity @s[tag=aj.labyria.bone.ribbon_left_himo_1] run data modify entity @s {} merge value {transformation:[-0.9651595581427028f,-0.15809217025376984f,-0.20850394008324044f,0.1887487915621558f,-0.12880683311503416f,0.9806661284425409f,-0.147318512985958f,1.7682872397299019f,0.2277626551229553f,-0.1153291386856382f,-0.9668626390037887f,-0.017500395014192774f,0f,0f,0f,1f],start_interpolation:0}
execute if entity @s[tag=aj.labyria.bone.ribbon_left_himo_2] run data modify entity @s {} merge value {transformation:[-0.9651595581427028f,-0.15809217025376984f,-0.20850394008324044f,0.16105686201985042f,-0.12880683311503416f,0.9806661284425409f,-0.147318512985958f,1.7487214997239544f,0.2277626551229553f,-0.1153291386856382f,-0.9668626390037887f,-0.14591183925688345f,0f,0f,0f,1f],start_interpolation:0}
execute if entity @s[tag=aj.labyria.bone.ribbon_left] run data modify entity @s {} merge value {transformation:[-0.9651595581427028f,-0.15809217025376984f,-0.20850394008324044f,0.15748736497023874f,-0.12880683311503416f,0.9806661284425409f,-0.147318512985958f,1.863285698968261f,0.2277626551229553f,-0.1153291386856382f,-0.9668626390037887f,-0.09391574932971408f,0f,0f,0f,1f],start_interpolation:0}
execute if entity @s[tag=aj.labyria.bone.ribbon_right_himo_1] run data modify entity @s {} merge value {transformation:[-0.9651595581427028f,-0.15809217025376984f,-0.20850394008324044f,-0.3913724253539926f,-0.12880683311503416f,0.9806661284425409f,-0.147318512985958f,1.6908662826006964f,0.2277626551229553f,-0.1153291386856382f,-0.9668626390037887f,0.11939919588064857f,0f,0f,0f,1f],start_interpolation:0}
execute if entity @s[tag=aj.labyria.bone.ribbon_right_himo_2] run data modify entity @s {} merge value {transformation:[-0.9651595581427028f,-0.15809217025376984f,-0.20850394008324044f,-0.41906435489629795f,-0.12880683311503416f,0.9806661284425409f,-0.147318512985958f,1.671300542594749f,0.2277626551229553f,-0.1153291386856382f,-0.9668626390037887f,-0.009012248362042126f,0f,0f,0f,1f],start_interpolation:0}
execute if entity @s[tag=aj.labyria.bone.ribbon_right] run data modify entity @s {} merge value {transformation:[-0.9651595581427028f,-0.15809217025376984f,-0.20850394008324044f,-0.421608369915383f,-0.12880683311503416f,0.9806661284425409f,-0.147318512985958f,1.7860015990992402f,0.2277626551229553f,-0.1153291386856382f,-0.9668626390037887f,0.042741843744059094f,0f,0f,0f,1f],start_interpolation:0}
execute if entity @s[tag=aj.labyria.bone.crown] run data modify entity @s {} merge value {transformation:[-0.9764988311447227f,0.05455400757739637f,-0.20850394008324044f,-0.010419761751710721f,0.08650140138230611f,0.985299326748224f,-0.147318512985958f,2.1263768070967375f,0.19740197651464222f,-0.1618922387476993f,-0.9668626390037887f,-0.08038954495207637f,0f,0f,0f,1f],start_interpolation:0}
execute if entity @s[tag=aj.labyria.bone.ear_edge_a1] run data modify entity @s {} merge value {transformation:[-0.9780079064722f,-0.0051615741425106165f,-0.20850394008324044f,0.012200541835707866f,0.026188973929280282f,0.988742329111148f,-0.147318512985958f,2.123815155989047f,0.20691706677409594f,-0.1495391747209866f,-0.9668626390037887f,-0.10228088498119417f,0f,0f,0f,1f],start_interpolation:0}
execute if entity @s[tag=aj.labyria.bone.ear_edge_a2] run data modify entity @s {} merge value {transformation:[-0.9651595581427029f,-0.15809217025376987f,-0.20850394008324044f,-0.10056452872913399f,-0.12880683311503416f,0.9806661284425409f,-0.147318512985958f,2.1188610873066525f,0.2277626551229553f,-0.11532913868563822f,-0.9668626390037887f,-0.07720825669861568f,0f,0f,0f,1f],start_interpolation:0}
execute if entity @s[tag=aj.labyria.bone.ear_edge_b1] run data modify entity @s {} merge value {transformation:[-0.9747361519475511f,0.08009707270709027f,-0.20850394008324044f,-0.1214398898503038f,0.11226388905654353f,0.982697346564804f,-0.147318512985958f,2.1117478269884193f,0.19309648702237067f,-0.16700414365592517f,-0.9668626390037887f,-0.0716226546087956f,0f,0f,0f,1f],start_interpolation:0}
execute if entity @s[tag=aj.labyria.bone.ear_edge_b2] run data modify entity @s {} merge value {transformation:[-0.9517805256443582f,-0.2250331930491894f,-0.20850394008324044f,-0.09492769065726711f,-0.19690087718382984f,0.9692921645695093f,-0.147318512985958f,2.125304878884021f,0.2352527907770441f,-0.09916028302824556f,-0.9668626390037887f,-0.07940566577727648f,0f,0f,0f,1f],start_interpolation:0}
execute if entity @s[tag=aj.labyria.bone.ear_right_2] run data modify entity @s {} merge value {transformation:[-0.975265475155389f,-0.07337138365669425f,-0.20850394008324044f,-0.062229012419480166f,-0.042845999415305314f,0.9881606529637323f,-0.147318512985958f,2.230856599867797f,0.21684435271419233f,-0.1347410998715403f,-0.9668626390037887f,-0.13486082937918828f,0f,0f,0f,1f],start_interpolation:0}
execute if entity @s[tag=aj.labyria.bone.ear_right_1] run data modify entity @s {} merge value {transformation:[-0.975265475155389f,-0.07337138365669425f,-0.20850394008324044f,-0.045720451096723985f,-0.042845999415305314f,0.9881606529637323f,-0.147318512985958f,2.0085204529509575f,0.21684435271419233f,-0.1347410998715403f,-0.9668626390037887f,-0.10454408190809175f,0f,0f,0f,1f],start_interpolation:0}
execute if entity @s[tag=aj.labyria.bone.ear_edge_a3] run data modify entity @s {} merge value {transformation:[-0.9285457783108048f,-0.3071300124555492f,-0.20850394008324044f,-0.3646716302685115f,-0.28063098844268614f,0.9484426730473947f,-0.147318512985958f,2.073519108492669f,0.24299997100177276f,-0.07827931650038238f,-0.9668626390037887f,-0.013344909746598861f,0f,0f,0f,1f],start_interpolation:0}
execute if entity @s[tag=aj.labyria.bone.ear_edge_a4] run data modify entity @s {} merge value {transformation:[-0.9651595581427028f,-0.15809217025376987f,-0.20850394008324044f,-0.255092870324164f,-0.12880683311503416f,0.980666128442541f,-0.147318512985958f,2.0982382730378113f,0.2277626551229553f,-0.1153291386856382f,-0.9668626390037887f,-0.040741969775902324f,0f,0f,0f,1f],start_interpolation:0}
execute if entity @s[tag=aj.labyria.bone.ear_edge_b3] run data modify entity @s {} merge value {transformation:[-0.8982442369330363f,-0.38688938701695047f,-0.20850394008324044f,-0.23285169245308263f,-0.3622253284298699f,0.9203749600980458f,-0.147318512985958f,2.0968791958446564f,0.2488977747197838f,-0.05680259710760772f,-0.9668626390037887f,-0.045331200767034396f,0f,0f,0f,1f],start_interpolation:0}
execute if entity @s[tag=aj.labyria.bone.ear_edge_b4] run data modify entity @s {} merge value {transformation:[-0.9738364302912759f,-0.09038093829624333f,-0.20850394008324044f,-0.2625261076622254f,-0.06008525510291962f,0.987262385514015f,-0.147318512985958f,2.102937777872201f,0.2191628827077295f,-0.13093612237219893f,-0.9668626390037887f,-0.039855044194135526f,0f,0f,0f,1f],start_interpolation:0}
execute if entity @s[tag=aj.labyria.bone.ear_left_2] run data modify entity @s {} merge value {transformation:[-0.9477081941132758f,-0.24160977997655192f,-0.20850394008324044f,-0.3413725411271238f,-0.2137873690390653f,0.9657081425415035f,-0.147318512985958f,2.1936030767440373f,0.2369475461993813f,-0.0950394531167005f,-0.9668626390037887f,-0.06898729507861051f,0f,0f,0f,1f],start_interpolation:0}
execute if entity @s[tag=aj.labyria.bone.ear_left_1] run data modify entity @s {} merge value {transformation:[-0.9477081941132758f,-0.24160977997655192f,-0.20850394008324044f,-0.28701034063239966f,-0.2137873690390653f,0.9657081425415035f,-0.147318512985958f,1.9763187446721993f,0.2369475461993813f,-0.0950394531167005f,-0.9668626390037887f,-0.047603418127352935f,0f,0f,0f,1f],start_interpolation:0}
execute if entity @s[tag=aj.labyria.bone.head] run data modify entity @s {} merge value {transformation:[-0.9651595581427028f,-0.15809217025376984f,-0.20850394008324044f,-0.0788274104819035f,-0.12880683311503416f,0.9806661284425409f,-0.147318512985958f,1.4944319115155873f,0.2277626551229553f,-0.1153291386856382f,-0.9668626390037887f,0.013246891027535644f,0f,0f,0f,1f],start_interpolation:0}
execute if entity @s[tag=aj.labyria.bone.back_musket] run data modify entity @s {} merge value {transformation:[-1.5335035987615757f,-0.5214907417036012f,-0.13809692077567515f,-0.25648048913382276f,-0.33202258212533653f,1.2403576357755903f,-0.9969606717203106f,1.4156379118347262f,0.4251874388656368f,-0.91225927362544f,-1.2765795314590722f,0.16820768512540968f,0f,0f,0f,1f],start_interpolation:0}
execute if entity @s[tag=aj.labyria.bone.body_1] run data modify entity @s {} merge value {transformation:[0.2797163017337365f,-0.11713305356196713f,-0.9529106140177316f,-0.03490251539616583f,0.002179190970249427f,0.9926046236484122f,-0.12137261733401555f,1.1222051776474327f,0.9600802266847892f,0.03187332544689256f,0.27790294970338125f,0.0012943939849509355f,0f,0f,0f,1f],start_interpolation:0}
execute if entity @s[tag=aj.labyria.bone.belt2] run data modify entity @s {} merge value {transformation:[-0.7512969870101613f,0.13223706852655792f,-0.6465803855801346f,0.288280613886869f,0.10417371212668566f,0.9911999814554816f,0.08167272778840556f,0.3283245821416453f,0.6516906282978141f,-0.005996204645856207f,-0.7584611859011938f,-0.07016942386908076f,0f,0f,0f,1f],start_interpolation:0}
execute if entity @s[tag=aj.labyria.bone.leg_left_2] run data modify entity @s {} merge value {transformation:[-0.4666971639527643f,0.14797481117747413f,-0.8719502350567016f,0.13725248401637663f,-0.05351305013943004f,0.9793727584168629f,0.19484700032517713f,0.47145180849497254f,0.8827967549913295f,0.1375952591041406f,-0.44915190531583293f,-0.06345805512082024f,0f,0f,0f,1f],start_interpolation:0}
execute if entity @s[tag=aj.labyria.bone.leg_left_1] run data modify entity @s {} merge value {transformation:[-0.4666971639527643f,-0.24706747284739378f,-0.8492063477266574f,0.04398649809349228f,-0.05351305013943004f,0.9663167984714202f,-0.2517304082877541f,0.8123720548776627f,0.8827967549913295f,-0.0720382457639474f,-0.4641986433888316f,-0.09209804359188473f,0f,0f,0f,1f],start_interpolation:0}
execute if entity @s[tag=aj.labyria.bone.belt] run data modify entity @s {} merge value {transformation:[0.24810733203510416f,-0.11731013927597764f,-0.9616033917439522f,0.1600240378349037f,0.18844739022357124f,0.9795225607003732f,-0.07087407281163352f,0.6381840714536479f,0.9502264640117888f,-0.1636272724885261f,0.2651335187968846f,0.30581407263665983f,0f,0f,0f,1f],start_interpolation:0}
execute if entity @s[tag=aj.labyria.bone.leg_right_2] run data modify entity @s {} merge value {transformation:[-0.14362401267377492f,0.12420305735897993f,-0.9818073861639893f,0.013039891808220842f,0.2646541407308372f,0.9607797441017761f,0.08282794889255729f,0.44177585211045084f,0.9535881337231003f,-0.24794330776693246f,-0.17086189556506345f,0.2660902096926688f,0f,0f,0f,1f],start_interpolation:0}
execute if entity @s[tag=aj.labyria.bone.leg_right_1] run data modify entity @s {} merge value {transformation:[-0.14362401267377492f,-0.02061527077124478f,-0.989417583022715f,0.009967526113741007f,0.2646541407308372f,0.9625690015401593f,-0.05847309695922563f,0.8454605991611379f,0.9535881337231003f,-0.27025160107760515f,-0.1327921057046894f,0.15359079663114f,0f,0f,0f,1f],start_interpolation:0}
execute if entity @s[tag=aj.labyria.bone.skirt_forward_right] run data modify entity @s {} merge value {transformation:[-0.14612474592484673f,-0.2403576426631387f,-0.9596227186982483f,0.00745895014928585f,0.17465554289930624f,0.9485290490217035f,-0.2641743448871053f,1.038023753640117f,0.9737263475756149f,-0.2062058359392419f,-0.09662377172130501f,0.008956467057880666f,0f,0f,0f,1f],start_interpolation:0}
execute if entity @s[tag=aj.labyria.bone.skirt_forward_left] run data modify entity @s {} merge value {transformation:[-0.10216711605695486f,-0.2620803658322897f,-0.9596227186982483f,0.00745895014928585f,0.007291791927027794f,0.9644473781777634f,-0.2641743448871053f,1.038023753640117f,0.9947405240398611f,-0.03398730014654727f,-0.09662377172130501f,0.008956467057880666f,0f,0f,0f,1f],start_interpolation:0}
execute if entity @s[tag=aj.labyria.bone.skirt_forward] run data modify entity @s {} merge value {transformation:[-0.12462014827895365f,-0.25217862003174196f,-0.9596227186982483f,0.00745895014928585f,0.09132117204340783f,0.960141843187811f,-0.2641743448871053f,1.038023753640117f,0.9879930476372543f,-0.12055531742233201f,-0.09662377172130501f,0.008956467057880666f,0f,0f,0f,1f],start_interpolation:0}
execute if entity @s[tag=aj.labyria.bone.skirt_back_right] run data modify entity @s {} merge value {transformation:[-0.12403822276464359f,0.012092472244133012f,-0.9922037549860477f,0.00745895014928585f,0.1777606497023514f,0.9840205821861698f,-0.010229626160776717f,1.038023753640117f,0.9762252151582576f,-0.17764364877196198f,-0.12420572990082716f,0.008956467057880666f,0f,0f,0f,1f],start_interpolation:0}
execute if entity @s[tag=aj.labyria.bone.skirt_back_left] run data modify entity @s {} merge value {transformation:[-0.124253639217158f,-0.009630250925017993f,-0.9922037549860477f,0.00745895014928585f,0.004186685123982625f,0.9999389113422297f,-0.010229626160776717f,1.038023753640117f,0.9922416564572185f,-0.0054251129792673575f,-0.12420572990082716f,0.008956467057880666f,0f,0f,0f,1f],start_interpolation:0}
execute if entity @s[tag=aj.labyria.bone.skirt_back] run data modify entity @s {} merge value {transformation:[-0.12462014827895365f,0.0012358133022749018f,-0.9922037549860477f,0.00745895014928585f,0.09132117204340783f,0.9957689482431299f,-0.010229626160776717f,1.038023753640117f,0.9879930476372543f,-0.09188402734019041f,-0.12420572990082716f,0.008956467057880666f,0f,0f,0f,1f],start_interpolation:0}
execute if entity @s[tag=aj.labyria.bone.skirt_right] run data modify entity @s {} merge value {transformation:[-0.13293341673655956f,-0.07159345461300815f,-0.9885358283700794f,-0.018817332193843093f,0.19558084896149308f,0.9758808640322824f,-0.09697768163401076f,1.0804944351259804f,0.9716361655652005f,-0.20623025110827234f,-0.11572486895033898f,0.1978211294496328f,0f,0f,0f,1f],start_interpolation:0}
execute if entity @s[tag=aj.labyria.bone.skirt_left] run data modify entity @s {} merge value {transformation:[-0.11491029443833221f,-0.09794151449092703f,-0.9885358283700794f,0.029472975264251446f,-0.013961917346874034f,0.9951886223871792f,-0.09697768163401076f,1.0451074809591598f,0.9932777502270423f,0.0026581215796156743f,-0.11572486895033898f,-0.18502617650980327f,0f,0f,0f,1f],start_interpolation:0}
execute if entity @s[tag=aj.labyria.bone.coat_downer] run data modify entity @s {} merge value {transformation:[-0.12462014827895365f,-0.11969261840695138f,-0.9849586264111906f,0.01957974414187538f,0.09132117204340783f,0.9870999596791513f,-0.13150708398423283f,0.8971034036011645f,0.9879930476372543f,-0.1063360084839829f,-0.11208207314349787f,0.023510726026936775f,0f,0f,0f,1f],start_interpolation:0}
execute if entity @s[tag=aj.labyria.bone.body_2] run data modify entity @s {} merge value {transformation:[-0.12462014827895365f,-0.08524514456326694f,-0.9885358283700794f,0f,0.09132117204340783f,0.9910881760981264f,-0.09697768163401076f,1.1247439690487029f,0.9879930476372543f,-0.10235962351863628f,-0.11572486895033898f,0f,0f,0f,0f,1f],start_interpolation:0}
execute if entity @s[tag=aj.labyria.bone.sphere] run data modify entity @s {} merge value {transformation:[0.15325196716582118f,0f,-0.9881871455143534f,-0.990454804933046f,0f,1f,0f,2.078217455621302f,0.9881871455143534f,0f,0.15325196716582118f,-0.5804979679318799f,0f,0f,0f,1f],start_interpolation:0}