execute if entity @s[tag=aj.labyria.bone.wing_right_1] run data modify entity @s {} merge value {transformation:[0.6928044423857488f,-0.013204535034182896f,-0.43219450402515186f,-0.35794934825882696f,-0.02920546571499425f,0.8129926545835993f,-0.07165492872040995f,1.207687307919958f,0.4314087271108296f,0.07624321800716292f,0.6892154426048289f,-0.021895563146357794f,0f,0f,0f,1f],start_interpolation:0}
execute if entity @s[tag=aj.labyria.bone.wing_right_2] run data modify entity @s {} merge value {transformation:[0.6220552041437605f,-0.27166450444836265f,-0.4233742080246386f,-0.35794934825882696f,0.27833778370492834f,0.7467269108722685f,-0.07019258323631995f,1.207687307919958f,0.41901718480259603f,-0.09272172130620031f,0.6751498213271794f,-0.021895563146357794f,0f,0f,0f,1f],start_interpolation:0}
execute if entity @s[tag=aj.labyria.bone.wing_left_1] run data modify entity @s {} merge value {transformation:[-0.558595459797682f,-0.03686919971789166f,-0.5946059357675662f,-0.342185638735121f,0.051192574263853555f,0.8091157341186698f,-0.09826237116155116f,1.2102698354508779f,0.5935443345514303f,-0.10448366072364047f,-0.5511195260632045f,0.0984917762694285f,0f,0f,0f,1f],start_interpolation:0}
execute if entity @s[tag=aj.labyria.bone.wing_left_2] run data modify entity @s {} merge value {transformation:[-0.49172148280575967f,-0.24277021406533567f,-0.5824711207519015f,-0.342185638735121f,-0.25698554912737326f,0.7514605873136124f,-0.09625701664805013f,1.2102698354508779f,0.5763405337879745f,0.12794377232578252f,-0.5398721887966085f,0.0984917762694285f,0f,0f,0f,1f],start_interpolation:0}
execute if entity @s[tag=aj.labyria.bone.musket] run data modify entity @s {} merge value {transformation:[0.000004134245590829011f,-0.000015611966940068955f,-0.0000018547683735186075f,0.24276447097704879f,0.000008770500210482261f,6.985405003395864e-7f,0.000013669529300228886f,1.65371838220829f,-0.000013048065125341051f,-0.000004477074211366095f,0.000008600550392462054f,0.010477346435689094f,0f,0f,0f,1f],start_interpolation:0}
execute if entity @s[tag=aj.labyria.bone.omega_blade] run data modify entity @s {} merge value {transformation:[0.45625212205143645f,-1.7229245068566446f,-0.20469079248919633f,0.24276447097704879f,0.9679055693647599f,0.07709038532345623f,1.5085586024470075f,1.65371838220829f,-1.439974300343498f,-0.4940864214861359f,0.9491500398708221f,0.010477346435689094f,0f,0f,0f,1f],start_interpolation:0}
execute if entity @s[tag=aj.labyria.bone.arm_right_2] run data modify entity @s {} merge value {transformation:[0.25985614244621325f,-0.6686795772442219f,0.6966652052524668f,0.16927913456128804f,-0.1939662820630772f,0.6706004295559709f,0.7160112745634486f,1.7066950808390096f,-0.9459661022761859f,-0.32118948746158577f,0.044558349257616287f,0.3081266913813017f,0f,0f,0f,1f],start_interpolation:0}
execute if entity @s[tag=aj.labyria.bone.arm_right_1] run data modify entity @s {} merge value {transformation:[0.7401826326822859f,-0.6686795772442219f,-0.07069153592905326f,-0.049345038676294285f,0.6414116141093362f,0.6706004295559709f,0.3726743956391469f,1.4819873906664365f,-0.20179398296573603f,-0.32118948746158577f,0.9252656383887751f,0.2941176593487025f,0f,0f,0f,1f],start_interpolation:0}
execute if entity @s[tag=aj.labyria.bone.arm_left_2] run data modify entity @s {} merge value {transformation:[-0.5616525592475543f,-0.16762914905577297f,-0.8102140896562524f,-0.0044387642376261666f,0.775445837353562f,0.23480674158703277f,-0.586130998528753f,1.1792561528126715f,0.28849637089867397f,-0.9574791185671454f,-0.0018924814865171544f,-0.3901248488902011f,0f,0f,0f,1f],start_interpolation:0}
execute if entity @s[tag=aj.labyria.bone.arm_left_1] run data modify entity @s {} merge value {transformation:[-0.3729767262096683f,-0.16762914905577297f,-0.9125726437345991f,-0.12682175252517358f,0.883926641784774f,0.23480674158703277f,-0.4044001558461273f,1.4692945821483003f,0.2820674629392935f,-0.9574791185671454f,0.06059442102101764f,-0.2975714626132454f,0f,0f,0f,1f],start_interpolation:0}
execute if entity @s[tag=aj.labyria.bone.himo_right_2] run data modify entity @s {} merge value {transformation:[0.12980391849026895f,-0.4108002625263314f,-0.9024378577236599f,0.21376834162981712f,0.021265438354992734f,0.9110819520686729f,-0.4116763993069146f,1.178002683461244f,0.9913116179467188f,0.034246473147367965f,0.1269978551032456f,0.12275249359902435f,0f,0f,0f,1f],start_interpolation:0}
execute if entity @s[tag=aj.labyria.bone.himo_right_1] run data modify entity @s {} merge value {transformation:[0.12980391849026895f,-0.2894940320488536f,-0.9483375707798721f,0.1535611008032829f,0.021265438354992734f,0.9570220724972991f,-0.28923439263777795f,1.3556366071005015f,0.9913116179467188f,0.017376943375393663f,0.13038143258450077f,0.1268255544355638f,0f,0f,0f,1f],start_interpolation:0}
execute if entity @s[tag=aj.labyria.bone.himo_left_2] run data modify entity @s {} merge value {transformation:[0.12980391849026895f,-0.4108002625263314f,-0.9024378577236599f,0.1732046171016081f,0.021265438354992734f,0.9110819520686729f,-0.4116763993069146f,1.1713572339753089f,0.9913116179467188f,0.034246473147367965f,0.1269978551032456f,-0.18703238700932528f,0f,0f,0f,1f],start_interpolation:0}
execute if entity @s[tag=aj.labyria.bone.himo_left_1] run data modify entity @s {} merge value {transformation:[0.12980391849026895f,-0.2894940320488536f,-0.9483375707798721f,0.11299737627507386f,0.021265438354992734f,0.9570220724972991f,-0.28923439263777795f,1.3489911576145663f,0.9913116179467188f,0.017376943375393663f,0.13038143258450077f,-0.18295932617278585f,0f,0f,0f,1f],start_interpolation:0}
execute if entity @s[tag=aj.labyria.bone.ribbon_left_himo_1] run data modify entity @s {} merge value {transformation:[-0.9649299397080502f,-0.18538018807724813f,-0.18586123136217103f,0.16680323503810618f,-0.14816657029354036f,0.969074642883623f,-0.19733475103850304f,1.7852614399778084f,0.21669535966990083f,-0.16287578822041873f,-0.9625562833980719f,-0.04035430923502384f,0f,0f,0f,1f],start_interpolation:0}
execute if entity @s[tag=aj.labyria.bone.ribbon_left_himo_2] run data modify entity @s {} merge value {transformation:[-0.9649299397080502f,-0.18538018807724813f,-0.18586123136217103f,0.14211854024781786f,-0.14816657029354036f,0.969074642883623f,-0.19733475103850304f,1.759052918355507f,0.21669535966990083f,-0.16287578822041873f,-0.9625562833980719f,-0.16819381562383026f,0f,0f,0f,1f],start_interpolation:0}
execute if entity @s[tag=aj.labyria.bone.ribbon_left] run data modify entity @s {} merge value {transformation:[-0.9649299397080502f,-0.18538018807724813f,-0.18586123136217103f,0.13412799821636046f,-0.14816657029354036f,0.969074642883623f,-0.19733475103850304f,1.8756888981350472f,0.21669535966990083f,-0.16287578822041873f,-0.9625562833980719f,-0.1215731133092914f,0f,0f,0f,1f],start_interpolation:0}
execute if entity @s[tag=aj.labyria.bone.ribbon_right_himo_1] run data modify entity @s {} merge value {transformation:[-0.9649299397080502f,-0.18538018807724813f,-0.18586123136217103f,-0.4131799668476638f,-0.14816657029354036f,0.969074642883623f,-0.19733475103850304f,1.6962040708207473f,0.21669535966990083f,-0.16287578822041873f,-0.9625562833980719f,0.08989314538656595f,0f,0f,0f,1f],start_interpolation:0}
execute if entity @s[tag=aj.labyria.bone.ribbon_right_himo_2] run data modify entity @s {} merge value {transformation:[-0.9649299397080502f,-0.18538018807724813f,-0.18586123136217103f,-0.4378646616379521f,-0.14816657029354036f,0.969074642883623f,-0.19733475103850304f,1.6699955491984462f,0.21669535966990083f,-0.16287578822041873f,-0.9625562833980719f,-0.03794636100224046f,0f,0f,0f,1f],start_interpolation:0}
execute if entity @s[tag=aj.labyria.bone.ribbon_right] run data modify entity @s {} merge value {transformation:[-0.9649299397080502f,-0.18538018807724813f,-0.18586123136217103f,-0.44482996560846966f,-0.14816657029354036f,0.969074642883623f,-0.19733475103850304f,1.7867889559589232f,0.21669535966990083f,-0.16287578822041873f,-0.9625562833980719f,0.008444102492649116f,0f,0f,0f,1f],start_interpolation:0}
execute if entity @s[tag=aj.labyria.bone.crown] run data modify entity @s {} merge value {transformation:[-0.9821808636266599f,0.02786312620876763f,-0.18586123136217103f,-0.041852216224206686f,0.06509171061669788f,0.9781728197213231f,-0.19733475103850304f,2.1338003904908858f,0.1763060416848504f,-0.20591644168523837f,-0.9625562833980719f,-0.12302715060254162f,0f,0f,0f,1f],start_interpolation:0}
execute if entity @s[tag=aj.labyria.bone.ear_edge_a1] run data modify entity @s {} merge value {transformation:[-0.9820499014917321f,-0.03214955142170069f,-0.18586123136217103f,-0.018759747734442063f,0.005254279398652653f,0.980322084103267f,-0.19733475103850304f,2.1309512347673416f,0.18854809340876375f,-0.19476913965721182f,-0.9625562833980719f,-0.1443834417076748f,0f,0f,0f,1f],start_interpolation:0}
execute if entity @s[tag=aj.labyria.bone.ear_edge_a2] run data modify entity @s {} merge value {transformation:[-0.9649299397080502f,-0.18538018807724815f,-0.18586123136217103f,-0.13177336149737848f,-0.14816657029354036f,0.969074642883623f,-0.19733475103850304f,2.123650402689687f,0.21669535966990083f,-0.16287578822041873f,-0.9625562833980719f,-0.1210647457703864f,0f,0f,0f,1f],start_interpolation:0}
execute if entity @s[tag=aj.labyria.bone.ear_edge_b1] run data modify entity @s {} merge value {transformation:[-0.9811149231607469f,0.053564075907450284f,-0.18586123136217103f,-0.15252571810940926f,0.09067498465118293f,0.9761337219823317f,-0.19733475103850304f,2.1161547855086336f,0.17085536195797096f,-0.21046103340310082f,-0.9625562833980719f,-0.11552096158246968f,0f,0f,0f,1f],start_interpolation:0}
execute if entity @s[tag=aj.labyria.bone.ear_edge_b2] run data modify entity @s {} merge value {transformation:[-0.9496479506498391f,-0.2522387212604327f,-0.18586123136217103f,-0.12629311485331204f,-0.21540487385754012f,0.9563784482886414f,-0.19733475103850304f,2.130159420941328f,0.22752914130936702f,-0.14736312681913508f,-0.9625562833980719f,-0.12345735483164241f,0f,0f,0f,1f],start_interpolation:0}
execute if entity @s[tag=aj.labyria.bone.ear_right_2] run data modify entity @s {} merge value {transformation:[-0.9774150379497204f,-0.10057557489909708f,-0.18586123136217103f,-0.09575819093727907f,-0.06314233148241906f,0.9783005887801236f,-0.19733475103850304f,2.2340527935503802f,0.2016752081062782f,-0.18114224169469628f,-0.9625562833980719f,-0.1831183142658374f,0f,0f,0f,1f],start_interpolation:0}
execute if entity @s[tag=aj.labyria.bone.ear_right_1] run data modify entity @s {} merge value {transformation:[-0.9774150379497204f,-0.10057557489909708f,-0.18586123136217103f,-0.07312868658498226f,-0.06314233148241906f,0.9783005887801236f,-0.19733475103850304f,2.0139351610748526f,0.2016752081062782f,-0.18114224169469628f,-0.9625562833980719f,-0.14236130988453083f,0f,0f,0f,1f],start_interpolation:0}
execute if entity @s[tag=aj.labyria.bone.ear_edge_a3] run data modify entity @s {} merge value {transformation:[-0.9240502003898886f,-0.3340461492607628f,-0.18586123136217103f,-0.39554225922504305f,-0.29793906728845204f,0.9339653677818356f,-0.19733475103850304f,2.0730956639359093f,0.23950686700529802f,-0.12697189432388908f,-0.9625562833980719f,-0.059768985792370194f,0f,0f,0f,1f],start_interpolation:0}
execute if entity @s[tag=aj.labyria.bone.ear_edge_a4] run data modify entity @s {} merge value {transformation:[-0.9649299397080501f,-0.18538018807724813f,-0.18586123136217103f,-0.2862649396830767f,-0.14816657029354036f,0.9690746428836231f,-0.19733475103850304f,2.0999279682029544f,0.21669535966990086f,-0.16287578822041873f,-0.9625562833980719f,-0.08637040504856205f,0f,0f,0f,1f],start_interpolation:0}
execute if entity @s[tag=aj.labyria.bone.ear_edge_b3] run data modify entity @s {} merge value {transformation:[-0.8914198701482052f,-0.4133112843626389f,-0.18586123136217103f,-0.26391101503911085f,-0.37820576451677135f,0.9044442468825024f,-0.19733475103850304f,2.099051391004992f,0.24966180082511846f,-0.10561432904511239f,-0.9625562833980719f,-0.09050704504110584f,0f,0f,0f,1f],start_interpolation:0}
execute if entity @s[tag=aj.labyria.bone.ear_edge_b4] run data modify entity @s {} merge value {transformation:[-0.975510887094422f,-0.11761850125210266f,-0.18586123136217103f,-0.2938516589835334f,-0.08020641409272203f,0.9770496032295183f,-0.19733475103850304f,2.1044305324640304f,0.2048058600202643f,-0.17759493515370953f,-0.9625562833980719f,-0.0858285514419901f,0f,0f,0f,1f],start_interpolation:0}
execute if entity @s[tag=aj.labyria.bone.ear_left_2] run data modify entity @s {} merge value {transformation:[-0.9451011419845741f,-0.26877394608851335f,-0.18586123136217103f,-0.3748353093819102f,-0.2320631720393066f,0.9524734538115104f,-0.19733475103850304f,2.1912000456090572f,0.23006632870219995f,-0.143369751650694f,-0.9625562833980719f,-0.12044566408846169f,0f,0f,0f,1f],start_interpolation:0}
execute if entity @s[tag=aj.labyria.bone.ear_left_1] run data modify entity @s {} merge value {transformation:[-0.9451011419845741f,-0.26877394608851335f,-0.18586123136217103f,-0.3143611715119948f,-0.2320631720393066f,0.9524734538115104f,-0.19733475103850304f,1.9768935185014676f,0.23006632870219995f,-0.143369751650694f,-0.9625562833980719f,-0.08818746996705559f,0f,0f,0f,1f],start_interpolation:0}
execute if entity @s[tag=aj.labyria.bone.head] run data modify entity @s {} merge value {transformation:[-0.9649299397080502f,-0.18538018807724813f,-0.18586123136217103f,-0.09292941917883098f,-0.14816657029354036f,0.969074642883623f,-0.19733475103850304f,1.5049302962802562f,0.21669535966990083f,-0.16287578822041873f,-0.9625562833980719f,-0.0017206646066388208f,0f,0f,0f,1f],start_interpolation:0}
execute if entity @s[tag=aj.labyria.bone.back_musket] run data modify entity @s {} merge value {transformation:[-1.5646556626918628f,-0.4292947251718711f,0.10107094919359513f,-0.28856194494161913f,-0.3971641414961641f,1.2095490332106336f,-1.010894861790205f,1.4193587208055123f,0.1917549022604159f,-0.9976742032466457f,-1.2690677216997794f,0.12550896551975307f,0f,0f,0f,1f],start_interpolation:0}
execute if entity @s[tag=aj.labyria.bone.body_1] run data modify entity @s {} merge value {transformation:[0.12980391849026895f,-0.1632344784201107f,-0.9780109650711929f,-0.03171648977128946f,0.021265438354992734f,0.98658727992885f,-0.16184350531968544f,1.1349600663069375f,0.9913116179467188f,0.0002100892844674792f,0.13153414760567275f,-0.0017994480883141255f,0f,0f,0f,1f],start_interpolation:0}
execute if entity @s[tag=aj.labyria.bone.belt2] run data modify entity @s {} merge value {transformation:[-0.8216258081944118f,0.10769309816984035f,-0.5597617599617367f,0.30286352266558814f,0.09412946853967488f,0.9941428848149102f,0.053099601922488054f,0.34361236176170745f,0.5622016315000501f,-0.009062073629665539f,-0.8269505452928926f,-0.02702663911110171f,0f,0f,0f,1f],start_interpolation:0}
execute if entity @s[tag=aj.labyria.bone.leg_left_2] run data modify entity @s {} merge value {transformation:[-0.5607909529282918f,0.10760305545268614f,-0.8209354965958194f,0.14855929380099162f,-0.05247634811738686f,0.9849061860454418f,0.16494252810504792f,0.4827860369779799f,0.8262927689397029f,0.13557797441571345f,-0.5466798632209631f,-0.03970869287016319f,0f,0f,0f,1f],start_interpolation:0}
execute if entity @s[tag=aj.labyria.bone.leg_left_1] run data modify entity @s {} merge value {transformation:[-0.5607909529282918f,-0.24942084550685717f,-0.7894952494729927f,0.05476877227996754f,-0.05247634811738686f,0.9623358704284232f,-0.2667506426890701f,0.823950999301299f,0.8262927689397029f,-0.10816151955946993f,-0.5527579449311834f,-0.08169597136904425f,0f,0f,0f,1f],start_interpolation:0}
execute if entity @s[tag=aj.labyria.bone.belt] run data modify entity @s {} merge value {transformation:[0.12443562447866341f,-0.13994951873727388f,-0.9823084584619083f,0.12612584331749502f,0.1977956790990695f,0.9736318091176765f,-0.11365724615693669f,0.6591970843080142f,0.9723130384245307f,-0.18015335822416972f,0.14883589227807598f,0.32611896320225164f,0f,0f,0f,1f],start_interpolation:0}
execute if entity @s[tag=aj.labyria.bone.leg_right_2] run data modify entity @s {} merge value {transformation:[-0.2678708694356186f,0.17857647478514604f,-0.9467606033000718f,-0.0010637717550002878f,0.25662772369158215f,0.960396450863453f,0.10853970979213173f,0.46341046770490546f,0.9286481619756121f,-0.2138903920754584f,-0.30308990652465473f,0.2695032058279325f,0f,0f,0f,1f],start_interpolation:0}
execute if entity @s[tag=aj.labyria.bone.leg_right_1] run data modify entity @s {} merge value {transformation:[-0.2678708694356186f,-0.030573000171781342f,-0.9629696199612436f,-0.013675134325860091f,0.25662772369158215f,0.9611235131145072f,-0.10190095176839542f,0.8598739168646397f,0.9286481619756121f,-0.27442099810131904f,-0.2496111116524926f,0.15630454411113842f,0f,0f,0f,1f],start_interpolation:0}
execute if entity @s[tag=aj.labyria.bone.skirt_forward_right] run data modify entity @s {} merge value {transformation:[-0.2795642186614806f,-0.2146746527168543f,-0.9358197695737646f,0.006308822797086602f,0.18610568717882392f,0.9440815751924176f,-0.2721665897605753f,1.0509243580110432f,0.9419174702933869f,-0.25024942130422906f,-0.22397925415762257f,0.011004861158366649f,0f,0f,0f,1f],start_interpolation:0}
execute if entity @s[tag=aj.labyria.bone.skirt_forward_left] run data modify entity @s {} merge value {transformation:[-0.23803914776706347f,-0.25995907948220676f,-0.9358197695737646f,0.006308822797086602f,0.01934027851228208f,0.9620557681575252f,-0.2721665897605753f,1.0509243580110432f,0.9710629834142569f,-0.08288531805813158f,-0.22397925415762257f,0.011004861158366649f,0f,0f,0f,1f],start_interpolation:0}
execute if entity @s[tag=aj.labyria.bone.skirt_forward] run data modify entity @s {} merge value {transformation:[-0.25979026360009544f,-0.23822337797432705f,-0.9358197695737646f,0.006308822797086602f,0.10311536795199108f,0.9567092391684238f,-0.2721665897605753f,1.0509243580110432f,0.960143864132203f,-0.16720362997338512f,-0.22397925415762257f,0.011004861158366649f,0f,0f,0f,1f],start_interpolation:0}
execute if entity @s[tag=aj.labyria.bone.skirt_back_right] run data modify entity @s {} merge value {transformation:[-0.25774693609982025f,0.03469802806704708f,-0.9655892313915962f,0.006308822797086602f,0.1894039062691995f,0.9817803919013763f,-0.015278166380431002f,1.0509243580110432f,0.9474664517655088f,-0.18682427285082162f,-0.25962282999119757f,0.011004861158366649f,0f,0f,0f,1f],start_interpolation:0}
execute if entity @s[tag=aj.labyria.bone.skirt_back_left] run data modify entity @s {} merge value {transformation:[-0.25985643032872385f,-0.010586398698305365f,-0.9655892313915962f,0.006308822797086602f,0.016042059421906507f,0.9997545848664839f,-0.015278166380431002f,1.0509243580110432f,0.965514001942135f,-0.01946016960472413f,-0.25962282999119757f,0.011004861158366649f,0f,0f,0f,1f],start_interpolation:0}
execute if entity @s[tag=aj.labyria.bone.skirt_back] run data modify entity @s {} merge value {transformation:[-0.25979026360009544f,0.012101865937917858f,-0.9655892313915962f,0.006308822797086602f,0.10311536795199108f,0.9945520592327871f,-0.015278166380431002f,1.0509243580110432f,0.960143864132203f,-0.10353620775672297f,-0.25962282999119757f,0.011004861158366649f,0f,0f,0f,1f],start_interpolation:0}
execute if entity @s[tag=aj.labyria.bone.skirt_right] run data modify entity @s {} merge value {transformation:[-0.2659036945195891f,-0.04455037903913936f,-0.9629696199612436f,-0.04582806157459949f,0.20597470618882474f,0.9732371840610707f,-0.10190095176839542f,1.095638858262872f,0.9417375672931712f,-0.22544322409056017f,-0.2496111116524926f,0.19388848878873335f,0f,0f,0f,1f],start_interpolation:0}
execute if entity @s[tag=aj.labyria.bone.skirt_left] run data modify entity @s {} merge value {transformation:[-0.2508305161879914f,-0.09886133309117254f,-0.9629696199612436f,0.05484066557043749f,-0.0008737238344025816f,0.9947941659636712f,-0.10190095176839542f,1.0556816531814754f,0.9680306238727816f,-0.024718498823348492f,-0.2496111116524926f,-0.1781672585624953f,0f,0f,0f,1f],start_interpolation:0}
execute if entity @s[tag=aj.labyria.bone.coat_downer] run data modify entity @s {} merge value {transformation:[-0.25979026360009544f,-0.10566406516441529f,-0.9598667221398621f,0.01656065984235235f,0.10311536795199108f,0.9852768788932375f,-0.13636969168596974f,0.9102389397789881f,0.960143864132203f,-0.13440452838848527f,-0.24506975112802162f,0.02888776054071249f,0f,0f,0f,1f],start_interpolation:0}
execute if entity @s[tag=aj.labyria.bone.body_2] run data modify entity @s {} merge value {transformation:[-0.25979026360009544f,-0.0721008319667041f,-0.9629696199612436f,0f,0.10311536795199108f,0.9894359084452214f,-0.10190095176839542f,1.1375f,0.960143864132203f,-0.1257698418099047f,-0.2496111116524926f,0f,0f,0f,0f,1f],start_interpolation:0}
execute if entity @s[tag=aj.labyria.bone.sphere] run data modify entity @s {} merge value {transformation:[0.04361938736533556f,0f,-0.9990482215818577f,-0.8794601902437247f,0f,1f,0f,2.23125f,0.9990482215818577f,0f,0.04361938736533556f,-0.7043301951332709f,0f,0f,0f,1f],start_interpolation:0}