execute if entity @s[tag=aj.labyria.bone.wing_right_1] run data modify entity @s {} merge value {transformation:[0.6194464833082197f,-0.009087713116357957f,-0.5321164461204321f,-0.3654135375632793f,-0.05644041932289021f,0.8108209310819027f,-0.07955087196616313f,1.2076696636898545f,0.5291927605591182f,0.09711475497696186f,0.6143844000151932f,-0.0092226328837227f,0f,0f,0f,1f],start_interpolation:0}
execute if entity @s[tag=aj.labyria.bone.wing_right_2] run data modify entity @s {} merge value {transformation:[0.557207716081804f,-0.24043871857411717f,-0.5212569268118519f,-0.3654135375632793f,0.25287535221659524f,0.7549711113295574f,-0.07792738478318022f,1.2076696636898545f,0.515338352328092f,-0.11048911108452908f,0.6018459428720261f,-0.0092226328837227f,0f,0f,0f,1f],start_interpolation:0}
execute if entity @s[tag=aj.labyria.bone.wing_left_1] run data modify entity @s {} merge value {transformation:[-0.46156882416298484f,-0.03692580407475739f,-0.6727073286345827f,-0.35240680849458245f,0.07364210607363746f,0.8077878095940506f,-0.09486906412908845f,1.2090868222688638f,0.6696831379229158f,-0.11427941244652334f,-0.4532208679187651f,0.08954659186264625f,0f,0f,0f,1f],start_interpolation:0}
execute if entity @s[tag=aj.labyria.bone.wing_left_2] run data modify entity @s {} merge value {transformation:[-0.4038887471444707f,-0.2064487214787917f,-0.6589786076420403f,-0.35240680849458245f,-0.2361703612071871f,0.7586745186758415f,-0.09293296077951523f,1.2090868222688638f,0.6489202111333385f,0.1476207983712066f,-0.44397146245103525f,0.08954659186264625f,0f,0f,0f,1f],start_interpolation:0}
execute if entity @s[tag=aj.labyria.bone.musket] run data modify entity @s {} merge value {transformation:[0.000004509533918896957f,-0.00001555320189146503f,-0.0000014239658774515838f,0.2574619253567612f,0.00000869044101735225f,0.0000012672840152355538f,0.000013679762067051828f,1.6384049691809932f,-0.000012977133844602956f,-0.000004556047213381033f,0.000008666146492600012f,0.014515180456868448f,0f,0f,0f,1f],start_interpolation:0}
execute if entity @s[tag=aj.labyria.bone.omega_blade] run data modify entity @s {} merge value {transformation:[0.49766864951704387f,-1.7164392418817065f,-0.15714776469915603f,0.2574619253567612f,0.9590702991920536f,0.13985647646954222f,1.5096878826203435f,1.6384049691809932f,-1.4321463794700084f,-0.5028018204537291f,0.9563891743703864f,0.014515180456868448f,0f,0f,0f,1f],start_interpolation:0}
execute if entity @s[tag=aj.labyria.bone.arm_right_2] run data modify entity @s {} merge value {transformation:[0.2581330247060198f,-0.6430939383554747f,0.7209698523562316f,0.18423252793799622f,-0.19785993271286947f,0.6952527919738029f,0.6909956601017772f,1.6923227145966875f,-0.9456314232210032f,-0.3210198462760159f,0.052225182756434535f,0.312058605683293f,0f,0f,0f,1f],start_interpolation:0}
execute if entity @s[tag=aj.labyria.bone.arm_right_1] run data modify entity @s {} merge value {transformation:[0.7632131433305379f,-0.6430939383554747f,-0.06273662644711345f,-0.0420191052352451f,0.6162406350971754f,0.6952527919738029f,0.36996085591270583f,1.4754654525399489f,-0.19430176916989111f,-0.3210198462760159f,0.9269266857709803f,0.2956435362440241f,0f,0f,0f,1f],start_interpolation:0}
execute if entity @s[tag=aj.labyria.bone.arm_left_2] run data modify entity @s {} merge value {transformation:[-0.5453009967233193f,-0.16302556302072374f,-0.8222344487883795f,-0.0036486019519528234f,0.7856935737374305f,0.2424293285504453f,-0.5691341044484022f,1.1748613920841318f,0.29211715314280856f,-0.9563737169435158f,-0.004108817273213661f,-0.3899332204016212f,0f,0f,0f,1f],start_interpolation:0}
execute if entity @s[tag=aj.labyria.bone.arm_left_1] run data modify entity @s {} merge value {transformation:[-0.3544110791171308f,-0.16302556302072374f,-0.9207689464794122f,-0.11993973728726137f,0.8902526647054645f,0.2424293285504453f,-0.3855881399153763f,1.4669755476906123f,0.28608212104892267f,-0.9563737169435158f,0.059214301953103246f,-0.29606252443244346f,0f,0f,0f,1f],start_interpolation:0}
execute if entity @s[tag=aj.labyria.bone.himo_right_2] run data modify entity @s {} merge value {transformation:[0.13054765579395397f,-0.39174377179669573f,-0.9107656816246437f,0.21465559353690977f,0.014223924354909268f,0.9192727580813044f,-0.3933640504997084f,1.166825075830157f,0.9913399969448671f,0.038398092505875184f,0.12558103737929993f,0.12284136606722613f,0f,0f,0f,1f],start_interpolation:0}
execute if entity @s[tag=aj.labyria.bone.himo_right_1] run data modify entity @s {} merge value {transformation:[0.13054765579395397f,-0.2695135730958641f,-0.9541067778209122f,0.15815863122005458f,0.014223924354909268f,0.9627525638686222f,-0.27000959379314665f,1.3456536215943167f,0.9913399969448671f,0.021677976877342187f,0.1295186309990045f,0.12771547817547158f,0f,0f,0f,1f],start_interpolation:0}
execute if entity @s[tag=aj.labyria.bone.himo_left_2] run data modify entity @s {} merge value {transformation:[0.13054765579395397f,-0.39174377179669573f,-0.9107656816246437f,0.17385945110129916f,0.014223924354909268f,0.9192727580813044f,-0.3933640504997084f,1.1623800994692481f,0.9913399969448671f,0.038398092505875184f,0.12558103737929993f,-0.1869523829780448f,0f,0f,0f,1f],start_interpolation:0}
execute if entity @s[tag=aj.labyria.bone.himo_left_1] run data modify entity @s {} merge value {transformation:[0.13054765579395397f,-0.2695135730958641f,-0.9541067778209122f,0.11736248878444397f,0.014223924354909268f,0.9627525638686222f,-0.27000959379314665f,1.3412086452334075f,0.9913399969448671f,0.021677976877342187f,0.1295186309990045f,-0.18207827086979939f,0f,0f,0f,1f],start_interpolation:0}
execute if entity @s[tag=aj.labyria.bone.ribbon_left_himo_1] run data modify entity @s {} merge value {transformation:[-0.9677317872574693f,-0.16230686766599164f,-0.19274768128285813f,0.18111937071685347f,-0.12900601121118366f,0.9762007974226532f,-0.1743257071769844f,1.7752864610424193f,0.21645469965524874f,-0.14383491863879927f,-0.9656391040017621f,-0.034054232346352784f,0f,0f,0f,1f],start_interpolation:0}
execute if entity @s[tag=aj.labyria.bone.ribbon_left_himo_2] run data modify entity @s {} merge value {transformation:[-0.9677317872574693f,-0.16230686766599164f,-0.19274768128285813f,0.15552006929647386f,-0.12900601121118366f,0.9762007974226532f,-0.1743257071769844f,1.7521338280579761f,0.21645469965524874f,-0.14383491863879927f,-0.9656391040017621f,-0.16230317584658682f,0f,0f,0f,1f],start_interpolation:0}
execute if entity @s[tag=aj.labyria.bone.ribbon_left] run data modify entity @s {} merge value {transformation:[-0.9677317872574693f,-0.16230686766599164f,-0.19274768128285813f,0.1504522694127967f,-0.12900601121118366f,0.9762007974226532f,-0.1743257071769844f,1.8680139487396799f,0.21645469965524874f,-0.14383491863879927f,-0.9656391040017621f,-0.11344209255401762f,0f,0f,0f,1f],start_interpolation:0}
execute if entity @s[tag=aj.labyria.bone.ribbon_right_himo_1] run data modify entity @s {} merge value {transformation:[-0.9677317872574693f,-0.16230686766599164f,-0.19274768128285813f,-0.40054791666158923f,-0.12900601121118366f,0.9762007974226532f,-0.1743257071769844f,1.697745785428797f,0.21645469965524874f,-0.14383491863879927f,-0.9656391040017621f,0.09604857056518017f,0f,0f,0f,1f],start_interpolation:0}
execute if entity @s[tag=aj.labyria.bone.ribbon_right_himo_2] run data modify entity @s {} merge value {transformation:[-0.9677317872574693f,-0.16230686766599164f,-0.19274768128285813f,-0.4261472180819688f,-0.12900601121118366f,0.9762007974226532f,-0.1743257071769844f,1.6745931524443538f,0.21645469965524874f,-0.14383491863879927f,-0.9656391040017621f,-0.03220037293505386f,0f,0f,0f,1f],start_interpolation:0}
execute if entity @s[tag=aj.labyria.bone.ribbon_right] run data modify entity @s {} merge value {transformation:[-0.9677317872574693f,-0.16230686766599164f,-0.19274768128285813f,-0.4301868029416848f,-0.12900601121118366f,0.9762007974226532f,-0.1743257071769844f,1.7906103420129695f,0.21645469965524874f,-0.14383491863879927f,-0.9656391040017621f,0.016430727239131623f,0f,0f,0f,1f],start_interpolation:0}
execute if entity @s[tag=aj.labyria.bone.crown] run data modify entity @s {} merge value {transformation:[-0.9799223156396342f,0.05099594759918591f,-0.19274768128285813f,-0.019250305564266282f,0.08534047008027928f,0.9809829519332743f,-0.1743257071769844f,2.130269720189304f,0.1801922847347636f,-0.18727482837995027f,-0.9656391040017621f,-0.10948747845488623f,0f,0f,0f,1f],start_interpolation:0}
execute if entity @s[tag=aj.labyria.bone.ear_edge_a1] run data modify entity @s {} merge value {transformation:[-0.9812077911131817f,-0.008921996350169173f,-0.19274768128285813f,0.003718279637284841f,0.02529371637668782f,0.9843631320448261f,-0.1743257071769844f,2.1272748105274792f,0.19128904456514584f,-0.17592504725600497f,-0.9656391040017621f,-0.13095712141911753f,0f,0f,0f,1f],start_interpolation:0}
execute if entity @s[tag=aj.labyria.bone.ear_edge_a2] run data modify entity @s {} merge value {transformation:[-0.9677317872574693f,-0.16230686766599164f,-0.19274768128285813f,-0.1093855462879432f,-0.12900601121118366f,0.9762007974226532f,-0.1743257071769844f,2.12225280066388f,0.21645469965524874f,-0.1438349186387993f,-0.9656391040017621f,-0.10747426377773098f,0f,0f,0f,1f],start_interpolation:0}
execute if entity @s[tag=aj.labyria.bone.ear_edge_b1] run data modify entity @s {} merge value {transformation:[-0.9782516024519554f,0.07662984836382594f,-0.19274768128285813f,-0.13030015579434606f,0.11099036605627069f,0.9784128405023819f,-0.1743257071769844f,2.1151543802309893f,0.17522825383731996f,-0.19192753809653715f,-0.9656391040017621f,-0.10201810564653624f,0f,0f,0f,1f],start_interpolation:0}
execute if entity @s[tag=aj.labyria.bone.ear_edge_b2] run data modify entity @s {} merge value {transformation:[-0.9540524865089057f,-0.22941705330305304f,-0.19274768128285813f,-0.10375523758224678f,-0.19678808434610015f,0.9648238169099249f,-0.1743257071769844f,2.1286725711152035f,0.2259608436113795f,-0.12838542743281903f,-0.9656391040017621f,-0.10975706276819774f,0f,0f,0f,1f],start_interpolation:0}
execute if entity @s[tag=aj.labyria.bone.ear_right_2] run data modify entity @s {} merge value {transformation:[-0.9781952512452153f,-0.07734585833379597f,-0.19274768128285813f,-0.07085697339540492f,-0.043433598820317915f,0.9837296733914047f,-0.1743257071769844f,2.2329241407359666f,0.20309498500658643f,-0.1621528534681039f,-0.9656391040017621f,-0.1675061664525832f,0f,0f,0f,1f],start_interpolation:0}
execute if entity @s[tag=aj.labyria.bone.ear_right_1] run data modify entity @s {} merge value {transformation:[-0.9781952512452153f,-0.07734585833379597f,-0.19274768128285813f,-0.05345415527030086f,-0.043433598820317915f,0.9837296733914047f,-0.1743257071769844f,2.0115849642229007f,0.20309498500658643f,-0.1621528534681039f,-0.9656391040017621f,-0.13102177442225987f,0f,0f,0f,1f],start_interpolation:0}
execute if entity @s[tag=aj.labyria.bone.ear_edge_a3] run data modify entity @s {} merge value {transformation:[-0.9304270150818117f,-0.3116952052342666f,-0.19274768128285813f,-0.37415828761119163f,-0.2801291826566313f,0.944001159343235f,-0.1743257071769844f,2.0769009886557686f,0.23629052166787726f,-0.10820309696397959f,-0.9656391040017621f,-0.04643663759546904f,0f,0f,0f,1f],start_interpolation:0}
execute if entity @s[tag=aj.labyria.bone.ear_edge_a4] run data modify entity @s {} merge value {transformation:[-0.9677317872574693f,-0.16230686766599164f,-0.19274768128285813f,-0.2643257185444985f,-0.12900601121118366f,0.9762007974226532f,-0.1743257071769844f,2.101598096682483f,0.21645469965524877f,-0.14383491863879927f,-0.9656391040017621f,-0.07281845429422748f,0f,0f,0f,1f],start_interpolation:0}
execute if entity @s[tag=aj.labyria.bone.ear_edge_b3] run data modify entity @s {} merge value {transformation:[-0.8997204322627532f,-0.39160116844693676f,-0.19274768128285813f,-0.2420088799578822f,-0.3613383287405203f,0.9159940829504587f,-0.1743257071769844f,2.1002627572507535f,0.24482188617836456f,-0.08719727559242808f,-0.9656391040017621f,-0.07703196934712367f,0f,0f,0f,1f],start_interpolation:0}
execute if entity @s[tag=aj.labyria.bone.ear_edge_b4] run data modify entity @s {} merge value {transformation:[-0.9766963960145736f,-0.09440593928469082f,-0.19274768128285813f,-0.2718003180680481f,-0.06059543375728518f,0.9828218257776995f,-0.1743257071769844f,2.1062708831448487f,0.20589401016034795f,-0.15858366057940676f,-0.9656391040017621f,-0.07217004960602831f,0f,0f,0f,1f],start_interpolation:0}
execute if entity @s[tag=aj.labyria.bone.ear_left_2] run data modify entity @s {} merge value {transformation:[-0.9499033000362646f,-0.2460326237316829f,-0.19274768128285813f,-0.3507444424242968f,-0.21359660996077298f,0.9612424439393579f,-0.1743257071769844f,2.19561301130646f,0.2281670633406135f,-0.12442231322875494f,-0.9656391040017621f,-0.10490311998491748f,0f,0f,0f,1f],start_interpolation:0}
execute if entity @s[tag=aj.labyria.bone.ear_left_1] run data modify entity @s {} merge value {transformation:[-0.9499033000362646f,-0.2460326237316829f,-0.19274768128285813f,-0.29538710208466823f,-0.21359660996077298f,0.9612424439393579f,-0.1743257071769844f,1.979333461420105f,0.2281670633406135f,-0.12442231322875494f,-0.9656391040017621f,-0.07690809950844767f,0f,0f,0f,1f],start_interpolation:0}
execute if entity @s[tag=aj.labyria.bone.head] run data modify entity @s {} merge value {transformation:[-0.9677317872574693f,-0.16230686766599164f,-0.19274768128285813f,-0.08521499395857446f,-0.12900601121118366f,0.9762007974226532f,-0.1743257071769844f,1.5006039824916737f,0.21645469965524874f,-0.14383491863879927f,-0.9656391040017621f,-0.00007331916291405081f,0f,0f,0f,1f],start_interpolation:0}
execute if entity @s[tag=aj.labyria.bone.back_musket] run data modify entity @s {} merge value {transformation:[-1.572516635650535f,-0.4043671451073355f,0.07959449217794784f,-0.28254330442884545f,-0.3653611839373566f,1.222570979448231f,-1.0072179734833402f,1.4185652673026063f,0.19068108584549104f,-0.9922016190239441f,-1.2735121952035042f,0.12686424637515542f,0f,0f,0f,1f],start_interpolation:0}
execute if entity @s[tag=aj.labyria.bone.body_1] run data modify entity @s {} merge value {transformation:[0.13054765579395397f,-0.14267192243608284f,-0.9811228425202909f,-0.0317130230450434f,0.014223924354909268f,0.9897594063627091f,-0.1420351980759819f,1.1294442051056577f,0.9913399969448671f,0.0045869450541672005f,0.13124012493296752f,-0.001793423558226751f,0f,0f,0f,1f],start_interpolation:0}
execute if entity @s[tag=aj.labyria.bone.belt2] run data modify entity @s {} merge value {transformation:[-0.822095786395388f,0.11002146285901669f,-0.5586177545525297f,0.30220624603293467f,0.09530286250289625f,0.9939000547763917f,0.05549815775536722f,0.3382083150859157f,0.5613162053510503f,-0.007613069410402462f,-0.8275664074770372f,-0.029704221597883704f,0f,0f,0f,1f],start_interpolation:0}
execute if entity @s[tag=aj.labyria.bone.leg_left_2] run data modify entity @s {} merge value {transformation:[-0.5619288009977945f,0.10973178383064819f,-0.819874964995593f,0.14824261608710324f,-0.05225994234594868f,0.9844724426144348f,0.16757955769951904f,0.47775822111242683f,0.825533113227555f,0.13701439833138784f,-0.5474688425971915f,-0.04239145093075977f,0f,0f,0f,1f],start_interpolation:0}
execute if entity @s[tag=aj.labyria.bone.leg_left_1] run data modify entity @s {} merge value {transformation:[-0.5619288009977945f,-0.24704336238001556f,-0.7894337209121215f,0.055299457483521934f,-0.05225994234594868f,0.9630572222426997f,-0.26417737433810123f,0.8191962479467755f,0.825533113227555f,-0.10719311447173951f,-0.5540800620620356f,-0.0840419983492047f,0f,0f,0f,1f],start_interpolation:0}
execute if entity @s[tag=aj.labyria.bone.belt] run data modify entity @s {} merge value {transformation:[0.12444245005028404f,-0.13994673097892246f,-0.9823079909650514f,0.1267770254646286f,0.19779539202199597f,0.9736323311823579f,-0.11365327347363195f,0.6525606131568567f,0.9723122232700498f,-0.1801527023519779f,0.148842011256675f,0.3240829663102358f,0f,0f,0f,1f],start_interpolation:0}
execute if entity @s[tag=aj.labyria.bone.leg_right_2] run data modify entity @s {} merge value {transformation:[-0.2678640787617617f,0.17857900014252018f,-0.9467620482556377f,-0.0004137261818599868f,0.2566290007050486f,0.9603956879033632f,0.1085434413207629f,0.4567744943887484f,0.9286497678383604f,-0.21389170943429175f,-0.3030840565404844f,0.26746804072014585f,0f,0f,0f,1f],start_interpolation:0}
execute if entity @s[tag=aj.labyria.bone.leg_right_1] run data modify entity @s {} merge value {transformation:[-0.2678640787617617f,-0.030570847421085297f,-0.9629715772529682f,-0.01302420074305767f,0.2566290007050486f,0.9611235758902342f,-0.10189714355710505f,0.85323796944347f,0.9286497678383604f,-0.27442101806517266f,-0.2496051152076681f,0.15426937076826214f,0f,0f,0f,1f],start_interpolation:0}
execute if entity @s[tag=aj.labyria.bone.skirt_forward_right] run data modify entity @s {} merge value {transformation:[-0.2791717388139487f,-0.21666507020748008f,-0.9354781598731121f,0.0064819286157981075f,0.1786427956859597f,0.9454852729841984f,-0.27229460170833386f,1.0453892139852947f,0.9434775523546391f,-0.2431333912114571f,-0.22524711381262064f,0.010363020633299027f,0f,0f,0f,1f],start_interpolation:0}
execute if entity @s[tag=aj.labyria.bone.skirt_forward_left] run data modify entity @s {} merge value {transformation:[-0.2373069982002694f,-0.2618511046484112f,-0.9354781598731121f,0.0064819286157981075f,0.011747015546682699f,0.9621422231178952f,-0.27229460170833386f,1.0453892139852947f,0.9713636786656804f,-0.07560649104515423f,-0.22524711381262064f,0.010363020633299027f,0f,0f,0f,1f],start_interpolation:0}
execute if entity @s[tag=aj.labyria.bone.skirt_forward] run data modify entity @s {} merge value {transformation:[-0.25922580094210285f,-0.24017201445285238f,-0.9354781598731121f,0.0064819286157981075f,0.09555853469072983f,0.9574571616152131f,-0.27229460170833386f,1.0453892139852947f,0.9610778067220602f,-0.15997870841270861f,-0.22524711381262064f,0.010363020633299027f,0f,0f,0f,1f],start_interpolation:0}
execute if entity @s[tag=aj.labyria.bone.skirt_back_right] run data modify entity @s {} merge value {transformation:[-0.2573563751531864f,0.032685677438792f,-0.9657636059918491f,0.0064819286157981075f,0.18194168126420562f,0.9831917076843747f,-0.015208239853355773f,1.0453892139852947f,0.9490336773722872f,-0.17962659165905878f,-0.25897754107679527f,0.010363020633299027f,0f,0f,0f,1f],start_interpolation:0}
execute if entity @s[tag=aj.labyria.bone.skirt_back_left] run data modify entity @s {} merge value {transformation:[-0.2591223618610317f,-0.012500357002139128f,-0.9657636059918491f,0.0064819286157981075f,0.00844812996843676f,0.9998486578180715f,-0.015208239853355773f,1.0453892139852947f,0.9658075536480324f,-0.012099691492755915f,-0.25897754107679527f,0.010363020633299027f,0f,0f,0f,1f],start_interpolation:0}
execute if entity @s[tag=aj.labyria.bone.skirt_back] run data modify entity @s {} merge value {transformation:[-0.25922580094210285f,0.010131212540740647f,-0.9657636059918491f,0.0064819286157981075f,0.09555853469072983f,0.9953076287702829f,-0.015208239853355773f,1.0453892139852947f,0.9610778067220602f,-0.09622932320312222f,-0.25897754107679527f,0.010363020633299027f,0f,0f,0f,1f],start_interpolation:0}
execute if entity @s[tag=aj.labyria.bone.skirt_right] run data modify entity @s {} merge value {transformation:[-0.26554911816381316f,-0.04657689604677122f,-0.9629715772529682f,-0.04559504992124807f,0.19853858508492922f,0.9747817203699385f,-0.10189714355710505f,1.0886585475143966f,0.9434331434049237f,-0.2182457110398076f,-0.2496051152076681f,0.19361098264761276f,0f,0f,0f,1f],start_interpolation:0}
execute if entity @s[tag=aj.labyria.bone.skirt_left] run data modify entity @s {} merge value {transformation:[-0.2500623515987845f,-0.1007698452703805f,-0.9629715772529682f,0.05485494794381678f,-0.008468475006450135f,0.9947588939365999f,-0.10189714355710505f,1.0516296153217388f,0.968192700470289f,-0.017325738605199995f,-0.2496051152076681f,-0.17880666745718557f,0f,0f,0f,1f],start_interpolation:0}
execute if entity @s[tag=aj.labyria.bone.coat_downer] run data modify entity @s {} merge value {transformation:[-0.25922580094210285f,-0.10764128052804178f,-0.9597996347426939f,0.017015062616470053f,0.09555853469072983f,0.9860353384299174f,-0.13639236714405512f,0.9045959054613982f,0.9610778067220602f,-0.12707346730801658f,-0.2453197573222193f,0.02720292916240998f,0f,0f,0f,1f],start_interpolation:0}
execute if entity @s[tag=aj.labyria.bone.body_2] run data modify entity @s {} merge value {transformation:[-0.25922580094210285f,-0.07407918418054987f,-0.9629715772529682f,0f,0.09555853469072983f,0.9901946973109194f,-0.10189714355710505f,1.13203125f,0.9610778067220602f,-0.11843452152341757f,-0.2496051152076681f,0f,0f,0f,0f,1f],start_interpolation:0}
execute if entity @s[tag=aj.labyria.bone.sphere] run data modify entity @s {} merge value {transformation:[0.04361938736533556f,0f,-0.9990482215818577f,-0.8794601902437247f,0f,1f,0f,2.175f,0.9990482215818577f,0f,0.04361938736533556f,-0.7043301951332709f,0f,0f,0f,1f],start_interpolation:0}