execute if entity @s[tag=aj.labyria.bone.wing_right_1] run data modify entity @s {} merge value {transformation:[0.5449356422501764f,0.1986597787779979f,-0.5749120650549172f,-0.40725092848513766f,-0.35124245744004917f,0.7329584639351803f,-0.07965595195401731f,1.1309897988622155f,0.49660681262071654f,0.3004174210762458f,0.5745219675669804f,0.18209035242314547f,0f,0f,0f,1f],start_interpolation:0}
execute if entity @s[tag=aj.labyria.bone.wing_right_2] run data modify entity @s {} merge value {transformation:[0.5676525966626788f,-0.02448993154105447f,-0.5631791657680822f,-0.40725092848513766f,-0.04311639831974157f,0.7950171352321294f,-0.07803032028148635f,1.1309897988622155f,0.5620600552414766f,0.0857204639535532f,0.5627970294533686f,0.18209035242314547f,0f,0f,0f,1f],start_interpolation:0}
execute if entity @s[tag=aj.labyria.bone.wing_left_1] run data modify entity @s {} merge value {transformation:[-0.18395341287564795f,0.13500887218297677f,-0.7841416904920478f,-0.3875333366341634f,-0.04109632231890377f,0.8021383763849198f,0.14774830580033682f,1.10955944773385f,0.7946173158368164f,0.07273976908740988f,-0.17388700874374746f,0.25261967016039183f,0f,0f,0f,1f],start_interpolation:0}
execute if entity @s[tag=aj.labyria.bone.wing_left_2] run data modify entity @s {} merge value {transformation:[-0.2170936669695973f,0.05322711211372328f,-0.7681387988493531f,-0.3875333366341634f,-0.33789366676767024f,0.7105492373890111f,0.14473303425339118f,1.10955944773385f,0.6918801989651043f,0.36371232558428346f,-0.17033829427958935f,0.25261967016039183f,0f,0f,0f,1f],start_interpolation:0}
execute if entity @s[tag=aj.labyria.bone.musket] run data modify entity @s {} merge value {transformation:[0.000010015027887698102f,-0.00001265913477087526f,0.000001926444217709467f,0.47874265137342575f,0.000010847588708648687f,0.000009687162245654973f,0.000007263220421882733f,1.168907009209673f,-0.000006804020846464744f,-0.0000031891783489911405f,0.000014415273352999563f,0.27212093935198467f,0f,0f,0f,1f],start_interpolation:0}
execute if entity @s[tag=aj.labyria.bone.omega_blade] run data modify entity @s {} merge value {transformation:[1.1052506741019004f,-1.3970522494743207f,0.21260088280517828f,0.47874265137342575f,1.197131437581029f,1.069067677314828f,0.8015633463484741f,1.168907009209673f,-0.7508864390079102f,-0.35195523762678294f,1.5908583350363414f,0.27212093935198467f,0f,0f,0f,1f],start_interpolation:0}
execute if entity @s[tag=aj.labyria.bone.arm_right_2] run data modify entity @s {} merge value {transformation:[0.48602968274884883f,0.06551820172686164f,0.8714829388631378f,0.326901191562318f,-0.15538200873103092f,0.9877766803005981f,0.012396016176162948f,1.20641729510869f,-0.8600183596004f,-0.1414376014248267f,0.49026913634597535f,0.5410798718058181f,0f,0f,0f,1f],start_interpolation:0}
execute if entity @s[tag=aj.labyria.bone.arm_right_1] run data modify entity @s {} merge value {transformation:[0.9968900964050054f,0.06551820172686164f,-0.04378927873460975f,0.028423881557561065f,-0.058574073627998616f,0.9877766803005981f,0.14445174887467324f,1.2142276545524218f,0.05271824720379914f,-0.1414376014248267f,0.9885424580234026f,0.45736234856436064f,0f,0f,0f,1f],start_interpolation:0}
execute if entity @s[tag=aj.labyria.bone.arm_left_2] run data modify entity @s {} merge value {transformation:[-0.14121044492425472f,-0.2672000995034872f,-0.9532385415359688f,-0.2139621672696747f,0.5958155980592542f,0.746034686824957f,-0.2973819415554371f,1.106427435036848f,0.7906095011784181f,-0.6099478279978666f,0.05385409703168331f,-0.35412806608712843f,0f,0f,0f,1f],start_interpolation:0}
execute if entity @s[tag=aj.labyria.bone.arm_left_1] run data modify entity @s {} merge value {transformation:[0.22452615964337908f,-0.2672000995034872f,-0.9371190481796444f,-0.13849555712114037f,0.6637391434766944f,0.746034686824957f,-0.05368980788578351f,1.329520117246517f,0.7134692376358072f,-0.6099478279978666f,0.3448554683748907f,-0.11432035327916909f,0f,0f,0f,1f],start_interpolation:0}
execute if entity @s[tag=aj.labyria.bone.himo_right_2] run data modify entity @s {} merge value {transformation:[0.24319741660129468f,-0.17525859724490683f,-0.9540122853769778f,0.16499205740520353f,-0.4626291503615164f,0.8435071740847222f,-0.272891767012835f,0.9382090817728648f,0.8525428351667955f,0.5077204657676836f,0.12405902968510057f,0.15423335904663976f,0f,0f,0f,1f],start_interpolation:0}
execute if entity @s[tag=aj.labyria.bone.himo_right_1] run data modify entity @s {} merge value {transformation:[0.24499850036276868f,0.006258326655986052f,-0.9695032584614978f,0.16010609828781658f,-0.3736962729553125f,0.9233218891025359f,-0.088474768626049f,1.1107789686756775f,0.8946098760908596f,0.38397593993841755f,0.22855119152851877f,0.2276572927321463f,0f,0f,0f,1f],start_interpolation:0}
execute if entity @s[tag=aj.labyria.bone.himo_left_2] run data modify entity @s {} merge value {transformation:[0.24319741660129468f,-0.17525859724490683f,-0.9540122853769778f,0.08424032849076012f,-0.4626291503615164f,0.8435071740847222f,-0.272891767012835f,1.025975271373427f,0.8525428351667955f,0.5077204657676836f,0.12405902968510057f,-0.13461349352462582f,0f,0f,0f,1f],start_interpolation:0}
execute if entity @s[tag=aj.labyria.bone.himo_left_1] run data modify entity @s {} merge value {transformation:[0.24499850036276868f,0.006258326655986052f,-0.9695032584614978f,0.07935436937337316f,-0.3736962729553125f,0.9233218891025359f,-0.088474768626049f,1.1985451582762396f,0.8946098760908596f,0.38397593993841755f,0.22855119152851877f,-0.06118955983911928f,0f,0f,0f,1f],start_interpolation:0}
execute if entity @s[tag=aj.labyria.bone.ribbon_left_himo_1] run data modify entity @s {} merge value {transformation:[-0.9504157822634332f,0.09177506119222403f,-0.2971315852745205f,0.27775675196045785f,0.043862412919909936f,0.9854709457436214f,0.1640826128144462f,1.546378735330726f,0.307873236182409f,0.14291379652901154f,-0.9406326154265726f,0.19062794279223488f,0f,0f,0f,1f],start_interpolation:0}
execute if entity @s[tag=aj.labyria.bone.ribbon_left_himo_2] run data modify entity @s {} merge value {transformation:[-0.9504157822634332f,0.09177506119222403f,-0.2971315852745205f,0.2382939632911856f,0.043862412919909936f,0.9854709457436214f,0.1640826128144462f,1.5681709573451446f,0.307873236182409f,0.14291379652901154f,-0.9406326154265726f,0.06570017355589321f,0f,0f,0f,1f],start_interpolation:0}
execute if entity @s[tag=aj.labyria.bone.ribbon_left] run data modify entity @s {} merge value {transformation:[-0.9504157822634332f,0.09177506119222403f,-0.2971315852745205f,0.2673327519871006f,0.043862412919909936f,0.9854709457436214f,0.1640826128144462f,1.6626616221670014f,0.307873236182409f,0.14291379652901154f,-0.9406326154265726f,0.14360751235005373f,0f,0f,0f,1f],start_interpolation:0}
execute if entity @s[tag=aj.labyria.bone.ribbon_right_himo_1] run data modify entity @s {} merge value {transformation:[-0.9504157822634332f,0.09177506119222403f,-0.2971315852745205f,-0.293502534166257f,0.043862412919909936f,0.9854709457436214f,0.1640826128144462f,1.572742786896399f,0.307873236182409f,0.14291379652901154f,-0.9406326154265726f,0.37567899981512415f,0f,0f,0f,1f],start_interpolation:0}
execute if entity @s[tag=aj.labyria.bone.ribbon_right_himo_2] run data modify entity @s {} merge value {transformation:[-0.9504157822634332f,0.09177506119222403f,-0.2971315852745205f,-0.33296532283552926f,0.043862412919909936f,0.9854709457436214f,0.1640826128144462f,1.5945350089108177f,0.307873236182409f,0.14291379652901154f,-0.9406326154265726f,0.25075123057878246f,0f,0f,0f,1f],start_interpolation:0}
execute if entity @s[tag=aj.labyria.bone.ribbon_right] run data modify entity @s {} merge value {transformation:[-0.9504157822634332f,0.09177506119222403f,-0.2971315852745205f,-0.30291671737095927f,0.043862412919909936f,0.9854709457436214f,0.1640826128144462f,1.6889790699189473f,0.307873236182409f,0.14291379652901154f,-0.9406326154265726f,0.32833145405949915f,0f,0f,0f,1f],start_interpolation:0}
execute if entity @s[tag=aj.labyria.bone.crown] run data modify entity @s {} merge value {transformation:[-0.9069320014764112f,0.2986422035316524f,-0.2971315852745205f,0.1734540081194646f,0.25961674956152375f,0.951670131673309f,0.1640826128144462f,1.943377444902635f,0.33177324793463914f,0.07167143608625107f,-0.9406326154265726f,0.24011894428740146f,0f,0f,0f,1f],start_interpolation:0}
execute if entity @s[tag=aj.labyria.bone.ear_edge_a1] run data modify entity @s {} merge value {transformation:[-0.92435780425756f,0.23932294236113766f,-0.2971315852745205f,0.19340988005391982f,0.19748401404145838f,0.9664765700057386f,0.1640826128144462f,1.942622797708137f,0.3264394490655428f,0.09299230553949073f,-0.9406326154265726f,0.2157946555357615f,0f,0f,0f,1f],start_interpolation:0}
execute if entity @s[tag=aj.labyria.bone.ear_edge_a2] run data modify entity @s {} merge value {transformation:[-0.9504157822634333f,0.09177506119222403f,-0.2971315852745205f,0.08486107921943123f,0.043862412919909916f,0.9854709457436214f,0.1640826128144462f,1.9576060581795975f,0.307873236182409f,0.14291379652901154f,-0.9406326154265726f,0.2526972349583289f,0f,0f,0f,1f],start_interpolation:0}
execute if entity @s[tag=aj.labyria.bone.ear_edge_b1] run data modify entity @s {} merge value {transformation:[-0.8999819749430689f,0.3189753373065438f,-0.2971315852745205f,0.06323569445960175f,0.28096651105303583f,0.9455869689450404f,0.1640826128144462f,1.9543288661415004f,0.33330206186619565f,0.06418736909632464f,-0.9406326154265726f,0.25895669750193184f,0f,0f,0f,1f],start_interpolation:0}
execute if entity @s[tag=aj.labyria.bone.ear_edge_b2] run data modify entity @s {} merge value {transformation:[-0.9545025218319905f,0.02525384819429674f,-0.2971315852745205f,0.09181770710973514f,-0.024987411865809078f,0.9861300753045882f,0.1640826128144462f,1.9629080151462703f,0.2971541099574742f,0.16404181701976625f,-0.9406326154265726f,0.25142460747182965f,0f,0f,0f,1f],start_interpolation:0}
execute if entity @s[tag=aj.labyria.bone.ear_right_2] run data modify entity @s {} merge value {transformation:[-0.9388004396496309f,0.17426002279900518f,-0.2971315852745205f,0.14706518135907656f,0.12958495542884763f,0.9778980700965146f,0.1640826128144462f,2.068716426934943f,0.31915744365463733f,0.11553704581476074f,-0.9406326154265726f,0.2192075139487172f,0f,0f,0f,1f],start_interpolation:0}
execute if entity @s[tag=aj.labyria.bone.ear_right_1] run data modify entity @s {} merge value {transformation:[-0.9388004396496309f,0.17426002279900518f,-0.2971315852745205f,0.10785667622930047f,0.12958495542884763f,0.9778980700965146f,0.1640826128144462f,1.8486893611632276f,0.31915744365463733f,0.11553704581476074f,-0.9406326154265726f,0.1932116786403961f,0f,0f,0f,1f],start_interpolation:0}
execute if entity @s[tag=aj.labyria.bone.ear_edge_a3] run data modify entity @s {} merge value {transformation:[-0.95307136946084f,-0.05803262656720773f,-0.2971315852745205f,-0.17770519334702323f,-0.11083922637872923f,0.9801997562067382f,0.1640826128144462f,1.9597500412725786f,0.2817261624517741f,0.18931627554429034f,-0.9406326154265726f,0.33601193388515593f,0f,0f,0f,1f],start_interpolation:0}
execute if entity @s[tag=aj.labyria.bone.ear_edge_a4] run data modify entity @s {} merge value {transformation:[-0.9504157822634333f,0.09177506119222405f,-0.2971315852745205f,-0.06730668767450314f,0.04386241291990994f,0.9854709457436215f,0.1640826128144462f,1.9646287166298888f,0.307873236182409f,0.14291379652901154f,-0.9406326154265726f,0.3019897485198312f,0f,0f,0f,1f],start_interpolation:0}
execute if entity @s[tag=aj.labyria.bone.ear_edge_b3] run data modify entity @s {} merge value {transformation:[-0.9443867684878656f,-0.14087743799947777f,-0.2971315852745205f,-0.0464741816233364f,-0.19584748745235253f,0.9668095251033603f,0.1640826128144462f,1.959392060562243f,0.2641541087389083f,0.21314992289962986f,-0.9406326154265726f,0.29449560081263376f,0f,0f,0f,1f],start_interpolation:0}
execute if entity @s[tag=aj.labyria.bone.ear_edge_b4] run data modify entity @s {} merge value {transformation:[-0.9416987125391488f,0.1578491553172197f,-0.2971315852745205f,-0.07322047674289688f,0.11249854443891744f,0.9800107007941848f,0.1640826128144462f,1.9705246531512246f,0.3170924349479727f,0.12108951438721206f,-0.9406326154265726f,0.30488630361009267f,0f,0f,0f,1f],start_interpolation:0}
execute if entity @s[tag=aj.labyria.bone.ear_left_2] run data modify entity @s {} merge value {transformation:[-0.954797886897471f,0.008591635954473015f,-0.2971315852745205f,-0.1278141512468014f,-0.04219394903619732f,0.9855437924499931f,0.1640826128144462f,2.081402317694453f,0.29424592748388995f,0.16920288695796684f,-0.9406326154265726f,0.30825063725154084f,0f,0f,0f,1f],start_interpolation:0}
execute if entity @s[tag=aj.labyria.bone.ear_left_1] run data modify entity @s {} merge value {transformation:[-0.954797886897471f,0.008591635954473015f,-0.2971315852745205f,-0.12974726933655784f,-0.04219394903619732f,0.9855437924499931f,0.1640826128144462f,1.8596549643932052f,0.29424592748388995f,0.16920288695796684f,-0.9406326154265726f,0.2701799876859984f,0f,0f,0f,1f],start_interpolation:0}
execute if entity @s[tag=aj.labyria.bone.head] run data modify entity @s {} merge value {transformation:[-0.9504157822634332f,0.09177506119222403f,-0.2971315852745205f,-0.04869465337481475f,0.043862412919909936f,0.9854709457436214f,0.1640826128144462f,1.3439907214341589f,0.307873236182409f,0.14291379652901154f,-0.9406326154265726f,0.18784728167415918f,0f,0f,0f,1f],start_interpolation:0}
execute if entity @s[tag=aj.labyria.bone.back_musket] run data modify entity @s {} merge value {transformation:[-1.574274016077858f,-0.19604801356254045f,-0.35480013994539733f,-0.2422382873057236f,-0.046959386112300945f,1.5014807914653634f,-0.6212945272103255f,1.276575490227386f,0.40263231239314046f,-0.591419690121768f,-1.4597145651730083f,0.3284815833711918f,0f,0f,0f,1f],start_interpolation:0}
execute if entity @s[tag=aj.labyria.bone.body_1] run data modify entity @s {} merge value {transformation:[0.258405532526219f,0.12369135811807475f,-0.9580850842627432f,-0.09507891266909278f,-0.280851806721799f,0.9585499476404121f,0.048002713878115694f,0.9845344910690044f,0.9243099282280498f,0.25667576006602016f,0.2824335510763344f,0.09159387164940161f,0f,0f,0f,1f],start_interpolation:0}
execute if entity @s[tag=aj.labyria.bone.belt2] run data modify entity @s {} merge value {transformation:[-0.781391765912659f,0.2016835254415873f,-0.5905511525086964f,0.17512923170641687f,-0.09593274078876246f,0.8962630863571749f,0.43302354356116424f,0.2260048570370707f,0.616622913463855f,0.3950142220211369f,-0.6809845424034111f,-0.202602469278303f,0f,0f,0f,1f],start_interpolation:0}
execute if entity @s[tag=aj.labyria.bone.leg_left_2] run data modify entity @s {} merge value {transformation:[-0.5235853571369785f,0.20754227338060938f,-0.8263077989174202f,0.03440956859918838f,-0.35705249448257464f,0.827140389704871f,0.4339957279774135f,0.36762787548031095f,0.7735450148346339f,0.5222690690428474f,-0.35897510992491344f,-0.14360383820720302f,0f,0f,0f,1f],start_interpolation:0}
execute if entity @s[tag=aj.labyria.bone.leg_left_1] run data modify entity @s {} merge value {transformation:[-0.5235853571369785f,-0.2336973000947473f,-0.819294785605382f,-0.05765479831827082f,-0.35705249448257464f,0.9333094963181868f,-0.03803814225305155f,0.691279022449578f,0.7735450148346339f,0.27261503262057657f,-0.5721093899017636f,-0.05652823996311783f,0f,0f,0f,1f],start_interpolation:0}
execute if entity @s[tag=aj.labyria.bone.belt] run data modify entity @s {} merge value {transformation:[0.11307775662475866f,-0.5698786434714166f,-0.8139113911673006f,0.1090443154736695f,0.28525486955655344f,0.803300041967276f,-0.5228180390629673f,0.5750212756120412f,0.9517578895659261f,-0.17305309673782548f,0.25339602474873857f,0.34203542672870185f,0f,0f,0f,1f],start_interpolation:0}
execute if entity @s[tag=aj.labyria.bone.leg_right_2] run data modify entity @s {} merge value {transformation:[-0.26726324327352907f,0.24483446769199524f,-0.9320013102055664f,0.06554001629587178f,0.1643920100732179f,0.9645903500925059f,0.20625402670615595f,0.3736993618468296f,0.9494975649357936f,-0.09808944865985346f,-0.2980483756751654f,0.2922392105349856f,0f,0f,0f,1f],start_interpolation:0}
execute if entity @s[tag=aj.labyria.bone.leg_right_1] run data modify entity @s {} merge value {transformation:[-0.26726324327352907f,-0.4752881196660589f,-0.838255069832099f,-0.11967212509046521f,0.1643920100732179f,0.8346582562164931f,-0.5256623082871072f,0.6848682697310775f,0.9494975649357936f,-0.2782926492632264f,-0.1449399032256246f,0.18623148228269276f,0f,0f,0f,1f],start_interpolation:0}
execute if entity @s[tag=aj.labyria.bone.skirt_forward_right] run data modify entity @s {} merge value {transformation:[-0.2383754298653642f,-0.20114971807771798f,-0.9501136486514431f,-0.07764641175334064f,0.08541753664625575f,0.9701816859295183f,-0.2268288798196627f,0.8921767291807525f,0.9674094267009127f,-0.1352267991346835f,-0.21408576301566518f,0.08369123089992678f,0f,0f,0f,1f],start_interpolation:0}
execute if entity @s[tag=aj.labyria.bone.skirt_forward_left] run data modify entity @s {} merge value {transformation:[-0.15802698851222807f,-0.26890802432801947f,-0.9501136486514431f,-0.07764641175334064f,-0.24168889098037066f,0.9434697341496627f,-0.2268288798196627f,0.8921767291807525f,0.9573995774379863f,0.1937868292623774f,-0.21408576301566518f,0.08369123089992678f,0f,0f,0f,1f],start_interpolation:0}
execute if entity @s[tag=aj.labyria.bone.skirt_forward] run data modify entity @s {} merge value {transformation:[-0.20107589696524628f,-0.2384377031970075f,-0.9501136486514431f,-0.07764641175334064f,-0.07926894813435431f,0.9707034012206972f,-0.2268288798196627f,0.8921767291807525f,0.9763631074151127f,0.02970468906933265f,-0.21408576301566518f,0.08369123089992678f,0f,0f,0f,1f],start_interpolation:0}
execute if entity @s[tag=aj.labyria.bone.skirt_back_right] run data modify entity @s {} merge value {transformation:[-0.16865578155403962f,0.20672702395523823f,-0.9637526471636831f,-0.07764641175334064f,0.0865976936862256f,0.9770858889800086f,0.19443252043928488f,0.8921767291807525f,0.9818635683212932f,-0.050666587834160295f,-0.18269326774848765f,0.08369123089992678f,0f,0f,0f,1f],start_interpolation:0}
execute if entity @s[tag=aj.labyria.bone.skirt_back_left] run data modify entity @s {} merge value {transformation:[-0.22774663682355265f,0.13896871770493668f,-0.9637526471636831f,-0.07764641175334064f,-0.24286904802034048f,0.9503739372001531f,0.19443252043928488f,0.8921767291807525f,0.9429454358176058f,0.2783470405629006f,-0.18269326774848765f,0.08369123089992678f,0f,0f,0f,1f],start_interpolation:0}
execute if entity @s[tag=aj.labyria.bone.skirt_back] run data modify entity @s {} merge value {transformation:[-0.20107589696524628f,0.17535483667300208f,-0.9637526471636831f,-0.07764641175334064f,-0.07926894813435431f,0.9777077420463132f,0.19443252043928488f,0.8921767291807525f,0.9763631074151127f,0.11549135204890745f,-0.18269326774848765f,0.08369123089992678f,0f,0f,0f,1f],start_interpolation:0}
execute if entity @s[tag=aj.labyria.bone.skirt_right] run data modify entity @s {} merge value {transformation:[-0.19158720145414876f,0.06655749747647492f,-0.9792162395347807f,-0.10853921405004996f,0.12329859313076073f,0.9914261035912402f,0.04326358803736365f,0.9201343953932015f,0.973700057086854f,-0.11244723494848875f,-0.19815099843679015f,0.27803939442664943f,0f,0f,0f,1f],start_interpolation:0}
execute if entity @s[tag=aj.labyria.bone.skirt_left] run data modify entity @s {} merge value {transformation:[-0.20229419285160338f,-0.0627395802501785f,-0.9773130535343064f,-0.039889290940229125f,-0.27857609922442395f,0.9604058638556306f,-0.0039916929520704345f,0.9489173926223244f,0.9388676245773003f,0.27144856187084715f,-0.2117622765716941f,-0.10236678274128777f,0f,0f,0f,1f],start_interpolation:0}
execute if entity @s[tag=aj.labyria.bone.coat_downer] run data modify entity @s {} merge value {transformation:[-0.20107589696524628f,0.18409423635641897f,-0.9621215078148753f,-0.08129447071144698f,-0.07926894813435431f,0.9759028867823082f,0.20329778511245605f,0.7552510030770511f,0.9763631074151127f,0.1171446443944591f,-0.18163759183715528f,0.07182321282350237f,0f,0f,0f,1f],start_interpolation:0}
execute if entity @s[tag=aj.labyria.bone.body_2] run data modify entity @s {} merge value {transformation:[-0.20107589696524628f,0.02653375003623123f,-0.9792162395347807f,-0.07520000000000011f,-0.07926894813435431f,0.9959140002087561f,0.04326358803736365f,0.9839999999999998f,0.9763631074151127f,0.08632070607454778f,-0.19815099843679015f,0.09165000000000008f,0f,0f,0f,1f],start_interpolation:0}
execute if entity @s[tag=aj.labyria.bone.sphere] run data modify entity @s {} merge value {transformation:[-0.07114926746876699f,0f,-0.9974656794790776f,-0.8681575602477971f,0f,1f,0f,1.9527499999999998f,0.9974656794790776f,0f,-0.07114926746876699f,-0.7088183364417743f,0f,0f,0f,1f],start_interpolation:0}