execute if entity @s[tag=aj.labyria.bone.wing_right_1] run data modify entity @s {} merge value {transformation:[0.4183618158523206f,-0.019334749015718578f,-0.7011019918397696f,-0.374165077549568f,-0.09187568908872601f,0.8078110184318585f,-0.07710162578700627f,1.2089377902584681f,0.6953248832277362f,0.11837216913205137f,0.41165007079284266f,-0.03585663575029034f,0f,0f,0f,1f],start_interpolation:0}
execute if entity @s[tag=aj.labyria.bone.wing_right_2] run data modify entity @s {} merge value {transformation:[0.3713797525547386f,-0.17433121424593256f,-0.6867937879246724f,-0.374165077549568f,0.21967721588708367f,0.7655308115438434f,-0.07552812321992451f,1.2089377902584681f,0.6736608940798634f,-0.15352916438437106f,0.4032490489399275f,-0.03585663575029034f,0f,0f,0f,1f],start_interpolation:0}
execute if entity @s[tag=aj.labyria.bone.wing_left_1] run data modify entity @s {} merge value {transformation:[-0.39379846477069874f,-0.023665930548022972f,-0.7150574363783523f,-0.3728445962351914f,0.10185977148890715f,0.8060505553270901f,-0.08277399140769771f,1.2094745164651988f,0.708160857814743f,-0.12910023405335155f,-0.38572758971961213f,0.03959221851565796f,0f,0f,0f,1f],start_interpolation:0}
execute if entity @s[tag=aj.labyria.bone.wing_left_2] run data modify entity @s {} merge value {transformation:[-0.3475256640037071f,-0.1690428901319568f,-0.7004644274726717f,-0.3728445962351914f,-0.20998142214610238f,0.7676803172663057f,-0.08108472627692838f,1.2094745164651988f,0.6892994379892404f,0.14863186662939826f,-0.3778555980926813f,0.03959221851565796f,0f,0f,0f,1f],start_interpolation:0}
execute if entity @s[tag=aj.labyria.bone.musket] run data modify entity @s {} merge value {transformation:[0.000005385484285698621f,-0.00001509662193561547f,-0.0000027118682128907175f,0.2772094140340521f,0.000010474889198334828f,0.00000152039475752436f,0.000012338183015598395f,1.6746482686579882f,-0.000011204415172314953f,-0.000005834901025457614f,0.000010231357423724978f,0.07229091108681784f,0f,0f,0f,1f],start_interpolation:0}
execute if entity @s[tag=aj.labyria.bone.omega_blade] run data modify entity @s {} merge value {transformation:[0.594337849467706f,-1.6660514337155394f,-0.29927966292082814f,0.2772094140340521f,1.1560006100255882f,0.1677895807678104f,1.361632263843559f,1.6746482686579882f,-1.2365105280765207f,-0.6439351306876062f,1.1291246331365579f,0.07229091108681784f,0f,0f,0f,1f],start_interpolation:0}
execute if entity @s[tag=aj.labyria.bone.arm_right_2] run data modify entity @s {} merge value {transformation:[0.41501567548604523f,-0.6184780016598366f,0.6672682748068551f,0.15493008058076438f,-0.0665996044102258f,0.7107922705006542f,0.7002419873793102f,1.6875822926956918f,-0.9073733971156875f,-0.33505120453354553f,0.2537995440251167f,0.35809194930206256f,0f,0f,0f,1f],start_interpolation:0}
execute if entity @s[tag=aj.labyria.bone.arm_right_1] run data modify entity @s {} merge value {transformation:[0.7601119896763985f,-0.6184780016598366f,-0.19928553538338334f,-0.06274823956401981f,0.6492841875217146f,0.7107922705006542f,0.27056310175408527f,1.467530836776515f,-0.025686708322660356f,-0.33505120453354553f,0.941849713784618f,0.29308212024541364f,0f,0f,0f,1f],start_interpolation:0}
execute if entity @s[tag=aj.labyria.bone.arm_left_2] run data modify entity @s {} merge value {transformation:[-0.5390864064985661f,-0.047357418203599594f,-0.8409180229187339f,0.03728339729677249f,0.8053636416250326f,0.2632527049660285f,-0.5311190243971078f,1.1636975034139252f,0.2465263699423031f,-0.963563847531215f,-0.10377601193875287f,-0.39096574372981896f,0f,0f,0f,1f],start_interpolation:0}
execute if entity @s[tag=aj.labyria.bone.arm_left_1] run data modify entity @s {} merge value {transformation:[-0.33374228938105316f,-0.047357418203599594f,-0.941474035340212f,-0.07319268801299084f,0.905039343668924f,0.2632527049660285f,-0.33406855544841796f,1.4632855595913108f,0.26366621074763624f,-0.963563847531215f,-0.0449982337522767f,-0.30368639161091554f,0f,0f,0f,1f],start_interpolation:0}
execute if entity @s[tag=aj.labyria.bone.himo_right_2] run data modify entity @s {} merge value {transformation:[0.017498552375239396f,-0.3655891832393853f,-0.9306118147558251f,0.20243715583983013f,0.00711250627887617f,0.9307762885942412f,-0.3655200580613364f,1.1516719084567673f,0.9998215905446352f,-0.00022291049546028152f,0.01888749299687664f,0.1484750090497537f,0f,0f,0f,1f],start_interpolation:0}
execute if entity @s[tag=aj.labyria.bone.himo_right_1] run data modify entity @s {} merge value {transformation:[0.017498552375239396f,-0.24099230048146703f,-0.9703692656784948f,0.1511862915890645f,0.00711250627887617f,0.9705233097741457f,-0.2409022985350507f,1.3321393896735756f,0.9998215905446352f,-0.0026863160067355845f,0.018696812217808858f,0.14808817987485207f,0f,0f,0f,1f],start_interpolation:0}
execute if entity @s[tag=aj.labyria.bone.himo_left_2] run data modify entity @s {} merge value {transformation:[0.017498552375239396f,-0.3655891832393853f,-0.9306118147558251f,0.19696885822256782f,0.00711250627887617f,0.9307762885942412f,-0.3655200580613364f,1.1494492502446185f,0.9998215905446352f,-0.00022291049546028152f,0.01888749299687664f,-0.16396923799544477f,0f,0f,0f,1f],start_interpolation:0}
execute if entity @s[tag=aj.labyria.bone.himo_left_1] run data modify entity @s {} merge value {transformation:[0.017498552375239396f,-0.24099230048146703f,-0.9703692656784948f,0.14571799397180218f,0.00711250627887617f,0.9705233097741457f,-0.2409022985350507f,1.3299167314614269f,0.9998215905446352f,-0.0026863160067355845f,0.018696812217808858f,-0.1643560671703464f,0f,0f,0f,1f],start_interpolation:0}
execute if entity @s[tag=aj.labyria.bone.ribbon_left_himo_1] run data modify entity @s {} merge value {transformation:[-0.9744336973893065f,-0.11225022787358528f,-0.19462491036487034f,0.208672885979506f,-0.08596988855523528f,0.9866098128956786f,-0.1386010655072842f,1.756676093426417f,0.20757684758663736f,-0.11832566687021985f,-0.9710359874411f,-0.030545954305967654f,0f,0f,0f,1f],start_interpolation:0}
execute if entity @s[tag=aj.labyria.bone.ribbon_left_himo_2] run data modify entity @s {} merge value {transformation:[-0.9744336973893065f,-0.11225022787358528f,-0.19462491036487034f,0.18282426507167165f,-0.08596988855523528f,0.9866098128956786f,-0.1386010655072842f,1.7382681394137307f,0.20757684758663736f,-0.11832566687021985f,-0.9710359874411f,-0.15951167138798875f,0f,0f,0f,1f],start_interpolation:0}
execute if entity @s[tag=aj.labyria.bone.ribbon_left] run data modify entity @s {} merge value {transformation:[-0.9744336973893065f,-0.11225022787358528f,-0.19462491036487034f,0.1832294640415691f,-0.08596988855523528f,0.9866098128956786f,-0.1386010655072842f,1.8529116829559196f,0.20757684758663736f,-0.11832566687021985f,-0.9710359874411f,-0.10756954818075273f,0f,0f,0f,1f],start_interpolation:0}
execute if entity @s[tag=aj.labyria.bone.ribbon_right_himo_1] run data modify entity @s {} merge value {transformation:[-0.9744336973893065f,-0.11225022787358528f,-0.19462491036487034f,-0.37702266825755404f,-0.08596988855523528f,0.9866098128956786f,-0.1386010655072842f,1.7050028172866858f,0.20757684758663736f,-0.11832566687021985f,-0.9710359874411f,0.09422070464657559f,0f,0f,0f,1f],start_interpolation:0}
execute if entity @s[tag=aj.labyria.bone.ribbon_right_himo_2] run data modify entity @s {} merge value {transformation:[-0.9744336973893065f,-0.11225022787358528f,-0.19462491036487034f,-0.4028712891653884f,-0.08596988855523528f,0.9866098128956786f,-0.1386010655072842f,1.6865948632739995f,0.20757684758663736f,-0.11832566687021985f,-0.9710359874411f,-0.03474501243544552f,0f,0f,0f,1f],start_interpolation:0}
execute if entity @s[tag=aj.labyria.bone.ribbon_right] run data modify entity @s {} merge value {transformation:[-0.9744336973893065f,-0.11225022787358528f,-0.19462491036487034f,-0.40143075439201475f,-0.08596988855523528f,0.9866098128956786f,-0.1386010655072842f,1.8013297498227783f,0.20757684758663736f,-0.11832566687021985f,-0.9710359874411f,0.016976560371229684f,0f,0f,0f,1f],start_interpolation:0}
execute if entity @s[tag=aj.labyria.bone.crown] run data modify entity @s {} merge value {transformation:[-0.9756311239497163f,0.10131660399993571f,-0.19462491036487034f,0.026844348468265028f,0.12960938808166272f,0.9818305104045925f,-0.1386010655072842f,2.1231604522074177f,0.17704608581301806f,-0.16044872885933925f,-0.9710359874411f,-0.09747049226789532f,0f,0f,0f,1f],start_interpolation:0}
execute if entity @s[tag=aj.labyria.bone.ear_edge_a1] run data modify entity @s {} merge value {transformation:[-0.979996605942477f,0.04156677286838286f,-0.19462491036487034f,0.04978049056626768f,0.0694283217155085f,0.9879116624395186f,-0.1386010655072842f,2.1195896314165386f,0.18651101974144427f,-0.14934105466781367f,-0.9710359874411f,-0.1188866913609796f,0f,0f,0f,1f],start_interpolation:0}
execute if entity @s[tag=aj.labyria.bone.ear_edge_a2] run data modify entity @s {} merge value {transformation:[-0.9744336973893065f,-0.11225022787358528f,-0.19462491036487034f,-0.06359085503906967f,-0.0859698885552353f,0.9866098128956786f,-0.1386010655072842f,2.1196296334890983f,0.20757684758663736f,-0.11832566687021986f,-0.9710359874411f,-0.09616936272248536f,0f,0f,0f,1f],start_interpolation:0}
execute if entity @s[tag=aj.labyria.bone.ear_edge_b1] run data modify entity @s {} merge value {transformation:[-0.9726446400248342f,0.1268209308293675f,-0.19462491036487034f,-0.0848713905588499f,0.1552663006993876f,0.9781012833584122f,-0.1386010655072842f,2.113447524985128f,0.17278535845981974f,-0.1650282733236942f,-0.9710359874411f,-0.09102169650986856f,0f,0f,0f,1f],start_interpolation:0}
execute if entity @s[tag=aj.labyria.bone.ear_edge_b2] run data modify entity @s {} merge value {transformation:[-0.9642298458038968f,-0.17994985058749005f,-0.19462491036487034f,-0.057630771628118804f,-0.1545828917365f,0.978209524704512f,-0.1386010655072842f,2.125817147678549f,0.2153251820929808f,-0.10355760257418564f,-0.9710359874411f,-0.0982471196596299f,0f,0f,0f,1f],start_interpolation:0}
execute if entity @s[tag=aj.labyria.bone.ear_right_2] run data modify entity @s {} merge value {transformation:[-0.9805089349650797f,-0.026895589212944132f,-0.19462491036487034f,-0.01916110360981572f,0.00034596387078730806f,0.990348234182929f,-0.1386010655072842f,2.2297884448702128f,0.1964741936302205f,-0.13596691631291394f,-0.9710359874411f,-0.15298009449285305f,0f,0f,0f,1f],start_interpolation:0}
execute if entity @s[tag=aj.labyria.bone.ear_right_1] run data modify entity @s {} merge value {transformation:[-0.9805089349650797f,-0.026895589212944132f,-0.19462491036487034f,-0.013109596036903301f,0.00034596387078730806f,0.990348234182929f,-0.1386010655072842f,2.006960092179054f,0.1964741936302205f,-0.13596691631291394f,-0.9710359874411f,-0.12238753832244745f,0f,0f,0f,1f],start_interpolation:0}
execute if entity @s[tag=aj.labyria.bone.ear_edge_a3] run data modify entity @s {} merge value {transformation:[-0.9448769972463804f,-0.2633032554681579f,-0.19462491036487034f,-0.330713015412519f,-0.23925123485204702f,0.9610143553881058f,-0.1386010655072842f,2.086020406139718f,0.2235314445361871f,-0.08439670845390734f,-0.9710359874411f,-0.03783280056279523f,0f,0f,0f,1f],start_interpolation:0}
execute if entity @s[tag=aj.labyria.bone.ear_edge_a4] run data modify entity @s {} merge value {transformation:[-0.9744336973893066f,-0.11225022787358528f,-0.19462491036487034f,-0.2196040468284623f,-0.08596988855523527f,0.9866098128956787f,-0.1386010655072842f,2.105865293496326f,0.2075768475866374f,-0.11832566687021985f,-0.9710359874411f,-0.06293495527091998f,0f,0f,0f,1f],start_interpolation:0}
execute if entity @s[tag=aj.labyria.bone.ear_edge_b3] run data modify entity @s {} merge value {transformation:[-0.9183330642074895f,-0.34465276358786057f,-0.19462491036487034f,-0.19735374005963768f,-0.3220987316065246f,0.936505286550863f,-0.1386010655072842f,2.103523714799867f,0.23003649771449652f,-0.06459350442216896f,-0.9710359874411f,-0.06706036226920387f,0f,0f,0f,1f],start_interpolation:0}
execute if entity @s[tag=aj.labyria.bone.ear_edge_b4] run data modify entity @s {} merge value {transformation:[-0.9798902059507685f,-0.04400373333283386f,-0.19462491036487034f,-0.22683962811295483f,-0.016938048718592447f,0.9902034372520894f,-0.1386010655072842f,2.110888613727461f,0.19881721954440362f,-0.13251726041131678f,-0.9710359874411f,-0.06220173134130157f,0f,0f,0f,1f],start_interpolation:0}
execute if entity @s[tag=aj.labyria.bone.ear_left_2] run data modify entity @s {} merge value {transformation:[-0.9609424309972474f,-0.19675057452156772f,-0.19462491036487034f,-0.30098689965158265f,-0.17163145821931455f,0.9753626952009993f,-0.1386010655072842f,2.2049242264604696f,0.21709971639459247f,-0.0997838876556523f,-0.9710359874411f,-0.09294470114830984f,0f,0f,0f,1f],start_interpolation:0}
execute if entity @s[tag=aj.labyria.bone.ear_left_1] run data modify entity @s {} merge value {transformation:[-0.9609424309972474f,-0.19675057452156772f,-0.19462491036487034f,-0.25671802038423f,-0.17163145821931455f,0.9753626952009993f,-0.1386010655072842f,1.9854676200402452f,0.21709971639459247f,-0.0997838876556523f,-0.9710359874411f,-0.07049332642578811f,0f,0f,0f,1f],start_interpolation:0}
execute if entity @s[tag=aj.labyria.bone.head] run data modify entity @s {} merge value {transformation:[-0.9744336973893065f,-0.11225022787358528f,-0.19462491036487034f,-0.07130353797645195f,-0.08596988855523528f,0.9866098128956786f,-0.1386010655072842f,1.4949076102977168f,0.20757684758663736f,-0.11832566687021985f,-0.9710359874411f,-0.005453653495595702f,0f,0f,0f,1f],start_interpolation:0}
execute if entity @s[tag=aj.labyria.bone.back_musket] run data modify entity @s {} merge value {transformation:[-1.5943232630948734f,-0.25191980317920215f,0.19320037822340555f,-0.28416035853102845f,-0.317355092435275f,1.237524578688519f,-1.005224006414591f,1.4185898017920975f,0.008701648402055057f,-1.0235848623992811f,-1.2628756674380626f,0.09774287985680272f,0f,0f,0f,1f],start_interpolation:0}
execute if entity @s[tag=aj.labyria.bone.body_1] run data modify entity @s {} merge value {transformation:[0.017498552375239396f,-0.11227197264662225f,-0.9935234294282179f,-0.029201548233968595f,0.00711250627887617f,0.9936644080439178f,-0.11216263389009484f,1.1222834572812477f,0.9998215905446352f,-0.005103757906348138f,0.0181862237979587f,-0.00353974428071515f,0f,0f,0f,1f],start_interpolation:0}
execute if entity @s[tag=aj.labyria.bone.belt2] run data modify entity @s {} merge value {transformation:[-0.869209219681754f,0.09988036197027741f,-0.4842512216948166f,0.3080261879174523f,0.09139412458363586f,0.9949633833199785f,0.0411701329127397f,0.33340114773455765f,0.48592432169199673f,-0.008472257382077374f,-0.8739598242728466f,-0.003859383212578213f,0f,0f,0f,1f],start_interpolation:0}
execute if entity @s[tag=aj.labyria.bone.leg_left_2] run data modify entity @s {} merge value {transformation:[-0.631750628151544f,0.0869758360285113f,-0.7702767994541124f,0.15432525134588487f,-0.05065244643310703f,0.9869299485715071f,0.15298237245834417f,0.47106802612315757f,0.773515011813262f,0.13566311421968696f,-0.6190880760762117f,-0.03149620824751051f,0f,0f,0f,1f],start_interpolation:0}
execute if entity @s[tag=aj.labyria.bone.leg_left_1] run data modify entity @s {} merge value {transformation:[-0.631750628151544f,-0.23843339908261033f,-0.7375911184606564f,0.06470383131813891f,-0.05065244643310703f,0.9621835991888448f,-0.2676509875235689f,0.8134981953160993f,0.773515011813262f,-0.13172788487603182f,-0.6199373281595617f,-0.08226893016815222f,0f,0f,0f,1f],start_interpolation:0}
execute if entity @s[tag=aj.labyria.bone.belt] run data modify entity @s {} merge value {transformation:[0.02946737512114528f,-0.15500843926639618f,-0.9874735730943212f,0.10199663771389553f,0.20499416998935815f,0.9678414146324016f,-0.145809418052216f,0.6485786922960328f,0.9783195102183355f,-0.1981297046849556f,0.06029557237151367f,0.3309983433316656f,0f,0f,0f,1f],start_interpolation:0}
execute if entity @s[tag=aj.labyria.bone.leg_right_2] run data modify entity @s {} merge value {transformation:[-0.3590063983086142f,0.2148025697349167f,-0.9082809378208666f,-0.009277872599421429f,0.25059140845783945f,0.9596079664625129f,0.12789252014405225f,0.45378523781975866f,0.8990652656957631f,-0.1816931664564102f,-0.3983330783181962f,0.2643906149047222f,0f,0f,0f,1f],start_interpolation:0}
execute if entity @s[tag=aj.labyria.bone.leg_right_1] run data modify entity @s {} merge value {transformation:[-0.3590063983086142f,-0.037206706103928996f,-0.9325931948038075f,-0.02839992907669104f,0.25059140845783945f,0.9586741783302274f,-0.13471364374100964f,0.8439362590843476f,0.8990652656957631f,-0.28206290224657204f,-0.33484648302714454f,0.14801037139354264f,0f,0f,0f,1f],start_interpolation:0}
execute if entity @s[tag=aj.labyria.bone.skirt_forward_right] run data modify entity @s {} merge value {transformation:[-0.37543949916495417f,-0.20120550041875435f,-0.9047439024762791f,0.00612499221171579f,0.1645128571699977f,0.9461859219863025f,-0.278689290897039f,1.0382815386311837f,0.9121297617622903f,-0.25347297220052695f,-0.3221346769152593f,0.009931914630700884f,0f,0f,0f,1f],start_interpolation:0}
execute if entity @s[tag=aj.labyria.bone.skirt_forward_left] run data modify entity @s {} merge value {transformation:[-0.33479676108038775f,-0.2633431216152697f,-0.9047439024762791f,0.00612499221171579f,-0.002289923875822039f,0.9603785896134651f,-0.278689290897039f,1.0382815386311837f,0.9422875808471238f,-0.09123247727633377f,-0.3221346769152593f,0.009931914630700884f,0f,0f,0f,1f],start_interpolation:0}
execute if entity @s[tag=aj.labyria.bone.skirt_forward] run data modify entity @s {} merge value {transformation:[-0.35647462368843685f,-0.23316156115058995f,-0.9047439024762791f,0.00612499221171579f,0.08142129927258233f,0.9569236391499951f,-0.278689290897039f,1.0382815386311837f,0.930750457797874f,-0.17301108414708444f,-0.3221346769152593f,0.009931914630700884f,0f,0f,0f,1f],start_interpolation:0}
execute if entity @s[tag=aj.labyria.bone.skirt_back_right] run data modify entity @s {} merge value {transformation:[-0.3541186594805182f,0.042492812313138506f,-0.9342346257281632f,0.00612499221171579f,0.1679623187856515f,0.9856134486695932f,-0.018835850651838737f,1.0382815386311837f,0.9199938230639748f,-0.16358634021015195f,-0.35616130449668504f,0.009931914630700884f,0f,0f,0f,1f],start_interpolation:0}
execute if entity @s[tag=aj.labyria.bone.skirt_back_left] run data modify entity @s {} merge value {transformation:[-0.35611760076482374f,-0.019644808883376812f,-0.9342346257281632f,0.00612499221171579f,-0.005739385491475846f,0.9998061162967559f,-0.018835850651838737f,1.0382815386311837f,0.9344235195454393f,-0.001345845285958755f,-0.35616130449668504f,0.009931914630700884f,0f,0f,0f,1f],start_interpolation:0}
execute if entity @s[tag=aj.labyria.bone.skirt_back] run data modify entity @s {} merge value {transformation:[-0.35647462368843685f,0.011467639545526612f,-0.9342346257281632f,0.00612499221171579f,0.08142129927258233f,0.996501772579952f,-0.018835850651838737f,1.0382815386311837f,0.930750457797874f,-0.08278109982518754f,-0.35616130449668504f,0.009931914630700884f,0f,0f,0f,1f],start_interpolation:0}
execute if entity @s[tag=aj.labyria.bone.skirt_right] run data modify entity @s {} merge value {transformation:[-0.36180957087487897f,-0.032679952507642496f,-0.9316790515662752f,-0.06469196390269479f,0.18369165379029795f,0.9772936316505081f,-0.10561502669197337f,1.0788336186134797f,0.9139754978942933f,-0.20935419326934718f,-0.34759115496430515f,0.18742712593455302f,0f,0f,0f,1f],start_interpolation:0}
execute if entity @s[tag=aj.labyria.bone.skirt_left] run data modify entity @s {} merge value {transformation:[-0.3473007704963317f,-0.10656603438816808f,-0.9316790515662752f,0.07344195277657449f,-0.021725888248089464f,0.9941697299338204f,-0.10561502669197337f,1.047282865145354f,0.937502085647006f,-0.01643862518869811f,-0.34759115496430515f,-0.17323867646212315f,0f,0f,0f,1f],start_interpolation:0}
execute if entity @s[tag=aj.labyria.bone.coat_downer] run data modify entity @s {} merge value {transformation:[-0.35647462368843685f,-0.10247239892452267f,-0.9286685361983794f,0.016078104555753966f,0.08142129927258233f,0.9867784867265701f,-0.14013846780375758f,0.8973640389068571f,0.930750457797874f,-0.12556920638545782f,-0.34341805385968627f,0.02607127590558985f,0f,0f,0f,1f],start_interpolation:0}
execute if entity @s[tag=aj.labyria.bone.body_2] run data modify entity @s {} merge value {transformation:[-0.35647462368843685f,-0.06999991099103767f,-0.9316790515662752f,0f,0.08142129927258233f,0.9910681299293295f,-0.10561502669197337f,1.125f,0.930750457797874f,-0.11350759577943878f,-0.34759115496430515f,0f,0f,0f,0f,1f],start_interpolation:0}
execute if entity @s[tag=aj.labyria.bone.sphere] run data modify entity @s {} merge value {transformation:[-0.03950708075720871f,0f,-0.9992192905313846f,-0.7857388515355259f,0f,1f,0f,2.0959382233796298f,0.9992192905313846f,0f,-0.03950708075720871f,-0.7850548363695056f,0f,0f,0f,1f],start_interpolation:0}